2018/10/25-10:23:40.628491 7f97ad4ca700 RocksDB version: 5.14.3
2018/10/25-10:23:40.628549 7f97ad4ca700 Git sha rocksdb_build_git_sha:
2018/10/25-10:23:40.628552 7f97ad4ca700 Compile date Oct 15 2018
2018/10/25-10:23:40.628555 7f97ad4ca700 DB SUMMARY
2018/10/25-10:23:40.628694 7f97ad4ca700 CURRENT file:  CURRENT
2018/10/25-10:23:40.628696 7f97ad4ca700 IDENTITY file:  IDENTITY
2018/10/25-10:23:40.628703 7f97ad4ca700 MANIFEST file:  MANIFEST-000890 size: 57242 Bytes
2018/10/25-10:23:40.628706 7f97ad4ca700 SST files in /mnt/sdb1/ycsb-rocksdb-data dir, Total Num: 207, files: 000056.sst 000065.sst 000113.sst 000115.sst 000137.sst 000179.sst 000186.sst 000191.sst 000194.sst 
2018/10/25-10:23:40.628707 7f97ad4ca700 Write Ahead Log file in /mnt/sdb1/ycsb-rocksdb-data: 001508.log size: 129753321 ; 001571.log size: 77641011 ; 
2018/10/25-10:23:40.628710 7f97ad4ca700                         Options.error_if_exists: 0
2018/10/25-10:23:40.628711 7f97ad4ca700                       Options.create_if_missing: 1
2018/10/25-10:23:40.628712 7f97ad4ca700                         Options.paranoid_checks: 1
2018/10/25-10:23:40.628713 7f97ad4ca700                                     Options.env: 0x7f97acfa83e0
2018/10/25-10:23:40.628714 7f97ad4ca700                                Options.info_log: 0x7f97583e9910
2018/10/25-10:23:40.628715 7f97ad4ca700                Options.max_file_opening_threads: 16
2018/10/25-10:23:40.628716 7f97ad4ca700                              Options.statistics: (nil)
2018/10/25-10:23:40.628717 7f97ad4ca700                               Options.use_fsync: 0
2018/10/25-10:23:40.628718 7f97ad4ca700                       Options.max_log_file_size: 0
2018/10/25-10:23:40.628719 7f97ad4ca700                  Options.max_manifest_file_size: 18446744073709551615
2018/10/25-10:23:40.628720 7f97ad4ca700                   Options.log_file_time_to_roll: 0
2018/10/25-10:23:40.628721 7f97ad4ca700                       Options.keep_log_file_num: 1000
2018/10/25-10:23:40.628721 7f97ad4ca700                    Options.recycle_log_file_num: 0
2018/10/25-10:23:40.628722 7f97ad4ca700                         Options.allow_fallocate: 1
2018/10/25-10:23:40.628723 7f97ad4ca700                        Options.allow_mmap_reads: 0
2018/10/25-10:23:40.628724 7f97ad4ca700                       Options.allow_mmap_writes: 0
2018/10/25-10:23:40.628725 7f97ad4ca700                        Options.use_direct_reads: 0
2018/10/25-10:23:40.628726 7f97ad4ca700                        Options.use_direct_io_for_flush_and_compaction: 0
2018/10/25-10:23:40.628727 7f97ad4ca700          Options.create_missing_column_families: 1
2018/10/25-10:23:40.628727 7f97ad4ca700                              Options.db_log_dir: 
2018/10/25-10:23:40.628728 7f97ad4ca700                                 Options.wal_dir: /mnt/sdb1/ycsb-rocksdb-data
2018/10/25-10:23:40.628729 7f97ad4ca700                Options.table_cache_numshardbits: 6
2018/10/25-10:23:40.628730 7f97ad4ca700                      Options.max_subcompactions: 4
2018/10/25-10:23:40.628731 7f97ad4ca700                  Options.max_background_flushes: 24
2018/10/25-10:23:40.628732 7f97ad4ca700                         Options.WAL_ttl_seconds: 0
2018/10/25-10:23:40.628732 7f97ad4ca700                       Options.WAL_size_limit_MB: 0
2018/10/25-10:23:40.628733 7f97ad4ca700             Options.manifest_preallocation_size: 4194304
2018/10/25-10:23:40.628734 7f97ad4ca700                     Options.is_fd_close_on_exec: 1
2018/10/25-10:23:40.628735 7f97ad4ca700                   Options.advise_random_on_open: 1
2018/10/25-10:23:40.628736 7f97ad4ca700                    Options.db_write_buffer_size: 0
2018/10/25-10:23:40.628737 7f97ad4ca700                    Options.write_buffer_manager: 0x7f97583e65f0
2018/10/25-10:23:40.628737 7f97ad4ca700         Options.access_hint_on_compaction_start: 1
2018/10/25-10:23:40.628738 7f97ad4ca700  Options.new_table_reader_for_compaction_inputs: 0
2018/10/25-10:23:40.628739 7f97ad4ca700           Options.random_access_max_buffer_size: 1048576
2018/10/25-10:23:40.628740 7f97ad4ca700                      Options.use_adaptive_mutex: 0
2018/10/25-10:23:40.628741 7f97ad4ca700                            Options.rate_limiter: (nil)
2018/10/25-10:23:40.628752 7f97ad4ca700     Options.sst_file_manager.rate_bytes_per_sec: 0
2018/10/25-10:23:40.628753 7f97ad4ca700                       Options.wal_recovery_mode: 2
2018/10/25-10:23:40.628754 7f97ad4ca700                  Options.enable_thread_tracking: 0
2018/10/25-10:23:40.628755 7f97ad4ca700                  Options.enable_pipelined_write: 1
2018/10/25-10:23:40.628756 7f97ad4ca700         Options.allow_concurrent_memtable_write: 1
2018/10/25-10:23:40.628756 7f97ad4ca700      Options.enable_write_thread_adaptive_yield: 1
2018/10/25-10:23:40.628757 7f97ad4ca700             Options.write_thread_max_yield_usec: 100
2018/10/25-10:23:40.628758 7f97ad4ca700            Options.write_thread_slow_yield_usec: 3
2018/10/25-10:23:40.628759 7f97ad4ca700                               Options.row_cache: None
2018/10/25-10:23:40.628760 7f97ad4ca700                              Options.wal_filter: None
2018/10/25-10:23:40.628761 7f97ad4ca700             Options.avoid_flush_during_recovery: 0
2018/10/25-10:23:40.628762 7f97ad4ca700             Options.allow_ingest_behind: 0
2018/10/25-10:23:40.628762 7f97ad4ca700             Options.preserve_deletes: 0
2018/10/25-10:23:40.628763 7f97ad4ca700             Options.two_write_queues: 0
2018/10/25-10:23:40.628764 7f97ad4ca700             Options.manual_wal_flush: 0
2018/10/25-10:23:40.628766 7f97ad4ca700             Options.max_background_jobs: 24
2018/10/25-10:23:40.628767 7f97ad4ca700             Options.max_background_compactions: 24
2018/10/25-10:23:40.628767 7f97ad4ca700             Options.avoid_flush_during_shutdown: 0
2018/10/25-10:23:40.628768 7f97ad4ca700           Options.writable_file_max_buffer_size: 1048576
2018/10/25-10:23:40.628769 7f97ad4ca700             Options.delayed_write_rate : 16777216
2018/10/25-10:23:40.628770 7f97ad4ca700             Options.max_total_wal_size: 0
2018/10/25-10:23:40.628771 7f97ad4ca700             Options.delete_obsolete_files_period_micros: 21600000000
2018/10/25-10:23:40.628772 7f97ad4ca700                   Options.stats_dump_period_sec: 60
2018/10/25-10:23:40.628773 7f97ad4ca700                          Options.max_open_files: -1
2018/10/25-10:23:40.628774 7f97ad4ca700                          Options.bytes_per_sync: 1048576
2018/10/25-10:23:40.628774 7f97ad4ca700                      Options.wal_bytes_per_sync: 0
2018/10/25-10:23:40.628775 7f97ad4ca700       Options.compaction_readahead_size: 0
2018/10/25-10:23:40.628776 7f97ad4ca700 Compression algorithms supported:
2018/10/25-10:23:40.628777 7f97ad4ca700 	kZSTDNotFinalCompression supported: 1
2018/10/25-10:23:40.628784 7f97ad4ca700 	kZSTD supported: 1
2018/10/25-10:23:40.628786 7f97ad4ca700 	kXpressCompression supported: 0
2018/10/25-10:23:40.628787 7f97ad4ca700 	kLZ4HCCompression supported: 1
2018/10/25-10:23:40.628788 7f97ad4ca700 	kLZ4Compression supported: 1
2018/10/25-10:23:40.628789 7f97ad4ca700 	kBZip2Compression supported: 1
2018/10/25-10:23:40.628789 7f97ad4ca700 	kZlibCompression supported: 1
2018/10/25-10:23:40.628790 7f97ad4ca700 	kSnappyCompression supported: 1
2018/10/25-10:23:40.628794 7f97ad4ca700 Fast CRC32 supported: Supported on x86
2018/10/25-10:23:40.629460 7f97ad4ca700 [db/version_set.cc:3085] Recovering from manifest file: MANIFEST-000890
2018/10/25-10:23:40.629545 7f97ad4ca700 [db/column_family.cc:475] --------------- Options for column family [default]:
2018/10/25-10:23:40.629549 7f97ad4ca700               Options.comparator: leveldb.BytewiseComparator
2018/10/25-10:23:40.629550 7f97ad4ca700           Options.merge_operator: None
2018/10/25-10:23:40.629551 7f97ad4ca700        Options.compaction_filter: None
2018/10/25-10:23:40.629552 7f97ad4ca700        Options.compaction_filter_factory: None
2018/10/25-10:23:40.629553 7f97ad4ca700         Options.memtable_factory: SkipListFactory
2018/10/25-10:23:40.629554 7f97ad4ca700            Options.table_factory: BlockBasedTable
2018/10/25-10:23:40.629585 7f97ad4ca700            table_factory options:   flush_block_policy_factory: FlushBlockBySizePolicyFactory (0x7f975838aa60)
  cache_index_and_filter_blocks: 0
  cache_index_and_filter_blocks_with_high_priority: 0
  pin_l0_filter_and_index_blocks_in_cache: 0
  index_type: 0
  hash_index_allow_collision: 1
  checksum: 1
  no_block_cache: 0
  block_cache: 0x7f9758393bf0
  block_cache_name: LRUCache
  block_cache_options:
    capacity : 8388608
    num_shard_bits : 4
    strict_capacity_limit : 0
    high_pri_pool_ratio: 0.000
  block_cache_compressed: (nil)
  persistent_cache: (nil)
  block_size: 8192
  block_size_deviation: 10
  block_restart_interval: 16
  index_block_restart_interval: 1
  metadata_block_size: 4096
  partition_filters: 0
  use_delta_encoding: 1
  filter_policy: nullptr
  whole_key_filtering: 1
  verify_compression: 0
  read_amp_bytes_per_bit: 0
  format_version: 2
  enable_index_compression: 1
  block_align: 0
2018/10/25-10:23:40.629599 7f97ad4ca700        Options.write_buffer_size: 134217728
2018/10/25-10:23:40.629600 7f97ad4ca700  Options.max_write_buffer_number: 24
2018/10/25-10:23:40.629601 7f97ad4ca700        Options.compression[0]: NoCompression
2018/10/25-10:23:40.629602 7f97ad4ca700        Options.compression[1]: NoCompression
2018/10/25-10:23:40.629603 7f97ad4ca700        Options.compression[2]: LZ4
2018/10/25-10:23:40.629604 7f97ad4ca700        Options.compression[3]: LZ4
2018/10/25-10:23:40.629605 7f97ad4ca700        Options.compression[4]: LZ4
2018/10/25-10:23:40.629606 7f97ad4ca700        Options.compression[5]: LZ4
2018/10/25-10:23:40.629607 7f97ad4ca700        Options.compression[6]: LZ4
2018/10/25-10:23:40.629608 7f97ad4ca700                  Options.bottommost_compression: Disabled
2018/10/25-10:23:40.629609 7f97ad4ca700       Options.prefix_extractor: nullptr
2018/10/25-10:23:40.629610 7f97ad4ca700   Options.memtable_insert_with_hint_prefix_extractor: nullptr
2018/10/25-10:23:40.629610 7f97ad4ca700             Options.num_levels: 7
2018/10/25-10:23:40.629611 7f97ad4ca700        Options.min_write_buffer_number_to_merge: 2
2018/10/25-10:23:40.629612 7f97ad4ca700     Options.max_write_buffer_number_to_maintain: 0
2018/10/25-10:23:40.629613 7f97ad4ca700            Options.compression_opts.window_bits: -14
2018/10/25-10:23:40.629614 7f97ad4ca700                  Options.compression_opts.level: -1
2018/10/25-10:23:40.629615 7f97ad4ca700               Options.compression_opts.strategy: 0
2018/10/25-10:23:40.629616 7f97ad4ca700         Options.compression_opts.max_dict_bytes: 0
2018/10/25-10:23:40.629617 7f97ad4ca700         Options.compression_opts.zstd_max_train_bytes: 0
2018/10/25-10:23:40.629617 7f97ad4ca700      Options.level0_file_num_compaction_trigger: 2
2018/10/25-10:23:40.629618 7f97ad4ca700          Options.level0_slowdown_writes_trigger: 20
2018/10/25-10:23:40.629619 7f97ad4ca700              Options.level0_stop_writes_trigger: 36
2018/10/25-10:23:40.629620 7f97ad4ca700                   Options.target_file_size_base: 67108864
2018/10/25-10:23:40.629621 7f97ad4ca700             Options.target_file_size_multiplier: 1
2018/10/25-10:23:40.629622 7f97ad4ca700                Options.max_bytes_for_level_base: 536870912
2018/10/25-10:23:40.629623 7f97ad4ca700 Options.level_compaction_dynamic_level_bytes: 0
2018/10/25-10:23:40.629624 7f97ad4ca700          Options.max_bytes_for_level_multiplier: 10.000000
2018/10/25-10:23:40.629626 7f97ad4ca700 Options.max_bytes_for_level_multiplier_addtl[0]: 1
2018/10/25-10:23:40.629628 7f97ad4ca700 Options.max_bytes_for_level_multiplier_addtl[1]: 1
2018/10/25-10:23:40.629628 7f97ad4ca700 Options.max_bytes_for_level_multiplier_addtl[2]: 1
2018/10/25-10:23:40.629629 7f97ad4ca700 Options.max_bytes_for_level_multiplier_addtl[3]: 1
2018/10/25-10:23:40.629630 7f97ad4ca700 Options.max_bytes_for_level_multiplier_addtl[4]: 1
2018/10/25-10:23:40.629631 7f97ad4ca700 Options.max_bytes_for_level_multiplier_addtl[5]: 1
2018/10/25-10:23:40.629632 7f97ad4ca700 Options.max_bytes_for_level_multiplier_addtl[6]: 1
2018/10/25-10:23:40.629633 7f97ad4ca700       Options.max_sequential_skip_in_iterations: 8
2018/10/25-10:23:40.629633 7f97ad4ca700                    Options.max_compaction_bytes: 1677721600
2018/10/25-10:23:40.629640 7f97ad4ca700                        Options.arena_block_size: 16777216
2018/10/25-10:23:40.629642 7f97ad4ca700   Options.soft_pending_compaction_bytes_limit: 68719476736
2018/10/25-10:23:40.629642 7f97ad4ca700   Options.hard_pending_compaction_bytes_limit: 274877906944
2018/10/25-10:23:40.629643 7f97ad4ca700       Options.rate_limit_delay_max_milliseconds: 100
2018/10/25-10:23:40.629644 7f97ad4ca700                Options.disable_auto_compactions: 0
2018/10/25-10:23:40.629646 7f97ad4ca700                        Options.compaction_style: kCompactionStyleLevel
2018/10/25-10:23:40.629647 7f97ad4ca700                          Options.compaction_pri: kByCompensatedSize
2018/10/25-10:23:40.629648 7f97ad4ca700 Options.compaction_options_universal.size_ratio: 1
2018/10/25-10:23:40.629649 7f97ad4ca700 Options.compaction_options_universal.min_merge_width: 2
2018/10/25-10:23:40.629650 7f97ad4ca700 Options.compaction_options_universal.max_merge_width: 4294967295
2018/10/25-10:23:40.629651 7f97ad4ca700 Options.compaction_options_universal.max_size_amplification_percent: 200
2018/10/25-10:23:40.629652 7f97ad4ca700 Options.compaction_options_universal.compression_size_percent: -1
2018/10/25-10:23:40.629653 7f97ad4ca700 Options.compaction_options_universal.stop_style: kCompactionStopStyleTotalSize
2018/10/25-10:23:40.629654 7f97ad4ca700 Options.compaction_options_fifo.max_table_files_size: 1073741824
2018/10/25-10:23:40.629655 7f97ad4ca700 Options.compaction_options_fifo.allow_compaction: 0
2018/10/25-10:23:40.629656 7f97ad4ca700 Options.compaction_options_fifo.ttl: 0
2018/10/25-10:23:40.629657 7f97ad4ca700                   Options.table_properties_collectors: 
2018/10/25-10:23:40.629658 7f97ad4ca700                   Options.inplace_update_support: 0
2018/10/25-10:23:40.629659 7f97ad4ca700                 Options.inplace_update_num_locks: 10000
2018/10/25-10:23:40.629659 7f97ad4ca700               Options.memtable_prefix_bloom_size_ratio: 0.000000
2018/10/25-10:23:40.629661 7f97ad4ca700   Options.memtable_huge_page_size: 0
2018/10/25-10:23:40.629662 7f97ad4ca700                           Options.bloom_locality: 0
2018/10/25-10:23:40.629663 7f97ad4ca700                    Options.max_successive_merges: 0
2018/10/25-10:23:40.629663 7f97ad4ca700                Options.optimize_filters_for_hits: 0
2018/10/25-10:23:40.629664 7f97ad4ca700                Options.paranoid_file_checks: 0
2018/10/25-10:23:40.629665 7f97ad4ca700                Options.force_consistency_checks: 0
2018/10/25-10:23:40.629666 7f97ad4ca700                Options.report_bg_io_stats: 0
2018/10/25-10:23:40.629667 7f97ad4ca700                               Options.ttl: 0
2018/10/25-10:23:40.630252 7f97ad4ca700 [db/column_family.cc:475] --------------- Options for column family [usertable]:
2018/10/25-10:23:40.630255 7f97ad4ca700               Options.comparator: leveldb.BytewiseComparator
2018/10/25-10:23:40.630256 7f97ad4ca700           Options.merge_operator: None
2018/10/25-10:23:40.630257 7f97ad4ca700        Options.compaction_filter: None
2018/10/25-10:23:40.630258 7f97ad4ca700        Options.compaction_filter_factory: None
2018/10/25-10:23:40.630259 7f97ad4ca700         Options.memtable_factory: SkipListFactory
2018/10/25-10:23:40.630260 7f97ad4ca700            Options.table_factory: BlockBasedTable
2018/10/25-10:23:40.630280 7f97ad4ca700            table_factory options:   flush_block_policy_factory: FlushBlockBySizePolicyFactory (0x7f975838aa40)
  cache_index_and_filter_blocks: 0
  cache_index_and_filter_blocks_with_high_priority: 0
  pin_l0_filter_and_index_blocks_in_cache: 0
  index_type: 0
  hash_index_allow_collision: 1
  checksum: 1
  no_block_cache: 0
  block_cache: 0x7f975838b5a0
  block_cache_name: LRUCache
  block_cache_options:
    capacity : 8388608
    num_shard_bits : 4
    strict_capacity_limit : 0
    high_pri_pool_ratio: 0.000
  block_cache_compressed: (nil)
  persistent_cache: (nil)
  block_size: 8192
  block_size_deviation: 10
  block_restart_interval: 16
  index_block_restart_interval: 1
  metadata_block_size: 4096
  partition_filters: 0
  use_delta_encoding: 1
  filter_policy: nullptr
  whole_key_filtering: 1
  verify_compression: 0
  read_amp_bytes_per_bit: 0
  format_version: 2
  enable_index_compression: 1
  block_align: 0
2018/10/25-10:23:40.630292 7f97ad4ca700        Options.write_buffer_size: 134217728
2018/10/25-10:23:40.630294 7f97ad4ca700  Options.max_write_buffer_number: 24
2018/10/25-10:23:40.630295 7f97ad4ca700        Options.compression[0]: NoCompression
2018/10/25-10:23:40.630296 7f97ad4ca700        Options.compression[1]: NoCompression
2018/10/25-10:23:40.630297 7f97ad4ca700        Options.compression[2]: LZ4
2018/10/25-10:23:40.630298 7f97ad4ca700        Options.compression[3]: LZ4
2018/10/25-10:23:40.630299 7f97ad4ca700        Options.compression[4]: LZ4
2018/10/25-10:23:40.630300 7f97ad4ca700        Options.compression[5]: LZ4
2018/10/25-10:23:40.630300 7f97ad4ca700        Options.compression[6]: LZ4
2018/10/25-10:23:40.630301 7f97ad4ca700                  Options.bottommost_compression: Disabled
2018/10/25-10:23:40.630302 7f97ad4ca700       Options.prefix_extractor: nullptr
2018/10/25-10:23:40.630303 7f97ad4ca700   Options.memtable_insert_with_hint_prefix_extractor: nullptr
2018/10/25-10:23:40.630304 7f97ad4ca700             Options.num_levels: 7
2018/10/25-10:23:40.630305 7f97ad4ca700        Options.min_write_buffer_number_to_merge: 2
2018/10/25-10:23:40.630306 7f97ad4ca700     Options.max_write_buffer_number_to_maintain: 0
2018/10/25-10:23:40.630307 7f97ad4ca700            Options.compression_opts.window_bits: -14
2018/10/25-10:23:40.630307 7f97ad4ca700                  Options.compression_opts.level: -1
2018/10/25-10:23:40.630308 7f97ad4ca700               Options.compression_opts.strategy: 0
2018/10/25-10:23:40.630309 7f97ad4ca700         Options.compression_opts.max_dict_bytes: 0
2018/10/25-10:23:40.630310 7f97ad4ca700         Options.compression_opts.zstd_max_train_bytes: 0
2018/10/25-10:23:40.630311 7f97ad4ca700      Options.level0_file_num_compaction_trigger: 2
2018/10/25-10:23:40.630312 7f97ad4ca700          Options.level0_slowdown_writes_trigger: 20
2018/10/25-10:23:40.630312 7f97ad4ca700              Options.level0_stop_writes_trigger: 36
2018/10/25-10:23:40.630313 7f97ad4ca700                   Options.target_file_size_base: 67108864
2018/10/25-10:23:40.630314 7f97ad4ca700             Options.target_file_size_multiplier: 1
2018/10/25-10:23:40.630315 7f97ad4ca700                Options.max_bytes_for_level_base: 536870912
2018/10/25-10:23:40.630316 7f97ad4ca700 Options.level_compaction_dynamic_level_bytes: 0
2018/10/25-10:23:40.630317 7f97ad4ca700          Options.max_bytes_for_level_multiplier: 10.000000
2018/10/25-10:23:40.630319 7f97ad4ca700 Options.max_bytes_for_level_multiplier_addtl[0]: 1
2018/10/25-10:23:40.630320 7f97ad4ca700 Options.max_bytes_for_level_multiplier_addtl[1]: 1
2018/10/25-10:23:40.630321 7f97ad4ca700 Options.max_bytes_for_level_multiplier_addtl[2]: 1
2018/10/25-10:23:40.630322 7f97ad4ca700 Options.max_bytes_for_level_multiplier_addtl[3]: 1
2018/10/25-10:23:40.630322 7f97ad4ca700 Options.max_bytes_for_level_multiplier_addtl[4]: 1
2018/10/25-10:23:40.630323 7f97ad4ca700 Options.max_bytes_for_level_multiplier_addtl[5]: 1
2018/10/25-10:23:40.630324 7f97ad4ca700 Options.max_bytes_for_level_multiplier_addtl[6]: 1
2018/10/25-10:23:40.630325 7f97ad4ca700       Options.max_sequential_skip_in_iterations: 8
2018/10/25-10:23:40.630326 7f97ad4ca700                    Options.max_compaction_bytes: 1677721600
2018/10/25-10:23:40.630327 7f97ad4ca700                        Options.arena_block_size: 16777216
2018/10/25-10:23:40.630328 7f97ad4ca700   Options.soft_pending_compaction_bytes_limit: 68719476736
2018/10/25-10:23:40.630328 7f97ad4ca700   Options.hard_pending_compaction_bytes_limit: 274877906944
2018/10/25-10:23:40.630329 7f97ad4ca700       Options.rate_limit_delay_max_milliseconds: 100
2018/10/25-10:23:40.630330 7f97ad4ca700                Options.disable_auto_compactions: 0
2018/10/25-10:23:40.630332 7f97ad4ca700                        Options.compaction_style: kCompactionStyleLevel
2018/10/25-10:23:40.630338 7f97ad4ca700                          Options.compaction_pri: kByCompensatedSize
2018/10/25-10:23:40.630340 7f97ad4ca700 Options.compaction_options_universal.size_ratio: 1
2018/10/25-10:23:40.630341 7f97ad4ca700 Options.compaction_options_universal.min_merge_width: 2
2018/10/25-10:23:40.630341 7f97ad4ca700 Options.compaction_options_universal.max_merge_width: 4294967295
2018/10/25-10:23:40.630342 7f97ad4ca700 Options.compaction_options_universal.max_size_amplification_percent: 200
2018/10/25-10:23:40.630343 7f97ad4ca700 Options.compaction_options_universal.compression_size_percent: -1
2018/10/25-10:23:40.630344 7f97ad4ca700 Options.compaction_options_universal.stop_style: kCompactionStopStyleTotalSize
2018/10/25-10:23:40.630345 7f97ad4ca700 Options.compaction_options_fifo.max_table_files_size: 1073741824
2018/10/25-10:23:40.630346 7f97ad4ca700 Options.compaction_options_fifo.allow_compaction: 0
2018/10/25-10:23:40.630347 7f97ad4ca700 Options.compaction_options_fifo.ttl: 0
2018/10/25-10:23:40.630348 7f97ad4ca700                   Options.table_properties_collectors: 
2018/10/25-10:23:40.630349 7f97ad4ca700                   Options.inplace_update_support: 0
2018/10/25-10:23:40.630350 7f97ad4ca700                 Options.inplace_update_num_locks: 10000
2018/10/25-10:23:40.630350 7f97ad4ca700               Options.memtable_prefix_bloom_size_ratio: 0.000000
2018/10/25-10:23:40.630352 7f97ad4ca700   Options.memtable_huge_page_size: 0
2018/10/25-10:23:40.630353 7f97ad4ca700                           Options.bloom_locality: 0
2018/10/25-10:23:40.630354 7f97ad4ca700                    Options.max_successive_merges: 0
2018/10/25-10:23:40.630354 7f97ad4ca700                Options.optimize_filters_for_hits: 0
2018/10/25-10:23:40.630355 7f97ad4ca700                Options.paranoid_file_checks: 0
2018/10/25-10:23:40.630356 7f97ad4ca700                Options.force_consistency_checks: 0
2018/10/25-10:23:40.630357 7f97ad4ca700                Options.report_bg_io_stats: 0
2018/10/25-10:23:40.630358 7f97ad4ca700                               Options.ttl: 0
2018/10/25-10:23:40.789753 7f97ad4ca700 [db/version_set.cc:3361] Recovered from manifest file:/mnt/sdb1/ycsb-rocksdb-data/MANIFEST-000890 succeeded,manifest_file_number is 890, next_file_number is 1572, last_sequence is 5186078, log_number is 0,prev_log_number is 0,max_column_family is 1,min_log_number_to_keep is 0
2018/10/25-10:23:40.789765 7f97ad4ca700 [db/version_set.cc:3369] Column family [default] (ID 0), log number is 889
2018/10/25-10:23:40.789767 7f97ad4ca700 [db/version_set.cc:3369] Column family [usertable] (ID 1), log number is 1508
2018/10/25-10:23:40.790525 7f97ad4ca700 EVENT_LOG_v1 {"time_micros": 1540488220790511, "job": 1, "event": "recovery_started", "log_files": [1508, 1571]}
2018/10/25-10:23:40.790532 7f97ad4ca700 [db/db_impl_open.cc:551] Recovering log #1508 mode 2
2018/10/25-10:23:41.571595 7f97ad4ca700 EVENT_LOG_v1 {"time_micros": 1540488221571574, "cf_name": "usertable", "job": 1, "event": "table_file_creation", "file_number": 1572, "file_size": 91967168, "table_properties": {"data_size": 91575118, "index_size": 391128, "filter_size": 0, "raw_key_size": 532944, "raw_average_key_size": 24, "raw_value_size": 90955776, "raw_average_value_size": 4096, "num_data_blocks": 11103, "num_entries": 22206, "filter_policy_name": "", "kDeletedKeys": "0", "kMergeOperands": "0"}}
2018/10/25-10:23:41.578696 7f97ad4ca700 [db/db_impl_open.cc:551] Recovering log #1571 mode 2
2018/10/25-10:23:41.813823 7f97ad4ca700 [db/version_set.cc:2847] Creating manifest 1573
2018/10/25-10:23:42.117579 7f97ad4ca700 EVENT_LOG_v1 {"time_micros": 1540488222117555, "cf_name": "usertable", "job": 1, "event": "table_file_creation", "file_number": 1574, "file_size": 56610705, "table_properties": {"data_size": 56370674, "index_size": 239110, "filter_size": 0, "raw_key_size": 328056, "raw_average_key_size": 24, "raw_value_size": 55988224, "raw_average_value_size": 4096, "num_data_blocks": 6835, "num_entries": 13669, "filter_policy_name": "", "kDeletedKeys": "0", "kMergeOperands": "0"}}
2018/10/25-10:23:42.148099 7f97ad4ca700 EVENT_LOG_v1 {"time_micros": 1540488222148095, "job": 1, "event": "recovery_finished"}
2018/10/25-10:23:42.215022 7f97ad4ca700 [db/db_impl_open.cc:1219] DB pointer 0x7f97583e89a0
2018/10/25-10:23:42.215321 7f96f77fe700 [WARN] [db/db_impl.cc:491] ------- DUMPING STATS -------
2018/10/25-10:23:42.215367 7f96f77fe700 [WARN] [db/db_impl.cc:492] 
** DB Stats **
Uptime(secs): 1.6 total, 1.6 interval
Cumulative writes: 0 writes, 0 keys, 0 commit groups, 0.0 writes per commit group, ingest: 0.00 GB, 0.00 MB/s
Cumulative WAL: 0 writes, 0 syncs, 0.00 writes per sync, written: 0.00 GB, 0.00 MB/s
Cumulative stall: 00:00:0.000 H:M:S, 0.0 percent
Interval writes: 0 writes, 0 keys, 0 commit groups, 0.0 writes per commit group, ingest: 0.00 MB, 0.00 MB/s
Interval WAL: 0 writes, 0 syncs, 0.00 writes per sync, written: 0.00 MB, 0.00 MB/s
Interval stall: 00:00:0.000 H:M:S, 0.0 percent

** Compaction Stats [default] **
Level    Files   Size     Score Read(GB)  Rn(GB) Rnp1(GB) Write(GB) Wnew(GB) Moved(GB) W-Amp Rd(MB/s) Wr(MB/s) Comp(sec) Comp(cnt) Avg(sec) KeyIn KeyDrop
----------------------------------------------------------------------------------------------------------------------------------------------------------
 Sum      0/0    0.00 KB   0.0      0.0     0.0      0.0       0.0      0.0       0.0   0.0      0.0      0.0         0         0    0.000       0      0
 Int      0/0    0.00 KB   0.0      0.0     0.0      0.0       0.0      0.0       0.0   0.0      0.0      0.0         0         0    0.000       0      0
Uptime(secs): 1.6 total, 1.6 interval
Flush(GB): cumulative 0.000, interval 0.000
AddFile(GB): cumulative 0.000, interval 0.000
AddFile(Total Files): cumulative 0, interval 0
AddFile(L0 Files): cumulative 0, interval 0
AddFile(Keys): cumulative 0, interval 0
Cumulative compaction: 0.00 GB write, 0.00 MB/s write, 0.00 GB read, 0.00 MB/s read, 0.0 seconds
Interval compaction: 0.00 GB write, 0.00 MB/s write, 0.00 GB read, 0.00 MB/s read, 0.0 seconds
Stalls(count): 0 level0_slowdown, 0 level0_slowdown_with_compaction, 0 level0_numfiles, 0 level0_numfiles_with_compaction, 0 stop for pending_compaction_bytes, 0 slowdown for pending_compaction_bytes, 0 memtable_compaction, 0 memtable_slowdown, interval 0 total count

** File Read Latency Histogram By Level [default] **

** Compaction Stats [usertable] **
Level    Files   Size     Score Read(GB)  Rn(GB) Rnp1(GB) Write(GB) Wnew(GB) Moved(GB) W-Amp Rd(MB/s) Wr(MB/s) Comp(sec) Comp(cnt) Avg(sec) KeyIn KeyDrop
----------------------------------------------------------------------------------------------------------------------------------------------------------
  L0      2/0   141.69 MB   1.0      0.0     0.0      0.0       0.1      0.1       0.0   1.0      0.0    224.4         1         2    0.316       0      0
  L1     11/0   485.38 MB   0.9      0.0     0.0      0.0       0.0      0.0       0.0   0.0      0.0      0.0         0         0    0.000       0      0
  L2     84/0    4.99 GB   1.0      0.0     0.0      0.0       0.0      0.0       0.0   0.0      0.0      0.0         0         0    0.000       0      0
  L3    112/0    6.56 GB   0.1      0.0     0.0      0.0       0.0      0.0       0.0   0.0      0.0      0.0         0         0    0.000       0      0
 Sum    209/0   12.16 GB   0.0      0.0     0.0      0.0       0.1      0.1       0.0   1.0      0.0    224.4         1         2    0.316       0      0
 Int      0/0    0.00 KB   0.0      0.0     0.0      0.0       0.1      0.1       0.0   1.0      0.0    224.4         1         2    0.316       0      0
Uptime(secs): 1.6 total, 1.6 interval
Flush(GB): cumulative 0.138, interval 0.138
AddFile(GB): cumulative 0.000, interval 0.000
AddFile(Total Files): cumulative 0, interval 0
AddFile(L0 Files): cumulative 0, interval 0
AddFile(Keys): cumulative 0, interval 0
Cumulative compaction: 0.14 GB write, 89.40 MB/s write, 0.00 GB read, 0.00 MB/s read, 0.6 seconds
Interval compaction: 0.14 GB write, 89.40 MB/s write, 0.00 GB read, 0.00 MB/s read, 0.6 seconds
Stalls(count): 0 level0_slowdown, 0 level0_slowdown_with_compaction, 0 level0_numfiles, 0 level0_numfiles_with_compaction, 0 stop for pending_compaction_bytes, 0 slowdown for pending_compaction_bytes, 0 memtable_compaction, 0 memtable_slowdown, interval 0 total count

** File Read Latency Histogram By Level [usertable] **

** Compaction Stats [default] **
Level    Files   Size     Score Read(GB)  Rn(GB) Rnp1(GB) Write(GB) Wnew(GB) Moved(GB) W-Amp Rd(MB/s) Wr(MB/s) Comp(sec) Comp(cnt) Avg(sec) KeyIn KeyDrop
----------------------------------------------------------------------------------------------------------------------------------------------------------
 Sum      0/0    0.00 KB   0.0      0.0     0.0      0.0       0.0      0.0       0.0   0.0      0.0      0.0         0         0    0.000       0      0
 Int      0/0    0.00 KB   0.0      0.0     0.0      0.0       0.0      0.0       0.0   0.0      0.0      0.0         0         0    0.000       0      0
Uptime(secs): 1.6 total, 0.0 interval
Flush(GB): cumulative 0.000, interval 0.000
AddFile(GB): cumulative 0.000, interval 0.000
AddFile(Total Files): cumulative 0, interval 0
AddFile(L0 Files): cumulative 0, interval 0
AddFile(Keys): cumulative 0, interval 0
Cumulative compaction: 0.00 GB write, 0.00 MB/s write, 0.00 GB read, 0.00 MB/s read, 0.0 seconds
Interval compaction: 0.00 GB write, 0.00 MB/s write, 0.00 GB read, 0.00 MB/s read, 0.0 seconds
Stalls(count): 0 level0_slowdown, 0 level0_slowdown_with_compaction, 0 level0_numfiles, 0 level0_numfiles_with_compaction, 0 stop for pending_compaction_bytes, 0 slowdown for pending_compaction_bytes, 0 memtable_compaction, 0 memtable_slowdown, interval 0 total count

** File Read Latency Histogram By Level [default] **

** Compaction Stats [usertable] **
Level    Files   Size     Score Read(GB)  Rn(GB) Rnp1(GB) Write(GB) Wnew(GB) Moved(GB) W-Amp Rd(MB/s) Wr(MB/s) Comp(sec) Comp(cnt) Avg(sec) KeyIn KeyDrop
----------------------------------------------------------------------------------------------------------------------------------------------------------
  L0      2/0   141.69 MB   1.0      0.0     0.0      0.0       0.1      0.1       0.0   1.0      0.0    224.4         1         2    0.316       0      0
  L1     11/0   485.38 MB   0.9      0.0     0.0      0.0       0.0      0.0       0.0   0.0      0.0      0.0         0         0    0.000       0      0
  L2     84/0    4.99 GB   1.0      0.0     0.0      0.0       0.0      0.0       0.0   0.0      0.0      0.0         0         0    0.000       0      0
  L3    112/0    6.56 GB   0.1      0.0     0.0      0.0       0.0      0.0       0.0   0.0      0.0      0.0         0         0    0.000       0      0
 Sum    209/0   12.16 GB   0.0      0.0     0.0      0.0       0.1      0.1       0.0   1.0      0.0    224.4         1         2    0.316       0      0
 Int      0/0    0.00 KB   0.0      0.0     0.0      0.0       0.0      0.0       0.0   0.0      0.0      0.0         0         0    0.000       0      0
Uptime(secs): 1.6 total, 0.0 interval
Flush(GB): cumulative 0.138, interval 0.000
AddFile(GB): cumulative 0.000, interval 0.000
AddFile(Total Files): cumulative 0, interval 0
AddFile(L0 Files): cumulative 0, interval 0
AddFile(Keys): cumulative 0, interval 0
Cumulative compaction: 0.14 GB write, 89.39 MB/s write, 0.00 GB read, 0.00 MB/s read, 0.6 seconds
Interval compaction: 0.00 GB write, 0.00 MB/s write, 0.00 GB read, 0.00 MB/s read, 0.0 seconds
Stalls(count): 0 level0_slowdown, 0 level0_slowdown_with_compaction, 0 level0_numfiles, 0 level0_numfiles_with_compaction, 0 stop for pending_compaction_bytes, 0 slowdown for pending_compaction_bytes, 0 memtable_compaction, 0 memtable_slowdown, interval 0 total count

** File Read Latency Histogram By Level [usertable] **
2018/10/25-10:23:42.215674 7f96f77fe700 [db/compaction_job.cc:1531] [usertable] [JOB 3] Compacting 2@0 + 11@1 files to L1, score 1.00
2018/10/25-10:23:42.215683 7f96f77fe700 [db/compaction_job.cc:1535] [usertable] Compaction start summary: Base version 5 Base level 0, inputs: [1574(53MB) 1572(87MB)], [1516(32MB) 1519(64MB) 1524(31MB) 1511(64MB) 1518(64MB) 1521(5343KB) 1512(64MB) 1515(64MB) 1523(20MB) 1513(64MB) 1517(9654KB)]
2018/10/25-10:23:42.215726 7f96f77fe700 EVENT_LOG_v1 {"time_micros": 1540488222215696, "job": 3, "event": "compaction_started", "compaction_reason": "LevelL0FilesNum", "files_L0": [1574, 1572], "files_L1": [1516, 1519, 1524, 1511, 1518, 1521, 1512, 1515, 1523, 1513, 1517], "score": 1, "input_data_size": 657534155}
2018/10/25-10:23:44.019737 7f96f77fe700 [db/compaction_job.cc:1211] [usertable] [JOB 3] Generated table #1579: 14135 keys, 58540726 bytes
2018/10/25-10:23:44.019773 7f96f77fe700 EVENT_LOG_v1 {"time_micros": 1540488224019759, "cf_name": "usertable", "job": 3, "event": "table_file_creation", "file_number": 1579, "file_size": 58540726, "table_properties": {"data_size": 58287017, "index_size": 252788, "filter_size": 0, "raw_key_size": 339240, "raw_average_key_size": 24, "raw_value_size": 57896960, "raw_average_value_size": 4096, "num_data_blocks": 7068, "num_entries": 14135, "filter_policy_name": "", "kDeletedKeys": "0", "kMergeOperands": "0"}}
2018/10/25-10:23:45.072933 7f96777f6700 [db/compaction_job.cc:1211] [usertable] [JOB 3] Generated table #1578: 16277 keys, 67411909 bytes
2018/10/25-10:23:45.072973 7f96777f6700 EVENT_LOG_v1 {"time_micros": 1540488225072958, "cf_name": "usertable", "job": 3, "event": "table_file_creation", "file_number": 1578, "file_size": 67411909, "table_properties": {"data_size": 67117345, "index_size": 293643, "filter_size": 0, "raw_key_size": 390648, "raw_average_key_size": 24, "raw_value_size": 66670592, "raw_average_value_size": 4096, "num_data_blocks": 8139, "num_entries": 16277, "filter_policy_name": "", "kDeletedKeys": "0", "kMergeOperands": "0"}}
2018/10/25-10:23:45.438444 7f9677ff7700 [db/compaction_job.cc:1211] [usertable] [JOB 3] Generated table #1580: 16277 keys, 67411810 bytes
2018/10/25-10:23:45.438486 7f9677ff7700 EVENT_LOG_v1 {"time_micros": 1540488225438470, "cf_name": "usertable", "job": 3, "event": "table_file_creation", "file_number": 1580, "file_size": 67411810, "table_properties": {"data_size": 67115182, "index_size": 295707, "filter_size": 0, "raw_key_size": 390648, "raw_average_key_size": 24, "raw_value_size": 66670592, "raw_average_value_size": 4096, "num_data_blocks": 8139, "num_entries": 16277, "filter_policy_name": "", "kDeletedKeys": "0", "kMergeOperands": "0"}}
2018/10/25-10:23:45.633438 7f96787f8700 [db/compaction_job.cc:1211] [usertable] [JOB 3] Generated table #1581: 16277 keys, 67411813 bytes
2018/10/25-10:23:45.633477 7f96787f8700 EVENT_LOG_v1 {"time_micros": 1540488225633462, "cf_name": "usertable", "job": 3, "event": "table_file_creation", "file_number": 1581, "file_size": 67411813, "table_properties": {"data_size": 67114604, "index_size": 296288, "filter_size": 0, "raw_key_size": 390648, "raw_average_key_size": 24, "raw_value_size": 66670592, "raw_average_value_size": 4096, "num_data_blocks": 8139, "num_entries": 16277, "filter_policy_name": "", "kDeletedKeys": "0", "kMergeOperands": "0"}}
2018/10/25-10:23:46.950236 7f96f77fe700 [db/compaction_job.cc:1211] [usertable] [JOB 3] Generated table #1582: 16277 keys, 67411828 bytes
2018/10/25-10:23:46.950275 7f96f77fe700 EVENT_LOG_v1 {"time_micros": 1540488226950258, "cf_name": "usertable", "job": 3, "event": "table_file_creation", "file_number": 1582, "file_size": 67411828, "table_properties": {"data_size": 67116319, "index_size": 294588, "filter_size": 0, "raw_key_size": 390648, "raw_average_key_size": 24, "raw_value_size": 66670592, "raw_average_value_size": 4096, "num_data_blocks": 8139, "num_entries": 16277, "filter_policy_name": "", "kDeletedKeys": "0", "kMergeOperands": "0"}}
2018/10/25-10:23:47.377852 7f96787f8700 [db/compaction_job.cc:1211] [usertable] [JOB 3] Generated table #1585: 8832 keys, 36578420 bytes
2018/10/25-10:23:47.377888 7f96787f8700 EVENT_LOG_v1 {"time_micros": 1540488227377874, "cf_name": "usertable", "job": 3, "event": "table_file_creation", "file_number": 1585, "file_size": 36578420, "table_properties": {"data_size": 36416683, "index_size": 160816, "filter_size": 0, "raw_key_size": 211968, "raw_average_key_size": 24, "raw_value_size": 36175872, "raw_average_value_size": 4096, "num_data_blocks": 4416, "num_entries": 8832, "filter_policy_name": "", "kDeletedKeys": "0", "kMergeOperands": "0"}}
2018/10/25-10:23:47.749319 7f96777f6700 [db/compaction_job.cc:1211] [usertable] [JOB 3] Generated table #1583: 16277 keys, 67411875 bytes
2018/10/25-10:23:47.749352 7f96777f6700 EVENT_LOG_v1 {"time_micros": 1540488227749339, "cf_name": "usertable", "job": 3, "event": "table_file_creation", "file_number": 1583, "file_size": 67411875, "table_properties": {"data_size": 67116935, "index_size": 294019, "filter_size": 0, "raw_key_size": 390648, "raw_average_key_size": 24, "raw_value_size": 66670592, "raw_average_value_size": 4096, "num_data_blocks": 8139, "num_entries": 16277, "filter_policy_name": "", "kDeletedKeys": "0", "kMergeOperands": "0"}}
2018/10/25-10:23:48.065880 7f9677ff7700 [db/compaction_job.cc:1211] [usertable] [JOB 3] Generated table #1584: 16277 keys, 67411881 bytes
2018/10/25-10:23:48.065916 7f9677ff7700 EVENT_LOG_v1 {"time_micros": 1540488228065903, "cf_name": "usertable", "job": 3, "event": "table_file_creation", "file_number": 1584, "file_size": 67411881, "table_properties": {"data_size": 67114815, "index_size": 296145, "filter_size": 0, "raw_key_size": 390648, "raw_average_key_size": 24, "raw_value_size": 66670592, "raw_average_value_size": 4096, "num_data_blocks": 8139, "num_entries": 16277, "filter_policy_name": "", "kDeletedKeys": "0", "kMergeOperands": "0"}}
2018/10/25-10:23:48.351108 7f96f77fe700 [db/compaction_job.cc:1211] [usertable] [JOB 3] Generated table #1586: 16277 keys, 67411958 bytes
2018/10/25-10:23:48.351150 7f96f77fe700 EVENT_LOG_v1 {"time_micros": 1540488228351131, "cf_name": "usertable", "job": 3, "event": "table_file_creation", "file_number": 1586, "file_size": 67411958, "table_properties": {"data_size": 67117975, "index_size": 293062, "filter_size": 0, "raw_key_size": 390648, "raw_average_key_size": 24, "raw_value_size": 66670592, "raw_average_value_size": 4096, "num_data_blocks": 8139, "num_entries": 16277, "filter_policy_name": "", "kDeletedKeys": "0", "kMergeOperands": "0"}}
2018/10/25-10:23:48.401546 7f96777f6700 [db/compaction_job.cc:1211] [usertable] [JOB 3] Generated table #1587: 7938 keys, 32875846 bytes
2018/10/25-10:23:48.401603 7f96777f6700 EVENT_LOG_v1 {"time_micros": 1540488228401569, "cf_name": "usertable", "job": 3, "event": "table_file_creation", "file_number": 1587, "file_size": 32875846, "table_properties": {"data_size": 32732661, "index_size": 142264, "filter_size": 0, "raw_key_size": 190512, "raw_average_key_size": 24, "raw_value_size": 32514048, "raw_average_value_size": 4096, "num_data_blocks": 3969, "num_entries": 7938, "filter_policy_name": "", "kDeletedKeys": "0", "kMergeOperands": "0"}}
2018/10/25-10:23:48.498880 7f96f77fe700 [db/compaction_job.cc:1211] [usertable] [JOB 3] Generated table #1589: 1026 keys, 4249847 bytes
