2018/12/20-09:38:31.851111 7f0ef687e700 RocksDB version: 5.14.3
2018/12/20-09:38:31.851160 7f0ef687e700 Git sha rocksdb_build_git_sha:
2018/12/20-09:38:31.851163 7f0ef687e700 Compile date Dec 16 2018
2018/12/20-09:38:31.851167 7f0ef687e700 DB SUMMARY
2018/12/20-09:38:31.851189 7f0ef687e700 SST files in /mnt/sdb/ycsb-rocksdb-data dir, Total Num: 0, files: 
2018/12/20-09:38:31.851192 7f0ef687e700 Write Ahead Log file in /mnt/sdb/ycsb-rocksdb-data: 
2018/12/20-09:38:31.851195 7f0ef687e700                         Options.error_if_exists: 0
2018/12/20-09:38:31.851196 7f0ef687e700                       Options.create_if_missing: 1
2018/12/20-09:38:31.851197 7f0ef687e700                         Options.paranoid_checks: 1
2018/12/20-09:38:31.851198 7f0ef687e700                                     Options.env: 0x7f0ea4daa2c0
2018/12/20-09:38:31.851199 7f0ef687e700                                Options.info_log: 0x7f0ea03c5520
2018/12/20-09:38:31.851200 7f0ef687e700                Options.max_file_opening_threads: 16
2018/12/20-09:38:31.851201 7f0ef687e700                              Options.statistics: (nil)
2018/12/20-09:38:31.851202 7f0ef687e700                               Options.use_fsync: 0
2018/12/20-09:38:31.851203 7f0ef687e700                       Options.max_log_file_size: 0
2018/12/20-09:38:31.851204 7f0ef687e700                  Options.max_manifest_file_size: 18446744073709551615
2018/12/20-09:38:31.851206 7f0ef687e700                   Options.log_file_time_to_roll: 0
2018/12/20-09:38:31.851207 7f0ef687e700                       Options.keep_log_file_num: 1000
2018/12/20-09:38:31.851207 7f0ef687e700                    Options.recycle_log_file_num: 0
2018/12/20-09:38:31.851208 7f0ef687e700                         Options.allow_fallocate: 1
2018/12/20-09:38:31.851209 7f0ef687e700                        Options.allow_mmap_reads: 0
2018/12/20-09:38:31.851210 7f0ef687e700                       Options.allow_mmap_writes: 0
2018/12/20-09:38:31.851211 7f0ef687e700                        Options.use_direct_reads: 0
2018/12/20-09:38:31.851212 7f0ef687e700                        Options.use_direct_io_for_flush_and_compaction: 0
2018/12/20-09:38:31.851213 7f0ef687e700          Options.create_missing_column_families: 1
2018/12/20-09:38:31.851214 7f0ef687e700                              Options.db_log_dir: 
2018/12/20-09:38:31.851215 7f0ef687e700                                 Options.wal_dir: /mnt/sdb/ycsb-rocksdb-data
2018/12/20-09:38:31.851216 7f0ef687e700                Options.table_cache_numshardbits: 6
2018/12/20-09:38:31.851217 7f0ef687e700                      Options.max_subcompactions: 4
2018/12/20-09:38:31.851218 7f0ef687e700                  Options.max_background_flushes: 24
2018/12/20-09:38:31.851219 7f0ef687e700                         Options.WAL_ttl_seconds: 0
2018/12/20-09:38:31.851220 7f0ef687e700                       Options.WAL_size_limit_MB: 0
2018/12/20-09:38:31.851221 7f0ef687e700             Options.manifest_preallocation_size: 4194304
2018/12/20-09:38:31.851222 7f0ef687e700                     Options.is_fd_close_on_exec: 1
2018/12/20-09:38:31.851222 7f0ef687e700                   Options.advise_random_on_open: 1
2018/12/20-09:38:31.851224 7f0ef687e700                    Options.db_write_buffer_size: 0
2018/12/20-09:38:31.851225 7f0ef687e700                    Options.write_buffer_manager: 0x7f0ea03c2520
2018/12/20-09:38:31.851226 7f0ef687e700         Options.access_hint_on_compaction_start: 1
2018/12/20-09:38:31.851226 7f0ef687e700  Options.new_table_reader_for_compaction_inputs: 0
2018/12/20-09:38:31.851227 7f0ef687e700           Options.random_access_max_buffer_size: 1048576
2018/12/20-09:38:31.851228 7f0ef687e700                      Options.use_adaptive_mutex: 0
2018/12/20-09:38:31.851229 7f0ef687e700                            Options.rate_limiter: (nil)
2018/12/20-09:38:31.851231 7f0ef687e700     Options.sst_file_manager.rate_bytes_per_sec: 0
2018/12/20-09:38:31.851233 7f0ef687e700                       Options.wal_recovery_mode: 2
2018/12/20-09:38:31.851234 7f0ef687e700                  Options.enable_thread_tracking: 0
2018/12/20-09:38:31.851235 7f0ef687e700                  Options.enable_pipelined_write: 1
2018/12/20-09:38:31.851244 7f0ef687e700         Options.allow_concurrent_memtable_write: 1
2018/12/20-09:38:31.851245 7f0ef687e700      Options.enable_write_thread_adaptive_yield: 1
2018/12/20-09:38:31.851246 7f0ef687e700             Options.write_thread_max_yield_usec: 100
2018/12/20-09:38:31.851247 7f0ef687e700            Options.write_thread_slow_yield_usec: 3
2018/12/20-09:38:31.851248 7f0ef687e700                               Options.row_cache: None
2018/12/20-09:38:31.851249 7f0ef687e700                              Options.wal_filter: None
2018/12/20-09:38:31.851250 7f0ef687e700             Options.avoid_flush_during_recovery: 0
2018/12/20-09:38:31.851251 7f0ef687e700             Options.allow_ingest_behind: 0
2018/12/20-09:38:31.851252 7f0ef687e700             Options.preserve_deletes: 0
2018/12/20-09:38:31.851253 7f0ef687e700             Options.two_write_queues: 0
2018/12/20-09:38:31.851254 7f0ef687e700             Options.manual_wal_flush: 0
2018/12/20-09:38:31.851256 7f0ef687e700             Options.max_background_jobs: 24
2018/12/20-09:38:31.851257 7f0ef687e700             Options.max_background_compactions: 24
2018/12/20-09:38:31.851258 7f0ef687e700             Options.avoid_flush_during_shutdown: 0
2018/12/20-09:38:31.851259 7f0ef687e700           Options.writable_file_max_buffer_size: 1048576
2018/12/20-09:38:31.851260 7f0ef687e700             Options.delayed_write_rate : 16777216
2018/12/20-09:38:31.851261 7f0ef687e700             Options.max_total_wal_size: 0
2018/12/20-09:38:31.851262 7f0ef687e700             Options.delete_obsolete_files_period_micros: 21600000000
2018/12/20-09:38:31.851263 7f0ef687e700                   Options.stats_dump_period_sec: 60
2018/12/20-09:38:31.851264 7f0ef687e700                          Options.max_open_files: -1
2018/12/20-09:38:31.851265 7f0ef687e700                          Options.bytes_per_sync: 1048576
2018/12/20-09:38:31.851266 7f0ef687e700                      Options.wal_bytes_per_sync: 0
2018/12/20-09:38:31.851267 7f0ef687e700       Options.compaction_readahead_size: 0
2018/12/20-09:38:31.851268 7f0ef687e700 Compression algorithms supported:
2018/12/20-09:38:31.851270 7f0ef687e700 	kZSTDNotFinalCompression supported: 1
2018/12/20-09:38:31.851291 7f0ef687e700 	kZSTD supported: 1
2018/12/20-09:38:31.851293 7f0ef687e700 	kXpressCompression supported: 0
2018/12/20-09:38:31.851294 7f0ef687e700 	kLZ4HCCompression supported: 1
2018/12/20-09:38:31.851295 7f0ef687e700 	kLZ4Compression supported: 1
2018/12/20-09:38:31.851296 7f0ef687e700 	kBZip2Compression supported: 1
2018/12/20-09:38:31.851297 7f0ef687e700 	kZlibCompression supported: 1
2018/12/20-09:38:31.851298 7f0ef687e700 	kSnappyCompression supported: 1
2018/12/20-09:38:31.851303 7f0ef687e700 Fast CRC32 supported: Supported on x86
2018/12/20-09:38:31.851375 7f0ef687e700 [db/db_impl_open.cc:222] Creating manifest 1 
2018/12/20-09:38:31.956106 7f0ef687e700 [db/version_set.cc:3085] Recovering from manifest file: MANIFEST-000001
2018/12/20-09:38:31.956219 7f0ef687e700 [db/column_family.cc:475] --------------- Options for column family [default]:
2018/12/20-09:38:31.956223 7f0ef687e700               Options.comparator: leveldb.BytewiseComparator
2018/12/20-09:38:31.956224 7f0ef687e700           Options.merge_operator: None
2018/12/20-09:38:31.956226 7f0ef687e700        Options.compaction_filter: None
2018/12/20-09:38:31.956227 7f0ef687e700        Options.compaction_filter_factory: None
2018/12/20-09:38:31.956228 7f0ef687e700         Options.memtable_factory: SkipListFactory
2018/12/20-09:38:31.956229 7f0ef687e700            Options.table_factory: BlockBasedTable
2018/12/20-09:38:31.956258 7f0ef687e700            table_factory options:   flush_block_policy_factory: FlushBlockBySizePolicyFactory (0x7f0ea037eb30)
  cache_index_and_filter_blocks: 0
  cache_index_and_filter_blocks_with_high_priority: 0
  pin_l0_filter_and_index_blocks_in_cache: 0
  index_type: 0
  hash_index_allow_collision: 1
  checksum: 1
  no_block_cache: 0
  block_cache: 0x7f0ea038ac80
  block_cache_name: LRUCache
  block_cache_options:
    capacity : 8388608
    num_shard_bits : 4
    strict_capacity_limit : 0
    high_pri_pool_ratio: 0.000
  block_cache_compressed: (nil)
  persistent_cache: (nil)
  block_size: 8192
  block_size_deviation: 10
  block_restart_interval: 16
  index_block_restart_interval: 1
  metadata_block_size: 4096
  partition_filters: 0
  use_delta_encoding: 1
  filter_policy: nullptr
  whole_key_filtering: 1
  verify_compression: 0
  read_amp_bytes_per_bit: 0
  format_version: 2
  enable_index_compression: 1
  block_align: 0
2018/12/20-09:38:31.956276 7f0ef687e700        Options.write_buffer_size: 134217728
2018/12/20-09:38:31.956277 7f0ef687e700  Options.max_write_buffer_number: 24
2018/12/20-09:38:31.956279 7f0ef687e700        Options.compression[0]: NoCompression
2018/12/20-09:38:31.956280 7f0ef687e700        Options.compression[1]: NoCompression
2018/12/20-09:38:31.956281 7f0ef687e700        Options.compression[2]: LZ4
2018/12/20-09:38:31.956282 7f0ef687e700        Options.compression[3]: LZ4
2018/12/20-09:38:31.956283 7f0ef687e700        Options.compression[4]: LZ4
2018/12/20-09:38:31.956284 7f0ef687e700        Options.compression[5]: LZ4
2018/12/20-09:38:31.956285 7f0ef687e700        Options.compression[6]: LZ4
2018/12/20-09:38:31.956286 7f0ef687e700                  Options.bottommost_compression: Disabled
2018/12/20-09:38:31.956287 7f0ef687e700       Options.prefix_extractor: nullptr
2018/12/20-09:38:31.956288 7f0ef687e700   Options.memtable_insert_with_hint_prefix_extractor: nullptr
2018/12/20-09:38:31.956289 7f0ef687e700             Options.num_levels: 7
2018/12/20-09:38:31.956290 7f0ef687e700        Options.min_write_buffer_number_to_merge: 2
2018/12/20-09:38:31.956291 7f0ef687e700     Options.max_write_buffer_number_to_maintain: 0
2018/12/20-09:38:31.956292 7f0ef687e700            Options.compression_opts.window_bits: -14
2018/12/20-09:38:31.956293 7f0ef687e700                  Options.compression_opts.level: -1
2018/12/20-09:38:31.956294 7f0ef687e700               Options.compression_opts.strategy: 0
2018/12/20-09:38:31.956295 7f0ef687e700         Options.compression_opts.max_dict_bytes: 0
2018/12/20-09:38:31.956296 7f0ef687e700         Options.compression_opts.zstd_max_train_bytes: 0
2018/12/20-09:38:31.956297 7f0ef687e700      Options.level0_file_num_compaction_trigger: 2
2018/12/20-09:38:31.956298 7f0ef687e700          Options.level0_slowdown_writes_trigger: 20
2018/12/20-09:38:31.956299 7f0ef687e700              Options.level0_stop_writes_trigger: 36
2018/12/20-09:38:31.956300 7f0ef687e700                   Options.target_file_size_base: 67108864
2018/12/20-09:38:31.956301 7f0ef687e700             Options.target_file_size_multiplier: 1
2018/12/20-09:38:31.956302 7f0ef687e700                Options.max_bytes_for_level_base: 536870912
2018/12/20-09:38:31.956303 7f0ef687e700 Options.level_compaction_dynamic_level_bytes: 0
2018/12/20-09:38:31.956304 7f0ef687e700          Options.max_bytes_for_level_multiplier: 10.000000
2018/12/20-09:38:31.956306 7f0ef687e700 Options.max_bytes_for_level_multiplier_addtl[0]: 1
2018/12/20-09:38:31.956307 7f0ef687e700 Options.max_bytes_for_level_multiplier_addtl[1]: 1
2018/12/20-09:38:31.956308 7f0ef687e700 Options.max_bytes_for_level_multiplier_addtl[2]: 1
2018/12/20-09:38:31.956309 7f0ef687e700 Options.max_bytes_for_level_multiplier_addtl[3]: 1
2018/12/20-09:38:31.956310 7f0ef687e700 Options.max_bytes_for_level_multiplier_addtl[4]: 1
2018/12/20-09:38:31.956311 7f0ef687e700 Options.max_bytes_for_level_multiplier_addtl[5]: 1
2018/12/20-09:38:31.956312 7f0ef687e700 Options.max_bytes_for_level_multiplier_addtl[6]: 1
2018/12/20-09:38:31.956313 7f0ef687e700       Options.max_sequential_skip_in_iterations: 8
2018/12/20-09:38:31.956314 7f0ef687e700                    Options.max_compaction_bytes: 1677721600
2018/12/20-09:38:31.956315 7f0ef687e700                        Options.arena_block_size: 16777216
2018/12/20-09:38:31.956316 7f0ef687e700   Options.soft_pending_compaction_bytes_limit: 68719476736
2018/12/20-09:38:31.956317 7f0ef687e700   Options.hard_pending_compaction_bytes_limit: 274877906944
2018/12/20-09:38:31.956324 7f0ef687e700       Options.rate_limit_delay_max_milliseconds: 100
2018/12/20-09:38:31.956325 7f0ef687e700                Options.disable_auto_compactions: 0
2018/12/20-09:38:31.956327 7f0ef687e700                        Options.compaction_style: kCompactionStyleLevel
2018/12/20-09:38:31.956329 7f0ef687e700                          Options.compaction_pri: kByCompensatedSize
2018/12/20-09:38:31.956330 7f0ef687e700 Options.compaction_options_universal.size_ratio: 1
2018/12/20-09:38:31.956331 7f0ef687e700 Options.compaction_options_universal.min_merge_width: 2
2018/12/20-09:38:31.956332 7f0ef687e700 Options.compaction_options_universal.max_merge_width: 4294967295
2018/12/20-09:38:31.956333 7f0ef687e700 Options.compaction_options_universal.max_size_amplification_percent: 200
2018/12/20-09:38:31.956334 7f0ef687e700 Options.compaction_options_universal.compression_size_percent: -1
2018/12/20-09:38:31.956336 7f0ef687e700 Options.compaction_options_universal.stop_style: kCompactionStopStyleTotalSize
2018/12/20-09:38:31.956337 7f0ef687e700 Options.compaction_options_fifo.max_table_files_size: 1073741824
2018/12/20-09:38:31.956338 7f0ef687e700 Options.compaction_options_fifo.allow_compaction: 0
2018/12/20-09:38:31.956339 7f0ef687e700 Options.compaction_options_fifo.ttl: 0
2018/12/20-09:38:31.956340 7f0ef687e700                   Options.table_properties_collectors: 
2018/12/20-09:38:31.956341 7f0ef687e700                   Options.inplace_update_support: 0
2018/12/20-09:38:31.956342 7f0ef687e700                 Options.inplace_update_num_locks: 10000
2018/12/20-09:38:31.956343 7f0ef687e700               Options.memtable_prefix_bloom_size_ratio: 0.000000
2018/12/20-09:38:31.956345 7f0ef687e700   Options.memtable_huge_page_size: 0
2018/12/20-09:38:31.956346 7f0ef687e700                           Options.bloom_locality: 0
2018/12/20-09:38:31.956347 7f0ef687e700                    Options.max_successive_merges: 0
2018/12/20-09:38:31.956347 7f0ef687e700                Options.optimize_filters_for_hits: 0
2018/12/20-09:38:31.956348 7f0ef687e700                Options.paranoid_file_checks: 0
2018/12/20-09:38:31.956349 7f0ef687e700                Options.force_consistency_checks: 0
2018/12/20-09:38:31.956350 7f0ef687e700                Options.report_bg_io_stats: 0
2018/12/20-09:38:31.956351 7f0ef687e700                               Options.ttl: 0
2018/12/20-09:38:31.956813 7f0ef687e700 [db/version_set.cc:3361] Recovered from manifest file:/mnt/sdb/ycsb-rocksdb-data/MANIFEST-000001 succeeded,manifest_file_number is 1, next_file_number is 3, last_sequence is 0, log_number is 0,prev_log_number is 0,max_column_family is 0,min_log_number_to_keep is 0
2018/12/20-09:38:31.956817 7f0ef687e700 [db/version_set.cc:3369] Column family [default] (ID 0), log number is 0
2018/12/20-09:38:31.956976 7f0ef687e700 [db/version_set.cc:2847] Creating manifest 4
2018/12/20-09:38:32.032003 7f0ef687e700 [db/column_family.cc:475] --------------- Options for column family [usertable]:
2018/12/20-09:38:32.032010 7f0ef687e700               Options.comparator: leveldb.BytewiseComparator
2018/12/20-09:38:32.032011 7f0ef687e700           Options.merge_operator: None
2018/12/20-09:38:32.032012 7f0ef687e700        Options.compaction_filter: None
2018/12/20-09:38:32.032013 7f0ef687e700        Options.compaction_filter_factory: None
2018/12/20-09:38:32.032014 7f0ef687e700         Options.memtable_factory: SkipListFactory
2018/12/20-09:38:32.032015 7f0ef687e700            Options.table_factory: BlockBasedTable
2018/12/20-09:38:32.032046 7f0ef687e700            table_factory options:   flush_block_policy_factory: FlushBlockBySizePolicyFactory (0x7f0ea037ec10)
  cache_index_and_filter_blocks: 0
  cache_index_and_filter_blocks_with_high_priority: 0
  pin_l0_filter_and_index_blocks_in_cache: 0
  index_type: 0
  hash_index_allow_collision: 1
  checksum: 1
  no_block_cache: 0
  block_cache: 0x7f0ea037fd30
  block_cache_name: LRUCache
  block_cache_options:
    capacity : 8388608
    num_shard_bits : 4
    strict_capacity_limit : 0
    high_pri_pool_ratio: 0.000
  block_cache_compressed: (nil)
  persistent_cache: (nil)
  block_size: 8192
  block_size_deviation: 10
  block_restart_interval: 16
  index_block_restart_interval: 1
  metadata_block_size: 4096
  partition_filters: 0
  use_delta_encoding: 1
  filter_policy: nullptr
  whole_key_filtering: 1
  verify_compression: 0
  read_amp_bytes_per_bit: 0
  format_version: 2
  enable_index_compression: 1
  block_align: 0
2018/12/20-09:38:32.032051 7f0ef687e700        Options.write_buffer_size: 134217728
2018/12/20-09:38:32.032052 7f0ef687e700  Options.max_write_buffer_number: 24
2018/12/20-09:38:32.032053 7f0ef687e700        Options.compression[0]: NoCompression
2018/12/20-09:38:32.032054 7f0ef687e700        Options.compression[1]: NoCompression
2018/12/20-09:38:32.032056 7f0ef687e700        Options.compression[2]: LZ4
2018/12/20-09:38:32.032057 7f0ef687e700        Options.compression[3]: LZ4
2018/12/20-09:38:32.032058 7f0ef687e700        Options.compression[4]: LZ4
2018/12/20-09:38:32.032058 7f0ef687e700        Options.compression[5]: LZ4
2018/12/20-09:38:32.032059 7f0ef687e700        Options.compression[6]: LZ4
2018/12/20-09:38:32.032060 7f0ef687e700                  Options.bottommost_compression: Disabled
2018/12/20-09:38:32.032061 7f0ef687e700       Options.prefix_extractor: nullptr
2018/12/20-09:38:32.032063 7f0ef687e700   Options.memtable_insert_with_hint_prefix_extractor: nullptr
2018/12/20-09:38:32.032064 7f0ef687e700             Options.num_levels: 7
2018/12/20-09:38:32.032064 7f0ef687e700        Options.min_write_buffer_number_to_merge: 2
2018/12/20-09:38:32.032065 7f0ef687e700     Options.max_write_buffer_number_to_maintain: 0
2018/12/20-09:38:32.032066 7f0ef687e700            Options.compression_opts.window_bits: -14
2018/12/20-09:38:32.032067 7f0ef687e700                  Options.compression_opts.level: -1
2018/12/20-09:38:32.032068 7f0ef687e700               Options.compression_opts.strategy: 0
2018/12/20-09:38:32.032069 7f0ef687e700         Options.compression_opts.max_dict_bytes: 0
2018/12/20-09:38:32.032070 7f0ef687e700         Options.compression_opts.zstd_max_train_bytes: 0
2018/12/20-09:38:32.032071 7f0ef687e700      Options.level0_file_num_compaction_trigger: 2
2018/12/20-09:38:32.032072 7f0ef687e700          Options.level0_slowdown_writes_trigger: 20
2018/12/20-09:38:32.032073 7f0ef687e700              Options.level0_stop_writes_trigger: 36
2018/12/20-09:38:32.032074 7f0ef687e700                   Options.target_file_size_base: 67108864
2018/12/20-09:38:32.032075 7f0ef687e700             Options.target_file_size_multiplier: 1
2018/12/20-09:38:32.032076 7f0ef687e700                Options.max_bytes_for_level_base: 536870912
2018/12/20-09:38:32.032077 7f0ef687e700 Options.level_compaction_dynamic_level_bytes: 0
2018/12/20-09:38:32.032078 7f0ef687e700          Options.max_bytes_for_level_multiplier: 10.000000
2018/12/20-09:38:32.032081 7f0ef687e700 Options.max_bytes_for_level_multiplier_addtl[0]: 1
2018/12/20-09:38:32.032093 7f0ef687e700 Options.max_bytes_for_level_multiplier_addtl[1]: 1
2018/12/20-09:38:32.032095 7f0ef687e700 Options.max_bytes_for_level_multiplier_addtl[2]: 1
2018/12/20-09:38:32.032096 7f0ef687e700 Options.max_bytes_for_level_multiplier_addtl[3]: 1
2018/12/20-09:38:32.032097 7f0ef687e700 Options.max_bytes_for_level_multiplier_addtl[4]: 1
2018/12/20-09:38:32.032098 7f0ef687e700 Options.max_bytes_for_level_multiplier_addtl[5]: 1
2018/12/20-09:38:32.032099 7f0ef687e700 Options.max_bytes_for_level_multiplier_addtl[6]: 1
2018/12/20-09:38:32.032099 7f0ef687e700       Options.max_sequential_skip_in_iterations: 8
2018/12/20-09:38:32.032100 7f0ef687e700                    Options.max_compaction_bytes: 1677721600
2018/12/20-09:38:32.032101 7f0ef687e700                        Options.arena_block_size: 16777216
2018/12/20-09:38:32.032102 7f0ef687e700   Options.soft_pending_compaction_bytes_limit: 68719476736
2018/12/20-09:38:32.032103 7f0ef687e700   Options.hard_pending_compaction_bytes_limit: 274877906944
2018/12/20-09:38:32.032104 7f0ef687e700       Options.rate_limit_delay_max_milliseconds: 100
2018/12/20-09:38:32.032105 7f0ef687e700                Options.disable_auto_compactions: 0
2018/12/20-09:38:32.032108 7f0ef687e700                        Options.compaction_style: kCompactionStyleLevel
2018/12/20-09:38:32.032110 7f0ef687e700                          Options.compaction_pri: kByCompensatedSize
2018/12/20-09:38:32.032111 7f0ef687e700 Options.compaction_options_universal.size_ratio: 1
2018/12/20-09:38:32.032112 7f0ef687e700 Options.compaction_options_universal.min_merge_width: 2
2018/12/20-09:38:32.032113 7f0ef687e700 Options.compaction_options_universal.max_merge_width: 4294967295
2018/12/20-09:38:32.032114 7f0ef687e700 Options.compaction_options_universal.max_size_amplification_percent: 200
2018/12/20-09:38:32.032115 7f0ef687e700 Options.compaction_options_universal.compression_size_percent: -1
2018/12/20-09:38:32.032117 7f0ef687e700 Options.compaction_options_universal.stop_style: kCompactionStopStyleTotalSize
2018/12/20-09:38:32.032118 7f0ef687e700 Options.compaction_options_fifo.max_table_files_size: 1073741824
2018/12/20-09:38:32.032119 7f0ef687e700 Options.compaction_options_fifo.allow_compaction: 0
2018/12/20-09:38:32.032120 7f0ef687e700 Options.compaction_options_fifo.ttl: 0
2018/12/20-09:38:32.032121 7f0ef687e700                   Options.table_properties_collectors: 
2018/12/20-09:38:32.032122 7f0ef687e700                   Options.inplace_update_support: 0
2018/12/20-09:38:32.032123 7f0ef687e700                 Options.inplace_update_num_locks: 10000
2018/12/20-09:38:32.032124 7f0ef687e700               Options.memtable_prefix_bloom_size_ratio: 0.000000
2018/12/20-09:38:32.032125 7f0ef687e700   Options.memtable_huge_page_size: 0
2018/12/20-09:38:32.032126 7f0ef687e700                           Options.bloom_locality: 0
2018/12/20-09:38:32.032127 7f0ef687e700                    Options.max_successive_merges: 0
2018/12/20-09:38:32.032128 7f0ef687e700                Options.optimize_filters_for_hits: 0
2018/12/20-09:38:32.032129 7f0ef687e700                Options.paranoid_file_checks: 0
2018/12/20-09:38:32.032130 7f0ef687e700                Options.force_consistency_checks: 0
2018/12/20-09:38:32.032131 7f0ef687e700                Options.report_bg_io_stats: 0
2018/12/20-09:38:32.032132 7f0ef687e700                               Options.ttl: 0
2018/12/20-09:38:32.032215 7f0ef687e700 [db/db_impl.cc:1396] Created column family [usertable] (ID 1)
2018/12/20-09:38:32.112858 7f0ef687e700 [db/db_impl_open.cc:1219] DB pointer 0x7f0ea03c5ca0
2018/12/20-09:38:41.072375 7f0ef596f700 [db/db_impl_write.cc:1373] [usertable] New memtable created with log file: #9. Immutable memtables: 0.
2018/12/20-09:38:50.037740 7f0ef474c700 [db/db_impl_write.cc:1373] [usertable] New memtable created with log file: #10. Immutable memtables: 1.
2018/12/20-09:38:50.037923 7f0d617fa700 [db/db_impl_compaction_flush.cc:80] [JOB 2] Syncing log #3
2018/12/20-09:38:50.970987 7f0d617fa700 [db/db_impl_compaction_flush.cc:80] [JOB 2] Syncing log #9
2018/12/20-09:38:52.148194 7f0d617fa700 (Original Log Time 2018/12/20-09:38:50.037866) [db/db_impl_compaction_flush.cc:1424] Calling FlushMemTableToOutputFile with column family [usertable], flush slots available 24, compaction slots available 1, flush slots scheduled 1, compaction slots scheduled 0
2018/12/20-09:38:52.148220 7f0d617fa700 [db/flush_job.cc:301] [usertable] [JOB 2] Flushing memtable with next log file: 9
2018/12/20-09:38:52.148234 7f0d617fa700 [db/flush_job.cc:301] [usertable] [JOB 2] Flushing memtable with next log file: 10
2018/12/20-09:38:52.148284 7f0d617fa700 EVENT_LOG_v1 {"time_micros": 1545327532148270, "job": 2, "event": "flush_started", "num_memtables": 2, "num_entries": 62730, "num_deletes": 0, "memory_usage": 260023592, "flush_reason": "Write Buffer Full"}
2018/12/20-09:38:52.148304 7f0d617fa700 [db/flush_job.cc:331] [usertable] [JOB 2] Level-0 flush table #11: started
2018/12/20-09:38:54.348509 7f0d617fa700 EVENT_LOG_v1 {"time_micros": 1545327534348486, "cf_name": "usertable", "job": 2, "event": "table_file_creation", "file_number": 11, "file_size": 259789991, "table_properties": {"data_size": 258635790, "index_size": 1153274, "filter_size": 0, "raw_key_size": 1505520, "raw_average_key_size": 24, "raw_value_size": 256942080, "raw_average_value_size": 4096, "num_data_blocks": 31365, "num_entries": 62730, "filter_policy_name": "", "kDeletedKeys": "0", "kMergeOperands": "0"}}
2018/12/20-09:38:54.348541 7f0d617fa700 [db/flush_job.cc:371] [usertable] [JOB 2] Level-0 flush table #11: 259789991 bytes OK
2018/12/20-09:38:54.409729 7f0d617fa700 (Original Log Time 2018/12/20-09:38:54.348571) [db/memtable_list.cc:377] [usertable] Level-0 commit table #11 started
2018/12/20-09:38:54.409733 7f0d617fa700 (Original Log Time 2018/12/20-09:38:54.409638) [db/memtable_list.cc:409] [usertable] Level-0 commit table #11: memtable #1 done
2018/12/20-09:38:54.409735 7f0d617fa700 (Original Log Time 2018/12/20-09:38:54.409647) [db/memtable_list.cc:409] [usertable] Level-0 commit table #11: memtable #2 done
2018/12/20-09:38:54.409736 7f0d617fa700 (Original Log Time 2018/12/20-09:38:54.409663) EVENT_LOG_v1 {"time_micros": 1545327534409655, "job": 2, "event": "flush_finished", "output_compression": "NoCompression", "lsm_state": [1, 0, 0, 0, 0, 0, 0], "immutable_memtables": 0}
2018/12/20-09:38:54.409738 7f0d617fa700 (Original Log Time 2018/12/20-09:38:54.409689) [db/db_impl_compaction_flush.cc:177] [usertable] Level summary: base level 1 max bytes base 536870912 files[1 0 0 0 0 0 0] max score 0.50
2018/12/20-09:38:54.409748 7f0d617fa700 [db/db_impl_files.cc:347] [JOB 2] Try to delete WAL files size 258979602, prev total WAL file size 322162642, number of live WAL files 3.
2018/12/20-09:38:58.721408 7f0ef6278700 [db/db_impl_write.cc:1373] [usertable] New memtable created with log file: #12. Immutable memtables: 0.
2018/12/20-09:39:07.133300 7f0ef5055700 [db/db_impl_write.cc:1373] [usertable] New memtable created with log file: #13. Immutable memtables: 1.
2018/12/20-09:39:07.133384 7f0dda7fc700 [db/db_impl_compaction_flush.cc:80] [JOB 3] Syncing log #10
2018/12/20-09:39:07.665784 7f0dda7fc700 [db/db_impl_compaction_flush.cc:80] [JOB 3] Syncing log #12
2018/12/20-09:39:08.172489 7f0dda7fc700 (Original Log Time 2018/12/20-09:39:07.133366) [db/db_impl_compaction_flush.cc:1424] Calling FlushMemTableToOutputFile with column family [usertable], flush slots available 24, compaction slots available 1, flush slots scheduled 1, compaction slots scheduled 0
2018/12/20-09:39:08.172507 7f0dda7fc700 [db/flush_job.cc:301] [usertable] [JOB 3] Flushing memtable with next log file: 12
2018/12/20-09:39:08.172515 7f0dda7fc700 [db/flush_job.cc:301] [usertable] [JOB 3] Flushing memtable with next log file: 13
2018/12/20-09:39:08.172547 7f0dda7fc700 EVENT_LOG_v1 {"time_micros": 1545327548172538, "job": 3, "event": "flush_started", "num_memtables": 2, "num_entries": 59832, "num_deletes": 0, "memory_usage": 258441624, "flush_reason": "Write Buffer Full"}
2018/12/20-09:39:08.172553 7f0dda7fc700 [db/flush_job.cc:331] [usertable] [JOB 3] Level-0 flush table #14: started
2018/12/20-09:39:10.454157 7f0dda7fc700 EVENT_LOG_v1 {"time_micros": 1545327550454134, "cf_name": "usertable", "job": 3, "event": "table_file_creation", "file_number": 14, "file_size": 247788243, "table_properties": {"data_size": 246687336, "index_size": 1099980, "filter_size": 0, "raw_key_size": 1435968, "raw_average_key_size": 24, "raw_value_size": 245071872, "raw_average_value_size": 4096, "num_data_blocks": 29916, "num_entries": 59832, "filter_policy_name": "", "kDeletedKeys": "0", "kMergeOperands": "0"}}
2018/12/20-09:39:10.454179 7f0dda7fc700 [db/flush_job.cc:371] [usertable] [JOB 3] Level-0 flush table #14: 247788243 bytes OK
2018/12/20-09:39:10.520135 7f0dda7fc700 (Original Log Time 2018/12/20-09:39:10.454202) [db/memtable_list.cc:377] [usertable] Level-0 commit table #14 started
2018/12/20-09:39:10.520140 7f0dda7fc700 (Original Log Time 2018/12/20-09:39:10.520062) [db/memtable_list.cc:409] [usertable] Level-0 commit table #14: memtable #1 done
2018/12/20-09:39:10.520143 7f0dda7fc700 (Original Log Time 2018/12/20-09:39:10.520064) [db/memtable_list.cc:409] [usertable] Level-0 commit table #14: memtable #2 done
2018/12/20-09:39:10.520145 7f0dda7fc700 (Original Log Time 2018/12/20-09:39:10.520078) EVENT_LOG_v1 {"time_micros": 1545327550520072, "job": 3, "event": "flush_finished", "output_compression": "NoCompression", "lsm_state": [2, 0, 0, 0, 0, 0, 0], "immutable_memtables": 0}
2018/12/20-09:39:10.520153 7f0dda7fc700 (Original Log Time 2018/12/20-09:39:10.520113) [db/db_impl_compaction_flush.cc:177] [usertable] Level summary: base level 1 max bytes base 536870912 files[2 0 0 0 0 0 0] max score 1.00
2018/12/20-09:39:10.520165 7f0dda7fc700 [db/db_impl_files.cc:347] [JOB 3] Try to delete WAL files size 247015788, prev total WAL file size 295978756, number of live WAL files 3.
2018/12/20-09:39:10.520375 7f0ddaffd700 [WARN] [db/db_impl.cc:491] ------- DUMPING STATS -------
2018/12/20-09:39:10.522078 7f0ddaffd700 [WARN] [db/db_impl.cc:492] 
** DB Stats **
Uptime(secs): 38.6 total, 38.6 interval
Cumulative writes: 134K writes, 134K keys, 128K commit groups, 1.0 writes per commit group, ingest: 0.52 GB, 13.72 MB/s
Cumulative WAL: 134K writes, 0 syncs, 134422.00 writes per sync, written: 0.52 GB, 13.72 MB/s
Cumulative stall: 00:00:0.000 H:M:S, 0.0 percent
Interval writes: 134K writes, 134K keys, 128K commit groups, 1.0 writes per commit group, ingest: 529.25 MB, 13.72 MB/s
Interval WAL: 134K writes, 0 syncs, 134422.00 writes per sync, written: 0.52 MB, 13.72 MB/s
Interval stall: 00:00:0.000 H:M:S, 0.0 percent

** Compaction Stats [default] **
Level    Files   Size     Score Read(GB)  Rn(GB) Rnp1(GB) Write(GB) Wnew(GB) Moved(GB) W-Amp Rd(MB/s) Wr(MB/s) Comp(sec) Comp(cnt) Avg(sec) KeyIn KeyDrop
----------------------------------------------------------------------------------------------------------------------------------------------------------
 Sum      0/0    0.00 KB   0.0      0.0     0.0      0.0       0.0      0.0       0.0   0.0      0.0      0.0         0         0    0.000       0      0
 Int      0/0    0.00 KB   0.0      0.0     0.0      0.0       0.0      0.0       0.0   0.0      0.0      0.0         0         0    0.000       0      0
Uptime(secs): 38.6 total, 38.6 interval
Flush(GB): cumulative 0.000, interval 0.000
AddFile(GB): cumulative 0.000, interval 0.000
AddFile(Total Files): cumulative 0, interval 0
AddFile(L0 Files): cumulative 0, interval 0
AddFile(Keys): cumulative 0, interval 0
Cumulative compaction: 0.00 GB write, 0.00 MB/s write, 0.00 GB read, 0.00 MB/s read, 0.0 seconds
Interval compaction: 0.00 GB write, 0.00 MB/s write, 0.00 GB read, 0.00 MB/s read, 0.0 seconds
Stalls(count): 0 level0_slowdown, 0 level0_slowdown_with_compaction, 0 level0_numfiles, 0 level0_numfiles_with_compaction, 0 stop for pending_compaction_bytes, 0 slowdown for pending_compaction_bytes, 0 memtable_compaction, 0 memtable_slowdown, interval 0 total count

** File Read Latency Histogram By Level [default] **

** Compaction Stats [usertable] **
Level    Files   Size     Score Read(GB)  Rn(GB) Rnp1(GB) Write(GB) Wnew(GB) Moved(GB) W-Amp Rd(MB/s) Wr(MB/s) Comp(sec) Comp(cnt) Avg(sec) KeyIn KeyDrop
----------------------------------------------------------------------------------------------------------------------------------------------------------
  L0      2/0   484.06 MB   1.0      0.0     0.0      0.0       0.5      0.5       0.0   1.0      0.0    108.0         4         2    2.241       0      0
 Sum      2/0   484.06 MB   0.0      0.0     0.0      0.0       0.5      0.5       0.0   1.0      0.0    108.0         4         2    2.241       0      0
 Int      0/0    0.00 KB   0.0      0.0     0.0      0.0       0.5      0.5       0.0   1.0      0.0    108.0         4         2    2.241       0      0
Uptime(secs): 38.5 total, 38.5 interval
Flush(GB): cumulative 0.473, interval 0.473
AddFile(GB): cumulative 0.000, interval 0.000
AddFile(Total Files): cumulative 0, interval 0
AddFile(L0 Files): cumulative 0, interval 0
AddFile(Keys): cumulative 0, interval 0
Cumulative compaction: 0.47 GB write, 12.58 MB/s write, 0.00 GB read, 0.00 MB/s read, 4.5 seconds
Interval compaction: 0.47 GB write, 12.58 MB/s write, 0.00 GB read, 0.00 MB/s read, 4.5 seconds
Stalls(count): 0 level0_slowdown, 0 level0_slowdown_with_compaction, 0 level0_numfiles, 0 level0_numfiles_with_compaction, 0 stop for pending_compaction_bytes, 0 slowdown for pending_compaction_bytes, 0 memtable_compaction, 0 memtable_slowdown, interval 0 total count

** File Read Latency Histogram By Level [usertable] **

** Compaction Stats [default] **
Level    Files   Size     Score Read(GB)  Rn(GB) Rnp1(GB) Write(GB) Wnew(GB) Moved(GB) W-Amp Rd(MB/s) Wr(MB/s) Comp(sec) Comp(cnt) Avg(sec) KeyIn KeyDrop
----------------------------------------------------------------------------------------------------------------------------------------------------------
 Sum      0/0    0.00 KB   0.0      0.0     0.0      0.0       0.0      0.0       0.0   0.0      0.0      0.0         0         0    0.000       0      0
 Int      0/0    0.00 KB   0.0      0.0     0.0      0.0       0.0      0.0       0.0   0.0      0.0      0.0         0         0    0.000       0      0
Uptime(secs): 38.6 total, 0.0 interval
Flush(GB): cumulative 0.000, interval 0.000
AddFile(GB): cumulative 0.000, interval 0.000
AddFile(Total Files): cumulative 0, interval 0
AddFile(L0 Files): cumulative 0, interval 0
AddFile(Keys): cumulative 0, interval 0
Cumulative compaction: 0.00 GB write, 0.00 MB/s write, 0.00 GB read, 0.00 MB/s read, 0.0 seconds
Interval compaction: 0.00 GB write, 0.00 MB/s write, 0.00 GB read, 0.00 MB/s read, 0.0 seconds
Stalls(count): 0 level0_slowdown, 0 level0_slowdown_with_compaction, 0 level0_numfiles, 0 level0_numfiles_with_compaction, 0 stop for pending_compaction_bytes, 0 slowdown for pending_compaction_bytes, 0 memtable_compaction, 0 memtable_slowdown, interval 0 total count

** File Read Latency Histogram By Level [default] **

** Compaction Stats [usertable] **
Level    Files   Size     Score Read(GB)  Rn(GB) Rnp1(GB) Write(GB) Wnew(GB) Moved(GB) W-Amp Rd(MB/s) Wr(MB/s) Comp(sec) Comp(cnt) Avg(sec) KeyIn KeyDrop
----------------------------------------------------------------------------------------------------------------------------------------------------------
  L0      2/0   484.06 MB   1.0      0.0     0.0      0.0       0.5      0.5       0.0   1.0      0.0    108.0         4         2    2.241       0      0
 Sum      2/0   484.06 MB   0.0      0.0     0.0      0.0       0.5      0.5       0.0   1.0      0.0    108.0         4         2    2.241       0      0
 Int      0/0    0.00 KB   0.0      0.0     0.0      0.0       0.0      0.0       0.0   0.0      0.0      0.0         0         0    0.000       0      0
Uptime(secs): 38.5 total, 0.0 interval
Flush(GB): cumulative 0.473, interval 0.000
AddFile(GB): cumulative 0.000, interval 0.000
AddFile(Total Files): cumulative 0, interval 0
AddFile(L0 Files): cumulative 0, interval 0
AddFile(Keys): cumulative 0, interval 0
Cumulative compaction: 0.47 GB write, 12.58 MB/s write, 0.00 GB read, 0.00 MB/s read, 4.5 seconds
Interval compaction: 0.00 GB write, 0.00 MB/s write, 0.00 GB read, 0.00 MB/s read, 0.0 seconds
Stalls(count): 0 level0_slowdown, 0 level0_slowdown_with_compaction, 0 level0_numfiles, 0 level0_numfiles_with_compaction, 0 stop for pending_compaction_bytes, 0 slowdown for pending_compaction_bytes, 0 memtable_compaction, 0 memtable_slowdown, interval 0 total count

** File Read Latency Histogram By Level [usertable] **
2018/12/20-09:39:10.586453 7f0ddaffd700 (Original Log Time 2018/12/20-09:39:10.524834) [db/db_impl_compaction_flush.cc:1835] [usertable] Moving #11 to level-1 259789991 bytes
2018/12/20-09:39:10.586458 7f0ddaffd700 (Original Log Time 2018/12/20-09:39:10.586394) EVENT_LOG_v1 {"time_micros": 1545327550586379, "job": 4, "event": "trivial_move", "destination_level": 1, "files": 1, "total_files_size": 259789991}
2018/12/20-09:39:10.586460 7f0ddaffd700 (Original Log Time 2018/12/20-09:39:10.586416) [db/db_impl_compaction_flush.cc:1864] [usertable] Moved #1 files to level-1 259789991 bytes OK: base level 1 max bytes base 536870912 files[1 1 0 0 0 0 0] max score 0.50
2018/12/20-09:39:16.098630 7f0ef596f700 [db/db_impl_write.cc:1373] [usertable] New memtable created with log file: #15. Immutable memtables: 0.
2018/12/20-09:39:25.064342 7f0ef576d700 [db/db_impl_write.cc:1373] [usertable] New memtable created with log file: #16. Immutable memtables: 1.
2018/12/20-09:39:25.064458 7f0dd9ffb700 [db/db_impl_compaction_flush.cc:80] [JOB 5] Syncing log #13
2018/12/20-09:39:25.608701 7f0dd9ffb700 [db/db_impl_compaction_flush.cc:80] [JOB 5] Syncing log #15
2018/12/20-09:39:26.131442 7f0dd9ffb700 (Original Log Time 2018/12/20-09:39:25.064441) [db/db_impl_compaction_flush.cc:1424] Calling FlushMemTableToOutputFile with column family [usertable], flush slots available 24, compaction slots available 1, flush slots scheduled 1, compaction slots scheduled 0
2018/12/20-09:39:26.131456 7f0dd9ffb700 [db/flush_job.cc:301] [usertable] [JOB 5] Flushing memtable with next log file: 15
2018/12/20-09:39:26.131462 7f0dd9ffb700 [db/flush_job.cc:301] [usertable] [JOB 5] Flushing memtable with next log file: 16
2018/12/20-09:39:26.131491 7f0dd9ffb700 EVENT_LOG_v1 {"time_micros": 1545327566131482, "job": 5, "event": "flush_started", "num_memtables": 2, "num_entries": 62762, "num_deletes": 0, "memory_usage": 260060072, "flush_reason": "Write Buffer Full"}
2018/12/20-09:39:26.131498 7f0dd9ffb700 [db/flush_job.cc:331] [usertable] [JOB 5] Level-0 flush table #17: started
2018/12/20-09:39:27.192822 7f0dd9ffb700 EVENT_LOG_v1 {"time_micros": 1545327567192799, "cf_name": "usertable", "job": 5, "event": "table_file_creation", "file_number": 17, "file_size": 259922513, "table_properties": {"data_size": 258767726, "index_size": 1153860, "filter_size": 0, "raw_key_size": 1506288, "raw_average_key_size": 24, "raw_value_size": 257073152, "raw_average_value_size": 4096, "num_data_blocks": 31381, "num_entries": 62762, "filter_policy_name": "", "kDeletedKeys": "0", "kMergeOperands": "0"}}
2018/12/20-09:39:27.192843 7f0dd9ffb700 [db/flush_job.cc:371] [usertable] [JOB 5] Level-0 flush table #17: 259922513 bytes OK
2018/12/20-09:39:27.302435 7f0dd9ffb700 (Original Log Time 2018/12/20-09:39:27.192856) [db/memtable_list.cc:377] [usertable] Level-0 commit table #17 started
2018/12/20-09:39:27.302439 7f0dd9ffb700 (Original Log Time 2018/12/20-09:39:27.302360) [db/memtable_list.cc:409] [usertable] Level-0 commit table #17: memtable #1 done
2018/12/20-09:39:27.302440 7f0dd9ffb700 (Original Log Time 2018/12/20-09:39:27.302363) [db/memtable_list.cc:409] [usertable] Level-0 commit table #17: memtable #2 done
2018/12/20-09:39:27.302442 7f0dd9ffb700 (Original Log Time 2018/12/20-09:39:27.302385) EVENT_LOG_v1 {"time_micros": 1545327567302376, "job": 5, "event": "flush_finished", "output_compression": "NoCompression", "lsm_state": [2, 1, 0, 0, 0, 0, 0], "immutable_memtables": 0}
2018/12/20-09:39:27.302444 7f0dd9ffb700 (Original Log Time 2018/12/20-09:39:27.302418) [db/db_impl_compaction_flush.cc:177] [usertable] Level summary: base level 1 max bytes base 536870912 files[2 1 0 0 0 0 0] max score 1.00
