2018/12/20-12:13:55.052310 7f6d5d1e6700 RocksDB version: 5.14.3
2018/12/20-12:13:55.052356 7f6d5d1e6700 Git sha rocksdb_build_git_sha:
2018/12/20-12:13:55.052359 7f6d5d1e6700 Compile date Dec 16 2018
2018/12/20-12:13:55.052362 7f6d5d1e6700 DB SUMMARY
2018/12/20-12:13:55.053256 7f6d5d1e6700 CURRENT file:  CURRENT
2018/12/20-12:13:55.053259 7f6d5d1e6700 IDENTITY file:  IDENTITY
2018/12/20-12:13:55.053271 7f6d5d1e6700 MANIFEST file:  MANIFEST-000004 size: 125782 Bytes
2018/12/20-12:13:55.053275 7f6d5d1e6700 SST files in /mnt/sdb/ycsb-rocksdb-data dir, Total Num: 691, files: 000021.sst 000022.sst 000023.sst 000024.sst 000028.sst 000029.sst 000030.sst 000031.sst 000035.sst 
2018/12/20-12:13:55.053276 7f6d5d1e6700 Write Ahead Log file in /mnt/sdb/ycsb-rocksdb-data: 001255.log size: 119034017 ; 001261.log size: 100487191 ; 001262.log size: 1575886 ; 
2018/12/20-12:13:55.053281 7f6d5d1e6700                         Options.error_if_exists: 0
2018/12/20-12:13:55.053282 7f6d5d1e6700                       Options.create_if_missing: 1
2018/12/20-12:13:55.053283 7f6d5d1e6700                         Options.paranoid_checks: 1
2018/12/20-12:13:55.053284 7f6d5d1e6700                                     Options.env: 0x7f6d4757f2c0
2018/12/20-12:13:55.053285 7f6d5d1e6700                                Options.info_log: 0x7f6cb03dd740
2018/12/20-12:13:55.053286 7f6d5d1e6700                Options.max_file_opening_threads: 16
2018/12/20-12:13:55.053287 7f6d5d1e6700                              Options.statistics: (nil)
2018/12/20-12:13:55.053288 7f6d5d1e6700                               Options.use_fsync: 0
2018/12/20-12:13:55.053289 7f6d5d1e6700                       Options.max_log_file_size: 0
2018/12/20-12:13:55.053290 7f6d5d1e6700                  Options.max_manifest_file_size: 18446744073709551615
2018/12/20-12:13:55.053291 7f6d5d1e6700                   Options.log_file_time_to_roll: 0
2018/12/20-12:13:55.053292 7f6d5d1e6700                       Options.keep_log_file_num: 1000
2018/12/20-12:13:55.053293 7f6d5d1e6700                    Options.recycle_log_file_num: 0
2018/12/20-12:13:55.053294 7f6d5d1e6700                         Options.allow_fallocate: 1
2018/12/20-12:13:55.053295 7f6d5d1e6700                        Options.allow_mmap_reads: 0
2018/12/20-12:13:55.053296 7f6d5d1e6700                       Options.allow_mmap_writes: 0
2018/12/20-12:13:55.053297 7f6d5d1e6700                        Options.use_direct_reads: 0
2018/12/20-12:13:55.053298 7f6d5d1e6700                        Options.use_direct_io_for_flush_and_compaction: 0
2018/12/20-12:13:55.053299 7f6d5d1e6700          Options.create_missing_column_families: 1
2018/12/20-12:13:55.053300 7f6d5d1e6700                              Options.db_log_dir: 
2018/12/20-12:13:55.053301 7f6d5d1e6700                                 Options.wal_dir: /mnt/sdb/ycsb-rocksdb-data
2018/12/20-12:13:55.053302 7f6d5d1e6700                Options.table_cache_numshardbits: 6
2018/12/20-12:13:55.053303 7f6d5d1e6700                      Options.max_subcompactions: 4
2018/12/20-12:13:55.053304 7f6d5d1e6700                  Options.max_background_flushes: 24
2018/12/20-12:13:55.053305 7f6d5d1e6700                         Options.WAL_ttl_seconds: 0
2018/12/20-12:13:55.053305 7f6d5d1e6700                       Options.WAL_size_limit_MB: 0
2018/12/20-12:13:55.053306 7f6d5d1e6700             Options.manifest_preallocation_size: 4194304
2018/12/20-12:13:55.053307 7f6d5d1e6700                     Options.is_fd_close_on_exec: 1
2018/12/20-12:13:55.053308 7f6d5d1e6700                   Options.advise_random_on_open: 1
2018/12/20-12:13:55.053309 7f6d5d1e6700                    Options.db_write_buffer_size: 0
2018/12/20-12:13:55.053310 7f6d5d1e6700                    Options.write_buffer_manager: 0x7f6cb03da510
2018/12/20-12:13:55.053311 7f6d5d1e6700         Options.access_hint_on_compaction_start: 1
2018/12/20-12:13:55.053312 7f6d5d1e6700  Options.new_table_reader_for_compaction_inputs: 0
2018/12/20-12:13:55.053313 7f6d5d1e6700           Options.random_access_max_buffer_size: 1048576
2018/12/20-12:13:55.053314 7f6d5d1e6700                      Options.use_adaptive_mutex: 0
2018/12/20-12:13:55.053334 7f6d5d1e6700                            Options.rate_limiter: (nil)
2018/12/20-12:13:55.053337 7f6d5d1e6700     Options.sst_file_manager.rate_bytes_per_sec: 0
2018/12/20-12:13:55.053338 7f6d5d1e6700                       Options.wal_recovery_mode: 2
2018/12/20-12:13:55.053339 7f6d5d1e6700                  Options.enable_thread_tracking: 0
2018/12/20-12:13:55.053340 7f6d5d1e6700                  Options.enable_pipelined_write: 1
2018/12/20-12:13:55.053341 7f6d5d1e6700         Options.allow_concurrent_memtable_write: 1
2018/12/20-12:13:55.053342 7f6d5d1e6700      Options.enable_write_thread_adaptive_yield: 1
2018/12/20-12:13:55.053343 7f6d5d1e6700             Options.write_thread_max_yield_usec: 100
2018/12/20-12:13:55.053344 7f6d5d1e6700            Options.write_thread_slow_yield_usec: 3
2018/12/20-12:13:55.053345 7f6d5d1e6700                               Options.row_cache: None
2018/12/20-12:13:55.053346 7f6d5d1e6700                              Options.wal_filter: None
2018/12/20-12:13:55.053347 7f6d5d1e6700             Options.avoid_flush_during_recovery: 0
2018/12/20-12:13:55.053348 7f6d5d1e6700             Options.allow_ingest_behind: 0
2018/12/20-12:13:55.053348 7f6d5d1e6700             Options.preserve_deletes: 0
2018/12/20-12:13:55.053349 7f6d5d1e6700             Options.two_write_queues: 0
2018/12/20-12:13:55.053350 7f6d5d1e6700             Options.manual_wal_flush: 0
2018/12/20-12:13:55.053352 7f6d5d1e6700             Options.max_background_jobs: 24
2018/12/20-12:13:55.053353 7f6d5d1e6700             Options.max_background_compactions: 24
2018/12/20-12:13:55.053354 7f6d5d1e6700             Options.avoid_flush_during_shutdown: 0
2018/12/20-12:13:55.053355 7f6d5d1e6700           Options.writable_file_max_buffer_size: 1048576
2018/12/20-12:13:55.053356 7f6d5d1e6700             Options.delayed_write_rate : 16777216
2018/12/20-12:13:55.053357 7f6d5d1e6700             Options.max_total_wal_size: 0
2018/12/20-12:13:55.053358 7f6d5d1e6700             Options.delete_obsolete_files_period_micros: 21600000000
2018/12/20-12:13:55.053359 7f6d5d1e6700                   Options.stats_dump_period_sec: 60
2018/12/20-12:13:55.053360 7f6d5d1e6700                          Options.max_open_files: -1
2018/12/20-12:13:55.053361 7f6d5d1e6700                          Options.bytes_per_sync: 1048576
2018/12/20-12:13:55.053362 7f6d5d1e6700                      Options.wal_bytes_per_sync: 0
2018/12/20-12:13:55.053363 7f6d5d1e6700       Options.compaction_readahead_size: 0
2018/12/20-12:13:55.053363 7f6d5d1e6700 Compression algorithms supported:
2018/12/20-12:13:55.053365 7f6d5d1e6700 	kZSTDNotFinalCompression supported: 1
2018/12/20-12:13:55.053373 7f6d5d1e6700 	kZSTD supported: 1
2018/12/20-12:13:55.053374 7f6d5d1e6700 	kXpressCompression supported: 0
2018/12/20-12:13:55.053375 7f6d5d1e6700 	kLZ4HCCompression supported: 1
2018/12/20-12:13:55.053377 7f6d5d1e6700 	kLZ4Compression supported: 1
2018/12/20-12:13:55.053378 7f6d5d1e6700 	kBZip2Compression supported: 1
2018/12/20-12:13:55.053379 7f6d5d1e6700 	kZlibCompression supported: 1
2018/12/20-12:13:55.053380 7f6d5d1e6700 	kSnappyCompression supported: 1
2018/12/20-12:13:55.053384 7f6d5d1e6700 Fast CRC32 supported: Supported on x86
2018/12/20-12:13:55.053785 7f6d5d1e6700 [db/version_set.cc:3085] Recovering from manifest file: MANIFEST-000004
2018/12/20-12:13:55.053874 7f6d5d1e6700 [db/column_family.cc:475] --------------- Options for column family [default]:
2018/12/20-12:13:55.053878 7f6d5d1e6700               Options.comparator: leveldb.BytewiseComparator
2018/12/20-12:13:55.053879 7f6d5d1e6700           Options.merge_operator: None
2018/12/20-12:13:55.053880 7f6d5d1e6700        Options.compaction_filter: None
2018/12/20-12:13:55.053881 7f6d5d1e6700        Options.compaction_filter_factory: None
2018/12/20-12:13:55.053882 7f6d5d1e6700         Options.memtable_factory: SkipListFactory
2018/12/20-12:13:55.053883 7f6d5d1e6700            Options.table_factory: BlockBasedTable
2018/12/20-12:13:55.053905 7f6d5d1e6700            table_factory options:   flush_block_policy_factory: FlushBlockBySizePolicyFactory (0x7f6cb0376e70)
  cache_index_and_filter_blocks: 0
  cache_index_and_filter_blocks_with_high_priority: 0
  pin_l0_filter_and_index_blocks_in_cache: 0
  index_type: 0
  hash_index_allow_collision: 1
  checksum: 1
  no_block_cache: 0
  block_cache: 0x7f6cb0382e50
  block_cache_name: LRUCache
  block_cache_options:
    capacity : 8388608
    num_shard_bits : 4
    strict_capacity_limit : 0
    high_pri_pool_ratio: 0.000
  block_cache_compressed: (nil)
  persistent_cache: (nil)
  block_size: 8192
  block_size_deviation: 10
  block_restart_interval: 16
  index_block_restart_interval: 1
  metadata_block_size: 4096
  partition_filters: 0
  use_delta_encoding: 1
  filter_policy: nullptr
  whole_key_filtering: 1
  verify_compression: 0
  read_amp_bytes_per_bit: 0
  format_version: 2
  enable_index_compression: 1
  block_align: 0
2018/12/20-12:13:55.053918 7f6d5d1e6700        Options.write_buffer_size: 134217728
2018/12/20-12:13:55.053919 7f6d5d1e6700  Options.max_write_buffer_number: 24
2018/12/20-12:13:55.053921 7f6d5d1e6700        Options.compression[0]: NoCompression
2018/12/20-12:13:55.053922 7f6d5d1e6700        Options.compression[1]: NoCompression
2018/12/20-12:13:55.053923 7f6d5d1e6700        Options.compression[2]: LZ4
2018/12/20-12:13:55.053924 7f6d5d1e6700        Options.compression[3]: LZ4
2018/12/20-12:13:55.053925 7f6d5d1e6700        Options.compression[4]: LZ4
2018/12/20-12:13:55.053926 7f6d5d1e6700        Options.compression[5]: LZ4
2018/12/20-12:13:55.053927 7f6d5d1e6700        Options.compression[6]: LZ4
2018/12/20-12:13:55.053928 7f6d5d1e6700                  Options.bottommost_compression: Disabled
2018/12/20-12:13:55.053929 7f6d5d1e6700       Options.prefix_extractor: nullptr
2018/12/20-12:13:55.053931 7f6d5d1e6700   Options.memtable_insert_with_hint_prefix_extractor: nullptr
2018/12/20-12:13:55.053931 7f6d5d1e6700             Options.num_levels: 7
2018/12/20-12:13:55.053932 7f6d5d1e6700        Options.min_write_buffer_number_to_merge: 2
2018/12/20-12:13:55.053933 7f6d5d1e6700     Options.max_write_buffer_number_to_maintain: 0
2018/12/20-12:13:55.053934 7f6d5d1e6700            Options.compression_opts.window_bits: -14
2018/12/20-12:13:55.053935 7f6d5d1e6700                  Options.compression_opts.level: -1
2018/12/20-12:13:55.053936 7f6d5d1e6700               Options.compression_opts.strategy: 0
2018/12/20-12:13:55.053937 7f6d5d1e6700         Options.compression_opts.max_dict_bytes: 0
2018/12/20-12:13:55.053938 7f6d5d1e6700         Options.compression_opts.zstd_max_train_bytes: 0
2018/12/20-12:13:55.053939 7f6d5d1e6700      Options.level0_file_num_compaction_trigger: 2
2018/12/20-12:13:55.053940 7f6d5d1e6700          Options.level0_slowdown_writes_trigger: 20
2018/12/20-12:13:55.053941 7f6d5d1e6700              Options.level0_stop_writes_trigger: 36
2018/12/20-12:13:55.053942 7f6d5d1e6700                   Options.target_file_size_base: 67108864
2018/12/20-12:13:55.053943 7f6d5d1e6700             Options.target_file_size_multiplier: 1
2018/12/20-12:13:55.053943 7f6d5d1e6700                Options.max_bytes_for_level_base: 536870912
2018/12/20-12:13:55.053944 7f6d5d1e6700 Options.level_compaction_dynamic_level_bytes: 0
2018/12/20-12:13:55.053945 7f6d5d1e6700          Options.max_bytes_for_level_multiplier: 10.000000
2018/12/20-12:13:55.053948 7f6d5d1e6700 Options.max_bytes_for_level_multiplier_addtl[0]: 1
2018/12/20-12:13:55.053949 7f6d5d1e6700 Options.max_bytes_for_level_multiplier_addtl[1]: 1
2018/12/20-12:13:55.053950 7f6d5d1e6700 Options.max_bytes_for_level_multiplier_addtl[2]: 1
2018/12/20-12:13:55.053951 7f6d5d1e6700 Options.max_bytes_for_level_multiplier_addtl[3]: 1
2018/12/20-12:13:55.053952 7f6d5d1e6700 Options.max_bytes_for_level_multiplier_addtl[4]: 1
2018/12/20-12:13:55.053953 7f6d5d1e6700 Options.max_bytes_for_level_multiplier_addtl[5]: 1
2018/12/20-12:13:55.053954 7f6d5d1e6700 Options.max_bytes_for_level_multiplier_addtl[6]: 1
2018/12/20-12:13:55.053954 7f6d5d1e6700       Options.max_sequential_skip_in_iterations: 8
2018/12/20-12:13:55.053955 7f6d5d1e6700                    Options.max_compaction_bytes: 1677721600
2018/12/20-12:13:55.053962 7f6d5d1e6700                        Options.arena_block_size: 16777216
2018/12/20-12:13:55.053963 7f6d5d1e6700   Options.soft_pending_compaction_bytes_limit: 68719476736
2018/12/20-12:13:55.053964 7f6d5d1e6700   Options.hard_pending_compaction_bytes_limit: 274877906944
2018/12/20-12:13:55.053965 7f6d5d1e6700       Options.rate_limit_delay_max_milliseconds: 100
2018/12/20-12:13:55.053966 7f6d5d1e6700                Options.disable_auto_compactions: 0
2018/12/20-12:13:55.053968 7f6d5d1e6700                        Options.compaction_style: kCompactionStyleLevel
2018/12/20-12:13:55.053970 7f6d5d1e6700                          Options.compaction_pri: kByCompensatedSize
2018/12/20-12:13:55.053971 7f6d5d1e6700 Options.compaction_options_universal.size_ratio: 1
2018/12/20-12:13:55.053972 7f6d5d1e6700 Options.compaction_options_universal.min_merge_width: 2
2018/12/20-12:13:55.053973 7f6d5d1e6700 Options.compaction_options_universal.max_merge_width: 4294967295
2018/12/20-12:13:55.053974 7f6d5d1e6700 Options.compaction_options_universal.max_size_amplification_percent: 200
2018/12/20-12:13:55.053975 7f6d5d1e6700 Options.compaction_options_universal.compression_size_percent: -1
2018/12/20-12:13:55.053976 7f6d5d1e6700 Options.compaction_options_universal.stop_style: kCompactionStopStyleTotalSize
2018/12/20-12:13:55.053978 7f6d5d1e6700 Options.compaction_options_fifo.max_table_files_size: 1073741824
2018/12/20-12:13:55.053979 7f6d5d1e6700 Options.compaction_options_fifo.allow_compaction: 0
2018/12/20-12:13:55.053980 7f6d5d1e6700 Options.compaction_options_fifo.ttl: 0
2018/12/20-12:13:55.053980 7f6d5d1e6700                   Options.table_properties_collectors: 
2018/12/20-12:13:55.053982 7f6d5d1e6700                   Options.inplace_update_support: 0
2018/12/20-12:13:55.053982 7f6d5d1e6700                 Options.inplace_update_num_locks: 10000
2018/12/20-12:13:55.053983 7f6d5d1e6700               Options.memtable_prefix_bloom_size_ratio: 0.000000
2018/12/20-12:13:55.053985 7f6d5d1e6700   Options.memtable_huge_page_size: 0
2018/12/20-12:13:55.053986 7f6d5d1e6700                           Options.bloom_locality: 0
2018/12/20-12:13:55.053987 7f6d5d1e6700                    Options.max_successive_merges: 0
2018/12/20-12:13:55.053988 7f6d5d1e6700                Options.optimize_filters_for_hits: 0
2018/12/20-12:13:55.053989 7f6d5d1e6700                Options.paranoid_file_checks: 0
2018/12/20-12:13:55.053990 7f6d5d1e6700                Options.force_consistency_checks: 0
2018/12/20-12:13:55.053990 7f6d5d1e6700                Options.report_bg_io_stats: 0
2018/12/20-12:13:55.053991 7f6d5d1e6700                               Options.ttl: 0
2018/12/20-12:13:55.054469 7f6d5d1e6700 [db/column_family.cc:475] --------------- Options for column family [usertable]:
2018/12/20-12:13:55.054472 7f6d5d1e6700               Options.comparator: leveldb.BytewiseComparator
2018/12/20-12:13:55.054473 7f6d5d1e6700           Options.merge_operator: None
2018/12/20-12:13:55.054474 7f6d5d1e6700        Options.compaction_filter: None
2018/12/20-12:13:55.054475 7f6d5d1e6700        Options.compaction_filter_factory: None
2018/12/20-12:13:55.054476 7f6d5d1e6700         Options.memtable_factory: SkipListFactory
2018/12/20-12:13:55.054477 7f6d5d1e6700            Options.table_factory: BlockBasedTable
2018/12/20-12:13:55.054499 7f6d5d1e6700            table_factory options:   flush_block_policy_factory: FlushBlockBySizePolicyFactory (0x7f6cb0376c40)
  cache_index_and_filter_blocks: 0
  cache_index_and_filter_blocks_with_high_priority: 0
  pin_l0_filter_and_index_blocks_in_cache: 0
  index_type: 0
  hash_index_allow_collision: 1
  checksum: 1
  no_block_cache: 0
  block_cache: 0x7f6cb03776e0
  block_cache_name: LRUCache
  block_cache_options:
    capacity : 8388608
    num_shard_bits : 4
    strict_capacity_limit : 0
    high_pri_pool_ratio: 0.000
  block_cache_compressed: (nil)
  persistent_cache: (nil)
  block_size: 8192
  block_size_deviation: 10
  block_restart_interval: 16
  index_block_restart_interval: 1
  metadata_block_size: 4096
  partition_filters: 0
  use_delta_encoding: 1
  filter_policy: nullptr
  whole_key_filtering: 1
  verify_compression: 0
  read_amp_bytes_per_bit: 0
  format_version: 2
  enable_index_compression: 1
  block_align: 0
2018/12/20-12:13:55.054509 7f6d5d1e6700        Options.write_buffer_size: 134217728
2018/12/20-12:13:55.054511 7f6d5d1e6700  Options.max_write_buffer_number: 24
2018/12/20-12:13:55.054512 7f6d5d1e6700        Options.compression[0]: NoCompression
2018/12/20-12:13:55.054513 7f6d5d1e6700        Options.compression[1]: NoCompression
2018/12/20-12:13:55.054514 7f6d5d1e6700        Options.compression[2]: LZ4
2018/12/20-12:13:55.054516 7f6d5d1e6700        Options.compression[3]: LZ4
2018/12/20-12:13:55.054517 7f6d5d1e6700        Options.compression[4]: LZ4
2018/12/20-12:13:55.054518 7f6d5d1e6700        Options.compression[5]: LZ4
2018/12/20-12:13:55.054519 7f6d5d1e6700        Options.compression[6]: LZ4
2018/12/20-12:13:55.054520 7f6d5d1e6700                  Options.bottommost_compression: Disabled
2018/12/20-12:13:55.054521 7f6d5d1e6700       Options.prefix_extractor: nullptr
2018/12/20-12:13:55.054522 7f6d5d1e6700   Options.memtable_insert_with_hint_prefix_extractor: nullptr
2018/12/20-12:13:55.054523 7f6d5d1e6700             Options.num_levels: 7
2018/12/20-12:13:55.054523 7f6d5d1e6700        Options.min_write_buffer_number_to_merge: 2
2018/12/20-12:13:55.054524 7f6d5d1e6700     Options.max_write_buffer_number_to_maintain: 0
2018/12/20-12:13:55.054525 7f6d5d1e6700            Options.compression_opts.window_bits: -14
2018/12/20-12:13:55.054526 7f6d5d1e6700                  Options.compression_opts.level: -1
2018/12/20-12:13:55.054527 7f6d5d1e6700               Options.compression_opts.strategy: 0
2018/12/20-12:13:55.054528 7f6d5d1e6700         Options.compression_opts.max_dict_bytes: 0
2018/12/20-12:13:55.054529 7f6d5d1e6700         Options.compression_opts.zstd_max_train_bytes: 0
2018/12/20-12:13:55.054530 7f6d5d1e6700      Options.level0_file_num_compaction_trigger: 2
2018/12/20-12:13:55.054531 7f6d5d1e6700          Options.level0_slowdown_writes_trigger: 20
2018/12/20-12:13:55.054532 7f6d5d1e6700              Options.level0_stop_writes_trigger: 36
2018/12/20-12:13:55.054533 7f6d5d1e6700                   Options.target_file_size_base: 67108864
2018/12/20-12:13:55.054533 7f6d5d1e6700             Options.target_file_size_multiplier: 1
2018/12/20-12:13:55.054534 7f6d5d1e6700                Options.max_bytes_for_level_base: 536870912
2018/12/20-12:13:55.054535 7f6d5d1e6700 Options.level_compaction_dynamic_level_bytes: 0
2018/12/20-12:13:55.054536 7f6d5d1e6700          Options.max_bytes_for_level_multiplier: 10.000000
2018/12/20-12:13:55.054538 7f6d5d1e6700 Options.max_bytes_for_level_multiplier_addtl[0]: 1
2018/12/20-12:13:55.054539 7f6d5d1e6700 Options.max_bytes_for_level_multiplier_addtl[1]: 1
2018/12/20-12:13:55.054540 7f6d5d1e6700 Options.max_bytes_for_level_multiplier_addtl[2]: 1
2018/12/20-12:13:55.054541 7f6d5d1e6700 Options.max_bytes_for_level_multiplier_addtl[3]: 1
2018/12/20-12:13:55.054542 7f6d5d1e6700 Options.max_bytes_for_level_multiplier_addtl[4]: 1
2018/12/20-12:13:55.054543 7f6d5d1e6700 Options.max_bytes_for_level_multiplier_addtl[5]: 1
2018/12/20-12:13:55.054544 7f6d5d1e6700 Options.max_bytes_for_level_multiplier_addtl[6]: 1
2018/12/20-12:13:55.054545 7f6d5d1e6700       Options.max_sequential_skip_in_iterations: 8
2018/12/20-12:13:55.054546 7f6d5d1e6700                    Options.max_compaction_bytes: 1677721600
2018/12/20-12:13:55.054547 7f6d5d1e6700                        Options.arena_block_size: 16777216
2018/12/20-12:13:55.054548 7f6d5d1e6700   Options.soft_pending_compaction_bytes_limit: 68719476736
2018/12/20-12:13:55.054549 7f6d5d1e6700   Options.hard_pending_compaction_bytes_limit: 274877906944
2018/12/20-12:13:55.054550 7f6d5d1e6700       Options.rate_limit_delay_max_milliseconds: 100
2018/12/20-12:13:55.054551 7f6d5d1e6700                Options.disable_auto_compactions: 0
2018/12/20-12:13:55.054552 7f6d5d1e6700                        Options.compaction_style: kCompactionStyleLevel
2018/12/20-12:13:55.054568 7f6d5d1e6700                          Options.compaction_pri: kByCompensatedSize
2018/12/20-12:13:55.054570 7f6d5d1e6700 Options.compaction_options_universal.size_ratio: 1
2018/12/20-12:13:55.054571 7f6d5d1e6700 Options.compaction_options_universal.min_merge_width: 2
2018/12/20-12:13:55.054572 7f6d5d1e6700 Options.compaction_options_universal.max_merge_width: 4294967295
2018/12/20-12:13:55.054573 7f6d5d1e6700 Options.compaction_options_universal.max_size_amplification_percent: 200
2018/12/20-12:13:55.054573 7f6d5d1e6700 Options.compaction_options_universal.compression_size_percent: -1
2018/12/20-12:13:55.054575 7f6d5d1e6700 Options.compaction_options_universal.stop_style: kCompactionStopStyleTotalSize
2018/12/20-12:13:55.054576 7f6d5d1e6700 Options.compaction_options_fifo.max_table_files_size: 1073741824
2018/12/20-12:13:55.054577 7f6d5d1e6700 Options.compaction_options_fifo.allow_compaction: 0
2018/12/20-12:13:55.054578 7f6d5d1e6700 Options.compaction_options_fifo.ttl: 0
2018/12/20-12:13:55.054579 7f6d5d1e6700                   Options.table_properties_collectors: 
2018/12/20-12:13:55.054580 7f6d5d1e6700                   Options.inplace_update_support: 0
2018/12/20-12:13:55.054580 7f6d5d1e6700                 Options.inplace_update_num_locks: 10000
2018/12/20-12:13:55.054581 7f6d5d1e6700               Options.memtable_prefix_bloom_size_ratio: 0.000000
2018/12/20-12:13:55.054583 7f6d5d1e6700   Options.memtable_huge_page_size: 0
2018/12/20-12:13:55.054584 7f6d5d1e6700                           Options.bloom_locality: 0
2018/12/20-12:13:55.054585 7f6d5d1e6700                    Options.max_successive_merges: 0
2018/12/20-12:13:55.054586 7f6d5d1e6700                Options.optimize_filters_for_hits: 0
2018/12/20-12:13:55.054587 7f6d5d1e6700                Options.paranoid_file_checks: 0
2018/12/20-12:13:55.054588 7f6d5d1e6700                Options.force_consistency_checks: 0
2018/12/20-12:13:55.054589 7f6d5d1e6700                Options.report_bg_io_stats: 0
2018/12/20-12:13:55.054589 7f6d5d1e6700                               Options.ttl: 0
2018/12/20-12:13:55.619854 7f6d5d1e6700 [db/version_set.cc:3361] Recovered from manifest file:/mnt/sdb/ycsb-rocksdb-data/MANIFEST-000004 succeeded,manifest_file_number is 4, next_file_number is 1262, last_sequence is 10407168, log_number is 0,prev_log_number is 0,max_column_family is 1,min_log_number_to_keep is 0
2018/12/20-12:13:55.619865 7f6d5d1e6700 [db/version_set.cc:3369] Column family [default] (ID 0), log number is 0
2018/12/20-12:13:55.619867 7f6d5d1e6700 [db/version_set.cc:3369] Column family [usertable] (ID 1), log number is 1255
2018/12/20-12:13:55.621990 7f6d5d1e6700 EVENT_LOG_v1 {"time_micros": 1545336835621979, "job": 1, "event": "recovery_started", "log_files": [1255, 1261, 1262]}
2018/12/20-12:13:55.621997 7f6d5d1e6700 [db/db_impl_open.cc:551] Recovering log #1255 mode 2
2018/12/20-12:13:55.956262 7f6d5d1e6700 [db/db_impl_open.cc:551] Recovering log #1261 mode 2
2018/12/20-12:13:57.200730 7f6d5d1e6700 EVENT_LOG_v1 {"time_micros": 1545336837200700, "cf_name": "usertable", "job": 1, "event": "table_file_creation", "file_number": 1262, "file_size": 129895354, "table_properties": {"data_size": 129317909, "index_size": 576523, "filter_size": 0, "raw_key_size": 752760, "raw_average_key_size": 24, "raw_value_size": 128471040, "raw_average_value_size": 4096, "num_data_blocks": 15683, "num_entries": 31365, "filter_policy_name": "", "kDeletedKeys": "0", "kMergeOperands": "0"}}
2018/12/20-12:13:57.840361 7f6d5d1e6700 [db/db_impl_open.cc:551] Recovering log #1262 mode 2
2018/12/20-12:13:57.857563 7f6d5d1e6700 [db/version_set.cc:2847] Creating manifest 1264
2018/12/20-12:13:58.327335 7f6d5d1e6700 EVENT_LOG_v1 {"time_micros": 1545336838327309, "cf_name": "usertable", "job": 1, "event": "table_file_creation", "file_number": 1265, "file_size": 91488847, "table_properties": {"data_size": 91079524, "index_size": 408401, "filter_size": 0, "raw_key_size": 530160, "raw_average_key_size": 24, "raw_value_size": 90480640, "raw_average_value_size": 4096, "num_data_blocks": 11045, "num_entries": 22090, "filter_policy_name": "", "kDeletedKeys": "0", "kMergeOperands": "0"}}
2018/12/20-12:13:58.358678 7f6d5d1e6700 EVENT_LOG_v1 {"time_micros": 1545336838358671, "job": 1, "event": "recovery_finished"}
2018/12/20-12:13:58.428785 7f6d5d1e6700 [db/db_impl_open.cc:1219] DB pointer 0x7f6cb03ddc90
2018/12/20-12:13:58.429076 7f6d2dffb700 [WARN] [db/db_impl.cc:491] ------- DUMPING STATS -------
2018/12/20-12:13:58.429122 7f6d2dffb700 [WARN] [db/db_impl.cc:492] 
** DB Stats **
Uptime(secs): 3.4 total, 3.4 interval
Cumulative writes: 0 writes, 0 keys, 0 commit groups, 0.0 writes per commit group, ingest: 0.00 GB, 0.00 MB/s
Cumulative WAL: 0 writes, 0 syncs, 0.00 writes per sync, written: 0.00 GB, 0.00 MB/s
Cumulative stall: 00:00:0.000 H:M:S, 0.0 percent
Interval writes: 0 writes, 0 keys, 0 commit groups, 0.0 writes per commit group, ingest: 0.00 MB, 0.00 MB/s
Interval WAL: 0 writes, 0 syncs, 0.00 writes per sync, written: 0.00 MB, 0.00 MB/s
Interval stall: 00:00:0.000 H:M:S, 0.0 percent

** Compaction Stats [default] **
Level    Files   Size     Score Read(GB)  Rn(GB) Rnp1(GB) Write(GB) Wnew(GB) Moved(GB) W-Amp Rd(MB/s) Wr(MB/s) Comp(sec) Comp(cnt) Avg(sec) KeyIn KeyDrop
----------------------------------------------------------------------------------------------------------------------------------------------------------
 Sum      0/0    0.00 KB   0.0      0.0     0.0      0.0       0.0      0.0       0.0   0.0      0.0      0.0         0         0    0.000       0      0
 Int      0/0    0.00 KB   0.0      0.0     0.0      0.0       0.0      0.0       0.0   0.0      0.0      0.0         0         0    0.000       0      0
Uptime(secs): 3.4 total, 3.4 interval
Flush(GB): cumulative 0.000, interval 0.000
AddFile(GB): cumulative 0.000, interval 0.000
AddFile(Total Files): cumulative 0, interval 0
AddFile(L0 Files): cumulative 0, interval 0
AddFile(Keys): cumulative 0, interval 0
Cumulative compaction: 0.00 GB write, 0.00 MB/s write, 0.00 GB read, 0.00 MB/s read, 0.0 seconds
Interval compaction: 0.00 GB write, 0.00 MB/s write, 0.00 GB read, 0.00 MB/s read, 0.0 seconds
Stalls(count): 0 level0_slowdown, 0 level0_slowdown_with_compaction, 0 level0_numfiles, 0 level0_numfiles_with_compaction, 0 stop for pending_compaction_bytes, 0 slowdown for pending_compaction_bytes, 0 memtable_compaction, 0 memtable_slowdown, interval 0 total count

** File Read Latency Histogram By Level [default] **

** Compaction Stats [usertable] **
Level    Files   Size     Score Read(GB)  Rn(GB) Rnp1(GB) Write(GB) Wnew(GB) Moved(GB) W-Amp Rd(MB/s) Wr(MB/s) Comp(sec) Comp(cnt) Avg(sec) KeyIn KeyDrop
----------------------------------------------------------------------------------------------------------------------------------------------------------
  L0      3/0   403.05 MB   1.5      0.0     0.0      0.0       0.2      0.2       0.0   1.0      0.0    133.1         2         2    0.793       0      0
  L1      2/0   383.88 MB   0.7      0.0     0.0      0.0       0.0      0.0       0.0   0.0      0.0      0.0         0         0    0.000       0      0
  L2    137/0    4.95 GB   1.0      0.0     0.0      0.0       0.0      0.0       0.0   0.0      0.0      0.0         0         0    0.000       0      0
  L3    551/0   34.46 GB   0.7      0.0     0.0      0.0       0.0      0.0       0.0   0.0      0.0      0.0         0         0    0.000       0      0
 Sum    693/0   40.18 GB   0.0      0.0     0.0      0.0       0.2      0.2       0.0   1.0      0.0    133.1         2         2    0.793       0      0
 Int      0/0    0.00 KB   0.0      0.0     0.0      0.0       0.2      0.2       0.0   1.0      0.0    133.1         2         2    0.793       0      0
Uptime(secs): 3.4 total, 3.4 interval
Flush(GB): cumulative 0.206, interval 0.206
AddFile(GB): cumulative 0.000, interval 0.000
AddFile(Total Files): cumulative 0, interval 0
AddFile(L0 Files): cumulative 0, interval 0
AddFile(Keys): cumulative 0, interval 0
Cumulative compaction: 0.21 GB write, 62.57 MB/s write, 0.00 GB read, 0.00 MB/s read, 1.6 seconds
Interval compaction: 0.21 GB write, 62.57 MB/s write, 0.00 GB read, 0.00 MB/s read, 1.6 seconds
Stalls(count): 0 level0_slowdown, 0 level0_slowdown_with_compaction, 0 level0_numfiles, 0 level0_numfiles_with_compaction, 0 stop for pending_compaction_bytes, 0 slowdown for pending_compaction_bytes, 0 memtable_compaction, 0 memtable_slowdown, interval 0 total count

** File Read Latency Histogram By Level [usertable] **

** Compaction Stats [default] **
Level    Files   Size     Score Read(GB)  Rn(GB) Rnp1(GB) Write(GB) Wnew(GB) Moved(GB) W-Amp Rd(MB/s) Wr(MB/s) Comp(sec) Comp(cnt) Avg(sec) KeyIn KeyDrop
----------------------------------------------------------------------------------------------------------------------------------------------------------
 Sum      0/0    0.00 KB   0.0      0.0     0.0      0.0       0.0      0.0       0.0   0.0      0.0      0.0         0         0    0.000       0      0
 Int      0/0    0.00 KB   0.0      0.0     0.0      0.0       0.0      0.0       0.0   0.0      0.0      0.0         0         0    0.000       0      0
Uptime(secs): 3.4 total, 0.0 interval
Flush(GB): cumulative 0.000, interval 0.000
AddFile(GB): cumulative 0.000, interval 0.000
AddFile(Total Files): cumulative 0, interval 0
AddFile(L0 Files): cumulative 0, interval 0
AddFile(Keys): cumulative 0, interval 0
Cumulative compaction: 0.00 GB write, 0.00 MB/s write, 0.00 GB read, 0.00 MB/s read, 0.0 seconds
Interval compaction: 0.00 GB write, 0.00 MB/s write, 0.00 GB read, 0.00 MB/s read, 0.0 seconds
Stalls(count): 0 level0_slowdown, 0 level0_slowdown_with_compaction, 0 level0_numfiles, 0 level0_numfiles_with_compaction, 0 stop for pending_compaction_bytes, 0 slowdown for pending_compaction_bytes, 0 memtable_compaction, 0 memtable_slowdown, interval 0 total count

** File Read Latency Histogram By Level [default] **

** Compaction Stats [usertable] **
Level    Files   Size     Score Read(GB)  Rn(GB) Rnp1(GB) Write(GB) Wnew(GB) Moved(GB) W-Amp Rd(MB/s) Wr(MB/s) Comp(sec) Comp(cnt) Avg(sec) KeyIn KeyDrop
----------------------------------------------------------------------------------------------------------------------------------------------------------
  L0      3/0   403.05 MB   1.5      0.0     0.0      0.0       0.2      0.2       0.0   1.0      0.0    133.1         2         2    0.793       0      0
  L1      2/0   383.88 MB   0.7      0.0     0.0      0.0       0.0      0.0       0.0   0.0      0.0      0.0         0         0    0.000       0      0
  L2    137/0    4.95 GB   1.0      0.0     0.0      0.0       0.0      0.0       0.0   0.0      0.0      0.0         0         0    0.000       0      0
  L3    551/0   34.46 GB   0.7      0.0     0.0      0.0       0.0      0.0       0.0   0.0      0.0      0.0         0         0    0.000       0      0
 Sum    693/0   40.18 GB   0.0      0.0     0.0      0.0       0.2      0.2       0.0   1.0      0.0    133.1         2         2    0.793       0      0
 Int      0/0    0.00 KB   0.0      0.0     0.0      0.0       0.0      0.0       0.0   0.0      0.0      0.0         0         0    0.000       0      0
Uptime(secs): 3.4 total, 0.0 interval
Flush(GB): cumulative 0.206, interval 0.000
AddFile(GB): cumulative 0.000, interval 0.000
AddFile(Total Files): cumulative 0, interval 0
AddFile(L0 Files): cumulative 0, interval 0
AddFile(Keys): cumulative 0, interval 0
Cumulative compaction: 0.21 GB write, 62.56 MB/s write, 0.00 GB read, 0.00 MB/s read, 1.6 seconds
Interval compaction: 0.00 GB write, 0.00 MB/s write, 0.00 GB read, 0.00 MB/s read, 0.0 seconds
Stalls(count): 0 level0_slowdown, 0 level0_slowdown_with_compaction, 0 level0_numfiles, 0 level0_numfiles_with_compaction, 0 stop for pending_compaction_bytes, 0 slowdown for pending_compaction_bytes, 0 memtable_compaction, 0 memtable_slowdown, interval 0 total count

** File Read Latency Histogram By Level [usertable] **
2018/12/20-12:13:58.461550 7f6d2dffb700 (Original Log Time 2018/12/20-12:13:58.429267) [db/db_impl_compaction_flush.cc:1835] [usertable] Moving #1052 to level-1 201247315 bytes
2018/12/20-12:13:58.461554 7f6d2dffb700 (Original Log Time 2018/12/20-12:13:58.461475) EVENT_LOG_v1 {"time_micros": 1545336838461465, "job": 3, "event": "trivial_move", "destination_level": 1, "files": 1, "total_files_size": 201247315}
2018/12/20-12:13:58.461556 7f6d2dffb700 (Original Log Time 2018/12/20-12:13:58.461489) [db/db_impl_compaction_flush.cc:1864] [usertable] Moved #1 files to level-1 201247315 bytes OK: base level 1 max bytes base 536870912 files[2 3 137 551 0 0 0] max score 1.12
2018/12/20-12:13:58.461644 7f6d2dffb700 [db/compaction_job.cc:1531] [usertable] [JOB 4] Compacting 1@1 files to L2, score 1.12
2018/12/20-12:13:58.461651 7f6d2dffb700 [db/compaction_job.cc:1535] [usertable] Compaction start summary: Base version 6 Base level 1, inputs: [917(191MB)]
2018/12/20-12:13:58.461680 7f6d2dffb700 EVENT_LOG_v1 {"time_micros": 1545336838461656, "job": 4, "event": "compaction_started", "compaction_reason": "LevelMaxLevelSize", "files_L1": [917], "score": 1.12462, "input_data_size": 201276338}
2018/12/20-12:13:59.534807 7f6d2dffb700 [db/compaction_job.cc:1211] [usertable] [JOB 4] Generated table #1269: 16279 keys, 67233356 bytes
2018/12/20-12:13:59.534850 7f6d2dffb700 EVENT_LOG_v1 {"time_micros": 1545336839534832, "cf_name": "usertable", "job": 4, "event": "table_file_creation", "file_number": 1269, "file_size": 67233356, "table_properties": {"data_size": 67118331, "index_size": 299107, "filter_size": 0, "raw_key_size": 390696, "raw_average_key_size": 24, "raw_value_size": 66678784, "raw_average_value_size": 4096, "num_data_blocks": 8140, "num_entries": 16279, "filter_policy_name": "", "kDeletedKeys": "0", "kMergeOperands": "0"}}
2018/12/20-12:14:00.492397 7f6d2dffb700 [db/compaction_job.cc:1211] [usertable] [JOB 4] Generated table #1270: 16279 keys, 67233529 bytes
2018/12/20-12:14:00.492430 7f6d2dffb700 EVENT_LOG_v1 {"time_micros": 1545336840492416, "cf_name": "usertable", "job": 4, "event": "table_file_creation", "file_number": 1270, "file_size": 67233529, "table_properties": {"data_size": 67120138, "index_size": 300916, "filter_size": 0, "raw_key_size": 390696, "raw_average_key_size": 24, "raw_value_size": 66678784, "raw_average_value_size": 4096, "num_data_blocks": 8140, "num_entries": 16279, "filter_policy_name": "", "kDeletedKeys": "0", "kMergeOperands": "0"}}
2018/12/20-12:14:01.451669 7f6d2dffb700 [db/compaction_job.cc:1211] [usertable] [JOB 4] Generated table #1271: 16043 keys, 66258683 bytes
2018/12/20-12:14:01.451710 7f6d2dffb700 EVENT_LOG_v1 {"time_micros": 1545336841451696, "cf_name": "usertable", "job": 4, "event": "table_file_creation", "file_number": 1271, "file_size": 66258683, "table_properties": {"data_size": 66145303, "index_size": 294767, "filter_size": 0, "raw_key_size": 385032, "raw_average_key_size": 24, "raw_value_size": 65712128, "raw_average_value_size": 4096, "num_data_blocks": 8022, "num_entries": 16043, "filter_policy_name": "", "kDeletedKeys": "0", "kMergeOperands": "0"}}
2018/12/20-12:14:01.451764 7f6d2dffb700 [db/compaction_job.cc:1287] [usertable] [JOB 4] Compacted 1@1 files to L2 => 200725568 bytes
2018/12/20-12:14:01.500046 7f6d2dffb700 (Original Log Time 2018/12/20-12:14:01.499923) [db/compaction_job.cc:685] [usertable] compacted to: base level 1 max bytes base 536870912 files[2 2 140 551 0 0 0] max score 1.03, MB/sec: 67.3 rd, 67.1 wr, level 2, files in(1, 0) out(3) MB in(192.0, 0.0) out(191.4), read-write-amplify(2.0) write-amplify(1.0) OK, records in: 48601, records dropped: 0 output_compression: LZ4
2018/12/20-12:14:01.500055 7f6d2dffb700 (Original Log Time 2018/12/20-12:14:01.499966) EVENT_LOG_v1 {"time_micros": 1545336841499951, "job": 4, "event": "compaction_finished", "compaction_time_micros": 2990047, "output_level": 2, "num_output_files": 3, "total_output_size": 200725568, "num_input_records": 48601, "num_output_records": 48601, "num_subcompactions": 1, "output_compression": "LZ4", "num_single_delete_mismatches": 0, "num_single_delete_fallthrough": 0, "lsm_state": [2, 2, 140, 551, 0, 0, 0]}
2018/12/20-12:14:01.546112 7f6d46406700 (Original Log Time 2018/12/20-12:14:01.500260) [db/db_impl_compaction_flush.cc:1835] [usertable] Moving #1270 to level-3 67233529 bytes
2018/12/20-12:14:01.546118 7f6d46406700 (Original Log Time 2018/12/20-12:14:01.546037) EVENT_LOG_v1 {"time_micros": 1545336841546030, "job": 5, "event": "trivial_move", "destination_level": 3, "files": 1, "total_files_size": 67233529}
2018/12/20-12:14:01.546120 7f6d46406700 (Original Log Time 2018/12/20-12:14:01.546062) [db/db_impl_compaction_flush.cc:1864] [usertable] Moved #1 files to level-3 67233529 bytes OK: base level 1 max bytes base 536870912 files[2 2 139 552 0 0 0] max score 1.01
2018/12/20-12:14:01.565221 7f6d46406700 EVENT_LOG_v1 {"time_micros": 1545336841565215, "job": 5, "event": "table_file_deletion", "file_number": 917}
2018/12/20-12:14:01.614269 7f6d46406700 (Original Log Time 2018/12/20-12:14:01.565385) [db/db_impl_compaction_flush.cc:1835] [usertable] Moving #1269 to level-3 67233356 bytes
2018/12/20-12:14:01.614275 7f6d46406700 (Original Log Time 2018/12/20-12:14:01.614183) EVENT_LOG_v1 {"time_micros": 1545336841614176, "job": 6, "event": "trivial_move", "destination_level": 3, "files": 1, "total_files_size": 67233356}
2018/12/20-12:14:01.614277 7f6d46406700 (Original Log Time 2018/12/20-12:14:01.614204) [db/db_impl_compaction_flush.cc:1864] [usertable] Moved #1 files to level-3 67233356 bytes OK: base level 1 max bytes base 536870912 files[2 2 138 553 0 0 0] max score 1.00
2018/12/20-12:14:01.660537 7f6d46406700 (Original Log Time 2018/12/20-12:14:01.614465) [db/db_impl_compaction_flush.cc:1835] [usertable] Moving #920 to level-3 66275172 bytes
2018/12/20-12:14:01.660543 7f6d46406700 (Original Log Time 2018/12/20-12:14:01.660466) EVENT_LOG_v1 {"time_micros": 1545336841660457, "job": 7, "event": "trivial_move", "destination_level": 3, "files": 1, "total_files_size": 66275172}
2018/12/20-12:14:01.660545 7f6d46406700 (Original Log Time 2018/12/20-12:14:01.660488) [db/db_impl_compaction_flush.cc:1864] [usertable] Moved #1 files to level-3 66275172 bytes OK: base level 1 max bytes base 536870912 files[2 2 137 554 0 0 0] max score 1.00
2018/12/20-12:14:01.739860 7f6d44c03700 (Original Log Time 2018/12/20-12:14:01.660747) [db/db_impl_compaction_flush.cc:1835] [usertable] Moving #1262 to level-1 129895354 bytes
2018/12/20-12:14:01.739865 7f6d44c03700 (Original Log Time 2018/12/20-12:14:01.739795) EVENT_LOG_v1 {"time_micros": 1545336841739789, "job": 8, "event": "trivial_move", "destination_level": 1, "files": 1, "total_files_size": 129895354}
2018/12/20-12:14:01.739867 7f6d44c03700 (Original Log Time 2018/12/20-12:14:01.739811) [db/db_impl_compaction_flush.cc:1864] [usertable] Moved #1 files to level-1 129895354 bytes OK: base level 1 max bytes base 536870912 files[1 3 137 554 0 0 0] max score 0.99
2018/12/20-12:14:02.366370 7f6d47efe700 [db/db_impl_write.cc:1373] [usertable] New memtable created with log file: #1272. Immutable memtables: 0.
2018/12/20-12:14:04.226611 7f6d4c8f7700 [db/db_impl_write.cc:1373] [usertable] New memtable created with log file: #1273. Immutable memtables: 1.
