2018/11/20-12:41:14.016939 7f543a51f0 RocksDB version: 5.14.3
2018/11/20-12:41:14.017108 7f543a51f0 Git sha rocksdb_build_git_sha:
2018/11/20-12:41:14.017116 7f543a51f0 Compile date Nov 15 2018
2018/11/20-12:41:14.017125 7f543a51f0 DB SUMMARY
2018/11/20-12:41:14.017983 7f543a51f0 CURRENT file:  CURRENT
2018/11/20-12:41:14.018011 7f543a51f0 IDENTITY file:  IDENTITY
2018/11/20-12:41:14.018039 7f543a51f0 MANIFEST file:  MANIFEST-000004 size: 122516 Bytes
2018/11/20-12:41:14.018046 7f543a51f0 SST files in /mnt/sda/ycsb-rocksdb-data dir, Total Num: 677, files: 000021.sst 000022.sst 000023.sst 000024.sst 000028.sst 000029.sst 000030.sst 000031.sst 000035.sst 
2018/11/20-12:41:14.018051 7f543a51f0 Write Ahead Log file in /mnt/sda/ycsb-rocksdb-data: 001197.log size: 127701970 ; 001203.log size: 10499408 ; 
2018/11/20-12:41:14.018062 7f543a51f0                         Options.error_if_exists: 0
2018/11/20-12:41:14.018066 7f543a51f0                       Options.create_if_missing: 1
2018/11/20-12:41:14.018069 7f543a51f0                         Options.paranoid_checks: 1
2018/11/20-12:41:14.018073 7f543a51f0                                     Options.env: 0x7f4a1f8f18
2018/11/20-12:41:14.018076 7f543a51f0                                Options.info_log: 0x7f403f4190
2018/11/20-12:41:14.018079 7f543a51f0                Options.max_file_opening_threads: 16
2018/11/20-12:41:14.018082 7f543a51f0                              Options.statistics: (nil)
2018/11/20-12:41:14.018085 7f543a51f0                               Options.use_fsync: 0
2018/11/20-12:41:14.018088 7f543a51f0                       Options.max_log_file_size: 0
2018/11/20-12:41:14.018091 7f543a51f0                  Options.max_manifest_file_size: 18446744073709551615
2018/11/20-12:41:14.018094 7f543a51f0                   Options.log_file_time_to_roll: 0
2018/11/20-12:41:14.018097 7f543a51f0                       Options.keep_log_file_num: 1000
2018/11/20-12:41:14.018100 7f543a51f0                    Options.recycle_log_file_num: 0
2018/11/20-12:41:14.018102 7f543a51f0                         Options.allow_fallocate: 1
2018/11/20-12:41:14.018105 7f543a51f0                        Options.allow_mmap_reads: 0
2018/11/20-12:41:14.018108 7f543a51f0                       Options.allow_mmap_writes: 0
2018/11/20-12:41:14.018111 7f543a51f0                        Options.use_direct_reads: 0
2018/11/20-12:41:14.018114 7f543a51f0                        Options.use_direct_io_for_flush_and_compaction: 0
2018/11/20-12:41:14.018117 7f543a51f0          Options.create_missing_column_families: 1
2018/11/20-12:41:14.018119 7f543a51f0                              Options.db_log_dir: 
2018/11/20-12:41:14.018122 7f543a51f0                                 Options.wal_dir: /mnt/sda/ycsb-rocksdb-data
2018/11/20-12:41:14.018125 7f543a51f0                Options.table_cache_numshardbits: 6
2018/11/20-12:41:14.018128 7f543a51f0                      Options.max_subcompactions: 4
2018/11/20-12:41:14.018131 7f543a51f0                  Options.max_background_flushes: 6
2018/11/20-12:41:14.018134 7f543a51f0                         Options.WAL_ttl_seconds: 0
2018/11/20-12:41:14.018137 7f543a51f0                       Options.WAL_size_limit_MB: 0
2018/11/20-12:41:14.018140 7f543a51f0             Options.manifest_preallocation_size: 4194304
2018/11/20-12:41:14.018142 7f543a51f0                     Options.is_fd_close_on_exec: 1
2018/11/20-12:41:14.018145 7f543a51f0                   Options.advise_random_on_open: 1
2018/11/20-12:41:14.018148 7f543a51f0                    Options.db_write_buffer_size: 0
2018/11/20-12:41:14.018151 7f543a51f0                    Options.write_buffer_manager: 0x7f403f5580
2018/11/20-12:41:14.018154 7f543a51f0         Options.access_hint_on_compaction_start: 1
2018/11/20-12:41:14.018157 7f543a51f0  Options.new_table_reader_for_compaction_inputs: 0
2018/11/20-12:41:14.018160 7f543a51f0           Options.random_access_max_buffer_size: 1048576
2018/11/20-12:41:14.018163 7f543a51f0                      Options.use_adaptive_mutex: 0
2018/11/20-12:41:14.018166 7f543a51f0                            Options.rate_limiter: (nil)
2018/11/20-12:41:14.018171 7f543a51f0     Options.sst_file_manager.rate_bytes_per_sec: 0
2018/11/20-12:41:14.018206 7f543a51f0                       Options.wal_recovery_mode: 2
2018/11/20-12:41:14.018211 7f543a51f0                  Options.enable_thread_tracking: 0
2018/11/20-12:41:14.018214 7f543a51f0                  Options.enable_pipelined_write: 1
2018/11/20-12:41:14.018217 7f543a51f0         Options.allow_concurrent_memtable_write: 1
2018/11/20-12:41:14.018219 7f543a51f0      Options.enable_write_thread_adaptive_yield: 1
2018/11/20-12:41:14.018222 7f543a51f0             Options.write_thread_max_yield_usec: 100
2018/11/20-12:41:14.018225 7f543a51f0            Options.write_thread_slow_yield_usec: 3
2018/11/20-12:41:14.018228 7f543a51f0                               Options.row_cache: None
2018/11/20-12:41:14.018231 7f543a51f0                              Options.wal_filter: None
2018/11/20-12:41:14.018234 7f543a51f0             Options.avoid_flush_during_recovery: 0
2018/11/20-12:41:14.018237 7f543a51f0             Options.allow_ingest_behind: 0
2018/11/20-12:41:14.018240 7f543a51f0             Options.preserve_deletes: 0
2018/11/20-12:41:14.018243 7f543a51f0             Options.two_write_queues: 0
2018/11/20-12:41:14.018246 7f543a51f0             Options.manual_wal_flush: 0
2018/11/20-12:41:14.018251 7f543a51f0             Options.max_background_jobs: 6
2018/11/20-12:41:14.018254 7f543a51f0             Options.max_background_compactions: 6
2018/11/20-12:41:14.018257 7f543a51f0             Options.avoid_flush_during_shutdown: 0
2018/11/20-12:41:14.018260 7f543a51f0           Options.writable_file_max_buffer_size: 1048576
2018/11/20-12:41:14.018263 7f543a51f0             Options.delayed_write_rate : 16777216
2018/11/20-12:41:14.018266 7f543a51f0             Options.max_total_wal_size: 0
2018/11/20-12:41:14.018269 7f543a51f0             Options.delete_obsolete_files_period_micros: 21600000000
2018/11/20-12:41:14.018272 7f543a51f0                   Options.stats_dump_period_sec: 60
2018/11/20-12:41:14.018275 7f543a51f0                          Options.max_open_files: -1
2018/11/20-12:41:14.018278 7f543a51f0                          Options.bytes_per_sync: 1048576
2018/11/20-12:41:14.018280 7f543a51f0                      Options.wal_bytes_per_sync: 0
2018/11/20-12:41:14.018283 7f543a51f0       Options.compaction_readahead_size: 0
2018/11/20-12:41:14.018286 7f543a51f0 Compression algorithms supported:
2018/11/20-12:41:14.018290 7f543a51f0 	kZSTDNotFinalCompression supported: 1
2018/11/20-12:41:14.018328 7f543a51f0 	kZSTD supported: 1
2018/11/20-12:41:14.018333 7f543a51f0 	kXpressCompression supported: 0
2018/11/20-12:41:14.018337 7f543a51f0 	kLZ4HCCompression supported: 1
2018/11/20-12:41:14.018341 7f543a51f0 	kLZ4Compression supported: 1
2018/11/20-12:41:14.018344 7f543a51f0 	kBZip2Compression supported: 1
2018/11/20-12:41:14.018347 7f543a51f0 	kZlibCompression supported: 1
2018/11/20-12:41:14.018351 7f543a51f0 	kSnappyCompression supported: 1
2018/11/20-12:41:14.018359 7f543a51f0 Fast CRC32 supported: Not supported on x86
2018/11/20-12:41:14.019119 7f543a51f0 [db/version_set.cc:3085] Recovering from manifest file: MANIFEST-000004
2018/11/20-12:41:14.019322 7f543a51f0 [db/column_family.cc:475] --------------- Options for column family [default]:
2018/11/20-12:41:14.019332 7f543a51f0               Options.comparator: leveldb.BytewiseComparator
2018/11/20-12:41:14.019336 7f543a51f0           Options.merge_operator: None
2018/11/20-12:41:14.019339 7f543a51f0        Options.compaction_filter: None
2018/11/20-12:41:14.019342 7f543a51f0        Options.compaction_filter_factory: None
2018/11/20-12:41:14.019345 7f543a51f0         Options.memtable_factory: SkipListFactory
2018/11/20-12:41:14.019349 7f543a51f0            Options.table_factory: BlockBasedTable
2018/11/20-12:41:14.019396 7f543a51f0            table_factory options:   flush_block_policy_factory: FlushBlockBySizePolicyFactory (0x7f40379340)
  cache_index_and_filter_blocks: 0
  cache_index_and_filter_blocks_with_high_priority: 0
  pin_l0_filter_and_index_blocks_in_cache: 0
  index_type: 0
  hash_index_allow_collision: 1
  checksum: 1
  no_block_cache: 0
  block_cache: 0x7f403854d0
  block_cache_name: LRUCache
  block_cache_options:
    capacity : 8388608
    num_shard_bits : 4
    strict_capacity_limit : 0
    high_pri_pool_ratio: 0.000
  block_cache_compressed: (nil)
  persistent_cache: (nil)
  block_size: 8192
  block_size_deviation: 10
  block_restart_interval: 16
  index_block_restart_interval: 1
  metadata_block_size: 4096
  partition_filters: 0
  use_delta_encoding: 1
  filter_policy: nullptr
  whole_key_filtering: 1
  verify_compression: 0
  read_amp_bytes_per_bit: 0
  format_version: 2
  enable_index_compression: 1
  block_align: 0
2018/11/20-12:41:14.019432 7f543a51f0        Options.write_buffer_size: 134217728
2018/11/20-12:41:14.019437 7f543a51f0  Options.max_write_buffer_number: 24
2018/11/20-12:41:14.019441 7f543a51f0        Options.compression[0]: NoCompression
2018/11/20-12:41:14.019444 7f543a51f0        Options.compression[1]: NoCompression
2018/11/20-12:41:14.019447 7f543a51f0        Options.compression[2]: LZ4
2018/11/20-12:41:14.019450 7f543a51f0        Options.compression[3]: LZ4
2018/11/20-12:41:14.019453 7f543a51f0        Options.compression[4]: LZ4
2018/11/20-12:41:14.019456 7f543a51f0        Options.compression[5]: LZ4
2018/11/20-12:41:14.019459 7f543a51f0        Options.compression[6]: LZ4
2018/11/20-12:41:14.019462 7f543a51f0                  Options.bottommost_compression: Disabled
2018/11/20-12:41:14.019465 7f543a51f0       Options.prefix_extractor: nullptr
2018/11/20-12:41:14.019468 7f543a51f0   Options.memtable_insert_with_hint_prefix_extractor: nullptr
2018/11/20-12:41:14.019471 7f543a51f0             Options.num_levels: 7
2018/11/20-12:41:14.019474 7f543a51f0        Options.min_write_buffer_number_to_merge: 2
2018/11/20-12:41:14.019477 7f543a51f0     Options.max_write_buffer_number_to_maintain: 0
2018/11/20-12:41:14.019480 7f543a51f0            Options.compression_opts.window_bits: -14
2018/11/20-12:41:14.019483 7f543a51f0                  Options.compression_opts.level: -1
2018/11/20-12:41:14.019486 7f543a51f0               Options.compression_opts.strategy: 0
2018/11/20-12:41:14.019489 7f543a51f0         Options.compression_opts.max_dict_bytes: 0
2018/11/20-12:41:14.019492 7f543a51f0         Options.compression_opts.zstd_max_train_bytes: 0
2018/11/20-12:41:14.019495 7f543a51f0      Options.level0_file_num_compaction_trigger: 2
2018/11/20-12:41:14.019497 7f543a51f0          Options.level0_slowdown_writes_trigger: 20
2018/11/20-12:41:14.019500 7f543a51f0              Options.level0_stop_writes_trigger: 36
2018/11/20-12:41:14.019503 7f543a51f0                   Options.target_file_size_base: 67108864
2018/11/20-12:41:14.019506 7f543a51f0             Options.target_file_size_multiplier: 1
2018/11/20-12:41:14.019509 7f543a51f0                Options.max_bytes_for_level_base: 536870912
2018/11/20-12:41:14.019512 7f543a51f0 Options.level_compaction_dynamic_level_bytes: 0
2018/11/20-12:41:14.019515 7f543a51f0          Options.max_bytes_for_level_multiplier: 10.000000
2018/11/20-12:41:14.019522 7f543a51f0 Options.max_bytes_for_level_multiplier_addtl[0]: 1
2018/11/20-12:41:14.019525 7f543a51f0 Options.max_bytes_for_level_multiplier_addtl[1]: 1
2018/11/20-12:41:14.019528 7f543a51f0 Options.max_bytes_for_level_multiplier_addtl[2]: 1
2018/11/20-12:41:14.019531 7f543a51f0 Options.max_bytes_for_level_multiplier_addtl[3]: 1
2018/11/20-12:41:14.019534 7f543a51f0 Options.max_bytes_for_level_multiplier_addtl[4]: 1
2018/11/20-12:41:14.019537 7f543a51f0 Options.max_bytes_for_level_multiplier_addtl[5]: 1
2018/11/20-12:41:14.019539 7f543a51f0 Options.max_bytes_for_level_multiplier_addtl[6]: 1
2018/11/20-12:41:14.019542 7f543a51f0       Options.max_sequential_skip_in_iterations: 8
2018/11/20-12:41:14.019545 7f543a51f0                    Options.max_compaction_bytes: 1677721600
2018/11/20-12:41:14.019548 7f543a51f0                        Options.arena_block_size: 16777216
2018/11/20-12:41:14.019551 7f543a51f0   Options.soft_pending_compaction_bytes_limit: 68719476736
2018/11/20-12:41:14.019554 7f543a51f0   Options.hard_pending_compaction_bytes_limit: 274877906944
2018/11/20-12:41:14.019571 7f543a51f0       Options.rate_limit_delay_max_milliseconds: 100
2018/11/20-12:41:14.019576 7f543a51f0                Options.disable_auto_compactions: 0
2018/11/20-12:41:14.019581 7f543a51f0                        Options.compaction_style: kCompactionStyleLevel
2018/11/20-12:41:14.019586 7f543a51f0                          Options.compaction_pri: kByCompensatedSize
2018/11/20-12:41:14.019589 7f543a51f0 Options.compaction_options_universal.size_ratio: 1
2018/11/20-12:41:14.019592 7f543a51f0 Options.compaction_options_universal.min_merge_width: 2
2018/11/20-12:41:14.019595 7f543a51f0 Options.compaction_options_universal.max_merge_width: 4294967295
2018/11/20-12:41:14.019598 7f543a51f0 Options.compaction_options_universal.max_size_amplification_percent: 200
2018/11/20-12:41:14.019601 7f543a51f0 Options.compaction_options_universal.compression_size_percent: -1
2018/11/20-12:41:14.019605 7f543a51f0 Options.compaction_options_universal.stop_style: kCompactionStopStyleTotalSize
2018/11/20-12:41:14.019608 7f543a51f0 Options.compaction_options_fifo.max_table_files_size: 1073741824
2018/11/20-12:41:14.019611 7f543a51f0 Options.compaction_options_fifo.allow_compaction: 0
2018/11/20-12:41:14.019614 7f543a51f0 Options.compaction_options_fifo.ttl: 0
2018/11/20-12:41:14.019617 7f543a51f0                   Options.table_properties_collectors: 
2018/11/20-12:41:14.019620 7f543a51f0                   Options.inplace_update_support: 0
2018/11/20-12:41:14.019623 7f543a51f0                 Options.inplace_update_num_locks: 10000
2018/11/20-12:41:14.019626 7f543a51f0               Options.memtable_prefix_bloom_size_ratio: 0.000000
2018/11/20-12:41:14.019630 7f543a51f0   Options.memtable_huge_page_size: 0
2018/11/20-12:41:14.019633 7f543a51f0                           Options.bloom_locality: 0
2018/11/20-12:41:14.019636 7f543a51f0                    Options.max_successive_merges: 0
2018/11/20-12:41:14.019638 7f543a51f0                Options.optimize_filters_for_hits: 0
2018/11/20-12:41:14.019641 7f543a51f0                Options.paranoid_file_checks: 0
2018/11/20-12:41:14.019644 7f543a51f0                Options.force_consistency_checks: 0
2018/11/20-12:41:14.019647 7f543a51f0                Options.report_bg_io_stats: 0
2018/11/20-12:41:14.019649 7f543a51f0                               Options.ttl: 0
2018/11/20-12:41:14.020383 7f543a51f0 [db/column_family.cc:475] --------------- Options for column family [usertable]:
2018/11/20-12:41:14.020395 7f543a51f0               Options.comparator: leveldb.BytewiseComparator
2018/11/20-12:41:14.020399 7f543a51f0           Options.merge_operator: None
2018/11/20-12:41:14.020402 7f543a51f0        Options.compaction_filter: None
2018/11/20-12:41:14.020405 7f543a51f0        Options.compaction_filter_factory: None
2018/11/20-12:41:14.020408 7f543a51f0         Options.memtable_factory: SkipListFactory
2018/11/20-12:41:14.020411 7f543a51f0            Options.table_factory: BlockBasedTable
2018/11/20-12:41:14.020455 7f543a51f0            table_factory options:   flush_block_policy_factory: FlushBlockBySizePolicyFactory (0x7f4037a370)
  cache_index_and_filter_blocks: 0
  cache_index_and_filter_blocks_with_high_priority: 0
  pin_l0_filter_and_index_blocks_in_cache: 0
  index_type: 0
  hash_index_allow_collision: 1
  checksum: 1
  no_block_cache: 0
  block_cache: 0x7f403872b0
  block_cache_name: LRUCache
  block_cache_options:
    capacity : 8388608
    num_shard_bits : 4
    strict_capacity_limit : 0
    high_pri_pool_ratio: 0.000
  block_cache_compressed: (nil)
  persistent_cache: (nil)
  block_size: 8192
  block_size_deviation: 10
  block_restart_interval: 16
  index_block_restart_interval: 1
  metadata_block_size: 4096
  partition_filters: 0
  use_delta_encoding: 1
  filter_policy: nullptr
  whole_key_filtering: 1
  verify_compression: 0
  read_amp_bytes_per_bit: 0
  format_version: 2
  enable_index_compression: 1
  block_align: 0
2018/11/20-12:41:14.020460 7f543a51f0        Options.write_buffer_size: 134217728
2018/11/20-12:41:14.020463 7f543a51f0  Options.max_write_buffer_number: 24
2018/11/20-12:41:14.020493 7f543a51f0        Options.compression[0]: NoCompression
2018/11/20-12:41:14.020498 7f543a51f0        Options.compression[1]: NoCompression
2018/11/20-12:41:14.020502 7f543a51f0        Options.compression[2]: LZ4
2018/11/20-12:41:14.020505 7f543a51f0        Options.compression[3]: LZ4
2018/11/20-12:41:14.020507 7f543a51f0        Options.compression[4]: LZ4
2018/11/20-12:41:14.020510 7f543a51f0        Options.compression[5]: LZ4
2018/11/20-12:41:14.020513 7f543a51f0        Options.compression[6]: LZ4
2018/11/20-12:41:14.020516 7f543a51f0                  Options.bottommost_compression: Disabled
2018/11/20-12:41:14.020519 7f543a51f0       Options.prefix_extractor: nullptr
2018/11/20-12:41:14.020522 7f543a51f0   Options.memtable_insert_with_hint_prefix_extractor: nullptr
2018/11/20-12:41:14.020525 7f543a51f0             Options.num_levels: 7
2018/11/20-12:41:14.020528 7f543a51f0        Options.min_write_buffer_number_to_merge: 2
2018/11/20-12:41:14.020531 7f543a51f0     Options.max_write_buffer_number_to_maintain: 0
2018/11/20-12:41:14.020534 7f543a51f0            Options.compression_opts.window_bits: -14
2018/11/20-12:41:14.020537 7f543a51f0                  Options.compression_opts.level: -1
2018/11/20-12:41:14.020540 7f543a51f0               Options.compression_opts.strategy: 0
2018/11/20-12:41:14.020543 7f543a51f0         Options.compression_opts.max_dict_bytes: 0
2018/11/20-12:41:14.020546 7f543a51f0         Options.compression_opts.zstd_max_train_bytes: 0
2018/11/20-12:41:14.020549 7f543a51f0      Options.level0_file_num_compaction_trigger: 2
2018/11/20-12:41:14.020551 7f543a51f0          Options.level0_slowdown_writes_trigger: 20
2018/11/20-12:41:14.020554 7f543a51f0              Options.level0_stop_writes_trigger: 36
2018/11/20-12:41:14.020557 7f543a51f0                   Options.target_file_size_base: 67108864
2018/11/20-12:41:14.020560 7f543a51f0             Options.target_file_size_multiplier: 1
2018/11/20-12:41:14.020563 7f543a51f0                Options.max_bytes_for_level_base: 536870912
2018/11/20-12:41:14.020566 7f543a51f0 Options.level_compaction_dynamic_level_bytes: 0
2018/11/20-12:41:14.020569 7f543a51f0          Options.max_bytes_for_level_multiplier: 10.000000
2018/11/20-12:41:14.020573 7f543a51f0 Options.max_bytes_for_level_multiplier_addtl[0]: 1
2018/11/20-12:41:14.020576 7f543a51f0 Options.max_bytes_for_level_multiplier_addtl[1]: 1
2018/11/20-12:41:14.020579 7f543a51f0 Options.max_bytes_for_level_multiplier_addtl[2]: 1
2018/11/20-12:41:14.020582 7f543a51f0 Options.max_bytes_for_level_multiplier_addtl[3]: 1
2018/11/20-12:41:14.020585 7f543a51f0 Options.max_bytes_for_level_multiplier_addtl[4]: 1
2018/11/20-12:41:14.020588 7f543a51f0 Options.max_bytes_for_level_multiplier_addtl[5]: 1
2018/11/20-12:41:14.020591 7f543a51f0 Options.max_bytes_for_level_multiplier_addtl[6]: 1
2018/11/20-12:41:14.020594 7f543a51f0       Options.max_sequential_skip_in_iterations: 8
2018/11/20-12:41:14.020596 7f543a51f0                    Options.max_compaction_bytes: 1677721600
2018/11/20-12:41:14.020599 7f543a51f0                        Options.arena_block_size: 16777216
2018/11/20-12:41:14.020602 7f543a51f0   Options.soft_pending_compaction_bytes_limit: 68719476736
2018/11/20-12:41:14.020605 7f543a51f0   Options.hard_pending_compaction_bytes_limit: 274877906944
2018/11/20-12:41:14.020608 7f543a51f0       Options.rate_limit_delay_max_milliseconds: 100
2018/11/20-12:41:14.020611 7f543a51f0                Options.disable_auto_compactions: 0
2018/11/20-12:41:14.020615 7f543a51f0                        Options.compaction_style: kCompactionStyleLevel
2018/11/20-12:41:14.020619 7f543a51f0                          Options.compaction_pri: kByCompensatedSize
2018/11/20-12:41:14.020622 7f543a51f0 Options.compaction_options_universal.size_ratio: 1
2018/11/20-12:41:14.020625 7f543a51f0 Options.compaction_options_universal.min_merge_width: 2
2018/11/20-12:41:14.020628 7f543a51f0 Options.compaction_options_universal.max_merge_width: 4294967295
2018/11/20-12:41:14.020644 7f543a51f0 Options.compaction_options_universal.max_size_amplification_percent: 200
2018/11/20-12:41:14.020649 7f543a51f0 Options.compaction_options_universal.compression_size_percent: -1
2018/11/20-12:41:14.020653 7f543a51f0 Options.compaction_options_universal.stop_style: kCompactionStopStyleTotalSize
2018/11/20-12:41:14.020656 7f543a51f0 Options.compaction_options_fifo.max_table_files_size: 1073741824
2018/11/20-12:41:14.020659 7f543a51f0 Options.compaction_options_fifo.allow_compaction: 0
2018/11/20-12:41:14.020661 7f543a51f0 Options.compaction_options_fifo.ttl: 0
2018/11/20-12:41:14.020664 7f543a51f0                   Options.table_properties_collectors: 
2018/11/20-12:41:14.020667 7f543a51f0                   Options.inplace_update_support: 0
2018/11/20-12:41:14.020670 7f543a51f0                 Options.inplace_update_num_locks: 10000
2018/11/20-12:41:14.020673 7f543a51f0               Options.memtable_prefix_bloom_size_ratio: 0.000000
2018/11/20-12:41:14.020677 7f543a51f0   Options.memtable_huge_page_size: 0
2018/11/20-12:41:14.020680 7f543a51f0                           Options.bloom_locality: 0
2018/11/20-12:41:14.020682 7f543a51f0                    Options.max_successive_merges: 0
2018/11/20-12:41:14.020685 7f543a51f0                Options.optimize_filters_for_hits: 0
2018/11/20-12:41:14.020688 7f543a51f0                Options.paranoid_file_checks: 0
2018/11/20-12:41:14.020691 7f543a51f0                Options.force_consistency_checks: 0
2018/11/20-12:41:14.020694 7f543a51f0                Options.report_bg_io_stats: 0
2018/11/20-12:41:14.020696 7f543a51f0                               Options.ttl: 0
2018/11/20-12:41:14.510074 7f543a51f0 [db/version_set.cc:3361] Recovered from manifest file:/mnt/sda/ycsb-rocksdb-data/MANIFEST-000004 succeeded,manifest_file_number is 4, next_file_number is 1204, last_sequence is 10437483, log_number is 0,prev_log_number is 0,max_column_family is 1,min_log_number_to_keep is 0
2018/11/20-12:41:14.510105 7f543a51f0 [db/version_set.cc:3369] Column family [default] (ID 0), log number is 0
2018/11/20-12:41:14.510110 7f543a51f0 [db/version_set.cc:3369] Column family [usertable] (ID 1), log number is 1197
2018/11/20-12:41:14.514215 7f543a51f0 EVENT_LOG_v1 {"time_micros": 1542717674514189, "job": 1, "event": "recovery_started", "log_files": [1197, 1203]}
2018/11/20-12:41:14.514243 7f543a51f0 [db/db_impl_open.cc:551] Recovering log #1197 mode 2
2018/11/20-12:41:15.108357 7f543a51f0 [db/db_impl_open.cc:551] Recovering log #1203 mode 2
2018/11/20-12:41:15.803976 7f543a51f0 EVENT_LOG_v1 {"time_micros": 1542717675803921, "cf_name": "usertable", "job": 1, "event": "table_file_creation", "file_number": 1204, "file_size": 129928485, "table_properties": {"data_size": 129350893, "index_size": 576670, "filter_size": 0, "raw_key_size": 752952, "raw_average_key_size": 24, "raw_value_size": 128503808, "raw_average_value_size": 4096, "num_data_blocks": 15687, "num_entries": 31373, "filter_policy_name": "", "kDeletedKeys": "0", "kMergeOperands": "0"}}
2018/11/20-12:41:15.859751 7f543a51f0 [db/version_set.cc:2847] Creating manifest 1205
2018/11/20-12:41:16.020573 7f543a51f0 EVENT_LOG_v1 {"time_micros": 1542717676020500, "cf_name": "usertable", "job": 1, "event": "table_file_creation", "file_number": 1206, "file_size": 8664907, "table_properties": {"data_size": 8625548, "index_size": 38438, "filter_size": 0, "raw_key_size": 50208, "raw_average_key_size": 24, "raw_value_size": 8568832, "raw_average_value_size": 4096, "num_data_blocks": 1046, "num_entries": 2092, "filter_policy_name": "", "kDeletedKeys": "0", "kMergeOperands": "0"}}
2018/11/20-12:41:16.053294 7f543a51f0 EVENT_LOG_v1 {"time_micros": 1542717676053276, "job": 1, "event": "recovery_finished"}
2018/11/20-12:41:16.164748 7f543a51f0 [db/db_impl_open.cc:1219] DB pointer 0x7f403f47e0
2018/11/20-12:41:16.165331 7f49af81f0 [WARN] [db/db_impl.cc:491] ------- DUMPING STATS -------
2018/11/20-12:41:16.165411 7f49af81f0 [WARN] [db/db_impl.cc:492] 
** DB Stats **
Uptime(secs): 2.1 total, 2.1 interval
Cumulative writes: 0 writes, 0 keys, 0 commit groups, 0.0 writes per commit group, ingest: 0.00 GB, 0.00 MB/s
Cumulative WAL: 0 writes, 0 syncs, 0.00 writes per sync, written: 0.00 GB, 0.00 MB/s
Cumulative stall: 00:00:0.000 H:M:S, 0.0 percent
Interval writes: 0 writes, 0 keys, 0 commit groups, 0.0 writes per commit group, ingest: 0.00 MB, 0.00 MB/s
Interval WAL: 0 writes, 0 syncs, 0.00 writes per sync, written: 0.00 MB, 0.00 MB/s
Interval stall: 00:00:0.000 H:M:S, 0.0 percent

** Compaction Stats [default] **
Level    Files   Size     Score Read(GB)  Rn(GB) Rnp1(GB) Write(GB) Wnew(GB) Moved(GB) W-Amp Rd(MB/s) Wr(MB/s) Comp(sec) Comp(cnt) Avg(sec) KeyIn KeyDrop
----------------------------------------------------------------------------------------------------------------------------------------------------------
 Sum      0/0    0.00 KB   0.0      0.0     0.0      0.0       0.0      0.0       0.0   0.0      0.0      0.0         0         0    0.000       0      0
 Int      0/0    0.00 KB   0.0      0.0     0.0      0.0       0.0      0.0       0.0   0.0      0.0      0.0         0         0    0.000       0      0
Uptime(secs): 2.1 total, 2.1 interval
Flush(GB): cumulative 0.000, interval 0.000
AddFile(GB): cumulative 0.000, interval 0.000
AddFile(Total Files): cumulative 0, interval 0
AddFile(L0 Files): cumulative 0, interval 0
AddFile(Keys): cumulative 0, interval 0
Cumulative compaction: 0.00 GB write, 0.00 MB/s write, 0.00 GB read, 0.00 MB/s read, 0.0 seconds
Interval compaction: 0.00 GB write, 0.00 MB/s write, 0.00 GB read, 0.00 MB/s read, 0.0 seconds
Stalls(count): 0 level0_slowdown, 0 level0_slowdown_with_compaction, 0 level0_numfiles, 0 level0_numfiles_with_compaction, 0 stop for pending_compaction_bytes, 0 slowdown for pending_compaction_bytes, 0 memtable_compaction, 0 memtable_slowdown, interval 0 total count

** File Read Latency Histogram By Level [default] **

** Compaction Stats [usertable] **
Level    Files   Size     Score Read(GB)  Rn(GB) Rnp1(GB) Write(GB) Wnew(GB) Moved(GB) W-Amp Rd(MB/s) Wr(MB/s) Comp(sec) Comp(cnt) Avg(sec) KeyIn KeyDrop
----------------------------------------------------------------------------------------------------------------------------------------------------------
  L0      3/0   368.34 MB   1.5      0.0     0.0      0.0       0.1      0.1       0.0   1.0      0.0    168.6         1         2    0.392       0      0
  L1      8/0   481.77 MB   0.9      0.0     0.0      0.0       0.0      0.0       0.0   0.0      0.0      0.0         0         0    0.000       0      0
  L2    108/0    4.96 GB   1.0      0.0     0.0      0.0       0.0      0.0       0.0   0.0      0.0      0.0         0         0    0.000       0      0
  L3    560/0   34.39 GB   0.7      0.0     0.0      0.0       0.0      0.0       0.0   0.0      0.0      0.0         0         0    0.000       0      0
 Sum    679/0   40.18 GB   0.0      0.0     0.0      0.0       0.1      0.1       0.0   1.0      0.0    168.6         1         2    0.392       0      0
 Int      0/0    0.00 KB   0.0      0.0     0.0      0.0       0.1      0.1       0.0   1.0      0.0    168.6         1         2    0.392       0      0
Uptime(secs): 2.1 total, 2.1 interval
Flush(GB): cumulative 0.129, interval 0.129
AddFile(GB): cumulative 0.000, interval 0.000
AddFile(Total Files): cumulative 0, interval 0
AddFile(L0 Files): cumulative 0, interval 0
AddFile(Keys): cumulative 0, interval 0
Cumulative compaction: 0.13 GB write, 61.63 MB/s write, 0.00 GB read, 0.00 MB/s read, 0.8 seconds
Interval compaction: 0.13 GB write, 61.63 MB/s write, 0.00 GB read, 0.00 MB/s read, 0.8 seconds
Stalls(count): 0 level0_slowdown, 0 level0_slowdown_with_compaction, 0 level0_numfiles, 0 level0_numfiles_with_compaction, 0 stop for pending_compaction_bytes, 0 slowdown for pending_compaction_bytes, 0 memtable_compaction, 0 memtable_slowdown, interval 0 total count

** File Read Latency Histogram By Level [usertable] **

** Compaction Stats [default] **
Level    Files   Size     Score Read(GB)  Rn(GB) Rnp1(GB) Write(GB) Wnew(GB) Moved(GB) W-Amp Rd(MB/s) Wr(MB/s) Comp(sec) Comp(cnt) Avg(sec) KeyIn KeyDrop
----------------------------------------------------------------------------------------------------------------------------------------------------------
 Sum      0/0    0.00 KB   0.0      0.0     0.0      0.0       0.0      0.0       0.0   0.0      0.0      0.0         0         0    0.000       0      0
 Int      0/0    0.00 KB   0.0      0.0     0.0      0.0       0.0      0.0       0.0   0.0      0.0      0.0         0         0    0.000       0      0
Uptime(secs): 2.1 total, 0.0 interval
Flush(GB): cumulative 0.000, interval 0.000
AddFile(GB): cumulative 0.000, interval 0.000
AddFile(Total Files): cumulative 0, interval 0
AddFile(L0 Files): cumulative 0, interval 0
AddFile(Keys): cumulative 0, interval 0
Cumulative compaction: 0.00 GB write, 0.00 MB/s write, 0.00 GB read, 0.00 MB/s read, 0.0 seconds
Interval compaction: 0.00 GB write, 0.00 MB/s write, 0.00 GB read, 0.00 MB/s read, 0.0 seconds
Stalls(count): 0 level0_slowdown, 0 level0_slowdown_with_compaction, 0 level0_numfiles, 0 level0_numfiles_with_compaction, 0 stop for pending_compaction_bytes, 0 slowdown for pending_compaction_bytes, 0 memtable_compaction, 0 memtable_slowdown, interval 0 total count

** File Read Latency Histogram By Level [default] **

** Compaction Stats [usertable] **
Level    Files   Size     Score Read(GB)  Rn(GB) Rnp1(GB) Write(GB) Wnew(GB) Moved(GB) W-Amp Rd(MB/s) Wr(MB/s) Comp(sec) Comp(cnt) Avg(sec) KeyIn KeyDrop
----------------------------------------------------------------------------------------------------------------------------------------------------------
  L0      3/0   368.34 MB   1.5      0.0     0.0      0.0       0.1      0.1       0.0   1.0      0.0    168.6         1         2    0.392       0      0
  L1      8/0   481.77 MB   0.9      0.0     0.0      0.0       0.0      0.0       0.0   0.0      0.0      0.0         0         0    0.000       0      0
  L2    108/0    4.96 GB   1.0      0.0     0.0      0.0       0.0      0.0       0.0   0.0      0.0      0.0         0         0    0.000       0      0
  L3    560/0   34.39 GB   0.7      0.0     0.0      0.0       0.0      0.0       0.0   0.0      0.0      0.0         0         0    0.000       0      0
 Sum    679/0   40.18 GB   0.0      0.0     0.0      0.0       0.1      0.1       0.0   1.0      0.0    168.6         1         2    0.392       0      0
 Int      0/0    0.00 KB   0.0      0.0     0.0      0.0       0.0      0.0       0.0   0.0      0.0      0.0         0         0    0.000       0      0
Uptime(secs): 2.1 total, 0.0 interval
Flush(GB): cumulative 0.129, interval 0.000
AddFile(GB): cumulative 0.000, interval 0.000
AddFile(Total Files): cumulative 0, interval 0
AddFile(L0 Files): cumulative 0, interval 0
AddFile(Keys): cumulative 0, interval 0
Cumulative compaction: 0.13 GB write, 61.62 MB/s write, 0.00 GB read, 0.00 MB/s read, 0.8 seconds
Interval compaction: 0.00 GB write, 0.00 MB/s write, 0.00 GB read, 0.00 MB/s read, 0.0 seconds
Stalls(count): 0 level0_slowdown, 0 level0_slowdown_with_compaction, 0 level0_numfiles, 0 level0_numfiles_with_compaction, 0 stop for pending_compaction_bytes, 0 slowdown for pending_compaction_bytes, 0 memtable_compaction, 0 memtable_slowdown, interval 0 total count

** File Read Latency Histogram By Level [usertable] **
2018/11/20-12:41:16.198223 7f49af81f0 (Original Log Time 2018/11/20-12:41:16.165691) [db/db_impl_compaction_flush.cc:1835] [usertable] Moving #456 to level-1 247639153 bytes
2018/11/20-12:41:16.198250 7f49af81f0 (Original Log Time 2018/11/20-12:41:16.197613) EVENT_LOG_v1 {"time_micros": 1542717676197581, "job": 3, "event": "trivial_move", "destination_level": 1, "files": 1, "total_files_size": 247639153}
2018/11/20-12:41:16.198262 7f49af81f0 (Original Log Time 2018/11/20-12:41:16.197665) [db/db_impl_compaction_flush.cc:1864] [usertable] Moved #1 files to level-1 247639153 bytes OK: base level 1 max bytes base 536870912 files[2 9 108 560 0 0 0] max score 1.40
2018/11/20-12:41:16.199749 7f49af81f0 [db/compaction_job.cc:1531] [usertable] [JOB 4] Compacting 1@1 files to L2, score 1.40
2018/11/20-12:41:16.199817 7f49af81f0 [db/compaction_job.cc:1535] [usertable] Compaction start summary: Base version 6 Base level 1, inputs: [456(236MB)]
2018/11/20-12:41:16.199927 7f49af81f0 EVENT_LOG_v1 {"time_micros": 1542717676199866, "job": 4, "event": "compaction_started", "compaction_reason": "LevelMaxLevelSize", "files_L1": [456], "score": 1.40221, "input_data_size": 247639153}
2018/11/20-12:41:17.984871 7f49af81f0 [db/compaction_job.cc:1211] [usertable] [JOB 4] Generated table #1210: 16279 keys, 67233347 bytes
2018/11/20-12:41:17.984969 7f49af81f0 EVENT_LOG_v1 {"time_micros": 1542717677984939, "cf_name": "usertable", "job": 4, "event": "table_file_creation", "file_number": 1210, "file_size": 67233347, "table_properties": {"data_size": 67118331, "index_size": 299108, "filter_size": 0, "raw_key_size": 390696, "raw_average_key_size": 24, "raw_value_size": 66678784, "raw_average_value_size": 4096, "num_data_blocks": 8140, "num_entries": 16279, "filter_policy_name": "", "kDeletedKeys": "0", "kMergeOperands": "0"}}
2018/11/20-12:41:20.606145 7f49af81f0 [db/compaction_job.cc:1211] [usertable] [JOB 4] Generated table #1211: 16279 keys, 67233538 bytes
2018/11/20-12:41:20.606233 7f49af81f0 EVENT_LOG_v1 {"time_micros": 1542717680606205, "cf_name": "usertable", "job": 4, "event": "table_file_creation", "file_number": 1211, "file_size": 67233538, "table_properties": {"data_size": 67120139, "index_size": 300916, "filter_size": 0, "raw_key_size": 390696, "raw_average_key_size": 24, "raw_value_size": 66678784, "raw_average_value_size": 4096, "num_data_blocks": 8140, "num_entries": 16279, "filter_policy_name": "", "kDeletedKeys": "0", "kMergeOperands": "0"}}
2018/11/20-12:41:23.170547 7f49af81f0 [db/compaction_job.cc:1211] [usertable] [JOB 4] Generated table #1212: 16279 keys, 67233349 bytes
2018/11/20-12:41:23.170692 7f49af81f0 EVENT_LOG_v1 {"time_micros": 1542717683170641, "cf_name": "usertable", "job": 4, "event": "table_file_creation", "file_number": 1212, "file_size": 67233349, "table_properties": {"data_size": 67118331, "index_size": 299106, "filter_size": 0, "raw_key_size": 390696, "raw_average_key_size": 24, "raw_value_size": 66678784, "raw_average_value_size": 4096, "num_data_blocks": 8140, "num_entries": 16279, "filter_policy_name": "", "kDeletedKeys": "0", "kMergeOperands": "0"}}
2018/11/20-12:41:25.140489 7f49af81f0 [db/compaction_job.cc:1211] [usertable] [JOB 4] Generated table #1213: 10959 keys, 45261873 bytes
2018/11/20-12:41:25.140562 7f49af81f0 EVENT_LOG_v1 {"time_micros": 1542717685140537, "cf_name": "usertable", "job": 4, "event": "table_file_creation", "file_number": 1213, "file_size": 45261873, "table_properties": {"data_size": 45185189, "index_size": 202496, "filter_size": 0, "raw_key_size": 263016, "raw_average_key_size": 24, "raw_value_size": 44888064, "raw_average_value_size": 4096, "num_data_blocks": 5480, "num_entries": 10959, "filter_policy_name": "", "kDeletedKeys": "0", "kMergeOperands": "0"}}
2018/11/20-12:41:25.140684 7f49af81f0 [db/compaction_job.cc:1287] [usertable] [JOB 4] Compacted 1@1 files to L2 => 246962107 bytes
2018/11/20-12:41:25.196472 7f49af81f0 (Original Log Time 2018/11/20-12:41:25.196187) [db/compaction_job.cc:685] [usertable] compacted to: base level 1 max bytes base 536870912 files[2 8 112 560 0 0 0] max score 1.04, MB/sec: 27.7 rd, 27.6 wr, level 2, files in(1, 0) out(4) MB in(236.2, 0.0) out(235.5), read-write-amplify(2.0) write-amplify(1.0) OK, records in: 59796, records dropped: 0 output_compression: LZ4
2018/11/20-12:41:25.196510 7f49af81f0 (Original Log Time 2018/11/20-12:41:25.196297) EVENT_LOG_v1 {"time_micros": 1542717685196234, "job": 4, "event": "compaction_finished", "compaction_time_micros": 8940658, "output_level": 2, "num_output_files": 4, "total_output_size": 246962107, "num_input_records": 59796, "num_output_records": 59796, "num_subcompactions": 1, "output_compression": "LZ4", "num_single_delete_mismatches": 0, "num_single_delete_fallthrough": 0, "lsm_state": [2, 8, 112, 560, 0, 0, 0]}
2018/11/20-12:41:25.233096 7f492f71f0 (Original Log Time 2018/11/20-12:41:25.196771) [db/db_impl_compaction_flush.cc:1835] [usertable] Moving #1211 to level-3 67233538 bytes
2018/11/20-12:41:25.233115 7f492f71f0 (Original Log Time 2018/11/20-12:41:25.232816) EVENT_LOG_v1 {"time_micros": 1542717685232797, "job": 5, "event": "trivial_move", "destination_level": 3, "files": 1, "total_files_size": 67233538}
2018/11/20-12:41:25.233125 7f492f71f0 (Original Log Time 2018/11/20-12:41:25.232860) [db/db_impl_compaction_flush.cc:1864] [usertable] Moved #1 files to level-3 67233538 bytes OK: base level 1 max bytes base 536870912 files[2 8 111 561 0 0 0] max score 1.03
2018/11/20-12:41:25.506326 7f492f71f0 EVENT_LOG_v1 {"time_micros": 1542717685506301, "job": 5, "event": "table_file_deletion", "file_number": 456}
2018/11/20-12:41:25.547849 7f1ffff1f0 (Original Log Time 2018/11/20-12:41:25.515567) [db/db_impl_compaction_flush.cc:1835] [usertable] Moving #1212 to level-3 67233349 bytes
2018/11/20-12:41:25.547859 7f1ffff1f0 (Original Log Time 2018/11/20-12:41:25.547719) EVENT_LOG_v1 {"time_micros": 1542717685547706, "job": 6, "event": "trivial_move", "destination_level": 3, "files": 1, "total_files_size": 67233349}
2018/11/20-12:41:25.547864 7f1ffff1f0 (Original Log Time 2018/11/20-12:41:25.547750) [db/db_impl_compaction_flush.cc:1864] [usertable] Moved #1 files to level-3 67233349 bytes OK: base level 1 max bytes base 536870912 files[2 8 110 562 0 0 0] max score 1.01
2018/11/20-12:41:25.579541 7f1ffff1f0 (Original Log Time 2018/11/20-12:41:25.548422) [db/db_impl_compaction_flush.cc:1835] [usertable] Moving #1210 to level-3 67233347 bytes
2018/11/20-12:41:25.579551 7f1ffff1f0 (Original Log Time 2018/11/20-12:41:25.579423) EVENT_LOG_v1 {"time_micros": 1542717685579412, "job": 7, "event": "trivial_move", "destination_level": 3, "files": 1, "total_files_size": 67233347}
2018/11/20-12:41:25.579555 7f1ffff1f0 (Original Log Time 2018/11/20-12:41:25.579450) [db/db_impl_compaction_flush.cc:1864] [usertable] Moved #1 files to level-3 67233347 bytes OK: base level 1 max bytes base 536870912 files[2 8 109 563 0 0 0] max score 1.00
2018/11/20-12:41:25.610759 7f1ffff1f0 (Original Log Time 2018/11/20-12:41:25.580104) [db/db_impl_compaction_flush.cc:1835] [usertable] Moving #1204 to level-1 129928485 bytes
2018/11/20-12:41:25.610769 7f1ffff1f0 (Original Log Time 2018/11/20-12:41:25.610636) EVENT_LOG_v1 {"time_micros": 1542717685610624, "job": 8, "event": "trivial_move", "destination_level": 1, "files": 1, "total_files_size": 129928485}
2018/11/20-12:41:25.610773 7f1ffff1f0 (Original Log Time 2018/11/20-12:41:25.610663) [db/db_impl_compaction_flush.cc:1864] [usertable] Moved #1 files to level-1 129928485 bytes OK: base level 1 max bytes base 536870912 files[1 9 109 563 0 0 0] max score 1.18
2018/11/20-12:41:25.611331 7f1ffff1f0 [db/compaction_job.cc:1531] [usertable] [JOB 9] Compacting 1@1 files to L2, score 1.18
2018/11/20-12:41:25.611368 7f1ffff1f0 [db/compaction_job.cc:1535] [usertable] Compaction start summary: Base version 11 Base level 1, inputs: [1204(123MB)]
