2018/11/05-07:23:54.955279 7ff0967fd700 RocksDB version: 5.14.3
2018/11/05-07:23:54.955331 7ff0967fd700 Git sha rocksdb_build_git_sha:
2018/11/05-07:23:54.955334 7ff0967fd700 Compile date Oct 15 2018
2018/11/05-07:23:54.955338 7ff0967fd700 DB SUMMARY
2018/11/05-07:23:54.957320 7ff0967fd700 CURRENT file:  CURRENT
2018/11/05-07:23:54.957324 7ff0967fd700 IDENTITY file:  IDENTITY
2018/11/05-07:23:54.957331 7ff0967fd700 MANIFEST file:  MANIFEST-000004 size: 104431 Bytes
2018/11/05-07:23:54.957334 7ff0967fd700 SST files in /mnt/sdb/ycsb-rocksdb-data dir, Total Num: 539, files: 000020.sst 000038.sst 000055.sst 000056.sst 000060.sst 000064.sst 000065.sst 000066.sst 000067.sst 
2018/11/05-07:23:54.957335 7ff0967fd700 Write Ahead Log file in /mnt/sdb/ycsb-rocksdb-data: 001249.log size: 129285366 ; 001300.log size: 116481762 ; 001454.log size: 129443381 ; 001457.log size: 129427402 ; 001458.log size: 129418041 ; 001460.log size: 129417961 ; 001461.log size: 129295080 ; 001463.log size: 118686394 ; 001464.log size: 129403885 ; 001466.log size: 114202628 ; 001467.log size: 129393548 ; 001469.log size: 129394751 ; 001470.log size: 127911590 ; 001472.log size: 114183634 ; 
2018/11/05-07:23:54.957342 7ff0967fd700                         Options.error_if_exists: 0
2018/11/05-07:23:54.957343 7ff0967fd700                       Options.create_if_missing: 1
2018/11/05-07:23:54.957344 7ff0967fd700                         Options.paranoid_checks: 1
2018/11/05-07:23:54.957345 7ff0967fd700                                     Options.env: 0x7ff095bd43e0
2018/11/05-07:23:54.957346 7ff0967fd700                                Options.info_log: 0x7ff0403e1c00
2018/11/05-07:23:54.957347 7ff0967fd700                Options.max_file_opening_threads: 16
2018/11/05-07:23:54.957347 7ff0967fd700                              Options.statistics: (nil)
2018/11/05-07:23:54.957349 7ff0967fd700                               Options.use_fsync: 0
2018/11/05-07:23:54.957350 7ff0967fd700                       Options.max_log_file_size: 0
2018/11/05-07:23:54.957351 7ff0967fd700                  Options.max_manifest_file_size: 18446744073709551615
2018/11/05-07:23:54.957352 7ff0967fd700                   Options.log_file_time_to_roll: 0
2018/11/05-07:23:54.957352 7ff0967fd700                       Options.keep_log_file_num: 1000
2018/11/05-07:23:54.957353 7ff0967fd700                    Options.recycle_log_file_num: 0
2018/11/05-07:23:54.957354 7ff0967fd700                         Options.allow_fallocate: 1
2018/11/05-07:23:54.957355 7ff0967fd700                        Options.allow_mmap_reads: 0
2018/11/05-07:23:54.957356 7ff0967fd700                       Options.allow_mmap_writes: 0
2018/11/05-07:23:54.957356 7ff0967fd700                        Options.use_direct_reads: 0
2018/11/05-07:23:54.957357 7ff0967fd700                        Options.use_direct_io_for_flush_and_compaction: 0
2018/11/05-07:23:54.957358 7ff0967fd700          Options.create_missing_column_families: 1
2018/11/05-07:23:54.957359 7ff0967fd700                              Options.db_log_dir: 
2018/11/05-07:23:54.957360 7ff0967fd700                                 Options.wal_dir: /mnt/sdb/ycsb-rocksdb-data
2018/11/05-07:23:54.957361 7ff0967fd700                Options.table_cache_numshardbits: 6
2018/11/05-07:23:54.957362 7ff0967fd700                      Options.max_subcompactions: 4
2018/11/05-07:23:54.957363 7ff0967fd700                  Options.max_background_flushes: 24
2018/11/05-07:23:54.957363 7ff0967fd700                         Options.WAL_ttl_seconds: 0
2018/11/05-07:23:54.957364 7ff0967fd700                       Options.WAL_size_limit_MB: 0
2018/11/05-07:23:54.957365 7ff0967fd700             Options.manifest_preallocation_size: 4194304
2018/11/05-07:23:54.957366 7ff0967fd700                     Options.is_fd_close_on_exec: 1
2018/11/05-07:23:54.957367 7ff0967fd700                   Options.advise_random_on_open: 1
2018/11/05-07:23:54.957368 7ff0967fd700                    Options.db_write_buffer_size: 0
2018/11/05-07:23:54.957368 7ff0967fd700                    Options.write_buffer_manager: 0x7ff0403de890
2018/11/05-07:23:54.957369 7ff0967fd700         Options.access_hint_on_compaction_start: 1
2018/11/05-07:23:54.957385 7ff0967fd700  Options.new_table_reader_for_compaction_inputs: 0
2018/11/05-07:23:54.957387 7ff0967fd700           Options.random_access_max_buffer_size: 1048576
2018/11/05-07:23:54.957387 7ff0967fd700                      Options.use_adaptive_mutex: 0
2018/11/05-07:23:54.957388 7ff0967fd700                            Options.rate_limiter: (nil)
2018/11/05-07:23:54.957390 7ff0967fd700     Options.sst_file_manager.rate_bytes_per_sec: 0
2018/11/05-07:23:54.957391 7ff0967fd700                       Options.wal_recovery_mode: 2
2018/11/05-07:23:54.957392 7ff0967fd700                  Options.enable_thread_tracking: 0
2018/11/05-07:23:54.957393 7ff0967fd700                  Options.enable_pipelined_write: 1
2018/11/05-07:23:54.957394 7ff0967fd700         Options.allow_concurrent_memtable_write: 1
2018/11/05-07:23:54.957394 7ff0967fd700      Options.enable_write_thread_adaptive_yield: 1
2018/11/05-07:23:54.957395 7ff0967fd700             Options.write_thread_max_yield_usec: 100
2018/11/05-07:23:54.957396 7ff0967fd700            Options.write_thread_slow_yield_usec: 3
2018/11/05-07:23:54.957397 7ff0967fd700                               Options.row_cache: None
2018/11/05-07:23:54.957398 7ff0967fd700                              Options.wal_filter: None
2018/11/05-07:23:54.957399 7ff0967fd700             Options.avoid_flush_during_recovery: 0
2018/11/05-07:23:54.957400 7ff0967fd700             Options.allow_ingest_behind: 0
2018/11/05-07:23:54.957400 7ff0967fd700             Options.preserve_deletes: 0
2018/11/05-07:23:54.957401 7ff0967fd700             Options.two_write_queues: 0
2018/11/05-07:23:54.957402 7ff0967fd700             Options.manual_wal_flush: 0
2018/11/05-07:23:54.957404 7ff0967fd700             Options.max_background_jobs: 24
2018/11/05-07:23:54.957405 7ff0967fd700             Options.max_background_compactions: 24
2018/11/05-07:23:54.957406 7ff0967fd700             Options.avoid_flush_during_shutdown: 0
2018/11/05-07:23:54.957407 7ff0967fd700           Options.writable_file_max_buffer_size: 1048576
2018/11/05-07:23:54.957408 7ff0967fd700             Options.delayed_write_rate : 16777216
2018/11/05-07:23:54.957409 7ff0967fd700             Options.max_total_wal_size: 0
2018/11/05-07:23:54.957409 7ff0967fd700             Options.delete_obsolete_files_period_micros: 21600000000
2018/11/05-07:23:54.957410 7ff0967fd700                   Options.stats_dump_period_sec: 60
2018/11/05-07:23:54.957411 7ff0967fd700                          Options.max_open_files: -1
2018/11/05-07:23:54.957412 7ff0967fd700                          Options.bytes_per_sync: 1048576
2018/11/05-07:23:54.957413 7ff0967fd700                      Options.wal_bytes_per_sync: 0
2018/11/05-07:23:54.957414 7ff0967fd700       Options.compaction_readahead_size: 0
2018/11/05-07:23:54.957415 7ff0967fd700 Compression algorithms supported:
2018/11/05-07:23:54.957416 7ff0967fd700 	kZSTDNotFinalCompression supported: 1
2018/11/05-07:23:54.957426 7ff0967fd700 	kZSTD supported: 1
2018/11/05-07:23:54.957427 7ff0967fd700 	kXpressCompression supported: 0
2018/11/05-07:23:54.957428 7ff0967fd700 	kLZ4HCCompression supported: 1
2018/11/05-07:23:54.957429 7ff0967fd700 	kLZ4Compression supported: 1
2018/11/05-07:23:54.957430 7ff0967fd700 	kBZip2Compression supported: 1
2018/11/05-07:23:54.957431 7ff0967fd700 	kZlibCompression supported: 1
2018/11/05-07:23:54.957432 7ff0967fd700 	kSnappyCompression supported: 1
2018/11/05-07:23:54.957436 7ff0967fd700 Fast CRC32 supported: Supported on x86
2018/11/05-07:23:54.957848 7ff0967fd700 [db/version_set.cc:3085] Recovering from manifest file: MANIFEST-000004
2018/11/05-07:23:54.957936 7ff0967fd700 [db/column_family.cc:475] --------------- Options for column family [default]:
2018/11/05-07:23:54.957940 7ff0967fd700               Options.comparator: leveldb.BytewiseComparator
2018/11/05-07:23:54.957941 7ff0967fd700           Options.merge_operator: None
2018/11/05-07:23:54.957942 7ff0967fd700        Options.compaction_filter: None
2018/11/05-07:23:54.957943 7ff0967fd700        Options.compaction_filter_factory: None
2018/11/05-07:23:54.957954 7ff0967fd700         Options.memtable_factory: SkipListFactory
2018/11/05-07:23:54.957956 7ff0967fd700            Options.table_factory: BlockBasedTable
2018/11/05-07:23:54.957983 7ff0967fd700            table_factory options:   flush_block_policy_factory: FlushBlockBySizePolicyFactory (0x7ff040382bb0)
  cache_index_and_filter_blocks: 0
  cache_index_and_filter_blocks_with_high_priority: 0
  pin_l0_filter_and_index_blocks_in_cache: 0
  index_type: 0
  hash_index_allow_collision: 1
  checksum: 1
  no_block_cache: 0
  block_cache: 0x7ff04038be50
  block_cache_name: LRUCache
  block_cache_options:
    capacity : 8388608
    num_shard_bits : 4
    strict_capacity_limit : 0
    high_pri_pool_ratio: 0.000
  block_cache_compressed: (nil)
  persistent_cache: (nil)
  block_size: 8192
  block_size_deviation: 10
  block_restart_interval: 16
  index_block_restart_interval: 1
  metadata_block_size: 4096
  partition_filters: 0
  use_delta_encoding: 1
  filter_policy: nullptr
  whole_key_filtering: 1
  verify_compression: 0
  read_amp_bytes_per_bit: 0
  format_version: 2
  enable_index_compression: 1
  block_align: 0
2018/11/05-07:23:54.957985 7ff0967fd700        Options.write_buffer_size: 134217728
2018/11/05-07:23:54.957986 7ff0967fd700  Options.max_write_buffer_number: 24
2018/11/05-07:23:54.957988 7ff0967fd700        Options.compression[0]: NoCompression
2018/11/05-07:23:54.957989 7ff0967fd700        Options.compression[1]: NoCompression
2018/11/05-07:23:54.957990 7ff0967fd700        Options.compression[2]: LZ4
2018/11/05-07:23:54.957991 7ff0967fd700        Options.compression[3]: LZ4
2018/11/05-07:23:54.957992 7ff0967fd700        Options.compression[4]: LZ4
2018/11/05-07:23:54.957993 7ff0967fd700        Options.compression[5]: LZ4
2018/11/05-07:23:54.957993 7ff0967fd700        Options.compression[6]: LZ4
2018/11/05-07:23:54.957994 7ff0967fd700                  Options.bottommost_compression: Disabled
2018/11/05-07:23:54.957995 7ff0967fd700       Options.prefix_extractor: nullptr
2018/11/05-07:23:54.957996 7ff0967fd700   Options.memtable_insert_with_hint_prefix_extractor: nullptr
2018/11/05-07:23:54.957997 7ff0967fd700             Options.num_levels: 7
2018/11/05-07:23:54.957998 7ff0967fd700        Options.min_write_buffer_number_to_merge: 2
2018/11/05-07:23:54.957999 7ff0967fd700     Options.max_write_buffer_number_to_maintain: 0
2018/11/05-07:23:54.958000 7ff0967fd700            Options.compression_opts.window_bits: -14
2018/11/05-07:23:54.958001 7ff0967fd700                  Options.compression_opts.level: -1
2018/11/05-07:23:54.958002 7ff0967fd700               Options.compression_opts.strategy: 0
2018/11/05-07:23:54.958003 7ff0967fd700         Options.compression_opts.max_dict_bytes: 0
2018/11/05-07:23:54.958004 7ff0967fd700         Options.compression_opts.zstd_max_train_bytes: 0
2018/11/05-07:23:54.958005 7ff0967fd700      Options.level0_file_num_compaction_trigger: 2
2018/11/05-07:23:54.958005 7ff0967fd700          Options.level0_slowdown_writes_trigger: 20
2018/11/05-07:23:54.958006 7ff0967fd700              Options.level0_stop_writes_trigger: 36
2018/11/05-07:23:54.958007 7ff0967fd700                   Options.target_file_size_base: 67108864
2018/11/05-07:23:54.958008 7ff0967fd700             Options.target_file_size_multiplier: 1
2018/11/05-07:23:54.958009 7ff0967fd700                Options.max_bytes_for_level_base: 536870912
2018/11/05-07:23:54.958010 7ff0967fd700 Options.level_compaction_dynamic_level_bytes: 0
2018/11/05-07:23:54.958011 7ff0967fd700          Options.max_bytes_for_level_multiplier: 10.000000
2018/11/05-07:23:54.958014 7ff0967fd700 Options.max_bytes_for_level_multiplier_addtl[0]: 1
2018/11/05-07:23:54.958015 7ff0967fd700 Options.max_bytes_for_level_multiplier_addtl[1]: 1
2018/11/05-07:23:54.958016 7ff0967fd700 Options.max_bytes_for_level_multiplier_addtl[2]: 1
2018/11/05-07:23:54.958017 7ff0967fd700 Options.max_bytes_for_level_multiplier_addtl[3]: 1
2018/11/05-07:23:54.958018 7ff0967fd700 Options.max_bytes_for_level_multiplier_addtl[4]: 1
2018/11/05-07:23:54.958027 7ff0967fd700 Options.max_bytes_for_level_multiplier_addtl[5]: 1
2018/11/05-07:23:54.958029 7ff0967fd700 Options.max_bytes_for_level_multiplier_addtl[6]: 1
2018/11/05-07:23:54.958029 7ff0967fd700       Options.max_sequential_skip_in_iterations: 8
2018/11/05-07:23:54.958030 7ff0967fd700                    Options.max_compaction_bytes: 1677721600
2018/11/05-07:23:54.958031 7ff0967fd700                        Options.arena_block_size: 16777216
2018/11/05-07:23:54.958032 7ff0967fd700   Options.soft_pending_compaction_bytes_limit: 68719476736
2018/11/05-07:23:54.958033 7ff0967fd700   Options.hard_pending_compaction_bytes_limit: 274877906944
2018/11/05-07:23:54.958034 7ff0967fd700       Options.rate_limit_delay_max_milliseconds: 100
2018/11/05-07:23:54.958035 7ff0967fd700                Options.disable_auto_compactions: 0
2018/11/05-07:23:54.958037 7ff0967fd700                        Options.compaction_style: kCompactionStyleLevel
2018/11/05-07:23:54.958038 7ff0967fd700                          Options.compaction_pri: kByCompensatedSize
2018/11/05-07:23:54.958039 7ff0967fd700 Options.compaction_options_universal.size_ratio: 1
2018/11/05-07:23:54.958040 7ff0967fd700 Options.compaction_options_universal.min_merge_width: 2
2018/11/05-07:23:54.958041 7ff0967fd700 Options.compaction_options_universal.max_merge_width: 4294967295
2018/11/05-07:23:54.958042 7ff0967fd700 Options.compaction_options_universal.max_size_amplification_percent: 200
2018/11/05-07:23:54.958043 7ff0967fd700 Options.compaction_options_universal.compression_size_percent: -1
2018/11/05-07:23:54.958044 7ff0967fd700 Options.compaction_options_universal.stop_style: kCompactionStopStyleTotalSize
2018/11/05-07:23:54.958045 7ff0967fd700 Options.compaction_options_fifo.max_table_files_size: 1073741824
2018/11/05-07:23:54.958046 7ff0967fd700 Options.compaction_options_fifo.allow_compaction: 0
2018/11/05-07:23:54.958047 7ff0967fd700 Options.compaction_options_fifo.ttl: 0
2018/11/05-07:23:54.958048 7ff0967fd700                   Options.table_properties_collectors: 
2018/11/05-07:23:54.958049 7ff0967fd700                   Options.inplace_update_support: 0
2018/11/05-07:23:54.958050 7ff0967fd700                 Options.inplace_update_num_locks: 10000
2018/11/05-07:23:54.958051 7ff0967fd700               Options.memtable_prefix_bloom_size_ratio: 0.000000
2018/11/05-07:23:54.958052 7ff0967fd700   Options.memtable_huge_page_size: 0
2018/11/05-07:23:54.958053 7ff0967fd700                           Options.bloom_locality: 0
2018/11/05-07:23:54.958054 7ff0967fd700                    Options.max_successive_merges: 0
2018/11/05-07:23:54.958055 7ff0967fd700                Options.optimize_filters_for_hits: 0
2018/11/05-07:23:54.958055 7ff0967fd700                Options.paranoid_file_checks: 0
2018/11/05-07:23:54.958056 7ff0967fd700                Options.force_consistency_checks: 0
2018/11/05-07:23:54.958057 7ff0967fd700                Options.report_bg_io_stats: 0
2018/11/05-07:23:54.958058 7ff0967fd700                               Options.ttl: 0
2018/11/05-07:23:54.958470 7ff0967fd700 [db/column_family.cc:475] --------------- Options for column family [usertable]:
2018/11/05-07:23:54.958473 7ff0967fd700               Options.comparator: leveldb.BytewiseComparator
2018/11/05-07:23:54.958474 7ff0967fd700           Options.merge_operator: None
2018/11/05-07:23:54.958475 7ff0967fd700        Options.compaction_filter: None
2018/11/05-07:23:54.958476 7ff0967fd700        Options.compaction_filter_factory: None
2018/11/05-07:23:54.958477 7ff0967fd700         Options.memtable_factory: SkipListFactory
2018/11/05-07:23:54.958477 7ff0967fd700            Options.table_factory: BlockBasedTable
2018/11/05-07:23:54.958500 7ff0967fd700            table_factory options:   flush_block_policy_factory: FlushBlockBySizePolicyFactory (0x7ff040382b90)
  cache_index_and_filter_blocks: 0
  cache_index_and_filter_blocks_with_high_priority: 0
  pin_l0_filter_and_index_blocks_in_cache: 0
  index_type: 0
  hash_index_allow_collision: 1
  checksum: 1
  no_block_cache: 0
  block_cache: 0x7ff04038db40
  block_cache_name: LRUCache
  block_cache_options:
    capacity : 8388608
    num_shard_bits : 4
    strict_capacity_limit : 0
    high_pri_pool_ratio: 0.000
  block_cache_compressed: (nil)
  persistent_cache: (nil)
  block_size: 8192
  block_size_deviation: 10
  block_restart_interval: 16
  index_block_restart_interval: 1
  metadata_block_size: 4096
  partition_filters: 0
  use_delta_encoding: 1
  filter_policy: nullptr
  whole_key_filtering: 1
  verify_compression: 0
  read_amp_bytes_per_bit: 0
  format_version: 2
  enable_index_compression: 1
  block_align: 0
2018/11/05-07:23:54.958511 7ff0967fd700        Options.write_buffer_size: 134217728
2018/11/05-07:23:54.958513 7ff0967fd700  Options.max_write_buffer_number: 24
2018/11/05-07:23:54.958514 7ff0967fd700        Options.compression[0]: NoCompression
2018/11/05-07:23:54.958515 7ff0967fd700        Options.compression[1]: NoCompression
2018/11/05-07:23:54.958516 7ff0967fd700        Options.compression[2]: LZ4
2018/11/05-07:23:54.958517 7ff0967fd700        Options.compression[3]: LZ4
2018/11/05-07:23:54.958518 7ff0967fd700        Options.compression[4]: LZ4
2018/11/05-07:23:54.958519 7ff0967fd700        Options.compression[5]: LZ4
2018/11/05-07:23:54.958520 7ff0967fd700        Options.compression[6]: LZ4
2018/11/05-07:23:54.958521 7ff0967fd700                  Options.bottommost_compression: Disabled
2018/11/05-07:23:54.958522 7ff0967fd700       Options.prefix_extractor: nullptr
2018/11/05-07:23:54.958522 7ff0967fd700   Options.memtable_insert_with_hint_prefix_extractor: nullptr
2018/11/05-07:23:54.958523 7ff0967fd700             Options.num_levels: 7
2018/11/05-07:23:54.958524 7ff0967fd700        Options.min_write_buffer_number_to_merge: 2
2018/11/05-07:23:54.958525 7ff0967fd700     Options.max_write_buffer_number_to_maintain: 0
2018/11/05-07:23:54.958526 7ff0967fd700            Options.compression_opts.window_bits: -14
2018/11/05-07:23:54.958527 7ff0967fd700                  Options.compression_opts.level: -1
2018/11/05-07:23:54.958528 7ff0967fd700               Options.compression_opts.strategy: 0
2018/11/05-07:23:54.958528 7ff0967fd700         Options.compression_opts.max_dict_bytes: 0
2018/11/05-07:23:54.958529 7ff0967fd700         Options.compression_opts.zstd_max_train_bytes: 0
2018/11/05-07:23:54.958530 7ff0967fd700      Options.level0_file_num_compaction_trigger: 2
2018/11/05-07:23:54.958531 7ff0967fd700          Options.level0_slowdown_writes_trigger: 20
2018/11/05-07:23:54.958532 7ff0967fd700              Options.level0_stop_writes_trigger: 36
2018/11/05-07:23:54.958533 7ff0967fd700                   Options.target_file_size_base: 67108864
2018/11/05-07:23:54.958534 7ff0967fd700             Options.target_file_size_multiplier: 1
2018/11/05-07:23:54.958534 7ff0967fd700                Options.max_bytes_for_level_base: 536870912
2018/11/05-07:23:54.958535 7ff0967fd700 Options.level_compaction_dynamic_level_bytes: 0
2018/11/05-07:23:54.958536 7ff0967fd700          Options.max_bytes_for_level_multiplier: 10.000000
2018/11/05-07:23:54.958538 7ff0967fd700 Options.max_bytes_for_level_multiplier_addtl[0]: 1
2018/11/05-07:23:54.958539 7ff0967fd700 Options.max_bytes_for_level_multiplier_addtl[1]: 1
2018/11/05-07:23:54.958540 7ff0967fd700 Options.max_bytes_for_level_multiplier_addtl[2]: 1
2018/11/05-07:23:54.958541 7ff0967fd700 Options.max_bytes_for_level_multiplier_addtl[3]: 1
2018/11/05-07:23:54.958542 7ff0967fd700 Options.max_bytes_for_level_multiplier_addtl[4]: 1
2018/11/05-07:23:54.958543 7ff0967fd700 Options.max_bytes_for_level_multiplier_addtl[5]: 1
2018/11/05-07:23:54.958543 7ff0967fd700 Options.max_bytes_for_level_multiplier_addtl[6]: 1
2018/11/05-07:23:54.958544 7ff0967fd700       Options.max_sequential_skip_in_iterations: 8
2018/11/05-07:23:54.958545 7ff0967fd700                    Options.max_compaction_bytes: 1677721600
2018/11/05-07:23:54.958546 7ff0967fd700                        Options.arena_block_size: 16777216
2018/11/05-07:23:54.958547 7ff0967fd700   Options.soft_pending_compaction_bytes_limit: 68719476736
2018/11/05-07:23:54.958548 7ff0967fd700   Options.hard_pending_compaction_bytes_limit: 274877906944
2018/11/05-07:23:54.958554 7ff0967fd700       Options.rate_limit_delay_max_milliseconds: 100
2018/11/05-07:23:54.958556 7ff0967fd700                Options.disable_auto_compactions: 0
2018/11/05-07:23:54.958557 7ff0967fd700                        Options.compaction_style: kCompactionStyleLevel
2018/11/05-07:23:54.958558 7ff0967fd700                          Options.compaction_pri: kByCompensatedSize
2018/11/05-07:23:54.958559 7ff0967fd700 Options.compaction_options_universal.size_ratio: 1
2018/11/05-07:23:54.958560 7ff0967fd700 Options.compaction_options_universal.min_merge_width: 2
2018/11/05-07:23:54.958561 7ff0967fd700 Options.compaction_options_universal.max_merge_width: 4294967295
2018/11/05-07:23:54.958562 7ff0967fd700 Options.compaction_options_universal.max_size_amplification_percent: 200
2018/11/05-07:23:54.958563 7ff0967fd700 Options.compaction_options_universal.compression_size_percent: -1
2018/11/05-07:23:54.958564 7ff0967fd700 Options.compaction_options_universal.stop_style: kCompactionStopStyleTotalSize
2018/11/05-07:23:54.958564 7ff0967fd700 Options.compaction_options_fifo.max_table_files_size: 1073741824
2018/11/05-07:23:54.958565 7ff0967fd700 Options.compaction_options_fifo.allow_compaction: 0
2018/11/05-07:23:54.958566 7ff0967fd700 Options.compaction_options_fifo.ttl: 0
2018/11/05-07:23:54.958567 7ff0967fd700                   Options.table_properties_collectors: 
2018/11/05-07:23:54.958568 7ff0967fd700                   Options.inplace_update_support: 0
2018/11/05-07:23:54.958569 7ff0967fd700                 Options.inplace_update_num_locks: 10000
2018/11/05-07:23:54.958570 7ff0967fd700               Options.memtable_prefix_bloom_size_ratio: 0.000000
2018/11/05-07:23:54.958571 7ff0967fd700   Options.memtable_huge_page_size: 0
2018/11/05-07:23:54.958572 7ff0967fd700                           Options.bloom_locality: 0
2018/11/05-07:23:54.958573 7ff0967fd700                    Options.max_successive_merges: 0
2018/11/05-07:23:54.958574 7ff0967fd700                Options.optimize_filters_for_hits: 0
2018/11/05-07:23:54.958575 7ff0967fd700                Options.paranoid_file_checks: 0
2018/11/05-07:23:54.958575 7ff0967fd700                Options.force_consistency_checks: 0
2018/11/05-07:23:54.958576 7ff0967fd700                Options.report_bg_io_stats: 0
2018/11/05-07:23:54.958577 7ff0967fd700                               Options.ttl: 0
2018/11/05-07:23:55.473507 7ff0967fd700 [db/version_set.cc:3361] Recovered from manifest file:/mnt/sdb/ycsb-rocksdb-data/MANIFEST-000004 succeeded,manifest_file_number is 4, next_file_number is 1441, last_sequence is 10065890, log_number is 0,prev_log_number is 0,max_column_family is 1,min_log_number_to_keep is 0
2018/11/05-07:23:55.473517 7ff0967fd700 [db/version_set.cc:3369] Column family [default] (ID 0), log number is 0
2018/11/05-07:23:55.473519 7ff0967fd700 [db/version_set.cc:3369] Column family [usertable] (ID 1), log number is 1249
2018/11/05-07:23:55.475190 7ff0967fd700 EVENT_LOG_v1 {"time_micros": 1541431435475176, "job": 1, "event": "recovery_started", "log_files": [1249, 1300, 1454, 1457, 1458, 1460, 1461, 1463, 1464, 1466, 1467, 1469, 1470, 1472]}
2018/11/05-07:23:55.475197 7ff0967fd700 [db/db_impl_open.cc:551] Recovering log #1249 mode 2
2018/11/05-07:23:56.421058 7ff0967fd700 EVENT_LOG_v1 {"time_micros": 1541431436421035, "cf_name": "usertable", "job": 1, "event": "table_file_creation", "file_number": 1441, "file_size": 129922999, "table_properties": {"data_size": 129341996, "index_size": 580081, "filter_size": 0, "raw_key_size": 752880, "raw_average_key_size": 24, "raw_value_size": 128491520, "raw_average_value_size": 4096, "num_data_blocks": 15685, "num_entries": 31370, "filter_policy_name": "", "kDeletedKeys": "0", "kMergeOperands": "0"}}
2018/11/05-07:23:56.427704 7ff0967fd700 [db/db_impl_open.cc:551] Recovering log #1300 mode 2
2018/11/05-07:23:57.197342 7ff0967fd700 [db/db_impl_open.cc:551] Recovering log #1454 mode 2
2018/11/05-07:23:58.075084 7ff0967fd700 EVENT_LOG_v1 {"time_micros": 1541431438075062, "cf_name": "usertable", "job": 1, "event": "table_file_creation", "file_number": 1455, "file_size": 129902323, "table_properties": {"data_size": 129321394, "index_size": 580007, "filter_size": 0, "raw_key_size": 752760, "raw_average_key_size": 24, "raw_value_size": 128471040, "raw_average_value_size": 4096, "num_data_blocks": 15683, "num_entries": 31365, "filter_policy_name": "", "kDeletedKeys": "0", "kMergeOperands": "0"}}
2018/11/05-07:23:58.406782 7ff0967fd700 [db/db_impl_open.cc:551] Recovering log #1457 mode 2
2018/11/05-07:23:59.045001 7ff0967fd700 EVENT_LOG_v1 {"time_micros": 1541431439044981, "cf_name": "usertable", "job": 1, "event": "table_file_creation", "file_number": 1458, "file_size": 129895353, "table_properties": {"data_size": 129317909, "index_size": 576522, "filter_size": 0, "raw_key_size": 752760, "raw_average_key_size": 24, "raw_value_size": 128471040, "raw_average_value_size": 4096, "num_data_blocks": 15683, "num_entries": 31365, "filter_policy_name": "", "kDeletedKeys": "0", "kMergeOperands": "0"}}
2018/11/05-07:23:59.830722 7ff0967fd700 [db/db_impl_open.cc:551] Recovering log #1458 mode 2
2018/11/05-07:24:00.691541 7ff0967fd700 EVENT_LOG_v1 {"time_micros": 1541431440691520, "cf_name": "usertable", "job": 1, "event": "table_file_creation", "file_number": 1459, "file_size": 129910606, "table_properties": {"data_size": 129329640, "index_size": 580044, "filter_size": 0, "raw_key_size": 752808, "raw_average_key_size": 24, "raw_value_size": 128479232, "raw_average_value_size": 4096, "num_data_blocks": 15684, "num_entries": 31367, "filter_policy_name": "", "kDeletedKeys": "0", "kMergeOperands": "0"}}
2018/11/05-07:24:01.003801 7ff0967fd700 [db/db_impl_open.cc:551] Recovering log #1460 mode 2
2018/11/05-07:24:01.551728 7ff0967fd700 EVENT_LOG_v1 {"time_micros": 1541431441551710, "cf_name": "usertable", "job": 1, "event": "table_file_creation", "file_number": 1461, "file_size": 129899461, "table_properties": {"data_size": 129322018, "index_size": 576521, "filter_size": 0, "raw_key_size": 752784, "raw_average_key_size": 24, "raw_value_size": 128475136, "raw_average_value_size": 4096, "num_data_blocks": 15683, "num_entries": 31366, "filter_policy_name": "", "kDeletedKeys": "0", "kMergeOperands": "0"}}
2018/11/05-07:24:01.912621 7ff0967fd700 [db/db_impl_open.cc:551] Recovering log #1461 mode 2
2018/11/05-07:24:02.426695 7ff0967fd700 EVENT_LOG_v1 {"time_micros": 1541431442426673, "cf_name": "usertable", "job": 1, "event": "table_file_creation", "file_number": 1462, "file_size": 129895354, "table_properties": {"data_size": 129317909, "index_size": 576523, "filter_size": 0, "raw_key_size": 752760, "raw_average_key_size": 24, "raw_value_size": 128471040, "raw_average_value_size": 4096, "num_data_blocks": 15683, "num_entries": 31365, "filter_policy_name": "", "kDeletedKeys": "0", "kMergeOperands": "0"}}
2018/11/05-07:24:02.742910 7ff0967fd700 [db/db_impl_open.cc:551] Recovering log #1463 mode 2
2018/11/05-07:24:03.551295 7ff0967fd700 EVENT_LOG_v1 {"time_micros": 1541431443551275, "cf_name": "usertable", "job": 1, "event": "table_file_creation", "file_number": 1464, "file_size": 129902323, "table_properties": {"data_size": 129321394, "index_size": 580007, "filter_size": 0, "raw_key_size": 752760, "raw_average_key_size": 24, "raw_value_size": 128471040, "raw_average_value_size": 4096, "num_data_blocks": 15683, "num_entries": 31365, "filter_policy_name": "", "kDeletedKeys": "0", "kMergeOperands": "0"}}
2018/11/05-07:24:04.259111 7ff0967fd700 [db/db_impl_open.cc:551] Recovering log #1464 mode 2
2018/11/05-07:24:05.005851 7ff0967fd700 EVENT_LOG_v1 {"time_micros": 1541431445005830, "cf_name": "usertable", "job": 1, "event": "table_file_creation", "file_number": 1465, "file_size": 129903636, "table_properties": {"data_size": 129326155, "index_size": 576559, "filter_size": 0, "raw_key_size": 752808, "raw_average_key_size": 24, "raw_value_size": 128479232, "raw_average_value_size": 4096, "num_data_blocks": 15684, "num_entries": 31367, "filter_policy_name": "", "kDeletedKeys": "0", "kMergeOperands": "0"}}
2018/11/05-07:24:05.290780 7ff0967fd700 [db/db_impl_open.cc:551] Recovering log #1466 mode 2
2018/11/05-07:24:06.286502 7ff0967fd700 EVENT_LOG_v1 {"time_micros": 1541431446286480, "cf_name": "usertable", "job": 1, "event": "table_file_creation", "file_number": 1467, "file_size": 129906433, "table_properties": {"data_size": 129325504, "index_size": 580007, "filter_size": 0, "raw_key_size": 752784, "raw_average_key_size": 24, "raw_value_size": 128475136, "raw_average_value_size": 4096, "num_data_blocks": 15683, "num_entries": 31366, "filter_policy_name": "", "kDeletedKeys": "0", "kMergeOperands": "0"}}
2018/11/05-07:24:06.902270 7ff0967fd700 [db/db_impl_open.cc:551] Recovering log #1467 mode 2
2018/11/05-07:24:07.662360 7ff0967fd700 EVENT_LOG_v1 {"time_micros": 1541431447662339, "cf_name": "usertable", "job": 1, "event": "table_file_creation", "file_number": 1468, "file_size": 129914715, "table_properties": {"data_size": 129333749, "index_size": 580044, "filter_size": 0, "raw_key_size": 752832, "raw_average_key_size": 24, "raw_value_size": 128483328, "raw_average_value_size": 4096, "num_data_blocks": 15684, "num_entries": 31368, "filter_policy_name": "", "kDeletedKeys": "0", "kMergeOperands": "0"}}
2018/11/05-07:24:07.908731 7ff0967fd700 [db/db_impl_open.cc:551] Recovering log #1469 mode 2
2018/11/05-07:24:09.017343 7ff0967fd700 EVENT_LOG_v1 {"time_micros": 1541431449017323, "cf_name": "usertable", "job": 1, "event": "table_file_creation", "file_number": 1470, "file_size": 129910605, "table_properties": {"data_size": 129329639, "index_size": 580044, "filter_size": 0, "raw_key_size": 752808, "raw_average_key_size": 24, "raw_value_size": 128479232, "raw_average_value_size": 4096, "num_data_blocks": 15684, "num_entries": 31367, "filter_policy_name": "", "kDeletedKeys": "0", "kMergeOperands": "0"}}
2018/11/05-07:24:09.641032 7ff0967fd700 [db/db_impl_open.cc:551] Recovering log #1470 mode 2
2018/11/05-07:24:10.338720 7ff0967fd700 EVENT_LOG_v1 {"time_micros": 1541431450338698, "cf_name": "usertable", "job": 1, "event": "table_file_creation", "file_number": 1471, "file_size": 129899464, "table_properties": {"data_size": 129322018, "index_size": 576524, "filter_size": 0, "raw_key_size": 752784, "raw_average_key_size": 24, "raw_value_size": 128475136, "raw_average_value_size": 4096, "num_data_blocks": 15683, "num_entries": 31366, "filter_policy_name": "", "kDeletedKeys": "0", "kMergeOperands": "0"}}
2018/11/05-07:24:10.582559 7ff0967fd700 [db/db_impl_open.cc:551] Recovering log #1472 mode 2
2018/11/05-07:24:11.197238 7ff0967fd700 EVENT_LOG_v1 {"time_micros": 1541431451197216, "cf_name": "usertable", "job": 1, "event": "table_file_creation", "file_number": 1473, "file_size": 129903635, "table_properties": {"data_size": 129326155, "index_size": 576558, "filter_size": 0, "raw_key_size": 752808, "raw_average_key_size": 24, "raw_value_size": 128479232, "raw_average_value_size": 4096, "num_data_blocks": 15684, "num_entries": 31367, "filter_policy_name": "", "kDeletedKeys": "0", "kMergeOperands": "0"}}
2018/11/05-07:24:11.399618 7ff0967fd700 [db/version_set.cc:2847] Creating manifest 1474
2018/11/05-07:24:11.739768 7ff0967fd700 EVENT_LOG_v1 {"time_micros": 1541431451739734, "cf_name": "usertable", "job": 1, "event": "table_file_creation", "file_number": 1475, "file_size": 74657339, "table_properties": {"data_size": 74323200, "index_size": 333217, "filter_size": 0, "raw_key_size": 432624, "raw_average_key_size": 24, "raw_value_size": 73834496, "raw_average_value_size": 4096, "num_data_blocks": 9013, "num_entries": 18026, "filter_policy_name": "", "kDeletedKeys": "0", "kMergeOperands": "0"}}
2018/11/05-07:24:11.769581 7ff0967fd700 EVENT_LOG_v1 {"time_micros": 1541431451769577, "job": 1, "event": "recovery_finished"}
2018/11/05-07:24:11.769783 7ff0967fd700 [WARN] [db/column_family.cc:799] [usertable] Stalling writes because we have 22 level-0 files rate 16777216
2018/11/05-07:24:11.942051 7ff0967fd700 [db/db_impl_open.cc:1219] DB pointer 0x7ff0403e0c90
2018/11/05-07:24:11.942611 7fefbbfff700 [WARN] [db/db_impl.cc:491] ------- DUMPING STATS -------
2018/11/05-07:24:11.942681 7fefbbfff700 [WARN] [db/db_impl.cc:492] 
** DB Stats **
Uptime(secs): 17.0 total, 17.0 interval
Cumulative writes: 0 writes, 0 keys, 0 commit groups, 0.0 writes per commit group, ingest: 0.00 GB, 0.00 MB/s
Cumulative WAL: 0 writes, 0 syncs, 0.00 writes per sync, written: 0.00 GB, 0.00 MB/s
Cumulative stall: 00:00:0.000 H:M:S, 0.0 percent
Interval writes: 0 writes, 0 keys, 0 commit groups, 0.0 writes per commit group, ingest: 0.00 MB, 0.00 MB/s
Interval WAL: 0 writes, 0 syncs, 0.00 writes per sync, written: 0.00 MB, 0.00 MB/s
Interval stall: 00:00:0.000 H:M:S, 0.0 percent

** Compaction Stats [default] **
Level    Files   Size     Score Read(GB)  Rn(GB) Rnp1(GB) Write(GB) Wnew(GB) Moved(GB) W-Amp Rd(MB/s) Wr(MB/s) Comp(sec) Comp(cnt) Avg(sec) KeyIn KeyDrop
----------------------------------------------------------------------------------------------------------------------------------------------------------
 Sum      0/0    0.00 KB   0.0      0.0     0.0      0.0       0.0      0.0       0.0   0.0      0.0      0.0         0         0    0.000       0      0
 Int      0/0    0.00 KB   0.0      0.0     0.0      0.0       0.0      0.0       0.0   0.0      0.0      0.0         0         0    0.000       0      0
Uptime(secs): 17.0 total, 17.0 interval
Flush(GB): cumulative 0.000, interval 0.000
AddFile(GB): cumulative 0.000, interval 0.000
AddFile(Total Files): cumulative 0, interval 0
AddFile(L0 Files): cumulative 0, interval 0
AddFile(Keys): cumulative 0, interval 0
Cumulative compaction: 0.00 GB write, 0.00 MB/s write, 0.00 GB read, 0.00 MB/s read, 0.0 seconds
Interval compaction: 0.00 GB write, 0.00 MB/s write, 0.00 GB read, 0.00 MB/s read, 0.0 seconds
Stalls(count): 0 level0_slowdown, 0 level0_slowdown_with_compaction, 0 level0_numfiles, 0 level0_numfiles_with_compaction, 0 stop for pending_compaction_bytes, 0 slowdown for pending_compaction_bytes, 0 memtable_compaction, 0 memtable_slowdown, interval 0 total count

** File Read Latency Histogram By Level [default] **

** Compaction Stats [usertable] **
Level    Files   Size     Score Read(GB)  Rn(GB) Rnp1(GB) Write(GB) Wnew(GB) Moved(GB) W-Amp Rd(MB/s) Wr(MB/s) Comp(sec) Comp(cnt) Avg(sec) KeyIn KeyDrop
----------------------------------------------------------------------------------------------------------------------------------------------------------
  L0     22/0    7.31 GB  14.6      0.0     0.0      0.0       1.6      1.6       0.0   1.0      0.0    191.7         9        14    0.627       0      0
  L1    117/0    7.13 GB  14.3      0.0     0.0      0.0       0.0      0.0       0.0   0.0      0.0      0.0         0         0    0.000       0      0
  L2    153/0    9.43 GB   1.9      0.0     0.0      0.0       0.0      0.0       0.0   0.0      0.0      0.0         0         0    0.000       0      0
  L3    261/0   16.34 GB   0.3      0.0     0.0      0.0       0.0      0.0       0.0   0.0      0.0      0.0         0         0    0.000       0      0
 Sum    553/0   40.22 GB   0.0      0.0     0.0      0.0       1.6      1.6       0.0   1.0      0.0    191.7         9        14    0.627       0      0
 Int      0/0    0.00 KB   0.0      0.0     0.0      0.0       1.6      1.6       0.0   1.0      0.0    191.7         9        14    0.627       0      0
Uptime(secs): 17.0 total, 17.0 interval
Flush(GB): cumulative 1.642, interval 1.642
AddFile(GB): cumulative 0.000, interval 0.000
AddFile(Total Files): cumulative 0, interval 0
AddFile(L0 Files): cumulative 0, interval 0
AddFile(Keys): cumulative 0, interval 0
Cumulative compaction: 1.64 GB write, 99.02 MB/s write, 0.00 GB read, 0.00 MB/s read, 8.8 seconds
Interval compaction: 1.64 GB write, 99.02 MB/s write, 0.00 GB read, 0.00 MB/s read, 8.8 seconds
Stalls(count): 1 level0_slowdown, 0 level0_slowdown_with_compaction, 0 level0_numfiles, 0 level0_numfiles_with_compaction, 0 stop for pending_compaction_bytes, 0 slowdown for pending_compaction_bytes, 0 memtable_compaction, 0 memtable_slowdown, interval 1 total count

** File Read Latency Histogram By Level [usertable] **

** Compaction Stats [default] **
Level    Files   Size     Score Read(GB)  Rn(GB) Rnp1(GB) Write(GB) Wnew(GB) Moved(GB) W-Amp Rd(MB/s) Wr(MB/s) Comp(sec) Comp(cnt) Avg(sec) KeyIn KeyDrop
----------------------------------------------------------------------------------------------------------------------------------------------------------
 Sum      0/0    0.00 KB   0.0      0.0     0.0      0.0       0.0      0.0       0.0   0.0      0.0      0.0         0         0    0.000       0      0
 Int      0/0    0.00 KB   0.0      0.0     0.0      0.0       0.0      0.0       0.0   0.0      0.0      0.0         0         0    0.000       0      0
Uptime(secs): 17.0 total, 0.0 interval
Flush(GB): cumulative 0.000, interval 0.000
AddFile(GB): cumulative 0.000, interval 0.000
AddFile(Total Files): cumulative 0, interval 0
AddFile(L0 Files): cumulative 0, interval 0
AddFile(Keys): cumulative 0, interval 0
Cumulative compaction: 0.00 GB write, 0.00 MB/s write, 0.00 GB read, 0.00 MB/s read, 0.0 seconds
Interval compaction: 0.00 GB write, 0.00 MB/s write, 0.00 GB read, 0.00 MB/s read, 0.0 seconds
Stalls(count): 0 level0_slowdown, 0 level0_slowdown_with_compaction, 0 level0_numfiles, 0 level0_numfiles_with_compaction, 0 stop for pending_compaction_bytes, 0 slowdown for pending_compaction_bytes, 0 memtable_compaction, 0 memtable_slowdown, interval 0 total count

** File Read Latency Histogram By Level [default] **

** Compaction Stats [usertable] **
Level    Files   Size     Score Read(GB)  Rn(GB) Rnp1(GB) Write(GB) Wnew(GB) Moved(GB) W-Amp Rd(MB/s) Wr(MB/s) Comp(sec) Comp(cnt) Avg(sec) KeyIn KeyDrop
----------------------------------------------------------------------------------------------------------------------------------------------------------
  L0     22/0    7.31 GB  14.6      0.0     0.0      0.0       1.6      1.6       0.0   1.0      0.0    191.7         9        14    0.627       0      0
  L1    117/0    7.13 GB  14.3      0.0     0.0      0.0       0.0      0.0       0.0   0.0      0.0      0.0         0         0    0.000       0      0
  L2    153/0    9.43 GB   1.9      0.0     0.0      0.0       0.0      0.0       0.0   0.0      0.0      0.0         0         0    0.000       0      0
  L3    261/0   16.34 GB   0.3      0.0     0.0      0.0       0.0      0.0       0.0   0.0      0.0      0.0         0         0    0.000       0      0
 Sum    553/0   40.22 GB   0.0      0.0     0.0      0.0       1.6      1.6       0.0   1.0      0.0    191.7         9        14    0.627       0      0
 Int      0/0    0.00 KB   0.0      0.0     0.0      0.0       0.0      0.0       0.0   0.0      0.0      0.0         0         0    0.000       0      0
Uptime(secs): 17.0 total, 0.0 interval
Flush(GB): cumulative 1.642, interval 0.000
AddFile(GB): cumulative 0.000, interval 0.000
AddFile(Total Files): cumulative 0, interval 0
AddFile(L0 Files): cumulative 0, interval 0
AddFile(Keys): cumulative 0, interval 0
Cumulative compaction: 1.64 GB write, 99.02 MB/s write, 0.00 GB read, 0.00 MB/s read, 8.8 seconds
