2018/10/31-19:33:05.623656 7f376e6fc700 RocksDB version: 5.14.3
2018/10/31-19:33:05.623711 7f376e6fc700 Git sha rocksdb_build_git_sha:
2018/10/31-19:33:05.623714 7f376e6fc700 Compile date Oct 15 2018
2018/10/31-19:33:05.623717 7f376e6fc700 DB SUMMARY
2018/10/31-19:33:05.623894 7f376e6fc700 CURRENT file:  CURRENT
2018/10/31-19:33:05.623896 7f376e6fc700 IDENTITY file:  IDENTITY
2018/10/31-19:33:05.623907 7f376e6fc700 MANIFEST file:  MANIFEST-012811 size: 63837 Bytes
2018/10/31-19:33:05.623910 7f376e6fc700 SST files in /mnt/sdb1/ycsb-rocksdb-data dir, Total Num: 280, files: 009133.sst 009577.sst 009740.sst 009742.sst 009909.sst 009911.sst 009969.sst 010033.sst 010036.sst 
2018/10/31-19:33:05.623911 7f376e6fc700 Write Ahead Log file in /mnt/sdb1/ycsb-rocksdb-data: 013455.log size: 129756766 ; 013501.log size: 4422322 ; 
2018/10/31-19:33:05.623915 7f376e6fc700                         Options.error_if_exists: 0
2018/10/31-19:33:05.623916 7f376e6fc700                       Options.create_if_missing: 1
2018/10/31-19:33:05.623917 7f376e6fc700                         Options.paranoid_checks: 1
2018/10/31-19:33:05.623918 7f376e6fc700                                     Options.env: 0x7f376dad33e0
2018/10/31-19:33:05.623919 7f376e6fc700                                Options.info_log: 0x7f36a83d3a90
2018/10/31-19:33:05.623920 7f376e6fc700                Options.max_file_opening_threads: 16
2018/10/31-19:33:05.623921 7f376e6fc700                              Options.statistics: (nil)
2018/10/31-19:33:05.623922 7f376e6fc700                               Options.use_fsync: 0
2018/10/31-19:33:05.623923 7f376e6fc700                       Options.max_log_file_size: 0
2018/10/31-19:33:05.623924 7f376e6fc700                  Options.max_manifest_file_size: 18446744073709551615
2018/10/31-19:33:05.623925 7f376e6fc700                   Options.log_file_time_to_roll: 0
2018/10/31-19:33:05.623925 7f376e6fc700                       Options.keep_log_file_num: 1000
2018/10/31-19:33:05.623926 7f376e6fc700                    Options.recycle_log_file_num: 0
2018/10/31-19:33:05.623927 7f376e6fc700                         Options.allow_fallocate: 1
2018/10/31-19:33:05.623928 7f376e6fc700                        Options.allow_mmap_reads: 0
2018/10/31-19:33:05.623929 7f376e6fc700                       Options.allow_mmap_writes: 0
2018/10/31-19:33:05.623930 7f376e6fc700                        Options.use_direct_reads: 0
2018/10/31-19:33:05.623930 7f376e6fc700                        Options.use_direct_io_for_flush_and_compaction: 0
2018/10/31-19:33:05.623931 7f376e6fc700          Options.create_missing_column_families: 1
2018/10/31-19:33:05.623932 7f376e6fc700                              Options.db_log_dir: 
2018/10/31-19:33:05.623933 7f376e6fc700                                 Options.wal_dir: /mnt/sdb1/ycsb-rocksdb-data
2018/10/31-19:33:05.623934 7f376e6fc700                Options.table_cache_numshardbits: 6
2018/10/31-19:33:05.623935 7f376e6fc700                      Options.max_subcompactions: 4
2018/10/31-19:33:05.623936 7f376e6fc700                  Options.max_background_flushes: 24
2018/10/31-19:33:05.623937 7f376e6fc700                         Options.WAL_ttl_seconds: 0
2018/10/31-19:33:05.623937 7f376e6fc700                       Options.WAL_size_limit_MB: 0
2018/10/31-19:33:05.623938 7f376e6fc700             Options.manifest_preallocation_size: 4194304
2018/10/31-19:33:05.623939 7f376e6fc700                     Options.is_fd_close_on_exec: 1
2018/10/31-19:33:05.623940 7f376e6fc700                   Options.advise_random_on_open: 1
2018/10/31-19:33:05.623941 7f376e6fc700                    Options.db_write_buffer_size: 0
2018/10/31-19:33:05.623942 7f376e6fc700                    Options.write_buffer_manager: 0x7f36a83d0720
2018/10/31-19:33:05.623942 7f376e6fc700         Options.access_hint_on_compaction_start: 1
2018/10/31-19:33:05.623943 7f376e6fc700  Options.new_table_reader_for_compaction_inputs: 0
2018/10/31-19:33:05.623944 7f376e6fc700           Options.random_access_max_buffer_size: 1048576
2018/10/31-19:33:05.623945 7f376e6fc700                      Options.use_adaptive_mutex: 0
2018/10/31-19:33:05.623946 7f376e6fc700                            Options.rate_limiter: (nil)
2018/10/31-19:33:05.623958 7f376e6fc700     Options.sst_file_manager.rate_bytes_per_sec: 0
2018/10/31-19:33:05.623960 7f376e6fc700                       Options.wal_recovery_mode: 2
2018/10/31-19:33:05.623960 7f376e6fc700                  Options.enable_thread_tracking: 0
2018/10/31-19:33:05.623961 7f376e6fc700                  Options.enable_pipelined_write: 1
2018/10/31-19:33:05.623962 7f376e6fc700         Options.allow_concurrent_memtable_write: 1
2018/10/31-19:33:05.623963 7f376e6fc700      Options.enable_write_thread_adaptive_yield: 1
2018/10/31-19:33:05.623964 7f376e6fc700             Options.write_thread_max_yield_usec: 100
2018/10/31-19:33:05.623965 7f376e6fc700            Options.write_thread_slow_yield_usec: 3
2018/10/31-19:33:05.623965 7f376e6fc700                               Options.row_cache: None
2018/10/31-19:33:05.623966 7f376e6fc700                              Options.wal_filter: None
2018/10/31-19:33:05.623967 7f376e6fc700             Options.avoid_flush_during_recovery: 0
2018/10/31-19:33:05.623968 7f376e6fc700             Options.allow_ingest_behind: 0
2018/10/31-19:33:05.623969 7f376e6fc700             Options.preserve_deletes: 0
2018/10/31-19:33:05.623970 7f376e6fc700             Options.two_write_queues: 0
2018/10/31-19:33:05.623971 7f376e6fc700             Options.manual_wal_flush: 0
2018/10/31-19:33:05.623973 7f376e6fc700             Options.max_background_jobs: 24
2018/10/31-19:33:05.623973 7f376e6fc700             Options.max_background_compactions: 24
2018/10/31-19:33:05.623974 7f376e6fc700             Options.avoid_flush_during_shutdown: 0
2018/10/31-19:33:05.623975 7f376e6fc700           Options.writable_file_max_buffer_size: 1048576
2018/10/31-19:33:05.623976 7f376e6fc700             Options.delayed_write_rate : 16777216
2018/10/31-19:33:05.623977 7f376e6fc700             Options.max_total_wal_size: 0
2018/10/31-19:33:05.623978 7f376e6fc700             Options.delete_obsolete_files_period_micros: 21600000000
2018/10/31-19:33:05.623979 7f376e6fc700                   Options.stats_dump_period_sec: 60
2018/10/31-19:33:05.623980 7f376e6fc700                          Options.max_open_files: -1
2018/10/31-19:33:05.623981 7f376e6fc700                          Options.bytes_per_sync: 1048576
2018/10/31-19:33:05.623981 7f376e6fc700                      Options.wal_bytes_per_sync: 0
2018/10/31-19:33:05.623982 7f376e6fc700       Options.compaction_readahead_size: 0
2018/10/31-19:33:05.623983 7f376e6fc700 Compression algorithms supported:
2018/10/31-19:33:05.623984 7f376e6fc700 	kZSTDNotFinalCompression supported: 1
2018/10/31-19:33:05.623991 7f376e6fc700 	kZSTD supported: 1
2018/10/31-19:33:05.623993 7f376e6fc700 	kXpressCompression supported: 0
2018/10/31-19:33:05.623994 7f376e6fc700 	kLZ4HCCompression supported: 1
2018/10/31-19:33:05.623995 7f376e6fc700 	kLZ4Compression supported: 1
2018/10/31-19:33:05.623996 7f376e6fc700 	kBZip2Compression supported: 1
2018/10/31-19:33:05.623997 7f376e6fc700 	kZlibCompression supported: 1
2018/10/31-19:33:05.623998 7f376e6fc700 	kSnappyCompression supported: 1
2018/10/31-19:33:05.624001 7f376e6fc700 Fast CRC32 supported: Supported on x86
2018/10/31-19:33:05.624527 7f376e6fc700 [db/version_set.cc:3085] Recovering from manifest file: MANIFEST-012811
2018/10/31-19:33:05.624631 7f376e6fc700 [db/column_family.cc:475] --------------- Options for column family [default]:
2018/10/31-19:33:05.624634 7f376e6fc700               Options.comparator: leveldb.BytewiseComparator
2018/10/31-19:33:05.624636 7f376e6fc700           Options.merge_operator: None
2018/10/31-19:33:05.624637 7f376e6fc700        Options.compaction_filter: None
2018/10/31-19:33:05.624638 7f376e6fc700        Options.compaction_filter_factory: None
2018/10/31-19:33:05.624638 7f376e6fc700         Options.memtable_factory: SkipListFactory
2018/10/31-19:33:05.624639 7f376e6fc700            Options.table_factory: BlockBasedTable
2018/10/31-19:33:05.624671 7f376e6fc700            table_factory options:   flush_block_policy_factory: FlushBlockBySizePolicyFactory (0x7f36a8386b80)
  cache_index_and_filter_blocks: 0
  cache_index_and_filter_blocks_with_high_priority: 0
  pin_l0_filter_and_index_blocks_in_cache: 0
  index_type: 0
  hash_index_allow_collision: 1
  checksum: 1
  no_block_cache: 0
  block_cache: 0x7f36a838fd20
  block_cache_name: LRUCache
  block_cache_options:
    capacity : 8388608
    num_shard_bits : 4
    strict_capacity_limit : 0
    high_pri_pool_ratio: 0.000
  block_cache_compressed: (nil)
  persistent_cache: (nil)
  block_size: 8192
  block_size_deviation: 10
  block_restart_interval: 16
  index_block_restart_interval: 1
  metadata_block_size: 4096
  partition_filters: 0
  use_delta_encoding: 1
  filter_policy: nullptr
  whole_key_filtering: 1
  verify_compression: 0
  read_amp_bytes_per_bit: 0
  format_version: 2
  enable_index_compression: 1
  block_align: 0
2018/10/31-19:33:05.624687 7f376e6fc700        Options.write_buffer_size: 134217728
2018/10/31-19:33:05.624689 7f376e6fc700  Options.max_write_buffer_number: 24
2018/10/31-19:33:05.624690 7f376e6fc700        Options.compression[0]: NoCompression
2018/10/31-19:33:05.624691 7f376e6fc700        Options.compression[1]: NoCompression
2018/10/31-19:33:05.624692 7f376e6fc700        Options.compression[2]: LZ4
2018/10/31-19:33:05.624693 7f376e6fc700        Options.compression[3]: LZ4
2018/10/31-19:33:05.624694 7f376e6fc700        Options.compression[4]: LZ4
2018/10/31-19:33:05.624695 7f376e6fc700        Options.compression[5]: LZ4
2018/10/31-19:33:05.624696 7f376e6fc700        Options.compression[6]: LZ4
2018/10/31-19:33:05.624696 7f376e6fc700                  Options.bottommost_compression: Disabled
2018/10/31-19:33:05.624697 7f376e6fc700       Options.prefix_extractor: nullptr
2018/10/31-19:33:05.624698 7f376e6fc700   Options.memtable_insert_with_hint_prefix_extractor: nullptr
2018/10/31-19:33:05.624699 7f376e6fc700             Options.num_levels: 7
2018/10/31-19:33:05.624700 7f376e6fc700        Options.min_write_buffer_number_to_merge: 2
2018/10/31-19:33:05.624701 7f376e6fc700     Options.max_write_buffer_number_to_maintain: 0
2018/10/31-19:33:05.624702 7f376e6fc700            Options.compression_opts.window_bits: -14
2018/10/31-19:33:05.624703 7f376e6fc700                  Options.compression_opts.level: -1
2018/10/31-19:33:05.624704 7f376e6fc700               Options.compression_opts.strategy: 0
2018/10/31-19:33:05.624705 7f376e6fc700         Options.compression_opts.max_dict_bytes: 0
2018/10/31-19:33:05.624706 7f376e6fc700         Options.compression_opts.zstd_max_train_bytes: 0
2018/10/31-19:33:05.624706 7f376e6fc700      Options.level0_file_num_compaction_trigger: 2
2018/10/31-19:33:05.624707 7f376e6fc700          Options.level0_slowdown_writes_trigger: 20
2018/10/31-19:33:05.624708 7f376e6fc700              Options.level0_stop_writes_trigger: 36
2018/10/31-19:33:05.624709 7f376e6fc700                   Options.target_file_size_base: 67108864
2018/10/31-19:33:05.624710 7f376e6fc700             Options.target_file_size_multiplier: 1
2018/10/31-19:33:05.624711 7f376e6fc700                Options.max_bytes_for_level_base: 536870912
2018/10/31-19:33:05.624712 7f376e6fc700 Options.level_compaction_dynamic_level_bytes: 0
2018/10/31-19:33:05.624713 7f376e6fc700          Options.max_bytes_for_level_multiplier: 10.000000
2018/10/31-19:33:05.624716 7f376e6fc700 Options.max_bytes_for_level_multiplier_addtl[0]: 1
2018/10/31-19:33:05.624717 7f376e6fc700 Options.max_bytes_for_level_multiplier_addtl[1]: 1
2018/10/31-19:33:05.624718 7f376e6fc700 Options.max_bytes_for_level_multiplier_addtl[2]: 1
2018/10/31-19:33:05.624718 7f376e6fc700 Options.max_bytes_for_level_multiplier_addtl[3]: 1
2018/10/31-19:33:05.624719 7f376e6fc700 Options.max_bytes_for_level_multiplier_addtl[4]: 1
2018/10/31-19:33:05.624720 7f376e6fc700 Options.max_bytes_for_level_multiplier_addtl[5]: 1
2018/10/31-19:33:05.624721 7f376e6fc700 Options.max_bytes_for_level_multiplier_addtl[6]: 1
2018/10/31-19:33:05.624722 7f376e6fc700       Options.max_sequential_skip_in_iterations: 8
2018/10/31-19:33:05.624723 7f376e6fc700                    Options.max_compaction_bytes: 1677721600
2018/10/31-19:33:05.624729 7f376e6fc700                        Options.arena_block_size: 16777216
2018/10/31-19:33:05.624731 7f376e6fc700   Options.soft_pending_compaction_bytes_limit: 68719476736
2018/10/31-19:33:05.624732 7f376e6fc700   Options.hard_pending_compaction_bytes_limit: 274877906944
2018/10/31-19:33:05.624733 7f376e6fc700       Options.rate_limit_delay_max_milliseconds: 100
2018/10/31-19:33:05.624734 7f376e6fc700                Options.disable_auto_compactions: 0
2018/10/31-19:33:05.624736 7f376e6fc700                        Options.compaction_style: kCompactionStyleLevel
2018/10/31-19:33:05.624737 7f376e6fc700                          Options.compaction_pri: kByCompensatedSize
2018/10/31-19:33:05.624738 7f376e6fc700 Options.compaction_options_universal.size_ratio: 1
2018/10/31-19:33:05.624739 7f376e6fc700 Options.compaction_options_universal.min_merge_width: 2
2018/10/31-19:33:05.624740 7f376e6fc700 Options.compaction_options_universal.max_merge_width: 4294967295
2018/10/31-19:33:05.624741 7f376e6fc700 Options.compaction_options_universal.max_size_amplification_percent: 200
2018/10/31-19:33:05.624741 7f376e6fc700 Options.compaction_options_universal.compression_size_percent: -1
2018/10/31-19:33:05.624743 7f376e6fc700 Options.compaction_options_universal.stop_style: kCompactionStopStyleTotalSize
2018/10/31-19:33:05.624744 7f376e6fc700 Options.compaction_options_fifo.max_table_files_size: 1073741824
2018/10/31-19:33:05.624745 7f376e6fc700 Options.compaction_options_fifo.allow_compaction: 0
2018/10/31-19:33:05.624745 7f376e6fc700 Options.compaction_options_fifo.ttl: 0
2018/10/31-19:33:05.624747 7f376e6fc700                   Options.table_properties_collectors: 
2018/10/31-19:33:05.624748 7f376e6fc700                   Options.inplace_update_support: 0
2018/10/31-19:33:05.624749 7f376e6fc700                 Options.inplace_update_num_locks: 10000
2018/10/31-19:33:05.624750 7f376e6fc700               Options.memtable_prefix_bloom_size_ratio: 0.000000
2018/10/31-19:33:05.624751 7f376e6fc700   Options.memtable_huge_page_size: 0
2018/10/31-19:33:05.624752 7f376e6fc700                           Options.bloom_locality: 0
2018/10/31-19:33:05.624753 7f376e6fc700                    Options.max_successive_merges: 0
2018/10/31-19:33:05.624754 7f376e6fc700                Options.optimize_filters_for_hits: 0
2018/10/31-19:33:05.624754 7f376e6fc700                Options.paranoid_file_checks: 0
2018/10/31-19:33:05.624755 7f376e6fc700                Options.force_consistency_checks: 0
2018/10/31-19:33:05.624756 7f376e6fc700                Options.report_bg_io_stats: 0
2018/10/31-19:33:05.624757 7f376e6fc700                               Options.ttl: 0
2018/10/31-19:33:05.625327 7f376e6fc700 [db/column_family.cc:475] --------------- Options for column family [usertable]:
2018/10/31-19:33:05.625330 7f376e6fc700               Options.comparator: leveldb.BytewiseComparator
2018/10/31-19:33:05.625331 7f376e6fc700           Options.merge_operator: None
2018/10/31-19:33:05.625332 7f376e6fc700        Options.compaction_filter: None
2018/10/31-19:33:05.625333 7f376e6fc700        Options.compaction_filter_factory: None
2018/10/31-19:33:05.625334 7f376e6fc700         Options.memtable_factory: SkipListFactory
2018/10/31-19:33:05.625335 7f376e6fc700            Options.table_factory: BlockBasedTable
2018/10/31-19:33:05.625355 7f376e6fc700            table_factory options:   flush_block_policy_factory: FlushBlockBySizePolicyFactory (0x7f36a8386b60)
  cache_index_and_filter_blocks: 0
  cache_index_and_filter_blocks_with_high_priority: 0
  pin_l0_filter_and_index_blocks_in_cache: 0
  index_type: 0
  hash_index_allow_collision: 1
  checksum: 1
  no_block_cache: 0
  block_cache: 0x7f36a83904f0
  block_cache_name: LRUCache
  block_cache_options:
    capacity : 8388608
    num_shard_bits : 4
    strict_capacity_limit : 0
    high_pri_pool_ratio: 0.000
  block_cache_compressed: (nil)
  persistent_cache: (nil)
  block_size: 8192
  block_size_deviation: 10
  block_restart_interval: 16
  index_block_restart_interval: 1
  metadata_block_size: 4096
  partition_filters: 0
  use_delta_encoding: 1
  filter_policy: nullptr
  whole_key_filtering: 1
  verify_compression: 0
  read_amp_bytes_per_bit: 0
  format_version: 2
  enable_index_compression: 1
  block_align: 0
2018/10/31-19:33:05.625366 7f376e6fc700        Options.write_buffer_size: 134217728
2018/10/31-19:33:05.625368 7f376e6fc700  Options.max_write_buffer_number: 24
2018/10/31-19:33:05.625369 7f376e6fc700        Options.compression[0]: NoCompression
2018/10/31-19:33:05.625370 7f376e6fc700        Options.compression[1]: NoCompression
2018/10/31-19:33:05.625371 7f376e6fc700        Options.compression[2]: LZ4
2018/10/31-19:33:05.625372 7f376e6fc700        Options.compression[3]: LZ4
2018/10/31-19:33:05.625372 7f376e6fc700        Options.compression[4]: LZ4
2018/10/31-19:33:05.625373 7f376e6fc700        Options.compression[5]: LZ4
2018/10/31-19:33:05.625374 7f376e6fc700        Options.compression[6]: LZ4
2018/10/31-19:33:05.625375 7f376e6fc700                  Options.bottommost_compression: Disabled
2018/10/31-19:33:05.625376 7f376e6fc700       Options.prefix_extractor: nullptr
2018/10/31-19:33:05.625377 7f376e6fc700   Options.memtable_insert_with_hint_prefix_extractor: nullptr
2018/10/31-19:33:05.625378 7f376e6fc700             Options.num_levels: 7
2018/10/31-19:33:05.625379 7f376e6fc700        Options.min_write_buffer_number_to_merge: 2
2018/10/31-19:33:05.625379 7f376e6fc700     Options.max_write_buffer_number_to_maintain: 0
2018/10/31-19:33:05.625380 7f376e6fc700            Options.compression_opts.window_bits: -14
2018/10/31-19:33:05.625381 7f376e6fc700                  Options.compression_opts.level: -1
2018/10/31-19:33:05.625382 7f376e6fc700               Options.compression_opts.strategy: 0
2018/10/31-19:33:05.625383 7f376e6fc700         Options.compression_opts.max_dict_bytes: 0
2018/10/31-19:33:05.625384 7f376e6fc700         Options.compression_opts.zstd_max_train_bytes: 0
2018/10/31-19:33:05.625385 7f376e6fc700      Options.level0_file_num_compaction_trigger: 2
2018/10/31-19:33:05.625385 7f376e6fc700          Options.level0_slowdown_writes_trigger: 20
2018/10/31-19:33:05.625386 7f376e6fc700              Options.level0_stop_writes_trigger: 36
2018/10/31-19:33:05.625387 7f376e6fc700                   Options.target_file_size_base: 67108864
2018/10/31-19:33:05.625388 7f376e6fc700             Options.target_file_size_multiplier: 1
2018/10/31-19:33:05.625389 7f376e6fc700                Options.max_bytes_for_level_base: 536870912
2018/10/31-19:33:05.625390 7f376e6fc700 Options.level_compaction_dynamic_level_bytes: 0
2018/10/31-19:33:05.625390 7f376e6fc700          Options.max_bytes_for_level_multiplier: 10.000000
2018/10/31-19:33:05.625392 7f376e6fc700 Options.max_bytes_for_level_multiplier_addtl[0]: 1
2018/10/31-19:33:05.625393 7f376e6fc700 Options.max_bytes_for_level_multiplier_addtl[1]: 1
2018/10/31-19:33:05.625394 7f376e6fc700 Options.max_bytes_for_level_multiplier_addtl[2]: 1
2018/10/31-19:33:05.625395 7f376e6fc700 Options.max_bytes_for_level_multiplier_addtl[3]: 1
2018/10/31-19:33:05.625396 7f376e6fc700 Options.max_bytes_for_level_multiplier_addtl[4]: 1
2018/10/31-19:33:05.625397 7f376e6fc700 Options.max_bytes_for_level_multiplier_addtl[5]: 1
2018/10/31-19:33:05.625398 7f376e6fc700 Options.max_bytes_for_level_multiplier_addtl[6]: 1
2018/10/31-19:33:05.625399 7f376e6fc700       Options.max_sequential_skip_in_iterations: 8
2018/10/31-19:33:05.625399 7f376e6fc700                    Options.max_compaction_bytes: 1677721600
2018/10/31-19:33:05.625400 7f376e6fc700                        Options.arena_block_size: 16777216
2018/10/31-19:33:05.625401 7f376e6fc700   Options.soft_pending_compaction_bytes_limit: 68719476736
2018/10/31-19:33:05.625402 7f376e6fc700   Options.hard_pending_compaction_bytes_limit: 274877906944
2018/10/31-19:33:05.625403 7f376e6fc700       Options.rate_limit_delay_max_milliseconds: 100
2018/10/31-19:33:05.625404 7f376e6fc700                Options.disable_auto_compactions: 0
2018/10/31-19:33:05.625405 7f376e6fc700                        Options.compaction_style: kCompactionStyleLevel
2018/10/31-19:33:05.625412 7f376e6fc700                          Options.compaction_pri: kByCompensatedSize
2018/10/31-19:33:05.625413 7f376e6fc700 Options.compaction_options_universal.size_ratio: 1
2018/10/31-19:33:05.625414 7f376e6fc700 Options.compaction_options_universal.min_merge_width: 2
2018/10/31-19:33:05.625415 7f376e6fc700 Options.compaction_options_universal.max_merge_width: 4294967295
2018/10/31-19:33:05.625416 7f376e6fc700 Options.compaction_options_universal.max_size_amplification_percent: 200
2018/10/31-19:33:05.625417 7f376e6fc700 Options.compaction_options_universal.compression_size_percent: -1
2018/10/31-19:33:05.625418 7f376e6fc700 Options.compaction_options_universal.stop_style: kCompactionStopStyleTotalSize
2018/10/31-19:33:05.625419 7f376e6fc700 Options.compaction_options_fifo.max_table_files_size: 1073741824
2018/10/31-19:33:05.625420 7f376e6fc700 Options.compaction_options_fifo.allow_compaction: 0
2018/10/31-19:33:05.625420 7f376e6fc700 Options.compaction_options_fifo.ttl: 0
2018/10/31-19:33:05.625421 7f376e6fc700                   Options.table_properties_collectors: 
2018/10/31-19:33:05.625422 7f376e6fc700                   Options.inplace_update_support: 0
2018/10/31-19:33:05.625423 7f376e6fc700                 Options.inplace_update_num_locks: 10000
2018/10/31-19:33:05.625424 7f376e6fc700               Options.memtable_prefix_bloom_size_ratio: 0.000000
2018/10/31-19:33:05.625425 7f376e6fc700   Options.memtable_huge_page_size: 0
2018/10/31-19:33:05.625426 7f376e6fc700                           Options.bloom_locality: 0
2018/10/31-19:33:05.625427 7f376e6fc700                    Options.max_successive_merges: 0
2018/10/31-19:33:05.625428 7f376e6fc700                Options.optimize_filters_for_hits: 0
2018/10/31-19:33:05.625429 7f376e6fc700                Options.paranoid_file_checks: 0
2018/10/31-19:33:05.625430 7f376e6fc700                Options.force_consistency_checks: 0
2018/10/31-19:33:05.625430 7f376e6fc700                Options.report_bg_io_stats: 0
2018/10/31-19:33:05.625431 7f376e6fc700                               Options.ttl: 0
2018/10/31-19:33:05.873731 7f376e6fc700 [db/version_set.cc:3361] Recovered from manifest file:/mnt/sdb1/ycsb-rocksdb-data/MANIFEST-012811 succeeded,manifest_file_number is 12811, next_file_number is 13501, last_sequence is 28716882, log_number is 0,prev_log_number is 0,max_column_family is 1,min_log_number_to_keep is 0
2018/10/31-19:33:05.873741 7f376e6fc700 [db/version_set.cc:3369] Column family [default] (ID 0), log number is 12809
2018/10/31-19:33:05.873742 7f376e6fc700 [db/version_set.cc:3369] Column family [usertable] (ID 1), log number is 13455
2018/10/31-19:33:05.874603 7f376e6fc700 EVENT_LOG_v1 {"time_micros": 1541039585874589, "job": 1, "event": "recovery_started", "log_files": [13455, 13501]}
2018/10/31-19:33:05.874609 7f376e6fc700 [db/db_impl_open.cc:551] Recovering log #13455 mode 2
2018/10/31-19:33:06.648493 7f376e6fc700 EVENT_LOG_v1 {"time_micros": 1541039586648471, "cf_name": "usertable", "job": 1, "event": "table_file_creation", "file_number": 13501, "file_size": 91693443, "table_properties": {"data_size": 91302764, "index_size": 389757, "filter_size": 0, "raw_key_size": 531360, "raw_average_key_size": 24, "raw_value_size": 90685440, "raw_average_value_size": 4096, "num_data_blocks": 11070, "num_entries": 22140, "filter_policy_name": "", "kDeletedKeys": "0", "kMergeOperands": "0"}}
2018/10/31-19:33:06.655556 7f376e6fc700 [db/db_impl_open.cc:551] Recovering log #13501 mode 2
2018/10/31-19:33:06.669575 7f376e6fc700 [db/version_set.cc:2847] Creating manifest 13503
2018/10/31-19:33:06.773849 7f376e6fc700 EVENT_LOG_v1 {"time_micros": 1541039586773820, "cf_name": "usertable", "job": 1, "event": "table_file_creation", "file_number": 13504, "file_size": 3769461, "table_properties": {"data_size": 3753379, "index_size": 15162, "filter_size": 0, "raw_key_size": 21840, "raw_average_key_size": 24, "raw_value_size": 3727360, "raw_average_value_size": 4096, "num_data_blocks": 455, "num_entries": 910, "filter_policy_name": "", "kDeletedKeys": "0", "kMergeOperands": "0"}}
2018/10/31-19:33:06.803412 7f376e6fc700 EVENT_LOG_v1 {"time_micros": 1541039586803408, "job": 1, "event": "recovery_finished"}
2018/10/31-19:33:06.860960 7f376e6fc700 [db/db_impl_open.cc:1219] DB pointer 0x7f36a83d2b20
2018/10/31-19:33:06.861247 7f3737fff700 [WARN] [db/db_impl.cc:491] ------- DUMPING STATS -------
2018/10/31-19:33:06.861291 7f3737fff700 [WARN] [db/db_impl.cc:492] 
** DB Stats **
Uptime(secs): 1.2 total, 1.2 interval
Cumulative writes: 0 writes, 0 keys, 0 commit groups, 0.0 writes per commit group, ingest: 0.00 GB, 0.00 MB/s
Cumulative WAL: 0 writes, 0 syncs, 0.00 writes per sync, written: 0.00 GB, 0.00 MB/s
Cumulative stall: 00:00:0.000 H:M:S, 0.0 percent
Interval writes: 0 writes, 0 keys, 0 commit groups, 0.0 writes per commit group, ingest: 0.00 MB, 0.00 MB/s
Interval WAL: 0 writes, 0 syncs, 0.00 writes per sync, written: 0.00 MB, 0.00 MB/s
Interval stall: 00:00:0.000 H:M:S, 0.0 percent

** Compaction Stats [default] **
Level    Files   Size     Score Read(GB)  Rn(GB) Rnp1(GB) Write(GB) Wnew(GB) Moved(GB) W-Amp Rd(MB/s) Wr(MB/s) Comp(sec) Comp(cnt) Avg(sec) KeyIn KeyDrop
----------------------------------------------------------------------------------------------------------------------------------------------------------
 Sum      0/0    0.00 KB   0.0      0.0     0.0      0.0       0.0      0.0       0.0   0.0      0.0      0.0         0         0    0.000       0      0
 Int      0/0    0.00 KB   0.0      0.0     0.0      0.0       0.0      0.0       0.0   0.0      0.0      0.0         0         0    0.000       0      0
Uptime(secs): 1.2 total, 1.2 interval
Flush(GB): cumulative 0.000, interval 0.000
AddFile(GB): cumulative 0.000, interval 0.000
AddFile(Total Files): cumulative 0, interval 0
AddFile(L0 Files): cumulative 0, interval 0
AddFile(Keys): cumulative 0, interval 0
Cumulative compaction: 0.00 GB write, 0.00 MB/s write, 0.00 GB read, 0.00 MB/s read, 0.0 seconds
Interval compaction: 0.00 GB write, 0.00 MB/s write, 0.00 GB read, 0.00 MB/s read, 0.0 seconds
Stalls(count): 0 level0_slowdown, 0 level0_slowdown_with_compaction, 0 level0_numfiles, 0 level0_numfiles_with_compaction, 0 stop for pending_compaction_bytes, 0 slowdown for pending_compaction_bytes, 0 memtable_compaction, 0 memtable_slowdown, interval 0 total count

** File Read Latency Histogram By Level [default] **

** Compaction Stats [usertable] **
Level    Files   Size     Score Read(GB)  Rn(GB) Rnp1(GB) Write(GB) Wnew(GB) Moved(GB) W-Amp Rd(MB/s) Wr(MB/s) Comp(sec) Comp(cnt) Avg(sec) KeyIn KeyDrop
----------------------------------------------------------------------------------------------------------------------------------------------------------
  L0      2/0   91.04 MB   1.0      0.0     0.0      0.0       0.1      0.1       0.0   1.0      0.0    217.0         0         2    0.210       0      0
  L1     11/0   472.87 MB   0.9      0.0     0.0      0.0       0.0      0.0       0.0   0.0      0.0      0.0         0         0    0.000       0      0
  L2     86/0    5.06 GB   1.0      0.0     0.0      0.0       0.0      0.0       0.0   0.0      0.0      0.0         0         0    0.000       0      0
  L3    183/0   10.04 GB   0.2      0.0     0.0      0.0       0.0      0.0       0.0   0.0      0.0      0.0         0         0    0.000       0      0
 Sum    282/0   15.65 GB   0.0      0.0     0.0      0.0       0.1      0.1       0.0   1.0      0.0    217.0         0         2    0.210       0      0
 Int      0/0    0.00 KB   0.0      0.0     0.0      0.0       0.1      0.1       0.0   1.0      0.0    217.0         0         2    0.210       0      0
Uptime(secs): 1.2 total, 1.2 interval
Flush(GB): cumulative 0.089, interval 0.089
AddFile(GB): cumulative 0.000, interval 0.000
AddFile(Total Files): cumulative 0, interval 0
AddFile(L0 Files): cumulative 0, interval 0
AddFile(Keys): cumulative 0, interval 0
Cumulative compaction: 0.09 GB write, 73.67 MB/s write, 0.00 GB read, 0.00 MB/s read, 0.4 seconds
Interval compaction: 0.09 GB write, 73.67 MB/s write, 0.00 GB read, 0.00 MB/s read, 0.4 seconds
Stalls(count): 0 level0_slowdown, 0 level0_slowdown_with_compaction, 0 level0_numfiles, 0 level0_numfiles_with_compaction, 0 stop for pending_compaction_bytes, 0 slowdown for pending_compaction_bytes, 0 memtable_compaction, 0 memtable_slowdown, interval 0 total count

** File Read Latency Histogram By Level [usertable] **

** Compaction Stats [default] **
Level    Files   Size     Score Read(GB)  Rn(GB) Rnp1(GB) Write(GB) Wnew(GB) Moved(GB) W-Amp Rd(MB/s) Wr(MB/s) Comp(sec) Comp(cnt) Avg(sec) KeyIn KeyDrop
----------------------------------------------------------------------------------------------------------------------------------------------------------
 Sum      0/0    0.00 KB   0.0      0.0     0.0      0.0       0.0      0.0       0.0   0.0      0.0      0.0         0         0    0.000       0      0
 Int      0/0    0.00 KB   0.0      0.0     0.0      0.0       0.0      0.0       0.0   0.0      0.0      0.0         0         0    0.000       0      0
Uptime(secs): 1.2 total, 0.0 interval
Flush(GB): cumulative 0.000, interval 0.000
AddFile(GB): cumulative 0.000, interval 0.000
AddFile(Total Files): cumulative 0, interval 0
AddFile(L0 Files): cumulative 0, interval 0
AddFile(Keys): cumulative 0, interval 0
Cumulative compaction: 0.00 GB write, 0.00 MB/s write, 0.00 GB read, 0.00 MB/s read, 0.0 seconds
Interval compaction: 0.00 GB write, 0.00 MB/s write, 0.00 GB read, 0.00 MB/s read, 0.0 seconds
Stalls(count): 0 level0_slowdown, 0 level0_slowdown_with_compaction, 0 level0_numfiles, 0 level0_numfiles_with_compaction, 0 stop for pending_compaction_bytes, 0 slowdown for pending_compaction_bytes, 0 memtable_compaction, 0 memtable_slowdown, interval 0 total count

** File Read Latency Histogram By Level [default] **

** Compaction Stats [usertable] **
Level    Files   Size     Score Read(GB)  Rn(GB) Rnp1(GB) Write(GB) Wnew(GB) Moved(GB) W-Amp Rd(MB/s) Wr(MB/s) Comp(sec) Comp(cnt) Avg(sec) KeyIn KeyDrop
----------------------------------------------------------------------------------------------------------------------------------------------------------
  L0      2/0   91.04 MB   1.0      0.0     0.0      0.0       0.1      0.1       0.0   1.0      0.0    217.0         0         2    0.210       0      0
  L1     11/0   472.87 MB   0.9      0.0     0.0      0.0       0.0      0.0       0.0   0.0      0.0      0.0         0         0    0.000       0      0
  L2     86/0    5.06 GB   1.0      0.0     0.0      0.0       0.0      0.0       0.0   0.0      0.0      0.0         0         0    0.000       0      0
  L3    183/0   10.04 GB   0.2      0.0     0.0      0.0       0.0      0.0       0.0   0.0      0.0      0.0         0         0    0.000       0      0
 Sum    282/0   15.65 GB   0.0      0.0     0.0      0.0       0.1      0.1       0.0   1.0      0.0    217.0         0         2    0.210       0      0
 Int      0/0    0.00 KB   0.0      0.0     0.0      0.0       0.0      0.0       0.0   0.0      0.0      0.0         0         0    0.000       0      0
Uptime(secs): 1.2 total, 0.0 interval
Flush(GB): cumulative 0.089, interval 0.000
AddFile(GB): cumulative 0.000, interval 0.000
AddFile(Total Files): cumulative 0, interval 0
AddFile(L0 Files): cumulative 0, interval 0
AddFile(Keys): cumulative 0, interval 0
Cumulative compaction: 0.09 GB write, 73.66 MB/s write, 0.00 GB read, 0.00 MB/s read, 0.4 seconds
Interval compaction: 0.00 GB write, 0.00 MB/s write, 0.00 GB read, 0.00 MB/s read, 0.0 seconds
Stalls(count): 0 level0_slowdown, 0 level0_slowdown_with_compaction, 0 level0_numfiles, 0 level0_numfiles_with_compaction, 0 stop for pending_compaction_bytes, 0 slowdown for pending_compaction_bytes, 0 memtable_compaction, 0 memtable_slowdown, interval 0 total count

** File Read Latency Histogram By Level [usertable] **
2018/10/31-19:33:06.861403 7f3737fff700 [db/compaction_job.cc:1531] [usertable] [JOB 3] Compacting 1@2 + 3@3 files to L3, score 1.01
2018/10/31-19:33:06.861410 7f3737fff700 [db/compaction_job.cc:1535] [usertable] Compaction start summary: Base version 5 Base level 2, inputs: [13496(64MB)], [11703(57MB) 9133(64MB) 11704(64MB)]
2018/10/31-19:33:06.861431 7f3737fff700 EVENT_LOG_v1 {"time_micros": 1541039586861416, "job": 3, "event": "compaction_started", "compaction_reason": "LevelMaxLevelSize", "files_L2": [13496], "files_L3": [11703, 9133, 11704], "score": 1.01143, "input_data_size": 261918307}
2018/10/31-19:33:07.503519 7f3737fff700 [db/compaction_job.cc:1211] [usertable] [JOB 3] Generated table #13508: 16279 keys, 67233339 bytes
2018/10/31-19:33:07.503552 7f3737fff700 EVENT_LOG_v1 {"time_micros": 1541039587503538, "cf_name": "usertable", "job": 3, "event": "table_file_creation", "file_number": 13508, "file_size": 67233339, "table_properties": {"data_size": 67118331, "index_size": 299107, "filter_size": 0, "raw_key_size": 390696, "raw_average_key_size": 24, "raw_value_size": 66678784, "raw_average_value_size": 4096, "num_data_blocks": 8140, "num_entries": 16279, "filter_policy_name": "", "kDeletedKeys": "0", "kMergeOperands": "0"}}
2018/10/31-19:33:08.371488 7f3737fff700 [db/compaction_job.cc:1211] [usertable] [JOB 3] Generated table #13509: 16279 keys, 67233493 bytes
2018/10/31-19:33:08.371523 7f3737fff700 EVENT_LOG_v1 {"time_micros": 1541039588371508, "cf_name": "usertable", "job": 3, "event": "table_file_creation", "file_number": 13509, "file_size": 67233493, "table_properties": {"data_size": 67120141, "index_size": 300916, "filter_size": 0, "raw_key_size": 390696, "raw_average_key_size": 24, "raw_value_size": 66678784, "raw_average_value_size": 4096, "num_data_blocks": 8140, "num_entries": 16279, "filter_policy_name": "", "kDeletedKeys": "0", "kMergeOperands": "0"}}
2018/10/31-19:33:09.485415 7f3737fff700 [db/compaction_job.cc:1211] [usertable] [JOB 3] Generated table #13510: 14573 keys, 60187551 bytes
2018/10/31-19:33:09.485448 7f3737fff700 EVENT_LOG_v1 {"time_micros": 1541039589485435, "cf_name": "usertable", "job": 3, "event": "table_file_creation", "file_number": 13510, "file_size": 60187551, "table_properties": {"data_size": 60084493, "index_size": 267738, "filter_size": 0, "raw_key_size": 349752, "raw_average_key_size": 24, "raw_value_size": 59691008, "raw_average_value_size": 4096, "num_data_blocks": 7287, "num_entries": 14573, "filter_policy_name": "", "kDeletedKeys": "0", "kMergeOperands": "0"}}
2018/10/31-19:33:09.485496 7f3737fff700 [db/compaction_job.cc:1287] [usertable] [JOB 3] Compacted 1@2 + 3@3 files to L3 => 194654383 bytes
2018/10/31-19:33:09.546892 7f3737fff700 (Original Log Time 2018/10/31-19:33:09.546818) [db/compaction_job.cc:685] [usertable] compacted to: base level 1 max bytes base 536870912 files[2 11 85 183 0 0 0] max score 1.00, MB/sec: 99.8 rd, 74.2 wr, level 3, files in(1, 3) out(3) MB in(64.1, 185.6) out(185.6), read-write-amplify(6.8) write-amplify(2.9) OK, records in: 63410, records dropped: 16279 output_compression: LZ4
2018/10/31-19:33:09.546899 7f3737fff700 (Original Log Time 2018/10/31-19:33:09.546847) EVENT_LOG_v1 {"time_micros": 1541039589546835, "job": 3, "event": "compaction_finished", "compaction_time_micros": 2624019, "output_level": 3, "num_output_files": 3, "total_output_size": 194654383, "num_input_records": 63410, "num_output_records": 47131, "num_subcompactions": 1, "output_compression": "LZ4", "num_single_delete_mismatches": 0, "num_single_delete_fallthrough": 0, "lsm_state": [2, 11, 85, 183, 0, 0, 0]}
2018/10/31-19:33:09.547071 7f3737fff700 [db/compaction_job.cc:1531] [usertable] [JOB 4] Compacting 2@0 + 10@1 files to L1, score 1.00
2018/10/31-19:33:09.547079 7f3737fff700 [db/compaction_job.cc:1535] [usertable] Compaction start summary: Base version 6 Base level 0, inputs: [13504(3681KB) 13501(87MB)], [13457(64MB) 13466(64MB) 13469(838KB) 13458(64MB) 13467(64MB) 13470(25MB) 13471(55MB) 13463(64MB) 13465(64MB) 13468(5440KB)]
2018/10/31-19:33:09.547093 7f3737fff700 EVENT_LOG_v1 {"time_micros": 1541039589547084, "job": 4, "event": "compaction_started", "compaction_reason": "LevelL0FilesNum", "files_L0": [13504, 13501], "files_L1": [13457, 13466, 13469, 13458, 13467, 13470, 13471, 13463, 13465, 13468], "score": 1, "input_data_size": 591260916}
2018/10/31-19:33:11.569141 7f3737fff700 [db/compaction_job.cc:1211] [usertable] [JOB 4] Generated table #13512: 16277 keys, 67411870 bytes
2018/10/31-19:33:11.569178 7f3737fff700 EVENT_LOG_v1 {"time_micros": 1541039591569163, "cf_name": "usertable", "job": 4, "event": "table_file_creation", "file_number": 13512, "file_size": 67411870, "table_properties": {"data_size": 67117639, "index_size": 293310, "filter_size": 0, "raw_key_size": 390648, "raw_average_key_size": 24, "raw_value_size": 66670592, "raw_average_value_size": 4096, "num_data_blocks": 8139, "num_entries": 16277, "filter_policy_name": "", "kDeletedKeys": "0", "kMergeOperands": "0"}}
2018/10/31-19:33:11.587828 7f359affd700 [db/compaction_job.cc:1211] [usertable] [JOB 4] Generated table #13514: 16277 keys, 67411869 bytes
2018/10/31-19:33:11.587852 7f359affd700 EVENT_LOG_v1 {"time_micros": 1541039591587841, "cf_name": "usertable", "job": 4, "event": "table_file_creation", "file_number": 13514, "file_size": 67411869, "table_properties": {"data_size": 67116684, "index_size": 294264, "filter_size": 0, "raw_key_size": 390648, "raw_average_key_size": 24, "raw_value_size": 66670592, "raw_average_value_size": 4096, "num_data_blocks": 8139, "num_entries": 16277, "filter_policy_name": "", "kDeletedKeys": "0", "kMergeOperands": "0"}}
2018/10/31-19:33:11.635642 7f3599ffb700 [db/compaction_job.cc:1211] [usertable] [JOB 4] Generated table #13511: 16277 keys, 67411811 bytes
2018/10/31-19:33:11.635670 7f3599ffb700 EVENT_LOG_v1 {"time_micros": 1541039591635658, "cf_name": "usertable", "job": 4, "event": "table_file_creation", "file_number": 13511, "file_size": 67411811, "table_properties": {"data_size": 67116335, "index_size": 294555, "filter_size": 0, "raw_key_size": 390648, "raw_average_key_size": 24, "raw_value_size": 66670592, "raw_average_value_size": 4096, "num_data_blocks": 8139, "num_entries": 16277, "filter_policy_name": "", "kDeletedKeys": "0", "kMergeOperands": "0"}}
2018/10/31-19:33:11.713489 7f359a7fc700 [db/compaction_job.cc:1211] [usertable] [JOB 4] Generated table #13513: 16277 keys, 67411779 bytes
2018/10/31-19:33:11.713523 7f359a7fc700 EVENT_LOG_v1 {"time_micros": 1541039591713509, "cf_name": "usertable", "job": 4, "event": "table_file_creation", "file_number": 13513, "file_size": 67411779, "table_properties": {"data_size": 67119374, "index_size": 291484, "filter_size": 0, "raw_key_size": 390648, "raw_average_key_size": 24, "raw_value_size": 66670592, "raw_average_value_size": 4096, "num_data_blocks": 8139, "num_entries": 16277, "filter_policy_name": "", "kDeletedKeys": "0", "kMergeOperands": "0"}}
2018/10/31-19:33:12.024355 7f359affd700 [db/compaction_job.cc:1211] [usertable] [JOB 4] Generated table #13516: 2772 keys, 11480885 bytes
