2018/11/27-05:21:36.133374 7f568051f0 RocksDB version: 5.14.3
2018/11/27-05:21:36.133523 7f568051f0 Git sha rocksdb_build_git_sha:
2018/11/27-05:21:36.133530 7f568051f0 Compile date Nov 15 2018
2018/11/27-05:21:36.133538 7f568051f0 DB SUMMARY
2018/11/27-05:21:36.133582 7f568051f0 SST files in /mnt/sda/ycsb-rocksdb-data dir, Total Num: 0, files: 
2018/11/27-05:21:36.133588 7f568051f0 Write Ahead Log file in /mnt/sda/ycsb-rocksdb-data: 
2018/11/27-05:21:36.133595 7f568051f0                         Options.error_if_exists: 0
2018/11/27-05:21:36.133598 7f568051f0                       Options.create_if_missing: 1
2018/11/27-05:21:36.133601 7f568051f0                         Options.paranoid_checks: 1
2018/11/27-05:21:36.133605 7f568051f0                                     Options.env: 0x7f56305f18
2018/11/27-05:21:36.133608 7f568051f0                                Options.info_log: 0x7f243cde30
2018/11/27-05:21:36.133611 7f568051f0                Options.max_file_opening_threads: 16
2018/11/27-05:21:36.133614 7f568051f0                              Options.statistics: (nil)
2018/11/27-05:21:36.133618 7f568051f0                               Options.use_fsync: 0
2018/11/27-05:21:36.133621 7f568051f0                       Options.max_log_file_size: 0
2018/11/27-05:21:36.133624 7f568051f0                  Options.max_manifest_file_size: 18446744073709551615
2018/11/27-05:21:36.133627 7f568051f0                   Options.log_file_time_to_roll: 0
2018/11/27-05:21:36.133630 7f568051f0                       Options.keep_log_file_num: 1000
2018/11/27-05:21:36.133634 7f568051f0                    Options.recycle_log_file_num: 0
2018/11/27-05:21:36.133637 7f568051f0                         Options.allow_fallocate: 1
2018/11/27-05:21:36.133640 7f568051f0                        Options.allow_mmap_reads: 0
2018/11/27-05:21:36.133643 7f568051f0                       Options.allow_mmap_writes: 0
2018/11/27-05:21:36.133646 7f568051f0                        Options.use_direct_reads: 0
2018/11/27-05:21:36.133649 7f568051f0                        Options.use_direct_io_for_flush_and_compaction: 0
2018/11/27-05:21:36.133652 7f568051f0          Options.create_missing_column_families: 1
2018/11/27-05:21:36.133654 7f568051f0                              Options.db_log_dir: 
2018/11/27-05:21:36.133657 7f568051f0                                 Options.wal_dir: /mnt/sda/ycsb-rocksdb-data
2018/11/27-05:21:36.133660 7f568051f0                Options.table_cache_numshardbits: 6
2018/11/27-05:21:36.133663 7f568051f0                      Options.max_subcompactions: 4
2018/11/27-05:21:36.133666 7f568051f0                  Options.max_background_flushes: 6
2018/11/27-05:21:36.133669 7f568051f0                         Options.WAL_ttl_seconds: 0
2018/11/27-05:21:36.133671 7f568051f0                       Options.WAL_size_limit_MB: 0
2018/11/27-05:21:36.133674 7f568051f0             Options.manifest_preallocation_size: 4194304
2018/11/27-05:21:36.133677 7f568051f0                     Options.is_fd_close_on_exec: 1
2018/11/27-05:21:36.133680 7f568051f0                   Options.advise_random_on_open: 1
2018/11/27-05:21:36.133683 7f568051f0                    Options.db_write_buffer_size: 0
2018/11/27-05:21:36.133685 7f568051f0                    Options.write_buffer_manager: 0x7f243cf190
2018/11/27-05:21:36.133688 7f568051f0         Options.access_hint_on_compaction_start: 1
2018/11/27-05:21:36.133691 7f568051f0  Options.new_table_reader_for_compaction_inputs: 0
2018/11/27-05:21:36.133694 7f568051f0           Options.random_access_max_buffer_size: 1048576
2018/11/27-05:21:36.133696 7f568051f0                      Options.use_adaptive_mutex: 0
2018/11/27-05:21:36.133699 7f568051f0                            Options.rate_limiter: (nil)
2018/11/27-05:21:36.133705 7f568051f0     Options.sst_file_manager.rate_bytes_per_sec: 0
2018/11/27-05:21:36.133708 7f568051f0                       Options.wal_recovery_mode: 2
2018/11/27-05:21:36.133711 7f568051f0                  Options.enable_thread_tracking: 0
2018/11/27-05:21:36.133714 7f568051f0                  Options.enable_pipelined_write: 1
2018/11/27-05:21:36.133717 7f568051f0         Options.allow_concurrent_memtable_write: 1
2018/11/27-05:21:36.133736 7f568051f0      Options.enable_write_thread_adaptive_yield: 1
2018/11/27-05:21:36.133740 7f568051f0             Options.write_thread_max_yield_usec: 100
2018/11/27-05:21:36.133744 7f568051f0            Options.write_thread_slow_yield_usec: 3
2018/11/27-05:21:36.133747 7f568051f0                               Options.row_cache: None
2018/11/27-05:21:36.133749 7f568051f0                              Options.wal_filter: None
2018/11/27-05:21:36.133753 7f568051f0             Options.avoid_flush_during_recovery: 0
2018/11/27-05:21:36.133756 7f568051f0             Options.allow_ingest_behind: 0
2018/11/27-05:21:36.133759 7f568051f0             Options.preserve_deletes: 0
2018/11/27-05:21:36.133761 7f568051f0             Options.two_write_queues: 0
2018/11/27-05:21:36.133764 7f568051f0             Options.manual_wal_flush: 0
2018/11/27-05:21:36.133769 7f568051f0             Options.max_background_jobs: 6
2018/11/27-05:21:36.133773 7f568051f0             Options.max_background_compactions: 6
2018/11/27-05:21:36.133775 7f568051f0             Options.avoid_flush_during_shutdown: 0
2018/11/27-05:21:36.133778 7f568051f0           Options.writable_file_max_buffer_size: 1048576
2018/11/27-05:21:36.133781 7f568051f0             Options.delayed_write_rate : 16777216
2018/11/27-05:21:36.133784 7f568051f0             Options.max_total_wal_size: 0
2018/11/27-05:21:36.133787 7f568051f0             Options.delete_obsolete_files_period_micros: 21600000000
2018/11/27-05:21:36.133790 7f568051f0                   Options.stats_dump_period_sec: 60
2018/11/27-05:21:36.133793 7f568051f0                          Options.max_open_files: -1
2018/11/27-05:21:36.133796 7f568051f0                          Options.bytes_per_sync: 1048576
2018/11/27-05:21:36.133799 7f568051f0                      Options.wal_bytes_per_sync: 0
2018/11/27-05:21:36.133802 7f568051f0       Options.compaction_readahead_size: 0
2018/11/27-05:21:36.133805 7f568051f0 Compression algorithms supported:
2018/11/27-05:21:36.133808 7f568051f0 	kZSTDNotFinalCompression supported: 1
2018/11/27-05:21:36.133843 7f568051f0 	kZSTD supported: 1
2018/11/27-05:21:36.133849 7f568051f0 	kXpressCompression supported: 0
2018/11/27-05:21:36.133852 7f568051f0 	kLZ4HCCompression supported: 1
2018/11/27-05:21:36.133856 7f568051f0 	kLZ4Compression supported: 1
2018/11/27-05:21:36.133859 7f568051f0 	kBZip2Compression supported: 1
2018/11/27-05:21:36.133863 7f568051f0 	kZlibCompression supported: 1
2018/11/27-05:21:36.133866 7f568051f0 	kSnappyCompression supported: 1
2018/11/27-05:21:36.133874 7f568051f0 Fast CRC32 supported: Not supported on x86
2018/11/27-05:21:36.134055 7f568051f0 [db/db_impl_open.cc:222] Creating manifest 1 
2018/11/27-05:21:36.240087 7f568051f0 [db/version_set.cc:3085] Recovering from manifest file: MANIFEST-000001
2018/11/27-05:21:36.240485 7f568051f0 [db/column_family.cc:475] --------------- Options for column family [default]:
2018/11/27-05:21:36.240501 7f568051f0               Options.comparator: leveldb.BytewiseComparator
2018/11/27-05:21:36.240509 7f568051f0           Options.merge_operator: None
2018/11/27-05:21:36.240516 7f568051f0        Options.compaction_filter: None
2018/11/27-05:21:36.240522 7f568051f0        Options.compaction_filter_factory: None
2018/11/27-05:21:36.240529 7f568051f0         Options.memtable_factory: SkipListFactory
2018/11/27-05:21:36.240535 7f568051f0            Options.table_factory: BlockBasedTable
2018/11/27-05:21:36.240639 7f568051f0            table_factory options:   flush_block_policy_factory: FlushBlockBySizePolicyFactory (0x7f243741e0)
  cache_index_and_filter_blocks: 0
  cache_index_and_filter_blocks_with_high_priority: 0
  pin_l0_filter_and_index_blocks_in_cache: 0
  index_type: 0
  hash_index_allow_collision: 1
  checksum: 1
  no_block_cache: 0
  block_cache: 0x7f2437f480
  block_cache_name: LRUCache
  block_cache_options:
    capacity : 8388608
    num_shard_bits : 4
    strict_capacity_limit : 0
    high_pri_pool_ratio: 0.000
  block_cache_compressed: (nil)
  persistent_cache: (nil)
  block_size: 8192
  block_size_deviation: 10
  block_restart_interval: 16
  index_block_restart_interval: 1
  metadata_block_size: 4096
  partition_filters: 0
  use_delta_encoding: 1
  filter_policy: nullptr
  whole_key_filtering: 1
  verify_compression: 0
  read_amp_bytes_per_bit: 0
  format_version: 2
  enable_index_compression: 1
  block_align: 0
2018/11/27-05:21:36.240720 7f568051f0        Options.write_buffer_size: 134217728
2018/11/27-05:21:36.240728 7f568051f0  Options.max_write_buffer_number: 24
2018/11/27-05:21:36.240736 7f568051f0        Options.compression[0]: NoCompression
2018/11/27-05:21:36.240742 7f568051f0        Options.compression[1]: NoCompression
2018/11/27-05:21:36.240749 7f568051f0        Options.compression[2]: LZ4
2018/11/27-05:21:36.240755 7f568051f0        Options.compression[3]: LZ4
2018/11/27-05:21:36.240761 7f568051f0        Options.compression[4]: LZ4
2018/11/27-05:21:36.240768 7f568051f0        Options.compression[5]: LZ4
2018/11/27-05:21:36.240774 7f568051f0        Options.compression[6]: LZ4
2018/11/27-05:21:36.240781 7f568051f0                  Options.bottommost_compression: Disabled
2018/11/27-05:21:36.240787 7f568051f0       Options.prefix_extractor: nullptr
2018/11/27-05:21:36.240793 7f568051f0   Options.memtable_insert_with_hint_prefix_extractor: nullptr
2018/11/27-05:21:36.240799 7f568051f0             Options.num_levels: 7
2018/11/27-05:21:36.240805 7f568051f0        Options.min_write_buffer_number_to_merge: 2
2018/11/27-05:21:36.240811 7f568051f0     Options.max_write_buffer_number_to_maintain: 0
2018/11/27-05:21:36.240817 7f568051f0            Options.compression_opts.window_bits: -14
2018/11/27-05:21:36.240823 7f568051f0                  Options.compression_opts.level: -1
2018/11/27-05:21:36.240829 7f568051f0               Options.compression_opts.strategy: 0
2018/11/27-05:21:36.240835 7f568051f0         Options.compression_opts.max_dict_bytes: 0
2018/11/27-05:21:36.240841 7f568051f0         Options.compression_opts.zstd_max_train_bytes: 0
2018/11/27-05:21:36.240847 7f568051f0      Options.level0_file_num_compaction_trigger: 2
2018/11/27-05:21:36.240853 7f568051f0          Options.level0_slowdown_writes_trigger: 20
2018/11/27-05:21:36.240860 7f568051f0              Options.level0_stop_writes_trigger: 36
2018/11/27-05:21:36.240865 7f568051f0                   Options.target_file_size_base: 67108864
2018/11/27-05:21:36.240872 7f568051f0             Options.target_file_size_multiplier: 1
2018/11/27-05:21:36.240878 7f568051f0                Options.max_bytes_for_level_base: 536870912
2018/11/27-05:21:36.240884 7f568051f0 Options.level_compaction_dynamic_level_bytes: 0
2018/11/27-05:21:36.240890 7f568051f0          Options.max_bytes_for_level_multiplier: 10.000000
2018/11/27-05:21:36.240902 7f568051f0 Options.max_bytes_for_level_multiplier_addtl[0]: 1
2018/11/27-05:21:36.240909 7f568051f0 Options.max_bytes_for_level_multiplier_addtl[1]: 1
2018/11/27-05:21:36.240915 7f568051f0 Options.max_bytes_for_level_multiplier_addtl[2]: 1
2018/11/27-05:21:36.240921 7f568051f0 Options.max_bytes_for_level_multiplier_addtl[3]: 1
2018/11/27-05:21:36.240927 7f568051f0 Options.max_bytes_for_level_multiplier_addtl[4]: 1
2018/11/27-05:21:36.240933 7f568051f0 Options.max_bytes_for_level_multiplier_addtl[5]: 1
2018/11/27-05:21:36.240940 7f568051f0 Options.max_bytes_for_level_multiplier_addtl[6]: 1
2018/11/27-05:21:36.240946 7f568051f0       Options.max_sequential_skip_in_iterations: 8
2018/11/27-05:21:36.240951 7f568051f0                    Options.max_compaction_bytes: 1677721600
2018/11/27-05:21:36.240958 7f568051f0                        Options.arena_block_size: 16777216
2018/11/27-05:21:36.240964 7f568051f0   Options.soft_pending_compaction_bytes_limit: 68719476736
2018/11/27-05:21:36.240970 7f568051f0   Options.hard_pending_compaction_bytes_limit: 274877906944
2018/11/27-05:21:36.240999 7f568051f0       Options.rate_limit_delay_max_milliseconds: 100
2018/11/27-05:21:36.241005 7f568051f0                Options.disable_auto_compactions: 0
2018/11/27-05:21:36.241013 7f568051f0                        Options.compaction_style: kCompactionStyleLevel
2018/11/27-05:21:36.241044 7f568051f0                          Options.compaction_pri: kByCompensatedSize
2018/11/27-05:21:36.241052 7f568051f0 Options.compaction_options_universal.size_ratio: 1
2018/11/27-05:21:36.241059 7f568051f0 Options.compaction_options_universal.min_merge_width: 2
2018/11/27-05:21:36.241065 7f568051f0 Options.compaction_options_universal.max_merge_width: 4294967295
2018/11/27-05:21:36.241071 7f568051f0 Options.compaction_options_universal.max_size_amplification_percent: 200
2018/11/27-05:21:36.241077 7f568051f0 Options.compaction_options_universal.compression_size_percent: -1
2018/11/27-05:21:36.241085 7f568051f0 Options.compaction_options_universal.stop_style: kCompactionStopStyleTotalSize
2018/11/27-05:21:36.241091 7f568051f0 Options.compaction_options_fifo.max_table_files_size: 1073741824
2018/11/27-05:21:36.241098 7f568051f0 Options.compaction_options_fifo.allow_compaction: 0
2018/11/27-05:21:36.241104 7f568051f0 Options.compaction_options_fifo.ttl: 0
2018/11/27-05:21:36.241110 7f568051f0                   Options.table_properties_collectors: 
2018/11/27-05:21:36.241117 7f568051f0                   Options.inplace_update_support: 0
2018/11/27-05:21:36.241123 7f568051f0                 Options.inplace_update_num_locks: 10000
2018/11/27-05:21:36.241129 7f568051f0               Options.memtable_prefix_bloom_size_ratio: 0.000000
2018/11/27-05:21:36.241136 7f568051f0   Options.memtable_huge_page_size: 0
2018/11/27-05:21:36.241143 7f568051f0                           Options.bloom_locality: 0
2018/11/27-05:21:36.241149 7f568051f0                    Options.max_successive_merges: 0
2018/11/27-05:21:36.241154 7f568051f0                Options.optimize_filters_for_hits: 0
2018/11/27-05:21:36.241161 7f568051f0                Options.paranoid_file_checks: 0
2018/11/27-05:21:36.241166 7f568051f0                Options.force_consistency_checks: 0
2018/11/27-05:21:36.241173 7f568051f0                Options.report_bg_io_stats: 0
2018/11/27-05:21:36.241179 7f568051f0                               Options.ttl: 0
2018/11/27-05:21:36.243881 7f568051f0 [db/version_set.cc:3361] Recovered from manifest file:/mnt/sda/ycsb-rocksdb-data/MANIFEST-000001 succeeded,manifest_file_number is 1, next_file_number is 3, last_sequence is 0, log_number is 0,prev_log_number is 0,max_column_family is 0,min_log_number_to_keep is 0
2018/11/27-05:21:36.243937 7f568051f0 [db/version_set.cc:3369] Column family [default] (ID 0), log number is 0
2018/11/27-05:21:36.244818 7f568051f0 [db/version_set.cc:2847] Creating manifest 4
2018/11/27-05:21:36.320428 7f568051f0 [db/column_family.cc:475] --------------- Options for column family [usertable]:
2018/11/27-05:21:36.320470 7f568051f0               Options.comparator: leveldb.BytewiseComparator
2018/11/27-05:21:36.320477 7f568051f0           Options.merge_operator: None
2018/11/27-05:21:36.320484 7f568051f0        Options.compaction_filter: None
2018/11/27-05:21:36.320490 7f568051f0        Options.compaction_filter_factory: None
2018/11/27-05:21:36.320497 7f568051f0         Options.memtable_factory: SkipListFactory
2018/11/27-05:21:36.320504 7f568051f0            Options.table_factory: BlockBasedTable
2018/11/27-05:21:36.320600 7f568051f0            table_factory options:   flush_block_policy_factory: FlushBlockBySizePolicyFactory (0x7f24372b30)
  cache_index_and_filter_blocks: 0
  cache_index_and_filter_blocks_with_high_priority: 0
  pin_l0_filter_and_index_blocks_in_cache: 0
  index_type: 0
  hash_index_allow_collision: 1
  checksum: 1
  no_block_cache: 0
  block_cache: 0x7f24380f50
  block_cache_name: LRUCache
  block_cache_options:
    capacity : 8388608
    num_shard_bits : 4
    strict_capacity_limit : 0
    high_pri_pool_ratio: 0.000
  block_cache_compressed: (nil)
  persistent_cache: (nil)
  block_size: 8192
  block_size_deviation: 10
  block_restart_interval: 16
  index_block_restart_interval: 1
  metadata_block_size: 4096
  partition_filters: 0
  use_delta_encoding: 1
  filter_policy: nullptr
  whole_key_filtering: 1
  verify_compression: 0
  read_amp_bytes_per_bit: 0
  format_version: 2
  enable_index_compression: 1
  block_align: 0
2018/11/27-05:21:36.320610 7f568051f0        Options.write_buffer_size: 134217728
2018/11/27-05:21:36.320616 7f568051f0  Options.max_write_buffer_number: 24
2018/11/27-05:21:36.320624 7f568051f0        Options.compression[0]: NoCompression
2018/11/27-05:21:36.320630 7f568051f0        Options.compression[1]: NoCompression
2018/11/27-05:21:36.320636 7f568051f0        Options.compression[2]: LZ4
2018/11/27-05:21:36.320643 7f568051f0        Options.compression[3]: LZ4
2018/11/27-05:21:36.320649 7f568051f0        Options.compression[4]: LZ4
2018/11/27-05:21:36.320655 7f568051f0        Options.compression[5]: LZ4
2018/11/27-05:21:36.320661 7f568051f0        Options.compression[6]: LZ4
2018/11/27-05:21:36.320668 7f568051f0                  Options.bottommost_compression: Disabled
2018/11/27-05:21:36.320674 7f568051f0       Options.prefix_extractor: nullptr
2018/11/27-05:21:36.320680 7f568051f0   Options.memtable_insert_with_hint_prefix_extractor: nullptr
2018/11/27-05:21:36.320687 7f568051f0             Options.num_levels: 7
2018/11/27-05:21:36.320692 7f568051f0        Options.min_write_buffer_number_to_merge: 2
2018/11/27-05:21:36.320699 7f568051f0     Options.max_write_buffer_number_to_maintain: 0
2018/11/27-05:21:36.320704 7f568051f0            Options.compression_opts.window_bits: -14
2018/11/27-05:21:36.320711 7f568051f0                  Options.compression_opts.level: -1
2018/11/27-05:21:36.320717 7f568051f0               Options.compression_opts.strategy: 0
2018/11/27-05:21:36.320722 7f568051f0         Options.compression_opts.max_dict_bytes: 0
2018/11/27-05:21:36.320729 7f568051f0         Options.compression_opts.zstd_max_train_bytes: 0
2018/11/27-05:21:36.320735 7f568051f0      Options.level0_file_num_compaction_trigger: 2
2018/11/27-05:21:36.320741 7f568051f0          Options.level0_slowdown_writes_trigger: 20
2018/11/27-05:21:36.320747 7f568051f0              Options.level0_stop_writes_trigger: 36
2018/11/27-05:21:36.320753 7f568051f0                   Options.target_file_size_base: 67108864
2018/11/27-05:21:36.320760 7f568051f0             Options.target_file_size_multiplier: 1
2018/11/27-05:21:36.320766 7f568051f0                Options.max_bytes_for_level_base: 536870912
2018/11/27-05:21:36.320772 7f568051f0 Options.level_compaction_dynamic_level_bytes: 0
2018/11/27-05:21:36.320778 7f568051f0          Options.max_bytes_for_level_multiplier: 10.000000
2018/11/27-05:21:36.320791 7f568051f0 Options.max_bytes_for_level_multiplier_addtl[0]: 1
2018/11/27-05:21:36.320797 7f568051f0 Options.max_bytes_for_level_multiplier_addtl[1]: 1
2018/11/27-05:21:36.320851 7f568051f0 Options.max_bytes_for_level_multiplier_addtl[2]: 1
2018/11/27-05:21:36.320859 7f568051f0 Options.max_bytes_for_level_multiplier_addtl[3]: 1
2018/11/27-05:21:36.320866 7f568051f0 Options.max_bytes_for_level_multiplier_addtl[4]: 1
2018/11/27-05:21:36.320872 7f568051f0 Options.max_bytes_for_level_multiplier_addtl[5]: 1
2018/11/27-05:21:36.320878 7f568051f0 Options.max_bytes_for_level_multiplier_addtl[6]: 1
2018/11/27-05:21:36.320884 7f568051f0       Options.max_sequential_skip_in_iterations: 8
2018/11/27-05:21:36.320890 7f568051f0                    Options.max_compaction_bytes: 1677721600
2018/11/27-05:21:36.320896 7f568051f0                        Options.arena_block_size: 16777216
2018/11/27-05:21:36.320902 7f568051f0   Options.soft_pending_compaction_bytes_limit: 68719476736
2018/11/27-05:21:36.320909 7f568051f0   Options.hard_pending_compaction_bytes_limit: 274877906944
2018/11/27-05:21:36.320915 7f568051f0       Options.rate_limit_delay_max_milliseconds: 100
2018/11/27-05:21:36.320921 7f568051f0                Options.disable_auto_compactions: 0
2018/11/27-05:21:36.320930 7f568051f0                        Options.compaction_style: kCompactionStyleLevel
2018/11/27-05:21:36.320939 7f568051f0                          Options.compaction_pri: kByCompensatedSize
2018/11/27-05:21:36.320945 7f568051f0 Options.compaction_options_universal.size_ratio: 1
2018/11/27-05:21:36.320951 7f568051f0 Options.compaction_options_universal.min_merge_width: 2
2018/11/27-05:21:36.320957 7f568051f0 Options.compaction_options_universal.max_merge_width: 4294967295
2018/11/27-05:21:36.320963 7f568051f0 Options.compaction_options_universal.max_size_amplification_percent: 200
2018/11/27-05:21:36.320970 7f568051f0 Options.compaction_options_universal.compression_size_percent: -1
2018/11/27-05:21:36.321021 7f568051f0 Options.compaction_options_universal.stop_style: kCompactionStopStyleTotalSize
2018/11/27-05:21:36.321028 7f568051f0 Options.compaction_options_fifo.max_table_files_size: 1073741824
2018/11/27-05:21:36.321034 7f568051f0 Options.compaction_options_fifo.allow_compaction: 0
2018/11/27-05:21:36.321040 7f568051f0 Options.compaction_options_fifo.ttl: 0
2018/11/27-05:21:36.321047 7f568051f0                   Options.table_properties_collectors: 
2018/11/27-05:21:36.321053 7f568051f0                   Options.inplace_update_support: 0
2018/11/27-05:21:36.321058 7f568051f0                 Options.inplace_update_num_locks: 10000
2018/11/27-05:21:36.321065 7f568051f0               Options.memtable_prefix_bloom_size_ratio: 0.000000
2018/11/27-05:21:36.321072 7f568051f0   Options.memtable_huge_page_size: 0
2018/11/27-05:21:36.321079 7f568051f0                           Options.bloom_locality: 0
2018/11/27-05:21:36.321085 7f568051f0                    Options.max_successive_merges: 0
2018/11/27-05:21:36.321091 7f568051f0                Options.optimize_filters_for_hits: 0
2018/11/27-05:21:36.321097 7f568051f0                Options.paranoid_file_checks: 0
2018/11/27-05:21:36.321103 7f568051f0                Options.force_consistency_checks: 0
2018/11/27-05:21:36.321109 7f568051f0                Options.report_bg_io_stats: 0
2018/11/27-05:21:36.321115 7f568051f0                               Options.ttl: 0
2018/11/27-05:21:36.321329 7f568051f0 [db/db_impl.cc:1396] Created column family [usertable] (ID 1)
2018/11/27-05:21:36.415355 7f568051f0 [db/db_impl_open.cc:1219] DB pointer 0x7f243ce3f0
2018/11/27-05:21:45.274159 7f566051f0 [db/db_impl_write.cc:1373] [usertable] New memtable created with log file: #9. Immutable memtables: 0.
2018/11/27-05:21:53.979187 7f566051f0 [db/db_impl_write.cc:1373] [usertable] New memtable created with log file: #10. Immutable memtables: 1.
2018/11/27-05:21:53.979771 7f16ffd1f0 [db/db_impl_compaction_flush.cc:80] [JOB 2] Syncing log #3
2018/11/27-05:21:54.222773 7f16ffd1f0 [db/db_impl_compaction_flush.cc:80] [JOB 2] Syncing log #9
2018/11/27-05:21:55.446457 7f16ffd1f0 (Original Log Time 2018/11/27-05:21:53.979669) [db/db_impl_compaction_flush.cc:1424] Calling FlushMemTableToOutputFile with column family [usertable], flush slots available 6, compaction slots available 1, flush slots scheduled 1, compaction slots scheduled 0
2018/11/27-05:21:55.446506 7f16ffd1f0 [db/flush_job.cc:301] [usertable] [JOB 2] Flushing memtable with next log file: 9
2018/11/27-05:21:55.446545 7f16ffd1f0 [db/flush_job.cc:301] [usertable] [JOB 2] Flushing memtable with next log file: 10
2018/11/27-05:21:55.446687 7f16ffd1f0 EVENT_LOG_v1 {"time_micros": 1543296115446636, "job": 2, "event": "flush_started", "num_memtables": 2, "num_entries": 61457, "num_deletes": 0, "memory_usage": 254776152, "flush_reason": "Write Buffer Full"}
2018/11/27-05:21:55.446728 7f16ffd1f0 [db/flush_job.cc:331] [usertable] [JOB 2] Level-0 flush table #11: started
2018/11/27-05:21:57.784409 7f16ffd1f0 EVENT_LOG_v1 {"time_micros": 1543296117784307, "cf_name": "usertable", "job": 2, "event": "table_file_creation", "file_number": 11, "file_size": 254518035, "table_properties": {"data_size": 253387225, "index_size": 1129883, "filter_size": 0, "raw_key_size": 1474968, "raw_average_key_size": 24, "raw_value_size": 251727872, "raw_average_value_size": 4096, "num_data_blocks": 30729, "num_entries": 61457, "filter_policy_name": "", "kDeletedKeys": "0", "kMergeOperands": "0"}}
2018/11/27-05:21:57.784487 7f16ffd1f0 [db/flush_job.cc:371] [usertable] [JOB 2] Level-0 flush table #11: 254518035 bytes OK
2018/11/27-05:21:57.841099 7f16ffd1f0 (Original Log Time 2018/11/27-05:21:57.784543) [db/memtable_list.cc:377] [usertable] Level-0 commit table #11 started
2018/11/27-05:21:57.841119 7f16ffd1f0 (Original Log Time 2018/11/27-05:21:57.840701) [db/memtable_list.cc:409] [usertable] Level-0 commit table #11: memtable #1 done
2018/11/27-05:21:57.841129 7f16ffd1f0 (Original Log Time 2018/11/27-05:21:57.840761) [db/memtable_list.cc:409] [usertable] Level-0 commit table #11: memtable #2 done
2018/11/27-05:21:57.841139 7f16ffd1f0 (Original Log Time 2018/11/27-05:21:57.840849) EVENT_LOG_v1 {"time_micros": 1543296117840813, "job": 2, "event": "flush_finished", "output_compression": "NoCompression", "lsm_state": [1, 0, 0, 0, 0, 0, 0], "immutable_memtables": 0}
2018/11/27-05:21:57.841150 7f16ffd1f0 (Original Log Time 2018/11/27-05:21:57.840935) [db/db_impl_compaction_flush.cc:177] [usertable] Level summary: base level 1 max bytes base 536870912 files[1 0 0 0 0 0 0] max score 0.50
2018/11/27-05:21:57.841203 7f16ffd1f0 [db/db_impl_files.cc:347] [JOB 2] Try to delete WAL files size 253750973, prev total WAL file size 309570636, number of live WAL files 3.
2018/11/27-05:22:02.908397 7f566051f0 [db/db_impl_write.cc:1373] [usertable] New memtable created with log file: #12. Immutable memtables: 0.
2018/11/27-05:22:11.872274 7f568051f0 [db/db_impl_write.cc:1373] [usertable] New memtable created with log file: #13. Immutable memtables: 1.
2018/11/27-05:22:11.872628 7f15ffb1f0 [db/db_impl_compaction_flush.cc:80] [JOB 3] Syncing log #10
2018/11/27-05:22:12.495498 7f15ffb1f0 [db/db_impl_compaction_flush.cc:80] [JOB 3] Syncing log #12
2018/11/27-05:22:13.049531 7f15ffb1f0 (Original Log Time 2018/11/27-05:22:11.872592) [db/db_impl_compaction_flush.cc:1424] Calling FlushMemTableToOutputFile with column family [usertable], flush slots available 6, compaction slots available 1, flush slots scheduled 1, compaction slots scheduled 0
2018/11/27-05:22:13.049574 7f15ffb1f0 [db/flush_job.cc:301] [usertable] [JOB 3] Flushing memtable with next log file: 12
2018/11/27-05:22:13.049595 7f15ffb1f0 [db/flush_job.cc:301] [usertable] [JOB 3] Flushing memtable with next log file: 13
2018/11/27-05:22:13.049675 7f15ffb1f0 EVENT_LOG_v1 {"time_micros": 1543296133049649, "job": 3, "event": "flush_started", "num_memtables": 2, "num_entries": 62627, "num_deletes": 0, "memory_usage": 259574664, "flush_reason": "Write Buffer Full"}
2018/11/27-05:22:13.049694 7f15ffb1f0 [db/flush_job.cc:331] [usertable] [JOB 3] Level-0 flush table #14: started
2018/11/27-05:22:15.061541 7f15ffb1f0 EVENT_LOG_v1 {"time_micros": 1543296135061456, "cf_name": "usertable", "job": 3, "event": "table_file_creation", "file_number": 14, "file_size": 259377375, "table_properties": {"data_size": 258218094, "index_size": 1158354, "filter_size": 0, "raw_key_size": 1503048, "raw_average_key_size": 24, "raw_value_size": 256520192, "raw_average_value_size": 4096, "num_data_blocks": 31314, "num_entries": 62627, "filter_policy_name": "", "kDeletedKeys": "0", "kMergeOperands": "0"}}
2018/11/27-05:22:15.061611 7f15ffb1f0 [db/flush_job.cc:371] [usertable] [JOB 3] Level-0 flush table #14: 259377375 bytes OK
2018/11/27-05:22:15.118721 7f15ffb1f0 (Original Log Time 2018/11/27-05:22:15.061652) [db/memtable_list.cc:377] [usertable] Level-0 commit table #14 started
2018/11/27-05:22:15.118739 7f15ffb1f0 (Original Log Time 2018/11/27-05:22:15.118397) [db/memtable_list.cc:409] [usertable] Level-0 commit table #14: memtable #1 done
2018/11/27-05:22:15.118749 7f15ffb1f0 (Original Log Time 2018/11/27-05:22:15.118411) [db/memtable_list.cc:409] [usertable] Level-0 commit table #14: memtable #2 done
2018/11/27-05:22:15.118760 7f15ffb1f0 (Original Log Time 2018/11/27-05:22:15.118490) EVENT_LOG_v1 {"time_micros": 1543296135118460, "job": 3, "event": "flush_finished", "output_compression": "NoCompression", "lsm_state": [2, 0, 0, 0, 0, 0, 0], "immutable_memtables": 0}
2018/11/27-05:22:15.118770 7f15ffb1f0 (Original Log Time 2018/11/27-05:22:15.118631) [db/db_impl_compaction_flush.cc:177] [usertable] Level summary: base level 1 max bytes base 536870912 files[2 0 0 0 0 0 0] max score 1.00
2018/11/27-05:22:15.118816 7f15ffb1f0 [db/db_impl_files.cc:347] [JOB 3] Try to delete WAL files size 258585035, prev total WAL file size 305506571, number of live WAL files 3.
2018/11/27-05:22:15.119147 7f55c051f0 [WARN] [db/db_impl.cc:491] ------- DUMPING STATS -------
2018/11/27-05:22:15.119220 7f55c051f0 [WARN] [db/db_impl.cc:492] 
** DB Stats **
Uptime(secs): 38.9 total, 38.9 interval
Cumulative writes: 135K writes, 135K keys, 134K commit groups, 1.0 writes per commit group, ingest: 0.52 GB, 13.72 MB/s
Cumulative WAL: 135K writes, 0 syncs, 135448.00 writes per sync, written: 0.52 GB, 13.72 MB/s
Cumulative stall: 00:00:0.000 H:M:S, 0.0 percent
Interval writes: 135K writes, 135K keys, 134K commit groups, 1.0 writes per commit group, ingest: 533.36 MB, 13.72 MB/s
Interval WAL: 135K writes, 0 syncs, 135448.00 writes per sync, written: 0.52 MB, 13.72 MB/s
Interval stall: 00:00:0.000 H:M:S, 0.0 percent

** Compaction Stats [default] **
Level    Files   Size     Score Read(GB)  Rn(GB) Rnp1(GB) Write(GB) Wnew(GB) Moved(GB) W-Amp Rd(MB/s) Wr(MB/s) Comp(sec) Comp(cnt) Avg(sec) KeyIn KeyDrop
----------------------------------------------------------------------------------------------------------------------------------------------------------
 Sum      0/0    0.00 KB   0.0      0.0     0.0      0.0       0.0      0.0       0.0   0.0      0.0      0.0         0         0    0.000       0      0
 Int      0/0    0.00 KB   0.0      0.0     0.0      0.0       0.0      0.0       0.0   0.0      0.0      0.0         0         0    0.000       0      0
Uptime(secs): 38.9 total, 38.9 interval
Flush(GB): cumulative 0.000, interval 0.000
AddFile(GB): cumulative 0.000, interval 0.000
AddFile(Total Files): cumulative 0, interval 0
AddFile(L0 Files): cumulative 0, interval 0
AddFile(Keys): cumulative 0, interval 0
Cumulative compaction: 0.00 GB write, 0.00 MB/s write, 0.00 GB read, 0.00 MB/s read, 0.0 seconds
Interval compaction: 0.00 GB write, 0.00 MB/s write, 0.00 GB read, 0.00 MB/s read, 0.0 seconds
Stalls(count): 0 level0_slowdown, 0 level0_slowdown_with_compaction, 0 level0_numfiles, 0 level0_numfiles_with_compaction, 0 stop for pending_compaction_bytes, 0 slowdown for pending_compaction_bytes, 0 memtable_compaction, 0 memtable_slowdown, interval 0 total count

** File Read Latency Histogram By Level [default] **

** Compaction Stats [usertable] **
Level    Files   Size     Score Read(GB)  Rn(GB) Rnp1(GB) Write(GB) Wnew(GB) Moved(GB) W-Amp Rd(MB/s) Wr(MB/s) Comp(sec) Comp(cnt) Avg(sec) KeyIn KeyDrop
----------------------------------------------------------------------------------------------------------------------------------------------------------
  L0      2/0   490.09 MB   1.0      0.0     0.0      0.0       0.5      0.5       0.0   1.0      0.0    112.7         4         2    2.175       0      0
 Sum      2/0   490.09 MB   0.0      0.0     0.0      0.0       0.5      0.5       0.0   1.0      0.0    112.7         4         2    2.175       0      0
 Int      0/0    0.00 KB   0.0      0.0     0.0      0.0       0.5      0.5       0.0   1.0      0.0    112.7         4         2    2.175       0      0
Uptime(secs): 38.8 total, 38.8 interval
Flush(GB): cumulative 0.479, interval 0.479
AddFile(GB): cumulative 0.000, interval 0.000
AddFile(Total Files): cumulative 0, interval 0
AddFile(L0 Files): cumulative 0, interval 0
AddFile(Keys): cumulative 0, interval 0
Cumulative compaction: 0.48 GB write, 12.63 MB/s write, 0.00 GB read, 0.00 MB/s read, 4.4 seconds
Interval compaction: 0.48 GB write, 12.63 MB/s write, 0.00 GB read, 0.00 MB/s read, 4.4 seconds
Stalls(count): 0 level0_slowdown, 0 level0_slowdown_with_compaction, 0 level0_numfiles, 0 level0_numfiles_with_compaction, 0 stop for pending_compaction_bytes, 0 slowdown for pending_compaction_bytes, 0 memtable_compaction, 0 memtable_slowdown, interval 0 total count

** File Read Latency Histogram By Level [usertable] **

** Compaction Stats [default] **
Level    Files   Size     Score Read(GB)  Rn(GB) Rnp1(GB) Write(GB) Wnew(GB) Moved(GB) W-Amp Rd(MB/s) Wr(MB/s) Comp(sec) Comp(cnt) Avg(sec) KeyIn KeyDrop
----------------------------------------------------------------------------------------------------------------------------------------------------------
 Sum      0/0    0.00 KB   0.0      0.0     0.0      0.0       0.0      0.0       0.0   0.0      0.0      0.0         0         0    0.000       0      0
 Int      0/0    0.00 KB   0.0      0.0     0.0      0.0       0.0      0.0       0.0   0.0      0.0      0.0         0         0    0.000       0      0
Uptime(secs): 38.9 total, 0.0 interval
Flush(GB): cumulative 0.000, interval 0.000
AddFile(GB): cumulative 0.000, interval 0.000
AddFile(Total Files): cumulative 0, interval 0
AddFile(L0 Files): cumulative 0, interval 0
AddFile(Keys): cumulative 0, interval 0
Cumulative compaction: 0.00 GB write, 0.00 MB/s write, 0.00 GB read, 0.00 MB/s read, 0.0 seconds
Interval compaction: 0.00 GB write, 0.00 MB/s write, 0.00 GB read, 0.00 MB/s read, 0.0 seconds
Stalls(count): 0 level0_slowdown, 0 level0_slowdown_with_compaction, 0 level0_numfiles, 0 level0_numfiles_with_compaction, 0 stop for pending_compaction_bytes, 0 slowdown for pending_compaction_bytes, 0 memtable_compaction, 0 memtable_slowdown, interval 0 total count

** File Read Latency Histogram By Level [default] **

** Compaction Stats [usertable] **
Level    Files   Size     Score Read(GB)  Rn(GB) Rnp1(GB) Write(GB) Wnew(GB) Moved(GB) W-Amp Rd(MB/s) Wr(MB/s) Comp(sec) Comp(cnt) Avg(sec) KeyIn KeyDrop
----------------------------------------------------------------------------------------------------------------------------------------------------------
  L0      2/0   490.09 MB   1.0      0.0     0.0      0.0       0.5      0.5       0.0   1.0      0.0    112.7         4         2    2.175       0      0
 Sum      2/0   490.09 MB   0.0      0.0     0.0      0.0       0.5      0.5       0.0   1.0      0.0    112.7         4         2    2.175       0      0
 Int      0/0    0.00 KB   0.0      0.0     0.0      0.0       0.0      0.0       0.0   0.0      0.0      0.0         0         0    0.000       0      0
Uptime(secs): 38.8 total, 0.0 interval
Flush(GB): cumulative 0.479, interval 0.000
AddFile(GB): cumulative 0.000, interval 0.000
AddFile(Total Files): cumulative 0, interval 0
AddFile(L0 Files): cumulative 0, interval 0
AddFile(Keys): cumulative 0, interval 0
Cumulative compaction: 0.48 GB write, 12.63 MB/s write, 0.00 GB read, 0.00 MB/s read, 4.4 seconds
Interval compaction: 0.00 GB write, 0.00 MB/s write, 0.00 GB read, 0.00 MB/s read, 0.0 seconds
Stalls(count): 0 level0_slowdown, 0 level0_slowdown_with_compaction, 0 level0_numfiles, 0 level0_numfiles_with_compaction, 0 stop for pending_compaction_bytes, 0 slowdown for pending_compaction_bytes, 0 memtable_compaction, 0 memtable_slowdown, interval 0 total count

** File Read Latency Histogram By Level [usertable] **
2018/11/27-05:22:15.180108 7f55c051f0 (Original Log Time 2018/11/27-05:22:15.119420) [db/db_impl_compaction_flush.cc:1835] [usertable] Moving #14 to level-1 259377375 bytes
2018/11/27-05:22:15.180128 7f55c051f0 (Original Log Time 2018/11/27-05:22:15.179864) EVENT_LOG_v1 {"time_micros": 1543296135179818, "job": 4, "event": "trivial_move", "destination_level": 1, "files": 1, "total_files_size": 259377375}
2018/11/27-05:22:15.180139 7f55c051f0 (Original Log Time 2018/11/27-05:22:15.179910) [db/db_impl_compaction_flush.cc:1864] [usertable] Moved #1 files to level-1 259377375 bytes OK: base level 1 max bytes base 536870912 files[1 1 0 0 0 0 0] max score 0.50
2018/11/27-05:22:20.759789 7f566051f0 [db/db_impl_write.cc:1373] [usertable] New memtable created with log file: #15. Immutable memtables: 0.
2018/11/27-05:22:29.723800 7f566051f0 [db/db_impl_write.cc:1373] [usertable] New memtable created with log file: #16. Immutable memtables: 1.
2018/11/27-05:22:29.724146 7f14ff91f0 [db/db_impl_compaction_flush.cc:80] [JOB 5] Syncing log #13
2018/11/27-05:22:30.290205 7f14ff91f0 [db/db_impl_compaction_flush.cc:80] [JOB 5] Syncing log #15
2018/11/27-05:22:30.822273 7f14ff91f0 (Original Log Time 2018/11/27-05:22:29.724108) [db/db_impl_compaction_flush.cc:1424] Calling FlushMemTableToOutputFile with column family [usertable], flush slots available 6, compaction slots available 1, flush slots scheduled 1, compaction slots scheduled 0
2018/11/27-05:22:30.822322 7f14ff91f0 [db/flush_job.cc:301] [usertable] [JOB 5] Flushing memtable with next log file: 15
2018/11/27-05:22:30.822345 7f14ff91f0 [db/flush_job.cc:301] [usertable] [JOB 5] Flushing memtable with next log file: 16
2018/11/27-05:22:30.822429 7f14ff91f0 EVENT_LOG_v1 {"time_micros": 1543296150822402, "job": 5, "event": "flush_started", "num_memtables": 2, "num_entries": 62481, "num_deletes": 0, "memory_usage": 258948312, "flush_reason": "Write Buffer Full"}
2018/11/27-05:22:30.822449 7f14ff91f0 [db/flush_job.cc:331] [usertable] [JOB 5] Level-0 flush table #17: started
2018/11/27-05:22:33.004145 7f14ff91f0 EVENT_LOG_v1 {"time_micros": 1543296153004045, "cf_name": "usertable", "job": 5, "event": "table_file_creation", "file_number": 17, "file_size": 258758816, "table_properties": {"data_size": 257609177, "index_size": 1148712, "filter_size": 0, "raw_key_size": 1499544, "raw_average_key_size": 24, "raw_value_size": 255922176, "raw_average_value_size": 4096, "num_data_blocks": 31241, "num_entries": 62481, "filter_policy_name": "", "kDeletedKeys": "0", "kMergeOperands": "0"}}
2018/11/27-05:22:33.004232 7f14ff91f0 [db/flush_job.cc:371] [usertable] [JOB 5] Level-0 flush table #17: 258758816 bytes OK
2018/11/27-05:22:33.060121 7f14ff91f0 (Original Log Time 2018/11/27-05:22:33.004279) [db/memtable_list.cc:377] [usertable] Level-0 commit table #17 started
2018/11/27-05:22:33.060141 7f14ff91f0 (Original Log Time 2018/11/27-05:22:33.059803) [db/memtable_list.cc:409] [usertable] Level-0 commit table #17: memtable #1 done
2018/11/27-05:22:33.060152 7f14ff91f0 (Original Log Time 2018/11/27-05:22:33.059816) [db/memtable_list.cc:409] [usertable] Level-0 commit table #17: memtable #2 done
2018/11/27-05:22:33.060162 7f14ff91f0 (Original Log Time 2018/11/27-05:22:33.059891) EVENT_LOG_v1 {"time_micros": 1543296153059860, "job": 5, "event": "flush_finished", "output_compression": "NoCompression", "lsm_state": [2, 1, 0, 0, 0, 0, 0], "immutable_memtables": 0}
2018/11/27-05:22:33.060173 7f14ff91f0 (Original Log Time 2018/11/27-05:22:33.060030) [db/db_impl_compaction_flush.cc:177] [usertable] Level summary: base level 1 max bytes base 536870912 files[2 1 0 0 0 0 0] max score 1.00
2018/11/27-05:22:33.060221 7f14ff91f0 [db/db_impl_files.cc:347] [JOB 5] Try to delete WAL files size 257982405, prev total WAL file size 306199931, number of live WAL files 3.
2018/11/27-05:22:33.120650 7f54c031f0 (Original Log Time 2018/11/27-05:22:33.060238) [db/db_impl_compaction_flush.cc:1835] [usertable] Moving #17 to level-1 258758816 bytes
2018/11/27-05:22:33.120669 7f54c031f0 (Original Log Time 2018/11/27-05:22:33.120527) EVENT_LOG_v1 {"time_micros": 1543296153120508, "job": 6, "event": "trivial_move", "destination_level": 1, "files": 1, "total_files_size": 258758816}
