2018/12/19-07:03:59.081465 7efd701b3700 RocksDB version: 5.14.3
2018/12/19-07:03:59.081511 7efd701b3700 Git sha rocksdb_build_git_sha:
2018/12/19-07:03:59.081514 7efd701b3700 Compile date Dec 16 2018
2018/12/19-07:03:59.081518 7efd701b3700 DB SUMMARY
2018/12/19-07:03:59.081539 7efd701b3700 SST files in /mnt/sdd/ycsb-rocksdb-data dir, Total Num: 0, files: 
2018/12/19-07:03:59.081541 7efd701b3700 Write Ahead Log file in /mnt/sdd/ycsb-rocksdb-data: 
2018/12/19-07:03:59.081544 7efd701b3700                         Options.error_if_exists: 0
2018/12/19-07:03:59.081545 7efd701b3700                       Options.create_if_missing: 1
2018/12/19-07:03:59.081546 7efd701b3700                         Options.paranoid_checks: 1
2018/12/19-07:03:59.081547 7efd701b3700                                     Options.env: 0x7efcc6b642c0
2018/12/19-07:03:59.081548 7efd701b3700                                Options.info_log: 0x7efcf83c6a70
2018/12/19-07:03:59.081549 7efd701b3700                Options.max_file_opening_threads: 16
2018/12/19-07:03:59.081550 7efd701b3700                              Options.statistics: (nil)
2018/12/19-07:03:59.081551 7efd701b3700                               Options.use_fsync: 0
2018/12/19-07:03:59.081552 7efd701b3700                       Options.max_log_file_size: 0
2018/12/19-07:03:59.081553 7efd701b3700                  Options.max_manifest_file_size: 18446744073709551615
2018/12/19-07:03:59.081554 7efd701b3700                   Options.log_file_time_to_roll: 0
2018/12/19-07:03:59.081555 7efd701b3700                       Options.keep_log_file_num: 1000
2018/12/19-07:03:59.081556 7efd701b3700                    Options.recycle_log_file_num: 0
2018/12/19-07:03:59.081557 7efd701b3700                         Options.allow_fallocate: 1
2018/12/19-07:03:59.081558 7efd701b3700                        Options.allow_mmap_reads: 0
2018/12/19-07:03:59.081559 7efd701b3700                       Options.allow_mmap_writes: 0
2018/12/19-07:03:59.081560 7efd701b3700                        Options.use_direct_reads: 0
2018/12/19-07:03:59.081560 7efd701b3700                        Options.use_direct_io_for_flush_and_compaction: 0
2018/12/19-07:03:59.081561 7efd701b3700          Options.create_missing_column_families: 1
2018/12/19-07:03:59.081562 7efd701b3700                              Options.db_log_dir: 
2018/12/19-07:03:59.081563 7efd701b3700                                 Options.wal_dir: /mnt/sdd/ycsb-rocksdb-data
2018/12/19-07:03:59.081564 7efd701b3700                Options.table_cache_numshardbits: 6
2018/12/19-07:03:59.081565 7efd701b3700                      Options.max_subcompactions: 4
2018/12/19-07:03:59.081566 7efd701b3700                  Options.max_background_flushes: 24
2018/12/19-07:03:59.081567 7efd701b3700                         Options.WAL_ttl_seconds: 0
2018/12/19-07:03:59.081568 7efd701b3700                       Options.WAL_size_limit_MB: 0
2018/12/19-07:03:59.081569 7efd701b3700             Options.manifest_preallocation_size: 4194304
2018/12/19-07:03:59.081570 7efd701b3700                     Options.is_fd_close_on_exec: 1
2018/12/19-07:03:59.081571 7efd701b3700                   Options.advise_random_on_open: 1
2018/12/19-07:03:59.081572 7efd701b3700                    Options.db_write_buffer_size: 0
2018/12/19-07:03:59.081573 7efd701b3700                    Options.write_buffer_manager: 0x7efcf83c3a90
2018/12/19-07:03:59.081573 7efd701b3700         Options.access_hint_on_compaction_start: 1
2018/12/19-07:03:59.081574 7efd701b3700  Options.new_table_reader_for_compaction_inputs: 0
2018/12/19-07:03:59.081575 7efd701b3700           Options.random_access_max_buffer_size: 1048576
2018/12/19-07:03:59.081576 7efd701b3700                      Options.use_adaptive_mutex: 0
2018/12/19-07:03:59.081577 7efd701b3700                            Options.rate_limiter: (nil)
2018/12/19-07:03:59.081579 7efd701b3700     Options.sst_file_manager.rate_bytes_per_sec: 0
2018/12/19-07:03:59.081580 7efd701b3700                       Options.wal_recovery_mode: 2
2018/12/19-07:03:59.081581 7efd701b3700                  Options.enable_thread_tracking: 0
2018/12/19-07:03:59.081582 7efd701b3700                  Options.enable_pipelined_write: 1
2018/12/19-07:03:59.081591 7efd701b3700         Options.allow_concurrent_memtable_write: 1
2018/12/19-07:03:59.081592 7efd701b3700      Options.enable_write_thread_adaptive_yield: 1
2018/12/19-07:03:59.081593 7efd701b3700             Options.write_thread_max_yield_usec: 100
2018/12/19-07:03:59.081594 7efd701b3700            Options.write_thread_slow_yield_usec: 3
2018/12/19-07:03:59.081595 7efd701b3700                               Options.row_cache: None
2018/12/19-07:03:59.081596 7efd701b3700                              Options.wal_filter: None
2018/12/19-07:03:59.081597 7efd701b3700             Options.avoid_flush_during_recovery: 0
2018/12/19-07:03:59.081598 7efd701b3700             Options.allow_ingest_behind: 0
2018/12/19-07:03:59.081599 7efd701b3700             Options.preserve_deletes: 0
2018/12/19-07:03:59.081600 7efd701b3700             Options.two_write_queues: 0
2018/12/19-07:03:59.081601 7efd701b3700             Options.manual_wal_flush: 0
2018/12/19-07:03:59.081603 7efd701b3700             Options.max_background_jobs: 24
2018/12/19-07:03:59.081604 7efd701b3700             Options.max_background_compactions: 24
2018/12/19-07:03:59.081605 7efd701b3700             Options.avoid_flush_during_shutdown: 0
2018/12/19-07:03:59.081606 7efd701b3700           Options.writable_file_max_buffer_size: 1048576
2018/12/19-07:03:59.081607 7efd701b3700             Options.delayed_write_rate : 16777216
2018/12/19-07:03:59.081608 7efd701b3700             Options.max_total_wal_size: 0
2018/12/19-07:03:59.081608 7efd701b3700             Options.delete_obsolete_files_period_micros: 21600000000
2018/12/19-07:03:59.081609 7efd701b3700                   Options.stats_dump_period_sec: 60
2018/12/19-07:03:59.081610 7efd701b3700                          Options.max_open_files: -1
2018/12/19-07:03:59.081611 7efd701b3700                          Options.bytes_per_sync: 1048576
2018/12/19-07:03:59.081612 7efd701b3700                      Options.wal_bytes_per_sync: 0
2018/12/19-07:03:59.081613 7efd701b3700       Options.compaction_readahead_size: 0
2018/12/19-07:03:59.081614 7efd701b3700 Compression algorithms supported:
2018/12/19-07:03:59.081615 7efd701b3700 	kZSTDNotFinalCompression supported: 1
2018/12/19-07:03:59.081623 7efd701b3700 	kZSTD supported: 1
2018/12/19-07:03:59.081625 7efd701b3700 	kXpressCompression supported: 0
2018/12/19-07:03:59.081626 7efd701b3700 	kLZ4HCCompression supported: 1
2018/12/19-07:03:59.081627 7efd701b3700 	kLZ4Compression supported: 1
2018/12/19-07:03:59.081628 7efd701b3700 	kBZip2Compression supported: 1
2018/12/19-07:03:59.081629 7efd701b3700 	kZlibCompression supported: 1
2018/12/19-07:03:59.081630 7efd701b3700 	kSnappyCompression supported: 1
2018/12/19-07:03:59.081634 7efd701b3700 Fast CRC32 supported: Supported on x86
2018/12/19-07:03:59.081699 7efd701b3700 [db/db_impl_open.cc:222] Creating manifest 1 
2018/12/19-07:03:59.186885 7efd701b3700 [db/version_set.cc:3085] Recovering from manifest file: MANIFEST-000001
2018/12/19-07:03:59.186994 7efd701b3700 [db/column_family.cc:475] --------------- Options for column family [default]:
2018/12/19-07:03:59.186998 7efd701b3700               Options.comparator: leveldb.BytewiseComparator
2018/12/19-07:03:59.187000 7efd701b3700           Options.merge_operator: None
2018/12/19-07:03:59.187001 7efd701b3700        Options.compaction_filter: None
2018/12/19-07:03:59.187002 7efd701b3700        Options.compaction_filter_factory: None
2018/12/19-07:03:59.187003 7efd701b3700         Options.memtable_factory: SkipListFactory
2018/12/19-07:03:59.187004 7efd701b3700            Options.table_factory: BlockBasedTable
2018/12/19-07:03:59.187031 7efd701b3700            table_factory options:   flush_block_policy_factory: FlushBlockBySizePolicyFactory (0x7efcf83786f0)
  cache_index_and_filter_blocks: 0
  cache_index_and_filter_blocks_with_high_priority: 0
  pin_l0_filter_and_index_blocks_in_cache: 0
  index_type: 0
  hash_index_allow_collision: 1
  checksum: 1
  no_block_cache: 0
  block_cache: 0x7efcf8384150
  block_cache_name: LRUCache
  block_cache_options:
    capacity : 8388608
    num_shard_bits : 4
    strict_capacity_limit : 0
    high_pri_pool_ratio: 0.000
  block_cache_compressed: (nil)
  persistent_cache: (nil)
  block_size: 8192
  block_size_deviation: 10
  block_restart_interval: 16
  index_block_restart_interval: 1
  metadata_block_size: 4096
  partition_filters: 0
  use_delta_encoding: 1
  filter_policy: nullptr
  whole_key_filtering: 1
  verify_compression: 0
  read_amp_bytes_per_bit: 0
  format_version: 2
  enable_index_compression: 1
  block_align: 0
2018/12/19-07:03:59.187047 7efd701b3700        Options.write_buffer_size: 134217728
2018/12/19-07:03:59.187049 7efd701b3700  Options.max_write_buffer_number: 24
2018/12/19-07:03:59.187050 7efd701b3700        Options.compression[0]: NoCompression
2018/12/19-07:03:59.187051 7efd701b3700        Options.compression[1]: NoCompression
2018/12/19-07:03:59.187052 7efd701b3700        Options.compression[2]: LZ4
2018/12/19-07:03:59.187053 7efd701b3700        Options.compression[3]: LZ4
2018/12/19-07:03:59.187054 7efd701b3700        Options.compression[4]: LZ4
2018/12/19-07:03:59.187055 7efd701b3700        Options.compression[5]: LZ4
2018/12/19-07:03:59.187056 7efd701b3700        Options.compression[6]: LZ4
2018/12/19-07:03:59.187057 7efd701b3700                  Options.bottommost_compression: Disabled
2018/12/19-07:03:59.187058 7efd701b3700       Options.prefix_extractor: nullptr
2018/12/19-07:03:59.187059 7efd701b3700   Options.memtable_insert_with_hint_prefix_extractor: nullptr
2018/12/19-07:03:59.187060 7efd701b3700             Options.num_levels: 7
2018/12/19-07:03:59.187061 7efd701b3700        Options.min_write_buffer_number_to_merge: 2
2018/12/19-07:03:59.187062 7efd701b3700     Options.max_write_buffer_number_to_maintain: 0
2018/12/19-07:03:59.187063 7efd701b3700            Options.compression_opts.window_bits: -14
2018/12/19-07:03:59.187064 7efd701b3700                  Options.compression_opts.level: -1
2018/12/19-07:03:59.187065 7efd701b3700               Options.compression_opts.strategy: 0
2018/12/19-07:03:59.187066 7efd701b3700         Options.compression_opts.max_dict_bytes: 0
2018/12/19-07:03:59.187066 7efd701b3700         Options.compression_opts.zstd_max_train_bytes: 0
2018/12/19-07:03:59.187067 7efd701b3700      Options.level0_file_num_compaction_trigger: 2
2018/12/19-07:03:59.187068 7efd701b3700          Options.level0_slowdown_writes_trigger: 20
2018/12/19-07:03:59.187069 7efd701b3700              Options.level0_stop_writes_trigger: 36
2018/12/19-07:03:59.187070 7efd701b3700                   Options.target_file_size_base: 67108864
2018/12/19-07:03:59.187071 7efd701b3700             Options.target_file_size_multiplier: 1
2018/12/19-07:03:59.187072 7efd701b3700                Options.max_bytes_for_level_base: 536870912
2018/12/19-07:03:59.187073 7efd701b3700 Options.level_compaction_dynamic_level_bytes: 0
2018/12/19-07:03:59.187074 7efd701b3700          Options.max_bytes_for_level_multiplier: 10.000000
2018/12/19-07:03:59.187076 7efd701b3700 Options.max_bytes_for_level_multiplier_addtl[0]: 1
2018/12/19-07:03:59.187077 7efd701b3700 Options.max_bytes_for_level_multiplier_addtl[1]: 1
2018/12/19-07:03:59.187078 7efd701b3700 Options.max_bytes_for_level_multiplier_addtl[2]: 1
2018/12/19-07:03:59.187079 7efd701b3700 Options.max_bytes_for_level_multiplier_addtl[3]: 1
2018/12/19-07:03:59.187080 7efd701b3700 Options.max_bytes_for_level_multiplier_addtl[4]: 1
2018/12/19-07:03:59.187081 7efd701b3700 Options.max_bytes_for_level_multiplier_addtl[5]: 1
2018/12/19-07:03:59.187081 7efd701b3700 Options.max_bytes_for_level_multiplier_addtl[6]: 1
2018/12/19-07:03:59.187082 7efd701b3700       Options.max_sequential_skip_in_iterations: 8
2018/12/19-07:03:59.187083 7efd701b3700                    Options.max_compaction_bytes: 1677721600
2018/12/19-07:03:59.187084 7efd701b3700                        Options.arena_block_size: 16777216
2018/12/19-07:03:59.187085 7efd701b3700   Options.soft_pending_compaction_bytes_limit: 68719476736
2018/12/19-07:03:59.187086 7efd701b3700   Options.hard_pending_compaction_bytes_limit: 274877906944
2018/12/19-07:03:59.187093 7efd701b3700       Options.rate_limit_delay_max_milliseconds: 100
2018/12/19-07:03:59.187094 7efd701b3700                Options.disable_auto_compactions: 0
2018/12/19-07:03:59.187096 7efd701b3700                        Options.compaction_style: kCompactionStyleLevel
2018/12/19-07:03:59.187098 7efd701b3700                          Options.compaction_pri: kByCompensatedSize
2018/12/19-07:03:59.187099 7efd701b3700 Options.compaction_options_universal.size_ratio: 1
2018/12/19-07:03:59.187100 7efd701b3700 Options.compaction_options_universal.min_merge_width: 2
2018/12/19-07:03:59.187101 7efd701b3700 Options.compaction_options_universal.max_merge_width: 4294967295
2018/12/19-07:03:59.187102 7efd701b3700 Options.compaction_options_universal.max_size_amplification_percent: 200
2018/12/19-07:03:59.187103 7efd701b3700 Options.compaction_options_universal.compression_size_percent: -1
2018/12/19-07:03:59.187104 7efd701b3700 Options.compaction_options_universal.stop_style: kCompactionStopStyleTotalSize
2018/12/19-07:03:59.187105 7efd701b3700 Options.compaction_options_fifo.max_table_files_size: 1073741824
2018/12/19-07:03:59.187106 7efd701b3700 Options.compaction_options_fifo.allow_compaction: 0
2018/12/19-07:03:59.187107 7efd701b3700 Options.compaction_options_fifo.ttl: 0
2018/12/19-07:03:59.187108 7efd701b3700                   Options.table_properties_collectors: 
2018/12/19-07:03:59.187109 7efd701b3700                   Options.inplace_update_support: 0
2018/12/19-07:03:59.187110 7efd701b3700                 Options.inplace_update_num_locks: 10000
2018/12/19-07:03:59.187111 7efd701b3700               Options.memtable_prefix_bloom_size_ratio: 0.000000
2018/12/19-07:03:59.187112 7efd701b3700   Options.memtable_huge_page_size: 0
2018/12/19-07:03:59.187113 7efd701b3700                           Options.bloom_locality: 0
2018/12/19-07:03:59.187114 7efd701b3700                    Options.max_successive_merges: 0
2018/12/19-07:03:59.187115 7efd701b3700                Options.optimize_filters_for_hits: 0
2018/12/19-07:03:59.187116 7efd701b3700                Options.paranoid_file_checks: 0
2018/12/19-07:03:59.187117 7efd701b3700                Options.force_consistency_checks: 0
2018/12/19-07:03:59.187118 7efd701b3700                Options.report_bg_io_stats: 0
2018/12/19-07:03:59.187119 7efd701b3700                               Options.ttl: 0
2018/12/19-07:03:59.187766 7efd701b3700 [db/version_set.cc:3361] Recovered from manifest file:/mnt/sdd/ycsb-rocksdb-data/MANIFEST-000001 succeeded,manifest_file_number is 1, next_file_number is 3, last_sequence is 0, log_number is 0,prev_log_number is 0,max_column_family is 0,min_log_number_to_keep is 0
2018/12/19-07:03:59.187775 7efd701b3700 [db/version_set.cc:3369] Column family [default] (ID 0), log number is 0
2018/12/19-07:03:59.187984 7efd701b3700 [db/version_set.cc:2847] Creating manifest 4
2018/12/19-07:03:59.263500 7efd701b3700 [db/column_family.cc:475] --------------- Options for column family [usertable]:
2018/12/19-07:03:59.263507 7efd701b3700               Options.comparator: leveldb.BytewiseComparator
2018/12/19-07:03:59.263509 7efd701b3700           Options.merge_operator: None
2018/12/19-07:03:59.263510 7efd701b3700        Options.compaction_filter: None
2018/12/19-07:03:59.263511 7efd701b3700        Options.compaction_filter_factory: None
2018/12/19-07:03:59.263512 7efd701b3700         Options.memtable_factory: SkipListFactory
2018/12/19-07:03:59.263513 7efd701b3700            Options.table_factory: BlockBasedTable
2018/12/19-07:03:59.263539 7efd701b3700            table_factory options:   flush_block_policy_factory: FlushBlockBySizePolicyFactory (0x7efcf83787d0)
  cache_index_and_filter_blocks: 0
  cache_index_and_filter_blocks_with_high_priority: 0
  pin_l0_filter_and_index_blocks_in_cache: 0
  index_type: 0
  hash_index_allow_collision: 1
  checksum: 1
  no_block_cache: 0
  block_cache: 0x7efcf8379270
  block_cache_name: LRUCache
  block_cache_options:
    capacity : 8388608
    num_shard_bits : 4
    strict_capacity_limit : 0
    high_pri_pool_ratio: 0.000
  block_cache_compressed: (nil)
  persistent_cache: (nil)
  block_size: 8192
  block_size_deviation: 10
  block_restart_interval: 16
  index_block_restart_interval: 1
  metadata_block_size: 4096
  partition_filters: 0
  use_delta_encoding: 1
  filter_policy: nullptr
  whole_key_filtering: 1
  verify_compression: 0
  read_amp_bytes_per_bit: 0
  format_version: 2
  enable_index_compression: 1
  block_align: 0
2018/12/19-07:03:59.263542 7efd701b3700        Options.write_buffer_size: 134217728
2018/12/19-07:03:59.263543 7efd701b3700  Options.max_write_buffer_number: 24
2018/12/19-07:03:59.263544 7efd701b3700        Options.compression[0]: NoCompression
2018/12/19-07:03:59.263546 7efd701b3700        Options.compression[1]: NoCompression
2018/12/19-07:03:59.263547 7efd701b3700        Options.compression[2]: LZ4
2018/12/19-07:03:59.263548 7efd701b3700        Options.compression[3]: LZ4
2018/12/19-07:03:59.263548 7efd701b3700        Options.compression[4]: LZ4
2018/12/19-07:03:59.263549 7efd701b3700        Options.compression[5]: LZ4
2018/12/19-07:03:59.263550 7efd701b3700        Options.compression[6]: LZ4
2018/12/19-07:03:59.263551 7efd701b3700                  Options.bottommost_compression: Disabled
2018/12/19-07:03:59.263552 7efd701b3700       Options.prefix_extractor: nullptr
2018/12/19-07:03:59.263553 7efd701b3700   Options.memtable_insert_with_hint_prefix_extractor: nullptr
2018/12/19-07:03:59.263554 7efd701b3700             Options.num_levels: 7
2018/12/19-07:03:59.263555 7efd701b3700        Options.min_write_buffer_number_to_merge: 2
2018/12/19-07:03:59.263556 7efd701b3700     Options.max_write_buffer_number_to_maintain: 0
2018/12/19-07:03:59.263557 7efd701b3700            Options.compression_opts.window_bits: -14
2018/12/19-07:03:59.263558 7efd701b3700                  Options.compression_opts.level: -1
2018/12/19-07:03:59.263559 7efd701b3700               Options.compression_opts.strategy: 0
2018/12/19-07:03:59.263560 7efd701b3700         Options.compression_opts.max_dict_bytes: 0
2018/12/19-07:03:59.263561 7efd701b3700         Options.compression_opts.zstd_max_train_bytes: 0
2018/12/19-07:03:59.263562 7efd701b3700      Options.level0_file_num_compaction_trigger: 2
2018/12/19-07:03:59.263563 7efd701b3700          Options.level0_slowdown_writes_trigger: 20
2018/12/19-07:03:59.263564 7efd701b3700              Options.level0_stop_writes_trigger: 36
2018/12/19-07:03:59.263564 7efd701b3700                   Options.target_file_size_base: 67108864
2018/12/19-07:03:59.263565 7efd701b3700             Options.target_file_size_multiplier: 1
2018/12/19-07:03:59.263566 7efd701b3700                Options.max_bytes_for_level_base: 536870912
2018/12/19-07:03:59.263567 7efd701b3700 Options.level_compaction_dynamic_level_bytes: 0
2018/12/19-07:03:59.263568 7efd701b3700          Options.max_bytes_for_level_multiplier: 10.000000
2018/12/19-07:03:59.263570 7efd701b3700 Options.max_bytes_for_level_multiplier_addtl[0]: 1
2018/12/19-07:03:59.263581 7efd701b3700 Options.max_bytes_for_level_multiplier_addtl[1]: 1
2018/12/19-07:03:59.263583 7efd701b3700 Options.max_bytes_for_level_multiplier_addtl[2]: 1
2018/12/19-07:03:59.263584 7efd701b3700 Options.max_bytes_for_level_multiplier_addtl[3]: 1
2018/12/19-07:03:59.263585 7efd701b3700 Options.max_bytes_for_level_multiplier_addtl[4]: 1
2018/12/19-07:03:59.263586 7efd701b3700 Options.max_bytes_for_level_multiplier_addtl[5]: 1
2018/12/19-07:03:59.263587 7efd701b3700 Options.max_bytes_for_level_multiplier_addtl[6]: 1
2018/12/19-07:03:59.263587 7efd701b3700       Options.max_sequential_skip_in_iterations: 8
2018/12/19-07:03:59.263588 7efd701b3700                    Options.max_compaction_bytes: 1677721600
2018/12/19-07:03:59.263589 7efd701b3700                        Options.arena_block_size: 16777216
2018/12/19-07:03:59.263590 7efd701b3700   Options.soft_pending_compaction_bytes_limit: 68719476736
2018/12/19-07:03:59.263591 7efd701b3700   Options.hard_pending_compaction_bytes_limit: 274877906944
2018/12/19-07:03:59.263592 7efd701b3700       Options.rate_limit_delay_max_milliseconds: 100
2018/12/19-07:03:59.263593 7efd701b3700                Options.disable_auto_compactions: 0
2018/12/19-07:03:59.263596 7efd701b3700                        Options.compaction_style: kCompactionStyleLevel
2018/12/19-07:03:59.263597 7efd701b3700                          Options.compaction_pri: kByCompensatedSize
2018/12/19-07:03:59.263598 7efd701b3700 Options.compaction_options_universal.size_ratio: 1
2018/12/19-07:03:59.263599 7efd701b3700 Options.compaction_options_universal.min_merge_width: 2
2018/12/19-07:03:59.263600 7efd701b3700 Options.compaction_options_universal.max_merge_width: 4294967295
2018/12/19-07:03:59.263601 7efd701b3700 Options.compaction_options_universal.max_size_amplification_percent: 200
2018/12/19-07:03:59.263602 7efd701b3700 Options.compaction_options_universal.compression_size_percent: -1
2018/12/19-07:03:59.263604 7efd701b3700 Options.compaction_options_universal.stop_style: kCompactionStopStyleTotalSize
2018/12/19-07:03:59.263605 7efd701b3700 Options.compaction_options_fifo.max_table_files_size: 1073741824
2018/12/19-07:03:59.263606 7efd701b3700 Options.compaction_options_fifo.allow_compaction: 0
2018/12/19-07:03:59.263607 7efd701b3700 Options.compaction_options_fifo.ttl: 0
2018/12/19-07:03:59.263608 7efd701b3700                   Options.table_properties_collectors: 
2018/12/19-07:03:59.263609 7efd701b3700                   Options.inplace_update_support: 0
2018/12/19-07:03:59.263610 7efd701b3700                 Options.inplace_update_num_locks: 10000
2018/12/19-07:03:59.263611 7efd701b3700               Options.memtable_prefix_bloom_size_ratio: 0.000000
2018/12/19-07:03:59.263612 7efd701b3700   Options.memtable_huge_page_size: 0
2018/12/19-07:03:59.263614 7efd701b3700                           Options.bloom_locality: 0
2018/12/19-07:03:59.263614 7efd701b3700                    Options.max_successive_merges: 0
2018/12/19-07:03:59.263615 7efd701b3700                Options.optimize_filters_for_hits: 0
2018/12/19-07:03:59.263616 7efd701b3700                Options.paranoid_file_checks: 0
2018/12/19-07:03:59.263617 7efd701b3700                Options.force_consistency_checks: 0
2018/12/19-07:03:59.263618 7efd701b3700                Options.report_bg_io_stats: 0
2018/12/19-07:03:59.263619 7efd701b3700                               Options.ttl: 0
2018/12/19-07:03:59.263692 7efd701b3700 [db/db_impl.cc:1396] Created column family [usertable] (ID 1)
2018/12/19-07:03:59.344706 7efd701b3700 [db/db_impl_open.cc:1219] DB pointer 0x7efcf83c71c0
2018/12/19-07:04:08.204040 7efcc7ae9700 [db/db_impl_write.cc:1373] [usertable] New memtable created with log file: #9. Immutable memtables: 0.
2018/12/19-07:04:17.169254 7efcc76e5700 [db/db_impl_write.cc:1373] [usertable] New memtable created with log file: #10. Immutable memtables: 1.
2018/12/19-07:04:17.169410 7efc257fa700 [db/db_impl_compaction_flush.cc:80] [JOB 2] Syncing log #3
2018/12/19-07:04:17.184379 7efc257fa700 [db/db_impl_compaction_flush.cc:80] [JOB 2] Syncing log #9
2018/12/19-07:04:17.728882 7efc257fa700 (Original Log Time 2018/12/19-07:04:17.169364) [db/db_impl_compaction_flush.cc:1424] Calling FlushMemTableToOutputFile with column family [usertable], flush slots available 24, compaction slots available 1, flush slots scheduled 1, compaction slots scheduled 0
2018/12/19-07:04:17.728900 7efc257fa700 [db/flush_job.cc:301] [usertable] [JOB 2] Flushing memtable with next log file: 9
2018/12/19-07:04:17.728912 7efc257fa700 [db/flush_job.cc:301] [usertable] [JOB 2] Flushing memtable with next log file: 10
2018/12/19-07:04:17.728966 7efc257fa700 EVENT_LOG_v1 {"time_micros": 1545231857728951, "job": 2, "event": "flush_started", "num_memtables": 2, "num_entries": 62377, "num_deletes": 0, "memory_usage": 258560216, "flush_reason": "Write Buffer Full"}
2018/12/19-07:04:17.728976 7efc257fa700 [db/flush_job.cc:331] [usertable] [JOB 2] Level-0 flush table #11: started
2018/12/19-07:04:18.689245 7efc257fa700 EVENT_LOG_v1 {"time_micros": 1545231858689213, "cf_name": "usertable", "job": 2, "event": "table_file_creation", "file_number": 11, "file_size": 258328113, "table_properties": {"data_size": 257180385, "index_size": 1146801, "filter_size": 0, "raw_key_size": 1497048, "raw_average_key_size": 24, "raw_value_size": 255496192, "raw_average_value_size": 4096, "num_data_blocks": 31189, "num_entries": 62377, "filter_policy_name": "", "kDeletedKeys": "0", "kMergeOperands": "0"}}
2018/12/19-07:04:18.689274 7efc257fa700 [db/flush_job.cc:371] [usertable] [JOB 2] Level-0 flush table #11: 258328113 bytes OK
2018/12/19-07:04:18.719295 7efc257fa700 (Original Log Time 2018/12/19-07:04:18.689290) [db/memtable_list.cc:377] [usertable] Level-0 commit table #11 started
2018/12/19-07:04:18.719302 7efc257fa700 (Original Log Time 2018/12/19-07:04:18.719156) [db/memtable_list.cc:409] [usertable] Level-0 commit table #11: memtable #1 done
2018/12/19-07:04:18.719305 7efc257fa700 (Original Log Time 2018/12/19-07:04:18.719176) [db/memtable_list.cc:409] [usertable] Level-0 commit table #11: memtable #2 done
2018/12/19-07:04:18.719308 7efc257fa700 (Original Log Time 2018/12/19-07:04:18.719220) EVENT_LOG_v1 {"time_micros": 1545231858719206, "job": 2, "event": "flush_finished", "output_compression": "NoCompression", "lsm_state": [1, 0, 0, 0, 0, 0, 0], "immutable_memtables": 0}
2018/12/19-07:04:18.719311 7efc257fa700 (Original Log Time 2018/12/19-07:04:18.719258) [db/db_impl_compaction_flush.cc:177] [usertable] Level summary: base level 1 max bytes base 536870912 files[1 0 0 0 0 0 0] max score 0.50
2018/12/19-07:04:18.719329 7efc257fa700 [db/db_impl_files.cc:347] [JOB 2] Try to delete WAL files size 257539621, prev total WAL file size 279946912, number of live WAL files 3.
2018/12/19-07:04:25.541249 7efd4c2d3700 [db/db_impl_write.cc:1373] [usertable] New memtable created with log file: #12. Immutable memtables: 0.
2018/12/19-07:04:33.346195 7efd4c4d5700 [db/db_impl_write.cc:1373] [usertable] New memtable created with log file: #13. Immutable memtables: 1.
2018/12/19-07:04:33.346287 7efbbf7fe700 [db/db_impl_compaction_flush.cc:80] [JOB 3] Syncing log #10
2018/12/19-07:04:34.568058 7efbbf7fe700 [db/db_impl_compaction_flush.cc:80] [JOB 3] Syncing log #12
2018/12/19-07:04:35.621410 7efbbf7fe700 (Original Log Time 2018/12/19-07:04:33.346265) [db/db_impl_compaction_flush.cc:1424] Calling FlushMemTableToOutputFile with column family [usertable], flush slots available 24, compaction slots available 1, flush slots scheduled 1, compaction slots scheduled 0
2018/12/19-07:04:35.621428 7efbbf7fe700 [db/flush_job.cc:301] [usertable] [JOB 3] Flushing memtable with next log file: 12
2018/12/19-07:04:35.621436 7efbbf7fe700 [db/flush_job.cc:301] [usertable] [JOB 3] Flushing memtable with next log file: 13
2018/12/19-07:04:35.621469 7efbbf7fe700 EVENT_LOG_v1 {"time_micros": 1545231875621458, "job": 3, "event": "flush_started", "num_memtables": 2, "num_entries": 56621, "num_deletes": 0, "memory_usage": 249804648, "flush_reason": "Write Buffer Full"}
2018/12/19-07:04:35.621477 7efbbf7fe700 [db/flush_job.cc:331] [usertable] [JOB 3] Level-0 flush table #14: started
2018/12/19-07:04:36.555804 7efbbf7fe700 EVENT_LOG_v1 {"time_micros": 1545231876555770, "cf_name": "usertable", "job": 3, "event": "table_file_creation", "file_number": 14, "file_size": 234502857, "table_properties": {"data_size": 233454687, "index_size": 1047243, "filter_size": 0, "raw_key_size": 1358904, "raw_average_key_size": 24, "raw_value_size": 231919616, "raw_average_value_size": 4096, "num_data_blocks": 28311, "num_entries": 56621, "filter_policy_name": "", "kDeletedKeys": "0", "kMergeOperands": "0"}}
2018/12/19-07:04:36.555826 7efbbf7fe700 [db/flush_job.cc:371] [usertable] [JOB 3] Level-0 flush table #14: 234502857 bytes OK
2018/12/19-07:04:36.585574 7efbbf7fe700 (Original Log Time 2018/12/19-07:04:36.555843) [db/memtable_list.cc:377] [usertable] Level-0 commit table #14 started
2018/12/19-07:04:36.585578 7efbbf7fe700 (Original Log Time 2018/12/19-07:04:36.585481) [db/memtable_list.cc:409] [usertable] Level-0 commit table #14: memtable #1 done
2018/12/19-07:04:36.585580 7efbbf7fe700 (Original Log Time 2018/12/19-07:04:36.585486) [db/memtable_list.cc:409] [usertable] Level-0 commit table #14: memtable #2 done
2018/12/19-07:04:36.585582 7efbbf7fe700 (Original Log Time 2018/12/19-07:04:36.585512) EVENT_LOG_v1 {"time_micros": 1545231876585503, "job": 3, "event": "flush_finished", "output_compression": "NoCompression", "lsm_state": [2, 0, 0, 0, 0, 0, 0], "immutable_memtables": 0}
2018/12/19-07:04:36.585583 7efbbf7fe700 (Original Log Time 2018/12/19-07:04:36.585550) [db/db_impl_compaction_flush.cc:177] [usertable] Level summary: base level 1 max bytes base 536870912 files[2 0 0 0 0 0 0] max score 1.00
2018/12/19-07:04:36.585594 7efbbf7fe700 [db/db_impl_files.cc:347] [JOB 3] Try to delete WAL files size 233776649, prev total WAL file size 280590063, number of live WAL files 3.
2018/12/19-07:04:36.585791 7efc25ffb700 [WARN] [db/db_impl.cc:491] ------- DUMPING STATS -------
2018/12/19-07:04:36.587436 7efc25ffb700 [WARN] [db/db_impl.cc:492] 
** DB Stats **
Uptime(secs): 37.4 total, 37.4 interval
Cumulative writes: 130K writes, 130K keys, 128K commit groups, 1.0 writes per commit group, ingest: 0.50 GB, 13.72 MB/s
Cumulative WAL: 130K writes, 0 syncs, 130336.00 writes per sync, written: 0.50 GB, 13.72 MB/s
Cumulative stall: 00:00:0.000 H:M:S, 0.0 percent
Interval writes: 130K writes, 130K keys, 128K commit groups, 1.0 writes per commit group, ingest: 513.20 MB, 13.72 MB/s
Interval WAL: 130K writes, 0 syncs, 130336.00 writes per sync, written: 0.50 MB, 13.72 MB/s
Interval stall: 00:00:0.000 H:M:S, 0.0 percent

** Compaction Stats [default] **
Level    Files   Size     Score Read(GB)  Rn(GB) Rnp1(GB) Write(GB) Wnew(GB) Moved(GB) W-Amp Rd(MB/s) Wr(MB/s) Comp(sec) Comp(cnt) Avg(sec) KeyIn KeyDrop
----------------------------------------------------------------------------------------------------------------------------------------------------------
 Sum      0/0    0.00 KB   0.0      0.0     0.0      0.0       0.0      0.0       0.0   0.0      0.0      0.0         0         0    0.000       0      0
 Int      0/0    0.00 KB   0.0      0.0     0.0      0.0       0.0      0.0       0.0   0.0      0.0      0.0         0         0    0.000       0      0
Uptime(secs): 37.4 total, 37.4 interval
Flush(GB): cumulative 0.000, interval 0.000
AddFile(GB): cumulative 0.000, interval 0.000
AddFile(Total Files): cumulative 0, interval 0
AddFile(L0 Files): cumulative 0, interval 0
AddFile(Keys): cumulative 0, interval 0
Cumulative compaction: 0.00 GB write, 0.00 MB/s write, 0.00 GB read, 0.00 MB/s read, 0.0 seconds
Interval compaction: 0.00 GB write, 0.00 MB/s write, 0.00 GB read, 0.00 MB/s read, 0.0 seconds
Stalls(count): 0 level0_slowdown, 0 level0_slowdown_with_compaction, 0 level0_numfiles, 0 level0_numfiles_with_compaction, 0 stop for pending_compaction_bytes, 0 slowdown for pending_compaction_bytes, 0 memtable_compaction, 0 memtable_slowdown, interval 0 total count

** File Read Latency Histogram By Level [default] **

** Compaction Stats [usertable] **
Level    Files   Size     Score Read(GB)  Rn(GB) Rnp1(GB) Write(GB) Wnew(GB) Moved(GB) W-Amp Rd(MB/s) Wr(MB/s) Comp(sec) Comp(cnt) Avg(sec) KeyIn KeyDrop
----------------------------------------------------------------------------------------------------------------------------------------------------------
  L0      2/0   470.00 MB   1.0      0.0     0.0      0.0       0.5      0.5       0.0   1.0      0.0    248.0         2         2    0.947       0      0
 Sum      2/0   470.00 MB   0.0      0.0     0.0      0.0       0.5      0.5       0.0   1.0      0.0    248.0         2         2    0.947       0      0
 Int      0/0    0.00 KB   0.0      0.0     0.0      0.0       0.5      0.5       0.0   1.0      0.0    248.0         2         2    0.947       0      0
Uptime(secs): 37.3 total, 37.3 interval
Flush(GB): cumulative 0.459, interval 0.459
AddFile(GB): cumulative 0.000, interval 0.000
AddFile(Total Files): cumulative 0, interval 0
AddFile(L0 Files): cumulative 0, interval 0
AddFile(Keys): cumulative 0, interval 0
Cumulative compaction: 0.46 GB write, 12.59 MB/s write, 0.00 GB read, 0.00 MB/s read, 1.9 seconds
Interval compaction: 0.46 GB write, 12.59 MB/s write, 0.00 GB read, 0.00 MB/s read, 1.9 seconds
Stalls(count): 0 level0_slowdown, 0 level0_slowdown_with_compaction, 0 level0_numfiles, 0 level0_numfiles_with_compaction, 0 stop for pending_compaction_bytes, 0 slowdown for pending_compaction_bytes, 0 memtable_compaction, 0 memtable_slowdown, interval 0 total count

** File Read Latency Histogram By Level [usertable] **

** Compaction Stats [default] **
Level    Files   Size     Score Read(GB)  Rn(GB) Rnp1(GB) Write(GB) Wnew(GB) Moved(GB) W-Amp Rd(MB/s) Wr(MB/s) Comp(sec) Comp(cnt) Avg(sec) KeyIn KeyDrop
----------------------------------------------------------------------------------------------------------------------------------------------------------
 Sum      0/0    0.00 KB   0.0      0.0     0.0      0.0       0.0      0.0       0.0   0.0      0.0      0.0         0         0    0.000       0      0
 Int      0/0    0.00 KB   0.0      0.0     0.0      0.0       0.0      0.0       0.0   0.0      0.0      0.0         0         0    0.000       0      0
Uptime(secs): 37.4 total, 0.0 interval
Flush(GB): cumulative 0.000, interval 0.000
AddFile(GB): cumulative 0.000, interval 0.000
AddFile(Total Files): cumulative 0, interval 0
AddFile(L0 Files): cumulative 0, interval 0
AddFile(Keys): cumulative 0, interval 0
Cumulative compaction: 0.00 GB write, 0.00 MB/s write, 0.00 GB read, 0.00 MB/s read, 0.0 seconds
Interval compaction: 0.00 GB write, 0.00 MB/s write, 0.00 GB read, 0.00 MB/s read, 0.0 seconds
Stalls(count): 0 level0_slowdown, 0 level0_slowdown_with_compaction, 0 level0_numfiles, 0 level0_numfiles_with_compaction, 0 stop for pending_compaction_bytes, 0 slowdown for pending_compaction_bytes, 0 memtable_compaction, 0 memtable_slowdown, interval 0 total count

** File Read Latency Histogram By Level [default] **

** Compaction Stats [usertable] **
Level    Files   Size     Score Read(GB)  Rn(GB) Rnp1(GB) Write(GB) Wnew(GB) Moved(GB) W-Amp Rd(MB/s) Wr(MB/s) Comp(sec) Comp(cnt) Avg(sec) KeyIn KeyDrop
----------------------------------------------------------------------------------------------------------------------------------------------------------
  L0      2/0   470.00 MB   1.0      0.0     0.0      0.0       0.5      0.5       0.0   1.0      0.0    248.0         2         2    0.947       0      0
 Sum      2/0   470.00 MB   0.0      0.0     0.0      0.0       0.5      0.5       0.0   1.0      0.0    248.0         2         2    0.947       0      0
 Int      0/0    0.00 KB   0.0      0.0     0.0      0.0       0.0      0.0       0.0   0.0      0.0      0.0         0         0    0.000       0      0
Uptime(secs): 37.3 total, 0.0 interval
Flush(GB): cumulative 0.459, interval 0.000
AddFile(GB): cumulative 0.000, interval 0.000
AddFile(Total Files): cumulative 0, interval 0
AddFile(L0 Files): cumulative 0, interval 0
AddFile(Keys): cumulative 0, interval 0
Cumulative compaction: 0.46 GB write, 12.59 MB/s write, 0.00 GB read, 0.00 MB/s read, 1.9 seconds
Interval compaction: 0.00 GB write, 0.00 MB/s write, 0.00 GB read, 0.00 MB/s read, 0.0 seconds
Stalls(count): 0 level0_slowdown, 0 level0_slowdown_with_compaction, 0 level0_numfiles, 0 level0_numfiles_with_compaction, 0 stop for pending_compaction_bytes, 0 slowdown for pending_compaction_bytes, 0 memtable_compaction, 0 memtable_slowdown, interval 0 total count

** File Read Latency Histogram By Level [usertable] **
2018/12/19-07:04:36.621079 7efc25ffb700 (Original Log Time 2018/12/19-07:04:36.591315) [db/db_impl_compaction_flush.cc:1835] [usertable] Moving #11 to level-1 258328113 bytes
2018/12/19-07:04:36.621082 7efc25ffb700 (Original Log Time 2018/12/19-07:04:36.621047) EVENT_LOG_v1 {"time_micros": 1545231876621040, "job": 4, "event": "trivial_move", "destination_level": 1, "files": 1, "total_files_size": 258328113}
2018/12/19-07:04:36.621084 7efc25ffb700 (Original Log Time 2018/12/19-07:04:36.621056) [db/db_impl_compaction_flush.cc:1864] [usertable] Moved #1 files to level-1 258328113 bytes OK: base level 1 max bytes base 536870912 files[1 1 0 0 0 0 0] max score 0.50
2018/12/19-07:04:42.313204 7efd4c5d6700 [db/db_impl_write.cc:1373] [usertable] New memtable created with log file: #15. Immutable memtables: 0.
2018/12/19-07:04:51.278283 7efcfcaf9700 [db/db_impl_write.cc:1373] [usertable] New memtable created with log file: #16. Immutable memtables: 1.
2018/12/19-07:04:51.278419 7efc24ff9700 [db/db_impl_compaction_flush.cc:80] [JOB 5] Syncing log #13
2018/12/19-07:04:52.586293 7efc24ff9700 [db/db_impl_compaction_flush.cc:80] [JOB 5] Syncing log #15
2018/12/19-07:04:53.743955 7efc24ff9700 (Original Log Time 2018/12/19-07:04:51.278396) [db/db_impl_compaction_flush.cc:1424] Calling FlushMemTableToOutputFile with column family [usertable], flush slots available 24, compaction slots available 1, flush slots scheduled 1, compaction slots scheduled 0
2018/12/19-07:04:53.743974 7efc24ff9700 [db/flush_job.cc:301] [usertable] [JOB 5] Flushing memtable with next log file: 15
2018/12/19-07:04:53.743982 7efc24ff9700 [db/flush_job.cc:301] [usertable] [JOB 5] Flushing memtable with next log file: 16
2018/12/19-07:04:53.744011 7efc24ff9700 EVENT_LOG_v1 {"time_micros": 1545231893744003, "job": 5, "event": "flush_started", "num_memtables": 2, "num_entries": 62761, "num_deletes": 0, "memory_usage": 260052840, "flush_reason": "Write Buffer Full"}
2018/12/19-07:04:53.744018 7efc24ff9700 [db/flush_job.cc:331] [usertable] [JOB 5] Level-0 flush table #17: started
2018/12/19-07:04:54.712075 7efc24ff9700 EVENT_LOG_v1 {"time_micros": 1545231894712044, "cf_name": "usertable", "job": 5, "event": "table_file_creation", "file_number": 17, "file_size": 259918403, "table_properties": {"data_size": 258763617, "index_size": 1153859, "filter_size": 0, "raw_key_size": 1506264, "raw_average_key_size": 24, "raw_value_size": 257069056, "raw_average_value_size": 4096, "num_data_blocks": 31381, "num_entries": 62761, "filter_policy_name": "", "kDeletedKeys": "0", "kMergeOperands": "0"}}
2018/12/19-07:04:54.712095 7efc24ff9700 [db/flush_job.cc:371] [usertable] [JOB 5] Level-0 flush table #17: 259918403 bytes OK
2018/12/19-07:04:54.741646 7efc24ff9700 (Original Log Time 2018/12/19-07:04:54.712109) [db/memtable_list.cc:377] [usertable] Level-0 commit table #17 started
2018/12/19-07:04:54.741649 7efc24ff9700 (Original Log Time 2018/12/19-07:04:54.741581) [db/memtable_list.cc:409] [usertable] Level-0 commit table #17: memtable #1 done
2018/12/19-07:04:54.741651 7efc24ff9700 (Original Log Time 2018/12/19-07:04:54.741584) [db/memtable_list.cc:409] [usertable] Level-0 commit table #17: memtable #2 done
2018/12/19-07:04:54.741652 7efc24ff9700 (Original Log Time 2018/12/19-07:04:54.741599) EVENT_LOG_v1 {"time_micros": 1545231894741592, "job": 5, "event": "flush_finished", "output_compression": "NoCompression", "lsm_state": [2, 1, 0, 0, 0, 0, 0], "immutable_memtables": 0}
2018/12/19-07:04:54.741654 7efc24ff9700 (Original Log Time 2018/12/19-07:04:54.741630) [db/db_impl_compaction_flush.cc:177] [usertable] Level summary: base level 1 max bytes base 536870912 files[2 1 0 0 0 0 0] max score 1.00
