2019/01/08-09:27:53.507141 7f16c8123700 RocksDB version: 5.14.3
2019/01/08-09:27:53.507211 7f16c8123700 Git sha rocksdb_build_git_sha:
2019/01/08-09:27:53.507214 7f16c8123700 Compile date Dec 29 2018
2019/01/08-09:27:53.507219 7f16c8123700 DB SUMMARY
2019/01/08-09:27:53.507242 7f16c8123700 SST files in /mnt/sda/ycsb-rocksdb-data dir, Total Num: 0, files: 
2019/01/08-09:27:53.507245 7f16c8123700 Write Ahead Log file in /mnt/sda/ycsb-rocksdb-data: 
2019/01/08-09:27:53.507248 7f16c8123700                         Options.error_if_exists: 0
2019/01/08-09:27:53.507249 7f16c8123700                       Options.create_if_missing: 1
2019/01/08-09:27:53.507250 7f16c8123700                         Options.paranoid_checks: 1
2019/01/08-09:27:53.507251 7f16c8123700                                     Options.env: 0x7f16aa35c2c0
2019/01/08-09:27:53.507252 7f16c8123700                                Options.info_log: 0x7f16103c9210
2019/01/08-09:27:53.507253 7f16c8123700                Options.max_file_opening_threads: 16
2019/01/08-09:27:53.507254 7f16c8123700                              Options.statistics: (nil)
2019/01/08-09:27:53.507255 7f16c8123700                               Options.use_fsync: 0
2019/01/08-09:27:53.507256 7f16c8123700                       Options.max_log_file_size: 0
2019/01/08-09:27:53.507257 7f16c8123700                  Options.max_manifest_file_size: 18446744073709551615
2019/01/08-09:27:53.507258 7f16c8123700                   Options.log_file_time_to_roll: 0
2019/01/08-09:27:53.507259 7f16c8123700                       Options.keep_log_file_num: 1000
2019/01/08-09:27:53.507260 7f16c8123700                    Options.recycle_log_file_num: 0
2019/01/08-09:27:53.507261 7f16c8123700                         Options.allow_fallocate: 1
2019/01/08-09:27:53.507262 7f16c8123700                        Options.allow_mmap_reads: 0
2019/01/08-09:27:53.507263 7f16c8123700                       Options.allow_mmap_writes: 0
2019/01/08-09:27:53.507264 7f16c8123700                        Options.use_direct_reads: 0
2019/01/08-09:27:53.507265 7f16c8123700                        Options.use_direct_io_for_flush_and_compaction: 0
2019/01/08-09:27:53.507266 7f16c8123700          Options.create_missing_column_families: 1
2019/01/08-09:27:53.507267 7f16c8123700                              Options.db_log_dir: 
2019/01/08-09:27:53.507268 7f16c8123700                                 Options.wal_dir: /mnt/sda/ycsb-rocksdb-data
2019/01/08-09:27:53.507269 7f16c8123700                Options.table_cache_numshardbits: 6
2019/01/08-09:27:53.507270 7f16c8123700                      Options.max_subcompactions: 4
2019/01/08-09:27:53.507271 7f16c8123700                  Options.max_background_flushes: 24
2019/01/08-09:27:53.507272 7f16c8123700                         Options.WAL_ttl_seconds: 0
2019/01/08-09:27:53.507273 7f16c8123700                       Options.WAL_size_limit_MB: 0
2019/01/08-09:27:53.507273 7f16c8123700             Options.manifest_preallocation_size: 4194304
2019/01/08-09:27:53.507274 7f16c8123700                     Options.is_fd_close_on_exec: 1
2019/01/08-09:27:53.507275 7f16c8123700                   Options.advise_random_on_open: 1
2019/01/08-09:27:53.507277 7f16c8123700                    Options.db_write_buffer_size: 0
2019/01/08-09:27:53.507277 7f16c8123700                    Options.write_buffer_manager: 0x7f16103c0ea0
2019/01/08-09:27:53.507278 7f16c8123700         Options.access_hint_on_compaction_start: 1
2019/01/08-09:27:53.507279 7f16c8123700  Options.new_table_reader_for_compaction_inputs: 0
2019/01/08-09:27:53.507280 7f16c8123700           Options.random_access_max_buffer_size: 1048576
2019/01/08-09:27:53.507282 7f16c8123700                      Options.use_adaptive_mutex: 0
2019/01/08-09:27:53.507282 7f16c8123700                            Options.rate_limiter: (nil)
2019/01/08-09:27:53.507285 7f16c8123700     Options.sst_file_manager.rate_bytes_per_sec: 0
2019/01/08-09:27:53.507286 7f16c8123700                       Options.wal_recovery_mode: 2
2019/01/08-09:27:53.507287 7f16c8123700                  Options.enable_thread_tracking: 0
2019/01/08-09:27:53.507288 7f16c8123700                  Options.enable_pipelined_write: 1
2019/01/08-09:27:53.507298 7f16c8123700         Options.allow_concurrent_memtable_write: 1
2019/01/08-09:27:53.507299 7f16c8123700      Options.enable_write_thread_adaptive_yield: 1
2019/01/08-09:27:53.507300 7f16c8123700             Options.write_thread_max_yield_usec: 100
2019/01/08-09:27:53.507301 7f16c8123700            Options.write_thread_slow_yield_usec: 3
2019/01/08-09:27:53.507302 7f16c8123700                               Options.row_cache: None
2019/01/08-09:27:53.507303 7f16c8123700                              Options.wal_filter: None
2019/01/08-09:27:53.507304 7f16c8123700             Options.avoid_flush_during_recovery: 0
2019/01/08-09:27:53.507305 7f16c8123700             Options.allow_ingest_behind: 0
2019/01/08-09:27:53.507306 7f16c8123700             Options.preserve_deletes: 0
2019/01/08-09:27:53.507307 7f16c8123700             Options.two_write_queues: 0
2019/01/08-09:27:53.507308 7f16c8123700             Options.manual_wal_flush: 0
2019/01/08-09:27:53.507310 7f16c8123700             Options.max_background_jobs: 24
2019/01/08-09:27:53.507311 7f16c8123700             Options.max_background_compactions: 24
2019/01/08-09:27:53.507312 7f16c8123700             Options.avoid_flush_during_shutdown: 0
2019/01/08-09:27:53.507313 7f16c8123700           Options.writable_file_max_buffer_size: 1048576
2019/01/08-09:27:53.507314 7f16c8123700             Options.delayed_write_rate : 16777216
2019/01/08-09:27:53.507315 7f16c8123700             Options.max_total_wal_size: 0
2019/01/08-09:27:53.507316 7f16c8123700             Options.delete_obsolete_files_period_micros: 21600000000
2019/01/08-09:27:53.507317 7f16c8123700                   Options.stats_dump_period_sec: 60
2019/01/08-09:27:53.507318 7f16c8123700                          Options.max_open_files: -1
2019/01/08-09:27:53.507319 7f16c8123700                          Options.bytes_per_sync: 1048576
2019/01/08-09:27:53.507320 7f16c8123700                      Options.wal_bytes_per_sync: 0
2019/01/08-09:27:53.507321 7f16c8123700       Options.compaction_readahead_size: 0
2019/01/08-09:27:53.507322 7f16c8123700 Compression algorithms supported:
2019/01/08-09:27:53.507324 7f16c8123700 	kZSTDNotFinalCompression supported: 1
2019/01/08-09:27:53.507333 7f16c8123700 	kZSTD supported: 1
2019/01/08-09:27:53.507334 7f16c8123700 	kXpressCompression supported: 0
2019/01/08-09:27:53.507336 7f16c8123700 	kLZ4HCCompression supported: 1
2019/01/08-09:27:53.507337 7f16c8123700 	kLZ4Compression supported: 1
2019/01/08-09:27:53.507338 7f16c8123700 	kBZip2Compression supported: 1
2019/01/08-09:27:53.507339 7f16c8123700 	kZlibCompression supported: 1
2019/01/08-09:27:53.507340 7f16c8123700 	kSnappyCompression supported: 1
2019/01/08-09:27:53.507345 7f16c8123700 Fast CRC32 supported: Supported on x86
2019/01/08-09:27:53.507434 7f16c8123700 [db/db_impl_open.cc:222] Creating manifest 1 
2019/01/08-09:27:53.608615 7f16c8123700 [db/version_set.cc:3085] Recovering from manifest file: MANIFEST-000001
2019/01/08-09:27:53.608740 7f16c8123700 [db/column_family.cc:475] --------------- Options for column family [default]:
2019/01/08-09:27:53.608744 7f16c8123700               Options.comparator: leveldb.BytewiseComparator
2019/01/08-09:27:53.608746 7f16c8123700           Options.merge_operator: None
2019/01/08-09:27:53.608756 7f16c8123700        Options.compaction_filter: None
2019/01/08-09:27:53.608757 7f16c8123700        Options.compaction_filter_factory: None
2019/01/08-09:27:53.608758 7f16c8123700         Options.memtable_factory: SkipListFactory
2019/01/08-09:27:53.608760 7f16c8123700            Options.table_factory: BlockBasedTable
2019/01/08-09:27:53.608794 7f16c8123700            table_factory options:   flush_block_policy_factory: FlushBlockBySizePolicyFactory (0x7f161037abb0)
  cache_index_and_filter_blocks: 0
  cache_index_and_filter_blocks_with_high_priority: 0
  pin_l0_filter_and_index_blocks_in_cache: 0
  index_type: 0
  hash_index_allow_collision: 1
  checksum: 1
  no_block_cache: 0
  block_cache: 0x7f1610386e70
  block_cache_name: LRUCache
  block_cache_options:
    capacity : 8388608
    num_shard_bits : 4
    strict_capacity_limit : 0
    high_pri_pool_ratio: 0.000
  block_cache_compressed: (nil)
  persistent_cache: (nil)
  block_size: 8192
  block_size_deviation: 10
  block_restart_interval: 16
  index_block_restart_interval: 1
  metadata_block_size: 4096
  partition_filters: 0
  use_delta_encoding: 1
  filter_policy: nullptr
  whole_key_filtering: 1
  verify_compression: 0
  read_amp_bytes_per_bit: 0
  format_version: 2
  enable_index_compression: 1
  block_align: 0
2019/01/08-09:27:53.608811 7f16c8123700        Options.write_buffer_size: 134217728
2019/01/08-09:27:53.608813 7f16c8123700  Options.max_write_buffer_number: 24
2019/01/08-09:27:53.608815 7f16c8123700        Options.compression[0]: NoCompression
2019/01/08-09:27:53.608816 7f16c8123700        Options.compression[1]: NoCompression
2019/01/08-09:27:53.608817 7f16c8123700        Options.compression[2]: LZ4
2019/01/08-09:27:53.608818 7f16c8123700        Options.compression[3]: LZ4
2019/01/08-09:27:53.608819 7f16c8123700        Options.compression[4]: LZ4
2019/01/08-09:27:53.608820 7f16c8123700        Options.compression[5]: LZ4
2019/01/08-09:27:53.608821 7f16c8123700        Options.compression[6]: LZ4
2019/01/08-09:27:53.608822 7f16c8123700                  Options.bottommost_compression: Disabled
2019/01/08-09:27:53.608823 7f16c8123700       Options.prefix_extractor: nullptr
2019/01/08-09:27:53.608825 7f16c8123700   Options.memtable_insert_with_hint_prefix_extractor: nullptr
2019/01/08-09:27:53.608826 7f16c8123700             Options.num_levels: 7
2019/01/08-09:27:53.608827 7f16c8123700        Options.min_write_buffer_number_to_merge: 2
2019/01/08-09:27:53.608828 7f16c8123700     Options.max_write_buffer_number_to_maintain: 0
2019/01/08-09:27:53.608829 7f16c8123700            Options.compression_opts.window_bits: -14
2019/01/08-09:27:53.608829 7f16c8123700                  Options.compression_opts.level: -1
2019/01/08-09:27:53.608831 7f16c8123700               Options.compression_opts.strategy: 0
2019/01/08-09:27:53.608831 7f16c8123700         Options.compression_opts.max_dict_bytes: 0
2019/01/08-09:27:53.608832 7f16c8123700         Options.compression_opts.zstd_max_train_bytes: 0
2019/01/08-09:27:53.608833 7f16c8123700      Options.level0_file_num_compaction_trigger: 2
2019/01/08-09:27:53.608834 7f16c8123700          Options.level0_slowdown_writes_trigger: 20
2019/01/08-09:27:53.608835 7f16c8123700              Options.level0_stop_writes_trigger: 36
2019/01/08-09:27:53.608836 7f16c8123700                   Options.target_file_size_base: 67108864
2019/01/08-09:27:53.608837 7f16c8123700             Options.target_file_size_multiplier: 1
2019/01/08-09:27:53.608838 7f16c8123700                Options.max_bytes_for_level_base: 536870912
2019/01/08-09:27:53.608839 7f16c8123700 Options.level_compaction_dynamic_level_bytes: 0
2019/01/08-09:27:53.608840 7f16c8123700          Options.max_bytes_for_level_multiplier: 10.000000
2019/01/08-09:27:53.608844 7f16c8123700 Options.max_bytes_for_level_multiplier_addtl[0]: 1
2019/01/08-09:27:53.608845 7f16c8123700 Options.max_bytes_for_level_multiplier_addtl[1]: 1
2019/01/08-09:27:53.608846 7f16c8123700 Options.max_bytes_for_level_multiplier_addtl[2]: 1
2019/01/08-09:27:53.608847 7f16c8123700 Options.max_bytes_for_level_multiplier_addtl[3]: 1
2019/01/08-09:27:53.608848 7f16c8123700 Options.max_bytes_for_level_multiplier_addtl[4]: 1
2019/01/08-09:27:53.608849 7f16c8123700 Options.max_bytes_for_level_multiplier_addtl[5]: 1
2019/01/08-09:27:53.608850 7f16c8123700 Options.max_bytes_for_level_multiplier_addtl[6]: 1
2019/01/08-09:27:53.608851 7f16c8123700       Options.max_sequential_skip_in_iterations: 8
2019/01/08-09:27:53.608851 7f16c8123700                    Options.max_compaction_bytes: 1677721600
2019/01/08-09:27:53.608852 7f16c8123700                        Options.arena_block_size: 16777216
2019/01/08-09:27:53.608853 7f16c8123700   Options.soft_pending_compaction_bytes_limit: 68719476736
2019/01/08-09:27:53.608854 7f16c8123700   Options.hard_pending_compaction_bytes_limit: 274877906944
2019/01/08-09:27:53.608861 7f16c8123700       Options.rate_limit_delay_max_milliseconds: 100
2019/01/08-09:27:53.608863 7f16c8123700                Options.disable_auto_compactions: 0
2019/01/08-09:27:53.608865 7f16c8123700                        Options.compaction_style: kCompactionStyleLevel
2019/01/08-09:27:53.608867 7f16c8123700                          Options.compaction_pri: kByCompensatedSize
2019/01/08-09:27:53.608868 7f16c8123700 Options.compaction_options_universal.size_ratio: 1
2019/01/08-09:27:53.608869 7f16c8123700 Options.compaction_options_universal.min_merge_width: 2
2019/01/08-09:27:53.608870 7f16c8123700 Options.compaction_options_universal.max_merge_width: 4294967295
2019/01/08-09:27:53.608871 7f16c8123700 Options.compaction_options_universal.max_size_amplification_percent: 200
2019/01/08-09:27:53.608872 7f16c8123700 Options.compaction_options_universal.compression_size_percent: -1
2019/01/08-09:27:53.608874 7f16c8123700 Options.compaction_options_universal.stop_style: kCompactionStopStyleTotalSize
2019/01/08-09:27:53.608875 7f16c8123700 Options.compaction_options_fifo.max_table_files_size: 1073741824
2019/01/08-09:27:53.608876 7f16c8123700 Options.compaction_options_fifo.allow_compaction: 0
2019/01/08-09:27:53.608877 7f16c8123700 Options.compaction_options_fifo.ttl: 0
2019/01/08-09:27:53.608878 7f16c8123700                   Options.table_properties_collectors: 
2019/01/08-09:27:53.608879 7f16c8123700                   Options.inplace_update_support: 0
2019/01/08-09:27:53.608880 7f16c8123700                 Options.inplace_update_num_locks: 10000
2019/01/08-09:27:53.608881 7f16c8123700               Options.memtable_prefix_bloom_size_ratio: 0.000000
2019/01/08-09:27:53.608883 7f16c8123700   Options.memtable_huge_page_size: 0
2019/01/08-09:27:53.608884 7f16c8123700                           Options.bloom_locality: 0
2019/01/08-09:27:53.608885 7f16c8123700                    Options.max_successive_merges: 0
2019/01/08-09:27:53.608886 7f16c8123700                Options.optimize_filters_for_hits: 0
2019/01/08-09:27:53.608887 7f16c8123700                Options.paranoid_file_checks: 0
2019/01/08-09:27:53.608887 7f16c8123700                Options.force_consistency_checks: 0
2019/01/08-09:27:53.608888 7f16c8123700                Options.report_bg_io_stats: 0
2019/01/08-09:27:53.608889 7f16c8123700                               Options.ttl: 0
2019/01/08-09:27:53.609654 7f16c8123700 [db/version_set.cc:3361] Recovered from manifest file:/mnt/sda/ycsb-rocksdb-data/MANIFEST-000001 succeeded,manifest_file_number is 1, next_file_number is 3, last_sequence is 0, log_number is 0,prev_log_number is 0,max_column_family is 0,min_log_number_to_keep is 0
2019/01/08-09:27:53.609665 7f16c8123700 [db/version_set.cc:3369] Column family [default] (ID 0), log number is 0
2019/01/08-09:27:53.609902 7f16c8123700 [db/version_set.cc:2847] Creating manifest 4
2019/01/08-09:27:53.682992 7f16c8123700 [db/column_family.cc:475] --------------- Options for column family [usertable]:
2019/01/08-09:27:53.682999 7f16c8123700               Options.comparator: leveldb.BytewiseComparator
2019/01/08-09:27:53.683000 7f16c8123700           Options.merge_operator: None
2019/01/08-09:27:53.683002 7f16c8123700        Options.compaction_filter: None
2019/01/08-09:27:53.683002 7f16c8123700        Options.compaction_filter_factory: None
2019/01/08-09:27:53.683003 7f16c8123700         Options.memtable_factory: SkipListFactory
2019/01/08-09:27:53.683005 7f16c8123700            Options.table_factory: BlockBasedTable
2019/01/08-09:27:53.683035 7f16c8123700            table_factory options:   flush_block_policy_factory: FlushBlockBySizePolicyFactory (0x7f161037ac90)
  cache_index_and_filter_blocks: 0
  cache_index_and_filter_blocks_with_high_priority: 0
  pin_l0_filter_and_index_blocks_in_cache: 0
  index_type: 0
  hash_index_allow_collision: 1
  checksum: 1
  no_block_cache: 0
  block_cache: 0x7f161038af90
  block_cache_name: LRUCache
  block_cache_options:
    capacity : 8388608
    num_shard_bits : 4
    strict_capacity_limit : 0
    high_pri_pool_ratio: 0.000
  block_cache_compressed: (nil)
  persistent_cache: (nil)
  block_size: 8192
  block_size_deviation: 10
  block_restart_interval: 16
  index_block_restart_interval: 1
  metadata_block_size: 4096
  partition_filters: 0
  use_delta_encoding: 1
  filter_policy: nullptr
  whole_key_filtering: 1
  verify_compression: 0
  read_amp_bytes_per_bit: 0
  format_version: 2
  enable_index_compression: 1
  block_align: 0
2019/01/08-09:27:53.683040 7f16c8123700        Options.write_buffer_size: 134217728
2019/01/08-09:27:53.683041 7f16c8123700  Options.max_write_buffer_number: 24
2019/01/08-09:27:53.683042 7f16c8123700        Options.compression[0]: NoCompression
2019/01/08-09:27:53.683044 7f16c8123700        Options.compression[1]: NoCompression
2019/01/08-09:27:53.683045 7f16c8123700        Options.compression[2]: LZ4
2019/01/08-09:27:53.683046 7f16c8123700        Options.compression[3]: LZ4
2019/01/08-09:27:53.683047 7f16c8123700        Options.compression[4]: LZ4
2019/01/08-09:27:53.683047 7f16c8123700        Options.compression[5]: LZ4
2019/01/08-09:27:53.683048 7f16c8123700        Options.compression[6]: LZ4
2019/01/08-09:27:53.683049 7f16c8123700                  Options.bottommost_compression: Disabled
2019/01/08-09:27:53.683050 7f16c8123700       Options.prefix_extractor: nullptr
2019/01/08-09:27:53.683052 7f16c8123700   Options.memtable_insert_with_hint_prefix_extractor: nullptr
2019/01/08-09:27:53.683052 7f16c8123700             Options.num_levels: 7
2019/01/08-09:27:53.683053 7f16c8123700        Options.min_write_buffer_number_to_merge: 2
2019/01/08-09:27:53.683054 7f16c8123700     Options.max_write_buffer_number_to_maintain: 0
2019/01/08-09:27:53.683055 7f16c8123700            Options.compression_opts.window_bits: -14
2019/01/08-09:27:53.683056 7f16c8123700                  Options.compression_opts.level: -1
2019/01/08-09:27:53.683057 7f16c8123700               Options.compression_opts.strategy: 0
2019/01/08-09:27:53.683058 7f16c8123700         Options.compression_opts.max_dict_bytes: 0
2019/01/08-09:27:53.683059 7f16c8123700         Options.compression_opts.zstd_max_train_bytes: 0
2019/01/08-09:27:53.683060 7f16c8123700      Options.level0_file_num_compaction_trigger: 2
2019/01/08-09:27:53.683061 7f16c8123700          Options.level0_slowdown_writes_trigger: 20
2019/01/08-09:27:53.683062 7f16c8123700              Options.level0_stop_writes_trigger: 36
2019/01/08-09:27:53.683063 7f16c8123700                   Options.target_file_size_base: 67108864
2019/01/08-09:27:53.683064 7f16c8123700             Options.target_file_size_multiplier: 1
2019/01/08-09:27:53.683065 7f16c8123700                Options.max_bytes_for_level_base: 536870912
2019/01/08-09:27:53.683066 7f16c8123700 Options.level_compaction_dynamic_level_bytes: 0
2019/01/08-09:27:53.683067 7f16c8123700          Options.max_bytes_for_level_multiplier: 10.000000
2019/01/08-09:27:53.683070 7f16c8123700 Options.max_bytes_for_level_multiplier_addtl[0]: 1
2019/01/08-09:27:53.683085 7f16c8123700 Options.max_bytes_for_level_multiplier_addtl[1]: 1
2019/01/08-09:27:53.683087 7f16c8123700 Options.max_bytes_for_level_multiplier_addtl[2]: 1
2019/01/08-09:27:53.683088 7f16c8123700 Options.max_bytes_for_level_multiplier_addtl[3]: 1
2019/01/08-09:27:53.683089 7f16c8123700 Options.max_bytes_for_level_multiplier_addtl[4]: 1
2019/01/08-09:27:53.683089 7f16c8123700 Options.max_bytes_for_level_multiplier_addtl[5]: 1
2019/01/08-09:27:53.683090 7f16c8123700 Options.max_bytes_for_level_multiplier_addtl[6]: 1
2019/01/08-09:27:53.683091 7f16c8123700       Options.max_sequential_skip_in_iterations: 8
2019/01/08-09:27:53.683092 7f16c8123700                    Options.max_compaction_bytes: 1677721600
2019/01/08-09:27:53.683093 7f16c8123700                        Options.arena_block_size: 16777216
2019/01/08-09:27:53.683094 7f16c8123700   Options.soft_pending_compaction_bytes_limit: 68719476736
2019/01/08-09:27:53.683095 7f16c8123700   Options.hard_pending_compaction_bytes_limit: 274877906944
2019/01/08-09:27:53.683096 7f16c8123700       Options.rate_limit_delay_max_milliseconds: 100
2019/01/08-09:27:53.683097 7f16c8123700                Options.disable_auto_compactions: 0
2019/01/08-09:27:53.683099 7f16c8123700                        Options.compaction_style: kCompactionStyleLevel
2019/01/08-09:27:53.683101 7f16c8123700                          Options.compaction_pri: kByCompensatedSize
2019/01/08-09:27:53.683102 7f16c8123700 Options.compaction_options_universal.size_ratio: 1
2019/01/08-09:27:53.683103 7f16c8123700 Options.compaction_options_universal.min_merge_width: 2
2019/01/08-09:27:53.683104 7f16c8123700 Options.compaction_options_universal.max_merge_width: 4294967295
2019/01/08-09:27:53.683105 7f16c8123700 Options.compaction_options_universal.max_size_amplification_percent: 200
2019/01/08-09:27:53.683106 7f16c8123700 Options.compaction_options_universal.compression_size_percent: -1
2019/01/08-09:27:53.683107 7f16c8123700 Options.compaction_options_universal.stop_style: kCompactionStopStyleTotalSize
2019/01/08-09:27:53.683108 7f16c8123700 Options.compaction_options_fifo.max_table_files_size: 1073741824
2019/01/08-09:27:53.683109 7f16c8123700 Options.compaction_options_fifo.allow_compaction: 0
2019/01/08-09:27:53.683110 7f16c8123700 Options.compaction_options_fifo.ttl: 0
2019/01/08-09:27:53.683111 7f16c8123700                   Options.table_properties_collectors: 
2019/01/08-09:27:53.683112 7f16c8123700                   Options.inplace_update_support: 0
2019/01/08-09:27:53.683113 7f16c8123700                 Options.inplace_update_num_locks: 10000
2019/01/08-09:27:53.683114 7f16c8123700               Options.memtable_prefix_bloom_size_ratio: 0.000000
2019/01/08-09:27:53.683116 7f16c8123700   Options.memtable_huge_page_size: 0
2019/01/08-09:27:53.683117 7f16c8123700                           Options.bloom_locality: 0
2019/01/08-09:27:53.683117 7f16c8123700                    Options.max_successive_merges: 0
2019/01/08-09:27:53.683118 7f16c8123700                Options.optimize_filters_for_hits: 0
2019/01/08-09:27:53.683119 7f16c8123700                Options.paranoid_file_checks: 0
2019/01/08-09:27:53.683120 7f16c8123700                Options.force_consistency_checks: 0
2019/01/08-09:27:53.683121 7f16c8123700                Options.report_bg_io_stats: 0
2019/01/08-09:27:53.683122 7f16c8123700                               Options.ttl: 0
2019/01/08-09:27:53.683180 7f16c8123700 [db/db_impl.cc:1396] Created column family [usertable] (ID 1)
2019/01/08-09:27:53.760881 7f16c8123700 [db/db_impl_open.cc:1219] DB pointer 0x7f16103c9960
2019/01/08-09:28:02.442518 7f16b0be4700 [db/db_impl_write.cc:1373] [usertable] New memtable created with log file: #9. Immutable memtables: 0.
2019/01/08-09:28:11.406940 7f16ab1e0700 [db/db_impl_write.cc:1373] [usertable] New memtable created with log file: #10. Immutable memtables: 1.
2019/01/08-09:28:11.407150 7f168bfff700 [db/db_impl_compaction_flush.cc:80] [JOB 2] Syncing log #3
2019/01/08-09:28:11.654581 7f168bfff700 [db/db_impl_compaction_flush.cc:80] [JOB 2] Syncing log #9
2019/01/08-09:28:13.462505 7f168bfff700 (Original Log Time 2019/01/08-09:28:11.407080) [db/db_impl_compaction_flush.cc:1424] Calling FlushMemTableToOutputFile with column family [usertable], flush slots available 24, compaction slots available 1, flush slots scheduled 1, compaction slots scheduled 0
2019/01/08-09:28:13.462529 7f168bfff700 [db/flush_job.cc:301] [usertable] [JOB 2] Flushing memtable with next log file: 9
2019/01/08-09:28:13.462555 7f168bfff700 [db/flush_job.cc:301] [usertable] [JOB 2] Flushing memtable with next log file: 10
2019/01/08-09:28:13.462608 7f168bfff700 EVENT_LOG_v1 {"time_micros": 1546968493462588, "job": 2, "event": "flush_started", "num_memtables": 2, "num_entries": 61755, "num_deletes": 0, "memory_usage": 255978760, "flush_reason": "Write Buffer Full"}
2019/01/08-09:28:13.462621 7f168bfff700 [db/flush_job.cc:331] [usertable] [JOB 2] Level-0 flush table #11: started
2019/01/08-09:28:15.183352 7f168bfff700 EVENT_LOG_v1 {"time_micros": 1546968495183328, "cf_name": "usertable", "job": 2, "event": "table_file_creation", "file_number": 11, "file_size": 255752169, "table_properties": {"data_size": 254615879, "index_size": 1135363, "filter_size": 0, "raw_key_size": 1482120, "raw_average_key_size": 24, "raw_value_size": 252948480, "raw_average_value_size": 4096, "num_data_blocks": 30878, "num_entries": 61755, "filter_policy_name": "", "kDeletedKeys": "0", "kMergeOperands": "0"}}
2019/01/08-09:28:15.183383 7f168bfff700 [db/flush_job.cc:371] [usertable] [JOB 2] Level-0 flush table #11: 255752169 bytes OK
2019/01/08-09:28:15.242189 7f168bfff700 (Original Log Time 2019/01/08-09:28:15.183403) [db/memtable_list.cc:377] [usertable] Level-0 commit table #11 started
2019/01/08-09:28:15.242193 7f168bfff700 (Original Log Time 2019/01/08-09:28:15.242094) [db/memtable_list.cc:409] [usertable] Level-0 commit table #11: memtable #1 done
2019/01/08-09:28:15.242194 7f168bfff700 (Original Log Time 2019/01/08-09:28:15.242104) [db/memtable_list.cc:409] [usertable] Level-0 commit table #11: memtable #2 done
2019/01/08-09:28:15.242196 7f168bfff700 (Original Log Time 2019/01/08-09:28:15.242123) EVENT_LOG_v1 {"time_micros": 1546968495242113, "job": 2, "event": "flush_finished", "output_compression": "NoCompression", "lsm_state": [1, 0, 0, 0, 0, 0, 0], "immutable_memtables": 0}
2019/01/08-09:28:15.242198 7f168bfff700 (Original Log Time 2019/01/08-09:28:15.242157) [db/db_impl_compaction_flush.cc:177] [usertable] Level summary: base level 1 max bytes base 536870912 files[1 0 0 0 0 0 0] max score 0.50
2019/01/08-09:28:15.242213 7f168bfff700 [db/db_impl_files.cc:347] [JOB 2] Try to delete WAL files size 254970483, prev total WAL file size 310395203, number of live WAL files 3.
2019/01/08-09:28:20.373341 7f16ab3e2700 [db/db_impl_write.cc:1373] [usertable] New memtable created with log file: #12. Immutable memtables: 0.
2019/01/08-09:28:29.339455 7f16b09e2700 [db/db_impl_write.cc:1373] [usertable] New memtable created with log file: #13. Immutable memtables: 1.
2019/01/08-09:28:29.339584 7f168b7fe700 [db/db_impl_compaction_flush.cc:80] [JOB 3] Syncing log #10
2019/01/08-09:28:29.870032 7f168b7fe700 [db/db_impl_compaction_flush.cc:80] [JOB 3] Syncing log #12
2019/01/08-09:28:30.377130 7f168b7fe700 (Original Log Time 2019/01/08-09:28:29.339555) [db/db_impl_compaction_flush.cc:1424] Calling FlushMemTableToOutputFile with column family [usertable], flush slots available 24, compaction slots available 1, flush slots scheduled 1, compaction slots scheduled 0
2019/01/08-09:28:30.377144 7f168b7fe700 [db/flush_job.cc:301] [usertable] [JOB 3] Flushing memtable with next log file: 12
2019/01/08-09:28:30.377153 7f168b7fe700 [db/flush_job.cc:301] [usertable] [JOB 3] Flushing memtable with next log file: 13
2019/01/08-09:28:30.377191 7f168b7fe700 EVENT_LOG_v1 {"time_micros": 1546968510377178, "job": 3, "event": "flush_started", "num_memtables": 2, "num_entries": 62761, "num_deletes": 0, "memory_usage": 260074232, "flush_reason": "Write Buffer Full"}
2019/01/08-09:28:30.377199 7f168b7fe700 [db/flush_job.cc:331] [usertable] [JOB 3] Level-0 flush table #14: started
2019/01/08-09:28:31.313027 7f168b7fe700 EVENT_LOG_v1 {"time_micros": 1546968511313003, "cf_name": "usertable", "job": 3, "event": "table_file_creation", "file_number": 14, "file_size": 259932351, "table_properties": {"data_size": 258770591, "index_size": 1160833, "filter_size": 0, "raw_key_size": 1506264, "raw_average_key_size": 24, "raw_value_size": 257069056, "raw_average_value_size": 4096, "num_data_blocks": 31381, "num_entries": 62761, "filter_policy_name": "", "kDeletedKeys": "0", "kMergeOperands": "0"}}
2019/01/08-09:28:31.313048 7f168b7fe700 [db/flush_job.cc:371] [usertable] [JOB 3] Level-0 flush table #14: 259932351 bytes OK
2019/01/08-09:28:31.341491 7f168b7fe700 (Original Log Time 2019/01/08-09:28:31.313064) [db/memtable_list.cc:377] [usertable] Level-0 commit table #14 started
2019/01/08-09:28:31.341494 7f168b7fe700 (Original Log Time 2019/01/08-09:28:31.341383) [db/memtable_list.cc:409] [usertable] Level-0 commit table #14: memtable #1 done
2019/01/08-09:28:31.341496 7f168b7fe700 (Original Log Time 2019/01/08-09:28:31.341385) [db/memtable_list.cc:409] [usertable] Level-0 commit table #14: memtable #2 done
2019/01/08-09:28:31.341497 7f168b7fe700 (Original Log Time 2019/01/08-09:28:31.341413) EVENT_LOG_v1 {"time_micros": 1546968511341393, "job": 3, "event": "flush_finished", "output_compression": "NoCompression", "lsm_state": [2, 0, 0, 0, 0, 0, 0], "immutable_memtables": 0}
2019/01/08-09:28:31.341499 7f168b7fe700 (Original Log Time 2019/01/08-09:28:31.341455) [db/db_impl_compaction_flush.cc:177] [usertable] Level summary: base level 1 max bytes base 536870912 files[2 0 0 0 0 0 0] max score 1.00
2019/01/08-09:28:31.341520 7f168b7fe700 [db/db_impl_files.cc:347] [JOB 3] Try to delete WAL files size 259126753, prev total WAL file size 288060673, number of live WAL files 3.
2019/01/08-09:28:31.341728 7f16a99e4700 [WARN] [db/db_impl.cc:491] ------- DUMPING STATS -------
2019/01/08-09:28:31.343584 7f16a99e4700 [WARN] [db/db_impl.cc:492] 
** DB Stats **
Uptime(secs): 37.7 total, 37.7 interval
Cumulative writes: 131K writes, 131K keys, 128K commit groups, 1.0 writes per commit group, ingest: 0.51 GB, 13.72 MB/s
Cumulative WAL: 131K writes, 0 syncs, 131524.00 writes per sync, written: 0.51 GB, 13.72 MB/s
Cumulative stall: 00:00:0.000 H:M:S, 0.0 percent
Interval writes: 131K writes, 131K keys, 128K commit groups, 1.0 writes per commit group, ingest: 517.87 MB, 13.72 MB/s
Interval WAL: 131K writes, 0 syncs, 131524.00 writes per sync, written: 0.51 MB, 13.72 MB/s
Interval stall: 00:00:0.000 H:M:S, 0.0 percent

** Compaction Stats [default] **
Level    Files   Size     Score Read(GB)  Rn(GB) Rnp1(GB) Write(GB) Wnew(GB) Moved(GB) W-Amp Rd(MB/s) Wr(MB/s) Comp(sec) Comp(cnt) Avg(sec) KeyIn KeyDrop
----------------------------------------------------------------------------------------------------------------------------------------------------------
 Sum      0/0    0.00 KB   0.0      0.0     0.0      0.0       0.0      0.0       0.0   0.0      0.0      0.0         0         0    0.000       0      0
 Int      0/0    0.00 KB   0.0      0.0     0.0      0.0       0.0      0.0       0.0   0.0      0.0      0.0         0         0    0.000       0      0
Uptime(secs): 37.7 total, 37.7 interval
Flush(GB): cumulative 0.000, interval 0.000
AddFile(GB): cumulative 0.000, interval 0.000
AddFile(Total Files): cumulative 0, interval 0
AddFile(L0 Files): cumulative 0, interval 0
AddFile(Keys): cumulative 0, interval 0
Cumulative compaction: 0.00 GB write, 0.00 MB/s write, 0.00 GB read, 0.00 MB/s read, 0.0 seconds
Interval compaction: 0.00 GB write, 0.00 MB/s write, 0.00 GB read, 0.00 MB/s read, 0.0 seconds
Stalls(count): 0 level0_slowdown, 0 level0_slowdown_with_compaction, 0 level0_numfiles, 0 level0_numfiles_with_compaction, 0 stop for pending_compaction_bytes, 0 slowdown for pending_compaction_bytes, 0 memtable_compaction, 0 memtable_slowdown, interval 0 total count

** File Read Latency Histogram By Level [default] **

** Compaction Stats [usertable] **
Level    Files   Size     Score Read(GB)  Rn(GB) Rnp1(GB) Write(GB) Wnew(GB) Moved(GB) W-Amp Rd(MB/s) Wr(MB/s) Comp(sec) Comp(cnt) Avg(sec) KeyIn KeyDrop
----------------------------------------------------------------------------------------------------------------------------------------------------------
  L0      2/0   491.80 MB   1.0      0.0     0.0      0.0       0.5      0.5       0.0   1.0      0.0    185.1         3         2    1.328       0      0
 Sum      2/0   491.80 MB   0.0      0.0     0.0      0.0       0.5      0.5       0.0   1.0      0.0    185.1         3         2    1.328       0      0
 Int      0/0    0.00 KB   0.0      0.0     0.0      0.0       0.5      0.5       0.0   1.0      0.0    185.1         3         2    1.328       0      0
Uptime(secs): 37.7 total, 37.7 interval
Flush(GB): cumulative 0.480, interval 0.480
AddFile(GB): cumulative 0.000, interval 0.000
AddFile(Total Files): cumulative 0, interval 0
AddFile(L0 Files): cumulative 0, interval 0
AddFile(Keys): cumulative 0, interval 0
Cumulative compaction: 0.48 GB write, 13.06 MB/s write, 0.00 GB read, 0.00 MB/s read, 2.7 seconds
Interval compaction: 0.48 GB write, 13.06 MB/s write, 0.00 GB read, 0.00 MB/s read, 2.7 seconds
Stalls(count): 0 level0_slowdown, 0 level0_slowdown_with_compaction, 0 level0_numfiles, 0 level0_numfiles_with_compaction, 0 stop for pending_compaction_bytes, 0 slowdown for pending_compaction_bytes, 0 memtable_compaction, 0 memtable_slowdown, interval 0 total count

** File Read Latency Histogram By Level [usertable] **

** Compaction Stats [default] **
Level    Files   Size     Score Read(GB)  Rn(GB) Rnp1(GB) Write(GB) Wnew(GB) Moved(GB) W-Amp Rd(MB/s) Wr(MB/s) Comp(sec) Comp(cnt) Avg(sec) KeyIn KeyDrop
----------------------------------------------------------------------------------------------------------------------------------------------------------
 Sum      0/0    0.00 KB   0.0      0.0     0.0      0.0       0.0      0.0       0.0   0.0      0.0      0.0         0         0    0.000       0      0
 Int      0/0    0.00 KB   0.0      0.0     0.0      0.0       0.0      0.0       0.0   0.0      0.0      0.0         0         0    0.000       0      0
Uptime(secs): 37.7 total, 0.0 interval
Flush(GB): cumulative 0.000, interval 0.000
AddFile(GB): cumulative 0.000, interval 0.000
AddFile(Total Files): cumulative 0, interval 0
AddFile(L0 Files): cumulative 0, interval 0
AddFile(Keys): cumulative 0, interval 0
Cumulative compaction: 0.00 GB write, 0.00 MB/s write, 0.00 GB read, 0.00 MB/s read, 0.0 seconds
Interval compaction: 0.00 GB write, 0.00 MB/s write, 0.00 GB read, 0.00 MB/s read, 0.0 seconds
Stalls(count): 0 level0_slowdown, 0 level0_slowdown_with_compaction, 0 level0_numfiles, 0 level0_numfiles_with_compaction, 0 stop for pending_compaction_bytes, 0 slowdown for pending_compaction_bytes, 0 memtable_compaction, 0 memtable_slowdown, interval 0 total count

** File Read Latency Histogram By Level [default] **

** Compaction Stats [usertable] **
Level    Files   Size     Score Read(GB)  Rn(GB) Rnp1(GB) Write(GB) Wnew(GB) Moved(GB) W-Amp Rd(MB/s) Wr(MB/s) Comp(sec) Comp(cnt) Avg(sec) KeyIn KeyDrop
----------------------------------------------------------------------------------------------------------------------------------------------------------
  L0      2/0   491.80 MB   1.0      0.0     0.0      0.0       0.5      0.5       0.0   1.0      0.0    185.1         3         2    1.328       0      0
 Sum      2/0   491.80 MB   0.0      0.0     0.0      0.0       0.5      0.5       0.0   1.0      0.0    185.1         3         2    1.328       0      0
 Int      0/0    0.00 KB   0.0      0.0     0.0      0.0       0.0      0.0       0.0   0.0      0.0      0.0         0         0    0.000       0      0
Uptime(secs): 37.7 total, 0.0 interval
Flush(GB): cumulative 0.480, interval 0.000
AddFile(GB): cumulative 0.000, interval 0.000
AddFile(Total Files): cumulative 0, interval 0
AddFile(L0 Files): cumulative 0, interval 0
AddFile(Keys): cumulative 0, interval 0
Cumulative compaction: 0.48 GB write, 13.06 MB/s write, 0.00 GB read, 0.00 MB/s read, 2.7 seconds
Interval compaction: 0.00 GB write, 0.00 MB/s write, 0.00 GB read, 0.00 MB/s read, 0.0 seconds
Stalls(count): 0 level0_slowdown, 0 level0_slowdown_with_compaction, 0 level0_numfiles, 0 level0_numfiles_with_compaction, 0 stop for pending_compaction_bytes, 0 slowdown for pending_compaction_bytes, 0 memtable_compaction, 0 memtable_slowdown, interval 0 total count

** File Read Latency Histogram By Level [usertable] **
2019/01/08-09:28:31.377361 7f16a99e4700 (Original Log Time 2019/01/08-09:28:31.348770) [db/db_impl_compaction_flush.cc:1835] [usertable] Moving #14 to level-1 259932351 bytes
2019/01/08-09:28:31.377366 7f16a99e4700 (Original Log Time 2019/01/08-09:28:31.377292) EVENT_LOG_v1 {"time_micros": 1546968511377275, "job": 4, "event": "trivial_move", "destination_level": 1, "files": 1, "total_files_size": 259932351}
2019/01/08-09:28:31.377368 7f16a99e4700 (Original Log Time 2019/01/08-09:28:31.377312) [db/db_impl_compaction_flush.cc:1864] [usertable] Moved #1 files to level-1 259932351 bytes OK: base level 1 max bytes base 536870912 files[1 1 0 0 0 0 0] max score 0.50
2019/01/08-09:28:38.151816 7f16b03dc700 [db/db_impl_write.cc:1373] [usertable] New memtable created with log file: #15. Immutable memtables: 0.
2019/01/08-09:28:46.957804 7f16b09e2700 [db/db_impl_write.cc:1373] [usertable] New memtable created with log file: #16. Immutable memtables: 1.
2019/01/08-09:28:46.957906 7f168affd700 [db/db_impl_compaction_flush.cc:80] [JOB 5] Syncing log #13
2019/01/08-09:28:47.984760 7f168affd700 [db/db_impl_compaction_flush.cc:80] [JOB 5] Syncing log #15
2019/01/08-09:28:49.219763 7f168affd700 (Original Log Time 2019/01/08-09:28:46.957881) [db/db_impl_compaction_flush.cc:1424] Calling FlushMemTableToOutputFile with column family [usertable], flush slots available 24, compaction slots available 1, flush slots scheduled 1, compaction slots scheduled 0
2019/01/08-09:28:49.219781 7f168affd700 [db/flush_job.cc:301] [usertable] [JOB 5] Flushing memtable with next log file: 15
2019/01/08-09:28:49.219802 7f168affd700 [db/flush_job.cc:301] [usertable] [JOB 5] Flushing memtable with next log file: 16
2019/01/08-09:28:49.219840 7f168affd700 EVENT_LOG_v1 {"time_micros": 1546968529219827, "job": 5, "event": "flush_started", "num_memtables": 2, "num_entries": 61664, "num_deletes": 0, "memory_usage": 255507720, "flush_reason": "Write Buffer Full"}
2019/01/08-09:28:49.219848 7f168affd700 [db/flush_job.cc:331] [usertable] [JOB 5] Level-0 flush table #17: started
2019/01/08-09:28:50.340383 7f168affd700 EVENT_LOG_v1 {"time_micros": 1546968530340356, "cf_name": "usertable", "job": 5, "event": "table_file_creation", "file_number": 17, "file_size": 255375269, "table_properties": {"data_size": 254240672, "index_size": 1133670, "filter_size": 0, "raw_key_size": 1479936, "raw_average_key_size": 24, "raw_value_size": 252575744, "raw_average_value_size": 4096, "num_data_blocks": 30832, "num_entries": 61664, "filter_policy_name": "", "kDeletedKeys": "0", "kMergeOperands": "0"}}
2019/01/08-09:28:50.340421 7f168affd700 [db/flush_job.cc:371] [usertable] [JOB 5] Level-0 flush table #17: 255375269 bytes OK
2019/01/08-09:28:50.369191 7f168affd700 (Original Log Time 2019/01/08-09:28:50.340451) [db/memtable_list.cc:377] [usertable] Level-0 commit table #17 started
2019/01/08-09:28:50.369194 7f168affd700 (Original Log Time 2019/01/08-09:28:50.369101) [db/memtable_list.cc:409] [usertable] Level-0 commit table #17: memtable #1 done
2019/01/08-09:28:50.369196 7f168affd700 (Original Log Time 2019/01/08-09:28:50.369104) [db/memtable_list.cc:409] [usertable] Level-0 commit table #17: memtable #2 done
2019/01/08-09:28:50.369197 7f168affd700 (Original Log Time 2019/01/08-09:28:50.369119) EVENT_LOG_v1 {"time_micros": 1546968530369111, "job": 5, "event": "flush_finished", "output_compression": "NoCompression", "lsm_state": [2, 1, 0, 0, 0, 0, 0], "immutable_memtables": 0}
2019/01/08-09:28:50.369199 7f168affd700 (Original Log Time 2019/01/08-09:28:50.369169) [db/db_impl_compaction_flush.cc:177] [usertable] Level summary: base level 1 max bytes base 536870912 files[2 1 0 0 0 0 0] max score 1.00
