2018/11/14-04:35:36.866914 7f12e05df700 RocksDB version: 5.14.3
2018/11/14-04:35:36.866986 7f12e05df700 Git sha rocksdb_build_git_sha:
2018/11/14-04:35:36.866989 7f12e05df700 Compile date Oct 15 2018
2018/11/14-04:35:36.866992 7f12e05df700 DB SUMMARY
2018/11/14-04:35:36.867011 7f12e05df700 SST files in /mnt/sdb/ycsb-rocksdb-data dir, Total Num: 0, files: 
2018/11/14-04:35:36.867013 7f12e05df700 Write Ahead Log file in /mnt/sdb/ycsb-rocksdb-data: 
2018/11/14-04:35:36.867015 7f12e05df700                         Options.error_if_exists: 0
2018/11/14-04:35:36.867016 7f12e05df700                       Options.create_if_missing: 1
2018/11/14-04:35:36.867017 7f12e05df700                         Options.paranoid_checks: 1
2018/11/14-04:35:36.867018 7f12e05df700                                     Options.env: 0x7f12b3bde3e0
2018/11/14-04:35:36.867019 7f12e05df700                                Options.info_log: 0x7f12c03ce6f0
2018/11/14-04:35:36.867020 7f12e05df700                Options.max_file_opening_threads: 16
2018/11/14-04:35:36.867021 7f12e05df700                              Options.statistics: (nil)
2018/11/14-04:35:36.867022 7f12e05df700                               Options.use_fsync: 0
2018/11/14-04:35:36.867023 7f12e05df700                       Options.max_log_file_size: 0
2018/11/14-04:35:36.867024 7f12e05df700                  Options.max_manifest_file_size: 18446744073709551615
2018/11/14-04:35:36.867025 7f12e05df700                   Options.log_file_time_to_roll: 0
2018/11/14-04:35:36.867026 7f12e05df700                       Options.keep_log_file_num: 1000
2018/11/14-04:35:36.867027 7f12e05df700                    Options.recycle_log_file_num: 0
2018/11/14-04:35:36.867027 7f12e05df700                         Options.allow_fallocate: 1
2018/11/14-04:35:36.867028 7f12e05df700                        Options.allow_mmap_reads: 0
2018/11/14-04:35:36.867029 7f12e05df700                       Options.allow_mmap_writes: 0
2018/11/14-04:35:36.867030 7f12e05df700                        Options.use_direct_reads: 0
2018/11/14-04:35:36.867031 7f12e05df700                        Options.use_direct_io_for_flush_and_compaction: 0
2018/11/14-04:35:36.867032 7f12e05df700          Options.create_missing_column_families: 1
2018/11/14-04:35:36.867033 7f12e05df700                              Options.db_log_dir: 
2018/11/14-04:35:36.867034 7f12e05df700                                 Options.wal_dir: /mnt/sdb/ycsb-rocksdb-data
2018/11/14-04:35:36.867035 7f12e05df700                Options.table_cache_numshardbits: 6
2018/11/14-04:35:36.867035 7f12e05df700                      Options.max_subcompactions: 4
2018/11/14-04:35:36.867036 7f12e05df700                  Options.max_background_flushes: 24
2018/11/14-04:35:36.867037 7f12e05df700                         Options.WAL_ttl_seconds: 0
2018/11/14-04:35:36.867038 7f12e05df700                       Options.WAL_size_limit_MB: 0
2018/11/14-04:35:36.867039 7f12e05df700             Options.manifest_preallocation_size: 4194304
2018/11/14-04:35:36.867040 7f12e05df700                     Options.is_fd_close_on_exec: 1
2018/11/14-04:35:36.867041 7f12e05df700                   Options.advise_random_on_open: 1
2018/11/14-04:35:36.867041 7f12e05df700                    Options.db_write_buffer_size: 0
2018/11/14-04:35:36.867042 7f12e05df700                    Options.write_buffer_manager: 0x7f12c03cc930
2018/11/14-04:35:36.867043 7f12e05df700         Options.access_hint_on_compaction_start: 1
2018/11/14-04:35:36.867044 7f12e05df700  Options.new_table_reader_for_compaction_inputs: 0
2018/11/14-04:35:36.867045 7f12e05df700           Options.random_access_max_buffer_size: 1048576
2018/11/14-04:35:36.867046 7f12e05df700                      Options.use_adaptive_mutex: 0
2018/11/14-04:35:36.867046 7f12e05df700                            Options.rate_limiter: (nil)
2018/11/14-04:35:36.867048 7f12e05df700     Options.sst_file_manager.rate_bytes_per_sec: 0
2018/11/14-04:35:36.867049 7f12e05df700                       Options.wal_recovery_mode: 2
2018/11/14-04:35:36.867049 7f12e05df700                  Options.enable_thread_tracking: 0
2018/11/14-04:35:36.867050 7f12e05df700                  Options.enable_pipelined_write: 1
2018/11/14-04:35:36.867068 7f12e05df700         Options.allow_concurrent_memtable_write: 1
2018/11/14-04:35:36.867069 7f12e05df700      Options.enable_write_thread_adaptive_yield: 1
2018/11/14-04:35:36.867070 7f12e05df700             Options.write_thread_max_yield_usec: 100
2018/11/14-04:35:36.867071 7f12e05df700            Options.write_thread_slow_yield_usec: 3
2018/11/14-04:35:36.867072 7f12e05df700                               Options.row_cache: None
2018/11/14-04:35:36.867072 7f12e05df700                              Options.wal_filter: None
2018/11/14-04:35:36.867073 7f12e05df700             Options.avoid_flush_during_recovery: 0
2018/11/14-04:35:36.867074 7f12e05df700             Options.allow_ingest_behind: 0
2018/11/14-04:35:36.867075 7f12e05df700             Options.preserve_deletes: 0
2018/11/14-04:35:36.867076 7f12e05df700             Options.two_write_queues: 0
2018/11/14-04:35:36.867077 7f12e05df700             Options.manual_wal_flush: 0
2018/11/14-04:35:36.867078 7f12e05df700             Options.max_background_jobs: 24
2018/11/14-04:35:36.867079 7f12e05df700             Options.max_background_compactions: 24
2018/11/14-04:35:36.867080 7f12e05df700             Options.avoid_flush_during_shutdown: 0
2018/11/14-04:35:36.867081 7f12e05df700           Options.writable_file_max_buffer_size: 1048576
2018/11/14-04:35:36.867082 7f12e05df700             Options.delayed_write_rate : 16777216
2018/11/14-04:35:36.867083 7f12e05df700             Options.max_total_wal_size: 0
2018/11/14-04:35:36.867084 7f12e05df700             Options.delete_obsolete_files_period_micros: 21600000000
2018/11/14-04:35:36.867085 7f12e05df700                   Options.stats_dump_period_sec: 60
2018/11/14-04:35:36.867086 7f12e05df700                          Options.max_open_files: -1
2018/11/14-04:35:36.867087 7f12e05df700                          Options.bytes_per_sync: 1048576
2018/11/14-04:35:36.867087 7f12e05df700                      Options.wal_bytes_per_sync: 0
2018/11/14-04:35:36.867088 7f12e05df700       Options.compaction_readahead_size: 0
2018/11/14-04:35:36.867089 7f12e05df700 Compression algorithms supported:
2018/11/14-04:35:36.867090 7f12e05df700 	kZSTDNotFinalCompression supported: 1
2018/11/14-04:35:36.867096 7f12e05df700 	kZSTD supported: 1
2018/11/14-04:35:36.867097 7f12e05df700 	kXpressCompression supported: 0
2018/11/14-04:35:36.867098 7f12e05df700 	kLZ4HCCompression supported: 1
2018/11/14-04:35:36.867099 7f12e05df700 	kLZ4Compression supported: 1
2018/11/14-04:35:36.867100 7f12e05df700 	kBZip2Compression supported: 1
2018/11/14-04:35:36.867101 7f12e05df700 	kZlibCompression supported: 1
2018/11/14-04:35:36.867102 7f12e05df700 	kSnappyCompression supported: 1
2018/11/14-04:35:36.867105 7f12e05df700 Fast CRC32 supported: Supported on x86
2018/11/14-04:35:36.867175 7f12e05df700 [db/db_impl_open.cc:222] Creating manifest 1 
2018/11/14-04:35:36.967399 7f12e05df700 [db/version_set.cc:3085] Recovering from manifest file: MANIFEST-000001
2018/11/14-04:35:36.967471 7f12e05df700 [db/column_family.cc:475] --------------- Options for column family [default]:
2018/11/14-04:35:36.967475 7f12e05df700               Options.comparator: leveldb.BytewiseComparator
2018/11/14-04:35:36.967476 7f12e05df700           Options.merge_operator: None
2018/11/14-04:35:36.967477 7f12e05df700        Options.compaction_filter: None
2018/11/14-04:35:36.967478 7f12e05df700        Options.compaction_filter_factory: None
2018/11/14-04:35:36.967479 7f12e05df700         Options.memtable_factory: SkipListFactory
2018/11/14-04:35:36.967480 7f12e05df700            Options.table_factory: BlockBasedTable
2018/11/14-04:35:36.967522 7f12e05df700            table_factory options:   flush_block_policy_factory: FlushBlockBySizePolicyFactory (0x7f12c0388640)
  cache_index_and_filter_blocks: 0
  cache_index_and_filter_blocks_with_high_priority: 0
  pin_l0_filter_and_index_blocks_in_cache: 0
  index_type: 0
  hash_index_allow_collision: 1
  checksum: 1
  no_block_cache: 0
  block_cache: 0x7f12c0391f20
  block_cache_name: LRUCache
  block_cache_options:
    capacity : 8388608
    num_shard_bits : 4
    strict_capacity_limit : 0
    high_pri_pool_ratio: 0.000
  block_cache_compressed: (nil)
  persistent_cache: (nil)
  block_size: 8192
  block_size_deviation: 10
  block_restart_interval: 16
  index_block_restart_interval: 1
  metadata_block_size: 4096
  partition_filters: 0
  use_delta_encoding: 1
  filter_policy: nullptr
  whole_key_filtering: 1
  verify_compression: 0
  read_amp_bytes_per_bit: 0
  format_version: 2
  enable_index_compression: 1
  block_align: 0
2018/11/14-04:35:36.967536 7f12e05df700        Options.write_buffer_size: 134217728
2018/11/14-04:35:36.967538 7f12e05df700  Options.max_write_buffer_number: 24
2018/11/14-04:35:36.967539 7f12e05df700        Options.compression[0]: NoCompression
2018/11/14-04:35:36.967540 7f12e05df700        Options.compression[1]: NoCompression
2018/11/14-04:35:36.967541 7f12e05df700        Options.compression[2]: LZ4
2018/11/14-04:35:36.967542 7f12e05df700        Options.compression[3]: LZ4
2018/11/14-04:35:36.967543 7f12e05df700        Options.compression[4]: LZ4
2018/11/14-04:35:36.967544 7f12e05df700        Options.compression[5]: LZ4
2018/11/14-04:35:36.967545 7f12e05df700        Options.compression[6]: LZ4
2018/11/14-04:35:36.967546 7f12e05df700                  Options.bottommost_compression: Disabled
2018/11/14-04:35:36.967547 7f12e05df700       Options.prefix_extractor: nullptr
2018/11/14-04:35:36.967548 7f12e05df700   Options.memtable_insert_with_hint_prefix_extractor: nullptr
2018/11/14-04:35:36.967549 7f12e05df700             Options.num_levels: 7
2018/11/14-04:35:36.967550 7f12e05df700        Options.min_write_buffer_number_to_merge: 2
2018/11/14-04:35:36.967550 7f12e05df700     Options.max_write_buffer_number_to_maintain: 0
2018/11/14-04:35:36.967552 7f12e05df700            Options.compression_opts.window_bits: -14
2018/11/14-04:35:36.967552 7f12e05df700                  Options.compression_opts.level: -1
2018/11/14-04:35:36.967553 7f12e05df700               Options.compression_opts.strategy: 0
2018/11/14-04:35:36.967554 7f12e05df700         Options.compression_opts.max_dict_bytes: 0
2018/11/14-04:35:36.967555 7f12e05df700         Options.compression_opts.zstd_max_train_bytes: 0
2018/11/14-04:35:36.967556 7f12e05df700      Options.level0_file_num_compaction_trigger: 2
2018/11/14-04:35:36.967557 7f12e05df700          Options.level0_slowdown_writes_trigger: 20
2018/11/14-04:35:36.967558 7f12e05df700              Options.level0_stop_writes_trigger: 36
2018/11/14-04:35:36.967559 7f12e05df700                   Options.target_file_size_base: 67108864
2018/11/14-04:35:36.967560 7f12e05df700             Options.target_file_size_multiplier: 1
2018/11/14-04:35:36.967560 7f12e05df700                Options.max_bytes_for_level_base: 536870912
2018/11/14-04:35:36.967561 7f12e05df700 Options.level_compaction_dynamic_level_bytes: 0
2018/11/14-04:35:36.967562 7f12e05df700          Options.max_bytes_for_level_multiplier: 10.000000
2018/11/14-04:35:36.967566 7f12e05df700 Options.max_bytes_for_level_multiplier_addtl[0]: 1
2018/11/14-04:35:36.967567 7f12e05df700 Options.max_bytes_for_level_multiplier_addtl[1]: 1
2018/11/14-04:35:36.967568 7f12e05df700 Options.max_bytes_for_level_multiplier_addtl[2]: 1
2018/11/14-04:35:36.967569 7f12e05df700 Options.max_bytes_for_level_multiplier_addtl[3]: 1
2018/11/14-04:35:36.967569 7f12e05df700 Options.max_bytes_for_level_multiplier_addtl[4]: 1
2018/11/14-04:35:36.967570 7f12e05df700 Options.max_bytes_for_level_multiplier_addtl[5]: 1
2018/11/14-04:35:36.967571 7f12e05df700 Options.max_bytes_for_level_multiplier_addtl[6]: 1
2018/11/14-04:35:36.967572 7f12e05df700       Options.max_sequential_skip_in_iterations: 8
2018/11/14-04:35:36.967573 7f12e05df700                    Options.max_compaction_bytes: 1677721600
2018/11/14-04:35:36.967574 7f12e05df700                        Options.arena_block_size: 16777216
2018/11/14-04:35:36.967575 7f12e05df700   Options.soft_pending_compaction_bytes_limit: 68719476736
2018/11/14-04:35:36.967576 7f12e05df700   Options.hard_pending_compaction_bytes_limit: 274877906944
2018/11/14-04:35:36.967582 7f12e05df700       Options.rate_limit_delay_max_milliseconds: 100
2018/11/14-04:35:36.967584 7f12e05df700                Options.disable_auto_compactions: 0
2018/11/14-04:35:36.967585 7f12e05df700                        Options.compaction_style: kCompactionStyleLevel
2018/11/14-04:35:36.967586 7f12e05df700                          Options.compaction_pri: kByCompensatedSize
2018/11/14-04:35:36.967587 7f12e05df700 Options.compaction_options_universal.size_ratio: 1
2018/11/14-04:35:36.967588 7f12e05df700 Options.compaction_options_universal.min_merge_width: 2
2018/11/14-04:35:36.967589 7f12e05df700 Options.compaction_options_universal.max_merge_width: 4294967295
2018/11/14-04:35:36.967590 7f12e05df700 Options.compaction_options_universal.max_size_amplification_percent: 200
2018/11/14-04:35:36.967591 7f12e05df700 Options.compaction_options_universal.compression_size_percent: -1
2018/11/14-04:35:36.967592 7f12e05df700 Options.compaction_options_universal.stop_style: kCompactionStopStyleTotalSize
2018/11/14-04:35:36.967593 7f12e05df700 Options.compaction_options_fifo.max_table_files_size: 1073741824
2018/11/14-04:35:36.967594 7f12e05df700 Options.compaction_options_fifo.allow_compaction: 0
2018/11/14-04:35:36.967595 7f12e05df700 Options.compaction_options_fifo.ttl: 0
2018/11/14-04:35:36.967596 7f12e05df700                   Options.table_properties_collectors: 
2018/11/14-04:35:36.967597 7f12e05df700                   Options.inplace_update_support: 0
2018/11/14-04:35:36.967598 7f12e05df700                 Options.inplace_update_num_locks: 10000
2018/11/14-04:35:36.967599 7f12e05df700               Options.memtable_prefix_bloom_size_ratio: 0.000000
2018/11/14-04:35:36.967600 7f12e05df700   Options.memtable_huge_page_size: 0
2018/11/14-04:35:36.967601 7f12e05df700                           Options.bloom_locality: 0
2018/11/14-04:35:36.967602 7f12e05df700                    Options.max_successive_merges: 0
2018/11/14-04:35:36.967603 7f12e05df700                Options.optimize_filters_for_hits: 0
2018/11/14-04:35:36.967604 7f12e05df700                Options.paranoid_file_checks: 0
2018/11/14-04:35:36.967605 7f12e05df700                Options.force_consistency_checks: 0
2018/11/14-04:35:36.967605 7f12e05df700                Options.report_bg_io_stats: 0
2018/11/14-04:35:36.967606 7f12e05df700                               Options.ttl: 0
2018/11/14-04:35:36.968312 7f12e05df700 [db/version_set.cc:3361] Recovered from manifest file:/mnt/sdb/ycsb-rocksdb-data/MANIFEST-000001 succeeded,manifest_file_number is 1, next_file_number is 3, last_sequence is 0, log_number is 0,prev_log_number is 0,max_column_family is 0,min_log_number_to_keep is 0
2018/11/14-04:35:36.968317 7f12e05df700 [db/version_set.cc:3369] Column family [default] (ID 0), log number is 0
2018/11/14-04:35:36.968452 7f12e05df700 [db/version_set.cc:2847] Creating manifest 4
2018/11/14-04:35:37.040472 7f12e05df700 [db/column_family.cc:475] --------------- Options for column family [usertable]:
2018/11/14-04:35:37.040476 7f12e05df700               Options.comparator: leveldb.BytewiseComparator
2018/11/14-04:35:37.040477 7f12e05df700           Options.merge_operator: None
2018/11/14-04:35:37.040478 7f12e05df700        Options.compaction_filter: None
2018/11/14-04:35:37.040479 7f12e05df700        Options.compaction_filter_factory: None
2018/11/14-04:35:37.040479 7f12e05df700         Options.memtable_factory: SkipListFactory
2018/11/14-04:35:37.040480 7f12e05df700            Options.table_factory: BlockBasedTable
2018/11/14-04:35:37.040503 7f12e05df700            table_factory options:   flush_block_policy_factory: FlushBlockBySizePolicyFactory (0x7f12c0388620)
  cache_index_and_filter_blocks: 0
  cache_index_and_filter_blocks_with_high_priority: 0
  pin_l0_filter_and_index_blocks_in_cache: 0
  index_type: 0
  hash_index_allow_collision: 1
  checksum: 1
  no_block_cache: 0
  block_cache: 0x7f12c03926f0
  block_cache_name: LRUCache
  block_cache_options:
    capacity : 8388608
    num_shard_bits : 4
    strict_capacity_limit : 0
    high_pri_pool_ratio: 0.000
  block_cache_compressed: (nil)
  persistent_cache: (nil)
  block_size: 8192
  block_size_deviation: 10
  block_restart_interval: 16
  index_block_restart_interval: 1
  metadata_block_size: 4096
  partition_filters: 0
  use_delta_encoding: 1
  filter_policy: nullptr
  whole_key_filtering: 1
  verify_compression: 0
  read_amp_bytes_per_bit: 0
  format_version: 2
  enable_index_compression: 1
  block_align: 0
2018/11/14-04:35:37.040505 7f12e05df700        Options.write_buffer_size: 134217728
2018/11/14-04:35:37.040506 7f12e05df700  Options.max_write_buffer_number: 24
2018/11/14-04:35:37.040507 7f12e05df700        Options.compression[0]: NoCompression
2018/11/14-04:35:37.040508 7f12e05df700        Options.compression[1]: NoCompression
2018/11/14-04:35:37.040509 7f12e05df700        Options.compression[2]: LZ4
2018/11/14-04:35:37.040510 7f12e05df700        Options.compression[3]: LZ4
2018/11/14-04:35:37.040511 7f12e05df700        Options.compression[4]: LZ4
2018/11/14-04:35:37.040511 7f12e05df700        Options.compression[5]: LZ4
2018/11/14-04:35:37.040512 7f12e05df700        Options.compression[6]: LZ4
2018/11/14-04:35:37.040513 7f12e05df700                  Options.bottommost_compression: Disabled
2018/11/14-04:35:37.040514 7f12e05df700       Options.prefix_extractor: nullptr
2018/11/14-04:35:37.040515 7f12e05df700   Options.memtable_insert_with_hint_prefix_extractor: nullptr
2018/11/14-04:35:37.040516 7f12e05df700             Options.num_levels: 7
2018/11/14-04:35:37.040517 7f12e05df700        Options.min_write_buffer_number_to_merge: 2
2018/11/14-04:35:37.040517 7f12e05df700     Options.max_write_buffer_number_to_maintain: 0
2018/11/14-04:35:37.040518 7f12e05df700            Options.compression_opts.window_bits: -14
2018/11/14-04:35:37.040519 7f12e05df700                  Options.compression_opts.level: -1
2018/11/14-04:35:37.040520 7f12e05df700               Options.compression_opts.strategy: 0
2018/11/14-04:35:37.040521 7f12e05df700         Options.compression_opts.max_dict_bytes: 0
2018/11/14-04:35:37.040522 7f12e05df700         Options.compression_opts.zstd_max_train_bytes: 0
2018/11/14-04:35:37.040523 7f12e05df700      Options.level0_file_num_compaction_trigger: 2
2018/11/14-04:35:37.040523 7f12e05df700          Options.level0_slowdown_writes_trigger: 20
2018/11/14-04:35:37.040524 7f12e05df700              Options.level0_stop_writes_trigger: 36
2018/11/14-04:35:37.040525 7f12e05df700                   Options.target_file_size_base: 67108864
2018/11/14-04:35:37.040526 7f12e05df700             Options.target_file_size_multiplier: 1
2018/11/14-04:35:37.040527 7f12e05df700                Options.max_bytes_for_level_base: 536870912
2018/11/14-04:35:37.040527 7f12e05df700 Options.level_compaction_dynamic_level_bytes: 0
2018/11/14-04:35:37.040528 7f12e05df700          Options.max_bytes_for_level_multiplier: 10.000000
2018/11/14-04:35:37.040530 7f12e05df700 Options.max_bytes_for_level_multiplier_addtl[0]: 1
2018/11/14-04:35:37.040540 7f12e05df700 Options.max_bytes_for_level_multiplier_addtl[1]: 1
2018/11/14-04:35:37.040542 7f12e05df700 Options.max_bytes_for_level_multiplier_addtl[2]: 1
2018/11/14-04:35:37.040542 7f12e05df700 Options.max_bytes_for_level_multiplier_addtl[3]: 1
2018/11/14-04:35:37.040543 7f12e05df700 Options.max_bytes_for_level_multiplier_addtl[4]: 1
2018/11/14-04:35:37.040544 7f12e05df700 Options.max_bytes_for_level_multiplier_addtl[5]: 1
2018/11/14-04:35:37.040545 7f12e05df700 Options.max_bytes_for_level_multiplier_addtl[6]: 1
2018/11/14-04:35:37.040546 7f12e05df700       Options.max_sequential_skip_in_iterations: 8
2018/11/14-04:35:37.040546 7f12e05df700                    Options.max_compaction_bytes: 1677721600
2018/11/14-04:35:37.040547 7f12e05df700                        Options.arena_block_size: 16777216
2018/11/14-04:35:37.040548 7f12e05df700   Options.soft_pending_compaction_bytes_limit: 68719476736
2018/11/14-04:35:37.040549 7f12e05df700   Options.hard_pending_compaction_bytes_limit: 274877906944
2018/11/14-04:35:37.040550 7f12e05df700       Options.rate_limit_delay_max_milliseconds: 100
2018/11/14-04:35:37.040551 7f12e05df700                Options.disable_auto_compactions: 0
2018/11/14-04:35:37.040552 7f12e05df700                        Options.compaction_style: kCompactionStyleLevel
2018/11/14-04:35:37.040553 7f12e05df700                          Options.compaction_pri: kByCompensatedSize
2018/11/14-04:35:37.040554 7f12e05df700 Options.compaction_options_universal.size_ratio: 1
2018/11/14-04:35:37.040555 7f12e05df700 Options.compaction_options_universal.min_merge_width: 2
2018/11/14-04:35:37.040556 7f12e05df700 Options.compaction_options_universal.max_merge_width: 4294967295
2018/11/14-04:35:37.040556 7f12e05df700 Options.compaction_options_universal.max_size_amplification_percent: 200
2018/11/14-04:35:37.040557 7f12e05df700 Options.compaction_options_universal.compression_size_percent: -1
2018/11/14-04:35:37.040558 7f12e05df700 Options.compaction_options_universal.stop_style: kCompactionStopStyleTotalSize
2018/11/14-04:35:37.040559 7f12e05df700 Options.compaction_options_fifo.max_table_files_size: 1073741824
2018/11/14-04:35:37.040560 7f12e05df700 Options.compaction_options_fifo.allow_compaction: 0
2018/11/14-04:35:37.040561 7f12e05df700 Options.compaction_options_fifo.ttl: 0
2018/11/14-04:35:37.040562 7f12e05df700                   Options.table_properties_collectors: 
2018/11/14-04:35:37.040563 7f12e05df700                   Options.inplace_update_support: 0
2018/11/14-04:35:37.040563 7f12e05df700                 Options.inplace_update_num_locks: 10000
2018/11/14-04:35:37.040564 7f12e05df700               Options.memtable_prefix_bloom_size_ratio: 0.000000
2018/11/14-04:35:37.040566 7f12e05df700   Options.memtable_huge_page_size: 0
2018/11/14-04:35:37.040567 7f12e05df700                           Options.bloom_locality: 0
2018/11/14-04:35:37.040567 7f12e05df700                    Options.max_successive_merges: 0
2018/11/14-04:35:37.040568 7f12e05df700                Options.optimize_filters_for_hits: 0
2018/11/14-04:35:37.040569 7f12e05df700                Options.paranoid_file_checks: 0
2018/11/14-04:35:37.040570 7f12e05df700                Options.force_consistency_checks: 0
2018/11/14-04:35:37.040571 7f12e05df700                Options.report_bg_io_stats: 0
2018/11/14-04:35:37.040571 7f12e05df700                               Options.ttl: 0
2018/11/14-04:35:37.040621 7f12e05df700 [db/db_impl.cc:1396] Created column family [usertable] (ID 1)
2018/11/14-04:35:37.116480 7f12e05df700 [db/db_impl_open.cc:1219] DB pointer 0x7f12c03ced30
2018/11/14-04:35:37.568413 7f12e05df700 [db/db_impl_write.cc:1373] [usertable] New memtable created with log file: #9. Immutable memtables: 0.
2018/11/14-04:35:37.933199 7f12e02dc700 [db/db_impl_write.cc:1373] [usertable] New memtable created with log file: #10. Immutable memtables: 1.
2018/11/14-04:35:37.933349 7f11dbfff700 [db/db_impl_compaction_flush.cc:80] [JOB 2] Syncing log #3
2018/11/14-04:35:38.265710 7f12e03dd700 [db/db_impl_write.cc:1373] [usertable] New memtable created with log file: #12. Immutable memtables: 2.
2018/11/14-04:35:38.672596 7f12e02dc700 [db/db_impl_write.cc:1373] [usertable] New memtable created with log file: #13. Immutable memtables: 3.
2018/11/14-04:35:38.961191 7f11dbfff700 [db/db_impl_compaction_flush.cc:80] [JOB 2] Syncing log #9
2018/11/14-04:35:39.203312 7f12e05df700 [db/db_impl_write.cc:1373] [usertable] New memtable created with log file: #15. Immutable memtables: 4.
2018/11/14-04:35:39.524798 7f12e05df700 [db/db_impl_write.cc:1373] [usertable] New memtable created with log file: #16. Immutable memtables: 5.
2018/11/14-04:35:39.874328 7f12e04de700 [db/db_impl_write.cc:1373] [usertable] New memtable created with log file: #18. Immutable memtables: 6.
2018/11/14-04:35:40.200355 7f12e05df700 [db/db_impl_write.cc:1373] [usertable] New memtable created with log file: #19. Immutable memtables: 7.
2018/11/14-04:35:40.223201 7f11dbfff700 (Original Log Time 2018/11/14-04:35:37.933290) [db/db_impl_compaction_flush.cc:1424] Calling FlushMemTableToOutputFile with column family [usertable], flush slots available 24, compaction slots available 1, flush slots scheduled 1, compaction slots scheduled 0
2018/11/14-04:35:40.223214 7f11dbfff700 [db/flush_job.cc:301] [usertable] [JOB 2] Flushing memtable with next log file: 9
2018/11/14-04:35:40.223214 7f12557fa700 [db/db_impl_compaction_flush.cc:80] [JOB 3] Syncing log #10
2018/11/14-04:35:40.223226 7f11dbfff700 [db/flush_job.cc:301] [usertable] [JOB 2] Flushing memtable with next log file: 10
2018/11/14-04:35:40.223273 7f11dbfff700 EVENT_LOG_v1 {"time_micros": 1542198940223252, "job": 2, "event": "flush_started", "num_memtables": 2, "num_entries": 61517, "num_deletes": 0, "memory_usage": 259205240, "flush_reason": "Write Buffer Full"}
2018/11/14-04:35:40.223285 7f11dbfff700 [db/flush_job.cc:331] [usertable] [JOB 2] Level-0 flush table #11: started
2018/11/14-04:35:40.515423 7f12e04de700 [db/db_impl_write.cc:1373] [usertable] New memtable created with log file: #21. Immutable memtables: 8.
2018/11/14-04:35:40.864397 7f12e04de700 [db/db_impl_write.cc:1373] [usertable] New memtable created with log file: #22. Immutable memtables: 9.
2018/11/14-04:35:41.187019 7f12e04de700 [db/db_impl_write.cc:1373] [usertable] New memtable created with log file: #24. Immutable memtables: 10.
2018/11/14-04:35:41.523524 7f12e03dd700 [db/db_impl_write.cc:1373] [usertable] New memtable created with log file: #25. Immutable memtables: 11.
2018/11/14-04:35:41.607784 7f12557fa700 [db/db_impl_compaction_flush.cc:80] [JOB 3] Syncing log #12
2018/11/14-04:35:41.876960 7f12e02dc700 [db/db_impl_write.cc:1373] [usertable] New memtable created with log file: #27. Immutable memtables: 12.
2018/11/14-04:35:42.243985 7f12e05df700 [db/db_impl_write.cc:1373] [usertable] New memtable created with log file: #28. Immutable memtables: 13.
2018/11/14-04:35:42.616350 7f12e04de700 [db/db_impl_write.cc:1373] [usertable] New memtable created with log file: #30. Immutable memtables: 14.
2018/11/14-04:35:42.951881 7f12e02dc700 [db/db_impl_write.cc:1373] [usertable] New memtable created with log file: #31. Immutable memtables: 15.
2018/11/14-04:35:43.294054 7f12e04de700 [db/db_impl_write.cc:1373] [usertable] New memtable created with log file: #33. Immutable memtables: 16.
2018/11/14-04:35:43.634947 7f12e02dc700 [db/db_impl_write.cc:1373] [usertable] New memtable created with log file: #34. Immutable memtables: 17.
2018/11/14-04:35:43.973867 7f12e05df700 [db/db_impl_write.cc:1373] [usertable] New memtable created with log file: #36. Immutable memtables: 18.
2018/11/14-04:35:44.331594 7f12e05df700 [db/db_impl_write.cc:1373] [usertable] New memtable created with log file: #37. Immutable memtables: 19.
2018/11/14-04:35:44.661614 7f12e04de700 [db/db_impl_write.cc:1373] [usertable] New memtable created with log file: #39. Immutable memtables: 20.
2018/11/14-04:35:44.705697 7f1254ff9700 [db/db_impl_compaction_flush.cc:80] [JOB 4] Syncing log #13
2018/11/14-04:35:44.705695 7f12557fa700 (Original Log Time 2018/11/14-04:35:38.672662) [db/db_impl_compaction_flush.cc:1424] Calling FlushMemTableToOutputFile with column family [usertable], flush slots available 24, compaction slots available 1, flush slots scheduled 2, compaction slots scheduled 0
2018/11/14-04:35:44.705708 7f12557fa700 [db/flush_job.cc:301] [usertable] [JOB 3] Flushing memtable with next log file: 12
2018/11/14-04:35:44.705715 7f12557fa700 [db/flush_job.cc:301] [usertable] [JOB 3] Flushing memtable with next log file: 13
2018/11/14-04:35:44.705753 7f12557fa700 EVENT_LOG_v1 {"time_micros": 1542198944705743, "job": 3, "event": "flush_started", "num_memtables": 2, "num_entries": 62749, "num_deletes": 0, "memory_usage": 260125424, "flush_reason": "Write Buffer Full"}
2018/11/14-04:35:44.705760 7f12557fa700 [db/flush_job.cc:331] [usertable] [JOB 3] Level-0 flush table #14: started
2018/11/14-04:35:44.706694 7f11dbfff700 EVENT_LOG_v1 {"time_micros": 1542198944706644, "cf_name": "usertable", "job": 2, "event": "table_file_creation", "file_number": 11, "file_size": 254766518, "table_properties": {"data_size": 253634605, "index_size": 1130986, "filter_size": 0, "raw_key_size": 1476408, "raw_average_key_size": 24, "raw_value_size": 251973632, "raw_average_value_size": 4096, "num_data_blocks": 30759, "num_entries": 61517, "filter_policy_name": "", "kDeletedKeys": "0", "kMergeOperands": "0"}}
2018/11/14-04:35:44.706743 7f11dbfff700 [db/flush_job.cc:371] [usertable] [JOB 2] Level-0 flush table #11: 254766518 bytes OK
2018/11/14-04:35:44.968102 7f12e03dd700 [db/db_impl_write.cc:1373] [usertable] New memtable created with log file: #40. Immutable memtables: 21.
2018/11/14-04:35:45.303563 7f12e02dc700 [db/db_impl_write.cc:1373] [usertable] New memtable created with log file: #42. Immutable memtables: 22.
2018/11/14-04:35:45.303593 7f12e02dc700 [WARN] [db/column_family.cc:779] [usertable] Stalling writes because we have 23 immutable memtables (waiting for flush), max_write_buffer_number is set to 24 rate 16777216
2018/11/14-04:35:45.828480 7f11dbfff700 (Original Log Time 2018/11/14-04:35:44.720897) [db/memtable_list.cc:377] [usertable] Level-0 commit table #11 started
2018/11/14-04:35:45.828483 7f11dbfff700 (Original Log Time 2018/11/14-04:35:45.828349) [db/memtable_list.cc:409] [usertable] Level-0 commit table #11: memtable #1 done
2018/11/14-04:35:45.828485 7f11dbfff700 (Original Log Time 2018/11/14-04:35:45.828359) [db/memtable_list.cc:409] [usertable] Level-0 commit table #11: memtable #2 done
2018/11/14-04:35:45.828486 7f11dbfff700 (Original Log Time 2018/11/14-04:35:45.828404) EVENT_LOG_v1 {"time_micros": 1542198945828383, "job": 2, "event": "flush_finished", "output_compression": "NoCompression", "lsm_state": [1, 0, 0, 0, 0, 0, 0], "immutable_memtables": 21}
2018/11/14-04:35:45.828488 7f11dbfff700 (Original Log Time 2018/11/14-04:35:45.828444) [db/db_impl_compaction_flush.cc:177] [usertable] Level summary: base level 1 max bytes base 536870912 files[1 0 0 0 0 0 0] max score 0.50
2018/11/14-04:35:45.828501 7f11dbfff700 [db/db_impl_files.cc:347] [JOB 2] Try to delete WAL files size 253810061, prev total WAL file size 2947233664, number of live WAL files 24.
2018/11/14-04:35:46.116471 7f12e04de700 [db/db_impl_write.cc:1373] [usertable] New memtable created with log file: #43. Immutable memtables: 21.
2018/11/14-04:35:46.444089 7f12e05df700 [db/db_impl_write.cc:1373] [usertable] New memtable created with log file: #45. Immutable memtables: 22.
2018/11/14-04:35:46.444113 7f12e05df700 [WARN] [db/column_family.cc:779] [usertable] Stalling writes because we have 23 immutable memtables (waiting for flush), max_write_buffer_number is set to 24 rate 16777216
2018/11/14-04:35:46.711420 7f1254ff9700 [db/db_impl_compaction_flush.cc:80] [JOB 4] Syncing log #15
2018/11/14-04:35:49.350367 7f1254ff9700 (Original Log Time 2018/11/14-04:35:39.524878) [db/db_impl_compaction_flush.cc:1424] Calling FlushMemTableToOutputFile with column family [usertable], flush slots available 24, compaction slots available 1, flush slots scheduled 3, compaction slots scheduled 0
2018/11/14-04:35:49.350379 7f1254ff9700 [db/flush_job.cc:301] [usertable] [JOB 4] Flushing memtable with next log file: 15
2018/11/14-04:35:49.350386 7f1254ff9700 [db/flush_job.cc:301] [usertable] [JOB 4] Flushing memtable with next log file: 16
2018/11/14-04:35:49.350390 7f123f7fe700 [db/db_impl_compaction_flush.cc:80] [JOB 6] Syncing log #16
2018/11/14-04:35:49.350420 7f1254ff9700 EVENT_LOG_v1 {"time_micros": 1542198949350408, "job": 4, "event": "flush_started", "num_memtables": 2, "num_entries": 62753, "num_deletes": 0, "memory_usage": 260141592, "flush_reason": "Write Buffer Full"}
2018/11/14-04:35:49.350429 7f1254ff9700 [db/flush_job.cc:331] [usertable] [JOB 4] Level-0 flush table #17: started
2018/11/14-04:35:49.351174 7f12557fa700 EVENT_LOG_v1 {"time_micros": 1542198949351155, "cf_name": "usertable", "job": 3, "event": "table_file_creation", "file_number": 14, "file_size": 259882651, "table_properties": {"data_size": 258721113, "index_size": 1160611, "filter_size": 0, "raw_key_size": 1505976, "raw_average_key_size": 24, "raw_value_size": 257019904, "raw_average_value_size": 4096, "num_data_blocks": 31375, "num_entries": 62749, "filter_policy_name": "", "kDeletedKeys": "0", "kMergeOperands": "0"}}
2018/11/14-04:35:49.351203 7f12557fa700 [db/flush_job.cc:371] [usertable] [JOB 3] Level-0 flush table #14: 259882651 bytes OK
2018/11/14-04:35:50.987672 7f123f7fe700 [db/db_impl_compaction_flush.cc:80] [JOB 6] Syncing log #18
2018/11/14-04:35:53.718957 7f12e02dc700 [db/db_impl_write.cc:1373] [usertable] New memtable created with log file: #46. Immutable memtables: 23.
2018/11/14-04:35:53.718996 7f12e02dc700 [WARN] [db/column_family.cc:743] [usertable] Stopping writes because we have 24 immutable memtables (waiting for flush), max_write_buffer_number is set to 24
2018/11/14-04:35:53.888447 7f123f7fe700 [db/db_impl_compaction_flush.cc:80] [JOB 6] Syncing log #19
2018/11/14-04:35:53.889260 7f1254ff9700 EVENT_LOG_v1 {"time_micros": 1542198953889238, "cf_name": "usertable", "job": 4, "event": "table_file_creation", "file_number": 17, "file_size": 259885273, "table_properties": {"data_size": 258730633, "index_size": 1153713, "filter_size": 0, "raw_key_size": 1506072, "raw_average_key_size": 24, "raw_value_size": 257036288, "raw_average_value_size": 4096, "num_data_blocks": 31377, "num_entries": 62753, "filter_policy_name": "", "kDeletedKeys": "0", "kMergeOperands": "0"}}
2018/11/14-04:35:53.889284 7f1254ff9700 [db/flush_job.cc:371] [usertable] [JOB 4] Level-0 flush table #17: 259885273 bytes OK
2018/11/14-04:35:53.889325 7f1254ff9700 [WARN] [db/column_family.cc:743] [usertable] Stopping writes because we have 24 immutable memtables (waiting for flush), max_write_buffer_number is set to 24
2018/11/14-04:35:53.889357 7f1254ff9700 (Original Log Time 2018/11/14-04:35:53.889313) EVENT_LOG_v1 {"time_micros": 1542198953889303, "job": 4, "event": "flush_finished", "output_compression": "NoCompression", "lsm_state": [1, 0, 0, 0, 0, 0, 0], "immutable_memtables": 24}
2018/11/14-04:35:53.889359 7f1254ff9700 (Original Log Time 2018/11/14-04:35:53.889339) [db/db_impl_compaction_flush.cc:177] [usertable] Level summary: base level 1 max bytes base 536870912 files[1 0 0 0 0 0 0] max score 0.50
2018/11/14-04:35:55.059332 7f123f7fe700 [db/db_impl_compaction_flush.cc:80] [JOB 6] Syncing log #21
2018/11/14-04:35:55.059462 7f12557fa700 (Original Log Time 2018/11/14-04:35:49.663046) [db/memtable_list.cc:377] [usertable] Level-0 commit table #14 started
2018/11/14-04:35:55.059468 7f12557fa700 (Original Log Time 2018/11/14-04:35:54.212370) [db/memtable_list.cc:409] [usertable] Level-0 commit table #14: memtable #1 done
2018/11/14-04:35:55.059471 7f12557fa700 (Original Log Time 2018/11/14-04:35:54.212373) [db/memtable_list.cc:409] [usertable] Level-0 commit table #14: memtable #2 done
2018/11/14-04:35:55.059475 7f12557fa700 (Original Log Time 2018/11/14-04:35:54.212377) [db/memtable_list.cc:377] [usertable] Level-0 commit table #17 started
2018/11/14-04:35:55.059477 7f12557fa700 (Original Log Time 2018/11/14-04:35:55.059342) [db/memtable_list.cc:409] [usertable] Level-0 commit table #17: memtable #1 done
2018/11/14-04:35:55.059480 7f12557fa700 (Original Log Time 2018/11/14-04:35:55.059345) [db/memtable_list.cc:409] [usertable] Level-0 commit table #17: memtable #2 done
2018/11/14-04:35:55.059483 7f12557fa700 (Original Log Time 2018/11/14-04:35:55.059380) EVENT_LOG_v1 {"time_micros": 1542198955059367, "job": 3, "event": "flush_finished", "output_compression": "NoCompression", "lsm_state": [3, 0, 0, 0, 0, 0, 0], "immutable_memtables": 20}
2018/11/14-04:35:55.059485 7f12557fa700 (Original Log Time 2018/11/14-04:35:55.059432) [db/db_impl_compaction_flush.cc:177] [usertable] Level summary: base level 1 max bytes base 536870912 files[3 0 0 0 0 0 0] max score 1.50
2018/11/14-04:35:55.059506 7f12557fa700 [db/db_impl_files.cc:347] [JOB 3] Try to delete WAL files size 517752786, prev total WAL file size 3056904465, number of live WAL files 25.
2018/11/14-04:35:55.060047 7f12567fc700 [WARN] [db/db_impl.cc:491] ------- DUMPING STATS -------
2018/11/14-04:35:55.060104 7f12567fc700 [WARN] [db/db_impl.cc:492] 
** DB Stats **
Uptime(secs): 18.1 total, 18.1 interval
Cumulative writes: 802K writes, 802K keys, 514K commit groups, 1.6 writes per commit group, ingest: 3.08 GB, 174.51 MB/s
Cumulative WAL: 802K writes, 0 syncs, 802658.00 writes per sync, written: 3.08 GB, 174.51 MB/s
Cumulative stall: 00:00:6.892 H:M:S, 38.1 percent
Interval writes: 802K writes, 802K keys, 514K commit groups, 1.6 writes per commit group, ingest: 3157.34 MB, 174.51 MB/s
Interval WAL: 802K writes, 0 syncs, 802658.00 writes per sync, written: 3.08 MB, 174.51 MB/s
Interval stall: 00:00:6.892 H:M:S, 38.1 percent

** Compaction Stats [default] **
Level    Files   Size     Score Read(GB)  Rn(GB) Rnp1(GB) Write(GB) Wnew(GB) Moved(GB) W-Amp Rd(MB/s) Wr(MB/s) Comp(sec) Comp(cnt) Avg(sec) KeyIn KeyDrop
----------------------------------------------------------------------------------------------------------------------------------------------------------
 Sum      0/0    0.00 KB   0.0      0.0     0.0      0.0       0.0      0.0       0.0   0.0      0.0      0.0         0         0    0.000       0      0
 Int      0/0    0.00 KB   0.0      0.0     0.0      0.0       0.0      0.0       0.0   0.0      0.0      0.0         0         0    0.000       0      0
Uptime(secs): 18.1 total, 18.1 interval
Flush(GB): cumulative 0.000, interval 0.000
AddFile(GB): cumulative 0.000, interval 0.000
AddFile(Total Files): cumulative 0, interval 0
AddFile(L0 Files): cumulative 0, interval 0
AddFile(Keys): cumulative 0, interval 0
Cumulative compaction: 0.00 GB write, 0.00 MB/s write, 0.00 GB read, 0.00 MB/s read, 0.0 seconds
Interval compaction: 0.00 GB write, 0.00 MB/s write, 0.00 GB read, 0.00 MB/s read, 0.0 seconds
Stalls(count): 0 level0_slowdown, 0 level0_slowdown_with_compaction, 0 level0_numfiles, 0 level0_numfiles_with_compaction, 0 stop for pending_compaction_bytes, 0 slowdown for pending_compaction_bytes, 0 memtable_compaction, 0 memtable_slowdown, interval 0 total count

** File Read Latency Histogram By Level [default] **

** Compaction Stats [usertable] **
Level    Files   Size     Score Read(GB)  Rn(GB) Rnp1(GB) Write(GB) Wnew(GB) Moved(GB) W-Amp Rd(MB/s) Wr(MB/s) Comp(sec) Comp(cnt) Avg(sec) KeyIn KeyDrop
----------------------------------------------------------------------------------------------------------------------------------------------------------
  L0      3/0   738.65 MB   1.5      0.0     0.0      0.0       0.7      0.7       0.0   1.0      0.0     52.8        14         3    4.665       0      0
 Sum      3/0   738.65 MB   0.0      0.0     0.0      0.0       0.7      0.7       0.0   1.0      0.0     52.8        14         3    4.665       0      0
 Int      0/0    0.00 KB   0.0      0.0     0.0      0.0       0.7      0.7       0.0   1.0      0.0     52.8        14         3    4.665       0      0
Uptime(secs): 18.0 total, 18.0 interval
Flush(GB): cumulative 0.721, interval 0.721
AddFile(GB): cumulative 0.000, interval 0.000
AddFile(Total Files): cumulative 0, interval 0
AddFile(L0 Files): cumulative 0, interval 0
AddFile(Keys): cumulative 0, interval 0
Cumulative compaction: 0.72 GB write, 40.99 MB/s write, 0.00 GB read, 0.00 MB/s read, 14.0 seconds
