2018/11/25-08:12:44.177026 7f5349df2700 RocksDB version: 5.14.3
2018/11/25-08:12:44.177098 7f5349df2700 Git sha rocksdb_build_git_sha:
2018/11/25-08:12:44.177101 7f5349df2700 Compile date Nov 22 2018
2018/11/25-08:12:44.177106 7f5349df2700 DB SUMMARY
2018/11/25-08:12:44.177137 7f5349df2700 SST files in /mnt/sda/ycsb-rocksdb-data dir, Total Num: 0, files: 
2018/11/25-08:12:44.177139 7f5349df2700 Write Ahead Log file in /mnt/sda/ycsb-rocksdb-data: 
2018/11/25-08:12:44.177142 7f5349df2700                         Options.error_if_exists: 0
2018/11/25-08:12:44.177143 7f5349df2700                       Options.create_if_missing: 1
2018/11/25-08:12:44.177144 7f5349df2700                         Options.paranoid_checks: 1
2018/11/25-08:12:44.177145 7f5349df2700                                     Options.env: 0x7f534915f2c0
2018/11/25-08:12:44.177146 7f5349df2700                                Options.info_log: 0x7f52ac3ca340
2018/11/25-08:12:44.177147 7f5349df2700                Options.max_file_opening_threads: 16
2018/11/25-08:12:44.177148 7f5349df2700                              Options.statistics: (nil)
2018/11/25-08:12:44.177149 7f5349df2700                               Options.use_fsync: 0
2018/11/25-08:12:44.177150 7f5349df2700                       Options.max_log_file_size: 0
2018/11/25-08:12:44.177151 7f5349df2700                  Options.max_manifest_file_size: 18446744073709551615
2018/11/25-08:12:44.177152 7f5349df2700                   Options.log_file_time_to_roll: 0
2018/11/25-08:12:44.177153 7f5349df2700                       Options.keep_log_file_num: 1000
2018/11/25-08:12:44.177154 7f5349df2700                    Options.recycle_log_file_num: 0
2018/11/25-08:12:44.177155 7f5349df2700                         Options.allow_fallocate: 1
2018/11/25-08:12:44.177156 7f5349df2700                        Options.allow_mmap_reads: 0
2018/11/25-08:12:44.177157 7f5349df2700                       Options.allow_mmap_writes: 0
2018/11/25-08:12:44.177158 7f5349df2700                        Options.use_direct_reads: 0
2018/11/25-08:12:44.177158 7f5349df2700                        Options.use_direct_io_for_flush_and_compaction: 0
2018/11/25-08:12:44.177159 7f5349df2700          Options.create_missing_column_families: 1
2018/11/25-08:12:44.177160 7f5349df2700                              Options.db_log_dir: 
2018/11/25-08:12:44.177161 7f5349df2700                                 Options.wal_dir: /mnt/sda/ycsb-rocksdb-data
2018/11/25-08:12:44.177162 7f5349df2700                Options.table_cache_numshardbits: 6
2018/11/25-08:12:44.177163 7f5349df2700                      Options.max_subcompactions: 4
2018/11/25-08:12:44.177164 7f5349df2700                  Options.max_background_flushes: 24
2018/11/25-08:12:44.177165 7f5349df2700                         Options.WAL_ttl_seconds: 0
2018/11/25-08:12:44.177166 7f5349df2700                       Options.WAL_size_limit_MB: 0
2018/11/25-08:12:44.177167 7f5349df2700             Options.manifest_preallocation_size: 4194304
2018/11/25-08:12:44.177168 7f5349df2700                     Options.is_fd_close_on_exec: 1
2018/11/25-08:12:44.177169 7f5349df2700                   Options.advise_random_on_open: 1
2018/11/25-08:12:44.177170 7f5349df2700                    Options.db_write_buffer_size: 0
2018/11/25-08:12:44.177171 7f5349df2700                    Options.write_buffer_manager: 0x7f52ac3c6470
2018/11/25-08:12:44.177172 7f5349df2700         Options.access_hint_on_compaction_start: 1
2018/11/25-08:12:44.177173 7f5349df2700  Options.new_table_reader_for_compaction_inputs: 0
2018/11/25-08:12:44.177174 7f5349df2700           Options.random_access_max_buffer_size: 1048576
2018/11/25-08:12:44.177175 7f5349df2700                      Options.use_adaptive_mutex: 0
2018/11/25-08:12:44.177176 7f5349df2700                            Options.rate_limiter: (nil)
2018/11/25-08:12:44.177178 7f5349df2700     Options.sst_file_manager.rate_bytes_per_sec: 0
2018/11/25-08:12:44.177179 7f5349df2700                       Options.wal_recovery_mode: 2
2018/11/25-08:12:44.177180 7f5349df2700                  Options.enable_thread_tracking: 0
2018/11/25-08:12:44.177181 7f5349df2700                  Options.enable_pipelined_write: 1
2018/11/25-08:12:44.177190 7f5349df2700         Options.allow_concurrent_memtable_write: 1
2018/11/25-08:12:44.177191 7f5349df2700      Options.enable_write_thread_adaptive_yield: 1
2018/11/25-08:12:44.177192 7f5349df2700             Options.write_thread_max_yield_usec: 100
2018/11/25-08:12:44.177193 7f5349df2700            Options.write_thread_slow_yield_usec: 3
2018/11/25-08:12:44.177194 7f5349df2700                               Options.row_cache: None
2018/11/25-08:12:44.177195 7f5349df2700                              Options.wal_filter: None
2018/11/25-08:12:44.177196 7f5349df2700             Options.avoid_flush_during_recovery: 0
2018/11/25-08:12:44.177197 7f5349df2700             Options.allow_ingest_behind: 0
2018/11/25-08:12:44.177198 7f5349df2700             Options.preserve_deletes: 0
2018/11/25-08:12:44.177199 7f5349df2700             Options.two_write_queues: 0
2018/11/25-08:12:44.177200 7f5349df2700             Options.manual_wal_flush: 0
2018/11/25-08:12:44.177202 7f5349df2700             Options.max_background_jobs: 24
2018/11/25-08:12:44.177203 7f5349df2700             Options.max_background_compactions: 24
2018/11/25-08:12:44.177204 7f5349df2700             Options.avoid_flush_during_shutdown: 0
2018/11/25-08:12:44.177205 7f5349df2700           Options.writable_file_max_buffer_size: 1048576
2018/11/25-08:12:44.177206 7f5349df2700             Options.delayed_write_rate : 16777216
2018/11/25-08:12:44.177207 7f5349df2700             Options.max_total_wal_size: 0
2018/11/25-08:12:44.177208 7f5349df2700             Options.delete_obsolete_files_period_micros: 21600000000
2018/11/25-08:12:44.177209 7f5349df2700                   Options.stats_dump_period_sec: 60
2018/11/25-08:12:44.177210 7f5349df2700                          Options.max_open_files: -1
2018/11/25-08:12:44.177211 7f5349df2700                          Options.bytes_per_sync: 1048576
2018/11/25-08:12:44.177212 7f5349df2700                      Options.wal_bytes_per_sync: 0
2018/11/25-08:12:44.177213 7f5349df2700       Options.compaction_readahead_size: 0
2018/11/25-08:12:44.177213 7f5349df2700 Compression algorithms supported:
2018/11/25-08:12:44.177215 7f5349df2700 	kZSTDNotFinalCompression supported: 1
2018/11/25-08:12:44.177225 7f5349df2700 	kZSTD supported: 1
2018/11/25-08:12:44.177227 7f5349df2700 	kXpressCompression supported: 0
2018/11/25-08:12:44.177228 7f5349df2700 	kLZ4HCCompression supported: 1
2018/11/25-08:12:44.177230 7f5349df2700 	kLZ4Compression supported: 1
2018/11/25-08:12:44.177231 7f5349df2700 	kBZip2Compression supported: 1
2018/11/25-08:12:44.177232 7f5349df2700 	kZlibCompression supported: 1
2018/11/25-08:12:44.177233 7f5349df2700 	kSnappyCompression supported: 1
2018/11/25-08:12:44.177237 7f5349df2700 Fast CRC32 supported: Supported on x86
2018/11/25-08:12:44.177327 7f5349df2700 [db/db_impl_open.cc:222] Creating manifest 1 
2018/11/25-08:12:44.550887 7f5349df2700 [db/version_set.cc:3085] Recovering from manifest file: MANIFEST-000001
2018/11/25-08:12:44.550991 7f5349df2700 [db/column_family.cc:475] --------------- Options for column family [default]:
2018/11/25-08:12:44.550995 7f5349df2700               Options.comparator: leveldb.BytewiseComparator
2018/11/25-08:12:44.550996 7f5349df2700           Options.merge_operator: None
2018/11/25-08:12:44.550998 7f5349df2700        Options.compaction_filter: None
2018/11/25-08:12:44.550999 7f5349df2700        Options.compaction_filter_factory: None
2018/11/25-08:12:44.551000 7f5349df2700         Options.memtable_factory: SkipListFactory
2018/11/25-08:12:44.551001 7f5349df2700            Options.table_factory: BlockBasedTable
2018/11/25-08:12:44.551042 7f5349df2700            table_factory options:   flush_block_policy_factory: FlushBlockBySizePolicyFactory (0x7f52ac373a50)
  cache_index_and_filter_blocks: 0
  cache_index_and_filter_blocks_with_high_priority: 0
  pin_l0_filter_and_index_blocks_in_cache: 0
  index_type: 0
  hash_index_allow_collision: 1
  checksum: 1
  no_block_cache: 0
  block_cache: 0x7f52ac37fa80
  block_cache_name: LRUCache
  block_cache_options:
    capacity : 8388608
    num_shard_bits : 4
    strict_capacity_limit : 0
    high_pri_pool_ratio: 0.000
  block_cache_compressed: (nil)
  persistent_cache: (nil)
  block_size: 8192
  block_size_deviation: 10
  block_restart_interval: 16
  index_block_restart_interval: 1
  metadata_block_size: 4096
  partition_filters: 0
  use_delta_encoding: 1
  filter_policy: nullptr
  whole_key_filtering: 1
  verify_compression: 0
  read_amp_bytes_per_bit: 0
  format_version: 2
  enable_index_compression: 1
  block_align: 0
2018/11/25-08:12:44.551057 7f5349df2700        Options.write_buffer_size: 134217728
2018/11/25-08:12:44.551059 7f5349df2700  Options.max_write_buffer_number: 24
2018/11/25-08:12:44.551061 7f5349df2700        Options.compression[0]: NoCompression
2018/11/25-08:12:44.551062 7f5349df2700        Options.compression[1]: NoCompression
2018/11/25-08:12:44.551063 7f5349df2700        Options.compression[2]: LZ4
2018/11/25-08:12:44.551064 7f5349df2700        Options.compression[3]: LZ4
2018/11/25-08:12:44.551066 7f5349df2700        Options.compression[4]: LZ4
2018/11/25-08:12:44.551067 7f5349df2700        Options.compression[5]: LZ4
2018/11/25-08:12:44.551068 7f5349df2700        Options.compression[6]: LZ4
2018/11/25-08:12:44.551069 7f5349df2700                  Options.bottommost_compression: Disabled
2018/11/25-08:12:44.551070 7f5349df2700       Options.prefix_extractor: nullptr
2018/11/25-08:12:44.551072 7f5349df2700   Options.memtable_insert_with_hint_prefix_extractor: nullptr
2018/11/25-08:12:44.551073 7f5349df2700             Options.num_levels: 7
2018/11/25-08:12:44.551074 7f5349df2700        Options.min_write_buffer_number_to_merge: 2
2018/11/25-08:12:44.551075 7f5349df2700     Options.max_write_buffer_number_to_maintain: 0
2018/11/25-08:12:44.551076 7f5349df2700            Options.compression_opts.window_bits: -14
2018/11/25-08:12:44.551077 7f5349df2700                  Options.compression_opts.level: -1
2018/11/25-08:12:44.551078 7f5349df2700               Options.compression_opts.strategy: 0
2018/11/25-08:12:44.551079 7f5349df2700         Options.compression_opts.max_dict_bytes: 0
2018/11/25-08:12:44.551080 7f5349df2700         Options.compression_opts.zstd_max_train_bytes: 0
2018/11/25-08:12:44.551081 7f5349df2700      Options.level0_file_num_compaction_trigger: 2
2018/11/25-08:12:44.551082 7f5349df2700          Options.level0_slowdown_writes_trigger: 20
2018/11/25-08:12:44.551083 7f5349df2700              Options.level0_stop_writes_trigger: 36
2018/11/25-08:12:44.551084 7f5349df2700                   Options.target_file_size_base: 67108864
2018/11/25-08:12:44.551085 7f5349df2700             Options.target_file_size_multiplier: 1
2018/11/25-08:12:44.551086 7f5349df2700                Options.max_bytes_for_level_base: 536870912
2018/11/25-08:12:44.551088 7f5349df2700 Options.level_compaction_dynamic_level_bytes: 0
2018/11/25-08:12:44.551089 7f5349df2700          Options.max_bytes_for_level_multiplier: 10.000000
2018/11/25-08:12:44.551092 7f5349df2700 Options.max_bytes_for_level_multiplier_addtl[0]: 1
2018/11/25-08:12:44.551093 7f5349df2700 Options.max_bytes_for_level_multiplier_addtl[1]: 1
2018/11/25-08:12:44.551094 7f5349df2700 Options.max_bytes_for_level_multiplier_addtl[2]: 1
2018/11/25-08:12:44.551095 7f5349df2700 Options.max_bytes_for_level_multiplier_addtl[3]: 1
2018/11/25-08:12:44.551096 7f5349df2700 Options.max_bytes_for_level_multiplier_addtl[4]: 1
2018/11/25-08:12:44.551097 7f5349df2700 Options.max_bytes_for_level_multiplier_addtl[5]: 1
2018/11/25-08:12:44.551098 7f5349df2700 Options.max_bytes_for_level_multiplier_addtl[6]: 1
2018/11/25-08:12:44.551099 7f5349df2700       Options.max_sequential_skip_in_iterations: 8
2018/11/25-08:12:44.551100 7f5349df2700                    Options.max_compaction_bytes: 1677721600
2018/11/25-08:12:44.551101 7f5349df2700                        Options.arena_block_size: 16777216
2018/11/25-08:12:44.551102 7f5349df2700   Options.soft_pending_compaction_bytes_limit: 68719476736
2018/11/25-08:12:44.551103 7f5349df2700   Options.hard_pending_compaction_bytes_limit: 274877906944
2018/11/25-08:12:44.551110 7f5349df2700       Options.rate_limit_delay_max_milliseconds: 100
2018/11/25-08:12:44.551112 7f5349df2700                Options.disable_auto_compactions: 0
2018/11/25-08:12:44.551114 7f5349df2700                        Options.compaction_style: kCompactionStyleLevel
2018/11/25-08:12:44.551116 7f5349df2700                          Options.compaction_pri: kByCompensatedSize
2018/11/25-08:12:44.551117 7f5349df2700 Options.compaction_options_universal.size_ratio: 1
2018/11/25-08:12:44.551118 7f5349df2700 Options.compaction_options_universal.min_merge_width: 2
2018/11/25-08:12:44.551119 7f5349df2700 Options.compaction_options_universal.max_merge_width: 4294967295
2018/11/25-08:12:44.551121 7f5349df2700 Options.compaction_options_universal.max_size_amplification_percent: 200
2018/11/25-08:12:44.551122 7f5349df2700 Options.compaction_options_universal.compression_size_percent: -1
2018/11/25-08:12:44.551124 7f5349df2700 Options.compaction_options_universal.stop_style: kCompactionStopStyleTotalSize
2018/11/25-08:12:44.551125 7f5349df2700 Options.compaction_options_fifo.max_table_files_size: 1073741824
2018/11/25-08:12:44.551126 7f5349df2700 Options.compaction_options_fifo.allow_compaction: 0
2018/11/25-08:12:44.551127 7f5349df2700 Options.compaction_options_fifo.ttl: 0
2018/11/25-08:12:44.551128 7f5349df2700                   Options.table_properties_collectors: 
2018/11/25-08:12:44.551130 7f5349df2700                   Options.inplace_update_support: 0
2018/11/25-08:12:44.551131 7f5349df2700                 Options.inplace_update_num_locks: 10000
2018/11/25-08:12:44.551132 7f5349df2700               Options.memtable_prefix_bloom_size_ratio: 0.000000
2018/11/25-08:12:44.551133 7f5349df2700   Options.memtable_huge_page_size: 0
2018/11/25-08:12:44.551134 7f5349df2700                           Options.bloom_locality: 0
2018/11/25-08:12:44.551135 7f5349df2700                    Options.max_successive_merges: 0
2018/11/25-08:12:44.551136 7f5349df2700                Options.optimize_filters_for_hits: 0
2018/11/25-08:12:44.551137 7f5349df2700                Options.paranoid_file_checks: 0
2018/11/25-08:12:44.551138 7f5349df2700                Options.force_consistency_checks: 0
2018/11/25-08:12:44.551139 7f5349df2700                Options.report_bg_io_stats: 0
2018/11/25-08:12:44.551140 7f5349df2700                               Options.ttl: 0
2018/11/25-08:12:44.551960 7f5349df2700 [db/version_set.cc:3361] Recovered from manifest file:/mnt/sda/ycsb-rocksdb-data/MANIFEST-000001 succeeded,manifest_file_number is 1, next_file_number is 3, last_sequence is 0, log_number is 0,prev_log_number is 0,max_column_family is 0,min_log_number_to_keep is 0
2018/11/25-08:12:44.551966 7f5349df2700 [db/version_set.cc:3369] Column family [default] (ID 0), log number is 0
2018/11/25-08:12:44.552147 7f5349df2700 [db/version_set.cc:2847] Creating manifest 4
2018/11/25-08:12:44.835385 7f5349df2700 [db/column_family.cc:475] --------------- Options for column family [usertable]:
2018/11/25-08:12:44.835389 7f5349df2700               Options.comparator: leveldb.BytewiseComparator
2018/11/25-08:12:44.835391 7f5349df2700           Options.merge_operator: None
2018/11/25-08:12:44.835392 7f5349df2700        Options.compaction_filter: None
2018/11/25-08:12:44.835393 7f5349df2700        Options.compaction_filter_factory: None
2018/11/25-08:12:44.835394 7f5349df2700         Options.memtable_factory: SkipListFactory
2018/11/25-08:12:44.835395 7f5349df2700            Options.table_factory: BlockBasedTable
2018/11/25-08:12:44.835419 7f5349df2700            table_factory options:   flush_block_policy_factory: FlushBlockBySizePolicyFactory (0x7f52ac373b30)
  cache_index_and_filter_blocks: 0
  cache_index_and_filter_blocks_with_high_priority: 0
  pin_l0_filter_and_index_blocks_in_cache: 0
  index_type: 0
  hash_index_allow_collision: 1
  checksum: 1
  no_block_cache: 0
  block_cache: 0x7f52ac374c50
  block_cache_name: LRUCache
  block_cache_options:
    capacity : 8388608
    num_shard_bits : 4
    strict_capacity_limit : 0
    high_pri_pool_ratio: 0.000
  block_cache_compressed: (nil)
  persistent_cache: (nil)
  block_size: 8192
  block_size_deviation: 10
  block_restart_interval: 16
  index_block_restart_interval: 1
  metadata_block_size: 4096
  partition_filters: 0
  use_delta_encoding: 1
  filter_policy: nullptr
  whole_key_filtering: 1
  verify_compression: 0
  read_amp_bytes_per_bit: 0
  format_version: 2
  enable_index_compression: 1
  block_align: 0
2018/11/25-08:12:44.835422 7f5349df2700        Options.write_buffer_size: 134217728
2018/11/25-08:12:44.835423 7f5349df2700  Options.max_write_buffer_number: 24
2018/11/25-08:12:44.835425 7f5349df2700        Options.compression[0]: NoCompression
2018/11/25-08:12:44.835426 7f5349df2700        Options.compression[1]: NoCompression
2018/11/25-08:12:44.835427 7f5349df2700        Options.compression[2]: LZ4
2018/11/25-08:12:44.835428 7f5349df2700        Options.compression[3]: LZ4
2018/11/25-08:12:44.835429 7f5349df2700        Options.compression[4]: LZ4
2018/11/25-08:12:44.835430 7f5349df2700        Options.compression[5]: LZ4
2018/11/25-08:12:44.835431 7f5349df2700        Options.compression[6]: LZ4
2018/11/25-08:12:44.835432 7f5349df2700                  Options.bottommost_compression: Disabled
2018/11/25-08:12:44.835434 7f5349df2700       Options.prefix_extractor: nullptr
2018/11/25-08:12:44.835435 7f5349df2700   Options.memtable_insert_with_hint_prefix_extractor: nullptr
2018/11/25-08:12:44.835436 7f5349df2700             Options.num_levels: 7
2018/11/25-08:12:44.835437 7f5349df2700        Options.min_write_buffer_number_to_merge: 2
2018/11/25-08:12:44.835438 7f5349df2700     Options.max_write_buffer_number_to_maintain: 0
2018/11/25-08:12:44.835439 7f5349df2700            Options.compression_opts.window_bits: -14
2018/11/25-08:12:44.835440 7f5349df2700                  Options.compression_opts.level: -1
2018/11/25-08:12:44.835441 7f5349df2700               Options.compression_opts.strategy: 0
2018/11/25-08:12:44.835442 7f5349df2700         Options.compression_opts.max_dict_bytes: 0
2018/11/25-08:12:44.835443 7f5349df2700         Options.compression_opts.zstd_max_train_bytes: 0
2018/11/25-08:12:44.835444 7f5349df2700      Options.level0_file_num_compaction_trigger: 2
2018/11/25-08:12:44.835445 7f5349df2700          Options.level0_slowdown_writes_trigger: 20
2018/11/25-08:12:44.835446 7f5349df2700              Options.level0_stop_writes_trigger: 36
2018/11/25-08:12:44.835447 7f5349df2700                   Options.target_file_size_base: 67108864
2018/11/25-08:12:44.835448 7f5349df2700             Options.target_file_size_multiplier: 1
2018/11/25-08:12:44.835449 7f5349df2700                Options.max_bytes_for_level_base: 536870912
2018/11/25-08:12:44.835450 7f5349df2700 Options.level_compaction_dynamic_level_bytes: 0
2018/11/25-08:12:44.835451 7f5349df2700          Options.max_bytes_for_level_multiplier: 10.000000
2018/11/25-08:12:44.835453 7f5349df2700 Options.max_bytes_for_level_multiplier_addtl[0]: 1
2018/11/25-08:12:44.835463 7f5349df2700 Options.max_bytes_for_level_multiplier_addtl[1]: 1
2018/11/25-08:12:44.835465 7f5349df2700 Options.max_bytes_for_level_multiplier_addtl[2]: 1
2018/11/25-08:12:44.835466 7f5349df2700 Options.max_bytes_for_level_multiplier_addtl[3]: 1
2018/11/25-08:12:44.835467 7f5349df2700 Options.max_bytes_for_level_multiplier_addtl[4]: 1
2018/11/25-08:12:44.835468 7f5349df2700 Options.max_bytes_for_level_multiplier_addtl[5]: 1
2018/11/25-08:12:44.835469 7f5349df2700 Options.max_bytes_for_level_multiplier_addtl[6]: 1
2018/11/25-08:12:44.835470 7f5349df2700       Options.max_sequential_skip_in_iterations: 8
2018/11/25-08:12:44.835471 7f5349df2700                    Options.max_compaction_bytes: 1677721600
2018/11/25-08:12:44.835472 7f5349df2700                        Options.arena_block_size: 16777216
2018/11/25-08:12:44.835473 7f5349df2700   Options.soft_pending_compaction_bytes_limit: 68719476736
2018/11/25-08:12:44.835474 7f5349df2700   Options.hard_pending_compaction_bytes_limit: 274877906944
2018/11/25-08:12:44.835475 7f5349df2700       Options.rate_limit_delay_max_milliseconds: 100
2018/11/25-08:12:44.835476 7f5349df2700                Options.disable_auto_compactions: 0
2018/11/25-08:12:44.835478 7f5349df2700                        Options.compaction_style: kCompactionStyleLevel
2018/11/25-08:12:44.835479 7f5349df2700                          Options.compaction_pri: kByCompensatedSize
2018/11/25-08:12:44.835480 7f5349df2700 Options.compaction_options_universal.size_ratio: 1
2018/11/25-08:12:44.835481 7f5349df2700 Options.compaction_options_universal.min_merge_width: 2
2018/11/25-08:12:44.835482 7f5349df2700 Options.compaction_options_universal.max_merge_width: 4294967295
2018/11/25-08:12:44.835483 7f5349df2700 Options.compaction_options_universal.max_size_amplification_percent: 200
2018/11/25-08:12:44.835484 7f5349df2700 Options.compaction_options_universal.compression_size_percent: -1
2018/11/25-08:12:44.835486 7f5349df2700 Options.compaction_options_universal.stop_style: kCompactionStopStyleTotalSize
2018/11/25-08:12:44.835487 7f5349df2700 Options.compaction_options_fifo.max_table_files_size: 1073741824
2018/11/25-08:12:44.835488 7f5349df2700 Options.compaction_options_fifo.allow_compaction: 0
2018/11/25-08:12:44.835489 7f5349df2700 Options.compaction_options_fifo.ttl: 0
2018/11/25-08:12:44.835490 7f5349df2700                   Options.table_properties_collectors: 
2018/11/25-08:12:44.835491 7f5349df2700                   Options.inplace_update_support: 0
2018/11/25-08:12:44.835492 7f5349df2700                 Options.inplace_update_num_locks: 10000
2018/11/25-08:12:44.835493 7f5349df2700               Options.memtable_prefix_bloom_size_ratio: 0.000000
2018/11/25-08:12:44.835494 7f5349df2700   Options.memtable_huge_page_size: 0
2018/11/25-08:12:44.835495 7f5349df2700                           Options.bloom_locality: 0
2018/11/25-08:12:44.835496 7f5349df2700                    Options.max_successive_merges: 0
2018/11/25-08:12:44.835497 7f5349df2700                Options.optimize_filters_for_hits: 0
2018/11/25-08:12:44.835498 7f5349df2700                Options.paranoid_file_checks: 0
2018/11/25-08:12:44.835499 7f5349df2700                Options.force_consistency_checks: 0
2018/11/25-08:12:44.835500 7f5349df2700                Options.report_bg_io_stats: 0
2018/11/25-08:12:44.835501 7f5349df2700                               Options.ttl: 0
2018/11/25-08:12:44.835544 7f5349df2700 [db/db_impl.cc:1396] Created column family [usertable] (ID 1)
2018/11/25-08:12:45.139728 7f5349df2700 [db/db_impl_open.cc:1219] DB pointer 0x7f52ac3caa60
2018/11/25-08:12:54.104910 7f5349df2700 [db/db_impl_write.cc:1373] [usertable] New memtable created with log file: #9. Immutable memtables: 0.
2018/11/25-08:13:01.911146 7f5349df2700 [db/db_impl_write.cc:1373] [usertable] New memtable created with log file: #10. Immutable memtables: 1.
2018/11/25-08:13:01.911381 7f51f27fc700 [db/db_impl_compaction_flush.cc:80] [JOB 2] Syncing log #3
2018/11/25-08:13:02.211139 7f51f27fc700 [db/db_impl_compaction_flush.cc:80] [JOB 2] Syncing log #9
2018/11/25-08:13:03.608547 7f51f27fc700 (Original Log Time 2018/11/25-08:13:01.911325) [db/db_impl_compaction_flush.cc:1424] Calling FlushMemTableToOutputFile with column family [usertable], flush slots available 24, compaction slots available 1, flush slots scheduled 1, compaction slots scheduled 0
2018/11/25-08:13:03.608565 7f51f27fc700 [db/flush_job.cc:301] [usertable] [JOB 2] Flushing memtable with next log file: 9
2018/11/25-08:13:03.608590 7f51f27fc700 [db/flush_job.cc:301] [usertable] [JOB 2] Flushing memtable with next log file: 10
2018/11/25-08:13:03.608681 7f51f27fc700 EVENT_LOG_v1 {"time_micros": 1543162383608661, "job": 2, "event": "flush_started", "num_memtables": 2, "num_entries": 58696, "num_deletes": 0, "memory_usage": 260118176, "flush_reason": "Write Buffer Full"}
2018/11/25-08:13:03.608695 7f51f27fc700 [db/flush_job.cc:331] [usertable] [JOB 2] Level-0 flush table #11: started
2018/11/25-08:13:04.874669 7f51f27fc700 EVENT_LOG_v1 {"time_micros": 1543162384874633, "cf_name": "usertable", "job": 2, "event": "table_file_creation", "file_number": 11, "file_size": 243083629, "table_properties": {"data_size": 242003608, "index_size": 1079094, "filter_size": 0, "raw_key_size": 1408704, "raw_average_key_size": 24, "raw_value_size": 240418816, "raw_average_value_size": 4096, "num_data_blocks": 29348, "num_entries": 58696, "filter_policy_name": "", "kDeletedKeys": "0", "kMergeOperands": "0"}}
2018/11/25-08:13:04.874698 7f51f27fc700 [db/flush_job.cc:371] [usertable] [JOB 2] Level-0 flush table #11: 243083629 bytes OK
2018/11/25-08:13:04.903620 7f51f27fc700 (Original Log Time 2018/11/25-08:13:04.874720) [db/memtable_list.cc:377] [usertable] Level-0 commit table #11 started
2018/11/25-08:13:04.903623 7f51f27fc700 (Original Log Time 2018/11/25-08:13:04.903534) [db/memtable_list.cc:409] [usertable] Level-0 commit table #11: memtable #1 done
2018/11/25-08:13:04.903625 7f51f27fc700 (Original Log Time 2018/11/25-08:13:04.903543) [db/memtable_list.cc:409] [usertable] Level-0 commit table #11: memtable #2 done
2018/11/25-08:13:04.903627 7f51f27fc700 (Original Log Time 2018/11/25-08:13:04.903561) EVENT_LOG_v1 {"time_micros": 1543162384903552, "job": 2, "event": "flush_finished", "output_compression": "NoCompression", "lsm_state": [1, 0, 0, 0, 0, 0, 0], "immutable_memtables": 0}
2018/11/25-08:13:04.903628 7f51f27fc700 (Original Log Time 2018/11/25-08:13:04.903588) [db/db_impl_compaction_flush.cc:177] [usertable] Level summary: base level 1 max bytes base 536870912 files[1 0 0 0 0 0 0] max score 0.50
2018/11/25-08:13:04.903642 7f51f27fc700 [db/db_impl_files.cc:347] [JOB 2] Try to delete WAL files size 242343160, prev total WAL file size 285596044, number of live WAL files 3.
2018/11/25-08:13:10.875169 7f5349df2700 [db/db_impl_write.cc:1373] [usertable] New memtable created with log file: #12. Immutable memtables: 0.
2018/11/25-08:13:18.972928 7f5349df2700 [db/db_impl_write.cc:1373] [usertable] New memtable created with log file: #13. Immutable memtables: 1.
2018/11/25-08:13:18.973098 7f5322ffd700 [db/db_impl_compaction_flush.cc:80] [JOB 3] Syncing log #10
2018/11/25-08:13:19.477861 7f5322ffd700 [db/db_impl_compaction_flush.cc:80] [JOB 3] Syncing log #12
2018/11/25-08:13:21.119156 7f5322ffd700 (Original Log Time 2018/11/25-08:13:18.973076) [db/db_impl_compaction_flush.cc:1424] Calling FlushMemTableToOutputFile with column family [usertable], flush slots available 24, compaction slots available 1, flush slots scheduled 1, compaction slots scheduled 0
2018/11/25-08:13:21.119173 7f5322ffd700 [db/flush_job.cc:301] [usertable] [JOB 3] Flushing memtable with next log file: 12
2018/11/25-08:13:21.119179 7f5322ffd700 [db/flush_job.cc:301] [usertable] [JOB 3] Flushing memtable with next log file: 13
2018/11/25-08:13:21.119222 7f5322ffd700 EVENT_LOG_v1 {"time_micros": 1543162401119214, "job": 3, "event": "flush_started", "num_memtables": 2, "num_entries": 59716, "num_deletes": 0, "memory_usage": 264263432, "flush_reason": "Write Buffer Full"}
2018/11/25-08:13:21.119228 7f5322ffd700 [db/flush_job.cc:331] [usertable] [JOB 3] Level-0 flush table #14: started
2018/11/25-08:13:23.429427 7f5322ffd700 EVENT_LOG_v1 {"time_micros": 1543162403429402, "cf_name": "usertable", "job": 3, "event": "table_file_creation", "file_number": 14, "file_size": 247307840, "table_properties": {"data_size": 246209068, "index_size": 1097845, "filter_size": 0, "raw_key_size": 1433184, "raw_average_key_size": 24, "raw_value_size": 244596736, "raw_average_value_size": 4096, "num_data_blocks": 29858, "num_entries": 59716, "filter_policy_name": "", "kDeletedKeys": "0", "kMergeOperands": "0"}}
2018/11/25-08:13:23.429451 7f5322ffd700 [db/flush_job.cc:371] [usertable] [JOB 3] Level-0 flush table #14: 247307840 bytes OK
2018/11/25-08:13:23.535866 7f5322ffd700 (Original Log Time 2018/11/25-08:13:23.429469) [db/memtable_list.cc:377] [usertable] Level-0 commit table #14 started
2018/11/25-08:13:23.535872 7f5322ffd700 (Original Log Time 2018/11/25-08:13:23.535760) [db/memtable_list.cc:409] [usertable] Level-0 commit table #14: memtable #1 done
2018/11/25-08:13:23.535874 7f5322ffd700 (Original Log Time 2018/11/25-08:13:23.535763) [db/memtable_list.cc:409] [usertable] Level-0 commit table #14: memtable #2 done
2018/11/25-08:13:23.535876 7f5322ffd700 (Original Log Time 2018/11/25-08:13:23.535787) EVENT_LOG_v1 {"time_micros": 1543162403535779, "job": 3, "event": "flush_finished", "output_compression": "NoCompression", "lsm_state": [2, 0, 0, 0, 0, 0, 0], "immutable_memtables": 0}
2018/11/25-08:13:23.535877 7f5322ffd700 (Original Log Time 2018/11/25-08:13:23.535843) [db/db_impl_compaction_flush.cc:177] [usertable] Level summary: base level 1 max bytes base 536870912 files[2 0 0 0 0 0 0] max score 1.00
2018/11/25-08:13:23.535890 7f5322ffd700 [db/db_impl_files.cc:347] [JOB 3] Try to delete WAL files size 246564208, prev total WAL file size 312510016, number of live WAL files 3.
2018/11/25-08:13:23.536160 7f53237fe700 [WARN] [db/db_impl.cc:491] ------- DUMPING STATS -------
2018/11/25-08:13:23.537389 7f53237fe700 [WARN] [db/db_impl.cc:492] 
** DB Stats **
Uptime(secs): 39.0 total, 39.0 interval
Cumulative writes: 134K writes, 134K keys, 132K commit groups, 1.0 writes per commit group, ingest: 0.52 GB, 13.57 MB/s
Cumulative WAL: 134K writes, 0 syncs, 134384.00 writes per sync, written: 0.52 GB, 13.57 MB/s
Cumulative stall: 00:00:0.000 H:M:S, 0.0 percent
Interval writes: 134K writes, 134K keys, 132K commit groups, 1.0 writes per commit group, ingest: 529.15 MB, 13.57 MB/s
Interval WAL: 134K writes, 0 syncs, 134384.00 writes per sync, written: 0.52 MB, 13.57 MB/s
Interval stall: 00:00:0.000 H:M:S, 0.0 percent

** Compaction Stats [default] **
Level    Files   Size     Score Read(GB)  Rn(GB) Rnp1(GB) Write(GB) Wnew(GB) Moved(GB) W-Amp Rd(MB/s) Wr(MB/s) Comp(sec) Comp(cnt) Avg(sec) KeyIn KeyDrop
----------------------------------------------------------------------------------------------------------------------------------------------------------
 Sum      0/0    0.00 KB   0.0      0.0     0.0      0.0       0.0      0.0       0.0   0.0      0.0      0.0         0         0    0.000       0      0
 Int      0/0    0.00 KB   0.0      0.0     0.0      0.0       0.0      0.0       0.0   0.0      0.0      0.0         0         0    0.000       0      0
Uptime(secs): 39.0 total, 39.0 interval
Flush(GB): cumulative 0.000, interval 0.000
AddFile(GB): cumulative 0.000, interval 0.000
AddFile(Total Files): cumulative 0, interval 0
AddFile(L0 Files): cumulative 0, interval 0
AddFile(Keys): cumulative 0, interval 0
Cumulative compaction: 0.00 GB write, 0.00 MB/s write, 0.00 GB read, 0.00 MB/s read, 0.0 seconds
Interval compaction: 0.00 GB write, 0.00 MB/s write, 0.00 GB read, 0.00 MB/s read, 0.0 seconds
Stalls(count): 0 level0_slowdown, 0 level0_slowdown_with_compaction, 0 level0_numfiles, 0 level0_numfiles_with_compaction, 0 stop for pending_compaction_bytes, 0 slowdown for pending_compaction_bytes, 0 memtable_compaction, 0 memtable_slowdown, interval 0 total count

** File Read Latency Histogram By Level [default] **

** Compaction Stats [usertable] **
Level    Files   Size     Score Read(GB)  Rn(GB) Rnp1(GB) Write(GB) Wnew(GB) Moved(GB) W-Amp Rd(MB/s) Wr(MB/s) Comp(sec) Comp(cnt) Avg(sec) KeyIn KeyDrop
----------------------------------------------------------------------------------------------------------------------------------------------------------
  L0      2/0   467.67 MB   1.0      0.0     0.0      0.0       0.5      0.5       0.0   1.0      0.0    130.8         4         2    1.788       0      0
 Sum      2/0   467.67 MB   0.0      0.0     0.0      0.0       0.5      0.5       0.0   1.0      0.0    130.8         4         2    1.788       0      0
 Int      0/0    0.00 KB   0.0      0.0     0.0      0.0       0.5      0.5       0.0   1.0      0.0    130.8         4         2    1.788       0      0
Uptime(secs): 38.7 total, 38.7 interval
Flush(GB): cumulative 0.457, interval 0.457
AddFile(GB): cumulative 0.000, interval 0.000
AddFile(Total Files): cumulative 0, interval 0
AddFile(L0 Files): cumulative 0, interval 0
AddFile(Keys): cumulative 0, interval 0
Cumulative compaction: 0.46 GB write, 12.08 MB/s write, 0.00 GB read, 0.00 MB/s read, 3.6 seconds
Interval compaction: 0.46 GB write, 12.08 MB/s write, 0.00 GB read, 0.00 MB/s read, 3.6 seconds
Stalls(count): 0 level0_slowdown, 0 level0_slowdown_with_compaction, 0 level0_numfiles, 0 level0_numfiles_with_compaction, 0 stop for pending_compaction_bytes, 0 slowdown for pending_compaction_bytes, 0 memtable_compaction, 0 memtable_slowdown, interval 0 total count

** File Read Latency Histogram By Level [usertable] **

** Compaction Stats [default] **
Level    Files   Size     Score Read(GB)  Rn(GB) Rnp1(GB) Write(GB) Wnew(GB) Moved(GB) W-Amp Rd(MB/s) Wr(MB/s) Comp(sec) Comp(cnt) Avg(sec) KeyIn KeyDrop
----------------------------------------------------------------------------------------------------------------------------------------------------------
 Sum      0/0    0.00 KB   0.0      0.0     0.0      0.0       0.0      0.0       0.0   0.0      0.0      0.0         0         0    0.000       0      0
 Int      0/0    0.00 KB   0.0      0.0     0.0      0.0       0.0      0.0       0.0   0.0      0.0      0.0         0         0    0.000       0      0
Uptime(secs): 39.0 total, 0.0 interval
Flush(GB): cumulative 0.000, interval 0.000
AddFile(GB): cumulative 0.000, interval 0.000
AddFile(Total Files): cumulative 0, interval 0
AddFile(L0 Files): cumulative 0, interval 0
AddFile(Keys): cumulative 0, interval 0
Cumulative compaction: 0.00 GB write, 0.00 MB/s write, 0.00 GB read, 0.00 MB/s read, 0.0 seconds
Interval compaction: 0.00 GB write, 0.00 MB/s write, 0.00 GB read, 0.00 MB/s read, 0.0 seconds
Stalls(count): 0 level0_slowdown, 0 level0_slowdown_with_compaction, 0 level0_numfiles, 0 level0_numfiles_with_compaction, 0 stop for pending_compaction_bytes, 0 slowdown for pending_compaction_bytes, 0 memtable_compaction, 0 memtable_slowdown, interval 0 total count

** File Read Latency Histogram By Level [default] **

** Compaction Stats [usertable] **
Level    Files   Size     Score Read(GB)  Rn(GB) Rnp1(GB) Write(GB) Wnew(GB) Moved(GB) W-Amp Rd(MB/s) Wr(MB/s) Comp(sec) Comp(cnt) Avg(sec) KeyIn KeyDrop
----------------------------------------------------------------------------------------------------------------------------------------------------------
  L0      2/0   467.67 MB   1.0      0.0     0.0      0.0       0.5      0.5       0.0   1.0      0.0    130.8         4         2    1.788       0      0
 Sum      2/0   467.67 MB   0.0      0.0     0.0      0.0       0.5      0.5       0.0   1.0      0.0    130.8         4         2    1.788       0      0
 Int      0/0    0.00 KB   0.0      0.0     0.0      0.0       0.0      0.0       0.0   0.0      0.0      0.0         0         0    0.000       0      0
Uptime(secs): 38.7 total, 0.0 interval
Flush(GB): cumulative 0.457, interval 0.000
AddFile(GB): cumulative 0.000, interval 0.000
AddFile(Total Files): cumulative 0, interval 0
AddFile(L0 Files): cumulative 0, interval 0
AddFile(Keys): cumulative 0, interval 0
Cumulative compaction: 0.46 GB write, 12.08 MB/s write, 0.00 GB read, 0.00 MB/s read, 3.6 seconds
Interval compaction: 0.00 GB write, 0.00 MB/s write, 0.00 GB read, 0.00 MB/s read, 0.0 seconds
Stalls(count): 0 level0_slowdown, 0 level0_slowdown_with_compaction, 0 level0_numfiles, 0 level0_numfiles_with_compaction, 0 stop for pending_compaction_bytes, 0 slowdown for pending_compaction_bytes, 0 memtable_compaction, 0 memtable_slowdown, interval 0 total count

** File Read Latency Histogram By Level [usertable] **
2018/11/25-08:13:23.652948 7f53237fe700 (Original Log Time 2018/11/25-08:13:23.539810) [db/db_impl_compaction_flush.cc:1835] [usertable] Moving #14 to level-1 247307840 bytes
2018/11/25-08:13:23.652960 7f53237fe700 (Original Log Time 2018/11/25-08:13:23.652880) EVENT_LOG_v1 {"time_micros": 1543162403652864, "job": 4, "event": "trivial_move", "destination_level": 1, "files": 1, "total_files_size": 247307840}
2018/11/25-08:13:23.652962 7f53237fe700 (Original Log Time 2018/11/25-08:13:23.652904) [db/db_impl_compaction_flush.cc:1864] [usertable] Moved #1 files to level-1 247307840 bytes OK: base level 1 max bytes base 536870912 files[1 1 0 0 0 0 0] max score 0.50
2018/11/25-08:13:26.781448 7f5349df2700 [db/db_impl_write.cc:1373] [usertable] New memtable created with log file: #15. Immutable memtables: 0.
2018/11/25-08:13:34.879698 7f5349df2700 [db/db_impl_write.cc:1373] [usertable] New memtable created with log file: #16. Immutable memtables: 1.
2018/11/25-08:13:34.879897 7f53227fc700 [db/db_impl_compaction_flush.cc:80] [JOB 5] Syncing log #13
2018/11/25-08:13:35.447626 7f53227fc700 [db/db_impl_compaction_flush.cc:80] [JOB 5] Syncing log #15
2018/11/25-08:13:36.498245 7f53227fc700 (Original Log Time 2018/11/25-08:13:34.879871) [db/db_impl_compaction_flush.cc:1424] Calling FlushMemTableToOutputFile with column family [usertable], flush slots available 24, compaction slots available 1, flush slots scheduled 1, compaction slots scheduled 0
2018/11/25-08:13:36.498261 7f53227fc700 [db/flush_job.cc:301] [usertable] [JOB 5] Flushing memtable with next log file: 15
2018/11/25-08:13:36.498271 7f53227fc700 [db/flush_job.cc:301] [usertable] [JOB 5] Flushing memtable with next log file: 16
2018/11/25-08:13:36.498321 7f53227fc700 EVENT_LOG_v1 {"time_micros": 1543162416498310, "job": 5, "event": "flush_started", "num_memtables": 2, "num_entries": 55674, "num_deletes": 0, "memory_usage": 264254808, "flush_reason": "Write Buffer Full"}
2018/11/25-08:13:36.498329 7f53227fc700 [db/flush_job.cc:331] [usertable] [JOB 5] Level-0 flush table #17: started
2018/11/25-08:13:38.012854 7f53227fc700 EVENT_LOG_v1 {"time_micros": 1543162418012829, "cf_name": "usertable", "job": 5, "event": "table_file_creation", "file_number": 17, "file_size": 230568349, "table_properties": {"data_size": 229543902, "index_size": 1023520, "filter_size": 0, "raw_key_size": 1336176, "raw_average_key_size": 24, "raw_value_size": 228040704, "raw_average_value_size": 4096, "num_data_blocks": 27837, "num_entries": 55674, "filter_policy_name": "", "kDeletedKeys": "0", "kMergeOperands": "0"}}
2018/11/25-08:13:38.012876 7f53227fc700 [db/flush_job.cc:371] [usertable] [JOB 5] Level-0 flush table #17: 230568349 bytes OK
2018/11/25-08:13:38.041861 7f53227fc700 (Original Log Time 2018/11/25-08:13:38.012892) [db/memtable_list.cc:377] [usertable] Level-0 commit table #17 started
2018/11/25-08:13:38.041865 7f53227fc700 (Original Log Time 2018/11/25-08:13:38.041783) [db/memtable_list.cc:409] [usertable] Level-0 commit table #17: memtable #1 done
2018/11/25-08:13:38.041867 7f53227fc700 (Original Log Time 2018/11/25-08:13:38.041785) [db/memtable_list.cc:409] [usertable] Level-0 commit table #17: memtable #2 done
2018/11/25-08:13:38.041868 7f53227fc700 (Original Log Time 2018/11/25-08:13:38.041801) EVENT_LOG_v1 {"time_micros": 1543162418041793, "job": 5, "event": "flush_finished", "output_compression": "NoCompression", "lsm_state": [2, 1, 0, 0, 0, 0, 0], "immutable_memtables": 0}
2018/11/25-08:13:38.041870 7f53227fc700 (Original Log Time 2018/11/25-08:13:38.041839) [db/db_impl_compaction_flush.cc:177] [usertable] Level summary: base level 1 max bytes base 536870912 files[2 1 0 0 0 0 0] max score 1.00
