2019/03/10-14:27:44.478686 7f0dd5d47700 RocksDB version: 5.14.3
2019/03/10-14:27:44.478733 7f0dd5d47700 Git sha rocksdb_build_git_sha:
2019/03/10-14:27:44.478736 7f0dd5d47700 Compile date Dec 29 2018
2019/03/10-14:27:44.478740 7f0dd5d47700 DB SUMMARY
2019/03/10-14:27:44.479402 7f0dd5d47700 CURRENT file:  CURRENT
2019/03/10-14:27:44.479405 7f0dd5d47700 IDENTITY file:  IDENTITY
2019/03/10-14:27:44.479415 7f0dd5d47700 MANIFEST file:  MANIFEST-000004 size: 127395 Bytes
2019/03/10-14:27:44.479418 7f0dd5d47700 SST files in /mnt/sda/ycsb-rocksdb-data dir, Total Num: 722, files: 000021.sst 000022.sst 000023.sst 000024.sst 000028.sst 000029.sst 000030.sst 000031.sst 000035.sst 
2019/03/10-14:27:44.479420 7f0dd5d47700 Write Ahead Log file in /mnt/sda/ycsb-rocksdb-data: 001288.log size: 118478780 ; 001294.log size: 100754398 ; 
2019/03/10-14:27:44.479425 7f0dd5d47700                         Options.error_if_exists: 0
2019/03/10-14:27:44.479426 7f0dd5d47700                       Options.create_if_missing: 1
2019/03/10-14:27:44.479427 7f0dd5d47700                         Options.paranoid_checks: 1
2019/03/10-14:27:44.479428 7f0dd5d47700                                     Options.env: 0x7f0dd53bf2c0
2019/03/10-14:27:44.479430 7f0dd5d47700                                Options.info_log: 0x7f0d7038fde0
2019/03/10-14:27:44.479431 7f0dd5d47700                Options.max_file_opening_threads: 16
2019/03/10-14:27:44.479432 7f0dd5d47700                              Options.statistics: (nil)
2019/03/10-14:27:44.479433 7f0dd5d47700                               Options.use_fsync: 0
2019/03/10-14:27:44.479434 7f0dd5d47700                       Options.max_log_file_size: 0
2019/03/10-14:27:44.479435 7f0dd5d47700                  Options.max_manifest_file_size: 18446744073709551615
2019/03/10-14:27:44.479437 7f0dd5d47700                   Options.log_file_time_to_roll: 0
2019/03/10-14:27:44.479438 7f0dd5d47700                       Options.keep_log_file_num: 1000
2019/03/10-14:27:44.479439 7f0dd5d47700                    Options.recycle_log_file_num: 0
2019/03/10-14:27:44.479440 7f0dd5d47700                         Options.allow_fallocate: 1
2019/03/10-14:27:44.479441 7f0dd5d47700                        Options.allow_mmap_reads: 0
2019/03/10-14:27:44.479442 7f0dd5d47700                       Options.allow_mmap_writes: 0
2019/03/10-14:27:44.479443 7f0dd5d47700                        Options.use_direct_reads: 0
2019/03/10-14:27:44.479444 7f0dd5d47700                        Options.use_direct_io_for_flush_and_compaction: 0
2019/03/10-14:27:44.479445 7f0dd5d47700          Options.create_missing_column_families: 1
2019/03/10-14:27:44.479446 7f0dd5d47700                              Options.db_log_dir: 
2019/03/10-14:27:44.479447 7f0dd5d47700                                 Options.wal_dir: /mnt/sda/ycsb-rocksdb-data
2019/03/10-14:27:44.479449 7f0dd5d47700                Options.table_cache_numshardbits: 6
2019/03/10-14:27:44.479450 7f0dd5d47700                      Options.max_subcompactions: 4
2019/03/10-14:27:44.479451 7f0dd5d47700                  Options.max_background_flushes: 24
2019/03/10-14:27:44.479452 7f0dd5d47700                         Options.WAL_ttl_seconds: 0
2019/03/10-14:27:44.479453 7f0dd5d47700                       Options.WAL_size_limit_MB: 0
2019/03/10-14:27:44.479454 7f0dd5d47700             Options.manifest_preallocation_size: 4194304
2019/03/10-14:27:44.479455 7f0dd5d47700                     Options.is_fd_close_on_exec: 1
2019/03/10-14:27:44.479456 7f0dd5d47700                   Options.advise_random_on_open: 1
2019/03/10-14:27:44.479457 7f0dd5d47700                    Options.db_write_buffer_size: 0
2019/03/10-14:27:44.479458 7f0dd5d47700                    Options.write_buffer_manager: 0x7f0d7037ea20
2019/03/10-14:27:44.479460 7f0dd5d47700         Options.access_hint_on_compaction_start: 1
2019/03/10-14:27:44.479461 7f0dd5d47700  Options.new_table_reader_for_compaction_inputs: 0
2019/03/10-14:27:44.479462 7f0dd5d47700           Options.random_access_max_buffer_size: 1048576
2019/03/10-14:27:44.479463 7f0dd5d47700                      Options.use_adaptive_mutex: 0
2019/03/10-14:27:44.479464 7f0dd5d47700                            Options.rate_limiter: (nil)
2019/03/10-14:27:44.479477 7f0dd5d47700     Options.sst_file_manager.rate_bytes_per_sec: 0
2019/03/10-14:27:44.479478 7f0dd5d47700                       Options.wal_recovery_mode: 2
2019/03/10-14:27:44.479479 7f0dd5d47700                  Options.enable_thread_tracking: 0
2019/03/10-14:27:44.479480 7f0dd5d47700                  Options.enable_pipelined_write: 1
2019/03/10-14:27:44.479482 7f0dd5d47700         Options.allow_concurrent_memtable_write: 1
2019/03/10-14:27:44.479483 7f0dd5d47700      Options.enable_write_thread_adaptive_yield: 1
2019/03/10-14:27:44.479484 7f0dd5d47700             Options.write_thread_max_yield_usec: 100
2019/03/10-14:27:44.479485 7f0dd5d47700            Options.write_thread_slow_yield_usec: 3
2019/03/10-14:27:44.479486 7f0dd5d47700                               Options.row_cache: None
2019/03/10-14:27:44.479487 7f0dd5d47700                              Options.wal_filter: None
2019/03/10-14:27:44.479488 7f0dd5d47700             Options.avoid_flush_during_recovery: 0
2019/03/10-14:27:44.479489 7f0dd5d47700             Options.allow_ingest_behind: 0
2019/03/10-14:27:44.479490 7f0dd5d47700             Options.preserve_deletes: 0
2019/03/10-14:27:44.479491 7f0dd5d47700             Options.two_write_queues: 0
2019/03/10-14:27:44.479493 7f0dd5d47700             Options.manual_wal_flush: 0
2019/03/10-14:27:44.479494 7f0dd5d47700             Options.max_background_jobs: 24
2019/03/10-14:27:44.479495 7f0dd5d47700             Options.max_background_compactions: 24
2019/03/10-14:27:44.479496 7f0dd5d47700             Options.avoid_flush_during_shutdown: 0
2019/03/10-14:27:44.479497 7f0dd5d47700           Options.writable_file_max_buffer_size: 1048576
2019/03/10-14:27:44.479498 7f0dd5d47700             Options.delayed_write_rate : 16777216
2019/03/10-14:27:44.479500 7f0dd5d47700             Options.max_total_wal_size: 0
2019/03/10-14:27:44.479501 7f0dd5d47700             Options.delete_obsolete_files_period_micros: 21600000000
2019/03/10-14:27:44.479502 7f0dd5d47700                   Options.stats_dump_period_sec: 60
2019/03/10-14:27:44.479503 7f0dd5d47700                          Options.max_open_files: -1
2019/03/10-14:27:44.479504 7f0dd5d47700                          Options.bytes_per_sync: 1048576
2019/03/10-14:27:44.479505 7f0dd5d47700                      Options.wal_bytes_per_sync: 0
2019/03/10-14:27:44.479506 7f0dd5d47700       Options.compaction_readahead_size: 0
2019/03/10-14:27:44.479507 7f0dd5d47700 Compression algorithms supported:
2019/03/10-14:27:44.479509 7f0dd5d47700 	kZSTDNotFinalCompression supported: 1
2019/03/10-14:27:44.479516 7f0dd5d47700 	kZSTD supported: 1
2019/03/10-14:27:44.479517 7f0dd5d47700 	kXpressCompression supported: 0
2019/03/10-14:27:44.479519 7f0dd5d47700 	kLZ4HCCompression supported: 1
2019/03/10-14:27:44.479520 7f0dd5d47700 	kLZ4Compression supported: 1
2019/03/10-14:27:44.479521 7f0dd5d47700 	kBZip2Compression supported: 1
2019/03/10-14:27:44.479522 7f0dd5d47700 	kZlibCompression supported: 1
2019/03/10-14:27:44.479523 7f0dd5d47700 	kSnappyCompression supported: 1
2019/03/10-14:27:44.479527 7f0dd5d47700 Fast CRC32 supported: Supported on x86
2019/03/10-14:27:44.479926 7f0dd5d47700 [db/version_set.cc:3085] Recovering from manifest file: MANIFEST-000004
2019/03/10-14:27:44.480029 7f0dd5d47700 [db/column_family.cc:475] --------------- Options for column family [default]:
2019/03/10-14:27:44.480033 7f0dd5d47700               Options.comparator: leveldb.BytewiseComparator
2019/03/10-14:27:44.480035 7f0dd5d47700           Options.merge_operator: None
2019/03/10-14:27:44.480036 7f0dd5d47700        Options.compaction_filter: None
2019/03/10-14:27:44.480037 7f0dd5d47700        Options.compaction_filter_factory: None
2019/03/10-14:27:44.480039 7f0dd5d47700         Options.memtable_factory: SkipListFactory
2019/03/10-14:27:44.480040 7f0dd5d47700            Options.table_factory: BlockBasedTable
2019/03/10-14:27:44.480065 7f0dd5d47700            table_factory options:   flush_block_policy_factory: FlushBlockBySizePolicyFactory (0x7f0d70383b70)
  cache_index_and_filter_blocks: 0
  cache_index_and_filter_blocks_with_high_priority: 0
  pin_l0_filter_and_index_blocks_in_cache: 0
  index_type: 0
  hash_index_allow_collision: 1
  checksum: 1
  no_block_cache: 0
  block_cache: 0x7f0d7038f4a0
  block_cache_name: LRUCache
  block_cache_options:
    capacity : 8388608
    num_shard_bits : 4
    strict_capacity_limit : 0
    high_pri_pool_ratio: 0.000
  block_cache_compressed: (nil)
  persistent_cache: (nil)
  block_size: 8192
  block_size_deviation: 10
  block_restart_interval: 16
  index_block_restart_interval: 1
  metadata_block_size: 4096
  partition_filters: 0
  use_delta_encoding: 1
  filter_policy: nullptr
  whole_key_filtering: 1
  verify_compression: 0
  read_amp_bytes_per_bit: 0
  format_version: 2
  enable_index_compression: 1
  block_align: 0
2019/03/10-14:27:44.480081 7f0dd5d47700        Options.write_buffer_size: 134217728
2019/03/10-14:27:44.480083 7f0dd5d47700  Options.max_write_buffer_number: 24
2019/03/10-14:27:44.480084 7f0dd5d47700        Options.compression[0]: NoCompression
2019/03/10-14:27:44.480085 7f0dd5d47700        Options.compression[1]: NoCompression
2019/03/10-14:27:44.480087 7f0dd5d47700        Options.compression[2]: LZ4
2019/03/10-14:27:44.480088 7f0dd5d47700        Options.compression[3]: LZ4
2019/03/10-14:27:44.480089 7f0dd5d47700        Options.compression[4]: LZ4
2019/03/10-14:27:44.480090 7f0dd5d47700        Options.compression[5]: LZ4
2019/03/10-14:27:44.480091 7f0dd5d47700        Options.compression[6]: LZ4
2019/03/10-14:27:44.480092 7f0dd5d47700                  Options.bottommost_compression: Disabled
2019/03/10-14:27:44.480094 7f0dd5d47700       Options.prefix_extractor: nullptr
2019/03/10-14:27:44.480095 7f0dd5d47700   Options.memtable_insert_with_hint_prefix_extractor: nullptr
2019/03/10-14:27:44.480096 7f0dd5d47700             Options.num_levels: 7
2019/03/10-14:27:44.480097 7f0dd5d47700        Options.min_write_buffer_number_to_merge: 2
2019/03/10-14:27:44.480098 7f0dd5d47700     Options.max_write_buffer_number_to_maintain: 0
2019/03/10-14:27:44.480099 7f0dd5d47700            Options.compression_opts.window_bits: -14
2019/03/10-14:27:44.480101 7f0dd5d47700                  Options.compression_opts.level: -1
2019/03/10-14:27:44.480102 7f0dd5d47700               Options.compression_opts.strategy: 0
2019/03/10-14:27:44.480103 7f0dd5d47700         Options.compression_opts.max_dict_bytes: 0
2019/03/10-14:27:44.480104 7f0dd5d47700         Options.compression_opts.zstd_max_train_bytes: 0
2019/03/10-14:27:44.480105 7f0dd5d47700      Options.level0_file_num_compaction_trigger: 2
2019/03/10-14:27:44.480106 7f0dd5d47700          Options.level0_slowdown_writes_trigger: 20
2019/03/10-14:27:44.480107 7f0dd5d47700              Options.level0_stop_writes_trigger: 36
2019/03/10-14:27:44.480108 7f0dd5d47700                   Options.target_file_size_base: 67108864
2019/03/10-14:27:44.480109 7f0dd5d47700             Options.target_file_size_multiplier: 1
2019/03/10-14:27:44.480110 7f0dd5d47700                Options.max_bytes_for_level_base: 536870912
2019/03/10-14:27:44.480111 7f0dd5d47700 Options.level_compaction_dynamic_level_bytes: 0
2019/03/10-14:27:44.480113 7f0dd5d47700          Options.max_bytes_for_level_multiplier: 10.000000
2019/03/10-14:27:44.480116 7f0dd5d47700 Options.max_bytes_for_level_multiplier_addtl[0]: 1
2019/03/10-14:27:44.480117 7f0dd5d47700 Options.max_bytes_for_level_multiplier_addtl[1]: 1
2019/03/10-14:27:44.480118 7f0dd5d47700 Options.max_bytes_for_level_multiplier_addtl[2]: 1
2019/03/10-14:27:44.480119 7f0dd5d47700 Options.max_bytes_for_level_multiplier_addtl[3]: 1
2019/03/10-14:27:44.480121 7f0dd5d47700 Options.max_bytes_for_level_multiplier_addtl[4]: 1
2019/03/10-14:27:44.480122 7f0dd5d47700 Options.max_bytes_for_level_multiplier_addtl[5]: 1
2019/03/10-14:27:44.480123 7f0dd5d47700 Options.max_bytes_for_level_multiplier_addtl[6]: 1
2019/03/10-14:27:44.480124 7f0dd5d47700       Options.max_sequential_skip_in_iterations: 8
2019/03/10-14:27:44.480125 7f0dd5d47700                    Options.max_compaction_bytes: 1677721600
2019/03/10-14:27:44.480132 7f0dd5d47700                        Options.arena_block_size: 16777216
2019/03/10-14:27:44.480133 7f0dd5d47700   Options.soft_pending_compaction_bytes_limit: 68719476736
2019/03/10-14:27:44.480135 7f0dd5d47700   Options.hard_pending_compaction_bytes_limit: 274877906944
2019/03/10-14:27:44.480136 7f0dd5d47700       Options.rate_limit_delay_max_milliseconds: 100
2019/03/10-14:27:44.480137 7f0dd5d47700                Options.disable_auto_compactions: 0
2019/03/10-14:27:44.480139 7f0dd5d47700                        Options.compaction_style: kCompactionStyleLevel
2019/03/10-14:27:44.480140 7f0dd5d47700                          Options.compaction_pri: kByCompensatedSize
2019/03/10-14:27:44.480141 7f0dd5d47700 Options.compaction_options_universal.size_ratio: 1
2019/03/10-14:27:44.480143 7f0dd5d47700 Options.compaction_options_universal.min_merge_width: 2
2019/03/10-14:27:44.480144 7f0dd5d47700 Options.compaction_options_universal.max_merge_width: 4294967295
2019/03/10-14:27:44.480145 7f0dd5d47700 Options.compaction_options_universal.max_size_amplification_percent: 200
2019/03/10-14:27:44.480146 7f0dd5d47700 Options.compaction_options_universal.compression_size_percent: -1
2019/03/10-14:27:44.480148 7f0dd5d47700 Options.compaction_options_universal.stop_style: kCompactionStopStyleTotalSize
2019/03/10-14:27:44.480149 7f0dd5d47700 Options.compaction_options_fifo.max_table_files_size: 1073741824
2019/03/10-14:27:44.480150 7f0dd5d47700 Options.compaction_options_fifo.allow_compaction: 0
2019/03/10-14:27:44.480151 7f0dd5d47700 Options.compaction_options_fifo.ttl: 0
2019/03/10-14:27:44.480152 7f0dd5d47700                   Options.table_properties_collectors: 
2019/03/10-14:27:44.480153 7f0dd5d47700                   Options.inplace_update_support: 0
2019/03/10-14:27:44.480155 7f0dd5d47700                 Options.inplace_update_num_locks: 10000
2019/03/10-14:27:44.480156 7f0dd5d47700               Options.memtable_prefix_bloom_size_ratio: 0.000000
2019/03/10-14:27:44.480157 7f0dd5d47700   Options.memtable_huge_page_size: 0
2019/03/10-14:27:44.480159 7f0dd5d47700                           Options.bloom_locality: 0
2019/03/10-14:27:44.480160 7f0dd5d47700                    Options.max_successive_merges: 0
2019/03/10-14:27:44.480161 7f0dd5d47700                Options.optimize_filters_for_hits: 0
2019/03/10-14:27:44.480162 7f0dd5d47700                Options.paranoid_file_checks: 0
2019/03/10-14:27:44.480163 7f0dd5d47700                Options.force_consistency_checks: 0
2019/03/10-14:27:44.480164 7f0dd5d47700                Options.report_bg_io_stats: 0
2019/03/10-14:27:44.480165 7f0dd5d47700                               Options.ttl: 0
2019/03/10-14:27:44.480595 7f0dd5d47700 [db/column_family.cc:475] --------------- Options for column family [usertable]:
2019/03/10-14:27:44.480599 7f0dd5d47700               Options.comparator: leveldb.BytewiseComparator
2019/03/10-14:27:44.480601 7f0dd5d47700           Options.merge_operator: None
2019/03/10-14:27:44.480602 7f0dd5d47700        Options.compaction_filter: None
2019/03/10-14:27:44.480603 7f0dd5d47700        Options.compaction_filter_factory: None
2019/03/10-14:27:44.480604 7f0dd5d47700         Options.memtable_factory: SkipListFactory
2019/03/10-14:27:44.480605 7f0dd5d47700            Options.table_factory: BlockBasedTable
2019/03/10-14:27:44.480628 7f0dd5d47700            table_factory options:   flush_block_policy_factory: FlushBlockBySizePolicyFactory (0x7f0d70383940)
  cache_index_and_filter_blocks: 0
  cache_index_and_filter_blocks_with_high_priority: 0
  pin_l0_filter_and_index_blocks_in_cache: 0
  index_type: 0
  hash_index_allow_collision: 1
  checksum: 1
  no_block_cache: 0
  block_cache: 0x7f0d703835a0
  block_cache_name: LRUCache
  block_cache_options:
    capacity : 8388608
    num_shard_bits : 4
    strict_capacity_limit : 0
    high_pri_pool_ratio: 0.000
  block_cache_compressed: (nil)
  persistent_cache: (nil)
  block_size: 8192
  block_size_deviation: 10
  block_restart_interval: 16
  index_block_restart_interval: 1
  metadata_block_size: 4096
  partition_filters: 0
  use_delta_encoding: 1
  filter_policy: nullptr
  whole_key_filtering: 1
  verify_compression: 0
  read_amp_bytes_per_bit: 0
  format_version: 2
  enable_index_compression: 1
  block_align: 0
2019/03/10-14:27:44.480640 7f0dd5d47700        Options.write_buffer_size: 134217728
2019/03/10-14:27:44.480642 7f0dd5d47700  Options.max_write_buffer_number: 24
2019/03/10-14:27:44.480643 7f0dd5d47700        Options.compression[0]: NoCompression
2019/03/10-14:27:44.480645 7f0dd5d47700        Options.compression[1]: NoCompression
2019/03/10-14:27:44.480646 7f0dd5d47700        Options.compression[2]: LZ4
2019/03/10-14:27:44.480647 7f0dd5d47700        Options.compression[3]: LZ4
2019/03/10-14:27:44.480648 7f0dd5d47700        Options.compression[4]: LZ4
2019/03/10-14:27:44.480649 7f0dd5d47700        Options.compression[5]: LZ4
2019/03/10-14:27:44.480650 7f0dd5d47700        Options.compression[6]: LZ4
2019/03/10-14:27:44.480651 7f0dd5d47700                  Options.bottommost_compression: Disabled
2019/03/10-14:27:44.480653 7f0dd5d47700       Options.prefix_extractor: nullptr
2019/03/10-14:27:44.480654 7f0dd5d47700   Options.memtable_insert_with_hint_prefix_extractor: nullptr
2019/03/10-14:27:44.480655 7f0dd5d47700             Options.num_levels: 7
2019/03/10-14:27:44.480656 7f0dd5d47700        Options.min_write_buffer_number_to_merge: 2
2019/03/10-14:27:44.480657 7f0dd5d47700     Options.max_write_buffer_number_to_maintain: 0
2019/03/10-14:27:44.480658 7f0dd5d47700            Options.compression_opts.window_bits: -14
2019/03/10-14:27:44.480659 7f0dd5d47700                  Options.compression_opts.level: -1
2019/03/10-14:27:44.480660 7f0dd5d47700               Options.compression_opts.strategy: 0
2019/03/10-14:27:44.480661 7f0dd5d47700         Options.compression_opts.max_dict_bytes: 0
2019/03/10-14:27:44.480663 7f0dd5d47700         Options.compression_opts.zstd_max_train_bytes: 0
2019/03/10-14:27:44.480664 7f0dd5d47700      Options.level0_file_num_compaction_trigger: 2
2019/03/10-14:27:44.480665 7f0dd5d47700          Options.level0_slowdown_writes_trigger: 20
2019/03/10-14:27:44.480666 7f0dd5d47700              Options.level0_stop_writes_trigger: 36
2019/03/10-14:27:44.480667 7f0dd5d47700                   Options.target_file_size_base: 67108864
2019/03/10-14:27:44.480668 7f0dd5d47700             Options.target_file_size_multiplier: 1
2019/03/10-14:27:44.480669 7f0dd5d47700                Options.max_bytes_for_level_base: 536870912
2019/03/10-14:27:44.480670 7f0dd5d47700 Options.level_compaction_dynamic_level_bytes: 0
2019/03/10-14:27:44.480671 7f0dd5d47700          Options.max_bytes_for_level_multiplier: 10.000000
2019/03/10-14:27:44.480674 7f0dd5d47700 Options.max_bytes_for_level_multiplier_addtl[0]: 1
2019/03/10-14:27:44.480675 7f0dd5d47700 Options.max_bytes_for_level_multiplier_addtl[1]: 1
2019/03/10-14:27:44.480676 7f0dd5d47700 Options.max_bytes_for_level_multiplier_addtl[2]: 1
2019/03/10-14:27:44.480677 7f0dd5d47700 Options.max_bytes_for_level_multiplier_addtl[3]: 1
2019/03/10-14:27:44.480678 7f0dd5d47700 Options.max_bytes_for_level_multiplier_addtl[4]: 1
2019/03/10-14:27:44.480679 7f0dd5d47700 Options.max_bytes_for_level_multiplier_addtl[5]: 1
2019/03/10-14:27:44.480680 7f0dd5d47700 Options.max_bytes_for_level_multiplier_addtl[6]: 1
2019/03/10-14:27:44.480681 7f0dd5d47700       Options.max_sequential_skip_in_iterations: 8
2019/03/10-14:27:44.480682 7f0dd5d47700                    Options.max_compaction_bytes: 1677721600
2019/03/10-14:27:44.480684 7f0dd5d47700                        Options.arena_block_size: 16777216
2019/03/10-14:27:44.480685 7f0dd5d47700   Options.soft_pending_compaction_bytes_limit: 68719476736
2019/03/10-14:27:44.480686 7f0dd5d47700   Options.hard_pending_compaction_bytes_limit: 274877906944
2019/03/10-14:27:44.480687 7f0dd5d47700       Options.rate_limit_delay_max_milliseconds: 100
2019/03/10-14:27:44.480688 7f0dd5d47700                Options.disable_auto_compactions: 0
2019/03/10-14:27:44.480690 7f0dd5d47700                        Options.compaction_style: kCompactionStyleLevel
2019/03/10-14:27:44.480697 7f0dd5d47700                          Options.compaction_pri: kByCompensatedSize
2019/03/10-14:27:44.480698 7f0dd5d47700 Options.compaction_options_universal.size_ratio: 1
2019/03/10-14:27:44.480699 7f0dd5d47700 Options.compaction_options_universal.min_merge_width: 2
2019/03/10-14:27:44.480700 7f0dd5d47700 Options.compaction_options_universal.max_merge_width: 4294967295
2019/03/10-14:27:44.480702 7f0dd5d47700 Options.compaction_options_universal.max_size_amplification_percent: 200
2019/03/10-14:27:44.480703 7f0dd5d47700 Options.compaction_options_universal.compression_size_percent: -1
2019/03/10-14:27:44.480704 7f0dd5d47700 Options.compaction_options_universal.stop_style: kCompactionStopStyleTotalSize
2019/03/10-14:27:44.480705 7f0dd5d47700 Options.compaction_options_fifo.max_table_files_size: 1073741824
2019/03/10-14:27:44.480706 7f0dd5d47700 Options.compaction_options_fifo.allow_compaction: 0
2019/03/10-14:27:44.480707 7f0dd5d47700 Options.compaction_options_fifo.ttl: 0
2019/03/10-14:27:44.480709 7f0dd5d47700                   Options.table_properties_collectors: 
2019/03/10-14:27:44.480710 7f0dd5d47700                   Options.inplace_update_support: 0
2019/03/10-14:27:44.480711 7f0dd5d47700                 Options.inplace_update_num_locks: 10000
2019/03/10-14:27:44.480712 7f0dd5d47700               Options.memtable_prefix_bloom_size_ratio: 0.000000
2019/03/10-14:27:44.480714 7f0dd5d47700   Options.memtable_huge_page_size: 0
2019/03/10-14:27:44.480715 7f0dd5d47700                           Options.bloom_locality: 0
2019/03/10-14:27:44.480716 7f0dd5d47700                    Options.max_successive_merges: 0
2019/03/10-14:27:44.480717 7f0dd5d47700                Options.optimize_filters_for_hits: 0
2019/03/10-14:27:44.480718 7f0dd5d47700                Options.paranoid_file_checks: 0
2019/03/10-14:27:44.480719 7f0dd5d47700                Options.force_consistency_checks: 0
2019/03/10-14:27:44.480720 7f0dd5d47700                Options.report_bg_io_stats: 0
2019/03/10-14:27:44.480721 7f0dd5d47700                               Options.ttl: 0
2019/03/10-14:27:45.008806 7f0dd5d47700 [db/version_set.cc:3361] Recovered from manifest file:/mnt/sda/ycsb-rocksdb-data/MANIFEST-000004 succeeded,manifest_file_number is 4, next_file_number is 1295, last_sequence is 10407238, log_number is 0,prev_log_number is 0,max_column_family is 1,min_log_number_to_keep is 0
2019/03/10-14:27:45.008815 7f0dd5d47700 [db/version_set.cc:3369] Column family [default] (ID 0), log number is 0
2019/03/10-14:27:45.008816 7f0dd5d47700 [db/version_set.cc:3369] Column family [usertable] (ID 1), log number is 1288
2019/03/10-14:27:45.011034 7f0dd5d47700 EVENT_LOG_v1 {"time_micros": 1552253265011026, "job": 1, "event": "recovery_started", "log_files": [1288, 1294]}
2019/03/10-14:27:45.011040 7f0dd5d47700 [db/db_impl_open.cc:551] Recovering log #1288 mode 2
2019/03/10-14:27:45.337865 7f0dd5d47700 [db/db_impl_open.cc:551] Recovering log #1294 mode 2
2019/03/10-14:27:45.887374 7f0dd5d47700 EVENT_LOG_v1 {"time_micros": 1552253265887349, "cf_name": "usertable", "job": 1, "event": "table_file_creation", "file_number": 1295, "file_size": 129895352, "table_properties": {"data_size": 129317909, "index_size": 576521, "filter_size": 0, "raw_key_size": 752760, "raw_average_key_size": 24, "raw_value_size": 128471040, "raw_average_value_size": 4096, "num_data_blocks": 15683, "num_entries": 31365, "filter_policy_name": "", "kDeletedKeys": "0", "kMergeOperands": "0"}}
2019/03/10-14:27:46.138014 7f0dd5d47700 [db/version_set.cc:2847] Creating manifest 1296
2019/03/10-14:27:46.564318 7f0dd5d47700 EVENT_LOG_v1 {"time_micros": 1552253266564294, "cf_name": "usertable", "job": 1, "event": "table_file_creation", "file_number": 1297, "file_size": 89600271, "table_properties": {"data_size": 89199384, "index_size": 399965, "filter_size": 0, "raw_key_size": 519216, "raw_average_key_size": 24, "raw_value_size": 88612864, "raw_average_value_size": 4096, "num_data_blocks": 10817, "num_entries": 21634, "filter_policy_name": "", "kDeletedKeys": "0", "kMergeOperands": "0"}}
2019/03/10-14:27:46.597739 7f0dd5d47700 EVENT_LOG_v1 {"time_micros": 1552253266597737, "job": 1, "event": "recovery_finished"}
2019/03/10-14:27:46.680219 7f0dd5d47700 [db/db_impl_open.cc:1219] DB pointer 0x7f0d70381850
2019/03/10-14:27:46.680580 7f0dd4a47700 [WARN] [db/db_impl.cc:491] ------- DUMPING STATS -------
2019/03/10-14:27:46.680626 7f0dd4a47700 [WARN] [db/db_impl.cc:492] 
** DB Stats **
Uptime(secs): 2.2 total, 2.2 interval
Cumulative writes: 0 writes, 0 keys, 0 commit groups, 0.0 writes per commit group, ingest: 0.00 GB, 0.00 MB/s
Cumulative WAL: 0 writes, 0 syncs, 0.00 writes per sync, written: 0.00 GB, 0.00 MB/s
Cumulative stall: 00:00:0.000 H:M:S, 0.0 percent
Interval writes: 0 writes, 0 keys, 0 commit groups, 0.0 writes per commit group, ingest: 0.00 MB, 0.00 MB/s
Interval WAL: 0 writes, 0 syncs, 0.00 writes per sync, written: 0.00 MB, 0.00 MB/s
Interval stall: 00:00:0.000 H:M:S, 0.0 percent

** Compaction Stats [default] **
Level    Files   Size     Score Read(GB)  Rn(GB) Rnp1(GB) Write(GB) Wnew(GB) Moved(GB) W-Amp Rd(MB/s) Wr(MB/s) Comp(sec) Comp(cnt) Avg(sec) KeyIn KeyDrop
----------------------------------------------------------------------------------------------------------------------------------------------------------
 Sum      0/0    0.00 KB   0.0      0.0     0.0      0.0       0.0      0.0       0.0   0.0      0.0      0.0         0         0    0.000       0      0
 Int      0/0    0.00 KB   0.0      0.0     0.0      0.0       0.0      0.0       0.0   0.0      0.0      0.0         0         0    0.000       0      0
Uptime(secs): 2.2 total, 2.2 interval
Flush(GB): cumulative 0.000, interval 0.000
AddFile(GB): cumulative 0.000, interval 0.000
AddFile(Total Files): cumulative 0, interval 0
AddFile(L0 Files): cumulative 0, interval 0
AddFile(Keys): cumulative 0, interval 0
Cumulative compaction: 0.00 GB write, 0.00 MB/s write, 0.00 GB read, 0.00 MB/s read, 0.0 seconds
Interval compaction: 0.00 GB write, 0.00 MB/s write, 0.00 GB read, 0.00 MB/s read, 0.0 seconds
Stalls(count): 0 level0_slowdown, 0 level0_slowdown_with_compaction, 0 level0_numfiles, 0 level0_numfiles_with_compaction, 0 stop for pending_compaction_bytes, 0 slowdown for pending_compaction_bytes, 0 memtable_compaction, 0 memtable_slowdown, interval 0 total count

** File Read Latency Histogram By Level [default] **

** Compaction Stats [usertable] **
Level    Files   Size     Score Read(GB)  Rn(GB) Rnp1(GB) Write(GB) Wnew(GB) Moved(GB) W-Amp Rd(MB/s) Wr(MB/s) Comp(sec) Comp(cnt) Avg(sec) KeyIn KeyDrop
----------------------------------------------------------------------------------------------------------------------------------------------------------
  L0      3/0   422.05 MB   1.5      0.0     0.0      0.0       0.2      0.2       0.0   1.0      0.0    236.5         1         2    0.443       0      0
  L1      2/0   427.05 MB   0.8      0.0     0.0      0.0       0.0      0.0       0.0   0.0      0.0      0.0         0         0    0.000       0      0
  L2    170/0    4.98 GB   1.0      0.0     0.0      0.0       0.0      0.0       0.0   0.0      0.0      0.0         0         0    0.000       0      0
  L3    549/0   34.37 GB   0.7      0.0     0.0      0.0       0.0      0.0       0.0   0.0      0.0      0.0         0         0    0.000       0      0
 Sum    724/0   40.18 GB   0.0      0.0     0.0      0.0       0.2      0.2       0.0   1.0      0.0    236.5         1         2    0.443       0      0
 Int      0/0    0.00 KB   0.0      0.0     0.0      0.0       0.2      0.2       0.0   1.0      0.0    236.5         1         2    0.443       0      0
Uptime(secs): 2.2 total, 2.2 interval
Flush(GB): cumulative 0.204, interval 0.204
AddFile(GB): cumulative 0.000, interval 0.000
AddFile(Total Files): cumulative 0, interval 0
AddFile(L0 Files): cumulative 0, interval 0
AddFile(Keys): cumulative 0, interval 0
Cumulative compaction: 0.20 GB write, 95.15 MB/s write, 0.00 GB read, 0.00 MB/s read, 0.9 seconds
Interval compaction: 0.20 GB write, 95.15 MB/s write, 0.00 GB read, 0.00 MB/s read, 0.9 seconds
Stalls(count): 0 level0_slowdown, 0 level0_slowdown_with_compaction, 0 level0_numfiles, 0 level0_numfiles_with_compaction, 0 stop for pending_compaction_bytes, 0 slowdown for pending_compaction_bytes, 0 memtable_compaction, 0 memtable_slowdown, interval 0 total count

** File Read Latency Histogram By Level [usertable] **

** Compaction Stats [default] **
Level    Files   Size     Score Read(GB)  Rn(GB) Rnp1(GB) Write(GB) Wnew(GB) Moved(GB) W-Amp Rd(MB/s) Wr(MB/s) Comp(sec) Comp(cnt) Avg(sec) KeyIn KeyDrop
----------------------------------------------------------------------------------------------------------------------------------------------------------
 Sum      0/0    0.00 KB   0.0      0.0     0.0      0.0       0.0      0.0       0.0   0.0      0.0      0.0         0         0    0.000       0      0
 Int      0/0    0.00 KB   0.0      0.0     0.0      0.0       0.0      0.0       0.0   0.0      0.0      0.0         0         0    0.000       0      0
Uptime(secs): 2.2 total, 0.0 interval
Flush(GB): cumulative 0.000, interval 0.000
AddFile(GB): cumulative 0.000, interval 0.000
AddFile(Total Files): cumulative 0, interval 0
AddFile(L0 Files): cumulative 0, interval 0
AddFile(Keys): cumulative 0, interval 0
Cumulative compaction: 0.00 GB write, 0.00 MB/s write, 0.00 GB read, 0.00 MB/s read, 0.0 seconds
Interval compaction: 0.00 GB write, 0.00 MB/s write, 0.00 GB read, 0.00 MB/s read, 0.0 seconds
Stalls(count): 0 level0_slowdown, 0 level0_slowdown_with_compaction, 0 level0_numfiles, 0 level0_numfiles_with_compaction, 0 stop for pending_compaction_bytes, 0 slowdown for pending_compaction_bytes, 0 memtable_compaction, 0 memtable_slowdown, interval 0 total count

** File Read Latency Histogram By Level [default] **

** Compaction Stats [usertable] **
Level    Files   Size     Score Read(GB)  Rn(GB) Rnp1(GB) Write(GB) Wnew(GB) Moved(GB) W-Amp Rd(MB/s) Wr(MB/s) Comp(sec) Comp(cnt) Avg(sec) KeyIn KeyDrop
----------------------------------------------------------------------------------------------------------------------------------------------------------
  L0      3/0   422.05 MB   1.5      0.0     0.0      0.0       0.2      0.2       0.0   1.0      0.0    236.5         1         2    0.443       0      0
  L1      2/0   427.05 MB   0.8      0.0     0.0      0.0       0.0      0.0       0.0   0.0      0.0      0.0         0         0    0.000       0      0
  L2    170/0    4.98 GB   1.0      0.0     0.0      0.0       0.0      0.0       0.0   0.0      0.0      0.0         0         0    0.000       0      0
  L3    549/0   34.37 GB   0.7      0.0     0.0      0.0       0.0      0.0       0.0   0.0      0.0      0.0         0         0    0.000       0      0
 Sum    724/0   40.18 GB   0.0      0.0     0.0      0.0       0.2      0.2       0.0   1.0      0.0    236.5         1         2    0.443       0      0
 Int      0/0    0.00 KB   0.0      0.0     0.0      0.0       0.0      0.0       0.0   0.0      0.0      0.0         0         0    0.000       0      0
Uptime(secs): 2.2 total, 0.0 interval
Flush(GB): cumulative 0.204, interval 0.000
AddFile(GB): cumulative 0.000, interval 0.000
AddFile(Total Files): cumulative 0, interval 0
AddFile(L0 Files): cumulative 0, interval 0
AddFile(Keys): cumulative 0, interval 0
Cumulative compaction: 0.20 GB write, 95.15 MB/s write, 0.00 GB read, 0.00 MB/s read, 0.9 seconds
Interval compaction: 0.00 GB write, 0.00 MB/s write, 0.00 GB read, 0.00 MB/s read, 0.0 seconds
Stalls(count): 0 level0_slowdown, 0 level0_slowdown_with_compaction, 0 level0_numfiles, 0 level0_numfiles_with_compaction, 0 stop for pending_compaction_bytes, 0 slowdown for pending_compaction_bytes, 0 memtable_compaction, 0 memtable_slowdown, interval 0 total count

** File Read Latency Histogram By Level [usertable] **
2019/03/10-14:27:46.711279 7f0dd4a47700 (Original Log Time 2019/03/10-14:27:46.680765) [db/db_impl_compaction_flush.cc:1835] [usertable] Moving #974 to level-1 223060044 bytes
2019/03/10-14:27:46.711283 7f0dd4a47700 (Original Log Time 2019/03/10-14:27:46.711213) EVENT_LOG_v1 {"time_micros": 1552253266711205, "job": 3, "event": "trivial_move", "destination_level": 1, "files": 1, "total_files_size": 223060044}
2019/03/10-14:27:46.711284 7f0dd4a47700 (Original Log Time 2019/03/10-14:27:46.711223) [db/db_impl_compaction_flush.cc:1864] [usertable] Moved #1 files to level-1 223060044 bytes OK: base level 1 max bytes base 536870912 files[2 3 170 549 0 0 0] max score 1.25
2019/03/10-14:27:46.711366 7f0dd4a47700 [db/compaction_job.cc:1531] [usertable] [JOB 4] Compacting 1@1 files to L2, score 1.25
2019/03/10-14:27:46.711374 7f0dd4a47700 [db/compaction_job.cc:1535] [usertable] Compaction start summary: Base version 6 Base level 1, inputs: [869(213MB)]
2019/03/10-14:27:46.711400 7f0dd4a47700 EVENT_LOG_v1 {"time_micros": 1552253266711379, "job": 4, "event": "compaction_started", "compaction_reason": "LevelMaxLevelSize", "files_L1": [869], "score": 1.24957, "input_data_size": 224029125}
2019/03/10-14:27:47.466245 7f0dd4a47700 [db/compaction_job.cc:1211] [usertable] [JOB 4] Generated table #1301: 16279 keys, 67233379 bytes
2019/03/10-14:27:47.466284 7f0dd4a47700 EVENT_LOG_v1 {"time_micros": 1552253267466269, "cf_name": "usertable", "job": 4, "event": "table_file_creation", "file_number": 1301, "file_size": 67233379, "table_properties": {"data_size": 67118331, "index_size": 299104, "filter_size": 0, "raw_key_size": 390696, "raw_average_key_size": 24, "raw_value_size": 66678784, "raw_average_value_size": 4096, "num_data_blocks": 8140, "num_entries": 16279, "filter_policy_name": "", "kDeletedKeys": "0", "kMergeOperands": "0"}}
2019/03/10-14:27:48.246302 7f0dd4a47700 [db/compaction_job.cc:1211] [usertable] [JOB 4] Generated table #1302: 16279 keys, 67233543 bytes
2019/03/10-14:27:48.246342 7f0dd4a47700 EVENT_LOG_v1 {"time_micros": 1552253268246327, "cf_name": "usertable", "job": 4, "event": "table_file_creation", "file_number": 1302, "file_size": 67233543, "table_properties": {"data_size": 67120140, "index_size": 300916, "filter_size": 0, "raw_key_size": 390696, "raw_average_key_size": 24, "raw_value_size": 66678784, "raw_average_value_size": 4096, "num_data_blocks": 8140, "num_entries": 16279, "filter_policy_name": "", "kDeletedKeys": "0", "kMergeOperands": "0"}}
2019/03/10-14:27:49.110738 7f0dd4a47700 [db/compaction_job.cc:1211] [usertable] [JOB 4] Generated table #1303: 16279 keys, 67233319 bytes
2019/03/10-14:27:49.110779 7f0dd4a47700 EVENT_LOG_v1 {"time_micros": 1552253269110764, "cf_name": "usertable", "job": 4, "event": "table_file_creation", "file_number": 1303, "file_size": 67233319, "table_properties": {"data_size": 67118331, "index_size": 299108, "filter_size": 0, "raw_key_size": 390696, "raw_average_key_size": 24, "raw_value_size": 66678784, "raw_average_value_size": 4096, "num_data_blocks": 8140, "num_entries": 16279, "filter_policy_name": "", "kDeletedKeys": "0", "kMergeOperands": "0"}}
2019/03/10-14:27:49.662699 7f0dd4a47700 [db/compaction_job.cc:1211] [usertable] [JOB 4] Generated table #1304: 5258 keys, 21716672 bytes
2019/03/10-14:27:49.662741 7f0dd4a47700 EVENT_LOG_v1 {"time_micros": 1552253269662724, "cf_name": "usertable", "job": 4, "event": "table_file_creation", "file_number": 1304, "file_size": 21716672, "table_properties": {"data_size": 21679318, "index_size": 97009, "filter_size": 0, "raw_key_size": 126192, "raw_average_key_size": 24, "raw_value_size": 21536768, "raw_average_value_size": 4096, "num_data_blocks": 2629, "num_entries": 5258, "filter_policy_name": "", "kDeletedKeys": "0", "kMergeOperands": "0"}}
2019/03/10-14:27:49.662799 7f0dd4a47700 [db/compaction_job.cc:1287] [usertable] [JOB 4] Compacted 1@1 files to L2 => 223416913 bytes
2019/03/10-14:27:49.723526 7f0dd4a47700 (Original Log Time 2019/03/10-14:27:49.723454) [db/compaction_job.cc:685] [usertable] compacted to: base level 1 max bytes base 536870912 files[2 2 174 549 0 0 0] max score 1.04, MB/sec: 75.9 rd, 75.7 wr, level 2, files in(1, 0) out(4) MB in(213.7, 0.0) out(213.1), read-write-amplify(2.0) write-amplify(1.0) OK, records in: 54095, records dropped: 0 output_compression: LZ4
2019/03/10-14:27:49.723533 7f0dd4a47700 (Original Log Time 2019/03/10-14:27:49.723479) EVENT_LOG_v1 {"time_micros": 1552253269723467, "job": 4, "event": "compaction_finished", "compaction_time_micros": 2951351, "output_level": 2, "num_output_files": 4, "total_output_size": 223416913, "num_input_records": 54095, "num_output_records": 54095, "num_subcompactions": 1, "output_compression": "LZ4", "num_single_delete_mismatches": 0, "num_single_delete_fallthrough": 0, "lsm_state": [2, 2, 174, 549, 0, 0, 0]}
2019/03/10-14:27:49.795995 7f0dd4a47700 (Original Log Time 2019/03/10-14:27:49.723721) [db/db_impl_compaction_flush.cc:1835] [usertable] Moving #1302 to level-3 67233543 bytes
2019/03/10-14:27:49.795998 7f0dd4a47700 (Original Log Time 2019/03/10-14:27:49.795965) EVENT_LOG_v1 {"time_micros": 1552253269795961, "job": 5, "event": "trivial_move", "destination_level": 3, "files": 1, "total_files_size": 67233543}
2019/03/10-14:27:49.796000 7f0dd4a47700 (Original Log Time 2019/03/10-14:27:49.795971) [db/db_impl_compaction_flush.cc:1864] [usertable] Moved #1 files to level-3 67233543 bytes OK: base level 1 max bytes base 536870912 files[2 2 173 550 0 0 0] max score 1.02
2019/03/10-14:27:49.809632 7f0dd4a47700 EVENT_LOG_v1 {"time_micros": 1552253269809629, "job": 5, "event": "table_file_deletion", "file_number": 869}
2019/03/10-14:27:49.873526 7f0dd4a47700 (Original Log Time 2019/03/10-14:27:49.809735) [db/db_impl_compaction_flush.cc:1835] [usertable] Moving #1301 to level-3 67233379 bytes
2019/03/10-14:27:49.873529 7f0dd4a47700 (Original Log Time 2019/03/10-14:27:49.873505) EVENT_LOG_v1 {"time_micros": 1552253269873501, "job": 6, "event": "trivial_move", "destination_level": 3, "files": 1, "total_files_size": 67233379}
2019/03/10-14:27:49.873531 7f0dd4a47700 (Original Log Time 2019/03/10-14:27:49.873510) [db/db_impl_compaction_flush.cc:1864] [usertable] Moved #1 files to level-3 67233379 bytes OK: base level 1 max bytes base 536870912 files[2 2 172 551 0 0 0] max score 1.01
2019/03/10-14:27:49.935272 7f0dd4a47700 (Original Log Time 2019/03/10-14:27:49.873700) [db/db_impl_compaction_flush.cc:1835] [usertable] Moving #1303 to level-3 67233319 bytes
2019/03/10-14:27:49.935275 7f0dd4a47700 (Original Log Time 2019/03/10-14:27:49.935244) EVENT_LOG_v1 {"time_micros": 1552253269935241, "job": 7, "event": "trivial_move", "destination_level": 3, "files": 1, "total_files_size": 67233319}
2019/03/10-14:27:49.935277 7f0dd4a47700 (Original Log Time 2019/03/10-14:27:49.935249) [db/db_impl_compaction_flush.cc:1864] [usertable] Moved #1 files to level-3 67233319 bytes OK: base level 1 max bytes base 536870912 files[2 2 171 552 0 0 0] max score 1.00
2019/03/10-14:27:49.995480 7f0dd4a47700 (Original Log Time 2019/03/10-14:27:49.935435) [db/db_impl_compaction_flush.cc:1835] [usertable] Moving #1295 to level-1 129895352 bytes
2019/03/10-14:27:49.995483 7f0dd4a47700 (Original Log Time 2019/03/10-14:27:49.995454) EVENT_LOG_v1 {"time_micros": 1552253269995451, "job": 8, "event": "trivial_move", "destination_level": 1, "files": 1, "total_files_size": 129895352}
