2018/11/20-23:36:11.376456 7f9b741db700 RocksDB version: 5.14.3
2018/11/20-23:36:11.376519 7f9b741db700 Git sha rocksdb_build_git_sha:
2018/11/20-23:36:11.376521 7f9b741db700 Compile date Oct 15 2018
2018/11/20-23:36:11.376525 7f9b741db700 DB SUMMARY
2018/11/20-23:36:11.376545 7f9b741db700 SST files in /mnt/sdb/ycsb-rocksdb-data dir, Total Num: 0, files: 
2018/11/20-23:36:11.376547 7f9b741db700 Write Ahead Log file in /mnt/sdb/ycsb-rocksdb-data: 
2018/11/20-23:36:11.376549 7f9b741db700                         Options.error_if_exists: 0
2018/11/20-23:36:11.376550 7f9b741db700                       Options.create_if_missing: 1
2018/11/20-23:36:11.376551 7f9b741db700                         Options.paranoid_checks: 1
2018/11/20-23:36:11.376552 7f9b741db700                                     Options.env: 0x7f9b6e8cb3e0
2018/11/20-23:36:11.376553 7f9b741db700                                Options.info_log: 0x7f9ac03c5e30
2018/11/20-23:36:11.376554 7f9b741db700                Options.max_file_opening_threads: 16
2018/11/20-23:36:11.376555 7f9b741db700                              Options.statistics: (nil)
2018/11/20-23:36:11.376556 7f9b741db700                               Options.use_fsync: 0
2018/11/20-23:36:11.376557 7f9b741db700                       Options.max_log_file_size: 0
2018/11/20-23:36:11.376558 7f9b741db700                  Options.max_manifest_file_size: 18446744073709551615
2018/11/20-23:36:11.376558 7f9b741db700                   Options.log_file_time_to_roll: 0
2018/11/20-23:36:11.376559 7f9b741db700                       Options.keep_log_file_num: 1000
2018/11/20-23:36:11.376560 7f9b741db700                    Options.recycle_log_file_num: 0
2018/11/20-23:36:11.376561 7f9b741db700                         Options.allow_fallocate: 1
2018/11/20-23:36:11.376562 7f9b741db700                        Options.allow_mmap_reads: 0
2018/11/20-23:36:11.376562 7f9b741db700                       Options.allow_mmap_writes: 0
2018/11/20-23:36:11.376563 7f9b741db700                        Options.use_direct_reads: 0
2018/11/20-23:36:11.376564 7f9b741db700                        Options.use_direct_io_for_flush_and_compaction: 0
2018/11/20-23:36:11.376565 7f9b741db700          Options.create_missing_column_families: 1
2018/11/20-23:36:11.376566 7f9b741db700                              Options.db_log_dir: 
2018/11/20-23:36:11.376566 7f9b741db700                                 Options.wal_dir: /mnt/sdb/ycsb-rocksdb-data
2018/11/20-23:36:11.376567 7f9b741db700                Options.table_cache_numshardbits: 6
2018/11/20-23:36:11.376568 7f9b741db700                      Options.max_subcompactions: 4
2018/11/20-23:36:11.376569 7f9b741db700                  Options.max_background_flushes: 24
2018/11/20-23:36:11.376569 7f9b741db700                         Options.WAL_ttl_seconds: 0
2018/11/20-23:36:11.376570 7f9b741db700                       Options.WAL_size_limit_MB: 0
2018/11/20-23:36:11.376571 7f9b741db700             Options.manifest_preallocation_size: 4194304
2018/11/20-23:36:11.376572 7f9b741db700                     Options.is_fd_close_on_exec: 1
2018/11/20-23:36:11.376573 7f9b741db700                   Options.advise_random_on_open: 1
2018/11/20-23:36:11.376573 7f9b741db700                    Options.db_write_buffer_size: 0
2018/11/20-23:36:11.376574 7f9b741db700                    Options.write_buffer_manager: 0x7f9ac03c1d20
2018/11/20-23:36:11.376575 7f9b741db700         Options.access_hint_on_compaction_start: 1
2018/11/20-23:36:11.376576 7f9b741db700  Options.new_table_reader_for_compaction_inputs: 0
2018/11/20-23:36:11.376576 7f9b741db700           Options.random_access_max_buffer_size: 1048576
2018/11/20-23:36:11.376577 7f9b741db700                      Options.use_adaptive_mutex: 0
2018/11/20-23:36:11.376578 7f9b741db700                            Options.rate_limiter: (nil)
2018/11/20-23:36:11.376580 7f9b741db700     Options.sst_file_manager.rate_bytes_per_sec: 0
2018/11/20-23:36:11.376580 7f9b741db700                       Options.wal_recovery_mode: 2
2018/11/20-23:36:11.376581 7f9b741db700                  Options.enable_thread_tracking: 0
2018/11/20-23:36:11.376582 7f9b741db700                  Options.enable_pipelined_write: 1
2018/11/20-23:36:11.376591 7f9b741db700         Options.allow_concurrent_memtable_write: 1
2018/11/20-23:36:11.376592 7f9b741db700      Options.enable_write_thread_adaptive_yield: 1
2018/11/20-23:36:11.376593 7f9b741db700             Options.write_thread_max_yield_usec: 100
2018/11/20-23:36:11.376594 7f9b741db700            Options.write_thread_slow_yield_usec: 3
2018/11/20-23:36:11.376594 7f9b741db700                               Options.row_cache: None
2018/11/20-23:36:11.376595 7f9b741db700                              Options.wal_filter: None
2018/11/20-23:36:11.376596 7f9b741db700             Options.avoid_flush_during_recovery: 0
2018/11/20-23:36:11.376597 7f9b741db700             Options.allow_ingest_behind: 0
2018/11/20-23:36:11.376598 7f9b741db700             Options.preserve_deletes: 0
2018/11/20-23:36:11.376598 7f9b741db700             Options.two_write_queues: 0
2018/11/20-23:36:11.376599 7f9b741db700             Options.manual_wal_flush: 0
2018/11/20-23:36:11.376601 7f9b741db700             Options.max_background_jobs: 24
2018/11/20-23:36:11.376602 7f9b741db700             Options.max_background_compactions: 24
2018/11/20-23:36:11.376602 7f9b741db700             Options.avoid_flush_during_shutdown: 0
2018/11/20-23:36:11.376603 7f9b741db700           Options.writable_file_max_buffer_size: 1048576
2018/11/20-23:36:11.376604 7f9b741db700             Options.delayed_write_rate : 16777216
2018/11/20-23:36:11.376605 7f9b741db700             Options.max_total_wal_size: 0
2018/11/20-23:36:11.376606 7f9b741db700             Options.delete_obsolete_files_period_micros: 21600000000
2018/11/20-23:36:11.376607 7f9b741db700                   Options.stats_dump_period_sec: 60
2018/11/20-23:36:11.376607 7f9b741db700                          Options.max_open_files: -1
2018/11/20-23:36:11.376608 7f9b741db700                          Options.bytes_per_sync: 1048576
2018/11/20-23:36:11.376609 7f9b741db700                      Options.wal_bytes_per_sync: 0
2018/11/20-23:36:11.376610 7f9b741db700       Options.compaction_readahead_size: 0
2018/11/20-23:36:11.376611 7f9b741db700 Compression algorithms supported:
2018/11/20-23:36:11.376612 7f9b741db700 	kZSTDNotFinalCompression supported: 1
2018/11/20-23:36:11.376618 7f9b741db700 	kZSTD supported: 1
2018/11/20-23:36:11.376620 7f9b741db700 	kXpressCompression supported: 0
2018/11/20-23:36:11.376621 7f9b741db700 	kLZ4HCCompression supported: 1
2018/11/20-23:36:11.376621 7f9b741db700 	kLZ4Compression supported: 1
2018/11/20-23:36:11.376623 7f9b741db700 	kBZip2Compression supported: 1
2018/11/20-23:36:11.376623 7f9b741db700 	kZlibCompression supported: 1
2018/11/20-23:36:11.376624 7f9b741db700 	kSnappyCompression supported: 1
2018/11/20-23:36:11.376628 7f9b741db700 Fast CRC32 supported: Supported on x86
2018/11/20-23:36:11.376690 7f9b741db700 [db/db_impl_open.cc:222] Creating manifest 1 
2018/11/20-23:36:11.473678 7f9b741db700 [db/version_set.cc:3085] Recovering from manifest file: MANIFEST-000001
2018/11/20-23:36:11.473787 7f9b741db700 [db/column_family.cc:475] --------------- Options for column family [default]:
2018/11/20-23:36:11.473792 7f9b741db700               Options.comparator: leveldb.BytewiseComparator
2018/11/20-23:36:11.473793 7f9b741db700           Options.merge_operator: None
2018/11/20-23:36:11.473794 7f9b741db700        Options.compaction_filter: None
2018/11/20-23:36:11.473795 7f9b741db700        Options.compaction_filter_factory: None
2018/11/20-23:36:11.473796 7f9b741db700         Options.memtable_factory: SkipListFactory
2018/11/20-23:36:11.473797 7f9b741db700            Options.table_factory: BlockBasedTable
2018/11/20-23:36:11.473828 7f9b741db700            table_factory options:   flush_block_policy_factory: FlushBlockBySizePolicyFactory (0x7f9ac0380420)
  cache_index_and_filter_blocks: 0
  cache_index_and_filter_blocks_with_high_priority: 0
  pin_l0_filter_and_index_blocks_in_cache: 0
  index_type: 0
  hash_index_allow_collision: 1
  checksum: 1
  no_block_cache: 0
  block_cache: 0x7f9ac038e450
  block_cache_name: LRUCache
  block_cache_options:
    capacity : 8388608
    num_shard_bits : 4
    strict_capacity_limit : 0
    high_pri_pool_ratio: 0.000
  block_cache_compressed: (nil)
  persistent_cache: (nil)
  block_size: 8192
  block_size_deviation: 10
  block_restart_interval: 16
  index_block_restart_interval: 1
  metadata_block_size: 4096
  partition_filters: 0
  use_delta_encoding: 1
  filter_policy: nullptr
  whole_key_filtering: 1
  verify_compression: 0
  read_amp_bytes_per_bit: 0
  format_version: 2
  enable_index_compression: 1
  block_align: 0
2018/11/20-23:36:11.473846 7f9b741db700        Options.write_buffer_size: 134217728
2018/11/20-23:36:11.473847 7f9b741db700  Options.max_write_buffer_number: 24
2018/11/20-23:36:11.473848 7f9b741db700        Options.compression[0]: NoCompression
2018/11/20-23:36:11.473850 7f9b741db700        Options.compression[1]: NoCompression
2018/11/20-23:36:11.473851 7f9b741db700        Options.compression[2]: LZ4
2018/11/20-23:36:11.473852 7f9b741db700        Options.compression[3]: LZ4
2018/11/20-23:36:11.473853 7f9b741db700        Options.compression[4]: LZ4
2018/11/20-23:36:11.473853 7f9b741db700        Options.compression[5]: LZ4
2018/11/20-23:36:11.473854 7f9b741db700        Options.compression[6]: LZ4
2018/11/20-23:36:11.473855 7f9b741db700                  Options.bottommost_compression: Disabled
2018/11/20-23:36:11.473856 7f9b741db700       Options.prefix_extractor: nullptr
2018/11/20-23:36:11.473857 7f9b741db700   Options.memtable_insert_with_hint_prefix_extractor: nullptr
2018/11/20-23:36:11.473858 7f9b741db700             Options.num_levels: 7
2018/11/20-23:36:11.473859 7f9b741db700        Options.min_write_buffer_number_to_merge: 2
2018/11/20-23:36:11.473860 7f9b741db700     Options.max_write_buffer_number_to_maintain: 0
2018/11/20-23:36:11.473861 7f9b741db700            Options.compression_opts.window_bits: -14
2018/11/20-23:36:11.473862 7f9b741db700                  Options.compression_opts.level: -1
2018/11/20-23:36:11.473863 7f9b741db700               Options.compression_opts.strategy: 0
2018/11/20-23:36:11.473864 7f9b741db700         Options.compression_opts.max_dict_bytes: 0
2018/11/20-23:36:11.473865 7f9b741db700         Options.compression_opts.zstd_max_train_bytes: 0
2018/11/20-23:36:11.473865 7f9b741db700      Options.level0_file_num_compaction_trigger: 2
2018/11/20-23:36:11.473866 7f9b741db700          Options.level0_slowdown_writes_trigger: 20
2018/11/20-23:36:11.473867 7f9b741db700              Options.level0_stop_writes_trigger: 36
2018/11/20-23:36:11.473868 7f9b741db700                   Options.target_file_size_base: 67108864
2018/11/20-23:36:11.473869 7f9b741db700             Options.target_file_size_multiplier: 1
2018/11/20-23:36:11.473870 7f9b741db700                Options.max_bytes_for_level_base: 536870912
2018/11/20-23:36:11.473871 7f9b741db700 Options.level_compaction_dynamic_level_bytes: 0
2018/11/20-23:36:11.473872 7f9b741db700          Options.max_bytes_for_level_multiplier: 10.000000
2018/11/20-23:36:11.473875 7f9b741db700 Options.max_bytes_for_level_multiplier_addtl[0]: 1
2018/11/20-23:36:11.473876 7f9b741db700 Options.max_bytes_for_level_multiplier_addtl[1]: 1
2018/11/20-23:36:11.473877 7f9b741db700 Options.max_bytes_for_level_multiplier_addtl[2]: 1
2018/11/20-23:36:11.473877 7f9b741db700 Options.max_bytes_for_level_multiplier_addtl[3]: 1
2018/11/20-23:36:11.473878 7f9b741db700 Options.max_bytes_for_level_multiplier_addtl[4]: 1
2018/11/20-23:36:11.473879 7f9b741db700 Options.max_bytes_for_level_multiplier_addtl[5]: 1
2018/11/20-23:36:11.473880 7f9b741db700 Options.max_bytes_for_level_multiplier_addtl[6]: 1
2018/11/20-23:36:11.473881 7f9b741db700       Options.max_sequential_skip_in_iterations: 8
2018/11/20-23:36:11.473882 7f9b741db700                    Options.max_compaction_bytes: 1677721600
2018/11/20-23:36:11.473883 7f9b741db700                        Options.arena_block_size: 16777216
2018/11/20-23:36:11.473883 7f9b741db700   Options.soft_pending_compaction_bytes_limit: 68719476736
2018/11/20-23:36:11.473884 7f9b741db700   Options.hard_pending_compaction_bytes_limit: 274877906944
2018/11/20-23:36:11.473891 7f9b741db700       Options.rate_limit_delay_max_milliseconds: 100
2018/11/20-23:36:11.473892 7f9b741db700                Options.disable_auto_compactions: 0
2018/11/20-23:36:11.473895 7f9b741db700                        Options.compaction_style: kCompactionStyleLevel
2018/11/20-23:36:11.473897 7f9b741db700                          Options.compaction_pri: kByCompensatedSize
2018/11/20-23:36:11.473897 7f9b741db700 Options.compaction_options_universal.size_ratio: 1
2018/11/20-23:36:11.473898 7f9b741db700 Options.compaction_options_universal.min_merge_width: 2
2018/11/20-23:36:11.473899 7f9b741db700 Options.compaction_options_universal.max_merge_width: 4294967295
2018/11/20-23:36:11.473900 7f9b741db700 Options.compaction_options_universal.max_size_amplification_percent: 200
2018/11/20-23:36:11.473901 7f9b741db700 Options.compaction_options_universal.compression_size_percent: -1
2018/11/20-23:36:11.473903 7f9b741db700 Options.compaction_options_universal.stop_style: kCompactionStopStyleTotalSize
2018/11/20-23:36:11.473904 7f9b741db700 Options.compaction_options_fifo.max_table_files_size: 1073741824
2018/11/20-23:36:11.473905 7f9b741db700 Options.compaction_options_fifo.allow_compaction: 0
2018/11/20-23:36:11.473906 7f9b741db700 Options.compaction_options_fifo.ttl: 0
2018/11/20-23:36:11.473907 7f9b741db700                   Options.table_properties_collectors: 
2018/11/20-23:36:11.473907 7f9b741db700                   Options.inplace_update_support: 0
2018/11/20-23:36:11.473908 7f9b741db700                 Options.inplace_update_num_locks: 10000
2018/11/20-23:36:11.473909 7f9b741db700               Options.memtable_prefix_bloom_size_ratio: 0.000000
2018/11/20-23:36:11.473911 7f9b741db700   Options.memtable_huge_page_size: 0
2018/11/20-23:36:11.473912 7f9b741db700                           Options.bloom_locality: 0
2018/11/20-23:36:11.473912 7f9b741db700                    Options.max_successive_merges: 0
2018/11/20-23:36:11.473913 7f9b741db700                Options.optimize_filters_for_hits: 0
2018/11/20-23:36:11.473914 7f9b741db700                Options.paranoid_file_checks: 0
2018/11/20-23:36:11.473915 7f9b741db700                Options.force_consistency_checks: 0
2018/11/20-23:36:11.473916 7f9b741db700                Options.report_bg_io_stats: 0
2018/11/20-23:36:11.473917 7f9b741db700                               Options.ttl: 0
2018/11/20-23:36:11.474787 7f9b741db700 [db/version_set.cc:3361] Recovered from manifest file:/mnt/sdb/ycsb-rocksdb-data/MANIFEST-000001 succeeded,manifest_file_number is 1, next_file_number is 3, last_sequence is 0, log_number is 0,prev_log_number is 0,max_column_family is 0,min_log_number_to_keep is 0
2018/11/20-23:36:11.474793 7f9b741db700 [db/version_set.cc:3369] Column family [default] (ID 0), log number is 0
2018/11/20-23:36:11.474990 7f9b741db700 [db/version_set.cc:2847] Creating manifest 4
2018/11/20-23:36:11.544439 7f9b741db700 [db/column_family.cc:475] --------------- Options for column family [usertable]:
2018/11/20-23:36:11.544442 7f9b741db700               Options.comparator: leveldb.BytewiseComparator
2018/11/20-23:36:11.544444 7f9b741db700           Options.merge_operator: None
2018/11/20-23:36:11.544445 7f9b741db700        Options.compaction_filter: None
2018/11/20-23:36:11.544446 7f9b741db700        Options.compaction_filter_factory: None
2018/11/20-23:36:11.544446 7f9b741db700         Options.memtable_factory: SkipListFactory
2018/11/20-23:36:11.544447 7f9b741db700            Options.table_factory: BlockBasedTable
2018/11/20-23:36:11.544471 7f9b741db700            table_factory options:   flush_block_policy_factory: FlushBlockBySizePolicyFactory (0x7f9ac0380400)
  cache_index_and_filter_blocks: 0
  cache_index_and_filter_blocks_with_high_priority: 0
  pin_l0_filter_and_index_blocks_in_cache: 0
  index_type: 0
  hash_index_allow_collision: 1
  checksum: 1
  no_block_cache: 0
  block_cache: 0x7f9ac037f710
  block_cache_name: LRUCache
  block_cache_options:
    capacity : 8388608
    num_shard_bits : 4
    strict_capacity_limit : 0
    high_pri_pool_ratio: 0.000
  block_cache_compressed: (nil)
  persistent_cache: (nil)
  block_size: 8192
  block_size_deviation: 10
  block_restart_interval: 16
  index_block_restart_interval: 1
  metadata_block_size: 4096
  partition_filters: 0
  use_delta_encoding: 1
  filter_policy: nullptr
  whole_key_filtering: 1
  verify_compression: 0
  read_amp_bytes_per_bit: 0
  format_version: 2
  enable_index_compression: 1
  block_align: 0
2018/11/20-23:36:11.544473 7f9b741db700        Options.write_buffer_size: 134217728
2018/11/20-23:36:11.544474 7f9b741db700  Options.max_write_buffer_number: 24
2018/11/20-23:36:11.544475 7f9b741db700        Options.compression[0]: NoCompression
2018/11/20-23:36:11.544476 7f9b741db700        Options.compression[1]: NoCompression
2018/11/20-23:36:11.544477 7f9b741db700        Options.compression[2]: LZ4
2018/11/20-23:36:11.544478 7f9b741db700        Options.compression[3]: LZ4
2018/11/20-23:36:11.544479 7f9b741db700        Options.compression[4]: LZ4
2018/11/20-23:36:11.544480 7f9b741db700        Options.compression[5]: LZ4
2018/11/20-23:36:11.544481 7f9b741db700        Options.compression[6]: LZ4
2018/11/20-23:36:11.544482 7f9b741db700                  Options.bottommost_compression: Disabled
2018/11/20-23:36:11.544483 7f9b741db700       Options.prefix_extractor: nullptr
2018/11/20-23:36:11.544484 7f9b741db700   Options.memtable_insert_with_hint_prefix_extractor: nullptr
2018/11/20-23:36:11.544485 7f9b741db700             Options.num_levels: 7
2018/11/20-23:36:11.544486 7f9b741db700        Options.min_write_buffer_number_to_merge: 2
2018/11/20-23:36:11.544486 7f9b741db700     Options.max_write_buffer_number_to_maintain: 0
2018/11/20-23:36:11.544487 7f9b741db700            Options.compression_opts.window_bits: -14
2018/11/20-23:36:11.544488 7f9b741db700                  Options.compression_opts.level: -1
2018/11/20-23:36:11.544489 7f9b741db700               Options.compression_opts.strategy: 0
2018/11/20-23:36:11.544490 7f9b741db700         Options.compression_opts.max_dict_bytes: 0
2018/11/20-23:36:11.544491 7f9b741db700         Options.compression_opts.zstd_max_train_bytes: 0
2018/11/20-23:36:11.544492 7f9b741db700      Options.level0_file_num_compaction_trigger: 2
2018/11/20-23:36:11.544493 7f9b741db700          Options.level0_slowdown_writes_trigger: 20
2018/11/20-23:36:11.544493 7f9b741db700              Options.level0_stop_writes_trigger: 36
2018/11/20-23:36:11.544494 7f9b741db700                   Options.target_file_size_base: 67108864
2018/11/20-23:36:11.544495 7f9b741db700             Options.target_file_size_multiplier: 1
2018/11/20-23:36:11.544496 7f9b741db700                Options.max_bytes_for_level_base: 536870912
2018/11/20-23:36:11.544497 7f9b741db700 Options.level_compaction_dynamic_level_bytes: 0
2018/11/20-23:36:11.544498 7f9b741db700          Options.max_bytes_for_level_multiplier: 10.000000
2018/11/20-23:36:11.544500 7f9b741db700 Options.max_bytes_for_level_multiplier_addtl[0]: 1
2018/11/20-23:36:11.544510 7f9b741db700 Options.max_bytes_for_level_multiplier_addtl[1]: 1
2018/11/20-23:36:11.544512 7f9b741db700 Options.max_bytes_for_level_multiplier_addtl[2]: 1
2018/11/20-23:36:11.544513 7f9b741db700 Options.max_bytes_for_level_multiplier_addtl[3]: 1
2018/11/20-23:36:11.544513 7f9b741db700 Options.max_bytes_for_level_multiplier_addtl[4]: 1
2018/11/20-23:36:11.544514 7f9b741db700 Options.max_bytes_for_level_multiplier_addtl[5]: 1
2018/11/20-23:36:11.544515 7f9b741db700 Options.max_bytes_for_level_multiplier_addtl[6]: 1
2018/11/20-23:36:11.544516 7f9b741db700       Options.max_sequential_skip_in_iterations: 8
2018/11/20-23:36:11.544517 7f9b741db700                    Options.max_compaction_bytes: 1677721600
2018/11/20-23:36:11.544518 7f9b741db700                        Options.arena_block_size: 16777216
2018/11/20-23:36:11.544519 7f9b741db700   Options.soft_pending_compaction_bytes_limit: 68719476736
2018/11/20-23:36:11.544519 7f9b741db700   Options.hard_pending_compaction_bytes_limit: 274877906944
2018/11/20-23:36:11.544520 7f9b741db700       Options.rate_limit_delay_max_milliseconds: 100
2018/11/20-23:36:11.544521 7f9b741db700                Options.disable_auto_compactions: 0
2018/11/20-23:36:11.544523 7f9b741db700                        Options.compaction_style: kCompactionStyleLevel
2018/11/20-23:36:11.544524 7f9b741db700                          Options.compaction_pri: kByCompensatedSize
2018/11/20-23:36:11.544525 7f9b741db700 Options.compaction_options_universal.size_ratio: 1
2018/11/20-23:36:11.544526 7f9b741db700 Options.compaction_options_universal.min_merge_width: 2
2018/11/20-23:36:11.544527 7f9b741db700 Options.compaction_options_universal.max_merge_width: 4294967295
2018/11/20-23:36:11.544528 7f9b741db700 Options.compaction_options_universal.max_size_amplification_percent: 200
2018/11/20-23:36:11.544528 7f9b741db700 Options.compaction_options_universal.compression_size_percent: -1
2018/11/20-23:36:11.544530 7f9b741db700 Options.compaction_options_universal.stop_style: kCompactionStopStyleTotalSize
2018/11/20-23:36:11.544531 7f9b741db700 Options.compaction_options_fifo.max_table_files_size: 1073741824
2018/11/20-23:36:11.544532 7f9b741db700 Options.compaction_options_fifo.allow_compaction: 0
2018/11/20-23:36:11.544532 7f9b741db700 Options.compaction_options_fifo.ttl: 0
2018/11/20-23:36:11.544533 7f9b741db700                   Options.table_properties_collectors: 
2018/11/20-23:36:11.544534 7f9b741db700                   Options.inplace_update_support: 0
2018/11/20-23:36:11.544535 7f9b741db700                 Options.inplace_update_num_locks: 10000
2018/11/20-23:36:11.544536 7f9b741db700               Options.memtable_prefix_bloom_size_ratio: 0.000000
2018/11/20-23:36:11.544538 7f9b741db700   Options.memtable_huge_page_size: 0
2018/11/20-23:36:11.544538 7f9b741db700                           Options.bloom_locality: 0
2018/11/20-23:36:11.544539 7f9b741db700                    Options.max_successive_merges: 0
2018/11/20-23:36:11.544540 7f9b741db700                Options.optimize_filters_for_hits: 0
2018/11/20-23:36:11.544541 7f9b741db700                Options.paranoid_file_checks: 0
2018/11/20-23:36:11.544542 7f9b741db700                Options.force_consistency_checks: 0
2018/11/20-23:36:11.544543 7f9b741db700                Options.report_bg_io_stats: 0
2018/11/20-23:36:11.544543 7f9b741db700                               Options.ttl: 0
2018/11/20-23:36:11.544591 7f9b741db700 [db/db_impl.cc:1396] Created column family [usertable] (ID 1)
2018/11/20-23:36:11.617577 7f9b741db700 [db/db_impl_open.cc:1219] DB pointer 0x7f9ac03c6490
2018/11/20-23:36:17.866499 7f9b6f2f2700 [db/db_impl_write.cc:1373] [usertable] New memtable created with log file: #9. Immutable memtables: 0.
2018/11/20-23:36:23.940084 7f9b741db700 [db/db_impl_write.cc:1373] [usertable] New memtable created with log file: #10. Immutable memtables: 1.
2018/11/20-23:36:23.940281 7f99bb7fe700 [db/db_impl_compaction_flush.cc:80] [JOB 2] Syncing log #3
2018/11/20-23:36:23.954572 7f99bb7fe700 [db/db_impl_compaction_flush.cc:80] [JOB 2] Syncing log #9
2018/11/20-23:36:24.454734 7f99bb7fe700 (Original Log Time 2018/11/20-23:36:23.940203) [db/db_impl_compaction_flush.cc:1424] Calling FlushMemTableToOutputFile with column family [usertable], flush slots available 24, compaction slots available 1, flush slots scheduled 1, compaction slots scheduled 0
2018/11/20-23:36:24.454747 7f99bb7fe700 [db/flush_job.cc:301] [usertable] [JOB 2] Flushing memtable with next log file: 9
2018/11/20-23:36:24.454759 7f99bb7fe700 [db/flush_job.cc:301] [usertable] [JOB 2] Flushing memtable with next log file: 10
2018/11/20-23:36:24.454821 7f99bb7fe700 EVENT_LOG_v1 {"time_micros": 1542785784454800, "job": 2, "event": "flush_started", "num_memtables": 2, "num_entries": 61603, "num_deletes": 0, "memory_usage": 255367224, "flush_reason": "Write Buffer Full"}
2018/11/20-23:36:24.454833 7f99bb7fe700 [db/flush_job.cc:331] [usertable] [JOB 2] Level-0 flush table #11: started
2018/11/20-23:36:26.358496 7f99bb7fe700 EVENT_LOG_v1 {"time_micros": 1542785786358453, "cf_name": "usertable", "job": 2, "event": "table_file_creation", "file_number": 11, "file_size": 255122677, "table_properties": {"data_size": 253989183, "index_size": 1132567, "filter_size": 0, "raw_key_size": 1478472, "raw_average_key_size": 24, "raw_value_size": 252325888, "raw_average_value_size": 4096, "num_data_blocks": 30802, "num_entries": 61603, "filter_policy_name": "", "kDeletedKeys": "0", "kMergeOperands": "0"}}
2018/11/20-23:36:26.358528 7f99bb7fe700 [db/flush_job.cc:371] [usertable] [JOB 2] Level-0 flush table #11: 255122677 bytes OK
2018/11/20-23:36:26.438201 7f99bb7fe700 (Original Log Time 2018/11/20-23:36:26.358552) [db/memtable_list.cc:377] [usertable] Level-0 commit table #11 started
2018/11/20-23:36:26.438204 7f99bb7fe700 (Original Log Time 2018/11/20-23:36:26.438091) [db/memtable_list.cc:409] [usertable] Level-0 commit table #11: memtable #1 done
2018/11/20-23:36:26.438205 7f99bb7fe700 (Original Log Time 2018/11/20-23:36:26.438101) [db/memtable_list.cc:409] [usertable] Level-0 commit table #11: memtable #2 done
2018/11/20-23:36:26.438207 7f99bb7fe700 (Original Log Time 2018/11/20-23:36:26.438126) EVENT_LOG_v1 {"time_micros": 1542785786438113, "job": 2, "event": "flush_finished", "output_compression": "NoCompression", "lsm_state": [1, 0, 0, 0, 0, 0, 0], "immutable_memtables": 0}
2018/11/20-23:36:26.438208 7f99bb7fe700 (Original Log Time 2018/11/20-23:36:26.438157) [db/db_impl_compaction_flush.cc:177] [usertable] Level summary: base level 1 max bytes base 536870912 files[1 0 0 0 0 0 0] max score 0.50
2018/11/20-23:36:26.438220 7f99bb7fe700 [db/db_impl_files.cc:347] [JOB 2] Try to delete WAL files size 254335447, prev total WAL file size 305917137, number of live WAL files 3.
2018/11/20-23:36:30.012250 7f9b6eded700 [db/db_impl_write.cc:1373] [usertable] New memtable created with log file: #12. Immutable memtables: 0.
2018/11/20-23:36:36.085379 7f9b6f7f7700 [db/db_impl_write.cc:1373] [usertable] New memtable created with log file: #13. Immutable memtables: 1.
2018/11/20-23:36:36.085508 7f9b47fff700 [db/db_impl_compaction_flush.cc:80] [JOB 3] Syncing log #10
2018/11/20-23:36:37.323242 7f9b47fff700 [db/db_impl_compaction_flush.cc:80] [JOB 3] Syncing log #12
2018/11/20-23:36:38.359424 7f9b47fff700 (Original Log Time 2018/11/20-23:36:36.085477) [db/db_impl_compaction_flush.cc:1424] Calling FlushMemTableToOutputFile with column family [usertable], flush slots available 24, compaction slots available 1, flush slots scheduled 1, compaction slots scheduled 0
2018/11/20-23:36:38.359437 7f9b47fff700 [db/flush_job.cc:301] [usertable] [JOB 3] Flushing memtable with next log file: 12
2018/11/20-23:36:38.359444 7f9b47fff700 [db/flush_job.cc:301] [usertable] [JOB 3] Flushing memtable with next log file: 13
2018/11/20-23:36:38.359476 7f9b47fff700 EVENT_LOG_v1 {"time_micros": 1542785798359465, "job": 3, "event": "flush_started", "num_memtables": 2, "num_entries": 60729, "num_deletes": 0, "memory_usage": 255852432, "flush_reason": "Write Buffer Full"}
2018/11/20-23:36:38.359483 7f9b47fff700 [db/flush_job.cc:331] [usertable] [JOB 3] Level-0 flush table #14: started
2018/11/20-23:36:40.420352 7f9b47fff700 EVENT_LOG_v1 {"time_micros": 1542785800420328, "cf_name": "usertable", "job": 3, "event": "table_file_creation", "file_number": 14, "file_size": 251516597, "table_properties": {"data_size": 250392429, "index_size": 1123241, "filter_size": 0, "raw_key_size": 1457496, "raw_average_key_size": 24, "raw_value_size": 248745984, "raw_average_value_size": 4096, "num_data_blocks": 30365, "num_entries": 60729, "filter_policy_name": "", "kDeletedKeys": "0", "kMergeOperands": "0"}}
2018/11/20-23:36:40.420374 7f9b47fff700 [db/flush_job.cc:371] [usertable] [JOB 3] Level-0 flush table #14: 251516597 bytes OK
2018/11/20-23:36:40.480485 7f9b47fff700 (Original Log Time 2018/11/20-23:36:40.420389) [db/memtable_list.cc:377] [usertable] Level-0 commit table #14 started
2018/11/20-23:36:40.480500 7f9b47fff700 (Original Log Time 2018/11/20-23:36:40.480392) [db/memtable_list.cc:409] [usertable] Level-0 commit table #14: memtable #1 done
2018/11/20-23:36:40.480502 7f9b47fff700 (Original Log Time 2018/11/20-23:36:40.480394) [db/memtable_list.cc:409] [usertable] Level-0 commit table #14: memtable #2 done
2018/11/20-23:36:40.480503 7f9b47fff700 (Original Log Time 2018/11/20-23:36:40.480418) EVENT_LOG_v1 {"time_micros": 1542785800480401, "job": 3, "event": "flush_finished", "output_compression": "NoCompression", "lsm_state": [2, 0, 0, 0, 0, 0, 0], "immutable_memtables": 0}
2018/11/20-23:36:40.480505 7f9b47fff700 (Original Log Time 2018/11/20-23:36:40.480459) [db/db_impl_compaction_flush.cc:177] [usertable] Level summary: base level 1 max bytes base 536870912 files[2 0 0 0 0 0 0] max score 1.00
2018/11/20-23:36:40.480516 7f9b47fff700 [db/db_impl_files.cc:347] [JOB 3] Try to delete WAL files size 250729713, prev total WAL file size 341453076, number of live WAL files 3.
2018/11/20-23:36:40.480776 7f9b6d9c3700 [WARN] [db/db_impl.cc:491] ------- DUMPING STATS -------
2018/11/20-23:36:40.480845 7f9b6d9c3700 [WARN] [db/db_impl.cc:492] 
** DB Stats **
Uptime(secs): 29.0 total, 29.0 interval
Cumulative writes: 144K writes, 144K keys, 139K commit groups, 1.0 writes per commit group, ingest: 0.55 GB, 19.59 MB/s
Cumulative WAL: 144K writes, 0 syncs, 144307.00 writes per sync, written: 0.55 GB, 19.59 MB/s
Cumulative stall: 00:00:0.000 H:M:S, 0.0 percent
Interval writes: 144K writes, 144K keys, 139K commit groups, 1.0 writes per commit group, ingest: 568.20 MB, 19.59 MB/s
Interval WAL: 144K writes, 0 syncs, 144307.00 writes per sync, written: 0.55 MB, 19.59 MB/s
Interval stall: 00:00:0.000 H:M:S, 0.0 percent

** Compaction Stats [default] **
Level    Files   Size     Score Read(GB)  Rn(GB) Rnp1(GB) Write(GB) Wnew(GB) Moved(GB) W-Amp Rd(MB/s) Wr(MB/s) Comp(sec) Comp(cnt) Avg(sec) KeyIn KeyDrop
----------------------------------------------------------------------------------------------------------------------------------------------------------
 Sum      0/0    0.00 KB   0.0      0.0     0.0      0.0       0.0      0.0       0.0   0.0      0.0      0.0         0         0    0.000       0      0
 Int      0/0    0.00 KB   0.0      0.0     0.0      0.0       0.0      0.0       0.0   0.0      0.0      0.0         0         0    0.000       0      0
Uptime(secs): 29.0 total, 29.0 interval
Flush(GB): cumulative 0.000, interval 0.000
AddFile(GB): cumulative 0.000, interval 0.000
AddFile(Total Files): cumulative 0, interval 0
AddFile(L0 Files): cumulative 0, interval 0
AddFile(Keys): cumulative 0, interval 0
Cumulative compaction: 0.00 GB write, 0.00 MB/s write, 0.00 GB read, 0.00 MB/s read, 0.0 seconds
Interval compaction: 0.00 GB write, 0.00 MB/s write, 0.00 GB read, 0.00 MB/s read, 0.0 seconds
Stalls(count): 0 level0_slowdown, 0 level0_slowdown_with_compaction, 0 level0_numfiles, 0 level0_numfiles_with_compaction, 0 stop for pending_compaction_bytes, 0 slowdown for pending_compaction_bytes, 0 memtable_compaction, 0 memtable_slowdown, interval 0 total count

** File Read Latency Histogram By Level [default] **

** Compaction Stats [usertable] **
Level    Files   Size     Score Read(GB)  Rn(GB) Rnp1(GB) Write(GB) Wnew(GB) Moved(GB) W-Amp Rd(MB/s) Wr(MB/s) Comp(sec) Comp(cnt) Avg(sec) KeyIn KeyDrop
----------------------------------------------------------------------------------------------------------------------------------------------------------
  L0      2/0   483.17 MB   1.0      0.0     0.0      0.0       0.5      0.5       0.0   1.0      0.0    121.9         4         2    1.982       0      0
 Sum      2/0   483.17 MB   0.0      0.0     0.0      0.0       0.5      0.5       0.0   1.0      0.0    121.9         4         2    1.982       0      0
 Int      0/0    0.00 KB   0.0      0.0     0.0      0.0       0.5      0.5       0.0   1.0      0.0    121.9         4         2    1.982       0      0
Uptime(secs): 28.9 total, 28.9 interval
Flush(GB): cumulative 0.472, interval 0.472
AddFile(GB): cumulative 0.000, interval 0.000
AddFile(Total Files): cumulative 0, interval 0
AddFile(L0 Files): cumulative 0, interval 0
AddFile(Keys): cumulative 0, interval 0
Cumulative compaction: 0.47 GB write, 16.70 MB/s write, 0.00 GB read, 0.00 MB/s read, 4.0 seconds
Interval compaction: 0.47 GB write, 16.70 MB/s write, 0.00 GB read, 0.00 MB/s read, 4.0 seconds
Stalls(count): 0 level0_slowdown, 0 level0_slowdown_with_compaction, 0 level0_numfiles, 0 level0_numfiles_with_compaction, 0 stop for pending_compaction_bytes, 0 slowdown for pending_compaction_bytes, 0 memtable_compaction, 0 memtable_slowdown, interval 0 total count

** File Read Latency Histogram By Level [usertable] **

** Compaction Stats [default] **
Level    Files   Size     Score Read(GB)  Rn(GB) Rnp1(GB) Write(GB) Wnew(GB) Moved(GB) W-Amp Rd(MB/s) Wr(MB/s) Comp(sec) Comp(cnt) Avg(sec) KeyIn KeyDrop
----------------------------------------------------------------------------------------------------------------------------------------------------------
 Sum      0/0    0.00 KB   0.0      0.0     0.0      0.0       0.0      0.0       0.0   0.0      0.0      0.0         0         0    0.000       0      0
 Int      0/0    0.00 KB   0.0      0.0     0.0      0.0       0.0      0.0       0.0   0.0      0.0      0.0         0         0    0.000       0      0
Uptime(secs): 29.0 total, 0.0 interval
Flush(GB): cumulative 0.000, interval 0.000
AddFile(GB): cumulative 0.000, interval 0.000
AddFile(Total Files): cumulative 0, interval 0
AddFile(L0 Files): cumulative 0, interval 0
AddFile(Keys): cumulative 0, interval 0
Cumulative compaction: 0.00 GB write, 0.00 MB/s write, 0.00 GB read, 0.00 MB/s read, 0.0 seconds
Interval compaction: 0.00 GB write, 0.00 MB/s write, 0.00 GB read, 0.00 MB/s read, 0.0 seconds
Stalls(count): 0 level0_slowdown, 0 level0_slowdown_with_compaction, 0 level0_numfiles, 0 level0_numfiles_with_compaction, 0 stop for pending_compaction_bytes, 0 slowdown for pending_compaction_bytes, 0 memtable_compaction, 0 memtable_slowdown, interval 0 total count

** File Read Latency Histogram By Level [default] **

** Compaction Stats [usertable] **
Level    Files   Size     Score Read(GB)  Rn(GB) Rnp1(GB) Write(GB) Wnew(GB) Moved(GB) W-Amp Rd(MB/s) Wr(MB/s) Comp(sec) Comp(cnt) Avg(sec) KeyIn KeyDrop
----------------------------------------------------------------------------------------------------------------------------------------------------------
  L0      2/0   483.17 MB   1.0      0.0     0.0      0.0       0.5      0.5       0.0   1.0      0.0    121.9         4         2    1.982       0      0
 Sum      2/0   483.17 MB   0.0      0.0     0.0      0.0       0.5      0.5       0.0   1.0      0.0    121.9         4         2    1.982       0      0
 Int      0/0    0.00 KB   0.0      0.0     0.0      0.0       0.0      0.0       0.0   0.0      0.0      0.0         0         0    0.000       0      0
Uptime(secs): 28.9 total, 0.0 interval
Flush(GB): cumulative 0.472, interval 0.000
AddFile(GB): cumulative 0.000, interval 0.000
AddFile(Total Files): cumulative 0, interval 0
AddFile(L0 Files): cumulative 0, interval 0
AddFile(Keys): cumulative 0, interval 0
Cumulative compaction: 0.47 GB write, 16.70 MB/s write, 0.00 GB read, 0.00 MB/s read, 4.0 seconds
Interval compaction: 0.00 GB write, 0.00 MB/s write, 0.00 GB read, 0.00 MB/s read, 0.0 seconds
Stalls(count): 0 level0_slowdown, 0 level0_slowdown_with_compaction, 0 level0_numfiles, 0 level0_numfiles_with_compaction, 0 stop for pending_compaction_bytes, 0 slowdown for pending_compaction_bytes, 0 memtable_compaction, 0 memtable_slowdown, interval 0 total count

** File Read Latency Histogram By Level [usertable] **
2018/11/20-23:36:40.541811 7f9b6d9c3700 (Original Log Time 2018/11/20-23:36:40.483440) [db/db_impl_compaction_flush.cc:1835] [usertable] Moving #11 to level-1 255122677 bytes
2018/11/20-23:36:40.541826 7f9b6d9c3700 (Original Log Time 2018/11/20-23:36:40.541774) EVENT_LOG_v1 {"time_micros": 1542785800541770, "job": 4, "event": "trivial_move", "destination_level": 1, "files": 1, "total_files_size": 255122677}
2018/11/20-23:36:40.541827 7f9b6d9c3700 (Original Log Time 2018/11/20-23:36:40.541780) [db/db_impl_compaction_flush.cc:1864] [usertable] Moved #1 files to level-1 255122677 bytes OK: base level 1 max bytes base 536870912 files[1 1 0 0 0 0 0] max score 0.50
2018/11/20-23:36:42.158288 7f9b6fbfb700 [db/db_impl_write.cc:1373] [usertable] New memtable created with log file: #15. Immutable memtables: 0.
2018/11/20-23:36:48.232249 7f9b6eded700 [db/db_impl_write.cc:1373] [usertable] New memtable created with log file: #16. Immutable memtables: 1.
2018/11/20-23:36:48.232366 7f9b477fe700 [db/db_impl_compaction_flush.cc:80] [JOB 5] Syncing log #13
2018/11/20-23:36:48.742411 7f9b477fe700 [db/db_impl_compaction_flush.cc:80] [JOB 5] Syncing log #15
2018/11/20-23:36:49.216795 7f9b477fe700 (Original Log Time 2018/11/20-23:36:48.232345) [db/db_impl_compaction_flush.cc:1424] Calling FlushMemTableToOutputFile with column family [usertable], flush slots available 24, compaction slots available 1, flush slots scheduled 1, compaction slots scheduled 0
2018/11/20-23:36:49.216804 7f9b477fe700 [db/flush_job.cc:301] [usertable] [JOB 5] Flushing memtable with next log file: 15
2018/11/20-23:36:49.216811 7f9b477fe700 [db/flush_job.cc:301] [usertable] [JOB 5] Flushing memtable with next log file: 16
2018/11/20-23:36:49.216853 7f9b477fe700 EVENT_LOG_v1 {"time_micros": 1542785809216841, "job": 5, "event": "flush_started", "num_memtables": 2, "num_entries": 60732, "num_deletes": 0, "memory_usage": 255383536, "flush_reason": "Write Buffer Full"}
2018/11/20-23:36:49.216860 7f9b477fe700 [db/flush_job.cc:331] [usertable] [JOB 5] Level-0 flush table #17: started
2018/11/20-23:36:51.564964 7f9b477fe700 EVENT_LOG_v1 {"time_micros": 1542785811564940, "cf_name": "usertable", "job": 5, "event": "table_file_creation", "file_number": 17, "file_size": 251515494, "table_properties": {"data_size": 250398036, "index_size": 1116531, "filter_size": 0, "raw_key_size": 1457568, "raw_average_key_size": 24, "raw_value_size": 248758272, "raw_average_value_size": 4096, "num_data_blocks": 30366, "num_entries": 60732, "filter_policy_name": "", "kDeletedKeys": "0", "kMergeOperands": "0"}}
2018/11/20-23:36:51.564985 7f9b477fe700 [db/flush_job.cc:371] [usertable] [JOB 5] Level-0 flush table #17: 251515494 bytes OK
2018/11/20-23:36:51.682029 7f9b477fe700 (Original Log Time 2018/11/20-23:36:51.565000) [db/memtable_list.cc:377] [usertable] Level-0 commit table #17 started
2018/11/20-23:36:51.682032 7f9b477fe700 (Original Log Time 2018/11/20-23:36:51.681944) [db/memtable_list.cc:409] [usertable] Level-0 commit table #17: memtable #1 done
2018/11/20-23:36:51.682033 7f9b477fe700 (Original Log Time 2018/11/20-23:36:51.681946) [db/memtable_list.cc:409] [usertable] Level-0 commit table #17: memtable #2 done
2018/11/20-23:36:51.682035 7f9b477fe700 (Original Log Time 2018/11/20-23:36:51.681962) EVENT_LOG_v1 {"time_micros": 1542785811681953, "job": 5, "event": "flush_finished", "output_compression": "NoCompression", "lsm_state": [2, 1, 0, 0, 0, 0, 0], "immutable_memtables": 0}
2018/11/20-23:36:51.682036 7f9b477fe700 (Original Log Time 2018/11/20-23:36:51.682009) [db/db_impl_compaction_flush.cc:177] [usertable] Level summary: base level 1 max bytes base 536870912 files[2 1 0 0 0 0 0] max score 1.00
