2018/11/18-13:12:55.992113 7f1d8c7e1700 RocksDB version: 5.14.3
2018/11/18-13:12:55.992185 7f1d8c7e1700 Git sha rocksdb_build_git_sha:
2018/11/18-13:12:55.992188 7f1d8c7e1700 Compile date Oct 15 2018
2018/11/18-13:12:55.992193 7f1d8c7e1700 DB SUMMARY
2018/11/18-13:12:55.992226 7f1d8c7e1700 SST files in /mnt/sdb/ycsb-rocksdb-data dir, Total Num: 0, files: 
2018/11/18-13:12:55.992228 7f1d8c7e1700 Write Ahead Log file in /mnt/sdb/ycsb-rocksdb-data: 
2018/11/18-13:12:55.992231 7f1d8c7e1700                         Options.error_if_exists: 0
2018/11/18-13:12:55.992232 7f1d8c7e1700                       Options.create_if_missing: 1
2018/11/18-13:12:55.992233 7f1d8c7e1700                         Options.paranoid_checks: 1
2018/11/18-13:12:55.992234 7f1d8c7e1700                                     Options.env: 0x7f1d86ed13e0
2018/11/18-13:12:55.992235 7f1d8c7e1700                                Options.info_log: 0x7f1ce03d0360
2018/11/18-13:12:55.992236 7f1d8c7e1700                Options.max_file_opening_threads: 16
2018/11/18-13:12:55.992237 7f1d8c7e1700                              Options.statistics: (nil)
2018/11/18-13:12:55.992238 7f1d8c7e1700                               Options.use_fsync: 0
2018/11/18-13:12:55.992239 7f1d8c7e1700                       Options.max_log_file_size: 0
2018/11/18-13:12:55.992240 7f1d8c7e1700                  Options.max_manifest_file_size: 18446744073709551615
2018/11/18-13:12:55.992241 7f1d8c7e1700                   Options.log_file_time_to_roll: 0
2018/11/18-13:12:55.992242 7f1d8c7e1700                       Options.keep_log_file_num: 1000
2018/11/18-13:12:55.992243 7f1d8c7e1700                    Options.recycle_log_file_num: 0
2018/11/18-13:12:55.992244 7f1d8c7e1700                         Options.allow_fallocate: 1
2018/11/18-13:12:55.992244 7f1d8c7e1700                        Options.allow_mmap_reads: 0
2018/11/18-13:12:55.992245 7f1d8c7e1700                       Options.allow_mmap_writes: 0
2018/11/18-13:12:55.992246 7f1d8c7e1700                        Options.use_direct_reads: 0
2018/11/18-13:12:55.992247 7f1d8c7e1700                        Options.use_direct_io_for_flush_and_compaction: 0
2018/11/18-13:12:55.992248 7f1d8c7e1700          Options.create_missing_column_families: 1
2018/11/18-13:12:55.992249 7f1d8c7e1700                              Options.db_log_dir: 
2018/11/18-13:12:55.992250 7f1d8c7e1700                                 Options.wal_dir: /mnt/sdb/ycsb-rocksdb-data
2018/11/18-13:12:55.992250 7f1d8c7e1700                Options.table_cache_numshardbits: 6
2018/11/18-13:12:55.992251 7f1d8c7e1700                      Options.max_subcompactions: 4
2018/11/18-13:12:55.992252 7f1d8c7e1700                  Options.max_background_flushes: 24
2018/11/18-13:12:55.992253 7f1d8c7e1700                         Options.WAL_ttl_seconds: 0
2018/11/18-13:12:55.992254 7f1d8c7e1700                       Options.WAL_size_limit_MB: 0
2018/11/18-13:12:55.992255 7f1d8c7e1700             Options.manifest_preallocation_size: 4194304
2018/11/18-13:12:55.992256 7f1d8c7e1700                     Options.is_fd_close_on_exec: 1
2018/11/18-13:12:55.992256 7f1d8c7e1700                   Options.advise_random_on_open: 1
2018/11/18-13:12:55.992257 7f1d8c7e1700                    Options.db_write_buffer_size: 0
2018/11/18-13:12:55.992258 7f1d8c7e1700                    Options.write_buffer_manager: 0x7f1ce03cc490
2018/11/18-13:12:55.992259 7f1d8c7e1700         Options.access_hint_on_compaction_start: 1
2018/11/18-13:12:55.992260 7f1d8c7e1700  Options.new_table_reader_for_compaction_inputs: 0
2018/11/18-13:12:55.992260 7f1d8c7e1700           Options.random_access_max_buffer_size: 1048576
2018/11/18-13:12:55.992261 7f1d8c7e1700                      Options.use_adaptive_mutex: 0
2018/11/18-13:12:55.992262 7f1d8c7e1700                            Options.rate_limiter: (nil)
2018/11/18-13:12:55.992264 7f1d8c7e1700     Options.sst_file_manager.rate_bytes_per_sec: 0
2018/11/18-13:12:55.992265 7f1d8c7e1700                       Options.wal_recovery_mode: 2
2018/11/18-13:12:55.992266 7f1d8c7e1700                  Options.enable_thread_tracking: 0
2018/11/18-13:12:55.992266 7f1d8c7e1700                  Options.enable_pipelined_write: 1
2018/11/18-13:12:55.992276 7f1d8c7e1700         Options.allow_concurrent_memtable_write: 1
2018/11/18-13:12:55.992277 7f1d8c7e1700      Options.enable_write_thread_adaptive_yield: 1
2018/11/18-13:12:55.992278 7f1d8c7e1700             Options.write_thread_max_yield_usec: 100
2018/11/18-13:12:55.992279 7f1d8c7e1700            Options.write_thread_slow_yield_usec: 3
2018/11/18-13:12:55.992280 7f1d8c7e1700                               Options.row_cache: None
2018/11/18-13:12:55.992280 7f1d8c7e1700                              Options.wal_filter: None
2018/11/18-13:12:55.992282 7f1d8c7e1700             Options.avoid_flush_during_recovery: 0
2018/11/18-13:12:55.992282 7f1d8c7e1700             Options.allow_ingest_behind: 0
2018/11/18-13:12:55.992283 7f1d8c7e1700             Options.preserve_deletes: 0
2018/11/18-13:12:55.992284 7f1d8c7e1700             Options.two_write_queues: 0
2018/11/18-13:12:55.992285 7f1d8c7e1700             Options.manual_wal_flush: 0
2018/11/18-13:12:55.992287 7f1d8c7e1700             Options.max_background_jobs: 24
2018/11/18-13:12:55.992288 7f1d8c7e1700             Options.max_background_compactions: 24
2018/11/18-13:12:55.992289 7f1d8c7e1700             Options.avoid_flush_during_shutdown: 0
2018/11/18-13:12:55.992290 7f1d8c7e1700           Options.writable_file_max_buffer_size: 1048576
2018/11/18-13:12:55.992291 7f1d8c7e1700             Options.delayed_write_rate : 16777216
2018/11/18-13:12:55.992292 7f1d8c7e1700             Options.max_total_wal_size: 0
2018/11/18-13:12:55.992292 7f1d8c7e1700             Options.delete_obsolete_files_period_micros: 21600000000
2018/11/18-13:12:55.992293 7f1d8c7e1700                   Options.stats_dump_period_sec: 60
2018/11/18-13:12:55.992294 7f1d8c7e1700                          Options.max_open_files: -1
2018/11/18-13:12:55.992295 7f1d8c7e1700                          Options.bytes_per_sync: 1048576
2018/11/18-13:12:55.992296 7f1d8c7e1700                      Options.wal_bytes_per_sync: 0
2018/11/18-13:12:55.992297 7f1d8c7e1700       Options.compaction_readahead_size: 0
2018/11/18-13:12:55.992298 7f1d8c7e1700 Compression algorithms supported:
2018/11/18-13:12:55.992299 7f1d8c7e1700 	kZSTDNotFinalCompression supported: 1
2018/11/18-13:12:55.992307 7f1d8c7e1700 	kZSTD supported: 1
2018/11/18-13:12:55.992308 7f1d8c7e1700 	kXpressCompression supported: 0
2018/11/18-13:12:55.992309 7f1d8c7e1700 	kLZ4HCCompression supported: 1
2018/11/18-13:12:55.992310 7f1d8c7e1700 	kLZ4Compression supported: 1
2018/11/18-13:12:55.992311 7f1d8c7e1700 	kBZip2Compression supported: 1
2018/11/18-13:12:55.992312 7f1d8c7e1700 	kZlibCompression supported: 1
2018/11/18-13:12:55.992313 7f1d8c7e1700 	kSnappyCompression supported: 1
2018/11/18-13:12:55.992317 7f1d8c7e1700 Fast CRC32 supported: Supported on x86
2018/11/18-13:12:55.992406 7f1d8c7e1700 [db/db_impl_open.cc:222] Creating manifest 1 
2018/11/18-13:12:56.090286 7f1d8c7e1700 [db/version_set.cc:3085] Recovering from manifest file: MANIFEST-000001
2018/11/18-13:12:56.090386 7f1d8c7e1700 [db/column_family.cc:475] --------------- Options for column family [default]:
2018/11/18-13:12:56.090389 7f1d8c7e1700               Options.comparator: leveldb.BytewiseComparator
2018/11/18-13:12:56.090391 7f1d8c7e1700           Options.merge_operator: None
2018/11/18-13:12:56.090392 7f1d8c7e1700        Options.compaction_filter: None
2018/11/18-13:12:56.090392 7f1d8c7e1700        Options.compaction_filter_factory: None
2018/11/18-13:12:56.090393 7f1d8c7e1700         Options.memtable_factory: SkipListFactory
2018/11/18-13:12:56.090394 7f1d8c7e1700            Options.table_factory: BlockBasedTable
2018/11/18-13:12:56.090424 7f1d8c7e1700            table_factory options:   flush_block_policy_factory: FlushBlockBySizePolicyFactory (0x7f1ce038a000)
  cache_index_and_filter_blocks: 0
  cache_index_and_filter_blocks_with_high_priority: 0
  pin_l0_filter_and_index_blocks_in_cache: 0
  index_type: 0
  hash_index_allow_collision: 1
  checksum: 1
  no_block_cache: 0
  block_cache: 0x7f1ce0395a40
  block_cache_name: LRUCache
  block_cache_options:
    capacity : 8388608
    num_shard_bits : 4
    strict_capacity_limit : 0
    high_pri_pool_ratio: 0.000
  block_cache_compressed: (nil)
  persistent_cache: (nil)
  block_size: 8192
  block_size_deviation: 10
  block_restart_interval: 16
  index_block_restart_interval: 1
  metadata_block_size: 4096
  partition_filters: 0
  use_delta_encoding: 1
  filter_policy: nullptr
  whole_key_filtering: 1
  verify_compression: 0
  read_amp_bytes_per_bit: 0
  format_version: 2
  enable_index_compression: 1
  block_align: 0
2018/11/18-13:12:56.090439 7f1d8c7e1700        Options.write_buffer_size: 134217728
2018/11/18-13:12:56.090440 7f1d8c7e1700  Options.max_write_buffer_number: 24
2018/11/18-13:12:56.090441 7f1d8c7e1700        Options.compression[0]: NoCompression
2018/11/18-13:12:56.090442 7f1d8c7e1700        Options.compression[1]: NoCompression
2018/11/18-13:12:56.090443 7f1d8c7e1700        Options.compression[2]: LZ4
2018/11/18-13:12:56.090444 7f1d8c7e1700        Options.compression[3]: LZ4
2018/11/18-13:12:56.090445 7f1d8c7e1700        Options.compression[4]: LZ4
2018/11/18-13:12:56.090446 7f1d8c7e1700        Options.compression[5]: LZ4
2018/11/18-13:12:56.090447 7f1d8c7e1700        Options.compression[6]: LZ4
2018/11/18-13:12:56.090448 7f1d8c7e1700                  Options.bottommost_compression: Disabled
2018/11/18-13:12:56.090448 7f1d8c7e1700       Options.prefix_extractor: nullptr
2018/11/18-13:12:56.090449 7f1d8c7e1700   Options.memtable_insert_with_hint_prefix_extractor: nullptr
2018/11/18-13:12:56.090450 7f1d8c7e1700             Options.num_levels: 7
2018/11/18-13:12:56.090451 7f1d8c7e1700        Options.min_write_buffer_number_to_merge: 2
2018/11/18-13:12:56.090452 7f1d8c7e1700     Options.max_write_buffer_number_to_maintain: 0
2018/11/18-13:12:56.090453 7f1d8c7e1700            Options.compression_opts.window_bits: -14
2018/11/18-13:12:56.090453 7f1d8c7e1700                  Options.compression_opts.level: -1
2018/11/18-13:12:56.090454 7f1d8c7e1700               Options.compression_opts.strategy: 0
2018/11/18-13:12:56.090455 7f1d8c7e1700         Options.compression_opts.max_dict_bytes: 0
2018/11/18-13:12:56.090456 7f1d8c7e1700         Options.compression_opts.zstd_max_train_bytes: 0
2018/11/18-13:12:56.090457 7f1d8c7e1700      Options.level0_file_num_compaction_trigger: 2
2018/11/18-13:12:56.090458 7f1d8c7e1700          Options.level0_slowdown_writes_trigger: 20
2018/11/18-13:12:56.090458 7f1d8c7e1700              Options.level0_stop_writes_trigger: 36
2018/11/18-13:12:56.090459 7f1d8c7e1700                   Options.target_file_size_base: 67108864
2018/11/18-13:12:56.090460 7f1d8c7e1700             Options.target_file_size_multiplier: 1
2018/11/18-13:12:56.090461 7f1d8c7e1700                Options.max_bytes_for_level_base: 536870912
2018/11/18-13:12:56.090462 7f1d8c7e1700 Options.level_compaction_dynamic_level_bytes: 0
2018/11/18-13:12:56.090463 7f1d8c7e1700          Options.max_bytes_for_level_multiplier: 10.000000
2018/11/18-13:12:56.090466 7f1d8c7e1700 Options.max_bytes_for_level_multiplier_addtl[0]: 1
2018/11/18-13:12:56.090467 7f1d8c7e1700 Options.max_bytes_for_level_multiplier_addtl[1]: 1
2018/11/18-13:12:56.090467 7f1d8c7e1700 Options.max_bytes_for_level_multiplier_addtl[2]: 1
2018/11/18-13:12:56.090468 7f1d8c7e1700 Options.max_bytes_for_level_multiplier_addtl[3]: 1
2018/11/18-13:12:56.090469 7f1d8c7e1700 Options.max_bytes_for_level_multiplier_addtl[4]: 1
2018/11/18-13:12:56.090470 7f1d8c7e1700 Options.max_bytes_for_level_multiplier_addtl[5]: 1
2018/11/18-13:12:56.090471 7f1d8c7e1700 Options.max_bytes_for_level_multiplier_addtl[6]: 1
2018/11/18-13:12:56.090471 7f1d8c7e1700       Options.max_sequential_skip_in_iterations: 8
2018/11/18-13:12:56.090472 7f1d8c7e1700                    Options.max_compaction_bytes: 1677721600
2018/11/18-13:12:56.090473 7f1d8c7e1700                        Options.arena_block_size: 16777216
2018/11/18-13:12:56.090474 7f1d8c7e1700   Options.soft_pending_compaction_bytes_limit: 68719476736
2018/11/18-13:12:56.090475 7f1d8c7e1700   Options.hard_pending_compaction_bytes_limit: 274877906944
2018/11/18-13:12:56.090481 7f1d8c7e1700       Options.rate_limit_delay_max_milliseconds: 100
2018/11/18-13:12:56.090483 7f1d8c7e1700                Options.disable_auto_compactions: 0
2018/11/18-13:12:56.090484 7f1d8c7e1700                        Options.compaction_style: kCompactionStyleLevel
2018/11/18-13:12:56.090486 7f1d8c7e1700                          Options.compaction_pri: kByCompensatedSize
2018/11/18-13:12:56.090487 7f1d8c7e1700 Options.compaction_options_universal.size_ratio: 1
2018/11/18-13:12:56.090488 7f1d8c7e1700 Options.compaction_options_universal.min_merge_width: 2
2018/11/18-13:12:56.090488 7f1d8c7e1700 Options.compaction_options_universal.max_merge_width: 4294967295
2018/11/18-13:12:56.090489 7f1d8c7e1700 Options.compaction_options_universal.max_size_amplification_percent: 200
2018/11/18-13:12:56.090490 7f1d8c7e1700 Options.compaction_options_universal.compression_size_percent: -1
2018/11/18-13:12:56.090491 7f1d8c7e1700 Options.compaction_options_universal.stop_style: kCompactionStopStyleTotalSize
2018/11/18-13:12:56.090492 7f1d8c7e1700 Options.compaction_options_fifo.max_table_files_size: 1073741824
2018/11/18-13:12:56.090493 7f1d8c7e1700 Options.compaction_options_fifo.allow_compaction: 0
2018/11/18-13:12:56.090494 7f1d8c7e1700 Options.compaction_options_fifo.ttl: 0
2018/11/18-13:12:56.090495 7f1d8c7e1700                   Options.table_properties_collectors: 
2018/11/18-13:12:56.090496 7f1d8c7e1700                   Options.inplace_update_support: 0
2018/11/18-13:12:56.090496 7f1d8c7e1700                 Options.inplace_update_num_locks: 10000
2018/11/18-13:12:56.090497 7f1d8c7e1700               Options.memtable_prefix_bloom_size_ratio: 0.000000
2018/11/18-13:12:56.090499 7f1d8c7e1700   Options.memtable_huge_page_size: 0
2018/11/18-13:12:56.090499 7f1d8c7e1700                           Options.bloom_locality: 0
2018/11/18-13:12:56.090500 7f1d8c7e1700                    Options.max_successive_merges: 0
2018/11/18-13:12:56.090501 7f1d8c7e1700                Options.optimize_filters_for_hits: 0
2018/11/18-13:12:56.090502 7f1d8c7e1700                Options.paranoid_file_checks: 0
2018/11/18-13:12:56.090503 7f1d8c7e1700                Options.force_consistency_checks: 0
2018/11/18-13:12:56.090503 7f1d8c7e1700                Options.report_bg_io_stats: 0
2018/11/18-13:12:56.090504 7f1d8c7e1700                               Options.ttl: 0
2018/11/18-13:12:56.091359 7f1d8c7e1700 [db/version_set.cc:3361] Recovered from manifest file:/mnt/sdb/ycsb-rocksdb-data/MANIFEST-000001 succeeded,manifest_file_number is 1, next_file_number is 3, last_sequence is 0, log_number is 0,prev_log_number is 0,max_column_family is 0,min_log_number_to_keep is 0
2018/11/18-13:12:56.091365 7f1d8c7e1700 [db/version_set.cc:3369] Column family [default] (ID 0), log number is 0
2018/11/18-13:12:56.091531 7f1d8c7e1700 [db/version_set.cc:2847] Creating manifest 4
2018/11/18-13:12:56.161546 7f1d8c7e1700 [db/column_family.cc:475] --------------- Options for column family [usertable]:
2018/11/18-13:12:56.161550 7f1d8c7e1700               Options.comparator: leveldb.BytewiseComparator
2018/11/18-13:12:56.161551 7f1d8c7e1700           Options.merge_operator: None
2018/11/18-13:12:56.161552 7f1d8c7e1700        Options.compaction_filter: None
2018/11/18-13:12:56.161553 7f1d8c7e1700        Options.compaction_filter_factory: None
2018/11/18-13:12:56.161554 7f1d8c7e1700         Options.memtable_factory: SkipListFactory
2018/11/18-13:12:56.161554 7f1d8c7e1700            Options.table_factory: BlockBasedTable
2018/11/18-13:12:56.161578 7f1d8c7e1700            table_factory options:   flush_block_policy_factory: FlushBlockBySizePolicyFactory (0x7f1ce0389fe0)
  cache_index_and_filter_blocks: 0
  cache_index_and_filter_blocks_with_high_priority: 0
  pin_l0_filter_and_index_blocks_in_cache: 0
  index_type: 0
  hash_index_allow_collision: 1
  checksum: 1
  no_block_cache: 0
  block_cache: 0x7f1ce038ab40
  block_cache_name: LRUCache
  block_cache_options:
    capacity : 8388608
    num_shard_bits : 4
    strict_capacity_limit : 0
    high_pri_pool_ratio: 0.000
  block_cache_compressed: (nil)
  persistent_cache: (nil)
  block_size: 8192
  block_size_deviation: 10
  block_restart_interval: 16
  index_block_restart_interval: 1
  metadata_block_size: 4096
  partition_filters: 0
  use_delta_encoding: 1
  filter_policy: nullptr
  whole_key_filtering: 1
  verify_compression: 0
  read_amp_bytes_per_bit: 0
  format_version: 2
  enable_index_compression: 1
  block_align: 0
2018/11/18-13:12:56.161582 7f1d8c7e1700        Options.write_buffer_size: 134217728
2018/11/18-13:12:56.161583 7f1d8c7e1700  Options.max_write_buffer_number: 24
2018/11/18-13:12:56.161584 7f1d8c7e1700        Options.compression[0]: NoCompression
2018/11/18-13:12:56.161585 7f1d8c7e1700        Options.compression[1]: NoCompression
2018/11/18-13:12:56.161586 7f1d8c7e1700        Options.compression[2]: LZ4
2018/11/18-13:12:56.161587 7f1d8c7e1700        Options.compression[3]: LZ4
2018/11/18-13:12:56.161587 7f1d8c7e1700        Options.compression[4]: LZ4
2018/11/18-13:12:56.161588 7f1d8c7e1700        Options.compression[5]: LZ4
2018/11/18-13:12:56.161589 7f1d8c7e1700        Options.compression[6]: LZ4
2018/11/18-13:12:56.161590 7f1d8c7e1700                  Options.bottommost_compression: Disabled
2018/11/18-13:12:56.161591 7f1d8c7e1700       Options.prefix_extractor: nullptr
2018/11/18-13:12:56.161592 7f1d8c7e1700   Options.memtable_insert_with_hint_prefix_extractor: nullptr
2018/11/18-13:12:56.161592 7f1d8c7e1700             Options.num_levels: 7
2018/11/18-13:12:56.161593 7f1d8c7e1700        Options.min_write_buffer_number_to_merge: 2
2018/11/18-13:12:56.161594 7f1d8c7e1700     Options.max_write_buffer_number_to_maintain: 0
2018/11/18-13:12:56.161595 7f1d8c7e1700            Options.compression_opts.window_bits: -14
2018/11/18-13:12:56.161596 7f1d8c7e1700                  Options.compression_opts.level: -1
2018/11/18-13:12:56.161597 7f1d8c7e1700               Options.compression_opts.strategy: 0
2018/11/18-13:12:56.161598 7f1d8c7e1700         Options.compression_opts.max_dict_bytes: 0
2018/11/18-13:12:56.161598 7f1d8c7e1700         Options.compression_opts.zstd_max_train_bytes: 0
2018/11/18-13:12:56.161599 7f1d8c7e1700      Options.level0_file_num_compaction_trigger: 2
2018/11/18-13:12:56.161600 7f1d8c7e1700          Options.level0_slowdown_writes_trigger: 20
2018/11/18-13:12:56.161601 7f1d8c7e1700              Options.level0_stop_writes_trigger: 36
2018/11/18-13:12:56.161602 7f1d8c7e1700                   Options.target_file_size_base: 67108864
2018/11/18-13:12:56.161602 7f1d8c7e1700             Options.target_file_size_multiplier: 1
2018/11/18-13:12:56.161603 7f1d8c7e1700                Options.max_bytes_for_level_base: 536870912
2018/11/18-13:12:56.161604 7f1d8c7e1700 Options.level_compaction_dynamic_level_bytes: 0
2018/11/18-13:12:56.161605 7f1d8c7e1700          Options.max_bytes_for_level_multiplier: 10.000000
2018/11/18-13:12:56.161607 7f1d8c7e1700 Options.max_bytes_for_level_multiplier_addtl[0]: 1
2018/11/18-13:12:56.161618 7f1d8c7e1700 Options.max_bytes_for_level_multiplier_addtl[1]: 1
2018/11/18-13:12:56.161619 7f1d8c7e1700 Options.max_bytes_for_level_multiplier_addtl[2]: 1
2018/11/18-13:12:56.161620 7f1d8c7e1700 Options.max_bytes_for_level_multiplier_addtl[3]: 1
2018/11/18-13:12:56.161621 7f1d8c7e1700 Options.max_bytes_for_level_multiplier_addtl[4]: 1
2018/11/18-13:12:56.161622 7f1d8c7e1700 Options.max_bytes_for_level_multiplier_addtl[5]: 1
2018/11/18-13:12:56.161623 7f1d8c7e1700 Options.max_bytes_for_level_multiplier_addtl[6]: 1
2018/11/18-13:12:56.161623 7f1d8c7e1700       Options.max_sequential_skip_in_iterations: 8
2018/11/18-13:12:56.161624 7f1d8c7e1700                    Options.max_compaction_bytes: 1677721600
2018/11/18-13:12:56.161625 7f1d8c7e1700                        Options.arena_block_size: 16777216
2018/11/18-13:12:56.161626 7f1d8c7e1700   Options.soft_pending_compaction_bytes_limit: 68719476736
2018/11/18-13:12:56.161627 7f1d8c7e1700   Options.hard_pending_compaction_bytes_limit: 274877906944
2018/11/18-13:12:56.161628 7f1d8c7e1700       Options.rate_limit_delay_max_milliseconds: 100
2018/11/18-13:12:56.161629 7f1d8c7e1700                Options.disable_auto_compactions: 0
2018/11/18-13:12:56.161630 7f1d8c7e1700                        Options.compaction_style: kCompactionStyleLevel
2018/11/18-13:12:56.161631 7f1d8c7e1700                          Options.compaction_pri: kByCompensatedSize
2018/11/18-13:12:56.161632 7f1d8c7e1700 Options.compaction_options_universal.size_ratio: 1
2018/11/18-13:12:56.161633 7f1d8c7e1700 Options.compaction_options_universal.min_merge_width: 2
2018/11/18-13:12:56.161634 7f1d8c7e1700 Options.compaction_options_universal.max_merge_width: 4294967295
2018/11/18-13:12:56.161634 7f1d8c7e1700 Options.compaction_options_universal.max_size_amplification_percent: 200
2018/11/18-13:12:56.161635 7f1d8c7e1700 Options.compaction_options_universal.compression_size_percent: -1
2018/11/18-13:12:56.161636 7f1d8c7e1700 Options.compaction_options_universal.stop_style: kCompactionStopStyleTotalSize
2018/11/18-13:12:56.161637 7f1d8c7e1700 Options.compaction_options_fifo.max_table_files_size: 1073741824
2018/11/18-13:12:56.161638 7f1d8c7e1700 Options.compaction_options_fifo.allow_compaction: 0
2018/11/18-13:12:56.161639 7f1d8c7e1700 Options.compaction_options_fifo.ttl: 0
2018/11/18-13:12:56.161640 7f1d8c7e1700                   Options.table_properties_collectors: 
2018/11/18-13:12:56.161641 7f1d8c7e1700                   Options.inplace_update_support: 0
2018/11/18-13:12:56.161641 7f1d8c7e1700                 Options.inplace_update_num_locks: 10000
2018/11/18-13:12:56.161642 7f1d8c7e1700               Options.memtable_prefix_bloom_size_ratio: 0.000000
2018/11/18-13:12:56.161644 7f1d8c7e1700   Options.memtable_huge_page_size: 0
2018/11/18-13:12:56.161645 7f1d8c7e1700                           Options.bloom_locality: 0
2018/11/18-13:12:56.161645 7f1d8c7e1700                    Options.max_successive_merges: 0
2018/11/18-13:12:56.161646 7f1d8c7e1700                Options.optimize_filters_for_hits: 0
2018/11/18-13:12:56.161647 7f1d8c7e1700                Options.paranoid_file_checks: 0
2018/11/18-13:12:56.161648 7f1d8c7e1700                Options.force_consistency_checks: 0
2018/11/18-13:12:56.161649 7f1d8c7e1700                Options.report_bg_io_stats: 0
2018/11/18-13:12:56.161649 7f1d8c7e1700                               Options.ttl: 0
2018/11/18-13:12:56.161689 7f1d8c7e1700 [db/db_impl.cc:1396] Created column family [usertable] (ID 1)
2018/11/18-13:12:56.235848 7f1d8c7e1700 [db/db_impl_open.cc:1219] DB pointer 0x7f1ce03d09a0
2018/11/18-13:12:56.554364 7f1d87bfb700 [db/db_impl_write.cc:1373] [usertable] New memtable created with log file: #9. Immutable memtables: 0.
2018/11/18-13:12:56.802726 7f1d87cfc700 [db/db_impl_write.cc:1373] [usertable] New memtable created with log file: #10. Immutable memtables: 1.
2018/11/18-13:12:56.802854 7f1bdb7fe700 [db/db_impl_compaction_flush.cc:80] [JOB 2] Syncing log #3
2018/11/18-13:12:57.052193 7f1d876f6700 [db/db_impl_write.cc:1373] [usertable] New memtable created with log file: #12. Immutable memtables: 2.
2018/11/18-13:12:57.304350 7f1d87cfc700 [db/db_impl_write.cc:1373] [usertable] New memtable created with log file: #13. Immutable memtables: 3.
2018/11/18-13:12:57.486165 7f1bdb7fe700 [db/db_impl_compaction_flush.cc:80] [JOB 2] Syncing log #9
2018/11/18-13:12:57.528067 7f1d875f5700 [db/db_impl_write.cc:1373] [usertable] New memtable created with log file: #15. Immutable memtables: 4.
2018/11/18-13:12:57.787368 7f1d873f3700 [db/db_impl_write.cc:1373] [usertable] New memtable created with log file: #16. Immutable memtables: 5.
2018/11/18-13:12:58.005410 7f1d87afa700 [db/db_impl_write.cc:1373] [usertable] New memtable created with log file: #18. Immutable memtables: 6.
2018/11/18-13:12:58.221937 7f1d87fff700 [db/db_impl_write.cc:1373] [usertable] New memtable created with log file: #19. Immutable memtables: 7.
2018/11/18-13:12:58.514117 7f1d87cfc700 [db/db_impl_write.cc:1373] [usertable] New memtable created with log file: #21. Immutable memtables: 8.
2018/11/18-13:12:58.582695 7f1bdb7fe700 (Original Log Time 2018/11/18-13:12:56.802813) [db/db_impl_compaction_flush.cc:1424] Calling FlushMemTableToOutputFile with column family [usertable], flush slots available 24, compaction slots available 1, flush slots scheduled 1, compaction slots scheduled 0
2018/11/18-13:12:58.582706 7f1d677fe700 [db/db_impl_compaction_flush.cc:80] [JOB 4] Syncing log #10
2018/11/18-13:12:58.582716 7f1bdb7fe700 [db/flush_job.cc:301] [usertable] [JOB 2] Flushing memtable with next log file: 9
2018/11/18-13:12:58.582730 7f1bdb7fe700 [db/flush_job.cc:301] [usertable] [JOB 2] Flushing memtable with next log file: 10
2018/11/18-13:12:58.582775 7f1bdb7fe700 EVENT_LOG_v1 {"time_micros": 1542575578582758, "job": 2, "event": "flush_started", "num_memtables": 2, "num_entries": 59224, "num_deletes": 0, "memory_usage": 245453760, "flush_reason": "Write Buffer Full"}
2018/11/18-13:12:58.582792 7f1bdb7fe700 [db/flush_job.cc:331] [usertable] [JOB 2] Level-0 flush table #11: started
2018/11/18-13:12:58.819508 7f1d8c3dd700 [db/db_impl_write.cc:1373] [usertable] New memtable created with log file: #22. Immutable memtables: 9.
2018/11/18-13:12:59.061536 7f1d8c5df700 [db/db_impl_write.cc:1373] [usertable] New memtable created with log file: #24. Immutable memtables: 10.
2018/11/18-13:12:59.252590 7f1d87bfb700 [db/db_impl_write.cc:1373] [usertable] New memtable created with log file: #25. Immutable memtables: 11.
2018/11/18-13:12:59.441631 7f1d879f9700 [db/db_impl_write.cc:1373] [usertable] New memtable created with log file: #27. Immutable memtables: 12.
2018/11/18-13:12:59.624916 7f1d8c4de700 [db/db_impl_write.cc:1373] [usertable] New memtable created with log file: #28. Immutable memtables: 13.
2018/11/18-13:12:59.873695 7f1d874f4700 [db/db_impl_write.cc:1373] [usertable] New memtable created with log file: #30. Immutable memtables: 14.
2018/11/18-13:13:00.062617 7f1d8c4de700 [db/db_impl_write.cc:1373] [usertable] New memtable created with log file: #31. Immutable memtables: 15.
2018/11/18-13:13:00.252589 7f1d87fff700 [db/db_impl_write.cc:1373] [usertable] New memtable created with log file: #33. Immutable memtables: 16.
2018/11/18-13:13:00.442722 7f1d8c3dd700 [db/db_impl_write.cc:1373] [usertable] New memtable created with log file: #34. Immutable memtables: 17.
2018/11/18-13:13:00.638003 7f1d878f8700 [db/db_impl_write.cc:1373] [usertable] New memtable created with log file: #36. Immutable memtables: 18.
2018/11/18-13:13:00.694686 7f1d677fe700 [db/db_impl_compaction_flush.cc:80] [JOB 4] Syncing log #12
2018/11/18-13:13:00.830518 7f1d8c2dc700 [db/db_impl_write.cc:1373] [usertable] New memtable created with log file: #37. Immutable memtables: 19.
2018/11/18-13:13:01.024413 7f1d875f5700 [db/db_impl_write.cc:1373] [usertable] New memtable created with log file: #39. Immutable memtables: 20.
2018/11/18-13:13:01.241777 7f1d8c4de700 [db/db_impl_write.cc:1373] [usertable] New memtable created with log file: #40. Immutable memtables: 21.
2018/11/18-13:13:01.456398 7f1d87efe700 [db/db_impl_write.cc:1373] [usertable] New memtable created with log file: #42. Immutable memtables: 22.
2018/11/18-13:13:01.456430 7f1d87efe700 [WARN] [db/column_family.cc:779] [usertable] Stalling writes because we have 23 immutable memtables (waiting for flush), max_write_buffer_number is set to 24 rate 16777216
2018/11/18-13:13:03.118631 7f1d677fe700 [db/db_impl_compaction_flush.cc:80] [JOB 4] Syncing log #13
2018/11/18-13:13:03.119514 7f1bdb7fe700 EVENT_LOG_v1 {"time_micros": 1542575583119497, "cf_name": "usertable", "job": 2, "event": "table_file_creation", "file_number": 11, "file_size": 245270281, "table_properties": {"data_size": 244180552, "index_size": 1088802, "filter_size": 0, "raw_key_size": 1421376, "raw_average_key_size": 24, "raw_value_size": 242581504, "raw_average_value_size": 4096, "num_data_blocks": 29612, "num_entries": 59224, "filter_policy_name": "", "kDeletedKeys": "0", "kMergeOperands": "0"}}
2018/11/18-13:13:03.119550 7f1bdb7fe700 [db/flush_job.cc:371] [usertable] [JOB 2] Level-0 flush table #11: 245270281 bytes OK
2018/11/18-13:13:03.448219 7f1bdb7fe700 (Original Log Time 2018/11/18-13:13:03.119568) [db/memtable_list.cc:377] [usertable] Level-0 commit table #11 started
2018/11/18-13:13:03.448223 7f1bdb7fe700 (Original Log Time 2018/11/18-13:13:03.448125) [db/memtable_list.cc:409] [usertable] Level-0 commit table #11: memtable #1 done
2018/11/18-13:13:03.448225 7f1bdb7fe700 (Original Log Time 2018/11/18-13:13:03.448133) [db/memtable_list.cc:409] [usertable] Level-0 commit table #11: memtable #2 done
2018/11/18-13:13:03.448226 7f1bdb7fe700 (Original Log Time 2018/11/18-13:13:03.448155) EVENT_LOG_v1 {"time_micros": 1542575583448142, "job": 2, "event": "flush_finished", "output_compression": "NoCompression", "lsm_state": [1, 0, 0, 0, 0, 0, 0], "immutable_memtables": 21}
2018/11/18-13:13:03.448228 7f1bdb7fe700 (Original Log Time 2018/11/18-13:13:03.448181) [db/db_impl_compaction_flush.cc:177] [usertable] Level summary: base level 1 max bytes base 536870912 files[1 0 0 0 0 0 0] max score 0.50
2018/11/18-13:13:03.448238 7f1bdb7fe700 [db/db_impl_files.cc:347] [JOB 2] Try to delete WAL files size 243930628, prev total WAL file size 2884492971, number of live WAL files 24.
2018/11/18-13:13:03.635517 7f1d874f4700 [db/db_impl_write.cc:1373] [usertable] New memtable created with log file: #43. Immutable memtables: 21.
2018/11/18-13:13:03.828975 7f1d87efe700 [db/db_impl_write.cc:1373] [usertable] New memtable created with log file: #45. Immutable memtables: 22.
2018/11/18-13:13:03.829002 7f1d87efe700 [WARN] [db/column_family.cc:779] [usertable] Stalling writes because we have 23 immutable memtables (waiting for flush), max_write_buffer_number is set to 24 rate 16777216
2018/11/18-13:13:04.785064 7f1d677fe700 [db/db_impl_compaction_flush.cc:80] [JOB 4] Syncing log #15
2018/11/18-13:13:05.697955 7f1d677fe700 (Original Log Time 2018/11/18-13:12:57.787418) [db/db_impl_compaction_flush.cc:1424] Calling FlushMemTableToOutputFile with column family [usertable], flush slots available 24, compaction slots available 1, flush slots scheduled 3, compaction slots scheduled 0
2018/11/18-13:13:05.697964 7f1d677fe700 [db/flush_job.cc:301] [usertable] [JOB 4] Flushing memtable with next log file: 15
2018/11/18-13:13:05.697974 7f1d677fe700 [db/flush_job.cc:301] [usertable] [JOB 4] Flushing memtable with next log file: 16
2018/11/18-13:13:05.697988 7f1d66ffd700 [db/db_impl_compaction_flush.cc:80] [JOB 5] Syncing log #16
2018/11/18-13:13:05.698008 7f1d677fe700 EVENT_LOG_v1 {"time_micros": 1542575585697997, "job": 4, "event": "flush_started", "num_memtables": 2, "num_entries": 60368, "num_deletes": 0, "memory_usage": 250189936, "flush_reason": "Write Buffer Full"}
2018/11/18-13:13:05.698013 7f1d67fff700 (Original Log Time 2018/11/18-13:12:57.304399) [db/db_impl_compaction_flush.cc:1424] Calling FlushMemTableToOutputFile with column family [usertable], flush slots available 24, compaction slots available 1, flush slots scheduled 2, compaction slots scheduled 0
2018/11/18-13:13:05.698017 7f1d677fe700 [db/flush_job.cc:331] [usertable] [JOB 4] Level-0 flush table #17: started
2018/11/18-13:13:05.698017 7f1d67fff700 [db/flush_job.cc:301] [usertable] [JOB 3] Flushing memtable with next log file: 12
2018/11/18-13:13:05.698062 7f1d67fff700 [db/flush_job.cc:301] [usertable] [JOB 3] Flushing memtable with next log file: 13
2018/11/18-13:13:05.698085 7f1d67fff700 EVENT_LOG_v1 {"time_micros": 1542575585698073, "job": 3, "event": "flush_started", "num_memtables": 2, "num_entries": 60447, "num_deletes": 0, "memory_usage": 250515448, "flush_reason": "Write Buffer Full"}
2018/11/18-13:13:05.698090 7f1d67fff700 [db/flush_job.cc:331] [usertable] [JOB 3] Level-0 flush table #14: started
2018/11/18-13:13:09.859954 7f1d66ffd700 [db/db_impl_compaction_flush.cc:80] [JOB 5] Syncing log #18
2018/11/18-13:13:11.302956 7f1d873f3700 [db/db_impl_write.cc:1373] [usertable] New memtable created with log file: #46. Immutable memtables: 23.
2018/11/18-13:13:11.302997 7f1d873f3700 [WARN] [db/column_family.cc:743] [usertable] Stopping writes because we have 24 immutable memtables (waiting for flush), max_write_buffer_number is set to 24
2018/11/18-13:13:11.871941 7f1d66ffd700 (Original Log Time 2018/11/18-13:12:58.221993) [db/db_impl_compaction_flush.cc:1424] Calling FlushMemTableToOutputFile with column family [usertable], flush slots available 24, compaction slots available 1, flush slots scheduled 4, compaction slots scheduled 0
2018/11/18-13:13:11.871961 7f1d66ffd700 [db/flush_job.cc:301] [usertable] [JOB 5] Flushing memtable with next log file: 18
2018/11/18-13:13:11.871968 7f1d66ffd700 [db/flush_job.cc:301] [usertable] [JOB 5] Flushing memtable with next log file: 19
2018/11/18-13:13:11.871997 7f1d66ffd700 EVENT_LOG_v1 {"time_micros": 1542575591871986, "job": 5, "event": "flush_started", "num_memtables": 2, "num_entries": 60341, "num_deletes": 0, "memory_usage": 250078600, "flush_reason": "Write Buffer Full"}
2018/11/18-13:13:11.872003 7f1d66ffd700 [db/flush_job.cc:331] [usertable] [JOB 5] Level-0 flush table #20: started
2018/11/18-13:13:11.872001 7f1d667fc700 [db/db_impl_compaction_flush.cc:80] [JOB 6] Syncing log #19
2018/11/18-13:13:16.156604 7f1d667fc700 [db/db_impl_compaction_flush.cc:80] [JOB 6] Syncing log #21
2018/11/18-13:13:16.157346 7f1d67fff700 EVENT_LOG_v1 {"time_micros": 1542575596157328, "cf_name": "usertable", "job": 3, "event": "table_file_creation", "file_number": 14, "file_size": 250335230, "table_properties": {"data_size": 249222995, "index_size": 1111308, "filter_size": 0, "raw_key_size": 1450728, "raw_average_key_size": 24, "raw_value_size": 247590912, "raw_average_value_size": 4096, "num_data_blocks": 30224, "num_entries": 60447, "filter_policy_name": "", "kDeletedKeys": "0", "kMergeOperands": "0"}}
2018/11/18-13:13:16.157364 7f1d67fff700 [db/flush_job.cc:371] [usertable] [JOB 3] Level-0 flush table #14: 250335230 bytes OK
2018/11/18-13:13:16.207479 7f1d677fe700 EVENT_LOG_v1 {"time_micros": 1542575596207465, "cf_name": "usertable", "job": 4, "event": "table_file_creation", "file_number": 17, "file_size": 250021443, "table_properties": {"data_size": 248903972, "index_size": 1116544, "filter_size": 0, "raw_key_size": 1448832, "raw_average_key_size": 24, "raw_value_size": 247267328, "raw_average_value_size": 4096, "num_data_blocks": 30184, "num_entries": 60368, "filter_policy_name": "", "kDeletedKeys": "0", "kMergeOperands": "0"}}
2018/11/18-13:13:16.207493 7f1d677fe700 [db/flush_job.cc:371] [usertable] [JOB 4] Level-0 flush table #17: 250021443 bytes OK
2018/11/18-13:13:16.207519 7f1d677fe700 [WARN] [db/column_family.cc:743] [usertable] Stopping writes because we have 24 immutable memtables (waiting for flush), max_write_buffer_number is set to 24
2018/11/18-13:13:16.207547 7f1d677fe700 (Original Log Time 2018/11/18-13:13:16.207509) EVENT_LOG_v1 {"time_micros": 1542575596207502, "job": 4, "event": "flush_finished", "output_compression": "NoCompression", "lsm_state": [1, 0, 0, 0, 0, 0, 0], "immutable_memtables": 24}
2018/11/18-13:13:16.207550 7f1d677fe700 (Original Log Time 2018/11/18-13:13:16.207533) [db/db_impl_compaction_flush.cc:177] [usertable] Level summary: base level 1 max bytes base 536870912 files[1 0 0 0 0 0 0] max score 0.50
2018/11/18-13:13:16.481028 7f1d66ffd700 EVENT_LOG_v1 {"time_micros": 1542575596481016, "cf_name": "usertable", "job": 5, "event": "table_file_creation", "file_number": 20, "file_size": 249909650, "table_properties": {"data_size": 248792661, "index_size": 1116062, "filter_size": 0, "raw_key_size": 1448184, "raw_average_key_size": 24, "raw_value_size": 247156736, "raw_average_value_size": 4096, "num_data_blocks": 30171, "num_entries": 60341, "filter_policy_name": "", "kDeletedKeys": "0", "kMergeOperands": "0"}}
2018/11/18-13:13:16.481041 7f1d66ffd700 [db/flush_job.cc:371] [usertable] [JOB 5] Level-0 flush table #20: 249909650 bytes OK
2018/11/18-13:13:16.481059 7f1d66ffd700 [WARN] [db/column_family.cc:743] [usertable] Stopping writes because we have 24 immutable memtables (waiting for flush), max_write_buffer_number is set to 24
2018/11/18-13:13:16.481073 7f1d66ffd700 (Original Log Time 2018/11/18-13:13:16.481055) EVENT_LOG_v1 {"time_micros": 1542575596481051, "job": 5, "event": "flush_finished", "output_compression": "NoCompression", "lsm_state": [1, 0, 0, 0, 0, 0, 0], "immutable_memtables": 24}
2018/11/18-13:13:16.481076 7f1d66ffd700 (Original Log Time 2018/11/18-13:13:16.481066) [db/db_impl_compaction_flush.cc:177] [usertable] Level summary: base level 1 max bytes base 536870912 files[1 0 0 0 0 0 0] max score 0.50
2018/11/18-13:13:18.074958 7f1d667fc700 (Original Log Time 2018/11/18-13:12:58.819565) [db/db_impl_compaction_flush.cc:1424] Calling FlushMemTableToOutputFile with column family [usertable], flush slots available 24, compaction slots available 1, flush slots scheduled 5, compaction slots scheduled 0
2018/11/18-13:13:18.074966 7f1d667fc700 [db/flush_job.cc:301] [usertable] [JOB 6] Flushing memtable with next log file: 21
2018/11/18-13:13:18.074974 7f1d667fc700 [db/flush_job.cc:301] [usertable] [JOB 6] Flushing memtable with next log file: 22
2018/11/18-13:13:18.074999 7f1d65ffb700 [db/db_impl_compaction_flush.cc:80] [JOB 7] Syncing log #22
2018/11/18-13:13:18.075014 7f1d667fc700 EVENT_LOG_v1 {"time_micros": 1542575598075005, "job": 6, "event": "flush_started", "num_memtables": 2, "num_entries": 59270, "num_deletes": 0, "memory_usage": 245646168, "flush_reason": "Write Buffer Full"}
2018/11/18-13:13:18.075020 7f1d667fc700 [db/flush_job.cc:331] [usertable] [JOB 6] Level-0 flush table #23: started
2018/11/18-13:13:18.075077 7f1d67fff700 [db/column_family.cc:837] [usertable] Increasing compaction threads because we have 4 level-0 files 
2018/11/18-13:13:18.075126 7f1d67fff700 (Original Log Time 2018/11/18-13:13:16.157378) [db/memtable_list.cc:377] [usertable] Level-0 commit table #14 started
2018/11/18-13:13:18.075130 7f1d67fff700 (Original Log Time 2018/11/18-13:13:16.949591) [db/memtable_list.cc:409] [usertable] Level-0 commit table #14: memtable #1 done
2018/11/18-13:13:18.075131 7f1d67fff700 (Original Log Time 2018/11/18-13:13:16.949594) [db/memtable_list.cc:409] [usertable] Level-0 commit table #14: memtable #2 done
2018/11/18-13:13:18.075133 7f1d67fff700 (Original Log Time 2018/11/18-13:13:16.949596) [db/memtable_list.cc:377] [usertable] Level-0 commit table #17 started
2018/11/18-13:13:18.075134 7f1d67fff700 (Original Log Time 2018/11/18-13:13:16.949596) [db/memtable_list.cc:377] [usertable] Level-0 commit table #20 started
2018/11/18-13:13:18.075136 7f1d67fff700 (Original Log Time 2018/11/18-13:13:18.075044) [db/memtable_list.cc:409] [usertable] Level-0 commit table #17: memtable #1 done
2018/11/18-13:13:18.075137 7f1d67fff700 (Original Log Time 2018/11/18-13:13:18.075047) [db/memtable_list.cc:409] [usertable] Level-0 commit table #17: memtable #2 done
2018/11/18-13:13:18.075139 7f1d67fff700 (Original Log Time 2018/11/18-13:13:18.075048) [db/memtable_list.cc:409] [usertable] Level-0 commit table #20: memtable #3 done
2018/11/18-13:13:18.075140 7f1d67fff700 (Original Log Time 2018/11/18-13:13:18.075048) [db/memtable_list.cc:409] [usertable] Level-0 commit table #20: memtable #4 done
