2019/03/23-10:27:35.852570 7fe1e92e7700 RocksDB version: 5.14.3
2019/03/23-10:27:35.852640 7fe1e92e7700 Git sha rocksdb_build_git_sha:
2019/03/23-10:27:35.852643 7fe1e92e7700 Compile date Oct  9 2018
2019/03/23-10:27:35.852653 7fe1e92e7700 DB SUMMARY
2019/03/23-10:27:35.852681 7fe1e92e7700 SST files in /mnt/sdh/ycsb-rocksdb-data dir, Total Num: 0, files: 
2019/03/23-10:27:35.852687 7fe1e92e7700 Write Ahead Log file in /mnt/sdh/ycsb-rocksdb-data: 
2019/03/23-10:27:35.852690 7fe1e92e7700                         Options.error_if_exists: 0
2019/03/23-10:27:35.852691 7fe1e92e7700                       Options.create_if_missing: 1
2019/03/23-10:27:35.852692 7fe1e92e7700                         Options.paranoid_checks: 1
2019/03/23-10:27:35.852694 7fe1e92e7700                                     Options.env: 0x7fe1e8962080
2019/03/23-10:27:35.852695 7fe1e92e7700                                Options.info_log: 0x7fe11c3bca40
2019/03/23-10:27:35.852696 7fe1e92e7700                Options.max_file_opening_threads: 16
2019/03/23-10:27:35.852697 7fe1e92e7700                              Options.statistics: (nil)
2019/03/23-10:27:35.852698 7fe1e92e7700                               Options.use_fsync: 0
2019/03/23-10:27:35.852699 7fe1e92e7700                       Options.max_log_file_size: 0
2019/03/23-10:27:35.852700 7fe1e92e7700                  Options.max_manifest_file_size: 18446744073709551615
2019/03/23-10:27:35.852701 7fe1e92e7700                   Options.log_file_time_to_roll: 0
2019/03/23-10:27:35.852702 7fe1e92e7700                       Options.keep_log_file_num: 1000
2019/03/23-10:27:35.852703 7fe1e92e7700                    Options.recycle_log_file_num: 0
2019/03/23-10:27:35.852704 7fe1e92e7700                         Options.allow_fallocate: 1
2019/03/23-10:27:35.852705 7fe1e92e7700                        Options.allow_mmap_reads: 0
2019/03/23-10:27:35.852706 7fe1e92e7700                       Options.allow_mmap_writes: 0
2019/03/23-10:27:35.852707 7fe1e92e7700                        Options.use_direct_reads: 0
2019/03/23-10:27:35.852708 7fe1e92e7700                        Options.use_direct_io_for_flush_and_compaction: 0
2019/03/23-10:27:35.852709 7fe1e92e7700          Options.create_missing_column_families: 1
2019/03/23-10:27:35.852710 7fe1e92e7700                              Options.db_log_dir: 
2019/03/23-10:27:35.852711 7fe1e92e7700                                 Options.wal_dir: /mnt/sdh/ycsb-rocksdb-data
2019/03/23-10:27:35.852712 7fe1e92e7700                Options.table_cache_numshardbits: 6
2019/03/23-10:27:35.852713 7fe1e92e7700                      Options.max_subcompactions: 4
2019/03/23-10:27:35.852714 7fe1e92e7700                  Options.max_background_flushes: 24
2019/03/23-10:27:35.852716 7fe1e92e7700                         Options.WAL_ttl_seconds: 0
2019/03/23-10:27:35.852716 7fe1e92e7700                       Options.WAL_size_limit_MB: 0
2019/03/23-10:27:35.852718 7fe1e92e7700             Options.manifest_preallocation_size: 4194304
2019/03/23-10:27:35.852719 7fe1e92e7700                     Options.is_fd_close_on_exec: 1
2019/03/23-10:27:35.852720 7fe1e92e7700                   Options.advise_random_on_open: 1
2019/03/23-10:27:35.852721 7fe1e92e7700                    Options.db_write_buffer_size: 0
2019/03/23-10:27:35.852722 7fe1e92e7700                    Options.write_buffer_manager: 0x7fe11c3ae8f0
2019/03/23-10:27:35.852722 7fe1e92e7700         Options.access_hint_on_compaction_start: 1
2019/03/23-10:27:35.852723 7fe1e92e7700  Options.new_table_reader_for_compaction_inputs: 0
2019/03/23-10:27:35.852724 7fe1e92e7700           Options.random_access_max_buffer_size: 1048576
2019/03/23-10:27:35.852725 7fe1e92e7700                      Options.use_adaptive_mutex: 0
2019/03/23-10:27:35.852726 7fe1e92e7700                            Options.rate_limiter: (nil)
2019/03/23-10:27:35.852728 7fe1e92e7700     Options.sst_file_manager.rate_bytes_per_sec: 0
2019/03/23-10:27:35.852729 7fe1e92e7700                       Options.wal_recovery_mode: 2
2019/03/23-10:27:35.852730 7fe1e92e7700                  Options.enable_thread_tracking: 0
2019/03/23-10:27:35.852731 7fe1e92e7700                  Options.enable_pipelined_write: 1
2019/03/23-10:27:35.852740 7fe1e92e7700         Options.allow_concurrent_memtable_write: 1
2019/03/23-10:27:35.852742 7fe1e92e7700      Options.enable_write_thread_adaptive_yield: 1
2019/03/23-10:27:35.852743 7fe1e92e7700             Options.write_thread_max_yield_usec: 100
2019/03/23-10:27:35.852744 7fe1e92e7700            Options.write_thread_slow_yield_usec: 3
2019/03/23-10:27:35.852745 7fe1e92e7700                               Options.row_cache: None
2019/03/23-10:27:35.852746 7fe1e92e7700                              Options.wal_filter: None
2019/03/23-10:27:35.852747 7fe1e92e7700             Options.avoid_flush_during_recovery: 0
2019/03/23-10:27:35.852748 7fe1e92e7700             Options.allow_ingest_behind: 0
2019/03/23-10:27:35.852749 7fe1e92e7700             Options.preserve_deletes: 0
2019/03/23-10:27:35.852750 7fe1e92e7700             Options.two_write_queues: 0
2019/03/23-10:27:35.852751 7fe1e92e7700             Options.manual_wal_flush: 0
2019/03/23-10:27:35.852753 7fe1e92e7700             Options.max_background_jobs: 24
2019/03/23-10:27:35.852754 7fe1e92e7700             Options.max_background_compactions: 24
2019/03/23-10:27:35.852755 7fe1e92e7700             Options.avoid_flush_during_shutdown: 0
2019/03/23-10:27:35.852756 7fe1e92e7700           Options.writable_file_max_buffer_size: 1048576
2019/03/23-10:27:35.852757 7fe1e92e7700             Options.delayed_write_rate : 16777216
2019/03/23-10:27:35.852758 7fe1e92e7700             Options.max_total_wal_size: 0
2019/03/23-10:27:35.852759 7fe1e92e7700             Options.delete_obsolete_files_period_micros: 21600000000
2019/03/23-10:27:35.852761 7fe1e92e7700                   Options.stats_dump_period_sec: 60
2019/03/23-10:27:35.852762 7fe1e92e7700                          Options.max_open_files: -1
2019/03/23-10:27:35.852763 7fe1e92e7700                          Options.bytes_per_sync: 1048576
2019/03/23-10:27:35.852764 7fe1e92e7700                      Options.wal_bytes_per_sync: 0
2019/03/23-10:27:35.852765 7fe1e92e7700       Options.compaction_readahead_size: 0
2019/03/23-10:27:35.852766 7fe1e92e7700 Compression algorithms supported:
2019/03/23-10:27:35.852768 7fe1e92e7700 	kZSTDNotFinalCompression supported: 1
2019/03/23-10:27:35.852776 7fe1e92e7700 	kZSTD supported: 1
2019/03/23-10:27:35.852778 7fe1e92e7700 	kXpressCompression supported: 0
2019/03/23-10:27:35.852779 7fe1e92e7700 	kLZ4HCCompression supported: 1
2019/03/23-10:27:35.852781 7fe1e92e7700 	kLZ4Compression supported: 1
2019/03/23-10:27:35.852782 7fe1e92e7700 	kBZip2Compression supported: 1
2019/03/23-10:27:35.852784 7fe1e92e7700 	kZlibCompression supported: 1
2019/03/23-10:27:35.852785 7fe1e92e7700 	kSnappyCompression supported: 1
2019/03/23-10:27:35.852789 7fe1e92e7700 Fast CRC32 supported: Not supported on x86
2019/03/23-10:27:35.852882 7fe1e92e7700 [db/db_impl_open.cc:222] Creating manifest 1 
2019/03/23-10:27:35.961259 7fe1e92e7700 [db/version_set.cc:3085] Recovering from manifest file: MANIFEST-000001
2019/03/23-10:27:35.961446 7fe1e92e7700 [db/column_family.cc:475] --------------- Options for column family [default]:
2019/03/23-10:27:35.961453 7fe1e92e7700               Options.comparator: leveldb.BytewiseComparator
2019/03/23-10:27:35.961456 7fe1e92e7700           Options.merge_operator: None
2019/03/23-10:27:35.961458 7fe1e92e7700        Options.compaction_filter: None
2019/03/23-10:27:35.961461 7fe1e92e7700        Options.compaction_filter_factory: None
2019/03/23-10:27:35.961463 7fe1e92e7700         Options.memtable_factory: SkipListFactory
2019/03/23-10:27:35.961466 7fe1e92e7700            Options.table_factory: BlockBasedTable
2019/03/23-10:27:35.961528 7fe1e92e7700            table_factory options:   flush_block_policy_factory: FlushBlockBySizePolicyFactory (0x7fe11c3bd690)
  cache_index_and_filter_blocks: 0
  cache_index_and_filter_blocks_with_high_priority: 0
  pin_l0_filter_and_index_blocks_in_cache: 0
  index_type: 0
  hash_index_allow_collision: 1
  checksum: 1
  no_block_cache: 0
  block_cache: 0x7fe11c3ae0a0
  block_cache_name: LRUCache
  block_cache_options:
    capacity : 8388608
    num_shard_bits : 4
    strict_capacity_limit : 0
    high_pri_pool_ratio: 0.000
  block_cache_compressed: (nil)
  persistent_cache: (nil)
  block_size: 8192
  block_size_deviation: 10
  block_restart_interval: 16
  index_block_restart_interval: 1
  metadata_block_size: 4096
  partition_filters: 0
  use_delta_encoding: 1
  filter_policy: nullptr
  whole_key_filtering: 1
  verify_compression: 0
  read_amp_bytes_per_bit: 0
  format_version: 2
  enable_index_compression: 1
  block_align: 0
2019/03/23-10:27:35.961557 7fe1e92e7700        Options.write_buffer_size: 134217728
2019/03/23-10:27:35.961561 7fe1e92e7700  Options.max_write_buffer_number: 24
2019/03/23-10:27:35.961564 7fe1e92e7700        Options.compression[0]: NoCompression
2019/03/23-10:27:35.961567 7fe1e92e7700        Options.compression[1]: NoCompression
2019/03/23-10:27:35.961570 7fe1e92e7700        Options.compression[2]: LZ4
2019/03/23-10:27:35.961573 7fe1e92e7700        Options.compression[3]: LZ4
2019/03/23-10:27:35.961575 7fe1e92e7700        Options.compression[4]: LZ4
2019/03/23-10:27:35.961577 7fe1e92e7700        Options.compression[5]: LZ4
2019/03/23-10:27:35.961579 7fe1e92e7700        Options.compression[6]: LZ4
2019/03/23-10:27:35.961581 7fe1e92e7700                  Options.bottommost_compression: Disabled
2019/03/23-10:27:35.961583 7fe1e92e7700       Options.prefix_extractor: nullptr
2019/03/23-10:27:35.961585 7fe1e92e7700   Options.memtable_insert_with_hint_prefix_extractor: nullptr
2019/03/23-10:27:35.961587 7fe1e92e7700             Options.num_levels: 7
2019/03/23-10:27:35.961589 7fe1e92e7700        Options.min_write_buffer_number_to_merge: 2
2019/03/23-10:27:35.961591 7fe1e92e7700     Options.max_write_buffer_number_to_maintain: 0
2019/03/23-10:27:35.961592 7fe1e92e7700            Options.compression_opts.window_bits: -14
2019/03/23-10:27:35.961594 7fe1e92e7700                  Options.compression_opts.level: -1
2019/03/23-10:27:35.961596 7fe1e92e7700               Options.compression_opts.strategy: 0
2019/03/23-10:27:35.961598 7fe1e92e7700         Options.compression_opts.max_dict_bytes: 0
2019/03/23-10:27:35.961599 7fe1e92e7700         Options.compression_opts.zstd_max_train_bytes: 0
2019/03/23-10:27:35.961602 7fe1e92e7700      Options.level0_file_num_compaction_trigger: 2
2019/03/23-10:27:35.961603 7fe1e92e7700          Options.level0_slowdown_writes_trigger: 20
2019/03/23-10:27:35.961605 7fe1e92e7700              Options.level0_stop_writes_trigger: 36
2019/03/23-10:27:35.961607 7fe1e92e7700                   Options.target_file_size_base: 67108864
2019/03/23-10:27:35.961609 7fe1e92e7700             Options.target_file_size_multiplier: 1
2019/03/23-10:27:35.961611 7fe1e92e7700                Options.max_bytes_for_level_base: 536870912
2019/03/23-10:27:35.961613 7fe1e92e7700 Options.level_compaction_dynamic_level_bytes: 0
2019/03/23-10:27:35.961615 7fe1e92e7700          Options.max_bytes_for_level_multiplier: 10.000000
2019/03/23-10:27:35.961620 7fe1e92e7700 Options.max_bytes_for_level_multiplier_addtl[0]: 1
2019/03/23-10:27:35.961622 7fe1e92e7700 Options.max_bytes_for_level_multiplier_addtl[1]: 1
2019/03/23-10:27:35.961624 7fe1e92e7700 Options.max_bytes_for_level_multiplier_addtl[2]: 1
2019/03/23-10:27:35.961626 7fe1e92e7700 Options.max_bytes_for_level_multiplier_addtl[3]: 1
2019/03/23-10:27:35.961628 7fe1e92e7700 Options.max_bytes_for_level_multiplier_addtl[4]: 1
2019/03/23-10:27:35.961630 7fe1e92e7700 Options.max_bytes_for_level_multiplier_addtl[5]: 1
2019/03/23-10:27:35.961632 7fe1e92e7700 Options.max_bytes_for_level_multiplier_addtl[6]: 1
2019/03/23-10:27:35.961634 7fe1e92e7700       Options.max_sequential_skip_in_iterations: 8
2019/03/23-10:27:35.961636 7fe1e92e7700                    Options.max_compaction_bytes: 1677721600
2019/03/23-10:27:35.961638 7fe1e92e7700                        Options.arena_block_size: 16777216
2019/03/23-10:27:35.961640 7fe1e92e7700   Options.soft_pending_compaction_bytes_limit: 68719476736
2019/03/23-10:27:35.961642 7fe1e92e7700   Options.hard_pending_compaction_bytes_limit: 274877906944
2019/03/23-10:27:35.961654 7fe1e92e7700       Options.rate_limit_delay_max_milliseconds: 100
2019/03/23-10:27:35.961657 7fe1e92e7700                Options.disable_auto_compactions: 0
2019/03/23-10:27:35.961660 7fe1e92e7700                        Options.compaction_style: kCompactionStyleLevel
2019/03/23-10:27:35.961662 7fe1e92e7700                          Options.compaction_pri: kByCompensatedSize
2019/03/23-10:27:35.961664 7fe1e92e7700 Options.compaction_options_universal.size_ratio: 1
2019/03/23-10:27:35.961666 7fe1e92e7700 Options.compaction_options_universal.min_merge_width: 2
2019/03/23-10:27:35.961668 7fe1e92e7700 Options.compaction_options_universal.max_merge_width: 4294967295
2019/03/23-10:27:35.961670 7fe1e92e7700 Options.compaction_options_universal.max_size_amplification_percent: 200
2019/03/23-10:27:35.961672 7fe1e92e7700 Options.compaction_options_universal.compression_size_percent: -1
2019/03/23-10:27:35.961675 7fe1e92e7700 Options.compaction_options_universal.stop_style: kCompactionStopStyleTotalSize
2019/03/23-10:27:35.961677 7fe1e92e7700 Options.compaction_options_fifo.max_table_files_size: 1073741824
2019/03/23-10:27:35.961679 7fe1e92e7700 Options.compaction_options_fifo.allow_compaction: 0
2019/03/23-10:27:35.961680 7fe1e92e7700 Options.compaction_options_fifo.ttl: 0
2019/03/23-10:27:35.961682 7fe1e92e7700                   Options.table_properties_collectors: 
2019/03/23-10:27:35.961684 7fe1e92e7700                   Options.inplace_update_support: 0
2019/03/23-10:27:35.961686 7fe1e92e7700                 Options.inplace_update_num_locks: 10000
2019/03/23-10:27:35.961687 7fe1e92e7700               Options.memtable_prefix_bloom_size_ratio: 0.000000
2019/03/23-10:27:35.961691 7fe1e92e7700   Options.memtable_huge_page_size: 0
2019/03/23-10:27:35.961693 7fe1e92e7700                           Options.bloom_locality: 0
2019/03/23-10:27:35.961695 7fe1e92e7700                    Options.max_successive_merges: 0
2019/03/23-10:27:35.961697 7fe1e92e7700                Options.optimize_filters_for_hits: 0
2019/03/23-10:27:35.961699 7fe1e92e7700                Options.paranoid_file_checks: 0
2019/03/23-10:27:35.961701 7fe1e92e7700                Options.force_consistency_checks: 0
2019/03/23-10:27:35.961703 7fe1e92e7700                Options.report_bg_io_stats: 0
2019/03/23-10:27:35.961704 7fe1e92e7700                               Options.ttl: 0
2019/03/23-10:27:35.962338 7fe1e92e7700 [db/version_set.cc:3361] Recovered from manifest file:/mnt/sdh/ycsb-rocksdb-data/MANIFEST-000001 succeeded,manifest_file_number is 1, next_file_number is 3, last_sequence is 0, log_number is 0,prev_log_number is 0,max_column_family is 0,min_log_number_to_keep is 0
2019/03/23-10:27:35.962344 7fe1e92e7700 [db/version_set.cc:3369] Column family [default] (ID 0), log number is 0
2019/03/23-10:27:35.962560 7fe1e92e7700 [db/version_set.cc:2847] Creating manifest 4
2019/03/23-10:27:36.040931 7fe1e92e7700 [db/column_family.cc:475] --------------- Options for column family [usertable]:
2019/03/23-10:27:36.040944 7fe1e92e7700               Options.comparator: leveldb.BytewiseComparator
2019/03/23-10:27:36.040946 7fe1e92e7700           Options.merge_operator: None
2019/03/23-10:27:36.040947 7fe1e92e7700        Options.compaction_filter: None
2019/03/23-10:27:36.040948 7fe1e92e7700        Options.compaction_filter_factory: None
2019/03/23-10:27:36.040949 7fe1e92e7700         Options.memtable_factory: SkipListFactory
2019/03/23-10:27:36.040958 7fe1e92e7700            Options.table_factory: BlockBasedTable
2019/03/23-10:27:36.040994 7fe1e92e7700            table_factory options:   flush_block_policy_factory: FlushBlockBySizePolicyFactory (0x7fe11c3be730)
  cache_index_and_filter_blocks: 0
  cache_index_and_filter_blocks_with_high_priority: 0
  pin_l0_filter_and_index_blocks_in_cache: 0
  index_type: 0
  hash_index_allow_collision: 1
  checksum: 1
  no_block_cache: 0
  block_cache: 0x7fe11c3c41d0
  block_cache_name: LRUCache
  block_cache_options:
    capacity : 8388608
    num_shard_bits : 4
    strict_capacity_limit : 0
    high_pri_pool_ratio: 0.000
  block_cache_compressed: (nil)
  persistent_cache: (nil)
  block_size: 8192
  block_size_deviation: 10
  block_restart_interval: 16
  index_block_restart_interval: 1
  metadata_block_size: 4096
  partition_filters: 0
  use_delta_encoding: 1
  filter_policy: nullptr
  whole_key_filtering: 1
  verify_compression: 0
  read_amp_bytes_per_bit: 0
  format_version: 2
  enable_index_compression: 1
  block_align: 0
2019/03/23-10:27:36.040997 7fe1e92e7700        Options.write_buffer_size: 134217728
2019/03/23-10:27:36.040998 7fe1e92e7700  Options.max_write_buffer_number: 24
2019/03/23-10:27:36.041000 7fe1e92e7700        Options.compression[0]: NoCompression
2019/03/23-10:27:36.041001 7fe1e92e7700        Options.compression[1]: NoCompression
2019/03/23-10:27:36.041003 7fe1e92e7700        Options.compression[2]: LZ4
2019/03/23-10:27:36.041004 7fe1e92e7700        Options.compression[3]: LZ4
2019/03/23-10:27:36.041005 7fe1e92e7700        Options.compression[4]: LZ4
2019/03/23-10:27:36.041006 7fe1e92e7700        Options.compression[5]: LZ4
2019/03/23-10:27:36.041007 7fe1e92e7700        Options.compression[6]: LZ4
2019/03/23-10:27:36.041009 7fe1e92e7700                  Options.bottommost_compression: Disabled
2019/03/23-10:27:36.041010 7fe1e92e7700       Options.prefix_extractor: nullptr
2019/03/23-10:27:36.041011 7fe1e92e7700   Options.memtable_insert_with_hint_prefix_extractor: nullptr
2019/03/23-10:27:36.041012 7fe1e92e7700             Options.num_levels: 7
2019/03/23-10:27:36.041013 7fe1e92e7700        Options.min_write_buffer_number_to_merge: 2
2019/03/23-10:27:36.041014 7fe1e92e7700     Options.max_write_buffer_number_to_maintain: 0
2019/03/23-10:27:36.041015 7fe1e92e7700            Options.compression_opts.window_bits: -14
2019/03/23-10:27:36.041016 7fe1e92e7700                  Options.compression_opts.level: -1
2019/03/23-10:27:36.041017 7fe1e92e7700               Options.compression_opts.strategy: 0
2019/03/23-10:27:36.041018 7fe1e92e7700         Options.compression_opts.max_dict_bytes: 0
2019/03/23-10:27:36.041019 7fe1e92e7700         Options.compression_opts.zstd_max_train_bytes: 0
2019/03/23-10:27:36.041020 7fe1e92e7700      Options.level0_file_num_compaction_trigger: 2
2019/03/23-10:27:36.041021 7fe1e92e7700          Options.level0_slowdown_writes_trigger: 20
2019/03/23-10:27:36.041022 7fe1e92e7700              Options.level0_stop_writes_trigger: 36
2019/03/23-10:27:36.041023 7fe1e92e7700                   Options.target_file_size_base: 67108864
2019/03/23-10:27:36.041024 7fe1e92e7700             Options.target_file_size_multiplier: 1
2019/03/23-10:27:36.041025 7fe1e92e7700                Options.max_bytes_for_level_base: 536870912
2019/03/23-10:27:36.041026 7fe1e92e7700 Options.level_compaction_dynamic_level_bytes: 0
2019/03/23-10:27:36.041027 7fe1e92e7700          Options.max_bytes_for_level_multiplier: 10.000000
2019/03/23-10:27:36.041030 7fe1e92e7700 Options.max_bytes_for_level_multiplier_addtl[0]: 1
2019/03/23-10:27:36.041044 7fe1e92e7700 Options.max_bytes_for_level_multiplier_addtl[1]: 1
2019/03/23-10:27:36.041046 7fe1e92e7700 Options.max_bytes_for_level_multiplier_addtl[2]: 1
2019/03/23-10:27:36.041047 7fe1e92e7700 Options.max_bytes_for_level_multiplier_addtl[3]: 1
2019/03/23-10:27:36.041048 7fe1e92e7700 Options.max_bytes_for_level_multiplier_addtl[4]: 1
2019/03/23-10:27:36.041049 7fe1e92e7700 Options.max_bytes_for_level_multiplier_addtl[5]: 1
2019/03/23-10:27:36.041050 7fe1e92e7700 Options.max_bytes_for_level_multiplier_addtl[6]: 1
2019/03/23-10:27:36.041051 7fe1e92e7700       Options.max_sequential_skip_in_iterations: 8
2019/03/23-10:27:36.041052 7fe1e92e7700                    Options.max_compaction_bytes: 1677721600
2019/03/23-10:27:36.041053 7fe1e92e7700                        Options.arena_block_size: 16777216
2019/03/23-10:27:36.041054 7fe1e92e7700   Options.soft_pending_compaction_bytes_limit: 68719476736
2019/03/23-10:27:36.041055 7fe1e92e7700   Options.hard_pending_compaction_bytes_limit: 274877906944
2019/03/23-10:27:36.041056 7fe1e92e7700       Options.rate_limit_delay_max_milliseconds: 100
2019/03/23-10:27:36.041057 7fe1e92e7700                Options.disable_auto_compactions: 0
2019/03/23-10:27:36.041059 7fe1e92e7700                        Options.compaction_style: kCompactionStyleLevel
2019/03/23-10:27:36.041061 7fe1e92e7700                          Options.compaction_pri: kByCompensatedSize
2019/03/23-10:27:36.041062 7fe1e92e7700 Options.compaction_options_universal.size_ratio: 1
2019/03/23-10:27:36.041063 7fe1e92e7700 Options.compaction_options_universal.min_merge_width: 2
2019/03/23-10:27:36.041064 7fe1e92e7700 Options.compaction_options_universal.max_merge_width: 4294967295
2019/03/23-10:27:36.041066 7fe1e92e7700 Options.compaction_options_universal.max_size_amplification_percent: 200
2019/03/23-10:27:36.041067 7fe1e92e7700 Options.compaction_options_universal.compression_size_percent: -1
2019/03/23-10:27:36.041068 7fe1e92e7700 Options.compaction_options_universal.stop_style: kCompactionStopStyleTotalSize
2019/03/23-10:27:36.041069 7fe1e92e7700 Options.compaction_options_fifo.max_table_files_size: 1073741824
2019/03/23-10:27:36.041070 7fe1e92e7700 Options.compaction_options_fifo.allow_compaction: 0
2019/03/23-10:27:36.041071 7fe1e92e7700 Options.compaction_options_fifo.ttl: 0
2019/03/23-10:27:36.041072 7fe1e92e7700                   Options.table_properties_collectors: 
2019/03/23-10:27:36.041073 7fe1e92e7700                   Options.inplace_update_support: 0
2019/03/23-10:27:36.041074 7fe1e92e7700                 Options.inplace_update_num_locks: 10000
2019/03/23-10:27:36.041075 7fe1e92e7700               Options.memtable_prefix_bloom_size_ratio: 0.000000
2019/03/23-10:27:36.041077 7fe1e92e7700   Options.memtable_huge_page_size: 0
2019/03/23-10:27:36.041078 7fe1e92e7700                           Options.bloom_locality: 0
2019/03/23-10:27:36.041079 7fe1e92e7700                    Options.max_successive_merges: 0
2019/03/23-10:27:36.041080 7fe1e92e7700                Options.optimize_filters_for_hits: 0
2019/03/23-10:27:36.041081 7fe1e92e7700                Options.paranoid_file_checks: 0
2019/03/23-10:27:36.041082 7fe1e92e7700                Options.force_consistency_checks: 0
2019/03/23-10:27:36.041083 7fe1e92e7700                Options.report_bg_io_stats: 0
2019/03/23-10:27:36.041084 7fe1e92e7700                               Options.ttl: 0
2019/03/23-10:27:36.041202 7fe1e92e7700 [db/db_impl.cc:1396] Created column family [usertable] (ID 1)
2019/03/23-10:27:36.123967 7fe1e92e7700 [db/db_impl_open.cc:1219] DB pointer 0x7fe11c3aff90
2019/03/23-10:27:44.724503 7fe1945f6700 [db/db_impl_write.cc:1373] [usertable] New memtable created with log file: #9. Immutable memtables: 0.
2019/03/23-10:27:53.362312 7fe1946f7700 [db/db_impl_write.cc:1373] [usertable] New memtable created with log file: #10. Immutable memtables: 1.
2019/03/23-10:27:53.362472 7fe0667fc700 [db/db_impl_compaction_flush.cc:80] [JOB 2] Syncing log #3
2019/03/23-10:27:53.610692 7fe0667fc700 [db/db_impl_compaction_flush.cc:80] [JOB 2] Syncing log #9
2019/03/23-10:27:54.140205 7fe0667fc700 (Original Log Time 2019/03/23-10:27:53.362409) [db/db_impl_compaction_flush.cc:1424] Calling FlushMemTableToOutputFile with column family [usertable], flush slots available 24, compaction slots available 1, flush slots scheduled 1, compaction slots scheduled 0
2019/03/23-10:27:54.140220 7fe0667fc700 [db/flush_job.cc:301] [usertable] [JOB 2] Flushing memtable with next log file: 9
2019/03/23-10:27:54.140236 7fe0667fc700 [db/flush_job.cc:301] [usertable] [JOB 2] Flushing memtable with next log file: 10
2019/03/23-10:27:54.140296 7fe0667fc700 EVENT_LOG_v1 {"time_micros": 1553362074140269, "job": 2, "event": "flush_started", "num_memtables": 2, "num_entries": 60284, "num_deletes": 0, "memory_usage": 249896432, "flush_reason": "Write Buffer Full"}
2019/03/23-10:27:54.140308 7fe0667fc700 [db/flush_job.cc:331] [usertable] [JOB 2] Level-0 flush table #11: started
2019/03/23-10:27:56.465176 7fe0667fc700 EVENT_LOG_v1 {"time_micros": 1553362076465146, "cf_name": "usertable", "job": 2, "event": "table_file_creation", "file_number": 11, "file_size": 249660153, "table_properties": {"data_size": 248550932, "index_size": 1108294, "filter_size": 0, "raw_key_size": 1446816, "raw_average_key_size": 24, "raw_value_size": 246923264, "raw_average_value_size": 4096, "num_data_blocks": 30142, "num_entries": 60284, "filter_policy_name": "", "kDeletedKeys": "0", "kMergeOperands": "0"}}
2019/03/23-10:27:56.465217 7fe0667fc700 [db/flush_job.cc:371] [usertable] [JOB 2] Level-0 flush table #11: 249660153 bytes OK
2019/03/23-10:27:56.508719 7fe0667fc700 (Original Log Time 2019/03/23-10:27:56.465238) [db/memtable_list.cc:377] [usertable] Level-0 commit table #11 started
2019/03/23-10:27:56.508724 7fe0667fc700 (Original Log Time 2019/03/23-10:27:56.508558) [db/memtable_list.cc:409] [usertable] Level-0 commit table #11: memtable #1 done
2019/03/23-10:27:56.508726 7fe0667fc700 (Original Log Time 2019/03/23-10:27:56.508592) [db/memtable_list.cc:409] [usertable] Level-0 commit table #11: memtable #2 done
2019/03/23-10:27:56.508728 7fe0667fc700 (Original Log Time 2019/03/23-10:27:56.508633) EVENT_LOG_v1 {"time_micros": 1553362076508618, "job": 2, "event": "flush_finished", "output_compression": "NoCompression", "lsm_state": [1, 0, 0, 0, 0, 0, 0], "immutable_memtables": 0}
2019/03/23-10:27:56.508730 7fe0667fc700 (Original Log Time 2019/03/23-10:27:56.508673) [db/db_impl_compaction_flush.cc:177] [usertable] Level summary: base level 1 max bytes base 536870912 files[1 0 0 0 0 0 0] max score 0.50
2019/03/23-10:27:56.508742 7fe0667fc700 [db/db_impl_files.cc:347] [JOB 2] Try to delete WAL files size 248905232, prev total WAL file size 294372724, number of live WAL files 3.
2019/03/23-10:28:01.638436 7fe1b46fc700 [db/db_impl_write.cc:1373] [usertable] New memtable created with log file: #12. Immutable memtables: 0.
2019/03/23-10:28:09.242059 7fe1a42f3700 [db/db_impl_write.cc:1373] [usertable] New memtable created with log file: #13. Immutable memtables: 1.
2019/03/23-10:28:09.242165 7fe1977fe700 [db/db_impl_compaction_flush.cc:80] [JOB 3] Syncing log #10
2019/03/23-10:28:09.707761 7fe1977fe700 [db/db_impl_compaction_flush.cc:80] [JOB 3] Syncing log #12
2019/03/23-10:28:10.126176 7fe1977fe700 (Original Log Time 2019/03/23-10:28:09.242148) [db/db_impl_compaction_flush.cc:1424] Calling FlushMemTableToOutputFile with column family [usertable], flush slots available 24, compaction slots available 1, flush slots scheduled 1, compaction slots scheduled 0
2019/03/23-10:28:10.126184 7fe1977fe700 [db/flush_job.cc:301] [usertable] [JOB 3] Flushing memtable with next log file: 12
2019/03/23-10:28:10.126191 7fe1977fe700 [db/flush_job.cc:301] [usertable] [JOB 3] Flushing memtable with next log file: 13
2019/03/23-10:28:10.126215 7fe1977fe700 EVENT_LOG_v1 {"time_micros": 1553362090126206, "job": 3, "event": "flush_started", "num_memtables": 2, "num_entries": 55581, "num_deletes": 0, "memory_usage": 241348824, "flush_reason": "Write Buffer Full"}
2019/03/23-10:28:10.126220 7fe1977fe700 [db/flush_job.cc:331] [usertable] [JOB 3] Level-0 flush table #14: started
2019/03/23-10:28:12.202650 7fe1977fe700 EVENT_LOG_v1 {"time_micros": 1553362092202626, "cf_name": "usertable", "job": 3, "event": "table_file_creation", "file_number": 14, "file_size": 230183232, "table_properties": {"data_size": 229160477, "index_size": 1021828, "filter_size": 0, "raw_key_size": 1333944, "raw_average_key_size": 24, "raw_value_size": 227659776, "raw_average_value_size": 4096, "num_data_blocks": 27791, "num_entries": 55581, "filter_policy_name": "", "kDeletedKeys": "0", "kMergeOperands": "0"}}
2019/03/23-10:28:12.202673 7fe1977fe700 [db/flush_job.cc:371] [usertable] [JOB 3] Level-0 flush table #14: 230183232 bytes OK
2019/03/23-10:28:12.264753 7fe1977fe700 (Original Log Time 2019/03/23-10:28:12.202688) [db/memtable_list.cc:377] [usertable] Level-0 commit table #14 started
2019/03/23-10:28:12.264757 7fe1977fe700 (Original Log Time 2019/03/23-10:28:12.264653) [db/memtable_list.cc:409] [usertable] Level-0 commit table #14: memtable #1 done
2019/03/23-10:28:12.264759 7fe1977fe700 (Original Log Time 2019/03/23-10:28:12.264659) [db/memtable_list.cc:409] [usertable] Level-0 commit table #14: memtable #2 done
2019/03/23-10:28:12.264760 7fe1977fe700 (Original Log Time 2019/03/23-10:28:12.264690) EVENT_LOG_v1 {"time_micros": 1553362092264677, "job": 3, "event": "flush_finished", "output_compression": "NoCompression", "lsm_state": [2, 0, 0, 0, 0, 0, 0], "immutable_memtables": 0}
2019/03/23-10:28:12.264762 7fe1977fe700 (Original Log Time 2019/03/23-10:28:12.264729) [db/db_impl_compaction_flush.cc:177] [usertable] Level summary: base level 1 max bytes base 536870912 files[2 0 0 0 0 0 0] max score 1.00
2019/03/23-10:28:12.264770 7fe1977fe700 [db/db_impl_files.cc:347] [JOB 3] Try to delete WAL files size 229488945, prev total WAL file size 273188769, number of live WAL files 3.
2019/03/23-10:28:12.264952 7fe197fff700 [WARN] [db/db_impl.cc:491] ------- DUMPING STATS -------
2019/03/23-10:28:12.264993 7fe197fff700 [WARN] [db/db_impl.cc:492] 
** DB Stats **
Uptime(secs): 36.3 total, 36.3 interval
Cumulative writes: 126K writes, 126K keys, 125K commit groups, 1.0 writes per commit group, ingest: 0.49 GB, 13.72 MB/s
Cumulative WAL: 126K writes, 0 syncs, 126449.00 writes per sync, written: 0.49 GB, 13.72 MB/s
Cumulative stall: 00:00:0.000 H:M:S, 0.0 percent
Interval writes: 126K writes, 126K keys, 125K commit groups, 1.0 writes per commit group, ingest: 497.91 MB, 13.72 MB/s
Interval WAL: 126K writes, 0 syncs, 126449.00 writes per sync, written: 0.49 MB, 13.72 MB/s
Interval stall: 00:00:0.000 H:M:S, 0.0 percent

** Compaction Stats [default] **
Level    Files   Size     Score Read(GB)  Rn(GB) Rnp1(GB) Write(GB) Wnew(GB) Moved(GB) W-Amp Rd(MB/s) Wr(MB/s) Comp(sec) Comp(cnt) Avg(sec) KeyIn KeyDrop
----------------------------------------------------------------------------------------------------------------------------------------------------------
 Sum      0/0    0.00 KB   0.0      0.0     0.0      0.0       0.0      0.0       0.0   0.0      0.0      0.0         0         0    0.000       0      0
 Int      0/0    0.00 KB   0.0      0.0     0.0      0.0       0.0      0.0       0.0   0.0      0.0      0.0         0         0    0.000       0      0
Uptime(secs): 36.3 total, 36.3 interval
Flush(GB): cumulative 0.000, interval 0.000
AddFile(GB): cumulative 0.000, interval 0.000
AddFile(Total Files): cumulative 0, interval 0
AddFile(L0 Files): cumulative 0, interval 0
AddFile(Keys): cumulative 0, interval 0
Cumulative compaction: 0.00 GB write, 0.00 MB/s write, 0.00 GB read, 0.00 MB/s read, 0.0 seconds
Interval compaction: 0.00 GB write, 0.00 MB/s write, 0.00 GB read, 0.00 MB/s read, 0.0 seconds
Stalls(count): 0 level0_slowdown, 0 level0_slowdown_with_compaction, 0 level0_numfiles, 0 level0_numfiles_with_compaction, 0 stop for pending_compaction_bytes, 0 slowdown for pending_compaction_bytes, 0 memtable_compaction, 0 memtable_slowdown, interval 0 total count

** File Read Latency Histogram By Level [default] **

** Compaction Stats [usertable] **
Level    Files   Size     Score Read(GB)  Rn(GB) Rnp1(GB) Write(GB) Wnew(GB) Moved(GB) W-Amp Rd(MB/s) Wr(MB/s) Comp(sec) Comp(cnt) Avg(sec) KeyIn KeyDrop
----------------------------------------------------------------------------------------------------------------------------------------------------------
  L0      2/0   457.61 MB   1.0      0.0     0.0      0.0       0.4      0.4       0.0   1.0      0.0    104.0         4         2    2.201       0      0
 Sum      2/0   457.61 MB   0.0      0.0     0.0      0.0       0.4      0.4       0.0   1.0      0.0    104.0         4         2    2.201       0      0
 Int      0/0    0.00 KB   0.0      0.0     0.0      0.0       0.4      0.4       0.0   1.0      0.0    104.0         4         2    2.201       0      0
Uptime(secs): 36.2 total, 36.2 interval
Flush(GB): cumulative 0.447, interval 0.447
AddFile(GB): cumulative 0.000, interval 0.000
AddFile(Total Files): cumulative 0, interval 0
AddFile(L0 Files): cumulative 0, interval 0
AddFile(Keys): cumulative 0, interval 0
Cumulative compaction: 0.45 GB write, 12.63 MB/s write, 0.00 GB read, 0.00 MB/s read, 4.4 seconds
Interval compaction: 0.45 GB write, 12.63 MB/s write, 0.00 GB read, 0.00 MB/s read, 4.4 seconds
Stalls(count): 0 level0_slowdown, 0 level0_slowdown_with_compaction, 0 level0_numfiles, 0 level0_numfiles_with_compaction, 0 stop for pending_compaction_bytes, 0 slowdown for pending_compaction_bytes, 0 memtable_compaction, 0 memtable_slowdown, interval 0 total count

** File Read Latency Histogram By Level [usertable] **

** Compaction Stats [default] **
Level    Files   Size     Score Read(GB)  Rn(GB) Rnp1(GB) Write(GB) Wnew(GB) Moved(GB) W-Amp Rd(MB/s) Wr(MB/s) Comp(sec) Comp(cnt) Avg(sec) KeyIn KeyDrop
----------------------------------------------------------------------------------------------------------------------------------------------------------
 Sum      0/0    0.00 KB   0.0      0.0     0.0      0.0       0.0      0.0       0.0   0.0      0.0      0.0         0         0    0.000       0      0
 Int      0/0    0.00 KB   0.0      0.0     0.0      0.0       0.0      0.0       0.0   0.0      0.0      0.0         0         0    0.000       0      0
Uptime(secs): 36.3 total, 0.0 interval
Flush(GB): cumulative 0.000, interval 0.000
AddFile(GB): cumulative 0.000, interval 0.000
AddFile(Total Files): cumulative 0, interval 0
AddFile(L0 Files): cumulative 0, interval 0
AddFile(Keys): cumulative 0, interval 0
Cumulative compaction: 0.00 GB write, 0.00 MB/s write, 0.00 GB read, 0.00 MB/s read, 0.0 seconds
Interval compaction: 0.00 GB write, 0.00 MB/s write, 0.00 GB read, 0.00 MB/s read, 0.0 seconds
Stalls(count): 0 level0_slowdown, 0 level0_slowdown_with_compaction, 0 level0_numfiles, 0 level0_numfiles_with_compaction, 0 stop for pending_compaction_bytes, 0 slowdown for pending_compaction_bytes, 0 memtable_compaction, 0 memtable_slowdown, interval 0 total count

** File Read Latency Histogram By Level [default] **

** Compaction Stats [usertable] **
Level    Files   Size     Score Read(GB)  Rn(GB) Rnp1(GB) Write(GB) Wnew(GB) Moved(GB) W-Amp Rd(MB/s) Wr(MB/s) Comp(sec) Comp(cnt) Avg(sec) KeyIn KeyDrop
----------------------------------------------------------------------------------------------------------------------------------------------------------
  L0      2/0   457.61 MB   1.0      0.0     0.0      0.0       0.4      0.4       0.0   1.0      0.0    104.0         4         2    2.201       0      0
 Sum      2/0   457.61 MB   0.0      0.0     0.0      0.0       0.4      0.4       0.0   1.0      0.0    104.0         4         2    2.201       0      0
 Int      0/0    0.00 KB   0.0      0.0     0.0      0.0       0.0      0.0       0.0   0.0      0.0      0.0         0         0    0.000       0      0
Uptime(secs): 36.2 total, 0.0 interval
Flush(GB): cumulative 0.447, interval 0.000
AddFile(GB): cumulative 0.000, interval 0.000
AddFile(Total Files): cumulative 0, interval 0
AddFile(L0 Files): cumulative 0, interval 0
AddFile(Keys): cumulative 0, interval 0
Cumulative compaction: 0.45 GB write, 12.63 MB/s write, 0.00 GB read, 0.00 MB/s read, 4.4 seconds
Interval compaction: 0.00 GB write, 0.00 MB/s write, 0.00 GB read, 0.00 MB/s read, 0.0 seconds
Stalls(count): 0 level0_slowdown, 0 level0_slowdown_with_compaction, 0 level0_numfiles, 0 level0_numfiles_with_compaction, 0 stop for pending_compaction_bytes, 0 slowdown for pending_compaction_bytes, 0 memtable_compaction, 0 memtable_slowdown, interval 0 total count

** File Read Latency Histogram By Level [usertable] **
2019/03/23-10:28:12.325352 7fe197fff700 (Original Log Time 2019/03/23-10:28:12.268546) [db/db_impl_compaction_flush.cc:1835] [usertable] Moving #11 to level-1 249660153 bytes
2019/03/23-10:28:12.325358 7fe197fff700 (Original Log Time 2019/03/23-10:28:12.325267) EVENT_LOG_v1 {"time_micros": 1553362092325248, "job": 4, "event": "trivial_move", "destination_level": 1, "files": 1, "total_files_size": 249660153}
2019/03/23-10:28:12.325362 7fe197fff700 (Original Log Time 2019/03/23-10:28:12.325284) [db/db_impl_compaction_flush.cc:1864] [usertable] Moved #1 files to level-1 249660153 bytes OK: base level 1 max bytes base 536870912 files[1 1 0 0 0 0 0] max score 0.50
2019/03/23-10:28:17.458195 7fe1ac6f7700 [db/db_impl_write.cc:1373] [usertable] New memtable created with log file: #15. Immutable memtables: 0.
2019/03/23-10:28:25.500602 7fe19c3f4700 [db/db_impl_write.cc:1373] [usertable] New memtable created with log file: #16. Immutable memtables: 1.
2019/03/23-10:28:25.500703 7fe196ffd700 [db/db_impl_compaction_flush.cc:80] [JOB 5] Syncing log #13
2019/03/23-10:28:27.061849 7fe196ffd700 [db/db_impl_compaction_flush.cc:80] [JOB 5] Syncing log #15
2019/03/23-10:28:27.764513 7fe196ffd700 (Original Log Time 2019/03/23-10:28:25.500682) [db/db_impl_compaction_flush.cc:1424] Calling FlushMemTableToOutputFile with column family [usertable], flush slots available 24, compaction slots available 1, flush slots scheduled 1, compaction slots scheduled 0
2019/03/23-10:28:27.764529 7fe196ffd700 [db/flush_job.cc:301] [usertable] [JOB 5] Flushing memtable with next log file: 15
2019/03/23-10:28:27.764538 7fe196ffd700 [db/flush_job.cc:301] [usertable] [JOB 5] Flushing memtable with next log file: 16
2019/03/23-10:28:27.764578 7fe196ffd700 EVENT_LOG_v1 {"time_micros": 1553362107764564, "job": 5, "event": "flush_started", "num_memtables": 2, "num_entries": 56905, "num_deletes": 0, "memory_usage": 239494424, "flush_reason": "Write Buffer Full"}
2019/03/23-10:28:27.764586 7fe196ffd700 [db/flush_job.cc:331] [usertable] [JOB 5] Level-0 flush table #17: started
2019/03/23-10:28:28.634080 7fe196ffd700 EVENT_LOG_v1 {"time_micros": 1553362108634029, "cf_name": "usertable", "job": 5, "event": "table_file_creation", "file_number": 17, "file_size": 235679075, "table_properties": {"data_size": 234625651, "index_size": 1052497, "filter_size": 0, "raw_key_size": 1365720, "raw_average_key_size": 24, "raw_value_size": 233082880, "raw_average_value_size": 4096, "num_data_blocks": 28453, "num_entries": 56905, "filter_policy_name": "", "kDeletedKeys": "0", "kMergeOperands": "0"}}
2019/03/23-10:28:28.634109 7fe196ffd700 [db/flush_job.cc:371] [usertable] [JOB 5] Level-0 flush table #17: 235679075 bytes OK
2019/03/23-10:28:28.665625 7fe196ffd700 (Original Log Time 2019/03/23-10:28:28.634129) [db/memtable_list.cc:377] [usertable] Level-0 commit table #17 started
2019/03/23-10:28:28.665629 7fe196ffd700 (Original Log Time 2019/03/23-10:28:28.665528) [db/memtable_list.cc:409] [usertable] Level-0 commit table #17: memtable #1 done
2019/03/23-10:28:28.665632 7fe196ffd700 (Original Log Time 2019/03/23-10:28:28.665534) [db/memtable_list.cc:409] [usertable] Level-0 commit table #17: memtable #2 done
2019/03/23-10:28:28.665633 7fe196ffd700 (Original Log Time 2019/03/23-10:28:28.665564) EVENT_LOG_v1 {"time_micros": 1553362108665550, "job": 5, "event": "flush_finished", "output_compression": "NoCompression", "lsm_state": [2, 1, 0, 0, 0, 0, 0], "immutable_memtables": 0}
2019/03/23-10:28:28.665635 7fe196ffd700 (Original Log Time 2019/03/23-10:28:28.665599) [db/db_impl_compaction_flush.cc:177] [usertable] Level summary: base level 1 max bytes base 536870912 files[2 1 0 0 0 0 0] max score 1.00
