2019/03/23-12:27:33.116462 7f98251e6700 RocksDB version: 5.14.3
2019/03/23-12:27:33.116509 7f98251e6700 Git sha rocksdb_build_git_sha:
2019/03/23-12:27:33.116512 7f98251e6700 Compile date Oct  9 2018
2019/03/23-12:27:33.116520 7f98251e6700 DB SUMMARY
2019/03/23-12:27:33.116546 7f98251e6700 SST files in /mnt/sdh/ycsb-rocksdb-data dir, Total Num: 0, files: 
2019/03/23-12:27:33.116550 7f98251e6700 Write Ahead Log file in /mnt/sdh/ycsb-rocksdb-data: 
2019/03/23-12:27:33.116553 7f98251e6700                         Options.error_if_exists: 0
2019/03/23-12:27:33.116554 7f98251e6700                       Options.create_if_missing: 1
2019/03/23-12:27:33.116555 7f98251e6700                         Options.paranoid_checks: 1
2019/03/23-12:27:33.116556 7f98251e6700                                     Options.env: 0x7f97dcffa080
2019/03/23-12:27:33.116557 7f98251e6700                                Options.info_log: 0x7f97c0404d80
2019/03/23-12:27:33.116558 7f98251e6700                Options.max_file_opening_threads: 16
2019/03/23-12:27:33.116559 7f98251e6700                              Options.statistics: (nil)
2019/03/23-12:27:33.116560 7f98251e6700                               Options.use_fsync: 0
2019/03/23-12:27:33.116561 7f98251e6700                       Options.max_log_file_size: 0
2019/03/23-12:27:33.116562 7f98251e6700                  Options.max_manifest_file_size: 18446744073709551615
2019/03/23-12:27:33.116563 7f98251e6700                   Options.log_file_time_to_roll: 0
2019/03/23-12:27:33.116564 7f98251e6700                       Options.keep_log_file_num: 1000
2019/03/23-12:27:33.116565 7f98251e6700                    Options.recycle_log_file_num: 0
2019/03/23-12:27:33.116565 7f98251e6700                         Options.allow_fallocate: 1
2019/03/23-12:27:33.116566 7f98251e6700                        Options.allow_mmap_reads: 0
2019/03/23-12:27:33.116567 7f98251e6700                       Options.allow_mmap_writes: 0
2019/03/23-12:27:33.116568 7f98251e6700                        Options.use_direct_reads: 0
2019/03/23-12:27:33.116569 7f98251e6700                        Options.use_direct_io_for_flush_and_compaction: 0
2019/03/23-12:27:33.116570 7f98251e6700          Options.create_missing_column_families: 1
2019/03/23-12:27:33.116571 7f98251e6700                              Options.db_log_dir: 
2019/03/23-12:27:33.116572 7f98251e6700                                 Options.wal_dir: /mnt/sdh/ycsb-rocksdb-data
2019/03/23-12:27:33.116573 7f98251e6700                Options.table_cache_numshardbits: 6
2019/03/23-12:27:33.116574 7f98251e6700                      Options.max_subcompactions: 4
2019/03/23-12:27:33.116574 7f98251e6700                  Options.max_background_flushes: 24
2019/03/23-12:27:33.116575 7f98251e6700                         Options.WAL_ttl_seconds: 0
2019/03/23-12:27:33.116576 7f98251e6700                       Options.WAL_size_limit_MB: 0
2019/03/23-12:27:33.116577 7f98251e6700             Options.manifest_preallocation_size: 4194304
2019/03/23-12:27:33.116578 7f98251e6700                     Options.is_fd_close_on_exec: 1
2019/03/23-12:27:33.116579 7f98251e6700                   Options.advise_random_on_open: 1
2019/03/23-12:27:33.116580 7f98251e6700                    Options.db_write_buffer_size: 0
2019/03/23-12:27:33.116581 7f98251e6700                    Options.write_buffer_manager: 0x7f97c03f8ac0
2019/03/23-12:27:33.116582 7f98251e6700         Options.access_hint_on_compaction_start: 1
2019/03/23-12:27:33.116582 7f98251e6700  Options.new_table_reader_for_compaction_inputs: 0
2019/03/23-12:27:33.116583 7f98251e6700           Options.random_access_max_buffer_size: 1048576
2019/03/23-12:27:33.116584 7f98251e6700                      Options.use_adaptive_mutex: 0
2019/03/23-12:27:33.116585 7f98251e6700                            Options.rate_limiter: (nil)
2019/03/23-12:27:33.116586 7f98251e6700     Options.sst_file_manager.rate_bytes_per_sec: 0
2019/03/23-12:27:33.116587 7f98251e6700                       Options.wal_recovery_mode: 2
2019/03/23-12:27:33.116588 7f98251e6700                  Options.enable_thread_tracking: 0
2019/03/23-12:27:33.116589 7f98251e6700                  Options.enable_pipelined_write: 1
2019/03/23-12:27:33.116599 7f98251e6700         Options.allow_concurrent_memtable_write: 1
2019/03/23-12:27:33.116600 7f98251e6700      Options.enable_write_thread_adaptive_yield: 1
2019/03/23-12:27:33.116601 7f98251e6700             Options.write_thread_max_yield_usec: 100
2019/03/23-12:27:33.116602 7f98251e6700            Options.write_thread_slow_yield_usec: 3
2019/03/23-12:27:33.116603 7f98251e6700                               Options.row_cache: None
2019/03/23-12:27:33.116604 7f98251e6700                              Options.wal_filter: None
2019/03/23-12:27:33.116605 7f98251e6700             Options.avoid_flush_during_recovery: 0
2019/03/23-12:27:33.116606 7f98251e6700             Options.allow_ingest_behind: 0
2019/03/23-12:27:33.116607 7f98251e6700             Options.preserve_deletes: 0
2019/03/23-12:27:33.116608 7f98251e6700             Options.two_write_queues: 0
2019/03/23-12:27:33.116608 7f98251e6700             Options.manual_wal_flush: 0
2019/03/23-12:27:33.116610 7f98251e6700             Options.max_background_jobs: 24
2019/03/23-12:27:33.116611 7f98251e6700             Options.max_background_compactions: 24
2019/03/23-12:27:33.116612 7f98251e6700             Options.avoid_flush_during_shutdown: 0
2019/03/23-12:27:33.116613 7f98251e6700           Options.writable_file_max_buffer_size: 1048576
2019/03/23-12:27:33.116614 7f98251e6700             Options.delayed_write_rate : 16777216
2019/03/23-12:27:33.116615 7f98251e6700             Options.max_total_wal_size: 0
2019/03/23-12:27:33.116616 7f98251e6700             Options.delete_obsolete_files_period_micros: 21600000000
2019/03/23-12:27:33.116617 7f98251e6700                   Options.stats_dump_period_sec: 60
2019/03/23-12:27:33.116618 7f98251e6700                          Options.max_open_files: -1
2019/03/23-12:27:33.116619 7f98251e6700                          Options.bytes_per_sync: 1048576
2019/03/23-12:27:33.116620 7f98251e6700                      Options.wal_bytes_per_sync: 0
2019/03/23-12:27:33.116621 7f98251e6700       Options.compaction_readahead_size: 0
2019/03/23-12:27:33.116622 7f98251e6700 Compression algorithms supported:
2019/03/23-12:27:33.116623 7f98251e6700 	kZSTDNotFinalCompression supported: 1
2019/03/23-12:27:33.116629 7f98251e6700 	kZSTD supported: 1
2019/03/23-12:27:33.116631 7f98251e6700 	kXpressCompression supported: 0
2019/03/23-12:27:33.116632 7f98251e6700 	kLZ4HCCompression supported: 1
2019/03/23-12:27:33.116633 7f98251e6700 	kLZ4Compression supported: 1
2019/03/23-12:27:33.116634 7f98251e6700 	kBZip2Compression supported: 1
2019/03/23-12:27:33.116635 7f98251e6700 	kZlibCompression supported: 1
2019/03/23-12:27:33.116636 7f98251e6700 	kSnappyCompression supported: 1
2019/03/23-12:27:33.116639 7f98251e6700 Fast CRC32 supported: Not supported on x86
2019/03/23-12:27:33.116707 7f98251e6700 [db/db_impl_open.cc:222] Creating manifest 1 
2019/03/23-12:27:33.214562 7f98251e6700 [db/version_set.cc:3085] Recovering from manifest file: MANIFEST-000001
2019/03/23-12:27:33.214664 7f98251e6700 [db/column_family.cc:475] --------------- Options for column family [default]:
2019/03/23-12:27:33.214668 7f98251e6700               Options.comparator: leveldb.BytewiseComparator
2019/03/23-12:27:33.214670 7f98251e6700           Options.merge_operator: None
2019/03/23-12:27:33.214671 7f98251e6700        Options.compaction_filter: None
2019/03/23-12:27:33.214672 7f98251e6700        Options.compaction_filter_factory: None
2019/03/23-12:27:33.214673 7f98251e6700         Options.memtable_factory: SkipListFactory
2019/03/23-12:27:33.214674 7f98251e6700            Options.table_factory: BlockBasedTable
2019/03/23-12:27:33.214702 7f98251e6700            table_factory options:   flush_block_policy_factory: FlushBlockBySizePolicyFactory (0x7f97c03f9da0)
  cache_index_and_filter_blocks: 0
  cache_index_and_filter_blocks_with_high_priority: 0
  pin_l0_filter_and_index_blocks_in_cache: 0
  index_type: 0
  hash_index_allow_collision: 1
  checksum: 1
  no_block_cache: 0
  block_cache: 0x7f97c03ee360
  block_cache_name: LRUCache
  block_cache_options:
    capacity : 8388608
    num_shard_bits : 4
    strict_capacity_limit : 0
    high_pri_pool_ratio: 0.000
  block_cache_compressed: (nil)
  persistent_cache: (nil)
  block_size: 8192
  block_size_deviation: 10
  block_restart_interval: 16
  index_block_restart_interval: 1
  metadata_block_size: 4096
  partition_filters: 0
  use_delta_encoding: 1
  filter_policy: nullptr
  whole_key_filtering: 1
  verify_compression: 0
  read_amp_bytes_per_bit: 0
  format_version: 2
  enable_index_compression: 1
  block_align: 0
2019/03/23-12:27:33.214719 7f98251e6700        Options.write_buffer_size: 134217728
2019/03/23-12:27:33.214721 7f98251e6700  Options.max_write_buffer_number: 24
2019/03/23-12:27:33.214723 7f98251e6700        Options.compression[0]: NoCompression
2019/03/23-12:27:33.214724 7f98251e6700        Options.compression[1]: NoCompression
2019/03/23-12:27:33.214725 7f98251e6700        Options.compression[2]: LZ4
2019/03/23-12:27:33.214726 7f98251e6700        Options.compression[3]: LZ4
2019/03/23-12:27:33.214727 7f98251e6700        Options.compression[4]: LZ4
2019/03/23-12:27:33.214729 7f98251e6700        Options.compression[5]: LZ4
2019/03/23-12:27:33.214730 7f98251e6700        Options.compression[6]: LZ4
2019/03/23-12:27:33.214731 7f98251e6700                  Options.bottommost_compression: Disabled
2019/03/23-12:27:33.214732 7f98251e6700       Options.prefix_extractor: nullptr
2019/03/23-12:27:33.214733 7f98251e6700   Options.memtable_insert_with_hint_prefix_extractor: nullptr
2019/03/23-12:27:33.214734 7f98251e6700             Options.num_levels: 7
2019/03/23-12:27:33.214735 7f98251e6700        Options.min_write_buffer_number_to_merge: 2
2019/03/23-12:27:33.214735 7f98251e6700     Options.max_write_buffer_number_to_maintain: 0
2019/03/23-12:27:33.214736 7f98251e6700            Options.compression_opts.window_bits: -14
2019/03/23-12:27:33.214737 7f98251e6700                  Options.compression_opts.level: -1
2019/03/23-12:27:33.214738 7f98251e6700               Options.compression_opts.strategy: 0
2019/03/23-12:27:33.214739 7f98251e6700         Options.compression_opts.max_dict_bytes: 0
2019/03/23-12:27:33.214740 7f98251e6700         Options.compression_opts.zstd_max_train_bytes: 0
2019/03/23-12:27:33.214741 7f98251e6700      Options.level0_file_num_compaction_trigger: 2
2019/03/23-12:27:33.214742 7f98251e6700          Options.level0_slowdown_writes_trigger: 20
2019/03/23-12:27:33.214742 7f98251e6700              Options.level0_stop_writes_trigger: 36
2019/03/23-12:27:33.214743 7f98251e6700                   Options.target_file_size_base: 67108864
2019/03/23-12:27:33.214744 7f98251e6700             Options.target_file_size_multiplier: 1
2019/03/23-12:27:33.214745 7f98251e6700                Options.max_bytes_for_level_base: 536870912
2019/03/23-12:27:33.214746 7f98251e6700 Options.level_compaction_dynamic_level_bytes: 0
2019/03/23-12:27:33.214747 7f98251e6700          Options.max_bytes_for_level_multiplier: 10.000000
2019/03/23-12:27:33.214749 7f98251e6700 Options.max_bytes_for_level_multiplier_addtl[0]: 1
2019/03/23-12:27:33.214750 7f98251e6700 Options.max_bytes_for_level_multiplier_addtl[1]: 1
2019/03/23-12:27:33.214751 7f98251e6700 Options.max_bytes_for_level_multiplier_addtl[2]: 1
2019/03/23-12:27:33.214752 7f98251e6700 Options.max_bytes_for_level_multiplier_addtl[3]: 1
2019/03/23-12:27:33.214753 7f98251e6700 Options.max_bytes_for_level_multiplier_addtl[4]: 1
2019/03/23-12:27:33.214754 7f98251e6700 Options.max_bytes_for_level_multiplier_addtl[5]: 1
2019/03/23-12:27:33.214755 7f98251e6700 Options.max_bytes_for_level_multiplier_addtl[6]: 1
2019/03/23-12:27:33.214756 7f98251e6700       Options.max_sequential_skip_in_iterations: 8
2019/03/23-12:27:33.214756 7f98251e6700                    Options.max_compaction_bytes: 1677721600
2019/03/23-12:27:33.214757 7f98251e6700                        Options.arena_block_size: 16777216
2019/03/23-12:27:33.214758 7f98251e6700   Options.soft_pending_compaction_bytes_limit: 68719476736
2019/03/23-12:27:33.214759 7f98251e6700   Options.hard_pending_compaction_bytes_limit: 274877906944
2019/03/23-12:27:33.214767 7f98251e6700       Options.rate_limit_delay_max_milliseconds: 100
2019/03/23-12:27:33.214768 7f98251e6700                Options.disable_auto_compactions: 0
2019/03/23-12:27:33.214770 7f98251e6700                        Options.compaction_style: kCompactionStyleLevel
2019/03/23-12:27:33.214771 7f98251e6700                          Options.compaction_pri: kByCompensatedSize
2019/03/23-12:27:33.214772 7f98251e6700 Options.compaction_options_universal.size_ratio: 1
2019/03/23-12:27:33.214773 7f98251e6700 Options.compaction_options_universal.min_merge_width: 2
2019/03/23-12:27:33.214774 7f98251e6700 Options.compaction_options_universal.max_merge_width: 4294967295
2019/03/23-12:27:33.214775 7f98251e6700 Options.compaction_options_universal.max_size_amplification_percent: 200
2019/03/23-12:27:33.214776 7f98251e6700 Options.compaction_options_universal.compression_size_percent: -1
2019/03/23-12:27:33.214777 7f98251e6700 Options.compaction_options_universal.stop_style: kCompactionStopStyleTotalSize
2019/03/23-12:27:33.214778 7f98251e6700 Options.compaction_options_fifo.max_table_files_size: 1073741824
2019/03/23-12:27:33.214779 7f98251e6700 Options.compaction_options_fifo.allow_compaction: 0
2019/03/23-12:27:33.214779 7f98251e6700 Options.compaction_options_fifo.ttl: 0
2019/03/23-12:27:33.214780 7f98251e6700                   Options.table_properties_collectors: 
2019/03/23-12:27:33.214781 7f98251e6700                   Options.inplace_update_support: 0
2019/03/23-12:27:33.214782 7f98251e6700                 Options.inplace_update_num_locks: 10000
2019/03/23-12:27:33.214783 7f98251e6700               Options.memtable_prefix_bloom_size_ratio: 0.000000
2019/03/23-12:27:33.214785 7f98251e6700   Options.memtable_huge_page_size: 0
2019/03/23-12:27:33.214786 7f98251e6700                           Options.bloom_locality: 0
2019/03/23-12:27:33.214786 7f98251e6700                    Options.max_successive_merges: 0
2019/03/23-12:27:33.214787 7f98251e6700                Options.optimize_filters_for_hits: 0
2019/03/23-12:27:33.214788 7f98251e6700                Options.paranoid_file_checks: 0
2019/03/23-12:27:33.214789 7f98251e6700                Options.force_consistency_checks: 0
2019/03/23-12:27:33.214790 7f98251e6700                Options.report_bg_io_stats: 0
2019/03/23-12:27:33.214791 7f98251e6700                               Options.ttl: 0
2019/03/23-12:27:33.215461 7f98251e6700 [db/version_set.cc:3361] Recovered from manifest file:/mnt/sdh/ycsb-rocksdb-data/MANIFEST-000001 succeeded,manifest_file_number is 1, next_file_number is 3, last_sequence is 0, log_number is 0,prev_log_number is 0,max_column_family is 0,min_log_number_to_keep is 0
2019/03/23-12:27:33.215472 7f98251e6700 [db/version_set.cc:3369] Column family [default] (ID 0), log number is 0
2019/03/23-12:27:33.215756 7f98251e6700 [db/version_set.cc:2847] Creating manifest 4
2019/03/23-12:27:33.288234 7f98251e6700 [db/column_family.cc:475] --------------- Options for column family [usertable]:
2019/03/23-12:27:33.288244 7f98251e6700               Options.comparator: leveldb.BytewiseComparator
2019/03/23-12:27:33.288245 7f98251e6700           Options.merge_operator: None
2019/03/23-12:27:33.288247 7f98251e6700        Options.compaction_filter: None
2019/03/23-12:27:33.288248 7f98251e6700        Options.compaction_filter_factory: None
2019/03/23-12:27:33.288249 7f98251e6700         Options.memtable_factory: SkipListFactory
2019/03/23-12:27:33.288250 7f98251e6700            Options.table_factory: BlockBasedTable
2019/03/23-12:27:33.288283 7f98251e6700            table_factory options:   flush_block_policy_factory: FlushBlockBySizePolicyFactory (0x7f97c03fe9f0)
  cache_index_and_filter_blocks: 0
  cache_index_and_filter_blocks_with_high_priority: 0
  pin_l0_filter_and_index_blocks_in_cache: 0
  index_type: 0
  hash_index_allow_collision: 1
  checksum: 1
  no_block_cache: 0
  block_cache: 0x7f97c0404490
  block_cache_name: LRUCache
  block_cache_options:
    capacity : 8388608
    num_shard_bits : 4
    strict_capacity_limit : 0
    high_pri_pool_ratio: 0.000
  block_cache_compressed: (nil)
  persistent_cache: (nil)
  block_size: 8192
  block_size_deviation: 10
  block_restart_interval: 16
  index_block_restart_interval: 1
  metadata_block_size: 4096
  partition_filters: 0
  use_delta_encoding: 1
  filter_policy: nullptr
  whole_key_filtering: 1
  verify_compression: 0
  read_amp_bytes_per_bit: 0
  format_version: 2
  enable_index_compression: 1
  block_align: 0
2019/03/23-12:27:33.288286 7f98251e6700        Options.write_buffer_size: 134217728
2019/03/23-12:27:33.288287 7f98251e6700  Options.max_write_buffer_number: 24
2019/03/23-12:27:33.288288 7f98251e6700        Options.compression[0]: NoCompression
2019/03/23-12:27:33.288290 7f98251e6700        Options.compression[1]: NoCompression
2019/03/23-12:27:33.288291 7f98251e6700        Options.compression[2]: LZ4
2019/03/23-12:27:33.288292 7f98251e6700        Options.compression[3]: LZ4
2019/03/23-12:27:33.288293 7f98251e6700        Options.compression[4]: LZ4
2019/03/23-12:27:33.288294 7f98251e6700        Options.compression[5]: LZ4
2019/03/23-12:27:33.288295 7f98251e6700        Options.compression[6]: LZ4
2019/03/23-12:27:33.288296 7f98251e6700                  Options.bottommost_compression: Disabled
2019/03/23-12:27:33.288297 7f98251e6700       Options.prefix_extractor: nullptr
2019/03/23-12:27:33.288298 7f98251e6700   Options.memtable_insert_with_hint_prefix_extractor: nullptr
2019/03/23-12:27:33.288299 7f98251e6700             Options.num_levels: 7
2019/03/23-12:27:33.288300 7f98251e6700        Options.min_write_buffer_number_to_merge: 2
2019/03/23-12:27:33.288301 7f98251e6700     Options.max_write_buffer_number_to_maintain: 0
2019/03/23-12:27:33.288302 7f98251e6700            Options.compression_opts.window_bits: -14
2019/03/23-12:27:33.288303 7f98251e6700                  Options.compression_opts.level: -1
2019/03/23-12:27:33.288304 7f98251e6700               Options.compression_opts.strategy: 0
2019/03/23-12:27:33.288305 7f98251e6700         Options.compression_opts.max_dict_bytes: 0
2019/03/23-12:27:33.288305 7f98251e6700         Options.compression_opts.zstd_max_train_bytes: 0
2019/03/23-12:27:33.288306 7f98251e6700      Options.level0_file_num_compaction_trigger: 2
2019/03/23-12:27:33.288307 7f98251e6700          Options.level0_slowdown_writes_trigger: 20
2019/03/23-12:27:33.288308 7f98251e6700              Options.level0_stop_writes_trigger: 36
2019/03/23-12:27:33.288309 7f98251e6700                   Options.target_file_size_base: 67108864
2019/03/23-12:27:33.288310 7f98251e6700             Options.target_file_size_multiplier: 1
2019/03/23-12:27:33.288311 7f98251e6700                Options.max_bytes_for_level_base: 536870912
2019/03/23-12:27:33.288312 7f98251e6700 Options.level_compaction_dynamic_level_bytes: 0
2019/03/23-12:27:33.288313 7f98251e6700          Options.max_bytes_for_level_multiplier: 10.000000
2019/03/23-12:27:33.288317 7f98251e6700 Options.max_bytes_for_level_multiplier_addtl[0]: 1
2019/03/23-12:27:33.288329 7f98251e6700 Options.max_bytes_for_level_multiplier_addtl[1]: 1
2019/03/23-12:27:33.288330 7f98251e6700 Options.max_bytes_for_level_multiplier_addtl[2]: 1
2019/03/23-12:27:33.288331 7f98251e6700 Options.max_bytes_for_level_multiplier_addtl[3]: 1
2019/03/23-12:27:33.288332 7f98251e6700 Options.max_bytes_for_level_multiplier_addtl[4]: 1
2019/03/23-12:27:33.288333 7f98251e6700 Options.max_bytes_for_level_multiplier_addtl[5]: 1
2019/03/23-12:27:33.288334 7f98251e6700 Options.max_bytes_for_level_multiplier_addtl[6]: 1
2019/03/23-12:27:33.288335 7f98251e6700       Options.max_sequential_skip_in_iterations: 8
2019/03/23-12:27:33.288336 7f98251e6700                    Options.max_compaction_bytes: 1677721600
2019/03/23-12:27:33.288337 7f98251e6700                        Options.arena_block_size: 16777216
2019/03/23-12:27:33.288337 7f98251e6700   Options.soft_pending_compaction_bytes_limit: 68719476736
2019/03/23-12:27:33.288338 7f98251e6700   Options.hard_pending_compaction_bytes_limit: 274877906944
2019/03/23-12:27:33.288339 7f98251e6700       Options.rate_limit_delay_max_milliseconds: 100
2019/03/23-12:27:33.288341 7f98251e6700                Options.disable_auto_compactions: 0
2019/03/23-12:27:33.288343 7f98251e6700                        Options.compaction_style: kCompactionStyleLevel
2019/03/23-12:27:33.288344 7f98251e6700                          Options.compaction_pri: kByCompensatedSize
2019/03/23-12:27:33.288345 7f98251e6700 Options.compaction_options_universal.size_ratio: 1
2019/03/23-12:27:33.288346 7f98251e6700 Options.compaction_options_universal.min_merge_width: 2
2019/03/23-12:27:33.288347 7f98251e6700 Options.compaction_options_universal.max_merge_width: 4294967295
2019/03/23-12:27:33.288348 7f98251e6700 Options.compaction_options_universal.max_size_amplification_percent: 200
2019/03/23-12:27:33.288349 7f98251e6700 Options.compaction_options_universal.compression_size_percent: -1
2019/03/23-12:27:33.288350 7f98251e6700 Options.compaction_options_universal.stop_style: kCompactionStopStyleTotalSize
2019/03/23-12:27:33.288351 7f98251e6700 Options.compaction_options_fifo.max_table_files_size: 1073741824
2019/03/23-12:27:33.288352 7f98251e6700 Options.compaction_options_fifo.allow_compaction: 0
2019/03/23-12:27:33.288353 7f98251e6700 Options.compaction_options_fifo.ttl: 0
2019/03/23-12:27:33.288354 7f98251e6700                   Options.table_properties_collectors: 
2019/03/23-12:27:33.288355 7f98251e6700                   Options.inplace_update_support: 0
2019/03/23-12:27:33.288356 7f98251e6700                 Options.inplace_update_num_locks: 10000
2019/03/23-12:27:33.288357 7f98251e6700               Options.memtable_prefix_bloom_size_ratio: 0.000000
2019/03/23-12:27:33.288358 7f98251e6700   Options.memtable_huge_page_size: 0
2019/03/23-12:27:33.288359 7f98251e6700                           Options.bloom_locality: 0
2019/03/23-12:27:33.288360 7f98251e6700                    Options.max_successive_merges: 0
2019/03/23-12:27:33.288361 7f98251e6700                Options.optimize_filters_for_hits: 0
2019/03/23-12:27:33.288362 7f98251e6700                Options.paranoid_file_checks: 0
2019/03/23-12:27:33.288362 7f98251e6700                Options.force_consistency_checks: 0
2019/03/23-12:27:33.288363 7f98251e6700                Options.report_bg_io_stats: 0
2019/03/23-12:27:33.288364 7f98251e6700                               Options.ttl: 0
2019/03/23-12:27:33.288453 7f98251e6700 [db/db_impl.cc:1396] Created column family [usertable] (ID 1)
2019/03/23-12:27:33.364893 7f98251e6700 [db/db_impl_open.cc:1219] DB pointer 0x7f97c03f0250
2019/03/23-12:27:41.942941 7f97dc6ff700 [db/db_impl_write.cc:1373] [usertable] New memtable created with log file: #9. Immutable memtables: 0.
2019/03/23-12:27:50.655329 7f97b04f5700 [db/db_impl_write.cc:1373] [usertable] New memtable created with log file: #10. Immutable memtables: 1.
2019/03/23-12:27:50.655544 7f97577fe700 [db/db_impl_compaction_flush.cc:80] [JOB 2] Syncing log #3
2019/03/23-12:27:50.899124 7f97577fe700 [db/db_impl_compaction_flush.cc:80] [JOB 2] Syncing log #9
2019/03/23-12:27:51.412651 7f97577fe700 (Original Log Time 2019/03/23-12:27:50.655485) [db/db_impl_compaction_flush.cc:1424] Calling FlushMemTableToOutputFile with column family [usertable], flush slots available 24, compaction slots available 1, flush slots scheduled 1, compaction slots scheduled 0
2019/03/23-12:27:51.412664 7f97577fe700 [db/flush_job.cc:301] [usertable] [JOB 2] Flushing memtable with next log file: 9
2019/03/23-12:27:51.412676 7f97577fe700 [db/flush_job.cc:301] [usertable] [JOB 2] Flushing memtable with next log file: 10
2019/03/23-12:27:51.412723 7f97577fe700 EVENT_LOG_v1 {"time_micros": 1553369271412703, "job": 2, "event": "flush_started", "num_memtables": 2, "num_entries": 60475, "num_deletes": 0, "memory_usage": 250689848, "flush_reason": "Write Buffer Full"}
2019/03/23-12:27:51.412732 7f97577fe700 [db/flush_job.cc:331] [usertable] [JOB 2] Level-0 flush table #11: started
2019/03/23-12:27:52.864400 7f97577fe700 EVENT_LOG_v1 {"time_micros": 1553369272864372, "cf_name": "usertable", "job": 2, "event": "table_file_creation", "file_number": 11, "file_size": 250451191, "table_properties": {"data_size": 249338439, "index_size": 1111825, "filter_size": 0, "raw_key_size": 1451400, "raw_average_key_size": 24, "raw_value_size": 247705600, "raw_average_value_size": 4096, "num_data_blocks": 30238, "num_entries": 60475, "filter_policy_name": "", "kDeletedKeys": "0", "kMergeOperands": "0"}}
2019/03/23-12:27:52.864436 7f97577fe700 [db/flush_job.cc:371] [usertable] [JOB 2] Level-0 flush table #11: 250451191 bytes OK
2019/03/23-12:27:52.923529 7f97577fe700 (Original Log Time 2019/03/23-12:27:52.864457) [db/memtable_list.cc:377] [usertable] Level-0 commit table #11 started
2019/03/23-12:27:52.923536 7f97577fe700 (Original Log Time 2019/03/23-12:27:52.923380) [db/memtable_list.cc:409] [usertable] Level-0 commit table #11: memtable #1 done
2019/03/23-12:27:52.923539 7f97577fe700 (Original Log Time 2019/03/23-12:27:52.923407) [db/memtable_list.cc:409] [usertable] Level-0 commit table #11: memtable #2 done
2019/03/23-12:27:52.923542 7f97577fe700 (Original Log Time 2019/03/23-12:27:52.923447) EVENT_LOG_v1 {"time_micros": 1553369272923430, "job": 2, "event": "flush_finished", "output_compression": "NoCompression", "lsm_state": [1, 0, 0, 0, 0, 0, 0], "immutable_memtables": 0}
2019/03/23-12:27:52.923545 7f97577fe700 (Original Log Time 2019/03/23-12:27:52.923481) [db/db_impl_compaction_flush.cc:177] [usertable] Level summary: base level 1 max bytes base 536870912 files[1 0 0 0 0 0 0] max score 0.50
2019/03/23-12:27:52.923562 7f97577fe700 [db/db_impl_files.cc:347] [JOB 2] Try to delete WAL files size 249692695, prev total WAL file size 282496904, number of live WAL files 3.
2019/03/23-12:27:59.301532 7f97b06f7700 [db/db_impl_write.cc:1373] [usertable] New memtable created with log file: #12. Immutable memtables: 0.
2019/03/23-12:28:07.954945 7f97b06f7700 [db/db_impl_write.cc:1373] [usertable] New memtable created with log file: #13. Immutable memtables: 1.
2019/03/23-12:28:07.955056 7f9756ffd700 [db/db_impl_compaction_flush.cc:80] [JOB 3] Syncing log #10
2019/03/23-12:28:08.632243 7f9756ffd700 [db/db_impl_compaction_flush.cc:80] [JOB 3] Syncing log #12
2019/03/23-12:28:08.940586 7f9756ffd700 (Original Log Time 2019/03/23-12:28:07.955035) [db/db_impl_compaction_flush.cc:1424] Calling FlushMemTableToOutputFile with column family [usertable], flush slots available 24, compaction slots available 1, flush slots scheduled 1, compaction slots scheduled 0
2019/03/23-12:28:08.940596 7f9756ffd700 [db/flush_job.cc:301] [usertable] [JOB 3] Flushing memtable with next log file: 12
2019/03/23-12:28:08.940602 7f9756ffd700 [db/flush_job.cc:301] [usertable] [JOB 3] Flushing memtable with next log file: 13
2019/03/23-12:28:08.940633 7f9756ffd700 EVENT_LOG_v1 {"time_micros": 1553369288940622, "job": 3, "event": "flush_started", "num_memtables": 2, "num_entries": 60556, "num_deletes": 0, "memory_usage": 250956816, "flush_reason": "Write Buffer Full"}
2019/03/23-12:28:08.940639 7f9756ffd700 [db/flush_job.cc:331] [usertable] [JOB 3] Level-0 flush table #14: started
2019/03/23-12:28:09.860024 7f9756ffd700 EVENT_LOG_v1 {"time_micros": 1553369289860000, "cf_name": "usertable", "job": 3, "event": "table_file_creation", "file_number": 14, "file_size": 250800067, "table_properties": {"data_size": 249679118, "index_size": 1120022, "filter_size": 0, "raw_key_size": 1453344, "raw_average_key_size": 24, "raw_value_size": 248037376, "raw_average_value_size": 4096, "num_data_blocks": 30278, "num_entries": 60556, "filter_policy_name": "", "kDeletedKeys": "0", "kMergeOperands": "0"}}
2019/03/23-12:28:09.860047 7f9756ffd700 [db/flush_job.cc:371] [usertable] [JOB 3] Level-0 flush table #14: 250800067 bytes OK
2019/03/23-12:28:09.890169 7f9756ffd700 (Original Log Time 2019/03/23-12:28:09.860061) [db/memtable_list.cc:377] [usertable] Level-0 commit table #14 started
2019/03/23-12:28:09.890172 7f9756ffd700 (Original Log Time 2019/03/23-12:28:09.890105) [db/memtable_list.cc:409] [usertable] Level-0 commit table #14: memtable #1 done
2019/03/23-12:28:09.890174 7f9756ffd700 (Original Log Time 2019/03/23-12:28:09.890107) [db/memtable_list.cc:409] [usertable] Level-0 commit table #14: memtable #2 done
2019/03/23-12:28:09.890176 7f9756ffd700 (Original Log Time 2019/03/23-12:28:09.890123) EVENT_LOG_v1 {"time_micros": 1553369289890114, "job": 3, "event": "flush_finished", "output_compression": "NoCompression", "lsm_state": [2, 0, 0, 0, 0, 0, 0], "immutable_memtables": 0}
2019/03/23-12:28:09.890177 7f9756ffd700 (Original Log Time 2019/03/23-12:28:09.890151) [db/db_impl_compaction_flush.cc:177] [usertable] Level summary: base level 1 max bytes base 536870912 files[2 0 0 0 0 0 0] max score 1.00
2019/03/23-12:28:09.890185 7f9756ffd700 [db/db_impl_files.cc:347] [JOB 3] Try to delete WAL files size 250031512, prev total WAL file size 277976140, number of live WAL files 3.
2019/03/23-12:28:09.890392 7f97bb7fe700 [WARN] [db/db_impl.cc:491] ------- DUMPING STATS -------
2019/03/23-12:28:09.892463 7f97bb7fe700 [WARN] [db/db_impl.cc:492] 
** DB Stats **
Uptime(secs): 36.7 total, 36.7 interval
Cumulative writes: 127K writes, 127K keys, 126K commit groups, 1.0 writes per commit group, ingest: 0.49 GB, 13.72 MB/s
Cumulative WAL: 127K writes, 0 syncs, 127799.00 writes per sync, written: 0.49 GB, 13.72 MB/s
Cumulative stall: 00:00:0.000 H:M:S, 0.0 percent
Interval writes: 127K writes, 127K keys, 126K commit groups, 1.0 writes per commit group, ingest: 503.23 MB, 13.72 MB/s
Interval WAL: 127K writes, 0 syncs, 127799.00 writes per sync, written: 0.49 MB, 13.72 MB/s
Interval stall: 00:00:0.000 H:M:S, 0.0 percent

** Compaction Stats [default] **
Level    Files   Size     Score Read(GB)  Rn(GB) Rnp1(GB) Write(GB) Wnew(GB) Moved(GB) W-Amp Rd(MB/s) Wr(MB/s) Comp(sec) Comp(cnt) Avg(sec) KeyIn KeyDrop
----------------------------------------------------------------------------------------------------------------------------------------------------------
 Sum      0/0    0.00 KB   0.0      0.0     0.0      0.0       0.0      0.0       0.0   0.0      0.0      0.0         0         0    0.000       0      0
 Int      0/0    0.00 KB   0.0      0.0     0.0      0.0       0.0      0.0       0.0   0.0      0.0      0.0         0         0    0.000       0      0
Uptime(secs): 36.7 total, 36.7 interval
Flush(GB): cumulative 0.000, interval 0.000
AddFile(GB): cumulative 0.000, interval 0.000
AddFile(Total Files): cumulative 0, interval 0
AddFile(L0 Files): cumulative 0, interval 0
AddFile(Keys): cumulative 0, interval 0
Cumulative compaction: 0.00 GB write, 0.00 MB/s write, 0.00 GB read, 0.00 MB/s read, 0.0 seconds
Interval compaction: 0.00 GB write, 0.00 MB/s write, 0.00 GB read, 0.00 MB/s read, 0.0 seconds
Stalls(count): 0 level0_slowdown, 0 level0_slowdown_with_compaction, 0 level0_numfiles, 0 level0_numfiles_with_compaction, 0 stop for pending_compaction_bytes, 0 slowdown for pending_compaction_bytes, 0 memtable_compaction, 0 memtable_slowdown, interval 0 total count

** File Read Latency Histogram By Level [default] **

** Compaction Stats [usertable] **
Level    Files   Size     Score Read(GB)  Rn(GB) Rnp1(GB) Write(GB) Wnew(GB) Moved(GB) W-Amp Rd(MB/s) Wr(MB/s) Comp(sec) Comp(cnt) Avg(sec) KeyIn KeyDrop
----------------------------------------------------------------------------------------------------------------------------------------------------------
  L0      2/0   478.03 MB   1.0      0.0     0.0      0.0       0.5      0.5       0.0   1.0      0.0    201.6         2         2    1.186       0      0
 Sum      2/0   478.03 MB   0.0      0.0     0.0      0.0       0.5      0.5       0.0   1.0      0.0    201.6         2         2    1.186       0      0
 Int      0/0    0.00 KB   0.0      0.0     0.0      0.0       0.5      0.5       0.0   1.0      0.0    201.6         2         2    1.186       0      0
Uptime(secs): 36.6 total, 36.6 interval
Flush(GB): cumulative 0.467, interval 0.467
AddFile(GB): cumulative 0.000, interval 0.000
AddFile(Total Files): cumulative 0, interval 0
AddFile(L0 Files): cumulative 0, interval 0
AddFile(Keys): cumulative 0, interval 0
Cumulative compaction: 0.47 GB write, 13.06 MB/s write, 0.00 GB read, 0.00 MB/s read, 2.4 seconds
Interval compaction: 0.47 GB write, 13.06 MB/s write, 0.00 GB read, 0.00 MB/s read, 2.4 seconds
Stalls(count): 0 level0_slowdown, 0 level0_slowdown_with_compaction, 0 level0_numfiles, 0 level0_numfiles_with_compaction, 0 stop for pending_compaction_bytes, 0 slowdown for pending_compaction_bytes, 0 memtable_compaction, 0 memtable_slowdown, interval 0 total count

** File Read Latency Histogram By Level [usertable] **

** Compaction Stats [default] **
Level    Files   Size     Score Read(GB)  Rn(GB) Rnp1(GB) Write(GB) Wnew(GB) Moved(GB) W-Amp Rd(MB/s) Wr(MB/s) Comp(sec) Comp(cnt) Avg(sec) KeyIn KeyDrop
----------------------------------------------------------------------------------------------------------------------------------------------------------
 Sum      0/0    0.00 KB   0.0      0.0     0.0      0.0       0.0      0.0       0.0   0.0      0.0      0.0         0         0    0.000       0      0
 Int      0/0    0.00 KB   0.0      0.0     0.0      0.0       0.0      0.0       0.0   0.0      0.0      0.0         0         0    0.000       0      0
Uptime(secs): 36.7 total, 0.0 interval
Flush(GB): cumulative 0.000, interval 0.000
AddFile(GB): cumulative 0.000, interval 0.000
AddFile(Total Files): cumulative 0, interval 0
AddFile(L0 Files): cumulative 0, interval 0
AddFile(Keys): cumulative 0, interval 0
Cumulative compaction: 0.00 GB write, 0.00 MB/s write, 0.00 GB read, 0.00 MB/s read, 0.0 seconds
Interval compaction: 0.00 GB write, 0.00 MB/s write, 0.00 GB read, 0.00 MB/s read, 0.0 seconds
Stalls(count): 0 level0_slowdown, 0 level0_slowdown_with_compaction, 0 level0_numfiles, 0 level0_numfiles_with_compaction, 0 stop for pending_compaction_bytes, 0 slowdown for pending_compaction_bytes, 0 memtable_compaction, 0 memtable_slowdown, interval 0 total count

** File Read Latency Histogram By Level [default] **

** Compaction Stats [usertable] **
Level    Files   Size     Score Read(GB)  Rn(GB) Rnp1(GB) Write(GB) Wnew(GB) Moved(GB) W-Amp Rd(MB/s) Wr(MB/s) Comp(sec) Comp(cnt) Avg(sec) KeyIn KeyDrop
----------------------------------------------------------------------------------------------------------------------------------------------------------
  L0      2/0   478.03 MB   1.0      0.0     0.0      0.0       0.5      0.5       0.0   1.0      0.0    201.6         2         2    1.186       0      0
 Sum      2/0   478.03 MB   0.0      0.0     0.0      0.0       0.5      0.5       0.0   1.0      0.0    201.6         2         2    1.186       0      0
 Int      0/0    0.00 KB   0.0      0.0     0.0      0.0       0.0      0.0       0.0   0.0      0.0      0.0         0         0    0.000       0      0
Uptime(secs): 36.6 total, 0.0 interval
Flush(GB): cumulative 0.467, interval 0.000
AddFile(GB): cumulative 0.000, interval 0.000
AddFile(Total Files): cumulative 0, interval 0
AddFile(L0 Files): cumulative 0, interval 0
AddFile(Keys): cumulative 0, interval 0
Cumulative compaction: 0.47 GB write, 13.06 MB/s write, 0.00 GB read, 0.00 MB/s read, 2.4 seconds
Interval compaction: 0.00 GB write, 0.00 MB/s write, 0.00 GB read, 0.00 MB/s read, 0.0 seconds
Stalls(count): 0 level0_slowdown, 0 level0_slowdown_with_compaction, 0 level0_numfiles, 0 level0_numfiles_with_compaction, 0 stop for pending_compaction_bytes, 0 slowdown for pending_compaction_bytes, 0 memtable_compaction, 0 memtable_slowdown, interval 0 total count

** File Read Latency Histogram By Level [usertable] **
2019/03/23-12:28:09.926763 7f97bb7fe700 (Original Log Time 2019/03/23-12:28:09.896874) [db/db_impl_compaction_flush.cc:1835] [usertable] Moving #14 to level-1 250800067 bytes
2019/03/23-12:28:09.926767 7f97bb7fe700 (Original Log Time 2019/03/23-12:28:09.926708) EVENT_LOG_v1 {"time_micros": 1553369289926693, "job": 4, "event": "trivial_move", "destination_level": 1, "files": 1, "total_files_size": 250800067}
2019/03/23-12:28:09.926769 7f97bb7fe700 (Original Log Time 2019/03/23-12:28:09.926723) [db/db_impl_compaction_flush.cc:1864] [usertable] Moved #1 files to level-1 250800067 bytes OK: base level 1 max bytes base 536870912 files[1 1 0 0 0 0 0] max score 0.50
2019/03/23-12:28:16.362262 7f97dc5fe700 [db/db_impl_write.cc:1373] [usertable] New memtable created with log file: #15. Immutable memtables: 0.
2019/03/23-12:28:24.511766 7f97782f3700 [db/db_impl_write.cc:1373] [usertable] New memtable created with log file: #16. Immutable memtables: 1.
2019/03/23-12:28:24.511868 7f97567fc700 [db/db_impl_compaction_flush.cc:80] [JOB 5] Syncing log #13
2019/03/23-12:28:24.641851 7f97567fc700 [db/db_impl_compaction_flush.cc:80] [JOB 5] Syncing log #15
2019/03/23-12:28:24.946728 7f97567fc700 (Original Log Time 2019/03/23-12:28:24.511845) [db/db_impl_compaction_flush.cc:1424] Calling FlushMemTableToOutputFile with column family [usertable], flush slots available 24, compaction slots available 1, flush slots scheduled 1, compaction slots scheduled 0
2019/03/23-12:28:24.946738 7f97567fc700 [db/flush_job.cc:301] [usertable] [JOB 5] Flushing memtable with next log file: 15
2019/03/23-12:28:24.946746 7f97567fc700 [db/flush_job.cc:301] [usertable] [JOB 5] Flushing memtable with next log file: 16
2019/03/23-12:28:24.946776 7f97567fc700 EVENT_LOG_v1 {"time_micros": 1553369304946764, "job": 5, "event": "flush_started", "num_memtables": 2, "num_entries": 57946, "num_deletes": 0, "memory_usage": 244152520, "flush_reason": "Write Buffer Full"}
2019/03/23-12:28:24.946783 7f97567fc700 [db/flush_job.cc:331] [usertable] [JOB 5] Level-0 flush table #17: started
2019/03/23-12:28:26.476973 7f97567fc700 EVENT_LOG_v1 {"time_micros": 1553369306476948, "cf_name": "usertable", "job": 5, "event": "table_file_creation", "file_number": 17, "file_size": 239990457, "table_properties": {"data_size": 238917793, "index_size": 1071737, "filter_size": 0, "raw_key_size": 1390704, "raw_average_key_size": 24, "raw_value_size": 237346816, "raw_average_value_size": 4096, "num_data_blocks": 28973, "num_entries": 57946, "filter_policy_name": "", "kDeletedKeys": "0", "kMergeOperands": "0"}}
2019/03/23-12:28:26.476994 7f97567fc700 [db/flush_job.cc:371] [usertable] [JOB 5] Level-0 flush table #17: 239990457 bytes OK
2019/03/23-12:28:26.536248 7f97567fc700 (Original Log Time 2019/03/23-12:28:26.477008) [db/memtable_list.cc:377] [usertable] Level-0 commit table #17 started
2019/03/23-12:28:26.536254 7f97567fc700 (Original Log Time 2019/03/23-12:28:26.536139) [db/memtable_list.cc:409] [usertable] Level-0 commit table #17: memtable #1 done
2019/03/23-12:28:26.536257 7f97567fc700 (Original Log Time 2019/03/23-12:28:26.536145) [db/memtable_list.cc:409] [usertable] Level-0 commit table #17: memtable #2 done
2019/03/23-12:28:26.536260 7f97567fc700 (Original Log Time 2019/03/23-12:28:26.536181) EVENT_LOG_v1 {"time_micros": 1553369306536166, "job": 5, "event": "flush_finished", "output_compression": "NoCompression", "lsm_state": [2, 1, 0, 0, 0, 0, 0], "immutable_memtables": 0}
2019/03/23-12:28:26.536263 7f97567fc700 (Original Log Time 2019/03/23-12:28:26.536219) [db/db_impl_compaction_flush.cc:177] [usertable] Level summary: base level 1 max bytes base 536870912 files[2 1 0 0 0 0 0] max score 1.00
