2018/11/11-08:53:26.759659 7f65f47f7700 RocksDB version: 5.14.3
2018/11/11-08:53:26.759709 7f65f47f7700 Git sha rocksdb_build_git_sha:
2018/11/11-08:53:26.759712 7f65f47f7700 Compile date Oct 15 2018
2018/11/11-08:53:26.759716 7f65f47f7700 DB SUMMARY
2018/11/11-08:53:26.760392 7f65f47f7700 CURRENT file:  CURRENT
2018/11/11-08:53:26.760395 7f65f47f7700 IDENTITY file:  IDENTITY
2018/11/11-08:53:26.760404 7f65f47f7700 MANIFEST file:  MANIFEST-000004 size: 108623 Bytes
2018/11/11-08:53:26.760407 7f65f47f7700 SST files in /mnt/sdb/ycsb-rocksdb-data dir, Total Num: 506, files: 000052.sst 000056.sst 000057.sst 000063.sst 000065.sst 000066.sst 000067.sst 000070.sst 000071.sst 
2018/11/11-08:53:26.760409 7f65f47f7700 Write Ahead Log file in /mnt/sdb/ycsb-rocksdb-data: 001406.log size: 111231730 ; 001417.log size: 113612354 ; 001428.log size: 113914825 ; 001430.log size: 98811214 ; 
2018/11/11-08:53:26.760413 7f65f47f7700                         Options.error_if_exists: 0
2018/11/11-08:53:26.760415 7f65f47f7700                       Options.create_if_missing: 1
2018/11/11-08:53:26.760416 7f65f47f7700                         Options.paranoid_checks: 1
2018/11/11-08:53:26.760416 7f65f47f7700                                     Options.env: 0x7f65e73ec3e0
2018/11/11-08:53:26.760417 7f65f47f7700                                Options.info_log: 0x7f65403efa30
2018/11/11-08:53:26.760418 7f65f47f7700                Options.max_file_opening_threads: 16
2018/11/11-08:53:26.760419 7f65f47f7700                              Options.statistics: (nil)
2018/11/11-08:53:26.760420 7f65f47f7700                               Options.use_fsync: 0
2018/11/11-08:53:26.760421 7f65f47f7700                       Options.max_log_file_size: 0
2018/11/11-08:53:26.760422 7f65f47f7700                  Options.max_manifest_file_size: 18446744073709551615
2018/11/11-08:53:26.760423 7f65f47f7700                   Options.log_file_time_to_roll: 0
2018/11/11-08:53:26.760424 7f65f47f7700                       Options.keep_log_file_num: 1000
2018/11/11-08:53:26.760425 7f65f47f7700                    Options.recycle_log_file_num: 0
2018/11/11-08:53:26.760426 7f65f47f7700                         Options.allow_fallocate: 1
2018/11/11-08:53:26.760427 7f65f47f7700                        Options.allow_mmap_reads: 0
2018/11/11-08:53:26.760427 7f65f47f7700                       Options.allow_mmap_writes: 0
2018/11/11-08:53:26.760428 7f65f47f7700                        Options.use_direct_reads: 0
2018/11/11-08:53:26.760429 7f65f47f7700                        Options.use_direct_io_for_flush_and_compaction: 0
2018/11/11-08:53:26.760430 7f65f47f7700          Options.create_missing_column_families: 1
2018/11/11-08:53:26.760431 7f65f47f7700                              Options.db_log_dir: 
2018/11/11-08:53:26.760432 7f65f47f7700                                 Options.wal_dir: /mnt/sdb/ycsb-rocksdb-data
2018/11/11-08:53:26.760433 7f65f47f7700                Options.table_cache_numshardbits: 6
2018/11/11-08:53:26.760434 7f65f47f7700                      Options.max_subcompactions: 4
2018/11/11-08:53:26.760434 7f65f47f7700                  Options.max_background_flushes: 24
2018/11/11-08:53:26.760435 7f65f47f7700                         Options.WAL_ttl_seconds: 0
2018/11/11-08:53:26.760436 7f65f47f7700                       Options.WAL_size_limit_MB: 0
2018/11/11-08:53:26.760437 7f65f47f7700             Options.manifest_preallocation_size: 4194304
2018/11/11-08:53:26.760438 7f65f47f7700                     Options.is_fd_close_on_exec: 1
2018/11/11-08:53:26.760439 7f65f47f7700                   Options.advise_random_on_open: 1
2018/11/11-08:53:26.760439 7f65f47f7700                    Options.db_write_buffer_size: 0
2018/11/11-08:53:26.760440 7f65f47f7700                    Options.write_buffer_manager: 0x7f65403ea3a0
2018/11/11-08:53:26.760441 7f65f47f7700         Options.access_hint_on_compaction_start: 1
2018/11/11-08:53:26.760442 7f65f47f7700  Options.new_table_reader_for_compaction_inputs: 0
2018/11/11-08:53:26.760443 7f65f47f7700           Options.random_access_max_buffer_size: 1048576
2018/11/11-08:53:26.760444 7f65f47f7700                      Options.use_adaptive_mutex: 0
2018/11/11-08:53:26.760455 7f65f47f7700                            Options.rate_limiter: (nil)
2018/11/11-08:53:26.760458 7f65f47f7700     Options.sst_file_manager.rate_bytes_per_sec: 0
2018/11/11-08:53:26.760459 7f65f47f7700                       Options.wal_recovery_mode: 2
2018/11/11-08:53:26.760460 7f65f47f7700                  Options.enable_thread_tracking: 0
2018/11/11-08:53:26.760460 7f65f47f7700                  Options.enable_pipelined_write: 1
2018/11/11-08:53:26.760461 7f65f47f7700         Options.allow_concurrent_memtable_write: 1
2018/11/11-08:53:26.760462 7f65f47f7700      Options.enable_write_thread_adaptive_yield: 1
2018/11/11-08:53:26.760463 7f65f47f7700             Options.write_thread_max_yield_usec: 100
2018/11/11-08:53:26.760464 7f65f47f7700            Options.write_thread_slow_yield_usec: 3
2018/11/11-08:53:26.760465 7f65f47f7700                               Options.row_cache: None
2018/11/11-08:53:26.760465 7f65f47f7700                              Options.wal_filter: None
2018/11/11-08:53:26.760466 7f65f47f7700             Options.avoid_flush_during_recovery: 0
2018/11/11-08:53:26.760467 7f65f47f7700             Options.allow_ingest_behind: 0
2018/11/11-08:53:26.760468 7f65f47f7700             Options.preserve_deletes: 0
2018/11/11-08:53:26.760469 7f65f47f7700             Options.two_write_queues: 0
2018/11/11-08:53:26.760470 7f65f47f7700             Options.manual_wal_flush: 0
2018/11/11-08:53:26.760471 7f65f47f7700             Options.max_background_jobs: 24
2018/11/11-08:53:26.760472 7f65f47f7700             Options.max_background_compactions: 24
2018/11/11-08:53:26.760473 7f65f47f7700             Options.avoid_flush_during_shutdown: 0
2018/11/11-08:53:26.760474 7f65f47f7700           Options.writable_file_max_buffer_size: 1048576
2018/11/11-08:53:26.760475 7f65f47f7700             Options.delayed_write_rate : 16777216
2018/11/11-08:53:26.760476 7f65f47f7700             Options.max_total_wal_size: 0
2018/11/11-08:53:26.760477 7f65f47f7700             Options.delete_obsolete_files_period_micros: 21600000000
2018/11/11-08:53:26.760478 7f65f47f7700                   Options.stats_dump_period_sec: 60
2018/11/11-08:53:26.760479 7f65f47f7700                          Options.max_open_files: -1
2018/11/11-08:53:26.760479 7f65f47f7700                          Options.bytes_per_sync: 1048576
2018/11/11-08:53:26.760480 7f65f47f7700                      Options.wal_bytes_per_sync: 0
2018/11/11-08:53:26.760481 7f65f47f7700       Options.compaction_readahead_size: 0
2018/11/11-08:53:26.760482 7f65f47f7700 Compression algorithms supported:
2018/11/11-08:53:26.760483 7f65f47f7700 	kZSTDNotFinalCompression supported: 1
2018/11/11-08:53:26.760491 7f65f47f7700 	kZSTD supported: 1
2018/11/11-08:53:26.760492 7f65f47f7700 	kXpressCompression supported: 0
2018/11/11-08:53:26.760493 7f65f47f7700 	kLZ4HCCompression supported: 1
2018/11/11-08:53:26.760494 7f65f47f7700 	kLZ4Compression supported: 1
2018/11/11-08:53:26.760495 7f65f47f7700 	kBZip2Compression supported: 1
2018/11/11-08:53:26.760496 7f65f47f7700 	kZlibCompression supported: 1
2018/11/11-08:53:26.760497 7f65f47f7700 	kSnappyCompression supported: 1
2018/11/11-08:53:26.760500 7f65f47f7700 Fast CRC32 supported: Supported on x86
2018/11/11-08:53:26.760907 7f65f47f7700 [db/version_set.cc:3085] Recovering from manifest file: MANIFEST-000004
2018/11/11-08:53:26.761003 7f65f47f7700 [db/column_family.cc:475] --------------- Options for column family [default]:
2018/11/11-08:53:26.761007 7f65f47f7700               Options.comparator: leveldb.BytewiseComparator
2018/11/11-08:53:26.761008 7f65f47f7700           Options.merge_operator: None
2018/11/11-08:53:26.761009 7f65f47f7700        Options.compaction_filter: None
2018/11/11-08:53:26.761010 7f65f47f7700        Options.compaction_filter_factory: None
2018/11/11-08:53:26.761011 7f65f47f7700         Options.memtable_factory: SkipListFactory
2018/11/11-08:53:26.761012 7f65f47f7700            Options.table_factory: BlockBasedTable
2018/11/11-08:53:26.761039 7f65f47f7700            table_factory options:   flush_block_policy_factory: FlushBlockBySizePolicyFactory (0x7f6540384bc0)
  cache_index_and_filter_blocks: 0
  cache_index_and_filter_blocks_with_high_priority: 0
  pin_l0_filter_and_index_blocks_in_cache: 0
  index_type: 0
  hash_index_allow_collision: 1
  checksum: 1
  no_block_cache: 0
  block_cache: 0x7f654038fe70
  block_cache_name: LRUCache
  block_cache_options:
    capacity : 8388608
    num_shard_bits : 4
    strict_capacity_limit : 0
    high_pri_pool_ratio: 0.000
  block_cache_compressed: (nil)
  persistent_cache: (nil)
  block_size: 8192
  block_size_deviation: 10
  block_restart_interval: 16
  index_block_restart_interval: 1
  metadata_block_size: 4096
  partition_filters: 0
  use_delta_encoding: 1
  filter_policy: nullptr
  whole_key_filtering: 1
  verify_compression: 0
  read_amp_bytes_per_bit: 0
  format_version: 2
  enable_index_compression: 1
  block_align: 0
2018/11/11-08:53:26.761053 7f65f47f7700        Options.write_buffer_size: 134217728
2018/11/11-08:53:26.761055 7f65f47f7700  Options.max_write_buffer_number: 24
2018/11/11-08:53:26.761056 7f65f47f7700        Options.compression[0]: NoCompression
2018/11/11-08:53:26.761057 7f65f47f7700        Options.compression[1]: NoCompression
2018/11/11-08:53:26.761058 7f65f47f7700        Options.compression[2]: LZ4
2018/11/11-08:53:26.761059 7f65f47f7700        Options.compression[3]: LZ4
2018/11/11-08:53:26.761060 7f65f47f7700        Options.compression[4]: LZ4
2018/11/11-08:53:26.761061 7f65f47f7700        Options.compression[5]: LZ4
2018/11/11-08:53:26.761062 7f65f47f7700        Options.compression[6]: LZ4
2018/11/11-08:53:26.761063 7f65f47f7700                  Options.bottommost_compression: Disabled
2018/11/11-08:53:26.761064 7f65f47f7700       Options.prefix_extractor: nullptr
2018/11/11-08:53:26.761065 7f65f47f7700   Options.memtable_insert_with_hint_prefix_extractor: nullptr
2018/11/11-08:53:26.761065 7f65f47f7700             Options.num_levels: 7
2018/11/11-08:53:26.761066 7f65f47f7700        Options.min_write_buffer_number_to_merge: 2
2018/11/11-08:53:26.761067 7f65f47f7700     Options.max_write_buffer_number_to_maintain: 0
2018/11/11-08:53:26.761068 7f65f47f7700            Options.compression_opts.window_bits: -14
2018/11/11-08:53:26.761069 7f65f47f7700                  Options.compression_opts.level: -1
2018/11/11-08:53:26.761070 7f65f47f7700               Options.compression_opts.strategy: 0
2018/11/11-08:53:26.761071 7f65f47f7700         Options.compression_opts.max_dict_bytes: 0
2018/11/11-08:53:26.761072 7f65f47f7700         Options.compression_opts.zstd_max_train_bytes: 0
2018/11/11-08:53:26.761073 7f65f47f7700      Options.level0_file_num_compaction_trigger: 2
2018/11/11-08:53:26.761073 7f65f47f7700          Options.level0_slowdown_writes_trigger: 20
2018/11/11-08:53:26.761074 7f65f47f7700              Options.level0_stop_writes_trigger: 36
2018/11/11-08:53:26.761075 7f65f47f7700                   Options.target_file_size_base: 67108864
2018/11/11-08:53:26.761076 7f65f47f7700             Options.target_file_size_multiplier: 1
2018/11/11-08:53:26.761077 7f65f47f7700                Options.max_bytes_for_level_base: 536870912
2018/11/11-08:53:26.761078 7f65f47f7700 Options.level_compaction_dynamic_level_bytes: 0
2018/11/11-08:53:26.761079 7f65f47f7700          Options.max_bytes_for_level_multiplier: 10.000000
2018/11/11-08:53:26.761082 7f65f47f7700 Options.max_bytes_for_level_multiplier_addtl[0]: 1
2018/11/11-08:53:26.761083 7f65f47f7700 Options.max_bytes_for_level_multiplier_addtl[1]: 1
2018/11/11-08:53:26.761084 7f65f47f7700 Options.max_bytes_for_level_multiplier_addtl[2]: 1
2018/11/11-08:53:26.761085 7f65f47f7700 Options.max_bytes_for_level_multiplier_addtl[3]: 1
2018/11/11-08:53:26.761086 7f65f47f7700 Options.max_bytes_for_level_multiplier_addtl[4]: 1
2018/11/11-08:53:26.761087 7f65f47f7700 Options.max_bytes_for_level_multiplier_addtl[5]: 1
2018/11/11-08:53:26.761087 7f65f47f7700 Options.max_bytes_for_level_multiplier_addtl[6]: 1
2018/11/11-08:53:26.761088 7f65f47f7700       Options.max_sequential_skip_in_iterations: 8
2018/11/11-08:53:26.761095 7f65f47f7700                    Options.max_compaction_bytes: 1677721600
2018/11/11-08:53:26.761096 7f65f47f7700                        Options.arena_block_size: 16777216
2018/11/11-08:53:26.761097 7f65f47f7700   Options.soft_pending_compaction_bytes_limit: 68719476736
2018/11/11-08:53:26.761098 7f65f47f7700   Options.hard_pending_compaction_bytes_limit: 274877906944
2018/11/11-08:53:26.761099 7f65f47f7700       Options.rate_limit_delay_max_milliseconds: 100
2018/11/11-08:53:26.761100 7f65f47f7700                Options.disable_auto_compactions: 0
2018/11/11-08:53:26.761101 7f65f47f7700                        Options.compaction_style: kCompactionStyleLevel
2018/11/11-08:53:26.761103 7f65f47f7700                          Options.compaction_pri: kByCompensatedSize
2018/11/11-08:53:26.761104 7f65f47f7700 Options.compaction_options_universal.size_ratio: 1
2018/11/11-08:53:26.761105 7f65f47f7700 Options.compaction_options_universal.min_merge_width: 2
2018/11/11-08:53:26.761106 7f65f47f7700 Options.compaction_options_universal.max_merge_width: 4294967295
2018/11/11-08:53:26.761106 7f65f47f7700 Options.compaction_options_universal.max_size_amplification_percent: 200
2018/11/11-08:53:26.761107 7f65f47f7700 Options.compaction_options_universal.compression_size_percent: -1
2018/11/11-08:53:26.761109 7f65f47f7700 Options.compaction_options_universal.stop_style: kCompactionStopStyleTotalSize
2018/11/11-08:53:26.761110 7f65f47f7700 Options.compaction_options_fifo.max_table_files_size: 1073741824
2018/11/11-08:53:26.761111 7f65f47f7700 Options.compaction_options_fifo.allow_compaction: 0
2018/11/11-08:53:26.761111 7f65f47f7700 Options.compaction_options_fifo.ttl: 0
2018/11/11-08:53:26.761112 7f65f47f7700                   Options.table_properties_collectors: 
2018/11/11-08:53:26.761113 7f65f47f7700                   Options.inplace_update_support: 0
2018/11/11-08:53:26.761114 7f65f47f7700                 Options.inplace_update_num_locks: 10000
2018/11/11-08:53:26.761115 7f65f47f7700               Options.memtable_prefix_bloom_size_ratio: 0.000000
2018/11/11-08:53:26.761117 7f65f47f7700   Options.memtable_huge_page_size: 0
2018/11/11-08:53:26.761118 7f65f47f7700                           Options.bloom_locality: 0
2018/11/11-08:53:26.761119 7f65f47f7700                    Options.max_successive_merges: 0
2018/11/11-08:53:26.761120 7f65f47f7700                Options.optimize_filters_for_hits: 0
2018/11/11-08:53:26.761120 7f65f47f7700                Options.paranoid_file_checks: 0
2018/11/11-08:53:26.761121 7f65f47f7700                Options.force_consistency_checks: 0
2018/11/11-08:53:26.761122 7f65f47f7700                Options.report_bg_io_stats: 0
2018/11/11-08:53:26.761123 7f65f47f7700                               Options.ttl: 0
2018/11/11-08:53:26.761588 7f65f47f7700 [db/column_family.cc:475] --------------- Options for column family [usertable]:
2018/11/11-08:53:26.761592 7f65f47f7700               Options.comparator: leveldb.BytewiseComparator
2018/11/11-08:53:26.761593 7f65f47f7700           Options.merge_operator: None
2018/11/11-08:53:26.761594 7f65f47f7700        Options.compaction_filter: None
2018/11/11-08:53:26.761594 7f65f47f7700        Options.compaction_filter_factory: None
2018/11/11-08:53:26.761595 7f65f47f7700         Options.memtable_factory: SkipListFactory
2018/11/11-08:53:26.761596 7f65f47f7700            Options.table_factory: BlockBasedTable
2018/11/11-08:53:26.761620 7f65f47f7700            table_factory options:   flush_block_policy_factory: FlushBlockBySizePolicyFactory (0x7f6540384ba0)
  cache_index_and_filter_blocks: 0
  cache_index_and_filter_blocks_with_high_priority: 0
  pin_l0_filter_and_index_blocks_in_cache: 0
  index_type: 0
  hash_index_allow_collision: 1
  checksum: 1
  no_block_cache: 0
  block_cache: 0x7f6540385700
  block_cache_name: LRUCache
  block_cache_options:
    capacity : 8388608
    num_shard_bits : 4
    strict_capacity_limit : 0
    high_pri_pool_ratio: 0.000
  block_cache_compressed: (nil)
  persistent_cache: (nil)
  block_size: 8192
  block_size_deviation: 10
  block_restart_interval: 16
  index_block_restart_interval: 1
  metadata_block_size: 4096
  partition_filters: 0
  use_delta_encoding: 1
  filter_policy: nullptr
  whole_key_filtering: 1
  verify_compression: 0
  read_amp_bytes_per_bit: 0
  format_version: 2
  enable_index_compression: 1
  block_align: 0
2018/11/11-08:53:26.761632 7f65f47f7700        Options.write_buffer_size: 134217728
2018/11/11-08:53:26.761634 7f65f47f7700  Options.max_write_buffer_number: 24
2018/11/11-08:53:26.761635 7f65f47f7700        Options.compression[0]: NoCompression
2018/11/11-08:53:26.761636 7f65f47f7700        Options.compression[1]: NoCompression
2018/11/11-08:53:26.761637 7f65f47f7700        Options.compression[2]: LZ4
2018/11/11-08:53:26.761638 7f65f47f7700        Options.compression[3]: LZ4
2018/11/11-08:53:26.761638 7f65f47f7700        Options.compression[4]: LZ4
2018/11/11-08:53:26.761639 7f65f47f7700        Options.compression[5]: LZ4
2018/11/11-08:53:26.761640 7f65f47f7700        Options.compression[6]: LZ4
2018/11/11-08:53:26.761641 7f65f47f7700                  Options.bottommost_compression: Disabled
2018/11/11-08:53:26.761642 7f65f47f7700       Options.prefix_extractor: nullptr
2018/11/11-08:53:26.761643 7f65f47f7700   Options.memtable_insert_with_hint_prefix_extractor: nullptr
2018/11/11-08:53:26.761644 7f65f47f7700             Options.num_levels: 7
2018/11/11-08:53:26.761645 7f65f47f7700        Options.min_write_buffer_number_to_merge: 2
2018/11/11-08:53:26.761645 7f65f47f7700     Options.max_write_buffer_number_to_maintain: 0
2018/11/11-08:53:26.761646 7f65f47f7700            Options.compression_opts.window_bits: -14
2018/11/11-08:53:26.761647 7f65f47f7700                  Options.compression_opts.level: -1
2018/11/11-08:53:26.761648 7f65f47f7700               Options.compression_opts.strategy: 0
2018/11/11-08:53:26.761649 7f65f47f7700         Options.compression_opts.max_dict_bytes: 0
2018/11/11-08:53:26.761650 7f65f47f7700         Options.compression_opts.zstd_max_train_bytes: 0
2018/11/11-08:53:26.761651 7f65f47f7700      Options.level0_file_num_compaction_trigger: 2
2018/11/11-08:53:26.761652 7f65f47f7700          Options.level0_slowdown_writes_trigger: 20
2018/11/11-08:53:26.761652 7f65f47f7700              Options.level0_stop_writes_trigger: 36
2018/11/11-08:53:26.761653 7f65f47f7700                   Options.target_file_size_base: 67108864
2018/11/11-08:53:26.761654 7f65f47f7700             Options.target_file_size_multiplier: 1
2018/11/11-08:53:26.761655 7f65f47f7700                Options.max_bytes_for_level_base: 536870912
2018/11/11-08:53:26.761656 7f65f47f7700 Options.level_compaction_dynamic_level_bytes: 0
2018/11/11-08:53:26.761657 7f65f47f7700          Options.max_bytes_for_level_multiplier: 10.000000
2018/11/11-08:53:26.761659 7f65f47f7700 Options.max_bytes_for_level_multiplier_addtl[0]: 1
2018/11/11-08:53:26.761660 7f65f47f7700 Options.max_bytes_for_level_multiplier_addtl[1]: 1
2018/11/11-08:53:26.761661 7f65f47f7700 Options.max_bytes_for_level_multiplier_addtl[2]: 1
2018/11/11-08:53:26.761662 7f65f47f7700 Options.max_bytes_for_level_multiplier_addtl[3]: 1
2018/11/11-08:53:26.761662 7f65f47f7700 Options.max_bytes_for_level_multiplier_addtl[4]: 1
2018/11/11-08:53:26.761663 7f65f47f7700 Options.max_bytes_for_level_multiplier_addtl[5]: 1
2018/11/11-08:53:26.761664 7f65f47f7700 Options.max_bytes_for_level_multiplier_addtl[6]: 1
2018/11/11-08:53:26.761665 7f65f47f7700       Options.max_sequential_skip_in_iterations: 8
2018/11/11-08:53:26.761666 7f65f47f7700                    Options.max_compaction_bytes: 1677721600
2018/11/11-08:53:26.761667 7f65f47f7700                        Options.arena_block_size: 16777216
2018/11/11-08:53:26.761668 7f65f47f7700   Options.soft_pending_compaction_bytes_limit: 68719476736
2018/11/11-08:53:26.761669 7f65f47f7700   Options.hard_pending_compaction_bytes_limit: 274877906944
2018/11/11-08:53:26.761669 7f65f47f7700       Options.rate_limit_delay_max_milliseconds: 100
2018/11/11-08:53:26.761670 7f65f47f7700                Options.disable_auto_compactions: 0
2018/11/11-08:53:26.761672 7f65f47f7700                        Options.compaction_style: kCompactionStyleLevel
2018/11/11-08:53:26.761678 7f65f47f7700                          Options.compaction_pri: kByCompensatedSize
2018/11/11-08:53:26.761680 7f65f47f7700 Options.compaction_options_universal.size_ratio: 1
2018/11/11-08:53:26.761681 7f65f47f7700 Options.compaction_options_universal.min_merge_width: 2
2018/11/11-08:53:26.761681 7f65f47f7700 Options.compaction_options_universal.max_merge_width: 4294967295
2018/11/11-08:53:26.761682 7f65f47f7700 Options.compaction_options_universal.max_size_amplification_percent: 200
2018/11/11-08:53:26.761683 7f65f47f7700 Options.compaction_options_universal.compression_size_percent: -1
2018/11/11-08:53:26.761684 7f65f47f7700 Options.compaction_options_universal.stop_style: kCompactionStopStyleTotalSize
2018/11/11-08:53:26.761685 7f65f47f7700 Options.compaction_options_fifo.max_table_files_size: 1073741824
2018/11/11-08:53:26.761686 7f65f47f7700 Options.compaction_options_fifo.allow_compaction: 0
2018/11/11-08:53:26.761687 7f65f47f7700 Options.compaction_options_fifo.ttl: 0
2018/11/11-08:53:26.761688 7f65f47f7700                   Options.table_properties_collectors: 
2018/11/11-08:53:26.761689 7f65f47f7700                   Options.inplace_update_support: 0
2018/11/11-08:53:26.761690 7f65f47f7700                 Options.inplace_update_num_locks: 10000
2018/11/11-08:53:26.761691 7f65f47f7700               Options.memtable_prefix_bloom_size_ratio: 0.000000
2018/11/11-08:53:26.761692 7f65f47f7700   Options.memtable_huge_page_size: 0
2018/11/11-08:53:26.761693 7f65f47f7700                           Options.bloom_locality: 0
2018/11/11-08:53:26.761694 7f65f47f7700                    Options.max_successive_merges: 0
2018/11/11-08:53:26.761694 7f65f47f7700                Options.optimize_filters_for_hits: 0
2018/11/11-08:53:26.761695 7f65f47f7700                Options.paranoid_file_checks: 0
2018/11/11-08:53:26.761696 7f65f47f7700                Options.force_consistency_checks: 0
2018/11/11-08:53:26.761697 7f65f47f7700                Options.report_bg_io_stats: 0
2018/11/11-08:53:26.761698 7f65f47f7700                               Options.ttl: 0
2018/11/11-08:53:27.275447 7f65f47f7700 [db/version_set.cc:3361] Recovered from manifest file:/mnt/sdb/ycsb-rocksdb-data/MANIFEST-000004 succeeded,manifest_file_number is 4, next_file_number is 1429, last_sequence is 10388851, log_number is 0,prev_log_number is 0,max_column_family is 1,min_log_number_to_keep is 0
2018/11/11-08:53:27.275460 7f65f47f7700 [db/version_set.cc:3369] Column family [default] (ID 0), log number is 0
2018/11/11-08:53:27.275462 7f65f47f7700 [db/version_set.cc:3369] Column family [usertable] (ID 1), log number is 1406
2018/11/11-08:53:27.277070 7f65f47f7700 EVENT_LOG_v1 {"time_micros": 1541955207277049, "job": 1, "event": "recovery_started", "log_files": [1406, 1417, 1428, 1430]}
2018/11/11-08:53:27.277079 7f65f47f7700 [db/db_impl_open.cc:551] Recovering log #1406 mode 2
2018/11/11-08:53:27.585817 7f65f47f7700 [db/db_impl_open.cc:551] Recovering log #1417 mode 2
2018/11/11-08:53:28.174195 7f65f47f7700 EVENT_LOG_v1 {"time_micros": 1541955208174173, "cf_name": "usertable", "job": 1, "event": "table_file_creation", "file_number": 1429, "file_size": 130014115, "table_properties": {"data_size": 129432705, "index_size": 580488, "filter_size": 0, "raw_key_size": 753408, "raw_average_key_size": 24, "raw_value_size": 128581632, "raw_average_value_size": 4096, "num_data_blocks": 15696, "num_entries": 31392, "filter_policy_name": "", "kDeletedKeys": "0", "kMergeOperands": "0"}}
2018/11/11-08:53:28.447224 7f65f47f7700 [db/db_impl_open.cc:551] Recovering log #1428 mode 2
2018/11/11-08:53:29.007516 7f65f47f7700 EVENT_LOG_v1 {"time_micros": 1541955209007493, "cf_name": "usertable", "job": 1, "event": "table_file_creation", "file_number": 1430, "file_size": 129914715, "table_properties": {"data_size": 129333749, "index_size": 580044, "filter_size": 0, "raw_key_size": 752832, "raw_average_key_size": 24, "raw_value_size": 128483328, "raw_average_value_size": 4096, "num_data_blocks": 15684, "num_entries": 31368, "filter_policy_name": "", "kDeletedKeys": "0", "kMergeOperands": "0"}}
2018/11/11-08:53:29.225197 7f65f47f7700 [db/db_impl_open.cc:551] Recovering log #1430 mode 2
2018/11/11-08:53:30.168975 7f65f47f7700 EVENT_LOG_v1 {"time_micros": 1541955210168953, "cf_name": "usertable", "job": 1, "event": "table_file_creation", "file_number": 1431, "file_size": 129964414, "table_properties": {"data_size": 129383226, "index_size": 580266, "filter_size": 0, "raw_key_size": 753120, "raw_average_key_size": 24, "raw_value_size": 128532480, "raw_average_value_size": 4096, "num_data_blocks": 15690, "num_entries": 31380, "filter_policy_name": "", "kDeletedKeys": "0", "kMergeOperands": "0"}}
2018/11/11-08:53:30.461251 7f65f47f7700 [db/version_set.cc:2847] Creating manifest 1432
2018/11/11-08:53:31.032067 7f65f47f7700 EVENT_LOG_v1 {"time_micros": 1541955211032046, "cf_name": "usertable", "job": 1, "event": "table_file_creation", "file_number": 1433, "file_size": 50064451, "table_properties": {"data_size": 49840166, "index_size": 223364, "filter_size": 0, "raw_key_size": 290112, "raw_average_key_size": 24, "raw_value_size": 49512448, "raw_average_value_size": 4096, "num_data_blocks": 6044, "num_entries": 12088, "filter_policy_name": "", "kDeletedKeys": "0", "kMergeOperands": "0"}}
2018/11/11-08:53:31.094168 7f65f47f7700 EVENT_LOG_v1 {"time_micros": 1541955211094165, "job": 1, "event": "recovery_finished"}
2018/11/11-08:53:31.094340 7f65f47f7700 [db/column_family.cc:837] [usertable] Increasing compaction threads because we have 17 level-0 files 
2018/11/11-08:53:31.228950 7f65f47f7700 [db/db_impl_open.cc:1219] DB pointer 0x7f65403eeac0
2018/11/11-08:53:31.229286 7f65e62db700 [WARN] [db/db_impl.cc:491] ------- DUMPING STATS -------
2018/11/11-08:53:31.229339 7f65e62db700 [WARN] [db/db_impl.cc:492] 
** DB Stats **
Uptime(secs): 4.5 total, 4.5 interval
Cumulative writes: 0 writes, 0 keys, 0 commit groups, 0.0 writes per commit group, ingest: 0.00 GB, 0.00 MB/s
Cumulative WAL: 0 writes, 0 syncs, 0.00 writes per sync, written: 0.00 GB, 0.00 MB/s
Cumulative stall: 00:00:0.000 H:M:S, 0.0 percent
Interval writes: 0 writes, 0 keys, 0 commit groups, 0.0 writes per commit group, ingest: 0.00 MB, 0.00 MB/s
Interval WAL: 0 writes, 0 syncs, 0.00 writes per sync, written: 0.00 MB, 0.00 MB/s
Interval stall: 00:00:0.000 H:M:S, 0.0 percent

** Compaction Stats [default] **
Level    Files   Size     Score Read(GB)  Rn(GB) Rnp1(GB) Write(GB) Wnew(GB) Moved(GB) W-Amp Rd(MB/s) Wr(MB/s) Comp(sec) Comp(cnt) Avg(sec) KeyIn KeyDrop
----------------------------------------------------------------------------------------------------------------------------------------------------------
 Sum      0/0    0.00 KB   0.0      0.0     0.0      0.0       0.0      0.0       0.0   0.0      0.0      0.0         0         0    0.000       0      0
 Int      0/0    0.00 KB   0.0      0.0     0.0      0.0       0.0      0.0       0.0   0.0      0.0      0.0         0         0    0.000       0      0
Uptime(secs): 4.5 total, 4.5 interval
Flush(GB): cumulative 0.000, interval 0.000
AddFile(GB): cumulative 0.000, interval 0.000
AddFile(Total Files): cumulative 0, interval 0
AddFile(L0 Files): cumulative 0, interval 0
AddFile(Keys): cumulative 0, interval 0
Cumulative compaction: 0.00 GB write, 0.00 MB/s write, 0.00 GB read, 0.00 MB/s read, 0.0 seconds
Interval compaction: 0.00 GB write, 0.00 MB/s write, 0.00 GB read, 0.00 MB/s read, 0.0 seconds
Stalls(count): 0 level0_slowdown, 0 level0_slowdown_with_compaction, 0 level0_numfiles, 0 level0_numfiles_with_compaction, 0 stop for pending_compaction_bytes, 0 slowdown for pending_compaction_bytes, 0 memtable_compaction, 0 memtable_slowdown, interval 0 total count

** File Read Latency Histogram By Level [default] **

** Compaction Stats [usertable] **
Level    Files   Size     Score Read(GB)  Rn(GB) Rnp1(GB) Write(GB) Wnew(GB) Moved(GB) W-Amp Rd(MB/s) Wr(MB/s) Comp(sec) Comp(cnt) Avg(sec) KeyIn KeyDrop
----------------------------------------------------------------------------------------------------------------------------------------------------------
  L0     17/0    5.51 GB  11.0      0.0     0.0      0.0       0.4      0.4       0.0   1.0      0.0    184.6         2         4    0.568       0      0
  L1     16/0    5.64 GB  11.3      0.0     0.0      0.0       0.0      0.0       0.0   0.0      0.0      0.0         0         0    0.000       0      0
  L2     92/0    4.95 GB   1.0      0.0     0.0      0.0       0.0      0.0       0.0   0.0      0.0      0.0         0         0    0.000       0      0
  L3    385/0   24.11 GB   0.5      0.0     0.0      0.0       0.0      0.0       0.0   0.0      0.0      0.0         0         0    0.000       0      0
 Sum    510/0   40.21 GB   0.0      0.0     0.0      0.0       0.4      0.4       0.0   1.0      0.0    184.6         2         4    0.568       0      0
 Int      0/0    0.00 KB   0.0      0.0     0.0      0.0       0.4      0.4       0.0   1.0      0.0    184.6         2         4    0.568       0      0
Uptime(secs): 4.5 total, 4.5 interval
Flush(GB): cumulative 0.410, interval 0.410
AddFile(GB): cumulative 0.000, interval 0.000
AddFile(Total Files): cumulative 0, interval 0
AddFile(L0 Files): cumulative 0, interval 0
AddFile(Keys): cumulative 0, interval 0
Cumulative compaction: 0.41 GB write, 93.92 MB/s write, 0.00 GB read, 0.00 MB/s read, 2.3 seconds
Interval compaction: 0.41 GB write, 93.92 MB/s write, 0.00 GB read, 0.00 MB/s read, 2.3 seconds
Stalls(count): 0 level0_slowdown, 0 level0_slowdown_with_compaction, 0 level0_numfiles, 0 level0_numfiles_with_compaction, 0 stop for pending_compaction_bytes, 0 slowdown for pending_compaction_bytes, 0 memtable_compaction, 0 memtable_slowdown, interval 0 total count

** File Read Latency Histogram By Level [usertable] **

** Compaction Stats [default] **
Level    Files   Size     Score Read(GB)  Rn(GB) Rnp1(GB) Write(GB) Wnew(GB) Moved(GB) W-Amp Rd(MB/s) Wr(MB/s) Comp(sec) Comp(cnt) Avg(sec) KeyIn KeyDrop
----------------------------------------------------------------------------------------------------------------------------------------------------------
 Sum      0/0    0.00 KB   0.0      0.0     0.0      0.0       0.0      0.0       0.0   0.0      0.0      0.0         0         0    0.000       0      0
 Int      0/0    0.00 KB   0.0      0.0     0.0      0.0       0.0      0.0       0.0   0.0      0.0      0.0         0         0    0.000       0      0
Uptime(secs): 4.5 total, 0.0 interval
Flush(GB): cumulative 0.000, interval 0.000
AddFile(GB): cumulative 0.000, interval 0.000
AddFile(Total Files): cumulative 0, interval 0
AddFile(L0 Files): cumulative 0, interval 0
AddFile(Keys): cumulative 0, interval 0
Cumulative compaction: 0.00 GB write, 0.00 MB/s write, 0.00 GB read, 0.00 MB/s read, 0.0 seconds
Interval compaction: 0.00 GB write, 0.00 MB/s write, 0.00 GB read, 0.00 MB/s read, 0.0 seconds
Stalls(count): 0 level0_slowdown, 0 level0_slowdown_with_compaction, 0 level0_numfiles, 0 level0_numfiles_with_compaction, 0 stop for pending_compaction_bytes, 0 slowdown for pending_compaction_bytes, 0 memtable_compaction, 0 memtable_slowdown, interval 0 total count

** File Read Latency Histogram By Level [default] **

** Compaction Stats [usertable] **
Level    Files   Size     Score Read(GB)  Rn(GB) Rnp1(GB) Write(GB) Wnew(GB) Moved(GB) W-Amp Rd(MB/s) Wr(MB/s) Comp(sec) Comp(cnt) Avg(sec) KeyIn KeyDrop
----------------------------------------------------------------------------------------------------------------------------------------------------------
  L0     17/0    5.51 GB  11.0      0.0     0.0      0.0       0.4      0.4       0.0   1.0      0.0    184.6         2         4    0.568       0      0
  L1     16/0    5.64 GB  11.3      0.0     0.0      0.0       0.0      0.0       0.0   0.0      0.0      0.0         0         0    0.000       0      0
  L2     92/0    4.95 GB   1.0      0.0     0.0      0.0       0.0      0.0       0.0   0.0      0.0      0.0         0         0    0.000       0      0
  L3    385/0   24.11 GB   0.5      0.0     0.0      0.0       0.0      0.0       0.0   0.0      0.0      0.0         0         0    0.000       0      0
 Sum    510/0   40.21 GB   0.0      0.0     0.0      0.0       0.4      0.4       0.0   1.0      0.0    184.6         2         4    0.568       0      0
 Int      0/0    0.00 KB   0.0      0.0     0.0      0.0       0.0      0.0       0.0   0.0      0.0      0.0         0         0    0.000       0      0
Uptime(secs): 4.5 total, 0.0 interval
Flush(GB): cumulative 0.410, interval 0.000
AddFile(GB): cumulative 0.000, interval 0.000
AddFile(Total Files): cumulative 0, interval 0
AddFile(L0 Files): cumulative 0, interval 0
AddFile(Keys): cumulative 0, interval 0
Cumulative compaction: 0.41 GB write, 93.91 MB/s write, 0.00 GB read, 0.00 MB/s read, 2.3 seconds
Interval compaction: 0.00 GB write, 0.00 MB/s write, 0.00 GB read, 0.00 MB/s read, 0.0 seconds
Stalls(count): 0 level0_slowdown, 0 level0_slowdown_with_compaction, 0 level0_numfiles, 0 level0_numfiles_with_compaction, 0 stop for pending_compaction_bytes, 0 slowdown for pending_compaction_bytes, 0 memtable_compaction, 0 memtable_slowdown, interval 0 total count

** File Read Latency Histogram By Level [usertable] **
2018/11/11-08:53:31.229560 7f65e62db700 [db/compaction_job.cc:1531] [usertable] [JOB 3] Compacting 1@1 files to L2, score 11.28
2018/11/11-08:53:31.229579 7f65e62db700 [db/compaction_job.cc:1535] [usertable] Compaction start summary: Base version 5 Base level 1, inputs: [640(1543MB)]
2018/11/11-08:53:31.229632 7f65e5ada700 [db/compaction_job.cc:1531] [usertable] [JOB 4] Compacting 1@0 files to L1, score 11.01
2018/11/11-08:53:31.229642 7f65e5ada700 [db/compaction_job.cc:1535] [usertable] Compaction start summary: Base version 5 Base level 0, inputs: [1371(1965MB)]
2018/11/11-08:53:31.229651 7f65e62db700 EVENT_LOG_v1 {"time_micros": 1541955211229602, "job": 3, "event": "compaction_started", "compaction_reason": "LevelMaxLevelSize", "files_L1": [640], "score": 11.2835, "input_data_size": 1618966118}
2018/11/11-08:53:31.229679 7f65e5ada700 EVENT_LOG_v1 {"time_micros": 1541955211229670, "job": 4, "event": "compaction_started", "compaction_reason": "LevelL0FilesNum", "files_L0": [1371], "score": 11.0142, "input_data_size": 2060640669}
2018/11/11-08:53:31.229712 7f65e52d9700 [db/compaction_job.cc:1531] [usertable] [JOB 5] Compacting 1@1 files to L2, score 8.27
2018/11/11-08:53:31.229720 7f65e52d9700 [db/compaction_job.cc:1535] [usertable] Compaction start summary: Base version 5 Base level 1, inputs: [349(1081MB)]
2018/11/11-08:53:31.229735 7f65e52d9700 EVENT_LOG_v1 {"time_micros": 1541955211229728, "job": 5, "event": "compaction_started", "compaction_reason": "LevelMaxLevelSize", "files_L1": [349], "score": 8.2679, "input_data_size": 1134154003}
2018/11/11-08:53:31.229842 7f65e4ad8700 [db/compaction_job.cc:1531] [usertable] [JOB 6] Compacting 4@0 files to L0, score 8.00
2018/11/11-08:53:31.229853 7f65e4ad8700 [db/compaction_job.cc:1535] [usertable] Compaction start summary: Base version 5 Base level 0, inputs: [1433(47MB) 1431(123MB) 1430(123MB) 1429(123MB)]
2018/11/11-08:53:31.229868 7f65e4ad8700 EVENT_LOG_v1 {"time_micros": 1541955211229861, "job": 6, "event": "compaction_started", "compaction_reason": "LevelL0FilesNum", "files_L0": [1433, 1431, 1430, 1429], "score": 8, "input_data_size": 439957695}
2018/11/11-08:53:31.229871 7f65dffff700 (Original Log Time 2018/11/11-08:53:31.229853) [db/db_impl_compaction_flush.cc:1781] Compaction nothing to do
2018/11/11-08:53:33.891230 7f65e4ad8700 [db/compaction_job.cc:1211] [usertable] [JOB 6] Generated table #1437: 106228 keys, 439976288 bytes
2018/11/11-08:53:33.891275 7f65e4ad8700 EVENT_LOG_v1 {"time_micros": 1541955213891257, "cf_name": "usertable", "job": 6, "event": "table_file_creation", "file_number": 1437, "file_size": 439976288, "table_properties": {"data_size": 437989846, "index_size": 1985515, "filter_size": 0, "raw_key_size": 2549472, "raw_average_key_size": 24, "raw_value_size": 435109888, "raw_average_value_size": 4096, "num_data_blocks": 53114, "num_entries": 106228, "filter_policy_name": "", "kDeletedKeys": "0", "kMergeOperands": "0"}}
2018/11/11-08:53:33.891335 7f65e4ad8700 [db/compaction_job.cc:1287] [usertable] [JOB 6] Compacted 4@0 files to L0 => 439976288 bytes
2018/11/11-08:53:34.012143 7f65e4ad8700 [db/column_family.cc:837] [usertable] Increasing compaction threads because we have 14 level-0 files 
2018/11/11-08:53:34.012225 7f65e4ad8700 (Original Log Time 2018/11/11-08:53:34.012085) [db/compaction_job.cc:685] [usertable] compacted to: base level 1 max bytes base 536870912 files[14 16 92 385 0 0 0] max score 7.18, MB/sec: 165.3 rd, 165.3 wr, level 0, files in(0, 4) out(1) MB in(0.0, 419.6) out(419.6), read-write-amplify(0.0) write-amplify(0.0) OK, records in: 106228, records dropped: 0 output_compression: NoCompression
2018/11/11-08:53:34.012231 7f65e4ad8700 (Original Log Time 2018/11/11-08:53:34.012121) EVENT_LOG_v1 {"time_micros": 1541955214012107, "job": 6, "event": "compaction_finished", "compaction_time_micros": 2661422, "output_level": 0, "num_output_files": 1, "total_output_size": 439976288, "num_input_records": 106228, "num_output_records": 106228, "num_subcompactions": 1, "output_compression": "NoCompression", "num_single_delete_mismatches": 0, "num_single_delete_fallthrough": 0, "lsm_state": [14, 16, 92, 385, 0, 0, 0]}
2018/11/11-08:53:34.012262 7f65df7fe700 (Original Log Time 2018/11/11-08:53:34.012233) [db/db_impl_compaction_flush.cc:1781] Compaction nothing to do
2018/11/11-08:53:35.905400 7f65e5ada700 [db/compaction_job.cc:1211] [usertable] [JOB 4] Generated table #1439: 16279 keys, 67418359 bytes
2018/11/11-08:53:35.905436 7f65e5ada700 EVENT_LOG_v1 {"time_micros": 1541955215905421, "cf_name": "usertable", "job": 4, "event": "table_file_creation", "file_number": 1439, "file_size": 67418359, "table_properties": {"data_size": 67118331, "index_size": 299107, "filter_size": 0, "raw_key_size": 390696, "raw_average_key_size": 24, "raw_value_size": 66678784, "raw_average_value_size": 4096, "num_data_blocks": 8140, "num_entries": 16279, "filter_policy_name": "", "kDeletedKeys": "0", "kMergeOperands": "0"}}
2018/11/11-08:53:35.974585 7f65e52d9700 [db/compaction_job.cc:1211] [usertable] [JOB 5] Generated table #1440: 16279 keys, 67233337 bytes
2018/11/11-08:53:35.974630 7f65e52d9700 EVENT_LOG_v1 {"time_micros": 1541955215974612, "cf_name": "usertable", "job": 5, "event": "table_file_creation", "file_number": 1440, "file_size": 67233337, "table_properties": {"data_size": 67118331, "index_size": 299106, "filter_size": 0, "raw_key_size": 390696, "raw_average_key_size": 24, "raw_value_size": 66678784, "raw_average_value_size": 4096, "num_data_blocks": 8140, "num_entries": 16279, "filter_policy_name": "", "kDeletedKeys": "0", "kMergeOperands": "0"}}
2018/11/11-08:53:36.098486 7f65e62db700 [db/compaction_job.cc:1211] [usertable] [JOB 3] Generated table #1438: 16279 keys, 67233545 bytes
