2018/11/19-07:24:48.813441 7fbec41db700 RocksDB version: 5.14.3
2018/11/19-07:24:48.813509 7fbec41db700 Git sha rocksdb_build_git_sha:
2018/11/19-07:24:48.813512 7fbec41db700 Compile date Oct 15 2018
2018/11/19-07:24:48.813517 7fbec41db700 DB SUMMARY
2018/11/19-07:24:48.814147 7fbec41db700 CURRENT file:  CURRENT
2018/11/19-07:24:48.814152 7fbec41db700 IDENTITY file:  IDENTITY
2018/11/19-07:24:48.814163 7fbec41db700 MANIFEST file:  MANIFEST-000004 size: 11819 Bytes
2018/11/19-07:24:48.814166 7fbec41db700 SST files in /mnt/sdb/ycsb-rocksdb-data dir, Total Num: 77, files: 000020.sst 000026.sst 000047.sst 000053.sst 000058.sst 000059.sst 000060.sst 000064.sst 000065.sst 
2018/11/19-07:24:48.814168 7fbec41db700 Write Ahead Log file in /mnt/sdb/ycsb-rocksdb-data: 000277.log size: 118541648 ; 000279.log size: 112113684 ; 000292.log size: 107270745 ; 000294.log size: 112994695 ; 000295.log size: 115240247 ; 000297.log size: 116245658 ; 000298.log size: 119588198 ; 000300.log size: 115419689 ; 000301.log size: 105653479 ; 000303.log size: 109644200 ; 000304.log size: 29144397 ; 
2018/11/19-07:24:48.814173 7fbec41db700                         Options.error_if_exists: 0
2018/11/19-07:24:48.814174 7fbec41db700                       Options.create_if_missing: 1
2018/11/19-07:24:48.814175 7fbec41db700                         Options.paranoid_checks: 1
2018/11/19-07:24:48.814176 7fbec41db700                                     Options.env: 0x7fbeb5cbf3e0
2018/11/19-07:24:48.814177 7fbec41db700                                Options.info_log: 0x7fbe403cd420
2018/11/19-07:24:48.814178 7fbec41db700                Options.max_file_opening_threads: 16
2018/11/19-07:24:48.814179 7fbec41db700                              Options.statistics: (nil)
2018/11/19-07:24:48.814180 7fbec41db700                               Options.use_fsync: 0
2018/11/19-07:24:48.814181 7fbec41db700                       Options.max_log_file_size: 0
2018/11/19-07:24:48.814182 7fbec41db700                  Options.max_manifest_file_size: 18446744073709551615
2018/11/19-07:24:48.814183 7fbec41db700                   Options.log_file_time_to_roll: 0
2018/11/19-07:24:48.814184 7fbec41db700                       Options.keep_log_file_num: 1000
2018/11/19-07:24:48.814185 7fbec41db700                    Options.recycle_log_file_num: 0
2018/11/19-07:24:48.814185 7fbec41db700                         Options.allow_fallocate: 1
2018/11/19-07:24:48.814186 7fbec41db700                        Options.allow_mmap_reads: 0
2018/11/19-07:24:48.814187 7fbec41db700                       Options.allow_mmap_writes: 0
2018/11/19-07:24:48.814188 7fbec41db700                        Options.use_direct_reads: 0
2018/11/19-07:24:48.814189 7fbec41db700                        Options.use_direct_io_for_flush_and_compaction: 0
2018/11/19-07:24:48.814190 7fbec41db700          Options.create_missing_column_families: 1
2018/11/19-07:24:48.814191 7fbec41db700                              Options.db_log_dir: 
2018/11/19-07:24:48.814192 7fbec41db700                                 Options.wal_dir: /mnt/sdb/ycsb-rocksdb-data
2018/11/19-07:24:48.814193 7fbec41db700                Options.table_cache_numshardbits: 6
2018/11/19-07:24:48.814193 7fbec41db700                      Options.max_subcompactions: 4
2018/11/19-07:24:48.814194 7fbec41db700                  Options.max_background_flushes: 24
2018/11/19-07:24:48.814195 7fbec41db700                         Options.WAL_ttl_seconds: 0
2018/11/19-07:24:48.814196 7fbec41db700                       Options.WAL_size_limit_MB: 0
2018/11/19-07:24:48.814197 7fbec41db700             Options.manifest_preallocation_size: 4194304
2018/11/19-07:24:48.814198 7fbec41db700                     Options.is_fd_close_on_exec: 1
2018/11/19-07:24:48.814199 7fbec41db700                   Options.advise_random_on_open: 1
2018/11/19-07:24:48.814199 7fbec41db700                    Options.db_write_buffer_size: 0
2018/11/19-07:24:48.814200 7fbec41db700                    Options.write_buffer_manager: 0x7fbe403c7da0
2018/11/19-07:24:48.814201 7fbec41db700         Options.access_hint_on_compaction_start: 1
2018/11/19-07:24:48.814202 7fbec41db700  Options.new_table_reader_for_compaction_inputs: 0
2018/11/19-07:24:48.814216 7fbec41db700           Options.random_access_max_buffer_size: 1048576
2018/11/19-07:24:48.814218 7fbec41db700                      Options.use_adaptive_mutex: 0
2018/11/19-07:24:48.814219 7fbec41db700                            Options.rate_limiter: (nil)
2018/11/19-07:24:48.814221 7fbec41db700     Options.sst_file_manager.rate_bytes_per_sec: 0
2018/11/19-07:24:48.814222 7fbec41db700                       Options.wal_recovery_mode: 2
2018/11/19-07:24:48.814222 7fbec41db700                  Options.enable_thread_tracking: 0
2018/11/19-07:24:48.814223 7fbec41db700                  Options.enable_pipelined_write: 1
2018/11/19-07:24:48.814224 7fbec41db700         Options.allow_concurrent_memtable_write: 1
2018/11/19-07:24:48.814225 7fbec41db700      Options.enable_write_thread_adaptive_yield: 1
2018/11/19-07:24:48.814226 7fbec41db700             Options.write_thread_max_yield_usec: 100
2018/11/19-07:24:48.814227 7fbec41db700            Options.write_thread_slow_yield_usec: 3
2018/11/19-07:24:48.814227 7fbec41db700                               Options.row_cache: None
2018/11/19-07:24:48.814228 7fbec41db700                              Options.wal_filter: None
2018/11/19-07:24:48.814229 7fbec41db700             Options.avoid_flush_during_recovery: 0
2018/11/19-07:24:48.814230 7fbec41db700             Options.allow_ingest_behind: 0
2018/11/19-07:24:48.814231 7fbec41db700             Options.preserve_deletes: 0
2018/11/19-07:24:48.814232 7fbec41db700             Options.two_write_queues: 0
2018/11/19-07:24:48.814233 7fbec41db700             Options.manual_wal_flush: 0
2018/11/19-07:24:48.814235 7fbec41db700             Options.max_background_jobs: 24
2018/11/19-07:24:48.814236 7fbec41db700             Options.max_background_compactions: 24
2018/11/19-07:24:48.814236 7fbec41db700             Options.avoid_flush_during_shutdown: 0
2018/11/19-07:24:48.814237 7fbec41db700           Options.writable_file_max_buffer_size: 1048576
2018/11/19-07:24:48.814238 7fbec41db700             Options.delayed_write_rate : 16777216
2018/11/19-07:24:48.814239 7fbec41db700             Options.max_total_wal_size: 0
2018/11/19-07:24:48.814240 7fbec41db700             Options.delete_obsolete_files_period_micros: 21600000000
2018/11/19-07:24:48.814241 7fbec41db700                   Options.stats_dump_period_sec: 60
2018/11/19-07:24:48.814242 7fbec41db700                          Options.max_open_files: -1
2018/11/19-07:24:48.814243 7fbec41db700                          Options.bytes_per_sync: 1048576
2018/11/19-07:24:48.814244 7fbec41db700                      Options.wal_bytes_per_sync: 0
2018/11/19-07:24:48.814244 7fbec41db700       Options.compaction_readahead_size: 0
2018/11/19-07:24:48.814245 7fbec41db700 Compression algorithms supported:
2018/11/19-07:24:48.814247 7fbec41db700 	kZSTDNotFinalCompression supported: 1
2018/11/19-07:24:48.814256 7fbec41db700 	kZSTD supported: 1
2018/11/19-07:24:48.814257 7fbec41db700 	kXpressCompression supported: 0
2018/11/19-07:24:48.814258 7fbec41db700 	kLZ4HCCompression supported: 1
2018/11/19-07:24:48.814260 7fbec41db700 	kLZ4Compression supported: 1
2018/11/19-07:24:48.814261 7fbec41db700 	kBZip2Compression supported: 1
2018/11/19-07:24:48.814262 7fbec41db700 	kZlibCompression supported: 1
2018/11/19-07:24:48.814262 7fbec41db700 	kSnappyCompression supported: 1
2018/11/19-07:24:48.814266 7fbec41db700 Fast CRC32 supported: Supported on x86
2018/11/19-07:24:48.814906 7fbec41db700 [db/version_set.cc:3085] Recovering from manifest file: MANIFEST-000004
2018/11/19-07:24:48.815000 7fbec41db700 [db/column_family.cc:475] --------------- Options for column family [default]:
2018/11/19-07:24:48.815004 7fbec41db700               Options.comparator: leveldb.BytewiseComparator
2018/11/19-07:24:48.815005 7fbec41db700           Options.merge_operator: None
2018/11/19-07:24:48.815006 7fbec41db700        Options.compaction_filter: None
2018/11/19-07:24:48.815007 7fbec41db700        Options.compaction_filter_factory: None
2018/11/19-07:24:48.815008 7fbec41db700         Options.memtable_factory: SkipListFactory
2018/11/19-07:24:48.815021 7fbec41db700            Options.table_factory: BlockBasedTable
2018/11/19-07:24:48.815051 7fbec41db700            table_factory options:   flush_block_policy_factory: FlushBlockBySizePolicyFactory (0x7fbe4037e410)
  cache_index_and_filter_blocks: 0
  cache_index_and_filter_blocks_with_high_priority: 0
  pin_l0_filter_and_index_blocks_in_cache: 0
  index_type: 0
  hash_index_allow_collision: 1
  checksum: 1
  no_block_cache: 0
  block_cache: 0x7fbe40389740
  block_cache_name: LRUCache
  block_cache_options:
    capacity : 8388608
    num_shard_bits : 4
    strict_capacity_limit : 0
    high_pri_pool_ratio: 0.000
  block_cache_compressed: (nil)
  persistent_cache: (nil)
  block_size: 8192
  block_size_deviation: 10
  block_restart_interval: 16
  index_block_restart_interval: 1
  metadata_block_size: 4096
  partition_filters: 0
  use_delta_encoding: 1
  filter_policy: nullptr
  whole_key_filtering: 1
  verify_compression: 0
  read_amp_bytes_per_bit: 0
  format_version: 2
  enable_index_compression: 1
  block_align: 0
2018/11/19-07:24:48.815053 7fbec41db700        Options.write_buffer_size: 134217728
2018/11/19-07:24:48.815054 7fbec41db700  Options.max_write_buffer_number: 24
2018/11/19-07:24:48.815056 7fbec41db700        Options.compression[0]: NoCompression
2018/11/19-07:24:48.815057 7fbec41db700        Options.compression[1]: NoCompression
2018/11/19-07:24:48.815058 7fbec41db700        Options.compression[2]: LZ4
2018/11/19-07:24:48.815059 7fbec41db700        Options.compression[3]: LZ4
2018/11/19-07:24:48.815060 7fbec41db700        Options.compression[4]: LZ4
2018/11/19-07:24:48.815061 7fbec41db700        Options.compression[5]: LZ4
2018/11/19-07:24:48.815061 7fbec41db700        Options.compression[6]: LZ4
2018/11/19-07:24:48.815062 7fbec41db700                  Options.bottommost_compression: Disabled
2018/11/19-07:24:48.815063 7fbec41db700       Options.prefix_extractor: nullptr
2018/11/19-07:24:48.815064 7fbec41db700   Options.memtable_insert_with_hint_prefix_extractor: nullptr
2018/11/19-07:24:48.815065 7fbec41db700             Options.num_levels: 7
2018/11/19-07:24:48.815066 7fbec41db700        Options.min_write_buffer_number_to_merge: 2
2018/11/19-07:24:48.815067 7fbec41db700     Options.max_write_buffer_number_to_maintain: 0
2018/11/19-07:24:48.815068 7fbec41db700            Options.compression_opts.window_bits: -14
2018/11/19-07:24:48.815069 7fbec41db700                  Options.compression_opts.level: -1
2018/11/19-07:24:48.815070 7fbec41db700               Options.compression_opts.strategy: 0
2018/11/19-07:24:48.815070 7fbec41db700         Options.compression_opts.max_dict_bytes: 0
2018/11/19-07:24:48.815071 7fbec41db700         Options.compression_opts.zstd_max_train_bytes: 0
2018/11/19-07:24:48.815072 7fbec41db700      Options.level0_file_num_compaction_trigger: 2
2018/11/19-07:24:48.815073 7fbec41db700          Options.level0_slowdown_writes_trigger: 20
2018/11/19-07:24:48.815074 7fbec41db700              Options.level0_stop_writes_trigger: 36
2018/11/19-07:24:48.815075 7fbec41db700                   Options.target_file_size_base: 67108864
2018/11/19-07:24:48.815076 7fbec41db700             Options.target_file_size_multiplier: 1
2018/11/19-07:24:48.815077 7fbec41db700                Options.max_bytes_for_level_base: 536870912
2018/11/19-07:24:48.815078 7fbec41db700 Options.level_compaction_dynamic_level_bytes: 0
2018/11/19-07:24:48.815079 7fbec41db700          Options.max_bytes_for_level_multiplier: 10.000000
2018/11/19-07:24:48.815081 7fbec41db700 Options.max_bytes_for_level_multiplier_addtl[0]: 1
2018/11/19-07:24:48.815082 7fbec41db700 Options.max_bytes_for_level_multiplier_addtl[1]: 1
2018/11/19-07:24:48.815083 7fbec41db700 Options.max_bytes_for_level_multiplier_addtl[2]: 1
2018/11/19-07:24:48.815084 7fbec41db700 Options.max_bytes_for_level_multiplier_addtl[3]: 1
2018/11/19-07:24:48.815085 7fbec41db700 Options.max_bytes_for_level_multiplier_addtl[4]: 1
2018/11/19-07:24:48.815086 7fbec41db700 Options.max_bytes_for_level_multiplier_addtl[5]: 1
2018/11/19-07:24:48.815094 7fbec41db700 Options.max_bytes_for_level_multiplier_addtl[6]: 1
2018/11/19-07:24:48.815095 7fbec41db700       Options.max_sequential_skip_in_iterations: 8
2018/11/19-07:24:48.815096 7fbec41db700                    Options.max_compaction_bytes: 1677721600
2018/11/19-07:24:48.815097 7fbec41db700                        Options.arena_block_size: 16777216
2018/11/19-07:24:48.815098 7fbec41db700   Options.soft_pending_compaction_bytes_limit: 68719476736
2018/11/19-07:24:48.815099 7fbec41db700   Options.hard_pending_compaction_bytes_limit: 274877906944
2018/11/19-07:24:48.815100 7fbec41db700       Options.rate_limit_delay_max_milliseconds: 100
2018/11/19-07:24:48.815101 7fbec41db700                Options.disable_auto_compactions: 0
2018/11/19-07:24:48.815103 7fbec41db700                        Options.compaction_style: kCompactionStyleLevel
2018/11/19-07:24:48.815105 7fbec41db700                          Options.compaction_pri: kByCompensatedSize
2018/11/19-07:24:48.815106 7fbec41db700 Options.compaction_options_universal.size_ratio: 1
2018/11/19-07:24:48.815107 7fbec41db700 Options.compaction_options_universal.min_merge_width: 2
2018/11/19-07:24:48.815107 7fbec41db700 Options.compaction_options_universal.max_merge_width: 4294967295
2018/11/19-07:24:48.815108 7fbec41db700 Options.compaction_options_universal.max_size_amplification_percent: 200
2018/11/19-07:24:48.815109 7fbec41db700 Options.compaction_options_universal.compression_size_percent: -1
2018/11/19-07:24:48.815111 7fbec41db700 Options.compaction_options_universal.stop_style: kCompactionStopStyleTotalSize
2018/11/19-07:24:48.815112 7fbec41db700 Options.compaction_options_fifo.max_table_files_size: 1073741824
2018/11/19-07:24:48.815113 7fbec41db700 Options.compaction_options_fifo.allow_compaction: 0
2018/11/19-07:24:48.815114 7fbec41db700 Options.compaction_options_fifo.ttl: 0
2018/11/19-07:24:48.815115 7fbec41db700                   Options.table_properties_collectors: 
2018/11/19-07:24:48.815116 7fbec41db700                   Options.inplace_update_support: 0
2018/11/19-07:24:48.815117 7fbec41db700                 Options.inplace_update_num_locks: 10000
2018/11/19-07:24:48.815118 7fbec41db700               Options.memtable_prefix_bloom_size_ratio: 0.000000
2018/11/19-07:24:48.815119 7fbec41db700   Options.memtable_huge_page_size: 0
2018/11/19-07:24:48.815120 7fbec41db700                           Options.bloom_locality: 0
2018/11/19-07:24:48.815121 7fbec41db700                    Options.max_successive_merges: 0
2018/11/19-07:24:48.815122 7fbec41db700                Options.optimize_filters_for_hits: 0
2018/11/19-07:24:48.815123 7fbec41db700                Options.paranoid_file_checks: 0
2018/11/19-07:24:48.815124 7fbec41db700                Options.force_consistency_checks: 0
2018/11/19-07:24:48.815124 7fbec41db700                Options.report_bg_io_stats: 0
2018/11/19-07:24:48.815125 7fbec41db700                               Options.ttl: 0
2018/11/19-07:24:48.815452 7fbec41db700 [db/column_family.cc:475] --------------- Options for column family [usertable]:
2018/11/19-07:24:48.815455 7fbec41db700               Options.comparator: leveldb.BytewiseComparator
2018/11/19-07:24:48.815456 7fbec41db700           Options.merge_operator: None
2018/11/19-07:24:48.815457 7fbec41db700        Options.compaction_filter: None
2018/11/19-07:24:48.815458 7fbec41db700        Options.compaction_filter_factory: None
2018/11/19-07:24:48.815459 7fbec41db700         Options.memtable_factory: SkipListFactory
2018/11/19-07:24:48.815460 7fbec41db700            Options.table_factory: BlockBasedTable
2018/11/19-07:24:48.815481 7fbec41db700            table_factory options:   flush_block_policy_factory: FlushBlockBySizePolicyFactory (0x7fbe4037e3f0)
  cache_index_and_filter_blocks: 0
  cache_index_and_filter_blocks_with_high_priority: 0
  pin_l0_filter_and_index_blocks_in_cache: 0
  index_type: 0
  hash_index_allow_collision: 1
  checksum: 1
  no_block_cache: 0
  block_cache: 0x7fbe4037ef50
  block_cache_name: LRUCache
  block_cache_options:
    capacity : 8388608
    num_shard_bits : 4
    strict_capacity_limit : 0
    high_pri_pool_ratio: 0.000
  block_cache_compressed: (nil)
  persistent_cache: (nil)
  block_size: 8192
  block_size_deviation: 10
  block_restart_interval: 16
  index_block_restart_interval: 1
  metadata_block_size: 4096
  partition_filters: 0
  use_delta_encoding: 1
  filter_policy: nullptr
  whole_key_filtering: 1
  verify_compression: 0
  read_amp_bytes_per_bit: 0
  format_version: 2
  enable_index_compression: 1
  block_align: 0
2018/11/19-07:24:48.815493 7fbec41db700        Options.write_buffer_size: 134217728
2018/11/19-07:24:48.815494 7fbec41db700  Options.max_write_buffer_number: 24
2018/11/19-07:24:48.815495 7fbec41db700        Options.compression[0]: NoCompression
2018/11/19-07:24:48.815496 7fbec41db700        Options.compression[1]: NoCompression
2018/11/19-07:24:48.815497 7fbec41db700        Options.compression[2]: LZ4
2018/11/19-07:24:48.815498 7fbec41db700        Options.compression[3]: LZ4
2018/11/19-07:24:48.815499 7fbec41db700        Options.compression[4]: LZ4
2018/11/19-07:24:48.815500 7fbec41db700        Options.compression[5]: LZ4
2018/11/19-07:24:48.815501 7fbec41db700        Options.compression[6]: LZ4
2018/11/19-07:24:48.815502 7fbec41db700                  Options.bottommost_compression: Disabled
2018/11/19-07:24:48.815503 7fbec41db700       Options.prefix_extractor: nullptr
2018/11/19-07:24:48.815504 7fbec41db700   Options.memtable_insert_with_hint_prefix_extractor: nullptr
2018/11/19-07:24:48.815504 7fbec41db700             Options.num_levels: 7
2018/11/19-07:24:48.815505 7fbec41db700        Options.min_write_buffer_number_to_merge: 2
2018/11/19-07:24:48.815506 7fbec41db700     Options.max_write_buffer_number_to_maintain: 0
2018/11/19-07:24:48.815507 7fbec41db700            Options.compression_opts.window_bits: -14
2018/11/19-07:24:48.815508 7fbec41db700                  Options.compression_opts.level: -1
2018/11/19-07:24:48.815509 7fbec41db700               Options.compression_opts.strategy: 0
2018/11/19-07:24:48.815510 7fbec41db700         Options.compression_opts.max_dict_bytes: 0
2018/11/19-07:24:48.815511 7fbec41db700         Options.compression_opts.zstd_max_train_bytes: 0
2018/11/19-07:24:48.815511 7fbec41db700      Options.level0_file_num_compaction_trigger: 2
2018/11/19-07:24:48.815512 7fbec41db700          Options.level0_slowdown_writes_trigger: 20
2018/11/19-07:24:48.815513 7fbec41db700              Options.level0_stop_writes_trigger: 36
2018/11/19-07:24:48.815514 7fbec41db700                   Options.target_file_size_base: 67108864
2018/11/19-07:24:48.815515 7fbec41db700             Options.target_file_size_multiplier: 1
2018/11/19-07:24:48.815516 7fbec41db700                Options.max_bytes_for_level_base: 536870912
2018/11/19-07:24:48.815517 7fbec41db700 Options.level_compaction_dynamic_level_bytes: 0
2018/11/19-07:24:48.815517 7fbec41db700          Options.max_bytes_for_level_multiplier: 10.000000
2018/11/19-07:24:48.815519 7fbec41db700 Options.max_bytes_for_level_multiplier_addtl[0]: 1
2018/11/19-07:24:48.815520 7fbec41db700 Options.max_bytes_for_level_multiplier_addtl[1]: 1
2018/11/19-07:24:48.815521 7fbec41db700 Options.max_bytes_for_level_multiplier_addtl[2]: 1
2018/11/19-07:24:48.815522 7fbec41db700 Options.max_bytes_for_level_multiplier_addtl[3]: 1
2018/11/19-07:24:48.815523 7fbec41db700 Options.max_bytes_for_level_multiplier_addtl[4]: 1
2018/11/19-07:24:48.815524 7fbec41db700 Options.max_bytes_for_level_multiplier_addtl[5]: 1
2018/11/19-07:24:48.815525 7fbec41db700 Options.max_bytes_for_level_multiplier_addtl[6]: 1
2018/11/19-07:24:48.815526 7fbec41db700       Options.max_sequential_skip_in_iterations: 8
2018/11/19-07:24:48.815526 7fbec41db700                    Options.max_compaction_bytes: 1677721600
2018/11/19-07:24:48.815527 7fbec41db700                        Options.arena_block_size: 16777216
2018/11/19-07:24:48.815528 7fbec41db700   Options.soft_pending_compaction_bytes_limit: 68719476736
2018/11/19-07:24:48.815529 7fbec41db700   Options.hard_pending_compaction_bytes_limit: 274877906944
2018/11/19-07:24:48.815535 7fbec41db700       Options.rate_limit_delay_max_milliseconds: 100
2018/11/19-07:24:48.815537 7fbec41db700                Options.disable_auto_compactions: 0
2018/11/19-07:24:48.815538 7fbec41db700                        Options.compaction_style: kCompactionStyleLevel
2018/11/19-07:24:48.815539 7fbec41db700                          Options.compaction_pri: kByCompensatedSize
2018/11/19-07:24:48.815540 7fbec41db700 Options.compaction_options_universal.size_ratio: 1
2018/11/19-07:24:48.815541 7fbec41db700 Options.compaction_options_universal.min_merge_width: 2
2018/11/19-07:24:48.815542 7fbec41db700 Options.compaction_options_universal.max_merge_width: 4294967295
2018/11/19-07:24:48.815543 7fbec41db700 Options.compaction_options_universal.max_size_amplification_percent: 200
2018/11/19-07:24:48.815544 7fbec41db700 Options.compaction_options_universal.compression_size_percent: -1
2018/11/19-07:24:48.815545 7fbec41db700 Options.compaction_options_universal.stop_style: kCompactionStopStyleTotalSize
2018/11/19-07:24:48.815546 7fbec41db700 Options.compaction_options_fifo.max_table_files_size: 1073741824
2018/11/19-07:24:48.815546 7fbec41db700 Options.compaction_options_fifo.allow_compaction: 0
2018/11/19-07:24:48.815547 7fbec41db700 Options.compaction_options_fifo.ttl: 0
2018/11/19-07:24:48.815548 7fbec41db700                   Options.table_properties_collectors: 
2018/11/19-07:24:48.815549 7fbec41db700                   Options.inplace_update_support: 0
2018/11/19-07:24:48.815550 7fbec41db700                 Options.inplace_update_num_locks: 10000
2018/11/19-07:24:48.815551 7fbec41db700               Options.memtable_prefix_bloom_size_ratio: 0.000000
2018/11/19-07:24:48.815552 7fbec41db700   Options.memtable_huge_page_size: 0
2018/11/19-07:24:48.815553 7fbec41db700                           Options.bloom_locality: 0
2018/11/19-07:24:48.815554 7fbec41db700                    Options.max_successive_merges: 0
2018/11/19-07:24:48.815555 7fbec41db700                Options.optimize_filters_for_hits: 0
2018/11/19-07:24:48.815556 7fbec41db700                Options.paranoid_file_checks: 0
2018/11/19-07:24:48.815557 7fbec41db700                Options.force_consistency_checks: 0
2018/11/19-07:24:48.815557 7fbec41db700                Options.report_bg_io_stats: 0
2018/11/19-07:24:48.815558 7fbec41db700                               Options.ttl: 0
2018/11/19-07:24:48.993364 7fbec41db700 [db/version_set.cc:3361] Recovered from manifest file:/mnt/sdb/ycsb-rocksdb-data/MANIFEST-000004 succeeded,manifest_file_number is 4, next_file_number is 292, last_sequence is 3679046, log_number is 0,prev_log_number is 0,max_column_family is 1,min_log_number_to_keep is 0
2018/11/19-07:24:48.993374 7fbec41db700 [db/version_set.cc:3369] Column family [default] (ID 0), log number is 0
2018/11/19-07:24:48.993376 7fbec41db700 [db/version_set.cc:3369] Column family [usertable] (ID 1), log number is 277
2018/11/19-07:24:48.993711 7fbec41db700 EVENT_LOG_v1 {"time_micros": 1542641088993697, "job": 1, "event": "recovery_started", "log_files": [277, 279, 292, 294, 295, 297, 298, 300, 301, 303, 304]}
2018/11/19-07:24:48.993718 7fbec41db700 [db/db_impl_open.cc:551] Recovering log #277 mode 2
2018/11/19-07:24:49.321284 7fbec41db700 [db/db_impl_open.cc:551] Recovering log #279 mode 2
2018/11/19-07:24:50.365112 7fbec41db700 EVENT_LOG_v1 {"time_micros": 1542641090365091, "cf_name": "usertable", "job": 1, "event": "table_file_creation", "file_number": 292, "file_size": 129918888, "table_properties": {"data_size": 129337885, "index_size": 580081, "filter_size": 0, "raw_key_size": 752856, "raw_average_key_size": 24, "raw_value_size": 128487424, "raw_average_value_size": 4096, "num_data_blocks": 15685, "num_entries": 31369, "filter_policy_name": "", "kDeletedKeys": "0", "kMergeOperands": "0"}}
2018/11/19-07:24:51.060903 7fbec41db700 [db/db_impl_open.cc:551] Recovering log #292 mode 2
2018/11/19-07:24:52.746812 7fbec41db700 EVENT_LOG_v1 {"time_micros": 1542641092746792, "cf_name": "usertable", "job": 1, "event": "table_file_creation", "file_number": 293, "file_size": 129911920, "table_properties": {"data_size": 129334401, "index_size": 576597, "filter_size": 0, "raw_key_size": 752856, "raw_average_key_size": 24, "raw_value_size": 128487424, "raw_average_value_size": 4096, "num_data_blocks": 15685, "num_entries": 31369, "filter_policy_name": "", "kDeletedKeys": "0", "kMergeOperands": "0"}}
2018/11/19-07:24:53.015684 7fbec41db700 [db/db_impl_open.cc:551] Recovering log #294 mode 2
2018/11/19-07:24:55.047182 7fbec41db700 EVENT_LOG_v1 {"time_micros": 1542641095047164, "cf_name": "usertable", "job": 1, "event": "table_file_creation", "file_number": 295, "file_size": 129914716, "table_properties": {"data_size": 129333750, "index_size": 580044, "filter_size": 0, "raw_key_size": 752832, "raw_average_key_size": 24, "raw_value_size": 128483328, "raw_average_value_size": 4096, "num_data_blocks": 15684, "num_entries": 31368, "filter_policy_name": "", "kDeletedKeys": "0", "kMergeOperands": "0"}}
2018/11/19-07:24:55.507946 7fbec41db700 [db/db_impl_open.cc:551] Recovering log #295 mode 2
2018/11/19-07:24:57.894611 7fbec41db700 EVENT_LOG_v1 {"time_micros": 1542641097894590, "cf_name": "usertable", "job": 1, "event": "table_file_creation", "file_number": 296, "file_size": 129956132, "table_properties": {"data_size": 129374981, "index_size": 580229, "filter_size": 0, "raw_key_size": 753072, "raw_average_key_size": 24, "raw_value_size": 128524288, "raw_average_value_size": 4096, "num_data_blocks": 15689, "num_entries": 31378, "filter_policy_name": "", "kDeletedKeys": "0", "kMergeOperands": "0"}}
2018/11/19-07:24:58.028368 7fbec41db700 [db/db_impl_open.cc:551] Recovering log #297 mode 2
2018/11/19-07:24:59.662078 7fbec41db700 EVENT_LOG_v1 {"time_micros": 1542641099662057, "cf_name": "usertable", "job": 1, "event": "table_file_creation", "file_number": 298, "file_size": 129952022, "table_properties": {"data_size": 129370871, "index_size": 580229, "filter_size": 0, "raw_key_size": 753048, "raw_average_key_size": 24, "raw_value_size": 128520192, "raw_average_value_size": 4096, "num_data_blocks": 15689, "num_entries": 31377, "filter_policy_name": "", "kDeletedKeys": "0", "kMergeOperands": "0"}}
2018/11/19-07:24:59.911296 7fbec41db700 [db/db_impl_open.cc:551] Recovering log #298 mode 2
2018/11/19-07:25:01.734865 7fbec41db700 EVENT_LOG_v1 {"time_micros": 1542641101734833, "cf_name": "usertable", "job": 1, "event": "table_file_creation", "file_number": 299, "file_size": 129945197, "table_properties": {"data_size": 129367459, "index_size": 576816, "filter_size": 0, "raw_key_size": 753048, "raw_average_key_size": 24, "raw_value_size": 128520192, "raw_average_value_size": 4096, "num_data_blocks": 15689, "num_entries": 31377, "filter_policy_name": "", "kDeletedKeys": "0", "kMergeOperands": "0"}}
2018/11/19-07:25:01.807117 7fbec41db700 [db/db_impl_open.cc:551] Recovering log #300 mode 2
2018/11/19-07:25:03.700162 7fbec41db700 EVENT_LOG_v1 {"time_micros": 1542641103700144, "cf_name": "usertable", "job": 1, "event": "table_file_creation", "file_number": 301, "file_size": 129964416, "table_properties": {"data_size": 129383228, "index_size": 580266, "filter_size": 0, "raw_key_size": 753120, "raw_average_key_size": 24, "raw_value_size": 128532480, "raw_average_value_size": 4096, "num_data_blocks": 15690, "num_entries": 31380, "filter_policy_name": "", "kDeletedKeys": "0", "kMergeOperands": "0"}}
2018/11/19-07:25:03.797406 7fbec41db700 [db/db_impl_open.cc:551] Recovering log #301 mode 2
2018/11/19-07:25:04.153091 7fbec41db700 [db/db_impl_open.cc:551] Recovering log #303 mode 2
2018/11/19-07:25:04.675680 7fbec41db700 EVENT_LOG_v1 {"time_micros": 1542641104675659, "cf_name": "usertable", "job": 1, "event": "table_file_creation", "file_number": 304, "file_size": 129927171, "table_properties": {"data_size": 129346131, "index_size": 580118, "filter_size": 0, "raw_key_size": 752904, "raw_average_key_size": 24, "raw_value_size": 128495616, "raw_average_value_size": 4096, "num_data_blocks": 15686, "num_entries": 31371, "filter_policy_name": "", "kDeletedKeys": "0", "kMergeOperands": "0"}}
2018/11/19-07:25:04.944302 7fbec41db700 [db/db_impl_open.cc:551] Recovering log #304 mode 2
2018/11/19-07:25:05.024298 7fbec41db700 [db/version_set.cc:2847] Creating manifest 306
2018/11/19-07:25:06.924639 7fbec41db700 EVENT_LOG_v1 {"time_micros": 1542641106924620, "cf_name": "usertable", "job": 1, "event": "table_file_creation", "file_number": 307, "file_size": 128628089, "table_properties": {"data_size": 128056271, "index_size": 570896, "filter_size": 0, "raw_key_size": 745416, "raw_average_key_size": 24, "raw_value_size": 127217664, "raw_average_value_size": 4096, "num_data_blocks": 15530, "num_entries": 31059, "filter_policy_name": "", "kDeletedKeys": "0", "kMergeOperands": "0"}}
2018/11/19-07:25:06.953473 7fbec41db700 EVENT_LOG_v1 {"time_micros": 1542641106953469, "job": 1, "event": "recovery_finished"}
2018/11/19-07:25:06.953637 7fbec41db700 [WARN] [db/column_family.cc:799] [usertable] Stalling writes because we have 28 level-0 files rate 16777216
2018/11/19-07:25:07.082386 7fbec41db700 [db/db_impl_open.cc:1219] DB pointer 0x7fbe403cc4b0
2018/11/19-07:25:07.082868 7fbeb4db7700 [WARN] [db/db_impl.cc:491] ------- DUMPING STATS -------
2018/11/19-07:25:07.082916 7fbeb4db7700 [WARN] [db/db_impl.cc:492] 
** DB Stats **
Uptime(secs): 18.3 total, 18.3 interval
Cumulative writes: 0 writes, 0 keys, 0 commit groups, 0.0 writes per commit group, ingest: 0.00 GB, 0.00 MB/s
Cumulative WAL: 0 writes, 0 syncs, 0.00 writes per sync, written: 0.00 GB, 0.00 MB/s
Cumulative stall: 00:00:0.000 H:M:S, 0.0 percent
Interval writes: 0 writes, 0 keys, 0 commit groups, 0.0 writes per commit group, ingest: 0.00 MB, 0.00 MB/s
Interval WAL: 0 writes, 0 syncs, 0.00 writes per sync, written: 0.00 MB, 0.00 MB/s
Interval stall: 00:00:0.000 H:M:S, 0.0 percent

** Compaction Stats [default] **
Level    Files   Size     Score Read(GB)  Rn(GB) Rnp1(GB) Write(GB) Wnew(GB) Moved(GB) W-Amp Rd(MB/s) Wr(MB/s) Comp(sec) Comp(cnt) Avg(sec) KeyIn KeyDrop
----------------------------------------------------------------------------------------------------------------------------------------------------------
 Sum      0/0    0.00 KB   0.0      0.0     0.0      0.0       0.0      0.0       0.0   0.0      0.0      0.0         0         0    0.000       0      0
 Int      0/0    0.00 KB   0.0      0.0     0.0      0.0       0.0      0.0       0.0   0.0      0.0      0.0         0         0    0.000       0      0
Uptime(secs): 18.3 total, 18.3 interval
Flush(GB): cumulative 0.000, interval 0.000
AddFile(GB): cumulative 0.000, interval 0.000
AddFile(Total Files): cumulative 0, interval 0
AddFile(L0 Files): cumulative 0, interval 0
AddFile(Keys): cumulative 0, interval 0
Cumulative compaction: 0.00 GB write, 0.00 MB/s write, 0.00 GB read, 0.00 MB/s read, 0.0 seconds
Interval compaction: 0.00 GB write, 0.00 MB/s write, 0.00 GB read, 0.00 MB/s read, 0.0 seconds
Stalls(count): 0 level0_slowdown, 0 level0_slowdown_with_compaction, 0 level0_numfiles, 0 level0_numfiles_with_compaction, 0 stop for pending_compaction_bytes, 0 slowdown for pending_compaction_bytes, 0 memtable_compaction, 0 memtable_slowdown, interval 0 total count

** File Read Latency Histogram By Level [default] **

** Compaction Stats [usertable] **
Level    Files   Size     Score Read(GB)  Rn(GB) Rnp1(GB) Write(GB) Wnew(GB) Moved(GB) W-Amp Rd(MB/s) Wr(MB/s) Comp(sec) Comp(cnt) Avg(sec) KeyIn KeyDrop
----------------------------------------------------------------------------------------------------------------------------------------------------------
  L0     28/0   11.69 GB  23.4      0.0     0.0      0.0       1.1      1.1       0.0   1.0      0.0     86.8        13         9    1.425       0      0
  L1      2/0   430.97 MB   0.8      0.0     0.0      0.0       0.0      0.0       0.0   0.0      0.0      0.0         0         0    0.000       0      0
  L2     56/0    2.99 GB   0.6      0.0     0.0      0.0       0.0      0.0       0.0   0.0      0.0      0.0         0         0    0.000       0      0
 Sum     86/0   15.10 GB   0.0      0.0     0.0      0.0       1.1      1.1       0.0   1.0      0.0     86.8        13         9    1.425       0      0
 Int      0/0    0.00 KB   0.0      0.0     0.0      0.0       1.1      1.1       0.0   1.0      0.0     86.8        13         9    1.425       0      0
Uptime(secs): 18.3 total, 18.3 interval
Flush(GB): cumulative 1.088, interval 1.088
AddFile(GB): cumulative 0.000, interval 0.000
AddFile(Total Files): cumulative 0, interval 0
AddFile(L0 Files): cumulative 0, interval 0
AddFile(Keys): cumulative 0, interval 0
Cumulative compaction: 1.09 GB write, 60.98 MB/s write, 0.00 GB read, 0.00 MB/s read, 12.8 seconds
Interval compaction: 1.09 GB write, 60.98 MB/s write, 0.00 GB read, 0.00 MB/s read, 12.8 seconds
Stalls(count): 1 level0_slowdown, 0 level0_slowdown_with_compaction, 0 level0_numfiles, 0 level0_numfiles_with_compaction, 0 stop for pending_compaction_bytes, 0 slowdown for pending_compaction_bytes, 0 memtable_compaction, 0 memtable_slowdown, interval 1 total count

** File Read Latency Histogram By Level [usertable] **

** Compaction Stats [default] **
Level    Files   Size     Score Read(GB)  Rn(GB) Rnp1(GB) Write(GB) Wnew(GB) Moved(GB) W-Amp Rd(MB/s) Wr(MB/s) Comp(sec) Comp(cnt) Avg(sec) KeyIn KeyDrop
----------------------------------------------------------------------------------------------------------------------------------------------------------
 Sum      0/0    0.00 KB   0.0      0.0     0.0      0.0       0.0      0.0       0.0   0.0      0.0      0.0         0         0    0.000       0      0
 Int      0/0    0.00 KB   0.0      0.0     0.0      0.0       0.0      0.0       0.0   0.0      0.0      0.0         0         0    0.000       0      0
Uptime(secs): 18.3 total, 0.0 interval
Flush(GB): cumulative 0.000, interval 0.000
AddFile(GB): cumulative 0.000, interval 0.000
AddFile(Total Files): cumulative 0, interval 0
AddFile(L0 Files): cumulative 0, interval 0
AddFile(Keys): cumulative 0, interval 0
Cumulative compaction: 0.00 GB write, 0.00 MB/s write, 0.00 GB read, 0.00 MB/s read, 0.0 seconds
Interval compaction: 0.00 GB write, 0.00 MB/s write, 0.00 GB read, 0.00 MB/s read, 0.0 seconds
Stalls(count): 0 level0_slowdown, 0 level0_slowdown_with_compaction, 0 level0_numfiles, 0 level0_numfiles_with_compaction, 0 stop for pending_compaction_bytes, 0 slowdown for pending_compaction_bytes, 0 memtable_compaction, 0 memtable_slowdown, interval 0 total count

** File Read Latency Histogram By Level [default] **

** Compaction Stats [usertable] **
Level    Files   Size     Score Read(GB)  Rn(GB) Rnp1(GB) Write(GB) Wnew(GB) Moved(GB) W-Amp Rd(MB/s) Wr(MB/s) Comp(sec) Comp(cnt) Avg(sec) KeyIn KeyDrop
----------------------------------------------------------------------------------------------------------------------------------------------------------
  L0     28/0   11.69 GB  23.4      0.0     0.0      0.0       1.1      1.1       0.0   1.0      0.0     86.8        13         9    1.425       0      0
  L1      2/0   430.97 MB   0.8      0.0     0.0      0.0       0.0      0.0       0.0   0.0      0.0      0.0         0         0    0.000       0      0
  L2     56/0    2.99 GB   0.6      0.0     0.0      0.0       0.0      0.0       0.0   0.0      0.0      0.0         0         0    0.000       0      0
 Sum     86/0   15.10 GB   0.0      0.0     0.0      0.0       1.1      1.1       0.0   1.0      0.0     86.8        13         9    1.425       0      0
 Int      0/0    0.00 KB   0.0      0.0     0.0      0.0       0.0      0.0       0.0   0.0      0.0      0.0         0         0    0.000       0      0
Uptime(secs): 18.3 total, 0.0 interval
Flush(GB): cumulative 1.088, interval 0.000
AddFile(GB): cumulative 0.000, interval 0.000
AddFile(Total Files): cumulative 0, interval 0
AddFile(L0 Files): cumulative 0, interval 0
AddFile(Keys): cumulative 0, interval 0
Cumulative compaction: 1.09 GB write, 60.98 MB/s write, 0.00 GB read, 0.00 MB/s read, 12.8 seconds
Interval compaction: 0.00 GB write, 0.00 MB/s write, 0.00 GB read, 0.00 MB/s read, 0.0 seconds
Stalls(count): 1 level0_slowdown, 0 level0_slowdown_with_compaction, 0 level0_numfiles, 0 level0_numfiles_with_compaction, 0 stop for pending_compaction_bytes, 0 slowdown for pending_compaction_bytes, 0 memtable_compaction, 0 memtable_slowdown, interval 0 total count

** File Read Latency Histogram By Level [usertable] **
2018/11/19-07:25:07.083145 7fbeb4db7700 [db/compaction_job.cc:1531] [usertable] [JOB 3] Compacting 1@0 files to L1, score 23.38
2018/11/19-07:25:07.083162 7fbeb4db7700 [db/compaction_job.cc:1535] [usertable] Compaction start summary: Base version 5 Base level 0, inputs: [189(1089MB)]
2018/11/19-07:25:07.083199 7fbe888ef700 [db/compaction_job.cc:1531] [usertable] [JOB 4] Compacting 9@0 files to L0, score 21.25
2018/11/19-07:25:07.083212 7fbe888ef700 [db/compaction_job.cc:1535] [usertable] Compaction start summary: Base version 5 Base level 0, inputs: [307(122MB) 304(123MB) 301(123MB) 299(123MB) 298(123MB) 296(123MB) 295(123MB) 293(123MB) 292(123MB)]
2018/11/19-07:25:07.083237 7fbe888ef700 EVENT_LOG_v1 {"time_micros": 1542641107083219, "job": 4, "event": "compaction_started", "compaction_reason": "LevelL0FilesNum", "files_L0": [307, 304, 301, 299, 298, 296, 295, 293, 292], "score": 21.2529, "input_data_size": 1168118551}
2018/11/19-07:25:07.083237 7fbeb4db7700 EVENT_LOG_v1 {"time_micros": 1542641107083181, "job": 3, "event": "compaction_started", "compaction_reason": "LevelL0FilesNum", "files_L0": [189], "score": 23.3805, "input_data_size": 1142255538}
2018/11/19-07:25:07.083264 7fbdbbfff700 (Original Log Time 2018/11/19-07:25:07.083248) [db/db_impl_compaction_flush.cc:1781] Compaction nothing to do
2018/11/19-07:25:26.068613 7fbe888ef700 [db/compaction_job.cc:1211] [usertable] [JOB 4] Generated table #311: 282048 keys, 1168242264 bytes
2018/11/19-07:25:26.068668 7fbe888ef700 EVENT_LOG_v1 {"time_micros": 1542641126068652, "cf_name": "usertable", "job": 4, "event": "table_file_creation", "file_number": 311, "file_size": 1168242264, "table_properties": {"data_size": 1162915241, "index_size": 5326095, "filter_size": 0, "raw_key_size": 6769152, "raw_average_key_size": 24, "raw_value_size": 1155268608, "raw_average_value_size": 4096, "num_data_blocks": 141024, "num_entries": 282048, "filter_policy_name": "", "kDeletedKeys": "0", "kMergeOperands": "0"}}
2018/11/19-07:25:26.068713 7fbe888ef700 [db/compaction_job.cc:1287] [usertable] [JOB 4] Compacted 9@0 files to L0 => 1168242264 bytes
2018/11/19-07:25:26.343461 7fbe888ef700 [WARN] [db/column_family.cc:799] [usertable] Stalling writes because we have 20 level-0 files rate 13421772
2018/11/19-07:25:26.343534 7fbe888ef700 (Original Log Time 2018/11/19-07:25:26.343419) [db/compaction_job.cc:685] [usertable] compacted to: base level 1 max bytes base 536870912 files[20 2 56 0 0 0 0] max score 21.25, MB/sec: 61.5 rd, 61.5 wr, level 0, files in(0, 9) out(1) MB in(0.0, 1114.0) out(1114.1), read-write-amplify(0.0) write-amplify(0.0) OK, records in: 282048, records dropped: 0 output_compression: NoCompression
