2018/11/19-12:50:09.198519 7fce647f7700 RocksDB version: 5.14.3
2018/11/19-12:50:09.198590 7fce647f7700 Git sha rocksdb_build_git_sha:
2018/11/19-12:50:09.198593 7fce647f7700 Compile date Oct 15 2018
2018/11/19-12:50:09.198598 7fce647f7700 DB SUMMARY
2018/11/19-12:50:09.199302 7fce647f7700 CURRENT file:  CURRENT
2018/11/19-12:50:09.199306 7fce647f7700 IDENTITY file:  IDENTITY
2018/11/19-12:50:09.199312 7fce647f7700 MANIFEST file:  MANIFEST-000004 size: 13222 Bytes
2018/11/19-12:50:09.199315 7fce647f7700 SST files in /mnt/sdb/ycsb-rocksdb-data dir, Total Num: 87, files: 000047.sst 000058.sst 000062.sst 000063.sst 000064.sst 000067.sst 000068.sst 000069.sst 000070.sst 
2018/11/19-12:50:09.199326 7fce647f7700 Write Ahead Log file in /mnt/sdb/ycsb-rocksdb-data: 000277.log size: 111473160 ; 000279.log size: 113694688 ; 000289.log size: 113158137 ; 000291.log size: 112317486 ; 000294.log size: 115829896 ; 000296.log size: 110861142 ; 000304.log size: 110305479 ; 000310.log size: 114809993 ; 000312.log size: 111914093 ; 000314.log size: 112678897 ; 000319.log size: 115736385 ; 000321.log size: 108363127 ; 000322.log size: 114340329 ; 000324.log size: 119834989 ; 000325.log size: 111095037 ; 000327.log size: 112243864 ; 000328.log size: 112478647 ; 000330.log size: 113216816 ; 000343.log size: 110646644 ; 000345.log size: 113194335 ; 
2018/11/19-12:50:09.199332 7fce647f7700                         Options.error_if_exists: 0
2018/11/19-12:50:09.199333 7fce647f7700                       Options.create_if_missing: 1
2018/11/19-12:50:09.199334 7fce647f7700                         Options.paranoid_checks: 1
2018/11/19-12:50:09.199335 7fce647f7700                                     Options.env: 0x7fce571e33e0
2018/11/19-12:50:09.199336 7fce647f7700                                Options.info_log: 0x7fcda43cdb40
2018/11/19-12:50:09.199337 7fce647f7700                Options.max_file_opening_threads: 16
2018/11/19-12:50:09.199338 7fce647f7700                              Options.statistics: (nil)
2018/11/19-12:50:09.199339 7fce647f7700                               Options.use_fsync: 0
2018/11/19-12:50:09.199340 7fce647f7700                       Options.max_log_file_size: 0
2018/11/19-12:50:09.199341 7fce647f7700                  Options.max_manifest_file_size: 18446744073709551615
2018/11/19-12:50:09.199342 7fce647f7700                   Options.log_file_time_to_roll: 0
2018/11/19-12:50:09.199343 7fce647f7700                       Options.keep_log_file_num: 1000
2018/11/19-12:50:09.199344 7fce647f7700                    Options.recycle_log_file_num: 0
2018/11/19-12:50:09.199345 7fce647f7700                         Options.allow_fallocate: 1
2018/11/19-12:50:09.199346 7fce647f7700                        Options.allow_mmap_reads: 0
2018/11/19-12:50:09.199347 7fce647f7700                       Options.allow_mmap_writes: 0
2018/11/19-12:50:09.199347 7fce647f7700                        Options.use_direct_reads: 0
2018/11/19-12:50:09.199348 7fce647f7700                        Options.use_direct_io_for_flush_and_compaction: 0
2018/11/19-12:50:09.199349 7fce647f7700          Options.create_missing_column_families: 1
2018/11/19-12:50:09.199350 7fce647f7700                              Options.db_log_dir: 
2018/11/19-12:50:09.199351 7fce647f7700                                 Options.wal_dir: /mnt/sdb/ycsb-rocksdb-data
2018/11/19-12:50:09.199352 7fce647f7700                Options.table_cache_numshardbits: 6
2018/11/19-12:50:09.199353 7fce647f7700                      Options.max_subcompactions: 4
2018/11/19-12:50:09.199353 7fce647f7700                  Options.max_background_flushes: 24
2018/11/19-12:50:09.199354 7fce647f7700                         Options.WAL_ttl_seconds: 0
2018/11/19-12:50:09.199355 7fce647f7700                       Options.WAL_size_limit_MB: 0
2018/11/19-12:50:09.199356 7fce647f7700             Options.manifest_preallocation_size: 4194304
2018/11/19-12:50:09.199357 7fce647f7700                     Options.is_fd_close_on_exec: 1
2018/11/19-12:50:09.199358 7fce647f7700                   Options.advise_random_on_open: 1
2018/11/19-12:50:09.199359 7fce647f7700                    Options.db_write_buffer_size: 0
2018/11/19-12:50:09.199373 7fce647f7700                    Options.write_buffer_manager: 0x7fcda43c84b0
2018/11/19-12:50:09.199374 7fce647f7700         Options.access_hint_on_compaction_start: 1
2018/11/19-12:50:09.199375 7fce647f7700  Options.new_table_reader_for_compaction_inputs: 0
2018/11/19-12:50:09.199376 7fce647f7700           Options.random_access_max_buffer_size: 1048576
2018/11/19-12:50:09.199377 7fce647f7700                      Options.use_adaptive_mutex: 0
2018/11/19-12:50:09.199378 7fce647f7700                            Options.rate_limiter: (nil)
2018/11/19-12:50:09.199380 7fce647f7700     Options.sst_file_manager.rate_bytes_per_sec: 0
2018/11/19-12:50:09.199381 7fce647f7700                       Options.wal_recovery_mode: 2
2018/11/19-12:50:09.199382 7fce647f7700                  Options.enable_thread_tracking: 0
2018/11/19-12:50:09.199382 7fce647f7700                  Options.enable_pipelined_write: 1
2018/11/19-12:50:09.199383 7fce647f7700         Options.allow_concurrent_memtable_write: 1
2018/11/19-12:50:09.199384 7fce647f7700      Options.enable_write_thread_adaptive_yield: 1
2018/11/19-12:50:09.199385 7fce647f7700             Options.write_thread_max_yield_usec: 100
2018/11/19-12:50:09.199386 7fce647f7700            Options.write_thread_slow_yield_usec: 3
2018/11/19-12:50:09.199387 7fce647f7700                               Options.row_cache: None
2018/11/19-12:50:09.199387 7fce647f7700                              Options.wal_filter: None
2018/11/19-12:50:09.199389 7fce647f7700             Options.avoid_flush_during_recovery: 0
2018/11/19-12:50:09.199390 7fce647f7700             Options.allow_ingest_behind: 0
2018/11/19-12:50:09.199391 7fce647f7700             Options.preserve_deletes: 0
2018/11/19-12:50:09.199391 7fce647f7700             Options.two_write_queues: 0
2018/11/19-12:50:09.199392 7fce647f7700             Options.manual_wal_flush: 0
2018/11/19-12:50:09.199394 7fce647f7700             Options.max_background_jobs: 24
2018/11/19-12:50:09.199395 7fce647f7700             Options.max_background_compactions: 24
2018/11/19-12:50:09.199396 7fce647f7700             Options.avoid_flush_during_shutdown: 0
2018/11/19-12:50:09.199397 7fce647f7700           Options.writable_file_max_buffer_size: 1048576
2018/11/19-12:50:09.199398 7fce647f7700             Options.delayed_write_rate : 16777216
2018/11/19-12:50:09.199399 7fce647f7700             Options.max_total_wal_size: 0
2018/11/19-12:50:09.199400 7fce647f7700             Options.delete_obsolete_files_period_micros: 21600000000
2018/11/19-12:50:09.199401 7fce647f7700                   Options.stats_dump_period_sec: 60
2018/11/19-12:50:09.199402 7fce647f7700                          Options.max_open_files: -1
2018/11/19-12:50:09.199403 7fce647f7700                          Options.bytes_per_sync: 1048576
2018/11/19-12:50:09.199403 7fce647f7700                      Options.wal_bytes_per_sync: 0
2018/11/19-12:50:09.199404 7fce647f7700       Options.compaction_readahead_size: 0
2018/11/19-12:50:09.199405 7fce647f7700 Compression algorithms supported:
2018/11/19-12:50:09.199406 7fce647f7700 	kZSTDNotFinalCompression supported: 1
2018/11/19-12:50:09.199416 7fce647f7700 	kZSTD supported: 1
2018/11/19-12:50:09.199417 7fce647f7700 	kXpressCompression supported: 0
2018/11/19-12:50:09.199418 7fce647f7700 	kLZ4HCCompression supported: 1
2018/11/19-12:50:09.199419 7fce647f7700 	kLZ4Compression supported: 1
2018/11/19-12:50:09.199420 7fce647f7700 	kBZip2Compression supported: 1
2018/11/19-12:50:09.199421 7fce647f7700 	kZlibCompression supported: 1
2018/11/19-12:50:09.199422 7fce647f7700 	kSnappyCompression supported: 1
2018/11/19-12:50:09.199427 7fce647f7700 Fast CRC32 supported: Supported on x86
2018/11/19-12:50:09.200146 7fce647f7700 [db/version_set.cc:3085] Recovering from manifest file: MANIFEST-000004
2018/11/19-12:50:09.200250 7fce647f7700 [db/column_family.cc:475] --------------- Options for column family [default]:
2018/11/19-12:50:09.200255 7fce647f7700               Options.comparator: leveldb.BytewiseComparator
2018/11/19-12:50:09.200256 7fce647f7700           Options.merge_operator: None
2018/11/19-12:50:09.200270 7fce647f7700        Options.compaction_filter: None
2018/11/19-12:50:09.200272 7fce647f7700        Options.compaction_filter_factory: None
2018/11/19-12:50:09.200273 7fce647f7700         Options.memtable_factory: SkipListFactory
2018/11/19-12:50:09.200274 7fce647f7700            Options.table_factory: BlockBasedTable
2018/11/19-12:50:09.200304 7fce647f7700            table_factory options:   flush_block_policy_factory: FlushBlockBySizePolicyFactory (0x7fcda4386bc0)
  cache_index_and_filter_blocks: 0
  cache_index_and_filter_blocks_with_high_priority: 0
  pin_l0_filter_and_index_blocks_in_cache: 0
  index_type: 0
  hash_index_allow_collision: 1
  checksum: 1
  no_block_cache: 0
  block_cache: 0x7fcda4391e70
  block_cache_name: LRUCache
  block_cache_options:
    capacity : 8388608
    num_shard_bits : 4
    strict_capacity_limit : 0
    high_pri_pool_ratio: 0.000
  block_cache_compressed: (nil)
  persistent_cache: (nil)
  block_size: 8192
  block_size_deviation: 10
  block_restart_interval: 16
  index_block_restart_interval: 1
  metadata_block_size: 4096
  partition_filters: 0
  use_delta_encoding: 1
  filter_policy: nullptr
  whole_key_filtering: 1
  verify_compression: 0
  read_amp_bytes_per_bit: 0
  format_version: 2
  enable_index_compression: 1
  block_align: 0
2018/11/19-12:50:09.200306 7fce647f7700        Options.write_buffer_size: 134217728
2018/11/19-12:50:09.200307 7fce647f7700  Options.max_write_buffer_number: 24
2018/11/19-12:50:09.200308 7fce647f7700        Options.compression[0]: NoCompression
2018/11/19-12:50:09.200309 7fce647f7700        Options.compression[1]: NoCompression
2018/11/19-12:50:09.200310 7fce647f7700        Options.compression[2]: LZ4
2018/11/19-12:50:09.200311 7fce647f7700        Options.compression[3]: LZ4
2018/11/19-12:50:09.200312 7fce647f7700        Options.compression[4]: LZ4
2018/11/19-12:50:09.200313 7fce647f7700        Options.compression[5]: LZ4
2018/11/19-12:50:09.200314 7fce647f7700        Options.compression[6]: LZ4
2018/11/19-12:50:09.200315 7fce647f7700                  Options.bottommost_compression: Disabled
2018/11/19-12:50:09.200316 7fce647f7700       Options.prefix_extractor: nullptr
2018/11/19-12:50:09.200317 7fce647f7700   Options.memtable_insert_with_hint_prefix_extractor: nullptr
2018/11/19-12:50:09.200318 7fce647f7700             Options.num_levels: 7
2018/11/19-12:50:09.200319 7fce647f7700        Options.min_write_buffer_number_to_merge: 2
2018/11/19-12:50:09.200319 7fce647f7700     Options.max_write_buffer_number_to_maintain: 0
2018/11/19-12:50:09.200320 7fce647f7700            Options.compression_opts.window_bits: -14
2018/11/19-12:50:09.200321 7fce647f7700                  Options.compression_opts.level: -1
2018/11/19-12:50:09.200322 7fce647f7700               Options.compression_opts.strategy: 0
2018/11/19-12:50:09.200323 7fce647f7700         Options.compression_opts.max_dict_bytes: 0
2018/11/19-12:50:09.200324 7fce647f7700         Options.compression_opts.zstd_max_train_bytes: 0
2018/11/19-12:50:09.200325 7fce647f7700      Options.level0_file_num_compaction_trigger: 2
2018/11/19-12:50:09.200326 7fce647f7700          Options.level0_slowdown_writes_trigger: 20
2018/11/19-12:50:09.200327 7fce647f7700              Options.level0_stop_writes_trigger: 36
2018/11/19-12:50:09.200328 7fce647f7700                   Options.target_file_size_base: 67108864
2018/11/19-12:50:09.200329 7fce647f7700             Options.target_file_size_multiplier: 1
2018/11/19-12:50:09.200330 7fce647f7700                Options.max_bytes_for_level_base: 536870912
2018/11/19-12:50:09.200330 7fce647f7700 Options.level_compaction_dynamic_level_bytes: 0
2018/11/19-12:50:09.200331 7fce647f7700          Options.max_bytes_for_level_multiplier: 10.000000
2018/11/19-12:50:09.200335 7fce647f7700 Options.max_bytes_for_level_multiplier_addtl[0]: 1
2018/11/19-12:50:09.200336 7fce647f7700 Options.max_bytes_for_level_multiplier_addtl[1]: 1
2018/11/19-12:50:09.200337 7fce647f7700 Options.max_bytes_for_level_multiplier_addtl[2]: 1
2018/11/19-12:50:09.200345 7fce647f7700 Options.max_bytes_for_level_multiplier_addtl[3]: 1
2018/11/19-12:50:09.200346 7fce647f7700 Options.max_bytes_for_level_multiplier_addtl[4]: 1
2018/11/19-12:50:09.200347 7fce647f7700 Options.max_bytes_for_level_multiplier_addtl[5]: 1
2018/11/19-12:50:09.200348 7fce647f7700 Options.max_bytes_for_level_multiplier_addtl[6]: 1
2018/11/19-12:50:09.200349 7fce647f7700       Options.max_sequential_skip_in_iterations: 8
2018/11/19-12:50:09.200349 7fce647f7700                    Options.max_compaction_bytes: 1677721600
2018/11/19-12:50:09.200350 7fce647f7700                        Options.arena_block_size: 16777216
2018/11/19-12:50:09.200351 7fce647f7700   Options.soft_pending_compaction_bytes_limit: 68719476736
2018/11/19-12:50:09.200352 7fce647f7700   Options.hard_pending_compaction_bytes_limit: 274877906944
2018/11/19-12:50:09.200353 7fce647f7700       Options.rate_limit_delay_max_milliseconds: 100
2018/11/19-12:50:09.200354 7fce647f7700                Options.disable_auto_compactions: 0
2018/11/19-12:50:09.200356 7fce647f7700                        Options.compaction_style: kCompactionStyleLevel
2018/11/19-12:50:09.200357 7fce647f7700                          Options.compaction_pri: kByCompensatedSize
2018/11/19-12:50:09.200358 7fce647f7700 Options.compaction_options_universal.size_ratio: 1
2018/11/19-12:50:09.200359 7fce647f7700 Options.compaction_options_universal.min_merge_width: 2
2018/11/19-12:50:09.200360 7fce647f7700 Options.compaction_options_universal.max_merge_width: 4294967295
2018/11/19-12:50:09.200361 7fce647f7700 Options.compaction_options_universal.max_size_amplification_percent: 200
2018/11/19-12:50:09.200362 7fce647f7700 Options.compaction_options_universal.compression_size_percent: -1
2018/11/19-12:50:09.200363 7fce647f7700 Options.compaction_options_universal.stop_style: kCompactionStopStyleTotalSize
2018/11/19-12:50:09.200364 7fce647f7700 Options.compaction_options_fifo.max_table_files_size: 1073741824
2018/11/19-12:50:09.200365 7fce647f7700 Options.compaction_options_fifo.allow_compaction: 0
2018/11/19-12:50:09.200366 7fce647f7700 Options.compaction_options_fifo.ttl: 0
2018/11/19-12:50:09.200367 7fce647f7700                   Options.table_properties_collectors: 
2018/11/19-12:50:09.200368 7fce647f7700                   Options.inplace_update_support: 0
2018/11/19-12:50:09.200369 7fce647f7700                 Options.inplace_update_num_locks: 10000
2018/11/19-12:50:09.200370 7fce647f7700               Options.memtable_prefix_bloom_size_ratio: 0.000000
2018/11/19-12:50:09.200372 7fce647f7700   Options.memtable_huge_page_size: 0
2018/11/19-12:50:09.200373 7fce647f7700                           Options.bloom_locality: 0
2018/11/19-12:50:09.200374 7fce647f7700                    Options.max_successive_merges: 0
2018/11/19-12:50:09.200375 7fce647f7700                Options.optimize_filters_for_hits: 0
2018/11/19-12:50:09.200376 7fce647f7700                Options.paranoid_file_checks: 0
2018/11/19-12:50:09.200376 7fce647f7700                Options.force_consistency_checks: 0
2018/11/19-12:50:09.200377 7fce647f7700                Options.report_bg_io_stats: 0
2018/11/19-12:50:09.200378 7fce647f7700                               Options.ttl: 0
2018/11/19-12:50:09.200737 7fce647f7700 [db/column_family.cc:475] --------------- Options for column family [usertable]:
2018/11/19-12:50:09.200740 7fce647f7700               Options.comparator: leveldb.BytewiseComparator
2018/11/19-12:50:09.200741 7fce647f7700           Options.merge_operator: None
2018/11/19-12:50:09.200742 7fce647f7700        Options.compaction_filter: None
2018/11/19-12:50:09.200743 7fce647f7700        Options.compaction_filter_factory: None
2018/11/19-12:50:09.200744 7fce647f7700         Options.memtable_factory: SkipListFactory
2018/11/19-12:50:09.200745 7fce647f7700            Options.table_factory: BlockBasedTable
2018/11/19-12:50:09.200768 7fce647f7700            table_factory options:   flush_block_policy_factory: FlushBlockBySizePolicyFactory (0x7fcda4386ba0)
  cache_index_and_filter_blocks: 0
  cache_index_and_filter_blocks_with_high_priority: 0
  pin_l0_filter_and_index_blocks_in_cache: 0
  index_type: 0
  hash_index_allow_collision: 1
  checksum: 1
  no_block_cache: 0
  block_cache: 0x7fcda4387700
  block_cache_name: LRUCache
  block_cache_options:
    capacity : 8388608
    num_shard_bits : 4
    strict_capacity_limit : 0
    high_pri_pool_ratio: 0.000
  block_cache_compressed: (nil)
  persistent_cache: (nil)
  block_size: 8192
  block_size_deviation: 10
  block_restart_interval: 16
  index_block_restart_interval: 1
  metadata_block_size: 4096
  partition_filters: 0
  use_delta_encoding: 1
  filter_policy: nullptr
  whole_key_filtering: 1
  verify_compression: 0
  read_amp_bytes_per_bit: 0
  format_version: 2
  enable_index_compression: 1
  block_align: 0
2018/11/19-12:50:09.200779 7fce647f7700        Options.write_buffer_size: 134217728
2018/11/19-12:50:09.200781 7fce647f7700  Options.max_write_buffer_number: 24
2018/11/19-12:50:09.200782 7fce647f7700        Options.compression[0]: NoCompression
2018/11/19-12:50:09.200783 7fce647f7700        Options.compression[1]: NoCompression
2018/11/19-12:50:09.200784 7fce647f7700        Options.compression[2]: LZ4
2018/11/19-12:50:09.200785 7fce647f7700        Options.compression[3]: LZ4
2018/11/19-12:50:09.200786 7fce647f7700        Options.compression[4]: LZ4
2018/11/19-12:50:09.200787 7fce647f7700        Options.compression[5]: LZ4
2018/11/19-12:50:09.200788 7fce647f7700        Options.compression[6]: LZ4
2018/11/19-12:50:09.200788 7fce647f7700                  Options.bottommost_compression: Disabled
2018/11/19-12:50:09.200789 7fce647f7700       Options.prefix_extractor: nullptr
2018/11/19-12:50:09.200790 7fce647f7700   Options.memtable_insert_with_hint_prefix_extractor: nullptr
2018/11/19-12:50:09.200791 7fce647f7700             Options.num_levels: 7
2018/11/19-12:50:09.200792 7fce647f7700        Options.min_write_buffer_number_to_merge: 2
2018/11/19-12:50:09.200793 7fce647f7700     Options.max_write_buffer_number_to_maintain: 0
2018/11/19-12:50:09.200794 7fce647f7700            Options.compression_opts.window_bits: -14
2018/11/19-12:50:09.200795 7fce647f7700                  Options.compression_opts.level: -1
2018/11/19-12:50:09.200795 7fce647f7700               Options.compression_opts.strategy: 0
2018/11/19-12:50:09.200796 7fce647f7700         Options.compression_opts.max_dict_bytes: 0
2018/11/19-12:50:09.200797 7fce647f7700         Options.compression_opts.zstd_max_train_bytes: 0
2018/11/19-12:50:09.200798 7fce647f7700      Options.level0_file_num_compaction_trigger: 2
2018/11/19-12:50:09.200799 7fce647f7700          Options.level0_slowdown_writes_trigger: 20
2018/11/19-12:50:09.200800 7fce647f7700              Options.level0_stop_writes_trigger: 36
2018/11/19-12:50:09.200800 7fce647f7700                   Options.target_file_size_base: 67108864
2018/11/19-12:50:09.200801 7fce647f7700             Options.target_file_size_multiplier: 1
2018/11/19-12:50:09.200802 7fce647f7700                Options.max_bytes_for_level_base: 536870912
2018/11/19-12:50:09.200803 7fce647f7700 Options.level_compaction_dynamic_level_bytes: 0
2018/11/19-12:50:09.200804 7fce647f7700          Options.max_bytes_for_level_multiplier: 10.000000
2018/11/19-12:50:09.200806 7fce647f7700 Options.max_bytes_for_level_multiplier_addtl[0]: 1
2018/11/19-12:50:09.200807 7fce647f7700 Options.max_bytes_for_level_multiplier_addtl[1]: 1
2018/11/19-12:50:09.200808 7fce647f7700 Options.max_bytes_for_level_multiplier_addtl[2]: 1
2018/11/19-12:50:09.200809 7fce647f7700 Options.max_bytes_for_level_multiplier_addtl[3]: 1
2018/11/19-12:50:09.200809 7fce647f7700 Options.max_bytes_for_level_multiplier_addtl[4]: 1
2018/11/19-12:50:09.200810 7fce647f7700 Options.max_bytes_for_level_multiplier_addtl[5]: 1
2018/11/19-12:50:09.200811 7fce647f7700 Options.max_bytes_for_level_multiplier_addtl[6]: 1
2018/11/19-12:50:09.200812 7fce647f7700       Options.max_sequential_skip_in_iterations: 8
2018/11/19-12:50:09.200813 7fce647f7700                    Options.max_compaction_bytes: 1677721600
2018/11/19-12:50:09.200814 7fce647f7700                        Options.arena_block_size: 16777216
2018/11/19-12:50:09.200820 7fce647f7700   Options.soft_pending_compaction_bytes_limit: 68719476736
2018/11/19-12:50:09.200822 7fce647f7700   Options.hard_pending_compaction_bytes_limit: 274877906944
2018/11/19-12:50:09.200823 7fce647f7700       Options.rate_limit_delay_max_milliseconds: 100
2018/11/19-12:50:09.200823 7fce647f7700                Options.disable_auto_compactions: 0
2018/11/19-12:50:09.200825 7fce647f7700                        Options.compaction_style: kCompactionStyleLevel
2018/11/19-12:50:09.200826 7fce647f7700                          Options.compaction_pri: kByCompensatedSize
2018/11/19-12:50:09.200827 7fce647f7700 Options.compaction_options_universal.size_ratio: 1
2018/11/19-12:50:09.200828 7fce647f7700 Options.compaction_options_universal.min_merge_width: 2
2018/11/19-12:50:09.200829 7fce647f7700 Options.compaction_options_universal.max_merge_width: 4294967295
2018/11/19-12:50:09.200829 7fce647f7700 Options.compaction_options_universal.max_size_amplification_percent: 200
2018/11/19-12:50:09.200830 7fce647f7700 Options.compaction_options_universal.compression_size_percent: -1
2018/11/19-12:50:09.200831 7fce647f7700 Options.compaction_options_universal.stop_style: kCompactionStopStyleTotalSize
2018/11/19-12:50:09.200832 7fce647f7700 Options.compaction_options_fifo.max_table_files_size: 1073741824
2018/11/19-12:50:09.200833 7fce647f7700 Options.compaction_options_fifo.allow_compaction: 0
2018/11/19-12:50:09.200834 7fce647f7700 Options.compaction_options_fifo.ttl: 0
2018/11/19-12:50:09.200835 7fce647f7700                   Options.table_properties_collectors: 
2018/11/19-12:50:09.200836 7fce647f7700                   Options.inplace_update_support: 0
2018/11/19-12:50:09.200837 7fce647f7700                 Options.inplace_update_num_locks: 10000
2018/11/19-12:50:09.200838 7fce647f7700               Options.memtable_prefix_bloom_size_ratio: 0.000000
2018/11/19-12:50:09.200839 7fce647f7700   Options.memtable_huge_page_size: 0
2018/11/19-12:50:09.200840 7fce647f7700                           Options.bloom_locality: 0
2018/11/19-12:50:09.200841 7fce647f7700                    Options.max_successive_merges: 0
2018/11/19-12:50:09.200841 7fce647f7700                Options.optimize_filters_for_hits: 0
2018/11/19-12:50:09.200842 7fce647f7700                Options.paranoid_file_checks: 0
2018/11/19-12:50:09.200843 7fce647f7700                Options.force_consistency_checks: 0
2018/11/19-12:50:09.200844 7fce647f7700                Options.report_bg_io_stats: 0
2018/11/19-12:50:09.200845 7fce647f7700                               Options.ttl: 0
2018/11/19-12:50:09.370856 7fce647f7700 [db/version_set.cc:3361] Recovered from manifest file:/mnt/sdb/ycsb-rocksdb-data/MANIFEST-000004 succeeded,manifest_file_number is 4, next_file_number is 348, last_sequence is 3916859, log_number is 0,prev_log_number is 0,max_column_family is 1,min_log_number_to_keep is 0
2018/11/19-12:50:09.370873 7fce647f7700 [db/version_set.cc:3369] Column family [default] (ID 0), log number is 0
2018/11/19-12:50:09.370875 7fce647f7700 [db/version_set.cc:3369] Column family [usertable] (ID 1), log number is 277
2018/11/19-12:50:09.371312 7fce647f7700 EVENT_LOG_v1 {"time_micros": 1542660609371294, "job": 1, "event": "recovery_started", "log_files": [277, 279, 289, 291, 294, 296, 304, 310, 312, 314, 319, 321, 322, 324, 325, 327, 328, 330, 343, 345]}
2018/11/19-12:50:09.371321 7fce647f7700 [db/db_impl_open.cc:551] Recovering log #277 mode 2
2018/11/19-12:50:09.693239 7fce647f7700 [db/db_impl_open.cc:551] Recovering log #279 mode 2
2018/11/19-12:50:11.746950 7fce647f7700 EVENT_LOG_v1 {"time_micros": 1542660611746921, "cf_name": "usertable", "job": 1, "event": "table_file_creation", "file_number": 348, "file_size": 129961613, "table_properties": {"data_size": 129383877, "index_size": 576814, "filter_size": 0, "raw_key_size": 753144, "raw_average_key_size": 24, "raw_value_size": 128536576, "raw_average_value_size": 4096, "num_data_blocks": 15691, "num_entries": 31381, "filter_policy_name": "", "kDeletedKeys": "0", "kMergeOperands": "0"}}
2018/11/19-12:50:12.506395 7fce647f7700 [db/db_impl_open.cc:551] Recovering log #289 mode 2
2018/11/19-12:50:13.280064 7fce647f7700 EVENT_LOG_v1 {"time_micros": 1542660613280036, "cf_name": "usertable", "job": 1, "event": "table_file_creation", "file_number": 349, "file_size": 129931281, "table_properties": {"data_size": 129350241, "index_size": 580118, "filter_size": 0, "raw_key_size": 752928, "raw_average_key_size": 24, "raw_value_size": 128499712, "raw_average_value_size": 4096, "num_data_blocks": 15686, "num_entries": 31372, "filter_policy_name": "", "kDeletedKeys": "0", "kMergeOperands": "0"}}
2018/11/19-12:50:13.506382 7fce647f7700 [db/db_impl_open.cc:551] Recovering log #291 mode 2
2018/11/19-12:50:15.379747 7fce647f7700 EVENT_LOG_v1 {"time_micros": 1542660615379728, "cf_name": "usertable", "job": 1, "event": "table_file_creation", "file_number": 350, "file_size": 130001720, "table_properties": {"data_size": 129420347, "index_size": 580451, "filter_size": 0, "raw_key_size": 753336, "raw_average_key_size": 24, "raw_value_size": 128569344, "raw_average_value_size": 4096, "num_data_blocks": 15695, "num_entries": 31389, "filter_policy_name": "", "kDeletedKeys": "0", "kMergeOperands": "0"}}
2018/11/19-12:50:15.849375 7fce647f7700 [db/db_impl_open.cc:551] Recovering log #294 mode 2
2018/11/19-12:50:17.186244 7fce647f7700 EVENT_LOG_v1 {"time_micros": 1542660617186222, "cf_name": "usertable", "job": 1, "event": "table_file_creation", "file_number": 351, "file_size": 129928484, "table_properties": {"data_size": 129350893, "index_size": 576669, "filter_size": 0, "raw_key_size": 752952, "raw_average_key_size": 24, "raw_value_size": 128503808, "raw_average_value_size": 4096, "num_data_blocks": 15687, "num_entries": 31373, "filter_policy_name": "", "kDeletedKeys": "0", "kMergeOperands": "0"}}
2018/11/19-12:50:17.610004 7fce647f7700 [db/db_impl_open.cc:551] Recovering log #296 mode 2
2018/11/19-12:50:20.108878 7fce647f7700 EVENT_LOG_v1 {"time_micros": 1542660620108833, "cf_name": "usertable", "job": 1, "event": "table_file_creation", "file_number": 352, "file_size": 129922999, "table_properties": {"data_size": 129341996, "index_size": 580081, "filter_size": 0, "raw_key_size": 752880, "raw_average_key_size": 24, "raw_value_size": 128491520, "raw_average_value_size": 4096, "num_data_blocks": 15685, "num_entries": 31370, "filter_policy_name": "", "kDeletedKeys": "0", "kMergeOperands": "0"}}
2018/11/19-12:50:20.197002 7fce647f7700 [db/db_impl_open.cc:551] Recovering log #304 mode 2
2018/11/19-12:50:21.312026 7fce647f7700 EVENT_LOG_v1 {"time_micros": 1542660621311987, "cf_name": "usertable", "job": 1, "event": "table_file_creation", "file_number": 353, "file_size": 129902323, "table_properties": {"data_size": 129321394, "index_size": 580007, "filter_size": 0, "raw_key_size": 752760, "raw_average_key_size": 24, "raw_value_size": 128471040, "raw_average_value_size": 4096, "num_data_blocks": 15683, "num_entries": 31365, "filter_policy_name": "", "kDeletedKeys": "0", "kMergeOperands": "0"}}
2018/11/19-12:50:21.406511 7fce647f7700 [db/db_impl_open.cc:551] Recovering log #310 mode 2
2018/11/19-12:50:22.364787 7fce647f7700 [db/db_impl_open.cc:551] Recovering log #312 mode 2
2018/11/19-12:50:24.395617 7fce647f7700 EVENT_LOG_v1 {"time_micros": 1542660624395598, "cf_name": "usertable", "job": 1, "event": "table_file_creation", "file_number": 354, "file_size": 129916028, "table_properties": {"data_size": 129338510, "index_size": 576596, "filter_size": 0, "raw_key_size": 752880, "raw_average_key_size": 24, "raw_value_size": 128491520, "raw_average_value_size": 4096, "num_data_blocks": 15685, "num_entries": 31370, "filter_policy_name": "", "kDeletedKeys": "0", "kMergeOperands": "0"}}
2018/11/19-12:50:25.185325 7fce647f7700 [db/db_impl_open.cc:551] Recovering log #314 mode 2
2018/11/19-12:50:26.208216 7fce647f7700 EVENT_LOG_v1 {"time_micros": 1542660626208189, "cf_name": "usertable", "job": 1, "event": "table_file_creation", "file_number": 355, "file_size": 129907744, "table_properties": {"data_size": 129330264, "index_size": 576558, "filter_size": 0, "raw_key_size": 752832, "raw_average_key_size": 24, "raw_value_size": 128483328, "raw_average_value_size": 4096, "num_data_blocks": 15684, "num_entries": 31368, "filter_policy_name": "", "kDeletedKeys": "0", "kMergeOperands": "0"}}
2018/11/19-12:50:26.899213 7fce647f7700 [db/db_impl_open.cc:551] Recovering log #319 mode 2
2018/11/19-12:50:28.666907 7fce647f7700 EVENT_LOG_v1 {"time_micros": 1542660628666878, "cf_name": "usertable", "job": 1, "event": "table_file_creation", "file_number": 356, "file_size": 129924309, "table_properties": {"data_size": 129346756, "index_size": 576631, "filter_size": 0, "raw_key_size": 752928, "raw_average_key_size": 24, "raw_value_size": 128499712, "raw_average_value_size": 4096, "num_data_blocks": 15686, "num_entries": 31372, "filter_policy_name": "", "kDeletedKeys": "0", "kMergeOperands": "0"}}
2018/11/19-12:50:28.964034 7fce647f7700 [db/db_impl_open.cc:551] Recovering log #321 mode 2
2018/11/19-12:50:30.615575 7fce647f7700 EVENT_LOG_v1 {"time_micros": 1542660630615548, "cf_name": "usertable", "job": 1, "event": "table_file_creation", "file_number": 357, "file_size": 129920203, "table_properties": {"data_size": 129342647, "index_size": 576634, "filter_size": 0, "raw_key_size": 752904, "raw_average_key_size": 24, "raw_value_size": 128495616, "raw_average_value_size": 4096, "num_data_blocks": 15686, "num_entries": 31371, "filter_policy_name": "", "kDeletedKeys": "0", "kMergeOperands": "0"}}
2018/11/19-12:50:31.110165 7fce647f7700 [db/db_impl_open.cc:551] Recovering log #322 mode 2
2018/11/19-12:50:33.494383 7fce647f7700 EVENT_LOG_v1 {"time_micros": 1542660633494355, "cf_name": "usertable", "job": 1, "event": "table_file_creation", "file_number": 358, "file_size": 129943739, "table_properties": {"data_size": 129362625, "index_size": 580192, "filter_size": 0, "raw_key_size": 753000, "raw_average_key_size": 24, "raw_value_size": 128512000, "raw_average_value_size": 4096, "num_data_blocks": 15688, "num_entries": 31375, "filter_policy_name": "", "kDeletedKeys": "0", "kMergeOperands": "0"}}
2018/11/19-12:50:33.804945 7fce647f7700 [db/db_impl_open.cc:551] Recovering log #324 mode 2
2018/11/19-12:50:35.786702 7fce647f7700 EVENT_LOG_v1 {"time_micros": 1542660635786652, "cf_name": "usertable", "job": 1, "event": "table_file_creation", "file_number": 359, "file_size": 129916027, "table_properties": {"data_size": 129338510, "index_size": 576595, "filter_size": 0, "raw_key_size": 752880, "raw_average_key_size": 24, "raw_value_size": 128491520, "raw_average_value_size": 4096, "num_data_blocks": 15685, "num_entries": 31370, "filter_policy_name": "", "kDeletedKeys": "0", "kMergeOperands": "0"}}
2018/11/19-12:50:36.064009 7fce647f7700 [db/db_impl_open.cc:551] Recovering log #325 mode 2
2018/11/19-12:50:37.548276 7fce647f7700 EVENT_LOG_v1 {"time_micros": 1542660637548255, "cf_name": "usertable", "job": 1, "event": "table_file_creation", "file_number": 360, "file_size": 129932593, "table_properties": {"data_size": 129355002, "index_size": 576669, "filter_size": 0, "raw_key_size": 752976, "raw_average_key_size": 24, "raw_value_size": 128507904, "raw_average_value_size": 4096, "num_data_blocks": 15687, "num_entries": 31374, "filter_policy_name": "", "kDeletedKeys": "0", "kMergeOperands": "0"}}
2018/11/19-12:50:37.593465 7fce647f7700 [db/db_impl_open.cc:551] Recovering log #327 mode 2
2018/11/19-12:50:37.910821 7fce647f7700 [db/db_impl_open.cc:551] Recovering log #328 mode 2
2018/11/19-12:50:39.859951 7fce647f7700 EVENT_LOG_v1 {"time_micros": 1542660639859922, "cf_name": "usertable", "job": 1, "event": "table_file_creation", "file_number": 361, "file_size": 129895354, "table_properties": {"data_size": 129317909, "index_size": 576523, "filter_size": 0, "raw_key_size": 752760, "raw_average_key_size": 24, "raw_value_size": 128471040, "raw_average_value_size": 4096, "num_data_blocks": 15683, "num_entries": 31365, "filter_policy_name": "", "kDeletedKeys": "0", "kMergeOperands": "0"}}
2018/11/19-12:50:40.810301 7fce647f7700 [db/db_impl_open.cc:551] Recovering log #330 mode 2
2018/11/19-12:50:42.468054 7fce647f7700 EVENT_LOG_v1 {"time_micros": 1542660642468034, "cf_name": "usertable", "job": 1, "event": "table_file_creation", "file_number": 362, "file_size": 130014115, "table_properties": {"data_size": 129432705, "index_size": 580488, "filter_size": 0, "raw_key_size": 753408, "raw_average_key_size": 24, "raw_value_size": 128581632, "raw_average_value_size": 4096, "num_data_blocks": 15696, "num_entries": 31392, "filter_policy_name": "", "kDeletedKeys": "0", "kMergeOperands": "0"}}
2018/11/19-12:50:42.822610 7fce647f7700 [db/db_impl_open.cc:551] Recovering log #343 mode 2
2018/11/19-12:50:45.168395 7fce647f7700 EVENT_LOG_v1 {"time_micros": 1542660645168374, "cf_name": "usertable", "job": 1, "event": "table_file_creation", "file_number": 363, "file_size": 129947848, "table_properties": {"data_size": 129366734, "index_size": 580192, "filter_size": 0, "raw_key_size": 753024, "raw_average_key_size": 24, "raw_value_size": 128516096, "raw_average_value_size": 4096, "num_data_blocks": 15688, "num_entries": 31376, "filter_policy_name": "", "kDeletedKeys": "0", "kMergeOperands": "0"}}
2018/11/19-12:50:45.796118 7fce647f7700 [db/db_impl_open.cc:551] Recovering log #345 mode 2
2018/11/19-12:50:46.550003 7fce647f7700 EVENT_LOG_v1 {"time_micros": 1542660646549973, "cf_name": "usertable", "job": 1, "event": "table_file_creation", "file_number": 364, "file_size": 129902319, "table_properties": {"data_size": 129321393, "index_size": 580004, "filter_size": 0, "raw_key_size": 752760, "raw_average_key_size": 24, "raw_value_size": 128471040, "raw_average_value_size": 4096, "num_data_blocks": 15683, "num_entries": 31365, "filter_policy_name": "", "kDeletedKeys": "0", "kMergeOperands": "0"}}
2018/11/19-12:50:46.724431 7fce647f7700 [db/version_set.cc:2847] Creating manifest 365
2018/11/19-12:50:48.548456 7fce647f7700 EVENT_LOG_v1 {"time_micros": 1542660648548436, "cf_name": "usertable", "job": 1, "event": "table_file_creation", "file_number": 366, "file_size": 61529310, "table_properties": {"data_size": 61255428, "index_size": 272961, "filter_size": 0, "raw_key_size": 356568, "raw_average_key_size": 24, "raw_value_size": 60854272, "raw_average_value_size": 4096, "num_data_blocks": 7429, "num_entries": 14857, "filter_policy_name": "", "kDeletedKeys": "0", "kMergeOperands": "0"}}
2018/11/19-12:50:48.783197 7fce647f7700 EVENT_LOG_v1 {"time_micros": 1542660648783194, "job": 1, "event": "recovery_finished"}
2018/11/19-12:50:48.783370 7fce647f7700 [WARN] [db/column_family.cc:799] [usertable] Stalling writes because we have 22 level-0 files rate 16777216
2018/11/19-12:50:49.338493 7fce647f7700 [db/db_impl_open.cc:1219] DB pointer 0x7fcda43ccbd0
2018/11/19-12:50:49.338902 7fce562db700 [WARN] [db/db_impl.cc:491] ------- DUMPING STATS -------
2018/11/19-12:50:49.338957 7fce562db700 [WARN] [db/db_impl.cc:492] 
** DB Stats **
Uptime(secs): 40.1 total, 40.1 interval
Cumulative writes: 0 writes, 0 keys, 0 commit groups, 0.0 writes per commit group, ingest: 0.00 GB, 0.00 MB/s
Cumulative WAL: 0 writes, 0 syncs, 0.00 writes per sync, written: 0.00 GB, 0.00 MB/s
Cumulative stall: 00:00:0.000 H:M:S, 0.0 percent
Interval writes: 0 writes, 0 keys, 0 commit groups, 0.0 writes per commit group, ingest: 0.00 MB, 0.00 MB/s
Interval WAL: 0 writes, 0 syncs, 0.00 writes per sync, written: 0.00 MB, 0.00 MB/s
Interval stall: 00:00:0.000 H:M:S, 0.0 percent

** Compaction Stats [default] **
Level    Files   Size     Score Read(GB)  Rn(GB) Rnp1(GB) Write(GB) Wnew(GB) Moved(GB) W-Amp Rd(MB/s) Wr(MB/s) Comp(sec) Comp(cnt) Avg(sec) KeyIn KeyDrop
----------------------------------------------------------------------------------------------------------------------------------------------------------
 Sum      0/0    0.00 KB   0.0      0.0     0.0      0.0       0.0      0.0       0.0   0.0      0.0      0.0         0         0    0.000       0      0
 Int      0/0    0.00 KB   0.0      0.0     0.0      0.0       0.0      0.0       0.0   0.0      0.0      0.0         0         0    0.000       0      0
Uptime(secs): 40.1 total, 40.1 interval
Flush(GB): cumulative 0.000, interval 0.000
AddFile(GB): cumulative 0.000, interval 0.000
AddFile(Total Files): cumulative 0, interval 0
AddFile(L0 Files): cumulative 0, interval 0
AddFile(Keys): cumulative 0, interval 0
Cumulative compaction: 0.00 GB write, 0.00 MB/s write, 0.00 GB read, 0.00 MB/s read, 0.0 seconds
Interval compaction: 0.00 GB write, 0.00 MB/s write, 0.00 GB read, 0.00 MB/s read, 0.0 seconds
Stalls(count): 0 level0_slowdown, 0 level0_slowdown_with_compaction, 0 level0_numfiles, 0 level0_numfiles_with_compaction, 0 stop for pending_compaction_bytes, 0 slowdown for pending_compaction_bytes, 0 memtable_compaction, 0 memtable_slowdown, interval 0 total count

** File Read Latency Histogram By Level [default] **

** Compaction Stats [usertable] **
Level    Files   Size     Score Read(GB)  Rn(GB) Rnp1(GB) Write(GB) Wnew(GB) Moved(GB) W-Amp Rd(MB/s) Wr(MB/s) Comp(sec) Comp(cnt) Avg(sec) KeyIn KeyDrop
----------------------------------------------------------------------------------------------------------------------------------------------------------
  L0     22/0    2.96 GB  11.0      0.0     0.0      0.0       2.1      2.1       0.0   1.0      0.0     84.1        26        18    1.431       0      0
  L1     19/0    8.71 GB  17.4      0.0     0.0      0.0       0.0      0.0       0.0   0.0      0.0      0.0         0         0    0.000       0      0
  L2     64/0    3.43 GB   0.7      0.0     0.0      0.0       0.0      0.0       0.0   0.0      0.0      0.0         0         0    0.000       0      0
 Sum    105/0   15.10 GB   0.0      0.0     0.0      0.0       2.1      2.1       0.0   1.0      0.0     84.1        26        18    1.431       0      0
 Int      0/0    0.00 KB   0.0      0.0     0.0      0.0       2.1      2.1       0.0   1.0      0.0     84.1        26        18    1.431       0      0
Uptime(secs): 40.1 total, 40.1 interval
Flush(GB): cumulative 2.114, interval 2.114
AddFile(GB): cumulative 0.000, interval 0.000
AddFile(Total Files): cumulative 0, interval 0
AddFile(L0 Files): cumulative 0, interval 0
AddFile(Keys): cumulative 0, interval 0
Cumulative compaction: 2.11 GB write, 53.94 MB/s write, 0.00 GB read, 0.00 MB/s read, 25.8 seconds
Interval compaction: 2.11 GB write, 53.94 MB/s write, 0.00 GB read, 0.00 MB/s read, 25.8 seconds
Stalls(count): 1 level0_slowdown, 0 level0_slowdown_with_compaction, 0 level0_numfiles, 0 level0_numfiles_with_compaction, 0 stop for pending_compaction_bytes, 0 slowdown for pending_compaction_bytes, 0 memtable_compaction, 0 memtable_slowdown, interval 1 total count

** File Read Latency Histogram By Level [usertable] **

** Compaction Stats [default] **
Level    Files   Size     Score Read(GB)  Rn(GB) Rnp1(GB) Write(GB) Wnew(GB) Moved(GB) W-Amp Rd(MB/s) Wr(MB/s) Comp(sec) Comp(cnt) Avg(sec) KeyIn KeyDrop
----------------------------------------------------------------------------------------------------------------------------------------------------------
