2018/11/19-15:41:15.217082 7f3d00be5700 RocksDB version: 5.14.3
2018/11/19-15:41:15.217135 7f3d00be5700 Git sha rocksdb_build_git_sha:
2018/11/19-15:41:15.217138 7f3d00be5700 Compile date Oct 15 2018
2018/11/19-15:41:15.217142 7f3d00be5700 DB SUMMARY
2018/11/19-15:41:15.217163 7f3d00be5700 SST files in /mnt/sdb/ycsb-rocksdb-data dir, Total Num: 0, files: 
2018/11/19-15:41:15.217166 7f3d00be5700 Write Ahead Log file in /mnt/sdb/ycsb-rocksdb-data: 
2018/11/19-15:41:15.217168 7f3d00be5700                         Options.error_if_exists: 0
2018/11/19-15:41:15.217169 7f3d00be5700                       Options.create_if_missing: 1
2018/11/19-15:41:15.217170 7f3d00be5700                         Options.paranoid_checks: 1
2018/11/19-15:41:15.217171 7f3d00be5700                                     Options.env: 0x7f3cfa6d83e0
2018/11/19-15:41:15.217172 7f3d00be5700                                Options.info_log: 0x7f3c383d2af0
2018/11/19-15:41:15.217173 7f3d00be5700                Options.max_file_opening_threads: 16
2018/11/19-15:41:15.217174 7f3d00be5700                              Options.statistics: (nil)
2018/11/19-15:41:15.217175 7f3d00be5700                               Options.use_fsync: 0
2018/11/19-15:41:15.217176 7f3d00be5700                       Options.max_log_file_size: 0
2018/11/19-15:41:15.217177 7f3d00be5700                  Options.max_manifest_file_size: 18446744073709551615
2018/11/19-15:41:15.217178 7f3d00be5700                   Options.log_file_time_to_roll: 0
2018/11/19-15:41:15.217179 7f3d00be5700                       Options.keep_log_file_num: 1000
2018/11/19-15:41:15.217180 7f3d00be5700                    Options.recycle_log_file_num: 0
2018/11/19-15:41:15.217180 7f3d00be5700                         Options.allow_fallocate: 1
2018/11/19-15:41:15.217181 7f3d00be5700                        Options.allow_mmap_reads: 0
2018/11/19-15:41:15.217182 7f3d00be5700                       Options.allow_mmap_writes: 0
2018/11/19-15:41:15.217183 7f3d00be5700                        Options.use_direct_reads: 0
2018/11/19-15:41:15.217184 7f3d00be5700                        Options.use_direct_io_for_flush_and_compaction: 0
2018/11/19-15:41:15.217185 7f3d00be5700          Options.create_missing_column_families: 1
2018/11/19-15:41:15.217186 7f3d00be5700                              Options.db_log_dir: 
2018/11/19-15:41:15.217186 7f3d00be5700                                 Options.wal_dir: /mnt/sdb/ycsb-rocksdb-data
2018/11/19-15:41:15.217187 7f3d00be5700                Options.table_cache_numshardbits: 6
2018/11/19-15:41:15.217188 7f3d00be5700                      Options.max_subcompactions: 4
2018/11/19-15:41:15.217189 7f3d00be5700                  Options.max_background_flushes: 24
2018/11/19-15:41:15.217190 7f3d00be5700                         Options.WAL_ttl_seconds: 0
2018/11/19-15:41:15.217191 7f3d00be5700                       Options.WAL_size_limit_MB: 0
2018/11/19-15:41:15.217191 7f3d00be5700             Options.manifest_preallocation_size: 4194304
2018/11/19-15:41:15.217192 7f3d00be5700                     Options.is_fd_close_on_exec: 1
2018/11/19-15:41:15.217193 7f3d00be5700                   Options.advise_random_on_open: 1
2018/11/19-15:41:15.217194 7f3d00be5700                    Options.db_write_buffer_size: 0
2018/11/19-15:41:15.217195 7f3d00be5700                    Options.write_buffer_manager: 0x7f3c383cea40
2018/11/19-15:41:15.217196 7f3d00be5700         Options.access_hint_on_compaction_start: 1
2018/11/19-15:41:15.217196 7f3d00be5700  Options.new_table_reader_for_compaction_inputs: 0
2018/11/19-15:41:15.217197 7f3d00be5700           Options.random_access_max_buffer_size: 1048576
2018/11/19-15:41:15.217198 7f3d00be5700                      Options.use_adaptive_mutex: 0
2018/11/19-15:41:15.217199 7f3d00be5700                            Options.rate_limiter: (nil)
2018/11/19-15:41:15.217201 7f3d00be5700     Options.sst_file_manager.rate_bytes_per_sec: 0
2018/11/19-15:41:15.217202 7f3d00be5700                       Options.wal_recovery_mode: 2
2018/11/19-15:41:15.217202 7f3d00be5700                  Options.enable_thread_tracking: 0
2018/11/19-15:41:15.217203 7f3d00be5700                  Options.enable_pipelined_write: 1
2018/11/19-15:41:15.217212 7f3d00be5700         Options.allow_concurrent_memtable_write: 1
2018/11/19-15:41:15.217214 7f3d00be5700      Options.enable_write_thread_adaptive_yield: 1
2018/11/19-15:41:15.217215 7f3d00be5700             Options.write_thread_max_yield_usec: 100
2018/11/19-15:41:15.217215 7f3d00be5700            Options.write_thread_slow_yield_usec: 3
2018/11/19-15:41:15.217216 7f3d00be5700                               Options.row_cache: None
2018/11/19-15:41:15.217217 7f3d00be5700                              Options.wal_filter: None
2018/11/19-15:41:15.217218 7f3d00be5700             Options.avoid_flush_during_recovery: 0
2018/11/19-15:41:15.217219 7f3d00be5700             Options.allow_ingest_behind: 0
2018/11/19-15:41:15.217220 7f3d00be5700             Options.preserve_deletes: 0
2018/11/19-15:41:15.217221 7f3d00be5700             Options.two_write_queues: 0
2018/11/19-15:41:15.217221 7f3d00be5700             Options.manual_wal_flush: 0
2018/11/19-15:41:15.217224 7f3d00be5700             Options.max_background_jobs: 24
2018/11/19-15:41:15.217224 7f3d00be5700             Options.max_background_compactions: 24
2018/11/19-15:41:15.217225 7f3d00be5700             Options.avoid_flush_during_shutdown: 0
2018/11/19-15:41:15.217226 7f3d00be5700           Options.writable_file_max_buffer_size: 1048576
2018/11/19-15:41:15.217227 7f3d00be5700             Options.delayed_write_rate : 16777216
2018/11/19-15:41:15.217228 7f3d00be5700             Options.max_total_wal_size: 0
2018/11/19-15:41:15.217229 7f3d00be5700             Options.delete_obsolete_files_period_micros: 21600000000
2018/11/19-15:41:15.217230 7f3d00be5700                   Options.stats_dump_period_sec: 60
2018/11/19-15:41:15.217231 7f3d00be5700                          Options.max_open_files: -1
2018/11/19-15:41:15.217231 7f3d00be5700                          Options.bytes_per_sync: 1048576
2018/11/19-15:41:15.217232 7f3d00be5700                      Options.wal_bytes_per_sync: 0
2018/11/19-15:41:15.217233 7f3d00be5700       Options.compaction_readahead_size: 0
2018/11/19-15:41:15.217234 7f3d00be5700 Compression algorithms supported:
2018/11/19-15:41:15.217235 7f3d00be5700 	kZSTDNotFinalCompression supported: 1
2018/11/19-15:41:15.217242 7f3d00be5700 	kZSTD supported: 1
2018/11/19-15:41:15.217244 7f3d00be5700 	kXpressCompression supported: 0
2018/11/19-15:41:15.217245 7f3d00be5700 	kLZ4HCCompression supported: 1
2018/11/19-15:41:15.217246 7f3d00be5700 	kLZ4Compression supported: 1
2018/11/19-15:41:15.217247 7f3d00be5700 	kBZip2Compression supported: 1
2018/11/19-15:41:15.217248 7f3d00be5700 	kZlibCompression supported: 1
2018/11/19-15:41:15.217249 7f3d00be5700 	kSnappyCompression supported: 1
2018/11/19-15:41:15.217253 7f3d00be5700 Fast CRC32 supported: Supported on x86
2018/11/19-15:41:15.217322 7f3d00be5700 [db/db_impl_open.cc:222] Creating manifest 1 
2018/11/19-15:41:15.314577 7f3d00be5700 [db/version_set.cc:3085] Recovering from manifest file: MANIFEST-000001
2018/11/19-15:41:15.314658 7f3d00be5700 [db/column_family.cc:475] --------------- Options for column family [default]:
2018/11/19-15:41:15.314675 7f3d00be5700               Options.comparator: leveldb.BytewiseComparator
2018/11/19-15:41:15.314677 7f3d00be5700           Options.merge_operator: None
2018/11/19-15:41:15.314678 7f3d00be5700        Options.compaction_filter: None
2018/11/19-15:41:15.314679 7f3d00be5700        Options.compaction_filter_factory: None
2018/11/19-15:41:15.314680 7f3d00be5700         Options.memtable_factory: SkipListFactory
2018/11/19-15:41:15.314681 7f3d00be5700            Options.table_factory: BlockBasedTable
2018/11/19-15:41:15.314711 7f3d00be5700            table_factory options:   flush_block_policy_factory: FlushBlockBySizePolicyFactory (0x7f3c38384aa0)
  cache_index_and_filter_blocks: 0
  cache_index_and_filter_blocks_with_high_priority: 0
  pin_l0_filter_and_index_blocks_in_cache: 0
  index_type: 0
  hash_index_allow_collision: 1
  checksum: 1
  no_block_cache: 0
  block_cache: 0x7f3c38390390
  block_cache_name: LRUCache
  block_cache_options:
    capacity : 8388608
    num_shard_bits : 4
    strict_capacity_limit : 0
    high_pri_pool_ratio: 0.000
  block_cache_compressed: (nil)
  persistent_cache: (nil)
  block_size: 8192
  block_size_deviation: 10
  block_restart_interval: 16
  index_block_restart_interval: 1
  metadata_block_size: 4096
  partition_filters: 0
  use_delta_encoding: 1
  filter_policy: nullptr
  whole_key_filtering: 1
  verify_compression: 0
  read_amp_bytes_per_bit: 0
  format_version: 2
  enable_index_compression: 1
  block_align: 0
2018/11/19-15:41:15.314726 7f3d00be5700        Options.write_buffer_size: 134217728
2018/11/19-15:41:15.314728 7f3d00be5700  Options.max_write_buffer_number: 24
2018/11/19-15:41:15.314729 7f3d00be5700        Options.compression[0]: NoCompression
2018/11/19-15:41:15.314730 7f3d00be5700        Options.compression[1]: NoCompression
2018/11/19-15:41:15.314731 7f3d00be5700        Options.compression[2]: LZ4
2018/11/19-15:41:15.314732 7f3d00be5700        Options.compression[3]: LZ4
2018/11/19-15:41:15.314733 7f3d00be5700        Options.compression[4]: LZ4
2018/11/19-15:41:15.314734 7f3d00be5700        Options.compression[5]: LZ4
2018/11/19-15:41:15.314735 7f3d00be5700        Options.compression[6]: LZ4
2018/11/19-15:41:15.314736 7f3d00be5700                  Options.bottommost_compression: Disabled
2018/11/19-15:41:15.314737 7f3d00be5700       Options.prefix_extractor: nullptr
2018/11/19-15:41:15.314738 7f3d00be5700   Options.memtable_insert_with_hint_prefix_extractor: nullptr
2018/11/19-15:41:15.314739 7f3d00be5700             Options.num_levels: 7
2018/11/19-15:41:15.314740 7f3d00be5700        Options.min_write_buffer_number_to_merge: 2
2018/11/19-15:41:15.314741 7f3d00be5700     Options.max_write_buffer_number_to_maintain: 0
2018/11/19-15:41:15.314742 7f3d00be5700            Options.compression_opts.window_bits: -14
2018/11/19-15:41:15.314743 7f3d00be5700                  Options.compression_opts.level: -1
2018/11/19-15:41:15.314743 7f3d00be5700               Options.compression_opts.strategy: 0
2018/11/19-15:41:15.314744 7f3d00be5700         Options.compression_opts.max_dict_bytes: 0
2018/11/19-15:41:15.314745 7f3d00be5700         Options.compression_opts.zstd_max_train_bytes: 0
2018/11/19-15:41:15.314746 7f3d00be5700      Options.level0_file_num_compaction_trigger: 2
2018/11/19-15:41:15.314747 7f3d00be5700          Options.level0_slowdown_writes_trigger: 20
2018/11/19-15:41:15.314748 7f3d00be5700              Options.level0_stop_writes_trigger: 36
2018/11/19-15:41:15.314749 7f3d00be5700                   Options.target_file_size_base: 67108864
2018/11/19-15:41:15.314750 7f3d00be5700             Options.target_file_size_multiplier: 1
2018/11/19-15:41:15.314751 7f3d00be5700                Options.max_bytes_for_level_base: 536870912
2018/11/19-15:41:15.314752 7f3d00be5700 Options.level_compaction_dynamic_level_bytes: 0
2018/11/19-15:41:15.314752 7f3d00be5700          Options.max_bytes_for_level_multiplier: 10.000000
2018/11/19-15:41:15.314755 7f3d00be5700 Options.max_bytes_for_level_multiplier_addtl[0]: 1
2018/11/19-15:41:15.314757 7f3d00be5700 Options.max_bytes_for_level_multiplier_addtl[1]: 1
2018/11/19-15:41:15.314757 7f3d00be5700 Options.max_bytes_for_level_multiplier_addtl[2]: 1
2018/11/19-15:41:15.314758 7f3d00be5700 Options.max_bytes_for_level_multiplier_addtl[3]: 1
2018/11/19-15:41:15.314759 7f3d00be5700 Options.max_bytes_for_level_multiplier_addtl[4]: 1
2018/11/19-15:41:15.314760 7f3d00be5700 Options.max_bytes_for_level_multiplier_addtl[5]: 1
2018/11/19-15:41:15.314761 7f3d00be5700 Options.max_bytes_for_level_multiplier_addtl[6]: 1
2018/11/19-15:41:15.314762 7f3d00be5700       Options.max_sequential_skip_in_iterations: 8
2018/11/19-15:41:15.314762 7f3d00be5700                    Options.max_compaction_bytes: 1677721600
2018/11/19-15:41:15.314763 7f3d00be5700                        Options.arena_block_size: 16777216
2018/11/19-15:41:15.314764 7f3d00be5700   Options.soft_pending_compaction_bytes_limit: 68719476736
2018/11/19-15:41:15.314765 7f3d00be5700   Options.hard_pending_compaction_bytes_limit: 274877906944
2018/11/19-15:41:15.314772 7f3d00be5700       Options.rate_limit_delay_max_milliseconds: 100
2018/11/19-15:41:15.314773 7f3d00be5700                Options.disable_auto_compactions: 0
2018/11/19-15:41:15.314775 7f3d00be5700                        Options.compaction_style: kCompactionStyleLevel
2018/11/19-15:41:15.314777 7f3d00be5700                          Options.compaction_pri: kByCompensatedSize
2018/11/19-15:41:15.314778 7f3d00be5700 Options.compaction_options_universal.size_ratio: 1
2018/11/19-15:41:15.314779 7f3d00be5700 Options.compaction_options_universal.min_merge_width: 2
2018/11/19-15:41:15.314780 7f3d00be5700 Options.compaction_options_universal.max_merge_width: 4294967295
2018/11/19-15:41:15.314781 7f3d00be5700 Options.compaction_options_universal.max_size_amplification_percent: 200
2018/11/19-15:41:15.314782 7f3d00be5700 Options.compaction_options_universal.compression_size_percent: -1
2018/11/19-15:41:15.314783 7f3d00be5700 Options.compaction_options_universal.stop_style: kCompactionStopStyleTotalSize
2018/11/19-15:41:15.314784 7f3d00be5700 Options.compaction_options_fifo.max_table_files_size: 1073741824
2018/11/19-15:41:15.314785 7f3d00be5700 Options.compaction_options_fifo.allow_compaction: 0
2018/11/19-15:41:15.314786 7f3d00be5700 Options.compaction_options_fifo.ttl: 0
2018/11/19-15:41:15.314787 7f3d00be5700                   Options.table_properties_collectors: 
2018/11/19-15:41:15.314788 7f3d00be5700                   Options.inplace_update_support: 0
2018/11/19-15:41:15.314789 7f3d00be5700                 Options.inplace_update_num_locks: 10000
2018/11/19-15:41:15.314790 7f3d00be5700               Options.memtable_prefix_bloom_size_ratio: 0.000000
2018/11/19-15:41:15.314791 7f3d00be5700   Options.memtable_huge_page_size: 0
2018/11/19-15:41:15.314792 7f3d00be5700                           Options.bloom_locality: 0
2018/11/19-15:41:15.314793 7f3d00be5700                    Options.max_successive_merges: 0
2018/11/19-15:41:15.314794 7f3d00be5700                Options.optimize_filters_for_hits: 0
2018/11/19-15:41:15.314795 7f3d00be5700                Options.paranoid_file_checks: 0
2018/11/19-15:41:15.314796 7f3d00be5700                Options.force_consistency_checks: 0
2018/11/19-15:41:15.314796 7f3d00be5700                Options.report_bg_io_stats: 0
2018/11/19-15:41:15.314797 7f3d00be5700                               Options.ttl: 0
2018/11/19-15:41:15.315538 7f3d00be5700 [db/version_set.cc:3361] Recovered from manifest file:/mnt/sdb/ycsb-rocksdb-data/MANIFEST-000001 succeeded,manifest_file_number is 1, next_file_number is 3, last_sequence is 0, log_number is 0,prev_log_number is 0,max_column_family is 0,min_log_number_to_keep is 0
2018/11/19-15:41:15.315547 7f3d00be5700 [db/version_set.cc:3369] Column family [default] (ID 0), log number is 0
2018/11/19-15:41:15.315750 7f3d00be5700 [db/version_set.cc:2847] Creating manifest 4
2018/11/19-15:41:15.385259 7f3d00be5700 [db/column_family.cc:475] --------------- Options for column family [usertable]:
2018/11/19-15:41:15.385263 7f3d00be5700               Options.comparator: leveldb.BytewiseComparator
2018/11/19-15:41:15.385264 7f3d00be5700           Options.merge_operator: None
2018/11/19-15:41:15.385265 7f3d00be5700        Options.compaction_filter: None
2018/11/19-15:41:15.385266 7f3d00be5700        Options.compaction_filter_factory: None
2018/11/19-15:41:15.385267 7f3d00be5700         Options.memtable_factory: SkipListFactory
2018/11/19-15:41:15.385268 7f3d00be5700            Options.table_factory: BlockBasedTable
2018/11/19-15:41:15.385296 7f3d00be5700            table_factory options:   flush_block_policy_factory: FlushBlockBySizePolicyFactory (0x7f3c38384a80)
  cache_index_and_filter_blocks: 0
  cache_index_and_filter_blocks_with_high_priority: 0
  pin_l0_filter_and_index_blocks_in_cache: 0
  index_type: 0
  hash_index_allow_collision: 1
  checksum: 1
  no_block_cache: 0
  block_cache: 0x7f3c38392080
  block_cache_name: LRUCache
  block_cache_options:
    capacity : 8388608
    num_shard_bits : 4
    strict_capacity_limit : 0
    high_pri_pool_ratio: 0.000
  block_cache_compressed: (nil)
  persistent_cache: (nil)
  block_size: 8192
  block_size_deviation: 10
  block_restart_interval: 16
  index_block_restart_interval: 1
  metadata_block_size: 4096
  partition_filters: 0
  use_delta_encoding: 1
  filter_policy: nullptr
  whole_key_filtering: 1
  verify_compression: 0
  read_amp_bytes_per_bit: 0
  format_version: 2
  enable_index_compression: 1
  block_align: 0
2018/11/19-15:41:15.385298 7f3d00be5700        Options.write_buffer_size: 134217728
2018/11/19-15:41:15.385299 7f3d00be5700  Options.max_write_buffer_number: 24
2018/11/19-15:41:15.385300 7f3d00be5700        Options.compression[0]: NoCompression
2018/11/19-15:41:15.385301 7f3d00be5700        Options.compression[1]: NoCompression
2018/11/19-15:41:15.385302 7f3d00be5700        Options.compression[2]: LZ4
2018/11/19-15:41:15.385303 7f3d00be5700        Options.compression[3]: LZ4
2018/11/19-15:41:15.385304 7f3d00be5700        Options.compression[4]: LZ4
2018/11/19-15:41:15.385305 7f3d00be5700        Options.compression[5]: LZ4
2018/11/19-15:41:15.385306 7f3d00be5700        Options.compression[6]: LZ4
2018/11/19-15:41:15.385307 7f3d00be5700                  Options.bottommost_compression: Disabled
2018/11/19-15:41:15.385308 7f3d00be5700       Options.prefix_extractor: nullptr
2018/11/19-15:41:15.385309 7f3d00be5700   Options.memtable_insert_with_hint_prefix_extractor: nullptr
2018/11/19-15:41:15.385310 7f3d00be5700             Options.num_levels: 7
2018/11/19-15:41:15.385311 7f3d00be5700        Options.min_write_buffer_number_to_merge: 2
2018/11/19-15:41:15.385312 7f3d00be5700     Options.max_write_buffer_number_to_maintain: 0
2018/11/19-15:41:15.385313 7f3d00be5700            Options.compression_opts.window_bits: -14
2018/11/19-15:41:15.385314 7f3d00be5700                  Options.compression_opts.level: -1
2018/11/19-15:41:15.385315 7f3d00be5700               Options.compression_opts.strategy: 0
2018/11/19-15:41:15.385315 7f3d00be5700         Options.compression_opts.max_dict_bytes: 0
2018/11/19-15:41:15.385316 7f3d00be5700         Options.compression_opts.zstd_max_train_bytes: 0
2018/11/19-15:41:15.385317 7f3d00be5700      Options.level0_file_num_compaction_trigger: 2
2018/11/19-15:41:15.385318 7f3d00be5700          Options.level0_slowdown_writes_trigger: 20
2018/11/19-15:41:15.385319 7f3d00be5700              Options.level0_stop_writes_trigger: 36
2018/11/19-15:41:15.385320 7f3d00be5700                   Options.target_file_size_base: 67108864
2018/11/19-15:41:15.385321 7f3d00be5700             Options.target_file_size_multiplier: 1
2018/11/19-15:41:15.385322 7f3d00be5700                Options.max_bytes_for_level_base: 536870912
2018/11/19-15:41:15.385322 7f3d00be5700 Options.level_compaction_dynamic_level_bytes: 0
2018/11/19-15:41:15.385323 7f3d00be5700          Options.max_bytes_for_level_multiplier: 10.000000
2018/11/19-15:41:15.385326 7f3d00be5700 Options.max_bytes_for_level_multiplier_addtl[0]: 1
2018/11/19-15:41:15.385338 7f3d00be5700 Options.max_bytes_for_level_multiplier_addtl[1]: 1
2018/11/19-15:41:15.385339 7f3d00be5700 Options.max_bytes_for_level_multiplier_addtl[2]: 1
2018/11/19-15:41:15.385340 7f3d00be5700 Options.max_bytes_for_level_multiplier_addtl[3]: 1
2018/11/19-15:41:15.385341 7f3d00be5700 Options.max_bytes_for_level_multiplier_addtl[4]: 1
2018/11/19-15:41:15.385342 7f3d00be5700 Options.max_bytes_for_level_multiplier_addtl[5]: 1
2018/11/19-15:41:15.385342 7f3d00be5700 Options.max_bytes_for_level_multiplier_addtl[6]: 1
2018/11/19-15:41:15.385343 7f3d00be5700       Options.max_sequential_skip_in_iterations: 8
2018/11/19-15:41:15.385344 7f3d00be5700                    Options.max_compaction_bytes: 1677721600
2018/11/19-15:41:15.385345 7f3d00be5700                        Options.arena_block_size: 16777216
2018/11/19-15:41:15.385346 7f3d00be5700   Options.soft_pending_compaction_bytes_limit: 68719476736
2018/11/19-15:41:15.385347 7f3d00be5700   Options.hard_pending_compaction_bytes_limit: 274877906944
2018/11/19-15:41:15.385348 7f3d00be5700       Options.rate_limit_delay_max_milliseconds: 100
2018/11/19-15:41:15.385349 7f3d00be5700                Options.disable_auto_compactions: 0
2018/11/19-15:41:15.385351 7f3d00be5700                        Options.compaction_style: kCompactionStyleLevel
2018/11/19-15:41:15.385352 7f3d00be5700                          Options.compaction_pri: kByCompensatedSize
2018/11/19-15:41:15.385353 7f3d00be5700 Options.compaction_options_universal.size_ratio: 1
2018/11/19-15:41:15.385354 7f3d00be5700 Options.compaction_options_universal.min_merge_width: 2
2018/11/19-15:41:15.385355 7f3d00be5700 Options.compaction_options_universal.max_merge_width: 4294967295
2018/11/19-15:41:15.385356 7f3d00be5700 Options.compaction_options_universal.max_size_amplification_percent: 200
2018/11/19-15:41:15.385356 7f3d00be5700 Options.compaction_options_universal.compression_size_percent: -1
2018/11/19-15:41:15.385358 7f3d00be5700 Options.compaction_options_universal.stop_style: kCompactionStopStyleTotalSize
2018/11/19-15:41:15.385359 7f3d00be5700 Options.compaction_options_fifo.max_table_files_size: 1073741824
2018/11/19-15:41:15.385360 7f3d00be5700 Options.compaction_options_fifo.allow_compaction: 0
2018/11/19-15:41:15.385361 7f3d00be5700 Options.compaction_options_fifo.ttl: 0
2018/11/19-15:41:15.385362 7f3d00be5700                   Options.table_properties_collectors: 
2018/11/19-15:41:15.385363 7f3d00be5700                   Options.inplace_update_support: 0
2018/11/19-15:41:15.385364 7f3d00be5700                 Options.inplace_update_num_locks: 10000
2018/11/19-15:41:15.385365 7f3d00be5700               Options.memtable_prefix_bloom_size_ratio: 0.000000
2018/11/19-15:41:15.385366 7f3d00be5700   Options.memtable_huge_page_size: 0
2018/11/19-15:41:15.385367 7f3d00be5700                           Options.bloom_locality: 0
2018/11/19-15:41:15.385368 7f3d00be5700                    Options.max_successive_merges: 0
2018/11/19-15:41:15.385369 7f3d00be5700                Options.optimize_filters_for_hits: 0
2018/11/19-15:41:15.385370 7f3d00be5700                Options.paranoid_file_checks: 0
2018/11/19-15:41:15.385370 7f3d00be5700                Options.force_consistency_checks: 0
2018/11/19-15:41:15.385371 7f3d00be5700                Options.report_bg_io_stats: 0
2018/11/19-15:41:15.385372 7f3d00be5700                               Options.ttl: 0
2018/11/19-15:41:15.385415 7f3d00be5700 [db/db_impl.cc:1396] Created column family [usertable] (ID 1)
2018/11/19-15:41:15.459136 7f3d00be5700 [db/db_impl_open.cc:1219] DB pointer 0x7f3c383d3160
2018/11/19-15:41:15.784442 7f3cfaded700 [db/db_impl_write.cc:1373] [usertable] New memtable created with log file: #9. Immutable memtables: 0.
2018/11/19-15:41:16.005035 7f3d006d1700 [db/db_impl_write.cc:1373] [usertable] New memtable created with log file: #10. Immutable memtables: 1.
2018/11/19-15:41:16.005174 7f3cd37fe700 [db/db_impl_compaction_flush.cc:80] [JOB 2] Syncing log #3
2018/11/19-15:41:16.240977 7f3d005d0700 [db/db_impl_write.cc:1373] [usertable] New memtable created with log file: #12. Immutable memtables: 2.
2018/11/19-15:41:16.465368 7f3d004cf700 [db/db_impl_write.cc:1373] [usertable] New memtable created with log file: #13. Immutable memtables: 3.
2018/11/19-15:41:16.680209 7f3cfb0f0700 [db/db_impl_write.cc:1373] [usertable] New memtable created with log file: #15. Immutable memtables: 4.
2018/11/19-15:41:16.899476 7f3cfb1f1700 [db/db_impl_write.cc:1373] [usertable] New memtable created with log file: #16. Immutable memtables: 5.
2018/11/19-15:41:16.934876 7f3cd37fe700 [db/db_impl_compaction_flush.cc:80] [JOB 2] Syncing log #9
2018/11/19-15:41:17.104291 7f3cfbafa700 [db/db_impl_write.cc:1373] [usertable] New memtable created with log file: #18. Immutable memtables: 6.
2018/11/19-15:41:17.332674 7f3d002cd700 [db/db_impl_write.cc:1373] [usertable] New memtable created with log file: #19. Immutable memtables: 7.
2018/11/19-15:41:17.541667 7f3d002cd700 [db/db_impl_write.cc:1373] [usertable] New memtable created with log file: #21. Immutable memtables: 8.
2018/11/19-15:41:17.738900 7f3cfb7f7700 [db/db_impl_write.cc:1373] [usertable] New memtable created with log file: #22. Immutable memtables: 9.
2018/11/19-15:41:17.932531 7f3d002cd700 [db/db_impl_write.cc:1373] [usertable] New memtable created with log file: #24. Immutable memtables: 10.
2018/11/19-15:41:18.169860 7f3cd37fe700 (Original Log Time 2018/11/19-15:41:16.005123) [db/db_impl_compaction_flush.cc:1424] Calling FlushMemTableToOutputFile with column family [usertable], flush slots available 24, compaction slots available 1, flush slots scheduled 1, compaction slots scheduled 0
2018/11/19-15:41:18.169874 7f3cd37fe700 [db/flush_job.cc:301] [usertable] [JOB 2] Flushing memtable with next log file: 9
2018/11/19-15:41:18.169884 7f3cd37fe700 [db/flush_job.cc:301] [usertable] [JOB 2] Flushing memtable with next log file: 10
2018/11/19-15:41:18.169928 7f3cd37fe700 EVENT_LOG_v1 {"time_micros": 1542670878169911, "job": 2, "event": "flush_started", "num_memtables": 2, "num_entries": 54120, "num_deletes": 0, "memory_usage": 224311696, "flush_reason": "Write Buffer Full"}
2018/11/19-15:41:18.169938 7f3cd37fe700 [db/flush_job.cc:331] [usertable] [JOB 2] Level-0 flush table #11: started
2018/11/19-15:41:18.174722 7f3cd27fc700 [db/db_impl_compaction_flush.cc:80] [JOB 4] Syncing log #10
2018/11/19-15:41:18.181177 7f3d009e3700 [db/db_impl_write.cc:1373] [usertable] New memtable created with log file: #25. Immutable memtables: 11.
2018/11/19-15:41:18.398721 7f3cfb4f4700 [db/db_impl_write.cc:1373] [usertable] New memtable created with log file: #27. Immutable memtables: 12.
2018/11/19-15:41:18.594790 7f3cfb6f6700 [db/db_impl_write.cc:1373] [usertable] New memtable created with log file: #28. Immutable memtables: 13.
2018/11/19-15:41:18.810998 7f3cfafef700 [db/db_impl_write.cc:1373] [usertable] New memtable created with log file: #30. Immutable memtables: 14.
2018/11/19-15:41:19.047004 7f3cfb6f6700 [db/db_impl_write.cc:1373] [usertable] New memtable created with log file: #31. Immutable memtables: 15.
2018/11/19-15:41:19.251151 7f3cfb1f1700 [db/db_impl_write.cc:1373] [usertable] New memtable created with log file: #33. Immutable memtables: 16.
2018/11/19-15:41:19.458732 7f3d004cf700 [db/db_impl_write.cc:1373] [usertable] New memtable created with log file: #34. Immutable memtables: 17.
2018/11/19-15:41:19.665056 7f3cfb5f5700 [db/db_impl_write.cc:1373] [usertable] New memtable created with log file: #36. Immutable memtables: 18.
2018/11/19-15:41:19.879070 7f3cd27fc700 [db/db_impl_compaction_flush.cc:80] [JOB 4] Syncing log #12
2018/11/19-15:41:19.879146 7f3cfb3f3700 [db/db_impl_write.cc:1373] [usertable] New memtable created with log file: #37. Immutable memtables: 19.
2018/11/19-15:41:20.090582 7f3cfa9e9700 [db/db_impl_write.cc:1373] [usertable] New memtable created with log file: #39. Immutable memtables: 20.
2018/11/19-15:41:20.297792 7f3cfacec700 [db/db_impl_write.cc:1373] [usertable] New memtable created with log file: #40. Immutable memtables: 21.
2018/11/19-15:41:20.503605 7f3d002cd700 [db/db_impl_write.cc:1373] [usertable] New memtable created with log file: #42. Immutable memtables: 22.
2018/11/19-15:41:20.503645 7f3d002cd700 [WARN] [db/column_family.cc:779] [usertable] Stalling writes because we have 23 immutable memtables (waiting for flush), max_write_buffer_number is set to 24 rate 16777216
2018/11/19-15:41:21.919753 7f3cd27fc700 [db/db_impl_compaction_flush.cc:80] [JOB 4] Syncing log #13
2018/11/19-15:41:21.920606 7f3cd37fe700 EVENT_LOG_v1 {"time_micros": 1542670881920585, "cf_name": "usertable", "job": 2, "event": "table_file_creation", "file_number": 11, "file_size": 224132632, "table_properties": {"data_size": 223136760, "index_size": 994945, "filter_size": 0, "raw_key_size": 1298880, "raw_average_key_size": 24, "raw_value_size": 221675520, "raw_average_value_size": 4096, "num_data_blocks": 27060, "num_entries": 54120, "filter_policy_name": "", "kDeletedKeys": "0", "kMergeOperands": "0"}}
2018/11/19-15:41:21.920641 7f3cd37fe700 [db/flush_job.cc:371] [usertable] [JOB 2] Level-0 flush table #11: 224132632 bytes OK
2018/11/19-15:41:22.626947 7f3cd37fe700 (Original Log Time 2018/11/19-15:41:21.920658) [db/memtable_list.cc:377] [usertable] Level-0 commit table #11 started
2018/11/19-15:41:22.626952 7f3cd37fe700 (Original Log Time 2018/11/19-15:41:22.626780) [db/memtable_list.cc:409] [usertable] Level-0 commit table #11: memtable #1 done
2018/11/19-15:41:22.626953 7f3cd37fe700 (Original Log Time 2018/11/19-15:41:22.626796) [db/memtable_list.cc:409] [usertable] Level-0 commit table #11: memtable #2 done
2018/11/19-15:41:22.626955 7f3cd37fe700 (Original Log Time 2018/11/19-15:41:22.626863) EVENT_LOG_v1 {"time_micros": 1542670882626818, "job": 2, "event": "flush_finished", "output_compression": "NoCompression", "lsm_state": [1, 0, 0, 0, 0, 0, 0], "immutable_memtables": 21}
2018/11/19-15:41:22.626956 7f3cd37fe700 (Original Log Time 2018/11/19-15:41:22.626896) [db/db_impl_compaction_flush.cc:177] [usertable] Level summary: base level 1 max bytes base 536870912 files[1 0 0 0 0 0 0] max score 0.50
2018/11/19-15:41:22.626982 7f3cd37fe700 [db/db_impl_files.cc:347] [JOB 2] Try to delete WAL files size 222885588, prev total WAL file size 2675425510, number of live WAL files 24.
2018/11/19-15:41:22.775635 7f3cfb4f4700 [db/db_impl_write.cc:1373] [usertable] New memtable created with log file: #43. Immutable memtables: 21.
2018/11/19-15:41:22.905207 7f3cd27fc700 [db/db_impl_compaction_flush.cc:80] [JOB 4] Syncing log #15
2018/11/19-15:41:22.976231 7f3d005d0700 [db/db_impl_write.cc:1373] [usertable] New memtable created with log file: #45. Immutable memtables: 22.
2018/11/19-15:41:22.976255 7f3d005d0700 [WARN] [db/column_family.cc:779] [usertable] Stalling writes because we have 23 immutable memtables (waiting for flush), max_write_buffer_number is set to 24 rate 16777216
2018/11/19-15:41:23.358374 7f3cd27fc700 (Original Log Time 2018/11/19-15:41:16.899533) [db/db_impl_compaction_flush.cc:1424] Calling FlushMemTableToOutputFile with column family [usertable], flush slots available 24, compaction slots available 1, flush slots scheduled 3, compaction slots scheduled 0
2018/11/19-15:41:23.358383 7f3cd27fc700 [db/flush_job.cc:301] [usertable] [JOB 4] Flushing memtable with next log file: 15
2018/11/19-15:41:23.358391 7f3cd27fc700 [db/flush_job.cc:301] [usertable] [JOB 4] Flushing memtable with next log file: 16
2018/11/19-15:41:23.358434 7f3cd27fc700 EVENT_LOG_v1 {"time_micros": 1542670883358412, "job": 4, "event": "flush_started", "num_memtables": 2, "num_entries": 56266, "num_deletes": 0, "memory_usage": 233188600, "flush_reason": "Write Buffer Full"}
2018/11/19-15:41:23.358443 7f3cd27fc700 [db/flush_job.cc:331] [usertable] [JOB 4] Level-0 flush table #17: started
2018/11/19-15:41:23.358457 7f3cd1ffb700 [db/db_impl_compaction_flush.cc:80] [JOB 5] Syncing log #16
2018/11/19-15:41:23.358680 7f3cd2ffd700 (Original Log Time 2018/11/19-15:41:16.465422) [db/db_impl_compaction_flush.cc:1424] Calling FlushMemTableToOutputFile with column family [usertable], flush slots available 24, compaction slots available 1, flush slots scheduled 2, compaction slots scheduled 0
2018/11/19-15:41:23.358689 7f3cd2ffd700 [db/flush_job.cc:301] [usertable] [JOB 3] Flushing memtable with next log file: 12
2018/11/19-15:41:23.358713 7f3cd2ffd700 [db/flush_job.cc:301] [usertable] [JOB 3] Flushing memtable with next log file: 13
2018/11/19-15:41:23.358743 7f3cd2ffd700 EVENT_LOG_v1 {"time_micros": 1542670883358734, "job": 3, "event": "flush_started", "num_memtables": 2, "num_entries": 57671, "num_deletes": 0, "memory_usage": 239003712, "flush_reason": "Write Buffer Full"}
2018/11/19-15:41:23.358750 7f3cd2ffd700 [db/flush_job.cc:331] [usertable] [JOB 3] Level-0 flush table #14: started
2018/11/19-15:41:24.623260 7f3cd1ffb700 [db/db_impl_compaction_flush.cc:80] [JOB 5] Syncing log #18
2018/11/19-15:41:26.771383 7f3cd1ffb700 (Original Log Time 2018/11/19-15:41:17.332724) [db/db_impl_compaction_flush.cc:1424] Calling FlushMemTableToOutputFile with column family [usertable], flush slots available 24, compaction slots available 1, flush slots scheduled 4, compaction slots scheduled 0
2018/11/19-15:41:26.771393 7f3cd1ffb700 [db/flush_job.cc:301] [usertable] [JOB 5] Flushing memtable with next log file: 18
2018/11/19-15:41:26.771400 7f3cd1ffb700 [db/flush_job.cc:301] [usertable] [JOB 5] Flushing memtable with next log file: 19
2018/11/19-15:41:26.771418 7f3cd17fa700 [db/db_impl_compaction_flush.cc:80] [JOB 6] Syncing log #19
2018/11/19-15:41:26.771429 7f3cd1ffb700 EVENT_LOG_v1 {"time_micros": 1542670886771418, "job": 5, "event": "flush_started", "num_memtables": 2, "num_entries": 56358, "num_deletes": 0, "memory_usage": 233569656, "flush_reason": "Write Buffer Full"}
2018/11/19-15:41:26.771436 7f3cd1ffb700 [db/flush_job.cc:331] [usertable] [JOB 5] Level-0 flush table #20: started
2018/11/19-15:41:29.479872 7f3d00be5700 [db/db_impl_write.cc:1373] [usertable] New memtable created with log file: #46. Immutable memtables: 23.
2018/11/19-15:41:29.479923 7f3d00be5700 [WARN] [db/column_family.cc:743] [usertable] Stopping writes because we have 24 immutable memtables (waiting for flush), max_write_buffer_number is set to 24
2018/11/19-15:41:29.805776 7f3cd17fa700 [db/db_impl_compaction_flush.cc:80] [JOB 6] Syncing log #21
2018/11/19-15:41:32.354144 7f3cd17fa700 (Original Log Time 2018/11/19-15:41:17.738950) [db/db_impl_compaction_flush.cc:1424] Calling FlushMemTableToOutputFile with column family [usertable], flush slots available 24, compaction slots available 1, flush slots scheduled 5, compaction slots scheduled 0
2018/11/19-15:41:32.354155 7f3cd17fa700 [db/flush_job.cc:301] [usertable] [JOB 6] Flushing memtable with next log file: 21
2018/11/19-15:41:32.354164 7f3cd17fa700 [db/flush_job.cc:301] [usertable] [JOB 6] Flushing memtable with next log file: 22
2018/11/19-15:41:32.354184 7f3cd0ff9700 [db/db_impl_compaction_flush.cc:80] [JOB 7] Syncing log #22
2018/11/19-15:41:32.354201 7f3cd17fa700 EVENT_LOG_v1 {"time_micros": 1542670892354190, "job": 6, "event": "flush_started", "num_memtables": 2, "num_entries": 55079, "num_deletes": 0, "memory_usage": 228275944, "flush_reason": "Write Buffer Full"}
2018/11/19-15:41:32.354210 7f3cd17fa700 [db/flush_job.cc:331] [usertable] [JOB 6] Level-0 flush table #23: started
2018/11/19-15:41:35.491859 7f3cd2ffd700 EVENT_LOG_v1 {"time_micros": 1542670895491836, "cf_name": "usertable", "job": 3, "event": "table_file_creation", "file_number": 14, "file_size": 238838735, "table_properties": {"data_size": 237777547, "index_size": 1060261, "filter_size": 0, "raw_key_size": 1384104, "raw_average_key_size": 24, "raw_value_size": 236220416, "raw_average_value_size": 4096, "num_data_blocks": 28836, "num_entries": 57671, "filter_policy_name": "", "kDeletedKeys": "0", "kMergeOperands": "0"}}
2018/11/19-15:41:35.491882 7f3cd2ffd700 [db/flush_job.cc:371] [usertable] [JOB 3] Level-0 flush table #14: 238838735 bytes OK
2018/11/19-15:41:35.996943 7f3cd27fc700 EVENT_LOG_v1 {"time_micros": 1542670895996930, "cf_name": "usertable", "job": 4, "event": "table_file_creation", "file_number": 17, "file_size": 233032553, "table_properties": {"data_size": 231990969, "index_size": 1040657, "filter_size": 0, "raw_key_size": 1350384, "raw_average_key_size": 24, "raw_value_size": 230465536, "raw_average_value_size": 4096, "num_data_blocks": 28133, "num_entries": 56266, "filter_policy_name": "", "kDeletedKeys": "0", "kMergeOperands": "0"}}
2018/11/19-15:41:35.996958 7f3cd27fc700 [db/flush_job.cc:371] [usertable] [JOB 4] Level-0 flush table #17: 233032553 bytes OK
2018/11/19-15:41:36.743722 7f3cd27fc700 [WARN] [db/column_family.cc:743] [usertable] Stopping writes because we have 24 immutable memtables (waiting for flush), max_write_buffer_number is set to 24
2018/11/19-15:41:36.743766 7f3cd27fc700 (Original Log Time 2018/11/19-15:41:36.743702) EVENT_LOG_v1 {"time_micros": 1542670896743690, "job": 4, "event": "flush_finished", "output_compression": "NoCompression", "lsm_state": [1, 0, 0, 0, 0, 0, 0], "immutable_memtables": 24}
2018/11/19-15:41:36.743768 7f3cd27fc700 (Original Log Time 2018/11/19-15:41:36.743742) [db/db_impl_compaction_flush.cc:177] [usertable] Level summary: base level 1 max bytes base 536870912 files[1 0 0 0 0 0 0] max score 0.50
2018/11/19-15:41:37.135290 7f3cd0ff9700 [db/db_impl_compaction_flush.cc:80] [JOB 7] Syncing log #24
2018/11/19-15:41:37.191380 7f3cd1ffb700 EVENT_LOG_v1 {"time_micros": 1542670897191358, "cf_name": "usertable", "job": 5, "event": "table_file_creation", "file_number": 20, "file_size": 233413583, "table_properties": {"data_size": 232370297, "index_size": 1042359, "filter_size": 0, "raw_key_size": 1352592, "raw_average_key_size": 24, "raw_value_size": 230842368, "raw_average_value_size": 4096, "num_data_blocks": 28179, "num_entries": 56358, "filter_policy_name": "", "kDeletedKeys": "0", "kMergeOperands": "0"}}
2018/11/19-15:41:37.191413 7f3cd1ffb700 [db/flush_job.cc:371] [usertable] [JOB 5] Level-0 flush table #20: 233413583 bytes OK
2018/11/19-15:41:37.191455 7f3cd1ffb700 [WARN] [db/column_family.cc:743] [usertable] Stopping writes because we have 24 immutable memtables (waiting for flush), max_write_buffer_number is set to 24
2018/11/19-15:41:37.191492 7f3cd1ffb700 (Original Log Time 2018/11/19-15:41:37.191444) EVENT_LOG_v1 {"time_micros": 1542670897191433, "job": 5, "event": "flush_finished", "output_compression": "NoCompression", "lsm_state": [1, 0, 0, 0, 0, 0, 0], "immutable_memtables": 24}
2018/11/19-15:41:37.191495 7f3cd1ffb700 (Original Log Time 2018/11/19-15:41:37.191473) [db/db_impl_compaction_flush.cc:177] [usertable] Level summary: base level 1 max bytes base 536870912 files[1 0 0 0 0 0 0] max score 0.50
2018/11/19-15:41:38.839174 7f3cd17fa700 EVENT_LOG_v1 {"time_micros": 1542670898839151, "cf_name": "usertable", "job": 6, "event": "table_file_creation", "file_number": 23, "file_size": 228116492, "table_properties": {"data_size": 227096849, "index_size": 1018716, "filter_size": 0, "raw_key_size": 1321896, "raw_average_key_size": 24, "raw_value_size": 225603584, "raw_average_value_size": 4096, "num_data_blocks": 27540, "num_entries": 55079, "filter_policy_name": "", "kDeletedKeys": "0", "kMergeOperands": "0"}}
2018/11/19-15:41:38.839200 7f3cd17fa700 [db/flush_job.cc:371] [usertable] [JOB 6] Level-0 flush table #23: 228116492 bytes OK
2018/11/19-15:41:38.839241 7f3cd17fa700 [WARN] [db/column_family.cc:743] [usertable] Stopping writes because we have 24 immutable memtables (waiting for flush), max_write_buffer_number is set to 24
2018/11/19-15:41:38.839281 7f3cd17fa700 (Original Log Time 2018/11/19-15:41:38.839231) EVENT_LOG_v1 {"time_micros": 1542670898839221, "job": 6, "event": "flush_finished", "output_compression": "NoCompression", "lsm_state": [1, 0, 0, 0, 0, 0, 0], "immutable_memtables": 24}
2018/11/19-15:41:38.839283 7f3cd17fa700 (Original Log Time 2018/11/19-15:41:38.839265) [db/db_impl_compaction_flush.cc:177] [usertable] Level summary: base level 1 max bytes base 536870912 files[1 0 0 0 0 0 0] max score 0.50
2018/11/19-15:41:38.957811 7f3cd0ff9700 (Original Log Time 2018/11/19-15:41:18.181233) [db/db_impl_compaction_flush.cc:1424] Calling FlushMemTableToOutputFile with column family [usertable], flush slots available 24, compaction slots available 1, flush slots scheduled 6, compaction slots scheduled 0
