2019/04/22-14:08:54.510877 7fd9803d8700 RocksDB version: 5.14.3
2019/04/22-14:08:54.510951 7fd9803d8700 Git sha rocksdb_build_git_sha:
2019/04/22-14:08:54.510954 7fd9803d8700 Compile date Oct  9 2018
2019/04/22-14:08:54.510964 7fd9803d8700 DB SUMMARY
2019/04/22-14:08:54.511842 7fd9803d8700 CURRENT file:  CURRENT
2019/04/22-14:08:54.511846 7fd9803d8700 IDENTITY file:  IDENTITY
2019/04/22-14:08:54.511864 7fd9803d8700 MANIFEST file:  MANIFEST-000004 size: 126652 Bytes
2019/04/22-14:08:54.511868 7fd9803d8700 SST files in /mnt/sdb/ycsb-rocksdb-data dir, Total Num: 712, files: 000021.sst 000022.sst 000023.sst 000024.sst 000028.sst 000029.sst 000030.sst 000031.sst 000035.sst 
2019/04/22-14:08:54.511873 7fd9803d8700 Write Ahead Log file in /mnt/sdb/ycsb-rocksdb-data: 001276.log size: 117643500 ; 001282.log size: 112190497 ; 
2019/04/22-14:08:54.511900 7fd9803d8700                         Options.error_if_exists: 0
2019/04/22-14:08:54.511902 7fd9803d8700                       Options.create_if_missing: 1
2019/04/22-14:08:54.511903 7fd9803d8700                         Options.paranoid_checks: 1
2019/04/22-14:08:54.511904 7fd9803d8700                                     Options.env: 0x7fd938ffa080
2019/04/22-14:08:54.511905 7fd9803d8700                                Options.info_log: 0x7fd91c3b4fc0
2019/04/22-14:08:54.511906 7fd9803d8700                Options.max_file_opening_threads: 16
2019/04/22-14:08:54.511907 7fd9803d8700                              Options.statistics: (nil)
2019/04/22-14:08:54.511908 7fd9803d8700                               Options.use_fsync: 0
2019/04/22-14:08:54.511909 7fd9803d8700                       Options.max_log_file_size: 0
2019/04/22-14:08:54.511910 7fd9803d8700                  Options.max_manifest_file_size: 18446744073709551615
2019/04/22-14:08:54.511911 7fd9803d8700                   Options.log_file_time_to_roll: 0
2019/04/22-14:08:54.511912 7fd9803d8700                       Options.keep_log_file_num: 1000
2019/04/22-14:08:54.511913 7fd9803d8700                    Options.recycle_log_file_num: 0
2019/04/22-14:08:54.511914 7fd9803d8700                         Options.allow_fallocate: 1
2019/04/22-14:08:54.511915 7fd9803d8700                        Options.allow_mmap_reads: 0
2019/04/22-14:08:54.511916 7fd9803d8700                       Options.allow_mmap_writes: 0
2019/04/22-14:08:54.511917 7fd9803d8700                        Options.use_direct_reads: 0
2019/04/22-14:08:54.511918 7fd9803d8700                        Options.use_direct_io_for_flush_and_compaction: 0
2019/04/22-14:08:54.511919 7fd9803d8700          Options.create_missing_column_families: 1
2019/04/22-14:08:54.511920 7fd9803d8700                              Options.db_log_dir: 
2019/04/22-14:08:54.511921 7fd9803d8700                                 Options.wal_dir: /mnt/sdb/ycsb-rocksdb-data
2019/04/22-14:08:54.511922 7fd9803d8700                Options.table_cache_numshardbits: 6
2019/04/22-14:08:54.511923 7fd9803d8700                      Options.max_subcompactions: 4
2019/04/22-14:08:54.511924 7fd9803d8700                  Options.max_background_flushes: 24
2019/04/22-14:08:54.511925 7fd9803d8700                         Options.WAL_ttl_seconds: 0
2019/04/22-14:08:54.511926 7fd9803d8700                       Options.WAL_size_limit_MB: 0
2019/04/22-14:08:54.511928 7fd9803d8700             Options.manifest_preallocation_size: 4194304
2019/04/22-14:08:54.511929 7fd9803d8700                     Options.is_fd_close_on_exec: 1
2019/04/22-14:08:54.511930 7fd9803d8700                   Options.advise_random_on_open: 1
2019/04/22-14:08:54.511930 7fd9803d8700                    Options.db_write_buffer_size: 0
2019/04/22-14:08:54.511931 7fd9803d8700                    Options.write_buffer_manager: 0x7fd91c3b5460
2019/04/22-14:08:54.511932 7fd9803d8700         Options.access_hint_on_compaction_start: 1
2019/04/22-14:08:54.511933 7fd9803d8700  Options.new_table_reader_for_compaction_inputs: 0
2019/04/22-14:08:54.511934 7fd9803d8700           Options.random_access_max_buffer_size: 1048576
2019/04/22-14:08:54.511935 7fd9803d8700                      Options.use_adaptive_mutex: 0
2019/04/22-14:08:54.511936 7fd9803d8700                            Options.rate_limiter: (nil)
2019/04/22-14:08:54.511953 7fd9803d8700     Options.sst_file_manager.rate_bytes_per_sec: 0
2019/04/22-14:08:54.511955 7fd9803d8700                       Options.wal_recovery_mode: 2
2019/04/22-14:08:54.511956 7fd9803d8700                  Options.enable_thread_tracking: 0
2019/04/22-14:08:54.511957 7fd9803d8700                  Options.enable_pipelined_write: 1
2019/04/22-14:08:54.511958 7fd9803d8700         Options.allow_concurrent_memtable_write: 1
2019/04/22-14:08:54.511959 7fd9803d8700      Options.enable_write_thread_adaptive_yield: 1
2019/04/22-14:08:54.511960 7fd9803d8700             Options.write_thread_max_yield_usec: 100
2019/04/22-14:08:54.511961 7fd9803d8700            Options.write_thread_slow_yield_usec: 3
2019/04/22-14:08:54.511962 7fd9803d8700                               Options.row_cache: None
2019/04/22-14:08:54.511963 7fd9803d8700                              Options.wal_filter: None
2019/04/22-14:08:54.511964 7fd9803d8700             Options.avoid_flush_during_recovery: 0
2019/04/22-14:08:54.511965 7fd9803d8700             Options.allow_ingest_behind: 0
2019/04/22-14:08:54.511966 7fd9803d8700             Options.preserve_deletes: 0
2019/04/22-14:08:54.511967 7fd9803d8700             Options.two_write_queues: 0
2019/04/22-14:08:54.511968 7fd9803d8700             Options.manual_wal_flush: 0
2019/04/22-14:08:54.511970 7fd9803d8700             Options.max_background_jobs: 24
2019/04/22-14:08:54.511971 7fd9803d8700             Options.max_background_compactions: 24
2019/04/22-14:08:54.511972 7fd9803d8700             Options.avoid_flush_during_shutdown: 0
2019/04/22-14:08:54.511973 7fd9803d8700           Options.writable_file_max_buffer_size: 1048576
2019/04/22-14:08:54.511974 7fd9803d8700             Options.delayed_write_rate : 16777216
2019/04/22-14:08:54.511975 7fd9803d8700             Options.max_total_wal_size: 0
2019/04/22-14:08:54.511976 7fd9803d8700             Options.delete_obsolete_files_period_micros: 21600000000
2019/04/22-14:08:54.511978 7fd9803d8700                   Options.stats_dump_period_sec: 60
2019/04/22-14:08:54.511979 7fd9803d8700                          Options.max_open_files: -1
2019/04/22-14:08:54.511980 7fd9803d8700                          Options.bytes_per_sync: 1048576
2019/04/22-14:08:54.511981 7fd9803d8700                      Options.wal_bytes_per_sync: 0
2019/04/22-14:08:54.511982 7fd9803d8700       Options.compaction_readahead_size: 0
2019/04/22-14:08:54.511983 7fd9803d8700 Compression algorithms supported:
2019/04/22-14:08:54.511984 7fd9803d8700 	kZSTDNotFinalCompression supported: 1
2019/04/22-14:08:54.511993 7fd9803d8700 	kZSTD supported: 1
2019/04/22-14:08:54.511995 7fd9803d8700 	kXpressCompression supported: 0
2019/04/22-14:08:54.511996 7fd9803d8700 	kLZ4HCCompression supported: 1
2019/04/22-14:08:54.511997 7fd9803d8700 	kLZ4Compression supported: 1
2019/04/22-14:08:54.511999 7fd9803d8700 	kBZip2Compression supported: 1
2019/04/22-14:08:54.512000 7fd9803d8700 	kZlibCompression supported: 1
2019/04/22-14:08:54.512001 7fd9803d8700 	kSnappyCompression supported: 1
2019/04/22-14:08:54.512005 7fd9803d8700 Fast CRC32 supported: Not supported on x86
2019/04/22-14:08:54.512558 7fd9803d8700 [db/version_set.cc:3085] Recovering from manifest file: MANIFEST-000004
2019/04/22-14:08:54.512636 7fd9803d8700 [db/column_family.cc:475] --------------- Options for column family [default]:
2019/04/22-14:08:54.512640 7fd9803d8700               Options.comparator: leveldb.BytewiseComparator
2019/04/22-14:08:54.512642 7fd9803d8700           Options.merge_operator: None
2019/04/22-14:08:54.512643 7fd9803d8700        Options.compaction_filter: None
2019/04/22-14:08:54.512644 7fd9803d8700        Options.compaction_filter_factory: None
2019/04/22-14:08:54.512645 7fd9803d8700         Options.memtable_factory: SkipListFactory
2019/04/22-14:08:54.512646 7fd9803d8700            Options.table_factory: BlockBasedTable
2019/04/22-14:08:54.512669 7fd9803d8700            table_factory options:   flush_block_policy_factory: FlushBlockBySizePolicyFactory (0x7fd91c3a5960)
  cache_index_and_filter_blocks: 0
  cache_index_and_filter_blocks_with_high_priority: 0
  pin_l0_filter_and_index_blocks_in_cache: 0
  index_type: 0
  hash_index_allow_collision: 1
  checksum: 1
  no_block_cache: 0
  block_cache: 0x7fd91c3a50a0
  block_cache_name: LRUCache
  block_cache_options:
    capacity : 8388608
    num_shard_bits : 4
    strict_capacity_limit : 0
    high_pri_pool_ratio: 0.000
  block_cache_compressed: (nil)
  persistent_cache: (nil)
  block_size: 8192
  block_size_deviation: 10
  block_restart_interval: 16
  index_block_restart_interval: 1
  metadata_block_size: 4096
  partition_filters: 0
  use_delta_encoding: 1
  filter_policy: nullptr
  whole_key_filtering: 1
  verify_compression: 0
  read_amp_bytes_per_bit: 0
  format_version: 2
  enable_index_compression: 1
  block_align: 0
2019/04/22-14:08:54.512683 7fd9803d8700        Options.write_buffer_size: 134217728
2019/04/22-14:08:54.512684 7fd9803d8700  Options.max_write_buffer_number: 24
2019/04/22-14:08:54.512686 7fd9803d8700        Options.compression[0]: NoCompression
2019/04/22-14:08:54.512688 7fd9803d8700        Options.compression[1]: NoCompression
2019/04/22-14:08:54.512689 7fd9803d8700        Options.compression[2]: LZ4
2019/04/22-14:08:54.512690 7fd9803d8700        Options.compression[3]: LZ4
2019/04/22-14:08:54.512691 7fd9803d8700        Options.compression[4]: LZ4
2019/04/22-14:08:54.512692 7fd9803d8700        Options.compression[5]: LZ4
2019/04/22-14:08:54.512693 7fd9803d8700        Options.compression[6]: LZ4
2019/04/22-14:08:54.512694 7fd9803d8700                  Options.bottommost_compression: Disabled
2019/04/22-14:08:54.512695 7fd9803d8700       Options.prefix_extractor: nullptr
2019/04/22-14:08:54.512697 7fd9803d8700   Options.memtable_insert_with_hint_prefix_extractor: nullptr
2019/04/22-14:08:54.512698 7fd9803d8700             Options.num_levels: 7
2019/04/22-14:08:54.512699 7fd9803d8700        Options.min_write_buffer_number_to_merge: 2
2019/04/22-14:08:54.512700 7fd9803d8700     Options.max_write_buffer_number_to_maintain: 0
2019/04/22-14:08:54.512701 7fd9803d8700            Options.compression_opts.window_bits: -14
2019/04/22-14:08:54.512702 7fd9803d8700                  Options.compression_opts.level: -1
2019/04/22-14:08:54.512703 7fd9803d8700               Options.compression_opts.strategy: 0
2019/04/22-14:08:54.512704 7fd9803d8700         Options.compression_opts.max_dict_bytes: 0
2019/04/22-14:08:54.512705 7fd9803d8700         Options.compression_opts.zstd_max_train_bytes: 0
2019/04/22-14:08:54.512706 7fd9803d8700      Options.level0_file_num_compaction_trigger: 2
2019/04/22-14:08:54.512707 7fd9803d8700          Options.level0_slowdown_writes_trigger: 20
2019/04/22-14:08:54.512708 7fd9803d8700              Options.level0_stop_writes_trigger: 36
2019/04/22-14:08:54.512709 7fd9803d8700                   Options.target_file_size_base: 67108864
2019/04/22-14:08:54.512710 7fd9803d8700             Options.target_file_size_multiplier: 1
2019/04/22-14:08:54.512711 7fd9803d8700                Options.max_bytes_for_level_base: 536870912
2019/04/22-14:08:54.512712 7fd9803d8700 Options.level_compaction_dynamic_level_bytes: 0
2019/04/22-14:08:54.512713 7fd9803d8700          Options.max_bytes_for_level_multiplier: 10.000000
2019/04/22-14:08:54.512715 7fd9803d8700 Options.max_bytes_for_level_multiplier_addtl[0]: 1
2019/04/22-14:08:54.512717 7fd9803d8700 Options.max_bytes_for_level_multiplier_addtl[1]: 1
2019/04/22-14:08:54.512718 7fd9803d8700 Options.max_bytes_for_level_multiplier_addtl[2]: 1
2019/04/22-14:08:54.512719 7fd9803d8700 Options.max_bytes_for_level_multiplier_addtl[3]: 1
2019/04/22-14:08:54.512720 7fd9803d8700 Options.max_bytes_for_level_multiplier_addtl[4]: 1
2019/04/22-14:08:54.512721 7fd9803d8700 Options.max_bytes_for_level_multiplier_addtl[5]: 1
2019/04/22-14:08:54.512722 7fd9803d8700 Options.max_bytes_for_level_multiplier_addtl[6]: 1
2019/04/22-14:08:54.512723 7fd9803d8700       Options.max_sequential_skip_in_iterations: 8
2019/04/22-14:08:54.512724 7fd9803d8700                    Options.max_compaction_bytes: 1677721600
2019/04/22-14:08:54.512731 7fd9803d8700                        Options.arena_block_size: 16777216
2019/04/22-14:08:54.512732 7fd9803d8700   Options.soft_pending_compaction_bytes_limit: 68719476736
2019/04/22-14:08:54.512733 7fd9803d8700   Options.hard_pending_compaction_bytes_limit: 274877906944
2019/04/22-14:08:54.512735 7fd9803d8700       Options.rate_limit_delay_max_milliseconds: 100
2019/04/22-14:08:54.512736 7fd9803d8700                Options.disable_auto_compactions: 0
2019/04/22-14:08:54.512737 7fd9803d8700                        Options.compaction_style: kCompactionStyleLevel
2019/04/22-14:08:54.512739 7fd9803d8700                          Options.compaction_pri: kByCompensatedSize
2019/04/22-14:08:54.512740 7fd9803d8700 Options.compaction_options_universal.size_ratio: 1
2019/04/22-14:08:54.512741 7fd9803d8700 Options.compaction_options_universal.min_merge_width: 2
2019/04/22-14:08:54.512742 7fd9803d8700 Options.compaction_options_universal.max_merge_width: 4294967295
2019/04/22-14:08:54.512743 7fd9803d8700 Options.compaction_options_universal.max_size_amplification_percent: 200
2019/04/22-14:08:54.512744 7fd9803d8700 Options.compaction_options_universal.compression_size_percent: -1
2019/04/22-14:08:54.512746 7fd9803d8700 Options.compaction_options_universal.stop_style: kCompactionStopStyleTotalSize
2019/04/22-14:08:54.512747 7fd9803d8700 Options.compaction_options_fifo.max_table_files_size: 1073741824
2019/04/22-14:08:54.512748 7fd9803d8700 Options.compaction_options_fifo.allow_compaction: 0
2019/04/22-14:08:54.512749 7fd9803d8700 Options.compaction_options_fifo.ttl: 0
2019/04/22-14:08:54.512750 7fd9803d8700                   Options.table_properties_collectors: 
2019/04/22-14:08:54.512751 7fd9803d8700                   Options.inplace_update_support: 0
2019/04/22-14:08:54.512752 7fd9803d8700                 Options.inplace_update_num_locks: 10000
2019/04/22-14:08:54.512753 7fd9803d8700               Options.memtable_prefix_bloom_size_ratio: 0.000000
2019/04/22-14:08:54.512754 7fd9803d8700   Options.memtable_huge_page_size: 0
2019/04/22-14:08:54.512755 7fd9803d8700                           Options.bloom_locality: 0
2019/04/22-14:08:54.512756 7fd9803d8700                    Options.max_successive_merges: 0
2019/04/22-14:08:54.512757 7fd9803d8700                Options.optimize_filters_for_hits: 0
2019/04/22-14:08:54.512758 7fd9803d8700                Options.paranoid_file_checks: 0
2019/04/22-14:08:54.512759 7fd9803d8700                Options.force_consistency_checks: 0
2019/04/22-14:08:54.512760 7fd9803d8700                Options.report_bg_io_stats: 0
2019/04/22-14:08:54.512761 7fd9803d8700                               Options.ttl: 0
2019/04/22-14:08:54.513865 7fd9803d8700 [db/column_family.cc:475] --------------- Options for column family [usertable]:
2019/04/22-14:08:54.513869 7fd9803d8700               Options.comparator: leveldb.BytewiseComparator
2019/04/22-14:08:54.513871 7fd9803d8700           Options.merge_operator: None
2019/04/22-14:08:54.513872 7fd9803d8700        Options.compaction_filter: None
2019/04/22-14:08:54.513873 7fd9803d8700        Options.compaction_filter_factory: None
2019/04/22-14:08:54.513874 7fd9803d8700         Options.memtable_factory: SkipListFactory
2019/04/22-14:08:54.513875 7fd9803d8700            Options.table_factory: BlockBasedTable
2019/04/22-14:08:54.513901 7fd9803d8700            table_factory options:   flush_block_policy_factory: FlushBlockBySizePolicyFactory (0x7fd91c3b5ee0)
  cache_index_and_filter_blocks: 0
  cache_index_and_filter_blocks_with_high_priority: 0
  pin_l0_filter_and_index_blocks_in_cache: 0
  index_type: 0
  hash_index_allow_collision: 1
  checksum: 1
  no_block_cache: 0
  block_cache: 0x7fd91c3b2c40
  block_cache_name: LRUCache
  block_cache_options:
    capacity : 8388608
    num_shard_bits : 4
    strict_capacity_limit : 0
    high_pri_pool_ratio: 0.000
  block_cache_compressed: (nil)
  persistent_cache: (nil)
  block_size: 8192
  block_size_deviation: 10
  block_restart_interval: 16
  index_block_restart_interval: 1
  metadata_block_size: 4096
  partition_filters: 0
  use_delta_encoding: 1
  filter_policy: nullptr
  whole_key_filtering: 1
  verify_compression: 0
  read_amp_bytes_per_bit: 0
  format_version: 2
  enable_index_compression: 1
  block_align: 0
2019/04/22-14:08:54.513915 7fd9803d8700        Options.write_buffer_size: 134217728
2019/04/22-14:08:54.513917 7fd9803d8700  Options.max_write_buffer_number: 24
2019/04/22-14:08:54.513918 7fd9803d8700        Options.compression[0]: NoCompression
2019/04/22-14:08:54.513920 7fd9803d8700        Options.compression[1]: NoCompression
2019/04/22-14:08:54.513921 7fd9803d8700        Options.compression[2]: LZ4
2019/04/22-14:08:54.513922 7fd9803d8700        Options.compression[3]: LZ4
2019/04/22-14:08:54.513923 7fd9803d8700        Options.compression[4]: LZ4
2019/04/22-14:08:54.513924 7fd9803d8700        Options.compression[5]: LZ4
2019/04/22-14:08:54.513925 7fd9803d8700        Options.compression[6]: LZ4
2019/04/22-14:08:54.513926 7fd9803d8700                  Options.bottommost_compression: Disabled
2019/04/22-14:08:54.513927 7fd9803d8700       Options.prefix_extractor: nullptr
2019/04/22-14:08:54.513928 7fd9803d8700   Options.memtable_insert_with_hint_prefix_extractor: nullptr
2019/04/22-14:08:54.513929 7fd9803d8700             Options.num_levels: 7
2019/04/22-14:08:54.513930 7fd9803d8700        Options.min_write_buffer_number_to_merge: 2
2019/04/22-14:08:54.513931 7fd9803d8700     Options.max_write_buffer_number_to_maintain: 0
2019/04/22-14:08:54.513932 7fd9803d8700            Options.compression_opts.window_bits: -14
2019/04/22-14:08:54.513933 7fd9803d8700                  Options.compression_opts.level: -1
2019/04/22-14:08:54.513934 7fd9803d8700               Options.compression_opts.strategy: 0
2019/04/22-14:08:54.513935 7fd9803d8700         Options.compression_opts.max_dict_bytes: 0
2019/04/22-14:08:54.513936 7fd9803d8700         Options.compression_opts.zstd_max_train_bytes: 0
2019/04/22-14:08:54.513937 7fd9803d8700      Options.level0_file_num_compaction_trigger: 2
2019/04/22-14:08:54.513938 7fd9803d8700          Options.level0_slowdown_writes_trigger: 20
2019/04/22-14:08:54.513939 7fd9803d8700              Options.level0_stop_writes_trigger: 36
2019/04/22-14:08:54.513940 7fd9803d8700                   Options.target_file_size_base: 67108864
2019/04/22-14:08:54.513941 7fd9803d8700             Options.target_file_size_multiplier: 1
2019/04/22-14:08:54.513942 7fd9803d8700                Options.max_bytes_for_level_base: 536870912
2019/04/22-14:08:54.513943 7fd9803d8700 Options.level_compaction_dynamic_level_bytes: 0
2019/04/22-14:08:54.513944 7fd9803d8700          Options.max_bytes_for_level_multiplier: 10.000000
2019/04/22-14:08:54.513947 7fd9803d8700 Options.max_bytes_for_level_multiplier_addtl[0]: 1
2019/04/22-14:08:54.513948 7fd9803d8700 Options.max_bytes_for_level_multiplier_addtl[1]: 1
2019/04/22-14:08:54.513949 7fd9803d8700 Options.max_bytes_for_level_multiplier_addtl[2]: 1
2019/04/22-14:08:54.513950 7fd9803d8700 Options.max_bytes_for_level_multiplier_addtl[3]: 1
2019/04/22-14:08:54.513951 7fd9803d8700 Options.max_bytes_for_level_multiplier_addtl[4]: 1
2019/04/22-14:08:54.513952 7fd9803d8700 Options.max_bytes_for_level_multiplier_addtl[5]: 1
2019/04/22-14:08:54.513953 7fd9803d8700 Options.max_bytes_for_level_multiplier_addtl[6]: 1
2019/04/22-14:08:54.513954 7fd9803d8700       Options.max_sequential_skip_in_iterations: 8
2019/04/22-14:08:54.513955 7fd9803d8700                    Options.max_compaction_bytes: 1677721600
2019/04/22-14:08:54.513956 7fd9803d8700                        Options.arena_block_size: 16777216
2019/04/22-14:08:54.513957 7fd9803d8700   Options.soft_pending_compaction_bytes_limit: 68719476736
2019/04/22-14:08:54.513958 7fd9803d8700   Options.hard_pending_compaction_bytes_limit: 274877906944
2019/04/22-14:08:54.513959 7fd9803d8700       Options.rate_limit_delay_max_milliseconds: 100
2019/04/22-14:08:54.513960 7fd9803d8700                Options.disable_auto_compactions: 0
2019/04/22-14:08:54.513961 7fd9803d8700                        Options.compaction_style: kCompactionStyleLevel
2019/04/22-14:08:54.513969 7fd9803d8700                          Options.compaction_pri: kByCompensatedSize
2019/04/22-14:08:54.513970 7fd9803d8700 Options.compaction_options_universal.size_ratio: 1
2019/04/22-14:08:54.513971 7fd9803d8700 Options.compaction_options_universal.min_merge_width: 2
2019/04/22-14:08:54.513972 7fd9803d8700 Options.compaction_options_universal.max_merge_width: 4294967295
2019/04/22-14:08:54.513973 7fd9803d8700 Options.compaction_options_universal.max_size_amplification_percent: 200
2019/04/22-14:08:54.513974 7fd9803d8700 Options.compaction_options_universal.compression_size_percent: -1
2019/04/22-14:08:54.513975 7fd9803d8700 Options.compaction_options_universal.stop_style: kCompactionStopStyleTotalSize
2019/04/22-14:08:54.513976 7fd9803d8700 Options.compaction_options_fifo.max_table_files_size: 1073741824
2019/04/22-14:08:54.513977 7fd9803d8700 Options.compaction_options_fifo.allow_compaction: 0
2019/04/22-14:08:54.513978 7fd9803d8700 Options.compaction_options_fifo.ttl: 0
2019/04/22-14:08:54.513979 7fd9803d8700                   Options.table_properties_collectors: 
2019/04/22-14:08:54.513980 7fd9803d8700                   Options.inplace_update_support: 0
2019/04/22-14:08:54.513981 7fd9803d8700                 Options.inplace_update_num_locks: 10000
2019/04/22-14:08:54.513982 7fd9803d8700               Options.memtable_prefix_bloom_size_ratio: 0.000000
2019/04/22-14:08:54.513984 7fd9803d8700   Options.memtable_huge_page_size: 0
2019/04/22-14:08:54.513985 7fd9803d8700                           Options.bloom_locality: 0
2019/04/22-14:08:54.513986 7fd9803d8700                    Options.max_successive_merges: 0
2019/04/22-14:08:54.513987 7fd9803d8700                Options.optimize_filters_for_hits: 0
2019/04/22-14:08:54.513988 7fd9803d8700                Options.paranoid_file_checks: 0
2019/04/22-14:08:54.513989 7fd9803d8700                Options.force_consistency_checks: 0
2019/04/22-14:08:54.513990 7fd9803d8700                Options.report_bg_io_stats: 0
2019/04/22-14:08:54.513991 7fd9803d8700                               Options.ttl: 0
2019/04/22-14:08:55.063392 7fd9803d8700 [db/version_set.cc:3361] Recovered from manifest file:/mnt/sdb/ycsb-rocksdb-data/MANIFEST-000004 succeeded,manifest_file_number is 4, next_file_number is 1283, last_sequence is 10407254, log_number is 0,prev_log_number is 0,max_column_family is 1,min_log_number_to_keep is 0
2019/04/22-14:08:55.063404 7fd9803d8700 [db/version_set.cc:3369] Column family [default] (ID 0), log number is 0
2019/04/22-14:08:55.063407 7fd9803d8700 [db/version_set.cc:3369] Column family [usertable] (ID 1), log number is 1276
2019/04/22-14:08:55.065502 7fd9803d8700 EVENT_LOG_v1 {"time_micros": 1555967335065477, "job": 1, "event": "recovery_started", "log_files": [1276, 1282]}
2019/04/22-14:08:55.065518 7fd9803d8700 [db/db_impl_open.cc:551] Recovering log #1276 mode 2
2019/04/22-14:08:55.572162 7fd9803d8700 [db/db_impl_open.cc:551] Recovering log #1282 mode 2
2019/04/22-14:08:56.139514 7fd9803d8700 EVENT_LOG_v1 {"time_micros": 1555967336139486, "cf_name": "usertable", "job": 1, "event": "table_file_creation", "file_number": 1283, "file_size": 129902325, "table_properties": {"data_size": 129321396, "index_size": 580007, "filter_size": 0, "raw_key_size": 752760, "raw_average_key_size": 24, "raw_value_size": 128471040, "raw_average_value_size": 4096, "num_data_blocks": 15683, "num_entries": 31365, "filter_policy_name": "", "kDeletedKeys": "0", "kMergeOperands": "0"}}
2019/04/22-14:08:56.575125 7fd9803d8700 [db/version_set.cc:2847] Creating manifest 1284
2019/04/22-14:08:56.976190 7fd9803d8700 EVENT_LOG_v1 {"time_micros": 1555967336976161, "cf_name": "usertable", "job": 1, "event": "table_file_creation", "file_number": 1285, "file_size": 100201596, "table_properties": {"data_size": 99755999, "index_size": 444675, "filter_size": 0, "raw_key_size": 580680, "raw_average_key_size": 24, "raw_value_size": 99102720, "raw_average_value_size": 4096, "num_data_blocks": 12098, "num_entries": 24195, "filter_policy_name": "", "kDeletedKeys": "0", "kMergeOperands": "0"}}
2019/04/22-14:08:56.991559 7fd9803d8700 EVENT_LOG_v1 {"time_micros": 1555967336991554, "job": 1, "event": "recovery_finished"}
2019/04/22-14:08:57.040533 7fd9803d8700 [db/db_impl_open.cc:1219] DB pointer 0x7fd91c3a4060
2019/04/22-14:08:57.040851 7fd8baffd700 [WARN] [db/db_impl.cc:491] ------- DUMPING STATS -------
2019/04/22-14:08:57.040897 7fd8baffd700 [WARN] [db/db_impl.cc:492] 
** DB Stats **
Uptime(secs): 2.5 total, 2.5 interval
Cumulative writes: 0 writes, 0 keys, 0 commit groups, 0.0 writes per commit group, ingest: 0.00 GB, 0.00 MB/s
Cumulative WAL: 0 writes, 0 syncs, 0.00 writes per sync, written: 0.00 GB, 0.00 MB/s
Cumulative stall: 00:00:0.000 H:M:S, 0.0 percent
Interval writes: 0 writes, 0 keys, 0 commit groups, 0.0 writes per commit group, ingest: 0.00 MB, 0.00 MB/s
Interval WAL: 0 writes, 0 syncs, 0.00 writes per sync, written: 0.00 MB, 0.00 MB/s
Interval stall: 00:00:0.000 H:M:S, 0.0 percent

** Compaction Stats [default] **
Level    Files   Size     Score Read(GB)  Rn(GB) Rnp1(GB) Write(GB) Wnew(GB) Moved(GB) W-Amp Rd(MB/s) Wr(MB/s) Comp(sec) Comp(cnt) Avg(sec) KeyIn KeyDrop
----------------------------------------------------------------------------------------------------------------------------------------------------------
 Sum      0/0    0.00 KB   0.0      0.0     0.0      0.0       0.0      0.0       0.0   0.0      0.0      0.0         0         0    0.000       0      0
 Int      0/0    0.00 KB   0.0      0.0     0.0      0.0       0.0      0.0       0.0   0.0      0.0      0.0         0         0    0.000       0      0
Uptime(secs): 2.5 total, 2.5 interval
Flush(GB): cumulative 0.000, interval 0.000
AddFile(GB): cumulative 0.000, interval 0.000
AddFile(Total Files): cumulative 0, interval 0
AddFile(L0 Files): cumulative 0, interval 0
AddFile(Keys): cumulative 0, interval 0
Cumulative compaction: 0.00 GB write, 0.00 MB/s write, 0.00 GB read, 0.00 MB/s read, 0.0 seconds
Interval compaction: 0.00 GB write, 0.00 MB/s write, 0.00 GB read, 0.00 MB/s read, 0.0 seconds
Stalls(count): 0 level0_slowdown, 0 level0_slowdown_with_compaction, 0 level0_numfiles, 0 level0_numfiles_with_compaction, 0 stop for pending_compaction_bytes, 0 slowdown for pending_compaction_bytes, 0 memtable_compaction, 0 memtable_slowdown, interval 0 total count

** File Read Latency Histogram By Level [default] **

** Compaction Stats [usertable] **
Level    Files   Size     Score Read(GB)  Rn(GB) Rnp1(GB) Write(GB) Wnew(GB) Moved(GB) W-Amp Rd(MB/s) Wr(MB/s) Comp(sec) Comp(cnt) Avg(sec) KeyIn KeyDrop
----------------------------------------------------------------------------------------------------------------------------------------------------------
  L0      3/0   431.62 MB   1.5      0.0     0.0      0.0       0.2      0.2       0.0   1.0      0.0    248.3         1         2    0.442       0      0
  L1      2/0   428.70 MB   0.8      0.0     0.0      0.0       0.0      0.0       0.0   0.0      0.0      0.0         0         0    0.000       0      0
  L2    160/0    4.97 GB   1.0      0.0     0.0      0.0       0.0      0.0       0.0   0.0      0.0      0.0         0         0    0.000       0      0
  L3    549/0   34.36 GB   0.7      0.0     0.0      0.0       0.0      0.0       0.0   0.0      0.0      0.0         0         0    0.000       0      0
 Sum    714/0   40.18 GB   0.0      0.0     0.0      0.0       0.2      0.2       0.0   1.0      0.0    248.3         1         2    0.442       0      0
 Int      0/0    0.00 KB   0.0      0.0     0.0      0.0       0.2      0.2       0.0   1.0      0.0    248.3         1         2    0.442       0      0
Uptime(secs): 2.5 total, 2.5 interval
Flush(GB): cumulative 0.214, interval 0.214
AddFile(GB): cumulative 0.000, interval 0.000
AddFile(Total Files): cumulative 0, interval 0
AddFile(L0 Files): cumulative 0, interval 0
AddFile(Keys): cumulative 0, interval 0
Cumulative compaction: 0.21 GB write, 86.84 MB/s write, 0.00 GB read, 0.00 MB/s read, 0.9 seconds
Interval compaction: 0.21 GB write, 86.84 MB/s write, 0.00 GB read, 0.00 MB/s read, 0.9 seconds
Stalls(count): 0 level0_slowdown, 0 level0_slowdown_with_compaction, 0 level0_numfiles, 0 level0_numfiles_with_compaction, 0 stop for pending_compaction_bytes, 0 slowdown for pending_compaction_bytes, 0 memtable_compaction, 0 memtable_slowdown, interval 0 total count

** File Read Latency Histogram By Level [usertable] **

** Compaction Stats [default] **
Level    Files   Size     Score Read(GB)  Rn(GB) Rnp1(GB) Write(GB) Wnew(GB) Moved(GB) W-Amp Rd(MB/s) Wr(MB/s) Comp(sec) Comp(cnt) Avg(sec) KeyIn KeyDrop
----------------------------------------------------------------------------------------------------------------------------------------------------------
 Sum      0/0    0.00 KB   0.0      0.0     0.0      0.0       0.0      0.0       0.0   0.0      0.0      0.0         0         0    0.000       0      0
 Int      0/0    0.00 KB   0.0      0.0     0.0      0.0       0.0      0.0       0.0   0.0      0.0      0.0         0         0    0.000       0      0
Uptime(secs): 2.5 total, 0.0 interval
Flush(GB): cumulative 0.000, interval 0.000
AddFile(GB): cumulative 0.000, interval 0.000
AddFile(Total Files): cumulative 0, interval 0
AddFile(L0 Files): cumulative 0, interval 0
AddFile(Keys): cumulative 0, interval 0
Cumulative compaction: 0.00 GB write, 0.00 MB/s write, 0.00 GB read, 0.00 MB/s read, 0.0 seconds
Interval compaction: 0.00 GB write, 0.00 MB/s write, 0.00 GB read, 0.00 MB/s read, 0.0 seconds
Stalls(count): 0 level0_slowdown, 0 level0_slowdown_with_compaction, 0 level0_numfiles, 0 level0_numfiles_with_compaction, 0 stop for pending_compaction_bytes, 0 slowdown for pending_compaction_bytes, 0 memtable_compaction, 0 memtable_slowdown, interval 0 total count

** File Read Latency Histogram By Level [default] **

** Compaction Stats [usertable] **
Level    Files   Size     Score Read(GB)  Rn(GB) Rnp1(GB) Write(GB) Wnew(GB) Moved(GB) W-Amp Rd(MB/s) Wr(MB/s) Comp(sec) Comp(cnt) Avg(sec) KeyIn KeyDrop
----------------------------------------------------------------------------------------------------------------------------------------------------------
  L0      3/0   431.62 MB   1.5      0.0     0.0      0.0       0.2      0.2       0.0   1.0      0.0    248.3         1         2    0.442       0      0
  L1      2/0   428.70 MB   0.8      0.0     0.0      0.0       0.0      0.0       0.0   0.0      0.0      0.0         0         0    0.000       0      0
  L2    160/0    4.97 GB   1.0      0.0     0.0      0.0       0.0      0.0       0.0   0.0      0.0      0.0         0         0    0.000       0      0
  L3    549/0   34.36 GB   0.7      0.0     0.0      0.0       0.0      0.0       0.0   0.0      0.0      0.0         0         0    0.000       0      0
 Sum    714/0   40.18 GB   0.0      0.0     0.0      0.0       0.2      0.2       0.0   1.0      0.0    248.3         1         2    0.442       0      0
 Int      0/0    0.00 KB   0.0      0.0     0.0      0.0       0.0      0.0       0.0   0.0      0.0      0.0         0         0    0.000       0      0
Uptime(secs): 2.5 total, 0.0 interval
Flush(GB): cumulative 0.214, interval 0.000
AddFile(GB): cumulative 0.000, interval 0.000
AddFile(Total Files): cumulative 0, interval 0
AddFile(L0 Files): cumulative 0, interval 0
AddFile(Keys): cumulative 0, interval 0
Cumulative compaction: 0.21 GB write, 86.84 MB/s write, 0.00 GB read, 0.00 MB/s read, 0.9 seconds
Interval compaction: 0.00 GB write, 0.00 MB/s write, 0.00 GB read, 0.00 MB/s read, 0.0 seconds
Stalls(count): 0 level0_slowdown, 0 level0_slowdown_with_compaction, 0 level0_numfiles, 0 level0_numfiles_with_compaction, 0 stop for pending_compaction_bytes, 0 slowdown for pending_compaction_bytes, 0 memtable_compaction, 0 memtable_slowdown, interval 0 total count

** File Read Latency Histogram By Level [usertable] **
2019/04/22-14:08:57.056710 7fd8baffd700 (Original Log Time 2019/04/22-14:08:57.041012) [db/db_impl_compaction_flush.cc:1835] [usertable] Moving #1235 to level-1 222483904 bytes
2019/04/22-14:08:57.056714 7fd8baffd700 (Original Log Time 2019/04/22-14:08:57.056645) EVENT_LOG_v1 {"time_micros": 1555967337056637, "job": 3, "event": "trivial_move", "destination_level": 1, "files": 1, "total_files_size": 222483904}
2019/04/22-14:08:57.056716 7fd8baffd700 (Original Log Time 2019/04/22-14:08:57.056652) [db/db_impl_compaction_flush.cc:1864] [usertable] Moved #1 files to level-1 222483904 bytes OK: base level 1 max bytes base 536870912 files[2 3 160 549 0 0 0] max score 1.25
2019/04/22-14:08:57.056920 7fd8baffd700 [db/compaction_job.cc:1531] [usertable] [JOB 4] Compacting 1@1 files to L2, score 1.25
2019/04/22-14:08:57.056927 7fd8baffd700 [db/compaction_job.cc:1535] [usertable] Compaction start summary: Base version 6 Base level 1, inputs: [787(214MB)]
2019/04/22-14:08:57.056954 7fd8baffd700 EVENT_LOG_v1 {"time_micros": 1555967337056934, "job": 4, "event": "compaction_started", "compaction_reason": "LevelMaxLevelSize", "files_L1": [787], "score": 1.25172, "input_data_size": 225411989}
2019/04/22-14:08:57.875652 7fd8baffd700 [db/compaction_job.cc:1211] [usertable] [JOB 4] Generated table #1289: 16279 keys, 67233548 bytes
2019/04/22-14:08:57.875696 7fd8baffd700 EVENT_LOG_v1 {"time_micros": 1555967337875676, "cf_name": "usertable", "job": 4, "event": "table_file_creation", "file_number": 1289, "file_size": 67233548, "table_properties": {"data_size": 67120141, "index_size": 300916, "filter_size": 0, "raw_key_size": 390696, "raw_average_key_size": 24, "raw_value_size": 66678784, "raw_average_value_size": 4096, "num_data_blocks": 8140, "num_entries": 16279, "filter_policy_name": "", "kDeletedKeys": "0", "kMergeOperands": "0"}}
2019/04/22-14:08:58.932880 7fd8baffd700 [db/compaction_job.cc:1211] [usertable] [JOB 4] Generated table #1290: 16279 keys, 67233355 bytes
2019/04/22-14:08:58.932924 7fd8baffd700 EVENT_LOG_v1 {"time_micros": 1555967338932905, "cf_name": "usertable", "job": 4, "event": "table_file_creation", "file_number": 1290, "file_size": 67233355, "table_properties": {"data_size": 67118331, "index_size": 299109, "filter_size": 0, "raw_key_size": 390696, "raw_average_key_size": 24, "raw_value_size": 66678784, "raw_average_value_size": 4096, "num_data_blocks": 8140, "num_entries": 16279, "filter_policy_name": "", "kDeletedKeys": "0", "kMergeOperands": "0"}}
2019/04/22-14:09:00.335642 7fd8baffd700 [db/compaction_job.cc:1211] [usertable] [JOB 4] Generated table #1291: 16279 keys, 67233558 bytes
2019/04/22-14:09:00.335690 7fd8baffd700 EVENT_LOG_v1 {"time_micros": 1555967340335670, "cf_name": "usertable", "job": 4, "event": "table_file_creation", "file_number": 1291, "file_size": 67233558, "table_properties": {"data_size": 67120140, "index_size": 300916, "filter_size": 0, "raw_key_size": 390696, "raw_average_key_size": 24, "raw_value_size": 66678784, "raw_average_value_size": 4096, "num_data_blocks": 8140, "num_entries": 16279, "filter_policy_name": "", "kDeletedKeys": "0", "kMergeOperands": "0"}}
2019/04/22-14:09:00.636448 7fd8baffd700 [db/compaction_job.cc:1211] [usertable] [JOB 4] Generated table #1292: 5589 keys, 23083592 bytes
2019/04/22-14:09:00.636492 7fd8baffd700 EVENT_LOG_v1 {"time_micros": 1555967340636473, "cf_name": "usertable", "job": 4, "event": "table_file_creation", "file_number": 1292, "file_size": 23083592, "table_properties": {"data_size": 23043461, "index_size": 102531, "filter_size": 0, "raw_key_size": 134136, "raw_average_key_size": 24, "raw_value_size": 22892544, "raw_average_value_size": 4096, "num_data_blocks": 2795, "num_entries": 5589, "filter_policy_name": "", "kDeletedKeys": "0", "kMergeOperands": "0"}}
2019/04/22-14:09:00.636543 7fd8baffd700 [db/compaction_job.cc:1287] [usertable] [JOB 4] Compacted 1@1 files to L2 => 224784053 bytes
2019/04/22-14:09:00.657102 7fd8baffd700 (Original Log Time 2019/04/22-14:09:00.657018) [db/compaction_job.cc:685] [usertable] compacted to: base level 1 max bytes base 536870912 files[2 2 164 549 0 0 0] max score 1.04, MB/sec: 63.0 rd, 62.8 wr, level 2, files in(1, 0) out(4) MB in(215.0, 0.0) out(214.4), read-write-amplify(2.0) write-amplify(1.0) OK, records in: 54426, records dropped: 0 output_compression: LZ4
2019/04/22-14:09:00.657122 7fd8baffd700 (Original Log Time 2019/04/22-14:09:00.657044) EVENT_LOG_v1 {"time_micros": 1555967340657033, "job": 4, "event": "compaction_finished", "compaction_time_micros": 3579554, "output_level": 2, "num_output_files": 4, "total_output_size": 224784053, "num_input_records": 54426, "num_output_records": 54426, "num_subcompactions": 1, "output_compression": "LZ4", "num_single_delete_mismatches": 0, "num_single_delete_fallthrough": 0, "lsm_state": [2, 2, 164, 549, 0, 0, 0]}
2019/04/22-14:09:00.676267 7fd8baffd700 (Original Log Time 2019/04/22-14:09:00.657178) [db/db_impl_compaction_flush.cc:1835] [usertable] Moving #1291 to level-3 67233558 bytes
2019/04/22-14:09:00.676271 7fd8baffd700 (Original Log Time 2019/04/22-14:09:00.676232) EVENT_LOG_v1 {"time_micros": 1555967340676226, "job": 5, "event": "trivial_move", "destination_level": 3, "files": 1, "total_files_size": 67233558}
2019/04/22-14:09:00.676272 7fd8baffd700 (Original Log Time 2019/04/22-14:09:00.676237) [db/db_impl_compaction_flush.cc:1864] [usertable] Moved #1 files to level-3 67233558 bytes OK: base level 1 max bytes base 536870912 files[2 2 163 550 0 0 0] max score 1.02
2019/04/22-14:09:00.691398 7fd8baffd700 EVENT_LOG_v1 {"time_micros": 1555967340691392, "job": 5, "event": "table_file_deletion", "file_number": 787}
2019/04/22-14:09:00.708425 7fd8baffd700 (Original Log Time 2019/04/22-14:09:00.691498) [db/db_impl_compaction_flush.cc:1835] [usertable] Moving #1289 to level-3 67233548 bytes
2019/04/22-14:09:00.708428 7fd8baffd700 (Original Log Time 2019/04/22-14:09:00.708395) EVENT_LOG_v1 {"time_micros": 1555967340708389, "job": 6, "event": "trivial_move", "destination_level": 3, "files": 1, "total_files_size": 67233548}
2019/04/22-14:09:00.708430 7fd8baffd700 (Original Log Time 2019/04/22-14:09:00.708401) [db/db_impl_compaction_flush.cc:1864] [usertable] Moved #1 files to level-3 67233548 bytes OK: base level 1 max bytes base 536870912 files[2 2 162 551 0 0 0] max score 1.01
2019/04/22-14:09:00.727148 7fd8baffd700 (Original Log Time 2019/04/22-14:09:00.708591) [db/db_impl_compaction_flush.cc:1835] [usertable] Moving #1290 to level-3 67233355 bytes
2019/04/22-14:09:00.727164 7fd8baffd700 (Original Log Time 2019/04/22-14:09:00.727114) EVENT_LOG_v1 {"time_micros": 1555967340727109, "job": 7, "event": "trivial_move", "destination_level": 3, "files": 1, "total_files_size": 67233355}
2019/04/22-14:09:00.727166 7fd8baffd700 (Original Log Time 2019/04/22-14:09:00.727119) [db/db_impl_compaction_flush.cc:1864] [usertable] Moved #1 files to level-3 67233355 bytes OK: base level 1 max bytes base 536870912 files[2 2 161 552 0 0 0] max score 1.00
2019/04/22-14:09:00.746357 7fd8baffd700 (Original Log Time 2019/04/22-14:09:00.727322) [db/db_impl_compaction_flush.cc:1835] [usertable] Moving #1283 to level-1 129902325 bytes
2019/04/22-14:09:00.746361 7fd8baffd700 (Original Log Time 2019/04/22-14:09:00.746326) EVENT_LOG_v1 {"time_micros": 1555967340746321, "job": 8, "event": "trivial_move", "destination_level": 1, "files": 1, "total_files_size": 129902325}
