2018/12/29-14:18:26.715804 7f17652e7700 RocksDB version: 5.14.3
2018/12/29-14:18:26.715851 7f17652e7700 Git sha rocksdb_build_git_sha:
2018/12/29-14:18:26.715854 7f17652e7700 Compile date Dec 29 2018
2018/12/29-14:18:26.715858 7f17652e7700 DB SUMMARY
2018/12/29-14:18:26.715878 7f17652e7700 SST files in /mnt/sde/ycsb-rocksdb-data dir, Total Num: 0, files: 
2018/12/29-14:18:26.715881 7f17652e7700 Write Ahead Log file in /mnt/sde/ycsb-rocksdb-data: 
2018/12/29-14:18:26.715883 7f17652e7700                         Options.error_if_exists: 0
2018/12/29-14:18:26.715884 7f17652e7700                       Options.create_if_missing: 1
2018/12/29-14:18:26.715885 7f17652e7700                         Options.paranoid_checks: 1
2018/12/29-14:18:26.715886 7f17652e7700                                     Options.env: 0x7f16d7ff82c0
2018/12/29-14:18:26.715887 7f17652e7700                                Options.info_log: 0x7f17103b06a0
2018/12/29-14:18:26.715888 7f17652e7700                Options.max_file_opening_threads: 16
2018/12/29-14:18:26.715890 7f17652e7700                              Options.statistics: (nil)
2018/12/29-14:18:26.715891 7f17652e7700                               Options.use_fsync: 0
2018/12/29-14:18:26.715892 7f17652e7700                       Options.max_log_file_size: 0
2018/12/29-14:18:26.715893 7f17652e7700                  Options.max_manifest_file_size: 18446744073709551615
2018/12/29-14:18:26.715894 7f17652e7700                   Options.log_file_time_to_roll: 0
2018/12/29-14:18:26.715895 7f17652e7700                       Options.keep_log_file_num: 1000
2018/12/29-14:18:26.715896 7f17652e7700                    Options.recycle_log_file_num: 0
2018/12/29-14:18:26.715897 7f17652e7700                         Options.allow_fallocate: 1
2018/12/29-14:18:26.715898 7f17652e7700                        Options.allow_mmap_reads: 0
2018/12/29-14:18:26.715899 7f17652e7700                       Options.allow_mmap_writes: 0
2018/12/29-14:18:26.715900 7f17652e7700                        Options.use_direct_reads: 0
2018/12/29-14:18:26.715901 7f17652e7700                        Options.use_direct_io_for_flush_and_compaction: 0
2018/12/29-14:18:26.715902 7f17652e7700          Options.create_missing_column_families: 1
2018/12/29-14:18:26.715903 7f17652e7700                              Options.db_log_dir: 
2018/12/29-14:18:26.715904 7f17652e7700                                 Options.wal_dir: /mnt/sde/ycsb-rocksdb-data
2018/12/29-14:18:26.715905 7f17652e7700                Options.table_cache_numshardbits: 6
2018/12/29-14:18:26.715906 7f17652e7700                      Options.max_subcompactions: 4
2018/12/29-14:18:26.715907 7f17652e7700                  Options.max_background_flushes: 24
2018/12/29-14:18:26.715908 7f17652e7700                         Options.WAL_ttl_seconds: 0
2018/12/29-14:18:26.715909 7f17652e7700                       Options.WAL_size_limit_MB: 0
2018/12/29-14:18:26.715910 7f17652e7700             Options.manifest_preallocation_size: 4194304
2018/12/29-14:18:26.715911 7f17652e7700                     Options.is_fd_close_on_exec: 1
2018/12/29-14:18:26.715912 7f17652e7700                   Options.advise_random_on_open: 1
2018/12/29-14:18:26.715913 7f17652e7700                    Options.db_write_buffer_size: 0
2018/12/29-14:18:26.715914 7f17652e7700                    Options.write_buffer_manager: 0x7f17103a6a40
2018/12/29-14:18:26.715915 7f17652e7700         Options.access_hint_on_compaction_start: 1
2018/12/29-14:18:26.715916 7f17652e7700  Options.new_table_reader_for_compaction_inputs: 0
2018/12/29-14:18:26.715917 7f17652e7700           Options.random_access_max_buffer_size: 1048576
2018/12/29-14:18:26.715918 7f17652e7700                      Options.use_adaptive_mutex: 0
2018/12/29-14:18:26.715919 7f17652e7700                            Options.rate_limiter: (nil)
2018/12/29-14:18:26.715921 7f17652e7700     Options.sst_file_manager.rate_bytes_per_sec: 0
2018/12/29-14:18:26.715922 7f17652e7700                       Options.wal_recovery_mode: 2
2018/12/29-14:18:26.715923 7f17652e7700                  Options.enable_thread_tracking: 0
2018/12/29-14:18:26.715924 7f17652e7700                  Options.enable_pipelined_write: 1
2018/12/29-14:18:26.715935 7f17652e7700         Options.allow_concurrent_memtable_write: 1
2018/12/29-14:18:26.715936 7f17652e7700      Options.enable_write_thread_adaptive_yield: 1
2018/12/29-14:18:26.715937 7f17652e7700             Options.write_thread_max_yield_usec: 100
2018/12/29-14:18:26.715938 7f17652e7700            Options.write_thread_slow_yield_usec: 3
2018/12/29-14:18:26.715939 7f17652e7700                               Options.row_cache: None
2018/12/29-14:18:26.715940 7f17652e7700                              Options.wal_filter: None
2018/12/29-14:18:26.715941 7f17652e7700             Options.avoid_flush_during_recovery: 0
2018/12/29-14:18:26.715942 7f17652e7700             Options.allow_ingest_behind: 0
2018/12/29-14:18:26.715943 7f17652e7700             Options.preserve_deletes: 0
2018/12/29-14:18:26.715944 7f17652e7700             Options.two_write_queues: 0
2018/12/29-14:18:26.715945 7f17652e7700             Options.manual_wal_flush: 0
2018/12/29-14:18:26.715947 7f17652e7700             Options.max_background_jobs: 24
2018/12/29-14:18:26.715948 7f17652e7700             Options.max_background_compactions: 24
2018/12/29-14:18:26.715949 7f17652e7700             Options.avoid_flush_during_shutdown: 0
2018/12/29-14:18:26.715950 7f17652e7700           Options.writable_file_max_buffer_size: 1048576
2018/12/29-14:18:26.715951 7f17652e7700             Options.delayed_write_rate : 16777216
2018/12/29-14:18:26.715952 7f17652e7700             Options.max_total_wal_size: 0
2018/12/29-14:18:26.715953 7f17652e7700             Options.delete_obsolete_files_period_micros: 21600000000
2018/12/29-14:18:26.715955 7f17652e7700                   Options.stats_dump_period_sec: 60
2018/12/29-14:18:26.715956 7f17652e7700                          Options.max_open_files: -1
2018/12/29-14:18:26.715957 7f17652e7700                          Options.bytes_per_sync: 1048576
2018/12/29-14:18:26.715958 7f17652e7700                      Options.wal_bytes_per_sync: 0
2018/12/29-14:18:26.715959 7f17652e7700       Options.compaction_readahead_size: 0
2018/12/29-14:18:26.715960 7f17652e7700 Compression algorithms supported:
2018/12/29-14:18:26.715961 7f17652e7700 	kZSTDNotFinalCompression supported: 1
2018/12/29-14:18:26.715968 7f17652e7700 	kZSTD supported: 1
2018/12/29-14:18:26.715969 7f17652e7700 	kXpressCompression supported: 0
2018/12/29-14:18:26.715971 7f17652e7700 	kLZ4HCCompression supported: 1
2018/12/29-14:18:26.715972 7f17652e7700 	kLZ4Compression supported: 1
2018/12/29-14:18:26.715973 7f17652e7700 	kBZip2Compression supported: 1
2018/12/29-14:18:26.715974 7f17652e7700 	kZlibCompression supported: 1
2018/12/29-14:18:26.715975 7f17652e7700 	kSnappyCompression supported: 1
2018/12/29-14:18:26.715979 7f17652e7700 Fast CRC32 supported: Supported on x86
2018/12/29-14:18:26.716046 7f17652e7700 [db/db_impl_open.cc:222] Creating manifest 1 
2018/12/29-14:18:26.819870 7f17652e7700 [db/version_set.cc:3085] Recovering from manifest file: MANIFEST-000001
2018/12/29-14:18:26.819971 7f17652e7700 [db/column_family.cc:475] --------------- Options for column family [default]:
2018/12/29-14:18:26.819975 7f17652e7700               Options.comparator: leveldb.BytewiseComparator
2018/12/29-14:18:26.819976 7f17652e7700           Options.merge_operator: None
2018/12/29-14:18:26.819978 7f17652e7700        Options.compaction_filter: None
2018/12/29-14:18:26.819979 7f17652e7700        Options.compaction_filter_factory: None
2018/12/29-14:18:26.819980 7f17652e7700         Options.memtable_factory: SkipListFactory
2018/12/29-14:18:26.819981 7f17652e7700            Options.table_factory: BlockBasedTable
2018/12/29-14:18:26.820010 7f17652e7700            table_factory options:   flush_block_policy_factory: FlushBlockBySizePolicyFactory (0x7f17103796a0)
  cache_index_and_filter_blocks: 0
  cache_index_and_filter_blocks_with_high_priority: 0
  pin_l0_filter_and_index_blocks_in_cache: 0
  index_type: 0
  hash_index_allow_collision: 1
  checksum: 1
  no_block_cache: 0
  block_cache: 0x7f1710385960
  block_cache_name: LRUCache
  block_cache_options:
    capacity : 8388608
    num_shard_bits : 4
    strict_capacity_limit : 0
    high_pri_pool_ratio: 0.000
  block_cache_compressed: (nil)
  persistent_cache: (nil)
  block_size: 8192
  block_size_deviation: 10
  block_restart_interval: 16
  index_block_restart_interval: 1
  metadata_block_size: 4096
  partition_filters: 0
  use_delta_encoding: 1
  filter_policy: nullptr
  whole_key_filtering: 1
  verify_compression: 0
  read_amp_bytes_per_bit: 0
  format_version: 2
  enable_index_compression: 1
  block_align: 0
2018/12/29-14:18:26.820027 7f17652e7700        Options.write_buffer_size: 134217728
2018/12/29-14:18:26.820028 7f17652e7700  Options.max_write_buffer_number: 24
2018/12/29-14:18:26.820030 7f17652e7700        Options.compression[0]: NoCompression
2018/12/29-14:18:26.820031 7f17652e7700        Options.compression[1]: NoCompression
2018/12/29-14:18:26.820032 7f17652e7700        Options.compression[2]: LZ4
2018/12/29-14:18:26.820033 7f17652e7700        Options.compression[3]: LZ4
2018/12/29-14:18:26.820035 7f17652e7700        Options.compression[4]: LZ4
2018/12/29-14:18:26.820036 7f17652e7700        Options.compression[5]: LZ4
2018/12/29-14:18:26.820037 7f17652e7700        Options.compression[6]: LZ4
2018/12/29-14:18:26.820038 7f17652e7700                  Options.bottommost_compression: Disabled
2018/12/29-14:18:26.820039 7f17652e7700       Options.prefix_extractor: nullptr
2018/12/29-14:18:26.820040 7f17652e7700   Options.memtable_insert_with_hint_prefix_extractor: nullptr
2018/12/29-14:18:26.820041 7f17652e7700             Options.num_levels: 7
2018/12/29-14:18:26.820042 7f17652e7700        Options.min_write_buffer_number_to_merge: 2
2018/12/29-14:18:26.820043 7f17652e7700     Options.max_write_buffer_number_to_maintain: 0
2018/12/29-14:18:26.820044 7f17652e7700            Options.compression_opts.window_bits: -14
2018/12/29-14:18:26.820045 7f17652e7700                  Options.compression_opts.level: -1
2018/12/29-14:18:26.820046 7f17652e7700               Options.compression_opts.strategy: 0
2018/12/29-14:18:26.820047 7f17652e7700         Options.compression_opts.max_dict_bytes: 0
2018/12/29-14:18:26.820048 7f17652e7700         Options.compression_opts.zstd_max_train_bytes: 0
2018/12/29-14:18:26.820049 7f17652e7700      Options.level0_file_num_compaction_trigger: 2
2018/12/29-14:18:26.820050 7f17652e7700          Options.level0_slowdown_writes_trigger: 20
2018/12/29-14:18:26.820051 7f17652e7700              Options.level0_stop_writes_trigger: 36
2018/12/29-14:18:26.820052 7f17652e7700                   Options.target_file_size_base: 67108864
2018/12/29-14:18:26.820053 7f17652e7700             Options.target_file_size_multiplier: 1
2018/12/29-14:18:26.820054 7f17652e7700                Options.max_bytes_for_level_base: 536870912
2018/12/29-14:18:26.820055 7f17652e7700 Options.level_compaction_dynamic_level_bytes: 0
2018/12/29-14:18:26.820056 7f17652e7700          Options.max_bytes_for_level_multiplier: 10.000000
2018/12/29-14:18:26.820059 7f17652e7700 Options.max_bytes_for_level_multiplier_addtl[0]: 1
2018/12/29-14:18:26.820060 7f17652e7700 Options.max_bytes_for_level_multiplier_addtl[1]: 1
2018/12/29-14:18:26.820061 7f17652e7700 Options.max_bytes_for_level_multiplier_addtl[2]: 1
2018/12/29-14:18:26.820062 7f17652e7700 Options.max_bytes_for_level_multiplier_addtl[3]: 1
2018/12/29-14:18:26.820063 7f17652e7700 Options.max_bytes_for_level_multiplier_addtl[4]: 1
2018/12/29-14:18:26.820064 7f17652e7700 Options.max_bytes_for_level_multiplier_addtl[5]: 1
2018/12/29-14:18:26.820065 7f17652e7700 Options.max_bytes_for_level_multiplier_addtl[6]: 1
2018/12/29-14:18:26.820066 7f17652e7700       Options.max_sequential_skip_in_iterations: 8
2018/12/29-14:18:26.820067 7f17652e7700                    Options.max_compaction_bytes: 1677721600
2018/12/29-14:18:26.820068 7f17652e7700                        Options.arena_block_size: 16777216
2018/12/29-14:18:26.820069 7f17652e7700   Options.soft_pending_compaction_bytes_limit: 68719476736
2018/12/29-14:18:26.820070 7f17652e7700   Options.hard_pending_compaction_bytes_limit: 274877906944
2018/12/29-14:18:26.820077 7f17652e7700       Options.rate_limit_delay_max_milliseconds: 100
2018/12/29-14:18:26.820078 7f17652e7700                Options.disable_auto_compactions: 0
2018/12/29-14:18:26.820080 7f17652e7700                        Options.compaction_style: kCompactionStyleLevel
2018/12/29-14:18:26.820082 7f17652e7700                          Options.compaction_pri: kByCompensatedSize
2018/12/29-14:18:26.820083 7f17652e7700 Options.compaction_options_universal.size_ratio: 1
2018/12/29-14:18:26.820084 7f17652e7700 Options.compaction_options_universal.min_merge_width: 2
2018/12/29-14:18:26.820085 7f17652e7700 Options.compaction_options_universal.max_merge_width: 4294967295
2018/12/29-14:18:26.820087 7f17652e7700 Options.compaction_options_universal.max_size_amplification_percent: 200
2018/12/29-14:18:26.820088 7f17652e7700 Options.compaction_options_universal.compression_size_percent: -1
2018/12/29-14:18:26.820090 7f17652e7700 Options.compaction_options_universal.stop_style: kCompactionStopStyleTotalSize
2018/12/29-14:18:26.820091 7f17652e7700 Options.compaction_options_fifo.max_table_files_size: 1073741824
2018/12/29-14:18:26.820092 7f17652e7700 Options.compaction_options_fifo.allow_compaction: 0
2018/12/29-14:18:26.820093 7f17652e7700 Options.compaction_options_fifo.ttl: 0
2018/12/29-14:18:26.820094 7f17652e7700                   Options.table_properties_collectors: 
2018/12/29-14:18:26.820095 7f17652e7700                   Options.inplace_update_support: 0
2018/12/29-14:18:26.820096 7f17652e7700                 Options.inplace_update_num_locks: 10000
2018/12/29-14:18:26.820097 7f17652e7700               Options.memtable_prefix_bloom_size_ratio: 0.000000
2018/12/29-14:18:26.820099 7f17652e7700   Options.memtable_huge_page_size: 0
2018/12/29-14:18:26.820100 7f17652e7700                           Options.bloom_locality: 0
2018/12/29-14:18:26.820101 7f17652e7700                    Options.max_successive_merges: 0
2018/12/29-14:18:26.820102 7f17652e7700                Options.optimize_filters_for_hits: 0
2018/12/29-14:18:26.820103 7f17652e7700                Options.paranoid_file_checks: 0
2018/12/29-14:18:26.820104 7f17652e7700                Options.force_consistency_checks: 0
2018/12/29-14:18:26.820105 7f17652e7700                Options.report_bg_io_stats: 0
2018/12/29-14:18:26.820106 7f17652e7700                               Options.ttl: 0
2018/12/29-14:18:26.820651 7f17652e7700 [db/version_set.cc:3361] Recovered from manifest file:/mnt/sde/ycsb-rocksdb-data/MANIFEST-000001 succeeded,manifest_file_number is 1, next_file_number is 3, last_sequence is 0, log_number is 0,prev_log_number is 0,max_column_family is 0,min_log_number_to_keep is 0
2018/12/29-14:18:26.820660 7f17652e7700 [db/version_set.cc:3369] Column family [default] (ID 0), log number is 0
2018/12/29-14:18:26.820878 7f17652e7700 [db/version_set.cc:2847] Creating manifest 4
2018/12/29-14:18:26.894822 7f17652e7700 [db/column_family.cc:475] --------------- Options for column family [usertable]:
2018/12/29-14:18:26.894830 7f17652e7700               Options.comparator: leveldb.BytewiseComparator
2018/12/29-14:18:26.894831 7f17652e7700           Options.merge_operator: None
2018/12/29-14:18:26.894833 7f17652e7700        Options.compaction_filter: None
2018/12/29-14:18:26.894834 7f17652e7700        Options.compaction_filter_factory: None
2018/12/29-14:18:26.894835 7f17652e7700         Options.memtable_factory: SkipListFactory
2018/12/29-14:18:26.894836 7f17652e7700            Options.table_factory: BlockBasedTable
2018/12/29-14:18:26.894866 7f17652e7700            table_factory options:   flush_block_policy_factory: FlushBlockBySizePolicyFactory (0x7f1710379780)
  cache_index_and_filter_blocks: 0
  cache_index_and_filter_blocks_with_high_priority: 0
  pin_l0_filter_and_index_blocks_in_cache: 0
  index_type: 0
  hash_index_allow_collision: 1
  checksum: 1
  no_block_cache: 0
  block_cache: 0x7f171037a220
  block_cache_name: LRUCache
  block_cache_options:
    capacity : 8388608
    num_shard_bits : 4
    strict_capacity_limit : 0
    high_pri_pool_ratio: 0.000
  block_cache_compressed: (nil)
  persistent_cache: (nil)
  block_size: 8192
  block_size_deviation: 10
  block_restart_interval: 16
  index_block_restart_interval: 1
  metadata_block_size: 4096
  partition_filters: 0
  use_delta_encoding: 1
  filter_policy: nullptr
  whole_key_filtering: 1
  verify_compression: 0
  read_amp_bytes_per_bit: 0
  format_version: 2
  enable_index_compression: 1
  block_align: 0
2018/12/29-14:18:26.894868 7f17652e7700        Options.write_buffer_size: 134217728
2018/12/29-14:18:26.894870 7f17652e7700  Options.max_write_buffer_number: 24
2018/12/29-14:18:26.894871 7f17652e7700        Options.compression[0]: NoCompression
2018/12/29-14:18:26.894873 7f17652e7700        Options.compression[1]: NoCompression
2018/12/29-14:18:26.894874 7f17652e7700        Options.compression[2]: LZ4
2018/12/29-14:18:26.894875 7f17652e7700        Options.compression[3]: LZ4
2018/12/29-14:18:26.894876 7f17652e7700        Options.compression[4]: LZ4
2018/12/29-14:18:26.894877 7f17652e7700        Options.compression[5]: LZ4
2018/12/29-14:18:26.894878 7f17652e7700        Options.compression[6]: LZ4
2018/12/29-14:18:26.894880 7f17652e7700                  Options.bottommost_compression: Disabled
2018/12/29-14:18:26.894881 7f17652e7700       Options.prefix_extractor: nullptr
2018/12/29-14:18:26.894882 7f17652e7700   Options.memtable_insert_with_hint_prefix_extractor: nullptr
2018/12/29-14:18:26.894883 7f17652e7700             Options.num_levels: 7
2018/12/29-14:18:26.894884 7f17652e7700        Options.min_write_buffer_number_to_merge: 2
2018/12/29-14:18:26.894885 7f17652e7700     Options.max_write_buffer_number_to_maintain: 0
2018/12/29-14:18:26.894886 7f17652e7700            Options.compression_opts.window_bits: -14
2018/12/29-14:18:26.894887 7f17652e7700                  Options.compression_opts.level: -1
2018/12/29-14:18:26.894888 7f17652e7700               Options.compression_opts.strategy: 0
2018/12/29-14:18:26.894889 7f17652e7700         Options.compression_opts.max_dict_bytes: 0
2018/12/29-14:18:26.894891 7f17652e7700         Options.compression_opts.zstd_max_train_bytes: 0
2018/12/29-14:18:26.894892 7f17652e7700      Options.level0_file_num_compaction_trigger: 2
2018/12/29-14:18:26.894893 7f17652e7700          Options.level0_slowdown_writes_trigger: 20
2018/12/29-14:18:26.894894 7f17652e7700              Options.level0_stop_writes_trigger: 36
2018/12/29-14:18:26.894895 7f17652e7700                   Options.target_file_size_base: 67108864
2018/12/29-14:18:26.894896 7f17652e7700             Options.target_file_size_multiplier: 1
2018/12/29-14:18:26.894897 7f17652e7700                Options.max_bytes_for_level_base: 536870912
2018/12/29-14:18:26.894898 7f17652e7700 Options.level_compaction_dynamic_level_bytes: 0
2018/12/29-14:18:26.894899 7f17652e7700          Options.max_bytes_for_level_multiplier: 10.000000
2018/12/29-14:18:26.894901 7f17652e7700 Options.max_bytes_for_level_multiplier_addtl[0]: 1
2018/12/29-14:18:26.894912 7f17652e7700 Options.max_bytes_for_level_multiplier_addtl[1]: 1
2018/12/29-14:18:26.894914 7f17652e7700 Options.max_bytes_for_level_multiplier_addtl[2]: 1
2018/12/29-14:18:26.894915 7f17652e7700 Options.max_bytes_for_level_multiplier_addtl[3]: 1
2018/12/29-14:18:26.894916 7f17652e7700 Options.max_bytes_for_level_multiplier_addtl[4]: 1
2018/12/29-14:18:26.894917 7f17652e7700 Options.max_bytes_for_level_multiplier_addtl[5]: 1
2018/12/29-14:18:26.894918 7f17652e7700 Options.max_bytes_for_level_multiplier_addtl[6]: 1
2018/12/29-14:18:26.894919 7f17652e7700       Options.max_sequential_skip_in_iterations: 8
2018/12/29-14:18:26.894920 7f17652e7700                    Options.max_compaction_bytes: 1677721600
2018/12/29-14:18:26.894921 7f17652e7700                        Options.arena_block_size: 16777216
2018/12/29-14:18:26.894922 7f17652e7700   Options.soft_pending_compaction_bytes_limit: 68719476736
2018/12/29-14:18:26.894923 7f17652e7700   Options.hard_pending_compaction_bytes_limit: 274877906944
2018/12/29-14:18:26.894924 7f17652e7700       Options.rate_limit_delay_max_milliseconds: 100
2018/12/29-14:18:26.894925 7f17652e7700                Options.disable_auto_compactions: 0
2018/12/29-14:18:26.894928 7f17652e7700                        Options.compaction_style: kCompactionStyleLevel
2018/12/29-14:18:26.894930 7f17652e7700                          Options.compaction_pri: kByCompensatedSize
2018/12/29-14:18:26.894931 7f17652e7700 Options.compaction_options_universal.size_ratio: 1
2018/12/29-14:18:26.894932 7f17652e7700 Options.compaction_options_universal.min_merge_width: 2
2018/12/29-14:18:26.894933 7f17652e7700 Options.compaction_options_universal.max_merge_width: 4294967295
2018/12/29-14:18:26.894934 7f17652e7700 Options.compaction_options_universal.max_size_amplification_percent: 200
2018/12/29-14:18:26.894936 7f17652e7700 Options.compaction_options_universal.compression_size_percent: -1
2018/12/29-14:18:26.894938 7f17652e7700 Options.compaction_options_universal.stop_style: kCompactionStopStyleTotalSize
2018/12/29-14:18:26.894939 7f17652e7700 Options.compaction_options_fifo.max_table_files_size: 1073741824
2018/12/29-14:18:26.894940 7f17652e7700 Options.compaction_options_fifo.allow_compaction: 0
2018/12/29-14:18:26.894941 7f17652e7700 Options.compaction_options_fifo.ttl: 0
2018/12/29-14:18:26.894942 7f17652e7700                   Options.table_properties_collectors: 
2018/12/29-14:18:26.894944 7f17652e7700                   Options.inplace_update_support: 0
2018/12/29-14:18:26.894945 7f17652e7700                 Options.inplace_update_num_locks: 10000
2018/12/29-14:18:26.894946 7f17652e7700               Options.memtable_prefix_bloom_size_ratio: 0.000000
2018/12/29-14:18:26.894947 7f17652e7700   Options.memtable_huge_page_size: 0
2018/12/29-14:18:26.894948 7f17652e7700                           Options.bloom_locality: 0
2018/12/29-14:18:26.894949 7f17652e7700                    Options.max_successive_merges: 0
2018/12/29-14:18:26.894950 7f17652e7700                Options.optimize_filters_for_hits: 0
2018/12/29-14:18:26.894951 7f17652e7700                Options.paranoid_file_checks: 0
2018/12/29-14:18:26.894952 7f17652e7700                Options.force_consistency_checks: 0
2018/12/29-14:18:26.894953 7f17652e7700                Options.report_bg_io_stats: 0
2018/12/29-14:18:26.894954 7f17652e7700                               Options.ttl: 0
2018/12/29-14:18:26.895025 7f17652e7700 [db/db_impl.cc:1396] Created column family [usertable] (ID 1)
2018/12/29-14:18:26.974579 7f17652e7700 [db/db_impl_open.cc:1219] DB pointer 0x7f17103b0df0
2018/12/29-14:18:35.941199 7f17647dc700 [db/db_impl_write.cc:1373] [usertable] New memtable created with log file: #9. Immutable memtables: 0.
2018/12/29-14:18:44.850237 7f17644d9700 [db/db_impl_write.cc:1373] [usertable] New memtable created with log file: #10. Immutable memtables: 1.
2018/12/29-14:18:44.850361 7f1618ff9700 [db/db_impl_compaction_flush.cc:80] [JOB 2] Syncing log #3
2018/12/29-14:18:45.114122 7f1618ff9700 [db/db_impl_compaction_flush.cc:80] [JOB 2] Syncing log #9
2018/12/29-14:18:46.988124 7f1618ff9700 (Original Log Time 2018/12/29-14:18:44.850317) [db/db_impl_compaction_flush.cc:1424] Calling FlushMemTableToOutputFile with column family [usertable], flush slots available 24, compaction slots available 1, flush slots scheduled 1, compaction slots scheduled 0
2018/12/29-14:18:46.988141 7f1618ff9700 [db/flush_job.cc:301] [usertable] [JOB 2] Flushing memtable with next log file: 9
2018/12/29-14:18:46.988153 7f1618ff9700 [db/flush_job.cc:301] [usertable] [JOB 2] Flushing memtable with next log file: 10
2018/12/29-14:18:46.988197 7f1618ff9700 EVENT_LOG_v1 {"time_micros": 1546121926988183, "job": 2, "event": "flush_started", "num_memtables": 2, "num_entries": 62557, "num_deletes": 0, "memory_usage": 259317520, "flush_reason": "Write Buffer Full"}
2018/12/29-14:18:46.988207 7f1618ff9700 [db/flush_job.cc:331] [usertable] [JOB 2] Level-0 flush table #11: started
2018/12/29-14:18:48.760408 7f1618ff9700 EVENT_LOG_v1 {"time_micros": 1546121928760369, "cf_name": "usertable", "job": 2, "event": "table_file_creation", "file_number": 11, "file_size": 259073563, "table_properties": {"data_size": 257922525, "index_size": 1150111, "filter_size": 0, "raw_key_size": 1501368, "raw_average_key_size": 24, "raw_value_size": 256233472, "raw_average_value_size": 4096, "num_data_blocks": 31279, "num_entries": 62557, "filter_policy_name": "", "kDeletedKeys": "0", "kMergeOperands": "0"}}
2018/12/29-14:18:48.760437 7f1618ff9700 [db/flush_job.cc:371] [usertable] [JOB 2] Level-0 flush table #11: 259073563 bytes OK
2018/12/29-14:18:48.822327 7f1618ff9700 (Original Log Time 2018/12/29-14:18:48.760455) [db/memtable_list.cc:377] [usertable] Level-0 commit table #11 started
2018/12/29-14:18:48.822330 7f1618ff9700 (Original Log Time 2018/12/29-14:18:48.822251) [db/memtable_list.cc:409] [usertable] Level-0 commit table #11: memtable #1 done
2018/12/29-14:18:48.822332 7f1618ff9700 (Original Log Time 2018/12/29-14:18:48.822260) [db/memtable_list.cc:409] [usertable] Level-0 commit table #11: memtable #2 done
2018/12/29-14:18:48.822333 7f1618ff9700 (Original Log Time 2018/12/29-14:18:48.822280) EVENT_LOG_v1 {"time_micros": 1546121928822272, "job": 2, "event": "flush_finished", "output_compression": "NoCompression", "lsm_state": [1, 0, 0, 0, 0, 0, 0], "immutable_memtables": 0}
2018/12/29-14:18:48.822335 7f1618ff9700 (Original Log Time 2018/12/29-14:18:48.822304) [db/db_impl_compaction_flush.cc:177] [usertable] Level summary: base level 1 max bytes base 536870912 files[1 0 0 0 0 0 0] max score 0.50
2018/12/29-14:18:48.822346 7f1618ff9700 [db/db_impl_files.cc:347] [JOB 2] Try to delete WAL files size 258295621, prev total WAL file size 315704961, number of live WAL files 3.
2018/12/29-14:18:53.748013 7f1764de2700 [db/db_impl_write.cc:1373] [usertable] New memtable created with log file: #12. Immutable memtables: 0.
2018/12/29-14:19:02.713158 7f17652e7700 [db/db_impl_write.cc:1373] [usertable] New memtable created with log file: #13. Immutable memtables: 1.
2018/12/29-14:19:02.713277 7f1675ffb700 [db/db_impl_compaction_flush.cc:80] [JOB 3] Syncing log #10
2018/12/29-14:19:03.378629 7f1675ffb700 [db/db_impl_compaction_flush.cc:80] [JOB 3] Syncing log #12
2018/12/29-14:19:04.604991 7f1675ffb700 (Original Log Time 2018/12/29-14:19:02.713254) [db/db_impl_compaction_flush.cc:1424] Calling FlushMemTableToOutputFile with column family [usertable], flush slots available 24, compaction slots available 1, flush slots scheduled 1, compaction slots scheduled 0
2018/12/29-14:19:04.605010 7f1675ffb700 [db/flush_job.cc:301] [usertable] [JOB 3] Flushing memtable with next log file: 12
2018/12/29-14:19:04.605018 7f1675ffb700 [db/flush_job.cc:301] [usertable] [JOB 3] Flushing memtable with next log file: 13
2018/12/29-14:19:04.605058 7f1675ffb700 EVENT_LOG_v1 {"time_micros": 1546121944605048, "job": 3, "event": "flush_started", "num_memtables": 2, "num_entries": 62522, "num_deletes": 0, "memory_usage": 259095640, "flush_reason": "Write Buffer Full"}
2018/12/29-14:19:04.605066 7f1675ffb700 [db/flush_job.cc:331] [usertable] [JOB 3] Level-0 flush table #14: started
2018/12/29-14:19:06.926978 7f1675ffb700 EVENT_LOG_v1 {"time_micros": 1546121946926950, "cf_name": "usertable", "job": 3, "event": "table_file_creation", "file_number": 14, "file_size": 258942473, "table_properties": {"data_size": 257785153, "index_size": 1156393, "filter_size": 0, "raw_key_size": 1500528, "raw_average_key_size": 24, "raw_value_size": 256090112, "raw_average_value_size": 4096, "num_data_blocks": 31261, "num_entries": 62522, "filter_policy_name": "", "kDeletedKeys": "0", "kMergeOperands": "0"}}
2018/12/29-14:19:06.927003 7f1675ffb700 [db/flush_job.cc:371] [usertable] [JOB 3] Level-0 flush table #14: 258942473 bytes OK
2018/12/29-14:19:06.991128 7f1675ffb700 (Original Log Time 2018/12/29-14:19:06.927022) [db/memtable_list.cc:377] [usertable] Level-0 commit table #14 started
2018/12/29-14:19:06.991134 7f1675ffb700 (Original Log Time 2018/12/29-14:19:06.991003) [db/memtable_list.cc:409] [usertable] Level-0 commit table #14: memtable #1 done
2018/12/29-14:19:06.991136 7f1675ffb700 (Original Log Time 2018/12/29-14:19:06.991011) [db/memtable_list.cc:409] [usertable] Level-0 commit table #14: memtable #2 done
2018/12/29-14:19:06.991137 7f1675ffb700 (Original Log Time 2018/12/29-14:19:06.991046) EVENT_LOG_v1 {"time_micros": 1546121946991034, "job": 3, "event": "flush_finished", "output_compression": "NoCompression", "lsm_state": [2, 0, 0, 0, 0, 0, 0], "immutable_memtables": 0}
2018/12/29-14:19:06.991139 7f1675ffb700 (Original Log Time 2018/12/29-14:19:06.991098) [db/db_impl_compaction_flush.cc:177] [usertable] Level summary: base level 1 max bytes base 536870912 files[2 0 0 0 0 0 0] max score 1.00
2018/12/29-14:19:06.991152 7f1675ffb700 [db/db_impl_files.cc:347] [JOB 3] Try to delete WAL files size 258148190, prev total WAL file size 319971539, number of live WAL files 3.
2018/12/29-14:19:06.991358 7f16767fc700 [WARN] [db/db_impl.cc:491] ------- DUMPING STATS -------
2018/12/29-14:19:06.992988 7f16767fc700 [WARN] [db/db_impl.cc:492] 
** DB Stats **
Uptime(secs): 40.2 total, 40.2 interval
Cumulative writes: 140K writes, 140K keys, 139K commit groups, 1.0 writes per commit group, ingest: 0.54 GB, 13.73 MB/s
Cumulative WAL: 140K writes, 0 syncs, 140052.00 writes per sync, written: 0.54 GB, 13.73 MB/s
Cumulative stall: 00:00:0.000 H:M:S, 0.0 percent
Interval writes: 140K writes, 140K keys, 139K commit groups, 1.0 writes per commit group, ingest: 551.48 MB, 13.73 MB/s
Interval WAL: 140K writes, 0 syncs, 140052.00 writes per sync, written: 0.54 MB, 13.73 MB/s
Interval stall: 00:00:0.000 H:M:S, 0.0 percent

** Compaction Stats [default] **
Level    Files   Size     Score Read(GB)  Rn(GB) Rnp1(GB) Write(GB) Wnew(GB) Moved(GB) W-Amp Rd(MB/s) Wr(MB/s) Comp(sec) Comp(cnt) Avg(sec) KeyIn KeyDrop
----------------------------------------------------------------------------------------------------------------------------------------------------------
 Sum      0/0    0.00 KB   0.0      0.0     0.0      0.0       0.0      0.0       0.0   0.0      0.0      0.0         0         0    0.000       0      0
 Int      0/0    0.00 KB   0.0      0.0     0.0      0.0       0.0      0.0       0.0   0.0      0.0      0.0         0         0    0.000       0      0
Uptime(secs): 40.2 total, 40.2 interval
Flush(GB): cumulative 0.000, interval 0.000
AddFile(GB): cumulative 0.000, interval 0.000
AddFile(Total Files): cumulative 0, interval 0
AddFile(L0 Files): cumulative 0, interval 0
AddFile(Keys): cumulative 0, interval 0
Cumulative compaction: 0.00 GB write, 0.00 MB/s write, 0.00 GB read, 0.00 MB/s read, 0.0 seconds
Interval compaction: 0.00 GB write, 0.00 MB/s write, 0.00 GB read, 0.00 MB/s read, 0.0 seconds
Stalls(count): 0 level0_slowdown, 0 level0_slowdown_with_compaction, 0 level0_numfiles, 0 level0_numfiles_with_compaction, 0 stop for pending_compaction_bytes, 0 slowdown for pending_compaction_bytes, 0 memtable_compaction, 0 memtable_slowdown, interval 0 total count

** File Read Latency Histogram By Level [default] **

** Compaction Stats [usertable] **
Level    Files   Size     Score Read(GB)  Rn(GB) Rnp1(GB) Write(GB) Wnew(GB) Moved(GB) W-Amp Rd(MB/s) Wr(MB/s) Comp(sec) Comp(cnt) Avg(sec) KeyIn KeyDrop
----------------------------------------------------------------------------------------------------------------------------------------------------------
  L0      2/0   494.02 MB   1.0      0.0     0.0      0.0       0.5      0.5       0.0   1.0      0.0    120.7         4         2    2.047       0      0
 Sum      2/0   494.02 MB   0.0      0.0     0.0      0.0       0.5      0.5       0.0   1.0      0.0    120.7         4         2    2.047       0      0
 Int      0/0    0.00 KB   0.0      0.0     0.0      0.0       0.5      0.5       0.0   1.0      0.0    120.7         4         2    2.047       0      0
Uptime(secs): 40.1 total, 40.1 interval
Flush(GB): cumulative 0.482, interval 0.482
AddFile(GB): cumulative 0.000, interval 0.000
AddFile(Total Files): cumulative 0, interval 0
AddFile(L0 Files): cumulative 0, interval 0
AddFile(Keys): cumulative 0, interval 0
Cumulative compaction: 0.48 GB write, 12.32 MB/s write, 0.00 GB read, 0.00 MB/s read, 4.1 seconds
Interval compaction: 0.48 GB write, 12.32 MB/s write, 0.00 GB read, 0.00 MB/s read, 4.1 seconds
Stalls(count): 0 level0_slowdown, 0 level0_slowdown_with_compaction, 0 level0_numfiles, 0 level0_numfiles_with_compaction, 0 stop for pending_compaction_bytes, 0 slowdown for pending_compaction_bytes, 0 memtable_compaction, 0 memtable_slowdown, interval 0 total count

** File Read Latency Histogram By Level [usertable] **

** Compaction Stats [default] **
Level    Files   Size     Score Read(GB)  Rn(GB) Rnp1(GB) Write(GB) Wnew(GB) Moved(GB) W-Amp Rd(MB/s) Wr(MB/s) Comp(sec) Comp(cnt) Avg(sec) KeyIn KeyDrop
----------------------------------------------------------------------------------------------------------------------------------------------------------
 Sum      0/0    0.00 KB   0.0      0.0     0.0      0.0       0.0      0.0       0.0   0.0      0.0      0.0         0         0    0.000       0      0
 Int      0/0    0.00 KB   0.0      0.0     0.0      0.0       0.0      0.0       0.0   0.0      0.0      0.0         0         0    0.000       0      0
Uptime(secs): 40.2 total, 0.0 interval
Flush(GB): cumulative 0.000, interval 0.000
AddFile(GB): cumulative 0.000, interval 0.000
AddFile(Total Files): cumulative 0, interval 0
AddFile(L0 Files): cumulative 0, interval 0
AddFile(Keys): cumulative 0, interval 0
Cumulative compaction: 0.00 GB write, 0.00 MB/s write, 0.00 GB read, 0.00 MB/s read, 0.0 seconds
Interval compaction: 0.00 GB write, 0.00 MB/s write, 0.00 GB read, 0.00 MB/s read, 0.0 seconds
Stalls(count): 0 level0_slowdown, 0 level0_slowdown_with_compaction, 0 level0_numfiles, 0 level0_numfiles_with_compaction, 0 stop for pending_compaction_bytes, 0 slowdown for pending_compaction_bytes, 0 memtable_compaction, 0 memtable_slowdown, interval 0 total count

** File Read Latency Histogram By Level [default] **

** Compaction Stats [usertable] **
Level    Files   Size     Score Read(GB)  Rn(GB) Rnp1(GB) Write(GB) Wnew(GB) Moved(GB) W-Amp Rd(MB/s) Wr(MB/s) Comp(sec) Comp(cnt) Avg(sec) KeyIn KeyDrop
----------------------------------------------------------------------------------------------------------------------------------------------------------
  L0      2/0   494.02 MB   1.0      0.0     0.0      0.0       0.5      0.5       0.0   1.0      0.0    120.7         4         2    2.047       0      0
 Sum      2/0   494.02 MB   0.0      0.0     0.0      0.0       0.5      0.5       0.0   1.0      0.0    120.7         4         2    2.047       0      0
 Int      0/0    0.00 KB   0.0      0.0     0.0      0.0       0.0      0.0       0.0   0.0      0.0      0.0         0         0    0.000       0      0
Uptime(secs): 40.1 total, 0.0 interval
Flush(GB): cumulative 0.482, interval 0.000
AddFile(GB): cumulative 0.000, interval 0.000
AddFile(Total Files): cumulative 0, interval 0
AddFile(L0 Files): cumulative 0, interval 0
AddFile(Keys): cumulative 0, interval 0
Cumulative compaction: 0.48 GB write, 12.32 MB/s write, 0.00 GB read, 0.00 MB/s read, 4.1 seconds
Interval compaction: 0.00 GB write, 0.00 MB/s write, 0.00 GB read, 0.00 MB/s read, 0.0 seconds
Stalls(count): 0 level0_slowdown, 0 level0_slowdown_with_compaction, 0 level0_numfiles, 0 level0_numfiles_with_compaction, 0 stop for pending_compaction_bytes, 0 slowdown for pending_compaction_bytes, 0 memtable_compaction, 0 memtable_slowdown, interval 0 total count

** File Read Latency Histogram By Level [usertable] **
2018/12/29-14:19:07.054191 7f16767fc700 (Original Log Time 2018/12/29-14:19:06.995892) [db/db_impl_compaction_flush.cc:1835] [usertable] Moving #11 to level-1 259073563 bytes
2018/12/29-14:19:07.054198 7f16767fc700 (Original Log Time 2018/12/29-14:19:07.054100) EVENT_LOG_v1 {"time_micros": 1546121947054083, "job": 4, "event": "trivial_move", "destination_level": 1, "files": 1, "total_files_size": 259073563}
2018/12/29-14:19:07.054202 7f16767fc700 (Original Log Time 2018/12/29-14:19:07.054127) [db/db_impl_compaction_flush.cc:1864] [usertable] Moved #1 files to level-1 259073563 bytes OK: base level 1 max bytes base 536870912 files[1 1 0 0 0 0 0] max score 0.50
2018/12/29-14:19:11.679334 7f1764ee3700 [db/db_impl_write.cc:1373] [usertable] New memtable created with log file: #15. Immutable memtables: 0.
2018/12/29-14:19:19.767685 7f17646db700 [db/db_impl_write.cc:1373] [usertable] New memtable created with log file: #16. Immutable memtables: 1.
2018/12/29-14:19:19.767807 7f16757fa700 [db/db_impl_compaction_flush.cc:80] [JOB 5] Syncing log #13
2018/12/29-14:19:20.300747 7f16757fa700 [db/db_impl_compaction_flush.cc:80] [JOB 5] Syncing log #15
2018/12/29-14:19:20.774412 7f16757fa700 (Original Log Time 2018/12/29-14:19:19.767784) [db/db_impl_compaction_flush.cc:1424] Calling FlushMemTableToOutputFile with column family [usertable], flush slots available 24, compaction slots available 1, flush slots scheduled 1, compaction slots scheduled 0
2018/12/29-14:19:20.774428 7f16757fa700 [db/flush_job.cc:301] [usertable] [JOB 5] Flushing memtable with next log file: 15
2018/12/29-14:19:20.774436 7f16757fa700 [db/flush_job.cc:301] [usertable] [JOB 5] Flushing memtable with next log file: 16
2018/12/29-14:19:20.774473 7f16757fa700 EVENT_LOG_v1 {"time_micros": 1546121960774462, "job": 5, "event": "flush_started", "num_memtables": 2, "num_entries": 59690, "num_deletes": 0, "memory_usage": 253672608, "flush_reason": "Write Buffer Full"}
2018/12/29-14:19:20.774480 7f16757fa700 [db/flush_job.cc:331] [usertable] [JOB 5] Level-0 flush table #17: started
2018/12/29-14:19:22.711516 7f16757fa700 EVENT_LOG_v1 {"time_micros": 1546121962711488, "cf_name": "usertable", "job": 5, "event": "table_file_creation", "file_number": 17, "file_size": 247213429, "table_properties": {"data_size": 246108501, "index_size": 1104001, "filter_size": 0, "raw_key_size": 1432560, "raw_average_key_size": 24, "raw_value_size": 244490240, "raw_average_value_size": 4096, "num_data_blocks": 29845, "num_entries": 59690, "filter_policy_name": "", "kDeletedKeys": "0", "kMergeOperands": "0"}}
2018/12/29-14:19:22.711539 7f16757fa700 [db/flush_job.cc:371] [usertable] [JOB 5] Level-0 flush table #17: 247213429 bytes OK
2018/12/29-14:19:22.773235 7f16757fa700 (Original Log Time 2018/12/29-14:19:22.711558) [db/memtable_list.cc:377] [usertable] Level-0 commit table #17 started
2018/12/29-14:19:22.773239 7f16757fa700 (Original Log Time 2018/12/29-14:19:22.773109) [db/memtable_list.cc:409] [usertable] Level-0 commit table #17: memtable #1 done
2018/12/29-14:19:22.773241 7f16757fa700 (Original Log Time 2018/12/29-14:19:22.773124) [db/memtable_list.cc:409] [usertable] Level-0 commit table #17: memtable #2 done
2018/12/29-14:19:22.773242 7f16757fa700 (Original Log Time 2018/12/29-14:19:22.773162) EVENT_LOG_v1 {"time_micros": 1546121962773150, "job": 5, "event": "flush_finished", "output_compression": "NoCompression", "lsm_state": [2, 1, 0, 0, 0, 0, 0], "immutable_memtables": 0}
2018/12/29-14:19:22.773244 7f16757fa700 (Original Log Time 2018/12/29-14:19:22.773204) [db/db_impl_compaction_flush.cc:177] [usertable] Level summary: base level 1 max bytes base 536870912 files[2 1 0 0 0 0 0] max score 1.00
