2018/11/29-06:16:39.227514 7fb5e07ab700 RocksDB version: 5.14.3
2018/11/29-06:16:39.227586 7fb5e07ab700 Git sha rocksdb_build_git_sha:
2018/11/29-06:16:39.227589 7fb5e07ab700 Compile date Nov 22 2018
2018/11/29-06:16:39.227594 7fb5e07ab700 DB SUMMARY
2018/11/29-06:16:39.227617 7fb5e07ab700 SST files in /mnt/sda/ycsb-rocksdb-data dir, Total Num: 0, files: 
2018/11/29-06:16:39.227620 7fb5e07ab700 Write Ahead Log file in /mnt/sda/ycsb-rocksdb-data: 
2018/11/29-06:16:39.227623 7fb5e07ab700                         Options.error_if_exists: 0
2018/11/29-06:16:39.227625 7fb5e07ab700                       Options.create_if_missing: 1
2018/11/29-06:16:39.227626 7fb5e07ab700                         Options.paranoid_checks: 1
2018/11/29-06:16:39.227627 7fb5e07ab700                                     Options.env: 0x7fb5dbba12c0
2018/11/29-06:16:39.227629 7fb5e07ab700                                Options.info_log: 0x7fb54c3be840
2018/11/29-06:16:39.227630 7fb5e07ab700                Options.max_file_opening_threads: 16
2018/11/29-06:16:39.227631 7fb5e07ab700                              Options.statistics: (nil)
2018/11/29-06:16:39.227632 7fb5e07ab700                               Options.use_fsync: 0
2018/11/29-06:16:39.227634 7fb5e07ab700                       Options.max_log_file_size: 0
2018/11/29-06:16:39.227635 7fb5e07ab700                  Options.max_manifest_file_size: 18446744073709551615
2018/11/29-06:16:39.227636 7fb5e07ab700                   Options.log_file_time_to_roll: 0
2018/11/29-06:16:39.227637 7fb5e07ab700                       Options.keep_log_file_num: 1000
2018/11/29-06:16:39.227639 7fb5e07ab700                    Options.recycle_log_file_num: 0
2018/11/29-06:16:39.227640 7fb5e07ab700                         Options.allow_fallocate: 1
2018/11/29-06:16:39.227641 7fb5e07ab700                        Options.allow_mmap_reads: 0
2018/11/29-06:16:39.227642 7fb5e07ab700                       Options.allow_mmap_writes: 0
2018/11/29-06:16:39.227643 7fb5e07ab700                        Options.use_direct_reads: 0
2018/11/29-06:16:39.227645 7fb5e07ab700                        Options.use_direct_io_for_flush_and_compaction: 0
2018/11/29-06:16:39.227646 7fb5e07ab700          Options.create_missing_column_families: 1
2018/11/29-06:16:39.227647 7fb5e07ab700                              Options.db_log_dir: 
2018/11/29-06:16:39.227648 7fb5e07ab700                                 Options.wal_dir: /mnt/sda/ycsb-rocksdb-data
2018/11/29-06:16:39.227650 7fb5e07ab700                Options.table_cache_numshardbits: 6
2018/11/29-06:16:39.227651 7fb5e07ab700                      Options.max_subcompactions: 4
2018/11/29-06:16:39.227652 7fb5e07ab700                  Options.max_background_flushes: 24
2018/11/29-06:16:39.227653 7fb5e07ab700                         Options.WAL_ttl_seconds: 0
2018/11/29-06:16:39.227654 7fb5e07ab700                       Options.WAL_size_limit_MB: 0
2018/11/29-06:16:39.227655 7fb5e07ab700             Options.manifest_preallocation_size: 4194304
2018/11/29-06:16:39.227657 7fb5e07ab700                     Options.is_fd_close_on_exec: 1
2018/11/29-06:16:39.227658 7fb5e07ab700                   Options.advise_random_on_open: 1
2018/11/29-06:16:39.227659 7fb5e07ab700                    Options.db_write_buffer_size: 0
2018/11/29-06:16:39.227661 7fb5e07ab700                    Options.write_buffer_manager: 0x7fb54c3baa00
2018/11/29-06:16:39.227662 7fb5e07ab700         Options.access_hint_on_compaction_start: 1
2018/11/29-06:16:39.227663 7fb5e07ab700  Options.new_table_reader_for_compaction_inputs: 0
2018/11/29-06:16:39.227664 7fb5e07ab700           Options.random_access_max_buffer_size: 1048576
2018/11/29-06:16:39.227666 7fb5e07ab700                      Options.use_adaptive_mutex: 0
2018/11/29-06:16:39.227667 7fb5e07ab700                            Options.rate_limiter: (nil)
2018/11/29-06:16:39.227669 7fb5e07ab700     Options.sst_file_manager.rate_bytes_per_sec: 0
2018/11/29-06:16:39.227671 7fb5e07ab700                       Options.wal_recovery_mode: 2
2018/11/29-06:16:39.227672 7fb5e07ab700                  Options.enable_thread_tracking: 0
2018/11/29-06:16:39.227673 7fb5e07ab700                  Options.enable_pipelined_write: 1
2018/11/29-06:16:39.227683 7fb5e07ab700         Options.allow_concurrent_memtable_write: 1
2018/11/29-06:16:39.227685 7fb5e07ab700      Options.enable_write_thread_adaptive_yield: 1
2018/11/29-06:16:39.227686 7fb5e07ab700             Options.write_thread_max_yield_usec: 100
2018/11/29-06:16:39.227687 7fb5e07ab700            Options.write_thread_slow_yield_usec: 3
2018/11/29-06:16:39.227689 7fb5e07ab700                               Options.row_cache: None
2018/11/29-06:16:39.227690 7fb5e07ab700                              Options.wal_filter: None
2018/11/29-06:16:39.227691 7fb5e07ab700             Options.avoid_flush_during_recovery: 0
2018/11/29-06:16:39.227693 7fb5e07ab700             Options.allow_ingest_behind: 0
2018/11/29-06:16:39.227694 7fb5e07ab700             Options.preserve_deletes: 0
2018/11/29-06:16:39.227695 7fb5e07ab700             Options.two_write_queues: 0
2018/11/29-06:16:39.227696 7fb5e07ab700             Options.manual_wal_flush: 0
2018/11/29-06:16:39.227698 7fb5e07ab700             Options.max_background_jobs: 24
2018/11/29-06:16:39.227700 7fb5e07ab700             Options.max_background_compactions: 24
2018/11/29-06:16:39.227701 7fb5e07ab700             Options.avoid_flush_during_shutdown: 0
2018/11/29-06:16:39.227702 7fb5e07ab700           Options.writable_file_max_buffer_size: 1048576
2018/11/29-06:16:39.227704 7fb5e07ab700             Options.delayed_write_rate : 16777216
2018/11/29-06:16:39.227705 7fb5e07ab700             Options.max_total_wal_size: 0
2018/11/29-06:16:39.227706 7fb5e07ab700             Options.delete_obsolete_files_period_micros: 21600000000
2018/11/29-06:16:39.227707 7fb5e07ab700                   Options.stats_dump_period_sec: 60
2018/11/29-06:16:39.227709 7fb5e07ab700                          Options.max_open_files: -1
2018/11/29-06:16:39.227710 7fb5e07ab700                          Options.bytes_per_sync: 1048576
2018/11/29-06:16:39.227711 7fb5e07ab700                      Options.wal_bytes_per_sync: 0
2018/11/29-06:16:39.227712 7fb5e07ab700       Options.compaction_readahead_size: 0
2018/11/29-06:16:39.227713 7fb5e07ab700 Compression algorithms supported:
2018/11/29-06:16:39.227715 7fb5e07ab700 	kZSTDNotFinalCompression supported: 1
2018/11/29-06:16:39.227726 7fb5e07ab700 	kZSTD supported: 1
2018/11/29-06:16:39.227728 7fb5e07ab700 	kXpressCompression supported: 0
2018/11/29-06:16:39.227729 7fb5e07ab700 	kLZ4HCCompression supported: 1
2018/11/29-06:16:39.227731 7fb5e07ab700 	kLZ4Compression supported: 1
2018/11/29-06:16:39.227732 7fb5e07ab700 	kBZip2Compression supported: 1
2018/11/29-06:16:39.227733 7fb5e07ab700 	kZlibCompression supported: 1
2018/11/29-06:16:39.227734 7fb5e07ab700 	kSnappyCompression supported: 1
2018/11/29-06:16:39.227739 7fb5e07ab700 Fast CRC32 supported: Supported on x86
2018/11/29-06:16:39.227827 7fb5e07ab700 [db/db_impl_open.cc:222] Creating manifest 1 
2018/11/29-06:16:39.328825 7fb5e07ab700 [db/version_set.cc:3085] Recovering from manifest file: MANIFEST-000001
2018/11/29-06:16:39.328912 7fb5e07ab700 [db/column_family.cc:475] --------------- Options for column family [default]:
2018/11/29-06:16:39.328917 7fb5e07ab700               Options.comparator: leveldb.BytewiseComparator
2018/11/29-06:16:39.328918 7fb5e07ab700           Options.merge_operator: None
2018/11/29-06:16:39.328920 7fb5e07ab700        Options.compaction_filter: None
2018/11/29-06:16:39.328921 7fb5e07ab700        Options.compaction_filter_factory: None
2018/11/29-06:16:39.328922 7fb5e07ab700         Options.memtable_factory: SkipListFactory
2018/11/29-06:16:39.328924 7fb5e07ab700            Options.table_factory: BlockBasedTable
2018/11/29-06:16:39.328954 7fb5e07ab700            table_factory options:   flush_block_policy_factory: FlushBlockBySizePolicyFactory (0x7fb54c3785f0)
  cache_index_and_filter_blocks: 0
  cache_index_and_filter_blocks_with_high_priority: 0
  pin_l0_filter_and_index_blocks_in_cache: 0
  index_type: 0
  hash_index_allow_collision: 1
  checksum: 1
  no_block_cache: 0
  block_cache: 0x7fb54c384060
  block_cache_name: LRUCache
  block_cache_options:
    capacity : 8388608
    num_shard_bits : 4
    strict_capacity_limit : 0
    high_pri_pool_ratio: 0.000
  block_cache_compressed: (nil)
  persistent_cache: (nil)
  block_size: 8192
  block_size_deviation: 10
  block_restart_interval: 16
  index_block_restart_interval: 1
  metadata_block_size: 4096
  partition_filters: 0
  use_delta_encoding: 1
  filter_policy: nullptr
  whole_key_filtering: 1
  verify_compression: 0
  read_amp_bytes_per_bit: 0
  format_version: 2
  enable_index_compression: 1
  block_align: 0
2018/11/29-06:16:39.328969 7fb5e07ab700        Options.write_buffer_size: 134217728
2018/11/29-06:16:39.328971 7fb5e07ab700  Options.max_write_buffer_number: 24
2018/11/29-06:16:39.328973 7fb5e07ab700        Options.compression[0]: NoCompression
2018/11/29-06:16:39.328974 7fb5e07ab700        Options.compression[1]: NoCompression
2018/11/29-06:16:39.328976 7fb5e07ab700        Options.compression[2]: LZ4
2018/11/29-06:16:39.328977 7fb5e07ab700        Options.compression[3]: LZ4
2018/11/29-06:16:39.328978 7fb5e07ab700        Options.compression[4]: LZ4
2018/11/29-06:16:39.328980 7fb5e07ab700        Options.compression[5]: LZ4
2018/11/29-06:16:39.328981 7fb5e07ab700        Options.compression[6]: LZ4
2018/11/29-06:16:39.328982 7fb5e07ab700                  Options.bottommost_compression: Disabled
2018/11/29-06:16:39.328983 7fb5e07ab700       Options.prefix_extractor: nullptr
2018/11/29-06:16:39.328985 7fb5e07ab700   Options.memtable_insert_with_hint_prefix_extractor: nullptr
2018/11/29-06:16:39.328986 7fb5e07ab700             Options.num_levels: 7
2018/11/29-06:16:39.328987 7fb5e07ab700        Options.min_write_buffer_number_to_merge: 2
2018/11/29-06:16:39.328989 7fb5e07ab700     Options.max_write_buffer_number_to_maintain: 0
2018/11/29-06:16:39.328990 7fb5e07ab700            Options.compression_opts.window_bits: -14
2018/11/29-06:16:39.328991 7fb5e07ab700                  Options.compression_opts.level: -1
2018/11/29-06:16:39.328993 7fb5e07ab700               Options.compression_opts.strategy: 0
2018/11/29-06:16:39.328994 7fb5e07ab700         Options.compression_opts.max_dict_bytes: 0
2018/11/29-06:16:39.328995 7fb5e07ab700         Options.compression_opts.zstd_max_train_bytes: 0
2018/11/29-06:16:39.328996 7fb5e07ab700      Options.level0_file_num_compaction_trigger: 2
2018/11/29-06:16:39.328998 7fb5e07ab700          Options.level0_slowdown_writes_trigger: 20
2018/11/29-06:16:39.328999 7fb5e07ab700              Options.level0_stop_writes_trigger: 36
2018/11/29-06:16:39.329000 7fb5e07ab700                   Options.target_file_size_base: 67108864
2018/11/29-06:16:39.329001 7fb5e07ab700             Options.target_file_size_multiplier: 1
2018/11/29-06:16:39.329002 7fb5e07ab700                Options.max_bytes_for_level_base: 536870912
2018/11/29-06:16:39.329004 7fb5e07ab700 Options.level_compaction_dynamic_level_bytes: 0
2018/11/29-06:16:39.329005 7fb5e07ab700          Options.max_bytes_for_level_multiplier: 10.000000
2018/11/29-06:16:39.329008 7fb5e07ab700 Options.max_bytes_for_level_multiplier_addtl[0]: 1
2018/11/29-06:16:39.329009 7fb5e07ab700 Options.max_bytes_for_level_multiplier_addtl[1]: 1
2018/11/29-06:16:39.329010 7fb5e07ab700 Options.max_bytes_for_level_multiplier_addtl[2]: 1
2018/11/29-06:16:39.329024 7fb5e07ab700 Options.max_bytes_for_level_multiplier_addtl[3]: 1
2018/11/29-06:16:39.329026 7fb5e07ab700 Options.max_bytes_for_level_multiplier_addtl[4]: 1
2018/11/29-06:16:39.329027 7fb5e07ab700 Options.max_bytes_for_level_multiplier_addtl[5]: 1
2018/11/29-06:16:39.329028 7fb5e07ab700 Options.max_bytes_for_level_multiplier_addtl[6]: 1
2018/11/29-06:16:39.329029 7fb5e07ab700       Options.max_sequential_skip_in_iterations: 8
2018/11/29-06:16:39.329030 7fb5e07ab700                    Options.max_compaction_bytes: 1677721600
2018/11/29-06:16:39.329031 7fb5e07ab700                        Options.arena_block_size: 16777216
2018/11/29-06:16:39.329033 7fb5e07ab700   Options.soft_pending_compaction_bytes_limit: 68719476736
2018/11/29-06:16:39.329034 7fb5e07ab700   Options.hard_pending_compaction_bytes_limit: 274877906944
2018/11/29-06:16:39.329042 7fb5e07ab700       Options.rate_limit_delay_max_milliseconds: 100
2018/11/29-06:16:39.329043 7fb5e07ab700                Options.disable_auto_compactions: 0
2018/11/29-06:16:39.329046 7fb5e07ab700                        Options.compaction_style: kCompactionStyleLevel
2018/11/29-06:16:39.329048 7fb5e07ab700                          Options.compaction_pri: kByCompensatedSize
2018/11/29-06:16:39.329050 7fb5e07ab700 Options.compaction_options_universal.size_ratio: 1
2018/11/29-06:16:39.329051 7fb5e07ab700 Options.compaction_options_universal.min_merge_width: 2
2018/11/29-06:16:39.329052 7fb5e07ab700 Options.compaction_options_universal.max_merge_width: 4294967295
2018/11/29-06:16:39.329053 7fb5e07ab700 Options.compaction_options_universal.max_size_amplification_percent: 200
2018/11/29-06:16:39.329055 7fb5e07ab700 Options.compaction_options_universal.compression_size_percent: -1
2018/11/29-06:16:39.329057 7fb5e07ab700 Options.compaction_options_universal.stop_style: kCompactionStopStyleTotalSize
2018/11/29-06:16:39.329058 7fb5e07ab700 Options.compaction_options_fifo.max_table_files_size: 1073741824
2018/11/29-06:16:39.329060 7fb5e07ab700 Options.compaction_options_fifo.allow_compaction: 0
2018/11/29-06:16:39.329061 7fb5e07ab700 Options.compaction_options_fifo.ttl: 0
2018/11/29-06:16:39.329062 7fb5e07ab700                   Options.table_properties_collectors: 
2018/11/29-06:16:39.329063 7fb5e07ab700                   Options.inplace_update_support: 0
2018/11/29-06:16:39.329065 7fb5e07ab700                 Options.inplace_update_num_locks: 10000
2018/11/29-06:16:39.329066 7fb5e07ab700               Options.memtable_prefix_bloom_size_ratio: 0.000000
2018/11/29-06:16:39.329068 7fb5e07ab700   Options.memtable_huge_page_size: 0
2018/11/29-06:16:39.329069 7fb5e07ab700                           Options.bloom_locality: 0
2018/11/29-06:16:39.329070 7fb5e07ab700                    Options.max_successive_merges: 0
2018/11/29-06:16:39.329071 7fb5e07ab700                Options.optimize_filters_for_hits: 0
2018/11/29-06:16:39.329072 7fb5e07ab700                Options.paranoid_file_checks: 0
2018/11/29-06:16:39.329073 7fb5e07ab700                Options.force_consistency_checks: 0
2018/11/29-06:16:39.329074 7fb5e07ab700                Options.report_bg_io_stats: 0
2018/11/29-06:16:39.329076 7fb5e07ab700                               Options.ttl: 0
2018/11/29-06:16:39.329909 7fb5e07ab700 [db/version_set.cc:3361] Recovered from manifest file:/mnt/sda/ycsb-rocksdb-data/MANIFEST-000001 succeeded,manifest_file_number is 1, next_file_number is 3, last_sequence is 0, log_number is 0,prev_log_number is 0,max_column_family is 0,min_log_number_to_keep is 0
2018/11/29-06:16:39.329915 7fb5e07ab700 [db/version_set.cc:3369] Column family [default] (ID 0), log number is 0
2018/11/29-06:16:39.330082 7fb5e07ab700 [db/version_set.cc:2847] Creating manifest 4
2018/11/29-06:16:39.402270 7fb5e07ab700 [db/column_family.cc:475] --------------- Options for column family [usertable]:
2018/11/29-06:16:39.402274 7fb5e07ab700               Options.comparator: leveldb.BytewiseComparator
2018/11/29-06:16:39.402276 7fb5e07ab700           Options.merge_operator: None
2018/11/29-06:16:39.402277 7fb5e07ab700        Options.compaction_filter: None
2018/11/29-06:16:39.402278 7fb5e07ab700        Options.compaction_filter_factory: None
2018/11/29-06:16:39.402279 7fb5e07ab700         Options.memtable_factory: SkipListFactory
2018/11/29-06:16:39.402281 7fb5e07ab700            Options.table_factory: BlockBasedTable
2018/11/29-06:16:39.402306 7fb5e07ab700            table_factory options:   flush_block_policy_factory: FlushBlockBySizePolicyFactory (0x7fb54c3786d0)
  cache_index_and_filter_blocks: 0
  cache_index_and_filter_blocks_with_high_priority: 0
  pin_l0_filter_and_index_blocks_in_cache: 0
  index_type: 0
  hash_index_allow_collision: 1
  checksum: 1
  no_block_cache: 0
  block_cache: 0x7fb54c386ef0
  block_cache_name: LRUCache
  block_cache_options:
    capacity : 8388608
    num_shard_bits : 4
    strict_capacity_limit : 0
    high_pri_pool_ratio: 0.000
  block_cache_compressed: (nil)
  persistent_cache: (nil)
  block_size: 8192
  block_size_deviation: 10
  block_restart_interval: 16
  index_block_restart_interval: 1
  metadata_block_size: 4096
  partition_filters: 0
  use_delta_encoding: 1
  filter_policy: nullptr
  whole_key_filtering: 1
  verify_compression: 0
  read_amp_bytes_per_bit: 0
  format_version: 2
  enable_index_compression: 1
  block_align: 0
2018/11/29-06:16:39.402308 7fb5e07ab700        Options.write_buffer_size: 134217728
2018/11/29-06:16:39.402310 7fb5e07ab700  Options.max_write_buffer_number: 24
2018/11/29-06:16:39.402311 7fb5e07ab700        Options.compression[0]: NoCompression
2018/11/29-06:16:39.402313 7fb5e07ab700        Options.compression[1]: NoCompression
2018/11/29-06:16:39.402314 7fb5e07ab700        Options.compression[2]: LZ4
2018/11/29-06:16:39.402315 7fb5e07ab700        Options.compression[3]: LZ4
2018/11/29-06:16:39.402316 7fb5e07ab700        Options.compression[4]: LZ4
2018/11/29-06:16:39.402318 7fb5e07ab700        Options.compression[5]: LZ4
2018/11/29-06:16:39.402319 7fb5e07ab700        Options.compression[6]: LZ4
2018/11/29-06:16:39.402320 7fb5e07ab700                  Options.bottommost_compression: Disabled
2018/11/29-06:16:39.402321 7fb5e07ab700       Options.prefix_extractor: nullptr
2018/11/29-06:16:39.402323 7fb5e07ab700   Options.memtable_insert_with_hint_prefix_extractor: nullptr
2018/11/29-06:16:39.402324 7fb5e07ab700             Options.num_levels: 7
2018/11/29-06:16:39.402325 7fb5e07ab700        Options.min_write_buffer_number_to_merge: 2
2018/11/29-06:16:39.402326 7fb5e07ab700     Options.max_write_buffer_number_to_maintain: 0
2018/11/29-06:16:39.402327 7fb5e07ab700            Options.compression_opts.window_bits: -14
2018/11/29-06:16:39.402329 7fb5e07ab700                  Options.compression_opts.level: -1
2018/11/29-06:16:39.402330 7fb5e07ab700               Options.compression_opts.strategy: 0
2018/11/29-06:16:39.402331 7fb5e07ab700         Options.compression_opts.max_dict_bytes: 0
2018/11/29-06:16:39.402332 7fb5e07ab700         Options.compression_opts.zstd_max_train_bytes: 0
2018/11/29-06:16:39.402334 7fb5e07ab700      Options.level0_file_num_compaction_trigger: 2
2018/11/29-06:16:39.402335 7fb5e07ab700          Options.level0_slowdown_writes_trigger: 20
2018/11/29-06:16:39.402336 7fb5e07ab700              Options.level0_stop_writes_trigger: 36
2018/11/29-06:16:39.402337 7fb5e07ab700                   Options.target_file_size_base: 67108864
2018/11/29-06:16:39.402338 7fb5e07ab700             Options.target_file_size_multiplier: 1
2018/11/29-06:16:39.402339 7fb5e07ab700                Options.max_bytes_for_level_base: 536870912
2018/11/29-06:16:39.402341 7fb5e07ab700 Options.level_compaction_dynamic_level_bytes: 0
2018/11/29-06:16:39.402342 7fb5e07ab700          Options.max_bytes_for_level_multiplier: 10.000000
2018/11/29-06:16:39.402344 7fb5e07ab700 Options.max_bytes_for_level_multiplier_addtl[0]: 1
2018/11/29-06:16:39.402355 7fb5e07ab700 Options.max_bytes_for_level_multiplier_addtl[1]: 1
2018/11/29-06:16:39.402357 7fb5e07ab700 Options.max_bytes_for_level_multiplier_addtl[2]: 1
2018/11/29-06:16:39.402358 7fb5e07ab700 Options.max_bytes_for_level_multiplier_addtl[3]: 1
2018/11/29-06:16:39.402359 7fb5e07ab700 Options.max_bytes_for_level_multiplier_addtl[4]: 1
2018/11/29-06:16:39.402361 7fb5e07ab700 Options.max_bytes_for_level_multiplier_addtl[5]: 1
2018/11/29-06:16:39.402362 7fb5e07ab700 Options.max_bytes_for_level_multiplier_addtl[6]: 1
2018/11/29-06:16:39.402363 7fb5e07ab700       Options.max_sequential_skip_in_iterations: 8
2018/11/29-06:16:39.402364 7fb5e07ab700                    Options.max_compaction_bytes: 1677721600
2018/11/29-06:16:39.402365 7fb5e07ab700                        Options.arena_block_size: 16777216
2018/11/29-06:16:39.402367 7fb5e07ab700   Options.soft_pending_compaction_bytes_limit: 68719476736
2018/11/29-06:16:39.402368 7fb5e07ab700   Options.hard_pending_compaction_bytes_limit: 274877906944
2018/11/29-06:16:39.402369 7fb5e07ab700       Options.rate_limit_delay_max_milliseconds: 100
2018/11/29-06:16:39.402371 7fb5e07ab700                Options.disable_auto_compactions: 0
2018/11/29-06:16:39.402372 7fb5e07ab700                        Options.compaction_style: kCompactionStyleLevel
2018/11/29-06:16:39.402374 7fb5e07ab700                          Options.compaction_pri: kByCompensatedSize
2018/11/29-06:16:39.402375 7fb5e07ab700 Options.compaction_options_universal.size_ratio: 1
2018/11/29-06:16:39.402376 7fb5e07ab700 Options.compaction_options_universal.min_merge_width: 2
2018/11/29-06:16:39.402378 7fb5e07ab700 Options.compaction_options_universal.max_merge_width: 4294967295
2018/11/29-06:16:39.402379 7fb5e07ab700 Options.compaction_options_universal.max_size_amplification_percent: 200
2018/11/29-06:16:39.402380 7fb5e07ab700 Options.compaction_options_universal.compression_size_percent: -1
2018/11/29-06:16:39.402382 7fb5e07ab700 Options.compaction_options_universal.stop_style: kCompactionStopStyleTotalSize
2018/11/29-06:16:39.402383 7fb5e07ab700 Options.compaction_options_fifo.max_table_files_size: 1073741824
2018/11/29-06:16:39.402384 7fb5e07ab700 Options.compaction_options_fifo.allow_compaction: 0
2018/11/29-06:16:39.402385 7fb5e07ab700 Options.compaction_options_fifo.ttl: 0
2018/11/29-06:16:39.402386 7fb5e07ab700                   Options.table_properties_collectors: 
2018/11/29-06:16:39.402388 7fb5e07ab700                   Options.inplace_update_support: 0
2018/11/29-06:16:39.402389 7fb5e07ab700                 Options.inplace_update_num_locks: 10000
2018/11/29-06:16:39.402390 7fb5e07ab700               Options.memtable_prefix_bloom_size_ratio: 0.000000
2018/11/29-06:16:39.402392 7fb5e07ab700   Options.memtable_huge_page_size: 0
2018/11/29-06:16:39.402393 7fb5e07ab700                           Options.bloom_locality: 0
2018/11/29-06:16:39.402394 7fb5e07ab700                    Options.max_successive_merges: 0
2018/11/29-06:16:39.402396 7fb5e07ab700                Options.optimize_filters_for_hits: 0
2018/11/29-06:16:39.402397 7fb5e07ab700                Options.paranoid_file_checks: 0
2018/11/29-06:16:39.402398 7fb5e07ab700                Options.force_consistency_checks: 0
2018/11/29-06:16:39.402399 7fb5e07ab700                Options.report_bg_io_stats: 0
2018/11/29-06:16:39.402400 7fb5e07ab700                               Options.ttl: 0
2018/11/29-06:16:39.402443 7fb5e07ab700 [db/db_impl.cc:1396] Created column family [usertable] (ID 1)
2018/11/29-06:16:39.479516 7fb5e07ab700 [db/db_impl_open.cc:1219] DB pointer 0x7fb54c3bef90
2018/11/29-06:16:48.442032 7fb5e07ab700 [db/db_impl_write.cc:1373] [usertable] New memtable created with log file: #9. Immutable memtables: 0.
2018/11/29-06:16:57.403472 7fb5e07ab700 [db/db_impl_write.cc:1373] [usertable] New memtable created with log file: #10. Immutable memtables: 1.
2018/11/29-06:16:57.403757 7fb5a8ff9700 [db/db_impl_compaction_flush.cc:80] [JOB 2] Syncing log #3
2018/11/29-06:16:57.825585 7fb5a8ff9700 [db/db_impl_compaction_flush.cc:80] [JOB 2] Syncing log #9
2018/11/29-06:16:59.019620 7fb5a8ff9700 (Original Log Time 2018/11/29-06:16:57.403708) [db/db_impl_compaction_flush.cc:1424] Calling FlushMemTableToOutputFile with column family [usertable], flush slots available 24, compaction slots available 1, flush slots scheduled 1, compaction slots scheduled 0
2018/11/29-06:16:59.019639 7fb5a8ff9700 [db/flush_job.cc:301] [usertable] [JOB 2] Flushing memtable with next log file: 9
2018/11/29-06:16:59.019654 7fb5a8ff9700 [db/flush_job.cc:301] [usertable] [JOB 2] Flushing memtable with next log file: 10
2018/11/29-06:16:59.019712 7fb5a8ff9700 EVENT_LOG_v1 {"time_micros": 1543501019019691, "job": 2, "event": "flush_started", "num_memtables": 2, "num_entries": 62730, "num_deletes": 0, "memory_usage": 260119040, "flush_reason": "Write Buffer Full"}
2018/11/29-06:16:59.019726 7fb5a8ff9700 [db/flush_job.cc:331] [usertable] [JOB 2] Level-0 flush table #11: started
2018/11/29-06:17:01.338431 7fb5a8ff9700 EVENT_LOG_v1 {"time_micros": 1543501021338401, "cf_name": "usertable", "job": 2, "event": "table_file_creation", "file_number": 11, "file_size": 259789991, "table_properties": {"data_size": 258635790, "index_size": 1153274, "filter_size": 0, "raw_key_size": 1505520, "raw_average_key_size": 24, "raw_value_size": 256942080, "raw_average_value_size": 4096, "num_data_blocks": 31365, "num_entries": 62730, "filter_policy_name": "", "kDeletedKeys": "0", "kMergeOperands": "0"}}
2018/11/29-06:17:01.338464 7fb5a8ff9700 [db/flush_job.cc:371] [usertable] [JOB 2] Level-0 flush table #11: 259789991 bytes OK
2018/11/29-06:17:01.398730 7fb5a8ff9700 (Original Log Time 2018/11/29-06:17:01.338486) [db/memtable_list.cc:377] [usertable] Level-0 commit table #11 started
2018/11/29-06:17:01.398733 7fb5a8ff9700 (Original Log Time 2018/11/29-06:17:01.398637) [db/memtable_list.cc:409] [usertable] Level-0 commit table #11: memtable #1 done
2018/11/29-06:17:01.398735 7fb5a8ff9700 (Original Log Time 2018/11/29-06:17:01.398646) [db/memtable_list.cc:409] [usertable] Level-0 commit table #11: memtable #2 done
2018/11/29-06:17:01.398737 7fb5a8ff9700 (Original Log Time 2018/11/29-06:17:01.398665) EVENT_LOG_v1 {"time_micros": 1543501021398656, "job": 2, "event": "flush_finished", "output_compression": "NoCompression", "lsm_state": [1, 0, 0, 0, 0, 0, 0], "immutable_memtables": 0}
2018/11/29-06:17:01.398739 7fb5a8ff9700 (Original Log Time 2018/11/29-06:17:01.398694) [db/db_impl_compaction_flush.cc:177] [usertable] Level summary: base level 1 max bytes base 536870912 files[1 0 0 0 0 0 0] max score 0.50
2018/11/29-06:17:01.398754 7fb5a8ff9700 [db/db_impl_files.cc:347] [JOB 2] Try to delete WAL files size 259012170, prev total WAL file size 316756235, number of live WAL files 3.
2018/11/29-06:17:06.364816 7fb5e07ab700 [db/db_impl_write.cc:1373] [usertable] New memtable created with log file: #12. Immutable memtables: 0.
2018/11/29-06:17:15.326224 7fb5e07ab700 [db/db_impl_write.cc:1373] [usertable] New memtable created with log file: #13. Immutable memtables: 1.
2018/11/29-06:17:15.326378 7fb5c1ffb700 [db/db_impl_compaction_flush.cc:80] [JOB 3] Syncing log #10
2018/11/29-06:17:16.272208 7fb5c1ffb700 [db/db_impl_compaction_flush.cc:80] [JOB 3] Syncing log #12
2018/11/29-06:17:17.377880 7fb5c1ffb700 (Original Log Time 2018/11/29-06:17:15.326357) [db/db_impl_compaction_flush.cc:1424] Calling FlushMemTableToOutputFile with column family [usertable], flush slots available 24, compaction slots available 1, flush slots scheduled 1, compaction slots scheduled 0
2018/11/29-06:17:17.377898 7fb5c1ffb700 [db/flush_job.cc:301] [usertable] [JOB 3] Flushing memtable with next log file: 12
2018/11/29-06:17:17.377906 7fb5c1ffb700 [db/flush_job.cc:301] [usertable] [JOB 3] Flushing memtable with next log file: 13
2018/11/29-06:17:17.377956 7fb5c1ffb700 EVENT_LOG_v1 {"time_micros": 1543501037377945, "job": 3, "event": "flush_started", "num_memtables": 2, "num_entries": 62730, "num_deletes": 0, "memory_usage": 260070488, "flush_reason": "Write Buffer Full"}
2018/11/29-06:17:17.377965 7fb5c1ffb700 [db/flush_job.cc:331] [usertable] [JOB 3] Level-0 flush table #14: started
2018/11/29-06:17:19.785238 7fb5c1ffb700 EVENT_LOG_v1 {"time_micros": 1543501039785211, "cf_name": "usertable", "job": 3, "event": "table_file_creation", "file_number": 14, "file_size": 259789989, "table_properties": {"data_size": 258635790, "index_size": 1153272, "filter_size": 0, "raw_key_size": 1505520, "raw_average_key_size": 24, "raw_value_size": 256942080, "raw_average_value_size": 4096, "num_data_blocks": 31365, "num_entries": 62730, "filter_policy_name": "", "kDeletedKeys": "0", "kMergeOperands": "0"}}
2018/11/29-06:17:19.785262 7fb5c1ffb700 [db/flush_job.cc:371] [usertable] [JOB 3] Level-0 flush table #14: 259789989 bytes OK
2018/11/29-06:17:19.846572 7fb5c1ffb700 (Original Log Time 2018/11/29-06:17:19.785281) [db/memtable_list.cc:377] [usertable] Level-0 commit table #14 started
2018/11/29-06:17:19.846578 7fb5c1ffb700 (Original Log Time 2018/11/29-06:17:19.846480) [db/memtable_list.cc:409] [usertable] Level-0 commit table #14: memtable #1 done
2018/11/29-06:17:19.846581 7fb5c1ffb700 (Original Log Time 2018/11/29-06:17:19.846483) [db/memtable_list.cc:409] [usertable] Level-0 commit table #14: memtable #2 done
2018/11/29-06:17:19.846584 7fb5c1ffb700 (Original Log Time 2018/11/29-06:17:19.846500) EVENT_LOG_v1 {"time_micros": 1543501039846491, "job": 3, "event": "flush_finished", "output_compression": "NoCompression", "lsm_state": [2, 0, 0, 0, 0, 0, 0], "immutable_memtables": 0}
2018/11/29-06:17:19.846587 7fb5c1ffb700 (Original Log Time 2018/11/29-06:17:19.846543) [db/db_impl_compaction_flush.cc:177] [usertable] Level summary: base level 1 max bytes base 536870912 files[2 0 0 0 0 0 0] max score 1.00
2018/11/29-06:17:19.846603 7fb5c1ffb700 [db/db_impl_files.cc:347] [JOB 3] Try to delete WAL files size 259012170, prev total WAL file size 324341208, number of live WAL files 3.
2018/11/29-06:17:19.846891 7fb5db229700 [WARN] [db/db_impl.cc:491] ------- DUMPING STATS -------
2018/11/29-06:17:19.848843 7fb5db229700 [WARN] [db/db_impl.cc:492] 
** DB Stats **
Uptime(secs): 40.5 total, 40.5 interval
Cumulative writes: 141K writes, 141K keys, 141K commit groups, 1.0 writes per commit group, ingest: 0.54 GB, 13.73 MB/s
Cumulative WAL: 141K writes, 0 syncs, 141283.00 writes per sync, written: 0.54 GB, 13.73 MB/s
Cumulative stall: 00:00:0.000 H:M:S, 0.0 percent
Interval writes: 141K writes, 141K keys, 141K commit groups, 1.0 writes per commit group, ingest: 556.33 MB, 13.73 MB/s
Interval WAL: 141K writes, 0 syncs, 141283.00 writes per sync, written: 0.54 MB, 13.73 MB/s
Interval stall: 00:00:0.000 H:M:S, 0.0 percent

** Compaction Stats [default] **
Level    Files   Size     Score Read(GB)  Rn(GB) Rnp1(GB) Write(GB) Wnew(GB) Moved(GB) W-Amp Rd(MB/s) Wr(MB/s) Comp(sec) Comp(cnt) Avg(sec) KeyIn KeyDrop
----------------------------------------------------------------------------------------------------------------------------------------------------------
 Sum      0/0    0.00 KB   0.0      0.0     0.0      0.0       0.0      0.0       0.0   0.0      0.0      0.0         0         0    0.000       0      0
 Int      0/0    0.00 KB   0.0      0.0     0.0      0.0       0.0      0.0       0.0   0.0      0.0      0.0         0         0    0.000       0      0
Uptime(secs): 40.5 total, 40.5 interval
Flush(GB): cumulative 0.000, interval 0.000
AddFile(GB): cumulative 0.000, interval 0.000
AddFile(Total Files): cumulative 0, interval 0
AddFile(L0 Files): cumulative 0, interval 0
AddFile(Keys): cumulative 0, interval 0
Cumulative compaction: 0.00 GB write, 0.00 MB/s write, 0.00 GB read, 0.00 MB/s read, 0.0 seconds
Interval compaction: 0.00 GB write, 0.00 MB/s write, 0.00 GB read, 0.00 MB/s read, 0.0 seconds
Stalls(count): 0 level0_slowdown, 0 level0_slowdown_with_compaction, 0 level0_numfiles, 0 level0_numfiles_with_compaction, 0 stop for pending_compaction_bytes, 0 slowdown for pending_compaction_bytes, 0 memtable_compaction, 0 memtable_slowdown, interval 0 total count

** File Read Latency Histogram By Level [default] **

** Compaction Stats [usertable] **
Level    Files   Size     Score Read(GB)  Rn(GB) Rnp1(GB) Write(GB) Wnew(GB) Moved(GB) W-Amp Rd(MB/s) Wr(MB/s) Comp(sec) Comp(cnt) Avg(sec) KeyIn KeyDrop
----------------------------------------------------------------------------------------------------------------------------------------------------------
  L0      2/0   495.51 MB   1.0      0.0     0.0      0.0       0.5      0.5       0.0   1.0      0.0    104.8         5         2    2.363       0      0
 Sum      2/0   495.51 MB   0.0      0.0     0.0      0.0       0.5      0.5       0.0   1.0      0.0    104.8         5         2    2.363       0      0
 Int      0/0    0.00 KB   0.0      0.0     0.0      0.0       0.5      0.5       0.0   1.0      0.0    104.8         5         2    2.363       0      0
Uptime(secs): 40.4 total, 40.4 interval
Flush(GB): cumulative 0.484, interval 0.484
AddFile(GB): cumulative 0.000, interval 0.000
AddFile(Total Files): cumulative 0, interval 0
AddFile(L0 Files): cumulative 0, interval 0
AddFile(Keys): cumulative 0, interval 0
Cumulative compaction: 0.48 GB write, 12.25 MB/s write, 0.00 GB read, 0.00 MB/s read, 4.7 seconds
Interval compaction: 0.48 GB write, 12.25 MB/s write, 0.00 GB read, 0.00 MB/s read, 4.7 seconds
Stalls(count): 0 level0_slowdown, 0 level0_slowdown_with_compaction, 0 level0_numfiles, 0 level0_numfiles_with_compaction, 0 stop for pending_compaction_bytes, 0 slowdown for pending_compaction_bytes, 0 memtable_compaction, 0 memtable_slowdown, interval 0 total count

** File Read Latency Histogram By Level [usertable] **

** Compaction Stats [default] **
Level    Files   Size     Score Read(GB)  Rn(GB) Rnp1(GB) Write(GB) Wnew(GB) Moved(GB) W-Amp Rd(MB/s) Wr(MB/s) Comp(sec) Comp(cnt) Avg(sec) KeyIn KeyDrop
----------------------------------------------------------------------------------------------------------------------------------------------------------
 Sum      0/0    0.00 KB   0.0      0.0     0.0      0.0       0.0      0.0       0.0   0.0      0.0      0.0         0         0    0.000       0      0
 Int      0/0    0.00 KB   0.0      0.0     0.0      0.0       0.0      0.0       0.0   0.0      0.0      0.0         0         0    0.000       0      0
Uptime(secs): 40.5 total, 0.0 interval
Flush(GB): cumulative 0.000, interval 0.000
AddFile(GB): cumulative 0.000, interval 0.000
AddFile(Total Files): cumulative 0, interval 0
AddFile(L0 Files): cumulative 0, interval 0
AddFile(Keys): cumulative 0, interval 0
Cumulative compaction: 0.00 GB write, 0.00 MB/s write, 0.00 GB read, 0.00 MB/s read, 0.0 seconds
Interval compaction: 0.00 GB write, 0.00 MB/s write, 0.00 GB read, 0.00 MB/s read, 0.0 seconds
Stalls(count): 0 level0_slowdown, 0 level0_slowdown_with_compaction, 0 level0_numfiles, 0 level0_numfiles_with_compaction, 0 stop for pending_compaction_bytes, 0 slowdown for pending_compaction_bytes, 0 memtable_compaction, 0 memtable_slowdown, interval 0 total count

** File Read Latency Histogram By Level [default] **

** Compaction Stats [usertable] **
Level    Files   Size     Score Read(GB)  Rn(GB) Rnp1(GB) Write(GB) Wnew(GB) Moved(GB) W-Amp Rd(MB/s) Wr(MB/s) Comp(sec) Comp(cnt) Avg(sec) KeyIn KeyDrop
----------------------------------------------------------------------------------------------------------------------------------------------------------
  L0      2/0   495.51 MB   1.0      0.0     0.0      0.0       0.5      0.5       0.0   1.0      0.0    104.8         5         2    2.363       0      0
 Sum      2/0   495.51 MB   0.0      0.0     0.0      0.0       0.5      0.5       0.0   1.0      0.0    104.8         5         2    2.363       0      0
 Int      0/0    0.00 KB   0.0      0.0     0.0      0.0       0.0      0.0       0.0   0.0      0.0      0.0         0         0    0.000       0      0
Uptime(secs): 40.4 total, 0.0 interval
Flush(GB): cumulative 0.484, interval 0.000
AddFile(GB): cumulative 0.000, interval 0.000
AddFile(Total Files): cumulative 0, interval 0
AddFile(L0 Files): cumulative 0, interval 0
AddFile(Keys): cumulative 0, interval 0
Cumulative compaction: 0.48 GB write, 12.25 MB/s write, 0.00 GB read, 0.00 MB/s read, 4.7 seconds
Interval compaction: 0.00 GB write, 0.00 MB/s write, 0.00 GB read, 0.00 MB/s read, 0.0 seconds
Stalls(count): 0 level0_slowdown, 0 level0_slowdown_with_compaction, 0 level0_numfiles, 0 level0_numfiles_with_compaction, 0 stop for pending_compaction_bytes, 0 slowdown for pending_compaction_bytes, 0 memtable_compaction, 0 memtable_slowdown, interval 0 total count

** File Read Latency Histogram By Level [usertable] **
2018/11/29-06:17:19.909577 7fb5db229700 (Original Log Time 2018/11/29-06:17:19.850938) [db/db_impl_compaction_flush.cc:1835] [usertable] Moving #11 to level-1 259789991 bytes
2018/11/29-06:17:19.909582 7fb5db229700 (Original Log Time 2018/11/29-06:17:19.909520) EVENT_LOG_v1 {"time_micros": 1543501039909506, "job": 4, "event": "trivial_move", "destination_level": 1, "files": 1, "total_files_size": 259789991}
2018/11/29-06:17:19.909584 7fb5db229700 (Original Log Time 2018/11/29-06:17:19.909536) [db/db_impl_compaction_flush.cc:1864] [usertable] Moved #1 files to level-1 259789991 bytes OK: base level 1 max bytes base 536870912 files[1 1 0 0 0 0 0] max score 0.50
2018/11/29-06:17:24.287637 7fb5e07ab700 [db/db_impl_write.cc:1373] [usertable] New memtable created with log file: #15. Immutable memtables: 0.
2018/11/29-06:17:33.249088 7fb5e07ab700 [db/db_impl_write.cc:1373] [usertable] New memtable created with log file: #16. Immutable memtables: 1.
2018/11/29-06:17:33.249258 7fb5c17fa700 [db/db_impl_compaction_flush.cc:80] [JOB 5] Syncing log #13
2018/11/29-06:17:33.756568 7fb5c17fa700 [db/db_impl_compaction_flush.cc:80] [JOB 5] Syncing log #15
2018/11/29-06:17:34.239184 7fb5c17fa700 (Original Log Time 2018/11/29-06:17:33.249234) [db/db_impl_compaction_flush.cc:1424] Calling FlushMemTableToOutputFile with column family [usertable], flush slots available 24, compaction slots available 1, flush slots scheduled 1, compaction slots scheduled 0
2018/11/29-06:17:34.239201 7fb5c17fa700 [db/flush_job.cc:301] [usertable] [JOB 5] Flushing memtable with next log file: 15
2018/11/29-06:17:34.239210 7fb5c17fa700 [db/flush_job.cc:301] [usertable] [JOB 5] Flushing memtable with next log file: 16
2018/11/29-06:17:34.239253 7fb5c17fa700 EVENT_LOG_v1 {"time_micros": 1543501054239242, "job": 5, "event": "flush_started", "num_memtables": 2, "num_entries": 62730, "num_deletes": 0, "memory_usage": 260054496, "flush_reason": "Write Buffer Full"}
2018/11/29-06:17:34.239261 7fb5c17fa700 [db/flush_job.cc:331] [usertable] [JOB 5] Level-0 flush table #17: started
2018/11/29-06:17:35.230608 7fb5c17fa700 EVENT_LOG_v1 {"time_micros": 1543501055230584, "cf_name": "usertable", "job": 5, "event": "table_file_creation", "file_number": 17, "file_size": 259789990, "table_properties": {"data_size": 258635790, "index_size": 1153273, "filter_size": 0, "raw_key_size": 1505520, "raw_average_key_size": 24, "raw_value_size": 256942080, "raw_average_value_size": 4096, "num_data_blocks": 31365, "num_entries": 62730, "filter_policy_name": "", "kDeletedKeys": "0", "kMergeOperands": "0"}}
2018/11/29-06:17:35.230630 7fb5c17fa700 [db/flush_job.cc:371] [usertable] [JOB 5] Level-0 flush table #17: 259789990 bytes OK
2018/11/29-06:17:35.299994 7fb5c17fa700 (Original Log Time 2018/11/29-06:17:35.230647) [db/memtable_list.cc:377] [usertable] Level-0 commit table #17 started
2018/11/29-06:17:35.299998 7fb5c17fa700 (Original Log Time 2018/11/29-06:17:35.299916) [db/memtable_list.cc:409] [usertable] Level-0 commit table #17: memtable #1 done
2018/11/29-06:17:35.300000 7fb5c17fa700 (Original Log Time 2018/11/29-06:17:35.299918) [db/memtable_list.cc:409] [usertable] Level-0 commit table #17: memtable #2 done
2018/11/29-06:17:35.300002 7fb5c17fa700 (Original Log Time 2018/11/29-06:17:35.299934) EVENT_LOG_v1 {"time_micros": 1543501055299926, "job": 5, "event": "flush_finished", "output_compression": "NoCompression", "lsm_state": [2, 1, 0, 0, 0, 0, 0], "immutable_memtables": 0}
2018/11/29-06:17:35.300004 7fb5c17fa700 (Original Log Time 2018/11/29-06:17:35.299969) [db/db_impl_compaction_flush.cc:177] [usertable] Level summary: base level 1 max bytes base 536870912 files[2 1 0 0 0 0 0] max score 1.00
