2019/03/23-11:21:41.150846 7fd6f89f8700 RocksDB version: 5.14.3
2019/03/23-11:21:41.150913 7fd6f89f8700 Git sha rocksdb_build_git_sha:
2019/03/23-11:21:41.150916 7fd6f89f8700 Compile date Oct  9 2018
2019/03/23-11:21:41.150925 7fd6f89f8700 DB SUMMARY
2019/03/23-11:21:41.151534 7fd6f89f8700 CURRENT file:  CURRENT
2019/03/23-11:21:41.151538 7fd6f89f8700 IDENTITY file:  IDENTITY
2019/03/23-11:21:41.151548 7fd6f89f8700 MANIFEST file:  MANIFEST-000004 size: 133404 Bytes
2019/03/23-11:21:41.151552 7fd6f89f8700 SST files in /mnt/sdf/ycsb-rocksdb-data dir, Total Num: 733, files: 000021.sst 000022.sst 000029.sst 000030.sst 000031.sst 000032.sst 000037.sst 000042.sst 000043.sst 
2019/03/23-11:21:41.151557 7fd6f89f8700 Write Ahead Log file in /mnt/sdf/ycsb-rocksdb-data: 001384.log size: 109177345 ; 001390.log size: 48237350 ; 
2019/03/23-11:21:41.151585 7fd6f89f8700                         Options.error_if_exists: 0
2019/03/23-11:21:41.151586 7fd6f89f8700                       Options.create_if_missing: 1
2019/03/23-11:21:41.151587 7fd6f89f8700                         Options.paranoid_checks: 1
2019/03/23-11:21:41.151588 7fd6f89f8700                                     Options.env: 0x7fd6d7ffb080
2019/03/23-11:21:41.151589 7fd6f89f8700                                Options.info_log: 0x7fd6dc3d1e30
2019/03/23-11:21:41.151590 7fd6f89f8700                Options.max_file_opening_threads: 16
2019/03/23-11:21:41.151591 7fd6f89f8700                              Options.statistics: (nil)
2019/03/23-11:21:41.151592 7fd6f89f8700                               Options.use_fsync: 0
2019/03/23-11:21:41.151593 7fd6f89f8700                       Options.max_log_file_size: 0
2019/03/23-11:21:41.151594 7fd6f89f8700                  Options.max_manifest_file_size: 18446744073709551615
2019/03/23-11:21:41.151595 7fd6f89f8700                   Options.log_file_time_to_roll: 0
2019/03/23-11:21:41.151596 7fd6f89f8700                       Options.keep_log_file_num: 1000
2019/03/23-11:21:41.151597 7fd6f89f8700                    Options.recycle_log_file_num: 0
2019/03/23-11:21:41.151598 7fd6f89f8700                         Options.allow_fallocate: 1
2019/03/23-11:21:41.151598 7fd6f89f8700                        Options.allow_mmap_reads: 0
2019/03/23-11:21:41.151599 7fd6f89f8700                       Options.allow_mmap_writes: 0
2019/03/23-11:21:41.151600 7fd6f89f8700                        Options.use_direct_reads: 0
2019/03/23-11:21:41.151601 7fd6f89f8700                        Options.use_direct_io_for_flush_and_compaction: 0
2019/03/23-11:21:41.151602 7fd6f89f8700          Options.create_missing_column_families: 1
2019/03/23-11:21:41.151603 7fd6f89f8700                              Options.db_log_dir: 
2019/03/23-11:21:41.151604 7fd6f89f8700                                 Options.wal_dir: /mnt/sdf/ycsb-rocksdb-data
2019/03/23-11:21:41.151605 7fd6f89f8700                Options.table_cache_numshardbits: 6
2019/03/23-11:21:41.151606 7fd6f89f8700                      Options.max_subcompactions: 4
2019/03/23-11:21:41.151607 7fd6f89f8700                  Options.max_background_flushes: 24
2019/03/23-11:21:41.151608 7fd6f89f8700                         Options.WAL_ttl_seconds: 0
2019/03/23-11:21:41.151609 7fd6f89f8700                       Options.WAL_size_limit_MB: 0
2019/03/23-11:21:41.151610 7fd6f89f8700             Options.manifest_preallocation_size: 4194304
2019/03/23-11:21:41.151611 7fd6f89f8700                     Options.is_fd_close_on_exec: 1
2019/03/23-11:21:41.151612 7fd6f89f8700                   Options.advise_random_on_open: 1
2019/03/23-11:21:41.151612 7fd6f89f8700                    Options.db_write_buffer_size: 0
2019/03/23-11:21:41.151613 7fd6f89f8700                    Options.write_buffer_manager: 0x7fd6dc3d20c0
2019/03/23-11:21:41.151614 7fd6f89f8700         Options.access_hint_on_compaction_start: 1
2019/03/23-11:21:41.151615 7fd6f89f8700  Options.new_table_reader_for_compaction_inputs: 0
2019/03/23-11:21:41.151616 7fd6f89f8700           Options.random_access_max_buffer_size: 1048576
2019/03/23-11:21:41.151617 7fd6f89f8700                      Options.use_adaptive_mutex: 0
2019/03/23-11:21:41.151618 7fd6f89f8700                            Options.rate_limiter: (nil)
2019/03/23-11:21:41.151632 7fd6f89f8700     Options.sst_file_manager.rate_bytes_per_sec: 0
2019/03/23-11:21:41.151634 7fd6f89f8700                       Options.wal_recovery_mode: 2
2019/03/23-11:21:41.151635 7fd6f89f8700                  Options.enable_thread_tracking: 0
2019/03/23-11:21:41.151636 7fd6f89f8700                  Options.enable_pipelined_write: 1
2019/03/23-11:21:41.151637 7fd6f89f8700         Options.allow_concurrent_memtable_write: 1
2019/03/23-11:21:41.151638 7fd6f89f8700      Options.enable_write_thread_adaptive_yield: 1
2019/03/23-11:21:41.151638 7fd6f89f8700             Options.write_thread_max_yield_usec: 100
2019/03/23-11:21:41.151639 7fd6f89f8700            Options.write_thread_slow_yield_usec: 3
2019/03/23-11:21:41.151640 7fd6f89f8700                               Options.row_cache: None
2019/03/23-11:21:41.151641 7fd6f89f8700                              Options.wal_filter: None
2019/03/23-11:21:41.151642 7fd6f89f8700             Options.avoid_flush_during_recovery: 0
2019/03/23-11:21:41.151643 7fd6f89f8700             Options.allow_ingest_behind: 0
2019/03/23-11:21:41.151644 7fd6f89f8700             Options.preserve_deletes: 0
2019/03/23-11:21:41.151645 7fd6f89f8700             Options.two_write_queues: 0
2019/03/23-11:21:41.151645 7fd6f89f8700             Options.manual_wal_flush: 0
2019/03/23-11:21:41.151647 7fd6f89f8700             Options.max_background_jobs: 24
2019/03/23-11:21:41.151648 7fd6f89f8700             Options.max_background_compactions: 24
2019/03/23-11:21:41.151649 7fd6f89f8700             Options.avoid_flush_during_shutdown: 0
2019/03/23-11:21:41.151650 7fd6f89f8700           Options.writable_file_max_buffer_size: 1048576
2019/03/23-11:21:41.151651 7fd6f89f8700             Options.delayed_write_rate : 16777216
2019/03/23-11:21:41.151652 7fd6f89f8700             Options.max_total_wal_size: 0
2019/03/23-11:21:41.151653 7fd6f89f8700             Options.delete_obsolete_files_period_micros: 21600000000
2019/03/23-11:21:41.151654 7fd6f89f8700                   Options.stats_dump_period_sec: 60
2019/03/23-11:21:41.151655 7fd6f89f8700                          Options.max_open_files: -1
2019/03/23-11:21:41.151656 7fd6f89f8700                          Options.bytes_per_sync: 1048576
2019/03/23-11:21:41.151656 7fd6f89f8700                      Options.wal_bytes_per_sync: 0
2019/03/23-11:21:41.151657 7fd6f89f8700       Options.compaction_readahead_size: 0
2019/03/23-11:21:41.151658 7fd6f89f8700 Compression algorithms supported:
2019/03/23-11:21:41.151660 7fd6f89f8700 	kZSTDNotFinalCompression supported: 1
2019/03/23-11:21:41.151680 7fd6f89f8700 	kZSTD supported: 1
2019/03/23-11:21:41.151682 7fd6f89f8700 	kXpressCompression supported: 0
2019/03/23-11:21:41.151684 7fd6f89f8700 	kLZ4HCCompression supported: 1
2019/03/23-11:21:41.151685 7fd6f89f8700 	kLZ4Compression supported: 1
2019/03/23-11:21:41.151686 7fd6f89f8700 	kBZip2Compression supported: 1
2019/03/23-11:21:41.151687 7fd6f89f8700 	kZlibCompression supported: 1
2019/03/23-11:21:41.151688 7fd6f89f8700 	kSnappyCompression supported: 1
2019/03/23-11:21:41.151693 7fd6f89f8700 Fast CRC32 supported: Not supported on x86
2019/03/23-11:21:41.152134 7fd6f89f8700 [db/version_set.cc:3085] Recovering from manifest file: MANIFEST-000004
2019/03/23-11:21:41.152232 7fd6f89f8700 [db/column_family.cc:475] --------------- Options for column family [default]:
2019/03/23-11:21:41.152236 7fd6f89f8700               Options.comparator: leveldb.BytewiseComparator
2019/03/23-11:21:41.152237 7fd6f89f8700           Options.merge_operator: None
2019/03/23-11:21:41.152238 7fd6f89f8700        Options.compaction_filter: None
2019/03/23-11:21:41.152239 7fd6f89f8700        Options.compaction_filter_factory: None
2019/03/23-11:21:41.152240 7fd6f89f8700         Options.memtable_factory: SkipListFactory
2019/03/23-11:21:41.152241 7fd6f89f8700            Options.table_factory: BlockBasedTable
2019/03/23-11:21:41.152268 7fd6f89f8700            table_factory options:   flush_block_policy_factory: FlushBlockBySizePolicyFactory (0x7fd6dc3cc3d0)
  cache_index_and_filter_blocks: 0
  cache_index_and_filter_blocks_with_high_priority: 0
  pin_l0_filter_and_index_blocks_in_cache: 0
  index_type: 0
  hash_index_allow_collision: 1
  checksum: 1
  no_block_cache: 0
  block_cache: 0x7fd6dc3be2b0
  block_cache_name: LRUCache
  block_cache_options:
    capacity : 8388608
    num_shard_bits : 4
    strict_capacity_limit : 0
    high_pri_pool_ratio: 0.000
  block_cache_compressed: (nil)
  persistent_cache: (nil)
  block_size: 8192
  block_size_deviation: 10
  block_restart_interval: 16
  index_block_restart_interval: 1
  metadata_block_size: 4096
  partition_filters: 0
  use_delta_encoding: 1
  filter_policy: nullptr
  whole_key_filtering: 1
  verify_compression: 0
  read_amp_bytes_per_bit: 0
  format_version: 2
  enable_index_compression: 1
  block_align: 0
2019/03/23-11:21:41.152281 7fd6f89f8700        Options.write_buffer_size: 134217728
2019/03/23-11:21:41.152283 7fd6f89f8700  Options.max_write_buffer_number: 24
2019/03/23-11:21:41.152284 7fd6f89f8700        Options.compression[0]: NoCompression
2019/03/23-11:21:41.152286 7fd6f89f8700        Options.compression[1]: NoCompression
2019/03/23-11:21:41.152287 7fd6f89f8700        Options.compression[2]: LZ4
2019/03/23-11:21:41.152288 7fd6f89f8700        Options.compression[3]: LZ4
2019/03/23-11:21:41.152289 7fd6f89f8700        Options.compression[4]: LZ4
2019/03/23-11:21:41.152290 7fd6f89f8700        Options.compression[5]: LZ4
2019/03/23-11:21:41.152291 7fd6f89f8700        Options.compression[6]: LZ4
2019/03/23-11:21:41.152292 7fd6f89f8700                  Options.bottommost_compression: Disabled
2019/03/23-11:21:41.152293 7fd6f89f8700       Options.prefix_extractor: nullptr
2019/03/23-11:21:41.152294 7fd6f89f8700   Options.memtable_insert_with_hint_prefix_extractor: nullptr
2019/03/23-11:21:41.152295 7fd6f89f8700             Options.num_levels: 7
2019/03/23-11:21:41.152295 7fd6f89f8700        Options.min_write_buffer_number_to_merge: 2
2019/03/23-11:21:41.152296 7fd6f89f8700     Options.max_write_buffer_number_to_maintain: 0
2019/03/23-11:21:41.152297 7fd6f89f8700            Options.compression_opts.window_bits: -14
2019/03/23-11:21:41.152298 7fd6f89f8700                  Options.compression_opts.level: -1
2019/03/23-11:21:41.152299 7fd6f89f8700               Options.compression_opts.strategy: 0
2019/03/23-11:21:41.152300 7fd6f89f8700         Options.compression_opts.max_dict_bytes: 0
2019/03/23-11:21:41.152301 7fd6f89f8700         Options.compression_opts.zstd_max_train_bytes: 0
2019/03/23-11:21:41.152302 7fd6f89f8700      Options.level0_file_num_compaction_trigger: 2
2019/03/23-11:21:41.152302 7fd6f89f8700          Options.level0_slowdown_writes_trigger: 20
2019/03/23-11:21:41.152303 7fd6f89f8700              Options.level0_stop_writes_trigger: 36
2019/03/23-11:21:41.152304 7fd6f89f8700                   Options.target_file_size_base: 67108864
2019/03/23-11:21:41.152305 7fd6f89f8700             Options.target_file_size_multiplier: 1
2019/03/23-11:21:41.152306 7fd6f89f8700                Options.max_bytes_for_level_base: 536870912
2019/03/23-11:21:41.152307 7fd6f89f8700 Options.level_compaction_dynamic_level_bytes: 0
2019/03/23-11:21:41.152308 7fd6f89f8700          Options.max_bytes_for_level_multiplier: 10.000000
2019/03/23-11:21:41.152311 7fd6f89f8700 Options.max_bytes_for_level_multiplier_addtl[0]: 1
2019/03/23-11:21:41.152312 7fd6f89f8700 Options.max_bytes_for_level_multiplier_addtl[1]: 1
2019/03/23-11:21:41.152313 7fd6f89f8700 Options.max_bytes_for_level_multiplier_addtl[2]: 1
2019/03/23-11:21:41.152314 7fd6f89f8700 Options.max_bytes_for_level_multiplier_addtl[3]: 1
2019/03/23-11:21:41.152315 7fd6f89f8700 Options.max_bytes_for_level_multiplier_addtl[4]: 1
2019/03/23-11:21:41.152316 7fd6f89f8700 Options.max_bytes_for_level_multiplier_addtl[5]: 1
2019/03/23-11:21:41.152316 7fd6f89f8700 Options.max_bytes_for_level_multiplier_addtl[6]: 1
2019/03/23-11:21:41.152317 7fd6f89f8700       Options.max_sequential_skip_in_iterations: 8
2019/03/23-11:21:41.152318 7fd6f89f8700                    Options.max_compaction_bytes: 1677721600
2019/03/23-11:21:41.152325 7fd6f89f8700                        Options.arena_block_size: 16777216
2019/03/23-11:21:41.152327 7fd6f89f8700   Options.soft_pending_compaction_bytes_limit: 68719476736
2019/03/23-11:21:41.152327 7fd6f89f8700   Options.hard_pending_compaction_bytes_limit: 274877906944
2019/03/23-11:21:41.152328 7fd6f89f8700       Options.rate_limit_delay_max_milliseconds: 100
2019/03/23-11:21:41.152329 7fd6f89f8700                Options.disable_auto_compactions: 0
2019/03/23-11:21:41.152331 7fd6f89f8700                        Options.compaction_style: kCompactionStyleLevel
2019/03/23-11:21:41.152333 7fd6f89f8700                          Options.compaction_pri: kByCompensatedSize
2019/03/23-11:21:41.152334 7fd6f89f8700 Options.compaction_options_universal.size_ratio: 1
2019/03/23-11:21:41.152335 7fd6f89f8700 Options.compaction_options_universal.min_merge_width: 2
2019/03/23-11:21:41.152336 7fd6f89f8700 Options.compaction_options_universal.max_merge_width: 4294967295
2019/03/23-11:21:41.152337 7fd6f89f8700 Options.compaction_options_universal.max_size_amplification_percent: 200
2019/03/23-11:21:41.152338 7fd6f89f8700 Options.compaction_options_universal.compression_size_percent: -1
2019/03/23-11:21:41.152339 7fd6f89f8700 Options.compaction_options_universal.stop_style: kCompactionStopStyleTotalSize
2019/03/23-11:21:41.152340 7fd6f89f8700 Options.compaction_options_fifo.max_table_files_size: 1073741824
2019/03/23-11:21:41.152341 7fd6f89f8700 Options.compaction_options_fifo.allow_compaction: 0
2019/03/23-11:21:41.152342 7fd6f89f8700 Options.compaction_options_fifo.ttl: 0
2019/03/23-11:21:41.152343 7fd6f89f8700                   Options.table_properties_collectors: 
2019/03/23-11:21:41.152344 7fd6f89f8700                   Options.inplace_update_support: 0
2019/03/23-11:21:41.152345 7fd6f89f8700                 Options.inplace_update_num_locks: 10000
2019/03/23-11:21:41.152345 7fd6f89f8700               Options.memtable_prefix_bloom_size_ratio: 0.000000
2019/03/23-11:21:41.152347 7fd6f89f8700   Options.memtable_huge_page_size: 0
2019/03/23-11:21:41.152348 7fd6f89f8700                           Options.bloom_locality: 0
2019/03/23-11:21:41.152349 7fd6f89f8700                    Options.max_successive_merges: 0
2019/03/23-11:21:41.152349 7fd6f89f8700                Options.optimize_filters_for_hits: 0
2019/03/23-11:21:41.152350 7fd6f89f8700                Options.paranoid_file_checks: 0
2019/03/23-11:21:41.152351 7fd6f89f8700                Options.force_consistency_checks: 0
2019/03/23-11:21:41.152352 7fd6f89f8700                Options.report_bg_io_stats: 0
2019/03/23-11:21:41.152353 7fd6f89f8700                               Options.ttl: 0
2019/03/23-11:21:41.152829 7fd6f89f8700 [db/column_family.cc:475] --------------- Options for column family [usertable]:
2019/03/23-11:21:41.152833 7fd6f89f8700               Options.comparator: leveldb.BytewiseComparator
2019/03/23-11:21:41.152834 7fd6f89f8700           Options.merge_operator: None
2019/03/23-11:21:41.152834 7fd6f89f8700        Options.compaction_filter: None
2019/03/23-11:21:41.152835 7fd6f89f8700        Options.compaction_filter_factory: None
2019/03/23-11:21:41.152836 7fd6f89f8700         Options.memtable_factory: SkipListFactory
2019/03/23-11:21:41.152837 7fd6f89f8700            Options.table_factory: BlockBasedTable
2019/03/23-11:21:41.152864 7fd6f89f8700            table_factory options:   flush_block_policy_factory: FlushBlockBySizePolicyFactory (0x7fd6dc3c8c80)
  cache_index_and_filter_blocks: 0
  cache_index_and_filter_blocks_with_high_priority: 0
  pin_l0_filter_and_index_blocks_in_cache: 0
  index_type: 0
  hash_index_allow_collision: 1
  checksum: 1
  no_block_cache: 0
  block_cache: 0x7fd6dc3cece0
  block_cache_name: LRUCache
  block_cache_options:
    capacity : 8388608
    num_shard_bits : 4
    strict_capacity_limit : 0
    high_pri_pool_ratio: 0.000
  block_cache_compressed: (nil)
  persistent_cache: (nil)
  block_size: 8192
  block_size_deviation: 10
  block_restart_interval: 16
  index_block_restart_interval: 1
  metadata_block_size: 4096
  partition_filters: 0
  use_delta_encoding: 1
  filter_policy: nullptr
  whole_key_filtering: 1
  verify_compression: 0
  read_amp_bytes_per_bit: 0
  format_version: 2
  enable_index_compression: 1
  block_align: 0
2019/03/23-11:21:41.152880 7fd6f89f8700        Options.write_buffer_size: 134217728
2019/03/23-11:21:41.152883 7fd6f89f8700  Options.max_write_buffer_number: 24
2019/03/23-11:21:41.152885 7fd6f89f8700        Options.compression[0]: NoCompression
2019/03/23-11:21:41.152888 7fd6f89f8700        Options.compression[1]: NoCompression
2019/03/23-11:21:41.152890 7fd6f89f8700        Options.compression[2]: LZ4
2019/03/23-11:21:41.152893 7fd6f89f8700        Options.compression[3]: LZ4
2019/03/23-11:21:41.152895 7fd6f89f8700        Options.compression[4]: LZ4
2019/03/23-11:21:41.152897 7fd6f89f8700        Options.compression[5]: LZ4
2019/03/23-11:21:41.152899 7fd6f89f8700        Options.compression[6]: LZ4
2019/03/23-11:21:41.152901 7fd6f89f8700                  Options.bottommost_compression: Disabled
2019/03/23-11:21:41.152903 7fd6f89f8700       Options.prefix_extractor: nullptr
2019/03/23-11:21:41.152905 7fd6f89f8700   Options.memtable_insert_with_hint_prefix_extractor: nullptr
2019/03/23-11:21:41.152906 7fd6f89f8700             Options.num_levels: 7
2019/03/23-11:21:41.152908 7fd6f89f8700        Options.min_write_buffer_number_to_merge: 2
2019/03/23-11:21:41.152910 7fd6f89f8700     Options.max_write_buffer_number_to_maintain: 0
2019/03/23-11:21:41.152912 7fd6f89f8700            Options.compression_opts.window_bits: -14
2019/03/23-11:21:41.152914 7fd6f89f8700                  Options.compression_opts.level: -1
2019/03/23-11:21:41.152916 7fd6f89f8700               Options.compression_opts.strategy: 0
2019/03/23-11:21:41.152918 7fd6f89f8700         Options.compression_opts.max_dict_bytes: 0
2019/03/23-11:21:41.152920 7fd6f89f8700         Options.compression_opts.zstd_max_train_bytes: 0
2019/03/23-11:21:41.152921 7fd6f89f8700      Options.level0_file_num_compaction_trigger: 2
2019/03/23-11:21:41.152923 7fd6f89f8700          Options.level0_slowdown_writes_trigger: 20
2019/03/23-11:21:41.152925 7fd6f89f8700              Options.level0_stop_writes_trigger: 36
2019/03/23-11:21:41.152927 7fd6f89f8700                   Options.target_file_size_base: 67108864
2019/03/23-11:21:41.152928 7fd6f89f8700             Options.target_file_size_multiplier: 1
2019/03/23-11:21:41.152929 7fd6f89f8700                Options.max_bytes_for_level_base: 536870912
2019/03/23-11:21:41.152930 7fd6f89f8700 Options.level_compaction_dynamic_level_bytes: 0
2019/03/23-11:21:41.152931 7fd6f89f8700          Options.max_bytes_for_level_multiplier: 10.000000
2019/03/23-11:21:41.152933 7fd6f89f8700 Options.max_bytes_for_level_multiplier_addtl[0]: 1
2019/03/23-11:21:41.152934 7fd6f89f8700 Options.max_bytes_for_level_multiplier_addtl[1]: 1
2019/03/23-11:21:41.152935 7fd6f89f8700 Options.max_bytes_for_level_multiplier_addtl[2]: 1
2019/03/23-11:21:41.152936 7fd6f89f8700 Options.max_bytes_for_level_multiplier_addtl[3]: 1
2019/03/23-11:21:41.152936 7fd6f89f8700 Options.max_bytes_for_level_multiplier_addtl[4]: 1
2019/03/23-11:21:41.152937 7fd6f89f8700 Options.max_bytes_for_level_multiplier_addtl[5]: 1
2019/03/23-11:21:41.152938 7fd6f89f8700 Options.max_bytes_for_level_multiplier_addtl[6]: 1
2019/03/23-11:21:41.152939 7fd6f89f8700       Options.max_sequential_skip_in_iterations: 8
2019/03/23-11:21:41.152940 7fd6f89f8700                    Options.max_compaction_bytes: 1677721600
2019/03/23-11:21:41.152941 7fd6f89f8700                        Options.arena_block_size: 16777216
2019/03/23-11:21:41.152942 7fd6f89f8700   Options.soft_pending_compaction_bytes_limit: 68719476736
2019/03/23-11:21:41.152943 7fd6f89f8700   Options.hard_pending_compaction_bytes_limit: 274877906944
2019/03/23-11:21:41.152944 7fd6f89f8700       Options.rate_limit_delay_max_milliseconds: 100
2019/03/23-11:21:41.152944 7fd6f89f8700                Options.disable_auto_compactions: 0
2019/03/23-11:21:41.152946 7fd6f89f8700                        Options.compaction_style: kCompactionStyleLevel
2019/03/23-11:21:41.152956 7fd6f89f8700                          Options.compaction_pri: kByCompensatedSize
2019/03/23-11:21:41.152957 7fd6f89f8700 Options.compaction_options_universal.size_ratio: 1
2019/03/23-11:21:41.152958 7fd6f89f8700 Options.compaction_options_universal.min_merge_width: 2
2019/03/23-11:21:41.152959 7fd6f89f8700 Options.compaction_options_universal.max_merge_width: 4294967295
2019/03/23-11:21:41.152960 7fd6f89f8700 Options.compaction_options_universal.max_size_amplification_percent: 200
2019/03/23-11:21:41.152961 7fd6f89f8700 Options.compaction_options_universal.compression_size_percent: -1
2019/03/23-11:21:41.152962 7fd6f89f8700 Options.compaction_options_universal.stop_style: kCompactionStopStyleTotalSize
2019/03/23-11:21:41.152963 7fd6f89f8700 Options.compaction_options_fifo.max_table_files_size: 1073741824
2019/03/23-11:21:41.152964 7fd6f89f8700 Options.compaction_options_fifo.allow_compaction: 0
2019/03/23-11:21:41.152965 7fd6f89f8700 Options.compaction_options_fifo.ttl: 0
2019/03/23-11:21:41.152966 7fd6f89f8700                   Options.table_properties_collectors: 
2019/03/23-11:21:41.152967 7fd6f89f8700                   Options.inplace_update_support: 0
2019/03/23-11:21:41.152967 7fd6f89f8700                 Options.inplace_update_num_locks: 10000
2019/03/23-11:21:41.152968 7fd6f89f8700               Options.memtable_prefix_bloom_size_ratio: 0.000000
2019/03/23-11:21:41.152970 7fd6f89f8700   Options.memtable_huge_page_size: 0
2019/03/23-11:21:41.152971 7fd6f89f8700                           Options.bloom_locality: 0
2019/03/23-11:21:41.152972 7fd6f89f8700                    Options.max_successive_merges: 0
2019/03/23-11:21:41.152972 7fd6f89f8700                Options.optimize_filters_for_hits: 0
2019/03/23-11:21:41.152973 7fd6f89f8700                Options.paranoid_file_checks: 0
2019/03/23-11:21:41.152974 7fd6f89f8700                Options.force_consistency_checks: 0
2019/03/23-11:21:41.152975 7fd6f89f8700                Options.report_bg_io_stats: 0
2019/03/23-11:21:41.152976 7fd6f89f8700                               Options.ttl: 0
2019/03/23-11:21:41.710018 7fd6f89f8700 [db/version_set.cc:3361] Recovered from manifest file:/mnt/sdf/ycsb-rocksdb-data/MANIFEST-000004 succeeded,manifest_file_number is 4, next_file_number is 1391, last_sequence is 10422348, log_number is 0,prev_log_number is 0,max_column_family is 1,min_log_number_to_keep is 0
2019/03/23-11:21:41.710031 7fd6f89f8700 [db/version_set.cc:3369] Column family [default] (ID 0), log number is 0
2019/03/23-11:21:41.710034 7fd6f89f8700 [db/version_set.cc:3369] Column family [usertable] (ID 1), log number is 1384
2019/03/23-11:21:41.712136 7fd6f89f8700 EVENT_LOG_v1 {"time_micros": 1553365301712116, "job": 1, "event": "recovery_started", "log_files": [1384, 1390]}
2019/03/23-11:21:41.712145 7fd6f89f8700 [db/db_impl_open.cc:551] Recovering log #1384 mode 2
2019/03/23-11:21:42.032417 7fd6f89f8700 [db/db_impl_open.cc:551] Recovering log #1390 mode 2
2019/03/23-11:21:42.616108 7fd6f89f8700 EVENT_LOG_v1 {"time_micros": 1553365302616079, "cf_name": "usertable", "job": 1, "event": "table_file_creation", "file_number": 1391, "file_size": 129902322, "table_properties": {"data_size": 129321393, "index_size": 580007, "filter_size": 0, "raw_key_size": 752760, "raw_average_key_size": 24, "raw_value_size": 128471040, "raw_average_value_size": 4096, "num_data_blocks": 15683, "num_entries": 31365, "filter_policy_name": "", "kDeletedKeys": "0", "kMergeOperands": "0"}}
2019/03/23-11:21:42.706466 7fd6f89f8700 [db/version_set.cc:2847] Creating manifest 1392
2019/03/23-11:21:42.899588 7fd6f89f8700 EVENT_LOG_v1 {"time_micros": 1553365302899560, "cf_name": "usertable", "job": 1, "event": "table_file_creation", "file_number": 1393, "file_size": 27702441, "table_properties": {"data_size": 27578761, "index_size": 122759, "filter_size": 0, "raw_key_size": 160536, "raw_average_key_size": 24, "raw_value_size": 27398144, "raw_average_value_size": 4096, "num_data_blocks": 3345, "num_entries": 6689, "filter_policy_name": "", "kDeletedKeys": "0", "kMergeOperands": "0"}}
2019/03/23-11:21:42.928777 7fd6f89f8700 EVENT_LOG_v1 {"time_micros": 1553365302928766, "job": 1, "event": "recovery_finished"}
2019/03/23-11:21:42.992765 7fd6f89f8700 [db/db_impl_open.cc:1219] DB pointer 0x7fd6dc3caeb0
2019/03/23-11:21:42.994525 7fd67a7fc700 [WARN] [db/db_impl.cc:491] ------- DUMPING STATS -------
2019/03/23-11:21:42.994600 7fd67a7fc700 [WARN] [db/db_impl.cc:492] 
** DB Stats **
Uptime(secs): 1.8 total, 1.8 interval
Cumulative writes: 0 writes, 0 keys, 0 commit groups, 0.0 writes per commit group, ingest: 0.00 GB, 0.00 MB/s
Cumulative WAL: 0 writes, 0 syncs, 0.00 writes per sync, written: 0.00 GB, 0.00 MB/s
Cumulative stall: 00:00:0.000 H:M:S, 0.0 percent
Interval writes: 0 writes, 0 keys, 0 commit groups, 0.0 writes per commit group, ingest: 0.00 MB, 0.00 MB/s
Interval WAL: 0 writes, 0 syncs, 0.00 writes per sync, written: 0.00 MB, 0.00 MB/s
Interval stall: 00:00:0.000 H:M:S, 0.0 percent

** Compaction Stats [default] **
Level    Files   Size     Score Read(GB)  Rn(GB) Rnp1(GB) Write(GB) Wnew(GB) Moved(GB) W-Amp Rd(MB/s) Wr(MB/s) Comp(sec) Comp(cnt) Avg(sec) KeyIn KeyDrop
----------------------------------------------------------------------------------------------------------------------------------------------------------
 Sum      0/0    0.00 KB   0.0      0.0     0.0      0.0       0.0      0.0       0.0   0.0      0.0      0.0         0         0    0.000       0      0
 Int      0/0    0.00 KB   0.0      0.0     0.0      0.0       0.0      0.0       0.0   0.0      0.0      0.0         0         0    0.000       0      0
Uptime(secs): 1.8 total, 1.8 interval
Flush(GB): cumulative 0.000, interval 0.000
AddFile(GB): cumulative 0.000, interval 0.000
AddFile(Total Files): cumulative 0, interval 0
AddFile(L0 Files): cumulative 0, interval 0
AddFile(Keys): cumulative 0, interval 0
Cumulative compaction: 0.00 GB write, 0.00 MB/s write, 0.00 GB read, 0.00 MB/s read, 0.0 seconds
Interval compaction: 0.00 GB write, 0.00 MB/s write, 0.00 GB read, 0.00 MB/s read, 0.0 seconds
Stalls(count): 0 level0_slowdown, 0 level0_slowdown_with_compaction, 0 level0_numfiles, 0 level0_numfiles_with_compaction, 0 stop for pending_compaction_bytes, 0 slowdown for pending_compaction_bytes, 0 memtable_compaction, 0 memtable_slowdown, interval 0 total count

** File Read Latency Histogram By Level [default] **

** Compaction Stats [usertable] **
Level    Files   Size     Score Read(GB)  Rn(GB) Rnp1(GB) Write(GB) Wnew(GB) Moved(GB) W-Amp Rd(MB/s) Wr(MB/s) Comp(sec) Comp(cnt) Avg(sec) KeyIn KeyDrop
----------------------------------------------------------------------------------------------------------------------------------------------------------
  L0      3/0   330.76 MB   1.5      0.0     0.0      0.0       0.1      0.1       0.0   1.0      0.0    229.0         1         2    0.328       0      0
  L1      9/0   471.56 MB   0.9      0.0     0.0      0.0       0.0      0.0       0.0   0.0      0.0      0.0         0         0    0.000       0      0
  L2    173/0    4.96 GB   1.0      0.0     0.0      0.0       0.0      0.0       0.0   0.0      0.0      0.0         0         0    0.000       0      0
  L3    550/0   34.44 GB   0.7      0.0     0.0      0.0       0.0      0.0       0.0   0.0      0.0      0.0         0         0    0.000       0      0
 Sum    735/0   40.18 GB   0.0      0.0     0.0      0.0       0.1      0.1       0.0   1.0      0.0    229.0         1         2    0.328       0      0
 Int      0/0    0.00 KB   0.0      0.0     0.0      0.0       0.1      0.1       0.0   1.0      0.0    229.0         1         2    0.328       0      0
Uptime(secs): 1.8 total, 1.8 interval
Flush(GB): cumulative 0.147, interval 0.147
AddFile(GB): cumulative 0.000, interval 0.000
AddFile(Total Files): cumulative 0, interval 0
AddFile(L0 Files): cumulative 0, interval 0
AddFile(Keys): cumulative 0, interval 0
Cumulative compaction: 0.15 GB write, 81.62 MB/s write, 0.00 GB read, 0.00 MB/s read, 0.7 seconds
Interval compaction: 0.15 GB write, 81.62 MB/s write, 0.00 GB read, 0.00 MB/s read, 0.7 seconds
Stalls(count): 0 level0_slowdown, 0 level0_slowdown_with_compaction, 0 level0_numfiles, 0 level0_numfiles_with_compaction, 0 stop for pending_compaction_bytes, 0 slowdown for pending_compaction_bytes, 0 memtable_compaction, 0 memtable_slowdown, interval 0 total count

** File Read Latency Histogram By Level [usertable] **

** Compaction Stats [default] **
Level    Files   Size     Score Read(GB)  Rn(GB) Rnp1(GB) Write(GB) Wnew(GB) Moved(GB) W-Amp Rd(MB/s) Wr(MB/s) Comp(sec) Comp(cnt) Avg(sec) KeyIn KeyDrop
----------------------------------------------------------------------------------------------------------------------------------------------------------
 Sum      0/0    0.00 KB   0.0      0.0     0.0      0.0       0.0      0.0       0.0   0.0      0.0      0.0         0         0    0.000       0      0
 Int      0/0    0.00 KB   0.0      0.0     0.0      0.0       0.0      0.0       0.0   0.0      0.0      0.0         0         0    0.000       0      0
Uptime(secs): 1.8 total, 0.0 interval
Flush(GB): cumulative 0.000, interval 0.000
AddFile(GB): cumulative 0.000, interval 0.000
AddFile(Total Files): cumulative 0, interval 0
AddFile(L0 Files): cumulative 0, interval 0
AddFile(Keys): cumulative 0, interval 0
Cumulative compaction: 0.00 GB write, 0.00 MB/s write, 0.00 GB read, 0.00 MB/s read, 0.0 seconds
Interval compaction: 0.00 GB write, 0.00 MB/s write, 0.00 GB read, 0.00 MB/s read, 0.0 seconds
Stalls(count): 0 level0_slowdown, 0 level0_slowdown_with_compaction, 0 level0_numfiles, 0 level0_numfiles_with_compaction, 0 stop for pending_compaction_bytes, 0 slowdown for pending_compaction_bytes, 0 memtable_compaction, 0 memtable_slowdown, interval 0 total count

** File Read Latency Histogram By Level [default] **

** Compaction Stats [usertable] **
Level    Files   Size     Score Read(GB)  Rn(GB) Rnp1(GB) Write(GB) Wnew(GB) Moved(GB) W-Amp Rd(MB/s) Wr(MB/s) Comp(sec) Comp(cnt) Avg(sec) KeyIn KeyDrop
----------------------------------------------------------------------------------------------------------------------------------------------------------
  L0      3/0   330.76 MB   1.5      0.0     0.0      0.0       0.1      0.1       0.0   1.0      0.0    229.0         1         2    0.328       0      0
  L1      9/0   471.56 MB   0.9      0.0     0.0      0.0       0.0      0.0       0.0   0.0      0.0      0.0         0         0    0.000       0      0
  L2    173/0    4.96 GB   1.0      0.0     0.0      0.0       0.0      0.0       0.0   0.0      0.0      0.0         0         0    0.000       0      0
  L3    550/0   34.44 GB   0.7      0.0     0.0      0.0       0.0      0.0       0.0   0.0      0.0      0.0         0         0    0.000       0      0
 Sum    735/0   40.18 GB   0.0      0.0     0.0      0.0       0.1      0.1       0.0   1.0      0.0    229.0         1         2    0.328       0      0
 Int      0/0    0.00 KB   0.0      0.0     0.0      0.0       0.0      0.0       0.0   0.0      0.0      0.0         0         0    0.000       0      0
Uptime(secs): 1.8 total, 0.0 interval
Flush(GB): cumulative 0.147, interval 0.000
AddFile(GB): cumulative 0.000, interval 0.000
AddFile(Total Files): cumulative 0, interval 0
AddFile(L0 Files): cumulative 0, interval 0
AddFile(Keys): cumulative 0, interval 0
Cumulative compaction: 0.15 GB write, 81.61 MB/s write, 0.00 GB read, 0.00 MB/s read, 0.7 seconds
Interval compaction: 0.00 GB write, 0.00 MB/s write, 0.00 GB read, 0.00 MB/s read, 0.0 seconds
Stalls(count): 0 level0_slowdown, 0 level0_slowdown_with_compaction, 0 level0_numfiles, 0 level0_numfiles_with_compaction, 0 stop for pending_compaction_bytes, 0 slowdown for pending_compaction_bytes, 0 memtable_compaction, 0 memtable_slowdown, interval 0 total count

** File Read Latency Histogram By Level [usertable] **
2019/03/23-11:21:43.024989 7fd67a7fc700 (Original Log Time 2019/03/23-11:21:42.994783) [db/db_impl_compaction_flush.cc:1835] [usertable] Moving #1351 to level-1 189222590 bytes
2019/03/23-11:21:43.024996 7fd67a7fc700 (Original Log Time 2019/03/23-11:21:43.024869) EVENT_LOG_v1 {"time_micros": 1553365303024852, "job": 3, "event": "trivial_move", "destination_level": 1, "files": 1, "total_files_size": 189222590}
2019/03/23-11:21:43.024999 7fd67a7fc700 (Original Log Time 2019/03/23-11:21:43.024888) [db/db_impl_compaction_flush.cc:1864] [usertable] Moved #1 files to level-1 189222590 bytes OK: base level 1 max bytes base 536870912 files[2 10 173 550 0 0 0] max score 1.27
2019/03/23-11:21:43.025139 7fd67a7fc700 [db/compaction_job.cc:1531] [usertable] [JOB 4] Compacting 1@1 files to L2, score 1.27
2019/03/23-11:21:43.025150 7fd67a7fc700 [db/compaction_job.cc:1535] [usertable] Compaction start summary: Base version 6 Base level 1, inputs: [1351(180MB)]
2019/03/23-11:21:43.025182 7fd67a7fc700 EVENT_LOG_v1 {"time_micros": 1553365303025160, "job": 4, "event": "compaction_started", "compaction_reason": "LevelMaxLevelSize", "files_L1": [1351], "score": 1.27348, "input_data_size": 189222590}
2019/03/23-11:21:43.850515 7fd67a7fc700 [db/compaction_job.cc:1211] [usertable] [JOB 4] Generated table #1397: 16279 keys, 67233551 bytes
2019/03/23-11:21:43.850576 7fd67a7fc700 EVENT_LOG_v1 {"time_micros": 1553365303850546, "cf_name": "usertable", "job": 4, "event": "table_file_creation", "file_number": 1397, "file_size": 67233551, "table_properties": {"data_size": 67120139, "index_size": 300916, "filter_size": 0, "raw_key_size": 390696, "raw_average_key_size": 24, "raw_value_size": 66678784, "raw_average_value_size": 4096, "num_data_blocks": 8140, "num_entries": 16279, "filter_policy_name": "", "kDeletedKeys": "0", "kMergeOperands": "0"}}
2019/03/23-11:21:45.354152 7fd67a7fc700 [db/compaction_job.cc:1211] [usertable] [JOB 4] Generated table #1398: 16279 keys, 67233323 bytes
2019/03/23-11:21:45.354212 7fd67a7fc700 EVENT_LOG_v1 {"time_micros": 1553365305354193, "cf_name": "usertable", "job": 4, "event": "table_file_creation", "file_number": 1398, "file_size": 67233323, "table_properties": {"data_size": 67118331, "index_size": 299108, "filter_size": 0, "raw_key_size": 390696, "raw_average_key_size": 24, "raw_value_size": 66678784, "raw_average_value_size": 4096, "num_data_blocks": 8140, "num_entries": 16279, "filter_policy_name": "", "kDeletedKeys": "0", "kMergeOperands": "0"}}
2019/03/23-11:21:46.023316 7fd67a7fc700 [db/compaction_job.cc:1211] [usertable] [JOB 4] Generated table #1399: 13130 keys, 54228140 bytes
2019/03/23-11:21:46.023379 7fd67a7fc700 EVENT_LOG_v1 {"time_micros": 1553365306023349, "cf_name": "usertable", "job": 4, "event": "table_file_creation", "file_number": 1399, "file_size": 54228140, "table_properties": {"data_size": 54136449, "index_size": 242641, "filter_size": 0, "raw_key_size": 315120, "raw_average_key_size": 24, "raw_value_size": 53780480, "raw_average_value_size": 4096, "num_data_blocks": 6565, "num_entries": 13130, "filter_policy_name": "", "kDeletedKeys": "0", "kMergeOperands": "0"}}
2019/03/23-11:21:46.023479 7fd67a7fc700 [db/compaction_job.cc:1287] [usertable] [JOB 4] Compacted 1@1 files to L2 => 188695014 bytes
2019/03/23-11:21:46.056022 7fd67a7fc700 (Original Log Time 2019/03/23-11:21:46.055833) [db/compaction_job.cc:685] [usertable] compacted to: base level 1 max bytes base 536870912 files[2 9 176 550 0 0 0] max score 1.03, MB/sec: 63.1 rd, 62.9 wr, level 2, files in(1, 0) out(3) MB in(180.5, 0.0) out(180.0), read-write-amplify(2.0) write-amplify(1.0) OK, records in: 45688, records dropped: 0 output_compression: LZ4
2019/03/23-11:21:46.056031 7fd67a7fc700 (Original Log Time 2019/03/23-11:21:46.055912) EVENT_LOG_v1 {"time_micros": 1553365306055888, "job": 4, "event": "compaction_finished", "compaction_time_micros": 2998231, "output_level": 2, "num_output_files": 3, "total_output_size": 188695014, "num_input_records": 45688, "num_output_records": 45688, "num_subcompactions": 1, "output_compression": "LZ4", "num_single_delete_mismatches": 0, "num_single_delete_fallthrough": 0, "lsm_state": [2, 9, 176, 550, 0, 0, 0]}
2019/03/23-11:21:46.088755 7fd67a7fc700 (Original Log Time 2019/03/23-11:21:46.056248) [db/db_impl_compaction_flush.cc:1835] [usertable] Moving #1397 to level-3 67233551 bytes
2019/03/23-11:21:46.088760 7fd67a7fc700 (Original Log Time 2019/03/23-11:21:46.088694) EVENT_LOG_v1 {"time_micros": 1553365306088683, "job": 5, "event": "trivial_move", "destination_level": 3, "files": 1, "total_files_size": 67233551}
2019/03/23-11:21:46.088762 7fd67a7fc700 (Original Log Time 2019/03/23-11:21:46.088709) [db/db_impl_compaction_flush.cc:1864] [usertable] Moved #1 files to level-3 67233551 bytes OK: base level 1 max bytes base 536870912 files[2 9 175 551 0 0 0] max score 1.01
2019/03/23-11:21:46.104911 7fd67a7fc700 EVENT_LOG_v1 {"time_micros": 1553365306104901, "job": 5, "event": "table_file_deletion", "file_number": 1351}
2019/03/23-11:21:46.136326 7fd6d66fe700 (Original Log Time 2019/03/23-11:21:46.105077) [db/db_impl_compaction_flush.cc:1835] [usertable] Moving #1398 to level-3 67233323 bytes
2019/03/23-11:21:46.136334 7fd6d66fe700 (Original Log Time 2019/03/23-11:21:46.136225) EVENT_LOG_v1 {"time_micros": 1553365306136211, "job": 6, "event": "trivial_move", "destination_level": 3, "files": 1, "total_files_size": 67233323}
2019/03/23-11:21:46.136337 7fd6d66fe700 (Original Log Time 2019/03/23-11:21:46.136243) [db/db_impl_compaction_flush.cc:1864] [usertable] Moved #1 files to level-3 67233323 bytes OK: base level 1 max bytes base 536870912 files[2 9 174 552 0 0 0] max score 1.00
2019/03/23-11:21:46.170507 7fd6d66fe700 (Original Log Time 2019/03/23-11:21:46.136617) [db/db_impl_compaction_flush.cc:1835] [usertable] Moving #1301 to level-3 67233322 bytes
2019/03/23-11:21:46.170514 7fd6d66fe700 (Original Log Time 2019/03/23-11:21:46.170408) EVENT_LOG_v1 {"time_micros": 1553365306170394, "job": 7, "event": "trivial_move", "destination_level": 3, "files": 1, "total_files_size": 67233322}
2019/03/23-11:21:46.170518 7fd6d66fe700 (Original Log Time 2019/03/23-11:21:46.170425) [db/db_impl_compaction_flush.cc:1864] [usertable] Moved #1 files to level-3 67233322 bytes OK: base level 1 max bytes base 536870912 files[2 9 173 553 0 0 0] max score 1.00
2019/03/23-11:21:46.203311 7fd6d66fe700 (Original Log Time 2019/03/23-11:21:46.170802) [db/db_impl_compaction_flush.cc:1835] [usertable] Moving #1391 to level-1 129902322 bytes
2019/03/23-11:21:46.203319 7fd6d66fe700 (Original Log Time 2019/03/23-11:21:46.203222) EVENT_LOG_v1 {"time_micros": 1553365306203210, "job": 8, "event": "trivial_move", "destination_level": 1, "files": 1, "total_files_size": 129902322}
2019/03/23-11:21:46.203322 7fd6d66fe700 (Original Log Time 2019/03/23-11:21:46.203240) [db/db_impl_compaction_flush.cc:1864] [usertable] Moved #1 files to level-1 129902322 bytes OK: base level 1 max bytes base 536870912 files[1 10 173 553 0 0 0] max score 1.16
2019/03/23-11:21:46.203588 7fd6d4efb700 [db/compaction_job.cc:1531] [usertable] [JOB 9] Compacting 1@1 files to L2, score 1.16
2019/03/23-11:21:46.203601 7fd6d4efb700 [db/compaction_job.cc:1535] [usertable] Compaction start summary: Base version 11 Base level 1, inputs: [1391(123MB)]
