2019/03/22-19:10:50.497084 7f2f9a1f6700 RocksDB version: 5.14.3
2019/03/22-19:10:50.497130 7f2f9a1f6700 Git sha rocksdb_build_git_sha:
2019/03/22-19:10:50.497133 7f2f9a1f6700 Compile date Oct  9 2018
2019/03/22-19:10:50.497141 7f2f9a1f6700 DB SUMMARY
2019/03/22-19:10:50.497860 7f2f9a1f6700 CURRENT file:  CURRENT
2019/03/22-19:10:50.497864 7f2f9a1f6700 IDENTITY file:  IDENTITY
2019/03/22-19:10:50.497880 7f2f9a1f6700 MANIFEST file:  MANIFEST-000004 size: 132159 Bytes
2019/03/22-19:10:50.497884 7f2f9a1f6700 SST files in /mnt/sdc/ycsb-rocksdb-data dir, Total Num: 729, files: 000021.sst 000022.sst 000023.sst 000024.sst 000028.sst 000029.sst 000030.sst 000031.sst 000035.sst 
2019/03/22-19:10:50.497889 7f2f9a1f6700 Write Ahead Log file in /mnt/sdc/ycsb-rocksdb-data: 001358.log size: 89585565 ; 
2019/03/22-19:10:50.497916 7f2f9a1f6700                         Options.error_if_exists: 0
2019/03/22-19:10:50.497917 7f2f9a1f6700                       Options.create_if_missing: 1
2019/03/22-19:10:50.497918 7f2f9a1f6700                         Options.paranoid_checks: 1
2019/03/22-19:10:50.497919 7f2f9a1f6700                                     Options.env: 0x7f2f99871080
2019/03/22-19:10:50.497920 7f2f9a1f6700                                Options.info_log: 0x7f2ec8399ef0
2019/03/22-19:10:50.497920 7f2f9a1f6700                Options.max_file_opening_threads: 16
2019/03/22-19:10:50.497921 7f2f9a1f6700                              Options.statistics: (nil)
2019/03/22-19:10:50.497923 7f2f9a1f6700                               Options.use_fsync: 0
2019/03/22-19:10:50.497923 7f2f9a1f6700                       Options.max_log_file_size: 0
2019/03/22-19:10:50.497924 7f2f9a1f6700                  Options.max_manifest_file_size: 18446744073709551615
2019/03/22-19:10:50.497925 7f2f9a1f6700                   Options.log_file_time_to_roll: 0
2019/03/22-19:10:50.497926 7f2f9a1f6700                       Options.keep_log_file_num: 1000
2019/03/22-19:10:50.497927 7f2f9a1f6700                    Options.recycle_log_file_num: 0
2019/03/22-19:10:50.497928 7f2f9a1f6700                         Options.allow_fallocate: 1
2019/03/22-19:10:50.497929 7f2f9a1f6700                        Options.allow_mmap_reads: 0
2019/03/22-19:10:50.497930 7f2f9a1f6700                       Options.allow_mmap_writes: 0
2019/03/22-19:10:50.497930 7f2f9a1f6700                        Options.use_direct_reads: 0
2019/03/22-19:10:50.497931 7f2f9a1f6700                        Options.use_direct_io_for_flush_and_compaction: 0
2019/03/22-19:10:50.497932 7f2f9a1f6700          Options.create_missing_column_families: 1
2019/03/22-19:10:50.497933 7f2f9a1f6700                              Options.db_log_dir: 
2019/03/22-19:10:50.497934 7f2f9a1f6700                                 Options.wal_dir: /mnt/sdc/ycsb-rocksdb-data
2019/03/22-19:10:50.497935 7f2f9a1f6700                Options.table_cache_numshardbits: 6
2019/03/22-19:10:50.497936 7f2f9a1f6700                      Options.max_subcompactions: 4
2019/03/22-19:10:50.497937 7f2f9a1f6700                  Options.max_background_flushes: 24
2019/03/22-19:10:50.497938 7f2f9a1f6700                         Options.WAL_ttl_seconds: 0
2019/03/22-19:10:50.497939 7f2f9a1f6700                       Options.WAL_size_limit_MB: 0
2019/03/22-19:10:50.497939 7f2f9a1f6700             Options.manifest_preallocation_size: 4194304
2019/03/22-19:10:50.497940 7f2f9a1f6700                     Options.is_fd_close_on_exec: 1
2019/03/22-19:10:50.497941 7f2f9a1f6700                   Options.advise_random_on_open: 1
2019/03/22-19:10:50.497942 7f2f9a1f6700                    Options.db_write_buffer_size: 0
2019/03/22-19:10:50.497943 7f2f9a1f6700                    Options.write_buffer_manager: 0x7f2ec839a180
2019/03/22-19:10:50.497944 7f2f9a1f6700         Options.access_hint_on_compaction_start: 1
2019/03/22-19:10:50.497945 7f2f9a1f6700  Options.new_table_reader_for_compaction_inputs: 0
2019/03/22-19:10:50.497946 7f2f9a1f6700           Options.random_access_max_buffer_size: 1048576
2019/03/22-19:10:50.497946 7f2f9a1f6700                      Options.use_adaptive_mutex: 0
2019/03/22-19:10:50.497947 7f2f9a1f6700                            Options.rate_limiter: (nil)
2019/03/22-19:10:50.497966 7f2f9a1f6700     Options.sst_file_manager.rate_bytes_per_sec: 0
2019/03/22-19:10:50.497968 7f2f9a1f6700                       Options.wal_recovery_mode: 2
2019/03/22-19:10:50.497969 7f2f9a1f6700                  Options.enable_thread_tracking: 0
2019/03/22-19:10:50.497969 7f2f9a1f6700                  Options.enable_pipelined_write: 1
2019/03/22-19:10:50.497970 7f2f9a1f6700         Options.allow_concurrent_memtable_write: 1
2019/03/22-19:10:50.497971 7f2f9a1f6700      Options.enable_write_thread_adaptive_yield: 1
2019/03/22-19:10:50.497972 7f2f9a1f6700             Options.write_thread_max_yield_usec: 100
2019/03/22-19:10:50.497973 7f2f9a1f6700            Options.write_thread_slow_yield_usec: 3
2019/03/22-19:10:50.497974 7f2f9a1f6700                               Options.row_cache: None
2019/03/22-19:10:50.497974 7f2f9a1f6700                              Options.wal_filter: None
2019/03/22-19:10:50.497975 7f2f9a1f6700             Options.avoid_flush_during_recovery: 0
2019/03/22-19:10:50.497976 7f2f9a1f6700             Options.allow_ingest_behind: 0
2019/03/22-19:10:50.497977 7f2f9a1f6700             Options.preserve_deletes: 0
2019/03/22-19:10:50.497978 7f2f9a1f6700             Options.two_write_queues: 0
2019/03/22-19:10:50.497979 7f2f9a1f6700             Options.manual_wal_flush: 0
2019/03/22-19:10:50.497981 7f2f9a1f6700             Options.max_background_jobs: 24
2019/03/22-19:10:50.497981 7f2f9a1f6700             Options.max_background_compactions: 24
2019/03/22-19:10:50.497982 7f2f9a1f6700             Options.avoid_flush_during_shutdown: 0
2019/03/22-19:10:50.497983 7f2f9a1f6700           Options.writable_file_max_buffer_size: 1048576
2019/03/22-19:10:50.497984 7f2f9a1f6700             Options.delayed_write_rate : 16777216
2019/03/22-19:10:50.497985 7f2f9a1f6700             Options.max_total_wal_size: 0
2019/03/22-19:10:50.497986 7f2f9a1f6700             Options.delete_obsolete_files_period_micros: 21600000000
2019/03/22-19:10:50.497987 7f2f9a1f6700                   Options.stats_dump_period_sec: 60
2019/03/22-19:10:50.497988 7f2f9a1f6700                          Options.max_open_files: -1
2019/03/22-19:10:50.497989 7f2f9a1f6700                          Options.bytes_per_sync: 1048576
2019/03/22-19:10:50.497990 7f2f9a1f6700                      Options.wal_bytes_per_sync: 0
2019/03/22-19:10:50.497991 7f2f9a1f6700       Options.compaction_readahead_size: 0
2019/03/22-19:10:50.497992 7f2f9a1f6700 Compression algorithms supported:
2019/03/22-19:10:50.497993 7f2f9a1f6700 	kZSTDNotFinalCompression supported: 1
2019/03/22-19:10:50.498000 7f2f9a1f6700 	kZSTD supported: 1
2019/03/22-19:10:50.498002 7f2f9a1f6700 	kXpressCompression supported: 0
2019/03/22-19:10:50.498003 7f2f9a1f6700 	kLZ4HCCompression supported: 1
2019/03/22-19:10:50.498004 7f2f9a1f6700 	kLZ4Compression supported: 1
2019/03/22-19:10:50.498005 7f2f9a1f6700 	kBZip2Compression supported: 1
2019/03/22-19:10:50.498006 7f2f9a1f6700 	kZlibCompression supported: 1
2019/03/22-19:10:50.498007 7f2f9a1f6700 	kSnappyCompression supported: 1
2019/03/22-19:10:50.498010 7f2f9a1f6700 Fast CRC32 supported: Not supported on x86
2019/03/22-19:10:50.498390 7f2f9a1f6700 [db/version_set.cc:3085] Recovering from manifest file: MANIFEST-000004
2019/03/22-19:10:50.498507 7f2f9a1f6700 [db/column_family.cc:475] --------------- Options for column family [default]:
2019/03/22-19:10:50.498511 7f2f9a1f6700               Options.comparator: leveldb.BytewiseComparator
2019/03/22-19:10:50.498512 7f2f9a1f6700           Options.merge_operator: None
2019/03/22-19:10:50.498513 7f2f9a1f6700        Options.compaction_filter: None
2019/03/22-19:10:50.498514 7f2f9a1f6700        Options.compaction_filter_factory: None
2019/03/22-19:10:50.498515 7f2f9a1f6700         Options.memtable_factory: SkipListFactory
2019/03/22-19:10:50.498516 7f2f9a1f6700            Options.table_factory: BlockBasedTable
2019/03/22-19:10:50.498544 7f2f9a1f6700            table_factory options:   flush_block_policy_factory: FlushBlockBySizePolicyFactory (0x7f2ec8394490)
  cache_index_and_filter_blocks: 0
  cache_index_and_filter_blocks_with_high_priority: 0
  pin_l0_filter_and_index_blocks_in_cache: 0
  index_type: 0
  hash_index_allow_collision: 1
  checksum: 1
  no_block_cache: 0
  block_cache: 0x7f2ec8386370
  block_cache_name: LRUCache
  block_cache_options:
    capacity : 8388608
    num_shard_bits : 4
    strict_capacity_limit : 0
    high_pri_pool_ratio: 0.000
  block_cache_compressed: (nil)
  persistent_cache: (nil)
  block_size: 8192
  block_size_deviation: 10
  block_restart_interval: 16
  index_block_restart_interval: 1
  metadata_block_size: 4096
  partition_filters: 0
  use_delta_encoding: 1
  filter_policy: nullptr
  whole_key_filtering: 1
  verify_compression: 0
  read_amp_bytes_per_bit: 0
  format_version: 2
  enable_index_compression: 1
  block_align: 0
2019/03/22-19:10:50.498559 7f2f9a1f6700        Options.write_buffer_size: 134217728
2019/03/22-19:10:50.498561 7f2f9a1f6700  Options.max_write_buffer_number: 24
2019/03/22-19:10:50.498562 7f2f9a1f6700        Options.compression[0]: NoCompression
2019/03/22-19:10:50.498564 7f2f9a1f6700        Options.compression[1]: NoCompression
2019/03/22-19:10:50.498565 7f2f9a1f6700        Options.compression[2]: LZ4
2019/03/22-19:10:50.498566 7f2f9a1f6700        Options.compression[3]: LZ4
2019/03/22-19:10:50.498567 7f2f9a1f6700        Options.compression[4]: LZ4
2019/03/22-19:10:50.498568 7f2f9a1f6700        Options.compression[5]: LZ4
2019/03/22-19:10:50.498569 7f2f9a1f6700        Options.compression[6]: LZ4
2019/03/22-19:10:50.498569 7f2f9a1f6700                  Options.bottommost_compression: Disabled
2019/03/22-19:10:50.498571 7f2f9a1f6700       Options.prefix_extractor: nullptr
2019/03/22-19:10:50.498571 7f2f9a1f6700   Options.memtable_insert_with_hint_prefix_extractor: nullptr
2019/03/22-19:10:50.498572 7f2f9a1f6700             Options.num_levels: 7
2019/03/22-19:10:50.498573 7f2f9a1f6700        Options.min_write_buffer_number_to_merge: 2
2019/03/22-19:10:50.498574 7f2f9a1f6700     Options.max_write_buffer_number_to_maintain: 0
2019/03/22-19:10:50.498575 7f2f9a1f6700            Options.compression_opts.window_bits: -14
2019/03/22-19:10:50.498576 7f2f9a1f6700                  Options.compression_opts.level: -1
2019/03/22-19:10:50.498577 7f2f9a1f6700               Options.compression_opts.strategy: 0
2019/03/22-19:10:50.498578 7f2f9a1f6700         Options.compression_opts.max_dict_bytes: 0
2019/03/22-19:10:50.498579 7f2f9a1f6700         Options.compression_opts.zstd_max_train_bytes: 0
2019/03/22-19:10:50.498579 7f2f9a1f6700      Options.level0_file_num_compaction_trigger: 2
2019/03/22-19:10:50.498580 7f2f9a1f6700          Options.level0_slowdown_writes_trigger: 20
2019/03/22-19:10:50.498581 7f2f9a1f6700              Options.level0_stop_writes_trigger: 36
2019/03/22-19:10:50.498582 7f2f9a1f6700                   Options.target_file_size_base: 67108864
2019/03/22-19:10:50.498583 7f2f9a1f6700             Options.target_file_size_multiplier: 1
2019/03/22-19:10:50.498584 7f2f9a1f6700                Options.max_bytes_for_level_base: 536870912
2019/03/22-19:10:50.498585 7f2f9a1f6700 Options.level_compaction_dynamic_level_bytes: 0
2019/03/22-19:10:50.498586 7f2f9a1f6700          Options.max_bytes_for_level_multiplier: 10.000000
2019/03/22-19:10:50.498589 7f2f9a1f6700 Options.max_bytes_for_level_multiplier_addtl[0]: 1
2019/03/22-19:10:50.498590 7f2f9a1f6700 Options.max_bytes_for_level_multiplier_addtl[1]: 1
2019/03/22-19:10:50.498591 7f2f9a1f6700 Options.max_bytes_for_level_multiplier_addtl[2]: 1
2019/03/22-19:10:50.498592 7f2f9a1f6700 Options.max_bytes_for_level_multiplier_addtl[3]: 1
2019/03/22-19:10:50.498593 7f2f9a1f6700 Options.max_bytes_for_level_multiplier_addtl[4]: 1
2019/03/22-19:10:50.498594 7f2f9a1f6700 Options.max_bytes_for_level_multiplier_addtl[5]: 1
2019/03/22-19:10:50.498595 7f2f9a1f6700 Options.max_bytes_for_level_multiplier_addtl[6]: 1
2019/03/22-19:10:50.498596 7f2f9a1f6700       Options.max_sequential_skip_in_iterations: 8
2019/03/22-19:10:50.498596 7f2f9a1f6700                    Options.max_compaction_bytes: 1677721600
2019/03/22-19:10:50.498604 7f2f9a1f6700                        Options.arena_block_size: 16777216
2019/03/22-19:10:50.498605 7f2f9a1f6700   Options.soft_pending_compaction_bytes_limit: 68719476736
2019/03/22-19:10:50.498606 7f2f9a1f6700   Options.hard_pending_compaction_bytes_limit: 274877906944
2019/03/22-19:10:50.498607 7f2f9a1f6700       Options.rate_limit_delay_max_milliseconds: 100
2019/03/22-19:10:50.498608 7f2f9a1f6700                Options.disable_auto_compactions: 0
2019/03/22-19:10:50.498609 7f2f9a1f6700                        Options.compaction_style: kCompactionStyleLevel
2019/03/22-19:10:50.498610 7f2f9a1f6700                          Options.compaction_pri: kByCompensatedSize
2019/03/22-19:10:50.498611 7f2f9a1f6700 Options.compaction_options_universal.size_ratio: 1
2019/03/22-19:10:50.498612 7f2f9a1f6700 Options.compaction_options_universal.min_merge_width: 2
2019/03/22-19:10:50.498613 7f2f9a1f6700 Options.compaction_options_universal.max_merge_width: 4294967295
2019/03/22-19:10:50.498614 7f2f9a1f6700 Options.compaction_options_universal.max_size_amplification_percent: 200
2019/03/22-19:10:50.498615 7f2f9a1f6700 Options.compaction_options_universal.compression_size_percent: -1
2019/03/22-19:10:50.498616 7f2f9a1f6700 Options.compaction_options_universal.stop_style: kCompactionStopStyleTotalSize
2019/03/22-19:10:50.498617 7f2f9a1f6700 Options.compaction_options_fifo.max_table_files_size: 1073741824
2019/03/22-19:10:50.498618 7f2f9a1f6700 Options.compaction_options_fifo.allow_compaction: 0
2019/03/22-19:10:50.498619 7f2f9a1f6700 Options.compaction_options_fifo.ttl: 0
2019/03/22-19:10:50.498620 7f2f9a1f6700                   Options.table_properties_collectors: 
2019/03/22-19:10:50.498621 7f2f9a1f6700                   Options.inplace_update_support: 0
2019/03/22-19:10:50.498622 7f2f9a1f6700                 Options.inplace_update_num_locks: 10000
2019/03/22-19:10:50.498622 7f2f9a1f6700               Options.memtable_prefix_bloom_size_ratio: 0.000000
2019/03/22-19:10:50.498624 7f2f9a1f6700   Options.memtable_huge_page_size: 0
2019/03/22-19:10:50.498625 7f2f9a1f6700                           Options.bloom_locality: 0
2019/03/22-19:10:50.498626 7f2f9a1f6700                    Options.max_successive_merges: 0
2019/03/22-19:10:50.498627 7f2f9a1f6700                Options.optimize_filters_for_hits: 0
2019/03/22-19:10:50.498627 7f2f9a1f6700                Options.paranoid_file_checks: 0
2019/03/22-19:10:50.498628 7f2f9a1f6700                Options.force_consistency_checks: 0
2019/03/22-19:10:50.498629 7f2f9a1f6700                Options.report_bg_io_stats: 0
2019/03/22-19:10:50.498630 7f2f9a1f6700                               Options.ttl: 0
2019/03/22-19:10:50.499130 7f2f9a1f6700 [db/column_family.cc:475] --------------- Options for column family [usertable]:
2019/03/22-19:10:50.499134 7f2f9a1f6700               Options.comparator: leveldb.BytewiseComparator
2019/03/22-19:10:50.499135 7f2f9a1f6700           Options.merge_operator: None
2019/03/22-19:10:50.499136 7f2f9a1f6700        Options.compaction_filter: None
2019/03/22-19:10:50.499137 7f2f9a1f6700        Options.compaction_filter_factory: None
2019/03/22-19:10:50.499138 7f2f9a1f6700         Options.memtable_factory: SkipListFactory
2019/03/22-19:10:50.499139 7f2f9a1f6700            Options.table_factory: BlockBasedTable
2019/03/22-19:10:50.499169 7f2f9a1f6700            table_factory options:   flush_block_policy_factory: FlushBlockBySizePolicyFactory (0x7f2ec8390d40)
  cache_index_and_filter_blocks: 0
  cache_index_and_filter_blocks_with_high_priority: 0
  pin_l0_filter_and_index_blocks_in_cache: 0
  index_type: 0
  hash_index_allow_collision: 1
  checksum: 1
  no_block_cache: 0
  block_cache: 0x7f2ec8396da0
  block_cache_name: LRUCache
  block_cache_options:
    capacity : 8388608
    num_shard_bits : 4
    strict_capacity_limit : 0
    high_pri_pool_ratio: 0.000
  block_cache_compressed: (nil)
  persistent_cache: (nil)
  block_size: 8192
  block_size_deviation: 10
  block_restart_interval: 16
  index_block_restart_interval: 1
  metadata_block_size: 4096
  partition_filters: 0
  use_delta_encoding: 1
  filter_policy: nullptr
  whole_key_filtering: 1
  verify_compression: 0
  read_amp_bytes_per_bit: 0
  format_version: 2
  enable_index_compression: 1
  block_align: 0
2019/03/22-19:10:50.499180 7f2f9a1f6700        Options.write_buffer_size: 134217728
2019/03/22-19:10:50.499182 7f2f9a1f6700  Options.max_write_buffer_number: 24
2019/03/22-19:10:50.499183 7f2f9a1f6700        Options.compression[0]: NoCompression
2019/03/22-19:10:50.499185 7f2f9a1f6700        Options.compression[1]: NoCompression
2019/03/22-19:10:50.499186 7f2f9a1f6700        Options.compression[2]: LZ4
2019/03/22-19:10:50.499187 7f2f9a1f6700        Options.compression[3]: LZ4
2019/03/22-19:10:50.499188 7f2f9a1f6700        Options.compression[4]: LZ4
2019/03/22-19:10:50.499188 7f2f9a1f6700        Options.compression[5]: LZ4
2019/03/22-19:10:50.499189 7f2f9a1f6700        Options.compression[6]: LZ4
2019/03/22-19:10:50.499190 7f2f9a1f6700                  Options.bottommost_compression: Disabled
2019/03/22-19:10:50.499191 7f2f9a1f6700       Options.prefix_extractor: nullptr
2019/03/22-19:10:50.499192 7f2f9a1f6700   Options.memtable_insert_with_hint_prefix_extractor: nullptr
2019/03/22-19:10:50.499193 7f2f9a1f6700             Options.num_levels: 7
2019/03/22-19:10:50.499194 7f2f9a1f6700        Options.min_write_buffer_number_to_merge: 2
2019/03/22-19:10:50.499195 7f2f9a1f6700     Options.max_write_buffer_number_to_maintain: 0
2019/03/22-19:10:50.499196 7f2f9a1f6700            Options.compression_opts.window_bits: -14
2019/03/22-19:10:50.499197 7f2f9a1f6700                  Options.compression_opts.level: -1
2019/03/22-19:10:50.499197 7f2f9a1f6700               Options.compression_opts.strategy: 0
2019/03/22-19:10:50.499198 7f2f9a1f6700         Options.compression_opts.max_dict_bytes: 0
2019/03/22-19:10:50.499199 7f2f9a1f6700         Options.compression_opts.zstd_max_train_bytes: 0
2019/03/22-19:10:50.499200 7f2f9a1f6700      Options.level0_file_num_compaction_trigger: 2
2019/03/22-19:10:50.499201 7f2f9a1f6700          Options.level0_slowdown_writes_trigger: 20
2019/03/22-19:10:50.499202 7f2f9a1f6700              Options.level0_stop_writes_trigger: 36
2019/03/22-19:10:50.499202 7f2f9a1f6700                   Options.target_file_size_base: 67108864
2019/03/22-19:10:50.499203 7f2f9a1f6700             Options.target_file_size_multiplier: 1
2019/03/22-19:10:50.499204 7f2f9a1f6700                Options.max_bytes_for_level_base: 536870912
2019/03/22-19:10:50.499205 7f2f9a1f6700 Options.level_compaction_dynamic_level_bytes: 0
2019/03/22-19:10:50.499206 7f2f9a1f6700          Options.max_bytes_for_level_multiplier: 10.000000
2019/03/22-19:10:50.499208 7f2f9a1f6700 Options.max_bytes_for_level_multiplier_addtl[0]: 1
2019/03/22-19:10:50.499209 7f2f9a1f6700 Options.max_bytes_for_level_multiplier_addtl[1]: 1
2019/03/22-19:10:50.499210 7f2f9a1f6700 Options.max_bytes_for_level_multiplier_addtl[2]: 1
2019/03/22-19:10:50.499211 7f2f9a1f6700 Options.max_bytes_for_level_multiplier_addtl[3]: 1
2019/03/22-19:10:50.499212 7f2f9a1f6700 Options.max_bytes_for_level_multiplier_addtl[4]: 1
2019/03/22-19:10:50.499213 7f2f9a1f6700 Options.max_bytes_for_level_multiplier_addtl[5]: 1
2019/03/22-19:10:50.499213 7f2f9a1f6700 Options.max_bytes_for_level_multiplier_addtl[6]: 1
2019/03/22-19:10:50.499214 7f2f9a1f6700       Options.max_sequential_skip_in_iterations: 8
2019/03/22-19:10:50.499215 7f2f9a1f6700                    Options.max_compaction_bytes: 1677721600
2019/03/22-19:10:50.499216 7f2f9a1f6700                        Options.arena_block_size: 16777216
2019/03/22-19:10:50.499217 7f2f9a1f6700   Options.soft_pending_compaction_bytes_limit: 68719476736
2019/03/22-19:10:50.499218 7f2f9a1f6700   Options.hard_pending_compaction_bytes_limit: 274877906944
2019/03/22-19:10:50.499219 7f2f9a1f6700       Options.rate_limit_delay_max_milliseconds: 100
2019/03/22-19:10:50.499220 7f2f9a1f6700                Options.disable_auto_compactions: 0
2019/03/22-19:10:50.499221 7f2f9a1f6700                        Options.compaction_style: kCompactionStyleLevel
2019/03/22-19:10:50.499229 7f2f9a1f6700                          Options.compaction_pri: kByCompensatedSize
2019/03/22-19:10:50.499230 7f2f9a1f6700 Options.compaction_options_universal.size_ratio: 1
2019/03/22-19:10:50.499231 7f2f9a1f6700 Options.compaction_options_universal.min_merge_width: 2
2019/03/22-19:10:50.499232 7f2f9a1f6700 Options.compaction_options_universal.max_merge_width: 4294967295
2019/03/22-19:10:50.499233 7f2f9a1f6700 Options.compaction_options_universal.max_size_amplification_percent: 200
2019/03/22-19:10:50.499234 7f2f9a1f6700 Options.compaction_options_universal.compression_size_percent: -1
2019/03/22-19:10:50.499235 7f2f9a1f6700 Options.compaction_options_universal.stop_style: kCompactionStopStyleTotalSize
2019/03/22-19:10:50.499235 7f2f9a1f6700 Options.compaction_options_fifo.max_table_files_size: 1073741824
2019/03/22-19:10:50.499236 7f2f9a1f6700 Options.compaction_options_fifo.allow_compaction: 0
2019/03/22-19:10:50.499237 7f2f9a1f6700 Options.compaction_options_fifo.ttl: 0
2019/03/22-19:10:50.499238 7f2f9a1f6700                   Options.table_properties_collectors: 
2019/03/22-19:10:50.499239 7f2f9a1f6700                   Options.inplace_update_support: 0
2019/03/22-19:10:50.499240 7f2f9a1f6700                 Options.inplace_update_num_locks: 10000
2019/03/22-19:10:50.499241 7f2f9a1f6700               Options.memtable_prefix_bloom_size_ratio: 0.000000
2019/03/22-19:10:50.499242 7f2f9a1f6700   Options.memtable_huge_page_size: 0
2019/03/22-19:10:50.499243 7f2f9a1f6700                           Options.bloom_locality: 0
2019/03/22-19:10:50.499244 7f2f9a1f6700                    Options.max_successive_merges: 0
2019/03/22-19:10:50.499245 7f2f9a1f6700                Options.optimize_filters_for_hits: 0
2019/03/22-19:10:50.499246 7f2f9a1f6700                Options.paranoid_file_checks: 0
2019/03/22-19:10:50.499247 7f2f9a1f6700                Options.force_consistency_checks: 0
2019/03/22-19:10:50.499247 7f2f9a1f6700                Options.report_bg_io_stats: 0
2019/03/22-19:10:50.499248 7f2f9a1f6700                               Options.ttl: 0
2019/03/22-19:10:51.079585 7f2f9a1f6700 [db/version_set.cc:3361] Recovered from manifest file:/mnt/sdc/ycsb-rocksdb-data/MANIFEST-000004 succeeded,manifest_file_number is 4, next_file_number is 1365, last_sequence is 10441044, log_number is 0,prev_log_number is 0,max_column_family is 1,min_log_number_to_keep is 0
2019/03/22-19:10:51.079600 7f2f9a1f6700 [db/version_set.cc:3369] Column family [default] (ID 0), log number is 0
2019/03/22-19:10:51.079602 7f2f9a1f6700 [db/version_set.cc:3369] Column family [usertable] (ID 1), log number is 1358
2019/03/22-19:10:51.081696 7f2f9a1f6700 EVENT_LOG_v1 {"time_micros": 1553307051081678, "job": 1, "event": "recovery_started", "log_files": [1358]}
2019/03/22-19:10:51.081704 7f2f9a1f6700 [db/db_impl_open.cc:551] Recovering log #1358 mode 2
2019/03/22-19:10:51.378219 7f2f9a1f6700 [db/version_set.cc:2847] Creating manifest 1365
2019/03/22-19:10:51.818870 7f2f9a1f6700 EVENT_LOG_v1 {"time_micros": 1553307051818842, "cf_name": "usertable", "job": 1, "event": "table_file_creation", "file_number": 1366, "file_size": 89699669, "table_properties": {"data_size": 89298338, "index_size": 400409, "filter_size": 0, "raw_key_size": 519792, "raw_average_key_size": 24, "raw_value_size": 88711168, "raw_average_value_size": 4096, "num_data_blocks": 10829, "num_entries": 21658, "filter_policy_name": "", "kDeletedKeys": "0", "kMergeOperands": "0"}}
2019/03/22-19:10:51.854879 7f2f9a1f6700 EVENT_LOG_v1 {"time_micros": 1553307051854870, "job": 1, "event": "recovery_finished"}
2019/03/22-19:10:51.911677 7f2f9a1f6700 [db/db_impl_open.cc:1219] DB pointer 0x7f2ec8392f70
2019/03/22-19:10:51.911958 7f2f73fff700 [WARN] [db/db_impl.cc:491] ------- DUMPING STATS -------
2019/03/22-19:10:51.912006 7f2f73fff700 [WARN] [db/db_impl.cc:492] 
** DB Stats **
Uptime(secs): 1.4 total, 1.4 interval
Cumulative writes: 0 writes, 0 keys, 0 commit groups, 0.0 writes per commit group, ingest: 0.00 GB, 0.00 MB/s
Cumulative WAL: 0 writes, 0 syncs, 0.00 writes per sync, written: 0.00 GB, 0.00 MB/s
Cumulative stall: 00:00:0.000 H:M:S, 0.0 percent
Interval writes: 0 writes, 0 keys, 0 commit groups, 0.0 writes per commit group, ingest: 0.00 MB, 0.00 MB/s
Interval WAL: 0 writes, 0 syncs, 0.00 writes per sync, written: 0.00 MB, 0.00 MB/s
Interval stall: 00:00:0.000 H:M:S, 0.0 percent

** Compaction Stats [default] **
Level    Files   Size     Score Read(GB)  Rn(GB) Rnp1(GB) Write(GB) Wnew(GB) Moved(GB) W-Amp Rd(MB/s) Wr(MB/s) Comp(sec) Comp(cnt) Avg(sec) KeyIn KeyDrop
----------------------------------------------------------------------------------------------------------------------------------------------------------
 Sum      0/0    0.00 KB   0.0      0.0     0.0      0.0       0.0      0.0       0.0   0.0      0.0      0.0         0         0    0.000       0      0
 Int      0/0    0.00 KB   0.0      0.0     0.0      0.0       0.0      0.0       0.0   0.0      0.0      0.0         0         0    0.000       0      0
Uptime(secs): 1.4 total, 1.4 interval
Flush(GB): cumulative 0.000, interval 0.000
AddFile(GB): cumulative 0.000, interval 0.000
AddFile(Total Files): cumulative 0, interval 0
AddFile(L0 Files): cumulative 0, interval 0
AddFile(Keys): cumulative 0, interval 0
Cumulative compaction: 0.00 GB write, 0.00 MB/s write, 0.00 GB read, 0.00 MB/s read, 0.0 seconds
Interval compaction: 0.00 GB write, 0.00 MB/s write, 0.00 GB read, 0.00 MB/s read, 0.0 seconds
Stalls(count): 0 level0_slowdown, 0 level0_slowdown_with_compaction, 0 level0_numfiles, 0 level0_numfiles_with_compaction, 0 stop for pending_compaction_bytes, 0 slowdown for pending_compaction_bytes, 0 memtable_compaction, 0 memtable_slowdown, interval 0 total count

** File Read Latency Histogram By Level [default] **

** Compaction Stats [usertable] **
Level    Files   Size     Score Read(GB)  Rn(GB) Rnp1(GB) Write(GB) Wnew(GB) Moved(GB) W-Amp Rd(MB/s) Wr(MB/s) Comp(sec) Comp(cnt) Avg(sec) KeyIn KeyDrop
----------------------------------------------------------------------------------------------------------------------------------------------------------
  L0      2/0   277.40 MB   1.0      0.0     0.0      0.0       0.1      0.1       0.0   1.0      0.0    243.9         0         1    0.351       0      0
  L1      8/0   409.36 MB   0.8      0.0     0.0      0.0       0.0      0.0       0.0   0.0      0.0      0.0         0         0    0.000       0      0
  L2    168/0    4.94 GB   1.0      0.0     0.0      0.0       0.0      0.0       0.0   0.0      0.0      0.0         0         0    0.000       0      0
  L3    552/0   34.56 GB   0.7      0.0     0.0      0.0       0.0      0.0       0.0   0.0      0.0      0.0         0         0    0.000       0      0
 Sum    730/0   40.18 GB   0.0      0.0     0.0      0.0       0.1      0.1       0.0   1.0      0.0    243.9         0         1    0.351       0      0
 Int      0/0    0.00 KB   0.0      0.0     0.0      0.0       0.1      0.1       0.0   1.0      0.0    243.9         0         1    0.351       0      0
Uptime(secs): 1.4 total, 1.4 interval
Flush(GB): cumulative 0.084, interval 0.084
AddFile(GB): cumulative 0.000, interval 0.000
AddFile(Total Files): cumulative 0, interval 0
AddFile(L0 Files): cumulative 0, interval 0
AddFile(Keys): cumulative 0, interval 0
Cumulative compaction: 0.08 GB write, 60.55 MB/s write, 0.00 GB read, 0.00 MB/s read, 0.4 seconds
Interval compaction: 0.08 GB write, 60.55 MB/s write, 0.00 GB read, 0.00 MB/s read, 0.4 seconds
Stalls(count): 0 level0_slowdown, 0 level0_slowdown_with_compaction, 0 level0_numfiles, 0 level0_numfiles_with_compaction, 0 stop for pending_compaction_bytes, 0 slowdown for pending_compaction_bytes, 0 memtable_compaction, 0 memtable_slowdown, interval 0 total count

** File Read Latency Histogram By Level [usertable] **

** Compaction Stats [default] **
Level    Files   Size     Score Read(GB)  Rn(GB) Rnp1(GB) Write(GB) Wnew(GB) Moved(GB) W-Amp Rd(MB/s) Wr(MB/s) Comp(sec) Comp(cnt) Avg(sec) KeyIn KeyDrop
----------------------------------------------------------------------------------------------------------------------------------------------------------
 Sum      0/0    0.00 KB   0.0      0.0     0.0      0.0       0.0      0.0       0.0   0.0      0.0      0.0         0         0    0.000       0      0
 Int      0/0    0.00 KB   0.0      0.0     0.0      0.0       0.0      0.0       0.0   0.0      0.0      0.0         0         0    0.000       0      0
Uptime(secs): 1.4 total, 0.0 interval
Flush(GB): cumulative 0.000, interval 0.000
AddFile(GB): cumulative 0.000, interval 0.000
AddFile(Total Files): cumulative 0, interval 0
AddFile(L0 Files): cumulative 0, interval 0
AddFile(Keys): cumulative 0, interval 0
Cumulative compaction: 0.00 GB write, 0.00 MB/s write, 0.00 GB read, 0.00 MB/s read, 0.0 seconds
Interval compaction: 0.00 GB write, 0.00 MB/s write, 0.00 GB read, 0.00 MB/s read, 0.0 seconds
Stalls(count): 0 level0_slowdown, 0 level0_slowdown_with_compaction, 0 level0_numfiles, 0 level0_numfiles_with_compaction, 0 stop for pending_compaction_bytes, 0 slowdown for pending_compaction_bytes, 0 memtable_compaction, 0 memtable_slowdown, interval 0 total count

** File Read Latency Histogram By Level [default] **

** Compaction Stats [usertable] **
Level    Files   Size     Score Read(GB)  Rn(GB) Rnp1(GB) Write(GB) Wnew(GB) Moved(GB) W-Amp Rd(MB/s) Wr(MB/s) Comp(sec) Comp(cnt) Avg(sec) KeyIn KeyDrop
----------------------------------------------------------------------------------------------------------------------------------------------------------
  L0      2/0   277.40 MB   1.0      0.0     0.0      0.0       0.1      0.1       0.0   1.0      0.0    243.9         0         1    0.351       0      0
  L1      8/0   409.36 MB   0.8      0.0     0.0      0.0       0.0      0.0       0.0   0.0      0.0      0.0         0         0    0.000       0      0
  L2    168/0    4.94 GB   1.0      0.0     0.0      0.0       0.0      0.0       0.0   0.0      0.0      0.0         0         0    0.000       0      0
  L3    552/0   34.56 GB   0.7      0.0     0.0      0.0       0.0      0.0       0.0   0.0      0.0      0.0         0         0    0.000       0      0
 Sum    730/0   40.18 GB   0.0      0.0     0.0      0.0       0.1      0.1       0.0   1.0      0.0    243.9         0         1    0.351       0      0
 Int      0/0    0.00 KB   0.0      0.0     0.0      0.0       0.0      0.0       0.0   0.0      0.0      0.0         0         0    0.000       0      0
Uptime(secs): 1.4 total, 0.0 interval
Flush(GB): cumulative 0.084, interval 0.000
AddFile(GB): cumulative 0.000, interval 0.000
AddFile(Total Files): cumulative 0, interval 0
AddFile(L0 Files): cumulative 0, interval 0
AddFile(Keys): cumulative 0, interval 0
Cumulative compaction: 0.08 GB write, 60.55 MB/s write, 0.00 GB read, 0.00 MB/s read, 0.4 seconds
Interval compaction: 0.00 GB write, 0.00 MB/s write, 0.00 GB read, 0.00 MB/s read, 0.0 seconds
Stalls(count): 0 level0_slowdown, 0 level0_slowdown_with_compaction, 0 level0_numfiles, 0 level0_numfiles_with_compaction, 0 stop for pending_compaction_bytes, 0 slowdown for pending_compaction_bytes, 0 memtable_compaction, 0 memtable_slowdown, interval 0 total count

** File Read Latency Histogram By Level [usertable] **
2019/03/22-19:10:51.943477 7f2f73fff700 (Original Log Time 2019/03/22-19:10:51.912139) [db/db_impl_compaction_flush.cc:1835] [usertable] Moving #76 to level-1 201175283 bytes
2019/03/22-19:10:51.943481 7f2f73fff700 (Original Log Time 2019/03/22-19:10:51.943382) EVENT_LOG_v1 {"time_micros": 1553307051943372, "job": 3, "event": "trivial_move", "destination_level": 1, "files": 1, "total_files_size": 201175283}
2019/03/22-19:10:51.943483 7f2f73fff700 (Original Log Time 2019/03/22-19:10:51.943395) [db/db_impl_compaction_flush.cc:1864] [usertable] Moved #1 files to level-1 201175283 bytes OK: base level 1 max bytes base 536870912 files[1 9 168 552 0 0 0] max score 1.17
2019/03/22-19:10:51.943641 7f2f98f76700 [db/compaction_job.cc:1531] [usertable] [JOB 4] Compacting 1@1 files to L2, score 1.17
2019/03/22-19:10:51.943654 7f2f98f76700 [db/compaction_job.cc:1535] [usertable] Compaction start summary: Base version 6 Base level 1, inputs: [76(191MB)]
2019/03/22-19:10:51.943698 7f2f98f76700 EVENT_LOG_v1 {"time_micros": 1553307051943675, "job": 4, "event": "compaction_started", "compaction_reason": "LevelMaxLevelSize", "files_L1": [76], "score": 1.17424, "input_data_size": 201175283}
2019/03/22-19:10:52.750906 7f2f98f76700 [db/compaction_job.cc:1211] [usertable] [JOB 4] Generated table #1370: 16279 keys, 67233570 bytes
2019/03/22-19:10:52.750959 7f2f98f76700 EVENT_LOG_v1 {"time_micros": 1553307052750935, "cf_name": "usertable", "job": 4, "event": "table_file_creation", "file_number": 1370, "file_size": 67233570, "table_properties": {"data_size": 67120142, "index_size": 300916, "filter_size": 0, "raw_key_size": 390696, "raw_average_key_size": 24, "raw_value_size": 66678784, "raw_average_value_size": 4096, "num_data_blocks": 8140, "num_entries": 16279, "filter_policy_name": "", "kDeletedKeys": "0", "kMergeOperands": "0"}}
2019/03/22-19:10:54.368531 7f2f98f76700 [db/compaction_job.cc:1211] [usertable] [JOB 4] Generated table #1371: 16279 keys, 67233323 bytes
2019/03/22-19:10:54.368596 7f2f98f76700 EVENT_LOG_v1 {"time_micros": 1553307054368563, "cf_name": "usertable", "job": 4, "event": "table_file_creation", "file_number": 1371, "file_size": 67233323, "table_properties": {"data_size": 67118331, "index_size": 299108, "filter_size": 0, "raw_key_size": 390696, "raw_average_key_size": 24, "raw_value_size": 66678784, "raw_average_value_size": 4096, "num_data_blocks": 8140, "num_entries": 16279, "filter_policy_name": "", "kDeletedKeys": "0", "kMergeOperands": "0"}}
2019/03/22-19:10:55.314651 7f2f98f76700 [db/compaction_job.cc:1211] [usertable] [JOB 4] Generated table #1372: 16016 keys, 66147366 bytes
2019/03/22-19:10:55.314831 7f2f98f76700 EVENT_LOG_v1 {"time_micros": 1553307055314702, "cf_name": "usertable", "job": 4, "event": "table_file_creation", "file_number": 1372, "file_size": 66147366, "table_properties": {"data_size": 66035748, "index_size": 296032, "filter_size": 0, "raw_key_size": 384384, "raw_average_key_size": 24, "raw_value_size": 65601536, "raw_average_value_size": 4096, "num_data_blocks": 8008, "num_entries": 16016, "filter_policy_name": "", "kDeletedKeys": "0", "kMergeOperands": "0"}}
2019/03/22-19:10:55.314928 7f2f98f76700 [db/compaction_job.cc:1287] [usertable] [JOB 4] Compacted 1@1 files to L2 => 200614259 bytes
2019/03/22-19:10:55.356014 7f2f98f76700 (Original Log Time 2019/03/22-19:10:55.355184) [db/compaction_job.cc:685] [usertable] compacted to: base level 1 max bytes base 536870912 files[1 8 171 552 0 0 0] max score 1.03, MB/sec: 59.7 rd, 59.5 wr, level 2, files in(1, 0) out(3) MB in(191.9, 0.0) out(191.3), read-write-amplify(2.0) write-amplify(1.0) OK, records in: 48574, records dropped: 0 output_compression: LZ4
2019/03/22-19:10:55.356028 7f2f98f76700 (Original Log Time 2019/03/22-19:10:55.355265) EVENT_LOG_v1 {"time_micros": 1553307055355233, "job": 4, "event": "compaction_finished", "compaction_time_micros": 3371181, "output_level": 2, "num_output_files": 3, "total_output_size": 200614259, "num_input_records": 48574, "num_output_records": 48574, "num_subcompactions": 1, "output_compression": "LZ4", "num_single_delete_mismatches": 0, "num_single_delete_fallthrough": 0, "lsm_state": [1, 8, 171, 552, 0, 0, 0]}
2019/03/22-19:10:55.389787 7f2f90ffe700 (Original Log Time 2019/03/22-19:10:55.357149) [db/db_impl_compaction_flush.cc:1835] [usertable] Moving #1370 to level-3 67233570 bytes
2019/03/22-19:10:55.389795 7f2f90ffe700 (Original Log Time 2019/03/22-19:10:55.389674) EVENT_LOG_v1 {"time_micros": 1553307055389659, "job": 5, "event": "trivial_move", "destination_level": 3, "files": 1, "total_files_size": 67233570}
2019/03/22-19:10:55.389798 7f2f90ffe700 (Original Log Time 2019/03/22-19:10:55.389692) [db/db_impl_compaction_flush.cc:1864] [usertable] Moved #1 files to level-3 67233570 bytes OK: base level 1 max bytes base 536870912 files[1 8 170 553 0 0 0] max score 1.01
2019/03/22-19:10:55.413945 7f2f90ffe700 EVENT_LOG_v1 {"time_micros": 1553307055413934, "job": 5, "event": "table_file_deletion", "file_number": 76}
2019/03/22-19:10:55.450201 7f2f8bfff700 (Original Log Time 2019/03/22-19:10:55.414147) [db/db_impl_compaction_flush.cc:1835] [usertable] Moving #407 to level-3 67233325 bytes
2019/03/22-19:10:55.450208 7f2f8bfff700 (Original Log Time 2019/03/22-19:10:55.450103) EVENT_LOG_v1 {"time_micros": 1553307055450089, "job": 6, "event": "trivial_move", "destination_level": 3, "files": 1, "total_files_size": 67233325}
2019/03/22-19:10:55.450211 7f2f8bfff700 (Original Log Time 2019/03/22-19:10:55.450118) [db/db_impl_compaction_flush.cc:1864] [usertable] Moved #1 files to level-3 67233325 bytes OK: base level 1 max bytes base 536870912 files[1 8 169 554 0 0 0] max score 1.00
2019/03/22-19:10:55.491161 7f2f8bfff700 (Original Log Time 2019/03/22-19:10:55.450495) [db/db_impl_compaction_flush.cc:1835] [usertable] Moving #77 to level-3 67233325 bytes
2019/03/22-19:10:55.491167 7f2f8bfff700 (Original Log Time 2019/03/22-19:10:55.491072) EVENT_LOG_v1 {"time_micros": 1553307055491058, "job": 7, "event": "trivial_move", "destination_level": 3, "files": 1, "total_files_size": 67233325}
2019/03/22-19:10:55.491168 7f2f8bfff700 (Original Log Time 2019/03/22-19:10:55.491094) [db/db_impl_compaction_flush.cc:1864] [usertable] Moved #1 files to level-3 67233325 bytes OK: base level 1 max bytes base 536870912 files[1 8 168 555 0 0 0] max score 0.99
2019/03/22-19:10:58.931185 7f2f907fd700 [db/db_impl_write.cc:1373] [usertable] New memtable created with log file: #1373. Immutable memtables: 0.
2019/03/22-19:11:05.319612 7f2f787f8700 [db/db_impl_write.cc:1373] [usertable] New memtable created with log file: #1374. Immutable memtables: 1.
2019/03/22-19:11:05.319765 7f2f737fe700 [db/db_impl_compaction_flush.cc:80] [JOB 8] Syncing log #1367
2019/03/22-19:11:06.169172 7f2f737fe700 [db/db_impl_compaction_flush.cc:80] [JOB 8] Syncing log #1373
2019/03/22-19:11:07.194700 7f2f737fe700 (Original Log Time 2019/03/22-19:11:05.319730) [db/db_impl_compaction_flush.cc:1424] Calling FlushMemTableToOutputFile with column family [usertable], flush slots available 24, compaction slots available 1, flush slots scheduled 1, compaction slots scheduled 0
2019/03/22-19:11:07.194714 7f2f737fe700 [db/flush_job.cc:301] [usertable] [JOB 8] Flushing memtable with next log file: 1373
2019/03/22-19:11:07.194725 7f2f737fe700 [db/flush_job.cc:301] [usertable] [JOB 8] Flushing memtable with next log file: 1374
2019/03/22-19:11:07.194765 7f2f737fe700 EVENT_LOG_v1 {"time_micros": 1553307067194751, "job": 8, "event": "flush_started", "num_memtables": 2, "num_entries": 56910, "num_deletes": 0, "memory_usage": 235816080, "flush_reason": "Write Buffer Full"}
2019/03/22-19:11:07.194775 7f2f737fe700 [db/flush_job.cc:331] [usertable] [JOB 8] Level-0 flush table #1375: started
