2018/11/05-14:58:22.368067 7fc2fd62f700 RocksDB version: 5.14.3
2018/11/05-14:58:22.368151 7fc2fd62f700 Git sha rocksdb_build_git_sha:
2018/11/05-14:58:22.368155 7fc2fd62f700 Compile date Oct 15 2018
2018/11/05-14:58:22.368166 7fc2fd62f700 DB SUMMARY
2018/11/05-14:58:22.368191 7fc2fd62f700 SST files in /mnt/sdb/ycsb-rocksdb-data dir, Total Num: 0, files: 
2018/11/05-14:58:22.368193 7fc2fd62f700 Write Ahead Log file in /mnt/sdb/ycsb-rocksdb-data: 
2018/11/05-14:58:22.368196 7fc2fd62f700                         Options.error_if_exists: 0
2018/11/05-14:58:22.368198 7fc2fd62f700                       Options.create_if_missing: 1
2018/11/05-14:58:22.368199 7fc2fd62f700                         Options.paranoid_checks: 1
2018/11/05-14:58:22.368200 7fc2fd62f700                                     Options.env: 0x7fc2acff73e0
2018/11/05-14:58:22.368201 7fc2fd62f700                                Options.info_log: 0x7fc2a83c6240
2018/11/05-14:58:22.368202 7fc2fd62f700                Options.max_file_opening_threads: 16
2018/11/05-14:58:22.368203 7fc2fd62f700                              Options.statistics: (nil)
2018/11/05-14:58:22.368204 7fc2fd62f700                               Options.use_fsync: 0
2018/11/05-14:58:22.368205 7fc2fd62f700                       Options.max_log_file_size: 0
2018/11/05-14:58:22.368206 7fc2fd62f700                  Options.max_manifest_file_size: 18446744073709551615
2018/11/05-14:58:22.368207 7fc2fd62f700                   Options.log_file_time_to_roll: 0
2018/11/05-14:58:22.368208 7fc2fd62f700                       Options.keep_log_file_num: 1000
2018/11/05-14:58:22.368209 7fc2fd62f700                    Options.recycle_log_file_num: 0
2018/11/05-14:58:22.368210 7fc2fd62f700                         Options.allow_fallocate: 1
2018/11/05-14:58:22.368211 7fc2fd62f700                        Options.allow_mmap_reads: 0
2018/11/05-14:58:22.368212 7fc2fd62f700                       Options.allow_mmap_writes: 0
2018/11/05-14:58:22.368213 7fc2fd62f700                        Options.use_direct_reads: 0
2018/11/05-14:58:22.368214 7fc2fd62f700                        Options.use_direct_io_for_flush_and_compaction: 0
2018/11/05-14:58:22.368215 7fc2fd62f700          Options.create_missing_column_families: 1
2018/11/05-14:58:22.368215 7fc2fd62f700                              Options.db_log_dir: 
2018/11/05-14:58:22.368216 7fc2fd62f700                                 Options.wal_dir: /mnt/sdb/ycsb-rocksdb-data
2018/11/05-14:58:22.368217 7fc2fd62f700                Options.table_cache_numshardbits: 6
2018/11/05-14:58:22.368218 7fc2fd62f700                      Options.max_subcompactions: 4
2018/11/05-14:58:22.368219 7fc2fd62f700                  Options.max_background_flushes: 24
2018/11/05-14:58:22.368220 7fc2fd62f700                         Options.WAL_ttl_seconds: 0
2018/11/05-14:58:22.368221 7fc2fd62f700                       Options.WAL_size_limit_MB: 0
2018/11/05-14:58:22.368221 7fc2fd62f700             Options.manifest_preallocation_size: 4194304
2018/11/05-14:58:22.368222 7fc2fd62f700                     Options.is_fd_close_on_exec: 1
2018/11/05-14:58:22.368223 7fc2fd62f700                   Options.advise_random_on_open: 1
2018/11/05-14:58:22.368224 7fc2fd62f700                    Options.db_write_buffer_size: 0
2018/11/05-14:58:22.368225 7fc2fd62f700                    Options.write_buffer_manager: 0x7fc2a83c4500
2018/11/05-14:58:22.368226 7fc2fd62f700         Options.access_hint_on_compaction_start: 1
2018/11/05-14:58:22.368227 7fc2fd62f700  Options.new_table_reader_for_compaction_inputs: 0
2018/11/05-14:58:22.368227 7fc2fd62f700           Options.random_access_max_buffer_size: 1048576
2018/11/05-14:58:22.368228 7fc2fd62f700                      Options.use_adaptive_mutex: 0
2018/11/05-14:58:22.368229 7fc2fd62f700                            Options.rate_limiter: (nil)
2018/11/05-14:58:22.368231 7fc2fd62f700     Options.sst_file_manager.rate_bytes_per_sec: 0
2018/11/05-14:58:22.368232 7fc2fd62f700                       Options.wal_recovery_mode: 2
2018/11/05-14:58:22.368233 7fc2fd62f700                  Options.enable_thread_tracking: 0
2018/11/05-14:58:22.368234 7fc2fd62f700                  Options.enable_pipelined_write: 1
2018/11/05-14:58:22.368248 7fc2fd62f700         Options.allow_concurrent_memtable_write: 1
2018/11/05-14:58:22.368250 7fc2fd62f700      Options.enable_write_thread_adaptive_yield: 1
2018/11/05-14:58:22.368251 7fc2fd62f700             Options.write_thread_max_yield_usec: 100
2018/11/05-14:58:22.368251 7fc2fd62f700            Options.write_thread_slow_yield_usec: 3
2018/11/05-14:58:22.368252 7fc2fd62f700                               Options.row_cache: None
2018/11/05-14:58:22.368253 7fc2fd62f700                              Options.wal_filter: None
2018/11/05-14:58:22.368254 7fc2fd62f700             Options.avoid_flush_during_recovery: 0
2018/11/05-14:58:22.368255 7fc2fd62f700             Options.allow_ingest_behind: 0
2018/11/05-14:58:22.368256 7fc2fd62f700             Options.preserve_deletes: 0
2018/11/05-14:58:22.368257 7fc2fd62f700             Options.two_write_queues: 0
2018/11/05-14:58:22.368258 7fc2fd62f700             Options.manual_wal_flush: 0
2018/11/05-14:58:22.368260 7fc2fd62f700             Options.max_background_jobs: 24
2018/11/05-14:58:22.368261 7fc2fd62f700             Options.max_background_compactions: 24
2018/11/05-14:58:22.368262 7fc2fd62f700             Options.avoid_flush_during_shutdown: 0
2018/11/05-14:58:22.368263 7fc2fd62f700           Options.writable_file_max_buffer_size: 1048576
2018/11/05-14:58:22.368263 7fc2fd62f700             Options.delayed_write_rate : 16777216
2018/11/05-14:58:22.368264 7fc2fd62f700             Options.max_total_wal_size: 0
2018/11/05-14:58:22.368265 7fc2fd62f700             Options.delete_obsolete_files_period_micros: 21600000000
2018/11/05-14:58:22.368266 7fc2fd62f700                   Options.stats_dump_period_sec: 60
2018/11/05-14:58:22.368267 7fc2fd62f700                          Options.max_open_files: -1
2018/11/05-14:58:22.368268 7fc2fd62f700                          Options.bytes_per_sync: 1048576
2018/11/05-14:58:22.368269 7fc2fd62f700                      Options.wal_bytes_per_sync: 0
2018/11/05-14:58:22.368270 7fc2fd62f700       Options.compaction_readahead_size: 0
2018/11/05-14:58:22.368271 7fc2fd62f700 Compression algorithms supported:
2018/11/05-14:58:22.368272 7fc2fd62f700 	kZSTDNotFinalCompression supported: 1
2018/11/05-14:58:22.368281 7fc2fd62f700 	kZSTD supported: 1
2018/11/05-14:58:22.368282 7fc2fd62f700 	kXpressCompression supported: 0
2018/11/05-14:58:22.368283 7fc2fd62f700 	kLZ4HCCompression supported: 1
2018/11/05-14:58:22.368285 7fc2fd62f700 	kLZ4Compression supported: 1
2018/11/05-14:58:22.368286 7fc2fd62f700 	kBZip2Compression supported: 1
2018/11/05-14:58:22.368287 7fc2fd62f700 	kZlibCompression supported: 1
2018/11/05-14:58:22.368288 7fc2fd62f700 	kSnappyCompression supported: 1
2018/11/05-14:58:22.368293 7fc2fd62f700 Fast CRC32 supported: Supported on x86
2018/11/05-14:58:22.368391 7fc2fd62f700 [db/db_impl_open.cc:222] Creating manifest 1 
2018/11/05-14:58:22.584126 7fc2fd62f700 [db/version_set.cc:3085] Recovering from manifest file: MANIFEST-000001
2018/11/05-14:58:22.584210 7fc2fd62f700 [db/column_family.cc:475] --------------- Options for column family [default]:
2018/11/05-14:58:22.584214 7fc2fd62f700               Options.comparator: leveldb.BytewiseComparator
2018/11/05-14:58:22.584216 7fc2fd62f700           Options.merge_operator: None
2018/11/05-14:58:22.584217 7fc2fd62f700        Options.compaction_filter: None
2018/11/05-14:58:22.584230 7fc2fd62f700        Options.compaction_filter_factory: None
2018/11/05-14:58:22.584231 7fc2fd62f700         Options.memtable_factory: SkipListFactory
2018/11/05-14:58:22.584232 7fc2fd62f700            Options.table_factory: BlockBasedTable
2018/11/05-14:58:22.584270 7fc2fd62f700            table_factory options:   flush_block_policy_factory: FlushBlockBySizePolicyFactory (0x7fc2a83809e0)
  cache_index_and_filter_blocks: 0
  cache_index_and_filter_blocks_with_high_priority: 0
  pin_l0_filter_and_index_blocks_in_cache: 0
  index_type: 0
  hash_index_allow_collision: 1
  checksum: 1
  no_block_cache: 0
  block_cache: 0x7fc2a8389af0
  block_cache_name: LRUCache
  block_cache_options:
    capacity : 8388608
    num_shard_bits : 4
    strict_capacity_limit : 0
    high_pri_pool_ratio: 0.000
  block_cache_compressed: (nil)
  persistent_cache: (nil)
  block_size: 8192
  block_size_deviation: 10
  block_restart_interval: 16
  index_block_restart_interval: 1
  metadata_block_size: 4096
  partition_filters: 0
  use_delta_encoding: 1
  filter_policy: nullptr
  whole_key_filtering: 1
  verify_compression: 0
  read_amp_bytes_per_bit: 0
  format_version: 2
  enable_index_compression: 1
  block_align: 0
2018/11/05-14:58:22.584284 7fc2fd62f700        Options.write_buffer_size: 134217728
2018/11/05-14:58:22.584286 7fc2fd62f700  Options.max_write_buffer_number: 24
2018/11/05-14:58:22.584287 7fc2fd62f700        Options.compression[0]: NoCompression
2018/11/05-14:58:22.584288 7fc2fd62f700        Options.compression[1]: NoCompression
2018/11/05-14:58:22.584289 7fc2fd62f700        Options.compression[2]: LZ4
2018/11/05-14:58:22.584290 7fc2fd62f700        Options.compression[3]: LZ4
2018/11/05-14:58:22.584291 7fc2fd62f700        Options.compression[4]: LZ4
2018/11/05-14:58:22.584292 7fc2fd62f700        Options.compression[5]: LZ4
2018/11/05-14:58:22.584293 7fc2fd62f700        Options.compression[6]: LZ4
2018/11/05-14:58:22.584294 7fc2fd62f700                  Options.bottommost_compression: Disabled
2018/11/05-14:58:22.584295 7fc2fd62f700       Options.prefix_extractor: nullptr
2018/11/05-14:58:22.584296 7fc2fd62f700   Options.memtable_insert_with_hint_prefix_extractor: nullptr
2018/11/05-14:58:22.584297 7fc2fd62f700             Options.num_levels: 7
2018/11/05-14:58:22.584298 7fc2fd62f700        Options.min_write_buffer_number_to_merge: 2
2018/11/05-14:58:22.584298 7fc2fd62f700     Options.max_write_buffer_number_to_maintain: 0
2018/11/05-14:58:22.584299 7fc2fd62f700            Options.compression_opts.window_bits: -14
2018/11/05-14:58:22.584300 7fc2fd62f700                  Options.compression_opts.level: -1
2018/11/05-14:58:22.584301 7fc2fd62f700               Options.compression_opts.strategy: 0
2018/11/05-14:58:22.584302 7fc2fd62f700         Options.compression_opts.max_dict_bytes: 0
2018/11/05-14:58:22.584303 7fc2fd62f700         Options.compression_opts.zstd_max_train_bytes: 0
2018/11/05-14:58:22.584304 7fc2fd62f700      Options.level0_file_num_compaction_trigger: 2
2018/11/05-14:58:22.584305 7fc2fd62f700          Options.level0_slowdown_writes_trigger: 20
2018/11/05-14:58:22.584306 7fc2fd62f700              Options.level0_stop_writes_trigger: 36
2018/11/05-14:58:22.584306 7fc2fd62f700                   Options.target_file_size_base: 67108864
2018/11/05-14:58:22.584307 7fc2fd62f700             Options.target_file_size_multiplier: 1
2018/11/05-14:58:22.584308 7fc2fd62f700                Options.max_bytes_for_level_base: 536870912
2018/11/05-14:58:22.584309 7fc2fd62f700 Options.level_compaction_dynamic_level_bytes: 0
2018/11/05-14:58:22.584310 7fc2fd62f700          Options.max_bytes_for_level_multiplier: 10.000000
2018/11/05-14:58:22.584313 7fc2fd62f700 Options.max_bytes_for_level_multiplier_addtl[0]: 1
2018/11/05-14:58:22.584314 7fc2fd62f700 Options.max_bytes_for_level_multiplier_addtl[1]: 1
2018/11/05-14:58:22.584315 7fc2fd62f700 Options.max_bytes_for_level_multiplier_addtl[2]: 1
2018/11/05-14:58:22.584316 7fc2fd62f700 Options.max_bytes_for_level_multiplier_addtl[3]: 1
2018/11/05-14:58:22.584317 7fc2fd62f700 Options.max_bytes_for_level_multiplier_addtl[4]: 1
2018/11/05-14:58:22.584318 7fc2fd62f700 Options.max_bytes_for_level_multiplier_addtl[5]: 1
2018/11/05-14:58:22.584319 7fc2fd62f700 Options.max_bytes_for_level_multiplier_addtl[6]: 1
2018/11/05-14:58:22.584319 7fc2fd62f700       Options.max_sequential_skip_in_iterations: 8
2018/11/05-14:58:22.584320 7fc2fd62f700                    Options.max_compaction_bytes: 1677721600
2018/11/05-14:58:22.584321 7fc2fd62f700                        Options.arena_block_size: 16777216
2018/11/05-14:58:22.584322 7fc2fd62f700   Options.soft_pending_compaction_bytes_limit: 68719476736
2018/11/05-14:58:22.584323 7fc2fd62f700   Options.hard_pending_compaction_bytes_limit: 274877906944
2018/11/05-14:58:22.584330 7fc2fd62f700       Options.rate_limit_delay_max_milliseconds: 100
2018/11/05-14:58:22.584331 7fc2fd62f700                Options.disable_auto_compactions: 0
2018/11/05-14:58:22.584333 7fc2fd62f700                        Options.compaction_style: kCompactionStyleLevel
2018/11/05-14:58:22.584335 7fc2fd62f700                          Options.compaction_pri: kByCompensatedSize
2018/11/05-14:58:22.584336 7fc2fd62f700 Options.compaction_options_universal.size_ratio: 1
2018/11/05-14:58:22.584337 7fc2fd62f700 Options.compaction_options_universal.min_merge_width: 2
2018/11/05-14:58:22.584337 7fc2fd62f700 Options.compaction_options_universal.max_merge_width: 4294967295
2018/11/05-14:58:22.584338 7fc2fd62f700 Options.compaction_options_universal.max_size_amplification_percent: 200
2018/11/05-14:58:22.584339 7fc2fd62f700 Options.compaction_options_universal.compression_size_percent: -1
2018/11/05-14:58:22.584341 7fc2fd62f700 Options.compaction_options_universal.stop_style: kCompactionStopStyleTotalSize
2018/11/05-14:58:22.584342 7fc2fd62f700 Options.compaction_options_fifo.max_table_files_size: 1073741824
2018/11/05-14:58:22.584343 7fc2fd62f700 Options.compaction_options_fifo.allow_compaction: 0
2018/11/05-14:58:22.584344 7fc2fd62f700 Options.compaction_options_fifo.ttl: 0
2018/11/05-14:58:22.584345 7fc2fd62f700                   Options.table_properties_collectors: 
2018/11/05-14:58:22.584346 7fc2fd62f700                   Options.inplace_update_support: 0
2018/11/05-14:58:22.584347 7fc2fd62f700                 Options.inplace_update_num_locks: 10000
2018/11/05-14:58:22.584348 7fc2fd62f700               Options.memtable_prefix_bloom_size_ratio: 0.000000
2018/11/05-14:58:22.584349 7fc2fd62f700   Options.memtable_huge_page_size: 0
2018/11/05-14:58:22.584350 7fc2fd62f700                           Options.bloom_locality: 0
2018/11/05-14:58:22.584351 7fc2fd62f700                    Options.max_successive_merges: 0
2018/11/05-14:58:22.584352 7fc2fd62f700                Options.optimize_filters_for_hits: 0
2018/11/05-14:58:22.584353 7fc2fd62f700                Options.paranoid_file_checks: 0
2018/11/05-14:58:22.584354 7fc2fd62f700                Options.force_consistency_checks: 0
2018/11/05-14:58:22.584354 7fc2fd62f700                Options.report_bg_io_stats: 0
2018/11/05-14:58:22.584355 7fc2fd62f700                               Options.ttl: 0
2018/11/05-14:58:22.585139 7fc2fd62f700 [db/version_set.cc:3361] Recovered from manifest file:/mnt/sdb/ycsb-rocksdb-data/MANIFEST-000001 succeeded,manifest_file_number is 1, next_file_number is 3, last_sequence is 0, log_number is 0,prev_log_number is 0,max_column_family is 0,min_log_number_to_keep is 0
2018/11/05-14:58:22.585148 7fc2fd62f700 [db/version_set.cc:3369] Column family [default] (ID 0), log number is 0
2018/11/05-14:58:22.585377 7fc2fd62f700 [db/version_set.cc:2847] Creating manifest 4
2018/11/05-14:58:22.788016 7fc2fd62f700 [db/column_family.cc:475] --------------- Options for column family [usertable]:
2018/11/05-14:58:22.788020 7fc2fd62f700               Options.comparator: leveldb.BytewiseComparator
2018/11/05-14:58:22.788021 7fc2fd62f700           Options.merge_operator: None
2018/11/05-14:58:22.788022 7fc2fd62f700        Options.compaction_filter: None
2018/11/05-14:58:22.788023 7fc2fd62f700        Options.compaction_filter_factory: None
2018/11/05-14:58:22.788024 7fc2fd62f700         Options.memtable_factory: SkipListFactory
2018/11/05-14:58:22.788025 7fc2fd62f700            Options.table_factory: BlockBasedTable
2018/11/05-14:58:22.788055 7fc2fd62f700            table_factory options:   flush_block_policy_factory: FlushBlockBySizePolicyFactory (0x7fc2a83809c0)
  cache_index_and_filter_blocks: 0
  cache_index_and_filter_blocks_with_high_priority: 0
  pin_l0_filter_and_index_blocks_in_cache: 0
  index_type: 0
  hash_index_allow_collision: 1
  checksum: 1
  no_block_cache: 0
  block_cache: 0x7fc2a8381520
  block_cache_name: LRUCache
  block_cache_options:
    capacity : 8388608
    num_shard_bits : 4
    strict_capacity_limit : 0
    high_pri_pool_ratio: 0.000
  block_cache_compressed: (nil)
  persistent_cache: (nil)
  block_size: 8192
  block_size_deviation: 10
  block_restart_interval: 16
  index_block_restart_interval: 1
  metadata_block_size: 4096
  partition_filters: 0
  use_delta_encoding: 1
  filter_policy: nullptr
  whole_key_filtering: 1
  verify_compression: 0
  read_amp_bytes_per_bit: 0
  format_version: 2
  enable_index_compression: 1
  block_align: 0
2018/11/05-14:58:22.788057 7fc2fd62f700        Options.write_buffer_size: 134217728
2018/11/05-14:58:22.788058 7fc2fd62f700  Options.max_write_buffer_number: 24
2018/11/05-14:58:22.788059 7fc2fd62f700        Options.compression[0]: NoCompression
2018/11/05-14:58:22.788060 7fc2fd62f700        Options.compression[1]: NoCompression
2018/11/05-14:58:22.788061 7fc2fd62f700        Options.compression[2]: LZ4
2018/11/05-14:58:22.788062 7fc2fd62f700        Options.compression[3]: LZ4
2018/11/05-14:58:22.788063 7fc2fd62f700        Options.compression[4]: LZ4
2018/11/05-14:58:22.788064 7fc2fd62f700        Options.compression[5]: LZ4
2018/11/05-14:58:22.788065 7fc2fd62f700        Options.compression[6]: LZ4
2018/11/05-14:58:22.788066 7fc2fd62f700                  Options.bottommost_compression: Disabled
2018/11/05-14:58:22.788067 7fc2fd62f700       Options.prefix_extractor: nullptr
2018/11/05-14:58:22.788068 7fc2fd62f700   Options.memtable_insert_with_hint_prefix_extractor: nullptr
2018/11/05-14:58:22.788068 7fc2fd62f700             Options.num_levels: 7
2018/11/05-14:58:22.788069 7fc2fd62f700        Options.min_write_buffer_number_to_merge: 2
2018/11/05-14:58:22.788070 7fc2fd62f700     Options.max_write_buffer_number_to_maintain: 0
2018/11/05-14:58:22.788071 7fc2fd62f700            Options.compression_opts.window_bits: -14
2018/11/05-14:58:22.788072 7fc2fd62f700                  Options.compression_opts.level: -1
2018/11/05-14:58:22.788073 7fc2fd62f700               Options.compression_opts.strategy: 0
2018/11/05-14:58:22.788074 7fc2fd62f700         Options.compression_opts.max_dict_bytes: 0
2018/11/05-14:58:22.788074 7fc2fd62f700         Options.compression_opts.zstd_max_train_bytes: 0
2018/11/05-14:58:22.788075 7fc2fd62f700      Options.level0_file_num_compaction_trigger: 2
2018/11/05-14:58:22.788076 7fc2fd62f700          Options.level0_slowdown_writes_trigger: 20
2018/11/05-14:58:22.788077 7fc2fd62f700              Options.level0_stop_writes_trigger: 36
2018/11/05-14:58:22.788078 7fc2fd62f700                   Options.target_file_size_base: 67108864
2018/11/05-14:58:22.788079 7fc2fd62f700             Options.target_file_size_multiplier: 1
2018/11/05-14:58:22.788080 7fc2fd62f700                Options.max_bytes_for_level_base: 536870912
2018/11/05-14:58:22.788081 7fc2fd62f700 Options.level_compaction_dynamic_level_bytes: 0
2018/11/05-14:58:22.788082 7fc2fd62f700          Options.max_bytes_for_level_multiplier: 10.000000
2018/11/05-14:58:22.788084 7fc2fd62f700 Options.max_bytes_for_level_multiplier_addtl[0]: 1
2018/11/05-14:58:22.788094 7fc2fd62f700 Options.max_bytes_for_level_multiplier_addtl[1]: 1
2018/11/05-14:58:22.788096 7fc2fd62f700 Options.max_bytes_for_level_multiplier_addtl[2]: 1
2018/11/05-14:58:22.788097 7fc2fd62f700 Options.max_bytes_for_level_multiplier_addtl[3]: 1
2018/11/05-14:58:22.788098 7fc2fd62f700 Options.max_bytes_for_level_multiplier_addtl[4]: 1
2018/11/05-14:58:22.788099 7fc2fd62f700 Options.max_bytes_for_level_multiplier_addtl[5]: 1
2018/11/05-14:58:22.788099 7fc2fd62f700 Options.max_bytes_for_level_multiplier_addtl[6]: 1
2018/11/05-14:58:22.788100 7fc2fd62f700       Options.max_sequential_skip_in_iterations: 8
2018/11/05-14:58:22.788101 7fc2fd62f700                    Options.max_compaction_bytes: 1677721600
2018/11/05-14:58:22.788102 7fc2fd62f700                        Options.arena_block_size: 16777216
2018/11/05-14:58:22.788103 7fc2fd62f700   Options.soft_pending_compaction_bytes_limit: 68719476736
2018/11/05-14:58:22.788104 7fc2fd62f700   Options.hard_pending_compaction_bytes_limit: 274877906944
2018/11/05-14:58:22.788104 7fc2fd62f700       Options.rate_limit_delay_max_milliseconds: 100
2018/11/05-14:58:22.788105 7fc2fd62f700                Options.disable_auto_compactions: 0
2018/11/05-14:58:22.788107 7fc2fd62f700                        Options.compaction_style: kCompactionStyleLevel
2018/11/05-14:58:22.788108 7fc2fd62f700                          Options.compaction_pri: kByCompensatedSize
2018/11/05-14:58:22.788109 7fc2fd62f700 Options.compaction_options_universal.size_ratio: 1
2018/11/05-14:58:22.788110 7fc2fd62f700 Options.compaction_options_universal.min_merge_width: 2
2018/11/05-14:58:22.788110 7fc2fd62f700 Options.compaction_options_universal.max_merge_width: 4294967295
2018/11/05-14:58:22.788111 7fc2fd62f700 Options.compaction_options_universal.max_size_amplification_percent: 200
2018/11/05-14:58:22.788112 7fc2fd62f700 Options.compaction_options_universal.compression_size_percent: -1
2018/11/05-14:58:22.788113 7fc2fd62f700 Options.compaction_options_universal.stop_style: kCompactionStopStyleTotalSize
2018/11/05-14:58:22.788114 7fc2fd62f700 Options.compaction_options_fifo.max_table_files_size: 1073741824
2018/11/05-14:58:22.788115 7fc2fd62f700 Options.compaction_options_fifo.allow_compaction: 0
2018/11/05-14:58:22.788116 7fc2fd62f700 Options.compaction_options_fifo.ttl: 0
2018/11/05-14:58:22.788117 7fc2fd62f700                   Options.table_properties_collectors: 
2018/11/05-14:58:22.788118 7fc2fd62f700                   Options.inplace_update_support: 0
2018/11/05-14:58:22.788119 7fc2fd62f700                 Options.inplace_update_num_locks: 10000
2018/11/05-14:58:22.788119 7fc2fd62f700               Options.memtable_prefix_bloom_size_ratio: 0.000000
2018/11/05-14:58:22.788121 7fc2fd62f700   Options.memtable_huge_page_size: 0
2018/11/05-14:58:22.788122 7fc2fd62f700                           Options.bloom_locality: 0
2018/11/05-14:58:22.788123 7fc2fd62f700                    Options.max_successive_merges: 0
2018/11/05-14:58:22.788123 7fc2fd62f700                Options.optimize_filters_for_hits: 0
2018/11/05-14:58:22.788124 7fc2fd62f700                Options.paranoid_file_checks: 0
2018/11/05-14:58:22.788125 7fc2fd62f700                Options.force_consistency_checks: 0
2018/11/05-14:58:22.788126 7fc2fd62f700                Options.report_bg_io_stats: 0
2018/11/05-14:58:22.788127 7fc2fd62f700                               Options.ttl: 0
2018/11/05-14:58:22.788189 7fc2fd62f700 [db/db_impl.cc:1396] Created column family [usertable] (ID 1)
2018/11/05-14:58:22.998877 7fc2fd62f700 [db/db_impl_open.cc:1219] DB pointer 0x7fc2a83c68a0
2018/11/05-14:58:23.298013 7fc2fcf28700 [db/db_impl_write.cc:1373] [usertable] New memtable created with log file: #9. Immutable memtables: 0.
2018/11/05-14:58:23.520346 7fc2fd32c700 [db/db_impl_write.cc:1373] [usertable] New memtable created with log file: #10. Immutable memtables: 1.
2018/11/05-14:58:23.520483 7fc1b97fa700 [db/db_impl_compaction_flush.cc:80] [JOB 2] Syncing log #3
2018/11/05-14:58:23.751646 7fc2fcf28700 [db/db_impl_write.cc:1373] [usertable] New memtable created with log file: #12. Immutable memtables: 2.
2018/11/05-14:58:23.978597 7fc2fd62f700 [db/db_impl_write.cc:1373] [usertable] New memtable created with log file: #13. Immutable memtables: 3.
2018/11/05-14:58:24.204963 7fc2fd52e700 [db/db_impl_write.cc:1373] [usertable] New memtable created with log file: #15. Immutable memtables: 4.
2018/11/05-14:58:24.324000 7fc1b97fa700 [db/db_impl_compaction_flush.cc:80] [JOB 2] Syncing log #9
2018/11/05-14:58:24.450586 7fc2fd52e700 [db/db_impl_write.cc:1373] [usertable] New memtable created with log file: #16. Immutable memtables: 5.
2018/11/05-14:58:24.680830 7fc2fcd26700 [db/db_impl_write.cc:1373] [usertable] New memtable created with log file: #18. Immutable memtables: 6.
2018/11/05-14:58:24.820612 7fc219ffb700 [db/db_impl_compaction_flush.cc:80] [JOB 4] Syncing log #10
2018/11/05-14:58:24.820604 7fc1b97fa700 (Original Log Time 2018/11/05-14:58:23.520430) [db/db_impl_compaction_flush.cc:1424] Calling FlushMemTableToOutputFile with column family [usertable], flush slots available 24, compaction slots available 1, flush slots scheduled 1, compaction slots scheduled 0
2018/11/05-14:58:24.820625 7fc1b97fa700 [db/flush_job.cc:301] [usertable] [JOB 2] Flushing memtable with next log file: 9
2018/11/05-14:58:24.820638 7fc1b97fa700 [db/flush_job.cc:301] [usertable] [JOB 2] Flushing memtable with next log file: 10
2018/11/05-14:58:24.820687 7fc1b97fa700 EVENT_LOG_v1 {"time_micros": 1541458704820669, "job": 2, "event": "flush_started", "num_memtables": 2, "num_entries": 59384, "num_deletes": 0, "memory_usage": 248271112, "flush_reason": "Write Buffer Full"}
2018/11/05-14:58:24.820697 7fc1b97fa700 [db/flush_job.cc:331] [usertable] [JOB 2] Level-0 flush table #11: started
2018/11/05-14:58:24.903070 7fc2fd22b700 [db/db_impl_write.cc:1373] [usertable] New memtable created with log file: #19. Immutable memtables: 7.
2018/11/05-14:58:25.164192 7fc2fd32c700 [db/db_impl_write.cc:1373] [usertable] New memtable created with log file: #21. Immutable memtables: 8.
2018/11/05-14:58:25.452636 7fc2fd22b700 [db/db_impl_write.cc:1373] [usertable] New memtable created with log file: #22. Immutable memtables: 9.
2018/11/05-14:58:25.458041 7fc219ffb700 [db/db_impl_compaction_flush.cc:80] [JOB 4] Syncing log #12
2018/11/05-14:58:25.668004 7fc2fce27700 [db/db_impl_write.cc:1373] [usertable] New memtable created with log file: #24. Immutable memtables: 10.
2018/11/05-14:58:25.868764 7fc2fcc25700 [db/db_impl_write.cc:1373] [usertable] New memtable created with log file: #25. Immutable memtables: 11.
2018/11/05-14:58:26.105475 7fc2fd52e700 [db/db_impl_write.cc:1373] [usertable] New memtable created with log file: #27. Immutable memtables: 12.
2018/11/05-14:58:26.340101 7fc2fd22b700 [db/db_impl_write.cc:1373] [usertable] New memtable created with log file: #28. Immutable memtables: 13.
2018/11/05-14:58:26.566864 7fc2fcf28700 [db/db_impl_write.cc:1373] [usertable] New memtable created with log file: #30. Immutable memtables: 14.
2018/11/05-14:58:26.794222 7fc2fcd26700 [db/db_impl_write.cc:1373] [usertable] New memtable created with log file: #31. Immutable memtables: 15.
2018/11/05-14:58:26.992681 7fc2fcb24700 [db/db_impl_write.cc:1373] [usertable] New memtable created with log file: #33. Immutable memtables: 16.
2018/11/05-14:58:27.188968 7fc2fcb24700 [db/db_impl_write.cc:1373] [usertable] New memtable created with log file: #34. Immutable memtables: 17.
2018/11/05-14:58:27.378444 7fc2fce27700 [db/db_impl_write.cc:1373] [usertable] New memtable created with log file: #36. Immutable memtables: 18.
2018/11/05-14:58:27.564000 7fc2fd029700 [db/db_impl_write.cc:1373] [usertable] New memtable created with log file: #37. Immutable memtables: 19.
2018/11/05-14:58:27.759062 7fc2fcd26700 [db/db_impl_write.cc:1373] [usertable] New memtable created with log file: #39. Immutable memtables: 20.
2018/11/05-14:58:27.952303 7fc2fcf28700 [db/db_impl_write.cc:1373] [usertable] New memtable created with log file: #40. Immutable memtables: 21.
2018/11/05-14:58:28.088126 7fc1b97fa700 EVENT_LOG_v1 {"time_micros": 1541458708088083, "cf_name": "usertable", "job": 2, "event": "table_file_creation", "file_number": 11, "file_size": 245932904, "table_properties": {"data_size": 244840232, "index_size": 1091745, "filter_size": 0, "raw_key_size": 1425216, "raw_average_key_size": 24, "raw_value_size": 243236864, "raw_average_value_size": 4096, "num_data_blocks": 29692, "num_entries": 59384, "filter_policy_name": "", "kDeletedKeys": "0", "kMergeOperands": "0"}}
2018/11/05-14:58:28.088159 7fc1b97fa700 [db/flush_job.cc:371] [usertable] [JOB 2] Level-0 flush table #11: 245932904 bytes OK
2018/11/05-14:58:28.102853 7fc219ffb700 [db/db_impl_compaction_flush.cc:80] [JOB 4] Syncing log #13
2018/11/05-14:58:28.157009 7fc2fce27700 [db/db_impl_write.cc:1373] [usertable] New memtable created with log file: #42. Immutable memtables: 22.
2018/11/05-14:58:28.157040 7fc2fce27700 [WARN] [db/column_family.cc:779] [usertable] Stalling writes because we have 23 immutable memtables (waiting for flush), max_write_buffer_number is set to 24 rate 16777216
2018/11/05-14:58:28.238030 7fc1b97fa700 (Original Log Time 2018/11/05-14:58:28.102850) [db/memtable_list.cc:377] [usertable] Level-0 commit table #11 started
2018/11/05-14:58:28.238033 7fc1b97fa700 (Original Log Time 2018/11/05-14:58:28.237888) [db/memtable_list.cc:409] [usertable] Level-0 commit table #11: memtable #1 done
2018/11/05-14:58:28.238035 7fc1b97fa700 (Original Log Time 2018/11/05-14:58:28.237902) [db/memtable_list.cc:409] [usertable] Level-0 commit table #11: memtable #2 done
2018/11/05-14:58:28.238037 7fc1b97fa700 (Original Log Time 2018/11/05-14:58:28.237966) EVENT_LOG_v1 {"time_micros": 1541458708237924, "job": 2, "event": "flush_finished", "output_compression": "NoCompression", "lsm_state": [1, 0, 0, 0, 0, 0, 0], "immutable_memtables": 21}
2018/11/05-14:58:28.238038 7fc1b97fa700 (Original Log Time 2018/11/05-14:58:28.237992) [db/db_impl_compaction_flush.cc:177] [usertable] Level summary: base level 1 max bytes base 536870912 files[1 0 0 0 0 0 0] max score 0.50
2018/11/05-14:58:28.238052 7fc1b97fa700 [db/db_impl_files.cc:347] [JOB 2] Try to delete WAL files size 244654844, prev total WAL file size 2852074852, number of live WAL files 24.
2018/11/05-14:58:28.464241 7fc2fd62f700 [db/db_impl_write.cc:1373] [usertable] New memtable created with log file: #43. Immutable memtables: 21.
2018/11/05-14:58:28.592091 7fc219ffb700 [db/db_impl_compaction_flush.cc:80] [JOB 4] Syncing log #15
2018/11/05-14:58:28.656051 7fc2fd42d700 [db/db_impl_write.cc:1373] [usertable] New memtable created with log file: #45. Immutable memtables: 22.
2018/11/05-14:58:28.656073 7fc2fd42d700 [WARN] [db/column_family.cc:779] [usertable] Stalling writes because we have 23 immutable memtables (waiting for flush), max_write_buffer_number is set to 24 rate 16777216
2018/11/05-14:58:29.077186 7fc219ffb700 (Original Log Time 2018/11/05-14:58:24.450647) [db/db_impl_compaction_flush.cc:1424] Calling FlushMemTableToOutputFile with column family [usertable], flush slots available 24, compaction slots available 1, flush slots scheduled 3, compaction slots scheduled 0
2018/11/05-14:58:29.077205 7fc219ffb700 [db/flush_job.cc:301] [usertable] [JOB 4] Flushing memtable with next log file: 15
2018/11/05-14:58:29.077213 7fc219ffb700 [db/flush_job.cc:301] [usertable] [JOB 4] Flushing memtable with next log file: 16
2018/11/05-14:58:29.077237 7fc21a7fc700 (Original Log Time 2018/11/05-14:58:23.978653) [db/db_impl_compaction_flush.cc:1424] Calling FlushMemTableToOutputFile with column family [usertable], flush slots available 24, compaction slots available 1, flush slots scheduled 2, compaction slots scheduled 0
2018/11/05-14:58:29.077242 7fc21a7fc700 [db/flush_job.cc:301] [usertable] [JOB 3] Flushing memtable with next log file: 12
2018/11/05-14:58:29.077245 7fc219ffb700 EVENT_LOG_v1 {"time_micros": 1541458709077233, "job": 4, "event": "flush_started", "num_memtables": 2, "num_entries": 59559, "num_deletes": 0, "memory_usage": 248970608, "flush_reason": "Write Buffer Full"}
2018/11/05-14:58:29.077247 7fc21a7fc700 [db/flush_job.cc:301] [usertable] [JOB 3] Flushing memtable with next log file: 13
2018/11/05-14:58:29.077252 7fc219ffb700 [db/flush_job.cc:331] [usertable] [JOB 4] Level-0 flush table #17: started
2018/11/05-14:58:29.077262 7fc21a7fc700 EVENT_LOG_v1 {"time_micros": 1541458709077258, "job": 3, "event": "flush_started", "num_memtables": 2, "num_entries": 60121, "num_deletes": 0, "memory_usage": 251309504, "flush_reason": "Write Buffer Full"}
2018/11/05-14:58:29.077269 7fc21a7fc700 [db/flush_job.cc:331] [usertable] [JOB 3] Level-0 flush table #14: started
2018/11/05-14:58:29.077277 7fc2197fa700 [db/db_impl_compaction_flush.cc:80] [JOB 5] Syncing log #16
2018/11/05-14:58:29.735817 7fc2197fa700 [db/db_impl_compaction_flush.cc:80] [JOB 5] Syncing log #18
2018/11/05-14:58:32.079594 7fc2197fa700 (Original Log Time 2018/11/05-14:58:24.903126) [db/db_impl_compaction_flush.cc:1424] Calling FlushMemTableToOutputFile with column family [usertable], flush slots available 24, compaction slots available 1, flush slots scheduled 4, compaction slots scheduled 0
2018/11/05-14:58:32.079603 7fc2197fa700 [db/flush_job.cc:301] [usertable] [JOB 5] Flushing memtable with next log file: 18
2018/11/05-14:58:32.079611 7fc2197fa700 [db/flush_job.cc:301] [usertable] [JOB 5] Flushing memtable with next log file: 19
2018/11/05-14:58:32.079616 7fc218ff9700 [db/db_impl_compaction_flush.cc:80] [JOB 6] Syncing log #19
2018/11/05-14:58:32.079644 7fc2197fa700 EVENT_LOG_v1 {"time_micros": 1541458712079632, "job": 5, "event": "flush_started", "num_memtables": 2, "num_entries": 59550, "num_deletes": 0, "memory_usage": 251032320, "flush_reason": "Write Buffer Full"}
2018/11/05-14:58:32.079652 7fc2197fa700 [db/flush_job.cc:331] [usertable] [JOB 5] Level-0 flush table #20: started
2018/11/05-14:58:33.385449 7fc218ff9700 [db/db_impl_compaction_flush.cc:80] [JOB 6] Syncing log #21
2018/11/05-14:58:34.296836 7fc218ff9700 (Original Log Time 2018/11/05-14:58:25.452694) [db/db_impl_compaction_flush.cc:1424] Calling FlushMemTableToOutputFile with column family [usertable], flush slots available 24, compaction slots available 1, flush slots scheduled 5, compaction slots scheduled 0
2018/11/05-14:58:34.296850 7fc218ff9700 [db/flush_job.cc:301] [usertable] [JOB 6] Flushing memtable with next log file: 21
2018/11/05-14:58:34.296858 7fc218ff9700 [db/flush_job.cc:301] [usertable] [JOB 6] Flushing memtable with next log file: 22
2018/11/05-14:58:34.296860 7fc1fbfff700 [db/db_impl_compaction_flush.cc:80] [JOB 7] Syncing log #22
2018/11/05-14:58:34.296901 7fc218ff9700 EVENT_LOG_v1 {"time_micros": 1541458714296889, "job": 6, "event": "flush_started", "num_memtables": 2, "num_entries": 59679, "num_deletes": 0, "memory_usage": 247385976, "flush_reason": "Write Buffer Full"}
2018/11/05-14:58:34.296910 7fc218ff9700 [db/flush_job.cc:331] [usertable] [JOB 6] Level-0 flush table #23: started
2018/11/05-14:58:35.562831 7fc1fbfff700 [db/db_impl_compaction_flush.cc:80] [JOB 7] Syncing log #24
2018/11/05-14:58:35.563586 7fc219ffb700 EVENT_LOG_v1 {"time_micros": 1541458715563558, "cf_name": "usertable", "job": 4, "event": "table_file_creation", "file_number": 17, "file_size": 246670911, "table_properties": {"data_size": 245568388, "index_size": 1101596, "filter_size": 0, "raw_key_size": 1429416, "raw_average_key_size": 24, "raw_value_size": 243953664, "raw_average_value_size": 4096, "num_data_blocks": 29780, "num_entries": 59559, "filter_policy_name": "", "kDeletedKeys": "0", "kMergeOperands": "0"}}
2018/11/05-14:58:35.563607 7fc219ffb700 [db/flush_job.cc:371] [usertable] [JOB 4] Level-0 flush table #17: 246670911 bytes OK
2018/11/05-14:58:35.563647 7fc219ffb700 [WARN] [db/column_family.cc:779] [usertable] Stalling writes because we have 23 immutable memtables (waiting for flush), max_write_buffer_number is set to 24 rate 16777216
2018/11/05-14:58:35.563682 7fc219ffb700 (Original Log Time 2018/11/05-14:58:35.563636) EVENT_LOG_v1 {"time_micros": 1541458715563626, "job": 4, "event": "flush_finished", "output_compression": "NoCompression", "lsm_state": [1, 0, 0, 0, 0, 0, 0], "immutable_memtables": 23}
2018/11/05-14:58:35.563684 7fc219ffb700 (Original Log Time 2018/11/05-14:58:35.563665) [db/db_impl_compaction_flush.cc:177] [usertable] Level summary: base level 1 max bytes base 536870912 files[1 0 0 0 0 0 0] max score 0.50
2018/11/05-14:58:36.007803 7fc2fcc25700 [db/db_impl_write.cc:1373] [usertable] New memtable created with log file: #46. Immutable memtables: 23.
2018/11/05-14:58:36.007837 7fc2fcc25700 [WARN] [db/column_family.cc:743] [usertable] Stopping writes because we have 24 immutable memtables (waiting for flush), max_write_buffer_number is set to 24
2018/11/05-14:58:37.926711 7fc21a7fc700 EVENT_LOG_v1 {"time_micros": 1541458717926686, "cf_name": "usertable", "job": 3, "event": "table_file_creation", "file_number": 14, "file_size": 248985136, "table_properties": {"data_size": 247878897, "index_size": 1105312, "filter_size": 0, "raw_key_size": 1442904, "raw_average_key_size": 24, "raw_value_size": 246255616, "raw_average_value_size": 4096, "num_data_blocks": 30061, "num_entries": 60121, "filter_policy_name": "", "kDeletedKeys": "0", "kMergeOperands": "0"}}
2018/11/05-14:58:37.926738 7fc21a7fc700 [db/flush_job.cc:371] [usertable] [JOB 3] Level-0 flush table #14: 248985136 bytes OK
2018/11/05-14:58:38.106818 7fc218ff9700 EVENT_LOG_v1 {"time_micros": 1541458718106804, "cf_name": "usertable", "job": 6, "event": "table_file_creation", "file_number": 23, "file_size": 247154644, "table_properties": {"data_size": 246056531, "index_size": 1097186, "filter_size": 0, "raw_key_size": 1432296, "raw_average_key_size": 24, "raw_value_size": 244445184, "raw_average_value_size": 4096, "num_data_blocks": 29840, "num_entries": 59679, "filter_policy_name": "", "kDeletedKeys": "0", "kMergeOperands": "0"}}
2018/11/05-14:58:38.106832 7fc218ff9700 [db/flush_job.cc:371] [usertable] [JOB 6] Level-0 flush table #23: 247154644 bytes OK
2018/11/05-14:58:38.106862 7fc2197fa700 EVENT_LOG_v1 {"time_micros": 1541458718106848, "cf_name": "usertable", "job": 5, "event": "table_file_creation", "file_number": 20, "file_size": 246620371, "table_properties": {"data_size": 245524650, "index_size": 1094794, "filter_size": 0, "raw_key_size": 1429200, "raw_average_key_size": 24, "raw_value_size": 243916800, "raw_average_value_size": 4096, "num_data_blocks": 29775, "num_entries": 59550, "filter_policy_name": "", "kDeletedKeys": "0", "kMergeOperands": "0"}}
2018/11/05-14:58:38.106863 7fc218ff9700 [WARN] [db/column_family.cc:743] [usertable] Stopping writes because we have 24 immutable memtables (waiting for flush), max_write_buffer_number is set to 24
2018/11/05-14:58:38.106875 7fc2197fa700 [db/flush_job.cc:371] [usertable] [JOB 5] Level-0 flush table #20: 246620371 bytes OK
2018/11/05-14:58:38.106899 7fc218ff9700 (Original Log Time 2018/11/05-14:58:38.106850) EVENT_LOG_v1 {"time_micros": 1541458718106843, "job": 6, "event": "flush_finished", "output_compression": "NoCompression", "lsm_state": [1, 0, 0, 0, 0, 0, 0], "immutable_memtables": 24}
2018/11/05-14:58:38.106902 7fc218ff9700 (Original Log Time 2018/11/05-14:58:38.106879) [db/db_impl_compaction_flush.cc:177] [usertable] Level summary: base level 1 max bytes base 536870912 files[1 0 0 0 0 0 0] max score 0.50
2018/11/05-14:58:38.106917 7fc2197fa700 [WARN] [db/column_family.cc:743] [usertable] Stopping writes because we have 24 immutable memtables (waiting for flush), max_write_buffer_number is set to 24
2018/11/05-14:58:38.106936 7fc2197fa700 (Original Log Time 2018/11/05-14:58:38.106913) EVENT_LOG_v1 {"time_micros": 1541458718106908, "job": 5, "event": "flush_finished", "output_compression": "NoCompression", "lsm_state": [1, 0, 0, 0, 0, 0, 0], "immutable_memtables": 24}
2018/11/05-14:58:38.106939 7fc2197fa700 (Original Log Time 2018/11/05-14:58:38.106925) [db/db_impl_compaction_flush.cc:177] [usertable] Level summary: base level 1 max bytes base 536870912 files[1 0 0 0 0 0 0] max score 0.50
2018/11/05-14:58:38.427416 7fc1fbfff700 (Original Log Time 2018/11/05-14:58:25.868854) [db/db_impl_compaction_flush.cc:1424] Calling FlushMemTableToOutputFile with column family [usertable], flush slots available 24, compaction slots available 1, flush slots scheduled 6, compaction slots scheduled 0
