2018/12/26-16:28:17.732899 7fd3beda2700 RocksDB version: 5.14.3
2018/12/26-16:28:17.732951 7fd3beda2700 Git sha rocksdb_build_git_sha:
2018/12/26-16:28:17.732956 7fd3beda2700 Compile date Dec 26 2018
2018/12/26-16:28:17.732963 7fd3beda2700 DB SUMMARY
2018/12/26-16:28:17.732993 7fd3beda2700 SST files in /mnt/sde/ycsb-rocksdb-data dir, Total Num: 0, files: 
2018/12/26-16:28:17.732998 7fd3beda2700 Write Ahead Log file in /mnt/sde/ycsb-rocksdb-data: 
2018/12/26-16:28:17.733003 7fd3beda2700                         Options.error_if_exists: 0
2018/12/26-16:28:17.733005 7fd3beda2700                       Options.create_if_missing: 1
2018/12/26-16:28:17.733006 7fd3beda2700                         Options.paranoid_checks: 1
2018/12/26-16:28:17.733007 7fd3beda2700                                     Options.env: 0x7fd3bd2fc2c0
2018/12/26-16:28:17.733008 7fd3beda2700                                Options.info_log: 0x7fd3743c6e00
2018/12/26-16:28:17.733009 7fd3beda2700                Options.max_file_opening_threads: 16
2018/12/26-16:28:17.733010 7fd3beda2700                              Options.statistics: (nil)
2018/12/26-16:28:17.733011 7fd3beda2700                               Options.use_fsync: 0
2018/12/26-16:28:17.733013 7fd3beda2700                       Options.max_log_file_size: 0
2018/12/26-16:28:17.733014 7fd3beda2700                  Options.max_manifest_file_size: 18446744073709551615
2018/12/26-16:28:17.733017 7fd3beda2700                   Options.log_file_time_to_roll: 0
2018/12/26-16:28:17.733018 7fd3beda2700                       Options.keep_log_file_num: 1000
2018/12/26-16:28:17.733019 7fd3beda2700                    Options.recycle_log_file_num: 0
2018/12/26-16:28:17.733020 7fd3beda2700                         Options.allow_fallocate: 1
2018/12/26-16:28:17.733021 7fd3beda2700                        Options.allow_mmap_reads: 0
2018/12/26-16:28:17.733022 7fd3beda2700                       Options.allow_mmap_writes: 0
2018/12/26-16:28:17.733023 7fd3beda2700                        Options.use_direct_reads: 0
2018/12/26-16:28:17.733024 7fd3beda2700                        Options.use_direct_io_for_flush_and_compaction: 0
2018/12/26-16:28:17.733025 7fd3beda2700          Options.create_missing_column_families: 1
2018/12/26-16:28:17.733026 7fd3beda2700                              Options.db_log_dir: 
2018/12/26-16:28:17.733028 7fd3beda2700                                 Options.wal_dir: /mnt/sde/ycsb-rocksdb-data
2018/12/26-16:28:17.733029 7fd3beda2700                Options.table_cache_numshardbits: 6
2018/12/26-16:28:17.733030 7fd3beda2700                      Options.max_subcompactions: 4
2018/12/26-16:28:17.733031 7fd3beda2700                  Options.max_background_flushes: 24
2018/12/26-16:28:17.733032 7fd3beda2700                         Options.WAL_ttl_seconds: 0
2018/12/26-16:28:17.733033 7fd3beda2700                       Options.WAL_size_limit_MB: 0
2018/12/26-16:28:17.733034 7fd3beda2700             Options.manifest_preallocation_size: 4194304
2018/12/26-16:28:17.733035 7fd3beda2700                     Options.is_fd_close_on_exec: 1
2018/12/26-16:28:17.733036 7fd3beda2700                   Options.advise_random_on_open: 1
2018/12/26-16:28:17.733038 7fd3beda2700                    Options.db_write_buffer_size: 0
2018/12/26-16:28:17.733039 7fd3beda2700                    Options.write_buffer_manager: 0x7fd3743c3e20
2018/12/26-16:28:17.733040 7fd3beda2700         Options.access_hint_on_compaction_start: 1
2018/12/26-16:28:17.733041 7fd3beda2700  Options.new_table_reader_for_compaction_inputs: 0
2018/12/26-16:28:17.733042 7fd3beda2700           Options.random_access_max_buffer_size: 1048576
2018/12/26-16:28:17.733043 7fd3beda2700                      Options.use_adaptive_mutex: 0
2018/12/26-16:28:17.733044 7fd3beda2700                            Options.rate_limiter: (nil)
2018/12/26-16:28:17.733046 7fd3beda2700     Options.sst_file_manager.rate_bytes_per_sec: 0
2018/12/26-16:28:17.733047 7fd3beda2700                       Options.wal_recovery_mode: 2
2018/12/26-16:28:17.733049 7fd3beda2700                  Options.enable_thread_tracking: 0
2018/12/26-16:28:17.733049 7fd3beda2700                  Options.enable_pipelined_write: 1
2018/12/26-16:28:17.733062 7fd3beda2700         Options.allow_concurrent_memtable_write: 1
2018/12/26-16:28:17.733064 7fd3beda2700      Options.enable_write_thread_adaptive_yield: 1
2018/12/26-16:28:17.733065 7fd3beda2700             Options.write_thread_max_yield_usec: 100
2018/12/26-16:28:17.733066 7fd3beda2700            Options.write_thread_slow_yield_usec: 3
2018/12/26-16:28:17.733067 7fd3beda2700                               Options.row_cache: None
2018/12/26-16:28:17.733068 7fd3beda2700                              Options.wal_filter: None
2018/12/26-16:28:17.733069 7fd3beda2700             Options.avoid_flush_during_recovery: 0
2018/12/26-16:28:17.733070 7fd3beda2700             Options.allow_ingest_behind: 0
2018/12/26-16:28:17.733071 7fd3beda2700             Options.preserve_deletes: 0
2018/12/26-16:28:17.733072 7fd3beda2700             Options.two_write_queues: 0
2018/12/26-16:28:17.733073 7fd3beda2700             Options.manual_wal_flush: 0
2018/12/26-16:28:17.733076 7fd3beda2700             Options.max_background_jobs: 24
2018/12/26-16:28:17.733077 7fd3beda2700             Options.max_background_compactions: 24
2018/12/26-16:28:17.733078 7fd3beda2700             Options.avoid_flush_during_shutdown: 0
2018/12/26-16:28:17.733079 7fd3beda2700           Options.writable_file_max_buffer_size: 1048576
2018/12/26-16:28:17.733080 7fd3beda2700             Options.delayed_write_rate : 16777216
2018/12/26-16:28:17.733081 7fd3beda2700             Options.max_total_wal_size: 0
2018/12/26-16:28:17.733082 7fd3beda2700             Options.delete_obsolete_files_period_micros: 21600000000
2018/12/26-16:28:17.733083 7fd3beda2700                   Options.stats_dump_period_sec: 60
2018/12/26-16:28:17.733084 7fd3beda2700                          Options.max_open_files: -1
2018/12/26-16:28:17.733085 7fd3beda2700                          Options.bytes_per_sync: 1048576
2018/12/26-16:28:17.733086 7fd3beda2700                      Options.wal_bytes_per_sync: 0
2018/12/26-16:28:17.733087 7fd3beda2700       Options.compaction_readahead_size: 0
2018/12/26-16:28:17.733089 7fd3beda2700 Compression algorithms supported:
2018/12/26-16:28:17.733090 7fd3beda2700 	kZSTDNotFinalCompression supported: 1
2018/12/26-16:28:17.733100 7fd3beda2700 	kZSTD supported: 1
2018/12/26-16:28:17.733101 7fd3beda2700 	kXpressCompression supported: 0
2018/12/26-16:28:17.733103 7fd3beda2700 	kLZ4HCCompression supported: 1
2018/12/26-16:28:17.733104 7fd3beda2700 	kLZ4Compression supported: 1
2018/12/26-16:28:17.733105 7fd3beda2700 	kBZip2Compression supported: 1
2018/12/26-16:28:17.733106 7fd3beda2700 	kZlibCompression supported: 1
2018/12/26-16:28:17.733108 7fd3beda2700 	kSnappyCompression supported: 1
2018/12/26-16:28:17.733113 7fd3beda2700 Fast CRC32 supported: Supported on x86
2018/12/26-16:28:17.733199 7fd3beda2700 [db/db_impl_open.cc:222] Creating manifest 1 
2018/12/26-16:28:17.832241 7fd3beda2700 [db/version_set.cc:3085] Recovering from manifest file: MANIFEST-000001
2018/12/26-16:28:17.832339 7fd3beda2700 [db/column_family.cc:475] --------------- Options for column family [default]:
2018/12/26-16:28:17.832343 7fd3beda2700               Options.comparator: leveldb.BytewiseComparator
2018/12/26-16:28:17.832344 7fd3beda2700           Options.merge_operator: None
2018/12/26-16:28:17.832346 7fd3beda2700        Options.compaction_filter: None
2018/12/26-16:28:17.832347 7fd3beda2700        Options.compaction_filter_factory: None
2018/12/26-16:28:17.832348 7fd3beda2700         Options.memtable_factory: SkipListFactory
2018/12/26-16:28:17.832349 7fd3beda2700            Options.table_factory: BlockBasedTable
2018/12/26-16:28:17.832379 7fd3beda2700            table_factory options:   flush_block_policy_factory: FlushBlockBySizePolicyFactory (0x7fd374378330)
  cache_index_and_filter_blocks: 0
  cache_index_and_filter_blocks_with_high_priority: 0
  pin_l0_filter_and_index_blocks_in_cache: 0
  index_type: 0
  hash_index_allow_collision: 1
  checksum: 1
  no_block_cache: 0
  block_cache: 0x7fd3743844d0
  block_cache_name: LRUCache
  block_cache_options:
    capacity : 8388608
    num_shard_bits : 4
    strict_capacity_limit : 0
    high_pri_pool_ratio: 0.000
  block_cache_compressed: (nil)
  persistent_cache: (nil)
  block_size: 8192
  block_size_deviation: 10
  block_restart_interval: 16
  index_block_restart_interval: 1
  metadata_block_size: 4096
  partition_filters: 0
  use_delta_encoding: 1
  filter_policy: nullptr
  whole_key_filtering: 1
  verify_compression: 0
  read_amp_bytes_per_bit: 0
  format_version: 2
  enable_index_compression: 1
  block_align: 0
2018/12/26-16:28:17.832395 7fd3beda2700        Options.write_buffer_size: 134217728
2018/12/26-16:28:17.832397 7fd3beda2700  Options.max_write_buffer_number: 24
2018/12/26-16:28:17.832398 7fd3beda2700        Options.compression[0]: NoCompression
2018/12/26-16:28:17.832400 7fd3beda2700        Options.compression[1]: NoCompression
2018/12/26-16:28:17.832401 7fd3beda2700        Options.compression[2]: LZ4
2018/12/26-16:28:17.832402 7fd3beda2700        Options.compression[3]: LZ4
2018/12/26-16:28:17.832403 7fd3beda2700        Options.compression[4]: LZ4
2018/12/26-16:28:17.832404 7fd3beda2700        Options.compression[5]: LZ4
2018/12/26-16:28:17.832405 7fd3beda2700        Options.compression[6]: LZ4
2018/12/26-16:28:17.832407 7fd3beda2700                  Options.bottommost_compression: Disabled
2018/12/26-16:28:17.832408 7fd3beda2700       Options.prefix_extractor: nullptr
2018/12/26-16:28:17.832409 7fd3beda2700   Options.memtable_insert_with_hint_prefix_extractor: nullptr
2018/12/26-16:28:17.832410 7fd3beda2700             Options.num_levels: 7
2018/12/26-16:28:17.832411 7fd3beda2700        Options.min_write_buffer_number_to_merge: 2
2018/12/26-16:28:17.832412 7fd3beda2700     Options.max_write_buffer_number_to_maintain: 0
2018/12/26-16:28:17.832413 7fd3beda2700            Options.compression_opts.window_bits: -14
2018/12/26-16:28:17.832414 7fd3beda2700                  Options.compression_opts.level: -1
2018/12/26-16:28:17.832416 7fd3beda2700               Options.compression_opts.strategy: 0
2018/12/26-16:28:17.832417 7fd3beda2700         Options.compression_opts.max_dict_bytes: 0
2018/12/26-16:28:17.832418 7fd3beda2700         Options.compression_opts.zstd_max_train_bytes: 0
2018/12/26-16:28:17.832419 7fd3beda2700      Options.level0_file_num_compaction_trigger: 2
2018/12/26-16:28:17.832420 7fd3beda2700          Options.level0_slowdown_writes_trigger: 20
2018/12/26-16:28:17.832421 7fd3beda2700              Options.level0_stop_writes_trigger: 36
2018/12/26-16:28:17.832422 7fd3beda2700                   Options.target_file_size_base: 67108864
2018/12/26-16:28:17.832423 7fd3beda2700             Options.target_file_size_multiplier: 1
2018/12/26-16:28:17.832424 7fd3beda2700                Options.max_bytes_for_level_base: 536870912
2018/12/26-16:28:17.832425 7fd3beda2700 Options.level_compaction_dynamic_level_bytes: 0
2018/12/26-16:28:17.832426 7fd3beda2700          Options.max_bytes_for_level_multiplier: 10.000000
2018/12/26-16:28:17.832429 7fd3beda2700 Options.max_bytes_for_level_multiplier_addtl[0]: 1
2018/12/26-16:28:17.832430 7fd3beda2700 Options.max_bytes_for_level_multiplier_addtl[1]: 1
2018/12/26-16:28:17.832431 7fd3beda2700 Options.max_bytes_for_level_multiplier_addtl[2]: 1
2018/12/26-16:28:17.832433 7fd3beda2700 Options.max_bytes_for_level_multiplier_addtl[3]: 1
2018/12/26-16:28:17.832434 7fd3beda2700 Options.max_bytes_for_level_multiplier_addtl[4]: 1
2018/12/26-16:28:17.832435 7fd3beda2700 Options.max_bytes_for_level_multiplier_addtl[5]: 1
2018/12/26-16:28:17.832436 7fd3beda2700 Options.max_bytes_for_level_multiplier_addtl[6]: 1
2018/12/26-16:28:17.832437 7fd3beda2700       Options.max_sequential_skip_in_iterations: 8
2018/12/26-16:28:17.832438 7fd3beda2700                    Options.max_compaction_bytes: 1677721600
2018/12/26-16:28:17.832439 7fd3beda2700                        Options.arena_block_size: 16777216
2018/12/26-16:28:17.832440 7fd3beda2700   Options.soft_pending_compaction_bytes_limit: 68719476736
2018/12/26-16:28:17.832441 7fd3beda2700   Options.hard_pending_compaction_bytes_limit: 274877906944
2018/12/26-16:28:17.832451 7fd3beda2700       Options.rate_limit_delay_max_milliseconds: 100
2018/12/26-16:28:17.832452 7fd3beda2700                Options.disable_auto_compactions: 0
2018/12/26-16:28:17.832455 7fd3beda2700                        Options.compaction_style: kCompactionStyleLevel
2018/12/26-16:28:17.832457 7fd3beda2700                          Options.compaction_pri: kByCompensatedSize
2018/12/26-16:28:17.832458 7fd3beda2700 Options.compaction_options_universal.size_ratio: 1
2018/12/26-16:28:17.832459 7fd3beda2700 Options.compaction_options_universal.min_merge_width: 2
2018/12/26-16:28:17.832460 7fd3beda2700 Options.compaction_options_universal.max_merge_width: 4294967295
2018/12/26-16:28:17.832462 7fd3beda2700 Options.compaction_options_universal.max_size_amplification_percent: 200
2018/12/26-16:28:17.832463 7fd3beda2700 Options.compaction_options_universal.compression_size_percent: -1
2018/12/26-16:28:17.832464 7fd3beda2700 Options.compaction_options_universal.stop_style: kCompactionStopStyleTotalSize
2018/12/26-16:28:17.832466 7fd3beda2700 Options.compaction_options_fifo.max_table_files_size: 1073741824
2018/12/26-16:28:17.832467 7fd3beda2700 Options.compaction_options_fifo.allow_compaction: 0
2018/12/26-16:28:17.832468 7fd3beda2700 Options.compaction_options_fifo.ttl: 0
2018/12/26-16:28:17.832469 7fd3beda2700                   Options.table_properties_collectors: 
2018/12/26-16:28:17.832470 7fd3beda2700                   Options.inplace_update_support: 0
2018/12/26-16:28:17.832471 7fd3beda2700                 Options.inplace_update_num_locks: 10000
2018/12/26-16:28:17.832472 7fd3beda2700               Options.memtable_prefix_bloom_size_ratio: 0.000000
2018/12/26-16:28:17.832474 7fd3beda2700   Options.memtable_huge_page_size: 0
2018/12/26-16:28:17.832475 7fd3beda2700                           Options.bloom_locality: 0
2018/12/26-16:28:17.832476 7fd3beda2700                    Options.max_successive_merges: 0
2018/12/26-16:28:17.832477 7fd3beda2700                Options.optimize_filters_for_hits: 0
2018/12/26-16:28:17.832478 7fd3beda2700                Options.paranoid_file_checks: 0
2018/12/26-16:28:17.832479 7fd3beda2700                Options.force_consistency_checks: 0
2018/12/26-16:28:17.832480 7fd3beda2700                Options.report_bg_io_stats: 0
2018/12/26-16:28:17.832481 7fd3beda2700                               Options.ttl: 0
2018/12/26-16:28:17.832966 7fd3beda2700 [db/version_set.cc:3361] Recovered from manifest file:/mnt/sde/ycsb-rocksdb-data/MANIFEST-000001 succeeded,manifest_file_number is 1, next_file_number is 3, last_sequence is 0, log_number is 0,prev_log_number is 0,max_column_family is 0,min_log_number_to_keep is 0
2018/12/26-16:28:17.832971 7fd3beda2700 [db/version_set.cc:3369] Column family [default] (ID 0), log number is 0
2018/12/26-16:28:17.833135 7fd3beda2700 [db/version_set.cc:2847] Creating manifest 4
2018/12/26-16:28:17.903750 7fd3beda2700 [db/column_family.cc:475] --------------- Options for column family [usertable]:
2018/12/26-16:28:17.903755 7fd3beda2700               Options.comparator: leveldb.BytewiseComparator
2018/12/26-16:28:17.903756 7fd3beda2700           Options.merge_operator: None
2018/12/26-16:28:17.903758 7fd3beda2700        Options.compaction_filter: None
2018/12/26-16:28:17.903759 7fd3beda2700        Options.compaction_filter_factory: None
2018/12/26-16:28:17.903760 7fd3beda2700         Options.memtable_factory: SkipListFactory
2018/12/26-16:28:17.903761 7fd3beda2700            Options.table_factory: BlockBasedTable
2018/12/26-16:28:17.903787 7fd3beda2700            table_factory options:   flush_block_policy_factory: FlushBlockBySizePolicyFactory (0x7fd374378410)
  cache_index_and_filter_blocks: 0
  cache_index_and_filter_blocks_with_high_priority: 0
  pin_l0_filter_and_index_blocks_in_cache: 0
  index_type: 0
  hash_index_allow_collision: 1
  checksum: 1
  no_block_cache: 0
  block_cache: 0x7fd374378eb0
  block_cache_name: LRUCache
  block_cache_options:
    capacity : 8388608
    num_shard_bits : 4
    strict_capacity_limit : 0
    high_pri_pool_ratio: 0.000
  block_cache_compressed: (nil)
  persistent_cache: (nil)
  block_size: 8192
  block_size_deviation: 10
  block_restart_interval: 16
  index_block_restart_interval: 1
  metadata_block_size: 4096
  partition_filters: 0
  use_delta_encoding: 1
  filter_policy: nullptr
  whole_key_filtering: 1
  verify_compression: 0
  read_amp_bytes_per_bit: 0
  format_version: 2
  enable_index_compression: 1
  block_align: 0
2018/12/26-16:28:17.903789 7fd3beda2700        Options.write_buffer_size: 134217728
2018/12/26-16:28:17.903790 7fd3beda2700  Options.max_write_buffer_number: 24
2018/12/26-16:28:17.903792 7fd3beda2700        Options.compression[0]: NoCompression
2018/12/26-16:28:17.903793 7fd3beda2700        Options.compression[1]: NoCompression
2018/12/26-16:28:17.903794 7fd3beda2700        Options.compression[2]: LZ4
2018/12/26-16:28:17.903795 7fd3beda2700        Options.compression[3]: LZ4
2018/12/26-16:28:17.903796 7fd3beda2700        Options.compression[4]: LZ4
2018/12/26-16:28:17.903797 7fd3beda2700        Options.compression[5]: LZ4
2018/12/26-16:28:17.903798 7fd3beda2700        Options.compression[6]: LZ4
2018/12/26-16:28:17.903799 7fd3beda2700                  Options.bottommost_compression: Disabled
2018/12/26-16:28:17.903801 7fd3beda2700       Options.prefix_extractor: nullptr
2018/12/26-16:28:17.903802 7fd3beda2700   Options.memtable_insert_with_hint_prefix_extractor: nullptr
2018/12/26-16:28:17.903803 7fd3beda2700             Options.num_levels: 7
2018/12/26-16:28:17.903804 7fd3beda2700        Options.min_write_buffer_number_to_merge: 2
2018/12/26-16:28:17.903805 7fd3beda2700     Options.max_write_buffer_number_to_maintain: 0
2018/12/26-16:28:17.903806 7fd3beda2700            Options.compression_opts.window_bits: -14
2018/12/26-16:28:17.903807 7fd3beda2700                  Options.compression_opts.level: -1
2018/12/26-16:28:17.903808 7fd3beda2700               Options.compression_opts.strategy: 0
2018/12/26-16:28:17.903809 7fd3beda2700         Options.compression_opts.max_dict_bytes: 0
2018/12/26-16:28:17.903810 7fd3beda2700         Options.compression_opts.zstd_max_train_bytes: 0
2018/12/26-16:28:17.903811 7fd3beda2700      Options.level0_file_num_compaction_trigger: 2
2018/12/26-16:28:17.903812 7fd3beda2700          Options.level0_slowdown_writes_trigger: 20
2018/12/26-16:28:17.903813 7fd3beda2700              Options.level0_stop_writes_trigger: 36
2018/12/26-16:28:17.903814 7fd3beda2700                   Options.target_file_size_base: 67108864
2018/12/26-16:28:17.903815 7fd3beda2700             Options.target_file_size_multiplier: 1
2018/12/26-16:28:17.903816 7fd3beda2700                Options.max_bytes_for_level_base: 536870912
2018/12/26-16:28:17.903817 7fd3beda2700 Options.level_compaction_dynamic_level_bytes: 0
2018/12/26-16:28:17.903818 7fd3beda2700          Options.max_bytes_for_level_multiplier: 10.000000
2018/12/26-16:28:17.903821 7fd3beda2700 Options.max_bytes_for_level_multiplier_addtl[0]: 1
2018/12/26-16:28:17.903831 7fd3beda2700 Options.max_bytes_for_level_multiplier_addtl[1]: 1
2018/12/26-16:28:17.903833 7fd3beda2700 Options.max_bytes_for_level_multiplier_addtl[2]: 1
2018/12/26-16:28:17.903834 7fd3beda2700 Options.max_bytes_for_level_multiplier_addtl[3]: 1
2018/12/26-16:28:17.903835 7fd3beda2700 Options.max_bytes_for_level_multiplier_addtl[4]: 1
2018/12/26-16:28:17.903836 7fd3beda2700 Options.max_bytes_for_level_multiplier_addtl[5]: 1
2018/12/26-16:28:17.903837 7fd3beda2700 Options.max_bytes_for_level_multiplier_addtl[6]: 1
2018/12/26-16:28:17.903838 7fd3beda2700       Options.max_sequential_skip_in_iterations: 8
2018/12/26-16:28:17.903839 7fd3beda2700                    Options.max_compaction_bytes: 1677721600
2018/12/26-16:28:17.903840 7fd3beda2700                        Options.arena_block_size: 16777216
2018/12/26-16:28:17.903841 7fd3beda2700   Options.soft_pending_compaction_bytes_limit: 68719476736
2018/12/26-16:28:17.903842 7fd3beda2700   Options.hard_pending_compaction_bytes_limit: 274877906944
2018/12/26-16:28:17.903843 7fd3beda2700       Options.rate_limit_delay_max_milliseconds: 100
2018/12/26-16:28:17.903845 7fd3beda2700                Options.disable_auto_compactions: 0
2018/12/26-16:28:17.903847 7fd3beda2700                        Options.compaction_style: kCompactionStyleLevel
2018/12/26-16:28:17.903848 7fd3beda2700                          Options.compaction_pri: kByCompensatedSize
2018/12/26-16:28:17.903850 7fd3beda2700 Options.compaction_options_universal.size_ratio: 1
2018/12/26-16:28:17.903851 7fd3beda2700 Options.compaction_options_universal.min_merge_width: 2
2018/12/26-16:28:17.903852 7fd3beda2700 Options.compaction_options_universal.max_merge_width: 4294967295
2018/12/26-16:28:17.903853 7fd3beda2700 Options.compaction_options_universal.max_size_amplification_percent: 200
2018/12/26-16:28:17.903854 7fd3beda2700 Options.compaction_options_universal.compression_size_percent: -1
2018/12/26-16:28:17.903856 7fd3beda2700 Options.compaction_options_universal.stop_style: kCompactionStopStyleTotalSize
2018/12/26-16:28:17.903857 7fd3beda2700 Options.compaction_options_fifo.max_table_files_size: 1073741824
2018/12/26-16:28:17.903858 7fd3beda2700 Options.compaction_options_fifo.allow_compaction: 0
2018/12/26-16:28:17.903859 7fd3beda2700 Options.compaction_options_fifo.ttl: 0
2018/12/26-16:28:17.903860 7fd3beda2700                   Options.table_properties_collectors: 
2018/12/26-16:28:17.903861 7fd3beda2700                   Options.inplace_update_support: 0
2018/12/26-16:28:17.903862 7fd3beda2700                 Options.inplace_update_num_locks: 10000
2018/12/26-16:28:17.903863 7fd3beda2700               Options.memtable_prefix_bloom_size_ratio: 0.000000
2018/12/26-16:28:17.903865 7fd3beda2700   Options.memtable_huge_page_size: 0
2018/12/26-16:28:17.903866 7fd3beda2700                           Options.bloom_locality: 0
2018/12/26-16:28:17.903867 7fd3beda2700                    Options.max_successive_merges: 0
2018/12/26-16:28:17.903868 7fd3beda2700                Options.optimize_filters_for_hits: 0
2018/12/26-16:28:17.903869 7fd3beda2700                Options.paranoid_file_checks: 0
2018/12/26-16:28:17.903870 7fd3beda2700                Options.force_consistency_checks: 0
2018/12/26-16:28:17.903871 7fd3beda2700                Options.report_bg_io_stats: 0
2018/12/26-16:28:17.903872 7fd3beda2700                               Options.ttl: 0
2018/12/26-16:28:17.903946 7fd3beda2700 [db/db_impl.cc:1396] Created column family [usertable] (ID 1)
2018/12/26-16:28:17.980229 7fd3beda2700 [db/db_impl_open.cc:1219] DB pointer 0x7fd3743c7550
2018/12/26-16:28:26.528971 7fd3be499700 [db/db_impl_write.cc:1373] [usertable] New memtable created with log file: #9. Immutable memtables: 0.
2018/12/26-16:28:35.493640 7fd3beda2700 [db/db_impl_write.cc:1373] [usertable] New memtable created with log file: #10. Immutable memtables: 1.
2018/12/26-16:28:35.493906 7fd2d37fe700 [db/db_impl_compaction_flush.cc:80] [JOB 2] Syncing log #3
2018/12/26-16:28:35.732306 7fd2d37fe700 [db/db_impl_compaction_flush.cc:80] [JOB 2] Syncing log #9
2018/12/26-16:28:37.433185 7fd2d37fe700 (Original Log Time 2018/12/26-16:28:35.493848) [db/db_impl_compaction_flush.cc:1424] Calling FlushMemTableToOutputFile with column family [usertable], flush slots available 24, compaction slots available 1, flush slots scheduled 1, compaction slots scheduled 0
2018/12/26-16:28:37.433205 7fd2d37fe700 [db/flush_job.cc:301] [usertable] [JOB 2] Flushing memtable with next log file: 9
2018/12/26-16:28:37.433221 7fd2d37fe700 [db/flush_job.cc:301] [usertable] [JOB 2] Flushing memtable with next log file: 10
2018/12/26-16:28:37.433280 7fd2d37fe700 EVENT_LOG_v1 {"time_micros": 1545870517433261, "job": 2, "event": "flush_started", "num_memtables": 2, "num_entries": 61287, "num_deletes": 0, "memory_usage": 254056552, "flush_reason": "Write Buffer Full"}
2018/12/26-16:28:37.433295 7fd2d37fe700 [db/flush_job.cc:331] [usertable] [JOB 2] Level-0 flush table #11: started
2018/12/26-16:28:39.769080 7fd2d37fe700 EVENT_LOG_v1 {"time_micros": 1545870519769057, "cf_name": "usertable", "job": 2, "event": "table_file_creation", "file_number": 11, "file_size": 253813999, "table_properties": {"data_size": 252686315, "index_size": 1126757, "filter_size": 0, "raw_key_size": 1470888, "raw_average_key_size": 24, "raw_value_size": 251031552, "raw_average_value_size": 4096, "num_data_blocks": 30644, "num_entries": 61287, "filter_policy_name": "", "kDeletedKeys": "0", "kMergeOperands": "0"}}
2018/12/26-16:28:39.769120 7fd2d37fe700 [db/flush_job.cc:371] [usertable] [JOB 2] Level-0 flush table #11: 253813999 bytes OK
2018/12/26-16:28:39.797070 7fd2d37fe700 (Original Log Time 2018/12/26-16:28:39.769138) [db/memtable_list.cc:377] [usertable] Level-0 commit table #11 started
2018/12/26-16:28:39.797074 7fd2d37fe700 (Original Log Time 2018/12/26-16:28:39.796971) [db/memtable_list.cc:409] [usertable] Level-0 commit table #11: memtable #1 done
2018/12/26-16:28:39.797076 7fd2d37fe700 (Original Log Time 2018/12/26-16:28:39.796983) [db/memtable_list.cc:409] [usertable] Level-0 commit table #11: memtable #2 done
2018/12/26-16:28:39.797078 7fd2d37fe700 (Original Log Time 2018/12/26-16:28:39.797006) EVENT_LOG_v1 {"time_micros": 1545870519796997, "job": 2, "event": "flush_finished", "output_compression": "NoCompression", "lsm_state": [1, 0, 0, 0, 0, 0, 0], "immutable_memtables": 0}
2018/12/26-16:28:39.797080 7fd2d37fe700 (Original Log Time 2018/12/26-16:28:39.797039) [db/db_impl_compaction_flush.cc:177] [usertable] Level summary: base level 1 max bytes base 536870912 files[1 0 0 0 0 0 0] max score 0.50
2018/12/26-16:28:39.797101 7fd2d37fe700 [db/db_impl_files.cc:347] [JOB 2] Try to delete WAL files size 253049619, prev total WAL file size 315248611, number of live WAL files 3.
2018/12/26-16:28:44.458812 7fd3bea9f700 [db/db_impl_write.cc:1373] [usertable] New memtable created with log file: #12. Immutable memtables: 0.
2018/12/26-16:28:53.423510 7fd3be59a700 [db/db_impl_write.cc:1373] [usertable] New memtable created with log file: #13. Immutable memtables: 1.
2018/12/26-16:28:53.423603 7fd2d2ffd700 [db/db_impl_compaction_flush.cc:80] [JOB 3] Syncing log #10
2018/12/26-16:28:54.090759 7fd2d2ffd700 [db/db_impl_compaction_flush.cc:80] [JOB 3] Syncing log #12
2018/12/26-16:28:55.293431 7fd2d2ffd700 (Original Log Time 2018/12/26-16:28:53.423581) [db/db_impl_compaction_flush.cc:1424] Calling FlushMemTableToOutputFile with column family [usertable], flush slots available 24, compaction slots available 1, flush slots scheduled 1, compaction slots scheduled 0
2018/12/26-16:28:55.293445 7fd2d2ffd700 [db/flush_job.cc:301] [usertable] [JOB 3] Flushing memtable with next log file: 12
2018/12/26-16:28:55.293453 7fd2d2ffd700 [db/flush_job.cc:301] [usertable] [JOB 3] Flushing memtable with next log file: 13
2018/12/26-16:28:55.293488 7fd2d2ffd700 EVENT_LOG_v1 {"time_micros": 1545870535293478, "job": 3, "event": "flush_started", "num_memtables": 2, "num_entries": 62755, "num_deletes": 0, "memory_usage": 260073288, "flush_reason": "Write Buffer Full"}
2018/12/26-16:28:55.293496 7fd2d2ffd700 [db/flush_job.cc:331] [usertable] [JOB 3] Level-0 flush table #14: started
2018/12/26-16:28:56.625173 7fd2d2ffd700 EVENT_LOG_v1 {"time_micros": 1545870536625147, "cf_name": "usertable", "job": 3, "event": "table_file_creation", "file_number": 14, "file_size": 259907502, "table_properties": {"data_size": 258745853, "index_size": 1160722, "filter_size": 0, "raw_key_size": 1506120, "raw_average_key_size": 24, "raw_value_size": 257044480, "raw_average_value_size": 4096, "num_data_blocks": 31378, "num_entries": 62755, "filter_policy_name": "", "kDeletedKeys": "0", "kMergeOperands": "0"}}
2018/12/26-16:28:56.625196 7fd2d2ffd700 [db/flush_job.cc:371] [usertable] [JOB 3] Level-0 flush table #14: 259907502 bytes OK
2018/12/26-16:28:56.653387 7fd2d2ffd700 (Original Log Time 2018/12/26-16:28:56.625215) [db/memtable_list.cc:377] [usertable] Level-0 commit table #14 started
2018/12/26-16:28:56.653392 7fd2d2ffd700 (Original Log Time 2018/12/26-16:28:56.653262) [db/memtable_list.cc:409] [usertable] Level-0 commit table #14: memtable #1 done
2018/12/26-16:28:56.653395 7fd2d2ffd700 (Original Log Time 2018/12/26-16:28:56.653266) [db/memtable_list.cc:409] [usertable] Level-0 commit table #14: memtable #2 done
2018/12/26-16:28:56.653398 7fd2d2ffd700 (Original Log Time 2018/12/26-16:28:56.653306) EVENT_LOG_v1 {"time_micros": 1545870536653293, "job": 3, "event": "flush_finished", "output_compression": "NoCompression", "lsm_state": [2, 0, 0, 0, 0, 0, 0], "immutable_memtables": 0}
2018/12/26-16:28:56.653401 7fd2d2ffd700 (Original Log Time 2018/12/26-16:28:56.653358) [db/db_impl_compaction_flush.cc:177] [usertable] Level summary: base level 1 max bytes base 536870912 files[2 0 0 0 0 0 0] max score 1.00
2018/12/26-16:28:56.653417 7fd2d2ffd700 [db/db_impl_files.cc:347] [JOB 3] Try to delete WAL files size 259114267, prev total WAL file size 305788279, number of live WAL files 3.
2018/12/26-16:28:56.653619 7fd3bc984700 [WARN] [db/db_impl.cc:491] ------- DUMPING STATS -------
2018/12/26-16:28:56.653661 7fd3bc984700 [WARN] [db/db_impl.cc:492] 
** DB Stats **
Uptime(secs): 38.8 total, 38.8 interval
Cumulative writes: 135K writes, 135K keys, 134K commit groups, 1.0 writes per commit group, ingest: 0.52 GB, 13.73 MB/s
Cumulative WAL: 135K writes, 0 syncs, 135348.00 writes per sync, written: 0.52 GB, 13.73 MB/s
Cumulative stall: 00:00:0.000 H:M:S, 0.0 percent
Interval writes: 135K writes, 135K keys, 134K commit groups, 1.0 writes per commit group, ingest: 532.96 MB, 13.73 MB/s
Interval WAL: 135K writes, 0 syncs, 135348.00 writes per sync, written: 0.52 MB, 13.73 MB/s
Interval stall: 00:00:0.000 H:M:S, 0.0 percent

** Compaction Stats [default] **
Level    Files   Size     Score Read(GB)  Rn(GB) Rnp1(GB) Write(GB) Wnew(GB) Moved(GB) W-Amp Rd(MB/s) Wr(MB/s) Comp(sec) Comp(cnt) Avg(sec) KeyIn KeyDrop
----------------------------------------------------------------------------------------------------------------------------------------------------------
 Sum      0/0    0.00 KB   0.0      0.0     0.0      0.0       0.0      0.0       0.0   0.0      0.0      0.0         0         0    0.000       0      0
 Int      0/0    0.00 KB   0.0      0.0     0.0      0.0       0.0      0.0       0.0   0.0      0.0      0.0         0         0    0.000       0      0
Uptime(secs): 38.8 total, 38.8 interval
Flush(GB): cumulative 0.000, interval 0.000
AddFile(GB): cumulative 0.000, interval 0.000
AddFile(Total Files): cumulative 0, interval 0
AddFile(L0 Files): cumulative 0, interval 0
AddFile(Keys): cumulative 0, interval 0
Cumulative compaction: 0.00 GB write, 0.00 MB/s write, 0.00 GB read, 0.00 MB/s read, 0.0 seconds
Interval compaction: 0.00 GB write, 0.00 MB/s write, 0.00 GB read, 0.00 MB/s read, 0.0 seconds
Stalls(count): 0 level0_slowdown, 0 level0_slowdown_with_compaction, 0 level0_numfiles, 0 level0_numfiles_with_compaction, 0 stop for pending_compaction_bytes, 0 slowdown for pending_compaction_bytes, 0 memtable_compaction, 0 memtable_slowdown, interval 0 total count

** File Read Latency Histogram By Level [default] **

** Compaction Stats [usertable] **
Level    Files   Size     Score Read(GB)  Rn(GB) Rnp1(GB) Write(GB) Wnew(GB) Moved(GB) W-Amp Rd(MB/s) Wr(MB/s) Comp(sec) Comp(cnt) Avg(sec) KeyIn KeyDrop
----------------------------------------------------------------------------------------------------------------------------------------------------------
  L0      2/0   489.92 MB   1.0      0.0     0.0      0.0       0.5      0.5       0.0   1.0      0.0    133.6         4         2    1.834       0      0
 Sum      2/0   489.92 MB   0.0      0.0     0.0      0.0       0.5      0.5       0.0   1.0      0.0    133.6         4         2    1.834       0      0
 Int      0/0    0.00 KB   0.0      0.0     0.0      0.0       0.5      0.5       0.0   1.0      0.0    133.6         4         2    1.834       0      0
Uptime(secs): 38.7 total, 38.7 interval
Flush(GB): cumulative 0.478, interval 0.478
AddFile(GB): cumulative 0.000, interval 0.000
AddFile(Total Files): cumulative 0, interval 0
AddFile(L0 Files): cumulative 0, interval 0
AddFile(Keys): cumulative 0, interval 0
Cumulative compaction: 0.48 GB write, 12.64 MB/s write, 0.00 GB read, 0.00 MB/s read, 3.7 seconds
Interval compaction: 0.48 GB write, 12.64 MB/s write, 0.00 GB read, 0.00 MB/s read, 3.7 seconds
Stalls(count): 0 level0_slowdown, 0 level0_slowdown_with_compaction, 0 level0_numfiles, 0 level0_numfiles_with_compaction, 0 stop for pending_compaction_bytes, 0 slowdown for pending_compaction_bytes, 0 memtable_compaction, 0 memtable_slowdown, interval 0 total count

** File Read Latency Histogram By Level [usertable] **

** Compaction Stats [default] **
Level    Files   Size     Score Read(GB)  Rn(GB) Rnp1(GB) Write(GB) Wnew(GB) Moved(GB) W-Amp Rd(MB/s) Wr(MB/s) Comp(sec) Comp(cnt) Avg(sec) KeyIn KeyDrop
----------------------------------------------------------------------------------------------------------------------------------------------------------
 Sum      0/0    0.00 KB   0.0      0.0     0.0      0.0       0.0      0.0       0.0   0.0      0.0      0.0         0         0    0.000       0      0
 Int      0/0    0.00 KB   0.0      0.0     0.0      0.0       0.0      0.0       0.0   0.0      0.0      0.0         0         0    0.000       0      0
Uptime(secs): 38.8 total, 0.0 interval
Flush(GB): cumulative 0.000, interval 0.000
AddFile(GB): cumulative 0.000, interval 0.000
AddFile(Total Files): cumulative 0, interval 0
AddFile(L0 Files): cumulative 0, interval 0
AddFile(Keys): cumulative 0, interval 0
Cumulative compaction: 0.00 GB write, 0.00 MB/s write, 0.00 GB read, 0.00 MB/s read, 0.0 seconds
Interval compaction: 0.00 GB write, 0.00 MB/s write, 0.00 GB read, 0.00 MB/s read, 0.0 seconds
Stalls(count): 0 level0_slowdown, 0 level0_slowdown_with_compaction, 0 level0_numfiles, 0 level0_numfiles_with_compaction, 0 stop for pending_compaction_bytes, 0 slowdown for pending_compaction_bytes, 0 memtable_compaction, 0 memtable_slowdown, interval 0 total count

** File Read Latency Histogram By Level [default] **

** Compaction Stats [usertable] **
Level    Files   Size     Score Read(GB)  Rn(GB) Rnp1(GB) Write(GB) Wnew(GB) Moved(GB) W-Amp Rd(MB/s) Wr(MB/s) Comp(sec) Comp(cnt) Avg(sec) KeyIn KeyDrop
----------------------------------------------------------------------------------------------------------------------------------------------------------
  L0      2/0   489.92 MB   1.0      0.0     0.0      0.0       0.5      0.5       0.0   1.0      0.0    133.6         4         2    1.834       0      0
 Sum      2/0   489.92 MB   0.0      0.0     0.0      0.0       0.5      0.5       0.0   1.0      0.0    133.6         4         2    1.834       0      0
 Int      0/0    0.00 KB   0.0      0.0     0.0      0.0       0.0      0.0       0.0   0.0      0.0      0.0         0         0    0.000       0      0
Uptime(secs): 38.7 total, 0.0 interval
Flush(GB): cumulative 0.478, interval 0.000
AddFile(GB): cumulative 0.000, interval 0.000
AddFile(Total Files): cumulative 0, interval 0
AddFile(L0 Files): cumulative 0, interval 0
AddFile(Keys): cumulative 0, interval 0
Cumulative compaction: 0.48 GB write, 12.64 MB/s write, 0.00 GB read, 0.00 MB/s read, 3.7 seconds
Interval compaction: 0.00 GB write, 0.00 MB/s write, 0.00 GB read, 0.00 MB/s read, 0.0 seconds
Stalls(count): 0 level0_slowdown, 0 level0_slowdown_with_compaction, 0 level0_numfiles, 0 level0_numfiles_with_compaction, 0 stop for pending_compaction_bytes, 0 slowdown for pending_compaction_bytes, 0 memtable_compaction, 0 memtable_slowdown, interval 0 total count

** File Read Latency Histogram By Level [usertable] **
2018/12/26-16:28:56.682055 7fd3bc984700 (Original Log Time 2018/12/26-16:28:56.653770) [db/db_impl_compaction_flush.cc:1835] [usertable] Moving #14 to level-1 259907502 bytes
2018/12/26-16:28:56.682059 7fd3bc984700 (Original Log Time 2018/12/26-16:28:56.681992) EVENT_LOG_v1 {"time_micros": 1545870536681975, "job": 4, "event": "trivial_move", "destination_level": 1, "files": 1, "total_files_size": 259907502}
2018/12/26-16:28:56.682061 7fd3bc984700 (Original Log Time 2018/12/26-16:28:56.682006) [db/db_impl_compaction_flush.cc:1864] [usertable] Moved #1 files to level-1 259907502 bytes OK: base level 1 max bytes base 536870912 files[1 1 0 0 0 0 0] max score 0.50
2018/12/26-16:29:02.388266 7fd3be297700 [db/db_impl_write.cc:1373] [usertable] New memtable created with log file: #15. Immutable memtables: 0.
2018/12/26-16:29:11.353790 7fd3be398700 [db/db_impl_write.cc:1373] [usertable] New memtable created with log file: #16. Immutable memtables: 1.
2018/12/26-16:29:11.353871 7fd2d27fc700 [db/db_impl_compaction_flush.cc:80] [JOB 5] Syncing log #13
2018/12/26-16:29:12.453254 7fd2d27fc700 [db/db_impl_compaction_flush.cc:80] [JOB 5] Syncing log #15
2018/12/26-16:29:13.571535 7fd2d27fc700 (Original Log Time 2018/12/26-16:29:11.353854) [db/db_impl_compaction_flush.cc:1424] Calling FlushMemTableToOutputFile with column family [usertable], flush slots available 24, compaction slots available 1, flush slots scheduled 1, compaction slots scheduled 0
2018/12/26-16:29:13.571551 7fd2d27fc700 [db/flush_job.cc:301] [usertable] [JOB 5] Flushing memtable with next log file: 15
2018/12/26-16:29:13.571560 7fd2d27fc700 [db/flush_job.cc:301] [usertable] [JOB 5] Flushing memtable with next log file: 16
2018/12/26-16:29:13.571588 7fd2d27fc700 EVENT_LOG_v1 {"time_micros": 1545870553571580, "job": 5, "event": "flush_started", "num_memtables": 2, "num_entries": 62757, "num_deletes": 0, "memory_usage": 260060344, "flush_reason": "Write Buffer Full"}
2018/12/26-16:29:13.571594 7fd2d27fc700 [db/flush_job.cc:331] [usertable] [JOB 5] Level-0 flush table #17: started
2018/12/26-16:29:14.595494 7fd2d27fc700 EVENT_LOG_v1 {"time_micros": 1545870554595471, "cf_name": "usertable", "job": 5, "event": "table_file_creation", "file_number": 17, "file_size": 259901841, "table_properties": {"data_size": 258747125, "index_size": 1153789, "filter_size": 0, "raw_key_size": 1506168, "raw_average_key_size": 24, "raw_value_size": 257052672, "raw_average_value_size": 4096, "num_data_blocks": 31379, "num_entries": 62757, "filter_policy_name": "", "kDeletedKeys": "0", "kMergeOperands": "0"}}
2018/12/26-16:29:14.595524 7fd2d27fc700 [db/flush_job.cc:371] [usertable] [JOB 5] Level-0 flush table #17: 259901841 bytes OK
2018/12/26-16:29:14.619456 7fd2d27fc700 (Original Log Time 2018/12/26-16:29:14.595552) [db/memtable_list.cc:377] [usertable] Level-0 commit table #17 started
2018/12/26-16:29:14.619459 7fd2d27fc700 (Original Log Time 2018/12/26-16:29:14.619373) [db/memtable_list.cc:409] [usertable] Level-0 commit table #17: memtable #1 done
2018/12/26-16:29:14.619461 7fd2d27fc700 (Original Log Time 2018/12/26-16:29:14.619377) [db/memtable_list.cc:409] [usertable] Level-0 commit table #17: memtable #2 done
2018/12/26-16:29:14.619463 7fd2d27fc700 (Original Log Time 2018/12/26-16:29:14.619396) EVENT_LOG_v1 {"time_micros": 1545870554619388, "job": 5, "event": "flush_finished", "output_compression": "NoCompression", "lsm_state": [2, 1, 0, 0, 0, 0, 0], "immutable_memtables": 0}
2018/12/26-16:29:14.619465 7fd2d27fc700 (Original Log Time 2018/12/26-16:29:14.619437) [db/db_impl_compaction_flush.cc:177] [usertable] Level summary: base level 1 max bytes base 536870912 files[2 1 0 0 0 0 0] max score 1.00
