2018/11/26-09:34:29.816034 7f8c3fc1f0 RocksDB version: 5.14.3
2018/11/26-09:34:29.816186 7f8c3fc1f0 Git sha rocksdb_build_git_sha:
2018/11/26-09:34:29.816193 7f8c3fc1f0 Compile date Nov 24 2018
2018/11/26-09:34:29.816203 7f8c3fc1f0 DB SUMMARY
2018/11/26-09:34:29.816248 7f8c3fc1f0 SST files in /mnt/sda/ycsb-rocksdb-data dir, Total Num: 0, files: 
2018/11/26-09:34:29.816255 7f8c3fc1f0 Write Ahead Log file in /mnt/sda/ycsb-rocksdb-data: 
2018/11/26-09:34:29.816261 7f8c3fc1f0                         Options.error_if_exists: 0
2018/11/26-09:34:29.816265 7f8c3fc1f0                       Options.create_if_missing: 1
2018/11/26-09:34:29.816268 7f8c3fc1f0                         Options.paranoid_checks: 1
2018/11/26-09:34:29.816271 7f8c3fc1f0                                     Options.env: 0x7f87bf8f70
2018/11/26-09:34:29.816274 7f8c3fc1f0                                Options.info_log: 0x7f403d1ba0
2018/11/26-09:34:29.816278 7f8c3fc1f0                Options.max_file_opening_threads: 16
2018/11/26-09:34:29.816281 7f8c3fc1f0                              Options.statistics: (nil)
2018/11/26-09:34:29.816284 7f8c3fc1f0                               Options.use_fsync: 0
2018/11/26-09:34:29.816287 7f8c3fc1f0                       Options.max_log_file_size: 0
2018/11/26-09:34:29.816290 7f8c3fc1f0                  Options.max_manifest_file_size: 18446744073709551615
2018/11/26-09:34:29.816293 7f8c3fc1f0                   Options.log_file_time_to_roll: 0
2018/11/26-09:34:29.816295 7f8c3fc1f0                       Options.keep_log_file_num: 1000
2018/11/26-09:34:29.816298 7f8c3fc1f0                    Options.recycle_log_file_num: 0
2018/11/26-09:34:29.816301 7f8c3fc1f0                         Options.allow_fallocate: 1
2018/11/26-09:34:29.816304 7f8c3fc1f0                        Options.allow_mmap_reads: 0
2018/11/26-09:34:29.816307 7f8c3fc1f0                       Options.allow_mmap_writes: 0
2018/11/26-09:34:29.816310 7f8c3fc1f0                        Options.use_direct_reads: 0
2018/11/26-09:34:29.816312 7f8c3fc1f0                        Options.use_direct_io_for_flush_and_compaction: 0
2018/11/26-09:34:29.816315 7f8c3fc1f0          Options.create_missing_column_families: 1
2018/11/26-09:34:29.816318 7f8c3fc1f0                              Options.db_log_dir: 
2018/11/26-09:34:29.816321 7f8c3fc1f0                                 Options.wal_dir: /mnt/sda/ycsb-rocksdb-data
2018/11/26-09:34:29.816323 7f8c3fc1f0                Options.table_cache_numshardbits: 6
2018/11/26-09:34:29.816326 7f8c3fc1f0                      Options.max_subcompactions: 4
2018/11/26-09:34:29.816329 7f8c3fc1f0                  Options.max_background_flushes: 6
2018/11/26-09:34:29.816332 7f8c3fc1f0                         Options.WAL_ttl_seconds: 0
2018/11/26-09:34:29.816335 7f8c3fc1f0                       Options.WAL_size_limit_MB: 0
2018/11/26-09:34:29.816338 7f8c3fc1f0             Options.manifest_preallocation_size: 4194304
2018/11/26-09:34:29.816341 7f8c3fc1f0                     Options.is_fd_close_on_exec: 1
2018/11/26-09:34:29.816344 7f8c3fc1f0                   Options.advise_random_on_open: 1
2018/11/26-09:34:29.816346 7f8c3fc1f0                    Options.db_write_buffer_size: 0
2018/11/26-09:34:29.816349 7f8c3fc1f0                    Options.write_buffer_manager: 0x7f403d1b00
2018/11/26-09:34:29.816352 7f8c3fc1f0         Options.access_hint_on_compaction_start: 1
2018/11/26-09:34:29.816355 7f8c3fc1f0  Options.new_table_reader_for_compaction_inputs: 0
2018/11/26-09:34:29.816358 7f8c3fc1f0           Options.random_access_max_buffer_size: 1048576
2018/11/26-09:34:29.816361 7f8c3fc1f0                      Options.use_adaptive_mutex: 0
2018/11/26-09:34:29.816364 7f8c3fc1f0                            Options.rate_limiter: (nil)
2018/11/26-09:34:29.816369 7f8c3fc1f0     Options.sst_file_manager.rate_bytes_per_sec: 0
2018/11/26-09:34:29.816373 7f8c3fc1f0                       Options.wal_recovery_mode: 2
2018/11/26-09:34:29.816376 7f8c3fc1f0                  Options.enable_thread_tracking: 0
2018/11/26-09:34:29.816379 7f8c3fc1f0                  Options.enable_pipelined_write: 1
2018/11/26-09:34:29.816381 7f8c3fc1f0         Options.allow_concurrent_memtable_write: 1
2018/11/26-09:34:29.816401 7f8c3fc1f0      Options.enable_write_thread_adaptive_yield: 1
2018/11/26-09:34:29.816406 7f8c3fc1f0             Options.write_thread_max_yield_usec: 100
2018/11/26-09:34:29.816409 7f8c3fc1f0            Options.write_thread_slow_yield_usec: 3
2018/11/26-09:34:29.816411 7f8c3fc1f0                               Options.row_cache: None
2018/11/26-09:34:29.816414 7f8c3fc1f0                              Options.wal_filter: None
2018/11/26-09:34:29.816417 7f8c3fc1f0             Options.avoid_flush_during_recovery: 0
2018/11/26-09:34:29.816420 7f8c3fc1f0             Options.allow_ingest_behind: 0
2018/11/26-09:34:29.816423 7f8c3fc1f0             Options.preserve_deletes: 0
2018/11/26-09:34:29.816425 7f8c3fc1f0             Options.two_write_queues: 0
2018/11/26-09:34:29.816428 7f8c3fc1f0             Options.manual_wal_flush: 0
2018/11/26-09:34:29.816434 7f8c3fc1f0             Options.max_background_jobs: 6
2018/11/26-09:34:29.816437 7f8c3fc1f0             Options.max_background_compactions: 6
2018/11/26-09:34:29.816440 7f8c3fc1f0             Options.avoid_flush_during_shutdown: 0
2018/11/26-09:34:29.816442 7f8c3fc1f0           Options.writable_file_max_buffer_size: 1048576
2018/11/26-09:34:29.816445 7f8c3fc1f0             Options.delayed_write_rate : 16777216
2018/11/26-09:34:29.816448 7f8c3fc1f0             Options.max_total_wal_size: 0
2018/11/26-09:34:29.816451 7f8c3fc1f0             Options.delete_obsolete_files_period_micros: 21600000000
2018/11/26-09:34:29.816454 7f8c3fc1f0                   Options.stats_dump_period_sec: 60
2018/11/26-09:34:29.816456 7f8c3fc1f0                          Options.max_open_files: -1
2018/11/26-09:34:29.816459 7f8c3fc1f0                          Options.bytes_per_sync: 1048576
2018/11/26-09:34:29.816462 7f8c3fc1f0                      Options.wal_bytes_per_sync: 0
2018/11/26-09:34:29.816465 7f8c3fc1f0       Options.compaction_readahead_size: 0
2018/11/26-09:34:29.816467 7f8c3fc1f0 Compression algorithms supported:
2018/11/26-09:34:29.816471 7f8c3fc1f0 	kZSTDNotFinalCompression supported: 1
2018/11/26-09:34:29.816506 7f8c3fc1f0 	kZSTD supported: 1
2018/11/26-09:34:29.816511 7f8c3fc1f0 	kXpressCompression supported: 0
2018/11/26-09:34:29.816515 7f8c3fc1f0 	kLZ4HCCompression supported: 1
2018/11/26-09:34:29.816518 7f8c3fc1f0 	kLZ4Compression supported: 1
2018/11/26-09:34:29.816521 7f8c3fc1f0 	kBZip2Compression supported: 1
2018/11/26-09:34:29.816524 7f8c3fc1f0 	kZlibCompression supported: 1
2018/11/26-09:34:29.816527 7f8c3fc1f0 	kSnappyCompression supported: 1
2018/11/26-09:34:29.816535 7f8c3fc1f0 Fast CRC32 supported: Not supported on x86
2018/11/26-09:34:29.816700 7f8c3fc1f0 [db/db_impl_open.cc:222] Creating manifest 1 
2018/11/26-09:34:29.922153 7f8c3fc1f0 [db/version_set.cc:3085] Recovering from manifest file: MANIFEST-000001
2018/11/26-09:34:29.922564 7f8c3fc1f0 [db/column_family.cc:475] --------------- Options for column family [default]:
2018/11/26-09:34:29.922580 7f8c3fc1f0               Options.comparator: leveldb.BytewiseComparator
2018/11/26-09:34:29.922587 7f8c3fc1f0           Options.merge_operator: None
2018/11/26-09:34:29.922594 7f8c3fc1f0        Options.compaction_filter: None
2018/11/26-09:34:29.922600 7f8c3fc1f0        Options.compaction_filter_factory: None
2018/11/26-09:34:29.922606 7f8c3fc1f0         Options.memtable_factory: SkipListFactory
2018/11/26-09:34:29.922613 7f8c3fc1f0            Options.table_factory: BlockBasedTable
2018/11/26-09:34:29.922720 7f8c3fc1f0            table_factory options:   flush_block_policy_factory: FlushBlockBySizePolicyFactory (0x7f40395b80)
  cache_index_and_filter_blocks: 0
  cache_index_and_filter_blocks_with_high_priority: 0
  pin_l0_filter_and_index_blocks_in_cache: 0
  index_type: 0
  hash_index_allow_collision: 1
  checksum: 1
  no_block_cache: 0
  block_cache: 0x7f4039a9c0
  block_cache_name: LRUCache
  block_cache_options:
    capacity : 8388608
    num_shard_bits : 4
    strict_capacity_limit : 0
    high_pri_pool_ratio: 0.000
  block_cache_compressed: (nil)
  persistent_cache: (nil)
  block_size: 8192
  block_size_deviation: 10
  block_restart_interval: 16
  index_block_restart_interval: 1
  metadata_block_size: 4096
  partition_filters: 0
  use_delta_encoding: 1
  filter_policy: nullptr
  whole_key_filtering: 1
  verify_compression: 0
  read_amp_bytes_per_bit: 0
  format_version: 2
  enable_index_compression: 1
  block_align: 0
2018/11/26-09:34:29.922826 7f8c3fc1f0        Options.write_buffer_size: 134217728
2018/11/26-09:34:29.922835 7f8c3fc1f0  Options.max_write_buffer_number: 24
2018/11/26-09:34:29.922842 7f8c3fc1f0        Options.compression[0]: NoCompression
2018/11/26-09:34:29.922849 7f8c3fc1f0        Options.compression[1]: NoCompression
2018/11/26-09:34:29.922856 7f8c3fc1f0        Options.compression[2]: LZ4
2018/11/26-09:34:29.922862 7f8c3fc1f0        Options.compression[3]: LZ4
2018/11/26-09:34:29.922868 7f8c3fc1f0        Options.compression[4]: LZ4
2018/11/26-09:34:29.922874 7f8c3fc1f0        Options.compression[5]: LZ4
2018/11/26-09:34:29.922880 7f8c3fc1f0        Options.compression[6]: LZ4
2018/11/26-09:34:29.922886 7f8c3fc1f0                  Options.bottommost_compression: Disabled
2018/11/26-09:34:29.922893 7f8c3fc1f0       Options.prefix_extractor: nullptr
2018/11/26-09:34:29.922899 7f8c3fc1f0   Options.memtable_insert_with_hint_prefix_extractor: nullptr
2018/11/26-09:34:29.922905 7f8c3fc1f0             Options.num_levels: 7
2018/11/26-09:34:29.922911 7f8c3fc1f0        Options.min_write_buffer_number_to_merge: 2
2018/11/26-09:34:29.922917 7f8c3fc1f0     Options.max_write_buffer_number_to_maintain: 0
2018/11/26-09:34:29.922923 7f8c3fc1f0            Options.compression_opts.window_bits: -14
2018/11/26-09:34:29.922929 7f8c3fc1f0                  Options.compression_opts.level: -1
2018/11/26-09:34:29.922935 7f8c3fc1f0               Options.compression_opts.strategy: 0
2018/11/26-09:34:29.922941 7f8c3fc1f0         Options.compression_opts.max_dict_bytes: 0
2018/11/26-09:34:29.922947 7f8c3fc1f0         Options.compression_opts.zstd_max_train_bytes: 0
2018/11/26-09:34:29.922953 7f8c3fc1f0      Options.level0_file_num_compaction_trigger: 2
2018/11/26-09:34:29.922959 7f8c3fc1f0          Options.level0_slowdown_writes_trigger: 20
2018/11/26-09:34:29.922965 7f8c3fc1f0              Options.level0_stop_writes_trigger: 36
2018/11/26-09:34:29.922971 7f8c3fc1f0                   Options.target_file_size_base: 67108864
2018/11/26-09:34:29.922977 7f8c3fc1f0             Options.target_file_size_multiplier: 1
2018/11/26-09:34:29.922983 7f8c3fc1f0                Options.max_bytes_for_level_base: 536870912
2018/11/26-09:34:29.922989 7f8c3fc1f0 Options.level_compaction_dynamic_level_bytes: 0
2018/11/26-09:34:29.922995 7f8c3fc1f0          Options.max_bytes_for_level_multiplier: 10.000000
2018/11/26-09:34:29.923008 7f8c3fc1f0 Options.max_bytes_for_level_multiplier_addtl[0]: 1
2018/11/26-09:34:29.923014 7f8c3fc1f0 Options.max_bytes_for_level_multiplier_addtl[1]: 1
2018/11/26-09:34:29.923021 7f8c3fc1f0 Options.max_bytes_for_level_multiplier_addtl[2]: 1
2018/11/26-09:34:29.923027 7f8c3fc1f0 Options.max_bytes_for_level_multiplier_addtl[3]: 1
2018/11/26-09:34:29.923033 7f8c3fc1f0 Options.max_bytes_for_level_multiplier_addtl[4]: 1
2018/11/26-09:34:29.923039 7f8c3fc1f0 Options.max_bytes_for_level_multiplier_addtl[5]: 1
2018/11/26-09:34:29.923045 7f8c3fc1f0 Options.max_bytes_for_level_multiplier_addtl[6]: 1
2018/11/26-09:34:29.923051 7f8c3fc1f0       Options.max_sequential_skip_in_iterations: 8
2018/11/26-09:34:29.923057 7f8c3fc1f0                    Options.max_compaction_bytes: 1677721600
2018/11/26-09:34:29.923063 7f8c3fc1f0                        Options.arena_block_size: 16777216
2018/11/26-09:34:29.923069 7f8c3fc1f0   Options.soft_pending_compaction_bytes_limit: 68719476736
2018/11/26-09:34:29.923075 7f8c3fc1f0   Options.hard_pending_compaction_bytes_limit: 274877906944
2018/11/26-09:34:29.923081 7f8c3fc1f0       Options.rate_limit_delay_max_milliseconds: 100
2018/11/26-09:34:29.923087 7f8c3fc1f0                Options.disable_auto_compactions: 0
2018/11/26-09:34:29.923096 7f8c3fc1f0                        Options.compaction_style: kCompactionStyleLevel
2018/11/26-09:34:29.923127 7f8c3fc1f0                          Options.compaction_pri: kByCompensatedSize
2018/11/26-09:34:29.923135 7f8c3fc1f0 Options.compaction_options_universal.size_ratio: 1
2018/11/26-09:34:29.923142 7f8c3fc1f0 Options.compaction_options_universal.min_merge_width: 2
2018/11/26-09:34:29.923148 7f8c3fc1f0 Options.compaction_options_universal.max_merge_width: 4294967295
2018/11/26-09:34:29.923154 7f8c3fc1f0 Options.compaction_options_universal.max_size_amplification_percent: 200
2018/11/26-09:34:29.923160 7f8c3fc1f0 Options.compaction_options_universal.compression_size_percent: -1
2018/11/26-09:34:29.923168 7f8c3fc1f0 Options.compaction_options_universal.stop_style: kCompactionStopStyleTotalSize
2018/11/26-09:34:29.923174 7f8c3fc1f0 Options.compaction_options_fifo.max_table_files_size: 1073741824
2018/11/26-09:34:29.923180 7f8c3fc1f0 Options.compaction_options_fifo.allow_compaction: 0
2018/11/26-09:34:29.923186 7f8c3fc1f0 Options.compaction_options_fifo.ttl: 0
2018/11/26-09:34:29.923192 7f8c3fc1f0                   Options.table_properties_collectors: 
2018/11/26-09:34:29.923199 7f8c3fc1f0                   Options.inplace_update_support: 0
2018/11/26-09:34:29.923205 7f8c3fc1f0                 Options.inplace_update_num_locks: 10000
2018/11/26-09:34:29.923211 7f8c3fc1f0               Options.memtable_prefix_bloom_size_ratio: 0.000000
2018/11/26-09:34:29.923218 7f8c3fc1f0   Options.memtable_huge_page_size: 0
2018/11/26-09:34:29.923225 7f8c3fc1f0                           Options.bloom_locality: 0
2018/11/26-09:34:29.923231 7f8c3fc1f0                    Options.max_successive_merges: 0
2018/11/26-09:34:29.923237 7f8c3fc1f0                Options.optimize_filters_for_hits: 0
2018/11/26-09:34:29.923243 7f8c3fc1f0                Options.paranoid_file_checks: 0
2018/11/26-09:34:29.923249 7f8c3fc1f0                Options.force_consistency_checks: 0
2018/11/26-09:34:29.923255 7f8c3fc1f0                Options.report_bg_io_stats: 0
2018/11/26-09:34:29.923260 7f8c3fc1f0                               Options.ttl: 0
2018/11/26-09:34:29.925595 7f8c3fc1f0 [db/version_set.cc:3361] Recovered from manifest file:/mnt/sda/ycsb-rocksdb-data/MANIFEST-000001 succeeded,manifest_file_number is 1, next_file_number is 3, last_sequence is 0, log_number is 0,prev_log_number is 0,max_column_family is 0,min_log_number_to_keep is 0
2018/11/26-09:34:29.925649 7f8c3fc1f0 [db/version_set.cc:3369] Column family [default] (ID 0), log number is 0
2018/11/26-09:34:29.926787 7f8c3fc1f0 [db/version_set.cc:2847] Creating manifest 4
2018/11/26-09:34:30.001914 7f8c3fc1f0 [db/column_family.cc:475] --------------- Options for column family [usertable]:
2018/11/26-09:34:30.001957 7f8c3fc1f0               Options.comparator: leveldb.BytewiseComparator
2018/11/26-09:34:30.001966 7f8c3fc1f0           Options.merge_operator: None
2018/11/26-09:34:30.001972 7f8c3fc1f0        Options.compaction_filter: None
2018/11/26-09:34:30.001979 7f8c3fc1f0        Options.compaction_filter_factory: None
2018/11/26-09:34:30.001985 7f8c3fc1f0         Options.memtable_factory: SkipListFactory
2018/11/26-09:34:30.001992 7f8c3fc1f0            Options.table_factory: BlockBasedTable
2018/11/26-09:34:30.002093 7f8c3fc1f0            table_factory options:   flush_block_policy_factory: FlushBlockBySizePolicyFactory (0x7f4038f970)
  cache_index_and_filter_blocks: 0
  cache_index_and_filter_blocks_with_high_priority: 0
  pin_l0_filter_and_index_blocks_in_cache: 0
  index_type: 0
  hash_index_allow_collision: 1
  checksum: 1
  no_block_cache: 0
  block_cache: 0x7f4039a950
  block_cache_name: LRUCache
  block_cache_options:
    capacity : 8388608
    num_shard_bits : 4
    strict_capacity_limit : 0
    high_pri_pool_ratio: 0.000
  block_cache_compressed: (nil)
  persistent_cache: (nil)
  block_size: 8192
  block_size_deviation: 10
  block_restart_interval: 16
  index_block_restart_interval: 1
  metadata_block_size: 4096
  partition_filters: 0
  use_delta_encoding: 1
  filter_policy: nullptr
  whole_key_filtering: 1
  verify_compression: 0
  read_amp_bytes_per_bit: 0
  format_version: 2
  enable_index_compression: 1
  block_align: 0
2018/11/26-09:34:30.002105 7f8c3fc1f0        Options.write_buffer_size: 134217728
2018/11/26-09:34:30.002113 7f8c3fc1f0  Options.max_write_buffer_number: 24
2018/11/26-09:34:30.002121 7f8c3fc1f0        Options.compression[0]: NoCompression
2018/11/26-09:34:30.002127 7f8c3fc1f0        Options.compression[1]: NoCompression
2018/11/26-09:34:30.002134 7f8c3fc1f0        Options.compression[2]: LZ4
2018/11/26-09:34:30.002140 7f8c3fc1f0        Options.compression[3]: LZ4
2018/11/26-09:34:30.002147 7f8c3fc1f0        Options.compression[4]: LZ4
2018/11/26-09:34:30.002153 7f8c3fc1f0        Options.compression[5]: LZ4
2018/11/26-09:34:30.002160 7f8c3fc1f0        Options.compression[6]: LZ4
2018/11/26-09:34:30.002167 7f8c3fc1f0                  Options.bottommost_compression: Disabled
2018/11/26-09:34:30.002173 7f8c3fc1f0       Options.prefix_extractor: nullptr
2018/11/26-09:34:30.002180 7f8c3fc1f0   Options.memtable_insert_with_hint_prefix_extractor: nullptr
2018/11/26-09:34:30.002186 7f8c3fc1f0             Options.num_levels: 7
2018/11/26-09:34:30.002192 7f8c3fc1f0        Options.min_write_buffer_number_to_merge: 2
2018/11/26-09:34:30.002198 7f8c3fc1f0     Options.max_write_buffer_number_to_maintain: 0
2018/11/26-09:34:30.002204 7f8c3fc1f0            Options.compression_opts.window_bits: -14
2018/11/26-09:34:30.002211 7f8c3fc1f0                  Options.compression_opts.level: -1
2018/11/26-09:34:30.002217 7f8c3fc1f0               Options.compression_opts.strategy: 0
2018/11/26-09:34:30.002223 7f8c3fc1f0         Options.compression_opts.max_dict_bytes: 0
2018/11/26-09:34:30.002229 7f8c3fc1f0         Options.compression_opts.zstd_max_train_bytes: 0
2018/11/26-09:34:30.002236 7f8c3fc1f0      Options.level0_file_num_compaction_trigger: 2
2018/11/26-09:34:30.002242 7f8c3fc1f0          Options.level0_slowdown_writes_trigger: 20
2018/11/26-09:34:30.002248 7f8c3fc1f0              Options.level0_stop_writes_trigger: 36
2018/11/26-09:34:30.002254 7f8c3fc1f0                   Options.target_file_size_base: 67108864
2018/11/26-09:34:30.002261 7f8c3fc1f0             Options.target_file_size_multiplier: 1
2018/11/26-09:34:30.002267 7f8c3fc1f0                Options.max_bytes_for_level_base: 536870912
2018/11/26-09:34:30.002274 7f8c3fc1f0 Options.level_compaction_dynamic_level_bytes: 0
2018/11/26-09:34:30.002280 7f8c3fc1f0          Options.max_bytes_for_level_multiplier: 10.000000
2018/11/26-09:34:30.002293 7f8c3fc1f0 Options.max_bytes_for_level_multiplier_addtl[0]: 1
2018/11/26-09:34:30.002299 7f8c3fc1f0 Options.max_bytes_for_level_multiplier_addtl[1]: 1
2018/11/26-09:34:30.002380 7f8c3fc1f0 Options.max_bytes_for_level_multiplier_addtl[2]: 1
2018/11/26-09:34:30.002389 7f8c3fc1f0 Options.max_bytes_for_level_multiplier_addtl[3]: 1
2018/11/26-09:34:30.002395 7f8c3fc1f0 Options.max_bytes_for_level_multiplier_addtl[4]: 1
2018/11/26-09:34:30.002402 7f8c3fc1f0 Options.max_bytes_for_level_multiplier_addtl[5]: 1
2018/11/26-09:34:30.002408 7f8c3fc1f0 Options.max_bytes_for_level_multiplier_addtl[6]: 1
2018/11/26-09:34:30.002414 7f8c3fc1f0       Options.max_sequential_skip_in_iterations: 8
2018/11/26-09:34:30.002420 7f8c3fc1f0                    Options.max_compaction_bytes: 1677721600
2018/11/26-09:34:30.002426 7f8c3fc1f0                        Options.arena_block_size: 16777216
2018/11/26-09:34:30.002432 7f8c3fc1f0   Options.soft_pending_compaction_bytes_limit: 68719476736
2018/11/26-09:34:30.002438 7f8c3fc1f0   Options.hard_pending_compaction_bytes_limit: 274877906944
2018/11/26-09:34:30.002444 7f8c3fc1f0       Options.rate_limit_delay_max_milliseconds: 100
2018/11/26-09:34:30.002451 7f8c3fc1f0                Options.disable_auto_compactions: 0
2018/11/26-09:34:30.002460 7f8c3fc1f0                        Options.compaction_style: kCompactionStyleLevel
2018/11/26-09:34:30.002468 7f8c3fc1f0                          Options.compaction_pri: kByCompensatedSize
2018/11/26-09:34:30.002475 7f8c3fc1f0 Options.compaction_options_universal.size_ratio: 1
2018/11/26-09:34:30.002481 7f8c3fc1f0 Options.compaction_options_universal.min_merge_width: 2
2018/11/26-09:34:30.002487 7f8c3fc1f0 Options.compaction_options_universal.max_merge_width: 4294967295
2018/11/26-09:34:30.002493 7f8c3fc1f0 Options.compaction_options_universal.max_size_amplification_percent: 200
2018/11/26-09:34:30.002499 7f8c3fc1f0 Options.compaction_options_universal.compression_size_percent: -1
2018/11/26-09:34:30.002507 7f8c3fc1f0 Options.compaction_options_universal.stop_style: kCompactionStopStyleTotalSize
2018/11/26-09:34:30.002514 7f8c3fc1f0 Options.compaction_options_fifo.max_table_files_size: 1073741824
2018/11/26-09:34:30.002520 7f8c3fc1f0 Options.compaction_options_fifo.allow_compaction: 0
2018/11/26-09:34:30.002526 7f8c3fc1f0 Options.compaction_options_fifo.ttl: 0
2018/11/26-09:34:30.002532 7f8c3fc1f0                   Options.table_properties_collectors: 
2018/11/26-09:34:30.002539 7f8c3fc1f0                   Options.inplace_update_support: 0
2018/11/26-09:34:30.002545 7f8c3fc1f0                 Options.inplace_update_num_locks: 10000
2018/11/26-09:34:30.002551 7f8c3fc1f0               Options.memtable_prefix_bloom_size_ratio: 0.000000
2018/11/26-09:34:30.002559 7f8c3fc1f0   Options.memtable_huge_page_size: 0
2018/11/26-09:34:30.002565 7f8c3fc1f0                           Options.bloom_locality: 0
2018/11/26-09:34:30.002571 7f8c3fc1f0                    Options.max_successive_merges: 0
2018/11/26-09:34:30.002577 7f8c3fc1f0                Options.optimize_filters_for_hits: 0
2018/11/26-09:34:30.002583 7f8c3fc1f0                Options.paranoid_file_checks: 0
2018/11/26-09:34:30.002589 7f8c3fc1f0                Options.force_consistency_checks: 0
2018/11/26-09:34:30.002595 7f8c3fc1f0                Options.report_bg_io_stats: 0
2018/11/26-09:34:30.002601 7f8c3fc1f0                               Options.ttl: 0
2018/11/26-09:34:30.003077 7f8c3fc1f0 [db/db_impl.cc:1396] Created column family [usertable] (ID 1)
2018/11/26-09:34:30.097842 7f8c3fc1f0 [db/db_impl_open.cc:1219] DB pointer 0x7f403d0d60
2018/11/26-09:34:38.780437 7f8c3fc1f0 [db/db_impl_write.cc:1373] [usertable] New memtable created with log file: #9. Immutable memtables: 0.
2018/11/26-09:34:47.611878 7f87cff1f0 [db/db_impl_write.cc:1373] [usertable] New memtable created with log file: #10. Immutable memtables: 1.
2018/11/26-09:34:47.612148 7f7f7fe1f0 [db/db_impl_compaction_flush.cc:80] [JOB 2] Syncing log #3
2018/11/26-09:34:47.865081 7f7f7fe1f0 [db/db_impl_compaction_flush.cc:80] [JOB 2] Syncing log #9
2018/11/26-09:34:48.387568 7f7f7fe1f0 (Original Log Time 2018/11/26-09:34:47.612050) [db/db_impl_compaction_flush.cc:1424] Calling FlushMemTableToOutputFile with column family [usertable], flush slots available 6, compaction slots available 1, flush slots scheduled 1, compaction slots scheduled 0
2018/11/26-09:34:48.387601 7f7f7fe1f0 [db/flush_job.cc:301] [usertable] [JOB 2] Flushing memtable with next log file: 9
2018/11/26-09:34:48.387629 7f7f7fe1f0 [db/flush_job.cc:301] [usertable] [JOB 2] Flushing memtable with next log file: 10
2018/11/26-09:34:48.387732 7f7f7fe1f0 EVENT_LOG_v1 {"time_micros": 1543224888387691, "job": 2, "event": "flush_started", "num_memtables": 2, "num_entries": 61269, "num_deletes": 0, "memory_usage": 253986024, "flush_reason": "Write Buffer Full"}
2018/11/26-09:34:48.387772 7f7f7fe1f0 [db/flush_job.cc:331] [usertable] [JOB 2] Level-0 flush table #11: started
2018/11/26-09:34:50.640488 7f7f7fe1f0 EVENT_LOG_v1 {"time_micros": 1543224890640432, "cf_name": "usertable", "job": 2, "event": "table_file_creation", "file_number": 11, "file_size": 253739454, "table_properties": {"data_size": 252612101, "index_size": 1126426, "filter_size": 0, "raw_key_size": 1470456, "raw_average_key_size": 24, "raw_value_size": 250957824, "raw_average_value_size": 4096, "num_data_blocks": 30635, "num_entries": 61269, "filter_policy_name": "", "kDeletedKeys": "0", "kMergeOperands": "0"}}
2018/11/26-09:34:50.640540 7f7f7fe1f0 [db/flush_job.cc:371] [usertable] [JOB 2] Level-0 flush table #11: 253739454 bytes OK
2018/11/26-09:34:50.698586 7f7f7fe1f0 (Original Log Time 2018/11/26-09:34:50.640577) [db/memtable_list.cc:377] [usertable] Level-0 commit table #11 started
2018/11/26-09:34:50.698605 7f7f7fe1f0 (Original Log Time 2018/11/26-09:34:50.698257) [db/memtable_list.cc:409] [usertable] Level-0 commit table #11: memtable #1 done
2018/11/26-09:34:50.698616 7f7f7fe1f0 (Original Log Time 2018/11/26-09:34:50.698310) [db/memtable_list.cc:409] [usertable] Level-0 commit table #11: memtable #2 done
2018/11/26-09:34:50.698625 7f7f7fe1f0 (Original Log Time 2018/11/26-09:34:50.698396) EVENT_LOG_v1 {"time_micros": 1543224890698361, "job": 2, "event": "flush_finished", "output_compression": "NoCompression", "lsm_state": [1, 0, 0, 0, 0, 0, 0], "immutable_memtables": 0}
2018/11/26-09:34:50.698635 7f7f7fe1f0 (Original Log Time 2018/11/26-09:34:50.698478) [db/db_impl_compaction_flush.cc:177] [usertable] Level summary: base level 1 max bytes base 536870912 files[1 0 0 0 0 0 0] max score 0.50
2018/11/26-09:34:50.698688 7f7f7fe1f0 [db/db_impl_files.cc:347] [JOB 2] Try to delete WAL files size 252837093, prev total WAL file size 297417712, number of live WAL files 3.
2018/11/26-09:34:56.258415 7f87cff1f0 [db/db_impl_write.cc:1373] [usertable] New memtable created with log file: #12. Immutable memtables: 0.
2018/11/26-09:35:04.897030 7f87fff1f0 [db/db_impl_write.cc:1373] [usertable] New memtable created with log file: #13. Immutable memtables: 1.
2018/11/26-09:35:04.897177 7f7d7fa1f0 [db/db_impl_compaction_flush.cc:80] [JOB 3] Syncing log #10
2018/11/26-09:35:05.462553 7f7d7fa1f0 [db/db_impl_compaction_flush.cc:80] [JOB 3] Syncing log #12
2018/11/26-09:35:06.165945 7f7d7fa1f0 (Original Log Time 2018/11/26-09:35:04.897148) [db/db_impl_compaction_flush.cc:1424] Calling FlushMemTableToOutputFile with column family [usertable], flush slots available 6, compaction slots available 1, flush slots scheduled 1, compaction slots scheduled 0
2018/11/26-09:35:06.165990 7f7d7fa1f0 [db/flush_job.cc:301] [usertable] [JOB 3] Flushing memtable with next log file: 12
2018/11/26-09:35:06.166011 7f7d7fa1f0 [db/flush_job.cc:301] [usertable] [JOB 3] Flushing memtable with next log file: 13
2018/11/26-09:35:06.166095 7f7d7fa1f0 EVENT_LOG_v1 {"time_micros": 1543224906166069, "job": 3, "event": "flush_started", "num_memtables": 2, "num_entries": 60499, "num_deletes": 0, "memory_usage": 250746824, "flush_reason": "Write Buffer Full"}
2018/11/26-09:35:06.166118 7f7d7fa1f0 [db/flush_job.cc:331] [usertable] [JOB 3] Level-0 flush table #14: started
2018/11/26-09:35:09.669572 7f7d7fa1f0 EVENT_LOG_v1 {"time_micros": 1543224909669522, "cf_name": "usertable", "job": 3, "event": "table_file_creation", "file_number": 14, "file_size": 250564026, "table_properties": {"data_size": 249444113, "index_size": 1118986, "filter_size": 0, "raw_key_size": 1451976, "raw_average_key_size": 24, "raw_value_size": 247803904, "raw_average_value_size": 4096, "num_data_blocks": 30250, "num_entries": 60499, "filter_policy_name": "", "kDeletedKeys": "0", "kMergeOperands": "0"}}
2018/11/26-09:35:09.669632 7f7d7fa1f0 [db/flush_job.cc:371] [usertable] [JOB 3] Level-0 flush table #14: 250564026 bytes OK
2018/11/26-09:35:09.766627 7f7d7fa1f0 (Original Log Time 2018/11/26-09:35:09.669663) [db/memtable_list.cc:377] [usertable] Level-0 commit table #14 started
2018/11/26-09:35:09.766636 7f7d7fa1f0 (Original Log Time 2018/11/26-09:35:09.766457) [db/memtable_list.cc:409] [usertable] Level-0 commit table #14: memtable #1 done
2018/11/26-09:35:09.766641 7f7d7fa1f0 (Original Log Time 2018/11/26-09:35:09.766467) [db/memtable_list.cc:409] [usertable] Level-0 commit table #14: memtable #2 done
2018/11/26-09:35:09.766646 7f7d7fa1f0 (Original Log Time 2018/11/26-09:35:09.766512) EVENT_LOG_v1 {"time_micros": 1543224909766498, "job": 3, "event": "flush_finished", "output_compression": "NoCompression", "lsm_state": [2, 0, 0, 0, 0, 0, 0], "immutable_memtables": 0}
2018/11/26-09:35:09.766650 7f7d7fa1f0 (Original Log Time 2018/11/26-09:35:09.766585) [db/db_impl_compaction_flush.cc:177] [usertable] Level summary: base level 1 max bytes base 536870912 files[2 0 0 0 0 0 0] max score 1.00
2018/11/26-09:35:09.766671 7f7d7fa1f0 [db/db_impl_files.cc:347] [JOB 3] Try to delete WAL files size 249631987, prev total WAL file size 319962661, number of live WAL files 3.
2018/11/26-09:35:09.772823 7f863601f0 [WARN] [db/db_impl.cc:491] ------- DUMPING STATS -------
2018/11/26-09:35:09.772903 7f863601f0 [WARN] [db/db_impl.cc:492] 
** DB Stats **
Uptime(secs): 39.8 total, 39.8 interval
Cumulative writes: 138K writes, 138K keys, 108K commit groups, 1.3 writes per commit group, ingest: 0.53 GB, 13.71 MB/s
Cumulative WAL: 138K writes, 0 syncs, 138821.00 writes per sync, written: 0.53 GB, 13.71 MB/s
Cumulative stall: 00:00:0.000 H:M:S, 0.0 percent
Interval writes: 138K writes, 138K keys, 108K commit groups, 1.3 writes per commit group, ingest: 546.29 MB, 13.71 MB/s
Interval WAL: 138K writes, 0 syncs, 138821.00 writes per sync, written: 0.53 MB, 13.71 MB/s
Interval stall: 00:00:0.000 H:M:S, 0.0 percent

** Compaction Stats [default] **
Level    Files   Size     Score Read(GB)  Rn(GB) Rnp1(GB) Write(GB) Wnew(GB) Moved(GB) W-Amp Rd(MB/s) Wr(MB/s) Comp(sec) Comp(cnt) Avg(sec) KeyIn KeyDrop
----------------------------------------------------------------------------------------------------------------------------------------------------------
 Sum      0/0    0.00 KB   0.0      0.0     0.0      0.0       0.0      0.0       0.0   0.0      0.0      0.0         0         0    0.000       0      0
 Int      0/0    0.00 KB   0.0      0.0     0.0      0.0       0.0      0.0       0.0   0.0      0.0      0.0         0         0    0.000       0      0
Uptime(secs): 39.9 total, 39.9 interval
Flush(GB): cumulative 0.000, interval 0.000
AddFile(GB): cumulative 0.000, interval 0.000
AddFile(Total Files): cumulative 0, interval 0
AddFile(L0 Files): cumulative 0, interval 0
AddFile(Keys): cumulative 0, interval 0
Cumulative compaction: 0.00 GB write, 0.00 MB/s write, 0.00 GB read, 0.00 MB/s read, 0.0 seconds
Interval compaction: 0.00 GB write, 0.00 MB/s write, 0.00 GB read, 0.00 MB/s read, 0.0 seconds
Stalls(count): 0 level0_slowdown, 0 level0_slowdown_with_compaction, 0 level0_numfiles, 0 level0_numfiles_with_compaction, 0 stop for pending_compaction_bytes, 0 slowdown for pending_compaction_bytes, 0 memtable_compaction, 0 memtable_slowdown, interval 0 total count

** File Read Latency Histogram By Level [default] **

** Compaction Stats [usertable] **
Level    Files   Size     Score Read(GB)  Rn(GB) Rnp1(GB) Write(GB) Wnew(GB) Moved(GB) W-Amp Rd(MB/s) Wr(MB/s) Comp(sec) Comp(cnt) Avg(sec) KeyIn KeyDrop
----------------------------------------------------------------------------------------------------------------------------------------------------------
  L0      2/0   480.94 MB   1.0      0.0     0.0      0.0       0.5      0.5       0.0   1.0      0.0     83.5         6         2    2.878       0      0
 Sum      2/0   480.94 MB   0.0      0.0     0.0      0.0       0.5      0.5       0.0   1.0      0.0     83.5         6         2    2.878       0      0
 Int      0/0    0.00 KB   0.0      0.0     0.0      0.0       0.5      0.5       0.0   1.0      0.0     83.5         6         2    2.878       0      0
Uptime(secs): 39.8 total, 39.8 interval
Flush(GB): cumulative 0.470, interval 0.470
AddFile(GB): cumulative 0.000, interval 0.000
AddFile(Total Files): cumulative 0, interval 0
AddFile(L0 Files): cumulative 0, interval 0
AddFile(Keys): cumulative 0, interval 0
Cumulative compaction: 0.47 GB write, 12.09 MB/s write, 0.00 GB read, 0.00 MB/s read, 5.8 seconds
Interval compaction: 0.47 GB write, 12.09 MB/s write, 0.00 GB read, 0.00 MB/s read, 5.8 seconds
Stalls(count): 0 level0_slowdown, 0 level0_slowdown_with_compaction, 0 level0_numfiles, 0 level0_numfiles_with_compaction, 0 stop for pending_compaction_bytes, 0 slowdown for pending_compaction_bytes, 0 memtable_compaction, 0 memtable_slowdown, interval 0 total count

** File Read Latency Histogram By Level [usertable] **

** Compaction Stats [default] **
Level    Files   Size     Score Read(GB)  Rn(GB) Rnp1(GB) Write(GB) Wnew(GB) Moved(GB) W-Amp Rd(MB/s) Wr(MB/s) Comp(sec) Comp(cnt) Avg(sec) KeyIn KeyDrop
----------------------------------------------------------------------------------------------------------------------------------------------------------
 Sum      0/0    0.00 KB   0.0      0.0     0.0      0.0       0.0      0.0       0.0   0.0      0.0      0.0         0         0    0.000       0      0
 Int      0/0    0.00 KB   0.0      0.0     0.0      0.0       0.0      0.0       0.0   0.0      0.0      0.0         0         0    0.000       0      0
Uptime(secs): 39.9 total, 0.0 interval
Flush(GB): cumulative 0.000, interval 0.000
AddFile(GB): cumulative 0.000, interval 0.000
AddFile(Total Files): cumulative 0, interval 0
AddFile(L0 Files): cumulative 0, interval 0
AddFile(Keys): cumulative 0, interval 0
Cumulative compaction: 0.00 GB write, 0.00 MB/s write, 0.00 GB read, 0.00 MB/s read, 0.0 seconds
Interval compaction: 0.00 GB write, 0.00 MB/s write, 0.00 GB read, 0.00 MB/s read, 0.0 seconds
Stalls(count): 0 level0_slowdown, 0 level0_slowdown_with_compaction, 0 level0_numfiles, 0 level0_numfiles_with_compaction, 0 stop for pending_compaction_bytes, 0 slowdown for pending_compaction_bytes, 0 memtable_compaction, 0 memtable_slowdown, interval 0 total count

** File Read Latency Histogram By Level [default] **

** Compaction Stats [usertable] **
Level    Files   Size     Score Read(GB)  Rn(GB) Rnp1(GB) Write(GB) Wnew(GB) Moved(GB) W-Amp Rd(MB/s) Wr(MB/s) Comp(sec) Comp(cnt) Avg(sec) KeyIn KeyDrop
----------------------------------------------------------------------------------------------------------------------------------------------------------
  L0      2/0   480.94 MB   1.0      0.0     0.0      0.0       0.5      0.5       0.0   1.0      0.0     83.5         6         2    2.878       0      0
 Sum      2/0   480.94 MB   0.0      0.0     0.0      0.0       0.5      0.5       0.0   1.0      0.0     83.5         6         2    2.878       0      0
 Int      0/0    0.00 KB   0.0      0.0     0.0      0.0       0.0      0.0       0.0   0.0      0.0      0.0         0         0    0.000       0      0
Uptime(secs): 39.8 total, 0.0 interval
Flush(GB): cumulative 0.470, interval 0.000
AddFile(GB): cumulative 0.000, interval 0.000
AddFile(Total Files): cumulative 0, interval 0
AddFile(L0 Files): cumulative 0, interval 0
AddFile(Keys): cumulative 0, interval 0
Cumulative compaction: 0.47 GB write, 12.09 MB/s write, 0.00 GB read, 0.00 MB/s read, 5.8 seconds
Interval compaction: 0.00 GB write, 0.00 MB/s write, 0.00 GB read, 0.00 MB/s read, 0.0 seconds
Stalls(count): 0 level0_slowdown, 0 level0_slowdown_with_compaction, 0 level0_numfiles, 0 level0_numfiles_with_compaction, 0 stop for pending_compaction_bytes, 0 slowdown for pending_compaction_bytes, 0 memtable_compaction, 0 memtable_slowdown, interval 0 total count

** File Read Latency Histogram By Level [usertable] **
2018/11/26-09:35:09.860575 7f863601f0 (Original Log Time 2018/11/26-09:35:09.773116) [db/db_impl_compaction_flush.cc:1835] [usertable] Moving #11 to level-1 253739454 bytes
2018/11/26-09:35:09.860585 7f863601f0 (Original Log Time 2018/11/26-09:35:09.860456) EVENT_LOG_v1 {"time_micros": 1543224909860433, "job": 4, "event": "trivial_move", "destination_level": 1, "files": 1, "total_files_size": 253739454}
2018/11/26-09:35:09.860590 7f863601f0 (Original Log Time 2018/11/26-09:35:09.860485) [db/db_impl_compaction_flush.cc:1864] [usertable] Moved #1 files to level-1 253739454 bytes OK: base level 1 max bytes base 536870912 files[1 1 0 0 0 0 0] max score 0.50
2018/11/26-09:35:13.714023 7f8c3fc1f0 [db/db_impl_write.cc:1373] [usertable] New memtable created with log file: #15. Immutable memtables: 0.
2018/11/26-09:35:22.541916 7f87dff1f0 [db/db_impl_write.cc:1373] [usertable] New memtable created with log file: #16. Immutable memtables: 1.
2018/11/26-09:35:22.542212 7f7ffff1f0 [db/db_impl_compaction_flush.cc:80] [JOB 5] Syncing log #13
2018/11/26-09:35:23.181016 7f7ffff1f0 [db/db_impl_compaction_flush.cc:80] [JOB 5] Syncing log #15
2018/11/26-09:35:23.795886 7f7ffff1f0 (Original Log Time 2018/11/26-09:35:22.542166) [db/db_impl_compaction_flush.cc:1424] Calling FlushMemTableToOutputFile with column family [usertable], flush slots available 6, compaction slots available 1, flush slots scheduled 1, compaction slots scheduled 0
2018/11/26-09:35:23.795927 7f7ffff1f0 [db/flush_job.cc:301] [usertable] [JOB 5] Flushing memtable with next log file: 15
2018/11/26-09:35:23.795948 7f7ffff1f0 [db/flush_job.cc:301] [usertable] [JOB 5] Flushing memtable with next log file: 16
2018/11/26-09:35:23.796028 7f7ffff1f0 EVENT_LOG_v1 {"time_micros": 1543224923796003, "job": 5, "event": "flush_started", "num_memtables": 2, "num_entries": 61725, "num_deletes": 0, "memory_usage": 255804336, "flush_reason": "Write Buffer Full"}
2018/11/26-09:35:23.796047 7f7ffff1f0 [db/flush_job.cc:331] [usertable] [JOB 5] Level-0 flush table #17: started
2018/11/26-09:35:25.979303 7f7ffff1f0 EVENT_LOG_v1 {"time_micros": 1543224925979208, "cf_name": "usertable", "job": 5, "event": "table_file_creation", "file_number": 17, "file_size": 255627925, "table_properties": {"data_size": 254492189, "index_size": 1134809, "filter_size": 0, "raw_key_size": 1481400, "raw_average_key_size": 24, "raw_value_size": 252825600, "raw_average_value_size": 4096, "num_data_blocks": 30863, "num_entries": 61725, "filter_policy_name": "", "kDeletedKeys": "0", "kMergeOperands": "0"}}
2018/11/26-09:35:25.979437 7f7ffff1f0 [db/flush_job.cc:371] [usertable] [JOB 5] Level-0 flush table #17: 255627925 bytes OK
2018/11/26-09:35:26.035924 7f7ffff1f0 (Original Log Time 2018/11/26-09:35:25.979481) [db/memtable_list.cc:377] [usertable] Level-0 commit table #17 started
2018/11/26-09:35:26.035945 7f7ffff1f0 (Original Log Time 2018/11/26-09:35:26.035630) [db/memtable_list.cc:409] [usertable] Level-0 commit table #17: memtable #1 done
2018/11/26-09:35:26.035955 7f7ffff1f0 (Original Log Time 2018/11/26-09:35:26.035647) [db/memtable_list.cc:409] [usertable] Level-0 commit table #17: memtable #2 done
2018/11/26-09:35:26.035965 7f7ffff1f0 (Original Log Time 2018/11/26-09:35:26.035723) EVENT_LOG_v1 {"time_micros": 1543224926035693, "job": 5, "event": "flush_finished", "output_compression": "NoCompression", "lsm_state": [2, 1, 0, 0, 0, 0, 0], "immutable_memtables": 0}
2018/11/26-09:35:26.035975 7f7ffff1f0 (Original Log Time 2018/11/26-09:35:26.035836) [db/db_impl_compaction_flush.cc:177] [usertable] Level summary: base level 1 max bytes base 536870912 files[2 1 0 0 0 0 0] max score 1.00
2018/11/26-09:35:26.036024 7f7ffff1f0 [db/db_impl_files.cc:347] [JOB 5] Try to delete WAL files size 254709729, prev total WAL file size 302951561, number of live WAL files 3.
2018/11/26-09:35:26.097938 7f86b611f0 (Original Log Time 2018/11/26-09:35:26.035973) [db/db_impl_compaction_flush.cc:1835] [usertable] Moving #17 to level-1 255627925 bytes
2018/11/26-09:35:26.097958 7f86b611f0 (Original Log Time 2018/11/26-09:35:26.097808) EVENT_LOG_v1 {"time_micros": 1543224926097787, "job": 6, "event": "trivial_move", "destination_level": 1, "files": 1, "total_files_size": 255627925}
