2018/12/25-18:00:56.494408 7f54a241f0 RocksDB version: 5.14.3
2018/12/25-18:00:56.494559 7f54a241f0 Git sha rocksdb_build_git_sha:
2018/12/25-18:00:56.494567 7f54a241f0 Compile date Dec 25 2018
2018/12/25-18:00:56.494575 7f54a241f0 DB SUMMARY
2018/12/25-18:00:56.494618 7f54a241f0 SST files in /mnt/sda/ycsb-rocksdb-data dir, Total Num: 0, files: 
2018/12/25-18:00:56.494625 7f54a241f0 Write Ahead Log file in /mnt/sda/ycsb-rocksdb-data: 
2018/12/25-18:00:56.494632 7f54a241f0                         Options.error_if_exists: 0
2018/12/25-18:00:56.494636 7f54a241f0                       Options.create_if_missing: 1
2018/12/25-18:00:56.494639 7f54a241f0                         Options.paranoid_checks: 1
2018/12/25-18:00:56.494643 7f54a241f0                                     Options.env: 0x7f07df8f18
2018/12/25-18:00:56.494646 7f54a241f0                                Options.info_log: 0x7f203e49d0
2018/12/25-18:00:56.494649 7f54a241f0                Options.max_file_opening_threads: 16
2018/12/25-18:00:56.494652 7f54a241f0                              Options.statistics: (nil)
2018/12/25-18:00:56.494661 7f54a241f0                               Options.use_fsync: 0
2018/12/25-18:00:56.494665 7f54a241f0                       Options.max_log_file_size: 0
2018/12/25-18:00:56.494668 7f54a241f0                  Options.max_manifest_file_size: 18446744073709551615
2018/12/25-18:00:56.494671 7f54a241f0                   Options.log_file_time_to_roll: 0
2018/12/25-18:00:56.494674 7f54a241f0                       Options.keep_log_file_num: 1000
2018/12/25-18:00:56.494678 7f54a241f0                    Options.recycle_log_file_num: 0
2018/12/25-18:00:56.494681 7f54a241f0                         Options.allow_fallocate: 1
2018/12/25-18:00:56.494684 7f54a241f0                        Options.allow_mmap_reads: 0
2018/12/25-18:00:56.494687 7f54a241f0                       Options.allow_mmap_writes: 0
2018/12/25-18:00:56.494690 7f54a241f0                        Options.use_direct_reads: 0
2018/12/25-18:00:56.494693 7f54a241f0                        Options.use_direct_io_for_flush_and_compaction: 0
2018/12/25-18:00:56.494696 7f54a241f0          Options.create_missing_column_families: 1
2018/12/25-18:00:56.494699 7f54a241f0                              Options.db_log_dir: 
2018/12/25-18:00:56.494702 7f54a241f0                                 Options.wal_dir: /mnt/sda/ycsb-rocksdb-data
2018/12/25-18:00:56.494705 7f54a241f0                Options.table_cache_numshardbits: 6
2018/12/25-18:00:56.494708 7f54a241f0                      Options.max_subcompactions: 4
2018/12/25-18:00:56.494712 7f54a241f0                  Options.max_background_flushes: 6
2018/12/25-18:00:56.494715 7f54a241f0                         Options.WAL_ttl_seconds: 0
2018/12/25-18:00:56.494718 7f54a241f0                       Options.WAL_size_limit_MB: 0
2018/12/25-18:00:56.494721 7f54a241f0             Options.manifest_preallocation_size: 4194304
2018/12/25-18:00:56.494724 7f54a241f0                     Options.is_fd_close_on_exec: 1
2018/12/25-18:00:56.494726 7f54a241f0                   Options.advise_random_on_open: 1
2018/12/25-18:00:56.494729 7f54a241f0                    Options.db_write_buffer_size: 0
2018/12/25-18:00:56.494732 7f54a241f0                    Options.write_buffer_manager: 0x7f203e5d30
2018/12/25-18:00:56.494735 7f54a241f0         Options.access_hint_on_compaction_start: 1
2018/12/25-18:00:56.494738 7f54a241f0  Options.new_table_reader_for_compaction_inputs: 0
2018/12/25-18:00:56.494741 7f54a241f0           Options.random_access_max_buffer_size: 1048576
2018/12/25-18:00:56.494744 7f54a241f0                      Options.use_adaptive_mutex: 0
2018/12/25-18:00:56.494747 7f54a241f0                            Options.rate_limiter: (nil)
2018/12/25-18:00:56.494752 7f54a241f0     Options.sst_file_manager.rate_bytes_per_sec: 0
2018/12/25-18:00:56.494756 7f54a241f0                       Options.wal_recovery_mode: 2
2018/12/25-18:00:56.494759 7f54a241f0                  Options.enable_thread_tracking: 0
2018/12/25-18:00:56.494762 7f54a241f0                  Options.enable_pipelined_write: 1
2018/12/25-18:00:56.494765 7f54a241f0         Options.allow_concurrent_memtable_write: 1
2018/12/25-18:00:56.494784 7f54a241f0      Options.enable_write_thread_adaptive_yield: 1
2018/12/25-18:00:56.494789 7f54a241f0             Options.write_thread_max_yield_usec: 100
2018/12/25-18:00:56.494793 7f54a241f0            Options.write_thread_slow_yield_usec: 3
2018/12/25-18:00:56.494796 7f54a241f0                               Options.row_cache: None
2018/12/25-18:00:56.494799 7f54a241f0                              Options.wal_filter: None
2018/12/25-18:00:56.494802 7f54a241f0             Options.avoid_flush_during_recovery: 0
2018/12/25-18:00:56.494805 7f54a241f0             Options.allow_ingest_behind: 0
2018/12/25-18:00:56.494808 7f54a241f0             Options.preserve_deletes: 0
2018/12/25-18:00:56.494811 7f54a241f0             Options.two_write_queues: 0
2018/12/25-18:00:56.494813 7f54a241f0             Options.manual_wal_flush: 0
2018/12/25-18:00:56.494819 7f54a241f0             Options.max_background_jobs: 6
2018/12/25-18:00:56.494822 7f54a241f0             Options.max_background_compactions: 6
2018/12/25-18:00:56.494825 7f54a241f0             Options.avoid_flush_during_shutdown: 0
2018/12/25-18:00:56.494828 7f54a241f0           Options.writable_file_max_buffer_size: 1048576
2018/12/25-18:00:56.494831 7f54a241f0             Options.delayed_write_rate : 16777216
2018/12/25-18:00:56.494834 7f54a241f0             Options.max_total_wal_size: 0
2018/12/25-18:00:56.494837 7f54a241f0             Options.delete_obsolete_files_period_micros: 21600000000
2018/12/25-18:00:56.494840 7f54a241f0                   Options.stats_dump_period_sec: 60
2018/12/25-18:00:56.494843 7f54a241f0                          Options.max_open_files: -1
2018/12/25-18:00:56.494846 7f54a241f0                          Options.bytes_per_sync: 1048576
2018/12/25-18:00:56.494849 7f54a241f0                      Options.wal_bytes_per_sync: 0
2018/12/25-18:00:56.494852 7f54a241f0       Options.compaction_readahead_size: 0
2018/12/25-18:00:56.494854 7f54a241f0 Compression algorithms supported:
2018/12/25-18:00:56.494858 7f54a241f0 	kZSTDNotFinalCompression supported: 1
2018/12/25-18:00:56.494895 7f54a241f0 	kZSTD supported: 1
2018/12/25-18:00:56.494900 7f54a241f0 	kXpressCompression supported: 0
2018/12/25-18:00:56.494904 7f54a241f0 	kLZ4HCCompression supported: 1
2018/12/25-18:00:56.494908 7f54a241f0 	kLZ4Compression supported: 1
2018/12/25-18:00:56.494911 7f54a241f0 	kBZip2Compression supported: 1
2018/12/25-18:00:56.494915 7f54a241f0 	kZlibCompression supported: 1
2018/12/25-18:00:56.494918 7f54a241f0 	kSnappyCompression supported: 1
2018/12/25-18:00:56.494925 7f54a241f0 Fast CRC32 supported: Not supported on x86
2018/12/25-18:00:56.495106 7f54a241f0 [db/db_impl_open.cc:222] Creating manifest 1 
2018/12/25-18:00:56.596401 7f54a241f0 [db/version_set.cc:3085] Recovering from manifest file: MANIFEST-000001
2018/12/25-18:00:56.596619 7f54a241f0 [db/column_family.cc:475] --------------- Options for column family [default]:
2018/12/25-18:00:56.596628 7f54a241f0               Options.comparator: leveldb.BytewiseComparator
2018/12/25-18:00:56.596633 7f54a241f0           Options.merge_operator: None
2018/12/25-18:00:56.596636 7f54a241f0        Options.compaction_filter: None
2018/12/25-18:00:56.596639 7f54a241f0        Options.compaction_filter_factory: None
2018/12/25-18:00:56.596642 7f54a241f0         Options.memtable_factory: SkipListFactory
2018/12/25-18:00:56.596646 7f54a241f0            Options.table_factory: BlockBasedTable
2018/12/25-18:00:56.596698 7f54a241f0            table_factory options:   flush_block_policy_factory: FlushBlockBySizePolicyFactory (0x7f2037ade0)
  cache_index_and_filter_blocks: 0
  cache_index_and_filter_blocks_with_high_priority: 0
  pin_l0_filter_and_index_blocks_in_cache: 0
  index_type: 0
  hash_index_allow_collision: 1
  checksum: 1
  no_block_cache: 0
  block_cache: 0x7f20386070
  block_cache_name: LRUCache
  block_cache_options:
    capacity : 8388608
    num_shard_bits : 4
    strict_capacity_limit : 0
    high_pri_pool_ratio: 0.000
  block_cache_compressed: (nil)
  persistent_cache: (nil)
  block_size: 8192
  block_size_deviation: 10
  block_restart_interval: 16
  index_block_restart_interval: 1
  metadata_block_size: 4096
  partition_filters: 0
  use_delta_encoding: 1
  filter_policy: nullptr
  whole_key_filtering: 1
  verify_compression: 0
  read_amp_bytes_per_bit: 0
  format_version: 2
  enable_index_compression: 1
  block_align: 0
2018/12/25-18:00:56.596742 7f54a241f0        Options.write_buffer_size: 134217728
2018/12/25-18:00:56.596748 7f54a241f0  Options.max_write_buffer_number: 24
2018/12/25-18:00:56.596751 7f54a241f0        Options.compression[0]: NoCompression
2018/12/25-18:00:56.596755 7f54a241f0        Options.compression[1]: NoCompression
2018/12/25-18:00:56.596758 7f54a241f0        Options.compression[2]: LZ4
2018/12/25-18:00:56.596761 7f54a241f0        Options.compression[3]: LZ4
2018/12/25-18:00:56.596764 7f54a241f0        Options.compression[4]: LZ4
2018/12/25-18:00:56.596767 7f54a241f0        Options.compression[5]: LZ4
2018/12/25-18:00:56.596769 7f54a241f0        Options.compression[6]: LZ4
2018/12/25-18:00:56.596772 7f54a241f0                  Options.bottommost_compression: Disabled
2018/12/25-18:00:56.596775 7f54a241f0       Options.prefix_extractor: nullptr
2018/12/25-18:00:56.596778 7f54a241f0   Options.memtable_insert_with_hint_prefix_extractor: nullptr
2018/12/25-18:00:56.596781 7f54a241f0             Options.num_levels: 7
2018/12/25-18:00:56.596784 7f54a241f0        Options.min_write_buffer_number_to_merge: 2
2018/12/25-18:00:56.596786 7f54a241f0     Options.max_write_buffer_number_to_maintain: 0
2018/12/25-18:00:56.596789 7f54a241f0            Options.compression_opts.window_bits: -14
2018/12/25-18:00:56.596792 7f54a241f0                  Options.compression_opts.level: -1
2018/12/25-18:00:56.596795 7f54a241f0               Options.compression_opts.strategy: 0
2018/12/25-18:00:56.596797 7f54a241f0         Options.compression_opts.max_dict_bytes: 0
2018/12/25-18:00:56.596801 7f54a241f0         Options.compression_opts.zstd_max_train_bytes: 0
2018/12/25-18:00:56.596803 7f54a241f0      Options.level0_file_num_compaction_trigger: 2
2018/12/25-18:00:56.596806 7f54a241f0          Options.level0_slowdown_writes_trigger: 20
2018/12/25-18:00:56.596809 7f54a241f0              Options.level0_stop_writes_trigger: 36
2018/12/25-18:00:56.596811 7f54a241f0                   Options.target_file_size_base: 67108864
2018/12/25-18:00:56.596814 7f54a241f0             Options.target_file_size_multiplier: 1
2018/12/25-18:00:56.596817 7f54a241f0                Options.max_bytes_for_level_base: 536870912
2018/12/25-18:00:56.596820 7f54a241f0 Options.level_compaction_dynamic_level_bytes: 0
2018/12/25-18:00:56.596823 7f54a241f0          Options.max_bytes_for_level_multiplier: 10.000000
2018/12/25-18:00:56.596829 7f54a241f0 Options.max_bytes_for_level_multiplier_addtl[0]: 1
2018/12/25-18:00:56.596832 7f54a241f0 Options.max_bytes_for_level_multiplier_addtl[1]: 1
2018/12/25-18:00:56.596835 7f54a241f0 Options.max_bytes_for_level_multiplier_addtl[2]: 1
2018/12/25-18:00:56.596838 7f54a241f0 Options.max_bytes_for_level_multiplier_addtl[3]: 1
2018/12/25-18:00:56.596841 7f54a241f0 Options.max_bytes_for_level_multiplier_addtl[4]: 1
2018/12/25-18:00:56.596844 7f54a241f0 Options.max_bytes_for_level_multiplier_addtl[5]: 1
2018/12/25-18:00:56.596846 7f54a241f0 Options.max_bytes_for_level_multiplier_addtl[6]: 1
2018/12/25-18:00:56.596849 7f54a241f0       Options.max_sequential_skip_in_iterations: 8
2018/12/25-18:00:56.596852 7f54a241f0                    Options.max_compaction_bytes: 1677721600
2018/12/25-18:00:56.596855 7f54a241f0                        Options.arena_block_size: 16777216
2018/12/25-18:00:56.596858 7f54a241f0   Options.soft_pending_compaction_bytes_limit: 68719476736
2018/12/25-18:00:56.596860 7f54a241f0   Options.hard_pending_compaction_bytes_limit: 274877906944
2018/12/25-18:00:56.596863 7f54a241f0       Options.rate_limit_delay_max_milliseconds: 100
2018/12/25-18:00:56.596866 7f54a241f0                Options.disable_auto_compactions: 0
2018/12/25-18:00:56.596870 7f54a241f0                        Options.compaction_style: kCompactionStyleLevel
2018/12/25-18:00:56.596888 7f54a241f0                          Options.compaction_pri: kByCompensatedSize
2018/12/25-18:00:56.596893 7f54a241f0 Options.compaction_options_universal.size_ratio: 1
2018/12/25-18:00:56.596897 7f54a241f0 Options.compaction_options_universal.min_merge_width: 2
2018/12/25-18:00:56.596900 7f54a241f0 Options.compaction_options_universal.max_merge_width: 4294967295
2018/12/25-18:00:56.596902 7f54a241f0 Options.compaction_options_universal.max_size_amplification_percent: 200
2018/12/25-18:00:56.596905 7f54a241f0 Options.compaction_options_universal.compression_size_percent: -1
2018/12/25-18:00:56.596909 7f54a241f0 Options.compaction_options_universal.stop_style: kCompactionStopStyleTotalSize
2018/12/25-18:00:56.596912 7f54a241f0 Options.compaction_options_fifo.max_table_files_size: 1073741824
2018/12/25-18:00:56.596916 7f54a241f0 Options.compaction_options_fifo.allow_compaction: 0
2018/12/25-18:00:56.596919 7f54a241f0 Options.compaction_options_fifo.ttl: 0
2018/12/25-18:00:56.596922 7f54a241f0                   Options.table_properties_collectors: 
2018/12/25-18:00:56.596924 7f54a241f0                   Options.inplace_update_support: 0
2018/12/25-18:00:56.596927 7f54a241f0                 Options.inplace_update_num_locks: 10000
2018/12/25-18:00:56.596930 7f54a241f0               Options.memtable_prefix_bloom_size_ratio: 0.000000
2018/12/25-18:00:56.596934 7f54a241f0   Options.memtable_huge_page_size: 0
2018/12/25-18:00:56.596937 7f54a241f0                           Options.bloom_locality: 0
2018/12/25-18:00:56.596940 7f54a241f0                    Options.max_successive_merges: 0
2018/12/25-18:00:56.596943 7f54a241f0                Options.optimize_filters_for_hits: 0
2018/12/25-18:00:56.596946 7f54a241f0                Options.paranoid_file_checks: 0
2018/12/25-18:00:56.596948 7f54a241f0                Options.force_consistency_checks: 0
2018/12/25-18:00:56.596951 7f54a241f0                Options.report_bg_io_stats: 0
2018/12/25-18:00:56.596954 7f54a241f0                               Options.ttl: 0
2018/12/25-18:00:56.598939 7f54a241f0 [db/version_set.cc:3361] Recovered from manifest file:/mnt/sda/ycsb-rocksdb-data/MANIFEST-000001 succeeded,manifest_file_number is 1, next_file_number is 3, last_sequence is 0, log_number is 0,prev_log_number is 0,max_column_family is 0,min_log_number_to_keep is 0
2018/12/25-18:00:56.598988 7f54a241f0 [db/version_set.cc:3369] Column family [default] (ID 0), log number is 0
2018/12/25-18:00:56.599838 7f54a241f0 [db/version_set.cc:2847] Creating manifest 4
2018/12/25-18:00:56.672728 7f54a241f0 [db/column_family.cc:475] --------------- Options for column family [usertable]:
2018/12/25-18:00:56.672770 7f54a241f0               Options.comparator: leveldb.BytewiseComparator
2018/12/25-18:00:56.672778 7f54a241f0           Options.merge_operator: None
2018/12/25-18:00:56.672785 7f54a241f0        Options.compaction_filter: None
2018/12/25-18:00:56.672791 7f54a241f0        Options.compaction_filter_factory: None
2018/12/25-18:00:56.672797 7f54a241f0         Options.memtable_factory: SkipListFactory
2018/12/25-18:00:56.672804 7f54a241f0            Options.table_factory: BlockBasedTable
2018/12/25-18:00:56.672901 7f54a241f0            table_factory options:   flush_block_policy_factory: FlushBlockBySizePolicyFactory (0x7f20379730)
  cache_index_and_filter_blocks: 0
  cache_index_and_filter_blocks_with_high_priority: 0
  pin_l0_filter_and_index_blocks_in_cache: 0
  index_type: 0
  hash_index_allow_collision: 1
  checksum: 1
  no_block_cache: 0
  block_cache: 0x7f20388fa0
  block_cache_name: LRUCache
  block_cache_options:
    capacity : 8388608
    num_shard_bits : 4
    strict_capacity_limit : 0
    high_pri_pool_ratio: 0.000
  block_cache_compressed: (nil)
  persistent_cache: (nil)
  block_size: 8192
  block_size_deviation: 10
  block_restart_interval: 16
  index_block_restart_interval: 1
  metadata_block_size: 4096
  partition_filters: 0
  use_delta_encoding: 1
  filter_policy: nullptr
  whole_key_filtering: 1
  verify_compression: 0
  read_amp_bytes_per_bit: 0
  format_version: 2
  enable_index_compression: 1
  block_align: 0
2018/12/25-18:00:56.672911 7f54a241f0        Options.write_buffer_size: 134217728
2018/12/25-18:00:56.672918 7f54a241f0  Options.max_write_buffer_number: 24
2018/12/25-18:00:56.672925 7f54a241f0        Options.compression[0]: NoCompression
2018/12/25-18:00:56.672932 7f54a241f0        Options.compression[1]: NoCompression
2018/12/25-18:00:56.672938 7f54a241f0        Options.compression[2]: LZ4
2018/12/25-18:00:56.672944 7f54a241f0        Options.compression[3]: LZ4
2018/12/25-18:00:56.672951 7f54a241f0        Options.compression[4]: LZ4
2018/12/25-18:00:56.672957 7f54a241f0        Options.compression[5]: LZ4
2018/12/25-18:00:56.672963 7f54a241f0        Options.compression[6]: LZ4
2018/12/25-18:00:56.672970 7f54a241f0                  Options.bottommost_compression: Disabled
2018/12/25-18:00:56.672976 7f54a241f0       Options.prefix_extractor: nullptr
2018/12/25-18:00:56.672983 7f54a241f0   Options.memtable_insert_with_hint_prefix_extractor: nullptr
2018/12/25-18:00:56.672989 7f54a241f0             Options.num_levels: 7
2018/12/25-18:00:56.672995 7f54a241f0        Options.min_write_buffer_number_to_merge: 2
2018/12/25-18:00:56.673001 7f54a241f0     Options.max_write_buffer_number_to_maintain: 0
2018/12/25-18:00:56.673007 7f54a241f0            Options.compression_opts.window_bits: -14
2018/12/25-18:00:56.673014 7f54a241f0                  Options.compression_opts.level: -1
2018/12/25-18:00:56.673020 7f54a241f0               Options.compression_opts.strategy: 0
2018/12/25-18:00:56.673026 7f54a241f0         Options.compression_opts.max_dict_bytes: 0
2018/12/25-18:00:56.673032 7f54a241f0         Options.compression_opts.zstd_max_train_bytes: 0
2018/12/25-18:00:56.673038 7f54a241f0      Options.level0_file_num_compaction_trigger: 2
2018/12/25-18:00:56.673044 7f54a241f0          Options.level0_slowdown_writes_trigger: 20
2018/12/25-18:00:56.673050 7f54a241f0              Options.level0_stop_writes_trigger: 36
2018/12/25-18:00:56.673056 7f54a241f0                   Options.target_file_size_base: 67108864
2018/12/25-18:00:56.673063 7f54a241f0             Options.target_file_size_multiplier: 1
2018/12/25-18:00:56.673094 7f54a241f0                Options.max_bytes_for_level_base: 536870912
2018/12/25-18:00:56.673102 7f54a241f0 Options.level_compaction_dynamic_level_bytes: 0
2018/12/25-18:00:56.673108 7f54a241f0          Options.max_bytes_for_level_multiplier: 10.000000
2018/12/25-18:00:56.673120 7f54a241f0 Options.max_bytes_for_level_multiplier_addtl[0]: 1
2018/12/25-18:00:56.673127 7f54a241f0 Options.max_bytes_for_level_multiplier_addtl[1]: 1
2018/12/25-18:00:56.673189 7f54a241f0 Options.max_bytes_for_level_multiplier_addtl[2]: 1
2018/12/25-18:00:56.673197 7f54a241f0 Options.max_bytes_for_level_multiplier_addtl[3]: 1
2018/12/25-18:00:56.673203 7f54a241f0 Options.max_bytes_for_level_multiplier_addtl[4]: 1
2018/12/25-18:00:56.673210 7f54a241f0 Options.max_bytes_for_level_multiplier_addtl[5]: 1
2018/12/25-18:00:56.673216 7f54a241f0 Options.max_bytes_for_level_multiplier_addtl[6]: 1
2018/12/25-18:00:56.673222 7f54a241f0       Options.max_sequential_skip_in_iterations: 8
2018/12/25-18:00:56.673228 7f54a241f0                    Options.max_compaction_bytes: 1677721600
2018/12/25-18:00:56.673234 7f54a241f0                        Options.arena_block_size: 16777216
2018/12/25-18:00:56.673240 7f54a241f0   Options.soft_pending_compaction_bytes_limit: 68719476736
2018/12/25-18:00:56.673246 7f54a241f0   Options.hard_pending_compaction_bytes_limit: 274877906944
2018/12/25-18:00:56.673252 7f54a241f0       Options.rate_limit_delay_max_milliseconds: 100
2018/12/25-18:00:56.673258 7f54a241f0                Options.disable_auto_compactions: 0
2018/12/25-18:00:56.673267 7f54a241f0                        Options.compaction_style: kCompactionStyleLevel
2018/12/25-18:00:56.673275 7f54a241f0                          Options.compaction_pri: kByCompensatedSize
2018/12/25-18:00:56.673281 7f54a241f0 Options.compaction_options_universal.size_ratio: 1
2018/12/25-18:00:56.673287 7f54a241f0 Options.compaction_options_universal.min_merge_width: 2
2018/12/25-18:00:56.673293 7f54a241f0 Options.compaction_options_universal.max_merge_width: 4294967295
2018/12/25-18:00:56.673299 7f54a241f0 Options.compaction_options_universal.max_size_amplification_percent: 200
2018/12/25-18:00:56.673305 7f54a241f0 Options.compaction_options_universal.compression_size_percent: -1
2018/12/25-18:00:56.673313 7f54a241f0 Options.compaction_options_universal.stop_style: kCompactionStopStyleTotalSize
2018/12/25-18:00:56.673320 7f54a241f0 Options.compaction_options_fifo.max_table_files_size: 1073741824
2018/12/25-18:00:56.673326 7f54a241f0 Options.compaction_options_fifo.allow_compaction: 0
2018/12/25-18:00:56.673332 7f54a241f0 Options.compaction_options_fifo.ttl: 0
2018/12/25-18:00:56.673338 7f54a241f0                   Options.table_properties_collectors: 
2018/12/25-18:00:56.673345 7f54a241f0                   Options.inplace_update_support: 0
2018/12/25-18:00:56.673350 7f54a241f0                 Options.inplace_update_num_locks: 10000
2018/12/25-18:00:56.673357 7f54a241f0               Options.memtable_prefix_bloom_size_ratio: 0.000000
2018/12/25-18:00:56.673364 7f54a241f0   Options.memtable_huge_page_size: 0
2018/12/25-18:00:56.673371 7f54a241f0                           Options.bloom_locality: 0
2018/12/25-18:00:56.673377 7f54a241f0                    Options.max_successive_merges: 0
2018/12/25-18:00:56.673383 7f54a241f0                Options.optimize_filters_for_hits: 0
2018/12/25-18:00:56.673389 7f54a241f0                Options.paranoid_file_checks: 0
2018/12/25-18:00:56.673395 7f54a241f0                Options.force_consistency_checks: 0
2018/12/25-18:00:56.673401 7f54a241f0                Options.report_bg_io_stats: 0
2018/12/25-18:00:56.673407 7f54a241f0                               Options.ttl: 0
2018/12/25-18:00:56.673635 7f54a241f0 [db/db_impl.cc:1396] Created column family [usertable] (ID 1)
2018/12/25-18:00:56.764392 7f54a241f0 [db/db_impl_open.cc:1219] DB pointer 0x7f203e4f90
2018/12/25-18:01:10.472923 7f287fe1f0 [db/db_impl_write.cc:1373] [usertable] New memtable created with log file: #9. Immutable memtables: 0.
2018/12/25-18:01:22.510294 7f548241f0 [db/db_impl_write.cc:1373] [usertable] New memtable created with log file: #10. Immutable memtables: 1.
2018/12/25-18:01:22.510679 7ee3fff1f0 [db/db_impl_compaction_flush.cc:80] [JOB 2] Syncing log #3
2018/12/25-18:01:22.958119 7ee3fff1f0 [db/db_impl_compaction_flush.cc:80] [JOB 2] Syncing log #9
2018/12/25-18:01:23.744362 7ee3fff1f0 (Original Log Time 2018/12/25-18:01:22.510528) [db/db_impl_compaction_flush.cc:1424] Calling FlushMemTableToOutputFile with column family [usertable], flush slots available 6, compaction slots available 1, flush slots scheduled 1, compaction slots scheduled 0
2018/12/25-18:01:23.744409 7ee3fff1f0 [db/flush_job.cc:301] [usertable] [JOB 2] Flushing memtable with next log file: 9
2018/12/25-18:01:23.744445 7ee3fff1f0 [db/flush_job.cc:301] [usertable] [JOB 2] Flushing memtable with next log file: 10
2018/12/25-18:01:23.744575 7ee3fff1f0 EVENT_LOG_v1 {"time_micros": 1545760883744527, "job": 2, "event": "flush_started", "num_memtables": 2, "num_entries": 61115, "num_deletes": 0, "memory_usage": 253351880, "flush_reason": "Write Buffer Full"}
2018/12/25-18:01:23.744610 7ee3fff1f0 [db/flush_job.cc:331] [usertable] [JOB 2] Level-0 flush table #11: started
2018/12/25-18:01:26.306919 7ee3fff1f0 EVENT_LOG_v1 {"time_micros": 1545760886306818, "cf_name": "usertable", "job": 2, "event": "table_file_creation", "file_number": 11, "file_size": 253101679, "table_properties": {"data_size": 251977159, "index_size": 1123593, "filter_size": 0, "raw_key_size": 1466760, "raw_average_key_size": 24, "raw_value_size": 250327040, "raw_average_value_size": 4096, "num_data_blocks": 30558, "num_entries": 61115, "filter_policy_name": "", "kDeletedKeys": "0", "kMergeOperands": "0"}}
2018/12/25-18:01:26.307025 7ee3fff1f0 [db/flush_job.cc:371] [usertable] [JOB 2] Level-0 flush table #11: 253101679 bytes OK
2018/12/25-18:01:26.381389 7ee3fff1f0 (Original Log Time 2018/12/25-18:01:26.307097) [db/memtable_list.cc:377] [usertable] Level-0 commit table #11 started
2018/12/25-18:01:26.381407 7ee3fff1f0 (Original Log Time 2018/12/25-18:01:26.381043) [db/memtable_list.cc:409] [usertable] Level-0 commit table #11: memtable #1 done
2018/12/25-18:01:26.381417 7ee3fff1f0 (Original Log Time 2018/12/25-18:01:26.381117) [db/memtable_list.cc:409] [usertable] Level-0 commit table #11: memtable #2 done
2018/12/25-18:01:26.381427 7ee3fff1f0 (Original Log Time 2018/12/25-18:01:26.381204) EVENT_LOG_v1 {"time_micros": 1545760886381169, "job": 2, "event": "flush_finished", "output_compression": "NoCompression", "lsm_state": [1, 0, 0, 0, 0, 0, 0], "immutable_memtables": 0}
2018/12/25-18:01:26.381438 7ee3fff1f0 (Original Log Time 2018/12/25-18:01:26.381286) [db/db_impl_compaction_flush.cc:177] [usertable] Level summary: base level 1 max bytes base 536870912 files[1 0 0 0 0 0 0] max score 0.50
2018/12/25-18:01:26.381486 7ee3fff1f0 [db/db_impl_files.cc:347] [JOB 2] Try to delete WAL files size 251987843, prev total WAL file size 287901957, number of live WAL files 3.
2018/12/25-18:01:34.728259 7f287fe1f0 [db/db_impl_write.cc:1373] [usertable] New memtable created with log file: #12. Immutable memtables: 0.
2018/12/25-18:01:45.802170 7f548241f0 [db/db_impl_write.cc:1373] [usertable] New memtable created with log file: #13. Immutable memtables: 1.
2018/12/25-18:01:45.802308 7ee2ffd1f0 [db/db_impl_compaction_flush.cc:80] [JOB 3] Syncing log #10
2018/12/25-18:01:46.388558 7ee2ffd1f0 [db/db_impl_compaction_flush.cc:80] [JOB 3] Syncing log #12
2018/12/25-18:01:46.970424 7ee2ffd1f0 (Original Log Time 2018/12/25-18:01:45.802283) [db/db_impl_compaction_flush.cc:1424] Calling FlushMemTableToOutputFile with column family [usertable], flush slots available 6, compaction slots available 1, flush slots scheduled 1, compaction slots scheduled 0
2018/12/25-18:01:46.970449 7ee2ffd1f0 [db/flush_job.cc:301] [usertable] [JOB 3] Flushing memtable with next log file: 12
2018/12/25-18:01:46.970460 7ee2ffd1f0 [db/flush_job.cc:301] [usertable] [JOB 3] Flushing memtable with next log file: 13
2018/12/25-18:01:46.970510 7ee2ffd1f0 EVENT_LOG_v1 {"time_micros": 1545760906970496, "job": 3, "event": "flush_started", "num_memtables": 2, "num_entries": 61430, "num_deletes": 0, "memory_usage": 254595632, "flush_reason": "Write Buffer Full"}
2018/12/25-18:01:46.970522 7ee2ffd1f0 [db/flush_job.cc:331] [usertable] [JOB 3] Level-0 flush table #14: started
2018/12/25-18:01:49.325577 7ee2ffd1f0 EVENT_LOG_v1 {"time_micros": 1545760909325481, "cf_name": "usertable", "job": 3, "event": "table_file_creation", "file_number": 14, "file_size": 254419833, "table_properties": {"data_size": 253282715, "index_size": 1136191, "filter_size": 0, "raw_key_size": 1474320, "raw_average_key_size": 24, "raw_value_size": 251617280, "raw_average_value_size": 4096, "num_data_blocks": 30715, "num_entries": 61430, "filter_policy_name": "", "kDeletedKeys": "0", "kMergeOperands": "0"}}
2018/12/25-18:01:49.325673 7ee2ffd1f0 [db/flush_job.cc:371] [usertable] [JOB 3] Level-0 flush table #14: 254419833 bytes OK
2018/12/25-18:01:49.357642 7ee2ffd1f0 (Original Log Time 2018/12/25-18:01:49.325715) [db/memtable_list.cc:377] [usertable] Level-0 commit table #14 started
2018/12/25-18:01:49.357660 7ee2ffd1f0 (Original Log Time 2018/12/25-18:01:49.357351) [db/memtable_list.cc:409] [usertable] Level-0 commit table #14: memtable #1 done
2018/12/25-18:01:49.357670 7ee2ffd1f0 (Original Log Time 2018/12/25-18:01:49.357368) [db/memtable_list.cc:409] [usertable] Level-0 commit table #14: memtable #2 done
2018/12/25-18:01:49.357680 7ee2ffd1f0 (Original Log Time 2018/12/25-18:01:49.357443) EVENT_LOG_v1 {"time_micros": 1545760909357413, "job": 3, "event": "flush_finished", "output_compression": "NoCompression", "lsm_state": [2, 0, 0, 0, 0, 0, 0], "immutable_memtables": 0}
2018/12/25-18:01:49.357690 7ee2ffd1f0 (Original Log Time 2018/12/25-18:01:49.357570) [db/db_impl_compaction_flush.cc:177] [usertable] Level summary: base level 1 max bytes base 536870912 files[2 0 0 0 0 0 0] max score 1.00
2018/12/25-18:01:49.357732 7ee2ffd1f0 [db/db_impl_files.cc:347] [JOB 3] Try to delete WAL files size 253272650, prev total WAL file size 281209461, number of live WAL files 3.
2018/12/25-18:01:49.363766 7f06ef71f0 [WARN] [db/db_impl.cc:491] ------- DUMPING STATS -------
2018/12/25-18:01:49.363944 7f06ef71f0 [WARN] [db/db_impl.cc:492] 
** DB Stats **
Uptime(secs): 52.8 total, 52.8 interval
Cumulative writes: 129K writes, 129K keys, 65K commit groups, 2.0 writes per commit group, ingest: 0.50 GB, 9.64 MB/s
Cumulative WAL: 129K writes, 0 syncs, 129320.00 writes per sync, written: 0.50 GB, 9.64 MB/s
Cumulative stall: 00:00:0.000 H:M:S, 0.0 percent
Interval writes: 129K writes, 129K keys, 65K commit groups, 2.0 writes per commit group, ingest: 508.50 MB, 9.64 MB/s
Interval WAL: 129K writes, 0 syncs, 129320.00 writes per sync, written: 0.50 MB, 9.64 MB/s
Interval stall: 00:00:0.000 H:M:S, 0.0 percent

** Compaction Stats [default] **
Level    Files   Size     Score Read(GB)  Rn(GB) Rnp1(GB) Write(GB) Wnew(GB) Moved(GB) W-Amp Rd(MB/s) Wr(MB/s) Comp(sec) Comp(cnt) Avg(sec) KeyIn KeyDrop
----------------------------------------------------------------------------------------------------------------------------------------------------------
 Sum      0/0    0.00 KB   0.0      0.0     0.0      0.0       0.0      0.0       0.0   0.0      0.0      0.0         0         0    0.000       0      0
 Int      0/0    0.00 KB   0.0      0.0     0.0      0.0       0.0      0.0       0.0   0.0      0.0      0.0         0         0    0.000       0      0
Uptime(secs): 52.8 total, 52.8 interval
Flush(GB): cumulative 0.000, interval 0.000
AddFile(GB): cumulative 0.000, interval 0.000
AddFile(Total Files): cumulative 0, interval 0
AddFile(L0 Files): cumulative 0, interval 0
AddFile(Keys): cumulative 0, interval 0
Cumulative compaction: 0.00 GB write, 0.00 MB/s write, 0.00 GB read, 0.00 MB/s read, 0.0 seconds
Interval compaction: 0.00 GB write, 0.00 MB/s write, 0.00 GB read, 0.00 MB/s read, 0.0 seconds
Stalls(count): 0 level0_slowdown, 0 level0_slowdown_with_compaction, 0 level0_numfiles, 0 level0_numfiles_with_compaction, 0 stop for pending_compaction_bytes, 0 slowdown for pending_compaction_bytes, 0 memtable_compaction, 0 memtable_slowdown, interval 0 total count

** File Read Latency Histogram By Level [default] **

** Compaction Stats [usertable] **
Level    Files   Size     Score Read(GB)  Rn(GB) Rnp1(GB) Write(GB) Wnew(GB) Moved(GB) W-Amp Rd(MB/s) Wr(MB/s) Comp(sec) Comp(cnt) Avg(sec) KeyIn KeyDrop
----------------------------------------------------------------------------------------------------------------------------------------------------------
  L0      2/0   484.01 MB   1.0      0.0     0.0      0.0       0.5      0.5       0.0   1.0      0.0     98.4         5         2    2.459       0      0
 Sum      2/0   484.01 MB   0.0      0.0     0.0      0.0       0.5      0.5       0.0   1.0      0.0     98.4         5         2    2.459       0      0
 Int      0/0    0.00 KB   0.0      0.0     0.0      0.0       0.5      0.5       0.0   1.0      0.0     98.4         5         2    2.459       0      0
Uptime(secs): 52.7 total, 52.7 interval
Flush(GB): cumulative 0.473, interval 0.473
AddFile(GB): cumulative 0.000, interval 0.000
AddFile(Total Files): cumulative 0, interval 0
AddFile(L0 Files): cumulative 0, interval 0
AddFile(Keys): cumulative 0, interval 0
Cumulative compaction: 0.47 GB write, 9.19 MB/s write, 0.00 GB read, 0.00 MB/s read, 4.9 seconds
Interval compaction: 0.47 GB write, 9.19 MB/s write, 0.00 GB read, 0.00 MB/s read, 4.9 seconds
Stalls(count): 0 level0_slowdown, 0 level0_slowdown_with_compaction, 0 level0_numfiles, 0 level0_numfiles_with_compaction, 0 stop for pending_compaction_bytes, 0 slowdown for pending_compaction_bytes, 0 memtable_compaction, 0 memtable_slowdown, interval 0 total count

** File Read Latency Histogram By Level [usertable] **

** Compaction Stats [default] **
Level    Files   Size     Score Read(GB)  Rn(GB) Rnp1(GB) Write(GB) Wnew(GB) Moved(GB) W-Amp Rd(MB/s) Wr(MB/s) Comp(sec) Comp(cnt) Avg(sec) KeyIn KeyDrop
----------------------------------------------------------------------------------------------------------------------------------------------------------
 Sum      0/0    0.00 KB   0.0      0.0     0.0      0.0       0.0      0.0       0.0   0.0      0.0      0.0         0         0    0.000       0      0
 Int      0/0    0.00 KB   0.0      0.0     0.0      0.0       0.0      0.0       0.0   0.0      0.0      0.0         0         0    0.000       0      0
Uptime(secs): 52.8 total, 0.0 interval
Flush(GB): cumulative 0.000, interval 0.000
AddFile(GB): cumulative 0.000, interval 0.000
AddFile(Total Files): cumulative 0, interval 0
AddFile(L0 Files): cumulative 0, interval 0
AddFile(Keys): cumulative 0, interval 0
Cumulative compaction: 0.00 GB write, 0.00 MB/s write, 0.00 GB read, 0.00 MB/s read, 0.0 seconds
Interval compaction: 0.00 GB write, 0.00 MB/s write, 0.00 GB read, 0.00 MB/s read, 0.0 seconds
Stalls(count): 0 level0_slowdown, 0 level0_slowdown_with_compaction, 0 level0_numfiles, 0 level0_numfiles_with_compaction, 0 stop for pending_compaction_bytes, 0 slowdown for pending_compaction_bytes, 0 memtable_compaction, 0 memtable_slowdown, interval 0 total count

** File Read Latency Histogram By Level [default] **

** Compaction Stats [usertable] **
Level    Files   Size     Score Read(GB)  Rn(GB) Rnp1(GB) Write(GB) Wnew(GB) Moved(GB) W-Amp Rd(MB/s) Wr(MB/s) Comp(sec) Comp(cnt) Avg(sec) KeyIn KeyDrop
----------------------------------------------------------------------------------------------------------------------------------------------------------
  L0      2/0   484.01 MB   1.0      0.0     0.0      0.0       0.5      0.5       0.0   1.0      0.0     98.4         5         2    2.459       0      0
 Sum      2/0   484.01 MB   0.0      0.0     0.0      0.0       0.5      0.5       0.0   1.0      0.0     98.4         5         2    2.459       0      0
 Int      0/0    0.00 KB   0.0      0.0     0.0      0.0       0.0      0.0       0.0   0.0      0.0      0.0         0         0    0.000       0      0
Uptime(secs): 52.7 total, 0.0 interval
Flush(GB): cumulative 0.473, interval 0.000
AddFile(GB): cumulative 0.000, interval 0.000
AddFile(Total Files): cumulative 0, interval 0
AddFile(L0 Files): cumulative 0, interval 0
AddFile(Keys): cumulative 0, interval 0
Cumulative compaction: 0.47 GB write, 9.19 MB/s write, 0.00 GB read, 0.00 MB/s read, 4.9 seconds
Interval compaction: 0.00 GB write, 0.00 MB/s write, 0.00 GB read, 0.00 MB/s read, 0.0 seconds
Stalls(count): 0 level0_slowdown, 0 level0_slowdown_with_compaction, 0 level0_numfiles, 0 level0_numfiles_with_compaction, 0 stop for pending_compaction_bytes, 0 slowdown for pending_compaction_bytes, 0 memtable_compaction, 0 memtable_slowdown, interval 0 total count

** File Read Latency Histogram By Level [usertable] **
2018/12/25-18:01:49.393436 7f06ef71f0 (Original Log Time 2018/12/25-18:01:49.364297) [db/db_impl_compaction_flush.cc:1835] [usertable] Moving #14 to level-1 254419833 bytes
2018/12/25-18:01:49.393445 7f06ef71f0 (Original Log Time 2018/12/25-18:01:49.393326) EVENT_LOG_v1 {"time_micros": 1545760909393304, "job": 4, "event": "trivial_move", "destination_level": 1, "files": 1, "total_files_size": 254419833}
2018/12/25-18:01:49.393450 7f06ef71f0 (Original Log Time 2018/12/25-18:01:49.393354) [db/db_impl_compaction_flush.cc:1864] [usertable] Moved #1 files to level-1 254419833 bytes OK: base level 1 max bytes base 536870912 files[1 1 0 0 0 0 0] max score 0.50
2018/12/25-18:01:58.144914 7f287fe1f0 [db/db_impl_write.cc:1373] [usertable] New memtable created with log file: #15. Immutable memtables: 0.
2018/12/25-18:02:09.891695 7f287fe1f0 [db/db_impl_write.cc:1373] [usertable] New memtable created with log file: #16. Immutable memtables: 1.
2018/12/25-18:02:09.891958 7ee37fe1f0 [db/db_impl_compaction_flush.cc:80] [JOB 5] Syncing log #13
2018/12/25-18:02:10.873672 7ee37fe1f0 [db/db_impl_compaction_flush.cc:80] [JOB 5] Syncing log #15
2018/12/25-18:02:11.970121 7ee37fe1f0 (Original Log Time 2018/12/25-18:02:09.891917) [db/db_impl_compaction_flush.cc:1424] Calling FlushMemTableToOutputFile with column family [usertable], flush slots available 6, compaction slots available 1, flush slots scheduled 1, compaction slots scheduled 0
2018/12/25-18:02:11.970162 7ee37fe1f0 [db/flush_job.cc:301] [usertable] [JOB 5] Flushing memtable with next log file: 15
2018/12/25-18:02:11.970183 7ee37fe1f0 [db/flush_job.cc:301] [usertable] [JOB 5] Flushing memtable with next log file: 16
2018/12/25-18:02:11.970264 7ee37fe1f0 EVENT_LOG_v1 {"time_micros": 1545760931970238, "job": 5, "event": "flush_started", "num_memtables": 2, "num_entries": 61104, "num_deletes": 0, "memory_usage": 253233792, "flush_reason": "Write Buffer Full"}
2018/12/25-18:02:11.970283 7ee37fe1f0 [db/flush_job.cc:331] [usertable] [JOB 5] Level-0 flush table #17: started
2018/12/25-18:02:14.377099 7ee37fe1f0 EVENT_LOG_v1 {"time_micros": 1545760934376974, "cf_name": "usertable", "job": 5, "event": "table_file_creation", "file_number": 17, "file_size": 253069667, "table_properties": {"data_size": 251938580, "index_size": 1130160, "filter_size": 0, "raw_key_size": 1466496, "raw_average_key_size": 24, "raw_value_size": 250281984, "raw_average_value_size": 4096, "num_data_blocks": 30552, "num_entries": 61104, "filter_policy_name": "", "kDeletedKeys": "0", "kMergeOperands": "0"}}
2018/12/25-18:02:14.377225 7ee37fe1f0 [db/flush_job.cc:371] [usertable] [JOB 5] Level-0 flush table #17: 253069667 bytes OK
2018/12/25-18:02:14.406431 7ee37fe1f0 (Original Log Time 2018/12/25-18:02:14.377266) [db/memtable_list.cc:377] [usertable] Level-0 commit table #17 started
2018/12/25-18:02:14.406450 7ee37fe1f0 (Original Log Time 2018/12/25-18:02:14.406161) [db/memtable_list.cc:409] [usertable] Level-0 commit table #17: memtable #1 done
2018/12/25-18:02:14.406460 7ee37fe1f0 (Original Log Time 2018/12/25-18:02:14.406179) [db/memtable_list.cc:409] [usertable] Level-0 commit table #17: memtable #2 done
2018/12/25-18:02:14.406470 7ee37fe1f0 (Original Log Time 2018/12/25-18:02:14.406254) EVENT_LOG_v1 {"time_micros": 1545760934406225, "job": 5, "event": "flush_finished", "output_compression": "NoCompression", "lsm_state": [2, 1, 0, 0, 0, 0, 0], "immutable_memtables": 0}
2018/12/25-18:02:14.406480 7ee37fe1f0 (Original Log Time 2018/12/25-18:02:14.406350) [db/db_impl_compaction_flush.cc:177] [usertable] Level summary: base level 1 max bytes base 536870912 files[2 1 0 0 0 0 0] max score 1.00
2018/12/25-18:02:14.406523 7ee37fe1f0 [db/db_impl_files.cc:347] [JOB 5] Try to delete WAL files size 251926956, prev total WAL file size 289529003, number of live WAL files 3.
2018/12/25-18:02:14.439063 7f066f61f0 (Original Log Time 2018/12/25-18:02:14.410181) [db/db_impl_compaction_flush.cc:1835] [usertable] Moving #11 to level-1 253101679 bytes
2018/12/25-18:02:14.439087 7f066f61f0 (Original Log Time 2018/12/25-18:02:14.438985) EVENT_LOG_v1 {"time_micros": 1545760934438975, "job": 6, "event": "trivial_move", "destination_level": 1, "files": 1, "total_files_size": 253101679}
