2018/10/25-17:15:33.931430 7f2e013e9700 RocksDB version: 5.14.3
2018/10/25-17:15:33.931504 7f2e013e9700 Git sha rocksdb_build_git_sha:
2018/10/25-17:15:33.931507 7f2e013e9700 Compile date Oct 15 2018
2018/10/25-17:15:33.931511 7f2e013e9700 DB SUMMARY
2018/10/25-17:15:33.932244 7f2e013e9700 CURRENT file:  CURRENT
2018/10/25-17:15:33.932248 7f2e013e9700 IDENTITY file:  IDENTITY
2018/10/25-17:15:33.932515 7f2e013e9700 MANIFEST file:  MANIFEST-026378 size: 49125 Bytes
2018/10/25-17:15:33.932522 7f2e013e9700 SST files in /mnt/sdb1/ycsb-rocksdb-data dir, Total Num: 296, files: 020447.sst 022620.sst 022621.sst 023115.sst 023691.sst 023692.sst 023713.sst 023716.sst 023730.sst 
2018/10/25-17:15:33.932524 7f2e013e9700 Write Ahead Log file in /mnt/sdb1/ycsb-rocksdb-data: 026818.log size: 122790712 ; 026835.log size: 11735933 ; 
2018/10/25-17:15:33.932531 7f2e013e9700                         Options.error_if_exists: 0
2018/10/25-17:15:33.932532 7f2e013e9700                       Options.create_if_missing: 1
2018/10/25-17:15:33.932533 7f2e013e9700                         Options.paranoid_checks: 1
2018/10/25-17:15:33.932534 7f2e013e9700                                     Options.env: 0x7f2df8dee3e0
2018/10/25-17:15:33.932535 7f2e013e9700                                Options.info_log: 0x7f2d443d7770
2018/10/25-17:15:33.932536 7f2e013e9700                Options.max_file_opening_threads: 16
2018/10/25-17:15:33.932537 7f2e013e9700                              Options.statistics: (nil)
2018/10/25-17:15:33.932538 7f2e013e9700                               Options.use_fsync: 0
2018/10/25-17:15:33.932539 7f2e013e9700                       Options.max_log_file_size: 0
2018/10/25-17:15:33.932540 7f2e013e9700                  Options.max_manifest_file_size: 18446744073709551615
2018/10/25-17:15:33.932541 7f2e013e9700                   Options.log_file_time_to_roll: 0
2018/10/25-17:15:33.932541 7f2e013e9700                       Options.keep_log_file_num: 1000
2018/10/25-17:15:33.932542 7f2e013e9700                    Options.recycle_log_file_num: 0
2018/10/25-17:15:33.932543 7f2e013e9700                         Options.allow_fallocate: 1
2018/10/25-17:15:33.932544 7f2e013e9700                        Options.allow_mmap_reads: 0
2018/10/25-17:15:33.932545 7f2e013e9700                       Options.allow_mmap_writes: 0
2018/10/25-17:15:33.932546 7f2e013e9700                        Options.use_direct_reads: 0
2018/10/25-17:15:33.932547 7f2e013e9700                        Options.use_direct_io_for_flush_and_compaction: 0
2018/10/25-17:15:33.932547 7f2e013e9700          Options.create_missing_column_families: 1
2018/10/25-17:15:33.932548 7f2e013e9700                              Options.db_log_dir: 
2018/10/25-17:15:33.932549 7f2e013e9700                                 Options.wal_dir: /mnt/sdb1/ycsb-rocksdb-data
2018/10/25-17:15:33.932550 7f2e013e9700                Options.table_cache_numshardbits: 6
2018/10/25-17:15:33.932551 7f2e013e9700                      Options.max_subcompactions: 4
2018/10/25-17:15:33.932552 7f2e013e9700                  Options.max_background_flushes: 24
2018/10/25-17:15:33.932553 7f2e013e9700                         Options.WAL_ttl_seconds: 0
2018/10/25-17:15:33.932553 7f2e013e9700                       Options.WAL_size_limit_MB: 0
2018/10/25-17:15:33.932554 7f2e013e9700             Options.manifest_preallocation_size: 4194304
2018/10/25-17:15:33.932555 7f2e013e9700                     Options.is_fd_close_on_exec: 1
2018/10/25-17:15:33.932556 7f2e013e9700                   Options.advise_random_on_open: 1
2018/10/25-17:15:33.932557 7f2e013e9700                    Options.db_write_buffer_size: 0
2018/10/25-17:15:33.932557 7f2e013e9700                    Options.write_buffer_manager: 0x7f2d443d23c0
2018/10/25-17:15:33.932558 7f2e013e9700         Options.access_hint_on_compaction_start: 1
2018/10/25-17:15:33.932559 7f2e013e9700  Options.new_table_reader_for_compaction_inputs: 0
2018/10/25-17:15:33.932560 7f2e013e9700           Options.random_access_max_buffer_size: 1048576
2018/10/25-17:15:33.932561 7f2e013e9700                      Options.use_adaptive_mutex: 0
2018/10/25-17:15:33.932562 7f2e013e9700                            Options.rate_limiter: (nil)
2018/10/25-17:15:33.932580 7f2e013e9700     Options.sst_file_manager.rate_bytes_per_sec: 0
2018/10/25-17:15:33.932582 7f2e013e9700                       Options.wal_recovery_mode: 2
2018/10/25-17:15:33.932583 7f2e013e9700                  Options.enable_thread_tracking: 0
2018/10/25-17:15:33.932583 7f2e013e9700                  Options.enable_pipelined_write: 1
2018/10/25-17:15:33.932584 7f2e013e9700         Options.allow_concurrent_memtable_write: 1
2018/10/25-17:15:33.932585 7f2e013e9700      Options.enable_write_thread_adaptive_yield: 1
2018/10/25-17:15:33.932586 7f2e013e9700             Options.write_thread_max_yield_usec: 100
2018/10/25-17:15:33.932587 7f2e013e9700            Options.write_thread_slow_yield_usec: 3
2018/10/25-17:15:33.932588 7f2e013e9700                               Options.row_cache: None
2018/10/25-17:15:33.932588 7f2e013e9700                              Options.wal_filter: None
2018/10/25-17:15:33.932589 7f2e013e9700             Options.avoid_flush_during_recovery: 0
2018/10/25-17:15:33.932590 7f2e013e9700             Options.allow_ingest_behind: 0
2018/10/25-17:15:33.932591 7f2e013e9700             Options.preserve_deletes: 0
2018/10/25-17:15:33.932592 7f2e013e9700             Options.two_write_queues: 0
2018/10/25-17:15:33.932593 7f2e013e9700             Options.manual_wal_flush: 0
2018/10/25-17:15:33.932595 7f2e013e9700             Options.max_background_jobs: 24
2018/10/25-17:15:33.932596 7f2e013e9700             Options.max_background_compactions: 24
2018/10/25-17:15:33.932597 7f2e013e9700             Options.avoid_flush_during_shutdown: 0
2018/10/25-17:15:33.932597 7f2e013e9700           Options.writable_file_max_buffer_size: 1048576
2018/10/25-17:15:33.932598 7f2e013e9700             Options.delayed_write_rate : 16777216
2018/10/25-17:15:33.932599 7f2e013e9700             Options.max_total_wal_size: 0
2018/10/25-17:15:33.932600 7f2e013e9700             Options.delete_obsolete_files_period_micros: 21600000000
2018/10/25-17:15:33.932601 7f2e013e9700                   Options.stats_dump_period_sec: 60
2018/10/25-17:15:33.932602 7f2e013e9700                          Options.max_open_files: -1
2018/10/25-17:15:33.932603 7f2e013e9700                          Options.bytes_per_sync: 1048576
2018/10/25-17:15:33.932604 7f2e013e9700                      Options.wal_bytes_per_sync: 0
2018/10/25-17:15:33.932604 7f2e013e9700       Options.compaction_readahead_size: 0
2018/10/25-17:15:33.932605 7f2e013e9700 Compression algorithms supported:
2018/10/25-17:15:33.932607 7f2e013e9700 	kZSTDNotFinalCompression supported: 1
2018/10/25-17:15:33.932616 7f2e013e9700 	kZSTD supported: 1
2018/10/25-17:15:33.932618 7f2e013e9700 	kXpressCompression supported: 0
2018/10/25-17:15:33.932619 7f2e013e9700 	kLZ4HCCompression supported: 1
2018/10/25-17:15:33.932620 7f2e013e9700 	kLZ4Compression supported: 1
2018/10/25-17:15:33.932621 7f2e013e9700 	kBZip2Compression supported: 1
2018/10/25-17:15:33.932622 7f2e013e9700 	kZlibCompression supported: 1
2018/10/25-17:15:33.932623 7f2e013e9700 	kSnappyCompression supported: 1
2018/10/25-17:15:33.932627 7f2e013e9700 Fast CRC32 supported: Supported on x86
2018/10/25-17:15:33.933080 7f2e013e9700 [db/version_set.cc:3085] Recovering from manifest file: MANIFEST-026378
2018/10/25-17:15:33.933174 7f2e013e9700 [db/column_family.cc:475] --------------- Options for column family [default]:
2018/10/25-17:15:33.933177 7f2e013e9700               Options.comparator: leveldb.BytewiseComparator
2018/10/25-17:15:33.933178 7f2e013e9700           Options.merge_operator: None
2018/10/25-17:15:33.933179 7f2e013e9700        Options.compaction_filter: None
2018/10/25-17:15:33.933180 7f2e013e9700        Options.compaction_filter_factory: None
2018/10/25-17:15:33.933181 7f2e013e9700         Options.memtable_factory: SkipListFactory
2018/10/25-17:15:33.933182 7f2e013e9700            Options.table_factory: BlockBasedTable
2018/10/25-17:15:33.933211 7f2e013e9700            table_factory options:   flush_block_policy_factory: FlushBlockBySizePolicyFactory (0x7f2d443807b0)
  cache_index_and_filter_blocks: 0
  cache_index_and_filter_blocks_with_high_priority: 0
  pin_l0_filter_and_index_blocks_in_cache: 0
  index_type: 0
  hash_index_allow_collision: 1
  checksum: 1
  no_block_cache: 0
  block_cache: 0x7f2d4438ba90
  block_cache_name: LRUCache
  block_cache_options:
    capacity : 8388608
    num_shard_bits : 4
    strict_capacity_limit : 0
    high_pri_pool_ratio: 0.000
  block_cache_compressed: (nil)
  persistent_cache: (nil)
  block_size: 8192
  block_size_deviation: 10
  block_restart_interval: 16
  index_block_restart_interval: 1
  metadata_block_size: 4096
  partition_filters: 0
  use_delta_encoding: 1
  filter_policy: nullptr
  whole_key_filtering: 1
  verify_compression: 0
  read_amp_bytes_per_bit: 0
  format_version: 2
  enable_index_compression: 1
  block_align: 0
2018/10/25-17:15:33.933224 7f2e013e9700        Options.write_buffer_size: 134217728
2018/10/25-17:15:33.933226 7f2e013e9700  Options.max_write_buffer_number: 24
2018/10/25-17:15:33.933227 7f2e013e9700        Options.compression[0]: NoCompression
2018/10/25-17:15:33.933228 7f2e013e9700        Options.compression[1]: NoCompression
2018/10/25-17:15:33.933229 7f2e013e9700        Options.compression[2]: LZ4
2018/10/25-17:15:33.933230 7f2e013e9700        Options.compression[3]: LZ4
2018/10/25-17:15:33.933231 7f2e013e9700        Options.compression[4]: LZ4
2018/10/25-17:15:33.933232 7f2e013e9700        Options.compression[5]: LZ4
2018/10/25-17:15:33.933233 7f2e013e9700        Options.compression[6]: LZ4
2018/10/25-17:15:33.933233 7f2e013e9700                  Options.bottommost_compression: Disabled
2018/10/25-17:15:33.933234 7f2e013e9700       Options.prefix_extractor: nullptr
2018/10/25-17:15:33.933235 7f2e013e9700   Options.memtable_insert_with_hint_prefix_extractor: nullptr
2018/10/25-17:15:33.933236 7f2e013e9700             Options.num_levels: 7
2018/10/25-17:15:33.933237 7f2e013e9700        Options.min_write_buffer_number_to_merge: 2
2018/10/25-17:15:33.933238 7f2e013e9700     Options.max_write_buffer_number_to_maintain: 0
2018/10/25-17:15:33.933239 7f2e013e9700            Options.compression_opts.window_bits: -14
2018/10/25-17:15:33.933240 7f2e013e9700                  Options.compression_opts.level: -1
2018/10/25-17:15:33.933241 7f2e013e9700               Options.compression_opts.strategy: 0
2018/10/25-17:15:33.933241 7f2e013e9700         Options.compression_opts.max_dict_bytes: 0
2018/10/25-17:15:33.933242 7f2e013e9700         Options.compression_opts.zstd_max_train_bytes: 0
2018/10/25-17:15:33.933243 7f2e013e9700      Options.level0_file_num_compaction_trigger: 2
2018/10/25-17:15:33.933244 7f2e013e9700          Options.level0_slowdown_writes_trigger: 20
2018/10/25-17:15:33.933245 7f2e013e9700              Options.level0_stop_writes_trigger: 36
2018/10/25-17:15:33.933246 7f2e013e9700                   Options.target_file_size_base: 67108864
2018/10/25-17:15:33.933247 7f2e013e9700             Options.target_file_size_multiplier: 1
2018/10/25-17:15:33.933248 7f2e013e9700                Options.max_bytes_for_level_base: 536870912
2018/10/25-17:15:33.933248 7f2e013e9700 Options.level_compaction_dynamic_level_bytes: 0
2018/10/25-17:15:33.933249 7f2e013e9700          Options.max_bytes_for_level_multiplier: 10.000000
2018/10/25-17:15:33.933252 7f2e013e9700 Options.max_bytes_for_level_multiplier_addtl[0]: 1
2018/10/25-17:15:33.933253 7f2e013e9700 Options.max_bytes_for_level_multiplier_addtl[1]: 1
2018/10/25-17:15:33.933254 7f2e013e9700 Options.max_bytes_for_level_multiplier_addtl[2]: 1
2018/10/25-17:15:33.933255 7f2e013e9700 Options.max_bytes_for_level_multiplier_addtl[3]: 1
2018/10/25-17:15:33.933256 7f2e013e9700 Options.max_bytes_for_level_multiplier_addtl[4]: 1
2018/10/25-17:15:33.933256 7f2e013e9700 Options.max_bytes_for_level_multiplier_addtl[5]: 1
2018/10/25-17:15:33.933257 7f2e013e9700 Options.max_bytes_for_level_multiplier_addtl[6]: 1
2018/10/25-17:15:33.933258 7f2e013e9700       Options.max_sequential_skip_in_iterations: 8
2018/10/25-17:15:33.933259 7f2e013e9700                    Options.max_compaction_bytes: 1677721600
2018/10/25-17:15:33.933266 7f2e013e9700                        Options.arena_block_size: 16777216
2018/10/25-17:15:33.933267 7f2e013e9700   Options.soft_pending_compaction_bytes_limit: 68719476736
2018/10/25-17:15:33.933268 7f2e013e9700   Options.hard_pending_compaction_bytes_limit: 274877906944
2018/10/25-17:15:33.933269 7f2e013e9700       Options.rate_limit_delay_max_milliseconds: 100
2018/10/25-17:15:33.933270 7f2e013e9700                Options.disable_auto_compactions: 0
2018/10/25-17:15:33.933272 7f2e013e9700                        Options.compaction_style: kCompactionStyleLevel
2018/10/25-17:15:33.933274 7f2e013e9700                          Options.compaction_pri: kByCompensatedSize
2018/10/25-17:15:33.933275 7f2e013e9700 Options.compaction_options_universal.size_ratio: 1
2018/10/25-17:15:33.933276 7f2e013e9700 Options.compaction_options_universal.min_merge_width: 2
2018/10/25-17:15:33.933277 7f2e013e9700 Options.compaction_options_universal.max_merge_width: 4294967295
2018/10/25-17:15:33.933278 7f2e013e9700 Options.compaction_options_universal.max_size_amplification_percent: 200
2018/10/25-17:15:33.933278 7f2e013e9700 Options.compaction_options_universal.compression_size_percent: -1
2018/10/25-17:15:33.933280 7f2e013e9700 Options.compaction_options_universal.stop_style: kCompactionStopStyleTotalSize
2018/10/25-17:15:33.933281 7f2e013e9700 Options.compaction_options_fifo.max_table_files_size: 1073741824
2018/10/25-17:15:33.933282 7f2e013e9700 Options.compaction_options_fifo.allow_compaction: 0
2018/10/25-17:15:33.933283 7f2e013e9700 Options.compaction_options_fifo.ttl: 0
2018/10/25-17:15:33.933284 7f2e013e9700                   Options.table_properties_collectors: 
2018/10/25-17:15:33.933285 7f2e013e9700                   Options.inplace_update_support: 0
2018/10/25-17:15:33.933285 7f2e013e9700                 Options.inplace_update_num_locks: 10000
2018/10/25-17:15:33.933287 7f2e013e9700               Options.memtable_prefix_bloom_size_ratio: 0.000000
2018/10/25-17:15:33.933288 7f2e013e9700   Options.memtable_huge_page_size: 0
2018/10/25-17:15:33.933289 7f2e013e9700                           Options.bloom_locality: 0
2018/10/25-17:15:33.933290 7f2e013e9700                    Options.max_successive_merges: 0
2018/10/25-17:15:33.933291 7f2e013e9700                Options.optimize_filters_for_hits: 0
2018/10/25-17:15:33.933292 7f2e013e9700                Options.paranoid_file_checks: 0
2018/10/25-17:15:33.933293 7f2e013e9700                Options.force_consistency_checks: 0
2018/10/25-17:15:33.933294 7f2e013e9700                Options.report_bg_io_stats: 0
2018/10/25-17:15:33.933294 7f2e013e9700                               Options.ttl: 0
2018/10/25-17:15:33.933825 7f2e013e9700 [db/column_family.cc:475] --------------- Options for column family [usertable]:
2018/10/25-17:15:33.933828 7f2e013e9700               Options.comparator: leveldb.BytewiseComparator
2018/10/25-17:15:33.933829 7f2e013e9700           Options.merge_operator: None
2018/10/25-17:15:33.933830 7f2e013e9700        Options.compaction_filter: None
2018/10/25-17:15:33.933830 7f2e013e9700        Options.compaction_filter_factory: None
2018/10/25-17:15:33.933831 7f2e013e9700         Options.memtable_factory: SkipListFactory
2018/10/25-17:15:33.933832 7f2e013e9700            Options.table_factory: BlockBasedTable
2018/10/25-17:15:33.933854 7f2e013e9700            table_factory options:   flush_block_policy_factory: FlushBlockBySizePolicyFactory (0x7f2d44380790)
  cache_index_and_filter_blocks: 0
  cache_index_and_filter_blocks_with_high_priority: 0
  pin_l0_filter_and_index_blocks_in_cache: 0
  index_type: 0
  hash_index_allow_collision: 1
  checksum: 1
  no_block_cache: 0
  block_cache: 0x7f2d4437faa0
  block_cache_name: LRUCache
  block_cache_options:
    capacity : 8388608
    num_shard_bits : 4
    strict_capacity_limit : 0
    high_pri_pool_ratio: 0.000
  block_cache_compressed: (nil)
  persistent_cache: (nil)
  block_size: 8192
  block_size_deviation: 10
  block_restart_interval: 16
  index_block_restart_interval: 1
  metadata_block_size: 4096
  partition_filters: 0
  use_delta_encoding: 1
  filter_policy: nullptr
  whole_key_filtering: 1
  verify_compression: 0
  read_amp_bytes_per_bit: 0
  format_version: 2
  enable_index_compression: 1
  block_align: 0
2018/10/25-17:15:33.933868 7f2e013e9700        Options.write_buffer_size: 134217728
2018/10/25-17:15:33.933870 7f2e013e9700  Options.max_write_buffer_number: 24
2018/10/25-17:15:33.933871 7f2e013e9700        Options.compression[0]: NoCompression
2018/10/25-17:15:33.933872 7f2e013e9700        Options.compression[1]: NoCompression
2018/10/25-17:15:33.933873 7f2e013e9700        Options.compression[2]: LZ4
2018/10/25-17:15:33.933873 7f2e013e9700        Options.compression[3]: LZ4
2018/10/25-17:15:33.933874 7f2e013e9700        Options.compression[4]: LZ4
2018/10/25-17:15:33.933875 7f2e013e9700        Options.compression[5]: LZ4
2018/10/25-17:15:33.933876 7f2e013e9700        Options.compression[6]: LZ4
2018/10/25-17:15:33.933877 7f2e013e9700                  Options.bottommost_compression: Disabled
2018/10/25-17:15:33.933878 7f2e013e9700       Options.prefix_extractor: nullptr
2018/10/25-17:15:33.933878 7f2e013e9700   Options.memtable_insert_with_hint_prefix_extractor: nullptr
2018/10/25-17:15:33.933879 7f2e013e9700             Options.num_levels: 7
2018/10/25-17:15:33.933880 7f2e013e9700        Options.min_write_buffer_number_to_merge: 2
2018/10/25-17:15:33.933881 7f2e013e9700     Options.max_write_buffer_number_to_maintain: 0
2018/10/25-17:15:33.933882 7f2e013e9700            Options.compression_opts.window_bits: -14
2018/10/25-17:15:33.933883 7f2e013e9700                  Options.compression_opts.level: -1
2018/10/25-17:15:33.933883 7f2e013e9700               Options.compression_opts.strategy: 0
2018/10/25-17:15:33.933884 7f2e013e9700         Options.compression_opts.max_dict_bytes: 0
2018/10/25-17:15:33.933885 7f2e013e9700         Options.compression_opts.zstd_max_train_bytes: 0
2018/10/25-17:15:33.933886 7f2e013e9700      Options.level0_file_num_compaction_trigger: 2
2018/10/25-17:15:33.933887 7f2e013e9700          Options.level0_slowdown_writes_trigger: 20
2018/10/25-17:15:33.933887 7f2e013e9700              Options.level0_stop_writes_trigger: 36
2018/10/25-17:15:33.933888 7f2e013e9700                   Options.target_file_size_base: 67108864
2018/10/25-17:15:33.933889 7f2e013e9700             Options.target_file_size_multiplier: 1
2018/10/25-17:15:33.933890 7f2e013e9700                Options.max_bytes_for_level_base: 536870912
2018/10/25-17:15:33.933891 7f2e013e9700 Options.level_compaction_dynamic_level_bytes: 0
2018/10/25-17:15:33.933891 7f2e013e9700          Options.max_bytes_for_level_multiplier: 10.000000
2018/10/25-17:15:33.933893 7f2e013e9700 Options.max_bytes_for_level_multiplier_addtl[0]: 1
2018/10/25-17:15:33.933894 7f2e013e9700 Options.max_bytes_for_level_multiplier_addtl[1]: 1
2018/10/25-17:15:33.933895 7f2e013e9700 Options.max_bytes_for_level_multiplier_addtl[2]: 1
2018/10/25-17:15:33.933896 7f2e013e9700 Options.max_bytes_for_level_multiplier_addtl[3]: 1
2018/10/25-17:15:33.933897 7f2e013e9700 Options.max_bytes_for_level_multiplier_addtl[4]: 1
2018/10/25-17:15:33.933898 7f2e013e9700 Options.max_bytes_for_level_multiplier_addtl[5]: 1
2018/10/25-17:15:33.933899 7f2e013e9700 Options.max_bytes_for_level_multiplier_addtl[6]: 1
2018/10/25-17:15:33.933899 7f2e013e9700       Options.max_sequential_skip_in_iterations: 8
2018/10/25-17:15:33.933900 7f2e013e9700                    Options.max_compaction_bytes: 1677721600
2018/10/25-17:15:33.933901 7f2e013e9700                        Options.arena_block_size: 16777216
2018/10/25-17:15:33.933902 7f2e013e9700   Options.soft_pending_compaction_bytes_limit: 68719476736
2018/10/25-17:15:33.933903 7f2e013e9700   Options.hard_pending_compaction_bytes_limit: 274877906944
2018/10/25-17:15:33.933904 7f2e013e9700       Options.rate_limit_delay_max_milliseconds: 100
2018/10/25-17:15:33.933904 7f2e013e9700                Options.disable_auto_compactions: 0
2018/10/25-17:15:33.933906 7f2e013e9700                        Options.compaction_style: kCompactionStyleLevel
2018/10/25-17:15:33.933913 7f2e013e9700                          Options.compaction_pri: kByCompensatedSize
2018/10/25-17:15:33.933914 7f2e013e9700 Options.compaction_options_universal.size_ratio: 1
2018/10/25-17:15:33.933915 7f2e013e9700 Options.compaction_options_universal.min_merge_width: 2
2018/10/25-17:15:33.933916 7f2e013e9700 Options.compaction_options_universal.max_merge_width: 4294967295
2018/10/25-17:15:33.933917 7f2e013e9700 Options.compaction_options_universal.max_size_amplification_percent: 200
2018/10/25-17:15:33.933917 7f2e013e9700 Options.compaction_options_universal.compression_size_percent: -1
2018/10/25-17:15:33.933918 7f2e013e9700 Options.compaction_options_universal.stop_style: kCompactionStopStyleTotalSize
2018/10/25-17:15:33.933919 7f2e013e9700 Options.compaction_options_fifo.max_table_files_size: 1073741824
2018/10/25-17:15:33.933920 7f2e013e9700 Options.compaction_options_fifo.allow_compaction: 0
2018/10/25-17:15:33.933921 7f2e013e9700 Options.compaction_options_fifo.ttl: 0
2018/10/25-17:15:33.933922 7f2e013e9700                   Options.table_properties_collectors: 
2018/10/25-17:15:33.933923 7f2e013e9700                   Options.inplace_update_support: 0
2018/10/25-17:15:33.933923 7f2e013e9700                 Options.inplace_update_num_locks: 10000
2018/10/25-17:15:33.933924 7f2e013e9700               Options.memtable_prefix_bloom_size_ratio: 0.000000
2018/10/25-17:15:33.933926 7f2e013e9700   Options.memtable_huge_page_size: 0
2018/10/25-17:15:33.933927 7f2e013e9700                           Options.bloom_locality: 0
2018/10/25-17:15:33.933927 7f2e013e9700                    Options.max_successive_merges: 0
2018/10/25-17:15:33.933928 7f2e013e9700                Options.optimize_filters_for_hits: 0
2018/10/25-17:15:33.933929 7f2e013e9700                Options.paranoid_file_checks: 0
2018/10/25-17:15:33.933930 7f2e013e9700                Options.force_consistency_checks: 0
2018/10/25-17:15:33.933930 7f2e013e9700                Options.report_bg_io_stats: 0
2018/10/25-17:15:33.933931 7f2e013e9700                               Options.ttl: 0
2018/10/25-17:15:34.194975 7f2e013e9700 [db/version_set.cc:3361] Recovered from manifest file:/mnt/sdb1/ycsb-rocksdb-data/MANIFEST-026378 succeeded,manifest_file_number is 26378, next_file_number is 26840, last_sequence is 60053159, log_number is 0,prev_log_number is 0,max_column_family is 1,min_log_number_to_keep is 0
2018/10/25-17:15:34.194986 7f2e013e9700 [db/version_set.cc:3369] Column family [default] (ID 0), log number is 26374
2018/10/25-17:15:34.194987 7f2e013e9700 [db/version_set.cc:3369] Column family [usertable] (ID 1), log number is 26818
2018/10/25-17:15:34.196000 7f2e013e9700 EVENT_LOG_v1 {"time_micros": 1540512934195979, "job": 1, "event": "recovery_started", "log_files": [26818, 26835]}
2018/10/25-17:15:34.196008 7f2e013e9700 [db/db_impl_open.cc:551] Recovering log #26818 mode 2
2018/10/25-17:15:34.565969 7f2e013e9700 [db/db_impl_open.cc:551] Recovering log #26835 mode 2
2018/10/25-17:15:34.979011 7f2e013e9700 EVENT_LOG_v1 {"time_micros": 1540512934978985, "cf_name": "usertable", "job": 1, "event": "table_file_creation", "file_number": 26840, "file_size": 91788960, "table_properties": {"data_size": 91397738, "index_size": 390300, "filter_size": 0, "raw_key_size": 531912, "raw_average_key_size": 24, "raw_value_size": 90779648, "raw_average_value_size": 4096, "num_data_blocks": 11082, "num_entries": 22163, "filter_policy_name": "", "kDeletedKeys": "0", "kMergeOperands": "0"}}
2018/10/25-17:15:35.000256 7f2e013e9700 [db/version_set.cc:2847] Creating manifest 26841
2018/10/25-17:15:35.110958 7f2e013e9700 EVENT_LOG_v1 {"time_micros": 1540512935110939, "cf_name": "usertable", "job": 1, "event": "table_file_creation", "file_number": 26842, "file_size": 4046946, "table_properties": {"data_size": 4029699, "index_size": 16327, "filter_size": 0, "raw_key_size": 23448, "raw_average_key_size": 24, "raw_value_size": 4001792, "raw_average_value_size": 4096, "num_data_blocks": 489, "num_entries": 977, "filter_policy_name": "", "kDeletedKeys": "0", "kMergeOperands": "0"}}
2018/10/25-17:15:35.141633 7f2e013e9700 EVENT_LOG_v1 {"time_micros": 1540512935141629, "job": 1, "event": "recovery_finished"}
2018/10/25-17:15:35.141796 7f2e013e9700 [db/column_family.cc:837] [usertable] Increasing compaction threads because we have 4 level-0 files 
2018/10/25-17:15:35.200652 7f2e013e9700 [db/db_impl_open.cc:1219] DB pointer 0x7f2d443d6800
2018/10/25-17:15:35.200954 7f2ddaffd700 [WARN] [db/db_impl.cc:491] ------- DUMPING STATS -------
2018/10/25-17:15:35.200999 7f2ddaffd700 [WARN] [db/db_impl.cc:492] 
** DB Stats **
Uptime(secs): 1.3 total, 1.3 interval
Cumulative writes: 0 writes, 0 keys, 0 commit groups, 0.0 writes per commit group, ingest: 0.00 GB, 0.00 MB/s
Cumulative WAL: 0 writes, 0 syncs, 0.00 writes per sync, written: 0.00 GB, 0.00 MB/s
Cumulative stall: 00:00:0.000 H:M:S, 0.0 percent
Interval writes: 0 writes, 0 keys, 0 commit groups, 0.0 writes per commit group, ingest: 0.00 MB, 0.00 MB/s
Interval WAL: 0 writes, 0 syncs, 0.00 writes per sync, written: 0.00 MB, 0.00 MB/s
Interval stall: 00:00:0.000 H:M:S, 0.0 percent

** Compaction Stats [default] **
Level    Files   Size     Score Read(GB)  Rn(GB) Rnp1(GB) Write(GB) Wnew(GB) Moved(GB) W-Amp Rd(MB/s) Wr(MB/s) Comp(sec) Comp(cnt) Avg(sec) KeyIn KeyDrop
----------------------------------------------------------------------------------------------------------------------------------------------------------
 Sum      0/0    0.00 KB   0.0      0.0     0.0      0.0       0.0      0.0       0.0   0.0      0.0      0.0         0         0    0.000       0      0
 Int      0/0    0.00 KB   0.0      0.0     0.0      0.0       0.0      0.0       0.0   0.0      0.0      0.0         0         0    0.000       0      0
Uptime(secs): 1.3 total, 1.3 interval
Flush(GB): cumulative 0.000, interval 0.000
AddFile(GB): cumulative 0.000, interval 0.000
AddFile(Total Files): cumulative 0, interval 0
AddFile(L0 Files): cumulative 0, interval 0
AddFile(Keys): cumulative 0, interval 0
Cumulative compaction: 0.00 GB write, 0.00 MB/s write, 0.00 GB read, 0.00 MB/s read, 0.0 seconds
Interval compaction: 0.00 GB write, 0.00 MB/s write, 0.00 GB read, 0.00 MB/s read, 0.0 seconds
Stalls(count): 0 level0_slowdown, 0 level0_slowdown_with_compaction, 0 level0_numfiles, 0 level0_numfiles_with_compaction, 0 stop for pending_compaction_bytes, 0 slowdown for pending_compaction_bytes, 0 memtable_compaction, 0 memtable_slowdown, interval 0 total count

** File Read Latency Histogram By Level [default] **

** Compaction Stats [usertable] **
Level    Files   Size     Score Read(GB)  Rn(GB) Rnp1(GB) Write(GB) Wnew(GB) Moved(GB) W-Amp Rd(MB/s) Wr(MB/s) Comp(sec) Comp(cnt) Avg(sec) KeyIn KeyDrop
----------------------------------------------------------------------------------------------------------------------------------------------------------
  L0      4/0   414.97 MB   2.0      0.0     0.0      0.0       0.1      0.1       0.0   1.0      0.0    207.3         0         2    0.220       0      0
  L1     12/0   681.97 MB   1.3      0.0     0.0      0.0       0.0      0.0       0.0   0.0      0.0      0.0         0         0    0.000       0      0
  L2    104/0    6.09 GB   1.2      0.0     0.0      0.0       0.0      0.0       0.0   0.0      0.0      0.0         0         0    0.000       0      0
  L3    178/0   10.04 GB   0.2      0.0     0.0      0.0       0.0      0.0       0.0   0.0      0.0      0.0         0         0    0.000       0      0
 Sum    298/0   17.21 GB   0.0      0.0     0.0      0.0       0.1      0.1       0.0   1.0      0.0    207.3         0         2    0.220       0      0
 Int      0/0    0.00 KB   0.0      0.0     0.0      0.0       0.1      0.1       0.0   1.0      0.0    207.3         0         2    0.220       0      0
Uptime(secs): 1.3 total, 1.3 interval
Flush(GB): cumulative 0.089, interval 0.089
AddFile(GB): cumulative 0.000, interval 0.000
AddFile(Total Files): cumulative 0, interval 0
AddFile(L0 Files): cumulative 0, interval 0
AddFile(Keys): cumulative 0, interval 0
Cumulative compaction: 0.09 GB write, 72.13 MB/s write, 0.00 GB read, 0.00 MB/s read, 0.4 seconds
Interval compaction: 0.09 GB write, 72.13 MB/s write, 0.00 GB read, 0.00 MB/s read, 0.4 seconds
Stalls(count): 0 level0_slowdown, 0 level0_slowdown_with_compaction, 0 level0_numfiles, 0 level0_numfiles_with_compaction, 0 stop for pending_compaction_bytes, 0 slowdown for pending_compaction_bytes, 0 memtable_compaction, 0 memtable_slowdown, interval 0 total count

** File Read Latency Histogram By Level [usertable] **

** Compaction Stats [default] **
Level    Files   Size     Score Read(GB)  Rn(GB) Rnp1(GB) Write(GB) Wnew(GB) Moved(GB) W-Amp Rd(MB/s) Wr(MB/s) Comp(sec) Comp(cnt) Avg(sec) KeyIn KeyDrop
----------------------------------------------------------------------------------------------------------------------------------------------------------
 Sum      0/0    0.00 KB   0.0      0.0     0.0      0.0       0.0      0.0       0.0   0.0      0.0      0.0         0         0    0.000       0      0
 Int      0/0    0.00 KB   0.0      0.0     0.0      0.0       0.0      0.0       0.0   0.0      0.0      0.0         0         0    0.000       0      0
Uptime(secs): 1.3 total, 0.0 interval
Flush(GB): cumulative 0.000, interval 0.000
AddFile(GB): cumulative 0.000, interval 0.000
AddFile(Total Files): cumulative 0, interval 0
AddFile(L0 Files): cumulative 0, interval 0
AddFile(Keys): cumulative 0, interval 0
Cumulative compaction: 0.00 GB write, 0.00 MB/s write, 0.00 GB read, 0.00 MB/s read, 0.0 seconds
Interval compaction: 0.00 GB write, 0.00 MB/s write, 0.00 GB read, 0.00 MB/s read, 0.0 seconds
Stalls(count): 0 level0_slowdown, 0 level0_slowdown_with_compaction, 0 level0_numfiles, 0 level0_numfiles_with_compaction, 0 stop for pending_compaction_bytes, 0 slowdown for pending_compaction_bytes, 0 memtable_compaction, 0 memtable_slowdown, interval 0 total count

** File Read Latency Histogram By Level [default] **

** Compaction Stats [usertable] **
Level    Files   Size     Score Read(GB)  Rn(GB) Rnp1(GB) Write(GB) Wnew(GB) Moved(GB) W-Amp Rd(MB/s) Wr(MB/s) Comp(sec) Comp(cnt) Avg(sec) KeyIn KeyDrop
----------------------------------------------------------------------------------------------------------------------------------------------------------
  L0      4/0   414.97 MB   2.0      0.0     0.0      0.0       0.1      0.1       0.0   1.0      0.0    207.3         0         2    0.220       0      0
  L1     12/0   681.97 MB   1.3      0.0     0.0      0.0       0.0      0.0       0.0   0.0      0.0      0.0         0         0    0.000       0      0
  L2    104/0    6.09 GB   1.2      0.0     0.0      0.0       0.0      0.0       0.0   0.0      0.0      0.0         0         0    0.000       0      0
  L3    178/0   10.04 GB   0.2      0.0     0.0      0.0       0.0      0.0       0.0   0.0      0.0      0.0         0         0    0.000       0      0
 Sum    298/0   17.21 GB   0.0      0.0     0.0      0.0       0.1      0.1       0.0   1.0      0.0    207.3         0         2    0.220       0      0
 Int      0/0    0.00 KB   0.0      0.0     0.0      0.0       0.0      0.0       0.0   0.0      0.0      0.0         0         0    0.000       0      0
Uptime(secs): 1.3 total, 0.0 interval
Flush(GB): cumulative 0.089, interval 0.000
AddFile(GB): cumulative 0.000, interval 0.000
AddFile(Total Files): cumulative 0, interval 0
AddFile(L0 Files): cumulative 0, interval 0
AddFile(Keys): cumulative 0, interval 0
Cumulative compaction: 0.09 GB write, 72.13 MB/s write, 0.00 GB read, 0.00 MB/s read, 0.4 seconds
Interval compaction: 0.00 GB write, 0.00 MB/s write, 0.00 GB read, 0.00 MB/s read, 0.0 seconds
Stalls(count): 0 level0_slowdown, 0 level0_slowdown_with_compaction, 0 level0_numfiles, 0 level0_numfiles_with_compaction, 0 stop for pending_compaction_bytes, 0 slowdown for pending_compaction_bytes, 0 memtable_compaction, 0 memtable_slowdown, interval 0 total count

** File Read Latency Histogram By Level [usertable] **
2018/10/25-17:15:35.201465 7f2ddaffd700 [db/compaction_job.cc:1531] [usertable] [JOB 3] Compacting 4@0 + 12@1 files to L1, score 2.00
2018/10/25-17:15:35.201477 7f2ddaffd700 [db/compaction_job.cc:1535] [usertable] Compaction start summary: Base version 5 Base level 0, inputs: [26842(3952KB) 26840(87MB) 26819(163MB) 26780(159MB)], [26766(64MB) 26775(57MB) 26762(64MB) 26765(64MB) 26768(64MB) 26771(64MB) 26774(58MB) 26777(36MB) 26767(64MB) 26770(64MB) 26776(56MB) 26764(23MB)]
2018/10/25-17:15:35.201503 7f2ddaffd700 EVENT_LOG_v1 {"time_micros": 1540512935201483, "job": 3, "event": "compaction_started", "compaction_reason": "LevelL0FilesNum", "files_L0": [26842, 26840, 26819, 26780], "files_L1": [26766, 26775, 26762, 26765, 26768, 26771, 26774, 26777, 26767, 26770, 26776, 26764], "score": 2, "input_data_size": 1150225185}
2018/10/25-17:15:35.201537 7f2df3de9700 [db/compaction_job.cc:1531] [usertable] [JOB 4] Compacting 1@2 + 2@3 files to L3, score 1.22
2018/10/25-17:15:35.201546 7f2df3de9700 [db/compaction_job.cc:1535] [usertable] Compaction start summary: Base version 5 Base level 2, inputs: [26826(64MB)], [25400(62MB) 25365(64MB)]
2018/10/25-17:15:35.201559 7f2df3de9700 EVENT_LOG_v1 {"time_micros": 1540512935201551, "job": 4, "event": "compaction_started", "compaction_reason": "LevelMaxLevelSize", "files_L2": [26826], "files_L3": [25400, 25365], "score": 1.21853, "input_data_size": 199807881}
2018/10/25-17:15:35.201611 7f2df35e8700 [db/compaction_job.cc:1531] [usertable] [JOB 5] Compacting 1@2 + 2@3 files to L3, score 1.21
2018/10/25-17:15:35.201622 7f2df35e8700 [db/compaction_job.cc:1535] [usertable] Compaction start summary: Base version 5 Base level 2, inputs: [26798(64MB)], [25397(64MB) 25366(64MB)]
2018/10/25-17:15:35.201638 7f2df35e8700 EVENT_LOG_v1 {"time_micros": 1540512935201630, "job": 5, "event": "compaction_started", "compaction_reason": "LevelMaxLevelSize", "files_L2": [26798], "files_L3": [25397, 25366], "score": 1.206, "input_data_size": 201731527}
2018/10/25-17:15:35.201693 7f2df2de7700 [db/compaction_job.cc:1531] [usertable] [JOB 6] Compacting 1@2 + 2@3 files to L3, score 1.19
2018/10/25-17:15:35.201703 7f2df2de7700 [db/compaction_job.cc:1535] [usertable] Compaction start summary: Base version 5 Base level 2, inputs: [26810(64MB)], [24755(64MB) 23853(64MB)]
2018/10/25-17:15:35.201720 7f2df2de7700 EVENT_LOG_v1 {"time_micros": 1540512935201713, "job": 6, "event": "compaction_started", "compaction_reason": "LevelMaxLevelSize", "files_L2": [26810], "files_L3": [24755, 23853], "score": 1.19347, "input_data_size": 201731384}
2018/10/25-17:15:35.201751 7f2df25e6700 [db/compaction_job.cc:1531] [usertable] [JOB 7] Compacting 1@2 + 2@3 files to L3, score 1.18
2018/10/25-17:15:35.201759 7f2df25e6700 [db/compaction_job.cc:1535] [usertable] Compaction start summary: Base version 5 Base level 2, inputs: [26748(64MB)], [22620(64MB) 22621(64MB)]
2018/10/25-17:15:35.201770 7f2df25e6700 EVENT_LOG_v1 {"time_micros": 1540512935201764, "job": 7, "event": "compaction_started", "compaction_reason": "LevelMaxLevelSize", "files_L2": [26748], "files_L3": [22620, 22621], "score": 1.18095, "input_data_size": 201731284}
2018/10/25-17:15:35.201819 7f2df1de5700 [db/compaction_job.cc:1531] [usertable] [JOB 8] Compacting 1@2 + 2@3 files to L3, score 1.17
2018/10/25-17:15:35.201829 7f2df1de5700 [db/compaction_job.cc:1535] [usertable] Compaction start summary: Base version 5 Base level 2, inputs: [26732(64MB)], [24670(64MB) 24692(64MB)]
2018/10/25-17:15:35.201844 7f2df1de5700 EVENT_LOG_v1 {"time_micros": 1540512935201835, "job": 8, "event": "compaction_started", "compaction_reason": "LevelMaxLevelSize", "files_L2": [26732], "files_L3": [24670, 24692], "score": 1.16842, "input_data_size": 201731202}
2018/10/25-17:15:35.201875 7f2df15e4700 [db/compaction_job.cc:1531] [usertable] [JOB 9] Compacting 1@2 + 3@3 files to L3, score 1.16
2018/10/25-17:15:35.201886 7f2df15e4700 [db/compaction_job.cc:1535] [usertable] Compaction start summary: Base version 5 Base level 2, inputs: [26820(64MB)], [24423(64MB) 24443(51MB) 25375(64MB)]
2018/10/25-17:15:35.201905 7f2df15e4700 EVENT_LOG_v1 {"time_micros": 1540512935201896, "job": 9, "event": "compaction_started", "compaction_reason": "LevelMaxLevelSize", "files_L2": [26820], "files_L3": [24423, 24443, 25375], "score": 1.15589, "input_data_size": 255686397}
2018/10/25-17:15:35.201923 7f2df0de3700 [db/compaction_job.cc:1531] [usertable] [JOB 10] Compacting 1@2 + 2@3 files to L3, score 1.14
2018/10/25-17:15:35.201932 7f2df0de3700 [db/compaction_job.cc:1535] [usertable] Compaction start summary: Base version 5 Base level 2, inputs: [26787(64MB)], [24700(64MB) 24420(64MB)]
2018/10/25-17:15:35.201959 7f2df0de3700 EVENT_LOG_v1 {"time_micros": 1540512935201951, "job": 10, "event": "compaction_started", "compaction_reason": "LevelMaxLevelSize", "files_L2": [26787], "files_L3": [24700, 24420], "score": 1.14336, "input_data_size": 201730954}
2018/10/25-17:15:35.201965 7f2debfff700 [db/compaction_job.cc:1531] [usertable] [JOB 11] Compacting 1@2 + 2@3 files to L3, score 1.13
2018/10/25-17:15:35.201973 7f2debfff700 [db/compaction_job.cc:1535] [usertable] Compaction start summary: Base version 5 Base level 2, inputs: [26824(64MB)], [26106(64MB) 25368(64MB)]
2018/10/25-17:15:35.201986 7f2debfff700 EVENT_LOG_v1 {"time_micros": 1540512935201980, "job": 11, "event": "compaction_started", "compaction_reason": "LevelMaxLevelSize", "files_L2": [26824], "files_L3": [26106, 25368], "score": 1.13083, "input_data_size": 201730760}
2018/10/25-17:15:35.202017 7f2deb7fe700 [db/compaction_job.cc:1531] [usertable] [JOB 12] Compacting 1@2 + 3@3 files to L3, score 1.12
2018/10/25-17:15:35.202025 7f2deb7fe700 [db/compaction_job.cc:1535] [usertable] Compaction start summary: Base version 5 Base level 2, inputs: [26789(64MB)], [24677(64MB) 24691(3457KB) 25376(64MB)]
2018/10/25-17:15:35.202038 7f2deb7fe700 EVENT_LOG_v1 {"time_micros": 1540512935202032, "job": 12, "event": "compaction_started", "compaction_reason": "LevelMaxLevelSize", "files_L2": [26789], "files_L3": [24677, 24691, 25376], "score": 1.1183, "input_data_size": 205271110}
2018/10/25-17:15:35.202064 7f2deaffd700 [db/compaction_job.cc:1531] [usertable] [JOB 13] Compacting 1@2 + 2@3 files to L3, score 1.11
2018/10/25-17:15:35.202071 7f2deaffd700 [db/compaction_job.cc:1535] [usertable] Compaction start summary: Base version 5 Base level 2, inputs: [26802(64MB)], [24434(64MB) 23716(64MB)]
2018/10/25-17:15:35.202080 7f2deaffd700 EVENT_LOG_v1 {"time_micros": 1540512935202075, "job": 13, "event": "compaction_started", "compaction_reason": "LevelMaxLevelSize", "files_L2": [26802], "files_L3": [24434, 23716], "score": 1.10577, "input_data_size": 201730397}
2018/10/25-17:15:35.202113 7f2dea7fc700 [db/compaction_job.cc:1531] [usertable] [JOB 14] Compacting 1@2 + 2@3 files to L3, score 1.09
2018/10/25-17:15:35.202124 7f2dea7fc700 [db/compaction_job.cc:1535] [usertable] Compaction start summary: Base version 5 Base level 2, inputs: [26796(64MB)], [23730(64MB) 25367(64MB)]
2018/10/25-17:15:35.202142 7f2dea7fc700 EVENT_LOG_v1 {"time_micros": 1540512935202133, "job": 14, "event": "compaction_started", "compaction_reason": "LevelMaxLevelSize", "files_L2": [26796], "files_L3": [23730, 25367], "score": 1.09324, "input_data_size": 201730337}
