2018/10/25-17:22:36.173117 7f4d583dd700 RocksDB version: 5.14.3
2018/10/25-17:22:36.173196 7f4d583dd700 Git sha rocksdb_build_git_sha:
2018/10/25-17:22:36.173199 7f4d583dd700 Compile date Oct 15 2018
2018/10/25-17:22:36.173203 7f4d583dd700 DB SUMMARY
2018/10/25-17:22:36.173400 7f4d583dd700 CURRENT file:  CURRENT
2018/10/25-17:22:36.173402 7f4d583dd700 IDENTITY file:  IDENTITY
2018/10/25-17:22:36.173623 7f4d583dd700 MANIFEST file:  MANIFEST-026841 size: 53431 Bytes
2018/10/25-17:22:36.173630 7f4d583dd700 SST files in /mnt/sdb1/ycsb-rocksdb-data dir, Total Num: 291, files: 020447.sst 023734.sst 023741.sst 023753.sst 024111.sst 024113.sst 024119.sst 024123.sst 024131.sst 
2018/10/25-17:22:36.173632 7f4d583dd700 Write Ahead Log file in /mnt/sdb1/ycsb-rocksdb-data: 027323.log size: 81153517 ; 
2018/10/25-17:22:36.173638 7f4d583dd700                         Options.error_if_exists: 0
2018/10/25-17:22:36.173640 7f4d583dd700                       Options.create_if_missing: 1
2018/10/25-17:22:36.173641 7f4d583dd700                         Options.paranoid_checks: 1
2018/10/25-17:22:36.173642 7f4d583dd700                                     Options.env: 0x7f4d4aed13e0
2018/10/25-17:22:36.173643 7f4d583dd700                                Options.info_log: 0x7f4cc43bfbb0
2018/10/25-17:22:36.173644 7f4d583dd700                Options.max_file_opening_threads: 16
2018/10/25-17:22:36.173644 7f4d583dd700                              Options.statistics: (nil)
2018/10/25-17:22:36.173646 7f4d583dd700                               Options.use_fsync: 0
2018/10/25-17:22:36.173647 7f4d583dd700                       Options.max_log_file_size: 0
2018/10/25-17:22:36.173647 7f4d583dd700                  Options.max_manifest_file_size: 18446744073709551615
2018/10/25-17:22:36.173648 7f4d583dd700                   Options.log_file_time_to_roll: 0
2018/10/25-17:22:36.173649 7f4d583dd700                       Options.keep_log_file_num: 1000
2018/10/25-17:22:36.173650 7f4d583dd700                    Options.recycle_log_file_num: 0
2018/10/25-17:22:36.173651 7f4d583dd700                         Options.allow_fallocate: 1
2018/10/25-17:22:36.173652 7f4d583dd700                        Options.allow_mmap_reads: 0
2018/10/25-17:22:36.173653 7f4d583dd700                       Options.allow_mmap_writes: 0
2018/10/25-17:22:36.173653 7f4d583dd700                        Options.use_direct_reads: 0
2018/10/25-17:22:36.173654 7f4d583dd700                        Options.use_direct_io_for_flush_and_compaction: 0
2018/10/25-17:22:36.173655 7f4d583dd700          Options.create_missing_column_families: 1
2018/10/25-17:22:36.173656 7f4d583dd700                              Options.db_log_dir: 
2018/10/25-17:22:36.173657 7f4d583dd700                                 Options.wal_dir: /mnt/sdb1/ycsb-rocksdb-data
2018/10/25-17:22:36.173658 7f4d583dd700                Options.table_cache_numshardbits: 6
2018/10/25-17:22:36.173659 7f4d583dd700                      Options.max_subcompactions: 4
2018/10/25-17:22:36.173660 7f4d583dd700                  Options.max_background_flushes: 24
2018/10/25-17:22:36.173660 7f4d583dd700                         Options.WAL_ttl_seconds: 0
2018/10/25-17:22:36.173661 7f4d583dd700                       Options.WAL_size_limit_MB: 0
2018/10/25-17:22:36.173662 7f4d583dd700             Options.manifest_preallocation_size: 4194304
2018/10/25-17:22:36.173663 7f4d583dd700                     Options.is_fd_close_on_exec: 1
2018/10/25-17:22:36.173664 7f4d583dd700                   Options.advise_random_on_open: 1
2018/10/25-17:22:36.173665 7f4d583dd700                    Options.db_write_buffer_size: 0
2018/10/25-17:22:36.173665 7f4d583dd700                    Options.write_buffer_manager: 0x7f4cc43ba530
2018/10/25-17:22:36.173666 7f4d583dd700         Options.access_hint_on_compaction_start: 1
2018/10/25-17:22:36.173667 7f4d583dd700  Options.new_table_reader_for_compaction_inputs: 0
2018/10/25-17:22:36.173668 7f4d583dd700           Options.random_access_max_buffer_size: 1048576
2018/10/25-17:22:36.173669 7f4d583dd700                      Options.use_adaptive_mutex: 0
2018/10/25-17:22:36.173669 7f4d583dd700                            Options.rate_limiter: (nil)
2018/10/25-17:22:36.173690 7f4d583dd700     Options.sst_file_manager.rate_bytes_per_sec: 0
2018/10/25-17:22:36.173691 7f4d583dd700                       Options.wal_recovery_mode: 2
2018/10/25-17:22:36.173692 7f4d583dd700                  Options.enable_thread_tracking: 0
2018/10/25-17:22:36.173693 7f4d583dd700                  Options.enable_pipelined_write: 1
2018/10/25-17:22:36.173694 7f4d583dd700         Options.allow_concurrent_memtable_write: 1
2018/10/25-17:22:36.173695 7f4d583dd700      Options.enable_write_thread_adaptive_yield: 1
2018/10/25-17:22:36.173695 7f4d583dd700             Options.write_thread_max_yield_usec: 100
2018/10/25-17:22:36.173696 7f4d583dd700            Options.write_thread_slow_yield_usec: 3
2018/10/25-17:22:36.173697 7f4d583dd700                               Options.row_cache: None
2018/10/25-17:22:36.173698 7f4d583dd700                              Options.wal_filter: None
2018/10/25-17:22:36.173699 7f4d583dd700             Options.avoid_flush_during_recovery: 0
2018/10/25-17:22:36.173700 7f4d583dd700             Options.allow_ingest_behind: 0
2018/10/25-17:22:36.173701 7f4d583dd700             Options.preserve_deletes: 0
2018/10/25-17:22:36.173701 7f4d583dd700             Options.two_write_queues: 0
2018/10/25-17:22:36.173702 7f4d583dd700             Options.manual_wal_flush: 0
2018/10/25-17:22:36.173704 7f4d583dd700             Options.max_background_jobs: 24
2018/10/25-17:22:36.173705 7f4d583dd700             Options.max_background_compactions: 24
2018/10/25-17:22:36.173706 7f4d583dd700             Options.avoid_flush_during_shutdown: 0
2018/10/25-17:22:36.173707 7f4d583dd700           Options.writable_file_max_buffer_size: 1048576
2018/10/25-17:22:36.173708 7f4d583dd700             Options.delayed_write_rate : 16777216
2018/10/25-17:22:36.173709 7f4d583dd700             Options.max_total_wal_size: 0
2018/10/25-17:22:36.173709 7f4d583dd700             Options.delete_obsolete_files_period_micros: 21600000000
2018/10/25-17:22:36.173710 7f4d583dd700                   Options.stats_dump_period_sec: 60
2018/10/25-17:22:36.173711 7f4d583dd700                          Options.max_open_files: -1
2018/10/25-17:22:36.173712 7f4d583dd700                          Options.bytes_per_sync: 1048576
2018/10/25-17:22:36.173713 7f4d583dd700                      Options.wal_bytes_per_sync: 0
2018/10/25-17:22:36.173714 7f4d583dd700       Options.compaction_readahead_size: 0
2018/10/25-17:22:36.173715 7f4d583dd700 Compression algorithms supported:
2018/10/25-17:22:36.173716 7f4d583dd700 	kZSTDNotFinalCompression supported: 1
2018/10/25-17:22:36.173725 7f4d583dd700 	kZSTD supported: 1
2018/10/25-17:22:36.173726 7f4d583dd700 	kXpressCompression supported: 0
2018/10/25-17:22:36.173727 7f4d583dd700 	kLZ4HCCompression supported: 1
2018/10/25-17:22:36.173729 7f4d583dd700 	kLZ4Compression supported: 1
2018/10/25-17:22:36.173730 7f4d583dd700 	kBZip2Compression supported: 1
2018/10/25-17:22:36.173731 7f4d583dd700 	kZlibCompression supported: 1
2018/10/25-17:22:36.173732 7f4d583dd700 	kSnappyCompression supported: 1
2018/10/25-17:22:36.173735 7f4d583dd700 Fast CRC32 supported: Supported on x86
2018/10/25-17:22:36.174173 7f4d583dd700 [db/version_set.cc:3085] Recovering from manifest file: MANIFEST-026841
2018/10/25-17:22:36.174262 7f4d583dd700 [db/column_family.cc:475] --------------- Options for column family [default]:
2018/10/25-17:22:36.174265 7f4d583dd700               Options.comparator: leveldb.BytewiseComparator
2018/10/25-17:22:36.174267 7f4d583dd700           Options.merge_operator: None
2018/10/25-17:22:36.174267 7f4d583dd700        Options.compaction_filter: None
2018/10/25-17:22:36.174268 7f4d583dd700        Options.compaction_filter_factory: None
2018/10/25-17:22:36.174269 7f4d583dd700         Options.memtable_factory: SkipListFactory
2018/10/25-17:22:36.174270 7f4d583dd700            Options.table_factory: BlockBasedTable
2018/10/25-17:22:36.174297 7f4d583dd700            table_factory options:   flush_block_policy_factory: FlushBlockBySizePolicyFactory (0x7f4cc4380cf0)
  cache_index_and_filter_blocks: 0
  cache_index_and_filter_blocks_with_high_priority: 0
  pin_l0_filter_and_index_blocks_in_cache: 0
  index_type: 0
  hash_index_allow_collision: 1
  checksum: 1
  no_block_cache: 0
  block_cache: 0x7f4cc438be90
  block_cache_name: LRUCache
  block_cache_options:
    capacity : 8388608
    num_shard_bits : 4
    strict_capacity_limit : 0
    high_pri_pool_ratio: 0.000
  block_cache_compressed: (nil)
  persistent_cache: (nil)
  block_size: 8192
  block_size_deviation: 10
  block_restart_interval: 16
  index_block_restart_interval: 1
  metadata_block_size: 4096
  partition_filters: 0
  use_delta_encoding: 1
  filter_policy: nullptr
  whole_key_filtering: 1
  verify_compression: 0
  read_amp_bytes_per_bit: 0
  format_version: 2
  enable_index_compression: 1
  block_align: 0
2018/10/25-17:22:36.174309 7f4d583dd700        Options.write_buffer_size: 134217728
2018/10/25-17:22:36.174311 7f4d583dd700  Options.max_write_buffer_number: 24
2018/10/25-17:22:36.174312 7f4d583dd700        Options.compression[0]: NoCompression
2018/10/25-17:22:36.174313 7f4d583dd700        Options.compression[1]: NoCompression
2018/10/25-17:22:36.174314 7f4d583dd700        Options.compression[2]: LZ4
2018/10/25-17:22:36.174315 7f4d583dd700        Options.compression[3]: LZ4
2018/10/25-17:22:36.174315 7f4d583dd700        Options.compression[4]: LZ4
2018/10/25-17:22:36.174316 7f4d583dd700        Options.compression[5]: LZ4
2018/10/25-17:22:36.174317 7f4d583dd700        Options.compression[6]: LZ4
2018/10/25-17:22:36.174318 7f4d583dd700                  Options.bottommost_compression: Disabled
2018/10/25-17:22:36.174319 7f4d583dd700       Options.prefix_extractor: nullptr
2018/10/25-17:22:36.174320 7f4d583dd700   Options.memtable_insert_with_hint_prefix_extractor: nullptr
2018/10/25-17:22:36.174321 7f4d583dd700             Options.num_levels: 7
2018/10/25-17:22:36.174321 7f4d583dd700        Options.min_write_buffer_number_to_merge: 2
2018/10/25-17:22:36.174322 7f4d583dd700     Options.max_write_buffer_number_to_maintain: 0
2018/10/25-17:22:36.174323 7f4d583dd700            Options.compression_opts.window_bits: -14
2018/10/25-17:22:36.174324 7f4d583dd700                  Options.compression_opts.level: -1
2018/10/25-17:22:36.174325 7f4d583dd700               Options.compression_opts.strategy: 0
2018/10/25-17:22:36.174326 7f4d583dd700         Options.compression_opts.max_dict_bytes: 0
2018/10/25-17:22:36.174327 7f4d583dd700         Options.compression_opts.zstd_max_train_bytes: 0
2018/10/25-17:22:36.174327 7f4d583dd700      Options.level0_file_num_compaction_trigger: 2
2018/10/25-17:22:36.174328 7f4d583dd700          Options.level0_slowdown_writes_trigger: 20
2018/10/25-17:22:36.174329 7f4d583dd700              Options.level0_stop_writes_trigger: 36
2018/10/25-17:22:36.174330 7f4d583dd700                   Options.target_file_size_base: 67108864
2018/10/25-17:22:36.174331 7f4d583dd700             Options.target_file_size_multiplier: 1
2018/10/25-17:22:36.174332 7f4d583dd700                Options.max_bytes_for_level_base: 536870912
2018/10/25-17:22:36.174333 7f4d583dd700 Options.level_compaction_dynamic_level_bytes: 0
2018/10/25-17:22:36.174333 7f4d583dd700          Options.max_bytes_for_level_multiplier: 10.000000
2018/10/25-17:22:36.174336 7f4d583dd700 Options.max_bytes_for_level_multiplier_addtl[0]: 1
2018/10/25-17:22:36.174337 7f4d583dd700 Options.max_bytes_for_level_multiplier_addtl[1]: 1
2018/10/25-17:22:36.174338 7f4d583dd700 Options.max_bytes_for_level_multiplier_addtl[2]: 1
2018/10/25-17:22:36.174338 7f4d583dd700 Options.max_bytes_for_level_multiplier_addtl[3]: 1
2018/10/25-17:22:36.174339 7f4d583dd700 Options.max_bytes_for_level_multiplier_addtl[4]: 1
2018/10/25-17:22:36.174340 7f4d583dd700 Options.max_bytes_for_level_multiplier_addtl[5]: 1
2018/10/25-17:22:36.174341 7f4d583dd700 Options.max_bytes_for_level_multiplier_addtl[6]: 1
2018/10/25-17:22:36.174342 7f4d583dd700       Options.max_sequential_skip_in_iterations: 8
2018/10/25-17:22:36.174342 7f4d583dd700                    Options.max_compaction_bytes: 1677721600
2018/10/25-17:22:36.174349 7f4d583dd700                        Options.arena_block_size: 16777216
2018/10/25-17:22:36.174350 7f4d583dd700   Options.soft_pending_compaction_bytes_limit: 68719476736
2018/10/25-17:22:36.174351 7f4d583dd700   Options.hard_pending_compaction_bytes_limit: 274877906944
2018/10/25-17:22:36.174352 7f4d583dd700       Options.rate_limit_delay_max_milliseconds: 100
2018/10/25-17:22:36.174353 7f4d583dd700                Options.disable_auto_compactions: 0
2018/10/25-17:22:36.174355 7f4d583dd700                        Options.compaction_style: kCompactionStyleLevel
2018/10/25-17:22:36.174357 7f4d583dd700                          Options.compaction_pri: kByCompensatedSize
2018/10/25-17:22:36.174357 7f4d583dd700 Options.compaction_options_universal.size_ratio: 1
2018/10/25-17:22:36.174358 7f4d583dd700 Options.compaction_options_universal.min_merge_width: 2
2018/10/25-17:22:36.174359 7f4d583dd700 Options.compaction_options_universal.max_merge_width: 4294967295
2018/10/25-17:22:36.174360 7f4d583dd700 Options.compaction_options_universal.max_size_amplification_percent: 200
2018/10/25-17:22:36.174361 7f4d583dd700 Options.compaction_options_universal.compression_size_percent: -1
2018/10/25-17:22:36.174363 7f4d583dd700 Options.compaction_options_universal.stop_style: kCompactionStopStyleTotalSize
2018/10/25-17:22:36.174363 7f4d583dd700 Options.compaction_options_fifo.max_table_files_size: 1073741824
2018/10/25-17:22:36.174364 7f4d583dd700 Options.compaction_options_fifo.allow_compaction: 0
2018/10/25-17:22:36.174365 7f4d583dd700 Options.compaction_options_fifo.ttl: 0
2018/10/25-17:22:36.174366 7f4d583dd700                   Options.table_properties_collectors: 
2018/10/25-17:22:36.174367 7f4d583dd700                   Options.inplace_update_support: 0
2018/10/25-17:22:36.174368 7f4d583dd700                 Options.inplace_update_num_locks: 10000
2018/10/25-17:22:36.174369 7f4d583dd700               Options.memtable_prefix_bloom_size_ratio: 0.000000
2018/10/25-17:22:36.174371 7f4d583dd700   Options.memtable_huge_page_size: 0
2018/10/25-17:22:36.174372 7f4d583dd700                           Options.bloom_locality: 0
2018/10/25-17:22:36.174373 7f4d583dd700                    Options.max_successive_merges: 0
2018/10/25-17:22:36.174373 7f4d583dd700                Options.optimize_filters_for_hits: 0
2018/10/25-17:22:36.174374 7f4d583dd700                Options.paranoid_file_checks: 0
2018/10/25-17:22:36.174375 7f4d583dd700                Options.force_consistency_checks: 0
2018/10/25-17:22:36.174376 7f4d583dd700                Options.report_bg_io_stats: 0
2018/10/25-17:22:36.174377 7f4d583dd700                               Options.ttl: 0
2018/10/25-17:22:36.174910 7f4d583dd700 [db/column_family.cc:475] --------------- Options for column family [usertable]:
2018/10/25-17:22:36.174913 7f4d583dd700               Options.comparator: leveldb.BytewiseComparator
2018/10/25-17:22:36.174914 7f4d583dd700           Options.merge_operator: None
2018/10/25-17:22:36.174915 7f4d583dd700        Options.compaction_filter: None
2018/10/25-17:22:36.174916 7f4d583dd700        Options.compaction_filter_factory: None
2018/10/25-17:22:36.174917 7f4d583dd700         Options.memtable_factory: SkipListFactory
2018/10/25-17:22:36.174918 7f4d583dd700            Options.table_factory: BlockBasedTable
2018/10/25-17:22:36.174938 7f4d583dd700            table_factory options:   flush_block_policy_factory: FlushBlockBySizePolicyFactory (0x7f4cc4380cd0)
  cache_index_and_filter_blocks: 0
  cache_index_and_filter_blocks_with_high_priority: 0
  pin_l0_filter_and_index_blocks_in_cache: 0
  index_type: 0
  hash_index_allow_collision: 1
  checksum: 1
  no_block_cache: 0
  block_cache: 0x7f4cc438ed50
  block_cache_name: LRUCache
  block_cache_options:
    capacity : 8388608
    num_shard_bits : 4
    strict_capacity_limit : 0
    high_pri_pool_ratio: 0.000
  block_cache_compressed: (nil)
  persistent_cache: (nil)
  block_size: 8192
  block_size_deviation: 10
  block_restart_interval: 16
  index_block_restart_interval: 1
  metadata_block_size: 4096
  partition_filters: 0
  use_delta_encoding: 1
  filter_policy: nullptr
  whole_key_filtering: 1
  verify_compression: 0
  read_amp_bytes_per_bit: 0
  format_version: 2
  enable_index_compression: 1
  block_align: 0
2018/10/25-17:22:36.174966 7f4d583dd700        Options.write_buffer_size: 134217728
2018/10/25-17:22:36.174968 7f4d583dd700  Options.max_write_buffer_number: 24
2018/10/25-17:22:36.174969 7f4d583dd700        Options.compression[0]: NoCompression
2018/10/25-17:22:36.174970 7f4d583dd700        Options.compression[1]: NoCompression
2018/10/25-17:22:36.174971 7f4d583dd700        Options.compression[2]: LZ4
2018/10/25-17:22:36.174972 7f4d583dd700        Options.compression[3]: LZ4
2018/10/25-17:22:36.174972 7f4d583dd700        Options.compression[4]: LZ4
2018/10/25-17:22:36.174973 7f4d583dd700        Options.compression[5]: LZ4
2018/10/25-17:22:36.174974 7f4d583dd700        Options.compression[6]: LZ4
2018/10/25-17:22:36.174975 7f4d583dd700                  Options.bottommost_compression: Disabled
2018/10/25-17:22:36.174976 7f4d583dd700       Options.prefix_extractor: nullptr
2018/10/25-17:22:36.174977 7f4d583dd700   Options.memtable_insert_with_hint_prefix_extractor: nullptr
2018/10/25-17:22:36.174977 7f4d583dd700             Options.num_levels: 7
2018/10/25-17:22:36.174978 7f4d583dd700        Options.min_write_buffer_number_to_merge: 2
2018/10/25-17:22:36.174979 7f4d583dd700     Options.max_write_buffer_number_to_maintain: 0
2018/10/25-17:22:36.174980 7f4d583dd700            Options.compression_opts.window_bits: -14
2018/10/25-17:22:36.174981 7f4d583dd700                  Options.compression_opts.level: -1
2018/10/25-17:22:36.174982 7f4d583dd700               Options.compression_opts.strategy: 0
2018/10/25-17:22:36.174982 7f4d583dd700         Options.compression_opts.max_dict_bytes: 0
2018/10/25-17:22:36.174983 7f4d583dd700         Options.compression_opts.zstd_max_train_bytes: 0
2018/10/25-17:22:36.174984 7f4d583dd700      Options.level0_file_num_compaction_trigger: 2
2018/10/25-17:22:36.174985 7f4d583dd700          Options.level0_slowdown_writes_trigger: 20
2018/10/25-17:22:36.174986 7f4d583dd700              Options.level0_stop_writes_trigger: 36
2018/10/25-17:22:36.174986 7f4d583dd700                   Options.target_file_size_base: 67108864
2018/10/25-17:22:36.174987 7f4d583dd700             Options.target_file_size_multiplier: 1
2018/10/25-17:22:36.174988 7f4d583dd700                Options.max_bytes_for_level_base: 536870912
2018/10/25-17:22:36.174989 7f4d583dd700 Options.level_compaction_dynamic_level_bytes: 0
2018/10/25-17:22:36.174990 7f4d583dd700          Options.max_bytes_for_level_multiplier: 10.000000
2018/10/25-17:22:36.174992 7f4d583dd700 Options.max_bytes_for_level_multiplier_addtl[0]: 1
2018/10/25-17:22:36.174993 7f4d583dd700 Options.max_bytes_for_level_multiplier_addtl[1]: 1
2018/10/25-17:22:36.174994 7f4d583dd700 Options.max_bytes_for_level_multiplier_addtl[2]: 1
2018/10/25-17:22:36.174994 7f4d583dd700 Options.max_bytes_for_level_multiplier_addtl[3]: 1
2018/10/25-17:22:36.174995 7f4d583dd700 Options.max_bytes_for_level_multiplier_addtl[4]: 1
2018/10/25-17:22:36.174996 7f4d583dd700 Options.max_bytes_for_level_multiplier_addtl[5]: 1
2018/10/25-17:22:36.174997 7f4d583dd700 Options.max_bytes_for_level_multiplier_addtl[6]: 1
2018/10/25-17:22:36.174998 7f4d583dd700       Options.max_sequential_skip_in_iterations: 8
2018/10/25-17:22:36.174998 7f4d583dd700                    Options.max_compaction_bytes: 1677721600
2018/10/25-17:22:36.174999 7f4d583dd700                        Options.arena_block_size: 16777216
2018/10/25-17:22:36.175000 7f4d583dd700   Options.soft_pending_compaction_bytes_limit: 68719476736
2018/10/25-17:22:36.175001 7f4d583dd700   Options.hard_pending_compaction_bytes_limit: 274877906944
2018/10/25-17:22:36.175002 7f4d583dd700       Options.rate_limit_delay_max_milliseconds: 100
2018/10/25-17:22:36.175003 7f4d583dd700                Options.disable_auto_compactions: 0
2018/10/25-17:22:36.175004 7f4d583dd700                        Options.compaction_style: kCompactionStyleLevel
2018/10/25-17:22:36.175011 7f4d583dd700                          Options.compaction_pri: kByCompensatedSize
2018/10/25-17:22:36.175013 7f4d583dd700 Options.compaction_options_universal.size_ratio: 1
2018/10/25-17:22:36.175026 7f4d583dd700 Options.compaction_options_universal.min_merge_width: 2
2018/10/25-17:22:36.175026 7f4d583dd700 Options.compaction_options_universal.max_merge_width: 4294967295
2018/10/25-17:22:36.175027 7f4d583dd700 Options.compaction_options_universal.max_size_amplification_percent: 200
2018/10/25-17:22:36.175028 7f4d583dd700 Options.compaction_options_universal.compression_size_percent: -1
2018/10/25-17:22:36.175029 7f4d583dd700 Options.compaction_options_universal.stop_style: kCompactionStopStyleTotalSize
2018/10/25-17:22:36.175030 7f4d583dd700 Options.compaction_options_fifo.max_table_files_size: 1073741824
2018/10/25-17:22:36.175031 7f4d583dd700 Options.compaction_options_fifo.allow_compaction: 0
2018/10/25-17:22:36.175032 7f4d583dd700 Options.compaction_options_fifo.ttl: 0
2018/10/25-17:22:36.175033 7f4d583dd700                   Options.table_properties_collectors: 
2018/10/25-17:22:36.175033 7f4d583dd700                   Options.inplace_update_support: 0
2018/10/25-17:22:36.175034 7f4d583dd700                 Options.inplace_update_num_locks: 10000
2018/10/25-17:22:36.175035 7f4d583dd700               Options.memtable_prefix_bloom_size_ratio: 0.000000
2018/10/25-17:22:36.175036 7f4d583dd700   Options.memtable_huge_page_size: 0
2018/10/25-17:22:36.175037 7f4d583dd700                           Options.bloom_locality: 0
2018/10/25-17:22:36.175038 7f4d583dd700                    Options.max_successive_merges: 0
2018/10/25-17:22:36.175039 7f4d583dd700                Options.optimize_filters_for_hits: 0
2018/10/25-17:22:36.175040 7f4d583dd700                Options.paranoid_file_checks: 0
2018/10/25-17:22:36.175040 7f4d583dd700                Options.force_consistency_checks: 0
2018/10/25-17:22:36.175041 7f4d583dd700                Options.report_bg_io_stats: 0
2018/10/25-17:22:36.175042 7f4d583dd700                               Options.ttl: 0
2018/10/25-17:22:36.428114 7f4d583dd700 [db/version_set.cc:3361] Recovered from manifest file:/mnt/sdb1/ycsb-rocksdb-data/MANIFEST-026841 succeeded,manifest_file_number is 26841, next_file_number is 27346, last_sequence is 61356175, log_number is 0,prev_log_number is 0,max_column_family is 1,min_log_number_to_keep is 0
2018/10/25-17:22:36.428125 7f4d583dd700 [db/version_set.cc:3369] Column family [default] (ID 0), log number is 26836
2018/10/25-17:22:36.428127 7f4d583dd700 [db/version_set.cc:3369] Column family [usertable] (ID 1), log number is 27323
2018/10/25-17:22:36.429109 7f4d583dd700 EVENT_LOG_v1 {"time_micros": 1540513356429092, "job": 1, "event": "recovery_started", "log_files": [27323]}
2018/10/25-17:22:36.429117 7f4d583dd700 [db/db_impl_open.cc:551] Recovering log #27323 mode 2
2018/10/25-17:22:36.675321 7f4d583dd700 [db/version_set.cc:2847] Creating manifest 27346
2018/10/25-17:22:37.007301 7f4d583dd700 EVENT_LOG_v1 {"time_micros": 1540513357007279, "cf_name": "usertable", "job": 1, "event": "table_file_creation", "file_number": 27347, "file_size": 59244855, "table_properties": {"data_size": 58993473, "index_size": 250461, "filter_size": 0, "raw_key_size": 343320, "raw_average_key_size": 24, "raw_value_size": 58593280, "raw_average_value_size": 4096, "num_data_blocks": 7153, "num_entries": 14305, "filter_policy_name": "", "kDeletedKeys": "0", "kMergeOperands": "0"}}
2018/10/25-17:22:37.042977 7f4d583dd700 EVENT_LOG_v1 {"time_micros": 1540513357042973, "job": 1, "event": "recovery_finished"}
2018/10/25-17:22:37.098183 7f4d583dd700 [db/db_impl_open.cc:1219] DB pointer 0x7f4cc43bec40
2018/10/25-17:22:37.098535 7f4d49fc9700 [WARN] [db/db_impl.cc:491] ------- DUMPING STATS -------
2018/10/25-17:22:37.098578 7f4d49fc9700 [WARN] [db/db_impl.cc:492] 
** DB Stats **
Uptime(secs): 0.9 total, 0.9 interval
Cumulative writes: 0 writes, 0 keys, 0 commit groups, 0.0 writes per commit group, ingest: 0.00 GB, 0.00 MB/s
Cumulative WAL: 0 writes, 0 syncs, 0.00 writes per sync, written: 0.00 GB, 0.00 MB/s
Cumulative stall: 00:00:0.000 H:M:S, 0.0 percent
Interval writes: 0 writes, 0 keys, 0 commit groups, 0.0 writes per commit group, ingest: 0.00 MB, 0.00 MB/s
Interval WAL: 0 writes, 0 syncs, 0.00 writes per sync, written: 0.00 MB, 0.00 MB/s
Interval stall: 00:00:0.000 H:M:S, 0.0 percent

** Compaction Stats [default] **
Level    Files   Size     Score Read(GB)  Rn(GB) Rnp1(GB) Write(GB) Wnew(GB) Moved(GB) W-Amp Rd(MB/s) Wr(MB/s) Comp(sec) Comp(cnt) Avg(sec) KeyIn KeyDrop
----------------------------------------------------------------------------------------------------------------------------------------------------------
 Sum      0/0    0.00 KB   0.0      0.0     0.0      0.0       0.0      0.0       0.0   0.0      0.0      0.0         0         0    0.000       0      0
 Int      0/0    0.00 KB   0.0      0.0     0.0      0.0       0.0      0.0       0.0   0.0      0.0      0.0         0         0    0.000       0      0
Uptime(secs): 0.9 total, 0.9 interval
Flush(GB): cumulative 0.000, interval 0.000
AddFile(GB): cumulative 0.000, interval 0.000
AddFile(Total Files): cumulative 0, interval 0
AddFile(L0 Files): cumulative 0, interval 0
AddFile(Keys): cumulative 0, interval 0
Cumulative compaction: 0.00 GB write, 0.00 MB/s write, 0.00 GB read, 0.00 MB/s read, 0.0 seconds
Interval compaction: 0.00 GB write, 0.00 MB/s write, 0.00 GB read, 0.00 MB/s read, 0.0 seconds
Stalls(count): 0 level0_slowdown, 0 level0_slowdown_with_compaction, 0 level0_numfiles, 0 level0_numfiles_with_compaction, 0 stop for pending_compaction_bytes, 0 slowdown for pending_compaction_bytes, 0 memtable_compaction, 0 memtable_slowdown, interval 0 total count

** File Read Latency Histogram By Level [default] **

** Compaction Stats [usertable] **
Level    Files   Size     Score Read(GB)  Rn(GB) Rnp1(GB) Write(GB) Wnew(GB) Moved(GB) W-Amp Rd(MB/s) Wr(MB/s) Comp(sec) Comp(cnt) Avg(sec) KeyIn KeyDrop
----------------------------------------------------------------------------------------------------------------------------------------------------------
  L0      2/0   196.27 MB   1.0      0.0     0.0      0.0       0.1      0.1       0.0   1.0      0.0    208.0         0         1    0.272       0      0
  L1     20/0    1.06 GB   2.1      0.0     0.0      0.0       0.0      0.0       0.0   0.0      0.0      0.0         0         0    0.000       0      0
  L2     92/0    5.30 GB   1.1      0.0     0.0      0.0       0.0      0.0       0.0   0.0      0.0      0.0         0         0    0.000       0      0
  L3    178/0   10.04 GB   0.2      0.0     0.0      0.0       0.0      0.0       0.0   0.0      0.0      0.0         0         0    0.000       0      0
 Sum    292/0   16.60 GB   0.0      0.0     0.0      0.0       0.1      0.1       0.0   1.0      0.0    208.0         0         1    0.272       0      0
 Int      0/0    0.00 KB   0.0      0.0     0.0      0.0       0.1      0.1       0.0   1.0      0.0    208.0         0         1    0.272       0      0
Uptime(secs): 0.9 total, 0.9 interval
Flush(GB): cumulative 0.055, interval 0.055
AddFile(GB): cumulative 0.000, interval 0.000
AddFile(Total Files): cumulative 0, interval 0
AddFile(L0 Files): cumulative 0, interval 0
AddFile(Keys): cumulative 0, interval 0
Cumulative compaction: 0.06 GB write, 61.18 MB/s write, 0.00 GB read, 0.00 MB/s read, 0.3 seconds
Interval compaction: 0.06 GB write, 61.18 MB/s write, 0.00 GB read, 0.00 MB/s read, 0.3 seconds
Stalls(count): 0 level0_slowdown, 0 level0_slowdown_with_compaction, 0 level0_numfiles, 0 level0_numfiles_with_compaction, 0 stop for pending_compaction_bytes, 0 slowdown for pending_compaction_bytes, 0 memtable_compaction, 0 memtable_slowdown, interval 0 total count

** File Read Latency Histogram By Level [usertable] **

** Compaction Stats [default] **
Level    Files   Size     Score Read(GB)  Rn(GB) Rnp1(GB) Write(GB) Wnew(GB) Moved(GB) W-Amp Rd(MB/s) Wr(MB/s) Comp(sec) Comp(cnt) Avg(sec) KeyIn KeyDrop
----------------------------------------------------------------------------------------------------------------------------------------------------------
 Sum      0/0    0.00 KB   0.0      0.0     0.0      0.0       0.0      0.0       0.0   0.0      0.0      0.0         0         0    0.000       0      0
 Int      0/0    0.00 KB   0.0      0.0     0.0      0.0       0.0      0.0       0.0   0.0      0.0      0.0         0         0    0.000       0      0
Uptime(secs): 0.9 total, 0.0 interval
Flush(GB): cumulative 0.000, interval 0.000
AddFile(GB): cumulative 0.000, interval 0.000
AddFile(Total Files): cumulative 0, interval 0
AddFile(L0 Files): cumulative 0, interval 0
AddFile(Keys): cumulative 0, interval 0
Cumulative compaction: 0.00 GB write, 0.00 MB/s write, 0.00 GB read, 0.00 MB/s read, 0.0 seconds
Interval compaction: 0.00 GB write, 0.00 MB/s write, 0.00 GB read, 0.00 MB/s read, 0.0 seconds
Stalls(count): 0 level0_slowdown, 0 level0_slowdown_with_compaction, 0 level0_numfiles, 0 level0_numfiles_with_compaction, 0 stop for pending_compaction_bytes, 0 slowdown for pending_compaction_bytes, 0 memtable_compaction, 0 memtable_slowdown, interval 0 total count

** File Read Latency Histogram By Level [default] **

** Compaction Stats [usertable] **
Level    Files   Size     Score Read(GB)  Rn(GB) Rnp1(GB) Write(GB) Wnew(GB) Moved(GB) W-Amp Rd(MB/s) Wr(MB/s) Comp(sec) Comp(cnt) Avg(sec) KeyIn KeyDrop
----------------------------------------------------------------------------------------------------------------------------------------------------------
  L0      2/0   196.27 MB   1.0      0.0     0.0      0.0       0.1      0.1       0.0   1.0      0.0    208.0         0         1    0.272       0      0
  L1     20/0    1.06 GB   2.1      0.0     0.0      0.0       0.0      0.0       0.0   0.0      0.0      0.0         0         0    0.000       0      0
  L2     92/0    5.30 GB   1.1      0.0     0.0      0.0       0.0      0.0       0.0   0.0      0.0      0.0         0         0    0.000       0      0
  L3    178/0   10.04 GB   0.2      0.0     0.0      0.0       0.0      0.0       0.0   0.0      0.0      0.0         0         0    0.000       0      0
 Sum    292/0   16.60 GB   0.0      0.0     0.0      0.0       0.1      0.1       0.0   1.0      0.0    208.0         0         1    0.272       0      0
 Int      0/0    0.00 KB   0.0      0.0     0.0      0.0       0.0      0.0       0.0   0.0      0.0      0.0         0         0    0.000       0      0
Uptime(secs): 0.9 total, 0.0 interval
Flush(GB): cumulative 0.055, interval 0.000
AddFile(GB): cumulative 0.000, interval 0.000
AddFile(Total Files): cumulative 0, interval 0
AddFile(L0 Files): cumulative 0, interval 0
AddFile(Keys): cumulative 0, interval 0
Cumulative compaction: 0.06 GB write, 61.17 MB/s write, 0.00 GB read, 0.00 MB/s read, 0.3 seconds
Interval compaction: 0.00 GB write, 0.00 MB/s write, 0.00 GB read, 0.00 MB/s read, 0.0 seconds
Stalls(count): 0 level0_slowdown, 0 level0_slowdown_with_compaction, 0 level0_numfiles, 0 level0_numfiles_with_compaction, 0 stop for pending_compaction_bytes, 0 slowdown for pending_compaction_bytes, 0 memtable_compaction, 0 memtable_slowdown, interval 0 total count

** File Read Latency Histogram By Level [usertable] **
2018/10/25-17:22:37.098747 7f4d49fc9700 [db/compaction_job.cc:1531] [usertable] [JOB 3] Compacting 1@1 + 4@2 files to L2, score 2.13
2018/10/25-17:22:37.098756 7f4d49fc9700 [db/compaction_job.cc:1535] [usertable] Compaction start summary: Base version 5 Base level 1, inputs: [27333(64MB)], [27307(64MB) 27320(4794KB) 26644(20MB) 27019(64MB)]
2018/10/25-17:22:37.098790 7f4d49fc9700 EVENT_LOG_v1 {"time_micros": 1540513357098768, "job": 3, "event": "compaction_started", "compaction_reason": "LevelMaxLevelSize", "files_L1": [27333], "files_L2": [27307, 27320, 26644, 27019], "score": 2.1276, "input_data_size": 228762202}
2018/10/25-17:22:37.806732 7f4d49fc9700 [db/compaction_job.cc:1211] [usertable] [JOB 3] Generated table #27351: 16279 keys, 67263123 bytes
2018/10/25-17:22:37.806776 7f4d49fc9700 EVENT_LOG_v1 {"time_micros": 1540513357806758, "cf_name": "usertable", "job": 3, "event": "table_file_creation", "file_number": 27351, "file_size": 67263123, "table_properties": {"data_size": 67119511, "index_size": 299714, "filter_size": 0, "raw_key_size": 390696, "raw_average_key_size": 24, "raw_value_size": 66678784, "raw_average_value_size": 4096, "num_data_blocks": 8140, "num_entries": 16279, "filter_policy_name": "", "kDeletedKeys": "0", "kMergeOperands": "0"}}
2018/10/25-17:22:39.102692 7f4d49fc9700 [db/compaction_job.cc:1211] [usertable] [JOB 3] Generated table #27352: 16279 keys, 67262530 bytes
2018/10/25-17:22:39.102754 7f4d49fc9700 EVENT_LOG_v1 {"time_micros": 1540513359102736, "cf_name": "usertable", "job": 3, "event": "table_file_creation", "file_number": 27352, "file_size": 67262530, "table_properties": {"data_size": 67119606, "index_size": 299694, "filter_size": 0, "raw_key_size": 390696, "raw_average_key_size": 24, "raw_value_size": 66678784, "raw_average_value_size": 4096, "num_data_blocks": 8140, "num_entries": 16279, "filter_policy_name": "", "kDeletedKeys": "0", "kMergeOperands": "0"}}
2018/10/25-17:22:39.981510 7f4d49fc9700 [db/compaction_job.cc:1211] [usertable] [JOB 3] Generated table #27353: 12042 keys, 49754849 bytes
2018/10/25-17:22:39.981550 7f4d49fc9700 EVENT_LOG_v1 {"time_micros": 1540513359981533, "cf_name": "usertable", "job": 3, "event": "table_file_creation", "file_number": 27353, "file_size": 49754849, "table_properties": {"data_size": 49650168, "index_size": 221492, "filter_size": 0, "raw_key_size": 289008, "raw_average_key_size": 24, "raw_value_size": 49324032, "raw_average_value_size": 4096, "num_data_blocks": 6021, "num_entries": 12042, "filter_policy_name": "", "kDeletedKeys": "0", "kMergeOperands": "0"}}
2018/10/25-17:22:39.981612 7f4d49fc9700 [db/compaction_job.cc:1287] [usertable] [JOB 3] Compacted 1@1 + 4@2 files to L2 => 184280502 bytes
2018/10/25-17:22:40.014181 7f4d49fc9700 (Original Log Time 2018/10/25-17:22:40.014100) [db/compaction_job.cc:685] [usertable] compacted to: base level 1 max bytes base 536870912 files[2 19 91 178 0 0 0] max score 2.00, MB/sec: 79.4 rd, 63.9 wr, level 2, files in(1, 4) out(3) MB in(64.3, 153.9) out(175.7), read-write-amplify(6.1) write-amplify(2.7) OK, records in: 55328, records dropped: 10728 output_compression: LZ4
2018/10/25-17:22:40.014188 7f4d49fc9700 (Original Log Time 2018/10/25-17:22:40.014126) EVENT_LOG_v1 {"time_micros": 1540513360014114, "job": 3, "event": "compaction_finished", "compaction_time_micros": 2882759, "output_level": 2, "num_output_files": 3, "total_output_size": 184280502, "num_input_records": 55328, "num_output_records": 44600, "num_subcompactions": 1, "output_compression": "LZ4", "num_single_delete_mismatches": 0, "num_single_delete_fallthrough": 0, "lsm_state": [2, 19, 91, 178, 0, 0, 0]}
2018/10/25-17:22:40.014256 7f4d49fc9700 [db/compaction_job.cc:1531] [usertable] [JOB 4] Compacting 1@1 + 11@2 files to L2, score 2.00
2018/10/25-17:22:40.014264 7f4d49fc9700 [db/compaction_job.cc:1535] [usertable] Compaction start summary: Base version 6 Base level 1, inputs: [27335(64MB)], [27245(64MB) 27283(64MB) 27291(64MB) 27300(64MB) 27305(64MB) 27309(64MB) 27312(64MB) 27314(58MB) 27248(64MB) 27249(64MB) 27250(64MB)]
2018/10/25-17:22:40.014280 7f4d49fc9700 EVENT_LOG_v1 {"time_micros": 1540513360014269, "job": 4, "event": "compaction_started", "compaction_reason": "LevelMaxLevelSize", "files_L1": [27335], "files_L2": [27245, 27283, 27291, 27300, 27305, 27309, 27312, 27314, 27248, 27249, 27250], "score": 2.00202, "input_data_size": 800838835}
2018/10/25-17:22:40.705623 7f4d49fc9700 [db/compaction_job.cc:1211] [usertable] [JOB 4] Generated table #27354: 16279 keys, 67252937 bytes
2018/10/25-17:22:40.705678 7f4d49fc9700 EVENT_LOG_v1 {"time_micros": 1540513360705648, "cf_name": "usertable", "job": 4, "event": "table_file_creation", "file_number": 27354, "file_size": 67252937, "table_properties": {"data_size": 67120720, "index_size": 298454, "filter_size": 0, "raw_key_size": 390696, "raw_average_key_size": 24, "raw_value_size": 66678784, "raw_average_value_size": 4096, "num_data_blocks": 8140, "num_entries": 16279, "filter_policy_name": "", "kDeletedKeys": "0", "kMergeOperands": "0"}}
2018/10/25-17:22:41.483835 7f4d49fc9700 [db/compaction_job.cc:1211] [usertable] [JOB 4] Generated table #27355: 16279 keys, 67262014 bytes
2018/10/25-17:22:41.483896 7f4d49fc9700 EVENT_LOG_v1 {"time_micros": 1540513361483868, "cf_name": "usertable", "job": 4, "event": "table_file_creation", "file_number": 27355, "file_size": 67262014, "table_properties": {"data_size": 67119506, "index_size": 299653, "filter_size": 0, "raw_key_size": 390696, "raw_average_key_size": 24, "raw_value_size": 66678784, "raw_average_value_size": 4096, "num_data_blocks": 8140, "num_entries": 16279, "filter_policy_name": "", "kDeletedKeys": "0", "kMergeOperands": "0"}}
2018/10/25-17:22:42.173988 7f4d49fc9700 [db/compaction_job.cc:1211] [usertable] [JOB 4] Generated table #27356: 16279 keys, 67259057 bytes
2018/10/25-17:22:42.174028 7f4d49fc9700 EVENT_LOG_v1 {"time_micros": 1540513362174014, "cf_name": "usertable", "job": 4, "event": "table_file_creation", "file_number": 27356, "file_size": 67259057, "table_properties": {"data_size": 67119846, "index_size": 299383, "filter_size": 0, "raw_key_size": 390696, "raw_average_key_size": 24, "raw_value_size": 66678784, "raw_average_value_size": 4096, "num_data_blocks": 8140, "num_entries": 16279, "filter_policy_name": "", "kDeletedKeys": "0", "kMergeOperands": "0"}}
2018/10/25-17:22:42.898593 7f4d49fc9700 [db/compaction_job.cc:1211] [usertable] [JOB 4] Generated table #27357: 16279 keys, 67259128 bytes
2018/10/25-17:22:42.898651 7f4d49fc9700 EVENT_LOG_v1 {"time_micros": 1540513362898636, "cf_name": "usertable", "job": 4, "event": "table_file_creation", "file_number": 27357, "file_size": 67259128, "table_properties": {"data_size": 67119772, "index_size": 299402, "filter_size": 0, "raw_key_size": 390696, "raw_average_key_size": 24, "raw_value_size": 66678784, "raw_average_value_size": 4096, "num_data_blocks": 8140, "num_entries": 16279, "filter_policy_name": "", "kDeletedKeys": "0", "kMergeOperands": "0"}}
2018/10/25-17:22:43.599132 7f4d49fc9700 [db/compaction_job.cc:1211] [usertable] [JOB 4] Generated table #27358: 16279 keys, 67264051 bytes
2018/10/25-17:22:43.599183 7f4d49fc9700 EVENT_LOG_v1 {"time_micros": 1540513363599166, "cf_name": "usertable", "job": 4, "event": "table_file_creation", "file_number": 27358, "file_size": 67264051, "table_properties": {"data_size": 67119464, "index_size": 299808, "filter_size": 0, "raw_key_size": 390696, "raw_average_key_size": 24, "raw_value_size": 66678784, "raw_average_value_size": 4096, "num_data_blocks": 8140, "num_entries": 16279, "filter_policy_name": "", "kDeletedKeys": "0", "kMergeOperands": "0"}}
2018/10/25-17:22:44.804258 7f4d49fc9700 [db/compaction_job.cc:1211] [usertable] [JOB 4] Generated table #27359: 16279 keys, 67258312 bytes
