2018/10/25-17:50:09.017071 7f7c0c1f1700 RocksDB version: 5.14.3
2018/10/25-17:50:09.017145 7f7c0c1f1700 Git sha rocksdb_build_git_sha:
2018/10/25-17:50:09.017149 7f7c0c1f1700 Compile date Oct 15 2018
2018/10/25-17:50:09.017153 7f7c0c1f1700 DB SUMMARY
2018/10/25-17:50:09.017605 7f7c0c1f1700 CURRENT file:  CURRENT
2018/10/25-17:50:09.017609 7f7c0c1f1700 IDENTITY file:  IDENTITY
2018/10/25-17:50:09.017818 7f7c0c1f1700 MANIFEST file:  MANIFEST-028919 size: 52852 Bytes
2018/10/25-17:50:09.017826 7f7c0c1f1700 SST files in /mnt/sdb1/ycsb-rocksdb-data dir, Total Num: 295, files: 024694.sst 024699.sst 025381.sst 025385.sst 025392.sst 025396.sst 025859.sst 025880.sst 025887.sst 
2018/10/25-17:50:09.017827 7f7c0c1f1700 Write Ahead Log file in /mnt/sdb1/ycsb-rocksdb-data: 029387.log size: 119412332 ; 029410.log size: 7540284 ; 
2018/10/25-17:50:09.017834 7f7c0c1f1700                         Options.error_if_exists: 0
2018/10/25-17:50:09.017836 7f7c0c1f1700                       Options.create_if_missing: 1
2018/10/25-17:50:09.017837 7f7c0c1f1700                         Options.paranoid_checks: 1
2018/10/25-17:50:09.017837 7f7c0c1f1700                                     Options.env: 0x7f7bdf9dc3e0
2018/10/25-17:50:09.017838 7f7c0c1f1700                                Options.info_log: 0x7f7b643cfbc0
2018/10/25-17:50:09.017839 7f7c0c1f1700                Options.max_file_opening_threads: 16
2018/10/25-17:50:09.017840 7f7c0c1f1700                              Options.statistics: (nil)
2018/10/25-17:50:09.017841 7f7c0c1f1700                               Options.use_fsync: 0
2018/10/25-17:50:09.017843 7f7c0c1f1700                       Options.max_log_file_size: 0
2018/10/25-17:50:09.017844 7f7c0c1f1700                  Options.max_manifest_file_size: 18446744073709551615
2018/10/25-17:50:09.017844 7f7c0c1f1700                   Options.log_file_time_to_roll: 0
2018/10/25-17:50:09.017845 7f7c0c1f1700                       Options.keep_log_file_num: 1000
2018/10/25-17:50:09.017846 7f7c0c1f1700                    Options.recycle_log_file_num: 0
2018/10/25-17:50:09.017847 7f7c0c1f1700                         Options.allow_fallocate: 1
2018/10/25-17:50:09.017848 7f7c0c1f1700                        Options.allow_mmap_reads: 0
2018/10/25-17:50:09.017849 7f7c0c1f1700                       Options.allow_mmap_writes: 0
2018/10/25-17:50:09.017850 7f7c0c1f1700                        Options.use_direct_reads: 0
2018/10/25-17:50:09.017850 7f7c0c1f1700                        Options.use_direct_io_for_flush_and_compaction: 0
2018/10/25-17:50:09.017851 7f7c0c1f1700          Options.create_missing_column_families: 1
2018/10/25-17:50:09.017852 7f7c0c1f1700                              Options.db_log_dir: 
2018/10/25-17:50:09.017853 7f7c0c1f1700                                 Options.wal_dir: /mnt/sdb1/ycsb-rocksdb-data
2018/10/25-17:50:09.017854 7f7c0c1f1700                Options.table_cache_numshardbits: 6
2018/10/25-17:50:09.017855 7f7c0c1f1700                      Options.max_subcompactions: 4
2018/10/25-17:50:09.017856 7f7c0c1f1700                  Options.max_background_flushes: 24
2018/10/25-17:50:09.017857 7f7c0c1f1700                         Options.WAL_ttl_seconds: 0
2018/10/25-17:50:09.017857 7f7c0c1f1700                       Options.WAL_size_limit_MB: 0
2018/10/25-17:50:09.017858 7f7c0c1f1700             Options.manifest_preallocation_size: 4194304
2018/10/25-17:50:09.017859 7f7c0c1f1700                     Options.is_fd_close_on_exec: 1
2018/10/25-17:50:09.017860 7f7c0c1f1700                   Options.advise_random_on_open: 1
2018/10/25-17:50:09.017861 7f7c0c1f1700                    Options.db_write_buffer_size: 0
2018/10/25-17:50:09.017862 7f7c0c1f1700                    Options.write_buffer_manager: 0x7f7b643ca530
2018/10/25-17:50:09.017862 7f7c0c1f1700         Options.access_hint_on_compaction_start: 1
2018/10/25-17:50:09.017863 7f7c0c1f1700  Options.new_table_reader_for_compaction_inputs: 0
2018/10/25-17:50:09.017864 7f7c0c1f1700           Options.random_access_max_buffer_size: 1048576
2018/10/25-17:50:09.017865 7f7c0c1f1700                      Options.use_adaptive_mutex: 0
2018/10/25-17:50:09.017866 7f7c0c1f1700                            Options.rate_limiter: (nil)
2018/10/25-17:50:09.017883 7f7c0c1f1700     Options.sst_file_manager.rate_bytes_per_sec: 0
2018/10/25-17:50:09.017885 7f7c0c1f1700                       Options.wal_recovery_mode: 2
2018/10/25-17:50:09.017886 7f7c0c1f1700                  Options.enable_thread_tracking: 0
2018/10/25-17:50:09.017887 7f7c0c1f1700                  Options.enable_pipelined_write: 1
2018/10/25-17:50:09.017888 7f7c0c1f1700         Options.allow_concurrent_memtable_write: 1
2018/10/25-17:50:09.017888 7f7c0c1f1700      Options.enable_write_thread_adaptive_yield: 1
2018/10/25-17:50:09.017889 7f7c0c1f1700             Options.write_thread_max_yield_usec: 100
2018/10/25-17:50:09.017890 7f7c0c1f1700            Options.write_thread_slow_yield_usec: 3
2018/10/25-17:50:09.017891 7f7c0c1f1700                               Options.row_cache: None
2018/10/25-17:50:09.017892 7f7c0c1f1700                              Options.wal_filter: None
2018/10/25-17:50:09.017893 7f7c0c1f1700             Options.avoid_flush_during_recovery: 0
2018/10/25-17:50:09.017894 7f7c0c1f1700             Options.allow_ingest_behind: 0
2018/10/25-17:50:09.017895 7f7c0c1f1700             Options.preserve_deletes: 0
2018/10/25-17:50:09.017895 7f7c0c1f1700             Options.two_write_queues: 0
2018/10/25-17:50:09.017896 7f7c0c1f1700             Options.manual_wal_flush: 0
2018/10/25-17:50:09.017898 7f7c0c1f1700             Options.max_background_jobs: 24
2018/10/25-17:50:09.017899 7f7c0c1f1700             Options.max_background_compactions: 24
2018/10/25-17:50:09.017900 7f7c0c1f1700             Options.avoid_flush_during_shutdown: 0
2018/10/25-17:50:09.017901 7f7c0c1f1700           Options.writable_file_max_buffer_size: 1048576
2018/10/25-17:50:09.017902 7f7c0c1f1700             Options.delayed_write_rate : 16777216
2018/10/25-17:50:09.017903 7f7c0c1f1700             Options.max_total_wal_size: 0
2018/10/25-17:50:09.017903 7f7c0c1f1700             Options.delete_obsolete_files_period_micros: 21600000000
2018/10/25-17:50:09.017904 7f7c0c1f1700                   Options.stats_dump_period_sec: 60
2018/10/25-17:50:09.017905 7f7c0c1f1700                          Options.max_open_files: -1
2018/10/25-17:50:09.017906 7f7c0c1f1700                          Options.bytes_per_sync: 1048576
2018/10/25-17:50:09.017907 7f7c0c1f1700                      Options.wal_bytes_per_sync: 0
2018/10/25-17:50:09.017908 7f7c0c1f1700       Options.compaction_readahead_size: 0
2018/10/25-17:50:09.017909 7f7c0c1f1700 Compression algorithms supported:
2018/10/25-17:50:09.017910 7f7c0c1f1700 	kZSTDNotFinalCompression supported: 1
2018/10/25-17:50:09.017921 7f7c0c1f1700 	kZSTD supported: 1
2018/10/25-17:50:09.017922 7f7c0c1f1700 	kXpressCompression supported: 0
2018/10/25-17:50:09.017923 7f7c0c1f1700 	kLZ4HCCompression supported: 1
2018/10/25-17:50:09.017925 7f7c0c1f1700 	kLZ4Compression supported: 1
2018/10/25-17:50:09.017926 7f7c0c1f1700 	kBZip2Compression supported: 1
2018/10/25-17:50:09.017926 7f7c0c1f1700 	kZlibCompression supported: 1
2018/10/25-17:50:09.017928 7f7c0c1f1700 	kSnappyCompression supported: 1
2018/10/25-17:50:09.017932 7f7c0c1f1700 Fast CRC32 supported: Supported on x86
2018/10/25-17:50:09.018467 7f7c0c1f1700 [db/version_set.cc:3085] Recovering from manifest file: MANIFEST-028919
2018/10/25-17:50:09.018559 7f7c0c1f1700 [db/column_family.cc:475] --------------- Options for column family [default]:
2018/10/25-17:50:09.018563 7f7c0c1f1700               Options.comparator: leveldb.BytewiseComparator
2018/10/25-17:50:09.018564 7f7c0c1f1700           Options.merge_operator: None
2018/10/25-17:50:09.018565 7f7c0c1f1700        Options.compaction_filter: None
2018/10/25-17:50:09.018566 7f7c0c1f1700        Options.compaction_filter_factory: None
2018/10/25-17:50:09.018566 7f7c0c1f1700         Options.memtable_factory: SkipListFactory
2018/10/25-17:50:09.018568 7f7c0c1f1700            Options.table_factory: BlockBasedTable
2018/10/25-17:50:09.018597 7f7c0c1f1700            table_factory options:   flush_block_policy_factory: FlushBlockBySizePolicyFactory (0x7f7b64380db0)
  cache_index_and_filter_blocks: 0
  cache_index_and_filter_blocks_with_high_priority: 0
  pin_l0_filter_and_index_blocks_in_cache: 0
  index_type: 0
  hash_index_allow_collision: 1
  checksum: 1
  no_block_cache: 0
  block_cache: 0x7f7b6438bf20
  block_cache_name: LRUCache
  block_cache_options:
    capacity : 8388608
    num_shard_bits : 4
    strict_capacity_limit : 0
    high_pri_pool_ratio: 0.000
  block_cache_compressed: (nil)
  persistent_cache: (nil)
  block_size: 8192
  block_size_deviation: 10
  block_restart_interval: 16
  index_block_restart_interval: 1
  metadata_block_size: 4096
  partition_filters: 0
  use_delta_encoding: 1
  filter_policy: nullptr
  whole_key_filtering: 1
  verify_compression: 0
  read_amp_bytes_per_bit: 0
  format_version: 2
  enable_index_compression: 1
  block_align: 0
2018/10/25-17:50:09.018610 7f7c0c1f1700        Options.write_buffer_size: 134217728
2018/10/25-17:50:09.018612 7f7c0c1f1700  Options.max_write_buffer_number: 24
2018/10/25-17:50:09.018613 7f7c0c1f1700        Options.compression[0]: NoCompression
2018/10/25-17:50:09.018614 7f7c0c1f1700        Options.compression[1]: NoCompression
2018/10/25-17:50:09.018615 7f7c0c1f1700        Options.compression[2]: LZ4
2018/10/25-17:50:09.018616 7f7c0c1f1700        Options.compression[3]: LZ4
2018/10/25-17:50:09.018617 7f7c0c1f1700        Options.compression[4]: LZ4
2018/10/25-17:50:09.018618 7f7c0c1f1700        Options.compression[5]: LZ4
2018/10/25-17:50:09.018619 7f7c0c1f1700        Options.compression[6]: LZ4
2018/10/25-17:50:09.018620 7f7c0c1f1700                  Options.bottommost_compression: Disabled
2018/10/25-17:50:09.018621 7f7c0c1f1700       Options.prefix_extractor: nullptr
2018/10/25-17:50:09.018622 7f7c0c1f1700   Options.memtable_insert_with_hint_prefix_extractor: nullptr
2018/10/25-17:50:09.018623 7f7c0c1f1700             Options.num_levels: 7
2018/10/25-17:50:09.018624 7f7c0c1f1700        Options.min_write_buffer_number_to_merge: 2
2018/10/25-17:50:09.018624 7f7c0c1f1700     Options.max_write_buffer_number_to_maintain: 0
2018/10/25-17:50:09.018625 7f7c0c1f1700            Options.compression_opts.window_bits: -14
2018/10/25-17:50:09.018626 7f7c0c1f1700                  Options.compression_opts.level: -1
2018/10/25-17:50:09.018627 7f7c0c1f1700               Options.compression_opts.strategy: 0
2018/10/25-17:50:09.018628 7f7c0c1f1700         Options.compression_opts.max_dict_bytes: 0
2018/10/25-17:50:09.018629 7f7c0c1f1700         Options.compression_opts.zstd_max_train_bytes: 0
2018/10/25-17:50:09.018630 7f7c0c1f1700      Options.level0_file_num_compaction_trigger: 2
2018/10/25-17:50:09.018631 7f7c0c1f1700          Options.level0_slowdown_writes_trigger: 20
2018/10/25-17:50:09.018632 7f7c0c1f1700              Options.level0_stop_writes_trigger: 36
2018/10/25-17:50:09.018633 7f7c0c1f1700                   Options.target_file_size_base: 67108864
2018/10/25-17:50:09.018633 7f7c0c1f1700             Options.target_file_size_multiplier: 1
2018/10/25-17:50:09.018634 7f7c0c1f1700                Options.max_bytes_for_level_base: 536870912
2018/10/25-17:50:09.018635 7f7c0c1f1700 Options.level_compaction_dynamic_level_bytes: 0
2018/10/25-17:50:09.018636 7f7c0c1f1700          Options.max_bytes_for_level_multiplier: 10.000000
2018/10/25-17:50:09.018639 7f7c0c1f1700 Options.max_bytes_for_level_multiplier_addtl[0]: 1
2018/10/25-17:50:09.018640 7f7c0c1f1700 Options.max_bytes_for_level_multiplier_addtl[1]: 1
2018/10/25-17:50:09.018641 7f7c0c1f1700 Options.max_bytes_for_level_multiplier_addtl[2]: 1
2018/10/25-17:50:09.018641 7f7c0c1f1700 Options.max_bytes_for_level_multiplier_addtl[3]: 1
2018/10/25-17:50:09.018642 7f7c0c1f1700 Options.max_bytes_for_level_multiplier_addtl[4]: 1
2018/10/25-17:50:09.018643 7f7c0c1f1700 Options.max_bytes_for_level_multiplier_addtl[5]: 1
2018/10/25-17:50:09.018644 7f7c0c1f1700 Options.max_bytes_for_level_multiplier_addtl[6]: 1
2018/10/25-17:50:09.018645 7f7c0c1f1700       Options.max_sequential_skip_in_iterations: 8
2018/10/25-17:50:09.018646 7f7c0c1f1700                    Options.max_compaction_bytes: 1677721600
2018/10/25-17:50:09.018652 7f7c0c1f1700                        Options.arena_block_size: 16777216
2018/10/25-17:50:09.018654 7f7c0c1f1700   Options.soft_pending_compaction_bytes_limit: 68719476736
2018/10/25-17:50:09.018655 7f7c0c1f1700   Options.hard_pending_compaction_bytes_limit: 274877906944
2018/10/25-17:50:09.018656 7f7c0c1f1700       Options.rate_limit_delay_max_milliseconds: 100
2018/10/25-17:50:09.018657 7f7c0c1f1700                Options.disable_auto_compactions: 0
2018/10/25-17:50:09.018659 7f7c0c1f1700                        Options.compaction_style: kCompactionStyleLevel
2018/10/25-17:50:09.018670 7f7c0c1f1700                          Options.compaction_pri: kByCompensatedSize
2018/10/25-17:50:09.018671 7f7c0c1f1700 Options.compaction_options_universal.size_ratio: 1
2018/10/25-17:50:09.018672 7f7c0c1f1700 Options.compaction_options_universal.min_merge_width: 2
2018/10/25-17:50:09.018673 7f7c0c1f1700 Options.compaction_options_universal.max_merge_width: 4294967295
2018/10/25-17:50:09.018674 7f7c0c1f1700 Options.compaction_options_universal.max_size_amplification_percent: 200
2018/10/25-17:50:09.018675 7f7c0c1f1700 Options.compaction_options_universal.compression_size_percent: -1
2018/10/25-17:50:09.018677 7f7c0c1f1700 Options.compaction_options_universal.stop_style: kCompactionStopStyleTotalSize
2018/10/25-17:50:09.018678 7f7c0c1f1700 Options.compaction_options_fifo.max_table_files_size: 1073741824
2018/10/25-17:50:09.018679 7f7c0c1f1700 Options.compaction_options_fifo.allow_compaction: 0
2018/10/25-17:50:09.018680 7f7c0c1f1700 Options.compaction_options_fifo.ttl: 0
2018/10/25-17:50:09.018681 7f7c0c1f1700                   Options.table_properties_collectors: 
2018/10/25-17:50:09.018682 7f7c0c1f1700                   Options.inplace_update_support: 0
2018/10/25-17:50:09.018682 7f7c0c1f1700                 Options.inplace_update_num_locks: 10000
2018/10/25-17:50:09.018684 7f7c0c1f1700               Options.memtable_prefix_bloom_size_ratio: 0.000000
2018/10/25-17:50:09.018685 7f7c0c1f1700   Options.memtable_huge_page_size: 0
2018/10/25-17:50:09.018686 7f7c0c1f1700                           Options.bloom_locality: 0
2018/10/25-17:50:09.018687 7f7c0c1f1700                    Options.max_successive_merges: 0
2018/10/25-17:50:09.018688 7f7c0c1f1700                Options.optimize_filters_for_hits: 0
2018/10/25-17:50:09.018689 7f7c0c1f1700                Options.paranoid_file_checks: 0
2018/10/25-17:50:09.018690 7f7c0c1f1700                Options.force_consistency_checks: 0
2018/10/25-17:50:09.018691 7f7c0c1f1700                Options.report_bg_io_stats: 0
2018/10/25-17:50:09.018692 7f7c0c1f1700                               Options.ttl: 0
2018/10/25-17:50:09.019270 7f7c0c1f1700 [db/column_family.cc:475] --------------- Options for column family [usertable]:
2018/10/25-17:50:09.019274 7f7c0c1f1700               Options.comparator: leveldb.BytewiseComparator
2018/10/25-17:50:09.019275 7f7c0c1f1700           Options.merge_operator: None
2018/10/25-17:50:09.019276 7f7c0c1f1700        Options.compaction_filter: None
2018/10/25-17:50:09.019276 7f7c0c1f1700        Options.compaction_filter_factory: None
2018/10/25-17:50:09.019277 7f7c0c1f1700         Options.memtable_factory: SkipListFactory
2018/10/25-17:50:09.019278 7f7c0c1f1700            Options.table_factory: BlockBasedTable
2018/10/25-17:50:09.019300 7f7c0c1f1700            table_factory options:   flush_block_policy_factory: FlushBlockBySizePolicyFactory (0x7f7b64380d90)
  cache_index_and_filter_blocks: 0
  cache_index_and_filter_blocks_with_high_priority: 0
  pin_l0_filter_and_index_blocks_in_cache: 0
  index_type: 0
  hash_index_allow_collision: 1
  checksum: 1
  no_block_cache: 0
  block_cache: 0x7f7b6438c6f0
  block_cache_name: LRUCache
  block_cache_options:
    capacity : 8388608
    num_shard_bits : 4
    strict_capacity_limit : 0
    high_pri_pool_ratio: 0.000
  block_cache_compressed: (nil)
  persistent_cache: (nil)
  block_size: 8192
  block_size_deviation: 10
  block_restart_interval: 16
  index_block_restart_interval: 1
  metadata_block_size: 4096
  partition_filters: 0
  use_delta_encoding: 1
  filter_policy: nullptr
  whole_key_filtering: 1
  verify_compression: 0
  read_amp_bytes_per_bit: 0
  format_version: 2
  enable_index_compression: 1
  block_align: 0
2018/10/25-17:50:09.019316 7f7c0c1f1700        Options.write_buffer_size: 134217728
2018/10/25-17:50:09.019318 7f7c0c1f1700  Options.max_write_buffer_number: 24
2018/10/25-17:50:09.019319 7f7c0c1f1700        Options.compression[0]: NoCompression
2018/10/25-17:50:09.019320 7f7c0c1f1700        Options.compression[1]: NoCompression
2018/10/25-17:50:09.019321 7f7c0c1f1700        Options.compression[2]: LZ4
2018/10/25-17:50:09.019322 7f7c0c1f1700        Options.compression[3]: LZ4
2018/10/25-17:50:09.019323 7f7c0c1f1700        Options.compression[4]: LZ4
2018/10/25-17:50:09.019324 7f7c0c1f1700        Options.compression[5]: LZ4
2018/10/25-17:50:09.019325 7f7c0c1f1700        Options.compression[6]: LZ4
2018/10/25-17:50:09.019326 7f7c0c1f1700                  Options.bottommost_compression: Disabled
2018/10/25-17:50:09.019327 7f7c0c1f1700       Options.prefix_extractor: nullptr
2018/10/25-17:50:09.019327 7f7c0c1f1700   Options.memtable_insert_with_hint_prefix_extractor: nullptr
2018/10/25-17:50:09.019328 7f7c0c1f1700             Options.num_levels: 7
2018/10/25-17:50:09.019329 7f7c0c1f1700        Options.min_write_buffer_number_to_merge: 2
2018/10/25-17:50:09.019330 7f7c0c1f1700     Options.max_write_buffer_number_to_maintain: 0
2018/10/25-17:50:09.019331 7f7c0c1f1700            Options.compression_opts.window_bits: -14
2018/10/25-17:50:09.019332 7f7c0c1f1700                  Options.compression_opts.level: -1
2018/10/25-17:50:09.019333 7f7c0c1f1700               Options.compression_opts.strategy: 0
2018/10/25-17:50:09.019334 7f7c0c1f1700         Options.compression_opts.max_dict_bytes: 0
2018/10/25-17:50:09.019335 7f7c0c1f1700         Options.compression_opts.zstd_max_train_bytes: 0
2018/10/25-17:50:09.019335 7f7c0c1f1700      Options.level0_file_num_compaction_trigger: 2
2018/10/25-17:50:09.019336 7f7c0c1f1700          Options.level0_slowdown_writes_trigger: 20
2018/10/25-17:50:09.019337 7f7c0c1f1700              Options.level0_stop_writes_trigger: 36
2018/10/25-17:50:09.019338 7f7c0c1f1700                   Options.target_file_size_base: 67108864
2018/10/25-17:50:09.019339 7f7c0c1f1700             Options.target_file_size_multiplier: 1
2018/10/25-17:50:09.019340 7f7c0c1f1700                Options.max_bytes_for_level_base: 536870912
2018/10/25-17:50:09.019341 7f7c0c1f1700 Options.level_compaction_dynamic_level_bytes: 0
2018/10/25-17:50:09.019341 7f7c0c1f1700          Options.max_bytes_for_level_multiplier: 10.000000
2018/10/25-17:50:09.019343 7f7c0c1f1700 Options.max_bytes_for_level_multiplier_addtl[0]: 1
2018/10/25-17:50:09.019345 7f7c0c1f1700 Options.max_bytes_for_level_multiplier_addtl[1]: 1
2018/10/25-17:50:09.019345 7f7c0c1f1700 Options.max_bytes_for_level_multiplier_addtl[2]: 1
2018/10/25-17:50:09.019346 7f7c0c1f1700 Options.max_bytes_for_level_multiplier_addtl[3]: 1
2018/10/25-17:50:09.019347 7f7c0c1f1700 Options.max_bytes_for_level_multiplier_addtl[4]: 1
2018/10/25-17:50:09.019348 7f7c0c1f1700 Options.max_bytes_for_level_multiplier_addtl[5]: 1
2018/10/25-17:50:09.019349 7f7c0c1f1700 Options.max_bytes_for_level_multiplier_addtl[6]: 1
2018/10/25-17:50:09.019350 7f7c0c1f1700       Options.max_sequential_skip_in_iterations: 8
2018/10/25-17:50:09.019351 7f7c0c1f1700                    Options.max_compaction_bytes: 1677721600
2018/10/25-17:50:09.019351 7f7c0c1f1700                        Options.arena_block_size: 16777216
2018/10/25-17:50:09.019352 7f7c0c1f1700   Options.soft_pending_compaction_bytes_limit: 68719476736
2018/10/25-17:50:09.019353 7f7c0c1f1700   Options.hard_pending_compaction_bytes_limit: 274877906944
2018/10/25-17:50:09.019354 7f7c0c1f1700       Options.rate_limit_delay_max_milliseconds: 100
2018/10/25-17:50:09.019355 7f7c0c1f1700                Options.disable_auto_compactions: 0
2018/10/25-17:50:09.019356 7f7c0c1f1700                        Options.compaction_style: kCompactionStyleLevel
2018/10/25-17:50:09.019363 7f7c0c1f1700                          Options.compaction_pri: kByCompensatedSize
2018/10/25-17:50:09.019365 7f7c0c1f1700 Options.compaction_options_universal.size_ratio: 1
2018/10/25-17:50:09.019366 7f7c0c1f1700 Options.compaction_options_universal.min_merge_width: 2
2018/10/25-17:50:09.019367 7f7c0c1f1700 Options.compaction_options_universal.max_merge_width: 4294967295
2018/10/25-17:50:09.019367 7f7c0c1f1700 Options.compaction_options_universal.max_size_amplification_percent: 200
2018/10/25-17:50:09.019368 7f7c0c1f1700 Options.compaction_options_universal.compression_size_percent: -1
2018/10/25-17:50:09.019369 7f7c0c1f1700 Options.compaction_options_universal.stop_style: kCompactionStopStyleTotalSize
2018/10/25-17:50:09.019370 7f7c0c1f1700 Options.compaction_options_fifo.max_table_files_size: 1073741824
2018/10/25-17:50:09.019371 7f7c0c1f1700 Options.compaction_options_fifo.allow_compaction: 0
2018/10/25-17:50:09.019372 7f7c0c1f1700 Options.compaction_options_fifo.ttl: 0
2018/10/25-17:50:09.019373 7f7c0c1f1700                   Options.table_properties_collectors: 
2018/10/25-17:50:09.019374 7f7c0c1f1700                   Options.inplace_update_support: 0
2018/10/25-17:50:09.019375 7f7c0c1f1700                 Options.inplace_update_num_locks: 10000
2018/10/25-17:50:09.019376 7f7c0c1f1700               Options.memtable_prefix_bloom_size_ratio: 0.000000
2018/10/25-17:50:09.019377 7f7c0c1f1700   Options.memtable_huge_page_size: 0
2018/10/25-17:50:09.019378 7f7c0c1f1700                           Options.bloom_locality: 0
2018/10/25-17:50:09.019379 7f7c0c1f1700                    Options.max_successive_merges: 0
2018/10/25-17:50:09.019380 7f7c0c1f1700                Options.optimize_filters_for_hits: 0
2018/10/25-17:50:09.019381 7f7c0c1f1700                Options.paranoid_file_checks: 0
2018/10/25-17:50:09.019382 7f7c0c1f1700                Options.force_consistency_checks: 0
2018/10/25-17:50:09.019382 7f7c0c1f1700                Options.report_bg_io_stats: 0
2018/10/25-17:50:09.019383 7f7c0c1f1700                               Options.ttl: 0
2018/10/25-17:50:09.278890 7f7c0c1f1700 [db/version_set.cc:3361] Recovered from manifest file:/mnt/sdb1/ycsb-rocksdb-data/MANIFEST-028919 succeeded,manifest_file_number is 28919, next_file_number is 29413, last_sequence is 66580627, log_number is 0,prev_log_number is 0,max_column_family is 1,min_log_number_to_keep is 0
2018/10/25-17:50:09.278896 7f7c0c1f1700 [db/version_set.cc:3369] Column family [default] (ID 0), log number is 28918
2018/10/25-17:50:09.278898 7f7c0c1f1700 [db/version_set.cc:3369] Column family [usertable] (ID 1), log number is 29387
2018/10/25-17:50:09.279888 7f7c0c1f1700 EVENT_LOG_v1 {"time_micros": 1540515009279873, "job": 1, "event": "recovery_started", "log_files": [29387, 29410]}
2018/10/25-17:50:09.279896 7f7c0c1f1700 [db/db_impl_open.cc:551] Recovering log #29387 mode 2
2018/10/25-17:50:09.639479 7f7c0c1f1700 [db/db_impl_open.cc:551] Recovering log #29410 mode 2
2018/10/25-17:50:09.662859 7f7c0c1f1700 [db/version_set.cc:2847] Creating manifest 29413
2018/10/25-17:50:10.157062 7f7c0c1f1700 EVENT_LOG_v1 {"time_micros": 1540515010157039, "cf_name": "usertable", "job": 1, "event": "table_file_creation", "file_number": 29414, "file_size": 91018393, "table_properties": {"data_size": 90630623, "index_size": 386848, "filter_size": 0, "raw_key_size": 527448, "raw_average_key_size": 24, "raw_value_size": 90017792, "raw_average_value_size": 4096, "num_data_blocks": 10989, "num_entries": 21977, "filter_policy_name": "", "kDeletedKeys": "0", "kMergeOperands": "0"}}
2018/10/25-17:50:10.265369 7f7c0c1f1700 EVENT_LOG_v1 {"time_micros": 1540515010265365, "job": 1, "event": "recovery_finished"}
2018/10/25-17:50:10.457531 7f7c0c1f1700 [db/db_impl_open.cc:1219] DB pointer 0x7f7b643cec50
2018/10/25-17:50:10.457815 7f7aea7fc700 [WARN] [db/db_impl.cc:491] ------- DUMPING STATS -------
2018/10/25-17:50:10.457859 7f7aea7fc700 [WARN] [db/db_impl.cc:492] 
** DB Stats **
Uptime(secs): 1.4 total, 1.4 interval
Cumulative writes: 0 writes, 0 keys, 0 commit groups, 0.0 writes per commit group, ingest: 0.00 GB, 0.00 MB/s
Cumulative WAL: 0 writes, 0 syncs, 0.00 writes per sync, written: 0.00 GB, 0.00 MB/s
Cumulative stall: 00:00:0.000 H:M:S, 0.0 percent
Interval writes: 0 writes, 0 keys, 0 commit groups, 0.0 writes per commit group, ingest: 0.00 MB, 0.00 MB/s
Interval WAL: 0 writes, 0 syncs, 0.00 writes per sync, written: 0.00 MB, 0.00 MB/s
Interval stall: 00:00:0.000 H:M:S, 0.0 percent

** Compaction Stats [default] **
Level    Files   Size     Score Read(GB)  Rn(GB) Rnp1(GB) Write(GB) Wnew(GB) Moved(GB) W-Amp Rd(MB/s) Wr(MB/s) Comp(sec) Comp(cnt) Avg(sec) KeyIn KeyDrop
----------------------------------------------------------------------------------------------------------------------------------------------------------
 Sum      0/0    0.00 KB   0.0      0.0     0.0      0.0       0.0      0.0       0.0   0.0      0.0      0.0         0         0    0.000       0      0
 Int      0/0    0.00 KB   0.0      0.0     0.0      0.0       0.0      0.0       0.0   0.0      0.0      0.0         0         0    0.000       0      0
Uptime(secs): 1.4 total, 1.4 interval
Flush(GB): cumulative 0.000, interval 0.000
AddFile(GB): cumulative 0.000, interval 0.000
AddFile(Total Files): cumulative 0, interval 0
AddFile(L0 Files): cumulative 0, interval 0
AddFile(Keys): cumulative 0, interval 0
Cumulative compaction: 0.00 GB write, 0.00 MB/s write, 0.00 GB read, 0.00 MB/s read, 0.0 seconds
Interval compaction: 0.00 GB write, 0.00 MB/s write, 0.00 GB read, 0.00 MB/s read, 0.0 seconds
Stalls(count): 0 level0_slowdown, 0 level0_slowdown_with_compaction, 0 level0_numfiles, 0 level0_numfiles_with_compaction, 0 stop for pending_compaction_bytes, 0 slowdown for pending_compaction_bytes, 0 memtable_compaction, 0 memtable_slowdown, interval 0 total count

** File Read Latency Histogram By Level [default] **

** Compaction Stats [usertable] **
Level    Files   Size     Score Read(GB)  Rn(GB) Rnp1(GB) Write(GB) Wnew(GB) Moved(GB) W-Amp Rd(MB/s) Wr(MB/s) Comp(sec) Comp(cnt) Avg(sec) KeyIn KeyDrop
----------------------------------------------------------------------------------------------------------------------------------------------------------
  L0      2/0   243.13 MB   1.0      0.0     0.0      0.0       0.1      0.1       0.0   1.0      0.0    199.9         0         1    0.434       0      0
  L1     18/0   966.46 MB   1.9      0.0     0.0      0.0       0.0      0.0       0.0   0.0      0.0      0.0         0         0    0.000       0      0
  L2     99/0    5.84 GB   1.2      0.0     0.0      0.0       0.0      0.0       0.0   0.0      0.0      0.0         0         0    0.000       0      0
  L3    177/0   10.04 GB   0.2      0.0     0.0      0.0       0.0      0.0       0.0   0.0      0.0      0.0         0         0    0.000       0      0
 Sum    296/0   17.06 GB   0.0      0.0     0.0      0.0       0.1      0.1       0.0   1.0      0.0    199.9         0         1    0.434       0      0
 Int      0/0    0.00 KB   0.0      0.0     0.0      0.0       0.1      0.1       0.0   1.0      0.0    199.9         0         1    0.434       0      0
Uptime(secs): 1.4 total, 1.4 interval
Flush(GB): cumulative 0.085, interval 0.085
AddFile(GB): cumulative 0.000, interval 0.000
AddFile(Total Files): cumulative 0, interval 0
AddFile(L0 Files): cumulative 0, interval 0
AddFile(Keys): cumulative 0, interval 0
Cumulative compaction: 0.08 GB write, 60.34 MB/s write, 0.00 GB read, 0.00 MB/s read, 0.4 seconds
Interval compaction: 0.08 GB write, 60.34 MB/s write, 0.00 GB read, 0.00 MB/s read, 0.4 seconds
Stalls(count): 0 level0_slowdown, 0 level0_slowdown_with_compaction, 0 level0_numfiles, 0 level0_numfiles_with_compaction, 0 stop for pending_compaction_bytes, 0 slowdown for pending_compaction_bytes, 0 memtable_compaction, 0 memtable_slowdown, interval 0 total count

** File Read Latency Histogram By Level [usertable] **

** Compaction Stats [default] **
Level    Files   Size     Score Read(GB)  Rn(GB) Rnp1(GB) Write(GB) Wnew(GB) Moved(GB) W-Amp Rd(MB/s) Wr(MB/s) Comp(sec) Comp(cnt) Avg(sec) KeyIn KeyDrop
----------------------------------------------------------------------------------------------------------------------------------------------------------
 Sum      0/0    0.00 KB   0.0      0.0     0.0      0.0       0.0      0.0       0.0   0.0      0.0      0.0         0         0    0.000       0      0
 Int      0/0    0.00 KB   0.0      0.0     0.0      0.0       0.0      0.0       0.0   0.0      0.0      0.0         0         0    0.000       0      0
Uptime(secs): 1.4 total, 0.0 interval
Flush(GB): cumulative 0.000, interval 0.000
AddFile(GB): cumulative 0.000, interval 0.000
AddFile(Total Files): cumulative 0, interval 0
AddFile(L0 Files): cumulative 0, interval 0
AddFile(Keys): cumulative 0, interval 0
Cumulative compaction: 0.00 GB write, 0.00 MB/s write, 0.00 GB read, 0.00 MB/s read, 0.0 seconds
Interval compaction: 0.00 GB write, 0.00 MB/s write, 0.00 GB read, 0.00 MB/s read, 0.0 seconds
Stalls(count): 0 level0_slowdown, 0 level0_slowdown_with_compaction, 0 level0_numfiles, 0 level0_numfiles_with_compaction, 0 stop for pending_compaction_bytes, 0 slowdown for pending_compaction_bytes, 0 memtable_compaction, 0 memtable_slowdown, interval 0 total count

** File Read Latency Histogram By Level [default] **

** Compaction Stats [usertable] **
Level    Files   Size     Score Read(GB)  Rn(GB) Rnp1(GB) Write(GB) Wnew(GB) Moved(GB) W-Amp Rd(MB/s) Wr(MB/s) Comp(sec) Comp(cnt) Avg(sec) KeyIn KeyDrop
----------------------------------------------------------------------------------------------------------------------------------------------------------
  L0      2/0   243.13 MB   1.0      0.0     0.0      0.0       0.1      0.1       0.0   1.0      0.0    199.9         0         1    0.434       0      0
  L1     18/0   966.46 MB   1.9      0.0     0.0      0.0       0.0      0.0       0.0   0.0      0.0      0.0         0         0    0.000       0      0
  L2     99/0    5.84 GB   1.2      0.0     0.0      0.0       0.0      0.0       0.0   0.0      0.0      0.0         0         0    0.000       0      0
  L3    177/0   10.04 GB   0.2      0.0     0.0      0.0       0.0      0.0       0.0   0.0      0.0      0.0         0         0    0.000       0      0
 Sum    296/0   17.06 GB   0.0      0.0     0.0      0.0       0.1      0.1       0.0   1.0      0.0    199.9         0         1    0.434       0      0
 Int      0/0    0.00 KB   0.0      0.0     0.0      0.0       0.0      0.0       0.0   0.0      0.0      0.0         0         0    0.000       0      0
Uptime(secs): 1.4 total, 0.0 interval
Flush(GB): cumulative 0.085, interval 0.000
AddFile(GB): cumulative 0.000, interval 0.000
AddFile(Total Files): cumulative 0, interval 0
AddFile(L0 Files): cumulative 0, interval 0
AddFile(Keys): cumulative 0, interval 0
Cumulative compaction: 0.08 GB write, 60.34 MB/s write, 0.00 GB read, 0.00 MB/s read, 0.4 seconds
Interval compaction: 0.00 GB write, 0.00 MB/s write, 0.00 GB read, 0.00 MB/s read, 0.0 seconds
Stalls(count): 0 level0_slowdown, 0 level0_slowdown_with_compaction, 0 level0_numfiles, 0 level0_numfiles_with_compaction, 0 stop for pending_compaction_bytes, 0 slowdown for pending_compaction_bytes, 0 memtable_compaction, 0 memtable_slowdown, interval 0 total count

** File Read Latency Histogram By Level [usertable] **
2018/10/25-17:50:10.457975 7f7aea7fc700 [db/compaction_job.cc:1531] [usertable] [JOB 3] Compacting 1@1 + 4@2 files to L2, score 1.89
2018/10/25-17:50:10.457983 7f7aea7fc700 [db/compaction_job.cc:1535] [usertable] Compaction start summary: Base version 5 Base level 1, inputs: [29383(64MB)], [29043(64MB) 29143(64MB) 29148(64MB) 29272(64MB)]
2018/10/25-17:50:10.458010 7f7aea7fc700 EVENT_LOG_v1 {"time_micros": 1540515010457989, "job": 3, "event": "compaction_started", "compaction_reason": "LevelMaxLevelSize", "files_L1": [29383], "files_L2": [29043, 29143, 29148, 29272], "score": 1.88761, "input_data_size": 336440653}
2018/10/25-17:50:11.887941 7f7aea7fc700 [db/compaction_job.cc:1211] [usertable] [JOB 3] Generated table #29418: 16279 keys, 67256341 bytes
2018/10/25-17:50:11.887982 7f7aea7fc700 EVENT_LOG_v1 {"time_micros": 1540515011887963, "cf_name": "usertable", "job": 3, "event": "table_file_creation", "file_number": 29418, "file_size": 67256341, "table_properties": {"data_size": 67120183, "index_size": 299117, "filter_size": 0, "raw_key_size": 390696, "raw_average_key_size": 24, "raw_value_size": 66678784, "raw_average_value_size": 4096, "num_data_blocks": 8140, "num_entries": 16279, "filter_policy_name": "", "kDeletedKeys": "0", "kMergeOperands": "0"}}
2018/10/25-17:50:12.601766 7f7aea7fc700 [db/compaction_job.cc:1211] [usertable] [JOB 3] Generated table #29419: 16279 keys, 67256178 bytes
2018/10/25-17:50:12.601811 7f7aea7fc700 EVENT_LOG_v1 {"time_micros": 1540515012601796, "cf_name": "usertable", "job": 3, "event": "table_file_creation", "file_number": 29419, "file_size": 67256178, "table_properties": {"data_size": 67120363, "index_size": 298903, "filter_size": 0, "raw_key_size": 390696, "raw_average_key_size": 24, "raw_value_size": 66678784, "raw_average_value_size": 4096, "num_data_blocks": 8140, "num_entries": 16279, "filter_policy_name": "", "kDeletedKeys": "0", "kMergeOperands": "0"}}
2018/10/25-17:50:13.324992 7f7aea7fc700 [db/compaction_job.cc:1211] [usertable] [JOB 3] Generated table #29420: 16279 keys, 67259158 bytes
2018/10/25-17:50:13.325034 7f7aea7fc700 EVENT_LOG_v1 {"time_micros": 1540515013325016, "cf_name": "usertable", "job": 3, "event": "table_file_creation", "file_number": 29420, "file_size": 67259158, "table_properties": {"data_size": 67120012, "index_size": 299251, "filter_size": 0, "raw_key_size": 390696, "raw_average_key_size": 24, "raw_value_size": 66678784, "raw_average_value_size": 4096, "num_data_blocks": 8140, "num_entries": 16279, "filter_policy_name": "", "kDeletedKeys": "0", "kMergeOperands": "0"}}
2018/10/25-17:50:14.095850 7f7aea7fc700 [db/compaction_job.cc:1211] [usertable] [JOB 3] Generated table #29421: 16279 keys, 67260189 bytes
2018/10/25-17:50:14.095894 7f7aea7fc700 EVENT_LOG_v1 {"time_micros": 1540515014095876, "cf_name": "usertable", "job": 3, "event": "table_file_creation", "file_number": 29421, "file_size": 67260189, "table_properties": {"data_size": 67119753, "index_size": 299458, "filter_size": 0, "raw_key_size": 390696, "raw_average_key_size": 24, "raw_value_size": 66678784, "raw_average_value_size": 4096, "num_data_blocks": 8140, "num_entries": 16279, "filter_policy_name": "", "kDeletedKeys": "0", "kMergeOperands": "0"}}
2018/10/25-17:50:14.414139 7f7aea7fc700 [db/compaction_job.cc:1211] [usertable] [JOB 3] Generated table #29422: 7300 keys, 30160127 bytes
2018/10/25-17:50:14.414185 7f7aea7fc700 EVENT_LOG_v1 {"time_micros": 1540515014414166, "cf_name": "usertable", "job": 3, "event": "table_file_creation", "file_number": 29422, "file_size": 30160127, "table_properties": {"data_size": 30098826, "index_size": 133932, "filter_size": 0, "raw_key_size": 175200, "raw_average_key_size": 24, "raw_value_size": 29900800, "raw_average_value_size": 4096, "num_data_blocks": 3650, "num_entries": 7300, "filter_policy_name": "", "kDeletedKeys": "0", "kMergeOperands": "0"}}
2018/10/25-17:50:14.414264 7f7aea7fc700 [db/compaction_job.cc:1287] [usertable] [JOB 3] Compacted 1@1 + 4@2 files to L2 => 299191993 bytes
2018/10/25-17:50:14.446270 7f7aea7fc700 (Original Log Time 2018/10/25-17:50:14.446169) [db/compaction_job.cc:685] [usertable] compacted to: base level 1 max bytes base 536870912 files[2 17 100 177 0 0 0] max score 1.76, MB/sec: 85.0 rd, 75.6 wr, level 2, files in(1, 4) out(5) MB in(64.3, 256.6) out(285.3), read-write-amplify(9.4) write-amplify(4.4) OK, records in: 81393, records dropped: 8977 output_compression: LZ4
2018/10/25-17:50:14.446276 7f7aea7fc700 (Original Log Time 2018/10/25-17:50:14.446205) EVENT_LOG_v1 {"time_micros": 1540515014446189, "job": 3, "event": "compaction_finished", "compaction_time_micros": 3956183, "output_level": 2, "num_output_files": 5, "total_output_size": 299191993, "num_input_records": 81393, "num_output_records": 72416, "num_subcompactions": 1, "output_compression": "LZ4", "num_single_delete_mismatches": 0, "num_single_delete_fallthrough": 0, "lsm_state": [2, 17, 100, 177, 0, 0, 0]}
2018/10/25-17:50:14.446350 7f7aea7fc700 [db/compaction_job.cc:1531] [usertable] [JOB 4] Compacting 1@1 + 7@2 files to L2, score 1.76
2018/10/25-17:50:14.446357 7f7aea7fc700 [db/compaction_job.cc:1535] [usertable] Compaction start summary: Base version 6 Base level 1, inputs: [29392(64MB)], [29279(64MB) 29280(64MB) 29281(41MB) 29217(64MB) 29218(64MB) 29219(64MB) 29220(64MB)]
2018/10/25-17:50:14.446372 7f7aea7fc700 EVENT_LOG_v1 {"time_micros": 1540515014446361, "job": 4, "event": "compaction_started", "compaction_reason": "LevelMaxLevelSize", "files_L1": [29392], "files_L2": [29279, 29280, 29281, 29217, 29218, 29219, 29220], "score": 1.76205, "input_data_size": 515003966}
2018/10/25-17:50:15.151132 7f7aea7fc700 [db/compaction_job.cc:1211] [usertable] [JOB 4] Generated table #29423: 16279 keys, 67259895 bytes
2018/10/25-17:50:15.151173 7f7aea7fc700 EVENT_LOG_v1 {"time_micros": 1540515015151158, "cf_name": "usertable", "job": 4, "event": "table_file_creation", "file_number": 29423, "file_size": 67259895, "table_properties": {"data_size": 67119879, "index_size": 299377, "filter_size": 0, "raw_key_size": 390696, "raw_average_key_size": 24, "raw_value_size": 66678784, "raw_average_value_size": 4096, "num_data_blocks": 8140, "num_entries": 16279, "filter_policy_name": "", "kDeletedKeys": "0", "kMergeOperands": "0"}}
2018/10/25-17:50:15.918398 7f7aea7fc700 [db/compaction_job.cc:1211] [usertable] [JOB 4] Generated table #29424: 16279 keys, 67261154 bytes
2018/10/25-17:50:15.918475 7f7aea7fc700 EVENT_LOG_v1 {"time_micros": 1540515015918457, "cf_name": "usertable", "job": 4, "event": "table_file_creation", "file_number": 29424, "file_size": 67261154, "table_properties": {"data_size": 67119818, "index_size": 299380, "filter_size": 0, "raw_key_size": 390696, "raw_average_key_size": 24, "raw_value_size": 66678784, "raw_average_value_size": 4096, "num_data_blocks": 8140, "num_entries": 16279, "filter_policy_name": "", "kDeletedKeys": "0", "kMergeOperands": "0"}}
2018/10/25-17:50:17.435303 7f7aea7fc700 [db/compaction_job.cc:1211] [usertable] [JOB 4] Generated table #29425: 16279 keys, 67262869 bytes
2018/10/25-17:50:17.435370 7f7aea7fc700 EVENT_LOG_v1 {"time_micros": 1540515017435341, "cf_name": "usertable", "job": 4, "event": "table_file_creation", "file_number": 29425, "file_size": 67262869, "table_properties": {"data_size": 67119529, "index_size": 299734, "filter_size": 0, "raw_key_size": 390696, "raw_average_key_size": 24, "raw_value_size": 66678784, "raw_average_value_size": 4096, "num_data_blocks": 8140, "num_entries": 16279, "filter_policy_name": "", "kDeletedKeys": "0", "kMergeOperands": "0"}}
2018/10/25-17:50:18.196047 7f7aea7fc700 [db/compaction_job.cc:1211] [usertable] [JOB 4] Generated table #29426: 16279 keys, 67263512 bytes
