2018/12/29-14:18:26.717573 7fc9f7fff700 RocksDB version: 5.14.3
2018/12/29-14:18:26.717615 7fc9f7fff700 Git sha rocksdb_build_git_sha:
2018/12/29-14:18:26.717618 7fc9f7fff700 Compile date Dec 29 2018
2018/12/29-14:18:26.717621 7fc9f7fff700 DB SUMMARY
2018/12/29-14:18:26.717641 7fc9f7fff700 SST files in /mnt/sdh/ycsb-rocksdb-data dir, Total Num: 0, files: 
2018/12/29-14:18:26.717643 7fc9f7fff700 Write Ahead Log file in /mnt/sdh/ycsb-rocksdb-data: 
2018/12/29-14:18:26.717646 7fc9f7fff700                         Options.error_if_exists: 0
2018/12/29-14:18:26.717647 7fc9f7fff700                       Options.create_if_missing: 1
2018/12/29-14:18:26.717648 7fc9f7fff700                         Options.paranoid_checks: 1
2018/12/29-14:18:26.717649 7fc9f7fff700                                     Options.env: 0x7fc9f655e2c0
2018/12/29-14:18:26.717650 7fc9f7fff700                                Options.info_log: 0x7fc9f03ee3b0
2018/12/29-14:18:26.717651 7fc9f7fff700                Options.max_file_opening_threads: 16
2018/12/29-14:18:26.717652 7fc9f7fff700                              Options.statistics: (nil)
2018/12/29-14:18:26.717653 7fc9f7fff700                               Options.use_fsync: 0
2018/12/29-14:18:26.717654 7fc9f7fff700                       Options.max_log_file_size: 0
2018/12/29-14:18:26.717655 7fc9f7fff700                  Options.max_manifest_file_size: 18446744073709551615
2018/12/29-14:18:26.717657 7fc9f7fff700                   Options.log_file_time_to_roll: 0
2018/12/29-14:18:26.717658 7fc9f7fff700                       Options.keep_log_file_num: 1000
2018/12/29-14:18:26.717659 7fc9f7fff700                    Options.recycle_log_file_num: 0
2018/12/29-14:18:26.717660 7fc9f7fff700                         Options.allow_fallocate: 1
2018/12/29-14:18:26.717661 7fc9f7fff700                        Options.allow_mmap_reads: 0
2018/12/29-14:18:26.717662 7fc9f7fff700                       Options.allow_mmap_writes: 0
2018/12/29-14:18:26.717663 7fc9f7fff700                        Options.use_direct_reads: 0
2018/12/29-14:18:26.717663 7fc9f7fff700                        Options.use_direct_io_for_flush_and_compaction: 0
2018/12/29-14:18:26.717665 7fc9f7fff700          Options.create_missing_column_families: 1
2018/12/29-14:18:26.717666 7fc9f7fff700                              Options.db_log_dir: 
2018/12/29-14:18:26.717667 7fc9f7fff700                                 Options.wal_dir: /mnt/sdh/ycsb-rocksdb-data
2018/12/29-14:18:26.717668 7fc9f7fff700                Options.table_cache_numshardbits: 6
2018/12/29-14:18:26.717669 7fc9f7fff700                      Options.max_subcompactions: 4
2018/12/29-14:18:26.717670 7fc9f7fff700                  Options.max_background_flushes: 24
2018/12/29-14:18:26.717671 7fc9f7fff700                         Options.WAL_ttl_seconds: 0
2018/12/29-14:18:26.717672 7fc9f7fff700                       Options.WAL_size_limit_MB: 0
2018/12/29-14:18:26.717673 7fc9f7fff700             Options.manifest_preallocation_size: 4194304
2018/12/29-14:18:26.717674 7fc9f7fff700                     Options.is_fd_close_on_exec: 1
2018/12/29-14:18:26.717675 7fc9f7fff700                   Options.advise_random_on_open: 1
2018/12/29-14:18:26.717676 7fc9f7fff700                    Options.db_write_buffer_size: 0
2018/12/29-14:18:26.717677 7fc9f7fff700                    Options.write_buffer_manager: 0x7fc9f03eb3b0
2018/12/29-14:18:26.717678 7fc9f7fff700         Options.access_hint_on_compaction_start: 1
2018/12/29-14:18:26.717679 7fc9f7fff700  Options.new_table_reader_for_compaction_inputs: 0
2018/12/29-14:18:26.717680 7fc9f7fff700           Options.random_access_max_buffer_size: 1048576
2018/12/29-14:18:26.717681 7fc9f7fff700                      Options.use_adaptive_mutex: 0
2018/12/29-14:18:26.717682 7fc9f7fff700                            Options.rate_limiter: (nil)
2018/12/29-14:18:26.717684 7fc9f7fff700     Options.sst_file_manager.rate_bytes_per_sec: 0
2018/12/29-14:18:26.717685 7fc9f7fff700                       Options.wal_recovery_mode: 2
2018/12/29-14:18:26.717686 7fc9f7fff700                  Options.enable_thread_tracking: 0
2018/12/29-14:18:26.717687 7fc9f7fff700                  Options.enable_pipelined_write: 1
2018/12/29-14:18:26.717697 7fc9f7fff700         Options.allow_concurrent_memtable_write: 1
2018/12/29-14:18:26.717698 7fc9f7fff700      Options.enable_write_thread_adaptive_yield: 1
2018/12/29-14:18:26.717699 7fc9f7fff700             Options.write_thread_max_yield_usec: 100
2018/12/29-14:18:26.717700 7fc9f7fff700            Options.write_thread_slow_yield_usec: 3
2018/12/29-14:18:26.717701 7fc9f7fff700                               Options.row_cache: None
2018/12/29-14:18:26.717702 7fc9f7fff700                              Options.wal_filter: None
2018/12/29-14:18:26.717703 7fc9f7fff700             Options.avoid_flush_during_recovery: 0
2018/12/29-14:18:26.717704 7fc9f7fff700             Options.allow_ingest_behind: 0
2018/12/29-14:18:26.717705 7fc9f7fff700             Options.preserve_deletes: 0
2018/12/29-14:18:26.717706 7fc9f7fff700             Options.two_write_queues: 0
2018/12/29-14:18:26.717707 7fc9f7fff700             Options.manual_wal_flush: 0
2018/12/29-14:18:26.717709 7fc9f7fff700             Options.max_background_jobs: 24
2018/12/29-14:18:26.717710 7fc9f7fff700             Options.max_background_compactions: 24
2018/12/29-14:18:26.717711 7fc9f7fff700             Options.avoid_flush_during_shutdown: 0
2018/12/29-14:18:26.717712 7fc9f7fff700           Options.writable_file_max_buffer_size: 1048576
2018/12/29-14:18:26.717713 7fc9f7fff700             Options.delayed_write_rate : 16777216
2018/12/29-14:18:26.717715 7fc9f7fff700             Options.max_total_wal_size: 0
2018/12/29-14:18:26.717716 7fc9f7fff700             Options.delete_obsolete_files_period_micros: 21600000000
2018/12/29-14:18:26.717717 7fc9f7fff700                   Options.stats_dump_period_sec: 60
2018/12/29-14:18:26.717718 7fc9f7fff700                          Options.max_open_files: -1
2018/12/29-14:18:26.717719 7fc9f7fff700                          Options.bytes_per_sync: 1048576
2018/12/29-14:18:26.717720 7fc9f7fff700                      Options.wal_bytes_per_sync: 0
2018/12/29-14:18:26.717721 7fc9f7fff700       Options.compaction_readahead_size: 0
2018/12/29-14:18:26.717722 7fc9f7fff700 Compression algorithms supported:
2018/12/29-14:18:26.717723 7fc9f7fff700 	kZSTDNotFinalCompression supported: 1
2018/12/29-14:18:26.717731 7fc9f7fff700 	kZSTD supported: 1
2018/12/29-14:18:26.717732 7fc9f7fff700 	kXpressCompression supported: 0
2018/12/29-14:18:26.717734 7fc9f7fff700 	kLZ4HCCompression supported: 1
2018/12/29-14:18:26.717735 7fc9f7fff700 	kLZ4Compression supported: 1
2018/12/29-14:18:26.717736 7fc9f7fff700 	kBZip2Compression supported: 1
2018/12/29-14:18:26.717737 7fc9f7fff700 	kZlibCompression supported: 1
2018/12/29-14:18:26.717738 7fc9f7fff700 	kSnappyCompression supported: 1
2018/12/29-14:18:26.717742 7fc9f7fff700 Fast CRC32 supported: Supported on x86
2018/12/29-14:18:26.717805 7fc9f7fff700 [db/db_impl_open.cc:222] Creating manifest 1 
2018/12/29-14:18:26.814490 7fc9f7fff700 [db/version_set.cc:3085] Recovering from manifest file: MANIFEST-000001
2018/12/29-14:18:26.814599 7fc9f7fff700 [db/column_family.cc:475] --------------- Options for column family [default]:
2018/12/29-14:18:26.814603 7fc9f7fff700               Options.comparator: leveldb.BytewiseComparator
2018/12/29-14:18:26.814605 7fc9f7fff700           Options.merge_operator: None
2018/12/29-14:18:26.814606 7fc9f7fff700        Options.compaction_filter: None
2018/12/29-14:18:26.814607 7fc9f7fff700        Options.compaction_filter_factory: None
2018/12/29-14:18:26.814608 7fc9f7fff700         Options.memtable_factory: SkipListFactory
2018/12/29-14:18:26.814610 7fc9f7fff700            Options.table_factory: BlockBasedTable
2018/12/29-14:18:26.814641 7fc9f7fff700            table_factory options:   flush_block_policy_factory: FlushBlockBySizePolicyFactory (0x7fc9f0377b60)
  cache_index_and_filter_blocks: 0
  cache_index_and_filter_blocks_with_high_priority: 0
  pin_l0_filter_and_index_blocks_in_cache: 0
  index_type: 0
  hash_index_allow_collision: 1
  checksum: 1
  no_block_cache: 0
  block_cache: 0x7fc9f0383840
  block_cache_name: LRUCache
  block_cache_options:
    capacity : 8388608
    num_shard_bits : 4
    strict_capacity_limit : 0
    high_pri_pool_ratio: 0.000
  block_cache_compressed: (nil)
  persistent_cache: (nil)
  block_size: 8192
  block_size_deviation: 10
  block_restart_interval: 16
  index_block_restart_interval: 1
  metadata_block_size: 4096
  partition_filters: 0
  use_delta_encoding: 1
  filter_policy: nullptr
  whole_key_filtering: 1
  verify_compression: 0
  read_amp_bytes_per_bit: 0
  format_version: 2
  enable_index_compression: 1
  block_align: 0
2018/12/29-14:18:26.814660 7fc9f7fff700        Options.write_buffer_size: 134217728
2018/12/29-14:18:26.814662 7fc9f7fff700  Options.max_write_buffer_number: 24
2018/12/29-14:18:26.814664 7fc9f7fff700        Options.compression[0]: NoCompression
2018/12/29-14:18:26.814665 7fc9f7fff700        Options.compression[1]: NoCompression
2018/12/29-14:18:26.814666 7fc9f7fff700        Options.compression[2]: LZ4
2018/12/29-14:18:26.814667 7fc9f7fff700        Options.compression[3]: LZ4
2018/12/29-14:18:26.814668 7fc9f7fff700        Options.compression[4]: LZ4
2018/12/29-14:18:26.814669 7fc9f7fff700        Options.compression[5]: LZ4
2018/12/29-14:18:26.814670 7fc9f7fff700        Options.compression[6]: LZ4
2018/12/29-14:18:26.814671 7fc9f7fff700                  Options.bottommost_compression: Disabled
2018/12/29-14:18:26.814672 7fc9f7fff700       Options.prefix_extractor: nullptr
2018/12/29-14:18:26.814674 7fc9f7fff700   Options.memtable_insert_with_hint_prefix_extractor: nullptr
2018/12/29-14:18:26.814675 7fc9f7fff700             Options.num_levels: 7
2018/12/29-14:18:26.814676 7fc9f7fff700        Options.min_write_buffer_number_to_merge: 2
2018/12/29-14:18:26.814677 7fc9f7fff700     Options.max_write_buffer_number_to_maintain: 0
2018/12/29-14:18:26.814678 7fc9f7fff700            Options.compression_opts.window_bits: -14
2018/12/29-14:18:26.814679 7fc9f7fff700                  Options.compression_opts.level: -1
2018/12/29-14:18:26.814680 7fc9f7fff700               Options.compression_opts.strategy: 0
2018/12/29-14:18:26.814681 7fc9f7fff700         Options.compression_opts.max_dict_bytes: 0
2018/12/29-14:18:26.814682 7fc9f7fff700         Options.compression_opts.zstd_max_train_bytes: 0
2018/12/29-14:18:26.814683 7fc9f7fff700      Options.level0_file_num_compaction_trigger: 2
2018/12/29-14:18:26.814684 7fc9f7fff700          Options.level0_slowdown_writes_trigger: 20
2018/12/29-14:18:26.814685 7fc9f7fff700              Options.level0_stop_writes_trigger: 36
2018/12/29-14:18:26.814686 7fc9f7fff700                   Options.target_file_size_base: 67108864
2018/12/29-14:18:26.814687 7fc9f7fff700             Options.target_file_size_multiplier: 1
2018/12/29-14:18:26.814688 7fc9f7fff700                Options.max_bytes_for_level_base: 536870912
2018/12/29-14:18:26.814689 7fc9f7fff700 Options.level_compaction_dynamic_level_bytes: 0
2018/12/29-14:18:26.814690 7fc9f7fff700          Options.max_bytes_for_level_multiplier: 10.000000
2018/12/29-14:18:26.814693 7fc9f7fff700 Options.max_bytes_for_level_multiplier_addtl[0]: 1
2018/12/29-14:18:26.814694 7fc9f7fff700 Options.max_bytes_for_level_multiplier_addtl[1]: 1
2018/12/29-14:18:26.814696 7fc9f7fff700 Options.max_bytes_for_level_multiplier_addtl[2]: 1
2018/12/29-14:18:26.814697 7fc9f7fff700 Options.max_bytes_for_level_multiplier_addtl[3]: 1
2018/12/29-14:18:26.814698 7fc9f7fff700 Options.max_bytes_for_level_multiplier_addtl[4]: 1
2018/12/29-14:18:26.814699 7fc9f7fff700 Options.max_bytes_for_level_multiplier_addtl[5]: 1
2018/12/29-14:18:26.814700 7fc9f7fff700 Options.max_bytes_for_level_multiplier_addtl[6]: 1
2018/12/29-14:18:26.814701 7fc9f7fff700       Options.max_sequential_skip_in_iterations: 8
2018/12/29-14:18:26.814702 7fc9f7fff700                    Options.max_compaction_bytes: 1677721600
2018/12/29-14:18:26.814703 7fc9f7fff700                        Options.arena_block_size: 16777216
2018/12/29-14:18:26.814704 7fc9f7fff700   Options.soft_pending_compaction_bytes_limit: 68719476736
2018/12/29-14:18:26.814705 7fc9f7fff700   Options.hard_pending_compaction_bytes_limit: 274877906944
2018/12/29-14:18:26.814714 7fc9f7fff700       Options.rate_limit_delay_max_milliseconds: 100
2018/12/29-14:18:26.814715 7fc9f7fff700                Options.disable_auto_compactions: 0
2018/12/29-14:18:26.814718 7fc9f7fff700                        Options.compaction_style: kCompactionStyleLevel
2018/12/29-14:18:26.814720 7fc9f7fff700                          Options.compaction_pri: kByCompensatedSize
2018/12/29-14:18:26.814721 7fc9f7fff700 Options.compaction_options_universal.size_ratio: 1
2018/12/29-14:18:26.814722 7fc9f7fff700 Options.compaction_options_universal.min_merge_width: 2
2018/12/29-14:18:26.814723 7fc9f7fff700 Options.compaction_options_universal.max_merge_width: 4294967295
2018/12/29-14:18:26.814724 7fc9f7fff700 Options.compaction_options_universal.max_size_amplification_percent: 200
2018/12/29-14:18:26.814725 7fc9f7fff700 Options.compaction_options_universal.compression_size_percent: -1
2018/12/29-14:18:26.814727 7fc9f7fff700 Options.compaction_options_universal.stop_style: kCompactionStopStyleTotalSize
2018/12/29-14:18:26.814728 7fc9f7fff700 Options.compaction_options_fifo.max_table_files_size: 1073741824
2018/12/29-14:18:26.814729 7fc9f7fff700 Options.compaction_options_fifo.allow_compaction: 0
2018/12/29-14:18:26.814730 7fc9f7fff700 Options.compaction_options_fifo.ttl: 0
2018/12/29-14:18:26.814731 7fc9f7fff700                   Options.table_properties_collectors: 
2018/12/29-14:18:26.814732 7fc9f7fff700                   Options.inplace_update_support: 0
2018/12/29-14:18:26.814733 7fc9f7fff700                 Options.inplace_update_num_locks: 10000
2018/12/29-14:18:26.814740 7fc9f7fff700               Options.memtable_prefix_bloom_size_ratio: 0.000000
2018/12/29-14:18:26.814741 7fc9f7fff700   Options.memtable_huge_page_size: 0
2018/12/29-14:18:26.814743 7fc9f7fff700                           Options.bloom_locality: 0
2018/12/29-14:18:26.814744 7fc9f7fff700                    Options.max_successive_merges: 0
2018/12/29-14:18:26.814745 7fc9f7fff700                Options.optimize_filters_for_hits: 0
2018/12/29-14:18:26.814746 7fc9f7fff700                Options.paranoid_file_checks: 0
2018/12/29-14:18:26.814747 7fc9f7fff700                Options.force_consistency_checks: 0
2018/12/29-14:18:26.814748 7fc9f7fff700                Options.report_bg_io_stats: 0
2018/12/29-14:18:26.814749 7fc9f7fff700                               Options.ttl: 0
2018/12/29-14:18:26.815209 7fc9f7fff700 [db/version_set.cc:3361] Recovered from manifest file:/mnt/sdh/ycsb-rocksdb-data/MANIFEST-000001 succeeded,manifest_file_number is 1, next_file_number is 3, last_sequence is 0, log_number is 0,prev_log_number is 0,max_column_family is 0,min_log_number_to_keep is 0
2018/12/29-14:18:26.815214 7fc9f7fff700 [db/version_set.cc:3369] Column family [default] (ID 0), log number is 0
2018/12/29-14:18:26.815377 7fc9f7fff700 [db/version_set.cc:2847] Creating manifest 4
2018/12/29-14:18:26.884330 7fc9f7fff700 [db/column_family.cc:475] --------------- Options for column family [usertable]:
2018/12/29-14:18:26.884336 7fc9f7fff700               Options.comparator: leveldb.BytewiseComparator
2018/12/29-14:18:26.884338 7fc9f7fff700           Options.merge_operator: None
2018/12/29-14:18:26.884339 7fc9f7fff700        Options.compaction_filter: None
2018/12/29-14:18:26.884340 7fc9f7fff700        Options.compaction_filter_factory: None
2018/12/29-14:18:26.884341 7fc9f7fff700         Options.memtable_factory: SkipListFactory
2018/12/29-14:18:26.884342 7fc9f7fff700            Options.table_factory: BlockBasedTable
2018/12/29-14:18:26.884372 7fc9f7fff700            table_factory options:   flush_block_policy_factory: FlushBlockBySizePolicyFactory (0x7fc9f0377c40)
  cache_index_and_filter_blocks: 0
  cache_index_and_filter_blocks_with_high_priority: 0
  pin_l0_filter_and_index_blocks_in_cache: 0
  index_type: 0
  hash_index_allow_collision: 1
  checksum: 1
  no_block_cache: 0
  block_cache: 0x7fc9f0386e70
  block_cache_name: LRUCache
  block_cache_options:
    capacity : 8388608
    num_shard_bits : 4
    strict_capacity_limit : 0
    high_pri_pool_ratio: 0.000
  block_cache_compressed: (nil)
  persistent_cache: (nil)
  block_size: 8192
  block_size_deviation: 10
  block_restart_interval: 16
  index_block_restart_interval: 1
  metadata_block_size: 4096
  partition_filters: 0
  use_delta_encoding: 1
  filter_policy: nullptr
  whole_key_filtering: 1
  verify_compression: 0
  read_amp_bytes_per_bit: 0
  format_version: 2
  enable_index_compression: 1
  block_align: 0
2018/12/29-14:18:26.884377 7fc9f7fff700        Options.write_buffer_size: 134217728
2018/12/29-14:18:26.884378 7fc9f7fff700  Options.max_write_buffer_number: 24
2018/12/29-14:18:26.884380 7fc9f7fff700        Options.compression[0]: NoCompression
2018/12/29-14:18:26.884381 7fc9f7fff700        Options.compression[1]: NoCompression
2018/12/29-14:18:26.884382 7fc9f7fff700        Options.compression[2]: LZ4
2018/12/29-14:18:26.884383 7fc9f7fff700        Options.compression[3]: LZ4
2018/12/29-14:18:26.884384 7fc9f7fff700        Options.compression[4]: LZ4
2018/12/29-14:18:26.884385 7fc9f7fff700        Options.compression[5]: LZ4
2018/12/29-14:18:26.884386 7fc9f7fff700        Options.compression[6]: LZ4
2018/12/29-14:18:26.884387 7fc9f7fff700                  Options.bottommost_compression: Disabled
2018/12/29-14:18:26.884389 7fc9f7fff700       Options.prefix_extractor: nullptr
2018/12/29-14:18:26.884390 7fc9f7fff700   Options.memtable_insert_with_hint_prefix_extractor: nullptr
2018/12/29-14:18:26.884391 7fc9f7fff700             Options.num_levels: 7
2018/12/29-14:18:26.884392 7fc9f7fff700        Options.min_write_buffer_number_to_merge: 2
2018/12/29-14:18:26.884393 7fc9f7fff700     Options.max_write_buffer_number_to_maintain: 0
2018/12/29-14:18:26.884405 7fc9f7fff700            Options.compression_opts.window_bits: -14
2018/12/29-14:18:26.884406 7fc9f7fff700                  Options.compression_opts.level: -1
2018/12/29-14:18:26.884407 7fc9f7fff700               Options.compression_opts.strategy: 0
2018/12/29-14:18:26.884408 7fc9f7fff700         Options.compression_opts.max_dict_bytes: 0
2018/12/29-14:18:26.884409 7fc9f7fff700         Options.compression_opts.zstd_max_train_bytes: 0
2018/12/29-14:18:26.884410 7fc9f7fff700      Options.level0_file_num_compaction_trigger: 2
2018/12/29-14:18:26.884411 7fc9f7fff700          Options.level0_slowdown_writes_trigger: 20
2018/12/29-14:18:26.884412 7fc9f7fff700              Options.level0_stop_writes_trigger: 36
2018/12/29-14:18:26.884413 7fc9f7fff700                   Options.target_file_size_base: 67108864
2018/12/29-14:18:26.884414 7fc9f7fff700             Options.target_file_size_multiplier: 1
2018/12/29-14:18:26.884416 7fc9f7fff700                Options.max_bytes_for_level_base: 536870912
2018/12/29-14:18:26.884417 7fc9f7fff700 Options.level_compaction_dynamic_level_bytes: 0
2018/12/29-14:18:26.884418 7fc9f7fff700          Options.max_bytes_for_level_multiplier: 10.000000
2018/12/29-14:18:26.884420 7fc9f7fff700 Options.max_bytes_for_level_multiplier_addtl[0]: 1
2018/12/29-14:18:26.884433 7fc9f7fff700 Options.max_bytes_for_level_multiplier_addtl[1]: 1
2018/12/29-14:18:26.884434 7fc9f7fff700 Options.max_bytes_for_level_multiplier_addtl[2]: 1
2018/12/29-14:18:26.884435 7fc9f7fff700 Options.max_bytes_for_level_multiplier_addtl[3]: 1
2018/12/29-14:18:26.884436 7fc9f7fff700 Options.max_bytes_for_level_multiplier_addtl[4]: 1
2018/12/29-14:18:26.884437 7fc9f7fff700 Options.max_bytes_for_level_multiplier_addtl[5]: 1
2018/12/29-14:18:26.884438 7fc9f7fff700 Options.max_bytes_for_level_multiplier_addtl[6]: 1
2018/12/29-14:18:26.884439 7fc9f7fff700       Options.max_sequential_skip_in_iterations: 8
2018/12/29-14:18:26.884440 7fc9f7fff700                    Options.max_compaction_bytes: 1677721600
2018/12/29-14:18:26.884442 7fc9f7fff700                        Options.arena_block_size: 16777216
2018/12/29-14:18:26.884443 7fc9f7fff700   Options.soft_pending_compaction_bytes_limit: 68719476736
2018/12/29-14:18:26.884444 7fc9f7fff700   Options.hard_pending_compaction_bytes_limit: 274877906944
2018/12/29-14:18:26.884445 7fc9f7fff700       Options.rate_limit_delay_max_milliseconds: 100
2018/12/29-14:18:26.884446 7fc9f7fff700                Options.disable_auto_compactions: 0
2018/12/29-14:18:26.884448 7fc9f7fff700                        Options.compaction_style: kCompactionStyleLevel
2018/12/29-14:18:26.884451 7fc9f7fff700                          Options.compaction_pri: kByCompensatedSize
2018/12/29-14:18:26.884452 7fc9f7fff700 Options.compaction_options_universal.size_ratio: 1
2018/12/29-14:18:26.884453 7fc9f7fff700 Options.compaction_options_universal.min_merge_width: 2
2018/12/29-14:18:26.884454 7fc9f7fff700 Options.compaction_options_universal.max_merge_width: 4294967295
2018/12/29-14:18:26.884455 7fc9f7fff700 Options.compaction_options_universal.max_size_amplification_percent: 200
2018/12/29-14:18:26.884456 7fc9f7fff700 Options.compaction_options_universal.compression_size_percent: -1
2018/12/29-14:18:26.884458 7fc9f7fff700 Options.compaction_options_universal.stop_style: kCompactionStopStyleTotalSize
2018/12/29-14:18:26.884459 7fc9f7fff700 Options.compaction_options_fifo.max_table_files_size: 1073741824
2018/12/29-14:18:26.884460 7fc9f7fff700 Options.compaction_options_fifo.allow_compaction: 0
2018/12/29-14:18:26.884461 7fc9f7fff700 Options.compaction_options_fifo.ttl: 0
2018/12/29-14:18:26.884462 7fc9f7fff700                   Options.table_properties_collectors: 
2018/12/29-14:18:26.884464 7fc9f7fff700                   Options.inplace_update_support: 0
2018/12/29-14:18:26.884465 7fc9f7fff700                 Options.inplace_update_num_locks: 10000
2018/12/29-14:18:26.884466 7fc9f7fff700               Options.memtable_prefix_bloom_size_ratio: 0.000000
2018/12/29-14:18:26.884467 7fc9f7fff700   Options.memtable_huge_page_size: 0
2018/12/29-14:18:26.884469 7fc9f7fff700                           Options.bloom_locality: 0
2018/12/29-14:18:26.884469 7fc9f7fff700                    Options.max_successive_merges: 0
2018/12/29-14:18:26.884470 7fc9f7fff700                Options.optimize_filters_for_hits: 0
2018/12/29-14:18:26.884471 7fc9f7fff700                Options.paranoid_file_checks: 0
2018/12/29-14:18:26.884472 7fc9f7fff700                Options.force_consistency_checks: 0
2018/12/29-14:18:26.884473 7fc9f7fff700                Options.report_bg_io_stats: 0
2018/12/29-14:18:26.884474 7fc9f7fff700                               Options.ttl: 0
2018/12/29-14:18:26.884532 7fc9f7fff700 [db/db_impl.cc:1396] Created column family [usertable] (ID 1)
2018/12/29-14:18:27.051491 7fc9f7fff700 [db/db_impl_open.cc:1219] DB pointer 0x7fc9f03eeb30
2018/12/29-14:18:35.623631 7fc9f77e6700 [db/db_impl_write.cc:1373] [usertable] New memtable created with log file: #9. Immutable memtables: 0.
2018/12/29-14:18:44.588277 7fc9f6fde700 [db/db_impl_write.cc:1373] [usertable] New memtable created with log file: #10. Immutable memtables: 1.
2018/12/29-14:18:44.588427 7fc947fff700 [db/db_impl_compaction_flush.cc:80] [JOB 2] Syncing log #3
2018/12/29-14:18:44.834345 7fc947fff700 [db/db_impl_compaction_flush.cc:80] [JOB 2] Syncing log #9
2018/12/29-14:18:45.689801 7fc947fff700 (Original Log Time 2018/12/29-14:18:44.588379) [db/db_impl_compaction_flush.cc:1424] Calling FlushMemTableToOutputFile with column family [usertable], flush slots available 24, compaction slots available 1, flush slots scheduled 1, compaction slots scheduled 0
2018/12/29-14:18:45.689814 7fc947fff700 [db/flush_job.cc:301] [usertable] [JOB 2] Flushing memtable with next log file: 9
2018/12/29-14:18:45.689826 7fc947fff700 [db/flush_job.cc:301] [usertable] [JOB 2] Flushing memtable with next log file: 10
2018/12/29-14:18:45.689869 7fc947fff700 EVENT_LOG_v1 {"time_micros": 1546121925689855, "job": 2, "event": "flush_started", "num_memtables": 2, "num_entries": 61370, "num_deletes": 0, "memory_usage": 254400272, "flush_reason": "Write Buffer Full"}
2018/12/29-14:18:45.689879 7fc947fff700 [db/flush_job.cc:331] [usertable] [JOB 2] Level-0 flush table #11: started
2018/12/29-14:18:48.125747 7fc947fff700 EVENT_LOG_v1 {"time_micros": 1546121928125723, "cf_name": "usertable", "job": 2, "event": "table_file_creation", "file_number": 11, "file_size": 254157702, "table_properties": {"data_size": 253028510, "index_size": 1128265, "filter_size": 0, "raw_key_size": 1472880, "raw_average_key_size": 24, "raw_value_size": 251371520, "raw_average_value_size": 4096, "num_data_blocks": 30685, "num_entries": 61370, "filter_policy_name": "", "kDeletedKeys": "0", "kMergeOperands": "0"}}
2018/12/29-14:18:48.125772 7fc947fff700 [db/flush_job.cc:371] [usertable] [JOB 2] Level-0 flush table #11: 254157702 bytes OK
2018/12/29-14:18:48.221687 7fc947fff700 (Original Log Time 2018/12/29-14:18:48.125789) [db/memtable_list.cc:377] [usertable] Level-0 commit table #11 started
2018/12/29-14:18:48.221691 7fc947fff700 (Original Log Time 2018/12/29-14:18:48.221589) [db/memtable_list.cc:409] [usertable] Level-0 commit table #11: memtable #1 done
2018/12/29-14:18:48.221693 7fc947fff700 (Original Log Time 2018/12/29-14:18:48.221603) [db/memtable_list.cc:409] [usertable] Level-0 commit table #11: memtable #2 done
2018/12/29-14:18:48.221695 7fc947fff700 (Original Log Time 2018/12/29-14:18:48.221632) EVENT_LOG_v1 {"time_micros": 1546121928221622, "job": 2, "event": "flush_finished", "output_compression": "NoCompression", "lsm_state": [1, 0, 0, 0, 0, 0, 0], "immutable_memtables": 0}
2018/12/29-14:18:48.221696 7fc947fff700 (Original Log Time 2018/12/29-14:18:48.221659) [db/db_impl_compaction_flush.cc:177] [usertable] Level summary: base level 1 max bytes base 536870912 files[1 0 0 0 0 0 0] max score 0.50
2018/12/29-14:18:48.221708 7fc947fff700 [db/db_impl_files.cc:347] [JOB 2] Try to delete WAL files size 253390958, prev total WAL file size 305907109, number of live WAL files 3.
2018/12/29-14:18:53.350095 7fc9f70df700 [db/db_impl_write.cc:1373] [usertable] New memtable created with log file: #12. Immutable memtables: 0.
2018/12/29-14:19:02.315142 7fc9f7cfc700 [db/db_impl_write.cc:1373] [usertable] New memtable created with log file: #13. Immutable memtables: 1.
2018/12/29-14:19:02.315246 7fc9477fe700 [db/db_impl_compaction_flush.cc:80] [JOB 3] Syncing log #10
2018/12/29-14:19:02.825996 7fc9477fe700 [db/db_impl_compaction_flush.cc:80] [JOB 3] Syncing log #12
2018/12/29-14:19:03.825346 7fc9477fe700 (Original Log Time 2018/12/29-14:19:02.315226) [db/db_impl_compaction_flush.cc:1424] Calling FlushMemTableToOutputFile with column family [usertable], flush slots available 24, compaction slots available 1, flush slots scheduled 1, compaction slots scheduled 0
2018/12/29-14:19:03.825362 7fc9477fe700 [db/flush_job.cc:301] [usertable] [JOB 3] Flushing memtable with next log file: 12
2018/12/29-14:19:03.825369 7fc9477fe700 [db/flush_job.cc:301] [usertable] [JOB 3] Flushing memtable with next log file: 13
2018/12/29-14:19:03.825396 7fc9477fe700 EVENT_LOG_v1 {"time_micros": 1546121943825388, "job": 3, "event": "flush_started", "num_memtables": 2, "num_entries": 62044, "num_deletes": 0, "memory_usage": 257122824, "flush_reason": "Write Buffer Full"}
2018/12/29-14:19:03.825402 7fc9477fe700 [db/flush_job.cc:331] [usertable] [JOB 3] Level-0 flush table #14: started
2018/12/29-14:19:06.512414 7fc9477fe700 EVENT_LOG_v1 {"time_micros": 1546121946512376, "cf_name": "usertable", "job": 3, "event": "table_file_creation", "file_number": 14, "file_size": 256948995, "table_properties": {"data_size": 255807412, "index_size": 1140656, "filter_size": 0, "raw_key_size": 1489056, "raw_average_key_size": 24, "raw_value_size": 254132224, "raw_average_value_size": 4096, "num_data_blocks": 31022, "num_entries": 62044, "filter_policy_name": "", "kDeletedKeys": "0", "kMergeOperands": "0"}}
2018/12/29-14:19:06.512439 7fc9477fe700 [db/flush_job.cc:371] [usertable] [JOB 3] Level-0 flush table #14: 256948995 bytes OK
2018/12/29-14:19:06.664523 7fc9477fe700 (Original Log Time 2018/12/29-14:19:06.512458) [db/memtable_list.cc:377] [usertable] Level-0 commit table #14 started
2018/12/29-14:19:06.664528 7fc9477fe700 (Original Log Time 2018/12/29-14:19:06.664378) [db/memtable_list.cc:409] [usertable] Level-0 commit table #14: memtable #1 done
2018/12/29-14:19:06.664529 7fc9477fe700 (Original Log Time 2018/12/29-14:19:06.664393) [db/memtable_list.cc:409] [usertable] Level-0 commit table #14: memtable #2 done
2018/12/29-14:19:06.664531 7fc9477fe700 (Original Log Time 2018/12/29-14:19:06.664439) EVENT_LOG_v1 {"time_micros": 1546121946664427, "job": 3, "event": "flush_finished", "output_compression": "NoCompression", "lsm_state": [2, 0, 0, 0, 0, 0, 0], "immutable_memtables": 0}
2018/12/29-14:19:06.664533 7fc9477fe700 (Original Log Time 2018/12/29-14:19:06.664492) [db/db_impl_compaction_flush.cc:177] [usertable] Level summary: base level 1 max bytes base 536870912 files[2 0 0 0 0 0 0] max score 1.00
2018/12/29-14:19:06.664547 7fc9477fe700 [db/db_impl_files.cc:347] [JOB 3] Try to delete WAL files size 256171168, prev total WAL file size 319023719, number of live WAL files 3.
2018/12/29-14:19:06.664739 7fc9f5be6700 [WARN] [db/db_impl.cc:491] ------- DUMPING STATS -------
2018/12/29-14:19:06.666372 7fc9f5be6700 [WARN] [db/db_impl.cc:492] 
** DB Stats **
Uptime(secs): 39.8 total, 39.8 interval
Cumulative writes: 138K writes, 138K keys, 137K commit groups, 1.0 writes per commit group, ingest: 0.53 GB, 13.70 MB/s
Cumulative WAL: 138K writes, 0 syncs, 138639.00 writes per sync, written: 0.53 GB, 13.70 MB/s
Cumulative stall: 00:00:0.000 H:M:S, 0.0 percent
Interval writes: 138K writes, 138K keys, 137K commit groups, 1.0 writes per commit group, ingest: 545.91 MB, 13.70 MB/s
Interval WAL: 138K writes, 0 syncs, 138639.00 writes per sync, written: 0.53 MB, 13.70 MB/s
Interval stall: 00:00:0.000 H:M:S, 0.0 percent

** Compaction Stats [default] **
Level    Files   Size     Score Read(GB)  Rn(GB) Rnp1(GB) Write(GB) Wnew(GB) Moved(GB) W-Amp Rd(MB/s) Wr(MB/s) Comp(sec) Comp(cnt) Avg(sec) KeyIn KeyDrop
----------------------------------------------------------------------------------------------------------------------------------------------------------
 Sum      0/0    0.00 KB   0.0      0.0     0.0      0.0       0.0      0.0       0.0   0.0      0.0      0.0         0         0    0.000       0      0
 Int      0/0    0.00 KB   0.0      0.0     0.0      0.0       0.0      0.0       0.0   0.0      0.0      0.0         0         0    0.000       0      0
Uptime(secs): 39.9 total, 39.9 interval
Flush(GB): cumulative 0.000, interval 0.000
AddFile(GB): cumulative 0.000, interval 0.000
AddFile(Total Files): cumulative 0, interval 0
AddFile(L0 Files): cumulative 0, interval 0
AddFile(Keys): cumulative 0, interval 0
Cumulative compaction: 0.00 GB write, 0.00 MB/s write, 0.00 GB read, 0.00 MB/s read, 0.0 seconds
Interval compaction: 0.00 GB write, 0.00 MB/s write, 0.00 GB read, 0.00 MB/s read, 0.0 seconds
Stalls(count): 0 level0_slowdown, 0 level0_slowdown_with_compaction, 0 level0_numfiles, 0 level0_numfiles_with_compaction, 0 stop for pending_compaction_bytes, 0 slowdown for pending_compaction_bytes, 0 memtable_compaction, 0 memtable_slowdown, interval 0 total count

** File Read Latency Histogram By Level [default] **

** Compaction Stats [usertable] **
Level    Files   Size     Score Read(GB)  Rn(GB) Rnp1(GB) Write(GB) Wnew(GB) Moved(GB) W-Amp Rd(MB/s) Wr(MB/s) Comp(sec) Comp(cnt) Avg(sec) KeyIn KeyDrop
----------------------------------------------------------------------------------------------------------------------------------------------------------
  L0      2/0   487.43 MB   1.0      0.0     0.0      0.0       0.5      0.5       0.0   1.0      0.0     95.1         5         2    2.562       0      0
 Sum      2/0   487.43 MB   0.0      0.0     0.0      0.0       0.5      0.5       0.0   1.0      0.0     95.1         5         2    2.562       0      0
 Int      0/0    0.00 KB   0.0      0.0     0.0      0.0       0.5      0.5       0.0   1.0      0.0     95.1         5         2    2.562       0      0
Uptime(secs): 39.8 total, 39.8 interval
Flush(GB): cumulative 0.476, interval 0.476
AddFile(GB): cumulative 0.000, interval 0.000
AddFile(Total Files): cumulative 0, interval 0
AddFile(L0 Files): cumulative 0, interval 0
AddFile(Keys): cumulative 0, interval 0
Cumulative compaction: 0.48 GB write, 12.25 MB/s write, 0.00 GB read, 0.00 MB/s read, 5.1 seconds
Interval compaction: 0.48 GB write, 12.25 MB/s write, 0.00 GB read, 0.00 MB/s read, 5.1 seconds
Stalls(count): 0 level0_slowdown, 0 level0_slowdown_with_compaction, 0 level0_numfiles, 0 level0_numfiles_with_compaction, 0 stop for pending_compaction_bytes, 0 slowdown for pending_compaction_bytes, 0 memtable_compaction, 0 memtable_slowdown, interval 0 total count

** File Read Latency Histogram By Level [usertable] **

** Compaction Stats [default] **
Level    Files   Size     Score Read(GB)  Rn(GB) Rnp1(GB) Write(GB) Wnew(GB) Moved(GB) W-Amp Rd(MB/s) Wr(MB/s) Comp(sec) Comp(cnt) Avg(sec) KeyIn KeyDrop
----------------------------------------------------------------------------------------------------------------------------------------------------------
 Sum      0/0    0.00 KB   0.0      0.0     0.0      0.0       0.0      0.0       0.0   0.0      0.0      0.0         0         0    0.000       0      0
 Int      0/0    0.00 KB   0.0      0.0     0.0      0.0       0.0      0.0       0.0   0.0      0.0      0.0         0         0    0.000       0      0
Uptime(secs): 39.9 total, 0.0 interval
Flush(GB): cumulative 0.000, interval 0.000
AddFile(GB): cumulative 0.000, interval 0.000
AddFile(Total Files): cumulative 0, interval 0
AddFile(L0 Files): cumulative 0, interval 0
AddFile(Keys): cumulative 0, interval 0
Cumulative compaction: 0.00 GB write, 0.00 MB/s write, 0.00 GB read, 0.00 MB/s read, 0.0 seconds
Interval compaction: 0.00 GB write, 0.00 MB/s write, 0.00 GB read, 0.00 MB/s read, 0.0 seconds
Stalls(count): 0 level0_slowdown, 0 level0_slowdown_with_compaction, 0 level0_numfiles, 0 level0_numfiles_with_compaction, 0 stop for pending_compaction_bytes, 0 slowdown for pending_compaction_bytes, 0 memtable_compaction, 0 memtable_slowdown, interval 0 total count

** File Read Latency Histogram By Level [default] **

** Compaction Stats [usertable] **
Level    Files   Size     Score Read(GB)  Rn(GB) Rnp1(GB) Write(GB) Wnew(GB) Moved(GB) W-Amp Rd(MB/s) Wr(MB/s) Comp(sec) Comp(cnt) Avg(sec) KeyIn KeyDrop
----------------------------------------------------------------------------------------------------------------------------------------------------------
  L0      2/0   487.43 MB   1.0      0.0     0.0      0.0       0.5      0.5       0.0   1.0      0.0     95.1         5         2    2.562       0      0
 Sum      2/0   487.43 MB   0.0      0.0     0.0      0.0       0.5      0.5       0.0   1.0      0.0     95.1         5         2    2.562       0      0
 Int      0/0    0.00 KB   0.0      0.0     0.0      0.0       0.0      0.0       0.0   0.0      0.0      0.0         0         0    0.000       0      0
Uptime(secs): 39.8 total, 0.0 interval
Flush(GB): cumulative 0.476, interval 0.000
AddFile(GB): cumulative 0.000, interval 0.000
AddFile(Total Files): cumulative 0, interval 0
AddFile(L0 Files): cumulative 0, interval 0
AddFile(Keys): cumulative 0, interval 0
Cumulative compaction: 0.48 GB write, 12.25 MB/s write, 0.00 GB read, 0.00 MB/s read, 5.1 seconds
Interval compaction: 0.00 GB write, 0.00 MB/s write, 0.00 GB read, 0.00 MB/s read, 0.0 seconds
Stalls(count): 0 level0_slowdown, 0 level0_slowdown_with_compaction, 0 level0_numfiles, 0 level0_numfiles_with_compaction, 0 stop for pending_compaction_bytes, 0 slowdown for pending_compaction_bytes, 0 memtable_compaction, 0 memtable_slowdown, interval 0 total count

** File Read Latency Histogram By Level [usertable] **
2018/12/29-14:19:06.819414 7fc9f5be6700 (Original Log Time 2018/12/29-14:19:06.666489) [db/db_impl_compaction_flush.cc:1835] [usertable] Moving #14 to level-1 256948995 bytes
2018/12/29-14:19:06.819420 7fc9f5be6700 (Original Log Time 2018/12/29-14:19:06.819329) EVENT_LOG_v1 {"time_micros": 1546121946819312, "job": 4, "event": "trivial_move", "destination_level": 1, "files": 1, "total_files_size": 256948995}
2018/12/29-14:19:06.819422 7fc9f5be6700 (Original Log Time 2018/12/29-14:19:06.819350) [db/db_impl_compaction_flush.cc:1864] [usertable] Moved #1 files to level-1 256948995 bytes OK: base level 1 max bytes base 536870912 files[1 1 0 0 0 0 0] max score 0.50
2018/12/29-14:19:11.280704 7fc9f77e6700 [db/db_impl_write.cc:1373] [usertable] New memtable created with log file: #15. Immutable memtables: 0.
2018/12/29-14:19:20.245971 7fc9f7efe700 [db/db_impl_write.cc:1373] [usertable] New memtable created with log file: #16. Immutable memtables: 1.
2018/12/29-14:19:20.246048 7fc946ffd700 [db/db_impl_compaction_flush.cc:80] [JOB 5] Syncing log #13
2018/12/29-14:19:20.863818 7fc946ffd700 [db/db_impl_compaction_flush.cc:80] [JOB 5] Syncing log #15
2018/12/29-14:19:22.032545 7fc946ffd700 (Original Log Time 2018/12/29-14:19:20.246030) [db/db_impl_compaction_flush.cc:1424] Calling FlushMemTableToOutputFile with column family [usertable], flush slots available 24, compaction slots available 1, flush slots scheduled 1, compaction slots scheduled 0
2018/12/29-14:19:22.032560 7fc946ffd700 [db/flush_job.cc:301] [usertable] [JOB 5] Flushing memtable with next log file: 15
2018/12/29-14:19:22.032567 7fc946ffd700 [db/flush_job.cc:301] [usertable] [JOB 5] Flushing memtable with next log file: 16
2018/12/29-14:19:22.032607 7fc946ffd700 EVENT_LOG_v1 {"time_micros": 1546121962032599, "job": 5, "event": "flush_started", "num_memtables": 2, "num_entries": 62757, "num_deletes": 0, "memory_usage": 260053056, "flush_reason": "Write Buffer Full"}
2018/12/29-14:19:22.032614 7fc946ffd700 [db/flush_job.cc:331] [usertable] [JOB 5] Level-0 flush table #17: started
2018/12/29-14:19:23.406958 7fc946ffd700 EVENT_LOG_v1 {"time_micros": 1546121963406937, "cf_name": "usertable", "job": 5, "event": "table_file_creation", "file_number": 17, "file_size": 259901839, "table_properties": {"data_size": 258747125, "index_size": 1153787, "filter_size": 0, "raw_key_size": 1506168, "raw_average_key_size": 24, "raw_value_size": 257052672, "raw_average_value_size": 4096, "num_data_blocks": 31379, "num_entries": 62757, "filter_policy_name": "", "kDeletedKeys": "0", "kMergeOperands": "0"}}
2018/12/29-14:19:23.406977 7fc946ffd700 [db/flush_job.cc:371] [usertable] [JOB 5] Level-0 flush table #17: 259901839 bytes OK
2018/12/29-14:19:23.434427 7fc946ffd700 (Original Log Time 2018/12/29-14:19:23.406990) [db/memtable_list.cc:377] [usertable] Level-0 commit table #17 started
2018/12/29-14:19:23.434431 7fc946ffd700 (Original Log Time 2018/12/29-14:19:23.434338) [db/memtable_list.cc:409] [usertable] Level-0 commit table #17: memtable #1 done
2018/12/29-14:19:23.434433 7fc946ffd700 (Original Log Time 2018/12/29-14:19:23.434344) [db/memtable_list.cc:409] [usertable] Level-0 commit table #17: memtable #2 done
2018/12/29-14:19:23.434434 7fc946ffd700 (Original Log Time 2018/12/29-14:19:23.434373) EVENT_LOG_v1 {"time_micros": 1546121963434363, "job": 5, "event": "flush_finished", "output_compression": "NoCompression", "lsm_state": [2, 1, 0, 0, 0, 0, 0], "immutable_memtables": 0}
2018/12/29-14:19:23.434436 7fc946ffd700 (Original Log Time 2018/12/29-14:19:23.434406) [db/db_impl_compaction_flush.cc:177] [usertable] Level summary: base level 1 max bytes base 536870912 files[2 1 0 0 0 0 0] max score 1.00
