2018/11/17-21:14:36.503720 7f31bcad9700 RocksDB version: 5.14.3
2018/11/17-21:14:36.503797 7f31bcad9700 Git sha rocksdb_build_git_sha:
2018/11/17-21:14:36.503800 7f31bcad9700 Compile date Oct 15 2018
2018/11/17-21:14:36.503804 7f31bcad9700 DB SUMMARY
2018/11/17-21:14:36.504407 7f31bcad9700 CURRENT file:  CURRENT
2018/11/17-21:14:36.504411 7f31bcad9700 IDENTITY file:  IDENTITY
2018/11/17-21:14:36.504420 7f31bcad9700 MANIFEST file:  MANIFEST-000004 size: 6397 Bytes
2018/11/17-21:14:36.504423 7f31bcad9700 SST files in /mnt/sdb/ycsb-rocksdb-data dir, Total Num: 23, files: 000011.sst 000014.sst 000048.sst 000059.sst 000060.sst 000067.sst 000069.sst 000071.sst 000075.sst 
2018/11/17-21:14:36.504435 7f31bcad9700 Write Ahead Log file in /mnt/sdb/ycsb-rocksdb-data: 000201.log size: 129326518 ; 000216.log size: 129096714 ; 000217.log size: 129321892 ; 000219.log size: 129349636 ; 000220.log size: 128089862 ; 000222.log size: 129338691 ; 000223.log size: 129365672 ; 000225.log size: 129342541 ; 000226.log size: 126238666 ; 000229.log size: 128665503 ; 000230.log size: 126377626 ; 000232.log size: 128812141 ; 000233.log size: 129347456 ; 000235.log size: 129351321 ; 000236.log size: 126814266 ; 000238.log size: 60598620 ; 
2018/11/17-21:14:36.504442 7f31bcad9700                         Options.error_if_exists: 0
2018/11/17-21:14:36.504443 7f31bcad9700                       Options.create_if_missing: 1
2018/11/17-21:14:36.504444 7f31bcad9700                         Options.paranoid_checks: 1
2018/11/17-21:14:36.504445 7f31bcad9700                                     Options.env: 0x7f3148dee3e0
2018/11/17-21:14:36.504446 7f31bcad9700                                Options.info_log: 0x7f31443d2ee0
2018/11/17-21:14:36.504447 7f31bcad9700                Options.max_file_opening_threads: 16
2018/11/17-21:14:36.504448 7f31bcad9700                              Options.statistics: (nil)
2018/11/17-21:14:36.504449 7f31bcad9700                               Options.use_fsync: 0
2018/11/17-21:14:36.504450 7f31bcad9700                       Options.max_log_file_size: 0
2018/11/17-21:14:36.504451 7f31bcad9700                  Options.max_manifest_file_size: 18446744073709551615
2018/11/17-21:14:36.504452 7f31bcad9700                   Options.log_file_time_to_roll: 0
2018/11/17-21:14:36.504453 7f31bcad9700                       Options.keep_log_file_num: 1000
2018/11/17-21:14:36.504454 7f31bcad9700                    Options.recycle_log_file_num: 0
2018/11/17-21:14:36.504455 7f31bcad9700                         Options.allow_fallocate: 1
2018/11/17-21:14:36.504456 7f31bcad9700                        Options.allow_mmap_reads: 0
2018/11/17-21:14:36.504457 7f31bcad9700                       Options.allow_mmap_writes: 0
2018/11/17-21:14:36.504458 7f31bcad9700                        Options.use_direct_reads: 0
2018/11/17-21:14:36.504458 7f31bcad9700                        Options.use_direct_io_for_flush_and_compaction: 0
2018/11/17-21:14:36.504459 7f31bcad9700          Options.create_missing_column_families: 1
2018/11/17-21:14:36.504460 7f31bcad9700                              Options.db_log_dir: 
2018/11/17-21:14:36.504461 7f31bcad9700                                 Options.wal_dir: /mnt/sdb/ycsb-rocksdb-data
2018/11/17-21:14:36.504462 7f31bcad9700                Options.table_cache_numshardbits: 6
2018/11/17-21:14:36.504463 7f31bcad9700                      Options.max_subcompactions: 4
2018/11/17-21:14:36.504464 7f31bcad9700                  Options.max_background_flushes: 24
2018/11/17-21:14:36.504465 7f31bcad9700                         Options.WAL_ttl_seconds: 0
2018/11/17-21:14:36.504466 7f31bcad9700                       Options.WAL_size_limit_MB: 0
2018/11/17-21:14:36.504467 7f31bcad9700             Options.manifest_preallocation_size: 4194304
2018/11/17-21:14:36.504468 7f31bcad9700                     Options.is_fd_close_on_exec: 1
2018/11/17-21:14:36.504468 7f31bcad9700                   Options.advise_random_on_open: 1
2018/11/17-21:14:36.504469 7f31bcad9700                    Options.db_write_buffer_size: 0
2018/11/17-21:14:36.504470 7f31bcad9700                    Options.write_buffer_manager: 0x7f31443cd850
2018/11/17-21:14:36.504486 7f31bcad9700         Options.access_hint_on_compaction_start: 1
2018/11/17-21:14:36.504487 7f31bcad9700  Options.new_table_reader_for_compaction_inputs: 0
2018/11/17-21:14:36.504488 7f31bcad9700           Options.random_access_max_buffer_size: 1048576
2018/11/17-21:14:36.504489 7f31bcad9700                      Options.use_adaptive_mutex: 0
2018/11/17-21:14:36.504490 7f31bcad9700                            Options.rate_limiter: (nil)
2018/11/17-21:14:36.504492 7f31bcad9700     Options.sst_file_manager.rate_bytes_per_sec: 0
2018/11/17-21:14:36.504493 7f31bcad9700                       Options.wal_recovery_mode: 2
2018/11/17-21:14:36.504494 7f31bcad9700                  Options.enable_thread_tracking: 0
2018/11/17-21:14:36.504495 7f31bcad9700                  Options.enable_pipelined_write: 1
2018/11/17-21:14:36.504496 7f31bcad9700         Options.allow_concurrent_memtable_write: 1
2018/11/17-21:14:36.504497 7f31bcad9700      Options.enable_write_thread_adaptive_yield: 1
2018/11/17-21:14:36.504497 7f31bcad9700             Options.write_thread_max_yield_usec: 100
2018/11/17-21:14:36.504498 7f31bcad9700            Options.write_thread_slow_yield_usec: 3
2018/11/17-21:14:36.504499 7f31bcad9700                               Options.row_cache: None
2018/11/17-21:14:36.504500 7f31bcad9700                              Options.wal_filter: None
2018/11/17-21:14:36.504501 7f31bcad9700             Options.avoid_flush_during_recovery: 0
2018/11/17-21:14:36.504502 7f31bcad9700             Options.allow_ingest_behind: 0
2018/11/17-21:14:36.504503 7f31bcad9700             Options.preserve_deletes: 0
2018/11/17-21:14:36.504504 7f31bcad9700             Options.two_write_queues: 0
2018/11/17-21:14:36.504505 7f31bcad9700             Options.manual_wal_flush: 0
2018/11/17-21:14:36.504507 7f31bcad9700             Options.max_background_jobs: 24
2018/11/17-21:14:36.504508 7f31bcad9700             Options.max_background_compactions: 24
2018/11/17-21:14:36.504509 7f31bcad9700             Options.avoid_flush_during_shutdown: 0
2018/11/17-21:14:36.504510 7f31bcad9700           Options.writable_file_max_buffer_size: 1048576
2018/11/17-21:14:36.504510 7f31bcad9700             Options.delayed_write_rate : 16777216
2018/11/17-21:14:36.504511 7f31bcad9700             Options.max_total_wal_size: 0
2018/11/17-21:14:36.504512 7f31bcad9700             Options.delete_obsolete_files_period_micros: 21600000000
2018/11/17-21:14:36.504513 7f31bcad9700                   Options.stats_dump_period_sec: 60
2018/11/17-21:14:36.504514 7f31bcad9700                          Options.max_open_files: -1
2018/11/17-21:14:36.504515 7f31bcad9700                          Options.bytes_per_sync: 1048576
2018/11/17-21:14:36.504516 7f31bcad9700                      Options.wal_bytes_per_sync: 0
2018/11/17-21:14:36.504517 7f31bcad9700       Options.compaction_readahead_size: 0
2018/11/17-21:14:36.504518 7f31bcad9700 Compression algorithms supported:
2018/11/17-21:14:36.504519 7f31bcad9700 	kZSTDNotFinalCompression supported: 1
2018/11/17-21:14:36.504527 7f31bcad9700 	kZSTD supported: 1
2018/11/17-21:14:36.504529 7f31bcad9700 	kXpressCompression supported: 0
2018/11/17-21:14:36.504530 7f31bcad9700 	kLZ4HCCompression supported: 1
2018/11/17-21:14:36.504531 7f31bcad9700 	kLZ4Compression supported: 1
2018/11/17-21:14:36.504532 7f31bcad9700 	kBZip2Compression supported: 1
2018/11/17-21:14:36.504533 7f31bcad9700 	kZlibCompression supported: 1
2018/11/17-21:14:36.504534 7f31bcad9700 	kSnappyCompression supported: 1
2018/11/17-21:14:36.504538 7f31bcad9700 Fast CRC32 supported: Supported on x86
2018/11/17-21:14:36.504959 7f31bcad9700 [db/version_set.cc:3085] Recovering from manifest file: MANIFEST-000004
2018/11/17-21:14:36.505051 7f31bcad9700 [db/column_family.cc:475] --------------- Options for column family [default]:
2018/11/17-21:14:36.505054 7f31bcad9700               Options.comparator: leveldb.BytewiseComparator
2018/11/17-21:14:36.505055 7f31bcad9700           Options.merge_operator: None
2018/11/17-21:14:36.505056 7f31bcad9700        Options.compaction_filter: None
2018/11/17-21:14:36.505067 7f31bcad9700        Options.compaction_filter_factory: None
2018/11/17-21:14:36.505069 7f31bcad9700         Options.memtable_factory: SkipListFactory
2018/11/17-21:14:36.505070 7f31bcad9700            Options.table_factory: BlockBasedTable
2018/11/17-21:14:36.505095 7f31bcad9700            table_factory options:   flush_block_policy_factory: FlushBlockBySizePolicyFactory (0x7f314438b880)
  cache_index_and_filter_blocks: 0
  cache_index_and_filter_blocks_with_high_priority: 0
  pin_l0_filter_and_index_blocks_in_cache: 0
  index_type: 0
  hash_index_allow_collision: 1
  checksum: 1
  no_block_cache: 0
  block_cache: 0x7f31443971a0
  block_cache_name: LRUCache
  block_cache_options:
    capacity : 8388608
    num_shard_bits : 4
    strict_capacity_limit : 0
    high_pri_pool_ratio: 0.000
  block_cache_compressed: (nil)
  persistent_cache: (nil)
  block_size: 8192
  block_size_deviation: 10
  block_restart_interval: 16
  index_block_restart_interval: 1
  metadata_block_size: 4096
  partition_filters: 0
  use_delta_encoding: 1
  filter_policy: nullptr
  whole_key_filtering: 1
  verify_compression: 0
  read_amp_bytes_per_bit: 0
  format_version: 2
  enable_index_compression: 1
  block_align: 0
2018/11/17-21:14:36.505097 7f31bcad9700        Options.write_buffer_size: 134217728
2018/11/17-21:14:36.505098 7f31bcad9700  Options.max_write_buffer_number: 24
2018/11/17-21:14:36.505099 7f31bcad9700        Options.compression[0]: NoCompression
2018/11/17-21:14:36.505100 7f31bcad9700        Options.compression[1]: NoCompression
2018/11/17-21:14:36.505101 7f31bcad9700        Options.compression[2]: LZ4
2018/11/17-21:14:36.505102 7f31bcad9700        Options.compression[3]: LZ4
2018/11/17-21:14:36.505103 7f31bcad9700        Options.compression[4]: LZ4
2018/11/17-21:14:36.505104 7f31bcad9700        Options.compression[5]: LZ4
2018/11/17-21:14:36.505105 7f31bcad9700        Options.compression[6]: LZ4
2018/11/17-21:14:36.505106 7f31bcad9700                  Options.bottommost_compression: Disabled
2018/11/17-21:14:36.505107 7f31bcad9700       Options.prefix_extractor: nullptr
2018/11/17-21:14:36.505108 7f31bcad9700   Options.memtable_insert_with_hint_prefix_extractor: nullptr
2018/11/17-21:14:36.505109 7f31bcad9700             Options.num_levels: 7
2018/11/17-21:14:36.505110 7f31bcad9700        Options.min_write_buffer_number_to_merge: 2
2018/11/17-21:14:36.505111 7f31bcad9700     Options.max_write_buffer_number_to_maintain: 0
2018/11/17-21:14:36.505112 7f31bcad9700            Options.compression_opts.window_bits: -14
2018/11/17-21:14:36.505113 7f31bcad9700                  Options.compression_opts.level: -1
2018/11/17-21:14:36.505114 7f31bcad9700               Options.compression_opts.strategy: 0
2018/11/17-21:14:36.505115 7f31bcad9700         Options.compression_opts.max_dict_bytes: 0
2018/11/17-21:14:36.505116 7f31bcad9700         Options.compression_opts.zstd_max_train_bytes: 0
2018/11/17-21:14:36.505117 7f31bcad9700      Options.level0_file_num_compaction_trigger: 2
2018/11/17-21:14:36.505118 7f31bcad9700          Options.level0_slowdown_writes_trigger: 20
2018/11/17-21:14:36.505119 7f31bcad9700              Options.level0_stop_writes_trigger: 36
2018/11/17-21:14:36.505119 7f31bcad9700                   Options.target_file_size_base: 67108864
2018/11/17-21:14:36.505120 7f31bcad9700             Options.target_file_size_multiplier: 1
2018/11/17-21:14:36.505121 7f31bcad9700                Options.max_bytes_for_level_base: 536870912
2018/11/17-21:14:36.505122 7f31bcad9700 Options.level_compaction_dynamic_level_bytes: 0
2018/11/17-21:14:36.505123 7f31bcad9700          Options.max_bytes_for_level_multiplier: 10.000000
2018/11/17-21:14:36.505127 7f31bcad9700 Options.max_bytes_for_level_multiplier_addtl[0]: 1
2018/11/17-21:14:36.505128 7f31bcad9700 Options.max_bytes_for_level_multiplier_addtl[1]: 1
2018/11/17-21:14:36.505129 7f31bcad9700 Options.max_bytes_for_level_multiplier_addtl[2]: 1
2018/11/17-21:14:36.505130 7f31bcad9700 Options.max_bytes_for_level_multiplier_addtl[3]: 1
2018/11/17-21:14:36.505131 7f31bcad9700 Options.max_bytes_for_level_multiplier_addtl[4]: 1
2018/11/17-21:14:36.505142 7f31bcad9700 Options.max_bytes_for_level_multiplier_addtl[5]: 1
2018/11/17-21:14:36.505143 7f31bcad9700 Options.max_bytes_for_level_multiplier_addtl[6]: 1
2018/11/17-21:14:36.505144 7f31bcad9700       Options.max_sequential_skip_in_iterations: 8
2018/11/17-21:14:36.505145 7f31bcad9700                    Options.max_compaction_bytes: 1677721600
2018/11/17-21:14:36.505146 7f31bcad9700                        Options.arena_block_size: 16777216
2018/11/17-21:14:36.505147 7f31bcad9700   Options.soft_pending_compaction_bytes_limit: 68719476736
2018/11/17-21:14:36.505148 7f31bcad9700   Options.hard_pending_compaction_bytes_limit: 274877906944
2018/11/17-21:14:36.505149 7f31bcad9700       Options.rate_limit_delay_max_milliseconds: 100
2018/11/17-21:14:36.505150 7f31bcad9700                Options.disable_auto_compactions: 0
2018/11/17-21:14:36.505152 7f31bcad9700                        Options.compaction_style: kCompactionStyleLevel
2018/11/17-21:14:36.505154 7f31bcad9700                          Options.compaction_pri: kByCompensatedSize
2018/11/17-21:14:36.505155 7f31bcad9700 Options.compaction_options_universal.size_ratio: 1
2018/11/17-21:14:36.505156 7f31bcad9700 Options.compaction_options_universal.min_merge_width: 2
2018/11/17-21:14:36.505156 7f31bcad9700 Options.compaction_options_universal.max_merge_width: 4294967295
2018/11/17-21:14:36.505157 7f31bcad9700 Options.compaction_options_universal.max_size_amplification_percent: 200
2018/11/17-21:14:36.505158 7f31bcad9700 Options.compaction_options_universal.compression_size_percent: -1
2018/11/17-21:14:36.505160 7f31bcad9700 Options.compaction_options_universal.stop_style: kCompactionStopStyleTotalSize
2018/11/17-21:14:36.505161 7f31bcad9700 Options.compaction_options_fifo.max_table_files_size: 1073741824
2018/11/17-21:14:36.505162 7f31bcad9700 Options.compaction_options_fifo.allow_compaction: 0
2018/11/17-21:14:36.505163 7f31bcad9700 Options.compaction_options_fifo.ttl: 0
2018/11/17-21:14:36.505164 7f31bcad9700                   Options.table_properties_collectors: 
2018/11/17-21:14:36.505165 7f31bcad9700                   Options.inplace_update_support: 0
2018/11/17-21:14:36.505166 7f31bcad9700                 Options.inplace_update_num_locks: 10000
2018/11/17-21:14:36.505167 7f31bcad9700               Options.memtable_prefix_bloom_size_ratio: 0.000000
2018/11/17-21:14:36.505168 7f31bcad9700   Options.memtable_huge_page_size: 0
2018/11/17-21:14:36.505169 7f31bcad9700                           Options.bloom_locality: 0
2018/11/17-21:14:36.505170 7f31bcad9700                    Options.max_successive_merges: 0
2018/11/17-21:14:36.505171 7f31bcad9700                Options.optimize_filters_for_hits: 0
2018/11/17-21:14:36.505172 7f31bcad9700                Options.paranoid_file_checks: 0
2018/11/17-21:14:36.505173 7f31bcad9700                Options.force_consistency_checks: 0
2018/11/17-21:14:36.505174 7f31bcad9700                Options.report_bg_io_stats: 0
2018/11/17-21:14:36.505174 7f31bcad9700                               Options.ttl: 0
2018/11/17-21:14:36.505495 7f31bcad9700 [db/column_family.cc:475] --------------- Options for column family [usertable]:
2018/11/17-21:14:36.505498 7f31bcad9700               Options.comparator: leveldb.BytewiseComparator
2018/11/17-21:14:36.505499 7f31bcad9700           Options.merge_operator: None
2018/11/17-21:14:36.505500 7f31bcad9700        Options.compaction_filter: None
2018/11/17-21:14:36.505501 7f31bcad9700        Options.compaction_filter_factory: None
2018/11/17-21:14:36.505502 7f31bcad9700         Options.memtable_factory: SkipListFactory
2018/11/17-21:14:36.505503 7f31bcad9700            Options.table_factory: BlockBasedTable
2018/11/17-21:14:36.505527 7f31bcad9700            table_factory options:   flush_block_policy_factory: FlushBlockBySizePolicyFactory (0x7f314438b860)
  cache_index_and_filter_blocks: 0
  cache_index_and_filter_blocks_with_high_priority: 0
  pin_l0_filter_and_index_blocks_in_cache: 0
  index_type: 0
  hash_index_allow_collision: 1
  checksum: 1
  no_block_cache: 0
  block_cache: 0x7f314438c130
  block_cache_name: LRUCache
  block_cache_options:
    capacity : 8388608
    num_shard_bits : 4
    strict_capacity_limit : 0
    high_pri_pool_ratio: 0.000
  block_cache_compressed: (nil)
  persistent_cache: (nil)
  block_size: 8192
  block_size_deviation: 10
  block_restart_interval: 16
  index_block_restart_interval: 1
  metadata_block_size: 4096
  partition_filters: 0
  use_delta_encoding: 1
  filter_policy: nullptr
  whole_key_filtering: 1
  verify_compression: 0
  read_amp_bytes_per_bit: 0
  format_version: 2
  enable_index_compression: 1
  block_align: 0
2018/11/17-21:14:36.505539 7f31bcad9700        Options.write_buffer_size: 134217728
2018/11/17-21:14:36.505540 7f31bcad9700  Options.max_write_buffer_number: 24
2018/11/17-21:14:36.505541 7f31bcad9700        Options.compression[0]: NoCompression
2018/11/17-21:14:36.505542 7f31bcad9700        Options.compression[1]: NoCompression
2018/11/17-21:14:36.505543 7f31bcad9700        Options.compression[2]: LZ4
2018/11/17-21:14:36.505544 7f31bcad9700        Options.compression[3]: LZ4
2018/11/17-21:14:36.505545 7f31bcad9700        Options.compression[4]: LZ4
2018/11/17-21:14:36.505546 7f31bcad9700        Options.compression[5]: LZ4
2018/11/17-21:14:36.505547 7f31bcad9700        Options.compression[6]: LZ4
2018/11/17-21:14:36.505548 7f31bcad9700                  Options.bottommost_compression: Disabled
2018/11/17-21:14:36.505549 7f31bcad9700       Options.prefix_extractor: nullptr
2018/11/17-21:14:36.505550 7f31bcad9700   Options.memtable_insert_with_hint_prefix_extractor: nullptr
2018/11/17-21:14:36.505551 7f31bcad9700             Options.num_levels: 7
2018/11/17-21:14:36.505552 7f31bcad9700        Options.min_write_buffer_number_to_merge: 2
2018/11/17-21:14:36.505553 7f31bcad9700     Options.max_write_buffer_number_to_maintain: 0
2018/11/17-21:14:36.505554 7f31bcad9700            Options.compression_opts.window_bits: -14
2018/11/17-21:14:36.505555 7f31bcad9700                  Options.compression_opts.level: -1
2018/11/17-21:14:36.505556 7f31bcad9700               Options.compression_opts.strategy: 0
2018/11/17-21:14:36.505556 7f31bcad9700         Options.compression_opts.max_dict_bytes: 0
2018/11/17-21:14:36.505557 7f31bcad9700         Options.compression_opts.zstd_max_train_bytes: 0
2018/11/17-21:14:36.505558 7f31bcad9700      Options.level0_file_num_compaction_trigger: 2
2018/11/17-21:14:36.505559 7f31bcad9700          Options.level0_slowdown_writes_trigger: 20
2018/11/17-21:14:36.505560 7f31bcad9700              Options.level0_stop_writes_trigger: 36
2018/11/17-21:14:36.505561 7f31bcad9700                   Options.target_file_size_base: 67108864
2018/11/17-21:14:36.505562 7f31bcad9700             Options.target_file_size_multiplier: 1
2018/11/17-21:14:36.505563 7f31bcad9700                Options.max_bytes_for_level_base: 536870912
2018/11/17-21:14:36.505564 7f31bcad9700 Options.level_compaction_dynamic_level_bytes: 0
2018/11/17-21:14:36.505564 7f31bcad9700          Options.max_bytes_for_level_multiplier: 10.000000
2018/11/17-21:14:36.505566 7f31bcad9700 Options.max_bytes_for_level_multiplier_addtl[0]: 1
2018/11/17-21:14:36.505568 7f31bcad9700 Options.max_bytes_for_level_multiplier_addtl[1]: 1
2018/11/17-21:14:36.505568 7f31bcad9700 Options.max_bytes_for_level_multiplier_addtl[2]: 1
2018/11/17-21:14:36.505569 7f31bcad9700 Options.max_bytes_for_level_multiplier_addtl[3]: 1
2018/11/17-21:14:36.505570 7f31bcad9700 Options.max_bytes_for_level_multiplier_addtl[4]: 1
2018/11/17-21:14:36.505571 7f31bcad9700 Options.max_bytes_for_level_multiplier_addtl[5]: 1
2018/11/17-21:14:36.505572 7f31bcad9700 Options.max_bytes_for_level_multiplier_addtl[6]: 1
2018/11/17-21:14:36.505573 7f31bcad9700       Options.max_sequential_skip_in_iterations: 8
2018/11/17-21:14:36.505574 7f31bcad9700                    Options.max_compaction_bytes: 1677721600
2018/11/17-21:14:36.505575 7f31bcad9700                        Options.arena_block_size: 16777216
2018/11/17-21:14:36.505576 7f31bcad9700   Options.soft_pending_compaction_bytes_limit: 68719476736
2018/11/17-21:14:36.505582 7f31bcad9700   Options.hard_pending_compaction_bytes_limit: 274877906944
2018/11/17-21:14:36.505584 7f31bcad9700       Options.rate_limit_delay_max_milliseconds: 100
2018/11/17-21:14:36.505585 7f31bcad9700                Options.disable_auto_compactions: 0
2018/11/17-21:14:36.505586 7f31bcad9700                        Options.compaction_style: kCompactionStyleLevel
2018/11/17-21:14:36.505587 7f31bcad9700                          Options.compaction_pri: kByCompensatedSize
2018/11/17-21:14:36.505588 7f31bcad9700 Options.compaction_options_universal.size_ratio: 1
2018/11/17-21:14:36.505589 7f31bcad9700 Options.compaction_options_universal.min_merge_width: 2
2018/11/17-21:14:36.505590 7f31bcad9700 Options.compaction_options_universal.max_merge_width: 4294967295
2018/11/17-21:14:36.505591 7f31bcad9700 Options.compaction_options_universal.max_size_amplification_percent: 200
2018/11/17-21:14:36.505592 7f31bcad9700 Options.compaction_options_universal.compression_size_percent: -1
2018/11/17-21:14:36.505593 7f31bcad9700 Options.compaction_options_universal.stop_style: kCompactionStopStyleTotalSize
2018/11/17-21:14:36.505594 7f31bcad9700 Options.compaction_options_fifo.max_table_files_size: 1073741824
2018/11/17-21:14:36.505594 7f31bcad9700 Options.compaction_options_fifo.allow_compaction: 0
2018/11/17-21:14:36.505595 7f31bcad9700 Options.compaction_options_fifo.ttl: 0
2018/11/17-21:14:36.505596 7f31bcad9700                   Options.table_properties_collectors: 
2018/11/17-21:14:36.505597 7f31bcad9700                   Options.inplace_update_support: 0
2018/11/17-21:14:36.505598 7f31bcad9700                 Options.inplace_update_num_locks: 10000
2018/11/17-21:14:36.505599 7f31bcad9700               Options.memtable_prefix_bloom_size_ratio: 0.000000
2018/11/17-21:14:36.505601 7f31bcad9700   Options.memtable_huge_page_size: 0
2018/11/17-21:14:36.505601 7f31bcad9700                           Options.bloom_locality: 0
2018/11/17-21:14:36.505602 7f31bcad9700                    Options.max_successive_merges: 0
2018/11/17-21:14:36.505603 7f31bcad9700                Options.optimize_filters_for_hits: 0
2018/11/17-21:14:36.505604 7f31bcad9700                Options.paranoid_file_checks: 0
2018/11/17-21:14:36.505605 7f31bcad9700                Options.force_consistency_checks: 0
2018/11/17-21:14:36.505606 7f31bcad9700                Options.report_bg_io_stats: 0
2018/11/17-21:14:36.505607 7f31bcad9700                               Options.ttl: 0
2018/11/17-21:14:36.684062 7f31bcad9700 [db/version_set.cc:3361] Recovered from manifest file:/mnt/sdb/ycsb-rocksdb-data/MANIFEST-000004 succeeded,manifest_file_number is 4, next_file_number is 216, last_sequence is 3455300, log_number is 0,prev_log_number is 0,max_column_family is 1,min_log_number_to_keep is 0
2018/11/17-21:14:36.684092 7f31bcad9700 [db/version_set.cc:3369] Column family [default] (ID 0), log number is 0
2018/11/17-21:14:36.684094 7f31bcad9700 [db/version_set.cc:3369] Column family [usertable] (ID 1), log number is 201
2018/11/17-21:14:36.684354 7f31bcad9700 EVENT_LOG_v1 {"time_micros": 1542518076684333, "job": 1, "event": "recovery_started", "log_files": [201, 216, 217, 219, 220, 222, 223, 225, 226, 229, 230, 232, 233, 235, 236, 238]}
2018/11/17-21:14:36.684362 7f31bcad9700 [db/db_impl_open.cc:551] Recovering log #201 mode 2
2018/11/17-21:14:37.760881 7f31bcad9700 EVENT_LOG_v1 {"time_micros": 1542518077760842, "cf_name": "usertable", "job": 1, "event": "table_file_creation", "file_number": 216, "file_size": 129906431, "table_properties": {"data_size": 129325502, "index_size": 580007, "filter_size": 0, "raw_key_size": 752784, "raw_average_key_size": 24, "raw_value_size": 128475136, "raw_average_value_size": 4096, "num_data_blocks": 15683, "num_entries": 31366, "filter_policy_name": "", "kDeletedKeys": "0", "kMergeOperands": "0"}}
2018/11/17-21:14:37.767478 7f31bcad9700 [db/db_impl_open.cc:551] Recovering log #216 mode 2
2018/11/17-21:14:38.686778 7f31bcad9700 [db/db_impl_open.cc:551] Recovering log #217 mode 2
2018/11/17-21:14:39.290221 7f31bcad9700 EVENT_LOG_v1 {"time_micros": 1542518079290203, "cf_name": "usertable", "job": 1, "event": "table_file_creation", "file_number": 218, "file_size": 129910605, "table_properties": {"data_size": 129329639, "index_size": 580044, "filter_size": 0, "raw_key_size": 752808, "raw_average_key_size": 24, "raw_value_size": 128479232, "raw_average_value_size": 4096, "num_data_blocks": 15684, "num_entries": 31367, "filter_policy_name": "", "kDeletedKeys": "0", "kMergeOperands": "0"}}
2018/11/17-21:14:40.535273 7f31bcad9700 EVENT_LOG_v1 {"time_micros": 1542518080535255, "cf_name": "usertable", "job": 1, "event": "table_file_creation", "file_number": 219, "file_size": 129903634, "table_properties": {"data_size": 129326155, "index_size": 576557, "filter_size": 0, "raw_key_size": 752808, "raw_average_key_size": 24, "raw_value_size": 128479232, "raw_average_value_size": 4096, "num_data_blocks": 15684, "num_entries": 31367, "filter_policy_name": "", "kDeletedKeys": "0", "kMergeOperands": "0"}}
2018/11/17-21:14:40.535363 7f31bcad9700 [db/db_impl_open.cc:551] Recovering log #219 mode 2
2018/11/17-21:14:42.938771 7f31bcad9700 EVENT_LOG_v1 {"time_micros": 1542518082938752, "cf_name": "usertable", "job": 1, "event": "table_file_creation", "file_number": 220, "file_size": 129922998, "table_properties": {"data_size": 129341995, "index_size": 580081, "filter_size": 0, "raw_key_size": 752880, "raw_average_key_size": 24, "raw_value_size": 128491520, "raw_average_value_size": 4096, "num_data_blocks": 15685, "num_entries": 31370, "filter_policy_name": "", "kDeletedKeys": "0", "kMergeOperands": "0"}}
2018/11/17-21:14:42.938938 7f31bcad9700 [db/db_impl_open.cc:551] Recovering log #220 mode 2
2018/11/17-21:14:43.393641 7f31bcad9700 [db/db_impl_open.cc:551] Recovering log #222 mode 2
2018/11/17-21:14:44.217460 7f31bcad9700 EVENT_LOG_v1 {"time_micros": 1542518084217439, "cf_name": "usertable", "job": 1, "event": "table_file_creation", "file_number": 223, "file_size": 129931281, "table_properties": {"data_size": 129350241, "index_size": 580118, "filter_size": 0, "raw_key_size": 752928, "raw_average_key_size": 24, "raw_value_size": 128499712, "raw_average_value_size": 4096, "num_data_blocks": 15686, "num_entries": 31372, "filter_policy_name": "", "kDeletedKeys": "0", "kMergeOperands": "0"}}
2018/11/17-21:14:45.200251 7f31bcad9700 [db/db_impl_open.cc:551] Recovering log #223 mode 2
2018/11/17-21:14:45.694930 7f31bcad9700 EVENT_LOG_v1 {"time_micros": 1542518085694909, "cf_name": "usertable", "job": 1, "event": "table_file_creation", "file_number": 224, "file_size": 129906433, "table_properties": {"data_size": 129325504, "index_size": 580007, "filter_size": 0, "raw_key_size": 752784, "raw_average_key_size": 24, "raw_value_size": 128475136, "raw_average_value_size": 4096, "num_data_blocks": 15683, "num_entries": 31366, "filter_policy_name": "", "kDeletedKeys": "0", "kMergeOperands": "0"}}
2018/11/17-21:14:46.041161 7f31bcad9700 [db/db_impl_open.cc:551] Recovering log #225 mode 2
2018/11/17-21:14:47.299616 7f31bcad9700 EVENT_LOG_v1 {"time_micros": 1542518087299595, "cf_name": "usertable", "job": 1, "event": "table_file_creation", "file_number": 226, "file_size": 129922998, "table_properties": {"data_size": 129341995, "index_size": 580081, "filter_size": 0, "raw_key_size": 752880, "raw_average_key_size": 24, "raw_value_size": 128491520, "raw_average_value_size": 4096, "num_data_blocks": 15685, "num_entries": 31370, "filter_policy_name": "", "kDeletedKeys": "0", "kMergeOperands": "0"}}
2018/11/17-21:14:48.247736 7f31bcad9700 [db/db_impl_open.cc:551] Recovering log #226 mode 2
2018/11/17-21:14:49.355102 7f31bcad9700 EVENT_LOG_v1 {"time_micros": 1542518089355083, "cf_name": "usertable", "job": 1, "event": "table_file_creation", "file_number": 227, "file_size": 129910605, "table_properties": {"data_size": 129329639, "index_size": 580044, "filter_size": 0, "raw_key_size": 752808, "raw_average_key_size": 24, "raw_value_size": 128479232, "raw_average_value_size": 4096, "num_data_blocks": 15684, "num_entries": 31367, "filter_policy_name": "", "kDeletedKeys": "0", "kMergeOperands": "0"}}
2018/11/17-21:14:49.759101 7f31bcad9700 [db/db_impl_open.cc:551] Recovering log #229 mode 2
2018/11/17-21:14:50.830035 7f31bcad9700 EVENT_LOG_v1 {"time_micros": 1542518090830014, "cf_name": "usertable", "job": 1, "event": "table_file_creation", "file_number": 230, "file_size": 129916026, "table_properties": {"data_size": 129338510, "index_size": 576594, "filter_size": 0, "raw_key_size": 752880, "raw_average_key_size": 24, "raw_value_size": 128491520, "raw_average_value_size": 4096, "num_data_blocks": 15685, "num_entries": 31370, "filter_policy_name": "", "kDeletedKeys": "0", "kMergeOperands": "0"}}
2018/11/17-21:14:51.623716 7f31bcad9700 [db/db_impl_open.cc:551] Recovering log #230 mode 2
2018/11/17-21:14:52.113903 7f31bcad9700 EVENT_LOG_v1 {"time_micros": 1542518092113882, "cf_name": "usertable", "job": 1, "event": "table_file_creation", "file_number": 231, "file_size": 129932594, "table_properties": {"data_size": 129355002, "index_size": 576670, "filter_size": 0, "raw_key_size": 752976, "raw_average_key_size": 24, "raw_value_size": 128507904, "raw_average_value_size": 4096, "num_data_blocks": 15687, "num_entries": 31374, "filter_policy_name": "", "kDeletedKeys": "0", "kMergeOperands": "0"}}
2018/11/17-21:14:52.446922 7f31bcad9700 [db/db_impl_open.cc:551] Recovering log #232 mode 2
2018/11/17-21:14:54.120862 7f31bcad9700 EVENT_LOG_v1 {"time_micros": 1542518094120843, "cf_name": "usertable", "job": 1, "event": "table_file_creation", "file_number": 233, "file_size": 129907745, "table_properties": {"data_size": 129330264, "index_size": 576559, "filter_size": 0, "raw_key_size": 752832, "raw_average_key_size": 24, "raw_value_size": 128483328, "raw_average_value_size": 4096, "num_data_blocks": 15684, "num_entries": 31368, "filter_policy_name": "", "kDeletedKeys": "0", "kMergeOperands": "0"}}
2018/11/17-21:14:54.557322 7f31bcad9700 [db/db_impl_open.cc:551] Recovering log #233 mode 2
2018/11/17-21:14:55.059792 7f31bcad9700 EVENT_LOG_v1 {"time_micros": 1542518095059771, "cf_name": "usertable", "job": 1, "event": "table_file_creation", "file_number": 234, "file_size": 129899461, "table_properties": {"data_size": 129322018, "index_size": 576521, "filter_size": 0, "raw_key_size": 752784, "raw_average_key_size": 24, "raw_value_size": 128475136, "raw_average_value_size": 4096, "num_data_blocks": 15683, "num_entries": 31366, "filter_policy_name": "", "kDeletedKeys": "0", "kMergeOperands": "0"}}
2018/11/17-21:14:55.391786 7f31bcad9700 [db/db_impl_open.cc:551] Recovering log #235 mode 2
2018/11/17-21:14:57.228166 7f31bcad9700 EVENT_LOG_v1 {"time_micros": 1542518097228146, "cf_name": "usertable", "job": 1, "event": "table_file_creation", "file_number": 236, "file_size": 129916028, "table_properties": {"data_size": 129338510, "index_size": 576596, "filter_size": 0, "raw_key_size": 752880, "raw_average_key_size": 24, "raw_value_size": 128491520, "raw_average_value_size": 4096, "num_data_blocks": 15685, "num_entries": 31370, "filter_policy_name": "", "kDeletedKeys": "0", "kMergeOperands": "0"}}
2018/11/17-21:14:58.088627 7f31bcad9700 [db/db_impl_open.cc:551] Recovering log #236 mode 2
2018/11/17-21:14:59.024289 7f31bcad9700 EVENT_LOG_v1 {"time_micros": 1542518099024267, "cf_name": "usertable", "job": 1, "event": "table_file_creation", "file_number": 237, "file_size": 129916027, "table_properties": {"data_size": 129338510, "index_size": 576595, "filter_size": 0, "raw_key_size": 752880, "raw_average_key_size": 24, "raw_value_size": 128491520, "raw_average_value_size": 4096, "num_data_blocks": 15685, "num_entries": 31370, "filter_policy_name": "", "kDeletedKeys": "0", "kMergeOperands": "0"}}
2018/11/17-21:14:59.882966 7f31bcad9700 [db/db_impl_open.cc:551] Recovering log #238 mode 2
2018/11/17-21:15:01.074022 7f31bcad9700 EVENT_LOG_v1 {"time_micros": 1542518101074002, "cf_name": "usertable", "job": 1, "event": "table_file_creation", "file_number": 239, "file_size": 129899463, "table_properties": {"data_size": 129322018, "index_size": 576523, "filter_size": 0, "raw_key_size": 752784, "raw_average_key_size": 24, "raw_value_size": 128475136, "raw_average_value_size": 4096, "num_data_blocks": 15683, "num_entries": 31366, "filter_policy_name": "", "kDeletedKeys": "0", "kMergeOperands": "0"}}
2018/11/17-21:15:01.437041 7f31bcad9700 [db/version_set.cc:2847] Creating manifest 240
2018/11/17-21:15:02.062305 7f31bcad9700 EVENT_LOG_v1 {"time_micros": 1542518102062284, "cf_name": "usertable", "job": 1, "event": "table_file_creation", "file_number": 241, "file_size": 50852805, "table_properties": {"data_size": 50626331, "index_size": 225553, "filter_size": 0, "raw_key_size": 294696, "raw_average_key_size": 24, "raw_value_size": 50294784, "raw_average_value_size": 4096, "num_data_blocks": 6140, "num_entries": 12279, "filter_policy_name": "", "kDeletedKeys": "0", "kMergeOperands": "0"}}
2018/11/17-21:15:02.090901 7f31bcad9700 EVENT_LOG_v1 {"time_micros": 1542518102090897, "job": 1, "event": "recovery_finished"}
2018/11/17-21:15:02.091089 7f31bcad9700 [WARN] [db/column_family.cc:799] [usertable] Stalling writes because we have 31 level-0 files rate 16777216
2018/11/17-21:15:02.288707 7f31bcad9700 [db/db_impl_open.cc:1219] DB pointer 0x7f31443d1f70
2018/11/17-21:15:02.289059 7f310bde9700 [WARN] [db/db_impl.cc:491] ------- DUMPING STATS -------
2018/11/17-21:15:02.289101 7f310bde9700 [WARN] [db/db_impl.cc:492] 
** DB Stats **
Uptime(secs): 25.8 total, 25.8 interval
Cumulative writes: 0 writes, 0 keys, 0 commit groups, 0.0 writes per commit group, ingest: 0.00 GB, 0.00 MB/s
Cumulative WAL: 0 writes, 0 syncs, 0.00 writes per sync, written: 0.00 GB, 0.00 MB/s
Cumulative stall: 00:00:0.000 H:M:S, 0.0 percent
Interval writes: 0 writes, 0 keys, 0 commit groups, 0.0 writes per commit group, ingest: 0.00 MB, 0.00 MB/s
Interval WAL: 0 writes, 0 syncs, 0.00 writes per sync, written: 0.00 MB, 0.00 MB/s
Interval stall: 00:00:0.000 H:M:S, 0.0 percent

** Compaction Stats [default] **
Level    Files   Size     Score Read(GB)  Rn(GB) Rnp1(GB) Write(GB) Wnew(GB) Moved(GB) W-Amp Rd(MB/s) Wr(MB/s) Comp(sec) Comp(cnt) Avg(sec) KeyIn KeyDrop
----------------------------------------------------------------------------------------------------------------------------------------------------------
 Sum      0/0    0.00 KB   0.0      0.0     0.0      0.0       0.0      0.0       0.0   0.0      0.0      0.0         0         0    0.000       0      0
 Int      0/0    0.00 KB   0.0      0.0     0.0      0.0       0.0      0.0       0.0   0.0      0.0      0.0         0         0    0.000       0      0
Uptime(secs): 25.8 total, 25.8 interval
Flush(GB): cumulative 0.000, interval 0.000
AddFile(GB): cumulative 0.000, interval 0.000
AddFile(Total Files): cumulative 0, interval 0
AddFile(L0 Files): cumulative 0, interval 0
AddFile(Keys): cumulative 0, interval 0
Cumulative compaction: 0.00 GB write, 0.00 MB/s write, 0.00 GB read, 0.00 MB/s read, 0.0 seconds
Interval compaction: 0.00 GB write, 0.00 MB/s write, 0.00 GB read, 0.00 MB/s read, 0.0 seconds
Stalls(count): 0 level0_slowdown, 0 level0_slowdown_with_compaction, 0 level0_numfiles, 0 level0_numfiles_with_compaction, 0 stop for pending_compaction_bytes, 0 slowdown for pending_compaction_bytes, 0 memtable_compaction, 0 memtable_slowdown, interval 0 total count

** File Read Latency Histogram By Level [default] **

** Compaction Stats [usertable] **
Level    Files   Size     Score Read(GB)  Rn(GB) Rnp1(GB) Write(GB) Wnew(GB) Moved(GB) W-Amp Rd(MB/s) Wr(MB/s) Comp(sec) Comp(cnt) Avg(sec) KeyIn KeyDrop
----------------------------------------------------------------------------------------------------------------------------------------------------------
  L0     31/0   14.63 GB  29.3      0.0     0.0      0.0       1.9      1.9       0.0   1.0      0.0    125.2        15        16    0.952       0      0
  L1      8/0   486.36 MB   0.9      0.0     0.0      0.0       0.0      0.0       0.0   0.0      0.0      0.0         0         0    0.000       0      0
 Sum     39/0   15.11 GB   0.0      0.0     0.0      0.0       1.9      1.9       0.0   1.0      0.0    125.2        15        16    0.952       0      0
 Int      0/0    0.00 KB   0.0      0.0     0.0      0.0       1.9      1.9       0.0   1.0      0.0    125.2        15        16    0.952       0      0
Uptime(secs): 25.8 total, 25.8 interval
Flush(GB): cumulative 1.862, interval 1.862
AddFile(GB): cumulative 0.000, interval 0.000
AddFile(Total Files): cumulative 0, interval 0
AddFile(L0 Files): cumulative 0, interval 0
AddFile(Keys): cumulative 0, interval 0
Cumulative compaction: 1.86 GB write, 73.96 MB/s write, 0.00 GB read, 0.00 MB/s read, 15.2 seconds
Interval compaction: 1.86 GB write, 73.96 MB/s write, 0.00 GB read, 0.00 MB/s read, 15.2 seconds
Stalls(count): 1 level0_slowdown, 0 level0_slowdown_with_compaction, 0 level0_numfiles, 0 level0_numfiles_with_compaction, 0 stop for pending_compaction_bytes, 0 slowdown for pending_compaction_bytes, 0 memtable_compaction, 0 memtable_slowdown, interval 1 total count

** File Read Latency Histogram By Level [usertable] **

** Compaction Stats [default] **
Level    Files   Size     Score Read(GB)  Rn(GB) Rnp1(GB) Write(GB) Wnew(GB) Moved(GB) W-Amp Rd(MB/s) Wr(MB/s) Comp(sec) Comp(cnt) Avg(sec) KeyIn KeyDrop
----------------------------------------------------------------------------------------------------------------------------------------------------------
 Sum      0/0    0.00 KB   0.0      0.0     0.0      0.0       0.0      0.0       0.0   0.0      0.0      0.0         0         0    0.000       0      0
 Int      0/0    0.00 KB   0.0      0.0     0.0      0.0       0.0      0.0       0.0   0.0      0.0      0.0         0         0    0.000       0      0
Uptime(secs): 25.8 total, 0.0 interval
Flush(GB): cumulative 0.000, interval 0.000
AddFile(GB): cumulative 0.000, interval 0.000
AddFile(Total Files): cumulative 0, interval 0
AddFile(L0 Files): cumulative 0, interval 0
AddFile(Keys): cumulative 0, interval 0
Cumulative compaction: 0.00 GB write, 0.00 MB/s write, 0.00 GB read, 0.00 MB/s read, 0.0 seconds
Interval compaction: 0.00 GB write, 0.00 MB/s write, 0.00 GB read, 0.00 MB/s read, 0.0 seconds
Stalls(count): 0 level0_slowdown, 0 level0_slowdown_with_compaction, 0 level0_numfiles, 0 level0_numfiles_with_compaction, 0 stop for pending_compaction_bytes, 0 slowdown for pending_compaction_bytes, 0 memtable_compaction, 0 memtable_slowdown, interval 0 total count

** File Read Latency Histogram By Level [default] **

** Compaction Stats [usertable] **
Level    Files   Size     Score Read(GB)  Rn(GB) Rnp1(GB) Write(GB) Wnew(GB) Moved(GB) W-Amp Rd(MB/s) Wr(MB/s) Comp(sec) Comp(cnt) Avg(sec) KeyIn KeyDrop
----------------------------------------------------------------------------------------------------------------------------------------------------------
  L0     31/0   14.63 GB  29.3      0.0     0.0      0.0       1.9      1.9       0.0   1.0      0.0    125.2        15        16    0.952       0      0
  L1      8/0   486.36 MB   0.9      0.0     0.0      0.0       0.0      0.0       0.0   0.0      0.0      0.0         0         0    0.000       0      0
