2018/11/17-20:13:37.796529 7f39141db700 RocksDB version: 5.14.3
2018/11/17-20:13:37.796593 7f39141db700 Git sha rocksdb_build_git_sha:
2018/11/17-20:13:37.796596 7f39141db700 Compile date Oct 15 2018
2018/11/17-20:13:37.796600 7f39141db700 DB SUMMARY
2018/11/17-20:13:37.796620 7f39141db700 SST files in /mnt/sdb/ycsb-rocksdb-data dir, Total Num: 0, files: 
2018/11/17-20:13:37.796622 7f39141db700 Write Ahead Log file in /mnt/sdb/ycsb-rocksdb-data: 
2018/11/17-20:13:37.796625 7f39141db700                         Options.error_if_exists: 0
2018/11/17-20:13:37.796626 7f39141db700                       Options.create_if_missing: 1
2018/11/17-20:13:37.796627 7f39141db700                         Options.paranoid_checks: 1
2018/11/17-20:13:37.796628 7f39141db700                                     Options.env: 0x7f38deccf3e0
2018/11/17-20:13:37.796628 7f39141db700                                Options.info_log: 0x7f38e43c2810
2018/11/17-20:13:37.796629 7f39141db700                Options.max_file_opening_threads: 16
2018/11/17-20:13:37.796630 7f39141db700                              Options.statistics: (nil)
2018/11/17-20:13:37.796631 7f39141db700                               Options.use_fsync: 0
2018/11/17-20:13:37.796632 7f39141db700                       Options.max_log_file_size: 0
2018/11/17-20:13:37.796633 7f39141db700                  Options.max_manifest_file_size: 18446744073709551615
2018/11/17-20:13:37.796634 7f39141db700                   Options.log_file_time_to_roll: 0
2018/11/17-20:13:37.796635 7f39141db700                       Options.keep_log_file_num: 1000
2018/11/17-20:13:37.796636 7f39141db700                    Options.recycle_log_file_num: 0
2018/11/17-20:13:37.796636 7f39141db700                         Options.allow_fallocate: 1
2018/11/17-20:13:37.796637 7f39141db700                        Options.allow_mmap_reads: 0
2018/11/17-20:13:37.796638 7f39141db700                       Options.allow_mmap_writes: 0
2018/11/17-20:13:37.796639 7f39141db700                        Options.use_direct_reads: 0
2018/11/17-20:13:37.796640 7f39141db700                        Options.use_direct_io_for_flush_and_compaction: 0
2018/11/17-20:13:37.796641 7f39141db700          Options.create_missing_column_families: 1
2018/11/17-20:13:37.796641 7f39141db700                              Options.db_log_dir: 
2018/11/17-20:13:37.796642 7f39141db700                                 Options.wal_dir: /mnt/sdb/ycsb-rocksdb-data
2018/11/17-20:13:37.796643 7f39141db700                Options.table_cache_numshardbits: 6
2018/11/17-20:13:37.796644 7f39141db700                      Options.max_subcompactions: 4
2018/11/17-20:13:37.796645 7f39141db700                  Options.max_background_flushes: 24
2018/11/17-20:13:37.796645 7f39141db700                         Options.WAL_ttl_seconds: 0
2018/11/17-20:13:37.796646 7f39141db700                       Options.WAL_size_limit_MB: 0
2018/11/17-20:13:37.796647 7f39141db700             Options.manifest_preallocation_size: 4194304
2018/11/17-20:13:37.796648 7f39141db700                     Options.is_fd_close_on_exec: 1
2018/11/17-20:13:37.796649 7f39141db700                   Options.advise_random_on_open: 1
2018/11/17-20:13:37.796649 7f39141db700                    Options.db_write_buffer_size: 0
2018/11/17-20:13:37.796650 7f39141db700                    Options.write_buffer_manager: 0x7f38e43be700
2018/11/17-20:13:37.796651 7f39141db700         Options.access_hint_on_compaction_start: 1
2018/11/17-20:13:37.796652 7f39141db700  Options.new_table_reader_for_compaction_inputs: 0
2018/11/17-20:13:37.796652 7f39141db700           Options.random_access_max_buffer_size: 1048576
2018/11/17-20:13:37.796653 7f39141db700                      Options.use_adaptive_mutex: 0
2018/11/17-20:13:37.796654 7f39141db700                            Options.rate_limiter: (nil)
2018/11/17-20:13:37.796656 7f39141db700     Options.sst_file_manager.rate_bytes_per_sec: 0
2018/11/17-20:13:37.796656 7f39141db700                       Options.wal_recovery_mode: 2
2018/11/17-20:13:37.796657 7f39141db700                  Options.enable_thread_tracking: 0
2018/11/17-20:13:37.796658 7f39141db700                  Options.enable_pipelined_write: 1
2018/11/17-20:13:37.796667 7f39141db700         Options.allow_concurrent_memtable_write: 1
2018/11/17-20:13:37.796668 7f39141db700      Options.enable_write_thread_adaptive_yield: 1
2018/11/17-20:13:37.796669 7f39141db700             Options.write_thread_max_yield_usec: 100
2018/11/17-20:13:37.796670 7f39141db700            Options.write_thread_slow_yield_usec: 3
2018/11/17-20:13:37.796670 7f39141db700                               Options.row_cache: None
2018/11/17-20:13:37.796671 7f39141db700                              Options.wal_filter: None
2018/11/17-20:13:37.796672 7f39141db700             Options.avoid_flush_during_recovery: 0
2018/11/17-20:13:37.796673 7f39141db700             Options.allow_ingest_behind: 0
2018/11/17-20:13:37.796674 7f39141db700             Options.preserve_deletes: 0
2018/11/17-20:13:37.796674 7f39141db700             Options.two_write_queues: 0
2018/11/17-20:13:37.796675 7f39141db700             Options.manual_wal_flush: 0
2018/11/17-20:13:37.796677 7f39141db700             Options.max_background_jobs: 24
2018/11/17-20:13:37.796678 7f39141db700             Options.max_background_compactions: 24
2018/11/17-20:13:37.796678 7f39141db700             Options.avoid_flush_during_shutdown: 0
2018/11/17-20:13:37.796679 7f39141db700           Options.writable_file_max_buffer_size: 1048576
2018/11/17-20:13:37.796680 7f39141db700             Options.delayed_write_rate : 16777216
2018/11/17-20:13:37.796681 7f39141db700             Options.max_total_wal_size: 0
2018/11/17-20:13:37.796682 7f39141db700             Options.delete_obsolete_files_period_micros: 21600000000
2018/11/17-20:13:37.796683 7f39141db700                   Options.stats_dump_period_sec: 60
2018/11/17-20:13:37.796683 7f39141db700                          Options.max_open_files: -1
2018/11/17-20:13:37.796684 7f39141db700                          Options.bytes_per_sync: 1048576
2018/11/17-20:13:37.796685 7f39141db700                      Options.wal_bytes_per_sync: 0
2018/11/17-20:13:37.796686 7f39141db700       Options.compaction_readahead_size: 0
2018/11/17-20:13:37.796687 7f39141db700 Compression algorithms supported:
2018/11/17-20:13:37.796688 7f39141db700 	kZSTDNotFinalCompression supported: 1
2018/11/17-20:13:37.796695 7f39141db700 	kZSTD supported: 1
2018/11/17-20:13:37.796696 7f39141db700 	kXpressCompression supported: 0
2018/11/17-20:13:37.796697 7f39141db700 	kLZ4HCCompression supported: 1
2018/11/17-20:13:37.796698 7f39141db700 	kLZ4Compression supported: 1
2018/11/17-20:13:37.796699 7f39141db700 	kBZip2Compression supported: 1
2018/11/17-20:13:37.796700 7f39141db700 	kZlibCompression supported: 1
2018/11/17-20:13:37.796701 7f39141db700 	kSnappyCompression supported: 1
2018/11/17-20:13:37.796704 7f39141db700 Fast CRC32 supported: Supported on x86
2018/11/17-20:13:37.796771 7f39141db700 [db/db_impl_open.cc:222] Creating manifest 1 
2018/11/17-20:13:37.894928 7f39141db700 [db/version_set.cc:3085] Recovering from manifest file: MANIFEST-000001
2018/11/17-20:13:37.895001 7f39141db700 [db/column_family.cc:475] --------------- Options for column family [default]:
2018/11/17-20:13:37.895005 7f39141db700               Options.comparator: leveldb.BytewiseComparator
2018/11/17-20:13:37.895006 7f39141db700           Options.merge_operator: None
2018/11/17-20:13:37.895007 7f39141db700        Options.compaction_filter: None
2018/11/17-20:13:37.895008 7f39141db700        Options.compaction_filter_factory: None
2018/11/17-20:13:37.895008 7f39141db700         Options.memtable_factory: SkipListFactory
2018/11/17-20:13:37.895009 7f39141db700            Options.table_factory: BlockBasedTable
2018/11/17-20:13:37.895047 7f39141db700            table_factory options:   flush_block_policy_factory: FlushBlockBySizePolicyFactory (0x7f38e4384f20)
  cache_index_and_filter_blocks: 0
  cache_index_and_filter_blocks_with_high_priority: 0
  pin_l0_filter_and_index_blocks_in_cache: 0
  index_type: 0
  hash_index_allow_collision: 1
  checksum: 1
  no_block_cache: 0
  block_cache: 0x7f38e43900b0
  block_cache_name: LRUCache
  block_cache_options:
    capacity : 8388608
    num_shard_bits : 4
    strict_capacity_limit : 0
    high_pri_pool_ratio: 0.000
  block_cache_compressed: (nil)
  persistent_cache: (nil)
  block_size: 8192
  block_size_deviation: 10
  block_restart_interval: 16
  index_block_restart_interval: 1
  metadata_block_size: 4096
  partition_filters: 0
  use_delta_encoding: 1
  filter_policy: nullptr
  whole_key_filtering: 1
  verify_compression: 0
  read_amp_bytes_per_bit: 0
  format_version: 2
  enable_index_compression: 1
  block_align: 0
2018/11/17-20:13:37.895062 7f39141db700        Options.write_buffer_size: 134217728
2018/11/17-20:13:37.895063 7f39141db700  Options.max_write_buffer_number: 24
2018/11/17-20:13:37.895064 7f39141db700        Options.compression[0]: NoCompression
2018/11/17-20:13:37.895065 7f39141db700        Options.compression[1]: NoCompression
2018/11/17-20:13:37.895066 7f39141db700        Options.compression[2]: LZ4
2018/11/17-20:13:37.895067 7f39141db700        Options.compression[3]: LZ4
2018/11/17-20:13:37.895068 7f39141db700        Options.compression[4]: LZ4
2018/11/17-20:13:37.895069 7f39141db700        Options.compression[5]: LZ4
2018/11/17-20:13:37.895070 7f39141db700        Options.compression[6]: LZ4
2018/11/17-20:13:37.895070 7f39141db700                  Options.bottommost_compression: Disabled
2018/11/17-20:13:37.895071 7f39141db700       Options.prefix_extractor: nullptr
2018/11/17-20:13:37.895072 7f39141db700   Options.memtable_insert_with_hint_prefix_extractor: nullptr
2018/11/17-20:13:37.895073 7f39141db700             Options.num_levels: 7
2018/11/17-20:13:37.895074 7f39141db700        Options.min_write_buffer_number_to_merge: 2
2018/11/17-20:13:37.895075 7f39141db700     Options.max_write_buffer_number_to_maintain: 0
2018/11/17-20:13:37.895076 7f39141db700            Options.compression_opts.window_bits: -14
2018/11/17-20:13:37.895077 7f39141db700                  Options.compression_opts.level: -1
2018/11/17-20:13:37.895077 7f39141db700               Options.compression_opts.strategy: 0
2018/11/17-20:13:37.895078 7f39141db700         Options.compression_opts.max_dict_bytes: 0
2018/11/17-20:13:37.895079 7f39141db700         Options.compression_opts.zstd_max_train_bytes: 0
2018/11/17-20:13:37.895080 7f39141db700      Options.level0_file_num_compaction_trigger: 2
2018/11/17-20:13:37.895081 7f39141db700          Options.level0_slowdown_writes_trigger: 20
2018/11/17-20:13:37.895082 7f39141db700              Options.level0_stop_writes_trigger: 36
2018/11/17-20:13:37.895082 7f39141db700                   Options.target_file_size_base: 67108864
2018/11/17-20:13:37.895083 7f39141db700             Options.target_file_size_multiplier: 1
2018/11/17-20:13:37.895084 7f39141db700                Options.max_bytes_for_level_base: 536870912
2018/11/17-20:13:37.895085 7f39141db700 Options.level_compaction_dynamic_level_bytes: 0
2018/11/17-20:13:37.895086 7f39141db700          Options.max_bytes_for_level_multiplier: 10.000000
2018/11/17-20:13:37.895089 7f39141db700 Options.max_bytes_for_level_multiplier_addtl[0]: 1
2018/11/17-20:13:37.895090 7f39141db700 Options.max_bytes_for_level_multiplier_addtl[1]: 1
2018/11/17-20:13:37.895091 7f39141db700 Options.max_bytes_for_level_multiplier_addtl[2]: 1
2018/11/17-20:13:37.895091 7f39141db700 Options.max_bytes_for_level_multiplier_addtl[3]: 1
2018/11/17-20:13:37.895092 7f39141db700 Options.max_bytes_for_level_multiplier_addtl[4]: 1
2018/11/17-20:13:37.895093 7f39141db700 Options.max_bytes_for_level_multiplier_addtl[5]: 1
2018/11/17-20:13:37.895094 7f39141db700 Options.max_bytes_for_level_multiplier_addtl[6]: 1
2018/11/17-20:13:37.895095 7f39141db700       Options.max_sequential_skip_in_iterations: 8
2018/11/17-20:13:37.895095 7f39141db700                    Options.max_compaction_bytes: 1677721600
2018/11/17-20:13:37.895096 7f39141db700                        Options.arena_block_size: 16777216
2018/11/17-20:13:37.895097 7f39141db700   Options.soft_pending_compaction_bytes_limit: 68719476736
2018/11/17-20:13:37.895098 7f39141db700   Options.hard_pending_compaction_bytes_limit: 274877906944
2018/11/17-20:13:37.895104 7f39141db700       Options.rate_limit_delay_max_milliseconds: 100
2018/11/17-20:13:37.895106 7f39141db700                Options.disable_auto_compactions: 0
2018/11/17-20:13:37.895108 7f39141db700                        Options.compaction_style: kCompactionStyleLevel
2018/11/17-20:13:37.895109 7f39141db700                          Options.compaction_pri: kByCompensatedSize
2018/11/17-20:13:37.895110 7f39141db700 Options.compaction_options_universal.size_ratio: 1
2018/11/17-20:13:37.895111 7f39141db700 Options.compaction_options_universal.min_merge_width: 2
2018/11/17-20:13:37.895112 7f39141db700 Options.compaction_options_universal.max_merge_width: 4294967295
2018/11/17-20:13:37.895113 7f39141db700 Options.compaction_options_universal.max_size_amplification_percent: 200
2018/11/17-20:13:37.895113 7f39141db700 Options.compaction_options_universal.compression_size_percent: -1
2018/11/17-20:13:37.895115 7f39141db700 Options.compaction_options_universal.stop_style: kCompactionStopStyleTotalSize
2018/11/17-20:13:37.895116 7f39141db700 Options.compaction_options_fifo.max_table_files_size: 1073741824
2018/11/17-20:13:37.895117 7f39141db700 Options.compaction_options_fifo.allow_compaction: 0
2018/11/17-20:13:37.895118 7f39141db700 Options.compaction_options_fifo.ttl: 0
2018/11/17-20:13:37.895119 7f39141db700                   Options.table_properties_collectors: 
2018/11/17-20:13:37.895119 7f39141db700                   Options.inplace_update_support: 0
2018/11/17-20:13:37.895120 7f39141db700                 Options.inplace_update_num_locks: 10000
2018/11/17-20:13:37.895121 7f39141db700               Options.memtable_prefix_bloom_size_ratio: 0.000000
2018/11/17-20:13:37.895123 7f39141db700   Options.memtable_huge_page_size: 0
2018/11/17-20:13:37.895123 7f39141db700                           Options.bloom_locality: 0
2018/11/17-20:13:37.895124 7f39141db700                    Options.max_successive_merges: 0
2018/11/17-20:13:37.895125 7f39141db700                Options.optimize_filters_for_hits: 0
2018/11/17-20:13:37.895126 7f39141db700                Options.paranoid_file_checks: 0
2018/11/17-20:13:37.895127 7f39141db700                Options.force_consistency_checks: 0
2018/11/17-20:13:37.895128 7f39141db700                Options.report_bg_io_stats: 0
2018/11/17-20:13:37.895129 7f39141db700                               Options.ttl: 0
2018/11/17-20:13:37.896043 7f39141db700 [db/version_set.cc:3361] Recovered from manifest file:/mnt/sdb/ycsb-rocksdb-data/MANIFEST-000001 succeeded,manifest_file_number is 1, next_file_number is 3, last_sequence is 0, log_number is 0,prev_log_number is 0,max_column_family is 0,min_log_number_to_keep is 0
2018/11/17-20:13:37.896053 7f39141db700 [db/version_set.cc:3369] Column family [default] (ID 0), log number is 0
2018/11/17-20:13:37.896278 7f39141db700 [db/version_set.cc:2847] Creating manifest 4
2018/11/17-20:13:37.966274 7f39141db700 [db/column_family.cc:475] --------------- Options for column family [usertable]:
2018/11/17-20:13:37.966278 7f39141db700               Options.comparator: leveldb.BytewiseComparator
2018/11/17-20:13:37.966279 7f39141db700           Options.merge_operator: None
2018/11/17-20:13:37.966280 7f39141db700        Options.compaction_filter: None
2018/11/17-20:13:37.966281 7f39141db700        Options.compaction_filter_factory: None
2018/11/17-20:13:37.966282 7f39141db700         Options.memtable_factory: SkipListFactory
2018/11/17-20:13:37.966283 7f39141db700            Options.table_factory: BlockBasedTable
2018/11/17-20:13:37.966311 7f39141db700            table_factory options:   flush_block_policy_factory: FlushBlockBySizePolicyFactory (0x7f38e4384f00)
  cache_index_and_filter_blocks: 0
  cache_index_and_filter_blocks_with_high_priority: 0
  pin_l0_filter_and_index_blocks_in_cache: 0
  index_type: 0
  hash_index_allow_collision: 1
  checksum: 1
  no_block_cache: 0
  block_cache: 0x7f38e4385a60
  block_cache_name: LRUCache
  block_cache_options:
    capacity : 8388608
    num_shard_bits : 4
    strict_capacity_limit : 0
    high_pri_pool_ratio: 0.000
  block_cache_compressed: (nil)
  persistent_cache: (nil)
  block_size: 8192
  block_size_deviation: 10
  block_restart_interval: 16
  index_block_restart_interval: 1
  metadata_block_size: 4096
  partition_filters: 0
  use_delta_encoding: 1
  filter_policy: nullptr
  whole_key_filtering: 1
  verify_compression: 0
  read_amp_bytes_per_bit: 0
  format_version: 2
  enable_index_compression: 1
  block_align: 0
2018/11/17-20:13:37.966313 7f39141db700        Options.write_buffer_size: 134217728
2018/11/17-20:13:37.966314 7f39141db700  Options.max_write_buffer_number: 24
2018/11/17-20:13:37.966315 7f39141db700        Options.compression[0]: NoCompression
2018/11/17-20:13:37.966316 7f39141db700        Options.compression[1]: NoCompression
2018/11/17-20:13:37.966317 7f39141db700        Options.compression[2]: LZ4
2018/11/17-20:13:37.966318 7f39141db700        Options.compression[3]: LZ4
2018/11/17-20:13:37.966319 7f39141db700        Options.compression[4]: LZ4
2018/11/17-20:13:37.966320 7f39141db700        Options.compression[5]: LZ4
2018/11/17-20:13:37.966321 7f39141db700        Options.compression[6]: LZ4
2018/11/17-20:13:37.966322 7f39141db700                  Options.bottommost_compression: Disabled
2018/11/17-20:13:37.966323 7f39141db700       Options.prefix_extractor: nullptr
2018/11/17-20:13:37.966324 7f39141db700   Options.memtable_insert_with_hint_prefix_extractor: nullptr
2018/11/17-20:13:37.966324 7f39141db700             Options.num_levels: 7
2018/11/17-20:13:37.966325 7f39141db700        Options.min_write_buffer_number_to_merge: 2
2018/11/17-20:13:37.966326 7f39141db700     Options.max_write_buffer_number_to_maintain: 0
2018/11/17-20:13:37.966327 7f39141db700            Options.compression_opts.window_bits: -14
2018/11/17-20:13:37.966328 7f39141db700                  Options.compression_opts.level: -1
2018/11/17-20:13:37.966329 7f39141db700               Options.compression_opts.strategy: 0
2018/11/17-20:13:37.966330 7f39141db700         Options.compression_opts.max_dict_bytes: 0
2018/11/17-20:13:37.966331 7f39141db700         Options.compression_opts.zstd_max_train_bytes: 0
2018/11/17-20:13:37.966331 7f39141db700      Options.level0_file_num_compaction_trigger: 2
2018/11/17-20:13:37.966332 7f39141db700          Options.level0_slowdown_writes_trigger: 20
2018/11/17-20:13:37.966333 7f39141db700              Options.level0_stop_writes_trigger: 36
2018/11/17-20:13:37.966334 7f39141db700                   Options.target_file_size_base: 67108864
2018/11/17-20:13:37.966335 7f39141db700             Options.target_file_size_multiplier: 1
2018/11/17-20:13:37.966336 7f39141db700                Options.max_bytes_for_level_base: 536870912
2018/11/17-20:13:37.966336 7f39141db700 Options.level_compaction_dynamic_level_bytes: 0
2018/11/17-20:13:37.966337 7f39141db700          Options.max_bytes_for_level_multiplier: 10.000000
2018/11/17-20:13:37.966340 7f39141db700 Options.max_bytes_for_level_multiplier_addtl[0]: 1
2018/11/17-20:13:37.966351 7f39141db700 Options.max_bytes_for_level_multiplier_addtl[1]: 1
2018/11/17-20:13:37.966353 7f39141db700 Options.max_bytes_for_level_multiplier_addtl[2]: 1
2018/11/17-20:13:37.966354 7f39141db700 Options.max_bytes_for_level_multiplier_addtl[3]: 1
2018/11/17-20:13:37.966354 7f39141db700 Options.max_bytes_for_level_multiplier_addtl[4]: 1
2018/11/17-20:13:37.966355 7f39141db700 Options.max_bytes_for_level_multiplier_addtl[5]: 1
2018/11/17-20:13:37.966356 7f39141db700 Options.max_bytes_for_level_multiplier_addtl[6]: 1
2018/11/17-20:13:37.966357 7f39141db700       Options.max_sequential_skip_in_iterations: 8
2018/11/17-20:13:37.966358 7f39141db700                    Options.max_compaction_bytes: 1677721600
2018/11/17-20:13:37.966358 7f39141db700                        Options.arena_block_size: 16777216
2018/11/17-20:13:37.966359 7f39141db700   Options.soft_pending_compaction_bytes_limit: 68719476736
2018/11/17-20:13:37.966360 7f39141db700   Options.hard_pending_compaction_bytes_limit: 274877906944
2018/11/17-20:13:37.966361 7f39141db700       Options.rate_limit_delay_max_milliseconds: 100
2018/11/17-20:13:37.966362 7f39141db700                Options.disable_auto_compactions: 0
2018/11/17-20:13:37.966364 7f39141db700                        Options.compaction_style: kCompactionStyleLevel
2018/11/17-20:13:37.966365 7f39141db700                          Options.compaction_pri: kByCompensatedSize
2018/11/17-20:13:37.966366 7f39141db700 Options.compaction_options_universal.size_ratio: 1
2018/11/17-20:13:37.966367 7f39141db700 Options.compaction_options_universal.min_merge_width: 2
2018/11/17-20:13:37.966368 7f39141db700 Options.compaction_options_universal.max_merge_width: 4294967295
2018/11/17-20:13:37.966369 7f39141db700 Options.compaction_options_universal.max_size_amplification_percent: 200
2018/11/17-20:13:37.966369 7f39141db700 Options.compaction_options_universal.compression_size_percent: -1
2018/11/17-20:13:37.966371 7f39141db700 Options.compaction_options_universal.stop_style: kCompactionStopStyleTotalSize
2018/11/17-20:13:37.966372 7f39141db700 Options.compaction_options_fifo.max_table_files_size: 1073741824
2018/11/17-20:13:37.966373 7f39141db700 Options.compaction_options_fifo.allow_compaction: 0
2018/11/17-20:13:37.966374 7f39141db700 Options.compaction_options_fifo.ttl: 0
2018/11/17-20:13:37.966375 7f39141db700                   Options.table_properties_collectors: 
2018/11/17-20:13:37.966376 7f39141db700                   Options.inplace_update_support: 0
2018/11/17-20:13:37.966377 7f39141db700                 Options.inplace_update_num_locks: 10000
2018/11/17-20:13:37.966378 7f39141db700               Options.memtable_prefix_bloom_size_ratio: 0.000000
2018/11/17-20:13:37.966379 7f39141db700   Options.memtable_huge_page_size: 0
2018/11/17-20:13:37.966380 7f39141db700                           Options.bloom_locality: 0
2018/11/17-20:13:37.966381 7f39141db700                    Options.max_successive_merges: 0
2018/11/17-20:13:37.966382 7f39141db700                Options.optimize_filters_for_hits: 0
2018/11/17-20:13:37.966382 7f39141db700                Options.paranoid_file_checks: 0
2018/11/17-20:13:37.966383 7f39141db700                Options.force_consistency_checks: 0
2018/11/17-20:13:37.966384 7f39141db700                Options.report_bg_io_stats: 0
2018/11/17-20:13:37.966385 7f39141db700                               Options.ttl: 0
2018/11/17-20:13:37.966427 7f39141db700 [db/db_impl.cc:1396] Created column family [usertable] (ID 1)
2018/11/17-20:13:38.039939 7f39141db700 [db/db_impl_open.cc:1219] DB pointer 0x7f38e43c2e80
2018/11/17-20:13:38.316313 7f38dffff700 [db/db_impl_write.cc:1373] [usertable] New memtable created with log file: #9. Immutable memtables: 0.
2018/11/17-20:13:38.527634 7f38df3f3700 [db/db_impl_write.cc:1373] [usertable] New memtable created with log file: #10. Immutable memtables: 1.
2018/11/17-20:13:38.527769 7f37d6ffd700 [db/db_impl_compaction_flush.cc:80] [JOB 2] Syncing log #3
2018/11/17-20:13:38.755102 7f38dfcfc700 [db/db_impl_write.cc:1373] [usertable] New memtable created with log file: #12. Immutable memtables: 2.
2018/11/17-20:13:38.963893 7f38df3f3700 [db/db_impl_write.cc:1373] [usertable] New memtable created with log file: #13. Immutable memtables: 3.
2018/11/17-20:13:39.193316 7f38dfafa700 [db/db_impl_write.cc:1373] [usertable] New memtable created with log file: #15. Immutable memtables: 4.
2018/11/17-20:13:39.463661 7f38df5f5700 [db/db_impl_write.cc:1373] [usertable] New memtable created with log file: #16. Immutable memtables: 5.
2018/11/17-20:13:39.687284 7f38dffff700 [db/db_impl_write.cc:1373] [usertable] New memtable created with log file: #18. Immutable memtables: 6.
2018/11/17-20:13:39.723142 7f37d6ffd700 [db/db_impl_compaction_flush.cc:80] [JOB 2] Syncing log #9
2018/11/17-20:13:39.929202 7f38df3f3700 [db/db_impl_write.cc:1373] [usertable] New memtable created with log file: #19. Immutable memtables: 7.
2018/11/17-20:13:40.210370 7f38dffff700 [db/db_impl_write.cc:1373] [usertable] New memtable created with log file: #21. Immutable memtables: 8.
2018/11/17-20:13:40.516227 7f38df6f6700 [db/db_impl_write.cc:1373] [usertable] New memtable created with log file: #22. Immutable memtables: 9.
2018/11/17-20:13:40.733928 7f37d6ffd700 (Original Log Time 2018/11/17-20:13:38.527720) [db/db_impl_compaction_flush.cc:1424] Calling FlushMemTableToOutputFile with column family [usertable], flush slots available 24, compaction slots available 1, flush slots scheduled 1, compaction slots scheduled 0
2018/11/17-20:13:40.733939 7f382bfff700 [db/db_impl_compaction_flush.cc:80] [JOB 4] Syncing log #10
2018/11/17-20:13:40.733941 7f37d6ffd700 [db/flush_job.cc:301] [usertable] [JOB 2] Flushing memtable with next log file: 9
2018/11/17-20:13:40.733955 7f37d6ffd700 [db/flush_job.cc:301] [usertable] [JOB 2] Flushing memtable with next log file: 10
2018/11/17-20:13:40.734006 7f37d6ffd700 EVENT_LOG_v1 {"time_micros": 1542514420733984, "job": 2, "event": "flush_started", "num_memtables": 2, "num_entries": 58291, "num_deletes": 0, "memory_usage": 241613816, "flush_reason": "Write Buffer Full"}
2018/11/17-20:13:40.734019 7f37d6ffd700 [db/flush_job.cc:331] [usertable] [JOB 2] Level-0 flush table #11: started
2018/11/17-20:13:40.741393 7f38df7f7700 [db/db_impl_write.cc:1373] [usertable] New memtable created with log file: #24. Immutable memtables: 10.
2018/11/17-20:13:40.947416 7f38df7f7700 [db/db_impl_write.cc:1373] [usertable] New memtable created with log file: #25. Immutable memtables: 11.
2018/11/17-20:13:41.161977 7f39141db700 [db/db_impl_write.cc:1373] [usertable] New memtable created with log file: #27. Immutable memtables: 12.
2018/11/17-20:13:41.377428 7f38dfafa700 [db/db_impl_write.cc:1373] [usertable] New memtable created with log file: #28. Immutable memtables: 13.
2018/11/17-20:13:41.597546 7f38df7f7700 [db/db_impl_write.cc:1373] [usertable] New memtable created with log file: #30. Immutable memtables: 14.
2018/11/17-20:13:41.801470 7f38dfdfd700 [db/db_impl_write.cc:1373] [usertable] New memtable created with log file: #31. Immutable memtables: 15.
2018/11/17-20:13:42.005822 7f38df5f5700 [db/db_impl_write.cc:1373] [usertable] New memtable created with log file: #33. Immutable memtables: 16.
2018/11/17-20:13:42.169199 7f382bfff700 [db/db_impl_compaction_flush.cc:80] [JOB 4] Syncing log #12
2018/11/17-20:13:42.204781 7f38df8f8700 [db/db_impl_write.cc:1373] [usertable] New memtable created with log file: #34. Immutable memtables: 17.
2018/11/17-20:13:42.408462 7f38df4f4700 [db/db_impl_write.cc:1373] [usertable] New memtable created with log file: #36. Immutable memtables: 18.
2018/11/17-20:13:42.616046 7f38dfdfd700 [db/db_impl_write.cc:1373] [usertable] New memtable created with log file: #37. Immutable memtables: 19.
2018/11/17-20:13:42.818647 7f38df1f1700 [db/db_impl_write.cc:1373] [usertable] New memtable created with log file: #39. Immutable memtables: 20.
2018/11/17-20:13:43.030354 7f38df2f2700 [db/db_impl_write.cc:1373] [usertable] New memtable created with log file: #40. Immutable memtables: 21.
2018/11/17-20:13:43.233256 7f39141db700 [db/db_impl_write.cc:1373] [usertable] New memtable created with log file: #42. Immutable memtables: 22.
2018/11/17-20:13:43.233298 7f39141db700 [WARN] [db/column_family.cc:779] [usertable] Stalling writes because we have 23 immutable memtables (waiting for flush), max_write_buffer_number is set to 24 rate 16777216
2018/11/17-20:13:46.011283 7f382bfff700 [db/db_impl_compaction_flush.cc:80] [JOB 4] Syncing log #13
2018/11/17-20:13:46.012172 7f37d6ffd700 EVENT_LOG_v1 {"time_micros": 1542514426012147, "cf_name": "usertable", "job": 2, "event": "table_file_creation", "file_number": 11, "file_size": 241406398, "table_properties": {"data_size": 240333807, "index_size": 1071664, "filter_size": 0, "raw_key_size": 1398984, "raw_average_key_size": 24, "raw_value_size": 238759936, "raw_average_value_size": 4096, "num_data_blocks": 29146, "num_entries": 58291, "filter_policy_name": "", "kDeletedKeys": "0", "kMergeOperands": "0"}}
2018/11/17-20:13:46.012197 7f37d6ffd700 [db/flush_job.cc:371] [usertable] [JOB 2] Level-0 flush table #11: 241406398 bytes OK
2018/11/17-20:13:47.101054 7f37d6ffd700 (Original Log Time 2018/11/17-20:13:46.012226) [db/memtable_list.cc:377] [usertable] Level-0 commit table #11 started
2018/11/17-20:13:47.101059 7f37d6ffd700 (Original Log Time 2018/11/17-20:13:47.100926) [db/memtable_list.cc:409] [usertable] Level-0 commit table #11: memtable #1 done
2018/11/17-20:13:47.101060 7f37d6ffd700 (Original Log Time 2018/11/17-20:13:47.100948) [db/memtable_list.cc:409] [usertable] Level-0 commit table #11: memtable #2 done
2018/11/17-20:13:47.101062 7f37d6ffd700 (Original Log Time 2018/11/17-20:13:47.100981) EVENT_LOG_v1 {"time_micros": 1542514427100967, "job": 2, "event": "flush_finished", "output_compression": "NoCompression", "lsm_state": [1, 0, 0, 0, 0, 0, 0], "immutable_memtables": 21}
2018/11/17-20:13:47.101063 7f37d6ffd700 (Original Log Time 2018/11/17-20:13:47.101008) [db/db_impl_compaction_flush.cc:177] [usertable] Level summary: base level 1 max bytes base 536870912 files[1 0 0 0 0 0 0] max score 0.50
2018/11/17-20:13:47.101075 7f37d6ffd700 [db/db_impl_files.cc:347] [JOB 2] Try to delete WAL files size 240103603, prev total WAL file size 2998914802, number of live WAL files 24.
2018/11/17-20:13:47.415729 7f38df4f4700 [db/db_impl_write.cc:1373] [usertable] New memtable created with log file: #43. Immutable memtables: 21.
2018/11/17-20:13:47.464960 7f382bfff700 [db/db_impl_compaction_flush.cc:80] [JOB 4] Syncing log #15
2018/11/17-20:13:47.645298 7f38df9f9700 [db/db_impl_write.cc:1373] [usertable] New memtable created with log file: #45. Immutable memtables: 22.
2018/11/17-20:13:47.645318 7f38df9f9700 [WARN] [db/column_family.cc:779] [usertable] Stalling writes because we have 23 immutable memtables (waiting for flush), max_write_buffer_number is set to 24 rate 16777216
2018/11/17-20:13:48.546153 7f382bfff700 (Original Log Time 2018/11/17-20:13:39.463747) [db/db_impl_compaction_flush.cc:1424] Calling FlushMemTableToOutputFile with column family [usertable], flush slots available 24, compaction slots available 1, flush slots scheduled 3, compaction slots scheduled 0
2018/11/17-20:13:48.546162 7f382bfff700 [db/flush_job.cc:301] [usertable] [JOB 4] Flushing memtable with next log file: 15
2018/11/17-20:13:48.546171 7f382bfff700 [db/flush_job.cc:301] [usertable] [JOB 4] Flushing memtable with next log file: 16
2018/11/17-20:13:48.546202 7f382bfff700 EVENT_LOG_v1 {"time_micros": 1542514428546193, "job": 4, "event": "flush_started", "num_memtables": 2, "num_entries": 61008, "num_deletes": 0, "memory_usage": 252854952, "flush_reason": "Write Buffer Full"}
2018/11/17-20:13:48.546220 7f382bfff700 [db/flush_job.cc:331] [usertable] [JOB 4] Level-0 flush table #17: started
2018/11/17-20:13:48.546226 7f38337fe700 [db/db_impl_compaction_flush.cc:80] [JOB 5] Syncing log #16
2018/11/17-20:13:48.546526 7f3833fff700 (Original Log Time 2018/11/17-20:13:38.963945) [db/db_impl_compaction_flush.cc:1424] Calling FlushMemTableToOutputFile with column family [usertable], flush slots available 24, compaction slots available 1, flush slots scheduled 2, compaction slots scheduled 0
2018/11/17-20:13:48.546533 7f3833fff700 [db/flush_job.cc:301] [usertable] [JOB 3] Flushing memtable with next log file: 12
2018/11/17-20:13:48.546542 7f3833fff700 [db/flush_job.cc:301] [usertable] [JOB 3] Flushing memtable with next log file: 13
2018/11/17-20:13:48.546569 7f3833fff700 EVENT_LOG_v1 {"time_micros": 1542514428546560, "job": 3, "event": "flush_started", "num_memtables": 2, "num_entries": 61048, "num_deletes": 0, "memory_usage": 253028064, "flush_reason": "Write Buffer Full"}
2018/11/17-20:13:48.546575 7f3833fff700 [db/flush_job.cc:331] [usertable] [JOB 3] Level-0 flush table #14: started
2018/11/17-20:13:49.271397 7f38337fe700 [db/db_impl_compaction_flush.cc:80] [JOB 5] Syncing log #18
2018/11/17-20:13:52.403067 7f38337fe700 (Original Log Time 2018/11/17-20:13:39.929249) [db/db_impl_compaction_flush.cc:1424] Calling FlushMemTableToOutputFile with column family [usertable], flush slots available 24, compaction slots available 1, flush slots scheduled 4, compaction slots scheduled 0
2018/11/17-20:13:52.403076 7f38337fe700 [db/flush_job.cc:301] [usertable] [JOB 5] Flushing memtable with next log file: 18
2018/11/17-20:13:52.403096 7f38337fe700 [db/flush_job.cc:301] [usertable] [JOB 5] Flushing memtable with next log file: 19
2018/11/17-20:13:52.403132 7f3832ffd700 [db/db_impl_compaction_flush.cc:80] [JOB 6] Syncing log #19
2018/11/17-20:13:52.403135 7f38337fe700 EVENT_LOG_v1 {"time_micros": 1542514432403122, "job": 5, "event": "flush_started", "num_memtables": 2, "num_entries": 62283, "num_deletes": 0, "memory_usage": 258132648, "flush_reason": "Write Buffer Full"}
2018/11/17-20:13:52.403156 7f38337fe700 [db/flush_job.cc:331] [usertable] [JOB 5] Level-0 flush table #20: started
2018/11/17-20:13:55.366194 7f38df9f9700 [db/db_impl_write.cc:1373] [usertable] New memtable created with log file: #46. Immutable memtables: 23.
2018/11/17-20:13:55.366235 7f38df9f9700 [WARN] [db/column_family.cc:743] [usertable] Stopping writes because we have 24 immutable memtables (waiting for flush), max_write_buffer_number is set to 24
2018/11/17-20:13:55.706984 7f3832ffd700 [db/db_impl_compaction_flush.cc:80] [JOB 6] Syncing log #21
2018/11/17-20:13:58.503628 7f3832ffd700 (Original Log Time 2018/11/17-20:13:40.516285) [db/db_impl_compaction_flush.cc:1424] Calling FlushMemTableToOutputFile with column family [usertable], flush slots available 24, compaction slots available 1, flush slots scheduled 5, compaction slots scheduled 0
2018/11/17-20:13:58.503637 7f3832ffd700 [db/flush_job.cc:301] [usertable] [JOB 6] Flushing memtable with next log file: 21
2018/11/17-20:13:58.503645 7f3832ffd700 [db/flush_job.cc:301] [usertable] [JOB 6] Flushing memtable with next log file: 22
2018/11/17-20:13:58.503668 7f38327fc700 [db/db_impl_compaction_flush.cc:80] [JOB 7] Syncing log #22
2018/11/17-20:13:58.503679 7f3832ffd700 EVENT_LOG_v1 {"time_micros": 1542514438503668, "job": 6, "event": "flush_started", "num_memtables": 2, "num_entries": 61902, "num_deletes": 0, "memory_usage": 256555120, "flush_reason": "Write Buffer Full"}
2018/11/17-20:13:58.503686 7f3832ffd700 [db/flush_job.cc:331] [usertable] [JOB 6] Level-0 flush table #23: started
2018/11/17-20:13:58.504426 7f3833fff700 EVENT_LOG_v1 {"time_micros": 1542514438504405, "cf_name": "usertable", "job": 3, "event": "table_file_creation", "file_number": 14, "file_size": 252837738, "table_properties": {"data_size": 251707687, "index_size": 1129124, "filter_size": 0, "raw_key_size": 1465152, "raw_average_key_size": 24, "raw_value_size": 250052608, "raw_average_value_size": 4096, "num_data_blocks": 30524, "num_entries": 61048, "filter_policy_name": "", "kDeletedKeys": "0", "kMergeOperands": "0"}}
2018/11/17-20:13:58.504426 7f38337fe700 EVENT_LOG_v1 {"time_micros": 1542514438504405, "cf_name": "usertable", "job": 5, "event": "table_file_creation", "file_number": 20, "file_size": 257952660, "table_properties": {"data_size": 256799743, "index_size": 1151990, "filter_size": 0, "raw_key_size": 1494792, "raw_average_key_size": 24, "raw_value_size": 255111168, "raw_average_value_size": 4096, "num_data_blocks": 31142, "num_entries": 62283, "filter_policy_name": "", "kDeletedKeys": "0", "kMergeOperands": "0"}}
2018/11/17-20:13:58.504456 7f38337fe700 [db/flush_job.cc:371] [usertable] [JOB 5] Level-0 flush table #20: 257952660 bytes OK
2018/11/17-20:13:58.504458 7f3833fff700 [db/flush_job.cc:371] [usertable] [JOB 3] Level-0 flush table #14: 252837738 bytes OK
2018/11/17-20:13:58.504466 7f382bfff700 EVENT_LOG_v1 {"time_micros": 1542514438504447, "cf_name": "usertable", "job": 4, "event": "table_file_creation", "file_number": 17, "file_size": 252672074, "table_properties": {"data_size": 251542763, "index_size": 1128384, "filter_size": 0, "raw_key_size": 1464192, "raw_average_key_size": 24, "raw_value_size": 249888768, "raw_average_value_size": 4096, "num_data_blocks": 30504, "num_entries": 61008, "filter_policy_name": "", "kDeletedKeys": "0", "kMergeOperands": "0"}}
2018/11/17-20:13:58.504483 7f382bfff700 [db/flush_job.cc:371] [usertable] [JOB 4] Level-0 flush table #17: 252672074 bytes OK
2018/11/17-20:13:58.811869 7f382bfff700 [WARN] [db/column_family.cc:743] [usertable] Stopping writes because we have 24 immutable memtables (waiting for flush), max_write_buffer_number is set to 24
2018/11/17-20:13:58.811913 7f382bfff700 (Original Log Time 2018/11/17-20:13:58.811847) EVENT_LOG_v1 {"time_micros": 1542514438811836, "job": 4, "event": "flush_finished", "output_compression": "NoCompression", "lsm_state": [1, 0, 0, 0, 0, 0, 0], "immutable_memtables": 24}
2018/11/17-20:13:58.811915 7f382bfff700 (Original Log Time 2018/11/17-20:13:58.811892) [db/db_impl_compaction_flush.cc:177] [usertable] Level summary: base level 1 max bytes base 536870912 files[1 0 0 0 0 0 0] max score 0.50
2018/11/17-20:13:58.811940 7f38337fe700 [WARN] [db/column_family.cc:743] [usertable] Stopping writes because we have 24 immutable memtables (waiting for flush), max_write_buffer_number is set to 24
2018/11/17-20:13:58.811964 7f38337fe700 (Original Log Time 2018/11/17-20:13:58.811934) EVENT_LOG_v1 {"time_micros": 1542514438811928, "job": 5, "event": "flush_finished", "output_compression": "NoCompression", "lsm_state": [1, 0, 0, 0, 0, 0, 0], "immutable_memtables": 24}
2018/11/17-20:13:58.811967 7f38337fe700 (Original Log Time 2018/11/17-20:13:58.811950) [db/db_impl_compaction_flush.cc:177] [usertable] Level summary: base level 1 max bytes base 536870912 files[1 0 0 0 0 0 0] max score 0.50
2018/11/17-20:14:00.122813 7f38327fc700 [db/db_impl_compaction_flush.cc:80] [JOB 7] Syncing log #24
2018/11/17-20:14:03.489215 7f38327fc700 (Original Log Time 2018/11/17-20:13:40.947472) [db/db_impl_compaction_flush.cc:1424] Calling FlushMemTableToOutputFile with column family [usertable], flush slots available 24, compaction slots available 1, flush slots scheduled 6, compaction slots scheduled 0
2018/11/17-20:14:03.489223 7f38327fc700 [db/flush_job.cc:301] [usertable] [JOB 7] Flushing memtable with next log file: 24
2018/11/17-20:14:03.489225 7f38317fa700 [db/db_impl_compaction_flush.cc:80] [JOB 9] Syncing log #25
2018/11/17-20:14:03.489231 7f38327fc700 [db/flush_job.cc:301] [usertable] [JOB 7] Flushing memtable with next log file: 25
2018/11/17-20:14:03.489260 7f38327fc700 EVENT_LOG_v1 {"time_micros": 1542514443489250, "job": 7, "event": "flush_started", "num_memtables": 2, "num_entries": 62788, "num_deletes": 0, "memory_usage": 260214920, "flush_reason": "Write Buffer Full"}
2018/11/17-20:14:03.489266 7f38327fc700 [db/flush_job.cc:331] [usertable] [JOB 7] Level-0 flush table #26: started
2018/11/17-20:14:03.489826 7f3832ffd700 EVENT_LOG_v1 {"time_micros": 1542514443489808, "cf_name": "usertable", "job": 6, "event": "table_file_creation", "file_number": 23, "file_size": 256360918, "table_properties": {"data_size": 255221946, "index_size": 1138045, "filter_size": 0, "raw_key_size": 1485648, "raw_average_key_size": 24, "raw_value_size": 253550592, "raw_average_value_size": 4096, "num_data_blocks": 30951, "num_entries": 61902, "filter_policy_name": "", "kDeletedKeys": "0", "kMergeOperands": "0"}}
2018/11/17-20:14:03.489854 7f3832ffd700 [db/flush_job.cc:371] [usertable] [JOB 6] Level-0 flush table #23: 256360918 bytes OK
