2018/11/26-06:12:56.153183 7f72c601f0 RocksDB version: 5.14.3
2018/11/26-06:12:56.153366 7f72c601f0 Git sha rocksdb_build_git_sha:
2018/11/26-06:12:56.153373 7f72c601f0 Compile date Nov 15 2018
2018/11/26-06:12:56.153381 7f72c601f0 DB SUMMARY
2018/11/26-06:12:56.154244 7f72c601f0 CURRENT file:  CURRENT
2018/11/26-06:12:56.154257 7f72c601f0 IDENTITY file:  IDENTITY
2018/11/26-06:12:56.154280 7f72c601f0 MANIFEST file:  MANIFEST-000004 size: 122331 Bytes
2018/11/26-06:12:56.154288 7f72c601f0 SST files in /mnt/sda/ycsb-rocksdb-data dir, Total Num: 673, files: 000018.sst 000019.sst 000020.sst 000021.sst 000022.sst 000023.sst 000024.sst 000025.sst 000026.sst 
2018/11/26-06:12:56.154292 7f72c601f0 Write Ahead Log file in /mnt/sda/ycsb-rocksdb-data: 001209.log size: 127561209 ; 001214.log size: 124319169 ; 001216.log size: 125485622 ; 001218.log size: 29772762 ; 
2018/11/26-06:12:56.154307 7f72c601f0                         Options.error_if_exists: 0
2018/11/26-06:12:56.154310 7f72c601f0                       Options.create_if_missing: 1
2018/11/26-06:12:56.154314 7f72c601f0                         Options.paranoid_checks: 1
2018/11/26-06:12:56.154317 7f72c601f0                                     Options.env: 0x7f71986f18
2018/11/26-06:12:56.154320 7f72c601f0                                Options.info_log: 0x7f443f1b90
2018/11/26-06:12:56.154324 7f72c601f0                Options.max_file_opening_threads: 16
2018/11/26-06:12:56.154327 7f72c601f0                              Options.statistics: (nil)
2018/11/26-06:12:56.154330 7f72c601f0                               Options.use_fsync: 0
2018/11/26-06:12:56.154333 7f72c601f0                       Options.max_log_file_size: 0
2018/11/26-06:12:56.154336 7f72c601f0                  Options.max_manifest_file_size: 18446744073709551615
2018/11/26-06:12:56.154340 7f72c601f0                   Options.log_file_time_to_roll: 0
2018/11/26-06:12:56.154343 7f72c601f0                       Options.keep_log_file_num: 1000
2018/11/26-06:12:56.154346 7f72c601f0                    Options.recycle_log_file_num: 0
2018/11/26-06:12:56.154349 7f72c601f0                         Options.allow_fallocate: 1
2018/11/26-06:12:56.154352 7f72c601f0                        Options.allow_mmap_reads: 0
2018/11/26-06:12:56.154355 7f72c601f0                       Options.allow_mmap_writes: 0
2018/11/26-06:12:56.154358 7f72c601f0                        Options.use_direct_reads: 0
2018/11/26-06:12:56.154361 7f72c601f0                        Options.use_direct_io_for_flush_and_compaction: 0
2018/11/26-06:12:56.154364 7f72c601f0          Options.create_missing_column_families: 1
2018/11/26-06:12:56.154367 7f72c601f0                              Options.db_log_dir: 
2018/11/26-06:12:56.154370 7f72c601f0                                 Options.wal_dir: /mnt/sda/ycsb-rocksdb-data
2018/11/26-06:12:56.154373 7f72c601f0                Options.table_cache_numshardbits: 6
2018/11/26-06:12:56.154376 7f72c601f0                      Options.max_subcompactions: 4
2018/11/26-06:12:56.154379 7f72c601f0                  Options.max_background_flushes: 6
2018/11/26-06:12:56.154382 7f72c601f0                         Options.WAL_ttl_seconds: 0
2018/11/26-06:12:56.154385 7f72c601f0                       Options.WAL_size_limit_MB: 0
2018/11/26-06:12:56.154388 7f72c601f0             Options.manifest_preallocation_size: 4194304
2018/11/26-06:12:56.154391 7f72c601f0                     Options.is_fd_close_on_exec: 1
2018/11/26-06:12:56.154394 7f72c601f0                   Options.advise_random_on_open: 1
2018/11/26-06:12:56.154397 7f72c601f0                    Options.db_write_buffer_size: 0
2018/11/26-06:12:56.154399 7f72c601f0                    Options.write_buffer_manager: 0x7f443f2f80
2018/11/26-06:12:56.154403 7f72c601f0         Options.access_hint_on_compaction_start: 1
2018/11/26-06:12:56.154406 7f72c601f0  Options.new_table_reader_for_compaction_inputs: 0
2018/11/26-06:12:56.154409 7f72c601f0           Options.random_access_max_buffer_size: 1048576
2018/11/26-06:12:56.154412 7f72c601f0                      Options.use_adaptive_mutex: 0
2018/11/26-06:12:56.154415 7f72c601f0                            Options.rate_limiter: (nil)
2018/11/26-06:12:56.154458 7f72c601f0     Options.sst_file_manager.rate_bytes_per_sec: 0
2018/11/26-06:12:56.154463 7f72c601f0                       Options.wal_recovery_mode: 2
2018/11/26-06:12:56.154466 7f72c601f0                  Options.enable_thread_tracking: 0
2018/11/26-06:12:56.154469 7f72c601f0                  Options.enable_pipelined_write: 1
2018/11/26-06:12:56.154472 7f72c601f0         Options.allow_concurrent_memtable_write: 1
2018/11/26-06:12:56.154475 7f72c601f0      Options.enable_write_thread_adaptive_yield: 1
2018/11/26-06:12:56.154478 7f72c601f0             Options.write_thread_max_yield_usec: 100
2018/11/26-06:12:56.154480 7f72c601f0            Options.write_thread_slow_yield_usec: 3
2018/11/26-06:12:56.154483 7f72c601f0                               Options.row_cache: None
2018/11/26-06:12:56.154486 7f72c601f0                              Options.wal_filter: None
2018/11/26-06:12:56.154490 7f72c601f0             Options.avoid_flush_during_recovery: 0
2018/11/26-06:12:56.154493 7f72c601f0             Options.allow_ingest_behind: 0
2018/11/26-06:12:56.154496 7f72c601f0             Options.preserve_deletes: 0
2018/11/26-06:12:56.154499 7f72c601f0             Options.two_write_queues: 0
2018/11/26-06:12:56.154501 7f72c601f0             Options.manual_wal_flush: 0
2018/11/26-06:12:56.154506 7f72c601f0             Options.max_background_jobs: 6
2018/11/26-06:12:56.154510 7f72c601f0             Options.max_background_compactions: 6
2018/11/26-06:12:56.154513 7f72c601f0             Options.avoid_flush_during_shutdown: 0
2018/11/26-06:12:56.154516 7f72c601f0           Options.writable_file_max_buffer_size: 1048576
2018/11/26-06:12:56.154519 7f72c601f0             Options.delayed_write_rate : 16777216
2018/11/26-06:12:56.154522 7f72c601f0             Options.max_total_wal_size: 0
2018/11/26-06:12:56.154525 7f72c601f0             Options.delete_obsolete_files_period_micros: 21600000000
2018/11/26-06:12:56.154528 7f72c601f0                   Options.stats_dump_period_sec: 60
2018/11/26-06:12:56.154531 7f72c601f0                          Options.max_open_files: -1
2018/11/26-06:12:56.154534 7f72c601f0                          Options.bytes_per_sync: 1048576
2018/11/26-06:12:56.154537 7f72c601f0                      Options.wal_bytes_per_sync: 0
2018/11/26-06:12:56.154540 7f72c601f0       Options.compaction_readahead_size: 0
2018/11/26-06:12:56.154543 7f72c601f0 Compression algorithms supported:
2018/11/26-06:12:56.154546 7f72c601f0 	kZSTDNotFinalCompression supported: 1
2018/11/26-06:12:56.154582 7f72c601f0 	kZSTD supported: 1
2018/11/26-06:12:56.154588 7f72c601f0 	kXpressCompression supported: 0
2018/11/26-06:12:56.154591 7f72c601f0 	kLZ4HCCompression supported: 1
2018/11/26-06:12:56.154594 7f72c601f0 	kLZ4Compression supported: 1
2018/11/26-06:12:56.154598 7f72c601f0 	kBZip2Compression supported: 1
2018/11/26-06:12:56.154601 7f72c601f0 	kZlibCompression supported: 1
2018/11/26-06:12:56.154604 7f72c601f0 	kSnappyCompression supported: 1
2018/11/26-06:12:56.154612 7f72c601f0 Fast CRC32 supported: Not supported on x86
2018/11/26-06:12:56.155325 7f72c601f0 [db/version_set.cc:3085] Recovering from manifest file: MANIFEST-000004
2018/11/26-06:12:56.155533 7f72c601f0 [db/column_family.cc:475] --------------- Options for column family [default]:
2018/11/26-06:12:56.155543 7f72c601f0               Options.comparator: leveldb.BytewiseComparator
2018/11/26-06:12:56.155547 7f72c601f0           Options.merge_operator: None
2018/11/26-06:12:56.155551 7f72c601f0        Options.compaction_filter: None
2018/11/26-06:12:56.155554 7f72c601f0        Options.compaction_filter_factory: None
2018/11/26-06:12:56.155557 7f72c601f0         Options.memtable_factory: SkipListFactory
2018/11/26-06:12:56.155560 7f72c601f0            Options.table_factory: BlockBasedTable
2018/11/26-06:12:56.155609 7f72c601f0            table_factory options:   flush_block_policy_factory: FlushBlockBySizePolicyFactory (0x7f44377110)
  cache_index_and_filter_blocks: 0
  cache_index_and_filter_blocks_with_high_priority: 0
  pin_l0_filter_and_index_blocks_in_cache: 0
  index_type: 0
  hash_index_allow_collision: 1
  checksum: 1
  no_block_cache: 0
  block_cache: 0x7f44383260
  block_cache_name: LRUCache
  block_cache_options:
    capacity : 8388608
    num_shard_bits : 4
    strict_capacity_limit : 0
    high_pri_pool_ratio: 0.000
  block_cache_compressed: (nil)
  persistent_cache: (nil)
  block_size: 8192
  block_size_deviation: 10
  block_restart_interval: 16
  index_block_restart_interval: 1
  metadata_block_size: 4096
  partition_filters: 0
  use_delta_encoding: 1
  filter_policy: nullptr
  whole_key_filtering: 1
  verify_compression: 0
  read_amp_bytes_per_bit: 0
  format_version: 2
  enable_index_compression: 1
  block_align: 0
2018/11/26-06:12:56.155646 7f72c601f0        Options.write_buffer_size: 134217728
2018/11/26-06:12:56.155651 7f72c601f0  Options.max_write_buffer_number: 24
2018/11/26-06:12:56.155654 7f72c601f0        Options.compression[0]: NoCompression
2018/11/26-06:12:56.155658 7f72c601f0        Options.compression[1]: NoCompression
2018/11/26-06:12:56.155661 7f72c601f0        Options.compression[2]: LZ4
2018/11/26-06:12:56.155664 7f72c601f0        Options.compression[3]: LZ4
2018/11/26-06:12:56.155668 7f72c601f0        Options.compression[4]: LZ4
2018/11/26-06:12:56.155670 7f72c601f0        Options.compression[5]: LZ4
2018/11/26-06:12:56.155673 7f72c601f0        Options.compression[6]: LZ4
2018/11/26-06:12:56.155676 7f72c601f0                  Options.bottommost_compression: Disabled
2018/11/26-06:12:56.155679 7f72c601f0       Options.prefix_extractor: nullptr
2018/11/26-06:12:56.155682 7f72c601f0   Options.memtable_insert_with_hint_prefix_extractor: nullptr
2018/11/26-06:12:56.155686 7f72c601f0             Options.num_levels: 7
2018/11/26-06:12:56.155688 7f72c601f0        Options.min_write_buffer_number_to_merge: 2
2018/11/26-06:12:56.155691 7f72c601f0     Options.max_write_buffer_number_to_maintain: 0
2018/11/26-06:12:56.155694 7f72c601f0            Options.compression_opts.window_bits: -14
2018/11/26-06:12:56.155697 7f72c601f0                  Options.compression_opts.level: -1
2018/11/26-06:12:56.155700 7f72c601f0               Options.compression_opts.strategy: 0
2018/11/26-06:12:56.155703 7f72c601f0         Options.compression_opts.max_dict_bytes: 0
2018/11/26-06:12:56.155706 7f72c601f0         Options.compression_opts.zstd_max_train_bytes: 0
2018/11/26-06:12:56.155709 7f72c601f0      Options.level0_file_num_compaction_trigger: 2
2018/11/26-06:12:56.155712 7f72c601f0          Options.level0_slowdown_writes_trigger: 20
2018/11/26-06:12:56.155715 7f72c601f0              Options.level0_stop_writes_trigger: 36
2018/11/26-06:12:56.155718 7f72c601f0                   Options.target_file_size_base: 67108864
2018/11/26-06:12:56.155721 7f72c601f0             Options.target_file_size_multiplier: 1
2018/11/26-06:12:56.155724 7f72c601f0                Options.max_bytes_for_level_base: 536870912
2018/11/26-06:12:56.155727 7f72c601f0 Options.level_compaction_dynamic_level_bytes: 0
2018/11/26-06:12:56.155730 7f72c601f0          Options.max_bytes_for_level_multiplier: 10.000000
2018/11/26-06:12:56.155736 7f72c601f0 Options.max_bytes_for_level_multiplier_addtl[0]: 1
2018/11/26-06:12:56.155740 7f72c601f0 Options.max_bytes_for_level_multiplier_addtl[1]: 1
2018/11/26-06:12:56.155742 7f72c601f0 Options.max_bytes_for_level_multiplier_addtl[2]: 1
2018/11/26-06:12:56.155745 7f72c601f0 Options.max_bytes_for_level_multiplier_addtl[3]: 1
2018/11/26-06:12:56.155749 7f72c601f0 Options.max_bytes_for_level_multiplier_addtl[4]: 1
2018/11/26-06:12:56.155751 7f72c601f0 Options.max_bytes_for_level_multiplier_addtl[5]: 1
2018/11/26-06:12:56.155754 7f72c601f0 Options.max_bytes_for_level_multiplier_addtl[6]: 1
2018/11/26-06:12:56.155757 7f72c601f0       Options.max_sequential_skip_in_iterations: 8
2018/11/26-06:12:56.155760 7f72c601f0                    Options.max_compaction_bytes: 1677721600
2018/11/26-06:12:56.155763 7f72c601f0                        Options.arena_block_size: 16777216
2018/11/26-06:12:56.155766 7f72c601f0   Options.soft_pending_compaction_bytes_limit: 68719476736
2018/11/26-06:12:56.155783 7f72c601f0   Options.hard_pending_compaction_bytes_limit: 274877906944
2018/11/26-06:12:56.155788 7f72c601f0       Options.rate_limit_delay_max_milliseconds: 100
2018/11/26-06:12:56.155791 7f72c601f0                Options.disable_auto_compactions: 0
2018/11/26-06:12:56.155796 7f72c601f0                        Options.compaction_style: kCompactionStyleLevel
2018/11/26-06:12:56.155801 7f72c601f0                          Options.compaction_pri: kByCompensatedSize
2018/11/26-06:12:56.155805 7f72c601f0 Options.compaction_options_universal.size_ratio: 1
2018/11/26-06:12:56.155808 7f72c601f0 Options.compaction_options_universal.min_merge_width: 2
2018/11/26-06:12:56.155811 7f72c601f0 Options.compaction_options_universal.max_merge_width: 4294967295
2018/11/26-06:12:56.155814 7f72c601f0 Options.compaction_options_universal.max_size_amplification_percent: 200
2018/11/26-06:12:56.155817 7f72c601f0 Options.compaction_options_universal.compression_size_percent: -1
2018/11/26-06:12:56.155821 7f72c601f0 Options.compaction_options_universal.stop_style: kCompactionStopStyleTotalSize
2018/11/26-06:12:56.155824 7f72c601f0 Options.compaction_options_fifo.max_table_files_size: 1073741824
2018/11/26-06:12:56.155827 7f72c601f0 Options.compaction_options_fifo.allow_compaction: 0
2018/11/26-06:12:56.155830 7f72c601f0 Options.compaction_options_fifo.ttl: 0
2018/11/26-06:12:56.155833 7f72c601f0                   Options.table_properties_collectors: 
2018/11/26-06:12:56.155836 7f72c601f0                   Options.inplace_update_support: 0
2018/11/26-06:12:56.155839 7f72c601f0                 Options.inplace_update_num_locks: 10000
2018/11/26-06:12:56.155842 7f72c601f0               Options.memtable_prefix_bloom_size_ratio: 0.000000
2018/11/26-06:12:56.155846 7f72c601f0   Options.memtable_huge_page_size: 0
2018/11/26-06:12:56.155850 7f72c601f0                           Options.bloom_locality: 0
2018/11/26-06:12:56.155852 7f72c601f0                    Options.max_successive_merges: 0
2018/11/26-06:12:56.155855 7f72c601f0                Options.optimize_filters_for_hits: 0
2018/11/26-06:12:56.155858 7f72c601f0                Options.paranoid_file_checks: 0
2018/11/26-06:12:56.155861 7f72c601f0                Options.force_consistency_checks: 0
2018/11/26-06:12:56.155864 7f72c601f0                Options.report_bg_io_stats: 0
2018/11/26-06:12:56.155867 7f72c601f0                               Options.ttl: 0
2018/11/26-06:12:56.156585 7f72c601f0 [db/column_family.cc:475] --------------- Options for column family [usertable]:
2018/11/26-06:12:56.156600 7f72c601f0               Options.comparator: leveldb.BytewiseComparator
2018/11/26-06:12:56.156603 7f72c601f0           Options.merge_operator: None
2018/11/26-06:12:56.156607 7f72c601f0        Options.compaction_filter: None
2018/11/26-06:12:56.156610 7f72c601f0        Options.compaction_filter_factory: None
2018/11/26-06:12:56.156613 7f72c601f0         Options.memtable_factory: SkipListFactory
2018/11/26-06:12:56.156616 7f72c601f0            Options.table_factory: BlockBasedTable
2018/11/26-06:12:56.156659 7f72c601f0            table_factory options:   flush_block_policy_factory: FlushBlockBySizePolicyFactory (0x7f44378140)
  cache_index_and_filter_blocks: 0
  cache_index_and_filter_blocks_with_high_priority: 0
  pin_l0_filter_and_index_blocks_in_cache: 0
  index_type: 0
  hash_index_allow_collision: 1
  checksum: 1
  no_block_cache: 0
  block_cache: 0x7f44384c10
  block_cache_name: LRUCache
  block_cache_options:
    capacity : 8388608
    num_shard_bits : 4
    strict_capacity_limit : 0
    high_pri_pool_ratio: 0.000
  block_cache_compressed: (nil)
  persistent_cache: (nil)
  block_size: 8192
  block_size_deviation: 10
  block_restart_interval: 16
  index_block_restart_interval: 1
  metadata_block_size: 4096
  partition_filters: 0
  use_delta_encoding: 1
  filter_policy: nullptr
  whole_key_filtering: 1
  verify_compression: 0
  read_amp_bytes_per_bit: 0
  format_version: 2
  enable_index_compression: 1
  block_align: 0
2018/11/26-06:12:56.156665 7f72c601f0        Options.write_buffer_size: 134217728
2018/11/26-06:12:56.156694 7f72c601f0  Options.max_write_buffer_number: 24
2018/11/26-06:12:56.156699 7f72c601f0        Options.compression[0]: NoCompression
2018/11/26-06:12:56.156702 7f72c601f0        Options.compression[1]: NoCompression
2018/11/26-06:12:56.156706 7f72c601f0        Options.compression[2]: LZ4
2018/11/26-06:12:56.156708 7f72c601f0        Options.compression[3]: LZ4
2018/11/26-06:12:56.156711 7f72c601f0        Options.compression[4]: LZ4
2018/11/26-06:12:56.156714 7f72c601f0        Options.compression[5]: LZ4
2018/11/26-06:12:56.156717 7f72c601f0        Options.compression[6]: LZ4
2018/11/26-06:12:56.156720 7f72c601f0                  Options.bottommost_compression: Disabled
2018/11/26-06:12:56.156723 7f72c601f0       Options.prefix_extractor: nullptr
2018/11/26-06:12:56.156727 7f72c601f0   Options.memtable_insert_with_hint_prefix_extractor: nullptr
2018/11/26-06:12:56.156729 7f72c601f0             Options.num_levels: 7
2018/11/26-06:12:56.156732 7f72c601f0        Options.min_write_buffer_number_to_merge: 2
2018/11/26-06:12:56.156736 7f72c601f0     Options.max_write_buffer_number_to_maintain: 0
2018/11/26-06:12:56.156739 7f72c601f0            Options.compression_opts.window_bits: -14
2018/11/26-06:12:56.156741 7f72c601f0                  Options.compression_opts.level: -1
2018/11/26-06:12:56.156744 7f72c601f0               Options.compression_opts.strategy: 0
2018/11/26-06:12:56.156747 7f72c601f0         Options.compression_opts.max_dict_bytes: 0
2018/11/26-06:12:56.156750 7f72c601f0         Options.compression_opts.zstd_max_train_bytes: 0
2018/11/26-06:12:56.156753 7f72c601f0      Options.level0_file_num_compaction_trigger: 2
2018/11/26-06:12:56.156756 7f72c601f0          Options.level0_slowdown_writes_trigger: 20
2018/11/26-06:12:56.156758 7f72c601f0              Options.level0_stop_writes_trigger: 36
2018/11/26-06:12:56.156761 7f72c601f0                   Options.target_file_size_base: 67108864
2018/11/26-06:12:56.156764 7f72c601f0             Options.target_file_size_multiplier: 1
2018/11/26-06:12:56.156767 7f72c601f0                Options.max_bytes_for_level_base: 536870912
2018/11/26-06:12:56.156770 7f72c601f0 Options.level_compaction_dynamic_level_bytes: 0
2018/11/26-06:12:56.156773 7f72c601f0          Options.max_bytes_for_level_multiplier: 10.000000
2018/11/26-06:12:56.156779 7f72c601f0 Options.max_bytes_for_level_multiplier_addtl[0]: 1
2018/11/26-06:12:56.156782 7f72c601f0 Options.max_bytes_for_level_multiplier_addtl[1]: 1
2018/11/26-06:12:56.156785 7f72c601f0 Options.max_bytes_for_level_multiplier_addtl[2]: 1
2018/11/26-06:12:56.156788 7f72c601f0 Options.max_bytes_for_level_multiplier_addtl[3]: 1
2018/11/26-06:12:56.156791 7f72c601f0 Options.max_bytes_for_level_multiplier_addtl[4]: 1
2018/11/26-06:12:56.156794 7f72c601f0 Options.max_bytes_for_level_multiplier_addtl[5]: 1
2018/11/26-06:12:56.156797 7f72c601f0 Options.max_bytes_for_level_multiplier_addtl[6]: 1
2018/11/26-06:12:56.156800 7f72c601f0       Options.max_sequential_skip_in_iterations: 8
2018/11/26-06:12:56.156803 7f72c601f0                    Options.max_compaction_bytes: 1677721600
2018/11/26-06:12:56.156806 7f72c601f0                        Options.arena_block_size: 16777216
2018/11/26-06:12:56.156809 7f72c601f0   Options.soft_pending_compaction_bytes_limit: 68719476736
2018/11/26-06:12:56.156812 7f72c601f0   Options.hard_pending_compaction_bytes_limit: 274877906944
2018/11/26-06:12:56.156815 7f72c601f0       Options.rate_limit_delay_max_milliseconds: 100
2018/11/26-06:12:56.156818 7f72c601f0                Options.disable_auto_compactions: 0
2018/11/26-06:12:56.156822 7f72c601f0                        Options.compaction_style: kCompactionStyleLevel
2018/11/26-06:12:56.156825 7f72c601f0                          Options.compaction_pri: kByCompensatedSize
2018/11/26-06:12:56.156829 7f72c601f0 Options.compaction_options_universal.size_ratio: 1
2018/11/26-06:12:56.156832 7f72c601f0 Options.compaction_options_universal.min_merge_width: 2
2018/11/26-06:12:56.156834 7f72c601f0 Options.compaction_options_universal.max_merge_width: 4294967295
2018/11/26-06:12:56.156851 7f72c601f0 Options.compaction_options_universal.max_size_amplification_percent: 200
2018/11/26-06:12:56.156855 7f72c601f0 Options.compaction_options_universal.compression_size_percent: -1
2018/11/26-06:12:56.156859 7f72c601f0 Options.compaction_options_universal.stop_style: kCompactionStopStyleTotalSize
2018/11/26-06:12:56.156863 7f72c601f0 Options.compaction_options_fifo.max_table_files_size: 1073741824
2018/11/26-06:12:56.156866 7f72c601f0 Options.compaction_options_fifo.allow_compaction: 0
2018/11/26-06:12:56.156869 7f72c601f0 Options.compaction_options_fifo.ttl: 0
2018/11/26-06:12:56.156872 7f72c601f0                   Options.table_properties_collectors: 
2018/11/26-06:12:56.156875 7f72c601f0                   Options.inplace_update_support: 0
2018/11/26-06:12:56.156878 7f72c601f0                 Options.inplace_update_num_locks: 10000
2018/11/26-06:12:56.156881 7f72c601f0               Options.memtable_prefix_bloom_size_ratio: 0.000000
2018/11/26-06:12:56.156885 7f72c601f0   Options.memtable_huge_page_size: 0
2018/11/26-06:12:56.156888 7f72c601f0                           Options.bloom_locality: 0
2018/11/26-06:12:56.156891 7f72c601f0                    Options.max_successive_merges: 0
2018/11/26-06:12:56.156894 7f72c601f0                Options.optimize_filters_for_hits: 0
2018/11/26-06:12:56.156897 7f72c601f0                Options.paranoid_file_checks: 0
2018/11/26-06:12:56.156900 7f72c601f0                Options.force_consistency_checks: 0
2018/11/26-06:12:56.156902 7f72c601f0                Options.report_bg_io_stats: 0
2018/11/26-06:12:56.156905 7f72c601f0                               Options.ttl: 0
2018/11/26-06:12:56.620910 7f72c601f0 [db/version_set.cc:3361] Recovered from manifest file:/mnt/sda/ycsb-rocksdb-data/MANIFEST-000004 succeeded,manifest_file_number is 4, next_file_number is 1217, last_sequence is 10383628, log_number is 0,prev_log_number is 0,max_column_family is 1,min_log_number_to_keep is 0
2018/11/26-06:12:56.620941 7f72c601f0 [db/version_set.cc:3369] Column family [default] (ID 0), log number is 0
2018/11/26-06:12:56.620946 7f72c601f0 [db/version_set.cc:3369] Column family [usertable] (ID 1), log number is 1209
2018/11/26-06:12:56.625091 7f72c601f0 EVENT_LOG_v1 {"time_micros": 1543212776625066, "job": 1, "event": "recovery_started", "log_files": [1209, 1214, 1216, 1218]}
2018/11/26-06:12:56.625125 7f72c601f0 [db/db_impl_open.cc:551] Recovering log #1209 mode 2
2018/11/26-06:12:57.218924 7f72c601f0 [db/db_impl_open.cc:551] Recovering log #1214 mode 2
2018/11/26-06:12:57.921208 7f72c601f0 EVENT_LOG_v1 {"time_micros": 1543212777921151, "cf_name": "usertable", "job": 1, "event": "table_file_creation", "file_number": 1217, "file_size": 129895353, "table_properties": {"data_size": 129317909, "index_size": 576522, "filter_size": 0, "raw_key_size": 752760, "raw_average_key_size": 24, "raw_value_size": 128471040, "raw_average_value_size": 4096, "num_data_blocks": 15683, "num_entries": 31365, "filter_policy_name": "", "kDeletedKeys": "0", "kMergeOperands": "0"}}
2018/11/26-06:12:58.482953 7f72c601f0 [db/db_impl_open.cc:551] Recovering log #1216 mode 2
2018/11/26-06:12:59.170075 7f72c601f0 EVENT_LOG_v1 {"time_micros": 1543212779170022, "cf_name": "usertable", "job": 1, "event": "table_file_creation", "file_number": 1218, "file_size": 129194075, "table_properties": {"data_size": 128616328, "index_size": 576825, "filter_size": 0, "raw_key_size": 748656, "raw_average_key_size": 24, "raw_value_size": 127770624, "raw_average_value_size": 4096, "num_data_blocks": 15597, "num_entries": 31194, "filter_policy_name": "", "kDeletedKeys": "0", "kMergeOperands": "0"}}
2018/11/26-06:12:59.608639 7f72c601f0 [db/db_impl_open.cc:551] Recovering log #1218 mode 2
2018/11/26-06:13:00.305641 7f72c601f0 EVENT_LOG_v1 {"time_micros": 1543212780305586, "cf_name": "usertable", "job": 1, "event": "table_file_creation", "file_number": 1219, "file_size": 129902323, "table_properties": {"data_size": 129321394, "index_size": 580007, "filter_size": 0, "raw_key_size": 752760, "raw_average_key_size": 24, "raw_value_size": 128471040, "raw_average_value_size": 4096, "num_data_blocks": 15683, "num_entries": 31365, "filter_policy_name": "", "kDeletedKeys": "0", "kMergeOperands": "0"}}
2018/11/26-06:13:00.374873 7f72c601f0 [db/version_set.cc:2847] Creating manifest 1220
2018/11/26-06:13:00.707281 7f72c601f0 EVENT_LOG_v1 {"time_micros": 1543212780707200, "cf_name": "usertable", "job": 1, "event": "table_file_creation", "file_number": 1221, "file_size": 19419664, "table_properties": {"data_size": 19332761, "index_size": 85982, "filter_size": 0, "raw_key_size": 112536, "raw_average_key_size": 24, "raw_value_size": 19206144, "raw_average_value_size": 4096, "num_data_blocks": 2345, "num_entries": 4689, "filter_policy_name": "", "kDeletedKeys": "0", "kMergeOperands": "0"}}
2018/11/26-06:13:00.766444 7f72c601f0 EVENT_LOG_v1 {"time_micros": 1543212780766428, "job": 1, "event": "recovery_finished"}
2018/11/26-06:13:00.767394 7f72c601f0 [db/column_family.cc:837] [usertable] Increasing compaction threads because we have 5 level-0 files 
2018/11/26-06:13:00.998159 7f712861f0 [WARN] [db/db_impl.cc:491] ------- DUMPING STATS -------
2018/11/26-06:13:00.998355 7f712861f0 [WARN] [db/db_impl.cc:492] 
** DB Stats **
Uptime(secs): 4.8 total, 4.8 interval
Cumulative writes: 0 writes, 0 keys, 0 commit groups, 0.0 writes per commit group, ingest: 0.00 GB, 0.00 MB/s
Cumulative WAL: 0 writes, 0 syncs, 0.00 writes per sync, written: 0.00 GB, 0.00 MB/s
Cumulative stall: 00:00:0.000 H:M:S, 0.0 percent
Interval writes: 0 writes, 0 keys, 0 commit groups, 0.0 writes per commit group, ingest: 0.00 MB, 0.00 MB/s
Interval WAL: 0 writes, 0 syncs, 0.00 writes per sync, written: 0.00 MB, 0.00 MB/s
Interval stall: 00:00:0.000 H:M:S, 0.0 percent

** Compaction Stats [default] **
Level    Files   Size     Score Read(GB)  Rn(GB) Rnp1(GB) Write(GB) Wnew(GB) Moved(GB) W-Amp Rd(MB/s) Wr(MB/s) Comp(sec) Comp(cnt) Avg(sec) KeyIn KeyDrop
----------------------------------------------------------------------------------------------------------------------------------------------------------
 Sum      0/0    0.00 KB   0.0      0.0     0.0      0.0       0.0      0.0       0.0   0.0      0.0      0.0         0         0    0.000       0      0
 Int      0/0    0.00 KB   0.0      0.0     0.0      0.0       0.0      0.0       0.0   0.0      0.0      0.0         0         0    0.000       0      0
Uptime(secs): 4.8 total, 4.8 interval
Flush(GB): cumulative 0.000, interval 0.000
AddFile(GB): cumulative 0.000, interval 0.000
AddFile(Total Files): cumulative 0, interval 0
AddFile(L0 Files): cumulative 0, interval 0
AddFile(Keys): cumulative 0, interval 0
Cumulative compaction: 0.00 GB write, 0.00 MB/s write, 0.00 GB read, 0.00 MB/s read, 0.0 seconds
Interval compaction: 0.00 GB write, 0.00 MB/s write, 0.00 GB read, 0.00 MB/s read, 0.0 seconds
Stalls(count): 0 level0_slowdown, 0 level0_slowdown_with_compaction, 0 level0_numfiles, 0 level0_numfiles_with_compaction, 0 stop for pending_compaction_bytes, 0 slowdown for pending_compaction_bytes, 0 memtable_compaction, 0 memtable_slowdown, interval 0 total count

** File Read Latency Histogram By Level [default] **

** Compaction Stats [usertable] **
Level    Files   Size     Score Read(GB)  Rn(GB) Rnp1(GB) Write(GB) Wnew(GB) Moved(GB) W-Amp Rd(MB/s) Wr(MB/s) Comp(sec) Comp(cnt) Avg(sec) KeyIn KeyDrop
----------------------------------------------------------------------------------------------------------------------------------------------------------
  L0      5/0   625.10 MB   2.5      0.0     0.0      0.0       0.4      0.4       0.0   1.0      0.0    174.7         2         4    0.557       0      0
  L1      8/0   480.69 MB   0.9      0.0     0.0      0.0       0.0      0.0       0.0   0.0      0.0      0.0         0         0    0.000       0      0
  L2    114/0    4.99 GB   1.0      0.0     0.0      0.0       0.0      0.0       0.0   0.0      0.0      0.0         0         0    0.000       0      0
  L3    550/0   34.11 GB   0.7      0.0     0.0      0.0       0.0      0.0       0.0   0.0      0.0      0.0         0         0    0.000       0      0
 Sum    677/0   40.18 GB   0.0      0.0     0.0      0.0       0.4      0.4       0.0   1.0      0.0    174.7         2         4    0.557       0      0
 Int      0/0    0.00 KB   0.0      0.0     0.0      0.0       0.4      0.4       0.0   1.0      0.0    174.7         2         4    0.557       0      0
Uptime(secs): 4.8 total, 4.8 interval
Flush(GB): cumulative 0.380, interval 0.380
AddFile(GB): cumulative 0.000, interval 0.000
AddFile(Total Files): cumulative 0, interval 0
AddFile(L0 Files): cumulative 0, interval 0
AddFile(Keys): cumulative 0, interval 0
Cumulative compaction: 0.38 GB write, 80.45 MB/s write, 0.00 GB read, 0.00 MB/s read, 2.2 seconds
Interval compaction: 0.38 GB write, 80.45 MB/s write, 0.00 GB read, 0.00 MB/s read, 2.2 seconds
Stalls(count): 0 level0_slowdown, 0 level0_slowdown_with_compaction, 0 level0_numfiles, 0 level0_numfiles_with_compaction, 0 stop for pending_compaction_bytes, 0 slowdown for pending_compaction_bytes, 0 memtable_compaction, 0 memtable_slowdown, interval 0 total count

** File Read Latency Histogram By Level [usertable] **

** Compaction Stats [default] **
Level    Files   Size     Score Read(GB)  Rn(GB) Rnp1(GB) Write(GB) Wnew(GB) Moved(GB) W-Amp Rd(MB/s) Wr(MB/s) Comp(sec) Comp(cnt) Avg(sec) KeyIn KeyDrop
----------------------------------------------------------------------------------------------------------------------------------------------------------
 Sum      0/0    0.00 KB   0.0      0.0     0.0      0.0       0.0      0.0       0.0   0.0      0.0      0.0         0         0    0.000       0      0
 Int      0/0    0.00 KB   0.0      0.0     0.0      0.0       0.0      0.0       0.0   0.0      0.0      0.0         0         0    0.000       0      0
Uptime(secs): 4.8 total, 0.0 interval
Flush(GB): cumulative 0.000, interval 0.000
AddFile(GB): cumulative 0.000, interval 0.000
AddFile(Total Files): cumulative 0, interval 0
AddFile(L0 Files): cumulative 0, interval 0
AddFile(Keys): cumulative 0, interval 0
Cumulative compaction: 0.00 GB write, 0.00 MB/s write, 0.00 GB read, 0.00 MB/s read, 0.0 seconds
Interval compaction: 0.00 GB write, 0.00 MB/s write, 0.00 GB read, 0.00 MB/s read, 0.0 seconds
Stalls(count): 0 level0_slowdown, 0 level0_slowdown_with_compaction, 0 level0_numfiles, 0 level0_numfiles_with_compaction, 0 stop for pending_compaction_bytes, 0 slowdown for pending_compaction_bytes, 0 memtable_compaction, 0 memtable_slowdown, interval 0 total count

** File Read Latency Histogram By Level [default] **

** Compaction Stats [usertable] **
Level    Files   Size     Score Read(GB)  Rn(GB) Rnp1(GB) Write(GB) Wnew(GB) Moved(GB) W-Amp Rd(MB/s) Wr(MB/s) Comp(sec) Comp(cnt) Avg(sec) KeyIn KeyDrop
----------------------------------------------------------------------------------------------------------------------------------------------------------
  L0      5/0   625.10 MB   2.5      0.0     0.0      0.0       0.4      0.4       0.0   1.0      0.0    174.7         2         4    0.557       0      0
  L1      8/0   480.69 MB   0.9      0.0     0.0      0.0       0.0      0.0       0.0   0.0      0.0      0.0         0         0    0.000       0      0
  L2    114/0    4.99 GB   1.0      0.0     0.0      0.0       0.0      0.0       0.0   0.0      0.0      0.0         0         0    0.000       0      0
  L3    550/0   34.11 GB   0.7      0.0     0.0      0.0       0.0      0.0       0.0   0.0      0.0      0.0         0         0    0.000       0      0
 Sum    677/0   40.18 GB   0.0      0.0     0.0      0.0       0.4      0.4       0.0   1.0      0.0    174.7         2         4    0.557       0      0
 Int      0/0    0.00 KB   0.0      0.0     0.0      0.0       0.0      0.0       0.0   0.0      0.0      0.0         0         0    0.000       0      0
Uptime(secs): 4.8 total, 0.0 interval
Flush(GB): cumulative 0.380, interval 0.000
AddFile(GB): cumulative 0.000, interval 0.000
AddFile(Total Files): cumulative 0, interval 0
AddFile(L0 Files): cumulative 0, interval 0
AddFile(Keys): cumulative 0, interval 0
Cumulative compaction: 0.38 GB write, 80.45 MB/s write, 0.00 GB read, 0.00 MB/s read, 2.2 seconds
Interval compaction: 0.00 GB write, 0.00 MB/s write, 0.00 GB read, 0.00 MB/s read, 0.0 seconds
Stalls(count): 0 level0_slowdown, 0 level0_slowdown_with_compaction, 0 level0_numfiles, 0 level0_numfiles_with_compaction, 0 stop for pending_compaction_bytes, 0 slowdown for pending_compaction_bytes, 0 memtable_compaction, 0 memtable_slowdown, interval 0 total count

** File Read Latency Histogram By Level [usertable] **
2018/11/26-06:13:00.999526 7f70a851f0 [db/compaction_job.cc:1531] [usertable] [JOB 4] Compacting 4@0 files to L0, score 2.00
2018/11/26-06:13:00.999596 7f70a851f0 [db/compaction_job.cc:1535] [usertable] Compaction start summary: Base version 5 Base level 0, inputs: [1221(18MB) 1219(123MB) 1218(123MB) 1217(123MB)]
2018/11/26-06:13:00.999704 7f70a851f0 EVENT_LOG_v1 {"time_micros": 1543212780999646, "job": 4, "event": "compaction_started", "compaction_reason": "LevelL0FilesNum", "files_L0": [1221, 1219, 1218, 1217], "score": 2, "input_data_size": 408411415}
2018/11/26-06:13:01.001147 7f72c601f0 [db/db_impl_open.cc:1219] DB pointer 0x7f443f21e0
2018/11/26-06:13:01.055555 7f712861f0 [db/column_family.cc:837] [usertable] Increasing compaction threads because we have 4 level-0 files 
2018/11/26-06:13:01.056469 7f712861f0 (Original Log Time 2018/11/26-06:13:00.999045) [db/db_impl_compaction_flush.cc:1835] [usertable] Moving #179 to level-1 247051941 bytes
2018/11/26-06:13:01.056496 7f712861f0 (Original Log Time 2018/11/26-06:13:01.055820) EVENT_LOG_v1 {"time_micros": 1543212781055789, "job": 3, "event": "trivial_move", "destination_level": 1, "files": 1, "total_files_size": 247051941}
2018/11/26-06:13:01.056507 7f712861f0 (Original Log Time 2018/11/26-06:13:01.055863) [db/db_impl_compaction_flush.cc:1864] [usertable] Moved #1 files to level-1 247051941 bytes OK: base level 1 max bytes base 536870912 files[4 9 114 550 0 0 0] max score 1.40
2018/11/26-06:13:01.057065 7f27fff1f0 [db/compaction_job.cc:1531] [usertable] [JOB 5] Compacting 1@1 files to L2, score 1.40
2018/11/26-06:13:01.057096 7f27fff1f0 [db/compaction_job.cc:1535] [usertable] Compaction start summary: Base version 6 Base level 1, inputs: [179(235MB)]
2018/11/26-06:13:01.057149 7f27fff1f0 EVENT_LOG_v1 {"time_micros": 1543212781057127, "job": 5, "event": "compaction_started", "compaction_reason": "LevelMaxLevelSize", "files_L1": [179], "score": 1.39902, "input_data_size": 247051941}
2018/11/26-06:13:04.690293 7f70a851f0 [db/compaction_job.cc:1211] [usertable] [JOB 4] Generated table #1225: 98613 keys, 408412232 bytes
2018/11/26-06:13:04.690435 7f70a851f0 EVENT_LOG_v1 {"time_micros": 1543212784690384, "cf_name": "usertable", "job": 4, "event": "table_file_creation", "file_number": 1225, "file_size": 408412232, "table_properties": {"data_size": 406581413, "index_size": 1829892, "filter_size": 0, "raw_key_size": 2366712, "raw_average_key_size": 24, "raw_value_size": 403918848, "raw_average_value_size": 4096, "num_data_blocks": 49307, "num_entries": 98613, "filter_policy_name": "", "kDeletedKeys": "0", "kMergeOperands": "0"}}
2018/11/26-06:13:04.690637 7f70a851f0 [db/compaction_job.cc:1287] [usertable] [JOB 4] Compacted 4@0 files to L0 => 408412232 bytes
2018/11/26-06:13:04.750624 7f70a851f0 (Original Log Time 2018/11/26-06:13:04.749474) [db/compaction_job.cc:685] [usertable] compacted to: base level 1 max bytes base 536870912 files[1 9 114 550 0 0 0] max score 1.00, MB/sec: 110.7 rd, 110.7 wr, level 0, files in(0, 4) out(1) MB in(0.0, 389.5) out(389.5), read-write-amplify(0.0) write-amplify(0.0) OK, records in: 98613, records dropped: 0 output_compression: NoCompression
2018/11/26-06:13:04.750665 7f70a851f0 (Original Log Time 2018/11/26-06:13:04.749664) EVENT_LOG_v1 {"time_micros": 1543212784749568, "job": 4, "event": "compaction_finished", "compaction_time_micros": 3690657, "output_level": 0, "num_output_files": 1, "total_output_size": 408412232, "num_input_records": 98613, "num_output_records": 98613, "num_subcompactions": 1, "output_compression": "NoCompression", "num_single_delete_mismatches": 0, "num_single_delete_fallthrough": 0, "lsm_state": [1, 9, 114, 550, 0, 0, 0]}
2018/11/26-06:13:06.153014 7f27fff1f0 [db/compaction_job.cc:1211] [usertable] [JOB 5] Generated table #1226: 16279 keys, 67233519 bytes
2018/11/26-06:13:06.153101 7f27fff1f0 EVENT_LOG_v1 {"time_micros": 1543212786153073, "cf_name": "usertable", "job": 5, "event": "table_file_creation", "file_number": 1226, "file_size": 67233519, "table_properties": {"data_size": 67120140, "index_size": 300916, "filter_size": 0, "raw_key_size": 390696, "raw_average_key_size": 24, "raw_value_size": 66678784, "raw_average_value_size": 4096, "num_data_blocks": 8140, "num_entries": 16279, "filter_policy_name": "", "kDeletedKeys": "0", "kMergeOperands": "0"}}
2018/11/26-06:13:07.491323 7f27fff1f0 [db/compaction_job.cc:1211] [usertable] [JOB 5] Generated table #1227: 16279 keys, 67233334 bytes
2018/11/26-06:13:07.491425 7f27fff1f0 EVENT_LOG_v1 {"time_micros": 1543212787491394, "cf_name": "usertable", "job": 5, "event": "table_file_creation", "file_number": 1227, "file_size": 67233334, "table_properties": {"data_size": 67118331, "index_size": 299106, "filter_size": 0, "raw_key_size": 390696, "raw_average_key_size": 24, "raw_value_size": 66678784, "raw_average_value_size": 4096, "num_data_blocks": 8140, "num_entries": 16279, "filter_policy_name": "", "kDeletedKeys": "0", "kMergeOperands": "0"}}
2018/11/26-06:13:08.947338 7f27fff1f0 [db/compaction_job.cc:1211] [usertable] [JOB 5] Generated table #1228: 16279 keys, 67233511 bytes
2018/11/26-06:13:08.947518 7f27fff1f0 EVENT_LOG_v1 {"time_micros": 1543212788947450, "cf_name": "usertable", "job": 5, "event": "table_file_creation", "file_number": 1228, "file_size": 67233511, "table_properties": {"data_size": 67120139, "index_size": 300916, "filter_size": 0, "raw_key_size": 390696, "raw_average_key_size": 24, "raw_value_size": 66678784, "raw_average_value_size": 4096, "num_data_blocks": 8140, "num_entries": 16279, "filter_policy_name": "", "kDeletedKeys": "0", "kMergeOperands": "0"}}
2018/11/26-06:13:10.165936 7f27fff1f0 [db/compaction_job.cc:1211] [usertable] [JOB 5] Generated table #1229: 10814 keys, 44662854 bytes
2018/11/26-06:13:10.166153 7f27fff1f0 EVENT_LOG_v1 {"time_micros": 1543212790166077, "cf_name": "usertable", "job": 5, "event": "table_file_creation", "file_number": 1229, "file_size": 44662854, "table_properties": {"data_size": 44586122, "index_size": 198593, "filter_size": 0, "raw_key_size": 259536, "raw_average_key_size": 24, "raw_value_size": 44294144, "raw_average_value_size": 4096, "num_data_blocks": 5407, "num_entries": 10814, "filter_policy_name": "", "kDeletedKeys": "0", "kMergeOperands": "0"}}
2018/11/26-06:13:10.166346 7f27fff1f0 [db/compaction_job.cc:1287] [usertable] [JOB 5] Compacted 1@1 files to L2 => 246363218 bytes
