2018/12/29-14:18:26.715589 7fac6450c700 RocksDB version: 5.14.3
2018/12/29-14:18:26.715657 7fac6450c700 Git sha rocksdb_build_git_sha:
2018/12/29-14:18:26.715662 7fac6450c700 Compile date Dec 29 2018
2018/12/29-14:18:26.715669 7fac6450c700 DB SUMMARY
2018/12/29-14:18:26.715696 7fac6450c700 SST files in /mnt/sdd/ycsb-rocksdb-data dir, Total Num: 0, files: 
2018/12/29-14:18:26.715700 7fac6450c700 Write Ahead Log file in /mnt/sdd/ycsb-rocksdb-data: 
2018/12/29-14:18:26.715704 7fac6450c700                         Options.error_if_exists: 0
2018/12/29-14:18:26.715706 7fac6450c700                       Options.create_if_missing: 1
2018/12/29-14:18:26.715708 7fac6450c700                         Options.paranoid_checks: 1
2018/12/29-14:18:26.715709 7fac6450c700                                     Options.env: 0x7fabb3ff82c0
2018/12/29-14:18:26.715710 7fac6450c700                                Options.info_log: 0x7fabec3cec50
2018/12/29-14:18:26.715712 7fac6450c700                Options.max_file_opening_threads: 16
2018/12/29-14:18:26.715714 7fac6450c700                              Options.statistics: (nil)
2018/12/29-14:18:26.715715 7fac6450c700                               Options.use_fsync: 0
2018/12/29-14:18:26.715717 7fac6450c700                       Options.max_log_file_size: 0
2018/12/29-14:18:26.715719 7fac6450c700                  Options.max_manifest_file_size: 18446744073709551615
2018/12/29-14:18:26.715720 7fac6450c700                   Options.log_file_time_to_roll: 0
2018/12/29-14:18:26.715722 7fac6450c700                       Options.keep_log_file_num: 1000
2018/12/29-14:18:26.715724 7fac6450c700                    Options.recycle_log_file_num: 0
2018/12/29-14:18:26.715725 7fac6450c700                         Options.allow_fallocate: 1
2018/12/29-14:18:26.715727 7fac6450c700                        Options.allow_mmap_reads: 0
2018/12/29-14:18:26.715728 7fac6450c700                       Options.allow_mmap_writes: 0
2018/12/29-14:18:26.715729 7fac6450c700                        Options.use_direct_reads: 0
2018/12/29-14:18:26.715731 7fac6450c700                        Options.use_direct_io_for_flush_and_compaction: 0
2018/12/29-14:18:26.715733 7fac6450c700          Options.create_missing_column_families: 1
2018/12/29-14:18:26.715734 7fac6450c700                              Options.db_log_dir: 
2018/12/29-14:18:26.715736 7fac6450c700                                 Options.wal_dir: /mnt/sdd/ycsb-rocksdb-data
2018/12/29-14:18:26.715737 7fac6450c700                Options.table_cache_numshardbits: 6
2018/12/29-14:18:26.715739 7fac6450c700                      Options.max_subcompactions: 4
2018/12/29-14:18:26.715740 7fac6450c700                  Options.max_background_flushes: 24
2018/12/29-14:18:26.715742 7fac6450c700                         Options.WAL_ttl_seconds: 0
2018/12/29-14:18:26.715743 7fac6450c700                       Options.WAL_size_limit_MB: 0
2018/12/29-14:18:26.715745 7fac6450c700             Options.manifest_preallocation_size: 4194304
2018/12/29-14:18:26.715746 7fac6450c700                     Options.is_fd_close_on_exec: 1
2018/12/29-14:18:26.715748 7fac6450c700                   Options.advise_random_on_open: 1
2018/12/29-14:18:26.715750 7fac6450c700                    Options.db_write_buffer_size: 0
2018/12/29-14:18:26.715752 7fac6450c700                    Options.write_buffer_manager: 0x7fabec3cbc50
2018/12/29-14:18:26.715754 7fac6450c700         Options.access_hint_on_compaction_start: 1
2018/12/29-14:18:26.715755 7fac6450c700  Options.new_table_reader_for_compaction_inputs: 0
2018/12/29-14:18:26.715757 7fac6450c700           Options.random_access_max_buffer_size: 1048576
2018/12/29-14:18:26.715759 7fac6450c700                      Options.use_adaptive_mutex: 0
2018/12/29-14:18:26.715761 7fac6450c700                            Options.rate_limiter: (nil)
2018/12/29-14:18:26.715764 7fac6450c700     Options.sst_file_manager.rate_bytes_per_sec: 0
2018/12/29-14:18:26.715766 7fac6450c700                       Options.wal_recovery_mode: 2
2018/12/29-14:18:26.715768 7fac6450c700                  Options.enable_thread_tracking: 0
2018/12/29-14:18:26.715770 7fac6450c700                  Options.enable_pipelined_write: 1
2018/12/29-14:18:26.715785 7fac6450c700         Options.allow_concurrent_memtable_write: 1
2018/12/29-14:18:26.715788 7fac6450c700      Options.enable_write_thread_adaptive_yield: 1
2018/12/29-14:18:26.715789 7fac6450c700             Options.write_thread_max_yield_usec: 100
2018/12/29-14:18:26.715791 7fac6450c700            Options.write_thread_slow_yield_usec: 3
2018/12/29-14:18:26.715792 7fac6450c700                               Options.row_cache: None
2018/12/29-14:18:26.715794 7fac6450c700                              Options.wal_filter: None
2018/12/29-14:18:26.715796 7fac6450c700             Options.avoid_flush_during_recovery: 0
2018/12/29-14:18:26.715798 7fac6450c700             Options.allow_ingest_behind: 0
2018/12/29-14:18:26.715800 7fac6450c700             Options.preserve_deletes: 0
2018/12/29-14:18:26.715801 7fac6450c700             Options.two_write_queues: 0
2018/12/29-14:18:26.715803 7fac6450c700             Options.manual_wal_flush: 0
2018/12/29-14:18:26.715807 7fac6450c700             Options.max_background_jobs: 24
2018/12/29-14:18:26.715809 7fac6450c700             Options.max_background_compactions: 24
2018/12/29-14:18:26.715810 7fac6450c700             Options.avoid_flush_during_shutdown: 0
2018/12/29-14:18:26.715812 7fac6450c700           Options.writable_file_max_buffer_size: 1048576
2018/12/29-14:18:26.715813 7fac6450c700             Options.delayed_write_rate : 16777216
2018/12/29-14:18:26.715815 7fac6450c700             Options.max_total_wal_size: 0
2018/12/29-14:18:26.715816 7fac6450c700             Options.delete_obsolete_files_period_micros: 21600000000
2018/12/29-14:18:26.715818 7fac6450c700                   Options.stats_dump_period_sec: 60
2018/12/29-14:18:26.715819 7fac6450c700                          Options.max_open_files: -1
2018/12/29-14:18:26.715821 7fac6450c700                          Options.bytes_per_sync: 1048576
2018/12/29-14:18:26.715823 7fac6450c700                      Options.wal_bytes_per_sync: 0
2018/12/29-14:18:26.715824 7fac6450c700       Options.compaction_readahead_size: 0
2018/12/29-14:18:26.715826 7fac6450c700 Compression algorithms supported:
2018/12/29-14:18:26.715828 7fac6450c700 	kZSTDNotFinalCompression supported: 1
2018/12/29-14:18:26.715838 7fac6450c700 	kZSTD supported: 1
2018/12/29-14:18:26.715841 7fac6450c700 	kXpressCompression supported: 0
2018/12/29-14:18:26.715842 7fac6450c700 	kLZ4HCCompression supported: 1
2018/12/29-14:18:26.715844 7fac6450c700 	kLZ4Compression supported: 1
2018/12/29-14:18:26.715846 7fac6450c700 	kBZip2Compression supported: 1
2018/12/29-14:18:26.715848 7fac6450c700 	kZlibCompression supported: 1
2018/12/29-14:18:26.715850 7fac6450c700 	kSnappyCompression supported: 1
2018/12/29-14:18:26.715856 7fac6450c700 Fast CRC32 supported: Supported on x86
2018/12/29-14:18:26.715962 7fac6450c700 [db/db_impl_open.cc:222] Creating manifest 1 
2018/12/29-14:18:26.815634 7fac6450c700 [db/version_set.cc:3085] Recovering from manifest file: MANIFEST-000001
2018/12/29-14:18:26.815767 7fac6450c700 [db/column_family.cc:475] --------------- Options for column family [default]:
2018/12/29-14:18:26.815773 7fac6450c700               Options.comparator: leveldb.BytewiseComparator
2018/12/29-14:18:26.815775 7fac6450c700           Options.merge_operator: None
2018/12/29-14:18:26.815777 7fac6450c700        Options.compaction_filter: None
2018/12/29-14:18:26.815779 7fac6450c700        Options.compaction_filter_factory: None
2018/12/29-14:18:26.815781 7fac6450c700         Options.memtable_factory: SkipListFactory
2018/12/29-14:18:26.815783 7fac6450c700            Options.table_factory: BlockBasedTable
2018/12/29-14:18:26.815823 7fac6450c700            table_factory options:   flush_block_policy_factory: FlushBlockBySizePolicyFactory (0x7fabec378a30)
  cache_index_and_filter_blocks: 0
  cache_index_and_filter_blocks_with_high_priority: 0
  pin_l0_filter_and_index_blocks_in_cache: 0
  index_type: 0
  hash_index_allow_collision: 1
  checksum: 1
  no_block_cache: 0
  block_cache: 0x7fabec384550
  block_cache_name: LRUCache
  block_cache_options:
    capacity : 8388608
    num_shard_bits : 4
    strict_capacity_limit : 0
    high_pri_pool_ratio: 0.000
  block_cache_compressed: (nil)
  persistent_cache: (nil)
  block_size: 8192
  block_size_deviation: 10
  block_restart_interval: 16
  index_block_restart_interval: 1
  metadata_block_size: 4096
  partition_filters: 0
  use_delta_encoding: 1
  filter_policy: nullptr
  whole_key_filtering: 1
  verify_compression: 0
  read_amp_bytes_per_bit: 0
  format_version: 2
  enable_index_compression: 1
  block_align: 0
2018/12/29-14:18:26.815847 7fac6450c700        Options.write_buffer_size: 134217728
2018/12/29-14:18:26.815849 7fac6450c700  Options.max_write_buffer_number: 24
2018/12/29-14:18:26.815851 7fac6450c700        Options.compression[0]: NoCompression
2018/12/29-14:18:26.815853 7fac6450c700        Options.compression[1]: NoCompression
2018/12/29-14:18:26.815854 7fac6450c700        Options.compression[2]: LZ4
2018/12/29-14:18:26.815855 7fac6450c700        Options.compression[3]: LZ4
2018/12/29-14:18:26.815856 7fac6450c700        Options.compression[4]: LZ4
2018/12/29-14:18:26.815857 7fac6450c700        Options.compression[5]: LZ4
2018/12/29-14:18:26.815858 7fac6450c700        Options.compression[6]: LZ4
2018/12/29-14:18:26.815859 7fac6450c700                  Options.bottommost_compression: Disabled
2018/12/29-14:18:26.815860 7fac6450c700       Options.prefix_extractor: nullptr
2018/12/29-14:18:26.815862 7fac6450c700   Options.memtable_insert_with_hint_prefix_extractor: nullptr
2018/12/29-14:18:26.815863 7fac6450c700             Options.num_levels: 7
2018/12/29-14:18:26.815864 7fac6450c700        Options.min_write_buffer_number_to_merge: 2
2018/12/29-14:18:26.815865 7fac6450c700     Options.max_write_buffer_number_to_maintain: 0
2018/12/29-14:18:26.815866 7fac6450c700            Options.compression_opts.window_bits: -14
2018/12/29-14:18:26.815867 7fac6450c700                  Options.compression_opts.level: -1
2018/12/29-14:18:26.815868 7fac6450c700               Options.compression_opts.strategy: 0
2018/12/29-14:18:26.815869 7fac6450c700         Options.compression_opts.max_dict_bytes: 0
2018/12/29-14:18:26.815870 7fac6450c700         Options.compression_opts.zstd_max_train_bytes: 0
2018/12/29-14:18:26.815871 7fac6450c700      Options.level0_file_num_compaction_trigger: 2
2018/12/29-14:18:26.815872 7fac6450c700          Options.level0_slowdown_writes_trigger: 20
2018/12/29-14:18:26.815873 7fac6450c700              Options.level0_stop_writes_trigger: 36
2018/12/29-14:18:26.815874 7fac6450c700                   Options.target_file_size_base: 67108864
2018/12/29-14:18:26.815875 7fac6450c700             Options.target_file_size_multiplier: 1
2018/12/29-14:18:26.815876 7fac6450c700                Options.max_bytes_for_level_base: 536870912
2018/12/29-14:18:26.815877 7fac6450c700 Options.level_compaction_dynamic_level_bytes: 0
2018/12/29-14:18:26.815878 7fac6450c700          Options.max_bytes_for_level_multiplier: 10.000000
2018/12/29-14:18:26.815881 7fac6450c700 Options.max_bytes_for_level_multiplier_addtl[0]: 1
2018/12/29-14:18:26.815882 7fac6450c700 Options.max_bytes_for_level_multiplier_addtl[1]: 1
2018/12/29-14:18:26.815883 7fac6450c700 Options.max_bytes_for_level_multiplier_addtl[2]: 1
2018/12/29-14:18:26.815884 7fac6450c700 Options.max_bytes_for_level_multiplier_addtl[3]: 1
2018/12/29-14:18:26.815885 7fac6450c700 Options.max_bytes_for_level_multiplier_addtl[4]: 1
2018/12/29-14:18:26.815886 7fac6450c700 Options.max_bytes_for_level_multiplier_addtl[5]: 1
2018/12/29-14:18:26.815887 7fac6450c700 Options.max_bytes_for_level_multiplier_addtl[6]: 1
2018/12/29-14:18:26.815888 7fac6450c700       Options.max_sequential_skip_in_iterations: 8
2018/12/29-14:18:26.815889 7fac6450c700                    Options.max_compaction_bytes: 1677721600
2018/12/29-14:18:26.815891 7fac6450c700                        Options.arena_block_size: 16777216
2018/12/29-14:18:26.815892 7fac6450c700   Options.soft_pending_compaction_bytes_limit: 68719476736
2018/12/29-14:18:26.815893 7fac6450c700   Options.hard_pending_compaction_bytes_limit: 274877906944
2018/12/29-14:18:26.815899 7fac6450c700       Options.rate_limit_delay_max_milliseconds: 100
2018/12/29-14:18:26.815900 7fac6450c700                Options.disable_auto_compactions: 0
2018/12/29-14:18:26.815903 7fac6450c700                        Options.compaction_style: kCompactionStyleLevel
2018/12/29-14:18:26.815905 7fac6450c700                          Options.compaction_pri: kByCompensatedSize
2018/12/29-14:18:26.815906 7fac6450c700 Options.compaction_options_universal.size_ratio: 1
2018/12/29-14:18:26.815907 7fac6450c700 Options.compaction_options_universal.min_merge_width: 2
2018/12/29-14:18:26.815908 7fac6450c700 Options.compaction_options_universal.max_merge_width: 4294967295
2018/12/29-14:18:26.815909 7fac6450c700 Options.compaction_options_universal.max_size_amplification_percent: 200
2018/12/29-14:18:26.815910 7fac6450c700 Options.compaction_options_universal.compression_size_percent: -1
2018/12/29-14:18:26.815912 7fac6450c700 Options.compaction_options_universal.stop_style: kCompactionStopStyleTotalSize
2018/12/29-14:18:26.815914 7fac6450c700 Options.compaction_options_fifo.max_table_files_size: 1073741824
2018/12/29-14:18:26.815915 7fac6450c700 Options.compaction_options_fifo.allow_compaction: 0
2018/12/29-14:18:26.815916 7fac6450c700 Options.compaction_options_fifo.ttl: 0
2018/12/29-14:18:26.815917 7fac6450c700                   Options.table_properties_collectors: 
2018/12/29-14:18:26.815918 7fac6450c700                   Options.inplace_update_support: 0
2018/12/29-14:18:26.815919 7fac6450c700                 Options.inplace_update_num_locks: 10000
2018/12/29-14:18:26.815920 7fac6450c700               Options.memtable_prefix_bloom_size_ratio: 0.000000
2018/12/29-14:18:26.815922 7fac6450c700   Options.memtable_huge_page_size: 0
2018/12/29-14:18:26.815923 7fac6450c700                           Options.bloom_locality: 0
2018/12/29-14:18:26.815924 7fac6450c700                    Options.max_successive_merges: 0
2018/12/29-14:18:26.815925 7fac6450c700                Options.optimize_filters_for_hits: 0
2018/12/29-14:18:26.815926 7fac6450c700                Options.paranoid_file_checks: 0
2018/12/29-14:18:26.815927 7fac6450c700                Options.force_consistency_checks: 0
2018/12/29-14:18:26.815928 7fac6450c700                Options.report_bg_io_stats: 0
2018/12/29-14:18:26.815929 7fac6450c700                               Options.ttl: 0
2018/12/29-14:18:26.816554 7fac6450c700 [db/version_set.cc:3361] Recovered from manifest file:/mnt/sdd/ycsb-rocksdb-data/MANIFEST-000001 succeeded,manifest_file_number is 1, next_file_number is 3, last_sequence is 0, log_number is 0,prev_log_number is 0,max_column_family is 0,min_log_number_to_keep is 0
2018/12/29-14:18:26.816560 7fac6450c700 [db/version_set.cc:3369] Column family [default] (ID 0), log number is 0
2018/12/29-14:18:26.816902 7fac6450c700 [db/version_set.cc:2847] Creating manifest 4
2018/12/29-14:18:26.887760 7fac6450c700 [db/column_family.cc:475] --------------- Options for column family [usertable]:
2018/12/29-14:18:26.887766 7fac6450c700               Options.comparator: leveldb.BytewiseComparator
2018/12/29-14:18:26.887768 7fac6450c700           Options.merge_operator: None
2018/12/29-14:18:26.887769 7fac6450c700        Options.compaction_filter: None
2018/12/29-14:18:26.887770 7fac6450c700        Options.compaction_filter_factory: None
2018/12/29-14:18:26.887771 7fac6450c700         Options.memtable_factory: SkipListFactory
2018/12/29-14:18:26.887772 7fac6450c700            Options.table_factory: BlockBasedTable
2018/12/29-14:18:26.887800 7fac6450c700            table_factory options:   flush_block_policy_factory: FlushBlockBySizePolicyFactory (0x7fabec378b10)
  cache_index_and_filter_blocks: 0
  cache_index_and_filter_blocks_with_high_priority: 0
  pin_l0_filter_and_index_blocks_in_cache: 0
  index_type: 0
  hash_index_allow_collision: 1
  checksum: 1
  no_block_cache: 0
  block_cache: 0x7fabec3795b0
  block_cache_name: LRUCache
  block_cache_options:
    capacity : 8388608
    num_shard_bits : 4
    strict_capacity_limit : 0
    high_pri_pool_ratio: 0.000
  block_cache_compressed: (nil)
  persistent_cache: (nil)
  block_size: 8192
  block_size_deviation: 10
  block_restart_interval: 16
  index_block_restart_interval: 1
  metadata_block_size: 4096
  partition_filters: 0
  use_delta_encoding: 1
  filter_policy: nullptr
  whole_key_filtering: 1
  verify_compression: 0
  read_amp_bytes_per_bit: 0
  format_version: 2
  enable_index_compression: 1
  block_align: 0
2018/12/29-14:18:26.887802 7fac6450c700        Options.write_buffer_size: 134217728
2018/12/29-14:18:26.887804 7fac6450c700  Options.max_write_buffer_number: 24
2018/12/29-14:18:26.887805 7fac6450c700        Options.compression[0]: NoCompression
2018/12/29-14:18:26.887806 7fac6450c700        Options.compression[1]: NoCompression
2018/12/29-14:18:26.887808 7fac6450c700        Options.compression[2]: LZ4
2018/12/29-14:18:26.887809 7fac6450c700        Options.compression[3]: LZ4
2018/12/29-14:18:26.887810 7fac6450c700        Options.compression[4]: LZ4
2018/12/29-14:18:26.887811 7fac6450c700        Options.compression[5]: LZ4
2018/12/29-14:18:26.887812 7fac6450c700        Options.compression[6]: LZ4
2018/12/29-14:18:26.887813 7fac6450c700                  Options.bottommost_compression: Disabled
2018/12/29-14:18:26.887814 7fac6450c700       Options.prefix_extractor: nullptr
2018/12/29-14:18:26.887815 7fac6450c700   Options.memtable_insert_with_hint_prefix_extractor: nullptr
2018/12/29-14:18:26.887816 7fac6450c700             Options.num_levels: 7
2018/12/29-14:18:26.887817 7fac6450c700        Options.min_write_buffer_number_to_merge: 2
2018/12/29-14:18:26.887818 7fac6450c700     Options.max_write_buffer_number_to_maintain: 0
2018/12/29-14:18:26.887819 7fac6450c700            Options.compression_opts.window_bits: -14
2018/12/29-14:18:26.887820 7fac6450c700                  Options.compression_opts.level: -1
2018/12/29-14:18:26.887821 7fac6450c700               Options.compression_opts.strategy: 0
2018/12/29-14:18:26.887822 7fac6450c700         Options.compression_opts.max_dict_bytes: 0
2018/12/29-14:18:26.887823 7fac6450c700         Options.compression_opts.zstd_max_train_bytes: 0
2018/12/29-14:18:26.887824 7fac6450c700      Options.level0_file_num_compaction_trigger: 2
2018/12/29-14:18:26.887825 7fac6450c700          Options.level0_slowdown_writes_trigger: 20
2018/12/29-14:18:26.887826 7fac6450c700              Options.level0_stop_writes_trigger: 36
2018/12/29-14:18:26.887827 7fac6450c700                   Options.target_file_size_base: 67108864
2018/12/29-14:18:26.887828 7fac6450c700             Options.target_file_size_multiplier: 1
2018/12/29-14:18:26.887829 7fac6450c700                Options.max_bytes_for_level_base: 536870912
2018/12/29-14:18:26.887830 7fac6450c700 Options.level_compaction_dynamic_level_bytes: 0
2018/12/29-14:18:26.887831 7fac6450c700          Options.max_bytes_for_level_multiplier: 10.000000
2018/12/29-14:18:26.887833 7fac6450c700 Options.max_bytes_for_level_multiplier_addtl[0]: 1
2018/12/29-14:18:26.887843 7fac6450c700 Options.max_bytes_for_level_multiplier_addtl[1]: 1
2018/12/29-14:18:26.887845 7fac6450c700 Options.max_bytes_for_level_multiplier_addtl[2]: 1
2018/12/29-14:18:26.887846 7fac6450c700 Options.max_bytes_for_level_multiplier_addtl[3]: 1
2018/12/29-14:18:26.887847 7fac6450c700 Options.max_bytes_for_level_multiplier_addtl[4]: 1
2018/12/29-14:18:26.887848 7fac6450c700 Options.max_bytes_for_level_multiplier_addtl[5]: 1
2018/12/29-14:18:26.887849 7fac6450c700 Options.max_bytes_for_level_multiplier_addtl[6]: 1
2018/12/29-14:18:26.887849 7fac6450c700       Options.max_sequential_skip_in_iterations: 8
2018/12/29-14:18:26.887850 7fac6450c700                    Options.max_compaction_bytes: 1677721600
2018/12/29-14:18:26.887852 7fac6450c700                        Options.arena_block_size: 16777216
2018/12/29-14:18:26.887853 7fac6450c700   Options.soft_pending_compaction_bytes_limit: 68719476736
2018/12/29-14:18:26.887854 7fac6450c700   Options.hard_pending_compaction_bytes_limit: 274877906944
2018/12/29-14:18:26.887855 7fac6450c700       Options.rate_limit_delay_max_milliseconds: 100
2018/12/29-14:18:26.887856 7fac6450c700                Options.disable_auto_compactions: 0
2018/12/29-14:18:26.887858 7fac6450c700                        Options.compaction_style: kCompactionStyleLevel
2018/12/29-14:18:26.887860 7fac6450c700                          Options.compaction_pri: kByCompensatedSize
2018/12/29-14:18:26.887861 7fac6450c700 Options.compaction_options_universal.size_ratio: 1
2018/12/29-14:18:26.887862 7fac6450c700 Options.compaction_options_universal.min_merge_width: 2
2018/12/29-14:18:26.887863 7fac6450c700 Options.compaction_options_universal.max_merge_width: 4294967295
2018/12/29-14:18:26.887864 7fac6450c700 Options.compaction_options_universal.max_size_amplification_percent: 200
2018/12/29-14:18:26.887865 7fac6450c700 Options.compaction_options_universal.compression_size_percent: -1
2018/12/29-14:18:26.887867 7fac6450c700 Options.compaction_options_universal.stop_style: kCompactionStopStyleTotalSize
2018/12/29-14:18:26.887868 7fac6450c700 Options.compaction_options_fifo.max_table_files_size: 1073741824
2018/12/29-14:18:26.887869 7fac6450c700 Options.compaction_options_fifo.allow_compaction: 0
2018/12/29-14:18:26.887870 7fac6450c700 Options.compaction_options_fifo.ttl: 0
2018/12/29-14:18:26.887871 7fac6450c700                   Options.table_properties_collectors: 
2018/12/29-14:18:26.887872 7fac6450c700                   Options.inplace_update_support: 0
2018/12/29-14:18:26.887873 7fac6450c700                 Options.inplace_update_num_locks: 10000
2018/12/29-14:18:26.887874 7fac6450c700               Options.memtable_prefix_bloom_size_ratio: 0.000000
2018/12/29-14:18:26.887876 7fac6450c700   Options.memtable_huge_page_size: 0
2018/12/29-14:18:26.887877 7fac6450c700                           Options.bloom_locality: 0
2018/12/29-14:18:26.887878 7fac6450c700                    Options.max_successive_merges: 0
2018/12/29-14:18:26.887879 7fac6450c700                Options.optimize_filters_for_hits: 0
2018/12/29-14:18:26.887880 7fac6450c700                Options.paranoid_file_checks: 0
2018/12/29-14:18:26.887881 7fac6450c700                Options.force_consistency_checks: 0
2018/12/29-14:18:26.887882 7fac6450c700                Options.report_bg_io_stats: 0
2018/12/29-14:18:26.887883 7fac6450c700                               Options.ttl: 0
2018/12/29-14:18:26.887954 7fac6450c700 [db/db_impl.cc:1396] Created column family [usertable] (ID 1)
2018/12/29-14:18:27.056749 7fac6450c700 [db/db_impl_open.cc:1219] DB pointer 0x7fabec3cf3d0
2018/12/29-14:18:35.864498 7fac406ed700 [db/db_impl_write.cc:1373] [usertable] New memtable created with log file: #9. Immutable memtables: 0.
2018/12/29-14:18:44.798850 7fac405ec700 [db/db_impl_write.cc:1373] [usertable] New memtable created with log file: #10. Immutable memtables: 1.
2018/12/29-14:18:44.799040 7faaf4ff9700 [db/db_impl_compaction_flush.cc:80] [JOB 2] Syncing log #3
2018/12/29-14:18:45.055468 7faaf4ff9700 [db/db_impl_compaction_flush.cc:80] [JOB 2] Syncing log #9
2018/12/29-14:18:45.587881 7faaf4ff9700 (Original Log Time 2018/12/29-14:18:44.798996) [db/db_impl_compaction_flush.cc:1424] Calling FlushMemTableToOutputFile with column family [usertable], flush slots available 24, compaction slots available 1, flush slots scheduled 1, compaction slots scheduled 0
2018/12/29-14:18:45.587897 7faaf4ff9700 [db/flush_job.cc:301] [usertable] [JOB 2] Flushing memtable with next log file: 9
2018/12/29-14:18:45.587910 7faaf4ff9700 [db/flush_job.cc:301] [usertable] [JOB 2] Flushing memtable with next log file: 10
2018/12/29-14:18:45.587962 7faaf4ff9700 EVENT_LOG_v1 {"time_micros": 1546121925587946, "job": 2, "event": "flush_started", "num_memtables": 2, "num_entries": 62095, "num_deletes": 0, "memory_usage": 257828136, "flush_reason": "Write Buffer Full"}
2018/12/29-14:18:45.587973 7faaf4ff9700 [db/flush_job.cc:331] [usertable] [JOB 2] Level-0 flush table #11: started
2018/12/29-14:18:46.884230 7faaf4ff9700 EVENT_LOG_v1 {"time_micros": 1546121926884207, "cf_name": "usertable", "job": 2, "event": "table_file_creation", "file_number": 11, "file_size": 257160241, "table_properties": {"data_size": 256017699, "index_size": 1141615, "filter_size": 0, "raw_key_size": 1490280, "raw_average_key_size": 24, "raw_value_size": 254341120, "raw_average_value_size": 4096, "num_data_blocks": 31048, "num_entries": 62095, "filter_policy_name": "", "kDeletedKeys": "0", "kMergeOperands": "0"}}
2018/12/29-14:18:46.884260 7faaf4ff9700 [db/flush_job.cc:371] [usertable] [JOB 2] Level-0 flush table #11: 257160241 bytes OK
2018/12/29-14:18:46.943137 7faaf4ff9700 (Original Log Time 2018/12/29-14:18:46.884277) [db/memtable_list.cc:377] [usertable] Level-0 commit table #11 started
2018/12/29-14:18:46.943142 7faaf4ff9700 (Original Log Time 2018/12/29-14:18:46.943006) [db/memtable_list.cc:409] [usertable] Level-0 commit table #11: memtable #1 done
2018/12/29-14:18:46.943143 7faaf4ff9700 (Original Log Time 2018/12/29-14:18:46.943026) [db/memtable_list.cc:409] [usertable] Level-0 commit table #11: memtable #2 done
2018/12/29-14:18:46.943145 7faaf4ff9700 (Original Log Time 2018/12/29-14:18:46.943060) EVENT_LOG_v1 {"time_micros": 1546121926943049, "job": 2, "event": "flush_finished", "output_compression": "NoCompression", "lsm_state": [1, 0, 0, 0, 0, 0, 0], "immutable_memtables": 0}
2018/12/29-14:18:46.943147 7faaf4ff9700 (Original Log Time 2018/12/29-14:18:46.943092) [db/db_impl_compaction_flush.cc:177] [usertable] Level summary: base level 1 max bytes base 536870912 files[1 0 0 0 0 0 0] max score 0.50
2018/12/29-14:18:46.943160 7faaf4ff9700 [db/db_impl_files.cc:347] [JOB 2] Try to delete WAL files size 256378915, prev total WAL file size 287365536, number of live WAL files 3.
2018/12/29-14:18:53.295042 7fac6430a700 [db/db_impl_write.cc:1373] [usertable] New memtable created with log file: #12. Immutable memtables: 0.
2018/12/29-14:19:02.259290 7fac64209700 [db/db_impl_write.cc:1373] [usertable] New memtable created with log file: #13. Immutable memtables: 1.
2018/12/29-14:19:02.259386 7fab5a7fc700 [db/db_impl_compaction_flush.cc:80] [JOB 3] Syncing log #10
2018/12/29-14:19:02.760574 7fab5a7fc700 [db/db_impl_compaction_flush.cc:80] [JOB 3] Syncing log #12
2018/12/29-14:19:03.793253 7fab5a7fc700 (Original Log Time 2018/12/29-14:19:02.259364) [db/db_impl_compaction_flush.cc:1424] Calling FlushMemTableToOutputFile with column family [usertable], flush slots available 24, compaction slots available 1, flush slots scheduled 1, compaction slots scheduled 0
2018/12/29-14:19:03.793270 7fab5a7fc700 [db/flush_job.cc:301] [usertable] [JOB 3] Flushing memtable with next log file: 12
2018/12/29-14:19:03.793278 7fab5a7fc700 [db/flush_job.cc:301] [usertable] [JOB 3] Flushing memtable with next log file: 13
2018/12/29-14:19:03.793308 7fab5a7fc700 EVENT_LOG_v1 {"time_micros": 1546121943793298, "job": 3, "event": "flush_started", "num_memtables": 2, "num_entries": 61106, "num_deletes": 0, "memory_usage": 257405360, "flush_reason": "Write Buffer Full"}
2018/12/29-14:19:03.793316 7fab5a7fc700 [db/flush_job.cc:331] [usertable] [JOB 3] Level-0 flush table #14: started
2018/12/29-14:19:06.016765 7fab5a7fc700 EVENT_LOG_v1 {"time_micros": 1546121946016740, "cf_name": "usertable", "job": 3, "event": "table_file_creation", "file_number": 14, "file_size": 253077953, "table_properties": {"data_size": 251946829, "index_size": 1130197, "filter_size": 0, "raw_key_size": 1466544, "raw_average_key_size": 24, "raw_value_size": 250290176, "raw_average_value_size": 4096, "num_data_blocks": 30553, "num_entries": 61106, "filter_policy_name": "", "kDeletedKeys": "0", "kMergeOperands": "0"}}
2018/12/29-14:19:06.016787 7fab5a7fc700 [db/flush_job.cc:371] [usertable] [JOB 3] Level-0 flush table #14: 253077953 bytes OK
2018/12/29-14:19:06.133940 7fab5a7fc700 (Original Log Time 2018/12/29-14:19:06.016802) [db/memtable_list.cc:377] [usertable] Level-0 commit table #14 started
2018/12/29-14:19:06.133945 7fab5a7fc700 (Original Log Time 2018/12/29-14:19:06.133812) [db/memtable_list.cc:409] [usertable] Level-0 commit table #14: memtable #1 done
2018/12/29-14:19:06.133947 7fab5a7fc700 (Original Log Time 2018/12/29-14:19:06.133820) [db/memtable_list.cc:409] [usertable] Level-0 commit table #14: memtable #2 done
2018/12/29-14:19:06.133949 7fab5a7fc700 (Original Log Time 2018/12/29-14:19:06.133864) EVENT_LOG_v1 {"time_micros": 1546121946133853, "job": 3, "event": "flush_finished", "output_compression": "NoCompression", "lsm_state": [2, 0, 0, 0, 0, 0, 0], "immutable_memtables": 0}
2018/12/29-14:19:06.133951 7fab5a7fc700 (Original Log Time 2018/12/29-14:19:06.133917) [db/db_impl_compaction_flush.cc:177] [usertable] Level summary: base level 1 max bytes base 536870912 files[2 0 0 0 0 0 0] max score 1.00
2018/12/29-14:19:06.133962 7fab5a7fc700 [db/db_impl_files.cc:347] [JOB 3] Try to delete WAL files size 252291038, prev total WAL file size 308307153, number of live WAL files 3.
2018/12/29-14:19:06.134201 7fabb3680700 [WARN] [db/db_impl.cc:491] ------- DUMPING STATS -------
2018/12/29-14:19:06.134279 7fabb3680700 [WARN] [db/db_impl.cc:492] 
** DB Stats **
Uptime(secs): 39.3 total, 39.3 interval
Cumulative writes: 136K writes, 136K keys, 134K commit groups, 1.0 writes per commit group, ingest: 0.53 GB, 13.70 MB/s
Cumulative WAL: 136K writes, 0 syncs, 136768.00 writes per sync, written: 0.53 GB, 13.70 MB/s
Cumulative stall: 00:00:0.000 H:M:S, 0.0 percent
Interval writes: 136K writes, 136K keys, 134K commit groups, 1.0 writes per commit group, ingest: 538.53 MB, 13.70 MB/s
Interval WAL: 136K writes, 0 syncs, 136768.00 writes per sync, written: 0.53 MB, 13.70 MB/s
Interval stall: 00:00:0.000 H:M:S, 0.0 percent

** Compaction Stats [default] **
Level    Files   Size     Score Read(GB)  Rn(GB) Rnp1(GB) Write(GB) Wnew(GB) Moved(GB) W-Amp Rd(MB/s) Wr(MB/s) Comp(sec) Comp(cnt) Avg(sec) KeyIn KeyDrop
----------------------------------------------------------------------------------------------------------------------------------------------------------
 Sum      0/0    0.00 KB   0.0      0.0     0.0      0.0       0.0      0.0       0.0   0.0      0.0      0.0         0         0    0.000       0      0
 Int      0/0    0.00 KB   0.0      0.0     0.0      0.0       0.0      0.0       0.0   0.0      0.0      0.0         0         0    0.000       0      0
Uptime(secs): 39.3 total, 39.3 interval
Flush(GB): cumulative 0.000, interval 0.000
AddFile(GB): cumulative 0.000, interval 0.000
AddFile(Total Files): cumulative 0, interval 0
AddFile(L0 Files): cumulative 0, interval 0
AddFile(Keys): cumulative 0, interval 0
Cumulative compaction: 0.00 GB write, 0.00 MB/s write, 0.00 GB read, 0.00 MB/s read, 0.0 seconds
Interval compaction: 0.00 GB write, 0.00 MB/s write, 0.00 GB read, 0.00 MB/s read, 0.0 seconds
Stalls(count): 0 level0_slowdown, 0 level0_slowdown_with_compaction, 0 level0_numfiles, 0 level0_numfiles_with_compaction, 0 stop for pending_compaction_bytes, 0 slowdown for pending_compaction_bytes, 0 memtable_compaction, 0 memtable_slowdown, interval 0 total count

** File Read Latency Histogram By Level [default] **

** Compaction Stats [usertable] **
Level    Files   Size     Score Read(GB)  Rn(GB) Rnp1(GB) Write(GB) Wnew(GB) Moved(GB) W-Amp Rd(MB/s) Wr(MB/s) Comp(sec) Comp(cnt) Avg(sec) KeyIn KeyDrop
----------------------------------------------------------------------------------------------------------------------------------------------------------
  L0      2/0   486.60 MB   1.0      0.0     0.0      0.0       0.5      0.5       0.0   1.0      0.0    138.2         4         2    1.760       0      0
 Sum      2/0   486.60 MB   0.0      0.0     0.0      0.0       0.5      0.5       0.0   1.0      0.0    138.2         4         2    1.760       0      0
 Int      0/0    0.00 KB   0.0      0.0     0.0      0.0       0.5      0.5       0.0   1.0      0.0    138.2         4         2    1.760       0      0
Uptime(secs): 39.2 total, 39.2 interval
Flush(GB): cumulative 0.475, interval 0.475
AddFile(GB): cumulative 0.000, interval 0.000
AddFile(Total Files): cumulative 0, interval 0
AddFile(L0 Files): cumulative 0, interval 0
AddFile(Keys): cumulative 0, interval 0
Cumulative compaction: 0.48 GB write, 12.40 MB/s write, 0.00 GB read, 0.00 MB/s read, 3.5 seconds
Interval compaction: 0.48 GB write, 12.40 MB/s write, 0.00 GB read, 0.00 MB/s read, 3.5 seconds
Stalls(count): 0 level0_slowdown, 0 level0_slowdown_with_compaction, 0 level0_numfiles, 0 level0_numfiles_with_compaction, 0 stop for pending_compaction_bytes, 0 slowdown for pending_compaction_bytes, 0 memtable_compaction, 0 memtable_slowdown, interval 0 total count

** File Read Latency Histogram By Level [usertable] **

** Compaction Stats [default] **
Level    Files   Size     Score Read(GB)  Rn(GB) Rnp1(GB) Write(GB) Wnew(GB) Moved(GB) W-Amp Rd(MB/s) Wr(MB/s) Comp(sec) Comp(cnt) Avg(sec) KeyIn KeyDrop
----------------------------------------------------------------------------------------------------------------------------------------------------------
 Sum      0/0    0.00 KB   0.0      0.0     0.0      0.0       0.0      0.0       0.0   0.0      0.0      0.0         0         0    0.000       0      0
 Int      0/0    0.00 KB   0.0      0.0     0.0      0.0       0.0      0.0       0.0   0.0      0.0      0.0         0         0    0.000       0      0
Uptime(secs): 39.3 total, 0.0 interval
Flush(GB): cumulative 0.000, interval 0.000
AddFile(GB): cumulative 0.000, interval 0.000
AddFile(Total Files): cumulative 0, interval 0
AddFile(L0 Files): cumulative 0, interval 0
AddFile(Keys): cumulative 0, interval 0
Cumulative compaction: 0.00 GB write, 0.00 MB/s write, 0.00 GB read, 0.00 MB/s read, 0.0 seconds
Interval compaction: 0.00 GB write, 0.00 MB/s write, 0.00 GB read, 0.00 MB/s read, 0.0 seconds
Stalls(count): 0 level0_slowdown, 0 level0_slowdown_with_compaction, 0 level0_numfiles, 0 level0_numfiles_with_compaction, 0 stop for pending_compaction_bytes, 0 slowdown for pending_compaction_bytes, 0 memtable_compaction, 0 memtable_slowdown, interval 0 total count

** File Read Latency Histogram By Level [default] **

** Compaction Stats [usertable] **
Level    Files   Size     Score Read(GB)  Rn(GB) Rnp1(GB) Write(GB) Wnew(GB) Moved(GB) W-Amp Rd(MB/s) Wr(MB/s) Comp(sec) Comp(cnt) Avg(sec) KeyIn KeyDrop
----------------------------------------------------------------------------------------------------------------------------------------------------------
  L0      2/0   486.60 MB   1.0      0.0     0.0      0.0       0.5      0.5       0.0   1.0      0.0    138.2         4         2    1.760       0      0
 Sum      2/0   486.60 MB   0.0      0.0     0.0      0.0       0.5      0.5       0.0   1.0      0.0    138.2         4         2    1.760       0      0
 Int      0/0    0.00 KB   0.0      0.0     0.0      0.0       0.0      0.0       0.0   0.0      0.0      0.0         0         0    0.000       0      0
Uptime(secs): 39.2 total, 0.0 interval
Flush(GB): cumulative 0.475, interval 0.000
AddFile(GB): cumulative 0.000, interval 0.000
AddFile(Total Files): cumulative 0, interval 0
AddFile(L0 Files): cumulative 0, interval 0
AddFile(Keys): cumulative 0, interval 0
Cumulative compaction: 0.48 GB write, 12.40 MB/s write, 0.00 GB read, 0.00 MB/s read, 3.5 seconds
Interval compaction: 0.00 GB write, 0.00 MB/s write, 0.00 GB read, 0.00 MB/s read, 0.0 seconds
Stalls(count): 0 level0_slowdown, 0 level0_slowdown_with_compaction, 0 level0_numfiles, 0 level0_numfiles_with_compaction, 0 stop for pending_compaction_bytes, 0 slowdown for pending_compaction_bytes, 0 memtable_compaction, 0 memtable_slowdown, interval 0 total count

** File Read Latency Histogram By Level [usertable] **
2018/12/29-14:19:06.197016 7fabb3680700 (Original Log Time 2018/12/29-14:19:06.136047) [db/db_impl_compaction_flush.cc:1835] [usertable] Moving #11 to level-1 257160241 bytes
2018/12/29-14:19:06.197021 7fabb3680700 (Original Log Time 2018/12/29-14:19:06.196956) EVENT_LOG_v1 {"time_micros": 1546121946196942, "job": 4, "event": "trivial_move", "destination_level": 1, "files": 1, "total_files_size": 257160241}
2018/12/29-14:19:06.197023 7fabb3680700 (Original Log Time 2018/12/29-14:19:06.196975) [db/db_impl_compaction_flush.cc:1864] [usertable] Moved #1 files to level-1 257160241 bytes OK: base level 1 max bytes base 536870912 files[1 1 0 0 0 0 0] max score 0.50
2018/12/29-14:19:09.200133 7fac403ea700 [db/db_impl_write.cc:1373] [usertable] New memtable created with log file: #15. Immutable memtables: 0.
2018/12/29-14:19:18.164996 7fac402e9700 [db/db_impl_write.cc:1373] [usertable] New memtable created with log file: #16. Immutable memtables: 1.
2018/12/29-14:19:18.165119 7fab59ffb700 [db/db_impl_compaction_flush.cc:80] [JOB 5] Syncing log #13
2018/12/29-14:19:18.586661 7fab59ffb700 [db/db_impl_compaction_flush.cc:80] [JOB 5] Syncing log #15
2018/12/29-14:19:19.750354 7fab59ffb700 (Original Log Time 2018/12/29-14:19:18.165092) [db/db_impl_compaction_flush.cc:1424] Calling FlushMemTableToOutputFile with column family [usertable], flush slots available 24, compaction slots available 1, flush slots scheduled 1, compaction slots scheduled 0
2018/12/29-14:19:19.750370 7fab59ffb700 [db/flush_job.cc:301] [usertable] [JOB 5] Flushing memtable with next log file: 15
2018/12/29-14:19:19.750379 7fab59ffb700 [db/flush_job.cc:301] [usertable] [JOB 5] Flushing memtable with next log file: 16
2018/12/29-14:19:19.750410 7fab59ffb700 EVENT_LOG_v1 {"time_micros": 1546121959750399, "job": 5, "event": "flush_started", "num_memtables": 2, "num_entries": 55673, "num_deletes": 0, "memory_usage": 254324032, "flush_reason": "Write Buffer Full"}
2018/12/29-14:19:19.750417 7fab59ffb700 [db/flush_job.cc:331] [usertable] [JOB 5] Level-0 flush table #17: started
2018/12/29-14:19:21.752022 7fab59ffb700 EVENT_LOG_v1 {"time_micros": 1546121961751997, "cf_name": "usertable", "job": 5, "event": "table_file_creation", "file_number": 17, "file_size": 230576608, "table_properties": {"data_size": 229545976, "index_size": 1029705, "filter_size": 0, "raw_key_size": 1336152, "raw_average_key_size": 24, "raw_value_size": 228036608, "raw_average_value_size": 4096, "num_data_blocks": 27837, "num_entries": 55673, "filter_policy_name": "", "kDeletedKeys": "0", "kMergeOperands": "0"}}
2018/12/29-14:19:21.752045 7fab59ffb700 [db/flush_job.cc:371] [usertable] [JOB 5] Level-0 flush table #17: 230576608 bytes OK
2018/12/29-14:19:21.811562 7fab59ffb700 (Original Log Time 2018/12/29-14:19:21.752063) [db/memtable_list.cc:377] [usertable] Level-0 commit table #17 started
2018/12/29-14:19:21.811567 7fab59ffb700 (Original Log Time 2018/12/29-14:19:21.811459) [db/memtable_list.cc:409] [usertable] Level-0 commit table #17: memtable #1 done
2018/12/29-14:19:21.811569 7fab59ffb700 (Original Log Time 2018/12/29-14:19:21.811465) [db/memtable_list.cc:409] [usertable] Level-0 commit table #17: memtable #2 done
2018/12/29-14:19:21.811570 7fab59ffb700 (Original Log Time 2018/12/29-14:19:21.811498) EVENT_LOG_v1 {"time_micros": 1546121961811487, "job": 5, "event": "flush_finished", "output_compression": "NoCompression", "lsm_state": [2, 1, 0, 0, 0, 0, 0], "immutable_memtables": 0}
2018/12/29-14:19:21.811572 7fab59ffb700 (Original Log Time 2018/12/29-14:19:21.811537) [db/db_impl_compaction_flush.cc:177] [usertable] Level summary: base level 1 max bytes base 536870912 files[2 1 0 0 0 0 0] max score 1.00
