2019/03/21-16:37:21.690473 7f4d5fd1f0 RocksDB version: 5.14.3
2019/03/21-16:37:21.690625 7f4d5fd1f0 Git sha rocksdb_build_git_sha:
2019/03/21-16:37:21.690632 7f4d5fd1f0 Compile date Mar 11 2019
2019/03/21-16:37:21.690641 7f4d5fd1f0 DB SUMMARY
2019/03/21-16:37:21.690685 7f4d5fd1f0 SST files in /mnt/sda/ycsb-rocksdb-data dir, Total Num: 0, files: 
2019/03/21-16:37:21.690692 7f4d5fd1f0 Write Ahead Log file in /mnt/sda/ycsb-rocksdb-data: 
2019/03/21-16:37:21.690698 7f4d5fd1f0                         Options.error_if_exists: 0
2019/03/21-16:37:21.690702 7f4d5fd1f0                       Options.create_if_missing: 1
2019/03/21-16:37:21.690705 7f4d5fd1f0                         Options.paranoid_checks: 1
2019/03/21-16:37:21.690709 7f4d5fd1f0                                     Options.env: 0x7f4d31bf18
2019/03/21-16:37:21.690712 7f4d5fd1f0                                Options.info_log: 0x7f0c3b7390
2019/03/21-16:37:21.690716 7f4d5fd1f0                Options.max_file_opening_threads: 16
2019/03/21-16:37:21.690719 7f4d5fd1f0                              Options.statistics: (nil)
2019/03/21-16:37:21.690723 7f4d5fd1f0                               Options.use_fsync: 0
2019/03/21-16:37:21.690726 7f4d5fd1f0                       Options.max_log_file_size: 0
2019/03/21-16:37:21.690729 7f4d5fd1f0                  Options.max_manifest_file_size: 18446744073709551615
2019/03/21-16:37:21.690732 7f4d5fd1f0                   Options.log_file_time_to_roll: 0
2019/03/21-16:37:21.690735 7f4d5fd1f0                       Options.keep_log_file_num: 1000
2019/03/21-16:37:21.690738 7f4d5fd1f0                    Options.recycle_log_file_num: 0
2019/03/21-16:37:21.690741 7f4d5fd1f0                         Options.allow_fallocate: 1
2019/03/21-16:37:21.690744 7f4d5fd1f0                        Options.allow_mmap_reads: 0
2019/03/21-16:37:21.690748 7f4d5fd1f0                       Options.allow_mmap_writes: 0
2019/03/21-16:37:21.690751 7f4d5fd1f0                        Options.use_direct_reads: 0
2019/03/21-16:37:21.690753 7f4d5fd1f0                        Options.use_direct_io_for_flush_and_compaction: 0
2019/03/21-16:37:21.690756 7f4d5fd1f0          Options.create_missing_column_families: 1
2019/03/21-16:37:21.690759 7f4d5fd1f0                              Options.db_log_dir: 
2019/03/21-16:37:21.690762 7f4d5fd1f0                                 Options.wal_dir: /mnt/sda/ycsb-rocksdb-data
2019/03/21-16:37:21.690765 7f4d5fd1f0                Options.table_cache_numshardbits: 6
2019/03/21-16:37:21.690769 7f4d5fd1f0                      Options.max_subcompactions: 4
2019/03/21-16:37:21.690772 7f4d5fd1f0                  Options.max_background_flushes: 6
2019/03/21-16:37:21.690775 7f4d5fd1f0                         Options.WAL_ttl_seconds: 0
2019/03/21-16:37:21.690778 7f4d5fd1f0                       Options.WAL_size_limit_MB: 0
2019/03/21-16:37:21.690781 7f4d5fd1f0             Options.manifest_preallocation_size: 4194304
2019/03/21-16:37:21.690784 7f4d5fd1f0                     Options.is_fd_close_on_exec: 1
2019/03/21-16:37:21.690786 7f4d5fd1f0                   Options.advise_random_on_open: 1
2019/03/21-16:37:21.690789 7f4d5fd1f0                    Options.db_write_buffer_size: 0
2019/03/21-16:37:21.690792 7f4d5fd1f0                    Options.write_buffer_manager: 0x7f0c3b18f0
2019/03/21-16:37:21.690795 7f4d5fd1f0         Options.access_hint_on_compaction_start: 1
2019/03/21-16:37:21.690798 7f4d5fd1f0  Options.new_table_reader_for_compaction_inputs: 0
2019/03/21-16:37:21.690800 7f4d5fd1f0           Options.random_access_max_buffer_size: 1048576
2019/03/21-16:37:21.690804 7f4d5fd1f0                      Options.use_adaptive_mutex: 0
2019/03/21-16:37:21.690806 7f4d5fd1f0                            Options.rate_limiter: (nil)
2019/03/21-16:37:21.690811 7f4d5fd1f0     Options.sst_file_manager.rate_bytes_per_sec: 0
2019/03/21-16:37:21.690814 7f4d5fd1f0                       Options.wal_recovery_mode: 2
2019/03/21-16:37:21.690817 7f4d5fd1f0                  Options.enable_thread_tracking: 0
2019/03/21-16:37:21.690820 7f4d5fd1f0                  Options.enable_pipelined_write: 1
2019/03/21-16:37:21.690823 7f4d5fd1f0         Options.allow_concurrent_memtable_write: 1
2019/03/21-16:37:21.690842 7f4d5fd1f0      Options.enable_write_thread_adaptive_yield: 1
2019/03/21-16:37:21.690847 7f4d5fd1f0             Options.write_thread_max_yield_usec: 100
2019/03/21-16:37:21.690850 7f4d5fd1f0            Options.write_thread_slow_yield_usec: 3
2019/03/21-16:37:21.690853 7f4d5fd1f0                               Options.row_cache: None
2019/03/21-16:37:21.690856 7f4d5fd1f0                              Options.wal_filter: None
2019/03/21-16:37:21.690860 7f4d5fd1f0             Options.avoid_flush_during_recovery: 0
2019/03/21-16:37:21.690863 7f4d5fd1f0             Options.allow_ingest_behind: 0
2019/03/21-16:37:21.690865 7f4d5fd1f0             Options.preserve_deletes: 0
2019/03/21-16:37:21.690868 7f4d5fd1f0             Options.two_write_queues: 0
2019/03/21-16:37:21.690871 7f4d5fd1f0             Options.manual_wal_flush: 0
2019/03/21-16:37:21.690876 7f4d5fd1f0             Options.max_background_jobs: 6
2019/03/21-16:37:21.690879 7f4d5fd1f0             Options.max_background_compactions: 6
2019/03/21-16:37:21.690882 7f4d5fd1f0             Options.avoid_flush_during_shutdown: 0
2019/03/21-16:37:21.690885 7f4d5fd1f0           Options.writable_file_max_buffer_size: 1048576
2019/03/21-16:37:21.690888 7f4d5fd1f0             Options.delayed_write_rate : 16777216
2019/03/21-16:37:21.690892 7f4d5fd1f0             Options.max_total_wal_size: 0
2019/03/21-16:37:21.690895 7f4d5fd1f0             Options.delete_obsolete_files_period_micros: 21600000000
2019/03/21-16:37:21.690898 7f4d5fd1f0                   Options.stats_dump_period_sec: 60
2019/03/21-16:37:21.690901 7f4d5fd1f0                          Options.max_open_files: -1
2019/03/21-16:37:21.690904 7f4d5fd1f0                          Options.bytes_per_sync: 1048576
2019/03/21-16:37:21.690926 7f4d5fd1f0                      Options.wal_bytes_per_sync: 0
2019/03/21-16:37:21.690931 7f4d5fd1f0       Options.compaction_readahead_size: 0
2019/03/21-16:37:21.690935 7f4d5fd1f0 Compression algorithms supported:
2019/03/21-16:37:21.690938 7f4d5fd1f0 	kZSTDNotFinalCompression supported: 1
2019/03/21-16:37:21.690977 7f4d5fd1f0 	kZSTD supported: 1
2019/03/21-16:37:21.690982 7f4d5fd1f0 	kXpressCompression supported: 0
2019/03/21-16:37:21.690986 7f4d5fd1f0 	kLZ4HCCompression supported: 1
2019/03/21-16:37:21.690990 7f4d5fd1f0 	kLZ4Compression supported: 1
2019/03/21-16:37:21.690993 7f4d5fd1f0 	kBZip2Compression supported: 1
2019/03/21-16:37:21.690996 7f4d5fd1f0 	kZlibCompression supported: 1
2019/03/21-16:37:21.690999 7f4d5fd1f0 	kSnappyCompression supported: 1
2019/03/21-16:37:21.691008 7f4d5fd1f0 Fast CRC32 supported: Not supported on x86
2019/03/21-16:37:21.691176 7f4d5fd1f0 [db/db_impl_open.cc:222] Creating manifest 1 
2019/03/21-16:37:21.798795 7f4d5fd1f0 [db/version_set.cc:3085] Recovering from manifest file: MANIFEST-000001
2019/03/21-16:37:21.799287 7f4d5fd1f0 [db/column_family.cc:475] --------------- Options for column family [default]:
2019/03/21-16:37:21.799307 7f4d5fd1f0               Options.comparator: leveldb.BytewiseComparator
2019/03/21-16:37:21.799315 7f4d5fd1f0           Options.merge_operator: None
2019/03/21-16:37:21.799321 7f4d5fd1f0        Options.compaction_filter: None
2019/03/21-16:37:21.799328 7f4d5fd1f0        Options.compaction_filter_factory: None
2019/03/21-16:37:21.799335 7f4d5fd1f0         Options.memtable_factory: SkipListFactory
2019/03/21-16:37:21.799342 7f4d5fd1f0            Options.table_factory: BlockBasedTable
2019/03/21-16:37:21.799450 7f4d5fd1f0            table_factory options:   flush_block_policy_factory: FlushBlockBySizePolicyFactory (0x7f0c3b15a0)
  cache_index_and_filter_blocks: 0
  cache_index_and_filter_blocks_with_high_priority: 0
  pin_l0_filter_and_index_blocks_in_cache: 0
  index_type: 0
  hash_index_allow_collision: 1
  checksum: 1
  no_block_cache: 0
  block_cache: 0x7f0c3b6370
  block_cache_name: LRUCache
  block_cache_options:
    capacity : 8388608
    num_shard_bits : 4
    strict_capacity_limit : 0
    high_pri_pool_ratio: 0.000
  block_cache_compressed: (nil)
  persistent_cache: (nil)
  block_size: 8192
  block_size_deviation: 10
  block_restart_interval: 16
  index_block_restart_interval: 1
  metadata_block_size: 4096
  partition_filters: 0
  use_delta_encoding: 1
  filter_policy: nullptr
  whole_key_filtering: 1
  verify_compression: 0
  read_amp_bytes_per_bit: 0
  format_version: 2
  enable_index_compression: 1
  block_align: 0
2019/03/21-16:37:21.799534 7f4d5fd1f0        Options.write_buffer_size: 134217728
2019/03/21-16:37:21.799543 7f4d5fd1f0  Options.max_write_buffer_number: 24
2019/03/21-16:37:21.799550 7f4d5fd1f0        Options.compression[0]: NoCompression
2019/03/21-16:37:21.799557 7f4d5fd1f0        Options.compression[1]: NoCompression
2019/03/21-16:37:21.799564 7f4d5fd1f0        Options.compression[2]: LZ4
2019/03/21-16:37:21.799571 7f4d5fd1f0        Options.compression[3]: LZ4
2019/03/21-16:37:21.799577 7f4d5fd1f0        Options.compression[4]: LZ4
2019/03/21-16:37:21.799583 7f4d5fd1f0        Options.compression[5]: LZ4
2019/03/21-16:37:21.799590 7f4d5fd1f0        Options.compression[6]: LZ4
2019/03/21-16:37:21.799596 7f4d5fd1f0                  Options.bottommost_compression: Disabled
2019/03/21-16:37:21.799603 7f4d5fd1f0       Options.prefix_extractor: nullptr
2019/03/21-16:37:21.799609 7f4d5fd1f0   Options.memtable_insert_with_hint_prefix_extractor: nullptr
2019/03/21-16:37:21.799616 7f4d5fd1f0             Options.num_levels: 7
2019/03/21-16:37:21.799622 7f4d5fd1f0        Options.min_write_buffer_number_to_merge: 2
2019/03/21-16:37:21.799628 7f4d5fd1f0     Options.max_write_buffer_number_to_maintain: 0
2019/03/21-16:37:21.799634 7f4d5fd1f0            Options.compression_opts.window_bits: -14
2019/03/21-16:37:21.799640 7f4d5fd1f0                  Options.compression_opts.level: -1
2019/03/21-16:37:21.799646 7f4d5fd1f0               Options.compression_opts.strategy: 0
2019/03/21-16:37:21.799653 7f4d5fd1f0         Options.compression_opts.max_dict_bytes: 0
2019/03/21-16:37:21.799659 7f4d5fd1f0         Options.compression_opts.zstd_max_train_bytes: 0
2019/03/21-16:37:21.799665 7f4d5fd1f0      Options.level0_file_num_compaction_trigger: 2
2019/03/21-16:37:21.799671 7f4d5fd1f0          Options.level0_slowdown_writes_trigger: 20
2019/03/21-16:37:21.799677 7f4d5fd1f0              Options.level0_stop_writes_trigger: 36
2019/03/21-16:37:21.799683 7f4d5fd1f0                   Options.target_file_size_base: 67108864
2019/03/21-16:37:21.799690 7f4d5fd1f0             Options.target_file_size_multiplier: 1
2019/03/21-16:37:21.799696 7f4d5fd1f0                Options.max_bytes_for_level_base: 536870912
2019/03/21-16:37:21.799702 7f4d5fd1f0 Options.level_compaction_dynamic_level_bytes: 0
2019/03/21-16:37:21.799709 7f4d5fd1f0          Options.max_bytes_for_level_multiplier: 10.000000
2019/03/21-16:37:21.799721 7f4d5fd1f0 Options.max_bytes_for_level_multiplier_addtl[0]: 1
2019/03/21-16:37:21.799728 7f4d5fd1f0 Options.max_bytes_for_level_multiplier_addtl[1]: 1
2019/03/21-16:37:21.799734 7f4d5fd1f0 Options.max_bytes_for_level_multiplier_addtl[2]: 1
2019/03/21-16:37:21.799740 7f4d5fd1f0 Options.max_bytes_for_level_multiplier_addtl[3]: 1
2019/03/21-16:37:21.799747 7f4d5fd1f0 Options.max_bytes_for_level_multiplier_addtl[4]: 1
2019/03/21-16:37:21.799753 7f4d5fd1f0 Options.max_bytes_for_level_multiplier_addtl[5]: 1
2019/03/21-16:37:21.799759 7f4d5fd1f0 Options.max_bytes_for_level_multiplier_addtl[6]: 1
2019/03/21-16:37:21.799765 7f4d5fd1f0       Options.max_sequential_skip_in_iterations: 8
2019/03/21-16:37:21.799771 7f4d5fd1f0                    Options.max_compaction_bytes: 1677721600
2019/03/21-16:37:21.799778 7f4d5fd1f0                        Options.arena_block_size: 16777216
2019/03/21-16:37:21.799784 7f4d5fd1f0   Options.soft_pending_compaction_bytes_limit: 68719476736
2019/03/21-16:37:21.799790 7f4d5fd1f0   Options.hard_pending_compaction_bytes_limit: 274877906944
2019/03/21-16:37:21.799796 7f4d5fd1f0       Options.rate_limit_delay_max_milliseconds: 100
2019/03/21-16:37:21.799802 7f4d5fd1f0                Options.disable_auto_compactions: 0
2019/03/21-16:37:21.799811 7f4d5fd1f0                        Options.compaction_style: kCompactionStyleLevel
2019/03/21-16:37:21.799840 7f4d5fd1f0                          Options.compaction_pri: kByCompensatedSize
2019/03/21-16:37:21.799849 7f4d5fd1f0 Options.compaction_options_universal.size_ratio: 1
2019/03/21-16:37:21.799855 7f4d5fd1f0 Options.compaction_options_universal.min_merge_width: 2
2019/03/21-16:37:21.799862 7f4d5fd1f0 Options.compaction_options_universal.max_merge_width: 4294967295
2019/03/21-16:37:21.799868 7f4d5fd1f0 Options.compaction_options_universal.max_size_amplification_percent: 200
2019/03/21-16:37:21.799874 7f4d5fd1f0 Options.compaction_options_universal.compression_size_percent: -1
2019/03/21-16:37:21.799882 7f4d5fd1f0 Options.compaction_options_universal.stop_style: kCompactionStopStyleTotalSize
2019/03/21-16:37:21.799888 7f4d5fd1f0 Options.compaction_options_fifo.max_table_files_size: 1073741824
2019/03/21-16:37:21.799895 7f4d5fd1f0 Options.compaction_options_fifo.allow_compaction: 0
2019/03/21-16:37:21.799901 7f4d5fd1f0 Options.compaction_options_fifo.ttl: 0
2019/03/21-16:37:21.799934 7f4d5fd1f0                   Options.table_properties_collectors: 
2019/03/21-16:37:21.799942 7f4d5fd1f0                   Options.inplace_update_support: 0
2019/03/21-16:37:21.799949 7f4d5fd1f0                 Options.inplace_update_num_locks: 10000
2019/03/21-16:37:21.799955 7f4d5fd1f0               Options.memtable_prefix_bloom_size_ratio: 0.000000
2019/03/21-16:37:21.799963 7f4d5fd1f0   Options.memtable_huge_page_size: 0
2019/03/21-16:37:21.799969 7f4d5fd1f0                           Options.bloom_locality: 0
2019/03/21-16:37:21.799976 7f4d5fd1f0                    Options.max_successive_merges: 0
2019/03/21-16:37:21.799982 7f4d5fd1f0                Options.optimize_filters_for_hits: 0
2019/03/21-16:37:21.799988 7f4d5fd1f0                Options.paranoid_file_checks: 0
2019/03/21-16:37:21.799994 7f4d5fd1f0                Options.force_consistency_checks: 0
2019/03/21-16:37:21.800000 7f4d5fd1f0                Options.report_bg_io_stats: 0
2019/03/21-16:37:21.800006 7f4d5fd1f0                               Options.ttl: 0
2019/03/21-16:37:21.802625 7f4d5fd1f0 [db/version_set.cc:3361] Recovered from manifest file:/mnt/sda/ycsb-rocksdb-data/MANIFEST-000001 succeeded,manifest_file_number is 1, next_file_number is 3, last_sequence is 0, log_number is 0,prev_log_number is 0,max_column_family is 0,min_log_number_to_keep is 0
2019/03/21-16:37:21.802675 7f4d5fd1f0 [db/version_set.cc:3369] Column family [default] (ID 0), log number is 0
2019/03/21-16:37:21.803540 7f4d5fd1f0 [db/version_set.cc:2847] Creating manifest 4
2019/03/21-16:37:21.882196 7f4d5fd1f0 [db/column_family.cc:475] --------------- Options for column family [usertable]:
2019/03/21-16:37:21.882237 7f4d5fd1f0               Options.comparator: leveldb.BytewiseComparator
2019/03/21-16:37:21.882245 7f4d5fd1f0           Options.merge_operator: None
2019/03/21-16:37:21.882252 7f4d5fd1f0        Options.compaction_filter: None
2019/03/21-16:37:21.882258 7f4d5fd1f0        Options.compaction_filter_factory: None
2019/03/21-16:37:21.882265 7f4d5fd1f0         Options.memtable_factory: SkipListFactory
2019/03/21-16:37:21.882271 7f4d5fd1f0            Options.table_factory: BlockBasedTable
2019/03/21-16:37:21.882367 7f4d5fd1f0            table_factory options:   flush_block_policy_factory: FlushBlockBySizePolicyFactory (0x7f0c3a1e10)
  cache_index_and_filter_blocks: 0
  cache_index_and_filter_blocks_with_high_priority: 0
  pin_l0_filter_and_index_blocks_in_cache: 0
  index_type: 0
  hash_index_allow_collision: 1
  checksum: 1
  no_block_cache: 0
  block_cache: 0x7f0c3b92a0
  block_cache_name: LRUCache
  block_cache_options:
    capacity : 8388608
    num_shard_bits : 4
    strict_capacity_limit : 0
    high_pri_pool_ratio: 0.000
  block_cache_compressed: (nil)
  persistent_cache: (nil)
  block_size: 8192
  block_size_deviation: 10
  block_restart_interval: 16
  index_block_restart_interval: 1
  metadata_block_size: 4096
  partition_filters: 0
  use_delta_encoding: 1
  filter_policy: nullptr
  whole_key_filtering: 1
  verify_compression: 0
  read_amp_bytes_per_bit: 0
  format_version: 2
  enable_index_compression: 1
  block_align: 0
2019/03/21-16:37:21.882377 7f4d5fd1f0        Options.write_buffer_size: 134217728
2019/03/21-16:37:21.882383 7f4d5fd1f0  Options.max_write_buffer_number: 24
2019/03/21-16:37:21.882391 7f4d5fd1f0        Options.compression[0]: NoCompression
2019/03/21-16:37:21.882398 7f4d5fd1f0        Options.compression[1]: NoCompression
2019/03/21-16:37:21.882404 7f4d5fd1f0        Options.compression[2]: LZ4
2019/03/21-16:37:21.882411 7f4d5fd1f0        Options.compression[3]: LZ4
2019/03/21-16:37:21.882417 7f4d5fd1f0        Options.compression[4]: LZ4
2019/03/21-16:37:21.882424 7f4d5fd1f0        Options.compression[5]: LZ4
2019/03/21-16:37:21.882430 7f4d5fd1f0        Options.compression[6]: LZ4
2019/03/21-16:37:21.882436 7f4d5fd1f0                  Options.bottommost_compression: Disabled
2019/03/21-16:37:21.882443 7f4d5fd1f0       Options.prefix_extractor: nullptr
2019/03/21-16:37:21.882450 7f4d5fd1f0   Options.memtable_insert_with_hint_prefix_extractor: nullptr
2019/03/21-16:37:21.882456 7f4d5fd1f0             Options.num_levels: 7
2019/03/21-16:37:21.882462 7f4d5fd1f0        Options.min_write_buffer_number_to_merge: 2
2019/03/21-16:37:21.882468 7f4d5fd1f0     Options.max_write_buffer_number_to_maintain: 0
2019/03/21-16:37:21.882475 7f4d5fd1f0            Options.compression_opts.window_bits: -14
2019/03/21-16:37:21.882481 7f4d5fd1f0                  Options.compression_opts.level: -1
2019/03/21-16:37:21.882487 7f4d5fd1f0               Options.compression_opts.strategy: 0
2019/03/21-16:37:21.882494 7f4d5fd1f0         Options.compression_opts.max_dict_bytes: 0
2019/03/21-16:37:21.882500 7f4d5fd1f0         Options.compression_opts.zstd_max_train_bytes: 0
2019/03/21-16:37:21.882507 7f4d5fd1f0      Options.level0_file_num_compaction_trigger: 2
2019/03/21-16:37:21.882513 7f4d5fd1f0          Options.level0_slowdown_writes_trigger: 20
2019/03/21-16:37:21.882519 7f4d5fd1f0              Options.level0_stop_writes_trigger: 36
2019/03/21-16:37:21.882525 7f4d5fd1f0                   Options.target_file_size_base: 67108864
2019/03/21-16:37:21.882532 7f4d5fd1f0             Options.target_file_size_multiplier: 1
2019/03/21-16:37:21.882538 7f4d5fd1f0                Options.max_bytes_for_level_base: 536870912
2019/03/21-16:37:21.882545 7f4d5fd1f0 Options.level_compaction_dynamic_level_bytes: 0
2019/03/21-16:37:21.882551 7f4d5fd1f0          Options.max_bytes_for_level_multiplier: 10.000000
2019/03/21-16:37:21.882563 7f4d5fd1f0 Options.max_bytes_for_level_multiplier_addtl[0]: 1
2019/03/21-16:37:21.882570 7f4d5fd1f0 Options.max_bytes_for_level_multiplier_addtl[1]: 1
2019/03/21-16:37:21.882631 7f4d5fd1f0 Options.max_bytes_for_level_multiplier_addtl[2]: 1
2019/03/21-16:37:21.882640 7f4d5fd1f0 Options.max_bytes_for_level_multiplier_addtl[3]: 1
2019/03/21-16:37:21.882646 7f4d5fd1f0 Options.max_bytes_for_level_multiplier_addtl[4]: 1
2019/03/21-16:37:21.882653 7f4d5fd1f0 Options.max_bytes_for_level_multiplier_addtl[5]: 1
2019/03/21-16:37:21.882659 7f4d5fd1f0 Options.max_bytes_for_level_multiplier_addtl[6]: 1
2019/03/21-16:37:21.882665 7f4d5fd1f0       Options.max_sequential_skip_in_iterations: 8
2019/03/21-16:37:21.882671 7f4d5fd1f0                    Options.max_compaction_bytes: 1677721600
2019/03/21-16:37:21.882677 7f4d5fd1f0                        Options.arena_block_size: 16777216
2019/03/21-16:37:21.882684 7f4d5fd1f0   Options.soft_pending_compaction_bytes_limit: 68719476736
2019/03/21-16:37:21.882690 7f4d5fd1f0   Options.hard_pending_compaction_bytes_limit: 274877906944
2019/03/21-16:37:21.882697 7f4d5fd1f0       Options.rate_limit_delay_max_milliseconds: 100
2019/03/21-16:37:21.882703 7f4d5fd1f0                Options.disable_auto_compactions: 0
2019/03/21-16:37:21.882712 7f4d5fd1f0                        Options.compaction_style: kCompactionStyleLevel
2019/03/21-16:37:21.882720 7f4d5fd1f0                          Options.compaction_pri: kByCompensatedSize
2019/03/21-16:37:21.882727 7f4d5fd1f0 Options.compaction_options_universal.size_ratio: 1
2019/03/21-16:37:21.882733 7f4d5fd1f0 Options.compaction_options_universal.min_merge_width: 2
2019/03/21-16:37:21.882739 7f4d5fd1f0 Options.compaction_options_universal.max_merge_width: 4294967295
2019/03/21-16:37:21.882745 7f4d5fd1f0 Options.compaction_options_universal.max_size_amplification_percent: 200
2019/03/21-16:37:21.882751 7f4d5fd1f0 Options.compaction_options_universal.compression_size_percent: -1
2019/03/21-16:37:21.882759 7f4d5fd1f0 Options.compaction_options_universal.stop_style: kCompactionStopStyleTotalSize
2019/03/21-16:37:21.882766 7f4d5fd1f0 Options.compaction_options_fifo.max_table_files_size: 1073741824
2019/03/21-16:37:21.882772 7f4d5fd1f0 Options.compaction_options_fifo.allow_compaction: 0
2019/03/21-16:37:21.882778 7f4d5fd1f0 Options.compaction_options_fifo.ttl: 0
2019/03/21-16:37:21.882784 7f4d5fd1f0                   Options.table_properties_collectors: 
2019/03/21-16:37:21.882790 7f4d5fd1f0                   Options.inplace_update_support: 0
2019/03/21-16:37:21.882797 7f4d5fd1f0                 Options.inplace_update_num_locks: 10000
2019/03/21-16:37:21.882803 7f4d5fd1f0               Options.memtable_prefix_bloom_size_ratio: 0.000000
2019/03/21-16:37:21.882811 7f4d5fd1f0   Options.memtable_huge_page_size: 0
2019/03/21-16:37:21.882817 7f4d5fd1f0                           Options.bloom_locality: 0
2019/03/21-16:37:21.882823 7f4d5fd1f0                    Options.max_successive_merges: 0
2019/03/21-16:37:21.882830 7f4d5fd1f0                Options.optimize_filters_for_hits: 0
2019/03/21-16:37:21.882836 7f4d5fd1f0                Options.paranoid_file_checks: 0
2019/03/21-16:37:21.882842 7f4d5fd1f0                Options.force_consistency_checks: 0
2019/03/21-16:37:21.882848 7f4d5fd1f0                Options.report_bg_io_stats: 0
2019/03/21-16:37:21.882854 7f4d5fd1f0                               Options.ttl: 0
2019/03/21-16:37:21.883081 7f4d5fd1f0 [db/db_impl.cc:1396] Created column family [usertable] (ID 1)
2019/03/21-16:37:21.979607 7f4d5fd1f0 [db/db_impl_open.cc:1219] DB pointer 0x7f0c3bbf80
2019/03/21-16:37:39.007266 7f243fe1f0 [db/db_impl_write.cc:1373] [usertable] New memtable created with log file: #9. Immutable memtables: 0.
2019/03/21-16:37:56.514102 7f245fe1f0 [db/db_impl_write.cc:1373] [usertable] New memtable created with log file: #10. Immutable memtables: 1.
2019/03/21-16:37:56.514566 7f057fa1f0 [db/db_impl_compaction_flush.cc:80] [JOB 2] Syncing log #3
2019/03/21-16:37:56.980906 7f057fa1f0 [db/db_impl_compaction_flush.cc:80] [JOB 2] Syncing log #9
2019/03/21-16:37:58.219015 7f057fa1f0 (Original Log Time 2019/03/21-16:37:56.514434) [db/db_impl_compaction_flush.cc:1424] Calling FlushMemTableToOutputFile with column family [usertable], flush slots available 6, compaction slots available 1, flush slots scheduled 1, compaction slots scheduled 0
2019/03/21-16:37:58.219064 7f057fa1f0 [db/flush_job.cc:301] [usertable] [JOB 2] Flushing memtable with next log file: 9
2019/03/21-16:37:58.219102 7f057fa1f0 [db/flush_job.cc:301] [usertable] [JOB 2] Flushing memtable with next log file: 10
2019/03/21-16:37:58.219239 7f057fa1f0 EVENT_LOG_v1 {"time_micros": 1553186278219192, "job": 2, "event": "flush_started", "num_memtables": 2, "num_entries": 61089, "num_deletes": 0, "memory_usage": 253240976, "flush_reason": "Write Buffer Full"}
2019/03/21-16:37:58.219273 7f057fa1f0 [db/flush_job.cc:331] [usertable] [JOB 2] Level-0 flush table #11: started
2019/03/21-16:38:00.486614 7f057fa1f0 EVENT_LOG_v1 {"time_micros": 1553186280486504, "cf_name": "usertable", "job": 2, "event": "table_file_creation", "file_number": 11, "file_size": 252994004, "table_properties": {"data_size": 251869961, "index_size": 1123116, "filter_size": 0, "raw_key_size": 1466136, "raw_average_key_size": 24, "raw_value_size": 250220544, "raw_average_value_size": 4096, "num_data_blocks": 30545, "num_entries": 61089, "filter_policy_name": "", "kDeletedKeys": "0", "kMergeOperands": "0"}}
2019/03/21-16:38:00.486730 7f057fa1f0 [db/flush_job.cc:371] [usertable] [JOB 2] Level-0 flush table #11: 252994004 bytes OK
2019/03/21-16:38:00.547584 7f057fa1f0 (Original Log Time 2019/03/21-16:38:00.486793) [db/memtable_list.cc:377] [usertable] Level-0 commit table #11 started
2019/03/21-16:38:00.547603 7f057fa1f0 (Original Log Time 2019/03/21-16:38:00.547261) [db/memtable_list.cc:409] [usertable] Level-0 commit table #11: memtable #1 done
2019/03/21-16:38:00.547613 7f057fa1f0 (Original Log Time 2019/03/21-16:38:00.547317) [db/memtable_list.cc:409] [usertable] Level-0 commit table #11: memtable #2 done
2019/03/21-16:38:00.547624 7f057fa1f0 (Original Log Time 2019/03/21-16:38:00.547401) EVENT_LOG_v1 {"time_micros": 1553186280547367, "job": 2, "event": "flush_finished", "output_compression": "NoCompression", "lsm_state": [1, 0, 0, 0, 0, 0, 0], "immutable_memtables": 0}
2019/03/21-16:38:00.547634 7f057fa1f0 (Original Log Time 2019/03/21-16:38:00.547482) [db/db_impl_compaction_flush.cc:177] [usertable] Level summary: base level 1 max bytes base 536870912 files[1 0 0 0 0 0 0] max score 0.50
2019/03/21-16:38:00.547682 7f057fa1f0 [db/db_impl_files.cc:347] [JOB 2] Try to delete WAL files size 251884401, prev total WAL file size 275217928, number of live WAL files 3.
2019/03/21-16:38:12.870574 7f243fe1f0 [db/db_impl_write.cc:1373] [usertable] New memtable created with log file: #12. Immutable memtables: 0.
2019/03/21-16:38:28.819501 7eecffa1f0 [db/db_impl_write.cc:1373] [usertable] New memtable created with log file: #13. Immutable memtables: 1.
2019/03/21-16:38:28.820051 7eeffff1f0 [db/db_impl_compaction_flush.cc:80] [JOB 3] Syncing log #10
2019/03/21-16:38:28.846880 7eeffff1f0 [db/db_impl_compaction_flush.cc:80] [JOB 3] Syncing log #12
2019/03/21-16:38:29.406056 7eeffff1f0 (Original Log Time 2019/03/21-16:38:28.819642) [db/db_impl_compaction_flush.cc:1424] Calling FlushMemTableToOutputFile with column family [usertable], flush slots available 6, compaction slots available 1, flush slots scheduled 1, compaction slots scheduled 0
2019/03/21-16:38:29.406079 7eeffff1f0 [db/flush_job.cc:301] [usertable] [JOB 3] Flushing memtable with next log file: 12
2019/03/21-16:38:29.406091 7eeffff1f0 [db/flush_job.cc:301] [usertable] [JOB 3] Flushing memtable with next log file: 13
2019/03/21-16:38:29.406139 7eeffff1f0 EVENT_LOG_v1 {"time_micros": 1553186309406126, "job": 3, "event": "flush_started", "num_memtables": 2, "num_entries": 60592, "num_deletes": 0, "memory_usage": 251123144, "flush_reason": "Write Buffer Full"}
2019/03/21-16:38:29.406150 7eeffff1f0 [db/flush_job.cc:331] [usertable] [JOB 3] Level-0 flush table #14: started
2019/03/21-16:38:30.785306 7eeffff1f0 EVENT_LOG_v1 {"time_micros": 1553186310785256, "cf_name": "usertable", "job": 3, "event": "table_file_creation", "file_number": 14, "file_size": 250949164, "table_properties": {"data_size": 249827549, "index_size": 1120688, "filter_size": 0, "raw_key_size": 1454208, "raw_average_key_size": 24, "raw_value_size": 248184832, "raw_average_value_size": 4096, "num_data_blocks": 30296, "num_entries": 60592, "filter_policy_name": "", "kDeletedKeys": "0", "kMergeOperands": "0"}}
2019/03/21-16:38:30.785363 7eeffff1f0 [db/flush_job.cc:371] [usertable] [JOB 3] Level-0 flush table #14: 250949164 bytes OK
2019/03/21-16:38:30.815072 7eeffff1f0 (Original Log Time 2019/03/21-16:38:30.785394) [db/memtable_list.cc:377] [usertable] Level-0 commit table #14 started
2019/03/21-16:38:30.815082 7eeffff1f0 (Original Log Time 2019/03/21-16:38:30.814895) [db/memtable_list.cc:409] [usertable] Level-0 commit table #14: memtable #1 done
2019/03/21-16:38:30.815087 7eeffff1f0 (Original Log Time 2019/03/21-16:38:30.814904) [db/memtable_list.cc:409] [usertable] Level-0 commit table #14: memtable #2 done
2019/03/21-16:38:30.815092 7eeffff1f0 (Original Log Time 2019/03/21-16:38:30.814957) EVENT_LOG_v1 {"time_micros": 1553186310814942, "job": 3, "event": "flush_finished", "output_compression": "NoCompression", "lsm_state": [2, 0, 0, 0, 0, 0, 0], "immutable_memtables": 0}
2019/03/21-16:38:30.815096 7eeffff1f0 (Original Log Time 2019/03/21-16:38:30.815030) [db/db_impl_compaction_flush.cc:177] [usertable] Level summary: base level 1 max bytes base 536870912 files[2 0 0 0 0 0 0] max score 1.00
2019/03/21-16:38:30.815116 7eeffff1f0 [db/db_impl_files.cc:347] [JOB 3] Try to delete WAL files size 249835204, prev total WAL file size 262480847, number of live WAL files 3.
2019/03/21-16:38:30.815450 7f077fe1f0 [WARN] [db/db_impl.cc:491] ------- DUMPING STATS -------
2019/03/21-16:38:30.815517 7f077fe1f0 [WARN] [db/db_impl.cc:492] 
** DB Stats **
Uptime(secs): 69.0 total, 69.0 interval
Cumulative writes: 124K writes, 124K keys, 64K commit groups, 1.9 writes per commit group, ingest: 0.48 GB, 7.11 MB/s
Cumulative WAL: 124K writes, 0 syncs, 124748.00 writes per sync, written: 0.48 GB, 7.11 MB/s
Cumulative stall: 00:00:0.000 H:M:S, 0.0 percent
Interval writes: 124K writes, 124K keys, 64K commit groups, 1.9 writes per commit group, ingest: 490.54 MB, 7.11 MB/s
Interval WAL: 124K writes, 0 syncs, 124748.00 writes per sync, written: 0.48 MB, 7.11 MB/s
Interval stall: 00:00:0.000 H:M:S, 0.0 percent

** Compaction Stats [default] **
Level    Files   Size     Score Read(GB)  Rn(GB) Rnp1(GB) Write(GB) Wnew(GB) Moved(GB) W-Amp Rd(MB/s) Wr(MB/s) Comp(sec) Comp(cnt) Avg(sec) KeyIn KeyDrop
----------------------------------------------------------------------------------------------------------------------------------------------------------
 Sum      0/0    0.00 KB   0.0      0.0     0.0      0.0       0.0      0.0       0.0   0.0      0.0      0.0         0         0    0.000       0      0
 Int      0/0    0.00 KB   0.0      0.0     0.0      0.0       0.0      0.0       0.0   0.0      0.0      0.0         0         0    0.000       0      0
Uptime(secs): 69.0 total, 69.0 interval
Flush(GB): cumulative 0.000, interval 0.000
AddFile(GB): cumulative 0.000, interval 0.000
AddFile(Total Files): cumulative 0, interval 0
AddFile(L0 Files): cumulative 0, interval 0
AddFile(Keys): cumulative 0, interval 0
Cumulative compaction: 0.00 GB write, 0.00 MB/s write, 0.00 GB read, 0.00 MB/s read, 0.0 seconds
Interval compaction: 0.00 GB write, 0.00 MB/s write, 0.00 GB read, 0.00 MB/s read, 0.0 seconds
Stalls(count): 0 level0_slowdown, 0 level0_slowdown_with_compaction, 0 level0_numfiles, 0 level0_numfiles_with_compaction, 0 stop for pending_compaction_bytes, 0 slowdown for pending_compaction_bytes, 0 memtable_compaction, 0 memtable_slowdown, interval 0 total count

** File Read Latency Histogram By Level [default] **

** Compaction Stats [usertable] **
Level    Files   Size     Score Read(GB)  Rn(GB) Rnp1(GB) Write(GB) Wnew(GB) Moved(GB) W-Amp Rd(MB/s) Wr(MB/s) Comp(sec) Comp(cnt) Avg(sec) KeyIn KeyDrop
----------------------------------------------------------------------------------------------------------------------------------------------------------
  L0      2/0   480.60 MB   1.0      0.0     0.0      0.0       0.5      0.5       0.0   1.0      0.0    131.8         4         2    1.824       0      0
 Sum      2/0   480.60 MB   0.0      0.0     0.0      0.0       0.5      0.5       0.0   1.0      0.0    131.8         4         2    1.824       0      0
 Int      0/0    0.00 KB   0.0      0.0     0.0      0.0       0.5      0.5       0.0   1.0      0.0    131.8         4         2    1.824       0      0
Uptime(secs): 68.9 total, 68.9 interval
Flush(GB): cumulative 0.469, interval 0.469
AddFile(GB): cumulative 0.000, interval 0.000
AddFile(Total Files): cumulative 0, interval 0
AddFile(L0 Files): cumulative 0, interval 0
AddFile(Keys): cumulative 0, interval 0
Cumulative compaction: 0.47 GB write, 6.97 MB/s write, 0.00 GB read, 0.00 MB/s read, 3.6 seconds
Interval compaction: 0.47 GB write, 6.97 MB/s write, 0.00 GB read, 0.00 MB/s read, 3.6 seconds
Stalls(count): 0 level0_slowdown, 0 level0_slowdown_with_compaction, 0 level0_numfiles, 0 level0_numfiles_with_compaction, 0 stop for pending_compaction_bytes, 0 slowdown for pending_compaction_bytes, 0 memtable_compaction, 0 memtable_slowdown, interval 0 total count

** File Read Latency Histogram By Level [usertable] **

** Compaction Stats [default] **
Level    Files   Size     Score Read(GB)  Rn(GB) Rnp1(GB) Write(GB) Wnew(GB) Moved(GB) W-Amp Rd(MB/s) Wr(MB/s) Comp(sec) Comp(cnt) Avg(sec) KeyIn KeyDrop
----------------------------------------------------------------------------------------------------------------------------------------------------------
 Sum      0/0    0.00 KB   0.0      0.0     0.0      0.0       0.0      0.0       0.0   0.0      0.0      0.0         0         0    0.000       0      0
 Int      0/0    0.00 KB   0.0      0.0     0.0      0.0       0.0      0.0       0.0   0.0      0.0      0.0         0         0    0.000       0      0
Uptime(secs): 69.0 total, 0.0 interval
Flush(GB): cumulative 0.000, interval 0.000
AddFile(GB): cumulative 0.000, interval 0.000
AddFile(Total Files): cumulative 0, interval 0
AddFile(L0 Files): cumulative 0, interval 0
AddFile(Keys): cumulative 0, interval 0
Cumulative compaction: 0.00 GB write, 0.00 MB/s write, 0.00 GB read, 0.00 MB/s read, 0.0 seconds
Interval compaction: 0.00 GB write, 0.00 MB/s write, 0.00 GB read, 0.00 MB/s read, 0.0 seconds
Stalls(count): 0 level0_slowdown, 0 level0_slowdown_with_compaction, 0 level0_numfiles, 0 level0_numfiles_with_compaction, 0 stop for pending_compaction_bytes, 0 slowdown for pending_compaction_bytes, 0 memtable_compaction, 0 memtable_slowdown, interval 0 total count

** File Read Latency Histogram By Level [default] **

** Compaction Stats [usertable] **
Level    Files   Size     Score Read(GB)  Rn(GB) Rnp1(GB) Write(GB) Wnew(GB) Moved(GB) W-Amp Rd(MB/s) Wr(MB/s) Comp(sec) Comp(cnt) Avg(sec) KeyIn KeyDrop
----------------------------------------------------------------------------------------------------------------------------------------------------------
  L0      2/0   480.60 MB   1.0      0.0     0.0      0.0       0.5      0.5       0.0   1.0      0.0    131.8         4         2    1.824       0      0
 Sum      2/0   480.60 MB   0.0      0.0     0.0      0.0       0.5      0.5       0.0   1.0      0.0    131.8         4         2    1.824       0      0
 Int      0/0    0.00 KB   0.0      0.0     0.0      0.0       0.0      0.0       0.0   0.0      0.0      0.0         0         0    0.000       0      0
Uptime(secs): 68.9 total, 0.0 interval
Flush(GB): cumulative 0.469, interval 0.000
AddFile(GB): cumulative 0.000, interval 0.000
AddFile(Total Files): cumulative 0, interval 0
AddFile(L0 Files): cumulative 0, interval 0
AddFile(Keys): cumulative 0, interval 0
Cumulative compaction: 0.47 GB write, 6.97 MB/s write, 0.00 GB read, 0.00 MB/s read, 3.6 seconds
Interval compaction: 0.00 GB write, 0.00 MB/s write, 0.00 GB read, 0.00 MB/s read, 0.0 seconds
Stalls(count): 0 level0_slowdown, 0 level0_slowdown_with_compaction, 0 level0_numfiles, 0 level0_numfiles_with_compaction, 0 stop for pending_compaction_bytes, 0 slowdown for pending_compaction_bytes, 0 memtable_compaction, 0 memtable_slowdown, interval 0 total count

** File Read Latency Histogram By Level [usertable] **
2019/03/21-16:38:30.851337 7f077fe1f0 (Original Log Time 2019/03/21-16:38:30.815679) [db/db_impl_compaction_flush.cc:1835] [usertable] Moving #11 to level-1 252994004 bytes
2019/03/21-16:38:30.851347 7f077fe1f0 (Original Log Time 2019/03/21-16:38:30.851225) EVENT_LOG_v1 {"time_micros": 1553186310851201, "job": 4, "event": "trivial_move", "destination_level": 1, "files": 1, "total_files_size": 252994004}
2019/03/21-16:38:30.851352 7f077fe1f0 (Original Log Time 2019/03/21-16:38:30.851255) [db/db_impl_compaction_flush.cc:1864] [usertable] Moved #1 files to level-1 252994004 bytes OK: base level 1 max bytes base 536870912 files[1 1 0 0 0 0 0] max score 0.50
2019/03/21-16:38:44.158265 7f4d5fd1f0 [db/db_impl_write.cc:1373] [usertable] New memtable created with log file: #15. Immutable memtables: 0.
2019/03/21-16:39:00.467320 7f243fe1f0 [db/db_impl_write.cc:1373] [usertable] New memtable created with log file: #16. Immutable memtables: 1.
2019/03/21-16:39:00.467466 7f04ff91f0 [db/db_impl_compaction_flush.cc:80] [JOB 5] Syncing log #13
2019/03/21-16:39:01.356112 7f04ff91f0 [db/db_impl_compaction_flush.cc:80] [JOB 5] Syncing log #15
2019/03/21-16:39:02.534875 7f04ff91f0 (Original Log Time 2019/03/21-16:39:00.467441) [db/db_impl_compaction_flush.cc:1424] Calling FlushMemTableToOutputFile with column family [usertable], flush slots available 6, compaction slots available 1, flush slots scheduled 1, compaction slots scheduled 0
2019/03/21-16:39:02.534899 7f04ff91f0 [db/flush_job.cc:301] [usertable] [JOB 5] Flushing memtable with next log file: 15
2019/03/21-16:39:02.534920 7f04ff91f0 [db/flush_job.cc:301] [usertable] [JOB 5] Flushing memtable with next log file: 16
2019/03/21-16:39:02.534972 7f04ff91f0 EVENT_LOG_v1 {"time_micros": 1553186342534958, "job": 5, "event": "flush_started", "num_memtables": 2, "num_entries": 61591, "num_deletes": 0, "memory_usage": 255249912, "flush_reason": "Write Buffer Full"}
2019/03/21-16:39:02.534984 7f04ff91f0 [db/flush_job.cc:331] [usertable] [JOB 5] Level-0 flush table #17: started
2019/03/21-16:39:03.956411 7f04ff91f0 EVENT_LOG_v1 {"time_micros": 1553186343956359, "cf_name": "usertable", "job": 5, "event": "table_file_creation", "file_number": 17, "file_size": 255086663, "table_properties": {"data_size": 253946549, "index_size": 1139187, "filter_size": 0, "raw_key_size": 1478184, "raw_average_key_size": 24, "raw_value_size": 252276736, "raw_average_value_size": 4096, "num_data_blocks": 30796, "num_entries": 61591, "filter_policy_name": "", "kDeletedKeys": "0", "kMergeOperands": "0"}}
2019/03/21-16:39:03.956493 7f04ff91f0 [db/flush_job.cc:371] [usertable] [JOB 5] Level-0 flush table #17: 255086663 bytes OK
2019/03/21-16:39:03.986711 7f04ff91f0 (Original Log Time 2019/03/21-16:39:03.956523) [db/memtable_list.cc:377] [usertable] Level-0 commit table #17 started
2019/03/21-16:39:03.986720 7f04ff91f0 (Original Log Time 2019/03/21-16:39:03.986562) [db/memtable_list.cc:409] [usertable] Level-0 commit table #17: memtable #1 done
2019/03/21-16:39:03.986725 7f04ff91f0 (Original Log Time 2019/03/21-16:39:03.986572) [db/memtable_list.cc:409] [usertable] Level-0 commit table #17: memtable #2 done
2019/03/21-16:39:03.986730 7f04ff91f0 (Original Log Time 2019/03/21-16:39:03.986615) EVENT_LOG_v1 {"time_micros": 1553186343986601, "job": 5, "event": "flush_finished", "output_compression": "NoCompression", "lsm_state": [2, 1, 0, 0, 0, 0, 0], "immutable_memtables": 0}
2019/03/21-16:39:03.986735 7f04ff91f0 (Original Log Time 2019/03/21-16:39:03.986671) [db/db_impl_compaction_flush.cc:177] [usertable] Level summary: base level 1 max bytes base 536870912 files[2 1 0 0 0 0 0] max score 1.00
2019/03/21-16:39:03.986756 7f04ff91f0 [db/db_impl_files.cc:347] [JOB 5] Try to delete WAL files size 253952407, prev total WAL file size 283685226, number of live WAL files 3.
2019/03/21-16:39:04.023530 7f07fff1f0 (Original Log Time 2019/03/21-16:39:03.992432) [db/db_impl_compaction_flush.cc:1835] [usertable] Moving #17 to level-1 255086663 bytes
2019/03/21-16:39:04.023549 7f07fff1f0 (Original Log Time 2019/03/21-16:39:04.023392) EVENT_LOG_v1 {"time_micros": 1553186344023373, "job": 6, "event": "trivial_move", "destination_level": 1, "files": 1, "total_files_size": 255086663}
