2018/11/14-18:26:41.219680 7f924a1f7700 RocksDB version: 5.14.3
2018/11/14-18:26:41.219760 7f924a1f7700 Git sha rocksdb_build_git_sha:
2018/11/14-18:26:41.219763 7f924a1f7700 Compile date Oct 15 2018
2018/11/14-18:26:41.219767 7f924a1f7700 DB SUMMARY
2018/11/14-18:26:41.220855 7f924a1f7700 CURRENT file:  CURRENT
2018/11/14-18:26:41.220857 7f924a1f7700 IDENTITY file:  IDENTITY
2018/11/14-18:26:41.220865 7f924a1f7700 MANIFEST file:  MANIFEST-000004 size: 21638 Bytes
2018/11/14-18:26:41.220869 7f924a1f7700 SST files in /mnt/sdb/ycsb-rocksdb-data dir, Total Num: 153, files: 000055.sst 000058.sst 000060.sst 000062.sst 000063.sst 000069.sst 000070.sst 000071.sst 000074.sst 
2018/11/14-18:26:41.220880 7f924a1f7700 Write Ahead Log file in /mnt/sdb/ycsb-rocksdb-data: 000291.log size: 126460025 ; 000297.log size: 121000728 ; 000303.log size: 125205008 ; 000305.log size: 125497419 ; 000307.log size: 126449160 ; 000309.log size: 125575033 ; 000312.log size: 127646094 ; 000314.log size: 125171817 ; 000320.log size: 127449916 ; 000322.log size: 125167285 ; 000326.log size: 114894772 ; 000332.log size: 124855376 ; 000336.log size: 117171775 ; 000339.log size: 126848132 ; 000345.log size: 128058780 ; 000347.log size: 125807429 ; 000349.log size: 127417403 ; 000351.log size: 125169216 ; 000358.log size: 114113523 ; 000360.log size: 115319899 ; 000366.log size: 125391141 ; 000368.log size: 101377368 ; 
2018/11/14-18:26:41.220886 7f924a1f7700                         Options.error_if_exists: 0
2018/11/14-18:26:41.220887 7f924a1f7700                       Options.create_if_missing: 1
2018/11/14-18:26:41.220888 7f924a1f7700                         Options.paranoid_checks: 1
2018/11/14-18:26:41.220889 7f924a1f7700                                     Options.env: 0x7f92498d13e0
2018/11/14-18:26:41.220890 7f924a1f7700                                Options.info_log: 0x7f91f03dfe80
2018/11/14-18:26:41.220891 7f924a1f7700                Options.max_file_opening_threads: 16
2018/11/14-18:26:41.220892 7f924a1f7700                              Options.statistics: (nil)
2018/11/14-18:26:41.220893 7f924a1f7700                               Options.use_fsync: 0
2018/11/14-18:26:41.220894 7f924a1f7700                       Options.max_log_file_size: 0
2018/11/14-18:26:41.220895 7f924a1f7700                  Options.max_manifest_file_size: 18446744073709551615
2018/11/14-18:26:41.220896 7f924a1f7700                   Options.log_file_time_to_roll: 0
2018/11/14-18:26:41.220897 7f924a1f7700                       Options.keep_log_file_num: 1000
2018/11/14-18:26:41.220898 7f924a1f7700                    Options.recycle_log_file_num: 0
2018/11/14-18:26:41.220899 7f924a1f7700                         Options.allow_fallocate: 1
2018/11/14-18:26:41.220900 7f924a1f7700                        Options.allow_mmap_reads: 0
2018/11/14-18:26:41.220901 7f924a1f7700                       Options.allow_mmap_writes: 0
2018/11/14-18:26:41.220902 7f924a1f7700                        Options.use_direct_reads: 0
2018/11/14-18:26:41.220902 7f924a1f7700                        Options.use_direct_io_for_flush_and_compaction: 0
2018/11/14-18:26:41.220903 7f924a1f7700          Options.create_missing_column_families: 1
2018/11/14-18:26:41.220904 7f924a1f7700                              Options.db_log_dir: 
2018/11/14-18:26:41.220905 7f924a1f7700                                 Options.wal_dir: /mnt/sdb/ycsb-rocksdb-data
2018/11/14-18:26:41.220906 7f924a1f7700                Options.table_cache_numshardbits: 6
2018/11/14-18:26:41.220907 7f924a1f7700                      Options.max_subcompactions: 4
2018/11/14-18:26:41.220908 7f924a1f7700                  Options.max_background_flushes: 24
2018/11/14-18:26:41.220909 7f924a1f7700                         Options.WAL_ttl_seconds: 0
2018/11/14-18:26:41.220909 7f924a1f7700                       Options.WAL_size_limit_MB: 0
2018/11/14-18:26:41.220910 7f924a1f7700             Options.manifest_preallocation_size: 4194304
2018/11/14-18:26:41.220911 7f924a1f7700                     Options.is_fd_close_on_exec: 1
2018/11/14-18:26:41.220912 7f924a1f7700                   Options.advise_random_on_open: 1
2018/11/14-18:26:41.220913 7f924a1f7700                    Options.db_write_buffer_size: 0
2018/11/14-18:26:41.220924 7f924a1f7700                    Options.write_buffer_manager: 0x7f91f03dcb10
2018/11/14-18:26:41.220926 7f924a1f7700         Options.access_hint_on_compaction_start: 1
2018/11/14-18:26:41.220927 7f924a1f7700  Options.new_table_reader_for_compaction_inputs: 0
2018/11/14-18:26:41.220927 7f924a1f7700           Options.random_access_max_buffer_size: 1048576
2018/11/14-18:26:41.220928 7f924a1f7700                      Options.use_adaptive_mutex: 0
2018/11/14-18:26:41.220929 7f924a1f7700                            Options.rate_limiter: (nil)
2018/11/14-18:26:41.220931 7f924a1f7700     Options.sst_file_manager.rate_bytes_per_sec: 0
2018/11/14-18:26:41.220932 7f924a1f7700                       Options.wal_recovery_mode: 2
2018/11/14-18:26:41.220933 7f924a1f7700                  Options.enable_thread_tracking: 0
2018/11/14-18:26:41.220934 7f924a1f7700                  Options.enable_pipelined_write: 1
2018/11/14-18:26:41.220935 7f924a1f7700         Options.allow_concurrent_memtable_write: 1
2018/11/14-18:26:41.220935 7f924a1f7700      Options.enable_write_thread_adaptive_yield: 1
2018/11/14-18:26:41.220936 7f924a1f7700             Options.write_thread_max_yield_usec: 100
2018/11/14-18:26:41.220937 7f924a1f7700            Options.write_thread_slow_yield_usec: 3
2018/11/14-18:26:41.220938 7f924a1f7700                               Options.row_cache: None
2018/11/14-18:26:41.220939 7f924a1f7700                              Options.wal_filter: None
2018/11/14-18:26:41.220940 7f924a1f7700             Options.avoid_flush_during_recovery: 0
2018/11/14-18:26:41.220941 7f924a1f7700             Options.allow_ingest_behind: 0
2018/11/14-18:26:41.220942 7f924a1f7700             Options.preserve_deletes: 0
2018/11/14-18:26:41.220943 7f924a1f7700             Options.two_write_queues: 0
2018/11/14-18:26:41.220944 7f924a1f7700             Options.manual_wal_flush: 0
2018/11/14-18:26:41.220946 7f924a1f7700             Options.max_background_jobs: 24
2018/11/14-18:26:41.220947 7f924a1f7700             Options.max_background_compactions: 24
2018/11/14-18:26:41.220948 7f924a1f7700             Options.avoid_flush_during_shutdown: 0
2018/11/14-18:26:41.220949 7f924a1f7700           Options.writable_file_max_buffer_size: 1048576
2018/11/14-18:26:41.220950 7f924a1f7700             Options.delayed_write_rate : 16777216
2018/11/14-18:26:41.220950 7f924a1f7700             Options.max_total_wal_size: 0
2018/11/14-18:26:41.220951 7f924a1f7700             Options.delete_obsolete_files_period_micros: 21600000000
2018/11/14-18:26:41.220952 7f924a1f7700                   Options.stats_dump_period_sec: 60
2018/11/14-18:26:41.220953 7f924a1f7700                          Options.max_open_files: -1
2018/11/14-18:26:41.220954 7f924a1f7700                          Options.bytes_per_sync: 1048576
2018/11/14-18:26:41.220955 7f924a1f7700                      Options.wal_bytes_per_sync: 0
2018/11/14-18:26:41.220956 7f924a1f7700       Options.compaction_readahead_size: 0
2018/11/14-18:26:41.220957 7f924a1f7700 Compression algorithms supported:
2018/11/14-18:26:41.220958 7f924a1f7700 	kZSTDNotFinalCompression supported: 1
2018/11/14-18:26:41.220968 7f924a1f7700 	kZSTD supported: 1
2018/11/14-18:26:41.220969 7f924a1f7700 	kXpressCompression supported: 0
2018/11/14-18:26:41.220970 7f924a1f7700 	kLZ4HCCompression supported: 1
2018/11/14-18:26:41.220971 7f924a1f7700 	kLZ4Compression supported: 1
2018/11/14-18:26:41.220972 7f924a1f7700 	kBZip2Compression supported: 1
2018/11/14-18:26:41.220973 7f924a1f7700 	kZlibCompression supported: 1
2018/11/14-18:26:41.220974 7f924a1f7700 	kSnappyCompression supported: 1
2018/11/14-18:26:41.220979 7f924a1f7700 Fast CRC32 supported: Supported on x86
2018/11/14-18:26:41.221427 7f924a1f7700 [db/version_set.cc:3085] Recovering from manifest file: MANIFEST-000004
2018/11/14-18:26:41.221543 7f924a1f7700 [db/column_family.cc:475] --------------- Options for column family [default]:
2018/11/14-18:26:41.221547 7f924a1f7700               Options.comparator: leveldb.BytewiseComparator
2018/11/14-18:26:41.221559 7f924a1f7700           Options.merge_operator: None
2018/11/14-18:26:41.221561 7f924a1f7700        Options.compaction_filter: None
2018/11/14-18:26:41.221562 7f924a1f7700        Options.compaction_filter_factory: None
2018/11/14-18:26:41.221563 7f924a1f7700         Options.memtable_factory: SkipListFactory
2018/11/14-18:26:41.221564 7f924a1f7700            Options.table_factory: BlockBasedTable
2018/11/14-18:26:41.221588 7f924a1f7700            table_factory options:   flush_block_policy_factory: FlushBlockBySizePolicyFactory (0x7f91f0388ea0)
  cache_index_and_filter_blocks: 0
  cache_index_and_filter_blocks_with_high_priority: 0
  pin_l0_filter_and_index_blocks_in_cache: 0
  index_type: 0
  hash_index_allow_collision: 1
  checksum: 1
  no_block_cache: 0
  block_cache: 0x7f91f0392130
  block_cache_name: LRUCache
  block_cache_options:
    capacity : 8388608
    num_shard_bits : 4
    strict_capacity_limit : 0
    high_pri_pool_ratio: 0.000
  block_cache_compressed: (nil)
  persistent_cache: (nil)
  block_size: 8192
  block_size_deviation: 10
  block_restart_interval: 16
  index_block_restart_interval: 1
  metadata_block_size: 4096
  partition_filters: 0
  use_delta_encoding: 1
  filter_policy: nullptr
  whole_key_filtering: 1
  verify_compression: 0
  read_amp_bytes_per_bit: 0
  format_version: 2
  enable_index_compression: 1
  block_align: 0
2018/11/14-18:26:41.221590 7f924a1f7700        Options.write_buffer_size: 134217728
2018/11/14-18:26:41.221591 7f924a1f7700  Options.max_write_buffer_number: 24
2018/11/14-18:26:41.221592 7f924a1f7700        Options.compression[0]: NoCompression
2018/11/14-18:26:41.221593 7f924a1f7700        Options.compression[1]: NoCompression
2018/11/14-18:26:41.221594 7f924a1f7700        Options.compression[2]: LZ4
2018/11/14-18:26:41.221595 7f924a1f7700        Options.compression[3]: LZ4
2018/11/14-18:26:41.221596 7f924a1f7700        Options.compression[4]: LZ4
2018/11/14-18:26:41.221597 7f924a1f7700        Options.compression[5]: LZ4
2018/11/14-18:26:41.221598 7f924a1f7700        Options.compression[6]: LZ4
2018/11/14-18:26:41.221599 7f924a1f7700                  Options.bottommost_compression: Disabled
2018/11/14-18:26:41.221599 7f924a1f7700       Options.prefix_extractor: nullptr
2018/11/14-18:26:41.221600 7f924a1f7700   Options.memtable_insert_with_hint_prefix_extractor: nullptr
2018/11/14-18:26:41.221601 7f924a1f7700             Options.num_levels: 7
2018/11/14-18:26:41.221602 7f924a1f7700        Options.min_write_buffer_number_to_merge: 2
2018/11/14-18:26:41.221603 7f924a1f7700     Options.max_write_buffer_number_to_maintain: 0
2018/11/14-18:26:41.221603 7f924a1f7700            Options.compression_opts.window_bits: -14
2018/11/14-18:26:41.221604 7f924a1f7700                  Options.compression_opts.level: -1
2018/11/14-18:26:41.221605 7f924a1f7700               Options.compression_opts.strategy: 0
2018/11/14-18:26:41.221606 7f924a1f7700         Options.compression_opts.max_dict_bytes: 0
2018/11/14-18:26:41.221607 7f924a1f7700         Options.compression_opts.zstd_max_train_bytes: 0
2018/11/14-18:26:41.221608 7f924a1f7700      Options.level0_file_num_compaction_trigger: 2
2018/11/14-18:26:41.221609 7f924a1f7700          Options.level0_slowdown_writes_trigger: 20
2018/11/14-18:26:41.221609 7f924a1f7700              Options.level0_stop_writes_trigger: 36
2018/11/14-18:26:41.221610 7f924a1f7700                   Options.target_file_size_base: 67108864
2018/11/14-18:26:41.221611 7f924a1f7700             Options.target_file_size_multiplier: 1
2018/11/14-18:26:41.221612 7f924a1f7700                Options.max_bytes_for_level_base: 536870912
2018/11/14-18:26:41.221613 7f924a1f7700 Options.level_compaction_dynamic_level_bytes: 0
2018/11/14-18:26:41.221614 7f924a1f7700          Options.max_bytes_for_level_multiplier: 10.000000
2018/11/14-18:26:41.221616 7f924a1f7700 Options.max_bytes_for_level_multiplier_addtl[0]: 1
2018/11/14-18:26:41.221617 7f924a1f7700 Options.max_bytes_for_level_multiplier_addtl[1]: 1
2018/11/14-18:26:41.221618 7f924a1f7700 Options.max_bytes_for_level_multiplier_addtl[2]: 1
2018/11/14-18:26:41.221626 7f924a1f7700 Options.max_bytes_for_level_multiplier_addtl[3]: 1
2018/11/14-18:26:41.221627 7f924a1f7700 Options.max_bytes_for_level_multiplier_addtl[4]: 1
2018/11/14-18:26:41.221628 7f924a1f7700 Options.max_bytes_for_level_multiplier_addtl[5]: 1
2018/11/14-18:26:41.221629 7f924a1f7700 Options.max_bytes_for_level_multiplier_addtl[6]: 1
2018/11/14-18:26:41.221630 7f924a1f7700       Options.max_sequential_skip_in_iterations: 8
2018/11/14-18:26:41.221630 7f924a1f7700                    Options.max_compaction_bytes: 1677721600
2018/11/14-18:26:41.221631 7f924a1f7700                        Options.arena_block_size: 16777216
2018/11/14-18:26:41.221632 7f924a1f7700   Options.soft_pending_compaction_bytes_limit: 68719476736
2018/11/14-18:26:41.221633 7f924a1f7700   Options.hard_pending_compaction_bytes_limit: 274877906944
2018/11/14-18:26:41.221634 7f924a1f7700       Options.rate_limit_delay_max_milliseconds: 100
2018/11/14-18:26:41.221635 7f924a1f7700                Options.disable_auto_compactions: 0
2018/11/14-18:26:41.221636 7f924a1f7700                        Options.compaction_style: kCompactionStyleLevel
2018/11/14-18:26:41.221638 7f924a1f7700                          Options.compaction_pri: kByCompensatedSize
2018/11/14-18:26:41.221639 7f924a1f7700 Options.compaction_options_universal.size_ratio: 1
2018/11/14-18:26:41.221640 7f924a1f7700 Options.compaction_options_universal.min_merge_width: 2
2018/11/14-18:26:41.221641 7f924a1f7700 Options.compaction_options_universal.max_merge_width: 4294967295
2018/11/14-18:26:41.221642 7f924a1f7700 Options.compaction_options_universal.max_size_amplification_percent: 200
2018/11/14-18:26:41.221642 7f924a1f7700 Options.compaction_options_universal.compression_size_percent: -1
2018/11/14-18:26:41.221644 7f924a1f7700 Options.compaction_options_universal.stop_style: kCompactionStopStyleTotalSize
2018/11/14-18:26:41.221645 7f924a1f7700 Options.compaction_options_fifo.max_table_files_size: 1073741824
2018/11/14-18:26:41.221646 7f924a1f7700 Options.compaction_options_fifo.allow_compaction: 0
2018/11/14-18:26:41.221647 7f924a1f7700 Options.compaction_options_fifo.ttl: 0
2018/11/14-18:26:41.221648 7f924a1f7700                   Options.table_properties_collectors: 
2018/11/14-18:26:41.221649 7f924a1f7700                   Options.inplace_update_support: 0
2018/11/14-18:26:41.221649 7f924a1f7700                 Options.inplace_update_num_locks: 10000
2018/11/14-18:26:41.221650 7f924a1f7700               Options.memtable_prefix_bloom_size_ratio: 0.000000
2018/11/14-18:26:41.221652 7f924a1f7700   Options.memtable_huge_page_size: 0
2018/11/14-18:26:41.221653 7f924a1f7700                           Options.bloom_locality: 0
2018/11/14-18:26:41.221653 7f924a1f7700                    Options.max_successive_merges: 0
2018/11/14-18:26:41.221654 7f924a1f7700                Options.optimize_filters_for_hits: 0
2018/11/14-18:26:41.221655 7f924a1f7700                Options.paranoid_file_checks: 0
2018/11/14-18:26:41.221656 7f924a1f7700                Options.force_consistency_checks: 0
2018/11/14-18:26:41.221657 7f924a1f7700                Options.report_bg_io_stats: 0
2018/11/14-18:26:41.221657 7f924a1f7700                               Options.ttl: 0
2018/11/14-18:26:41.222037 7f924a1f7700 [db/column_family.cc:475] --------------- Options for column family [usertable]:
2018/11/14-18:26:41.222040 7f924a1f7700               Options.comparator: leveldb.BytewiseComparator
2018/11/14-18:26:41.222041 7f924a1f7700           Options.merge_operator: None
2018/11/14-18:26:41.222042 7f924a1f7700        Options.compaction_filter: None
2018/11/14-18:26:41.222043 7f924a1f7700        Options.compaction_filter_factory: None
2018/11/14-18:26:41.222043 7f924a1f7700         Options.memtable_factory: SkipListFactory
2018/11/14-18:26:41.222044 7f924a1f7700            Options.table_factory: BlockBasedTable
2018/11/14-18:26:41.222068 7f924a1f7700            table_factory options:   flush_block_policy_factory: FlushBlockBySizePolicyFactory (0x7f91f0388e80)
  cache_index_and_filter_blocks: 0
  cache_index_and_filter_blocks_with_high_priority: 0
  pin_l0_filter_and_index_blocks_in_cache: 0
  index_type: 0
  hash_index_allow_collision: 1
  checksum: 1
  no_block_cache: 0
  block_cache: 0x7f91f03899e0
  block_cache_name: LRUCache
  block_cache_options:
    capacity : 8388608
    num_shard_bits : 4
    strict_capacity_limit : 0
    high_pri_pool_ratio: 0.000
  block_cache_compressed: (nil)
  persistent_cache: (nil)
  block_size: 8192
  block_size_deviation: 10
  block_restart_interval: 16
  index_block_restart_interval: 1
  metadata_block_size: 4096
  partition_filters: 0
  use_delta_encoding: 1
  filter_policy: nullptr
  whole_key_filtering: 1
  verify_compression: 0
  read_amp_bytes_per_bit: 0
  format_version: 2
  enable_index_compression: 1
  block_align: 0
2018/11/14-18:26:41.222079 7f924a1f7700        Options.write_buffer_size: 134217728
2018/11/14-18:26:41.222081 7f924a1f7700  Options.max_write_buffer_number: 24
2018/11/14-18:26:41.222082 7f924a1f7700        Options.compression[0]: NoCompression
2018/11/14-18:26:41.222083 7f924a1f7700        Options.compression[1]: NoCompression
2018/11/14-18:26:41.222084 7f924a1f7700        Options.compression[2]: LZ4
2018/11/14-18:26:41.222085 7f924a1f7700        Options.compression[3]: LZ4
2018/11/14-18:26:41.222085 7f924a1f7700        Options.compression[4]: LZ4
2018/11/14-18:26:41.222086 7f924a1f7700        Options.compression[5]: LZ4
2018/11/14-18:26:41.222087 7f924a1f7700        Options.compression[6]: LZ4
2018/11/14-18:26:41.222088 7f924a1f7700                  Options.bottommost_compression: Disabled
2018/11/14-18:26:41.222089 7f924a1f7700       Options.prefix_extractor: nullptr
2018/11/14-18:26:41.222090 7f924a1f7700   Options.memtable_insert_with_hint_prefix_extractor: nullptr
2018/11/14-18:26:41.222091 7f924a1f7700             Options.num_levels: 7
2018/11/14-18:26:41.222091 7f924a1f7700        Options.min_write_buffer_number_to_merge: 2
2018/11/14-18:26:41.222092 7f924a1f7700     Options.max_write_buffer_number_to_maintain: 0
2018/11/14-18:26:41.222093 7f924a1f7700            Options.compression_opts.window_bits: -14
2018/11/14-18:26:41.222094 7f924a1f7700                  Options.compression_opts.level: -1
2018/11/14-18:26:41.222095 7f924a1f7700               Options.compression_opts.strategy: 0
2018/11/14-18:26:41.222096 7f924a1f7700         Options.compression_opts.max_dict_bytes: 0
2018/11/14-18:26:41.222096 7f924a1f7700         Options.compression_opts.zstd_max_train_bytes: 0
2018/11/14-18:26:41.222097 7f924a1f7700      Options.level0_file_num_compaction_trigger: 2
2018/11/14-18:26:41.222098 7f924a1f7700          Options.level0_slowdown_writes_trigger: 20
2018/11/14-18:26:41.222099 7f924a1f7700              Options.level0_stop_writes_trigger: 36
2018/11/14-18:26:41.222100 7f924a1f7700                   Options.target_file_size_base: 67108864
2018/11/14-18:26:41.222100 7f924a1f7700             Options.target_file_size_multiplier: 1
2018/11/14-18:26:41.222101 7f924a1f7700                Options.max_bytes_for_level_base: 536870912
2018/11/14-18:26:41.222102 7f924a1f7700 Options.level_compaction_dynamic_level_bytes: 0
2018/11/14-18:26:41.222103 7f924a1f7700          Options.max_bytes_for_level_multiplier: 10.000000
2018/11/14-18:26:41.222105 7f924a1f7700 Options.max_bytes_for_level_multiplier_addtl[0]: 1
2018/11/14-18:26:41.222106 7f924a1f7700 Options.max_bytes_for_level_multiplier_addtl[1]: 1
2018/11/14-18:26:41.222107 7f924a1f7700 Options.max_bytes_for_level_multiplier_addtl[2]: 1
2018/11/14-18:26:41.222108 7f924a1f7700 Options.max_bytes_for_level_multiplier_addtl[3]: 1
2018/11/14-18:26:41.222108 7f924a1f7700 Options.max_bytes_for_level_multiplier_addtl[4]: 1
2018/11/14-18:26:41.222109 7f924a1f7700 Options.max_bytes_for_level_multiplier_addtl[5]: 1
2018/11/14-18:26:41.222110 7f924a1f7700 Options.max_bytes_for_level_multiplier_addtl[6]: 1
2018/11/14-18:26:41.222111 7f924a1f7700       Options.max_sequential_skip_in_iterations: 8
2018/11/14-18:26:41.222112 7f924a1f7700                    Options.max_compaction_bytes: 1677721600
2018/11/14-18:26:41.222118 7f924a1f7700                        Options.arena_block_size: 16777216
2018/11/14-18:26:41.222119 7f924a1f7700   Options.soft_pending_compaction_bytes_limit: 68719476736
2018/11/14-18:26:41.222120 7f924a1f7700   Options.hard_pending_compaction_bytes_limit: 274877906944
2018/11/14-18:26:41.222121 7f924a1f7700       Options.rate_limit_delay_max_milliseconds: 100
2018/11/14-18:26:41.222122 7f924a1f7700                Options.disable_auto_compactions: 0
2018/11/14-18:26:41.222123 7f924a1f7700                        Options.compaction_style: kCompactionStyleLevel
2018/11/14-18:26:41.222124 7f924a1f7700                          Options.compaction_pri: kByCompensatedSize
2018/11/14-18:26:41.222125 7f924a1f7700 Options.compaction_options_universal.size_ratio: 1
2018/11/14-18:26:41.222126 7f924a1f7700 Options.compaction_options_universal.min_merge_width: 2
2018/11/14-18:26:41.222127 7f924a1f7700 Options.compaction_options_universal.max_merge_width: 4294967295
2018/11/14-18:26:41.222128 7f924a1f7700 Options.compaction_options_universal.max_size_amplification_percent: 200
2018/11/14-18:26:41.222129 7f924a1f7700 Options.compaction_options_universal.compression_size_percent: -1
2018/11/14-18:26:41.222130 7f924a1f7700 Options.compaction_options_universal.stop_style: kCompactionStopStyleTotalSize
2018/11/14-18:26:41.222131 7f924a1f7700 Options.compaction_options_fifo.max_table_files_size: 1073741824
2018/11/14-18:26:41.222131 7f924a1f7700 Options.compaction_options_fifo.allow_compaction: 0
2018/11/14-18:26:41.222132 7f924a1f7700 Options.compaction_options_fifo.ttl: 0
2018/11/14-18:26:41.222133 7f924a1f7700                   Options.table_properties_collectors: 
2018/11/14-18:26:41.222134 7f924a1f7700                   Options.inplace_update_support: 0
2018/11/14-18:26:41.222135 7f924a1f7700                 Options.inplace_update_num_locks: 10000
2018/11/14-18:26:41.222136 7f924a1f7700               Options.memtable_prefix_bloom_size_ratio: 0.000000
2018/11/14-18:26:41.222137 7f924a1f7700   Options.memtable_huge_page_size: 0
2018/11/14-18:26:41.222138 7f924a1f7700                           Options.bloom_locality: 0
2018/11/14-18:26:41.222139 7f924a1f7700                    Options.max_successive_merges: 0
2018/11/14-18:26:41.222140 7f924a1f7700                Options.optimize_filters_for_hits: 0
2018/11/14-18:26:41.222140 7f924a1f7700                Options.paranoid_file_checks: 0
2018/11/14-18:26:41.222141 7f924a1f7700                Options.force_consistency_checks: 0
2018/11/14-18:26:41.222142 7f924a1f7700                Options.report_bg_io_stats: 0
2018/11/14-18:26:41.222143 7f924a1f7700                               Options.ttl: 0
2018/11/14-18:26:41.379682 7f924a1f7700 [db/version_set.cc:3361] Recovered from manifest file:/mnt/sdb/ycsb-rocksdb-data/MANIFEST-000004 succeeded,manifest_file_number is 4, next_file_number is 374, last_sequence is 3916859, log_number is 0,prev_log_number is 0,max_column_family is 1,min_log_number_to_keep is 0
2018/11/14-18:26:41.379693 7f924a1f7700 [db/version_set.cc:3369] Column family [default] (ID 0), log number is 0
2018/11/14-18:26:41.379694 7f924a1f7700 [db/version_set.cc:3369] Column family [usertable] (ID 1), log number is 291
2018/11/14-18:26:41.380261 7f924a1f7700 EVENT_LOG_v1 {"time_micros": 1542248801380233, "job": 1, "event": "recovery_started", "log_files": [291, 297, 303, 305, 307, 309, 312, 314, 320, 322, 326, 332, 336, 339, 345, 347, 349, 351, 358, 360, 366, 368]}
2018/11/14-18:26:41.380269 7f924a1f7700 [db/db_impl_open.cc:551] Recovering log #291 mode 2
2018/11/14-18:26:41.725588 7f924a1f7700 [db/db_impl_open.cc:551] Recovering log #297 mode 2
2018/11/14-18:26:42.806527 7f924a1f7700 EVENT_LOG_v1 {"time_micros": 1542248802806505, "cf_name": "usertable", "job": 1, "event": "table_file_creation", "file_number": 374, "file_size": 129895353, "table_properties": {"data_size": 129317909, "index_size": 576522, "filter_size": 0, "raw_key_size": 752760, "raw_average_key_size": 24, "raw_value_size": 128471040, "raw_average_value_size": 4096, "num_data_blocks": 15683, "num_entries": 31365, "filter_policy_name": "", "kDeletedKeys": "0", "kMergeOperands": "0"}}
2018/11/14-18:26:43.678474 7f924a1f7700 [db/db_impl_open.cc:551] Recovering log #303 mode 2
2018/11/14-18:26:46.444179 7f924a1f7700 EVENT_LOG_v1 {"time_micros": 1542248806444157, "cf_name": "usertable", "job": 1, "event": "table_file_creation", "file_number": 375, "file_size": 129902323, "table_properties": {"data_size": 129321394, "index_size": 580007, "filter_size": 0, "raw_key_size": 752760, "raw_average_key_size": 24, "raw_value_size": 128471040, "raw_average_value_size": 4096, "num_data_blocks": 15683, "num_entries": 31365, "filter_policy_name": "", "kDeletedKeys": "0", "kMergeOperands": "0"}}
2018/11/14-18:26:46.749852 7f924a1f7700 [db/db_impl_open.cc:551] Recovering log #305 mode 2
2018/11/14-18:26:47.895921 7f924a1f7700 EVENT_LOG_v1 {"time_micros": 1542248807895898, "cf_name": "usertable", "job": 1, "event": "table_file_creation", "file_number": 376, "file_size": 129895353, "table_properties": {"data_size": 129317909, "index_size": 576522, "filter_size": 0, "raw_key_size": 752760, "raw_average_key_size": 24, "raw_value_size": 128471040, "raw_average_value_size": 4096, "num_data_blocks": 15683, "num_entries": 31365, "filter_policy_name": "", "kDeletedKeys": "0", "kMergeOperands": "0"}}
2018/11/14-18:26:48.720193 7f924a1f7700 [db/db_impl_open.cc:551] Recovering log #307 mode 2
2018/11/14-18:26:51.139077 7f924a1f7700 EVENT_LOG_v1 {"time_micros": 1542248811139049, "cf_name": "usertable", "job": 1, "event": "table_file_creation", "file_number": 377, "file_size": 129906432, "table_properties": {"data_size": 129325503, "index_size": 580007, "filter_size": 0, "raw_key_size": 752784, "raw_average_key_size": 24, "raw_value_size": 128475136, "raw_average_value_size": 4096, "num_data_blocks": 15683, "num_entries": 31366, "filter_policy_name": "", "kDeletedKeys": "0", "kMergeOperands": "0"}}
2018/11/14-18:26:51.664034 7f924a1f7700 [db/db_impl_open.cc:551] Recovering log #309 mode 2
2018/11/14-18:26:53.463155 7f924a1f7700 EVENT_LOG_v1 {"time_micros": 1542248813463132, "cf_name": "usertable", "job": 1, "event": "table_file_creation", "file_number": 378, "file_size": 129910606, "table_properties": {"data_size": 129329640, "index_size": 580044, "filter_size": 0, "raw_key_size": 752808, "raw_average_key_size": 24, "raw_value_size": 128479232, "raw_average_value_size": 4096, "num_data_blocks": 15684, "num_entries": 31367, "filter_policy_name": "", "kDeletedKeys": "0", "kMergeOperands": "0"}}
2018/11/14-18:26:54.251395 7f924a1f7700 [db/db_impl_open.cc:551] Recovering log #312 mode 2
2018/11/14-18:26:56.505631 7f924a1f7700 EVENT_LOG_v1 {"time_micros": 1542248816505606, "cf_name": "usertable", "job": 1, "event": "table_file_creation", "file_number": 379, "file_size": 129895352, "table_properties": {"data_size": 129317909, "index_size": 576521, "filter_size": 0, "raw_key_size": 752760, "raw_average_key_size": 24, "raw_value_size": 128471040, "raw_average_value_size": 4096, "num_data_blocks": 15683, "num_entries": 31365, "filter_policy_name": "", "kDeletedKeys": "0", "kMergeOperands": "0"}}
2018/11/14-18:26:56.780252 7f924a1f7700 [db/db_impl_open.cc:551] Recovering log #314 mode 2
2018/11/14-18:26:59.441403 7f924a1f7700 EVENT_LOG_v1 {"time_micros": 1542248819441382, "cf_name": "usertable", "job": 1, "event": "table_file_creation", "file_number": 380, "file_size": 129902323, "table_properties": {"data_size": 129321394, "index_size": 580007, "filter_size": 0, "raw_key_size": 752760, "raw_average_key_size": 24, "raw_value_size": 128471040, "raw_average_value_size": 4096, "num_data_blocks": 15683, "num_entries": 31365, "filter_policy_name": "", "kDeletedKeys": "0", "kMergeOperands": "0"}}
2018/11/14-18:27:00.177594 7f924a1f7700 [db/db_impl_open.cc:551] Recovering log #320 mode 2
2018/11/14-18:27:02.884076 7f924a1f7700 EVENT_LOG_v1 {"time_micros": 1542248822884052, "cf_name": "usertable", "job": 1, "event": "table_file_creation", "file_number": 381, "file_size": 129895354, "table_properties": {"data_size": 129317909, "index_size": 576523, "filter_size": 0, "raw_key_size": 752760, "raw_average_key_size": 24, "raw_value_size": 128471040, "raw_average_value_size": 4096, "num_data_blocks": 15683, "num_entries": 31365, "filter_policy_name": "", "kDeletedKeys": "0", "kMergeOperands": "0"}}
2018/11/14-18:27:03.143545 7f924a1f7700 [db/db_impl_open.cc:551] Recovering log #322 mode 2
2018/11/14-18:27:05.706021 7f924a1f7700 EVENT_LOG_v1 {"time_micros": 1542248825706000, "cf_name": "usertable", "job": 1, "event": "table_file_creation", "file_number": 382, "file_size": 129902324, "table_properties": {"data_size": 129321395, "index_size": 580007, "filter_size": 0, "raw_key_size": 752760, "raw_average_key_size": 24, "raw_value_size": 128471040, "raw_average_value_size": 4096, "num_data_blocks": 15683, "num_entries": 31365, "filter_policy_name": "", "kDeletedKeys": "0", "kMergeOperands": "0"}}
2018/11/14-18:27:06.423589 7f924a1f7700 [db/db_impl_open.cc:551] Recovering log #326 mode 2
2018/11/14-18:27:07.951146 7f924a1f7700 EVENT_LOG_v1 {"time_micros": 1542248827951123, "cf_name": "usertable", "job": 1, "event": "table_file_creation", "file_number": 383, "file_size": 129899463, "table_properties": {"data_size": 129322018, "index_size": 576523, "filter_size": 0, "raw_key_size": 752784, "raw_average_key_size": 24, "raw_value_size": 128475136, "raw_average_value_size": 4096, "num_data_blocks": 15683, "num_entries": 31366, "filter_policy_name": "", "kDeletedKeys": "0", "kMergeOperands": "0"}}
2018/11/14-18:27:08.158933 7f924a1f7700 [db/db_impl_open.cc:551] Recovering log #332 mode 2
2018/11/14-18:27:11.095035 7f924a1f7700 EVENT_LOG_v1 {"time_micros": 1542248831095013, "cf_name": "usertable", "job": 1, "event": "table_file_creation", "file_number": 384, "file_size": 129903636, "table_properties": {"data_size": 129326155, "index_size": 576559, "filter_size": 0, "raw_key_size": 752808, "raw_average_key_size": 24, "raw_value_size": 128479232, "raw_average_value_size": 4096, "num_data_blocks": 15684, "num_entries": 31367, "filter_policy_name": "", "kDeletedKeys": "0", "kMergeOperands": "0"}}
2018/11/14-18:27:11.666639 7f924a1f7700 [db/db_impl_open.cc:551] Recovering log #336 mode 2
2018/11/14-18:27:13.015606 7f924a1f7700 EVENT_LOG_v1 {"time_micros": 1542248833015583, "cf_name": "usertable", "job": 1, "event": "table_file_creation", "file_number": 385, "file_size": 129906433, "table_properties": {"data_size": 129325504, "index_size": 580007, "filter_size": 0, "raw_key_size": 752784, "raw_average_key_size": 24, "raw_value_size": 128475136, "raw_average_value_size": 4096, "num_data_blocks": 15683, "num_entries": 31366, "filter_policy_name": "", "kDeletedKeys": "0", "kMergeOperands": "0"}}
2018/11/14-18:27:13.175535 7f924a1f7700 [db/db_impl_open.cc:551] Recovering log #339 mode 2
2018/11/14-18:27:16.613173 7f924a1f7700 EVENT_LOG_v1 {"time_micros": 1542248836613146, "cf_name": "usertable", "job": 1, "event": "table_file_creation", "file_number": 386, "file_size": 129910605, "table_properties": {"data_size": 129329639, "index_size": 580044, "filter_size": 0, "raw_key_size": 752808, "raw_average_key_size": 24, "raw_value_size": 128479232, "raw_average_value_size": 4096, "num_data_blocks": 15684, "num_entries": 31367, "filter_policy_name": "", "kDeletedKeys": "0", "kMergeOperands": "0"}}
2018/11/14-18:27:17.031813 7f924a1f7700 [db/db_impl_open.cc:551] Recovering log #345 mode 2
2018/11/14-18:27:18.663662 7f924a1f7700 EVENT_LOG_v1 {"time_micros": 1542248838663639, "cf_name": "usertable", "job": 1, "event": "table_file_creation", "file_number": 387, "file_size": 129895351, "table_properties": {"data_size": 129317909, "index_size": 576520, "filter_size": 0, "raw_key_size": 752760, "raw_average_key_size": 24, "raw_value_size": 128471040, "raw_average_value_size": 4096, "num_data_blocks": 15683, "num_entries": 31365, "filter_policy_name": "", "kDeletedKeys": "0", "kMergeOperands": "0"}}
2018/11/14-18:27:19.103848 7f924a1f7700 [db/db_impl_open.cc:551] Recovering log #347 mode 2
2018/11/14-18:27:22.543110 7f924a1f7700 EVENT_LOG_v1 {"time_micros": 1542248842543085, "cf_name": "usertable", "job": 1, "event": "table_file_creation", "file_number": 388, "file_size": 129906431, "table_properties": {"data_size": 129325502, "index_size": 580007, "filter_size": 0, "raw_key_size": 752784, "raw_average_key_size": 24, "raw_value_size": 128475136, "raw_average_value_size": 4096, "num_data_blocks": 15683, "num_entries": 31366, "filter_policy_name": "", "kDeletedKeys": "0", "kMergeOperands": "0"}}
2018/11/14-18:27:22.950640 7f924a1f7700 [db/db_impl_open.cc:551] Recovering log #349 mode 2
2018/11/14-18:27:24.922449 7f924a1f7700 EVENT_LOG_v1 {"time_micros": 1542248844922423, "cf_name": "usertable", "job": 1, "event": "table_file_creation", "file_number": 389, "file_size": 129902323, "table_properties": {"data_size": 129321394, "index_size": 580007, "filter_size": 0, "raw_key_size": 752760, "raw_average_key_size": 24, "raw_value_size": 128471040, "raw_average_value_size": 4096, "num_data_blocks": 15683, "num_entries": 31365, "filter_policy_name": "", "kDeletedKeys": "0", "kMergeOperands": "0"}}
2018/11/14-18:27:25.295180 7f924a1f7700 [db/db_impl_open.cc:551] Recovering log #351 mode 2
2018/11/14-18:27:28.264594 7f924a1f7700 EVENT_LOG_v1 {"time_micros": 1542248848264571, "cf_name": "usertable", "job": 1, "event": "table_file_creation", "file_number": 390, "file_size": 129899463, "table_properties": {"data_size": 129322018, "index_size": 576523, "filter_size": 0, "raw_key_size": 752784, "raw_average_key_size": 24, "raw_value_size": 128475136, "raw_average_value_size": 4096, "num_data_blocks": 15683, "num_entries": 31366, "filter_policy_name": "", "kDeletedKeys": "0", "kMergeOperands": "0"}}
2018/11/14-18:27:28.595063 7f924a1f7700 [db/db_impl_open.cc:551] Recovering log #358 mode 2
2018/11/14-18:27:31.397111 7f924a1f7700 EVENT_LOG_v1 {"time_micros": 1542248851397087, "cf_name": "usertable", "job": 1, "event": "table_file_creation", "file_number": 391, "file_size": 129899462, "table_properties": {"data_size": 129322018, "index_size": 576522, "filter_size": 0, "raw_key_size": 752784, "raw_average_key_size": 24, "raw_value_size": 128475136, "raw_average_value_size": 4096, "num_data_blocks": 15683, "num_entries": 31366, "filter_policy_name": "", "kDeletedKeys": "0", "kMergeOperands": "0"}}
2018/11/14-18:27:31.641470 7f924a1f7700 [db/db_impl_open.cc:551] Recovering log #360 mode 2
2018/11/14-18:27:35.187455 7f924a1f7700 EVENT_LOG_v1 {"time_micros": 1542248855187432, "cf_name": "usertable", "job": 1, "event": "table_file_creation", "file_number": 392, "file_size": 129895353, "table_properties": {"data_size": 129317909, "index_size": 576522, "filter_size": 0, "raw_key_size": 752760, "raw_average_key_size": 24, "raw_value_size": 128471040, "raw_average_value_size": 4096, "num_data_blocks": 15683, "num_entries": 31365, "filter_policy_name": "", "kDeletedKeys": "0", "kMergeOperands": "0"}}
2018/11/14-18:27:35.315218 7f924a1f7700 [db/db_impl_open.cc:551] Recovering log #366 mode 2
2018/11/14-18:27:37.474168 7f924a1f7700 EVENT_LOG_v1 {"time_micros": 1542248857474142, "cf_name": "usertable", "job": 1, "event": "table_file_creation", "file_number": 393, "file_size": 129902322, "table_properties": {"data_size": 129321393, "index_size": 580007, "filter_size": 0, "raw_key_size": 752760, "raw_average_key_size": 24, "raw_value_size": 128471040, "raw_average_value_size": 4096, "num_data_blocks": 15683, "num_entries": 31365, "filter_policy_name": "", "kDeletedKeys": "0", "kMergeOperands": "0"}}
2018/11/14-18:27:37.576974 7f924a1f7700 [db/db_impl_open.cc:551] Recovering log #368 mode 2
2018/11/14-18:27:38.320606 7f924a1f7700 [db/version_set.cc:2847] Creating manifest 394
2018/11/14-18:27:39.168168 7f924a1f7700 EVENT_LOG_v1 {"time_micros": 1542248859168144, "cf_name": "usertable", "job": 1, "event": "table_file_creation", "file_number": 395, "file_size": 114274034, "table_properties": {"data_size": 113765953, "index_size": 507159, "filter_size": 0, "raw_key_size": 662232, "raw_average_key_size": 24, "raw_value_size": 113020928, "raw_average_value_size": 4096, "num_data_blocks": 13797, "num_entries": 27593, "filter_policy_name": "", "kDeletedKeys": "0", "kMergeOperands": "0"}}
2018/11/14-18:27:39.197241 7f924a1f7700 EVENT_LOG_v1 {"time_micros": 1542248859197237, "job": 1, "event": "recovery_finished"}
2018/11/14-18:27:39.197443 7f924a1f7700 [WARN] [db/column_family.cc:799] [usertable] Stalling writes because we have 23 level-0 files rate 16777216
2018/11/14-18:27:39.432565 7f924a1f7700 [db/db_impl_open.cc:1219] DB pointer 0x7f91f03def10
2018/11/14-18:27:39.433101 7f92489c9700 [WARN] [db/db_impl.cc:491] ------- DUMPING STATS -------
2018/11/14-18:27:39.433164 7f92489c9700 [WARN] [db/db_impl.cc:492] 
** DB Stats **
Uptime(secs): 58.2 total, 58.2 interval
Cumulative writes: 0 writes, 0 keys, 0 commit groups, 0.0 writes per commit group, ingest: 0.00 GB, 0.00 MB/s
Cumulative WAL: 0 writes, 0 syncs, 0.00 writes per sync, written: 0.00 GB, 0.00 MB/s
Cumulative stall: 00:00:0.000 H:M:S, 0.0 percent
Interval writes: 0 writes, 0 keys, 0 commit groups, 0.0 writes per commit group, ingest: 0.00 MB, 0.00 MB/s
Interval WAL: 0 writes, 0 syncs, 0.00 writes per sync, written: 0.00 MB, 0.00 MB/s
Interval stall: 00:00:0.000 H:M:S, 0.0 percent

** Compaction Stats [default] **
Level    Files   Size     Score Read(GB)  Rn(GB) Rnp1(GB) Write(GB) Wnew(GB) Moved(GB) W-Amp Rd(MB/s) Wr(MB/s) Comp(sec) Comp(cnt) Avg(sec) KeyIn KeyDrop
----------------------------------------------------------------------------------------------------------------------------------------------------------
 Sum      0/0    0.00 KB   0.0      0.0     0.0      0.0       0.0      0.0       0.0   0.0      0.0      0.0         0         0    0.000       0      0
 Int      0/0    0.00 KB   0.0      0.0     0.0      0.0       0.0      0.0       0.0   0.0      0.0      0.0         0         0    0.000       0      0
Uptime(secs): 58.2 total, 58.2 interval
Flush(GB): cumulative 0.000, interval 0.000
AddFile(GB): cumulative 0.000, interval 0.000
AddFile(Total Files): cumulative 0, interval 0
AddFile(L0 Files): cumulative 0, interval 0
AddFile(Keys): cumulative 0, interval 0
Cumulative compaction: 0.00 GB write, 0.00 MB/s write, 0.00 GB read, 0.00 MB/s read, 0.0 seconds
Interval compaction: 0.00 GB write, 0.00 MB/s write, 0.00 GB read, 0.00 MB/s read, 0.0 seconds
Stalls(count): 0 level0_slowdown, 0 level0_slowdown_with_compaction, 0 level0_numfiles, 0 level0_numfiles_with_compaction, 0 stop for pending_compaction_bytes, 0 slowdown for pending_compaction_bytes, 0 memtable_compaction, 0 memtable_slowdown, interval 0 total count

** File Read Latency Histogram By Level [default] **

** Compaction Stats [usertable] **
Level    Files   Size     Score Read(GB)  Rn(GB) Rnp1(GB) Write(GB) Wnew(GB) Moved(GB) W-Amp Rd(MB/s) Wr(MB/s) Comp(sec) Comp(cnt) Avg(sec) KeyIn KeyDrop
----------------------------------------------------------------------------------------------------------------------------------------------------------
  L0     23/0    2.97 GB  11.5      0.0     0.0      0.0       2.5      2.5       0.0   1.0      0.0     61.9        42        21    1.989       0      0
