2019/04/18-16:42:25.243911 7fd7249f8700 RocksDB version: 5.14.3
2019/04/18-16:42:25.243992 7fd7249f8700 Git sha rocksdb_build_git_sha:
2019/04/18-16:42:25.243995 7fd7249f8700 Compile date Oct  9 2018
2019/04/18-16:42:25.244005 7fd7249f8700 DB SUMMARY
2019/04/18-16:42:25.244729 7fd7249f8700 CURRENT file:  CURRENT
2019/04/18-16:42:25.244732 7fd7249f8700 IDENTITY file:  IDENTITY
2019/04/18-16:42:25.244742 7fd7249f8700 MANIFEST file:  MANIFEST-000004 size: 119796 Bytes
2019/04/18-16:42:25.244745 7fd7249f8700 SST files in /mnt/sde/ycsb-rocksdb-data dir, Total Num: 655, files: 000021.sst 000022.sst 000023.sst 000024.sst 000028.sst 000029.sst 000030.sst 000031.sst 000035.sst 
2019/04/18-16:42:25.244750 7fd7249f8700 Write Ahead Log file in /mnt/sde/ycsb-rocksdb-data: 001153.log size: 129753321 ; 001159.log size: 1712668 ; 
2019/04/18-16:42:25.244775 7fd7249f8700                         Options.error_if_exists: 0
2019/04/18-16:42:25.244776 7fd7249f8700                       Options.create_if_missing: 1
2019/04/18-16:42:25.244777 7fd7249f8700                         Options.paranoid_checks: 1
2019/04/18-16:42:25.244778 7fd7249f8700                                     Options.env: 0x7fd71fffb080
2019/04/18-16:42:25.244779 7fd7249f8700                                Options.info_log: 0x7fd6643c1480
2019/04/18-16:42:25.244779 7fd7249f8700                Options.max_file_opening_threads: 16
2019/04/18-16:42:25.244780 7fd7249f8700                              Options.statistics: (nil)
2019/04/18-16:42:25.244781 7fd7249f8700                               Options.use_fsync: 0
2019/04/18-16:42:25.244782 7fd7249f8700                       Options.max_log_file_size: 0
2019/04/18-16:42:25.244783 7fd7249f8700                  Options.max_manifest_file_size: 18446744073709551615
2019/04/18-16:42:25.244784 7fd7249f8700                   Options.log_file_time_to_roll: 0
2019/04/18-16:42:25.244785 7fd7249f8700                       Options.keep_log_file_num: 1000
2019/04/18-16:42:25.244786 7fd7249f8700                    Options.recycle_log_file_num: 0
2019/04/18-16:42:25.244787 7fd7249f8700                         Options.allow_fallocate: 1
2019/04/18-16:42:25.244788 7fd7249f8700                        Options.allow_mmap_reads: 0
2019/04/18-16:42:25.244788 7fd7249f8700                       Options.allow_mmap_writes: 0
2019/04/18-16:42:25.244789 7fd7249f8700                        Options.use_direct_reads: 0
2019/04/18-16:42:25.244790 7fd7249f8700                        Options.use_direct_io_for_flush_and_compaction: 0
2019/04/18-16:42:25.244791 7fd7249f8700          Options.create_missing_column_families: 1
2019/04/18-16:42:25.244792 7fd7249f8700                              Options.db_log_dir: 
2019/04/18-16:42:25.244793 7fd7249f8700                                 Options.wal_dir: /mnt/sde/ycsb-rocksdb-data
2019/04/18-16:42:25.244794 7fd7249f8700                Options.table_cache_numshardbits: 6
2019/04/18-16:42:25.244795 7fd7249f8700                      Options.max_subcompactions: 4
2019/04/18-16:42:25.244796 7fd7249f8700                  Options.max_background_flushes: 24
2019/04/18-16:42:25.244796 7fd7249f8700                         Options.WAL_ttl_seconds: 0
2019/04/18-16:42:25.244797 7fd7249f8700                       Options.WAL_size_limit_MB: 0
2019/04/18-16:42:25.244798 7fd7249f8700             Options.manifest_preallocation_size: 4194304
2019/04/18-16:42:25.244799 7fd7249f8700                     Options.is_fd_close_on_exec: 1
2019/04/18-16:42:25.244800 7fd7249f8700                   Options.advise_random_on_open: 1
2019/04/18-16:42:25.244801 7fd7249f8700                    Options.db_write_buffer_size: 0
2019/04/18-16:42:25.244802 7fd7249f8700                    Options.write_buffer_manager: 0x7fd6643c1920
2019/04/18-16:42:25.244802 7fd7249f8700         Options.access_hint_on_compaction_start: 1
2019/04/18-16:42:25.244803 7fd7249f8700  Options.new_table_reader_for_compaction_inputs: 0
2019/04/18-16:42:25.244804 7fd7249f8700           Options.random_access_max_buffer_size: 1048576
2019/04/18-16:42:25.244805 7fd7249f8700                      Options.use_adaptive_mutex: 0
2019/04/18-16:42:25.244806 7fd7249f8700                            Options.rate_limiter: (nil)
2019/04/18-16:42:25.244821 7fd7249f8700     Options.sst_file_manager.rate_bytes_per_sec: 0
2019/04/18-16:42:25.244824 7fd7249f8700                       Options.wal_recovery_mode: 2
2019/04/18-16:42:25.244825 7fd7249f8700                  Options.enable_thread_tracking: 0
2019/04/18-16:42:25.244826 7fd7249f8700                  Options.enable_pipelined_write: 1
2019/04/18-16:42:25.244827 7fd7249f8700         Options.allow_concurrent_memtable_write: 1
2019/04/18-16:42:25.244836 7fd7249f8700      Options.enable_write_thread_adaptive_yield: 1
2019/04/18-16:42:25.244839 7fd7249f8700             Options.write_thread_max_yield_usec: 100
2019/04/18-16:42:25.244840 7fd7249f8700            Options.write_thread_slow_yield_usec: 3
2019/04/18-16:42:25.244841 7fd7249f8700                               Options.row_cache: None
2019/04/18-16:42:25.244842 7fd7249f8700                              Options.wal_filter: None
2019/04/18-16:42:25.244843 7fd7249f8700             Options.avoid_flush_during_recovery: 0
2019/04/18-16:42:25.244844 7fd7249f8700             Options.allow_ingest_behind: 0
2019/04/18-16:42:25.244845 7fd7249f8700             Options.preserve_deletes: 0
2019/04/18-16:42:25.244846 7fd7249f8700             Options.two_write_queues: 0
2019/04/18-16:42:25.244847 7fd7249f8700             Options.manual_wal_flush: 0
2019/04/18-16:42:25.244849 7fd7249f8700             Options.max_background_jobs: 24
2019/04/18-16:42:25.244851 7fd7249f8700             Options.max_background_compactions: 24
2019/04/18-16:42:25.244853 7fd7249f8700             Options.avoid_flush_during_shutdown: 0
2019/04/18-16:42:25.244854 7fd7249f8700           Options.writable_file_max_buffer_size: 1048576
2019/04/18-16:42:25.244856 7fd7249f8700             Options.delayed_write_rate : 16777216
2019/04/18-16:42:25.244858 7fd7249f8700             Options.max_total_wal_size: 0
2019/04/18-16:42:25.244860 7fd7249f8700             Options.delete_obsolete_files_period_micros: 21600000000
2019/04/18-16:42:25.244862 7fd7249f8700                   Options.stats_dump_period_sec: 60
2019/04/18-16:42:25.244864 7fd7249f8700                          Options.max_open_files: -1
2019/04/18-16:42:25.244865 7fd7249f8700                          Options.bytes_per_sync: 1048576
2019/04/18-16:42:25.244868 7fd7249f8700                      Options.wal_bytes_per_sync: 0
2019/04/18-16:42:25.244869 7fd7249f8700       Options.compaction_readahead_size: 0
2019/04/18-16:42:25.244871 7fd7249f8700 Compression algorithms supported:
2019/04/18-16:42:25.244874 7fd7249f8700 	kZSTDNotFinalCompression supported: 1
2019/04/18-16:42:25.244884 7fd7249f8700 	kZSTD supported: 1
2019/04/18-16:42:25.244886 7fd7249f8700 	kXpressCompression supported: 0
2019/04/18-16:42:25.244887 7fd7249f8700 	kLZ4HCCompression supported: 1
2019/04/18-16:42:25.244888 7fd7249f8700 	kLZ4Compression supported: 1
2019/04/18-16:42:25.244889 7fd7249f8700 	kBZip2Compression supported: 1
2019/04/18-16:42:25.244890 7fd7249f8700 	kZlibCompression supported: 1
2019/04/18-16:42:25.244892 7fd7249f8700 	kSnappyCompression supported: 1
2019/04/18-16:42:25.244896 7fd7249f8700 Fast CRC32 supported: Not supported on x86
2019/04/18-16:42:25.245418 7fd7249f8700 [db/version_set.cc:3085] Recovering from manifest file: MANIFEST-000004
2019/04/18-16:42:25.245500 7fd7249f8700 [db/column_family.cc:475] --------------- Options for column family [default]:
2019/04/18-16:42:25.245504 7fd7249f8700               Options.comparator: leveldb.BytewiseComparator
2019/04/18-16:42:25.245506 7fd7249f8700           Options.merge_operator: None
2019/04/18-16:42:25.245507 7fd7249f8700        Options.compaction_filter: None
2019/04/18-16:42:25.245508 7fd7249f8700        Options.compaction_filter_factory: None
2019/04/18-16:42:25.245509 7fd7249f8700         Options.memtable_factory: SkipListFactory
2019/04/18-16:42:25.245510 7fd7249f8700            Options.table_factory: BlockBasedTable
2019/04/18-16:42:25.245537 7fd7249f8700            table_factory options:   flush_block_policy_factory: FlushBlockBySizePolicyFactory (0x7fd6643b2120)
  cache_index_and_filter_blocks: 0
  cache_index_and_filter_blocks_with_high_priority: 0
  pin_l0_filter_and_index_blocks_in_cache: 0
  index_type: 0
  hash_index_allow_collision: 1
  checksum: 1
  no_block_cache: 0
  block_cache: 0x7fd6643b1860
  block_cache_name: LRUCache
  block_cache_options:
    capacity : 8388608
    num_shard_bits : 4
    strict_capacity_limit : 0
    high_pri_pool_ratio: 0.000
  block_cache_compressed: (nil)
  persistent_cache: (nil)
  block_size: 8192
  block_size_deviation: 10
  block_restart_interval: 16
  index_block_restart_interval: 1
  metadata_block_size: 4096
  partition_filters: 0
  use_delta_encoding: 1
  filter_policy: nullptr
  whole_key_filtering: 1
  verify_compression: 0
  read_amp_bytes_per_bit: 0
  format_version: 2
  enable_index_compression: 1
  block_align: 0
2019/04/18-16:42:25.245551 7fd7249f8700        Options.write_buffer_size: 134217728
2019/04/18-16:42:25.245553 7fd7249f8700  Options.max_write_buffer_number: 24
2019/04/18-16:42:25.245554 7fd7249f8700        Options.compression[0]: NoCompression
2019/04/18-16:42:25.245556 7fd7249f8700        Options.compression[1]: NoCompression
2019/04/18-16:42:25.245557 7fd7249f8700        Options.compression[2]: LZ4
2019/04/18-16:42:25.245558 7fd7249f8700        Options.compression[3]: LZ4
2019/04/18-16:42:25.245559 7fd7249f8700        Options.compression[4]: LZ4
2019/04/18-16:42:25.245560 7fd7249f8700        Options.compression[5]: LZ4
2019/04/18-16:42:25.245561 7fd7249f8700        Options.compression[6]: LZ4
2019/04/18-16:42:25.245562 7fd7249f8700                  Options.bottommost_compression: Disabled
2019/04/18-16:42:25.245563 7fd7249f8700       Options.prefix_extractor: nullptr
2019/04/18-16:42:25.245564 7fd7249f8700   Options.memtable_insert_with_hint_prefix_extractor: nullptr
2019/04/18-16:42:25.245565 7fd7249f8700             Options.num_levels: 7
2019/04/18-16:42:25.245566 7fd7249f8700        Options.min_write_buffer_number_to_merge: 2
2019/04/18-16:42:25.245567 7fd7249f8700     Options.max_write_buffer_number_to_maintain: 0
2019/04/18-16:42:25.245568 7fd7249f8700            Options.compression_opts.window_bits: -14
2019/04/18-16:42:25.245569 7fd7249f8700                  Options.compression_opts.level: -1
2019/04/18-16:42:25.245570 7fd7249f8700               Options.compression_opts.strategy: 0
2019/04/18-16:42:25.245571 7fd7249f8700         Options.compression_opts.max_dict_bytes: 0
2019/04/18-16:42:25.245571 7fd7249f8700         Options.compression_opts.zstd_max_train_bytes: 0
2019/04/18-16:42:25.245572 7fd7249f8700      Options.level0_file_num_compaction_trigger: 2
2019/04/18-16:42:25.245573 7fd7249f8700          Options.level0_slowdown_writes_trigger: 20
2019/04/18-16:42:25.245574 7fd7249f8700              Options.level0_stop_writes_trigger: 36
2019/04/18-16:42:25.245575 7fd7249f8700                   Options.target_file_size_base: 67108864
2019/04/18-16:42:25.245576 7fd7249f8700             Options.target_file_size_multiplier: 1
2019/04/18-16:42:25.245577 7fd7249f8700                Options.max_bytes_for_level_base: 536870912
2019/04/18-16:42:25.245577 7fd7249f8700 Options.level_compaction_dynamic_level_bytes: 0
2019/04/18-16:42:25.245578 7fd7249f8700          Options.max_bytes_for_level_multiplier: 10.000000
2019/04/18-16:42:25.245582 7fd7249f8700 Options.max_bytes_for_level_multiplier_addtl[0]: 1
2019/04/18-16:42:25.245583 7fd7249f8700 Options.max_bytes_for_level_multiplier_addtl[1]: 1
2019/04/18-16:42:25.245584 7fd7249f8700 Options.max_bytes_for_level_multiplier_addtl[2]: 1
2019/04/18-16:42:25.245585 7fd7249f8700 Options.max_bytes_for_level_multiplier_addtl[3]: 1
2019/04/18-16:42:25.245586 7fd7249f8700 Options.max_bytes_for_level_multiplier_addtl[4]: 1
2019/04/18-16:42:25.245586 7fd7249f8700 Options.max_bytes_for_level_multiplier_addtl[5]: 1
2019/04/18-16:42:25.245587 7fd7249f8700 Options.max_bytes_for_level_multiplier_addtl[6]: 1
2019/04/18-16:42:25.245588 7fd7249f8700       Options.max_sequential_skip_in_iterations: 8
2019/04/18-16:42:25.245589 7fd7249f8700                    Options.max_compaction_bytes: 1677721600
2019/04/18-16:42:25.245596 7fd7249f8700                        Options.arena_block_size: 16777216
2019/04/18-16:42:25.245597 7fd7249f8700   Options.soft_pending_compaction_bytes_limit: 68719476736
2019/04/18-16:42:25.245598 7fd7249f8700   Options.hard_pending_compaction_bytes_limit: 274877906944
2019/04/18-16:42:25.245599 7fd7249f8700       Options.rate_limit_delay_max_milliseconds: 100
2019/04/18-16:42:25.245600 7fd7249f8700                Options.disable_auto_compactions: 0
2019/04/18-16:42:25.245602 7fd7249f8700                        Options.compaction_style: kCompactionStyleLevel
2019/04/18-16:42:25.245604 7fd7249f8700                          Options.compaction_pri: kByCompensatedSize
2019/04/18-16:42:25.245605 7fd7249f8700 Options.compaction_options_universal.size_ratio: 1
2019/04/18-16:42:25.245605 7fd7249f8700 Options.compaction_options_universal.min_merge_width: 2
2019/04/18-16:42:25.245606 7fd7249f8700 Options.compaction_options_universal.max_merge_width: 4294967295
2019/04/18-16:42:25.245607 7fd7249f8700 Options.compaction_options_universal.max_size_amplification_percent: 200
2019/04/18-16:42:25.245608 7fd7249f8700 Options.compaction_options_universal.compression_size_percent: -1
2019/04/18-16:42:25.245610 7fd7249f8700 Options.compaction_options_universal.stop_style: kCompactionStopStyleTotalSize
2019/04/18-16:42:25.245611 7fd7249f8700 Options.compaction_options_fifo.max_table_files_size: 1073741824
2019/04/18-16:42:25.245612 7fd7249f8700 Options.compaction_options_fifo.allow_compaction: 0
2019/04/18-16:42:25.245612 7fd7249f8700 Options.compaction_options_fifo.ttl: 0
2019/04/18-16:42:25.245613 7fd7249f8700                   Options.table_properties_collectors: 
2019/04/18-16:42:25.245614 7fd7249f8700                   Options.inplace_update_support: 0
2019/04/18-16:42:25.245615 7fd7249f8700                 Options.inplace_update_num_locks: 10000
2019/04/18-16:42:25.245616 7fd7249f8700               Options.memtable_prefix_bloom_size_ratio: 0.000000
2019/04/18-16:42:25.245617 7fd7249f8700   Options.memtable_huge_page_size: 0
2019/04/18-16:42:25.245618 7fd7249f8700                           Options.bloom_locality: 0
2019/04/18-16:42:25.245619 7fd7249f8700                    Options.max_successive_merges: 0
2019/04/18-16:42:25.245620 7fd7249f8700                Options.optimize_filters_for_hits: 0
2019/04/18-16:42:25.245621 7fd7249f8700                Options.paranoid_file_checks: 0
2019/04/18-16:42:25.245622 7fd7249f8700                Options.force_consistency_checks: 0
2019/04/18-16:42:25.245623 7fd7249f8700                Options.report_bg_io_stats: 0
2019/04/18-16:42:25.245623 7fd7249f8700                               Options.ttl: 0
2019/04/18-16:42:25.246405 7fd7249f8700 [db/column_family.cc:475] --------------- Options for column family [usertable]:
2019/04/18-16:42:25.246409 7fd7249f8700               Options.comparator: leveldb.BytewiseComparator
2019/04/18-16:42:25.246410 7fd7249f8700           Options.merge_operator: None
2019/04/18-16:42:25.246411 7fd7249f8700        Options.compaction_filter: None
2019/04/18-16:42:25.246411 7fd7249f8700        Options.compaction_filter_factory: None
2019/04/18-16:42:25.246412 7fd7249f8700         Options.memtable_factory: SkipListFactory
2019/04/18-16:42:25.246413 7fd7249f8700            Options.table_factory: BlockBasedTable
2019/04/18-16:42:25.246442 7fd7249f8700            table_factory options:   flush_block_policy_factory: FlushBlockBySizePolicyFactory (0x7fd6643c0560)
  cache_index_and_filter_blocks: 0
  cache_index_and_filter_blocks_with_high_priority: 0
  pin_l0_filter_and_index_blocks_in_cache: 0
  index_type: 0
  hash_index_allow_collision: 1
  checksum: 1
  no_block_cache: 0
  block_cache: 0x7fd6643bf3c0
  block_cache_name: LRUCache
  block_cache_options:
    capacity : 8388608
    num_shard_bits : 4
    strict_capacity_limit : 0
    high_pri_pool_ratio: 0.000
  block_cache_compressed: (nil)
  persistent_cache: (nil)
  block_size: 8192
  block_size_deviation: 10
  block_restart_interval: 16
  index_block_restart_interval: 1
  metadata_block_size: 4096
  partition_filters: 0
  use_delta_encoding: 1
  filter_policy: nullptr
  whole_key_filtering: 1
  verify_compression: 0
  read_amp_bytes_per_bit: 0
  format_version: 2
  enable_index_compression: 1
  block_align: 0
2019/04/18-16:42:25.246457 7fd7249f8700        Options.write_buffer_size: 134217728
2019/04/18-16:42:25.246459 7fd7249f8700  Options.max_write_buffer_number: 24
2019/04/18-16:42:25.246460 7fd7249f8700        Options.compression[0]: NoCompression
2019/04/18-16:42:25.246461 7fd7249f8700        Options.compression[1]: NoCompression
2019/04/18-16:42:25.246462 7fd7249f8700        Options.compression[2]: LZ4
2019/04/18-16:42:25.246463 7fd7249f8700        Options.compression[3]: LZ4
2019/04/18-16:42:25.246464 7fd7249f8700        Options.compression[4]: LZ4
2019/04/18-16:42:25.246465 7fd7249f8700        Options.compression[5]: LZ4
2019/04/18-16:42:25.246466 7fd7249f8700        Options.compression[6]: LZ4
2019/04/18-16:42:25.246467 7fd7249f8700                  Options.bottommost_compression: Disabled
2019/04/18-16:42:25.246468 7fd7249f8700       Options.prefix_extractor: nullptr
2019/04/18-16:42:25.246469 7fd7249f8700   Options.memtable_insert_with_hint_prefix_extractor: nullptr
2019/04/18-16:42:25.246470 7fd7249f8700             Options.num_levels: 7
2019/04/18-16:42:25.246471 7fd7249f8700        Options.min_write_buffer_number_to_merge: 2
2019/04/18-16:42:25.246472 7fd7249f8700     Options.max_write_buffer_number_to_maintain: 0
2019/04/18-16:42:25.246473 7fd7249f8700            Options.compression_opts.window_bits: -14
2019/04/18-16:42:25.246474 7fd7249f8700                  Options.compression_opts.level: -1
2019/04/18-16:42:25.246475 7fd7249f8700               Options.compression_opts.strategy: 0
2019/04/18-16:42:25.246475 7fd7249f8700         Options.compression_opts.max_dict_bytes: 0
2019/04/18-16:42:25.246476 7fd7249f8700         Options.compression_opts.zstd_max_train_bytes: 0
2019/04/18-16:42:25.246477 7fd7249f8700      Options.level0_file_num_compaction_trigger: 2
2019/04/18-16:42:25.246478 7fd7249f8700          Options.level0_slowdown_writes_trigger: 20
2019/04/18-16:42:25.246479 7fd7249f8700              Options.level0_stop_writes_trigger: 36
2019/04/18-16:42:25.246480 7fd7249f8700                   Options.target_file_size_base: 67108864
2019/04/18-16:42:25.246480 7fd7249f8700             Options.target_file_size_multiplier: 1
2019/04/18-16:42:25.246481 7fd7249f8700                Options.max_bytes_for_level_base: 536870912
2019/04/18-16:42:25.246482 7fd7249f8700 Options.level_compaction_dynamic_level_bytes: 0
2019/04/18-16:42:25.246483 7fd7249f8700          Options.max_bytes_for_level_multiplier: 10.000000
2019/04/18-16:42:25.246485 7fd7249f8700 Options.max_bytes_for_level_multiplier_addtl[0]: 1
2019/04/18-16:42:25.246486 7fd7249f8700 Options.max_bytes_for_level_multiplier_addtl[1]: 1
2019/04/18-16:42:25.246487 7fd7249f8700 Options.max_bytes_for_level_multiplier_addtl[2]: 1
2019/04/18-16:42:25.246488 7fd7249f8700 Options.max_bytes_for_level_multiplier_addtl[3]: 1
2019/04/18-16:42:25.246489 7fd7249f8700 Options.max_bytes_for_level_multiplier_addtl[4]: 1
2019/04/18-16:42:25.246490 7fd7249f8700 Options.max_bytes_for_level_multiplier_addtl[5]: 1
2019/04/18-16:42:25.246491 7fd7249f8700 Options.max_bytes_for_level_multiplier_addtl[6]: 1
2019/04/18-16:42:25.246491 7fd7249f8700       Options.max_sequential_skip_in_iterations: 8
2019/04/18-16:42:25.246492 7fd7249f8700                    Options.max_compaction_bytes: 1677721600
2019/04/18-16:42:25.246493 7fd7249f8700                        Options.arena_block_size: 16777216
2019/04/18-16:42:25.246494 7fd7249f8700   Options.soft_pending_compaction_bytes_limit: 68719476736
2019/04/18-16:42:25.246495 7fd7249f8700   Options.hard_pending_compaction_bytes_limit: 274877906944
2019/04/18-16:42:25.246496 7fd7249f8700       Options.rate_limit_delay_max_milliseconds: 100
2019/04/18-16:42:25.246497 7fd7249f8700                Options.disable_auto_compactions: 0
2019/04/18-16:42:25.246498 7fd7249f8700                        Options.compaction_style: kCompactionStyleLevel
2019/04/18-16:42:25.246505 7fd7249f8700                          Options.compaction_pri: kByCompensatedSize
2019/04/18-16:42:25.246506 7fd7249f8700 Options.compaction_options_universal.size_ratio: 1
2019/04/18-16:42:25.246507 7fd7249f8700 Options.compaction_options_universal.min_merge_width: 2
2019/04/18-16:42:25.246508 7fd7249f8700 Options.compaction_options_universal.max_merge_width: 4294967295
2019/04/18-16:42:25.246509 7fd7249f8700 Options.compaction_options_universal.max_size_amplification_percent: 200
2019/04/18-16:42:25.246510 7fd7249f8700 Options.compaction_options_universal.compression_size_percent: -1
2019/04/18-16:42:25.246511 7fd7249f8700 Options.compaction_options_universal.stop_style: kCompactionStopStyleTotalSize
2019/04/18-16:42:25.246512 7fd7249f8700 Options.compaction_options_fifo.max_table_files_size: 1073741824
2019/04/18-16:42:25.246512 7fd7249f8700 Options.compaction_options_fifo.allow_compaction: 0
2019/04/18-16:42:25.246513 7fd7249f8700 Options.compaction_options_fifo.ttl: 0
2019/04/18-16:42:25.246514 7fd7249f8700                   Options.table_properties_collectors: 
2019/04/18-16:42:25.246515 7fd7249f8700                   Options.inplace_update_support: 0
2019/04/18-16:42:25.246516 7fd7249f8700                 Options.inplace_update_num_locks: 10000
2019/04/18-16:42:25.246517 7fd7249f8700               Options.memtable_prefix_bloom_size_ratio: 0.000000
2019/04/18-16:42:25.246518 7fd7249f8700   Options.memtable_huge_page_size: 0
2019/04/18-16:42:25.246519 7fd7249f8700                           Options.bloom_locality: 0
2019/04/18-16:42:25.246520 7fd7249f8700                    Options.max_successive_merges: 0
2019/04/18-16:42:25.246521 7fd7249f8700                Options.optimize_filters_for_hits: 0
2019/04/18-16:42:25.246522 7fd7249f8700                Options.paranoid_file_checks: 0
2019/04/18-16:42:25.246523 7fd7249f8700                Options.force_consistency_checks: 0
2019/04/18-16:42:25.246523 7fd7249f8700                Options.report_bg_io_stats: 0
2019/04/18-16:42:25.246524 7fd7249f8700                               Options.ttl: 0
2019/04/18-16:42:25.914022 7fd7249f8700 [db/version_set.cc:3361] Recovered from manifest file:/mnt/sde/ycsb-rocksdb-data/MANIFEST-000004 succeeded,manifest_file_number is 4, next_file_number is 1160, last_sequence is 10430502, log_number is 0,prev_log_number is 0,max_column_family is 1,min_log_number_to_keep is 0
2019/04/18-16:42:25.914034 7fd7249f8700 [db/version_set.cc:3369] Column family [default] (ID 0), log number is 0
2019/04/18-16:42:25.914037 7fd7249f8700 [db/version_set.cc:3369] Column family [usertable] (ID 1), log number is 1153
2019/04/18-16:42:25.915899 7fd7249f8700 EVENT_LOG_v1 {"time_micros": 1555630945915872, "job": 1, "event": "recovery_started", "log_files": [1153, 1159]}
2019/04/18-16:42:25.915907 7fd7249f8700 [db/db_impl_open.cc:551] Recovering log #1153 mode 2
2019/04/18-16:42:27.829900 7fd7249f8700 EVENT_LOG_v1 {"time_micros": 1555630947829867, "cf_name": "usertable", "job": 1, "event": "table_file_creation", "file_number": 1160, "file_size": 129895354, "table_properties": {"data_size": 129317909, "index_size": 576523, "filter_size": 0, "raw_key_size": 752760, "raw_average_key_size": 24, "raw_value_size": 128471040, "raw_average_value_size": 4096, "num_data_blocks": 15683, "num_entries": 31365, "filter_policy_name": "", "kDeletedKeys": "0", "kMergeOperands": "0"}}
2019/04/18-16:42:27.835274 7fd7249f8700 [db/db_impl_open.cc:551] Recovering log #1159 mode 2
2019/04/18-16:42:27.855336 7fd7249f8700 [db/version_set.cc:2847] Creating manifest 1161
2019/04/18-16:42:27.981084 7fd7249f8700 EVENT_LOG_v1 {"time_micros": 1555630947981054, "cf_name": "usertable", "job": 1, "event": "table_file_creation", "file_number": 1162, "file_size": 1715326, "table_properties": {"data_size": 1706967, "index_size": 7443, "filter_size": 0, "raw_key_size": 9936, "raw_average_key_size": 24, "raw_value_size": 1695744, "raw_average_value_size": 4096, "num_data_blocks": 207, "num_entries": 414, "filter_policy_name": "", "kDeletedKeys": "0", "kMergeOperands": "0"}}
2019/04/18-16:42:28.011884 7fd7249f8700 EVENT_LOG_v1 {"time_micros": 1555630948011879, "job": 1, "event": "recovery_finished"}
2019/04/18-16:42:28.090929 7fd7249f8700 [db/db_impl_open.cc:1219] DB pointer 0x7fd6643b07f0
2019/04/18-16:42:28.091262 7fd7067fc700 [WARN] [db/db_impl.cc:491] ------- DUMPING STATS -------
2019/04/18-16:42:28.091315 7fd7067fc700 [WARN] [db/db_impl.cc:492] 
** DB Stats **
Uptime(secs): 2.8 total, 2.8 interval
Cumulative writes: 0 writes, 0 keys, 0 commit groups, 0.0 writes per commit group, ingest: 0.00 GB, 0.00 MB/s
Cumulative WAL: 0 writes, 0 syncs, 0.00 writes per sync, written: 0.00 GB, 0.00 MB/s
Cumulative stall: 00:00:0.000 H:M:S, 0.0 percent
Interval writes: 0 writes, 0 keys, 0 commit groups, 0.0 writes per commit group, ingest: 0.00 MB, 0.00 MB/s
Interval WAL: 0 writes, 0 syncs, 0.00 writes per sync, written: 0.00 MB, 0.00 MB/s
Interval stall: 00:00:0.000 H:M:S, 0.0 percent

** Compaction Stats [default] **
Level    Files   Size     Score Read(GB)  Rn(GB) Rnp1(GB) Write(GB) Wnew(GB) Moved(GB) W-Amp Rd(MB/s) Wr(MB/s) Comp(sec) Comp(cnt) Avg(sec) KeyIn KeyDrop
----------------------------------------------------------------------------------------------------------------------------------------------------------
 Sum      0/0    0.00 KB   0.0      0.0     0.0      0.0       0.0      0.0       0.0   0.0      0.0      0.0         0         0    0.000       0      0
 Int      0/0    0.00 KB   0.0      0.0     0.0      0.0       0.0      0.0       0.0   0.0      0.0      0.0         0         0    0.000       0      0
Uptime(secs): 2.8 total, 2.8 interval
Flush(GB): cumulative 0.000, interval 0.000
AddFile(GB): cumulative 0.000, interval 0.000
AddFile(Total Files): cumulative 0, interval 0
AddFile(L0 Files): cumulative 0, interval 0
AddFile(Keys): cumulative 0, interval 0
Cumulative compaction: 0.00 GB write, 0.00 MB/s write, 0.00 GB read, 0.00 MB/s read, 0.0 seconds
Interval compaction: 0.00 GB write, 0.00 MB/s write, 0.00 GB read, 0.00 MB/s read, 0.0 seconds
Stalls(count): 0 level0_slowdown, 0 level0_slowdown_with_compaction, 0 level0_numfiles, 0 level0_numfiles_with_compaction, 0 stop for pending_compaction_bytes, 0 slowdown for pending_compaction_bytes, 0 memtable_compaction, 0 memtable_slowdown, interval 0 total count

** File Read Latency Histogram By Level [default] **

** Compaction Stats [usertable] **
Level    Files   Size     Score Read(GB)  Rn(GB) Rnp1(GB) Write(GB) Wnew(GB) Moved(GB) W-Amp Rd(MB/s) Wr(MB/s) Comp(sec) Comp(cnt) Avg(sec) KeyIn KeyDrop
----------------------------------------------------------------------------------------------------------------------------------------------------------
  L0      3/0   373.27 MB   1.5      0.0     0.0      0.0       0.1      0.1       0.0   1.0      0.0     92.9         1         2    0.675       0      0
  L1      2/0   495.51 MB   1.0      0.0     0.0      0.0       0.0      0.0       0.0   0.0      0.0      0.0         0         0    0.000       0      0
  L2     93/0    4.97 GB   1.0      0.0     0.0      0.0       0.0      0.0       0.0   0.0      0.0      0.0         0         0    0.000       0      0
  L3    559/0   34.36 GB   0.7      0.0     0.0      0.0       0.0      0.0       0.0   0.0      0.0      0.0         0         0    0.000       0      0
 Sum    657/0   40.18 GB   0.0      0.0     0.0      0.0       0.1      0.1       0.0   1.0      0.0     92.9         1         2    0.675       0      0
 Int      0/0    0.00 KB   0.0      0.0     0.0      0.0       0.1      0.1       0.0   1.0      0.0     92.9         1         2    0.675       0      0
Uptime(secs): 2.8 total, 2.8 interval
Flush(GB): cumulative 0.123, interval 0.123
AddFile(GB): cumulative 0.000, interval 0.000
AddFile(Total Files): cumulative 0, interval 0
AddFile(L0 Files): cumulative 0, interval 0
AddFile(Keys): cumulative 0, interval 0
Cumulative compaction: 0.12 GB write, 44.12 MB/s write, 0.00 GB read, 0.00 MB/s read, 1.4 seconds
Interval compaction: 0.12 GB write, 44.12 MB/s write, 0.00 GB read, 0.00 MB/s read, 1.4 seconds
Stalls(count): 0 level0_slowdown, 0 level0_slowdown_with_compaction, 0 level0_numfiles, 0 level0_numfiles_with_compaction, 0 stop for pending_compaction_bytes, 0 slowdown for pending_compaction_bytes, 0 memtable_compaction, 0 memtable_slowdown, interval 0 total count

** File Read Latency Histogram By Level [usertable] **

** Compaction Stats [default] **
Level    Files   Size     Score Read(GB)  Rn(GB) Rnp1(GB) Write(GB) Wnew(GB) Moved(GB) W-Amp Rd(MB/s) Wr(MB/s) Comp(sec) Comp(cnt) Avg(sec) KeyIn KeyDrop
----------------------------------------------------------------------------------------------------------------------------------------------------------
 Sum      0/0    0.00 KB   0.0      0.0     0.0      0.0       0.0      0.0       0.0   0.0      0.0      0.0         0         0    0.000       0      0
 Int      0/0    0.00 KB   0.0      0.0     0.0      0.0       0.0      0.0       0.0   0.0      0.0      0.0         0         0    0.000       0      0
Uptime(secs): 2.8 total, 0.0 interval
Flush(GB): cumulative 0.000, interval 0.000
AddFile(GB): cumulative 0.000, interval 0.000
AddFile(Total Files): cumulative 0, interval 0
AddFile(L0 Files): cumulative 0, interval 0
AddFile(Keys): cumulative 0, interval 0
Cumulative compaction: 0.00 GB write, 0.00 MB/s write, 0.00 GB read, 0.00 MB/s read, 0.0 seconds
Interval compaction: 0.00 GB write, 0.00 MB/s write, 0.00 GB read, 0.00 MB/s read, 0.0 seconds
Stalls(count): 0 level0_slowdown, 0 level0_slowdown_with_compaction, 0 level0_numfiles, 0 level0_numfiles_with_compaction, 0 stop for pending_compaction_bytes, 0 slowdown for pending_compaction_bytes, 0 memtable_compaction, 0 memtable_slowdown, interval 0 total count

** File Read Latency Histogram By Level [default] **

** Compaction Stats [usertable] **
Level    Files   Size     Score Read(GB)  Rn(GB) Rnp1(GB) Write(GB) Wnew(GB) Moved(GB) W-Amp Rd(MB/s) Wr(MB/s) Comp(sec) Comp(cnt) Avg(sec) KeyIn KeyDrop
----------------------------------------------------------------------------------------------------------------------------------------------------------
  L0      3/0   373.27 MB   1.5      0.0     0.0      0.0       0.1      0.1       0.0   1.0      0.0     92.9         1         2    0.675       0      0
  L1      2/0   495.51 MB   1.0      0.0     0.0      0.0       0.0      0.0       0.0   0.0      0.0      0.0         0         0    0.000       0      0
  L2     93/0    4.97 GB   1.0      0.0     0.0      0.0       0.0      0.0       0.0   0.0      0.0      0.0         0         0    0.000       0      0
  L3    559/0   34.36 GB   0.7      0.0     0.0      0.0       0.0      0.0       0.0   0.0      0.0      0.0         0         0    0.000       0      0
 Sum    657/0   40.18 GB   0.0      0.0     0.0      0.0       0.1      0.1       0.0   1.0      0.0     92.9         1         2    0.675       0      0
 Int      0/0    0.00 KB   0.0      0.0     0.0      0.0       0.0      0.0       0.0   0.0      0.0      0.0         0         0    0.000       0      0
Uptime(secs): 2.8 total, 0.0 interval
Flush(GB): cumulative 0.123, interval 0.000
AddFile(GB): cumulative 0.000, interval 0.000
AddFile(Total Files): cumulative 0, interval 0
AddFile(L0 Files): cumulative 0, interval 0
AddFile(Keys): cumulative 0, interval 0
Cumulative compaction: 0.12 GB write, 44.12 MB/s write, 0.00 GB read, 0.00 MB/s read, 1.4 seconds
Interval compaction: 0.00 GB write, 0.00 MB/s write, 0.00 GB read, 0.00 MB/s read, 0.0 seconds
Stalls(count): 0 level0_slowdown, 0 level0_slowdown_with_compaction, 0 level0_numfiles, 0 level0_numfiles_with_compaction, 0 stop for pending_compaction_bytes, 0 slowdown for pending_compaction_bytes, 0 memtable_compaction, 0 memtable_slowdown, interval 0 total count

** File Read Latency Histogram By Level [usertable] **
2019/04/18-16:42:28.126927 7fd7067fc700 (Original Log Time 2019/04/18-16:42:28.091447) [db/db_impl_compaction_flush.cc:1835] [usertable] Moving #251 to level-1 259789987 bytes
2019/04/18-16:42:28.126930 7fd7067fc700 (Original Log Time 2019/04/18-16:42:28.126867) EVENT_LOG_v1 {"time_micros": 1555630948126856, "job": 3, "event": "trivial_move", "destination_level": 1, "files": 1, "total_files_size": 259789987}
2019/04/18-16:42:28.126932 7fd7067fc700 (Original Log Time 2019/04/18-16:42:28.126875) [db/db_impl_compaction_flush.cc:1864] [usertable] Moved #1 files to level-1 259789987 bytes OK: base level 1 max bytes base 536870912 files[2 3 93 559 0 0 0] max score 1.45
2019/04/18-16:42:28.127026 7fd7067fc700 [db/compaction_job.cc:1531] [usertable] [JOB 4] Compacting 1@1 files to L2, score 1.45
2019/04/18-16:42:28.127033 7fd7067fc700 [db/compaction_job.cc:1535] [usertable] Compaction start summary: Base version 6 Base level 1, inputs: [251(247MB)]
2019/04/18-16:42:28.127060 7fd7067fc700 EVENT_LOG_v1 {"time_micros": 1555630948127039, "job": 4, "event": "compaction_started", "compaction_reason": "LevelMaxLevelSize", "files_L1": [251], "score": 1.45169, "input_data_size": 259789987}
2019/04/18-16:42:29.125742 7fd7067fc700 [db/compaction_job.cc:1211] [usertable] [JOB 4] Generated table #1166: 16279 keys, 67233388 bytes
2019/04/18-16:42:29.125790 7fd7067fc700 EVENT_LOG_v1 {"time_micros": 1555630949125770, "cf_name": "usertable", "job": 4, "event": "table_file_creation", "file_number": 1166, "file_size": 67233388, "table_properties": {"data_size": 67118331, "index_size": 299108, "filter_size": 0, "raw_key_size": 390696, "raw_average_key_size": 24, "raw_value_size": 66678784, "raw_average_value_size": 4096, "num_data_blocks": 8140, "num_entries": 16279, "filter_policy_name": "", "kDeletedKeys": "0", "kMergeOperands": "0"}}
2019/04/18-16:42:30.352481 7fd7067fc700 [db/compaction_job.cc:1211] [usertable] [JOB 4] Generated table #1167: 16279 keys, 67233549 bytes
2019/04/18-16:42:30.352525 7fd7067fc700 EVENT_LOG_v1 {"time_micros": 1555630950352504, "cf_name": "usertable", "job": 4, "event": "table_file_creation", "file_number": 1167, "file_size": 67233549, "table_properties": {"data_size": 67120140, "index_size": 300916, "filter_size": 0, "raw_key_size": 390696, "raw_average_key_size": 24, "raw_value_size": 66678784, "raw_average_value_size": 4096, "num_data_blocks": 8140, "num_entries": 16279, "filter_policy_name": "", "kDeletedKeys": "0", "kMergeOperands": "0"}}
2019/04/18-16:42:31.423411 7fd7067fc700 [db/compaction_job.cc:1211] [usertable] [JOB 4] Generated table #1168: 16279 keys, 67233363 bytes
2019/04/18-16:42:31.423449 7fd7067fc700 EVENT_LOG_v1 {"time_micros": 1555630951423430, "cf_name": "usertable", "job": 4, "event": "table_file_creation", "file_number": 1168, "file_size": 67233363, "table_properties": {"data_size": 67118331, "index_size": 299106, "filter_size": 0, "raw_key_size": 390696, "raw_average_key_size": 24, "raw_value_size": 66678784, "raw_average_value_size": 4096, "num_data_blocks": 8140, "num_entries": 16279, "filter_policy_name": "", "kDeletedKeys": "0", "kMergeOperands": "0"}}
2019/04/18-16:42:32.118379 7fd7067fc700 [db/compaction_job.cc:1211] [usertable] [JOB 4] Generated table #1169: 13893 keys, 57379348 bytes
2019/04/18-16:42:32.118430 7fd7067fc700 EVENT_LOG_v1 {"time_micros": 1555630952118408, "cf_name": "usertable", "job": 4, "event": "table_file_creation", "file_number": 1169, "file_size": 57379348, "table_properties": {"data_size": 57282397, "index_size": 256775, "filter_size": 0, "raw_key_size": 333432, "raw_average_key_size": 24, "raw_value_size": 56905728, "raw_average_value_size": 4096, "num_data_blocks": 6947, "num_entries": 13893, "filter_policy_name": "", "kDeletedKeys": "0", "kMergeOperands": "0"}}
2019/04/18-16:42:32.118495 7fd7067fc700 [db/compaction_job.cc:1287] [usertable] [JOB 4] Compacted 1@1 files to L2 => 259079648 bytes
2019/04/18-16:42:32.134401 7fd7067fc700 (Original Log Time 2019/04/18-16:42:32.134287) [db/compaction_job.cc:685] [usertable] compacted to: base level 1 max bytes base 536870912 files[2 2 97 559 0 0 0] max score 1.04, MB/sec: 65.1 rd, 64.9 wr, level 2, files in(1, 0) out(4) MB in(247.8, 0.0) out(247.1), read-write-amplify(2.0) write-amplify(1.0) OK, records in: 62730, records dropped: 0 output_compression: LZ4
2019/04/18-16:42:32.134408 7fd7067fc700 (Original Log Time 2019/04/18-16:42:32.134326) EVENT_LOG_v1 {"time_micros": 1555630952134311, "job": 4, "event": "compaction_finished", "compaction_time_micros": 3991397, "output_level": 2, "num_output_files": 4, "total_output_size": 259079648, "num_input_records": 62730, "num_output_records": 62730, "num_subcompactions": 1, "output_compression": "LZ4", "num_single_delete_mismatches": 0, "num_single_delete_fallthrough": 0, "lsm_state": [2, 2, 97, 559, 0, 0, 0]}
2019/04/18-16:42:32.153522 7fd7067fc700 EVENT_LOG_v1 {"time_micros": 1555630952153511, "job": 4, "event": "table_file_deletion", "file_number": 251}
2019/04/18-16:42:32.170416 7fd7067fc700 (Original Log Time 2019/04/18-16:42:32.153697) [db/db_impl_compaction_flush.cc:1835] [usertable] Moving #1167 to level-3 67233549 bytes
2019/04/18-16:42:32.170420 7fd7067fc700 (Original Log Time 2019/04/18-16:42:32.170353) EVENT_LOG_v1 {"time_micros": 1555630952170343, "job": 5, "event": "trivial_move", "destination_level": 3, "files": 1, "total_files_size": 67233549}
2019/04/18-16:42:32.170422 7fd7067fc700 (Original Log Time 2019/04/18-16:42:32.170364) [db/db_impl_compaction_flush.cc:1864] [usertable] Moved #1 files to level-3 67233549 bytes OK: base level 1 max bytes base 536870912 files[2 2 96 560 0 0 0] max score 1.03
2019/04/18-16:42:32.186714 7fd7067fc700 (Original Log Time 2019/04/18-16:42:32.170587) [db/db_impl_compaction_flush.cc:1835] [usertable] Moving #1166 to level-3 67233388 bytes
2019/04/18-16:42:32.186718 7fd7067fc700 (Original Log Time 2019/04/18-16:42:32.186667) EVENT_LOG_v1 {"time_micros": 1555630952186658, "job": 6, "event": "trivial_move", "destination_level": 3, "files": 1, "total_files_size": 67233388}
2019/04/18-16:42:32.186719 7fd7067fc700 (Original Log Time 2019/04/18-16:42:32.186677) [db/db_impl_compaction_flush.cc:1864] [usertable] Moved #1 files to level-3 67233388 bytes OK: base level 1 max bytes base 536870912 files[2 2 95 561 0 0 0] max score 1.02
2019/04/18-16:42:32.203005 7fd7067fc700 (Original Log Time 2019/04/18-16:42:32.186828) [db/db_impl_compaction_flush.cc:1835] [usertable] Moving #1168 to level-3 67233363 bytes
2019/04/18-16:42:32.203009 7fd7067fc700 (Original Log Time 2019/04/18-16:42:32.202957) EVENT_LOG_v1 {"time_micros": 1555630952202948, "job": 7, "event": "trivial_move", "destination_level": 3, "files": 1, "total_files_size": 67233363}
2019/04/18-16:42:32.203011 7fd7067fc700 (Original Log Time 2019/04/18-16:42:32.202967) [db/db_impl_compaction_flush.cc:1864] [usertable] Moved #1 files to level-3 67233363 bytes OK: base level 1 max bytes base 536870912 files[2 2 94 562 0 0 0] max score 1.00
2019/04/18-16:42:32.219335 7fd7067fc700 (Original Log Time 2019/04/18-16:42:32.203149) [db/db_impl_compaction_flush.cc:1835] [usertable] Moving #1169 to level-3 57379348 bytes
2019/04/18-16:42:32.219340 7fd7067fc700 (Original Log Time 2019/04/18-16:42:32.219283) EVENT_LOG_v1 {"time_micros": 1555630952219274, "job": 8, "event": "trivial_move", "destination_level": 3, "files": 1, "total_files_size": 57379348}
