2019/03/23-01:55:21.644625 7fa8ebcfc700 RocksDB version: 5.14.3
2019/03/23-01:55:21.644671 7fa8ebcfc700 Git sha rocksdb_build_git_sha:
2019/03/23-01:55:21.644674 7fa8ebcfc700 Compile date Oct  9 2018
2019/03/23-01:55:21.644677 7fa8ebcfc700 DB SUMMARY
2019/03/23-01:55:21.645240 7fa8ebcfc700 CURRENT file:  CURRENT
2019/03/23-01:55:21.645242 7fa8ebcfc700 IDENTITY file:  IDENTITY
2019/03/23-01:55:21.645253 7fa8ebcfc700 MANIFEST file:  MANIFEST-000004 size: 133048 Bytes
2019/03/23-01:55:21.645257 7fa8ebcfc700 SST files in /mnt/sdh/ycsb-rocksdb-data dir, Total Num: 728, files: 000021.sst 000022.sst 000029.sst 000030.sst 000031.sst 000032.sst 000038.sst 000042.sst 000043.sst 
2019/03/23-01:55:21.645261 7fa8ebcfc700 Write Ahead Log file in /mnt/sdh/ycsb-rocksdb-data: 001379.log size: 99107184 ; 
2019/03/23-01:55:21.645287 7fa8ebcfc700                         Options.error_if_exists: 0
2019/03/23-01:55:21.645288 7fa8ebcfc700                       Options.create_if_missing: 1
2019/03/23-01:55:21.645289 7fa8ebcfc700                         Options.paranoid_checks: 1
2019/03/23-01:55:21.645290 7fa8ebcfc700                                     Options.env: 0x7fa8eb377080
2019/03/23-01:55:21.645291 7fa8ebcfc700                                Options.info_log: 0x7fa8303c20f0
2019/03/23-01:55:21.645292 7fa8ebcfc700                Options.max_file_opening_threads: 16
2019/03/23-01:55:21.645293 7fa8ebcfc700                              Options.statistics: (nil)
2019/03/23-01:55:21.645294 7fa8ebcfc700                               Options.use_fsync: 0
2019/03/23-01:55:21.645295 7fa8ebcfc700                       Options.max_log_file_size: 0
2019/03/23-01:55:21.645296 7fa8ebcfc700                  Options.max_manifest_file_size: 18446744073709551615
2019/03/23-01:55:21.645297 7fa8ebcfc700                   Options.log_file_time_to_roll: 0
2019/03/23-01:55:21.645297 7fa8ebcfc700                       Options.keep_log_file_num: 1000
2019/03/23-01:55:21.645298 7fa8ebcfc700                    Options.recycle_log_file_num: 0
2019/03/23-01:55:21.645299 7fa8ebcfc700                         Options.allow_fallocate: 1
2019/03/23-01:55:21.645300 7fa8ebcfc700                        Options.allow_mmap_reads: 0
2019/03/23-01:55:21.645301 7fa8ebcfc700                       Options.allow_mmap_writes: 0
2019/03/23-01:55:21.645302 7fa8ebcfc700                        Options.use_direct_reads: 0
2019/03/23-01:55:21.645302 7fa8ebcfc700                        Options.use_direct_io_for_flush_and_compaction: 0
2019/03/23-01:55:21.645303 7fa8ebcfc700          Options.create_missing_column_families: 1
2019/03/23-01:55:21.645304 7fa8ebcfc700                              Options.db_log_dir: 
2019/03/23-01:55:21.645305 7fa8ebcfc700                                 Options.wal_dir: /mnt/sdh/ycsb-rocksdb-data
2019/03/23-01:55:21.645306 7fa8ebcfc700                Options.table_cache_numshardbits: 6
2019/03/23-01:55:21.645307 7fa8ebcfc700                      Options.max_subcompactions: 4
2019/03/23-01:55:21.645308 7fa8ebcfc700                  Options.max_background_flushes: 24
2019/03/23-01:55:21.645309 7fa8ebcfc700                         Options.WAL_ttl_seconds: 0
2019/03/23-01:55:21.645310 7fa8ebcfc700                       Options.WAL_size_limit_MB: 0
2019/03/23-01:55:21.645311 7fa8ebcfc700             Options.manifest_preallocation_size: 4194304
2019/03/23-01:55:21.645311 7fa8ebcfc700                     Options.is_fd_close_on_exec: 1
2019/03/23-01:55:21.645312 7fa8ebcfc700                   Options.advise_random_on_open: 1
2019/03/23-01:55:21.645313 7fa8ebcfc700                    Options.db_write_buffer_size: 0
2019/03/23-01:55:21.645314 7fa8ebcfc700                    Options.write_buffer_manager: 0x7fa8303c2380
2019/03/23-01:55:21.645315 7fa8ebcfc700         Options.access_hint_on_compaction_start: 1
2019/03/23-01:55:21.645316 7fa8ebcfc700  Options.new_table_reader_for_compaction_inputs: 0
2019/03/23-01:55:21.645317 7fa8ebcfc700           Options.random_access_max_buffer_size: 1048576
2019/03/23-01:55:21.645317 7fa8ebcfc700                      Options.use_adaptive_mutex: 0
2019/03/23-01:55:21.645318 7fa8ebcfc700                            Options.rate_limiter: (nil)
2019/03/23-01:55:21.645331 7fa8ebcfc700     Options.sst_file_manager.rate_bytes_per_sec: 0
2019/03/23-01:55:21.645333 7fa8ebcfc700                       Options.wal_recovery_mode: 2
2019/03/23-01:55:21.645334 7fa8ebcfc700                  Options.enable_thread_tracking: 0
2019/03/23-01:55:21.645335 7fa8ebcfc700                  Options.enable_pipelined_write: 1
2019/03/23-01:55:21.645335 7fa8ebcfc700         Options.allow_concurrent_memtable_write: 1
2019/03/23-01:55:21.645336 7fa8ebcfc700      Options.enable_write_thread_adaptive_yield: 1
2019/03/23-01:55:21.645337 7fa8ebcfc700             Options.write_thread_max_yield_usec: 100
2019/03/23-01:55:21.645338 7fa8ebcfc700            Options.write_thread_slow_yield_usec: 3
2019/03/23-01:55:21.645339 7fa8ebcfc700                               Options.row_cache: None
2019/03/23-01:55:21.645340 7fa8ebcfc700                              Options.wal_filter: None
2019/03/23-01:55:21.645341 7fa8ebcfc700             Options.avoid_flush_during_recovery: 0
2019/03/23-01:55:21.645341 7fa8ebcfc700             Options.allow_ingest_behind: 0
2019/03/23-01:55:21.645342 7fa8ebcfc700             Options.preserve_deletes: 0
2019/03/23-01:55:21.645343 7fa8ebcfc700             Options.two_write_queues: 0
2019/03/23-01:55:21.645344 7fa8ebcfc700             Options.manual_wal_flush: 0
2019/03/23-01:55:21.645346 7fa8ebcfc700             Options.max_background_jobs: 24
2019/03/23-01:55:21.645347 7fa8ebcfc700             Options.max_background_compactions: 24
2019/03/23-01:55:21.645348 7fa8ebcfc700             Options.avoid_flush_during_shutdown: 0
2019/03/23-01:55:21.645349 7fa8ebcfc700           Options.writable_file_max_buffer_size: 1048576
2019/03/23-01:55:21.645349 7fa8ebcfc700             Options.delayed_write_rate : 16777216
2019/03/23-01:55:21.645350 7fa8ebcfc700             Options.max_total_wal_size: 0
2019/03/23-01:55:21.645351 7fa8ebcfc700             Options.delete_obsolete_files_period_micros: 21600000000
2019/03/23-01:55:21.645352 7fa8ebcfc700                   Options.stats_dump_period_sec: 60
2019/03/23-01:55:21.645353 7fa8ebcfc700                          Options.max_open_files: -1
2019/03/23-01:55:21.645354 7fa8ebcfc700                          Options.bytes_per_sync: 1048576
2019/03/23-01:55:21.645355 7fa8ebcfc700                      Options.wal_bytes_per_sync: 0
2019/03/23-01:55:21.645356 7fa8ebcfc700       Options.compaction_readahead_size: 0
2019/03/23-01:55:21.645356 7fa8ebcfc700 Compression algorithms supported:
2019/03/23-01:55:21.645358 7fa8ebcfc700 	kZSTDNotFinalCompression supported: 1
2019/03/23-01:55:21.645365 7fa8ebcfc700 	kZSTD supported: 1
2019/03/23-01:55:21.645366 7fa8ebcfc700 	kXpressCompression supported: 0
2019/03/23-01:55:21.645367 7fa8ebcfc700 	kLZ4HCCompression supported: 1
2019/03/23-01:55:21.645368 7fa8ebcfc700 	kLZ4Compression supported: 1
2019/03/23-01:55:21.645369 7fa8ebcfc700 	kBZip2Compression supported: 1
2019/03/23-01:55:21.645370 7fa8ebcfc700 	kZlibCompression supported: 1
2019/03/23-01:55:21.645371 7fa8ebcfc700 	kSnappyCompression supported: 1
2019/03/23-01:55:21.645375 7fa8ebcfc700 Fast CRC32 supported: Not supported on x86
2019/03/23-01:55:21.646008 7fa8ebcfc700 [db/version_set.cc:3085] Recovering from manifest file: MANIFEST-000004
2019/03/23-01:55:21.646141 7fa8ebcfc700 [db/column_family.cc:475] --------------- Options for column family [default]:
2019/03/23-01:55:21.646145 7fa8ebcfc700               Options.comparator: leveldb.BytewiseComparator
2019/03/23-01:55:21.646146 7fa8ebcfc700           Options.merge_operator: None
2019/03/23-01:55:21.646147 7fa8ebcfc700        Options.compaction_filter: None
2019/03/23-01:55:21.646148 7fa8ebcfc700        Options.compaction_filter_factory: None
2019/03/23-01:55:21.646149 7fa8ebcfc700         Options.memtable_factory: SkipListFactory
2019/03/23-01:55:21.646150 7fa8ebcfc700            Options.table_factory: BlockBasedTable
2019/03/23-01:55:21.646173 7fa8ebcfc700            table_factory options:   flush_block_policy_factory: FlushBlockBySizePolicyFactory (0x7fa8303bc690)
  cache_index_and_filter_blocks: 0
  cache_index_and_filter_blocks_with_high_priority: 0
  pin_l0_filter_and_index_blocks_in_cache: 0
  index_type: 0
  hash_index_allow_collision: 1
  checksum: 1
  no_block_cache: 0
  block_cache: 0x7fa8303ae570
  block_cache_name: LRUCache
  block_cache_options:
    capacity : 8388608
    num_shard_bits : 4
    strict_capacity_limit : 0
    high_pri_pool_ratio: 0.000
  block_cache_compressed: (nil)
  persistent_cache: (nil)
  block_size: 8192
  block_size_deviation: 10
  block_restart_interval: 16
  index_block_restart_interval: 1
  metadata_block_size: 4096
  partition_filters: 0
  use_delta_encoding: 1
  filter_policy: nullptr
  whole_key_filtering: 1
  verify_compression: 0
  read_amp_bytes_per_bit: 0
  format_version: 2
  enable_index_compression: 1
  block_align: 0
2019/03/23-01:55:21.646186 7fa8ebcfc700        Options.write_buffer_size: 134217728
2019/03/23-01:55:21.646187 7fa8ebcfc700  Options.max_write_buffer_number: 24
2019/03/23-01:55:21.646189 7fa8ebcfc700        Options.compression[0]: NoCompression
2019/03/23-01:55:21.646190 7fa8ebcfc700        Options.compression[1]: NoCompression
2019/03/23-01:55:21.646191 7fa8ebcfc700        Options.compression[2]: LZ4
2019/03/23-01:55:21.646192 7fa8ebcfc700        Options.compression[3]: LZ4
2019/03/23-01:55:21.646193 7fa8ebcfc700        Options.compression[4]: LZ4
2019/03/23-01:55:21.646194 7fa8ebcfc700        Options.compression[5]: LZ4
2019/03/23-01:55:21.646195 7fa8ebcfc700        Options.compression[6]: LZ4
2019/03/23-01:55:21.646196 7fa8ebcfc700                  Options.bottommost_compression: Disabled
2019/03/23-01:55:21.646197 7fa8ebcfc700       Options.prefix_extractor: nullptr
2019/03/23-01:55:21.646198 7fa8ebcfc700   Options.memtable_insert_with_hint_prefix_extractor: nullptr
2019/03/23-01:55:21.646199 7fa8ebcfc700             Options.num_levels: 7
2019/03/23-01:55:21.646200 7fa8ebcfc700        Options.min_write_buffer_number_to_merge: 2
2019/03/23-01:55:21.646200 7fa8ebcfc700     Options.max_write_buffer_number_to_maintain: 0
2019/03/23-01:55:21.646201 7fa8ebcfc700            Options.compression_opts.window_bits: -14
2019/03/23-01:55:21.646202 7fa8ebcfc700                  Options.compression_opts.level: -1
2019/03/23-01:55:21.646203 7fa8ebcfc700               Options.compression_opts.strategy: 0
2019/03/23-01:55:21.646204 7fa8ebcfc700         Options.compression_opts.max_dict_bytes: 0
2019/03/23-01:55:21.646205 7fa8ebcfc700         Options.compression_opts.zstd_max_train_bytes: 0
2019/03/23-01:55:21.646206 7fa8ebcfc700      Options.level0_file_num_compaction_trigger: 2
2019/03/23-01:55:21.646207 7fa8ebcfc700          Options.level0_slowdown_writes_trigger: 20
2019/03/23-01:55:21.646207 7fa8ebcfc700              Options.level0_stop_writes_trigger: 36
2019/03/23-01:55:21.646208 7fa8ebcfc700                   Options.target_file_size_base: 67108864
2019/03/23-01:55:21.646209 7fa8ebcfc700             Options.target_file_size_multiplier: 1
2019/03/23-01:55:21.646210 7fa8ebcfc700                Options.max_bytes_for_level_base: 536870912
2019/03/23-01:55:21.646211 7fa8ebcfc700 Options.level_compaction_dynamic_level_bytes: 0
2019/03/23-01:55:21.646212 7fa8ebcfc700          Options.max_bytes_for_level_multiplier: 10.000000
2019/03/23-01:55:21.646214 7fa8ebcfc700 Options.max_bytes_for_level_multiplier_addtl[0]: 1
2019/03/23-01:55:21.646216 7fa8ebcfc700 Options.max_bytes_for_level_multiplier_addtl[1]: 1
2019/03/23-01:55:21.646217 7fa8ebcfc700 Options.max_bytes_for_level_multiplier_addtl[2]: 1
2019/03/23-01:55:21.646217 7fa8ebcfc700 Options.max_bytes_for_level_multiplier_addtl[3]: 1
2019/03/23-01:55:21.646218 7fa8ebcfc700 Options.max_bytes_for_level_multiplier_addtl[4]: 1
2019/03/23-01:55:21.646219 7fa8ebcfc700 Options.max_bytes_for_level_multiplier_addtl[5]: 1
2019/03/23-01:55:21.646220 7fa8ebcfc700 Options.max_bytes_for_level_multiplier_addtl[6]: 1
2019/03/23-01:55:21.646221 7fa8ebcfc700       Options.max_sequential_skip_in_iterations: 8
2019/03/23-01:55:21.646222 7fa8ebcfc700                    Options.max_compaction_bytes: 1677721600
2019/03/23-01:55:21.646229 7fa8ebcfc700                        Options.arena_block_size: 16777216
2019/03/23-01:55:21.646230 7fa8ebcfc700   Options.soft_pending_compaction_bytes_limit: 68719476736
2019/03/23-01:55:21.646231 7fa8ebcfc700   Options.hard_pending_compaction_bytes_limit: 274877906944
2019/03/23-01:55:21.646232 7fa8ebcfc700       Options.rate_limit_delay_max_milliseconds: 100
2019/03/23-01:55:21.646233 7fa8ebcfc700                Options.disable_auto_compactions: 0
2019/03/23-01:55:21.646235 7fa8ebcfc700                        Options.compaction_style: kCompactionStyleLevel
2019/03/23-01:55:21.646236 7fa8ebcfc700                          Options.compaction_pri: kByCompensatedSize
2019/03/23-01:55:21.646237 7fa8ebcfc700 Options.compaction_options_universal.size_ratio: 1
2019/03/23-01:55:21.646238 7fa8ebcfc700 Options.compaction_options_universal.min_merge_width: 2
2019/03/23-01:55:21.646239 7fa8ebcfc700 Options.compaction_options_universal.max_merge_width: 4294967295
2019/03/23-01:55:21.646240 7fa8ebcfc700 Options.compaction_options_universal.max_size_amplification_percent: 200
2019/03/23-01:55:21.646240 7fa8ebcfc700 Options.compaction_options_universal.compression_size_percent: -1
2019/03/23-01:55:21.646241 7fa8ebcfc700 Options.compaction_options_universal.stop_style: kCompactionStopStyleTotalSize
2019/03/23-01:55:21.646242 7fa8ebcfc700 Options.compaction_options_fifo.max_table_files_size: 1073741824
2019/03/23-01:55:21.646243 7fa8ebcfc700 Options.compaction_options_fifo.allow_compaction: 0
2019/03/23-01:55:21.646244 7fa8ebcfc700 Options.compaction_options_fifo.ttl: 0
2019/03/23-01:55:21.646245 7fa8ebcfc700                   Options.table_properties_collectors: 
2019/03/23-01:55:21.646246 7fa8ebcfc700                   Options.inplace_update_support: 0
2019/03/23-01:55:21.646247 7fa8ebcfc700                 Options.inplace_update_num_locks: 10000
2019/03/23-01:55:21.646248 7fa8ebcfc700               Options.memtable_prefix_bloom_size_ratio: 0.000000
2019/03/23-01:55:21.646249 7fa8ebcfc700   Options.memtable_huge_page_size: 0
2019/03/23-01:55:21.646250 7fa8ebcfc700                           Options.bloom_locality: 0
2019/03/23-01:55:21.646251 7fa8ebcfc700                    Options.max_successive_merges: 0
2019/03/23-01:55:21.646252 7fa8ebcfc700                Options.optimize_filters_for_hits: 0
2019/03/23-01:55:21.646253 7fa8ebcfc700                Options.paranoid_file_checks: 0
2019/03/23-01:55:21.646254 7fa8ebcfc700                Options.force_consistency_checks: 0
2019/03/23-01:55:21.646254 7fa8ebcfc700                Options.report_bg_io_stats: 0
2019/03/23-01:55:21.646255 7fa8ebcfc700                               Options.ttl: 0
2019/03/23-01:55:21.646816 7fa8ebcfc700 [db/column_family.cc:475] --------------- Options for column family [usertable]:
2019/03/23-01:55:21.646820 7fa8ebcfc700               Options.comparator: leveldb.BytewiseComparator
2019/03/23-01:55:21.646821 7fa8ebcfc700           Options.merge_operator: None
2019/03/23-01:55:21.646822 7fa8ebcfc700        Options.compaction_filter: None
2019/03/23-01:55:21.646823 7fa8ebcfc700        Options.compaction_filter_factory: None
2019/03/23-01:55:21.646824 7fa8ebcfc700         Options.memtable_factory: SkipListFactory
2019/03/23-01:55:21.646825 7fa8ebcfc700            Options.table_factory: BlockBasedTable
2019/03/23-01:55:21.646848 7fa8ebcfc700            table_factory options:   flush_block_policy_factory: FlushBlockBySizePolicyFactory (0x7fa8303b8f40)
  cache_index_and_filter_blocks: 0
  cache_index_and_filter_blocks_with_high_priority: 0
  pin_l0_filter_and_index_blocks_in_cache: 0
  index_type: 0
  hash_index_allow_collision: 1
  checksum: 1
  no_block_cache: 0
  block_cache: 0x7fa8303befa0
  block_cache_name: LRUCache
  block_cache_options:
    capacity : 8388608
    num_shard_bits : 4
    strict_capacity_limit : 0
    high_pri_pool_ratio: 0.000
  block_cache_compressed: (nil)
  persistent_cache: (nil)
  block_size: 8192
  block_size_deviation: 10
  block_restart_interval: 16
  index_block_restart_interval: 1
  metadata_block_size: 4096
  partition_filters: 0
  use_delta_encoding: 1
  filter_policy: nullptr
  whole_key_filtering: 1
  verify_compression: 0
  read_amp_bytes_per_bit: 0
  format_version: 2
  enable_index_compression: 1
  block_align: 0
2019/03/23-01:55:21.646861 7fa8ebcfc700        Options.write_buffer_size: 134217728
2019/03/23-01:55:21.646863 7fa8ebcfc700  Options.max_write_buffer_number: 24
2019/03/23-01:55:21.646864 7fa8ebcfc700        Options.compression[0]: NoCompression
2019/03/23-01:55:21.646865 7fa8ebcfc700        Options.compression[1]: NoCompression
2019/03/23-01:55:21.646867 7fa8ebcfc700        Options.compression[2]: LZ4
2019/03/23-01:55:21.646868 7fa8ebcfc700        Options.compression[3]: LZ4
2019/03/23-01:55:21.646868 7fa8ebcfc700        Options.compression[4]: LZ4
2019/03/23-01:55:21.646869 7fa8ebcfc700        Options.compression[5]: LZ4
2019/03/23-01:55:21.646870 7fa8ebcfc700        Options.compression[6]: LZ4
2019/03/23-01:55:21.646871 7fa8ebcfc700                  Options.bottommost_compression: Disabled
2019/03/23-01:55:21.646872 7fa8ebcfc700       Options.prefix_extractor: nullptr
2019/03/23-01:55:21.646873 7fa8ebcfc700   Options.memtable_insert_with_hint_prefix_extractor: nullptr
2019/03/23-01:55:21.646874 7fa8ebcfc700             Options.num_levels: 7
2019/03/23-01:55:21.646875 7fa8ebcfc700        Options.min_write_buffer_number_to_merge: 2
2019/03/23-01:55:21.646876 7fa8ebcfc700     Options.max_write_buffer_number_to_maintain: 0
2019/03/23-01:55:21.646877 7fa8ebcfc700            Options.compression_opts.window_bits: -14
2019/03/23-01:55:21.646878 7fa8ebcfc700                  Options.compression_opts.level: -1
2019/03/23-01:55:21.646878 7fa8ebcfc700               Options.compression_opts.strategy: 0
2019/03/23-01:55:21.646879 7fa8ebcfc700         Options.compression_opts.max_dict_bytes: 0
2019/03/23-01:55:21.646880 7fa8ebcfc700         Options.compression_opts.zstd_max_train_bytes: 0
2019/03/23-01:55:21.646881 7fa8ebcfc700      Options.level0_file_num_compaction_trigger: 2
2019/03/23-01:55:21.646882 7fa8ebcfc700          Options.level0_slowdown_writes_trigger: 20
2019/03/23-01:55:21.646883 7fa8ebcfc700              Options.level0_stop_writes_trigger: 36
2019/03/23-01:55:21.646883 7fa8ebcfc700                   Options.target_file_size_base: 67108864
2019/03/23-01:55:21.646884 7fa8ebcfc700             Options.target_file_size_multiplier: 1
2019/03/23-01:55:21.646885 7fa8ebcfc700                Options.max_bytes_for_level_base: 536870912
2019/03/23-01:55:21.646886 7fa8ebcfc700 Options.level_compaction_dynamic_level_bytes: 0
2019/03/23-01:55:21.646887 7fa8ebcfc700          Options.max_bytes_for_level_multiplier: 10.000000
2019/03/23-01:55:21.646889 7fa8ebcfc700 Options.max_bytes_for_level_multiplier_addtl[0]: 1
2019/03/23-01:55:21.646890 7fa8ebcfc700 Options.max_bytes_for_level_multiplier_addtl[1]: 1
2019/03/23-01:55:21.646891 7fa8ebcfc700 Options.max_bytes_for_level_multiplier_addtl[2]: 1
2019/03/23-01:55:21.646892 7fa8ebcfc700 Options.max_bytes_for_level_multiplier_addtl[3]: 1
2019/03/23-01:55:21.646893 7fa8ebcfc700 Options.max_bytes_for_level_multiplier_addtl[4]: 1
2019/03/23-01:55:21.646893 7fa8ebcfc700 Options.max_bytes_for_level_multiplier_addtl[5]: 1
2019/03/23-01:55:21.646894 7fa8ebcfc700 Options.max_bytes_for_level_multiplier_addtl[6]: 1
2019/03/23-01:55:21.646895 7fa8ebcfc700       Options.max_sequential_skip_in_iterations: 8
2019/03/23-01:55:21.646896 7fa8ebcfc700                    Options.max_compaction_bytes: 1677721600
2019/03/23-01:55:21.646897 7fa8ebcfc700                        Options.arena_block_size: 16777216
2019/03/23-01:55:21.646898 7fa8ebcfc700   Options.soft_pending_compaction_bytes_limit: 68719476736
2019/03/23-01:55:21.646899 7fa8ebcfc700   Options.hard_pending_compaction_bytes_limit: 274877906944
2019/03/23-01:55:21.646900 7fa8ebcfc700       Options.rate_limit_delay_max_milliseconds: 100
2019/03/23-01:55:21.646901 7fa8ebcfc700                Options.disable_auto_compactions: 0
2019/03/23-01:55:21.646902 7fa8ebcfc700                        Options.compaction_style: kCompactionStyleLevel
2019/03/23-01:55:21.646909 7fa8ebcfc700                          Options.compaction_pri: kByCompensatedSize
2019/03/23-01:55:21.646910 7fa8ebcfc700 Options.compaction_options_universal.size_ratio: 1
2019/03/23-01:55:21.646911 7fa8ebcfc700 Options.compaction_options_universal.min_merge_width: 2
2019/03/23-01:55:21.646912 7fa8ebcfc700 Options.compaction_options_universal.max_merge_width: 4294967295
2019/03/23-01:55:21.646913 7fa8ebcfc700 Options.compaction_options_universal.max_size_amplification_percent: 200
2019/03/23-01:55:21.646914 7fa8ebcfc700 Options.compaction_options_universal.compression_size_percent: -1
2019/03/23-01:55:21.646915 7fa8ebcfc700 Options.compaction_options_universal.stop_style: kCompactionStopStyleTotalSize
2019/03/23-01:55:21.646916 7fa8ebcfc700 Options.compaction_options_fifo.max_table_files_size: 1073741824
2019/03/23-01:55:21.646916 7fa8ebcfc700 Options.compaction_options_fifo.allow_compaction: 0
2019/03/23-01:55:21.646917 7fa8ebcfc700 Options.compaction_options_fifo.ttl: 0
2019/03/23-01:55:21.646918 7fa8ebcfc700                   Options.table_properties_collectors: 
2019/03/23-01:55:21.646919 7fa8ebcfc700                   Options.inplace_update_support: 0
2019/03/23-01:55:21.646920 7fa8ebcfc700                 Options.inplace_update_num_locks: 10000
2019/03/23-01:55:21.646921 7fa8ebcfc700               Options.memtable_prefix_bloom_size_ratio: 0.000000
2019/03/23-01:55:21.646922 7fa8ebcfc700   Options.memtable_huge_page_size: 0
2019/03/23-01:55:21.646923 7fa8ebcfc700                           Options.bloom_locality: 0
2019/03/23-01:55:21.646924 7fa8ebcfc700                    Options.max_successive_merges: 0
2019/03/23-01:55:21.646925 7fa8ebcfc700                Options.optimize_filters_for_hits: 0
2019/03/23-01:55:21.646926 7fa8ebcfc700                Options.paranoid_file_checks: 0
2019/03/23-01:55:21.646927 7fa8ebcfc700                Options.force_consistency_checks: 0
2019/03/23-01:55:21.646927 7fa8ebcfc700                Options.report_bg_io_stats: 0
2019/03/23-01:55:21.646928 7fa8ebcfc700                               Options.ttl: 0
2019/03/23-01:55:22.338924 7fa8ebcfc700 [db/version_set.cc:3361] Recovered from manifest file:/mnt/sdh/ycsb-rocksdb-data/MANIFEST-000004 succeeded,manifest_file_number is 4, next_file_number is 1386, last_sequence is 10434084, log_number is 0,prev_log_number is 0,max_column_family is 1,min_log_number_to_keep is 0
2019/03/23-01:55:22.338935 7fa8ebcfc700 [db/version_set.cc:3369] Column family [default] (ID 0), log number is 0
2019/03/23-01:55:22.338940 7fa8ebcfc700 [db/version_set.cc:3369] Column family [usertable] (ID 1), log number is 1379
2019/03/23-01:55:22.342262 7fa8ebcfc700 EVENT_LOG_v1 {"time_micros": 1553331322342233, "job": 1, "event": "recovery_started", "log_files": [1379]}
2019/03/23-01:55:22.342279 7fa8ebcfc700 [db/db_impl_open.cc:551] Recovering log #1379 mode 2
2019/03/23-01:55:22.645796 7fa8ebcfc700 [db/version_set.cc:2847] Creating manifest 1386
2019/03/23-01:55:23.114719 7fa8ebcfc700 EVENT_LOG_v1 {"time_micros": 1553331323114688, "cf_name": "usertable", "job": 1, "event": "table_file_creation", "file_number": 1387, "file_size": 99224233, "table_properties": {"data_size": 98782974, "index_size": 440337, "filter_size": 0, "raw_key_size": 575016, "raw_average_key_size": 24, "raw_value_size": 98136064, "raw_average_value_size": 4096, "num_data_blocks": 11980, "num_entries": 23959, "filter_policy_name": "", "kDeletedKeys": "0", "kMergeOperands": "0"}}
2019/03/23-01:55:23.148646 7fa8ebcfc700 EVENT_LOG_v1 {"time_micros": 1553331323148635, "job": 1, "event": "recovery_finished"}
2019/03/23-01:55:23.205388 7fa8ebcfc700 [db/db_impl_open.cc:1219] DB pointer 0x7fa8303bb170
2019/03/23-01:55:23.205704 7fa8d1ffb700 [WARN] [db/db_impl.cc:491] ------- DUMPING STATS -------
2019/03/23-01:55:23.205750 7fa8d1ffb700 [WARN] [db/db_impl.cc:492] 
** DB Stats **
Uptime(secs): 1.6 total, 1.6 interval
Cumulative writes: 0 writes, 0 keys, 0 commit groups, 0.0 writes per commit group, ingest: 0.00 GB, 0.00 MB/s
Cumulative WAL: 0 writes, 0 syncs, 0.00 writes per sync, written: 0.00 GB, 0.00 MB/s
Cumulative stall: 00:00:0.000 H:M:S, 0.0 percent
Interval writes: 0 writes, 0 keys, 0 commit groups, 0.0 writes per commit group, ingest: 0.00 MB, 0.00 MB/s
Interval WAL: 0 writes, 0 syncs, 0.00 writes per sync, written: 0.00 MB, 0.00 MB/s
Interval stall: 00:00:0.000 H:M:S, 0.0 percent

** Compaction Stats [default] **
Level    Files   Size     Score Read(GB)  Rn(GB) Rnp1(GB) Write(GB) Wnew(GB) Moved(GB) W-Amp Rd(MB/s) Wr(MB/s) Comp(sec) Comp(cnt) Avg(sec) KeyIn KeyDrop
----------------------------------------------------------------------------------------------------------------------------------------------------------
 Sum      0/0    0.00 KB   0.0      0.0     0.0      0.0       0.0      0.0       0.0   0.0      0.0      0.0         0         0    0.000       0      0
 Int      0/0    0.00 KB   0.0      0.0     0.0      0.0       0.0      0.0       0.0   0.0      0.0      0.0         0         0    0.000       0      0
Uptime(secs): 1.6 total, 1.6 interval
Flush(GB): cumulative 0.000, interval 0.000
AddFile(GB): cumulative 0.000, interval 0.000
AddFile(Total Files): cumulative 0, interval 0
AddFile(L0 Files): cumulative 0, interval 0
AddFile(Keys): cumulative 0, interval 0
Cumulative compaction: 0.00 GB write, 0.00 MB/s write, 0.00 GB read, 0.00 MB/s read, 0.0 seconds
Interval compaction: 0.00 GB write, 0.00 MB/s write, 0.00 GB read, 0.00 MB/s read, 0.0 seconds
Stalls(count): 0 level0_slowdown, 0 level0_slowdown_with_compaction, 0 level0_numfiles, 0 level0_numfiles_with_compaction, 0 stop for pending_compaction_bytes, 0 slowdown for pending_compaction_bytes, 0 memtable_compaction, 0 memtable_slowdown, interval 0 total count

** File Read Latency Histogram By Level [default] **

** Compaction Stats [usertable] **
Level    Files   Size     Score Read(GB)  Rn(GB) Rnp1(GB) Write(GB) Wnew(GB) Moved(GB) W-Amp Rd(MB/s) Wr(MB/s) Comp(sec) Comp(cnt) Avg(sec) KeyIn KeyDrop
----------------------------------------------------------------------------------------------------------------------------------------------------------
  L0      2/0   279.31 MB   1.0      0.0     0.0      0.0       0.1      0.1       0.0   1.0      0.0    248.9         0         1    0.380       0      0
  L1     10/0   490.51 MB   1.0      0.0     0.0      0.0       0.0      0.0       0.0   0.0      0.0      0.0         0         0    0.000       0      0
  L2    167/0    4.99 GB   1.0      0.0     0.0      0.0       0.0      0.0       0.0   0.0      0.0      0.0         0         0    0.000       0      0
  L3    550/0   34.44 GB   0.7      0.0     0.0      0.0       0.0      0.0       0.0   0.0      0.0      0.0         0         0    0.000       0      0
 Sum    729/0   40.18 GB   0.0      0.0     0.0      0.0       0.1      0.1       0.0   1.0      0.0    248.9         0         1    0.380       0      0
 Int      0/0    0.00 KB   0.0      0.0     0.0      0.0       0.1      0.1       0.0   1.0      0.0    248.9         0         1    0.380       0      0
Uptime(secs): 1.6 total, 1.6 interval
Flush(GB): cumulative 0.092, interval 0.092
AddFile(GB): cumulative 0.000, interval 0.000
AddFile(Total Files): cumulative 0, interval 0
AddFile(L0 Files): cumulative 0, interval 0
AddFile(Keys): cumulative 0, interval 0
Cumulative compaction: 0.09 GB write, 60.71 MB/s write, 0.00 GB read, 0.00 MB/s read, 0.4 seconds
Interval compaction: 0.09 GB write, 60.71 MB/s write, 0.00 GB read, 0.00 MB/s read, 0.4 seconds
Stalls(count): 0 level0_slowdown, 0 level0_slowdown_with_compaction, 0 level0_numfiles, 0 level0_numfiles_with_compaction, 0 stop for pending_compaction_bytes, 0 slowdown for pending_compaction_bytes, 0 memtable_compaction, 0 memtable_slowdown, interval 0 total count

** File Read Latency Histogram By Level [usertable] **

** Compaction Stats [default] **
Level    Files   Size     Score Read(GB)  Rn(GB) Rnp1(GB) Write(GB) Wnew(GB) Moved(GB) W-Amp Rd(MB/s) Wr(MB/s) Comp(sec) Comp(cnt) Avg(sec) KeyIn KeyDrop
----------------------------------------------------------------------------------------------------------------------------------------------------------
 Sum      0/0    0.00 KB   0.0      0.0     0.0      0.0       0.0      0.0       0.0   0.0      0.0      0.0         0         0    0.000       0      0
 Int      0/0    0.00 KB   0.0      0.0     0.0      0.0       0.0      0.0       0.0   0.0      0.0      0.0         0         0    0.000       0      0
Uptime(secs): 1.6 total, 0.0 interval
Flush(GB): cumulative 0.000, interval 0.000
AddFile(GB): cumulative 0.000, interval 0.000
AddFile(Total Files): cumulative 0, interval 0
AddFile(L0 Files): cumulative 0, interval 0
AddFile(Keys): cumulative 0, interval 0
Cumulative compaction: 0.00 GB write, 0.00 MB/s write, 0.00 GB read, 0.00 MB/s read, 0.0 seconds
Interval compaction: 0.00 GB write, 0.00 MB/s write, 0.00 GB read, 0.00 MB/s read, 0.0 seconds
Stalls(count): 0 level0_slowdown, 0 level0_slowdown_with_compaction, 0 level0_numfiles, 0 level0_numfiles_with_compaction, 0 stop for pending_compaction_bytes, 0 slowdown for pending_compaction_bytes, 0 memtable_compaction, 0 memtable_slowdown, interval 0 total count

** File Read Latency Histogram By Level [default] **

** Compaction Stats [usertable] **
Level    Files   Size     Score Read(GB)  Rn(GB) Rnp1(GB) Write(GB) Wnew(GB) Moved(GB) W-Amp Rd(MB/s) Wr(MB/s) Comp(sec) Comp(cnt) Avg(sec) KeyIn KeyDrop
----------------------------------------------------------------------------------------------------------------------------------------------------------
  L0      2/0   279.31 MB   1.0      0.0     0.0      0.0       0.1      0.1       0.0   1.0      0.0    248.9         0         1    0.380       0      0
  L1     10/0   490.51 MB   1.0      0.0     0.0      0.0       0.0      0.0       0.0   0.0      0.0      0.0         0         0    0.000       0      0
  L2    167/0    4.99 GB   1.0      0.0     0.0      0.0       0.0      0.0       0.0   0.0      0.0      0.0         0         0    0.000       0      0
  L3    550/0   34.44 GB   0.7      0.0     0.0      0.0       0.0      0.0       0.0   0.0      0.0      0.0         0         0    0.000       0      0
 Sum    729/0   40.18 GB   0.0      0.0     0.0      0.0       0.1      0.1       0.0   1.0      0.0    248.9         0         1    0.380       0      0
 Int      0/0    0.00 KB   0.0      0.0     0.0      0.0       0.0      0.0       0.0   0.0      0.0      0.0         0         0    0.000       0      0
Uptime(secs): 1.6 total, 0.0 interval
Flush(GB): cumulative 0.092, interval 0.000
AddFile(GB): cumulative 0.000, interval 0.000
AddFile(Total Files): cumulative 0, interval 0
AddFile(L0 Files): cumulative 0, interval 0
AddFile(Keys): cumulative 0, interval 0
Cumulative compaction: 0.09 GB write, 60.70 MB/s write, 0.00 GB read, 0.00 MB/s read, 0.4 seconds
Interval compaction: 0.00 GB write, 0.00 MB/s write, 0.00 GB read, 0.00 MB/s read, 0.0 seconds
Stalls(count): 0 level0_slowdown, 0 level0_slowdown_with_compaction, 0 level0_numfiles, 0 level0_numfiles_with_compaction, 0 stop for pending_compaction_bytes, 0 slowdown for pending_compaction_bytes, 0 memtable_compaction, 0 memtable_slowdown, interval 0 total count

** File Read Latency Histogram By Level [usertable] **
2019/03/23-01:55:23.235476 7fa8d1ffb700 (Original Log Time 2019/03/23-01:55:23.205893) [db/db_impl_compaction_flush.cc:1835] [usertable] Moving #643 to level-1 193658289 bytes
2019/03/23-01:55:23.235480 7fa8d1ffb700 (Original Log Time 2019/03/23-01:55:23.235382) EVENT_LOG_v1 {"time_micros": 1553331323235368, "job": 3, "event": "trivial_move", "destination_level": 1, "files": 1, "total_files_size": 193658289}
2019/03/23-01:55:23.235482 7fa8d1ffb700 (Original Log Time 2019/03/23-01:55:23.235395) [db/db_impl_compaction_flush.cc:1864] [usertable] Moved #1 files to level-1 193658289 bytes OK: base level 1 max bytes base 536870912 files[1 11 167 550 0 0 0] max score 1.32
2019/03/23-01:55:23.235586 7fa8d1ffb700 [db/compaction_job.cc:1531] [usertable] [JOB 4] Compacting 1@1 files to L2, score 1.32
2019/03/23-01:55:23.235593 7fa8d1ffb700 [db/compaction_job.cc:1535] [usertable] Compaction start summary: Base version 6 Base level 1, inputs: [643(184MB)]
2019/03/23-01:55:23.235618 7fa8d1ffb700 EVENT_LOG_v1 {"time_micros": 1553331323235600, "job": 4, "event": "compaction_started", "compaction_reason": "LevelMaxLevelSize", "files_L1": [643], "score": 1.31875, "input_data_size": 193658289}
2019/03/23-01:55:24.435292 7fa8d1ffb700 [db/compaction_job.cc:1211] [usertable] [JOB 4] Generated table #1391: 16279 keys, 67233567 bytes
2019/03/23-01:55:24.435345 7fa8d1ffb700 EVENT_LOG_v1 {"time_micros": 1553331324435317, "cf_name": "usertable", "job": 4, "event": "table_file_creation", "file_number": 1391, "file_size": 67233567, "table_properties": {"data_size": 67120140, "index_size": 300916, "filter_size": 0, "raw_key_size": 390696, "raw_average_key_size": 24, "raw_value_size": 66678784, "raw_average_value_size": 4096, "num_data_blocks": 8140, "num_entries": 16279, "filter_policy_name": "", "kDeletedKeys": "0", "kMergeOperands": "0"}}
2019/03/23-01:55:25.522126 7fa8d1ffb700 [db/compaction_job.cc:1211] [usertable] [JOB 4] Generated table #1392: 16279 keys, 67233318 bytes
2019/03/23-01:55:25.522188 7fa8d1ffb700 EVENT_LOG_v1 {"time_micros": 1553331325522158, "cf_name": "usertable", "job": 4, "event": "table_file_creation", "file_number": 1392, "file_size": 67233318, "table_properties": {"data_size": 67118331, "index_size": 299109, "filter_size": 0, "raw_key_size": 390696, "raw_average_key_size": 24, "raw_value_size": 66678784, "raw_average_value_size": 4096, "num_data_blocks": 8140, "num_entries": 16279, "filter_policy_name": "", "kDeletedKeys": "0", "kMergeOperands": "0"}}
2019/03/23-01:55:26.207400 7fa8d1ffb700 [db/compaction_job.cc:1211] [usertable] [JOB 4] Generated table #1393: 14201 keys, 58651401 bytes
2019/03/23-01:55:26.207460 7fa8d1ffb700 EVENT_LOG_v1 {"time_micros": 1553331326207431, "cf_name": "usertable", "job": 4, "event": "table_file_creation", "file_number": 1393, "file_size": 58651401, "table_properties": {"data_size": 58552316, "index_size": 262473, "filter_size": 0, "raw_key_size": 340824, "raw_average_key_size": 24, "raw_value_size": 58167296, "raw_average_value_size": 4096, "num_data_blocks": 7101, "num_entries": 14201, "filter_policy_name": "", "kDeletedKeys": "0", "kMergeOperands": "0"}}
2019/03/23-01:55:26.207549 7fa8d1ffb700 [db/compaction_job.cc:1287] [usertable] [JOB 4] Compacted 1@1 files to L2 => 193118286 bytes
2019/03/23-01:55:26.238494 7fa8d1ffb700 (Original Log Time 2019/03/23-01:55:26.238296) [db/compaction_job.cc:685] [usertable] compacted to: base level 1 max bytes base 536870912 files[1 10 170 550 0 0 0] max score 1.03, MB/sec: 65.2 rd, 65.0 wr, level 2, files in(1, 0) out(3) MB in(184.7, 0.0) out(184.2), read-write-amplify(2.0) write-amplify(1.0) OK, records in: 46759, records dropped: 0 output_compression: LZ4
2019/03/23-01:55:26.238506 7fa8d1ffb700 (Original Log Time 2019/03/23-01:55:26.238363) EVENT_LOG_v1 {"time_micros": 1553331326238338, "job": 4, "event": "compaction_finished", "compaction_time_micros": 2971878, "output_level": 2, "num_output_files": 3, "total_output_size": 193118286, "num_input_records": 46759, "num_output_records": 46759, "num_subcompactions": 1, "output_compression": "LZ4", "num_single_delete_mismatches": 0, "num_single_delete_fallthrough": 0, "lsm_state": [1, 10, 170, 550, 0, 0, 0]}
2019/03/23-01:55:26.270103 7fa8d1ffb700 (Original Log Time 2019/03/23-01:55:26.238743) [db/db_impl_compaction_flush.cc:1835] [usertable] Moving #1391 to level-3 67233567 bytes
2019/03/23-01:55:26.270109 7fa8d1ffb700 (Original Log Time 2019/03/23-01:55:26.270035) EVENT_LOG_v1 {"time_micros": 1553331326270023, "job": 5, "event": "trivial_move", "destination_level": 3, "files": 1, "total_files_size": 67233567}
2019/03/23-01:55:26.270112 7fa8d1ffb700 (Original Log Time 2019/03/23-01:55:26.270048) [db/db_impl_compaction_flush.cc:1864] [usertable] Moved #1 files to level-3 67233567 bytes OK: base level 1 max bytes base 536870912 files[1 10 169 551 0 0 0] max score 1.02
2019/03/23-01:55:26.288097 7fa8d1ffb700 EVENT_LOG_v1 {"time_micros": 1553331326288087, "job": 5, "event": "table_file_deletion", "file_number": 643}
2019/03/23-01:55:26.319812 7fa8e9a7a700 (Original Log Time 2019/03/23-01:55:26.288305) [db/db_impl_compaction_flush.cc:1835] [usertable] Moving #539 to level-3 67233329 bytes
2019/03/23-01:55:26.319820 7fa8e9a7a700 (Original Log Time 2019/03/23-01:55:26.319715) EVENT_LOG_v1 {"time_micros": 1553331326319700, "job": 6, "event": "trivial_move", "destination_level": 3, "files": 1, "total_files_size": 67233329}
2019/03/23-01:55:26.319823 7fa8e9a7a700 (Original Log Time 2019/03/23-01:55:26.319730) [db/db_impl_compaction_flush.cc:1864] [usertable] Moved #1 files to level-3 67233329 bytes OK: base level 1 max bytes base 536870912 files[1 10 168 552 0 0 0] max score 1.01
2019/03/23-01:55:26.352116 7fa8e9a7a700 (Original Log Time 2019/03/23-01:55:26.320114) [db/db_impl_compaction_flush.cc:1835] [usertable] Moving #1059 to level-3 67233329 bytes
2019/03/23-01:55:26.352125 7fa8e9a7a700 (Original Log Time 2019/03/23-01:55:26.352010) EVENT_LOG_v1 {"time_micros": 1553331326351995, "job": 7, "event": "trivial_move", "destination_level": 3, "files": 1, "total_files_size": 67233329}
2019/03/23-01:55:26.352128 7fa8e9a7a700 (Original Log Time 2019/03/23-01:55:26.352031) [db/db_impl_compaction_flush.cc:1864] [usertable] Moved #1 files to level-3 67233329 bytes OK: base level 1 max bytes base 536870912 files[1 10 167 553 0 0 0] max score 1.00
2019/03/23-01:55:30.528969 7fa8c85f6700 [db/db_impl_write.cc:1373] [usertable] New memtable created with log file: #1394. Immutable memtables: 0.
2019/03/23-01:55:37.590905 7fa8e05f6700 [db/db_impl_write.cc:1373] [usertable] New memtable created with log file: #1395. Immutable memtables: 1.
2019/03/23-01:55:37.591059 7fa8d17fa700 [db/db_impl_compaction_flush.cc:80] [JOB 8] Syncing log #1388
2019/03/23-01:55:38.107525 7fa8d17fa700 [db/db_impl_compaction_flush.cc:80] [JOB 8] Syncing log #1394
2019/03/23-01:55:38.755865 7fa8d17fa700 (Original Log Time 2019/03/23-01:55:37.591008) [db/db_impl_compaction_flush.cc:1424] Calling FlushMemTableToOutputFile with column family [usertable], flush slots available 24, compaction slots available 1, flush slots scheduled 1, compaction slots scheduled 0
2019/03/23-01:55:38.755876 7fa8d17fa700 [db/flush_job.cc:301] [usertable] [JOB 8] Flushing memtable with next log file: 1394
2019/03/23-01:55:38.755887 7fa8d17fa700 [db/flush_job.cc:301] [usertable] [JOB 8] Flushing memtable with next log file: 1395
2019/03/23-01:55:38.755928 7fa8d17fa700 EVENT_LOG_v1 {"time_micros": 1553331338755914, "job": 8, "event": "flush_started", "num_memtables": 2, "num_entries": 59215, "num_deletes": 0, "memory_usage": 245360464, "flush_reason": "Write Buffer Full"}
2019/03/23-01:55:38.755942 7fa8d17fa700 [db/flush_job.cc:331] [usertable] [JOB 8] Level-0 flush table #1396: started
