2018/12/29-20:39:12.627027 7f74e05bf700 RocksDB version: 5.14.3
2018/12/29-20:39:12.627099 7f74e05bf700 Git sha rocksdb_build_git_sha:
2018/12/29-20:39:12.627105 7f74e05bf700 Compile date Dec 29 2018
2018/12/29-20:39:12.627112 7f74e05bf700 DB SUMMARY
2018/12/29-20:39:12.627141 7f74e05bf700 SST files in /mnt/sdb/ycsb-rocksdb-data dir, Total Num: 0, files: 
2018/12/29-20:39:12.627145 7f74e05bf700 Write Ahead Log file in /mnt/sdb/ycsb-rocksdb-data: 
2018/12/29-20:39:12.627148 7f74e05bf700                         Options.error_if_exists: 0
2018/12/29-20:39:12.627150 7f74e05bf700                       Options.create_if_missing: 1
2018/12/29-20:39:12.627150 7f74e05bf700                         Options.paranoid_checks: 1
2018/12/29-20:39:12.627151 7f74e05bf700                                     Options.env: 0x7f740717b2c0
2018/12/29-20:39:12.627152 7f74e05bf700                                Options.info_log: 0x7f74683b0bf0
2018/12/29-20:39:12.627153 7f74e05bf700                Options.max_file_opening_threads: 16
2018/12/29-20:39:12.627154 7f74e05bf700                              Options.statistics: (nil)
2018/12/29-20:39:12.627155 7f74e05bf700                               Options.use_fsync: 0
2018/12/29-20:39:12.627156 7f74e05bf700                       Options.max_log_file_size: 0
2018/12/29-20:39:12.627157 7f74e05bf700                  Options.max_manifest_file_size: 18446744073709551615
2018/12/29-20:39:12.627158 7f74e05bf700                   Options.log_file_time_to_roll: 0
2018/12/29-20:39:12.627159 7f74e05bf700                       Options.keep_log_file_num: 1000
2018/12/29-20:39:12.627160 7f74e05bf700                    Options.recycle_log_file_num: 0
2018/12/29-20:39:12.627161 7f74e05bf700                         Options.allow_fallocate: 1
2018/12/29-20:39:12.627162 7f74e05bf700                        Options.allow_mmap_reads: 0
2018/12/29-20:39:12.627163 7f74e05bf700                       Options.allow_mmap_writes: 0
2018/12/29-20:39:12.627164 7f74e05bf700                        Options.use_direct_reads: 0
2018/12/29-20:39:12.627165 7f74e05bf700                        Options.use_direct_io_for_flush_and_compaction: 0
2018/12/29-20:39:12.627166 7f74e05bf700          Options.create_missing_column_families: 1
2018/12/29-20:39:12.627168 7f74e05bf700                              Options.db_log_dir: 
2018/12/29-20:39:12.627170 7f74e05bf700                                 Options.wal_dir: /mnt/sdb/ycsb-rocksdb-data
2018/12/29-20:39:12.627172 7f74e05bf700                Options.table_cache_numshardbits: 6
2018/12/29-20:39:12.627174 7f74e05bf700                      Options.max_subcompactions: 4
2018/12/29-20:39:12.627175 7f74e05bf700                  Options.max_background_flushes: 24
2018/12/29-20:39:12.627178 7f74e05bf700                         Options.WAL_ttl_seconds: 0
2018/12/29-20:39:12.627179 7f74e05bf700                       Options.WAL_size_limit_MB: 0
2018/12/29-20:39:12.627180 7f74e05bf700             Options.manifest_preallocation_size: 4194304
2018/12/29-20:39:12.627181 7f74e05bf700                     Options.is_fd_close_on_exec: 1
2018/12/29-20:39:12.627182 7f74e05bf700                   Options.advise_random_on_open: 1
2018/12/29-20:39:12.627183 7f74e05bf700                    Options.db_write_buffer_size: 0
2018/12/29-20:39:12.627184 7f74e05bf700                    Options.write_buffer_manager: 0x7f74683ab4f0
2018/12/29-20:39:12.627185 7f74e05bf700         Options.access_hint_on_compaction_start: 1
2018/12/29-20:39:12.627186 7f74e05bf700  Options.new_table_reader_for_compaction_inputs: 0
2018/12/29-20:39:12.627187 7f74e05bf700           Options.random_access_max_buffer_size: 1048576
2018/12/29-20:39:12.627188 7f74e05bf700                      Options.use_adaptive_mutex: 0
2018/12/29-20:39:12.627189 7f74e05bf700                            Options.rate_limiter: (nil)
2018/12/29-20:39:12.627191 7f74e05bf700     Options.sst_file_manager.rate_bytes_per_sec: 0
2018/12/29-20:39:12.627192 7f74e05bf700                       Options.wal_recovery_mode: 2
2018/12/29-20:39:12.627193 7f74e05bf700                  Options.enable_thread_tracking: 0
2018/12/29-20:39:12.627194 7f74e05bf700                  Options.enable_pipelined_write: 1
2018/12/29-20:39:12.627206 7f74e05bf700         Options.allow_concurrent_memtable_write: 1
2018/12/29-20:39:12.627209 7f74e05bf700      Options.enable_write_thread_adaptive_yield: 1
2018/12/29-20:39:12.627210 7f74e05bf700             Options.write_thread_max_yield_usec: 100
2018/12/29-20:39:12.627212 7f74e05bf700            Options.write_thread_slow_yield_usec: 3
2018/12/29-20:39:12.627214 7f74e05bf700                               Options.row_cache: None
2018/12/29-20:39:12.627216 7f74e05bf700                              Options.wal_filter: None
2018/12/29-20:39:12.627218 7f74e05bf700             Options.avoid_flush_during_recovery: 0
2018/12/29-20:39:12.627220 7f74e05bf700             Options.allow_ingest_behind: 0
2018/12/29-20:39:12.627222 7f74e05bf700             Options.preserve_deletes: 0
2018/12/29-20:39:12.627224 7f74e05bf700             Options.two_write_queues: 0
2018/12/29-20:39:12.627226 7f74e05bf700             Options.manual_wal_flush: 0
2018/12/29-20:39:12.627230 7f74e05bf700             Options.max_background_jobs: 24
2018/12/29-20:39:12.627232 7f74e05bf700             Options.max_background_compactions: 24
2018/12/29-20:39:12.627234 7f74e05bf700             Options.avoid_flush_during_shutdown: 0
2018/12/29-20:39:12.627236 7f74e05bf700           Options.writable_file_max_buffer_size: 1048576
2018/12/29-20:39:12.627237 7f74e05bf700             Options.delayed_write_rate : 16777216
2018/12/29-20:39:12.627240 7f74e05bf700             Options.max_total_wal_size: 0
2018/12/29-20:39:12.627242 7f74e05bf700             Options.delete_obsolete_files_period_micros: 21600000000
2018/12/29-20:39:12.627244 7f74e05bf700                   Options.stats_dump_period_sec: 60
2018/12/29-20:39:12.627246 7f74e05bf700                          Options.max_open_files: -1
2018/12/29-20:39:12.627248 7f74e05bf700                          Options.bytes_per_sync: 1048576
2018/12/29-20:39:12.627250 7f74e05bf700                      Options.wal_bytes_per_sync: 0
2018/12/29-20:39:12.627252 7f74e05bf700       Options.compaction_readahead_size: 0
2018/12/29-20:39:12.627254 7f74e05bf700 Compression algorithms supported:
2018/12/29-20:39:12.627255 7f74e05bf700 	kZSTDNotFinalCompression supported: 1
2018/12/29-20:39:12.627269 7f74e05bf700 	kZSTD supported: 1
2018/12/29-20:39:12.627272 7f74e05bf700 	kXpressCompression supported: 0
2018/12/29-20:39:12.627274 7f74e05bf700 	kLZ4HCCompression supported: 1
2018/12/29-20:39:12.627277 7f74e05bf700 	kLZ4Compression supported: 1
2018/12/29-20:39:12.627279 7f74e05bf700 	kBZip2Compression supported: 1
2018/12/29-20:39:12.627281 7f74e05bf700 	kZlibCompression supported: 1
2018/12/29-20:39:12.627283 7f74e05bf700 	kSnappyCompression supported: 1
2018/12/29-20:39:12.627290 7f74e05bf700 Fast CRC32 supported: Supported on x86
2018/12/29-20:39:12.627375 7f74e05bf700 [db/db_impl_open.cc:222] Creating manifest 1 
2018/12/29-20:39:12.727416 7f74e05bf700 [db/version_set.cc:3085] Recovering from manifest file: MANIFEST-000001
2018/12/29-20:39:12.727546 7f74e05bf700 [db/column_family.cc:475] --------------- Options for column family [default]:
2018/12/29-20:39:12.727550 7f74e05bf700               Options.comparator: leveldb.BytewiseComparator
2018/12/29-20:39:12.727552 7f74e05bf700           Options.merge_operator: None
2018/12/29-20:39:12.727553 7f74e05bf700        Options.compaction_filter: None
2018/12/29-20:39:12.727554 7f74e05bf700        Options.compaction_filter_factory: None
2018/12/29-20:39:12.727555 7f74e05bf700         Options.memtable_factory: SkipListFactory
2018/12/29-20:39:12.727557 7f74e05bf700            Options.table_factory: BlockBasedTable
2018/12/29-20:39:12.727588 7f74e05bf700            table_factory options:   flush_block_policy_factory: FlushBlockBySizePolicyFactory (0x7f746837a820)
  cache_index_and_filter_blocks: 0
  cache_index_and_filter_blocks_with_high_priority: 0
  pin_l0_filter_and_index_blocks_in_cache: 0
  index_type: 0
  hash_index_allow_collision: 1
  checksum: 1
  no_block_cache: 0
  block_cache: 0x7f7468386340
  block_cache_name: LRUCache
  block_cache_options:
    capacity : 8388608
    num_shard_bits : 4
    strict_capacity_limit : 0
    high_pri_pool_ratio: 0.000
  block_cache_compressed: (nil)
  persistent_cache: (nil)
  block_size: 8192
  block_size_deviation: 10
  block_restart_interval: 16
  index_block_restart_interval: 1
  metadata_block_size: 4096
  partition_filters: 0
  use_delta_encoding: 1
  filter_policy: nullptr
  whole_key_filtering: 1
  verify_compression: 0
  read_amp_bytes_per_bit: 0
  format_version: 2
  enable_index_compression: 1
  block_align: 0
2018/12/29-20:39:12.727602 7f74e05bf700        Options.write_buffer_size: 134217728
2018/12/29-20:39:12.727604 7f74e05bf700  Options.max_write_buffer_number: 24
2018/12/29-20:39:12.727606 7f74e05bf700        Options.compression[0]: NoCompression
2018/12/29-20:39:12.727607 7f74e05bf700        Options.compression[1]: NoCompression
2018/12/29-20:39:12.727608 7f74e05bf700        Options.compression[2]: LZ4
2018/12/29-20:39:12.727609 7f74e05bf700        Options.compression[3]: LZ4
2018/12/29-20:39:12.727611 7f74e05bf700        Options.compression[4]: LZ4
2018/12/29-20:39:12.727612 7f74e05bf700        Options.compression[5]: LZ4
2018/12/29-20:39:12.727613 7f74e05bf700        Options.compression[6]: LZ4
2018/12/29-20:39:12.727614 7f74e05bf700                  Options.bottommost_compression: Disabled
2018/12/29-20:39:12.727615 7f74e05bf700       Options.prefix_extractor: nullptr
2018/12/29-20:39:12.727616 7f74e05bf700   Options.memtable_insert_with_hint_prefix_extractor: nullptr
2018/12/29-20:39:12.727617 7f74e05bf700             Options.num_levels: 7
2018/12/29-20:39:12.727618 7f74e05bf700        Options.min_write_buffer_number_to_merge: 2
2018/12/29-20:39:12.727619 7f74e05bf700     Options.max_write_buffer_number_to_maintain: 0
2018/12/29-20:39:12.727620 7f74e05bf700            Options.compression_opts.window_bits: -14
2018/12/29-20:39:12.727621 7f74e05bf700                  Options.compression_opts.level: -1
2018/12/29-20:39:12.727622 7f74e05bf700               Options.compression_opts.strategy: 0
2018/12/29-20:39:12.727623 7f74e05bf700         Options.compression_opts.max_dict_bytes: 0
2018/12/29-20:39:12.727624 7f74e05bf700         Options.compression_opts.zstd_max_train_bytes: 0
2018/12/29-20:39:12.727625 7f74e05bf700      Options.level0_file_num_compaction_trigger: 2
2018/12/29-20:39:12.727626 7f74e05bf700          Options.level0_slowdown_writes_trigger: 20
2018/12/29-20:39:12.727627 7f74e05bf700              Options.level0_stop_writes_trigger: 36
2018/12/29-20:39:12.727628 7f74e05bf700                   Options.target_file_size_base: 67108864
2018/12/29-20:39:12.727629 7f74e05bf700             Options.target_file_size_multiplier: 1
2018/12/29-20:39:12.727629 7f74e05bf700                Options.max_bytes_for_level_base: 536870912
2018/12/29-20:39:12.727630 7f74e05bf700 Options.level_compaction_dynamic_level_bytes: 0
2018/12/29-20:39:12.727631 7f74e05bf700          Options.max_bytes_for_level_multiplier: 10.000000
2018/12/29-20:39:12.727634 7f74e05bf700 Options.max_bytes_for_level_multiplier_addtl[0]: 1
2018/12/29-20:39:12.727635 7f74e05bf700 Options.max_bytes_for_level_multiplier_addtl[1]: 1
2018/12/29-20:39:12.727636 7f74e05bf700 Options.max_bytes_for_level_multiplier_addtl[2]: 1
2018/12/29-20:39:12.727637 7f74e05bf700 Options.max_bytes_for_level_multiplier_addtl[3]: 1
2018/12/29-20:39:12.727638 7f74e05bf700 Options.max_bytes_for_level_multiplier_addtl[4]: 1
2018/12/29-20:39:12.727639 7f74e05bf700 Options.max_bytes_for_level_multiplier_addtl[5]: 1
2018/12/29-20:39:12.727639 7f74e05bf700 Options.max_bytes_for_level_multiplier_addtl[6]: 1
2018/12/29-20:39:12.727640 7f74e05bf700       Options.max_sequential_skip_in_iterations: 8
2018/12/29-20:39:12.727641 7f74e05bf700                    Options.max_compaction_bytes: 1677721600
2018/12/29-20:39:12.727642 7f74e05bf700                        Options.arena_block_size: 16777216
2018/12/29-20:39:12.727643 7f74e05bf700   Options.soft_pending_compaction_bytes_limit: 68719476736
2018/12/29-20:39:12.727644 7f74e05bf700   Options.hard_pending_compaction_bytes_limit: 274877906944
2018/12/29-20:39:12.727651 7f74e05bf700       Options.rate_limit_delay_max_milliseconds: 100
2018/12/29-20:39:12.727652 7f74e05bf700                Options.disable_auto_compactions: 0
2018/12/29-20:39:12.727655 7f74e05bf700                        Options.compaction_style: kCompactionStyleLevel
2018/12/29-20:39:12.727657 7f74e05bf700                          Options.compaction_pri: kByCompensatedSize
2018/12/29-20:39:12.727658 7f74e05bf700 Options.compaction_options_universal.size_ratio: 1
2018/12/29-20:39:12.727659 7f74e05bf700 Options.compaction_options_universal.min_merge_width: 2
2018/12/29-20:39:12.727660 7f74e05bf700 Options.compaction_options_universal.max_merge_width: 4294967295
2018/12/29-20:39:12.727661 7f74e05bf700 Options.compaction_options_universal.max_size_amplification_percent: 200
2018/12/29-20:39:12.727662 7f74e05bf700 Options.compaction_options_universal.compression_size_percent: -1
2018/12/29-20:39:12.727663 7f74e05bf700 Options.compaction_options_universal.stop_style: kCompactionStopStyleTotalSize
2018/12/29-20:39:12.727664 7f74e05bf700 Options.compaction_options_fifo.max_table_files_size: 1073741824
2018/12/29-20:39:12.727665 7f74e05bf700 Options.compaction_options_fifo.allow_compaction: 0
2018/12/29-20:39:12.727666 7f74e05bf700 Options.compaction_options_fifo.ttl: 0
2018/12/29-20:39:12.727667 7f74e05bf700                   Options.table_properties_collectors: 
2018/12/29-20:39:12.727668 7f74e05bf700                   Options.inplace_update_support: 0
2018/12/29-20:39:12.727669 7f74e05bf700                 Options.inplace_update_num_locks: 10000
2018/12/29-20:39:12.727670 7f74e05bf700               Options.memtable_prefix_bloom_size_ratio: 0.000000
2018/12/29-20:39:12.727672 7f74e05bf700   Options.memtable_huge_page_size: 0
2018/12/29-20:39:12.727673 7f74e05bf700                           Options.bloom_locality: 0
2018/12/29-20:39:12.727674 7f74e05bf700                    Options.max_successive_merges: 0
2018/12/29-20:39:12.727675 7f74e05bf700                Options.optimize_filters_for_hits: 0
2018/12/29-20:39:12.727676 7f74e05bf700                Options.paranoid_file_checks: 0
2018/12/29-20:39:12.727677 7f74e05bf700                Options.force_consistency_checks: 0
2018/12/29-20:39:12.727677 7f74e05bf700                Options.report_bg_io_stats: 0
2018/12/29-20:39:12.727678 7f74e05bf700                               Options.ttl: 0
2018/12/29-20:39:12.728143 7f74e05bf700 [db/version_set.cc:3361] Recovered from manifest file:/mnt/sdb/ycsb-rocksdb-data/MANIFEST-000001 succeeded,manifest_file_number is 1, next_file_number is 3, last_sequence is 0, log_number is 0,prev_log_number is 0,max_column_family is 0,min_log_number_to_keep is 0
2018/12/29-20:39:12.728148 7f74e05bf700 [db/version_set.cc:3369] Column family [default] (ID 0), log number is 0
2018/12/29-20:39:12.728310 7f74e05bf700 [db/version_set.cc:2847] Creating manifest 4
2018/12/29-20:39:12.799899 7f74e05bf700 [db/column_family.cc:475] --------------- Options for column family [usertable]:
2018/12/29-20:39:12.799903 7f74e05bf700               Options.comparator: leveldb.BytewiseComparator
2018/12/29-20:39:12.799904 7f74e05bf700           Options.merge_operator: None
2018/12/29-20:39:12.799905 7f74e05bf700        Options.compaction_filter: None
2018/12/29-20:39:12.799906 7f74e05bf700        Options.compaction_filter_factory: None
2018/12/29-20:39:12.799907 7f74e05bf700         Options.memtable_factory: SkipListFactory
2018/12/29-20:39:12.799909 7f74e05bf700            Options.table_factory: BlockBasedTable
2018/12/29-20:39:12.799936 7f74e05bf700            table_factory options:   flush_block_policy_factory: FlushBlockBySizePolicyFactory (0x7f746837a900)
  cache_index_and_filter_blocks: 0
  cache_index_and_filter_blocks_with_high_priority: 0
  pin_l0_filter_and_index_blocks_in_cache: 0
  index_type: 0
  hash_index_allow_collision: 1
  checksum: 1
  no_block_cache: 0
  block_cache: 0x7f746837ba20
  block_cache_name: LRUCache
  block_cache_options:
    capacity : 8388608
    num_shard_bits : 4
    strict_capacity_limit : 0
    high_pri_pool_ratio: 0.000
  block_cache_compressed: (nil)
  persistent_cache: (nil)
  block_size: 8192
  block_size_deviation: 10
  block_restart_interval: 16
  index_block_restart_interval: 1
  metadata_block_size: 4096
  partition_filters: 0
  use_delta_encoding: 1
  filter_policy: nullptr
  whole_key_filtering: 1
  verify_compression: 0
  read_amp_bytes_per_bit: 0
  format_version: 2
  enable_index_compression: 1
  block_align: 0
2018/12/29-20:39:12.799938 7f74e05bf700        Options.write_buffer_size: 134217728
2018/12/29-20:39:12.799940 7f74e05bf700  Options.max_write_buffer_number: 24
2018/12/29-20:39:12.799941 7f74e05bf700        Options.compression[0]: NoCompression
2018/12/29-20:39:12.799942 7f74e05bf700        Options.compression[1]: NoCompression
2018/12/29-20:39:12.799944 7f74e05bf700        Options.compression[2]: LZ4
2018/12/29-20:39:12.799945 7f74e05bf700        Options.compression[3]: LZ4
2018/12/29-20:39:12.799946 7f74e05bf700        Options.compression[4]: LZ4
2018/12/29-20:39:12.799947 7f74e05bf700        Options.compression[5]: LZ4
2018/12/29-20:39:12.799948 7f74e05bf700        Options.compression[6]: LZ4
2018/12/29-20:39:12.799949 7f74e05bf700                  Options.bottommost_compression: Disabled
2018/12/29-20:39:12.799950 7f74e05bf700       Options.prefix_extractor: nullptr
2018/12/29-20:39:12.799951 7f74e05bf700   Options.memtable_insert_with_hint_prefix_extractor: nullptr
2018/12/29-20:39:12.799952 7f74e05bf700             Options.num_levels: 7
2018/12/29-20:39:12.799953 7f74e05bf700        Options.min_write_buffer_number_to_merge: 2
2018/12/29-20:39:12.799954 7f74e05bf700     Options.max_write_buffer_number_to_maintain: 0
2018/12/29-20:39:12.799955 7f74e05bf700            Options.compression_opts.window_bits: -14
2018/12/29-20:39:12.799956 7f74e05bf700                  Options.compression_opts.level: -1
2018/12/29-20:39:12.799957 7f74e05bf700               Options.compression_opts.strategy: 0
2018/12/29-20:39:12.799958 7f74e05bf700         Options.compression_opts.max_dict_bytes: 0
2018/12/29-20:39:12.799959 7f74e05bf700         Options.compression_opts.zstd_max_train_bytes: 0
2018/12/29-20:39:12.799960 7f74e05bf700      Options.level0_file_num_compaction_trigger: 2
2018/12/29-20:39:12.799961 7f74e05bf700          Options.level0_slowdown_writes_trigger: 20
2018/12/29-20:39:12.799962 7f74e05bf700              Options.level0_stop_writes_trigger: 36
2018/12/29-20:39:12.799962 7f74e05bf700                   Options.target_file_size_base: 67108864
2018/12/29-20:39:12.799963 7f74e05bf700             Options.target_file_size_multiplier: 1
2018/12/29-20:39:12.799964 7f74e05bf700                Options.max_bytes_for_level_base: 536870912
2018/12/29-20:39:12.799965 7f74e05bf700 Options.level_compaction_dynamic_level_bytes: 0
2018/12/29-20:39:12.799966 7f74e05bf700          Options.max_bytes_for_level_multiplier: 10.000000
2018/12/29-20:39:12.799968 7f74e05bf700 Options.max_bytes_for_level_multiplier_addtl[0]: 1
2018/12/29-20:39:12.799979 7f74e05bf700 Options.max_bytes_for_level_multiplier_addtl[1]: 1
2018/12/29-20:39:12.799981 7f74e05bf700 Options.max_bytes_for_level_multiplier_addtl[2]: 1
2018/12/29-20:39:12.799982 7f74e05bf700 Options.max_bytes_for_level_multiplier_addtl[3]: 1
2018/12/29-20:39:12.799983 7f74e05bf700 Options.max_bytes_for_level_multiplier_addtl[4]: 1
2018/12/29-20:39:12.799984 7f74e05bf700 Options.max_bytes_for_level_multiplier_addtl[5]: 1
2018/12/29-20:39:12.799985 7f74e05bf700 Options.max_bytes_for_level_multiplier_addtl[6]: 1
2018/12/29-20:39:12.799986 7f74e05bf700       Options.max_sequential_skip_in_iterations: 8
2018/12/29-20:39:12.799987 7f74e05bf700                    Options.max_compaction_bytes: 1677721600
2018/12/29-20:39:12.799988 7f74e05bf700                        Options.arena_block_size: 16777216
2018/12/29-20:39:12.799988 7f74e05bf700   Options.soft_pending_compaction_bytes_limit: 68719476736
2018/12/29-20:39:12.799989 7f74e05bf700   Options.hard_pending_compaction_bytes_limit: 274877906944
2018/12/29-20:39:12.799990 7f74e05bf700       Options.rate_limit_delay_max_milliseconds: 100
2018/12/29-20:39:12.799991 7f74e05bf700                Options.disable_auto_compactions: 0
2018/12/29-20:39:12.799993 7f74e05bf700                        Options.compaction_style: kCompactionStyleLevel
2018/12/29-20:39:12.799995 7f74e05bf700                          Options.compaction_pri: kByCompensatedSize
2018/12/29-20:39:12.799996 7f74e05bf700 Options.compaction_options_universal.size_ratio: 1
2018/12/29-20:39:12.799997 7f74e05bf700 Options.compaction_options_universal.min_merge_width: 2
2018/12/29-20:39:12.799998 7f74e05bf700 Options.compaction_options_universal.max_merge_width: 4294967295
2018/12/29-20:39:12.799999 7f74e05bf700 Options.compaction_options_universal.max_size_amplification_percent: 200
2018/12/29-20:39:12.800000 7f74e05bf700 Options.compaction_options_universal.compression_size_percent: -1
2018/12/29-20:39:12.800001 7f74e05bf700 Options.compaction_options_universal.stop_style: kCompactionStopStyleTotalSize
2018/12/29-20:39:12.800002 7f74e05bf700 Options.compaction_options_fifo.max_table_files_size: 1073741824
2018/12/29-20:39:12.800003 7f74e05bf700 Options.compaction_options_fifo.allow_compaction: 0
2018/12/29-20:39:12.800004 7f74e05bf700 Options.compaction_options_fifo.ttl: 0
2018/12/29-20:39:12.800005 7f74e05bf700                   Options.table_properties_collectors: 
2018/12/29-20:39:12.800006 7f74e05bf700                   Options.inplace_update_support: 0
2018/12/29-20:39:12.800007 7f74e05bf700                 Options.inplace_update_num_locks: 10000
2018/12/29-20:39:12.800008 7f74e05bf700               Options.memtable_prefix_bloom_size_ratio: 0.000000
2018/12/29-20:39:12.800010 7f74e05bf700   Options.memtable_huge_page_size: 0
2018/12/29-20:39:12.800011 7f74e05bf700                           Options.bloom_locality: 0
2018/12/29-20:39:12.800012 7f74e05bf700                    Options.max_successive_merges: 0
2018/12/29-20:39:12.800012 7f74e05bf700                Options.optimize_filters_for_hits: 0
2018/12/29-20:39:12.800013 7f74e05bf700                Options.paranoid_file_checks: 0
2018/12/29-20:39:12.800014 7f74e05bf700                Options.force_consistency_checks: 0
2018/12/29-20:39:12.800015 7f74e05bf700                Options.report_bg_io_stats: 0
2018/12/29-20:39:12.800016 7f74e05bf700                               Options.ttl: 0
2018/12/29-20:39:12.800066 7f74e05bf700 [db/db_impl.cc:1396] Created column family [usertable] (ID 1)
2018/12/29-20:39:12.876895 7f74e05bf700 [db/db_impl_open.cc:1219] DB pointer 0x7f74683b1340
2018/12/29-20:39:21.749884 7f74e03bd700 [db/db_impl_write.cc:1373] [usertable] New memtable created with log file: #9. Immutable memtables: 0.
2018/12/29-20:39:30.714780 7f746c3e1700 [db/db_impl_write.cc:1373] [usertable] New memtable created with log file: #10. Immutable memtables: 1.
2018/12/29-20:39:30.714958 7f7398ff9700 [db/db_impl_compaction_flush.cc:80] [JOB 2] Syncing log #3
2018/12/29-20:39:30.973899 7f7398ff9700 [db/db_impl_compaction_flush.cc:80] [JOB 2] Syncing log #9
2018/12/29-20:39:31.501035 7f7398ff9700 (Original Log Time 2018/12/29-20:39:30.714917) [db/db_impl_compaction_flush.cc:1424] Calling FlushMemTableToOutputFile with column family [usertable], flush slots available 24, compaction slots available 1, flush slots scheduled 1, compaction slots scheduled 0
2018/12/29-20:39:31.501054 7f7398ff9700 [db/flush_job.cc:301] [usertable] [JOB 2] Flushing memtable with next log file: 9
2018/12/29-20:39:31.501067 7f7398ff9700 [db/flush_job.cc:301] [usertable] [JOB 2] Flushing memtable with next log file: 10
2018/12/29-20:39:31.501144 7f7398ff9700 EVENT_LOG_v1 {"time_micros": 1546144771501126, "job": 2, "event": "flush_started", "num_memtables": 2, "num_entries": 62425, "num_deletes": 0, "memory_usage": 258760360, "flush_reason": "Write Buffer Full"}
2018/12/29-20:39:31.501155 7f7398ff9700 [db/flush_job.cc:331] [usertable] [JOB 2] Level-0 flush table #11: started
2018/12/29-20:39:33.692139 7f7398ff9700 EVENT_LOG_v1 {"time_micros": 1546144773692112, "cf_name": "usertable", "job": 2, "event": "table_file_creation", "file_number": 11, "file_size": 258526899, "table_properties": {"data_size": 257378289, "index_size": 1147683, "filter_size": 0, "raw_key_size": 1498200, "raw_average_key_size": 24, "raw_value_size": 255692800, "raw_average_value_size": 4096, "num_data_blocks": 31213, "num_entries": 62425, "filter_policy_name": "", "kDeletedKeys": "0", "kMergeOperands": "0"}}
2018/12/29-20:39:33.692166 7f7398ff9700 [db/flush_job.cc:371] [usertable] [JOB 2] Level-0 flush table #11: 258526899 bytes OK
2018/12/29-20:39:33.751796 7f7398ff9700 (Original Log Time 2018/12/29-20:39:33.692183) [db/memtable_list.cc:377] [usertable] Level-0 commit table #11 started
2018/12/29-20:39:33.751802 7f7398ff9700 (Original Log Time 2018/12/29-20:39:33.751654) [db/memtable_list.cc:409] [usertable] Level-0 commit table #11: memtable #1 done
2018/12/29-20:39:33.751805 7f7398ff9700 (Original Log Time 2018/12/29-20:39:33.751674) [db/memtable_list.cc:409] [usertable] Level-0 commit table #11: memtable #2 done
2018/12/29-20:39:33.751808 7f7398ff9700 (Original Log Time 2018/12/29-20:39:33.751719) EVENT_LOG_v1 {"time_micros": 1546144773751707, "job": 2, "event": "flush_finished", "output_compression": "NoCompression", "lsm_state": [1, 0, 0, 0, 0, 0, 0], "immutable_memtables": 0}
2018/12/29-20:39:33.751811 7f7398ff9700 (Original Log Time 2018/12/29-20:39:33.751757) [db/db_impl_compaction_flush.cc:177] [usertable] Level summary: base level 1 max bytes base 536870912 files[1 0 0 0 0 0 0] max score 0.50
2018/12/29-20:39:33.751829 7f7398ff9700 [db/db_impl_files.cc:347] [JOB 2] Try to delete WAL files size 257751397, prev total WAL file size 301638418, number of live WAL files 3.
2018/12/29-20:39:39.680147 7f746c1df700 [db/db_impl_write.cc:1373] [usertable] New memtable created with log file: #12. Immutable memtables: 0.
2018/12/29-20:39:48.211266 7f746c2e0700 [db/db_impl_write.cc:1373] [usertable] New memtable created with log file: #13. Immutable memtables: 1.
2018/12/29-20:39:48.211383 7f737f7fe700 [db/db_impl_compaction_flush.cc:80] [JOB 3] Syncing log #10
2018/12/29-20:39:49.480825 7f737f7fe700 [db/db_impl_compaction_flush.cc:80] [JOB 3] Syncing log #12
2018/12/29-20:39:50.547020 7f737f7fe700 (Original Log Time 2018/12/29-20:39:48.211360) [db/db_impl_compaction_flush.cc:1424] Calling FlushMemTableToOutputFile with column family [usertable], flush slots available 24, compaction slots available 1, flush slots scheduled 1, compaction slots scheduled 0
2018/12/29-20:39:50.547036 7f737f7fe700 [db/flush_job.cc:301] [usertable] [JOB 3] Flushing memtable with next log file: 12
2018/12/29-20:39:50.547044 7f737f7fe700 [db/flush_job.cc:301] [usertable] [JOB 3] Flushing memtable with next log file: 13
2018/12/29-20:39:50.547075 7f737f7fe700 EVENT_LOG_v1 {"time_micros": 1546144790547064, "job": 3, "event": "flush_started", "num_memtables": 2, "num_entries": 61237, "num_deletes": 0, "memory_usage": 260072280, "flush_reason": "Write Buffer Full"}
2018/12/29-20:39:50.547083 7f737f7fe700 [db/flush_job.cc:331] [usertable] [JOB 3] Level-0 flush table #14: started
2018/12/29-20:39:52.825038 7f737f7fe700 EVENT_LOG_v1 {"time_micros": 1546144792825014, "cf_name": "usertable", "job": 3, "event": "table_file_creation", "file_number": 14, "file_size": 253620535, "table_properties": {"data_size": 252486969, "index_size": 1132639, "filter_size": 0, "raw_key_size": 1469688, "raw_average_key_size": 24, "raw_value_size": 250826752, "raw_average_value_size": 4096, "num_data_blocks": 30619, "num_entries": 61237, "filter_policy_name": "", "kDeletedKeys": "0", "kMergeOperands": "0"}}
2018/12/29-20:39:52.825061 7f737f7fe700 [db/flush_job.cc:371] [usertable] [JOB 3] Level-0 flush table #14: 253620535 bytes OK
2018/12/29-20:39:52.862837 7f737f7fe700 (Original Log Time 2018/12/29-20:39:52.825079) [db/memtable_list.cc:377] [usertable] Level-0 commit table #14 started
2018/12/29-20:39:52.862841 7f737f7fe700 (Original Log Time 2018/12/29-20:39:52.862736) [db/memtable_list.cc:409] [usertable] Level-0 commit table #14: memtable #1 done
2018/12/29-20:39:52.862843 7f737f7fe700 (Original Log Time 2018/12/29-20:39:52.862739) [db/memtable_list.cc:409] [usertable] Level-0 commit table #14: memtable #2 done
2018/12/29-20:39:52.862845 7f737f7fe700 (Original Log Time 2018/12/29-20:39:52.862767) EVENT_LOG_v1 {"time_micros": 1546144792862757, "job": 3, "event": "flush_finished", "output_compression": "NoCompression", "lsm_state": [2, 0, 0, 0, 0, 0, 0], "immutable_memtables": 0}
2018/12/29-20:39:52.862846 7f737f7fe700 (Original Log Time 2018/12/29-20:39:52.862809) [db/db_impl_compaction_flush.cc:177] [usertable] Level summary: base level 1 max bytes base 536870912 files[2 0 0 0 0 0 0] max score 1.00
2018/12/29-20:39:52.862859 7f737f7fe700 [db/db_impl_files.cc:347] [JOB 3] Try to delete WAL files size 252846949, prev total WAL file size 320071138, number of live WAL files 3.
2018/12/29-20:39:52.863089 7f73997fa700 [WARN] [db/db_impl.cc:491] ------- DUMPING STATS -------
2018/12/29-20:39:52.864833 7f73997fa700 [WARN] [db/db_impl.cc:492] 
** DB Stats **
Uptime(secs): 40.1 total, 40.1 interval
Cumulative writes: 139K writes, 139K keys, 139K commit groups, 1.0 writes per commit group, ingest: 0.54 GB, 13.73 MB/s
Cumulative WAL: 139K writes, 0 syncs, 139944.00 writes per sync, written: 0.54 GB, 13.73 MB/s
Cumulative stall: 00:00:0.000 H:M:S, 0.0 percent
Interval writes: 139K writes, 139K keys, 139K commit groups, 1.0 writes per commit group, ingest: 551.06 MB, 13.73 MB/s
Interval WAL: 139K writes, 0 syncs, 139944.00 writes per sync, written: 0.54 MB, 13.73 MB/s
Interval stall: 00:00:0.000 H:M:S, 0.0 percent

** Compaction Stats [default] **
Level    Files   Size     Score Read(GB)  Rn(GB) Rnp1(GB) Write(GB) Wnew(GB) Moved(GB) W-Amp Rd(MB/s) Wr(MB/s) Comp(sec) Comp(cnt) Avg(sec) KeyIn KeyDrop
----------------------------------------------------------------------------------------------------------------------------------------------------------
 Sum      0/0    0.00 KB   0.0      0.0     0.0      0.0       0.0      0.0       0.0   0.0      0.0      0.0         0         0    0.000       0      0
 Int      0/0    0.00 KB   0.0      0.0     0.0      0.0       0.0      0.0       0.0   0.0      0.0      0.0         0         0    0.000       0      0
Uptime(secs): 40.1 total, 40.1 interval
Flush(GB): cumulative 0.000, interval 0.000
AddFile(GB): cumulative 0.000, interval 0.000
AddFile(Total Files): cumulative 0, interval 0
AddFile(L0 Files): cumulative 0, interval 0
AddFile(Keys): cumulative 0, interval 0
Cumulative compaction: 0.00 GB write, 0.00 MB/s write, 0.00 GB read, 0.00 MB/s read, 0.0 seconds
Interval compaction: 0.00 GB write, 0.00 MB/s write, 0.00 GB read, 0.00 MB/s read, 0.0 seconds
Stalls(count): 0 level0_slowdown, 0 level0_slowdown_with_compaction, 0 level0_numfiles, 0 level0_numfiles_with_compaction, 0 stop for pending_compaction_bytes, 0 slowdown for pending_compaction_bytes, 0 memtable_compaction, 0 memtable_slowdown, interval 0 total count

** File Read Latency Histogram By Level [default] **

** Compaction Stats [usertable] **
Level    Files   Size     Score Read(GB)  Rn(GB) Rnp1(GB) Write(GB) Wnew(GB) Moved(GB) W-Amp Rd(MB/s) Wr(MB/s) Comp(sec) Comp(cnt) Avg(sec) KeyIn KeyDrop
----------------------------------------------------------------------------------------------------------------------------------------------------------
  L0      2/0   488.42 MB   1.0      0.0     0.0      0.0       0.5      0.5       0.0   1.0      0.0    109.3         4         2    2.235       0      0
 Sum      2/0   488.42 MB   0.0      0.0     0.0      0.0       0.5      0.5       0.0   1.0      0.0    109.3         4         2    2.235       0      0
 Int      0/0    0.00 KB   0.0      0.0     0.0      0.0       0.5      0.5       0.0   1.0      0.0    109.3         4         2    2.235       0      0
Uptime(secs): 40.1 total, 40.1 interval
Flush(GB): cumulative 0.477, interval 0.477
AddFile(GB): cumulative 0.000, interval 0.000
AddFile(Total Files): cumulative 0, interval 0
AddFile(L0 Files): cumulative 0, interval 0
AddFile(Keys): cumulative 0, interval 0
Cumulative compaction: 0.48 GB write, 12.19 MB/s write, 0.00 GB read, 0.00 MB/s read, 4.5 seconds
Interval compaction: 0.48 GB write, 12.19 MB/s write, 0.00 GB read, 0.00 MB/s read, 4.5 seconds
Stalls(count): 0 level0_slowdown, 0 level0_slowdown_with_compaction, 0 level0_numfiles, 0 level0_numfiles_with_compaction, 0 stop for pending_compaction_bytes, 0 slowdown for pending_compaction_bytes, 0 memtable_compaction, 0 memtable_slowdown, interval 0 total count

** File Read Latency Histogram By Level [usertable] **

** Compaction Stats [default] **
Level    Files   Size     Score Read(GB)  Rn(GB) Rnp1(GB) Write(GB) Wnew(GB) Moved(GB) W-Amp Rd(MB/s) Wr(MB/s) Comp(sec) Comp(cnt) Avg(sec) KeyIn KeyDrop
----------------------------------------------------------------------------------------------------------------------------------------------------------
 Sum      0/0    0.00 KB   0.0      0.0     0.0      0.0       0.0      0.0       0.0   0.0      0.0      0.0         0         0    0.000       0      0
 Int      0/0    0.00 KB   0.0      0.0     0.0      0.0       0.0      0.0       0.0   0.0      0.0      0.0         0         0    0.000       0      0
Uptime(secs): 40.1 total, 0.0 interval
Flush(GB): cumulative 0.000, interval 0.000
AddFile(GB): cumulative 0.000, interval 0.000
AddFile(Total Files): cumulative 0, interval 0
AddFile(L0 Files): cumulative 0, interval 0
AddFile(Keys): cumulative 0, interval 0
Cumulative compaction: 0.00 GB write, 0.00 MB/s write, 0.00 GB read, 0.00 MB/s read, 0.0 seconds
Interval compaction: 0.00 GB write, 0.00 MB/s write, 0.00 GB read, 0.00 MB/s read, 0.0 seconds
Stalls(count): 0 level0_slowdown, 0 level0_slowdown_with_compaction, 0 level0_numfiles, 0 level0_numfiles_with_compaction, 0 stop for pending_compaction_bytes, 0 slowdown for pending_compaction_bytes, 0 memtable_compaction, 0 memtable_slowdown, interval 0 total count

** File Read Latency Histogram By Level [default] **

** Compaction Stats [usertable] **
Level    Files   Size     Score Read(GB)  Rn(GB) Rnp1(GB) Write(GB) Wnew(GB) Moved(GB) W-Amp Rd(MB/s) Wr(MB/s) Comp(sec) Comp(cnt) Avg(sec) KeyIn KeyDrop
----------------------------------------------------------------------------------------------------------------------------------------------------------
  L0      2/0   488.42 MB   1.0      0.0     0.0      0.0       0.5      0.5       0.0   1.0      0.0    109.3         4         2    2.235       0      0
 Sum      2/0   488.42 MB   0.0      0.0     0.0      0.0       0.5      0.5       0.0   1.0      0.0    109.3         4         2    2.235       0      0
 Int      0/0    0.00 KB   0.0      0.0     0.0      0.0       0.0      0.0       0.0   0.0      0.0      0.0         0         0    0.000       0      0
Uptime(secs): 40.1 total, 0.0 interval
Flush(GB): cumulative 0.477, interval 0.000
AddFile(GB): cumulative 0.000, interval 0.000
AddFile(Total Files): cumulative 0, interval 0
AddFile(L0 Files): cumulative 0, interval 0
AddFile(Keys): cumulative 0, interval 0
Cumulative compaction: 0.48 GB write, 12.19 MB/s write, 0.00 GB read, 0.00 MB/s read, 4.5 seconds
Interval compaction: 0.00 GB write, 0.00 MB/s write, 0.00 GB read, 0.00 MB/s read, 0.0 seconds
Stalls(count): 0 level0_slowdown, 0 level0_slowdown_with_compaction, 0 level0_numfiles, 0 level0_numfiles_with_compaction, 0 stop for pending_compaction_bytes, 0 slowdown for pending_compaction_bytes, 0 memtable_compaction, 0 memtable_slowdown, interval 0 total count

** File Read Latency Histogram By Level [usertable] **
2018/12/29-20:39:52.901192 7f73997fa700 (Original Log Time 2018/12/29-20:39:52.867868) [db/db_impl_compaction_flush.cc:1835] [usertable] Moving #11 to level-1 258526899 bytes
2018/12/29-20:39:52.901196 7f73997fa700 (Original Log Time 2018/12/29-20:39:52.901125) EVENT_LOG_v1 {"time_micros": 1546144792901110, "job": 4, "event": "trivial_move", "destination_level": 1, "files": 1, "total_files_size": 258526899}
2018/12/29-20:39:52.901198 7f73997fa700 (Original Log Time 2018/12/29-20:39:52.901143) [db/db_impl_compaction_flush.cc:1864] [usertable] Moved #1 files to level-1 258526899 bytes OK: base level 1 max bytes base 536870912 files[1 1 0 0 0 0 0] max score 0.50
2018/12/29-20:39:56.717788 7f746c9f8700 [db/db_impl_write.cc:1373] [usertable] New memtable created with log file: #15. Immutable memtables: 0.
2018/12/29-20:40:05.684344 7f74bc3ea700 [db/db_impl_write.cc:1373] [usertable] New memtable created with log file: #16. Immutable memtables: 1.
2018/12/29-20:40:05.684470 7f737ffff700 [db/db_impl_compaction_flush.cc:80] [JOB 5] Syncing log #13
2018/12/29-20:40:06.182166 7f737ffff700 [db/db_impl_compaction_flush.cc:80] [JOB 5] Syncing log #15
2018/12/29-20:40:06.914110 7f737ffff700 (Original Log Time 2018/12/29-20:40:05.684434) [db/db_impl_compaction_flush.cc:1424] Calling FlushMemTableToOutputFile with column family [usertable], flush slots available 24, compaction slots available 1, flush slots scheduled 1, compaction slots scheduled 0
2018/12/29-20:40:06.914127 7f737ffff700 [db/flush_job.cc:301] [usertable] [JOB 5] Flushing memtable with next log file: 15
2018/12/29-20:40:06.914135 7f737ffff700 [db/flush_job.cc:301] [usertable] [JOB 5] Flushing memtable with next log file: 16
2018/12/29-20:40:06.914167 7f737ffff700 EVENT_LOG_v1 {"time_micros": 1546144806914156, "job": 5, "event": "flush_started", "num_memtables": 2, "num_entries": 61155, "num_deletes": 0, "memory_usage": 259715752, "flush_reason": "Write Buffer Full"}
2018/12/29-20:40:06.914175 7f737ffff700 [db/flush_job.cc:331] [usertable] [JOB 5] Level-0 flush table #17: started
2018/12/29-20:40:09.128222 7f737ffff700 EVENT_LOG_v1 {"time_micros": 1546144809128196, "cf_name": "usertable", "job": 5, "event": "table_file_creation", "file_number": 17, "file_size": 253267334, "table_properties": {"data_size": 252142079, "index_size": 1124328, "filter_size": 0, "raw_key_size": 1467720, "raw_average_key_size": 24, "raw_value_size": 250490880, "raw_average_value_size": 4096, "num_data_blocks": 30578, "num_entries": 61155, "filter_policy_name": "", "kDeletedKeys": "0", "kMergeOperands": "0"}}
2018/12/29-20:40:09.128243 7f737ffff700 [db/flush_job.cc:371] [usertable] [JOB 5] Level-0 flush table #17: 253267334 bytes OK
2018/12/29-20:40:09.164025 7f737ffff700 (Original Log Time 2018/12/29-20:40:09.128261) [db/memtable_list.cc:377] [usertable] Level-0 commit table #17 started
2018/12/29-20:40:09.164030 7f737ffff700 (Original Log Time 2018/12/29-20:40:09.163934) [db/memtable_list.cc:409] [usertable] Level-0 commit table #17: memtable #1 done
2018/12/29-20:40:09.164031 7f737ffff700 (Original Log Time 2018/12/29-20:40:09.163938) [db/memtable_list.cc:409] [usertable] Level-0 commit table #17: memtable #2 done
2018/12/29-20:40:09.164033 7f737ffff700 (Original Log Time 2018/12/29-20:40:09.163964) EVENT_LOG_v1 {"time_micros": 1546144809163955, "job": 5, "event": "flush_finished", "output_compression": "NoCompression", "lsm_state": [2, 1, 0, 0, 0, 0, 0], "immutable_memtables": 0}
2018/12/29-20:40:09.164035 7f737ffff700 (Original Log Time 2018/12/29-20:40:09.164000) [db/db_impl_compaction_flush.cc:177] [usertable] Level summary: base level 1 max bytes base 536870912 files[2 1 0 0 0 0 0] max score 1.00
