2018/12/30-01:21:35.043433 7f8b846df700 RocksDB version: 5.14.3
2018/12/30-01:21:35.043498 7f8b846df700 Git sha rocksdb_build_git_sha:
2018/12/30-01:21:35.043503 7f8b846df700 Compile date Dec 29 2018
2018/12/30-01:21:35.043510 7f8b846df700 DB SUMMARY
2018/12/30-01:21:35.044345 7f8b846df700 CURRENT file:  CURRENT
2018/12/30-01:21:35.044350 7f8b846df700 IDENTITY file:  IDENTITY
2018/12/30-01:21:35.044368 7f8b846df700 MANIFEST file:  MANIFEST-000004 size: 124557 Bytes
2018/12/30-01:21:35.044372 7f8b846df700 SST files in /mnt/sdb/ycsb-rocksdb-data dir, Total Num: 690, files: 000021.sst 000022.sst 000023.sst 000024.sst 000028.sst 000029.sst 000030.sst 000031.sst 000035.sst 
2018/12/30-01:21:35.044374 7f8b846df700 Write Ahead Log file in /mnt/sdb/ycsb-rocksdb-data: 001233.log size: 118819401 ; 
2018/12/30-01:21:35.044382 7f8b846df700                         Options.error_if_exists: 0
2018/12/30-01:21:35.044393 7f8b846df700                       Options.create_if_missing: 1
2018/12/30-01:21:35.044412 7f8b846df700                         Options.paranoid_checks: 1
2018/12/30-01:21:35.044414 7f8b846df700                                     Options.env: 0x7f8b39d672c0
2018/12/30-01:21:35.044416 7f8b846df700                                Options.info_log: 0x7f8b4c3d4680
2018/12/30-01:21:35.044418 7f8b846df700                Options.max_file_opening_threads: 16
2018/12/30-01:21:35.044421 7f8b846df700                              Options.statistics: (nil)
2018/12/30-01:21:35.044422 7f8b846df700                               Options.use_fsync: 0
2018/12/30-01:21:35.044424 7f8b846df700                       Options.max_log_file_size: 0
2018/12/30-01:21:35.044425 7f8b846df700                  Options.max_manifest_file_size: 18446744073709551615
2018/12/30-01:21:35.044426 7f8b846df700                   Options.log_file_time_to_roll: 0
2018/12/30-01:21:35.044427 7f8b846df700                       Options.keep_log_file_num: 1000
2018/12/30-01:21:35.044428 7f8b846df700                    Options.recycle_log_file_num: 0
2018/12/30-01:21:35.044430 7f8b846df700                         Options.allow_fallocate: 1
2018/12/30-01:21:35.044431 7f8b846df700                        Options.allow_mmap_reads: 0
2018/12/30-01:21:35.044432 7f8b846df700                       Options.allow_mmap_writes: 0
2018/12/30-01:21:35.044433 7f8b846df700                        Options.use_direct_reads: 0
2018/12/30-01:21:35.044434 7f8b846df700                        Options.use_direct_io_for_flush_and_compaction: 0
2018/12/30-01:21:35.044436 7f8b846df700          Options.create_missing_column_families: 1
2018/12/30-01:21:35.044437 7f8b846df700                              Options.db_log_dir: 
2018/12/30-01:21:35.044438 7f8b846df700                                 Options.wal_dir: /mnt/sdb/ycsb-rocksdb-data
2018/12/30-01:21:35.044439 7f8b846df700                Options.table_cache_numshardbits: 6
2018/12/30-01:21:35.044440 7f8b846df700                      Options.max_subcompactions: 4
2018/12/30-01:21:35.044441 7f8b846df700                  Options.max_background_flushes: 24
2018/12/30-01:21:35.044443 7f8b846df700                         Options.WAL_ttl_seconds: 0
2018/12/30-01:21:35.044444 7f8b846df700                       Options.WAL_size_limit_MB: 0
2018/12/30-01:21:35.044445 7f8b846df700             Options.manifest_preallocation_size: 4194304
2018/12/30-01:21:35.044446 7f8b846df700                     Options.is_fd_close_on_exec: 1
2018/12/30-01:21:35.044447 7f8b846df700                   Options.advise_random_on_open: 1
2018/12/30-01:21:35.044448 7f8b846df700                    Options.db_write_buffer_size: 0
2018/12/30-01:21:35.044450 7f8b846df700                    Options.write_buffer_manager: 0x7f8b4c3d02f0
2018/12/30-01:21:35.044451 7f8b846df700         Options.access_hint_on_compaction_start: 1
2018/12/30-01:21:35.044452 7f8b846df700  Options.new_table_reader_for_compaction_inputs: 0
2018/12/30-01:21:35.044453 7f8b846df700           Options.random_access_max_buffer_size: 1048576
2018/12/30-01:21:35.044454 7f8b846df700                      Options.use_adaptive_mutex: 0
2018/12/30-01:21:35.044455 7f8b846df700                            Options.rate_limiter: (nil)
2018/12/30-01:21:35.044472 7f8b846df700     Options.sst_file_manager.rate_bytes_per_sec: 0
2018/12/30-01:21:35.044474 7f8b846df700                       Options.wal_recovery_mode: 2
2018/12/30-01:21:35.044475 7f8b846df700                  Options.enable_thread_tracking: 0
2018/12/30-01:21:35.044476 7f8b846df700                  Options.enable_pipelined_write: 1
2018/12/30-01:21:35.044478 7f8b846df700         Options.allow_concurrent_memtable_write: 1
2018/12/30-01:21:35.044479 7f8b846df700      Options.enable_write_thread_adaptive_yield: 1
2018/12/30-01:21:35.044480 7f8b846df700             Options.write_thread_max_yield_usec: 100
2018/12/30-01:21:35.044481 7f8b846df700            Options.write_thread_slow_yield_usec: 3
2018/12/30-01:21:35.044482 7f8b846df700                               Options.row_cache: None
2018/12/30-01:21:35.044490 7f8b846df700                              Options.wal_filter: None
2018/12/30-01:21:35.044492 7f8b846df700             Options.avoid_flush_during_recovery: 0
2018/12/30-01:21:35.044493 7f8b846df700             Options.allow_ingest_behind: 0
2018/12/30-01:21:35.044494 7f8b846df700             Options.preserve_deletes: 0
2018/12/30-01:21:35.044495 7f8b846df700             Options.two_write_queues: 0
2018/12/30-01:21:35.044496 7f8b846df700             Options.manual_wal_flush: 0
2018/12/30-01:21:35.044498 7f8b846df700             Options.max_background_jobs: 24
2018/12/30-01:21:35.044500 7f8b846df700             Options.max_background_compactions: 24
2018/12/30-01:21:35.044501 7f8b846df700             Options.avoid_flush_during_shutdown: 0
2018/12/30-01:21:35.044502 7f8b846df700           Options.writable_file_max_buffer_size: 1048576
2018/12/30-01:21:35.044503 7f8b846df700             Options.delayed_write_rate : 16777216
2018/12/30-01:21:35.044505 7f8b846df700             Options.max_total_wal_size: 0
2018/12/30-01:21:35.044506 7f8b846df700             Options.delete_obsolete_files_period_micros: 21600000000
2018/12/30-01:21:35.044518 7f8b846df700                   Options.stats_dump_period_sec: 60
2018/12/30-01:21:35.044520 7f8b846df700                          Options.max_open_files: -1
2018/12/30-01:21:35.044521 7f8b846df700                          Options.bytes_per_sync: 1048576
2018/12/30-01:21:35.044522 7f8b846df700                      Options.wal_bytes_per_sync: 0
2018/12/30-01:21:35.044534 7f8b846df700       Options.compaction_readahead_size: 0
2018/12/30-01:21:35.044536 7f8b846df700 Compression algorithms supported:
2018/12/30-01:21:35.044537 7f8b846df700 	kZSTDNotFinalCompression supported: 1
2018/12/30-01:21:35.044548 7f8b846df700 	kZSTD supported: 1
2018/12/30-01:21:35.044558 7f8b846df700 	kXpressCompression supported: 0
2018/12/30-01:21:35.044560 7f8b846df700 	kLZ4HCCompression supported: 1
2018/12/30-01:21:35.044562 7f8b846df700 	kLZ4Compression supported: 1
2018/12/30-01:21:35.044563 7f8b846df700 	kBZip2Compression supported: 1
2018/12/30-01:21:35.044564 7f8b846df700 	kZlibCompression supported: 1
2018/12/30-01:21:35.044565 7f8b846df700 	kSnappyCompression supported: 1
2018/12/30-01:21:35.044571 7f8b846df700 Fast CRC32 supported: Supported on x86
2018/12/30-01:21:35.045250 7f8b846df700 [db/version_set.cc:3085] Recovering from manifest file: MANIFEST-000004
2018/12/30-01:21:35.045358 7f8b846df700 [db/column_family.cc:475] --------------- Options for column family [default]:
2018/12/30-01:21:35.045362 7f8b846df700               Options.comparator: leveldb.BytewiseComparator
2018/12/30-01:21:35.045364 7f8b846df700           Options.merge_operator: None
2018/12/30-01:21:35.045365 7f8b846df700        Options.compaction_filter: None
2018/12/30-01:21:35.045367 7f8b846df700        Options.compaction_filter_factory: None
2018/12/30-01:21:35.045368 7f8b846df700         Options.memtable_factory: SkipListFactory
2018/12/30-01:21:35.045369 7f8b846df700            Options.table_factory: BlockBasedTable
2018/12/30-01:21:35.045400 7f8b846df700            table_factory options:   flush_block_policy_factory: FlushBlockBySizePolicyFactory (0x7f8b4c37de40)
  cache_index_and_filter_blocks: 0
  cache_index_and_filter_blocks_with_high_priority: 0
  pin_l0_filter_and_index_blocks_in_cache: 0
  index_type: 0
  hash_index_allow_collision: 1
  checksum: 1
  no_block_cache: 0
  block_cache: 0x7f8b4c389e20
  block_cache_name: LRUCache
  block_cache_options:
    capacity : 8388608
    num_shard_bits : 4
    strict_capacity_limit : 0
    high_pri_pool_ratio: 0.000
  block_cache_compressed: (nil)
  persistent_cache: (nil)
  block_size: 8192
  block_size_deviation: 10
  block_restart_interval: 16
  index_block_restart_interval: 1
  metadata_block_size: 4096
  partition_filters: 0
  use_delta_encoding: 1
  filter_policy: nullptr
  whole_key_filtering: 1
  verify_compression: 0
  read_amp_bytes_per_bit: 0
  format_version: 2
  enable_index_compression: 1
  block_align: 0
2018/12/30-01:21:35.045413 7f8b846df700        Options.write_buffer_size: 134217728
2018/12/30-01:21:35.045415 7f8b846df700  Options.max_write_buffer_number: 24
2018/12/30-01:21:35.045416 7f8b846df700        Options.compression[0]: NoCompression
2018/12/30-01:21:35.045418 7f8b846df700        Options.compression[1]: NoCompression
2018/12/30-01:21:35.045419 7f8b846df700        Options.compression[2]: LZ4
2018/12/30-01:21:35.045421 7f8b846df700        Options.compression[3]: LZ4
2018/12/30-01:21:35.045422 7f8b846df700        Options.compression[4]: LZ4
2018/12/30-01:21:35.045423 7f8b846df700        Options.compression[5]: LZ4
2018/12/30-01:21:35.045424 7f8b846df700        Options.compression[6]: LZ4
2018/12/30-01:21:35.045425 7f8b846df700                  Options.bottommost_compression: Disabled
2018/12/30-01:21:35.045427 7f8b846df700       Options.prefix_extractor: nullptr
2018/12/30-01:21:35.045428 7f8b846df700   Options.memtable_insert_with_hint_prefix_extractor: nullptr
2018/12/30-01:21:35.045429 7f8b846df700             Options.num_levels: 7
2018/12/30-01:21:35.045430 7f8b846df700        Options.min_write_buffer_number_to_merge: 2
2018/12/30-01:21:35.045432 7f8b846df700     Options.max_write_buffer_number_to_maintain: 0
2018/12/30-01:21:35.045433 7f8b846df700            Options.compression_opts.window_bits: -14
2018/12/30-01:21:35.045434 7f8b846df700                  Options.compression_opts.level: -1
2018/12/30-01:21:35.045435 7f8b846df700               Options.compression_opts.strategy: 0
2018/12/30-01:21:35.045436 7f8b846df700         Options.compression_opts.max_dict_bytes: 0
2018/12/30-01:21:35.045438 7f8b846df700         Options.compression_opts.zstd_max_train_bytes: 0
2018/12/30-01:21:35.045439 7f8b846df700      Options.level0_file_num_compaction_trigger: 2
2018/12/30-01:21:35.045440 7f8b846df700          Options.level0_slowdown_writes_trigger: 20
2018/12/30-01:21:35.045441 7f8b846df700              Options.level0_stop_writes_trigger: 36
2018/12/30-01:21:35.045442 7f8b846df700                   Options.target_file_size_base: 67108864
2018/12/30-01:21:35.045443 7f8b846df700             Options.target_file_size_multiplier: 1
2018/12/30-01:21:35.045444 7f8b846df700                Options.max_bytes_for_level_base: 536870912
2018/12/30-01:21:35.045446 7f8b846df700 Options.level_compaction_dynamic_level_bytes: 0
2018/12/30-01:21:35.045447 7f8b846df700          Options.max_bytes_for_level_multiplier: 10.000000
2018/12/30-01:21:35.045449 7f8b846df700 Options.max_bytes_for_level_multiplier_addtl[0]: 1
2018/12/30-01:21:35.045451 7f8b846df700 Options.max_bytes_for_level_multiplier_addtl[1]: 1
2018/12/30-01:21:35.045452 7f8b846df700 Options.max_bytes_for_level_multiplier_addtl[2]: 1
2018/12/30-01:21:35.045453 7f8b846df700 Options.max_bytes_for_level_multiplier_addtl[3]: 1
2018/12/30-01:21:35.045454 7f8b846df700 Options.max_bytes_for_level_multiplier_addtl[4]: 1
2018/12/30-01:21:35.045455 7f8b846df700 Options.max_bytes_for_level_multiplier_addtl[5]: 1
2018/12/30-01:21:35.045457 7f8b846df700 Options.max_bytes_for_level_multiplier_addtl[6]: 1
2018/12/30-01:21:35.045458 7f8b846df700       Options.max_sequential_skip_in_iterations: 8
2018/12/30-01:21:35.045459 7f8b846df700                    Options.max_compaction_bytes: 1677721600
2018/12/30-01:21:35.045465 7f8b846df700                        Options.arena_block_size: 16777216
2018/12/30-01:21:35.045467 7f8b846df700   Options.soft_pending_compaction_bytes_limit: 68719476736
2018/12/30-01:21:35.045468 7f8b846df700   Options.hard_pending_compaction_bytes_limit: 274877906944
2018/12/30-01:21:35.045469 7f8b846df700       Options.rate_limit_delay_max_milliseconds: 100
2018/12/30-01:21:35.045471 7f8b846df700                Options.disable_auto_compactions: 0
2018/12/30-01:21:35.045473 7f8b846df700                        Options.compaction_style: kCompactionStyleLevel
2018/12/30-01:21:35.045474 7f8b846df700                          Options.compaction_pri: kByCompensatedSize
2018/12/30-01:21:35.045476 7f8b846df700 Options.compaction_options_universal.size_ratio: 1
2018/12/30-01:21:35.045477 7f8b846df700 Options.compaction_options_universal.min_merge_width: 2
2018/12/30-01:21:35.045478 7f8b846df700 Options.compaction_options_universal.max_merge_width: 4294967295
2018/12/30-01:21:35.045479 7f8b846df700 Options.compaction_options_universal.max_size_amplification_percent: 200
2018/12/30-01:21:35.045480 7f8b846df700 Options.compaction_options_universal.compression_size_percent: -1
2018/12/30-01:21:35.045482 7f8b846df700 Options.compaction_options_universal.stop_style: kCompactionStopStyleTotalSize
2018/12/30-01:21:35.045484 7f8b846df700 Options.compaction_options_fifo.max_table_files_size: 1073741824
2018/12/30-01:21:35.045485 7f8b846df700 Options.compaction_options_fifo.allow_compaction: 0
2018/12/30-01:21:35.045486 7f8b846df700 Options.compaction_options_fifo.ttl: 0
2018/12/30-01:21:35.045487 7f8b846df700                   Options.table_properties_collectors: 
2018/12/30-01:21:35.045489 7f8b846df700                   Options.inplace_update_support: 0
2018/12/30-01:21:35.045490 7f8b846df700                 Options.inplace_update_num_locks: 10000
2018/12/30-01:21:35.045491 7f8b846df700               Options.memtable_prefix_bloom_size_ratio: 0.000000
2018/12/30-01:21:35.045493 7f8b846df700   Options.memtable_huge_page_size: 0
2018/12/30-01:21:35.045494 7f8b846df700                           Options.bloom_locality: 0
2018/12/30-01:21:35.045495 7f8b846df700                    Options.max_successive_merges: 0
2018/12/30-01:21:35.045496 7f8b846df700                Options.optimize_filters_for_hits: 0
2018/12/30-01:21:35.045497 7f8b846df700                Options.paranoid_file_checks: 0
2018/12/30-01:21:35.045498 7f8b846df700                Options.force_consistency_checks: 0
2018/12/30-01:21:35.045500 7f8b846df700                Options.report_bg_io_stats: 0
2018/12/30-01:21:35.045501 7f8b846df700                               Options.ttl: 0
2018/12/30-01:21:35.045927 7f8b846df700 [db/column_family.cc:475] --------------- Options for column family [usertable]:
2018/12/30-01:21:35.045931 7f8b846df700               Options.comparator: leveldb.BytewiseComparator
2018/12/30-01:21:35.045932 7f8b846df700           Options.merge_operator: None
2018/12/30-01:21:35.045933 7f8b846df700        Options.compaction_filter: None
2018/12/30-01:21:35.045934 7f8b846df700        Options.compaction_filter_factory: None
2018/12/30-01:21:35.045936 7f8b846df700         Options.memtable_factory: SkipListFactory
2018/12/30-01:21:35.045937 7f8b846df700            Options.table_factory: BlockBasedTable
2018/12/30-01:21:35.045961 7f8b846df700            table_factory options:   flush_block_policy_factory: FlushBlockBySizePolicyFactory (0x7f8b4c37dc10)
  cache_index_and_filter_blocks: 0
  cache_index_and_filter_blocks_with_high_priority: 0
  pin_l0_filter_and_index_blocks_in_cache: 0
  index_type: 0
  hash_index_allow_collision: 1
  checksum: 1
  no_block_cache: 0
  block_cache: 0x7f8b4c37d870
  block_cache_name: LRUCache
  block_cache_options:
    capacity : 8388608
    num_shard_bits : 4
    strict_capacity_limit : 0
    high_pri_pool_ratio: 0.000
  block_cache_compressed: (nil)
  persistent_cache: (nil)
  block_size: 8192
  block_size_deviation: 10
  block_restart_interval: 16
  index_block_restart_interval: 1
  metadata_block_size: 4096
  partition_filters: 0
  use_delta_encoding: 1
  filter_policy: nullptr
  whole_key_filtering: 1
  verify_compression: 0
  read_amp_bytes_per_bit: 0
  format_version: 2
  enable_index_compression: 1
  block_align: 0
2018/12/30-01:21:35.045972 7f8b846df700        Options.write_buffer_size: 134217728
2018/12/30-01:21:35.045974 7f8b846df700  Options.max_write_buffer_number: 24
2018/12/30-01:21:35.045976 7f8b846df700        Options.compression[0]: NoCompression
2018/12/30-01:21:35.045977 7f8b846df700        Options.compression[1]: NoCompression
2018/12/30-01:21:35.045978 7f8b846df700        Options.compression[2]: LZ4
2018/12/30-01:21:35.045979 7f8b846df700        Options.compression[3]: LZ4
2018/12/30-01:21:35.045980 7f8b846df700        Options.compression[4]: LZ4
2018/12/30-01:21:35.045982 7f8b846df700        Options.compression[5]: LZ4
2018/12/30-01:21:35.045983 7f8b846df700        Options.compression[6]: LZ4
2018/12/30-01:21:35.045984 7f8b846df700                  Options.bottommost_compression: Disabled
2018/12/30-01:21:35.045985 7f8b846df700       Options.prefix_extractor: nullptr
2018/12/30-01:21:35.045986 7f8b846df700   Options.memtable_insert_with_hint_prefix_extractor: nullptr
2018/12/30-01:21:35.045987 7f8b846df700             Options.num_levels: 7
2018/12/30-01:21:35.045989 7f8b846df700        Options.min_write_buffer_number_to_merge: 2
2018/12/30-01:21:35.045990 7f8b846df700     Options.max_write_buffer_number_to_maintain: 0
2018/12/30-01:21:35.045991 7f8b846df700            Options.compression_opts.window_bits: -14
2018/12/30-01:21:35.045992 7f8b846df700                  Options.compression_opts.level: -1
2018/12/30-01:21:35.045993 7f8b846df700               Options.compression_opts.strategy: 0
2018/12/30-01:21:35.045994 7f8b846df700         Options.compression_opts.max_dict_bytes: 0
2018/12/30-01:21:35.045995 7f8b846df700         Options.compression_opts.zstd_max_train_bytes: 0
2018/12/30-01:21:35.045997 7f8b846df700      Options.level0_file_num_compaction_trigger: 2
2018/12/30-01:21:35.045998 7f8b846df700          Options.level0_slowdown_writes_trigger: 20
2018/12/30-01:21:35.045999 7f8b846df700              Options.level0_stop_writes_trigger: 36
2018/12/30-01:21:35.046000 7f8b846df700                   Options.target_file_size_base: 67108864
2018/12/30-01:21:35.046001 7f8b846df700             Options.target_file_size_multiplier: 1
2018/12/30-01:21:35.046002 7f8b846df700                Options.max_bytes_for_level_base: 536870912
2018/12/30-01:21:35.046003 7f8b846df700 Options.level_compaction_dynamic_level_bytes: 0
2018/12/30-01:21:35.046004 7f8b846df700          Options.max_bytes_for_level_multiplier: 10.000000
2018/12/30-01:21:35.046007 7f8b846df700 Options.max_bytes_for_level_multiplier_addtl[0]: 1
2018/12/30-01:21:35.046008 7f8b846df700 Options.max_bytes_for_level_multiplier_addtl[1]: 1
2018/12/30-01:21:35.046009 7f8b846df700 Options.max_bytes_for_level_multiplier_addtl[2]: 1
2018/12/30-01:21:35.046010 7f8b846df700 Options.max_bytes_for_level_multiplier_addtl[3]: 1
2018/12/30-01:21:35.046011 7f8b846df700 Options.max_bytes_for_level_multiplier_addtl[4]: 1
2018/12/30-01:21:35.046013 7f8b846df700 Options.max_bytes_for_level_multiplier_addtl[5]: 1
2018/12/30-01:21:35.046014 7f8b846df700 Options.max_bytes_for_level_multiplier_addtl[6]: 1
2018/12/30-01:21:35.046015 7f8b846df700       Options.max_sequential_skip_in_iterations: 8
2018/12/30-01:21:35.046016 7f8b846df700                    Options.max_compaction_bytes: 1677721600
2018/12/30-01:21:35.046017 7f8b846df700                        Options.arena_block_size: 16777216
2018/12/30-01:21:35.046018 7f8b846df700   Options.soft_pending_compaction_bytes_limit: 68719476736
2018/12/30-01:21:35.046020 7f8b846df700   Options.hard_pending_compaction_bytes_limit: 274877906944
2018/12/30-01:21:35.046021 7f8b846df700       Options.rate_limit_delay_max_milliseconds: 100
2018/12/30-01:21:35.046022 7f8b846df700                Options.disable_auto_compactions: 0
2018/12/30-01:21:35.046023 7f8b846df700                        Options.compaction_style: kCompactionStyleLevel
2018/12/30-01:21:35.046030 7f8b846df700                          Options.compaction_pri: kByCompensatedSize
2018/12/30-01:21:35.046032 7f8b846df700 Options.compaction_options_universal.size_ratio: 1
2018/12/30-01:21:35.046033 7f8b846df700 Options.compaction_options_universal.min_merge_width: 2
2018/12/30-01:21:35.046034 7f8b846df700 Options.compaction_options_universal.max_merge_width: 4294967295
2018/12/30-01:21:35.046035 7f8b846df700 Options.compaction_options_universal.max_size_amplification_percent: 200
2018/12/30-01:21:35.046036 7f8b846df700 Options.compaction_options_universal.compression_size_percent: -1
2018/12/30-01:21:35.046038 7f8b846df700 Options.compaction_options_universal.stop_style: kCompactionStopStyleTotalSize
2018/12/30-01:21:35.046039 7f8b846df700 Options.compaction_options_fifo.max_table_files_size: 1073741824
2018/12/30-01:21:35.046040 7f8b846df700 Options.compaction_options_fifo.allow_compaction: 0
2018/12/30-01:21:35.046041 7f8b846df700 Options.compaction_options_fifo.ttl: 0
2018/12/30-01:21:35.046042 7f8b846df700                   Options.table_properties_collectors: 
2018/12/30-01:21:35.046043 7f8b846df700                   Options.inplace_update_support: 0
2018/12/30-01:21:35.046045 7f8b846df700                 Options.inplace_update_num_locks: 10000
2018/12/30-01:21:35.046046 7f8b846df700               Options.memtable_prefix_bloom_size_ratio: 0.000000
2018/12/30-01:21:35.046047 7f8b846df700   Options.memtable_huge_page_size: 0
2018/12/30-01:21:35.046049 7f8b846df700                           Options.bloom_locality: 0
2018/12/30-01:21:35.046050 7f8b846df700                    Options.max_successive_merges: 0
2018/12/30-01:21:35.046051 7f8b846df700                Options.optimize_filters_for_hits: 0
2018/12/30-01:21:35.046052 7f8b846df700                Options.paranoid_file_checks: 0
2018/12/30-01:21:35.046053 7f8b846df700                Options.force_consistency_checks: 0
2018/12/30-01:21:35.046054 7f8b846df700                Options.report_bg_io_stats: 0
2018/12/30-01:21:35.046055 7f8b846df700                               Options.ttl: 0
2018/12/30-01:21:35.711527 7f8b846df700 [db/version_set.cc:3361] Recovered from manifest file:/mnt/sdb/ycsb-rocksdb-data/MANIFEST-000004 succeeded,manifest_file_number is 4, next_file_number is 1240, last_sequence is 10431669, log_number is 0,prev_log_number is 0,max_column_family is 1,min_log_number_to_keep is 0
2018/12/30-01:21:35.711538 7f8b846df700 [db/version_set.cc:3369] Column family [default] (ID 0), log number is 0
2018/12/30-01:21:35.711540 7f8b846df700 [db/version_set.cc:3369] Column family [usertable] (ID 1), log number is 1233
2018/12/30-01:21:35.713779 7f8b846df700 EVENT_LOG_v1 {"time_micros": 1546161695713769, "job": 1, "event": "recovery_started", "log_files": [1233]}
2018/12/30-01:21:35.713788 7f8b846df700 [db/db_impl_open.cc:551] Recovering log #1233 mode 2
2018/12/30-01:21:36.051558 7f8b846df700 [db/version_set.cc:2847] Creating manifest 1240
2018/12/30-01:21:37.132135 7f8b846df700 EVENT_LOG_v1 {"time_micros": 1546161697132109, "cf_name": "usertable", "job": 1, "event": "table_file_creation", "file_number": 1241, "file_size": 118964294, "table_properties": {"data_size": 118432242, "index_size": 531130, "filter_size": 0, "raw_key_size": 689376, "raw_average_key_size": 24, "raw_value_size": 117653504, "raw_average_value_size": 4096, "num_data_blocks": 14362, "num_entries": 28724, "filter_policy_name": "", "kDeletedKeys": "0", "kMergeOperands": "0"}}
2018/12/30-01:21:37.255669 7f8b846df700 EVENT_LOG_v1 {"time_micros": 1546161697255661, "job": 1, "event": "recovery_finished"}
2018/12/30-01:21:37.447157 7f8b846df700 [db/db_impl_open.cc:1219] DB pointer 0x7f8b4c3d4be0
2018/12/30-01:21:37.447452 7f8b393ef700 [WARN] [db/db_impl.cc:491] ------- DUMPING STATS -------
2018/12/30-01:21:37.447499 7f8b393ef700 [WARN] [db/db_impl.cc:492] 
** DB Stats **
Uptime(secs): 2.4 total, 2.4 interval
Cumulative writes: 0 writes, 0 keys, 0 commit groups, 0.0 writes per commit group, ingest: 0.00 GB, 0.00 MB/s
Cumulative WAL: 0 writes, 0 syncs, 0.00 writes per sync, written: 0.00 GB, 0.00 MB/s
Cumulative stall: 00:00:0.000 H:M:S, 0.0 percent
Interval writes: 0 writes, 0 keys, 0 commit groups, 0.0 writes per commit group, ingest: 0.00 MB, 0.00 MB/s
Interval WAL: 0 writes, 0 syncs, 0.00 writes per sync, written: 0.00 MB, 0.00 MB/s
Interval stall: 00:00:0.000 H:M:S, 0.0 percent

** Compaction Stats [default] **
Level    Files   Size     Score Read(GB)  Rn(GB) Rnp1(GB) Write(GB) Wnew(GB) Moved(GB) W-Amp Rd(MB/s) Wr(MB/s) Comp(sec) Comp(cnt) Avg(sec) KeyIn KeyDrop
----------------------------------------------------------------------------------------------------------------------------------------------------------
 Sum      0/0    0.00 KB   0.0      0.0     0.0      0.0       0.0      0.0       0.0   0.0      0.0      0.0         0         0    0.000       0      0
 Int      0/0    0.00 KB   0.0      0.0     0.0      0.0       0.0      0.0       0.0   0.0      0.0      0.0         0         0    0.000       0      0
Uptime(secs): 2.4 total, 2.4 interval
Flush(GB): cumulative 0.000, interval 0.000
AddFile(GB): cumulative 0.000, interval 0.000
AddFile(Total Files): cumulative 0, interval 0
AddFile(L0 Files): cumulative 0, interval 0
AddFile(Keys): cumulative 0, interval 0
Cumulative compaction: 0.00 GB write, 0.00 MB/s write, 0.00 GB read, 0.00 MB/s read, 0.0 seconds
Interval compaction: 0.00 GB write, 0.00 MB/s write, 0.00 GB read, 0.00 MB/s read, 0.0 seconds
Stalls(count): 0 level0_slowdown, 0 level0_slowdown_with_compaction, 0 level0_numfiles, 0 level0_numfiles_with_compaction, 0 stop for pending_compaction_bytes, 0 slowdown for pending_compaction_bytes, 0 memtable_compaction, 0 memtable_slowdown, interval 0 total count

** File Read Latency Histogram By Level [default] **

** Compaction Stats [usertable] **
Level    Files   Size     Score Read(GB)  Rn(GB) Rnp1(GB) Write(GB) Wnew(GB) Moved(GB) W-Amp Rd(MB/s) Wr(MB/s) Comp(sec) Comp(cnt) Avg(sec) KeyIn KeyDrop
----------------------------------------------------------------------------------------------------------------------------------------------------------
  L0      2/0   300.05 MB   1.0      0.0     0.0      0.0       0.1      0.1       0.0   1.0      0.0    114.4         1         1    0.991       0      0
  L1      2/0   383.85 MB   0.7      0.0     0.0      0.0       0.0      0.0       0.0   0.0      0.0      0.0         0         0    0.000       0      0
  L2    132/0    4.97 GB   1.0      0.0     0.0      0.0       0.0      0.0       0.0   0.0      0.0      0.0         0         0    0.000       0      0
  L3    555/0   34.54 GB   0.7      0.0     0.0      0.0       0.0      0.0       0.0   0.0      0.0      0.0         0         0    0.000       0      0
 Sum    691/0   40.18 GB   0.0      0.0     0.0      0.0       0.1      0.1       0.0   1.0      0.0    114.4         1         1    0.991       0      0
 Int      0/0    0.00 KB   0.0      0.0     0.0      0.0       0.1      0.1       0.0   1.0      0.0    114.4         1         1    0.991       0      0
Uptime(secs): 2.4 total, 2.4 interval
Flush(GB): cumulative 0.111, interval 0.111
AddFile(GB): cumulative 0.000, interval 0.000
AddFile(Total Files): cumulative 0, interval 0
AddFile(L0 Files): cumulative 0, interval 0
AddFile(Keys): cumulative 0, interval 0
Cumulative compaction: 0.11 GB write, 47.24 MB/s write, 0.00 GB read, 0.00 MB/s read, 1.0 seconds
Interval compaction: 0.11 GB write, 47.24 MB/s write, 0.00 GB read, 0.00 MB/s read, 1.0 seconds
Stalls(count): 0 level0_slowdown, 0 level0_slowdown_with_compaction, 0 level0_numfiles, 0 level0_numfiles_with_compaction, 0 stop for pending_compaction_bytes, 0 slowdown for pending_compaction_bytes, 0 memtable_compaction, 0 memtable_slowdown, interval 0 total count

** File Read Latency Histogram By Level [usertable] **

** Compaction Stats [default] **
Level    Files   Size     Score Read(GB)  Rn(GB) Rnp1(GB) Write(GB) Wnew(GB) Moved(GB) W-Amp Rd(MB/s) Wr(MB/s) Comp(sec) Comp(cnt) Avg(sec) KeyIn KeyDrop
----------------------------------------------------------------------------------------------------------------------------------------------------------
 Sum      0/0    0.00 KB   0.0      0.0     0.0      0.0       0.0      0.0       0.0   0.0      0.0      0.0         0         0    0.000       0      0
 Int      0/0    0.00 KB   0.0      0.0     0.0      0.0       0.0      0.0       0.0   0.0      0.0      0.0         0         0    0.000       0      0
Uptime(secs): 2.4 total, 0.0 interval
Flush(GB): cumulative 0.000, interval 0.000
AddFile(GB): cumulative 0.000, interval 0.000
AddFile(Total Files): cumulative 0, interval 0
AddFile(L0 Files): cumulative 0, interval 0
AddFile(Keys): cumulative 0, interval 0
Cumulative compaction: 0.00 GB write, 0.00 MB/s write, 0.00 GB read, 0.00 MB/s read, 0.0 seconds
Interval compaction: 0.00 GB write, 0.00 MB/s write, 0.00 GB read, 0.00 MB/s read, 0.0 seconds
Stalls(count): 0 level0_slowdown, 0 level0_slowdown_with_compaction, 0 level0_numfiles, 0 level0_numfiles_with_compaction, 0 stop for pending_compaction_bytes, 0 slowdown for pending_compaction_bytes, 0 memtable_compaction, 0 memtable_slowdown, interval 0 total count

** File Read Latency Histogram By Level [default] **

** Compaction Stats [usertable] **
Level    Files   Size     Score Read(GB)  Rn(GB) Rnp1(GB) Write(GB) Wnew(GB) Moved(GB) W-Amp Rd(MB/s) Wr(MB/s) Comp(sec) Comp(cnt) Avg(sec) KeyIn KeyDrop
----------------------------------------------------------------------------------------------------------------------------------------------------------
  L0      2/0   300.05 MB   1.0      0.0     0.0      0.0       0.1      0.1       0.0   1.0      0.0    114.4         1         1    0.991       0      0
  L1      2/0   383.85 MB   0.7      0.0     0.0      0.0       0.0      0.0       0.0   0.0      0.0      0.0         0         0    0.000       0      0
  L2    132/0    4.97 GB   1.0      0.0     0.0      0.0       0.0      0.0       0.0   0.0      0.0      0.0         0         0    0.000       0      0
  L3    555/0   34.54 GB   0.7      0.0     0.0      0.0       0.0      0.0       0.0   0.0      0.0      0.0         0         0    0.000       0      0
 Sum    691/0   40.18 GB   0.0      0.0     0.0      0.0       0.1      0.1       0.0   1.0      0.0    114.4         1         1    0.991       0      0
 Int      0/0    0.00 KB   0.0      0.0     0.0      0.0       0.0      0.0       0.0   0.0      0.0      0.0         0         0    0.000       0      0
Uptime(secs): 2.4 total, 0.0 interval
Flush(GB): cumulative 0.111, interval 0.000
AddFile(GB): cumulative 0.000, interval 0.000
AddFile(Total Files): cumulative 0, interval 0
AddFile(L0 Files): cumulative 0, interval 0
AddFile(Keys): cumulative 0, interval 0
Cumulative compaction: 0.11 GB write, 47.24 MB/s write, 0.00 GB read, 0.00 MB/s read, 1.0 seconds
Interval compaction: 0.00 GB write, 0.00 MB/s write, 0.00 GB read, 0.00 MB/s read, 0.0 seconds
Stalls(count): 0 level0_slowdown, 0 level0_slowdown_with_compaction, 0 level0_numfiles, 0 level0_numfiles_with_compaction, 0 stop for pending_compaction_bytes, 0 slowdown for pending_compaction_bytes, 0 memtable_compaction, 0 memtable_slowdown, interval 0 total count

** File Read Latency Histogram By Level [usertable] **
2018/12/30-01:21:37.525452 7f8b393ef700 (Original Log Time 2018/12/30-01:21:37.447650) [db/db_impl_compaction_flush.cc:1835] [usertable] Moving #407 to level-1 195656441 bytes
2018/12/30-01:21:37.525458 7f8b393ef700 (Original Log Time 2018/12/30-01:21:37.525350) EVENT_LOG_v1 {"time_micros": 1546161697525338, "job": 3, "event": "trivial_move", "destination_level": 1, "files": 1, "total_files_size": 195656441}
2018/12/30-01:21:37.525460 7f8b393ef700 (Original Log Time 2018/12/30-01:21:37.525377) [db/db_impl_compaction_flush.cc:1864] [usertable] Moved #1 files to level-1 195656441 bytes OK: base level 1 max bytes base 536870912 files[1 3 132 555 0 0 0] max score 1.11
2018/12/30-01:21:37.525597 7f8b393ef700 [db/compaction_job.cc:1531] [usertable] [JOB 4] Compacting 1@1 files to L2, score 1.11
2018/12/30-01:21:37.525606 7f8b393ef700 [db/compaction_job.cc:1535] [usertable] Compaction start summary: Base version 6 Base level 1, inputs: [234(191MB)]
2018/12/30-01:21:37.525661 7f8b393ef700 EVENT_LOG_v1 {"time_micros": 1546161697525612, "job": 4, "event": "compaction_started", "compaction_reason": "LevelMaxLevelSize", "files_L1": [234], "score": 1.11415, "input_data_size": 201255598}
2018/12/30-01:21:39.101159 7f8b393ef700 [db/compaction_job.cc:1211] [usertable] [JOB 4] Generated table #1245: 16279 keys, 67233335 bytes
2018/12/30-01:21:39.101211 7f8b393ef700 EVENT_LOG_v1 {"time_micros": 1546161699101190, "cf_name": "usertable", "job": 4, "event": "table_file_creation", "file_number": 1245, "file_size": 67233335, "table_properties": {"data_size": 67118331, "index_size": 299107, "filter_size": 0, "raw_key_size": 390696, "raw_average_key_size": 24, "raw_value_size": 66678784, "raw_average_value_size": 4096, "num_data_blocks": 8140, "num_entries": 16279, "filter_policy_name": "", "kDeletedKeys": "0", "kMergeOperands": "0"}}
2018/12/30-01:21:41.012176 7f8b393ef700 [db/compaction_job.cc:1211] [usertable] [JOB 4] Generated table #1246: 16279 keys, 67233539 bytes
2018/12/30-01:21:41.012230 7f8b393ef700 EVENT_LOG_v1 {"time_micros": 1546161701012206, "cf_name": "usertable", "job": 4, "event": "table_file_creation", "file_number": 1246, "file_size": 67233539, "table_properties": {"data_size": 67120141, "index_size": 300916, "filter_size": 0, "raw_key_size": 390696, "raw_average_key_size": 24, "raw_value_size": 66678784, "raw_average_value_size": 4096, "num_data_blocks": 8140, "num_entries": 16279, "filter_policy_name": "", "kDeletedKeys": "0", "kMergeOperands": "0"}}
2018/12/30-01:21:43.144032 7f8b393ef700 [db/compaction_job.cc:1211] [usertable] [JOB 4] Generated table #1247: 16038 keys, 66238000 bytes
2018/12/30-01:21:43.144094 7f8b393ef700 EVENT_LOG_v1 {"time_micros": 1546161703144069, "cf_name": "usertable", "job": 4, "event": "table_file_creation", "file_number": 1247, "file_size": 66238000, "table_properties": {"data_size": 66124674, "index_size": 294659, "filter_size": 0, "raw_key_size": 384912, "raw_average_key_size": 24, "raw_value_size": 65691648, "raw_average_value_size": 4096, "num_data_blocks": 8019, "num_entries": 16038, "filter_policy_name": "", "kDeletedKeys": "0", "kMergeOperands": "0"}}
2018/12/30-01:21:43.144174 7f8b393ef700 [db/compaction_job.cc:1287] [usertable] [JOB 4] Compacted 1@1 files to L2 => 200704874 bytes
2018/12/30-01:21:43.179787 7f8b393ef700 (Original Log Time 2018/12/30-01:21:43.179607) [db/compaction_job.cc:685] [usertable] compacted to: base level 1 max bytes base 536870912 files[1 2 135 555 0 0 0] max score 1.03, MB/sec: 35.8 rd, 35.7 wr, level 2, files in(1, 0) out(3) MB in(191.9, 0.0) out(191.4), read-write-amplify(2.0) write-amplify(1.0) OK, records in: 48596, records dropped: 0 output_compression: LZ4
2018/12/30-01:21:43.179801 7f8b393ef700 (Original Log Time 2018/12/30-01:21:43.179673) EVENT_LOG_v1 {"time_micros": 1546161703179648, "job": 4, "event": "compaction_finished", "compaction_time_micros": 5618457, "output_level": 2, "num_output_files": 3, "total_output_size": 200704874, "num_input_records": 48596, "num_output_records": 48596, "num_subcompactions": 1, "output_compression": "LZ4", "num_single_delete_mismatches": 0, "num_single_delete_fallthrough": 0, "lsm_state": [1, 2, 135, 555, 0, 0, 0]}
2018/12/30-01:21:43.216659 7f8b33dec700 (Original Log Time 2018/12/30-01:21:43.180076) [db/db_impl_compaction_flush.cc:1835] [usertable] Moving #1246 to level-3 67233539 bytes
2018/12/30-01:21:43.216673 7f8b33dec700 (Original Log Time 2018/12/30-01:21:43.216546) EVENT_LOG_v1 {"time_micros": 1546161703216535, "job": 5, "event": "trivial_move", "destination_level": 3, "files": 1, "total_files_size": 67233539}
2018/12/30-01:21:43.216676 7f8b33dec700 (Original Log Time 2018/12/30-01:21:43.216576) [db/db_impl_compaction_flush.cc:1864] [usertable] Moved #1 files to level-3 67233539 bytes OK: base level 1 max bytes base 536870912 files[1 2 134 556 0 0 0] max score 1.02
2018/12/30-01:21:43.290400 7f8b33dec700 EVENT_LOG_v1 {"time_micros": 1546161703290386, "job": 5, "event": "table_file_deletion", "file_number": 234}
2018/12/30-01:21:43.335132 7f8b335eb700 (Original Log Time 2018/12/30-01:21:43.299170) [db/db_impl_compaction_flush.cc:1835] [usertable] Moving #1245 to level-3 67233335 bytes
2018/12/30-01:21:43.335140 7f8b335eb700 (Original Log Time 2018/12/30-01:21:43.335024) EVENT_LOG_v1 {"time_micros": 1546161703335014, "job": 6, "event": "trivial_move", "destination_level": 3, "files": 1, "total_files_size": 67233335}
2018/12/30-01:21:43.335143 7f8b335eb700 (Original Log Time 2018/12/30-01:21:43.335061) [db/db_impl_compaction_flush.cc:1864] [usertable] Moved #1 files to level-3 67233335 bytes OK: base level 1 max bytes base 536870912 files[1 2 133 557 0 0 0] max score 1.01
2018/12/30-01:21:43.372375 7f8b335eb700 (Original Log Time 2018/12/30-01:21:43.335427) [db/db_impl_compaction_flush.cc:1835] [usertable] Moving #1247 to level-3 66238000 bytes
2018/12/30-01:21:43.372383 7f8b335eb700 (Original Log Time 2018/12/30-01:21:43.372272) EVENT_LOG_v1 {"time_micros": 1546161703372262, "job": 7, "event": "trivial_move", "destination_level": 3, "files": 1, "total_files_size": 66238000}
2018/12/30-01:21:43.372386 7f8b335eb700 (Original Log Time 2018/12/30-01:21:43.372296) [db/db_impl_compaction_flush.cc:1864] [usertable] Moved #1 files to level-3 66238000 bytes OK: base level 1 max bytes base 536870912 files[1 2 132 558 0 0 0] max score 0.99
2018/12/30-01:21:43.503772 7f8b3b5f5700 [db/db_impl_write.cc:1373] [usertable] New memtable created with log file: #1248. Immutable memtables: 0.
2018/12/30-01:21:46.160807 7f8b844dd700 [db/db_impl_write.cc:1373] [usertable] New memtable created with log file: #1249. Immutable memtables: 1.
2018/12/30-01:21:46.161315 7f8a2e7fc700 [db/db_impl_compaction_flush.cc:80] [JOB 8] Syncing log #1242
2018/12/30-01:21:46.782583 7f8a2e7fc700 [db/db_impl_compaction_flush.cc:80] [JOB 8] Syncing log #1248
2018/12/30-01:21:47.919439 7f8a2e7fc700 (Original Log Time 2018/12/30-01:21:46.161281) [db/db_impl_compaction_flush.cc:1424] Calling FlushMemTableToOutputFile with column family [usertable], flush slots available 24, compaction slots available 1, flush slots scheduled 1, compaction slots scheduled 0
2018/12/30-01:21:47.919460 7f8a2e7fc700 [db/flush_job.cc:301] [usertable] [JOB 8] Flushing memtable with next log file: 1248
2018/12/30-01:21:47.919472 7f8a2e7fc700 [db/flush_job.cc:301] [usertable] [JOB 8] Flushing memtable with next log file: 1249
2018/12/30-01:21:47.919507 7f8a2e7fc700 EVENT_LOG_v1 {"time_micros": 1546161707919495, "job": 8, "event": "flush_started", "num_memtables": 2, "num_entries": 59236, "num_deletes": 0, "memory_usage": 245444480, "flush_reason": "Write Buffer Full"}
2018/12/30-01:21:47.919520 7f8a2e7fc700 [db/flush_job.cc:331] [usertable] [JOB 8] Level-0 flush table #1250: started
