2018/12/20-22:56:01.859345 7f63b897a700 RocksDB version: 5.14.3
2018/12/20-22:56:01.859412 7f63b897a700 Git sha rocksdb_build_git_sha:
2018/12/20-22:56:01.859416 7f63b897a700 Compile date Dec 16 2018
2018/12/20-22:56:01.859420 7f63b897a700 DB SUMMARY
2018/12/20-22:56:01.859441 7f63b897a700 SST files in /mnt/sdd/ycsb-rocksdb-data dir, Total Num: 0, files: 
2018/12/20-22:56:01.859443 7f63b897a700 Write Ahead Log file in /mnt/sdd/ycsb-rocksdb-data: 
2018/12/20-22:56:01.859446 7f63b897a700                         Options.error_if_exists: 0
2018/12/20-22:56:01.859447 7f63b897a700                       Options.create_if_missing: 1
2018/12/20-22:56:01.859448 7f63b897a700                         Options.paranoid_checks: 1
2018/12/20-22:56:01.859449 7f63b897a700                                     Options.env: 0x7f632bdee2c0
2018/12/20-22:56:01.859450 7f63b897a700                                Options.info_log: 0x7f635c3b2550
2018/12/20-22:56:01.859451 7f63b897a700                Options.max_file_opening_threads: 16
2018/12/20-22:56:01.859452 7f63b897a700                              Options.statistics: (nil)
2018/12/20-22:56:01.859453 7f63b897a700                               Options.use_fsync: 0
2018/12/20-22:56:01.859454 7f63b897a700                       Options.max_log_file_size: 0
2018/12/20-22:56:01.859455 7f63b897a700                  Options.max_manifest_file_size: 18446744073709551615
2018/12/20-22:56:01.859456 7f63b897a700                   Options.log_file_time_to_roll: 0
2018/12/20-22:56:01.859457 7f63b897a700                       Options.keep_log_file_num: 1000
2018/12/20-22:56:01.859458 7f63b897a700                    Options.recycle_log_file_num: 0
2018/12/20-22:56:01.859459 7f63b897a700                         Options.allow_fallocate: 1
2018/12/20-22:56:01.859460 7f63b897a700                        Options.allow_mmap_reads: 0
2018/12/20-22:56:01.859461 7f63b897a700                       Options.allow_mmap_writes: 0
2018/12/20-22:56:01.859461 7f63b897a700                        Options.use_direct_reads: 0
2018/12/20-22:56:01.859462 7f63b897a700                        Options.use_direct_io_for_flush_and_compaction: 0
2018/12/20-22:56:01.859463 7f63b897a700          Options.create_missing_column_families: 1
2018/12/20-22:56:01.859464 7f63b897a700                              Options.db_log_dir: 
2018/12/20-22:56:01.859465 7f63b897a700                                 Options.wal_dir: /mnt/sdd/ycsb-rocksdb-data
2018/12/20-22:56:01.859466 7f63b897a700                Options.table_cache_numshardbits: 6
2018/12/20-22:56:01.859467 7f63b897a700                      Options.max_subcompactions: 4
2018/12/20-22:56:01.859468 7f63b897a700                  Options.max_background_flushes: 24
2018/12/20-22:56:01.859469 7f63b897a700                         Options.WAL_ttl_seconds: 0
2018/12/20-22:56:01.859470 7f63b897a700                       Options.WAL_size_limit_MB: 0
2018/12/20-22:56:01.859471 7f63b897a700             Options.manifest_preallocation_size: 4194304
2018/12/20-22:56:01.859472 7f63b897a700                     Options.is_fd_close_on_exec: 1
2018/12/20-22:56:01.859473 7f63b897a700                   Options.advise_random_on_open: 1
2018/12/20-22:56:01.859474 7f63b897a700                    Options.db_write_buffer_size: 0
2018/12/20-22:56:01.859475 7f63b897a700                    Options.write_buffer_manager: 0x7f635c3acea0
2018/12/20-22:56:01.859476 7f63b897a700         Options.access_hint_on_compaction_start: 1
2018/12/20-22:56:01.859477 7f63b897a700  Options.new_table_reader_for_compaction_inputs: 0
2018/12/20-22:56:01.859478 7f63b897a700           Options.random_access_max_buffer_size: 1048576
2018/12/20-22:56:01.859479 7f63b897a700                      Options.use_adaptive_mutex: 0
2018/12/20-22:56:01.859479 7f63b897a700                            Options.rate_limiter: (nil)
2018/12/20-22:56:01.859481 7f63b897a700     Options.sst_file_manager.rate_bytes_per_sec: 0
2018/12/20-22:56:01.859482 7f63b897a700                       Options.wal_recovery_mode: 2
2018/12/20-22:56:01.859483 7f63b897a700                  Options.enable_thread_tracking: 0
2018/12/20-22:56:01.859484 7f63b897a700                  Options.enable_pipelined_write: 1
2018/12/20-22:56:01.859494 7f63b897a700         Options.allow_concurrent_memtable_write: 1
2018/12/20-22:56:01.859495 7f63b897a700      Options.enable_write_thread_adaptive_yield: 1
2018/12/20-22:56:01.859496 7f63b897a700             Options.write_thread_max_yield_usec: 100
2018/12/20-22:56:01.859497 7f63b897a700            Options.write_thread_slow_yield_usec: 3
2018/12/20-22:56:01.859498 7f63b897a700                               Options.row_cache: None
2018/12/20-22:56:01.859499 7f63b897a700                              Options.wal_filter: None
2018/12/20-22:56:01.859500 7f63b897a700             Options.avoid_flush_during_recovery: 0
2018/12/20-22:56:01.859501 7f63b897a700             Options.allow_ingest_behind: 0
2018/12/20-22:56:01.859502 7f63b897a700             Options.preserve_deletes: 0
2018/12/20-22:56:01.859503 7f63b897a700             Options.two_write_queues: 0
2018/12/20-22:56:01.859504 7f63b897a700             Options.manual_wal_flush: 0
2018/12/20-22:56:01.859506 7f63b897a700             Options.max_background_jobs: 24
2018/12/20-22:56:01.859507 7f63b897a700             Options.max_background_compactions: 24
2018/12/20-22:56:01.859508 7f63b897a700             Options.avoid_flush_during_shutdown: 0
2018/12/20-22:56:01.859509 7f63b897a700           Options.writable_file_max_buffer_size: 1048576
2018/12/20-22:56:01.859510 7f63b897a700             Options.delayed_write_rate : 16777216
2018/12/20-22:56:01.859511 7f63b897a700             Options.max_total_wal_size: 0
2018/12/20-22:56:01.859512 7f63b897a700             Options.delete_obsolete_files_period_micros: 21600000000
2018/12/20-22:56:01.859513 7f63b897a700                   Options.stats_dump_period_sec: 60
2018/12/20-22:56:01.859514 7f63b897a700                          Options.max_open_files: -1
2018/12/20-22:56:01.859515 7f63b897a700                          Options.bytes_per_sync: 1048576
2018/12/20-22:56:01.859515 7f63b897a700                      Options.wal_bytes_per_sync: 0
2018/12/20-22:56:01.859516 7f63b897a700       Options.compaction_readahead_size: 0
2018/12/20-22:56:01.859517 7f63b897a700 Compression algorithms supported:
2018/12/20-22:56:01.859519 7f63b897a700 	kZSTDNotFinalCompression supported: 1
2018/12/20-22:56:01.859528 7f63b897a700 	kZSTD supported: 1
2018/12/20-22:56:01.859530 7f63b897a700 	kXpressCompression supported: 0
2018/12/20-22:56:01.859531 7f63b897a700 	kLZ4HCCompression supported: 1
2018/12/20-22:56:01.859532 7f63b897a700 	kLZ4Compression supported: 1
2018/12/20-22:56:01.859533 7f63b897a700 	kBZip2Compression supported: 1
2018/12/20-22:56:01.859534 7f63b897a700 	kZlibCompression supported: 1
2018/12/20-22:56:01.859536 7f63b897a700 	kSnappyCompression supported: 1
2018/12/20-22:56:01.859540 7f63b897a700 Fast CRC32 supported: Supported on x86
2018/12/20-22:56:01.859624 7f63b897a700 [db/db_impl_open.cc:222] Creating manifest 1 
2018/12/20-22:56:01.965588 7f63b897a700 [db/version_set.cc:3085] Recovering from manifest file: MANIFEST-000001
2018/12/20-22:56:01.965701 7f63b897a700 [db/column_family.cc:475] --------------- Options for column family [default]:
2018/12/20-22:56:01.965705 7f63b897a700               Options.comparator: leveldb.BytewiseComparator
2018/12/20-22:56:01.965707 7f63b897a700           Options.merge_operator: None
2018/12/20-22:56:01.965708 7f63b897a700        Options.compaction_filter: None
2018/12/20-22:56:01.965709 7f63b897a700        Options.compaction_filter_factory: None
2018/12/20-22:56:01.965710 7f63b897a700         Options.memtable_factory: SkipListFactory
2018/12/20-22:56:01.965712 7f63b897a700            Options.table_factory: BlockBasedTable
2018/12/20-22:56:01.965745 7f63b897a700            table_factory options:   flush_block_policy_factory: FlushBlockBySizePolicyFactory (0x7f635c373c90)
  cache_index_and_filter_blocks: 0
  cache_index_and_filter_blocks_with_high_priority: 0
  pin_l0_filter_and_index_blocks_in_cache: 0
  index_type: 0
  hash_index_allow_collision: 1
  checksum: 1
  no_block_cache: 0
  block_cache: 0x7f635c37f950
  block_cache_name: LRUCache
  block_cache_options:
    capacity : 8388608
    num_shard_bits : 4
    strict_capacity_limit : 0
    high_pri_pool_ratio: 0.000
  block_cache_compressed: (nil)
  persistent_cache: (nil)
  block_size: 8192
  block_size_deviation: 10
  block_restart_interval: 16
  index_block_restart_interval: 1
  metadata_block_size: 4096
  partition_filters: 0
  use_delta_encoding: 1
  filter_policy: nullptr
  whole_key_filtering: 1
  verify_compression: 0
  read_amp_bytes_per_bit: 0
  format_version: 2
  enable_index_compression: 1
  block_align: 0
2018/12/20-22:56:01.965767 7f63b897a700        Options.write_buffer_size: 134217728
2018/12/20-22:56:01.965769 7f63b897a700  Options.max_write_buffer_number: 24
2018/12/20-22:56:01.965771 7f63b897a700        Options.compression[0]: NoCompression
2018/12/20-22:56:01.965772 7f63b897a700        Options.compression[1]: NoCompression
2018/12/20-22:56:01.965773 7f63b897a700        Options.compression[2]: LZ4
2018/12/20-22:56:01.965774 7f63b897a700        Options.compression[3]: LZ4
2018/12/20-22:56:01.965775 7f63b897a700        Options.compression[4]: LZ4
2018/12/20-22:56:01.965776 7f63b897a700        Options.compression[5]: LZ4
2018/12/20-22:56:01.965777 7f63b897a700        Options.compression[6]: LZ4
2018/12/20-22:56:01.965778 7f63b897a700                  Options.bottommost_compression: Disabled
2018/12/20-22:56:01.965779 7f63b897a700       Options.prefix_extractor: nullptr
2018/12/20-22:56:01.965780 7f63b897a700   Options.memtable_insert_with_hint_prefix_extractor: nullptr
2018/12/20-22:56:01.965781 7f63b897a700             Options.num_levels: 7
2018/12/20-22:56:01.965782 7f63b897a700        Options.min_write_buffer_number_to_merge: 2
2018/12/20-22:56:01.965783 7f63b897a700     Options.max_write_buffer_number_to_maintain: 0
2018/12/20-22:56:01.965784 7f63b897a700            Options.compression_opts.window_bits: -14
2018/12/20-22:56:01.965785 7f63b897a700                  Options.compression_opts.level: -1
2018/12/20-22:56:01.965786 7f63b897a700               Options.compression_opts.strategy: 0
2018/12/20-22:56:01.965787 7f63b897a700         Options.compression_opts.max_dict_bytes: 0
2018/12/20-22:56:01.965788 7f63b897a700         Options.compression_opts.zstd_max_train_bytes: 0
2018/12/20-22:56:01.965788 7f63b897a700      Options.level0_file_num_compaction_trigger: 2
2018/12/20-22:56:01.965789 7f63b897a700          Options.level0_slowdown_writes_trigger: 20
2018/12/20-22:56:01.965790 7f63b897a700              Options.level0_stop_writes_trigger: 36
2018/12/20-22:56:01.965791 7f63b897a700                   Options.target_file_size_base: 67108864
2018/12/20-22:56:01.965792 7f63b897a700             Options.target_file_size_multiplier: 1
2018/12/20-22:56:01.965793 7f63b897a700                Options.max_bytes_for_level_base: 536870912
2018/12/20-22:56:01.965794 7f63b897a700 Options.level_compaction_dynamic_level_bytes: 0
2018/12/20-22:56:01.965795 7f63b897a700          Options.max_bytes_for_level_multiplier: 10.000000
2018/12/20-22:56:01.965798 7f63b897a700 Options.max_bytes_for_level_multiplier_addtl[0]: 1
2018/12/20-22:56:01.965799 7f63b897a700 Options.max_bytes_for_level_multiplier_addtl[1]: 1
2018/12/20-22:56:01.965800 7f63b897a700 Options.max_bytes_for_level_multiplier_addtl[2]: 1
2018/12/20-22:56:01.965801 7f63b897a700 Options.max_bytes_for_level_multiplier_addtl[3]: 1
2018/12/20-22:56:01.965802 7f63b897a700 Options.max_bytes_for_level_multiplier_addtl[4]: 1
2018/12/20-22:56:01.965803 7f63b897a700 Options.max_bytes_for_level_multiplier_addtl[5]: 1
2018/12/20-22:56:01.965804 7f63b897a700 Options.max_bytes_for_level_multiplier_addtl[6]: 1
2018/12/20-22:56:01.965805 7f63b897a700       Options.max_sequential_skip_in_iterations: 8
2018/12/20-22:56:01.965806 7f63b897a700                    Options.max_compaction_bytes: 1677721600
2018/12/20-22:56:01.965807 7f63b897a700                        Options.arena_block_size: 16777216
2018/12/20-22:56:01.965808 7f63b897a700   Options.soft_pending_compaction_bytes_limit: 68719476736
2018/12/20-22:56:01.965809 7f63b897a700   Options.hard_pending_compaction_bytes_limit: 274877906944
2018/12/20-22:56:01.965816 7f63b897a700       Options.rate_limit_delay_max_milliseconds: 100
2018/12/20-22:56:01.965817 7f63b897a700                Options.disable_auto_compactions: 0
2018/12/20-22:56:01.965820 7f63b897a700                        Options.compaction_style: kCompactionStyleLevel
2018/12/20-22:56:01.965821 7f63b897a700                          Options.compaction_pri: kByCompensatedSize
2018/12/20-22:56:01.965822 7f63b897a700 Options.compaction_options_universal.size_ratio: 1
2018/12/20-22:56:01.965823 7f63b897a700 Options.compaction_options_universal.min_merge_width: 2
2018/12/20-22:56:01.965824 7f63b897a700 Options.compaction_options_universal.max_merge_width: 4294967295
2018/12/20-22:56:01.965825 7f63b897a700 Options.compaction_options_universal.max_size_amplification_percent: 200
2018/12/20-22:56:01.965827 7f63b897a700 Options.compaction_options_universal.compression_size_percent: -1
2018/12/20-22:56:01.965829 7f63b897a700 Options.compaction_options_universal.stop_style: kCompactionStopStyleTotalSize
2018/12/20-22:56:01.965830 7f63b897a700 Options.compaction_options_fifo.max_table_files_size: 1073741824
2018/12/20-22:56:01.965831 7f63b897a700 Options.compaction_options_fifo.allow_compaction: 0
2018/12/20-22:56:01.965832 7f63b897a700 Options.compaction_options_fifo.ttl: 0
2018/12/20-22:56:01.965833 7f63b897a700                   Options.table_properties_collectors: 
2018/12/20-22:56:01.965834 7f63b897a700                   Options.inplace_update_support: 0
2018/12/20-22:56:01.965835 7f63b897a700                 Options.inplace_update_num_locks: 10000
2018/12/20-22:56:01.965836 7f63b897a700               Options.memtable_prefix_bloom_size_ratio: 0.000000
2018/12/20-22:56:01.965837 7f63b897a700   Options.memtable_huge_page_size: 0
2018/12/20-22:56:01.965838 7f63b897a700                           Options.bloom_locality: 0
2018/12/20-22:56:01.965839 7f63b897a700                    Options.max_successive_merges: 0
2018/12/20-22:56:01.965840 7f63b897a700                Options.optimize_filters_for_hits: 0
2018/12/20-22:56:01.965841 7f63b897a700                Options.paranoid_file_checks: 0
2018/12/20-22:56:01.965842 7f63b897a700                Options.force_consistency_checks: 0
2018/12/20-22:56:01.965843 7f63b897a700                Options.report_bg_io_stats: 0
2018/12/20-22:56:01.965844 7f63b897a700                               Options.ttl: 0
2018/12/20-22:56:01.966549 7f63b897a700 [db/version_set.cc:3361] Recovered from manifest file:/mnt/sdd/ycsb-rocksdb-data/MANIFEST-000001 succeeded,manifest_file_number is 1, next_file_number is 3, last_sequence is 0, log_number is 0,prev_log_number is 0,max_column_family is 0,min_log_number_to_keep is 0
2018/12/20-22:56:01.966553 7f63b897a700 [db/version_set.cc:3369] Column family [default] (ID 0), log number is 0
2018/12/20-22:56:01.966733 7f63b897a700 [db/version_set.cc:2847] Creating manifest 4
2018/12/20-22:56:02.042371 7f63b897a700 [db/column_family.cc:475] --------------- Options for column family [usertable]:
2018/12/20-22:56:02.042379 7f63b897a700               Options.comparator: leveldb.BytewiseComparator
2018/12/20-22:56:02.042380 7f63b897a700           Options.merge_operator: None
2018/12/20-22:56:02.042381 7f63b897a700        Options.compaction_filter: None
2018/12/20-22:56:02.042382 7f63b897a700        Options.compaction_filter_factory: None
2018/12/20-22:56:02.042383 7f63b897a700         Options.memtable_factory: SkipListFactory
2018/12/20-22:56:02.042385 7f63b897a700            Options.table_factory: BlockBasedTable
2018/12/20-22:56:02.042421 7f63b897a700            table_factory options:   flush_block_policy_factory: FlushBlockBySizePolicyFactory (0x7f635c373d70)
  cache_index_and_filter_blocks: 0
  cache_index_and_filter_blocks_with_high_priority: 0
  pin_l0_filter_and_index_blocks_in_cache: 0
  index_type: 0
  hash_index_allow_collision: 1
  checksum: 1
  no_block_cache: 0
  block_cache: 0x7f635c374810
  block_cache_name: LRUCache
  block_cache_options:
    capacity : 8388608
    num_shard_bits : 4
    strict_capacity_limit : 0
    high_pri_pool_ratio: 0.000
  block_cache_compressed: (nil)
  persistent_cache: (nil)
  block_size: 8192
  block_size_deviation: 10
  block_restart_interval: 16
  index_block_restart_interval: 1
  metadata_block_size: 4096
  partition_filters: 0
  use_delta_encoding: 1
  filter_policy: nullptr
  whole_key_filtering: 1
  verify_compression: 0
  read_amp_bytes_per_bit: 0
  format_version: 2
  enable_index_compression: 1
  block_align: 0
2018/12/20-22:56:02.042425 7f63b897a700        Options.write_buffer_size: 134217728
2018/12/20-22:56:02.042426 7f63b897a700  Options.max_write_buffer_number: 24
2018/12/20-22:56:02.042428 7f63b897a700        Options.compression[0]: NoCompression
2018/12/20-22:56:02.042429 7f63b897a700        Options.compression[1]: NoCompression
2018/12/20-22:56:02.042430 7f63b897a700        Options.compression[2]: LZ4
2018/12/20-22:56:02.042431 7f63b897a700        Options.compression[3]: LZ4
2018/12/20-22:56:02.042432 7f63b897a700        Options.compression[4]: LZ4
2018/12/20-22:56:02.042433 7f63b897a700        Options.compression[5]: LZ4
2018/12/20-22:56:02.042434 7f63b897a700        Options.compression[6]: LZ4
2018/12/20-22:56:02.042435 7f63b897a700                  Options.bottommost_compression: Disabled
2018/12/20-22:56:02.042436 7f63b897a700       Options.prefix_extractor: nullptr
2018/12/20-22:56:02.042437 7f63b897a700   Options.memtable_insert_with_hint_prefix_extractor: nullptr
2018/12/20-22:56:02.042437 7f63b897a700             Options.num_levels: 7
2018/12/20-22:56:02.042438 7f63b897a700        Options.min_write_buffer_number_to_merge: 2
2018/12/20-22:56:02.042439 7f63b897a700     Options.max_write_buffer_number_to_maintain: 0
2018/12/20-22:56:02.042440 7f63b897a700            Options.compression_opts.window_bits: -14
2018/12/20-22:56:02.042441 7f63b897a700                  Options.compression_opts.level: -1
2018/12/20-22:56:02.042443 7f63b897a700               Options.compression_opts.strategy: 0
2018/12/20-22:56:02.042443 7f63b897a700         Options.compression_opts.max_dict_bytes: 0
2018/12/20-22:56:02.042444 7f63b897a700         Options.compression_opts.zstd_max_train_bytes: 0
2018/12/20-22:56:02.042445 7f63b897a700      Options.level0_file_num_compaction_trigger: 2
2018/12/20-22:56:02.042446 7f63b897a700          Options.level0_slowdown_writes_trigger: 20
2018/12/20-22:56:02.042447 7f63b897a700              Options.level0_stop_writes_trigger: 36
2018/12/20-22:56:02.042448 7f63b897a700                   Options.target_file_size_base: 67108864
2018/12/20-22:56:02.042449 7f63b897a700             Options.target_file_size_multiplier: 1
2018/12/20-22:56:02.042450 7f63b897a700                Options.max_bytes_for_level_base: 536870912
2018/12/20-22:56:02.042451 7f63b897a700 Options.level_compaction_dynamic_level_bytes: 0
2018/12/20-22:56:02.042452 7f63b897a700          Options.max_bytes_for_level_multiplier: 10.000000
2018/12/20-22:56:02.042455 7f63b897a700 Options.max_bytes_for_level_multiplier_addtl[0]: 1
2018/12/20-22:56:02.042465 7f63b897a700 Options.max_bytes_for_level_multiplier_addtl[1]: 1
2018/12/20-22:56:02.042467 7f63b897a700 Options.max_bytes_for_level_multiplier_addtl[2]: 1
2018/12/20-22:56:02.042468 7f63b897a700 Options.max_bytes_for_level_multiplier_addtl[3]: 1
2018/12/20-22:56:02.042469 7f63b897a700 Options.max_bytes_for_level_multiplier_addtl[4]: 1
2018/12/20-22:56:02.042470 7f63b897a700 Options.max_bytes_for_level_multiplier_addtl[5]: 1
2018/12/20-22:56:02.042471 7f63b897a700 Options.max_bytes_for_level_multiplier_addtl[6]: 1
2018/12/20-22:56:02.042472 7f63b897a700       Options.max_sequential_skip_in_iterations: 8
2018/12/20-22:56:02.042472 7f63b897a700                    Options.max_compaction_bytes: 1677721600
2018/12/20-22:56:02.042473 7f63b897a700                        Options.arena_block_size: 16777216
2018/12/20-22:56:02.042474 7f63b897a700   Options.soft_pending_compaction_bytes_limit: 68719476736
2018/12/20-22:56:02.042475 7f63b897a700   Options.hard_pending_compaction_bytes_limit: 274877906944
2018/12/20-22:56:02.042476 7f63b897a700       Options.rate_limit_delay_max_milliseconds: 100
2018/12/20-22:56:02.042477 7f63b897a700                Options.disable_auto_compactions: 0
2018/12/20-22:56:02.042480 7f63b897a700                        Options.compaction_style: kCompactionStyleLevel
2018/12/20-22:56:02.042482 7f63b897a700                          Options.compaction_pri: kByCompensatedSize
2018/12/20-22:56:02.042483 7f63b897a700 Options.compaction_options_universal.size_ratio: 1
2018/12/20-22:56:02.042484 7f63b897a700 Options.compaction_options_universal.min_merge_width: 2
2018/12/20-22:56:02.042485 7f63b897a700 Options.compaction_options_universal.max_merge_width: 4294967295
2018/12/20-22:56:02.042486 7f63b897a700 Options.compaction_options_universal.max_size_amplification_percent: 200
2018/12/20-22:56:02.042487 7f63b897a700 Options.compaction_options_universal.compression_size_percent: -1
2018/12/20-22:56:02.042489 7f63b897a700 Options.compaction_options_universal.stop_style: kCompactionStopStyleTotalSize
2018/12/20-22:56:02.042490 7f63b897a700 Options.compaction_options_fifo.max_table_files_size: 1073741824
2018/12/20-22:56:02.042491 7f63b897a700 Options.compaction_options_fifo.allow_compaction: 0
2018/12/20-22:56:02.042492 7f63b897a700 Options.compaction_options_fifo.ttl: 0
2018/12/20-22:56:02.042493 7f63b897a700                   Options.table_properties_collectors: 
2018/12/20-22:56:02.042494 7f63b897a700                   Options.inplace_update_support: 0
2018/12/20-22:56:02.042494 7f63b897a700                 Options.inplace_update_num_locks: 10000
2018/12/20-22:56:02.042495 7f63b897a700               Options.memtable_prefix_bloom_size_ratio: 0.000000
2018/12/20-22:56:02.042497 7f63b897a700   Options.memtable_huge_page_size: 0
2018/12/20-22:56:02.042498 7f63b897a700                           Options.bloom_locality: 0
2018/12/20-22:56:02.042499 7f63b897a700                    Options.max_successive_merges: 0
2018/12/20-22:56:02.042500 7f63b897a700                Options.optimize_filters_for_hits: 0
2018/12/20-22:56:02.042501 7f63b897a700                Options.paranoid_file_checks: 0
2018/12/20-22:56:02.042501 7f63b897a700                Options.force_consistency_checks: 0
2018/12/20-22:56:02.042502 7f63b897a700                Options.report_bg_io_stats: 0
2018/12/20-22:56:02.042503 7f63b897a700                               Options.ttl: 0
2018/12/20-22:56:02.042598 7f63b897a700 [db/db_impl.cc:1396] Created column family [usertable] (ID 1)
2018/12/20-22:56:02.123106 7f63b897a700 [db/db_impl_open.cc:1219] DB pointer 0x7f635c3b2ca0
2018/12/20-22:56:11.089269 7f6368efd700 [db/db_impl_write.cc:1373] [usertable] New memtable created with log file: #9. Immutable memtables: 0.
2018/12/20-22:56:20.053913 7f6368efd700 [db/db_impl_write.cc:1373] [usertable] New memtable created with log file: #10. Immutable memtables: 1.
2018/12/20-22:56:20.054085 7f6268ff9700 [db/db_impl_compaction_flush.cc:80] [JOB 2] Syncing log #3
2018/12/20-22:56:20.721495 7f6268ff9700 [db/db_impl_compaction_flush.cc:80] [JOB 2] Syncing log #9
2018/12/20-22:56:22.631706 7f6268ff9700 (Original Log Time 2018/12/20-22:56:20.054022) [db/db_impl_compaction_flush.cc:1424] Calling FlushMemTableToOutputFile with column family [usertable], flush slots available 24, compaction slots available 1, flush slots scheduled 1, compaction slots scheduled 0
2018/12/20-22:56:22.631729 7f6268ff9700 [db/flush_job.cc:301] [usertable] [JOB 2] Flushing memtable with next log file: 9
2018/12/20-22:56:22.631743 7f6268ff9700 [db/flush_job.cc:301] [usertable] [JOB 2] Flushing memtable with next log file: 10
2018/12/20-22:56:22.631801 7f6268ff9700 EVENT_LOG_v1 {"time_micros": 1545375382631783, "job": 2, "event": "flush_started", "num_memtables": 2, "num_entries": 62751, "num_deletes": 0, "memory_usage": 260119080, "flush_reason": "Write Buffer Full"}
2018/12/20-22:56:22.631823 7f6268ff9700 [db/flush_job.cc:331] [usertable] [JOB 2] Level-0 flush table #11: started
2018/12/20-22:56:24.464581 7f6268ff9700 EVENT_LOG_v1 {"time_micros": 1545375384464556, "cf_name": "usertable", "job": 2, "event": "table_file_creation", "file_number": 11, "file_size": 259876992, "table_properties": {"data_size": 258722387, "index_size": 1153678, "filter_size": 0, "raw_key_size": 1506024, "raw_average_key_size": 24, "raw_value_size": 257028096, "raw_average_value_size": 4096, "num_data_blocks": 31376, "num_entries": 62751, "filter_policy_name": "", "kDeletedKeys": "0", "kMergeOperands": "0"}}
2018/12/20-22:56:24.464632 7f6268ff9700 [db/flush_job.cc:371] [usertable] [JOB 2] Level-0 flush table #11: 259876992 bytes OK
2018/12/20-22:56:24.494754 7f6268ff9700 (Original Log Time 2018/12/20-22:56:24.464653) [db/memtable_list.cc:377] [usertable] Level-0 commit table #11 started
2018/12/20-22:56:24.494757 7f6268ff9700 (Original Log Time 2018/12/20-22:56:24.494670) [db/memtable_list.cc:409] [usertable] Level-0 commit table #11: memtable #1 done
2018/12/20-22:56:24.494759 7f6268ff9700 (Original Log Time 2018/12/20-22:56:24.494679) [db/memtable_list.cc:409] [usertable] Level-0 commit table #11: memtable #2 done
2018/12/20-22:56:24.494761 7f6268ff9700 (Original Log Time 2018/12/20-22:56:24.494696) EVENT_LOG_v1 {"time_micros": 1545375384494688, "job": 2, "event": "flush_finished", "output_compression": "NoCompression", "lsm_state": [1, 0, 0, 0, 0, 0, 0], "immutable_memtables": 0}
2018/12/20-22:56:24.494762 7f6268ff9700 (Original Log Time 2018/12/20-22:56:24.494726) [db/db_impl_compaction_flush.cc:177] [usertable] Level summary: base level 1 max bytes base 536870912 files[1 0 0 0 0 0 0] max score 0.50
2018/12/20-22:56:24.494776 7f6268ff9700 [db/db_impl_files.cc:347] [JOB 2] Try to delete WAL files size 259087347, prev total WAL file size 323263290, number of live WAL files 3.
2018/12/20-22:56:29.019291 7f63b8374700 [db/db_impl_write.cc:1373] [usertable] New memtable created with log file: #12. Immutable memtables: 0.
2018/12/20-22:56:37.984842 7f6368cfb700 [db/db_impl_write.cc:1373] [usertable] New memtable created with log file: #13. Immutable memtables: 1.
2018/12/20-22:56:37.984924 7f62d5ffb700 [db/db_impl_compaction_flush.cc:80] [JOB 3] Syncing log #10
2018/12/20-22:56:38.965715 7f62d5ffb700 [db/db_impl_compaction_flush.cc:80] [JOB 3] Syncing log #12
2018/12/20-22:56:40.158012 7f62d5ffb700 (Original Log Time 2018/12/20-22:56:37.984903) [db/db_impl_compaction_flush.cc:1424] Calling FlushMemTableToOutputFile with column family [usertable], flush slots available 24, compaction slots available 1, flush slots scheduled 1, compaction slots scheduled 0
2018/12/20-22:56:40.158027 7f62d5ffb700 [db/flush_job.cc:301] [usertable] [JOB 3] Flushing memtable with next log file: 12
2018/12/20-22:56:40.158035 7f62d5ffb700 [db/flush_job.cc:301] [usertable] [JOB 3] Flushing memtable with next log file: 13
2018/12/20-22:56:40.158083 7f62d5ffb700 EVENT_LOG_v1 {"time_micros": 1545375400158074, "job": 3, "event": "flush_started", "num_memtables": 2, "num_entries": 62756, "num_deletes": 0, "memory_usage": 260073224, "flush_reason": "Write Buffer Full"}
2018/12/20-22:56:40.158089 7f62d5ffb700 [db/flush_job.cc:331] [usertable] [JOB 3] Level-0 flush table #14: started
2018/12/20-22:56:41.306715 7f62d5ffb700 EVENT_LOG_v1 {"time_micros": 1545375401306685, "cf_name": "usertable", "job": 3, "event": "table_file_creation", "file_number": 14, "file_size": 259911610, "table_properties": {"data_size": 258749961, "index_size": 1160722, "filter_size": 0, "raw_key_size": 1506144, "raw_average_key_size": 24, "raw_value_size": 257048576, "raw_average_value_size": 4096, "num_data_blocks": 31378, "num_entries": 62756, "filter_policy_name": "", "kDeletedKeys": "0", "kMergeOperands": "0"}}
2018/12/20-22:56:41.306749 7f62d5ffb700 [db/flush_job.cc:371] [usertable] [JOB 3] Level-0 flush table #14: 259911610 bytes OK
2018/12/20-22:56:41.336309 7f62d5ffb700 (Original Log Time 2018/12/20-22:56:41.306768) [db/memtable_list.cc:377] [usertable] Level-0 commit table #14 started
2018/12/20-22:56:41.336313 7f62d5ffb700 (Original Log Time 2018/12/20-22:56:41.336219) [db/memtable_list.cc:409] [usertable] Level-0 commit table #14: memtable #1 done
2018/12/20-22:56:41.336315 7f62d5ffb700 (Original Log Time 2018/12/20-22:56:41.336222) [db/memtable_list.cc:409] [usertable] Level-0 commit table #14: memtable #2 done
2018/12/20-22:56:41.336317 7f62d5ffb700 (Original Log Time 2018/12/20-22:56:41.336242) EVENT_LOG_v1 {"time_micros": 1545375401336233, "job": 3, "event": "flush_finished", "output_compression": "NoCompression", "lsm_state": [2, 0, 0, 0, 0, 0, 0], "immutable_memtables": 0}
2018/12/20-22:56:41.336318 7f62d5ffb700 (Original Log Time 2018/12/20-22:56:41.336282) [db/db_impl_compaction_flush.cc:177] [usertable] Level summary: base level 1 max bytes base 536870912 files[2 0 0 0 0 0 0] max score 1.00
2018/12/20-22:56:41.336331 7f62d5ffb700 [db/db_impl_files.cc:347] [JOB 3] Try to delete WAL files size 259110452, prev total WAL file size 307555901, number of live WAL files 3.
2018/12/20-22:56:41.336532 7f632b476700 [WARN] [db/db_impl.cc:491] ------- DUMPING STATS -------
2018/12/20-22:56:41.336585 7f632b476700 [WARN] [db/db_impl.cc:492] 
** DB Stats **
Uptime(secs): 39.4 total, 39.4 interval
Cumulative writes: 137K writes, 137K keys, 135K commit groups, 1.0 writes per commit group, ingest: 0.53 GB, 13.73 MB/s
Cumulative WAL: 137K writes, 0 syncs, 137240.00 writes per sync, written: 0.53 GB, 13.73 MB/s
Cumulative stall: 00:00:0.000 H:M:S, 0.0 percent
Interval writes: 137K writes, 137K keys, 135K commit groups, 1.0 writes per commit group, ingest: 540.40 MB, 13.73 MB/s
Interval WAL: 137K writes, 0 syncs, 137240.00 writes per sync, written: 0.53 MB, 13.73 MB/s
Interval stall: 00:00:0.000 H:M:S, 0.0 percent

** Compaction Stats [default] **
Level    Files   Size     Score Read(GB)  Rn(GB) Rnp1(GB) Write(GB) Wnew(GB) Moved(GB) W-Amp Rd(MB/s) Wr(MB/s) Comp(sec) Comp(cnt) Avg(sec) KeyIn KeyDrop
----------------------------------------------------------------------------------------------------------------------------------------------------------
 Sum      0/0    0.00 KB   0.0      0.0     0.0      0.0       0.0      0.0       0.0   0.0      0.0      0.0         0         0    0.000       0      0
 Int      0/0    0.00 KB   0.0      0.0     0.0      0.0       0.0      0.0       0.0   0.0      0.0      0.0         0         0    0.000       0      0
Uptime(secs): 39.4 total, 39.4 interval
Flush(GB): cumulative 0.000, interval 0.000
AddFile(GB): cumulative 0.000, interval 0.000
AddFile(Total Files): cumulative 0, interval 0
AddFile(L0 Files): cumulative 0, interval 0
AddFile(Keys): cumulative 0, interval 0
Cumulative compaction: 0.00 GB write, 0.00 MB/s write, 0.00 GB read, 0.00 MB/s read, 0.0 seconds
Interval compaction: 0.00 GB write, 0.00 MB/s write, 0.00 GB read, 0.00 MB/s read, 0.0 seconds
Stalls(count): 0 level0_slowdown, 0 level0_slowdown_with_compaction, 0 level0_numfiles, 0 level0_numfiles_with_compaction, 0 stop for pending_compaction_bytes, 0 slowdown for pending_compaction_bytes, 0 memtable_compaction, 0 memtable_slowdown, interval 0 total count

** File Read Latency Histogram By Level [default] **

** Compaction Stats [usertable] **
Level    Files   Size     Score Read(GB)  Rn(GB) Rnp1(GB) Write(GB) Wnew(GB) Moved(GB) W-Amp Rd(MB/s) Wr(MB/s) Comp(sec) Comp(cnt) Avg(sec) KeyIn KeyDrop
----------------------------------------------------------------------------------------------------------------------------------------------------------
  L0      2/0   495.71 MB   1.0      0.0     0.0      0.0       0.5      0.5       0.0   1.0      0.0    166.3         3         2    1.491       0      0
 Sum      2/0   495.71 MB   0.0      0.0     0.0      0.0       0.5      0.5       0.0   1.0      0.0    166.3         3         2    1.491       0      0
 Int      0/0    0.00 KB   0.0      0.0     0.0      0.0       0.5      0.5       0.0   1.0      0.0    166.3         3         2    1.491       0      0
Uptime(secs): 39.3 total, 39.3 interval
Flush(GB): cumulative 0.484, interval 0.484
AddFile(GB): cumulative 0.000, interval 0.000
AddFile(Total Files): cumulative 0, interval 0
AddFile(L0 Files): cumulative 0, interval 0
AddFile(Keys): cumulative 0, interval 0
Cumulative compaction: 0.48 GB write, 12.62 MB/s write, 0.00 GB read, 0.00 MB/s read, 3.0 seconds
Interval compaction: 0.48 GB write, 12.62 MB/s write, 0.00 GB read, 0.00 MB/s read, 3.0 seconds
Stalls(count): 0 level0_slowdown, 0 level0_slowdown_with_compaction, 0 level0_numfiles, 0 level0_numfiles_with_compaction, 0 stop for pending_compaction_bytes, 0 slowdown for pending_compaction_bytes, 0 memtable_compaction, 0 memtable_slowdown, interval 0 total count

** File Read Latency Histogram By Level [usertable] **

** Compaction Stats [default] **
Level    Files   Size     Score Read(GB)  Rn(GB) Rnp1(GB) Write(GB) Wnew(GB) Moved(GB) W-Amp Rd(MB/s) Wr(MB/s) Comp(sec) Comp(cnt) Avg(sec) KeyIn KeyDrop
----------------------------------------------------------------------------------------------------------------------------------------------------------
 Sum      0/0    0.00 KB   0.0      0.0     0.0      0.0       0.0      0.0       0.0   0.0      0.0      0.0         0         0    0.000       0      0
 Int      0/0    0.00 KB   0.0      0.0     0.0      0.0       0.0      0.0       0.0   0.0      0.0      0.0         0         0    0.000       0      0
Uptime(secs): 39.4 total, 0.0 interval
Flush(GB): cumulative 0.000, interval 0.000
AddFile(GB): cumulative 0.000, interval 0.000
AddFile(Total Files): cumulative 0, interval 0
AddFile(L0 Files): cumulative 0, interval 0
AddFile(Keys): cumulative 0, interval 0
Cumulative compaction: 0.00 GB write, 0.00 MB/s write, 0.00 GB read, 0.00 MB/s read, 0.0 seconds
Interval compaction: 0.00 GB write, 0.00 MB/s write, 0.00 GB read, 0.00 MB/s read, 0.0 seconds
Stalls(count): 0 level0_slowdown, 0 level0_slowdown_with_compaction, 0 level0_numfiles, 0 level0_numfiles_with_compaction, 0 stop for pending_compaction_bytes, 0 slowdown for pending_compaction_bytes, 0 memtable_compaction, 0 memtable_slowdown, interval 0 total count

** File Read Latency Histogram By Level [default] **

** Compaction Stats [usertable] **
Level    Files   Size     Score Read(GB)  Rn(GB) Rnp1(GB) Write(GB) Wnew(GB) Moved(GB) W-Amp Rd(MB/s) Wr(MB/s) Comp(sec) Comp(cnt) Avg(sec) KeyIn KeyDrop
----------------------------------------------------------------------------------------------------------------------------------------------------------
  L0      2/0   495.71 MB   1.0      0.0     0.0      0.0       0.5      0.5       0.0   1.0      0.0    166.3         3         2    1.491       0      0
 Sum      2/0   495.71 MB   0.0      0.0     0.0      0.0       0.5      0.5       0.0   1.0      0.0    166.3         3         2    1.491       0      0
 Int      0/0    0.00 KB   0.0      0.0     0.0      0.0       0.0      0.0       0.0   0.0      0.0      0.0         0         0    0.000       0      0
Uptime(secs): 39.3 total, 0.0 interval
Flush(GB): cumulative 0.484, interval 0.000
AddFile(GB): cumulative 0.000, interval 0.000
AddFile(Total Files): cumulative 0, interval 0
AddFile(L0 Files): cumulative 0, interval 0
AddFile(Keys): cumulative 0, interval 0
Cumulative compaction: 0.48 GB write, 12.62 MB/s write, 0.00 GB read, 0.00 MB/s read, 3.0 seconds
Interval compaction: 0.00 GB write, 0.00 MB/s write, 0.00 GB read, 0.00 MB/s read, 0.0 seconds
Stalls(count): 0 level0_slowdown, 0 level0_slowdown_with_compaction, 0 level0_numfiles, 0 level0_numfiles_with_compaction, 0 stop for pending_compaction_bytes, 0 slowdown for pending_compaction_bytes, 0 memtable_compaction, 0 memtable_slowdown, interval 0 total count

** File Read Latency Histogram By Level [usertable] **
2018/12/20-22:56:41.366387 7f632b476700 (Original Log Time 2018/12/20-22:56:41.336679) [db/db_impl_compaction_flush.cc:1835] [usertable] Moving #14 to level-1 259911610 bytes
2018/12/20-22:56:41.366391 7f632b476700 (Original Log Time 2018/12/20-22:56:41.366345) EVENT_LOG_v1 {"time_micros": 1545375401366333, "job": 4, "event": "trivial_move", "destination_level": 1, "files": 1, "total_files_size": 259911610}
2018/12/20-22:56:41.366393 7f632b476700 (Original Log Time 2018/12/20-22:56:41.366354) [db/db_impl_compaction_flush.cc:1864] [usertable] Moved #1 files to level-1 259911610 bytes OK: base level 1 max bytes base 536870912 files[1 1 0 0 0 0 0] max score 0.50
2018/12/20-22:56:46.949655 7f63b8172700 [db/db_impl_write.cc:1373] [usertable] New memtable created with log file: #15. Immutable memtables: 0.
2018/12/20-22:56:55.914772 7f63b897a700 [db/db_impl_write.cc:1373] [usertable] New memtable created with log file: #16. Immutable memtables: 1.
2018/12/20-22:56:55.914888 7f62d4ff9700 [db/db_impl_compaction_flush.cc:80] [JOB 5] Syncing log #13
2018/12/20-22:56:57.563942 7f62d4ff9700 [db/db_impl_compaction_flush.cc:80] [JOB 5] Syncing log #15
2018/12/20-22:56:58.689499 7f62d4ff9700 (Original Log Time 2018/12/20-22:56:55.914865) [db/db_impl_compaction_flush.cc:1424] Calling FlushMemTableToOutputFile with column family [usertable], flush slots available 24, compaction slots available 1, flush slots scheduled 1, compaction slots scheduled 0
2018/12/20-22:56:58.689516 7f62d4ff9700 [db/flush_job.cc:301] [usertable] [JOB 5] Flushing memtable with next log file: 15
2018/12/20-22:56:58.689525 7f62d4ff9700 [db/flush_job.cc:301] [usertable] [JOB 5] Flushing memtable with next log file: 16
2018/12/20-22:56:58.689557 7f62d4ff9700 EVENT_LOG_v1 {"time_micros": 1545375418689547, "job": 5, "event": "flush_started", "num_memtables": 2, "num_entries": 62756, "num_deletes": 0, "memory_usage": 260058944, "flush_reason": "Write Buffer Full"}
2018/12/20-22:56:58.689565 7f62d4ff9700 [db/flush_job.cc:331] [usertable] [JOB 5] Level-0 flush table #17: started
2018/12/20-22:57:02.023877 7f62d4ff9700 EVENT_LOG_v1 {"time_micros": 1545375422023842, "cf_name": "usertable", "job": 5, "event": "table_file_creation", "file_number": 17, "file_size": 259911609, "table_properties": {"data_size": 258749960, "index_size": 1160722, "filter_size": 0, "raw_key_size": 1506144, "raw_average_key_size": 24, "raw_value_size": 257048576, "raw_average_value_size": 4096, "num_data_blocks": 31378, "num_entries": 62756, "filter_policy_name": "", "kDeletedKeys": "0", "kMergeOperands": "0"}}
2018/12/20-22:57:02.023901 7f62d4ff9700 [db/flush_job.cc:371] [usertable] [JOB 5] Level-0 flush table #17: 259911609 bytes OK
2018/12/20-22:57:02.057618 7f62d4ff9700 (Original Log Time 2018/12/20-22:57:02.023918) [db/memtable_list.cc:377] [usertable] Level-0 commit table #17 started
2018/12/20-22:57:02.057623 7f62d4ff9700 (Original Log Time 2018/12/20-22:57:02.057514) [db/memtable_list.cc:409] [usertable] Level-0 commit table #17: memtable #1 done
2018/12/20-22:57:02.057625 7f62d4ff9700 (Original Log Time 2018/12/20-22:57:02.057519) [db/memtable_list.cc:409] [usertable] Level-0 commit table #17: memtable #2 done
2018/12/20-22:57:02.057626 7f62d4ff9700 (Original Log Time 2018/12/20-22:57:02.057542) EVENT_LOG_v1 {"time_micros": 1545375422057533, "job": 5, "event": "flush_finished", "output_compression": "NoCompression", "lsm_state": [2, 1, 0, 0, 0, 0, 0], "immutable_memtables": 0}
2018/12/20-22:57:02.057628 7f62d4ff9700 (Original Log Time 2018/12/20-22:57:02.057581) [db/db_impl_compaction_flush.cc:177] [usertable] Level summary: base level 1 max bytes base 536870912 files[2 1 0 0 0 0 0] max score 1.00
