2018/12/21-05:38:23.014465 7f93cd4e5700 RocksDB version: 5.14.3
2018/12/21-05:38:23.014526 7f93cd4e5700 Git sha rocksdb_build_git_sha:
2018/12/21-05:38:23.014530 7f93cd4e5700 Compile date Dec 16 2018
2018/12/21-05:38:23.014536 7f93cd4e5700 DB SUMMARY
2018/12/21-05:38:23.015332 7f93cd4e5700 CURRENT file:  CURRENT
2018/12/21-05:38:23.015336 7f93cd4e5700 IDENTITY file:  IDENTITY
2018/12/21-05:38:23.015349 7f93cd4e5700 MANIFEST file:  MANIFEST-000004 size: 119230 Bytes
2018/12/21-05:38:23.015355 7f93cd4e5700 SST files in /mnt/sdd/ycsb-rocksdb-data dir, Total Num: 652, files: 000021.sst 000022.sst 000023.sst 000024.sst 000028.sst 000029.sst 000030.sst 000031.sst 000035.sst 
2018/12/21-05:38:23.015358 7f93cd4e5700 Write Ahead Log file in /mnt/sdd/ycsb-rocksdb-data: 001153.log size: 129826661 ; 001157.log size: 31063662 ; 
2018/12/21-05:38:23.015365 7f93cd4e5700                         Options.error_if_exists: 0
2018/12/21-05:38:23.015369 7f93cd4e5700                       Options.create_if_missing: 1
2018/12/21-05:38:23.015370 7f93cd4e5700                         Options.paranoid_checks: 1
2018/12/21-05:38:23.015371 7f93cd4e5700                                     Options.env: 0x7f937c9882c0
2018/12/21-05:38:23.015372 7f93cd4e5700                                Options.info_log: 0x7f93703ca960
2018/12/21-05:38:23.015373 7f93cd4e5700                Options.max_file_opening_threads: 16
2018/12/21-05:38:23.015375 7f93cd4e5700                              Options.statistics: (nil)
2018/12/21-05:38:23.015376 7f93cd4e5700                               Options.use_fsync: 0
2018/12/21-05:38:23.015377 7f93cd4e5700                       Options.max_log_file_size: 0
2018/12/21-05:38:23.015378 7f93cd4e5700                  Options.max_manifest_file_size: 18446744073709551615
2018/12/21-05:38:23.015379 7f93cd4e5700                   Options.log_file_time_to_roll: 0
2018/12/21-05:38:23.015380 7f93cd4e5700                       Options.keep_log_file_num: 1000
2018/12/21-05:38:23.015381 7f93cd4e5700                    Options.recycle_log_file_num: 0
2018/12/21-05:38:23.015382 7f93cd4e5700                         Options.allow_fallocate: 1
2018/12/21-05:38:23.015383 7f93cd4e5700                        Options.allow_mmap_reads: 0
2018/12/21-05:38:23.015384 7f93cd4e5700                       Options.allow_mmap_writes: 0
2018/12/21-05:38:23.015385 7f93cd4e5700                        Options.use_direct_reads: 0
2018/12/21-05:38:23.015386 7f93cd4e5700                        Options.use_direct_io_for_flush_and_compaction: 0
2018/12/21-05:38:23.015387 7f93cd4e5700          Options.create_missing_column_families: 1
2018/12/21-05:38:23.015389 7f93cd4e5700                              Options.db_log_dir: 
2018/12/21-05:38:23.015390 7f93cd4e5700                                 Options.wal_dir: /mnt/sdd/ycsb-rocksdb-data
2018/12/21-05:38:23.015391 7f93cd4e5700                Options.table_cache_numshardbits: 6
2018/12/21-05:38:23.015392 7f93cd4e5700                      Options.max_subcompactions: 4
2018/12/21-05:38:23.015393 7f93cd4e5700                  Options.max_background_flushes: 24
2018/12/21-05:38:23.015394 7f93cd4e5700                         Options.WAL_ttl_seconds: 0
2018/12/21-05:38:23.015395 7f93cd4e5700                       Options.WAL_size_limit_MB: 0
2018/12/21-05:38:23.015396 7f93cd4e5700             Options.manifest_preallocation_size: 4194304
2018/12/21-05:38:23.015397 7f93cd4e5700                     Options.is_fd_close_on_exec: 1
2018/12/21-05:38:23.015398 7f93cd4e5700                   Options.advise_random_on_open: 1
2018/12/21-05:38:23.015399 7f93cd4e5700                    Options.db_write_buffer_size: 0
2018/12/21-05:38:23.015400 7f93cd4e5700                    Options.write_buffer_manager: 0x7f93703c7730
2018/12/21-05:38:23.015402 7f93cd4e5700         Options.access_hint_on_compaction_start: 1
2018/12/21-05:38:23.015403 7f93cd4e5700  Options.new_table_reader_for_compaction_inputs: 0
2018/12/21-05:38:23.015404 7f93cd4e5700           Options.random_access_max_buffer_size: 1048576
2018/12/21-05:38:23.015405 7f93cd4e5700                      Options.use_adaptive_mutex: 0
2018/12/21-05:38:23.015406 7f93cd4e5700                            Options.rate_limiter: (nil)
2018/12/21-05:38:23.015421 7f93cd4e5700     Options.sst_file_manager.rate_bytes_per_sec: 0
2018/12/21-05:38:23.015423 7f93cd4e5700                       Options.wal_recovery_mode: 2
2018/12/21-05:38:23.015424 7f93cd4e5700                  Options.enable_thread_tracking: 0
2018/12/21-05:38:23.015425 7f93cd4e5700                  Options.enable_pipelined_write: 1
2018/12/21-05:38:23.015426 7f93cd4e5700         Options.allow_concurrent_memtable_write: 1
2018/12/21-05:38:23.015427 7f93cd4e5700      Options.enable_write_thread_adaptive_yield: 1
2018/12/21-05:38:23.015428 7f93cd4e5700             Options.write_thread_max_yield_usec: 100
2018/12/21-05:38:23.015429 7f93cd4e5700            Options.write_thread_slow_yield_usec: 3
2018/12/21-05:38:23.015430 7f93cd4e5700                               Options.row_cache: None
2018/12/21-05:38:23.015431 7f93cd4e5700                              Options.wal_filter: None
2018/12/21-05:38:23.015432 7f93cd4e5700             Options.avoid_flush_during_recovery: 0
2018/12/21-05:38:23.015434 7f93cd4e5700             Options.allow_ingest_behind: 0
2018/12/21-05:38:23.015435 7f93cd4e5700             Options.preserve_deletes: 0
2018/12/21-05:38:23.015436 7f93cd4e5700             Options.two_write_queues: 0
2018/12/21-05:38:23.015437 7f93cd4e5700             Options.manual_wal_flush: 0
2018/12/21-05:38:23.015439 7f93cd4e5700             Options.max_background_jobs: 24
2018/12/21-05:38:23.015440 7f93cd4e5700             Options.max_background_compactions: 24
2018/12/21-05:38:23.015441 7f93cd4e5700             Options.avoid_flush_during_shutdown: 0
2018/12/21-05:38:23.015442 7f93cd4e5700           Options.writable_file_max_buffer_size: 1048576
2018/12/21-05:38:23.015443 7f93cd4e5700             Options.delayed_write_rate : 16777216
2018/12/21-05:38:23.015444 7f93cd4e5700             Options.max_total_wal_size: 0
2018/12/21-05:38:23.015445 7f93cd4e5700             Options.delete_obsolete_files_period_micros: 21600000000
2018/12/21-05:38:23.015446 7f93cd4e5700                   Options.stats_dump_period_sec: 60
2018/12/21-05:38:23.015447 7f93cd4e5700                          Options.max_open_files: -1
2018/12/21-05:38:23.015448 7f93cd4e5700                          Options.bytes_per_sync: 1048576
2018/12/21-05:38:23.015450 7f93cd4e5700                      Options.wal_bytes_per_sync: 0
2018/12/21-05:38:23.015451 7f93cd4e5700       Options.compaction_readahead_size: 0
2018/12/21-05:38:23.015452 7f93cd4e5700 Compression algorithms supported:
2018/12/21-05:38:23.015453 7f93cd4e5700 	kZSTDNotFinalCompression supported: 1
2018/12/21-05:38:23.015462 7f93cd4e5700 	kZSTD supported: 1
2018/12/21-05:38:23.015464 7f93cd4e5700 	kXpressCompression supported: 0
2018/12/21-05:38:23.015465 7f93cd4e5700 	kLZ4HCCompression supported: 1
2018/12/21-05:38:23.015466 7f93cd4e5700 	kLZ4Compression supported: 1
2018/12/21-05:38:23.015467 7f93cd4e5700 	kBZip2Compression supported: 1
2018/12/21-05:38:23.015469 7f93cd4e5700 	kZlibCompression supported: 1
2018/12/21-05:38:23.015470 7f93cd4e5700 	kSnappyCompression supported: 1
2018/12/21-05:38:23.015475 7f93cd4e5700 Fast CRC32 supported: Supported on x86
2018/12/21-05:38:23.015998 7f93cd4e5700 [db/version_set.cc:3085] Recovering from manifest file: MANIFEST-000004
2018/12/21-05:38:23.016141 7f93cd4e5700 [db/column_family.cc:475] --------------- Options for column family [default]:
2018/12/21-05:38:23.016146 7f93cd4e5700               Options.comparator: leveldb.BytewiseComparator
2018/12/21-05:38:23.016147 7f93cd4e5700           Options.merge_operator: None
2018/12/21-05:38:23.016149 7f93cd4e5700        Options.compaction_filter: None
2018/12/21-05:38:23.016150 7f93cd4e5700        Options.compaction_filter_factory: None
2018/12/21-05:38:23.016151 7f93cd4e5700         Options.memtable_factory: SkipListFactory
2018/12/21-05:38:23.016152 7f93cd4e5700            Options.table_factory: BlockBasedTable
2018/12/21-05:38:23.016189 7f93cd4e5700            table_factory options:   flush_block_policy_factory: FlushBlockBySizePolicyFactory (0x7f9370374830)
  cache_index_and_filter_blocks: 0
  cache_index_and_filter_blocks_with_high_priority: 0
  pin_l0_filter_and_index_blocks_in_cache: 0
  index_type: 0
  hash_index_allow_collision: 1
  checksum: 1
  no_block_cache: 0
  block_cache: 0x7f9370380190
  block_cache_name: LRUCache
  block_cache_options:
    capacity : 8388608
    num_shard_bits : 4
    strict_capacity_limit : 0
    high_pri_pool_ratio: 0.000
  block_cache_compressed: (nil)
  persistent_cache: (nil)
  block_size: 8192
  block_size_deviation: 10
  block_restart_interval: 16
  index_block_restart_interval: 1
  metadata_block_size: 4096
  partition_filters: 0
  use_delta_encoding: 1
  filter_policy: nullptr
  whole_key_filtering: 1
  verify_compression: 0
  read_amp_bytes_per_bit: 0
  format_version: 2
  enable_index_compression: 1
  block_align: 0
2018/12/21-05:38:23.016215 7f93cd4e5700        Options.write_buffer_size: 134217728
2018/12/21-05:38:23.016217 7f93cd4e5700  Options.max_write_buffer_number: 24
2018/12/21-05:38:23.016219 7f93cd4e5700        Options.compression[0]: NoCompression
2018/12/21-05:38:23.016220 7f93cd4e5700        Options.compression[1]: NoCompression
2018/12/21-05:38:23.016222 7f93cd4e5700        Options.compression[2]: LZ4
2018/12/21-05:38:23.016223 7f93cd4e5700        Options.compression[3]: LZ4
2018/12/21-05:38:23.016224 7f93cd4e5700        Options.compression[4]: LZ4
2018/12/21-05:38:23.016225 7f93cd4e5700        Options.compression[5]: LZ4
2018/12/21-05:38:23.016226 7f93cd4e5700        Options.compression[6]: LZ4
2018/12/21-05:38:23.016227 7f93cd4e5700                  Options.bottommost_compression: Disabled
2018/12/21-05:38:23.016228 7f93cd4e5700       Options.prefix_extractor: nullptr
2018/12/21-05:38:23.016230 7f93cd4e5700   Options.memtable_insert_with_hint_prefix_extractor: nullptr
2018/12/21-05:38:23.016231 7f93cd4e5700             Options.num_levels: 7
2018/12/21-05:38:23.016232 7f93cd4e5700        Options.min_write_buffer_number_to_merge: 2
2018/12/21-05:38:23.016233 7f93cd4e5700     Options.max_write_buffer_number_to_maintain: 0
2018/12/21-05:38:23.016234 7f93cd4e5700            Options.compression_opts.window_bits: -14
2018/12/21-05:38:23.016235 7f93cd4e5700                  Options.compression_opts.level: -1
2018/12/21-05:38:23.016236 7f93cd4e5700               Options.compression_opts.strategy: 0
2018/12/21-05:38:23.016237 7f93cd4e5700         Options.compression_opts.max_dict_bytes: 0
2018/12/21-05:38:23.016238 7f93cd4e5700         Options.compression_opts.zstd_max_train_bytes: 0
2018/12/21-05:38:23.016239 7f93cd4e5700      Options.level0_file_num_compaction_trigger: 2
2018/12/21-05:38:23.016240 7f93cd4e5700          Options.level0_slowdown_writes_trigger: 20
2018/12/21-05:38:23.016241 7f93cd4e5700              Options.level0_stop_writes_trigger: 36
2018/12/21-05:38:23.016242 7f93cd4e5700                   Options.target_file_size_base: 67108864
2018/12/21-05:38:23.016243 7f93cd4e5700             Options.target_file_size_multiplier: 1
2018/12/21-05:38:23.016244 7f93cd4e5700                Options.max_bytes_for_level_base: 536870912
2018/12/21-05:38:23.016245 7f93cd4e5700 Options.level_compaction_dynamic_level_bytes: 0
2018/12/21-05:38:23.016246 7f93cd4e5700          Options.max_bytes_for_level_multiplier: 10.000000
2018/12/21-05:38:23.016250 7f93cd4e5700 Options.max_bytes_for_level_multiplier_addtl[0]: 1
2018/12/21-05:38:23.016251 7f93cd4e5700 Options.max_bytes_for_level_multiplier_addtl[1]: 1
2018/12/21-05:38:23.016252 7f93cd4e5700 Options.max_bytes_for_level_multiplier_addtl[2]: 1
2018/12/21-05:38:23.016253 7f93cd4e5700 Options.max_bytes_for_level_multiplier_addtl[3]: 1
2018/12/21-05:38:23.016254 7f93cd4e5700 Options.max_bytes_for_level_multiplier_addtl[4]: 1
2018/12/21-05:38:23.016255 7f93cd4e5700 Options.max_bytes_for_level_multiplier_addtl[5]: 1
2018/12/21-05:38:23.016256 7f93cd4e5700 Options.max_bytes_for_level_multiplier_addtl[6]: 1
2018/12/21-05:38:23.016258 7f93cd4e5700       Options.max_sequential_skip_in_iterations: 8
2018/12/21-05:38:23.016259 7f93cd4e5700                    Options.max_compaction_bytes: 1677721600
2018/12/21-05:38:23.016267 7f93cd4e5700                        Options.arena_block_size: 16777216
2018/12/21-05:38:23.016269 7f93cd4e5700   Options.soft_pending_compaction_bytes_limit: 68719476736
2018/12/21-05:38:23.016270 7f93cd4e5700   Options.hard_pending_compaction_bytes_limit: 274877906944
2018/12/21-05:38:23.016271 7f93cd4e5700       Options.rate_limit_delay_max_milliseconds: 100
2018/12/21-05:38:23.016272 7f93cd4e5700                Options.disable_auto_compactions: 0
2018/12/21-05:38:23.016274 7f93cd4e5700                        Options.compaction_style: kCompactionStyleLevel
2018/12/21-05:38:23.016276 7f93cd4e5700                          Options.compaction_pri: kByCompensatedSize
2018/12/21-05:38:23.016277 7f93cd4e5700 Options.compaction_options_universal.size_ratio: 1
2018/12/21-05:38:23.016278 7f93cd4e5700 Options.compaction_options_universal.min_merge_width: 2
2018/12/21-05:38:23.016279 7f93cd4e5700 Options.compaction_options_universal.max_merge_width: 4294967295
2018/12/21-05:38:23.016281 7f93cd4e5700 Options.compaction_options_universal.max_size_amplification_percent: 200
2018/12/21-05:38:23.016282 7f93cd4e5700 Options.compaction_options_universal.compression_size_percent: -1
2018/12/21-05:38:23.016283 7f93cd4e5700 Options.compaction_options_universal.stop_style: kCompactionStopStyleTotalSize
2018/12/21-05:38:23.016284 7f93cd4e5700 Options.compaction_options_fifo.max_table_files_size: 1073741824
2018/12/21-05:38:23.016285 7f93cd4e5700 Options.compaction_options_fifo.allow_compaction: 0
2018/12/21-05:38:23.016287 7f93cd4e5700 Options.compaction_options_fifo.ttl: 0
2018/12/21-05:38:23.016288 7f93cd4e5700                   Options.table_properties_collectors: 
2018/12/21-05:38:23.016289 7f93cd4e5700                   Options.inplace_update_support: 0
2018/12/21-05:38:23.016290 7f93cd4e5700                 Options.inplace_update_num_locks: 10000
2018/12/21-05:38:23.016291 7f93cd4e5700               Options.memtable_prefix_bloom_size_ratio: 0.000000
2018/12/21-05:38:23.016293 7f93cd4e5700   Options.memtable_huge_page_size: 0
2018/12/21-05:38:23.016294 7f93cd4e5700                           Options.bloom_locality: 0
2018/12/21-05:38:23.016295 7f93cd4e5700                    Options.max_successive_merges: 0
2018/12/21-05:38:23.016296 7f93cd4e5700                Options.optimize_filters_for_hits: 0
2018/12/21-05:38:23.016297 7f93cd4e5700                Options.paranoid_file_checks: 0
2018/12/21-05:38:23.016298 7f93cd4e5700                Options.force_consistency_checks: 0
2018/12/21-05:38:23.016299 7f93cd4e5700                Options.report_bg_io_stats: 0
2018/12/21-05:38:23.016300 7f93cd4e5700                               Options.ttl: 0
2018/12/21-05:38:23.016790 7f93cd4e5700 [db/column_family.cc:475] --------------- Options for column family [usertable]:
2018/12/21-05:38:23.016794 7f93cd4e5700               Options.comparator: leveldb.BytewiseComparator
2018/12/21-05:38:23.016795 7f93cd4e5700           Options.merge_operator: None
2018/12/21-05:38:23.016796 7f93cd4e5700        Options.compaction_filter: None
2018/12/21-05:38:23.016798 7f93cd4e5700        Options.compaction_filter_factory: None
2018/12/21-05:38:23.016799 7f93cd4e5700         Options.memtable_factory: SkipListFactory
2018/12/21-05:38:23.016800 7f93cd4e5700            Options.table_factory: BlockBasedTable
2018/12/21-05:38:23.016827 7f93cd4e5700            table_factory options:   flush_block_policy_factory: FlushBlockBySizePolicyFactory (0x7f9370374600)
  cache_index_and_filter_blocks: 0
  cache_index_and_filter_blocks_with_high_priority: 0
  pin_l0_filter_and_index_blocks_in_cache: 0
  index_type: 0
  hash_index_allow_collision: 1
  checksum: 1
  no_block_cache: 0
  block_cache: 0x7f93703750a0
  block_cache_name: LRUCache
  block_cache_options:
    capacity : 8388608
    num_shard_bits : 4
    strict_capacity_limit : 0
    high_pri_pool_ratio: 0.000
  block_cache_compressed: (nil)
  persistent_cache: (nil)
  block_size: 8192
  block_size_deviation: 10
  block_restart_interval: 16
  index_block_restart_interval: 1
  metadata_block_size: 4096
  partition_filters: 0
  use_delta_encoding: 1
  filter_policy: nullptr
  whole_key_filtering: 1
  verify_compression: 0
  read_amp_bytes_per_bit: 0
  format_version: 2
  enable_index_compression: 1
  block_align: 0
2018/12/21-05:38:23.016839 7f93cd4e5700        Options.write_buffer_size: 134217728
2018/12/21-05:38:23.016841 7f93cd4e5700  Options.max_write_buffer_number: 24
2018/12/21-05:38:23.016842 7f93cd4e5700        Options.compression[0]: NoCompression
2018/12/21-05:38:23.016843 7f93cd4e5700        Options.compression[1]: NoCompression
2018/12/21-05:38:23.016844 7f93cd4e5700        Options.compression[2]: LZ4
2018/12/21-05:38:23.016845 7f93cd4e5700        Options.compression[3]: LZ4
2018/12/21-05:38:23.016847 7f93cd4e5700        Options.compression[4]: LZ4
2018/12/21-05:38:23.016848 7f93cd4e5700        Options.compression[5]: LZ4
2018/12/21-05:38:23.016849 7f93cd4e5700        Options.compression[6]: LZ4
2018/12/21-05:38:23.016850 7f93cd4e5700                  Options.bottommost_compression: Disabled
2018/12/21-05:38:23.016851 7f93cd4e5700       Options.prefix_extractor: nullptr
2018/12/21-05:38:23.016852 7f93cd4e5700   Options.memtable_insert_with_hint_prefix_extractor: nullptr
2018/12/21-05:38:23.016853 7f93cd4e5700             Options.num_levels: 7
2018/12/21-05:38:23.016854 7f93cd4e5700        Options.min_write_buffer_number_to_merge: 2
2018/12/21-05:38:23.016855 7f93cd4e5700     Options.max_write_buffer_number_to_maintain: 0
2018/12/21-05:38:23.016856 7f93cd4e5700            Options.compression_opts.window_bits: -14
2018/12/21-05:38:23.016857 7f93cd4e5700                  Options.compression_opts.level: -1
2018/12/21-05:38:23.016858 7f93cd4e5700               Options.compression_opts.strategy: 0
2018/12/21-05:38:23.016859 7f93cd4e5700         Options.compression_opts.max_dict_bytes: 0
2018/12/21-05:38:23.016860 7f93cd4e5700         Options.compression_opts.zstd_max_train_bytes: 0
2018/12/21-05:38:23.016861 7f93cd4e5700      Options.level0_file_num_compaction_trigger: 2
2018/12/21-05:38:23.016862 7f93cd4e5700          Options.level0_slowdown_writes_trigger: 20
2018/12/21-05:38:23.016871 7f93cd4e5700              Options.level0_stop_writes_trigger: 36
2018/12/21-05:38:23.016872 7f93cd4e5700                   Options.target_file_size_base: 67108864
2018/12/21-05:38:23.016873 7f93cd4e5700             Options.target_file_size_multiplier: 1
2018/12/21-05:38:23.016874 7f93cd4e5700                Options.max_bytes_for_level_base: 536870912
2018/12/21-05:38:23.016875 7f93cd4e5700 Options.level_compaction_dynamic_level_bytes: 0
2018/12/21-05:38:23.016876 7f93cd4e5700          Options.max_bytes_for_level_multiplier: 10.000000
2018/12/21-05:38:23.016878 7f93cd4e5700 Options.max_bytes_for_level_multiplier_addtl[0]: 1
2018/12/21-05:38:23.016880 7f93cd4e5700 Options.max_bytes_for_level_multiplier_addtl[1]: 1
2018/12/21-05:38:23.016881 7f93cd4e5700 Options.max_bytes_for_level_multiplier_addtl[2]: 1
2018/12/21-05:38:23.016882 7f93cd4e5700 Options.max_bytes_for_level_multiplier_addtl[3]: 1
2018/12/21-05:38:23.016883 7f93cd4e5700 Options.max_bytes_for_level_multiplier_addtl[4]: 1
2018/12/21-05:38:23.016884 7f93cd4e5700 Options.max_bytes_for_level_multiplier_addtl[5]: 1
2018/12/21-05:38:23.016885 7f93cd4e5700 Options.max_bytes_for_level_multiplier_addtl[6]: 1
2018/12/21-05:38:23.016886 7f93cd4e5700       Options.max_sequential_skip_in_iterations: 8
2018/12/21-05:38:23.016887 7f93cd4e5700                    Options.max_compaction_bytes: 1677721600
2018/12/21-05:38:23.016888 7f93cd4e5700                        Options.arena_block_size: 16777216
2018/12/21-05:38:23.016889 7f93cd4e5700   Options.soft_pending_compaction_bytes_limit: 68719476736
2018/12/21-05:38:23.016890 7f93cd4e5700   Options.hard_pending_compaction_bytes_limit: 274877906944
2018/12/21-05:38:23.016891 7f93cd4e5700       Options.rate_limit_delay_max_milliseconds: 100
2018/12/21-05:38:23.016892 7f93cd4e5700                Options.disable_auto_compactions: 0
2018/12/21-05:38:23.016894 7f93cd4e5700                        Options.compaction_style: kCompactionStyleLevel
2018/12/21-05:38:23.016914 7f93cd4e5700                          Options.compaction_pri: kByCompensatedSize
2018/12/21-05:38:23.016916 7f93cd4e5700 Options.compaction_options_universal.size_ratio: 1
2018/12/21-05:38:23.016917 7f93cd4e5700 Options.compaction_options_universal.min_merge_width: 2
2018/12/21-05:38:23.016918 7f93cd4e5700 Options.compaction_options_universal.max_merge_width: 4294967295
2018/12/21-05:38:23.016919 7f93cd4e5700 Options.compaction_options_universal.max_size_amplification_percent: 200
2018/12/21-05:38:23.016921 7f93cd4e5700 Options.compaction_options_universal.compression_size_percent: -1
2018/12/21-05:38:23.016922 7f93cd4e5700 Options.compaction_options_universal.stop_style: kCompactionStopStyleTotalSize
2018/12/21-05:38:23.016923 7f93cd4e5700 Options.compaction_options_fifo.max_table_files_size: 1073741824
2018/12/21-05:38:23.016924 7f93cd4e5700 Options.compaction_options_fifo.allow_compaction: 0
2018/12/21-05:38:23.016925 7f93cd4e5700 Options.compaction_options_fifo.ttl: 0
2018/12/21-05:38:23.016926 7f93cd4e5700                   Options.table_properties_collectors: 
2018/12/21-05:38:23.016927 7f93cd4e5700                   Options.inplace_update_support: 0
2018/12/21-05:38:23.016928 7f93cd4e5700                 Options.inplace_update_num_locks: 10000
2018/12/21-05:38:23.016929 7f93cd4e5700               Options.memtable_prefix_bloom_size_ratio: 0.000000
2018/12/21-05:38:23.016931 7f93cd4e5700   Options.memtable_huge_page_size: 0
2018/12/21-05:38:23.016932 7f93cd4e5700                           Options.bloom_locality: 0
2018/12/21-05:38:23.016933 7f93cd4e5700                    Options.max_successive_merges: 0
2018/12/21-05:38:23.016934 7f93cd4e5700                Options.optimize_filters_for_hits: 0
2018/12/21-05:38:23.016935 7f93cd4e5700                Options.paranoid_file_checks: 0
2018/12/21-05:38:23.016936 7f93cd4e5700                Options.force_consistency_checks: 0
2018/12/21-05:38:23.016937 7f93cd4e5700                Options.report_bg_io_stats: 0
2018/12/21-05:38:23.016938 7f93cd4e5700                               Options.ttl: 0
2018/12/21-05:38:23.623109 7f93cd4e5700 [db/version_set.cc:3361] Recovered from manifest file:/mnt/sdd/ycsb-rocksdb-data/MANIFEST-000004 succeeded,manifest_file_number is 4, next_file_number is 1156, last_sequence is 10431962, log_number is 0,prev_log_number is 0,max_column_family is 1,min_log_number_to_keep is 0
2018/12/21-05:38:23.623122 7f93cd4e5700 [db/version_set.cc:3369] Column family [default] (ID 0), log number is 0
2018/12/21-05:38:23.623124 7f93cd4e5700 [db/version_set.cc:3369] Column family [usertable] (ID 1), log number is 1153
2018/12/21-05:38:23.625831 7f93cd4e5700 EVENT_LOG_v1 {"time_micros": 1545399503625819, "job": 1, "event": "recovery_started", "log_files": [1153, 1157]}
2018/12/21-05:38:23.625843 7f93cd4e5700 [db/db_impl_open.cc:551] Recovering log #1153 mode 2
2018/12/21-05:38:25.019157 7f93cd4e5700 EVENT_LOG_v1 {"time_micros": 1545399505019126, "cf_name": "usertable", "job": 1, "event": "table_file_creation", "file_number": 1156, "file_size": 129902323, "table_properties": {"data_size": 129321394, "index_size": 580007, "filter_size": 0, "raw_key_size": 752760, "raw_average_key_size": 24, "raw_value_size": 128471040, "raw_average_value_size": 4096, "num_data_blocks": 15683, "num_entries": 31365, "filter_policy_name": "", "kDeletedKeys": "0", "kMergeOperands": "0"}}
2018/12/21-05:38:25.027894 7f93cd4e5700 [db/db_impl_open.cc:551] Recovering log #1157 mode 2
2018/12/21-05:38:25.270233 7f93cd4e5700 [db/version_set.cc:2847] Creating manifest 1159
2018/12/21-05:38:26.023153 7f93cd4e5700 EVENT_LOG_v1 {"time_micros": 1545399506023128, "cf_name": "usertable", "job": 1, "event": "table_file_creation", "file_number": 1160, "file_size": 31172925, "table_properties": {"data_size": 31033835, "index_size": 138169, "filter_size": 0, "raw_key_size": 180648, "raw_average_key_size": 24, "raw_value_size": 30830592, "raw_average_value_size": 4096, "num_data_blocks": 3764, "num_entries": 7527, "filter_policy_name": "", "kDeletedKeys": "0", "kMergeOperands": "0"}}
2018/12/21-05:38:26.053224 7f93cd4e5700 EVENT_LOG_v1 {"time_micros": 1545399506053219, "job": 1, "event": "recovery_finished"}
2018/12/21-05:38:26.117452 7f93cd4e5700 [db/db_impl_open.cc:1219] DB pointer 0x7f93703caeb0
2018/12/21-05:38:26.117859 7f92e2ffd700 [WARN] [db/db_impl.cc:491] ------- DUMPING STATS -------
2018/12/21-05:38:26.117920 7f92e2ffd700 [WARN] [db/db_impl.cc:492] 
** DB Stats **
Uptime(secs): 3.1 total, 3.1 interval
Cumulative writes: 0 writes, 0 keys, 0 commit groups, 0.0 writes per commit group, ingest: 0.00 GB, 0.00 MB/s
Cumulative WAL: 0 writes, 0 syncs, 0.00 writes per sync, written: 0.00 GB, 0.00 MB/s
Cumulative stall: 00:00:0.000 H:M:S, 0.0 percent
Interval writes: 0 writes, 0 keys, 0 commit groups, 0.0 writes per commit group, ingest: 0.00 MB, 0.00 MB/s
Interval WAL: 0 writes, 0 syncs, 0.00 writes per sync, written: 0.00 MB, 0.00 MB/s
Interval stall: 00:00:0.000 H:M:S, 0.0 percent

** Compaction Stats [default] **
Level    Files   Size     Score Read(GB)  Rn(GB) Rnp1(GB) Write(GB) Wnew(GB) Moved(GB) W-Amp Rd(MB/s) Wr(MB/s) Comp(sec) Comp(cnt) Avg(sec) KeyIn KeyDrop
----------------------------------------------------------------------------------------------------------------------------------------------------------
 Sum      0/0    0.00 KB   0.0      0.0     0.0      0.0       0.0      0.0       0.0   0.0      0.0      0.0         0         0    0.000       0      0
 Int      0/0    0.00 KB   0.0      0.0     0.0      0.0       0.0      0.0       0.0   0.0      0.0      0.0         0         0    0.000       0      0
Uptime(secs): 3.1 total, 3.1 interval
Flush(GB): cumulative 0.000, interval 0.000
AddFile(GB): cumulative 0.000, interval 0.000
AddFile(Total Files): cumulative 0, interval 0
AddFile(L0 Files): cumulative 0, interval 0
AddFile(Keys): cumulative 0, interval 0
Cumulative compaction: 0.00 GB write, 0.00 MB/s write, 0.00 GB read, 0.00 MB/s read, 0.0 seconds
Interval compaction: 0.00 GB write, 0.00 MB/s write, 0.00 GB read, 0.00 MB/s read, 0.0 seconds
Stalls(count): 0 level0_slowdown, 0 level0_slowdown_with_compaction, 0 level0_numfiles, 0 level0_numfiles_with_compaction, 0 stop for pending_compaction_bytes, 0 slowdown for pending_compaction_bytes, 0 memtable_compaction, 0 memtable_slowdown, interval 0 total count

** File Read Latency Histogram By Level [default] **

** Compaction Stats [usertable] **
Level    Files   Size     Score Read(GB)  Rn(GB) Rnp1(GB) Write(GB) Wnew(GB) Moved(GB) W-Amp Rd(MB/s) Wr(MB/s) Comp(sec) Comp(cnt) Avg(sec) KeyIn KeyDrop
----------------------------------------------------------------------------------------------------------------------------------------------------------
  L0      3/0   387.31 MB   1.5      0.0     0.0      0.0       0.2      0.2       0.0   1.0      0.0    106.2         1         2    0.723       0      0
  L1      3/0   719.99 MB   1.4      0.0     0.0      0.0       0.0      0.0       0.0   0.0      0.0      0.0         0         0    0.000       0      0
  L2     93/0    4.97 GB   1.0      0.0     0.0      0.0       0.0      0.0       0.0   0.0      0.0      0.0         0         0    0.000       0      0
  L3    555/0   34.13 GB   0.7      0.0     0.0      0.0       0.0      0.0       0.0   0.0      0.0      0.0         0         0    0.000       0      0
 Sum    654/0   40.18 GB   0.0      0.0     0.0      0.0       0.2      0.2       0.0   1.0      0.0    106.2         1         2    0.723       0      0
 Int      0/0    0.00 KB   0.0      0.0     0.0      0.0       0.2      0.2       0.0   1.0      0.0    106.2         1         2    0.723       0      0
Uptime(secs): 3.1 total, 3.1 interval
Flush(GB): cumulative 0.150, interval 0.150
AddFile(GB): cumulative 0.000, interval 0.000
AddFile(Total Files): cumulative 0, interval 0
AddFile(L0 Files): cumulative 0, interval 0
AddFile(Keys): cumulative 0, interval 0
Cumulative compaction: 0.15 GB write, 49.54 MB/s write, 0.00 GB read, 0.00 MB/s read, 1.4 seconds
Interval compaction: 0.15 GB write, 49.54 MB/s write, 0.00 GB read, 0.00 MB/s read, 1.4 seconds
Stalls(count): 0 level0_slowdown, 0 level0_slowdown_with_compaction, 0 level0_numfiles, 0 level0_numfiles_with_compaction, 0 stop for pending_compaction_bytes, 0 slowdown for pending_compaction_bytes, 0 memtable_compaction, 0 memtable_slowdown, interval 0 total count

** File Read Latency Histogram By Level [usertable] **

** Compaction Stats [default] **
Level    Files   Size     Score Read(GB)  Rn(GB) Rnp1(GB) Write(GB) Wnew(GB) Moved(GB) W-Amp Rd(MB/s) Wr(MB/s) Comp(sec) Comp(cnt) Avg(sec) KeyIn KeyDrop
----------------------------------------------------------------------------------------------------------------------------------------------------------
 Sum      0/0    0.00 KB   0.0      0.0     0.0      0.0       0.0      0.0       0.0   0.0      0.0      0.0         0         0    0.000       0      0
 Int      0/0    0.00 KB   0.0      0.0     0.0      0.0       0.0      0.0       0.0   0.0      0.0      0.0         0         0    0.000       0      0
Uptime(secs): 3.1 total, 0.0 interval
Flush(GB): cumulative 0.000, interval 0.000
AddFile(GB): cumulative 0.000, interval 0.000
AddFile(Total Files): cumulative 0, interval 0
AddFile(L0 Files): cumulative 0, interval 0
AddFile(Keys): cumulative 0, interval 0
Cumulative compaction: 0.00 GB write, 0.00 MB/s write, 0.00 GB read, 0.00 MB/s read, 0.0 seconds
Interval compaction: 0.00 GB write, 0.00 MB/s write, 0.00 GB read, 0.00 MB/s read, 0.0 seconds
Stalls(count): 0 level0_slowdown, 0 level0_slowdown_with_compaction, 0 level0_numfiles, 0 level0_numfiles_with_compaction, 0 stop for pending_compaction_bytes, 0 slowdown for pending_compaction_bytes, 0 memtable_compaction, 0 memtable_slowdown, interval 0 total count

** File Read Latency Histogram By Level [default] **

** Compaction Stats [usertable] **
Level    Files   Size     Score Read(GB)  Rn(GB) Rnp1(GB) Write(GB) Wnew(GB) Moved(GB) W-Amp Rd(MB/s) Wr(MB/s) Comp(sec) Comp(cnt) Avg(sec) KeyIn KeyDrop
----------------------------------------------------------------------------------------------------------------------------------------------------------
  L0      3/0   387.31 MB   1.5      0.0     0.0      0.0       0.2      0.2       0.0   1.0      0.0    106.2         1         2    0.723       0      0
  L1      3/0   719.99 MB   1.4      0.0     0.0      0.0       0.0      0.0       0.0   0.0      0.0      0.0         0         0    0.000       0      0
  L2     93/0    4.97 GB   1.0      0.0     0.0      0.0       0.0      0.0       0.0   0.0      0.0      0.0         0         0    0.000       0      0
  L3    555/0   34.13 GB   0.7      0.0     0.0      0.0       0.0      0.0       0.0   0.0      0.0      0.0         0         0    0.000       0      0
 Sum    654/0   40.18 GB   0.0      0.0     0.0      0.0       0.2      0.2       0.0   1.0      0.0    106.2         1         2    0.723       0      0
 Int      0/0    0.00 KB   0.0      0.0     0.0      0.0       0.0      0.0       0.0   0.0      0.0      0.0         0         0    0.000       0      0
Uptime(secs): 3.1 total, 0.0 interval
Flush(GB): cumulative 0.150, interval 0.000
AddFile(GB): cumulative 0.000, interval 0.000
AddFile(Total Files): cumulative 0, interval 0
AddFile(L0 Files): cumulative 0, interval 0
AddFile(Keys): cumulative 0, interval 0
Cumulative compaction: 0.15 GB write, 49.54 MB/s write, 0.00 GB read, 0.00 MB/s read, 1.4 seconds
Interval compaction: 0.00 GB write, 0.00 MB/s write, 0.00 GB read, 0.00 MB/s read, 0.0 seconds
Stalls(count): 0 level0_slowdown, 0 level0_slowdown_with_compaction, 0 level0_numfiles, 0 level0_numfiles_with_compaction, 0 stop for pending_compaction_bytes, 0 slowdown for pending_compaction_bytes, 0 memtable_compaction, 0 memtable_slowdown, interval 0 total count

** File Read Latency Histogram By Level [usertable] **
2018/12/21-05:38:26.149137 7f92e2ffd700 (Original Log Time 2018/12/21-05:38:26.118094) [db/db_impl_compaction_flush.cc:1835] [usertable] Moving #195 to level-1 245050817 bytes
2018/12/21-05:38:26.149141 7f92e2ffd700 (Original Log Time 2018/12/21-05:38:26.149046) EVENT_LOG_v1 {"time_micros": 1545399506149034, "job": 3, "event": "trivial_move", "destination_level": 1, "files": 1, "total_files_size": 245050817}
2018/12/21-05:38:26.149143 7f92e2ffd700 (Original Log Time 2018/12/21-05:38:26.149067) [db/db_impl_compaction_flush.cc:1864] [usertable] Moved #1 files to level-1 245050817 bytes OK: base level 1 max bytes base 536870912 files[2 4 93 555 0 0 0] max score 1.86
2018/12/21-05:38:26.149253 7f92e2ffd700 [db/compaction_job.cc:1531] [usertable] [JOB 4] Compacting 1@1 files to L2, score 1.86
2018/12/21-05:38:26.149262 7f92e2ffd700 [db/compaction_job.cc:1535] [usertable] Compaction start summary: Base version 6 Base level 1, inputs: [1154(247MB)]
2018/12/21-05:38:26.149287 7f92e2ffd700 EVENT_LOG_v1 {"time_micros": 1545399506149268, "job": 4, "event": "compaction_started", "compaction_reason": "LevelMaxLevelSize", "files_L1": [1154], "score": 1.86267, "input_data_size": 259953025}
2018/12/21-05:38:26.852126 7f92e2ffd700 [db/compaction_job.cc:1211] [usertable] [JOB 4] Generated table #1164: 16279 keys, 67233552 bytes
2018/12/21-05:38:26.852171 7f92e2ffd700 EVENT_LOG_v1 {"time_micros": 1545399506852154, "cf_name": "usertable", "job": 4, "event": "table_file_creation", "file_number": 1164, "file_size": 67233552, "table_properties": {"data_size": 67120137, "index_size": 300916, "filter_size": 0, "raw_key_size": 390696, "raw_average_key_size": 24, "raw_value_size": 66678784, "raw_average_value_size": 4096, "num_data_blocks": 8140, "num_entries": 16279, "filter_policy_name": "", "kDeletedKeys": "0", "kMergeOperands": "0"}}
2018/12/21-05:38:27.968166 7f92e2ffd700 [db/compaction_job.cc:1211] [usertable] [JOB 4] Generated table #1165: 16279 keys, 67233394 bytes
2018/12/21-05:38:27.968230 7f92e2ffd700 EVENT_LOG_v1 {"time_micros": 1545399507968208, "cf_name": "usertable", "job": 4, "event": "table_file_creation", "file_number": 1165, "file_size": 67233394, "table_properties": {"data_size": 67118331, "index_size": 299108, "filter_size": 0, "raw_key_size": 390696, "raw_average_key_size": 24, "raw_value_size": 66678784, "raw_average_value_size": 4096, "num_data_blocks": 8140, "num_entries": 16279, "filter_policy_name": "", "kDeletedKeys": "0", "kMergeOperands": "0"}}
2018/12/21-05:38:29.613507 7f92e2ffd700 [db/compaction_job.cc:1211] [usertable] [JOB 4] Generated table #1166: 16279 keys, 67233559 bytes
2018/12/21-05:38:29.613559 7f92e2ffd700 EVENT_LOG_v1 {"time_micros": 1545399509613539, "cf_name": "usertable", "job": 4, "event": "table_file_creation", "file_number": 1166, "file_size": 67233559, "table_properties": {"data_size": 67120141, "index_size": 300916, "filter_size": 0, "raw_key_size": 390696, "raw_average_key_size": 24, "raw_value_size": 66678784, "raw_average_value_size": 4096, "num_data_blocks": 8140, "num_entries": 16279, "filter_policy_name": "", "kDeletedKeys": "0", "kMergeOperands": "0"}}
2018/12/21-05:38:30.740074 7f92e2ffd700 [db/compaction_job.cc:1211] [usertable] [JOB 4] Generated table #1167: 13929 keys, 57527849 bytes
2018/12/21-05:38:30.740127 7f92e2ffd700 EVENT_LOG_v1 {"time_micros": 1545399510740105, "cf_name": "usertable", "job": 4, "event": "table_file_creation", "file_number": 1167, "file_size": 57527849, "table_properties": {"data_size": 57429281, "index_size": 255893, "filter_size": 0, "raw_key_size": 334296, "raw_average_key_size": 24, "raw_value_size": 57053184, "raw_average_value_size": 4096, "num_data_blocks": 6965, "num_entries": 13929, "filter_policy_name": "", "kDeletedKeys": "0", "kMergeOperands": "0"}}
2018/12/21-05:38:30.740201 7f92e2ffd700 [db/compaction_job.cc:1287] [usertable] [JOB 4] Compacted 1@1 files to L2 => 259228354 bytes
2018/12/21-05:38:30.773480 7f92e2ffd700 (Original Log Time 2018/12/21-05:38:30.773140) [db/compaction_job.cc:685] [usertable] compacted to: base level 1 max bytes base 536870912 files[2 3 97 555 0 0 0] max score 1.38, MB/sec: 56.6 rd, 56.5 wr, level 2, files in(1, 0) out(4) MB in(247.9, 0.0) out(247.2), read-write-amplify(2.0) write-amplify(1.0) OK, records in: 62766, records dropped: 0 output_compression: LZ4
2018/12/21-05:38:30.773488 7f92e2ffd700 (Original Log Time 2018/12/21-05:38:30.773185) EVENT_LOG_v1 {"time_micros": 1545399510773170, "job": 4, "event": "compaction_finished", "compaction_time_micros": 4590863, "output_level": 2, "num_output_files": 4, "total_output_size": 259228354, "num_input_records": 62766, "num_output_records": 62766, "num_subcompactions": 1, "output_compression": "LZ4", "num_single_delete_mismatches": 0, "num_single_delete_fallthrough": 0, "lsm_state": [2, 3, 97, 555, 0, 0, 0]}
2018/12/21-05:38:30.773801 7f92e2ffd700 [db/compaction_job.cc:1531] [usertable] [JOB 5] Compacting 1@1 files to L2, score 1.38
2018/12/21-05:38:30.773811 7f92e2ffd700 [db/compaction_job.cc:1535] [usertable] Compaction start summary: Base version 7 Base level 1, inputs: [188(237MB)]
2018/12/21-05:38:30.773838 7f92e2ffd700 EVENT_LOG_v1 {"time_micros": 1545399510773819, "job": 5, "event": "compaction_started", "compaction_reason": "LevelMaxLevelSize", "files_L1": [188], "score": 1.37847, "input_data_size": 248599956}
2018/12/21-05:38:31.546679 7f92e2ffd700 [db/compaction_job.cc:1211] [usertable] [JOB 5] Generated table #1168: 16279 keys, 67233386 bytes
2018/12/21-05:38:31.546736 7f92e2ffd700 EVENT_LOG_v1 {"time_micros": 1545399511546719, "cf_name": "usertable", "job": 5, "event": "table_file_creation", "file_number": 1168, "file_size": 67233386, "table_properties": {"data_size": 67118331, "index_size": 299106, "filter_size": 0, "raw_key_size": 390696, "raw_average_key_size": 24, "raw_value_size": 66678784, "raw_average_value_size": 4096, "num_data_blocks": 8140, "num_entries": 16279, "filter_policy_name": "", "kDeletedKeys": "0", "kMergeOperands": "0"}}
2018/12/21-05:38:33.217594 7f92e2ffd700 [db/compaction_job.cc:1211] [usertable] [JOB 5] Generated table #1169: 16279 keys, 67233541 bytes
2018/12/21-05:38:33.217646 7f92e2ffd700 EVENT_LOG_v1 {"time_micros": 1545399513217627, "cf_name": "usertable", "job": 5, "event": "table_file_creation", "file_number": 1169, "file_size": 67233541, "table_properties": {"data_size": 67120140, "index_size": 300916, "filter_size": 0, "raw_key_size": 390696, "raw_average_key_size": 24, "raw_value_size": 66678784, "raw_average_value_size": 4096, "num_data_blocks": 8140, "num_entries": 16279, "filter_policy_name": "", "kDeletedKeys": "0", "kMergeOperands": "0"}}
2018/12/21-05:38:34.709249 7f93ccaca700 [db/db_impl_write.cc:1373] [usertable] New memtable created with log file: #1171. Immutable memtables: 0.
2018/12/21-05:38:34.959170 7f92e2ffd700 [db/compaction_job.cc:1211] [usertable] [JOB 5] Generated table #1170: 16279 keys, 67233348 bytes
