2019/03/24-21:34:20.129645 7f70845da700 RocksDB version: 5.14.3
2019/03/24-21:34:20.129714 7f70845da700 Git sha rocksdb_build_git_sha:
2019/03/24-21:34:20.129717 7f70845da700 Compile date Oct  9 2018
2019/03/24-21:34:20.129726 7f70845da700 DB SUMMARY
2019/03/24-21:34:20.129753 7f70845da700 SST files in /mnt/sda/ycsb-rocksdb-data dir, Total Num: 0, files: 
2019/03/24-21:34:20.129757 7f70845da700 Write Ahead Log file in /mnt/sda/ycsb-rocksdb-data: 
2019/03/24-21:34:20.129760 7f70845da700                         Options.error_if_exists: 0
2019/03/24-21:34:20.129762 7f70845da700                       Options.create_if_missing: 1
2019/03/24-21:34:20.129763 7f70845da700                         Options.paranoid_checks: 1
2019/03/24-21:34:20.129764 7f70845da700                                     Options.env: 0x7f703cb95080
2019/03/24-21:34:20.129765 7f70845da700                                Options.info_log: 0x7f70203be480
2019/03/24-21:34:20.129766 7f70845da700                Options.max_file_opening_threads: 16
2019/03/24-21:34:20.129767 7f70845da700                              Options.statistics: (nil)
2019/03/24-21:34:20.129768 7f70845da700                               Options.use_fsync: 0
2019/03/24-21:34:20.129769 7f70845da700                       Options.max_log_file_size: 0
2019/03/24-21:34:20.129769 7f70845da700                  Options.max_manifest_file_size: 18446744073709551615
2019/03/24-21:34:20.129771 7f70845da700                   Options.log_file_time_to_roll: 0
2019/03/24-21:34:20.129771 7f70845da700                       Options.keep_log_file_num: 1000
2019/03/24-21:34:20.129772 7f70845da700                    Options.recycle_log_file_num: 0
2019/03/24-21:34:20.129773 7f70845da700                         Options.allow_fallocate: 1
2019/03/24-21:34:20.129774 7f70845da700                        Options.allow_mmap_reads: 0
2019/03/24-21:34:20.129775 7f70845da700                       Options.allow_mmap_writes: 0
2019/03/24-21:34:20.129776 7f70845da700                        Options.use_direct_reads: 0
2019/03/24-21:34:20.129777 7f70845da700                        Options.use_direct_io_for_flush_and_compaction: 0
2019/03/24-21:34:20.129778 7f70845da700          Options.create_missing_column_families: 1
2019/03/24-21:34:20.129779 7f70845da700                              Options.db_log_dir: 
2019/03/24-21:34:20.129780 7f70845da700                                 Options.wal_dir: /mnt/sda/ycsb-rocksdb-data
2019/03/24-21:34:20.129781 7f70845da700                Options.table_cache_numshardbits: 6
2019/03/24-21:34:20.129782 7f70845da700                      Options.max_subcompactions: 4
2019/03/24-21:34:20.129783 7f70845da700                  Options.max_background_flushes: 24
2019/03/24-21:34:20.129784 7f70845da700                         Options.WAL_ttl_seconds: 0
2019/03/24-21:34:20.129784 7f70845da700                       Options.WAL_size_limit_MB: 0
2019/03/24-21:34:20.129785 7f70845da700             Options.manifest_preallocation_size: 4194304
2019/03/24-21:34:20.129786 7f70845da700                     Options.is_fd_close_on_exec: 1
2019/03/24-21:34:20.129787 7f70845da700                   Options.advise_random_on_open: 1
2019/03/24-21:34:20.129788 7f70845da700                    Options.db_write_buffer_size: 0
2019/03/24-21:34:20.129789 7f70845da700                    Options.write_buffer_manager: 0x7f70203c62f0
2019/03/24-21:34:20.129790 7f70845da700         Options.access_hint_on_compaction_start: 1
2019/03/24-21:34:20.129791 7f70845da700  Options.new_table_reader_for_compaction_inputs: 0
2019/03/24-21:34:20.129791 7f70845da700           Options.random_access_max_buffer_size: 1048576
2019/03/24-21:34:20.129792 7f70845da700                      Options.use_adaptive_mutex: 0
2019/03/24-21:34:20.129793 7f70845da700                            Options.rate_limiter: (nil)
2019/03/24-21:34:20.129795 7f70845da700     Options.sst_file_manager.rate_bytes_per_sec: 0
2019/03/24-21:34:20.129796 7f70845da700                       Options.wal_recovery_mode: 2
2019/03/24-21:34:20.129797 7f70845da700                  Options.enable_thread_tracking: 0
2019/03/24-21:34:20.129797 7f70845da700                  Options.enable_pipelined_write: 1
2019/03/24-21:34:20.129807 7f70845da700         Options.allow_concurrent_memtable_write: 1
2019/03/24-21:34:20.129808 7f70845da700      Options.enable_write_thread_adaptive_yield: 1
2019/03/24-21:34:20.129809 7f70845da700             Options.write_thread_max_yield_usec: 100
2019/03/24-21:34:20.129810 7f70845da700            Options.write_thread_slow_yield_usec: 3
2019/03/24-21:34:20.129811 7f70845da700                               Options.row_cache: None
2019/03/24-21:34:20.129812 7f70845da700                              Options.wal_filter: None
2019/03/24-21:34:20.129813 7f70845da700             Options.avoid_flush_during_recovery: 0
2019/03/24-21:34:20.129814 7f70845da700             Options.allow_ingest_behind: 0
2019/03/24-21:34:20.129815 7f70845da700             Options.preserve_deletes: 0
2019/03/24-21:34:20.129816 7f70845da700             Options.two_write_queues: 0
2019/03/24-21:34:20.129817 7f70845da700             Options.manual_wal_flush: 0
2019/03/24-21:34:20.129819 7f70845da700             Options.max_background_jobs: 24
2019/03/24-21:34:20.129819 7f70845da700             Options.max_background_compactions: 24
2019/03/24-21:34:20.129820 7f70845da700             Options.avoid_flush_during_shutdown: 0
2019/03/24-21:34:20.129821 7f70845da700           Options.writable_file_max_buffer_size: 1048576
2019/03/24-21:34:20.129822 7f70845da700             Options.delayed_write_rate : 16777216
2019/03/24-21:34:20.129823 7f70845da700             Options.max_total_wal_size: 0
2019/03/24-21:34:20.129824 7f70845da700             Options.delete_obsolete_files_period_micros: 21600000000
2019/03/24-21:34:20.129825 7f70845da700                   Options.stats_dump_period_sec: 60
2019/03/24-21:34:20.129826 7f70845da700                          Options.max_open_files: -1
2019/03/24-21:34:20.129827 7f70845da700                          Options.bytes_per_sync: 1048576
2019/03/24-21:34:20.129828 7f70845da700                      Options.wal_bytes_per_sync: 0
2019/03/24-21:34:20.129829 7f70845da700       Options.compaction_readahead_size: 0
2019/03/24-21:34:20.129830 7f70845da700 Compression algorithms supported:
2019/03/24-21:34:20.129831 7f70845da700 	kZSTDNotFinalCompression supported: 1
2019/03/24-21:34:20.129839 7f70845da700 	kZSTD supported: 1
2019/03/24-21:34:20.129841 7f70845da700 	kXpressCompression supported: 0
2019/03/24-21:34:20.129842 7f70845da700 	kLZ4HCCompression supported: 1
2019/03/24-21:34:20.129843 7f70845da700 	kLZ4Compression supported: 1
2019/03/24-21:34:20.129844 7f70845da700 	kBZip2Compression supported: 1
2019/03/24-21:34:20.129845 7f70845da700 	kZlibCompression supported: 1
2019/03/24-21:34:20.129846 7f70845da700 	kSnappyCompression supported: 1
2019/03/24-21:34:20.129850 7f70845da700 Fast CRC32 supported: Not supported on x86
2019/03/24-21:34:20.129933 7f70845da700 [db/db_impl_open.cc:222] Creating manifest 1 
2019/03/24-21:34:20.252489 7f70845da700 [db/version_set.cc:3085] Recovering from manifest file: MANIFEST-000001
2019/03/24-21:34:20.252615 7f70845da700 [db/column_family.cc:475] --------------- Options for column family [default]:
2019/03/24-21:34:20.252619 7f70845da700               Options.comparator: leveldb.BytewiseComparator
2019/03/24-21:34:20.252621 7f70845da700           Options.merge_operator: None
2019/03/24-21:34:20.252622 7f70845da700        Options.compaction_filter: None
2019/03/24-21:34:20.252623 7f70845da700        Options.compaction_filter_factory: None
2019/03/24-21:34:20.252624 7f70845da700         Options.memtable_factory: SkipListFactory
2019/03/24-21:34:20.252626 7f70845da700            Options.table_factory: BlockBasedTable
2019/03/24-21:34:20.252660 7f70845da700            table_factory options:   flush_block_policy_factory: FlushBlockBySizePolicyFactory (0x7f70203c7620)
  cache_index_and_filter_blocks: 0
  cache_index_and_filter_blocks_with_high_priority: 0
  pin_l0_filter_and_index_blocks_in_cache: 0
  index_type: 0
  hash_index_allow_collision: 1
  checksum: 1
  no_block_cache: 0
  block_cache: 0x7f70203bbbe0
  block_cache_name: LRUCache
  block_cache_options:
    capacity : 8388608
    num_shard_bits : 4
    strict_capacity_limit : 0
    high_pri_pool_ratio: 0.000
  block_cache_compressed: (nil)
  persistent_cache: (nil)
  block_size: 8192
  block_size_deviation: 10
  block_restart_interval: 16
  index_block_restart_interval: 1
  metadata_block_size: 4096
  partition_filters: 0
  use_delta_encoding: 1
  filter_policy: nullptr
  whole_key_filtering: 1
  verify_compression: 0
  read_amp_bytes_per_bit: 0
  format_version: 2
  enable_index_compression: 1
  block_align: 0
2019/03/24-21:34:20.252682 7f70845da700        Options.write_buffer_size: 134217728
2019/03/24-21:34:20.252683 7f70845da700  Options.max_write_buffer_number: 24
2019/03/24-21:34:20.252685 7f70845da700        Options.compression[0]: NoCompression
2019/03/24-21:34:20.252686 7f70845da700        Options.compression[1]: NoCompression
2019/03/24-21:34:20.252687 7f70845da700        Options.compression[2]: LZ4
2019/03/24-21:34:20.252688 7f70845da700        Options.compression[3]: LZ4
2019/03/24-21:34:20.252689 7f70845da700        Options.compression[4]: LZ4
2019/03/24-21:34:20.252690 7f70845da700        Options.compression[5]: LZ4
2019/03/24-21:34:20.252691 7f70845da700        Options.compression[6]: LZ4
2019/03/24-21:34:20.252692 7f70845da700                  Options.bottommost_compression: Disabled
2019/03/24-21:34:20.252693 7f70845da700       Options.prefix_extractor: nullptr
2019/03/24-21:34:20.252694 7f70845da700   Options.memtable_insert_with_hint_prefix_extractor: nullptr
2019/03/24-21:34:20.252695 7f70845da700             Options.num_levels: 7
2019/03/24-21:34:20.252696 7f70845da700        Options.min_write_buffer_number_to_merge: 2
2019/03/24-21:34:20.252697 7f70845da700     Options.max_write_buffer_number_to_maintain: 0
2019/03/24-21:34:20.252697 7f70845da700            Options.compression_opts.window_bits: -14
2019/03/24-21:34:20.252698 7f70845da700                  Options.compression_opts.level: -1
2019/03/24-21:34:20.252699 7f70845da700               Options.compression_opts.strategy: 0
2019/03/24-21:34:20.252700 7f70845da700         Options.compression_opts.max_dict_bytes: 0
2019/03/24-21:34:20.252701 7f70845da700         Options.compression_opts.zstd_max_train_bytes: 0
2019/03/24-21:34:20.252702 7f70845da700      Options.level0_file_num_compaction_trigger: 2
2019/03/24-21:34:20.252702 7f70845da700          Options.level0_slowdown_writes_trigger: 20
2019/03/24-21:34:20.252703 7f70845da700              Options.level0_stop_writes_trigger: 36
2019/03/24-21:34:20.252704 7f70845da700                   Options.target_file_size_base: 67108864
2019/03/24-21:34:20.252705 7f70845da700             Options.target_file_size_multiplier: 1
2019/03/24-21:34:20.252706 7f70845da700                Options.max_bytes_for_level_base: 536870912
2019/03/24-21:34:20.252707 7f70845da700 Options.level_compaction_dynamic_level_bytes: 0
2019/03/24-21:34:20.252708 7f70845da700          Options.max_bytes_for_level_multiplier: 10.000000
2019/03/24-21:34:20.252711 7f70845da700 Options.max_bytes_for_level_multiplier_addtl[0]: 1
2019/03/24-21:34:20.252712 7f70845da700 Options.max_bytes_for_level_multiplier_addtl[1]: 1
2019/03/24-21:34:20.252713 7f70845da700 Options.max_bytes_for_level_multiplier_addtl[2]: 1
2019/03/24-21:34:20.252714 7f70845da700 Options.max_bytes_for_level_multiplier_addtl[3]: 1
2019/03/24-21:34:20.252715 7f70845da700 Options.max_bytes_for_level_multiplier_addtl[4]: 1
2019/03/24-21:34:20.252715 7f70845da700 Options.max_bytes_for_level_multiplier_addtl[5]: 1
2019/03/24-21:34:20.252716 7f70845da700 Options.max_bytes_for_level_multiplier_addtl[6]: 1
2019/03/24-21:34:20.252717 7f70845da700       Options.max_sequential_skip_in_iterations: 8
2019/03/24-21:34:20.252718 7f70845da700                    Options.max_compaction_bytes: 1677721600
2019/03/24-21:34:20.252719 7f70845da700                        Options.arena_block_size: 16777216
2019/03/24-21:34:20.252720 7f70845da700   Options.soft_pending_compaction_bytes_limit: 68719476736
2019/03/24-21:34:20.252721 7f70845da700   Options.hard_pending_compaction_bytes_limit: 274877906944
2019/03/24-21:34:20.252728 7f70845da700       Options.rate_limit_delay_max_milliseconds: 100
2019/03/24-21:34:20.252729 7f70845da700                Options.disable_auto_compactions: 0
2019/03/24-21:34:20.252731 7f70845da700                        Options.compaction_style: kCompactionStyleLevel
2019/03/24-21:34:20.252732 7f70845da700                          Options.compaction_pri: kByCompensatedSize
2019/03/24-21:34:20.252733 7f70845da700 Options.compaction_options_universal.size_ratio: 1
2019/03/24-21:34:20.252734 7f70845da700 Options.compaction_options_universal.min_merge_width: 2
2019/03/24-21:34:20.252735 7f70845da700 Options.compaction_options_universal.max_merge_width: 4294967295
2019/03/24-21:34:20.252736 7f70845da700 Options.compaction_options_universal.max_size_amplification_percent: 200
2019/03/24-21:34:20.252746 7f70845da700 Options.compaction_options_universal.compression_size_percent: -1
2019/03/24-21:34:20.252748 7f70845da700 Options.compaction_options_universal.stop_style: kCompactionStopStyleTotalSize
2019/03/24-21:34:20.252749 7f70845da700 Options.compaction_options_fifo.max_table_files_size: 1073741824
2019/03/24-21:34:20.252750 7f70845da700 Options.compaction_options_fifo.allow_compaction: 0
2019/03/24-21:34:20.252751 7f70845da700 Options.compaction_options_fifo.ttl: 0
2019/03/24-21:34:20.252752 7f70845da700                   Options.table_properties_collectors: 
2019/03/24-21:34:20.252753 7f70845da700                   Options.inplace_update_support: 0
2019/03/24-21:34:20.252754 7f70845da700                 Options.inplace_update_num_locks: 10000
2019/03/24-21:34:20.252754 7f70845da700               Options.memtable_prefix_bloom_size_ratio: 0.000000
2019/03/24-21:34:20.252756 7f70845da700   Options.memtable_huge_page_size: 0
2019/03/24-21:34:20.252757 7f70845da700                           Options.bloom_locality: 0
2019/03/24-21:34:20.252758 7f70845da700                    Options.max_successive_merges: 0
2019/03/24-21:34:20.252758 7f70845da700                Options.optimize_filters_for_hits: 0
2019/03/24-21:34:20.252759 7f70845da700                Options.paranoid_file_checks: 0
2019/03/24-21:34:20.252760 7f70845da700                Options.force_consistency_checks: 0
2019/03/24-21:34:20.252761 7f70845da700                Options.report_bg_io_stats: 0
2019/03/24-21:34:20.252762 7f70845da700                               Options.ttl: 0
2019/03/24-21:34:20.253324 7f70845da700 [db/version_set.cc:3361] Recovered from manifest file:/mnt/sda/ycsb-rocksdb-data/MANIFEST-000001 succeeded,manifest_file_number is 1, next_file_number is 3, last_sequence is 0, log_number is 0,prev_log_number is 0,max_column_family is 0,min_log_number_to_keep is 0
2019/03/24-21:34:20.253329 7f70845da700 [db/version_set.cc:3369] Column family [default] (ID 0), log number is 0
2019/03/24-21:34:20.253500 7f70845da700 [db/version_set.cc:2847] Creating manifest 4
2019/03/24-21:34:20.435106 7f70845da700 [db/column_family.cc:475] --------------- Options for column family [usertable]:
2019/03/24-21:34:20.435112 7f70845da700               Options.comparator: leveldb.BytewiseComparator
2019/03/24-21:34:20.435114 7f70845da700           Options.merge_operator: None
2019/03/24-21:34:20.435115 7f70845da700        Options.compaction_filter: None
2019/03/24-21:34:20.435116 7f70845da700        Options.compaction_filter_factory: None
2019/03/24-21:34:20.435117 7f70845da700         Options.memtable_factory: SkipListFactory
2019/03/24-21:34:20.435118 7f70845da700            Options.table_factory: BlockBasedTable
2019/03/24-21:34:20.435140 7f70845da700            table_factory options:   flush_block_policy_factory: FlushBlockBySizePolicyFactory (0x7f70203bdab0)
  cache_index_and_filter_blocks: 0
  cache_index_and_filter_blocks_with_high_priority: 0
  pin_l0_filter_and_index_blocks_in_cache: 0
  index_type: 0
  hash_index_allow_collision: 1
  checksum: 1
  no_block_cache: 0
  block_cache: 0x7f70203cc830
  block_cache_name: LRUCache
  block_cache_options:
    capacity : 8388608
    num_shard_bits : 4
    strict_capacity_limit : 0
    high_pri_pool_ratio: 0.000
  block_cache_compressed: (nil)
  persistent_cache: (nil)
  block_size: 8192
  block_size_deviation: 10
  block_restart_interval: 16
  index_block_restart_interval: 1
  metadata_block_size: 4096
  partition_filters: 0
  use_delta_encoding: 1
  filter_policy: nullptr
  whole_key_filtering: 1
  verify_compression: 0
  read_amp_bytes_per_bit: 0
  format_version: 2
  enable_index_compression: 1
  block_align: 0
2019/03/24-21:34:20.435142 7f70845da700        Options.write_buffer_size: 134217728
2019/03/24-21:34:20.435143 7f70845da700  Options.max_write_buffer_number: 24
2019/03/24-21:34:20.435144 7f70845da700        Options.compression[0]: NoCompression
2019/03/24-21:34:20.435146 7f70845da700        Options.compression[1]: NoCompression
2019/03/24-21:34:20.435147 7f70845da700        Options.compression[2]: LZ4
2019/03/24-21:34:20.435148 7f70845da700        Options.compression[3]: LZ4
2019/03/24-21:34:20.435149 7f70845da700        Options.compression[4]: LZ4
2019/03/24-21:34:20.435150 7f70845da700        Options.compression[5]: LZ4
2019/03/24-21:34:20.435151 7f70845da700        Options.compression[6]: LZ4
2019/03/24-21:34:20.435152 7f70845da700                  Options.bottommost_compression: Disabled
2019/03/24-21:34:20.435153 7f70845da700       Options.prefix_extractor: nullptr
2019/03/24-21:34:20.435154 7f70845da700   Options.memtable_insert_with_hint_prefix_extractor: nullptr
2019/03/24-21:34:20.435155 7f70845da700             Options.num_levels: 7
2019/03/24-21:34:20.435156 7f70845da700        Options.min_write_buffer_number_to_merge: 2
2019/03/24-21:34:20.435157 7f70845da700     Options.max_write_buffer_number_to_maintain: 0
2019/03/24-21:34:20.435157 7f70845da700            Options.compression_opts.window_bits: -14
2019/03/24-21:34:20.435158 7f70845da700                  Options.compression_opts.level: -1
2019/03/24-21:34:20.435159 7f70845da700               Options.compression_opts.strategy: 0
2019/03/24-21:34:20.435160 7f70845da700         Options.compression_opts.max_dict_bytes: 0
2019/03/24-21:34:20.435161 7f70845da700         Options.compression_opts.zstd_max_train_bytes: 0
2019/03/24-21:34:20.435162 7f70845da700      Options.level0_file_num_compaction_trigger: 2
2019/03/24-21:34:20.435163 7f70845da700          Options.level0_slowdown_writes_trigger: 20
2019/03/24-21:34:20.435164 7f70845da700              Options.level0_stop_writes_trigger: 36
2019/03/24-21:34:20.435164 7f70845da700                   Options.target_file_size_base: 67108864
2019/03/24-21:34:20.435165 7f70845da700             Options.target_file_size_multiplier: 1
2019/03/24-21:34:20.435166 7f70845da700                Options.max_bytes_for_level_base: 536870912
2019/03/24-21:34:20.435167 7f70845da700 Options.level_compaction_dynamic_level_bytes: 0
2019/03/24-21:34:20.435168 7f70845da700          Options.max_bytes_for_level_multiplier: 10.000000
2019/03/24-21:34:20.435171 7f70845da700 Options.max_bytes_for_level_multiplier_addtl[0]: 1
2019/03/24-21:34:20.435183 7f70845da700 Options.max_bytes_for_level_multiplier_addtl[1]: 1
2019/03/24-21:34:20.435184 7f70845da700 Options.max_bytes_for_level_multiplier_addtl[2]: 1
2019/03/24-21:34:20.435185 7f70845da700 Options.max_bytes_for_level_multiplier_addtl[3]: 1
2019/03/24-21:34:20.435186 7f70845da700 Options.max_bytes_for_level_multiplier_addtl[4]: 1
2019/03/24-21:34:20.435187 7f70845da700 Options.max_bytes_for_level_multiplier_addtl[5]: 1
2019/03/24-21:34:20.435188 7f70845da700 Options.max_bytes_for_level_multiplier_addtl[6]: 1
2019/03/24-21:34:20.435189 7f70845da700       Options.max_sequential_skip_in_iterations: 8
2019/03/24-21:34:20.435190 7f70845da700                    Options.max_compaction_bytes: 1677721600
2019/03/24-21:34:20.435191 7f70845da700                        Options.arena_block_size: 16777216
2019/03/24-21:34:20.435192 7f70845da700   Options.soft_pending_compaction_bytes_limit: 68719476736
2019/03/24-21:34:20.435193 7f70845da700   Options.hard_pending_compaction_bytes_limit: 274877906944
2019/03/24-21:34:20.435193 7f70845da700       Options.rate_limit_delay_max_milliseconds: 100
2019/03/24-21:34:20.435194 7f70845da700                Options.disable_auto_compactions: 0
2019/03/24-21:34:20.435196 7f70845da700                        Options.compaction_style: kCompactionStyleLevel
2019/03/24-21:34:20.435198 7f70845da700                          Options.compaction_pri: kByCompensatedSize
2019/03/24-21:34:20.435198 7f70845da700 Options.compaction_options_universal.size_ratio: 1
2019/03/24-21:34:20.435199 7f70845da700 Options.compaction_options_universal.min_merge_width: 2
2019/03/24-21:34:20.435200 7f70845da700 Options.compaction_options_universal.max_merge_width: 4294967295
2019/03/24-21:34:20.435202 7f70845da700 Options.compaction_options_universal.max_size_amplification_percent: 200
2019/03/24-21:34:20.435203 7f70845da700 Options.compaction_options_universal.compression_size_percent: -1
2019/03/24-21:34:20.435204 7f70845da700 Options.compaction_options_universal.stop_style: kCompactionStopStyleTotalSize
2019/03/24-21:34:20.435205 7f70845da700 Options.compaction_options_fifo.max_table_files_size: 1073741824
2019/03/24-21:34:20.435206 7f70845da700 Options.compaction_options_fifo.allow_compaction: 0
2019/03/24-21:34:20.435207 7f70845da700 Options.compaction_options_fifo.ttl: 0
2019/03/24-21:34:20.435208 7f70845da700                   Options.table_properties_collectors: 
2019/03/24-21:34:20.435209 7f70845da700                   Options.inplace_update_support: 0
2019/03/24-21:34:20.435210 7f70845da700                 Options.inplace_update_num_locks: 10000
2019/03/24-21:34:20.435210 7f70845da700               Options.memtable_prefix_bloom_size_ratio: 0.000000
2019/03/24-21:34:20.435212 7f70845da700   Options.memtable_huge_page_size: 0
2019/03/24-21:34:20.435213 7f70845da700                           Options.bloom_locality: 0
2019/03/24-21:34:20.435214 7f70845da700                    Options.max_successive_merges: 0
2019/03/24-21:34:20.435215 7f70845da700                Options.optimize_filters_for_hits: 0
2019/03/24-21:34:20.435215 7f70845da700                Options.paranoid_file_checks: 0
2019/03/24-21:34:20.435216 7f70845da700                Options.force_consistency_checks: 0
2019/03/24-21:34:20.435217 7f70845da700                Options.report_bg_io_stats: 0
2019/03/24-21:34:20.435218 7f70845da700                               Options.ttl: 0
2019/03/24-21:34:20.435278 7f70845da700 [db/db_impl.cc:1396] Created column family [usertable] (ID 1)
2019/03/24-21:34:20.650414 7f70845da700 [db/db_impl_open.cc:1219] DB pointer 0x7f70203cf780
2019/03/24-21:34:28.950716 7f6fd84f5700 [db/db_impl_write.cc:1373] [usertable] New memtable created with log file: #9. Immutable memtables: 0.
2019/03/24-21:34:37.167593 7f6fd81f2700 [db/db_impl_write.cc:1373] [usertable] New memtable created with log file: #10. Immutable memtables: 1.
2019/03/24-21:34:37.167746 7f6f597fa700 [db/db_impl_compaction_flush.cc:80] [JOB 2] Syncing log #3
2019/03/24-21:34:37.402029 7f6f597fa700 [db/db_impl_compaction_flush.cc:80] [JOB 2] Syncing log #9
2019/03/24-21:34:38.234110 7f6f597fa700 (Original Log Time 2019/03/24-21:34:37.167694) [db/db_impl_compaction_flush.cc:1424] Calling FlushMemTableToOutputFile with column family [usertable], flush slots available 24, compaction slots available 1, flush slots scheduled 1, compaction slots scheduled 0
2019/03/24-21:34:38.234124 7f6f597fa700 [db/flush_job.cc:301] [usertable] [JOB 2] Flushing memtable with next log file: 9
2019/03/24-21:34:38.234138 7f6f597fa700 [db/flush_job.cc:301] [usertable] [JOB 2] Flushing memtable with next log file: 10
2019/03/24-21:34:38.234190 7f6f597fa700 EVENT_LOG_v1 {"time_micros": 1553488478234167, "job": 2, "event": "flush_started", "num_memtables": 2, "num_entries": 57801, "num_deletes": 0, "memory_usage": 239600032, "flush_reason": "Write Buffer Full"}
2019/03/24-21:34:38.234200 7f6f597fa700 [db/flush_job.cc:331] [usertable] [JOB 2] Level-0 flush table #11: started
2019/03/24-21:34:40.067954 7f6f597fa700 EVENT_LOG_v1 {"time_micros": 1553488480067925, "cf_name": "usertable", "job": 2, "event": "table_file_creation", "file_number": 11, "file_size": 239377117, "table_properties": {"data_size": 238313537, "index_size": 1062653, "filter_size": 0, "raw_key_size": 1387224, "raw_average_key_size": 24, "raw_value_size": 236752896, "raw_average_value_size": 4096, "num_data_blocks": 28901, "num_entries": 57801, "filter_policy_name": "", "kDeletedKeys": "0", "kMergeOperands": "0"}}
2019/03/24-21:34:40.067986 7f6f597fa700 [db/flush_job.cc:371] [usertable] [JOB 2] Level-0 flush table #11: 239377117 bytes OK
2019/03/24-21:34:40.102682 7f6f597fa700 (Original Log Time 2019/03/24-21:34:40.068006) [db/memtable_list.cc:377] [usertable] Level-0 commit table #11 started
2019/03/24-21:34:40.102686 7f6f597fa700 (Original Log Time 2019/03/24-21:34:40.102597) [db/memtable_list.cc:409] [usertable] Level-0 commit table #11: memtable #1 done
2019/03/24-21:34:40.102688 7f6f597fa700 (Original Log Time 2019/03/24-21:34:40.102605) [db/memtable_list.cc:409] [usertable] Level-0 commit table #11: memtable #2 done
2019/03/24-21:34:40.102689 7f6f597fa700 (Original Log Time 2019/03/24-21:34:40.102624) EVENT_LOG_v1 {"time_micros": 1553488480102613, "job": 2, "event": "flush_finished", "output_compression": "NoCompression", "lsm_state": [1, 0, 0, 0, 0, 0, 0], "immutable_memtables": 0}
2019/03/24-21:34:40.102691 7f6f597fa700 (Original Log Time 2019/03/24-21:34:40.102653) [db/db_impl_compaction_flush.cc:177] [usertable] Level summary: base level 1 max bytes base 536870912 files[1 0 0 0 0 0 0] max score 0.50
2019/03/24-21:34:40.102701 7f6f597fa700 [db/db_impl_files.cc:347] [JOB 2] Try to delete WAL files size 238651533, prev total WAL file size 281071847, number of live WAL files 3.
2019/03/24-21:34:44.909713 7f6fd86f7700 [db/db_impl_write.cc:1373] [usertable] New memtable created with log file: #12. Immutable memtables: 0.
2019/03/24-21:34:53.056751 7f6fd84f5700 [db/db_impl_write.cc:1373] [usertable] New memtable created with log file: #13. Immutable memtables: 1.
2019/03/24-21:34:53.056844 7f6fba7fc700 [db/db_impl_compaction_flush.cc:80] [JOB 3] Syncing log #10
2019/03/24-21:34:53.495712 7f6fba7fc700 [db/db_impl_compaction_flush.cc:80] [JOB 3] Syncing log #12
2019/03/24-21:34:53.966346 7f6fba7fc700 (Original Log Time 2019/03/24-21:34:53.056823) [db/db_impl_compaction_flush.cc:1424] Calling FlushMemTableToOutputFile with column family [usertable], flush slots available 24, compaction slots available 1, flush slots scheduled 1, compaction slots scheduled 0
2019/03/24-21:34:53.966360 7f6fba7fc700 [db/flush_job.cc:301] [usertable] [JOB 3] Flushing memtable with next log file: 12
2019/03/24-21:34:53.966368 7f6fba7fc700 [db/flush_job.cc:301] [usertable] [JOB 3] Flushing memtable with next log file: 13
2019/03/24-21:34:53.966407 7f6fba7fc700 EVENT_LOG_v1 {"time_micros": 1553488493966393, "job": 3, "event": "flush_started", "num_memtables": 2, "num_entries": 55609, "num_deletes": 0, "memory_usage": 232124392, "flush_reason": "Write Buffer Full"}
2019/03/24-21:34:53.966415 7f6fba7fc700 [db/flush_job.cc:331] [usertable] [JOB 3] Level-0 flush table #14: started
2019/03/24-21:34:54.819970 7f6fba7fc700 EVENT_LOG_v1 {"time_micros": 1553488494819943, "cf_name": "usertable", "job": 3, "event": "table_file_creation", "file_number": 14, "file_size": 230311548, "table_properties": {"data_size": 229282100, "index_size": 1028521, "filter_size": 0, "raw_key_size": 1334616, "raw_average_key_size": 24, "raw_value_size": 227774464, "raw_average_value_size": 4096, "num_data_blocks": 27805, "num_entries": 55609, "filter_policy_name": "", "kDeletedKeys": "0", "kMergeOperands": "0"}}
2019/03/24-21:34:54.819992 7f6fba7fc700 [db/flush_job.cc:371] [usertable] [JOB 3] Level-0 flush table #14: 230311548 bytes OK
2019/03/24-21:34:54.848196 7f6fba7fc700 (Original Log Time 2019/03/24-21:34:54.820014) [db/memtable_list.cc:377] [usertable] Level-0 commit table #14 started
2019/03/24-21:34:54.848201 7f6fba7fc700 (Original Log Time 2019/03/24-21:34:54.848111) [db/memtable_list.cc:409] [usertable] Level-0 commit table #14: memtable #1 done
2019/03/24-21:34:54.848204 7f6fba7fc700 (Original Log Time 2019/03/24-21:34:54.848114) [db/memtable_list.cc:409] [usertable] Level-0 commit table #14: memtable #2 done
2019/03/24-21:34:54.848206 7f6fba7fc700 (Original Log Time 2019/03/24-21:34:54.848131) EVENT_LOG_v1 {"time_micros": 1553488494848121, "job": 3, "event": "flush_finished", "output_compression": "NoCompression", "lsm_state": [2, 0, 0, 0, 0, 0, 0], "immutable_memtables": 0}
2019/03/24-21:34:54.848209 7f6fba7fc700 (Original Log Time 2019/03/24-21:34:54.848172) [db/db_impl_compaction_flush.cc:177] [usertable] Level summary: base level 1 max bytes base 536870912 files[2 0 0 0 0 0 0] max score 1.00
2019/03/24-21:34:54.848221 7f6fba7fc700 [db/db_impl_files.cc:347] [JOB 3] Try to delete WAL files size 229605889, prev total WAL file size 255502569, number of live WAL files 3.
2019/03/24-21:34:54.848458 7f701bfff700 [WARN] [db/db_impl.cc:491] ------- DUMPING STATS -------
2019/03/24-21:34:54.849274 7f701bfff700 [WARN] [db/db_impl.cc:492] 
** DB Stats **
Uptime(secs): 34.6 total, 34.6 interval
Cumulative writes: 119K writes, 119K keys, 118K commit groups, 1.0 writes per commit group, ingest: 0.46 GB, 13.62 MB/s
Cumulative WAL: 119K writes, 0 syncs, 119682.00 writes per sync, written: 0.46 GB, 13.62 MB/s
Cumulative stall: 00:00:0.000 H:M:S, 0.0 percent
Interval writes: 119K writes, 119K keys, 118K commit groups, 1.0 writes per commit group, ingest: 471.26 MB, 13.62 MB/s
Interval WAL: 119K writes, 0 syncs, 119682.00 writes per sync, written: 0.46 MB, 13.62 MB/s
Interval stall: 00:00:0.000 H:M:S, 0.0 percent

** Compaction Stats [default] **
Level    Files   Size     Score Read(GB)  Rn(GB) Rnp1(GB) Write(GB) Wnew(GB) Moved(GB) W-Amp Rd(MB/s) Wr(MB/s) Comp(sec) Comp(cnt) Avg(sec) KeyIn KeyDrop
----------------------------------------------------------------------------------------------------------------------------------------------------------
 Sum      0/0    0.00 KB   0.0      0.0     0.0      0.0       0.0      0.0       0.0   0.0      0.0      0.0         0         0    0.000       0      0
 Int      0/0    0.00 KB   0.0      0.0     0.0      0.0       0.0      0.0       0.0   0.0      0.0      0.0         0         0    0.000       0      0
Uptime(secs): 34.6 total, 34.6 interval
Flush(GB): cumulative 0.000, interval 0.000
AddFile(GB): cumulative 0.000, interval 0.000
AddFile(Total Files): cumulative 0, interval 0
AddFile(L0 Files): cumulative 0, interval 0
AddFile(Keys): cumulative 0, interval 0
Cumulative compaction: 0.00 GB write, 0.00 MB/s write, 0.00 GB read, 0.00 MB/s read, 0.0 seconds
Interval compaction: 0.00 GB write, 0.00 MB/s write, 0.00 GB read, 0.00 MB/s read, 0.0 seconds
Stalls(count): 0 level0_slowdown, 0 level0_slowdown_with_compaction, 0 level0_numfiles, 0 level0_numfiles_with_compaction, 0 stop for pending_compaction_bytes, 0 slowdown for pending_compaction_bytes, 0 memtable_compaction, 0 memtable_slowdown, interval 0 total count

** File Read Latency Histogram By Level [default] **

** Compaction Stats [usertable] **
Level    Files   Size     Score Read(GB)  Rn(GB) Rnp1(GB) Write(GB) Wnew(GB) Moved(GB) W-Amp Rd(MB/s) Wr(MB/s) Comp(sec) Comp(cnt) Avg(sec) KeyIn KeyDrop
----------------------------------------------------------------------------------------------------------------------------------------------------------
  L0      2/0   447.93 MB   1.0      0.0     0.0      0.0       0.4      0.4       0.0   1.0      0.0    166.7         3         2    1.344       0      0
 Sum      2/0   447.93 MB   0.0      0.0     0.0      0.0       0.4      0.4       0.0   1.0      0.0    166.7         3         2    1.344       0      0
 Int      0/0    0.00 KB   0.0      0.0     0.0      0.0       0.4      0.4       0.0   1.0      0.0    166.7         3         2    1.344       0      0
Uptime(secs): 34.4 total, 34.4 interval
Flush(GB): cumulative 0.437, interval 0.437
AddFile(GB): cumulative 0.000, interval 0.000
AddFile(Total Files): cumulative 0, interval 0
AddFile(L0 Files): cumulative 0, interval 0
AddFile(Keys): cumulative 0, interval 0
Cumulative compaction: 0.44 GB write, 13.02 MB/s write, 0.00 GB read, 0.00 MB/s read, 2.7 seconds
Interval compaction: 0.44 GB write, 13.02 MB/s write, 0.00 GB read, 0.00 MB/s read, 2.7 seconds
Stalls(count): 0 level0_slowdown, 0 level0_slowdown_with_compaction, 0 level0_numfiles, 0 level0_numfiles_with_compaction, 0 stop for pending_compaction_bytes, 0 slowdown for pending_compaction_bytes, 0 memtable_compaction, 0 memtable_slowdown, interval 0 total count

** File Read Latency Histogram By Level [usertable] **

** Compaction Stats [default] **
Level    Files   Size     Score Read(GB)  Rn(GB) Rnp1(GB) Write(GB) Wnew(GB) Moved(GB) W-Amp Rd(MB/s) Wr(MB/s) Comp(sec) Comp(cnt) Avg(sec) KeyIn KeyDrop
----------------------------------------------------------------------------------------------------------------------------------------------------------
 Sum      0/0    0.00 KB   0.0      0.0     0.0      0.0       0.0      0.0       0.0   0.0      0.0      0.0         0         0    0.000       0      0
 Int      0/0    0.00 KB   0.0      0.0     0.0      0.0       0.0      0.0       0.0   0.0      0.0      0.0         0         0    0.000       0      0
Uptime(secs): 34.6 total, 0.0 interval
Flush(GB): cumulative 0.000, interval 0.000
AddFile(GB): cumulative 0.000, interval 0.000
AddFile(Total Files): cumulative 0, interval 0
AddFile(L0 Files): cumulative 0, interval 0
AddFile(Keys): cumulative 0, interval 0
Cumulative compaction: 0.00 GB write, 0.00 MB/s write, 0.00 GB read, 0.00 MB/s read, 0.0 seconds
Interval compaction: 0.00 GB write, 0.00 MB/s write, 0.00 GB read, 0.00 MB/s read, 0.0 seconds
Stalls(count): 0 level0_slowdown, 0 level0_slowdown_with_compaction, 0 level0_numfiles, 0 level0_numfiles_with_compaction, 0 stop for pending_compaction_bytes, 0 slowdown for pending_compaction_bytes, 0 memtable_compaction, 0 memtable_slowdown, interval 0 total count

** File Read Latency Histogram By Level [default] **

** Compaction Stats [usertable] **
Level    Files   Size     Score Read(GB)  Rn(GB) Rnp1(GB) Write(GB) Wnew(GB) Moved(GB) W-Amp Rd(MB/s) Wr(MB/s) Comp(sec) Comp(cnt) Avg(sec) KeyIn KeyDrop
----------------------------------------------------------------------------------------------------------------------------------------------------------
  L0      2/0   447.93 MB   1.0      0.0     0.0      0.0       0.4      0.4       0.0   1.0      0.0    166.7         3         2    1.344       0      0
 Sum      2/0   447.93 MB   0.0      0.0     0.0      0.0       0.4      0.4       0.0   1.0      0.0    166.7         3         2    1.344       0      0
 Int      0/0    0.00 KB   0.0      0.0     0.0      0.0       0.0      0.0       0.0   0.0      0.0      0.0         0         0    0.000       0      0
Uptime(secs): 34.4 total, 0.0 interval
Flush(GB): cumulative 0.437, interval 0.000
AddFile(GB): cumulative 0.000, interval 0.000
AddFile(Total Files): cumulative 0, interval 0
AddFile(L0 Files): cumulative 0, interval 0
AddFile(Keys): cumulative 0, interval 0
Cumulative compaction: 0.44 GB write, 13.02 MB/s write, 0.00 GB read, 0.00 MB/s read, 2.7 seconds
Interval compaction: 0.00 GB write, 0.00 MB/s write, 0.00 GB read, 0.00 MB/s read, 0.0 seconds
Stalls(count): 0 level0_slowdown, 0 level0_slowdown_with_compaction, 0 level0_numfiles, 0 level0_numfiles_with_compaction, 0 stop for pending_compaction_bytes, 0 slowdown for pending_compaction_bytes, 0 memtable_compaction, 0 memtable_slowdown, interval 0 total count

** File Read Latency Histogram By Level [usertable] **
2019/03/24-21:34:54.878906 7f701bfff700 (Original Log Time 2019/03/24-21:34:54.850571) [db/db_impl_compaction_flush.cc:1835] [usertable] Moving #11 to level-1 239377117 bytes
2019/03/24-21:34:54.878910 7f701bfff700 (Original Log Time 2019/03/24-21:34:54.878849) EVENT_LOG_v1 {"time_micros": 1553488494878834, "job": 4, "event": "trivial_move", "destination_level": 1, "files": 1, "total_files_size": 239377117}
2019/03/24-21:34:54.878912 7f701bfff700 (Original Log Time 2019/03/24-21:34:54.878861) [db/db_impl_compaction_flush.cc:1864] [usertable] Moved #1 files to level-1 239377117 bytes OK: base level 1 max bytes base 536870912 files[1 1 0 0 0 0 0] max score 0.50
2019/03/24-21:35:01.465975 7f6fb83f4700 [db/db_impl_write.cc:1373] [usertable] New memtable created with log file: #15. Immutable memtables: 0.
2019/03/24-21:35:10.001427 7f70181f2700 [db/db_impl_write.cc:1373] [usertable] New memtable created with log file: #16. Immutable memtables: 1.
2019/03/24-21:35:10.001638 7f6fb9ffb700 [db/db_impl_compaction_flush.cc:80] [JOB 5] Syncing log #13
2019/03/24-21:35:10.475809 7f6fb9ffb700 [db/db_impl_compaction_flush.cc:80] [JOB 5] Syncing log #15
2019/03/24-21:35:11.381256 7f6fb9ffb700 (Original Log Time 2019/03/24-21:35:10.001621) [db/db_impl_compaction_flush.cc:1424] Calling FlushMemTableToOutputFile with column family [usertable], flush slots available 24, compaction slots available 1, flush slots scheduled 1, compaction slots scheduled 0
2019/03/24-21:35:11.381267 7f6fb9ffb700 [db/flush_job.cc:301] [usertable] [JOB 5] Flushing memtable with next log file: 15
2019/03/24-21:35:11.381273 7f6fb9ffb700 [db/flush_job.cc:301] [usertable] [JOB 5] Flushing memtable with next log file: 16
2019/03/24-21:35:11.381305 7f6fb9ffb700 EVENT_LOG_v1 {"time_micros": 1553488511381294, "job": 5, "event": "flush_started", "num_memtables": 2, "num_entries": 59311, "num_deletes": 0, "memory_usage": 245789784, "flush_reason": "Write Buffer Full"}
2019/03/24-21:35:11.381311 7f6fb9ffb700 [db/flush_job.cc:331] [usertable] [JOB 5] Level-0 flush table #17: started
2019/03/24-21:35:13.327238 7f6fb9ffb700 EVENT_LOG_v1 {"time_micros": 1553488513327209, "cf_name": "usertable", "job": 5, "event": "table_file_creation", "file_number": 17, "file_size": 245630613, "table_properties": {"data_size": 244539267, "index_size": 1090419, "filter_size": 0, "raw_key_size": 1423464, "raw_average_key_size": 24, "raw_value_size": 242937856, "raw_average_value_size": 4096, "num_data_blocks": 29656, "num_entries": 59311, "filter_policy_name": "", "kDeletedKeys": "0", "kMergeOperands": "0"}}
2019/03/24-21:35:13.327269 7f6fb9ffb700 [db/flush_job.cc:371] [usertable] [JOB 5] Level-0 flush table #17: 245630613 bytes OK
2019/03/24-21:35:13.355741 7f6fb9ffb700 (Original Log Time 2019/03/24-21:35:13.327284) [db/memtable_list.cc:377] [usertable] Level-0 commit table #17 started
2019/03/24-21:35:13.355745 7f6fb9ffb700 (Original Log Time 2019/03/24-21:35:13.355637) [db/memtable_list.cc:409] [usertable] Level-0 commit table #17: memtable #1 done
2019/03/24-21:35:13.355747 7f6fb9ffb700 (Original Log Time 2019/03/24-21:35:13.355640) [db/memtable_list.cc:409] [usertable] Level-0 commit table #17: memtable #2 done
2019/03/24-21:35:13.355748 7f6fb9ffb700 (Original Log Time 2019/03/24-21:35:13.355675) EVENT_LOG_v1 {"time_micros": 1553488513355647, "job": 5, "event": "flush_finished", "output_compression": "NoCompression", "lsm_state": [2, 1, 0, 0, 0, 0, 0], "immutable_memtables": 0}
2019/03/24-21:35:13.355750 7f6fb9ffb700 (Original Log Time 2019/03/24-21:35:13.355717) [db/db_impl_compaction_flush.cc:177] [usertable] Level summary: base level 1 max bytes base 536870912 files[2 1 0 0 0 0 0] max score 1.00
