2019/01/04-13:45:36.739614 7f8aad7ec700 RocksDB version: 5.14.3
2019/01/04-13:45:36.739689 7f8aad7ec700 Git sha rocksdb_build_git_sha:
2019/01/04-13:45:36.739692 7f8aad7ec700 Compile date Dec 29 2018
2019/01/04-13:45:36.739697 7f8aad7ec700 DB SUMMARY
2019/01/04-13:45:36.739720 7f8aad7ec700 SST files in /mnt/sda/ycsb-rocksdb-data dir, Total Num: 0, files: 
2019/01/04-13:45:36.739722 7f8aad7ec700 Write Ahead Log file in /mnt/sda/ycsb-rocksdb-data: 
2019/01/04-13:45:36.739725 7f8aad7ec700                         Options.error_if_exists: 0
2019/01/04-13:45:36.739727 7f8aad7ec700                       Options.create_if_missing: 1
2019/01/04-13:45:36.739728 7f8aad7ec700                         Options.paranoid_checks: 1
2019/01/04-13:45:36.739729 7f8aad7ec700                                     Options.env: 0x7f8a8fba12c0
2019/01/04-13:45:36.739731 7f8aad7ec700                                Options.info_log: 0x7f8a303b26b0
2019/01/04-13:45:36.739732 7f8aad7ec700                Options.max_file_opening_threads: 16
2019/01/04-13:45:36.739733 7f8aad7ec700                              Options.statistics: (nil)
2019/01/04-13:45:36.739734 7f8aad7ec700                               Options.use_fsync: 0
2019/01/04-13:45:36.739736 7f8aad7ec700                       Options.max_log_file_size: 0
2019/01/04-13:45:36.739737 7f8aad7ec700                  Options.max_manifest_file_size: 18446744073709551615
2019/01/04-13:45:36.739738 7f8aad7ec700                   Options.log_file_time_to_roll: 0
2019/01/04-13:45:36.739739 7f8aad7ec700                       Options.keep_log_file_num: 1000
2019/01/04-13:45:36.739740 7f8aad7ec700                    Options.recycle_log_file_num: 0
2019/01/04-13:45:36.739741 7f8aad7ec700                         Options.allow_fallocate: 1
2019/01/04-13:45:36.739742 7f8aad7ec700                        Options.allow_mmap_reads: 0
2019/01/04-13:45:36.739744 7f8aad7ec700                       Options.allow_mmap_writes: 0
2019/01/04-13:45:36.739745 7f8aad7ec700                        Options.use_direct_reads: 0
2019/01/04-13:45:36.739746 7f8aad7ec700                        Options.use_direct_io_for_flush_and_compaction: 0
2019/01/04-13:45:36.739747 7f8aad7ec700          Options.create_missing_column_families: 1
2019/01/04-13:45:36.739748 7f8aad7ec700                              Options.db_log_dir: 
2019/01/04-13:45:36.739749 7f8aad7ec700                                 Options.wal_dir: /mnt/sda/ycsb-rocksdb-data
2019/01/04-13:45:36.739750 7f8aad7ec700                Options.table_cache_numshardbits: 6
2019/01/04-13:45:36.739751 7f8aad7ec700                      Options.max_subcompactions: 4
2019/01/04-13:45:36.739752 7f8aad7ec700                  Options.max_background_flushes: 24
2019/01/04-13:45:36.739754 7f8aad7ec700                         Options.WAL_ttl_seconds: 0
2019/01/04-13:45:36.739755 7f8aad7ec700                       Options.WAL_size_limit_MB: 0
2019/01/04-13:45:36.739756 7f8aad7ec700             Options.manifest_preallocation_size: 4194304
2019/01/04-13:45:36.739757 7f8aad7ec700                     Options.is_fd_close_on_exec: 1
2019/01/04-13:45:36.739758 7f8aad7ec700                   Options.advise_random_on_open: 1
2019/01/04-13:45:36.739759 7f8aad7ec700                    Options.db_write_buffer_size: 0
2019/01/04-13:45:36.739760 7f8aad7ec700                    Options.write_buffer_manager: 0x7f8a303a8a50
2019/01/04-13:45:36.739761 7f8aad7ec700         Options.access_hint_on_compaction_start: 1
2019/01/04-13:45:36.739763 7f8aad7ec700  Options.new_table_reader_for_compaction_inputs: 0
2019/01/04-13:45:36.739764 7f8aad7ec700           Options.random_access_max_buffer_size: 1048576
2019/01/04-13:45:36.739765 7f8aad7ec700                      Options.use_adaptive_mutex: 0
2019/01/04-13:45:36.739766 7f8aad7ec700                            Options.rate_limiter: (nil)
2019/01/04-13:45:36.739768 7f8aad7ec700     Options.sst_file_manager.rate_bytes_per_sec: 0
2019/01/04-13:45:36.739770 7f8aad7ec700                       Options.wal_recovery_mode: 2
2019/01/04-13:45:36.739771 7f8aad7ec700                  Options.enable_thread_tracking: 0
2019/01/04-13:45:36.739772 7f8aad7ec700                  Options.enable_pipelined_write: 1
2019/01/04-13:45:36.739783 7f8aad7ec700         Options.allow_concurrent_memtable_write: 1
2019/01/04-13:45:36.739785 7f8aad7ec700      Options.enable_write_thread_adaptive_yield: 1
2019/01/04-13:45:36.739786 7f8aad7ec700             Options.write_thread_max_yield_usec: 100
2019/01/04-13:45:36.739787 7f8aad7ec700            Options.write_thread_slow_yield_usec: 3
2019/01/04-13:45:36.739788 7f8aad7ec700                               Options.row_cache: None
2019/01/04-13:45:36.739789 7f8aad7ec700                              Options.wal_filter: None
2019/01/04-13:45:36.739790 7f8aad7ec700             Options.avoid_flush_during_recovery: 0
2019/01/04-13:45:36.739792 7f8aad7ec700             Options.allow_ingest_behind: 0
2019/01/04-13:45:36.739793 7f8aad7ec700             Options.preserve_deletes: 0
2019/01/04-13:45:36.739794 7f8aad7ec700             Options.two_write_queues: 0
2019/01/04-13:45:36.739795 7f8aad7ec700             Options.manual_wal_flush: 0
2019/01/04-13:45:36.739797 7f8aad7ec700             Options.max_background_jobs: 24
2019/01/04-13:45:36.739798 7f8aad7ec700             Options.max_background_compactions: 24
2019/01/04-13:45:36.739800 7f8aad7ec700             Options.avoid_flush_during_shutdown: 0
2019/01/04-13:45:36.739801 7f8aad7ec700           Options.writable_file_max_buffer_size: 1048576
2019/01/04-13:45:36.739802 7f8aad7ec700             Options.delayed_write_rate : 16777216
2019/01/04-13:45:36.739803 7f8aad7ec700             Options.max_total_wal_size: 0
2019/01/04-13:45:36.739804 7f8aad7ec700             Options.delete_obsolete_files_period_micros: 21600000000
2019/01/04-13:45:36.739806 7f8aad7ec700                   Options.stats_dump_period_sec: 60
2019/01/04-13:45:36.739807 7f8aad7ec700                          Options.max_open_files: -1
2019/01/04-13:45:36.739808 7f8aad7ec700                          Options.bytes_per_sync: 1048576
2019/01/04-13:45:36.739809 7f8aad7ec700                      Options.wal_bytes_per_sync: 0
2019/01/04-13:45:36.739810 7f8aad7ec700       Options.compaction_readahead_size: 0
2019/01/04-13:45:36.739812 7f8aad7ec700 Compression algorithms supported:
2019/01/04-13:45:36.739814 7f8aad7ec700 	kZSTDNotFinalCompression supported: 1
2019/01/04-13:45:36.739824 7f8aad7ec700 	kZSTD supported: 1
2019/01/04-13:45:36.739825 7f8aad7ec700 	kXpressCompression supported: 0
2019/01/04-13:45:36.739827 7f8aad7ec700 	kLZ4HCCompression supported: 1
2019/01/04-13:45:36.739828 7f8aad7ec700 	kLZ4Compression supported: 1
2019/01/04-13:45:36.739830 7f8aad7ec700 	kBZip2Compression supported: 1
2019/01/04-13:45:36.739831 7f8aad7ec700 	kZlibCompression supported: 1
2019/01/04-13:45:36.739832 7f8aad7ec700 	kSnappyCompression supported: 1
2019/01/04-13:45:36.739837 7f8aad7ec700 Fast CRC32 supported: Supported on x86
2019/01/04-13:45:36.739927 7f8aad7ec700 [db/db_impl_open.cc:222] Creating manifest 1 
2019/01/04-13:45:36.839400 7f8aad7ec700 [db/version_set.cc:3085] Recovering from manifest file: MANIFEST-000001
2019/01/04-13:45:36.839513 7f8aad7ec700 [db/column_family.cc:475] --------------- Options for column family [default]:
2019/01/04-13:45:36.839517 7f8aad7ec700               Options.comparator: leveldb.BytewiseComparator
2019/01/04-13:45:36.839519 7f8aad7ec700           Options.merge_operator: None
2019/01/04-13:45:36.839520 7f8aad7ec700        Options.compaction_filter: None
2019/01/04-13:45:36.839521 7f8aad7ec700        Options.compaction_filter_factory: None
2019/01/04-13:45:36.839523 7f8aad7ec700         Options.memtable_factory: SkipListFactory
2019/01/04-13:45:36.839524 7f8aad7ec700            Options.table_factory: BlockBasedTable
2019/01/04-13:45:36.839562 7f8aad7ec700            table_factory options:   flush_block_policy_factory: FlushBlockBySizePolicyFactory (0x7f8a303743e0)
  cache_index_and_filter_blocks: 0
  cache_index_and_filter_blocks_with_high_priority: 0
  pin_l0_filter_and_index_blocks_in_cache: 0
  index_type: 0
  hash_index_allow_collision: 1
  checksum: 1
  no_block_cache: 0
  block_cache: 0x7f8a3037fe10
  block_cache_name: LRUCache
  block_cache_options:
    capacity : 8388608
    num_shard_bits : 4
    strict_capacity_limit : 0
    high_pri_pool_ratio: 0.000
  block_cache_compressed: (nil)
  persistent_cache: (nil)
  block_size: 8192
  block_size_deviation: 10
  block_restart_interval: 16
  index_block_restart_interval: 1
  metadata_block_size: 4096
  partition_filters: 0
  use_delta_encoding: 1
  filter_policy: nullptr
  whole_key_filtering: 1
  verify_compression: 0
  read_amp_bytes_per_bit: 0
  format_version: 2
  enable_index_compression: 1
  block_align: 0
2019/01/04-13:45:36.839579 7f8aad7ec700        Options.write_buffer_size: 134217728
2019/01/04-13:45:36.839581 7f8aad7ec700  Options.max_write_buffer_number: 24
2019/01/04-13:45:36.839583 7f8aad7ec700        Options.compression[0]: NoCompression
2019/01/04-13:45:36.839584 7f8aad7ec700        Options.compression[1]: NoCompression
2019/01/04-13:45:36.839586 7f8aad7ec700        Options.compression[2]: LZ4
2019/01/04-13:45:36.839587 7f8aad7ec700        Options.compression[3]: LZ4
2019/01/04-13:45:36.839588 7f8aad7ec700        Options.compression[4]: LZ4
2019/01/04-13:45:36.839589 7f8aad7ec700        Options.compression[5]: LZ4
2019/01/04-13:45:36.839591 7f8aad7ec700        Options.compression[6]: LZ4
2019/01/04-13:45:36.839592 7f8aad7ec700                  Options.bottommost_compression: Disabled
2019/01/04-13:45:36.839593 7f8aad7ec700       Options.prefix_extractor: nullptr
2019/01/04-13:45:36.839595 7f8aad7ec700   Options.memtable_insert_with_hint_prefix_extractor: nullptr
2019/01/04-13:45:36.839596 7f8aad7ec700             Options.num_levels: 7
2019/01/04-13:45:36.839597 7f8aad7ec700        Options.min_write_buffer_number_to_merge: 2
2019/01/04-13:45:36.839598 7f8aad7ec700     Options.max_write_buffer_number_to_maintain: 0
2019/01/04-13:45:36.839599 7f8aad7ec700            Options.compression_opts.window_bits: -14
2019/01/04-13:45:36.839600 7f8aad7ec700                  Options.compression_opts.level: -1
2019/01/04-13:45:36.839602 7f8aad7ec700               Options.compression_opts.strategy: 0
2019/01/04-13:45:36.839603 7f8aad7ec700         Options.compression_opts.max_dict_bytes: 0
2019/01/04-13:45:36.839604 7f8aad7ec700         Options.compression_opts.zstd_max_train_bytes: 0
2019/01/04-13:45:36.839605 7f8aad7ec700      Options.level0_file_num_compaction_trigger: 2
2019/01/04-13:45:36.839606 7f8aad7ec700          Options.level0_slowdown_writes_trigger: 20
2019/01/04-13:45:36.839607 7f8aad7ec700              Options.level0_stop_writes_trigger: 36
2019/01/04-13:45:36.839608 7f8aad7ec700                   Options.target_file_size_base: 67108864
2019/01/04-13:45:36.839610 7f8aad7ec700             Options.target_file_size_multiplier: 1
2019/01/04-13:45:36.839611 7f8aad7ec700                Options.max_bytes_for_level_base: 536870912
2019/01/04-13:45:36.839612 7f8aad7ec700 Options.level_compaction_dynamic_level_bytes: 0
2019/01/04-13:45:36.839613 7f8aad7ec700          Options.max_bytes_for_level_multiplier: 10.000000
2019/01/04-13:45:36.839617 7f8aad7ec700 Options.max_bytes_for_level_multiplier_addtl[0]: 1
2019/01/04-13:45:36.839618 7f8aad7ec700 Options.max_bytes_for_level_multiplier_addtl[1]: 1
2019/01/04-13:45:36.839619 7f8aad7ec700 Options.max_bytes_for_level_multiplier_addtl[2]: 1
2019/01/04-13:45:36.839620 7f8aad7ec700 Options.max_bytes_for_level_multiplier_addtl[3]: 1
2019/01/04-13:45:36.839621 7f8aad7ec700 Options.max_bytes_for_level_multiplier_addtl[4]: 1
2019/01/04-13:45:36.839623 7f8aad7ec700 Options.max_bytes_for_level_multiplier_addtl[5]: 1
2019/01/04-13:45:36.839624 7f8aad7ec700 Options.max_bytes_for_level_multiplier_addtl[6]: 1
2019/01/04-13:45:36.839625 7f8aad7ec700       Options.max_sequential_skip_in_iterations: 8
2019/01/04-13:45:36.839626 7f8aad7ec700                    Options.max_compaction_bytes: 1677721600
2019/01/04-13:45:36.839627 7f8aad7ec700                        Options.arena_block_size: 16777216
2019/01/04-13:45:36.839628 7f8aad7ec700   Options.soft_pending_compaction_bytes_limit: 68719476736
2019/01/04-13:45:36.839629 7f8aad7ec700   Options.hard_pending_compaction_bytes_limit: 274877906944
2019/01/04-13:45:36.839637 7f8aad7ec700       Options.rate_limit_delay_max_milliseconds: 100
2019/01/04-13:45:36.839639 7f8aad7ec700                Options.disable_auto_compactions: 0
2019/01/04-13:45:36.839642 7f8aad7ec700                        Options.compaction_style: kCompactionStyleLevel
2019/01/04-13:45:36.839644 7f8aad7ec700                          Options.compaction_pri: kByCompensatedSize
2019/01/04-13:45:36.839645 7f8aad7ec700 Options.compaction_options_universal.size_ratio: 1
2019/01/04-13:45:36.839646 7f8aad7ec700 Options.compaction_options_universal.min_merge_width: 2
2019/01/04-13:45:36.839648 7f8aad7ec700 Options.compaction_options_universal.max_merge_width: 4294967295
2019/01/04-13:45:36.839649 7f8aad7ec700 Options.compaction_options_universal.max_size_amplification_percent: 200
2019/01/04-13:45:36.839650 7f8aad7ec700 Options.compaction_options_universal.compression_size_percent: -1
2019/01/04-13:45:36.839652 7f8aad7ec700 Options.compaction_options_universal.stop_style: kCompactionStopStyleTotalSize
2019/01/04-13:45:36.839653 7f8aad7ec700 Options.compaction_options_fifo.max_table_files_size: 1073741824
2019/01/04-13:45:36.839654 7f8aad7ec700 Options.compaction_options_fifo.allow_compaction: 0
2019/01/04-13:45:36.839656 7f8aad7ec700 Options.compaction_options_fifo.ttl: 0
2019/01/04-13:45:36.839657 7f8aad7ec700                   Options.table_properties_collectors: 
2019/01/04-13:45:36.839658 7f8aad7ec700                   Options.inplace_update_support: 0
2019/01/04-13:45:36.839659 7f8aad7ec700                 Options.inplace_update_num_locks: 10000
2019/01/04-13:45:36.839661 7f8aad7ec700               Options.memtable_prefix_bloom_size_ratio: 0.000000
2019/01/04-13:45:36.839662 7f8aad7ec700   Options.memtable_huge_page_size: 0
2019/01/04-13:45:36.839664 7f8aad7ec700                           Options.bloom_locality: 0
2019/01/04-13:45:36.839665 7f8aad7ec700                    Options.max_successive_merges: 0
2019/01/04-13:45:36.839666 7f8aad7ec700                Options.optimize_filters_for_hits: 0
2019/01/04-13:45:36.839667 7f8aad7ec700                Options.paranoid_file_checks: 0
2019/01/04-13:45:36.839668 7f8aad7ec700                Options.force_consistency_checks: 0
2019/01/04-13:45:36.839669 7f8aad7ec700                Options.report_bg_io_stats: 0
2019/01/04-13:45:36.839670 7f8aad7ec700                               Options.ttl: 0
2019/01/04-13:45:36.840328 7f8aad7ec700 [db/version_set.cc:3361] Recovered from manifest file:/mnt/sda/ycsb-rocksdb-data/MANIFEST-000001 succeeded,manifest_file_number is 1, next_file_number is 3, last_sequence is 0, log_number is 0,prev_log_number is 0,max_column_family is 0,min_log_number_to_keep is 0
2019/01/04-13:45:36.840337 7f8aad7ec700 [db/version_set.cc:3369] Column family [default] (ID 0), log number is 0
2019/01/04-13:45:36.840580 7f8aad7ec700 [db/version_set.cc:2847] Creating manifest 4
2019/01/04-13:45:37.125304 7f8aad7ec700 [db/column_family.cc:475] --------------- Options for column family [usertable]:
2019/01/04-13:45:37.125312 7f8aad7ec700               Options.comparator: leveldb.BytewiseComparator
2019/01/04-13:45:37.125314 7f8aad7ec700           Options.merge_operator: None
2019/01/04-13:45:37.125315 7f8aad7ec700        Options.compaction_filter: None
2019/01/04-13:45:37.125316 7f8aad7ec700        Options.compaction_filter_factory: None
2019/01/04-13:45:37.125317 7f8aad7ec700         Options.memtable_factory: SkipListFactory
2019/01/04-13:45:37.125319 7f8aad7ec700            Options.table_factory: BlockBasedTable
2019/01/04-13:45:37.125350 7f8aad7ec700            table_factory options:   flush_block_policy_factory: FlushBlockBySizePolicyFactory (0x7f8a303744c0)
  cache_index_and_filter_blocks: 0
  cache_index_and_filter_blocks_with_high_priority: 0
  pin_l0_filter_and_index_blocks_in_cache: 0
  index_type: 0
  hash_index_allow_collision: 1
  checksum: 1
  no_block_cache: 0
  block_cache: 0x7f8a30374f60
  block_cache_name: LRUCache
  block_cache_options:
    capacity : 8388608
    num_shard_bits : 4
    strict_capacity_limit : 0
    high_pri_pool_ratio: 0.000
  block_cache_compressed: (nil)
  persistent_cache: (nil)
  block_size: 8192
  block_size_deviation: 10
  block_restart_interval: 16
  index_block_restart_interval: 1
  metadata_block_size: 4096
  partition_filters: 0
  use_delta_encoding: 1
  filter_policy: nullptr
  whole_key_filtering: 1
  verify_compression: 0
  read_amp_bytes_per_bit: 0
  format_version: 2
  enable_index_compression: 1
  block_align: 0
2019/01/04-13:45:37.125353 7f8aad7ec700        Options.write_buffer_size: 134217728
2019/01/04-13:45:37.125354 7f8aad7ec700  Options.max_write_buffer_number: 24
2019/01/04-13:45:37.125356 7f8aad7ec700        Options.compression[0]: NoCompression
2019/01/04-13:45:37.125358 7f8aad7ec700        Options.compression[1]: NoCompression
2019/01/04-13:45:37.125359 7f8aad7ec700        Options.compression[2]: LZ4
2019/01/04-13:45:37.125360 7f8aad7ec700        Options.compression[3]: LZ4
2019/01/04-13:45:37.125361 7f8aad7ec700        Options.compression[4]: LZ4
2019/01/04-13:45:37.125362 7f8aad7ec700        Options.compression[5]: LZ4
2019/01/04-13:45:37.125364 7f8aad7ec700        Options.compression[6]: LZ4
2019/01/04-13:45:37.125365 7f8aad7ec700                  Options.bottommost_compression: Disabled
2019/01/04-13:45:37.125366 7f8aad7ec700       Options.prefix_extractor: nullptr
2019/01/04-13:45:37.125367 7f8aad7ec700   Options.memtable_insert_with_hint_prefix_extractor: nullptr
2019/01/04-13:45:37.125368 7f8aad7ec700             Options.num_levels: 7
2019/01/04-13:45:37.125370 7f8aad7ec700        Options.min_write_buffer_number_to_merge: 2
2019/01/04-13:45:37.125371 7f8aad7ec700     Options.max_write_buffer_number_to_maintain: 0
2019/01/04-13:45:37.125372 7f8aad7ec700            Options.compression_opts.window_bits: -14
2019/01/04-13:45:37.125373 7f8aad7ec700                  Options.compression_opts.level: -1
2019/01/04-13:45:37.125374 7f8aad7ec700               Options.compression_opts.strategy: 0
2019/01/04-13:45:37.125375 7f8aad7ec700         Options.compression_opts.max_dict_bytes: 0
2019/01/04-13:45:37.125376 7f8aad7ec700         Options.compression_opts.zstd_max_train_bytes: 0
2019/01/04-13:45:37.125377 7f8aad7ec700      Options.level0_file_num_compaction_trigger: 2
2019/01/04-13:45:37.125379 7f8aad7ec700          Options.level0_slowdown_writes_trigger: 20
2019/01/04-13:45:37.125380 7f8aad7ec700              Options.level0_stop_writes_trigger: 36
2019/01/04-13:45:37.125381 7f8aad7ec700                   Options.target_file_size_base: 67108864
2019/01/04-13:45:37.125382 7f8aad7ec700             Options.target_file_size_multiplier: 1
2019/01/04-13:45:37.125383 7f8aad7ec700                Options.max_bytes_for_level_base: 536870912
2019/01/04-13:45:37.125384 7f8aad7ec700 Options.level_compaction_dynamic_level_bytes: 0
2019/01/04-13:45:37.125385 7f8aad7ec700          Options.max_bytes_for_level_multiplier: 10.000000
2019/01/04-13:45:37.125388 7f8aad7ec700 Options.max_bytes_for_level_multiplier_addtl[0]: 1
2019/01/04-13:45:37.125406 7f8aad7ec700 Options.max_bytes_for_level_multiplier_addtl[1]: 1
2019/01/04-13:45:37.125407 7f8aad7ec700 Options.max_bytes_for_level_multiplier_addtl[2]: 1
2019/01/04-13:45:37.125408 7f8aad7ec700 Options.max_bytes_for_level_multiplier_addtl[3]: 1
2019/01/04-13:45:37.125410 7f8aad7ec700 Options.max_bytes_for_level_multiplier_addtl[4]: 1
2019/01/04-13:45:37.125411 7f8aad7ec700 Options.max_bytes_for_level_multiplier_addtl[5]: 1
2019/01/04-13:45:37.125412 7f8aad7ec700 Options.max_bytes_for_level_multiplier_addtl[6]: 1
2019/01/04-13:45:37.125413 7f8aad7ec700       Options.max_sequential_skip_in_iterations: 8
2019/01/04-13:45:37.125414 7f8aad7ec700                    Options.max_compaction_bytes: 1677721600
2019/01/04-13:45:37.125415 7f8aad7ec700                        Options.arena_block_size: 16777216
2019/01/04-13:45:37.125416 7f8aad7ec700   Options.soft_pending_compaction_bytes_limit: 68719476736
2019/01/04-13:45:37.125417 7f8aad7ec700   Options.hard_pending_compaction_bytes_limit: 274877906944
2019/01/04-13:45:37.125418 7f8aad7ec700       Options.rate_limit_delay_max_milliseconds: 100
2019/01/04-13:45:37.125419 7f8aad7ec700                Options.disable_auto_compactions: 0
2019/01/04-13:45:37.125422 7f8aad7ec700                        Options.compaction_style: kCompactionStyleLevel
2019/01/04-13:45:37.125424 7f8aad7ec700                          Options.compaction_pri: kByCompensatedSize
2019/01/04-13:45:37.125425 7f8aad7ec700 Options.compaction_options_universal.size_ratio: 1
2019/01/04-13:45:37.125426 7f8aad7ec700 Options.compaction_options_universal.min_merge_width: 2
2019/01/04-13:45:37.125428 7f8aad7ec700 Options.compaction_options_universal.max_merge_width: 4294967295
2019/01/04-13:45:37.125429 7f8aad7ec700 Options.compaction_options_universal.max_size_amplification_percent: 200
2019/01/04-13:45:37.125438 7f8aad7ec700 Options.compaction_options_universal.compression_size_percent: -1
2019/01/04-13:45:37.125440 7f8aad7ec700 Options.compaction_options_universal.stop_style: kCompactionStopStyleTotalSize
2019/01/04-13:45:37.125441 7f8aad7ec700 Options.compaction_options_fifo.max_table_files_size: 1073741824
2019/01/04-13:45:37.125442 7f8aad7ec700 Options.compaction_options_fifo.allow_compaction: 0
2019/01/04-13:45:37.125444 7f8aad7ec700 Options.compaction_options_fifo.ttl: 0
2019/01/04-13:45:37.125445 7f8aad7ec700                   Options.table_properties_collectors: 
2019/01/04-13:45:37.125446 7f8aad7ec700                   Options.inplace_update_support: 0
2019/01/04-13:45:37.125447 7f8aad7ec700                 Options.inplace_update_num_locks: 10000
2019/01/04-13:45:37.125448 7f8aad7ec700               Options.memtable_prefix_bloom_size_ratio: 0.000000
2019/01/04-13:45:37.125450 7f8aad7ec700   Options.memtable_huge_page_size: 0
2019/01/04-13:45:37.125451 7f8aad7ec700                           Options.bloom_locality: 0
2019/01/04-13:45:37.125452 7f8aad7ec700                    Options.max_successive_merges: 0
2019/01/04-13:45:37.125453 7f8aad7ec700                Options.optimize_filters_for_hits: 0
2019/01/04-13:45:37.125454 7f8aad7ec700                Options.paranoid_file_checks: 0
2019/01/04-13:45:37.125455 7f8aad7ec700                Options.force_consistency_checks: 0
2019/01/04-13:45:37.125456 7f8aad7ec700                Options.report_bg_io_stats: 0
2019/01/04-13:45:37.125457 7f8aad7ec700                               Options.ttl: 0
2019/01/04-13:45:37.125552 7f8aad7ec700 [db/db_impl.cc:1396] Created column family [usertable] (ID 1)
2019/01/04-13:45:37.422907 7f8aad7ec700 [db/db_impl_open.cc:1219] DB pointer 0x7f8a303b2e00
2019/01/04-13:45:46.210529 7f8aad0e5700 [db/db_impl_write.cc:1373] [usertable] New memtable created with log file: #9. Immutable memtables: 0.
2019/01/04-13:45:55.084163 7f8aa4cfb700 [db/db_impl_write.cc:1373] [usertable] New memtable created with log file: #10. Immutable memtables: 1.
2019/01/04-13:45:55.084321 7f895dffb700 [db/db_impl_compaction_flush.cc:80] [JOB 2] Syncing log #3
2019/01/04-13:45:55.361916 7f895dffb700 [db/db_impl_compaction_flush.cc:80] [JOB 2] Syncing log #9
2019/01/04-13:45:56.551255 7f895dffb700 (Original Log Time 2019/01/04-13:45:55.084280) [db/db_impl_compaction_flush.cc:1424] Calling FlushMemTableToOutputFile with column family [usertable], flush slots available 24, compaction slots available 1, flush slots scheduled 1, compaction slots scheduled 0
2019/01/04-13:45:56.551273 7f895dffb700 [db/flush_job.cc:301] [usertable] [JOB 2] Flushing memtable with next log file: 9
2019/01/04-13:45:56.551284 7f895dffb700 [db/flush_job.cc:301] [usertable] [JOB 2] Flushing memtable with next log file: 10
2019/01/04-13:45:56.551342 7f895dffb700 EVENT_LOG_v1 {"time_micros": 1546638356551327, "job": 2, "event": "flush_started", "num_memtables": 2, "num_entries": 61804, "num_deletes": 0, "memory_usage": 256185904, "flush_reason": "Write Buffer Full"}
2019/01/04-13:45:56.551352 7f895dffb700 [db/flush_job.cc:331] [usertable] [JOB 2] Level-0 flush table #11: started
2019/01/04-13:45:58.597348 7f895dffb700 EVENT_LOG_v1 {"time_micros": 1546638358597321, "cf_name": "usertable", "job": 2, "event": "table_file_creation", "file_number": 11, "file_size": 255955064, "table_properties": {"data_size": 254817892, "index_size": 1136245, "filter_size": 0, "raw_key_size": 1483296, "raw_average_key_size": 24, "raw_value_size": 253149184, "raw_average_value_size": 4096, "num_data_blocks": 30902, "num_entries": 61804, "filter_policy_name": "", "kDeletedKeys": "0", "kMergeOperands": "0"}}
2019/01/04-13:45:58.597382 7f895dffb700 [db/flush_job.cc:371] [usertable] [JOB 2] Level-0 flush table #11: 255955064 bytes OK
2019/01/04-13:45:58.674588 7f895dffb700 (Original Log Time 2019/01/04-13:45:58.597406) [db/memtable_list.cc:377] [usertable] Level-0 commit table #11 started
2019/01/04-13:45:58.674592 7f895dffb700 (Original Log Time 2019/01/04-13:45:58.674507) [db/memtable_list.cc:409] [usertable] Level-0 commit table #11: memtable #1 done
2019/01/04-13:45:58.674594 7f895dffb700 (Original Log Time 2019/01/04-13:45:58.674516) [db/memtable_list.cc:409] [usertable] Level-0 commit table #11: memtable #2 done
2019/01/04-13:45:58.674596 7f895dffb700 (Original Log Time 2019/01/04-13:45:58.674534) EVENT_LOG_v1 {"time_micros": 1546638358674525, "job": 2, "event": "flush_finished", "output_compression": "NoCompression", "lsm_state": [1, 0, 0, 0, 0, 0, 0], "immutable_memtables": 0}
2019/01/04-13:45:58.674597 7f895dffb700 (Original Log Time 2019/01/04-13:45:58.674560) [db/db_impl_compaction_flush.cc:177] [usertable] Level summary: base level 1 max bytes base 536870912 files[1 0 0 0 0 0 0] max score 0.50
2019/01/04-13:45:58.674610 7f895dffb700 [db/db_impl_files.cc:347] [JOB 2] Try to delete WAL files size 255162076, prev total WAL file size 307059238, number of live WAL files 3.
2019/01/04-13:46:03.916221 7f8aa4cfb700 [db/db_impl_write.cc:1373] [usertable] New memtable created with log file: #12. Immutable memtables: 0.
2019/01/04-13:46:12.389727 7f8aa4ffe700 [db/db_impl_write.cc:1373] [usertable] New memtable created with log file: #13. Immutable memtables: 1.
2019/01/04-13:46:12.389846 7f895d7fa700 [db/db_impl_compaction_flush.cc:80] [JOB 3] Syncing log #10
2019/01/04-13:46:12.913447 7f895d7fa700 [db/db_impl_compaction_flush.cc:80] [JOB 3] Syncing log #12
2019/01/04-13:46:13.421627 7f895d7fa700 (Original Log Time 2019/01/04-13:46:12.389823) [db/db_impl_compaction_flush.cc:1424] Calling FlushMemTableToOutputFile with column family [usertable], flush slots available 24, compaction slots available 1, flush slots scheduled 1, compaction slots scheduled 0
2019/01/04-13:46:13.421649 7f895d7fa700 [db/flush_job.cc:301] [usertable] [JOB 3] Flushing memtable with next log file: 12
2019/01/04-13:46:13.421659 7f895d7fa700 [db/flush_job.cc:301] [usertable] [JOB 3] Flushing memtable with next log file: 13
2019/01/04-13:46:13.421699 7f895d7fa700 EVENT_LOG_v1 {"time_micros": 1546638373421686, "job": 3, "event": "flush_started", "num_memtables": 2, "num_entries": 60572, "num_deletes": 0, "memory_usage": 251015816, "flush_reason": "Write Buffer Full"}
2019/01/04-13:46:13.421708 7f895d7fa700 [db/flush_job.cc:331] [usertable] [JOB 3] Level-0 flush table #14: started
2019/01/04-13:46:14.945682 7f895d7fa700 EVENT_LOG_v1 {"time_micros": 1546638374945655, "cf_name": "usertable", "job": 3, "event": "table_file_creation", "file_number": 14, "file_size": 250852871, "table_properties": {"data_size": 249738356, "index_size": 1113588, "filter_size": 0, "raw_key_size": 1453728, "raw_average_key_size": 24, "raw_value_size": 248102912, "raw_average_value_size": 4096, "num_data_blocks": 30286, "num_entries": 60572, "filter_policy_name": "", "kDeletedKeys": "0", "kMergeOperands": "0"}}
2019/01/04-13:46:14.945712 7f895d7fa700 [db/flush_job.cc:371] [usertable] [JOB 3] Level-0 flush table #14: 250852871 bytes OK
2019/01/04-13:46:15.006513 7f895d7fa700 (Original Log Time 2019/01/04-13:46:14.945732) [db/memtable_list.cc:377] [usertable] Level-0 commit table #14 started
2019/01/04-13:46:15.006517 7f895d7fa700 (Original Log Time 2019/01/04-13:46:15.006429) [db/memtable_list.cc:409] [usertable] Level-0 commit table #14: memtable #1 done
2019/01/04-13:46:15.006519 7f895d7fa700 (Original Log Time 2019/01/04-13:46:15.006431) [db/memtable_list.cc:409] [usertable] Level-0 commit table #14: memtable #2 done
2019/01/04-13:46:15.006520 7f895d7fa700 (Original Log Time 2019/01/04-13:46:15.006448) EVENT_LOG_v1 {"time_micros": 1546638375006440, "job": 3, "event": "flush_finished", "output_compression": "NoCompression", "lsm_state": [2, 0, 0, 0, 0, 0, 0], "immutable_memtables": 0}
2019/01/04-13:46:15.006522 7f895d7fa700 (Original Log Time 2019/01/04-13:46:15.006490) [db/db_impl_compaction_flush.cc:177] [usertable] Level summary: base level 1 max bytes base 536870912 files[2 0 0 0 0 0 0] max score 1.00
2019/01/04-13:46:15.006535 7f895d7fa700 [db/db_impl_files.cc:347] [JOB 3] Try to delete WAL files size 250072448, prev total WAL file size 287887379, number of live WAL files 3.
2019/01/04-13:46:15.006753 7f895e7fc700 [WARN] [db/db_impl.cc:491] ------- DUMPING STATS -------
2019/01/04-13:46:15.008814 7f895e7fc700 [WARN] [db/db_impl.cc:492] 
** DB Stats **
Uptime(secs): 38.2 total, 38.2 interval
Cumulative writes: 131K writes, 131K keys, 126K commit groups, 1.0 writes per commit group, ingest: 0.51 GB, 13.57 MB/s
Cumulative WAL: 131K writes, 0 syncs, 131535.00 writes per sync, written: 0.51 GB, 13.57 MB/s
Cumulative stall: 00:00:0.000 H:M:S, 0.0 percent
Interval writes: 131K writes, 131K keys, 126K commit groups, 1.0 writes per commit group, ingest: 517.89 MB, 13.57 MB/s
Interval WAL: 131K writes, 0 syncs, 131535.00 writes per sync, written: 0.51 MB, 13.57 MB/s
Interval stall: 00:00:0.000 H:M:S, 0.0 percent

** Compaction Stats [default] **
Level    Files   Size     Score Read(GB)  Rn(GB) Rnp1(GB) Write(GB) Wnew(GB) Moved(GB) W-Amp Rd(MB/s) Wr(MB/s) Comp(sec) Comp(cnt) Avg(sec) KeyIn KeyDrop
----------------------------------------------------------------------------------------------------------------------------------------------------------
 Sum      0/0    0.00 KB   0.0      0.0     0.0      0.0       0.0      0.0       0.0   0.0      0.0      0.0         0         0    0.000       0      0
 Int      0/0    0.00 KB   0.0      0.0     0.0      0.0       0.0      0.0       0.0   0.0      0.0      0.0         0         0    0.000       0      0
Uptime(secs): 38.2 total, 38.2 interval
Flush(GB): cumulative 0.000, interval 0.000
AddFile(GB): cumulative 0.000, interval 0.000
AddFile(Total Files): cumulative 0, interval 0
AddFile(L0 Files): cumulative 0, interval 0
AddFile(Keys): cumulative 0, interval 0
Cumulative compaction: 0.00 GB write, 0.00 MB/s write, 0.00 GB read, 0.00 MB/s read, 0.0 seconds
Interval compaction: 0.00 GB write, 0.00 MB/s write, 0.00 GB read, 0.00 MB/s read, 0.0 seconds
Stalls(count): 0 level0_slowdown, 0 level0_slowdown_with_compaction, 0 level0_numfiles, 0 level0_numfiles_with_compaction, 0 stop for pending_compaction_bytes, 0 slowdown for pending_compaction_bytes, 0 memtable_compaction, 0 memtable_slowdown, interval 0 total count

** File Read Latency Histogram By Level [default] **

** Compaction Stats [usertable] **
Level    Files   Size     Score Read(GB)  Rn(GB) Rnp1(GB) Write(GB) Wnew(GB) Moved(GB) W-Amp Rd(MB/s) Wr(MB/s) Comp(sec) Comp(cnt) Avg(sec) KeyIn KeyDrop
----------------------------------------------------------------------------------------------------------------------------------------------------------
  L0      2/0   483.33 MB   1.0      0.0     0.0      0.0       0.5      0.5       0.0   1.0      0.0    135.4         4         2    1.785       0      0
 Sum      2/0   483.33 MB   0.0      0.0     0.0      0.0       0.5      0.5       0.0   1.0      0.0    135.4         4         2    1.785       0      0
 Int      0/0    0.00 KB   0.0      0.0     0.0      0.0       0.5      0.5       0.0   1.0      0.0    135.4         4         2    1.785       0      0
Uptime(secs): 37.9 total, 37.9 interval
Flush(GB): cumulative 0.472, interval 0.472
AddFile(GB): cumulative 0.000, interval 0.000
AddFile(Total Files): cumulative 0, interval 0
AddFile(L0 Files): cumulative 0, interval 0
AddFile(Keys): cumulative 0, interval 0
Cumulative compaction: 0.47 GB write, 12.76 MB/s write, 0.00 GB read, 0.00 MB/s read, 3.6 seconds
Interval compaction: 0.47 GB write, 12.76 MB/s write, 0.00 GB read, 0.00 MB/s read, 3.6 seconds
Stalls(count): 0 level0_slowdown, 0 level0_slowdown_with_compaction, 0 level0_numfiles, 0 level0_numfiles_with_compaction, 0 stop for pending_compaction_bytes, 0 slowdown for pending_compaction_bytes, 0 memtable_compaction, 0 memtable_slowdown, interval 0 total count

** File Read Latency Histogram By Level [usertable] **

** Compaction Stats [default] **
Level    Files   Size     Score Read(GB)  Rn(GB) Rnp1(GB) Write(GB) Wnew(GB) Moved(GB) W-Amp Rd(MB/s) Wr(MB/s) Comp(sec) Comp(cnt) Avg(sec) KeyIn KeyDrop
----------------------------------------------------------------------------------------------------------------------------------------------------------
 Sum      0/0    0.00 KB   0.0      0.0     0.0      0.0       0.0      0.0       0.0   0.0      0.0      0.0         0         0    0.000       0      0
 Int      0/0    0.00 KB   0.0      0.0     0.0      0.0       0.0      0.0       0.0   0.0      0.0      0.0         0         0    0.000       0      0
Uptime(secs): 38.2 total, 0.0 interval
Flush(GB): cumulative 0.000, interval 0.000
AddFile(GB): cumulative 0.000, interval 0.000
AddFile(Total Files): cumulative 0, interval 0
AddFile(L0 Files): cumulative 0, interval 0
AddFile(Keys): cumulative 0, interval 0
Cumulative compaction: 0.00 GB write, 0.00 MB/s write, 0.00 GB read, 0.00 MB/s read, 0.0 seconds
Interval compaction: 0.00 GB write, 0.00 MB/s write, 0.00 GB read, 0.00 MB/s read, 0.0 seconds
Stalls(count): 0 level0_slowdown, 0 level0_slowdown_with_compaction, 0 level0_numfiles, 0 level0_numfiles_with_compaction, 0 stop for pending_compaction_bytes, 0 slowdown for pending_compaction_bytes, 0 memtable_compaction, 0 memtable_slowdown, interval 0 total count

** File Read Latency Histogram By Level [default] **

** Compaction Stats [usertable] **
Level    Files   Size     Score Read(GB)  Rn(GB) Rnp1(GB) Write(GB) Wnew(GB) Moved(GB) W-Amp Rd(MB/s) Wr(MB/s) Comp(sec) Comp(cnt) Avg(sec) KeyIn KeyDrop
----------------------------------------------------------------------------------------------------------------------------------------------------------
  L0      2/0   483.33 MB   1.0      0.0     0.0      0.0       0.5      0.5       0.0   1.0      0.0    135.4         4         2    1.785       0      0
 Sum      2/0   483.33 MB   0.0      0.0     0.0      0.0       0.5      0.5       0.0   1.0      0.0    135.4         4         2    1.785       0      0
 Int      0/0    0.00 KB   0.0      0.0     0.0      0.0       0.0      0.0       0.0   0.0      0.0      0.0         0         0    0.000       0      0
Uptime(secs): 37.9 total, 0.0 interval
Flush(GB): cumulative 0.472, interval 0.000
AddFile(GB): cumulative 0.000, interval 0.000
AddFile(Total Files): cumulative 0, interval 0
AddFile(L0 Files): cumulative 0, interval 0
AddFile(Keys): cumulative 0, interval 0
Cumulative compaction: 0.47 GB write, 12.76 MB/s write, 0.00 GB read, 0.00 MB/s read, 3.6 seconds
Interval compaction: 0.00 GB write, 0.00 MB/s write, 0.00 GB read, 0.00 MB/s read, 0.0 seconds
Stalls(count): 0 level0_slowdown, 0 level0_slowdown_with_compaction, 0 level0_numfiles, 0 level0_numfiles_with_compaction, 0 stop for pending_compaction_bytes, 0 slowdown for pending_compaction_bytes, 0 memtable_compaction, 0 memtable_slowdown, interval 0 total count

** File Read Latency Histogram By Level [usertable] **
2019/01/04-13:46:15.067465 7f895e7fc700 (Original Log Time 2019/01/04-13:46:15.011582) [db/db_impl_compaction_flush.cc:1835] [usertable] Moving #11 to level-1 255955064 bytes
2019/01/04-13:46:15.067472 7f895e7fc700 (Original Log Time 2019/01/04-13:46:15.067396) EVENT_LOG_v1 {"time_micros": 1546638375067377, "job": 4, "event": "trivial_move", "destination_level": 1, "files": 1, "total_files_size": 255955064}
2019/01/04-13:46:15.067476 7f895e7fc700 (Original Log Time 2019/01/04-13:46:15.067416) [db/db_impl_compaction_flush.cc:1864] [usertable] Moved #1 files to level-1 255955064 bytes OK: base level 1 max bytes base 536870912 files[1 1 0 0 0 0 0] max score 0.50
2019/01/04-13:46:20.985770 7f8aac9cd700 [db/db_impl_write.cc:1373] [usertable] New memtable created with log file: #15. Immutable memtables: 0.
2019/01/04-13:46:29.951420 7f8aacdd1700 [db/db_impl_write.cc:1373] [usertable] New memtable created with log file: #16. Immutable memtables: 1.
2019/01/04-13:46:29.951555 7f895cff9700 [db/db_impl_compaction_flush.cc:80] [JOB 5] Syncing log #13
2019/01/04-13:46:30.457171 7f895cff9700 [db/db_impl_compaction_flush.cc:80] [JOB 5] Syncing log #15
2019/01/04-13:46:30.972276 7f895cff9700 (Original Log Time 2019/01/04-13:46:29.951532) [db/db_impl_compaction_flush.cc:1424] Calling FlushMemTableToOutputFile with column family [usertable], flush slots available 24, compaction slots available 1, flush slots scheduled 1, compaction slots scheduled 0
2019/01/04-13:46:30.972298 7f895cff9700 [db/flush_job.cc:301] [usertable] [JOB 5] Flushing memtable with next log file: 15
2019/01/04-13:46:30.972307 7f895cff9700 [db/flush_job.cc:301] [usertable] [JOB 5] Flushing memtable with next log file: 16
2019/01/04-13:46:30.972345 7f895cff9700 EVENT_LOG_v1 {"time_micros": 1546638390972333, "job": 5, "event": "flush_started", "num_memtables": 2, "num_entries": 61465, "num_deletes": 0, "memory_usage": 254943400, "flush_reason": "Write Buffer Full"}
2019/01/04-13:46:30.972353 7f895cff9700 [db/flush_job.cc:331] [usertable] [JOB 5] Level-0 flush table #17: started
2019/01/04-13:46:31.899567 7f895cff9700 EVENT_LOG_v1 {"time_micros": 1546638391899543, "cf_name": "usertable", "job": 5, "event": "table_file_creation", "file_number": 17, "file_size": 254551164, "table_properties": {"data_size": 253420209, "index_size": 1130028, "filter_size": 0, "raw_key_size": 1475160, "raw_average_key_size": 24, "raw_value_size": 251760640, "raw_average_value_size": 4096, "num_data_blocks": 30733, "num_entries": 61465, "filter_policy_name": "", "kDeletedKeys": "0", "kMergeOperands": "0"}}
2019/01/04-13:46:31.899589 7f895cff9700 [db/flush_job.cc:371] [usertable] [JOB 5] Level-0 flush table #17: 254551164 bytes OK
2019/01/04-13:46:31.928340 7f895cff9700 (Original Log Time 2019/01/04-13:46:31.899605) [db/memtable_list.cc:377] [usertable] Level-0 commit table #17 started
2019/01/04-13:46:31.928343 7f895cff9700 (Original Log Time 2019/01/04-13:46:31.928268) [db/memtable_list.cc:409] [usertable] Level-0 commit table #17: memtable #1 done
2019/01/04-13:46:31.928345 7f895cff9700 (Original Log Time 2019/01/04-13:46:31.928270) [db/memtable_list.cc:409] [usertable] Level-0 commit table #17: memtable #2 done
2019/01/04-13:46:31.928347 7f895cff9700 (Original Log Time 2019/01/04-13:46:31.928286) EVENT_LOG_v1 {"time_micros": 1546638391928279, "job": 5, "event": "flush_finished", "output_compression": "NoCompression", "lsm_state": [2, 1, 0, 0, 0, 0, 0], "immutable_memtables": 0}
2019/01/04-13:46:31.928349 7f895cff9700 (Original Log Time 2019/01/04-13:46:31.928320) [db/db_impl_compaction_flush.cc:177] [usertable] Level summary: base level 1 max bytes base 536870912 files[2 1 0 0 0 0 0] max score 1.00
