2018/11/14-06:44:36.707515 7efcf89e3700 RocksDB version: 5.14.3
2018/11/14-06:44:36.707572 7efcf89e3700 Git sha rocksdb_build_git_sha:
2018/11/14-06:44:36.707575 7efcf89e3700 Compile date Oct 15 2018
2018/11/14-06:44:36.707579 7efcf89e3700 DB SUMMARY
2018/11/14-06:44:36.707601 7efcf89e3700 SST files in /mnt/sdb/ycsb-rocksdb-data dir, Total Num: 0, files: 
2018/11/14-06:44:36.707604 7efcf89e3700 Write Ahead Log file in /mnt/sdb/ycsb-rocksdb-data: 
2018/11/14-06:44:36.707607 7efcf89e3700                         Options.error_if_exists: 0
2018/11/14-06:44:36.707608 7efcf89e3700                       Options.create_if_missing: 1
2018/11/14-06:44:36.707609 7efcf89e3700                         Options.paranoid_checks: 1
2018/11/14-06:44:36.707610 7efcf89e3700                                     Options.env: 0x7efcdbff83e0
2018/11/14-06:44:36.707611 7efcf89e3700                                Options.info_log: 0x7efce83d4520
2018/11/14-06:44:36.707612 7efcf89e3700                Options.max_file_opening_threads: 16
2018/11/14-06:44:36.707613 7efcf89e3700                              Options.statistics: (nil)
2018/11/14-06:44:36.707614 7efcf89e3700                               Options.use_fsync: 0
2018/11/14-06:44:36.707615 7efcf89e3700                       Options.max_log_file_size: 0
2018/11/14-06:44:36.707616 7efcf89e3700                  Options.max_manifest_file_size: 18446744073709551615
2018/11/14-06:44:36.707616 7efcf89e3700                   Options.log_file_time_to_roll: 0
2018/11/14-06:44:36.707617 7efcf89e3700                       Options.keep_log_file_num: 1000
2018/11/14-06:44:36.707618 7efcf89e3700                    Options.recycle_log_file_num: 0
2018/11/14-06:44:36.707619 7efcf89e3700                         Options.allow_fallocate: 1
2018/11/14-06:44:36.707620 7efcf89e3700                        Options.allow_mmap_reads: 0
2018/11/14-06:44:36.707621 7efcf89e3700                       Options.allow_mmap_writes: 0
2018/11/14-06:44:36.707622 7efcf89e3700                        Options.use_direct_reads: 0
2018/11/14-06:44:36.707622 7efcf89e3700                        Options.use_direct_io_for_flush_and_compaction: 0
2018/11/14-06:44:36.707624 7efcf89e3700          Options.create_missing_column_families: 1
2018/11/14-06:44:36.707624 7efcf89e3700                              Options.db_log_dir: 
2018/11/14-06:44:36.707625 7efcf89e3700                                 Options.wal_dir: /mnt/sdb/ycsb-rocksdb-data
2018/11/14-06:44:36.707626 7efcf89e3700                Options.table_cache_numshardbits: 6
2018/11/14-06:44:36.707627 7efcf89e3700                      Options.max_subcompactions: 4
2018/11/14-06:44:36.707628 7efcf89e3700                  Options.max_background_flushes: 24
2018/11/14-06:44:36.707629 7efcf89e3700                         Options.WAL_ttl_seconds: 0
2018/11/14-06:44:36.707630 7efcf89e3700                       Options.WAL_size_limit_MB: 0
2018/11/14-06:44:36.707630 7efcf89e3700             Options.manifest_preallocation_size: 4194304
2018/11/14-06:44:36.707631 7efcf89e3700                     Options.is_fd_close_on_exec: 1
2018/11/14-06:44:36.707632 7efcf89e3700                   Options.advise_random_on_open: 1
2018/11/14-06:44:36.707633 7efcf89e3700                    Options.db_write_buffer_size: 0
2018/11/14-06:44:36.707634 7efcf89e3700                    Options.write_buffer_manager: 0x7efce83d2760
2018/11/14-06:44:36.707635 7efcf89e3700         Options.access_hint_on_compaction_start: 1
2018/11/14-06:44:36.707635 7efcf89e3700  Options.new_table_reader_for_compaction_inputs: 0
2018/11/14-06:44:36.707636 7efcf89e3700           Options.random_access_max_buffer_size: 1048576
2018/11/14-06:44:36.707637 7efcf89e3700                      Options.use_adaptive_mutex: 0
2018/11/14-06:44:36.707638 7efcf89e3700                            Options.rate_limiter: (nil)
2018/11/14-06:44:36.707640 7efcf89e3700     Options.sst_file_manager.rate_bytes_per_sec: 0
2018/11/14-06:44:36.707641 7efcf89e3700                       Options.wal_recovery_mode: 2
2018/11/14-06:44:36.707641 7efcf89e3700                  Options.enable_thread_tracking: 0
2018/11/14-06:44:36.707642 7efcf89e3700                  Options.enable_pipelined_write: 1
2018/11/14-06:44:36.707652 7efcf89e3700         Options.allow_concurrent_memtable_write: 1
2018/11/14-06:44:36.707654 7efcf89e3700      Options.enable_write_thread_adaptive_yield: 1
2018/11/14-06:44:36.707654 7efcf89e3700             Options.write_thread_max_yield_usec: 100
2018/11/14-06:44:36.707655 7efcf89e3700            Options.write_thread_slow_yield_usec: 3
2018/11/14-06:44:36.707656 7efcf89e3700                               Options.row_cache: None
2018/11/14-06:44:36.707657 7efcf89e3700                              Options.wal_filter: None
2018/11/14-06:44:36.707658 7efcf89e3700             Options.avoid_flush_during_recovery: 0
2018/11/14-06:44:36.707659 7efcf89e3700             Options.allow_ingest_behind: 0
2018/11/14-06:44:36.707660 7efcf89e3700             Options.preserve_deletes: 0
2018/11/14-06:44:36.707660 7efcf89e3700             Options.two_write_queues: 0
2018/11/14-06:44:36.707661 7efcf89e3700             Options.manual_wal_flush: 0
2018/11/14-06:44:36.707664 7efcf89e3700             Options.max_background_jobs: 24
2018/11/14-06:44:36.707664 7efcf89e3700             Options.max_background_compactions: 24
2018/11/14-06:44:36.707665 7efcf89e3700             Options.avoid_flush_during_shutdown: 0
2018/11/14-06:44:36.707666 7efcf89e3700           Options.writable_file_max_buffer_size: 1048576
2018/11/14-06:44:36.707667 7efcf89e3700             Options.delayed_write_rate : 16777216
2018/11/14-06:44:36.707668 7efcf89e3700             Options.max_total_wal_size: 0
2018/11/14-06:44:36.707669 7efcf89e3700             Options.delete_obsolete_files_period_micros: 21600000000
2018/11/14-06:44:36.707670 7efcf89e3700                   Options.stats_dump_period_sec: 60
2018/11/14-06:44:36.707671 7efcf89e3700                          Options.max_open_files: -1
2018/11/14-06:44:36.707672 7efcf89e3700                          Options.bytes_per_sync: 1048576
2018/11/14-06:44:36.707672 7efcf89e3700                      Options.wal_bytes_per_sync: 0
2018/11/14-06:44:36.707673 7efcf89e3700       Options.compaction_readahead_size: 0
2018/11/14-06:44:36.707674 7efcf89e3700 Compression algorithms supported:
2018/11/14-06:44:36.707675 7efcf89e3700 	kZSTDNotFinalCompression supported: 1
2018/11/14-06:44:36.707682 7efcf89e3700 	kZSTD supported: 1
2018/11/14-06:44:36.707683 7efcf89e3700 	kXpressCompression supported: 0
2018/11/14-06:44:36.707684 7efcf89e3700 	kLZ4HCCompression supported: 1
2018/11/14-06:44:36.707686 7efcf89e3700 	kLZ4Compression supported: 1
2018/11/14-06:44:36.707686 7efcf89e3700 	kBZip2Compression supported: 1
2018/11/14-06:44:36.707687 7efcf89e3700 	kZlibCompression supported: 1
2018/11/14-06:44:36.707688 7efcf89e3700 	kSnappyCompression supported: 1
2018/11/14-06:44:36.707692 7efcf89e3700 Fast CRC32 supported: Supported on x86
2018/11/14-06:44:36.707760 7efcf89e3700 [db/db_impl_open.cc:222] Creating manifest 1 
2018/11/14-06:44:36.805380 7efcf89e3700 [db/version_set.cc:3085] Recovering from manifest file: MANIFEST-000001
2018/11/14-06:44:36.805466 7efcf89e3700 [db/column_family.cc:475] --------------- Options for column family [default]:
2018/11/14-06:44:36.805470 7efcf89e3700               Options.comparator: leveldb.BytewiseComparator
2018/11/14-06:44:36.805471 7efcf89e3700           Options.merge_operator: None
2018/11/14-06:44:36.805472 7efcf89e3700        Options.compaction_filter: None
2018/11/14-06:44:36.805473 7efcf89e3700        Options.compaction_filter_factory: None
2018/11/14-06:44:36.805474 7efcf89e3700         Options.memtable_factory: SkipListFactory
2018/11/14-06:44:36.805475 7efcf89e3700            Options.table_factory: BlockBasedTable
2018/11/14-06:44:36.805502 7efcf89e3700            table_factory options:   flush_block_policy_factory: FlushBlockBySizePolicyFactory (0x7efce8386be0)
  cache_index_and_filter_blocks: 0
  cache_index_and_filter_blocks_with_high_priority: 0
  pin_l0_filter_and_index_blocks_in_cache: 0
  index_type: 0
  hash_index_allow_collision: 1
  checksum: 1
  no_block_cache: 0
  block_cache: 0x7efce838fd60
  block_cache_name: LRUCache
  block_cache_options:
    capacity : 8388608
    num_shard_bits : 4
    strict_capacity_limit : 0
    high_pri_pool_ratio: 0.000
  block_cache_compressed: (nil)
  persistent_cache: (nil)
  block_size: 8192
  block_size_deviation: 10
  block_restart_interval: 16
  index_block_restart_interval: 1
  metadata_block_size: 4096
  partition_filters: 0
  use_delta_encoding: 1
  filter_policy: nullptr
  whole_key_filtering: 1
  verify_compression: 0
  read_amp_bytes_per_bit: 0
  format_version: 2
  enable_index_compression: 1
  block_align: 0
2018/11/14-06:44:36.805516 7efcf89e3700        Options.write_buffer_size: 134217728
2018/11/14-06:44:36.805518 7efcf89e3700  Options.max_write_buffer_number: 24
2018/11/14-06:44:36.805519 7efcf89e3700        Options.compression[0]: NoCompression
2018/11/14-06:44:36.805520 7efcf89e3700        Options.compression[1]: NoCompression
2018/11/14-06:44:36.805521 7efcf89e3700        Options.compression[2]: LZ4
2018/11/14-06:44:36.805522 7efcf89e3700        Options.compression[3]: LZ4
2018/11/14-06:44:36.805523 7efcf89e3700        Options.compression[4]: LZ4
2018/11/14-06:44:36.805524 7efcf89e3700        Options.compression[5]: LZ4
2018/11/14-06:44:36.805525 7efcf89e3700        Options.compression[6]: LZ4
2018/11/14-06:44:36.805525 7efcf89e3700                  Options.bottommost_compression: Disabled
2018/11/14-06:44:36.805526 7efcf89e3700       Options.prefix_extractor: nullptr
2018/11/14-06:44:36.805527 7efcf89e3700   Options.memtable_insert_with_hint_prefix_extractor: nullptr
2018/11/14-06:44:36.805528 7efcf89e3700             Options.num_levels: 7
2018/11/14-06:44:36.805529 7efcf89e3700        Options.min_write_buffer_number_to_merge: 2
2018/11/14-06:44:36.805530 7efcf89e3700     Options.max_write_buffer_number_to_maintain: 0
2018/11/14-06:44:36.805531 7efcf89e3700            Options.compression_opts.window_bits: -14
2018/11/14-06:44:36.805532 7efcf89e3700                  Options.compression_opts.level: -1
2018/11/14-06:44:36.805533 7efcf89e3700               Options.compression_opts.strategy: 0
2018/11/14-06:44:36.805533 7efcf89e3700         Options.compression_opts.max_dict_bytes: 0
2018/11/14-06:44:36.805534 7efcf89e3700         Options.compression_opts.zstd_max_train_bytes: 0
2018/11/14-06:44:36.805535 7efcf89e3700      Options.level0_file_num_compaction_trigger: 2
2018/11/14-06:44:36.805536 7efcf89e3700          Options.level0_slowdown_writes_trigger: 20
2018/11/14-06:44:36.805537 7efcf89e3700              Options.level0_stop_writes_trigger: 36
2018/11/14-06:44:36.805538 7efcf89e3700                   Options.target_file_size_base: 67108864
2018/11/14-06:44:36.805539 7efcf89e3700             Options.target_file_size_multiplier: 1
2018/11/14-06:44:36.805539 7efcf89e3700                Options.max_bytes_for_level_base: 536870912
2018/11/14-06:44:36.805540 7efcf89e3700 Options.level_compaction_dynamic_level_bytes: 0
2018/11/14-06:44:36.805541 7efcf89e3700          Options.max_bytes_for_level_multiplier: 10.000000
2018/11/14-06:44:36.805544 7efcf89e3700 Options.max_bytes_for_level_multiplier_addtl[0]: 1
2018/11/14-06:44:36.805545 7efcf89e3700 Options.max_bytes_for_level_multiplier_addtl[1]: 1
2018/11/14-06:44:36.805546 7efcf89e3700 Options.max_bytes_for_level_multiplier_addtl[2]: 1
2018/11/14-06:44:36.805547 7efcf89e3700 Options.max_bytes_for_level_multiplier_addtl[3]: 1
2018/11/14-06:44:36.805548 7efcf89e3700 Options.max_bytes_for_level_multiplier_addtl[4]: 1
2018/11/14-06:44:36.805548 7efcf89e3700 Options.max_bytes_for_level_multiplier_addtl[5]: 1
2018/11/14-06:44:36.805549 7efcf89e3700 Options.max_bytes_for_level_multiplier_addtl[6]: 1
2018/11/14-06:44:36.805550 7efcf89e3700       Options.max_sequential_skip_in_iterations: 8
2018/11/14-06:44:36.805551 7efcf89e3700                    Options.max_compaction_bytes: 1677721600
2018/11/14-06:44:36.805552 7efcf89e3700                        Options.arena_block_size: 16777216
2018/11/14-06:44:36.805553 7efcf89e3700   Options.soft_pending_compaction_bytes_limit: 68719476736
2018/11/14-06:44:36.805554 7efcf89e3700   Options.hard_pending_compaction_bytes_limit: 274877906944
2018/11/14-06:44:36.805561 7efcf89e3700       Options.rate_limit_delay_max_milliseconds: 100
2018/11/14-06:44:36.805562 7efcf89e3700                Options.disable_auto_compactions: 0
2018/11/14-06:44:36.805564 7efcf89e3700                        Options.compaction_style: kCompactionStyleLevel
2018/11/14-06:44:36.805566 7efcf89e3700                          Options.compaction_pri: kByCompensatedSize
2018/11/14-06:44:36.805567 7efcf89e3700 Options.compaction_options_universal.size_ratio: 1
2018/11/14-06:44:36.805568 7efcf89e3700 Options.compaction_options_universal.min_merge_width: 2
2018/11/14-06:44:36.805569 7efcf89e3700 Options.compaction_options_universal.max_merge_width: 4294967295
2018/11/14-06:44:36.805569 7efcf89e3700 Options.compaction_options_universal.max_size_amplification_percent: 200
2018/11/14-06:44:36.805570 7efcf89e3700 Options.compaction_options_universal.compression_size_percent: -1
2018/11/14-06:44:36.805572 7efcf89e3700 Options.compaction_options_universal.stop_style: kCompactionStopStyleTotalSize
2018/11/14-06:44:36.805573 7efcf89e3700 Options.compaction_options_fifo.max_table_files_size: 1073741824
2018/11/14-06:44:36.805574 7efcf89e3700 Options.compaction_options_fifo.allow_compaction: 0
2018/11/14-06:44:36.805575 7efcf89e3700 Options.compaction_options_fifo.ttl: 0
2018/11/14-06:44:36.805575 7efcf89e3700                   Options.table_properties_collectors: 
2018/11/14-06:44:36.805576 7efcf89e3700                   Options.inplace_update_support: 0
2018/11/14-06:44:36.805577 7efcf89e3700                 Options.inplace_update_num_locks: 10000
2018/11/14-06:44:36.805578 7efcf89e3700               Options.memtable_prefix_bloom_size_ratio: 0.000000
2018/11/14-06:44:36.805580 7efcf89e3700   Options.memtable_huge_page_size: 0
2018/11/14-06:44:36.805581 7efcf89e3700                           Options.bloom_locality: 0
2018/11/14-06:44:36.805581 7efcf89e3700                    Options.max_successive_merges: 0
2018/11/14-06:44:36.805582 7efcf89e3700                Options.optimize_filters_for_hits: 0
2018/11/14-06:44:36.805583 7efcf89e3700                Options.paranoid_file_checks: 0
2018/11/14-06:44:36.805584 7efcf89e3700                Options.force_consistency_checks: 0
2018/11/14-06:44:36.805585 7efcf89e3700                Options.report_bg_io_stats: 0
2018/11/14-06:44:36.805586 7efcf89e3700                               Options.ttl: 0
2018/11/14-06:44:36.806434 7efcf89e3700 [db/version_set.cc:3361] Recovered from manifest file:/mnt/sdb/ycsb-rocksdb-data/MANIFEST-000001 succeeded,manifest_file_number is 1, next_file_number is 3, last_sequence is 0, log_number is 0,prev_log_number is 0,max_column_family is 0,min_log_number_to_keep is 0
2018/11/14-06:44:36.806442 7efcf89e3700 [db/version_set.cc:3369] Column family [default] (ID 0), log number is 0
2018/11/14-06:44:36.806682 7efcf89e3700 [db/version_set.cc:2847] Creating manifest 4
2018/11/14-06:44:36.877266 7efcf89e3700 [db/column_family.cc:475] --------------- Options for column family [usertable]:
2018/11/14-06:44:36.877270 7efcf89e3700               Options.comparator: leveldb.BytewiseComparator
2018/11/14-06:44:36.877272 7efcf89e3700           Options.merge_operator: None
2018/11/14-06:44:36.877272 7efcf89e3700        Options.compaction_filter: None
2018/11/14-06:44:36.877273 7efcf89e3700        Options.compaction_filter_factory: None
2018/11/14-06:44:36.877274 7efcf89e3700         Options.memtable_factory: SkipListFactory
2018/11/14-06:44:36.877275 7efcf89e3700            Options.table_factory: BlockBasedTable
2018/11/14-06:44:36.877306 7efcf89e3700            table_factory options:   flush_block_policy_factory: FlushBlockBySizePolicyFactory (0x7efce8386bc0)
  cache_index_and_filter_blocks: 0
  cache_index_and_filter_blocks_with_high_priority: 0
  pin_l0_filter_and_index_blocks_in_cache: 0
  index_type: 0
  hash_index_allow_collision: 1
  checksum: 1
  no_block_cache: 0
  block_cache: 0x7efce8390530
  block_cache_name: LRUCache
  block_cache_options:
    capacity : 8388608
    num_shard_bits : 4
    strict_capacity_limit : 0
    high_pri_pool_ratio: 0.000
  block_cache_compressed: (nil)
  persistent_cache: (nil)
  block_size: 8192
  block_size_deviation: 10
  block_restart_interval: 16
  index_block_restart_interval: 1
  metadata_block_size: 4096
  partition_filters: 0
  use_delta_encoding: 1
  filter_policy: nullptr
  whole_key_filtering: 1
  verify_compression: 0
  read_amp_bytes_per_bit: 0
  format_version: 2
  enable_index_compression: 1
  block_align: 0
2018/11/14-06:44:36.877308 7efcf89e3700        Options.write_buffer_size: 134217728
2018/11/14-06:44:36.877309 7efcf89e3700  Options.max_write_buffer_number: 24
2018/11/14-06:44:36.877310 7efcf89e3700        Options.compression[0]: NoCompression
2018/11/14-06:44:36.877311 7efcf89e3700        Options.compression[1]: NoCompression
2018/11/14-06:44:36.877312 7efcf89e3700        Options.compression[2]: LZ4
2018/11/14-06:44:36.877313 7efcf89e3700        Options.compression[3]: LZ4
2018/11/14-06:44:36.877314 7efcf89e3700        Options.compression[4]: LZ4
2018/11/14-06:44:36.877314 7efcf89e3700        Options.compression[5]: LZ4
2018/11/14-06:44:36.877315 7efcf89e3700        Options.compression[6]: LZ4
2018/11/14-06:44:36.877316 7efcf89e3700                  Options.bottommost_compression: Disabled
2018/11/14-06:44:36.877317 7efcf89e3700       Options.prefix_extractor: nullptr
2018/11/14-06:44:36.877318 7efcf89e3700   Options.memtable_insert_with_hint_prefix_extractor: nullptr
2018/11/14-06:44:36.877319 7efcf89e3700             Options.num_levels: 7
2018/11/14-06:44:36.877320 7efcf89e3700        Options.min_write_buffer_number_to_merge: 2
2018/11/14-06:44:36.877321 7efcf89e3700     Options.max_write_buffer_number_to_maintain: 0
2018/11/14-06:44:36.877321 7efcf89e3700            Options.compression_opts.window_bits: -14
2018/11/14-06:44:36.877322 7efcf89e3700                  Options.compression_opts.level: -1
2018/11/14-06:44:36.877323 7efcf89e3700               Options.compression_opts.strategy: 0
2018/11/14-06:44:36.877324 7efcf89e3700         Options.compression_opts.max_dict_bytes: 0
2018/11/14-06:44:36.877325 7efcf89e3700         Options.compression_opts.zstd_max_train_bytes: 0
2018/11/14-06:44:36.877326 7efcf89e3700      Options.level0_file_num_compaction_trigger: 2
2018/11/14-06:44:36.877327 7efcf89e3700          Options.level0_slowdown_writes_trigger: 20
2018/11/14-06:44:36.877328 7efcf89e3700              Options.level0_stop_writes_trigger: 36
2018/11/14-06:44:36.877329 7efcf89e3700                   Options.target_file_size_base: 67108864
2018/11/14-06:44:36.877329 7efcf89e3700             Options.target_file_size_multiplier: 1
2018/11/14-06:44:36.877330 7efcf89e3700                Options.max_bytes_for_level_base: 536870912
2018/11/14-06:44:36.877331 7efcf89e3700 Options.level_compaction_dynamic_level_bytes: 0
2018/11/14-06:44:36.877332 7efcf89e3700          Options.max_bytes_for_level_multiplier: 10.000000
2018/11/14-06:44:36.877335 7efcf89e3700 Options.max_bytes_for_level_multiplier_addtl[0]: 1
2018/11/14-06:44:36.877345 7efcf89e3700 Options.max_bytes_for_level_multiplier_addtl[1]: 1
2018/11/14-06:44:36.877347 7efcf89e3700 Options.max_bytes_for_level_multiplier_addtl[2]: 1
2018/11/14-06:44:36.877348 7efcf89e3700 Options.max_bytes_for_level_multiplier_addtl[3]: 1
2018/11/14-06:44:36.877349 7efcf89e3700 Options.max_bytes_for_level_multiplier_addtl[4]: 1
2018/11/14-06:44:36.877349 7efcf89e3700 Options.max_bytes_for_level_multiplier_addtl[5]: 1
2018/11/14-06:44:36.877350 7efcf89e3700 Options.max_bytes_for_level_multiplier_addtl[6]: 1
2018/11/14-06:44:36.877351 7efcf89e3700       Options.max_sequential_skip_in_iterations: 8
2018/11/14-06:44:36.877352 7efcf89e3700                    Options.max_compaction_bytes: 1677721600
2018/11/14-06:44:36.877353 7efcf89e3700                        Options.arena_block_size: 16777216
2018/11/14-06:44:36.877354 7efcf89e3700   Options.soft_pending_compaction_bytes_limit: 68719476736
2018/11/14-06:44:36.877354 7efcf89e3700   Options.hard_pending_compaction_bytes_limit: 274877906944
2018/11/14-06:44:36.877355 7efcf89e3700       Options.rate_limit_delay_max_milliseconds: 100
2018/11/14-06:44:36.877356 7efcf89e3700                Options.disable_auto_compactions: 0
2018/11/14-06:44:36.877358 7efcf89e3700                        Options.compaction_style: kCompactionStyleLevel
2018/11/14-06:44:36.877360 7efcf89e3700                          Options.compaction_pri: kByCompensatedSize
2018/11/14-06:44:36.877361 7efcf89e3700 Options.compaction_options_universal.size_ratio: 1
2018/11/14-06:44:36.877361 7efcf89e3700 Options.compaction_options_universal.min_merge_width: 2
2018/11/14-06:44:36.877362 7efcf89e3700 Options.compaction_options_universal.max_merge_width: 4294967295
2018/11/14-06:44:36.877363 7efcf89e3700 Options.compaction_options_universal.max_size_amplification_percent: 200
2018/11/14-06:44:36.877364 7efcf89e3700 Options.compaction_options_universal.compression_size_percent: -1
2018/11/14-06:44:36.877366 7efcf89e3700 Options.compaction_options_universal.stop_style: kCompactionStopStyleTotalSize
2018/11/14-06:44:36.877366 7efcf89e3700 Options.compaction_options_fifo.max_table_files_size: 1073741824
2018/11/14-06:44:36.877367 7efcf89e3700 Options.compaction_options_fifo.allow_compaction: 0
2018/11/14-06:44:36.877368 7efcf89e3700 Options.compaction_options_fifo.ttl: 0
2018/11/14-06:44:36.877369 7efcf89e3700                   Options.table_properties_collectors: 
2018/11/14-06:44:36.877370 7efcf89e3700                   Options.inplace_update_support: 0
2018/11/14-06:44:36.877371 7efcf89e3700                 Options.inplace_update_num_locks: 10000
2018/11/14-06:44:36.877372 7efcf89e3700               Options.memtable_prefix_bloom_size_ratio: 0.000000
2018/11/14-06:44:36.877373 7efcf89e3700   Options.memtable_huge_page_size: 0
2018/11/14-06:44:36.877374 7efcf89e3700                           Options.bloom_locality: 0
2018/11/14-06:44:36.877375 7efcf89e3700                    Options.max_successive_merges: 0
2018/11/14-06:44:36.877376 7efcf89e3700                Options.optimize_filters_for_hits: 0
2018/11/14-06:44:36.877376 7efcf89e3700                Options.paranoid_file_checks: 0
2018/11/14-06:44:36.877377 7efcf89e3700                Options.force_consistency_checks: 0
2018/11/14-06:44:36.877378 7efcf89e3700                Options.report_bg_io_stats: 0
2018/11/14-06:44:36.877379 7efcf89e3700                               Options.ttl: 0
2018/11/14-06:44:36.877424 7efcf89e3700 [db/db_impl.cc:1396] Created column family [usertable] (ID 1)
2018/11/14-06:44:36.951798 7efcf89e3700 [db/db_impl_open.cc:1219] DB pointer 0x7efce83d4b60
2018/11/14-06:44:37.373499 7efcf89e3700 [db/db_impl_write.cc:1373] [usertable] New memtable created with log file: #9. Immutable memtables: 0.
2018/11/14-06:44:37.645740 7efcf86e0700 [db/db_impl_write.cc:1373] [usertable] New memtable created with log file: #10. Immutable memtables: 1.
2018/11/14-06:44:37.645923 7efc79ffb700 [db/db_impl_compaction_flush.cc:80] [JOB 2] Syncing log #3
2018/11/14-06:44:37.967531 7efcf89e3700 [db/db_impl_write.cc:1373] [usertable] New memtable created with log file: #12. Immutable memtables: 2.
2018/11/14-06:44:38.390870 7efcf89e3700 [db/db_impl_write.cc:1373] [usertable] New memtable created with log file: #13. Immutable memtables: 3.
2018/11/14-06:44:38.599926 7efc79ffb700 [db/db_impl_compaction_flush.cc:80] [JOB 2] Syncing log #9
2018/11/14-06:44:38.761410 7efcf87e1700 [db/db_impl_write.cc:1373] [usertable] New memtable created with log file: #15. Immutable memtables: 4.
2018/11/14-06:44:39.103427 7efcf88e2700 [db/db_impl_write.cc:1373] [usertable] New memtable created with log file: #16. Immutable memtables: 5.
2018/11/14-06:44:39.451151 7efcf89e3700 [db/db_impl_write.cc:1373] [usertable] New memtable created with log file: #18. Immutable memtables: 6.
2018/11/14-06:44:39.801832 7efcf88e2700 [db/db_impl_write.cc:1373] [usertable] New memtable created with log file: #19. Immutable memtables: 7.
2018/11/14-06:44:39.841146 7efc79ffb700 (Original Log Time 2018/11/14-06:44:37.645859) [db/db_impl_compaction_flush.cc:1424] Calling FlushMemTableToOutputFile with column family [usertable], flush slots available 24, compaction slots available 1, flush slots scheduled 1, compaction slots scheduled 0
2018/11/14-06:44:39.841158 7efc79ffb700 [db/flush_job.cc:301] [usertable] [JOB 2] Flushing memtable with next log file: 9
2018/11/14-06:44:39.841170 7efc79ffb700 [db/flush_job.cc:301] [usertable] [JOB 2] Flushing memtable with next log file: 10
2018/11/14-06:44:39.841168 7efc18ff9700 [db/db_impl_compaction_flush.cc:80] [JOB 3] Syncing log #10
2018/11/14-06:44:39.841214 7efc79ffb700 EVENT_LOG_v1 {"time_micros": 1542206679841196, "job": 2, "event": "flush_started", "num_memtables": 2, "num_entries": 58696, "num_deletes": 0, "memory_usage": 260133968, "flush_reason": "Write Buffer Full"}
2018/11/14-06:44:39.841225 7efc79ffb700 [db/flush_job.cc:331] [usertable] [JOB 2] Level-0 flush table #11: started
2018/11/14-06:44:40.156415 7efcf87e1700 [db/db_impl_write.cc:1373] [usertable] New memtable created with log file: #21. Immutable memtables: 8.
2018/11/14-06:44:40.493514 7efcf87e1700 [db/db_impl_write.cc:1373] [usertable] New memtable created with log file: #22. Immutable memtables: 9.
2018/11/14-06:44:40.809457 7efcf87e1700 [db/db_impl_write.cc:1373] [usertable] New memtable created with log file: #24. Immutable memtables: 10.
2018/11/14-06:44:41.165398 7efcf88e2700 [db/db_impl_write.cc:1373] [usertable] New memtable created with log file: #25. Immutable memtables: 11.
2018/11/14-06:44:41.491512 7efcf89e3700 [db/db_impl_write.cc:1373] [usertable] New memtable created with log file: #27. Immutable memtables: 12.
2018/11/14-06:44:41.806493 7efc18ff9700 [db/db_impl_compaction_flush.cc:80] [JOB 3] Syncing log #12
2018/11/14-06:44:41.841179 7efcf88e2700 [db/db_impl_write.cc:1373] [usertable] New memtable created with log file: #28. Immutable memtables: 13.
2018/11/14-06:44:42.244521 7efcf89e3700 [db/db_impl_write.cc:1373] [usertable] New memtable created with log file: #30. Immutable memtables: 14.
2018/11/14-06:44:42.576702 7efcf89e3700 [db/db_impl_write.cc:1373] [usertable] New memtable created with log file: #31. Immutable memtables: 15.
2018/11/14-06:44:42.913749 7efcf86e0700 [db/db_impl_write.cc:1373] [usertable] New memtable created with log file: #33. Immutable memtables: 16.
2018/11/14-06:44:43.243495 7efcf88e2700 [db/db_impl_write.cc:1373] [usertable] New memtable created with log file: #34. Immutable memtables: 17.
2018/11/14-06:44:43.581793 7efcf88e2700 [db/db_impl_write.cc:1373] [usertable] New memtable created with log file: #36. Immutable memtables: 18.
2018/11/14-06:44:43.879780 7efc18ff9700 (Original Log Time 2018/11/14-06:44:38.390970) [db/db_impl_compaction_flush.cc:1424] Calling FlushMemTableToOutputFile with column family [usertable], flush slots available 24, compaction slots available 1, flush slots scheduled 2, compaction slots scheduled 0
2018/11/14-06:44:43.879793 7efc18ff9700 [db/flush_job.cc:301] [usertable] [JOB 3] Flushing memtable with next log file: 12
2018/11/14-06:44:43.879804 7efc18ff9700 [db/flush_job.cc:301] [usertable] [JOB 3] Flushing memtable with next log file: 13
2018/11/14-06:44:43.879827 7efc5bfff700 [db/db_impl_compaction_flush.cc:80] [JOB 5] Syncing log #13
2018/11/14-06:44:43.879878 7efc18ff9700 EVENT_LOG_v1 {"time_micros": 1542206683879864, "job": 3, "event": "flush_started", "num_memtables": 2, "num_entries": 60692, "num_deletes": 0, "memory_usage": 260133584, "flush_reason": "Write Buffer Full"}
2018/11/14-06:44:43.879896 7efc18ff9700 [db/flush_job.cc:331] [usertable] [JOB 3] Level-0 flush table #14: started
2018/11/14-06:44:43.880511 7efc79ffb700 EVENT_LOG_v1 {"time_micros": 1542206683880491, "cf_name": "usertable", "job": 2, "event": "table_file_creation", "file_number": 11, "file_size": 243083629, "table_properties": {"data_size": 242003608, "index_size": 1079094, "filter_size": 0, "raw_key_size": 1408704, "raw_average_key_size": 24, "raw_value_size": 240418816, "raw_average_value_size": 4096, "num_data_blocks": 29348, "num_entries": 58696, "filter_policy_name": "", "kDeletedKeys": "0", "kMergeOperands": "0"}}
2018/11/14-06:44:43.880547 7efc79ffb700 [db/flush_job.cc:371] [usertable] [JOB 2] Level-0 flush table #11: 243083629 bytes OK
2018/11/14-06:44:43.914105 7efcf88e2700 [db/db_impl_write.cc:1373] [usertable] New memtable created with log file: #37. Immutable memtables: 19.
2018/11/14-06:44:44.229793 7efcf88e2700 [db/db_impl_write.cc:1373] [usertable] New memtable created with log file: #39. Immutable memtables: 20.
2018/11/14-06:44:44.599898 7efcf88e2700 [db/db_impl_write.cc:1373] [usertable] New memtable created with log file: #40. Immutable memtables: 21.
2018/11/14-06:44:44.935461 7efcf86e0700 [db/db_impl_write.cc:1373] [usertable] New memtable created with log file: #42. Immutable memtables: 22.
2018/11/14-06:44:44.935494 7efcf86e0700 [WARN] [db/column_family.cc:779] [usertable] Stalling writes because we have 23 immutable memtables (waiting for flush), max_write_buffer_number is set to 24 rate 16777216
2018/11/14-06:44:46.179123 7efc5bfff700 [db/db_impl_compaction_flush.cc:80] [JOB 5] Syncing log #15
2018/11/14-06:44:48.521391 7efc79ffb700 (Original Log Time 2018/11/14-06:44:44.175632) [db/memtable_list.cc:377] [usertable] Level-0 commit table #11 started
2018/11/14-06:44:48.521396 7efc79ffb700 (Original Log Time 2018/11/14-06:44:48.521264) [db/memtable_list.cc:409] [usertable] Level-0 commit table #11: memtable #1 done
2018/11/14-06:44:48.521397 7efc79ffb700 (Original Log Time 2018/11/14-06:44:48.521286) [db/memtable_list.cc:409] [usertable] Level-0 commit table #11: memtable #2 done
2018/11/14-06:44:48.521399 7efc79ffb700 (Original Log Time 2018/11/14-06:44:48.521322) EVENT_LOG_v1 {"time_micros": 1542206688521307, "job": 2, "event": "flush_finished", "output_compression": "NoCompression", "lsm_state": [1, 0, 0, 0, 0, 0, 0], "immutable_memtables": 21}
2018/11/14-06:44:48.521400 7efc79ffb700 (Original Log Time 2018/11/14-06:44:48.521354) [db/db_impl_compaction_flush.cc:177] [usertable] Level summary: base level 1 max bytes base 536870912 files[1 0 0 0 0 0 0] max score 0.50
2018/11/14-06:44:48.521414 7efc79ffb700 [db/db_impl_files.cc:347] [JOB 2] Try to delete WAL files size 242181400, prev total WAL file size 2986402232, number of live WAL files 24.
2018/11/14-06:44:48.649903 7efc5bfff700 [db/db_impl_compaction_flush.cc:80] [JOB 5] Syncing log #16
2018/11/14-06:44:48.650788 7efc18ff9700 EVENT_LOG_v1 {"time_micros": 1542206688650763, "cf_name": "usertable", "job": 3, "event": "table_file_creation", "file_number": 14, "file_size": 251349837, "table_properties": {"data_size": 250233116, "index_size": 1115794, "filter_size": 0, "raw_key_size": 1456608, "raw_average_key_size": 24, "raw_value_size": 248594432, "raw_average_value_size": 4096, "num_data_blocks": 30346, "num_entries": 60692, "filter_policy_name": "", "kDeletedKeys": "0", "kMergeOperands": "0"}}
2018/11/14-06:44:48.650810 7efc18ff9700 [db/flush_job.cc:371] [usertable] [JOB 3] Level-0 flush table #14: 251349837 bytes OK
2018/11/14-06:44:48.703069 7efcf89e3700 [db/db_impl_write.cc:1373] [usertable] New memtable created with log file: #43. Immutable memtables: 21.
2018/11/14-06:44:48.820768 7efc18ff9700 (Original Log Time 2018/11/14-06:44:48.650827) [db/memtable_list.cc:377] [usertable] Level-0 commit table #14 started
2018/11/14-06:44:48.820774 7efc18ff9700 (Original Log Time 2018/11/14-06:44:48.820648) [db/memtable_list.cc:409] [usertable] Level-0 commit table #14: memtable #1 done
2018/11/14-06:44:48.820779 7efc18ff9700 (Original Log Time 2018/11/14-06:44:48.820656) [db/memtable_list.cc:409] [usertable] Level-0 commit table #14: memtable #2 done
2018/11/14-06:44:48.820781 7efc18ff9700 (Original Log Time 2018/11/14-06:44:48.820692) EVENT_LOG_v1 {"time_micros": 1542206688820678, "job": 3, "event": "flush_finished", "output_compression": "NoCompression", "lsm_state": [2, 0, 0, 0, 0, 0, 0], "immutable_memtables": 20}
2018/11/14-06:44:48.820782 7efc18ff9700 (Original Log Time 2018/11/14-06:44:48.820739) [db/db_impl_compaction_flush.cc:177] [usertable] Level summary: base level 1 max bytes base 536870912 files[2 0 0 0 0 0 0] max score 1.00
2018/11/14-06:44:48.820797 7efc18ff9700 [db/db_impl_files.cc:347] [JOB 3] Try to delete WAL files size 250374908, prev total WAL file size 2855613948, number of live WAL files 23.
2018/11/14-06:44:48.821056 7efc7a7fc700 [WARN] [db/db_impl.cc:491] ------- DUMPING STATS -------
2018/11/14-06:44:48.821100 7efc7a7fc700 [WARN] [db/db_impl.cc:492] 
** DB Stats **
Uptime(secs): 12.0 total, 12.0 interval
Cumulative writes: 751K writes, 751K keys, 485K commit groups, 1.5 writes per commit group, ingest: 2.89 GB, 245.88 MB/s
Cumulative WAL: 751K writes, 0 syncs, 751028.00 writes per sync, written: 2.89 GB, 245.88 MB/s
Cumulative stall: 00:00:3.180 H:M:S, 26.5 percent
Interval writes: 751K writes, 751K keys, 485K commit groups, 1.5 writes per commit group, ingest: 2954.30 MB, 245.88 MB/s
Interval WAL: 751K writes, 0 syncs, 751028.00 writes per sync, written: 2.89 MB, 245.88 MB/s
Interval stall: 00:00:3.180 H:M:S, 26.5 percent

** Compaction Stats [default] **
Level    Files   Size     Score Read(GB)  Rn(GB) Rnp1(GB) Write(GB) Wnew(GB) Moved(GB) W-Amp Rd(MB/s) Wr(MB/s) Comp(sec) Comp(cnt) Avg(sec) KeyIn KeyDrop
----------------------------------------------------------------------------------------------------------------------------------------------------------
 Sum      0/0    0.00 KB   0.0      0.0     0.0      0.0       0.0      0.0       0.0   0.0      0.0      0.0         0         0    0.000       0      0
 Int      0/0    0.00 KB   0.0      0.0     0.0      0.0       0.0      0.0       0.0   0.0      0.0      0.0         0         0    0.000       0      0
Uptime(secs): 12.0 total, 12.0 interval
Flush(GB): cumulative 0.000, interval 0.000
AddFile(GB): cumulative 0.000, interval 0.000
AddFile(Total Files): cumulative 0, interval 0
AddFile(L0 Files): cumulative 0, interval 0
AddFile(Keys): cumulative 0, interval 0
Cumulative compaction: 0.00 GB write, 0.00 MB/s write, 0.00 GB read, 0.00 MB/s read, 0.0 seconds
Interval compaction: 0.00 GB write, 0.00 MB/s write, 0.00 GB read, 0.00 MB/s read, 0.0 seconds
Stalls(count): 0 level0_slowdown, 0 level0_slowdown_with_compaction, 0 level0_numfiles, 0 level0_numfiles_with_compaction, 0 stop for pending_compaction_bytes, 0 slowdown for pending_compaction_bytes, 0 memtable_compaction, 0 memtable_slowdown, interval 0 total count

** File Read Latency Histogram By Level [default] **

** Compaction Stats [usertable] **
Level    Files   Size     Score Read(GB)  Rn(GB) Rnp1(GB) Write(GB) Wnew(GB) Moved(GB) W-Amp Rd(MB/s) Wr(MB/s) Comp(sec) Comp(cnt) Avg(sec) KeyIn KeyDrop
----------------------------------------------------------------------------------------------------------------------------------------------------------
  L0      2/0   471.53 MB   1.0      0.0     0.0      0.0       0.5      0.5       0.0   1.0      0.0     51.8         9         2    4.553       0      0
 Sum      2/0   471.53 MB   0.0      0.0     0.0      0.0       0.5      0.5       0.0   1.0      0.0     51.8         9         2    4.553       0      0
 Int      0/0    0.00 KB   0.0      0.0     0.0      0.0       0.5      0.5       0.0   1.0      0.0     51.8         9         2    4.553       0      0
Uptime(secs): 11.9 total, 11.9 interval
Flush(GB): cumulative 0.460, interval 0.460
AddFile(GB): cumulative 0.000, interval 0.000
AddFile(Total Files): cumulative 0, interval 0
AddFile(L0 Files): cumulative 0, interval 0
AddFile(Keys): cumulative 0, interval 0
Cumulative compaction: 0.46 GB write, 39.48 MB/s write, 0.00 GB read, 0.00 MB/s read, 9.1 seconds
Interval compaction: 0.46 GB write, 39.48 MB/s write, 0.00 GB read, 0.00 MB/s read, 9.1 seconds
Stalls(count): 0 level0_slowdown, 0 level0_slowdown_with_compaction, 0 level0_numfiles, 0 level0_numfiles_with_compaction, 0 stop for pending_compaction_bytes, 0 slowdown for pending_compaction_bytes, 0 memtable_compaction, 1 memtable_slowdown, interval 1 total count

** File Read Latency Histogram By Level [usertable] **

** Compaction Stats [default] **
Level    Files   Size     Score Read(GB)  Rn(GB) Rnp1(GB) Write(GB) Wnew(GB) Moved(GB) W-Amp Rd(MB/s) Wr(MB/s) Comp(sec) Comp(cnt) Avg(sec) KeyIn KeyDrop
----------------------------------------------------------------------------------------------------------------------------------------------------------
 Sum      0/0    0.00 KB   0.0      0.0     0.0      0.0       0.0      0.0       0.0   0.0      0.0      0.0         0         0    0.000       0      0
 Int      0/0    0.00 KB   0.0      0.0     0.0      0.0       0.0      0.0       0.0   0.0      0.0      0.0         0         0    0.000       0      0
Uptime(secs): 12.0 total, 0.0 interval
Flush(GB): cumulative 0.000, interval 0.000
AddFile(GB): cumulative 0.000, interval 0.000
AddFile(Total Files): cumulative 0, interval 0
AddFile(L0 Files): cumulative 0, interval 0
AddFile(Keys): cumulative 0, interval 0
Cumulative compaction: 0.00 GB write, 0.00 MB/s write, 0.00 GB read, 0.00 MB/s read, 0.0 seconds
Interval compaction: 0.00 GB write, 0.00 MB/s write, 0.00 GB read, 0.00 MB/s read, 0.0 seconds
Stalls(count): 0 level0_slowdown, 0 level0_slowdown_with_compaction, 0 level0_numfiles, 0 level0_numfiles_with_compaction, 0 stop for pending_compaction_bytes, 0 slowdown for pending_compaction_bytes, 0 memtable_compaction, 0 memtable_slowdown, interval 0 total count

** File Read Latency Histogram By Level [default] **

** Compaction Stats [usertable] **
Level    Files   Size     Score Read(GB)  Rn(GB) Rnp1(GB) Write(GB) Wnew(GB) Moved(GB) W-Amp Rd(MB/s) Wr(MB/s) Comp(sec) Comp(cnt) Avg(sec) KeyIn KeyDrop
----------------------------------------------------------------------------------------------------------------------------------------------------------
  L0      2/0   471.53 MB   1.0      0.0     0.0      0.0       0.5      0.5       0.0   1.0      0.0     51.8         9         2    4.553       0      0
 Sum      2/0   471.53 MB   0.0      0.0     0.0      0.0       0.5      0.5       0.0   1.0      0.0     51.8         9         2    4.553       0      0
 Int      0/0    0.00 KB   0.0      0.0     0.0      0.0       0.0      0.0       0.0   0.0      0.0      0.0         0         0    0.000       0      0
Uptime(secs): 11.9 total, 0.0 interval
Flush(GB): cumulative 0.460, interval 0.000
AddFile(GB): cumulative 0.000, interval 0.000
AddFile(Total Files): cumulative 0, interval 0
AddFile(L0 Files): cumulative 0, interval 0
AddFile(Keys): cumulative 0, interval 0
Cumulative compaction: 0.46 GB write, 39.48 MB/s write, 0.00 GB read, 0.00 MB/s read, 9.1 seconds
Interval compaction: 0.00 GB write, 0.00 MB/s write, 0.00 GB read, 0.00 MB/s read, 0.0 seconds
Stalls(count): 0 level0_slowdown, 0 level0_slowdown_with_compaction, 0 level0_numfiles, 0 level0_numfiles_with_compaction, 0 stop for pending_compaction_bytes, 0 slowdown for pending_compaction_bytes, 0 memtable_compaction, 1 memtable_slowdown, interval 0 total count

** File Read Latency Histogram By Level [usertable] **
2018/11/14-06:44:49.042738 7efcf89e3700 [db/db_impl_write.cc:1373] [usertable] New memtable created with log file: #45. Immutable memtables: 20.
2018/11/14-06:44:49.392622 7efcf86e0700 [db/db_impl_write.cc:1373] [usertable] New memtable created with log file: #46. Immutable memtables: 21.
