2018/11/14-06:54:24.789127 7f09418ee700 RocksDB version: 5.14.3
2018/11/14-06:54:24.789201 7f09418ee700 Git sha rocksdb_build_git_sha:
2018/11/14-06:54:24.789204 7f09418ee700 Compile date Oct 15 2018
2018/11/14-06:54:24.789208 7f09418ee700 DB SUMMARY
2018/11/14-06:54:24.790175 7f09418ee700 CURRENT file:  CURRENT
2018/11/14-06:54:24.790179 7f09418ee700 IDENTITY file:  IDENTITY
2018/11/14-06:54:24.790186 7f09418ee700 MANIFEST file:  MANIFEST-000004 size: 12582 Bytes
2018/11/14-06:54:24.790190 7f09418ee700 SST files in /mnt/sdb/ycsb-rocksdb-data dir, Total Num: 88, files: 000011.sst 000058.sst 000059.sst 000060.sst 000064.sst 000065.sst 000069.sst 000070.sst 000073.sst 
2018/11/14-06:54:24.790201 7f09418ee700 Write Ahead Log file in /mnt/sdb/ycsb-rocksdb-data: 000257.log size: 125462788 ; 000259.log size: 129512071 ; 000280.log size: 116287551 ; 000284.log size: 129544090 ; 000286.log size: 129630786 ; 000288.log size: 129624673 ; 000290.log size: 129613439 ; 000292.log size: 121067305 ; 000298.log size: 126044982 ; 000301.log size: 121262107 ; 000302.log size: 129561799 ; 000304.log size: 122646389 ; 000312.log size: 129638528 ; 000314.log size: 129578880 ; 000319.log size: 125402207 ; 000321.log size: 125452454 ; 000322.log size: 129070833 ; 000324.log size: 20326847 ; 
2018/11/14-06:54:24.790207 7f09418ee700                         Options.error_if_exists: 0
2018/11/14-06:54:24.790209 7f09418ee700                       Options.create_if_missing: 1
2018/11/14-06:54:24.790210 7f09418ee700                         Options.paranoid_checks: 1
2018/11/14-06:54:24.790211 7f09418ee700                                     Options.env: 0x7f09410c93e0
2018/11/14-06:54:24.790212 7f09418ee700                                Options.info_log: 0x7f085c3bb560
2018/11/14-06:54:24.790213 7f09418ee700                Options.max_file_opening_threads: 16
2018/11/14-06:54:24.790214 7f09418ee700                              Options.statistics: (nil)
2018/11/14-06:54:24.790215 7f09418ee700                               Options.use_fsync: 0
2018/11/14-06:54:24.790216 7f09418ee700                       Options.max_log_file_size: 0
2018/11/14-06:54:24.790217 7f09418ee700                  Options.max_manifest_file_size: 18446744073709551615
2018/11/14-06:54:24.790218 7f09418ee700                   Options.log_file_time_to_roll: 0
2018/11/14-06:54:24.790219 7f09418ee700                       Options.keep_log_file_num: 1000
2018/11/14-06:54:24.790220 7f09418ee700                    Options.recycle_log_file_num: 0
2018/11/14-06:54:24.790221 7f09418ee700                         Options.allow_fallocate: 1
2018/11/14-06:54:24.790222 7f09418ee700                        Options.allow_mmap_reads: 0
2018/11/14-06:54:24.790223 7f09418ee700                       Options.allow_mmap_writes: 0
2018/11/14-06:54:24.790224 7f09418ee700                        Options.use_direct_reads: 0
2018/11/14-06:54:24.790225 7f09418ee700                        Options.use_direct_io_for_flush_and_compaction: 0
2018/11/14-06:54:24.790226 7f09418ee700          Options.create_missing_column_families: 1
2018/11/14-06:54:24.790227 7f09418ee700                              Options.db_log_dir: 
2018/11/14-06:54:24.790228 7f09418ee700                                 Options.wal_dir: /mnt/sdb/ycsb-rocksdb-data
2018/11/14-06:54:24.790229 7f09418ee700                Options.table_cache_numshardbits: 6
2018/11/14-06:54:24.790230 7f09418ee700                      Options.max_subcompactions: 4
2018/11/14-06:54:24.790231 7f09418ee700                  Options.max_background_flushes: 24
2018/11/14-06:54:24.790232 7f09418ee700                         Options.WAL_ttl_seconds: 0
2018/11/14-06:54:24.790233 7f09418ee700                       Options.WAL_size_limit_MB: 0
2018/11/14-06:54:24.790234 7f09418ee700             Options.manifest_preallocation_size: 4194304
2018/11/14-06:54:24.790235 7f09418ee700                     Options.is_fd_close_on_exec: 1
2018/11/14-06:54:24.790236 7f09418ee700                   Options.advise_random_on_open: 1
2018/11/14-06:54:24.790237 7f09418ee700                    Options.db_write_buffer_size: 0
2018/11/14-06:54:24.790238 7f09418ee700                    Options.write_buffer_manager: 0x7f085c3b81f0
2018/11/14-06:54:24.790253 7f09418ee700         Options.access_hint_on_compaction_start: 1
2018/11/14-06:54:24.790254 7f09418ee700  Options.new_table_reader_for_compaction_inputs: 0
2018/11/14-06:54:24.790255 7f09418ee700           Options.random_access_max_buffer_size: 1048576
2018/11/14-06:54:24.790256 7f09418ee700                      Options.use_adaptive_mutex: 0
2018/11/14-06:54:24.790257 7f09418ee700                            Options.rate_limiter: (nil)
2018/11/14-06:54:24.790259 7f09418ee700     Options.sst_file_manager.rate_bytes_per_sec: 0
2018/11/14-06:54:24.790260 7f09418ee700                       Options.wal_recovery_mode: 2
2018/11/14-06:54:24.790261 7f09418ee700                  Options.enable_thread_tracking: 0
2018/11/14-06:54:24.790262 7f09418ee700                  Options.enable_pipelined_write: 1
2018/11/14-06:54:24.790263 7f09418ee700         Options.allow_concurrent_memtable_write: 1
2018/11/14-06:54:24.790264 7f09418ee700      Options.enable_write_thread_adaptive_yield: 1
2018/11/14-06:54:24.790265 7f09418ee700             Options.write_thread_max_yield_usec: 100
2018/11/14-06:54:24.790266 7f09418ee700            Options.write_thread_slow_yield_usec: 3
2018/11/14-06:54:24.790267 7f09418ee700                               Options.row_cache: None
2018/11/14-06:54:24.790268 7f09418ee700                              Options.wal_filter: None
2018/11/14-06:54:24.790269 7f09418ee700             Options.avoid_flush_during_recovery: 0
2018/11/14-06:54:24.790270 7f09418ee700             Options.allow_ingest_behind: 0
2018/11/14-06:54:24.790271 7f09418ee700             Options.preserve_deletes: 0
2018/11/14-06:54:24.790272 7f09418ee700             Options.two_write_queues: 0
2018/11/14-06:54:24.790273 7f09418ee700             Options.manual_wal_flush: 0
2018/11/14-06:54:24.790275 7f09418ee700             Options.max_background_jobs: 24
2018/11/14-06:54:24.790276 7f09418ee700             Options.max_background_compactions: 24
2018/11/14-06:54:24.790277 7f09418ee700             Options.avoid_flush_during_shutdown: 0
2018/11/14-06:54:24.790278 7f09418ee700           Options.writable_file_max_buffer_size: 1048576
2018/11/14-06:54:24.790279 7f09418ee700             Options.delayed_write_rate : 16777216
2018/11/14-06:54:24.790280 7f09418ee700             Options.max_total_wal_size: 0
2018/11/14-06:54:24.790281 7f09418ee700             Options.delete_obsolete_files_period_micros: 21600000000
2018/11/14-06:54:24.790282 7f09418ee700                   Options.stats_dump_period_sec: 60
2018/11/14-06:54:24.790283 7f09418ee700                          Options.max_open_files: -1
2018/11/14-06:54:24.790284 7f09418ee700                          Options.bytes_per_sync: 1048576
2018/11/14-06:54:24.790285 7f09418ee700                      Options.wal_bytes_per_sync: 0
2018/11/14-06:54:24.790286 7f09418ee700       Options.compaction_readahead_size: 0
2018/11/14-06:54:24.790287 7f09418ee700 Compression algorithms supported:
2018/11/14-06:54:24.790289 7f09418ee700 	kZSTDNotFinalCompression supported: 1
2018/11/14-06:54:24.790297 7f09418ee700 	kZSTD supported: 1
2018/11/14-06:54:24.790298 7f09418ee700 	kXpressCompression supported: 0
2018/11/14-06:54:24.790299 7f09418ee700 	kLZ4HCCompression supported: 1
2018/11/14-06:54:24.790301 7f09418ee700 	kLZ4Compression supported: 1
2018/11/14-06:54:24.790302 7f09418ee700 	kBZip2Compression supported: 1
2018/11/14-06:54:24.790303 7f09418ee700 	kZlibCompression supported: 1
2018/11/14-06:54:24.790304 7f09418ee700 	kSnappyCompression supported: 1
2018/11/14-06:54:24.790308 7f09418ee700 Fast CRC32 supported: Supported on x86
2018/11/14-06:54:24.790745 7f09418ee700 [db/version_set.cc:3085] Recovering from manifest file: MANIFEST-000004
2018/11/14-06:54:24.790835 7f09418ee700 [db/column_family.cc:475] --------------- Options for column family [default]:
2018/11/14-06:54:24.790839 7f09418ee700               Options.comparator: leveldb.BytewiseComparator
2018/11/14-06:54:24.790840 7f09418ee700           Options.merge_operator: None
2018/11/14-06:54:24.790851 7f09418ee700        Options.compaction_filter: None
2018/11/14-06:54:24.790853 7f09418ee700        Options.compaction_filter_factory: None
2018/11/14-06:54:24.790854 7f09418ee700         Options.memtable_factory: SkipListFactory
2018/11/14-06:54:24.790855 7f09418ee700            Options.table_factory: BlockBasedTable
2018/11/14-06:54:24.790883 7f09418ee700            table_factory options:   flush_block_policy_factory: FlushBlockBySizePolicyFactory (0x7f085c384500)
  cache_index_and_filter_blocks: 0
  cache_index_and_filter_blocks_with_high_priority: 0
  pin_l0_filter_and_index_blocks_in_cache: 0
  index_type: 0
  hash_index_allow_collision: 1
  checksum: 1
  no_block_cache: 0
  block_cache: 0x7f085c38d7b0
  block_cache_name: LRUCache
  block_cache_options:
    capacity : 8388608
    num_shard_bits : 4
    strict_capacity_limit : 0
    high_pri_pool_ratio: 0.000
  block_cache_compressed: (nil)
  persistent_cache: (nil)
  block_size: 8192
  block_size_deviation: 10
  block_restart_interval: 16
  index_block_restart_interval: 1
  metadata_block_size: 4096
  partition_filters: 0
  use_delta_encoding: 1
  filter_policy: nullptr
  whole_key_filtering: 1
  verify_compression: 0
  read_amp_bytes_per_bit: 0
  format_version: 2
  enable_index_compression: 1
  block_align: 0
2018/11/14-06:54:24.790885 7f09418ee700        Options.write_buffer_size: 134217728
2018/11/14-06:54:24.790886 7f09418ee700  Options.max_write_buffer_number: 24
2018/11/14-06:54:24.790888 7f09418ee700        Options.compression[0]: NoCompression
2018/11/14-06:54:24.790889 7f09418ee700        Options.compression[1]: NoCompression
2018/11/14-06:54:24.790890 7f09418ee700        Options.compression[2]: LZ4
2018/11/14-06:54:24.790891 7f09418ee700        Options.compression[3]: LZ4
2018/11/14-06:54:24.790892 7f09418ee700        Options.compression[4]: LZ4
2018/11/14-06:54:24.790893 7f09418ee700        Options.compression[5]: LZ4
2018/11/14-06:54:24.790894 7f09418ee700        Options.compression[6]: LZ4
2018/11/14-06:54:24.790895 7f09418ee700                  Options.bottommost_compression: Disabled
2018/11/14-06:54:24.790896 7f09418ee700       Options.prefix_extractor: nullptr
2018/11/14-06:54:24.790897 7f09418ee700   Options.memtable_insert_with_hint_prefix_extractor: nullptr
2018/11/14-06:54:24.790898 7f09418ee700             Options.num_levels: 7
2018/11/14-06:54:24.790899 7f09418ee700        Options.min_write_buffer_number_to_merge: 2
2018/11/14-06:54:24.790900 7f09418ee700     Options.max_write_buffer_number_to_maintain: 0
2018/11/14-06:54:24.790902 7f09418ee700            Options.compression_opts.window_bits: -14
2018/11/14-06:54:24.790903 7f09418ee700                  Options.compression_opts.level: -1
2018/11/14-06:54:24.790904 7f09418ee700               Options.compression_opts.strategy: 0
2018/11/14-06:54:24.790905 7f09418ee700         Options.compression_opts.max_dict_bytes: 0
2018/11/14-06:54:24.790906 7f09418ee700         Options.compression_opts.zstd_max_train_bytes: 0
2018/11/14-06:54:24.790907 7f09418ee700      Options.level0_file_num_compaction_trigger: 2
2018/11/14-06:54:24.790908 7f09418ee700          Options.level0_slowdown_writes_trigger: 20
2018/11/14-06:54:24.790909 7f09418ee700              Options.level0_stop_writes_trigger: 36
2018/11/14-06:54:24.790910 7f09418ee700                   Options.target_file_size_base: 67108864
2018/11/14-06:54:24.790911 7f09418ee700             Options.target_file_size_multiplier: 1
2018/11/14-06:54:24.790912 7f09418ee700                Options.max_bytes_for_level_base: 536870912
2018/11/14-06:54:24.790913 7f09418ee700 Options.level_compaction_dynamic_level_bytes: 0
2018/11/14-06:54:24.790914 7f09418ee700          Options.max_bytes_for_level_multiplier: 10.000000
2018/11/14-06:54:24.790917 7f09418ee700 Options.max_bytes_for_level_multiplier_addtl[0]: 1
2018/11/14-06:54:24.790919 7f09418ee700 Options.max_bytes_for_level_multiplier_addtl[1]: 1
2018/11/14-06:54:24.790920 7f09418ee700 Options.max_bytes_for_level_multiplier_addtl[2]: 1
2018/11/14-06:54:24.790921 7f09418ee700 Options.max_bytes_for_level_multiplier_addtl[3]: 1
2018/11/14-06:54:24.790930 7f09418ee700 Options.max_bytes_for_level_multiplier_addtl[4]: 1
2018/11/14-06:54:24.790932 7f09418ee700 Options.max_bytes_for_level_multiplier_addtl[5]: 1
2018/11/14-06:54:24.790932 7f09418ee700 Options.max_bytes_for_level_multiplier_addtl[6]: 1
2018/11/14-06:54:24.790933 7f09418ee700       Options.max_sequential_skip_in_iterations: 8
2018/11/14-06:54:24.790934 7f09418ee700                    Options.max_compaction_bytes: 1677721600
2018/11/14-06:54:24.790935 7f09418ee700                        Options.arena_block_size: 16777216
2018/11/14-06:54:24.790936 7f09418ee700   Options.soft_pending_compaction_bytes_limit: 68719476736
2018/11/14-06:54:24.790937 7f09418ee700   Options.hard_pending_compaction_bytes_limit: 274877906944
2018/11/14-06:54:24.790938 7f09418ee700       Options.rate_limit_delay_max_milliseconds: 100
2018/11/14-06:54:24.790939 7f09418ee700                Options.disable_auto_compactions: 0
2018/11/14-06:54:24.790941 7f09418ee700                        Options.compaction_style: kCompactionStyleLevel
2018/11/14-06:54:24.790943 7f09418ee700                          Options.compaction_pri: kByCompensatedSize
2018/11/14-06:54:24.790944 7f09418ee700 Options.compaction_options_universal.size_ratio: 1
2018/11/14-06:54:24.790945 7f09418ee700 Options.compaction_options_universal.min_merge_width: 2
2018/11/14-06:54:24.790946 7f09418ee700 Options.compaction_options_universal.max_merge_width: 4294967295
2018/11/14-06:54:24.790947 7f09418ee700 Options.compaction_options_universal.max_size_amplification_percent: 200
2018/11/14-06:54:24.790948 7f09418ee700 Options.compaction_options_universal.compression_size_percent: -1
2018/11/14-06:54:24.790950 7f09418ee700 Options.compaction_options_universal.stop_style: kCompactionStopStyleTotalSize
2018/11/14-06:54:24.790951 7f09418ee700 Options.compaction_options_fifo.max_table_files_size: 1073741824
2018/11/14-06:54:24.790952 7f09418ee700 Options.compaction_options_fifo.allow_compaction: 0
2018/11/14-06:54:24.790953 7f09418ee700 Options.compaction_options_fifo.ttl: 0
2018/11/14-06:54:24.790966 7f09418ee700                   Options.table_properties_collectors: 
2018/11/14-06:54:24.790967 7f09418ee700                   Options.inplace_update_support: 0
2018/11/14-06:54:24.790968 7f09418ee700                 Options.inplace_update_num_locks: 10000
2018/11/14-06:54:24.790969 7f09418ee700               Options.memtable_prefix_bloom_size_ratio: 0.000000
2018/11/14-06:54:24.790971 7f09418ee700   Options.memtable_huge_page_size: 0
2018/11/14-06:54:24.790972 7f09418ee700                           Options.bloom_locality: 0
2018/11/14-06:54:24.790973 7f09418ee700                    Options.max_successive_merges: 0
2018/11/14-06:54:24.790974 7f09418ee700                Options.optimize_filters_for_hits: 0
2018/11/14-06:54:24.790975 7f09418ee700                Options.paranoid_file_checks: 0
2018/11/14-06:54:24.790976 7f09418ee700                Options.force_consistency_checks: 0
2018/11/14-06:54:24.790977 7f09418ee700                Options.report_bg_io_stats: 0
2018/11/14-06:54:24.790978 7f09418ee700                               Options.ttl: 0
2018/11/14-06:54:24.791353 7f09418ee700 [db/column_family.cc:475] --------------- Options for column family [usertable]:
2018/11/14-06:54:24.791356 7f09418ee700               Options.comparator: leveldb.BytewiseComparator
2018/11/14-06:54:24.791357 7f09418ee700           Options.merge_operator: None
2018/11/14-06:54:24.791358 7f09418ee700        Options.compaction_filter: None
2018/11/14-06:54:24.791359 7f09418ee700        Options.compaction_filter_factory: None
2018/11/14-06:54:24.791360 7f09418ee700         Options.memtable_factory: SkipListFactory
2018/11/14-06:54:24.791361 7f09418ee700            Options.table_factory: BlockBasedTable
2018/11/14-06:54:24.791390 7f09418ee700            table_factory options:   flush_block_policy_factory: FlushBlockBySizePolicyFactory (0x7f085c3844e0)
  cache_index_and_filter_blocks: 0
  cache_index_and_filter_blocks_with_high_priority: 0
  pin_l0_filter_and_index_blocks_in_cache: 0
  index_type: 0
  hash_index_allow_collision: 1
  checksum: 1
  no_block_cache: 0
  block_cache: 0x7f085c385040
  block_cache_name: LRUCache
  block_cache_options:
    capacity : 8388608
    num_shard_bits : 4
    strict_capacity_limit : 0
    high_pri_pool_ratio: 0.000
  block_cache_compressed: (nil)
  persistent_cache: (nil)
  block_size: 8192
  block_size_deviation: 10
  block_restart_interval: 16
  index_block_restart_interval: 1
  metadata_block_size: 4096
  partition_filters: 0
  use_delta_encoding: 1
  filter_policy: nullptr
  whole_key_filtering: 1
  verify_compression: 0
  read_amp_bytes_per_bit: 0
  format_version: 2
  enable_index_compression: 1
  block_align: 0
2018/11/14-06:54:24.791401 7f09418ee700        Options.write_buffer_size: 134217728
2018/11/14-06:54:24.791403 7f09418ee700  Options.max_write_buffer_number: 24
2018/11/14-06:54:24.791404 7f09418ee700        Options.compression[0]: NoCompression
2018/11/14-06:54:24.791405 7f09418ee700        Options.compression[1]: NoCompression
2018/11/14-06:54:24.791406 7f09418ee700        Options.compression[2]: LZ4
2018/11/14-06:54:24.791407 7f09418ee700        Options.compression[3]: LZ4
2018/11/14-06:54:24.791408 7f09418ee700        Options.compression[4]: LZ4
2018/11/14-06:54:24.791409 7f09418ee700        Options.compression[5]: LZ4
2018/11/14-06:54:24.791410 7f09418ee700        Options.compression[6]: LZ4
2018/11/14-06:54:24.791411 7f09418ee700                  Options.bottommost_compression: Disabled
2018/11/14-06:54:24.791412 7f09418ee700       Options.prefix_extractor: nullptr
2018/11/14-06:54:24.791413 7f09418ee700   Options.memtable_insert_with_hint_prefix_extractor: nullptr
2018/11/14-06:54:24.791414 7f09418ee700             Options.num_levels: 7
2018/11/14-06:54:24.791415 7f09418ee700        Options.min_write_buffer_number_to_merge: 2
2018/11/14-06:54:24.791416 7f09418ee700     Options.max_write_buffer_number_to_maintain: 0
2018/11/14-06:54:24.791417 7f09418ee700            Options.compression_opts.window_bits: -14
2018/11/14-06:54:24.791418 7f09418ee700                  Options.compression_opts.level: -1
2018/11/14-06:54:24.791419 7f09418ee700               Options.compression_opts.strategy: 0
2018/11/14-06:54:24.791419 7f09418ee700         Options.compression_opts.max_dict_bytes: 0
2018/11/14-06:54:24.791420 7f09418ee700         Options.compression_opts.zstd_max_train_bytes: 0
2018/11/14-06:54:24.791421 7f09418ee700      Options.level0_file_num_compaction_trigger: 2
2018/11/14-06:54:24.791422 7f09418ee700          Options.level0_slowdown_writes_trigger: 20
2018/11/14-06:54:24.791423 7f09418ee700              Options.level0_stop_writes_trigger: 36
2018/11/14-06:54:24.791424 7f09418ee700                   Options.target_file_size_base: 67108864
2018/11/14-06:54:24.791425 7f09418ee700             Options.target_file_size_multiplier: 1
2018/11/14-06:54:24.791426 7f09418ee700                Options.max_bytes_for_level_base: 536870912
2018/11/14-06:54:24.791427 7f09418ee700 Options.level_compaction_dynamic_level_bytes: 0
2018/11/14-06:54:24.791428 7f09418ee700          Options.max_bytes_for_level_multiplier: 10.000000
2018/11/14-06:54:24.791430 7f09418ee700 Options.max_bytes_for_level_multiplier_addtl[0]: 1
2018/11/14-06:54:24.791431 7f09418ee700 Options.max_bytes_for_level_multiplier_addtl[1]: 1
2018/11/14-06:54:24.791432 7f09418ee700 Options.max_bytes_for_level_multiplier_addtl[2]: 1
2018/11/14-06:54:24.791433 7f09418ee700 Options.max_bytes_for_level_multiplier_addtl[3]: 1
2018/11/14-06:54:24.791434 7f09418ee700 Options.max_bytes_for_level_multiplier_addtl[4]: 1
2018/11/14-06:54:24.791435 7f09418ee700 Options.max_bytes_for_level_multiplier_addtl[5]: 1
2018/11/14-06:54:24.791436 7f09418ee700 Options.max_bytes_for_level_multiplier_addtl[6]: 1
2018/11/14-06:54:24.791437 7f09418ee700       Options.max_sequential_skip_in_iterations: 8
2018/11/14-06:54:24.791438 7f09418ee700                    Options.max_compaction_bytes: 1677721600
2018/11/14-06:54:24.791439 7f09418ee700                        Options.arena_block_size: 16777216
2018/11/14-06:54:24.791446 7f09418ee700   Options.soft_pending_compaction_bytes_limit: 68719476736
2018/11/14-06:54:24.791448 7f09418ee700   Options.hard_pending_compaction_bytes_limit: 274877906944
2018/11/14-06:54:24.791449 7f09418ee700       Options.rate_limit_delay_max_milliseconds: 100
2018/11/14-06:54:24.791450 7f09418ee700                Options.disable_auto_compactions: 0
2018/11/14-06:54:24.791451 7f09418ee700                        Options.compaction_style: kCompactionStyleLevel
2018/11/14-06:54:24.791452 7f09418ee700                          Options.compaction_pri: kByCompensatedSize
2018/11/14-06:54:24.791453 7f09418ee700 Options.compaction_options_universal.size_ratio: 1
2018/11/14-06:54:24.791454 7f09418ee700 Options.compaction_options_universal.min_merge_width: 2
2018/11/14-06:54:24.791455 7f09418ee700 Options.compaction_options_universal.max_merge_width: 4294967295
2018/11/14-06:54:24.791456 7f09418ee700 Options.compaction_options_universal.max_size_amplification_percent: 200
2018/11/14-06:54:24.791457 7f09418ee700 Options.compaction_options_universal.compression_size_percent: -1
2018/11/14-06:54:24.791458 7f09418ee700 Options.compaction_options_universal.stop_style: kCompactionStopStyleTotalSize
2018/11/14-06:54:24.791459 7f09418ee700 Options.compaction_options_fifo.max_table_files_size: 1073741824
2018/11/14-06:54:24.791460 7f09418ee700 Options.compaction_options_fifo.allow_compaction: 0
2018/11/14-06:54:24.791461 7f09418ee700 Options.compaction_options_fifo.ttl: 0
2018/11/14-06:54:24.791462 7f09418ee700                   Options.table_properties_collectors: 
2018/11/14-06:54:24.791463 7f09418ee700                   Options.inplace_update_support: 0
2018/11/14-06:54:24.791464 7f09418ee700                 Options.inplace_update_num_locks: 10000
2018/11/14-06:54:24.791465 7f09418ee700               Options.memtable_prefix_bloom_size_ratio: 0.000000
2018/11/14-06:54:24.791466 7f09418ee700   Options.memtable_huge_page_size: 0
2018/11/14-06:54:24.791467 7f09418ee700                           Options.bloom_locality: 0
2018/11/14-06:54:24.791468 7f09418ee700                    Options.max_successive_merges: 0
2018/11/14-06:54:24.791469 7f09418ee700                Options.optimize_filters_for_hits: 0
2018/11/14-06:54:24.791470 7f09418ee700                Options.paranoid_file_checks: 0
2018/11/14-06:54:24.791471 7f09418ee700                Options.force_consistency_checks: 0
2018/11/14-06:54:24.791472 7f09418ee700                Options.report_bg_io_stats: 0
2018/11/14-06:54:24.791473 7f09418ee700                               Options.ttl: 0
2018/11/14-06:54:24.957197 7f09418ee700 [db/version_set.cc:3361] Recovered from manifest file:/mnt/sdb/ycsb-rocksdb-data/MANIFEST-000004 succeeded,manifest_file_number is 4, next_file_number is 328, last_sequence is 3916859, log_number is 0,prev_log_number is 0,max_column_family is 1,min_log_number_to_keep is 0
2018/11/14-06:54:24.957225 7f09418ee700 [db/version_set.cc:3369] Column family [default] (ID 0), log number is 0
2018/11/14-06:54:24.957227 7f09418ee700 [db/version_set.cc:3369] Column family [usertable] (ID 1), log number is 257
2018/11/14-06:54:24.957654 7f09418ee700 EVENT_LOG_v1 {"time_micros": 1542207264957623, "job": 1, "event": "recovery_started", "log_files": [257, 259, 280, 284, 286, 288, 290, 292, 298, 301, 302, 304, 312, 314, 319, 321, 322, 324]}
2018/11/14-06:54:24.957662 7f09418ee700 [db/db_impl_open.cc:551] Recovering log #257 mode 2
2018/11/14-06:54:25.304478 7f09418ee700 [db/db_impl_open.cc:551] Recovering log #259 mode 2
2018/11/14-06:54:25.820384 7f09418ee700 EVENT_LOG_v1 {"time_micros": 1542207265820355, "cf_name": "usertable", "job": 1, "event": "table_file_creation", "file_number": 328, "file_size": 129907744, "table_properties": {"data_size": 129330264, "index_size": 576558, "filter_size": 0, "raw_key_size": 752832, "raw_average_key_size": 24, "raw_value_size": 128483328, "raw_average_value_size": 4096, "num_data_blocks": 15684, "num_entries": 31368, "filter_policy_name": "", "kDeletedKeys": "0", "kMergeOperands": "0"}}
2018/11/14-06:54:26.173857 7f09418ee700 [db/db_impl_open.cc:551] Recovering log #280 mode 2
2018/11/14-06:54:28.632674 7f09418ee700 EVENT_LOG_v1 {"time_micros": 1542207268632646, "cf_name": "usertable", "job": 1, "event": "table_file_creation", "file_number": 329, "file_size": 129895353, "table_properties": {"data_size": 129317909, "index_size": 576522, "filter_size": 0, "raw_key_size": 752760, "raw_average_key_size": 24, "raw_value_size": 128471040, "raw_average_value_size": 4096, "num_data_blocks": 15683, "num_entries": 31365, "filter_policy_name": "", "kDeletedKeys": "0", "kMergeOperands": "0"}}
2018/11/14-06:54:29.327378 7f09418ee700 [db/db_impl_open.cc:551] Recovering log #284 mode 2
2018/11/14-06:54:29.890641 7f09418ee700 EVENT_LOG_v1 {"time_micros": 1542207269890616, "cf_name": "usertable", "job": 1, "event": "table_file_creation", "file_number": 330, "file_size": 129906431, "table_properties": {"data_size": 129325502, "index_size": 580007, "filter_size": 0, "raw_key_size": 752784, "raw_average_key_size": 24, "raw_value_size": 128475136, "raw_average_value_size": 4096, "num_data_blocks": 15683, "num_entries": 31366, "filter_policy_name": "", "kDeletedKeys": "0", "kMergeOperands": "0"}}
2018/11/14-06:54:30.634779 7f09418ee700 [db/db_impl_open.cc:551] Recovering log #286 mode 2
2018/11/14-06:54:31.569469 7f09418ee700 EVENT_LOG_v1 {"time_micros": 1542207271569442, "cf_name": "usertable", "job": 1, "event": "table_file_creation", "file_number": 331, "file_size": 129902325, "table_properties": {"data_size": 129321396, "index_size": 580007, "filter_size": 0, "raw_key_size": 752760, "raw_average_key_size": 24, "raw_value_size": 128471040, "raw_average_value_size": 4096, "num_data_blocks": 15683, "num_entries": 31365, "filter_policy_name": "", "kDeletedKeys": "0", "kMergeOperands": "0"}}
2018/11/14-06:54:31.876343 7f09418ee700 [db/db_impl_open.cc:551] Recovering log #288 mode 2
2018/11/14-06:54:32.726054 7f09418ee700 EVENT_LOG_v1 {"time_micros": 1542207272726028, "cf_name": "usertable", "job": 1, "event": "table_file_creation", "file_number": 332, "file_size": 129895355, "table_properties": {"data_size": 129317909, "index_size": 576524, "filter_size": 0, "raw_key_size": 752760, "raw_average_key_size": 24, "raw_value_size": 128471040, "raw_average_value_size": 4096, "num_data_blocks": 15683, "num_entries": 31365, "filter_policy_name": "", "kDeletedKeys": "0", "kMergeOperands": "0"}}
2018/11/14-06:54:33.628756 7f09418ee700 [db/db_impl_open.cc:551] Recovering log #290 mode 2
2018/11/14-06:54:35.304130 7f09418ee700 EVENT_LOG_v1 {"time_micros": 1542207275304101, "cf_name": "usertable", "job": 1, "event": "table_file_creation", "file_number": 333, "file_size": 129902323, "table_properties": {"data_size": 129321394, "index_size": 580007, "filter_size": 0, "raw_key_size": 752760, "raw_average_key_size": 24, "raw_value_size": 128471040, "raw_average_value_size": 4096, "num_data_blocks": 15683, "num_entries": 31365, "filter_policy_name": "", "kDeletedKeys": "0", "kMergeOperands": "0"}}
2018/11/14-06:54:35.628771 7f09418ee700 [db/db_impl_open.cc:551] Recovering log #292 mode 2
2018/11/14-06:54:36.618240 7f09418ee700 EVENT_LOG_v1 {"time_micros": 1542207276618219, "cf_name": "usertable", "job": 1, "event": "table_file_creation", "file_number": 334, "file_size": 129899460, "table_properties": {"data_size": 129322018, "index_size": 576520, "filter_size": 0, "raw_key_size": 752784, "raw_average_key_size": 24, "raw_value_size": 128475136, "raw_average_value_size": 4096, "num_data_blocks": 15683, "num_entries": 31366, "filter_policy_name": "", "kDeletedKeys": "0", "kMergeOperands": "0"}}
2018/11/14-06:54:37.465293 7f09418ee700 [db/db_impl_open.cc:551] Recovering log #298 mode 2
2018/11/14-06:54:38.895672 7f09418ee700 EVENT_LOG_v1 {"time_micros": 1542207278895651, "cf_name": "usertable", "job": 1, "event": "table_file_creation", "file_number": 335, "file_size": 129899463, "table_properties": {"data_size": 129322018, "index_size": 576523, "filter_size": 0, "raw_key_size": 752784, "raw_average_key_size": 24, "raw_value_size": 128475136, "raw_average_value_size": 4096, "num_data_blocks": 15683, "num_entries": 31366, "filter_policy_name": "", "kDeletedKeys": "0", "kMergeOperands": "0"}}
2018/11/14-06:54:39.322447 7f09418ee700 [db/db_impl_open.cc:551] Recovering log #301 mode 2
2018/11/14-06:54:40.824211 7f09418ee700 EVENT_LOG_v1 {"time_micros": 1542207280824190, "cf_name": "usertable", "job": 1, "event": "table_file_creation", "file_number": 336, "file_size": 129895354, "table_properties": {"data_size": 129317909, "index_size": 576523, "filter_size": 0, "raw_key_size": 752760, "raw_average_key_size": 24, "raw_value_size": 128471040, "raw_average_value_size": 4096, "num_data_blocks": 15683, "num_entries": 31365, "filter_policy_name": "", "kDeletedKeys": "0", "kMergeOperands": "0"}}
2018/11/14-06:54:41.506403 7f09418ee700 [db/db_impl_open.cc:551] Recovering log #302 mode 2
2018/11/14-06:54:43.924991 7f09418ee700 EVENT_LOG_v1 {"time_micros": 1542207283924969, "cf_name": "usertable", "job": 1, "event": "table_file_creation", "file_number": 337, "file_size": 129906434, "table_properties": {"data_size": 129325505, "index_size": 580007, "filter_size": 0, "raw_key_size": 752784, "raw_average_key_size": 24, "raw_value_size": 128475136, "raw_average_value_size": 4096, "num_data_blocks": 15683, "num_entries": 31366, "filter_policy_name": "", "kDeletedKeys": "0", "kMergeOperands": "0"}}
2018/11/14-06:54:44.337274 7f09418ee700 [db/db_impl_open.cc:551] Recovering log #304 mode 2
2018/11/14-06:54:45.796534 7f09418ee700 EVENT_LOG_v1 {"time_micros": 1542207285796512, "cf_name": "usertable", "job": 1, "event": "table_file_creation", "file_number": 338, "file_size": 129902321, "table_properties": {"data_size": 129321392, "index_size": 580007, "filter_size": 0, "raw_key_size": 752760, "raw_average_key_size": 24, "raw_value_size": 128471040, "raw_average_value_size": 4096, "num_data_blocks": 15683, "num_entries": 31365, "filter_policy_name": "", "kDeletedKeys": "0", "kMergeOperands": "0"}}
2018/11/14-06:54:46.301662 7f09418ee700 [db/db_impl_open.cc:551] Recovering log #312 mode 2
2018/11/14-06:54:46.909130 7f09418ee700 EVENT_LOG_v1 {"time_micros": 1542207286909102, "cf_name": "usertable", "job": 1, "event": "table_file_creation", "file_number": 339, "file_size": 129895354, "table_properties": {"data_size": 129317909, "index_size": 576523, "filter_size": 0, "raw_key_size": 752760, "raw_average_key_size": 24, "raw_value_size": 128471040, "raw_average_value_size": 4096, "num_data_blocks": 15683, "num_entries": 31365, "filter_policy_name": "", "kDeletedKeys": "0", "kMergeOperands": "0"}}
2018/11/14-06:54:47.142416 7f09418ee700 [db/db_impl_open.cc:551] Recovering log #314 mode 2
2018/11/14-06:54:49.325489 7f09418ee700 EVENT_LOG_v1 {"time_micros": 1542207289325467, "cf_name": "usertable", "job": 1, "event": "table_file_creation", "file_number": 340, "file_size": 129902322, "table_properties": {"data_size": 129321394, "index_size": 580006, "filter_size": 0, "raw_key_size": 752760, "raw_average_key_size": 24, "raw_value_size": 128471040, "raw_average_value_size": 4096, "num_data_blocks": 15683, "num_entries": 31365, "filter_policy_name": "", "kDeletedKeys": "0", "kMergeOperands": "0"}}
2018/11/14-06:54:49.976368 7f09418ee700 [db/db_impl_open.cc:551] Recovering log #319 mode 2
2018/11/14-06:54:51.856266 7f09418ee700 EVENT_LOG_v1 {"time_micros": 1542207291856244, "cf_name": "usertable", "job": 1, "event": "table_file_creation", "file_number": 341, "file_size": 129895354, "table_properties": {"data_size": 129317910, "index_size": 576522, "filter_size": 0, "raw_key_size": 752760, "raw_average_key_size": 24, "raw_value_size": 128471040, "raw_average_value_size": 4096, "num_data_blocks": 15683, "num_entries": 31365, "filter_policy_name": "", "kDeletedKeys": "0", "kMergeOperands": "0"}}
2018/11/14-06:54:52.165766 7f09418ee700 [db/db_impl_open.cc:551] Recovering log #321 mode 2
2018/11/14-06:54:54.591072 7f09418ee700 EVENT_LOG_v1 {"time_micros": 1542207294591051, "cf_name": "usertable", "job": 1, "event": "table_file_creation", "file_number": 342, "file_size": 129902323, "table_properties": {"data_size": 129321394, "index_size": 580007, "filter_size": 0, "raw_key_size": 752760, "raw_average_key_size": 24, "raw_value_size": 128471040, "raw_average_value_size": 4096, "num_data_blocks": 15683, "num_entries": 31365, "filter_policy_name": "", "kDeletedKeys": "0", "kMergeOperands": "0"}}
2018/11/14-06:54:55.159572 7f09418ee700 [db/db_impl_open.cc:551] Recovering log #322 mode 2
2018/11/14-06:54:55.921961 7f09418ee700 EVENT_LOG_v1 {"time_micros": 1542207295921927, "cf_name": "usertable", "job": 1, "event": "table_file_creation", "file_number": 343, "file_size": 129895354, "table_properties": {"data_size": 129317909, "index_size": 576523, "filter_size": 0, "raw_key_size": 752760, "raw_average_key_size": 24, "raw_value_size": 128471040, "raw_average_value_size": 4096, "num_data_blocks": 15683, "num_entries": 31365, "filter_policy_name": "", "kDeletedKeys": "0", "kMergeOperands": "0"}}
2018/11/14-06:54:56.130608 7f09418ee700 [db/db_impl_open.cc:551] Recovering log #324 mode 2
2018/11/14-06:54:56.187350 7f09418ee700 [db/version_set.cc:2847] Creating manifest 344
2018/11/14-06:54:58.378465 7f09418ee700 EVENT_LOG_v1 {"time_micros": 1542207298378427, "cf_name": "usertable", "job": 1, "event": "table_file_creation", "file_number": 345, "file_size": 97138004, "table_properties": {"data_size": 96703447, "index_size": 433635, "filter_size": 0, "raw_key_size": 562896, "raw_average_key_size": 24, "raw_value_size": 96067584, "raw_average_value_size": 4096, "num_data_blocks": 11727, "num_entries": 23454, "filter_policy_name": "", "kDeletedKeys": "0", "kMergeOperands": "0"}}
2018/11/14-06:54:58.537091 7f09418ee700 EVENT_LOG_v1 {"time_micros": 1542207298537087, "job": 1, "event": "recovery_finished"}
2018/11/14-06:54:58.537285 7f09418ee700 [WARN] [db/column_family.cc:799] [usertable] Stalling writes because we have 22 level-0 files rate 16777216
2018/11/14-06:54:59.005040 7f09418ee700 [db/db_impl_open.cc:1219] DB pointer 0x7f085c3ba5f0
2018/11/14-06:54:59.005466 7f0938ffe700 [WARN] [db/db_impl.cc:491] ------- DUMPING STATS -------
2018/11/14-06:54:59.005520 7f0938ffe700 [WARN] [db/db_impl.cc:492] 
** DB Stats **
Uptime(secs): 34.2 total, 34.2 interval
Cumulative writes: 0 writes, 0 keys, 0 commit groups, 0.0 writes per commit group, ingest: 0.00 GB, 0.00 MB/s
Cumulative WAL: 0 writes, 0 syncs, 0.00 writes per sync, written: 0.00 GB, 0.00 MB/s
Cumulative stall: 00:00:0.000 H:M:S, 0.0 percent
Interval writes: 0 writes, 0 keys, 0 commit groups, 0.0 writes per commit group, ingest: 0.00 MB, 0.00 MB/s
Interval WAL: 0 writes, 0 syncs, 0.00 writes per sync, written: 0.00 MB, 0.00 MB/s
Interval stall: 00:00:0.000 H:M:S, 0.0 percent

** Compaction Stats [default] **
Level    Files   Size     Score Read(GB)  Rn(GB) Rnp1(GB) Write(GB) Wnew(GB) Moved(GB) W-Amp Rd(MB/s) Wr(MB/s) Comp(sec) Comp(cnt) Avg(sec) KeyIn KeyDrop
----------------------------------------------------------------------------------------------------------------------------------------------------------
 Sum      0/0    0.00 KB   0.0      0.0     0.0      0.0       0.0      0.0       0.0   0.0      0.0      0.0         0         0    0.000       0      0
 Int      0/0    0.00 KB   0.0      0.0     0.0      0.0       0.0      0.0       0.0   0.0      0.0      0.0         0         0    0.000       0      0
Uptime(secs): 34.2 total, 34.2 interval
Flush(GB): cumulative 0.000, interval 0.000
AddFile(GB): cumulative 0.000, interval 0.000
AddFile(Total Files): cumulative 0, interval 0
AddFile(L0 Files): cumulative 0, interval 0
AddFile(Keys): cumulative 0, interval 0
Cumulative compaction: 0.00 GB write, 0.00 MB/s write, 0.00 GB read, 0.00 MB/s read, 0.0 seconds
Interval compaction: 0.00 GB write, 0.00 MB/s write, 0.00 GB read, 0.00 MB/s read, 0.0 seconds
Stalls(count): 0 level0_slowdown, 0 level0_slowdown_with_compaction, 0 level0_numfiles, 0 level0_numfiles_with_compaction, 0 stop for pending_compaction_bytes, 0 slowdown for pending_compaction_bytes, 0 memtable_compaction, 0 memtable_slowdown, interval 0 total count

** File Read Latency Histogram By Level [default] **

** Compaction Stats [usertable] **
Level    Files   Size     Score Read(GB)  Rn(GB) Rnp1(GB) Write(GB) Wnew(GB) Moved(GB) W-Amp Rd(MB/s) Wr(MB/s) Comp(sec) Comp(cnt) Avg(sec) KeyIn KeyDrop
----------------------------------------------------------------------------------------------------------------------------------------------------------
  L0     22/0    3.21 GB  11.0      0.0     0.0      0.0       2.0      2.0       0.0   1.0      0.0     91.8        23        17    1.330       0      0
  L1     23/0    8.32 GB  16.6      0.0     0.0      0.0       0.0      0.0       0.0   0.0      0.0      0.0         0         0    0.000       0      0
  L2     60/0    3.56 GB   0.7      0.0     0.0      0.0       0.0      0.0       0.0   0.0      0.0      0.0         0         0    0.000       0      0
 Sum    105/0   15.10 GB   0.0      0.0     0.0      0.0       2.0      2.0       0.0   1.0      0.0     91.8        23        17    1.330       0      0
 Int      0/0    0.00 KB   0.0      0.0     0.0      0.0       2.0      2.0       0.0   1.0      0.0     91.8        23        17    1.330       0      0
Uptime(secs): 34.2 total, 34.2 interval
Flush(GB): cumulative 2.026, interval 2.026
AddFile(GB): cumulative 0.000, interval 0.000
AddFile(Total Files): cumulative 0, interval 0
AddFile(L0 Files): cumulative 0, interval 0
AddFile(Keys): cumulative 0, interval 0
Cumulative compaction: 2.03 GB write, 60.64 MB/s write, 0.00 GB read, 0.00 MB/s read, 22.6 seconds
Interval compaction: 2.03 GB write, 60.64 MB/s write, 0.00 GB read, 0.00 MB/s read, 22.6 seconds
Stalls(count): 1 level0_slowdown, 0 level0_slowdown_with_compaction, 0 level0_numfiles, 0 level0_numfiles_with_compaction, 0 stop for pending_compaction_bytes, 0 slowdown for pending_compaction_bytes, 0 memtable_compaction, 0 memtable_slowdown, interval 1 total count

** File Read Latency Histogram By Level [usertable] **

** Compaction Stats [default] **
Level    Files   Size     Score Read(GB)  Rn(GB) Rnp1(GB) Write(GB) Wnew(GB) Moved(GB) W-Amp Rd(MB/s) Wr(MB/s) Comp(sec) Comp(cnt) Avg(sec) KeyIn KeyDrop
----------------------------------------------------------------------------------------------------------------------------------------------------------
 Sum      0/0    0.00 KB   0.0      0.0     0.0      0.0       0.0      0.0       0.0   0.0      0.0      0.0         0         0    0.000       0      0
 Int      0/0    0.00 KB   0.0      0.0     0.0      0.0       0.0      0.0       0.0   0.0      0.0      0.0         0         0    0.000       0      0
Uptime(secs): 34.2 total, 0.0 interval
Flush(GB): cumulative 0.000, interval 0.000
AddFile(GB): cumulative 0.000, interval 0.000
AddFile(Total Files): cumulative 0, interval 0
AddFile(L0 Files): cumulative 0, interval 0
AddFile(Keys): cumulative 0, interval 0
Cumulative compaction: 0.00 GB write, 0.00 MB/s write, 0.00 GB read, 0.00 MB/s read, 0.0 seconds
Interval compaction: 0.00 GB write, 0.00 MB/s write, 0.00 GB read, 0.00 MB/s read, 0.0 seconds
