2018/10/24-09:15:52.671143 7f6a14439700 RocksDB version: 5.14.3
2018/10/24-09:15:52.671220 7f6a14439700 Git sha rocksdb_build_git_sha:
2018/10/24-09:15:52.671223 7f6a14439700 Compile date Oct 15 2018
2018/10/24-09:15:52.671227 7f6a14439700 DB SUMMARY
2018/10/24-09:15:52.671412 7f6a14439700 CURRENT file:  CURRENT
2018/10/24-09:15:52.671414 7f6a14439700 IDENTITY file:  IDENTITY
2018/10/24-09:15:52.671690 7f6a14439700 MANIFEST file:  MANIFEST-025774 size: 52145 Bytes
2018/10/24-09:15:52.671697 7f6a14439700 SST files in /mnt/sdc1/ycsb-rocksdb-data dir, Total Num: 285, files: 022141.sst 022448.sst 022466.sst 022547.sst 022641.sst 022642.sst 022645.sst 022736.sst 022849.sst 
2018/10/24-09:15:52.671699 7f6a14439700 Write Ahead Log file in /mnt/sdc1/ycsb-rocksdb-data: 026273.log size: 107974983 ; 
2018/10/24-09:15:52.671705 7f6a14439700                         Options.error_if_exists: 0
2018/10/24-09:15:52.671707 7f6a14439700                       Options.create_if_missing: 1
2018/10/24-09:15:52.671708 7f6a14439700                         Options.paranoid_checks: 1
2018/10/24-09:15:52.671709 7f6a14439700                                     Options.env: 0x7f698fff83e0
2018/10/24-09:15:52.671710 7f6a14439700                                Options.info_log: 0x7f69c03d58e0
2018/10/24-09:15:52.671711 7f6a14439700                Options.max_file_opening_threads: 16
2018/10/24-09:15:52.671711 7f6a14439700                              Options.statistics: (nil)
2018/10/24-09:15:52.671713 7f6a14439700                               Options.use_fsync: 0
2018/10/24-09:15:52.671714 7f6a14439700                       Options.max_log_file_size: 0
2018/10/24-09:15:52.671714 7f6a14439700                  Options.max_manifest_file_size: 18446744073709551615
2018/10/24-09:15:52.671715 7f6a14439700                   Options.log_file_time_to_roll: 0
2018/10/24-09:15:52.671716 7f6a14439700                       Options.keep_log_file_num: 1000
2018/10/24-09:15:52.671717 7f6a14439700                    Options.recycle_log_file_num: 0
2018/10/24-09:15:52.671718 7f6a14439700                         Options.allow_fallocate: 1
2018/10/24-09:15:52.671719 7f6a14439700                        Options.allow_mmap_reads: 0
2018/10/24-09:15:52.671720 7f6a14439700                       Options.allow_mmap_writes: 0
2018/10/24-09:15:52.671721 7f6a14439700                        Options.use_direct_reads: 0
2018/10/24-09:15:52.671722 7f6a14439700                        Options.use_direct_io_for_flush_and_compaction: 0
2018/10/24-09:15:52.671723 7f6a14439700          Options.create_missing_column_families: 1
2018/10/24-09:15:52.671723 7f6a14439700                              Options.db_log_dir: 
2018/10/24-09:15:52.671724 7f6a14439700                                 Options.wal_dir: /mnt/sdc1/ycsb-rocksdb-data
2018/10/24-09:15:52.671725 7f6a14439700                Options.table_cache_numshardbits: 6
2018/10/24-09:15:52.671726 7f6a14439700                      Options.max_subcompactions: 4
2018/10/24-09:15:52.671727 7f6a14439700                  Options.max_background_flushes: 24
2018/10/24-09:15:52.671728 7f6a14439700                         Options.WAL_ttl_seconds: 0
2018/10/24-09:15:52.671729 7f6a14439700                       Options.WAL_size_limit_MB: 0
2018/10/24-09:15:52.671729 7f6a14439700             Options.manifest_preallocation_size: 4194304
2018/10/24-09:15:52.671730 7f6a14439700                     Options.is_fd_close_on_exec: 1
2018/10/24-09:15:52.671731 7f6a14439700                   Options.advise_random_on_open: 1
2018/10/24-09:15:52.671732 7f6a14439700                    Options.db_write_buffer_size: 0
2018/10/24-09:15:52.671733 7f6a14439700                    Options.write_buffer_manager: 0x7f69c03d25c0
2018/10/24-09:15:52.671734 7f6a14439700         Options.access_hint_on_compaction_start: 1
2018/10/24-09:15:52.671734 7f6a14439700  Options.new_table_reader_for_compaction_inputs: 0
2018/10/24-09:15:52.671735 7f6a14439700           Options.random_access_max_buffer_size: 1048576
2018/10/24-09:15:52.671736 7f6a14439700                      Options.use_adaptive_mutex: 0
2018/10/24-09:15:52.671737 7f6a14439700                            Options.rate_limiter: (nil)
2018/10/24-09:15:52.671754 7f6a14439700     Options.sst_file_manager.rate_bytes_per_sec: 0
2018/10/24-09:15:52.671756 7f6a14439700                       Options.wal_recovery_mode: 2
2018/10/24-09:15:52.671757 7f6a14439700                  Options.enable_thread_tracking: 0
2018/10/24-09:15:52.671757 7f6a14439700                  Options.enable_pipelined_write: 1
2018/10/24-09:15:52.671758 7f6a14439700         Options.allow_concurrent_memtable_write: 1
2018/10/24-09:15:52.671759 7f6a14439700      Options.enable_write_thread_adaptive_yield: 1
2018/10/24-09:15:52.671760 7f6a14439700             Options.write_thread_max_yield_usec: 100
2018/10/24-09:15:52.671761 7f6a14439700            Options.write_thread_slow_yield_usec: 3
2018/10/24-09:15:52.671762 7f6a14439700                               Options.row_cache: None
2018/10/24-09:15:52.671762 7f6a14439700                              Options.wal_filter: None
2018/10/24-09:15:52.671763 7f6a14439700             Options.avoid_flush_during_recovery: 0
2018/10/24-09:15:52.671764 7f6a14439700             Options.allow_ingest_behind: 0
2018/10/24-09:15:52.671765 7f6a14439700             Options.preserve_deletes: 0
2018/10/24-09:15:52.671766 7f6a14439700             Options.two_write_queues: 0
2018/10/24-09:15:52.671767 7f6a14439700             Options.manual_wal_flush: 0
2018/10/24-09:15:52.671769 7f6a14439700             Options.max_background_jobs: 24
2018/10/24-09:15:52.671770 7f6a14439700             Options.max_background_compactions: 24
2018/10/24-09:15:52.671771 7f6a14439700             Options.avoid_flush_during_shutdown: 0
2018/10/24-09:15:52.671771 7f6a14439700           Options.writable_file_max_buffer_size: 1048576
2018/10/24-09:15:52.671772 7f6a14439700             Options.delayed_write_rate : 16777216
2018/10/24-09:15:52.671773 7f6a14439700             Options.max_total_wal_size: 0
2018/10/24-09:15:52.671774 7f6a14439700             Options.delete_obsolete_files_period_micros: 21600000000
2018/10/24-09:15:52.671775 7f6a14439700                   Options.stats_dump_period_sec: 60
2018/10/24-09:15:52.671776 7f6a14439700                          Options.max_open_files: -1
2018/10/24-09:15:52.671777 7f6a14439700                          Options.bytes_per_sync: 1048576
2018/10/24-09:15:52.671778 7f6a14439700                      Options.wal_bytes_per_sync: 0
2018/10/24-09:15:52.671779 7f6a14439700       Options.compaction_readahead_size: 0
2018/10/24-09:15:52.671780 7f6a14439700 Compression algorithms supported:
2018/10/24-09:15:52.671781 7f6a14439700 	kZSTDNotFinalCompression supported: 1
2018/10/24-09:15:52.671790 7f6a14439700 	kZSTD supported: 1
2018/10/24-09:15:52.671792 7f6a14439700 	kXpressCompression supported: 0
2018/10/24-09:15:52.671793 7f6a14439700 	kLZ4HCCompression supported: 1
2018/10/24-09:15:52.671794 7f6a14439700 	kLZ4Compression supported: 1
2018/10/24-09:15:52.671795 7f6a14439700 	kBZip2Compression supported: 1
2018/10/24-09:15:52.671796 7f6a14439700 	kZlibCompression supported: 1
2018/10/24-09:15:52.671797 7f6a14439700 	kSnappyCompression supported: 1
2018/10/24-09:15:52.671801 7f6a14439700 Fast CRC32 supported: Supported on x86
2018/10/24-09:15:52.672550 7f6a14439700 [db/version_set.cc:3085] Recovering from manifest file: MANIFEST-025774
2018/10/24-09:15:52.672643 7f6a14439700 [db/column_family.cc:475] --------------- Options for column family [default]:
2018/10/24-09:15:52.672647 7f6a14439700               Options.comparator: leveldb.BytewiseComparator
2018/10/24-09:15:52.672648 7f6a14439700           Options.merge_operator: None
2018/10/24-09:15:52.672649 7f6a14439700        Options.compaction_filter: None
2018/10/24-09:15:52.672650 7f6a14439700        Options.compaction_filter_factory: None
2018/10/24-09:15:52.672651 7f6a14439700         Options.memtable_factory: SkipListFactory
2018/10/24-09:15:52.672652 7f6a14439700            Options.table_factory: BlockBasedTable
2018/10/24-09:15:52.672682 7f6a14439700            table_factory options:   flush_block_policy_factory: FlushBlockBySizePolicyFactory (0x7f69c03865f0)
  cache_index_and_filter_blocks: 0
  cache_index_and_filter_blocks_with_high_priority: 0
  pin_l0_filter_and_index_blocks_in_cache: 0
  index_type: 0
  hash_index_allow_collision: 1
  checksum: 1
  no_block_cache: 0
  block_cache: 0x7f69c038f990
  block_cache_name: LRUCache
  block_cache_options:
    capacity : 8388608
    num_shard_bits : 4
    strict_capacity_limit : 0
    high_pri_pool_ratio: 0.000
  block_cache_compressed: (nil)
  persistent_cache: (nil)
  block_size: 8192
  block_size_deviation: 10
  block_restart_interval: 16
  index_block_restart_interval: 1
  metadata_block_size: 4096
  partition_filters: 0
  use_delta_encoding: 1
  filter_policy: nullptr
  whole_key_filtering: 1
  verify_compression: 0
  read_amp_bytes_per_bit: 0
  format_version: 2
  enable_index_compression: 1
  block_align: 0
2018/10/24-09:15:52.672696 7f6a14439700        Options.write_buffer_size: 134217728
2018/10/24-09:15:52.672698 7f6a14439700  Options.max_write_buffer_number: 24
2018/10/24-09:15:52.672699 7f6a14439700        Options.compression[0]: NoCompression
2018/10/24-09:15:52.672700 7f6a14439700        Options.compression[1]: NoCompression
2018/10/24-09:15:52.672701 7f6a14439700        Options.compression[2]: LZ4
2018/10/24-09:15:52.672702 7f6a14439700        Options.compression[3]: LZ4
2018/10/24-09:15:52.672703 7f6a14439700        Options.compression[4]: LZ4
2018/10/24-09:15:52.672704 7f6a14439700        Options.compression[5]: LZ4
2018/10/24-09:15:52.672705 7f6a14439700        Options.compression[6]: LZ4
2018/10/24-09:15:52.672706 7f6a14439700                  Options.bottommost_compression: Disabled
2018/10/24-09:15:52.672707 7f6a14439700       Options.prefix_extractor: nullptr
2018/10/24-09:15:52.672708 7f6a14439700   Options.memtable_insert_with_hint_prefix_extractor: nullptr
2018/10/24-09:15:52.672709 7f6a14439700             Options.num_levels: 7
2018/10/24-09:15:52.672710 7f6a14439700        Options.min_write_buffer_number_to_merge: 2
2018/10/24-09:15:52.672711 7f6a14439700     Options.max_write_buffer_number_to_maintain: 0
2018/10/24-09:15:52.672712 7f6a14439700            Options.compression_opts.window_bits: -14
2018/10/24-09:15:52.672713 7f6a14439700                  Options.compression_opts.level: -1
2018/10/24-09:15:52.672714 7f6a14439700               Options.compression_opts.strategy: 0
2018/10/24-09:15:52.672714 7f6a14439700         Options.compression_opts.max_dict_bytes: 0
2018/10/24-09:15:52.672715 7f6a14439700         Options.compression_opts.zstd_max_train_bytes: 0
2018/10/24-09:15:52.672716 7f6a14439700      Options.level0_file_num_compaction_trigger: 2
2018/10/24-09:15:52.672717 7f6a14439700          Options.level0_slowdown_writes_trigger: 20
2018/10/24-09:15:52.672718 7f6a14439700              Options.level0_stop_writes_trigger: 36
2018/10/24-09:15:52.672719 7f6a14439700                   Options.target_file_size_base: 67108864
2018/10/24-09:15:52.672720 7f6a14439700             Options.target_file_size_multiplier: 1
2018/10/24-09:15:52.672721 7f6a14439700                Options.max_bytes_for_level_base: 536870912
2018/10/24-09:15:52.672722 7f6a14439700 Options.level_compaction_dynamic_level_bytes: 0
2018/10/24-09:15:52.672722 7f6a14439700          Options.max_bytes_for_level_multiplier: 10.000000
2018/10/24-09:15:52.672725 7f6a14439700 Options.max_bytes_for_level_multiplier_addtl[0]: 1
2018/10/24-09:15:52.672726 7f6a14439700 Options.max_bytes_for_level_multiplier_addtl[1]: 1
2018/10/24-09:15:52.672727 7f6a14439700 Options.max_bytes_for_level_multiplier_addtl[2]: 1
2018/10/24-09:15:52.672728 7f6a14439700 Options.max_bytes_for_level_multiplier_addtl[3]: 1
2018/10/24-09:15:52.672728 7f6a14439700 Options.max_bytes_for_level_multiplier_addtl[4]: 1
2018/10/24-09:15:52.672729 7f6a14439700 Options.max_bytes_for_level_multiplier_addtl[5]: 1
2018/10/24-09:15:52.672730 7f6a14439700 Options.max_bytes_for_level_multiplier_addtl[6]: 1
2018/10/24-09:15:52.672731 7f6a14439700       Options.max_sequential_skip_in_iterations: 8
2018/10/24-09:15:52.672732 7f6a14439700                    Options.max_compaction_bytes: 1677721600
2018/10/24-09:15:52.672738 7f6a14439700                        Options.arena_block_size: 16777216
2018/10/24-09:15:52.672740 7f6a14439700   Options.soft_pending_compaction_bytes_limit: 68719476736
2018/10/24-09:15:52.672741 7f6a14439700   Options.hard_pending_compaction_bytes_limit: 274877906944
2018/10/24-09:15:52.672742 7f6a14439700       Options.rate_limit_delay_max_milliseconds: 100
2018/10/24-09:15:52.672742 7f6a14439700                Options.disable_auto_compactions: 0
2018/10/24-09:15:52.672745 7f6a14439700                        Options.compaction_style: kCompactionStyleLevel
2018/10/24-09:15:52.672746 7f6a14439700                          Options.compaction_pri: kByCompensatedSize
2018/10/24-09:15:52.672747 7f6a14439700 Options.compaction_options_universal.size_ratio: 1
2018/10/24-09:15:52.672748 7f6a14439700 Options.compaction_options_universal.min_merge_width: 2
2018/10/24-09:15:52.672749 7f6a14439700 Options.compaction_options_universal.max_merge_width: 4294967295
2018/10/24-09:15:52.672750 7f6a14439700 Options.compaction_options_universal.max_size_amplification_percent: 200
2018/10/24-09:15:52.672751 7f6a14439700 Options.compaction_options_universal.compression_size_percent: -1
2018/10/24-09:15:52.672753 7f6a14439700 Options.compaction_options_universal.stop_style: kCompactionStopStyleTotalSize
2018/10/24-09:15:52.672754 7f6a14439700 Options.compaction_options_fifo.max_table_files_size: 1073741824
2018/10/24-09:15:52.672755 7f6a14439700 Options.compaction_options_fifo.allow_compaction: 0
2018/10/24-09:15:52.672755 7f6a14439700 Options.compaction_options_fifo.ttl: 0
2018/10/24-09:15:52.672757 7f6a14439700                   Options.table_properties_collectors: 
2018/10/24-09:15:52.672758 7f6a14439700                   Options.inplace_update_support: 0
2018/10/24-09:15:52.672759 7f6a14439700                 Options.inplace_update_num_locks: 10000
2018/10/24-09:15:52.672760 7f6a14439700               Options.memtable_prefix_bloom_size_ratio: 0.000000
2018/10/24-09:15:52.672761 7f6a14439700   Options.memtable_huge_page_size: 0
2018/10/24-09:15:52.672762 7f6a14439700                           Options.bloom_locality: 0
2018/10/24-09:15:52.672763 7f6a14439700                    Options.max_successive_merges: 0
2018/10/24-09:15:52.672764 7f6a14439700                Options.optimize_filters_for_hits: 0
2018/10/24-09:15:52.672765 7f6a14439700                Options.paranoid_file_checks: 0
2018/10/24-09:15:52.672766 7f6a14439700                Options.force_consistency_checks: 0
2018/10/24-09:15:52.672766 7f6a14439700                Options.report_bg_io_stats: 0
2018/10/24-09:15:52.672767 7f6a14439700                               Options.ttl: 0
2018/10/24-09:15:52.673325 7f6a14439700 [db/column_family.cc:475] --------------- Options for column family [usertable]:
2018/10/24-09:15:52.673329 7f6a14439700               Options.comparator: leveldb.BytewiseComparator
2018/10/24-09:15:52.673330 7f6a14439700           Options.merge_operator: None
2018/10/24-09:15:52.673331 7f6a14439700        Options.compaction_filter: None
2018/10/24-09:15:52.673331 7f6a14439700        Options.compaction_filter_factory: None
2018/10/24-09:15:52.673332 7f6a14439700         Options.memtable_factory: SkipListFactory
2018/10/24-09:15:52.673333 7f6a14439700            Options.table_factory: BlockBasedTable
2018/10/24-09:15:52.673355 7f6a14439700            table_factory options:   flush_block_policy_factory: FlushBlockBySizePolicyFactory (0x7f69c03865d0)
  cache_index_and_filter_blocks: 0
  cache_index_and_filter_blocks_with_high_priority: 0
  pin_l0_filter_and_index_blocks_in_cache: 0
  index_type: 0
  hash_index_allow_collision: 1
  checksum: 1
  no_block_cache: 0
  block_cache: 0x7f69c03858e0
  block_cache_name: LRUCache
  block_cache_options:
    capacity : 8388608
    num_shard_bits : 4
    strict_capacity_limit : 0
    high_pri_pool_ratio: 0.000
  block_cache_compressed: (nil)
  persistent_cache: (nil)
  block_size: 8192
  block_size_deviation: 10
  block_restart_interval: 16
  index_block_restart_interval: 1
  metadata_block_size: 4096
  partition_filters: 0
  use_delta_encoding: 1
  filter_policy: nullptr
  whole_key_filtering: 1
  verify_compression: 0
  read_amp_bytes_per_bit: 0
  format_version: 2
  enable_index_compression: 1
  block_align: 0
2018/10/24-09:15:52.673367 7f6a14439700        Options.write_buffer_size: 134217728
2018/10/24-09:15:52.673368 7f6a14439700  Options.max_write_buffer_number: 24
2018/10/24-09:15:52.673369 7f6a14439700        Options.compression[0]: NoCompression
2018/10/24-09:15:52.673370 7f6a14439700        Options.compression[1]: NoCompression
2018/10/24-09:15:52.673371 7f6a14439700        Options.compression[2]: LZ4
2018/10/24-09:15:52.673372 7f6a14439700        Options.compression[3]: LZ4
2018/10/24-09:15:52.673373 7f6a14439700        Options.compression[4]: LZ4
2018/10/24-09:15:52.673374 7f6a14439700        Options.compression[5]: LZ4
2018/10/24-09:15:52.673375 7f6a14439700        Options.compression[6]: LZ4
2018/10/24-09:15:52.673376 7f6a14439700                  Options.bottommost_compression: Disabled
2018/10/24-09:15:52.673377 7f6a14439700       Options.prefix_extractor: nullptr
2018/10/24-09:15:52.673377 7f6a14439700   Options.memtable_insert_with_hint_prefix_extractor: nullptr
2018/10/24-09:15:52.673378 7f6a14439700             Options.num_levels: 7
2018/10/24-09:15:52.673379 7f6a14439700        Options.min_write_buffer_number_to_merge: 2
2018/10/24-09:15:52.673380 7f6a14439700     Options.max_write_buffer_number_to_maintain: 0
2018/10/24-09:15:52.673381 7f6a14439700            Options.compression_opts.window_bits: -14
2018/10/24-09:15:52.673382 7f6a14439700                  Options.compression_opts.level: -1
2018/10/24-09:15:52.673383 7f6a14439700               Options.compression_opts.strategy: 0
2018/10/24-09:15:52.673384 7f6a14439700         Options.compression_opts.max_dict_bytes: 0
2018/10/24-09:15:52.673384 7f6a14439700         Options.compression_opts.zstd_max_train_bytes: 0
2018/10/24-09:15:52.673385 7f6a14439700      Options.level0_file_num_compaction_trigger: 2
2018/10/24-09:15:52.673386 7f6a14439700          Options.level0_slowdown_writes_trigger: 20
2018/10/24-09:15:52.673387 7f6a14439700              Options.level0_stop_writes_trigger: 36
2018/10/24-09:15:52.673388 7f6a14439700                   Options.target_file_size_base: 67108864
2018/10/24-09:15:52.673389 7f6a14439700             Options.target_file_size_multiplier: 1
2018/10/24-09:15:52.673389 7f6a14439700                Options.max_bytes_for_level_base: 536870912
2018/10/24-09:15:52.673390 7f6a14439700 Options.level_compaction_dynamic_level_bytes: 0
2018/10/24-09:15:52.673391 7f6a14439700          Options.max_bytes_for_level_multiplier: 10.000000
2018/10/24-09:15:52.673393 7f6a14439700 Options.max_bytes_for_level_multiplier_addtl[0]: 1
2018/10/24-09:15:52.673394 7f6a14439700 Options.max_bytes_for_level_multiplier_addtl[1]: 1
2018/10/24-09:15:52.673395 7f6a14439700 Options.max_bytes_for_level_multiplier_addtl[2]: 1
2018/10/24-09:15:52.673396 7f6a14439700 Options.max_bytes_for_level_multiplier_addtl[3]: 1
2018/10/24-09:15:52.673397 7f6a14439700 Options.max_bytes_for_level_multiplier_addtl[4]: 1
2018/10/24-09:15:52.673398 7f6a14439700 Options.max_bytes_for_level_multiplier_addtl[5]: 1
2018/10/24-09:15:52.673399 7f6a14439700 Options.max_bytes_for_level_multiplier_addtl[6]: 1
2018/10/24-09:15:52.673400 7f6a14439700       Options.max_sequential_skip_in_iterations: 8
2018/10/24-09:15:52.673400 7f6a14439700                    Options.max_compaction_bytes: 1677721600
2018/10/24-09:15:52.673401 7f6a14439700                        Options.arena_block_size: 16777216
2018/10/24-09:15:52.673402 7f6a14439700   Options.soft_pending_compaction_bytes_limit: 68719476736
2018/10/24-09:15:52.673403 7f6a14439700   Options.hard_pending_compaction_bytes_limit: 274877906944
2018/10/24-09:15:52.673404 7f6a14439700       Options.rate_limit_delay_max_milliseconds: 100
2018/10/24-09:15:52.673405 7f6a14439700                Options.disable_auto_compactions: 0
2018/10/24-09:15:52.673406 7f6a14439700                        Options.compaction_style: kCompactionStyleLevel
2018/10/24-09:15:52.673414 7f6a14439700                          Options.compaction_pri: kByCompensatedSize
2018/10/24-09:15:52.673415 7f6a14439700 Options.compaction_options_universal.size_ratio: 1
2018/10/24-09:15:52.673416 7f6a14439700 Options.compaction_options_universal.min_merge_width: 2
2018/10/24-09:15:52.673417 7f6a14439700 Options.compaction_options_universal.max_merge_width: 4294967295
2018/10/24-09:15:52.673418 7f6a14439700 Options.compaction_options_universal.max_size_amplification_percent: 200
2018/10/24-09:15:52.673419 7f6a14439700 Options.compaction_options_universal.compression_size_percent: -1
2018/10/24-09:15:52.673420 7f6a14439700 Options.compaction_options_universal.stop_style: kCompactionStopStyleTotalSize
2018/10/24-09:15:52.673421 7f6a14439700 Options.compaction_options_fifo.max_table_files_size: 1073741824
2018/10/24-09:15:52.673422 7f6a14439700 Options.compaction_options_fifo.allow_compaction: 0
2018/10/24-09:15:52.673423 7f6a14439700 Options.compaction_options_fifo.ttl: 0
2018/10/24-09:15:52.673423 7f6a14439700                   Options.table_properties_collectors: 
2018/10/24-09:15:52.673424 7f6a14439700                   Options.inplace_update_support: 0
2018/10/24-09:15:52.673425 7f6a14439700                 Options.inplace_update_num_locks: 10000
2018/10/24-09:15:52.673426 7f6a14439700               Options.memtable_prefix_bloom_size_ratio: 0.000000
2018/10/24-09:15:52.673428 7f6a14439700   Options.memtable_huge_page_size: 0
2018/10/24-09:15:52.673428 7f6a14439700                           Options.bloom_locality: 0
2018/10/24-09:15:52.673429 7f6a14439700                    Options.max_successive_merges: 0
2018/10/24-09:15:52.673430 7f6a14439700                Options.optimize_filters_for_hits: 0
2018/10/24-09:15:52.673431 7f6a14439700                Options.paranoid_file_checks: 0
2018/10/24-09:15:52.673432 7f6a14439700                Options.force_consistency_checks: 0
2018/10/24-09:15:52.673433 7f6a14439700                Options.report_bg_io_stats: 0
2018/10/24-09:15:52.673434 7f6a14439700                               Options.ttl: 0
2018/10/24-09:15:52.925937 7f6a14439700 [db/version_set.cc:3361] Recovered from manifest file:/mnt/sdc1/ycsb-rocksdb-data/MANIFEST-025774 succeeded,manifest_file_number is 25774, next_file_number is 26279, last_sequence is 57443318, log_number is 0,prev_log_number is 0,max_column_family is 1,min_log_number_to_keep is 0
2018/10/24-09:15:52.925947 7f6a14439700 [db/version_set.cc:3369] Column family [default] (ID 0), log number is 25773
2018/10/24-09:15:52.925949 7f6a14439700 [db/version_set.cc:3369] Column family [usertable] (ID 1), log number is 26273
2018/10/24-09:15:52.926923 7f6a14439700 EVENT_LOG_v1 {"time_micros": 1540397752926905, "job": 1, "event": "recovery_started", "log_files": [26273]}
2018/10/24-09:15:52.926931 7f6a14439700 [db/db_impl_open.cc:551] Recovering log #26273 mode 2
2018/10/24-09:15:53.255212 7f6a14439700 [db/version_set.cc:2847] Creating manifest 26279
2018/10/24-09:15:53.659046 7f6a14439700 EVENT_LOG_v1 {"time_micros": 1540397753659017, "cf_name": "usertable", "job": 1, "event": "table_file_creation", "file_number": 26280, "file_size": 76672373, "table_properties": {"data_size": 76346277, "index_size": 325174, "filter_size": 0, "raw_key_size": 444312, "raw_average_key_size": 24, "raw_value_size": 75829248, "raw_average_value_size": 4096, "num_data_blocks": 9257, "num_entries": 18513, "filter_policy_name": "", "kDeletedKeys": "0", "kMergeOperands": "0"}}
2018/10/24-09:15:53.695505 7f6a14439700 EVENT_LOG_v1 {"time_micros": 1540397753695501, "job": 1, "event": "recovery_finished"}
2018/10/24-09:15:53.752949 7f6a14439700 [db/db_impl_open.cc:1219] DB pointer 0x7f69c03d4970
2018/10/24-09:15:53.753256 7f692e7fc700 [WARN] [db/db_impl.cc:491] ------- DUMPING STATS -------
2018/10/24-09:15:53.753301 7f692e7fc700 [WARN] [db/db_impl.cc:492] 
** DB Stats **
Uptime(secs): 1.1 total, 1.1 interval
Cumulative writes: 0 writes, 0 keys, 0 commit groups, 0.0 writes per commit group, ingest: 0.00 GB, 0.00 MB/s
Cumulative WAL: 0 writes, 0 syncs, 0.00 writes per sync, written: 0.00 GB, 0.00 MB/s
Cumulative stall: 00:00:0.000 H:M:S, 0.0 percent
Interval writes: 0 writes, 0 keys, 0 commit groups, 0.0 writes per commit group, ingest: 0.00 MB, 0.00 MB/s
Interval WAL: 0 writes, 0 syncs, 0.00 writes per sync, written: 0.00 MB, 0.00 MB/s
Interval stall: 00:00:0.000 H:M:S, 0.0 percent

** Compaction Stats [default] **
Level    Files   Size     Score Read(GB)  Rn(GB) Rnp1(GB) Write(GB) Wnew(GB) Moved(GB) W-Amp Rd(MB/s) Wr(MB/s) Comp(sec) Comp(cnt) Avg(sec) KeyIn KeyDrop
----------------------------------------------------------------------------------------------------------------------------------------------------------
 Sum      0/0    0.00 KB   0.0      0.0     0.0      0.0       0.0      0.0       0.0   0.0      0.0      0.0         0         0    0.000       0      0
 Int      0/0    0.00 KB   0.0      0.0     0.0      0.0       0.0      0.0       0.0   0.0      0.0      0.0         0         0    0.000       0      0
Uptime(secs): 1.1 total, 1.1 interval
Flush(GB): cumulative 0.000, interval 0.000
AddFile(GB): cumulative 0.000, interval 0.000
AddFile(Total Files): cumulative 0, interval 0
AddFile(L0 Files): cumulative 0, interval 0
AddFile(Keys): cumulative 0, interval 0
Cumulative compaction: 0.00 GB write, 0.00 MB/s write, 0.00 GB read, 0.00 MB/s read, 0.0 seconds
Interval compaction: 0.00 GB write, 0.00 MB/s write, 0.00 GB read, 0.00 MB/s read, 0.0 seconds
Stalls(count): 0 level0_slowdown, 0 level0_slowdown_with_compaction, 0 level0_numfiles, 0 level0_numfiles_with_compaction, 0 stop for pending_compaction_bytes, 0 slowdown for pending_compaction_bytes, 0 memtable_compaction, 0 memtable_slowdown, interval 0 total count

** File Read Latency Histogram By Level [default] **

** Compaction Stats [usertable] **
Level    Files   Size     Score Read(GB)  Rn(GB) Rnp1(GB) Write(GB) Wnew(GB) Moved(GB) W-Amp Rd(MB/s) Wr(MB/s) Comp(sec) Comp(cnt) Avg(sec) KeyIn KeyDrop
----------------------------------------------------------------------------------------------------------------------------------------------------------
  L0      3/0   360.54 MB   1.5      0.0     0.0      0.0       0.1      0.1       0.0   1.0      0.0    215.7         0         1    0.339       0      0
  L1     18/0   910.49 MB   1.8      0.0     0.0      0.0       0.0      0.0       0.0   0.0      0.0      0.0         0         0    0.000       0      0
  L2     88/0    5.21 GB   1.0      0.0     0.0      0.0       0.0      0.0       0.0   0.0      0.0      0.0         0         0    0.000       0      0
  L3    177/0   10.04 GB   0.2      0.0     0.0      0.0       0.0      0.0       0.0   0.0      0.0      0.0         0         0    0.000       0      0
 Sum    286/0   16.49 GB   0.0      0.0     0.0      0.0       0.1      0.1       0.0   1.0      0.0    215.7         0         1    0.339       0      0
 Int      0/0    0.00 KB   0.0      0.0     0.0      0.0       0.1      0.1       0.0   1.0      0.0    215.7         0         1    0.339       0      0
Uptime(secs): 1.1 total, 1.1 interval
Flush(GB): cumulative 0.071, interval 0.071
AddFile(GB): cumulative 0.000, interval 0.000
AddFile(Total Files): cumulative 0, interval 0
AddFile(L0 Files): cumulative 0, interval 0
AddFile(Keys): cumulative 0, interval 0
Cumulative compaction: 0.07 GB write, 67.71 MB/s write, 0.00 GB read, 0.00 MB/s read, 0.3 seconds
Interval compaction: 0.07 GB write, 67.71 MB/s write, 0.00 GB read, 0.00 MB/s read, 0.3 seconds
Stalls(count): 0 level0_slowdown, 0 level0_slowdown_with_compaction, 0 level0_numfiles, 0 level0_numfiles_with_compaction, 0 stop for pending_compaction_bytes, 0 slowdown for pending_compaction_bytes, 0 memtable_compaction, 0 memtable_slowdown, interval 0 total count

** File Read Latency Histogram By Level [usertable] **

** Compaction Stats [default] **
Level    Files   Size     Score Read(GB)  Rn(GB) Rnp1(GB) Write(GB) Wnew(GB) Moved(GB) W-Amp Rd(MB/s) Wr(MB/s) Comp(sec) Comp(cnt) Avg(sec) KeyIn KeyDrop
----------------------------------------------------------------------------------------------------------------------------------------------------------
 Sum      0/0    0.00 KB   0.0      0.0     0.0      0.0       0.0      0.0       0.0   0.0      0.0      0.0         0         0    0.000       0      0
 Int      0/0    0.00 KB   0.0      0.0     0.0      0.0       0.0      0.0       0.0   0.0      0.0      0.0         0         0    0.000       0      0
Uptime(secs): 1.1 total, 0.0 interval
Flush(GB): cumulative 0.000, interval 0.000
AddFile(GB): cumulative 0.000, interval 0.000
AddFile(Total Files): cumulative 0, interval 0
AddFile(L0 Files): cumulative 0, interval 0
AddFile(Keys): cumulative 0, interval 0
Cumulative compaction: 0.00 GB write, 0.00 MB/s write, 0.00 GB read, 0.00 MB/s read, 0.0 seconds
Interval compaction: 0.00 GB write, 0.00 MB/s write, 0.00 GB read, 0.00 MB/s read, 0.0 seconds
Stalls(count): 0 level0_slowdown, 0 level0_slowdown_with_compaction, 0 level0_numfiles, 0 level0_numfiles_with_compaction, 0 stop for pending_compaction_bytes, 0 slowdown for pending_compaction_bytes, 0 memtable_compaction, 0 memtable_slowdown, interval 0 total count

** File Read Latency Histogram By Level [default] **

** Compaction Stats [usertable] **
Level    Files   Size     Score Read(GB)  Rn(GB) Rnp1(GB) Write(GB) Wnew(GB) Moved(GB) W-Amp Rd(MB/s) Wr(MB/s) Comp(sec) Comp(cnt) Avg(sec) KeyIn KeyDrop
----------------------------------------------------------------------------------------------------------------------------------------------------------
  L0      3/0   360.54 MB   1.5      0.0     0.0      0.0       0.1      0.1       0.0   1.0      0.0    215.7         0         1    0.339       0      0
  L1     18/0   910.49 MB   1.8      0.0     0.0      0.0       0.0      0.0       0.0   0.0      0.0      0.0         0         0    0.000       0      0
  L2     88/0    5.21 GB   1.0      0.0     0.0      0.0       0.0      0.0       0.0   0.0      0.0      0.0         0         0    0.000       0      0
  L3    177/0   10.04 GB   0.2      0.0     0.0      0.0       0.0      0.0       0.0   0.0      0.0      0.0         0         0    0.000       0      0
 Sum    286/0   16.49 GB   0.0      0.0     0.0      0.0       0.1      0.1       0.0   1.0      0.0    215.7         0         1    0.339       0      0
 Int      0/0    0.00 KB   0.0      0.0     0.0      0.0       0.0      0.0       0.0   0.0      0.0      0.0         0         0    0.000       0      0
Uptime(secs): 1.1 total, 0.0 interval
Flush(GB): cumulative 0.071, interval 0.000
AddFile(GB): cumulative 0.000, interval 0.000
AddFile(Total Files): cumulative 0, interval 0
AddFile(L0 Files): cumulative 0, interval 0
AddFile(Keys): cumulative 0, interval 0
Cumulative compaction: 0.07 GB write, 67.71 MB/s write, 0.00 GB read, 0.00 MB/s read, 0.3 seconds
Interval compaction: 0.00 GB write, 0.00 MB/s write, 0.00 GB read, 0.00 MB/s read, 0.0 seconds
Stalls(count): 0 level0_slowdown, 0 level0_slowdown_with_compaction, 0 level0_numfiles, 0 level0_numfiles_with_compaction, 0 stop for pending_compaction_bytes, 0 slowdown for pending_compaction_bytes, 0 memtable_compaction, 0 memtable_slowdown, interval 0 total count

** File Read Latency Histogram By Level [usertable] **
2018/10/24-09:15:53.753454 7f692e7fc700 [db/compaction_job.cc:1531] [usertable] [JOB 3] Compacting 1@1 + 2@2 files to L2, score 1.78
2018/10/24-09:15:53.753462 7f692e7fc700 [db/compaction_job.cc:1535] [usertable] Compaction start summary: Base version 5 Base level 1, inputs: [26241(64MB)], [25740(64MB) 25741(37MB)]
2018/10/24-09:15:53.753496 7f692e7fc700 EVENT_LOG_v1 {"time_micros": 1540397753753469, "job": 3, "event": "compaction_started", "compaction_reason": "LevelMaxLevelSize", "files_L1": [26241], "files_L2": [25740, 25741], "score": 1.7783, "input_data_size": 174223640}
2018/10/24-09:15:55.204188 7f692e7fc700 [db/compaction_job.cc:1211] [usertable] [JOB 3] Generated table #26284: 16279 keys, 67258123 bytes
2018/10/24-09:15:55.204229 7f692e7fc700 EVENT_LOG_v1 {"time_micros": 1540397755204212, "cf_name": "usertable", "job": 3, "event": "table_file_creation", "file_number": 26284, "file_size": 67258123, "table_properties": {"data_size": 67120150, "index_size": 299156, "filter_size": 0, "raw_key_size": 390696, "raw_average_key_size": 24, "raw_value_size": 66678784, "raw_average_value_size": 4096, "num_data_blocks": 8140, "num_entries": 16279, "filter_policy_name": "", "kDeletedKeys": "0", "kMergeOperands": "0"}}
2018/10/24-09:15:56.088821 7f692e7fc700 [db/compaction_job.cc:1211] [usertable] [JOB 3] Generated table #26285: 16279 keys, 67262485 bytes
2018/10/24-09:15:56.088868 7f692e7fc700 EVENT_LOG_v1 {"time_micros": 1540397756088849, "cf_name": "usertable", "job": 3, "event": "table_file_creation", "file_number": 26285, "file_size": 67262485, "table_properties": {"data_size": 67119547, "index_size": 299735, "filter_size": 0, "raw_key_size": 390696, "raw_average_key_size": 24, "raw_value_size": 66678784, "raw_average_value_size": 4096, "num_data_blocks": 8140, "num_entries": 16279, "filter_policy_name": "", "kDeletedKeys": "0", "kMergeOperands": "0"}}
2018/10/24-09:15:56.152982 7f692e7fc700 [db/compaction_job.cc:1211] [usertable] [JOB 3] Generated table #26286: 719 keys, 2972206 bytes
2018/10/24-09:15:56.153034 7f692e7fc700 EVENT_LOG_v1 {"time_micros": 1540397756153017, "cf_name": "usertable", "job": 3, "event": "table_file_creation", "file_number": 26286, "file_size": 2972206, "table_properties": {"data_size": 2964504, "index_size": 13026, "filter_size": 0, "raw_key_size": 17256, "raw_average_key_size": 24, "raw_value_size": 2945024, "raw_average_value_size": 4096, "num_data_blocks": 360, "num_entries": 719, "filter_policy_name": "", "kDeletedKeys": "0", "kMergeOperands": "0"}}
2018/10/24-09:15:56.153090 7f692e7fc700 [db/compaction_job.cc:1287] [usertable] [JOB 3] Compacted 1@1 + 2@2 files to L2 => 137492814 bytes
2018/10/24-09:15:56.185148 7f692e7fc700 (Original Log Time 2018/10/24-09:15:56.185071) [db/compaction_job.cc:685] [usertable] compacted to: base level 1 max bytes base 536870912 files[3 17 89 177 0 0 0] max score 1.65, MB/sec: 72.6 rd, 57.3 wr, level 2, files in(1, 2) out(3) MB in(64.3, 101.9) out(131.1), read-write-amplify(4.6) write-amplify(2.0) OK, records in: 42129, records dropped: 8852 output_compression: LZ4
2018/10/24-09:15:56.185153 7f692e7fc700 (Original Log Time 2018/10/24-09:15:56.185097) EVENT_LOG_v1 {"time_micros": 1540397756185085, "job": 3, "event": "compaction_finished", "compaction_time_micros": 2399536, "output_level": 2, "num_output_files": 3, "total_output_size": 137492814, "num_input_records": 42129, "num_output_records": 33277, "num_subcompactions": 1, "output_compression": "LZ4", "num_single_delete_mismatches": 0, "num_single_delete_fallthrough": 0, "lsm_state": [3, 17, 89, 177, 0, 0, 0]}
2018/10/24-09:15:56.185201 7f692e7fc700 [db/compaction_picker.cc:485] [usertable] Expanding@1 1+4(67411984+239923256 bytes) to 2+4 (67425338+239923256 bytes)
2018/10/24-09:15:56.185234 7f692e7fc700 [db/compaction_job.cc:1531] [usertable] [JOB 4] Compacting 2@1 + 4@2 files to L2, score 1.65
2018/10/24-09:15:56.185240 7f692e7fc700 [db/compaction_job.cc:1535] [usertable] Compaction start summary: Base version 6 Base level 1, inputs: [26261(13KB) 26239(64MB)], [26071(64MB) 26075(64MB) 26095(64MB) 26098(36MB)]
2018/10/24-09:15:56.185255 7f692e7fc700 EVENT_LOG_v1 {"time_micros": 1540397756185245, "job": 4, "event": "compaction_started", "compaction_reason": "LevelMaxLevelSize", "files_L1": [26261, 26239], "files_L2": [26071, 26075, 26095, 26098], "score": 1.65272, "input_data_size": 307348594}
2018/10/24-09:15:56.887037 7f692e7fc700 [db/compaction_job.cc:1211] [usertable] [JOB 4] Generated table #26287: 16279 keys, 67263600 bytes
2018/10/24-09:15:56.887080 7f692e7fc700 EVENT_LOG_v1 {"time_micros": 1540397756887062, "cf_name": "usertable", "job": 4, "event": "table_file_creation", "file_number": 26287, "file_size": 67263600, "table_properties": {"data_size": 67119513, "index_size": 299784, "filter_size": 0, "raw_key_size": 390696, "raw_average_key_size": 24, "raw_value_size": 66678784, "raw_average_value_size": 4096, "num_data_blocks": 8140, "num_entries": 16279, "filter_policy_name": "", "kDeletedKeys": "0", "kMergeOperands": "0"}}
2018/10/24-09:15:58.247919 7f692e7fc700 [db/compaction_job.cc:1211] [usertable] [JOB 4] Generated table #26288: 16279 keys, 67260981 bytes
2018/10/24-09:15:58.247968 7f692e7fc700 EVENT_LOG_v1 {"time_micros": 1540397758247947, "cf_name": "usertable", "job": 4, "event": "table_file_creation", "file_number": 26288, "file_size": 67260981, "table_properties": {"data_size": 67119689, "index_size": 299603, "filter_size": 0, "raw_key_size": 390696, "raw_average_key_size": 24, "raw_value_size": 66678784, "raw_average_value_size": 4096, "num_data_blocks": 8140, "num_entries": 16279, "filter_policy_name": "", "kDeletedKeys": "0", "kMergeOperands": "0"}}
2018/10/24-09:15:59.838394 7f692e7fc700 [db/compaction_job.cc:1211] [usertable] [JOB 4] Generated table #26289: 16279 keys, 67256009 bytes
2018/10/24-09:15:59.838458 7f692e7fc700 EVENT_LOG_v1 {"time_micros": 1540397759838441, "cf_name": "usertable", "job": 4, "event": "table_file_creation", "file_number": 26289, "file_size": 67256009, "table_properties": {"data_size": 67120590, "index_size": 298678, "filter_size": 0, "raw_key_size": 390696, "raw_average_key_size": 24, "raw_value_size": 66678784, "raw_average_value_size": 4096, "num_data_blocks": 8140, "num_entries": 16279, "filter_policy_name": "", "kDeletedKeys": "0", "kMergeOperands": "0"}}
2018/10/24-09:16:00.797386 7f692e7fc700 [db/compaction_job.cc:1211] [usertable] [JOB 4] Generated table #26290: 16279 keys, 67259277 bytes
2018/10/24-09:16:00.797450 7f692e7fc700 EVENT_LOG_v1 {"time_micros": 1540397760797415, "cf_name": "usertable", "job": 4, "event": "table_file_creation", "file_number": 26290, "file_size": 67259277, "table_properties": {"data_size": 67119936, "index_size": 299389, "filter_size": 0, "raw_key_size": 390696, "raw_average_key_size": 24, "raw_value_size": 66678784, "raw_average_value_size": 4096, "num_data_blocks": 8140, "num_entries": 16279, "filter_policy_name": "", "kDeletedKeys": "0", "kMergeOperands": "0"}}
2018/10/24-09:16:00.875801 7f692e7fc700 [db/compaction_job.cc:1211] [usertable] [JOB 4] Generated table #26291: 1085 keys, 4483004 bytes
2018/10/24-09:16:00.875842 7f692e7fc700 EVENT_LOG_v1 {"time_micros": 1540397760875825, "cf_name": "usertable", "job": 4, "event": "table_file_creation", "file_number": 26291, "file_size": 4483004, "table_properties": {"data_size": 4473697, "index_size": 19591, "filter_size": 0, "raw_key_size": 26040, "raw_average_key_size": 24, "raw_value_size": 4444160, "raw_average_value_size": 4096, "num_data_blocks": 543, "num_entries": 1085, "filter_policy_name": "", "kDeletedKeys": "0", "kMergeOperands": "0"}}
2018/10/24-09:16:00.875880 7f692e7fc700 [db/compaction_job.cc:1287] [usertable] [JOB 4] Compacted 2@1 + 4@2 files to L2 => 273522871 bytes
