2018/12/26-16:28:17.732950 7ff6057ec700 RocksDB version: 5.14.3
2018/12/26-16:28:17.733002 7ff6057ec700 Git sha rocksdb_build_git_sha:
2018/12/26-16:28:17.733006 7ff6057ec700 Compile date Dec 26 2018
2018/12/26-16:28:17.733010 7ff6057ec700 DB SUMMARY
2018/12/26-16:28:17.733034 7ff6057ec700 SST files in /mnt/sdc/ycsb-rocksdb-data dir, Total Num: 0, files: 
2018/12/26-16:28:17.733038 7ff6057ec700 Write Ahead Log file in /mnt/sdc/ycsb-rocksdb-data: 
2018/12/26-16:28:17.733042 7ff6057ec700                         Options.error_if_exists: 0
2018/12/26-16:28:17.733044 7ff6057ec700                       Options.create_if_missing: 1
2018/12/26-16:28:17.733046 7ff6057ec700                         Options.paranoid_checks: 1
2018/12/26-16:28:17.733048 7ff6057ec700                                     Options.env: 0x7ff5f4ba02c0
2018/12/26-16:28:17.733050 7ff6057ec700                                Options.info_log: 0x7ff54c3c4a60
2018/12/26-16:28:17.733052 7ff6057ec700                Options.max_file_opening_threads: 16
2018/12/26-16:28:17.733054 7ff6057ec700                              Options.statistics: (nil)
2018/12/26-16:28:17.733056 7ff6057ec700                               Options.use_fsync: 0
2018/12/26-16:28:17.733058 7ff6057ec700                       Options.max_log_file_size: 0
2018/12/26-16:28:17.733060 7ff6057ec700                  Options.max_manifest_file_size: 18446744073709551615
2018/12/26-16:28:17.733062 7ff6057ec700                   Options.log_file_time_to_roll: 0
2018/12/26-16:28:17.733064 7ff6057ec700                       Options.keep_log_file_num: 1000
2018/12/26-16:28:17.733066 7ff6057ec700                    Options.recycle_log_file_num: 0
2018/12/26-16:28:17.733067 7ff6057ec700                         Options.allow_fallocate: 1
2018/12/26-16:28:17.733068 7ff6057ec700                        Options.allow_mmap_reads: 0
2018/12/26-16:28:17.733068 7ff6057ec700                       Options.allow_mmap_writes: 0
2018/12/26-16:28:17.733069 7ff6057ec700                        Options.use_direct_reads: 0
2018/12/26-16:28:17.733070 7ff6057ec700                        Options.use_direct_io_for_flush_and_compaction: 0
2018/12/26-16:28:17.733071 7ff6057ec700          Options.create_missing_column_families: 1
2018/12/26-16:28:17.733072 7ff6057ec700                              Options.db_log_dir: 
2018/12/26-16:28:17.733073 7ff6057ec700                                 Options.wal_dir: /mnt/sdc/ycsb-rocksdb-data
2018/12/26-16:28:17.733074 7ff6057ec700                Options.table_cache_numshardbits: 6
2018/12/26-16:28:17.733075 7ff6057ec700                      Options.max_subcompactions: 4
2018/12/26-16:28:17.733076 7ff6057ec700                  Options.max_background_flushes: 24
2018/12/26-16:28:17.733077 7ff6057ec700                         Options.WAL_ttl_seconds: 0
2018/12/26-16:28:17.733078 7ff6057ec700                       Options.WAL_size_limit_MB: 0
2018/12/26-16:28:17.733079 7ff6057ec700             Options.manifest_preallocation_size: 4194304
2018/12/26-16:28:17.733080 7ff6057ec700                     Options.is_fd_close_on_exec: 1
2018/12/26-16:28:17.733081 7ff6057ec700                   Options.advise_random_on_open: 1
2018/12/26-16:28:17.733082 7ff6057ec700                    Options.db_write_buffer_size: 0
2018/12/26-16:28:17.733083 7ff6057ec700                    Options.write_buffer_manager: 0x7ff54c3c1a80
2018/12/26-16:28:17.733084 7ff6057ec700         Options.access_hint_on_compaction_start: 1
2018/12/26-16:28:17.733085 7ff6057ec700  Options.new_table_reader_for_compaction_inputs: 0
2018/12/26-16:28:17.733085 7ff6057ec700           Options.random_access_max_buffer_size: 1048576
2018/12/26-16:28:17.733086 7ff6057ec700                      Options.use_adaptive_mutex: 0
2018/12/26-16:28:17.733087 7ff6057ec700                            Options.rate_limiter: (nil)
2018/12/26-16:28:17.733089 7ff6057ec700     Options.sst_file_manager.rate_bytes_per_sec: 0
2018/12/26-16:28:17.733090 7ff6057ec700                       Options.wal_recovery_mode: 2
2018/12/26-16:28:17.733091 7ff6057ec700                  Options.enable_thread_tracking: 0
2018/12/26-16:28:17.733092 7ff6057ec700                  Options.enable_pipelined_write: 1
2018/12/26-16:28:17.733104 7ff6057ec700         Options.allow_concurrent_memtable_write: 1
2018/12/26-16:28:17.733105 7ff6057ec700      Options.enable_write_thread_adaptive_yield: 1
2018/12/26-16:28:17.733106 7ff6057ec700             Options.write_thread_max_yield_usec: 100
2018/12/26-16:28:17.733107 7ff6057ec700            Options.write_thread_slow_yield_usec: 3
2018/12/26-16:28:17.733108 7ff6057ec700                               Options.row_cache: None
2018/12/26-16:28:17.733109 7ff6057ec700                              Options.wal_filter: None
2018/12/26-16:28:17.733110 7ff6057ec700             Options.avoid_flush_during_recovery: 0
2018/12/26-16:28:17.733111 7ff6057ec700             Options.allow_ingest_behind: 0
2018/12/26-16:28:17.733112 7ff6057ec700             Options.preserve_deletes: 0
2018/12/26-16:28:17.733113 7ff6057ec700             Options.two_write_queues: 0
2018/12/26-16:28:17.733114 7ff6057ec700             Options.manual_wal_flush: 0
2018/12/26-16:28:17.733116 7ff6057ec700             Options.max_background_jobs: 24
2018/12/26-16:28:17.733117 7ff6057ec700             Options.max_background_compactions: 24
2018/12/26-16:28:17.733118 7ff6057ec700             Options.avoid_flush_during_shutdown: 0
2018/12/26-16:28:17.733119 7ff6057ec700           Options.writable_file_max_buffer_size: 1048576
2018/12/26-16:28:17.733120 7ff6057ec700             Options.delayed_write_rate : 16777216
2018/12/26-16:28:17.733121 7ff6057ec700             Options.max_total_wal_size: 0
2018/12/26-16:28:17.733122 7ff6057ec700             Options.delete_obsolete_files_period_micros: 21600000000
2018/12/26-16:28:17.733123 7ff6057ec700                   Options.stats_dump_period_sec: 60
2018/12/26-16:28:17.733124 7ff6057ec700                          Options.max_open_files: -1
2018/12/26-16:28:17.733124 7ff6057ec700                          Options.bytes_per_sync: 1048576
2018/12/26-16:28:17.733125 7ff6057ec700                      Options.wal_bytes_per_sync: 0
2018/12/26-16:28:17.733126 7ff6057ec700       Options.compaction_readahead_size: 0
2018/12/26-16:28:17.733127 7ff6057ec700 Compression algorithms supported:
2018/12/26-16:28:17.733129 7ff6057ec700 	kZSTDNotFinalCompression supported: 1
2018/12/26-16:28:17.733137 7ff6057ec700 	kZSTD supported: 1
2018/12/26-16:28:17.733139 7ff6057ec700 	kXpressCompression supported: 0
2018/12/26-16:28:17.733140 7ff6057ec700 	kLZ4HCCompression supported: 1
2018/12/26-16:28:17.733141 7ff6057ec700 	kLZ4Compression supported: 1
2018/12/26-16:28:17.733142 7ff6057ec700 	kBZip2Compression supported: 1
2018/12/26-16:28:17.733143 7ff6057ec700 	kZlibCompression supported: 1
2018/12/26-16:28:17.733144 7ff6057ec700 	kSnappyCompression supported: 1
2018/12/26-16:28:17.733149 7ff6057ec700 Fast CRC32 supported: Supported on x86
2018/12/26-16:28:17.733216 7ff6057ec700 [db/db_impl_open.cc:222] Creating manifest 1 
2018/12/26-16:28:17.840738 7ff6057ec700 [db/version_set.cc:3085] Recovering from manifest file: MANIFEST-000001
2018/12/26-16:28:17.840834 7ff6057ec700 [db/column_family.cc:475] --------------- Options for column family [default]:
2018/12/26-16:28:17.840837 7ff6057ec700               Options.comparator: leveldb.BytewiseComparator
2018/12/26-16:28:17.840839 7ff6057ec700           Options.merge_operator: None
2018/12/26-16:28:17.840840 7ff6057ec700        Options.compaction_filter: None
2018/12/26-16:28:17.840841 7ff6057ec700        Options.compaction_filter_factory: None
2018/12/26-16:28:17.840842 7ff6057ec700         Options.memtable_factory: SkipListFactory
2018/12/26-16:28:17.840843 7ff6057ec700            Options.table_factory: BlockBasedTable
2018/12/26-16:28:17.840869 7ff6057ec700            table_factory options:   flush_block_policy_factory: FlushBlockBySizePolicyFactory (0x7ff54c3765f0)
  cache_index_and_filter_blocks: 0
  cache_index_and_filter_blocks_with_high_priority: 0
  pin_l0_filter_and_index_blocks_in_cache: 0
  index_type: 0
  hash_index_allow_collision: 1
  checksum: 1
  no_block_cache: 0
  block_cache: 0x7ff54c382060
  block_cache_name: LRUCache
  block_cache_options:
    capacity : 8388608
    num_shard_bits : 4
    strict_capacity_limit : 0
    high_pri_pool_ratio: 0.000
  block_cache_compressed: (nil)
  persistent_cache: (nil)
  block_size: 8192
  block_size_deviation: 10
  block_restart_interval: 16
  index_block_restart_interval: 1
  metadata_block_size: 4096
  partition_filters: 0
  use_delta_encoding: 1
  filter_policy: nullptr
  whole_key_filtering: 1
  verify_compression: 0
  read_amp_bytes_per_bit: 0
  format_version: 2
  enable_index_compression: 1
  block_align: 0
2018/12/26-16:28:17.840884 7ff6057ec700        Options.write_buffer_size: 134217728
2018/12/26-16:28:17.840885 7ff6057ec700  Options.max_write_buffer_number: 24
2018/12/26-16:28:17.840887 7ff6057ec700        Options.compression[0]: NoCompression
2018/12/26-16:28:17.840888 7ff6057ec700        Options.compression[1]: NoCompression
2018/12/26-16:28:17.840889 7ff6057ec700        Options.compression[2]: LZ4
2018/12/26-16:28:17.840891 7ff6057ec700        Options.compression[3]: LZ4
2018/12/26-16:28:17.840892 7ff6057ec700        Options.compression[4]: LZ4
2018/12/26-16:28:17.840893 7ff6057ec700        Options.compression[5]: LZ4
2018/12/26-16:28:17.840894 7ff6057ec700        Options.compression[6]: LZ4
2018/12/26-16:28:17.840895 7ff6057ec700                  Options.bottommost_compression: Disabled
2018/12/26-16:28:17.840896 7ff6057ec700       Options.prefix_extractor: nullptr
2018/12/26-16:28:17.840897 7ff6057ec700   Options.memtable_insert_with_hint_prefix_extractor: nullptr
2018/12/26-16:28:17.840898 7ff6057ec700             Options.num_levels: 7
2018/12/26-16:28:17.840899 7ff6057ec700        Options.min_write_buffer_number_to_merge: 2
2018/12/26-16:28:17.840900 7ff6057ec700     Options.max_write_buffer_number_to_maintain: 0
2018/12/26-16:28:17.840901 7ff6057ec700            Options.compression_opts.window_bits: -14
2018/12/26-16:28:17.840902 7ff6057ec700                  Options.compression_opts.level: -1
2018/12/26-16:28:17.840903 7ff6057ec700               Options.compression_opts.strategy: 0
2018/12/26-16:28:17.840903 7ff6057ec700         Options.compression_opts.max_dict_bytes: 0
2018/12/26-16:28:17.840904 7ff6057ec700         Options.compression_opts.zstd_max_train_bytes: 0
2018/12/26-16:28:17.840905 7ff6057ec700      Options.level0_file_num_compaction_trigger: 2
2018/12/26-16:28:17.840906 7ff6057ec700          Options.level0_slowdown_writes_trigger: 20
2018/12/26-16:28:17.840907 7ff6057ec700              Options.level0_stop_writes_trigger: 36
2018/12/26-16:28:17.840908 7ff6057ec700                   Options.target_file_size_base: 67108864
2018/12/26-16:28:17.840909 7ff6057ec700             Options.target_file_size_multiplier: 1
2018/12/26-16:28:17.840910 7ff6057ec700                Options.max_bytes_for_level_base: 536870912
2018/12/26-16:28:17.840911 7ff6057ec700 Options.level_compaction_dynamic_level_bytes: 0
2018/12/26-16:28:17.840912 7ff6057ec700          Options.max_bytes_for_level_multiplier: 10.000000
2018/12/26-16:28:17.840914 7ff6057ec700 Options.max_bytes_for_level_multiplier_addtl[0]: 1
2018/12/26-16:28:17.840915 7ff6057ec700 Options.max_bytes_for_level_multiplier_addtl[1]: 1
2018/12/26-16:28:17.840916 7ff6057ec700 Options.max_bytes_for_level_multiplier_addtl[2]: 1
2018/12/26-16:28:17.840917 7ff6057ec700 Options.max_bytes_for_level_multiplier_addtl[3]: 1
2018/12/26-16:28:17.840918 7ff6057ec700 Options.max_bytes_for_level_multiplier_addtl[4]: 1
2018/12/26-16:28:17.840919 7ff6057ec700 Options.max_bytes_for_level_multiplier_addtl[5]: 1
2018/12/26-16:28:17.840920 7ff6057ec700 Options.max_bytes_for_level_multiplier_addtl[6]: 1
2018/12/26-16:28:17.840921 7ff6057ec700       Options.max_sequential_skip_in_iterations: 8
2018/12/26-16:28:17.840922 7ff6057ec700                    Options.max_compaction_bytes: 1677721600
2018/12/26-16:28:17.840923 7ff6057ec700                        Options.arena_block_size: 16777216
2018/12/26-16:28:17.840924 7ff6057ec700   Options.soft_pending_compaction_bytes_limit: 68719476736
2018/12/26-16:28:17.840925 7ff6057ec700   Options.hard_pending_compaction_bytes_limit: 274877906944
2018/12/26-16:28:17.840931 7ff6057ec700       Options.rate_limit_delay_max_milliseconds: 100
2018/12/26-16:28:17.840933 7ff6057ec700                Options.disable_auto_compactions: 0
2018/12/26-16:28:17.840935 7ff6057ec700                        Options.compaction_style: kCompactionStyleLevel
2018/12/26-16:28:17.840937 7ff6057ec700                          Options.compaction_pri: kByCompensatedSize
2018/12/26-16:28:17.840938 7ff6057ec700 Options.compaction_options_universal.size_ratio: 1
2018/12/26-16:28:17.840939 7ff6057ec700 Options.compaction_options_universal.min_merge_width: 2
2018/12/26-16:28:17.840940 7ff6057ec700 Options.compaction_options_universal.max_merge_width: 4294967295
2018/12/26-16:28:17.840941 7ff6057ec700 Options.compaction_options_universal.max_size_amplification_percent: 200
2018/12/26-16:28:17.840942 7ff6057ec700 Options.compaction_options_universal.compression_size_percent: -1
2018/12/26-16:28:17.840943 7ff6057ec700 Options.compaction_options_universal.stop_style: kCompactionStopStyleTotalSize
2018/12/26-16:28:17.840944 7ff6057ec700 Options.compaction_options_fifo.max_table_files_size: 1073741824
2018/12/26-16:28:17.840945 7ff6057ec700 Options.compaction_options_fifo.allow_compaction: 0
2018/12/26-16:28:17.840946 7ff6057ec700 Options.compaction_options_fifo.ttl: 0
2018/12/26-16:28:17.840947 7ff6057ec700                   Options.table_properties_collectors: 
2018/12/26-16:28:17.840948 7ff6057ec700                   Options.inplace_update_support: 0
2018/12/26-16:28:17.840949 7ff6057ec700                 Options.inplace_update_num_locks: 10000
2018/12/26-16:28:17.840950 7ff6057ec700               Options.memtable_prefix_bloom_size_ratio: 0.000000
2018/12/26-16:28:17.840952 7ff6057ec700   Options.memtable_huge_page_size: 0
2018/12/26-16:28:17.840953 7ff6057ec700                           Options.bloom_locality: 0
2018/12/26-16:28:17.840954 7ff6057ec700                    Options.max_successive_merges: 0
2018/12/26-16:28:17.840955 7ff6057ec700                Options.optimize_filters_for_hits: 0
2018/12/26-16:28:17.840955 7ff6057ec700                Options.paranoid_file_checks: 0
2018/12/26-16:28:17.840956 7ff6057ec700                Options.force_consistency_checks: 0
2018/12/26-16:28:17.840957 7ff6057ec700                Options.report_bg_io_stats: 0
2018/12/26-16:28:17.840958 7ff6057ec700                               Options.ttl: 0
2018/12/26-16:28:17.841379 7ff6057ec700 [db/version_set.cc:3361] Recovered from manifest file:/mnt/sdc/ycsb-rocksdb-data/MANIFEST-000001 succeeded,manifest_file_number is 1, next_file_number is 3, last_sequence is 0, log_number is 0,prev_log_number is 0,max_column_family is 0,min_log_number_to_keep is 0
2018/12/26-16:28:17.841384 7ff6057ec700 [db/version_set.cc:3369] Column family [default] (ID 0), log number is 0
2018/12/26-16:28:17.841531 7ff6057ec700 [db/version_set.cc:2847] Creating manifest 4
2018/12/26-16:28:17.918181 7ff6057ec700 [db/column_family.cc:475] --------------- Options for column family [usertable]:
2018/12/26-16:28:17.918187 7ff6057ec700               Options.comparator: leveldb.BytewiseComparator
2018/12/26-16:28:17.918189 7ff6057ec700           Options.merge_operator: None
2018/12/26-16:28:17.918190 7ff6057ec700        Options.compaction_filter: None
2018/12/26-16:28:17.918191 7ff6057ec700        Options.compaction_filter_factory: None
2018/12/26-16:28:17.918192 7ff6057ec700         Options.memtable_factory: SkipListFactory
2018/12/26-16:28:17.918193 7ff6057ec700            Options.table_factory: BlockBasedTable
2018/12/26-16:28:17.918220 7ff6057ec700            table_factory options:   flush_block_policy_factory: FlushBlockBySizePolicyFactory (0x7ff54c3766d0)
  cache_index_and_filter_blocks: 0
  cache_index_and_filter_blocks_with_high_priority: 0
  pin_l0_filter_and_index_blocks_in_cache: 0
  index_type: 0
  hash_index_allow_collision: 1
  checksum: 1
  no_block_cache: 0
  block_cache: 0x7ff54c384ef0
  block_cache_name: LRUCache
  block_cache_options:
    capacity : 8388608
    num_shard_bits : 4
    strict_capacity_limit : 0
    high_pri_pool_ratio: 0.000
  block_cache_compressed: (nil)
  persistent_cache: (nil)
  block_size: 8192
  block_size_deviation: 10
  block_restart_interval: 16
  index_block_restart_interval: 1
  metadata_block_size: 4096
  partition_filters: 0
  use_delta_encoding: 1
  filter_policy: nullptr
  whole_key_filtering: 1
  verify_compression: 0
  read_amp_bytes_per_bit: 0
  format_version: 2
  enable_index_compression: 1
  block_align: 0
2018/12/26-16:28:17.918223 7ff6057ec700        Options.write_buffer_size: 134217728
2018/12/26-16:28:17.918224 7ff6057ec700  Options.max_write_buffer_number: 24
2018/12/26-16:28:17.918225 7ff6057ec700        Options.compression[0]: NoCompression
2018/12/26-16:28:17.918226 7ff6057ec700        Options.compression[1]: NoCompression
2018/12/26-16:28:17.918228 7ff6057ec700        Options.compression[2]: LZ4
2018/12/26-16:28:17.918229 7ff6057ec700        Options.compression[3]: LZ4
2018/12/26-16:28:17.918230 7ff6057ec700        Options.compression[4]: LZ4
2018/12/26-16:28:17.918231 7ff6057ec700        Options.compression[5]: LZ4
2018/12/26-16:28:17.918232 7ff6057ec700        Options.compression[6]: LZ4
2018/12/26-16:28:17.918233 7ff6057ec700                  Options.bottommost_compression: Disabled
2018/12/26-16:28:17.918234 7ff6057ec700       Options.prefix_extractor: nullptr
2018/12/26-16:28:17.918235 7ff6057ec700   Options.memtable_insert_with_hint_prefix_extractor: nullptr
2018/12/26-16:28:17.918236 7ff6057ec700             Options.num_levels: 7
2018/12/26-16:28:17.918237 7ff6057ec700        Options.min_write_buffer_number_to_merge: 2
2018/12/26-16:28:17.918238 7ff6057ec700     Options.max_write_buffer_number_to_maintain: 0
2018/12/26-16:28:17.918238 7ff6057ec700            Options.compression_opts.window_bits: -14
2018/12/26-16:28:17.918239 7ff6057ec700                  Options.compression_opts.level: -1
2018/12/26-16:28:17.918240 7ff6057ec700               Options.compression_opts.strategy: 0
2018/12/26-16:28:17.918241 7ff6057ec700         Options.compression_opts.max_dict_bytes: 0
2018/12/26-16:28:17.918242 7ff6057ec700         Options.compression_opts.zstd_max_train_bytes: 0
2018/12/26-16:28:17.918243 7ff6057ec700      Options.level0_file_num_compaction_trigger: 2
2018/12/26-16:28:17.918244 7ff6057ec700          Options.level0_slowdown_writes_trigger: 20
2018/12/26-16:28:17.918245 7ff6057ec700              Options.level0_stop_writes_trigger: 36
2018/12/26-16:28:17.918245 7ff6057ec700                   Options.target_file_size_base: 67108864
2018/12/26-16:28:17.918246 7ff6057ec700             Options.target_file_size_multiplier: 1
2018/12/26-16:28:17.918247 7ff6057ec700                Options.max_bytes_for_level_base: 536870912
2018/12/26-16:28:17.918248 7ff6057ec700 Options.level_compaction_dynamic_level_bytes: 0
2018/12/26-16:28:17.918249 7ff6057ec700          Options.max_bytes_for_level_multiplier: 10.000000
2018/12/26-16:28:17.918251 7ff6057ec700 Options.max_bytes_for_level_multiplier_addtl[0]: 1
2018/12/26-16:28:17.918263 7ff6057ec700 Options.max_bytes_for_level_multiplier_addtl[1]: 1
2018/12/26-16:28:17.918264 7ff6057ec700 Options.max_bytes_for_level_multiplier_addtl[2]: 1
2018/12/26-16:28:17.918265 7ff6057ec700 Options.max_bytes_for_level_multiplier_addtl[3]: 1
2018/12/26-16:28:17.918266 7ff6057ec700 Options.max_bytes_for_level_multiplier_addtl[4]: 1
2018/12/26-16:28:17.918267 7ff6057ec700 Options.max_bytes_for_level_multiplier_addtl[5]: 1
2018/12/26-16:28:17.918268 7ff6057ec700 Options.max_bytes_for_level_multiplier_addtl[6]: 1
2018/12/26-16:28:17.918269 7ff6057ec700       Options.max_sequential_skip_in_iterations: 8
2018/12/26-16:28:17.918270 7ff6057ec700                    Options.max_compaction_bytes: 1677721600
2018/12/26-16:28:17.918270 7ff6057ec700                        Options.arena_block_size: 16777216
2018/12/26-16:28:17.918271 7ff6057ec700   Options.soft_pending_compaction_bytes_limit: 68719476736
2018/12/26-16:28:17.918272 7ff6057ec700   Options.hard_pending_compaction_bytes_limit: 274877906944
2018/12/26-16:28:17.918273 7ff6057ec700       Options.rate_limit_delay_max_milliseconds: 100
2018/12/26-16:28:17.918274 7ff6057ec700                Options.disable_auto_compactions: 0
2018/12/26-16:28:17.918276 7ff6057ec700                        Options.compaction_style: kCompactionStyleLevel
2018/12/26-16:28:17.918278 7ff6057ec700                          Options.compaction_pri: kByCompensatedSize
2018/12/26-16:28:17.918279 7ff6057ec700 Options.compaction_options_universal.size_ratio: 1
2018/12/26-16:28:17.918280 7ff6057ec700 Options.compaction_options_universal.min_merge_width: 2
2018/12/26-16:28:17.918281 7ff6057ec700 Options.compaction_options_universal.max_merge_width: 4294967295
2018/12/26-16:28:17.918282 7ff6057ec700 Options.compaction_options_universal.max_size_amplification_percent: 200
2018/12/26-16:28:17.918283 7ff6057ec700 Options.compaction_options_universal.compression_size_percent: -1
2018/12/26-16:28:17.918285 7ff6057ec700 Options.compaction_options_universal.stop_style: kCompactionStopStyleTotalSize
2018/12/26-16:28:17.918286 7ff6057ec700 Options.compaction_options_fifo.max_table_files_size: 1073741824
2018/12/26-16:28:17.918287 7ff6057ec700 Options.compaction_options_fifo.allow_compaction: 0
2018/12/26-16:28:17.918288 7ff6057ec700 Options.compaction_options_fifo.ttl: 0
2018/12/26-16:28:17.918289 7ff6057ec700                   Options.table_properties_collectors: 
2018/12/26-16:28:17.918290 7ff6057ec700                   Options.inplace_update_support: 0
2018/12/26-16:28:17.918290 7ff6057ec700                 Options.inplace_update_num_locks: 10000
2018/12/26-16:28:17.918291 7ff6057ec700               Options.memtable_prefix_bloom_size_ratio: 0.000000
2018/12/26-16:28:17.918293 7ff6057ec700   Options.memtable_huge_page_size: 0
2018/12/26-16:28:17.918294 7ff6057ec700                           Options.bloom_locality: 0
2018/12/26-16:28:17.918295 7ff6057ec700                    Options.max_successive_merges: 0
2018/12/26-16:28:17.918296 7ff6057ec700                Options.optimize_filters_for_hits: 0
2018/12/26-16:28:17.918297 7ff6057ec700                Options.paranoid_file_checks: 0
2018/12/26-16:28:17.918297 7ff6057ec700                Options.force_consistency_checks: 0
2018/12/26-16:28:17.918298 7ff6057ec700                Options.report_bg_io_stats: 0
2018/12/26-16:28:17.918299 7ff6057ec700                               Options.ttl: 0
2018/12/26-16:28:17.918351 7ff6057ec700 [db/db_impl.cc:1396] Created column family [usertable] (ID 1)
2018/12/26-16:28:18.086431 7ff6057ec700 [db/db_impl_open.cc:1219] DB pointer 0x7ff54c3c51b0
2018/12/26-16:28:26.880413 7ff604fe4700 [db/db_impl_write.cc:1373] [usertable] New memtable created with log file: #9. Immutable memtables: 0.
2018/12/26-16:28:35.723844 7ff604ce1700 [db/db_impl_write.cc:1373] [usertable] New memtable created with log file: #10. Immutable memtables: 1.
2018/12/26-16:28:35.724006 7ff5c67fc700 [db/db_impl_compaction_flush.cc:80] [JOB 2] Syncing log #3
2018/12/26-16:28:35.987922 7ff5c67fc700 [db/db_impl_compaction_flush.cc:80] [JOB 2] Syncing log #9
2018/12/26-16:28:36.522870 7ff5c67fc700 (Original Log Time 2018/12/26-16:28:35.723962) [db/db_impl_compaction_flush.cc:1424] Calling FlushMemTableToOutputFile with column family [usertable], flush slots available 24, compaction slots available 1, flush slots scheduled 1, compaction slots scheduled 0
2018/12/26-16:28:36.522886 7ff5c67fc700 [db/flush_job.cc:301] [usertable] [JOB 2] Flushing memtable with next log file: 9
2018/12/26-16:28:36.522897 7ff5c67fc700 [db/flush_job.cc:301] [usertable] [JOB 2] Flushing memtable with next log file: 10
2018/12/26-16:28:36.522948 7ff5c67fc700 EVENT_LOG_v1 {"time_micros": 1545870516522933, "job": 2, "event": "flush_started", "num_memtables": 2, "num_entries": 61723, "num_deletes": 0, "memory_usage": 257628264, "flush_reason": "Write Buffer Full"}
2018/12/26-16:28:36.522959 7ff5c67fc700 [db/flush_job.cc:331] [usertable] [JOB 2] Level-0 flush table #11: started
2018/12/26-16:28:37.628699 7ff5c67fc700 EVENT_LOG_v1 {"time_micros": 1545870517628661, "cf_name": "usertable", "job": 2, "event": "table_file_creation", "file_number": 11, "file_size": 255619644, "table_properties": {"data_size": 254483943, "index_size": 1134774, "filter_size": 0, "raw_key_size": 1481352, "raw_average_key_size": 24, "raw_value_size": 252817408, "raw_average_value_size": 4096, "num_data_blocks": 30862, "num_entries": 61723, "filter_policy_name": "", "kDeletedKeys": "0", "kMergeOperands": "0"}}
2018/12/26-16:28:37.628732 7ff5c67fc700 [db/flush_job.cc:371] [usertable] [JOB 2] Level-0 flush table #11: 255619644 bytes OK
2018/12/26-16:28:37.690255 7ff5c67fc700 (Original Log Time 2018/12/26-16:28:37.628754) [db/memtable_list.cc:377] [usertable] Level-0 commit table #11 started
2018/12/26-16:28:37.690260 7ff5c67fc700 (Original Log Time 2018/12/26-16:28:37.690121) [db/memtable_list.cc:409] [usertable] Level-0 commit table #11: memtable #1 done
2018/12/26-16:28:37.690262 7ff5c67fc700 (Original Log Time 2018/12/26-16:28:37.690141) [db/memtable_list.cc:409] [usertable] Level-0 commit table #11: memtable #2 done
2018/12/26-16:28:37.690263 7ff5c67fc700 (Original Log Time 2018/12/26-16:28:37.690177) EVENT_LOG_v1 {"time_micros": 1545870517690164, "job": 2, "event": "flush_finished", "output_compression": "NoCompression", "lsm_state": [1, 0, 0, 0, 0, 0, 0], "immutable_memtables": 0}
2018/12/26-16:28:37.690265 7ff5c67fc700 (Original Log Time 2018/12/26-16:28:37.690215) [db/db_impl_compaction_flush.cc:177] [usertable] Level summary: base level 1 max bytes base 536870912 files[1 0 0 0 0 0 0] max score 0.50
2018/12/26-16:28:37.690281 7ff5c67fc700 [db/db_impl_files.cc:347] [JOB 2] Try to delete WAL files size 254848879, prev total WAL file size 283276432, number of live WAL files 3.
2018/12/26-16:28:44.688709 7ff6056eb700 [db/db_impl_write.cc:1373] [usertable] New memtable created with log file: #12. Immutable memtables: 0.
2018/12/26-16:28:53.202752 7ff604fe4700 [db/db_impl_write.cc:1373] [usertable] New memtable created with log file: #13. Immutable memtables: 1.
2018/12/26-16:28:53.202888 7ff5c5ffb700 [db/db_impl_compaction_flush.cc:80] [JOB 3] Syncing log #10
2018/12/26-16:28:53.736797 7ff5c5ffb700 [db/db_impl_compaction_flush.cc:80] [JOB 3] Syncing log #12
2018/12/26-16:28:54.866614 7ff5c5ffb700 (Original Log Time 2018/12/26-16:28:53.202854) [db/db_impl_compaction_flush.cc:1424] Calling FlushMemTableToOutputFile with column family [usertable], flush slots available 24, compaction slots available 1, flush slots scheduled 1, compaction slots scheduled 0
2018/12/26-16:28:54.866632 7ff5c5ffb700 [db/flush_job.cc:301] [usertable] [JOB 3] Flushing memtable with next log file: 12
2018/12/26-16:28:54.866641 7ff5c5ffb700 [db/flush_job.cc:301] [usertable] [JOB 3] Flushing memtable with next log file: 13
2018/12/26-16:28:54.866672 7ff5c5ffb700 EVENT_LOG_v1 {"time_micros": 1545870534866662, "job": 3, "event": "flush_started", "num_memtables": 2, "num_entries": 61178, "num_deletes": 0, "memory_usage": 257921808, "flush_reason": "Write Buffer Full"}
2018/12/26-16:28:54.866679 7ff5c5ffb700 [db/flush_job.cc:331] [usertable] [JOB 3] Level-0 flush table #14: started
2018/12/26-16:28:56.939062 7ff5c5ffb700 EVENT_LOG_v1 {"time_micros": 1545870536939037, "cf_name": "usertable", "job": 3, "event": "table_file_creation", "file_number": 14, "file_size": 253376148, "table_properties": {"data_size": 252243692, "index_size": 1131529, "filter_size": 0, "raw_key_size": 1468272, "raw_average_key_size": 24, "raw_value_size": 250585088, "raw_average_value_size": 4096, "num_data_blocks": 30589, "num_entries": 61178, "filter_policy_name": "", "kDeletedKeys": "0", "kMergeOperands": "0"}}
2018/12/26-16:28:56.939086 7ff5c5ffb700 [db/flush_job.cc:371] [usertable] [JOB 3] Level-0 flush table #14: 253376148 bytes OK
2018/12/26-16:28:57.044958 7ff5c5ffb700 (Original Log Time 2018/12/26-16:28:56.939105) [db/memtable_list.cc:377] [usertable] Level-0 commit table #14 started
2018/12/26-16:28:57.044963 7ff5c5ffb700 (Original Log Time 2018/12/26-16:28:57.044832) [db/memtable_list.cc:409] [usertable] Level-0 commit table #14: memtable #1 done
2018/12/26-16:28:57.044965 7ff5c5ffb700 (Original Log Time 2018/12/26-16:28:57.044841) [db/memtable_list.cc:409] [usertable] Level-0 commit table #14: memtable #2 done
2018/12/26-16:28:57.044967 7ff5c5ffb700 (Original Log Time 2018/12/26-16:28:57.044876) EVENT_LOG_v1 {"time_micros": 1545870537044861, "job": 3, "event": "flush_finished", "output_compression": "NoCompression", "lsm_state": [2, 0, 0, 0, 0, 0, 0], "immutable_memtables": 0}
2018/12/26-16:28:57.044968 7ff5c5ffb700 (Original Log Time 2018/12/26-16:28:57.044927) [db/db_impl_compaction_flush.cc:177] [usertable] Level summary: base level 1 max bytes base 536870912 files[2 0 0 0 0 0 0] max score 1.00
2018/12/26-16:28:57.044982 7ff5c5ffb700 [db/db_impl_files.cc:347] [JOB 3] Try to delete WAL files size 252594158, prev total WAL file size 308114889, number of live WAL files 3.
2018/12/26-16:28:57.045206 7ff5c6ffd700 [WARN] [db/db_impl.cc:491] ------- DUMPING STATS -------
2018/12/26-16:28:57.048866 7ff5c6ffd700 [WARN] [db/db_impl.cc:492] 
** DB Stats **
Uptime(secs): 39.2 total, 39.2 interval
Cumulative writes: 136K writes, 136K keys, 134K commit groups, 1.0 writes per commit group, ingest: 0.52 GB, 13.69 MB/s
Cumulative WAL: 136K writes, 0 syncs, 136348.00 writes per sync, written: 0.52 GB, 13.69 MB/s
Cumulative stall: 00:00:0.000 H:M:S, 0.0 percent
Interval writes: 136K writes, 136K keys, 134K commit groups, 1.0 writes per commit group, ingest: 536.88 MB, 13.69 MB/s
Interval WAL: 136K writes, 0 syncs, 136348.00 writes per sync, written: 0.52 MB, 13.69 MB/s
Interval stall: 00:00:0.000 H:M:S, 0.0 percent

** Compaction Stats [default] **
Level    Files   Size     Score Read(GB)  Rn(GB) Rnp1(GB) Write(GB) Wnew(GB) Moved(GB) W-Amp Rd(MB/s) Wr(MB/s) Comp(sec) Comp(cnt) Avg(sec) KeyIn KeyDrop
----------------------------------------------------------------------------------------------------------------------------------------------------------
 Sum      0/0    0.00 KB   0.0      0.0     0.0      0.0       0.0      0.0       0.0   0.0      0.0      0.0         0         0    0.000       0      0
 Int      0/0    0.00 KB   0.0      0.0     0.0      0.0       0.0      0.0       0.0   0.0      0.0      0.0         0         0    0.000       0      0
Uptime(secs): 39.2 total, 39.2 interval
Flush(GB): cumulative 0.000, interval 0.000
AddFile(GB): cumulative 0.000, interval 0.000
AddFile(Total Files): cumulative 0, interval 0
AddFile(L0 Files): cumulative 0, interval 0
AddFile(Keys): cumulative 0, interval 0
Cumulative compaction: 0.00 GB write, 0.00 MB/s write, 0.00 GB read, 0.00 MB/s read, 0.0 seconds
Interval compaction: 0.00 GB write, 0.00 MB/s write, 0.00 GB read, 0.00 MB/s read, 0.0 seconds
Stalls(count): 0 level0_slowdown, 0 level0_slowdown_with_compaction, 0 level0_numfiles, 0 level0_numfiles_with_compaction, 0 stop for pending_compaction_bytes, 0 slowdown for pending_compaction_bytes, 0 memtable_compaction, 0 memtable_slowdown, interval 0 total count

** File Read Latency Histogram By Level [default] **

** Compaction Stats [usertable] **
Level    Files   Size     Score Read(GB)  Rn(GB) Rnp1(GB) Write(GB) Wnew(GB) Moved(GB) W-Amp Rd(MB/s) Wr(MB/s) Comp(sec) Comp(cnt) Avg(sec) KeyIn KeyDrop
----------------------------------------------------------------------------------------------------------------------------------------------------------
  L0      2/0   485.42 MB   1.0      0.0     0.0      0.0       0.5      0.5       0.0   1.0      0.0    152.7         3         2    1.589       0      0
 Sum      2/0   485.42 MB   0.0      0.0     0.0      0.0       0.5      0.5       0.0   1.0      0.0    152.7         3         2    1.589       0      0
 Int      0/0    0.00 KB   0.0      0.0     0.0      0.0       0.5      0.5       0.0   1.0      0.0    152.7         3         2    1.589       0      0
Uptime(secs): 39.1 total, 39.1 interval
Flush(GB): cumulative 0.474, interval 0.474
AddFile(GB): cumulative 0.000, interval 0.000
AddFile(Total Files): cumulative 0, interval 0
AddFile(L0 Files): cumulative 0, interval 0
AddFile(Keys): cumulative 0, interval 0
Cumulative compaction: 0.47 GB write, 12.41 MB/s write, 0.00 GB read, 0.00 MB/s read, 3.2 seconds
Interval compaction: 0.47 GB write, 12.41 MB/s write, 0.00 GB read, 0.00 MB/s read, 3.2 seconds
Stalls(count): 0 level0_slowdown, 0 level0_slowdown_with_compaction, 0 level0_numfiles, 0 level0_numfiles_with_compaction, 0 stop for pending_compaction_bytes, 0 slowdown for pending_compaction_bytes, 0 memtable_compaction, 0 memtable_slowdown, interval 0 total count

** File Read Latency Histogram By Level [usertable] **

** Compaction Stats [default] **
Level    Files   Size     Score Read(GB)  Rn(GB) Rnp1(GB) Write(GB) Wnew(GB) Moved(GB) W-Amp Rd(MB/s) Wr(MB/s) Comp(sec) Comp(cnt) Avg(sec) KeyIn KeyDrop
----------------------------------------------------------------------------------------------------------------------------------------------------------
 Sum      0/0    0.00 KB   0.0      0.0     0.0      0.0       0.0      0.0       0.0   0.0      0.0      0.0         0         0    0.000       0      0
 Int      0/0    0.00 KB   0.0      0.0     0.0      0.0       0.0      0.0       0.0   0.0      0.0      0.0         0         0    0.000       0      0
Uptime(secs): 39.2 total, 0.0 interval
Flush(GB): cumulative 0.000, interval 0.000
AddFile(GB): cumulative 0.000, interval 0.000
AddFile(Total Files): cumulative 0, interval 0
AddFile(L0 Files): cumulative 0, interval 0
AddFile(Keys): cumulative 0, interval 0
Cumulative compaction: 0.00 GB write, 0.00 MB/s write, 0.00 GB read, 0.00 MB/s read, 0.0 seconds
Interval compaction: 0.00 GB write, 0.00 MB/s write, 0.00 GB read, 0.00 MB/s read, 0.0 seconds
Stalls(count): 0 level0_slowdown, 0 level0_slowdown_with_compaction, 0 level0_numfiles, 0 level0_numfiles_with_compaction, 0 stop for pending_compaction_bytes, 0 slowdown for pending_compaction_bytes, 0 memtable_compaction, 0 memtable_slowdown, interval 0 total count

** File Read Latency Histogram By Level [default] **

** Compaction Stats [usertable] **
Level    Files   Size     Score Read(GB)  Rn(GB) Rnp1(GB) Write(GB) Wnew(GB) Moved(GB) W-Amp Rd(MB/s) Wr(MB/s) Comp(sec) Comp(cnt) Avg(sec) KeyIn KeyDrop
----------------------------------------------------------------------------------------------------------------------------------------------------------
  L0      2/0   485.42 MB   1.0      0.0     0.0      0.0       0.5      0.5       0.0   1.0      0.0    152.7         3         2    1.589       0      0
 Sum      2/0   485.42 MB   0.0      0.0     0.0      0.0       0.5      0.5       0.0   1.0      0.0    152.7         3         2    1.589       0      0
 Int      0/0    0.00 KB   0.0      0.0     0.0      0.0       0.0      0.0       0.0   0.0      0.0      0.0         0         0    0.000       0      0
Uptime(secs): 39.1 total, 0.0 interval
Flush(GB): cumulative 0.474, interval 0.000
AddFile(GB): cumulative 0.000, interval 0.000
AddFile(Total Files): cumulative 0, interval 0
AddFile(L0 Files): cumulative 0, interval 0
AddFile(Keys): cumulative 0, interval 0
Cumulative compaction: 0.47 GB write, 12.41 MB/s write, 0.00 GB read, 0.00 MB/s read, 3.2 seconds
Interval compaction: 0.00 GB write, 0.00 MB/s write, 0.00 GB read, 0.00 MB/s read, 0.0 seconds
Stalls(count): 0 level0_slowdown, 0 level0_slowdown_with_compaction, 0 level0_numfiles, 0 level0_numfiles_with_compaction, 0 stop for pending_compaction_bytes, 0 slowdown for pending_compaction_bytes, 0 memtable_compaction, 0 memtable_slowdown, interval 0 total count

** File Read Latency Histogram By Level [usertable] **
2018/12/26-16:28:57.106164 7ff5c6ffd700 (Original Log Time 2018/12/26-16:28:57.050711) [db/db_impl_compaction_flush.cc:1835] [usertable] Moving #11 to level-1 255619644 bytes
2018/12/26-16:28:57.106169 7ff5c6ffd700 (Original Log Time 2018/12/26-16:28:57.106097) EVENT_LOG_v1 {"time_micros": 1545870537106081, "job": 4, "event": "trivial_move", "destination_level": 1, "files": 1, "total_files_size": 255619644}
2018/12/26-16:28:57.106171 7ff5c6ffd700 (Original Log Time 2018/12/26-16:28:57.106116) [db/db_impl_compaction_flush.cc:1864] [usertable] Moved #1 files to level-1 255619644 bytes OK: base level 1 max bytes base 536870912 files[1 1 0 0 0 0 0] max score 0.50
2018/12/26-16:29:02.167918 7ff6049de700 [db/db_impl_write.cc:1373] [usertable] New memtable created with log file: #15. Immutable memtables: 0.
2018/12/26-16:29:10.265992 7ff604ee3700 [db/db_impl_write.cc:1373] [usertable] New memtable created with log file: #16. Immutable memtables: 1.
2018/12/26-16:29:10.266121 7ff5c57fa700 [db/db_impl_compaction_flush.cc:80] [JOB 5] Syncing log #13
2018/12/26-16:29:10.796617 7ff5c57fa700 [db/db_impl_compaction_flush.cc:80] [JOB 5] Syncing log #15
2018/12/26-16:29:12.298624 7ff5c57fa700 (Original Log Time 2018/12/26-16:29:10.266098) [db/db_impl_compaction_flush.cc:1424] Calling FlushMemTableToOutputFile with column family [usertable], flush slots available 24, compaction slots available 1, flush slots scheduled 1, compaction slots scheduled 0
2018/12/26-16:29:12.298639 7ff5c57fa700 [db/flush_job.cc:301] [usertable] [JOB 5] Flushing memtable with next log file: 15
2018/12/26-16:29:12.298645 7ff5c57fa700 [db/flush_job.cc:301] [usertable] [JOB 5] Flushing memtable with next log file: 16
2018/12/26-16:29:12.298679 7ff5c57fa700 EVENT_LOG_v1 {"time_micros": 1545870552298670, "job": 5, "event": "flush_started", "num_memtables": 2, "num_entries": 59720, "num_deletes": 0, "memory_usage": 255618368, "flush_reason": "Write Buffer Full"}
2018/12/26-16:29:12.298686 7ff5c57fa700 [db/flush_job.cc:331] [usertable] [JOB 5] Level-0 flush table #17: started
2018/12/26-16:29:14.534222 7ff5c57fa700 EVENT_LOG_v1 {"time_micros": 1545870554534195, "cf_name": "usertable", "job": 5, "event": "table_file_creation", "file_number": 17, "file_size": 247337678, "table_properties": {"data_size": 246232195, "index_size": 1104556, "filter_size": 0, "raw_key_size": 1433280, "raw_average_key_size": 24, "raw_value_size": 244613120, "raw_average_value_size": 4096, "num_data_blocks": 29860, "num_entries": 59720, "filter_policy_name": "", "kDeletedKeys": "0", "kMergeOperands": "0"}}
2018/12/26-16:29:14.534246 7ff5c57fa700 [db/flush_job.cc:371] [usertable] [JOB 5] Level-0 flush table #17: 247337678 bytes OK
2018/12/26-16:29:14.639585 7ff5c57fa700 (Original Log Time 2018/12/26-16:29:14.534264) [db/memtable_list.cc:377] [usertable] Level-0 commit table #17 started
2018/12/26-16:29:14.639589 7ff5c57fa700 (Original Log Time 2018/12/26-16:29:14.639485) [db/memtable_list.cc:409] [usertable] Level-0 commit table #17: memtable #1 done
2018/12/26-16:29:14.639591 7ff5c57fa700 (Original Log Time 2018/12/26-16:29:14.639489) [db/memtable_list.cc:409] [usertable] Level-0 commit table #17: memtable #2 done
2018/12/26-16:29:14.639593 7ff5c57fa700 (Original Log Time 2018/12/26-16:29:14.639516) EVENT_LOG_v1 {"time_micros": 1545870554639506, "job": 5, "event": "flush_finished", "output_compression": "NoCompression", "lsm_state": [2, 1, 0, 0, 0, 0, 0], "immutable_memtables": 0}
2018/12/26-16:29:14.639595 7ff5c57fa700 (Original Log Time 2018/12/26-16:29:14.639558) [db/db_impl_compaction_flush.cc:177] [usertable] Level summary: base level 1 max bytes base 536870912 files[2 1 0 0 0 0 0] max score 1.00
