2019/03/06-02:56:31.006033 7f7c060ae700 RocksDB version: 5.14.3
2019/03/06-02:56:31.006107 7f7c060ae700 Git sha rocksdb_build_git_sha:
2019/03/06-02:56:31.006110 7f7c060ae700 Compile date Dec 29 2018
2019/03/06-02:56:31.006114 7f7c060ae700 DB SUMMARY
2019/03/06-02:56:31.006137 7f7c060ae700 SST files in /mnt/sdh/ycsb-rocksdb-data dir, Total Num: 0, files: 
2019/03/06-02:56:31.006140 7f7c060ae700 Write Ahead Log file in /mnt/sdh/ycsb-rocksdb-data: 
2019/03/06-02:56:31.006143 7f7c060ae700                         Options.error_if_exists: 0
2019/03/06-02:56:31.006144 7f7c060ae700                       Options.create_if_missing: 1
2019/03/06-02:56:31.006145 7f7c060ae700                         Options.paranoid_checks: 1
2019/03/06-02:56:31.006146 7f7c060ae700                                     Options.env: 0x7f7c055172c0
2019/03/06-02:56:31.006147 7f7c060ae700                                Options.info_log: 0x7f7b303e8980
2019/03/06-02:56:31.006148 7f7c060ae700                Options.max_file_opening_threads: 16
2019/03/06-02:56:31.006149 7f7c060ae700                              Options.statistics: (nil)
2019/03/06-02:56:31.006150 7f7c060ae700                               Options.use_fsync: 0
2019/03/06-02:56:31.006151 7f7c060ae700                       Options.max_log_file_size: 0
2019/03/06-02:56:31.006152 7f7c060ae700                  Options.max_manifest_file_size: 18446744073709551615
2019/03/06-02:56:31.006153 7f7c060ae700                   Options.log_file_time_to_roll: 0
2019/03/06-02:56:31.006154 7f7c060ae700                       Options.keep_log_file_num: 1000
2019/03/06-02:56:31.006155 7f7c060ae700                    Options.recycle_log_file_num: 0
2019/03/06-02:56:31.006156 7f7c060ae700                         Options.allow_fallocate: 1
2019/03/06-02:56:31.006157 7f7c060ae700                        Options.allow_mmap_reads: 0
2019/03/06-02:56:31.006158 7f7c060ae700                       Options.allow_mmap_writes: 0
2019/03/06-02:56:31.006159 7f7c060ae700                        Options.use_direct_reads: 0
2019/03/06-02:56:31.006160 7f7c060ae700                        Options.use_direct_io_for_flush_and_compaction: 0
2019/03/06-02:56:31.006161 7f7c060ae700          Options.create_missing_column_families: 1
2019/03/06-02:56:31.006162 7f7c060ae700                              Options.db_log_dir: 
2019/03/06-02:56:31.006163 7f7c060ae700                                 Options.wal_dir: /mnt/sdh/ycsb-rocksdb-data
2019/03/06-02:56:31.006164 7f7c060ae700                Options.table_cache_numshardbits: 6
2019/03/06-02:56:31.006165 7f7c060ae700                      Options.max_subcompactions: 4
2019/03/06-02:56:31.006166 7f7c060ae700                  Options.max_background_flushes: 24
2019/03/06-02:56:31.006167 7f7c060ae700                         Options.WAL_ttl_seconds: 0
2019/03/06-02:56:31.006168 7f7c060ae700                       Options.WAL_size_limit_MB: 0
2019/03/06-02:56:31.006168 7f7c060ae700             Options.manifest_preallocation_size: 4194304
2019/03/06-02:56:31.006169 7f7c060ae700                     Options.is_fd_close_on_exec: 1
2019/03/06-02:56:31.006170 7f7c060ae700                   Options.advise_random_on_open: 1
2019/03/06-02:56:31.006171 7f7c060ae700                    Options.db_write_buffer_size: 0
2019/03/06-02:56:31.006172 7f7c060ae700                    Options.write_buffer_manager: 0x7f7b303e4b40
2019/03/06-02:56:31.006173 7f7c060ae700         Options.access_hint_on_compaction_start: 1
2019/03/06-02:56:31.006174 7f7c060ae700  Options.new_table_reader_for_compaction_inputs: 0
2019/03/06-02:56:31.006175 7f7c060ae700           Options.random_access_max_buffer_size: 1048576
2019/03/06-02:56:31.006176 7f7c060ae700                      Options.use_adaptive_mutex: 0
2019/03/06-02:56:31.006177 7f7c060ae700                            Options.rate_limiter: (nil)
2019/03/06-02:56:31.006179 7f7c060ae700     Options.sst_file_manager.rate_bytes_per_sec: 0
2019/03/06-02:56:31.006181 7f7c060ae700                       Options.wal_recovery_mode: 2
2019/03/06-02:56:31.006182 7f7c060ae700                  Options.enable_thread_tracking: 0
2019/03/06-02:56:31.006182 7f7c060ae700                  Options.enable_pipelined_write: 1
2019/03/06-02:56:31.006192 7f7c060ae700         Options.allow_concurrent_memtable_write: 1
2019/03/06-02:56:31.006193 7f7c060ae700      Options.enable_write_thread_adaptive_yield: 1
2019/03/06-02:56:31.006194 7f7c060ae700             Options.write_thread_max_yield_usec: 100
2019/03/06-02:56:31.006195 7f7c060ae700            Options.write_thread_slow_yield_usec: 3
2019/03/06-02:56:31.006196 7f7c060ae700                               Options.row_cache: None
2019/03/06-02:56:31.006197 7f7c060ae700                              Options.wal_filter: None
2019/03/06-02:56:31.006198 7f7c060ae700             Options.avoid_flush_during_recovery: 0
2019/03/06-02:56:31.006199 7f7c060ae700             Options.allow_ingest_behind: 0
2019/03/06-02:56:31.006200 7f7c060ae700             Options.preserve_deletes: 0
2019/03/06-02:56:31.006201 7f7c060ae700             Options.two_write_queues: 0
2019/03/06-02:56:31.006202 7f7c060ae700             Options.manual_wal_flush: 0
2019/03/06-02:56:31.006204 7f7c060ae700             Options.max_background_jobs: 24
2019/03/06-02:56:31.006205 7f7c060ae700             Options.max_background_compactions: 24
2019/03/06-02:56:31.006206 7f7c060ae700             Options.avoid_flush_during_shutdown: 0
2019/03/06-02:56:31.006207 7f7c060ae700           Options.writable_file_max_buffer_size: 1048576
2019/03/06-02:56:31.006208 7f7c060ae700             Options.delayed_write_rate : 16777216
2019/03/06-02:56:31.006209 7f7c060ae700             Options.max_total_wal_size: 0
2019/03/06-02:56:31.006210 7f7c060ae700             Options.delete_obsolete_files_period_micros: 21600000000
2019/03/06-02:56:31.006211 7f7c060ae700                   Options.stats_dump_period_sec: 60
2019/03/06-02:56:31.006212 7f7c060ae700                          Options.max_open_files: -1
2019/03/06-02:56:31.006213 7f7c060ae700                          Options.bytes_per_sync: 1048576
2019/03/06-02:56:31.006214 7f7c060ae700                      Options.wal_bytes_per_sync: 0
2019/03/06-02:56:31.006215 7f7c060ae700       Options.compaction_readahead_size: 0
2019/03/06-02:56:31.006216 7f7c060ae700 Compression algorithms supported:
2019/03/06-02:56:31.006218 7f7c060ae700 	kZSTDNotFinalCompression supported: 1
2019/03/06-02:56:31.006226 7f7c060ae700 	kZSTD supported: 1
2019/03/06-02:56:31.006227 7f7c060ae700 	kXpressCompression supported: 0
2019/03/06-02:56:31.006228 7f7c060ae700 	kLZ4HCCompression supported: 1
2019/03/06-02:56:31.006230 7f7c060ae700 	kLZ4Compression supported: 1
2019/03/06-02:56:31.006231 7f7c060ae700 	kBZip2Compression supported: 1
2019/03/06-02:56:31.006232 7f7c060ae700 	kZlibCompression supported: 1
2019/03/06-02:56:31.006233 7f7c060ae700 	kSnappyCompression supported: 1
2019/03/06-02:56:31.006237 7f7c060ae700 Fast CRC32 supported: Supported on x86
2019/03/06-02:56:31.006324 7f7c060ae700 [db/db_impl_open.cc:222] Creating manifest 1 
2019/03/06-02:56:31.206728 7f7c060ae700 [db/version_set.cc:3085] Recovering from manifest file: MANIFEST-000001
2019/03/06-02:56:31.206826 7f7c060ae700 [db/column_family.cc:475] --------------- Options for column family [default]:
2019/03/06-02:56:31.206829 7f7c060ae700               Options.comparator: leveldb.BytewiseComparator
2019/03/06-02:56:31.206831 7f7c060ae700           Options.merge_operator: None
2019/03/06-02:56:31.206832 7f7c060ae700        Options.compaction_filter: None
2019/03/06-02:56:31.206833 7f7c060ae700        Options.compaction_filter_factory: None
2019/03/06-02:56:31.206834 7f7c060ae700         Options.memtable_factory: SkipListFactory
2019/03/06-02:56:31.206836 7f7c060ae700            Options.table_factory: BlockBasedTable
2019/03/06-02:56:31.206866 7f7c060ae700            table_factory options:   flush_block_policy_factory: FlushBlockBySizePolicyFactory (0x7f7b3037a4b0)
  cache_index_and_filter_blocks: 0
  cache_index_and_filter_blocks_with_high_priority: 0
  pin_l0_filter_and_index_blocks_in_cache: 0
  index_type: 0
  hash_index_allow_collision: 1
  checksum: 1
  no_block_cache: 0
  block_cache: 0x7f7b30385ed0
  block_cache_name: LRUCache
  block_cache_options:
    capacity : 8388608
    num_shard_bits : 4
    strict_capacity_limit : 0
    high_pri_pool_ratio: 0.000
  block_cache_compressed: (nil)
  persistent_cache: (nil)
  block_size: 8192
  block_size_deviation: 10
  block_restart_interval: 16
  index_block_restart_interval: 1
  metadata_block_size: 4096
  partition_filters: 0
  use_delta_encoding: 1
  filter_policy: nullptr
  whole_key_filtering: 1
  verify_compression: 0
  read_amp_bytes_per_bit: 0
  format_version: 2
  enable_index_compression: 1
  block_align: 0
2019/03/06-02:56:31.206882 7f7c060ae700        Options.write_buffer_size: 134217728
2019/03/06-02:56:31.206884 7f7c060ae700  Options.max_write_buffer_number: 24
2019/03/06-02:56:31.206886 7f7c060ae700        Options.compression[0]: NoCompression
2019/03/06-02:56:31.206887 7f7c060ae700        Options.compression[1]: NoCompression
2019/03/06-02:56:31.206888 7f7c060ae700        Options.compression[2]: LZ4
2019/03/06-02:56:31.206889 7f7c060ae700        Options.compression[3]: LZ4
2019/03/06-02:56:31.206890 7f7c060ae700        Options.compression[4]: LZ4
2019/03/06-02:56:31.206891 7f7c060ae700        Options.compression[5]: LZ4
2019/03/06-02:56:31.206892 7f7c060ae700        Options.compression[6]: LZ4
2019/03/06-02:56:31.206893 7f7c060ae700                  Options.bottommost_compression: Disabled
2019/03/06-02:56:31.206894 7f7c060ae700       Options.prefix_extractor: nullptr
2019/03/06-02:56:31.206895 7f7c060ae700   Options.memtable_insert_with_hint_prefix_extractor: nullptr
2019/03/06-02:56:31.206896 7f7c060ae700             Options.num_levels: 7
2019/03/06-02:56:31.206897 7f7c060ae700        Options.min_write_buffer_number_to_merge: 2
2019/03/06-02:56:31.206898 7f7c060ae700     Options.max_write_buffer_number_to_maintain: 0
2019/03/06-02:56:31.206899 7f7c060ae700            Options.compression_opts.window_bits: -14
2019/03/06-02:56:31.206900 7f7c060ae700                  Options.compression_opts.level: -1
2019/03/06-02:56:31.206901 7f7c060ae700               Options.compression_opts.strategy: 0
2019/03/06-02:56:31.206902 7f7c060ae700         Options.compression_opts.max_dict_bytes: 0
2019/03/06-02:56:31.206903 7f7c060ae700         Options.compression_opts.zstd_max_train_bytes: 0
2019/03/06-02:56:31.206904 7f7c060ae700      Options.level0_file_num_compaction_trigger: 2
2019/03/06-02:56:31.206905 7f7c060ae700          Options.level0_slowdown_writes_trigger: 20
2019/03/06-02:56:31.206906 7f7c060ae700              Options.level0_stop_writes_trigger: 36
2019/03/06-02:56:31.206906 7f7c060ae700                   Options.target_file_size_base: 67108864
2019/03/06-02:56:31.206907 7f7c060ae700             Options.target_file_size_multiplier: 1
2019/03/06-02:56:31.206908 7f7c060ae700                Options.max_bytes_for_level_base: 536870912
2019/03/06-02:56:31.206909 7f7c060ae700 Options.level_compaction_dynamic_level_bytes: 0
2019/03/06-02:56:31.206910 7f7c060ae700          Options.max_bytes_for_level_multiplier: 10.000000
2019/03/06-02:56:31.206914 7f7c060ae700 Options.max_bytes_for_level_multiplier_addtl[0]: 1
2019/03/06-02:56:31.206915 7f7c060ae700 Options.max_bytes_for_level_multiplier_addtl[1]: 1
2019/03/06-02:56:31.206916 7f7c060ae700 Options.max_bytes_for_level_multiplier_addtl[2]: 1
2019/03/06-02:56:31.206917 7f7c060ae700 Options.max_bytes_for_level_multiplier_addtl[3]: 1
2019/03/06-02:56:31.206918 7f7c060ae700 Options.max_bytes_for_level_multiplier_addtl[4]: 1
2019/03/06-02:56:31.206919 7f7c060ae700 Options.max_bytes_for_level_multiplier_addtl[5]: 1
2019/03/06-02:56:31.206920 7f7c060ae700 Options.max_bytes_for_level_multiplier_addtl[6]: 1
2019/03/06-02:56:31.206921 7f7c060ae700       Options.max_sequential_skip_in_iterations: 8
2019/03/06-02:56:31.206921 7f7c060ae700                    Options.max_compaction_bytes: 1677721600
2019/03/06-02:56:31.206922 7f7c060ae700                        Options.arena_block_size: 16777216
2019/03/06-02:56:31.206923 7f7c060ae700   Options.soft_pending_compaction_bytes_limit: 68719476736
2019/03/06-02:56:31.206924 7f7c060ae700   Options.hard_pending_compaction_bytes_limit: 274877906944
2019/03/06-02:56:31.206931 7f7c060ae700       Options.rate_limit_delay_max_milliseconds: 100
2019/03/06-02:56:31.206933 7f7c060ae700                Options.disable_auto_compactions: 0
2019/03/06-02:56:31.206935 7f7c060ae700                        Options.compaction_style: kCompactionStyleLevel
2019/03/06-02:56:31.206936 7f7c060ae700                          Options.compaction_pri: kByCompensatedSize
2019/03/06-02:56:31.206937 7f7c060ae700 Options.compaction_options_universal.size_ratio: 1
2019/03/06-02:56:31.206939 7f7c060ae700 Options.compaction_options_universal.min_merge_width: 2
2019/03/06-02:56:31.206940 7f7c060ae700 Options.compaction_options_universal.max_merge_width: 4294967295
2019/03/06-02:56:31.206941 7f7c060ae700 Options.compaction_options_universal.max_size_amplification_percent: 200
2019/03/06-02:56:31.206942 7f7c060ae700 Options.compaction_options_universal.compression_size_percent: -1
2019/03/06-02:56:31.206943 7f7c060ae700 Options.compaction_options_universal.stop_style: kCompactionStopStyleTotalSize
2019/03/06-02:56:31.206944 7f7c060ae700 Options.compaction_options_fifo.max_table_files_size: 1073741824
2019/03/06-02:56:31.206945 7f7c060ae700 Options.compaction_options_fifo.allow_compaction: 0
2019/03/06-02:56:31.206946 7f7c060ae700 Options.compaction_options_fifo.ttl: 0
2019/03/06-02:56:31.206947 7f7c060ae700                   Options.table_properties_collectors: 
2019/03/06-02:56:31.206948 7f7c060ae700                   Options.inplace_update_support: 0
2019/03/06-02:56:31.206949 7f7c060ae700                 Options.inplace_update_num_locks: 10000
2019/03/06-02:56:31.206950 7f7c060ae700               Options.memtable_prefix_bloom_size_ratio: 0.000000
2019/03/06-02:56:31.206952 7f7c060ae700   Options.memtable_huge_page_size: 0
2019/03/06-02:56:31.206953 7f7c060ae700                           Options.bloom_locality: 0
2019/03/06-02:56:31.206954 7f7c060ae700                    Options.max_successive_merges: 0
2019/03/06-02:56:31.206955 7f7c060ae700                Options.optimize_filters_for_hits: 0
2019/03/06-02:56:31.206955 7f7c060ae700                Options.paranoid_file_checks: 0
2019/03/06-02:56:31.206956 7f7c060ae700                Options.force_consistency_checks: 0
2019/03/06-02:56:31.206957 7f7c060ae700                Options.report_bg_io_stats: 0
2019/03/06-02:56:31.206958 7f7c060ae700                               Options.ttl: 0
2019/03/06-02:56:31.207669 7f7c060ae700 [db/version_set.cc:3361] Recovered from manifest file:/mnt/sdh/ycsb-rocksdb-data/MANIFEST-000001 succeeded,manifest_file_number is 1, next_file_number is 3, last_sequence is 0, log_number is 0,prev_log_number is 0,max_column_family is 0,min_log_number_to_keep is 0
2019/03/06-02:56:31.207675 7f7c060ae700 [db/version_set.cc:3369] Column family [default] (ID 0), log number is 0
2019/03/06-02:56:31.207881 7f7c060ae700 [db/version_set.cc:2847] Creating manifest 4
2019/03/06-02:56:31.295664 7f7c060ae700 [db/column_family.cc:475] --------------- Options for column family [usertable]:
2019/03/06-02:56:31.295669 7f7c060ae700               Options.comparator: leveldb.BytewiseComparator
2019/03/06-02:56:31.295670 7f7c060ae700           Options.merge_operator: None
2019/03/06-02:56:31.295671 7f7c060ae700        Options.compaction_filter: None
2019/03/06-02:56:31.295672 7f7c060ae700        Options.compaction_filter_factory: None
2019/03/06-02:56:31.295673 7f7c060ae700         Options.memtable_factory: SkipListFactory
2019/03/06-02:56:31.295675 7f7c060ae700            Options.table_factory: BlockBasedTable
2019/03/06-02:56:31.295703 7f7c060ae700            table_factory options:   flush_block_policy_factory: FlushBlockBySizePolicyFactory (0x7f7b3037a590)
  cache_index_and_filter_blocks: 0
  cache_index_and_filter_blocks_with_high_priority: 0
  pin_l0_filter_and_index_blocks_in_cache: 0
  index_type: 0
  hash_index_allow_collision: 1
  checksum: 1
  no_block_cache: 0
  block_cache: 0x7f7b3037b030
  block_cache_name: LRUCache
  block_cache_options:
    capacity : 8388608
    num_shard_bits : 4
    strict_capacity_limit : 0
    high_pri_pool_ratio: 0.000
  block_cache_compressed: (nil)
  persistent_cache: (nil)
  block_size: 8192
  block_size_deviation: 10
  block_restart_interval: 16
  index_block_restart_interval: 1
  metadata_block_size: 4096
  partition_filters: 0
  use_delta_encoding: 1
  filter_policy: nullptr
  whole_key_filtering: 1
  verify_compression: 0
  read_amp_bytes_per_bit: 0
  format_version: 2
  enable_index_compression: 1
  block_align: 0
2019/03/06-02:56:31.295706 7f7c060ae700        Options.write_buffer_size: 134217728
2019/03/06-02:56:31.295707 7f7c060ae700  Options.max_write_buffer_number: 24
2019/03/06-02:56:31.295708 7f7c060ae700        Options.compression[0]: NoCompression
2019/03/06-02:56:31.295709 7f7c060ae700        Options.compression[1]: NoCompression
2019/03/06-02:56:31.295710 7f7c060ae700        Options.compression[2]: LZ4
2019/03/06-02:56:31.295711 7f7c060ae700        Options.compression[3]: LZ4
2019/03/06-02:56:31.295712 7f7c060ae700        Options.compression[4]: LZ4
2019/03/06-02:56:31.295713 7f7c060ae700        Options.compression[5]: LZ4
2019/03/06-02:56:31.295714 7f7c060ae700        Options.compression[6]: LZ4
2019/03/06-02:56:31.295715 7f7c060ae700                  Options.bottommost_compression: Disabled
2019/03/06-02:56:31.295716 7f7c060ae700       Options.prefix_extractor: nullptr
2019/03/06-02:56:31.295717 7f7c060ae700   Options.memtable_insert_with_hint_prefix_extractor: nullptr
2019/03/06-02:56:31.295718 7f7c060ae700             Options.num_levels: 7
2019/03/06-02:56:31.295719 7f7c060ae700        Options.min_write_buffer_number_to_merge: 2
2019/03/06-02:56:31.295720 7f7c060ae700     Options.max_write_buffer_number_to_maintain: 0
2019/03/06-02:56:31.295721 7f7c060ae700            Options.compression_opts.window_bits: -14
2019/03/06-02:56:31.295722 7f7c060ae700                  Options.compression_opts.level: -1
2019/03/06-02:56:31.295723 7f7c060ae700               Options.compression_opts.strategy: 0
2019/03/06-02:56:31.295723 7f7c060ae700         Options.compression_opts.max_dict_bytes: 0
2019/03/06-02:56:31.295724 7f7c060ae700         Options.compression_opts.zstd_max_train_bytes: 0
2019/03/06-02:56:31.295725 7f7c060ae700      Options.level0_file_num_compaction_trigger: 2
2019/03/06-02:56:31.295726 7f7c060ae700          Options.level0_slowdown_writes_trigger: 20
2019/03/06-02:56:31.295727 7f7c060ae700              Options.level0_stop_writes_trigger: 36
2019/03/06-02:56:31.295728 7f7c060ae700                   Options.target_file_size_base: 67108864
2019/03/06-02:56:31.295729 7f7c060ae700             Options.target_file_size_multiplier: 1
2019/03/06-02:56:31.295730 7f7c060ae700                Options.max_bytes_for_level_base: 536870912
2019/03/06-02:56:31.295731 7f7c060ae700 Options.level_compaction_dynamic_level_bytes: 0
2019/03/06-02:56:31.295732 7f7c060ae700          Options.max_bytes_for_level_multiplier: 10.000000
2019/03/06-02:56:31.295735 7f7c060ae700 Options.max_bytes_for_level_multiplier_addtl[0]: 1
2019/03/06-02:56:31.295749 7f7c060ae700 Options.max_bytes_for_level_multiplier_addtl[1]: 1
2019/03/06-02:56:31.295751 7f7c060ae700 Options.max_bytes_for_level_multiplier_addtl[2]: 1
2019/03/06-02:56:31.295751 7f7c060ae700 Options.max_bytes_for_level_multiplier_addtl[3]: 1
2019/03/06-02:56:31.295752 7f7c060ae700 Options.max_bytes_for_level_multiplier_addtl[4]: 1
2019/03/06-02:56:31.295753 7f7c060ae700 Options.max_bytes_for_level_multiplier_addtl[5]: 1
2019/03/06-02:56:31.295754 7f7c060ae700 Options.max_bytes_for_level_multiplier_addtl[6]: 1
2019/03/06-02:56:31.295755 7f7c060ae700       Options.max_sequential_skip_in_iterations: 8
2019/03/06-02:56:31.295756 7f7c060ae700                    Options.max_compaction_bytes: 1677721600
2019/03/06-02:56:31.295757 7f7c060ae700                        Options.arena_block_size: 16777216
2019/03/06-02:56:31.295758 7f7c060ae700   Options.soft_pending_compaction_bytes_limit: 68719476736
2019/03/06-02:56:31.295759 7f7c060ae700   Options.hard_pending_compaction_bytes_limit: 274877906944
2019/03/06-02:56:31.295760 7f7c060ae700       Options.rate_limit_delay_max_milliseconds: 100
2019/03/06-02:56:31.295760 7f7c060ae700                Options.disable_auto_compactions: 0
2019/03/06-02:56:31.295763 7f7c060ae700                        Options.compaction_style: kCompactionStyleLevel
2019/03/06-02:56:31.295765 7f7c060ae700                          Options.compaction_pri: kByCompensatedSize
2019/03/06-02:56:31.295766 7f7c060ae700 Options.compaction_options_universal.size_ratio: 1
2019/03/06-02:56:31.295767 7f7c060ae700 Options.compaction_options_universal.min_merge_width: 2
2019/03/06-02:56:31.295768 7f7c060ae700 Options.compaction_options_universal.max_merge_width: 4294967295
2019/03/06-02:56:31.295769 7f7c060ae700 Options.compaction_options_universal.max_size_amplification_percent: 200
2019/03/06-02:56:31.295770 7f7c060ae700 Options.compaction_options_universal.compression_size_percent: -1
2019/03/06-02:56:31.295772 7f7c060ae700 Options.compaction_options_universal.stop_style: kCompactionStopStyleTotalSize
2019/03/06-02:56:31.295773 7f7c060ae700 Options.compaction_options_fifo.max_table_files_size: 1073741824
2019/03/06-02:56:31.295774 7f7c060ae700 Options.compaction_options_fifo.allow_compaction: 0
2019/03/06-02:56:31.295775 7f7c060ae700 Options.compaction_options_fifo.ttl: 0
2019/03/06-02:56:31.295775 7f7c060ae700                   Options.table_properties_collectors: 
2019/03/06-02:56:31.295776 7f7c060ae700                   Options.inplace_update_support: 0
2019/03/06-02:56:31.295777 7f7c060ae700                 Options.inplace_update_num_locks: 10000
2019/03/06-02:56:31.295778 7f7c060ae700               Options.memtable_prefix_bloom_size_ratio: 0.000000
2019/03/06-02:56:31.295780 7f7c060ae700   Options.memtable_huge_page_size: 0
2019/03/06-02:56:31.295781 7f7c060ae700                           Options.bloom_locality: 0
2019/03/06-02:56:31.295782 7f7c060ae700                    Options.max_successive_merges: 0
2019/03/06-02:56:31.295782 7f7c060ae700                Options.optimize_filters_for_hits: 0
2019/03/06-02:56:31.295783 7f7c060ae700                Options.paranoid_file_checks: 0
2019/03/06-02:56:31.295784 7f7c060ae700                Options.force_consistency_checks: 0
2019/03/06-02:56:31.295785 7f7c060ae700                Options.report_bg_io_stats: 0
2019/03/06-02:56:31.295786 7f7c060ae700                               Options.ttl: 0
2019/03/06-02:56:31.295838 7f7c060ae700 [db/db_impl.cc:1396] Created column family [usertable] (ID 1)
2019/03/06-02:56:31.396284 7f7c060ae700 [db/db_impl_open.cc:1219] DB pointer 0x7f7b303e90d0
2019/03/06-02:56:40.359136 7f7c060ae700 [db/db_impl_write.cc:1373] [usertable] New memtable created with log file: #9. Immutable memtables: 0.
2019/03/06-02:56:49.320539 7f7c060ae700 [db/db_impl_write.cc:1373] [usertable] New memtable created with log file: #10. Immutable memtables: 1.
2019/03/06-02:56:49.320690 7f7bb67fc700 [db/db_impl_compaction_flush.cc:80] [JOB 2] Syncing log #3
2019/03/06-02:56:50.041237 7f7bb67fc700 [db/db_impl_compaction_flush.cc:80] [JOB 2] Syncing log #9
2019/03/06-02:56:51.274701 7f7bb67fc700 (Original Log Time 2019/03/06-02:56:49.320630) [db/db_impl_compaction_flush.cc:1424] Calling FlushMemTableToOutputFile with column family [usertable], flush slots available 24, compaction slots available 1, flush slots scheduled 1, compaction slots scheduled 0
2019/03/06-02:56:51.274716 7f7bb67fc700 [db/flush_job.cc:301] [usertable] [JOB 2] Flushing memtable with next log file: 9
2019/03/06-02:56:51.274734 7f7bb67fc700 [db/flush_job.cc:301] [usertable] [JOB 2] Flushing memtable with next log file: 10
2019/03/06-02:56:51.274779 7f7bb67fc700 EVENT_LOG_v1 {"time_micros": 1551869811274764, "job": 2, "event": "flush_started", "num_memtables": 2, "num_entries": 62730, "num_deletes": 0, "memory_usage": 260119008, "flush_reason": "Write Buffer Full"}
2019/03/06-02:56:51.274789 7f7bb67fc700 [db/flush_job.cc:331] [usertable] [JOB 2] Level-0 flush table #11: started
2019/03/06-02:56:54.008896 7f7bb67fc700 EVENT_LOG_v1 {"time_micros": 1551869814008875, "cf_name": "usertable", "job": 2, "event": "table_file_creation", "file_number": 11, "file_size": 259789991, "table_properties": {"data_size": 258635790, "index_size": 1153274, "filter_size": 0, "raw_key_size": 1505520, "raw_average_key_size": 24, "raw_value_size": 256942080, "raw_average_value_size": 4096, "num_data_blocks": 31365, "num_entries": 62730, "filter_policy_name": "", "kDeletedKeys": "0", "kMergeOperands": "0"}}
2019/03/06-02:56:54.008925 7f7bb67fc700 [db/flush_job.cc:371] [usertable] [JOB 2] Level-0 flush table #11: 259789991 bytes OK
2019/03/06-02:56:54.052707 7f7bb67fc700 (Original Log Time 2019/03/06-02:56:54.008949) [db/memtable_list.cc:377] [usertable] Level-0 commit table #11 started
2019/03/06-02:56:54.052710 7f7bb67fc700 (Original Log Time 2019/03/06-02:56:54.052624) [db/memtable_list.cc:409] [usertable] Level-0 commit table #11: memtable #1 done
2019/03/06-02:56:54.052712 7f7bb67fc700 (Original Log Time 2019/03/06-02:56:54.052632) [db/memtable_list.cc:409] [usertable] Level-0 commit table #11: memtable #2 done
2019/03/06-02:56:54.052714 7f7bb67fc700 (Original Log Time 2019/03/06-02:56:54.052647) EVENT_LOG_v1 {"time_micros": 1551869814052640, "job": 2, "event": "flush_finished", "output_compression": "NoCompression", "lsm_state": [1, 0, 0, 0, 0, 0, 0], "immutable_memtables": 0}
2019/03/06-02:56:54.052715 7f7bb67fc700 (Original Log Time 2019/03/06-02:56:54.052671) [db/db_impl_compaction_flush.cc:177] [usertable] Level summary: base level 1 max bytes base 536870912 files[1 0 0 0 0 0 0] max score 0.50
2019/03/06-02:56:54.052726 7f7bb67fc700 [db/db_impl_files.cc:347] [JOB 2] Try to delete WAL files size 259012170, prev total WAL file size 327404926, number of live WAL files 3.
2019/03/06-02:56:58.281985 7f7c060ae700 [db/db_impl_write.cc:1373] [usertable] New memtable created with log file: #12. Immutable memtables: 0.
2019/03/06-02:57:07.243371 7f7c060ae700 [db/db_impl_write.cc:1373] [usertable] New memtable created with log file: #13. Immutable memtables: 1.
2019/03/06-02:57:07.243534 7f7bcf7fe700 [db/db_impl_compaction_flush.cc:80] [JOB 3] Syncing log #10
2019/03/06-02:57:08.642296 7f7bcf7fe700 [db/db_impl_compaction_flush.cc:80] [JOB 3] Syncing log #12
2019/03/06-02:57:09.964685 7f7bcf7fe700 (Original Log Time 2019/03/06-02:57:07.243514) [db/db_impl_compaction_flush.cc:1424] Calling FlushMemTableToOutputFile with column family [usertable], flush slots available 24, compaction slots available 1, flush slots scheduled 1, compaction slots scheduled 0
2019/03/06-02:57:09.964702 7f7bcf7fe700 [db/flush_job.cc:301] [usertable] [JOB 3] Flushing memtable with next log file: 12
2019/03/06-02:57:09.964709 7f7bcf7fe700 [db/flush_job.cc:301] [usertable] [JOB 3] Flushing memtable with next log file: 13
2019/03/06-02:57:09.964743 7f7bcf7fe700 EVENT_LOG_v1 {"time_micros": 1551869829964735, "job": 3, "event": "flush_started", "num_memtables": 2, "num_entries": 62730, "num_deletes": 0, "memory_usage": 260074952, "flush_reason": "Write Buffer Full"}
2019/03/06-02:57:09.964750 7f7bcf7fe700 [db/flush_job.cc:331] [usertable] [JOB 3] Level-0 flush table #14: started
2019/03/06-02:57:12.698964 7f7bcf7fe700 EVENT_LOG_v1 {"time_micros": 1551869832698941, "cf_name": "usertable", "job": 3, "event": "table_file_creation", "file_number": 14, "file_size": 259789989, "table_properties": {"data_size": 258635790, "index_size": 1153272, "filter_size": 0, "raw_key_size": 1505520, "raw_average_key_size": 24, "raw_value_size": 256942080, "raw_average_value_size": 4096, "num_data_blocks": 31365, "num_entries": 62730, "filter_policy_name": "", "kDeletedKeys": "0", "kMergeOperands": "0"}}
2019/03/06-02:57:12.698985 7f7bcf7fe700 [db/flush_job.cc:371] [usertable] [JOB 3] Level-0 flush table #14: 259789989 bytes OK
2019/03/06-02:57:12.753900 7f7bcf7fe700 (Original Log Time 2019/03/06-02:57:12.698999) [db/memtable_list.cc:377] [usertable] Level-0 commit table #14 started
2019/03/06-02:57:12.753905 7f7bcf7fe700 (Original Log Time 2019/03/06-02:57:12.753827) [db/memtable_list.cc:409] [usertable] Level-0 commit table #14: memtable #1 done
2019/03/06-02:57:12.753911 7f7bcf7fe700 (Original Log Time 2019/03/06-02:57:12.753829) [db/memtable_list.cc:409] [usertable] Level-0 commit table #14: memtable #2 done
2019/03/06-02:57:12.753913 7f7bcf7fe700 (Original Log Time 2019/03/06-02:57:12.753843) EVENT_LOG_v1 {"time_micros": 1551869832753837, "job": 3, "event": "flush_finished", "output_compression": "NoCompression", "lsm_state": [2, 0, 0, 0, 0, 0, 0], "immutable_memtables": 0}
2019/03/06-02:57:12.753916 7f7bcf7fe700 (Original Log Time 2019/03/06-02:57:12.753878) [db/db_impl_compaction_flush.cc:177] [usertable] Level summary: base level 1 max bytes base 536870912 files[2 0 0 0 0 0 0] max score 1.00
2019/03/06-02:57:12.753928 7f7bcf7fe700 [db/db_impl_files.cc:347] [JOB 3] Try to delete WAL files size 259012170, prev total WAL file size 338652322, number of live WAL files 3.
2019/03/06-02:57:12.754163 7f7bcffff700 [WARN] [db/db_impl.cc:491] ------- DUMPING STATS -------
2019/03/06-02:57:12.754778 7f7bcffff700 [WARN] [db/db_impl.cc:492] 
** DB Stats **
Uptime(secs): 41.5 total, 41.5 interval
Cumulative writes: 144K writes, 144K keys, 144K commit groups, 1.0 writes per commit group, ingest: 0.56 GB, 13.72 MB/s
Cumulative WAL: 144K writes, 0 syncs, 144748.00 writes per sync, written: 0.56 GB, 13.72 MB/s
Cumulative stall: 00:00:0.000 H:M:S, 0.0 percent
Interval writes: 144K writes, 144K keys, 144K commit groups, 1.0 writes per commit group, ingest: 569.98 MB, 13.72 MB/s
Interval WAL: 144K writes, 0 syncs, 144748.00 writes per sync, written: 0.56 MB, 13.72 MB/s
Interval stall: 00:00:0.000 H:M:S, 0.0 percent

** Compaction Stats [default] **
Level    Files   Size     Score Read(GB)  Rn(GB) Rnp1(GB) Write(GB) Wnew(GB) Moved(GB) W-Amp Rd(MB/s) Wr(MB/s) Comp(sec) Comp(cnt) Avg(sec) KeyIn KeyDrop
----------------------------------------------------------------------------------------------------------------------------------------------------------
 Sum      0/0    0.00 KB   0.0      0.0     0.0      0.0       0.0      0.0       0.0   0.0      0.0      0.0         0         0    0.000       0      0
 Int      0/0    0.00 KB   0.0      0.0     0.0      0.0       0.0      0.0       0.0   0.0      0.0      0.0         0         0    0.000       0      0
Uptime(secs): 41.5 total, 41.5 interval
Flush(GB): cumulative 0.000, interval 0.000
AddFile(GB): cumulative 0.000, interval 0.000
AddFile(Total Files): cumulative 0, interval 0
AddFile(L0 Files): cumulative 0, interval 0
AddFile(Keys): cumulative 0, interval 0
Cumulative compaction: 0.00 GB write, 0.00 MB/s write, 0.00 GB read, 0.00 MB/s read, 0.0 seconds
Interval compaction: 0.00 GB write, 0.00 MB/s write, 0.00 GB read, 0.00 MB/s read, 0.0 seconds
Stalls(count): 0 level0_slowdown, 0 level0_slowdown_with_compaction, 0 level0_numfiles, 0 level0_numfiles_with_compaction, 0 stop for pending_compaction_bytes, 0 slowdown for pending_compaction_bytes, 0 memtable_compaction, 0 memtable_slowdown, interval 0 total count

** File Read Latency Histogram By Level [default] **

** Compaction Stats [usertable] **
Level    Files   Size     Score Read(GB)  Rn(GB) Rnp1(GB) Write(GB) Wnew(GB) Moved(GB) W-Amp Rd(MB/s) Wr(MB/s) Comp(sec) Comp(cnt) Avg(sec) KeyIn KeyDrop
----------------------------------------------------------------------------------------------------------------------------------------------------------
  L0      2/0   495.51 MB   1.0      0.0     0.0      0.0       0.5      0.5       0.0   1.0      0.0     90.6         5         2    2.734       0      0
 Sum      2/0   495.51 MB   0.0      0.0     0.0      0.0       0.5      0.5       0.0   1.0      0.0     90.6         5         2    2.734       0      0
 Int      0/0    0.00 KB   0.0      0.0     0.0      0.0       0.5      0.5       0.0   1.0      0.0     90.6         5         2    2.734       0      0
Uptime(secs): 41.5 total, 41.5 interval
Flush(GB): cumulative 0.484, interval 0.484
AddFile(GB): cumulative 0.000, interval 0.000
AddFile(Total Files): cumulative 0, interval 0
AddFile(L0 Files): cumulative 0, interval 0
AddFile(Keys): cumulative 0, interval 0
Cumulative compaction: 0.48 GB write, 11.95 MB/s write, 0.00 GB read, 0.00 MB/s read, 5.5 seconds
Interval compaction: 0.48 GB write, 11.95 MB/s write, 0.00 GB read, 0.00 MB/s read, 5.5 seconds
Stalls(count): 0 level0_slowdown, 0 level0_slowdown_with_compaction, 0 level0_numfiles, 0 level0_numfiles_with_compaction, 0 stop for pending_compaction_bytes, 0 slowdown for pending_compaction_bytes, 0 memtable_compaction, 0 memtable_slowdown, interval 0 total count

** File Read Latency Histogram By Level [usertable] **

** Compaction Stats [default] **
Level    Files   Size     Score Read(GB)  Rn(GB) Rnp1(GB) Write(GB) Wnew(GB) Moved(GB) W-Amp Rd(MB/s) Wr(MB/s) Comp(sec) Comp(cnt) Avg(sec) KeyIn KeyDrop
----------------------------------------------------------------------------------------------------------------------------------------------------------
 Sum      0/0    0.00 KB   0.0      0.0     0.0      0.0       0.0      0.0       0.0   0.0      0.0      0.0         0         0    0.000       0      0
 Int      0/0    0.00 KB   0.0      0.0     0.0      0.0       0.0      0.0       0.0   0.0      0.0      0.0         0         0    0.000       0      0
Uptime(secs): 41.5 total, 0.0 interval
Flush(GB): cumulative 0.000, interval 0.000
AddFile(GB): cumulative 0.000, interval 0.000
AddFile(Total Files): cumulative 0, interval 0
AddFile(L0 Files): cumulative 0, interval 0
AddFile(Keys): cumulative 0, interval 0
Cumulative compaction: 0.00 GB write, 0.00 MB/s write, 0.00 GB read, 0.00 MB/s read, 0.0 seconds
Interval compaction: 0.00 GB write, 0.00 MB/s write, 0.00 GB read, 0.00 MB/s read, 0.0 seconds
Stalls(count): 0 level0_slowdown, 0 level0_slowdown_with_compaction, 0 level0_numfiles, 0 level0_numfiles_with_compaction, 0 stop for pending_compaction_bytes, 0 slowdown for pending_compaction_bytes, 0 memtable_compaction, 0 memtable_slowdown, interval 0 total count

** File Read Latency Histogram By Level [default] **

** Compaction Stats [usertable] **
Level    Files   Size     Score Read(GB)  Rn(GB) Rnp1(GB) Write(GB) Wnew(GB) Moved(GB) W-Amp Rd(MB/s) Wr(MB/s) Comp(sec) Comp(cnt) Avg(sec) KeyIn KeyDrop
----------------------------------------------------------------------------------------------------------------------------------------------------------
  L0      2/0   495.51 MB   1.0      0.0     0.0      0.0       0.5      0.5       0.0   1.0      0.0     90.6         5         2    2.734       0      0
 Sum      2/0   495.51 MB   0.0      0.0     0.0      0.0       0.5      0.5       0.0   1.0      0.0     90.6         5         2    2.734       0      0
 Int      0/0    0.00 KB   0.0      0.0     0.0      0.0       0.0      0.0       0.0   0.0      0.0      0.0         0         0    0.000       0      0
Uptime(secs): 41.5 total, 0.0 interval
Flush(GB): cumulative 0.484, interval 0.000
AddFile(GB): cumulative 0.000, interval 0.000
AddFile(Total Files): cumulative 0, interval 0
AddFile(L0 Files): cumulative 0, interval 0
AddFile(Keys): cumulative 0, interval 0
Cumulative compaction: 0.48 GB write, 11.95 MB/s write, 0.00 GB read, 0.00 MB/s read, 5.5 seconds
Interval compaction: 0.00 GB write, 0.00 MB/s write, 0.00 GB read, 0.00 MB/s read, 0.0 seconds
Stalls(count): 0 level0_slowdown, 0 level0_slowdown_with_compaction, 0 level0_numfiles, 0 level0_numfiles_with_compaction, 0 stop for pending_compaction_bytes, 0 slowdown for pending_compaction_bytes, 0 memtable_compaction, 0 memtable_slowdown, interval 0 total count

** File Read Latency Histogram By Level [usertable] **
2019/03/06-02:57:12.798443 7f7bcffff700 (Original Log Time 2019/03/06-02:57:12.757442) [db/db_impl_compaction_flush.cc:1835] [usertable] Moving #11 to level-1 259789991 bytes
2019/03/06-02:57:12.798448 7f7bcffff700 (Original Log Time 2019/03/06-02:57:12.798394) EVENT_LOG_v1 {"time_micros": 1551869832798383, "job": 4, "event": "trivial_move", "destination_level": 1, "files": 1, "total_files_size": 259789991}
2019/03/06-02:57:12.798450 7f7bcffff700 (Original Log Time 2019/03/06-02:57:12.798410) [db/db_impl_compaction_flush.cc:1864] [usertable] Moved #1 files to level-1 259789991 bytes OK: base level 1 max bytes base 536870912 files[1 1 0 0 0 0 0] max score 0.50
2019/03/06-02:57:16.204793 7f7c060ae700 [db/db_impl_write.cc:1373] [usertable] New memtable created with log file: #15. Immutable memtables: 0.
2019/03/06-02:57:25.166202 7f7c060ae700 [db/db_impl_write.cc:1373] [usertable] New memtable created with log file: #16. Immutable memtables: 1.
2019/03/06-02:57:25.166301 7f7bceffd700 [db/db_impl_compaction_flush.cc:80] [JOB 5] Syncing log #13
2019/03/06-02:57:26.587965 7f7bceffd700 [db/db_impl_compaction_flush.cc:80] [JOB 5] Syncing log #15
2019/03/06-02:57:27.932554 7f7bceffd700 (Original Log Time 2019/03/06-02:57:25.166284) [db/db_impl_compaction_flush.cc:1424] Calling FlushMemTableToOutputFile with column family [usertable], flush slots available 24, compaction slots available 1, flush slots scheduled 1, compaction slots scheduled 0
2019/03/06-02:57:27.932573 7f7bceffd700 [db/flush_job.cc:301] [usertable] [JOB 5] Flushing memtable with next log file: 15
2019/03/06-02:57:27.932580 7f7bceffd700 [db/flush_job.cc:301] [usertable] [JOB 5] Flushing memtable with next log file: 16
2019/03/06-02:57:27.932611 7f7bceffd700 EVENT_LOG_v1 {"time_micros": 1551869847932602, "job": 5, "event": "flush_started", "num_memtables": 2, "num_entries": 62730, "num_deletes": 0, "memory_usage": 260053904, "flush_reason": "Write Buffer Full"}
2019/03/06-02:57:27.932617 7f7bceffd700 [db/flush_job.cc:331] [usertable] [JOB 5] Level-0 flush table #17: started
2019/03/06-02:57:30.890902 7f7bceffd700 EVENT_LOG_v1 {"time_micros": 1551869850890882, "cf_name": "usertable", "job": 5, "event": "table_file_creation", "file_number": 17, "file_size": 259789990, "table_properties": {"data_size": 258635790, "index_size": 1153273, "filter_size": 0, "raw_key_size": 1505520, "raw_average_key_size": 24, "raw_value_size": 256942080, "raw_average_value_size": 4096, "num_data_blocks": 31365, "num_entries": 62730, "filter_policy_name": "", "kDeletedKeys": "0", "kMergeOperands": "0"}}
2019/03/06-02:57:30.890923 7f7bceffd700 [db/flush_job.cc:371] [usertable] [JOB 5] Level-0 flush table #17: 259789990 bytes OK
2019/03/06-02:57:30.934762 7f7bceffd700 (Original Log Time 2019/03/06-02:57:30.890936) [db/memtable_list.cc:377] [usertable] Level-0 commit table #17 started
2019/03/06-02:57:30.934766 7f7bceffd700 (Original Log Time 2019/03/06-02:57:30.934702) [db/memtable_list.cc:409] [usertable] Level-0 commit table #17: memtable #1 done
2019/03/06-02:57:30.934767 7f7bceffd700 (Original Log Time 2019/03/06-02:57:30.934705) [db/memtable_list.cc:409] [usertable] Level-0 commit table #17: memtable #2 done
2019/03/06-02:57:30.934771 7f7bceffd700 (Original Log Time 2019/03/06-02:57:30.934718) EVENT_LOG_v1 {"time_micros": 1551869850934712, "job": 5, "event": "flush_finished", "output_compression": "NoCompression", "lsm_state": [2, 1, 0, 0, 0, 0, 0], "immutable_memtables": 0}
2019/03/06-02:57:30.934773 7f7bceffd700 (Original Log Time 2019/03/06-02:57:30.934744) [db/db_impl_compaction_flush.cc:177] [usertable] Level summary: base level 1 max bytes base 536870912 files[2 1 0 0 0 0 0] max score 1.00
