2018/12/02-14:50:23.990847 7fdb58df2700 RocksDB version: 5.14.3
2018/12/02-14:50:23.990911 7fdb58df2700 Git sha rocksdb_build_git_sha:
2018/12/02-14:50:23.990914 7fdb58df2700 Compile date Nov 30 2018
2018/12/02-14:50:23.990918 7fdb58df2700 DB SUMMARY
2018/12/02-14:50:23.991352 7fdb58df2700 CURRENT file:  CURRENT
2018/12/02-14:50:23.991354 7fdb58df2700 IDENTITY file:  IDENTITY
2018/12/02-14:50:23.991369 7fdb58df2700 MANIFEST file:  MANIFEST-000004 size: 125913 Bytes
2018/12/02-14:50:23.991372 7fdb58df2700 SST files in /mnt/sda/ycsb-rocksdb-data dir, Total Num: 694, files: 000021.sst 000022.sst 000023.sst 000024.sst 000028.sst 000029.sst 000030.sst 000031.sst 000035.sst 
2018/12/02-14:50:23.991374 7fdb58df2700 Write Ahead Log file in /mnt/sda/ycsb-rocksdb-data: 001258.log size: 129815394 ; 001264.log size: 87754752 ; 
2018/12/02-14:50:23.991378 7fdb58df2700                         Options.error_if_exists: 0
2018/12/02-14:50:23.991380 7fdb58df2700                       Options.create_if_missing: 1
2018/12/02-14:50:23.991381 7fdb58df2700                         Options.paranoid_checks: 1
2018/12/02-14:50:23.991382 7fdb58df2700                                     Options.env: 0x7fdaa317b2c0
2018/12/02-14:50:23.991383 7fdb58df2700                                Options.info_log: 0x7fdb043b89d0
2018/12/02-14:50:23.991384 7fdb58df2700                Options.max_file_opening_threads: 16
2018/12/02-14:50:23.991385 7fdb58df2700                              Options.statistics: (nil)
2018/12/02-14:50:23.991386 7fdb58df2700                               Options.use_fsync: 0
2018/12/02-14:50:23.991387 7fdb58df2700                       Options.max_log_file_size: 0
2018/12/02-14:50:23.991388 7fdb58df2700                  Options.max_manifest_file_size: 18446744073709551615
2018/12/02-14:50:23.991389 7fdb58df2700                   Options.log_file_time_to_roll: 0
2018/12/02-14:50:23.991390 7fdb58df2700                       Options.keep_log_file_num: 1000
2018/12/02-14:50:23.991391 7fdb58df2700                    Options.recycle_log_file_num: 0
2018/12/02-14:50:23.991392 7fdb58df2700                         Options.allow_fallocate: 1
2018/12/02-14:50:23.991393 7fdb58df2700                        Options.allow_mmap_reads: 0
2018/12/02-14:50:23.991394 7fdb58df2700                       Options.allow_mmap_writes: 0
2018/12/02-14:50:23.991395 7fdb58df2700                        Options.use_direct_reads: 0
2018/12/02-14:50:23.991395 7fdb58df2700                        Options.use_direct_io_for_flush_and_compaction: 0
2018/12/02-14:50:23.991396 7fdb58df2700          Options.create_missing_column_families: 1
2018/12/02-14:50:23.991397 7fdb58df2700                              Options.db_log_dir: 
2018/12/02-14:50:23.991398 7fdb58df2700                                 Options.wal_dir: /mnt/sda/ycsb-rocksdb-data
2018/12/02-14:50:23.991399 7fdb58df2700                Options.table_cache_numshardbits: 6
2018/12/02-14:50:23.991400 7fdb58df2700                      Options.max_subcompactions: 4
2018/12/02-14:50:23.991401 7fdb58df2700                  Options.max_background_flushes: 24
2018/12/02-14:50:23.991402 7fdb58df2700                         Options.WAL_ttl_seconds: 0
2018/12/02-14:50:23.991403 7fdb58df2700                       Options.WAL_size_limit_MB: 0
2018/12/02-14:50:23.991404 7fdb58df2700             Options.manifest_preallocation_size: 4194304
2018/12/02-14:50:23.991405 7fdb58df2700                     Options.is_fd_close_on_exec: 1
2018/12/02-14:50:23.991406 7fdb58df2700                   Options.advise_random_on_open: 1
2018/12/02-14:50:23.991407 7fdb58df2700                    Options.db_write_buffer_size: 0
2018/12/02-14:50:23.991408 7fdb58df2700                    Options.write_buffer_manager: 0x7fdb043b4840
2018/12/02-14:50:23.991409 7fdb58df2700         Options.access_hint_on_compaction_start: 1
2018/12/02-14:50:23.991410 7fdb58df2700  Options.new_table_reader_for_compaction_inputs: 0
2018/12/02-14:50:23.991411 7fdb58df2700           Options.random_access_max_buffer_size: 1048576
2018/12/02-14:50:23.991412 7fdb58df2700                      Options.use_adaptive_mutex: 0
2018/12/02-14:50:23.991413 7fdb58df2700                            Options.rate_limiter: (nil)
2018/12/02-14:50:23.991425 7fdb58df2700     Options.sst_file_manager.rate_bytes_per_sec: 0
2018/12/02-14:50:23.991427 7fdb58df2700                       Options.wal_recovery_mode: 2
2018/12/02-14:50:23.991428 7fdb58df2700                  Options.enable_thread_tracking: 0
2018/12/02-14:50:23.991429 7fdb58df2700                  Options.enable_pipelined_write: 1
2018/12/02-14:50:23.991430 7fdb58df2700         Options.allow_concurrent_memtable_write: 1
2018/12/02-14:50:23.991431 7fdb58df2700      Options.enable_write_thread_adaptive_yield: 1
2018/12/02-14:50:23.991432 7fdb58df2700             Options.write_thread_max_yield_usec: 100
2018/12/02-14:50:23.991433 7fdb58df2700            Options.write_thread_slow_yield_usec: 3
2018/12/02-14:50:23.991434 7fdb58df2700                               Options.row_cache: None
2018/12/02-14:50:23.991435 7fdb58df2700                              Options.wal_filter: None
2018/12/02-14:50:23.991436 7fdb58df2700             Options.avoid_flush_during_recovery: 0
2018/12/02-14:50:23.991437 7fdb58df2700             Options.allow_ingest_behind: 0
2018/12/02-14:50:23.991438 7fdb58df2700             Options.preserve_deletes: 0
2018/12/02-14:50:23.991439 7fdb58df2700             Options.two_write_queues: 0
2018/12/02-14:50:23.991440 7fdb58df2700             Options.manual_wal_flush: 0
2018/12/02-14:50:23.991441 7fdb58df2700             Options.max_background_jobs: 24
2018/12/02-14:50:23.991442 7fdb58df2700             Options.max_background_compactions: 24
2018/12/02-14:50:23.991443 7fdb58df2700             Options.avoid_flush_during_shutdown: 0
2018/12/02-14:50:23.991444 7fdb58df2700           Options.writable_file_max_buffer_size: 1048576
2018/12/02-14:50:23.991445 7fdb58df2700             Options.delayed_write_rate : 16777216
2018/12/02-14:50:23.991446 7fdb58df2700             Options.max_total_wal_size: 0
2018/12/02-14:50:23.991447 7fdb58df2700             Options.delete_obsolete_files_period_micros: 21600000000
2018/12/02-14:50:23.991448 7fdb58df2700                   Options.stats_dump_period_sec: 60
2018/12/02-14:50:23.991449 7fdb58df2700                          Options.max_open_files: -1
2018/12/02-14:50:23.991450 7fdb58df2700                          Options.bytes_per_sync: 1048576
2018/12/02-14:50:23.991451 7fdb58df2700                      Options.wal_bytes_per_sync: 0
2018/12/02-14:50:23.991452 7fdb58df2700       Options.compaction_readahead_size: 0
2018/12/02-14:50:23.991453 7fdb58df2700 Compression algorithms supported:
2018/12/02-14:50:23.991455 7fdb58df2700 	kZSTDNotFinalCompression supported: 1
2018/12/02-14:50:23.991465 7fdb58df2700 	kZSTD supported: 1
2018/12/02-14:50:23.991466 7fdb58df2700 	kXpressCompression supported: 0
2018/12/02-14:50:23.991467 7fdb58df2700 	kLZ4HCCompression supported: 1
2018/12/02-14:50:23.991468 7fdb58df2700 	kLZ4Compression supported: 1
2018/12/02-14:50:23.991470 7fdb58df2700 	kBZip2Compression supported: 1
2018/12/02-14:50:23.991471 7fdb58df2700 	kZlibCompression supported: 1
2018/12/02-14:50:23.991472 7fdb58df2700 	kSnappyCompression supported: 1
2018/12/02-14:50:23.991476 7fdb58df2700 Fast CRC32 supported: Supported on x86
2018/12/02-14:50:23.991924 7fdb58df2700 [db/version_set.cc:3085] Recovering from manifest file: MANIFEST-000004
2018/12/02-14:50:23.992016 7fdb58df2700 [db/column_family.cc:475] --------------- Options for column family [default]:
2018/12/02-14:50:23.992020 7fdb58df2700               Options.comparator: leveldb.BytewiseComparator
2018/12/02-14:50:23.992021 7fdb58df2700           Options.merge_operator: None
2018/12/02-14:50:23.992022 7fdb58df2700        Options.compaction_filter: None
2018/12/02-14:50:23.992023 7fdb58df2700        Options.compaction_filter_factory: None
2018/12/02-14:50:23.992024 7fdb58df2700         Options.memtable_factory: SkipListFactory
2018/12/02-14:50:23.992025 7fdb58df2700            Options.table_factory: BlockBasedTable
2018/12/02-14:50:23.992051 7fdb58df2700            table_factory options:   flush_block_policy_factory: FlushBlockBySizePolicyFactory (0x7fdb0437a680)
  cache_index_and_filter_blocks: 0
  cache_index_and_filter_blocks_with_high_priority: 0
  pin_l0_filter_and_index_blocks_in_cache: 0
  index_type: 0
  hash_index_allow_collision: 1
  checksum: 1
  no_block_cache: 0
  block_cache: 0x7fdb04386020
  block_cache_name: LRUCache
  block_cache_options:
    capacity : 8388608
    num_shard_bits : 4
    strict_capacity_limit : 0
    high_pri_pool_ratio: 0.000
  block_cache_compressed: (nil)
  persistent_cache: (nil)
  block_size: 8192
  block_size_deviation: 10
  block_restart_interval: 16
  index_block_restart_interval: 1
  metadata_block_size: 4096
  partition_filters: 0
  use_delta_encoding: 1
  filter_policy: nullptr
  whole_key_filtering: 1
  verify_compression: 0
  read_amp_bytes_per_bit: 0
  format_version: 2
  enable_index_compression: 1
  block_align: 0
2018/12/02-14:50:23.992063 7fdb58df2700        Options.write_buffer_size: 134217728
2018/12/02-14:50:23.992065 7fdb58df2700  Options.max_write_buffer_number: 24
2018/12/02-14:50:23.992066 7fdb58df2700        Options.compression[0]: NoCompression
2018/12/02-14:50:23.992068 7fdb58df2700        Options.compression[1]: NoCompression
2018/12/02-14:50:23.992069 7fdb58df2700        Options.compression[2]: LZ4
2018/12/02-14:50:23.992070 7fdb58df2700        Options.compression[3]: LZ4
2018/12/02-14:50:23.992071 7fdb58df2700        Options.compression[4]: LZ4
2018/12/02-14:50:23.992072 7fdb58df2700        Options.compression[5]: LZ4
2018/12/02-14:50:23.992073 7fdb58df2700        Options.compression[6]: LZ4
2018/12/02-14:50:23.992074 7fdb58df2700                  Options.bottommost_compression: Disabled
2018/12/02-14:50:23.992075 7fdb58df2700       Options.prefix_extractor: nullptr
2018/12/02-14:50:23.992076 7fdb58df2700   Options.memtable_insert_with_hint_prefix_extractor: nullptr
2018/12/02-14:50:23.992077 7fdb58df2700             Options.num_levels: 7
2018/12/02-14:50:23.992078 7fdb58df2700        Options.min_write_buffer_number_to_merge: 2
2018/12/02-14:50:23.992079 7fdb58df2700     Options.max_write_buffer_number_to_maintain: 0
2018/12/02-14:50:23.992080 7fdb58df2700            Options.compression_opts.window_bits: -14
2018/12/02-14:50:23.992081 7fdb58df2700                  Options.compression_opts.level: -1
2018/12/02-14:50:23.992082 7fdb58df2700               Options.compression_opts.strategy: 0
2018/12/02-14:50:23.992083 7fdb58df2700         Options.compression_opts.max_dict_bytes: 0
2018/12/02-14:50:23.992084 7fdb58df2700         Options.compression_opts.zstd_max_train_bytes: 0
2018/12/02-14:50:23.992085 7fdb58df2700      Options.level0_file_num_compaction_trigger: 2
2018/12/02-14:50:23.992086 7fdb58df2700          Options.level0_slowdown_writes_trigger: 20
2018/12/02-14:50:23.992087 7fdb58df2700              Options.level0_stop_writes_trigger: 36
2018/12/02-14:50:23.992088 7fdb58df2700                   Options.target_file_size_base: 67108864
2018/12/02-14:50:23.992089 7fdb58df2700             Options.target_file_size_multiplier: 1
2018/12/02-14:50:23.992089 7fdb58df2700                Options.max_bytes_for_level_base: 536870912
2018/12/02-14:50:23.992090 7fdb58df2700 Options.level_compaction_dynamic_level_bytes: 0
2018/12/02-14:50:23.992091 7fdb58df2700          Options.max_bytes_for_level_multiplier: 10.000000
2018/12/02-14:50:23.992095 7fdb58df2700 Options.max_bytes_for_level_multiplier_addtl[0]: 1
2018/12/02-14:50:23.992096 7fdb58df2700 Options.max_bytes_for_level_multiplier_addtl[1]: 1
2018/12/02-14:50:23.992097 7fdb58df2700 Options.max_bytes_for_level_multiplier_addtl[2]: 1
2018/12/02-14:50:23.992098 7fdb58df2700 Options.max_bytes_for_level_multiplier_addtl[3]: 1
2018/12/02-14:50:23.992099 7fdb58df2700 Options.max_bytes_for_level_multiplier_addtl[4]: 1
2018/12/02-14:50:23.992100 7fdb58df2700 Options.max_bytes_for_level_multiplier_addtl[5]: 1
2018/12/02-14:50:23.992101 7fdb58df2700 Options.max_bytes_for_level_multiplier_addtl[6]: 1
2018/12/02-14:50:23.992101 7fdb58df2700       Options.max_sequential_skip_in_iterations: 8
2018/12/02-14:50:23.992102 7fdb58df2700                    Options.max_compaction_bytes: 1677721600
2018/12/02-14:50:23.992109 7fdb58df2700                        Options.arena_block_size: 16777216
2018/12/02-14:50:23.992111 7fdb58df2700   Options.soft_pending_compaction_bytes_limit: 68719476736
2018/12/02-14:50:23.992112 7fdb58df2700   Options.hard_pending_compaction_bytes_limit: 274877906944
2018/12/02-14:50:23.992113 7fdb58df2700       Options.rate_limit_delay_max_milliseconds: 100
2018/12/02-14:50:23.992114 7fdb58df2700                Options.disable_auto_compactions: 0
2018/12/02-14:50:23.992116 7fdb58df2700                        Options.compaction_style: kCompactionStyleLevel
2018/12/02-14:50:23.992117 7fdb58df2700                          Options.compaction_pri: kByCompensatedSize
2018/12/02-14:50:23.992119 7fdb58df2700 Options.compaction_options_universal.size_ratio: 1
2018/12/02-14:50:23.992119 7fdb58df2700 Options.compaction_options_universal.min_merge_width: 2
2018/12/02-14:50:23.992121 7fdb58df2700 Options.compaction_options_universal.max_merge_width: 4294967295
2018/12/02-14:50:23.992122 7fdb58df2700 Options.compaction_options_universal.max_size_amplification_percent: 200
2018/12/02-14:50:23.992123 7fdb58df2700 Options.compaction_options_universal.compression_size_percent: -1
2018/12/02-14:50:23.992124 7fdb58df2700 Options.compaction_options_universal.stop_style: kCompactionStopStyleTotalSize
2018/12/02-14:50:23.992125 7fdb58df2700 Options.compaction_options_fifo.max_table_files_size: 1073741824
2018/12/02-14:50:23.992126 7fdb58df2700 Options.compaction_options_fifo.allow_compaction: 0
2018/12/02-14:50:23.992127 7fdb58df2700 Options.compaction_options_fifo.ttl: 0
2018/12/02-14:50:23.992128 7fdb58df2700                   Options.table_properties_collectors: 
2018/12/02-14:50:23.992129 7fdb58df2700                   Options.inplace_update_support: 0
2018/12/02-14:50:23.992130 7fdb58df2700                 Options.inplace_update_num_locks: 10000
2018/12/02-14:50:23.992131 7fdb58df2700               Options.memtable_prefix_bloom_size_ratio: 0.000000
2018/12/02-14:50:23.992133 7fdb58df2700   Options.memtable_huge_page_size: 0
2018/12/02-14:50:23.992134 7fdb58df2700                           Options.bloom_locality: 0
2018/12/02-14:50:23.992135 7fdb58df2700                    Options.max_successive_merges: 0
2018/12/02-14:50:23.992136 7fdb58df2700                Options.optimize_filters_for_hits: 0
2018/12/02-14:50:23.992137 7fdb58df2700                Options.paranoid_file_checks: 0
2018/12/02-14:50:23.992138 7fdb58df2700                Options.force_consistency_checks: 0
2018/12/02-14:50:23.992139 7fdb58df2700                Options.report_bg_io_stats: 0
2018/12/02-14:50:23.992139 7fdb58df2700                               Options.ttl: 0
2018/12/02-14:50:23.992578 7fdb58df2700 [db/column_family.cc:475] --------------- Options for column family [usertable]:
2018/12/02-14:50:23.992581 7fdb58df2700               Options.comparator: leveldb.BytewiseComparator
2018/12/02-14:50:23.992582 7fdb58df2700           Options.merge_operator: None
2018/12/02-14:50:23.992583 7fdb58df2700        Options.compaction_filter: None
2018/12/02-14:50:23.992584 7fdb58df2700        Options.compaction_filter_factory: None
2018/12/02-14:50:23.992585 7fdb58df2700         Options.memtable_factory: SkipListFactory
2018/12/02-14:50:23.992586 7fdb58df2700            Options.table_factory: BlockBasedTable
2018/12/02-14:50:23.992609 7fdb58df2700            table_factory options:   flush_block_policy_factory: FlushBlockBySizePolicyFactory (0x7fdb0437a450)
  cache_index_and_filter_blocks: 0
  cache_index_and_filter_blocks_with_high_priority: 0
  pin_l0_filter_and_index_blocks_in_cache: 0
  index_type: 0
  hash_index_allow_collision: 1
  checksum: 1
  no_block_cache: 0
  block_cache: 0x7fdb0437a0b0
  block_cache_name: LRUCache
  block_cache_options:
    capacity : 8388608
    num_shard_bits : 4
    strict_capacity_limit : 0
    high_pri_pool_ratio: 0.000
  block_cache_compressed: (nil)
  persistent_cache: (nil)
  block_size: 8192
  block_size_deviation: 10
  block_restart_interval: 16
  index_block_restart_interval: 1
  metadata_block_size: 4096
  partition_filters: 0
  use_delta_encoding: 1
  filter_policy: nullptr
  whole_key_filtering: 1
  verify_compression: 0
  read_amp_bytes_per_bit: 0
  format_version: 2
  enable_index_compression: 1
  block_align: 0
2018/12/02-14:50:23.992620 7fdb58df2700        Options.write_buffer_size: 134217728
2018/12/02-14:50:23.992622 7fdb58df2700  Options.max_write_buffer_number: 24
2018/12/02-14:50:23.992623 7fdb58df2700        Options.compression[0]: NoCompression
2018/12/02-14:50:23.992624 7fdb58df2700        Options.compression[1]: NoCompression
2018/12/02-14:50:23.992625 7fdb58df2700        Options.compression[2]: LZ4
2018/12/02-14:50:23.992626 7fdb58df2700        Options.compression[3]: LZ4
2018/12/02-14:50:23.992627 7fdb58df2700        Options.compression[4]: LZ4
2018/12/02-14:50:23.992628 7fdb58df2700        Options.compression[5]: LZ4
2018/12/02-14:50:23.992629 7fdb58df2700        Options.compression[6]: LZ4
2018/12/02-14:50:23.992630 7fdb58df2700                  Options.bottommost_compression: Disabled
2018/12/02-14:50:23.992631 7fdb58df2700       Options.prefix_extractor: nullptr
2018/12/02-14:50:23.992632 7fdb58df2700   Options.memtable_insert_with_hint_prefix_extractor: nullptr
2018/12/02-14:50:23.992642 7fdb58df2700             Options.num_levels: 7
2018/12/02-14:50:23.992644 7fdb58df2700        Options.min_write_buffer_number_to_merge: 2
2018/12/02-14:50:23.992644 7fdb58df2700     Options.max_write_buffer_number_to_maintain: 0
2018/12/02-14:50:23.992645 7fdb58df2700            Options.compression_opts.window_bits: -14
2018/12/02-14:50:23.992646 7fdb58df2700                  Options.compression_opts.level: -1
2018/12/02-14:50:23.992647 7fdb58df2700               Options.compression_opts.strategy: 0
2018/12/02-14:50:23.992648 7fdb58df2700         Options.compression_opts.max_dict_bytes: 0
2018/12/02-14:50:23.992649 7fdb58df2700         Options.compression_opts.zstd_max_train_bytes: 0
2018/12/02-14:50:23.992650 7fdb58df2700      Options.level0_file_num_compaction_trigger: 2
2018/12/02-14:50:23.992651 7fdb58df2700          Options.level0_slowdown_writes_trigger: 20
2018/12/02-14:50:23.992652 7fdb58df2700              Options.level0_stop_writes_trigger: 36
2018/12/02-14:50:23.992653 7fdb58df2700                   Options.target_file_size_base: 67108864
2018/12/02-14:50:23.992654 7fdb58df2700             Options.target_file_size_multiplier: 1
2018/12/02-14:50:23.992654 7fdb58df2700                Options.max_bytes_for_level_base: 536870912
2018/12/02-14:50:23.992655 7fdb58df2700 Options.level_compaction_dynamic_level_bytes: 0
2018/12/02-14:50:23.992656 7fdb58df2700          Options.max_bytes_for_level_multiplier: 10.000000
2018/12/02-14:50:23.992658 7fdb58df2700 Options.max_bytes_for_level_multiplier_addtl[0]: 1
2018/12/02-14:50:23.992660 7fdb58df2700 Options.max_bytes_for_level_multiplier_addtl[1]: 1
2018/12/02-14:50:23.992660 7fdb58df2700 Options.max_bytes_for_level_multiplier_addtl[2]: 1
2018/12/02-14:50:23.992661 7fdb58df2700 Options.max_bytes_for_level_multiplier_addtl[3]: 1
2018/12/02-14:50:23.992662 7fdb58df2700 Options.max_bytes_for_level_multiplier_addtl[4]: 1
2018/12/02-14:50:23.992663 7fdb58df2700 Options.max_bytes_for_level_multiplier_addtl[5]: 1
2018/12/02-14:50:23.992664 7fdb58df2700 Options.max_bytes_for_level_multiplier_addtl[6]: 1
2018/12/02-14:50:23.992665 7fdb58df2700       Options.max_sequential_skip_in_iterations: 8
2018/12/02-14:50:23.992666 7fdb58df2700                    Options.max_compaction_bytes: 1677721600
2018/12/02-14:50:23.992667 7fdb58df2700                        Options.arena_block_size: 16777216
2018/12/02-14:50:23.992668 7fdb58df2700   Options.soft_pending_compaction_bytes_limit: 68719476736
2018/12/02-14:50:23.992669 7fdb58df2700   Options.hard_pending_compaction_bytes_limit: 274877906944
2018/12/02-14:50:23.992670 7fdb58df2700       Options.rate_limit_delay_max_milliseconds: 100
2018/12/02-14:50:23.992671 7fdb58df2700                Options.disable_auto_compactions: 0
2018/12/02-14:50:23.992672 7fdb58df2700                        Options.compaction_style: kCompactionStyleLevel
2018/12/02-14:50:23.992684 7fdb58df2700                          Options.compaction_pri: kByCompensatedSize
2018/12/02-14:50:23.992686 7fdb58df2700 Options.compaction_options_universal.size_ratio: 1
2018/12/02-14:50:23.992687 7fdb58df2700 Options.compaction_options_universal.min_merge_width: 2
2018/12/02-14:50:23.992688 7fdb58df2700 Options.compaction_options_universal.max_merge_width: 4294967295
2018/12/02-14:50:23.992689 7fdb58df2700 Options.compaction_options_universal.max_size_amplification_percent: 200
2018/12/02-14:50:23.992690 7fdb58df2700 Options.compaction_options_universal.compression_size_percent: -1
2018/12/02-14:50:23.992691 7fdb58df2700 Options.compaction_options_universal.stop_style: kCompactionStopStyleTotalSize
2018/12/02-14:50:23.992692 7fdb58df2700 Options.compaction_options_fifo.max_table_files_size: 1073741824
2018/12/02-14:50:23.992693 7fdb58df2700 Options.compaction_options_fifo.allow_compaction: 0
2018/12/02-14:50:23.992694 7fdb58df2700 Options.compaction_options_fifo.ttl: 0
2018/12/02-14:50:23.992695 7fdb58df2700                   Options.table_properties_collectors: 
2018/12/02-14:50:23.992696 7fdb58df2700                   Options.inplace_update_support: 0
2018/12/02-14:50:23.992697 7fdb58df2700                 Options.inplace_update_num_locks: 10000
2018/12/02-14:50:23.992698 7fdb58df2700               Options.memtable_prefix_bloom_size_ratio: 0.000000
2018/12/02-14:50:23.992699 7fdb58df2700   Options.memtable_huge_page_size: 0
2018/12/02-14:50:23.992700 7fdb58df2700                           Options.bloom_locality: 0
2018/12/02-14:50:23.992701 7fdb58df2700                    Options.max_successive_merges: 0
2018/12/02-14:50:23.992702 7fdb58df2700                Options.optimize_filters_for_hits: 0
2018/12/02-14:50:23.992703 7fdb58df2700                Options.paranoid_file_checks: 0
2018/12/02-14:50:23.992704 7fdb58df2700                Options.force_consistency_checks: 0
2018/12/02-14:50:23.992704 7fdb58df2700                Options.report_bg_io_stats: 0
2018/12/02-14:50:23.992705 7fdb58df2700                               Options.ttl: 0
2018/12/02-14:50:24.531849 7fdb58df2700 [db/version_set.cc:3361] Recovered from manifest file:/mnt/sda/ycsb-rocksdb-data/MANIFEST-000004 succeeded,manifest_file_number is 4, next_file_number is 1265, last_sequence is 10408175, log_number is 0,prev_log_number is 0,max_column_family is 1,min_log_number_to_keep is 0
2018/12/02-14:50:24.531862 7fdb58df2700 [db/version_set.cc:3369] Column family [default] (ID 0), log number is 0
2018/12/02-14:50:24.531865 7fdb58df2700 [db/version_set.cc:3369] Column family [usertable] (ID 1), log number is 1258
2018/12/02-14:50:24.535137 7fdb58df2700 EVENT_LOG_v1 {"time_micros": 1543791024535124, "job": 1, "event": "recovery_started", "log_files": [1258, 1264]}
2018/12/02-14:50:24.535146 7fdb58df2700 [db/db_impl_open.cc:551] Recovering log #1258 mode 2
2018/12/02-14:50:25.427825 7fdb58df2700 EVENT_LOG_v1 {"time_micros": 1543791025427800, "cf_name": "usertable", "job": 1, "event": "table_file_creation", "file_number": 1265, "file_size": 129895353, "table_properties": {"data_size": 129317909, "index_size": 576522, "filter_size": 0, "raw_key_size": 752760, "raw_average_key_size": 24, "raw_value_size": 128471040, "raw_average_value_size": 4096, "num_data_blocks": 15683, "num_entries": 31365, "filter_policy_name": "", "kDeletedKeys": "0", "kMergeOperands": "0"}}
2018/12/02-14:50:25.433690 7fdb58df2700 [db/db_impl_open.cc:551] Recovering log #1264 mode 2
2018/12/02-14:50:25.677413 7fdb58df2700 [db/version_set.cc:2847] Creating manifest 1266
2018/12/02-14:50:26.081483 7fdb58df2700 EVENT_LOG_v1 {"time_micros": 1543791026081461, "cf_name": "usertable", "job": 1, "event": "table_file_creation", "file_number": 1267, "file_size": 87968477, "table_properties": {"data_size": 87574879, "index_size": 392676, "filter_size": 0, "raw_key_size": 509760, "raw_average_key_size": 24, "raw_value_size": 86999040, "raw_average_value_size": 4096, "num_data_blocks": 10620, "num_entries": 21240, "filter_policy_name": "", "kDeletedKeys": "0", "kMergeOperands": "0"}}
2018/12/02-14:50:26.110347 7fdb58df2700 EVENT_LOG_v1 {"time_micros": 1543791026110344, "job": 1, "event": "recovery_finished"}
2018/12/02-14:50:26.174329 7fdb58df2700 [db/db_impl_open.cc:1219] DB pointer 0x7fdb043b8ef0
2018/12/02-14:50:26.174641 7fdaa2803700 [WARN] [db/db_impl.cc:491] ------- DUMPING STATS -------
2018/12/02-14:50:26.174687 7fdaa2803700 [WARN] [db/db_impl.cc:492] 
** DB Stats **
Uptime(secs): 2.2 total, 2.2 interval
Cumulative writes: 0 writes, 0 keys, 0 commit groups, 0.0 writes per commit group, ingest: 0.00 GB, 0.00 MB/s
Cumulative WAL: 0 writes, 0 syncs, 0.00 writes per sync, written: 0.00 GB, 0.00 MB/s
Cumulative stall: 00:00:0.000 H:M:S, 0.0 percent
Interval writes: 0 writes, 0 keys, 0 commit groups, 0.0 writes per commit group, ingest: 0.00 MB, 0.00 MB/s
Interval WAL: 0 writes, 0 syncs, 0.00 writes per sync, written: 0.00 MB, 0.00 MB/s
Interval stall: 00:00:0.000 H:M:S, 0.0 percent

** Compaction Stats [default] **
Level    Files   Size     Score Read(GB)  Rn(GB) Rnp1(GB) Write(GB) Wnew(GB) Moved(GB) W-Amp Rd(MB/s) Wr(MB/s) Comp(sec) Comp(cnt) Avg(sec) KeyIn KeyDrop
----------------------------------------------------------------------------------------------------------------------------------------------------------
 Sum      0/0    0.00 KB   0.0      0.0     0.0      0.0       0.0      0.0       0.0   0.0      0.0      0.0         0         0    0.000       0      0
 Int      0/0    0.00 KB   0.0      0.0     0.0      0.0       0.0      0.0       0.0   0.0      0.0      0.0         0         0    0.000       0      0
Uptime(secs): 2.2 total, 2.2 interval
Flush(GB): cumulative 0.000, interval 0.000
AddFile(GB): cumulative 0.000, interval 0.000
AddFile(Total Files): cumulative 0, interval 0
AddFile(L0 Files): cumulative 0, interval 0
AddFile(Keys): cumulative 0, interval 0
Cumulative compaction: 0.00 GB write, 0.00 MB/s write, 0.00 GB read, 0.00 MB/s read, 0.0 seconds
Interval compaction: 0.00 GB write, 0.00 MB/s write, 0.00 GB read, 0.00 MB/s read, 0.0 seconds
Stalls(count): 0 level0_slowdown, 0 level0_slowdown_with_compaction, 0 level0_numfiles, 0 level0_numfiles_with_compaction, 0 stop for pending_compaction_bytes, 0 slowdown for pending_compaction_bytes, 0 memtable_compaction, 0 memtable_slowdown, interval 0 total count

** File Read Latency Histogram By Level [default] **

** Compaction Stats [usertable] **
Level    Files   Size     Score Read(GB)  Rn(GB) Rnp1(GB) Write(GB) Wnew(GB) Moved(GB) W-Amp Rd(MB/s) Wr(MB/s) Comp(sec) Comp(cnt) Avg(sec) KeyIn KeyDrop
----------------------------------------------------------------------------------------------------------------------------------------------------------
  L0      3/0   389.06 MB   1.5      0.0     0.0      0.0       0.2      0.2       0.0   1.0      0.0    236.0         1         2    0.440       0      0
  L1      2/0   378.53 MB   0.7      0.0     0.0      0.0       0.0      0.0       0.0   0.0      0.0      0.0         0         0    0.000       0      0
  L2    140/0    4.97 GB   1.0      0.0     0.0      0.0       0.0      0.0       0.0   0.0      0.0      0.0         0         0    0.000       0      0
  L3    551/0   34.46 GB   0.7      0.0     0.0      0.0       0.0      0.0       0.0   0.0      0.0      0.0         0         0    0.000       0      0
 Sum    696/0   40.18 GB   0.0      0.0     0.0      0.0       0.2      0.2       0.0   1.0      0.0    236.0         1         2    0.440       0      0
 Int      0/0    0.00 KB   0.0      0.0     0.0      0.0       0.2      0.2       0.0   1.0      0.0    236.0         1         2    0.440       0      0
Uptime(secs): 2.2 total, 2.2 interval
Flush(GB): cumulative 0.203, interval 0.203
AddFile(GB): cumulative 0.000, interval 0.000
AddFile(Total Files): cumulative 0, interval 0
AddFile(L0 Files): cumulative 0, interval 0
AddFile(Keys): cumulative 0, interval 0
Cumulative compaction: 0.20 GB write, 95.22 MB/s write, 0.00 GB read, 0.00 MB/s read, 0.9 seconds
Interval compaction: 0.20 GB write, 95.22 MB/s write, 0.00 GB read, 0.00 MB/s read, 0.9 seconds
Stalls(count): 0 level0_slowdown, 0 level0_slowdown_with_compaction, 0 level0_numfiles, 0 level0_numfiles_with_compaction, 0 stop for pending_compaction_bytes, 0 slowdown for pending_compaction_bytes, 0 memtable_compaction, 0 memtable_slowdown, interval 0 total count

** File Read Latency Histogram By Level [usertable] **

** Compaction Stats [default] **
Level    Files   Size     Score Read(GB)  Rn(GB) Rnp1(GB) Write(GB) Wnew(GB) Moved(GB) W-Amp Rd(MB/s) Wr(MB/s) Comp(sec) Comp(cnt) Avg(sec) KeyIn KeyDrop
----------------------------------------------------------------------------------------------------------------------------------------------------------
 Sum      0/0    0.00 KB   0.0      0.0     0.0      0.0       0.0      0.0       0.0   0.0      0.0      0.0         0         0    0.000       0      0
 Int      0/0    0.00 KB   0.0      0.0     0.0      0.0       0.0      0.0       0.0   0.0      0.0      0.0         0         0    0.000       0      0
Uptime(secs): 2.2 total, 0.0 interval
Flush(GB): cumulative 0.000, interval 0.000
AddFile(GB): cumulative 0.000, interval 0.000
AddFile(Total Files): cumulative 0, interval 0
AddFile(L0 Files): cumulative 0, interval 0
AddFile(Keys): cumulative 0, interval 0
Cumulative compaction: 0.00 GB write, 0.00 MB/s write, 0.00 GB read, 0.00 MB/s read, 0.0 seconds
Interval compaction: 0.00 GB write, 0.00 MB/s write, 0.00 GB read, 0.00 MB/s read, 0.0 seconds
Stalls(count): 0 level0_slowdown, 0 level0_slowdown_with_compaction, 0 level0_numfiles, 0 level0_numfiles_with_compaction, 0 stop for pending_compaction_bytes, 0 slowdown for pending_compaction_bytes, 0 memtable_compaction, 0 memtable_slowdown, interval 0 total count

** File Read Latency Histogram By Level [default] **

** Compaction Stats [usertable] **
Level    Files   Size     Score Read(GB)  Rn(GB) Rnp1(GB) Write(GB) Wnew(GB) Moved(GB) W-Amp Rd(MB/s) Wr(MB/s) Comp(sec) Comp(cnt) Avg(sec) KeyIn KeyDrop
----------------------------------------------------------------------------------------------------------------------------------------------------------
  L0      3/0   389.06 MB   1.5      0.0     0.0      0.0       0.2      0.2       0.0   1.0      0.0    236.0         1         2    0.440       0      0
  L1      2/0   378.53 MB   0.7      0.0     0.0      0.0       0.0      0.0       0.0   0.0      0.0      0.0         0         0    0.000       0      0
  L2    140/0    4.97 GB   1.0      0.0     0.0      0.0       0.0      0.0       0.0   0.0      0.0      0.0         0         0    0.000       0      0
  L3    551/0   34.46 GB   0.7      0.0     0.0      0.0       0.0      0.0       0.0   0.0      0.0      0.0         0         0    0.000       0      0
 Sum    696/0   40.18 GB   0.0      0.0     0.0      0.0       0.2      0.2       0.0   1.0      0.0    236.0         1         2    0.440       0      0
 Int      0/0    0.00 KB   0.0      0.0     0.0      0.0       0.0      0.0       0.0   0.0      0.0      0.0         0         0    0.000       0      0
Uptime(secs): 2.2 total, 0.0 interval
Flush(GB): cumulative 0.203, interval 0.000
AddFile(GB): cumulative 0.000, interval 0.000
AddFile(Total Files): cumulative 0, interval 0
AddFile(L0 Files): cumulative 0, interval 0
AddFile(Keys): cumulative 0, interval 0
Cumulative compaction: 0.20 GB write, 95.22 MB/s write, 0.00 GB read, 0.00 MB/s read, 0.9 seconds
Interval compaction: 0.00 GB write, 0.00 MB/s write, 0.00 GB read, 0.00 MB/s read, 0.0 seconds
Stalls(count): 0 level0_slowdown, 0 level0_slowdown_with_compaction, 0 level0_numfiles, 0 level0_numfiles_with_compaction, 0 stop for pending_compaction_bytes, 0 slowdown for pending_compaction_bytes, 0 memtable_compaction, 0 memtable_slowdown, interval 0 total count

** File Read Latency Histogram By Level [usertable] **
2018/12/02-14:50:26.205258 7fdaa2803700 (Original Log Time 2018/12/02-14:50:26.174805) [db/db_impl_compaction_flush.cc:1835] [usertable] Moving #160 to level-1 190092331 bytes
2018/12/02-14:50:26.205262 7fdaa2803700 (Original Log Time 2018/12/02-14:50:26.205194) EVENT_LOG_v1 {"time_micros": 1543791026205187, "job": 3, "event": "trivial_move", "destination_level": 1, "files": 1, "total_files_size": 190092331}
2018/12/02-14:50:26.205263 7fdaa2803700 (Original Log Time 2018/12/02-14:50:26.205205) [db/db_impl_compaction_flush.cc:1864] [usertable] Moved #1 files to level-1 190092331 bytes OK: base level 1 max bytes base 536870912 files[2 3 140 551 0 0 0] max score 1.09
2018/12/02-14:50:26.205334 7fdaa2803700 [db/compaction_job.cc:1531] [usertable] [JOB 4] Compacting 1@1 files to L2, score 1.09
2018/12/02-14:50:26.205342 7fdaa2803700 [db/compaction_job.cc:1535] [usertable] Compaction start summary: Base version 6 Base level 1, inputs: [296(191MB)]
2018/12/02-14:50:26.205361 7fdaa2803700 EVENT_LOG_v1 {"time_micros": 1543791026205347, "job": 4, "event": "compaction_started", "compaction_reason": "LevelMaxLevelSize", "files_L1": [296], "score": 1.09339, "input_data_size": 201146323}
2018/12/02-14:50:27.123490 7fdaa2803700 [db/compaction_job.cc:1211] [usertable] [JOB 4] Generated table #1271: 16279 keys, 67233546 bytes
2018/12/02-14:50:27.123530 7fdaa2803700 EVENT_LOG_v1 {"time_micros": 1543791027123516, "cf_name": "usertable", "job": 4, "event": "table_file_creation", "file_number": 1271, "file_size": 67233546, "table_properties": {"data_size": 67120140, "index_size": 300916, "filter_size": 0, "raw_key_size": 390696, "raw_average_key_size": 24, "raw_value_size": 66678784, "raw_average_value_size": 4096, "num_data_blocks": 8140, "num_entries": 16279, "filter_policy_name": "", "kDeletedKeys": "0", "kMergeOperands": "0"}}
2018/12/02-14:50:28.831837 7fdaa2803700 [db/compaction_job.cc:1211] [usertable] [JOB 4] Generated table #1272: 16279 keys, 67233339 bytes
2018/12/02-14:50:28.831876 7fdaa2803700 EVENT_LOG_v1 {"time_micros": 1543791028831862, "cf_name": "usertable", "job": 4, "event": "table_file_creation", "file_number": 1272, "file_size": 67233339, "table_properties": {"data_size": 67118331, "index_size": 299106, "filter_size": 0, "raw_key_size": 390696, "raw_average_key_size": 24, "raw_value_size": 66678784, "raw_average_value_size": 4096, "num_data_blocks": 8140, "num_entries": 16279, "filter_policy_name": "", "kDeletedKeys": "0", "kMergeOperands": "0"}}
2018/12/02-14:50:29.747987 7fdaa2803700 [db/compaction_job.cc:1211] [usertable] [JOB 4] Generated table #1273: 16009 keys, 66118427 bytes
2018/12/02-14:50:29.748032 7fdaa2803700 EVENT_LOG_v1 {"time_micros": 1543791029748015, "cf_name": "usertable", "job": 4, "event": "table_file_creation", "file_number": 1273, "file_size": 66118427, "table_properties": {"data_size": 66006899, "index_size": 295921, "filter_size": 0, "raw_key_size": 384216, "raw_average_key_size": 24, "raw_value_size": 65572864, "raw_average_value_size": 4096, "num_data_blocks": 8005, "num_entries": 16009, "filter_policy_name": "", "kDeletedKeys": "0", "kMergeOperands": "0"}}
2018/12/02-14:50:29.748086 7fdaa2803700 [db/compaction_job.cc:1287] [usertable] [JOB 4] Compacted 1@1 files to L2 => 200585312 bytes
2018/12/02-14:50:29.791336 7fdaa2803700 (Original Log Time 2018/12/02-14:50:29.791245) [db/compaction_job.cc:685] [usertable] compacted to: base level 1 max bytes base 536870912 files[2 2 143 551 0 0 0] max score 1.03, MB/sec: 56.8 rd, 56.6 wr, level 2, files in(1, 0) out(3) MB in(191.8, 0.0) out(191.3), read-write-amplify(2.0) write-amplify(1.0) OK, records in: 48567, records dropped: 0 output_compression: LZ4
2018/12/02-14:50:29.791343 7fdaa2803700 (Original Log Time 2018/12/02-14:50:29.791273) EVENT_LOG_v1 {"time_micros": 1543791029791261, "job": 4, "event": "compaction_finished", "compaction_time_micros": 3542686, "output_level": 2, "num_output_files": 3, "total_output_size": 200585312, "num_input_records": 48567, "num_output_records": 48567, "num_subcompactions": 1, "output_compression": "LZ4", "num_single_delete_mismatches": 0, "num_single_delete_fallthrough": 0, "lsm_state": [2, 2, 143, 551, 0, 0, 0]}
2018/12/02-14:50:29.836408 7fdaa2803700 (Original Log Time 2018/12/02-14:50:29.791529) [db/db_impl_compaction_flush.cc:1835] [usertable] Moving #1271 to level-3 67233546 bytes
2018/12/02-14:50:29.836411 7fdaa2803700 (Original Log Time 2018/12/02-14:50:29.836371) EVENT_LOG_v1 {"time_micros": 1543791029836367, "job": 5, "event": "trivial_move", "destination_level": 3, "files": 1, "total_files_size": 67233546}
2018/12/02-14:50:29.836413 7fdaa2803700 (Original Log Time 2018/12/02-14:50:29.836378) [db/db_impl_compaction_flush.cc:1864] [usertable] Moved #1 files to level-3 67233546 bytes OK: base level 1 max bytes base 536870912 files[2 2 142 552 0 0 0] max score 1.02
2018/12/02-14:50:29.853441 7fdaa2803700 EVENT_LOG_v1 {"time_micros": 1543791029853437, "job": 5, "event": "table_file_deletion", "file_number": 296}
2018/12/02-14:50:29.898327 7fdaa2803700 (Original Log Time 2018/12/02-14:50:29.853558) [db/db_impl_compaction_flush.cc:1835] [usertable] Moving #1272 to level-3 67233339 bytes
2018/12/02-14:50:29.898331 7fdaa2803700 (Original Log Time 2018/12/02-14:50:29.898280) EVENT_LOG_v1 {"time_micros": 1543791029898275, "job": 6, "event": "trivial_move", "destination_level": 3, "files": 1, "total_files_size": 67233339}
2018/12/02-14:50:29.898332 7fdaa2803700 (Original Log Time 2018/12/02-14:50:29.898291) [db/db_impl_compaction_flush.cc:1864] [usertable] Moved #1 files to level-3 67233339 bytes OK: base level 1 max bytes base 536870912 files[2 2 141 553 0 0 0] max score 1.01
2018/12/02-14:50:29.941117 7fdaa2803700 (Original Log Time 2018/12/02-14:50:29.898488) [db/db_impl_compaction_flush.cc:1835] [usertable] Moving #406 to level-3 66225629 bytes
2018/12/02-14:50:29.941120 7fdaa2803700 (Original Log Time 2018/12/02-14:50:29.941079) EVENT_LOG_v1 {"time_micros": 1543791029941075, "job": 7, "event": "trivial_move", "destination_level": 3, "files": 1, "total_files_size": 66225629}
2018/12/02-14:50:29.941122 7fdaa2803700 (Original Log Time 2018/12/02-14:50:29.941085) [db/db_impl_compaction_flush.cc:1864] [usertable] Moved #1 files to level-3 66225629 bytes OK: base level 1 max bytes base 536870912 files[2 2 140 554 0 0 0] max score 1.00
2018/12/02-14:50:29.983361 7fdaa2803700 (Original Log Time 2018/12/02-14:50:29.941278) [db/db_impl_compaction_flush.cc:1835] [usertable] Moving #1265 to level-1 129895353 bytes
2018/12/02-14:50:29.983364 7fdaa2803700 (Original Log Time 2018/12/02-14:50:29.983331) EVENT_LOG_v1 {"time_micros": 1543791029983328, "job": 8, "event": "trivial_move", "destination_level": 1, "files": 1, "total_files_size": 129895353}
2018/12/02-14:50:29.983366 7fdaa2803700 (Original Log Time 2018/12/02-14:50:29.983337) [db/db_impl_compaction_flush.cc:1864] [usertable] Moved #1 files to level-1 129895353 bytes OK: base level 1 max bytes base 536870912 files[1 3 140 554 0 0 0] max score 0.99
2018/12/02-14:50:30.743898 7fdb08dfc700 [db/db_impl_write.cc:1373] [usertable] New memtable created with log file: #1274. Immutable memtables: 0.
2018/12/02-14:50:32.259495 7fdb586eb700 [db/db_impl_write.cc:1373] [usertable] New memtable created with log file: #1275. Immutable memtables: 1.
2018/12/02-14:50:32.259627 7fd9b37fe700 [db/db_impl_compaction_flush.cc:80] [JOB 9] Syncing log #1268
