2018/12/02-10:25:50.498369 7f42202fd700 RocksDB version: 5.14.3
2018/12/02-10:25:50.498420 7f42202fd700 Git sha rocksdb_build_git_sha:
2018/12/02-10:25:50.498423 7f42202fd700 Compile date Nov 30 2018
2018/12/02-10:25:50.498427 7f42202fd700 DB SUMMARY
2018/12/02-10:25:50.498454 7f42202fd700 SST files in /mnt/sda/ycsb-rocksdb-data dir, Total Num: 0, files: 
2018/12/02-10:25:50.498456 7f42202fd700 Write Ahead Log file in /mnt/sda/ycsb-rocksdb-data: 
2018/12/02-10:25:50.498459 7f42202fd700                         Options.error_if_exists: 0
2018/12/02-10:25:50.498460 7f42202fd700                       Options.create_if_missing: 1
2018/12/02-10:25:50.498462 7f42202fd700                         Options.paranoid_checks: 1
2018/12/02-10:25:50.498463 7f42202fd700                                     Options.env: 0x7f41926702c0
2018/12/02-10:25:50.498464 7f42202fd700                                Options.info_log: 0x7f41cc3c8e60
2018/12/02-10:25:50.498465 7f42202fd700                Options.max_file_opening_threads: 16
2018/12/02-10:25:50.498467 7f42202fd700                              Options.statistics: (nil)
2018/12/02-10:25:50.498468 7f42202fd700                               Options.use_fsync: 0
2018/12/02-10:25:50.498469 7f42202fd700                       Options.max_log_file_size: 0
2018/12/02-10:25:50.498470 7f42202fd700                  Options.max_manifest_file_size: 18446744073709551615
2018/12/02-10:25:50.498471 7f42202fd700                   Options.log_file_time_to_roll: 0
2018/12/02-10:25:50.498472 7f42202fd700                       Options.keep_log_file_num: 1000
2018/12/02-10:25:50.498474 7f42202fd700                    Options.recycle_log_file_num: 0
2018/12/02-10:25:50.498475 7f42202fd700                         Options.allow_fallocate: 1
2018/12/02-10:25:50.498476 7f42202fd700                        Options.allow_mmap_reads: 0
2018/12/02-10:25:50.498477 7f42202fd700                       Options.allow_mmap_writes: 0
2018/12/02-10:25:50.498478 7f42202fd700                        Options.use_direct_reads: 0
2018/12/02-10:25:50.498479 7f42202fd700                        Options.use_direct_io_for_flush_and_compaction: 0
2018/12/02-10:25:50.498480 7f42202fd700          Options.create_missing_column_families: 1
2018/12/02-10:25:50.498481 7f42202fd700                              Options.db_log_dir: 
2018/12/02-10:25:50.498482 7f42202fd700                                 Options.wal_dir: /mnt/sda/ycsb-rocksdb-data
2018/12/02-10:25:50.498484 7f42202fd700                Options.table_cache_numshardbits: 6
2018/12/02-10:25:50.498485 7f42202fd700                      Options.max_subcompactions: 4
2018/12/02-10:25:50.498486 7f42202fd700                  Options.max_background_flushes: 24
2018/12/02-10:25:50.498487 7f42202fd700                         Options.WAL_ttl_seconds: 0
2018/12/02-10:25:50.498488 7f42202fd700                       Options.WAL_size_limit_MB: 0
2018/12/02-10:25:50.498489 7f42202fd700             Options.manifest_preallocation_size: 4194304
2018/12/02-10:25:50.498490 7f42202fd700                     Options.is_fd_close_on_exec: 1
2018/12/02-10:25:50.498491 7f42202fd700                   Options.advise_random_on_open: 1
2018/12/02-10:25:50.498493 7f42202fd700                    Options.db_write_buffer_size: 0
2018/12/02-10:25:50.498494 7f42202fd700                    Options.write_buffer_manager: 0x7f41cc3c4f00
2018/12/02-10:25:50.498495 7f42202fd700         Options.access_hint_on_compaction_start: 1
2018/12/02-10:25:50.498496 7f42202fd700  Options.new_table_reader_for_compaction_inputs: 0
2018/12/02-10:25:50.498497 7f42202fd700           Options.random_access_max_buffer_size: 1048576
2018/12/02-10:25:50.498498 7f42202fd700                      Options.use_adaptive_mutex: 0
2018/12/02-10:25:50.498499 7f42202fd700                            Options.rate_limiter: (nil)
2018/12/02-10:25:50.498501 7f42202fd700     Options.sst_file_manager.rate_bytes_per_sec: 0
2018/12/02-10:25:50.498502 7f42202fd700                       Options.wal_recovery_mode: 2
2018/12/02-10:25:50.498504 7f42202fd700                  Options.enable_thread_tracking: 0
2018/12/02-10:25:50.498505 7f42202fd700                  Options.enable_pipelined_write: 1
2018/12/02-10:25:50.498515 7f42202fd700         Options.allow_concurrent_memtable_write: 1
2018/12/02-10:25:50.498517 7f42202fd700      Options.enable_write_thread_adaptive_yield: 1
2018/12/02-10:25:50.498518 7f42202fd700             Options.write_thread_max_yield_usec: 100
2018/12/02-10:25:50.498519 7f42202fd700            Options.write_thread_slow_yield_usec: 3
2018/12/02-10:25:50.498520 7f42202fd700                               Options.row_cache: None
2018/12/02-10:25:50.498521 7f42202fd700                              Options.wal_filter: None
2018/12/02-10:25:50.498522 7f42202fd700             Options.avoid_flush_during_recovery: 0
2018/12/02-10:25:50.498524 7f42202fd700             Options.allow_ingest_behind: 0
2018/12/02-10:25:50.498525 7f42202fd700             Options.preserve_deletes: 0
2018/12/02-10:25:50.498526 7f42202fd700             Options.two_write_queues: 0
2018/12/02-10:25:50.498527 7f42202fd700             Options.manual_wal_flush: 0
2018/12/02-10:25:50.498529 7f42202fd700             Options.max_background_jobs: 24
2018/12/02-10:25:50.498530 7f42202fd700             Options.max_background_compactions: 24
2018/12/02-10:25:50.498531 7f42202fd700             Options.avoid_flush_during_shutdown: 0
2018/12/02-10:25:50.498533 7f42202fd700           Options.writable_file_max_buffer_size: 1048576
2018/12/02-10:25:50.498534 7f42202fd700             Options.delayed_write_rate : 16777216
2018/12/02-10:25:50.498535 7f42202fd700             Options.max_total_wal_size: 0
2018/12/02-10:25:50.498536 7f42202fd700             Options.delete_obsolete_files_period_micros: 21600000000
2018/12/02-10:25:50.498537 7f42202fd700                   Options.stats_dump_period_sec: 60
2018/12/02-10:25:50.498538 7f42202fd700                          Options.max_open_files: -1
2018/12/02-10:25:50.498540 7f42202fd700                          Options.bytes_per_sync: 1048576
2018/12/02-10:25:50.498541 7f42202fd700                      Options.wal_bytes_per_sync: 0
2018/12/02-10:25:50.498542 7f42202fd700       Options.compaction_readahead_size: 0
2018/12/02-10:25:50.498543 7f42202fd700 Compression algorithms supported:
2018/12/02-10:25:50.498544 7f42202fd700 	kZSTDNotFinalCompression supported: 1
2018/12/02-10:25:50.498552 7f42202fd700 	kZSTD supported: 1
2018/12/02-10:25:50.498554 7f42202fd700 	kXpressCompression supported: 0
2018/12/02-10:25:50.498555 7f42202fd700 	kLZ4HCCompression supported: 1
2018/12/02-10:25:50.498557 7f42202fd700 	kLZ4Compression supported: 1
2018/12/02-10:25:50.498558 7f42202fd700 	kBZip2Compression supported: 1
2018/12/02-10:25:50.498559 7f42202fd700 	kZlibCompression supported: 1
2018/12/02-10:25:50.498560 7f42202fd700 	kSnappyCompression supported: 1
2018/12/02-10:25:50.498564 7f42202fd700 Fast CRC32 supported: Supported on x86
2018/12/02-10:25:50.498642 7f42202fd700 [db/db_impl_open.cc:222] Creating manifest 1 
2018/12/02-10:25:50.664755 7f42202fd700 [db/version_set.cc:3085] Recovering from manifest file: MANIFEST-000001
2018/12/02-10:25:50.664840 7f42202fd700 [db/column_family.cc:475] --------------- Options for column family [default]:
2018/12/02-10:25:50.664844 7f42202fd700               Options.comparator: leveldb.BytewiseComparator
2018/12/02-10:25:50.664846 7f42202fd700           Options.merge_operator: None
2018/12/02-10:25:50.664847 7f42202fd700        Options.compaction_filter: None
2018/12/02-10:25:50.664848 7f42202fd700        Options.compaction_filter_factory: None
2018/12/02-10:25:50.664849 7f42202fd700         Options.memtable_factory: SkipListFactory
2018/12/02-10:25:50.664851 7f42202fd700            Options.table_factory: BlockBasedTable
2018/12/02-10:25:50.664880 7f42202fd700            table_factory options:   flush_block_policy_factory: FlushBlockBySizePolicyFactory (0x7f41cc37a320)
  cache_index_and_filter_blocks: 0
  cache_index_and_filter_blocks_with_high_priority: 0
  pin_l0_filter_and_index_blocks_in_cache: 0
  index_type: 0
  hash_index_allow_collision: 1
  checksum: 1
  no_block_cache: 0
  block_cache: 0x7f41cc3864b0
  block_cache_name: LRUCache
  block_cache_options:
    capacity : 8388608
    num_shard_bits : 4
    strict_capacity_limit : 0
    high_pri_pool_ratio: 0.000
  block_cache_compressed: (nil)
  persistent_cache: (nil)
  block_size: 8192
  block_size_deviation: 10
  block_restart_interval: 16
  index_block_restart_interval: 1
  metadata_block_size: 4096
  partition_filters: 0
  use_delta_encoding: 1
  filter_policy: nullptr
  whole_key_filtering: 1
  verify_compression: 0
  read_amp_bytes_per_bit: 0
  format_version: 2
  enable_index_compression: 1
  block_align: 0
2018/12/02-10:25:50.664897 7f42202fd700        Options.write_buffer_size: 134217728
2018/12/02-10:25:50.664899 7f42202fd700  Options.max_write_buffer_number: 24
2018/12/02-10:25:50.664901 7f42202fd700        Options.compression[0]: NoCompression
2018/12/02-10:25:50.664902 7f42202fd700        Options.compression[1]: NoCompression
2018/12/02-10:25:50.664903 7f42202fd700        Options.compression[2]: LZ4
2018/12/02-10:25:50.664904 7f42202fd700        Options.compression[3]: LZ4
2018/12/02-10:25:50.664905 7f42202fd700        Options.compression[4]: LZ4
2018/12/02-10:25:50.664906 7f42202fd700        Options.compression[5]: LZ4
2018/12/02-10:25:50.664908 7f42202fd700        Options.compression[6]: LZ4
2018/12/02-10:25:50.664909 7f42202fd700                  Options.bottommost_compression: Disabled
2018/12/02-10:25:50.664910 7f42202fd700       Options.prefix_extractor: nullptr
2018/12/02-10:25:50.664911 7f42202fd700   Options.memtable_insert_with_hint_prefix_extractor: nullptr
2018/12/02-10:25:50.664912 7f42202fd700             Options.num_levels: 7
2018/12/02-10:25:50.664914 7f42202fd700        Options.min_write_buffer_number_to_merge: 2
2018/12/02-10:25:50.664915 7f42202fd700     Options.max_write_buffer_number_to_maintain: 0
2018/12/02-10:25:50.664916 7f42202fd700            Options.compression_opts.window_bits: -14
2018/12/02-10:25:50.664917 7f42202fd700                  Options.compression_opts.level: -1
2018/12/02-10:25:50.664918 7f42202fd700               Options.compression_opts.strategy: 0
2018/12/02-10:25:50.664919 7f42202fd700         Options.compression_opts.max_dict_bytes: 0
2018/12/02-10:25:50.664921 7f42202fd700         Options.compression_opts.zstd_max_train_bytes: 0
2018/12/02-10:25:50.664922 7f42202fd700      Options.level0_file_num_compaction_trigger: 2
2018/12/02-10:25:50.664923 7f42202fd700          Options.level0_slowdown_writes_trigger: 20
2018/12/02-10:25:50.664924 7f42202fd700              Options.level0_stop_writes_trigger: 36
2018/12/02-10:25:50.664925 7f42202fd700                   Options.target_file_size_base: 67108864
2018/12/02-10:25:50.664926 7f42202fd700             Options.target_file_size_multiplier: 1
2018/12/02-10:25:50.664927 7f42202fd700                Options.max_bytes_for_level_base: 536870912
2018/12/02-10:25:50.664928 7f42202fd700 Options.level_compaction_dynamic_level_bytes: 0
2018/12/02-10:25:50.664930 7f42202fd700          Options.max_bytes_for_level_multiplier: 10.000000
2018/12/02-10:25:50.664933 7f42202fd700 Options.max_bytes_for_level_multiplier_addtl[0]: 1
2018/12/02-10:25:50.664934 7f42202fd700 Options.max_bytes_for_level_multiplier_addtl[1]: 1
2018/12/02-10:25:50.664936 7f42202fd700 Options.max_bytes_for_level_multiplier_addtl[2]: 1
2018/12/02-10:25:50.664937 7f42202fd700 Options.max_bytes_for_level_multiplier_addtl[3]: 1
2018/12/02-10:25:50.664938 7f42202fd700 Options.max_bytes_for_level_multiplier_addtl[4]: 1
2018/12/02-10:25:50.664939 7f42202fd700 Options.max_bytes_for_level_multiplier_addtl[5]: 1
2018/12/02-10:25:50.664940 7f42202fd700 Options.max_bytes_for_level_multiplier_addtl[6]: 1
2018/12/02-10:25:50.664941 7f42202fd700       Options.max_sequential_skip_in_iterations: 8
2018/12/02-10:25:50.664942 7f42202fd700                    Options.max_compaction_bytes: 1677721600
2018/12/02-10:25:50.664943 7f42202fd700                        Options.arena_block_size: 16777216
2018/12/02-10:25:50.664944 7f42202fd700   Options.soft_pending_compaction_bytes_limit: 68719476736
2018/12/02-10:25:50.664946 7f42202fd700   Options.hard_pending_compaction_bytes_limit: 274877906944
2018/12/02-10:25:50.664953 7f42202fd700       Options.rate_limit_delay_max_milliseconds: 100
2018/12/02-10:25:50.664955 7f42202fd700                Options.disable_auto_compactions: 0
2018/12/02-10:25:50.664957 7f42202fd700                        Options.compaction_style: kCompactionStyleLevel
2018/12/02-10:25:50.664959 7f42202fd700                          Options.compaction_pri: kByCompensatedSize
2018/12/02-10:25:50.664960 7f42202fd700 Options.compaction_options_universal.size_ratio: 1
2018/12/02-10:25:50.664961 7f42202fd700 Options.compaction_options_universal.min_merge_width: 2
2018/12/02-10:25:50.664962 7f42202fd700 Options.compaction_options_universal.max_merge_width: 4294967295
2018/12/02-10:25:50.664964 7f42202fd700 Options.compaction_options_universal.max_size_amplification_percent: 200
2018/12/02-10:25:50.664965 7f42202fd700 Options.compaction_options_universal.compression_size_percent: -1
2018/12/02-10:25:50.664967 7f42202fd700 Options.compaction_options_universal.stop_style: kCompactionStopStyleTotalSize
2018/12/02-10:25:50.664968 7f42202fd700 Options.compaction_options_fifo.max_table_files_size: 1073741824
2018/12/02-10:25:50.664969 7f42202fd700 Options.compaction_options_fifo.allow_compaction: 0
2018/12/02-10:25:50.664970 7f42202fd700 Options.compaction_options_fifo.ttl: 0
2018/12/02-10:25:50.664971 7f42202fd700                   Options.table_properties_collectors: 
2018/12/02-10:25:50.664973 7f42202fd700                   Options.inplace_update_support: 0
2018/12/02-10:25:50.664974 7f42202fd700                 Options.inplace_update_num_locks: 10000
2018/12/02-10:25:50.664975 7f42202fd700               Options.memtable_prefix_bloom_size_ratio: 0.000000
2018/12/02-10:25:50.664976 7f42202fd700   Options.memtable_huge_page_size: 0
2018/12/02-10:25:50.664978 7f42202fd700                           Options.bloom_locality: 0
2018/12/02-10:25:50.664979 7f42202fd700                    Options.max_successive_merges: 0
2018/12/02-10:25:50.664980 7f42202fd700                Options.optimize_filters_for_hits: 0
2018/12/02-10:25:50.664981 7f42202fd700                Options.paranoid_file_checks: 0
2018/12/02-10:25:50.664982 7f42202fd700                Options.force_consistency_checks: 0
2018/12/02-10:25:50.664983 7f42202fd700                Options.report_bg_io_stats: 0
2018/12/02-10:25:50.664984 7f42202fd700                               Options.ttl: 0
2018/12/02-10:25:50.665773 7f42202fd700 [db/version_set.cc:3361] Recovered from manifest file:/mnt/sda/ycsb-rocksdb-data/MANIFEST-000001 succeeded,manifest_file_number is 1, next_file_number is 3, last_sequence is 0, log_number is 0,prev_log_number is 0,max_column_family is 0,min_log_number_to_keep is 0
2018/12/02-10:25:50.665779 7f42202fd700 [db/version_set.cc:3369] Column family [default] (ID 0), log number is 0
2018/12/02-10:25:50.665940 7f42202fd700 [db/version_set.cc:2847] Creating manifest 4
2018/12/02-10:25:50.915668 7f42202fd700 [db/column_family.cc:475] --------------- Options for column family [usertable]:
2018/12/02-10:25:50.915672 7f42202fd700               Options.comparator: leveldb.BytewiseComparator
2018/12/02-10:25:50.915673 7f42202fd700           Options.merge_operator: None
2018/12/02-10:25:50.915674 7f42202fd700        Options.compaction_filter: None
2018/12/02-10:25:50.915675 7f42202fd700        Options.compaction_filter_factory: None
2018/12/02-10:25:50.915677 7f42202fd700         Options.memtable_factory: SkipListFactory
2018/12/02-10:25:50.915678 7f42202fd700            Options.table_factory: BlockBasedTable
2018/12/02-10:25:50.915701 7f42202fd700            table_factory options:   flush_block_policy_factory: FlushBlockBySizePolicyFactory (0x7f41cc37a400)
  cache_index_and_filter_blocks: 0
  cache_index_and_filter_blocks_with_high_priority: 0
  pin_l0_filter_and_index_blocks_in_cache: 0
  index_type: 0
  hash_index_allow_collision: 1
  checksum: 1
  no_block_cache: 0
  block_cache: 0x7f41cc37b520
  block_cache_name: LRUCache
  block_cache_options:
    capacity : 8388608
    num_shard_bits : 4
    strict_capacity_limit : 0
    high_pri_pool_ratio: 0.000
  block_cache_compressed: (nil)
  persistent_cache: (nil)
  block_size: 8192
  block_size_deviation: 10
  block_restart_interval: 16
  index_block_restart_interval: 1
  metadata_block_size: 4096
  partition_filters: 0
  use_delta_encoding: 1
  filter_policy: nullptr
  whole_key_filtering: 1
  verify_compression: 0
  read_amp_bytes_per_bit: 0
  format_version: 2
  enable_index_compression: 1
  block_align: 0
2018/12/02-10:25:50.915704 7f42202fd700        Options.write_buffer_size: 134217728
2018/12/02-10:25:50.915705 7f42202fd700  Options.max_write_buffer_number: 24
2018/12/02-10:25:50.915706 7f42202fd700        Options.compression[0]: NoCompression
2018/12/02-10:25:50.915708 7f42202fd700        Options.compression[1]: NoCompression
2018/12/02-10:25:50.915709 7f42202fd700        Options.compression[2]: LZ4
2018/12/02-10:25:50.915710 7f42202fd700        Options.compression[3]: LZ4
2018/12/02-10:25:50.915711 7f42202fd700        Options.compression[4]: LZ4
2018/12/02-10:25:50.915712 7f42202fd700        Options.compression[5]: LZ4
2018/12/02-10:25:50.915713 7f42202fd700        Options.compression[6]: LZ4
2018/12/02-10:25:50.915714 7f42202fd700                  Options.bottommost_compression: Disabled
2018/12/02-10:25:50.915715 7f42202fd700       Options.prefix_extractor: nullptr
2018/12/02-10:25:50.915716 7f42202fd700   Options.memtable_insert_with_hint_prefix_extractor: nullptr
2018/12/02-10:25:50.915717 7f42202fd700             Options.num_levels: 7
2018/12/02-10:25:50.915719 7f42202fd700        Options.min_write_buffer_number_to_merge: 2
2018/12/02-10:25:50.915720 7f42202fd700     Options.max_write_buffer_number_to_maintain: 0
2018/12/02-10:25:50.915721 7f42202fd700            Options.compression_opts.window_bits: -14
2018/12/02-10:25:50.915722 7f42202fd700                  Options.compression_opts.level: -1
2018/12/02-10:25:50.915723 7f42202fd700               Options.compression_opts.strategy: 0
2018/12/02-10:25:50.915724 7f42202fd700         Options.compression_opts.max_dict_bytes: 0
2018/12/02-10:25:50.915725 7f42202fd700         Options.compression_opts.zstd_max_train_bytes: 0
2018/12/02-10:25:50.915726 7f42202fd700      Options.level0_file_num_compaction_trigger: 2
2018/12/02-10:25:50.915727 7f42202fd700          Options.level0_slowdown_writes_trigger: 20
2018/12/02-10:25:50.915728 7f42202fd700              Options.level0_stop_writes_trigger: 36
2018/12/02-10:25:50.915729 7f42202fd700                   Options.target_file_size_base: 67108864
2018/12/02-10:25:50.915731 7f42202fd700             Options.target_file_size_multiplier: 1
2018/12/02-10:25:50.915732 7f42202fd700                Options.max_bytes_for_level_base: 536870912
2018/12/02-10:25:50.915733 7f42202fd700 Options.level_compaction_dynamic_level_bytes: 0
2018/12/02-10:25:50.915734 7f42202fd700          Options.max_bytes_for_level_multiplier: 10.000000
2018/12/02-10:25:50.915736 7f42202fd700 Options.max_bytes_for_level_multiplier_addtl[0]: 1
2018/12/02-10:25:50.915746 7f42202fd700 Options.max_bytes_for_level_multiplier_addtl[1]: 1
2018/12/02-10:25:50.915748 7f42202fd700 Options.max_bytes_for_level_multiplier_addtl[2]: 1
2018/12/02-10:25:50.915749 7f42202fd700 Options.max_bytes_for_level_multiplier_addtl[3]: 1
2018/12/02-10:25:50.915750 7f42202fd700 Options.max_bytes_for_level_multiplier_addtl[4]: 1
2018/12/02-10:25:50.915751 7f42202fd700 Options.max_bytes_for_level_multiplier_addtl[5]: 1
2018/12/02-10:25:50.915752 7f42202fd700 Options.max_bytes_for_level_multiplier_addtl[6]: 1
2018/12/02-10:25:50.915754 7f42202fd700       Options.max_sequential_skip_in_iterations: 8
2018/12/02-10:25:50.915755 7f42202fd700                    Options.max_compaction_bytes: 1677721600
2018/12/02-10:25:50.915756 7f42202fd700                        Options.arena_block_size: 16777216
2018/12/02-10:25:50.915757 7f42202fd700   Options.soft_pending_compaction_bytes_limit: 68719476736
2018/12/02-10:25:50.915758 7f42202fd700   Options.hard_pending_compaction_bytes_limit: 274877906944
2018/12/02-10:25:50.915759 7f42202fd700       Options.rate_limit_delay_max_milliseconds: 100
2018/12/02-10:25:50.915760 7f42202fd700                Options.disable_auto_compactions: 0
2018/12/02-10:25:50.915762 7f42202fd700                        Options.compaction_style: kCompactionStyleLevel
2018/12/02-10:25:50.915764 7f42202fd700                          Options.compaction_pri: kByCompensatedSize
2018/12/02-10:25:50.915765 7f42202fd700 Options.compaction_options_universal.size_ratio: 1
2018/12/02-10:25:50.915766 7f42202fd700 Options.compaction_options_universal.min_merge_width: 2
2018/12/02-10:25:50.915767 7f42202fd700 Options.compaction_options_universal.max_merge_width: 4294967295
2018/12/02-10:25:50.915768 7f42202fd700 Options.compaction_options_universal.max_size_amplification_percent: 200
2018/12/02-10:25:50.915769 7f42202fd700 Options.compaction_options_universal.compression_size_percent: -1
2018/12/02-10:25:50.915771 7f42202fd700 Options.compaction_options_universal.stop_style: kCompactionStopStyleTotalSize
2018/12/02-10:25:50.915772 7f42202fd700 Options.compaction_options_fifo.max_table_files_size: 1073741824
2018/12/02-10:25:50.915773 7f42202fd700 Options.compaction_options_fifo.allow_compaction: 0
2018/12/02-10:25:50.915774 7f42202fd700 Options.compaction_options_fifo.ttl: 0
2018/12/02-10:25:50.915775 7f42202fd700                   Options.table_properties_collectors: 
2018/12/02-10:25:50.915776 7f42202fd700                   Options.inplace_update_support: 0
2018/12/02-10:25:50.915777 7f42202fd700                 Options.inplace_update_num_locks: 10000
2018/12/02-10:25:50.915778 7f42202fd700               Options.memtable_prefix_bloom_size_ratio: 0.000000
2018/12/02-10:25:50.915780 7f42202fd700   Options.memtable_huge_page_size: 0
2018/12/02-10:25:50.915781 7f42202fd700                           Options.bloom_locality: 0
2018/12/02-10:25:50.915782 7f42202fd700                    Options.max_successive_merges: 0
2018/12/02-10:25:50.915783 7f42202fd700                Options.optimize_filters_for_hits: 0
2018/12/02-10:25:50.915784 7f42202fd700                Options.paranoid_file_checks: 0
2018/12/02-10:25:50.915785 7f42202fd700                Options.force_consistency_checks: 0
2018/12/02-10:25:50.915786 7f42202fd700                Options.report_bg_io_stats: 0
2018/12/02-10:25:50.915787 7f42202fd700                               Options.ttl: 0
2018/12/02-10:25:50.915826 7f42202fd700 [db/db_impl.cc:1396] Created column family [usertable] (ID 1)
2018/12/02-10:25:51.146150 7f42202fd700 [db/db_impl_open.cc:1219] DB pointer 0x7f41cc3c95b0
2018/12/02-10:26:00.112286 7f4193afa700 [db/db_impl_write.cc:1373] [usertable] New memtable created with log file: #9. Immutable memtables: 0.
2018/12/02-10:26:09.077282 7f41d0af9700 [db/db_impl_write.cc:1373] [usertable] New memtable created with log file: #10. Immutable memtables: 1.
2018/12/02-10:26:09.077523 7f407f7fe700 [db/db_impl_compaction_flush.cc:80] [JOB 2] Syncing log #3
2018/12/02-10:26:09.358473 7f407f7fe700 [db/db_impl_compaction_flush.cc:80] [JOB 2] Syncing log #9
2018/12/02-10:26:09.872895 7f407f7fe700 (Original Log Time 2018/12/02-10:26:09.077459) [db/db_impl_compaction_flush.cc:1424] Calling FlushMemTableToOutputFile with column family [usertable], flush slots available 24, compaction slots available 1, flush slots scheduled 1, compaction slots scheduled 0
2018/12/02-10:26:09.872912 7f407f7fe700 [db/flush_job.cc:301] [usertable] [JOB 2] Flushing memtable with next log file: 9
2018/12/02-10:26:09.872925 7f407f7fe700 [db/flush_job.cc:301] [usertable] [JOB 2] Flushing memtable with next log file: 10
2018/12/02-10:26:09.872971 7f407f7fe700 EVENT_LOG_v1 {"time_micros": 1543775169872957, "job": 2, "event": "flush_started", "num_memtables": 2, "num_entries": 62752, "num_deletes": 0, "memory_usage": 260121320, "flush_reason": "Write Buffer Full"}
2018/12/02-10:26:09.872981 7f407f7fe700 [db/flush_job.cc:331] [usertable] [JOB 2] Level-0 flush table #11: started
2018/12/02-10:26:11.329601 7f407f7fe700 EVENT_LOG_v1 {"time_micros": 1543775171329578, "cf_name": "usertable", "job": 2, "event": "table_file_creation", "file_number": 11, "file_size": 259881101, "table_properties": {"data_size": 258726496, "index_size": 1153678, "filter_size": 0, "raw_key_size": 1506048, "raw_average_key_size": 24, "raw_value_size": 257032192, "raw_average_value_size": 4096, "num_data_blocks": 31376, "num_entries": 62752, "filter_policy_name": "", "kDeletedKeys": "0", "kMergeOperands": "0"}}
2018/12/02-10:26:11.329637 7f407f7fe700 [db/flush_job.cc:371] [usertable] [JOB 2] Level-0 flush table #11: 259881101 bytes OK
2018/12/02-10:26:11.388630 7f407f7fe700 (Original Log Time 2018/12/02-10:26:11.329654) [db/memtable_list.cc:377] [usertable] Level-0 commit table #11 started
2018/12/02-10:26:11.388643 7f407f7fe700 (Original Log Time 2018/12/02-10:26:11.388562) [db/memtable_list.cc:409] [usertable] Level-0 commit table #11: memtable #1 done
2018/12/02-10:26:11.388645 7f407f7fe700 (Original Log Time 2018/12/02-10:26:11.388570) [db/memtable_list.cc:409] [usertable] Level-0 commit table #11: memtable #2 done
2018/12/02-10:26:11.388646 7f407f7fe700 (Original Log Time 2018/12/02-10:26:11.388584) EVENT_LOG_v1 {"time_micros": 1543775171388577, "job": 2, "event": "flush_finished", "output_compression": "NoCompression", "lsm_state": [1, 0, 0, 0, 0, 0, 0], "immutable_memtables": 0}
2018/12/02-10:26:11.388648 7f407f7fe700 (Original Log Time 2018/12/02-10:26:11.388608) [db/db_impl_compaction_flush.cc:177] [usertable] Level summary: base level 1 max bytes base 536870912 files[1 0 0 0 0 0 0] max score 0.50
2018/12/02-10:26:11.388660 7f407f7fe700 [db/db_impl_files.cc:347] [JOB 2] Try to delete WAL files size 259099660, prev total WAL file size 292502118, number of live WAL files 3.
2018/12/02-10:26:18.042012 7f4193fff700 [db/db_impl_write.cc:1373] [usertable] New memtable created with log file: #12. Immutable memtables: 0.
2018/12/02-10:26:27.009059 7f41931f1700 [db/db_impl_write.cc:1373] [usertable] New memtable created with log file: #13. Immutable memtables: 1.
2018/12/02-10:26:27.009178 7f40e37fe700 [db/db_impl_compaction_flush.cc:80] [JOB 3] Syncing log #10
2018/12/02-10:26:27.534271 7f40e37fe700 [db/db_impl_compaction_flush.cc:80] [JOB 3] Syncing log #12
2018/12/02-10:26:28.054249 7f40e37fe700 (Original Log Time 2018/12/02-10:26:27.009157) [db/db_impl_compaction_flush.cc:1424] Calling FlushMemTableToOutputFile with column family [usertable], flush slots available 24, compaction slots available 1, flush slots scheduled 1, compaction slots scheduled 0
2018/12/02-10:26:28.054263 7f40e37fe700 [db/flush_job.cc:301] [usertable] [JOB 3] Flushing memtable with next log file: 12
2018/12/02-10:26:28.054271 7f40e37fe700 [db/flush_job.cc:301] [usertable] [JOB 3] Flushing memtable with next log file: 13
2018/12/02-10:26:28.054305 7f40e37fe700 EVENT_LOG_v1 {"time_micros": 1543775188054295, "job": 3, "event": "flush_started", "num_memtables": 2, "num_entries": 62761, "num_deletes": 0, "memory_usage": 260068592, "flush_reason": "Write Buffer Full"}
2018/12/02-10:26:28.054312 7f40e37fe700 [db/flush_job.cc:331] [usertable] [JOB 3] Level-0 flush table #14: started
2018/12/02-10:26:28.989141 7f40e37fe700 EVENT_LOG_v1 {"time_micros": 1543775188989115, "cf_name": "usertable", "job": 3, "event": "table_file_creation", "file_number": 14, "file_size": 259918403, "table_properties": {"data_size": 258763617, "index_size": 1153859, "filter_size": 0, "raw_key_size": 1506264, "raw_average_key_size": 24, "raw_value_size": 257069056, "raw_average_value_size": 4096, "num_data_blocks": 31381, "num_entries": 62761, "filter_policy_name": "", "kDeletedKeys": "0", "kMergeOperands": "0"}}
2018/12/02-10:26:28.989162 7f40e37fe700 [db/flush_job.cc:371] [usertable] [JOB 3] Level-0 flush table #14: 259918403 bytes OK
2018/12/02-10:26:29.018029 7f40e37fe700 (Original Log Time 2018/12/02-10:26:28.989188) [db/memtable_list.cc:377] [usertable] Level-0 commit table #14 started
2018/12/02-10:26:29.018033 7f40e37fe700 (Original Log Time 2018/12/02-10:26:29.017929) [db/memtable_list.cc:409] [usertable] Level-0 commit table #14: memtable #1 done
2018/12/02-10:26:29.018035 7f40e37fe700 (Original Log Time 2018/12/02-10:26:29.017931) [db/memtable_list.cc:409] [usertable] Level-0 commit table #14: memtable #2 done
2018/12/02-10:26:29.018036 7f40e37fe700 (Original Log Time 2018/12/02-10:26:29.017959) EVENT_LOG_v1 {"time_micros": 1543775189017939, "job": 3, "event": "flush_finished", "output_compression": "NoCompression", "lsm_state": [2, 0, 0, 0, 0, 0, 0], "immutable_memtables": 0}
2018/12/02-10:26:29.018038 7f40e37fe700 (Original Log Time 2018/12/02-10:26:29.017998) [db/db_impl_compaction_flush.cc:177] [usertable] Level summary: base level 1 max bytes base 536870912 files[2 0 0 0 0 0 0] max score 1.00
2018/12/02-10:26:29.018049 7f40e37fe700 [db/db_impl_files.cc:347] [JOB 3] Try to delete WAL files size 259136341, prev total WAL file size 288179571, number of live WAL files 3.
2018/12/02-10:26:29.018259 7f4100ff9700 [WARN] [db/db_impl.cc:491] ------- DUMPING STATS -------
2018/12/02-10:26:29.019747 7f4100ff9700 [WARN] [db/db_impl.cc:492] 
** DB Stats **
Uptime(secs): 38.4 total, 38.4 interval
Cumulative writes: 132K writes, 132K keys, 131K commit groups, 1.0 writes per commit group, ingest: 0.51 GB, 13.61 MB/s
Cumulative WAL: 132K writes, 0 syncs, 132548.00 writes per sync, written: 0.51 GB, 13.61 MB/s
Cumulative stall: 00:00:0.000 H:M:S, 0.0 percent
Interval writes: 132K writes, 132K keys, 131K commit groups, 1.0 writes per commit group, ingest: 521.93 MB, 13.61 MB/s
Interval WAL: 132K writes, 0 syncs, 132548.00 writes per sync, written: 0.51 MB, 13.61 MB/s
Interval stall: 00:00:0.000 H:M:S, 0.0 percent

** Compaction Stats [default] **
Level    Files   Size     Score Read(GB)  Rn(GB) Rnp1(GB) Write(GB) Wnew(GB) Moved(GB) W-Amp Rd(MB/s) Wr(MB/s) Comp(sec) Comp(cnt) Avg(sec) KeyIn KeyDrop
----------------------------------------------------------------------------------------------------------------------------------------------------------
 Sum      0/0    0.00 KB   0.0      0.0     0.0      0.0       0.0      0.0       0.0   0.0      0.0      0.0         0         0    0.000       0      0
 Int      0/0    0.00 KB   0.0      0.0     0.0      0.0       0.0      0.0       0.0   0.0      0.0      0.0         0         0    0.000       0      0
Uptime(secs): 38.4 total, 38.4 interval
Flush(GB): cumulative 0.000, interval 0.000
AddFile(GB): cumulative 0.000, interval 0.000
AddFile(Total Files): cumulative 0, interval 0
AddFile(L0 Files): cumulative 0, interval 0
AddFile(Keys): cumulative 0, interval 0
Cumulative compaction: 0.00 GB write, 0.00 MB/s write, 0.00 GB read, 0.00 MB/s read, 0.0 seconds
Interval compaction: 0.00 GB write, 0.00 MB/s write, 0.00 GB read, 0.00 MB/s read, 0.0 seconds
Stalls(count): 0 level0_slowdown, 0 level0_slowdown_with_compaction, 0 level0_numfiles, 0 level0_numfiles_with_compaction, 0 stop for pending_compaction_bytes, 0 slowdown for pending_compaction_bytes, 0 memtable_compaction, 0 memtable_slowdown, interval 0 total count

** File Read Latency Histogram By Level [default] **

** Compaction Stats [usertable] **
Level    Files   Size     Score Read(GB)  Rn(GB) Rnp1(GB) Write(GB) Wnew(GB) Moved(GB) W-Amp Rd(MB/s) Wr(MB/s) Comp(sec) Comp(cnt) Avg(sec) KeyIn KeyDrop
----------------------------------------------------------------------------------------------------------------------------------------------------------
  L0      2/0   495.72 MB   1.0      0.0     0.0      0.0       0.5      0.5       0.0   1.0      0.0    207.3         2         2    1.196       0      0
 Sum      2/0   495.72 MB   0.0      0.0     0.0      0.0       0.5      0.5       0.0   1.0      0.0    207.3         2         2    1.196       0      0
 Int      0/0    0.00 KB   0.0      0.0     0.0      0.0       0.5      0.5       0.0   1.0      0.0    207.3         2         2    1.196       0      0
Uptime(secs): 38.1 total, 38.1 interval
Flush(GB): cumulative 0.484, interval 0.484
AddFile(GB): cumulative 0.000, interval 0.000
AddFile(Total Files): cumulative 0, interval 0
AddFile(L0 Files): cumulative 0, interval 0
AddFile(Keys): cumulative 0, interval 0
Cumulative compaction: 0.48 GB write, 13.01 MB/s write, 0.00 GB read, 0.00 MB/s read, 2.4 seconds
Interval compaction: 0.48 GB write, 13.01 MB/s write, 0.00 GB read, 0.00 MB/s read, 2.4 seconds
Stalls(count): 0 level0_slowdown, 0 level0_slowdown_with_compaction, 0 level0_numfiles, 0 level0_numfiles_with_compaction, 0 stop for pending_compaction_bytes, 0 slowdown for pending_compaction_bytes, 0 memtable_compaction, 0 memtable_slowdown, interval 0 total count

** File Read Latency Histogram By Level [usertable] **

** Compaction Stats [default] **
Level    Files   Size     Score Read(GB)  Rn(GB) Rnp1(GB) Write(GB) Wnew(GB) Moved(GB) W-Amp Rd(MB/s) Wr(MB/s) Comp(sec) Comp(cnt) Avg(sec) KeyIn KeyDrop
----------------------------------------------------------------------------------------------------------------------------------------------------------
 Sum      0/0    0.00 KB   0.0      0.0     0.0      0.0       0.0      0.0       0.0   0.0      0.0      0.0         0         0    0.000       0      0
 Int      0/0    0.00 KB   0.0      0.0     0.0      0.0       0.0      0.0       0.0   0.0      0.0      0.0         0         0    0.000       0      0
Uptime(secs): 38.4 total, 0.0 interval
Flush(GB): cumulative 0.000, interval 0.000
AddFile(GB): cumulative 0.000, interval 0.000
AddFile(Total Files): cumulative 0, interval 0
AddFile(L0 Files): cumulative 0, interval 0
AddFile(Keys): cumulative 0, interval 0
Cumulative compaction: 0.00 GB write, 0.00 MB/s write, 0.00 GB read, 0.00 MB/s read, 0.0 seconds
Interval compaction: 0.00 GB write, 0.00 MB/s write, 0.00 GB read, 0.00 MB/s read, 0.0 seconds
Stalls(count): 0 level0_slowdown, 0 level0_slowdown_with_compaction, 0 level0_numfiles, 0 level0_numfiles_with_compaction, 0 stop for pending_compaction_bytes, 0 slowdown for pending_compaction_bytes, 0 memtable_compaction, 0 memtable_slowdown, interval 0 total count

** File Read Latency Histogram By Level [default] **

** Compaction Stats [usertable] **
Level    Files   Size     Score Read(GB)  Rn(GB) Rnp1(GB) Write(GB) Wnew(GB) Moved(GB) W-Amp Rd(MB/s) Wr(MB/s) Comp(sec) Comp(cnt) Avg(sec) KeyIn KeyDrop
----------------------------------------------------------------------------------------------------------------------------------------------------------
  L0      2/0   495.72 MB   1.0      0.0     0.0      0.0       0.5      0.5       0.0   1.0      0.0    207.3         2         2    1.196       0      0
 Sum      2/0   495.72 MB   0.0      0.0     0.0      0.0       0.5      0.5       0.0   1.0      0.0    207.3         2         2    1.196       0      0
 Int      0/0    0.00 KB   0.0      0.0     0.0      0.0       0.0      0.0       0.0   0.0      0.0      0.0         0         0    0.000       0      0
Uptime(secs): 38.1 total, 0.0 interval
Flush(GB): cumulative 0.484, interval 0.000
AddFile(GB): cumulative 0.000, interval 0.000
AddFile(Total Files): cumulative 0, interval 0
AddFile(L0 Files): cumulative 0, interval 0
AddFile(Keys): cumulative 0, interval 0
Cumulative compaction: 0.48 GB write, 13.01 MB/s write, 0.00 GB read, 0.00 MB/s read, 2.4 seconds
Interval compaction: 0.00 GB write, 0.00 MB/s write, 0.00 GB read, 0.00 MB/s read, 0.0 seconds
Stalls(count): 0 level0_slowdown, 0 level0_slowdown_with_compaction, 0 level0_numfiles, 0 level0_numfiles_with_compaction, 0 stop for pending_compaction_bytes, 0 slowdown for pending_compaction_bytes, 0 memtable_compaction, 0 memtable_slowdown, interval 0 total count

** File Read Latency Histogram By Level [usertable] **
2018/12/02-10:26:29.051571 7f4100ff9700 (Original Log Time 2018/12/02-10:26:29.022582) [db/db_impl_compaction_flush.cc:1835] [usertable] Moving #14 to level-1 259918403 bytes
2018/12/02-10:26:29.051575 7f4100ff9700 (Original Log Time 2018/12/02-10:26:29.051522) EVENT_LOG_v1 {"time_micros": 1543775189051510, "job": 4, "event": "trivial_move", "destination_level": 1, "files": 1, "total_files_size": 259918403}
2018/12/02-10:26:29.051577 7f4100ff9700 (Original Log Time 2018/12/02-10:26:29.051535) [db/db_impl_compaction_flush.cc:1864] [usertable] Moved #1 files to level-1 259918403 bytes OK: base level 1 max bytes base 536870912 files[1 1 0 0 0 0 0] max score 0.50
2018/12/02-10:26:35.975204 7f41d04e2700 [db/db_impl_write.cc:1373] [usertable] New memtable created with log file: #15. Immutable memtables: 0.
2018/12/02-10:26:44.940519 7f4192fef700 [db/db_impl_write.cc:1373] [usertable] New memtable created with log file: #16. Immutable memtables: 1.
2018/12/02-10:26:44.940608 7f40e3fff700 [db/db_impl_compaction_flush.cc:80] [JOB 5] Syncing log #13
2018/12/02-10:26:45.669574 7f40e3fff700 [db/db_impl_compaction_flush.cc:80] [JOB 5] Syncing log #15
2018/12/02-10:26:46.907481 7f40e3fff700 (Original Log Time 2018/12/02-10:26:44.940587) [db/db_impl_compaction_flush.cc:1424] Calling FlushMemTableToOutputFile with column family [usertable], flush slots available 24, compaction slots available 1, flush slots scheduled 1, compaction slots scheduled 0
2018/12/02-10:26:46.907499 7f40e3fff700 [db/flush_job.cc:301] [usertable] [JOB 5] Flushing memtable with next log file: 15
2018/12/02-10:26:46.907508 7f40e3fff700 [db/flush_job.cc:301] [usertable] [JOB 5] Flushing memtable with next log file: 16
2018/12/02-10:26:46.907539 7f40e3fff700 EVENT_LOG_v1 {"time_micros": 1543775206907530, "job": 5, "event": "flush_started", "num_memtables": 2, "num_entries": 62763, "num_deletes": 0, "memory_usage": 260053328, "flush_reason": "Write Buffer Full"}
2018/12/02-10:26:46.907546 7f40e3fff700 [db/flush_job.cc:331] [usertable] [JOB 5] Level-0 flush table #17: started
2018/12/02-10:26:48.235064 7f40e3fff700 EVENT_LOG_v1 {"time_micros": 1543775208235043, "cf_name": "usertable", "job": 5, "event": "table_file_creation", "file_number": 17, "file_size": 259940632, "table_properties": {"data_size": 258778835, "index_size": 1160870, "filter_size": 0, "raw_key_size": 1506312, "raw_average_key_size": 24, "raw_value_size": 257077248, "raw_average_value_size": 4096, "num_data_blocks": 31382, "num_entries": 62763, "filter_policy_name": "", "kDeletedKeys": "0", "kMergeOperands": "0"}}
2018/12/02-10:26:48.235084 7f40e3fff700 [db/flush_job.cc:371] [usertable] [JOB 5] Level-0 flush table #17: 259940632 bytes OK
2018/12/02-10:26:48.263928 7f40e3fff700 (Original Log Time 2018/12/02-10:26:48.235099) [db/memtable_list.cc:377] [usertable] Level-0 commit table #17 started
2018/12/02-10:26:48.263931 7f40e3fff700 (Original Log Time 2018/12/02-10:26:48.263834) [db/memtable_list.cc:409] [usertable] Level-0 commit table #17: memtable #1 done
2018/12/02-10:26:48.263933 7f40e3fff700 (Original Log Time 2018/12/02-10:26:48.263837) [db/memtable_list.cc:409] [usertable] Level-0 commit table #17: memtable #2 done
2018/12/02-10:26:48.263935 7f40e3fff700 (Original Log Time 2018/12/02-10:26:48.263862) EVENT_LOG_v1 {"time_micros": 1543775208263844, "job": 5, "event": "flush_finished", "output_compression": "NoCompression", "lsm_state": [2, 1, 0, 0, 0, 0, 0], "immutable_memtables": 0}
2018/12/02-10:26:48.263937 7f40e3fff700 (Original Log Time 2018/12/02-10:26:48.263901) [db/db_impl_compaction_flush.cc:177] [usertable] Level summary: base level 1 max bytes base 536870912 files[2 1 0 0 0 0 0] max score 1.00
