2018/11/27-18:03:50.652953 7f823c146700 RocksDB version: 5.14.3
2018/11/27-18:03:50.653018 7f823c146700 Git sha rocksdb_build_git_sha:
2018/11/27-18:03:50.653021 7f823c146700 Compile date Nov 22 2018
2018/11/27-18:03:50.653026 7f823c146700 DB SUMMARY
2018/11/27-18:03:50.653690 7f823c146700 CURRENT file:  CURRENT
2018/11/27-18:03:50.653694 7f823c146700 IDENTITY file:  IDENTITY
2018/11/27-18:03:50.653702 7f823c146700 MANIFEST file:  MANIFEST-000004 size: 128393 Bytes
2018/11/27-18:03:50.653705 7f823c146700 SST files in /mnt/sda/ycsb-rocksdb-data dir, Total Num: 647, files: 000021.sst 000022.sst 000023.sst 000024.sst 000028.sst 000029.sst 000030.sst 000031.sst 000035.sst 
2018/11/27-18:03:50.653707 7f823c146700 Write Ahead Log file in /mnt/sda/ycsb-rocksdb-data: 001284.log size: 100539376 ; 001289.log size: 3677250 ; 
2018/11/27-18:03:50.653714 7f823c146700                         Options.error_if_exists: 0
2018/11/27-18:03:50.653715 7f823c146700                       Options.create_if_missing: 1
2018/11/27-18:03:50.653716 7f823c146700                         Options.paranoid_checks: 1
2018/11/27-18:03:50.653717 7f823c146700                                     Options.env: 0x7f817b37d2c0
2018/11/27-18:03:50.653718 7f823c146700                                Options.info_log: 0x7f81c43b2000
2018/11/27-18:03:50.653719 7f823c146700                Options.max_file_opening_threads: 16
2018/11/27-18:03:50.653720 7f823c146700                              Options.statistics: (nil)
2018/11/27-18:03:50.653722 7f823c146700                               Options.use_fsync: 0
2018/11/27-18:03:50.653723 7f823c146700                       Options.max_log_file_size: 0
2018/11/27-18:03:50.653724 7f823c146700                  Options.max_manifest_file_size: 18446744073709551615
2018/11/27-18:03:50.653725 7f823c146700                   Options.log_file_time_to_roll: 0
2018/11/27-18:03:50.653725 7f823c146700                       Options.keep_log_file_num: 1000
2018/11/27-18:03:50.653726 7f823c146700                    Options.recycle_log_file_num: 0
2018/11/27-18:03:50.653727 7f823c146700                         Options.allow_fallocate: 1
2018/11/27-18:03:50.653728 7f823c146700                        Options.allow_mmap_reads: 0
2018/11/27-18:03:50.653729 7f823c146700                       Options.allow_mmap_writes: 0
2018/11/27-18:03:50.653730 7f823c146700                        Options.use_direct_reads: 0
2018/11/27-18:03:50.653731 7f823c146700                        Options.use_direct_io_for_flush_and_compaction: 0
2018/11/27-18:03:50.653732 7f823c146700          Options.create_missing_column_families: 1
2018/11/27-18:03:50.653733 7f823c146700                              Options.db_log_dir: 
2018/11/27-18:03:50.653734 7f823c146700                                 Options.wal_dir: /mnt/sda/ycsb-rocksdb-data
2018/11/27-18:03:50.653735 7f823c146700                Options.table_cache_numshardbits: 6
2018/11/27-18:03:50.653736 7f823c146700                      Options.max_subcompactions: 4
2018/11/27-18:03:50.653737 7f823c146700                  Options.max_background_flushes: 24
2018/11/27-18:03:50.653738 7f823c146700                         Options.WAL_ttl_seconds: 0
2018/11/27-18:03:50.653739 7f823c146700                       Options.WAL_size_limit_MB: 0
2018/11/27-18:03:50.653739 7f823c146700             Options.manifest_preallocation_size: 4194304
2018/11/27-18:03:50.653740 7f823c146700                     Options.is_fd_close_on_exec: 1
2018/11/27-18:03:50.653741 7f823c146700                   Options.advise_random_on_open: 1
2018/11/27-18:03:50.653742 7f823c146700                    Options.db_write_buffer_size: 0
2018/11/27-18:03:50.653743 7f823c146700                    Options.write_buffer_manager: 0x7f81c43b1cf0
2018/11/27-18:03:50.653744 7f823c146700         Options.access_hint_on_compaction_start: 1
2018/11/27-18:03:50.653745 7f823c146700  Options.new_table_reader_for_compaction_inputs: 0
2018/11/27-18:03:50.653746 7f823c146700           Options.random_access_max_buffer_size: 1048576
2018/11/27-18:03:50.653747 7f823c146700                      Options.use_adaptive_mutex: 0
2018/11/27-18:03:50.653748 7f823c146700                            Options.rate_limiter: (nil)
2018/11/27-18:03:50.653765 7f823c146700     Options.sst_file_manager.rate_bytes_per_sec: 0
2018/11/27-18:03:50.653767 7f823c146700                       Options.wal_recovery_mode: 2
2018/11/27-18:03:50.653768 7f823c146700                  Options.enable_thread_tracking: 0
2018/11/27-18:03:50.653769 7f823c146700                  Options.enable_pipelined_write: 1
2018/11/27-18:03:50.653770 7f823c146700         Options.allow_concurrent_memtable_write: 1
2018/11/27-18:03:50.653771 7f823c146700      Options.enable_write_thread_adaptive_yield: 1
2018/11/27-18:03:50.653772 7f823c146700             Options.write_thread_max_yield_usec: 100
2018/11/27-18:03:50.653773 7f823c146700            Options.write_thread_slow_yield_usec: 3
2018/11/27-18:03:50.653774 7f823c146700                               Options.row_cache: None
2018/11/27-18:03:50.653775 7f823c146700                              Options.wal_filter: None
2018/11/27-18:03:50.653776 7f823c146700             Options.avoid_flush_during_recovery: 0
2018/11/27-18:03:50.653777 7f823c146700             Options.allow_ingest_behind: 0
2018/11/27-18:03:50.653778 7f823c146700             Options.preserve_deletes: 0
2018/11/27-18:03:50.653779 7f823c146700             Options.two_write_queues: 0
2018/11/27-18:03:50.653779 7f823c146700             Options.manual_wal_flush: 0
2018/11/27-18:03:50.653781 7f823c146700             Options.max_background_jobs: 24
2018/11/27-18:03:50.653782 7f823c146700             Options.max_background_compactions: 24
2018/11/27-18:03:50.653783 7f823c146700             Options.avoid_flush_during_shutdown: 0
2018/11/27-18:03:50.653784 7f823c146700           Options.writable_file_max_buffer_size: 1048576
2018/11/27-18:03:50.653785 7f823c146700             Options.delayed_write_rate : 16777216
2018/11/27-18:03:50.653786 7f823c146700             Options.max_total_wal_size: 0
2018/11/27-18:03:50.653787 7f823c146700             Options.delete_obsolete_files_period_micros: 21600000000
2018/11/27-18:03:50.653788 7f823c146700                   Options.stats_dump_period_sec: 60
2018/11/27-18:03:50.653789 7f823c146700                          Options.max_open_files: -1
2018/11/27-18:03:50.653790 7f823c146700                          Options.bytes_per_sync: 1048576
2018/11/27-18:03:50.653791 7f823c146700                      Options.wal_bytes_per_sync: 0
2018/11/27-18:03:50.653792 7f823c146700       Options.compaction_readahead_size: 0
2018/11/27-18:03:50.653793 7f823c146700 Compression algorithms supported:
2018/11/27-18:03:50.653794 7f823c146700 	kZSTDNotFinalCompression supported: 1
2018/11/27-18:03:50.653804 7f823c146700 	kZSTD supported: 1
2018/11/27-18:03:50.653806 7f823c146700 	kXpressCompression supported: 0
2018/11/27-18:03:50.653807 7f823c146700 	kLZ4HCCompression supported: 1
2018/11/27-18:03:50.653808 7f823c146700 	kLZ4Compression supported: 1
2018/11/27-18:03:50.653809 7f823c146700 	kBZip2Compression supported: 1
2018/11/27-18:03:50.653810 7f823c146700 	kZlibCompression supported: 1
2018/11/27-18:03:50.653811 7f823c146700 	kSnappyCompression supported: 1
2018/11/27-18:03:50.653816 7f823c146700 Fast CRC32 supported: Supported on x86
2018/11/27-18:03:50.654248 7f823c146700 [db/version_set.cc:3085] Recovering from manifest file: MANIFEST-000004
2018/11/27-18:03:50.654355 7f823c146700 [db/column_family.cc:475] --------------- Options for column family [default]:
2018/11/27-18:03:50.654359 7f823c146700               Options.comparator: leveldb.BytewiseComparator
2018/11/27-18:03:50.654361 7f823c146700           Options.merge_operator: None
2018/11/27-18:03:50.654362 7f823c146700        Options.compaction_filter: None
2018/11/27-18:03:50.654363 7f823c146700        Options.compaction_filter_factory: None
2018/11/27-18:03:50.654364 7f823c146700         Options.memtable_factory: SkipListFactory
2018/11/27-18:03:50.654365 7f823c146700            Options.table_factory: BlockBasedTable
2018/11/27-18:03:50.654391 7f823c146700            table_factory options:   flush_block_policy_factory: FlushBlockBySizePolicyFactory (0x7f81c4373b70)
  cache_index_and_filter_blocks: 0
  cache_index_and_filter_blocks_with_high_priority: 0
  pin_l0_filter_and_index_blocks_in_cache: 0
  index_type: 0
  hash_index_allow_collision: 1
  checksum: 1
  no_block_cache: 0
  block_cache: 0x7f81c437f7a0
  block_cache_name: LRUCache
  block_cache_options:
    capacity : 8388608
    num_shard_bits : 4
    strict_capacity_limit : 0
    high_pri_pool_ratio: 0.000
  block_cache_compressed: (nil)
  persistent_cache: (nil)
  block_size: 8192
  block_size_deviation: 10
  block_restart_interval: 16
  index_block_restart_interval: 1
  metadata_block_size: 4096
  partition_filters: 0
  use_delta_encoding: 1
  filter_policy: nullptr
  whole_key_filtering: 1
  verify_compression: 0
  read_amp_bytes_per_bit: 0
  format_version: 2
  enable_index_compression: 1
  block_align: 0
2018/11/27-18:03:50.654405 7f823c146700        Options.write_buffer_size: 134217728
2018/11/27-18:03:50.654406 7f823c146700  Options.max_write_buffer_number: 24
2018/11/27-18:03:50.654408 7f823c146700        Options.compression[0]: NoCompression
2018/11/27-18:03:50.654409 7f823c146700        Options.compression[1]: NoCompression
2018/11/27-18:03:50.654411 7f823c146700        Options.compression[2]: LZ4
2018/11/27-18:03:50.654412 7f823c146700        Options.compression[3]: LZ4
2018/11/27-18:03:50.654413 7f823c146700        Options.compression[4]: LZ4
2018/11/27-18:03:50.654414 7f823c146700        Options.compression[5]: LZ4
2018/11/27-18:03:50.654415 7f823c146700        Options.compression[6]: LZ4
2018/11/27-18:03:50.654416 7f823c146700                  Options.bottommost_compression: Disabled
2018/11/27-18:03:50.654417 7f823c146700       Options.prefix_extractor: nullptr
2018/11/27-18:03:50.654418 7f823c146700   Options.memtable_insert_with_hint_prefix_extractor: nullptr
2018/11/27-18:03:50.654419 7f823c146700             Options.num_levels: 7
2018/11/27-18:03:50.654420 7f823c146700        Options.min_write_buffer_number_to_merge: 2
2018/11/27-18:03:50.654421 7f823c146700     Options.max_write_buffer_number_to_maintain: 0
2018/11/27-18:03:50.654422 7f823c146700            Options.compression_opts.window_bits: -14
2018/11/27-18:03:50.654423 7f823c146700                  Options.compression_opts.level: -1
2018/11/27-18:03:50.654424 7f823c146700               Options.compression_opts.strategy: 0
2018/11/27-18:03:50.654425 7f823c146700         Options.compression_opts.max_dict_bytes: 0
2018/11/27-18:03:50.654426 7f823c146700         Options.compression_opts.zstd_max_train_bytes: 0
2018/11/27-18:03:50.654427 7f823c146700      Options.level0_file_num_compaction_trigger: 2
2018/11/27-18:03:50.654427 7f823c146700          Options.level0_slowdown_writes_trigger: 20
2018/11/27-18:03:50.654428 7f823c146700              Options.level0_stop_writes_trigger: 36
2018/11/27-18:03:50.654429 7f823c146700                   Options.target_file_size_base: 67108864
2018/11/27-18:03:50.654430 7f823c146700             Options.target_file_size_multiplier: 1
2018/11/27-18:03:50.654431 7f823c146700                Options.max_bytes_for_level_base: 536870912
2018/11/27-18:03:50.654432 7f823c146700 Options.level_compaction_dynamic_level_bytes: 0
2018/11/27-18:03:50.654433 7f823c146700          Options.max_bytes_for_level_multiplier: 10.000000
2018/11/27-18:03:50.654436 7f823c146700 Options.max_bytes_for_level_multiplier_addtl[0]: 1
2018/11/27-18:03:50.654438 7f823c146700 Options.max_bytes_for_level_multiplier_addtl[1]: 1
2018/11/27-18:03:50.654438 7f823c146700 Options.max_bytes_for_level_multiplier_addtl[2]: 1
2018/11/27-18:03:50.654439 7f823c146700 Options.max_bytes_for_level_multiplier_addtl[3]: 1
2018/11/27-18:03:50.654440 7f823c146700 Options.max_bytes_for_level_multiplier_addtl[4]: 1
2018/11/27-18:03:50.654441 7f823c146700 Options.max_bytes_for_level_multiplier_addtl[5]: 1
2018/11/27-18:03:50.654442 7f823c146700 Options.max_bytes_for_level_multiplier_addtl[6]: 1
2018/11/27-18:03:50.654443 7f823c146700       Options.max_sequential_skip_in_iterations: 8
2018/11/27-18:03:50.654444 7f823c146700                    Options.max_compaction_bytes: 1677721600
2018/11/27-18:03:50.654451 7f823c146700                        Options.arena_block_size: 16777216
2018/11/27-18:03:50.654452 7f823c146700   Options.soft_pending_compaction_bytes_limit: 68719476736
2018/11/27-18:03:50.654453 7f823c146700   Options.hard_pending_compaction_bytes_limit: 274877906944
2018/11/27-18:03:50.654454 7f823c146700       Options.rate_limit_delay_max_milliseconds: 100
2018/11/27-18:03:50.654455 7f823c146700                Options.disable_auto_compactions: 0
2018/11/27-18:03:50.654457 7f823c146700                        Options.compaction_style: kCompactionStyleLevel
2018/11/27-18:03:50.654459 7f823c146700                          Options.compaction_pri: kByCompensatedSize
2018/11/27-18:03:50.654460 7f823c146700 Options.compaction_options_universal.size_ratio: 1
2018/11/27-18:03:50.654461 7f823c146700 Options.compaction_options_universal.min_merge_width: 2
2018/11/27-18:03:50.654462 7f823c146700 Options.compaction_options_universal.max_merge_width: 4294967295
2018/11/27-18:03:50.654463 7f823c146700 Options.compaction_options_universal.max_size_amplification_percent: 200
2018/11/27-18:03:50.654464 7f823c146700 Options.compaction_options_universal.compression_size_percent: -1
2018/11/27-18:03:50.654466 7f823c146700 Options.compaction_options_universal.stop_style: kCompactionStopStyleTotalSize
2018/11/27-18:03:50.654467 7f823c146700 Options.compaction_options_fifo.max_table_files_size: 1073741824
2018/11/27-18:03:50.654468 7f823c146700 Options.compaction_options_fifo.allow_compaction: 0
2018/11/27-18:03:50.654470 7f823c146700 Options.compaction_options_fifo.ttl: 0
2018/11/27-18:03:50.654471 7f823c146700                   Options.table_properties_collectors: 
2018/11/27-18:03:50.654472 7f823c146700                   Options.inplace_update_support: 0
2018/11/27-18:03:50.654473 7f823c146700                 Options.inplace_update_num_locks: 10000
2018/11/27-18:03:50.654474 7f823c146700               Options.memtable_prefix_bloom_size_ratio: 0.000000
2018/11/27-18:03:50.654475 7f823c146700   Options.memtable_huge_page_size: 0
2018/11/27-18:03:50.654476 7f823c146700                           Options.bloom_locality: 0
2018/11/27-18:03:50.654477 7f823c146700                    Options.max_successive_merges: 0
2018/11/27-18:03:50.654478 7f823c146700                Options.optimize_filters_for_hits: 0
2018/11/27-18:03:50.654479 7f823c146700                Options.paranoid_file_checks: 0
2018/11/27-18:03:50.654480 7f823c146700                Options.force_consistency_checks: 0
2018/11/27-18:03:50.654481 7f823c146700                Options.report_bg_io_stats: 0
2018/11/27-18:03:50.654482 7f823c146700                               Options.ttl: 0
2018/11/27-18:03:50.654970 7f823c146700 [db/column_family.cc:475] --------------- Options for column family [usertable]:
2018/11/27-18:03:50.654975 7f823c146700               Options.comparator: leveldb.BytewiseComparator
2018/11/27-18:03:50.654976 7f823c146700           Options.merge_operator: None
2018/11/27-18:03:50.654977 7f823c146700        Options.compaction_filter: None
2018/11/27-18:03:50.654978 7f823c146700        Options.compaction_filter_factory: None
2018/11/27-18:03:50.654979 7f823c146700         Options.memtable_factory: SkipListFactory
2018/11/27-18:03:50.654980 7f823c146700            Options.table_factory: BlockBasedTable
2018/11/27-18:03:50.655007 7f823c146700            table_factory options:   flush_block_policy_factory: FlushBlockBySizePolicyFactory (0x7f81c4373940)
  cache_index_and_filter_blocks: 0
  cache_index_and_filter_blocks_with_high_priority: 0
  pin_l0_filter_and_index_blocks_in_cache: 0
  index_type: 0
  hash_index_allow_collision: 1
  checksum: 1
  no_block_cache: 0
  block_cache: 0x7f81c43735a0
  block_cache_name: LRUCache
  block_cache_options:
    capacity : 8388608
    num_shard_bits : 4
    strict_capacity_limit : 0
    high_pri_pool_ratio: 0.000
  block_cache_compressed: (nil)
  persistent_cache: (nil)
  block_size: 8192
  block_size_deviation: 10
  block_restart_interval: 16
  index_block_restart_interval: 1
  metadata_block_size: 4096
  partition_filters: 0
  use_delta_encoding: 1
  filter_policy: nullptr
  whole_key_filtering: 1
  verify_compression: 0
  read_amp_bytes_per_bit: 0
  format_version: 2
  enable_index_compression: 1
  block_align: 0
2018/11/27-18:03:50.655022 7f823c146700        Options.write_buffer_size: 134217728
2018/11/27-18:03:50.655024 7f823c146700  Options.max_write_buffer_number: 24
2018/11/27-18:03:50.655025 7f823c146700        Options.compression[0]: NoCompression
2018/11/27-18:03:50.655026 7f823c146700        Options.compression[1]: NoCompression
2018/11/27-18:03:50.655028 7f823c146700        Options.compression[2]: LZ4
2018/11/27-18:03:50.655029 7f823c146700        Options.compression[3]: LZ4
2018/11/27-18:03:50.655030 7f823c146700        Options.compression[4]: LZ4
2018/11/27-18:03:50.655031 7f823c146700        Options.compression[5]: LZ4
2018/11/27-18:03:50.655032 7f823c146700        Options.compression[6]: LZ4
2018/11/27-18:03:50.655033 7f823c146700                  Options.bottommost_compression: Disabled
2018/11/27-18:03:50.655034 7f823c146700       Options.prefix_extractor: nullptr
2018/11/27-18:03:50.655035 7f823c146700   Options.memtable_insert_with_hint_prefix_extractor: nullptr
2018/11/27-18:03:50.655036 7f823c146700             Options.num_levels: 7
2018/11/27-18:03:50.655037 7f823c146700        Options.min_write_buffer_number_to_merge: 2
2018/11/27-18:03:50.655037 7f823c146700     Options.max_write_buffer_number_to_maintain: 0
2018/11/27-18:03:50.655038 7f823c146700            Options.compression_opts.window_bits: -14
2018/11/27-18:03:50.655039 7f823c146700                  Options.compression_opts.level: -1
2018/11/27-18:03:50.655040 7f823c146700               Options.compression_opts.strategy: 0
2018/11/27-18:03:50.655041 7f823c146700         Options.compression_opts.max_dict_bytes: 0
2018/11/27-18:03:50.655042 7f823c146700         Options.compression_opts.zstd_max_train_bytes: 0
2018/11/27-18:03:50.655043 7f823c146700      Options.level0_file_num_compaction_trigger: 2
2018/11/27-18:03:50.655044 7f823c146700          Options.level0_slowdown_writes_trigger: 20
2018/11/27-18:03:50.655045 7f823c146700              Options.level0_stop_writes_trigger: 36
2018/11/27-18:03:50.655046 7f823c146700                   Options.target_file_size_base: 67108864
2018/11/27-18:03:50.655047 7f823c146700             Options.target_file_size_multiplier: 1
2018/11/27-18:03:50.655047 7f823c146700                Options.max_bytes_for_level_base: 536870912
2018/11/27-18:03:50.655048 7f823c146700 Options.level_compaction_dynamic_level_bytes: 0
2018/11/27-18:03:50.655049 7f823c146700          Options.max_bytes_for_level_multiplier: 10.000000
2018/11/27-18:03:50.655052 7f823c146700 Options.max_bytes_for_level_multiplier_addtl[0]: 1
2018/11/27-18:03:50.655053 7f823c146700 Options.max_bytes_for_level_multiplier_addtl[1]: 1
2018/11/27-18:03:50.655054 7f823c146700 Options.max_bytes_for_level_multiplier_addtl[2]: 1
2018/11/27-18:03:50.655055 7f823c146700 Options.max_bytes_for_level_multiplier_addtl[3]: 1
2018/11/27-18:03:50.655056 7f823c146700 Options.max_bytes_for_level_multiplier_addtl[4]: 1
2018/11/27-18:03:50.655057 7f823c146700 Options.max_bytes_for_level_multiplier_addtl[5]: 1
2018/11/27-18:03:50.655058 7f823c146700 Options.max_bytes_for_level_multiplier_addtl[6]: 1
2018/11/27-18:03:50.655058 7f823c146700       Options.max_sequential_skip_in_iterations: 8
2018/11/27-18:03:50.655059 7f823c146700                    Options.max_compaction_bytes: 1677721600
2018/11/27-18:03:50.655060 7f823c146700                        Options.arena_block_size: 16777216
2018/11/27-18:03:50.655061 7f823c146700   Options.soft_pending_compaction_bytes_limit: 68719476736
2018/11/27-18:03:50.655062 7f823c146700   Options.hard_pending_compaction_bytes_limit: 274877906944
2018/11/27-18:03:50.655063 7f823c146700       Options.rate_limit_delay_max_milliseconds: 100
2018/11/27-18:03:50.655064 7f823c146700                Options.disable_auto_compactions: 0
2018/11/27-18:03:50.655066 7f823c146700                        Options.compaction_style: kCompactionStyleLevel
2018/11/27-18:03:50.655074 7f823c146700                          Options.compaction_pri: kByCompensatedSize
2018/11/27-18:03:50.655076 7f823c146700 Options.compaction_options_universal.size_ratio: 1
2018/11/27-18:03:50.655077 7f823c146700 Options.compaction_options_universal.min_merge_width: 2
2018/11/27-18:03:50.655078 7f823c146700 Options.compaction_options_universal.max_merge_width: 4294967295
2018/11/27-18:03:50.655079 7f823c146700 Options.compaction_options_universal.max_size_amplification_percent: 200
2018/11/27-18:03:50.655080 7f823c146700 Options.compaction_options_universal.compression_size_percent: -1
2018/11/27-18:03:50.655081 7f823c146700 Options.compaction_options_universal.stop_style: kCompactionStopStyleTotalSize
2018/11/27-18:03:50.655082 7f823c146700 Options.compaction_options_fifo.max_table_files_size: 1073741824
2018/11/27-18:03:50.655083 7f823c146700 Options.compaction_options_fifo.allow_compaction: 0
2018/11/27-18:03:50.655084 7f823c146700 Options.compaction_options_fifo.ttl: 0
2018/11/27-18:03:50.655085 7f823c146700                   Options.table_properties_collectors: 
2018/11/27-18:03:50.655086 7f823c146700                   Options.inplace_update_support: 0
2018/11/27-18:03:50.655087 7f823c146700                 Options.inplace_update_num_locks: 10000
2018/11/27-18:03:50.655088 7f823c146700               Options.memtable_prefix_bloom_size_ratio: 0.000000
2018/11/27-18:03:50.655089 7f823c146700   Options.memtable_huge_page_size: 0
2018/11/27-18:03:50.655090 7f823c146700                           Options.bloom_locality: 0
2018/11/27-18:03:50.655091 7f823c146700                    Options.max_successive_merges: 0
2018/11/27-18:03:50.655092 7f823c146700                Options.optimize_filters_for_hits: 0
2018/11/27-18:03:50.655093 7f823c146700                Options.paranoid_file_checks: 0
2018/11/27-18:03:50.655094 7f823c146700                Options.force_consistency_checks: 0
2018/11/27-18:03:50.655095 7f823c146700                Options.report_bg_io_stats: 0
2018/11/27-18:03:50.655096 7f823c146700                               Options.ttl: 0
2018/11/27-18:03:51.146025 7f823c146700 [db/version_set.cc:3361] Recovered from manifest file:/mnt/sda/ycsb-rocksdb-data/MANIFEST-000004 succeeded,manifest_file_number is 4, next_file_number is 1290, last_sequence is 10431699, log_number is 0,prev_log_number is 0,max_column_family is 1,min_log_number_to_keep is 0
2018/11/27-18:03:51.146036 7f823c146700 [db/version_set.cc:3369] Column family [default] (ID 0), log number is 0
2018/11/27-18:03:51.146038 7f823c146700 [db/version_set.cc:3369] Column family [usertable] (ID 1), log number is 1284
2018/11/27-18:03:51.147990 7f823c146700 EVENT_LOG_v1 {"time_micros": 1543370631147978, "job": 1, "event": "recovery_started", "log_files": [1284, 1289]}
2018/11/27-18:03:51.147998 7f823c146700 [db/db_impl_open.cc:551] Recovering log #1284 mode 2
2018/11/27-18:03:51.423426 7f823c146700 [db/db_impl_open.cc:551] Recovering log #1289 mode 2
2018/11/27-18:03:51.433849 7f823c146700 [db/version_set.cc:2847] Creating manifest 1291
2018/11/27-18:03:51.917494 7f823c146700 EVENT_LOG_v1 {"time_micros": 1543370631917469, "cf_name": "usertable", "job": 1, "event": "table_file_creation", "file_number": 1292, "file_size": 104342984, "table_properties": {"data_size": 103878999, "index_size": 463063, "filter_size": 0, "raw_key_size": 604680, "raw_average_key_size": 24, "raw_value_size": 103198720, "raw_average_value_size": 4096, "num_data_blocks": 12598, "num_entries": 25195, "filter_policy_name": "", "kDeletedKeys": "0", "kMergeOperands": "0"}}
2018/11/27-18:03:51.951496 7f823c146700 EVENT_LOG_v1 {"time_micros": 1543370631951494, "job": 1, "event": "recovery_finished"}
2018/11/27-18:03:52.007651 7f823c146700 [db/db_impl_open.cc:1219] DB pointer 0x7f81c43b24c0
2018/11/27-18:03:52.007951 7f817aa05700 [WARN] [db/db_impl.cc:491] ------- DUMPING STATS -------
2018/11/27-18:03:52.007997 7f817aa05700 [WARN] [db/db_impl.cc:492] 
** DB Stats **
Uptime(secs): 1.4 total, 1.4 interval
Cumulative writes: 0 writes, 0 keys, 0 commit groups, 0.0 writes per commit group, ingest: 0.00 GB, 0.00 MB/s
Cumulative WAL: 0 writes, 0 syncs, 0.00 writes per sync, written: 0.00 GB, 0.00 MB/s
Cumulative stall: 00:00:0.000 H:M:S, 0.0 percent
Interval writes: 0 writes, 0 keys, 0 commit groups, 0.0 writes per commit group, ingest: 0.00 MB, 0.00 MB/s
Interval WAL: 0 writes, 0 syncs, 0.00 writes per sync, written: 0.00 MB, 0.00 MB/s
Interval stall: 00:00:0.000 H:M:S, 0.0 percent

** Compaction Stats [default] **
Level    Files   Size     Score Read(GB)  Rn(GB) Rnp1(GB) Write(GB) Wnew(GB) Moved(GB) W-Amp Rd(MB/s) Wr(MB/s) Comp(sec) Comp(cnt) Avg(sec) KeyIn KeyDrop
----------------------------------------------------------------------------------------------------------------------------------------------------------
 Sum      0/0    0.00 KB   0.0      0.0     0.0      0.0       0.0      0.0       0.0   0.0      0.0      0.0         0         0    0.000       0      0
 Int      0/0    0.00 KB   0.0      0.0     0.0      0.0       0.0      0.0       0.0   0.0      0.0      0.0         0         0    0.000       0      0
Uptime(secs): 1.4 total, 1.4 interval
Flush(GB): cumulative 0.000, interval 0.000
AddFile(GB): cumulative 0.000, interval 0.000
AddFile(Total Files): cumulative 0, interval 0
AddFile(L0 Files): cumulative 0, interval 0
AddFile(Keys): cumulative 0, interval 0
Cumulative compaction: 0.00 GB write, 0.00 MB/s write, 0.00 GB read, 0.00 MB/s read, 0.0 seconds
Interval compaction: 0.00 GB write, 0.00 MB/s write, 0.00 GB read, 0.00 MB/s read, 0.0 seconds
Stalls(count): 0 level0_slowdown, 0 level0_slowdown_with_compaction, 0 level0_numfiles, 0 level0_numfiles_with_compaction, 0 stop for pending_compaction_bytes, 0 slowdown for pending_compaction_bytes, 0 memtable_compaction, 0 memtable_slowdown, interval 0 total count

** File Read Latency Histogram By Level [default] **

** Compaction Stats [usertable] **
Level    Files   Size     Score Read(GB)  Rn(GB) Rnp1(GB) Write(GB) Wnew(GB) Moved(GB) W-Amp Rd(MB/s) Wr(MB/s) Comp(sec) Comp(cnt) Avg(sec) KeyIn KeyDrop
----------------------------------------------------------------------------------------------------------------------------------------------------------
  L0      2/0   291.26 MB   1.0      0.0     0.0      0.0       0.1      0.1       0.0   1.0      0.0    254.2         0         1    0.391       0      0
  L1      2/0   383.92 MB   0.7      0.0     0.0      0.0       0.0      0.0       0.0   0.0      0.0      0.0         0         0    0.000       0      0
  L2     91/0    4.99 GB   1.0      0.0     0.0      0.0       0.0      0.0       0.0   0.0      0.0      0.0         0         0    0.000       0      0
  L3    553/0   34.52 GB   0.7      0.0     0.0      0.0       0.0      0.0       0.0   0.0      0.0      0.0         0         0    0.000       0      0
 Sum    648/0   40.18 GB   0.0      0.0     0.0      0.0       0.1      0.1       0.0   1.0      0.0    254.2         0         1    0.391       0      0
 Int      0/0    0.00 KB   0.0      0.0     0.0      0.0       0.1      0.1       0.0   1.0      0.0    254.2         0         1    0.391       0      0
Uptime(secs): 1.4 total, 1.4 interval
Flush(GB): cumulative 0.097, interval 0.097
AddFile(GB): cumulative 0.000, interval 0.000
AddFile(Total Files): cumulative 0, interval 0
AddFile(L0 Files): cumulative 0, interval 0
AddFile(Keys): cumulative 0, interval 0
Cumulative compaction: 0.10 GB write, 73.55 MB/s write, 0.00 GB read, 0.00 MB/s read, 0.4 seconds
Interval compaction: 0.10 GB write, 73.55 MB/s write, 0.00 GB read, 0.00 MB/s read, 0.4 seconds
Stalls(count): 0 level0_slowdown, 0 level0_slowdown_with_compaction, 0 level0_numfiles, 0 level0_numfiles_with_compaction, 0 stop for pending_compaction_bytes, 0 slowdown for pending_compaction_bytes, 0 memtable_compaction, 0 memtable_slowdown, interval 0 total count

** File Read Latency Histogram By Level [usertable] **

** Compaction Stats [default] **
Level    Files   Size     Score Read(GB)  Rn(GB) Rnp1(GB) Write(GB) Wnew(GB) Moved(GB) W-Amp Rd(MB/s) Wr(MB/s) Comp(sec) Comp(cnt) Avg(sec) KeyIn KeyDrop
----------------------------------------------------------------------------------------------------------------------------------------------------------
 Sum      0/0    0.00 KB   0.0      0.0     0.0      0.0       0.0      0.0       0.0   0.0      0.0      0.0         0         0    0.000       0      0
 Int      0/0    0.00 KB   0.0      0.0     0.0      0.0       0.0      0.0       0.0   0.0      0.0      0.0         0         0    0.000       0      0
Uptime(secs): 1.4 total, 0.0 interval
Flush(GB): cumulative 0.000, interval 0.000
AddFile(GB): cumulative 0.000, interval 0.000
AddFile(Total Files): cumulative 0, interval 0
AddFile(L0 Files): cumulative 0, interval 0
AddFile(Keys): cumulative 0, interval 0
Cumulative compaction: 0.00 GB write, 0.00 MB/s write, 0.00 GB read, 0.00 MB/s read, 0.0 seconds
Interval compaction: 0.00 GB write, 0.00 MB/s write, 0.00 GB read, 0.00 MB/s read, 0.0 seconds
Stalls(count): 0 level0_slowdown, 0 level0_slowdown_with_compaction, 0 level0_numfiles, 0 level0_numfiles_with_compaction, 0 stop for pending_compaction_bytes, 0 slowdown for pending_compaction_bytes, 0 memtable_compaction, 0 memtable_slowdown, interval 0 total count

** File Read Latency Histogram By Level [default] **

** Compaction Stats [usertable] **
Level    Files   Size     Score Read(GB)  Rn(GB) Rnp1(GB) Write(GB) Wnew(GB) Moved(GB) W-Amp Rd(MB/s) Wr(MB/s) Comp(sec) Comp(cnt) Avg(sec) KeyIn KeyDrop
----------------------------------------------------------------------------------------------------------------------------------------------------------
  L0      2/0   291.26 MB   1.0      0.0     0.0      0.0       0.1      0.1       0.0   1.0      0.0    254.2         0         1    0.391       0      0
  L1      2/0   383.92 MB   0.7      0.0     0.0      0.0       0.0      0.0       0.0   0.0      0.0      0.0         0         0    0.000       0      0
  L2     91/0    4.99 GB   1.0      0.0     0.0      0.0       0.0      0.0       0.0   0.0      0.0      0.0         0         0    0.000       0      0
  L3    553/0   34.52 GB   0.7      0.0     0.0      0.0       0.0      0.0       0.0   0.0      0.0      0.0         0         0    0.000       0      0
 Sum    648/0   40.18 GB   0.0      0.0     0.0      0.0       0.1      0.1       0.0   1.0      0.0    254.2         0         1    0.391       0      0
 Int      0/0    0.00 KB   0.0      0.0     0.0      0.0       0.0      0.0       0.0   0.0      0.0      0.0         0         0    0.000       0      0
Uptime(secs): 1.4 total, 0.0 interval
Flush(GB): cumulative 0.097, interval 0.000
AddFile(GB): cumulative 0.000, interval 0.000
AddFile(Total Files): cumulative 0, interval 0
AddFile(L0 Files): cumulative 0, interval 0
AddFile(Keys): cumulative 0, interval 0
Cumulative compaction: 0.10 GB write, 73.55 MB/s write, 0.00 GB read, 0.00 MB/s read, 0.4 seconds
Interval compaction: 0.00 GB write, 0.00 MB/s write, 0.00 GB read, 0.00 MB/s read, 0.0 seconds
Stalls(count): 0 level0_slowdown, 0 level0_slowdown_with_compaction, 0 level0_numfiles, 0 level0_numfiles_with_compaction, 0 stop for pending_compaction_bytes, 0 slowdown for pending_compaction_bytes, 0 memtable_compaction, 0 memtable_slowdown, interval 0 total count

** File Read Latency Histogram By Level [usertable] **
2018/11/27-18:03:52.038421 7f817aa05700 (Original Log Time 2018/11/27-18:03:52.008111) [db/db_impl_compaction_flush.cc:1835] [usertable] Moving #1189 to level-1 201069266 bytes
2018/11/27-18:03:52.038425 7f817aa05700 (Original Log Time 2018/11/27-18:03:52.038362) EVENT_LOG_v1 {"time_micros": 1543370632038355, "job": 3, "event": "trivial_move", "destination_level": 1, "files": 1, "total_files_size": 201069266}
2018/11/27-18:03:52.038427 7f817aa05700 (Original Log Time 2018/11/27-18:03:52.038372) [db/db_impl_compaction_flush.cc:1864] [usertable] Moved #1 files to level-1 201069266 bytes OK: base level 1 max bytes base 536870912 files[1 3 91 553 0 0 0] max score 1.12
2018/11/27-18:03:52.038510 7f817aa05700 [db/compaction_job.cc:1531] [usertable] [JOB 4] Compacting 1@1 files to L2, score 1.12
2018/11/27-18:03:52.038517 7f817aa05700 [db/compaction_job.cc:1535] [usertable] Compaction start summary: Base version 6 Base level 1, inputs: [601(191MB)]
2018/11/27-18:03:52.038543 7f817aa05700 EVENT_LOG_v1 {"time_micros": 1543370632038522, "job": 4, "event": "compaction_started", "compaction_reason": "LevelMaxLevelSize", "files_L1": [601], "score": 1.12436, "input_data_size": 201284620}
2018/11/27-18:03:52.878055 7f817aa05700 [db/compaction_job.cc:1211] [usertable] [JOB 4] Generated table #1296: 16279 keys, 67233338 bytes
2018/11/27-18:03:52.878093 7f817aa05700 EVENT_LOG_v1 {"time_micros": 1543370632878078, "cf_name": "usertable", "job": 4, "event": "table_file_creation", "file_number": 1296, "file_size": 67233338, "table_properties": {"data_size": 67118331, "index_size": 299106, "filter_size": 0, "raw_key_size": 390696, "raw_average_key_size": 24, "raw_value_size": 66678784, "raw_average_value_size": 4096, "num_data_blocks": 8140, "num_entries": 16279, "filter_policy_name": "", "kDeletedKeys": "0", "kMergeOperands": "0"}}
2018/11/27-18:03:53.632914 7f817aa05700 [db/compaction_job.cc:1211] [usertable] [JOB 4] Generated table #1297: 16279 keys, 67233553 bytes
2018/11/27-18:03:53.632962 7f817aa05700 EVENT_LOG_v1 {"time_micros": 1543370633632941, "cf_name": "usertable", "job": 4, "event": "table_file_creation", "file_number": 1297, "file_size": 67233553, "table_properties": {"data_size": 67120139, "index_size": 300916, "filter_size": 0, "raw_key_size": 390696, "raw_average_key_size": 24, "raw_value_size": 66678784, "raw_average_value_size": 4096, "num_data_blocks": 8140, "num_entries": 16279, "filter_policy_name": "", "kDeletedKeys": "0", "kMergeOperands": "0"}}
2018/11/27-18:03:54.384132 7f817aa05700 [db/compaction_job.cc:1211] [usertable] [JOB 4] Generated table #1298: 16045 keys, 66266916 bytes
2018/11/27-18:03:54.384187 7f817aa05700 EVENT_LOG_v1 {"time_micros": 1543370634384164, "cf_name": "usertable", "job": 4, "event": "table_file_creation", "file_number": 1298, "file_size": 66266916, "table_properties": {"data_size": 66153549, "index_size": 294805, "filter_size": 0, "raw_key_size": 385080, "raw_average_key_size": 24, "raw_value_size": 65720320, "raw_average_value_size": 4096, "num_data_blocks": 8023, "num_entries": 16045, "filter_policy_name": "", "kDeletedKeys": "0", "kMergeOperands": "0"}}
2018/11/27-18:03:54.384256 7f817aa05700 [db/compaction_job.cc:1287] [usertable] [JOB 4] Compacted 1@1 files to L2 => 200733807 bytes
2018/11/27-18:03:54.419057 7f817aa05700 (Original Log Time 2018/11/27-18:03:54.418970) [db/compaction_job.cc:685] [usertable] compacted to: base level 1 max bytes base 536870912 files[1 2 94 553 0 0 0] max score 1.04, MB/sec: 85.8 rd, 85.6 wr, level 2, files in(1, 0) out(3) MB in(192.0, 0.0) out(191.4), read-write-amplify(2.0) write-amplify(1.0) OK, records in: 48603, records dropped: 0 output_compression: LZ4
2018/11/27-18:03:54.419064 7f817aa05700 (Original Log Time 2018/11/27-18:03:54.419002) EVENT_LOG_v1 {"time_micros": 1543370634418989, "job": 4, "event": "compaction_finished", "compaction_time_micros": 2345665, "output_level": 2, "num_output_files": 3, "total_output_size": 200733807, "num_input_records": 48603, "num_output_records": 48603, "num_subcompactions": 1, "output_compression": "LZ4", "num_single_delete_mismatches": 0, "num_single_delete_fallthrough": 0, "lsm_state": [1, 2, 94, 553, 0, 0, 0]}
2018/11/27-18:03:54.453746 7f817aa05700 (Original Log Time 2018/11/27-18:03:54.419226) [db/db_impl_compaction_flush.cc:1835] [usertable] Moving #1297 to level-3 67233553 bytes
2018/11/27-18:03:54.453749 7f817aa05700 (Original Log Time 2018/11/27-18:03:54.453713) EVENT_LOG_v1 {"time_micros": 1543370634453709, "job": 5, "event": "trivial_move", "destination_level": 3, "files": 1, "total_files_size": 67233553}
2018/11/27-18:03:54.453751 7f817aa05700 (Original Log Time 2018/11/27-18:03:54.453719) [db/db_impl_compaction_flush.cc:1864] [usertable] Moved #1 files to level-3 67233553 bytes OK: base level 1 max bytes base 536870912 files[1 2 93 554 0 0 0] max score 1.02
2018/11/27-18:03:54.469575 7f817aa05700 EVENT_LOG_v1 {"time_micros": 1543370634469569, "job": 5, "event": "table_file_deletion", "file_number": 601}
2018/11/27-18:03:54.506179 7f8179202700 (Original Log Time 2018/11/27-18:03:54.469741) [db/db_impl_compaction_flush.cc:1835] [usertable] Moving #1296 to level-3 67233338 bytes
2018/11/27-18:03:54.506184 7f8179202700 (Original Log Time 2018/11/27-18:03:54.506113) EVENT_LOG_v1 {"time_micros": 1543370634506105, "job": 6, "event": "trivial_move", "destination_level": 3, "files": 1, "total_files_size": 67233338}
2018/11/27-18:03:54.506186 7f8179202700 (Original Log Time 2018/11/27-18:03:54.506131) [db/db_impl_compaction_flush.cc:1864] [usertable] Moved #1 files to level-3 67233338 bytes OK: base level 1 max bytes base 536870912 files[1 2 92 555 0 0 0] max score 1.01
2018/11/27-18:03:54.541234 7f8179202700 (Original Log Time 2018/11/27-18:03:54.506340) [db/db_impl_compaction_flush.cc:1835] [usertable] Moving #1174 to level-3 66287592 bytes
2018/11/27-18:03:54.541238 7f8179202700 (Original Log Time 2018/11/27-18:03:54.541192) EVENT_LOG_v1 {"time_micros": 1543370634541188, "job": 7, "event": "trivial_move", "destination_level": 3, "files": 1, "total_files_size": 66287592}
2018/11/27-18:03:54.541240 7f8179202700 (Original Log Time 2018/11/27-18:03:54.541200) [db/db_impl_compaction_flush.cc:1864] [usertable] Moved #1 files to level-3 66287592 bytes OK: base level 1 max bytes base 536870912 files[1 2 91 556 0 0 0] max score 1.00
2018/11/27-18:03:55.674920 7f82185d6700 [db/db_impl_write.cc:1373] [usertable] New memtable created with log file: #1299. Immutable memtables: 0.
2018/11/27-18:03:56.990671 7f823c146700 [db/db_impl_write.cc:1373] [usertable] New memtable created with log file: #1300. Immutable memtables: 1.
2018/11/27-18:03:56.990813 7f808ffff700 [db/db_impl_compaction_flush.cc:80] [JOB 8] Syncing log #1293
2018/11/27-18:03:58.071469 7f808ffff700 [db/db_impl_compaction_flush.cc:80] [JOB 8] Syncing log #1299
2018/11/27-18:03:59.155823 7f808ffff700 (Original Log Time 2018/11/27-18:03:56.990776) [db/db_impl_compaction_flush.cc:1424] Calling FlushMemTableToOutputFile with column family [usertable], flush slots available 24, compaction slots available 1, flush slots scheduled 1, compaction slots scheduled 0
2018/11/27-18:03:59.155838 7f808ffff700 [db/flush_job.cc:301] [usertable] [JOB 8] Flushing memtable with next log file: 1299
2018/11/27-18:03:59.155845 7f808ffff700 [db/flush_job.cc:301] [usertable] [JOB 8] Flushing memtable with next log file: 1300
2018/11/27-18:03:59.155885 7f808ffff700 EVENT_LOG_v1 {"time_micros": 1543370639155876, "job": 8, "event": "flush_started", "num_memtables": 2, "num_entries": 55642, "num_deletes": 0, "memory_usage": 230573560, "flush_reason": "Write Buffer Full"}
2018/11/27-18:03:59.155894 7f808ffff700 [db/flush_job.cc:331] [usertable] [JOB 8] Level-0 flush table #1301: started
