2018/11/22-18:07:51.695910 7f81a201f0 RocksDB version: 5.14.3
2018/11/22-18:07:51.696063 7f81a201f0 Git sha rocksdb_build_git_sha:
2018/11/22-18:07:51.696070 7f81a201f0 Compile date Nov 22 2018
2018/11/22-18:07:51.696080 7f81a201f0 DB SUMMARY
2018/11/22-18:07:51.696924 7f81a201f0 CURRENT file:  CURRENT
2018/11/22-18:07:51.696937 7f81a201f0 IDENTITY file:  IDENTITY
2018/11/22-18:07:51.696963 7f81a201f0 MANIFEST file:  MANIFEST-000004 size: 102777 Bytes
2018/11/22-18:07:51.696970 7f81a201f0 SST files in /mnt/sda/ycsb-rocksdb-data dir, Total Num: 591, files: 000021.sst 000022.sst 000023.sst 000024.sst 000028.sst 000029.sst 000030.sst 000032.sst 000035.sst 
2018/11/22-18:07:51.696975 7f81a201f0 Write Ahead Log file in /mnt/sda/ycsb-rocksdb-data: 001087.log size: 129786416 ; 001090.log size: 129786416 ; 001091.log size: 129790552 ; 001093.log size: 6093623 ; 
2018/11/22-18:07:51.696985 7f81a201f0                         Options.error_if_exists: 0
2018/11/22-18:07:51.696990 7f81a201f0                       Options.create_if_missing: 1
2018/11/22-18:07:51.696994 7f81a201f0                         Options.paranoid_checks: 1
2018/11/22-18:07:51.696997 7f81a201f0                                     Options.env: 0x7f818ddf70
2018/11/22-18:07:51.697000 7f81a201f0                                Options.info_log: 0x7f3c3cdd20
2018/11/22-18:07:51.697004 7f81a201f0                Options.max_file_opening_threads: 16
2018/11/22-18:07:51.697007 7f81a201f0                              Options.statistics: (nil)
2018/11/22-18:07:51.697011 7f81a201f0                               Options.use_fsync: 0
2018/11/22-18:07:51.697014 7f81a201f0                       Options.max_log_file_size: 0
2018/11/22-18:07:51.697017 7f81a201f0                  Options.max_manifest_file_size: 18446744073709551615
2018/11/22-18:07:51.697020 7f81a201f0                   Options.log_file_time_to_roll: 0
2018/11/22-18:07:51.697023 7f81a201f0                       Options.keep_log_file_num: 1000
2018/11/22-18:07:51.697026 7f81a201f0                    Options.recycle_log_file_num: 0
2018/11/22-18:07:51.697029 7f81a201f0                         Options.allow_fallocate: 1
2018/11/22-18:07:51.697032 7f81a201f0                        Options.allow_mmap_reads: 0
2018/11/22-18:07:51.697035 7f81a201f0                       Options.allow_mmap_writes: 0
2018/11/22-18:07:51.697038 7f81a201f0                        Options.use_direct_reads: 0
2018/11/22-18:07:51.697041 7f81a201f0                        Options.use_direct_io_for_flush_and_compaction: 0
2018/11/22-18:07:51.697044 7f81a201f0          Options.create_missing_column_families: 1
2018/11/22-18:07:51.697047 7f81a201f0                              Options.db_log_dir: 
2018/11/22-18:07:51.697050 7f81a201f0                                 Options.wal_dir: /mnt/sda/ycsb-rocksdb-data
2018/11/22-18:07:51.697053 7f81a201f0                Options.table_cache_numshardbits: 6
2018/11/22-18:07:51.697056 7f81a201f0                      Options.max_subcompactions: 4
2018/11/22-18:07:51.697059 7f81a201f0                  Options.max_background_flushes: 6
2018/11/22-18:07:51.697062 7f81a201f0                         Options.WAL_ttl_seconds: 0
2018/11/22-18:07:51.697065 7f81a201f0                       Options.WAL_size_limit_MB: 0
2018/11/22-18:07:51.697068 7f81a201f0             Options.manifest_preallocation_size: 4194304
2018/11/22-18:07:51.697071 7f81a201f0                     Options.is_fd_close_on_exec: 1
2018/11/22-18:07:51.697074 7f81a201f0                   Options.advise_random_on_open: 1
2018/11/22-18:07:51.697078 7f81a201f0                    Options.db_write_buffer_size: 0
2018/11/22-18:07:51.697081 7f81a201f0                    Options.write_buffer_manager: 0x7f3c3cdc80
2018/11/22-18:07:51.697084 7f81a201f0         Options.access_hint_on_compaction_start: 1
2018/11/22-18:07:51.697087 7f81a201f0  Options.new_table_reader_for_compaction_inputs: 0
2018/11/22-18:07:51.697090 7f81a201f0           Options.random_access_max_buffer_size: 1048576
2018/11/22-18:07:51.697093 7f81a201f0                      Options.use_adaptive_mutex: 0
2018/11/22-18:07:51.697096 7f81a201f0                            Options.rate_limiter: (nil)
2018/11/22-18:07:51.697136 7f81a201f0     Options.sst_file_manager.rate_bytes_per_sec: 0
2018/11/22-18:07:51.697141 7f81a201f0                       Options.wal_recovery_mode: 2
2018/11/22-18:07:51.697144 7f81a201f0                  Options.enable_thread_tracking: 0
2018/11/22-18:07:51.697147 7f81a201f0                  Options.enable_pipelined_write: 1
2018/11/22-18:07:51.697150 7f81a201f0         Options.allow_concurrent_memtable_write: 1
2018/11/22-18:07:51.697153 7f81a201f0      Options.enable_write_thread_adaptive_yield: 1
2018/11/22-18:07:51.697156 7f81a201f0             Options.write_thread_max_yield_usec: 100
2018/11/22-18:07:51.697160 7f81a201f0            Options.write_thread_slow_yield_usec: 3
2018/11/22-18:07:51.697162 7f81a201f0                               Options.row_cache: None
2018/11/22-18:07:51.697165 7f81a201f0                              Options.wal_filter: None
2018/11/22-18:07:51.697168 7f81a201f0             Options.avoid_flush_during_recovery: 0
2018/11/22-18:07:51.697171 7f81a201f0             Options.allow_ingest_behind: 0
2018/11/22-18:07:51.697174 7f81a201f0             Options.preserve_deletes: 0
2018/11/22-18:07:51.697177 7f81a201f0             Options.two_write_queues: 0
2018/11/22-18:07:51.697180 7f81a201f0             Options.manual_wal_flush: 0
2018/11/22-18:07:51.697186 7f81a201f0             Options.max_background_jobs: 6
2018/11/22-18:07:51.697189 7f81a201f0             Options.max_background_compactions: 6
2018/11/22-18:07:51.697192 7f81a201f0             Options.avoid_flush_during_shutdown: 0
2018/11/22-18:07:51.697195 7f81a201f0           Options.writable_file_max_buffer_size: 1048576
2018/11/22-18:07:51.697198 7f81a201f0             Options.delayed_write_rate : 16777216
2018/11/22-18:07:51.697201 7f81a201f0             Options.max_total_wal_size: 0
2018/11/22-18:07:51.697204 7f81a201f0             Options.delete_obsolete_files_period_micros: 21600000000
2018/11/22-18:07:51.697207 7f81a201f0                   Options.stats_dump_period_sec: 60
2018/11/22-18:07:51.697210 7f81a201f0                          Options.max_open_files: -1
2018/11/22-18:07:51.697213 7f81a201f0                          Options.bytes_per_sync: 1048576
2018/11/22-18:07:51.697216 7f81a201f0                      Options.wal_bytes_per_sync: 0
2018/11/22-18:07:51.697218 7f81a201f0       Options.compaction_readahead_size: 0
2018/11/22-18:07:51.697221 7f81a201f0 Compression algorithms supported:
2018/11/22-18:07:51.697225 7f81a201f0 	kZSTDNotFinalCompression supported: 1
2018/11/22-18:07:51.697260 7f81a201f0 	kZSTD supported: 1
2018/11/22-18:07:51.697266 7f81a201f0 	kXpressCompression supported: 0
2018/11/22-18:07:51.697270 7f81a201f0 	kLZ4HCCompression supported: 1
2018/11/22-18:07:51.697273 7f81a201f0 	kLZ4Compression supported: 1
2018/11/22-18:07:51.697276 7f81a201f0 	kBZip2Compression supported: 1
2018/11/22-18:07:51.697279 7f81a201f0 	kZlibCompression supported: 1
2018/11/22-18:07:51.697283 7f81a201f0 	kSnappyCompression supported: 1
2018/11/22-18:07:51.697291 7f81a201f0 Fast CRC32 supported: Not supported on x86
2018/11/22-18:07:51.698012 7f81a201f0 [db/version_set.cc:3085] Recovering from manifest file: MANIFEST-000004
2018/11/22-18:07:51.698224 7f81a201f0 [db/column_family.cc:475] --------------- Options for column family [default]:
2018/11/22-18:07:51.698233 7f81a201f0               Options.comparator: leveldb.BytewiseComparator
2018/11/22-18:07:51.698237 7f81a201f0           Options.merge_operator: None
2018/11/22-18:07:51.698240 7f81a201f0        Options.compaction_filter: None
2018/11/22-18:07:51.698243 7f81a201f0        Options.compaction_filter_factory: None
2018/11/22-18:07:51.698247 7f81a201f0         Options.memtable_factory: SkipListFactory
2018/11/22-18:07:51.698250 7f81a201f0            Options.table_factory: BlockBasedTable
2018/11/22-18:07:51.698299 7f81a201f0            table_factory options:   flush_block_policy_factory: FlushBlockBySizePolicyFactory (0x7f3c399590)
  cache_index_and_filter_blocks: 0
  cache_index_and_filter_blocks_with_high_priority: 0
  pin_l0_filter_and_index_blocks_in_cache: 0
  index_type: 0
  hash_index_allow_collision: 1
  checksum: 1
  no_block_cache: 0
  block_cache: 0x7f3c39eec0
  block_cache_name: LRUCache
  block_cache_options:
    capacity : 8388608
    num_shard_bits : 4
    strict_capacity_limit : 0
    high_pri_pool_ratio: 0.000
  block_cache_compressed: (nil)
  persistent_cache: (nil)
  block_size: 8192
  block_size_deviation: 10
  block_restart_interval: 16
  index_block_restart_interval: 1
  metadata_block_size: 4096
  partition_filters: 0
  use_delta_encoding: 1
  filter_policy: nullptr
  whole_key_filtering: 1
  verify_compression: 0
  read_amp_bytes_per_bit: 0
  format_version: 2
  enable_index_compression: 1
  block_align: 0
2018/11/22-18:07:51.698331 7f81a201f0        Options.write_buffer_size: 134217728
2018/11/22-18:07:51.698336 7f81a201f0  Options.max_write_buffer_number: 24
2018/11/22-18:07:51.698340 7f81a201f0        Options.compression[0]: NoCompression
2018/11/22-18:07:51.698343 7f81a201f0        Options.compression[1]: NoCompression
2018/11/22-18:07:51.698347 7f81a201f0        Options.compression[2]: LZ4
2018/11/22-18:07:51.698350 7f81a201f0        Options.compression[3]: LZ4
2018/11/22-18:07:51.698353 7f81a201f0        Options.compression[4]: LZ4
2018/11/22-18:07:51.698356 7f81a201f0        Options.compression[5]: LZ4
2018/11/22-18:07:51.698359 7f81a201f0        Options.compression[6]: LZ4
2018/11/22-18:07:51.698362 7f81a201f0                  Options.bottommost_compression: Disabled
2018/11/22-18:07:51.698365 7f81a201f0       Options.prefix_extractor: nullptr
2018/11/22-18:07:51.698368 7f81a201f0   Options.memtable_insert_with_hint_prefix_extractor: nullptr
2018/11/22-18:07:51.698371 7f81a201f0             Options.num_levels: 7
2018/11/22-18:07:51.698374 7f81a201f0        Options.min_write_buffer_number_to_merge: 2
2018/11/22-18:07:51.698377 7f81a201f0     Options.max_write_buffer_number_to_maintain: 0
2018/11/22-18:07:51.698380 7f81a201f0            Options.compression_opts.window_bits: -14
2018/11/22-18:07:51.698383 7f81a201f0                  Options.compression_opts.level: -1
2018/11/22-18:07:51.698386 7f81a201f0               Options.compression_opts.strategy: 0
2018/11/22-18:07:51.698389 7f81a201f0         Options.compression_opts.max_dict_bytes: 0
2018/11/22-18:07:51.698392 7f81a201f0         Options.compression_opts.zstd_max_train_bytes: 0
2018/11/22-18:07:51.698395 7f81a201f0      Options.level0_file_num_compaction_trigger: 2
2018/11/22-18:07:51.698398 7f81a201f0          Options.level0_slowdown_writes_trigger: 20
2018/11/22-18:07:51.698401 7f81a201f0              Options.level0_stop_writes_trigger: 36
2018/11/22-18:07:51.698404 7f81a201f0                   Options.target_file_size_base: 67108864
2018/11/22-18:07:51.698407 7f81a201f0             Options.target_file_size_multiplier: 1
2018/11/22-18:07:51.698410 7f81a201f0                Options.max_bytes_for_level_base: 536870912
2018/11/22-18:07:51.698413 7f81a201f0 Options.level_compaction_dynamic_level_bytes: 0
2018/11/22-18:07:51.698416 7f81a201f0          Options.max_bytes_for_level_multiplier: 10.000000
2018/11/22-18:07:51.698423 7f81a201f0 Options.max_bytes_for_level_multiplier_addtl[0]: 1
2018/11/22-18:07:51.698426 7f81a201f0 Options.max_bytes_for_level_multiplier_addtl[1]: 1
2018/11/22-18:07:51.698429 7f81a201f0 Options.max_bytes_for_level_multiplier_addtl[2]: 1
2018/11/22-18:07:51.698432 7f81a201f0 Options.max_bytes_for_level_multiplier_addtl[3]: 1
2018/11/22-18:07:51.698435 7f81a201f0 Options.max_bytes_for_level_multiplier_addtl[4]: 1
2018/11/22-18:07:51.698438 7f81a201f0 Options.max_bytes_for_level_multiplier_addtl[5]: 1
2018/11/22-18:07:51.698441 7f81a201f0 Options.max_bytes_for_level_multiplier_addtl[6]: 1
2018/11/22-18:07:51.698444 7f81a201f0       Options.max_sequential_skip_in_iterations: 8
2018/11/22-18:07:51.698447 7f81a201f0                    Options.max_compaction_bytes: 1677721600
2018/11/22-18:07:51.698450 7f81a201f0                        Options.arena_block_size: 16777216
2018/11/22-18:07:51.698453 7f81a201f0   Options.soft_pending_compaction_bytes_limit: 68719476736
2018/11/22-18:07:51.698470 7f81a201f0   Options.hard_pending_compaction_bytes_limit: 274877906944
2018/11/22-18:07:51.698475 7f81a201f0       Options.rate_limit_delay_max_milliseconds: 100
2018/11/22-18:07:51.698478 7f81a201f0                Options.disable_auto_compactions: 0
2018/11/22-18:07:51.698483 7f81a201f0                        Options.compaction_style: kCompactionStyleLevel
2018/11/22-18:07:51.698488 7f81a201f0                          Options.compaction_pri: kByCompensatedSize
2018/11/22-18:07:51.698491 7f81a201f0 Options.compaction_options_universal.size_ratio: 1
2018/11/22-18:07:51.698494 7f81a201f0 Options.compaction_options_universal.min_merge_width: 2
2018/11/22-18:07:51.698497 7f81a201f0 Options.compaction_options_universal.max_merge_width: 4294967295
2018/11/22-18:07:51.698500 7f81a201f0 Options.compaction_options_universal.max_size_amplification_percent: 200
2018/11/22-18:07:51.698503 7f81a201f0 Options.compaction_options_universal.compression_size_percent: -1
2018/11/22-18:07:51.698507 7f81a201f0 Options.compaction_options_universal.stop_style: kCompactionStopStyleTotalSize
2018/11/22-18:07:51.698511 7f81a201f0 Options.compaction_options_fifo.max_table_files_size: 1073741824
2018/11/22-18:07:51.698514 7f81a201f0 Options.compaction_options_fifo.allow_compaction: 0
2018/11/22-18:07:51.698517 7f81a201f0 Options.compaction_options_fifo.ttl: 0
2018/11/22-18:07:51.698520 7f81a201f0                   Options.table_properties_collectors: 
2018/11/22-18:07:51.698523 7f81a201f0                   Options.inplace_update_support: 0
2018/11/22-18:07:51.698526 7f81a201f0                 Options.inplace_update_num_locks: 10000
2018/11/22-18:07:51.698529 7f81a201f0               Options.memtable_prefix_bloom_size_ratio: 0.000000
2018/11/22-18:07:51.698533 7f81a201f0   Options.memtable_huge_page_size: 0
2018/11/22-18:07:51.698536 7f81a201f0                           Options.bloom_locality: 0
2018/11/22-18:07:51.698539 7f81a201f0                    Options.max_successive_merges: 0
2018/11/22-18:07:51.698558 7f81a201f0                Options.optimize_filters_for_hits: 0
2018/11/22-18:07:51.698562 7f81a201f0                Options.paranoid_file_checks: 0
2018/11/22-18:07:51.698565 7f81a201f0                Options.force_consistency_checks: 0
2018/11/22-18:07:51.698568 7f81a201f0                Options.report_bg_io_stats: 0
2018/11/22-18:07:51.698571 7f81a201f0                               Options.ttl: 0
2018/11/22-18:07:51.699272 7f81a201f0 [db/column_family.cc:475] --------------- Options for column family [usertable]:
2018/11/22-18:07:51.699284 7f81a201f0               Options.comparator: leveldb.BytewiseComparator
2018/11/22-18:07:51.699287 7f81a201f0           Options.merge_operator: None
2018/11/22-18:07:51.699290 7f81a201f0        Options.compaction_filter: None
2018/11/22-18:07:51.699293 7f81a201f0        Options.compaction_filter_factory: None
2018/11/22-18:07:51.699296 7f81a201f0         Options.memtable_factory: SkipListFactory
2018/11/22-18:07:51.699299 7f81a201f0            Options.table_factory: BlockBasedTable
2018/11/22-18:07:51.699345 7f81a201f0            table_factory options:   flush_block_policy_factory: FlushBlockBySizePolicyFactory (0x7f3c39a5c0)
  cache_index_and_filter_blocks: 0
  cache_index_and_filter_blocks_with_high_priority: 0
  pin_l0_filter_and_index_blocks_in_cache: 0
  index_type: 0
  hash_index_allow_collision: 1
  checksum: 1
  no_block_cache: 0
  block_cache: 0x7f3c3a3910
  block_cache_name: LRUCache
  block_cache_options:
    capacity : 8388608
    num_shard_bits : 4
    strict_capacity_limit : 0
    high_pri_pool_ratio: 0.000
  block_cache_compressed: (nil)
  persistent_cache: (nil)
  block_size: 8192
  block_size_deviation: 10
  block_restart_interval: 16
  index_block_restart_interval: 1
  metadata_block_size: 4096
  partition_filters: 0
  use_delta_encoding: 1
  filter_policy: nullptr
  whole_key_filtering: 1
  verify_compression: 0
  read_amp_bytes_per_bit: 0
  format_version: 2
  enable_index_compression: 1
  block_align: 0
2018/11/22-18:07:51.699351 7f81a201f0        Options.write_buffer_size: 134217728
2018/11/22-18:07:51.699381 7f81a201f0  Options.max_write_buffer_number: 24
2018/11/22-18:07:51.699386 7f81a201f0        Options.compression[0]: NoCompression
2018/11/22-18:07:51.699389 7f81a201f0        Options.compression[1]: NoCompression
2018/11/22-18:07:51.699393 7f81a201f0        Options.compression[2]: LZ4
2018/11/22-18:07:51.699395 7f81a201f0        Options.compression[3]: LZ4
2018/11/22-18:07:51.699398 7f81a201f0        Options.compression[4]: LZ4
2018/11/22-18:07:51.699401 7f81a201f0        Options.compression[5]: LZ4
2018/11/22-18:07:51.699404 7f81a201f0        Options.compression[6]: LZ4
2018/11/22-18:07:51.699407 7f81a201f0                  Options.bottommost_compression: Disabled
2018/11/22-18:07:51.699410 7f81a201f0       Options.prefix_extractor: nullptr
2018/11/22-18:07:51.699413 7f81a201f0   Options.memtable_insert_with_hint_prefix_extractor: nullptr
2018/11/22-18:07:51.699416 7f81a201f0             Options.num_levels: 7
2018/11/22-18:07:51.699419 7f81a201f0        Options.min_write_buffer_number_to_merge: 2
2018/11/22-18:07:51.699422 7f81a201f0     Options.max_write_buffer_number_to_maintain: 0
2018/11/22-18:07:51.699425 7f81a201f0            Options.compression_opts.window_bits: -14
2018/11/22-18:07:51.699428 7f81a201f0                  Options.compression_opts.level: -1
2018/11/22-18:07:51.699431 7f81a201f0               Options.compression_opts.strategy: 0
2018/11/22-18:07:51.699433 7f81a201f0         Options.compression_opts.max_dict_bytes: 0
2018/11/22-18:07:51.699436 7f81a201f0         Options.compression_opts.zstd_max_train_bytes: 0
2018/11/22-18:07:51.699439 7f81a201f0      Options.level0_file_num_compaction_trigger: 2
2018/11/22-18:07:51.699442 7f81a201f0          Options.level0_slowdown_writes_trigger: 20
2018/11/22-18:07:51.699445 7f81a201f0              Options.level0_stop_writes_trigger: 36
2018/11/22-18:07:51.699448 7f81a201f0                   Options.target_file_size_base: 67108864
2018/11/22-18:07:51.699451 7f81a201f0             Options.target_file_size_multiplier: 1
2018/11/22-18:07:51.699454 7f81a201f0                Options.max_bytes_for_level_base: 536870912
2018/11/22-18:07:51.699457 7f81a201f0 Options.level_compaction_dynamic_level_bytes: 0
2018/11/22-18:07:51.699460 7f81a201f0          Options.max_bytes_for_level_multiplier: 10.000000
2018/11/22-18:07:51.699465 7f81a201f0 Options.max_bytes_for_level_multiplier_addtl[0]: 1
2018/11/22-18:07:51.699468 7f81a201f0 Options.max_bytes_for_level_multiplier_addtl[1]: 1
2018/11/22-18:07:51.699471 7f81a201f0 Options.max_bytes_for_level_multiplier_addtl[2]: 1
2018/11/22-18:07:51.699474 7f81a201f0 Options.max_bytes_for_level_multiplier_addtl[3]: 1
2018/11/22-18:07:51.699477 7f81a201f0 Options.max_bytes_for_level_multiplier_addtl[4]: 1
2018/11/22-18:07:51.699479 7f81a201f0 Options.max_bytes_for_level_multiplier_addtl[5]: 1
2018/11/22-18:07:51.699482 7f81a201f0 Options.max_bytes_for_level_multiplier_addtl[6]: 1
2018/11/22-18:07:51.699485 7f81a201f0       Options.max_sequential_skip_in_iterations: 8
2018/11/22-18:07:51.699488 7f81a201f0                    Options.max_compaction_bytes: 1677721600
2018/11/22-18:07:51.699491 7f81a201f0                        Options.arena_block_size: 16777216
2018/11/22-18:07:51.699494 7f81a201f0   Options.soft_pending_compaction_bytes_limit: 68719476736
2018/11/22-18:07:51.699497 7f81a201f0   Options.hard_pending_compaction_bytes_limit: 274877906944
2018/11/22-18:07:51.699500 7f81a201f0       Options.rate_limit_delay_max_milliseconds: 100
2018/11/22-18:07:51.699503 7f81a201f0                Options.disable_auto_compactions: 0
2018/11/22-18:07:51.699507 7f81a201f0                        Options.compaction_style: kCompactionStyleLevel
2018/11/22-18:07:51.699511 7f81a201f0                          Options.compaction_pri: kByCompensatedSize
2018/11/22-18:07:51.699514 7f81a201f0 Options.compaction_options_universal.size_ratio: 1
2018/11/22-18:07:51.699517 7f81a201f0 Options.compaction_options_universal.min_merge_width: 2
2018/11/22-18:07:51.699520 7f81a201f0 Options.compaction_options_universal.max_merge_width: 4294967295
2018/11/22-18:07:51.699537 7f81a201f0 Options.compaction_options_universal.max_size_amplification_percent: 200
2018/11/22-18:07:51.699556 7f81a201f0 Options.compaction_options_universal.compression_size_percent: -1
2018/11/22-18:07:51.699561 7f81a201f0 Options.compaction_options_universal.stop_style: kCompactionStopStyleTotalSize
2018/11/22-18:07:51.699565 7f81a201f0 Options.compaction_options_fifo.max_table_files_size: 1073741824
2018/11/22-18:07:51.699568 7f81a201f0 Options.compaction_options_fifo.allow_compaction: 0
2018/11/22-18:07:51.699571 7f81a201f0 Options.compaction_options_fifo.ttl: 0
2018/11/22-18:07:51.699574 7f81a201f0                   Options.table_properties_collectors: 
2018/11/22-18:07:51.699577 7f81a201f0                   Options.inplace_update_support: 0
2018/11/22-18:07:51.699580 7f81a201f0                 Options.inplace_update_num_locks: 10000
2018/11/22-18:07:51.699583 7f81a201f0               Options.memtable_prefix_bloom_size_ratio: 0.000000
2018/11/22-18:07:51.699587 7f81a201f0   Options.memtable_huge_page_size: 0
2018/11/22-18:07:51.699590 7f81a201f0                           Options.bloom_locality: 0
2018/11/22-18:07:51.699593 7f81a201f0                    Options.max_successive_merges: 0
2018/11/22-18:07:51.699596 7f81a201f0                Options.optimize_filters_for_hits: 0
2018/11/22-18:07:51.699599 7f81a201f0                Options.paranoid_file_checks: 0
2018/11/22-18:07:51.699601 7f81a201f0                Options.force_consistency_checks: 0
2018/11/22-18:07:51.699605 7f81a201f0                Options.report_bg_io_stats: 0
2018/11/22-18:07:51.699608 7f81a201f0                               Options.ttl: 0
2018/11/22-18:07:52.162096 7f81a201f0 [db/version_set.cc:3361] Recovered from manifest file:/mnt/sda/ycsb-rocksdb-data/MANIFEST-000004 succeeded,manifest_file_number is 4, next_file_number is 1092, last_sequence is 10407680, log_number is 0,prev_log_number is 0,max_column_family is 1,min_log_number_to_keep is 0
2018/11/22-18:07:52.162152 7f81a201f0 [db/version_set.cc:3369] Column family [default] (ID 0), log number is 0
2018/11/22-18:07:52.162160 7f81a201f0 [db/version_set.cc:3369] Column family [usertable] (ID 1), log number is 1087
2018/11/22-18:07:52.170947 7f81a201f0 EVENT_LOG_v1 {"time_micros": 1542910072170896, "job": 1, "event": "recovery_started", "log_files": [1087, 1090, 1091, 1093]}
2018/11/22-18:07:52.171015 7f81a201f0 [db/db_impl_open.cc:551] Recovering log #1087 mode 2
2018/11/22-18:07:53.543140 7f81a201f0 EVENT_LOG_v1 {"time_micros": 1542910073543028, "cf_name": "usertable", "job": 1, "event": "table_file_creation", "file_number": 1092, "file_size": 129895352, "table_properties": {"data_size": 129317909, "index_size": 576521, "filter_size": 0, "raw_key_size": 752760, "raw_average_key_size": 24, "raw_value_size": 128471040, "raw_average_value_size": 4096, "num_data_blocks": 15683, "num_entries": 31365, "filter_policy_name": "", "kDeletedKeys": "0", "kMergeOperands": "0"}}
2018/11/22-18:07:53.572421 7f81a201f0 [db/db_impl_open.cc:551] Recovering log #1090 mode 2
2018/11/22-18:07:56.453457 7f81a201f0 EVENT_LOG_v1 {"time_micros": 1542910076453357, "cf_name": "usertable", "job": 1, "event": "table_file_creation", "file_number": 1093, "file_size": 129902323, "table_properties": {"data_size": 129321394, "index_size": 580007, "filter_size": 0, "raw_key_size": 752760, "raw_average_key_size": 24, "raw_value_size": 128471040, "raw_average_value_size": 4096, "num_data_blocks": 15683, "num_entries": 31365, "filter_policy_name": "", "kDeletedKeys": "0", "kMergeOperands": "0"}}
2018/11/22-18:07:56.454145 7f81a201f0 [db/db_impl_open.cc:551] Recovering log #1091 mode 2
2018/11/22-18:07:57.953212 7f81a201f0 EVENT_LOG_v1 {"time_micros": 1542910077953107, "cf_name": "usertable", "job": 1, "event": "table_file_creation", "file_number": 1094, "file_size": 129895353, "table_properties": {"data_size": 129317909, "index_size": 576522, "filter_size": 0, "raw_key_size": 752760, "raw_average_key_size": 24, "raw_value_size": 128471040, "raw_average_value_size": 4096, "num_data_blocks": 15683, "num_entries": 31365, "filter_policy_name": "", "kDeletedKeys": "0", "kMergeOperands": "0"}}
2018/11/22-18:07:57.954153 7f81a201f0 [db/db_impl_open.cc:551] Recovering log #1093 mode 2
2018/11/22-18:07:58.033521 7f81a201f0 [db/version_set.cc:2847] Creating manifest 1095
2018/11/22-18:07:58.694459 7f81a201f0 EVENT_LOG_v1 {"time_micros": 1542910078694379, "cf_name": "usertable", "job": 1, "event": "table_file_creation", "file_number": 1096, "file_size": 6204789, "table_properties": {"data_size": 6176419, "index_size": 27449, "filter_size": 0, "raw_key_size": 35952, "raw_average_key_size": 24, "raw_value_size": 6135808, "raw_average_value_size": 4096, "num_data_blocks": 749, "num_entries": 1498, "filter_policy_name": "", "kDeletedKeys": "0", "kMergeOperands": "0"}}
2018/11/22-18:07:58.847877 7f81a201f0 EVENT_LOG_v1 {"time_micros": 1542910078847859, "job": 1, "event": "recovery_finished"}
2018/11/22-18:07:58.848883 7f81a201f0 [db/column_family.cc:837] [usertable] Increasing compaction threads because we have 15 level-0 files 
2018/11/22-18:07:59.255274 7f711ad1f0 [WARN] [db/db_impl.cc:491] ------- DUMPING STATS -------
2018/11/22-18:07:59.255472 7f711ad1f0 [WARN] [db/db_impl.cc:492] 
** DB Stats **
Uptime(secs): 7.6 total, 7.6 interval
Cumulative writes: 0 writes, 0 keys, 0 commit groups, 0.0 writes per commit group, ingest: 0.00 GB, 0.00 MB/s
Cumulative WAL: 0 writes, 0 syncs, 0.00 writes per sync, written: 0.00 GB, 0.00 MB/s
Cumulative stall: 00:00:0.000 H:M:S, 0.0 percent
Interval writes: 0 writes, 0 keys, 0 commit groups, 0.0 writes per commit group, ingest: 0.00 MB, 0.00 MB/s
Interval WAL: 0 writes, 0 syncs, 0.00 writes per sync, written: 0.00 MB, 0.00 MB/s
Interval stall: 00:00:0.000 H:M:S, 0.0 percent

** Compaction Stats [default] **
Level    Files   Size     Score Read(GB)  Rn(GB) Rnp1(GB) Write(GB) Wnew(GB) Moved(GB) W-Amp Rd(MB/s) Wr(MB/s) Comp(sec) Comp(cnt) Avg(sec) KeyIn KeyDrop
----------------------------------------------------------------------------------------------------------------------------------------------------------
 Sum      0/0    0.00 KB   0.0      0.0     0.0      0.0       0.0      0.0       0.0   0.0      0.0      0.0         0         0    0.000       0      0
 Int      0/0    0.00 KB   0.0      0.0     0.0      0.0       0.0      0.0       0.0   0.0      0.0      0.0         0         0    0.000       0      0
Uptime(secs): 7.6 total, 7.6 interval
Flush(GB): cumulative 0.000, interval 0.000
AddFile(GB): cumulative 0.000, interval 0.000
AddFile(Total Files): cumulative 0, interval 0
AddFile(L0 Files): cumulative 0, interval 0
AddFile(Keys): cumulative 0, interval 0
Cumulative compaction: 0.00 GB write, 0.00 MB/s write, 0.00 GB read, 0.00 MB/s read, 0.0 seconds
Interval compaction: 0.00 GB write, 0.00 MB/s write, 0.00 GB read, 0.00 MB/s read, 0.0 seconds
Stalls(count): 0 level0_slowdown, 0 level0_slowdown_with_compaction, 0 level0_numfiles, 0 level0_numfiles_with_compaction, 0 stop for pending_compaction_bytes, 0 slowdown for pending_compaction_bytes, 0 memtable_compaction, 0 memtable_slowdown, interval 0 total count

** File Read Latency Histogram By Level [default] **

** Compaction Stats [usertable] **
Level    Files   Size     Score Read(GB)  Rn(GB) Rnp1(GB) Write(GB) Wnew(GB) Moved(GB) W-Amp Rd(MB/s) Wr(MB/s) Comp(sec) Comp(cnt) Avg(sec) KeyIn KeyDrop
----------------------------------------------------------------------------------------------------------------------------------------------------------
  L0     15/0    3.02 GB   7.5      0.0     0.0      0.0       0.4      0.4       0.0   1.0      0.0    116.3         3         4    0.811       0      0
  L1     12/0    2.90 GB   5.8      0.0     0.0      0.0       0.0      0.0       0.0   0.0      0.0      0.0         0         0    0.000       0      0
  L2    131/0    7.22 GB   1.4      0.0     0.0      0.0       0.0      0.0       0.0   0.0      0.0      0.0         0         0    0.000       0      0
  L3    437/0   27.04 GB   0.5      0.0     0.0      0.0       0.0      0.0       0.0   0.0      0.0      0.0         0         0    0.000       0      0
 Sum    595/0   40.19 GB   0.0      0.0     0.0      0.0       0.4      0.4       0.0   1.0      0.0    116.3         3         4    0.811       0      0
 Int      0/0    0.00 KB   0.0      0.0     0.0      0.0       0.4      0.4       0.0   1.0      0.0    116.3         3         4    0.811       0      0
Uptime(secs): 7.6 total, 7.6 interval
Flush(GB): cumulative 0.369, interval 0.369
AddFile(GB): cumulative 0.000, interval 0.000
AddFile(Total Files): cumulative 0, interval 0
AddFile(L0 Files): cumulative 0, interval 0
AddFile(Keys): cumulative 0, interval 0
Cumulative compaction: 0.37 GB write, 49.97 MB/s write, 0.00 GB read, 0.00 MB/s read, 3.2 seconds
Interval compaction: 0.37 GB write, 49.97 MB/s write, 0.00 GB read, 0.00 MB/s read, 3.2 seconds
Stalls(count): 0 level0_slowdown, 0 level0_slowdown_with_compaction, 0 level0_numfiles, 0 level0_numfiles_with_compaction, 0 stop for pending_compaction_bytes, 0 slowdown for pending_compaction_bytes, 0 memtable_compaction, 0 memtable_slowdown, interval 0 total count

** File Read Latency Histogram By Level [usertable] **

** Compaction Stats [default] **
Level    Files   Size     Score Read(GB)  Rn(GB) Rnp1(GB) Write(GB) Wnew(GB) Moved(GB) W-Amp Rd(MB/s) Wr(MB/s) Comp(sec) Comp(cnt) Avg(sec) KeyIn KeyDrop
----------------------------------------------------------------------------------------------------------------------------------------------------------
 Sum      0/0    0.00 KB   0.0      0.0     0.0      0.0       0.0      0.0       0.0   0.0      0.0      0.0         0         0    0.000       0      0
 Int      0/0    0.00 KB   0.0      0.0     0.0      0.0       0.0      0.0       0.0   0.0      0.0      0.0         0         0    0.000       0      0
Uptime(secs): 7.6 total, 0.0 interval
Flush(GB): cumulative 0.000, interval 0.000
AddFile(GB): cumulative 0.000, interval 0.000
AddFile(Total Files): cumulative 0, interval 0
AddFile(L0 Files): cumulative 0, interval 0
AddFile(Keys): cumulative 0, interval 0
Cumulative compaction: 0.00 GB write, 0.00 MB/s write, 0.00 GB read, 0.00 MB/s read, 0.0 seconds
Interval compaction: 0.00 GB write, 0.00 MB/s write, 0.00 GB read, 0.00 MB/s read, 0.0 seconds
Stalls(count): 0 level0_slowdown, 0 level0_slowdown_with_compaction, 0 level0_numfiles, 0 level0_numfiles_with_compaction, 0 stop for pending_compaction_bytes, 0 slowdown for pending_compaction_bytes, 0 memtable_compaction, 0 memtable_slowdown, interval 0 total count

** File Read Latency Histogram By Level [default] **

** Compaction Stats [usertable] **
Level    Files   Size     Score Read(GB)  Rn(GB) Rnp1(GB) Write(GB) Wnew(GB) Moved(GB) W-Amp Rd(MB/s) Wr(MB/s) Comp(sec) Comp(cnt) Avg(sec) KeyIn KeyDrop
----------------------------------------------------------------------------------------------------------------------------------------------------------
  L0     15/0    3.02 GB   7.5      0.0     0.0      0.0       0.4      0.4       0.0   1.0      0.0    116.3         3         4    0.811       0      0
  L1     12/0    2.90 GB   5.8      0.0     0.0      0.0       0.0      0.0       0.0   0.0      0.0      0.0         0         0    0.000       0      0
  L2    131/0    7.22 GB   1.4      0.0     0.0      0.0       0.0      0.0       0.0   0.0      0.0      0.0         0         0    0.000       0      0
  L3    437/0   27.04 GB   0.5      0.0     0.0      0.0       0.0      0.0       0.0   0.0      0.0      0.0         0         0    0.000       0      0
 Sum    595/0   40.19 GB   0.0      0.0     0.0      0.0       0.4      0.4       0.0   1.0      0.0    116.3         3         4    0.811       0      0
 Int      0/0    0.00 KB   0.0      0.0     0.0      0.0       0.0      0.0       0.0   0.0      0.0      0.0         0         0    0.000       0      0
Uptime(secs): 7.6 total, 0.0 interval
Flush(GB): cumulative 0.369, interval 0.000
AddFile(GB): cumulative 0.000, interval 0.000
AddFile(Total Files): cumulative 0, interval 0
AddFile(L0 Files): cumulative 0, interval 0
AddFile(Keys): cumulative 0, interval 0
Cumulative compaction: 0.37 GB write, 49.97 MB/s write, 0.00 GB read, 0.00 MB/s read, 3.2 seconds
Interval compaction: 0.00 GB write, 0.00 MB/s write, 0.00 GB read, 0.00 MB/s read, 0.0 seconds
Stalls(count): 0 level0_slowdown, 0 level0_slowdown_with_compaction, 0 level0_numfiles, 0 level0_numfiles_with_compaction, 0 stop for pending_compaction_bytes, 0 slowdown for pending_compaction_bytes, 0 memtable_compaction, 0 memtable_slowdown, interval 0 total count

** File Read Latency Histogram By Level [usertable] **
2018/11/22-18:07:59.256863 7f8081c1f0 [db/compaction_job.cc:1531] [usertable] [JOB 4] Compacting 4@0 files to L0, score 7.00
2018/11/22-18:07:59.256904 7f8081c1f0 [db/compaction_job.cc:1535] [usertable] Compaction start summary: Base version 5 Base level 0, inputs: [1096(6059KB) 1094(123MB) 1093(123MB) 1092(123MB)]
2018/11/22-18:07:59.256947 7f721af1f0 [db/compaction_job.cc:1531] [usertable] [JOB 5] Compacting 1@1 files to L2, score 5.80
2018/11/22-18:07:59.256959 7f721af1f0 [db/compaction_job.cc:1535] [usertable] Compaction start summary: Base version 5 Base level 1, inputs: [1002(247MB)]
2018/11/22-18:07:59.257068 7f721af1f0 EVENT_LOG_v1 {"time_micros": 1542910079257055, "job": 5, "event": "compaction_started", "compaction_reason": "LevelMaxLevelSize", "files_L1": [1002], "score": 5.80035, "input_data_size": 259874368}
2018/11/22-18:07:59.257284 7f8101d1f0 [db/compaction_job.cc:1531] [usertable] [JOB 6] Compacting 1@1 files to L2, score 5.32
2018/11/22-18:07:59.257326 7f8101d1f0 [db/compaction_job.cc:1535] [usertable] Compaction start summary: Base version 5 Base level 1, inputs: [1051(247MB)]
2018/11/22-18:07:59.257391 7f8101d1f0 EVENT_LOG_v1 {"time_micros": 1542910079257363, "job": 6, "event": "compaction_started", "compaction_reason": "LevelMaxLevelSize", "files_L1": [1051], "score": 5.31629, "input_data_size": 259870196}
2018/11/22-18:07:59.257010 7f8081c1f0 EVENT_LOG_v1 {"time_micros": 1542910079256934, "job": 4, "event": "compaction_started", "compaction_reason": "LevelL0FilesNum", "files_L0": [1096, 1094, 1093, 1092], "score": 7, "input_data_size": 395897817}
2018/11/22-18:07:59.257850 7f81a201f0 [db/db_impl_open.cc:1219] DB pointer 0x7f3c3ccee0
2018/11/22-18:07:59.437526 7f711ad1f0 [db/column_family.cc:837] [usertable] Increasing compaction threads because we have 14 level-0 files 
2018/11/22-18:07:59.438105 7f711ad1f0 (Original Log Time 2018/11/22-18:07:59.256251) [db/db_impl_compaction_flush.cc:1835] [usertable] Moving #1065 to level-1 259878480 bytes
2018/11/22-18:07:59.438122 7f711ad1f0 (Original Log Time 2018/11/22-18:07:59.437721) EVENT_LOG_v1 {"time_micros": 1542910079437690, "job": 3, "event": "trivial_move", "destination_level": 1, "files": 1, "total_files_size": 259878480}
2018/11/22-18:07:59.438133 7f711ad1f0 (Original Log Time 2018/11/22-18:07:59.437757) [db/db_impl_compaction_flush.cc:1864] [usertable] Moved #1 files to level-1 259878480 bytes OK: base level 1 max bytes base 536870912 files[14 13 131 437 0 0 0] max score 5.32
2018/11/22-18:07:59.438588 7f711ad1f0 [db/compaction_job.cc:1531] [usertable] [JOB 9] Compacting 1@1 files to L2, score 5.32
2018/11/22-18:07:59.438627 7f711ad1f0 [db/compaction_job.cc:1535] [usertable] Compaction start summary: Base version 6 Base level 1, inputs: [1065(247MB)]
2018/11/22-18:07:59.438707 7f711ad1f0 EVENT_LOG_v1 {"time_micros": 1542910079438668, "job": 9, "event": "compaction_started", "compaction_reason": "LevelMaxLevelSize", "files_L1": [1065], "score": 5.31631, "input_data_size": 259878480}
2018/11/22-18:08:00.433676 7f719ae1f0 [db/column_family.cc:837] [usertable] Increasing compaction threads because we have 14 level-0 files 
2018/11/22-18:08:00.433900 7f719ae1f0 (Original Log Time 2018/11/22-18:07:59.257459) [db/db_impl_compaction_flush.cc:1835] [usertable] Moving #961 to level-3 67233565 bytes
2018/11/22-18:08:00.433907 7f719ae1f0 (Original Log Time 2018/11/22-18:08:00.433781) EVENT_LOG_v1 {"time_micros": 1542910080433769, "job": 7, "event": "trivial_move", "destination_level": 3, "files": 1, "total_files_size": 67233565}
2018/11/22-18:08:00.433912 7f719ae1f0 (Original Log Time 2018/11/22-18:08:00.433799) [db/db_impl_compaction_flush.cc:1864] [usertable] Moved #1 files to level-3 67233565 bytes OK: base level 1 max bytes base 536870912 files[14 13 129 439 0 0 0] max score 5.00
2018/11/22-18:08:00.434602 7f709ac1f0 [db/column_family.cc:837] [usertable] Increasing compaction threads because we have 14 level-0 files 
2018/11/22-18:08:00.434763 7f709ac1f0 (Original Log Time 2018/11/22-18:07:59.257626) [db/db_impl_compaction_flush.cc:1835] [usertable] Moving #991 to level-3 67233559 bytes
2018/11/22-18:08:00.434769 7f709ac1f0 (Original Log Time 2018/11/22-18:08:00.434658) EVENT_LOG_v1 {"time_micros": 1542910080434649, "job": 8, "event": "trivial_move", "destination_level": 3, "files": 1, "total_files_size": 67233559}
2018/11/22-18:08:00.434774 7f709ac1f0 (Original Log Time 2018/11/22-18:08:00.434670) [db/db_impl_compaction_flush.cc:1864] [usertable] Moved #1 files to level-3 67233559 bytes OK: base level 1 max bytes base 536870912 files[14 13 129 439 0 0 0] max score 5.00
2018/11/22-18:08:02.340636 7f719ae1f0 [db/column_family.cc:837] [usertable] Increasing compaction threads because we have 14 level-0 files 
2018/11/22-18:08:02.340870 7f719ae1f0 (Original Log Time 2018/11/22-18:08:00.434001) [db/db_impl_compaction_flush.cc:1835] [usertable] Moving #990 to level-3 67233553 bytes
2018/11/22-18:08:02.340877 7f719ae1f0 (Original Log Time 2018/11/22-18:08:02.340715) EVENT_LOG_v1 {"time_micros": 1542910082340703, "job": 10, "event": "trivial_move", "destination_level": 3, "files": 1, "total_files_size": 67233553}
2018/11/22-18:08:02.340882 7f719ae1f0 (Original Log Time 2018/11/22-18:08:02.340732) [db/db_impl_compaction_flush.cc:1864] [usertable] Moved #1 files to level-3 67233553 bytes OK: base level 1 max bytes base 536870912 files[14 13 128 440 0 0 0] max score 5.00
2018/11/22-18:08:04.639255 7f709ac1f0 [db/column_family.cc:837] [usertable] Increasing compaction threads because we have 14 level-0 files 
2018/11/22-18:08:04.639498 7f709ac1f0 (Original Log Time 2018/11/22-18:08:00.434855) [db/db_impl_compaction_flush.cc:1835] [usertable] Moving #1032 to level-3 67233551 bytes
2018/11/22-18:08:04.639505 7f709ac1f0 (Original Log Time 2018/11/22-18:08:04.639327) EVENT_LOG_v1 {"time_micros": 1542910084639317, "job": 11, "event": "trivial_move", "destination_level": 3, "files": 1, "total_files_size": 67233551}
2018/11/22-18:08:04.639510 7f709ac1f0 (Original Log Time 2018/11/22-18:08:04.639343) [db/db_impl_compaction_flush.cc:1864] [usertable] Moved #1 files to level-3 67233551 bytes OK: base level 1 max bytes base 536870912 files[14 13 126 442 0 0 0] max score 5.00
2018/11/22-18:08:04.640165 7f719ae1f0 [db/column_family.cc:837] [usertable] Increasing compaction threads because we have 14 level-0 files 
2018/11/22-18:08:04.640291 7f719ae1f0 (Original Log Time 2018/11/22-18:08:02.340974) [db/db_impl_compaction_flush.cc:1835] [usertable] Moving #1059 to level-3 67233551 bytes
