2019/03/18-23:54:01.695119 7fcf3cbe0700 RocksDB version: 5.14.3
2019/03/18-23:54:01.695170 7fcf3cbe0700 Git sha rocksdb_build_git_sha:
2019/03/18-23:54:01.695173 7fcf3cbe0700 Compile date Oct  9 2018
2019/03/18-23:54:01.695182 7fcf3cbe0700 DB SUMMARY
2019/03/18-23:54:01.695807 7fcf3cbe0700 CURRENT file:  CURRENT
2019/03/18-23:54:01.695812 7fcf3cbe0700 IDENTITY file:  IDENTITY
2019/03/18-23:54:01.695822 7fcf3cbe0700 MANIFEST file:  MANIFEST-000004 size: 129983 Bytes
2019/03/18-23:54:01.695826 7fcf3cbe0700 SST files in /mnt/sdc/ycsb-rocksdb-data dir, Total Num: 743, files: 000021.sst 000022.sst 000023.sst 000024.sst 000028.sst 000029.sst 000030.sst 000032.sst 000035.sst 
2019/03/18-23:54:01.695832 7fcf3cbe0700 Write Ahead Log file in /mnt/sdc/ycsb-rocksdb-data: 001330.log size: 98624719 ; 001336.log size: 76122141 ; 
2019/03/18-23:54:01.695859 7fcf3cbe0700                         Options.error_if_exists: 0
2019/03/18-23:54:01.695860 7fcf3cbe0700                       Options.create_if_missing: 1
2019/03/18-23:54:01.695861 7fcf3cbe0700                         Options.paranoid_checks: 1
2019/03/18-23:54:01.695862 7fcf3cbe0700                                     Options.env: 0x7fcf34ffa080
2019/03/18-23:54:01.695864 7fcf3cbe0700                                Options.info_log: 0x7fce7c3c9720
2019/03/18-23:54:01.695865 7fcf3cbe0700                Options.max_file_opening_threads: 16
2019/03/18-23:54:01.695866 7fcf3cbe0700                              Options.statistics: (nil)
2019/03/18-23:54:01.695867 7fcf3cbe0700                               Options.use_fsync: 0
2019/03/18-23:54:01.695868 7fcf3cbe0700                       Options.max_log_file_size: 0
2019/03/18-23:54:01.695869 7fcf3cbe0700                  Options.max_manifest_file_size: 18446744073709551615
2019/03/18-23:54:01.695870 7fcf3cbe0700                   Options.log_file_time_to_roll: 0
2019/03/18-23:54:01.695871 7fcf3cbe0700                       Options.keep_log_file_num: 1000
2019/03/18-23:54:01.695873 7fcf3cbe0700                    Options.recycle_log_file_num: 0
2019/03/18-23:54:01.695874 7fcf3cbe0700                         Options.allow_fallocate: 1
2019/03/18-23:54:01.695874 7fcf3cbe0700                        Options.allow_mmap_reads: 0
2019/03/18-23:54:01.695875 7fcf3cbe0700                       Options.allow_mmap_writes: 0
2019/03/18-23:54:01.695876 7fcf3cbe0700                        Options.use_direct_reads: 0
2019/03/18-23:54:01.695877 7fcf3cbe0700                        Options.use_direct_io_for_flush_and_compaction: 0
2019/03/18-23:54:01.695879 7fcf3cbe0700          Options.create_missing_column_families: 1
2019/03/18-23:54:01.695880 7fcf3cbe0700                              Options.db_log_dir: 
2019/03/18-23:54:01.695881 7fcf3cbe0700                                 Options.wal_dir: /mnt/sdc/ycsb-rocksdb-data
2019/03/18-23:54:01.695882 7fcf3cbe0700                Options.table_cache_numshardbits: 6
2019/03/18-23:54:01.695883 7fcf3cbe0700                      Options.max_subcompactions: 4
2019/03/18-23:54:01.695884 7fcf3cbe0700                  Options.max_background_flushes: 24
2019/03/18-23:54:01.695885 7fcf3cbe0700                         Options.WAL_ttl_seconds: 0
2019/03/18-23:54:01.695886 7fcf3cbe0700                       Options.WAL_size_limit_MB: 0
2019/03/18-23:54:01.695887 7fcf3cbe0700             Options.manifest_preallocation_size: 4194304
2019/03/18-23:54:01.695888 7fcf3cbe0700                     Options.is_fd_close_on_exec: 1
2019/03/18-23:54:01.695889 7fcf3cbe0700                   Options.advise_random_on_open: 1
2019/03/18-23:54:01.695890 7fcf3cbe0700                    Options.db_write_buffer_size: 0
2019/03/18-23:54:01.695891 7fcf3cbe0700                    Options.write_buffer_manager: 0x7fce7c3c9110
2019/03/18-23:54:01.695892 7fcf3cbe0700         Options.access_hint_on_compaction_start: 1
2019/03/18-23:54:01.695893 7fcf3cbe0700  Options.new_table_reader_for_compaction_inputs: 0
2019/03/18-23:54:01.695894 7fcf3cbe0700           Options.random_access_max_buffer_size: 1048576
2019/03/18-23:54:01.695895 7fcf3cbe0700                      Options.use_adaptive_mutex: 0
2019/03/18-23:54:01.695896 7fcf3cbe0700                            Options.rate_limiter: (nil)
2019/03/18-23:54:01.695913 7fcf3cbe0700     Options.sst_file_manager.rate_bytes_per_sec: 0
2019/03/18-23:54:01.695916 7fcf3cbe0700                       Options.wal_recovery_mode: 2
2019/03/18-23:54:01.695917 7fcf3cbe0700                  Options.enable_thread_tracking: 0
2019/03/18-23:54:01.695918 7fcf3cbe0700                  Options.enable_pipelined_write: 1
2019/03/18-23:54:01.695919 7fcf3cbe0700         Options.allow_concurrent_memtable_write: 1
2019/03/18-23:54:01.695919 7fcf3cbe0700      Options.enable_write_thread_adaptive_yield: 1
2019/03/18-23:54:01.695920 7fcf3cbe0700             Options.write_thread_max_yield_usec: 100
2019/03/18-23:54:01.695922 7fcf3cbe0700            Options.write_thread_slow_yield_usec: 3
2019/03/18-23:54:01.695923 7fcf3cbe0700                               Options.row_cache: None
2019/03/18-23:54:01.695924 7fcf3cbe0700                              Options.wal_filter: None
2019/03/18-23:54:01.695925 7fcf3cbe0700             Options.avoid_flush_during_recovery: 0
2019/03/18-23:54:01.695926 7fcf3cbe0700             Options.allow_ingest_behind: 0
2019/03/18-23:54:01.695927 7fcf3cbe0700             Options.preserve_deletes: 0
2019/03/18-23:54:01.695928 7fcf3cbe0700             Options.two_write_queues: 0
2019/03/18-23:54:01.695929 7fcf3cbe0700             Options.manual_wal_flush: 0
2019/03/18-23:54:01.695931 7fcf3cbe0700             Options.max_background_jobs: 24
2019/03/18-23:54:01.695932 7fcf3cbe0700             Options.max_background_compactions: 24
2019/03/18-23:54:01.695933 7fcf3cbe0700             Options.avoid_flush_during_shutdown: 0
2019/03/18-23:54:01.695934 7fcf3cbe0700           Options.writable_file_max_buffer_size: 1048576
2019/03/18-23:54:01.695935 7fcf3cbe0700             Options.delayed_write_rate : 16777216
2019/03/18-23:54:01.695936 7fcf3cbe0700             Options.max_total_wal_size: 0
2019/03/18-23:54:01.695937 7fcf3cbe0700             Options.delete_obsolete_files_period_micros: 21600000000
2019/03/18-23:54:01.695939 7fcf3cbe0700                   Options.stats_dump_period_sec: 60
2019/03/18-23:54:01.695940 7fcf3cbe0700                          Options.max_open_files: -1
2019/03/18-23:54:01.695941 7fcf3cbe0700                          Options.bytes_per_sync: 1048576
2019/03/18-23:54:01.695942 7fcf3cbe0700                      Options.wal_bytes_per_sync: 0
2019/03/18-23:54:01.695943 7fcf3cbe0700       Options.compaction_readahead_size: 0
2019/03/18-23:54:01.695944 7fcf3cbe0700 Compression algorithms supported:
2019/03/18-23:54:01.695945 7fcf3cbe0700 	kZSTDNotFinalCompression supported: 1
2019/03/18-23:54:01.695954 7fcf3cbe0700 	kZSTD supported: 1
2019/03/18-23:54:01.695956 7fcf3cbe0700 	kXpressCompression supported: 0
2019/03/18-23:54:01.695957 7fcf3cbe0700 	kLZ4HCCompression supported: 1
2019/03/18-23:54:01.695958 7fcf3cbe0700 	kLZ4Compression supported: 1
2019/03/18-23:54:01.695959 7fcf3cbe0700 	kBZip2Compression supported: 1
2019/03/18-23:54:01.695961 7fcf3cbe0700 	kZlibCompression supported: 1
2019/03/18-23:54:01.695962 7fcf3cbe0700 	kSnappyCompression supported: 1
2019/03/18-23:54:01.695966 7fcf3cbe0700 Fast CRC32 supported: Not supported on x86
2019/03/18-23:54:01.696432 7fcf3cbe0700 [db/version_set.cc:3085] Recovering from manifest file: MANIFEST-000004
2019/03/18-23:54:01.696530 7fcf3cbe0700 [db/column_family.cc:475] --------------- Options for column family [default]:
2019/03/18-23:54:01.696534 7fcf3cbe0700               Options.comparator: leveldb.BytewiseComparator
2019/03/18-23:54:01.696535 7fcf3cbe0700           Options.merge_operator: None
2019/03/18-23:54:01.696536 7fcf3cbe0700        Options.compaction_filter: None
2019/03/18-23:54:01.696537 7fcf3cbe0700        Options.compaction_filter_factory: None
2019/03/18-23:54:01.696538 7fcf3cbe0700         Options.memtable_factory: SkipListFactory
2019/03/18-23:54:01.696540 7fcf3cbe0700            Options.table_factory: BlockBasedTable
2019/03/18-23:54:01.696565 7fcf3cbe0700            table_factory options:   flush_block_policy_factory: FlushBlockBySizePolicyFactory (0x7fce7c3c9de0)
  cache_index_and_filter_blocks: 0
  cache_index_and_filter_blocks_with_high_priority: 0
  pin_l0_filter_and_index_blocks_in_cache: 0
  index_type: 0
  hash_index_allow_collision: 1
  checksum: 1
  no_block_cache: 0
  block_cache: 0x7fce7c3bbcc0
  block_cache_name: LRUCache
  block_cache_options:
    capacity : 8388608
    num_shard_bits : 4
    strict_capacity_limit : 0
    high_pri_pool_ratio: 0.000
  block_cache_compressed: (nil)
  persistent_cache: (nil)
  block_size: 8192
  block_size_deviation: 10
  block_restart_interval: 16
  index_block_restart_interval: 1
  metadata_block_size: 4096
  partition_filters: 0
  use_delta_encoding: 1
  filter_policy: nullptr
  whole_key_filtering: 1
  verify_compression: 0
  read_amp_bytes_per_bit: 0
  format_version: 2
  enable_index_compression: 1
  block_align: 0
2019/03/18-23:54:01.696578 7fcf3cbe0700        Options.write_buffer_size: 134217728
2019/03/18-23:54:01.696580 7fcf3cbe0700  Options.max_write_buffer_number: 24
2019/03/18-23:54:01.696582 7fcf3cbe0700        Options.compression[0]: NoCompression
2019/03/18-23:54:01.696583 7fcf3cbe0700        Options.compression[1]: NoCompression
2019/03/18-23:54:01.696584 7fcf3cbe0700        Options.compression[2]: LZ4
2019/03/18-23:54:01.696586 7fcf3cbe0700        Options.compression[3]: LZ4
2019/03/18-23:54:01.696587 7fcf3cbe0700        Options.compression[4]: LZ4
2019/03/18-23:54:01.696588 7fcf3cbe0700        Options.compression[5]: LZ4
2019/03/18-23:54:01.696589 7fcf3cbe0700        Options.compression[6]: LZ4
2019/03/18-23:54:01.696590 7fcf3cbe0700                  Options.bottommost_compression: Disabled
2019/03/18-23:54:01.696591 7fcf3cbe0700       Options.prefix_extractor: nullptr
2019/03/18-23:54:01.696592 7fcf3cbe0700   Options.memtable_insert_with_hint_prefix_extractor: nullptr
2019/03/18-23:54:01.696593 7fcf3cbe0700             Options.num_levels: 7
2019/03/18-23:54:01.696594 7fcf3cbe0700        Options.min_write_buffer_number_to_merge: 2
2019/03/18-23:54:01.696595 7fcf3cbe0700     Options.max_write_buffer_number_to_maintain: 0
2019/03/18-23:54:01.696596 7fcf3cbe0700            Options.compression_opts.window_bits: -14
2019/03/18-23:54:01.696598 7fcf3cbe0700                  Options.compression_opts.level: -1
2019/03/18-23:54:01.696599 7fcf3cbe0700               Options.compression_opts.strategy: 0
2019/03/18-23:54:01.696600 7fcf3cbe0700         Options.compression_opts.max_dict_bytes: 0
2019/03/18-23:54:01.696601 7fcf3cbe0700         Options.compression_opts.zstd_max_train_bytes: 0
2019/03/18-23:54:01.696602 7fcf3cbe0700      Options.level0_file_num_compaction_trigger: 2
2019/03/18-23:54:01.696603 7fcf3cbe0700          Options.level0_slowdown_writes_trigger: 20
2019/03/18-23:54:01.696604 7fcf3cbe0700              Options.level0_stop_writes_trigger: 36
2019/03/18-23:54:01.696605 7fcf3cbe0700                   Options.target_file_size_base: 67108864
2019/03/18-23:54:01.696606 7fcf3cbe0700             Options.target_file_size_multiplier: 1
2019/03/18-23:54:01.696607 7fcf3cbe0700                Options.max_bytes_for_level_base: 536870912
2019/03/18-23:54:01.696608 7fcf3cbe0700 Options.level_compaction_dynamic_level_bytes: 0
2019/03/18-23:54:01.696609 7fcf3cbe0700          Options.max_bytes_for_level_multiplier: 10.000000
2019/03/18-23:54:01.696612 7fcf3cbe0700 Options.max_bytes_for_level_multiplier_addtl[0]: 1
2019/03/18-23:54:01.696613 7fcf3cbe0700 Options.max_bytes_for_level_multiplier_addtl[1]: 1
2019/03/18-23:54:01.696614 7fcf3cbe0700 Options.max_bytes_for_level_multiplier_addtl[2]: 1
2019/03/18-23:54:01.696615 7fcf3cbe0700 Options.max_bytes_for_level_multiplier_addtl[3]: 1
2019/03/18-23:54:01.696616 7fcf3cbe0700 Options.max_bytes_for_level_multiplier_addtl[4]: 1
2019/03/18-23:54:01.696617 7fcf3cbe0700 Options.max_bytes_for_level_multiplier_addtl[5]: 1
2019/03/18-23:54:01.696618 7fcf3cbe0700 Options.max_bytes_for_level_multiplier_addtl[6]: 1
2019/03/18-23:54:01.696619 7fcf3cbe0700       Options.max_sequential_skip_in_iterations: 8
2019/03/18-23:54:01.696620 7fcf3cbe0700                    Options.max_compaction_bytes: 1677721600
2019/03/18-23:54:01.696627 7fcf3cbe0700                        Options.arena_block_size: 16777216
2019/03/18-23:54:01.696629 7fcf3cbe0700   Options.soft_pending_compaction_bytes_limit: 68719476736
2019/03/18-23:54:01.696630 7fcf3cbe0700   Options.hard_pending_compaction_bytes_limit: 274877906944
2019/03/18-23:54:01.696631 7fcf3cbe0700       Options.rate_limit_delay_max_milliseconds: 100
2019/03/18-23:54:01.696632 7fcf3cbe0700                Options.disable_auto_compactions: 0
2019/03/18-23:54:01.696634 7fcf3cbe0700                        Options.compaction_style: kCompactionStyleLevel
2019/03/18-23:54:01.696635 7fcf3cbe0700                          Options.compaction_pri: kByCompensatedSize
2019/03/18-23:54:01.696636 7fcf3cbe0700 Options.compaction_options_universal.size_ratio: 1
2019/03/18-23:54:01.696638 7fcf3cbe0700 Options.compaction_options_universal.min_merge_width: 2
2019/03/18-23:54:01.696639 7fcf3cbe0700 Options.compaction_options_universal.max_merge_width: 4294967295
2019/03/18-23:54:01.696640 7fcf3cbe0700 Options.compaction_options_universal.max_size_amplification_percent: 200
2019/03/18-23:54:01.696641 7fcf3cbe0700 Options.compaction_options_universal.compression_size_percent: -1
2019/03/18-23:54:01.696642 7fcf3cbe0700 Options.compaction_options_universal.stop_style: kCompactionStopStyleTotalSize
2019/03/18-23:54:01.696643 7fcf3cbe0700 Options.compaction_options_fifo.max_table_files_size: 1073741824
2019/03/18-23:54:01.696645 7fcf3cbe0700 Options.compaction_options_fifo.allow_compaction: 0
2019/03/18-23:54:01.696646 7fcf3cbe0700 Options.compaction_options_fifo.ttl: 0
2019/03/18-23:54:01.696647 7fcf3cbe0700                   Options.table_properties_collectors: 
2019/03/18-23:54:01.696648 7fcf3cbe0700                   Options.inplace_update_support: 0
2019/03/18-23:54:01.696649 7fcf3cbe0700                 Options.inplace_update_num_locks: 10000
2019/03/18-23:54:01.696650 7fcf3cbe0700               Options.memtable_prefix_bloom_size_ratio: 0.000000
2019/03/18-23:54:01.696652 7fcf3cbe0700   Options.memtable_huge_page_size: 0
2019/03/18-23:54:01.696653 7fcf3cbe0700                           Options.bloom_locality: 0
2019/03/18-23:54:01.696654 7fcf3cbe0700                    Options.max_successive_merges: 0
2019/03/18-23:54:01.696655 7fcf3cbe0700                Options.optimize_filters_for_hits: 0
2019/03/18-23:54:01.696656 7fcf3cbe0700                Options.paranoid_file_checks: 0
2019/03/18-23:54:01.696657 7fcf3cbe0700                Options.force_consistency_checks: 0
2019/03/18-23:54:01.696658 7fcf3cbe0700                Options.report_bg_io_stats: 0
2019/03/18-23:54:01.696659 7fcf3cbe0700                               Options.ttl: 0
2019/03/18-23:54:01.697165 7fcf3cbe0700 [db/column_family.cc:475] --------------- Options for column family [usertable]:
2019/03/18-23:54:01.697170 7fcf3cbe0700               Options.comparator: leveldb.BytewiseComparator
2019/03/18-23:54:01.697172 7fcf3cbe0700           Options.merge_operator: None
2019/03/18-23:54:01.697173 7fcf3cbe0700        Options.compaction_filter: None
2019/03/18-23:54:01.697174 7fcf3cbe0700        Options.compaction_filter_factory: None
2019/03/18-23:54:01.697175 7fcf3cbe0700         Options.memtable_factory: SkipListFactory
2019/03/18-23:54:01.697176 7fcf3cbe0700            Options.table_factory: BlockBasedTable
2019/03/18-23:54:01.697202 7fcf3cbe0700            table_factory options:   flush_block_policy_factory: FlushBlockBySizePolicyFactory (0x7fce7c3c5550)
  cache_index_and_filter_blocks: 0
  cache_index_and_filter_blocks_with_high_priority: 0
  pin_l0_filter_and_index_blocks_in_cache: 0
  index_type: 0
  hash_index_allow_collision: 1
  checksum: 1
  no_block_cache: 0
  block_cache: 0x7fce7c3cb680
  block_cache_name: LRUCache
  block_cache_options:
    capacity : 8388608
    num_shard_bits : 4
    strict_capacity_limit : 0
    high_pri_pool_ratio: 0.000
  block_cache_compressed: (nil)
  persistent_cache: (nil)
  block_size: 8192
  block_size_deviation: 10
  block_restart_interval: 16
  index_block_restart_interval: 1
  metadata_block_size: 4096
  partition_filters: 0
  use_delta_encoding: 1
  filter_policy: nullptr
  whole_key_filtering: 1
  verify_compression: 0
  read_amp_bytes_per_bit: 0
  format_version: 2
  enable_index_compression: 1
  block_align: 0
2019/03/18-23:54:01.697217 7fcf3cbe0700        Options.write_buffer_size: 134217728
2019/03/18-23:54:01.697220 7fcf3cbe0700  Options.max_write_buffer_number: 24
2019/03/18-23:54:01.697222 7fcf3cbe0700        Options.compression[0]: NoCompression
2019/03/18-23:54:01.697224 7fcf3cbe0700        Options.compression[1]: NoCompression
2019/03/18-23:54:01.697227 7fcf3cbe0700        Options.compression[2]: LZ4
2019/03/18-23:54:01.697229 7fcf3cbe0700        Options.compression[3]: LZ4
2019/03/18-23:54:01.697231 7fcf3cbe0700        Options.compression[4]: LZ4
2019/03/18-23:54:01.697233 7fcf3cbe0700        Options.compression[5]: LZ4
2019/03/18-23:54:01.697235 7fcf3cbe0700        Options.compression[6]: LZ4
2019/03/18-23:54:01.697237 7fcf3cbe0700                  Options.bottommost_compression: Disabled
2019/03/18-23:54:01.697239 7fcf3cbe0700       Options.prefix_extractor: nullptr
2019/03/18-23:54:01.697241 7fcf3cbe0700   Options.memtable_insert_with_hint_prefix_extractor: nullptr
2019/03/18-23:54:01.697242 7fcf3cbe0700             Options.num_levels: 7
2019/03/18-23:54:01.697244 7fcf3cbe0700        Options.min_write_buffer_number_to_merge: 2
2019/03/18-23:54:01.697245 7fcf3cbe0700     Options.max_write_buffer_number_to_maintain: 0
2019/03/18-23:54:01.697247 7fcf3cbe0700            Options.compression_opts.window_bits: -14
2019/03/18-23:54:01.697249 7fcf3cbe0700                  Options.compression_opts.level: -1
2019/03/18-23:54:01.697251 7fcf3cbe0700               Options.compression_opts.strategy: 0
2019/03/18-23:54:01.697252 7fcf3cbe0700         Options.compression_opts.max_dict_bytes: 0
2019/03/18-23:54:01.697254 7fcf3cbe0700         Options.compression_opts.zstd_max_train_bytes: 0
2019/03/18-23:54:01.697256 7fcf3cbe0700      Options.level0_file_num_compaction_trigger: 2
2019/03/18-23:54:01.697258 7fcf3cbe0700          Options.level0_slowdown_writes_trigger: 20
2019/03/18-23:54:01.697259 7fcf3cbe0700              Options.level0_stop_writes_trigger: 36
2019/03/18-23:54:01.697261 7fcf3cbe0700                   Options.target_file_size_base: 67108864
2019/03/18-23:54:01.697263 7fcf3cbe0700             Options.target_file_size_multiplier: 1
2019/03/18-23:54:01.697265 7fcf3cbe0700                Options.max_bytes_for_level_base: 536870912
2019/03/18-23:54:01.697267 7fcf3cbe0700 Options.level_compaction_dynamic_level_bytes: 0
2019/03/18-23:54:01.697268 7fcf3cbe0700          Options.max_bytes_for_level_multiplier: 10.000000
2019/03/18-23:54:01.697272 7fcf3cbe0700 Options.max_bytes_for_level_multiplier_addtl[0]: 1
2019/03/18-23:54:01.697274 7fcf3cbe0700 Options.max_bytes_for_level_multiplier_addtl[1]: 1
2019/03/18-23:54:01.697276 7fcf3cbe0700 Options.max_bytes_for_level_multiplier_addtl[2]: 1
2019/03/18-23:54:01.697278 7fcf3cbe0700 Options.max_bytes_for_level_multiplier_addtl[3]: 1
2019/03/18-23:54:01.697280 7fcf3cbe0700 Options.max_bytes_for_level_multiplier_addtl[4]: 1
2019/03/18-23:54:01.697282 7fcf3cbe0700 Options.max_bytes_for_level_multiplier_addtl[5]: 1
2019/03/18-23:54:01.697284 7fcf3cbe0700 Options.max_bytes_for_level_multiplier_addtl[6]: 1
2019/03/18-23:54:01.697285 7fcf3cbe0700       Options.max_sequential_skip_in_iterations: 8
2019/03/18-23:54:01.697287 7fcf3cbe0700                    Options.max_compaction_bytes: 1677721600
2019/03/18-23:54:01.697289 7fcf3cbe0700                        Options.arena_block_size: 16777216
2019/03/18-23:54:01.697291 7fcf3cbe0700   Options.soft_pending_compaction_bytes_limit: 68719476736
2019/03/18-23:54:01.697293 7fcf3cbe0700   Options.hard_pending_compaction_bytes_limit: 274877906944
2019/03/18-23:54:01.697295 7fcf3cbe0700       Options.rate_limit_delay_max_milliseconds: 100
2019/03/18-23:54:01.697297 7fcf3cbe0700                Options.disable_auto_compactions: 0
2019/03/18-23:54:01.697299 7fcf3cbe0700                        Options.compaction_style: kCompactionStyleLevel
2019/03/18-23:54:01.697313 7fcf3cbe0700                          Options.compaction_pri: kByCompensatedSize
2019/03/18-23:54:01.697316 7fcf3cbe0700 Options.compaction_options_universal.size_ratio: 1
2019/03/18-23:54:01.697318 7fcf3cbe0700 Options.compaction_options_universal.min_merge_width: 2
2019/03/18-23:54:01.697319 7fcf3cbe0700 Options.compaction_options_universal.max_merge_width: 4294967295
2019/03/18-23:54:01.697321 7fcf3cbe0700 Options.compaction_options_universal.max_size_amplification_percent: 200
2019/03/18-23:54:01.697322 7fcf3cbe0700 Options.compaction_options_universal.compression_size_percent: -1
2019/03/18-23:54:01.697324 7fcf3cbe0700 Options.compaction_options_universal.stop_style: kCompactionStopStyleTotalSize
2019/03/18-23:54:01.697326 7fcf3cbe0700 Options.compaction_options_fifo.max_table_files_size: 1073741824
2019/03/18-23:54:01.697328 7fcf3cbe0700 Options.compaction_options_fifo.allow_compaction: 0
2019/03/18-23:54:01.697329 7fcf3cbe0700 Options.compaction_options_fifo.ttl: 0
2019/03/18-23:54:01.697331 7fcf3cbe0700                   Options.table_properties_collectors: 
2019/03/18-23:54:01.697333 7fcf3cbe0700                   Options.inplace_update_support: 0
2019/03/18-23:54:01.697335 7fcf3cbe0700                 Options.inplace_update_num_locks: 10000
2019/03/18-23:54:01.697337 7fcf3cbe0700               Options.memtable_prefix_bloom_size_ratio: 0.000000
2019/03/18-23:54:01.697340 7fcf3cbe0700   Options.memtable_huge_page_size: 0
2019/03/18-23:54:01.697342 7fcf3cbe0700                           Options.bloom_locality: 0
2019/03/18-23:54:01.697344 7fcf3cbe0700                    Options.max_successive_merges: 0
2019/03/18-23:54:01.697345 7fcf3cbe0700                Options.optimize_filters_for_hits: 0
2019/03/18-23:54:01.697347 7fcf3cbe0700                Options.paranoid_file_checks: 0
2019/03/18-23:54:01.697349 7fcf3cbe0700                Options.force_consistency_checks: 0
2019/03/18-23:54:01.697350 7fcf3cbe0700                Options.report_bg_io_stats: 0
2019/03/18-23:54:01.697352 7fcf3cbe0700                               Options.ttl: 0
2019/03/18-23:54:02.280356 7fcf3cbe0700 [db/version_set.cc:3361] Recovered from manifest file:/mnt/sdc/ycsb-rocksdb-data/MANIFEST-000004 succeeded,manifest_file_number is 4, next_file_number is 1337, last_sequence is 10420787, log_number is 0,prev_log_number is 0,max_column_family is 1,min_log_number_to_keep is 0
2019/03/18-23:54:02.280366 7fcf3cbe0700 [db/version_set.cc:3369] Column family [default] (ID 0), log number is 0
2019/03/18-23:54:02.280369 7fcf3cbe0700 [db/version_set.cc:3369] Column family [usertable] (ID 1), log number is 1330
2019/03/18-23:54:02.282445 7fcf3cbe0700 EVENT_LOG_v1 {"time_micros": 1552978442282425, "job": 1, "event": "recovery_started", "log_files": [1330, 1336]}
2019/03/18-23:54:02.282456 7fcf3cbe0700 [db/db_impl_open.cc:551] Recovering log #1330 mode 2
2019/03/18-23:54:02.582804 7fcf3cbe0700 [db/db_impl_open.cc:551] Recovering log #1336 mode 2
2019/03/18-23:54:03.739595 7fcf3cbe0700 EVENT_LOG_v1 {"time_micros": 1552978443739565, "cf_name": "usertable", "job": 1, "event": "table_file_creation", "file_number": 1337, "file_size": 129902323, "table_properties": {"data_size": 129321394, "index_size": 580007, "filter_size": 0, "raw_key_size": 752760, "raw_average_key_size": 24, "raw_value_size": 128471040, "raw_average_value_size": 4096, "num_data_blocks": 15683, "num_entries": 31365, "filter_policy_name": "", "kDeletedKeys": "0", "kMergeOperands": "0"}}
2019/03/18-23:54:04.148317 7fcf3cbe0700 [db/version_set.cc:2847] Creating manifest 1338
2019/03/18-23:54:04.593127 7fcf3cbe0700 EVENT_LOG_v1 {"time_micros": 1552978444593089, "cf_name": "usertable", "job": 1, "event": "table_file_creation", "file_number": 1339, "file_size": 45046578, "table_properties": {"data_size": 44845885, "index_size": 199772, "filter_size": 0, "raw_key_size": 261048, "raw_average_key_size": 24, "raw_value_size": 44552192, "raw_average_value_size": 4096, "num_data_blocks": 5439, "num_entries": 10877, "filter_policy_name": "", "kDeletedKeys": "0", "kMergeOperands": "0"}}
2019/03/18-23:54:04.646001 7fcf3cbe0700 EVENT_LOG_v1 {"time_micros": 1552978444645989, "job": 1, "event": "recovery_finished"}
2019/03/18-23:54:04.769074 7fcf3cbe0700 [db/db_impl_open.cc:1219] DB pointer 0x7fce7c3bde80
2019/03/18-23:54:04.769472 7fcf2ffff700 [WARN] [db/db_impl.cc:491] ------- DUMPING STATS -------
2019/03/18-23:54:04.769532 7fcf2ffff700 [WARN] [db/db_impl.cc:492] 
** DB Stats **
Uptime(secs): 3.1 total, 3.1 interval
Cumulative writes: 0 writes, 0 keys, 0 commit groups, 0.0 writes per commit group, ingest: 0.00 GB, 0.00 MB/s
Cumulative WAL: 0 writes, 0 syncs, 0.00 writes per sync, written: 0.00 GB, 0.00 MB/s
Cumulative stall: 00:00:0.000 H:M:S, 0.0 percent
Interval writes: 0 writes, 0 keys, 0 commit groups, 0.0 writes per commit group, ingest: 0.00 MB, 0.00 MB/s
Interval WAL: 0 writes, 0 syncs, 0.00 writes per sync, written: 0.00 MB, 0.00 MB/s
Interval stall: 00:00:0.000 H:M:S, 0.0 percent

** Compaction Stats [default] **
Level    Files   Size     Score Read(GB)  Rn(GB) Rnp1(GB) Write(GB) Wnew(GB) Moved(GB) W-Amp Rd(MB/s) Wr(MB/s) Comp(sec) Comp(cnt) Avg(sec) KeyIn KeyDrop
----------------------------------------------------------------------------------------------------------------------------------------------------------
 Sum      0/0    0.00 KB   0.0      0.0     0.0      0.0       0.0      0.0       0.0   0.0      0.0      0.0         0         0    0.000       0      0
 Int      0/0    0.00 KB   0.0      0.0     0.0      0.0       0.0      0.0       0.0   0.0      0.0      0.0         0         0    0.000       0      0
Uptime(secs): 3.1 total, 3.1 interval
Flush(GB): cumulative 0.000, interval 0.000
AddFile(GB): cumulative 0.000, interval 0.000
AddFile(Total Files): cumulative 0, interval 0
AddFile(L0 Files): cumulative 0, interval 0
AddFile(Keys): cumulative 0, interval 0
Cumulative compaction: 0.00 GB write, 0.00 MB/s write, 0.00 GB read, 0.00 MB/s read, 0.0 seconds
Interval compaction: 0.00 GB write, 0.00 MB/s write, 0.00 GB read, 0.00 MB/s read, 0.0 seconds
Stalls(count): 0 level0_slowdown, 0 level0_slowdown_with_compaction, 0 level0_numfiles, 0 level0_numfiles_with_compaction, 0 stop for pending_compaction_bytes, 0 slowdown for pending_compaction_bytes, 0 memtable_compaction, 0 memtable_slowdown, interval 0 total count

** File Read Latency Histogram By Level [default] **

** Compaction Stats [usertable] **
Level    Files   Size     Score Read(GB)  Rn(GB) Rnp1(GB) Write(GB) Wnew(GB) Moved(GB) W-Amp Rd(MB/s) Wr(MB/s) Comp(sec) Comp(cnt) Avg(sec) KeyIn KeyDrop
----------------------------------------------------------------------------------------------------------------------------------------------------------
  L0      3/0   357.68 MB   1.5      0.0     0.0      0.0       0.2      0.2       0.0   1.0      0.0    120.3         1         2    0.694       0      0
  L1      9/0   508.99 MB   1.0      0.0     0.0      0.0       0.0      0.0       0.0   0.0      0.0      0.0         0         0    0.000       0      0
  L2    184/0    4.96 GB   1.0      0.0     0.0      0.0       0.0      0.0       0.0   0.0      0.0      0.0         0         0    0.000       0      0
  L3    549/0   34.38 GB   0.7      0.0     0.0      0.0       0.0      0.0       0.0   0.0      0.0      0.0         0         0    0.000       0      0
 Sum    745/0   40.18 GB   0.0      0.0     0.0      0.0       0.2      0.2       0.0   1.0      0.0    120.3         1         2    0.694       0      0
 Int      0/0    0.00 KB   0.0      0.0     0.0      0.0       0.2      0.2       0.0   1.0      0.0    120.3         1         2    0.694       0      0
Uptime(secs): 3.1 total, 3.1 interval
Flush(GB): cumulative 0.163, interval 0.163
AddFile(GB): cumulative 0.000, interval 0.000
AddFile(Total Files): cumulative 0, interval 0
AddFile(L0 Files): cumulative 0, interval 0
AddFile(Keys): cumulative 0, interval 0
Cumulative compaction: 0.16 GB write, 54.31 MB/s write, 0.00 GB read, 0.00 MB/s read, 1.4 seconds
Interval compaction: 0.16 GB write, 54.31 MB/s write, 0.00 GB read, 0.00 MB/s read, 1.4 seconds
Stalls(count): 0 level0_slowdown, 0 level0_slowdown_with_compaction, 0 level0_numfiles, 0 level0_numfiles_with_compaction, 0 stop for pending_compaction_bytes, 0 slowdown for pending_compaction_bytes, 0 memtable_compaction, 0 memtable_slowdown, interval 0 total count

** File Read Latency Histogram By Level [usertable] **

** Compaction Stats [default] **
Level    Files   Size     Score Read(GB)  Rn(GB) Rnp1(GB) Write(GB) Wnew(GB) Moved(GB) W-Amp Rd(MB/s) Wr(MB/s) Comp(sec) Comp(cnt) Avg(sec) KeyIn KeyDrop
----------------------------------------------------------------------------------------------------------------------------------------------------------
 Sum      0/0    0.00 KB   0.0      0.0     0.0      0.0       0.0      0.0       0.0   0.0      0.0      0.0         0         0    0.000       0      0
 Int      0/0    0.00 KB   0.0      0.0     0.0      0.0       0.0      0.0       0.0   0.0      0.0      0.0         0         0    0.000       0      0
Uptime(secs): 3.1 total, 0.0 interval
Flush(GB): cumulative 0.000, interval 0.000
AddFile(GB): cumulative 0.000, interval 0.000
AddFile(Total Files): cumulative 0, interval 0
AddFile(L0 Files): cumulative 0, interval 0
AddFile(Keys): cumulative 0, interval 0
Cumulative compaction: 0.00 GB write, 0.00 MB/s write, 0.00 GB read, 0.00 MB/s read, 0.0 seconds
Interval compaction: 0.00 GB write, 0.00 MB/s write, 0.00 GB read, 0.00 MB/s read, 0.0 seconds
Stalls(count): 0 level0_slowdown, 0 level0_slowdown_with_compaction, 0 level0_numfiles, 0 level0_numfiles_with_compaction, 0 stop for pending_compaction_bytes, 0 slowdown for pending_compaction_bytes, 0 memtable_compaction, 0 memtable_slowdown, interval 0 total count

** File Read Latency Histogram By Level [default] **

** Compaction Stats [usertable] **
Level    Files   Size     Score Read(GB)  Rn(GB) Rnp1(GB) Write(GB) Wnew(GB) Moved(GB) W-Amp Rd(MB/s) Wr(MB/s) Comp(sec) Comp(cnt) Avg(sec) KeyIn KeyDrop
----------------------------------------------------------------------------------------------------------------------------------------------------------
  L0      3/0   357.68 MB   1.5      0.0     0.0      0.0       0.2      0.2       0.0   1.0      0.0    120.3         1         2    0.694       0      0
  L1      9/0   508.99 MB   1.0      0.0     0.0      0.0       0.0      0.0       0.0   0.0      0.0      0.0         0         0    0.000       0      0
  L2    184/0    4.96 GB   1.0      0.0     0.0      0.0       0.0      0.0       0.0   0.0      0.0      0.0         0         0    0.000       0      0
  L3    549/0   34.38 GB   0.7      0.0     0.0      0.0       0.0      0.0       0.0   0.0      0.0      0.0         0         0    0.000       0      0
 Sum    745/0   40.18 GB   0.0      0.0     0.0      0.0       0.2      0.2       0.0   1.0      0.0    120.3         1         2    0.694       0      0
 Int      0/0    0.00 KB   0.0      0.0     0.0      0.0       0.0      0.0       0.0   0.0      0.0      0.0         0         0    0.000       0      0
Uptime(secs): 3.1 total, 0.0 interval
Flush(GB): cumulative 0.163, interval 0.000
AddFile(GB): cumulative 0.000, interval 0.000
AddFile(Total Files): cumulative 0, interval 0
AddFile(L0 Files): cumulative 0, interval 0
AddFile(Keys): cumulative 0, interval 0
Cumulative compaction: 0.16 GB write, 54.31 MB/s write, 0.00 GB read, 0.00 MB/s read, 1.4 seconds
Interval compaction: 0.00 GB write, 0.00 MB/s write, 0.00 GB read, 0.00 MB/s read, 0.0 seconds
Stalls(count): 0 level0_slowdown, 0 level0_slowdown_with_compaction, 0 level0_numfiles, 0 level0_numfiles_with_compaction, 0 stop for pending_compaction_bytes, 0 slowdown for pending_compaction_bytes, 0 memtable_compaction, 0 memtable_slowdown, interval 0 total count

** File Read Latency Histogram By Level [usertable] **
2019/03/18-23:54:04.811356 7fcf2ffff700 (Original Log Time 2019/03/18-23:54:04.769714) [db/db_impl_compaction_flush.cc:1835] [usertable] Moving #353 to level-1 200108466 bytes
2019/03/18-23:54:04.811363 7fcf2ffff700 (Original Log Time 2019/03/18-23:54:04.811241) EVENT_LOG_v1 {"time_micros": 1552978444811228, "job": 3, "event": "trivial_move", "destination_level": 1, "files": 1, "total_files_size": 200108466}
2019/03/18-23:54:04.811367 7fcf2ffff700 (Original Log Time 2019/03/18-23:54:04.811260) [db/db_impl_compaction_flush.cc:1864] [usertable] Moved #1 files to level-1 200108466 bytes OK: base level 1 max bytes base 536870912 files[2 10 184 549 0 0 0] max score 1.37
2019/03/18-23:54:04.811497 7fcf2ffff700 [db/compaction_job.cc:1531] [usertable] [JOB 4] Compacting 1@1 files to L2, score 1.37
2019/03/18-23:54:04.811507 7fcf2ffff700 [db/compaction_job.cc:1535] [usertable] Compaction start summary: Base version 6 Base level 1, inputs: [353(190MB)]
2019/03/18-23:54:04.811540 7fcf2ffff700 EVENT_LOG_v1 {"time_micros": 1552978444811516, "job": 4, "event": "compaction_started", "compaction_reason": "LevelMaxLevelSize", "files_L1": [353], "score": 1.36684, "input_data_size": 200108466}
2019/03/18-23:54:05.970332 7fcf2ffff700 [db/compaction_job.cc:1211] [usertable] [JOB 4] Generated table #1343: 16279 keys, 67233372 bytes
2019/03/18-23:54:05.970398 7fcf2ffff700 EVENT_LOG_v1 {"time_micros": 1552978445970367, "cf_name": "usertable", "job": 4, "event": "table_file_creation", "file_number": 1343, "file_size": 67233372, "table_properties": {"data_size": 67118331, "index_size": 299107, "filter_size": 0, "raw_key_size": 390696, "raw_average_key_size": 24, "raw_value_size": 66678784, "raw_average_value_size": 4096, "num_data_blocks": 8140, "num_entries": 16279, "filter_policy_name": "", "kDeletedKeys": "0", "kMergeOperands": "0"}}
2019/03/18-23:54:06.810945 7fcf2ffff700 [db/compaction_job.cc:1211] [usertable] [JOB 4] Generated table #1344: 16279 keys, 67233559 bytes
2019/03/18-23:54:06.811006 7fcf2ffff700 EVENT_LOG_v1 {"time_micros": 1552978446810976, "cf_name": "usertable", "job": 4, "event": "table_file_creation", "file_number": 1344, "file_size": 67233559, "table_properties": {"data_size": 67120140, "index_size": 300916, "filter_size": 0, "raw_key_size": 390696, "raw_average_key_size": 24, "raw_value_size": 66678784, "raw_average_value_size": 4096, "num_data_blocks": 8140, "num_entries": 16279, "filter_policy_name": "", "kDeletedKeys": "0", "kMergeOperands": "0"}}
2019/03/18-23:54:07.628068 7fcf2ffff700 [db/compaction_job.cc:1211] [usertable] [JOB 4] Generated table #1345: 15761 keys, 65094003 bytes
2019/03/18-23:54:07.628137 7fcf2ffff700 EVENT_LOG_v1 {"time_micros": 1552978447628102, "cf_name": "usertable", "job": 4, "event": "table_file_creation", "file_number": 1345, "file_size": 65094003, "table_properties": {"data_size": 64982617, "index_size": 289584, "filter_size": 0, "raw_key_size": 378264, "raw_average_key_size": 24, "raw_value_size": 64557056, "raw_average_value_size": 4096, "num_data_blocks": 7881, "num_entries": 15761, "filter_policy_name": "", "kDeletedKeys": "0", "kMergeOperands": "0"}}
2019/03/18-23:54:07.628230 7fcf2ffff700 [db/compaction_job.cc:1287] [usertable] [JOB 4] Compacted 1@1 files to L2 => 199560934 bytes
2019/03/18-23:54:07.660522 7fcf2ffff700 (Original Log Time 2019/03/18-23:54:07.660338) [db/compaction_job.cc:685] [usertable] compacted to: base level 1 max bytes base 536870912 files[2 9 187 549 0 0 0] max score 1.03, MB/sec: 71.0 rd, 70.9 wr, level 2, files in(1, 0) out(3) MB in(190.8, 0.0) out(190.3), read-write-amplify(2.0) write-amplify(1.0) OK, records in: 48319, records dropped: 0 output_compression: LZ4
2019/03/18-23:54:07.660534 7fcf2ffff700 (Original Log Time 2019/03/18-23:54:07.660407) EVENT_LOG_v1 {"time_micros": 1552978447660383, "job": 4, "event": "compaction_finished", "compaction_time_micros": 2816637, "output_level": 2, "num_output_files": 3, "total_output_size": 199560934, "num_input_records": 48319, "num_output_records": 48319, "num_subcompactions": 1, "output_compression": "LZ4", "num_single_delete_mismatches": 0, "num_single_delete_fallthrough": 0, "lsm_state": [2, 9, 187, 549, 0, 0, 0]}
2019/03/18-23:54:07.692747 7fcf2effd700 (Original Log Time 2019/03/18-23:54:07.660771) [db/db_impl_compaction_flush.cc:1835] [usertable] Moving #1344 to level-3 67233559 bytes
2019/03/18-23:54:07.692755 7fcf2effd700 (Original Log Time 2019/03/18-23:54:07.692652) EVENT_LOG_v1 {"time_micros": 1552978447692641, "job": 5, "event": "trivial_move", "destination_level": 3, "files": 1, "total_files_size": 67233559}
2019/03/18-23:54:07.692758 7fcf2effd700 (Original Log Time 2019/03/18-23:54:07.692668) [db/db_impl_compaction_flush.cc:1864] [usertable] Moved #1 files to level-3 67233559 bytes OK: base level 1 max bytes base 536870912 files[2 9 186 550 0 0 0] max score 1.02
2019/03/18-23:54:07.715048 7fcf2effd700 EVENT_LOG_v1 {"time_micros": 1552978447715036, "job": 5, "event": "table_file_deletion", "file_number": 353}
2019/03/18-23:54:07.749031 7fcf2effd700 (Original Log Time 2019/03/18-23:54:07.715251) [db/db_impl_compaction_flush.cc:1835] [usertable] Moving #1343 to level-3 67233372 bytes
2019/03/18-23:54:07.749039 7fcf2effd700 (Original Log Time 2019/03/18-23:54:07.748611) EVENT_LOG_v1 {"time_micros": 1552978447748598, "job": 6, "event": "trivial_move", "destination_level": 3, "files": 1, "total_files_size": 67233372}
2019/03/18-23:54:07.749042 7fcf2effd700 (Original Log Time 2019/03/18-23:54:07.748632) [db/db_impl_compaction_flush.cc:1864] [usertable] Moved #1 files to level-3 67233372 bytes OK: base level 1 max bytes base 536870912 files[2 9 185 551 0 0 0] max score 1.00
2019/03/18-23:54:07.782148 7fcf2dffb700 (Original Log Time 2019/03/18-23:54:07.749525) [db/db_impl_compaction_flush.cc:1835] [usertable] Moving #927 to level-3 67233318 bytes
2019/03/18-23:54:07.782155 7fcf2dffb700 (Original Log Time 2019/03/18-23:54:07.782054) EVENT_LOG_v1 {"time_micros": 1552978447782039, "job": 7, "event": "trivial_move", "destination_level": 3, "files": 1, "total_files_size": 67233318}
2019/03/18-23:54:07.782158 7fcf2dffb700 (Original Log Time 2019/03/18-23:54:07.782071) [db/db_impl_compaction_flush.cc:1864] [usertable] Moved #1 files to level-3 67233318 bytes OK: base level 1 max bytes base 536870912 files[2 9 184 552 0 0 0] max score 1.00
2019/03/18-23:54:07.816448 7fcf2dffb700 (Original Log Time 2019/03/18-23:54:07.782438) [db/db_impl_compaction_flush.cc:1835] [usertable] Moving #1337 to level-1 129902323 bytes
2019/03/18-23:54:07.816455 7fcf2dffb700 (Original Log Time 2019/03/18-23:54:07.816334) EVENT_LOG_v1 {"time_micros": 1552978447816320, "job": 8, "event": "trivial_move", "destination_level": 1, "files": 1, "total_files_size": 129902323}
2019/03/18-23:54:07.816458 7fcf2dffb700 (Original Log Time 2019/03/18-23:54:07.816364) [db/db_impl_compaction_flush.cc:1864] [usertable] Moved #1 files to level-1 129902323 bytes OK: base level 1 max bytes base 536870912 files[1 10 184 552 0 0 0] max score 1.24
2019/03/18-23:54:07.816774 7fcf2cff9700 [db/compaction_job.cc:1531] [usertable] [JOB 9] Compacting 1@1 files to L2, score 1.24
2019/03/18-23:54:07.816786 7fcf2cff9700 [db/compaction_job.cc:1535] [usertable] Compaction start summary: Base version 11 Base level 1, inputs: [1337(123MB)]
