2018/11/22-06:49:11.856639 7ff2154ea700 RocksDB version: 5.14.3
2018/11/22-06:49:11.856707 7ff2154ea700 Git sha rocksdb_build_git_sha:
2018/11/22-06:49:11.856710 7ff2154ea700 Compile date Oct 15 2018
2018/11/22-06:49:11.856720 7ff2154ea700 DB SUMMARY
2018/11/22-06:49:11.858118 7ff2154ea700 CURRENT file:  CURRENT
2018/11/22-06:49:11.858122 7ff2154ea700 IDENTITY file:  IDENTITY
2018/11/22-06:49:11.858133 7ff2154ea700 MANIFEST file:  MANIFEST-000004 size: 111505 Bytes
2018/11/22-06:49:11.858136 7ff2154ea700 SST files in /mnt/sdb/ycsb-rocksdb-data dir, Total Num: 640, files: 000021.sst 000023.sst 000024.sst 000025.sst 000028.sst 000029.sst 000030.sst 000031.sst 000035.sst 
2018/11/22-06:49:11.858149 7ff2154ea700 Write Ahead Log file in /mnt/sdb/ycsb-rocksdb-data: 001158.log size: 117241644 ; 001161.log size: 117269949 ; 001163.log size: 117232310 ; 001167.log size: 117271713 ; 001172.log size: 117232450 ; 001174.log size: 117266679 ; 001176.log size: 117233883 ; 001179.log size: 117237600 ; 001182.log size: 117241452 ; 001186.log size: 117280345 ; 001189.log size: 117284972 ; 001191.log size: 117273139 ; 001194.log size: 117278745 ; 001197.log size: 117120420 ; 001199.log size: 117239538 ; 001201.log size: 117233239 ; 001203.log size: 117234741 ; 001207.log size: 117264121 ; 001209.log size: 117233551 ; 001211.log size: 70541833 ; 
2018/11/22-06:49:11.858156 7ff2154ea700                         Options.error_if_exists: 0
2018/11/22-06:49:11.858158 7ff2154ea700                       Options.create_if_missing: 1
2018/11/22-06:49:11.858159 7ff2154ea700                         Options.paranoid_checks: 1
2018/11/22-06:49:11.858160 7ff2154ea700                                     Options.env: 0x7ff208ff73e0
2018/11/22-06:49:11.858161 7ff2154ea700                                Options.info_log: 0x7ff1943d5560
2018/11/22-06:49:11.858162 7ff2154ea700                Options.max_file_opening_threads: 16
2018/11/22-06:49:11.858163 7ff2154ea700                              Options.statistics: (nil)
2018/11/22-06:49:11.858164 7ff2154ea700                               Options.use_fsync: 0
2018/11/22-06:49:11.858165 7ff2154ea700                       Options.max_log_file_size: 0
2018/11/22-06:49:11.858166 7ff2154ea700                  Options.max_manifest_file_size: 18446744073709551615
2018/11/22-06:49:11.858167 7ff2154ea700                   Options.log_file_time_to_roll: 0
2018/11/22-06:49:11.858167 7ff2154ea700                       Options.keep_log_file_num: 1000
2018/11/22-06:49:11.858168 7ff2154ea700                    Options.recycle_log_file_num: 0
2018/11/22-06:49:11.858169 7ff2154ea700                         Options.allow_fallocate: 1
2018/11/22-06:49:11.858170 7ff2154ea700                        Options.allow_mmap_reads: 0
2018/11/22-06:49:11.858171 7ff2154ea700                       Options.allow_mmap_writes: 0
2018/11/22-06:49:11.858172 7ff2154ea700                        Options.use_direct_reads: 0
2018/11/22-06:49:11.858173 7ff2154ea700                        Options.use_direct_io_for_flush_and_compaction: 0
2018/11/22-06:49:11.858174 7ff2154ea700          Options.create_missing_column_families: 1
2018/11/22-06:49:11.858175 7ff2154ea700                              Options.db_log_dir: 
2018/11/22-06:49:11.858176 7ff2154ea700                                 Options.wal_dir: /mnt/sdb/ycsb-rocksdb-data
2018/11/22-06:49:11.858176 7ff2154ea700                Options.table_cache_numshardbits: 6
2018/11/22-06:49:11.858177 7ff2154ea700                      Options.max_subcompactions: 4
2018/11/22-06:49:11.858178 7ff2154ea700                  Options.max_background_flushes: 24
2018/11/22-06:49:11.858179 7ff2154ea700                         Options.WAL_ttl_seconds: 0
2018/11/22-06:49:11.858180 7ff2154ea700                       Options.WAL_size_limit_MB: 0
2018/11/22-06:49:11.858181 7ff2154ea700             Options.manifest_preallocation_size: 4194304
2018/11/22-06:49:11.858182 7ff2154ea700                     Options.is_fd_close_on_exec: 1
2018/11/22-06:49:11.858183 7ff2154ea700                   Options.advise_random_on_open: 1
2018/11/22-06:49:11.858183 7ff2154ea700                    Options.db_write_buffer_size: 0
2018/11/22-06:49:11.858199 7ff2154ea700                    Options.write_buffer_manager: 0x7ff1943d21f0
2018/11/22-06:49:11.858201 7ff2154ea700         Options.access_hint_on_compaction_start: 1
2018/11/22-06:49:11.858201 7ff2154ea700  Options.new_table_reader_for_compaction_inputs: 0
2018/11/22-06:49:11.858202 7ff2154ea700           Options.random_access_max_buffer_size: 1048576
2018/11/22-06:49:11.858203 7ff2154ea700                      Options.use_adaptive_mutex: 0
2018/11/22-06:49:11.858204 7ff2154ea700                            Options.rate_limiter: (nil)
2018/11/22-06:49:11.858206 7ff2154ea700     Options.sst_file_manager.rate_bytes_per_sec: 0
2018/11/22-06:49:11.858207 7ff2154ea700                       Options.wal_recovery_mode: 2
2018/11/22-06:49:11.858208 7ff2154ea700                  Options.enable_thread_tracking: 0
2018/11/22-06:49:11.858209 7ff2154ea700                  Options.enable_pipelined_write: 1
2018/11/22-06:49:11.858210 7ff2154ea700         Options.allow_concurrent_memtable_write: 1
2018/11/22-06:49:11.858210 7ff2154ea700      Options.enable_write_thread_adaptive_yield: 1
2018/11/22-06:49:11.858211 7ff2154ea700             Options.write_thread_max_yield_usec: 100
2018/11/22-06:49:11.858212 7ff2154ea700            Options.write_thread_slow_yield_usec: 3
2018/11/22-06:49:11.858213 7ff2154ea700                               Options.row_cache: None
2018/11/22-06:49:11.858214 7ff2154ea700                              Options.wal_filter: None
2018/11/22-06:49:11.858215 7ff2154ea700             Options.avoid_flush_during_recovery: 0
2018/11/22-06:49:11.858216 7ff2154ea700             Options.allow_ingest_behind: 0
2018/11/22-06:49:11.858217 7ff2154ea700             Options.preserve_deletes: 0
2018/11/22-06:49:11.858218 7ff2154ea700             Options.two_write_queues: 0
2018/11/22-06:49:11.858219 7ff2154ea700             Options.manual_wal_flush: 0
2018/11/22-06:49:11.858221 7ff2154ea700             Options.max_background_jobs: 24
2018/11/22-06:49:11.858221 7ff2154ea700             Options.max_background_compactions: 24
2018/11/22-06:49:11.858222 7ff2154ea700             Options.avoid_flush_during_shutdown: 0
2018/11/22-06:49:11.858223 7ff2154ea700           Options.writable_file_max_buffer_size: 1048576
2018/11/22-06:49:11.858224 7ff2154ea700             Options.delayed_write_rate : 16777216
2018/11/22-06:49:11.858225 7ff2154ea700             Options.max_total_wal_size: 0
2018/11/22-06:49:11.858226 7ff2154ea700             Options.delete_obsolete_files_period_micros: 21600000000
2018/11/22-06:49:11.858227 7ff2154ea700                   Options.stats_dump_period_sec: 60
2018/11/22-06:49:11.858228 7ff2154ea700                          Options.max_open_files: -1
2018/11/22-06:49:11.858229 7ff2154ea700                          Options.bytes_per_sync: 1048576
2018/11/22-06:49:11.858230 7ff2154ea700                      Options.wal_bytes_per_sync: 0
2018/11/22-06:49:11.858231 7ff2154ea700       Options.compaction_readahead_size: 0
2018/11/22-06:49:11.858232 7ff2154ea700 Compression algorithms supported:
2018/11/22-06:49:11.858233 7ff2154ea700 	kZSTDNotFinalCompression supported: 1
2018/11/22-06:49:11.858242 7ff2154ea700 	kZSTD supported: 1
2018/11/22-06:49:11.858244 7ff2154ea700 	kXpressCompression supported: 0
2018/11/22-06:49:11.858245 7ff2154ea700 	kLZ4HCCompression supported: 1
2018/11/22-06:49:11.858246 7ff2154ea700 	kLZ4Compression supported: 1
2018/11/22-06:49:11.858247 7ff2154ea700 	kBZip2Compression supported: 1
2018/11/22-06:49:11.858248 7ff2154ea700 	kZlibCompression supported: 1
2018/11/22-06:49:11.858249 7ff2154ea700 	kSnappyCompression supported: 1
2018/11/22-06:49:11.858253 7ff2154ea700 Fast CRC32 supported: Supported on x86
2018/11/22-06:49:11.858708 7ff2154ea700 [db/version_set.cc:3085] Recovering from manifest file: MANIFEST-000004
2018/11/22-06:49:11.858798 7ff2154ea700 [db/column_family.cc:475] --------------- Options for column family [default]:
2018/11/22-06:49:11.858802 7ff2154ea700               Options.comparator: leveldb.BytewiseComparator
2018/11/22-06:49:11.858803 7ff2154ea700           Options.merge_operator: None
2018/11/22-06:49:11.858814 7ff2154ea700        Options.compaction_filter: None
2018/11/22-06:49:11.858816 7ff2154ea700        Options.compaction_filter_factory: None
2018/11/22-06:49:11.858817 7ff2154ea700         Options.memtable_factory: SkipListFactory
2018/11/22-06:49:11.858818 7ff2154ea700            Options.table_factory: BlockBasedTable
2018/11/22-06:49:11.858842 7ff2154ea700            table_factory options:   flush_block_policy_factory: FlushBlockBySizePolicyFactory (0x7ff194386420)
  cache_index_and_filter_blocks: 0
  cache_index_and_filter_blocks_with_high_priority: 0
  pin_l0_filter_and_index_blocks_in_cache: 0
  index_type: 0
  hash_index_allow_collision: 1
  checksum: 1
  no_block_cache: 0
  block_cache: 0x7ff19438f7f0
  block_cache_name: LRUCache
  block_cache_options:
    capacity : 8388608
    num_shard_bits : 4
    strict_capacity_limit : 0
    high_pri_pool_ratio: 0.000
  block_cache_compressed: (nil)
  persistent_cache: (nil)
  block_size: 8192
  block_size_deviation: 10
  block_restart_interval: 16
  index_block_restart_interval: 1
  metadata_block_size: 4096
  partition_filters: 0
  use_delta_encoding: 1
  filter_policy: nullptr
  whole_key_filtering: 1
  verify_compression: 0
  read_amp_bytes_per_bit: 0
  format_version: 2
  enable_index_compression: 1
  block_align: 0
2018/11/22-06:49:11.858844 7ff2154ea700        Options.write_buffer_size: 134217728
2018/11/22-06:49:11.858845 7ff2154ea700  Options.max_write_buffer_number: 24
2018/11/22-06:49:11.858846 7ff2154ea700        Options.compression[0]: NoCompression
2018/11/22-06:49:11.858847 7ff2154ea700        Options.compression[1]: NoCompression
2018/11/22-06:49:11.858848 7ff2154ea700        Options.compression[2]: LZ4
2018/11/22-06:49:11.858849 7ff2154ea700        Options.compression[3]: LZ4
2018/11/22-06:49:11.858850 7ff2154ea700        Options.compression[4]: LZ4
2018/11/22-06:49:11.858851 7ff2154ea700        Options.compression[5]: LZ4
2018/11/22-06:49:11.858852 7ff2154ea700        Options.compression[6]: LZ4
2018/11/22-06:49:11.858853 7ff2154ea700                  Options.bottommost_compression: Disabled
2018/11/22-06:49:11.858854 7ff2154ea700       Options.prefix_extractor: nullptr
2018/11/22-06:49:11.858855 7ff2154ea700   Options.memtable_insert_with_hint_prefix_extractor: nullptr
2018/11/22-06:49:11.858855 7ff2154ea700             Options.num_levels: 7
2018/11/22-06:49:11.858856 7ff2154ea700        Options.min_write_buffer_number_to_merge: 2
2018/11/22-06:49:11.858857 7ff2154ea700     Options.max_write_buffer_number_to_maintain: 0
2018/11/22-06:49:11.858858 7ff2154ea700            Options.compression_opts.window_bits: -14
2018/11/22-06:49:11.858859 7ff2154ea700                  Options.compression_opts.level: -1
2018/11/22-06:49:11.858860 7ff2154ea700               Options.compression_opts.strategy: 0
2018/11/22-06:49:11.858861 7ff2154ea700         Options.compression_opts.max_dict_bytes: 0
2018/11/22-06:49:11.858862 7ff2154ea700         Options.compression_opts.zstd_max_train_bytes: 0
2018/11/22-06:49:11.858863 7ff2154ea700      Options.level0_file_num_compaction_trigger: 2
2018/11/22-06:49:11.858863 7ff2154ea700          Options.level0_slowdown_writes_trigger: 20
2018/11/22-06:49:11.858864 7ff2154ea700              Options.level0_stop_writes_trigger: 36
2018/11/22-06:49:11.858865 7ff2154ea700                   Options.target_file_size_base: 67108864
2018/11/22-06:49:11.858866 7ff2154ea700             Options.target_file_size_multiplier: 1
2018/11/22-06:49:11.858867 7ff2154ea700                Options.max_bytes_for_level_base: 536870912
2018/11/22-06:49:11.858868 7ff2154ea700 Options.level_compaction_dynamic_level_bytes: 0
2018/11/22-06:49:11.858869 7ff2154ea700          Options.max_bytes_for_level_multiplier: 10.000000
2018/11/22-06:49:11.858872 7ff2154ea700 Options.max_bytes_for_level_multiplier_addtl[0]: 1
2018/11/22-06:49:11.858874 7ff2154ea700 Options.max_bytes_for_level_multiplier_addtl[1]: 1
2018/11/22-06:49:11.858875 7ff2154ea700 Options.max_bytes_for_level_multiplier_addtl[2]: 1
2018/11/22-06:49:11.858882 7ff2154ea700 Options.max_bytes_for_level_multiplier_addtl[3]: 1
2018/11/22-06:49:11.858883 7ff2154ea700 Options.max_bytes_for_level_multiplier_addtl[4]: 1
2018/11/22-06:49:11.858884 7ff2154ea700 Options.max_bytes_for_level_multiplier_addtl[5]: 1
2018/11/22-06:49:11.858885 7ff2154ea700 Options.max_bytes_for_level_multiplier_addtl[6]: 1
2018/11/22-06:49:11.858886 7ff2154ea700       Options.max_sequential_skip_in_iterations: 8
2018/11/22-06:49:11.858886 7ff2154ea700                    Options.max_compaction_bytes: 1677721600
2018/11/22-06:49:11.858887 7ff2154ea700                        Options.arena_block_size: 16777216
2018/11/22-06:49:11.858888 7ff2154ea700   Options.soft_pending_compaction_bytes_limit: 68719476736
2018/11/22-06:49:11.858889 7ff2154ea700   Options.hard_pending_compaction_bytes_limit: 274877906944
2018/11/22-06:49:11.858890 7ff2154ea700       Options.rate_limit_delay_max_milliseconds: 100
2018/11/22-06:49:11.858891 7ff2154ea700                Options.disable_auto_compactions: 0
2018/11/22-06:49:11.858893 7ff2154ea700                        Options.compaction_style: kCompactionStyleLevel
2018/11/22-06:49:11.858895 7ff2154ea700                          Options.compaction_pri: kByCompensatedSize
2018/11/22-06:49:11.858896 7ff2154ea700 Options.compaction_options_universal.size_ratio: 1
2018/11/22-06:49:11.858897 7ff2154ea700 Options.compaction_options_universal.min_merge_width: 2
2018/11/22-06:49:11.858898 7ff2154ea700 Options.compaction_options_universal.max_merge_width: 4294967295
2018/11/22-06:49:11.858899 7ff2154ea700 Options.compaction_options_universal.max_size_amplification_percent: 200
2018/11/22-06:49:11.858900 7ff2154ea700 Options.compaction_options_universal.compression_size_percent: -1
2018/11/22-06:49:11.858901 7ff2154ea700 Options.compaction_options_universal.stop_style: kCompactionStopStyleTotalSize
2018/11/22-06:49:11.858902 7ff2154ea700 Options.compaction_options_fifo.max_table_files_size: 1073741824
2018/11/22-06:49:11.858903 7ff2154ea700 Options.compaction_options_fifo.allow_compaction: 0
2018/11/22-06:49:11.858904 7ff2154ea700 Options.compaction_options_fifo.ttl: 0
2018/11/22-06:49:11.858905 7ff2154ea700                   Options.table_properties_collectors: 
2018/11/22-06:49:11.858906 7ff2154ea700                   Options.inplace_update_support: 0
2018/11/22-06:49:11.858907 7ff2154ea700                 Options.inplace_update_num_locks: 10000
2018/11/22-06:49:11.858908 7ff2154ea700               Options.memtable_prefix_bloom_size_ratio: 0.000000
2018/11/22-06:49:11.858910 7ff2154ea700   Options.memtable_huge_page_size: 0
2018/11/22-06:49:11.858911 7ff2154ea700                           Options.bloom_locality: 0
2018/11/22-06:49:11.858911 7ff2154ea700                    Options.max_successive_merges: 0
2018/11/22-06:49:11.858912 7ff2154ea700                Options.optimize_filters_for_hits: 0
2018/11/22-06:49:11.858913 7ff2154ea700                Options.paranoid_file_checks: 0
2018/11/22-06:49:11.858914 7ff2154ea700                Options.force_consistency_checks: 0
2018/11/22-06:49:11.858915 7ff2154ea700                Options.report_bg_io_stats: 0
2018/11/22-06:49:11.858916 7ff2154ea700                               Options.ttl: 0
2018/11/22-06:49:11.859443 7ff2154ea700 [db/column_family.cc:475] --------------- Options for column family [usertable]:
2018/11/22-06:49:11.859447 7ff2154ea700               Options.comparator: leveldb.BytewiseComparator
2018/11/22-06:49:11.859449 7ff2154ea700           Options.merge_operator: None
2018/11/22-06:49:11.859450 7ff2154ea700        Options.compaction_filter: None
2018/11/22-06:49:11.859451 7ff2154ea700        Options.compaction_filter_factory: None
2018/11/22-06:49:11.859451 7ff2154ea700         Options.memtable_factory: SkipListFactory
2018/11/22-06:49:11.859452 7ff2154ea700            Options.table_factory: BlockBasedTable
2018/11/22-06:49:11.859473 7ff2154ea700            table_factory options:   flush_block_policy_factory: FlushBlockBySizePolicyFactory (0x7ff194386400)
  cache_index_and_filter_blocks: 0
  cache_index_and_filter_blocks_with_high_priority: 0
  pin_l0_filter_and_index_blocks_in_cache: 0
  index_type: 0
  hash_index_allow_collision: 1
  checksum: 1
  no_block_cache: 0
  block_cache: 0x7ff194386f60
  block_cache_name: LRUCache
  block_cache_options:
    capacity : 8388608
    num_shard_bits : 4
    strict_capacity_limit : 0
    high_pri_pool_ratio: 0.000
  block_cache_compressed: (nil)
  persistent_cache: (nil)
  block_size: 8192
  block_size_deviation: 10
  block_restart_interval: 16
  index_block_restart_interval: 1
  metadata_block_size: 4096
  partition_filters: 0
  use_delta_encoding: 1
  filter_policy: nullptr
  whole_key_filtering: 1
  verify_compression: 0
  read_amp_bytes_per_bit: 0
  format_version: 2
  enable_index_compression: 1
  block_align: 0
2018/11/22-06:49:11.859487 7ff2154ea700        Options.write_buffer_size: 134217728
2018/11/22-06:49:11.859489 7ff2154ea700  Options.max_write_buffer_number: 24
2018/11/22-06:49:11.859490 7ff2154ea700        Options.compression[0]: NoCompression
2018/11/22-06:49:11.859491 7ff2154ea700        Options.compression[1]: NoCompression
2018/11/22-06:49:11.859492 7ff2154ea700        Options.compression[2]: LZ4
2018/11/22-06:49:11.859493 7ff2154ea700        Options.compression[3]: LZ4
2018/11/22-06:49:11.859494 7ff2154ea700        Options.compression[4]: LZ4
2018/11/22-06:49:11.859495 7ff2154ea700        Options.compression[5]: LZ4
2018/11/22-06:49:11.859496 7ff2154ea700        Options.compression[6]: LZ4
2018/11/22-06:49:11.859497 7ff2154ea700                  Options.bottommost_compression: Disabled
2018/11/22-06:49:11.859498 7ff2154ea700       Options.prefix_extractor: nullptr
2018/11/22-06:49:11.859499 7ff2154ea700   Options.memtable_insert_with_hint_prefix_extractor: nullptr
2018/11/22-06:49:11.859500 7ff2154ea700             Options.num_levels: 7
2018/11/22-06:49:11.859500 7ff2154ea700        Options.min_write_buffer_number_to_merge: 2
2018/11/22-06:49:11.859501 7ff2154ea700     Options.max_write_buffer_number_to_maintain: 0
2018/11/22-06:49:11.859502 7ff2154ea700            Options.compression_opts.window_bits: -14
2018/11/22-06:49:11.859503 7ff2154ea700                  Options.compression_opts.level: -1
2018/11/22-06:49:11.859504 7ff2154ea700               Options.compression_opts.strategy: 0
2018/11/22-06:49:11.859505 7ff2154ea700         Options.compression_opts.max_dict_bytes: 0
2018/11/22-06:49:11.859506 7ff2154ea700         Options.compression_opts.zstd_max_train_bytes: 0
2018/11/22-06:49:11.859507 7ff2154ea700      Options.level0_file_num_compaction_trigger: 2
2018/11/22-06:49:11.859507 7ff2154ea700          Options.level0_slowdown_writes_trigger: 20
2018/11/22-06:49:11.859508 7ff2154ea700              Options.level0_stop_writes_trigger: 36
2018/11/22-06:49:11.859509 7ff2154ea700                   Options.target_file_size_base: 67108864
2018/11/22-06:49:11.859510 7ff2154ea700             Options.target_file_size_multiplier: 1
2018/11/22-06:49:11.859511 7ff2154ea700                Options.max_bytes_for_level_base: 536870912
2018/11/22-06:49:11.859512 7ff2154ea700 Options.level_compaction_dynamic_level_bytes: 0
2018/11/22-06:49:11.859513 7ff2154ea700          Options.max_bytes_for_level_multiplier: 10.000000
2018/11/22-06:49:11.859515 7ff2154ea700 Options.max_bytes_for_level_multiplier_addtl[0]: 1
2018/11/22-06:49:11.859516 7ff2154ea700 Options.max_bytes_for_level_multiplier_addtl[1]: 1
2018/11/22-06:49:11.859517 7ff2154ea700 Options.max_bytes_for_level_multiplier_addtl[2]: 1
2018/11/22-06:49:11.859518 7ff2154ea700 Options.max_bytes_for_level_multiplier_addtl[3]: 1
2018/11/22-06:49:11.859519 7ff2154ea700 Options.max_bytes_for_level_multiplier_addtl[4]: 1
2018/11/22-06:49:11.859520 7ff2154ea700 Options.max_bytes_for_level_multiplier_addtl[5]: 1
2018/11/22-06:49:11.859520 7ff2154ea700 Options.max_bytes_for_level_multiplier_addtl[6]: 1
2018/11/22-06:49:11.859521 7ff2154ea700       Options.max_sequential_skip_in_iterations: 8
2018/11/22-06:49:11.859522 7ff2154ea700                    Options.max_compaction_bytes: 1677721600
2018/11/22-06:49:11.859523 7ff2154ea700                        Options.arena_block_size: 16777216
2018/11/22-06:49:11.859531 7ff2154ea700   Options.soft_pending_compaction_bytes_limit: 68719476736
2018/11/22-06:49:11.859532 7ff2154ea700   Options.hard_pending_compaction_bytes_limit: 274877906944
2018/11/22-06:49:11.859533 7ff2154ea700       Options.rate_limit_delay_max_milliseconds: 100
2018/11/22-06:49:11.859534 7ff2154ea700                Options.disable_auto_compactions: 0
2018/11/22-06:49:11.859535 7ff2154ea700                        Options.compaction_style: kCompactionStyleLevel
2018/11/22-06:49:11.859536 7ff2154ea700                          Options.compaction_pri: kByCompensatedSize
2018/11/22-06:49:11.859537 7ff2154ea700 Options.compaction_options_universal.size_ratio: 1
2018/11/22-06:49:11.859538 7ff2154ea700 Options.compaction_options_universal.min_merge_width: 2
2018/11/22-06:49:11.859539 7ff2154ea700 Options.compaction_options_universal.max_merge_width: 4294967295
2018/11/22-06:49:11.859540 7ff2154ea700 Options.compaction_options_universal.max_size_amplification_percent: 200
2018/11/22-06:49:11.859541 7ff2154ea700 Options.compaction_options_universal.compression_size_percent: -1
2018/11/22-06:49:11.859542 7ff2154ea700 Options.compaction_options_universal.stop_style: kCompactionStopStyleTotalSize
2018/11/22-06:49:11.859543 7ff2154ea700 Options.compaction_options_fifo.max_table_files_size: 1073741824
2018/11/22-06:49:11.859544 7ff2154ea700 Options.compaction_options_fifo.allow_compaction: 0
2018/11/22-06:49:11.859544 7ff2154ea700 Options.compaction_options_fifo.ttl: 0
2018/11/22-06:49:11.859545 7ff2154ea700                   Options.table_properties_collectors: 
2018/11/22-06:49:11.859546 7ff2154ea700                   Options.inplace_update_support: 0
2018/11/22-06:49:11.859547 7ff2154ea700                 Options.inplace_update_num_locks: 10000
2018/11/22-06:49:11.859548 7ff2154ea700               Options.memtable_prefix_bloom_size_ratio: 0.000000
2018/11/22-06:49:11.859550 7ff2154ea700   Options.memtable_huge_page_size: 0
2018/11/22-06:49:11.859550 7ff2154ea700                           Options.bloom_locality: 0
2018/11/22-06:49:11.859551 7ff2154ea700                    Options.max_successive_merges: 0
2018/11/22-06:49:11.859552 7ff2154ea700                Options.optimize_filters_for_hits: 0
2018/11/22-06:49:11.859553 7ff2154ea700                Options.paranoid_file_checks: 0
2018/11/22-06:49:11.859554 7ff2154ea700                Options.force_consistency_checks: 0
2018/11/22-06:49:11.859555 7ff2154ea700                Options.report_bg_io_stats: 0
2018/11/22-06:49:11.859556 7ff2154ea700                               Options.ttl: 0
2018/11/22-06:49:12.389406 7ff2154ea700 [db/version_set.cc:3361] Recovered from manifest file:/mnt/sdb/ycsb-rocksdb-data/MANIFEST-000004 succeeded,manifest_file_number is 4, next_file_number is 1197, last_sequence is 10237752, log_number is 0,prev_log_number is 0,max_column_family is 1,min_log_number_to_keep is 0
2018/11/22-06:49:12.389421 7ff2154ea700 [db/version_set.cc:3369] Column family [default] (ID 0), log number is 0
2018/11/22-06:49:12.389422 7ff2154ea700 [db/version_set.cc:3369] Column family [usertable] (ID 1), log number is 1158
2018/11/22-06:49:12.391377 7ff2154ea700 EVENT_LOG_v1 {"time_micros": 1542898152391358, "job": 1, "event": "recovery_started", "log_files": [1158, 1161, 1163, 1167, 1172, 1174, 1176, 1179, 1182, 1186, 1189, 1191, 1194, 1197, 1199, 1201, 1203, 1207, 1209, 1211]}
2018/11/22-06:49:12.391385 7ff2154ea700 [db/db_impl_open.cc:551] Recovering log #1158 mode 2
2018/11/22-06:49:12.714472 7ff2154ea700 [db/db_impl_open.cc:551] Recovering log #1161 mode 2
2018/11/22-06:49:13.258005 7ff2154ea700 EVENT_LOG_v1 {"time_micros": 1542898153257975, "cf_name": "usertable", "job": 1, "event": "table_file_creation", "file_number": 1197, "file_size": 129895351, "table_properties": {"data_size": 129317909, "index_size": 576520, "filter_size": 0, "raw_key_size": 752760, "raw_average_key_size": 24, "raw_value_size": 128471040, "raw_average_value_size": 4096, "num_data_blocks": 15683, "num_entries": 31365, "filter_policy_name": "", "kDeletedKeys": "0", "kMergeOperands": "0"}}
2018/11/22-06:49:13.556161 7ff2154ea700 [db/db_impl_open.cc:551] Recovering log #1163 mode 2
2018/11/22-06:49:15.806532 7ff2154ea700 EVENT_LOG_v1 {"time_micros": 1542898155806505, "cf_name": "usertable", "job": 1, "event": "table_file_creation", "file_number": 1198, "file_size": 129902322, "table_properties": {"data_size": 129321393, "index_size": 580007, "filter_size": 0, "raw_key_size": 752760, "raw_average_key_size": 24, "raw_value_size": 128471040, "raw_average_value_size": 4096, "num_data_blocks": 15683, "num_entries": 31365, "filter_policy_name": "", "kDeletedKeys": "0", "kMergeOperands": "0"}}
2018/11/22-06:49:16.684361 7ff2154ea700 [db/db_impl_open.cc:551] Recovering log #1167 mode 2
2018/11/22-06:49:18.387364 7ff2154ea700 EVENT_LOG_v1 {"time_micros": 1542898158387334, "cf_name": "usertable", "job": 1, "event": "table_file_creation", "file_number": 1199, "file_size": 129895353, "table_properties": {"data_size": 129317909, "index_size": 576522, "filter_size": 0, "raw_key_size": 752760, "raw_average_key_size": 24, "raw_value_size": 128471040, "raw_average_value_size": 4096, "num_data_blocks": 15683, "num_entries": 31365, "filter_policy_name": "", "kDeletedKeys": "0", "kMergeOperands": "0"}}
2018/11/22-06:49:18.605092 7ff2154ea700 [db/db_impl_open.cc:551] Recovering log #1172 mode 2
2018/11/22-06:49:20.895908 7ff2154ea700 EVENT_LOG_v1 {"time_micros": 1542898160895881, "cf_name": "usertable", "job": 1, "event": "table_file_creation", "file_number": 1200, "file_size": 129902325, "table_properties": {"data_size": 129321396, "index_size": 580007, "filter_size": 0, "raw_key_size": 752760, "raw_average_key_size": 24, "raw_value_size": 128471040, "raw_average_value_size": 4096, "num_data_blocks": 15683, "num_entries": 31365, "filter_policy_name": "", "kDeletedKeys": "0", "kMergeOperands": "0"}}
2018/11/22-06:49:21.411223 7ff2154ea700 [db/db_impl_open.cc:551] Recovering log #1174 mode 2
2018/11/22-06:49:23.434070 7ff2154ea700 EVENT_LOG_v1 {"time_micros": 1542898163434042, "cf_name": "usertable", "job": 1, "event": "table_file_creation", "file_number": 1201, "file_size": 129895353, "table_properties": {"data_size": 129317909, "index_size": 576522, "filter_size": 0, "raw_key_size": 752760, "raw_average_key_size": 24, "raw_value_size": 128471040, "raw_average_value_size": 4096, "num_data_blocks": 15683, "num_entries": 31365, "filter_policy_name": "", "kDeletedKeys": "0", "kMergeOperands": "0"}}
2018/11/22-06:49:23.610689 7ff2154ea700 [db/db_impl_open.cc:551] Recovering log #1176 mode 2
2018/11/22-06:49:26.239613 7ff2154ea700 EVENT_LOG_v1 {"time_micros": 1542898166239586, "cf_name": "usertable", "job": 1, "event": "table_file_creation", "file_number": 1202, "file_size": 129902322, "table_properties": {"data_size": 129321393, "index_size": 580007, "filter_size": 0, "raw_key_size": 752760, "raw_average_key_size": 24, "raw_value_size": 128471040, "raw_average_value_size": 4096, "num_data_blocks": 15683, "num_entries": 31365, "filter_policy_name": "", "kDeletedKeys": "0", "kMergeOperands": "0"}}
2018/11/22-06:49:26.551705 7ff2154ea700 [db/db_impl_open.cc:551] Recovering log #1179 mode 2
2018/11/22-06:49:27.505979 7ff2154ea700 EVENT_LOG_v1 {"time_micros": 1542898167505957, "cf_name": "usertable", "job": 1, "event": "table_file_creation", "file_number": 1203, "file_size": 129895352, "table_properties": {"data_size": 129317909, "index_size": 576521, "filter_size": 0, "raw_key_size": 752760, "raw_average_key_size": 24, "raw_value_size": 128471040, "raw_average_value_size": 4096, "num_data_blocks": 15683, "num_entries": 31365, "filter_policy_name": "", "kDeletedKeys": "0", "kMergeOperands": "0"}}
2018/11/22-06:49:27.726695 7ff2154ea700 [db/db_impl_open.cc:551] Recovering log #1182 mode 2
2018/11/22-06:49:30.852476 7ff2154ea700 EVENT_LOG_v1 {"time_micros": 1542898170852455, "cf_name": "usertable", "job": 1, "event": "table_file_creation", "file_number": 1204, "file_size": 129902323, "table_properties": {"data_size": 129321394, "index_size": 580007, "filter_size": 0, "raw_key_size": 752760, "raw_average_key_size": 24, "raw_value_size": 128471040, "raw_average_value_size": 4096, "num_data_blocks": 15683, "num_entries": 31365, "filter_policy_name": "", "kDeletedKeys": "0", "kMergeOperands": "0"}}
2018/11/22-06:49:30.965733 7ff2154ea700 [db/db_impl_open.cc:551] Recovering log #1186 mode 2
2018/11/22-06:49:32.621310 7ff2154ea700 EVENT_LOG_v1 {"time_micros": 1542898172621289, "cf_name": "usertable", "job": 1, "event": "table_file_creation", "file_number": 1205, "file_size": 129895353, "table_properties": {"data_size": 129317909, "index_size": 576522, "filter_size": 0, "raw_key_size": 752760, "raw_average_key_size": 24, "raw_value_size": 128471040, "raw_average_value_size": 4096, "num_data_blocks": 15683, "num_entries": 31365, "filter_policy_name": "", "kDeletedKeys": "0", "kMergeOperands": "0"}}
2018/11/22-06:49:32.658571 7ff2154ea700 [db/db_impl_open.cc:551] Recovering log #1189 mode 2
2018/11/22-06:49:33.515961 7ff2154ea700 [db/db_impl_open.cc:551] Recovering log #1191 mode 2
2018/11/22-06:49:36.362179 7ff2154ea700 EVENT_LOG_v1 {"time_micros": 1542898176362158, "cf_name": "usertable", "job": 1, "event": "table_file_creation", "file_number": 1206, "file_size": 129902324, "table_properties": {"data_size": 129321395, "index_size": 580007, "filter_size": 0, "raw_key_size": 752760, "raw_average_key_size": 24, "raw_value_size": 128471040, "raw_average_value_size": 4096, "num_data_blocks": 15683, "num_entries": 31365, "filter_policy_name": "", "kDeletedKeys": "0", "kMergeOperands": "0"}}
2018/11/22-06:49:37.188452 7ff2154ea700 [db/db_impl_open.cc:551] Recovering log #1194 mode 2
2018/11/22-06:49:38.659756 7ff2154ea700 EVENT_LOG_v1 {"time_micros": 1542898178659734, "cf_name": "usertable", "job": 1, "event": "table_file_creation", "file_number": 1207, "file_size": 129895354, "table_properties": {"data_size": 129317909, "index_size": 576523, "filter_size": 0, "raw_key_size": 752760, "raw_average_key_size": 24, "raw_value_size": 128471040, "raw_average_value_size": 4096, "num_data_blocks": 15683, "num_entries": 31365, "filter_policy_name": "", "kDeletedKeys": "0", "kMergeOperands": "0"}}
2018/11/22-06:49:39.404714 7ff2154ea700 [db/db_impl_open.cc:551] Recovering log #1197 mode 2
2018/11/22-06:49:41.807643 7ff2154ea700 EVENT_LOG_v1 {"time_micros": 1542898181807619, "cf_name": "usertable", "job": 1, "event": "table_file_creation", "file_number": 1208, "file_size": 129906432, "table_properties": {"data_size": 129325503, "index_size": 580007, "filter_size": 0, "raw_key_size": 752784, "raw_average_key_size": 24, "raw_value_size": 128475136, "raw_average_value_size": 4096, "num_data_blocks": 15683, "num_entries": 31366, "filter_policy_name": "", "kDeletedKeys": "0", "kMergeOperands": "0"}}
2018/11/22-06:49:42.339808 7ff2154ea700 [db/db_impl_open.cc:551] Recovering log #1199 mode 2
2018/11/22-06:49:44.153976 7ff2154ea700 EVENT_LOG_v1 {"time_micros": 1542898184153950, "cf_name": "usertable", "job": 1, "event": "table_file_creation", "file_number": 1209, "file_size": 129902322, "table_properties": {"data_size": 129321394, "index_size": 580006, "filter_size": 0, "raw_key_size": 752760, "raw_average_key_size": 24, "raw_value_size": 128471040, "raw_average_value_size": 4096, "num_data_blocks": 15683, "num_entries": 31365, "filter_policy_name": "", "kDeletedKeys": "0", "kMergeOperands": "0"}}
2018/11/22-06:49:44.673254 7ff2154ea700 [db/db_impl_open.cc:551] Recovering log #1201 mode 2
2018/11/22-06:49:48.417603 7ff2154ea700 EVENT_LOG_v1 {"time_micros": 1542898188417577, "cf_name": "usertable", "job": 1, "event": "table_file_creation", "file_number": 1210, "file_size": 129895354, "table_properties": {"data_size": 129317909, "index_size": 576523, "filter_size": 0, "raw_key_size": 752760, "raw_average_key_size": 24, "raw_value_size": 128471040, "raw_average_value_size": 4096, "num_data_blocks": 15683, "num_entries": 31365, "filter_policy_name": "", "kDeletedKeys": "0", "kMergeOperands": "0"}}
2018/11/22-06:49:48.579975 7ff2154ea700 [db/db_impl_open.cc:551] Recovering log #1203 mode 2
2018/11/22-06:49:51.045263 7ff2154ea700 EVENT_LOG_v1 {"time_micros": 1542898191045239, "cf_name": "usertable", "job": 1, "event": "table_file_creation", "file_number": 1211, "file_size": 129902323, "table_properties": {"data_size": 129321394, "index_size": 580007, "filter_size": 0, "raw_key_size": 752760, "raw_average_key_size": 24, "raw_value_size": 128471040, "raw_average_value_size": 4096, "num_data_blocks": 15683, "num_entries": 31365, "filter_policy_name": "", "kDeletedKeys": "0", "kMergeOperands": "0"}}
2018/11/22-06:49:51.381998 7ff2154ea700 [db/db_impl_open.cc:551] Recovering log #1207 mode 2
2018/11/22-06:49:54.701363 7ff2154ea700 EVENT_LOG_v1 {"time_micros": 1542898194701337, "cf_name": "usertable", "job": 1, "event": "table_file_creation", "file_number": 1212, "file_size": 129895352, "table_properties": {"data_size": 129317909, "index_size": 576521, "filter_size": 0, "raw_key_size": 752760, "raw_average_key_size": 24, "raw_value_size": 128471040, "raw_average_value_size": 4096, "num_data_blocks": 15683, "num_entries": 31365, "filter_policy_name": "", "kDeletedKeys": "0", "kMergeOperands": "0"}}
2018/11/22-06:49:54.795286 7ff2154ea700 [db/db_impl_open.cc:551] Recovering log #1209 mode 2
2018/11/22-06:49:57.317821 7ff2154ea700 EVENT_LOG_v1 {"time_micros": 1542898197317797, "cf_name": "usertable", "job": 1, "event": "table_file_creation", "file_number": 1213, "file_size": 129902323, "table_properties": {"data_size": 129321394, "index_size": 580007, "filter_size": 0, "raw_key_size": 752760, "raw_average_key_size": 24, "raw_value_size": 128471040, "raw_average_value_size": 4096, "num_data_blocks": 15683, "num_entries": 31365, "filter_policy_name": "", "kDeletedKeys": "0", "kMergeOperands": "0"}}
2018/11/22-06:49:57.484038 7ff2154ea700 [db/db_impl_open.cc:551] Recovering log #1211 mode 2
2018/11/22-06:49:58.009193 7ff2154ea700 [db/version_set.cc:2847] Creating manifest 1214
2018/11/22-06:49:59.727368 7ff2154ea700 EVENT_LOG_v1 {"time_micros": 1542898199727335, "cf_name": "usertable", "job": 1, "event": "table_file_creation", "file_number": 1215, "file_size": 92705682, "table_properties": {"data_size": 92293369, "index_size": 411391, "filter_size": 0, "raw_key_size": 537240, "raw_average_key_size": 24, "raw_value_size": 91688960, "raw_average_value_size": 4096, "num_data_blocks": 11193, "num_entries": 22385, "filter_policy_name": "", "kDeletedKeys": "0", "kMergeOperands": "0"}}
2018/11/22-06:49:59.756071 7ff2154ea700 EVENT_LOG_v1 {"time_micros": 1542898199756067, "job": 1, "event": "recovery_finished"}
2018/11/22-06:49:59.756266 7ff2154ea700 [db/column_family.cc:837] [usertable] Increasing compaction threads because we have 19 level-0 files 
2018/11/22-06:49:59.984974 7ff2154ea700 [db/db_impl_open.cc:1219] DB pointer 0x7ff1943d45f0
2018/11/22-06:49:59.985359 7ff1dc8ef700 [WARN] [db/db_impl.cc:491] ------- DUMPING STATS -------
2018/11/22-06:49:59.985404 7ff1dc8ef700 [WARN] [db/db_impl.cc:492] 
** DB Stats **
Uptime(secs): 48.1 total, 48.1 interval
Cumulative writes: 0 writes, 0 keys, 0 commit groups, 0.0 writes per commit group, ingest: 0.00 GB, 0.00 MB/s
Cumulative WAL: 0 writes, 0 syncs, 0.00 writes per sync, written: 0.00 GB, 0.00 MB/s
Cumulative stall: 00:00:0.000 H:M:S, 0.0 percent
Interval writes: 0 writes, 0 keys, 0 commit groups, 0.0 writes per commit group, ingest: 0.00 MB, 0.00 MB/s
Interval WAL: 0 writes, 0 syncs, 0.00 writes per sync, written: 0.00 MB, 0.00 MB/s
Interval stall: 00:00:0.000 H:M:S, 0.0 percent

** Compaction Stats [default] **
Level    Files   Size     Score Read(GB)  Rn(GB) Rnp1(GB) Write(GB) Wnew(GB) Moved(GB) W-Amp Rd(MB/s) Wr(MB/s) Comp(sec) Comp(cnt) Avg(sec) KeyIn KeyDrop
----------------------------------------------------------------------------------------------------------------------------------------------------------
 Sum      0/0    0.00 KB   0.0      0.0     0.0      0.0       0.0      0.0       0.0   0.0      0.0      0.0         0         0    0.000       0      0
 Int      0/0    0.00 KB   0.0      0.0     0.0      0.0       0.0      0.0       0.0   0.0      0.0      0.0         0         0    0.000       0      0
Uptime(secs): 48.1 total, 48.1 interval
Flush(GB): cumulative 0.000, interval 0.000
AddFile(GB): cumulative 0.000, interval 0.000
AddFile(Total Files): cumulative 0, interval 0
AddFile(L0 Files): cumulative 0, interval 0
AddFile(Keys): cumulative 0, interval 0
Cumulative compaction: 0.00 GB write, 0.00 MB/s write, 0.00 GB read, 0.00 MB/s read, 0.0 seconds
Interval compaction: 0.00 GB write, 0.00 MB/s write, 0.00 GB read, 0.00 MB/s read, 0.0 seconds
Stalls(count): 0 level0_slowdown, 0 level0_slowdown_with_compaction, 0 level0_numfiles, 0 level0_numfiles_with_compaction, 0 stop for pending_compaction_bytes, 0 slowdown for pending_compaction_bytes, 0 memtable_compaction, 0 memtable_slowdown, interval 0 total count

** File Read Latency Histogram By Level [default] **

** Compaction Stats [usertable] **
Level    Files   Size     Score Read(GB)  Rn(GB) Rnp1(GB) Write(GB) Wnew(GB) Moved(GB) W-Amp Rd(MB/s) Wr(MB/s) Comp(sec) Comp(cnt) Avg(sec) KeyIn KeyDrop
----------------------------------------------------------------------------------------------------------------------------------------------------------
  L0     19/0    2.36 GB   9.5      0.0     0.0      0.0       2.1      2.1       0.0   1.0      0.0     64.6        34        18    1.888       0      0
  L1     15/0    3.34 GB   6.7      0.0     0.0      0.0       0.0      0.0       0.0   0.0      0.0      0.0         0         0    0.000       0      0
  L2    152/0    4.97 GB   1.0      0.0     0.0      0.0       0.0      0.0       0.0   0.0      0.0      0.0         0         0    0.000       0      0
  L3    472/0   29.52 GB   0.6      0.0     0.0      0.0       0.0      0.0       0.0   0.0      0.0      0.0         0         0    0.000       0      0
 Sum    658/0   40.19 GB   0.0      0.0     0.0      0.0       2.1      2.1       0.0   1.0      0.0     64.6        34        18    1.888       0      0
 Int      0/0    0.00 KB   0.0      0.0     0.0      0.0       2.1      2.1       0.0   1.0      0.0     64.6        34        18    1.888       0      0
Uptime(secs): 48.1 total, 48.1 interval
Flush(GB): cumulative 2.143, interval 2.143
AddFile(GB): cumulative 0.000, interval 0.000
AddFile(Total Files): cumulative 0, interval 0
AddFile(L0 Files): cumulative 0, interval 0
AddFile(Keys): cumulative 0, interval 0
Cumulative compaction: 2.14 GB write, 45.60 MB/s write, 0.00 GB read, 0.00 MB/s read, 34.0 seconds
Interval compaction: 2.14 GB write, 45.60 MB/s write, 0.00 GB read, 0.00 MB/s read, 34.0 seconds
Stalls(count): 0 level0_slowdown, 0 level0_slowdown_with_compaction, 0 level0_numfiles, 0 level0_numfiles_with_compaction, 0 stop for pending_compaction_bytes, 0 slowdown for pending_compaction_bytes, 0 memtable_compaction, 0 memtable_slowdown, interval 0 total count

** File Read Latency Histogram By Level [usertable] **

** Compaction Stats [default] **
Level    Files   Size     Score Read(GB)  Rn(GB) Rnp1(GB) Write(GB) Wnew(GB) Moved(GB) W-Amp Rd(MB/s) Wr(MB/s) Comp(sec) Comp(cnt) Avg(sec) KeyIn KeyDrop
