2018/11/22-08:37:32.733268 7feeb8a97700 RocksDB version: 5.14.3
2018/11/22-08:37:32.733334 7feeb8a97700 Git sha rocksdb_build_git_sha:
2018/11/22-08:37:32.733337 7feeb8a97700 Compile date Oct 15 2018
2018/11/22-08:37:32.733341 7feeb8a97700 DB SUMMARY
2018/11/22-08:37:32.733908 7feeb8a97700 CURRENT file:  CURRENT
2018/11/22-08:37:32.733912 7feeb8a97700 IDENTITY file:  IDENTITY
2018/11/22-08:37:32.733923 7feeb8a97700 MANIFEST file:  MANIFEST-000004 size: 123140 Bytes
2018/11/22-08:37:32.733926 7feeb8a97700 SST files in /mnt/sdb/ycsb-rocksdb-data dir, Total Num: 701, files: 000021.sst 000022.sst 000023.sst 000024.sst 000028.sst 000029.sst 000030.sst 000031.sst 000035.sst 
2018/11/22-08:37:32.733927 7feeb8a97700 Write Ahead Log file in /mnt/sdb/ycsb-rocksdb-data: 001238.log size: 117212026 ; 001241.log size: 117168297 ; 001244.log size: 117204194 ; 001247.log size: 19846828 ; 
2018/11/22-08:37:32.733934 7feeb8a97700                         Options.error_if_exists: 0
2018/11/22-08:37:32.733936 7feeb8a97700                       Options.create_if_missing: 1
2018/11/22-08:37:32.733936 7feeb8a97700                         Options.paranoid_checks: 1
2018/11/22-08:37:32.733937 7feeb8a97700                                     Options.env: 0x7feeb0dee3e0
2018/11/22-08:37:32.733938 7feeb8a97700                                Options.info_log: 0x7fee383cd850
2018/11/22-08:37:32.733939 7feeb8a97700                Options.max_file_opening_threads: 16
2018/11/22-08:37:32.733940 7feeb8a97700                              Options.statistics: (nil)
2018/11/22-08:37:32.733941 7feeb8a97700                               Options.use_fsync: 0
2018/11/22-08:37:32.733942 7feeb8a97700                       Options.max_log_file_size: 0
2018/11/22-08:37:32.733943 7feeb8a97700                  Options.max_manifest_file_size: 18446744073709551615
2018/11/22-08:37:32.733944 7feeb8a97700                   Options.log_file_time_to_roll: 0
2018/11/22-08:37:32.733945 7feeb8a97700                       Options.keep_log_file_num: 1000
2018/11/22-08:37:32.733946 7feeb8a97700                    Options.recycle_log_file_num: 0
2018/11/22-08:37:32.733947 7feeb8a97700                         Options.allow_fallocate: 1
2018/11/22-08:37:32.733948 7feeb8a97700                        Options.allow_mmap_reads: 0
2018/11/22-08:37:32.733948 7feeb8a97700                       Options.allow_mmap_writes: 0
2018/11/22-08:37:32.733949 7feeb8a97700                        Options.use_direct_reads: 0
2018/11/22-08:37:32.733950 7feeb8a97700                        Options.use_direct_io_for_flush_and_compaction: 0
2018/11/22-08:37:32.733951 7feeb8a97700          Options.create_missing_column_families: 1
2018/11/22-08:37:32.733952 7feeb8a97700                              Options.db_log_dir: 
2018/11/22-08:37:32.733953 7feeb8a97700                                 Options.wal_dir: /mnt/sdb/ycsb-rocksdb-data
2018/11/22-08:37:32.733954 7feeb8a97700                Options.table_cache_numshardbits: 6
2018/11/22-08:37:32.733954 7feeb8a97700                      Options.max_subcompactions: 4
2018/11/22-08:37:32.733955 7feeb8a97700                  Options.max_background_flushes: 24
2018/11/22-08:37:32.733956 7feeb8a97700                         Options.WAL_ttl_seconds: 0
2018/11/22-08:37:32.733957 7feeb8a97700                       Options.WAL_size_limit_MB: 0
2018/11/22-08:37:32.733958 7feeb8a97700             Options.manifest_preallocation_size: 4194304
2018/11/22-08:37:32.733959 7feeb8a97700                     Options.is_fd_close_on_exec: 1
2018/11/22-08:37:32.733959 7feeb8a97700                   Options.advise_random_on_open: 1
2018/11/22-08:37:32.733960 7feeb8a97700                    Options.db_write_buffer_size: 0
2018/11/22-08:37:32.733961 7feeb8a97700                    Options.write_buffer_manager: 0x7fee383ca530
2018/11/22-08:37:32.733962 7feeb8a97700         Options.access_hint_on_compaction_start: 1
2018/11/22-08:37:32.733963 7feeb8a97700  Options.new_table_reader_for_compaction_inputs: 0
2018/11/22-08:37:32.733964 7feeb8a97700           Options.random_access_max_buffer_size: 1048576
2018/11/22-08:37:32.733964 7feeb8a97700                      Options.use_adaptive_mutex: 0
2018/11/22-08:37:32.733980 7feeb8a97700                            Options.rate_limiter: (nil)
2018/11/22-08:37:32.733984 7feeb8a97700     Options.sst_file_manager.rate_bytes_per_sec: 0
2018/11/22-08:37:32.733985 7feeb8a97700                       Options.wal_recovery_mode: 2
2018/11/22-08:37:32.733985 7feeb8a97700                  Options.enable_thread_tracking: 0
2018/11/22-08:37:32.733986 7feeb8a97700                  Options.enable_pipelined_write: 1
2018/11/22-08:37:32.733987 7feeb8a97700         Options.allow_concurrent_memtable_write: 1
2018/11/22-08:37:32.733988 7feeb8a97700      Options.enable_write_thread_adaptive_yield: 1
2018/11/22-08:37:32.733989 7feeb8a97700             Options.write_thread_max_yield_usec: 100
2018/11/22-08:37:32.733990 7feeb8a97700            Options.write_thread_slow_yield_usec: 3
2018/11/22-08:37:32.733990 7feeb8a97700                               Options.row_cache: None
2018/11/22-08:37:32.733991 7feeb8a97700                              Options.wal_filter: None
2018/11/22-08:37:32.733992 7feeb8a97700             Options.avoid_flush_during_recovery: 0
2018/11/22-08:37:32.733993 7feeb8a97700             Options.allow_ingest_behind: 0
2018/11/22-08:37:32.733994 7feeb8a97700             Options.preserve_deletes: 0
2018/11/22-08:37:32.733995 7feeb8a97700             Options.two_write_queues: 0
2018/11/22-08:37:32.733996 7feeb8a97700             Options.manual_wal_flush: 0
2018/11/22-08:37:32.733998 7feeb8a97700             Options.max_background_jobs: 24
2018/11/22-08:37:32.733999 7feeb8a97700             Options.max_background_compactions: 24
2018/11/22-08:37:32.733999 7feeb8a97700             Options.avoid_flush_during_shutdown: 0
2018/11/22-08:37:32.734000 7feeb8a97700           Options.writable_file_max_buffer_size: 1048576
2018/11/22-08:37:32.734001 7feeb8a97700             Options.delayed_write_rate : 16777216
2018/11/22-08:37:32.734002 7feeb8a97700             Options.max_total_wal_size: 0
2018/11/22-08:37:32.734003 7feeb8a97700             Options.delete_obsolete_files_period_micros: 21600000000
2018/11/22-08:37:32.734004 7feeb8a97700                   Options.stats_dump_period_sec: 60
2018/11/22-08:37:32.734005 7feeb8a97700                          Options.max_open_files: -1
2018/11/22-08:37:32.734006 7feeb8a97700                          Options.bytes_per_sync: 1048576
2018/11/22-08:37:32.734007 7feeb8a97700                      Options.wal_bytes_per_sync: 0
2018/11/22-08:37:32.734008 7feeb8a97700       Options.compaction_readahead_size: 0
2018/11/22-08:37:32.734008 7feeb8a97700 Compression algorithms supported:
2018/11/22-08:37:32.734010 7feeb8a97700 	kZSTDNotFinalCompression supported: 1
2018/11/22-08:37:32.734019 7feeb8a97700 	kZSTD supported: 1
2018/11/22-08:37:32.734021 7feeb8a97700 	kXpressCompression supported: 0
2018/11/22-08:37:32.734022 7feeb8a97700 	kLZ4HCCompression supported: 1
2018/11/22-08:37:32.734023 7feeb8a97700 	kLZ4Compression supported: 1
2018/11/22-08:37:32.734024 7feeb8a97700 	kBZip2Compression supported: 1
2018/11/22-08:37:32.734025 7feeb8a97700 	kZlibCompression supported: 1
2018/11/22-08:37:32.734026 7feeb8a97700 	kSnappyCompression supported: 1
2018/11/22-08:37:32.734030 7feeb8a97700 Fast CRC32 supported: Supported on x86
2018/11/22-08:37:32.734485 7feeb8a97700 [db/version_set.cc:3085] Recovering from manifest file: MANIFEST-000004
2018/11/22-08:37:32.734572 7feeb8a97700 [db/column_family.cc:475] --------------- Options for column family [default]:
2018/11/22-08:37:32.734575 7feeb8a97700               Options.comparator: leveldb.BytewiseComparator
2018/11/22-08:37:32.734576 7feeb8a97700           Options.merge_operator: None
2018/11/22-08:37:32.734577 7feeb8a97700        Options.compaction_filter: None
2018/11/22-08:37:32.734578 7feeb8a97700        Options.compaction_filter_factory: None
2018/11/22-08:37:32.734579 7feeb8a97700         Options.memtable_factory: SkipListFactory
2018/11/22-08:37:32.734580 7feeb8a97700            Options.table_factory: BlockBasedTable
2018/11/22-08:37:32.734603 7feeb8a97700            table_factory options:   flush_block_policy_factory: FlushBlockBySizePolicyFactory (0x7fee3838cfa0)
  cache_index_and_filter_blocks: 0
  cache_index_and_filter_blocks_with_high_priority: 0
  pin_l0_filter_and_index_blocks_in_cache: 0
  index_type: 0
  hash_index_allow_collision: 1
  checksum: 1
  no_block_cache: 0
  block_cache: 0x7fee38391ae0
  block_cache_name: LRUCache
  block_cache_options:
    capacity : 8388608
    num_shard_bits : 4
    strict_capacity_limit : 0
    high_pri_pool_ratio: 0.000
  block_cache_compressed: (nil)
  persistent_cache: (nil)
  block_size: 8192
  block_size_deviation: 10
  block_restart_interval: 16
  index_block_restart_interval: 1
  metadata_block_size: 4096
  partition_filters: 0
  use_delta_encoding: 1
  filter_policy: nullptr
  whole_key_filtering: 1
  verify_compression: 0
  read_amp_bytes_per_bit: 0
  format_version: 2
  enable_index_compression: 1
  block_align: 0
2018/11/22-08:37:32.734616 7feeb8a97700        Options.write_buffer_size: 134217728
2018/11/22-08:37:32.734618 7feeb8a97700  Options.max_write_buffer_number: 24
2018/11/22-08:37:32.734619 7feeb8a97700        Options.compression[0]: NoCompression
2018/11/22-08:37:32.734620 7feeb8a97700        Options.compression[1]: NoCompression
2018/11/22-08:37:32.734621 7feeb8a97700        Options.compression[2]: LZ4
2018/11/22-08:37:32.734622 7feeb8a97700        Options.compression[3]: LZ4
2018/11/22-08:37:32.734623 7feeb8a97700        Options.compression[4]: LZ4
2018/11/22-08:37:32.734624 7feeb8a97700        Options.compression[5]: LZ4
2018/11/22-08:37:32.734624 7feeb8a97700        Options.compression[6]: LZ4
2018/11/22-08:37:32.734625 7feeb8a97700                  Options.bottommost_compression: Disabled
2018/11/22-08:37:32.734626 7feeb8a97700       Options.prefix_extractor: nullptr
2018/11/22-08:37:32.734627 7feeb8a97700   Options.memtable_insert_with_hint_prefix_extractor: nullptr
2018/11/22-08:37:32.734628 7feeb8a97700             Options.num_levels: 7
2018/11/22-08:37:32.734629 7feeb8a97700        Options.min_write_buffer_number_to_merge: 2
2018/11/22-08:37:32.734630 7feeb8a97700     Options.max_write_buffer_number_to_maintain: 0
2018/11/22-08:37:32.734631 7feeb8a97700            Options.compression_opts.window_bits: -14
2018/11/22-08:37:32.734632 7feeb8a97700                  Options.compression_opts.level: -1
2018/11/22-08:37:32.734633 7feeb8a97700               Options.compression_opts.strategy: 0
2018/11/22-08:37:32.734633 7feeb8a97700         Options.compression_opts.max_dict_bytes: 0
2018/11/22-08:37:32.734634 7feeb8a97700         Options.compression_opts.zstd_max_train_bytes: 0
2018/11/22-08:37:32.734635 7feeb8a97700      Options.level0_file_num_compaction_trigger: 2
2018/11/22-08:37:32.734648 7feeb8a97700          Options.level0_slowdown_writes_trigger: 20
2018/11/22-08:37:32.734649 7feeb8a97700              Options.level0_stop_writes_trigger: 36
2018/11/22-08:37:32.734650 7feeb8a97700                   Options.target_file_size_base: 67108864
2018/11/22-08:37:32.734651 7feeb8a97700             Options.target_file_size_multiplier: 1
2018/11/22-08:37:32.734652 7feeb8a97700                Options.max_bytes_for_level_base: 536870912
2018/11/22-08:37:32.734653 7feeb8a97700 Options.level_compaction_dynamic_level_bytes: 0
2018/11/22-08:37:32.734654 7feeb8a97700          Options.max_bytes_for_level_multiplier: 10.000000
2018/11/22-08:37:32.734656 7feeb8a97700 Options.max_bytes_for_level_multiplier_addtl[0]: 1
2018/11/22-08:37:32.734657 7feeb8a97700 Options.max_bytes_for_level_multiplier_addtl[1]: 1
2018/11/22-08:37:32.734658 7feeb8a97700 Options.max_bytes_for_level_multiplier_addtl[2]: 1
2018/11/22-08:37:32.734659 7feeb8a97700 Options.max_bytes_for_level_multiplier_addtl[3]: 1
2018/11/22-08:37:32.734670 7feeb8a97700 Options.max_bytes_for_level_multiplier_addtl[4]: 1
2018/11/22-08:37:32.734671 7feeb8a97700 Options.max_bytes_for_level_multiplier_addtl[5]: 1
2018/11/22-08:37:32.734671 7feeb8a97700 Options.max_bytes_for_level_multiplier_addtl[6]: 1
2018/11/22-08:37:32.734672 7feeb8a97700       Options.max_sequential_skip_in_iterations: 8
2018/11/22-08:37:32.734681 7feeb8a97700                    Options.max_compaction_bytes: 1677721600
2018/11/22-08:37:32.734682 7feeb8a97700                        Options.arena_block_size: 16777216
2018/11/22-08:37:32.734683 7feeb8a97700   Options.soft_pending_compaction_bytes_limit: 68719476736
2018/11/22-08:37:32.734684 7feeb8a97700   Options.hard_pending_compaction_bytes_limit: 274877906944
2018/11/22-08:37:32.734685 7feeb8a97700       Options.rate_limit_delay_max_milliseconds: 100
2018/11/22-08:37:32.734686 7feeb8a97700                Options.disable_auto_compactions: 0
2018/11/22-08:37:32.734688 7feeb8a97700                        Options.compaction_style: kCompactionStyleLevel
2018/11/22-08:37:32.734690 7feeb8a97700                          Options.compaction_pri: kByCompensatedSize
2018/11/22-08:37:32.734691 7feeb8a97700 Options.compaction_options_universal.size_ratio: 1
2018/11/22-08:37:32.734692 7feeb8a97700 Options.compaction_options_universal.min_merge_width: 2
2018/11/22-08:37:32.734692 7feeb8a97700 Options.compaction_options_universal.max_merge_width: 4294967295
2018/11/22-08:37:32.734693 7feeb8a97700 Options.compaction_options_universal.max_size_amplification_percent: 200
2018/11/22-08:37:32.734694 7feeb8a97700 Options.compaction_options_universal.compression_size_percent: -1
2018/11/22-08:37:32.734696 7feeb8a97700 Options.compaction_options_universal.stop_style: kCompactionStopStyleTotalSize
2018/11/22-08:37:32.734697 7feeb8a97700 Options.compaction_options_fifo.max_table_files_size: 1073741824
2018/11/22-08:37:32.734698 7feeb8a97700 Options.compaction_options_fifo.allow_compaction: 0
2018/11/22-08:37:32.734699 7feeb8a97700 Options.compaction_options_fifo.ttl: 0
2018/11/22-08:37:32.734700 7feeb8a97700                   Options.table_properties_collectors: 
2018/11/22-08:37:32.734701 7feeb8a97700                   Options.inplace_update_support: 0
2018/11/22-08:37:32.734702 7feeb8a97700                 Options.inplace_update_num_locks: 10000
2018/11/22-08:37:32.734703 7feeb8a97700               Options.memtable_prefix_bloom_size_ratio: 0.000000
2018/11/22-08:37:32.734704 7feeb8a97700   Options.memtable_huge_page_size: 0
2018/11/22-08:37:32.734705 7feeb8a97700                           Options.bloom_locality: 0
2018/11/22-08:37:32.734706 7feeb8a97700                    Options.max_successive_merges: 0
2018/11/22-08:37:32.734707 7feeb8a97700                Options.optimize_filters_for_hits: 0
2018/11/22-08:37:32.734708 7feeb8a97700                Options.paranoid_file_checks: 0
2018/11/22-08:37:32.734709 7feeb8a97700                Options.force_consistency_checks: 0
2018/11/22-08:37:32.734709 7feeb8a97700                Options.report_bg_io_stats: 0
2018/11/22-08:37:32.734710 7feeb8a97700                               Options.ttl: 0
2018/11/22-08:37:32.735179 7feeb8a97700 [db/column_family.cc:475] --------------- Options for column family [usertable]:
2018/11/22-08:37:32.735182 7feeb8a97700               Options.comparator: leveldb.BytewiseComparator
2018/11/22-08:37:32.735183 7feeb8a97700           Options.merge_operator: None
2018/11/22-08:37:32.735184 7feeb8a97700        Options.compaction_filter: None
2018/11/22-08:37:32.735185 7feeb8a97700        Options.compaction_filter_factory: None
2018/11/22-08:37:32.735186 7feeb8a97700         Options.memtable_factory: SkipListFactory
2018/11/22-08:37:32.735187 7feeb8a97700            Options.table_factory: BlockBasedTable
2018/11/22-08:37:32.735210 7feeb8a97700            table_factory options:   flush_block_policy_factory: FlushBlockBySizePolicyFactory (0x7fee3838cf80)
  cache_index_and_filter_blocks: 0
  cache_index_and_filter_blocks_with_high_priority: 0
  pin_l0_filter_and_index_blocks_in_cache: 0
  index_type: 0
  hash_index_allow_collision: 1
  checksum: 1
  no_block_cache: 0
  block_cache: 0x7fee383937a0
  block_cache_name: LRUCache
  block_cache_options:
    capacity : 8388608
    num_shard_bits : 4
    strict_capacity_limit : 0
    high_pri_pool_ratio: 0.000
  block_cache_compressed: (nil)
  persistent_cache: (nil)
  block_size: 8192
  block_size_deviation: 10
  block_restart_interval: 16
  index_block_restart_interval: 1
  metadata_block_size: 4096
  partition_filters: 0
  use_delta_encoding: 1
  filter_policy: nullptr
  whole_key_filtering: 1
  verify_compression: 0
  read_amp_bytes_per_bit: 0
  format_version: 2
  enable_index_compression: 1
  block_align: 0
2018/11/22-08:37:32.735221 7feeb8a97700        Options.write_buffer_size: 134217728
2018/11/22-08:37:32.735223 7feeb8a97700  Options.max_write_buffer_number: 24
2018/11/22-08:37:32.735223 7feeb8a97700        Options.compression[0]: NoCompression
2018/11/22-08:37:32.735224 7feeb8a97700        Options.compression[1]: NoCompression
2018/11/22-08:37:32.735225 7feeb8a97700        Options.compression[2]: LZ4
2018/11/22-08:37:32.735226 7feeb8a97700        Options.compression[3]: LZ4
2018/11/22-08:37:32.735227 7feeb8a97700        Options.compression[4]: LZ4
2018/11/22-08:37:32.735228 7feeb8a97700        Options.compression[5]: LZ4
2018/11/22-08:37:32.735229 7feeb8a97700        Options.compression[6]: LZ4
2018/11/22-08:37:32.735230 7feeb8a97700                  Options.bottommost_compression: Disabled
2018/11/22-08:37:32.735231 7feeb8a97700       Options.prefix_extractor: nullptr
2018/11/22-08:37:32.735231 7feeb8a97700   Options.memtable_insert_with_hint_prefix_extractor: nullptr
2018/11/22-08:37:32.735232 7feeb8a97700             Options.num_levels: 7
2018/11/22-08:37:32.735233 7feeb8a97700        Options.min_write_buffer_number_to_merge: 2
2018/11/22-08:37:32.735234 7feeb8a97700     Options.max_write_buffer_number_to_maintain: 0
2018/11/22-08:37:32.735235 7feeb8a97700            Options.compression_opts.window_bits: -14
2018/11/22-08:37:32.735236 7feeb8a97700                  Options.compression_opts.level: -1
2018/11/22-08:37:32.735236 7feeb8a97700               Options.compression_opts.strategy: 0
2018/11/22-08:37:32.735237 7feeb8a97700         Options.compression_opts.max_dict_bytes: 0
2018/11/22-08:37:32.735238 7feeb8a97700         Options.compression_opts.zstd_max_train_bytes: 0
2018/11/22-08:37:32.735239 7feeb8a97700      Options.level0_file_num_compaction_trigger: 2
2018/11/22-08:37:32.735240 7feeb8a97700          Options.level0_slowdown_writes_trigger: 20
2018/11/22-08:37:32.735241 7feeb8a97700              Options.level0_stop_writes_trigger: 36
2018/11/22-08:37:32.735241 7feeb8a97700                   Options.target_file_size_base: 67108864
2018/11/22-08:37:32.735242 7feeb8a97700             Options.target_file_size_multiplier: 1
2018/11/22-08:37:32.735243 7feeb8a97700                Options.max_bytes_for_level_base: 536870912
2018/11/22-08:37:32.735244 7feeb8a97700 Options.level_compaction_dynamic_level_bytes: 0
2018/11/22-08:37:32.735245 7feeb8a97700          Options.max_bytes_for_level_multiplier: 10.000000
2018/11/22-08:37:32.735247 7feeb8a97700 Options.max_bytes_for_level_multiplier_addtl[0]: 1
2018/11/22-08:37:32.735248 7feeb8a97700 Options.max_bytes_for_level_multiplier_addtl[1]: 1
2018/11/22-08:37:32.735248 7feeb8a97700 Options.max_bytes_for_level_multiplier_addtl[2]: 1
2018/11/22-08:37:32.735249 7feeb8a97700 Options.max_bytes_for_level_multiplier_addtl[3]: 1
2018/11/22-08:37:32.735250 7feeb8a97700 Options.max_bytes_for_level_multiplier_addtl[4]: 1
2018/11/22-08:37:32.735251 7feeb8a97700 Options.max_bytes_for_level_multiplier_addtl[5]: 1
2018/11/22-08:37:32.735252 7feeb8a97700 Options.max_bytes_for_level_multiplier_addtl[6]: 1
2018/11/22-08:37:32.735253 7feeb8a97700       Options.max_sequential_skip_in_iterations: 8
2018/11/22-08:37:32.735253 7feeb8a97700                    Options.max_compaction_bytes: 1677721600
2018/11/22-08:37:32.735254 7feeb8a97700                        Options.arena_block_size: 16777216
2018/11/22-08:37:32.735255 7feeb8a97700   Options.soft_pending_compaction_bytes_limit: 68719476736
2018/11/22-08:37:32.735256 7feeb8a97700   Options.hard_pending_compaction_bytes_limit: 274877906944
2018/11/22-08:37:32.735257 7feeb8a97700       Options.rate_limit_delay_max_milliseconds: 100
2018/11/22-08:37:32.735258 7feeb8a97700                Options.disable_auto_compactions: 0
2018/11/22-08:37:32.735259 7feeb8a97700                        Options.compaction_style: kCompactionStyleLevel
2018/11/22-08:37:32.735265 7feeb8a97700                          Options.compaction_pri: kByCompensatedSize
2018/11/22-08:37:32.735267 7feeb8a97700 Options.compaction_options_universal.size_ratio: 1
2018/11/22-08:37:32.735268 7feeb8a97700 Options.compaction_options_universal.min_merge_width: 2
2018/11/22-08:37:32.735268 7feeb8a97700 Options.compaction_options_universal.max_merge_width: 4294967295
2018/11/22-08:37:32.735269 7feeb8a97700 Options.compaction_options_universal.max_size_amplification_percent: 200
2018/11/22-08:37:32.735270 7feeb8a97700 Options.compaction_options_universal.compression_size_percent: -1
2018/11/22-08:37:32.735271 7feeb8a97700 Options.compaction_options_universal.stop_style: kCompactionStopStyleTotalSize
2018/11/22-08:37:32.735272 7feeb8a97700 Options.compaction_options_fifo.max_table_files_size: 1073741824
2018/11/22-08:37:32.735273 7feeb8a97700 Options.compaction_options_fifo.allow_compaction: 0
2018/11/22-08:37:32.735274 7feeb8a97700 Options.compaction_options_fifo.ttl: 0
2018/11/22-08:37:32.735275 7feeb8a97700                   Options.table_properties_collectors: 
2018/11/22-08:37:32.735275 7feeb8a97700                   Options.inplace_update_support: 0
2018/11/22-08:37:32.735276 7feeb8a97700                 Options.inplace_update_num_locks: 10000
2018/11/22-08:37:32.735277 7feeb8a97700               Options.memtable_prefix_bloom_size_ratio: 0.000000
2018/11/22-08:37:32.735279 7feeb8a97700   Options.memtable_huge_page_size: 0
2018/11/22-08:37:32.735279 7feeb8a97700                           Options.bloom_locality: 0
2018/11/22-08:37:32.735280 7feeb8a97700                    Options.max_successive_merges: 0
2018/11/22-08:37:32.735281 7feeb8a97700                Options.optimize_filters_for_hits: 0
2018/11/22-08:37:32.735282 7feeb8a97700                Options.paranoid_file_checks: 0
2018/11/22-08:37:32.735283 7feeb8a97700                Options.force_consistency_checks: 0
2018/11/22-08:37:32.735283 7feeb8a97700                Options.report_bg_io_stats: 0
2018/11/22-08:37:32.735284 7feeb8a97700                               Options.ttl: 0
2018/11/22-08:37:33.262921 7feeb8a97700 [db/version_set.cc:3361] Recovered from manifest file:/mnt/sdb/ycsb-rocksdb-data/MANIFEST-000004 succeeded,manifest_file_number is 4, next_file_number is 1244, last_sequence is 10410192, log_number is 0,prev_log_number is 0,max_column_family is 1,min_log_number_to_keep is 0
2018/11/22-08:37:33.262935 7feeb8a97700 [db/version_set.cc:3369] Column family [default] (ID 0), log number is 0
2018/11/22-08:37:33.262937 7feeb8a97700 [db/version_set.cc:3369] Column family [usertable] (ID 1), log number is 1238
2018/11/22-08:37:33.265114 7feeb8a97700 EVENT_LOG_v1 {"time_micros": 1542904653265093, "job": 1, "event": "recovery_started", "log_files": [1238, 1241, 1244, 1247]}
2018/11/22-08:37:33.265123 7feeb8a97700 [db/db_impl_open.cc:551] Recovering log #1238 mode 2
2018/11/22-08:37:33.586702 7feeb8a97700 [db/db_impl_open.cc:551] Recovering log #1241 mode 2
2018/11/22-08:37:34.131503 7feeb8a97700 EVENT_LOG_v1 {"time_micros": 1542904654131483, "cf_name": "usertable", "job": 1, "event": "table_file_creation", "file_number": 1244, "file_size": 129902321, "table_properties": {"data_size": 129321392, "index_size": 580007, "filter_size": 0, "raw_key_size": 752760, "raw_average_key_size": 24, "raw_value_size": 128471040, "raw_average_value_size": 4096, "num_data_blocks": 15683, "num_entries": 31365, "filter_policy_name": "", "kDeletedKeys": "0", "kMergeOperands": "0"}}
2018/11/22-08:37:34.425369 7feeb8a97700 [db/db_impl_open.cc:551] Recovering log #1244 mode 2
2018/11/22-08:37:35.523543 7feeb8a97700 EVENT_LOG_v1 {"time_micros": 1542904655523521, "cf_name": "usertable", "job": 1, "event": "table_file_creation", "file_number": 1245, "file_size": 129895353, "table_properties": {"data_size": 129317909, "index_size": 576522, "filter_size": 0, "raw_key_size": 752760, "raw_average_key_size": 24, "raw_value_size": 128471040, "raw_average_value_size": 4096, "num_data_blocks": 15683, "num_entries": 31365, "filter_policy_name": "", "kDeletedKeys": "0", "kMergeOperands": "0"}}
2018/11/22-08:37:36.185265 7feeb8a97700 [db/db_impl_open.cc:551] Recovering log #1247 mode 2
2018/11/22-08:37:36.344322 7feeb8a97700 [db/version_set.cc:2847] Creating manifest 1249
2018/11/22-08:37:37.957629 7feeb8a97700 EVENT_LOG_v1 {"time_micros": 1542904657957608, "cf_name": "usertable", "job": 1, "event": "table_file_creation", "file_number": 1250, "file_size": 112254885, "table_properties": {"data_size": 111752803, "index_size": 501160, "filter_size": 0, "raw_key_size": 650496, "raw_average_key_size": 24, "raw_value_size": 111017984, "raw_average_value_size": 4096, "num_data_blocks": 13552, "num_entries": 27104, "filter_policy_name": "", "kDeletedKeys": "0", "kMergeOperands": "0"}}
2018/11/22-08:37:37.985683 7feeb8a97700 EVENT_LOG_v1 {"time_micros": 1542904657985679, "job": 1, "event": "recovery_finished"}
2018/11/22-08:37:37.985871 7feeb8a97700 [db/column_family.cc:837] [usertable] Increasing compaction threads because we have 5 level-0 files 
2018/11/22-08:37:38.060241 7feeb8a97700 [db/db_impl_open.cc:1219] DB pointer 0x7fee383cc8e0
2018/11/22-08:37:38.060597 7fee1ffff700 [WARN] [db/db_impl.cc:491] ------- DUMPING STATS -------
2018/11/22-08:37:38.060642 7fee1ffff700 [WARN] [db/db_impl.cc:492] 
** DB Stats **
Uptime(secs): 5.3 total, 5.3 interval
Cumulative writes: 0 writes, 0 keys, 0 commit groups, 0.0 writes per commit group, ingest: 0.00 GB, 0.00 MB/s
Cumulative WAL: 0 writes, 0 syncs, 0.00 writes per sync, written: 0.00 GB, 0.00 MB/s
Cumulative stall: 00:00:0.000 H:M:S, 0.0 percent
Interval writes: 0 writes, 0 keys, 0 commit groups, 0.0 writes per commit group, ingest: 0.00 MB, 0.00 MB/s
Interval WAL: 0 writes, 0 syncs, 0.00 writes per sync, written: 0.00 MB, 0.00 MB/s
Interval stall: 00:00:0.000 H:M:S, 0.0 percent

** Compaction Stats [default] **
Level    Files   Size     Score Read(GB)  Rn(GB) Rnp1(GB) Write(GB) Wnew(GB) Moved(GB) W-Amp Rd(MB/s) Wr(MB/s) Comp(sec) Comp(cnt) Avg(sec) KeyIn KeyDrop
----------------------------------------------------------------------------------------------------------------------------------------------------------
 Sum      0/0    0.00 KB   0.0      0.0     0.0      0.0       0.0      0.0       0.0   0.0      0.0      0.0         0         0    0.000       0      0
 Int      0/0    0.00 KB   0.0      0.0     0.0      0.0       0.0      0.0       0.0   0.0      0.0      0.0         0         0    0.000       0      0
Uptime(secs): 5.3 total, 5.3 interval
Flush(GB): cumulative 0.000, interval 0.000
AddFile(GB): cumulative 0.000, interval 0.000
AddFile(Total Files): cumulative 0, interval 0
AddFile(L0 Files): cumulative 0, interval 0
AddFile(Keys): cumulative 0, interval 0
Cumulative compaction: 0.00 GB write, 0.00 MB/s write, 0.00 GB read, 0.00 MB/s read, 0.0 seconds
Interval compaction: 0.00 GB write, 0.00 MB/s write, 0.00 GB read, 0.00 MB/s read, 0.0 seconds
Stalls(count): 0 level0_slowdown, 0 level0_slowdown_with_compaction, 0 level0_numfiles, 0 level0_numfiles_with_compaction, 0 stop for pending_compaction_bytes, 0 slowdown for pending_compaction_bytes, 0 memtable_compaction, 0 memtable_slowdown, interval 0 total count

** File Read Latency Histogram By Level [default] **

** Compaction Stats [usertable] **
Level    Files   Size     Score Read(GB)  Rn(GB) Rnp1(GB) Write(GB) Wnew(GB) Moved(GB) W-Amp Rd(MB/s) Wr(MB/s) Comp(sec) Comp(cnt) Avg(sec) KeyIn KeyDrop
----------------------------------------------------------------------------------------------------------------------------------------------------------
  L0      5/0   800.57 MB   2.5      0.0     0.0      0.0       0.3      0.3       0.0   1.0      0.0    120.8         3         3    0.979       0      0
  L1      3/0   683.58 MB   1.3      0.0     0.0      0.0       0.0      0.0       0.0   0.0      0.0      0.0         0         0    0.000       0      0
  L2    157/0    5.35 GB   1.1      0.0     0.0      0.0       0.0      0.0       0.0   0.0      0.0      0.0         0         0    0.000       0      0
  L3    539/0   33.38 GB   0.7      0.0     0.0      0.0       0.0      0.0       0.0   0.0      0.0      0.0         0         0    0.000       0      0
 Sum    704/0   40.18 GB   0.0      0.0     0.0      0.0       0.3      0.3       0.0   1.0      0.0    120.8         3         3    0.979       0      0
 Int      0/0    0.00 KB   0.0      0.0     0.0      0.0       0.3      0.3       0.0   1.0      0.0    120.8         3         3    0.979       0      0
Uptime(secs): 5.3 total, 5.3 interval
Flush(GB): cumulative 0.347, interval 0.347
AddFile(GB): cumulative 0.000, interval 0.000
AddFile(Total Files): cumulative 0, interval 0
AddFile(L0 Files): cumulative 0, interval 0
AddFile(Keys): cumulative 0, interval 0
Cumulative compaction: 0.35 GB write, 66.63 MB/s write, 0.00 GB read, 0.00 MB/s read, 2.9 seconds
Interval compaction: 0.35 GB write, 66.63 MB/s write, 0.00 GB read, 0.00 MB/s read, 2.9 seconds
Stalls(count): 0 level0_slowdown, 0 level0_slowdown_with_compaction, 0 level0_numfiles, 0 level0_numfiles_with_compaction, 0 stop for pending_compaction_bytes, 0 slowdown for pending_compaction_bytes, 0 memtable_compaction, 0 memtable_slowdown, interval 0 total count

** File Read Latency Histogram By Level [usertable] **

** Compaction Stats [default] **
Level    Files   Size     Score Read(GB)  Rn(GB) Rnp1(GB) Write(GB) Wnew(GB) Moved(GB) W-Amp Rd(MB/s) Wr(MB/s) Comp(sec) Comp(cnt) Avg(sec) KeyIn KeyDrop
----------------------------------------------------------------------------------------------------------------------------------------------------------
 Sum      0/0    0.00 KB   0.0      0.0     0.0      0.0       0.0      0.0       0.0   0.0      0.0      0.0         0         0    0.000       0      0
 Int      0/0    0.00 KB   0.0      0.0     0.0      0.0       0.0      0.0       0.0   0.0      0.0      0.0         0         0    0.000       0      0
Uptime(secs): 5.3 total, 0.0 interval
Flush(GB): cumulative 0.000, interval 0.000
AddFile(GB): cumulative 0.000, interval 0.000
AddFile(Total Files): cumulative 0, interval 0
AddFile(L0 Files): cumulative 0, interval 0
AddFile(Keys): cumulative 0, interval 0
Cumulative compaction: 0.00 GB write, 0.00 MB/s write, 0.00 GB read, 0.00 MB/s read, 0.0 seconds
Interval compaction: 0.00 GB write, 0.00 MB/s write, 0.00 GB read, 0.00 MB/s read, 0.0 seconds
Stalls(count): 0 level0_slowdown, 0 level0_slowdown_with_compaction, 0 level0_numfiles, 0 level0_numfiles_with_compaction, 0 stop for pending_compaction_bytes, 0 slowdown for pending_compaction_bytes, 0 memtable_compaction, 0 memtable_slowdown, interval 0 total count

** File Read Latency Histogram By Level [default] **

** Compaction Stats [usertable] **
Level    Files   Size     Score Read(GB)  Rn(GB) Rnp1(GB) Write(GB) Wnew(GB) Moved(GB) W-Amp Rd(MB/s) Wr(MB/s) Comp(sec) Comp(cnt) Avg(sec) KeyIn KeyDrop
----------------------------------------------------------------------------------------------------------------------------------------------------------
  L0      5/0   800.57 MB   2.5      0.0     0.0      0.0       0.3      0.3       0.0   1.0      0.0    120.8         3         3    0.979       0      0
  L1      3/0   683.58 MB   1.3      0.0     0.0      0.0       0.0      0.0       0.0   0.0      0.0      0.0         0         0    0.000       0      0
  L2    157/0    5.35 GB   1.1      0.0     0.0      0.0       0.0      0.0       0.0   0.0      0.0      0.0         0         0    0.000       0      0
  L3    539/0   33.38 GB   0.7      0.0     0.0      0.0       0.0      0.0       0.0   0.0      0.0      0.0         0         0    0.000       0      0
 Sum    704/0   40.18 GB   0.0      0.0     0.0      0.0       0.3      0.3       0.0   1.0      0.0    120.8         3         3    0.979       0      0
 Int      0/0    0.00 KB   0.0      0.0     0.0      0.0       0.0      0.0       0.0   0.0      0.0      0.0         0         0    0.000       0      0
Uptime(secs): 5.3 total, 0.0 interval
Flush(GB): cumulative 0.347, interval 0.000
AddFile(GB): cumulative 0.000, interval 0.000
AddFile(Total Files): cumulative 0, interval 0
AddFile(L0 Files): cumulative 0, interval 0
AddFile(Keys): cumulative 0, interval 0
Cumulative compaction: 0.35 GB write, 66.63 MB/s write, 0.00 GB read, 0.00 MB/s read, 2.9 seconds
Interval compaction: 0.00 GB write, 0.00 MB/s write, 0.00 GB read, 0.00 MB/s read, 0.0 seconds
Stalls(count): 0 level0_slowdown, 0 level0_slowdown_with_compaction, 0 level0_numfiles, 0 level0_numfiles_with_compaction, 0 stop for pending_compaction_bytes, 0 slowdown for pending_compaction_bytes, 0 memtable_compaction, 0 memtable_slowdown, interval 0 total count

** File Read Latency Histogram By Level [usertable] **
2018/11/22-08:37:38.061294 7fedfffff700 (Original Log Time 2018/11/22-08:37:38.061270) [db/db_impl_compaction_flush.cc:1781] Compaction nothing to do
2018/11/22-08:37:38.089083 7fee1ffff700 [db/column_family.cc:837] [usertable] Increasing compaction threads because we have 4 level-0 files 
2018/11/22-08:37:38.089201 7fee1ffff700 (Original Log Time 2018/11/22-08:37:38.060803) [db/db_impl_compaction_flush.cc:1835] [usertable] Moving #1227 to level-1 234743070 bytes
2018/11/22-08:37:38.089204 7fee1ffff700 (Original Log Time 2018/11/22-08:37:38.089128) EVENT_LOG_v1 {"time_micros": 1542904658089116, "job": 3, "event": "trivial_move", "destination_level": 1, "files": 1, "total_files_size": 234743070}
2018/11/22-08:37:38.089206 7fee1ffff700 (Original Log Time 2018/11/22-08:37:38.089141) [db/db_impl_compaction_flush.cc:1864] [usertable] Moved #1 files to level-1 234743070 bytes OK: base level 1 max bytes base 536870912 files[4 4 157 539 0 0 0] max score 2.00
2018/11/22-08:37:38.089400 7fedfeffd700 [db/compaction_job.cc:1531] [usertable] [JOB 12] Compacting 1@1 files to L2, score 1.77
2018/11/22-08:37:38.089412 7fedfeffd700 [db/compaction_job.cc:1535] [usertable] Compaction start summary: Base version 6 Base level 1, inputs: [1239(235MB)]
2018/11/22-08:37:38.089439 7fedfe7fc700 (Original Log Time 2018/11/22-08:37:38.089399) [db/db_impl_compaction_flush.cc:1781] Compaction nothing to do
2018/11/22-08:37:38.089450 7fedfeffd700 EVENT_LOG_v1 {"time_micros": 1542904658089424, "job": 12, "event": "compaction_started", "compaction_reason": "LevelMaxLevelSize", "files_L1": [1239], "score": 1.77235, "input_data_size": 247320298}
2018/11/22-08:37:38.118328 7fee1f7fe700 [db/column_family.cc:837] [usertable] Increasing compaction threads because we have 4 level-0 files 
2018/11/22-08:37:38.118400 7fee1f7fe700 (Original Log Time 2018/11/22-08:37:38.060902) [db/db_impl_compaction_flush.cc:1835] [usertable] Moving #1237 to level-3 67233564 bytes
2018/11/22-08:37:38.118403 7fee1f7fe700 (Original Log Time 2018/11/22-08:37:38.118349) EVENT_LOG_v1 {"time_micros": 1542904658118344, "job": 4, "event": "trivial_move", "destination_level": 3, "files": 1, "total_files_size": 67233564}
2018/11/22-08:37:38.118404 7fee1f7fe700 (Original Log Time 2018/11/22-08:37:38.118353) [db/db_impl_compaction_flush.cc:1864] [usertable] Moved #1 files to level-3 67233564 bytes OK: base level 1 max bytes base 536870912 files[4 4 151 545 0 0 0] max score 1.50
2018/11/22-08:37:38.118405 7fee1effd700 [db/column_family.cc:837] [usertable] Increasing compaction threads because we have 4 level-0 files 
2018/11/22-08:37:38.118472 7fee1effd700 (Original Log Time 2018/11/22-08:37:38.060981) [db/db_impl_compaction_flush.cc:1835] [usertable] Moving #1231 to level-3 67233552 bytes
2018/11/22-08:37:38.118476 7fee1effd700 (Original Log Time 2018/11/22-08:37:38.118425) EVENT_LOG_v1 {"time_micros": 1542904658118422, "job": 5, "event": "trivial_move", "destination_level": 3, "files": 1, "total_files_size": 67233552}
2018/11/22-08:37:38.118479 7fee1effd700 (Original Log Time 2018/11/22-08:37:38.118430) [db/db_impl_compaction_flush.cc:1864] [usertable] Moved #1 files to level-3 67233552 bytes OK: base level 1 max bytes base 536870912 files[4 4 151 545 0 0 0] max score 1.50
2018/11/22-08:37:38.118479 7fee1e7fc700 [db/column_family.cc:837] [usertable] Increasing compaction threads because we have 4 level-0 files 
2018/11/22-08:37:38.118551 7fee1e7fc700 (Original Log Time 2018/11/22-08:37:38.061021) [db/db_impl_compaction_flush.cc:1835] [usertable] Moving #1236 to level-3 67233394 bytes
2018/11/22-08:37:38.118553 7fee1e7fc700 (Original Log Time 2018/11/22-08:37:38.118498) EVENT_LOG_v1 {"time_micros": 1542904658118495, "job": 6, "event": "trivial_move", "destination_level": 3, "files": 1, "total_files_size": 67233394}
2018/11/22-08:37:38.118555 7fee1e7fc700 (Original Log Time 2018/11/22-08:37:38.118503) [db/db_impl_compaction_flush.cc:1864] [usertable] Moved #1 files to level-3 67233394 bytes OK: base level 1 max bytes base 536870912 files[4 4 151 545 0 0 0] max score 1.50
2018/11/22-08:37:38.118558 7fee1cff9700 [db/column_family.cc:837] [usertable] Increasing compaction threads because we have 4 level-0 files 
2018/11/22-08:37:38.118631 7fee1cff9700 (Original Log Time 2018/11/22-08:37:38.061229) [db/db_impl_compaction_flush.cc:1835] [usertable] Moving #73 to level-3 44980879 bytes
2018/11/22-08:37:38.118634 7fee1cff9700 (Original Log Time 2018/11/22-08:37:38.118582) EVENT_LOG_v1 {"time_micros": 1542904658118578, "job": 9, "event": "trivial_move", "destination_level": 3, "files": 1, "total_files_size": 44980879}
2018/11/22-08:37:38.118636 7fee1cff9700 (Original Log Time 2018/11/22-08:37:38.118587) [db/db_impl_compaction_flush.cc:1864] [usertable] Moved #1 files to level-3 44980879 bytes OK: base level 1 max bytes base 536870912 files[4 4 151 545 0 0 0] max score 1.50
2018/11/22-08:37:38.118690 7fedfdffb700 (Original Log Time 2018/11/22-08:37:38.118638) [db/db_impl_compaction_flush.cc:1781] Compaction nothing to do
2018/11/22-08:37:38.118767 7fee1dffb700 [db/column_family.cc:837] [usertable] Increasing compaction threads because we have 4 level-0 files 
2018/11/22-08:37:38.118852 7fee1dffb700 (Original Log Time 2018/11/22-08:37:38.061060) [db/db_impl_compaction_flush.cc:1835] [usertable] Moving #1230 to level-3 67233362 bytes
2018/11/22-08:37:38.118855 7fee1dffb700 (Original Log Time 2018/11/22-08:37:38.118795) EVENT_LOG_v1 {"time_micros": 1542904658118791, "job": 7, "event": "trivial_move", "destination_level": 3, "files": 1, "total_files_size": 67233362}
2018/11/22-08:37:38.118857 7fee1dffb700 (Original Log Time 2018/11/22-08:37:38.118801) [db/db_impl_compaction_flush.cc:1864] [usertable] Moved #1 files to level-3 67233362 bytes OK: base level 1 max bytes base 536870912 files[4 4 151 545 0 0 0] max score 1.50
2018/11/22-08:37:38.118913 7fee1d7fa700 [db/column_family.cc:837] [usertable] Increasing compaction threads because we have 4 level-0 files 
2018/11/22-08:37:38.118997 7fee1d7fa700 (Original Log Time 2018/11/22-08:37:38.061114) [db/db_impl_compaction_flush.cc:1835] [usertable] Moving #1240 to level-3 67233356 bytes
2018/11/22-08:37:38.119000 7fee1d7fa700 (Original Log Time 2018/11/22-08:37:38.118933) EVENT_LOG_v1 {"time_micros": 1542904658118929, "job": 8, "event": "trivial_move", "destination_level": 3, "files": 1, "total_files_size": 67233356}
