2019/03/23-13:21:42.354588 7f420a8d2700 RocksDB version: 5.14.3
2019/03/23-13:21:42.354671 7f420a8d2700 Git sha rocksdb_build_git_sha:
2019/03/23-13:21:42.354674 7f420a8d2700 Compile date Oct  9 2018
2019/03/23-13:21:42.354683 7f420a8d2700 DB SUMMARY
2019/03/23-13:21:42.355357 7f420a8d2700 CURRENT file:  CURRENT
2019/03/23-13:21:42.355361 7f420a8d2700 IDENTITY file:  IDENTITY
2019/03/23-13:21:42.355369 7f420a8d2700 MANIFEST file:  MANIFEST-000004 size: 132947 Bytes
2019/03/23-13:21:42.355373 7f420a8d2700 SST files in /mnt/sdc/ycsb-rocksdb-data dir, Total Num: 724, files: 000021.sst 000022.sst 000034.sst 000035.sst 000036.sst 000037.sst 000038.sst 000039.sst 000041.sst 
2019/03/23-13:21:42.355378 7f420a8d2700 Write Ahead Log file in /mnt/sdc/ycsb-rocksdb-data: 001378.log size: 115146205 ; 001384.log size: 113929981 ; 001385.log size: 30743380 ; 
2019/03/23-13:21:42.355406 7f420a8d2700                         Options.error_if_exists: 0
2019/03/23-13:21:42.355407 7f420a8d2700                       Options.create_if_missing: 1
2019/03/23-13:21:42.355408 7f420a8d2700                         Options.paranoid_checks: 1
2019/03/23-13:21:42.355409 7f420a8d2700                                     Options.env: 0x7f4209f4d080
2019/03/23-13:21:42.355410 7f420a8d2700                                Options.info_log: 0x7f416c3ea200
2019/03/23-13:21:42.355411 7f420a8d2700                Options.max_file_opening_threads: 16
2019/03/23-13:21:42.355412 7f420a8d2700                              Options.statistics: (nil)
2019/03/23-13:21:42.355413 7f420a8d2700                               Options.use_fsync: 0
2019/03/23-13:21:42.355414 7f420a8d2700                       Options.max_log_file_size: 0
2019/03/23-13:21:42.355415 7f420a8d2700                  Options.max_manifest_file_size: 18446744073709551615
2019/03/23-13:21:42.355416 7f420a8d2700                   Options.log_file_time_to_roll: 0
2019/03/23-13:21:42.355417 7f420a8d2700                       Options.keep_log_file_num: 1000
2019/03/23-13:21:42.355418 7f420a8d2700                    Options.recycle_log_file_num: 0
2019/03/23-13:21:42.355419 7f420a8d2700                         Options.allow_fallocate: 1
2019/03/23-13:21:42.355420 7f420a8d2700                        Options.allow_mmap_reads: 0
2019/03/23-13:21:42.355421 7f420a8d2700                       Options.allow_mmap_writes: 0
2019/03/23-13:21:42.355422 7f420a8d2700                        Options.use_direct_reads: 0
2019/03/23-13:21:42.355423 7f420a8d2700                        Options.use_direct_io_for_flush_and_compaction: 0
2019/03/23-13:21:42.355424 7f420a8d2700          Options.create_missing_column_families: 1
2019/03/23-13:21:42.355425 7f420a8d2700                              Options.db_log_dir: 
2019/03/23-13:21:42.355426 7f420a8d2700                                 Options.wal_dir: /mnt/sdc/ycsb-rocksdb-data
2019/03/23-13:21:42.355426 7f420a8d2700                Options.table_cache_numshardbits: 6
2019/03/23-13:21:42.355427 7f420a8d2700                      Options.max_subcompactions: 4
2019/03/23-13:21:42.355428 7f420a8d2700                  Options.max_background_flushes: 24
2019/03/23-13:21:42.355429 7f420a8d2700                         Options.WAL_ttl_seconds: 0
2019/03/23-13:21:42.355430 7f420a8d2700                       Options.WAL_size_limit_MB: 0
2019/03/23-13:21:42.355431 7f420a8d2700             Options.manifest_preallocation_size: 4194304
2019/03/23-13:21:42.355432 7f420a8d2700                     Options.is_fd_close_on_exec: 1
2019/03/23-13:21:42.355433 7f420a8d2700                   Options.advise_random_on_open: 1
2019/03/23-13:21:42.355434 7f420a8d2700                    Options.db_write_buffer_size: 0
2019/03/23-13:21:42.355435 7f420a8d2700                    Options.write_buffer_manager: 0x7f416c3ea490
2019/03/23-13:21:42.355436 7f420a8d2700         Options.access_hint_on_compaction_start: 1
2019/03/23-13:21:42.355437 7f420a8d2700  Options.new_table_reader_for_compaction_inputs: 0
2019/03/23-13:21:42.355438 7f420a8d2700           Options.random_access_max_buffer_size: 1048576
2019/03/23-13:21:42.355438 7f420a8d2700                      Options.use_adaptive_mutex: 0
2019/03/23-13:21:42.355453 7f420a8d2700                            Options.rate_limiter: (nil)
2019/03/23-13:21:42.355456 7f420a8d2700     Options.sst_file_manager.rate_bytes_per_sec: 0
2019/03/23-13:21:42.355457 7f420a8d2700                       Options.wal_recovery_mode: 2
2019/03/23-13:21:42.355458 7f420a8d2700                  Options.enable_thread_tracking: 0
2019/03/23-13:21:42.355459 7f420a8d2700                  Options.enable_pipelined_write: 1
2019/03/23-13:21:42.355460 7f420a8d2700         Options.allow_concurrent_memtable_write: 1
2019/03/23-13:21:42.355461 7f420a8d2700      Options.enable_write_thread_adaptive_yield: 1
2019/03/23-13:21:42.355461 7f420a8d2700             Options.write_thread_max_yield_usec: 100
2019/03/23-13:21:42.355462 7f420a8d2700            Options.write_thread_slow_yield_usec: 3
2019/03/23-13:21:42.355463 7f420a8d2700                               Options.row_cache: None
2019/03/23-13:21:42.355464 7f420a8d2700                              Options.wal_filter: None
2019/03/23-13:21:42.355465 7f420a8d2700             Options.avoid_flush_during_recovery: 0
2019/03/23-13:21:42.355466 7f420a8d2700             Options.allow_ingest_behind: 0
2019/03/23-13:21:42.355467 7f420a8d2700             Options.preserve_deletes: 0
2019/03/23-13:21:42.355468 7f420a8d2700             Options.two_write_queues: 0
2019/03/23-13:21:42.355469 7f420a8d2700             Options.manual_wal_flush: 0
2019/03/23-13:21:42.355471 7f420a8d2700             Options.max_background_jobs: 24
2019/03/23-13:21:42.355472 7f420a8d2700             Options.max_background_compactions: 24
2019/03/23-13:21:42.355473 7f420a8d2700             Options.avoid_flush_during_shutdown: 0
2019/03/23-13:21:42.355474 7f420a8d2700           Options.writable_file_max_buffer_size: 1048576
2019/03/23-13:21:42.355475 7f420a8d2700             Options.delayed_write_rate : 16777216
2019/03/23-13:21:42.355476 7f420a8d2700             Options.max_total_wal_size: 0
2019/03/23-13:21:42.355477 7f420a8d2700             Options.delete_obsolete_files_period_micros: 21600000000
2019/03/23-13:21:42.355478 7f420a8d2700                   Options.stats_dump_period_sec: 60
2019/03/23-13:21:42.355479 7f420a8d2700                          Options.max_open_files: -1
2019/03/23-13:21:42.355480 7f420a8d2700                          Options.bytes_per_sync: 1048576
2019/03/23-13:21:42.355481 7f420a8d2700                      Options.wal_bytes_per_sync: 0
2019/03/23-13:21:42.355482 7f420a8d2700       Options.compaction_readahead_size: 0
2019/03/23-13:21:42.355483 7f420a8d2700 Compression algorithms supported:
2019/03/23-13:21:42.355484 7f420a8d2700 	kZSTDNotFinalCompression supported: 1
2019/03/23-13:21:42.355493 7f420a8d2700 	kZSTD supported: 1
2019/03/23-13:21:42.355494 7f420a8d2700 	kXpressCompression supported: 0
2019/03/23-13:21:42.355496 7f420a8d2700 	kLZ4HCCompression supported: 1
2019/03/23-13:21:42.355497 7f420a8d2700 	kLZ4Compression supported: 1
2019/03/23-13:21:42.355498 7f420a8d2700 	kBZip2Compression supported: 1
2019/03/23-13:21:42.355499 7f420a8d2700 	kZlibCompression supported: 1
2019/03/23-13:21:42.355500 7f420a8d2700 	kSnappyCompression supported: 1
2019/03/23-13:21:42.355504 7f420a8d2700 Fast CRC32 supported: Not supported on x86
2019/03/23-13:21:42.355978 7f420a8d2700 [db/version_set.cc:3085] Recovering from manifest file: MANIFEST-000004
2019/03/23-13:21:42.356079 7f420a8d2700 [db/column_family.cc:475] --------------- Options for column family [default]:
2019/03/23-13:21:42.356084 7f420a8d2700               Options.comparator: leveldb.BytewiseComparator
2019/03/23-13:21:42.356085 7f420a8d2700           Options.merge_operator: None
2019/03/23-13:21:42.356086 7f420a8d2700        Options.compaction_filter: None
2019/03/23-13:21:42.356087 7f420a8d2700        Options.compaction_filter_factory: None
2019/03/23-13:21:42.356088 7f420a8d2700         Options.memtable_factory: SkipListFactory
2019/03/23-13:21:42.356089 7f420a8d2700            Options.table_factory: BlockBasedTable
2019/03/23-13:21:42.356115 7f420a8d2700            table_factory options:   flush_block_policy_factory: FlushBlockBySizePolicyFactory (0x7f416c3e46d0)
  cache_index_and_filter_blocks: 0
  cache_index_and_filter_blocks_with_high_priority: 0
  pin_l0_filter_and_index_blocks_in_cache: 0
  index_type: 0
  hash_index_allow_collision: 1
  checksum: 1
  no_block_cache: 0
  block_cache: 0x7f416c3d65b0
  block_cache_name: LRUCache
  block_cache_options:
    capacity : 8388608
    num_shard_bits : 4
    strict_capacity_limit : 0
    high_pri_pool_ratio: 0.000
  block_cache_compressed: (nil)
  persistent_cache: (nil)
  block_size: 8192
  block_size_deviation: 10
  block_restart_interval: 16
  index_block_restart_interval: 1
  metadata_block_size: 4096
  partition_filters: 0
  use_delta_encoding: 1
  filter_policy: nullptr
  whole_key_filtering: 1
  verify_compression: 0
  read_amp_bytes_per_bit: 0
  format_version: 2
  enable_index_compression: 1
  block_align: 0
2019/03/23-13:21:42.356128 7f420a8d2700        Options.write_buffer_size: 134217728
2019/03/23-13:21:42.356130 7f420a8d2700  Options.max_write_buffer_number: 24
2019/03/23-13:21:42.356131 7f420a8d2700        Options.compression[0]: NoCompression
2019/03/23-13:21:42.356133 7f420a8d2700        Options.compression[1]: NoCompression
2019/03/23-13:21:42.356134 7f420a8d2700        Options.compression[2]: LZ4
2019/03/23-13:21:42.356135 7f420a8d2700        Options.compression[3]: LZ4
2019/03/23-13:21:42.356136 7f420a8d2700        Options.compression[4]: LZ4
2019/03/23-13:21:42.356137 7f420a8d2700        Options.compression[5]: LZ4
2019/03/23-13:21:42.356138 7f420a8d2700        Options.compression[6]: LZ4
2019/03/23-13:21:42.356139 7f420a8d2700                  Options.bottommost_compression: Disabled
2019/03/23-13:21:42.356140 7f420a8d2700       Options.prefix_extractor: nullptr
2019/03/23-13:21:42.356141 7f420a8d2700   Options.memtable_insert_with_hint_prefix_extractor: nullptr
2019/03/23-13:21:42.356142 7f420a8d2700             Options.num_levels: 7
2019/03/23-13:21:42.356143 7f420a8d2700        Options.min_write_buffer_number_to_merge: 2
2019/03/23-13:21:42.356143 7f420a8d2700     Options.max_write_buffer_number_to_maintain: 0
2019/03/23-13:21:42.356144 7f420a8d2700            Options.compression_opts.window_bits: -14
2019/03/23-13:21:42.356145 7f420a8d2700                  Options.compression_opts.level: -1
2019/03/23-13:21:42.356146 7f420a8d2700               Options.compression_opts.strategy: 0
2019/03/23-13:21:42.356147 7f420a8d2700         Options.compression_opts.max_dict_bytes: 0
2019/03/23-13:21:42.356148 7f420a8d2700         Options.compression_opts.zstd_max_train_bytes: 0
2019/03/23-13:21:42.356149 7f420a8d2700      Options.level0_file_num_compaction_trigger: 2
2019/03/23-13:21:42.356149 7f420a8d2700          Options.level0_slowdown_writes_trigger: 20
2019/03/23-13:21:42.356150 7f420a8d2700              Options.level0_stop_writes_trigger: 36
2019/03/23-13:21:42.356151 7f420a8d2700                   Options.target_file_size_base: 67108864
2019/03/23-13:21:42.356152 7f420a8d2700             Options.target_file_size_multiplier: 1
2019/03/23-13:21:42.356153 7f420a8d2700                Options.max_bytes_for_level_base: 536870912
2019/03/23-13:21:42.356154 7f420a8d2700 Options.level_compaction_dynamic_level_bytes: 0
2019/03/23-13:21:42.356155 7f420a8d2700          Options.max_bytes_for_level_multiplier: 10.000000
2019/03/23-13:21:42.356158 7f420a8d2700 Options.max_bytes_for_level_multiplier_addtl[0]: 1
2019/03/23-13:21:42.356159 7f420a8d2700 Options.max_bytes_for_level_multiplier_addtl[1]: 1
2019/03/23-13:21:42.356160 7f420a8d2700 Options.max_bytes_for_level_multiplier_addtl[2]: 1
2019/03/23-13:21:42.356161 7f420a8d2700 Options.max_bytes_for_level_multiplier_addtl[3]: 1
2019/03/23-13:21:42.356162 7f420a8d2700 Options.max_bytes_for_level_multiplier_addtl[4]: 1
2019/03/23-13:21:42.356163 7f420a8d2700 Options.max_bytes_for_level_multiplier_addtl[5]: 1
2019/03/23-13:21:42.356163 7f420a8d2700 Options.max_bytes_for_level_multiplier_addtl[6]: 1
2019/03/23-13:21:42.356164 7f420a8d2700       Options.max_sequential_skip_in_iterations: 8
2019/03/23-13:21:42.356165 7f420a8d2700                    Options.max_compaction_bytes: 1677721600
2019/03/23-13:21:42.356172 7f420a8d2700                        Options.arena_block_size: 16777216
2019/03/23-13:21:42.356174 7f420a8d2700   Options.soft_pending_compaction_bytes_limit: 68719476736
2019/03/23-13:21:42.356174 7f420a8d2700   Options.hard_pending_compaction_bytes_limit: 274877906944
2019/03/23-13:21:42.356175 7f420a8d2700       Options.rate_limit_delay_max_milliseconds: 100
2019/03/23-13:21:42.356176 7f420a8d2700                Options.disable_auto_compactions: 0
2019/03/23-13:21:42.356178 7f420a8d2700                        Options.compaction_style: kCompactionStyleLevel
2019/03/23-13:21:42.356179 7f420a8d2700                          Options.compaction_pri: kByCompensatedSize
2019/03/23-13:21:42.356180 7f420a8d2700 Options.compaction_options_universal.size_ratio: 1
2019/03/23-13:21:42.356181 7f420a8d2700 Options.compaction_options_universal.min_merge_width: 2
2019/03/23-13:21:42.356182 7f420a8d2700 Options.compaction_options_universal.max_merge_width: 4294967295
2019/03/23-13:21:42.356183 7f420a8d2700 Options.compaction_options_universal.max_size_amplification_percent: 200
2019/03/23-13:21:42.356184 7f420a8d2700 Options.compaction_options_universal.compression_size_percent: -1
2019/03/23-13:21:42.356185 7f420a8d2700 Options.compaction_options_universal.stop_style: kCompactionStopStyleTotalSize
2019/03/23-13:21:42.356186 7f420a8d2700 Options.compaction_options_fifo.max_table_files_size: 1073741824
2019/03/23-13:21:42.356187 7f420a8d2700 Options.compaction_options_fifo.allow_compaction: 0
2019/03/23-13:21:42.356188 7f420a8d2700 Options.compaction_options_fifo.ttl: 0
2019/03/23-13:21:42.356188 7f420a8d2700                   Options.table_properties_collectors: 
2019/03/23-13:21:42.356189 7f420a8d2700                   Options.inplace_update_support: 0
2019/03/23-13:21:42.356190 7f420a8d2700                 Options.inplace_update_num_locks: 10000
2019/03/23-13:21:42.356191 7f420a8d2700               Options.memtable_prefix_bloom_size_ratio: 0.000000
2019/03/23-13:21:42.356193 7f420a8d2700   Options.memtable_huge_page_size: 0
2019/03/23-13:21:42.356194 7f420a8d2700                           Options.bloom_locality: 0
2019/03/23-13:21:42.356194 7f420a8d2700                    Options.max_successive_merges: 0
2019/03/23-13:21:42.356195 7f420a8d2700                Options.optimize_filters_for_hits: 0
2019/03/23-13:21:42.356196 7f420a8d2700                Options.paranoid_file_checks: 0
2019/03/23-13:21:42.356197 7f420a8d2700                Options.force_consistency_checks: 0
2019/03/23-13:21:42.356198 7f420a8d2700                Options.report_bg_io_stats: 0
2019/03/23-13:21:42.356199 7f420a8d2700                               Options.ttl: 0
2019/03/23-13:21:42.356669 7f420a8d2700 [db/column_family.cc:475] --------------- Options for column family [usertable]:
2019/03/23-13:21:42.356672 7f420a8d2700               Options.comparator: leveldb.BytewiseComparator
2019/03/23-13:21:42.356673 7f420a8d2700           Options.merge_operator: None
2019/03/23-13:21:42.356674 7f420a8d2700        Options.compaction_filter: None
2019/03/23-13:21:42.356675 7f420a8d2700        Options.compaction_filter_factory: None
2019/03/23-13:21:42.356676 7f420a8d2700         Options.memtable_factory: SkipListFactory
2019/03/23-13:21:42.356677 7f420a8d2700            Options.table_factory: BlockBasedTable
2019/03/23-13:21:42.356700 7f420a8d2700            table_factory options:   flush_block_policy_factory: FlushBlockBySizePolicyFactory (0x7f416c3e0e80)
  cache_index_and_filter_blocks: 0
  cache_index_and_filter_blocks_with_high_priority: 0
  pin_l0_filter_and_index_blocks_in_cache: 0
  index_type: 0
  hash_index_allow_collision: 1
  checksum: 1
  no_block_cache: 0
  block_cache: 0x7f416c3e6fe0
  block_cache_name: LRUCache
  block_cache_options:
    capacity : 8388608
    num_shard_bits : 4
    strict_capacity_limit : 0
    high_pri_pool_ratio: 0.000
  block_cache_compressed: (nil)
  persistent_cache: (nil)
  block_size: 8192
  block_size_deviation: 10
  block_restart_interval: 16
  index_block_restart_interval: 1
  metadata_block_size: 4096
  partition_filters: 0
  use_delta_encoding: 1
  filter_policy: nullptr
  whole_key_filtering: 1
  verify_compression: 0
  read_amp_bytes_per_bit: 0
  format_version: 2
  enable_index_compression: 1
  block_align: 0
2019/03/23-13:21:42.356711 7f420a8d2700        Options.write_buffer_size: 134217728
2019/03/23-13:21:42.356713 7f420a8d2700  Options.max_write_buffer_number: 24
2019/03/23-13:21:42.356714 7f420a8d2700        Options.compression[0]: NoCompression
2019/03/23-13:21:42.356715 7f420a8d2700        Options.compression[1]: NoCompression
2019/03/23-13:21:42.356716 7f420a8d2700        Options.compression[2]: LZ4
2019/03/23-13:21:42.356717 7f420a8d2700        Options.compression[3]: LZ4
2019/03/23-13:21:42.356718 7f420a8d2700        Options.compression[4]: LZ4
2019/03/23-13:21:42.356719 7f420a8d2700        Options.compression[5]: LZ4
2019/03/23-13:21:42.356720 7f420a8d2700        Options.compression[6]: LZ4
2019/03/23-13:21:42.356721 7f420a8d2700                  Options.bottommost_compression: Disabled
2019/03/23-13:21:42.356722 7f420a8d2700       Options.prefix_extractor: nullptr
2019/03/23-13:21:42.356723 7f420a8d2700   Options.memtable_insert_with_hint_prefix_extractor: nullptr
2019/03/23-13:21:42.356724 7f420a8d2700             Options.num_levels: 7
2019/03/23-13:21:42.356725 7f420a8d2700        Options.min_write_buffer_number_to_merge: 2
2019/03/23-13:21:42.356726 7f420a8d2700     Options.max_write_buffer_number_to_maintain: 0
2019/03/23-13:21:42.356726 7f420a8d2700            Options.compression_opts.window_bits: -14
2019/03/23-13:21:42.356727 7f420a8d2700                  Options.compression_opts.level: -1
2019/03/23-13:21:42.356728 7f420a8d2700               Options.compression_opts.strategy: 0
2019/03/23-13:21:42.356729 7f420a8d2700         Options.compression_opts.max_dict_bytes: 0
2019/03/23-13:21:42.356730 7f420a8d2700         Options.compression_opts.zstd_max_train_bytes: 0
2019/03/23-13:21:42.356731 7f420a8d2700      Options.level0_file_num_compaction_trigger: 2
2019/03/23-13:21:42.356732 7f420a8d2700          Options.level0_slowdown_writes_trigger: 20
2019/03/23-13:21:42.356732 7f420a8d2700              Options.level0_stop_writes_trigger: 36
2019/03/23-13:21:42.356733 7f420a8d2700                   Options.target_file_size_base: 67108864
2019/03/23-13:21:42.356734 7f420a8d2700             Options.target_file_size_multiplier: 1
2019/03/23-13:21:42.356735 7f420a8d2700                Options.max_bytes_for_level_base: 536870912
2019/03/23-13:21:42.356736 7f420a8d2700 Options.level_compaction_dynamic_level_bytes: 0
2019/03/23-13:21:42.356737 7f420a8d2700          Options.max_bytes_for_level_multiplier: 10.000000
2019/03/23-13:21:42.356739 7f420a8d2700 Options.max_bytes_for_level_multiplier_addtl[0]: 1
2019/03/23-13:21:42.356740 7f420a8d2700 Options.max_bytes_for_level_multiplier_addtl[1]: 1
2019/03/23-13:21:42.356741 7f420a8d2700 Options.max_bytes_for_level_multiplier_addtl[2]: 1
2019/03/23-13:21:42.356742 7f420a8d2700 Options.max_bytes_for_level_multiplier_addtl[3]: 1
2019/03/23-13:21:42.356742 7f420a8d2700 Options.max_bytes_for_level_multiplier_addtl[4]: 1
2019/03/23-13:21:42.356743 7f420a8d2700 Options.max_bytes_for_level_multiplier_addtl[5]: 1
2019/03/23-13:21:42.356744 7f420a8d2700 Options.max_bytes_for_level_multiplier_addtl[6]: 1
2019/03/23-13:21:42.356745 7f420a8d2700       Options.max_sequential_skip_in_iterations: 8
2019/03/23-13:21:42.356746 7f420a8d2700                    Options.max_compaction_bytes: 1677721600
2019/03/23-13:21:42.356747 7f420a8d2700                        Options.arena_block_size: 16777216
2019/03/23-13:21:42.356748 7f420a8d2700   Options.soft_pending_compaction_bytes_limit: 68719476736
2019/03/23-13:21:42.356749 7f420a8d2700   Options.hard_pending_compaction_bytes_limit: 274877906944
2019/03/23-13:21:42.356750 7f420a8d2700       Options.rate_limit_delay_max_milliseconds: 100
2019/03/23-13:21:42.356750 7f420a8d2700                Options.disable_auto_compactions: 0
2019/03/23-13:21:42.356751 7f420a8d2700                        Options.compaction_style: kCompactionStyleLevel
2019/03/23-13:21:42.356758 7f420a8d2700                          Options.compaction_pri: kByCompensatedSize
2019/03/23-13:21:42.356760 7f420a8d2700 Options.compaction_options_universal.size_ratio: 1
2019/03/23-13:21:42.356760 7f420a8d2700 Options.compaction_options_universal.min_merge_width: 2
2019/03/23-13:21:42.356761 7f420a8d2700 Options.compaction_options_universal.max_merge_width: 4294967295
2019/03/23-13:21:42.356762 7f420a8d2700 Options.compaction_options_universal.max_size_amplification_percent: 200
2019/03/23-13:21:42.356763 7f420a8d2700 Options.compaction_options_universal.compression_size_percent: -1
2019/03/23-13:21:42.356764 7f420a8d2700 Options.compaction_options_universal.stop_style: kCompactionStopStyleTotalSize
2019/03/23-13:21:42.356765 7f420a8d2700 Options.compaction_options_fifo.max_table_files_size: 1073741824
2019/03/23-13:21:42.356766 7f420a8d2700 Options.compaction_options_fifo.allow_compaction: 0
2019/03/23-13:21:42.356767 7f420a8d2700 Options.compaction_options_fifo.ttl: 0
2019/03/23-13:21:42.356768 7f420a8d2700                   Options.table_properties_collectors: 
2019/03/23-13:21:42.356769 7f420a8d2700                   Options.inplace_update_support: 0
2019/03/23-13:21:42.356769 7f420a8d2700                 Options.inplace_update_num_locks: 10000
2019/03/23-13:21:42.356770 7f420a8d2700               Options.memtable_prefix_bloom_size_ratio: 0.000000
2019/03/23-13:21:42.356772 7f420a8d2700   Options.memtable_huge_page_size: 0
2019/03/23-13:21:42.356773 7f420a8d2700                           Options.bloom_locality: 0
2019/03/23-13:21:42.356773 7f420a8d2700                    Options.max_successive_merges: 0
2019/03/23-13:21:42.356774 7f420a8d2700                Options.optimize_filters_for_hits: 0
2019/03/23-13:21:42.356775 7f420a8d2700                Options.paranoid_file_checks: 0
2019/03/23-13:21:42.356776 7f420a8d2700                Options.force_consistency_checks: 0
2019/03/23-13:21:42.356777 7f420a8d2700                Options.report_bg_io_stats: 0
2019/03/23-13:21:42.356778 7f420a8d2700                               Options.ttl: 0
2019/03/23-13:21:42.974535 7f420a8d2700 [db/version_set.cc:3361] Recovered from manifest file:/mnt/sdc/ycsb-rocksdb-data/MANIFEST-000004 succeeded,manifest_file_number is 4, next_file_number is 1385, last_sequence is 10397880, log_number is 0,prev_log_number is 0,max_column_family is 1,min_log_number_to_keep is 0
2019/03/23-13:21:42.974547 7f420a8d2700 [db/version_set.cc:3369] Column family [default] (ID 0), log number is 0
2019/03/23-13:21:42.974549 7f420a8d2700 [db/version_set.cc:3369] Column family [usertable] (ID 1), log number is 1378
2019/03/23-13:21:42.976630 7f420a8d2700 EVENT_LOG_v1 {"time_micros": 1553372502976610, "job": 1, "event": "recovery_started", "log_files": [1378, 1384, 1385]}
2019/03/23-13:21:42.976639 7f420a8d2700 [db/db_impl_open.cc:551] Recovering log #1378 mode 2
2019/03/23-13:21:43.313917 7f420a8d2700 [db/db_impl_open.cc:551] Recovering log #1384 mode 2
2019/03/23-13:21:43.904391 7f420a8d2700 EVENT_LOG_v1 {"time_micros": 1553372503904367, "cf_name": "usertable", "job": 1, "event": "table_file_creation", "file_number": 1385, "file_size": 129902324, "table_properties": {"data_size": 129321395, "index_size": 580007, "filter_size": 0, "raw_key_size": 752760, "raw_average_key_size": 24, "raw_value_size": 128471040, "raw_average_value_size": 4096, "num_data_blocks": 15683, "num_entries": 31365, "filter_policy_name": "", "kDeletedKeys": "0", "kMergeOperands": "0"}}
2019/03/23-13:21:44.214771 7f420a8d2700 [db/db_impl_open.cc:551] Recovering log #1385 mode 2
2019/03/23-13:21:44.793062 7f420a8d2700 EVENT_LOG_v1 {"time_micros": 1553372504793023, "cf_name": "usertable", "job": 1, "event": "table_file_creation", "file_number": 1386, "file_size": 129895355, "table_properties": {"data_size": 129317909, "index_size": 576524, "filter_size": 0, "raw_key_size": 752760, "raw_average_key_size": 24, "raw_value_size": 128471040, "raw_average_value_size": 4096, "num_data_blocks": 15683, "num_entries": 31365, "filter_policy_name": "", "kDeletedKeys": "0", "kMergeOperands": "0"}}
2019/03/23-13:21:44.794401 7f420a8d2700 [db/version_set.cc:2847] Creating manifest 1387
2019/03/23-13:21:44.885562 7f420a8d2700 EVENT_LOG_v1 {"time_micros": 1553372504885543, "cf_name": "usertable", "job": 1, "event": "table_file_creation", "file_number": 1388, "file_size": 332194, "table_properties": {"data_size": 329849, "index_size": 1431, "filter_size": 0, "raw_key_size": 1920, "raw_average_key_size": 24, "raw_value_size": 327680, "raw_average_value_size": 4096, "num_data_blocks": 40, "num_entries": 80, "filter_policy_name": "", "kDeletedKeys": "0", "kMergeOperands": "0"}}
2019/03/23-13:21:44.914940 7f420a8d2700 EVENT_LOG_v1 {"time_micros": 1553372504914931, "job": 1, "event": "recovery_finished"}
2019/03/23-13:21:44.915266 7f420a8d2700 [db/column_family.cc:837] [usertable] Increasing compaction threads because we have 4 level-0 files 
2019/03/23-13:21:44.988532 7f420a8d2700 [db/db_impl_open.cc:1219] DB pointer 0x7f416c3e30f0
2019/03/23-13:21:44.990489 7f411d7fa700 [WARN] [db/db_impl.cc:491] ------- DUMPING STATS -------
2019/03/23-13:21:44.990536 7f411d7fa700 [WARN] [db/db_impl.cc:492] 
** DB Stats **
Uptime(secs): 2.6 total, 2.6 interval
Cumulative writes: 0 writes, 0 keys, 0 commit groups, 0.0 writes per commit group, ingest: 0.00 GB, 0.00 MB/s
Cumulative WAL: 0 writes, 0 syncs, 0.00 writes per sync, written: 0.00 GB, 0.00 MB/s
Cumulative stall: 00:00:0.000 H:M:S, 0.0 percent
Interval writes: 0 writes, 0 keys, 0 commit groups, 0.0 writes per commit group, ingest: 0.00 MB, 0.00 MB/s
Interval WAL: 0 writes, 0 syncs, 0.00 writes per sync, written: 0.00 MB, 0.00 MB/s
Interval stall: 00:00:0.000 H:M:S, 0.0 percent

** Compaction Stats [default] **
Level    Files   Size     Score Read(GB)  Rn(GB) Rnp1(GB) Write(GB) Wnew(GB) Moved(GB) W-Amp Rd(MB/s) Wr(MB/s) Comp(sec) Comp(cnt) Avg(sec) KeyIn KeyDrop
----------------------------------------------------------------------------------------------------------------------------------------------------------
 Sum      0/0    0.00 KB   0.0      0.0     0.0      0.0       0.0      0.0       0.0   0.0      0.0      0.0         0         0    0.000       0      0
 Int      0/0    0.00 KB   0.0      0.0     0.0      0.0       0.0      0.0       0.0   0.0      0.0      0.0         0         0    0.000       0      0
Uptime(secs): 2.6 total, 2.6 interval
Flush(GB): cumulative 0.000, interval 0.000
AddFile(GB): cumulative 0.000, interval 0.000
AddFile(Total Files): cumulative 0, interval 0
AddFile(L0 Files): cumulative 0, interval 0
AddFile(Keys): cumulative 0, interval 0
Cumulative compaction: 0.00 GB write, 0.00 MB/s write, 0.00 GB read, 0.00 MB/s read, 0.0 seconds
Interval compaction: 0.00 GB write, 0.00 MB/s write, 0.00 GB read, 0.00 MB/s read, 0.0 seconds
Stalls(count): 0 level0_slowdown, 0 level0_slowdown_with_compaction, 0 level0_numfiles, 0 level0_numfiles_with_compaction, 0 stop for pending_compaction_bytes, 0 slowdown for pending_compaction_bytes, 0 memtable_compaction, 0 memtable_slowdown, interval 0 total count

** File Read Latency Histogram By Level [default] **

** Compaction Stats [usertable] **
Level    Files   Size     Score Read(GB)  Rn(GB) Rnp1(GB) Write(GB) Wnew(GB) Moved(GB) W-Amp Rd(MB/s) Wr(MB/s) Comp(sec) Comp(cnt) Avg(sec) KeyIn KeyDrop
----------------------------------------------------------------------------------------------------------------------------------------------------------
  L0      4/0   429.94 MB   2.0      0.0     0.0      0.0       0.2      0.2       0.0   1.0      0.0    241.2         1         3    0.343       0      0
  L1     10/0   454.81 MB   0.9      0.0     0.0      0.0       0.0      0.0       0.0   0.0      0.0      0.0         0         0    0.000       0      0
  L2    164/0    4.94 GB   1.0      0.0     0.0      0.0       0.0      0.0       0.0   0.0      0.0      0.0         0         0    0.000       0      0
  L3    549/0   34.38 GB   0.7      0.0     0.0      0.0       0.0      0.0       0.0   0.0      0.0      0.0         0         0    0.000       0      0
 Sum    727/0   40.18 GB   0.0      0.0     0.0      0.0       0.2      0.2       0.0   1.0      0.0    241.2         1         3    0.343       0      0
 Int      0/0    0.00 KB   0.0      0.0     0.0      0.0       0.2      0.2       0.0   1.0      0.0    241.2         1         3    0.343       0      0
Uptime(secs): 2.6 total, 2.6 interval
Flush(GB): cumulative 0.242, interval 0.242
AddFile(GB): cumulative 0.000, interval 0.000
AddFile(Total Files): cumulative 0, interval 0
AddFile(L0 Files): cumulative 0, interval 0
AddFile(Keys): cumulative 0, interval 0
Cumulative compaction: 0.24 GB write, 94.19 MB/s write, 0.00 GB read, 0.00 MB/s read, 1.0 seconds
Interval compaction: 0.24 GB write, 94.19 MB/s write, 0.00 GB read, 0.00 MB/s read, 1.0 seconds
Stalls(count): 0 level0_slowdown, 0 level0_slowdown_with_compaction, 0 level0_numfiles, 0 level0_numfiles_with_compaction, 0 stop for pending_compaction_bytes, 0 slowdown for pending_compaction_bytes, 0 memtable_compaction, 0 memtable_slowdown, interval 0 total count

** File Read Latency Histogram By Level [usertable] **

** Compaction Stats [default] **
Level    Files   Size     Score Read(GB)  Rn(GB) Rnp1(GB) Write(GB) Wnew(GB) Moved(GB) W-Amp Rd(MB/s) Wr(MB/s) Comp(sec) Comp(cnt) Avg(sec) KeyIn KeyDrop
----------------------------------------------------------------------------------------------------------------------------------------------------------
 Sum      0/0    0.00 KB   0.0      0.0     0.0      0.0       0.0      0.0       0.0   0.0      0.0      0.0         0         0    0.000       0      0
 Int      0/0    0.00 KB   0.0      0.0     0.0      0.0       0.0      0.0       0.0   0.0      0.0      0.0         0         0    0.000       0      0
Uptime(secs): 2.6 total, 0.0 interval
Flush(GB): cumulative 0.000, interval 0.000
AddFile(GB): cumulative 0.000, interval 0.000
AddFile(Total Files): cumulative 0, interval 0
AddFile(L0 Files): cumulative 0, interval 0
AddFile(Keys): cumulative 0, interval 0
Cumulative compaction: 0.00 GB write, 0.00 MB/s write, 0.00 GB read, 0.00 MB/s read, 0.0 seconds
Interval compaction: 0.00 GB write, 0.00 MB/s write, 0.00 GB read, 0.00 MB/s read, 0.0 seconds
Stalls(count): 0 level0_slowdown, 0 level0_slowdown_with_compaction, 0 level0_numfiles, 0 level0_numfiles_with_compaction, 0 stop for pending_compaction_bytes, 0 slowdown for pending_compaction_bytes, 0 memtable_compaction, 0 memtable_slowdown, interval 0 total count

** File Read Latency Histogram By Level [default] **

** Compaction Stats [usertable] **
Level    Files   Size     Score Read(GB)  Rn(GB) Rnp1(GB) Write(GB) Wnew(GB) Moved(GB) W-Amp Rd(MB/s) Wr(MB/s) Comp(sec) Comp(cnt) Avg(sec) KeyIn KeyDrop
----------------------------------------------------------------------------------------------------------------------------------------------------------
  L0      4/0   429.94 MB   2.0      0.0     0.0      0.0       0.2      0.2       0.0   1.0      0.0    241.2         1         3    0.343       0      0
  L1     10/0   454.81 MB   0.9      0.0     0.0      0.0       0.0      0.0       0.0   0.0      0.0      0.0         0         0    0.000       0      0
  L2    164/0    4.94 GB   1.0      0.0     0.0      0.0       0.0      0.0       0.0   0.0      0.0      0.0         0         0    0.000       0      0
  L3    549/0   34.38 GB   0.7      0.0     0.0      0.0       0.0      0.0       0.0   0.0      0.0      0.0         0         0    0.000       0      0
 Sum    727/0   40.18 GB   0.0      0.0     0.0      0.0       0.2      0.2       0.0   1.0      0.0    241.2         1         3    0.343       0      0
 Int      0/0    0.00 KB   0.0      0.0     0.0      0.0       0.0      0.0       0.0   0.0      0.0      0.0         0         0    0.000       0      0
Uptime(secs): 2.6 total, 0.0 interval
Flush(GB): cumulative 0.242, interval 0.000
AddFile(GB): cumulative 0.000, interval 0.000
AddFile(Total Files): cumulative 0, interval 0
AddFile(L0 Files): cumulative 0, interval 0
AddFile(Keys): cumulative 0, interval 0
Cumulative compaction: 0.24 GB write, 94.19 MB/s write, 0.00 GB read, 0.00 MB/s read, 1.0 seconds
Interval compaction: 0.00 GB write, 0.00 MB/s write, 0.00 GB read, 0.00 MB/s read, 0.0 seconds
Stalls(count): 0 level0_slowdown, 0 level0_slowdown_with_compaction, 0 level0_numfiles, 0 level0_numfiles_with_compaction, 0 stop for pending_compaction_bytes, 0 slowdown for pending_compaction_bytes, 0 memtable_compaction, 0 memtable_slowdown, interval 0 total count

** File Read Latency Histogram By Level [usertable] **
2019/03/23-13:21:44.990763 7f4209652700 (Original Log Time 2019/03/23-13:21:44.990734) [db/db_impl_compaction_flush.cc:1781] Compaction nothing to do
2019/03/23-13:21:45.020819 7f411d7fa700 (Original Log Time 2019/03/23-13:21:44.990684) [db/db_impl_compaction_flush.cc:1835] [usertable] Moving #610 to level-1 190692896 bytes
2019/03/23-13:21:45.020824 7f411d7fa700 (Original Log Time 2019/03/23-13:21:45.020712) EVENT_LOG_v1 {"time_micros": 1553372505020696, "job": 3, "event": "trivial_move", "destination_level": 1, "files": 1, "total_files_size": 190692896}
2019/03/23-13:21:45.020825 7f411d7fa700 (Original Log Time 2019/03/23-13:21:45.020726) [db/db_impl_compaction_flush.cc:1864] [usertable] Moved #1 files to level-1 190692896 bytes OK: base level 1 max bytes base 536870912 files[3 11 164 549 0 0 0] max score 1.50
2019/03/23-13:21:45.052782 7f411d7fa700 (Original Log Time 2019/03/23-13:21:45.020895) [db/db_impl_compaction_flush.cc:1835] [usertable] Moving #1385 to level-1 129902324 bytes
2019/03/23-13:21:45.052789 7f411d7fa700 (Original Log Time 2019/03/23-13:21:45.052667) EVENT_LOG_v1 {"time_micros": 1553372505052653, "job": 5, "event": "trivial_move", "destination_level": 1, "files": 1, "total_files_size": 129902324}
2019/03/23-13:21:45.052792 7f411d7fa700 (Original Log Time 2019/03/23-13:21:45.052682) [db/db_impl_compaction_flush.cc:1864] [usertable] Moved #1 files to level-1 129902324 bytes OK: base level 1 max bytes base 536870912 files[2 12 164 549 0 0 0] max score 1.49
2019/03/23-13:21:45.053120 7f411d7fa700 [db/compaction_job.cc:1531] [usertable] [JOB 6] Compacting 1@1 files to L2, score 1.49
2019/03/23-13:21:45.053133 7f411d7fa700 [db/compaction_job.cc:1535] [usertable] Compaction start summary: Base version 7 Base level 1, inputs: [610(181MB)]
2019/03/23-13:21:45.053170 7f411d7fa700 EVENT_LOG_v1 {"time_micros": 1553372505053144, "job": 6, "event": "compaction_started", "compaction_reason": "LevelMaxLevelSize", "files_L1": [610], "score": 1.48546, "input_data_size": 190692896}
2019/03/23-13:21:45.860532 7f411d7fa700 [db/compaction_job.cc:1211] [usertable] [JOB 6] Generated table #1392: 16279 keys, 67233556 bytes
2019/03/23-13:21:45.860596 7f411d7fa700 EVENT_LOG_v1 {"time_micros": 1553372505860563, "cf_name": "usertable", "job": 6, "event": "table_file_creation", "file_number": 1392, "file_size": 67233556, "table_properties": {"data_size": 67120139, "index_size": 300916, "filter_size": 0, "raw_key_size": 390696, "raw_average_key_size": 24, "raw_value_size": 66678784, "raw_average_value_size": 4096, "num_data_blocks": 8140, "num_entries": 16279, "filter_policy_name": "", "kDeletedKeys": "0", "kMergeOperands": "0"}}
2019/03/23-13:21:46.657631 7f411d7fa700 [db/compaction_job.cc:1211] [usertable] [JOB 6] Generated table #1393: 16279 keys, 67233398 bytes
2019/03/23-13:21:46.657673 7f411d7fa700 EVENT_LOG_v1 {"time_micros": 1553372506657653, "cf_name": "usertable", "job": 6, "event": "table_file_creation", "file_number": 1393, "file_size": 67233398, "table_properties": {"data_size": 67118331, "index_size": 299108, "filter_size": 0, "raw_key_size": 390696, "raw_average_key_size": 24, "raw_value_size": 66678784, "raw_average_value_size": 4096, "num_data_blocks": 8140, "num_entries": 16279, "filter_policy_name": "", "kDeletedKeys": "0", "kMergeOperands": "0"}}
2019/03/23-13:21:47.280707 7f411d7fa700 [db/compaction_job.cc:1211] [usertable] [JOB 6] Generated table #1394: 13485 keys, 55694285 bytes
2019/03/23-13:21:47.280754 7f411d7fa700 EVENT_LOG_v1 {"time_micros": 1553372507280734, "cf_name": "usertable", "job": 6, "event": "table_file_creation", "file_number": 1394, "file_size": 55694285, "table_properties": {"data_size": 55600168, "index_size": 249227, "filter_size": 0, "raw_key_size": 323640, "raw_average_key_size": 24, "raw_value_size": 55234560, "raw_average_value_size": 4096, "num_data_blocks": 6743, "num_entries": 13485, "filter_policy_name": "", "kDeletedKeys": "0", "kMergeOperands": "0"}}
2019/03/23-13:21:47.280840 7f411d7fa700 [db/compaction_job.cc:1287] [usertable] [JOB 6] Compacted 1@1 files to L2 => 190161239 bytes
2019/03/23-13:21:47.312586 7f411d7fa700 (Original Log Time 2019/03/23-13:21:47.312403) [db/compaction_job.cc:685] [usertable] compacted to: base level 1 max bytes base 536870912 files[2 11 167 549 0 0 0] max score 1.13, MB/sec: 85.6 rd, 85.4 wr, level 2, files in(1, 0) out(3) MB in(181.9, 0.0) out(181.4), read-write-amplify(2.0) write-amplify(1.0) OK, records in: 46043, records dropped: 0 output_compression: LZ4
2019/03/23-13:21:47.312599 7f411d7fa700 (Original Log Time 2019/03/23-13:21:47.312465) EVENT_LOG_v1 {"time_micros": 1553372507312445, "job": 6, "event": "compaction_finished", "compaction_time_micros": 2227609, "output_level": 2, "num_output_files": 3, "total_output_size": 190161239, "num_input_records": 46043, "num_output_records": 46043, "num_subcompactions": 1, "output_compression": "LZ4", "num_single_delete_mismatches": 0, "num_single_delete_fallthrough": 0, "lsm_state": [2, 11, 167, 549, 0, 0, 0]}
2019/03/23-13:21:47.312856 7f41fb7fe700 [db/compaction_job.cc:1531] [usertable] [JOB 7] Compacting 1@1 files to L2, score 1.13
2019/03/23-13:21:47.312865 7f41fb7fe700 [db/compaction_job.cc:1535] [usertable] Compaction start summary: Base version 8 Base level 1, inputs: [1385(123MB)]
2019/03/23-13:21:47.312899 7f41fb7fe700 EVENT_LOG_v1 {"time_micros": 1553372507312873, "job": 7, "event": "compaction_started", "compaction_reason": "LevelMaxLevelSize", "files_L1": [1385], "score": 1.13026, "input_data_size": 129902324}
2019/03/23-13:21:47.961272 7f41fb7fe700 [db/compaction_job.cc:1211] [usertable] [JOB 7] Generated table #1395: 16279 keys, 67233502 bytes
2019/03/23-13:21:47.961319 7f41fb7fe700 EVENT_LOG_v1 {"time_micros": 1553372507961293, "cf_name": "usertable", "job": 7, "event": "table_file_creation", "file_number": 1395, "file_size": 67233502, "table_properties": {"data_size": 67120139, "index_size": 300916, "filter_size": 0, "raw_key_size": 390696, "raw_average_key_size": 24, "raw_value_size": 66678784, "raw_average_value_size": 4096, "num_data_blocks": 8140, "num_entries": 16279, "filter_policy_name": "", "kDeletedKeys": "0", "kMergeOperands": "0"}}
2019/03/23-13:21:48.606861 7f41fb7fe700 [db/compaction_job.cc:1211] [usertable] [JOB 7] Generated table #1396: 15086 keys, 62306252 bytes
