2018/11/17-04:15:52.938917 7f19d914c700 RocksDB version: 5.14.3
2018/11/17-04:15:52.938987 7f19d914c700 Git sha rocksdb_build_git_sha:
2018/11/17-04:15:52.938990 7f19d914c700 Compile date Oct 15 2018
2018/11/17-04:15:52.938997 7f19d914c700 DB SUMMARY
2018/11/17-04:15:52.939132 7f19d914c700 CURRENT file:  CURRENT
2018/11/17-04:15:52.939134 7f19d914c700 IDENTITY file:  IDENTITY
2018/11/17-04:15:52.939140 7f19d914c700 MANIFEST file:  MANIFEST-000004 size: 8074 Bytes
2018/11/17-04:15:52.939143 7f19d914c700 SST files in /mnt/sdb/ycsb-rocksdb-data dir, Total Num: 35, files: 000014.sst 000020.sst 000070.sst 000071.sst 000072.sst 000073.sst 000074.sst 000075.sst 000082.sst 
2018/11/17-04:15:52.939150 7f19d914c700 Write Ahead Log file in /mnt/sdb/ycsb-rocksdb-data: 000210.log size: 124648829 ; 000212.log size: 102937487 ; 000216.log size: 119614371 ; 000218.log size: 120449091 ; 000219.log size: 123950098 ; 000221.log size: 125014895 ; 000222.log size: 124610344 ; 000224.log size: 124016814 ; 000226.log size: 123947704 ; 000228.log size: 124435753 ; 000229.log size: 124170754 ; 000231.log size: 123676709 ; 000232.log size: 123968302 ; 000234.log size: 125343257 ; 000235.log size: 122799457 ; 000237.log size: 67270868 ; 
2018/11/17-04:15:52.939154 7f19d914c700                         Options.error_if_exists: 0
2018/11/17-04:15:52.939156 7f19d914c700                       Options.create_if_missing: 1
2018/11/17-04:15:52.939157 7f19d914c700                         Options.paranoid_checks: 1
2018/11/17-04:15:52.939158 7f19d914c700                                     Options.env: 0x7f19d0ff73e0
2018/11/17-04:15:52.939159 7f19d914c700                                Options.info_log: 0x7f192c3cf880
2018/11/17-04:15:52.939159 7f19d914c700                Options.max_file_opening_threads: 16
2018/11/17-04:15:52.939160 7f19d914c700                              Options.statistics: (nil)
2018/11/17-04:15:52.939161 7f19d914c700                               Options.use_fsync: 0
2018/11/17-04:15:52.939162 7f19d914c700                       Options.max_log_file_size: 0
2018/11/17-04:15:52.939163 7f19d914c700                  Options.max_manifest_file_size: 18446744073709551615
2018/11/17-04:15:52.939164 7f19d914c700                   Options.log_file_time_to_roll: 0
2018/11/17-04:15:52.939165 7f19d914c700                       Options.keep_log_file_num: 1000
2018/11/17-04:15:52.939166 7f19d914c700                    Options.recycle_log_file_num: 0
2018/11/17-04:15:52.939167 7f19d914c700                         Options.allow_fallocate: 1
2018/11/17-04:15:52.939168 7f19d914c700                        Options.allow_mmap_reads: 0
2018/11/17-04:15:52.939169 7f19d914c700                       Options.allow_mmap_writes: 0
2018/11/17-04:15:52.939169 7f19d914c700                        Options.use_direct_reads: 0
2018/11/17-04:15:52.939170 7f19d914c700                        Options.use_direct_io_for_flush_and_compaction: 0
2018/11/17-04:15:52.939171 7f19d914c700          Options.create_missing_column_families: 1
2018/11/17-04:15:52.939172 7f19d914c700                              Options.db_log_dir: 
2018/11/17-04:15:52.939173 7f19d914c700                                 Options.wal_dir: /mnt/sdb/ycsb-rocksdb-data
2018/11/17-04:15:52.939174 7f19d914c700                Options.table_cache_numshardbits: 6
2018/11/17-04:15:52.939175 7f19d914c700                      Options.max_subcompactions: 4
2018/11/17-04:15:52.939176 7f19d914c700                  Options.max_background_flushes: 24
2018/11/17-04:15:52.939176 7f19d914c700                         Options.WAL_ttl_seconds: 0
2018/11/17-04:15:52.939177 7f19d914c700                       Options.WAL_size_limit_MB: 0
2018/11/17-04:15:52.939178 7f19d914c700             Options.manifest_preallocation_size: 4194304
2018/11/17-04:15:52.939191 7f19d914c700                     Options.is_fd_close_on_exec: 1
2018/11/17-04:15:52.939192 7f19d914c700                   Options.advise_random_on_open: 1
2018/11/17-04:15:52.939193 7f19d914c700                    Options.db_write_buffer_size: 0
2018/11/17-04:15:52.939194 7f19d914c700                    Options.write_buffer_manager: 0x7f192c3cc570
2018/11/17-04:15:52.939204 7f19d914c700         Options.access_hint_on_compaction_start: 1
2018/11/17-04:15:52.939206 7f19d914c700  Options.new_table_reader_for_compaction_inputs: 0
2018/11/17-04:15:52.939206 7f19d914c700           Options.random_access_max_buffer_size: 1048576
2018/11/17-04:15:52.939207 7f19d914c700                      Options.use_adaptive_mutex: 0
2018/11/17-04:15:52.939208 7f19d914c700                            Options.rate_limiter: (nil)
2018/11/17-04:15:52.939210 7f19d914c700     Options.sst_file_manager.rate_bytes_per_sec: 0
2018/11/17-04:15:52.939211 7f19d914c700                       Options.wal_recovery_mode: 2
2018/11/17-04:15:52.939211 7f19d914c700                  Options.enable_thread_tracking: 0
2018/11/17-04:15:52.939212 7f19d914c700                  Options.enable_pipelined_write: 1
2018/11/17-04:15:52.939213 7f19d914c700         Options.allow_concurrent_memtable_write: 1
2018/11/17-04:15:52.939214 7f19d914c700      Options.enable_write_thread_adaptive_yield: 1
2018/11/17-04:15:52.939215 7f19d914c700             Options.write_thread_max_yield_usec: 100
2018/11/17-04:15:52.939215 7f19d914c700            Options.write_thread_slow_yield_usec: 3
2018/11/17-04:15:52.939216 7f19d914c700                               Options.row_cache: None
2018/11/17-04:15:52.939217 7f19d914c700                              Options.wal_filter: None
2018/11/17-04:15:52.939218 7f19d914c700             Options.avoid_flush_during_recovery: 0
2018/11/17-04:15:52.939219 7f19d914c700             Options.allow_ingest_behind: 0
2018/11/17-04:15:52.939220 7f19d914c700             Options.preserve_deletes: 0
2018/11/17-04:15:52.939221 7f19d914c700             Options.two_write_queues: 0
2018/11/17-04:15:52.939221 7f19d914c700             Options.manual_wal_flush: 0
2018/11/17-04:15:52.939223 7f19d914c700             Options.max_background_jobs: 24
2018/11/17-04:15:52.939224 7f19d914c700             Options.max_background_compactions: 24
2018/11/17-04:15:52.939225 7f19d914c700             Options.avoid_flush_during_shutdown: 0
2018/11/17-04:15:52.939226 7f19d914c700           Options.writable_file_max_buffer_size: 1048576
2018/11/17-04:15:52.939227 7f19d914c700             Options.delayed_write_rate : 16777216
2018/11/17-04:15:52.939227 7f19d914c700             Options.max_total_wal_size: 0
2018/11/17-04:15:52.939228 7f19d914c700             Options.delete_obsolete_files_period_micros: 21600000000
2018/11/17-04:15:52.939229 7f19d914c700                   Options.stats_dump_period_sec: 60
2018/11/17-04:15:52.939230 7f19d914c700                          Options.max_open_files: -1
2018/11/17-04:15:52.939231 7f19d914c700                          Options.bytes_per_sync: 1048576
2018/11/17-04:15:52.939232 7f19d914c700                      Options.wal_bytes_per_sync: 0
2018/11/17-04:15:52.939233 7f19d914c700       Options.compaction_readahead_size: 0
2018/11/17-04:15:52.939234 7f19d914c700 Compression algorithms supported:
2018/11/17-04:15:52.939234 7f19d914c700 	kZSTDNotFinalCompression supported: 1
2018/11/17-04:15:52.939240 7f19d914c700 	kZSTD supported: 1
2018/11/17-04:15:52.939242 7f19d914c700 	kXpressCompression supported: 0
2018/11/17-04:15:52.939243 7f19d914c700 	kLZ4HCCompression supported: 1
2018/11/17-04:15:52.939244 7f19d914c700 	kLZ4Compression supported: 1
2018/11/17-04:15:52.939245 7f19d914c700 	kBZip2Compression supported: 1
2018/11/17-04:15:52.939245 7f19d914c700 	kZlibCompression supported: 1
2018/11/17-04:15:52.939246 7f19d914c700 	kSnappyCompression supported: 1
2018/11/17-04:15:52.939250 7f19d914c700 Fast CRC32 supported: Supported on x86
2018/11/17-04:15:52.939759 7f19d914c700 [db/version_set.cc:3085] Recovering from manifest file: MANIFEST-000004
2018/11/17-04:15:52.939847 7f19d914c700 [db/column_family.cc:475] --------------- Options for column family [default]:
2018/11/17-04:15:52.939851 7f19d914c700               Options.comparator: leveldb.BytewiseComparator
2018/11/17-04:15:52.939852 7f19d914c700           Options.merge_operator: None
2018/11/17-04:15:52.939853 7f19d914c700        Options.compaction_filter: None
2018/11/17-04:15:52.939865 7f19d914c700        Options.compaction_filter_factory: None
2018/11/17-04:15:52.939867 7f19d914c700         Options.memtable_factory: SkipListFactory
2018/11/17-04:15:52.939868 7f19d914c700            Options.table_factory: BlockBasedTable
2018/11/17-04:15:52.939891 7f19d914c700            table_factory options:   flush_block_policy_factory: FlushBlockBySizePolicyFactory (0x7f192c38f000)
  cache_index_and_filter_blocks: 0
  cache_index_and_filter_blocks_with_high_priority: 0
  pin_l0_filter_and_index_blocks_in_cache: 0
  index_type: 0
  hash_index_allow_collision: 1
  checksum: 1
  no_block_cache: 0
  block_cache: 0x7f192c389b00
  block_cache_name: LRUCache
  block_cache_options:
    capacity : 8388608
    num_shard_bits : 4
    strict_capacity_limit : 0
    high_pri_pool_ratio: 0.000
  block_cache_compressed: (nil)
  persistent_cache: (nil)
  block_size: 8192
  block_size_deviation: 10
  block_restart_interval: 16
  index_block_restart_interval: 1
  metadata_block_size: 4096
  partition_filters: 0
  use_delta_encoding: 1
  filter_policy: nullptr
  whole_key_filtering: 1
  verify_compression: 0
  read_amp_bytes_per_bit: 0
  format_version: 2
  enable_index_compression: 1
  block_align: 0
2018/11/17-04:15:52.939893 7f19d914c700        Options.write_buffer_size: 134217728
2018/11/17-04:15:52.939894 7f19d914c700  Options.max_write_buffer_number: 24
2018/11/17-04:15:52.939895 7f19d914c700        Options.compression[0]: NoCompression
2018/11/17-04:15:52.939896 7f19d914c700        Options.compression[1]: NoCompression
2018/11/17-04:15:52.939897 7f19d914c700        Options.compression[2]: LZ4
2018/11/17-04:15:52.939898 7f19d914c700        Options.compression[3]: LZ4
2018/11/17-04:15:52.939899 7f19d914c700        Options.compression[4]: LZ4
2018/11/17-04:15:52.939900 7f19d914c700        Options.compression[5]: LZ4
2018/11/17-04:15:52.939900 7f19d914c700        Options.compression[6]: LZ4
2018/11/17-04:15:52.939901 7f19d914c700                  Options.bottommost_compression: Disabled
2018/11/17-04:15:52.939902 7f19d914c700       Options.prefix_extractor: nullptr
2018/11/17-04:15:52.939903 7f19d914c700   Options.memtable_insert_with_hint_prefix_extractor: nullptr
2018/11/17-04:15:52.939904 7f19d914c700             Options.num_levels: 7
2018/11/17-04:15:52.939905 7f19d914c700        Options.min_write_buffer_number_to_merge: 2
2018/11/17-04:15:52.939906 7f19d914c700     Options.max_write_buffer_number_to_maintain: 0
2018/11/17-04:15:52.939907 7f19d914c700            Options.compression_opts.window_bits: -14
2018/11/17-04:15:52.939907 7f19d914c700                  Options.compression_opts.level: -1
2018/11/17-04:15:52.939908 7f19d914c700               Options.compression_opts.strategy: 0
2018/11/17-04:15:52.939909 7f19d914c700         Options.compression_opts.max_dict_bytes: 0
2018/11/17-04:15:52.939910 7f19d914c700         Options.compression_opts.zstd_max_train_bytes: 0
2018/11/17-04:15:52.939911 7f19d914c700      Options.level0_file_num_compaction_trigger: 2
2018/11/17-04:15:52.939912 7f19d914c700          Options.level0_slowdown_writes_trigger: 20
2018/11/17-04:15:52.939913 7f19d914c700              Options.level0_stop_writes_trigger: 36
2018/11/17-04:15:52.939913 7f19d914c700                   Options.target_file_size_base: 67108864
2018/11/17-04:15:52.939914 7f19d914c700             Options.target_file_size_multiplier: 1
2018/11/17-04:15:52.939915 7f19d914c700                Options.max_bytes_for_level_base: 536870912
2018/11/17-04:15:52.939916 7f19d914c700 Options.level_compaction_dynamic_level_bytes: 0
2018/11/17-04:15:52.939917 7f19d914c700          Options.max_bytes_for_level_multiplier: 10.000000
2018/11/17-04:15:52.939920 7f19d914c700 Options.max_bytes_for_level_multiplier_addtl[0]: 1
2018/11/17-04:15:52.939921 7f19d914c700 Options.max_bytes_for_level_multiplier_addtl[1]: 1
2018/11/17-04:15:52.939922 7f19d914c700 Options.max_bytes_for_level_multiplier_addtl[2]: 1
2018/11/17-04:15:52.939923 7f19d914c700 Options.max_bytes_for_level_multiplier_addtl[3]: 1
2018/11/17-04:15:52.939924 7f19d914c700 Options.max_bytes_for_level_multiplier_addtl[4]: 1
2018/11/17-04:15:52.939931 7f19d914c700 Options.max_bytes_for_level_multiplier_addtl[5]: 1
2018/11/17-04:15:52.939932 7f19d914c700 Options.max_bytes_for_level_multiplier_addtl[6]: 1
2018/11/17-04:15:52.939933 7f19d914c700       Options.max_sequential_skip_in_iterations: 8
2018/11/17-04:15:52.939934 7f19d914c700                    Options.max_compaction_bytes: 1677721600
2018/11/17-04:15:52.939935 7f19d914c700                        Options.arena_block_size: 16777216
2018/11/17-04:15:52.939935 7f19d914c700   Options.soft_pending_compaction_bytes_limit: 68719476736
2018/11/17-04:15:52.939936 7f19d914c700   Options.hard_pending_compaction_bytes_limit: 274877906944
2018/11/17-04:15:52.939937 7f19d914c700       Options.rate_limit_delay_max_milliseconds: 100
2018/11/17-04:15:52.939938 7f19d914c700                Options.disable_auto_compactions: 0
2018/11/17-04:15:52.939940 7f19d914c700                        Options.compaction_style: kCompactionStyleLevel
2018/11/17-04:15:52.939941 7f19d914c700                          Options.compaction_pri: kByCompensatedSize
2018/11/17-04:15:52.939942 7f19d914c700 Options.compaction_options_universal.size_ratio: 1
2018/11/17-04:15:52.939942 7f19d914c700 Options.compaction_options_universal.min_merge_width: 2
2018/11/17-04:15:52.939943 7f19d914c700 Options.compaction_options_universal.max_merge_width: 4294967295
2018/11/17-04:15:52.939944 7f19d914c700 Options.compaction_options_universal.max_size_amplification_percent: 200
2018/11/17-04:15:52.939945 7f19d914c700 Options.compaction_options_universal.compression_size_percent: -1
2018/11/17-04:15:52.939947 7f19d914c700 Options.compaction_options_universal.stop_style: kCompactionStopStyleTotalSize
2018/11/17-04:15:52.939947 7f19d914c700 Options.compaction_options_fifo.max_table_files_size: 1073741824
2018/11/17-04:15:52.939948 7f19d914c700 Options.compaction_options_fifo.allow_compaction: 0
2018/11/17-04:15:52.939949 7f19d914c700 Options.compaction_options_fifo.ttl: 0
2018/11/17-04:15:52.939950 7f19d914c700                   Options.table_properties_collectors: 
2018/11/17-04:15:52.939951 7f19d914c700                   Options.inplace_update_support: 0
2018/11/17-04:15:52.939952 7f19d914c700                 Options.inplace_update_num_locks: 10000
2018/11/17-04:15:52.939953 7f19d914c700               Options.memtable_prefix_bloom_size_ratio: 0.000000
2018/11/17-04:15:52.939954 7f19d914c700   Options.memtable_huge_page_size: 0
2018/11/17-04:15:52.939955 7f19d914c700                           Options.bloom_locality: 0
2018/11/17-04:15:52.939956 7f19d914c700                    Options.max_successive_merges: 0
2018/11/17-04:15:52.939957 7f19d914c700                Options.optimize_filters_for_hits: 0
2018/11/17-04:15:52.939958 7f19d914c700                Options.paranoid_file_checks: 0
2018/11/17-04:15:52.939959 7f19d914c700                Options.force_consistency_checks: 0
2018/11/17-04:15:52.939959 7f19d914c700                Options.report_bg_io_stats: 0
2018/11/17-04:15:52.939960 7f19d914c700                               Options.ttl: 0
2018/11/17-04:15:52.940254 7f19d914c700 [db/column_family.cc:475] --------------- Options for column family [usertable]:
2018/11/17-04:15:52.940258 7f19d914c700               Options.comparator: leveldb.BytewiseComparator
2018/11/17-04:15:52.940259 7f19d914c700           Options.merge_operator: None
2018/11/17-04:15:52.940259 7f19d914c700        Options.compaction_filter: None
2018/11/17-04:15:52.940260 7f19d914c700        Options.compaction_filter_factory: None
2018/11/17-04:15:52.940261 7f19d914c700         Options.memtable_factory: SkipListFactory
2018/11/17-04:15:52.940262 7f19d914c700            Options.table_factory: BlockBasedTable
2018/11/17-04:15:52.940286 7f19d914c700            table_factory options:   flush_block_policy_factory: FlushBlockBySizePolicyFactory (0x7f192c38efe0)
  cache_index_and_filter_blocks: 0
  cache_index_and_filter_blocks_with_high_priority: 0
  pin_l0_filter_and_index_blocks_in_cache: 0
  index_type: 0
  hash_index_allow_collision: 1
  checksum: 1
  no_block_cache: 0
  block_cache: 0x7f192c397140
  block_cache_name: LRUCache
  block_cache_options:
    capacity : 8388608
    num_shard_bits : 4
    strict_capacity_limit : 0
    high_pri_pool_ratio: 0.000
  block_cache_compressed: (nil)
  persistent_cache: (nil)
  block_size: 8192
  block_size_deviation: 10
  block_restart_interval: 16
  index_block_restart_interval: 1
  metadata_block_size: 4096
  partition_filters: 0
  use_delta_encoding: 1
  filter_policy: nullptr
  whole_key_filtering: 1
  verify_compression: 0
  read_amp_bytes_per_bit: 0
  format_version: 2
  enable_index_compression: 1
  block_align: 0
2018/11/17-04:15:52.940297 7f19d914c700        Options.write_buffer_size: 134217728
2018/11/17-04:15:52.940298 7f19d914c700  Options.max_write_buffer_number: 24
2018/11/17-04:15:52.940299 7f19d914c700        Options.compression[0]: NoCompression
2018/11/17-04:15:52.940300 7f19d914c700        Options.compression[1]: NoCompression
2018/11/17-04:15:52.940301 7f19d914c700        Options.compression[2]: LZ4
2018/11/17-04:15:52.940302 7f19d914c700        Options.compression[3]: LZ4
2018/11/17-04:15:52.940303 7f19d914c700        Options.compression[4]: LZ4
2018/11/17-04:15:52.940304 7f19d914c700        Options.compression[5]: LZ4
2018/11/17-04:15:52.940305 7f19d914c700        Options.compression[6]: LZ4
2018/11/17-04:15:52.940306 7f19d914c700                  Options.bottommost_compression: Disabled
2018/11/17-04:15:52.940306 7f19d914c700       Options.prefix_extractor: nullptr
2018/11/17-04:15:52.940307 7f19d914c700   Options.memtable_insert_with_hint_prefix_extractor: nullptr
2018/11/17-04:15:52.940308 7f19d914c700             Options.num_levels: 7
2018/11/17-04:15:52.940309 7f19d914c700        Options.min_write_buffer_number_to_merge: 2
2018/11/17-04:15:52.940310 7f19d914c700     Options.max_write_buffer_number_to_maintain: 0
2018/11/17-04:15:52.940311 7f19d914c700            Options.compression_opts.window_bits: -14
2018/11/17-04:15:52.940312 7f19d914c700                  Options.compression_opts.level: -1
2018/11/17-04:15:52.940312 7f19d914c700               Options.compression_opts.strategy: 0
2018/11/17-04:15:52.940313 7f19d914c700         Options.compression_opts.max_dict_bytes: 0
2018/11/17-04:15:52.940314 7f19d914c700         Options.compression_opts.zstd_max_train_bytes: 0
2018/11/17-04:15:52.940315 7f19d914c700      Options.level0_file_num_compaction_trigger: 2
2018/11/17-04:15:52.940316 7f19d914c700          Options.level0_slowdown_writes_trigger: 20
2018/11/17-04:15:52.940317 7f19d914c700              Options.level0_stop_writes_trigger: 36
2018/11/17-04:15:52.940317 7f19d914c700                   Options.target_file_size_base: 67108864
2018/11/17-04:15:52.940318 7f19d914c700             Options.target_file_size_multiplier: 1
2018/11/17-04:15:52.940319 7f19d914c700                Options.max_bytes_for_level_base: 536870912
2018/11/17-04:15:52.940320 7f19d914c700 Options.level_compaction_dynamic_level_bytes: 0
2018/11/17-04:15:52.940321 7f19d914c700          Options.max_bytes_for_level_multiplier: 10.000000
2018/11/17-04:15:52.940323 7f19d914c700 Options.max_bytes_for_level_multiplier_addtl[0]: 1
2018/11/17-04:15:52.940324 7f19d914c700 Options.max_bytes_for_level_multiplier_addtl[1]: 1
2018/11/17-04:15:52.940325 7f19d914c700 Options.max_bytes_for_level_multiplier_addtl[2]: 1
2018/11/17-04:15:52.940325 7f19d914c700 Options.max_bytes_for_level_multiplier_addtl[3]: 1
2018/11/17-04:15:52.940326 7f19d914c700 Options.max_bytes_for_level_multiplier_addtl[4]: 1
2018/11/17-04:15:52.940327 7f19d914c700 Options.max_bytes_for_level_multiplier_addtl[5]: 1
2018/11/17-04:15:52.940328 7f19d914c700 Options.max_bytes_for_level_multiplier_addtl[6]: 1
2018/11/17-04:15:52.940329 7f19d914c700       Options.max_sequential_skip_in_iterations: 8
2018/11/17-04:15:52.940330 7f19d914c700                    Options.max_compaction_bytes: 1677721600
2018/11/17-04:15:52.940330 7f19d914c700                        Options.arena_block_size: 16777216
2018/11/17-04:15:52.940331 7f19d914c700   Options.soft_pending_compaction_bytes_limit: 68719476736
2018/11/17-04:15:52.940337 7f19d914c700   Options.hard_pending_compaction_bytes_limit: 274877906944
2018/11/17-04:15:52.940339 7f19d914c700       Options.rate_limit_delay_max_milliseconds: 100
2018/11/17-04:15:52.940339 7f19d914c700                Options.disable_auto_compactions: 0
2018/11/17-04:15:52.940341 7f19d914c700                        Options.compaction_style: kCompactionStyleLevel
2018/11/17-04:15:52.940342 7f19d914c700                          Options.compaction_pri: kByCompensatedSize
2018/11/17-04:15:52.940343 7f19d914c700 Options.compaction_options_universal.size_ratio: 1
2018/11/17-04:15:52.940343 7f19d914c700 Options.compaction_options_universal.min_merge_width: 2
2018/11/17-04:15:52.940344 7f19d914c700 Options.compaction_options_universal.max_merge_width: 4294967295
2018/11/17-04:15:52.940345 7f19d914c700 Options.compaction_options_universal.max_size_amplification_percent: 200
2018/11/17-04:15:52.940346 7f19d914c700 Options.compaction_options_universal.compression_size_percent: -1
2018/11/17-04:15:52.940347 7f19d914c700 Options.compaction_options_universal.stop_style: kCompactionStopStyleTotalSize
2018/11/17-04:15:52.940348 7f19d914c700 Options.compaction_options_fifo.max_table_files_size: 1073741824
2018/11/17-04:15:52.940349 7f19d914c700 Options.compaction_options_fifo.allow_compaction: 0
2018/11/17-04:15:52.940349 7f19d914c700 Options.compaction_options_fifo.ttl: 0
2018/11/17-04:15:52.940350 7f19d914c700                   Options.table_properties_collectors: 
2018/11/17-04:15:52.940351 7f19d914c700                   Options.inplace_update_support: 0
2018/11/17-04:15:52.940352 7f19d914c700                 Options.inplace_update_num_locks: 10000
2018/11/17-04:15:52.940353 7f19d914c700               Options.memtable_prefix_bloom_size_ratio: 0.000000
2018/11/17-04:15:52.940354 7f19d914c700   Options.memtable_huge_page_size: 0
2018/11/17-04:15:52.940355 7f19d914c700                           Options.bloom_locality: 0
2018/11/17-04:15:52.940356 7f19d914c700                    Options.max_successive_merges: 0
2018/11/17-04:15:52.940357 7f19d914c700                Options.optimize_filters_for_hits: 0
2018/11/17-04:15:52.940358 7f19d914c700                Options.paranoid_file_checks: 0
2018/11/17-04:15:52.940359 7f19d914c700                Options.force_consistency_checks: 0
2018/11/17-04:15:52.940359 7f19d914c700                Options.report_bg_io_stats: 0
2018/11/17-04:15:52.940360 7f19d914c700                               Options.ttl: 0
2018/11/17-04:15:53.113987 7f19d914c700 [db/version_set.cc:3361] Recovered from manifest file:/mnt/sdb/ycsb-rocksdb-data/MANIFEST-000004 succeeded,manifest_file_number is 4, next_file_number is 216, last_sequence is 3503104, log_number is 0,prev_log_number is 0,max_column_family is 1,min_log_number_to_keep is 0
2018/11/17-04:15:53.114003 7f19d914c700 [db/version_set.cc:3369] Column family [default] (ID 0), log number is 0
2018/11/17-04:15:53.114005 7f19d914c700 [db/version_set.cc:3369] Column family [usertable] (ID 1), log number is 210
2018/11/17-04:15:53.126842 7f19d914c700 EVENT_LOG_v1 {"time_micros": 1542456953126825, "job": 1, "event": "recovery_started", "log_files": [210, 212, 216, 218, 219, 221, 222, 224, 226, 228, 229, 231, 232, 234, 235, 237]}
2018/11/17-04:15:53.126851 7f19d914c700 [db/db_impl_open.cc:551] Recovering log #210 mode 2
2018/11/17-04:15:53.486734 7f19d914c700 [db/db_impl_open.cc:551] Recovering log #212 mode 2
2018/11/17-04:15:53.989476 7f19d914c700 EVENT_LOG_v1 {"time_micros": 1542456953989452, "cf_name": "usertable", "job": 1, "event": "table_file_creation", "file_number": 216, "file_size": 129943740, "table_properties": {"data_size": 129362626, "index_size": 580192, "filter_size": 0, "raw_key_size": 753000, "raw_average_key_size": 24, "raw_value_size": 128512000, "raw_average_value_size": 4096, "num_data_blocks": 15688, "num_entries": 31375, "filter_policy_name": "", "kDeletedKeys": "0", "kMergeOperands": "0"}}
2018/11/17-04:15:54.276885 7f19d914c700 [db/db_impl_open.cc:551] Recovering log #216 mode 2
2018/11/17-04:15:56.532397 7f19d914c700 EVENT_LOG_v1 {"time_micros": 1542456956532376, "cf_name": "usertable", "job": 1, "event": "table_file_creation", "file_number": 217, "file_size": 129907745, "table_properties": {"data_size": 129330264, "index_size": 576559, "filter_size": 0, "raw_key_size": 752832, "raw_average_key_size": 24, "raw_value_size": 128483328, "raw_average_value_size": 4096, "num_data_blocks": 15684, "num_entries": 31368, "filter_policy_name": "", "kDeletedKeys": "0", "kMergeOperands": "0"}}
2018/11/17-04:15:57.203763 7f19d914c700 [db/db_impl_open.cc:551] Recovering log #218 mode 2
2018/11/17-04:15:57.963570 7f19d914c700 EVENT_LOG_v1 {"time_micros": 1542456957963546, "cf_name": "usertable", "job": 1, "event": "table_file_creation", "file_number": 219, "file_size": 129895354, "table_properties": {"data_size": 129317909, "index_size": 576523, "filter_size": 0, "raw_key_size": 752760, "raw_average_key_size": 24, "raw_value_size": 128471040, "raw_average_value_size": 4096, "num_data_blocks": 15683, "num_entries": 31365, "filter_policy_name": "", "kDeletedKeys": "0", "kMergeOperands": "0"}}
2018/11/17-04:15:58.189719 7f19d914c700 [db/db_impl_open.cc:551] Recovering log #219 mode 2
2018/11/17-04:16:00.165196 7f19d914c700 EVENT_LOG_v1 {"time_micros": 1542456960165171, "cf_name": "usertable", "job": 1, "event": "table_file_creation", "file_number": 220, "file_size": 129914717, "table_properties": {"data_size": 129333751, "index_size": 580044, "filter_size": 0, "raw_key_size": 752832, "raw_average_key_size": 24, "raw_value_size": 128483328, "raw_average_value_size": 4096, "num_data_blocks": 15684, "num_entries": 31368, "filter_policy_name": "", "kDeletedKeys": "0", "kMergeOperands": "0"}}
2018/11/17-04:16:00.760359 7f19d914c700 [db/db_impl_open.cc:551] Recovering log #221 mode 2
2018/11/17-04:16:01.978493 7f19d914c700 EVENT_LOG_v1 {"time_micros": 1542456961978470, "cf_name": "usertable", "job": 1, "event": "table_file_creation", "file_number": 222, "file_size": 129918889, "table_properties": {"data_size": 129337886, "index_size": 580081, "filter_size": 0, "raw_key_size": 752856, "raw_average_key_size": 24, "raw_value_size": 128487424, "raw_average_value_size": 4096, "num_data_blocks": 15685, "num_entries": 31369, "filter_policy_name": "", "kDeletedKeys": "0", "kMergeOperands": "0"}}
2018/11/17-04:16:02.575069 7f19d914c700 [db/db_impl_open.cc:551] Recovering log #222 mode 2
2018/11/17-04:16:03.579966 7f19d914c700 EVENT_LOG_v1 {"time_micros": 1542456963579942, "cf_name": "usertable", "job": 1, "event": "table_file_creation", "file_number": 223, "file_size": 129895354, "table_properties": {"data_size": 129317909, "index_size": 576523, "filter_size": 0, "raw_key_size": 752760, "raw_average_key_size": 24, "raw_value_size": 128471040, "raw_average_value_size": 4096, "num_data_blocks": 15683, "num_entries": 31365, "filter_policy_name": "", "kDeletedKeys": "0", "kMergeOperands": "0"}}
2018/11/17-04:16:03.764031 7f19d914c700 [db/db_impl_open.cc:551] Recovering log #224 mode 2
2018/11/17-04:16:04.770909 7f19d914c700 EVENT_LOG_v1 {"time_micros": 1542456964770886, "cf_name": "usertable", "job": 1, "event": "table_file_creation", "file_number": 225, "file_size": 129918890, "table_properties": {"data_size": 129337887, "index_size": 580081, "filter_size": 0, "raw_key_size": 752856, "raw_average_key_size": 24, "raw_value_size": 128487424, "raw_average_value_size": 4096, "num_data_blocks": 15685, "num_entries": 31369, "filter_policy_name": "", "kDeletedKeys": "0", "kMergeOperands": "0"}}
2018/11/17-04:16:05.261356 7f19d914c700 [db/db_impl_open.cc:551] Recovering log #226 mode 2
2018/11/17-04:16:07.122188 7f19d914c700 EVENT_LOG_v1 {"time_micros": 1542456967122166, "cf_name": "usertable", "job": 1, "event": "table_file_creation", "file_number": 227, "file_size": 129907745, "table_properties": {"data_size": 129330264, "index_size": 576559, "filter_size": 0, "raw_key_size": 752832, "raw_average_key_size": 24, "raw_value_size": 128483328, "raw_average_value_size": 4096, "num_data_blocks": 15684, "num_entries": 31368, "filter_policy_name": "", "kDeletedKeys": "0", "kMergeOperands": "0"}}
2018/11/17-04:16:07.455857 7f19d914c700 [db/db_impl_open.cc:551] Recovering log #228 mode 2
2018/11/17-04:16:08.931814 7f19d914c700 EVENT_LOG_v1 {"time_micros": 1542456968931790, "cf_name": "usertable", "job": 1, "event": "table_file_creation", "file_number": 229, "file_size": 129899462, "table_properties": {"data_size": 129322018, "index_size": 576522, "filter_size": 0, "raw_key_size": 752784, "raw_average_key_size": 24, "raw_value_size": 128475136, "raw_average_value_size": 4096, "num_data_blocks": 15683, "num_entries": 31366, "filter_policy_name": "", "kDeletedKeys": "0", "kMergeOperands": "0"}}
2018/11/17-04:16:09.301882 7f19d914c700 [db/db_impl_open.cc:551] Recovering log #229 mode 2
2018/11/17-04:16:11.164049 7f19d914c700 EVENT_LOG_v1 {"time_micros": 1542456971164023, "cf_name": "usertable", "job": 1, "event": "table_file_creation", "file_number": 230, "file_size": 129911918, "table_properties": {"data_size": 129334401, "index_size": 576595, "filter_size": 0, "raw_key_size": 752856, "raw_average_key_size": 24, "raw_value_size": 128487424, "raw_average_value_size": 4096, "num_data_blocks": 15685, "num_entries": 31369, "filter_policy_name": "", "kDeletedKeys": "0", "kMergeOperands": "0"}}
2018/11/17-04:16:11.289553 7f19d914c700 [db/db_impl_open.cc:551] Recovering log #231 mode 2
2018/11/17-04:16:12.385893 7f19d914c700 EVENT_LOG_v1 {"time_micros": 1542456972385869, "cf_name": "usertable", "job": 1, "event": "table_file_creation", "file_number": 232, "file_size": 129902323, "table_properties": {"data_size": 129321394, "index_size": 580007, "filter_size": 0, "raw_key_size": 752760, "raw_average_key_size": 24, "raw_value_size": 128471040, "raw_average_value_size": 4096, "num_data_blocks": 15683, "num_entries": 31365, "filter_policy_name": "", "kDeletedKeys": "0", "kMergeOperands": "0"}}
2018/11/17-04:16:12.641209 7f19d914c700 [db/db_impl_open.cc:551] Recovering log #232 mode 2
2018/11/17-04:16:13.793420 7f19d914c700 EVENT_LOG_v1 {"time_micros": 1542456973793392, "cf_name": "usertable", "job": 1, "event": "table_file_creation", "file_number": 233, "file_size": 129895352, "table_properties": {"data_size": 129317909, "index_size": 576521, "filter_size": 0, "raw_key_size": 752760, "raw_average_key_size": 24, "raw_value_size": 128471040, "raw_average_value_size": 4096, "num_data_blocks": 15683, "num_entries": 31365, "filter_policy_name": "", "kDeletedKeys": "0", "kMergeOperands": "0"}}
2018/11/17-04:16:13.889521 7f19d914c700 [db/db_impl_open.cc:551] Recovering log #234 mode 2
2018/11/17-04:16:16.079127 7f19d914c700 EVENT_LOG_v1 {"time_micros": 1542456976079104, "cf_name": "usertable", "job": 1, "event": "table_file_creation", "file_number": 235, "file_size": 129910605, "table_properties": {"data_size": 129329639, "index_size": 580044, "filter_size": 0, "raw_key_size": 752808, "raw_average_key_size": 24, "raw_value_size": 128479232, "raw_average_value_size": 4096, "num_data_blocks": 15684, "num_entries": 31367, "filter_policy_name": "", "kDeletedKeys": "0", "kMergeOperands": "0"}}
2018/11/17-04:16:16.328659 7f19d914c700 [db/db_impl_open.cc:551] Recovering log #235 mode 2
2018/11/17-04:16:17.710434 7f19d914c700 EVENT_LOG_v1 {"time_micros": 1542456977710409, "cf_name": "usertable", "job": 1, "event": "table_file_creation", "file_number": 236, "file_size": 129907746, "table_properties": {"data_size": 129330264, "index_size": 576560, "filter_size": 0, "raw_key_size": 752832, "raw_average_key_size": 24, "raw_value_size": 128483328, "raw_average_value_size": 4096, "num_data_blocks": 15684, "num_entries": 31368, "filter_policy_name": "", "kDeletedKeys": "0", "kMergeOperands": "0"}}
2018/11/17-04:16:17.777358 7f19d914c700 [db/db_impl_open.cc:551] Recovering log #237 mode 2
2018/11/17-04:16:17.966988 7f19d914c700 [db/version_set.cc:2847] Creating manifest 239
2018/11/17-04:16:19.752935 7f19d914c700 EVENT_LOG_v1 {"time_micros": 1542456979752910, "cf_name": "usertable", "job": 1, "event": "table_file_creation", "file_number": 240, "file_size": 91372153, "table_properties": {"data_size": 90965763, "index_size": 405468, "filter_size": 0, "raw_key_size": 529512, "raw_average_key_size": 24, "raw_value_size": 90370048, "raw_average_value_size": 4096, "num_data_blocks": 11032, "num_entries": 22063, "filter_policy_name": "", "kDeletedKeys": "0", "kMergeOperands": "0"}}
2018/11/17-04:16:19.904562 7f19d914c700 EVENT_LOG_v1 {"time_micros": 1542456979904557, "job": 1, "event": "recovery_finished"}
2018/11/17-04:16:19.904776 7f19d914c700 [WARN] [db/column_family.cc:799] [usertable] Stalling writes because we have 28 level-0 files rate 16777216
2018/11/17-04:16:20.417417 7f19d914c700 [db/db_impl_open.cc:1219] DB pointer 0x7f192c3ce910
2018/11/17-04:16:20.417827 7f19cbfff700 [WARN] [db/db_impl.cc:491] ------- DUMPING STATS -------
2018/11/17-04:16:20.417887 7f19cbfff700 [WARN] [db/db_impl.cc:492] 
** DB Stats **
Uptime(secs): 27.5 total, 27.5 interval
Cumulative writes: 0 writes, 0 keys, 0 commit groups, 0.0 writes per commit group, ingest: 0.00 GB, 0.00 MB/s
Cumulative WAL: 0 writes, 0 syncs, 0.00 writes per sync, written: 0.00 GB, 0.00 MB/s
Cumulative stall: 00:00:0.000 H:M:S, 0.0 percent
Interval writes: 0 writes, 0 keys, 0 commit groups, 0.0 writes per commit group, ingest: 0.00 MB, 0.00 MB/s
Interval WAL: 0 writes, 0 syncs, 0.00 writes per sync, written: 0.00 MB, 0.00 MB/s
Interval stall: 00:00:0.000 H:M:S, 0.0 percent

** Compaction Stats [default] **
Level    Files   Size     Score Read(GB)  Rn(GB) Rnp1(GB) Write(GB) Wnew(GB) Moved(GB) W-Amp Rd(MB/s) Wr(MB/s) Comp(sec) Comp(cnt) Avg(sec) KeyIn KeyDrop
----------------------------------------------------------------------------------------------------------------------------------------------------------
 Sum      0/0    0.00 KB   0.0      0.0     0.0      0.0       0.0      0.0       0.0   0.0      0.0      0.0         0         0    0.000       0      0
 Int      0/0    0.00 KB   0.0      0.0     0.0      0.0       0.0      0.0       0.0   0.0      0.0      0.0         0         0    0.000       0      0
Uptime(secs): 27.5 total, 27.5 interval
Flush(GB): cumulative 0.000, interval 0.000
AddFile(GB): cumulative 0.000, interval 0.000
AddFile(Total Files): cumulative 0, interval 0
AddFile(L0 Files): cumulative 0, interval 0
AddFile(Keys): cumulative 0, interval 0
Cumulative compaction: 0.00 GB write, 0.00 MB/s write, 0.00 GB read, 0.00 MB/s read, 0.0 seconds
Interval compaction: 0.00 GB write, 0.00 MB/s write, 0.00 GB read, 0.00 MB/s read, 0.0 seconds
Stalls(count): 0 level0_slowdown, 0 level0_slowdown_with_compaction, 0 level0_numfiles, 0 level0_numfiles_with_compaction, 0 stop for pending_compaction_bytes, 0 slowdown for pending_compaction_bytes, 0 memtable_compaction, 0 memtable_slowdown, interval 0 total count

** File Read Latency Histogram By Level [default] **

** Compaction Stats [usertable] **
Level    Files   Size     Score Read(GB)  Rn(GB) Rnp1(GB) Write(GB) Wnew(GB) Moved(GB) W-Amp Rd(MB/s) Wr(MB/s) Comp(sec) Comp(cnt) Avg(sec) KeyIn KeyDrop
----------------------------------------------------------------------------------------------------------------------------------------------------------
  L0     28/0   13.49 GB  27.0      0.0     0.0      0.0       1.8      1.8       0.0   1.0      0.0    110.7        16        15    1.097       0      0
  L1      2/0   471.66 MB   0.9      0.0     0.0      0.0       0.0      0.0       0.0   0.0      0.0      0.0         0         0    0.000       0      0
  L2     20/0    1.16 GB   0.2      0.0     0.0      0.0       0.0      0.0       0.0   0.0      0.0      0.0         0         0    0.000       0      0
 Sum     50/0   15.11 GB   0.0      0.0     0.0      0.0       1.8      1.8       0.0   1.0      0.0    110.7        16        15    1.097       0      0
 Int      0/0    0.00 KB   0.0      0.0     0.0      0.0       1.8      1.8       0.0   1.0      0.0    110.7        16        15    1.097       0      0
Uptime(secs): 27.5 total, 27.5 interval
Flush(GB): cumulative 1.779, interval 1.779
AddFile(GB): cumulative 0.000, interval 0.000
AddFile(Total Files): cumulative 0, interval 0
AddFile(L0 Files): cumulative 0, interval 0
AddFile(Keys): cumulative 0, interval 0
Cumulative compaction: 1.78 GB write, 66.29 MB/s write, 0.00 GB read, 0.00 MB/s read, 16.5 seconds
Interval compaction: 1.78 GB write, 66.29 MB/s write, 0.00 GB read, 0.00 MB/s read, 16.5 seconds
Stalls(count): 1 level0_slowdown, 0 level0_slowdown_with_compaction, 0 level0_numfiles, 0 level0_numfiles_with_compaction, 0 stop for pending_compaction_bytes, 0 slowdown for pending_compaction_bytes, 0 memtable_compaction, 0 memtable_slowdown, interval 1 total count

** File Read Latency Histogram By Level [usertable] **

** Compaction Stats [default] **
Level    Files   Size     Score Read(GB)  Rn(GB) Rnp1(GB) Write(GB) Wnew(GB) Moved(GB) W-Amp Rd(MB/s) Wr(MB/s) Comp(sec) Comp(cnt) Avg(sec) KeyIn KeyDrop
----------------------------------------------------------------------------------------------------------------------------------------------------------
 Sum      0/0    0.00 KB   0.0      0.0     0.0      0.0       0.0      0.0       0.0   0.0      0.0      0.0         0         0    0.000       0      0
 Int      0/0    0.00 KB   0.0      0.0     0.0      0.0       0.0      0.0       0.0   0.0      0.0      0.0         0         0    0.000       0      0
Uptime(secs): 27.5 total, 0.0 interval
Flush(GB): cumulative 0.000, interval 0.000
AddFile(GB): cumulative 0.000, interval 0.000
AddFile(Total Files): cumulative 0, interval 0
AddFile(L0 Files): cumulative 0, interval 0
AddFile(Keys): cumulative 0, interval 0
Cumulative compaction: 0.00 GB write, 0.00 MB/s write, 0.00 GB read, 0.00 MB/s read, 0.0 seconds
Interval compaction: 0.00 GB write, 0.00 MB/s write, 0.00 GB read, 0.00 MB/s read, 0.0 seconds
Stalls(count): 0 level0_slowdown, 0 level0_slowdown_with_compaction, 0 level0_numfiles, 0 level0_numfiles_with_compaction, 0 stop for pending_compaction_bytes, 0 slowdown for pending_compaction_bytes, 0 memtable_compaction, 0 memtable_slowdown, interval 0 total count

** File Read Latency Histogram By Level [default] **

** Compaction Stats [usertable] **
Level    Files   Size     Score Read(GB)  Rn(GB) Rnp1(GB) Write(GB) Wnew(GB) Moved(GB) W-Amp Rd(MB/s) Wr(MB/s) Comp(sec) Comp(cnt) Avg(sec) KeyIn KeyDrop
----------------------------------------------------------------------------------------------------------------------------------------------------------
  L0     28/0   13.49 GB  27.0      0.0     0.0      0.0       1.8      1.8       0.0   1.0      0.0    110.7        16        15    1.097       0      0
  L1      2/0   471.66 MB   0.9      0.0     0.0      0.0       0.0      0.0       0.0   0.0      0.0      0.0         0         0    0.000       0      0
  L2     20/0    1.16 GB   0.2      0.0     0.0      0.0       0.0      0.0       0.0   0.0      0.0      0.0         0         0    0.000       0      0
 Sum     50/0   15.11 GB   0.0      0.0     0.0      0.0       1.8      1.8       0.0   1.0      0.0    110.7        16        15    1.097       0      0
