2018/11/29-02:07:52.409458 7f23a9417700 RocksDB version: 5.14.3
2018/11/29-02:07:52.409541 7f23a9417700 Git sha rocksdb_build_git_sha:
2018/11/29-02:07:52.409544 7f23a9417700 Compile date Nov 22 2018
2018/11/29-02:07:52.409549 7f23a9417700 DB SUMMARY
2018/11/29-02:07:52.410225 7f23a9417700 CURRENT file:  CURRENT
2018/11/29-02:07:52.410230 7f23a9417700 IDENTITY file:  IDENTITY
2018/11/29-02:07:52.410241 7f23a9417700 MANIFEST file:  MANIFEST-000004 size: 128567 Bytes
2018/11/29-02:07:52.410244 7f23a9417700 SST files in /mnt/sda/ycsb-rocksdb-data dir, Total Num: 743, files: 000014.sst 000021.sst 000022.sst 000023.sst 000024.sst 000028.sst 000029.sst 000030.sst 000031.sst 
2018/11/29-02:07:52.410246 7f23a9417700 Write Ahead Log file in /mnt/sda/ycsb-rocksdb-data: 001307.log size: 113055714 ; 001313.log size: 113059018 ; 001314.log size: 16567113 ; 
2018/11/29-02:07:52.410253 7f23a9417700                         Options.error_if_exists: 0
2018/11/29-02:07:52.410254 7f23a9417700                       Options.create_if_missing: 1
2018/11/29-02:07:52.410255 7f23a9417700                         Options.paranoid_checks: 1
2018/11/29-02:07:52.410256 7f23a9417700                                     Options.env: 0x7f2358ff72c0
2018/11/29-02:07:52.410258 7f23a9417700                                Options.info_log: 0x7f23543d0d30
2018/11/29-02:07:52.410259 7f23a9417700                Options.max_file_opening_threads: 16
2018/11/29-02:07:52.410260 7f23a9417700                              Options.statistics: (nil)
2018/11/29-02:07:52.410261 7f23a9417700                               Options.use_fsync: 0
2018/11/29-02:07:52.410262 7f23a9417700                       Options.max_log_file_size: 0
2018/11/29-02:07:52.410263 7f23a9417700                  Options.max_manifest_file_size: 18446744073709551615
2018/11/29-02:07:52.410264 7f23a9417700                   Options.log_file_time_to_roll: 0
2018/11/29-02:07:52.410265 7f23a9417700                       Options.keep_log_file_num: 1000
2018/11/29-02:07:52.410266 7f23a9417700                    Options.recycle_log_file_num: 0
2018/11/29-02:07:52.410267 7f23a9417700                         Options.allow_fallocate: 1
2018/11/29-02:07:52.410268 7f23a9417700                        Options.allow_mmap_reads: 0
2018/11/29-02:07:52.410269 7f23a9417700                       Options.allow_mmap_writes: 0
2018/11/29-02:07:52.410270 7f23a9417700                        Options.use_direct_reads: 0
2018/11/29-02:07:52.410271 7f23a9417700                        Options.use_direct_io_for_flush_and_compaction: 0
2018/11/29-02:07:52.410272 7f23a9417700          Options.create_missing_column_families: 1
2018/11/29-02:07:52.410273 7f23a9417700                              Options.db_log_dir: 
2018/11/29-02:07:52.410274 7f23a9417700                                 Options.wal_dir: /mnt/sda/ycsb-rocksdb-data
2018/11/29-02:07:52.410275 7f23a9417700                Options.table_cache_numshardbits: 6
2018/11/29-02:07:52.410276 7f23a9417700                      Options.max_subcompactions: 4
2018/11/29-02:07:52.410277 7f23a9417700                  Options.max_background_flushes: 24
2018/11/29-02:07:52.410278 7f23a9417700                         Options.WAL_ttl_seconds: 0
2018/11/29-02:07:52.410279 7f23a9417700                       Options.WAL_size_limit_MB: 0
2018/11/29-02:07:52.410280 7f23a9417700             Options.manifest_preallocation_size: 4194304
2018/11/29-02:07:52.410281 7f23a9417700                     Options.is_fd_close_on_exec: 1
2018/11/29-02:07:52.410282 7f23a9417700                   Options.advise_random_on_open: 1
2018/11/29-02:07:52.410283 7f23a9417700                    Options.db_write_buffer_size: 0
2018/11/29-02:07:52.410284 7f23a9417700                    Options.write_buffer_manager: 0x7f23543cccc0
2018/11/29-02:07:52.410285 7f23a9417700         Options.access_hint_on_compaction_start: 1
2018/11/29-02:07:52.410286 7f23a9417700  Options.new_table_reader_for_compaction_inputs: 0
2018/11/29-02:07:52.410287 7f23a9417700           Options.random_access_max_buffer_size: 1048576
2018/11/29-02:07:52.410288 7f23a9417700                      Options.use_adaptive_mutex: 0
2018/11/29-02:07:52.410304 7f23a9417700                            Options.rate_limiter: (nil)
2018/11/29-02:07:52.410308 7f23a9417700     Options.sst_file_manager.rate_bytes_per_sec: 0
2018/11/29-02:07:52.410309 7f23a9417700                       Options.wal_recovery_mode: 2
2018/11/29-02:07:52.410310 7f23a9417700                  Options.enable_thread_tracking: 0
2018/11/29-02:07:52.410311 7f23a9417700                  Options.enable_pipelined_write: 1
2018/11/29-02:07:52.410312 7f23a9417700         Options.allow_concurrent_memtable_write: 1
2018/11/29-02:07:52.410313 7f23a9417700      Options.enable_write_thread_adaptive_yield: 1
2018/11/29-02:07:52.410314 7f23a9417700             Options.write_thread_max_yield_usec: 100
2018/11/29-02:07:52.410315 7f23a9417700            Options.write_thread_slow_yield_usec: 3
2018/11/29-02:07:52.410316 7f23a9417700                               Options.row_cache: None
2018/11/29-02:07:52.410317 7f23a9417700                              Options.wal_filter: None
2018/11/29-02:07:52.410318 7f23a9417700             Options.avoid_flush_during_recovery: 0
2018/11/29-02:07:52.410319 7f23a9417700             Options.allow_ingest_behind: 0
2018/11/29-02:07:52.410320 7f23a9417700             Options.preserve_deletes: 0
2018/11/29-02:07:52.410321 7f23a9417700             Options.two_write_queues: 0
2018/11/29-02:07:52.410322 7f23a9417700             Options.manual_wal_flush: 0
2018/11/29-02:07:52.410324 7f23a9417700             Options.max_background_jobs: 24
2018/11/29-02:07:52.410325 7f23a9417700             Options.max_background_compactions: 24
2018/11/29-02:07:52.410326 7f23a9417700             Options.avoid_flush_during_shutdown: 0
2018/11/29-02:07:52.410327 7f23a9417700           Options.writable_file_max_buffer_size: 1048576
2018/11/29-02:07:52.410328 7f23a9417700             Options.delayed_write_rate : 16777216
2018/11/29-02:07:52.410329 7f23a9417700             Options.max_total_wal_size: 0
2018/11/29-02:07:52.410330 7f23a9417700             Options.delete_obsolete_files_period_micros: 21600000000
2018/11/29-02:07:52.410331 7f23a9417700                   Options.stats_dump_period_sec: 60
2018/11/29-02:07:52.410332 7f23a9417700                          Options.max_open_files: -1
2018/11/29-02:07:52.410333 7f23a9417700                          Options.bytes_per_sync: 1048576
2018/11/29-02:07:52.410334 7f23a9417700                      Options.wal_bytes_per_sync: 0
2018/11/29-02:07:52.410335 7f23a9417700       Options.compaction_readahead_size: 0
2018/11/29-02:07:52.410336 7f23a9417700 Compression algorithms supported:
2018/11/29-02:07:52.410338 7f23a9417700 	kZSTDNotFinalCompression supported: 1
2018/11/29-02:07:52.410347 7f23a9417700 	kZSTD supported: 1
2018/11/29-02:07:52.410349 7f23a9417700 	kXpressCompression supported: 0
2018/11/29-02:07:52.410350 7f23a9417700 	kLZ4HCCompression supported: 1
2018/11/29-02:07:52.410351 7f23a9417700 	kLZ4Compression supported: 1
2018/11/29-02:07:52.410352 7f23a9417700 	kBZip2Compression supported: 1
2018/11/29-02:07:52.410353 7f23a9417700 	kZlibCompression supported: 1
2018/11/29-02:07:52.410354 7f23a9417700 	kSnappyCompression supported: 1
2018/11/29-02:07:52.410359 7f23a9417700 Fast CRC32 supported: Supported on x86
2018/11/29-02:07:52.410806 7f23a9417700 [db/version_set.cc:3085] Recovering from manifest file: MANIFEST-000004
2018/11/29-02:07:52.410898 7f23a9417700 [db/column_family.cc:475] --------------- Options for column family [default]:
2018/11/29-02:07:52.410902 7f23a9417700               Options.comparator: leveldb.BytewiseComparator
2018/11/29-02:07:52.410904 7f23a9417700           Options.merge_operator: None
2018/11/29-02:07:52.410905 7f23a9417700        Options.compaction_filter: None
2018/11/29-02:07:52.410906 7f23a9417700        Options.compaction_filter_factory: None
2018/11/29-02:07:52.410907 7f23a9417700         Options.memtable_factory: SkipListFactory
2018/11/29-02:07:52.410908 7f23a9417700            Options.table_factory: BlockBasedTable
2018/11/29-02:07:52.410936 7f23a9417700            table_factory options:   flush_block_policy_factory: FlushBlockBySizePolicyFactory (0x7f235437ab30)
  cache_index_and_filter_blocks: 0
  cache_index_and_filter_blocks_with_high_priority: 0
  pin_l0_filter_and_index_blocks_in_cache: 0
  index_type: 0
  hash_index_allow_collision: 1
  checksum: 1
  no_block_cache: 0
  block_cache: 0x7f2354386490
  block_cache_name: LRUCache
  block_cache_options:
    capacity : 8388608
    num_shard_bits : 4
    strict_capacity_limit : 0
    high_pri_pool_ratio: 0.000
  block_cache_compressed: (nil)
  persistent_cache: (nil)
  block_size: 8192
  block_size_deviation: 10
  block_restart_interval: 16
  index_block_restart_interval: 1
  metadata_block_size: 4096
  partition_filters: 0
  use_delta_encoding: 1
  filter_policy: nullptr
  whole_key_filtering: 1
  verify_compression: 0
  read_amp_bytes_per_bit: 0
  format_version: 2
  enable_index_compression: 1
  block_align: 0
2018/11/29-02:07:52.410949 7f23a9417700        Options.write_buffer_size: 134217728
2018/11/29-02:07:52.410951 7f23a9417700  Options.max_write_buffer_number: 24
2018/11/29-02:07:52.410952 7f23a9417700        Options.compression[0]: NoCompression
2018/11/29-02:07:52.410954 7f23a9417700        Options.compression[1]: NoCompression
2018/11/29-02:07:52.410955 7f23a9417700        Options.compression[2]: LZ4
2018/11/29-02:07:52.410956 7f23a9417700        Options.compression[3]: LZ4
2018/11/29-02:07:52.410957 7f23a9417700        Options.compression[4]: LZ4
2018/11/29-02:07:52.410958 7f23a9417700        Options.compression[5]: LZ4
2018/11/29-02:07:52.410959 7f23a9417700        Options.compression[6]: LZ4
2018/11/29-02:07:52.410960 7f23a9417700                  Options.bottommost_compression: Disabled
2018/11/29-02:07:52.410961 7f23a9417700       Options.prefix_extractor: nullptr
2018/11/29-02:07:52.410962 7f23a9417700   Options.memtable_insert_with_hint_prefix_extractor: nullptr
2018/11/29-02:07:52.410964 7f23a9417700             Options.num_levels: 7
2018/11/29-02:07:52.410965 7f23a9417700        Options.min_write_buffer_number_to_merge: 2
2018/11/29-02:07:52.410965 7f23a9417700     Options.max_write_buffer_number_to_maintain: 0
2018/11/29-02:07:52.410966 7f23a9417700            Options.compression_opts.window_bits: -14
2018/11/29-02:07:52.410968 7f23a9417700                  Options.compression_opts.level: -1
2018/11/29-02:07:52.410969 7f23a9417700               Options.compression_opts.strategy: 0
2018/11/29-02:07:52.410970 7f23a9417700         Options.compression_opts.max_dict_bytes: 0
2018/11/29-02:07:52.410970 7f23a9417700         Options.compression_opts.zstd_max_train_bytes: 0
2018/11/29-02:07:52.410971 7f23a9417700      Options.level0_file_num_compaction_trigger: 2
2018/11/29-02:07:52.410972 7f23a9417700          Options.level0_slowdown_writes_trigger: 20
2018/11/29-02:07:52.410973 7f23a9417700              Options.level0_stop_writes_trigger: 36
2018/11/29-02:07:52.410974 7f23a9417700                   Options.target_file_size_base: 67108864
2018/11/29-02:07:52.410975 7f23a9417700             Options.target_file_size_multiplier: 1
2018/11/29-02:07:52.410976 7f23a9417700                Options.max_bytes_for_level_base: 536870912
2018/11/29-02:07:52.410977 7f23a9417700 Options.level_compaction_dynamic_level_bytes: 0
2018/11/29-02:07:52.410978 7f23a9417700          Options.max_bytes_for_level_multiplier: 10.000000
2018/11/29-02:07:52.410982 7f23a9417700 Options.max_bytes_for_level_multiplier_addtl[0]: 1
2018/11/29-02:07:52.410983 7f23a9417700 Options.max_bytes_for_level_multiplier_addtl[1]: 1
2018/11/29-02:07:52.410984 7f23a9417700 Options.max_bytes_for_level_multiplier_addtl[2]: 1
2018/11/29-02:07:52.410985 7f23a9417700 Options.max_bytes_for_level_multiplier_addtl[3]: 1
2018/11/29-02:07:52.410986 7f23a9417700 Options.max_bytes_for_level_multiplier_addtl[4]: 1
2018/11/29-02:07:52.410987 7f23a9417700 Options.max_bytes_for_level_multiplier_addtl[5]: 1
2018/11/29-02:07:52.410988 7f23a9417700 Options.max_bytes_for_level_multiplier_addtl[6]: 1
2018/11/29-02:07:52.410989 7f23a9417700       Options.max_sequential_skip_in_iterations: 8
2018/11/29-02:07:52.410990 7f23a9417700                    Options.max_compaction_bytes: 1677721600
2018/11/29-02:07:52.410997 7f23a9417700                        Options.arena_block_size: 16777216
2018/11/29-02:07:52.410999 7f23a9417700   Options.soft_pending_compaction_bytes_limit: 68719476736
2018/11/29-02:07:52.411000 7f23a9417700   Options.hard_pending_compaction_bytes_limit: 274877906944
2018/11/29-02:07:52.411001 7f23a9417700       Options.rate_limit_delay_max_milliseconds: 100
2018/11/29-02:07:52.411002 7f23a9417700                Options.disable_auto_compactions: 0
2018/11/29-02:07:52.411004 7f23a9417700                        Options.compaction_style: kCompactionStyleLevel
2018/11/29-02:07:52.411006 7f23a9417700                          Options.compaction_pri: kByCompensatedSize
2018/11/29-02:07:52.411007 7f23a9417700 Options.compaction_options_universal.size_ratio: 1
2018/11/29-02:07:52.411008 7f23a9417700 Options.compaction_options_universal.min_merge_width: 2
2018/11/29-02:07:52.411009 7f23a9417700 Options.compaction_options_universal.max_merge_width: 4294967295
2018/11/29-02:07:52.411010 7f23a9417700 Options.compaction_options_universal.max_size_amplification_percent: 200
2018/11/29-02:07:52.411011 7f23a9417700 Options.compaction_options_universal.compression_size_percent: -1
2018/11/29-02:07:52.411013 7f23a9417700 Options.compaction_options_universal.stop_style: kCompactionStopStyleTotalSize
2018/11/29-02:07:52.411014 7f23a9417700 Options.compaction_options_fifo.max_table_files_size: 1073741824
2018/11/29-02:07:52.411015 7f23a9417700 Options.compaction_options_fifo.allow_compaction: 0
2018/11/29-02:07:52.411016 7f23a9417700 Options.compaction_options_fifo.ttl: 0
2018/11/29-02:07:52.411017 7f23a9417700                   Options.table_properties_collectors: 
2018/11/29-02:07:52.411018 7f23a9417700                   Options.inplace_update_support: 0
2018/11/29-02:07:52.411019 7f23a9417700                 Options.inplace_update_num_locks: 10000
2018/11/29-02:07:52.411021 7f23a9417700               Options.memtable_prefix_bloom_size_ratio: 0.000000
2018/11/29-02:07:52.411022 7f23a9417700   Options.memtable_huge_page_size: 0
2018/11/29-02:07:52.411023 7f23a9417700                           Options.bloom_locality: 0
2018/11/29-02:07:52.411024 7f23a9417700                    Options.max_successive_merges: 0
2018/11/29-02:07:52.411025 7f23a9417700                Options.optimize_filters_for_hits: 0
2018/11/29-02:07:52.411026 7f23a9417700                Options.paranoid_file_checks: 0
2018/11/29-02:07:52.411027 7f23a9417700                Options.force_consistency_checks: 0
2018/11/29-02:07:52.411028 7f23a9417700                Options.report_bg_io_stats: 0
2018/11/29-02:07:52.411029 7f23a9417700                               Options.ttl: 0
2018/11/29-02:07:52.411516 7f23a9417700 [db/column_family.cc:475] --------------- Options for column family [usertable]:
2018/11/29-02:07:52.411520 7f23a9417700               Options.comparator: leveldb.BytewiseComparator
2018/11/29-02:07:52.411521 7f23a9417700           Options.merge_operator: None
2018/11/29-02:07:52.411522 7f23a9417700        Options.compaction_filter: None
2018/11/29-02:07:52.411523 7f23a9417700        Options.compaction_filter_factory: None
2018/11/29-02:07:52.411524 7f23a9417700         Options.memtable_factory: SkipListFactory
2018/11/29-02:07:52.411525 7f23a9417700            Options.table_factory: BlockBasedTable
2018/11/29-02:07:52.411549 7f23a9417700            table_factory options:   flush_block_policy_factory: FlushBlockBySizePolicyFactory (0x7f235437a900)
  cache_index_and_filter_blocks: 0
  cache_index_and_filter_blocks_with_high_priority: 0
  pin_l0_filter_and_index_blocks_in_cache: 0
  index_type: 0
  hash_index_allow_collision: 1
  checksum: 1
  no_block_cache: 0
  block_cache: 0x7f235437b3a0
  block_cache_name: LRUCache
  block_cache_options:
    capacity : 8388608
    num_shard_bits : 4
    strict_capacity_limit : 0
    high_pri_pool_ratio: 0.000
  block_cache_compressed: (nil)
  persistent_cache: (nil)
  block_size: 8192
  block_size_deviation: 10
  block_restart_interval: 16
  index_block_restart_interval: 1
  metadata_block_size: 4096
  partition_filters: 0
  use_delta_encoding: 1
  filter_policy: nullptr
  whole_key_filtering: 1
  verify_compression: 0
  read_amp_bytes_per_bit: 0
  format_version: 2
  enable_index_compression: 1
  block_align: 0
2018/11/29-02:07:52.411560 7f23a9417700        Options.write_buffer_size: 134217728
2018/11/29-02:07:52.411562 7f23a9417700  Options.max_write_buffer_number: 24
2018/11/29-02:07:52.411563 7f23a9417700        Options.compression[0]: NoCompression
2018/11/29-02:07:52.411564 7f23a9417700        Options.compression[1]: NoCompression
2018/11/29-02:07:52.411565 7f23a9417700        Options.compression[2]: LZ4
2018/11/29-02:07:52.411566 7f23a9417700        Options.compression[3]: LZ4
2018/11/29-02:07:52.411567 7f23a9417700        Options.compression[4]: LZ4
2018/11/29-02:07:52.411568 7f23a9417700        Options.compression[5]: LZ4
2018/11/29-02:07:52.411569 7f23a9417700        Options.compression[6]: LZ4
2018/11/29-02:07:52.411570 7f23a9417700                  Options.bottommost_compression: Disabled
2018/11/29-02:07:52.411572 7f23a9417700       Options.prefix_extractor: nullptr
2018/11/29-02:07:52.411573 7f23a9417700   Options.memtable_insert_with_hint_prefix_extractor: nullptr
2018/11/29-02:07:52.411574 7f23a9417700             Options.num_levels: 7
2018/11/29-02:07:52.411575 7f23a9417700        Options.min_write_buffer_number_to_merge: 2
2018/11/29-02:07:52.411575 7f23a9417700     Options.max_write_buffer_number_to_maintain: 0
2018/11/29-02:07:52.411576 7f23a9417700            Options.compression_opts.window_bits: -14
2018/11/29-02:07:52.411577 7f23a9417700                  Options.compression_opts.level: -1
2018/11/29-02:07:52.411579 7f23a9417700               Options.compression_opts.strategy: 0
2018/11/29-02:07:52.411579 7f23a9417700         Options.compression_opts.max_dict_bytes: 0
2018/11/29-02:07:52.411580 7f23a9417700         Options.compression_opts.zstd_max_train_bytes: 0
2018/11/29-02:07:52.411581 7f23a9417700      Options.level0_file_num_compaction_trigger: 2
2018/11/29-02:07:52.411582 7f23a9417700          Options.level0_slowdown_writes_trigger: 20
2018/11/29-02:07:52.411583 7f23a9417700              Options.level0_stop_writes_trigger: 36
2018/11/29-02:07:52.411584 7f23a9417700                   Options.target_file_size_base: 67108864
2018/11/29-02:07:52.411585 7f23a9417700             Options.target_file_size_multiplier: 1
2018/11/29-02:07:52.411586 7f23a9417700                Options.max_bytes_for_level_base: 536870912
2018/11/29-02:07:52.411587 7f23a9417700 Options.level_compaction_dynamic_level_bytes: 0
2018/11/29-02:07:52.411588 7f23a9417700          Options.max_bytes_for_level_multiplier: 10.000000
2018/11/29-02:07:52.411590 7f23a9417700 Options.max_bytes_for_level_multiplier_addtl[0]: 1
2018/11/29-02:07:52.411592 7f23a9417700 Options.max_bytes_for_level_multiplier_addtl[1]: 1
2018/11/29-02:07:52.411593 7f23a9417700 Options.max_bytes_for_level_multiplier_addtl[2]: 1
2018/11/29-02:07:52.411594 7f23a9417700 Options.max_bytes_for_level_multiplier_addtl[3]: 1
2018/11/29-02:07:52.411595 7f23a9417700 Options.max_bytes_for_level_multiplier_addtl[4]: 1
2018/11/29-02:07:52.411596 7f23a9417700 Options.max_bytes_for_level_multiplier_addtl[5]: 1
2018/11/29-02:07:52.411597 7f23a9417700 Options.max_bytes_for_level_multiplier_addtl[6]: 1
2018/11/29-02:07:52.411598 7f23a9417700       Options.max_sequential_skip_in_iterations: 8
2018/11/29-02:07:52.411599 7f23a9417700                    Options.max_compaction_bytes: 1677721600
2018/11/29-02:07:52.411600 7f23a9417700                        Options.arena_block_size: 16777216
2018/11/29-02:07:52.411601 7f23a9417700   Options.soft_pending_compaction_bytes_limit: 68719476736
2018/11/29-02:07:52.411602 7f23a9417700   Options.hard_pending_compaction_bytes_limit: 274877906944
2018/11/29-02:07:52.411603 7f23a9417700       Options.rate_limit_delay_max_milliseconds: 100
2018/11/29-02:07:52.411604 7f23a9417700                Options.disable_auto_compactions: 0
2018/11/29-02:07:52.411605 7f23a9417700                        Options.compaction_style: kCompactionStyleLevel
2018/11/29-02:07:52.411612 7f23a9417700                          Options.compaction_pri: kByCompensatedSize
2018/11/29-02:07:52.411613 7f23a9417700 Options.compaction_options_universal.size_ratio: 1
2018/11/29-02:07:52.411614 7f23a9417700 Options.compaction_options_universal.min_merge_width: 2
2018/11/29-02:07:52.411615 7f23a9417700 Options.compaction_options_universal.max_merge_width: 4294967295
2018/11/29-02:07:52.411616 7f23a9417700 Options.compaction_options_universal.max_size_amplification_percent: 200
2018/11/29-02:07:52.411617 7f23a9417700 Options.compaction_options_universal.compression_size_percent: -1
2018/11/29-02:07:52.411619 7f23a9417700 Options.compaction_options_universal.stop_style: kCompactionStopStyleTotalSize
2018/11/29-02:07:52.411620 7f23a9417700 Options.compaction_options_fifo.max_table_files_size: 1073741824
2018/11/29-02:07:52.411621 7f23a9417700 Options.compaction_options_fifo.allow_compaction: 0
2018/11/29-02:07:52.411622 7f23a9417700 Options.compaction_options_fifo.ttl: 0
2018/11/29-02:07:52.411623 7f23a9417700                   Options.table_properties_collectors: 
2018/11/29-02:07:52.411624 7f23a9417700                   Options.inplace_update_support: 0
2018/11/29-02:07:52.411625 7f23a9417700                 Options.inplace_update_num_locks: 10000
2018/11/29-02:07:52.411626 7f23a9417700               Options.memtable_prefix_bloom_size_ratio: 0.000000
2018/11/29-02:07:52.411627 7f23a9417700   Options.memtable_huge_page_size: 0
2018/11/29-02:07:52.411628 7f23a9417700                           Options.bloom_locality: 0
2018/11/29-02:07:52.411629 7f23a9417700                    Options.max_successive_merges: 0
2018/11/29-02:07:52.411630 7f23a9417700                Options.optimize_filters_for_hits: 0
2018/11/29-02:07:52.411631 7f23a9417700                Options.paranoid_file_checks: 0
2018/11/29-02:07:52.411632 7f23a9417700                Options.force_consistency_checks: 0
2018/11/29-02:07:52.411633 7f23a9417700                Options.report_bg_io_stats: 0
2018/11/29-02:07:52.411634 7f23a9417700                               Options.ttl: 0
2018/11/29-02:07:52.965059 7f23a9417700 [db/version_set.cc:3361] Recovered from manifest file:/mnt/sda/ycsb-rocksdb-data/MANIFEST-000004 succeeded,manifest_file_number is 4, next_file_number is 1314, last_sequence is 10400404, log_number is 0,prev_log_number is 0,max_column_family is 1,min_log_number_to_keep is 0
2018/11/29-02:07:52.965069 7f23a9417700 [db/version_set.cc:3369] Column family [default] (ID 0), log number is 0
2018/11/29-02:07:52.965071 7f23a9417700 [db/version_set.cc:3369] Column family [usertable] (ID 1), log number is 1307
2018/11/29-02:07:52.967448 7f23a9417700 EVENT_LOG_v1 {"time_micros": 1543486072967437, "job": 1, "event": "recovery_started", "log_files": [1307, 1313, 1314]}
2018/11/29-02:07:52.967455 7f23a9417700 [db/db_impl_open.cc:551] Recovering log #1307 mode 2
2018/11/29-02:07:53.276694 7f23a9417700 [db/db_impl_open.cc:551] Recovering log #1313 mode 2
2018/11/29-02:07:53.843386 7f23a9417700 EVENT_LOG_v1 {"time_micros": 1543486073843363, "cf_name": "usertable", "job": 1, "event": "table_file_creation", "file_number": 1314, "file_size": 129895353, "table_properties": {"data_size": 129317909, "index_size": 576522, "filter_size": 0, "raw_key_size": 752760, "raw_average_key_size": 24, "raw_value_size": 128471040, "raw_average_value_size": 4096, "num_data_blocks": 15683, "num_entries": 31365, "filter_policy_name": "", "kDeletedKeys": "0", "kMergeOperands": "0"}}
2018/11/29-02:07:54.114204 7f23a9417700 [db/db_impl_open.cc:551] Recovering log #1314 mode 2
2018/11/29-02:07:54.160264 7f23a9417700 [db/version_set.cc:2847] Creating manifest 1316
2018/11/29-02:07:54.656202 7f23a9417700 EVENT_LOG_v1 {"time_micros": 1543486074656181, "cf_name": "usertable", "job": 1, "event": "table_file_creation", "file_number": 1317, "file_size": 113066641, "table_properties": {"data_size": 112560933, "index_size": 504786, "filter_size": 0, "raw_key_size": 655200, "raw_average_key_size": 24, "raw_value_size": 111820800, "raw_average_value_size": 4096, "num_data_blocks": 13650, "num_entries": 27300, "filter_policy_name": "", "kDeletedKeys": "0", "kMergeOperands": "0"}}
2018/11/29-02:07:54.685308 7f23a9417700 EVENT_LOG_v1 {"time_micros": 1543486074685305, "job": 1, "event": "recovery_finished"}
2018/11/29-02:07:54.751191 7f23a9417700 [db/db_impl_open.cc:1219] DB pointer 0x7f23543d1250
2018/11/29-02:07:54.751525 7f2353fff700 [WARN] [db/db_impl.cc:491] ------- DUMPING STATS -------
2018/11/29-02:07:54.751571 7f2353fff700 [WARN] [db/db_impl.cc:492] 
** DB Stats **
Uptime(secs): 2.3 total, 2.3 interval
Cumulative writes: 0 writes, 0 keys, 0 commit groups, 0.0 writes per commit group, ingest: 0.00 GB, 0.00 MB/s
Cumulative WAL: 0 writes, 0 syncs, 0.00 writes per sync, written: 0.00 GB, 0.00 MB/s
Cumulative stall: 00:00:0.000 H:M:S, 0.0 percent
Interval writes: 0 writes, 0 keys, 0 commit groups, 0.0 writes per commit group, ingest: 0.00 MB, 0.00 MB/s
Interval WAL: 0 writes, 0 syncs, 0.00 writes per sync, written: 0.00 MB, 0.00 MB/s
Interval stall: 00:00:0.000 H:M:S, 0.0 percent

** Compaction Stats [default] **
Level    Files   Size     Score Read(GB)  Rn(GB) Rnp1(GB) Write(GB) Wnew(GB) Moved(GB) W-Amp Rd(MB/s) Wr(MB/s) Comp(sec) Comp(cnt) Avg(sec) KeyIn KeyDrop
----------------------------------------------------------------------------------------------------------------------------------------------------------
 Sum      0/0    0.00 KB   0.0      0.0     0.0      0.0       0.0      0.0       0.0   0.0      0.0      0.0         0         0    0.000       0      0
 Int      0/0    0.00 KB   0.0      0.0     0.0      0.0       0.0      0.0       0.0   0.0      0.0      0.0         0         0    0.000       0      0
Uptime(secs): 2.3 total, 2.3 interval
Flush(GB): cumulative 0.000, interval 0.000
AddFile(GB): cumulative 0.000, interval 0.000
AddFile(Total Files): cumulative 0, interval 0
AddFile(L0 Files): cumulative 0, interval 0
AddFile(Keys): cumulative 0, interval 0
Cumulative compaction: 0.00 GB write, 0.00 MB/s write, 0.00 GB read, 0.00 MB/s read, 0.0 seconds
Interval compaction: 0.00 GB write, 0.00 MB/s write, 0.00 GB read, 0.00 MB/s read, 0.0 seconds
Stalls(count): 0 level0_slowdown, 0 level0_slowdown_with_compaction, 0 level0_numfiles, 0 level0_numfiles_with_compaction, 0 stop for pending_compaction_bytes, 0 slowdown for pending_compaction_bytes, 0 memtable_compaction, 0 memtable_slowdown, interval 0 total count

** File Read Latency Histogram By Level [default] **

** Compaction Stats [usertable] **
Level    Files   Size     Score Read(GB)  Rn(GB) Rnp1(GB) Write(GB) Wnew(GB) Moved(GB) W-Amp Rd(MB/s) Wr(MB/s) Comp(sec) Comp(cnt) Avg(sec) KeyIn KeyDrop
----------------------------------------------------------------------------------------------------------------------------------------------------------
  L0      3/0   439.60 MB   1.5      0.0     0.0      0.0       0.2      0.2       0.0   1.0      0.0    242.0         1         2    0.479       0      0
  L1      2/0   415.78 MB   0.8      0.0     0.0      0.0       0.0      0.0       0.0   0.0      0.0      0.0         0         0    0.000       0      0
  L2    191/0    4.97 GB   1.0      0.0     0.0      0.0       0.0      0.0       0.0   0.0      0.0      0.0         0         0    0.000       0      0
  L3    549/0   34.38 GB   0.7      0.0     0.0      0.0       0.0      0.0       0.0   0.0      0.0      0.0         0         0    0.000       0      0
 Sum    745/0   40.18 GB   0.0      0.0     0.0      0.0       0.2      0.2       0.0   1.0      0.0    242.0         1         2    0.479       0      0
 Int      0/0    0.00 KB   0.0      0.0     0.0      0.0       0.2      0.2       0.0   1.0      0.0    242.0         1         2    0.479       0      0
Uptime(secs): 2.3 total, 2.3 interval
Flush(GB): cumulative 0.226, interval 0.226
AddFile(GB): cumulative 0.000, interval 0.000
AddFile(Total Files): cumulative 0, interval 0
AddFile(L0 Files): cumulative 0, interval 0
AddFile(Keys): cumulative 0, interval 0
Cumulative compaction: 0.23 GB write, 99.02 MB/s write, 0.00 GB read, 0.00 MB/s read, 1.0 seconds
Interval compaction: 0.23 GB write, 99.02 MB/s write, 0.00 GB read, 0.00 MB/s read, 1.0 seconds
Stalls(count): 0 level0_slowdown, 0 level0_slowdown_with_compaction, 0 level0_numfiles, 0 level0_numfiles_with_compaction, 0 stop for pending_compaction_bytes, 0 slowdown for pending_compaction_bytes, 0 memtable_compaction, 0 memtable_slowdown, interval 0 total count

** File Read Latency Histogram By Level [usertable] **

** Compaction Stats [default] **
Level    Files   Size     Score Read(GB)  Rn(GB) Rnp1(GB) Write(GB) Wnew(GB) Moved(GB) W-Amp Rd(MB/s) Wr(MB/s) Comp(sec) Comp(cnt) Avg(sec) KeyIn KeyDrop
----------------------------------------------------------------------------------------------------------------------------------------------------------
 Sum      0/0    0.00 KB   0.0      0.0     0.0      0.0       0.0      0.0       0.0   0.0      0.0      0.0         0         0    0.000       0      0
 Int      0/0    0.00 KB   0.0      0.0     0.0      0.0       0.0      0.0       0.0   0.0      0.0      0.0         0         0    0.000       0      0
Uptime(secs): 2.3 total, 0.0 interval
Flush(GB): cumulative 0.000, interval 0.000
AddFile(GB): cumulative 0.000, interval 0.000
AddFile(Total Files): cumulative 0, interval 0
AddFile(L0 Files): cumulative 0, interval 0
AddFile(Keys): cumulative 0, interval 0
Cumulative compaction: 0.00 GB write, 0.00 MB/s write, 0.00 GB read, 0.00 MB/s read, 0.0 seconds
Interval compaction: 0.00 GB write, 0.00 MB/s write, 0.00 GB read, 0.00 MB/s read, 0.0 seconds
Stalls(count): 0 level0_slowdown, 0 level0_slowdown_with_compaction, 0 level0_numfiles, 0 level0_numfiles_with_compaction, 0 stop for pending_compaction_bytes, 0 slowdown for pending_compaction_bytes, 0 memtable_compaction, 0 memtable_slowdown, interval 0 total count

** File Read Latency Histogram By Level [default] **

** Compaction Stats [usertable] **
Level    Files   Size     Score Read(GB)  Rn(GB) Rnp1(GB) Write(GB) Wnew(GB) Moved(GB) W-Amp Rd(MB/s) Wr(MB/s) Comp(sec) Comp(cnt) Avg(sec) KeyIn KeyDrop
----------------------------------------------------------------------------------------------------------------------------------------------------------
  L0      3/0   439.60 MB   1.5      0.0     0.0      0.0       0.2      0.2       0.0   1.0      0.0    242.0         1         2    0.479       0      0
  L1      2/0   415.78 MB   0.8      0.0     0.0      0.0       0.0      0.0       0.0   0.0      0.0      0.0         0         0    0.000       0      0
  L2    191/0    4.97 GB   1.0      0.0     0.0      0.0       0.0      0.0       0.0   0.0      0.0      0.0         0         0    0.000       0      0
  L3    549/0   34.38 GB   0.7      0.0     0.0      0.0       0.0      0.0       0.0   0.0      0.0      0.0         0         0    0.000       0      0
 Sum    745/0   40.18 GB   0.0      0.0     0.0      0.0       0.2      0.2       0.0   1.0      0.0    242.0         1         2    0.479       0      0
 Int      0/0    0.00 KB   0.0      0.0     0.0      0.0       0.0      0.0       0.0   0.0      0.0      0.0         0         0    0.000       0      0
Uptime(secs): 2.3 total, 0.0 interval
Flush(GB): cumulative 0.226, interval 0.000
AddFile(GB): cumulative 0.000, interval 0.000
AddFile(Total Files): cumulative 0, interval 0
AddFile(L0 Files): cumulative 0, interval 0
AddFile(Keys): cumulative 0, interval 0
Cumulative compaction: 0.23 GB write, 99.02 MB/s write, 0.00 GB read, 0.00 MB/s read, 1.0 seconds
Interval compaction: 0.00 GB write, 0.00 MB/s write, 0.00 GB read, 0.00 MB/s read, 0.0 seconds
Stalls(count): 0 level0_slowdown, 0 level0_slowdown_with_compaction, 0 level0_numfiles, 0 level0_numfiles_with_compaction, 0 stop for pending_compaction_bytes, 0 slowdown for pending_compaction_bytes, 0 memtable_compaction, 0 memtable_slowdown, interval 0 total count

** File Read Latency Histogram By Level [usertable] **
2018/11/29-02:07:54.781116 7f2353fff700 (Original Log Time 2018/11/29-02:07:54.751714) [db/db_impl_compaction_flush.cc:1835] [usertable] Moving #14 to level-1 217986807 bytes
2018/11/29-02:07:54.781120 7f2353fff700 (Original Log Time 2018/11/29-02:07:54.781049) EVENT_LOG_v1 {"time_micros": 1543486074781040, "job": 3, "event": "trivial_move", "destination_level": 1, "files": 1, "total_files_size": 217986807}
2018/11/29-02:07:54.781122 7f2353fff700 (Original Log Time 2018/11/29-02:07:54.781060) [db/db_impl_compaction_flush.cc:1864] [usertable] Moved #1 files to level-1 217986807 bytes OK: base level 1 max bytes base 536870912 files[2 3 191 549 0 0 0] max score 1.22
2018/11/29-02:07:54.781205 7f2353fff700 [db/compaction_job.cc:1531] [usertable] [JOB 4] Compacting 1@1 files to L2, score 1.22
2018/11/29-02:07:54.781212 7f2353fff700 [db/compaction_job.cc:1535] [usertable] Compaction start summary: Base version 6 Base level 1, inputs: [14(207MB)]
2018/11/29-02:07:54.781231 7f2353fff700 EVENT_LOG_v1 {"time_micros": 1543486074781217, "job": 4, "event": "compaction_started", "compaction_reason": "LevelMaxLevelSize", "files_L1": [14], "score": 1.2181, "input_data_size": 217986807}
2018/11/29-02:07:55.307502 7f2353fff700 [db/compaction_job.cc:1211] [usertable] [JOB 4] Generated table #1321: 16279 keys, 67233360 bytes
2018/11/29-02:07:55.307535 7f2353fff700 EVENT_LOG_v1 {"time_micros": 1543486075307520, "cf_name": "usertable", "job": 4, "event": "table_file_creation", "file_number": 1321, "file_size": 67233360, "table_properties": {"data_size": 67118331, "index_size": 299108, "filter_size": 0, "raw_key_size": 390696, "raw_average_key_size": 24, "raw_value_size": 66678784, "raw_average_value_size": 4096, "num_data_blocks": 8140, "num_entries": 16279, "filter_policy_name": "", "kDeletedKeys": "0", "kMergeOperands": "0"}}
2018/11/29-02:07:55.935073 7f2353fff700 [db/compaction_job.cc:1211] [usertable] [JOB 4] Generated table #1322: 16279 keys, 67233574 bytes
2018/11/29-02:07:55.935112 7f2353fff700 EVENT_LOG_v1 {"time_micros": 1543486075935097, "cf_name": "usertable", "job": 4, "event": "table_file_creation", "file_number": 1322, "file_size": 67233574, "table_properties": {"data_size": 67120141, "index_size": 300916, "filter_size": 0, "raw_key_size": 390696, "raw_average_key_size": 24, "raw_value_size": 66678784, "raw_average_value_size": 4096, "num_data_blocks": 8140, "num_entries": 16279, "filter_policy_name": "", "kDeletedKeys": "0", "kMergeOperands": "0"}}
2018/11/29-02:07:56.893130 7f2353fff700 [db/compaction_job.cc:1211] [usertable] [JOB 4] Generated table #1323: 16279 keys, 67233332 bytes
2018/11/29-02:07:56.893168 7f2353fff700 EVENT_LOG_v1 {"time_micros": 1543486076893153, "cf_name": "usertable", "job": 4, "event": "table_file_creation", "file_number": 1323, "file_size": 67233332, "table_properties": {"data_size": 67118331, "index_size": 299107, "filter_size": 0, "raw_key_size": 390696, "raw_average_key_size": 24, "raw_value_size": 66678784, "raw_average_value_size": 4096, "num_data_blocks": 8140, "num_entries": 16279, "filter_policy_name": "", "kDeletedKeys": "0", "kMergeOperands": "0"}}
2018/11/29-02:07:57.182678 7f2353fff700 [db/compaction_job.cc:1211] [usertable] [JOB 4] Generated table #1324: 3799 keys, 15690988 bytes
2018/11/29-02:07:57.182715 7f2353fff700 EVENT_LOG_v1 {"time_micros": 1543486077182702, "cf_name": "usertable", "job": 4, "event": "table_file_creation", "file_number": 1324, "file_size": 15690988, "table_properties": {"data_size": 15663714, "index_size": 70036, "filter_size": 0, "raw_key_size": 91176, "raw_average_key_size": 24, "raw_value_size": 15560704, "raw_average_value_size": 4096, "num_data_blocks": 1900, "num_entries": 3799, "filter_policy_name": "", "kDeletedKeys": "0", "kMergeOperands": "0"}}
2018/11/29-02:07:57.182767 7f2353fff700 [db/compaction_job.cc:1287] [usertable] [JOB 4] Compacted 1@1 files to L2 => 217391254 bytes
2018/11/29-02:07:57.237939 7f2353fff700 (Original Log Time 2018/11/29-02:07:57.237863) [db/compaction_job.cc:685] [usertable] compacted to: base level 1 max bytes base 536870912 files[2 2 195 549 0 0 0] max score 1.03, MB/sec: 90.8 rd, 90.5 wr, level 2, files in(1, 0) out(4) MB in(207.9, 0.0) out(207.3), read-write-amplify(2.0) write-amplify(1.0) OK, records in: 52636, records dropped: 0 output_compression: LZ4
2018/11/29-02:07:57.237946 7f2353fff700 (Original Log Time 2018/11/29-02:07:57.237886) EVENT_LOG_v1 {"time_micros": 1543486077237876, "job": 4, "event": "compaction_finished", "compaction_time_micros": 2401495, "output_level": 2, "num_output_files": 4, "total_output_size": 217391254, "num_input_records": 52636, "num_output_records": 52636, "num_subcompactions": 1, "output_compression": "LZ4", "num_single_delete_mismatches": 0, "num_single_delete_fallthrough": 0, "lsm_state": [2, 2, 195, 549, 0, 0, 0]}
2018/11/29-02:07:57.285946 7f2353fff700 (Original Log Time 2018/11/29-02:07:57.238121) [db/db_impl_compaction_flush.cc:1835] [usertable] Moving #1322 to level-3 67233574 bytes
2018/11/29-02:07:57.285949 7f2353fff700 (Original Log Time 2018/11/29-02:07:57.285900) EVENT_LOG_v1 {"time_micros": 1543486077285896, "job": 5, "event": "trivial_move", "destination_level": 3, "files": 1, "total_files_size": 67233574}
2018/11/29-02:07:57.285951 7f2353fff700 (Original Log Time 2018/11/29-02:07:57.285906) [db/db_impl_compaction_flush.cc:1864] [usertable] Moved #1 files to level-3 67233574 bytes OK: base level 1 max bytes base 536870912 files[2 2 194 550 0 0 0] max score 1.02
2018/11/29-02:07:57.302992 7f2353fff700 EVENT_LOG_v1 {"time_micros": 1543486077302989, "job": 5, "event": "table_file_deletion", "file_number": 14}
2018/11/29-02:07:57.358706 7f2353fff700 (Original Log Time 2018/11/29-02:07:57.303093) [db/db_impl_compaction_flush.cc:1835] [usertable] Moving #1321 to level-3 67233360 bytes
2018/11/29-02:07:57.358710 7f2353fff700 (Original Log Time 2018/11/29-02:07:57.358682) EVENT_LOG_v1 {"time_micros": 1543486077358678, "job": 6, "event": "trivial_move", "destination_level": 3, "files": 1, "total_files_size": 67233360}
2018/11/29-02:07:57.358711 7f2353fff700 (Original Log Time 2018/11/29-02:07:57.358688) [db/db_impl_compaction_flush.cc:1864] [usertable] Moved #1 files to level-3 67233360 bytes OK: base level 1 max bytes base 536870912 files[2 2 193 551 0 0 0] max score 1.01
2018/11/29-02:07:57.407403 7f2353fff700 (Original Log Time 2018/11/29-02:07:57.358861) [db/db_impl_compaction_flush.cc:1835] [usertable] Moving #1323 to level-3 67233332 bytes
2018/11/29-02:07:57.407407 7f2353fff700 (Original Log Time 2018/11/29-02:07:57.407372) EVENT_LOG_v1 {"time_micros": 1543486077407369, "job": 7, "event": "trivial_move", "destination_level": 3, "files": 1, "total_files_size": 67233332}
2018/11/29-02:07:57.407409 7f2353fff700 (Original Log Time 2018/11/29-02:07:57.407378) [db/db_impl_compaction_flush.cc:1864] [usertable] Moved #1 files to level-3 67233332 bytes OK: base level 1 max bytes base 536870912 files[2 2 192 552 0 0 0] max score 1.00
2018/11/29-02:07:57.450073 7f2353fff700 (Original Log Time 2018/11/29-02:07:57.407585) [db/db_impl_compaction_flush.cc:1835] [usertable] Moving #1314 to level-1 129895353 bytes
