2018/12/26-16:28:17.732973 7fa45cdaf700 RocksDB version: 5.14.3
2018/12/26-16:28:17.733034 7fa45cdaf700 Git sha rocksdb_build_git_sha:
2018/12/26-16:28:17.733037 7fa45cdaf700 Compile date Dec 26 2018
2018/12/26-16:28:17.733044 7fa45cdaf700 DB SUMMARY
2018/12/26-16:28:17.733075 7fa45cdaf700 SST files in /mnt/sdb/ycsb-rocksdb-data dir, Total Num: 0, files: 
2018/12/26-16:28:17.733079 7fa45cdaf700 Write Ahead Log file in /mnt/sdb/ycsb-rocksdb-data: 
2018/12/26-16:28:17.733083 7fa45cdaf700                         Options.error_if_exists: 0
2018/12/26-16:28:17.733085 7fa45cdaf700                       Options.create_if_missing: 1
2018/12/26-16:28:17.733087 7fa45cdaf700                         Options.paranoid_checks: 1
2018/12/26-16:28:17.733089 7fa45cdaf700                                     Options.env: 0x7fa44fff82c0
2018/12/26-16:28:17.733091 7fa45cdaf700                                Options.info_log: 0x7fa3a43c83c0
2018/12/26-16:28:17.733093 7fa45cdaf700                Options.max_file_opening_threads: 16
2018/12/26-16:28:17.733095 7fa45cdaf700                              Options.statistics: (nil)
2018/12/26-16:28:17.733097 7fa45cdaf700                               Options.use_fsync: 0
2018/12/26-16:28:17.733098 7fa45cdaf700                       Options.max_log_file_size: 0
2018/12/26-16:28:17.733100 7fa45cdaf700                  Options.max_manifest_file_size: 18446744073709551615
2018/12/26-16:28:17.733102 7fa45cdaf700                   Options.log_file_time_to_roll: 0
2018/12/26-16:28:17.733104 7fa45cdaf700                       Options.keep_log_file_num: 1000
2018/12/26-16:28:17.733106 7fa45cdaf700                    Options.recycle_log_file_num: 0
2018/12/26-16:28:17.733108 7fa45cdaf700                         Options.allow_fallocate: 1
2018/12/26-16:28:17.733110 7fa45cdaf700                        Options.allow_mmap_reads: 0
2018/12/26-16:28:17.733112 7fa45cdaf700                       Options.allow_mmap_writes: 0
2018/12/26-16:28:17.733114 7fa45cdaf700                        Options.use_direct_reads: 0
2018/12/26-16:28:17.733115 7fa45cdaf700                        Options.use_direct_io_for_flush_and_compaction: 0
2018/12/26-16:28:17.733117 7fa45cdaf700          Options.create_missing_column_families: 1
2018/12/26-16:28:17.733119 7fa45cdaf700                              Options.db_log_dir: 
2018/12/26-16:28:17.733121 7fa45cdaf700                                 Options.wal_dir: /mnt/sdb/ycsb-rocksdb-data
2018/12/26-16:28:17.733123 7fa45cdaf700                Options.table_cache_numshardbits: 6
2018/12/26-16:28:17.733125 7fa45cdaf700                      Options.max_subcompactions: 4
2018/12/26-16:28:17.733127 7fa45cdaf700                  Options.max_background_flushes: 24
2018/12/26-16:28:17.733128 7fa45cdaf700                         Options.WAL_ttl_seconds: 0
2018/12/26-16:28:17.733130 7fa45cdaf700                       Options.WAL_size_limit_MB: 0
2018/12/26-16:28:17.733131 7fa45cdaf700             Options.manifest_preallocation_size: 4194304
2018/12/26-16:28:17.733133 7fa45cdaf700                     Options.is_fd_close_on_exec: 1
2018/12/26-16:28:17.733134 7fa45cdaf700                   Options.advise_random_on_open: 1
2018/12/26-16:28:17.733136 7fa45cdaf700                    Options.db_write_buffer_size: 0
2018/12/26-16:28:17.733138 7fa45cdaf700                    Options.write_buffer_manager: 0x7fa3a43c53c0
2018/12/26-16:28:17.733140 7fa45cdaf700         Options.access_hint_on_compaction_start: 1
2018/12/26-16:28:17.733141 7fa45cdaf700  Options.new_table_reader_for_compaction_inputs: 0
2018/12/26-16:28:17.733143 7fa45cdaf700           Options.random_access_max_buffer_size: 1048576
2018/12/26-16:28:17.733145 7fa45cdaf700                      Options.use_adaptive_mutex: 0
2018/12/26-16:28:17.733147 7fa45cdaf700                            Options.rate_limiter: (nil)
2018/12/26-16:28:17.733150 7fa45cdaf700     Options.sst_file_manager.rate_bytes_per_sec: 0
2018/12/26-16:28:17.733152 7fa45cdaf700                       Options.wal_recovery_mode: 2
2018/12/26-16:28:17.733154 7fa45cdaf700                  Options.enable_thread_tracking: 0
2018/12/26-16:28:17.733155 7fa45cdaf700                  Options.enable_pipelined_write: 1
2018/12/26-16:28:17.733169 7fa45cdaf700         Options.allow_concurrent_memtable_write: 1
2018/12/26-16:28:17.733172 7fa45cdaf700      Options.enable_write_thread_adaptive_yield: 1
2018/12/26-16:28:17.733174 7fa45cdaf700             Options.write_thread_max_yield_usec: 100
2018/12/26-16:28:17.733176 7fa45cdaf700            Options.write_thread_slow_yield_usec: 3
2018/12/26-16:28:17.733177 7fa45cdaf700                               Options.row_cache: None
2018/12/26-16:28:17.733179 7fa45cdaf700                              Options.wal_filter: None
2018/12/26-16:28:17.733181 7fa45cdaf700             Options.avoid_flush_during_recovery: 0
2018/12/26-16:28:17.733182 7fa45cdaf700             Options.allow_ingest_behind: 0
2018/12/26-16:28:17.733184 7fa45cdaf700             Options.preserve_deletes: 0
2018/12/26-16:28:17.733186 7fa45cdaf700             Options.two_write_queues: 0
2018/12/26-16:28:17.733188 7fa45cdaf700             Options.manual_wal_flush: 0
2018/12/26-16:28:17.733192 7fa45cdaf700             Options.max_background_jobs: 24
2018/12/26-16:28:17.733194 7fa45cdaf700             Options.max_background_compactions: 24
2018/12/26-16:28:17.733196 7fa45cdaf700             Options.avoid_flush_during_shutdown: 0
2018/12/26-16:28:17.733197 7fa45cdaf700           Options.writable_file_max_buffer_size: 1048576
2018/12/26-16:28:17.733199 7fa45cdaf700             Options.delayed_write_rate : 16777216
2018/12/26-16:28:17.733201 7fa45cdaf700             Options.max_total_wal_size: 0
2018/12/26-16:28:17.733203 7fa45cdaf700             Options.delete_obsolete_files_period_micros: 21600000000
2018/12/26-16:28:17.733205 7fa45cdaf700                   Options.stats_dump_period_sec: 60
2018/12/26-16:28:17.733207 7fa45cdaf700                          Options.max_open_files: -1
2018/12/26-16:28:17.733209 7fa45cdaf700                          Options.bytes_per_sync: 1048576
2018/12/26-16:28:17.733211 7fa45cdaf700                      Options.wal_bytes_per_sync: 0
2018/12/26-16:28:17.733213 7fa45cdaf700       Options.compaction_readahead_size: 0
2018/12/26-16:28:17.733215 7fa45cdaf700 Compression algorithms supported:
2018/12/26-16:28:17.733217 7fa45cdaf700 	kZSTDNotFinalCompression supported: 1
2018/12/26-16:28:17.733229 7fa45cdaf700 	kZSTD supported: 1
2018/12/26-16:28:17.733232 7fa45cdaf700 	kXpressCompression supported: 0
2018/12/26-16:28:17.733233 7fa45cdaf700 	kLZ4HCCompression supported: 1
2018/12/26-16:28:17.733235 7fa45cdaf700 	kLZ4Compression supported: 1
2018/12/26-16:28:17.733237 7fa45cdaf700 	kBZip2Compression supported: 1
2018/12/26-16:28:17.733239 7fa45cdaf700 	kZlibCompression supported: 1
2018/12/26-16:28:17.733241 7fa45cdaf700 	kSnappyCompression supported: 1
2018/12/26-16:28:17.733248 7fa45cdaf700 Fast CRC32 supported: Supported on x86
2018/12/26-16:28:17.733344 7fa45cdaf700 [db/db_impl_open.cc:222] Creating manifest 1 
2018/12/26-16:28:17.834086 7fa45cdaf700 [db/version_set.cc:3085] Recovering from manifest file: MANIFEST-000001
2018/12/26-16:28:17.834186 7fa45cdaf700 [db/column_family.cc:475] --------------- Options for column family [default]:
2018/12/26-16:28:17.834190 7fa45cdaf700               Options.comparator: leveldb.BytewiseComparator
2018/12/26-16:28:17.834192 7fa45cdaf700           Options.merge_operator: None
2018/12/26-16:28:17.834193 7fa45cdaf700        Options.compaction_filter: None
2018/12/26-16:28:17.834194 7fa45cdaf700        Options.compaction_filter_factory: None
2018/12/26-16:28:17.834195 7fa45cdaf700         Options.memtable_factory: SkipListFactory
2018/12/26-16:28:17.834196 7fa45cdaf700            Options.table_factory: BlockBasedTable
2018/12/26-16:28:17.834224 7fa45cdaf700            table_factory options:   flush_block_policy_factory: FlushBlockBySizePolicyFactory (0x7fa3a4379630)
  cache_index_and_filter_blocks: 0
  cache_index_and_filter_blocks_with_high_priority: 0
  pin_l0_filter_and_index_blocks_in_cache: 0
  index_type: 0
  hash_index_allow_collision: 1
  checksum: 1
  no_block_cache: 0
  block_cache: 0x7fa3a4385ec0
  block_cache_name: LRUCache
  block_cache_options:
    capacity : 8388608
    num_shard_bits : 4
    strict_capacity_limit : 0
    high_pri_pool_ratio: 0.000
  block_cache_compressed: (nil)
  persistent_cache: (nil)
  block_size: 8192
  block_size_deviation: 10
  block_restart_interval: 16
  index_block_restart_interval: 1
  metadata_block_size: 4096
  partition_filters: 0
  use_delta_encoding: 1
  filter_policy: nullptr
  whole_key_filtering: 1
  verify_compression: 0
  read_amp_bytes_per_bit: 0
  format_version: 2
  enable_index_compression: 1
  block_align: 0
2018/12/26-16:28:17.834240 7fa45cdaf700        Options.write_buffer_size: 134217728
2018/12/26-16:28:17.834241 7fa45cdaf700  Options.max_write_buffer_number: 24
2018/12/26-16:28:17.834243 7fa45cdaf700        Options.compression[0]: NoCompression
2018/12/26-16:28:17.834244 7fa45cdaf700        Options.compression[1]: NoCompression
2018/12/26-16:28:17.834246 7fa45cdaf700        Options.compression[2]: LZ4
2018/12/26-16:28:17.834247 7fa45cdaf700        Options.compression[3]: LZ4
2018/12/26-16:28:17.834247 7fa45cdaf700        Options.compression[4]: LZ4
2018/12/26-16:28:17.834248 7fa45cdaf700        Options.compression[5]: LZ4
2018/12/26-16:28:17.834249 7fa45cdaf700        Options.compression[6]: LZ4
2018/12/26-16:28:17.834250 7fa45cdaf700                  Options.bottommost_compression: Disabled
2018/12/26-16:28:17.834252 7fa45cdaf700       Options.prefix_extractor: nullptr
2018/12/26-16:28:17.834253 7fa45cdaf700   Options.memtable_insert_with_hint_prefix_extractor: nullptr
2018/12/26-16:28:17.834254 7fa45cdaf700             Options.num_levels: 7
2018/12/26-16:28:17.834255 7fa45cdaf700        Options.min_write_buffer_number_to_merge: 2
2018/12/26-16:28:17.834256 7fa45cdaf700     Options.max_write_buffer_number_to_maintain: 0
2018/12/26-16:28:17.834257 7fa45cdaf700            Options.compression_opts.window_bits: -14
2018/12/26-16:28:17.834258 7fa45cdaf700                  Options.compression_opts.level: -1
2018/12/26-16:28:17.834259 7fa45cdaf700               Options.compression_opts.strategy: 0
2018/12/26-16:28:17.834260 7fa45cdaf700         Options.compression_opts.max_dict_bytes: 0
2018/12/26-16:28:17.834261 7fa45cdaf700         Options.compression_opts.zstd_max_train_bytes: 0
2018/12/26-16:28:17.834261 7fa45cdaf700      Options.level0_file_num_compaction_trigger: 2
2018/12/26-16:28:17.834262 7fa45cdaf700          Options.level0_slowdown_writes_trigger: 20
2018/12/26-16:28:17.834263 7fa45cdaf700              Options.level0_stop_writes_trigger: 36
2018/12/26-16:28:17.834264 7fa45cdaf700                   Options.target_file_size_base: 67108864
2018/12/26-16:28:17.834265 7fa45cdaf700             Options.target_file_size_multiplier: 1
2018/12/26-16:28:17.834266 7fa45cdaf700                Options.max_bytes_for_level_base: 536870912
2018/12/26-16:28:17.834267 7fa45cdaf700 Options.level_compaction_dynamic_level_bytes: 0
2018/12/26-16:28:17.834268 7fa45cdaf700          Options.max_bytes_for_level_multiplier: 10.000000
2018/12/26-16:28:17.834270 7fa45cdaf700 Options.max_bytes_for_level_multiplier_addtl[0]: 1
2018/12/26-16:28:17.834272 7fa45cdaf700 Options.max_bytes_for_level_multiplier_addtl[1]: 1
2018/12/26-16:28:17.834273 7fa45cdaf700 Options.max_bytes_for_level_multiplier_addtl[2]: 1
2018/12/26-16:28:17.834274 7fa45cdaf700 Options.max_bytes_for_level_multiplier_addtl[3]: 1
2018/12/26-16:28:17.834274 7fa45cdaf700 Options.max_bytes_for_level_multiplier_addtl[4]: 1
2018/12/26-16:28:17.834275 7fa45cdaf700 Options.max_bytes_for_level_multiplier_addtl[5]: 1
2018/12/26-16:28:17.834276 7fa45cdaf700 Options.max_bytes_for_level_multiplier_addtl[6]: 1
2018/12/26-16:28:17.834277 7fa45cdaf700       Options.max_sequential_skip_in_iterations: 8
2018/12/26-16:28:17.834278 7fa45cdaf700                    Options.max_compaction_bytes: 1677721600
2018/12/26-16:28:17.834279 7fa45cdaf700                        Options.arena_block_size: 16777216
2018/12/26-16:28:17.834280 7fa45cdaf700   Options.soft_pending_compaction_bytes_limit: 68719476736
2018/12/26-16:28:17.834281 7fa45cdaf700   Options.hard_pending_compaction_bytes_limit: 274877906944
2018/12/26-16:28:17.834288 7fa45cdaf700       Options.rate_limit_delay_max_milliseconds: 100
2018/12/26-16:28:17.834290 7fa45cdaf700                Options.disable_auto_compactions: 0
2018/12/26-16:28:17.834293 7fa45cdaf700                        Options.compaction_style: kCompactionStyleLevel
2018/12/26-16:28:17.834294 7fa45cdaf700                          Options.compaction_pri: kByCompensatedSize
2018/12/26-16:28:17.834295 7fa45cdaf700 Options.compaction_options_universal.size_ratio: 1
2018/12/26-16:28:17.834296 7fa45cdaf700 Options.compaction_options_universal.min_merge_width: 2
2018/12/26-16:28:17.834297 7fa45cdaf700 Options.compaction_options_universal.max_merge_width: 4294967295
2018/12/26-16:28:17.834298 7fa45cdaf700 Options.compaction_options_universal.max_size_amplification_percent: 200
2018/12/26-16:28:17.834300 7fa45cdaf700 Options.compaction_options_universal.compression_size_percent: -1
2018/12/26-16:28:17.834302 7fa45cdaf700 Options.compaction_options_universal.stop_style: kCompactionStopStyleTotalSize
2018/12/26-16:28:17.834303 7fa45cdaf700 Options.compaction_options_fifo.max_table_files_size: 1073741824
2018/12/26-16:28:17.834304 7fa45cdaf700 Options.compaction_options_fifo.allow_compaction: 0
2018/12/26-16:28:17.834305 7fa45cdaf700 Options.compaction_options_fifo.ttl: 0
2018/12/26-16:28:17.834306 7fa45cdaf700                   Options.table_properties_collectors: 
2018/12/26-16:28:17.834307 7fa45cdaf700                   Options.inplace_update_support: 0
2018/12/26-16:28:17.834308 7fa45cdaf700                 Options.inplace_update_num_locks: 10000
2018/12/26-16:28:17.834309 7fa45cdaf700               Options.memtable_prefix_bloom_size_ratio: 0.000000
2018/12/26-16:28:17.834310 7fa45cdaf700   Options.memtable_huge_page_size: 0
2018/12/26-16:28:17.834311 7fa45cdaf700                           Options.bloom_locality: 0
2018/12/26-16:28:17.834312 7fa45cdaf700                    Options.max_successive_merges: 0
2018/12/26-16:28:17.834313 7fa45cdaf700                Options.optimize_filters_for_hits: 0
2018/12/26-16:28:17.834314 7fa45cdaf700                Options.paranoid_file_checks: 0
2018/12/26-16:28:17.834315 7fa45cdaf700                Options.force_consistency_checks: 0
2018/12/26-16:28:17.834316 7fa45cdaf700                Options.report_bg_io_stats: 0
2018/12/26-16:28:17.834316 7fa45cdaf700                               Options.ttl: 0
2018/12/26-16:28:17.834774 7fa45cdaf700 [db/version_set.cc:3361] Recovered from manifest file:/mnt/sdb/ycsb-rocksdb-data/MANIFEST-000001 succeeded,manifest_file_number is 1, next_file_number is 3, last_sequence is 0, log_number is 0,prev_log_number is 0,max_column_family is 0,min_log_number_to_keep is 0
2018/12/26-16:28:17.834779 7fa45cdaf700 [db/version_set.cc:3369] Column family [default] (ID 0), log number is 0
2018/12/26-16:28:17.834967 7fa45cdaf700 [db/version_set.cc:2847] Creating manifest 4
2018/12/26-16:28:17.907048 7fa45cdaf700 [db/column_family.cc:475] --------------- Options for column family [usertable]:
2018/12/26-16:28:17.907053 7fa45cdaf700               Options.comparator: leveldb.BytewiseComparator
2018/12/26-16:28:17.907054 7fa45cdaf700           Options.merge_operator: None
2018/12/26-16:28:17.907055 7fa45cdaf700        Options.compaction_filter: None
2018/12/26-16:28:17.907056 7fa45cdaf700        Options.compaction_filter_factory: None
2018/12/26-16:28:17.907057 7fa45cdaf700         Options.memtable_factory: SkipListFactory
2018/12/26-16:28:17.907058 7fa45cdaf700            Options.table_factory: BlockBasedTable
2018/12/26-16:28:17.907090 7fa45cdaf700            table_factory options:   flush_block_policy_factory: FlushBlockBySizePolicyFactory (0x7fa3a4379710)
  cache_index_and_filter_blocks: 0
  cache_index_and_filter_blocks_with_high_priority: 0
  pin_l0_filter_and_index_blocks_in_cache: 0
  index_type: 0
  hash_index_allow_collision: 1
  checksum: 1
  no_block_cache: 0
  block_cache: 0x7fa3a437a830
  block_cache_name: LRUCache
  block_cache_options:
    capacity : 8388608
    num_shard_bits : 4
    strict_capacity_limit : 0
    high_pri_pool_ratio: 0.000
  block_cache_compressed: (nil)
  persistent_cache: (nil)
  block_size: 8192
  block_size_deviation: 10
  block_restart_interval: 16
  index_block_restart_interval: 1
  metadata_block_size: 4096
  partition_filters: 0
  use_delta_encoding: 1
  filter_policy: nullptr
  whole_key_filtering: 1
  verify_compression: 0
  read_amp_bytes_per_bit: 0
  format_version: 2
  enable_index_compression: 1
  block_align: 0
2018/12/26-16:28:17.907092 7fa45cdaf700        Options.write_buffer_size: 134217728
2018/12/26-16:28:17.907093 7fa45cdaf700  Options.max_write_buffer_number: 24
2018/12/26-16:28:17.907094 7fa45cdaf700        Options.compression[0]: NoCompression
2018/12/26-16:28:17.907096 7fa45cdaf700        Options.compression[1]: NoCompression
2018/12/26-16:28:17.907097 7fa45cdaf700        Options.compression[2]: LZ4
2018/12/26-16:28:17.907098 7fa45cdaf700        Options.compression[3]: LZ4
2018/12/26-16:28:17.907099 7fa45cdaf700        Options.compression[4]: LZ4
2018/12/26-16:28:17.907099 7fa45cdaf700        Options.compression[5]: LZ4
2018/12/26-16:28:17.907100 7fa45cdaf700        Options.compression[6]: LZ4
2018/12/26-16:28:17.907101 7fa45cdaf700                  Options.bottommost_compression: Disabled
2018/12/26-16:28:17.907102 7fa45cdaf700       Options.prefix_extractor: nullptr
2018/12/26-16:28:17.907103 7fa45cdaf700   Options.memtable_insert_with_hint_prefix_extractor: nullptr
2018/12/26-16:28:17.907104 7fa45cdaf700             Options.num_levels: 7
2018/12/26-16:28:17.907105 7fa45cdaf700        Options.min_write_buffer_number_to_merge: 2
2018/12/26-16:28:17.907106 7fa45cdaf700     Options.max_write_buffer_number_to_maintain: 0
2018/12/26-16:28:17.907107 7fa45cdaf700            Options.compression_opts.window_bits: -14
2018/12/26-16:28:17.907108 7fa45cdaf700                  Options.compression_opts.level: -1
2018/12/26-16:28:17.907109 7fa45cdaf700               Options.compression_opts.strategy: 0
2018/12/26-16:28:17.907110 7fa45cdaf700         Options.compression_opts.max_dict_bytes: 0
2018/12/26-16:28:17.907111 7fa45cdaf700         Options.compression_opts.zstd_max_train_bytes: 0
2018/12/26-16:28:17.907112 7fa45cdaf700      Options.level0_file_num_compaction_trigger: 2
2018/12/26-16:28:17.907113 7fa45cdaf700          Options.level0_slowdown_writes_trigger: 20
2018/12/26-16:28:17.907114 7fa45cdaf700              Options.level0_stop_writes_trigger: 36
2018/12/26-16:28:17.907115 7fa45cdaf700                   Options.target_file_size_base: 67108864
2018/12/26-16:28:17.907116 7fa45cdaf700             Options.target_file_size_multiplier: 1
2018/12/26-16:28:17.907116 7fa45cdaf700                Options.max_bytes_for_level_base: 536870912
2018/12/26-16:28:17.907117 7fa45cdaf700 Options.level_compaction_dynamic_level_bytes: 0
2018/12/26-16:28:17.907118 7fa45cdaf700          Options.max_bytes_for_level_multiplier: 10.000000
2018/12/26-16:28:17.907121 7fa45cdaf700 Options.max_bytes_for_level_multiplier_addtl[0]: 1
2018/12/26-16:28:17.907132 7fa45cdaf700 Options.max_bytes_for_level_multiplier_addtl[1]: 1
2018/12/26-16:28:17.907134 7fa45cdaf700 Options.max_bytes_for_level_multiplier_addtl[2]: 1
2018/12/26-16:28:17.907135 7fa45cdaf700 Options.max_bytes_for_level_multiplier_addtl[3]: 1
2018/12/26-16:28:17.907136 7fa45cdaf700 Options.max_bytes_for_level_multiplier_addtl[4]: 1
2018/12/26-16:28:17.907136 7fa45cdaf700 Options.max_bytes_for_level_multiplier_addtl[5]: 1
2018/12/26-16:28:17.907137 7fa45cdaf700 Options.max_bytes_for_level_multiplier_addtl[6]: 1
2018/12/26-16:28:17.907138 7fa45cdaf700       Options.max_sequential_skip_in_iterations: 8
2018/12/26-16:28:17.907139 7fa45cdaf700                    Options.max_compaction_bytes: 1677721600
2018/12/26-16:28:17.907140 7fa45cdaf700                        Options.arena_block_size: 16777216
2018/12/26-16:28:17.907141 7fa45cdaf700   Options.soft_pending_compaction_bytes_limit: 68719476736
2018/12/26-16:28:17.907142 7fa45cdaf700   Options.hard_pending_compaction_bytes_limit: 274877906944
2018/12/26-16:28:17.907143 7fa45cdaf700       Options.rate_limit_delay_max_milliseconds: 100
2018/12/26-16:28:17.907144 7fa45cdaf700                Options.disable_auto_compactions: 0
2018/12/26-16:28:17.907146 7fa45cdaf700                        Options.compaction_style: kCompactionStyleLevel
2018/12/26-16:28:17.907149 7fa45cdaf700                          Options.compaction_pri: kByCompensatedSize
2018/12/26-16:28:17.907150 7fa45cdaf700 Options.compaction_options_universal.size_ratio: 1
2018/12/26-16:28:17.907150 7fa45cdaf700 Options.compaction_options_universal.min_merge_width: 2
2018/12/26-16:28:17.907152 7fa45cdaf700 Options.compaction_options_universal.max_merge_width: 4294967295
2018/12/26-16:28:17.907153 7fa45cdaf700 Options.compaction_options_universal.max_size_amplification_percent: 200
2018/12/26-16:28:17.907154 7fa45cdaf700 Options.compaction_options_universal.compression_size_percent: -1
2018/12/26-16:28:17.907155 7fa45cdaf700 Options.compaction_options_universal.stop_style: kCompactionStopStyleTotalSize
2018/12/26-16:28:17.907157 7fa45cdaf700 Options.compaction_options_fifo.max_table_files_size: 1073741824
2018/12/26-16:28:17.907157 7fa45cdaf700 Options.compaction_options_fifo.allow_compaction: 0
2018/12/26-16:28:17.907158 7fa45cdaf700 Options.compaction_options_fifo.ttl: 0
2018/12/26-16:28:17.907159 7fa45cdaf700                   Options.table_properties_collectors: 
2018/12/26-16:28:17.907161 7fa45cdaf700                   Options.inplace_update_support: 0
2018/12/26-16:28:17.907161 7fa45cdaf700                 Options.inplace_update_num_locks: 10000
2018/12/26-16:28:17.907162 7fa45cdaf700               Options.memtable_prefix_bloom_size_ratio: 0.000000
2018/12/26-16:28:17.907164 7fa45cdaf700   Options.memtable_huge_page_size: 0
2018/12/26-16:28:17.907165 7fa45cdaf700                           Options.bloom_locality: 0
2018/12/26-16:28:17.907166 7fa45cdaf700                    Options.max_successive_merges: 0
2018/12/26-16:28:17.907167 7fa45cdaf700                Options.optimize_filters_for_hits: 0
2018/12/26-16:28:17.907168 7fa45cdaf700                Options.paranoid_file_checks: 0
2018/12/26-16:28:17.907169 7fa45cdaf700                Options.force_consistency_checks: 0
2018/12/26-16:28:17.907169 7fa45cdaf700                Options.report_bg_io_stats: 0
2018/12/26-16:28:17.907170 7fa45cdaf700                               Options.ttl: 0
2018/12/26-16:28:17.907224 7fa45cdaf700 [db/db_impl.cc:1396] Created column family [usertable] (ID 1)
2018/12/26-16:28:17.984911 7fa45cdaf700 [db/db_impl_open.cc:1219] DB pointer 0x7fa3a43c8b40
2018/12/26-16:28:26.878077 7fa45cdaf700 [db/db_impl_write.cc:1373] [usertable] New memtable created with log file: #9. Immutable memtables: 0.
2018/12/26-16:28:35.843470 7fa45c4a6700 [db/db_impl_write.cc:1373] [usertable] New memtable created with log file: #10. Immutable memtables: 1.
2018/12/26-16:28:35.843634 7fa2c17fa700 [db/db_impl_compaction_flush.cc:80] [JOB 2] Syncing log #3
2018/12/26-16:28:35.857985 7fa2c17fa700 [db/db_impl_compaction_flush.cc:80] [JOB 2] Syncing log #9
2018/12/26-16:28:36.375247 7fa2c17fa700 (Original Log Time 2018/12/26-16:28:35.843580) [db/db_impl_compaction_flush.cc:1424] Calling FlushMemTableToOutputFile with column family [usertable], flush slots available 24, compaction slots available 1, flush slots scheduled 1, compaction slots scheduled 0
2018/12/26-16:28:36.375264 7fa2c17fa700 [db/flush_job.cc:301] [usertable] [JOB 2] Flushing memtable with next log file: 9
2018/12/26-16:28:36.375276 7fa2c17fa700 [db/flush_job.cc:301] [usertable] [JOB 2] Flushing memtable with next log file: 10
2018/12/26-16:28:36.375319 7fa2c17fa700 EVENT_LOG_v1 {"time_micros": 1545870516375305, "job": 2, "event": "flush_started", "num_memtables": 2, "num_entries": 62495, "num_deletes": 0, "memory_usage": 259054696, "flush_reason": "Write Buffer Full"}
2018/12/26-16:28:36.375330 7fa2c17fa700 [db/flush_job.cc:331] [usertable] [JOB 2] Level-0 flush table #11: started
2018/12/26-16:28:38.710725 7fa2c17fa700 EVENT_LOG_v1 {"time_micros": 1545870518710699, "cf_name": "usertable", "job": 2, "event": "table_file_creation", "file_number": 11, "file_size": 258816797, "table_properties": {"data_size": 257666899, "index_size": 1148971, "filter_size": 0, "raw_key_size": 1499880, "raw_average_key_size": 24, "raw_value_size": 255979520, "raw_average_value_size": 4096, "num_data_blocks": 31248, "num_entries": 62495, "filter_policy_name": "", "kDeletedKeys": "0", "kMergeOperands": "0"}}
2018/12/26-16:28:38.710763 7fa2c17fa700 [db/flush_job.cc:371] [usertable] [JOB 2] Level-0 flush table #11: 258816797 bytes OK
2018/12/26-16:28:38.743781 7fa2c17fa700 (Original Log Time 2018/12/26-16:28:38.710780) [db/memtable_list.cc:377] [usertable] Level-0 commit table #11 started
2018/12/26-16:28:38.743786 7fa2c17fa700 (Original Log Time 2018/12/26-16:28:38.743600) [db/memtable_list.cc:409] [usertable] Level-0 commit table #11: memtable #1 done
2018/12/26-16:28:38.743787 7fa2c17fa700 (Original Log Time 2018/12/26-16:28:38.743631) [db/memtable_list.cc:409] [usertable] Level-0 commit table #11: memtable #2 done
2018/12/26-16:28:38.743789 7fa2c17fa700 (Original Log Time 2018/12/26-16:28:38.743708) EVENT_LOG_v1 {"time_micros": 1545870518743692, "job": 2, "event": "flush_finished", "output_compression": "NoCompression", "lsm_state": [1, 0, 0, 0, 0, 0, 0], "immutable_memtables": 0}
2018/12/26-16:28:38.743791 7fa2c17fa700 (Original Log Time 2018/12/26-16:28:38.743746) [db/db_impl_compaction_flush.cc:177] [usertable] Level summary: base level 1 max bytes base 536870912 files[1 0 0 0 0 0 0] max score 0.50
2018/12/26-16:28:38.743805 7fa2c17fa700 [db/db_impl_files.cc:347] [JOB 2] Try to delete WAL files size 258027251, prev total WAL file size 299935077, number of live WAL files 3.
2018/12/26-16:28:44.716889 7fa45c1a3700 [db/db_impl_write.cc:1373] [usertable] New memtable created with log file: #12. Immutable memtables: 0.
2018/12/26-16:28:53.682621 7fa45c7a9700 [db/db_impl_write.cc:1373] [usertable] New memtable created with log file: #13. Immutable memtables: 1.
2018/12/26-16:28:53.682701 7fa4127fc700 [db/db_impl_compaction_flush.cc:80] [JOB 3] Syncing log #10
2018/12/26-16:28:54.194737 7fa4127fc700 [db/db_impl_compaction_flush.cc:80] [JOB 3] Syncing log #12
2018/12/26-16:28:55.188249 7fa4127fc700 (Original Log Time 2018/12/26-16:28:53.682684) [db/db_impl_compaction_flush.cc:1424] Calling FlushMemTableToOutputFile with column family [usertable], flush slots available 24, compaction slots available 1, flush slots scheduled 1, compaction slots scheduled 0
2018/12/26-16:28:55.188268 7fa4127fc700 [db/flush_job.cc:301] [usertable] [JOB 3] Flushing memtable with next log file: 12
2018/12/26-16:28:55.188275 7fa4127fc700 [db/flush_job.cc:301] [usertable] [JOB 3] Flushing memtable with next log file: 13
2018/12/26-16:28:55.188302 7fa4127fc700 EVENT_LOG_v1 {"time_micros": 1545870535188294, "job": 3, "event": "flush_started", "num_memtables": 2, "num_entries": 62436, "num_deletes": 0, "memory_usage": 258750144, "flush_reason": "Write Buffer Full"}
2018/12/26-16:28:55.188308 7fa4127fc700 [db/flush_job.cc:331] [usertable] [JOB 3] Level-0 flush table #14: started
2018/12/26-16:28:58.953943 7fa4127fc700 EVENT_LOG_v1 {"time_micros": 1545870538953919, "cf_name": "usertable", "job": 3, "event": "table_file_creation", "file_number": 14, "file_size": 258586295, "table_properties": {"data_size": 257430566, "index_size": 1154802, "filter_size": 0, "raw_key_size": 1498464, "raw_average_key_size": 24, "raw_value_size": 255737856, "raw_average_value_size": 4096, "num_data_blocks": 31218, "num_entries": 62436, "filter_policy_name": "", "kDeletedKeys": "0", "kMergeOperands": "0"}}
2018/12/26-16:28:58.953965 7fa4127fc700 [db/flush_job.cc:371] [usertable] [JOB 3] Level-0 flush table #14: 258586295 bytes OK
2018/12/26-16:28:59.103693 7fa4127fc700 (Original Log Time 2018/12/26-16:28:58.953978) [db/memtable_list.cc:377] [usertable] Level-0 commit table #14 started
2018/12/26-16:28:59.103697 7fa4127fc700 (Original Log Time 2018/12/26-16:28:59.103588) [db/memtable_list.cc:409] [usertable] Level-0 commit table #14: memtable #1 done
2018/12/26-16:28:59.103699 7fa4127fc700 (Original Log Time 2018/12/26-16:28:59.103593) [db/memtable_list.cc:409] [usertable] Level-0 commit table #14: memtable #2 done
2018/12/26-16:28:59.103700 7fa4127fc700 (Original Log Time 2018/12/26-16:28:59.103620) EVENT_LOG_v1 {"time_micros": 1545870539103611, "job": 3, "event": "flush_finished", "output_compression": "NoCompression", "lsm_state": [2, 0, 0, 0, 0, 0, 0], "immutable_memtables": 0}
2018/12/26-16:28:59.103702 7fa4127fc700 (Original Log Time 2018/12/26-16:28:59.103670) [db/db_impl_compaction_flush.cc:177] [usertable] Level summary: base level 1 max bytes base 536870912 files[2 0 0 0 0 0 0] max score 1.00
2018/12/26-16:28:59.103713 7fa4127fc700 [db/db_impl_files.cc:347] [JOB 3] Try to delete WAL files size 257783412, prev total WAL file size 336134188, number of live WAL files 3.
2018/12/26-16:28:59.103928 7fa412ffd700 [WARN] [db/db_impl.cc:491] ------- DUMPING STATS -------
2018/12/26-16:28:59.103981 7fa412ffd700 [WARN] [db/db_impl.cc:492] 
** DB Stats **
Uptime(secs): 41.3 total, 41.3 interval
Cumulative writes: 143K writes, 143K keys, 141K commit groups, 1.0 writes per commit group, ingest: 0.55 GB, 13.73 MB/s
Cumulative WAL: 143K writes, 0 syncs, 143907.00 writes per sync, written: 0.55 GB, 13.73 MB/s
Cumulative stall: 00:00:0.000 H:M:S, 0.0 percent
Interval writes: 143K writes, 143K keys, 141K commit groups, 1.0 writes per commit group, ingest: 566.64 MB, 13.73 MB/s
Interval WAL: 143K writes, 0 syncs, 143907.00 writes per sync, written: 0.55 MB, 13.73 MB/s
Interval stall: 00:00:0.000 H:M:S, 0.0 percent

** Compaction Stats [default] **
Level    Files   Size     Score Read(GB)  Rn(GB) Rnp1(GB) Write(GB) Wnew(GB) Moved(GB) W-Amp Rd(MB/s) Wr(MB/s) Comp(sec) Comp(cnt) Avg(sec) KeyIn KeyDrop
----------------------------------------------------------------------------------------------------------------------------------------------------------
 Sum      0/0    0.00 KB   0.0      0.0     0.0      0.0       0.0      0.0       0.0   0.0      0.0      0.0         0         0    0.000       0      0
 Int      0/0    0.00 KB   0.0      0.0     0.0      0.0       0.0      0.0       0.0   0.0      0.0      0.0         0         0    0.000       0      0
Uptime(secs): 41.3 total, 41.3 interval
Flush(GB): cumulative 0.000, interval 0.000
AddFile(GB): cumulative 0.000, interval 0.000
AddFile(Total Files): cumulative 0, interval 0
AddFile(L0 Files): cumulative 0, interval 0
AddFile(Keys): cumulative 0, interval 0
Cumulative compaction: 0.00 GB write, 0.00 MB/s write, 0.00 GB read, 0.00 MB/s read, 0.0 seconds
Interval compaction: 0.00 GB write, 0.00 MB/s write, 0.00 GB read, 0.00 MB/s read, 0.0 seconds
Stalls(count): 0 level0_slowdown, 0 level0_slowdown_with_compaction, 0 level0_numfiles, 0 level0_numfiles_with_compaction, 0 stop for pending_compaction_bytes, 0 slowdown for pending_compaction_bytes, 0 memtable_compaction, 0 memtable_slowdown, interval 0 total count

** File Read Latency Histogram By Level [default] **

** Compaction Stats [usertable] **
Level    Files   Size     Score Read(GB)  Rn(GB) Rnp1(GB) Write(GB) Wnew(GB) Moved(GB) W-Amp Rd(MB/s) Wr(MB/s) Comp(sec) Comp(cnt) Avg(sec) KeyIn KeyDrop
----------------------------------------------------------------------------------------------------------------------------------------------------------
  L0      2/0   493.43 MB   1.0      0.0     0.0      0.0       0.5      0.5       0.0   1.0      0.0     80.9         6         2    3.051       0      0
 Sum      2/0   493.43 MB   0.0      0.0     0.0      0.0       0.5      0.5       0.0   1.0      0.0     80.9         6         2    3.051       0      0
 Int      0/0    0.00 KB   0.0      0.0     0.0      0.0       0.5      0.5       0.0   1.0      0.0     80.9         6         2    3.051       0      0
Uptime(secs): 41.2 total, 41.2 interval
Flush(GB): cumulative 0.482, interval 0.482
AddFile(GB): cumulative 0.000, interval 0.000
AddFile(Total Files): cumulative 0, interval 0
AddFile(L0 Files): cumulative 0, interval 0
AddFile(Keys): cumulative 0, interval 0
Cumulative compaction: 0.48 GB write, 11.98 MB/s write, 0.00 GB read, 0.00 MB/s read, 6.1 seconds
Interval compaction: 0.48 GB write, 11.98 MB/s write, 0.00 GB read, 0.00 MB/s read, 6.1 seconds
Stalls(count): 0 level0_slowdown, 0 level0_slowdown_with_compaction, 0 level0_numfiles, 0 level0_numfiles_with_compaction, 0 stop for pending_compaction_bytes, 0 slowdown for pending_compaction_bytes, 0 memtable_compaction, 0 memtable_slowdown, interval 0 total count

** File Read Latency Histogram By Level [usertable] **

** Compaction Stats [default] **
Level    Files   Size     Score Read(GB)  Rn(GB) Rnp1(GB) Write(GB) Wnew(GB) Moved(GB) W-Amp Rd(MB/s) Wr(MB/s) Comp(sec) Comp(cnt) Avg(sec) KeyIn KeyDrop
----------------------------------------------------------------------------------------------------------------------------------------------------------
 Sum      0/0    0.00 KB   0.0      0.0     0.0      0.0       0.0      0.0       0.0   0.0      0.0      0.0         0         0    0.000       0      0
 Int      0/0    0.00 KB   0.0      0.0     0.0      0.0       0.0      0.0       0.0   0.0      0.0      0.0         0         0    0.000       0      0
Uptime(secs): 41.3 total, 0.0 interval
Flush(GB): cumulative 0.000, interval 0.000
AddFile(GB): cumulative 0.000, interval 0.000
AddFile(Total Files): cumulative 0, interval 0
AddFile(L0 Files): cumulative 0, interval 0
AddFile(Keys): cumulative 0, interval 0
Cumulative compaction: 0.00 GB write, 0.00 MB/s write, 0.00 GB read, 0.00 MB/s read, 0.0 seconds
Interval compaction: 0.00 GB write, 0.00 MB/s write, 0.00 GB read, 0.00 MB/s read, 0.0 seconds
Stalls(count): 0 level0_slowdown, 0 level0_slowdown_with_compaction, 0 level0_numfiles, 0 level0_numfiles_with_compaction, 0 stop for pending_compaction_bytes, 0 slowdown for pending_compaction_bytes, 0 memtable_compaction, 0 memtable_slowdown, interval 0 total count

** File Read Latency Histogram By Level [default] **

** Compaction Stats [usertable] **
Level    Files   Size     Score Read(GB)  Rn(GB) Rnp1(GB) Write(GB) Wnew(GB) Moved(GB) W-Amp Rd(MB/s) Wr(MB/s) Comp(sec) Comp(cnt) Avg(sec) KeyIn KeyDrop
----------------------------------------------------------------------------------------------------------------------------------------------------------
  L0      2/0   493.43 MB   1.0      0.0     0.0      0.0       0.5      0.5       0.0   1.0      0.0     80.9         6         2    3.051       0      0
 Sum      2/0   493.43 MB   0.0      0.0     0.0      0.0       0.5      0.5       0.0   1.0      0.0     80.9         6         2    3.051       0      0
 Int      0/0    0.00 KB   0.0      0.0     0.0      0.0       0.0      0.0       0.0   0.0      0.0      0.0         0         0    0.000       0      0
Uptime(secs): 41.2 total, 0.0 interval
Flush(GB): cumulative 0.482, interval 0.000
AddFile(GB): cumulative 0.000, interval 0.000
AddFile(Total Files): cumulative 0, interval 0
AddFile(L0 Files): cumulative 0, interval 0
AddFile(Keys): cumulative 0, interval 0
Cumulative compaction: 0.48 GB write, 11.98 MB/s write, 0.00 GB read, 0.00 MB/s read, 6.1 seconds
Interval compaction: 0.00 GB write, 0.00 MB/s write, 0.00 GB read, 0.00 MB/s read, 0.0 seconds
Stalls(count): 0 level0_slowdown, 0 level0_slowdown_with_compaction, 0 level0_numfiles, 0 level0_numfiles_with_compaction, 0 stop for pending_compaction_bytes, 0 slowdown for pending_compaction_bytes, 0 memtable_compaction, 0 memtable_slowdown, interval 0 total count

** File Read Latency Histogram By Level [usertable] **
2018/12/26-16:28:59.278680 7fa412ffd700 (Original Log Time 2018/12/26-16:28:59.104073) [db/db_impl_compaction_flush.cc:1835] [usertable] Moving #11 to level-1 258816797 bytes
2018/12/26-16:28:59.278684 7fa412ffd700 (Original Log Time 2018/12/26-16:28:59.278620) EVENT_LOG_v1 {"time_micros": 1545870539278607, "job": 4, "event": "trivial_move", "destination_level": 1, "files": 1, "total_files_size": 258816797}
2018/12/26-16:28:59.278686 7fa412ffd700 (Original Log Time 2018/12/26-16:28:59.278637) [db/db_impl_compaction_flush.cc:1864] [usertable] Moved #1 files to level-1 258816797 bytes OK: base level 1 max bytes base 536870912 files[1 1 0 0 0 0 0] max score 0.50
2018/12/26-16:29:02.647881 7fa45c2a4700 [db/db_impl_write.cc:1373] [usertable] New memtable created with log file: #15. Immutable memtables: 0.
2018/12/26-16:29:11.120331 7fa45cdaf700 [db/db_impl_write.cc:1373] [usertable] New memtable created with log file: #16. Immutable memtables: 1.
2018/12/26-16:29:11.120429 7fa411ffb700 [db/db_impl_compaction_flush.cc:80] [JOB 5] Syncing log #13
2018/12/26-16:29:11.646122 7fa411ffb700 [db/db_impl_compaction_flush.cc:80] [JOB 5] Syncing log #15
2018/12/26-16:29:12.790408 7fa411ffb700 (Original Log Time 2018/12/26-16:29:11.120407) [db/db_impl_compaction_flush.cc:1424] Calling FlushMemTableToOutputFile with column family [usertable], flush slots available 24, compaction slots available 1, flush slots scheduled 1, compaction slots scheduled 0
2018/12/26-16:29:12.790437 7fa411ffb700 [db/flush_job.cc:301] [usertable] [JOB 5] Flushing memtable with next log file: 15
2018/12/26-16:29:12.790445 7fa411ffb700 [db/flush_job.cc:301] [usertable] [JOB 5] Flushing memtable with next log file: 16
2018/12/26-16:29:12.790481 7fa411ffb700 EVENT_LOG_v1 {"time_micros": 1545870552790470, "job": 5, "event": "flush_started", "num_memtables": 2, "num_entries": 61034, "num_deletes": 0, "memory_usage": 257096144, "flush_reason": "Write Buffer Full"}
2018/12/26-16:29:12.790488 7fa411ffb700 [db/flush_job.cc:331] [usertable] [JOB 5] Level-0 flush table #17: started
2018/12/26-16:29:14.997544 7fa411ffb700 EVENT_LOG_v1 {"time_micros": 1545870554997510, "cf_name": "usertable", "job": 5, "event": "table_file_creation", "file_number": 17, "file_size": 252779754, "table_properties": {"data_size": 251649962, "index_size": 1128865, "filter_size": 0, "raw_key_size": 1464816, "raw_average_key_size": 24, "raw_value_size": 249995264, "raw_average_value_size": 4096, "num_data_blocks": 30517, "num_entries": 61034, "filter_policy_name": "", "kDeletedKeys": "0", "kMergeOperands": "0"}}
2018/12/26-16:29:14.997568 7fa411ffb700 [db/flush_job.cc:371] [usertable] [JOB 5] Level-0 flush table #17: 252779754 bytes OK
2018/12/26-16:29:15.066620 7fa411ffb700 (Original Log Time 2018/12/26-16:29:14.997585) [db/memtable_list.cc:377] [usertable] Level-0 commit table #17 started
2018/12/26-16:29:15.066624 7fa411ffb700 (Original Log Time 2018/12/26-16:29:15.066506) [db/memtable_list.cc:409] [usertable] Level-0 commit table #17: memtable #1 done
2018/12/26-16:29:15.066627 7fa411ffb700 (Original Log Time 2018/12/26-16:29:15.066510) [db/memtable_list.cc:409] [usertable] Level-0 commit table #17: memtable #2 done
2018/12/26-16:29:15.066628 7fa411ffb700 (Original Log Time 2018/12/26-16:29:15.066545) EVENT_LOG_v1 {"time_micros": 1545870555066533, "job": 5, "event": "flush_finished", "output_compression": "NoCompression", "lsm_state": [2, 1, 0, 0, 0, 0, 0], "immutable_memtables": 0}
2018/12/26-16:29:15.066630 7fa411ffb700 (Original Log Time 2018/12/26-16:29:15.066585) [db/db_impl_compaction_flush.cc:177] [usertable] Level summary: base level 1 max bytes base 536870912 files[2 1 0 0 0 0 0] max score 1.00
