2018/11/01-09:57:21.706885 7ff3ca5fb700 RocksDB version: 5.14.3
2018/11/01-09:57:21.706947 7ff3ca5fb700 Git sha rocksdb_build_git_sha:
2018/11/01-09:57:21.706950 7ff3ca5fb700 Compile date Oct 15 2018
2018/11/01-09:57:21.706955 7ff3ca5fb700 DB SUMMARY
2018/11/01-09:57:21.707432 7ff3ca5fb700 CURRENT file:  CURRENT
2018/11/01-09:57:21.707436 7ff3ca5fb700 IDENTITY file:  IDENTITY
2018/11/01-09:57:21.707451 7ff3ca5fb700 MANIFEST file:  MANIFEST-035380 size: 58476 Bytes
2018/11/01-09:57:21.707454 7ff3ca5fb700 SST files in /mnt/sdb1/ycsb-rocksdb-data dir, Total Num: 282, files: 029371.sst 029924.sst 031323.sst 032281.sst 032705.sst 032726.sst 032730.sst 032996.sst 033012.sst 
2018/11/01-09:57:21.707456 7ff3ca5fb700 Write Ahead Log file in /mnt/sdb1/ycsb-rocksdb-data: 035974.log size: 96286005 ; 035984.log size: 67733954 ; 
2018/11/01-09:57:21.707462 7ff3ca5fb700                         Options.error_if_exists: 0
2018/11/01-09:57:21.707464 7ff3ca5fb700                       Options.create_if_missing: 1
2018/11/01-09:57:21.707465 7ff3ca5fb700                         Options.paranoid_checks: 1
2018/11/01-09:57:21.707466 7ff3ca5fb700                                     Options.env: 0x7ff3c8bc43e0
2018/11/01-09:57:21.707467 7ff3ca5fb700                                Options.info_log: 0x7ff2f43d7f70
2018/11/01-09:57:21.707468 7ff3ca5fb700                Options.max_file_opening_threads: 16
2018/11/01-09:57:21.707468 7ff3ca5fb700                              Options.statistics: (nil)
2018/11/01-09:57:21.707469 7ff3ca5fb700                               Options.use_fsync: 0
2018/11/01-09:57:21.707471 7ff3ca5fb700                       Options.max_log_file_size: 0
2018/11/01-09:57:21.707471 7ff3ca5fb700                  Options.max_manifest_file_size: 18446744073709551615
2018/11/01-09:57:21.707472 7ff3ca5fb700                   Options.log_file_time_to_roll: 0
2018/11/01-09:57:21.707473 7ff3ca5fb700                       Options.keep_log_file_num: 1000
2018/11/01-09:57:21.707474 7ff3ca5fb700                    Options.recycle_log_file_num: 0
2018/11/01-09:57:21.707475 7ff3ca5fb700                         Options.allow_fallocate: 1
2018/11/01-09:57:21.707476 7ff3ca5fb700                        Options.allow_mmap_reads: 0
2018/11/01-09:57:21.707477 7ff3ca5fb700                       Options.allow_mmap_writes: 0
2018/11/01-09:57:21.707477 7ff3ca5fb700                        Options.use_direct_reads: 0
2018/11/01-09:57:21.707478 7ff3ca5fb700                        Options.use_direct_io_for_flush_and_compaction: 0
2018/11/01-09:57:21.707479 7ff3ca5fb700          Options.create_missing_column_families: 1
2018/11/01-09:57:21.707480 7ff3ca5fb700                              Options.db_log_dir: 
2018/11/01-09:57:21.707481 7ff3ca5fb700                                 Options.wal_dir: /mnt/sdb1/ycsb-rocksdb-data
2018/11/01-09:57:21.707482 7ff3ca5fb700                Options.table_cache_numshardbits: 6
2018/11/01-09:57:21.707482 7ff3ca5fb700                      Options.max_subcompactions: 4
2018/11/01-09:57:21.707483 7ff3ca5fb700                  Options.max_background_flushes: 24
2018/11/01-09:57:21.707484 7ff3ca5fb700                         Options.WAL_ttl_seconds: 0
2018/11/01-09:57:21.707485 7ff3ca5fb700                       Options.WAL_size_limit_MB: 0
2018/11/01-09:57:21.707486 7ff3ca5fb700             Options.manifest_preallocation_size: 4194304
2018/11/01-09:57:21.707487 7ff3ca5fb700                     Options.is_fd_close_on_exec: 1
2018/11/01-09:57:21.707487 7ff3ca5fb700                   Options.advise_random_on_open: 1
2018/11/01-09:57:21.707488 7ff3ca5fb700                    Options.db_write_buffer_size: 0
2018/11/01-09:57:21.707489 7ff3ca5fb700                    Options.write_buffer_manager: 0x7ff2f43d28e0
2018/11/01-09:57:21.707490 7ff3ca5fb700         Options.access_hint_on_compaction_start: 1
2018/11/01-09:57:21.707490 7ff3ca5fb700  Options.new_table_reader_for_compaction_inputs: 0
2018/11/01-09:57:21.707491 7ff3ca5fb700           Options.random_access_max_buffer_size: 1048576
2018/11/01-09:57:21.707492 7ff3ca5fb700                      Options.use_adaptive_mutex: 0
2018/11/01-09:57:21.707493 7ff3ca5fb700                            Options.rate_limiter: (nil)
2018/11/01-09:57:21.707509 7ff3ca5fb700     Options.sst_file_manager.rate_bytes_per_sec: 0
2018/11/01-09:57:21.707510 7ff3ca5fb700                       Options.wal_recovery_mode: 2
2018/11/01-09:57:21.707511 7ff3ca5fb700                  Options.enable_thread_tracking: 0
2018/11/01-09:57:21.707512 7ff3ca5fb700                  Options.enable_pipelined_write: 1
2018/11/01-09:57:21.707513 7ff3ca5fb700         Options.allow_concurrent_memtable_write: 1
2018/11/01-09:57:21.707513 7ff3ca5fb700      Options.enable_write_thread_adaptive_yield: 1
2018/11/01-09:57:21.707514 7ff3ca5fb700             Options.write_thread_max_yield_usec: 100
2018/11/01-09:57:21.707515 7ff3ca5fb700            Options.write_thread_slow_yield_usec: 3
2018/11/01-09:57:21.707516 7ff3ca5fb700                               Options.row_cache: None
2018/11/01-09:57:21.707517 7ff3ca5fb700                              Options.wal_filter: None
2018/11/01-09:57:21.707518 7ff3ca5fb700             Options.avoid_flush_during_recovery: 0
2018/11/01-09:57:21.707518 7ff3ca5fb700             Options.allow_ingest_behind: 0
2018/11/01-09:57:21.707519 7ff3ca5fb700             Options.preserve_deletes: 0
2018/11/01-09:57:21.707520 7ff3ca5fb700             Options.two_write_queues: 0
2018/11/01-09:57:21.707521 7ff3ca5fb700             Options.manual_wal_flush: 0
2018/11/01-09:57:21.707523 7ff3ca5fb700             Options.max_background_jobs: 24
2018/11/01-09:57:21.707524 7ff3ca5fb700             Options.max_background_compactions: 24
2018/11/01-09:57:21.707524 7ff3ca5fb700             Options.avoid_flush_during_shutdown: 0
2018/11/01-09:57:21.707525 7ff3ca5fb700           Options.writable_file_max_buffer_size: 1048576
2018/11/01-09:57:21.707526 7ff3ca5fb700             Options.delayed_write_rate : 16777216
2018/11/01-09:57:21.707527 7ff3ca5fb700             Options.max_total_wal_size: 0
2018/11/01-09:57:21.707528 7ff3ca5fb700             Options.delete_obsolete_files_period_micros: 21600000000
2018/11/01-09:57:21.707529 7ff3ca5fb700                   Options.stats_dump_period_sec: 60
2018/11/01-09:57:21.707529 7ff3ca5fb700                          Options.max_open_files: -1
2018/11/01-09:57:21.707530 7ff3ca5fb700                          Options.bytes_per_sync: 1048576
2018/11/01-09:57:21.707531 7ff3ca5fb700                      Options.wal_bytes_per_sync: 0
2018/11/01-09:57:21.707532 7ff3ca5fb700       Options.compaction_readahead_size: 0
2018/11/01-09:57:21.707533 7ff3ca5fb700 Compression algorithms supported:
2018/11/01-09:57:21.707534 7ff3ca5fb700 	kZSTDNotFinalCompression supported: 1
2018/11/01-09:57:21.707542 7ff3ca5fb700 	kZSTD supported: 1
2018/11/01-09:57:21.707544 7ff3ca5fb700 	kXpressCompression supported: 0
2018/11/01-09:57:21.707545 7ff3ca5fb700 	kLZ4HCCompression supported: 1
2018/11/01-09:57:21.707546 7ff3ca5fb700 	kLZ4Compression supported: 1
2018/11/01-09:57:21.707547 7ff3ca5fb700 	kBZip2Compression supported: 1
2018/11/01-09:57:21.707548 7ff3ca5fb700 	kZlibCompression supported: 1
2018/11/01-09:57:21.707549 7ff3ca5fb700 	kSnappyCompression supported: 1
2018/11/01-09:57:21.707553 7ff3ca5fb700 Fast CRC32 supported: Supported on x86
2018/11/01-09:57:21.708583 7ff3ca5fb700 [db/version_set.cc:3085] Recovering from manifest file: MANIFEST-035380
2018/11/01-09:57:21.708676 7ff3ca5fb700 [db/column_family.cc:475] --------------- Options for column family [default]:
2018/11/01-09:57:21.708679 7ff3ca5fb700               Options.comparator: leveldb.BytewiseComparator
2018/11/01-09:57:21.708681 7ff3ca5fb700           Options.merge_operator: None
2018/11/01-09:57:21.708682 7ff3ca5fb700        Options.compaction_filter: None
2018/11/01-09:57:21.708683 7ff3ca5fb700        Options.compaction_filter_factory: None
2018/11/01-09:57:21.708684 7ff3ca5fb700         Options.memtable_factory: SkipListFactory
2018/11/01-09:57:21.708685 7ff3ca5fb700            Options.table_factory: BlockBasedTable
2018/11/01-09:57:21.708717 7ff3ca5fb700            table_factory options:   flush_block_policy_factory: FlushBlockBySizePolicyFactory (0x7ff2f43889f0)
  cache_index_and_filter_blocks: 0
  cache_index_and_filter_blocks_with_high_priority: 0
  pin_l0_filter_and_index_blocks_in_cache: 0
  index_type: 0
  hash_index_allow_collision: 1
  checksum: 1
  no_block_cache: 0
  block_cache: 0x7ff2f4394260
  block_cache_name: LRUCache
  block_cache_options:
    capacity : 8388608
    num_shard_bits : 4
    strict_capacity_limit : 0
    high_pri_pool_ratio: 0.000
  block_cache_compressed: (nil)
  persistent_cache: (nil)
  block_size: 8192
  block_size_deviation: 10
  block_restart_interval: 16
  index_block_restart_interval: 1
  metadata_block_size: 4096
  partition_filters: 0
  use_delta_encoding: 1
  filter_policy: nullptr
  whole_key_filtering: 1
  verify_compression: 0
  read_amp_bytes_per_bit: 0
  format_version: 2
  enable_index_compression: 1
  block_align: 0
2018/11/01-09:57:21.708731 7ff3ca5fb700        Options.write_buffer_size: 134217728
2018/11/01-09:57:21.708733 7ff3ca5fb700  Options.max_write_buffer_number: 24
2018/11/01-09:57:21.708734 7ff3ca5fb700        Options.compression[0]: NoCompression
2018/11/01-09:57:21.708735 7ff3ca5fb700        Options.compression[1]: NoCompression
2018/11/01-09:57:21.708736 7ff3ca5fb700        Options.compression[2]: LZ4
2018/11/01-09:57:21.708737 7ff3ca5fb700        Options.compression[3]: LZ4
2018/11/01-09:57:21.708738 7ff3ca5fb700        Options.compression[4]: LZ4
2018/11/01-09:57:21.708739 7ff3ca5fb700        Options.compression[5]: LZ4
2018/11/01-09:57:21.708740 7ff3ca5fb700        Options.compression[6]: LZ4
2018/11/01-09:57:21.708741 7ff3ca5fb700                  Options.bottommost_compression: Disabled
2018/11/01-09:57:21.708742 7ff3ca5fb700       Options.prefix_extractor: nullptr
2018/11/01-09:57:21.708743 7ff3ca5fb700   Options.memtable_insert_with_hint_prefix_extractor: nullptr
2018/11/01-09:57:21.708744 7ff3ca5fb700             Options.num_levels: 7
2018/11/01-09:57:21.708745 7ff3ca5fb700        Options.min_write_buffer_number_to_merge: 2
2018/11/01-09:57:21.708746 7ff3ca5fb700     Options.max_write_buffer_number_to_maintain: 0
2018/11/01-09:57:21.708746 7ff3ca5fb700            Options.compression_opts.window_bits: -14
2018/11/01-09:57:21.708747 7ff3ca5fb700                  Options.compression_opts.level: -1
2018/11/01-09:57:21.708748 7ff3ca5fb700               Options.compression_opts.strategy: 0
2018/11/01-09:57:21.708749 7ff3ca5fb700         Options.compression_opts.max_dict_bytes: 0
2018/11/01-09:57:21.708750 7ff3ca5fb700         Options.compression_opts.zstd_max_train_bytes: 0
2018/11/01-09:57:21.708751 7ff3ca5fb700      Options.level0_file_num_compaction_trigger: 2
2018/11/01-09:57:21.708752 7ff3ca5fb700          Options.level0_slowdown_writes_trigger: 20
2018/11/01-09:57:21.708753 7ff3ca5fb700              Options.level0_stop_writes_trigger: 36
2018/11/01-09:57:21.708754 7ff3ca5fb700                   Options.target_file_size_base: 67108864
2018/11/01-09:57:21.708755 7ff3ca5fb700             Options.target_file_size_multiplier: 1
2018/11/01-09:57:21.708755 7ff3ca5fb700                Options.max_bytes_for_level_base: 536870912
2018/11/01-09:57:21.708756 7ff3ca5fb700 Options.level_compaction_dynamic_level_bytes: 0
2018/11/01-09:57:21.708757 7ff3ca5fb700          Options.max_bytes_for_level_multiplier: 10.000000
2018/11/01-09:57:21.708761 7ff3ca5fb700 Options.max_bytes_for_level_multiplier_addtl[0]: 1
2018/11/01-09:57:21.708762 7ff3ca5fb700 Options.max_bytes_for_level_multiplier_addtl[1]: 1
2018/11/01-09:57:21.708762 7ff3ca5fb700 Options.max_bytes_for_level_multiplier_addtl[2]: 1
2018/11/01-09:57:21.708763 7ff3ca5fb700 Options.max_bytes_for_level_multiplier_addtl[3]: 1
2018/11/01-09:57:21.708764 7ff3ca5fb700 Options.max_bytes_for_level_multiplier_addtl[4]: 1
2018/11/01-09:57:21.708765 7ff3ca5fb700 Options.max_bytes_for_level_multiplier_addtl[5]: 1
2018/11/01-09:57:21.708766 7ff3ca5fb700 Options.max_bytes_for_level_multiplier_addtl[6]: 1
2018/11/01-09:57:21.708767 7ff3ca5fb700       Options.max_sequential_skip_in_iterations: 8
2018/11/01-09:57:21.708768 7ff3ca5fb700                    Options.max_compaction_bytes: 1677721600
2018/11/01-09:57:21.708774 7ff3ca5fb700                        Options.arena_block_size: 16777216
2018/11/01-09:57:21.708776 7ff3ca5fb700   Options.soft_pending_compaction_bytes_limit: 68719476736
2018/11/01-09:57:21.708776 7ff3ca5fb700   Options.hard_pending_compaction_bytes_limit: 274877906944
2018/11/01-09:57:21.708777 7ff3ca5fb700       Options.rate_limit_delay_max_milliseconds: 100
2018/11/01-09:57:21.708778 7ff3ca5fb700                Options.disable_auto_compactions: 0
2018/11/01-09:57:21.708780 7ff3ca5fb700                        Options.compaction_style: kCompactionStyleLevel
2018/11/01-09:57:21.708782 7ff3ca5fb700                          Options.compaction_pri: kByCompensatedSize
2018/11/01-09:57:21.708783 7ff3ca5fb700 Options.compaction_options_universal.size_ratio: 1
2018/11/01-09:57:21.708784 7ff3ca5fb700 Options.compaction_options_universal.min_merge_width: 2
2018/11/01-09:57:21.708785 7ff3ca5fb700 Options.compaction_options_universal.max_merge_width: 4294967295
2018/11/01-09:57:21.708786 7ff3ca5fb700 Options.compaction_options_universal.max_size_amplification_percent: 200
2018/11/01-09:57:21.708786 7ff3ca5fb700 Options.compaction_options_universal.compression_size_percent: -1
2018/11/01-09:57:21.708788 7ff3ca5fb700 Options.compaction_options_universal.stop_style: kCompactionStopStyleTotalSize
2018/11/01-09:57:21.708789 7ff3ca5fb700 Options.compaction_options_fifo.max_table_files_size: 1073741824
2018/11/01-09:57:21.708790 7ff3ca5fb700 Options.compaction_options_fifo.allow_compaction: 0
2018/11/01-09:57:21.708791 7ff3ca5fb700 Options.compaction_options_fifo.ttl: 0
2018/11/01-09:57:21.708792 7ff3ca5fb700                   Options.table_properties_collectors: 
2018/11/01-09:57:21.708793 7ff3ca5fb700                   Options.inplace_update_support: 0
2018/11/01-09:57:21.708794 7ff3ca5fb700                 Options.inplace_update_num_locks: 10000
2018/11/01-09:57:21.708795 7ff3ca5fb700               Options.memtable_prefix_bloom_size_ratio: 0.000000
2018/11/01-09:57:21.708796 7ff3ca5fb700   Options.memtable_huge_page_size: 0
2018/11/01-09:57:21.708797 7ff3ca5fb700                           Options.bloom_locality: 0
2018/11/01-09:57:21.708798 7ff3ca5fb700                    Options.max_successive_merges: 0
2018/11/01-09:57:21.708799 7ff3ca5fb700                Options.optimize_filters_for_hits: 0
2018/11/01-09:57:21.708800 7ff3ca5fb700                Options.paranoid_file_checks: 0
2018/11/01-09:57:21.708801 7ff3ca5fb700                Options.force_consistency_checks: 0
2018/11/01-09:57:21.708802 7ff3ca5fb700                Options.report_bg_io_stats: 0
2018/11/01-09:57:21.708803 7ff3ca5fb700                               Options.ttl: 0
2018/11/01-09:57:21.709367 7ff3ca5fb700 [db/column_family.cc:475] --------------- Options for column family [usertable]:
2018/11/01-09:57:21.709370 7ff3ca5fb700               Options.comparator: leveldb.BytewiseComparator
2018/11/01-09:57:21.709371 7ff3ca5fb700           Options.merge_operator: None
2018/11/01-09:57:21.709372 7ff3ca5fb700        Options.compaction_filter: None
2018/11/01-09:57:21.709373 7ff3ca5fb700        Options.compaction_filter_factory: None
2018/11/01-09:57:21.709374 7ff3ca5fb700         Options.memtable_factory: SkipListFactory
2018/11/01-09:57:21.709375 7ff3ca5fb700            Options.table_factory: BlockBasedTable
2018/11/01-09:57:21.709398 7ff3ca5fb700            table_factory options:   flush_block_policy_factory: FlushBlockBySizePolicyFactory (0x7ff2f43889d0)
  cache_index_and_filter_blocks: 0
  cache_index_and_filter_blocks_with_high_priority: 0
  pin_l0_filter_and_index_blocks_in_cache: 0
  index_type: 0
  hash_index_allow_collision: 1
  checksum: 1
  no_block_cache: 0
  block_cache: 0x7ff2f4395f20
  block_cache_name: LRUCache
  block_cache_options:
    capacity : 8388608
    num_shard_bits : 4
    strict_capacity_limit : 0
    high_pri_pool_ratio: 0.000
  block_cache_compressed: (nil)
  persistent_cache: (nil)
  block_size: 8192
  block_size_deviation: 10
  block_restart_interval: 16
  index_block_restart_interval: 1
  metadata_block_size: 4096
  partition_filters: 0
  use_delta_encoding: 1
  filter_policy: nullptr
  whole_key_filtering: 1
  verify_compression: 0
  read_amp_bytes_per_bit: 0
  format_version: 2
  enable_index_compression: 1
  block_align: 0
2018/11/01-09:57:21.709409 7ff3ca5fb700        Options.write_buffer_size: 134217728
2018/11/01-09:57:21.709410 7ff3ca5fb700  Options.max_write_buffer_number: 24
2018/11/01-09:57:21.709411 7ff3ca5fb700        Options.compression[0]: NoCompression
2018/11/01-09:57:21.709412 7ff3ca5fb700        Options.compression[1]: NoCompression
2018/11/01-09:57:21.709413 7ff3ca5fb700        Options.compression[2]: LZ4
2018/11/01-09:57:21.709414 7ff3ca5fb700        Options.compression[3]: LZ4
2018/11/01-09:57:21.709415 7ff3ca5fb700        Options.compression[4]: LZ4
2018/11/01-09:57:21.709416 7ff3ca5fb700        Options.compression[5]: LZ4
2018/11/01-09:57:21.709417 7ff3ca5fb700        Options.compression[6]: LZ4
2018/11/01-09:57:21.709417 7ff3ca5fb700                  Options.bottommost_compression: Disabled
2018/11/01-09:57:21.709418 7ff3ca5fb700       Options.prefix_extractor: nullptr
2018/11/01-09:57:21.709419 7ff3ca5fb700   Options.memtable_insert_with_hint_prefix_extractor: nullptr
2018/11/01-09:57:21.709420 7ff3ca5fb700             Options.num_levels: 7
2018/11/01-09:57:21.709421 7ff3ca5fb700        Options.min_write_buffer_number_to_merge: 2
2018/11/01-09:57:21.709422 7ff3ca5fb700     Options.max_write_buffer_number_to_maintain: 0
2018/11/01-09:57:21.709423 7ff3ca5fb700            Options.compression_opts.window_bits: -14
2018/11/01-09:57:21.709423 7ff3ca5fb700                  Options.compression_opts.level: -1
2018/11/01-09:57:21.709424 7ff3ca5fb700               Options.compression_opts.strategy: 0
2018/11/01-09:57:21.709425 7ff3ca5fb700         Options.compression_opts.max_dict_bytes: 0
2018/11/01-09:57:21.709426 7ff3ca5fb700         Options.compression_opts.zstd_max_train_bytes: 0
2018/11/01-09:57:21.709427 7ff3ca5fb700      Options.level0_file_num_compaction_trigger: 2
2018/11/01-09:57:21.709427 7ff3ca5fb700          Options.level0_slowdown_writes_trigger: 20
2018/11/01-09:57:21.709428 7ff3ca5fb700              Options.level0_stop_writes_trigger: 36
2018/11/01-09:57:21.709429 7ff3ca5fb700                   Options.target_file_size_base: 67108864
2018/11/01-09:57:21.709430 7ff3ca5fb700             Options.target_file_size_multiplier: 1
2018/11/01-09:57:21.709431 7ff3ca5fb700                Options.max_bytes_for_level_base: 536870912
2018/11/01-09:57:21.709432 7ff3ca5fb700 Options.level_compaction_dynamic_level_bytes: 0
2018/11/01-09:57:21.709432 7ff3ca5fb700          Options.max_bytes_for_level_multiplier: 10.000000
2018/11/01-09:57:21.709434 7ff3ca5fb700 Options.max_bytes_for_level_multiplier_addtl[0]: 1
2018/11/01-09:57:21.709435 7ff3ca5fb700 Options.max_bytes_for_level_multiplier_addtl[1]: 1
2018/11/01-09:57:21.709436 7ff3ca5fb700 Options.max_bytes_for_level_multiplier_addtl[2]: 1
2018/11/01-09:57:21.709437 7ff3ca5fb700 Options.max_bytes_for_level_multiplier_addtl[3]: 1
2018/11/01-09:57:21.709438 7ff3ca5fb700 Options.max_bytes_for_level_multiplier_addtl[4]: 1
2018/11/01-09:57:21.709439 7ff3ca5fb700 Options.max_bytes_for_level_multiplier_addtl[5]: 1
2018/11/01-09:57:21.709439 7ff3ca5fb700 Options.max_bytes_for_level_multiplier_addtl[6]: 1
2018/11/01-09:57:21.709440 7ff3ca5fb700       Options.max_sequential_skip_in_iterations: 8
2018/11/01-09:57:21.709441 7ff3ca5fb700                    Options.max_compaction_bytes: 1677721600
2018/11/01-09:57:21.709442 7ff3ca5fb700                        Options.arena_block_size: 16777216
2018/11/01-09:57:21.709443 7ff3ca5fb700   Options.soft_pending_compaction_bytes_limit: 68719476736
2018/11/01-09:57:21.709444 7ff3ca5fb700   Options.hard_pending_compaction_bytes_limit: 274877906944
2018/11/01-09:57:21.709445 7ff3ca5fb700       Options.rate_limit_delay_max_milliseconds: 100
2018/11/01-09:57:21.709445 7ff3ca5fb700                Options.disable_auto_compactions: 0
2018/11/01-09:57:21.709447 7ff3ca5fb700                        Options.compaction_style: kCompactionStyleLevel
2018/11/01-09:57:21.709453 7ff3ca5fb700                          Options.compaction_pri: kByCompensatedSize
2018/11/01-09:57:21.709454 7ff3ca5fb700 Options.compaction_options_universal.size_ratio: 1
2018/11/01-09:57:21.709455 7ff3ca5fb700 Options.compaction_options_universal.min_merge_width: 2
2018/11/01-09:57:21.709456 7ff3ca5fb700 Options.compaction_options_universal.max_merge_width: 4294967295
2018/11/01-09:57:21.709457 7ff3ca5fb700 Options.compaction_options_universal.max_size_amplification_percent: 200
2018/11/01-09:57:21.709458 7ff3ca5fb700 Options.compaction_options_universal.compression_size_percent: -1
2018/11/01-09:57:21.709459 7ff3ca5fb700 Options.compaction_options_universal.stop_style: kCompactionStopStyleTotalSize
2018/11/01-09:57:21.709460 7ff3ca5fb700 Options.compaction_options_fifo.max_table_files_size: 1073741824
2018/11/01-09:57:21.709461 7ff3ca5fb700 Options.compaction_options_fifo.allow_compaction: 0
2018/11/01-09:57:21.709461 7ff3ca5fb700 Options.compaction_options_fifo.ttl: 0
2018/11/01-09:57:21.709462 7ff3ca5fb700                   Options.table_properties_collectors: 
2018/11/01-09:57:21.709463 7ff3ca5fb700                   Options.inplace_update_support: 0
2018/11/01-09:57:21.709464 7ff3ca5fb700                 Options.inplace_update_num_locks: 10000
2018/11/01-09:57:21.709465 7ff3ca5fb700               Options.memtable_prefix_bloom_size_ratio: 0.000000
2018/11/01-09:57:21.709466 7ff3ca5fb700   Options.memtable_huge_page_size: 0
2018/11/01-09:57:21.709467 7ff3ca5fb700                           Options.bloom_locality: 0
2018/11/01-09:57:21.709468 7ff3ca5fb700                    Options.max_successive_merges: 0
2018/11/01-09:57:21.709469 7ff3ca5fb700                Options.optimize_filters_for_hits: 0
2018/11/01-09:57:21.709469 7ff3ca5fb700                Options.paranoid_file_checks: 0
2018/11/01-09:57:21.709470 7ff3ca5fb700                Options.force_consistency_checks: 0
2018/11/01-09:57:21.709471 7ff3ca5fb700                Options.report_bg_io_stats: 0
2018/11/01-09:57:21.709472 7ff3ca5fb700                               Options.ttl: 0
2018/11/01-09:57:21.959641 7ff3ca5fb700 [db/version_set.cc:3361] Recovered from manifest file:/mnt/sdb1/ycsb-rocksdb-data/MANIFEST-035380 succeeded,manifest_file_number is 35380, next_file_number is 35987, last_sequence is 83555434, log_number is 0,prev_log_number is 0,max_column_family is 1,min_log_number_to_keep is 0
2018/11/01-09:57:21.959651 7ff3ca5fb700 [db/version_set.cc:3369] Column family [default] (ID 0), log number is 35377
2018/11/01-09:57:21.959653 7ff3ca5fb700 [db/version_set.cc:3369] Column family [usertable] (ID 1), log number is 35974
2018/11/01-09:57:21.960583 7ff3ca5fb700 EVENT_LOG_v1 {"time_micros": 1541091441960569, "job": 1, "event": "recovery_started", "log_files": [35974, 35984]}
2018/11/01-09:57:21.960590 7ff3ca5fb700 [db/db_impl_open.cc:551] Recovering log #35974 mode 2
2018/11/01-09:57:22.264007 7ff3ca5fb700 [db/db_impl_open.cc:551] Recovering log #35984 mode 2
2018/11/01-09:57:22.767681 7ff3ca5fb700 EVENT_LOG_v1 {"time_micros": 1541091442767660, "cf_name": "usertable", "job": 1, "event": "table_file_creation", "file_number": 35987, "file_size": 91569013, "table_properties": {"data_size": 91179012, "index_size": 389079, "filter_size": 0, "raw_key_size": 530640, "raw_average_key_size": 24, "raw_value_size": 90562560, "raw_average_value_size": 4096, "num_data_blocks": 11055, "num_entries": 22110, "filter_policy_name": "", "kDeletedKeys": "0", "kMergeOperands": "0"}}
2018/11/01-09:57:22.876941 7ff3ca5fb700 [db/version_set.cc:2847] Creating manifest 35988
2018/11/01-09:57:23.065415 7ff3ca5fb700 EVENT_LOG_v1 {"time_micros": 1541091443065395, "cf_name": "usertable", "job": 1, "event": "table_file_creation", "file_number": 35989, "file_size": 26220451, "table_properties": {"data_size": 26109985, "index_size": 109545, "filter_size": 0, "raw_key_size": 151944, "raw_average_key_size": 24, "raw_value_size": 25931776, "raw_average_value_size": 4096, "num_data_blocks": 3166, "num_entries": 6331, "filter_policy_name": "", "kDeletedKeys": "0", "kMergeOperands": "0"}}
2018/11/01-09:57:23.096626 7ff3ca5fb700 EVENT_LOG_v1 {"time_micros": 1541091443096622, "job": 1, "event": "recovery_finished"}
2018/11/01-09:57:23.156164 7ff3ca5fb700 [db/db_impl_open.cc:1219] DB pointer 0x7ff2f43d7000
2018/11/01-09:57:23.156524 7ff3c0c7c700 [WARN] [db/db_impl.cc:491] ------- DUMPING STATS -------
2018/11/01-09:57:23.156583 7ff3c0c7c700 [WARN] [db/db_impl.cc:492] 
** DB Stats **
Uptime(secs): 1.4 total, 1.4 interval
Cumulative writes: 0 writes, 0 keys, 0 commit groups, 0.0 writes per commit group, ingest: 0.00 GB, 0.00 MB/s
Cumulative WAL: 0 writes, 0 syncs, 0.00 writes per sync, written: 0.00 GB, 0.00 MB/s
Cumulative stall: 00:00:0.000 H:M:S, 0.0 percent
Interval writes: 0 writes, 0 keys, 0 commit groups, 0.0 writes per commit group, ingest: 0.00 MB, 0.00 MB/s
Interval WAL: 0 writes, 0 syncs, 0.00 writes per sync, written: 0.00 MB, 0.00 MB/s
Interval stall: 00:00:0.000 H:M:S, 0.0 percent

** Compaction Stats [default] **
Level    Files   Size     Score Read(GB)  Rn(GB) Rnp1(GB) Write(GB) Wnew(GB) Moved(GB) W-Amp Rd(MB/s) Wr(MB/s) Comp(sec) Comp(cnt) Avg(sec) KeyIn KeyDrop
----------------------------------------------------------------------------------------------------------------------------------------------------------
 Sum      0/0    0.00 KB   0.0      0.0     0.0      0.0       0.0      0.0       0.0   0.0      0.0      0.0         0         0    0.000       0      0
 Int      0/0    0.00 KB   0.0      0.0     0.0      0.0       0.0      0.0       0.0   0.0      0.0      0.0         0         0    0.000       0      0
Uptime(secs): 1.4 total, 1.4 interval
Flush(GB): cumulative 0.000, interval 0.000
AddFile(GB): cumulative 0.000, interval 0.000
AddFile(Total Files): cumulative 0, interval 0
AddFile(L0 Files): cumulative 0, interval 0
AddFile(Keys): cumulative 0, interval 0
Cumulative compaction: 0.00 GB write, 0.00 MB/s write, 0.00 GB read, 0.00 MB/s read, 0.0 seconds
Interval compaction: 0.00 GB write, 0.00 MB/s write, 0.00 GB read, 0.00 MB/s read, 0.0 seconds
Stalls(count): 0 level0_slowdown, 0 level0_slowdown_with_compaction, 0 level0_numfiles, 0 level0_numfiles_with_compaction, 0 stop for pending_compaction_bytes, 0 slowdown for pending_compaction_bytes, 0 memtable_compaction, 0 memtable_slowdown, interval 0 total count

** File Read Latency Histogram By Level [default] **

** Compaction Stats [usertable] **
Level    Files   Size     Score Read(GB)  Rn(GB) Rnp1(GB) Write(GB) Wnew(GB) Moved(GB) W-Amp Rd(MB/s) Wr(MB/s) Comp(sec) Comp(cnt) Avg(sec) KeyIn KeyDrop
----------------------------------------------------------------------------------------------------------------------------------------------------------
  L0      3/0   236.85 MB   1.5      0.0     0.0      0.0       0.1      0.1       0.0   1.0      0.0    210.8         1         2    0.266       0      0
  L1     17/0   921.17 MB   1.8      0.0     0.0      0.0       0.0      0.0       0.0   0.0      0.0      0.0         0         0    0.000       0      0
  L2     93/0    5.34 GB   1.1      0.0     0.0      0.0       0.0      0.0       0.0   0.0      0.0      0.0         0         0    0.000       0      0
  L3    171/0   10.04 GB   0.2      0.0     0.0      0.0       0.0      0.0       0.0   0.0      0.0      0.0         0         0    0.000       0      0
 Sum    284/0   16.51 GB   0.0      0.0     0.0      0.0       0.1      0.1       0.0   1.0      0.0    210.8         1         2    0.266       0      0
 Int      0/0    0.00 KB   0.0      0.0     0.0      0.0       0.1      0.1       0.0   1.0      0.0    210.8         1         2    0.266       0      0
Uptime(secs): 1.4 total, 1.4 interval
Flush(GB): cumulative 0.110, interval 0.110
AddFile(GB): cumulative 0.000, interval 0.000
AddFile(Total Files): cumulative 0, interval 0
AddFile(L0 Files): cumulative 0, interval 0
AddFile(Keys): cumulative 0, interval 0
Cumulative compaction: 0.11 GB write, 77.63 MB/s write, 0.00 GB read, 0.00 MB/s read, 0.5 seconds
Interval compaction: 0.11 GB write, 77.63 MB/s write, 0.00 GB read, 0.00 MB/s read, 0.5 seconds
Stalls(count): 0 level0_slowdown, 0 level0_slowdown_with_compaction, 0 level0_numfiles, 0 level0_numfiles_with_compaction, 0 stop for pending_compaction_bytes, 0 slowdown for pending_compaction_bytes, 0 memtable_compaction, 0 memtable_slowdown, interval 0 total count

** File Read Latency Histogram By Level [usertable] **

** Compaction Stats [default] **
Level    Files   Size     Score Read(GB)  Rn(GB) Rnp1(GB) Write(GB) Wnew(GB) Moved(GB) W-Amp Rd(MB/s) Wr(MB/s) Comp(sec) Comp(cnt) Avg(sec) KeyIn KeyDrop
----------------------------------------------------------------------------------------------------------------------------------------------------------
 Sum      0/0    0.00 KB   0.0      0.0     0.0      0.0       0.0      0.0       0.0   0.0      0.0      0.0         0         0    0.000       0      0
 Int      0/0    0.00 KB   0.0      0.0     0.0      0.0       0.0      0.0       0.0   0.0      0.0      0.0         0         0    0.000       0      0
Uptime(secs): 1.4 total, 0.0 interval
Flush(GB): cumulative 0.000, interval 0.000
AddFile(GB): cumulative 0.000, interval 0.000
AddFile(Total Files): cumulative 0, interval 0
AddFile(L0 Files): cumulative 0, interval 0
AddFile(Keys): cumulative 0, interval 0
Cumulative compaction: 0.00 GB write, 0.00 MB/s write, 0.00 GB read, 0.00 MB/s read, 0.0 seconds
Interval compaction: 0.00 GB write, 0.00 MB/s write, 0.00 GB read, 0.00 MB/s read, 0.0 seconds
Stalls(count): 0 level0_slowdown, 0 level0_slowdown_with_compaction, 0 level0_numfiles, 0 level0_numfiles_with_compaction, 0 stop for pending_compaction_bytes, 0 slowdown for pending_compaction_bytes, 0 memtable_compaction, 0 memtable_slowdown, interval 0 total count

** File Read Latency Histogram By Level [default] **

** Compaction Stats [usertable] **
Level    Files   Size     Score Read(GB)  Rn(GB) Rnp1(GB) Write(GB) Wnew(GB) Moved(GB) W-Amp Rd(MB/s) Wr(MB/s) Comp(sec) Comp(cnt) Avg(sec) KeyIn KeyDrop
----------------------------------------------------------------------------------------------------------------------------------------------------------
  L0      3/0   236.85 MB   1.5      0.0     0.0      0.0       0.1      0.1       0.0   1.0      0.0    210.8         1         2    0.266       0      0
  L1     17/0   921.17 MB   1.8      0.0     0.0      0.0       0.0      0.0       0.0   0.0      0.0      0.0         0         0    0.000       0      0
  L2     93/0    5.34 GB   1.1      0.0     0.0      0.0       0.0      0.0       0.0   0.0      0.0      0.0         0         0    0.000       0      0
  L3    171/0   10.04 GB   0.2      0.0     0.0      0.0       0.0      0.0       0.0   0.0      0.0      0.0         0         0    0.000       0      0
 Sum    284/0   16.51 GB   0.0      0.0     0.0      0.0       0.1      0.1       0.0   1.0      0.0    210.8         1         2    0.266       0      0
 Int      0/0    0.00 KB   0.0      0.0     0.0      0.0       0.0      0.0       0.0   0.0      0.0      0.0         0         0    0.000       0      0
Uptime(secs): 1.4 total, 0.0 interval
Flush(GB): cumulative 0.110, interval 0.000
AddFile(GB): cumulative 0.000, interval 0.000
AddFile(Total Files): cumulative 0, interval 0
AddFile(L0 Files): cumulative 0, interval 0
AddFile(Keys): cumulative 0, interval 0
Cumulative compaction: 0.11 GB write, 77.62 MB/s write, 0.00 GB read, 0.00 MB/s read, 0.5 seconds
Interval compaction: 0.00 GB write, 0.00 MB/s write, 0.00 GB read, 0.00 MB/s read, 0.0 seconds
Stalls(count): 0 level0_slowdown, 0 level0_slowdown_with_compaction, 0 level0_numfiles, 0 level0_numfiles_with_compaction, 0 stop for pending_compaction_bytes, 0 slowdown for pending_compaction_bytes, 0 memtable_compaction, 0 memtable_slowdown, interval 0 total count

** File Read Latency Histogram By Level [usertable] **
2018/11/01-09:57:23.156732 7ff3c0c7c700 [db/compaction_job.cc:1531] [usertable] [JOB 3] Compacting 1@1 + 5@2 files to L2, score 1.80
2018/11/01-09:57:23.156743 7ff3c0c7c700 [db/compaction_job.cc:1535] [usertable] Compaction start summary: Base version 5 Base level 1, inputs: [35961(64MB)], [35849(64MB) 35850(64MB) 35851(64MB) 35852(31MB) 35543(19MB)]
2018/11/01-09:57:23.156770 7ff3c0c7c700 EVENT_LOG_v1 {"time_micros": 1541091443156750, "job": 3, "event": "compaction_started", "compaction_reason": "LevelMaxLevelSize", "files_L1": [35961], "files_L2": [35849, 35850, 35851, 35852, 35543], "score": 1.79916, "input_data_size": 322517730}
2018/11/01-09:57:23.903460 7ff3c0c7c700 [db/compaction_job.cc:1211] [usertable] [JOB 3] Generated table #35993: 16279 keys, 67258605 bytes
2018/11/01-09:57:23.903507 7ff3c0c7c700 EVENT_LOG_v1 {"time_micros": 1541091443903489, "cf_name": "usertable", "job": 3, "event": "table_file_creation", "file_number": 35993, "file_size": 67258605, "table_properties": {"data_size": 67120114, "index_size": 299141, "filter_size": 0, "raw_key_size": 390696, "raw_average_key_size": 24, "raw_value_size": 66678784, "raw_average_value_size": 4096, "num_data_blocks": 8140, "num_entries": 16279, "filter_policy_name": "", "kDeletedKeys": "0", "kMergeOperands": "0"}}
2018/11/01-09:57:25.086764 7ff3c0c7c700 [db/compaction_job.cc:1211] [usertable] [JOB 3] Generated table #35994: 16279 keys, 67262363 bytes
2018/11/01-09:57:25.086808 7ff3c0c7c700 EVENT_LOG_v1 {"time_micros": 1541091445086791, "cf_name": "usertable", "job": 3, "event": "table_file_creation", "file_number": 35994, "file_size": 67262363, "table_properties": {"data_size": 67119547, "index_size": 299681, "filter_size": 0, "raw_key_size": 390696, "raw_average_key_size": 24, "raw_value_size": 66678784, "raw_average_value_size": 4096, "num_data_blocks": 8140, "num_entries": 16279, "filter_policy_name": "", "kDeletedKeys": "0", "kMergeOperands": "0"}}
2018/11/01-09:57:26.288077 7ff3c0c7c700 [db/compaction_job.cc:1211] [usertable] [JOB 3] Generated table #35995: 16279 keys, 67259005 bytes
2018/11/01-09:57:26.288141 7ff3c0c7c700 EVENT_LOG_v1 {"time_micros": 1541091446288111, "cf_name": "usertable", "job": 3, "event": "table_file_creation", "file_number": 35995, "file_size": 67259005, "table_properties": {"data_size": 67120300, "index_size": 299021, "filter_size": 0, "raw_key_size": 390696, "raw_average_key_size": 24, "raw_value_size": 66678784, "raw_average_value_size": 4096, "num_data_blocks": 8140, "num_entries": 16279, "filter_policy_name": "", "kDeletedKeys": "0", "kMergeOperands": "0"}}
2018/11/01-09:57:27.089610 7ff3c0c7c700 [db/compaction_job.cc:1211] [usertable] [JOB 3] Generated table #35996: 16279 keys, 67258866 bytes
2018/11/01-09:57:27.089646 7ff3c0c7c700 EVENT_LOG_v1 {"time_micros": 1541091447089630, "cf_name": "usertable", "job": 3, "event": "table_file_creation", "file_number": 35996, "file_size": 67258866, "table_properties": {"data_size": 67119891, "index_size": 299437, "filter_size": 0, "raw_key_size": 390696, "raw_average_key_size": 24, "raw_value_size": 66678784, "raw_average_value_size": 4096, "num_data_blocks": 8140, "num_entries": 16279, "filter_policy_name": "", "kDeletedKeys": "0", "kMergeOperands": "0"}}
2018/11/01-09:57:27.389185 7ff3c0c7c700 [db/compaction_job.cc:1211] [usertable] [JOB 3] Generated table #35997: 5066 keys, 20930358 bytes
2018/11/01-09:57:27.389225 7ff3c0c7c700 EVENT_LOG_v1 {"time_micros": 1541091447389210, "cf_name": "usertable", "job": 3, "event": "table_file_creation", "file_number": 35997, "file_size": 20930358, "table_properties": {"data_size": 20887857, "index_size": 92708, "filter_size": 0, "raw_key_size": 121584, "raw_average_key_size": 24, "raw_value_size": 20750336, "raw_average_value_size": 4096, "num_data_blocks": 2533, "num_entries": 5066, "filter_policy_name": "", "kDeletedKeys": "0", "kMergeOperands": "0"}}
2018/11/01-09:57:27.389287 7ff3c0c7c700 [db/compaction_job.cc:1287] [usertable] [JOB 3] Compacted 1@1 + 5@2 files to L2 => 289969197 bytes
2018/11/01-09:57:27.424969 7ff3c0c7c700 (Original Log Time 2018/11/01-09:57:27.424876) [db/compaction_job.cc:685] [usertable] compacted to: base level 1 max bytes base 536870912 files[3 16 93 171 0 0 0] max score 1.67, MB/sec: 76.2 rd, 68.5 wr, level 2, files in(1, 5) out(5) MB in(64.3, 243.3) out(276.5), read-write-amplify(9.1) write-amplify(4.3) OK, records in: 78021, records dropped: 7839 output_compression: LZ4
2018/11/01-09:57:27.424976 7ff3c0c7c700 (Original Log Time 2018/11/01-09:57:27.424903) EVENT_LOG_v1 {"time_micros": 1541091447424892, "job": 3, "event": "compaction_finished", "compaction_time_micros": 4232453, "output_level": 2, "num_output_files": 5, "total_output_size": 289969197, "num_input_records": 78021, "num_output_records": 70182, "num_subcompactions": 1, "output_compression": "LZ4", "num_single_delete_mismatches": 0, "num_single_delete_fallthrough": 0, "lsm_state": [3, 16, 93, 171, 0, 0, 0]}
2018/11/01-09:57:27.425019 7ff3c0c7c700 [db/compaction_picker.cc:485] [usertable] Expanding@1 1+8(67411949+538074747 bytes) to 2+8 (68800110+538074747 bytes)
2018/11/01-09:57:27.425056 7ff3c0c7c700 [db/compaction_job.cc:1531] [usertable] [JOB 4] Compacting 2@1 + 8@2 files to L2, score 1.67
2018/11/01-09:57:27.425064 7ff3c0c7c700 [db/compaction_job.cc:1535] [usertable] Compaction start summary: Base version 6 Base level 1, inputs: [35963(64MB) 35966(1355KB)], [35814(64MB) 35815(64MB) 35816(64MB) 35818(64MB) 35819(64MB) 35820(64MB) 35821(64MB) 35822(64MB)]
2018/11/01-09:57:27.425077 7ff3c0c7c700 EVENT_LOG_v1 {"time_micros": 1541091447425068, "job": 4, "event": "compaction_started", "compaction_reason": "LevelMaxLevelSize", "files_L1": [35963, 35966], "files_L2": [35814, 35815, 35816, 35818, 35819, 35820, 35821, 35822], "score": 1.6736, "input_data_size": 606874857}
2018/11/01-09:57:28.354512 7ff3c0c7c700 [db/compaction_job.cc:1211] [usertable] [JOB 4] Generated table #35998: 16279 keys, 67258098 bytes
2018/11/01-09:57:28.354550 7ff3c0c7c700 EVENT_LOG_v1 {"time_micros": 1541091448354535, "cf_name": "usertable", "job": 4, "event": "table_file_creation", "file_number": 35998, "file_size": 67258098, "table_properties": {"data_size": 67119955, "index_size": 299389, "filter_size": 0, "raw_key_size": 390696, "raw_average_key_size": 24, "raw_value_size": 66678784, "raw_average_value_size": 4096, "num_data_blocks": 8140, "num_entries": 16279, "filter_policy_name": "", "kDeletedKeys": "0", "kMergeOperands": "0"}}
2018/11/01-09:57:29.148837 7ff3c0c7c700 [db/compaction_job.cc:1211] [usertable] [JOB 4] Generated table #35999: 16279 keys, 67261759 bytes
2018/11/01-09:57:29.148891 7ff3c0c7c700 EVENT_LOG_v1 {"time_micros": 1541091449148865, "cf_name": "usertable", "job": 4, "event": "table_file_creation", "file_number": 35999, "file_size": 67261759, "table_properties": {"data_size": 67119551, "index_size": 299650, "filter_size": 0, "raw_key_size": 390696, "raw_average_key_size": 24, "raw_value_size": 66678784, "raw_average_value_size": 4096, "num_data_blocks": 8140, "num_entries": 16279, "filter_policy_name": "", "kDeletedKeys": "0", "kMergeOperands": "0"}}
2018/11/01-09:57:29.940900 7ff3c0c7c700 [db/compaction_job.cc:1211] [usertable] [JOB 4] Generated table #36000: 16279 keys, 67260303 bytes
