2018/10/25-21:19:35.645628 7fd8602dc700 RocksDB version: 5.14.3
2018/10/25-21:19:35.645705 7fd8602dc700 Git sha rocksdb_build_git_sha:
2018/10/25-21:19:35.645715 7fd8602dc700 Compile date Oct 15 2018
2018/10/25-21:19:35.645719 7fd8602dc700 DB SUMMARY
2018/10/25-21:19:35.646268 7fd8602dc700 CURRENT file:  CURRENT
2018/10/25-21:19:35.646272 7fd8602dc700 IDENTITY file:  IDENTITY
2018/10/25-21:19:35.646285 7fd8602dc700 MANIFEST file:  MANIFEST-037346 size: 55854 Bytes
2018/10/25-21:19:35.646288 7fd8602dc700 SST files in /mnt/sdb1/ycsb-rocksdb-data dir, Total Num: 279, files: 034271.sst 034276.sst 034277.sst 034465.sst 034817.sst 034826.sst 034829.sst 034836.sst 034841.sst 
2018/10/25-21:19:35.646290 7fd8602dc700 Write Ahead Log file in /mnt/sdb1/ycsb-rocksdb-data: 037894.log size: 97024534 ; 037898.log size: 95394610 ; 
2018/10/25-21:19:35.646296 7fd8602dc700                         Options.error_if_exists: 0
2018/10/25-21:19:35.646298 7fd8602dc700                       Options.create_if_missing: 1
2018/10/25-21:19:35.646299 7fd8602dc700                         Options.paranoid_checks: 1
2018/10/25-21:19:35.646299 7fd8602dc700                                     Options.env: 0x7fd8267ca3e0
2018/10/25-21:19:35.646300 7fd8602dc700                                Options.info_log: 0x7fd8283df9c0
2018/10/25-21:19:35.646301 7fd8602dc700                Options.max_file_opening_threads: 16
2018/10/25-21:19:35.646302 7fd8602dc700                              Options.statistics: (nil)
2018/10/25-21:19:35.646303 7fd8602dc700                               Options.use_fsync: 0
2018/10/25-21:19:35.646305 7fd8602dc700                       Options.max_log_file_size: 0
2018/10/25-21:19:35.646305 7fd8602dc700                  Options.max_manifest_file_size: 18446744073709551615
2018/10/25-21:19:35.646306 7fd8602dc700                   Options.log_file_time_to_roll: 0
2018/10/25-21:19:35.646307 7fd8602dc700                       Options.keep_log_file_num: 1000
2018/10/25-21:19:35.646308 7fd8602dc700                    Options.recycle_log_file_num: 0
2018/10/25-21:19:35.646309 7fd8602dc700                         Options.allow_fallocate: 1
2018/10/25-21:19:35.646310 7fd8602dc700                        Options.allow_mmap_reads: 0
2018/10/25-21:19:35.646311 7fd8602dc700                       Options.allow_mmap_writes: 0
2018/10/25-21:19:35.646312 7fd8602dc700                        Options.use_direct_reads: 0
2018/10/25-21:19:35.646312 7fd8602dc700                        Options.use_direct_io_for_flush_and_compaction: 0
2018/10/25-21:19:35.646313 7fd8602dc700          Options.create_missing_column_families: 1
2018/10/25-21:19:35.646314 7fd8602dc700                              Options.db_log_dir: 
2018/10/25-21:19:35.646315 7fd8602dc700                                 Options.wal_dir: /mnt/sdb1/ycsb-rocksdb-data
2018/10/25-21:19:35.646316 7fd8602dc700                Options.table_cache_numshardbits: 6
2018/10/25-21:19:35.646317 7fd8602dc700                      Options.max_subcompactions: 4
2018/10/25-21:19:35.646318 7fd8602dc700                  Options.max_background_flushes: 24
2018/10/25-21:19:35.646319 7fd8602dc700                         Options.WAL_ttl_seconds: 0
2018/10/25-21:19:35.646320 7fd8602dc700                       Options.WAL_size_limit_MB: 0
2018/10/25-21:19:35.646320 7fd8602dc700             Options.manifest_preallocation_size: 4194304
2018/10/25-21:19:35.646321 7fd8602dc700                     Options.is_fd_close_on_exec: 1
2018/10/25-21:19:35.646322 7fd8602dc700                   Options.advise_random_on_open: 1
2018/10/25-21:19:35.646323 7fd8602dc700                    Options.db_write_buffer_size: 0
2018/10/25-21:19:35.646324 7fd8602dc700                    Options.write_buffer_manager: 0x7fd8283da330
2018/10/25-21:19:35.646325 7fd8602dc700         Options.access_hint_on_compaction_start: 1
2018/10/25-21:19:35.646325 7fd8602dc700  Options.new_table_reader_for_compaction_inputs: 0
2018/10/25-21:19:35.646326 7fd8602dc700           Options.random_access_max_buffer_size: 1048576
2018/10/25-21:19:35.646327 7fd8602dc700                      Options.use_adaptive_mutex: 0
2018/10/25-21:19:35.646328 7fd8602dc700                            Options.rate_limiter: (nil)
2018/10/25-21:19:35.646344 7fd8602dc700     Options.sst_file_manager.rate_bytes_per_sec: 0
2018/10/25-21:19:35.646346 7fd8602dc700                       Options.wal_recovery_mode: 2
2018/10/25-21:19:35.646347 7fd8602dc700                  Options.enable_thread_tracking: 0
2018/10/25-21:19:35.646348 7fd8602dc700                  Options.enable_pipelined_write: 1
2018/10/25-21:19:35.646348 7fd8602dc700         Options.allow_concurrent_memtable_write: 1
2018/10/25-21:19:35.646349 7fd8602dc700      Options.enable_write_thread_adaptive_yield: 1
2018/10/25-21:19:35.646350 7fd8602dc700             Options.write_thread_max_yield_usec: 100
2018/10/25-21:19:35.646351 7fd8602dc700            Options.write_thread_slow_yield_usec: 3
2018/10/25-21:19:35.646352 7fd8602dc700                               Options.row_cache: None
2018/10/25-21:19:35.646353 7fd8602dc700                              Options.wal_filter: None
2018/10/25-21:19:35.646354 7fd8602dc700             Options.avoid_flush_during_recovery: 0
2018/10/25-21:19:35.646354 7fd8602dc700             Options.allow_ingest_behind: 0
2018/10/25-21:19:35.646355 7fd8602dc700             Options.preserve_deletes: 0
2018/10/25-21:19:35.646356 7fd8602dc700             Options.two_write_queues: 0
2018/10/25-21:19:35.646357 7fd8602dc700             Options.manual_wal_flush: 0
2018/10/25-21:19:35.646359 7fd8602dc700             Options.max_background_jobs: 24
2018/10/25-21:19:35.646360 7fd8602dc700             Options.max_background_compactions: 24
2018/10/25-21:19:35.646361 7fd8602dc700             Options.avoid_flush_during_shutdown: 0
2018/10/25-21:19:35.646362 7fd8602dc700           Options.writable_file_max_buffer_size: 1048576
2018/10/25-21:19:35.646363 7fd8602dc700             Options.delayed_write_rate : 16777216
2018/10/25-21:19:35.646363 7fd8602dc700             Options.max_total_wal_size: 0
2018/10/25-21:19:35.646364 7fd8602dc700             Options.delete_obsolete_files_period_micros: 21600000000
2018/10/25-21:19:35.646365 7fd8602dc700                   Options.stats_dump_period_sec: 60
2018/10/25-21:19:35.646366 7fd8602dc700                          Options.max_open_files: -1
2018/10/25-21:19:35.646367 7fd8602dc700                          Options.bytes_per_sync: 1048576
2018/10/25-21:19:35.646368 7fd8602dc700                      Options.wal_bytes_per_sync: 0
2018/10/25-21:19:35.646369 7fd8602dc700       Options.compaction_readahead_size: 0
2018/10/25-21:19:35.646370 7fd8602dc700 Compression algorithms supported:
2018/10/25-21:19:35.646372 7fd8602dc700 	kZSTDNotFinalCompression supported: 1
2018/10/25-21:19:35.646382 7fd8602dc700 	kZSTD supported: 1
2018/10/25-21:19:35.646384 7fd8602dc700 	kXpressCompression supported: 0
2018/10/25-21:19:35.646385 7fd8602dc700 	kLZ4HCCompression supported: 1
2018/10/25-21:19:35.646386 7fd8602dc700 	kLZ4Compression supported: 1
2018/10/25-21:19:35.646387 7fd8602dc700 	kBZip2Compression supported: 1
2018/10/25-21:19:35.646388 7fd8602dc700 	kZlibCompression supported: 1
2018/10/25-21:19:35.646389 7fd8602dc700 	kSnappyCompression supported: 1
2018/10/25-21:19:35.646393 7fd8602dc700 Fast CRC32 supported: Supported on x86
2018/10/25-21:19:35.647087 7fd8602dc700 [db/version_set.cc:3085] Recovering from manifest file: MANIFEST-037346
2018/10/25-21:19:35.647196 7fd8602dc700 [db/column_family.cc:475] --------------- Options for column family [default]:
2018/10/25-21:19:35.647200 7fd8602dc700               Options.comparator: leveldb.BytewiseComparator
2018/10/25-21:19:35.647201 7fd8602dc700           Options.merge_operator: None
2018/10/25-21:19:35.647202 7fd8602dc700        Options.compaction_filter: None
2018/10/25-21:19:35.647203 7fd8602dc700        Options.compaction_filter_factory: None
2018/10/25-21:19:35.647204 7fd8602dc700         Options.memtable_factory: SkipListFactory
2018/10/25-21:19:35.647205 7fd8602dc700            Options.table_factory: BlockBasedTable
2018/10/25-21:19:35.647245 7fd8602dc700            table_factory options:   flush_block_policy_factory: FlushBlockBySizePolicyFactory (0x7fd828380b30)
  cache_index_and_filter_blocks: 0
  cache_index_and_filter_blocks_with_high_priority: 0
  pin_l0_filter_and_index_blocks_in_cache: 0
  index_type: 0
  hash_index_allow_collision: 1
  checksum: 1
  no_block_cache: 0
  block_cache: 0x7fd82838bc80
  block_cache_name: LRUCache
  block_cache_options:
    capacity : 8388608
    num_shard_bits : 4
    strict_capacity_limit : 0
    high_pri_pool_ratio: 0.000
  block_cache_compressed: (nil)
  persistent_cache: (nil)
  block_size: 8192
  block_size_deviation: 10
  block_restart_interval: 16
  index_block_restart_interval: 1
  metadata_block_size: 4096
  partition_filters: 0
  use_delta_encoding: 1
  filter_policy: nullptr
  whole_key_filtering: 1
  verify_compression: 0
  read_amp_bytes_per_bit: 0
  format_version: 2
  enable_index_compression: 1
  block_align: 0
2018/10/25-21:19:35.647259 7fd8602dc700        Options.write_buffer_size: 134217728
2018/10/25-21:19:35.647261 7fd8602dc700  Options.max_write_buffer_number: 24
2018/10/25-21:19:35.647262 7fd8602dc700        Options.compression[0]: NoCompression
2018/10/25-21:19:35.647264 7fd8602dc700        Options.compression[1]: NoCompression
2018/10/25-21:19:35.647265 7fd8602dc700        Options.compression[2]: LZ4
2018/10/25-21:19:35.647266 7fd8602dc700        Options.compression[3]: LZ4
2018/10/25-21:19:35.647267 7fd8602dc700        Options.compression[4]: LZ4
2018/10/25-21:19:35.647268 7fd8602dc700        Options.compression[5]: LZ4
2018/10/25-21:19:35.647269 7fd8602dc700        Options.compression[6]: LZ4
2018/10/25-21:19:35.647270 7fd8602dc700                  Options.bottommost_compression: Disabled
2018/10/25-21:19:35.647271 7fd8602dc700       Options.prefix_extractor: nullptr
2018/10/25-21:19:35.647272 7fd8602dc700   Options.memtable_insert_with_hint_prefix_extractor: nullptr
2018/10/25-21:19:35.647273 7fd8602dc700             Options.num_levels: 7
2018/10/25-21:19:35.647274 7fd8602dc700        Options.min_write_buffer_number_to_merge: 2
2018/10/25-21:19:35.647275 7fd8602dc700     Options.max_write_buffer_number_to_maintain: 0
2018/10/25-21:19:35.647276 7fd8602dc700            Options.compression_opts.window_bits: -14
2018/10/25-21:19:35.647277 7fd8602dc700                  Options.compression_opts.level: -1
2018/10/25-21:19:35.647278 7fd8602dc700               Options.compression_opts.strategy: 0
2018/10/25-21:19:35.647278 7fd8602dc700         Options.compression_opts.max_dict_bytes: 0
2018/10/25-21:19:35.647279 7fd8602dc700         Options.compression_opts.zstd_max_train_bytes: 0
2018/10/25-21:19:35.647280 7fd8602dc700      Options.level0_file_num_compaction_trigger: 2
2018/10/25-21:19:35.647281 7fd8602dc700          Options.level0_slowdown_writes_trigger: 20
2018/10/25-21:19:35.647282 7fd8602dc700              Options.level0_stop_writes_trigger: 36
2018/10/25-21:19:35.647283 7fd8602dc700                   Options.target_file_size_base: 67108864
2018/10/25-21:19:35.647284 7fd8602dc700             Options.target_file_size_multiplier: 1
2018/10/25-21:19:35.647285 7fd8602dc700                Options.max_bytes_for_level_base: 536870912
2018/10/25-21:19:35.647286 7fd8602dc700 Options.level_compaction_dynamic_level_bytes: 0
2018/10/25-21:19:35.647287 7fd8602dc700          Options.max_bytes_for_level_multiplier: 10.000000
2018/10/25-21:19:35.647290 7fd8602dc700 Options.max_bytes_for_level_multiplier_addtl[0]: 1
2018/10/25-21:19:35.647291 7fd8602dc700 Options.max_bytes_for_level_multiplier_addtl[1]: 1
2018/10/25-21:19:35.647292 7fd8602dc700 Options.max_bytes_for_level_multiplier_addtl[2]: 1
2018/10/25-21:19:35.647293 7fd8602dc700 Options.max_bytes_for_level_multiplier_addtl[3]: 1
2018/10/25-21:19:35.647294 7fd8602dc700 Options.max_bytes_for_level_multiplier_addtl[4]: 1
2018/10/25-21:19:35.647295 7fd8602dc700 Options.max_bytes_for_level_multiplier_addtl[5]: 1
2018/10/25-21:19:35.647296 7fd8602dc700 Options.max_bytes_for_level_multiplier_addtl[6]: 1
2018/10/25-21:19:35.647297 7fd8602dc700       Options.max_sequential_skip_in_iterations: 8
2018/10/25-21:19:35.647298 7fd8602dc700                    Options.max_compaction_bytes: 1677721600
2018/10/25-21:19:35.647304 7fd8602dc700                        Options.arena_block_size: 16777216
2018/10/25-21:19:35.647306 7fd8602dc700   Options.soft_pending_compaction_bytes_limit: 68719476736
2018/10/25-21:19:35.647307 7fd8602dc700   Options.hard_pending_compaction_bytes_limit: 274877906944
2018/10/25-21:19:35.647308 7fd8602dc700       Options.rate_limit_delay_max_milliseconds: 100
2018/10/25-21:19:35.647309 7fd8602dc700                Options.disable_auto_compactions: 0
2018/10/25-21:19:35.647311 7fd8602dc700                        Options.compaction_style: kCompactionStyleLevel
2018/10/25-21:19:35.647313 7fd8602dc700                          Options.compaction_pri: kByCompensatedSize
2018/10/25-21:19:35.647314 7fd8602dc700 Options.compaction_options_universal.size_ratio: 1
2018/10/25-21:19:35.647315 7fd8602dc700 Options.compaction_options_universal.min_merge_width: 2
2018/10/25-21:19:35.647316 7fd8602dc700 Options.compaction_options_universal.max_merge_width: 4294967295
2018/10/25-21:19:35.647317 7fd8602dc700 Options.compaction_options_universal.max_size_amplification_percent: 200
2018/10/25-21:19:35.647318 7fd8602dc700 Options.compaction_options_universal.compression_size_percent: -1
2018/10/25-21:19:35.647319 7fd8602dc700 Options.compaction_options_universal.stop_style: kCompactionStopStyleTotalSize
2018/10/25-21:19:35.647320 7fd8602dc700 Options.compaction_options_fifo.max_table_files_size: 1073741824
2018/10/25-21:19:35.647321 7fd8602dc700 Options.compaction_options_fifo.allow_compaction: 0
2018/10/25-21:19:35.647322 7fd8602dc700 Options.compaction_options_fifo.ttl: 0
2018/10/25-21:19:35.647323 7fd8602dc700                   Options.table_properties_collectors: 
2018/10/25-21:19:35.647324 7fd8602dc700                   Options.inplace_update_support: 0
2018/10/25-21:19:35.647325 7fd8602dc700                 Options.inplace_update_num_locks: 10000
2018/10/25-21:19:35.647326 7fd8602dc700               Options.memtable_prefix_bloom_size_ratio: 0.000000
2018/10/25-21:19:35.647328 7fd8602dc700   Options.memtable_huge_page_size: 0
2018/10/25-21:19:35.647329 7fd8602dc700                           Options.bloom_locality: 0
2018/10/25-21:19:35.647330 7fd8602dc700                    Options.max_successive_merges: 0
2018/10/25-21:19:35.647331 7fd8602dc700                Options.optimize_filters_for_hits: 0
2018/10/25-21:19:35.647332 7fd8602dc700                Options.paranoid_file_checks: 0
2018/10/25-21:19:35.647333 7fd8602dc700                Options.force_consistency_checks: 0
2018/10/25-21:19:35.647333 7fd8602dc700                Options.report_bg_io_stats: 0
2018/10/25-21:19:35.647334 7fd8602dc700                               Options.ttl: 0
2018/10/25-21:19:35.647958 7fd8602dc700 [db/column_family.cc:475] --------------- Options for column family [usertable]:
2018/10/25-21:19:35.647962 7fd8602dc700               Options.comparator: leveldb.BytewiseComparator
2018/10/25-21:19:35.647964 7fd8602dc700           Options.merge_operator: None
2018/10/25-21:19:35.647965 7fd8602dc700        Options.compaction_filter: None
2018/10/25-21:19:35.647966 7fd8602dc700        Options.compaction_filter_factory: None
2018/10/25-21:19:35.647966 7fd8602dc700         Options.memtable_factory: SkipListFactory
2018/10/25-21:19:35.647967 7fd8602dc700            Options.table_factory: BlockBasedTable
2018/10/25-21:19:35.647996 7fd8602dc700            table_factory options:   flush_block_policy_factory: FlushBlockBySizePolicyFactory (0x7fd828380b10)
  cache_index_and_filter_blocks: 0
  cache_index_and_filter_blocks_with_high_priority: 0
  pin_l0_filter_and_index_blocks_in_cache: 0
  index_type: 0
  hash_index_allow_collision: 1
  checksum: 1
  no_block_cache: 0
  block_cache: 0x7fd828381670
  block_cache_name: LRUCache
  block_cache_options:
    capacity : 8388608
    num_shard_bits : 4
    strict_capacity_limit : 0
    high_pri_pool_ratio: 0.000
  block_cache_compressed: (nil)
  persistent_cache: (nil)
  block_size: 8192
  block_size_deviation: 10
  block_restart_interval: 16
  index_block_restart_interval: 1
  metadata_block_size: 4096
  partition_filters: 0
  use_delta_encoding: 1
  filter_policy: nullptr
  whole_key_filtering: 1
  verify_compression: 0
  read_amp_bytes_per_bit: 0
  format_version: 2
  enable_index_compression: 1
  block_align: 0
2018/10/25-21:19:35.648014 7fd8602dc700        Options.write_buffer_size: 134217728
2018/10/25-21:19:35.648015 7fd8602dc700  Options.max_write_buffer_number: 24
2018/10/25-21:19:35.648016 7fd8602dc700        Options.compression[0]: NoCompression
2018/10/25-21:19:35.648018 7fd8602dc700        Options.compression[1]: NoCompression
2018/10/25-21:19:35.648019 7fd8602dc700        Options.compression[2]: LZ4
2018/10/25-21:19:35.648020 7fd8602dc700        Options.compression[3]: LZ4
2018/10/25-21:19:35.648021 7fd8602dc700        Options.compression[4]: LZ4
2018/10/25-21:19:35.648022 7fd8602dc700        Options.compression[5]: LZ4
2018/10/25-21:19:35.648023 7fd8602dc700        Options.compression[6]: LZ4
2018/10/25-21:19:35.648023 7fd8602dc700                  Options.bottommost_compression: Disabled
2018/10/25-21:19:35.648024 7fd8602dc700       Options.prefix_extractor: nullptr
2018/10/25-21:19:35.648025 7fd8602dc700   Options.memtable_insert_with_hint_prefix_extractor: nullptr
2018/10/25-21:19:35.648026 7fd8602dc700             Options.num_levels: 7
2018/10/25-21:19:35.648027 7fd8602dc700        Options.min_write_buffer_number_to_merge: 2
2018/10/25-21:19:35.648028 7fd8602dc700     Options.max_write_buffer_number_to_maintain: 0
2018/10/25-21:19:35.648029 7fd8602dc700            Options.compression_opts.window_bits: -14
2018/10/25-21:19:35.648030 7fd8602dc700                  Options.compression_opts.level: -1
2018/10/25-21:19:35.648031 7fd8602dc700               Options.compression_opts.strategy: 0
2018/10/25-21:19:35.648032 7fd8602dc700         Options.compression_opts.max_dict_bytes: 0
2018/10/25-21:19:35.648033 7fd8602dc700         Options.compression_opts.zstd_max_train_bytes: 0
2018/10/25-21:19:35.648033 7fd8602dc700      Options.level0_file_num_compaction_trigger: 2
2018/10/25-21:19:35.648034 7fd8602dc700          Options.level0_slowdown_writes_trigger: 20
2018/10/25-21:19:35.648035 7fd8602dc700              Options.level0_stop_writes_trigger: 36
2018/10/25-21:19:35.648036 7fd8602dc700                   Options.target_file_size_base: 67108864
2018/10/25-21:19:35.648037 7fd8602dc700             Options.target_file_size_multiplier: 1
2018/10/25-21:19:35.648038 7fd8602dc700                Options.max_bytes_for_level_base: 536870912
2018/10/25-21:19:35.648039 7fd8602dc700 Options.level_compaction_dynamic_level_bytes: 0
2018/10/25-21:19:35.648040 7fd8602dc700          Options.max_bytes_for_level_multiplier: 10.000000
2018/10/25-21:19:35.648042 7fd8602dc700 Options.max_bytes_for_level_multiplier_addtl[0]: 1
2018/10/25-21:19:35.648043 7fd8602dc700 Options.max_bytes_for_level_multiplier_addtl[1]: 1
2018/10/25-21:19:35.648044 7fd8602dc700 Options.max_bytes_for_level_multiplier_addtl[2]: 1
2018/10/25-21:19:35.648045 7fd8602dc700 Options.max_bytes_for_level_multiplier_addtl[3]: 1
2018/10/25-21:19:35.648046 7fd8602dc700 Options.max_bytes_for_level_multiplier_addtl[4]: 1
2018/10/25-21:19:35.648046 7fd8602dc700 Options.max_bytes_for_level_multiplier_addtl[5]: 1
2018/10/25-21:19:35.648047 7fd8602dc700 Options.max_bytes_for_level_multiplier_addtl[6]: 1
2018/10/25-21:19:35.648048 7fd8602dc700       Options.max_sequential_skip_in_iterations: 8
2018/10/25-21:19:35.648049 7fd8602dc700                    Options.max_compaction_bytes: 1677721600
2018/10/25-21:19:35.648050 7fd8602dc700                        Options.arena_block_size: 16777216
2018/10/25-21:19:35.648051 7fd8602dc700   Options.soft_pending_compaction_bytes_limit: 68719476736
2018/10/25-21:19:35.648052 7fd8602dc700   Options.hard_pending_compaction_bytes_limit: 274877906944
2018/10/25-21:19:35.648053 7fd8602dc700       Options.rate_limit_delay_max_milliseconds: 100
2018/10/25-21:19:35.648054 7fd8602dc700                Options.disable_auto_compactions: 0
2018/10/25-21:19:35.648055 7fd8602dc700                        Options.compaction_style: kCompactionStyleLevel
2018/10/25-21:19:35.648067 7fd8602dc700                          Options.compaction_pri: kByCompensatedSize
2018/10/25-21:19:35.648069 7fd8602dc700 Options.compaction_options_universal.size_ratio: 1
2018/10/25-21:19:35.648070 7fd8602dc700 Options.compaction_options_universal.min_merge_width: 2
2018/10/25-21:19:35.648071 7fd8602dc700 Options.compaction_options_universal.max_merge_width: 4294967295
2018/10/25-21:19:35.648072 7fd8602dc700 Options.compaction_options_universal.max_size_amplification_percent: 200
2018/10/25-21:19:35.648073 7fd8602dc700 Options.compaction_options_universal.compression_size_percent: -1
2018/10/25-21:19:35.648074 7fd8602dc700 Options.compaction_options_universal.stop_style: kCompactionStopStyleTotalSize
2018/10/25-21:19:35.648075 7fd8602dc700 Options.compaction_options_fifo.max_table_files_size: 1073741824
2018/10/25-21:19:35.648076 7fd8602dc700 Options.compaction_options_fifo.allow_compaction: 0
2018/10/25-21:19:35.648076 7fd8602dc700 Options.compaction_options_fifo.ttl: 0
2018/10/25-21:19:35.648077 7fd8602dc700                   Options.table_properties_collectors: 
2018/10/25-21:19:35.648078 7fd8602dc700                   Options.inplace_update_support: 0
2018/10/25-21:19:35.648079 7fd8602dc700                 Options.inplace_update_num_locks: 10000
2018/10/25-21:19:35.648080 7fd8602dc700               Options.memtable_prefix_bloom_size_ratio: 0.000000
2018/10/25-21:19:35.648082 7fd8602dc700   Options.memtable_huge_page_size: 0
2018/10/25-21:19:35.648082 7fd8602dc700                           Options.bloom_locality: 0
2018/10/25-21:19:35.648083 7fd8602dc700                    Options.max_successive_merges: 0
2018/10/25-21:19:35.648084 7fd8602dc700                Options.optimize_filters_for_hits: 0
2018/10/25-21:19:35.648085 7fd8602dc700                Options.paranoid_file_checks: 0
2018/10/25-21:19:35.648086 7fd8602dc700                Options.force_consistency_checks: 0
2018/10/25-21:19:35.648087 7fd8602dc700                Options.report_bg_io_stats: 0
2018/10/25-21:19:35.648088 7fd8602dc700                               Options.ttl: 0
2018/10/25-21:19:35.901397 7fd8602dc700 [db/version_set.cc:3361] Recovered from manifest file:/mnt/sdb1/ycsb-rocksdb-data/MANIFEST-037346 succeeded,manifest_file_number is 37346, next_file_number is 37903, last_sequence is 88772813, log_number is 0,prev_log_number is 0,max_column_family is 1,min_log_number_to_keep is 0
2018/10/25-21:19:35.901404 7fd8602dc700 [db/version_set.cc:3369] Column family [default] (ID 0), log number is 37345
2018/10/25-21:19:35.901406 7fd8602dc700 [db/version_set.cc:3369] Column family [usertable] (ID 1), log number is 37894
2018/10/25-21:19:35.902340 7fd8602dc700 EVENT_LOG_v1 {"time_micros": 1540527575902327, "job": 1, "event": "recovery_started", "log_files": [37894, 37898]}
2018/10/25-21:19:35.902346 7fd8602dc700 [db/db_impl_open.cc:551] Recovering log #37894 mode 2
2018/10/25-21:19:36.195564 7fd8602dc700 [db/db_impl_open.cc:551] Recovering log #37898 mode 2
2018/10/25-21:19:36.697493 7fd8602dc700 EVENT_LOG_v1 {"time_micros": 1540527576697469, "cf_name": "usertable", "job": 1, "event": "table_file_creation", "file_number": 37903, "file_size": 91304247, "table_properties": {"data_size": 90915219, "index_size": 388106, "filter_size": 0, "raw_key_size": 529104, "raw_average_key_size": 24, "raw_value_size": 90300416, "raw_average_value_size": 4096, "num_data_blocks": 11023, "num_entries": 22046, "filter_policy_name": "", "kDeletedKeys": "0", "kMergeOperands": "0"}}
2018/10/25-21:19:36.895242 7fd8602dc700 [db/version_set.cc:2847] Creating manifest 37904
2018/10/25-21:19:37.323952 7fd8602dc700 EVENT_LOG_v1 {"time_micros": 1540527577323931, "cf_name": "usertable", "job": 1, "event": "table_file_creation", "file_number": 37905, "file_size": 46323423, "table_properties": {"data_size": 46127215, "index_size": 195287, "filter_size": 0, "raw_key_size": 268440, "raw_average_key_size": 24, "raw_value_size": 45813760, "raw_average_value_size": 4096, "num_data_blocks": 5593, "num_entries": 11185, "filter_policy_name": "", "kDeletedKeys": "0", "kMergeOperands": "0"}}
2018/10/25-21:19:37.426180 7fd8602dc700 EVENT_LOG_v1 {"time_micros": 1540527577426175, "job": 1, "event": "recovery_finished"}
2018/10/25-21:19:37.426378 7fd8602dc700 [db/column_family.cc:837] [usertable] Increasing compaction threads because we have 5 level-0 files 
2018/10/25-21:19:37.654879 7fd8602dc700 [db/db_impl_open.cc:1219] DB pointer 0x7fd8283dea50
2018/10/25-21:19:37.655179 7fd784ff9700 [WARN] [db/db_impl.cc:491] ------- DUMPING STATS -------
2018/10/25-21:19:37.655224 7fd784ff9700 [WARN] [db/db_impl.cc:492] 
** DB Stats **
Uptime(secs): 2.0 total, 2.0 interval
Cumulative writes: 0 writes, 0 keys, 0 commit groups, 0.0 writes per commit group, ingest: 0.00 GB, 0.00 MB/s
Cumulative WAL: 0 writes, 0 syncs, 0.00 writes per sync, written: 0.00 GB, 0.00 MB/s
Cumulative stall: 00:00:0.000 H:M:S, 0.0 percent
Interval writes: 0 writes, 0 keys, 0 commit groups, 0.0 writes per commit group, ingest: 0.00 MB, 0.00 MB/s
Interval WAL: 0 writes, 0 syncs, 0.00 writes per sync, written: 0.00 MB, 0.00 MB/s
Interval stall: 00:00:0.000 H:M:S, 0.0 percent

** Compaction Stats [default] **
Level    Files   Size     Score Read(GB)  Rn(GB) Rnp1(GB) Write(GB) Wnew(GB) Moved(GB) W-Amp Rd(MB/s) Wr(MB/s) Comp(sec) Comp(cnt) Avg(sec) KeyIn KeyDrop
----------------------------------------------------------------------------------------------------------------------------------------------------------
 Sum      0/0    0.00 KB   0.0      0.0     0.0      0.0       0.0      0.0       0.0   0.0      0.0      0.0         0         0    0.000       0      0
 Int      0/0    0.00 KB   0.0      0.0     0.0      0.0       0.0      0.0       0.0   0.0      0.0      0.0         0         0    0.000       0      0
Uptime(secs): 2.0 total, 2.0 interval
Flush(GB): cumulative 0.000, interval 0.000
AddFile(GB): cumulative 0.000, interval 0.000
AddFile(Total Files): cumulative 0, interval 0
AddFile(L0 Files): cumulative 0, interval 0
AddFile(Keys): cumulative 0, interval 0
Cumulative compaction: 0.00 GB write, 0.00 MB/s write, 0.00 GB read, 0.00 MB/s read, 0.0 seconds
Interval compaction: 0.00 GB write, 0.00 MB/s write, 0.00 GB read, 0.00 MB/s read, 0.0 seconds
Stalls(count): 0 level0_slowdown, 0 level0_slowdown_with_compaction, 0 level0_numfiles, 0 level0_numfiles_with_compaction, 0 stop for pending_compaction_bytes, 0 slowdown for pending_compaction_bytes, 0 memtable_compaction, 0 memtable_slowdown, interval 0 total count

** File Read Latency Histogram By Level [default] **

** Compaction Stats [usertable] **
Level    Files   Size     Score Read(GB)  Rn(GB) Rnp1(GB) Write(GB) Wnew(GB) Moved(GB) W-Amp Rd(MB/s) Wr(MB/s) Comp(sec) Comp(cnt) Avg(sec) KeyIn KeyDrop
----------------------------------------------------------------------------------------------------------------------------------------------------------
  L0      5/0   525.25 MB   2.5      0.0     0.0      0.0       0.1      0.1       0.0   1.0      0.0    169.9         1         2    0.386       0      0
  L1     18/0   940.39 MB   1.8      0.0     0.0      0.0       0.0      0.0       0.0   0.0      0.0      0.0         0         0    0.000       0      0
  L2     85/0    5.02 GB   1.0      0.0     0.0      0.0       0.0      0.0       0.0   0.0      0.0      0.0         0         0    0.000       0      0
  L3    173/0   10.04 GB   0.2      0.0     0.0      0.0       0.0      0.0       0.0   0.0      0.0      0.0         0         0    0.000       0      0
 Sum    281/0   16.50 GB   0.0      0.0     0.0      0.0       0.1      0.1       0.0   1.0      0.0    169.9         1         2    0.386       0      0
 Int      0/0    0.00 KB   0.0      0.0     0.0      0.0       0.1      0.1       0.0   1.0      0.0    169.9         1         2    0.386       0      0
Uptime(secs): 2.0 total, 2.0 interval
Flush(GB): cumulative 0.128, interval 0.128
AddFile(GB): cumulative 0.000, interval 0.000
AddFile(Total Files): cumulative 0, interval 0
AddFile(L0 Files): cumulative 0, interval 0
AddFile(Keys): cumulative 0, interval 0
Cumulative compaction: 0.13 GB write, 65.39 MB/s write, 0.00 GB read, 0.00 MB/s read, 0.8 seconds
Interval compaction: 0.13 GB write, 65.39 MB/s write, 0.00 GB read, 0.00 MB/s read, 0.8 seconds
Stalls(count): 0 level0_slowdown, 0 level0_slowdown_with_compaction, 0 level0_numfiles, 0 level0_numfiles_with_compaction, 0 stop for pending_compaction_bytes, 0 slowdown for pending_compaction_bytes, 0 memtable_compaction, 0 memtable_slowdown, interval 0 total count

** File Read Latency Histogram By Level [usertable] **

** Compaction Stats [default] **
Level    Files   Size     Score Read(GB)  Rn(GB) Rnp1(GB) Write(GB) Wnew(GB) Moved(GB) W-Amp Rd(MB/s) Wr(MB/s) Comp(sec) Comp(cnt) Avg(sec) KeyIn KeyDrop
----------------------------------------------------------------------------------------------------------------------------------------------------------
 Sum      0/0    0.00 KB   0.0      0.0     0.0      0.0       0.0      0.0       0.0   0.0      0.0      0.0         0         0    0.000       0      0
 Int      0/0    0.00 KB   0.0      0.0     0.0      0.0       0.0      0.0       0.0   0.0      0.0      0.0         0         0    0.000       0      0
Uptime(secs): 2.0 total, 0.0 interval
Flush(GB): cumulative 0.000, interval 0.000
AddFile(GB): cumulative 0.000, interval 0.000
AddFile(Total Files): cumulative 0, interval 0
AddFile(L0 Files): cumulative 0, interval 0
AddFile(Keys): cumulative 0, interval 0
Cumulative compaction: 0.00 GB write, 0.00 MB/s write, 0.00 GB read, 0.00 MB/s read, 0.0 seconds
Interval compaction: 0.00 GB write, 0.00 MB/s write, 0.00 GB read, 0.00 MB/s read, 0.0 seconds
Stalls(count): 0 level0_slowdown, 0 level0_slowdown_with_compaction, 0 level0_numfiles, 0 level0_numfiles_with_compaction, 0 stop for pending_compaction_bytes, 0 slowdown for pending_compaction_bytes, 0 memtable_compaction, 0 memtable_slowdown, interval 0 total count

** File Read Latency Histogram By Level [default] **

** Compaction Stats [usertable] **
Level    Files   Size     Score Read(GB)  Rn(GB) Rnp1(GB) Write(GB) Wnew(GB) Moved(GB) W-Amp Rd(MB/s) Wr(MB/s) Comp(sec) Comp(cnt) Avg(sec) KeyIn KeyDrop
----------------------------------------------------------------------------------------------------------------------------------------------------------
  L0      5/0   525.25 MB   2.5      0.0     0.0      0.0       0.1      0.1       0.0   1.0      0.0    169.9         1         2    0.386       0      0
  L1     18/0   940.39 MB   1.8      0.0     0.0      0.0       0.0      0.0       0.0   0.0      0.0      0.0         0         0    0.000       0      0
  L2     85/0    5.02 GB   1.0      0.0     0.0      0.0       0.0      0.0       0.0   0.0      0.0      0.0         0         0    0.000       0      0
  L3    173/0   10.04 GB   0.2      0.0     0.0      0.0       0.0      0.0       0.0   0.0      0.0      0.0         0         0    0.000       0      0
 Sum    281/0   16.50 GB   0.0      0.0     0.0      0.0       0.1      0.1       0.0   1.0      0.0    169.9         1         2    0.386       0      0
 Int      0/0    0.00 KB   0.0      0.0     0.0      0.0       0.0      0.0       0.0   0.0      0.0      0.0         0         0    0.000       0      0
Uptime(secs): 2.0 total, 0.0 interval
Flush(GB): cumulative 0.128, interval 0.000
AddFile(GB): cumulative 0.000, interval 0.000
AddFile(Total Files): cumulative 0, interval 0
AddFile(L0 Files): cumulative 0, interval 0
AddFile(Keys): cumulative 0, interval 0
Cumulative compaction: 0.13 GB write, 65.39 MB/s write, 0.00 GB read, 0.00 MB/s read, 0.8 seconds
Interval compaction: 0.00 GB write, 0.00 MB/s write, 0.00 GB read, 0.00 MB/s read, 0.0 seconds
Stalls(count): 0 level0_slowdown, 0 level0_slowdown_with_compaction, 0 level0_numfiles, 0 level0_numfiles_with_compaction, 0 stop for pending_compaction_bytes, 0 slowdown for pending_compaction_bytes, 0 memtable_compaction, 0 memtable_slowdown, interval 0 total count

** File Read Latency Histogram By Level [usertable] **
2018/10/25-21:19:37.655925 7fd784ff9700 [db/compaction_job.cc:1531] [usertable] [JOB 3] Compacting 5@0 + 18@1 files to L1, score 2.50
2018/10/25-21:19:37.655937 7fd784ff9700 [db/compaction_job.cc:1535] [usertable] Compaction start summary: Base version 5 Base level 0, inputs: [37905(44MB) 37903(87MB) 37895(134MB) 37879(131MB) 37841(127MB)], [37832(64MB) 37836(64MB) 37844(64MB) 37847(64MB) 37850(37MB) 37833(64MB) 37838(64MB) 37842(64MB) 37848(27MB) 37851(40MB) 37835(64MB) 37837(64MB) 37843(41MB) 37846(64MB) 37849(20MB) 37834(64MB) 37839(64MB) 37845(2973KB)]
2018/10/25-21:19:37.655984 7fd784ff9700 EVENT_LOG_v1 {"time_micros": 1540527577655956, "job": 3, "event": "compaction_started", "compaction_reason": "LevelL0FilesNum", "files_L0": [37905, 37903, 37895, 37879, 37841], "files_L1": [37832, 37836, 37844, 37847, 37850, 37833, 37838, 37842, 37848, 37851, 37835, 37837, 37843, 37846, 37849, 37834, 37839, 37845], "score": 2.5, "input_data_size": 1536835381}
2018/10/25-21:19:37.655994 7fd8250c1700 [db/compaction_job.cc:1531] [usertable] [JOB 4] Compacting 1@2 + 2@3 files to L3, score 1.00
2018/10/25-21:19:37.656003 7fd8250c1700 [db/compaction_job.cc:1535] [usertable] Compaction start summary: Base version 5 Base level 2, inputs: [37756(64MB)], [37901(29MB) 34817(64MB)]
2018/10/25-21:19:37.656017 7fd8250c1700 EVENT_LOG_v1 {"time_micros": 1540527577656009, "job": 4, "event": "compaction_started", "compaction_reason": "LevelMaxLevelSize", "files_L2": [37756], "files_L3": [37901, 34817], "score": 1.00474, "input_data_size": 165440492}
2018/10/25-21:19:41.339523 7fd6f4ff9700 [db/compaction_job.cc:1211] [usertable] [JOB 3] Generated table #37913: 16277 keys, 67411938 bytes
2018/10/25-21:19:41.339561 7fd6f4ff9700 EVENT_LOG_v1 {"time_micros": 1540527581339545, "cf_name": "usertable", "job": 3, "event": "table_file_creation", "file_number": 37913, "file_size": 67411938, "table_properties": {"data_size": 67116138, "index_size": 294879, "filter_size": 0, "raw_key_size": 390648, "raw_average_key_size": 24, "raw_value_size": 66670592, "raw_average_value_size": 4096, "num_data_blocks": 8139, "num_entries": 16277, "filter_policy_name": "", "kDeletedKeys": "0", "kMergeOperands": "0"}}
2018/10/25-21:19:41.687530 7fd6f47f8700 [db/compaction_job.cc:1211] [usertable] [JOB 3] Generated table #37910: 16277 keys, 67411886 bytes
2018/10/25-21:19:41.687616 7fd6f47f8700 EVENT_LOG_v1 {"time_micros": 1540527581687590, "cf_name": "usertable", "job": 3, "event": "table_file_creation", "file_number": 37910, "file_size": 67411886, "table_properties": {"data_size": 67115619, "index_size": 295346, "filter_size": 0, "raw_key_size": 390648, "raw_average_key_size": 24, "raw_value_size": 66670592, "raw_average_value_size": 4096, "num_data_blocks": 8139, "num_entries": 16277, "filter_policy_name": "", "kDeletedKeys": "0", "kMergeOperands": "0"}}
2018/10/25-21:19:41.815934 7fd6f57fa700 [db/compaction_job.cc:1211] [usertable] [JOB 3] Generated table #37912: 16277 keys, 67411819 bytes
2018/10/25-21:19:41.815969 7fd6f57fa700 EVENT_LOG_v1 {"time_micros": 1540527581815953, "cf_name": "usertable", "job": 3, "event": "table_file_creation", "file_number": 37912, "file_size": 67411819, "table_properties": {"data_size": 67115399, "index_size": 295499, "filter_size": 0, "raw_key_size": 390648, "raw_average_key_size": 24, "raw_value_size": 66670592, "raw_average_value_size": 4096, "num_data_blocks": 8139, "num_entries": 16277, "filter_policy_name": "", "kDeletedKeys": "0", "kMergeOperands": "0"}}
2018/10/25-21:19:41.972078 7fd784ff9700 [db/compaction_job.cc:1211] [usertable] [JOB 3] Generated table #37911: 16277 keys, 67411884 bytes
2018/10/25-21:19:41.972117 7fd784ff9700 EVENT_LOG_v1 {"time_micros": 1540527581972100, "cf_name": "usertable", "job": 3, "event": "table_file_creation", "file_number": 37911, "file_size": 67411884, "table_properties": {"data_size": 67114475, "index_size": 296488, "filter_size": 0, "raw_key_size": 390648, "raw_average_key_size": 24, "raw_value_size": 66670592, "raw_average_value_size": 4096, "num_data_blocks": 8139, "num_entries": 16277, "filter_policy_name": "", "kDeletedKeys": "0", "kMergeOperands": "0"}}
2018/10/25-21:19:43.692076 7fd8250c1700 [db/compaction_job.cc:1211] [usertable] [JOB 4] Generated table #37909: 16279 keys, 67233322 bytes
2018/10/25-21:19:43.692117 7fd8250c1700 EVENT_LOG_v1 {"time_micros": 1540527583692099, "cf_name": "usertable", "job": 4, "event": "table_file_creation", "file_number": 37909, "file_size": 67233322, "table_properties": {"data_size": 67118331, "index_size": 299107, "filter_size": 0, "raw_key_size": 390696, "raw_average_key_size": 24, "raw_value_size": 66678784, "raw_average_value_size": 4096, "num_data_blocks": 8140, "num_entries": 16279, "filter_policy_name": "", "kDeletedKeys": "0", "kMergeOperands": "0"}}
2018/10/25-21:19:44.827343 7fd6f4ff9700 [db/compaction_job.cc:1211] [usertable] [JOB 3] Generated table #37914: 16277 keys, 67411904 bytes
2018/10/25-21:19:44.827377 7fd6f4ff9700 EVENT_LOG_v1 {"time_micros": 1540527584827362, "cf_name": "usertable", "job": 3, "event": "table_file_creation", "file_number": 37914, "file_size": 67411904, "table_properties": {"data_size": 67116042, "index_size": 294941, "filter_size": 0, "raw_key_size": 390648, "raw_average_key_size": 24, "raw_value_size": 66670592, "raw_average_value_size": 4096, "num_data_blocks": 8139, "num_entries": 16277, "filter_policy_name": "", "kDeletedKeys": "0", "kMergeOperands": "0"}}
2018/10/25-21:19:45.040745 7fd6f47f8700 [db/compaction_job.cc:1211] [usertable] [JOB 3] Generated table #37915: 16277 keys, 67411901 bytes
2018/10/25-21:19:45.040781 7fd6f47f8700 EVENT_LOG_v1 {"time_micros": 1540527585040766, "cf_name": "usertable", "job": 3, "event": "table_file_creation", "file_number": 37915, "file_size": 67411901, "table_properties": {"data_size": 67116124, "index_size": 294856, "filter_size": 0, "raw_key_size": 390648, "raw_average_key_size": 24, "raw_value_size": 66670592, "raw_average_value_size": 4096, "num_data_blocks": 8139, "num_entries": 16277, "filter_policy_name": "", "kDeletedKeys": "0", "kMergeOperands": "0"}}
2018/10/25-21:19:45.721424 7fd6f57fa700 [db/compaction_job.cc:1211] [usertable] [JOB 3] Generated table #37916: 16277 keys, 67411909 bytes
2018/10/25-21:19:45.721462 7fd6f57fa700 EVENT_LOG_v1 {"time_micros": 1540527585721447, "cf_name": "usertable", "job": 3, "event": "table_file_creation", "file_number": 37916, "file_size": 67411909, "table_properties": {"data_size": 67113830, "index_size": 297158, "filter_size": 0, "raw_key_size": 390648, "raw_average_key_size": 24, "raw_value_size": 66670592, "raw_average_value_size": 4096, "num_data_blocks": 8139, "num_entries": 16277, "filter_policy_name": "", "kDeletedKeys": "0", "kMergeOperands": "0"}}
2018/10/25-21:19:45.977528 7fd8250c1700 [db/compaction_job.cc:1211] [usertable] [JOB 4] Generated table #37918: 7492 keys, 30943075 bytes
