2018/11/18-03:17:51.767289 7f6da81fd700 RocksDB version: 5.14.3
2018/11/18-03:17:51.767342 7f6da81fd700 Git sha rocksdb_build_git_sha:
2018/11/18-03:17:51.767345 7f6da81fd700 Compile date Oct 15 2018
2018/11/18-03:17:51.767348 7f6da81fd700 DB SUMMARY
2018/11/18-03:17:51.767369 7f6da81fd700 SST files in /mnt/sdb/ycsb-rocksdb-data dir, Total Num: 0, files: 
2018/11/18-03:17:51.767371 7f6da81fd700 Write Ahead Log file in /mnt/sdb/ycsb-rocksdb-data: 
2018/11/18-03:17:51.767374 7f6da81fd700                         Options.error_if_exists: 0
2018/11/18-03:17:51.767375 7f6da81fd700                       Options.create_if_missing: 1
2018/11/18-03:17:51.767376 7f6da81fd700                         Options.paranoid_checks: 1
2018/11/18-03:17:51.767377 7f6da81fd700                                     Options.env: 0x7f6d9bbde3e0
2018/11/18-03:17:51.767378 7f6da81fd700                                Options.info_log: 0x7f6ccc3cfb90
2018/11/18-03:17:51.767379 7f6da81fd700                Options.max_file_opening_threads: 16
2018/11/18-03:17:51.767379 7f6da81fd700                              Options.statistics: (nil)
2018/11/18-03:17:51.767381 7f6da81fd700                               Options.use_fsync: 0
2018/11/18-03:17:51.767382 7f6da81fd700                       Options.max_log_file_size: 0
2018/11/18-03:17:51.767382 7f6da81fd700                  Options.max_manifest_file_size: 18446744073709551615
2018/11/18-03:17:51.767383 7f6da81fd700                   Options.log_file_time_to_roll: 0
2018/11/18-03:17:51.767384 7f6da81fd700                       Options.keep_log_file_num: 1000
2018/11/18-03:17:51.767385 7f6da81fd700                    Options.recycle_log_file_num: 0
2018/11/18-03:17:51.767386 7f6da81fd700                         Options.allow_fallocate: 1
2018/11/18-03:17:51.767387 7f6da81fd700                        Options.allow_mmap_reads: 0
2018/11/18-03:17:51.767388 7f6da81fd700                       Options.allow_mmap_writes: 0
2018/11/18-03:17:51.767389 7f6da81fd700                        Options.use_direct_reads: 0
2018/11/18-03:17:51.767389 7f6da81fd700                        Options.use_direct_io_for_flush_and_compaction: 0
2018/11/18-03:17:51.767390 7f6da81fd700          Options.create_missing_column_families: 1
2018/11/18-03:17:51.767391 7f6da81fd700                              Options.db_log_dir: 
2018/11/18-03:17:51.767392 7f6da81fd700                                 Options.wal_dir: /mnt/sdb/ycsb-rocksdb-data
2018/11/18-03:17:51.767393 7f6da81fd700                Options.table_cache_numshardbits: 6
2018/11/18-03:17:51.767394 7f6da81fd700                      Options.max_subcompactions: 4
2018/11/18-03:17:51.767395 7f6da81fd700                  Options.max_background_flushes: 24
2018/11/18-03:17:51.767396 7f6da81fd700                         Options.WAL_ttl_seconds: 0
2018/11/18-03:17:51.767396 7f6da81fd700                       Options.WAL_size_limit_MB: 0
2018/11/18-03:17:51.767397 7f6da81fd700             Options.manifest_preallocation_size: 4194304
2018/11/18-03:17:51.767398 7f6da81fd700                     Options.is_fd_close_on_exec: 1
2018/11/18-03:17:51.767399 7f6da81fd700                   Options.advise_random_on_open: 1
2018/11/18-03:17:51.767400 7f6da81fd700                    Options.db_write_buffer_size: 0
2018/11/18-03:17:51.767401 7f6da81fd700                    Options.write_buffer_manager: 0x7f6ccc3cbcc0
2018/11/18-03:17:51.767402 7f6da81fd700         Options.access_hint_on_compaction_start: 1
2018/11/18-03:17:51.767402 7f6da81fd700  Options.new_table_reader_for_compaction_inputs: 0
2018/11/18-03:17:51.767403 7f6da81fd700           Options.random_access_max_buffer_size: 1048576
2018/11/18-03:17:51.767404 7f6da81fd700                      Options.use_adaptive_mutex: 0
2018/11/18-03:17:51.767405 7f6da81fd700                            Options.rate_limiter: (nil)
2018/11/18-03:17:51.767406 7f6da81fd700     Options.sst_file_manager.rate_bytes_per_sec: 0
2018/11/18-03:17:51.767407 7f6da81fd700                       Options.wal_recovery_mode: 2
2018/11/18-03:17:51.767408 7f6da81fd700                  Options.enable_thread_tracking: 0
2018/11/18-03:17:51.767409 7f6da81fd700                  Options.enable_pipelined_write: 1
2018/11/18-03:17:51.767418 7f6da81fd700         Options.allow_concurrent_memtable_write: 1
2018/11/18-03:17:51.767420 7f6da81fd700      Options.enable_write_thread_adaptive_yield: 1
2018/11/18-03:17:51.767421 7f6da81fd700             Options.write_thread_max_yield_usec: 100
2018/11/18-03:17:51.767422 7f6da81fd700            Options.write_thread_slow_yield_usec: 3
2018/11/18-03:17:51.767422 7f6da81fd700                               Options.row_cache: None
2018/11/18-03:17:51.767423 7f6da81fd700                              Options.wal_filter: None
2018/11/18-03:17:51.767424 7f6da81fd700             Options.avoid_flush_during_recovery: 0
2018/11/18-03:17:51.767425 7f6da81fd700             Options.allow_ingest_behind: 0
2018/11/18-03:17:51.767426 7f6da81fd700             Options.preserve_deletes: 0
2018/11/18-03:17:51.767427 7f6da81fd700             Options.two_write_queues: 0
2018/11/18-03:17:51.767428 7f6da81fd700             Options.manual_wal_flush: 0
2018/11/18-03:17:51.767429 7f6da81fd700             Options.max_background_jobs: 24
2018/11/18-03:17:51.767430 7f6da81fd700             Options.max_background_compactions: 24
2018/11/18-03:17:51.767431 7f6da81fd700             Options.avoid_flush_during_shutdown: 0
2018/11/18-03:17:51.767432 7f6da81fd700           Options.writable_file_max_buffer_size: 1048576
2018/11/18-03:17:51.767433 7f6da81fd700             Options.delayed_write_rate : 16777216
2018/11/18-03:17:51.767434 7f6da81fd700             Options.max_total_wal_size: 0
2018/11/18-03:17:51.767435 7f6da81fd700             Options.delete_obsolete_files_period_micros: 21600000000
2018/11/18-03:17:51.767436 7f6da81fd700                   Options.stats_dump_period_sec: 60
2018/11/18-03:17:51.767437 7f6da81fd700                          Options.max_open_files: -1
2018/11/18-03:17:51.767437 7f6da81fd700                          Options.bytes_per_sync: 1048576
2018/11/18-03:17:51.767438 7f6da81fd700                      Options.wal_bytes_per_sync: 0
2018/11/18-03:17:51.767439 7f6da81fd700       Options.compaction_readahead_size: 0
2018/11/18-03:17:51.767440 7f6da81fd700 Compression algorithms supported:
2018/11/18-03:17:51.767441 7f6da81fd700 	kZSTDNotFinalCompression supported: 1
2018/11/18-03:17:51.767448 7f6da81fd700 	kZSTD supported: 1
2018/11/18-03:17:51.767449 7f6da81fd700 	kXpressCompression supported: 0
2018/11/18-03:17:51.767450 7f6da81fd700 	kLZ4HCCompression supported: 1
2018/11/18-03:17:51.767451 7f6da81fd700 	kLZ4Compression supported: 1
2018/11/18-03:17:51.767452 7f6da81fd700 	kBZip2Compression supported: 1
2018/11/18-03:17:51.767453 7f6da81fd700 	kZlibCompression supported: 1
2018/11/18-03:17:51.767454 7f6da81fd700 	kSnappyCompression supported: 1
2018/11/18-03:17:51.767457 7f6da81fd700 Fast CRC32 supported: Supported on x86
2018/11/18-03:17:51.767523 7f6da81fd700 [db/db_impl_open.cc:222] Creating manifest 1 
2018/11/18-03:17:51.864928 7f6da81fd700 [db/version_set.cc:3085] Recovering from manifest file: MANIFEST-000001
2018/11/18-03:17:51.865002 7f6da81fd700 [db/column_family.cc:475] --------------- Options for column family [default]:
2018/11/18-03:17:51.865006 7f6da81fd700               Options.comparator: leveldb.BytewiseComparator
2018/11/18-03:17:51.865007 7f6da81fd700           Options.merge_operator: None
2018/11/18-03:17:51.865008 7f6da81fd700        Options.compaction_filter: None
2018/11/18-03:17:51.865009 7f6da81fd700        Options.compaction_filter_factory: None
2018/11/18-03:17:51.865010 7f6da81fd700         Options.memtable_factory: SkipListFactory
2018/11/18-03:17:51.865011 7f6da81fd700            Options.table_factory: BlockBasedTable
2018/11/18-03:17:51.865051 7f6da81fd700            table_factory options:   flush_block_policy_factory: FlushBlockBySizePolicyFactory (0x7f6ccc381af0)
  cache_index_and_filter_blocks: 0
  cache_index_and_filter_blocks_with_high_priority: 0
  pin_l0_filter_and_index_blocks_in_cache: 0
  index_type: 0
  hash_index_allow_collision: 1
  checksum: 1
  no_block_cache: 0
  block_cache: 0x7f6ccc38d3e0
  block_cache_name: LRUCache
  block_cache_options:
    capacity : 8388608
    num_shard_bits : 4
    strict_capacity_limit : 0
    high_pri_pool_ratio: 0.000
  block_cache_compressed: (nil)
  persistent_cache: (nil)
  block_size: 8192
  block_size_deviation: 10
  block_restart_interval: 16
  index_block_restart_interval: 1
  metadata_block_size: 4096
  partition_filters: 0
  use_delta_encoding: 1
  filter_policy: nullptr
  whole_key_filtering: 1
  verify_compression: 0
  read_amp_bytes_per_bit: 0
  format_version: 2
  enable_index_compression: 1
  block_align: 0
2018/11/18-03:17:51.865065 7f6da81fd700        Options.write_buffer_size: 134217728
2018/11/18-03:17:51.865067 7f6da81fd700  Options.max_write_buffer_number: 24
2018/11/18-03:17:51.865068 7f6da81fd700        Options.compression[0]: NoCompression
2018/11/18-03:17:51.865069 7f6da81fd700        Options.compression[1]: NoCompression
2018/11/18-03:17:51.865070 7f6da81fd700        Options.compression[2]: LZ4
2018/11/18-03:17:51.865071 7f6da81fd700        Options.compression[3]: LZ4
2018/11/18-03:17:51.865072 7f6da81fd700        Options.compression[4]: LZ4
2018/11/18-03:17:51.865073 7f6da81fd700        Options.compression[5]: LZ4
2018/11/18-03:17:51.865074 7f6da81fd700        Options.compression[6]: LZ4
2018/11/18-03:17:51.865074 7f6da81fd700                  Options.bottommost_compression: Disabled
2018/11/18-03:17:51.865075 7f6da81fd700       Options.prefix_extractor: nullptr
2018/11/18-03:17:51.865076 7f6da81fd700   Options.memtable_insert_with_hint_prefix_extractor: nullptr
2018/11/18-03:17:51.865077 7f6da81fd700             Options.num_levels: 7
2018/11/18-03:17:51.865078 7f6da81fd700        Options.min_write_buffer_number_to_merge: 2
2018/11/18-03:17:51.865079 7f6da81fd700     Options.max_write_buffer_number_to_maintain: 0
2018/11/18-03:17:51.865080 7f6da81fd700            Options.compression_opts.window_bits: -14
2018/11/18-03:17:51.865081 7f6da81fd700                  Options.compression_opts.level: -1
2018/11/18-03:17:51.865082 7f6da81fd700               Options.compression_opts.strategy: 0
2018/11/18-03:17:51.865082 7f6da81fd700         Options.compression_opts.max_dict_bytes: 0
2018/11/18-03:17:51.865083 7f6da81fd700         Options.compression_opts.zstd_max_train_bytes: 0
2018/11/18-03:17:51.865084 7f6da81fd700      Options.level0_file_num_compaction_trigger: 2
2018/11/18-03:17:51.865085 7f6da81fd700          Options.level0_slowdown_writes_trigger: 20
2018/11/18-03:17:51.865086 7f6da81fd700              Options.level0_stop_writes_trigger: 36
2018/11/18-03:17:51.865087 7f6da81fd700                   Options.target_file_size_base: 67108864
2018/11/18-03:17:51.865088 7f6da81fd700             Options.target_file_size_multiplier: 1
2018/11/18-03:17:51.865089 7f6da81fd700                Options.max_bytes_for_level_base: 536870912
2018/11/18-03:17:51.865089 7f6da81fd700 Options.level_compaction_dynamic_level_bytes: 0
2018/11/18-03:17:51.865090 7f6da81fd700          Options.max_bytes_for_level_multiplier: 10.000000
2018/11/18-03:17:51.865094 7f6da81fd700 Options.max_bytes_for_level_multiplier_addtl[0]: 1
2018/11/18-03:17:51.865095 7f6da81fd700 Options.max_bytes_for_level_multiplier_addtl[1]: 1
2018/11/18-03:17:51.865096 7f6da81fd700 Options.max_bytes_for_level_multiplier_addtl[2]: 1
2018/11/18-03:17:51.865097 7f6da81fd700 Options.max_bytes_for_level_multiplier_addtl[3]: 1
2018/11/18-03:17:51.865097 7f6da81fd700 Options.max_bytes_for_level_multiplier_addtl[4]: 1
2018/11/18-03:17:51.865098 7f6da81fd700 Options.max_bytes_for_level_multiplier_addtl[5]: 1
2018/11/18-03:17:51.865099 7f6da81fd700 Options.max_bytes_for_level_multiplier_addtl[6]: 1
2018/11/18-03:17:51.865100 7f6da81fd700       Options.max_sequential_skip_in_iterations: 8
2018/11/18-03:17:51.865101 7f6da81fd700                    Options.max_compaction_bytes: 1677721600
2018/11/18-03:17:51.865102 7f6da81fd700                        Options.arena_block_size: 16777216
2018/11/18-03:17:51.865103 7f6da81fd700   Options.soft_pending_compaction_bytes_limit: 68719476736
2018/11/18-03:17:51.865103 7f6da81fd700   Options.hard_pending_compaction_bytes_limit: 274877906944
2018/11/18-03:17:51.865110 7f6da81fd700       Options.rate_limit_delay_max_milliseconds: 100
2018/11/18-03:17:51.865111 7f6da81fd700                Options.disable_auto_compactions: 0
2018/11/18-03:17:51.865113 7f6da81fd700                        Options.compaction_style: kCompactionStyleLevel
2018/11/18-03:17:51.865115 7f6da81fd700                          Options.compaction_pri: kByCompensatedSize
2018/11/18-03:17:51.865115 7f6da81fd700 Options.compaction_options_universal.size_ratio: 1
2018/11/18-03:17:51.865116 7f6da81fd700 Options.compaction_options_universal.min_merge_width: 2
2018/11/18-03:17:51.865117 7f6da81fd700 Options.compaction_options_universal.max_merge_width: 4294967295
2018/11/18-03:17:51.865118 7f6da81fd700 Options.compaction_options_universal.max_size_amplification_percent: 200
2018/11/18-03:17:51.865119 7f6da81fd700 Options.compaction_options_universal.compression_size_percent: -1
2018/11/18-03:17:51.865120 7f6da81fd700 Options.compaction_options_universal.stop_style: kCompactionStopStyleTotalSize
2018/11/18-03:17:51.865121 7f6da81fd700 Options.compaction_options_fifo.max_table_files_size: 1073741824
2018/11/18-03:17:51.865122 7f6da81fd700 Options.compaction_options_fifo.allow_compaction: 0
2018/11/18-03:17:51.865123 7f6da81fd700 Options.compaction_options_fifo.ttl: 0
2018/11/18-03:17:51.865124 7f6da81fd700                   Options.table_properties_collectors: 
2018/11/18-03:17:51.865125 7f6da81fd700                   Options.inplace_update_support: 0
2018/11/18-03:17:51.865126 7f6da81fd700                 Options.inplace_update_num_locks: 10000
2018/11/18-03:17:51.865127 7f6da81fd700               Options.memtable_prefix_bloom_size_ratio: 0.000000
2018/11/18-03:17:51.865128 7f6da81fd700   Options.memtable_huge_page_size: 0
2018/11/18-03:17:51.865129 7f6da81fd700                           Options.bloom_locality: 0
2018/11/18-03:17:51.865130 7f6da81fd700                    Options.max_successive_merges: 0
2018/11/18-03:17:51.865131 7f6da81fd700                Options.optimize_filters_for_hits: 0
2018/11/18-03:17:51.865132 7f6da81fd700                Options.paranoid_file_checks: 0
2018/11/18-03:17:51.865133 7f6da81fd700                Options.force_consistency_checks: 0
2018/11/18-03:17:51.865134 7f6da81fd700                Options.report_bg_io_stats: 0
2018/11/18-03:17:51.865135 7f6da81fd700                               Options.ttl: 0
2018/11/18-03:17:51.865904 7f6da81fd700 [db/version_set.cc:3361] Recovered from manifest file:/mnt/sdb/ycsb-rocksdb-data/MANIFEST-000001 succeeded,manifest_file_number is 1, next_file_number is 3, last_sequence is 0, log_number is 0,prev_log_number is 0,max_column_family is 0,min_log_number_to_keep is 0
2018/11/18-03:17:51.865910 7f6da81fd700 [db/version_set.cc:3369] Column family [default] (ID 0), log number is 0
2018/11/18-03:17:51.866077 7f6da81fd700 [db/version_set.cc:2847] Creating manifest 4
2018/11/18-03:17:51.936244 7f6da81fd700 [db/column_family.cc:475] --------------- Options for column family [usertable]:
2018/11/18-03:17:51.936248 7f6da81fd700               Options.comparator: leveldb.BytewiseComparator
2018/11/18-03:17:51.936249 7f6da81fd700           Options.merge_operator: None
2018/11/18-03:17:51.936250 7f6da81fd700        Options.compaction_filter: None
2018/11/18-03:17:51.936251 7f6da81fd700        Options.compaction_filter_factory: None
2018/11/18-03:17:51.936251 7f6da81fd700         Options.memtable_factory: SkipListFactory
2018/11/18-03:17:51.936252 7f6da81fd700            Options.table_factory: BlockBasedTable
2018/11/18-03:17:51.936275 7f6da81fd700            table_factory options:   flush_block_policy_factory: FlushBlockBySizePolicyFactory (0x7f6ccc381ad0)
  cache_index_and_filter_blocks: 0
  cache_index_and_filter_blocks_with_high_priority: 0
  pin_l0_filter_and_index_blocks_in_cache: 0
  index_type: 0
  hash_index_allow_collision: 1
  checksum: 1
  no_block_cache: 0
  block_cache: 0x7f6ccc38f0a0
  block_cache_name: LRUCache
  block_cache_options:
    capacity : 8388608
    num_shard_bits : 4
    strict_capacity_limit : 0
    high_pri_pool_ratio: 0.000
  block_cache_compressed: (nil)
  persistent_cache: (nil)
  block_size: 8192
  block_size_deviation: 10
  block_restart_interval: 16
  index_block_restart_interval: 1
  metadata_block_size: 4096
  partition_filters: 0
  use_delta_encoding: 1
  filter_policy: nullptr
  whole_key_filtering: 1
  verify_compression: 0
  read_amp_bytes_per_bit: 0
  format_version: 2
  enable_index_compression: 1
  block_align: 0
2018/11/18-03:17:51.936277 7f6da81fd700        Options.write_buffer_size: 134217728
2018/11/18-03:17:51.936278 7f6da81fd700  Options.max_write_buffer_number: 24
2018/11/18-03:17:51.936279 7f6da81fd700        Options.compression[0]: NoCompression
2018/11/18-03:17:51.936280 7f6da81fd700        Options.compression[1]: NoCompression
2018/11/18-03:17:51.936281 7f6da81fd700        Options.compression[2]: LZ4
2018/11/18-03:17:51.936282 7f6da81fd700        Options.compression[3]: LZ4
2018/11/18-03:17:51.936283 7f6da81fd700        Options.compression[4]: LZ4
2018/11/18-03:17:51.936284 7f6da81fd700        Options.compression[5]: LZ4
2018/11/18-03:17:51.936284 7f6da81fd700        Options.compression[6]: LZ4
2018/11/18-03:17:51.936285 7f6da81fd700                  Options.bottommost_compression: Disabled
2018/11/18-03:17:51.936286 7f6da81fd700       Options.prefix_extractor: nullptr
2018/11/18-03:17:51.936287 7f6da81fd700   Options.memtable_insert_with_hint_prefix_extractor: nullptr
2018/11/18-03:17:51.936288 7f6da81fd700             Options.num_levels: 7
2018/11/18-03:17:51.936289 7f6da81fd700        Options.min_write_buffer_number_to_merge: 2
2018/11/18-03:17:51.936289 7f6da81fd700     Options.max_write_buffer_number_to_maintain: 0
2018/11/18-03:17:51.936290 7f6da81fd700            Options.compression_opts.window_bits: -14
2018/11/18-03:17:51.936291 7f6da81fd700                  Options.compression_opts.level: -1
2018/11/18-03:17:51.936292 7f6da81fd700               Options.compression_opts.strategy: 0
2018/11/18-03:17:51.936293 7f6da81fd700         Options.compression_opts.max_dict_bytes: 0
2018/11/18-03:17:51.936294 7f6da81fd700         Options.compression_opts.zstd_max_train_bytes: 0
2018/11/18-03:17:51.936294 7f6da81fd700      Options.level0_file_num_compaction_trigger: 2
2018/11/18-03:17:51.936295 7f6da81fd700          Options.level0_slowdown_writes_trigger: 20
2018/11/18-03:17:51.936296 7f6da81fd700              Options.level0_stop_writes_trigger: 36
2018/11/18-03:17:51.936297 7f6da81fd700                   Options.target_file_size_base: 67108864
2018/11/18-03:17:51.936298 7f6da81fd700             Options.target_file_size_multiplier: 1
2018/11/18-03:17:51.936299 7f6da81fd700                Options.max_bytes_for_level_base: 536870912
2018/11/18-03:17:51.936299 7f6da81fd700 Options.level_compaction_dynamic_level_bytes: 0
2018/11/18-03:17:51.936300 7f6da81fd700          Options.max_bytes_for_level_multiplier: 10.000000
2018/11/18-03:17:51.936303 7f6da81fd700 Options.max_bytes_for_level_multiplier_addtl[0]: 1
2018/11/18-03:17:51.936313 7f6da81fd700 Options.max_bytes_for_level_multiplier_addtl[1]: 1
2018/11/18-03:17:51.936314 7f6da81fd700 Options.max_bytes_for_level_multiplier_addtl[2]: 1
2018/11/18-03:17:51.936315 7f6da81fd700 Options.max_bytes_for_level_multiplier_addtl[3]: 1
2018/11/18-03:17:51.936316 7f6da81fd700 Options.max_bytes_for_level_multiplier_addtl[4]: 1
2018/11/18-03:17:51.936316 7f6da81fd700 Options.max_bytes_for_level_multiplier_addtl[5]: 1
2018/11/18-03:17:51.936317 7f6da81fd700 Options.max_bytes_for_level_multiplier_addtl[6]: 1
2018/11/18-03:17:51.936318 7f6da81fd700       Options.max_sequential_skip_in_iterations: 8
2018/11/18-03:17:51.936319 7f6da81fd700                    Options.max_compaction_bytes: 1677721600
2018/11/18-03:17:51.936320 7f6da81fd700                        Options.arena_block_size: 16777216
2018/11/18-03:17:51.936321 7f6da81fd700   Options.soft_pending_compaction_bytes_limit: 68719476736
2018/11/18-03:17:51.936322 7f6da81fd700   Options.hard_pending_compaction_bytes_limit: 274877906944
2018/11/18-03:17:51.936322 7f6da81fd700       Options.rate_limit_delay_max_milliseconds: 100
2018/11/18-03:17:51.936323 7f6da81fd700                Options.disable_auto_compactions: 0
2018/11/18-03:17:51.936325 7f6da81fd700                        Options.compaction_style: kCompactionStyleLevel
2018/11/18-03:17:51.936326 7f6da81fd700                          Options.compaction_pri: kByCompensatedSize
2018/11/18-03:17:51.936327 7f6da81fd700 Options.compaction_options_universal.size_ratio: 1
2018/11/18-03:17:51.936327 7f6da81fd700 Options.compaction_options_universal.min_merge_width: 2
2018/11/18-03:17:51.936328 7f6da81fd700 Options.compaction_options_universal.max_merge_width: 4294967295
2018/11/18-03:17:51.936329 7f6da81fd700 Options.compaction_options_universal.max_size_amplification_percent: 200
2018/11/18-03:17:51.936330 7f6da81fd700 Options.compaction_options_universal.compression_size_percent: -1
2018/11/18-03:17:51.936331 7f6da81fd700 Options.compaction_options_universal.stop_style: kCompactionStopStyleTotalSize
2018/11/18-03:17:51.936332 7f6da81fd700 Options.compaction_options_fifo.max_table_files_size: 1073741824
2018/11/18-03:17:51.936333 7f6da81fd700 Options.compaction_options_fifo.allow_compaction: 0
2018/11/18-03:17:51.936334 7f6da81fd700 Options.compaction_options_fifo.ttl: 0
2018/11/18-03:17:51.936334 7f6da81fd700                   Options.table_properties_collectors: 
2018/11/18-03:17:51.936335 7f6da81fd700                   Options.inplace_update_support: 0
2018/11/18-03:17:51.936336 7f6da81fd700                 Options.inplace_update_num_locks: 10000
2018/11/18-03:17:51.936337 7f6da81fd700               Options.memtable_prefix_bloom_size_ratio: 0.000000
2018/11/18-03:17:51.936338 7f6da81fd700   Options.memtable_huge_page_size: 0
2018/11/18-03:17:51.936339 7f6da81fd700                           Options.bloom_locality: 0
2018/11/18-03:17:51.936340 7f6da81fd700                    Options.max_successive_merges: 0
2018/11/18-03:17:51.936341 7f6da81fd700                Options.optimize_filters_for_hits: 0
2018/11/18-03:17:51.936342 7f6da81fd700                Options.paranoid_file_checks: 0
2018/11/18-03:17:51.936342 7f6da81fd700                Options.force_consistency_checks: 0
2018/11/18-03:17:51.936343 7f6da81fd700                Options.report_bg_io_stats: 0
2018/11/18-03:17:51.936344 7f6da81fd700                               Options.ttl: 0
2018/11/18-03:17:51.936381 7f6da81fd700 [db/db_impl.cc:1396] Created column family [usertable] (ID 1)
2018/11/18-03:17:52.010594 7f6da81fd700 [db/db_impl_open.cc:1219] DB pointer 0x7f6ccc3d01d0
2018/11/18-03:17:52.301999 7f6da0cfb700 [db/db_impl_write.cc:1373] [usertable] New memtable created with log file: #9. Immutable memtables: 0.
2018/11/18-03:17:52.514453 7f6da0efd700 [db/db_impl_write.cc:1373] [usertable] New memtable created with log file: #10. Immutable memtables: 1.
2018/11/18-03:17:52.514591 7f6d63fff700 [db/db_impl_compaction_flush.cc:80] [JOB 2] Syncing log #3
2018/11/18-03:17:52.757204 7f6da0cfb700 [db/db_impl_write.cc:1373] [usertable] New memtable created with log file: #12. Immutable memtables: 2.
2018/11/18-03:17:53.002958 7f6da03f2700 [db/db_impl_write.cc:1373] [usertable] New memtable created with log file: #13. Immutable memtables: 3.
2018/11/18-03:17:53.015404 7f6d63fff700 [db/db_impl_compaction_flush.cc:80] [JOB 2] Syncing log #9
2018/11/18-03:17:53.223701 7f6da03f2700 [db/db_impl_write.cc:1373] [usertable] New memtable created with log file: #15. Immutable memtables: 4.
2018/11/18-03:17:53.461497 7f6da03f2700 [db/db_impl_write.cc:1373] [usertable] New memtable created with log file: #16. Immutable memtables: 5.
2018/11/18-03:17:53.671728 7f6da08f7700 [db/db_impl_write.cc:1373] [usertable] New memtable created with log file: #18. Immutable memtables: 6.
2018/11/18-03:17:53.936497 7f6da0dfc700 [db/db_impl_write.cc:1373] [usertable] New memtable created with log file: #19. Immutable memtables: 7.
2018/11/18-03:17:54.110195 7f6d63fff700 (Original Log Time 2018/11/18-03:17:52.514538) [db/db_impl_compaction_flush.cc:1424] Calling FlushMemTableToOutputFile with column family [usertable], flush slots available 24, compaction slots available 1, flush slots scheduled 1, compaction slots scheduled 0
2018/11/18-03:17:54.110204 7f6d80ff9700 [db/db_impl_compaction_flush.cc:80] [JOB 4] Syncing log #10
2018/11/18-03:17:54.110215 7f6d63fff700 [db/flush_job.cc:301] [usertable] [JOB 2] Flushing memtable with next log file: 9
2018/11/18-03:17:54.110237 7f6d63fff700 [db/flush_job.cc:301] [usertable] [JOB 2] Flushing memtable with next log file: 10
2018/11/18-03:17:54.110294 7f6d63fff700 EVENT_LOG_v1 {"time_micros": 1542539874110266, "job": 2, "event": "flush_started", "num_memtables": 2, "num_entries": 60819, "num_deletes": 0, "memory_usage": 252075328, "flush_reason": "Write Buffer Full"}
2018/11/18-03:17:54.110307 7f6d63fff700 [db/flush_job.cc:331] [usertable] [JOB 2] Level-0 flush table #11: started
2018/11/18-03:17:54.284086 7f6da01f0700 [db/db_impl_write.cc:1373] [usertable] New memtable created with log file: #21. Immutable memtables: 8.
2018/11/18-03:17:54.565122 7f6da0cfb700 [db/db_impl_write.cc:1373] [usertable] New memtable created with log file: #22. Immutable memtables: 9.
2018/11/18-03:17:54.764227 7f6da03f2700 [db/db_impl_write.cc:1373] [usertable] New memtable created with log file: #24. Immutable memtables: 10.
2018/11/18-03:17:54.970856 7f6da08f7700 [db/db_impl_write.cc:1373] [usertable] New memtable created with log file: #25. Immutable memtables: 11.
2018/11/18-03:17:55.171097 7f6da06f5700 [db/db_impl_write.cc:1373] [usertable] New memtable created with log file: #27. Immutable memtables: 12.
2018/11/18-03:17:55.400728 7f6da02f1700 [db/db_impl_write.cc:1373] [usertable] New memtable created with log file: #28. Immutable memtables: 13.
2018/11/18-03:17:55.565315 7f6d80ff9700 [db/db_impl_compaction_flush.cc:80] [JOB 4] Syncing log #12
2018/11/18-03:17:55.627939 7f6da07f6700 [db/db_impl_write.cc:1373] [usertable] New memtable created with log file: #30. Immutable memtables: 14.
2018/11/18-03:17:55.854688 7f6da04f3700 [db/db_impl_write.cc:1373] [usertable] New memtable created with log file: #31. Immutable memtables: 15.
2018/11/18-03:17:56.082338 7f6da0cfb700 [db/db_impl_write.cc:1373] [usertable] New memtable created with log file: #33. Immutable memtables: 16.
2018/11/18-03:17:56.284079 7f6da0bfa700 [db/db_impl_write.cc:1373] [usertable] New memtable created with log file: #34. Immutable memtables: 17.
2018/11/18-03:17:56.484807 7f6da0cfb700 [db/db_impl_write.cc:1373] [usertable] New memtable created with log file: #36. Immutable memtables: 18.
2018/11/18-03:17:56.683303 7f6da02f1700 [db/db_impl_write.cc:1373] [usertable] New memtable created with log file: #37. Immutable memtables: 19.
2018/11/18-03:17:56.889709 7f6da0ffe700 [db/db_impl_write.cc:1373] [usertable] New memtable created with log file: #39. Immutable memtables: 20.
2018/11/18-03:17:57.093992 7f6da0cfb700 [db/db_impl_write.cc:1373] [usertable] New memtable created with log file: #40. Immutable memtables: 21.
2018/11/18-03:17:57.320841 7f6da81fd700 [db/db_impl_write.cc:1373] [usertable] New memtable created with log file: #42. Immutable memtables: 22.
2018/11/18-03:17:57.320871 7f6da81fd700 [WARN] [db/column_family.cc:779] [usertable] Stalling writes because we have 23 immutable memtables (waiting for flush), max_write_buffer_number is set to 24 rate 16777216
2018/11/18-03:17:57.331031 7f6d80ff9700 [db/db_impl_compaction_flush.cc:80] [JOB 4] Syncing log #13
2018/11/18-03:17:57.331846 7f6d63fff700 EVENT_LOG_v1 {"time_micros": 1542539877331826, "cf_name": "usertable", "job": 2, "event": "table_file_creation", "file_number": 11, "file_size": 251875828, "table_properties": {"data_size": 250756751, "index_size": 1118150, "filter_size": 0, "raw_key_size": 1459656, "raw_average_key_size": 24, "raw_value_size": 249114624, "raw_average_value_size": 4096, "num_data_blocks": 30410, "num_entries": 60819, "filter_policy_name": "", "kDeletedKeys": "0", "kMergeOperands": "0"}}
2018/11/18-03:17:57.331881 7f6d63fff700 [db/flush_job.cc:371] [usertable] [JOB 2] Level-0 flush table #11: 251875828 bytes OK
2018/11/18-03:17:58.658269 7f6d80ff9700 [db/db_impl_compaction_flush.cc:80] [JOB 4] Syncing log #15
2018/11/18-03:17:58.658534 7f6d63fff700 (Original Log Time 2018/11/18-03:17:57.665763) [db/memtable_list.cc:377] [usertable] Level-0 commit table #11 started
2018/11/18-03:17:58.658537 7f6d63fff700 (Original Log Time 2018/11/18-03:17:58.658314) [db/memtable_list.cc:409] [usertable] Level-0 commit table #11: memtable #1 done
2018/11/18-03:17:58.658539 7f6d63fff700 (Original Log Time 2018/11/18-03:17:58.658329) [db/memtable_list.cc:409] [usertable] Level-0 commit table #11: memtable #2 done
2018/11/18-03:17:58.658541 7f6d63fff700 (Original Log Time 2018/11/18-03:17:58.658374) EVENT_LOG_v1 {"time_micros": 1542539878658353, "job": 2, "event": "flush_finished", "output_compression": "NoCompression", "lsm_state": [1, 0, 0, 0, 0, 0, 0], "immutable_memtables": 21}
2018/11/18-03:17:58.658542 7f6d63fff700 (Original Log Time 2018/11/18-03:17:58.658412) [db/db_impl_compaction_flush.cc:177] [usertable] Level summary: base level 1 max bytes base 536870912 files[1 0 0 0 0 0 0] max score 0.50
2018/11/18-03:17:58.658558 7f6d63fff700 [db/db_impl_files.cc:347] [JOB 2] Try to delete WAL files size 250510083, prev total WAL file size 2968043909, number of live WAL files 24.
2018/11/18-03:17:58.891147 7f6da0ffe700 [db/db_impl_write.cc:1373] [usertable] New memtable created with log file: #43. Immutable memtables: 21.
2018/11/18-03:17:59.099346 7f6da0ffe700 [db/db_impl_write.cc:1373] [usertable] New memtable created with log file: #45. Immutable memtables: 22.
2018/11/18-03:17:59.099370 7f6da0ffe700 [WARN] [db/column_family.cc:779] [usertable] Stalling writes because we have 23 immutable memtables (waiting for flush), max_write_buffer_number is set to 24 rate 16777216
2018/11/18-03:18:00.523820 7f6d80ff9700 (Original Log Time 2018/11/18-03:17:53.461546) [db/db_impl_compaction_flush.cc:1424] Calling FlushMemTableToOutputFile with column family [usertable], flush slots available 24, compaction slots available 1, flush slots scheduled 3, compaction slots scheduled 0
2018/11/18-03:18:00.523829 7f6d80ff9700 [db/flush_job.cc:301] [usertable] [JOB 4] Flushing memtable with next log file: 15
2018/11/18-03:18:00.523836 7f6d80ff9700 [db/flush_job.cc:301] [usertable] [JOB 4] Flushing memtable with next log file: 16
2018/11/18-03:18:00.523871 7f6d80ff9700 EVENT_LOG_v1 {"time_micros": 1542539880523860, "job": 4, "event": "flush_started", "num_memtables": 2, "num_entries": 62640, "num_deletes": 0, "memory_usage": 259610256, "flush_reason": "Write Buffer Full"}
2018/11/18-03:18:00.523882 7f6d80ff9700 [db/flush_job.cc:331] [usertable] [JOB 4] Level-0 flush table #17: started
2018/11/18-03:18:00.523882 7f6d7bfff700 [db/db_impl_compaction_flush.cc:80] [JOB 5] Syncing log #16
2018/11/18-03:18:00.524022 7f6d817fa700 (Original Log Time 2018/11/18-03:17:53.003047) [db/db_impl_compaction_flush.cc:1424] Calling FlushMemTableToOutputFile with column family [usertable], flush slots available 24, compaction slots available 1, flush slots scheduled 2, compaction slots scheduled 0
2018/11/18-03:18:00.524030 7f6d817fa700 [db/flush_job.cc:301] [usertable] [JOB 3] Flushing memtable with next log file: 12
2018/11/18-03:18:00.524038 7f6d817fa700 [db/flush_job.cc:301] [usertable] [JOB 3] Flushing memtable with next log file: 13
2018/11/18-03:18:00.524072 7f6d817fa700 EVENT_LOG_v1 {"time_micros": 1542539880524063, "job": 3, "event": "flush_started", "num_memtables": 2, "num_entries": 61240, "num_deletes": 0, "memory_usage": 253822624, "flush_reason": "Write Buffer Full"}
2018/11/18-03:18:00.524078 7f6d817fa700 [db/flush_job.cc:331] [usertable] [JOB 3] Level-0 flush table #14: started
2018/11/18-03:18:05.466590 7f6d7bfff700 [db/db_impl_compaction_flush.cc:80] [JOB 5] Syncing log #18
2018/11/18-03:18:06.823083 7f6da0af9700 [db/db_impl_write.cc:1373] [usertable] New memtable created with log file: #46. Immutable memtables: 23.
2018/11/18-03:18:06.823111 7f6da0af9700 [WARN] [db/column_family.cc:743] [usertable] Stopping writes because we have 24 immutable memtables (waiting for flush), max_write_buffer_number is set to 24
2018/11/18-03:18:07.559259 7f6d7bfff700 (Original Log Time 2018/11/18-03:17:53.936546) [db/db_impl_compaction_flush.cc:1424] Calling FlushMemTableToOutputFile with column family [usertable], flush slots available 24, compaction slots available 1, flush slots scheduled 4, compaction slots scheduled 0
2018/11/18-03:18:07.559268 7f6d7bfff700 [db/flush_job.cc:301] [usertable] [JOB 5] Flushing memtable with next log file: 18
2018/11/18-03:18:07.559286 7f6d7bfff700 [db/flush_job.cc:301] [usertable] [JOB 5] Flushing memtable with next log file: 19
2018/11/18-03:18:07.559282 7f6d7b7fe700 [db/db_impl_compaction_flush.cc:80] [JOB 6] Syncing log #19
2018/11/18-03:18:07.559316 7f6d7bfff700 EVENT_LOG_v1 {"time_micros": 1542539887559305, "job": 5, "event": "flush_started", "num_memtables": 2, "num_entries": 60853, "num_deletes": 0, "memory_usage": 252220960, "flush_reason": "Write Buffer Full"}
2018/11/18-03:18:07.559323 7f6d7bfff700 [db/flush_job.cc:331] [usertable] [JOB 5] Level-0 flush table #20: started
2018/11/18-03:18:11.096531 7f6d817fa700 EVENT_LOG_v1 {"time_micros": 1542539891096507, "cf_name": "usertable", "job": 3, "event": "table_file_creation", "file_number": 14, "file_size": 253632926, "table_properties": {"data_size": 252499324, "index_size": 1132675, "filter_size": 0, "raw_key_size": 1469760, "raw_average_key_size": 24, "raw_value_size": 250839040, "raw_average_value_size": 4096, "num_data_blocks": 30620, "num_entries": 61240, "filter_policy_name": "", "kDeletedKeys": "0", "kMergeOperands": "0"}}
2018/11/18-03:18:11.096562 7f6d817fa700 [db/flush_job.cc:371] [usertable] [JOB 3] Level-0 flush table #14: 253632926 bytes OK
2018/11/18-03:18:11.375137 7f6d7bfff700 EVENT_LOG_v1 {"time_micros": 1542539891375124, "cf_name": "usertable", "job": 5, "event": "table_file_creation", "file_number": 20, "file_size": 252030158, "table_properties": {"data_size": 250903696, "index_size": 1125535, "filter_size": 0, "raw_key_size": 1460472, "raw_average_key_size": 24, "raw_value_size": 249253888, "raw_average_value_size": 4096, "num_data_blocks": 30427, "num_entries": 60853, "filter_policy_name": "", "kDeletedKeys": "0", "kMergeOperands": "0"}}
2018/11/18-03:18:11.375152 7f6d7bfff700 [db/flush_job.cc:371] [usertable] [JOB 5] Level-0 flush table #20: 252030158 bytes OK
2018/11/18-03:18:11.375162 7f6d80ff9700 EVENT_LOG_v1 {"time_micros": 1542539891375148, "cf_name": "usertable", "job": 4, "event": "table_file_creation", "file_number": 17, "file_size": 259431181, "table_properties": {"data_size": 258271678, "index_size": 1158576, "filter_size": 0, "raw_key_size": 1503360, "raw_average_key_size": 24, "raw_value_size": 256573440, "raw_average_value_size": 4096, "num_data_blocks": 31320, "num_entries": 62640, "filter_policy_name": "", "kDeletedKeys": "0", "kMergeOperands": "0"}}
2018/11/18-03:18:11.375176 7f6d80ff9700 [db/flush_job.cc:371] [usertable] [JOB 4] Level-0 flush table #17: 259431181 bytes OK
2018/11/18-03:18:11.375182 7f6d7bfff700 [WARN] [db/column_family.cc:743] [usertable] Stopping writes because we have 24 immutable memtables (waiting for flush), max_write_buffer_number is set to 24
2018/11/18-03:18:11.375218 7f6d7bfff700 (Original Log Time 2018/11/18-03:18:11.375170) EVENT_LOG_v1 {"time_micros": 1542539891375162, "job": 5, "event": "flush_finished", "output_compression": "NoCompression", "lsm_state": [1, 0, 0, 0, 0, 0, 0], "immutable_memtables": 24}
2018/11/18-03:18:11.375221 7f6d7bfff700 (Original Log Time 2018/11/18-03:18:11.375197) [db/db_impl_compaction_flush.cc:177] [usertable] Level summary: base level 1 max bytes base 536870912 files[1 0 0 0 0 0 0] max score 0.50
2018/11/18-03:18:11.375236 7f6d80ff9700 [WARN] [db/column_family.cc:743] [usertable] Stopping writes because we have 24 immutable memtables (waiting for flush), max_write_buffer_number is set to 24
2018/11/18-03:18:11.375253 7f6d80ff9700 (Original Log Time 2018/11/18-03:18:11.375231) EVENT_LOG_v1 {"time_micros": 1542539891375227, "job": 4, "event": "flush_finished", "output_compression": "NoCompression", "lsm_state": [1, 0, 0, 0, 0, 0, 0], "immutable_memtables": 24}
2018/11/18-03:18:11.375255 7f6d80ff9700 (Original Log Time 2018/11/18-03:18:11.375244) [db/db_impl_compaction_flush.cc:177] [usertable] Level summary: base level 1 max bytes base 536870912 files[1 0 0 0 0 0 0] max score 0.50
2018/11/18-03:18:11.607076 7f6d7b7fe700 [db/db_impl_compaction_flush.cc:80] [JOB 6] Syncing log #21
2018/11/18-03:18:11.926757 7f6d817fa700 [db/column_family.cc:837] [usertable] Increasing compaction threads because we have 4 level-0 files 
2018/11/18-03:18:11.926808 7f6d817fa700 (Original Log Time 2018/11/18-03:18:11.374494) [db/memtable_list.cc:377] [usertable] Level-0 commit table #14 started
2018/11/18-03:18:11.926811 7f6d817fa700 (Original Log Time 2018/11/18-03:18:11.607135) [db/memtable_list.cc:409] [usertable] Level-0 commit table #14: memtable #1 done
2018/11/18-03:18:11.926812 7f6d817fa700 (Original Log Time 2018/11/18-03:18:11.607137) [db/memtable_list.cc:409] [usertable] Level-0 commit table #14: memtable #2 done
2018/11/18-03:18:11.926814 7f6d817fa700 (Original Log Time 2018/11/18-03:18:11.607141) [db/memtable_list.cc:377] [usertable] Level-0 commit table #17 started
2018/11/18-03:18:11.926815 7f6d817fa700 (Original Log Time 2018/11/18-03:18:11.607141) [db/memtable_list.cc:377] [usertable] Level-0 commit table #20 started
2018/11/18-03:18:11.926816 7f6d817fa700 (Original Log Time 2018/11/18-03:18:11.926717) [db/memtable_list.cc:409] [usertable] Level-0 commit table #17: memtable #1 done
2018/11/18-03:18:11.926818 7f6d817fa700 (Original Log Time 2018/11/18-03:18:11.926719) [db/memtable_list.cc:409] [usertable] Level-0 commit table #17: memtable #2 done
2018/11/18-03:18:11.926819 7f6d817fa700 (Original Log Time 2018/11/18-03:18:11.926720) [db/memtable_list.cc:409] [usertable] Level-0 commit table #20: memtable #3 done
2018/11/18-03:18:11.926821 7f6d817fa700 (Original Log Time 2018/11/18-03:18:11.926721) [db/memtable_list.cc:409] [usertable] Level-0 commit table #20: memtable #4 done
2018/11/18-03:18:11.926822 7f6d817fa700 (Original Log Time 2018/11/18-03:18:11.926749) EVENT_LOG_v1 {"time_micros": 1542539891926739, "job": 3, "event": "flush_finished", "output_compression": "NoCompression", "lsm_state": [4, 0, 0, 0, 0, 0, 0], "immutable_memtables": 18}
2018/11/18-03:18:11.926824 7f6d817fa700 (Original Log Time 2018/11/18-03:18:11.926791) [db/db_impl_compaction_flush.cc:177] [usertable] Level summary: base level 1 max bytes base 536870912 files[4 0 0 0 0 0 0] max score 2.00
2018/11/18-03:18:11.926840 7f6d817fa700 [db/db_impl_files.cc:347] [JOB 3] Try to delete WAL files size 760886321, prev total WAL file size 3083067835, number of live WAL files 25.
2018/11/18-03:18:11.927128 7f6d81ffb700 [WARN] [db/db_impl.cc:491] ------- DUMPING STATS -------
2018/11/18-03:18:11.927167 7f6d81ffb700 [WARN] [db/db_impl.cc:492] 
** DB Stats **
Uptime(secs): 20.1 total, 20.1 interval
Cumulative writes: 809K writes, 809K keys, 115K commit groups, 7.0 writes per commit group, ingest: 3.10 GB, 158.47 MB/s
Cumulative WAL: 809K writes, 0 syncs, 809374.00 writes per sync, written: 3.10 GB, 158.47 MB/s
