2019/03/23-13:21:42.466794 7f14185da700 RocksDB version: 5.14.3
2019/03/23-13:21:42.466846 7f14185da700 Git sha rocksdb_build_git_sha:
2019/03/23-13:21:42.466849 7f14185da700 Compile date Oct  9 2018
2019/03/23-13:21:42.466856 7f14185da700 DB SUMMARY
2019/03/23-13:21:42.467592 7f14185da700 CURRENT file:  CURRENT
2019/03/23-13:21:42.467595 7f14185da700 IDENTITY file:  IDENTITY
2019/03/23-13:21:42.467604 7f14185da700 MANIFEST file:  MANIFEST-000004 size: 134282 Bytes
2019/03/23-13:21:42.467607 7f14185da700 SST files in /mnt/sde/ycsb-rocksdb-data dir, Total Num: 727, files: 000024.sst 000025.sst 000026.sst 000027.sst 000028.sst 000035.sst 000036.sst 000037.sst 000038.sst 
2019/03/23-13:21:42.467612 7f14185da700 Write Ahead Log file in /mnt/sde/ycsb-rocksdb-data: 001404.log size: 112571281 ; 001411.log size: 36717754 ; 
2019/03/23-13:21:42.467638 7f14185da700                         Options.error_if_exists: 0
2019/03/23-13:21:42.467639 7f14185da700                       Options.create_if_missing: 1
2019/03/23-13:21:42.467640 7f14185da700                         Options.paranoid_checks: 1
2019/03/23-13:21:42.467641 7f14185da700                                     Options.env: 0x7f1410b95080
2019/03/23-13:21:42.467642 7f14185da700                                Options.info_log: 0x7f132c3e2000
2019/03/23-13:21:42.467643 7f14185da700                Options.max_file_opening_threads: 16
2019/03/23-13:21:42.467644 7f14185da700                              Options.statistics: (nil)
2019/03/23-13:21:42.467645 7f14185da700                               Options.use_fsync: 0
2019/03/23-13:21:42.467646 7f14185da700                       Options.max_log_file_size: 0
2019/03/23-13:21:42.467647 7f14185da700                  Options.max_manifest_file_size: 18446744073709551615
2019/03/23-13:21:42.467648 7f14185da700                   Options.log_file_time_to_roll: 0
2019/03/23-13:21:42.467649 7f14185da700                       Options.keep_log_file_num: 1000
2019/03/23-13:21:42.467650 7f14185da700                    Options.recycle_log_file_num: 0
2019/03/23-13:21:42.467651 7f14185da700                         Options.allow_fallocate: 1
2019/03/23-13:21:42.467652 7f14185da700                        Options.allow_mmap_reads: 0
2019/03/23-13:21:42.467653 7f14185da700                       Options.allow_mmap_writes: 0
2019/03/23-13:21:42.467654 7f14185da700                        Options.use_direct_reads: 0
2019/03/23-13:21:42.467655 7f14185da700                        Options.use_direct_io_for_flush_and_compaction: 0
2019/03/23-13:21:42.467656 7f14185da700          Options.create_missing_column_families: 1
2019/03/23-13:21:42.467657 7f14185da700                              Options.db_log_dir: 
2019/03/23-13:21:42.467658 7f14185da700                                 Options.wal_dir: /mnt/sde/ycsb-rocksdb-data
2019/03/23-13:21:42.467659 7f14185da700                Options.table_cache_numshardbits: 6
2019/03/23-13:21:42.467660 7f14185da700                      Options.max_subcompactions: 4
2019/03/23-13:21:42.467661 7f14185da700                  Options.max_background_flushes: 24
2019/03/23-13:21:42.467662 7f14185da700                         Options.WAL_ttl_seconds: 0
2019/03/23-13:21:42.467663 7f14185da700                       Options.WAL_size_limit_MB: 0
2019/03/23-13:21:42.467664 7f14185da700             Options.manifest_preallocation_size: 4194304
2019/03/23-13:21:42.467676 7f14185da700                     Options.is_fd_close_on_exec: 1
2019/03/23-13:21:42.467678 7f14185da700                   Options.advise_random_on_open: 1
2019/03/23-13:21:42.467680 7f14185da700                    Options.db_write_buffer_size: 0
2019/03/23-13:21:42.467682 7f14185da700                    Options.write_buffer_manager: 0x7f132c3e2290
2019/03/23-13:21:42.467683 7f14185da700         Options.access_hint_on_compaction_start: 1
2019/03/23-13:21:42.467684 7f14185da700  Options.new_table_reader_for_compaction_inputs: 0
2019/03/23-13:21:42.467685 7f14185da700           Options.random_access_max_buffer_size: 1048576
2019/03/23-13:21:42.467686 7f14185da700                      Options.use_adaptive_mutex: 0
2019/03/23-13:21:42.467687 7f14185da700                            Options.rate_limiter: (nil)
2019/03/23-13:21:42.467701 7f14185da700     Options.sst_file_manager.rate_bytes_per_sec: 0
2019/03/23-13:21:42.467702 7f14185da700                       Options.wal_recovery_mode: 2
2019/03/23-13:21:42.467703 7f14185da700                  Options.enable_thread_tracking: 0
2019/03/23-13:21:42.467704 7f14185da700                  Options.enable_pipelined_write: 1
2019/03/23-13:21:42.467705 7f14185da700         Options.allow_concurrent_memtable_write: 1
2019/03/23-13:21:42.467706 7f14185da700      Options.enable_write_thread_adaptive_yield: 1
2019/03/23-13:21:42.467707 7f14185da700             Options.write_thread_max_yield_usec: 100
2019/03/23-13:21:42.467708 7f14185da700            Options.write_thread_slow_yield_usec: 3
2019/03/23-13:21:42.467709 7f14185da700                               Options.row_cache: None
2019/03/23-13:21:42.467710 7f14185da700                              Options.wal_filter: None
2019/03/23-13:21:42.467711 7f14185da700             Options.avoid_flush_during_recovery: 0
2019/03/23-13:21:42.467712 7f14185da700             Options.allow_ingest_behind: 0
2019/03/23-13:21:42.467713 7f14185da700             Options.preserve_deletes: 0
2019/03/23-13:21:42.467714 7f14185da700             Options.two_write_queues: 0
2019/03/23-13:21:42.467715 7f14185da700             Options.manual_wal_flush: 0
2019/03/23-13:21:42.467717 7f14185da700             Options.max_background_jobs: 24
2019/03/23-13:21:42.467718 7f14185da700             Options.max_background_compactions: 24
2019/03/23-13:21:42.467719 7f14185da700             Options.avoid_flush_during_shutdown: 0
2019/03/23-13:21:42.467720 7f14185da700           Options.writable_file_max_buffer_size: 1048576
2019/03/23-13:21:42.467721 7f14185da700             Options.delayed_write_rate : 16777216
2019/03/23-13:21:42.467722 7f14185da700             Options.max_total_wal_size: 0
2019/03/23-13:21:42.467723 7f14185da700             Options.delete_obsolete_files_period_micros: 21600000000
2019/03/23-13:21:42.467724 7f14185da700                   Options.stats_dump_period_sec: 60
2019/03/23-13:21:42.467725 7f14185da700                          Options.max_open_files: -1
2019/03/23-13:21:42.467726 7f14185da700                          Options.bytes_per_sync: 1048576
2019/03/23-13:21:42.467727 7f14185da700                      Options.wal_bytes_per_sync: 0
2019/03/23-13:21:42.467728 7f14185da700       Options.compaction_readahead_size: 0
2019/03/23-13:21:42.467729 7f14185da700 Compression algorithms supported:
2019/03/23-13:21:42.467730 7f14185da700 	kZSTDNotFinalCompression supported: 1
2019/03/23-13:21:42.467737 7f14185da700 	kZSTD supported: 1
2019/03/23-13:21:42.467739 7f14185da700 	kXpressCompression supported: 0
2019/03/23-13:21:42.467740 7f14185da700 	kLZ4HCCompression supported: 1
2019/03/23-13:21:42.467741 7f14185da700 	kLZ4Compression supported: 1
2019/03/23-13:21:42.467742 7f14185da700 	kBZip2Compression supported: 1
2019/03/23-13:21:42.467743 7f14185da700 	kZlibCompression supported: 1
2019/03/23-13:21:42.467745 7f14185da700 	kSnappyCompression supported: 1
2019/03/23-13:21:42.467748 7f14185da700 Fast CRC32 supported: Not supported on x86
2019/03/23-13:21:42.468149 7f14185da700 [db/version_set.cc:3085] Recovering from manifest file: MANIFEST-000004
2019/03/23-13:21:42.468238 7f14185da700 [db/column_family.cc:475] --------------- Options for column family [default]:
2019/03/23-13:21:42.468242 7f14185da700               Options.comparator: leveldb.BytewiseComparator
2019/03/23-13:21:42.468243 7f14185da700           Options.merge_operator: None
2019/03/23-13:21:42.468244 7f14185da700        Options.compaction_filter: None
2019/03/23-13:21:42.468245 7f14185da700        Options.compaction_filter_factory: None
2019/03/23-13:21:42.468246 7f14185da700         Options.memtable_factory: SkipListFactory
2019/03/23-13:21:42.468247 7f14185da700            Options.table_factory: BlockBasedTable
2019/03/23-13:21:42.468274 7f14185da700            table_factory options:   flush_block_policy_factory: FlushBlockBySizePolicyFactory (0x7f132c3dc4d0)
  cache_index_and_filter_blocks: 0
  cache_index_and_filter_blocks_with_high_priority: 0
  pin_l0_filter_and_index_blocks_in_cache: 0
  index_type: 0
  hash_index_allow_collision: 1
  checksum: 1
  no_block_cache: 0
  block_cache: 0x7f132c3ce3b0
  block_cache_name: LRUCache
  block_cache_options:
    capacity : 8388608
    num_shard_bits : 4
    strict_capacity_limit : 0
    high_pri_pool_ratio: 0.000
  block_cache_compressed: (nil)
  persistent_cache: (nil)
  block_size: 8192
  block_size_deviation: 10
  block_restart_interval: 16
  index_block_restart_interval: 1
  metadata_block_size: 4096
  partition_filters: 0
  use_delta_encoding: 1
  filter_policy: nullptr
  whole_key_filtering: 1
  verify_compression: 0
  read_amp_bytes_per_bit: 0
  format_version: 2
  enable_index_compression: 1
  block_align: 0
2019/03/23-13:21:42.468287 7f14185da700        Options.write_buffer_size: 134217728
2019/03/23-13:21:42.468289 7f14185da700  Options.max_write_buffer_number: 24
2019/03/23-13:21:42.468290 7f14185da700        Options.compression[0]: NoCompression
2019/03/23-13:21:42.468292 7f14185da700        Options.compression[1]: NoCompression
2019/03/23-13:21:42.468293 7f14185da700        Options.compression[2]: LZ4
2019/03/23-13:21:42.468294 7f14185da700        Options.compression[3]: LZ4
2019/03/23-13:21:42.468295 7f14185da700        Options.compression[4]: LZ4
2019/03/23-13:21:42.468296 7f14185da700        Options.compression[5]: LZ4
2019/03/23-13:21:42.468297 7f14185da700        Options.compression[6]: LZ4
2019/03/23-13:21:42.468298 7f14185da700                  Options.bottommost_compression: Disabled
2019/03/23-13:21:42.468299 7f14185da700       Options.prefix_extractor: nullptr
2019/03/23-13:21:42.468300 7f14185da700   Options.memtable_insert_with_hint_prefix_extractor: nullptr
2019/03/23-13:21:42.468301 7f14185da700             Options.num_levels: 7
2019/03/23-13:21:42.468302 7f14185da700        Options.min_write_buffer_number_to_merge: 2
2019/03/23-13:21:42.468303 7f14185da700     Options.max_write_buffer_number_to_maintain: 0
2019/03/23-13:21:42.468304 7f14185da700            Options.compression_opts.window_bits: -14
2019/03/23-13:21:42.468305 7f14185da700                  Options.compression_opts.level: -1
2019/03/23-13:21:42.468306 7f14185da700               Options.compression_opts.strategy: 0
2019/03/23-13:21:42.468307 7f14185da700         Options.compression_opts.max_dict_bytes: 0
2019/03/23-13:21:42.468308 7f14185da700         Options.compression_opts.zstd_max_train_bytes: 0
2019/03/23-13:21:42.468309 7f14185da700      Options.level0_file_num_compaction_trigger: 2
2019/03/23-13:21:42.468310 7f14185da700          Options.level0_slowdown_writes_trigger: 20
2019/03/23-13:21:42.468311 7f14185da700              Options.level0_stop_writes_trigger: 36
2019/03/23-13:21:42.468312 7f14185da700                   Options.target_file_size_base: 67108864
2019/03/23-13:21:42.468313 7f14185da700             Options.target_file_size_multiplier: 1
2019/03/23-13:21:42.468314 7f14185da700                Options.max_bytes_for_level_base: 536870912
2019/03/23-13:21:42.468315 7f14185da700 Options.level_compaction_dynamic_level_bytes: 0
2019/03/23-13:21:42.468316 7f14185da700          Options.max_bytes_for_level_multiplier: 10.000000
2019/03/23-13:21:42.468319 7f14185da700 Options.max_bytes_for_level_multiplier_addtl[0]: 1
2019/03/23-13:21:42.468320 7f14185da700 Options.max_bytes_for_level_multiplier_addtl[1]: 1
2019/03/23-13:21:42.468322 7f14185da700 Options.max_bytes_for_level_multiplier_addtl[2]: 1
2019/03/23-13:21:42.468322 7f14185da700 Options.max_bytes_for_level_multiplier_addtl[3]: 1
2019/03/23-13:21:42.468323 7f14185da700 Options.max_bytes_for_level_multiplier_addtl[4]: 1
2019/03/23-13:21:42.468324 7f14185da700 Options.max_bytes_for_level_multiplier_addtl[5]: 1
2019/03/23-13:21:42.468325 7f14185da700 Options.max_bytes_for_level_multiplier_addtl[6]: 1
2019/03/23-13:21:42.468326 7f14185da700       Options.max_sequential_skip_in_iterations: 8
2019/03/23-13:21:42.468327 7f14185da700                    Options.max_compaction_bytes: 1677721600
2019/03/23-13:21:42.468339 7f14185da700                        Options.arena_block_size: 16777216
2019/03/23-13:21:42.468341 7f14185da700   Options.soft_pending_compaction_bytes_limit: 68719476736
2019/03/23-13:21:42.468342 7f14185da700   Options.hard_pending_compaction_bytes_limit: 274877906944
2019/03/23-13:21:42.468343 7f14185da700       Options.rate_limit_delay_max_milliseconds: 100
2019/03/23-13:21:42.468344 7f14185da700                Options.disable_auto_compactions: 0
2019/03/23-13:21:42.468345 7f14185da700                        Options.compaction_style: kCompactionStyleLevel
2019/03/23-13:21:42.468346 7f14185da700                          Options.compaction_pri: kByCompensatedSize
2019/03/23-13:21:42.468347 7f14185da700 Options.compaction_options_universal.size_ratio: 1
2019/03/23-13:21:42.468349 7f14185da700 Options.compaction_options_universal.min_merge_width: 2
2019/03/23-13:21:42.468349 7f14185da700 Options.compaction_options_universal.max_merge_width: 4294967295
2019/03/23-13:21:42.468350 7f14185da700 Options.compaction_options_universal.max_size_amplification_percent: 200
2019/03/23-13:21:42.468352 7f14185da700 Options.compaction_options_universal.compression_size_percent: -1
2019/03/23-13:21:42.468353 7f14185da700 Options.compaction_options_universal.stop_style: kCompactionStopStyleTotalSize
2019/03/23-13:21:42.468354 7f14185da700 Options.compaction_options_fifo.max_table_files_size: 1073741824
2019/03/23-13:21:42.468355 7f14185da700 Options.compaction_options_fifo.allow_compaction: 0
2019/03/23-13:21:42.468356 7f14185da700 Options.compaction_options_fifo.ttl: 0
2019/03/23-13:21:42.468357 7f14185da700                   Options.table_properties_collectors: 
2019/03/23-13:21:42.468358 7f14185da700                   Options.inplace_update_support: 0
2019/03/23-13:21:42.468359 7f14185da700                 Options.inplace_update_num_locks: 10000
2019/03/23-13:21:42.468360 7f14185da700               Options.memtable_prefix_bloom_size_ratio: 0.000000
2019/03/23-13:21:42.468361 7f14185da700   Options.memtable_huge_page_size: 0
2019/03/23-13:21:42.468362 7f14185da700                           Options.bloom_locality: 0
2019/03/23-13:21:42.468363 7f14185da700                    Options.max_successive_merges: 0
2019/03/23-13:21:42.468364 7f14185da700                Options.optimize_filters_for_hits: 0
2019/03/23-13:21:42.468365 7f14185da700                Options.paranoid_file_checks: 0
2019/03/23-13:21:42.468366 7f14185da700                Options.force_consistency_checks: 0
2019/03/23-13:21:42.468367 7f14185da700                Options.report_bg_io_stats: 0
2019/03/23-13:21:42.468368 7f14185da700                               Options.ttl: 0
2019/03/23-13:21:42.468484 7f14185da700 [db/column_family.cc:475] --------------- Options for column family [usertable]:
2019/03/23-13:21:42.468487 7f14185da700               Options.comparator: leveldb.BytewiseComparator
2019/03/23-13:21:42.468489 7f14185da700           Options.merge_operator: None
2019/03/23-13:21:42.468490 7f14185da700        Options.compaction_filter: None
2019/03/23-13:21:42.468490 7f14185da700        Options.compaction_filter_factory: None
2019/03/23-13:21:42.468491 7f14185da700         Options.memtable_factory: SkipListFactory
2019/03/23-13:21:42.468493 7f14185da700            Options.table_factory: BlockBasedTable
2019/03/23-13:21:42.468520 7f14185da700            table_factory options:   flush_block_policy_factory: FlushBlockBySizePolicyFactory (0x7f132c3d8c80)
  cache_index_and_filter_blocks: 0
  cache_index_and_filter_blocks_with_high_priority: 0
  pin_l0_filter_and_index_blocks_in_cache: 0
  index_type: 0
  hash_index_allow_collision: 1
  checksum: 1
  no_block_cache: 0
  block_cache: 0x7f132c3dede0
  block_cache_name: LRUCache
  block_cache_options:
    capacity : 8388608
    num_shard_bits : 4
    strict_capacity_limit : 0
    high_pri_pool_ratio: 0.000
  block_cache_compressed: (nil)
  persistent_cache: (nil)
  block_size: 8192
  block_size_deviation: 10
  block_restart_interval: 16
  index_block_restart_interval: 1
  metadata_block_size: 4096
  partition_filters: 0
  use_delta_encoding: 1
  filter_policy: nullptr
  whole_key_filtering: 1
  verify_compression: 0
  read_amp_bytes_per_bit: 0
  format_version: 2
  enable_index_compression: 1
  block_align: 0
2019/03/23-13:21:42.468531 7f14185da700        Options.write_buffer_size: 134217728
2019/03/23-13:21:42.468533 7f14185da700  Options.max_write_buffer_number: 24
2019/03/23-13:21:42.468534 7f14185da700        Options.compression[0]: NoCompression
2019/03/23-13:21:42.468535 7f14185da700        Options.compression[1]: NoCompression
2019/03/23-13:21:42.468536 7f14185da700        Options.compression[2]: LZ4
2019/03/23-13:21:42.468537 7f14185da700        Options.compression[3]: LZ4
2019/03/23-13:21:42.468538 7f14185da700        Options.compression[4]: LZ4
2019/03/23-13:21:42.468539 7f14185da700        Options.compression[5]: LZ4
2019/03/23-13:21:42.468540 7f14185da700        Options.compression[6]: LZ4
2019/03/23-13:21:42.468541 7f14185da700                  Options.bottommost_compression: Disabled
2019/03/23-13:21:42.468542 7f14185da700       Options.prefix_extractor: nullptr
2019/03/23-13:21:42.468543 7f14185da700   Options.memtable_insert_with_hint_prefix_extractor: nullptr
2019/03/23-13:21:42.468544 7f14185da700             Options.num_levels: 7
2019/03/23-13:21:42.468545 7f14185da700        Options.min_write_buffer_number_to_merge: 2
2019/03/23-13:21:42.468546 7f14185da700     Options.max_write_buffer_number_to_maintain: 0
2019/03/23-13:21:42.468547 7f14185da700            Options.compression_opts.window_bits: -14
2019/03/23-13:21:42.468548 7f14185da700                  Options.compression_opts.level: -1
2019/03/23-13:21:42.468549 7f14185da700               Options.compression_opts.strategy: 0
2019/03/23-13:21:42.468550 7f14185da700         Options.compression_opts.max_dict_bytes: 0
2019/03/23-13:21:42.468551 7f14185da700         Options.compression_opts.zstd_max_train_bytes: 0
2019/03/23-13:21:42.468552 7f14185da700      Options.level0_file_num_compaction_trigger: 2
2019/03/23-13:21:42.468553 7f14185da700          Options.level0_slowdown_writes_trigger: 20
2019/03/23-13:21:42.468554 7f14185da700              Options.level0_stop_writes_trigger: 36
2019/03/23-13:21:42.468555 7f14185da700                   Options.target_file_size_base: 67108864
2019/03/23-13:21:42.468556 7f14185da700             Options.target_file_size_multiplier: 1
2019/03/23-13:21:42.468557 7f14185da700                Options.max_bytes_for_level_base: 536870912
2019/03/23-13:21:42.468558 7f14185da700 Options.level_compaction_dynamic_level_bytes: 0
2019/03/23-13:21:42.468559 7f14185da700          Options.max_bytes_for_level_multiplier: 10.000000
2019/03/23-13:21:42.468561 7f14185da700 Options.max_bytes_for_level_multiplier_addtl[0]: 1
2019/03/23-13:21:42.468562 7f14185da700 Options.max_bytes_for_level_multiplier_addtl[1]: 1
2019/03/23-13:21:42.468563 7f14185da700 Options.max_bytes_for_level_multiplier_addtl[2]: 1
2019/03/23-13:21:42.468564 7f14185da700 Options.max_bytes_for_level_multiplier_addtl[3]: 1
2019/03/23-13:21:42.468565 7f14185da700 Options.max_bytes_for_level_multiplier_addtl[4]: 1
2019/03/23-13:21:42.468566 7f14185da700 Options.max_bytes_for_level_multiplier_addtl[5]: 1
2019/03/23-13:21:42.468567 7f14185da700 Options.max_bytes_for_level_multiplier_addtl[6]: 1
2019/03/23-13:21:42.468568 7f14185da700       Options.max_sequential_skip_in_iterations: 8
2019/03/23-13:21:42.468568 7f14185da700                    Options.max_compaction_bytes: 1677721600
2019/03/23-13:21:42.468569 7f14185da700                        Options.arena_block_size: 16777216
2019/03/23-13:21:42.468570 7f14185da700   Options.soft_pending_compaction_bytes_limit: 68719476736
2019/03/23-13:21:42.468571 7f14185da700   Options.hard_pending_compaction_bytes_limit: 274877906944
2019/03/23-13:21:42.468572 7f14185da700       Options.rate_limit_delay_max_milliseconds: 100
2019/03/23-13:21:42.468573 7f14185da700                Options.disable_auto_compactions: 0
2019/03/23-13:21:42.468574 7f14185da700                        Options.compaction_style: kCompactionStyleLevel
2019/03/23-13:21:42.468581 7f14185da700                          Options.compaction_pri: kByCompensatedSize
2019/03/23-13:21:42.468583 7f14185da700 Options.compaction_options_universal.size_ratio: 1
2019/03/23-13:21:42.468584 7f14185da700 Options.compaction_options_universal.min_merge_width: 2
2019/03/23-13:21:42.468585 7f14185da700 Options.compaction_options_universal.max_merge_width: 4294967295
2019/03/23-13:21:42.468586 7f14185da700 Options.compaction_options_universal.max_size_amplification_percent: 200
2019/03/23-13:21:42.468587 7f14185da700 Options.compaction_options_universal.compression_size_percent: -1
2019/03/23-13:21:42.468588 7f14185da700 Options.compaction_options_universal.stop_style: kCompactionStopStyleTotalSize
2019/03/23-13:21:42.468589 7f14185da700 Options.compaction_options_fifo.max_table_files_size: 1073741824
2019/03/23-13:21:42.468590 7f14185da700 Options.compaction_options_fifo.allow_compaction: 0
2019/03/23-13:21:42.468591 7f14185da700 Options.compaction_options_fifo.ttl: 0
2019/03/23-13:21:42.468592 7f14185da700                   Options.table_properties_collectors: 
2019/03/23-13:21:42.468593 7f14185da700                   Options.inplace_update_support: 0
2019/03/23-13:21:42.468594 7f14185da700                 Options.inplace_update_num_locks: 10000
2019/03/23-13:21:42.468595 7f14185da700               Options.memtable_prefix_bloom_size_ratio: 0.000000
2019/03/23-13:21:42.468596 7f14185da700   Options.memtable_huge_page_size: 0
2019/03/23-13:21:42.468597 7f14185da700                           Options.bloom_locality: 0
2019/03/23-13:21:42.468598 7f14185da700                    Options.max_successive_merges: 0
2019/03/23-13:21:42.468599 7f14185da700                Options.optimize_filters_for_hits: 0
2019/03/23-13:21:42.468600 7f14185da700                Options.paranoid_file_checks: 0
2019/03/23-13:21:42.468601 7f14185da700                Options.force_consistency_checks: 0
2019/03/23-13:21:42.468602 7f14185da700                Options.report_bg_io_stats: 0
2019/03/23-13:21:42.468603 7f14185da700                               Options.ttl: 0
2019/03/23-13:21:43.004691 7f14185da700 [db/version_set.cc:3361] Recovered from manifest file:/mnt/sde/ycsb-rocksdb-data/MANIFEST-000004 succeeded,manifest_file_number is 4, next_file_number is 1412, last_sequence is 10427412, log_number is 0,prev_log_number is 0,max_column_family is 1,min_log_number_to_keep is 0
2019/03/23-13:21:43.004700 7f14185da700 [db/version_set.cc:3369] Column family [default] (ID 0), log number is 0
2019/03/23-13:21:43.004703 7f14185da700 [db/version_set.cc:3369] Column family [usertable] (ID 1), log number is 1404
2019/03/23-13:21:43.006707 7f14185da700 EVENT_LOG_v1 {"time_micros": 1553372503006693, "job": 1, "event": "recovery_started", "log_files": [1404, 1411]}
2019/03/23-13:21:43.006715 7f14185da700 [db/db_impl_open.cc:551] Recovering log #1404 mode 2
2019/03/23-13:21:43.369349 7f14185da700 [db/db_impl_open.cc:551] Recovering log #1411 mode 2
2019/03/23-13:21:44.362907 7f14185da700 EVENT_LOG_v1 {"time_micros": 1553372504362869, "cf_name": "usertable", "job": 1, "event": "table_file_creation", "file_number": 1412, "file_size": 129895352, "table_properties": {"data_size": 129317909, "index_size": 576521, "filter_size": 0, "raw_key_size": 752760, "raw_average_key_size": 24, "raw_value_size": 128471040, "raw_average_value_size": 4096, "num_data_blocks": 15683, "num_entries": 31365, "filter_policy_name": "", "kDeletedKeys": "0", "kMergeOperands": "0"}}
2019/03/23-13:21:44.533096 7f14185da700 [db/version_set.cc:2847] Creating manifest 1413
2019/03/23-13:21:44.852510 7f14185da700 EVENT_LOG_v1 {"time_micros": 1553372504852482, "cf_name": "usertable", "job": 1, "event": "table_file_creation", "file_number": 1414, "file_size": 19565626, "table_properties": {"data_size": 19477575, "index_size": 87130, "filter_size": 0, "raw_key_size": 113376, "raw_average_key_size": 24, "raw_value_size": 19349504, "raw_average_value_size": 4096, "num_data_blocks": 2362, "num_entries": 4724, "filter_policy_name": "", "kDeletedKeys": "0", "kMergeOperands": "0"}}
2019/03/23-13:21:44.915067 7f14185da700 EVENT_LOG_v1 {"time_micros": 1553372504915058, "job": 1, "event": "recovery_finished"}
2019/03/23-13:21:45.044752 7f14185da700 [db/db_impl_open.cc:1219] DB pointer 0x7f132c3daef0
2019/03/23-13:21:45.045193 7f140bfff700 [WARN] [db/db_impl.cc:491] ------- DUMPING STATS -------
2019/03/23-13:21:45.045276 7f140bfff700 [WARN] [db/db_impl.cc:492] 
** DB Stats **
Uptime(secs): 2.6 total, 2.6 interval
Cumulative writes: 0 writes, 0 keys, 0 commit groups, 0.0 writes per commit group, ingest: 0.00 GB, 0.00 MB/s
Cumulative WAL: 0 writes, 0 syncs, 0.00 writes per sync, written: 0.00 GB, 0.00 MB/s
Cumulative stall: 00:00:0.000 H:M:S, 0.0 percent
Interval writes: 0 writes, 0 keys, 0 commit groups, 0.0 writes per commit group, ingest: 0.00 MB, 0.00 MB/s
Interval WAL: 0 writes, 0 syncs, 0.00 writes per sync, written: 0.00 MB, 0.00 MB/s
Interval stall: 00:00:0.000 H:M:S, 0.0 percent

** Compaction Stats [default] **
Level    Files   Size     Score Read(GB)  Rn(GB) Rnp1(GB) Write(GB) Wnew(GB) Moved(GB) W-Amp Rd(MB/s) Wr(MB/s) Comp(sec) Comp(cnt) Avg(sec) KeyIn KeyDrop
----------------------------------------------------------------------------------------------------------------------------------------------------------
 Sum      0/0    0.00 KB   0.0      0.0     0.0      0.0       0.0      0.0       0.0   0.0      0.0      0.0         0         0    0.000       0      0
 Int      0/0    0.00 KB   0.0      0.0     0.0      0.0       0.0      0.0       0.0   0.0      0.0      0.0         0         0    0.000       0      0
Uptime(secs): 2.6 total, 2.6 interval
Flush(GB): cumulative 0.000, interval 0.000
AddFile(GB): cumulative 0.000, interval 0.000
AddFile(Total Files): cumulative 0, interval 0
AddFile(L0 Files): cumulative 0, interval 0
AddFile(Keys): cumulative 0, interval 0
Cumulative compaction: 0.00 GB write, 0.00 MB/s write, 0.00 GB read, 0.00 MB/s read, 0.0 seconds
Interval compaction: 0.00 GB write, 0.00 MB/s write, 0.00 GB read, 0.00 MB/s read, 0.0 seconds
Stalls(count): 0 level0_slowdown, 0 level0_slowdown_with_compaction, 0 level0_numfiles, 0 level0_numfiles_with_compaction, 0 stop for pending_compaction_bytes, 0 slowdown for pending_compaction_bytes, 0 memtable_compaction, 0 memtable_slowdown, interval 0 total count

** File Read Latency Histogram By Level [default] **

** Compaction Stats [usertable] **
Level    Files   Size     Score Read(GB)  Rn(GB) Rnp1(GB) Write(GB) Wnew(GB) Moved(GB) W-Amp Rd(MB/s) Wr(MB/s) Comp(sec) Comp(cnt) Avg(sec) KeyIn KeyDrop
----------------------------------------------------------------------------------------------------------------------------------------------------------
  L0      3/0   325.72 MB   1.5      0.0     0.0      0.0       0.1      0.1       0.0   1.0      0.0    124.8         1         2    0.571       0      0
  L1     12/0   510.52 MB   1.0      0.0     0.0      0.0       0.0      0.0       0.0   0.0      0.0      0.0         0         0    0.000       0      0
  L2    165/0    4.99 GB   1.0      0.0     0.0      0.0       0.0      0.0       0.0   0.0      0.0      0.0         0         0    0.000       0      0
  L3    549/0   34.38 GB   0.7      0.0     0.0      0.0       0.0      0.0       0.0   0.0      0.0      0.0         0         0    0.000       0      0
 Sum    729/0   40.18 GB   0.0      0.0     0.0      0.0       0.1      0.1       0.0   1.0      0.0    124.8         1         2    0.571       0      0
 Int      0/0    0.00 KB   0.0      0.0     0.0      0.0       0.1      0.1       0.0   1.0      0.0    124.8         1         2    0.571       0      0
Uptime(secs): 2.6 total, 2.6 interval
Flush(GB): cumulative 0.139, interval 0.139
AddFile(GB): cumulative 0.000, interval 0.000
AddFile(Total Files): cumulative 0, interval 0
AddFile(L0 Files): cumulative 0, interval 0
AddFile(Keys): cumulative 0, interval 0
Cumulative compaction: 0.14 GB write, 55.32 MB/s write, 0.00 GB read, 0.00 MB/s read, 1.1 seconds
Interval compaction: 0.14 GB write, 55.32 MB/s write, 0.00 GB read, 0.00 MB/s read, 1.1 seconds
Stalls(count): 0 level0_slowdown, 0 level0_slowdown_with_compaction, 0 level0_numfiles, 0 level0_numfiles_with_compaction, 0 stop for pending_compaction_bytes, 0 slowdown for pending_compaction_bytes, 0 memtable_compaction, 0 memtable_slowdown, interval 0 total count

** File Read Latency Histogram By Level [usertable] **

** Compaction Stats [default] **
Level    Files   Size     Score Read(GB)  Rn(GB) Rnp1(GB) Write(GB) Wnew(GB) Moved(GB) W-Amp Rd(MB/s) Wr(MB/s) Comp(sec) Comp(cnt) Avg(sec) KeyIn KeyDrop
----------------------------------------------------------------------------------------------------------------------------------------------------------
 Sum      0/0    0.00 KB   0.0      0.0     0.0      0.0       0.0      0.0       0.0   0.0      0.0      0.0         0         0    0.000       0      0
 Int      0/0    0.00 KB   0.0      0.0     0.0      0.0       0.0      0.0       0.0   0.0      0.0      0.0         0         0    0.000       0      0
Uptime(secs): 2.6 total, 0.0 interval
Flush(GB): cumulative 0.000, interval 0.000
AddFile(GB): cumulative 0.000, interval 0.000
AddFile(Total Files): cumulative 0, interval 0
AddFile(L0 Files): cumulative 0, interval 0
AddFile(Keys): cumulative 0, interval 0
Cumulative compaction: 0.00 GB write, 0.00 MB/s write, 0.00 GB read, 0.00 MB/s read, 0.0 seconds
Interval compaction: 0.00 GB write, 0.00 MB/s write, 0.00 GB read, 0.00 MB/s read, 0.0 seconds
Stalls(count): 0 level0_slowdown, 0 level0_slowdown_with_compaction, 0 level0_numfiles, 0 level0_numfiles_with_compaction, 0 stop for pending_compaction_bytes, 0 slowdown for pending_compaction_bytes, 0 memtable_compaction, 0 memtable_slowdown, interval 0 total count

** File Read Latency Histogram By Level [default] **

** Compaction Stats [usertable] **
Level    Files   Size     Score Read(GB)  Rn(GB) Rnp1(GB) Write(GB) Wnew(GB) Moved(GB) W-Amp Rd(MB/s) Wr(MB/s) Comp(sec) Comp(cnt) Avg(sec) KeyIn KeyDrop
----------------------------------------------------------------------------------------------------------------------------------------------------------
  L0      3/0   325.72 MB   1.5      0.0     0.0      0.0       0.1      0.1       0.0   1.0      0.0    124.8         1         2    0.571       0      0
  L1     12/0   510.52 MB   1.0      0.0     0.0      0.0       0.0      0.0       0.0   0.0      0.0      0.0         0         0    0.000       0      0
  L2    165/0    4.99 GB   1.0      0.0     0.0      0.0       0.0      0.0       0.0   0.0      0.0      0.0         0         0    0.000       0      0
  L3    549/0   34.38 GB   0.7      0.0     0.0      0.0       0.0      0.0       0.0   0.0      0.0      0.0         0         0    0.000       0      0
 Sum    729/0   40.18 GB   0.0      0.0     0.0      0.0       0.1      0.1       0.0   1.0      0.0    124.8         1         2    0.571       0      0
 Int      0/0    0.00 KB   0.0      0.0     0.0      0.0       0.0      0.0       0.0   0.0      0.0      0.0         0         0    0.000       0      0
Uptime(secs): 2.6 total, 0.0 interval
Flush(GB): cumulative 0.139, interval 0.000
AddFile(GB): cumulative 0.000, interval 0.000
AddFile(Total Files): cumulative 0, interval 0
AddFile(L0 Files): cumulative 0, interval 0
AddFile(Keys): cumulative 0, interval 0
Cumulative compaction: 0.14 GB write, 55.32 MB/s write, 0.00 GB read, 0.00 MB/s read, 1.1 seconds
Interval compaction: 0.00 GB write, 0.00 MB/s write, 0.00 GB read, 0.00 MB/s read, 0.0 seconds
Stalls(count): 0 level0_slowdown, 0 level0_slowdown_with_compaction, 0 level0_numfiles, 0 level0_numfiles_with_compaction, 0 stop for pending_compaction_bytes, 0 slowdown for pending_compaction_bytes, 0 memtable_compaction, 0 memtable_slowdown, interval 0 total count

** File Read Latency Histogram By Level [usertable] **
2019/03/23-13:21:45.045497 7f140bfff700 [db/compaction_job.cc:1531] [usertable] [JOB 3] Compacting 1@0 files to L1, score 1.50
2019/03/23-13:21:45.045507 7f140bfff700 [db/compaction_job.cc:1535] [usertable] Compaction start summary: Base version 5 Base level 0, inputs: [1108(183MB)]
2019/03/23-13:21:45.045544 7f140bfff700 EVENT_LOG_v1 {"time_micros": 1553372505045521, "job": 3, "event": "compaction_started", "compaction_reason": "LevelL0FilesNum", "files_L0": [1108], "score": 1.5, "input_data_size": 192078279}
2019/03/23-13:21:46.116999 7f140bfff700 [db/compaction_job.cc:1211] [usertable] [JOB 3] Generated table #1418: 16279 keys, 67418358 bytes
2019/03/23-13:21:46.117056 7f140bfff700 EVENT_LOG_v1 {"time_micros": 1553372506117029, "cf_name": "usertable", "job": 3, "event": "table_file_creation", "file_number": 1418, "file_size": 67418358, "table_properties": {"data_size": 67118331, "index_size": 299106, "filter_size": 0, "raw_key_size": 390696, "raw_average_key_size": 24, "raw_value_size": 66678784, "raw_average_value_size": 4096, "num_data_blocks": 8140, "num_entries": 16279, "filter_policy_name": "", "kDeletedKeys": "0", "kMergeOperands": "0"}}
2019/03/23-13:21:46.868750 7f140bfff700 [db/compaction_job.cc:1211] [usertable] [JOB 3] Generated table #1419: 16279 keys, 67421976 bytes
2019/03/23-13:21:46.868795 7f140bfff700 EVENT_LOG_v1 {"time_micros": 1553372506868776, "cf_name": "usertable", "job": 3, "event": "table_file_creation", "file_number": 1419, "file_size": 67421976, "table_properties": {"data_size": 67120139, "index_size": 300916, "filter_size": 0, "raw_key_size": 390696, "raw_average_key_size": 24, "raw_value_size": 66678784, "raw_average_value_size": 4096, "num_data_blocks": 8140, "num_entries": 16279, "filter_policy_name": "", "kDeletedKeys": "0", "kMergeOperands": "0"}}
2019/03/23-13:21:47.493825 7f140bfff700 [db/compaction_job.cc:1211] [usertable] [JOB 3] Generated table #1420: 13822 keys, 57242934 bytes
2019/03/23-13:21:47.493872 7f140bfff700 EVENT_LOG_v1 {"time_micros": 1553372507493851, "cf_name": "usertable", "job": 3, "event": "table_file_creation", "file_number": 1420, "file_size": 57242934, "table_properties": {"data_size": 56988106, "index_size": 253907, "filter_size": 0, "raw_key_size": 331728, "raw_average_key_size": 24, "raw_value_size": 56614912, "raw_average_value_size": 4096, "num_data_blocks": 6911, "num_entries": 13822, "filter_policy_name": "", "kDeletedKeys": "0", "kMergeOperands": "0"}}
2019/03/23-13:21:47.493953 7f140bfff700 [db/compaction_job.cc:1287] [usertable] [JOB 3] Compacted 1@0 files to L1 => 192083268 bytes
2019/03/23-13:21:47.527335 7f140bfff700 (Original Log Time 2019/03/23-13:21:47.527175) [db/compaction_job.cc:685] [usertable] compacted to: base level 1 max bytes base 536870912 files[2 15 165 549 0 0 0] max score 1.35, MB/sec: 78.5 rd, 78.5 wr, level 1, files in(1, 0) out(3) MB in(183.2, 0.0) out(183.2), read-write-amplify(2.0) write-amplify(1.0) OK, records in: 46380, records dropped: 0 output_compression: NoCompression
2019/03/23-13:21:47.527343 7f140bfff700 (Original Log Time 2019/03/23-13:21:47.527222) EVENT_LOG_v1 {"time_micros": 1553372507527204, "job": 3, "event": "compaction_finished", "compaction_time_micros": 2448363, "output_level": 1, "num_output_files": 3, "total_output_size": 192083268, "num_input_records": 46380, "num_output_records": 46380, "num_subcompactions": 1, "output_compression": "NoCompression", "num_single_delete_mismatches": 0, "num_single_delete_fallthrough": 0, "lsm_state": [2, 15, 165, 549, 0, 0, 0]}
2019/03/23-13:21:47.527427 7f140bfff700 [db/compaction_job.cc:1531] [usertable] [JOB 4] Compacting 1@1 files to L2, score 1.35
2019/03/23-13:21:47.527433 7f140bfff700 [db/compaction_job.cc:1535] [usertable] Compaction start summary: Base version 6 Base level 1, inputs: [1419(64MB)]
2019/03/23-13:21:47.527449 7f140bfff700 EVENT_LOG_v1 {"time_micros": 1553372507527438, "job": 4, "event": "compaction_started", "compaction_reason": "LevelMaxLevelSize", "files_L1": [1419], "score": 1.3549, "input_data_size": 67421976}
2019/03/23-13:21:47.959904 7f140bfff700 [db/compaction_job.cc:1211] [usertable] [JOB 4] Generated table #1421: 16279 keys, 67233544 bytes
2019/03/23-13:21:47.959966 7f140bfff700 EVENT_LOG_v1 {"time_micros": 1553372507959936, "cf_name": "usertable", "job": 4, "event": "table_file_creation", "file_number": 1421, "file_size": 67233544, "table_properties": {"data_size": 67120139, "index_size": 300916, "filter_size": 0, "raw_key_size": 390696, "raw_average_key_size": 24, "raw_value_size": 66678784, "raw_average_value_size": 4096, "num_data_blocks": 8140, "num_entries": 16279, "filter_policy_name": "", "kDeletedKeys": "0", "kMergeOperands": "0"}}
2019/03/23-13:21:47.960040 7f140bfff700 [db/compaction_job.cc:1287] [usertable] [JOB 4] Compacted 1@1 files to L2 => 67233544 bytes
2019/03/23-13:21:47.992576 7f140bfff700 (Original Log Time 2019/03/23-13:21:47.992428) [db/compaction_job.cc:685] [usertable] compacted to: base level 1 max bytes base 536870912 files[2 14 166 549 0 0 0] max score 1.23, MB/sec: 155.9 rd, 155.4 wr, level 2, files in(1, 0) out(1) MB in(64.3, 0.0) out(64.1), read-write-amplify(2.0) write-amplify(1.0) OK, records in: 16279, records dropped: 0 output_compression: LZ4
2019/03/23-13:21:47.992584 7f140bfff700 (Original Log Time 2019/03/23-13:21:47.992470) EVENT_LOG_v1 {"time_micros": 1553372507992455, "job": 4, "event": "compaction_finished", "compaction_time_micros": 432549, "output_level": 2, "num_output_files": 1, "total_output_size": 67233544, "num_input_records": 16279, "num_output_records": 16279, "num_subcompactions": 1, "output_compression": "LZ4", "num_single_delete_mismatches": 0, "num_single_delete_fallthrough": 0, "lsm_state": [2, 14, 166, 549, 0, 0, 0]}
2019/03/23-13:21:48.010447 7f140bfff700 EVENT_LOG_v1 {"time_micros": 1553372508010433, "job": 4, "event": "table_file_deletion", "file_number": 1108}
2019/03/23-13:21:48.010732 7f140affd700 [db/compaction_job.cc:1531] [usertable] [JOB 5] Compacting 1@1 files to L2, score 1.23
2019/03/23-13:21:48.010746 7f140affd700 [db/compaction_job.cc:1535] [usertable] Compaction start summary: Base version 7 Base level 1, inputs: [156(64MB)]
2019/03/23-13:21:48.010771 7f140affd700 EVENT_LOG_v1 {"time_micros": 1553372508010755, "job": 5, "event": "compaction_started", "compaction_reason": "LevelMaxLevelSize", "files_L1": [156], "score": 1.22931, "input_data_size": 67418358}
2019/03/23-13:21:48.770946 7f140affd700 [db/compaction_job.cc:1211] [usertable] [JOB 5] Generated table #1422: 16279 keys, 67233401 bytes
2019/03/23-13:21:48.770998 7f140affd700 EVENT_LOG_v1 {"time_micros": 1553372508770976, "cf_name": "usertable", "job": 5, "event": "table_file_creation", "file_number": 1422, "file_size": 67233401, "table_properties": {"data_size": 67118331, "index_size": 299106, "filter_size": 0, "raw_key_size": 390696, "raw_average_key_size": 24, "raw_value_size": 66678784, "raw_average_value_size": 4096, "num_data_blocks": 8140, "num_entries": 16279, "filter_policy_name": "", "kDeletedKeys": "0", "kMergeOperands": "0"}}
2019/03/23-13:21:48.771044 7f140affd700 [db/compaction_job.cc:1287] [usertable] [JOB 5] Compacted 1@1 files to L2 => 67233401 bytes
