2018/11/18-19:53:10.200742 7fce71ef4700 RocksDB version: 5.14.3
2018/11/18-19:53:10.200812 7fce71ef4700 Git sha rocksdb_build_git_sha:
2018/11/18-19:53:10.200815 7fce71ef4700 Compile date Oct 15 2018
2018/11/18-19:53:10.200819 7fce71ef4700 DB SUMMARY
2018/11/18-19:53:10.200843 7fce71ef4700 SST files in /mnt/sdb/ycsb-rocksdb-data dir, Total Num: 0, files: 
2018/11/18-19:53:10.200846 7fce71ef4700 Write Ahead Log file in /mnt/sdb/ycsb-rocksdb-data: 
2018/11/18-19:53:10.200849 7fce71ef4700                         Options.error_if_exists: 0
2018/11/18-19:53:10.200850 7fce71ef4700                       Options.create_if_missing: 1
2018/11/18-19:53:10.200851 7fce71ef4700                         Options.paranoid_checks: 1
2018/11/18-19:53:10.200851 7fce71ef4700                                     Options.env: 0x7fce68dee3e0
2018/11/18-19:53:10.200852 7fce71ef4700                                Options.info_log: 0x7fcd8c3d04e0
2018/11/18-19:53:10.200853 7fce71ef4700                Options.max_file_opening_threads: 16
2018/11/18-19:53:10.200854 7fce71ef4700                              Options.statistics: (nil)
2018/11/18-19:53:10.200855 7fce71ef4700                               Options.use_fsync: 0
2018/11/18-19:53:10.200856 7fce71ef4700                       Options.max_log_file_size: 0
2018/11/18-19:53:10.200857 7fce71ef4700                  Options.max_manifest_file_size: 18446744073709551615
2018/11/18-19:53:10.200858 7fce71ef4700                   Options.log_file_time_to_roll: 0
2018/11/18-19:53:10.200859 7fce71ef4700                       Options.keep_log_file_num: 1000
2018/11/18-19:53:10.200860 7fce71ef4700                    Options.recycle_log_file_num: 0
2018/11/18-19:53:10.200861 7fce71ef4700                         Options.allow_fallocate: 1
2018/11/18-19:53:10.200862 7fce71ef4700                        Options.allow_mmap_reads: 0
2018/11/18-19:53:10.200863 7fce71ef4700                       Options.allow_mmap_writes: 0
2018/11/18-19:53:10.200863 7fce71ef4700                        Options.use_direct_reads: 0
2018/11/18-19:53:10.200864 7fce71ef4700                        Options.use_direct_io_for_flush_and_compaction: 0
2018/11/18-19:53:10.200865 7fce71ef4700          Options.create_missing_column_families: 1
2018/11/18-19:53:10.200866 7fce71ef4700                              Options.db_log_dir: 
2018/11/18-19:53:10.200867 7fce71ef4700                                 Options.wal_dir: /mnt/sdb/ycsb-rocksdb-data
2018/11/18-19:53:10.200868 7fce71ef4700                Options.table_cache_numshardbits: 6
2018/11/18-19:53:10.200869 7fce71ef4700                      Options.max_subcompactions: 4
2018/11/18-19:53:10.200870 7fce71ef4700                  Options.max_background_flushes: 24
2018/11/18-19:53:10.200870 7fce71ef4700                         Options.WAL_ttl_seconds: 0
2018/11/18-19:53:10.200871 7fce71ef4700                       Options.WAL_size_limit_MB: 0
2018/11/18-19:53:10.200872 7fce71ef4700             Options.manifest_preallocation_size: 4194304
2018/11/18-19:53:10.200873 7fce71ef4700                     Options.is_fd_close_on_exec: 1
2018/11/18-19:53:10.200874 7fce71ef4700                   Options.advise_random_on_open: 1
2018/11/18-19:53:10.200875 7fce71ef4700                    Options.db_write_buffer_size: 0
2018/11/18-19:53:10.200876 7fce71ef4700                    Options.write_buffer_manager: 0x7fcd8c3cc430
2018/11/18-19:53:10.200876 7fce71ef4700         Options.access_hint_on_compaction_start: 1
2018/11/18-19:53:10.200877 7fce71ef4700  Options.new_table_reader_for_compaction_inputs: 0
2018/11/18-19:53:10.200878 7fce71ef4700           Options.random_access_max_buffer_size: 1048576
2018/11/18-19:53:10.200879 7fce71ef4700                      Options.use_adaptive_mutex: 0
2018/11/18-19:53:10.200880 7fce71ef4700                            Options.rate_limiter: (nil)
2018/11/18-19:53:10.200882 7fce71ef4700     Options.sst_file_manager.rate_bytes_per_sec: 0
2018/11/18-19:53:10.200883 7fce71ef4700                       Options.wal_recovery_mode: 2
2018/11/18-19:53:10.200883 7fce71ef4700                  Options.enable_thread_tracking: 0
2018/11/18-19:53:10.200884 7fce71ef4700                  Options.enable_pipelined_write: 1
2018/11/18-19:53:10.200894 7fce71ef4700         Options.allow_concurrent_memtable_write: 1
2018/11/18-19:53:10.200895 7fce71ef4700      Options.enable_write_thread_adaptive_yield: 1
2018/11/18-19:53:10.200896 7fce71ef4700             Options.write_thread_max_yield_usec: 100
2018/11/18-19:53:10.200897 7fce71ef4700            Options.write_thread_slow_yield_usec: 3
2018/11/18-19:53:10.200897 7fce71ef4700                               Options.row_cache: None
2018/11/18-19:53:10.200898 7fce71ef4700                              Options.wal_filter: None
2018/11/18-19:53:10.200899 7fce71ef4700             Options.avoid_flush_during_recovery: 0
2018/11/18-19:53:10.200900 7fce71ef4700             Options.allow_ingest_behind: 0
2018/11/18-19:53:10.200901 7fce71ef4700             Options.preserve_deletes: 0
2018/11/18-19:53:10.200902 7fce71ef4700             Options.two_write_queues: 0
2018/11/18-19:53:10.200903 7fce71ef4700             Options.manual_wal_flush: 0
2018/11/18-19:53:10.200905 7fce71ef4700             Options.max_background_jobs: 24
2018/11/18-19:53:10.200906 7fce71ef4700             Options.max_background_compactions: 24
2018/11/18-19:53:10.200906 7fce71ef4700             Options.avoid_flush_during_shutdown: 0
2018/11/18-19:53:10.200907 7fce71ef4700           Options.writable_file_max_buffer_size: 1048576
2018/11/18-19:53:10.200908 7fce71ef4700             Options.delayed_write_rate : 16777216
2018/11/18-19:53:10.200909 7fce71ef4700             Options.max_total_wal_size: 0
2018/11/18-19:53:10.200910 7fce71ef4700             Options.delete_obsolete_files_period_micros: 21600000000
2018/11/18-19:53:10.200911 7fce71ef4700                   Options.stats_dump_period_sec: 60
2018/11/18-19:53:10.200912 7fce71ef4700                          Options.max_open_files: -1
2018/11/18-19:53:10.200913 7fce71ef4700                          Options.bytes_per_sync: 1048576
2018/11/18-19:53:10.200913 7fce71ef4700                      Options.wal_bytes_per_sync: 0
2018/11/18-19:53:10.200914 7fce71ef4700       Options.compaction_readahead_size: 0
2018/11/18-19:53:10.200915 7fce71ef4700 Compression algorithms supported:
2018/11/18-19:53:10.200917 7fce71ef4700 	kZSTDNotFinalCompression supported: 1
2018/11/18-19:53:10.200925 7fce71ef4700 	kZSTD supported: 1
2018/11/18-19:53:10.200926 7fce71ef4700 	kXpressCompression supported: 0
2018/11/18-19:53:10.200927 7fce71ef4700 	kLZ4HCCompression supported: 1
2018/11/18-19:53:10.200928 7fce71ef4700 	kLZ4Compression supported: 1
2018/11/18-19:53:10.200929 7fce71ef4700 	kBZip2Compression supported: 1
2018/11/18-19:53:10.200930 7fce71ef4700 	kZlibCompression supported: 1
2018/11/18-19:53:10.200931 7fce71ef4700 	kSnappyCompression supported: 1
2018/11/18-19:53:10.200935 7fce71ef4700 Fast CRC32 supported: Supported on x86
2018/11/18-19:53:10.201024 7fce71ef4700 [db/db_impl_open.cc:222] Creating manifest 1 
2018/11/18-19:53:10.298276 7fce71ef4700 [db/version_set.cc:3085] Recovering from manifest file: MANIFEST-000001
2018/11/18-19:53:10.298367 7fce71ef4700 [db/column_family.cc:475] --------------- Options for column family [default]:
2018/11/18-19:53:10.298371 7fce71ef4700               Options.comparator: leveldb.BytewiseComparator
2018/11/18-19:53:10.298372 7fce71ef4700           Options.merge_operator: None
2018/11/18-19:53:10.298374 7fce71ef4700        Options.compaction_filter: None
2018/11/18-19:53:10.298375 7fce71ef4700        Options.compaction_filter_factory: None
2018/11/18-19:53:10.298376 7fce71ef4700         Options.memtable_factory: SkipListFactory
2018/11/18-19:53:10.298377 7fce71ef4700            Options.table_factory: BlockBasedTable
2018/11/18-19:53:10.298408 7fce71ef4700            table_factory options:   flush_block_policy_factory: FlushBlockBySizePolicyFactory (0x7fcd8c38ac80)
  cache_index_and_filter_blocks: 0
  cache_index_and_filter_blocks_with_high_priority: 0
  pin_l0_filter_and_index_blocks_in_cache: 0
  index_type: 0
  hash_index_allow_collision: 1
  checksum: 1
  no_block_cache: 0
  block_cache: 0x7fcd8c395e20
  block_cache_name: LRUCache
  block_cache_options:
    capacity : 8388608
    num_shard_bits : 4
    strict_capacity_limit : 0
    high_pri_pool_ratio: 0.000
  block_cache_compressed: (nil)
  persistent_cache: (nil)
  block_size: 8192
  block_size_deviation: 10
  block_restart_interval: 16
  index_block_restart_interval: 1
  metadata_block_size: 4096
  partition_filters: 0
  use_delta_encoding: 1
  filter_policy: nullptr
  whole_key_filtering: 1
  verify_compression: 0
  read_amp_bytes_per_bit: 0
  format_version: 2
  enable_index_compression: 1
  block_align: 0
2018/11/18-19:53:10.298428 7fce71ef4700        Options.write_buffer_size: 134217728
2018/11/18-19:53:10.298429 7fce71ef4700  Options.max_write_buffer_number: 24
2018/11/18-19:53:10.298430 7fce71ef4700        Options.compression[0]: NoCompression
2018/11/18-19:53:10.298432 7fce71ef4700        Options.compression[1]: NoCompression
2018/11/18-19:53:10.298433 7fce71ef4700        Options.compression[2]: LZ4
2018/11/18-19:53:10.298434 7fce71ef4700        Options.compression[3]: LZ4
2018/11/18-19:53:10.298434 7fce71ef4700        Options.compression[4]: LZ4
2018/11/18-19:53:10.298435 7fce71ef4700        Options.compression[5]: LZ4
2018/11/18-19:53:10.298436 7fce71ef4700        Options.compression[6]: LZ4
2018/11/18-19:53:10.298437 7fce71ef4700                  Options.bottommost_compression: Disabled
2018/11/18-19:53:10.298438 7fce71ef4700       Options.prefix_extractor: nullptr
2018/11/18-19:53:10.298439 7fce71ef4700   Options.memtable_insert_with_hint_prefix_extractor: nullptr
2018/11/18-19:53:10.298440 7fce71ef4700             Options.num_levels: 7
2018/11/18-19:53:10.298441 7fce71ef4700        Options.min_write_buffer_number_to_merge: 2
2018/11/18-19:53:10.298442 7fce71ef4700     Options.max_write_buffer_number_to_maintain: 0
2018/11/18-19:53:10.298443 7fce71ef4700            Options.compression_opts.window_bits: -14
2018/11/18-19:53:10.298443 7fce71ef4700                  Options.compression_opts.level: -1
2018/11/18-19:53:10.298444 7fce71ef4700               Options.compression_opts.strategy: 0
2018/11/18-19:53:10.298445 7fce71ef4700         Options.compression_opts.max_dict_bytes: 0
2018/11/18-19:53:10.298446 7fce71ef4700         Options.compression_opts.zstd_max_train_bytes: 0
2018/11/18-19:53:10.298447 7fce71ef4700      Options.level0_file_num_compaction_trigger: 2
2018/11/18-19:53:10.298448 7fce71ef4700          Options.level0_slowdown_writes_trigger: 20
2018/11/18-19:53:10.298449 7fce71ef4700              Options.level0_stop_writes_trigger: 36
2018/11/18-19:53:10.298450 7fce71ef4700                   Options.target_file_size_base: 67108864
2018/11/18-19:53:10.298450 7fce71ef4700             Options.target_file_size_multiplier: 1
2018/11/18-19:53:10.298451 7fce71ef4700                Options.max_bytes_for_level_base: 536870912
2018/11/18-19:53:10.298452 7fce71ef4700 Options.level_compaction_dynamic_level_bytes: 0
2018/11/18-19:53:10.298453 7fce71ef4700          Options.max_bytes_for_level_multiplier: 10.000000
2018/11/18-19:53:10.298456 7fce71ef4700 Options.max_bytes_for_level_multiplier_addtl[0]: 1
2018/11/18-19:53:10.298457 7fce71ef4700 Options.max_bytes_for_level_multiplier_addtl[1]: 1
2018/11/18-19:53:10.298458 7fce71ef4700 Options.max_bytes_for_level_multiplier_addtl[2]: 1
2018/11/18-19:53:10.298459 7fce71ef4700 Options.max_bytes_for_level_multiplier_addtl[3]: 1
2018/11/18-19:53:10.298460 7fce71ef4700 Options.max_bytes_for_level_multiplier_addtl[4]: 1
2018/11/18-19:53:10.298461 7fce71ef4700 Options.max_bytes_for_level_multiplier_addtl[5]: 1
2018/11/18-19:53:10.298461 7fce71ef4700 Options.max_bytes_for_level_multiplier_addtl[6]: 1
2018/11/18-19:53:10.298462 7fce71ef4700       Options.max_sequential_skip_in_iterations: 8
2018/11/18-19:53:10.298463 7fce71ef4700                    Options.max_compaction_bytes: 1677721600
2018/11/18-19:53:10.298464 7fce71ef4700                        Options.arena_block_size: 16777216
2018/11/18-19:53:10.298465 7fce71ef4700   Options.soft_pending_compaction_bytes_limit: 68719476736
2018/11/18-19:53:10.298466 7fce71ef4700   Options.hard_pending_compaction_bytes_limit: 274877906944
2018/11/18-19:53:10.298473 7fce71ef4700       Options.rate_limit_delay_max_milliseconds: 100
2018/11/18-19:53:10.298474 7fce71ef4700                Options.disable_auto_compactions: 0
2018/11/18-19:53:10.298476 7fce71ef4700                        Options.compaction_style: kCompactionStyleLevel
2018/11/18-19:53:10.298478 7fce71ef4700                          Options.compaction_pri: kByCompensatedSize
2018/11/18-19:53:10.298479 7fce71ef4700 Options.compaction_options_universal.size_ratio: 1
2018/11/18-19:53:10.298479 7fce71ef4700 Options.compaction_options_universal.min_merge_width: 2
2018/11/18-19:53:10.298480 7fce71ef4700 Options.compaction_options_universal.max_merge_width: 4294967295
2018/11/18-19:53:10.298481 7fce71ef4700 Options.compaction_options_universal.max_size_amplification_percent: 200
2018/11/18-19:53:10.298482 7fce71ef4700 Options.compaction_options_universal.compression_size_percent: -1
2018/11/18-19:53:10.298483 7fce71ef4700 Options.compaction_options_universal.stop_style: kCompactionStopStyleTotalSize
2018/11/18-19:53:10.298484 7fce71ef4700 Options.compaction_options_fifo.max_table_files_size: 1073741824
2018/11/18-19:53:10.298485 7fce71ef4700 Options.compaction_options_fifo.allow_compaction: 0
2018/11/18-19:53:10.298486 7fce71ef4700 Options.compaction_options_fifo.ttl: 0
2018/11/18-19:53:10.298487 7fce71ef4700                   Options.table_properties_collectors: 
2018/11/18-19:53:10.298488 7fce71ef4700                   Options.inplace_update_support: 0
2018/11/18-19:53:10.298489 7fce71ef4700                 Options.inplace_update_num_locks: 10000
2018/11/18-19:53:10.298490 7fce71ef4700               Options.memtable_prefix_bloom_size_ratio: 0.000000
2018/11/18-19:53:10.298491 7fce71ef4700   Options.memtable_huge_page_size: 0
2018/11/18-19:53:10.298492 7fce71ef4700                           Options.bloom_locality: 0
2018/11/18-19:53:10.298493 7fce71ef4700                    Options.max_successive_merges: 0
2018/11/18-19:53:10.298494 7fce71ef4700                Options.optimize_filters_for_hits: 0
2018/11/18-19:53:10.298495 7fce71ef4700                Options.paranoid_file_checks: 0
2018/11/18-19:53:10.298496 7fce71ef4700                Options.force_consistency_checks: 0
2018/11/18-19:53:10.298496 7fce71ef4700                Options.report_bg_io_stats: 0
2018/11/18-19:53:10.298497 7fce71ef4700                               Options.ttl: 0
2018/11/18-19:53:10.299085 7fce71ef4700 [db/version_set.cc:3361] Recovered from manifest file:/mnt/sdb/ycsb-rocksdb-data/MANIFEST-000001 succeeded,manifest_file_number is 1, next_file_number is 3, last_sequence is 0, log_number is 0,prev_log_number is 0,max_column_family is 0,min_log_number_to_keep is 0
2018/11/18-19:53:10.299091 7fce71ef4700 [db/version_set.cc:3369] Column family [default] (ID 0), log number is 0
2018/11/18-19:53:10.299271 7fce71ef4700 [db/version_set.cc:2847] Creating manifest 4
2018/11/18-19:53:10.368947 7fce71ef4700 [db/column_family.cc:475] --------------- Options for column family [usertable]:
2018/11/18-19:53:10.368951 7fce71ef4700               Options.comparator: leveldb.BytewiseComparator
2018/11/18-19:53:10.368952 7fce71ef4700           Options.merge_operator: None
2018/11/18-19:53:10.368953 7fce71ef4700        Options.compaction_filter: None
2018/11/18-19:53:10.368954 7fce71ef4700        Options.compaction_filter_factory: None
2018/11/18-19:53:10.368955 7fce71ef4700         Options.memtable_factory: SkipListFactory
2018/11/18-19:53:10.368956 7fce71ef4700            Options.table_factory: BlockBasedTable
2018/11/18-19:53:10.368984 7fce71ef4700            table_factory options:   flush_block_policy_factory: FlushBlockBySizePolicyFactory (0x7fcd8c38ac60)
  cache_index_and_filter_blocks: 0
  cache_index_and_filter_blocks_with_high_priority: 0
  pin_l0_filter_and_index_blocks_in_cache: 0
  index_type: 0
  hash_index_allow_collision: 1
  checksum: 1
  no_block_cache: 0
  block_cache: 0x7fcd8c3965f0
  block_cache_name: LRUCache
  block_cache_options:
    capacity : 8388608
    num_shard_bits : 4
    strict_capacity_limit : 0
    high_pri_pool_ratio: 0.000
  block_cache_compressed: (nil)
  persistent_cache: (nil)
  block_size: 8192
  block_size_deviation: 10
  block_restart_interval: 16
  index_block_restart_interval: 1
  metadata_block_size: 4096
  partition_filters: 0
  use_delta_encoding: 1
  filter_policy: nullptr
  whole_key_filtering: 1
  verify_compression: 0
  read_amp_bytes_per_bit: 0
  format_version: 2
  enable_index_compression: 1
  block_align: 0
2018/11/18-19:53:10.368987 7fce71ef4700        Options.write_buffer_size: 134217728
2018/11/18-19:53:10.368989 7fce71ef4700  Options.max_write_buffer_number: 24
2018/11/18-19:53:10.368990 7fce71ef4700        Options.compression[0]: NoCompression
2018/11/18-19:53:10.368991 7fce71ef4700        Options.compression[1]: NoCompression
2018/11/18-19:53:10.368992 7fce71ef4700        Options.compression[2]: LZ4
2018/11/18-19:53:10.368993 7fce71ef4700        Options.compression[3]: LZ4
2018/11/18-19:53:10.368994 7fce71ef4700        Options.compression[4]: LZ4
2018/11/18-19:53:10.368994 7fce71ef4700        Options.compression[5]: LZ4
2018/11/18-19:53:10.368995 7fce71ef4700        Options.compression[6]: LZ4
2018/11/18-19:53:10.368996 7fce71ef4700                  Options.bottommost_compression: Disabled
2018/11/18-19:53:10.368997 7fce71ef4700       Options.prefix_extractor: nullptr
2018/11/18-19:53:10.368998 7fce71ef4700   Options.memtable_insert_with_hint_prefix_extractor: nullptr
2018/11/18-19:53:10.368999 7fce71ef4700             Options.num_levels: 7
2018/11/18-19:53:10.369000 7fce71ef4700        Options.min_write_buffer_number_to_merge: 2
2018/11/18-19:53:10.369000 7fce71ef4700     Options.max_write_buffer_number_to_maintain: 0
2018/11/18-19:53:10.369001 7fce71ef4700            Options.compression_opts.window_bits: -14
2018/11/18-19:53:10.369002 7fce71ef4700                  Options.compression_opts.level: -1
2018/11/18-19:53:10.369003 7fce71ef4700               Options.compression_opts.strategy: 0
2018/11/18-19:53:10.369004 7fce71ef4700         Options.compression_opts.max_dict_bytes: 0
2018/11/18-19:53:10.369005 7fce71ef4700         Options.compression_opts.zstd_max_train_bytes: 0
2018/11/18-19:53:10.369006 7fce71ef4700      Options.level0_file_num_compaction_trigger: 2
2018/11/18-19:53:10.369007 7fce71ef4700          Options.level0_slowdown_writes_trigger: 20
2018/11/18-19:53:10.369008 7fce71ef4700              Options.level0_stop_writes_trigger: 36
2018/11/18-19:53:10.369009 7fce71ef4700                   Options.target_file_size_base: 67108864
2018/11/18-19:53:10.369009 7fce71ef4700             Options.target_file_size_multiplier: 1
2018/11/18-19:53:10.369010 7fce71ef4700                Options.max_bytes_for_level_base: 536870912
2018/11/18-19:53:10.369011 7fce71ef4700 Options.level_compaction_dynamic_level_bytes: 0
2018/11/18-19:53:10.369012 7fce71ef4700          Options.max_bytes_for_level_multiplier: 10.000000
2018/11/18-19:53:10.369015 7fce71ef4700 Options.max_bytes_for_level_multiplier_addtl[0]: 1
2018/11/18-19:53:10.369026 7fce71ef4700 Options.max_bytes_for_level_multiplier_addtl[1]: 1
2018/11/18-19:53:10.369027 7fce71ef4700 Options.max_bytes_for_level_multiplier_addtl[2]: 1
2018/11/18-19:53:10.369028 7fce71ef4700 Options.max_bytes_for_level_multiplier_addtl[3]: 1
2018/11/18-19:53:10.369029 7fce71ef4700 Options.max_bytes_for_level_multiplier_addtl[4]: 1
2018/11/18-19:53:10.369030 7fce71ef4700 Options.max_bytes_for_level_multiplier_addtl[5]: 1
2018/11/18-19:53:10.369030 7fce71ef4700 Options.max_bytes_for_level_multiplier_addtl[6]: 1
2018/11/18-19:53:10.369031 7fce71ef4700       Options.max_sequential_skip_in_iterations: 8
2018/11/18-19:53:10.369032 7fce71ef4700                    Options.max_compaction_bytes: 1677721600
2018/11/18-19:53:10.369033 7fce71ef4700                        Options.arena_block_size: 16777216
2018/11/18-19:53:10.369034 7fce71ef4700   Options.soft_pending_compaction_bytes_limit: 68719476736
2018/11/18-19:53:10.369035 7fce71ef4700   Options.hard_pending_compaction_bytes_limit: 274877906944
2018/11/18-19:53:10.369035 7fce71ef4700       Options.rate_limit_delay_max_milliseconds: 100
2018/11/18-19:53:10.369036 7fce71ef4700                Options.disable_auto_compactions: 0
2018/11/18-19:53:10.369038 7fce71ef4700                        Options.compaction_style: kCompactionStyleLevel
2018/11/18-19:53:10.369040 7fce71ef4700                          Options.compaction_pri: kByCompensatedSize
2018/11/18-19:53:10.369041 7fce71ef4700 Options.compaction_options_universal.size_ratio: 1
2018/11/18-19:53:10.369041 7fce71ef4700 Options.compaction_options_universal.min_merge_width: 2
2018/11/18-19:53:10.369042 7fce71ef4700 Options.compaction_options_universal.max_merge_width: 4294967295
2018/11/18-19:53:10.369043 7fce71ef4700 Options.compaction_options_universal.max_size_amplification_percent: 200
2018/11/18-19:53:10.369044 7fce71ef4700 Options.compaction_options_universal.compression_size_percent: -1
2018/11/18-19:53:10.369045 7fce71ef4700 Options.compaction_options_universal.stop_style: kCompactionStopStyleTotalSize
2018/11/18-19:53:10.369046 7fce71ef4700 Options.compaction_options_fifo.max_table_files_size: 1073741824
2018/11/18-19:53:10.369047 7fce71ef4700 Options.compaction_options_fifo.allow_compaction: 0
2018/11/18-19:53:10.369048 7fce71ef4700 Options.compaction_options_fifo.ttl: 0
2018/11/18-19:53:10.369049 7fce71ef4700                   Options.table_properties_collectors: 
2018/11/18-19:53:10.369050 7fce71ef4700                   Options.inplace_update_support: 0
2018/11/18-19:53:10.369051 7fce71ef4700                 Options.inplace_update_num_locks: 10000
2018/11/18-19:53:10.369052 7fce71ef4700               Options.memtable_prefix_bloom_size_ratio: 0.000000
2018/11/18-19:53:10.369053 7fce71ef4700   Options.memtable_huge_page_size: 0
2018/11/18-19:53:10.369054 7fce71ef4700                           Options.bloom_locality: 0
2018/11/18-19:53:10.369055 7fce71ef4700                    Options.max_successive_merges: 0
2018/11/18-19:53:10.369056 7fce71ef4700                Options.optimize_filters_for_hits: 0
2018/11/18-19:53:10.369057 7fce71ef4700                Options.paranoid_file_checks: 0
2018/11/18-19:53:10.369057 7fce71ef4700                Options.force_consistency_checks: 0
2018/11/18-19:53:10.369058 7fce71ef4700                Options.report_bg_io_stats: 0
2018/11/18-19:53:10.369059 7fce71ef4700                               Options.ttl: 0
2018/11/18-19:53:10.369107 7fce71ef4700 [db/db_impl.cc:1396] Created column family [usertable] (ID 1)
2018/11/18-19:53:10.442826 7fce71ef4700 [db/db_impl_open.cc:1219] DB pointer 0x7fcd8c3d0b50
2018/11/18-19:53:10.755934 7fce70fe5700 [db/db_impl_write.cc:1373] [usertable] New memtable created with log file: #9. Immutable memtables: 0.
2018/11/18-19:53:11.000493 7fce71cf2700 [db/db_impl_write.cc:1373] [usertable] New memtable created with log file: #10. Immutable memtables: 1.
2018/11/18-19:53:11.000621 7fce317fa700 [db/db_impl_compaction_flush.cc:80] [JOB 2] Syncing log #3
2018/11/18-19:53:11.230728 7fce708de700 [db/db_impl_write.cc:1373] [usertable] New memtable created with log file: #12. Immutable memtables: 2.
2018/11/18-19:53:11.430521 7fce707dd700 [db/db_impl_write.cc:1373] [usertable] New memtable created with log file: #13. Immutable memtables: 3.
2018/11/18-19:53:11.573428 7fce317fa700 [db/db_impl_compaction_flush.cc:80] [JOB 2] Syncing log #9
2018/11/18-19:53:11.632070 7fce70ce2700 [db/db_impl_write.cc:1373] [usertable] New memtable created with log file: #15. Immutable memtables: 4.
2018/11/18-19:53:11.829428 7fce711e7700 [db/db_impl_write.cc:1373] [usertable] New memtable created with log file: #16. Immutable memtables: 5.
2018/11/18-19:53:12.029945 7fce71bf1700 [db/db_impl_write.cc:1373] [usertable] New memtable created with log file: #18. Immutable memtables: 6.
2018/11/18-19:53:12.240067 7fce71af0700 [db/db_impl_write.cc:1373] [usertable] New memtable created with log file: #19. Immutable memtables: 7.
2018/11/18-19:53:12.442277 7fce71af0700 [db/db_impl_write.cc:1373] [usertable] New memtable created with log file: #21. Immutable memtables: 8.
2018/11/18-19:53:12.640990 7fce714ea700 [db/db_impl_write.cc:1373] [usertable] New memtable created with log file: #22. Immutable memtables: 9.
2018/11/18-19:53:12.846417 7fce712e8700 [db/db_impl_write.cc:1373] [usertable] New memtable created with log file: #24. Immutable memtables: 10.
2018/11/18-19:53:13.049887 7fce70be1700 [db/db_impl_write.cc:1373] [usertable] New memtable created with log file: #25. Immutable memtables: 11.
2018/11/18-19:53:13.135566 7fce317fa700 (Original Log Time 2018/11/18-19:53:11.000580) [db/db_impl_compaction_flush.cc:1424] Calling FlushMemTableToOutputFile with column family [usertable], flush slots available 24, compaction slots available 1, flush slots scheduled 1, compaction slots scheduled 0
2018/11/18-19:53:13.135582 7fce317fa700 [db/flush_job.cc:301] [usertable] [JOB 2] Flushing memtable with next log file: 9
2018/11/18-19:53:13.135578 7fce49ffb700 [db/db_impl_compaction_flush.cc:80] [JOB 4] Syncing log #10
2018/11/18-19:53:13.135595 7fce317fa700 [db/flush_job.cc:301] [usertable] [JOB 2] Flushing memtable with next log file: 10
2018/11/18-19:53:13.135646 7fce317fa700 EVENT_LOG_v1 {"time_micros": 1542599593135625, "job": 2, "event": "flush_started", "num_memtables": 2, "num_entries": 55999, "num_deletes": 0, "memory_usage": 232095944, "flush_reason": "Write Buffer Full"}
2018/11/18-19:53:13.135659 7fce317fa700 [db/flush_job.cc:331] [usertable] [JOB 2] Level-0 flush table #11: started
2018/11/18-19:53:13.259065 7fce70fe5700 [db/db_impl_write.cc:1373] [usertable] New memtable created with log file: #27. Immutable memtables: 12.
2018/11/18-19:53:13.522172 7fce703d9700 [db/db_impl_write.cc:1373] [usertable] New memtable created with log file: #28. Immutable memtables: 13.
2018/11/18-19:53:13.789279 7fce70be1700 [db/db_impl_write.cc:1373] [usertable] New memtable created with log file: #30. Immutable memtables: 14.
2018/11/18-19:53:14.023166 7fce706dc700 [db/db_impl_write.cc:1373] [usertable] New memtable created with log file: #31. Immutable memtables: 15.
2018/11/18-19:53:14.226724 7fce705db700 [db/db_impl_write.cc:1373] [usertable] New memtable created with log file: #33. Immutable memtables: 16.
2018/11/18-19:53:14.361573 7fce49ffb700 [db/db_impl_compaction_flush.cc:80] [JOB 4] Syncing log #12
2018/11/18-19:53:14.442099 7fce708de700 [db/db_impl_write.cc:1373] [usertable] New memtable created with log file: #34. Immutable memtables: 17.
2018/11/18-19:53:14.649416 7fce718ee700 [db/db_impl_write.cc:1373] [usertable] New memtable created with log file: #36. Immutable memtables: 18.
2018/11/18-19:53:14.857091 7fce705db700 [db/db_impl_write.cc:1373] [usertable] New memtable created with log file: #37. Immutable memtables: 19.
2018/11/18-19:53:15.071583 7fce705db700 [db/db_impl_write.cc:1373] [usertable] New memtable created with log file: #39. Immutable memtables: 20.
2018/11/18-19:53:15.278150 7fce717ed700 [db/db_impl_write.cc:1373] [usertable] New memtable created with log file: #40. Immutable memtables: 21.
2018/11/18-19:53:15.486391 7fce712e8700 [db/db_impl_write.cc:1373] [usertable] New memtable created with log file: #42. Immutable memtables: 22.
2018/11/18-19:53:15.486442 7fce712e8700 [WARN] [db/column_family.cc:779] [usertable] Stalling writes because we have 23 immutable memtables (waiting for flush), max_write_buffer_number is set to 24 rate 16777216
2018/11/18-19:53:16.863793 7fce49ffb700 [db/db_impl_compaction_flush.cc:80] [JOB 4] Syncing log #13
2018/11/18-19:53:16.864899 7fce317fa700 EVENT_LOG_v1 {"time_micros": 1542599596864875, "cf_name": "usertable", "job": 2, "event": "table_file_creation", "file_number": 11, "file_size": 231914336, "table_properties": {"data_size": 230883891, "index_size": 1029518, "filter_size": 0, "raw_key_size": 1343976, "raw_average_key_size": 24, "raw_value_size": 229371904, "raw_average_value_size": 4096, "num_data_blocks": 28000, "num_entries": 55999, "filter_policy_name": "", "kDeletedKeys": "0", "kMergeOperands": "0"}}
2018/11/18-19:53:16.864934 7fce317fa700 [db/flush_job.cc:371] [usertable] [JOB 2] Level-0 flush table #11: 231914336 bytes OK
2018/11/18-19:53:17.359951 7fce317fa700 (Original Log Time 2018/11/18-19:53:16.864954) [db/memtable_list.cc:377] [usertable] Level-0 commit table #11 started
2018/11/18-19:53:17.359955 7fce317fa700 (Original Log Time 2018/11/18-19:53:17.359811) [db/memtable_list.cc:409] [usertable] Level-0 commit table #11: memtable #1 done
2018/11/18-19:53:17.359956 7fce317fa700 (Original Log Time 2018/11/18-19:53:17.359841) [db/memtable_list.cc:409] [usertable] Level-0 commit table #11: memtable #2 done
2018/11/18-19:53:17.359958 7fce317fa700 (Original Log Time 2018/11/18-19:53:17.359875) EVENT_LOG_v1 {"time_micros": 1542599597359859, "job": 2, "event": "flush_finished", "output_compression": "NoCompression", "lsm_state": [1, 0, 0, 0, 0, 0, 0], "immutable_memtables": 21}
2018/11/18-19:53:17.359959 7fce317fa700 (Original Log Time 2018/11/18-19:53:17.359908) [db/db_impl_compaction_flush.cc:177] [usertable] Level summary: base level 1 max bytes base 536870912 files[1 0 0 0 0 0 0] max score 0.50
2018/11/18-19:53:17.359971 7fce317fa700 [db/db_impl_files.cc:347] [JOB 2] Try to delete WAL files size 230635339, prev total WAL file size 2674917411, number of live WAL files 24.
2018/11/18-19:53:17.529647 7fce70ae0700 [db/db_impl_write.cc:1373] [usertable] New memtable created with log file: #43. Immutable memtables: 21.
2018/11/18-19:53:17.702312 7fce49ffb700 [db/db_impl_compaction_flush.cc:80] [JOB 4] Syncing log #15
2018/11/18-19:53:17.740323 7fce71cf2700 [db/db_impl_write.cc:1373] [usertable] New memtable created with log file: #45. Immutable memtables: 22.
2018/11/18-19:53:17.740343 7fce71cf2700 [WARN] [db/column_family.cc:779] [usertable] Stalling writes because we have 23 immutable memtables (waiting for flush), max_write_buffer_number is set to 24 rate 16777216
2018/11/18-19:53:18.673646 7fce49ffb700 (Original Log Time 2018/11/18-19:53:11.829486) [db/db_impl_compaction_flush.cc:1424] Calling FlushMemTableToOutputFile with column family [usertable], flush slots available 24, compaction slots available 1, flush slots scheduled 3, compaction slots scheduled 0
2018/11/18-19:53:18.673654 7fce49ffb700 [db/flush_job.cc:301] [usertable] [JOB 4] Flushing memtable with next log file: 15
2018/11/18-19:53:18.673666 7fce49ffb700 [db/flush_job.cc:301] [usertable] [JOB 4] Flushing memtable with next log file: 16
2018/11/18-19:53:18.673705 7fce49ffb700 EVENT_LOG_v1 {"time_micros": 1542599598673694, "job": 4, "event": "flush_started", "num_memtables": 2, "num_entries": 56631, "num_deletes": 0, "memory_usage": 234711224, "flush_reason": "Write Buffer Full"}
2018/11/18-19:53:18.673703 7fce497fa700 [db/db_impl_compaction_flush.cc:80] [JOB 5] Syncing log #16
2018/11/18-19:53:18.673712 7fce49ffb700 [db/flush_job.cc:331] [usertable] [JOB 4] Level-0 flush table #17: started
2018/11/18-19:53:18.674072 7fce4a7fc700 (Original Log Time 2018/11/18-19:53:11.430573) [db/db_impl_compaction_flush.cc:1424] Calling FlushMemTableToOutputFile with column family [usertable], flush slots available 24, compaction slots available 1, flush slots scheduled 2, compaction slots scheduled 0
2018/11/18-19:53:18.674078 7fce4a7fc700 [db/flush_job.cc:301] [usertable] [JOB 3] Flushing memtable with next log file: 12
2018/11/18-19:53:18.674084 7fce4a7fc700 [db/flush_job.cc:301] [usertable] [JOB 3] Flushing memtable with next log file: 13
2018/11/18-19:53:18.674106 7fce4a7fc700 EVENT_LOG_v1 {"time_micros": 1542599598674099, "job": 3, "event": "flush_started", "num_memtables": 2, "num_entries": 49596, "num_deletes": 0, "memory_usage": 220704352, "flush_reason": "Write Buffer Full"}
2018/11/18-19:53:18.674110 7fce4a7fc700 [db/flush_job.cc:331] [usertable] [JOB 3] Level-0 flush table #14: started
2018/11/18-19:53:20.216121 7fce497fa700 [db/db_impl_compaction_flush.cc:80] [JOB 5] Syncing log #18
2018/11/18-19:53:23.511143 7fce497fa700 (Original Log Time 2018/11/18-19:53:12.240123) [db/db_impl_compaction_flush.cc:1424] Calling FlushMemTableToOutputFile with column family [usertable], flush slots available 24, compaction slots available 1, flush slots scheduled 4, compaction slots scheduled 0
2018/11/18-19:53:23.511166 7fce497fa700 [db/flush_job.cc:301] [usertable] [JOB 5] Flushing memtable with next log file: 18
2018/11/18-19:53:23.511176 7fce497fa700 [db/flush_job.cc:301] [usertable] [JOB 5] Flushing memtable with next log file: 19
2018/11/18-19:53:23.511178 7fce48ff9700 [db/db_impl_compaction_flush.cc:80] [JOB 6] Syncing log #19
2018/11/18-19:53:23.511205 7fce497fa700 EVENT_LOG_v1 {"time_micros": 1542599603511197, "job": 5, "event": "flush_started", "num_memtables": 2, "num_entries": 56387, "num_deletes": 0, "memory_usage": 233689072, "flush_reason": "Write Buffer Full"}
2018/11/18-19:53:23.511211 7fce497fa700 [db/flush_job.cc:331] [usertable] [JOB 5] Level-0 flush table #20: started
2018/11/18-19:53:24.097772 7fce70ce2700 [db/db_impl_write.cc:1373] [usertable] New memtable created with log file: #46. Immutable memtables: 23.
2018/11/18-19:53:24.097931 7fce70ce2700 [WARN] [db/column_family.cc:743] [usertable] Stopping writes because we have 24 immutable memtables (waiting for flush), max_write_buffer_number is set to 24
2018/11/18-19:53:25.618624 7fce48ff9700 [db/db_impl_compaction_flush.cc:80] [JOB 6] Syncing log #21
2018/11/18-19:53:29.936453 7fce48ff9700 (Original Log Time 2018/11/18-19:53:12.641043) [db/db_impl_compaction_flush.cc:1424] Calling FlushMemTableToOutputFile with column family [usertable], flush slots available 24, compaction slots available 1, flush slots scheduled 5, compaction slots scheduled 0
2018/11/18-19:53:29.936483 7fce48ff9700 [db/flush_job.cc:301] [usertable] [JOB 6] Flushing memtable with next log file: 21
2018/11/18-19:53:29.936491 7fce43fff700 [db/db_impl_compaction_flush.cc:80] [JOB 7] Syncing log #22
2018/11/18-19:53:29.936503 7fce48ff9700 [db/flush_job.cc:301] [usertable] [JOB 6] Flushing memtable with next log file: 22
2018/11/18-19:53:29.936532 7fce48ff9700 EVENT_LOG_v1 {"time_micros": 1542599609936523, "job": 6, "event": "flush_started", "num_memtables": 2, "num_entries": 55965, "num_deletes": 0, "memory_usage": 231945704, "flush_reason": "Write Buffer Full"}
2018/11/18-19:53:29.936539 7fce48ff9700 [db/flush_job.cc:331] [usertable] [JOB 6] Level-0 flush table #23: started
2018/11/18-19:53:30.049095 7fce4a7fc700 EVENT_LOG_v1 {"time_micros": 1542599610049068, "cf_name": "usertable", "job": 3, "event": "table_file_creation", "file_number": 14, "file_size": 205408009, "table_properties": {"data_size": 204489820, "index_size": 917262, "filter_size": 0, "raw_key_size": 1190304, "raw_average_key_size": 24, "raw_value_size": 203145216, "raw_average_value_size": 4096, "num_data_blocks": 24798, "num_entries": 49596, "filter_policy_name": "", "kDeletedKeys": "0", "kMergeOperands": "0"}}
2018/11/18-19:53:30.049119 7fce4a7fc700 [db/flush_job.cc:371] [usertable] [JOB 3] Level-0 flush table #14: 205408009 bytes OK
2018/11/18-19:53:30.149553 7fce497fa700 EVENT_LOG_v1 {"time_micros": 1542599610149531, "cf_name": "usertable", "job": 5, "event": "table_file_creation", "file_number": 20, "file_size": 233521191, "table_properties": {"data_size": 232483615, "index_size": 1036649, "filter_size": 0, "raw_key_size": 1353288, "raw_average_key_size": 24, "raw_value_size": 230961152, "raw_average_value_size": 4096, "num_data_blocks": 28194, "num_entries": 56387, "filter_policy_name": "", "kDeletedKeys": "0", "kMergeOperands": "0"}}
2018/11/18-19:53:30.149583 7fce497fa700 [db/flush_job.cc:371] [usertable] [JOB 5] Level-0 flush table #20: 233521191 bytes OK
2018/11/18-19:53:30.338140 7fce497fa700 [WARN] [db/column_family.cc:743] [usertable] Stopping writes because we have 24 immutable memtables (waiting for flush), max_write_buffer_number is set to 24
2018/11/18-19:53:30.338171 7fce497fa700 (Original Log Time 2018/11/18-19:53:30.338129) EVENT_LOG_v1 {"time_micros": 1542599610338121, "job": 5, "event": "flush_finished", "output_compression": "NoCompression", "lsm_state": [1, 0, 0, 0, 0, 0, 0], "immutable_memtables": 24}
2018/11/18-19:53:30.338174 7fce497fa700 (Original Log Time 2018/11/18-19:53:30.338156) [db/db_impl_compaction_flush.cc:177] [usertable] Level summary: base level 1 max bytes base 536870912 files[1 0 0 0 0 0 0] max score 0.50
2018/11/18-19:53:30.338678 7fce49ffb700 EVENT_LOG_v1 {"time_micros": 1542599610338649, "cf_name": "usertable", "job": 4, "event": "table_file_creation", "file_number": 17, "file_size": 234544275, "table_properties": {"data_size": 233495920, "index_size": 1047428, "filter_size": 0, "raw_key_size": 1359144, "raw_average_key_size": 24, "raw_value_size": 231960576, "raw_average_value_size": 4096, "num_data_blocks": 28316, "num_entries": 56631, "filter_policy_name": "", "kDeletedKeys": "0", "kMergeOperands": "0"}}
2018/11/18-19:53:30.338698 7fce49ffb700 [db/flush_job.cc:371] [usertable] [JOB 4] Level-0 flush table #17: 234544275 bytes OK
2018/11/18-19:53:30.338717 7fce49ffb700 [WARN] [db/column_family.cc:743] [usertable] Stopping writes because we have 24 immutable memtables (waiting for flush), max_write_buffer_number is set to 24
2018/11/18-19:53:30.338732 7fce49ffb700 (Original Log Time 2018/11/18-19:53:30.338713) EVENT_LOG_v1 {"time_micros": 1542599610338708, "job": 4, "event": "flush_finished", "output_compression": "NoCompression", "lsm_state": [1, 0, 0, 0, 0, 0, 0], "immutable_memtables": 24}
2018/11/18-19:53:30.338734 7fce49ffb700 (Original Log Time 2018/11/18-19:53:30.338724) [db/db_impl_compaction_flush.cc:177] [usertable] Level summary: base level 1 max bytes base 536870912 files[1 0 0 0 0 0 0] max score 0.50
2018/11/18-19:53:30.611275 7fce43fff700 [db/db_impl_compaction_flush.cc:80] [JOB 7] Syncing log #24
2018/11/18-19:53:33.086649 7fce43fff700 (Original Log Time 2018/11/18-19:53:13.049938) [db/db_impl_compaction_flush.cc:1424] Calling FlushMemTableToOutputFile with column family [usertable], flush slots available 24, compaction slots available 1, flush slots scheduled 6, compaction slots scheduled 0
2018/11/18-19:53:33.086657 7fce43fff700 [db/flush_job.cc:301] [usertable] [JOB 7] Flushing memtable with next log file: 24
2018/11/18-19:53:33.086674 7fce43fff700 [db/flush_job.cc:301] [usertable] [JOB 7] Flushing memtable with next log file: 25
2018/11/18-19:53:33.086697 7fce437fe700 [db/db_impl_compaction_flush.cc:80] [JOB 8] Syncing log #25
2018/11/18-19:53:33.086705 7fce43fff700 EVENT_LOG_v1 {"time_micros": 1542599613086696, "job": 7, "event": "flush_started", "num_memtables": 2, "num_entries": 56559, "num_deletes": 0, "memory_usage": 234410528, "flush_reason": "Write Buffer Full"}
2018/11/18-19:53:33.086711 7fce43fff700 [db/flush_job.cc:331] [usertable] [JOB 7] Level-0 flush table #26: started
2018/11/18-19:53:33.433039 7fce4a7fc700 [db/column_family.cc:837] [usertable] Increasing compaction threads because we have 4 level-0 files 
2018/11/18-19:53:33.433118 7fce4a7fc700 (Original Log Time 2018/11/18-19:53:30.338077) [db/memtable_list.cc:377] [usertable] Level-0 commit table #14 started
2018/11/18-19:53:33.433122 7fce4a7fc700 (Original Log Time 2018/11/18-19:53:32.902156) [db/memtable_list.cc:409] [usertable] Level-0 commit table #14: memtable #1 done
2018/11/18-19:53:33.433125 7fce4a7fc700 (Original Log Time 2018/11/18-19:53:32.902159) [db/memtable_list.cc:409] [usertable] Level-0 commit table #14: memtable #2 done
