2018/12/30-01:21:35.043080 7f67f8db5700 RocksDB version: 5.14.3
2018/12/30-01:21:35.043138 7f67f8db5700 Git sha rocksdb_build_git_sha:
2018/12/30-01:21:35.043142 7f67f8db5700 Compile date Dec 29 2018
2018/12/30-01:21:35.043145 7f67f8db5700 DB SUMMARY
2018/12/30-01:21:35.043788 7f67f8db5700 CURRENT file:  CURRENT
2018/12/30-01:21:35.043791 7f67f8db5700 IDENTITY file:  IDENTITY
2018/12/30-01:21:35.043803 7f67f8db5700 MANIFEST file:  MANIFEST-000004 size: 120186 Bytes
2018/12/30-01:21:35.043806 7f67f8db5700 SST files in /mnt/sdf/ycsb-rocksdb-data dir, Total Num: 659, files: 000021.sst 000022.sst 000023.sst 000024.sst 000028.sst 000029.sst 000030.sst 000031.sst 000035.sst 
2018/12/30-01:21:35.043808 7f67f8db5700 Write Ahead Log file in /mnt/sdf/ycsb-rocksdb-data: 001160.log size: 129832119 ; 001166.log size: 116912255 ; 
2018/12/30-01:21:35.043813 7f67f8db5700                         Options.error_if_exists: 0
2018/12/30-01:21:35.043815 7f67f8db5700                       Options.create_if_missing: 1
2018/12/30-01:21:35.043816 7f67f8db5700                         Options.paranoid_checks: 1
2018/12/30-01:21:35.043817 7f67f8db5700                                     Options.env: 0x7f674317b2c0
2018/12/30-01:21:35.043818 7f67f8db5700                                Options.info_log: 0x7f67a43d17d0
2018/12/30-01:21:35.043819 7f67f8db5700                Options.max_file_opening_threads: 16
2018/12/30-01:21:35.043820 7f67f8db5700                              Options.statistics: (nil)
2018/12/30-01:21:35.043821 7f67f8db5700                               Options.use_fsync: 0
2018/12/30-01:21:35.043822 7f67f8db5700                       Options.max_log_file_size: 0
2018/12/30-01:21:35.043823 7f67f8db5700                  Options.max_manifest_file_size: 18446744073709551615
2018/12/30-01:21:35.043824 7f67f8db5700                   Options.log_file_time_to_roll: 0
2018/12/30-01:21:35.043825 7f67f8db5700                       Options.keep_log_file_num: 1000
2018/12/30-01:21:35.043826 7f67f8db5700                    Options.recycle_log_file_num: 0
2018/12/30-01:21:35.043827 7f67f8db5700                         Options.allow_fallocate: 1
2018/12/30-01:21:35.043828 7f67f8db5700                        Options.allow_mmap_reads: 0
2018/12/30-01:21:35.043829 7f67f8db5700                       Options.allow_mmap_writes: 0
2018/12/30-01:21:35.043830 7f67f8db5700                        Options.use_direct_reads: 0
2018/12/30-01:21:35.043831 7f67f8db5700                        Options.use_direct_io_for_flush_and_compaction: 0
2018/12/30-01:21:35.043832 7f67f8db5700          Options.create_missing_column_families: 1
2018/12/30-01:21:35.043833 7f67f8db5700                              Options.db_log_dir: 
2018/12/30-01:21:35.043835 7f67f8db5700                                 Options.wal_dir: /mnt/sdf/ycsb-rocksdb-data
2018/12/30-01:21:35.043836 7f67f8db5700                Options.table_cache_numshardbits: 6
2018/12/30-01:21:35.043837 7f67f8db5700                      Options.max_subcompactions: 4
2018/12/30-01:21:35.043838 7f67f8db5700                  Options.max_background_flushes: 24
2018/12/30-01:21:35.043839 7f67f8db5700                         Options.WAL_ttl_seconds: 0
2018/12/30-01:21:35.043840 7f67f8db5700                       Options.WAL_size_limit_MB: 0
2018/12/30-01:21:35.043841 7f67f8db5700             Options.manifest_preallocation_size: 4194304
2018/12/30-01:21:35.043842 7f67f8db5700                     Options.is_fd_close_on_exec: 1
2018/12/30-01:21:35.043843 7f67f8db5700                   Options.advise_random_on_open: 1
2018/12/30-01:21:35.043844 7f67f8db5700                    Options.db_write_buffer_size: 0
2018/12/30-01:21:35.043845 7f67f8db5700                    Options.write_buffer_manager: 0x7f67a43cbef0
2018/12/30-01:21:35.043846 7f67f8db5700         Options.access_hint_on_compaction_start: 1
2018/12/30-01:21:35.043847 7f67f8db5700  Options.new_table_reader_for_compaction_inputs: 0
2018/12/30-01:21:35.043848 7f67f8db5700           Options.random_access_max_buffer_size: 1048576
2018/12/30-01:21:35.043849 7f67f8db5700                      Options.use_adaptive_mutex: 0
2018/12/30-01:21:35.043850 7f67f8db5700                            Options.rate_limiter: (nil)
2018/12/30-01:21:35.043863 7f67f8db5700     Options.sst_file_manager.rate_bytes_per_sec: 0
2018/12/30-01:21:35.043865 7f67f8db5700                       Options.wal_recovery_mode: 2
2018/12/30-01:21:35.043866 7f67f8db5700                  Options.enable_thread_tracking: 0
2018/12/30-01:21:35.043867 7f67f8db5700                  Options.enable_pipelined_write: 1
2018/12/30-01:21:35.043868 7f67f8db5700         Options.allow_concurrent_memtable_write: 1
2018/12/30-01:21:35.043869 7f67f8db5700      Options.enable_write_thread_adaptive_yield: 1
2018/12/30-01:21:35.043870 7f67f8db5700             Options.write_thread_max_yield_usec: 100
2018/12/30-01:21:35.043871 7f67f8db5700            Options.write_thread_slow_yield_usec: 3
2018/12/30-01:21:35.043872 7f67f8db5700                               Options.row_cache: None
2018/12/30-01:21:35.043873 7f67f8db5700                              Options.wal_filter: None
2018/12/30-01:21:35.043874 7f67f8db5700             Options.avoid_flush_during_recovery: 0
2018/12/30-01:21:35.043875 7f67f8db5700             Options.allow_ingest_behind: 0
2018/12/30-01:21:35.043876 7f67f8db5700             Options.preserve_deletes: 0
2018/12/30-01:21:35.043877 7f67f8db5700             Options.two_write_queues: 0
2018/12/30-01:21:35.043878 7f67f8db5700             Options.manual_wal_flush: 0
2018/12/30-01:21:35.043880 7f67f8db5700             Options.max_background_jobs: 24
2018/12/30-01:21:35.043881 7f67f8db5700             Options.max_background_compactions: 24
2018/12/30-01:21:35.043882 7f67f8db5700             Options.avoid_flush_during_shutdown: 0
2018/12/30-01:21:35.043883 7f67f8db5700           Options.writable_file_max_buffer_size: 1048576
2018/12/30-01:21:35.043884 7f67f8db5700             Options.delayed_write_rate : 16777216
2018/12/30-01:21:35.043885 7f67f8db5700             Options.max_total_wal_size: 0
2018/12/30-01:21:35.043886 7f67f8db5700             Options.delete_obsolete_files_period_micros: 21600000000
2018/12/30-01:21:35.043887 7f67f8db5700                   Options.stats_dump_period_sec: 60
2018/12/30-01:21:35.043888 7f67f8db5700                          Options.max_open_files: -1
2018/12/30-01:21:35.043889 7f67f8db5700                          Options.bytes_per_sync: 1048576
2018/12/30-01:21:35.043891 7f67f8db5700                      Options.wal_bytes_per_sync: 0
2018/12/30-01:21:35.043891 7f67f8db5700       Options.compaction_readahead_size: 0
2018/12/30-01:21:35.043893 7f67f8db5700 Compression algorithms supported:
2018/12/30-01:21:35.043894 7f67f8db5700 	kZSTDNotFinalCompression supported: 1
2018/12/30-01:21:35.043902 7f67f8db5700 	kZSTD supported: 1
2018/12/30-01:21:35.043904 7f67f8db5700 	kXpressCompression supported: 0
2018/12/30-01:21:35.043905 7f67f8db5700 	kLZ4HCCompression supported: 1
2018/12/30-01:21:35.043906 7f67f8db5700 	kLZ4Compression supported: 1
2018/12/30-01:21:35.043908 7f67f8db5700 	kBZip2Compression supported: 1
2018/12/30-01:21:35.043909 7f67f8db5700 	kZlibCompression supported: 1
2018/12/30-01:21:35.043910 7f67f8db5700 	kSnappyCompression supported: 1
2018/12/30-01:21:35.043914 7f67f8db5700 Fast CRC32 supported: Supported on x86
2018/12/30-01:21:35.044558 7f67f8db5700 [db/version_set.cc:3085] Recovering from manifest file: MANIFEST-000004
2018/12/30-01:21:35.044900 7f67f8db5700 [db/column_family.cc:475] --------------- Options for column family [default]:
2018/12/30-01:21:35.044904 7f67f8db5700               Options.comparator: leveldb.BytewiseComparator
2018/12/30-01:21:35.044906 7f67f8db5700           Options.merge_operator: None
2018/12/30-01:21:35.044907 7f67f8db5700        Options.compaction_filter: None
2018/12/30-01:21:35.044908 7f67f8db5700        Options.compaction_filter_factory: None
2018/12/30-01:21:35.044909 7f67f8db5700         Options.memtable_factory: SkipListFactory
2018/12/30-01:21:35.044910 7f67f8db5700            Options.table_factory: BlockBasedTable
2018/12/30-01:21:35.044934 7f67f8db5700            table_factory options:   flush_block_policy_factory: FlushBlockBySizePolicyFactory (0x7f67a437b6f0)
  cache_index_and_filter_blocks: 0
  cache_index_and_filter_blocks_with_high_priority: 0
  pin_l0_filter_and_index_blocks_in_cache: 0
  index_type: 0
  hash_index_allow_collision: 1
  checksum: 1
  no_block_cache: 0
  block_cache: 0x7f67a4386ff0
  block_cache_name: LRUCache
  block_cache_options:
    capacity : 8388608
    num_shard_bits : 4
    strict_capacity_limit : 0
    high_pri_pool_ratio: 0.000
  block_cache_compressed: (nil)
  persistent_cache: (nil)
  block_size: 8192
  block_size_deviation: 10
  block_restart_interval: 16
  index_block_restart_interval: 1
  metadata_block_size: 4096
  partition_filters: 0
  use_delta_encoding: 1
  filter_policy: nullptr
  whole_key_filtering: 1
  verify_compression: 0
  read_amp_bytes_per_bit: 0
  format_version: 2
  enable_index_compression: 1
  block_align: 0
2018/12/30-01:21:35.044948 7f67f8db5700        Options.write_buffer_size: 134217728
2018/12/30-01:21:35.044949 7f67f8db5700  Options.max_write_buffer_number: 24
2018/12/30-01:21:35.044951 7f67f8db5700        Options.compression[0]: NoCompression
2018/12/30-01:21:35.044952 7f67f8db5700        Options.compression[1]: NoCompression
2018/12/30-01:21:35.044954 7f67f8db5700        Options.compression[2]: LZ4
2018/12/30-01:21:35.044955 7f67f8db5700        Options.compression[3]: LZ4
2018/12/30-01:21:35.044956 7f67f8db5700        Options.compression[4]: LZ4
2018/12/30-01:21:35.044957 7f67f8db5700        Options.compression[5]: LZ4
2018/12/30-01:21:35.044958 7f67f8db5700        Options.compression[6]: LZ4
2018/12/30-01:21:35.044959 7f67f8db5700                  Options.bottommost_compression: Disabled
2018/12/30-01:21:35.044960 7f67f8db5700       Options.prefix_extractor: nullptr
2018/12/30-01:21:35.044962 7f67f8db5700   Options.memtable_insert_with_hint_prefix_extractor: nullptr
2018/12/30-01:21:35.044963 7f67f8db5700             Options.num_levels: 7
2018/12/30-01:21:35.044964 7f67f8db5700        Options.min_write_buffer_number_to_merge: 2
2018/12/30-01:21:35.044965 7f67f8db5700     Options.max_write_buffer_number_to_maintain: 0
2018/12/30-01:21:35.044966 7f67f8db5700            Options.compression_opts.window_bits: -14
2018/12/30-01:21:35.044967 7f67f8db5700                  Options.compression_opts.level: -1
2018/12/30-01:21:35.044968 7f67f8db5700               Options.compression_opts.strategy: 0
2018/12/30-01:21:35.044969 7f67f8db5700         Options.compression_opts.max_dict_bytes: 0
2018/12/30-01:21:35.044970 7f67f8db5700         Options.compression_opts.zstd_max_train_bytes: 0
2018/12/30-01:21:35.044971 7f67f8db5700      Options.level0_file_num_compaction_trigger: 2
2018/12/30-01:21:35.044972 7f67f8db5700          Options.level0_slowdown_writes_trigger: 20
2018/12/30-01:21:35.044973 7f67f8db5700              Options.level0_stop_writes_trigger: 36
2018/12/30-01:21:35.044974 7f67f8db5700                   Options.target_file_size_base: 67108864
2018/12/30-01:21:35.044975 7f67f8db5700             Options.target_file_size_multiplier: 1
2018/12/30-01:21:35.044976 7f67f8db5700                Options.max_bytes_for_level_base: 536870912
2018/12/30-01:21:35.044977 7f67f8db5700 Options.level_compaction_dynamic_level_bytes: 0
2018/12/30-01:21:35.044978 7f67f8db5700          Options.max_bytes_for_level_multiplier: 10.000000
2018/12/30-01:21:35.044981 7f67f8db5700 Options.max_bytes_for_level_multiplier_addtl[0]: 1
2018/12/30-01:21:35.044982 7f67f8db5700 Options.max_bytes_for_level_multiplier_addtl[1]: 1
2018/12/30-01:21:35.044983 7f67f8db5700 Options.max_bytes_for_level_multiplier_addtl[2]: 1
2018/12/30-01:21:35.044984 7f67f8db5700 Options.max_bytes_for_level_multiplier_addtl[3]: 1
2018/12/30-01:21:35.044985 7f67f8db5700 Options.max_bytes_for_level_multiplier_addtl[4]: 1
2018/12/30-01:21:35.044986 7f67f8db5700 Options.max_bytes_for_level_multiplier_addtl[5]: 1
2018/12/30-01:21:35.044987 7f67f8db5700 Options.max_bytes_for_level_multiplier_addtl[6]: 1
2018/12/30-01:21:35.044988 7f67f8db5700       Options.max_sequential_skip_in_iterations: 8
2018/12/30-01:21:35.044989 7f67f8db5700                    Options.max_compaction_bytes: 1677721600
2018/12/30-01:21:35.044997 7f67f8db5700                        Options.arena_block_size: 16777216
2018/12/30-01:21:35.044998 7f67f8db5700   Options.soft_pending_compaction_bytes_limit: 68719476736
2018/12/30-01:21:35.044999 7f67f8db5700   Options.hard_pending_compaction_bytes_limit: 274877906944
2018/12/30-01:21:35.045000 7f67f8db5700       Options.rate_limit_delay_max_milliseconds: 100
2018/12/30-01:21:35.045002 7f67f8db5700                Options.disable_auto_compactions: 0
2018/12/30-01:21:35.045004 7f67f8db5700                        Options.compaction_style: kCompactionStyleLevel
2018/12/30-01:21:35.045006 7f67f8db5700                          Options.compaction_pri: kByCompensatedSize
2018/12/30-01:21:35.045007 7f67f8db5700 Options.compaction_options_universal.size_ratio: 1
2018/12/30-01:21:35.045008 7f67f8db5700 Options.compaction_options_universal.min_merge_width: 2
2018/12/30-01:21:35.045009 7f67f8db5700 Options.compaction_options_universal.max_merge_width: 4294967295
2018/12/30-01:21:35.045011 7f67f8db5700 Options.compaction_options_universal.max_size_amplification_percent: 200
2018/12/30-01:21:35.045012 7f67f8db5700 Options.compaction_options_universal.compression_size_percent: -1
2018/12/30-01:21:35.045013 7f67f8db5700 Options.compaction_options_universal.stop_style: kCompactionStopStyleTotalSize
2018/12/30-01:21:35.045015 7f67f8db5700 Options.compaction_options_fifo.max_table_files_size: 1073741824
2018/12/30-01:21:35.045016 7f67f8db5700 Options.compaction_options_fifo.allow_compaction: 0
2018/12/30-01:21:35.045017 7f67f8db5700 Options.compaction_options_fifo.ttl: 0
2018/12/30-01:21:35.045018 7f67f8db5700                   Options.table_properties_collectors: 
2018/12/30-01:21:35.045019 7f67f8db5700                   Options.inplace_update_support: 0
2018/12/30-01:21:35.045020 7f67f8db5700                 Options.inplace_update_num_locks: 10000
2018/12/30-01:21:35.045021 7f67f8db5700               Options.memtable_prefix_bloom_size_ratio: 0.000000
2018/12/30-01:21:35.045023 7f67f8db5700   Options.memtable_huge_page_size: 0
2018/12/30-01:21:35.045024 7f67f8db5700                           Options.bloom_locality: 0
2018/12/30-01:21:35.045025 7f67f8db5700                    Options.max_successive_merges: 0
2018/12/30-01:21:35.045026 7f67f8db5700                Options.optimize_filters_for_hits: 0
2018/12/30-01:21:35.045027 7f67f8db5700                Options.paranoid_file_checks: 0
2018/12/30-01:21:35.045028 7f67f8db5700                Options.force_consistency_checks: 0
2018/12/30-01:21:35.045029 7f67f8db5700                Options.report_bg_io_stats: 0
2018/12/30-01:21:35.045030 7f67f8db5700                               Options.ttl: 0
2018/12/30-01:21:35.045480 7f67f8db5700 [db/column_family.cc:475] --------------- Options for column family [usertable]:
2018/12/30-01:21:35.045483 7f67f8db5700               Options.comparator: leveldb.BytewiseComparator
2018/12/30-01:21:35.045485 7f67f8db5700           Options.merge_operator: None
2018/12/30-01:21:35.045486 7f67f8db5700        Options.compaction_filter: None
2018/12/30-01:21:35.045487 7f67f8db5700        Options.compaction_filter_factory: None
2018/12/30-01:21:35.045488 7f67f8db5700         Options.memtable_factory: SkipListFactory
2018/12/30-01:21:35.045489 7f67f8db5700            Options.table_factory: BlockBasedTable
2018/12/30-01:21:35.045513 7f67f8db5700            table_factory options:   flush_block_policy_factory: FlushBlockBySizePolicyFactory (0x7f67a437b4c0)
  cache_index_and_filter_blocks: 0
  cache_index_and_filter_blocks_with_high_priority: 0
  pin_l0_filter_and_index_blocks_in_cache: 0
  index_type: 0
  hash_index_allow_collision: 1
  checksum: 1
  no_block_cache: 0
  block_cache: 0x7f67a437b120
  block_cache_name: LRUCache
  block_cache_options:
    capacity : 8388608
    num_shard_bits : 4
    strict_capacity_limit : 0
    high_pri_pool_ratio: 0.000
  block_cache_compressed: (nil)
  persistent_cache: (nil)
  block_size: 8192
  block_size_deviation: 10
  block_restart_interval: 16
  index_block_restart_interval: 1
  metadata_block_size: 4096
  partition_filters: 0
  use_delta_encoding: 1
  filter_policy: nullptr
  whole_key_filtering: 1
  verify_compression: 0
  read_amp_bytes_per_bit: 0
  format_version: 2
  enable_index_compression: 1
  block_align: 0
2018/12/30-01:21:35.045525 7f67f8db5700        Options.write_buffer_size: 134217728
2018/12/30-01:21:35.045527 7f67f8db5700  Options.max_write_buffer_number: 24
2018/12/30-01:21:35.045528 7f67f8db5700        Options.compression[0]: NoCompression
2018/12/30-01:21:35.045529 7f67f8db5700        Options.compression[1]: NoCompression
2018/12/30-01:21:35.045530 7f67f8db5700        Options.compression[2]: LZ4
2018/12/30-01:21:35.045531 7f67f8db5700        Options.compression[3]: LZ4
2018/12/30-01:21:35.045532 7f67f8db5700        Options.compression[4]: LZ4
2018/12/30-01:21:35.045534 7f67f8db5700        Options.compression[5]: LZ4
2018/12/30-01:21:35.045535 7f67f8db5700        Options.compression[6]: LZ4
2018/12/30-01:21:35.045536 7f67f8db5700                  Options.bottommost_compression: Disabled
2018/12/30-01:21:35.045537 7f67f8db5700       Options.prefix_extractor: nullptr
2018/12/30-01:21:35.045538 7f67f8db5700   Options.memtable_insert_with_hint_prefix_extractor: nullptr
2018/12/30-01:21:35.045539 7f67f8db5700             Options.num_levels: 7
2018/12/30-01:21:35.045540 7f67f8db5700        Options.min_write_buffer_number_to_merge: 2
2018/12/30-01:21:35.045541 7f67f8db5700     Options.max_write_buffer_number_to_maintain: 0
2018/12/30-01:21:35.045542 7f67f8db5700            Options.compression_opts.window_bits: -14
2018/12/30-01:21:35.045543 7f67f8db5700                  Options.compression_opts.level: -1
2018/12/30-01:21:35.045544 7f67f8db5700               Options.compression_opts.strategy: 0
2018/12/30-01:21:35.045545 7f67f8db5700         Options.compression_opts.max_dict_bytes: 0
2018/12/30-01:21:35.045546 7f67f8db5700         Options.compression_opts.zstd_max_train_bytes: 0
2018/12/30-01:21:35.045547 7f67f8db5700      Options.level0_file_num_compaction_trigger: 2
2018/12/30-01:21:35.045548 7f67f8db5700          Options.level0_slowdown_writes_trigger: 20
2018/12/30-01:21:35.045549 7f67f8db5700              Options.level0_stop_writes_trigger: 36
2018/12/30-01:21:35.045550 7f67f8db5700                   Options.target_file_size_base: 67108864
2018/12/30-01:21:35.045551 7f67f8db5700             Options.target_file_size_multiplier: 1
2018/12/30-01:21:35.045552 7f67f8db5700                Options.max_bytes_for_level_base: 536870912
2018/12/30-01:21:35.045553 7f67f8db5700 Options.level_compaction_dynamic_level_bytes: 0
2018/12/30-01:21:35.045554 7f67f8db5700          Options.max_bytes_for_level_multiplier: 10.000000
2018/12/30-01:21:35.045556 7f67f8db5700 Options.max_bytes_for_level_multiplier_addtl[0]: 1
2018/12/30-01:21:35.045558 7f67f8db5700 Options.max_bytes_for_level_multiplier_addtl[1]: 1
2018/12/30-01:21:35.045559 7f67f8db5700 Options.max_bytes_for_level_multiplier_addtl[2]: 1
2018/12/30-01:21:35.045560 7f67f8db5700 Options.max_bytes_for_level_multiplier_addtl[3]: 1
2018/12/30-01:21:35.045561 7f67f8db5700 Options.max_bytes_for_level_multiplier_addtl[4]: 1
2018/12/30-01:21:35.045562 7f67f8db5700 Options.max_bytes_for_level_multiplier_addtl[5]: 1
2018/12/30-01:21:35.045563 7f67f8db5700 Options.max_bytes_for_level_multiplier_addtl[6]: 1
2018/12/30-01:21:35.045564 7f67f8db5700       Options.max_sequential_skip_in_iterations: 8
2018/12/30-01:21:35.045565 7f67f8db5700                    Options.max_compaction_bytes: 1677721600
2018/12/30-01:21:35.045566 7f67f8db5700                        Options.arena_block_size: 16777216
2018/12/30-01:21:35.045567 7f67f8db5700   Options.soft_pending_compaction_bytes_limit: 68719476736
2018/12/30-01:21:35.045568 7f67f8db5700   Options.hard_pending_compaction_bytes_limit: 274877906944
2018/12/30-01:21:35.045569 7f67f8db5700       Options.rate_limit_delay_max_milliseconds: 100
2018/12/30-01:21:35.045570 7f67f8db5700                Options.disable_auto_compactions: 0
2018/12/30-01:21:35.045572 7f67f8db5700                        Options.compaction_style: kCompactionStyleLevel
2018/12/30-01:21:35.045579 7f67f8db5700                          Options.compaction_pri: kByCompensatedSize
2018/12/30-01:21:35.045580 7f67f8db5700 Options.compaction_options_universal.size_ratio: 1
2018/12/30-01:21:35.045581 7f67f8db5700 Options.compaction_options_universal.min_merge_width: 2
2018/12/30-01:21:35.045582 7f67f8db5700 Options.compaction_options_universal.max_merge_width: 4294967295
2018/12/30-01:21:35.045584 7f67f8db5700 Options.compaction_options_universal.max_size_amplification_percent: 200
2018/12/30-01:21:35.045585 7f67f8db5700 Options.compaction_options_universal.compression_size_percent: -1
2018/12/30-01:21:35.045586 7f67f8db5700 Options.compaction_options_universal.stop_style: kCompactionStopStyleTotalSize
2018/12/30-01:21:35.045587 7f67f8db5700 Options.compaction_options_fifo.max_table_files_size: 1073741824
2018/12/30-01:21:35.045588 7f67f8db5700 Options.compaction_options_fifo.allow_compaction: 0
2018/12/30-01:21:35.045589 7f67f8db5700 Options.compaction_options_fifo.ttl: 0
2018/12/30-01:21:35.045590 7f67f8db5700                   Options.table_properties_collectors: 
2018/12/30-01:21:35.045591 7f67f8db5700                   Options.inplace_update_support: 0
2018/12/30-01:21:35.045592 7f67f8db5700                 Options.inplace_update_num_locks: 10000
2018/12/30-01:21:35.045593 7f67f8db5700               Options.memtable_prefix_bloom_size_ratio: 0.000000
2018/12/30-01:21:35.045595 7f67f8db5700   Options.memtable_huge_page_size: 0
2018/12/30-01:21:35.045596 7f67f8db5700                           Options.bloom_locality: 0
2018/12/30-01:21:35.045597 7f67f8db5700                    Options.max_successive_merges: 0
2018/12/30-01:21:35.045598 7f67f8db5700                Options.optimize_filters_for_hits: 0
2018/12/30-01:21:35.045599 7f67f8db5700                Options.paranoid_file_checks: 0
2018/12/30-01:21:35.045600 7f67f8db5700                Options.force_consistency_checks: 0
2018/12/30-01:21:35.045601 7f67f8db5700                Options.report_bg_io_stats: 0
2018/12/30-01:21:35.045602 7f67f8db5700                               Options.ttl: 0
2018/12/30-01:21:35.684570 7f67f8db5700 [db/version_set.cc:3361] Recovered from manifest file:/mnt/sdf/ycsb-rocksdb-data/MANIFEST-000004 succeeded,manifest_file_number is 4, next_file_number is 1167, last_sequence is 10399771, log_number is 0,prev_log_number is 0,max_column_family is 1,min_log_number_to_keep is 0
2018/12/30-01:21:35.684580 7f67f8db5700 [db/version_set.cc:3369] Column family [default] (ID 0), log number is 0
2018/12/30-01:21:35.684582 7f67f8db5700 [db/version_set.cc:3369] Column family [usertable] (ID 1), log number is 1160
2018/12/30-01:21:35.686981 7f67f8db5700 EVENT_LOG_v1 {"time_micros": 1546161695686966, "job": 1, "event": "recovery_started", "log_files": [1160, 1166]}
2018/12/30-01:21:35.686996 7f67f8db5700 [db/db_impl_open.cc:551] Recovering log #1160 mode 2
2018/12/30-01:21:36.594120 7f67f8db5700 EVENT_LOG_v1 {"time_micros": 1546161696594092, "cf_name": "usertable", "job": 1, "event": "table_file_creation", "file_number": 1167, "file_size": 129902323, "table_properties": {"data_size": 129321394, "index_size": 580007, "filter_size": 0, "raw_key_size": 752760, "raw_average_key_size": 24, "raw_value_size": 128471040, "raw_average_value_size": 4096, "num_data_blocks": 15683, "num_entries": 31365, "filter_policy_name": "", "kDeletedKeys": "0", "kMergeOperands": "0"}}
2018/12/30-01:21:36.600944 7f67f8db5700 [db/db_impl_open.cc:551] Recovering log #1166 mode 2
2018/12/30-01:21:36.928685 7f67f8db5700 [db/version_set.cc:2847] Creating manifest 1168
2018/12/30-01:21:37.422144 7f67f8db5700 EVENT_LOG_v1 {"time_micros": 1546161697422113, "cf_name": "usertable", "job": 1, "event": "table_file_creation", "file_number": 1169, "file_size": 117139876, "table_properties": {"data_size": 116619069, "index_size": 519885, "filter_size": 0, "raw_key_size": 678840, "raw_average_key_size": 24, "raw_value_size": 115855360, "raw_average_value_size": 4096, "num_data_blocks": 14143, "num_entries": 28285, "filter_policy_name": "", "kDeletedKeys": "0", "kMergeOperands": "0"}}
2018/12/30-01:21:37.503336 7f67f8db5700 EVENT_LOG_v1 {"time_micros": 1546161697503328, "job": 1, "event": "recovery_finished"}
2018/12/30-01:21:37.642958 7f67f8db5700 [db/db_impl_open.cc:1219] DB pointer 0x7f67a43d1cf0
2018/12/30-01:21:37.643616 7f6742803700 [WARN] [db/db_impl.cc:491] ------- DUMPING STATS -------
2018/12/30-01:21:37.643685 7f6742803700 [WARN] [db/db_impl.cc:492] 
** DB Stats **
Uptime(secs): 2.6 total, 2.6 interval
Cumulative writes: 0 writes, 0 keys, 0 commit groups, 0.0 writes per commit group, ingest: 0.00 GB, 0.00 MB/s
Cumulative WAL: 0 writes, 0 syncs, 0.00 writes per sync, written: 0.00 GB, 0.00 MB/s
Cumulative stall: 00:00:0.000 H:M:S, 0.0 percent
Interval writes: 0 writes, 0 keys, 0 commit groups, 0.0 writes per commit group, ingest: 0.00 MB, 0.00 MB/s
Interval WAL: 0 writes, 0 syncs, 0.00 writes per sync, written: 0.00 MB, 0.00 MB/s
Interval stall: 00:00:0.000 H:M:S, 0.0 percent

** Compaction Stats [default] **
Level    Files   Size     Score Read(GB)  Rn(GB) Rnp1(GB) Write(GB) Wnew(GB) Moved(GB) W-Amp Rd(MB/s) Wr(MB/s) Comp(sec) Comp(cnt) Avg(sec) KeyIn KeyDrop
----------------------------------------------------------------------------------------------------------------------------------------------------------
 Sum      0/0    0.00 KB   0.0      0.0     0.0      0.0       0.0      0.0       0.0   0.0      0.0      0.0         0         0    0.000       0      0
 Int      0/0    0.00 KB   0.0      0.0     0.0      0.0       0.0      0.0       0.0   0.0      0.0      0.0         0         0    0.000       0      0
Uptime(secs): 2.6 total, 2.6 interval
Flush(GB): cumulative 0.000, interval 0.000
AddFile(GB): cumulative 0.000, interval 0.000
AddFile(Total Files): cumulative 0, interval 0
AddFile(L0 Files): cumulative 0, interval 0
AddFile(Keys): cumulative 0, interval 0
Cumulative compaction: 0.00 GB write, 0.00 MB/s write, 0.00 GB read, 0.00 MB/s read, 0.0 seconds
Interval compaction: 0.00 GB write, 0.00 MB/s write, 0.00 GB read, 0.00 MB/s read, 0.0 seconds
Stalls(count): 0 level0_slowdown, 0 level0_slowdown_with_compaction, 0 level0_numfiles, 0 level0_numfiles_with_compaction, 0 stop for pending_compaction_bytes, 0 slowdown for pending_compaction_bytes, 0 memtable_compaction, 0 memtable_slowdown, interval 0 total count

** File Read Latency Histogram By Level [default] **

** Compaction Stats [usertable] **
Level    Files   Size     Score Read(GB)  Rn(GB) Rnp1(GB) Write(GB) Wnew(GB) Moved(GB) W-Amp Rd(MB/s) Wr(MB/s) Comp(sec) Comp(cnt) Avg(sec) KeyIn KeyDrop
----------------------------------------------------------------------------------------------------------------------------------------------------------
  L0      3/0   456.34 MB   1.5      0.0     0.0      0.0       0.2      0.2       0.0   1.0      0.0    243.2         1         2    0.484       0      0
  L1      2/0   445.87 MB   0.9      0.0     0.0      0.0       0.0      0.0       0.0   0.0      0.0      0.0         0         0    0.000       0      0
  L2     98/0    4.95 GB   1.0      0.0     0.0      0.0       0.0      0.0       0.0   0.0      0.0      0.0         0         0    0.000       0      0
  L3    558/0   34.35 GB   0.7      0.0     0.0      0.0       0.0      0.0       0.0   0.0      0.0      0.0         0         0    0.000       0      0
 Sum    661/0   40.18 GB   0.0      0.0     0.0      0.0       0.2      0.2       0.0   1.0      0.0    243.2         1         2    0.484       0      0
 Int      0/0    0.00 KB   0.0      0.0     0.0      0.0       0.2      0.2       0.0   1.0      0.0    243.2         1         2    0.484       0      0
Uptime(secs): 2.6 total, 2.6 interval
Flush(GB): cumulative 0.230, interval 0.230
AddFile(GB): cumulative 0.000, interval 0.000
AddFile(Total Files): cumulative 0, interval 0
AddFile(L0 Files): cumulative 0, interval 0
AddFile(Keys): cumulative 0, interval 0
Cumulative compaction: 0.23 GB write, 90.69 MB/s write, 0.00 GB read, 0.00 MB/s read, 1.0 seconds
Interval compaction: 0.23 GB write, 90.69 MB/s write, 0.00 GB read, 0.00 MB/s read, 1.0 seconds
Stalls(count): 0 level0_slowdown, 0 level0_slowdown_with_compaction, 0 level0_numfiles, 0 level0_numfiles_with_compaction, 0 stop for pending_compaction_bytes, 0 slowdown for pending_compaction_bytes, 0 memtable_compaction, 0 memtable_slowdown, interval 0 total count

** File Read Latency Histogram By Level [usertable] **

** Compaction Stats [default] **
Level    Files   Size     Score Read(GB)  Rn(GB) Rnp1(GB) Write(GB) Wnew(GB) Moved(GB) W-Amp Rd(MB/s) Wr(MB/s) Comp(sec) Comp(cnt) Avg(sec) KeyIn KeyDrop
----------------------------------------------------------------------------------------------------------------------------------------------------------
 Sum      0/0    0.00 KB   0.0      0.0     0.0      0.0       0.0      0.0       0.0   0.0      0.0      0.0         0         0    0.000       0      0
 Int      0/0    0.00 KB   0.0      0.0     0.0      0.0       0.0      0.0       0.0   0.0      0.0      0.0         0         0    0.000       0      0
Uptime(secs): 2.6 total, 0.0 interval
Flush(GB): cumulative 0.000, interval 0.000
AddFile(GB): cumulative 0.000, interval 0.000
AddFile(Total Files): cumulative 0, interval 0
AddFile(L0 Files): cumulative 0, interval 0
AddFile(Keys): cumulative 0, interval 0
Cumulative compaction: 0.00 GB write, 0.00 MB/s write, 0.00 GB read, 0.00 MB/s read, 0.0 seconds
Interval compaction: 0.00 GB write, 0.00 MB/s write, 0.00 GB read, 0.00 MB/s read, 0.0 seconds
Stalls(count): 0 level0_slowdown, 0 level0_slowdown_with_compaction, 0 level0_numfiles, 0 level0_numfiles_with_compaction, 0 stop for pending_compaction_bytes, 0 slowdown for pending_compaction_bytes, 0 memtable_compaction, 0 memtable_slowdown, interval 0 total count

** File Read Latency Histogram By Level [default] **

** Compaction Stats [usertable] **
Level    Files   Size     Score Read(GB)  Rn(GB) Rnp1(GB) Write(GB) Wnew(GB) Moved(GB) W-Amp Rd(MB/s) Wr(MB/s) Comp(sec) Comp(cnt) Avg(sec) KeyIn KeyDrop
----------------------------------------------------------------------------------------------------------------------------------------------------------
  L0      3/0   456.34 MB   1.5      0.0     0.0      0.0       0.2      0.2       0.0   1.0      0.0    243.2         1         2    0.484       0      0
  L1      2/0   445.87 MB   0.9      0.0     0.0      0.0       0.0      0.0       0.0   0.0      0.0      0.0         0         0    0.000       0      0
  L2     98/0    4.95 GB   1.0      0.0     0.0      0.0       0.0      0.0       0.0   0.0      0.0      0.0         0         0    0.000       0      0
  L3    558/0   34.35 GB   0.7      0.0     0.0      0.0       0.0      0.0       0.0   0.0      0.0      0.0         0         0    0.000       0      0
 Sum    661/0   40.18 GB   0.0      0.0     0.0      0.0       0.2      0.2       0.0   1.0      0.0    243.2         1         2    0.484       0      0
 Int      0/0    0.00 KB   0.0      0.0     0.0      0.0       0.0      0.0       0.0   0.0      0.0      0.0         0         0    0.000       0      0
Uptime(secs): 2.6 total, 0.0 interval
Flush(GB): cumulative 0.230, interval 0.000
AddFile(GB): cumulative 0.000, interval 0.000
AddFile(Total Files): cumulative 0, interval 0
AddFile(L0 Files): cumulative 0, interval 0
AddFile(Keys): cumulative 0, interval 0
Cumulative compaction: 0.23 GB write, 90.68 MB/s write, 0.00 GB read, 0.00 MB/s read, 1.0 seconds
Interval compaction: 0.00 GB write, 0.00 MB/s write, 0.00 GB read, 0.00 MB/s read, 0.0 seconds
Stalls(count): 0 level0_slowdown, 0 level0_slowdown_with_compaction, 0 level0_numfiles, 0 level0_numfiles_with_compaction, 0 stop for pending_compaction_bytes, 0 slowdown for pending_compaction_bytes, 0 memtable_compaction, 0 memtable_slowdown, interval 0 total count

** File Read Latency Histogram By Level [usertable] **
2018/12/30-01:21:37.732913 7f6742803700 (Original Log Time 2018/12/30-01:21:37.643877) [db/db_impl_compaction_flush.cc:1835] [usertable] Moving #223 to level-1 231462918 bytes
2018/12/30-01:21:37.732918 7f6742803700 (Original Log Time 2018/12/30-01:21:37.732830) EVENT_LOG_v1 {"time_micros": 1546161697732821, "job": 3, "event": "trivial_move", "destination_level": 1, "files": 1, "total_files_size": 231462918}
2018/12/30-01:21:37.732920 7f6742803700 (Original Log Time 2018/12/30-01:21:37.732850) [db/db_impl_compaction_flush.cc:1864] [usertable] Moved #1 files to level-1 231462918 bytes OK: base level 1 max bytes base 536870912 files[2 3 98 558 0 0 0] max score 1.30
2018/12/30-01:21:37.733028 7f6742803700 [db/compaction_job.cc:1531] [usertable] [JOB 4] Compacting 1@1 files to L2, score 1.30
2018/12/30-01:21:37.733040 7f6742803700 [db/compaction_job.cc:1535] [usertable] Compaction start summary: Base version 6 Base level 1, inputs: [125(223MB)]
2018/12/30-01:21:37.733071 7f6742803700 EVENT_LOG_v1 {"time_micros": 1546161697733048, "job": 4, "event": "compaction_started", "compaction_reason": "LevelMaxLevelSize", "files_L1": [125], "score": 1.30198, "input_data_size": 234846578}
2018/12/30-01:21:39.714683 7f6742803700 [db/compaction_job.cc:1211] [usertable] [JOB 4] Generated table #1173: 16279 keys, 67233530 bytes
2018/12/30-01:21:39.714741 7f6742803700 EVENT_LOG_v1 {"time_micros": 1546161699714718, "cf_name": "usertable", "job": 4, "event": "table_file_creation", "file_number": 1173, "file_size": 67233530, "table_properties": {"data_size": 67120139, "index_size": 300916, "filter_size": 0, "raw_key_size": 390696, "raw_average_key_size": 24, "raw_value_size": 66678784, "raw_average_value_size": 4096, "num_data_blocks": 8140, "num_entries": 16279, "filter_policy_name": "", "kDeletedKeys": "0", "kMergeOperands": "0"}}
2018/12/30-01:21:41.439661 7f6742803700 [db/compaction_job.cc:1211] [usertable] [JOB 4] Generated table #1174: 16279 keys, 67233361 bytes
2018/12/30-01:21:41.439716 7f6742803700 EVENT_LOG_v1 {"time_micros": 1546161701439692, "cf_name": "usertable", "job": 4, "event": "table_file_creation", "file_number": 1174, "file_size": 67233361, "table_properties": {"data_size": 67118331, "index_size": 299107, "filter_size": 0, "raw_key_size": 390696, "raw_average_key_size": 24, "raw_value_size": 66678784, "raw_average_value_size": 4096, "num_data_blocks": 8140, "num_entries": 16279, "filter_policy_name": "", "kDeletedKeys": "0", "kMergeOperands": "0"}}
2018/12/30-01:21:42.598795 7f67f8db5700 [db/db_impl_write.cc:1373] [usertable] New memtable created with log file: #1176. Immutable memtables: 0.
2018/12/30-01:21:43.719645 7f6742803700 [db/compaction_job.cc:1211] [usertable] [JOB 4] Generated table #1175: 16279 keys, 67233525 bytes
2018/12/30-01:21:43.719701 7f6742803700 EVENT_LOG_v1 {"time_micros": 1546161703719675, "cf_name": "usertable", "job": 4, "event": "table_file_creation", "file_number": 1175, "file_size": 67233525, "table_properties": {"data_size": 67120138, "index_size": 300916, "filter_size": 0, "raw_key_size": 390696, "raw_average_key_size": 24, "raw_value_size": 66678784, "raw_average_value_size": 4096, "num_data_blocks": 8140, "num_entries": 16279, "filter_policy_name": "", "kDeletedKeys": "0", "kMergeOperands": "0"}}
2018/12/30-01:21:44.595232 7f6742803700 [db/compaction_job.cc:1211] [usertable] [JOB 4] Generated table #1177: 7867 keys, 32491764 bytes
2018/12/30-01:21:44.595296 7f6742803700 EVENT_LOG_v1 {"time_micros": 1546161704595263, "cf_name": "usertable", "job": 4, "event": "table_file_creation", "file_number": 1177, "file_size": 32491764, "table_properties": {"data_size": 32435655, "index_size": 144420, "filter_size": 0, "raw_key_size": 188808, "raw_average_key_size": 24, "raw_value_size": 32223232, "raw_average_value_size": 4096, "num_data_blocks": 3934, "num_entries": 7867, "filter_policy_name": "", "kDeletedKeys": "0", "kMergeOperands": "0"}}
2018/12/30-01:21:44.595389 7f6742803700 [db/compaction_job.cc:1287] [usertable] [JOB 4] Compacted 1@1 files to L2 => 234192180 bytes
2018/12/30-01:21:44.636379 7f6742803700 (Original Log Time 2018/12/30-01:21:44.636149) [db/compaction_job.cc:685] [usertable] compacted to: base level 1 max bytes base 536870912 files[2 2 102 558 0 0 0] max score 1.03, MB/sec: 34.2 rd, 34.1 wr, level 2, files in(1, 0) out(4) MB in(224.0, 0.0) out(223.3), read-write-amplify(2.0) write-amplify(1.0) OK, records in: 56704, records dropped: 0 output_compression: LZ4
2018/12/30-01:21:44.636409 7f6742803700 (Original Log Time 2018/12/30-01:21:44.636207) EVENT_LOG_v1 {"time_micros": 1546161704636185, "job": 4, "event": "compaction_finished", "compaction_time_micros": 6862265, "output_level": 2, "num_output_files": 4, "total_output_size": 234192180, "num_input_records": 56704, "num_output_records": 56704, "num_subcompactions": 1, "output_compression": "LZ4", "num_single_delete_mismatches": 0, "num_single_delete_fallthrough": 0, "lsm_state": [2, 2, 102, 558, 0, 0, 0]}
2018/12/30-01:21:44.685749 7f6741801700 (Original Log Time 2018/12/30-01:21:44.636785) [db/db_impl_compaction_flush.cc:1835] [usertable] Moving #1173 to level-3 67233530 bytes
2018/12/30-01:21:44.685767 7f6741801700 (Original Log Time 2018/12/30-01:21:44.685619) EVENT_LOG_v1 {"time_micros": 1546161704685610, "job": 5, "event": "trivial_move", "destination_level": 3, "files": 1, "total_files_size": 67233530}
2018/12/30-01:21:44.685770 7f6741801700 (Original Log Time 2018/12/30-01:21:44.685646) [db/db_impl_compaction_flush.cc:1864] [usertable] Moved #1 files to level-3 67233530 bytes OK: base level 1 max bytes base 536870912 files[2 2 101 559 0 0 0] max score 1.02
2018/12/30-01:21:44.919815 7f6741801700 EVENT_LOG_v1 {"time_micros": 1546161704919804, "job": 5, "event": "table_file_deletion", "file_number": 125}
2018/12/30-01:21:44.960930 7f6741801700 (Original Log Time 2018/12/30-01:21:44.920096) [db/db_impl_compaction_flush.cc:1835] [usertable] Moving #1175 to level-3 67233525 bytes
2018/12/30-01:21:44.960938 7f6741801700 (Original Log Time 2018/12/30-01:21:44.960839) EVENT_LOG_v1 {"time_micros": 1546161704960829, "job": 6, "event": "trivial_move", "destination_level": 3, "files": 1, "total_files_size": 67233525}
2018/12/30-01:21:44.960942 7f6741801700 (Original Log Time 2018/12/30-01:21:44.960857) [db/db_impl_compaction_flush.cc:1864] [usertable] Moved #1 files to level-3 67233525 bytes OK: base level 1 max bytes base 536870912 files[2 2 100 560 0 0 0] max score 1.01
2018/12/30-01:21:44.997661 7f6741801700 (Original Log Time 2018/12/30-01:21:44.961218) [db/db_impl_compaction_flush.cc:1835] [usertable] Moving #1174 to level-3 67233361 bytes
2018/12/30-01:21:44.997668 7f6741801700 (Original Log Time 2018/12/30-01:21:44.997575) EVENT_LOG_v1 {"time_micros": 1546161704997564, "job": 7, "event": "trivial_move", "destination_level": 3, "files": 1, "total_files_size": 67233361}
2018/12/30-01:21:44.997672 7f6741801700 (Original Log Time 2018/12/30-01:21:44.997593) [db/db_impl_compaction_flush.cc:1864] [usertable] Moved #1 files to level-3 67233361 bytes OK: base level 1 max bytes base 536870912 files[2 2 99 561 0 0 0] max score 1.00
2018/12/30-01:21:45.038311 7f6741801700 (Original Log Time 2018/12/30-01:21:44.997940) [db/db_impl_compaction_flush.cc:1835] [usertable] Moving #1167 to level-1 129902323 bytes
