2018/12/29-20:39:12.627253 7f21108e1700 RocksDB version: 5.14.3
2018/12/29-20:39:12.627305 7f21108e1700 Git sha rocksdb_build_git_sha:
2018/12/29-20:39:12.627308 7f21108e1700 Compile date Dec 29 2018
2018/12/29-20:39:12.627312 7f21108e1700 DB SUMMARY
2018/12/29-20:39:12.627333 7f21108e1700 SST files in /mnt/sdf/ycsb-rocksdb-data dir, Total Num: 0, files: 
2018/12/29-20:39:12.627335 7f21108e1700 Write Ahead Log file in /mnt/sdf/ycsb-rocksdb-data: 
2018/12/29-20:39:12.627338 7f21108e1700                         Options.error_if_exists: 0
2018/12/29-20:39:12.627339 7f21108e1700                       Options.create_if_missing: 1
2018/12/29-20:39:12.627340 7f21108e1700                         Options.paranoid_checks: 1
2018/12/29-20:39:12.627341 7f21108e1700                                     Options.env: 0x7f20e655e2c0
2018/12/29-20:39:12.627342 7f21108e1700                                Options.info_log: 0x7f20643ccc70
2018/12/29-20:39:12.627343 7f21108e1700                Options.max_file_opening_threads: 16
2018/12/29-20:39:12.627344 7f21108e1700                              Options.statistics: (nil)
2018/12/29-20:39:12.627345 7f21108e1700                               Options.use_fsync: 0
2018/12/29-20:39:12.627346 7f21108e1700                       Options.max_log_file_size: 0
2018/12/29-20:39:12.627347 7f21108e1700                  Options.max_manifest_file_size: 18446744073709551615
2018/12/29-20:39:12.627348 7f21108e1700                   Options.log_file_time_to_roll: 0
2018/12/29-20:39:12.627349 7f21108e1700                       Options.keep_log_file_num: 1000
2018/12/29-20:39:12.627350 7f21108e1700                    Options.recycle_log_file_num: 0
2018/12/29-20:39:12.627351 7f21108e1700                         Options.allow_fallocate: 1
2018/12/29-20:39:12.627352 7f21108e1700                        Options.allow_mmap_reads: 0
2018/12/29-20:39:12.627352 7f21108e1700                       Options.allow_mmap_writes: 0
2018/12/29-20:39:12.627353 7f21108e1700                        Options.use_direct_reads: 0
2018/12/29-20:39:12.627354 7f21108e1700                        Options.use_direct_io_for_flush_and_compaction: 0
2018/12/29-20:39:12.627355 7f21108e1700          Options.create_missing_column_families: 1
2018/12/29-20:39:12.627356 7f21108e1700                              Options.db_log_dir: 
2018/12/29-20:39:12.627357 7f21108e1700                                 Options.wal_dir: /mnt/sdf/ycsb-rocksdb-data
2018/12/29-20:39:12.627358 7f21108e1700                Options.table_cache_numshardbits: 6
2018/12/29-20:39:12.627359 7f21108e1700                      Options.max_subcompactions: 4
2018/12/29-20:39:12.627360 7f21108e1700                  Options.max_background_flushes: 24
2018/12/29-20:39:12.627361 7f21108e1700                         Options.WAL_ttl_seconds: 0
2018/12/29-20:39:12.627362 7f21108e1700                       Options.WAL_size_limit_MB: 0
2018/12/29-20:39:12.627363 7f21108e1700             Options.manifest_preallocation_size: 4194304
2018/12/29-20:39:12.627364 7f21108e1700                     Options.is_fd_close_on_exec: 1
2018/12/29-20:39:12.627365 7f21108e1700                   Options.advise_random_on_open: 1
2018/12/29-20:39:12.627366 7f21108e1700                    Options.db_write_buffer_size: 0
2018/12/29-20:39:12.627367 7f21108e1700                    Options.write_buffer_manager: 0x7f20643c7570
2018/12/29-20:39:12.627368 7f21108e1700         Options.access_hint_on_compaction_start: 1
2018/12/29-20:39:12.627368 7f21108e1700  Options.new_table_reader_for_compaction_inputs: 0
2018/12/29-20:39:12.627369 7f21108e1700           Options.random_access_max_buffer_size: 1048576
2018/12/29-20:39:12.627371 7f21108e1700                      Options.use_adaptive_mutex: 0
2018/12/29-20:39:12.627371 7f21108e1700                            Options.rate_limiter: (nil)
2018/12/29-20:39:12.627373 7f21108e1700     Options.sst_file_manager.rate_bytes_per_sec: 0
2018/12/29-20:39:12.627374 7f21108e1700                       Options.wal_recovery_mode: 2
2018/12/29-20:39:12.627375 7f21108e1700                  Options.enable_thread_tracking: 0
2018/12/29-20:39:12.627376 7f21108e1700                  Options.enable_pipelined_write: 1
2018/12/29-20:39:12.627386 7f21108e1700         Options.allow_concurrent_memtable_write: 1
2018/12/29-20:39:12.627388 7f21108e1700      Options.enable_write_thread_adaptive_yield: 1
2018/12/29-20:39:12.627388 7f21108e1700             Options.write_thread_max_yield_usec: 100
2018/12/29-20:39:12.627389 7f21108e1700            Options.write_thread_slow_yield_usec: 3
2018/12/29-20:39:12.627390 7f21108e1700                               Options.row_cache: None
2018/12/29-20:39:12.627391 7f21108e1700                              Options.wal_filter: None
2018/12/29-20:39:12.627392 7f21108e1700             Options.avoid_flush_during_recovery: 0
2018/12/29-20:39:12.627393 7f21108e1700             Options.allow_ingest_behind: 0
2018/12/29-20:39:12.627394 7f21108e1700             Options.preserve_deletes: 0
2018/12/29-20:39:12.627395 7f21108e1700             Options.two_write_queues: 0
2018/12/29-20:39:12.627396 7f21108e1700             Options.manual_wal_flush: 0
2018/12/29-20:39:12.627398 7f21108e1700             Options.max_background_jobs: 24
2018/12/29-20:39:12.627399 7f21108e1700             Options.max_background_compactions: 24
2018/12/29-20:39:12.627400 7f21108e1700             Options.avoid_flush_during_shutdown: 0
2018/12/29-20:39:12.627401 7f21108e1700           Options.writable_file_max_buffer_size: 1048576
2018/12/29-20:39:12.627401 7f21108e1700             Options.delayed_write_rate : 16777216
2018/12/29-20:39:12.627403 7f21108e1700             Options.max_total_wal_size: 0
2018/12/29-20:39:12.627403 7f21108e1700             Options.delete_obsolete_files_period_micros: 21600000000
2018/12/29-20:39:12.627405 7f21108e1700                   Options.stats_dump_period_sec: 60
2018/12/29-20:39:12.627406 7f21108e1700                          Options.max_open_files: -1
2018/12/29-20:39:12.627407 7f21108e1700                          Options.bytes_per_sync: 1048576
2018/12/29-20:39:12.627408 7f21108e1700                      Options.wal_bytes_per_sync: 0
2018/12/29-20:39:12.627409 7f21108e1700       Options.compaction_readahead_size: 0
2018/12/29-20:39:12.627410 7f21108e1700 Compression algorithms supported:
2018/12/29-20:39:12.627411 7f21108e1700 	kZSTDNotFinalCompression supported: 1
2018/12/29-20:39:12.627419 7f21108e1700 	kZSTD supported: 1
2018/12/29-20:39:12.627420 7f21108e1700 	kXpressCompression supported: 0
2018/12/29-20:39:12.627421 7f21108e1700 	kLZ4HCCompression supported: 1
2018/12/29-20:39:12.627422 7f21108e1700 	kLZ4Compression supported: 1
2018/12/29-20:39:12.627424 7f21108e1700 	kBZip2Compression supported: 1
2018/12/29-20:39:12.627425 7f21108e1700 	kZlibCompression supported: 1
2018/12/29-20:39:12.627426 7f21108e1700 	kSnappyCompression supported: 1
2018/12/29-20:39:12.627429 7f21108e1700 Fast CRC32 supported: Supported on x86
2018/12/29-20:39:12.627496 7f21108e1700 [db/db_impl_open.cc:222] Creating manifest 1 
2018/12/29-20:39:12.728932 7f21108e1700 [db/version_set.cc:3085] Recovering from manifest file: MANIFEST-000001
2018/12/29-20:39:12.729028 7f21108e1700 [db/column_family.cc:475] --------------- Options for column family [default]:
2018/12/29-20:39:12.729032 7f21108e1700               Options.comparator: leveldb.BytewiseComparator
2018/12/29-20:39:12.729033 7f21108e1700           Options.merge_operator: None
2018/12/29-20:39:12.729034 7f21108e1700        Options.compaction_filter: None
2018/12/29-20:39:12.729035 7f21108e1700        Options.compaction_filter_factory: None
2018/12/29-20:39:12.729036 7f21108e1700         Options.memtable_factory: SkipListFactory
2018/12/29-20:39:12.729038 7f21108e1700            Options.table_factory: BlockBasedTable
2018/12/29-20:39:12.729064 7f21108e1700            table_factory options:   flush_block_policy_factory: FlushBlockBySizePolicyFactory (0x7f2064376370)
  cache_index_and_filter_blocks: 0
  cache_index_and_filter_blocks_with_high_priority: 0
  pin_l0_filter_and_index_blocks_in_cache: 0
  index_type: 0
  hash_index_allow_collision: 1
  checksum: 1
  no_block_cache: 0
  block_cache: 0x7f2064381e30
  block_cache_name: LRUCache
  block_cache_options:
    capacity : 8388608
    num_shard_bits : 4
    strict_capacity_limit : 0
    high_pri_pool_ratio: 0.000
  block_cache_compressed: (nil)
  persistent_cache: (nil)
  block_size: 8192
  block_size_deviation: 10
  block_restart_interval: 16
  index_block_restart_interval: 1
  metadata_block_size: 4096
  partition_filters: 0
  use_delta_encoding: 1
  filter_policy: nullptr
  whole_key_filtering: 1
  verify_compression: 0
  read_amp_bytes_per_bit: 0
  format_version: 2
  enable_index_compression: 1
  block_align: 0
2018/12/29-20:39:12.729079 7f21108e1700        Options.write_buffer_size: 134217728
2018/12/29-20:39:12.729081 7f21108e1700  Options.max_write_buffer_number: 24
2018/12/29-20:39:12.729082 7f21108e1700        Options.compression[0]: NoCompression
2018/12/29-20:39:12.729083 7f21108e1700        Options.compression[1]: NoCompression
2018/12/29-20:39:12.729084 7f21108e1700        Options.compression[2]: LZ4
2018/12/29-20:39:12.729085 7f21108e1700        Options.compression[3]: LZ4
2018/12/29-20:39:12.729086 7f21108e1700        Options.compression[4]: LZ4
2018/12/29-20:39:12.729087 7f21108e1700        Options.compression[5]: LZ4
2018/12/29-20:39:12.729088 7f21108e1700        Options.compression[6]: LZ4
2018/12/29-20:39:12.729089 7f21108e1700                  Options.bottommost_compression: Disabled
2018/12/29-20:39:12.729090 7f21108e1700       Options.prefix_extractor: nullptr
2018/12/29-20:39:12.729091 7f21108e1700   Options.memtable_insert_with_hint_prefix_extractor: nullptr
2018/12/29-20:39:12.729092 7f21108e1700             Options.num_levels: 7
2018/12/29-20:39:12.729093 7f21108e1700        Options.min_write_buffer_number_to_merge: 2
2018/12/29-20:39:12.729094 7f21108e1700     Options.max_write_buffer_number_to_maintain: 0
2018/12/29-20:39:12.729095 7f21108e1700            Options.compression_opts.window_bits: -14
2018/12/29-20:39:12.729096 7f21108e1700                  Options.compression_opts.level: -1
2018/12/29-20:39:12.729097 7f21108e1700               Options.compression_opts.strategy: 0
2018/12/29-20:39:12.729098 7f21108e1700         Options.compression_opts.max_dict_bytes: 0
2018/12/29-20:39:12.729099 7f21108e1700         Options.compression_opts.zstd_max_train_bytes: 0
2018/12/29-20:39:12.729100 7f21108e1700      Options.level0_file_num_compaction_trigger: 2
2018/12/29-20:39:12.729100 7f21108e1700          Options.level0_slowdown_writes_trigger: 20
2018/12/29-20:39:12.729101 7f21108e1700              Options.level0_stop_writes_trigger: 36
2018/12/29-20:39:12.729102 7f21108e1700                   Options.target_file_size_base: 67108864
2018/12/29-20:39:12.729103 7f21108e1700             Options.target_file_size_multiplier: 1
2018/12/29-20:39:12.729104 7f21108e1700                Options.max_bytes_for_level_base: 536870912
2018/12/29-20:39:12.729105 7f21108e1700 Options.level_compaction_dynamic_level_bytes: 0
2018/12/29-20:39:12.729106 7f21108e1700          Options.max_bytes_for_level_multiplier: 10.000000
2018/12/29-20:39:12.729108 7f21108e1700 Options.max_bytes_for_level_multiplier_addtl[0]: 1
2018/12/29-20:39:12.729110 7f21108e1700 Options.max_bytes_for_level_multiplier_addtl[1]: 1
2018/12/29-20:39:12.729110 7f21108e1700 Options.max_bytes_for_level_multiplier_addtl[2]: 1
2018/12/29-20:39:12.729111 7f21108e1700 Options.max_bytes_for_level_multiplier_addtl[3]: 1
2018/12/29-20:39:12.729112 7f21108e1700 Options.max_bytes_for_level_multiplier_addtl[4]: 1
2018/12/29-20:39:12.729113 7f21108e1700 Options.max_bytes_for_level_multiplier_addtl[5]: 1
2018/12/29-20:39:12.729114 7f21108e1700 Options.max_bytes_for_level_multiplier_addtl[6]: 1
2018/12/29-20:39:12.729115 7f21108e1700       Options.max_sequential_skip_in_iterations: 8
2018/12/29-20:39:12.729116 7f21108e1700                    Options.max_compaction_bytes: 1677721600
2018/12/29-20:39:12.729117 7f21108e1700                        Options.arena_block_size: 16777216
2018/12/29-20:39:12.729118 7f21108e1700   Options.soft_pending_compaction_bytes_limit: 68719476736
2018/12/29-20:39:12.729119 7f21108e1700   Options.hard_pending_compaction_bytes_limit: 274877906944
2018/12/29-20:39:12.729125 7f21108e1700       Options.rate_limit_delay_max_milliseconds: 100
2018/12/29-20:39:12.729127 7f21108e1700                Options.disable_auto_compactions: 0
2018/12/29-20:39:12.729129 7f21108e1700                        Options.compaction_style: kCompactionStyleLevel
2018/12/29-20:39:12.729130 7f21108e1700                          Options.compaction_pri: kByCompensatedSize
2018/12/29-20:39:12.729131 7f21108e1700 Options.compaction_options_universal.size_ratio: 1
2018/12/29-20:39:12.729132 7f21108e1700 Options.compaction_options_universal.min_merge_width: 2
2018/12/29-20:39:12.729133 7f21108e1700 Options.compaction_options_universal.max_merge_width: 4294967295
2018/12/29-20:39:12.729134 7f21108e1700 Options.compaction_options_universal.max_size_amplification_percent: 200
2018/12/29-20:39:12.729135 7f21108e1700 Options.compaction_options_universal.compression_size_percent: -1
2018/12/29-20:39:12.729137 7f21108e1700 Options.compaction_options_universal.stop_style: kCompactionStopStyleTotalSize
2018/12/29-20:39:12.729138 7f21108e1700 Options.compaction_options_fifo.max_table_files_size: 1073741824
2018/12/29-20:39:12.729139 7f21108e1700 Options.compaction_options_fifo.allow_compaction: 0
2018/12/29-20:39:12.729140 7f21108e1700 Options.compaction_options_fifo.ttl: 0
2018/12/29-20:39:12.729141 7f21108e1700                   Options.table_properties_collectors: 
2018/12/29-20:39:12.729142 7f21108e1700                   Options.inplace_update_support: 0
2018/12/29-20:39:12.729143 7f21108e1700                 Options.inplace_update_num_locks: 10000
2018/12/29-20:39:12.729144 7f21108e1700               Options.memtable_prefix_bloom_size_ratio: 0.000000
2018/12/29-20:39:12.729145 7f21108e1700   Options.memtable_huge_page_size: 0
2018/12/29-20:39:12.729146 7f21108e1700                           Options.bloom_locality: 0
2018/12/29-20:39:12.729147 7f21108e1700                    Options.max_successive_merges: 0
2018/12/29-20:39:12.729148 7f21108e1700                Options.optimize_filters_for_hits: 0
2018/12/29-20:39:12.729149 7f21108e1700                Options.paranoid_file_checks: 0
2018/12/29-20:39:12.729150 7f21108e1700                Options.force_consistency_checks: 0
2018/12/29-20:39:12.729151 7f21108e1700                Options.report_bg_io_stats: 0
2018/12/29-20:39:12.729152 7f21108e1700                               Options.ttl: 0
2018/12/29-20:39:12.729588 7f21108e1700 [db/version_set.cc:3361] Recovered from manifest file:/mnt/sdf/ycsb-rocksdb-data/MANIFEST-000001 succeeded,manifest_file_number is 1, next_file_number is 3, last_sequence is 0, log_number is 0,prev_log_number is 0,max_column_family is 0,min_log_number_to_keep is 0
2018/12/29-20:39:12.729593 7f21108e1700 [db/version_set.cc:3369] Column family [default] (ID 0), log number is 0
2018/12/29-20:39:12.729749 7f21108e1700 [db/version_set.cc:2847] Creating manifest 4
2018/12/29-20:39:12.802289 7f21108e1700 [db/column_family.cc:475] --------------- Options for column family [usertable]:
2018/12/29-20:39:12.802293 7f21108e1700               Options.comparator: leveldb.BytewiseComparator
2018/12/29-20:39:12.802294 7f21108e1700           Options.merge_operator: None
2018/12/29-20:39:12.802312 7f21108e1700        Options.compaction_filter: None
2018/12/29-20:39:12.802314 7f21108e1700        Options.compaction_filter_factory: None
2018/12/29-20:39:12.802315 7f21108e1700         Options.memtable_factory: SkipListFactory
2018/12/29-20:39:12.802316 7f21108e1700            Options.table_factory: BlockBasedTable
2018/12/29-20:39:12.802342 7f21108e1700            table_factory options:   flush_block_policy_factory: FlushBlockBySizePolicyFactory (0x7f2064376450)
  cache_index_and_filter_blocks: 0
  cache_index_and_filter_blocks_with_high_priority: 0
  pin_l0_filter_and_index_blocks_in_cache: 0
  index_type: 0
  hash_index_allow_collision: 1
  checksum: 1
  no_block_cache: 0
  block_cache: 0x7f2064384bd0
  block_cache_name: LRUCache
  block_cache_options:
    capacity : 8388608
    num_shard_bits : 4
    strict_capacity_limit : 0
    high_pri_pool_ratio: 0.000
  block_cache_compressed: (nil)
  persistent_cache: (nil)
  block_size: 8192
  block_size_deviation: 10
  block_restart_interval: 16
  index_block_restart_interval: 1
  metadata_block_size: 4096
  partition_filters: 0
  use_delta_encoding: 1
  filter_policy: nullptr
  whole_key_filtering: 1
  verify_compression: 0
  read_amp_bytes_per_bit: 0
  format_version: 2
  enable_index_compression: 1
  block_align: 0
2018/12/29-20:39:12.802345 7f21108e1700        Options.write_buffer_size: 134217728
2018/12/29-20:39:12.802346 7f21108e1700  Options.max_write_buffer_number: 24
2018/12/29-20:39:12.802347 7f21108e1700        Options.compression[0]: NoCompression
2018/12/29-20:39:12.802349 7f21108e1700        Options.compression[1]: NoCompression
2018/12/29-20:39:12.802350 7f21108e1700        Options.compression[2]: LZ4
2018/12/29-20:39:12.802351 7f21108e1700        Options.compression[3]: LZ4
2018/12/29-20:39:12.802352 7f21108e1700        Options.compression[4]: LZ4
2018/12/29-20:39:12.802352 7f21108e1700        Options.compression[5]: LZ4
2018/12/29-20:39:12.802353 7f21108e1700        Options.compression[6]: LZ4
2018/12/29-20:39:12.802354 7f21108e1700                  Options.bottommost_compression: Disabled
2018/12/29-20:39:12.802355 7f21108e1700       Options.prefix_extractor: nullptr
2018/12/29-20:39:12.802356 7f21108e1700   Options.memtable_insert_with_hint_prefix_extractor: nullptr
2018/12/29-20:39:12.802357 7f21108e1700             Options.num_levels: 7
2018/12/29-20:39:12.802358 7f21108e1700        Options.min_write_buffer_number_to_merge: 2
2018/12/29-20:39:12.802359 7f21108e1700     Options.max_write_buffer_number_to_maintain: 0
2018/12/29-20:39:12.802360 7f21108e1700            Options.compression_opts.window_bits: -14
2018/12/29-20:39:12.802361 7f21108e1700                  Options.compression_opts.level: -1
2018/12/29-20:39:12.802362 7f21108e1700               Options.compression_opts.strategy: 0
2018/12/29-20:39:12.802363 7f21108e1700         Options.compression_opts.max_dict_bytes: 0
2018/12/29-20:39:12.802364 7f21108e1700         Options.compression_opts.zstd_max_train_bytes: 0
2018/12/29-20:39:12.802365 7f21108e1700      Options.level0_file_num_compaction_trigger: 2
2018/12/29-20:39:12.802366 7f21108e1700          Options.level0_slowdown_writes_trigger: 20
2018/12/29-20:39:12.802366 7f21108e1700              Options.level0_stop_writes_trigger: 36
2018/12/29-20:39:12.802367 7f21108e1700                   Options.target_file_size_base: 67108864
2018/12/29-20:39:12.802368 7f21108e1700             Options.target_file_size_multiplier: 1
2018/12/29-20:39:12.802369 7f21108e1700                Options.max_bytes_for_level_base: 536870912
2018/12/29-20:39:12.802370 7f21108e1700 Options.level_compaction_dynamic_level_bytes: 0
2018/12/29-20:39:12.802371 7f21108e1700          Options.max_bytes_for_level_multiplier: 10.000000
2018/12/29-20:39:12.802373 7f21108e1700 Options.max_bytes_for_level_multiplier_addtl[0]: 1
2018/12/29-20:39:12.802384 7f21108e1700 Options.max_bytes_for_level_multiplier_addtl[1]: 1
2018/12/29-20:39:12.802385 7f21108e1700 Options.max_bytes_for_level_multiplier_addtl[2]: 1
2018/12/29-20:39:12.802386 7f21108e1700 Options.max_bytes_for_level_multiplier_addtl[3]: 1
2018/12/29-20:39:12.802387 7f21108e1700 Options.max_bytes_for_level_multiplier_addtl[4]: 1
2018/12/29-20:39:12.802388 7f21108e1700 Options.max_bytes_for_level_multiplier_addtl[5]: 1
2018/12/29-20:39:12.802389 7f21108e1700 Options.max_bytes_for_level_multiplier_addtl[6]: 1
2018/12/29-20:39:12.802390 7f21108e1700       Options.max_sequential_skip_in_iterations: 8
2018/12/29-20:39:12.802391 7f21108e1700                    Options.max_compaction_bytes: 1677721600
2018/12/29-20:39:12.802392 7f21108e1700                        Options.arena_block_size: 16777216
2018/12/29-20:39:12.802392 7f21108e1700   Options.soft_pending_compaction_bytes_limit: 68719476736
2018/12/29-20:39:12.802393 7f21108e1700   Options.hard_pending_compaction_bytes_limit: 274877906944
2018/12/29-20:39:12.802394 7f21108e1700       Options.rate_limit_delay_max_milliseconds: 100
2018/12/29-20:39:12.802395 7f21108e1700                Options.disable_auto_compactions: 0
2018/12/29-20:39:12.802397 7f21108e1700                        Options.compaction_style: kCompactionStyleLevel
2018/12/29-20:39:12.802399 7f21108e1700                          Options.compaction_pri: kByCompensatedSize
2018/12/29-20:39:12.802400 7f21108e1700 Options.compaction_options_universal.size_ratio: 1
2018/12/29-20:39:12.802401 7f21108e1700 Options.compaction_options_universal.min_merge_width: 2
2018/12/29-20:39:12.802402 7f21108e1700 Options.compaction_options_universal.max_merge_width: 4294967295
2018/12/29-20:39:12.802403 7f21108e1700 Options.compaction_options_universal.max_size_amplification_percent: 200
2018/12/29-20:39:12.802404 7f21108e1700 Options.compaction_options_universal.compression_size_percent: -1
2018/12/29-20:39:12.802405 7f21108e1700 Options.compaction_options_universal.stop_style: kCompactionStopStyleTotalSize
2018/12/29-20:39:12.802406 7f21108e1700 Options.compaction_options_fifo.max_table_files_size: 1073741824
2018/12/29-20:39:12.802407 7f21108e1700 Options.compaction_options_fifo.allow_compaction: 0
2018/12/29-20:39:12.802408 7f21108e1700 Options.compaction_options_fifo.ttl: 0
2018/12/29-20:39:12.802409 7f21108e1700                   Options.table_properties_collectors: 
2018/12/29-20:39:12.802410 7f21108e1700                   Options.inplace_update_support: 0
2018/12/29-20:39:12.802411 7f21108e1700                 Options.inplace_update_num_locks: 10000
2018/12/29-20:39:12.802412 7f21108e1700               Options.memtable_prefix_bloom_size_ratio: 0.000000
2018/12/29-20:39:12.802413 7f21108e1700   Options.memtable_huge_page_size: 0
2018/12/29-20:39:12.802414 7f21108e1700                           Options.bloom_locality: 0
2018/12/29-20:39:12.802415 7f21108e1700                    Options.max_successive_merges: 0
2018/12/29-20:39:12.802416 7f21108e1700                Options.optimize_filters_for_hits: 0
2018/12/29-20:39:12.802417 7f21108e1700                Options.paranoid_file_checks: 0
2018/12/29-20:39:12.802418 7f21108e1700                Options.force_consistency_checks: 0
2018/12/29-20:39:12.802419 7f21108e1700                Options.report_bg_io_stats: 0
2018/12/29-20:39:12.802419 7f21108e1700                               Options.ttl: 0
2018/12/29-20:39:12.802459 7f21108e1700 [db/db_impl.cc:1396] Created column family [usertable] (ID 1)
2018/12/29-20:39:12.880492 7f21108e1700 [db/db_impl_open.cc:1219] DB pointer 0x7f20643cd3c0
2018/12/29-20:39:21.769473 7f20ec5ec700 [db/db_impl_write.cc:1373] [usertable] New memtable created with log file: #9. Immutable memtables: 0.
2018/12/29-20:39:30.733578 7f21103dc700 [db/db_impl_write.cc:1373] [usertable] New memtable created with log file: #10. Immutable memtables: 1.
2018/12/29-20:39:30.733708 7f1f2effd700 [db/db_impl_compaction_flush.cc:80] [JOB 2] Syncing log #3
2018/12/29-20:39:31.612524 7f1f2effd700 [db/db_impl_compaction_flush.cc:80] [JOB 2] Syncing log #9
2018/12/29-20:39:32.813170 7f1f2effd700 (Original Log Time 2018/12/29-20:39:30.733660) [db/db_impl_compaction_flush.cc:1424] Calling FlushMemTableToOutputFile with column family [usertable], flush slots available 24, compaction slots available 1, flush slots scheduled 1, compaction slots scheduled 0
2018/12/29-20:39:32.813191 7f1f2effd700 [db/flush_job.cc:301] [usertable] [JOB 2] Flushing memtable with next log file: 9
2018/12/29-20:39:32.813205 7f1f2effd700 [db/flush_job.cc:301] [usertable] [JOB 2] Flushing memtable with next log file: 10
2018/12/29-20:39:32.813270 7f1f2effd700 EVENT_LOG_v1 {"time_micros": 1546144772813250, "job": 2, "event": "flush_started", "num_memtables": 2, "num_entries": 62473, "num_deletes": 0, "memory_usage": 258966896, "flush_reason": "Write Buffer Full"}
2018/12/29-20:39:32.813283 7f1f2effd700 [db/flush_job.cc:331] [usertable] [JOB 2] Level-0 flush table #11: started
2018/12/29-20:39:34.908235 7f1f2effd700 EVENT_LOG_v1 {"time_micros": 1546144774908206, "cf_name": "usertable", "job": 2, "event": "table_file_creation", "file_number": 11, "file_size": 258725686, "table_properties": {"data_size": 257576193, "index_size": 1148566, "filter_size": 0, "raw_key_size": 1499352, "raw_average_key_size": 24, "raw_value_size": 255889408, "raw_average_value_size": 4096, "num_data_blocks": 31237, "num_entries": 62473, "filter_policy_name": "", "kDeletedKeys": "0", "kMergeOperands": "0"}}
2018/12/29-20:39:34.908270 7f1f2effd700 [db/flush_job.cc:371] [usertable] [JOB 2] Level-0 flush table #11: 258725686 bytes OK
2018/12/29-20:39:34.970671 7f1f2effd700 (Original Log Time 2018/12/29-20:39:34.908293) [db/memtable_list.cc:377] [usertable] Level-0 commit table #11 started
2018/12/29-20:39:34.970675 7f1f2effd700 (Original Log Time 2018/12/29-20:39:34.970526) [db/memtable_list.cc:409] [usertable] Level-0 commit table #11: memtable #1 done
2018/12/29-20:39:34.970677 7f1f2effd700 (Original Log Time 2018/12/29-20:39:34.970546) [db/memtable_list.cc:409] [usertable] Level-0 commit table #11: memtable #2 done
2018/12/29-20:39:34.970679 7f1f2effd700 (Original Log Time 2018/12/29-20:39:34.970593) EVENT_LOG_v1 {"time_micros": 1546144774970578, "job": 2, "event": "flush_finished", "output_compression": "NoCompression", "lsm_state": [1, 0, 0, 0, 0, 0, 0], "immutable_memtables": 0}
2018/12/29-20:39:34.970680 7f1f2effd700 (Original Log Time 2018/12/29-20:39:34.970630) [db/db_impl_compaction_flush.cc:177] [usertable] Level summary: base level 1 max bytes base 536870912 files[1 0 0 0 0 0 0] max score 0.50
2018/12/29-20:39:34.970697 7f1f2effd700 [db/db_impl_files.cc:347] [JOB 2] Try to delete WAL files size 257948905, prev total WAL file size 319164967, number of live WAL files 3.
2018/12/29-20:39:39.699718 7f20e70f0700 [db/db_impl_write.cc:1373] [usertable] New memtable created with log file: #12. Immutable memtables: 0.
2018/12/29-20:39:48.379722 7f20e74f4700 [db/db_impl_write.cc:1373] [usertable] New memtable created with log file: #13. Immutable memtables: 1.
2018/12/29-20:39:48.379864 7f20c7fff700 [db/db_impl_compaction_flush.cc:80] [JOB 3] Syncing log #10
2018/12/29-20:39:48.908405 7f20c7fff700 [db/db_impl_compaction_flush.cc:80] [JOB 3] Syncing log #12
2018/12/29-20:39:49.399783 7f20c7fff700 (Original Log Time 2018/12/29-20:39:48.379845) [db/db_impl_compaction_flush.cc:1424] Calling FlushMemTableToOutputFile with column family [usertable], flush slots available 24, compaction slots available 1, flush slots scheduled 1, compaction slots scheduled 0
2018/12/29-20:39:49.399796 7f20c7fff700 [db/flush_job.cc:301] [usertable] [JOB 3] Flushing memtable with next log file: 12
2018/12/29-20:39:49.399803 7f20c7fff700 [db/flush_job.cc:301] [usertable] [JOB 3] Flushing memtable with next log file: 13
2018/12/29-20:39:49.399831 7f20c7fff700 EVENT_LOG_v1 {"time_micros": 1546144789399823, "job": 3, "event": "flush_started", "num_memtables": 2, "num_entries": 61762, "num_deletes": 0, "memory_usage": 260078784, "flush_reason": "Write Buffer Full"}
2018/12/29-20:39:49.399838 7f20c7fff700 [db/flush_job.cc:331] [usertable] [JOB 3] Level-0 flush table #14: started
2018/12/29-20:39:50.326250 7f20c7fff700 EVENT_LOG_v1 {"time_micros": 1546144790326228, "cf_name": "usertable", "job": 3, "event": "table_file_creation", "file_number": 14, "file_size": 255794849, "table_properties": {"data_size": 254651589, "index_size": 1142333, "filter_size": 0, "raw_key_size": 1482288, "raw_average_key_size": 24, "raw_value_size": 252977152, "raw_average_value_size": 4096, "num_data_blocks": 30881, "num_entries": 61762, "filter_policy_name": "", "kDeletedKeys": "0", "kMergeOperands": "0"}}
2018/12/29-20:39:50.326271 7f20c7fff700 [db/flush_job.cc:371] [usertable] [JOB 3] Level-0 flush table #14: 255794849 bytes OK
2018/12/29-20:39:50.355192 7f20c7fff700 (Original Log Time 2018/12/29-20:39:50.326286) [db/memtable_list.cc:377] [usertable] Level-0 commit table #14 started
2018/12/29-20:39:50.355196 7f20c7fff700 (Original Log Time 2018/12/29-20:39:50.355097) [db/memtable_list.cc:409] [usertable] Level-0 commit table #14: memtable #1 done
2018/12/29-20:39:50.355198 7f20c7fff700 (Original Log Time 2018/12/29-20:39:50.355103) [db/memtable_list.cc:409] [usertable] Level-0 commit table #14: memtable #2 done
2018/12/29-20:39:50.355200 7f20c7fff700 (Original Log Time 2018/12/29-20:39:50.355129) EVENT_LOG_v1 {"time_micros": 1546144790355120, "job": 3, "event": "flush_finished", "output_compression": "NoCompression", "lsm_state": [2, 0, 0, 0, 0, 0, 0], "immutable_memtables": 0}
2018/12/29-20:39:50.355201 7f20c7fff700 (Original Log Time 2018/12/29-20:39:50.355168) [db/db_impl_compaction_flush.cc:177] [usertable] Level summary: base level 1 max bytes base 536870912 files[2 0 0 0 0 0 0] max score 1.00
2018/12/29-20:39:50.355212 7f20c7fff700 [db/db_impl_files.cc:347] [JOB 3] Try to delete WAL files size 255011410, prev total WAL file size 283558776, number of live WAL files 3.
2018/12/29-20:39:50.355394 7f20ccff9700 [WARN] [db/db_impl.cc:491] ------- DUMPING STATS -------
2018/12/29-20:39:50.357295 7f20ccff9700 [WARN] [db/db_impl.cc:492] 
** DB Stats **
Uptime(secs): 37.6 total, 37.6 interval
Cumulative writes: 131K writes, 131K keys, 130K commit groups, 1.0 writes per commit group, ingest: 0.50 GB, 13.73 MB/s
Cumulative WAL: 131K writes, 0 syncs, 131149.00 writes per sync, written: 0.50 GB, 13.73 MB/s
Cumulative stall: 00:00:0.000 H:M:S, 0.0 percent
Interval writes: 131K writes, 131K keys, 130K commit groups, 1.0 writes per commit group, ingest: 516.43 MB, 13.73 MB/s
Interval WAL: 131K writes, 0 syncs, 131149.00 writes per sync, written: 0.50 MB, 13.73 MB/s
Interval stall: 00:00:0.000 H:M:S, 0.0 percent

** Compaction Stats [default] **
Level    Files   Size     Score Read(GB)  Rn(GB) Rnp1(GB) Write(GB) Wnew(GB) Moved(GB) W-Amp Rd(MB/s) Wr(MB/s) Comp(sec) Comp(cnt) Avg(sec) KeyIn KeyDrop
----------------------------------------------------------------------------------------------------------------------------------------------------------
 Sum      0/0    0.00 KB   0.0      0.0     0.0      0.0       0.0      0.0       0.0   0.0      0.0      0.0         0         0    0.000       0      0
 Int      0/0    0.00 KB   0.0      0.0     0.0      0.0       0.0      0.0       0.0   0.0      0.0      0.0         0         0    0.000       0      0
Uptime(secs): 37.6 total, 37.6 interval
Flush(GB): cumulative 0.000, interval 0.000
AddFile(GB): cumulative 0.000, interval 0.000
AddFile(Total Files): cumulative 0, interval 0
AddFile(L0 Files): cumulative 0, interval 0
AddFile(Keys): cumulative 0, interval 0
Cumulative compaction: 0.00 GB write, 0.00 MB/s write, 0.00 GB read, 0.00 MB/s read, 0.0 seconds
Interval compaction: 0.00 GB write, 0.00 MB/s write, 0.00 GB read, 0.00 MB/s read, 0.0 seconds
Stalls(count): 0 level0_slowdown, 0 level0_slowdown_with_compaction, 0 level0_numfiles, 0 level0_numfiles_with_compaction, 0 stop for pending_compaction_bytes, 0 slowdown for pending_compaction_bytes, 0 memtable_compaction, 0 memtable_slowdown, interval 0 total count

** File Read Latency Histogram By Level [default] **

** Compaction Stats [usertable] **
Level    Files   Size     Score Read(GB)  Rn(GB) Rnp1(GB) Write(GB) Wnew(GB) Moved(GB) W-Amp Rd(MB/s) Wr(MB/s) Comp(sec) Comp(cnt) Avg(sec) KeyIn KeyDrop
----------------------------------------------------------------------------------------------------------------------------------------------------------
  L0      2/0   490.69 MB   1.0      0.0     0.0      0.0       0.5      0.5       0.0   1.0      0.0    162.4         3         2    1.511       0      0
 Sum      2/0   490.69 MB   0.0      0.0     0.0      0.0       0.5      0.5       0.0   1.0      0.0    162.4         3         2    1.511       0      0
 Int      0/0    0.00 KB   0.0      0.0     0.0      0.0       0.5      0.5       0.0   1.0      0.0    162.4         3         2    1.511       0      0
Uptime(secs): 37.6 total, 37.6 interval
Flush(GB): cumulative 0.479, interval 0.479
AddFile(GB): cumulative 0.000, interval 0.000
AddFile(Total Files): cumulative 0, interval 0
AddFile(L0 Files): cumulative 0, interval 0
AddFile(Keys): cumulative 0, interval 0
Cumulative compaction: 0.48 GB write, 13.07 MB/s write, 0.00 GB read, 0.00 MB/s read, 3.0 seconds
Interval compaction: 0.48 GB write, 13.07 MB/s write, 0.00 GB read, 0.00 MB/s read, 3.0 seconds
Stalls(count): 0 level0_slowdown, 0 level0_slowdown_with_compaction, 0 level0_numfiles, 0 level0_numfiles_with_compaction, 0 stop for pending_compaction_bytes, 0 slowdown for pending_compaction_bytes, 0 memtable_compaction, 0 memtable_slowdown, interval 0 total count

** File Read Latency Histogram By Level [usertable] **

** Compaction Stats [default] **
Level    Files   Size     Score Read(GB)  Rn(GB) Rnp1(GB) Write(GB) Wnew(GB) Moved(GB) W-Amp Rd(MB/s) Wr(MB/s) Comp(sec) Comp(cnt) Avg(sec) KeyIn KeyDrop
----------------------------------------------------------------------------------------------------------------------------------------------------------
 Sum      0/0    0.00 KB   0.0      0.0     0.0      0.0       0.0      0.0       0.0   0.0      0.0      0.0         0         0    0.000       0      0
 Int      0/0    0.00 KB   0.0      0.0     0.0      0.0       0.0      0.0       0.0   0.0      0.0      0.0         0         0    0.000       0      0
Uptime(secs): 37.6 total, 0.0 interval
Flush(GB): cumulative 0.000, interval 0.000
AddFile(GB): cumulative 0.000, interval 0.000
AddFile(Total Files): cumulative 0, interval 0
AddFile(L0 Files): cumulative 0, interval 0
AddFile(Keys): cumulative 0, interval 0
Cumulative compaction: 0.00 GB write, 0.00 MB/s write, 0.00 GB read, 0.00 MB/s read, 0.0 seconds
Interval compaction: 0.00 GB write, 0.00 MB/s write, 0.00 GB read, 0.00 MB/s read, 0.0 seconds
Stalls(count): 0 level0_slowdown, 0 level0_slowdown_with_compaction, 0 level0_numfiles, 0 level0_numfiles_with_compaction, 0 stop for pending_compaction_bytes, 0 slowdown for pending_compaction_bytes, 0 memtable_compaction, 0 memtable_slowdown, interval 0 total count

** File Read Latency Histogram By Level [default] **

** Compaction Stats [usertable] **
Level    Files   Size     Score Read(GB)  Rn(GB) Rnp1(GB) Write(GB) Wnew(GB) Moved(GB) W-Amp Rd(MB/s) Wr(MB/s) Comp(sec) Comp(cnt) Avg(sec) KeyIn KeyDrop
----------------------------------------------------------------------------------------------------------------------------------------------------------
  L0      2/0   490.69 MB   1.0      0.0     0.0      0.0       0.5      0.5       0.0   1.0      0.0    162.4         3         2    1.511       0      0
 Sum      2/0   490.69 MB   0.0      0.0     0.0      0.0       0.5      0.5       0.0   1.0      0.0    162.4         3         2    1.511       0      0
 Int      0/0    0.00 KB   0.0      0.0     0.0      0.0       0.0      0.0       0.0   0.0      0.0      0.0         0         0    0.000       0      0
Uptime(secs): 37.6 total, 0.0 interval
Flush(GB): cumulative 0.479, interval 0.000
AddFile(GB): cumulative 0.000, interval 0.000
AddFile(Total Files): cumulative 0, interval 0
AddFile(L0 Files): cumulative 0, interval 0
AddFile(Keys): cumulative 0, interval 0
Cumulative compaction: 0.48 GB write, 13.07 MB/s write, 0.00 GB read, 0.00 MB/s read, 3.0 seconds
Interval compaction: 0.00 GB write, 0.00 MB/s write, 0.00 GB read, 0.00 MB/s read, 0.0 seconds
Stalls(count): 0 level0_slowdown, 0 level0_slowdown_with_compaction, 0 level0_numfiles, 0 level0_numfiles_with_compaction, 0 stop for pending_compaction_bytes, 0 slowdown for pending_compaction_bytes, 0 memtable_compaction, 0 memtable_slowdown, interval 0 total count

** File Read Latency Histogram By Level [usertable] **
2018/12/29-20:39:50.389439 7f20ccff9700 (Original Log Time 2018/12/29-20:39:50.360875) [db/db_impl_compaction_flush.cc:1835] [usertable] Moving #11 to level-1 258725686 bytes
2018/12/29-20:39:50.389443 7f20ccff9700 (Original Log Time 2018/12/29-20:39:50.389384) EVENT_LOG_v1 {"time_micros": 1546144790389372, "job": 4, "event": "trivial_move", "destination_level": 1, "files": 1, "total_files_size": 258725686}
2018/12/29-20:39:50.389445 7f20ccff9700 (Original Log Time 2018/12/29-20:39:50.389398) [db/db_impl_compaction_flush.cc:1864] [usertable] Moved #1 files to level-1 258725686 bytes OK: base level 1 max bytes base 536870912 files[1 1 0 0 0 0 0] max score 0.50
2018/12/29-20:39:57.346025 7f20e73f3700 [db/db_impl_write.cc:1373] [usertable] New memtable created with log file: #15. Immutable memtables: 0.
2018/12/29-20:40:06.311378 7f20ec1e8700 [db/db_impl_write.cc:1373] [usertable] New memtable created with log file: #16. Immutable memtables: 1.
2018/12/29-20:40:06.311451 7f20c77fe700 [db/db_impl_compaction_flush.cc:80] [JOB 5] Syncing log #13
2018/12/29-20:40:06.831939 7f20c77fe700 [db/db_impl_compaction_flush.cc:80] [JOB 5] Syncing log #15
2018/12/29-20:40:07.376376 7f20c77fe700 (Original Log Time 2018/12/29-20:40:06.311433) [db/db_impl_compaction_flush.cc:1424] Calling FlushMemTableToOutputFile with column family [usertable], flush slots available 24, compaction slots available 1, flush slots scheduled 1, compaction slots scheduled 0
2018/12/29-20:40:07.376392 7f20c77fe700 [db/flush_job.cc:301] [usertable] [JOB 5] Flushing memtable with next log file: 15
2018/12/29-20:40:07.376408 7f20c77fe700 [db/flush_job.cc:301] [usertable] [JOB 5] Flushing memtable with next log file: 16
2018/12/29-20:40:07.376437 7f20c77fe700 EVENT_LOG_v1 {"time_micros": 1546144807376429, "job": 5, "event": "flush_started", "num_memtables": 2, "num_entries": 62758, "num_deletes": 0, "memory_usage": 260053952, "flush_reason": "Write Buffer Full"}
2018/12/29-20:40:07.376444 7f20c77fe700 [db/flush_job.cc:331] [usertable] [JOB 5] Level-0 flush table #17: started
2018/12/29-20:40:08.511041 7f20c77fe700 EVENT_LOG_v1 {"time_micros": 1546144808511019, "cf_name": "usertable", "job": 5, "event": "table_file_creation", "file_number": 17, "file_size": 259919891, "table_properties": {"data_size": 258758205, "index_size": 1160759, "filter_size": 0, "raw_key_size": 1506192, "raw_average_key_size": 24, "raw_value_size": 257056768, "raw_average_value_size": 4096, "num_data_blocks": 31379, "num_entries": 62758, "filter_policy_name": "", "kDeletedKeys": "0", "kMergeOperands": "0"}}
2018/12/29-20:40:08.511062 7f20c77fe700 [db/flush_job.cc:371] [usertable] [JOB 5] Level-0 flush table #17: 259919891 bytes OK
2018/12/29-20:40:08.571660 7f20c77fe700 (Original Log Time 2018/12/29-20:40:08.511076) [db/memtable_list.cc:377] [usertable] Level-0 commit table #17 started
2018/12/29-20:40:08.571665 7f20c77fe700 (Original Log Time 2018/12/29-20:40:08.571574) [db/memtable_list.cc:409] [usertable] Level-0 commit table #17: memtable #1 done
2018/12/29-20:40:08.571666 7f20c77fe700 (Original Log Time 2018/12/29-20:40:08.571579) [db/memtable_list.cc:409] [usertable] Level-0 commit table #17: memtable #2 done
2018/12/29-20:40:08.571668 7f20c77fe700 (Original Log Time 2018/12/29-20:40:08.571606) EVENT_LOG_v1 {"time_micros": 1546144808571597, "job": 5, "event": "flush_finished", "output_compression": "NoCompression", "lsm_state": [2, 1, 0, 0, 0, 0, 0], "immutable_memtables": 0}
2018/12/29-20:40:08.571670 7f20c77fe700 (Original Log Time 2018/12/29-20:40:08.571639) [db/db_impl_compaction_flush.cc:177] [usertable] Level summary: base level 1 max bytes base 536870912 files[2 1 0 0 0 0 0] max score 1.00
