2018/11/25-06:08:59.884456 7f54dc21f0 RocksDB version: 5.14.3
2018/11/25-06:08:59.884601 7f54dc21f0 Git sha rocksdb_build_git_sha:
2018/11/25-06:08:59.884609 7f54dc21f0 Compile date Nov 15 2018
2018/11/25-06:08:59.884617 7f54dc21f0 DB SUMMARY
2018/11/25-06:08:59.885569 7f54dc21f0 CURRENT file:  CURRENT
2018/11/25-06:08:59.885581 7f54dc21f0 IDENTITY file:  IDENTITY
2018/11/25-06:08:59.885605 7f54dc21f0 MANIFEST file:  MANIFEST-000004 size: 123738 Bytes
2018/11/25-06:08:59.885612 7f54dc21f0 SST files in /mnt/sda/ycsb-rocksdb-data dir, Total Num: 677, files: 000021.sst 000022.sst 000023.sst 000028.sst 000029.sst 000030.sst 000031.sst 000032.sst 000036.sst 
2018/11/25-06:08:59.885616 7f54dc21f0 Write Ahead Log file in /mnt/sda/ycsb-rocksdb-data: 001224.log size: 127154421 ; 001230.log size: 33585232 ; 
2018/11/25-06:08:59.885628 7f54dc21f0                         Options.error_if_exists: 0
2018/11/25-06:08:59.885632 7f54dc21f0                       Options.create_if_missing: 1
2018/11/25-06:08:59.885635 7f54dc21f0                         Options.paranoid_checks: 1
2018/11/25-06:08:59.885639 7f54dc21f0                                     Options.env: 0x7f035f8f18
2018/11/25-06:08:59.885642 7f54dc21f0                                Options.info_log: 0x7f1c3d2090
2018/11/25-06:08:59.885645 7f54dc21f0                Options.max_file_opening_threads: 16
2018/11/25-06:08:59.885648 7f54dc21f0                              Options.statistics: (nil)
2018/11/25-06:08:59.885652 7f54dc21f0                               Options.use_fsync: 0
2018/11/25-06:08:59.885655 7f54dc21f0                       Options.max_log_file_size: 0
2018/11/25-06:08:59.885658 7f54dc21f0                  Options.max_manifest_file_size: 18446744073709551615
2018/11/25-06:08:59.885661 7f54dc21f0                   Options.log_file_time_to_roll: 0
2018/11/25-06:08:59.885664 7f54dc21f0                       Options.keep_log_file_num: 1000
2018/11/25-06:08:59.885667 7f54dc21f0                    Options.recycle_log_file_num: 0
2018/11/25-06:08:59.885671 7f54dc21f0                         Options.allow_fallocate: 1
2018/11/25-06:08:59.885673 7f54dc21f0                        Options.allow_mmap_reads: 0
2018/11/25-06:08:59.885677 7f54dc21f0                       Options.allow_mmap_writes: 0
2018/11/25-06:08:59.885680 7f54dc21f0                        Options.use_direct_reads: 0
2018/11/25-06:08:59.885682 7f54dc21f0                        Options.use_direct_io_for_flush_and_compaction: 0
2018/11/25-06:08:59.885686 7f54dc21f0          Options.create_missing_column_families: 1
2018/11/25-06:08:59.885688 7f54dc21f0                              Options.db_log_dir: 
2018/11/25-06:08:59.885692 7f54dc21f0                                 Options.wal_dir: /mnt/sda/ycsb-rocksdb-data
2018/11/25-06:08:59.885694 7f54dc21f0                Options.table_cache_numshardbits: 6
2018/11/25-06:08:59.885698 7f54dc21f0                      Options.max_subcompactions: 4
2018/11/25-06:08:59.885701 7f54dc21f0                  Options.max_background_flushes: 6
2018/11/25-06:08:59.885703 7f54dc21f0                         Options.WAL_ttl_seconds: 0
2018/11/25-06:08:59.885707 7f54dc21f0                       Options.WAL_size_limit_MB: 0
2018/11/25-06:08:59.885710 7f54dc21f0             Options.manifest_preallocation_size: 4194304
2018/11/25-06:08:59.885713 7f54dc21f0                     Options.is_fd_close_on_exec: 1
2018/11/25-06:08:59.885716 7f54dc21f0                   Options.advise_random_on_open: 1
2018/11/25-06:08:59.885718 7f54dc21f0                    Options.db_write_buffer_size: 0
2018/11/25-06:08:59.885721 7f54dc21f0                    Options.write_buffer_manager: 0x7f1c3d33f0
2018/11/25-06:08:59.885724 7f54dc21f0         Options.access_hint_on_compaction_start: 1
2018/11/25-06:08:59.885727 7f54dc21f0  Options.new_table_reader_for_compaction_inputs: 0
2018/11/25-06:08:59.885730 7f54dc21f0           Options.random_access_max_buffer_size: 1048576
2018/11/25-06:08:59.885733 7f54dc21f0                      Options.use_adaptive_mutex: 0
2018/11/25-06:08:59.885736 7f54dc21f0                            Options.rate_limiter: (nil)
2018/11/25-06:08:59.885742 7f54dc21f0     Options.sst_file_manager.rate_bytes_per_sec: 0
2018/11/25-06:08:59.885779 7f54dc21f0                       Options.wal_recovery_mode: 2
2018/11/25-06:08:59.885784 7f54dc21f0                  Options.enable_thread_tracking: 0
2018/11/25-06:08:59.885787 7f54dc21f0                  Options.enable_pipelined_write: 1
2018/11/25-06:08:59.885790 7f54dc21f0         Options.allow_concurrent_memtable_write: 1
2018/11/25-06:08:59.885792 7f54dc21f0      Options.enable_write_thread_adaptive_yield: 1
2018/11/25-06:08:59.885795 7f54dc21f0             Options.write_thread_max_yield_usec: 100
2018/11/25-06:08:59.885799 7f54dc21f0            Options.write_thread_slow_yield_usec: 3
2018/11/25-06:08:59.885801 7f54dc21f0                               Options.row_cache: None
2018/11/25-06:08:59.885804 7f54dc21f0                              Options.wal_filter: None
2018/11/25-06:08:59.885808 7f54dc21f0             Options.avoid_flush_during_recovery: 0
2018/11/25-06:08:59.885811 7f54dc21f0             Options.allow_ingest_behind: 0
2018/11/25-06:08:59.885813 7f54dc21f0             Options.preserve_deletes: 0
2018/11/25-06:08:59.885816 7f54dc21f0             Options.two_write_queues: 0
2018/11/25-06:08:59.885819 7f54dc21f0             Options.manual_wal_flush: 0
2018/11/25-06:08:59.885823 7f54dc21f0             Options.max_background_jobs: 6
2018/11/25-06:08:59.885827 7f54dc21f0             Options.max_background_compactions: 6
2018/11/25-06:08:59.885829 7f54dc21f0             Options.avoid_flush_during_shutdown: 0
2018/11/25-06:08:59.885832 7f54dc21f0           Options.writable_file_max_buffer_size: 1048576
2018/11/25-06:08:59.885835 7f54dc21f0             Options.delayed_write_rate : 16777216
2018/11/25-06:08:59.885838 7f54dc21f0             Options.max_total_wal_size: 0
2018/11/25-06:08:59.885841 7f54dc21f0             Options.delete_obsolete_files_period_micros: 21600000000
2018/11/25-06:08:59.885843 7f54dc21f0                   Options.stats_dump_period_sec: 60
2018/11/25-06:08:59.885846 7f54dc21f0                          Options.max_open_files: -1
2018/11/25-06:08:59.885849 7f54dc21f0                          Options.bytes_per_sync: 1048576
2018/11/25-06:08:59.885852 7f54dc21f0                      Options.wal_bytes_per_sync: 0
2018/11/25-06:08:59.885855 7f54dc21f0       Options.compaction_readahead_size: 0
2018/11/25-06:08:59.885857 7f54dc21f0 Compression algorithms supported:
2018/11/25-06:08:59.885861 7f54dc21f0 	kZSTDNotFinalCompression supported: 1
2018/11/25-06:08:59.885899 7f54dc21f0 	kZSTD supported: 1
2018/11/25-06:08:59.885904 7f54dc21f0 	kXpressCompression supported: 0
2018/11/25-06:08:59.885907 7f54dc21f0 	kLZ4HCCompression supported: 1
2018/11/25-06:08:59.885911 7f54dc21f0 	kLZ4Compression supported: 1
2018/11/25-06:08:59.885914 7f54dc21f0 	kBZip2Compression supported: 1
2018/11/25-06:08:59.885917 7f54dc21f0 	kZlibCompression supported: 1
2018/11/25-06:08:59.885920 7f54dc21f0 	kSnappyCompression supported: 1
2018/11/25-06:08:59.885928 7f54dc21f0 Fast CRC32 supported: Not supported on x86
2018/11/25-06:08:59.886698 7f54dc21f0 [db/version_set.cc:3085] Recovering from manifest file: MANIFEST-000004
2018/11/25-06:08:59.886903 7f54dc21f0 [db/column_family.cc:475] --------------- Options for column family [default]:
2018/11/25-06:08:59.886912 7f54dc21f0               Options.comparator: leveldb.BytewiseComparator
2018/11/25-06:08:59.886916 7f54dc21f0           Options.merge_operator: None
2018/11/25-06:08:59.886919 7f54dc21f0        Options.compaction_filter: None
2018/11/25-06:08:59.886922 7f54dc21f0        Options.compaction_filter_factory: None
2018/11/25-06:08:59.886926 7f54dc21f0         Options.memtable_factory: SkipListFactory
2018/11/25-06:08:59.886929 7f54dc21f0            Options.table_factory: BlockBasedTable
2018/11/25-06:08:59.886978 7f54dc21f0            table_factory options:   flush_block_policy_factory: FlushBlockBySizePolicyFactory (0x7f1c377910)
  cache_index_and_filter_blocks: 0
  cache_index_and_filter_blocks_with_high_priority: 0
  pin_l0_filter_and_index_blocks_in_cache: 0
  index_type: 0
  hash_index_allow_collision: 1
  checksum: 1
  no_block_cache: 0
  block_cache: 0x7f1c383aa0
  block_cache_name: LRUCache
  block_cache_options:
    capacity : 8388608
    num_shard_bits : 4
    strict_capacity_limit : 0
    high_pri_pool_ratio: 0.000
  block_cache_compressed: (nil)
  persistent_cache: (nil)
  block_size: 8192
  block_size_deviation: 10
  block_restart_interval: 16
  index_block_restart_interval: 1
  metadata_block_size: 4096
  partition_filters: 0
  use_delta_encoding: 1
  filter_policy: nullptr
  whole_key_filtering: 1
  verify_compression: 0
  read_amp_bytes_per_bit: 0
  format_version: 2
  enable_index_compression: 1
  block_align: 0
2018/11/25-06:08:59.887029 7f54dc21f0        Options.write_buffer_size: 134217728
2018/11/25-06:08:59.887035 7f54dc21f0  Options.max_write_buffer_number: 24
2018/11/25-06:08:59.887039 7f54dc21f0        Options.compression[0]: NoCompression
2018/11/25-06:08:59.887042 7f54dc21f0        Options.compression[1]: NoCompression
2018/11/25-06:08:59.887045 7f54dc21f0        Options.compression[2]: LZ4
2018/11/25-06:08:59.887048 7f54dc21f0        Options.compression[3]: LZ4
2018/11/25-06:08:59.887051 7f54dc21f0        Options.compression[4]: LZ4
2018/11/25-06:08:59.887054 7f54dc21f0        Options.compression[5]: LZ4
2018/11/25-06:08:59.887057 7f54dc21f0        Options.compression[6]: LZ4
2018/11/25-06:08:59.887059 7f54dc21f0                  Options.bottommost_compression: Disabled
2018/11/25-06:08:59.887062 7f54dc21f0       Options.prefix_extractor: nullptr
2018/11/25-06:08:59.887066 7f54dc21f0   Options.memtable_insert_with_hint_prefix_extractor: nullptr
2018/11/25-06:08:59.887068 7f54dc21f0             Options.num_levels: 7
2018/11/25-06:08:59.887071 7f54dc21f0        Options.min_write_buffer_number_to_merge: 2
2018/11/25-06:08:59.887074 7f54dc21f0     Options.max_write_buffer_number_to_maintain: 0
2018/11/25-06:08:59.887077 7f54dc21f0            Options.compression_opts.window_bits: -14
2018/11/25-06:08:59.887080 7f54dc21f0                  Options.compression_opts.level: -1
2018/11/25-06:08:59.887083 7f54dc21f0               Options.compression_opts.strategy: 0
2018/11/25-06:08:59.887086 7f54dc21f0         Options.compression_opts.max_dict_bytes: 0
2018/11/25-06:08:59.887089 7f54dc21f0         Options.compression_opts.zstd_max_train_bytes: 0
2018/11/25-06:08:59.887091 7f54dc21f0      Options.level0_file_num_compaction_trigger: 2
2018/11/25-06:08:59.887094 7f54dc21f0          Options.level0_slowdown_writes_trigger: 20
2018/11/25-06:08:59.887097 7f54dc21f0              Options.level0_stop_writes_trigger: 36
2018/11/25-06:08:59.887100 7f54dc21f0                   Options.target_file_size_base: 67108864
2018/11/25-06:08:59.887103 7f54dc21f0             Options.target_file_size_multiplier: 1
2018/11/25-06:08:59.887106 7f54dc21f0                Options.max_bytes_for_level_base: 536870912
2018/11/25-06:08:59.887108 7f54dc21f0 Options.level_compaction_dynamic_level_bytes: 0
2018/11/25-06:08:59.887111 7f54dc21f0          Options.max_bytes_for_level_multiplier: 10.000000
2018/11/25-06:08:59.887118 7f54dc21f0 Options.max_bytes_for_level_multiplier_addtl[0]: 1
2018/11/25-06:08:59.887121 7f54dc21f0 Options.max_bytes_for_level_multiplier_addtl[1]: 1
2018/11/25-06:08:59.887124 7f54dc21f0 Options.max_bytes_for_level_multiplier_addtl[2]: 1
2018/11/25-06:08:59.887127 7f54dc21f0 Options.max_bytes_for_level_multiplier_addtl[3]: 1
2018/11/25-06:08:59.887130 7f54dc21f0 Options.max_bytes_for_level_multiplier_addtl[4]: 1
2018/11/25-06:08:59.887133 7f54dc21f0 Options.max_bytes_for_level_multiplier_addtl[5]: 1
2018/11/25-06:08:59.887135 7f54dc21f0 Options.max_bytes_for_level_multiplier_addtl[6]: 1
2018/11/25-06:08:59.887138 7f54dc21f0       Options.max_sequential_skip_in_iterations: 8
2018/11/25-06:08:59.887141 7f54dc21f0                    Options.max_compaction_bytes: 1677721600
2018/11/25-06:08:59.887144 7f54dc21f0                        Options.arena_block_size: 16777216
2018/11/25-06:08:59.887147 7f54dc21f0   Options.soft_pending_compaction_bytes_limit: 68719476736
2018/11/25-06:08:59.887150 7f54dc21f0   Options.hard_pending_compaction_bytes_limit: 274877906944
2018/11/25-06:08:59.887166 7f54dc21f0       Options.rate_limit_delay_max_milliseconds: 100
2018/11/25-06:08:59.887171 7f54dc21f0                Options.disable_auto_compactions: 0
2018/11/25-06:08:59.887176 7f54dc21f0                        Options.compaction_style: kCompactionStyleLevel
2018/11/25-06:08:59.887181 7f54dc21f0                          Options.compaction_pri: kByCompensatedSize
2018/11/25-06:08:59.887184 7f54dc21f0 Options.compaction_options_universal.size_ratio: 1
2018/11/25-06:08:59.887187 7f54dc21f0 Options.compaction_options_universal.min_merge_width: 2
2018/11/25-06:08:59.887190 7f54dc21f0 Options.compaction_options_universal.max_merge_width: 4294967295
2018/11/25-06:08:59.887193 7f54dc21f0 Options.compaction_options_universal.max_size_amplification_percent: 200
2018/11/25-06:08:59.887196 7f54dc21f0 Options.compaction_options_universal.compression_size_percent: -1
2018/11/25-06:08:59.887200 7f54dc21f0 Options.compaction_options_universal.stop_style: kCompactionStopStyleTotalSize
2018/11/25-06:08:59.887203 7f54dc21f0 Options.compaction_options_fifo.max_table_files_size: 1073741824
2018/11/25-06:08:59.887206 7f54dc21f0 Options.compaction_options_fifo.allow_compaction: 0
2018/11/25-06:08:59.887210 7f54dc21f0 Options.compaction_options_fifo.ttl: 0
2018/11/25-06:08:59.887213 7f54dc21f0                   Options.table_properties_collectors: 
2018/11/25-06:08:59.887215 7f54dc21f0                   Options.inplace_update_support: 0
2018/11/25-06:08:59.887218 7f54dc21f0                 Options.inplace_update_num_locks: 10000
2018/11/25-06:08:59.887221 7f54dc21f0               Options.memtable_prefix_bloom_size_ratio: 0.000000
2018/11/25-06:08:59.887225 7f54dc21f0   Options.memtable_huge_page_size: 0
2018/11/25-06:08:59.887228 7f54dc21f0                           Options.bloom_locality: 0
2018/11/25-06:08:59.887231 7f54dc21f0                    Options.max_successive_merges: 0
2018/11/25-06:08:59.887234 7f54dc21f0                Options.optimize_filters_for_hits: 0
2018/11/25-06:08:59.887236 7f54dc21f0                Options.paranoid_file_checks: 0
2018/11/25-06:08:59.887239 7f54dc21f0                Options.force_consistency_checks: 0
2018/11/25-06:08:59.887242 7f54dc21f0                Options.report_bg_io_stats: 0
2018/11/25-06:08:59.887245 7f54dc21f0                               Options.ttl: 0
2018/11/25-06:08:59.888012 7f54dc21f0 [db/column_family.cc:475] --------------- Options for column family [usertable]:
2018/11/25-06:08:59.888024 7f54dc21f0               Options.comparator: leveldb.BytewiseComparator
2018/11/25-06:08:59.888028 7f54dc21f0           Options.merge_operator: None
2018/11/25-06:08:59.888031 7f54dc21f0        Options.compaction_filter: None
2018/11/25-06:08:59.888035 7f54dc21f0        Options.compaction_filter_factory: None
2018/11/25-06:08:59.888038 7f54dc21f0         Options.memtable_factory: SkipListFactory
2018/11/25-06:08:59.888041 7f54dc21f0            Options.table_factory: BlockBasedTable
2018/11/25-06:08:59.888089 7f54dc21f0            table_factory options:   flush_block_policy_factory: FlushBlockBySizePolicyFactory (0x7f1c378940)
  cache_index_and_filter_blocks: 0
  cache_index_and_filter_blocks_with_high_priority: 0
  pin_l0_filter_and_index_blocks_in_cache: 0
  index_type: 0
  hash_index_allow_collision: 1
  checksum: 1
  no_block_cache: 0
  block_cache: 0x7f1c3856f0
  block_cache_name: LRUCache
  block_cache_options:
    capacity : 8388608
    num_shard_bits : 4
    strict_capacity_limit : 0
    high_pri_pool_ratio: 0.000
  block_cache_compressed: (nil)
  persistent_cache: (nil)
  block_size: 8192
  block_size_deviation: 10
  block_restart_interval: 16
  index_block_restart_interval: 1
  metadata_block_size: 4096
  partition_filters: 0
  use_delta_encoding: 1
  filter_policy: nullptr
  whole_key_filtering: 1
  verify_compression: 0
  read_amp_bytes_per_bit: 0
  format_version: 2
  enable_index_compression: 1
  block_align: 0
2018/11/25-06:08:59.888095 7f54dc21f0        Options.write_buffer_size: 134217728
2018/11/25-06:08:59.888098 7f54dc21f0  Options.max_write_buffer_number: 24
2018/11/25-06:08:59.888128 7f54dc21f0        Options.compression[0]: NoCompression
2018/11/25-06:08:59.888133 7f54dc21f0        Options.compression[1]: NoCompression
2018/11/25-06:08:59.888137 7f54dc21f0        Options.compression[2]: LZ4
2018/11/25-06:08:59.888139 7f54dc21f0        Options.compression[3]: LZ4
2018/11/25-06:08:59.888142 7f54dc21f0        Options.compression[4]: LZ4
2018/11/25-06:08:59.888145 7f54dc21f0        Options.compression[5]: LZ4
2018/11/25-06:08:59.888148 7f54dc21f0        Options.compression[6]: LZ4
2018/11/25-06:08:59.888151 7f54dc21f0                  Options.bottommost_compression: Disabled
2018/11/25-06:08:59.888154 7f54dc21f0       Options.prefix_extractor: nullptr
2018/11/25-06:08:59.888157 7f54dc21f0   Options.memtable_insert_with_hint_prefix_extractor: nullptr
2018/11/25-06:08:59.888160 7f54dc21f0             Options.num_levels: 7
2018/11/25-06:08:59.888163 7f54dc21f0        Options.min_write_buffer_number_to_merge: 2
2018/11/25-06:08:59.888165 7f54dc21f0     Options.max_write_buffer_number_to_maintain: 0
2018/11/25-06:08:59.888168 7f54dc21f0            Options.compression_opts.window_bits: -14
2018/11/25-06:08:59.888171 7f54dc21f0                  Options.compression_opts.level: -1
2018/11/25-06:08:59.888174 7f54dc21f0               Options.compression_opts.strategy: 0
2018/11/25-06:08:59.888177 7f54dc21f0         Options.compression_opts.max_dict_bytes: 0
2018/11/25-06:08:59.888179 7f54dc21f0         Options.compression_opts.zstd_max_train_bytes: 0
2018/11/25-06:08:59.888182 7f54dc21f0      Options.level0_file_num_compaction_trigger: 2
2018/11/25-06:08:59.888185 7f54dc21f0          Options.level0_slowdown_writes_trigger: 20
2018/11/25-06:08:59.888188 7f54dc21f0              Options.level0_stop_writes_trigger: 36
2018/11/25-06:08:59.888191 7f54dc21f0                   Options.target_file_size_base: 67108864
2018/11/25-06:08:59.888194 7f54dc21f0             Options.target_file_size_multiplier: 1
2018/11/25-06:08:59.888196 7f54dc21f0                Options.max_bytes_for_level_base: 536870912
2018/11/25-06:08:59.888199 7f54dc21f0 Options.level_compaction_dynamic_level_bytes: 0
2018/11/25-06:08:59.888202 7f54dc21f0          Options.max_bytes_for_level_multiplier: 10.000000
2018/11/25-06:08:59.888207 7f54dc21f0 Options.max_bytes_for_level_multiplier_addtl[0]: 1
2018/11/25-06:08:59.888211 7f54dc21f0 Options.max_bytes_for_level_multiplier_addtl[1]: 1
2018/11/25-06:08:59.888214 7f54dc21f0 Options.max_bytes_for_level_multiplier_addtl[2]: 1
2018/11/25-06:08:59.888216 7f54dc21f0 Options.max_bytes_for_level_multiplier_addtl[3]: 1
2018/11/25-06:08:59.888219 7f54dc21f0 Options.max_bytes_for_level_multiplier_addtl[4]: 1
2018/11/25-06:08:59.888222 7f54dc21f0 Options.max_bytes_for_level_multiplier_addtl[5]: 1
2018/11/25-06:08:59.888225 7f54dc21f0 Options.max_bytes_for_level_multiplier_addtl[6]: 1
2018/11/25-06:08:59.888228 7f54dc21f0       Options.max_sequential_skip_in_iterations: 8
2018/11/25-06:08:59.888230 7f54dc21f0                    Options.max_compaction_bytes: 1677721600
2018/11/25-06:08:59.888233 7f54dc21f0                        Options.arena_block_size: 16777216
2018/11/25-06:08:59.888236 7f54dc21f0   Options.soft_pending_compaction_bytes_limit: 68719476736
2018/11/25-06:08:59.888239 7f54dc21f0   Options.hard_pending_compaction_bytes_limit: 274877906944
2018/11/25-06:08:59.888242 7f54dc21f0       Options.rate_limit_delay_max_milliseconds: 100
2018/11/25-06:08:59.888245 7f54dc21f0                Options.disable_auto_compactions: 0
2018/11/25-06:08:59.888248 7f54dc21f0                        Options.compaction_style: kCompactionStyleLevel
2018/11/25-06:08:59.888252 7f54dc21f0                          Options.compaction_pri: kByCompensatedSize
2018/11/25-06:08:59.888256 7f54dc21f0 Options.compaction_options_universal.size_ratio: 1
2018/11/25-06:08:59.888258 7f54dc21f0 Options.compaction_options_universal.min_merge_width: 2
2018/11/25-06:08:59.888261 7f54dc21f0 Options.compaction_options_universal.max_merge_width: 4294967295
2018/11/25-06:08:59.888278 7f54dc21f0 Options.compaction_options_universal.max_size_amplification_percent: 200
2018/11/25-06:08:59.888282 7f54dc21f0 Options.compaction_options_universal.compression_size_percent: -1
2018/11/25-06:08:59.888287 7f54dc21f0 Options.compaction_options_universal.stop_style: kCompactionStopStyleTotalSize
2018/11/25-06:08:59.888290 7f54dc21f0 Options.compaction_options_fifo.max_table_files_size: 1073741824
2018/11/25-06:08:59.888293 7f54dc21f0 Options.compaction_options_fifo.allow_compaction: 0
2018/11/25-06:08:59.888296 7f54dc21f0 Options.compaction_options_fifo.ttl: 0
2018/11/25-06:08:59.888298 7f54dc21f0                   Options.table_properties_collectors: 
2018/11/25-06:08:59.888301 7f54dc21f0                   Options.inplace_update_support: 0
2018/11/25-06:08:59.888304 7f54dc21f0                 Options.inplace_update_num_locks: 10000
2018/11/25-06:08:59.888307 7f54dc21f0               Options.memtable_prefix_bloom_size_ratio: 0.000000
2018/11/25-06:08:59.888311 7f54dc21f0   Options.memtable_huge_page_size: 0
2018/11/25-06:08:59.888314 7f54dc21f0                           Options.bloom_locality: 0
2018/11/25-06:08:59.888316 7f54dc21f0                    Options.max_successive_merges: 0
2018/11/25-06:08:59.888319 7f54dc21f0                Options.optimize_filters_for_hits: 0
2018/11/25-06:08:59.888322 7f54dc21f0                Options.paranoid_file_checks: 0
2018/11/25-06:08:59.888324 7f54dc21f0                Options.force_consistency_checks: 0
2018/11/25-06:08:59.888327 7f54dc21f0                Options.report_bg_io_stats: 0
2018/11/25-06:08:59.888330 7f54dc21f0                               Options.ttl: 0
2018/11/25-06:09:00.358830 7f54dc21f0 [db/version_set.cc:3361] Recovered from manifest file:/mnt/sda/ycsb-rocksdb-data/MANIFEST-000004 succeeded,manifest_file_number is 4, next_file_number is 1231, last_sequence is 10435775, log_number is 0,prev_log_number is 0,max_column_family is 1,min_log_number_to_keep is 0
2018/11/25-06:09:00.358861 7f54dc21f0 [db/version_set.cc:3369] Column family [default] (ID 0), log number is 0
2018/11/25-06:09:00.358866 7f54dc21f0 [db/version_set.cc:3369] Column family [usertable] (ID 1), log number is 1224
2018/11/25-06:09:00.363104 7f54dc21f0 EVENT_LOG_v1 {"time_micros": 1543126140363078, "job": 1, "event": "recovery_started", "log_files": [1224, 1230]}
2018/11/25-06:09:00.363139 7f54dc21f0 [db/db_impl_open.cc:551] Recovering log #1224 mode 2
2018/11/25-06:09:00.961355 7f54dc21f0 [db/db_impl_open.cc:551] Recovering log #1230 mode 2
2018/11/25-06:09:02.808286 7f54dc21f0 EVENT_LOG_v1 {"time_micros": 1543126142808176, "cf_name": "usertable", "job": 1, "event": "table_file_creation", "file_number": 1231, "file_size": 129895353, "table_properties": {"data_size": 129317909, "index_size": 576522, "filter_size": 0, "raw_key_size": 752760, "raw_average_key_size": 24, "raw_value_size": 128471040, "raw_average_value_size": 4096, "num_data_blocks": 15683, "num_entries": 31365, "filter_policy_name": "", "kDeletedKeys": "0", "kMergeOperands": "0"}}
2018/11/25-06:09:03.254620 7f54dc21f0 [db/version_set.cc:2847] Creating manifest 1232
2018/11/25-06:09:03.963818 7f54dc21f0 EVENT_LOG_v1 {"time_micros": 1543126143963780, "cf_name": "usertable", "job": 1, "event": "table_file_creation", "file_number": 1233, "file_size": 31294669, "table_properties": {"data_size": 31154226, "index_size": 139522, "filter_size": 0, "raw_key_size": 181344, "raw_average_key_size": 24, "raw_value_size": 30949376, "raw_average_value_size": 4096, "num_data_blocks": 3778, "num_entries": 7556, "filter_policy_name": "", "kDeletedKeys": "0", "kMergeOperands": "0"}}
2018/11/25-06:09:04.053331 7f54dc21f0 EVENT_LOG_v1 {"time_micros": 1543126144053314, "job": 1, "event": "recovery_finished"}
2018/11/25-06:09:04.231574 7f54dc21f0 [db/db_impl_open.cc:1219] DB pointer 0x7f1c3d2650
2018/11/25-06:09:04.232310 7f01ef61f0 [WARN] [db/db_impl.cc:491] ------- DUMPING STATS -------
2018/11/25-06:09:04.232393 7f01ef61f0 [WARN] [db/db_impl.cc:492] 
** DB Stats **
Uptime(secs): 4.3 total, 4.3 interval
Cumulative writes: 0 writes, 0 keys, 0 commit groups, 0.0 writes per commit group, ingest: 0.00 GB, 0.00 MB/s
Cumulative WAL: 0 writes, 0 syncs, 0.00 writes per sync, written: 0.00 GB, 0.00 MB/s
Cumulative stall: 00:00:0.000 H:M:S, 0.0 percent
Interval writes: 0 writes, 0 keys, 0 commit groups, 0.0 writes per commit group, ingest: 0.00 MB, 0.00 MB/s
Interval WAL: 0 writes, 0 syncs, 0.00 writes per sync, written: 0.00 MB, 0.00 MB/s
Interval stall: 00:00:0.000 H:M:S, 0.0 percent

** Compaction Stats [default] **
Level    Files   Size     Score Read(GB)  Rn(GB) Rnp1(GB) Write(GB) Wnew(GB) Moved(GB) W-Amp Rd(MB/s) Wr(MB/s) Comp(sec) Comp(cnt) Avg(sec) KeyIn KeyDrop
----------------------------------------------------------------------------------------------------------------------------------------------------------
 Sum      0/0    0.00 KB   0.0      0.0     0.0      0.0       0.0      0.0       0.0   0.0      0.0      0.0         0         0    0.000       0      0
 Int      0/0    0.00 KB   0.0      0.0     0.0      0.0       0.0      0.0       0.0   0.0      0.0      0.0         0         0    0.000       0      0
Uptime(secs): 4.3 total, 4.3 interval
Flush(GB): cumulative 0.000, interval 0.000
AddFile(GB): cumulative 0.000, interval 0.000
AddFile(Total Files): cumulative 0, interval 0
AddFile(L0 Files): cumulative 0, interval 0
AddFile(Keys): cumulative 0, interval 0
Cumulative compaction: 0.00 GB write, 0.00 MB/s write, 0.00 GB read, 0.00 MB/s read, 0.0 seconds
Interval compaction: 0.00 GB write, 0.00 MB/s write, 0.00 GB read, 0.00 MB/s read, 0.0 seconds
Stalls(count): 0 level0_slowdown, 0 level0_slowdown_with_compaction, 0 level0_numfiles, 0 level0_numfiles_with_compaction, 0 stop for pending_compaction_bytes, 0 slowdown for pending_compaction_bytes, 0 memtable_compaction, 0 memtable_slowdown, interval 0 total count

** File Read Latency Histogram By Level [default] **

** Compaction Stats [usertable] **
Level    Files   Size     Score Read(GB)  Rn(GB) Rnp1(GB) Write(GB) Wnew(GB) Moved(GB) W-Amp Rd(MB/s) Wr(MB/s) Comp(sec) Comp(cnt) Avg(sec) KeyIn KeyDrop
----------------------------------------------------------------------------------------------------------------------------------------------------------
  L0      3/0   388.63 MB   1.5      0.0     0.0      0.0       0.2      0.2       0.0   1.0      0.0     66.4         2         2    1.158       0      0
  L1     10/0   504.18 MB   1.0      0.0     0.0      0.0       0.0      0.0       0.0   0.0      0.0      0.0         0         0    0.000       0      0
  L2    110/0    4.97 GB   1.0      0.0     0.0      0.0       0.0      0.0       0.0   0.0      0.0      0.0         0         0    0.000       0      0
  L3    556/0   34.34 GB   0.7      0.0     0.0      0.0       0.0      0.0       0.0   0.0      0.0      0.0         0         0    0.000       0      0
 Sum    679/0   40.18 GB   0.0      0.0     0.0      0.0       0.2      0.2       0.0   1.0      0.0     66.4         2         2    1.158       0      0
 Int      0/0    0.00 KB   0.0      0.0     0.0      0.0       0.2      0.2       0.0   1.0      0.0     66.4         2         2    1.158       0      0
Uptime(secs): 4.3 total, 4.3 interval
Flush(GB): cumulative 0.150, interval 0.150
AddFile(GB): cumulative 0.000, interval 0.000
AddFile(Total Files): cumulative 0, interval 0
AddFile(L0 Files): cumulative 0, interval 0
AddFile(Keys): cumulative 0, interval 0
Cumulative compaction: 0.15 GB write, 35.39 MB/s write, 0.00 GB read, 0.00 MB/s read, 2.3 seconds
Interval compaction: 0.15 GB write, 35.39 MB/s write, 0.00 GB read, 0.00 MB/s read, 2.3 seconds
Stalls(count): 0 level0_slowdown, 0 level0_slowdown_with_compaction, 0 level0_numfiles, 0 level0_numfiles_with_compaction, 0 stop for pending_compaction_bytes, 0 slowdown for pending_compaction_bytes, 0 memtable_compaction, 0 memtable_slowdown, interval 0 total count

** File Read Latency Histogram By Level [usertable] **

** Compaction Stats [default] **
Level    Files   Size     Score Read(GB)  Rn(GB) Rnp1(GB) Write(GB) Wnew(GB) Moved(GB) W-Amp Rd(MB/s) Wr(MB/s) Comp(sec) Comp(cnt) Avg(sec) KeyIn KeyDrop
----------------------------------------------------------------------------------------------------------------------------------------------------------
 Sum      0/0    0.00 KB   0.0      0.0     0.0      0.0       0.0      0.0       0.0   0.0      0.0      0.0         0         0    0.000       0      0
 Int      0/0    0.00 KB   0.0      0.0     0.0      0.0       0.0      0.0       0.0   0.0      0.0      0.0         0         0    0.000       0      0
Uptime(secs): 4.3 total, 0.0 interval
Flush(GB): cumulative 0.000, interval 0.000
AddFile(GB): cumulative 0.000, interval 0.000
AddFile(Total Files): cumulative 0, interval 0
AddFile(L0 Files): cumulative 0, interval 0
AddFile(Keys): cumulative 0, interval 0
Cumulative compaction: 0.00 GB write, 0.00 MB/s write, 0.00 GB read, 0.00 MB/s read, 0.0 seconds
Interval compaction: 0.00 GB write, 0.00 MB/s write, 0.00 GB read, 0.00 MB/s read, 0.0 seconds
Stalls(count): 0 level0_slowdown, 0 level0_slowdown_with_compaction, 0 level0_numfiles, 0 level0_numfiles_with_compaction, 0 stop for pending_compaction_bytes, 0 slowdown for pending_compaction_bytes, 0 memtable_compaction, 0 memtable_slowdown, interval 0 total count

** File Read Latency Histogram By Level [default] **

** Compaction Stats [usertable] **
Level    Files   Size     Score Read(GB)  Rn(GB) Rnp1(GB) Write(GB) Wnew(GB) Moved(GB) W-Amp Rd(MB/s) Wr(MB/s) Comp(sec) Comp(cnt) Avg(sec) KeyIn KeyDrop
----------------------------------------------------------------------------------------------------------------------------------------------------------
  L0      3/0   388.63 MB   1.5      0.0     0.0      0.0       0.2      0.2       0.0   1.0      0.0     66.4         2         2    1.158       0      0
  L1     10/0   504.18 MB   1.0      0.0     0.0      0.0       0.0      0.0       0.0   0.0      0.0      0.0         0         0    0.000       0      0
  L2    110/0    4.97 GB   1.0      0.0     0.0      0.0       0.0      0.0       0.0   0.0      0.0      0.0         0         0    0.000       0      0
  L3    556/0   34.34 GB   0.7      0.0     0.0      0.0       0.0      0.0       0.0   0.0      0.0      0.0         0         0    0.000       0      0
 Sum    679/0   40.18 GB   0.0      0.0     0.0      0.0       0.2      0.2       0.0   1.0      0.0     66.4         2         2    1.158       0      0
 Int      0/0    0.00 KB   0.0      0.0     0.0      0.0       0.0      0.0       0.0   0.0      0.0      0.0         0         0    0.000       0      0
Uptime(secs): 4.3 total, 0.0 interval
Flush(GB): cumulative 0.150, interval 0.000
AddFile(GB): cumulative 0.000, interval 0.000
AddFile(Total Files): cumulative 0, interval 0
AddFile(L0 Files): cumulative 0, interval 0
AddFile(Keys): cumulative 0, interval 0
Cumulative compaction: 0.15 GB write, 35.39 MB/s write, 0.00 GB read, 0.00 MB/s read, 2.3 seconds
Interval compaction: 0.00 GB write, 0.00 MB/s write, 0.00 GB read, 0.00 MB/s read, 0.0 seconds
Stalls(count): 0 level0_slowdown, 0 level0_slowdown_with_compaction, 0 level0_numfiles, 0 level0_numfiles_with_compaction, 0 stop for pending_compaction_bytes, 0 slowdown for pending_compaction_bytes, 0 memtable_compaction, 0 memtable_slowdown, interval 0 total count

** File Read Latency Histogram By Level [usertable] **
2018/11/25-06:09:04.291835 7f01ef61f0 (Original Log Time 2018/11/25-06:09:04.232673) [db/db_impl_compaction_flush.cc:1835] [usertable] Moving #1154 to level-1 246314732 bytes
2018/11/25-06:09:04.291862 7f01ef61f0 (Original Log Time 2018/11/25-06:09:04.291224) EVENT_LOG_v1 {"time_micros": 1543126144291189, "job": 3, "event": "trivial_move", "destination_level": 1, "files": 1, "total_files_size": 246314732}
2018/11/25-06:09:04.291874 7f01ef61f0 (Original Log Time 2018/11/25-06:09:04.291287) [db/db_impl_compaction_flush.cc:1864] [usertable] Moved #1 files to level-1 246314732 bytes OK: base level 1 max bytes base 536870912 files[2 11 110 556 0 0 0] max score 1.44
2018/11/25-06:09:04.293150 7f01ef61f0 [db/compaction_job.cc:1531] [usertable] [JOB 4] Compacting 1@1 files to L2, score 1.44
2018/11/25-06:09:04.293214 7f01ef61f0 [db/compaction_job.cc:1535] [usertable] Compaction start summary: Base version 6 Base level 1, inputs: [1154(234MB)]
2018/11/25-06:09:04.293370 7f01ef61f0 EVENT_LOG_v1 {"time_micros": 1543126144293257, "job": 4, "event": "compaction_started", "compaction_reason": "LevelMaxLevelSize", "files_L1": [1154], "score": 1.44352, "input_data_size": 246314732}
2018/11/25-06:09:06.265974 7f01ef61f0 [db/compaction_job.cc:1211] [usertable] [JOB 4] Generated table #1237: 16279 keys, 67233541 bytes
2018/11/25-06:09:06.266107 7f01ef61f0 EVENT_LOG_v1 {"time_micros": 1543126146266079, "cf_name": "usertable", "job": 4, "event": "table_file_creation", "file_number": 1237, "file_size": 67233541, "table_properties": {"data_size": 67120140, "index_size": 300916, "filter_size": 0, "raw_key_size": 390696, "raw_average_key_size": 24, "raw_value_size": 66678784, "raw_average_value_size": 4096, "num_data_blocks": 8140, "num_entries": 16279, "filter_policy_name": "", "kDeletedKeys": "0", "kMergeOperands": "0"}}
2018/11/25-06:09:08.971748 7f01ef61f0 [db/compaction_job.cc:1211] [usertable] [JOB 4] Generated table #1238: 16279 keys, 67233366 bytes
2018/11/25-06:09:08.971825 7f01ef61f0 EVENT_LOG_v1 {"time_micros": 1543126148971800, "cf_name": "usertable", "job": 4, "event": "table_file_creation", "file_number": 1238, "file_size": 67233366, "table_properties": {"data_size": 67118331, "index_size": 299108, "filter_size": 0, "raw_key_size": 390696, "raw_average_key_size": 24, "raw_value_size": 66678784, "raw_average_value_size": 4096, "num_data_blocks": 8140, "num_entries": 16279, "filter_policy_name": "", "kDeletedKeys": "0", "kMergeOperands": "0"}}
2018/11/25-06:09:11.103912 7f01ef61f0 [db/compaction_job.cc:1211] [usertable] [JOB 4] Generated table #1239: 16279 keys, 67233551 bytes
2018/11/25-06:09:11.104045 7f01ef61f0 EVENT_LOG_v1 {"time_micros": 1543126151103977, "cf_name": "usertable", "job": 4, "event": "table_file_creation", "file_number": 1239, "file_size": 67233551, "table_properties": {"data_size": 67120141, "index_size": 300916, "filter_size": 0, "raw_key_size": 390696, "raw_average_key_size": 24, "raw_value_size": 66678784, "raw_average_value_size": 4096, "num_data_blocks": 8140, "num_entries": 16279, "filter_policy_name": "", "kDeletedKeys": "0", "kMergeOperands": "0"}}
2018/11/25-06:09:12.693471 7f01ef61f0 [db/compaction_job.cc:1211] [usertable] [JOB 4] Generated table #1240: 10636 keys, 43927675 bytes
2018/11/25-06:09:12.693545 7f01ef61f0 EVENT_LOG_v1 {"time_micros": 1543126152693520, "cf_name": "usertable", "job": 4, "event": "table_file_creation", "file_number": 1240, "file_size": 43927675, "table_properties": {"data_size": 43852228, "index_size": 195322, "filter_size": 0, "raw_key_size": 255264, "raw_average_key_size": 24, "raw_value_size": 43565056, "raw_average_value_size": 4096, "num_data_blocks": 5318, "num_entries": 10636, "filter_policy_name": "", "kDeletedKeys": "0", "kMergeOperands": "0"}}
2018/11/25-06:09:12.693665 7f01ef61f0 [db/compaction_job.cc:1287] [usertable] [JOB 4] Compacted 1@1 files to L2 => 245628133 bytes
2018/11/25-06:09:12.729493 7f01ef61f0 (Original Log Time 2018/11/25-06:09:12.729213) [db/compaction_job.cc:685] [usertable] compacted to: base level 1 max bytes base 536870912 files[2 10 114 556 0 0 0] max score 1.04, MB/sec: 29.3 rd, 29.2 wr, level 2, files in(1, 0) out(4) MB in(234.9, 0.0) out(234.2), read-write-amplify(2.0) write-amplify(1.0) OK, records in: 59473, records dropped: 0 output_compression: LZ4
2018/11/25-06:09:12.729513 7f01ef61f0 (Original Log Time 2018/11/25-06:09:12.729293) EVENT_LOG_v1 {"time_micros": 1543126152729260, "job": 4, "event": "compaction_finished", "compaction_time_micros": 8400201, "output_level": 2, "num_output_files": 4, "total_output_size": 245628133, "num_input_records": 59473, "num_output_records": 59473, "num_subcompactions": 1, "output_compression": "LZ4", "num_single_delete_mismatches": 0, "num_single_delete_fallthrough": 0, "lsm_state": [2, 10, 114, 556, 0, 0, 0]}
2018/11/25-06:09:12.761111 7f01ef61f0 (Original Log Time 2018/11/25-06:09:12.729696) [db/db_impl_compaction_flush.cc:1835] [usertable] Moving #1239 to level-3 67233551 bytes
2018/11/25-06:09:12.761124 7f01ef61f0 (Original Log Time 2018/11/25-06:09:12.760925) EVENT_LOG_v1 {"time_micros": 1543126152760913, "job": 5, "event": "trivial_move", "destination_level": 3, "files": 1, "total_files_size": 67233551}
2018/11/25-06:09:12.761129 7f01ef61f0 (Original Log Time 2018/11/25-06:09:12.760952) [db/db_impl_compaction_flush.cc:1864] [usertable] Moved #1 files to level-3 67233551 bytes OK: base level 1 max bytes base 536870912 files[2 10 113 557 0 0 0] max score 1.03
2018/11/25-06:09:12.924566 7f01ef61f0 EVENT_LOG_v1 {"time_micros": 1543126152924554, "job": 5, "event": "table_file_deletion", "file_number": 1154}
2018/11/25-06:09:12.956101 7f016f51f0 (Original Log Time 2018/11/25-06:09:12.924987) [db/db_impl_compaction_flush.cc:1835] [usertable] Moving #1237 to level-3 67233541 bytes
2018/11/25-06:09:12.956134 7f016f51f0 (Original Log Time 2018/11/25-06:09:12.955510) EVENT_LOG_v1 {"time_micros": 1543126152955487, "job": 6, "event": "trivial_move", "destination_level": 3, "files": 1, "total_files_size": 67233541}
2018/11/25-06:09:12.956145 7f016f51f0 (Original Log Time 2018/11/25-06:09:12.955563) [db/db_impl_compaction_flush.cc:1864] [usertable] Moved #1 files to level-3 67233541 bytes OK: base level 1 max bytes base 536870912 files[2 10 112 558 0 0 0] max score 1.01
2018/11/25-06:09:13.047479 7f016f51f0 (Original Log Time 2018/11/25-06:09:12.957559) [db/db_impl_compaction_flush.cc:1835] [usertable] Moving #1238 to level-3 67233366 bytes
2018/11/25-06:09:13.047509 7f016f51f0 (Original Log Time 2018/11/25-06:09:13.046912) EVENT_LOG_v1 {"time_micros": 1543126153046887, "job": 7, "event": "trivial_move", "destination_level": 3, "files": 1, "total_files_size": 67233366}
2018/11/25-06:09:13.047520 7f016f51f0 (Original Log Time 2018/11/25-06:09:13.046965) [db/db_impl_compaction_flush.cc:1864] [usertable] Moved #1 files to level-3 67233366 bytes OK: base level 1 max bytes base 536870912 files[2 10 111 559 0 0 0] max score 1.00
2018/11/25-06:09:13.156411 7f016f51f0 (Original Log Time 2018/11/25-06:09:13.048654) [db/db_impl_compaction_flush.cc:1835] [usertable] Moving #484 to level-3 52741315 bytes
2018/11/25-06:09:13.156439 7f016f51f0 (Original Log Time 2018/11/25-06:09:13.155916) EVENT_LOG_v1 {"time_micros": 1543126153155893, "job": 8, "event": "trivial_move", "destination_level": 3, "files": 1, "total_files_size": 52741315}
2018/11/25-06:09:13.156450 7f016f51f0 (Original Log Time 2018/11/25-06:09:13.155968) [db/db_impl_compaction_flush.cc:1864] [usertable] Moved #1 files to level-3 52741315 bytes OK: base level 1 max bytes base 536870912 files[2 10 110 560 0 0 0] max score 1.00
2018/11/25-06:09:13.272813 7f02ef81f0 (Original Log Time 2018/11/25-06:09:13.157257) [db/db_impl_compaction_flush.cc:1835] [usertable] Moving #1231 to level-1 129895353 bytes
