2018/11/25-10:21:31.511910 7fa23e81f0 RocksDB version: 5.14.3
2018/11/25-10:21:31.512057 7fa23e81f0 Git sha rocksdb_build_git_sha:
2018/11/25-10:21:31.512063 7fa23e81f0 Compile date Nov 24 2018
2018/11/25-10:21:31.512073 7fa23e81f0 DB SUMMARY
2018/11/25-10:21:31.512969 7fa23e81f0 CURRENT file:  CURRENT
2018/11/25-10:21:31.512979 7fa23e81f0 IDENTITY file:  IDENTITY
2018/11/25-10:21:31.513004 7fa23e81f0 MANIFEST file:  MANIFEST-000004 size: 119209 Bytes
2018/11/25-10:21:31.513012 7fa23e81f0 SST files in /mnt/sda/ycsb-rocksdb-data dir, Total Num: 652, files: 000021.sst 000022.sst 000023.sst 000024.sst 000028.sst 000029.sst 000030.sst 000031.sst 000035.sst 
2018/11/25-10:21:31.513016 7fa23e81f0 Write Ahead Log file in /mnt/sda/ycsb-rocksdb-data: 001153.log size: 129786416 ; 001157.log size: 314399 ; 
2018/11/25-10:21:31.513028 7fa23e81f0                         Options.error_if_exists: 0
2018/11/25-10:21:31.513032 7fa23e81f0                       Options.create_if_missing: 1
2018/11/25-10:21:31.513036 7fa23e81f0                         Options.paranoid_checks: 1
2018/11/25-10:21:31.513039 7fa23e81f0                                     Options.env: 0x7fa22aaf70
2018/11/25-10:21:31.513042 7fa23e81f0                                Options.info_log: 0x7f543d0770
2018/11/25-10:21:31.513045 7fa23e81f0                Options.max_file_opening_threads: 16
2018/11/25-10:21:31.513048 7fa23e81f0                              Options.statistics: (nil)
2018/11/25-10:21:31.513052 7fa23e81f0                               Options.use_fsync: 0
2018/11/25-10:21:31.513055 7fa23e81f0                       Options.max_log_file_size: 0
2018/11/25-10:21:31.513058 7fa23e81f0                  Options.max_manifest_file_size: 18446744073709551615
2018/11/25-10:21:31.513062 7fa23e81f0                   Options.log_file_time_to_roll: 0
2018/11/25-10:21:31.513065 7fa23e81f0                       Options.keep_log_file_num: 1000
2018/11/25-10:21:31.513068 7fa23e81f0                    Options.recycle_log_file_num: 0
2018/11/25-10:21:31.513071 7fa23e81f0                         Options.allow_fallocate: 1
2018/11/25-10:21:31.513074 7fa23e81f0                        Options.allow_mmap_reads: 0
2018/11/25-10:21:31.513077 7fa23e81f0                       Options.allow_mmap_writes: 0
2018/11/25-10:21:31.513080 7fa23e81f0                        Options.use_direct_reads: 0
2018/11/25-10:21:31.513083 7fa23e81f0                        Options.use_direct_io_for_flush_and_compaction: 0
2018/11/25-10:21:31.513086 7fa23e81f0          Options.create_missing_column_families: 1
2018/11/25-10:21:31.513089 7fa23e81f0                              Options.db_log_dir: 
2018/11/25-10:21:31.513091 7fa23e81f0                                 Options.wal_dir: /mnt/sda/ycsb-rocksdb-data
2018/11/25-10:21:31.513094 7fa23e81f0                Options.table_cache_numshardbits: 6
2018/11/25-10:21:31.513097 7fa23e81f0                      Options.max_subcompactions: 4
2018/11/25-10:21:31.513100 7fa23e81f0                  Options.max_background_flushes: 6
2018/11/25-10:21:31.513103 7fa23e81f0                         Options.WAL_ttl_seconds: 0
2018/11/25-10:21:31.513106 7fa23e81f0                       Options.WAL_size_limit_MB: 0
2018/11/25-10:21:31.513109 7fa23e81f0             Options.manifest_preallocation_size: 4194304
2018/11/25-10:21:31.513112 7fa23e81f0                     Options.is_fd_close_on_exec: 1
2018/11/25-10:21:31.513115 7fa23e81f0                   Options.advise_random_on_open: 1
2018/11/25-10:21:31.513118 7fa23e81f0                    Options.db_write_buffer_size: 0
2018/11/25-10:21:31.513121 7fa23e81f0                    Options.write_buffer_manager: 0x7f543d06d0
2018/11/25-10:21:31.513124 7fa23e81f0         Options.access_hint_on_compaction_start: 1
2018/11/25-10:21:31.513127 7fa23e81f0  Options.new_table_reader_for_compaction_inputs: 0
2018/11/25-10:21:31.513130 7fa23e81f0           Options.random_access_max_buffer_size: 1048576
2018/11/25-10:21:31.513133 7fa23e81f0                      Options.use_adaptive_mutex: 0
2018/11/25-10:21:31.513136 7fa23e81f0                            Options.rate_limiter: (nil)
2018/11/25-10:21:31.513141 7fa23e81f0     Options.sst_file_manager.rate_bytes_per_sec: 0
2018/11/25-10:21:31.513178 7fa23e81f0                       Options.wal_recovery_mode: 2
2018/11/25-10:21:31.513183 7fa23e81f0                  Options.enable_thread_tracking: 0
2018/11/25-10:21:31.513186 7fa23e81f0                  Options.enable_pipelined_write: 1
2018/11/25-10:21:31.513189 7fa23e81f0         Options.allow_concurrent_memtable_write: 1
2018/11/25-10:21:31.513192 7fa23e81f0      Options.enable_write_thread_adaptive_yield: 1
2018/11/25-10:21:31.513194 7fa23e81f0             Options.write_thread_max_yield_usec: 100
2018/11/25-10:21:31.513197 7fa23e81f0            Options.write_thread_slow_yield_usec: 3
2018/11/25-10:21:31.513200 7fa23e81f0                               Options.row_cache: None
2018/11/25-10:21:31.513203 7fa23e81f0                              Options.wal_filter: None
2018/11/25-10:21:31.513206 7fa23e81f0             Options.avoid_flush_during_recovery: 0
2018/11/25-10:21:31.513208 7fa23e81f0             Options.allow_ingest_behind: 0
2018/11/25-10:21:31.513211 7fa23e81f0             Options.preserve_deletes: 0
2018/11/25-10:21:31.513214 7fa23e81f0             Options.two_write_queues: 0
2018/11/25-10:21:31.513216 7fa23e81f0             Options.manual_wal_flush: 0
2018/11/25-10:21:31.513222 7fa23e81f0             Options.max_background_jobs: 6
2018/11/25-10:21:31.513225 7fa23e81f0             Options.max_background_compactions: 6
2018/11/25-10:21:31.513228 7fa23e81f0             Options.avoid_flush_during_shutdown: 0
2018/11/25-10:21:31.513230 7fa23e81f0           Options.writable_file_max_buffer_size: 1048576
2018/11/25-10:21:31.513233 7fa23e81f0             Options.delayed_write_rate : 16777216
2018/11/25-10:21:31.513236 7fa23e81f0             Options.max_total_wal_size: 0
2018/11/25-10:21:31.513239 7fa23e81f0             Options.delete_obsolete_files_period_micros: 21600000000
2018/11/25-10:21:31.513242 7fa23e81f0                   Options.stats_dump_period_sec: 60
2018/11/25-10:21:31.513244 7fa23e81f0                          Options.max_open_files: -1
2018/11/25-10:21:31.513247 7fa23e81f0                          Options.bytes_per_sync: 1048576
2018/11/25-10:21:31.513250 7fa23e81f0                      Options.wal_bytes_per_sync: 0
2018/11/25-10:21:31.513253 7fa23e81f0       Options.compaction_readahead_size: 0
2018/11/25-10:21:31.513256 7fa23e81f0 Compression algorithms supported:
2018/11/25-10:21:31.513259 7fa23e81f0 	kZSTDNotFinalCompression supported: 1
2018/11/25-10:21:31.513297 7fa23e81f0 	kZSTD supported: 1
2018/11/25-10:21:31.513303 7fa23e81f0 	kXpressCompression supported: 0
2018/11/25-10:21:31.513306 7fa23e81f0 	kLZ4HCCompression supported: 1
2018/11/25-10:21:31.513309 7fa23e81f0 	kLZ4Compression supported: 1
2018/11/25-10:21:31.513313 7fa23e81f0 	kBZip2Compression supported: 1
2018/11/25-10:21:31.513316 7fa23e81f0 	kZlibCompression supported: 1
2018/11/25-10:21:31.513318 7fa23e81f0 	kSnappyCompression supported: 1
2018/11/25-10:21:31.513327 7fa23e81f0 Fast CRC32 supported: Not supported on x86
2018/11/25-10:21:31.514099 7fa23e81f0 [db/version_set.cc:3085] Recovering from manifest file: MANIFEST-000004
2018/11/25-10:21:31.514310 7fa23e81f0 [db/column_family.cc:475] --------------- Options for column family [default]:
2018/11/25-10:21:31.514318 7fa23e81f0               Options.comparator: leveldb.BytewiseComparator
2018/11/25-10:21:31.514322 7fa23e81f0           Options.merge_operator: None
2018/11/25-10:21:31.514326 7fa23e81f0        Options.compaction_filter: None
2018/11/25-10:21:31.514329 7fa23e81f0        Options.compaction_filter_factory: None
2018/11/25-10:21:31.514332 7fa23e81f0         Options.memtable_factory: SkipListFactory
2018/11/25-10:21:31.514335 7fa23e81f0            Options.table_factory: BlockBasedTable
2018/11/25-10:21:31.514386 7fa23e81f0            table_factory options:   flush_block_policy_factory: FlushBlockBySizePolicyFactory (0x7f5439bfb0)
  cache_index_and_filter_blocks: 0
  cache_index_and_filter_blocks_with_high_priority: 0
  pin_l0_filter_and_index_blocks_in_cache: 0
  index_type: 0
  hash_index_allow_collision: 1
  checksum: 1
  no_block_cache: 0
  block_cache: 0x7f543a1870
  block_cache_name: LRUCache
  block_cache_options:
    capacity : 8388608
    num_shard_bits : 4
    strict_capacity_limit : 0
    high_pri_pool_ratio: 0.000
  block_cache_compressed: (nil)
  persistent_cache: (nil)
  block_size: 8192
  block_size_deviation: 10
  block_restart_interval: 16
  index_block_restart_interval: 1
  metadata_block_size: 4096
  partition_filters: 0
  use_delta_encoding: 1
  filter_policy: nullptr
  whole_key_filtering: 1
  verify_compression: 0
  read_amp_bytes_per_bit: 0
  format_version: 2
  enable_index_compression: 1
  block_align: 0
2018/11/25-10:21:31.514423 7fa23e81f0        Options.write_buffer_size: 134217728
2018/11/25-10:21:31.514428 7fa23e81f0  Options.max_write_buffer_number: 24
2018/11/25-10:21:31.514432 7fa23e81f0        Options.compression[0]: NoCompression
2018/11/25-10:21:31.514435 7fa23e81f0        Options.compression[1]: NoCompression
2018/11/25-10:21:31.514438 7fa23e81f0        Options.compression[2]: LZ4
2018/11/25-10:21:31.514441 7fa23e81f0        Options.compression[3]: LZ4
2018/11/25-10:21:31.514444 7fa23e81f0        Options.compression[4]: LZ4
2018/11/25-10:21:31.514447 7fa23e81f0        Options.compression[5]: LZ4
2018/11/25-10:21:31.514450 7fa23e81f0        Options.compression[6]: LZ4
2018/11/25-10:21:31.514453 7fa23e81f0                  Options.bottommost_compression: Disabled
2018/11/25-10:21:31.514456 7fa23e81f0       Options.prefix_extractor: nullptr
2018/11/25-10:21:31.514459 7fa23e81f0   Options.memtable_insert_with_hint_prefix_extractor: nullptr
2018/11/25-10:21:31.514462 7fa23e81f0             Options.num_levels: 7
2018/11/25-10:21:31.514464 7fa23e81f0        Options.min_write_buffer_number_to_merge: 2
2018/11/25-10:21:31.514467 7fa23e81f0     Options.max_write_buffer_number_to_maintain: 0
2018/11/25-10:21:31.514470 7fa23e81f0            Options.compression_opts.window_bits: -14
2018/11/25-10:21:31.514473 7fa23e81f0                  Options.compression_opts.level: -1
2018/11/25-10:21:31.514476 7fa23e81f0               Options.compression_opts.strategy: 0
2018/11/25-10:21:31.514479 7fa23e81f0         Options.compression_opts.max_dict_bytes: 0
2018/11/25-10:21:31.514482 7fa23e81f0         Options.compression_opts.zstd_max_train_bytes: 0
2018/11/25-10:21:31.514485 7fa23e81f0      Options.level0_file_num_compaction_trigger: 2
2018/11/25-10:21:31.514488 7fa23e81f0          Options.level0_slowdown_writes_trigger: 20
2018/11/25-10:21:31.514490 7fa23e81f0              Options.level0_stop_writes_trigger: 36
2018/11/25-10:21:31.514493 7fa23e81f0                   Options.target_file_size_base: 67108864
2018/11/25-10:21:31.514496 7fa23e81f0             Options.target_file_size_multiplier: 1
2018/11/25-10:21:31.514499 7fa23e81f0                Options.max_bytes_for_level_base: 536870912
2018/11/25-10:21:31.514502 7fa23e81f0 Options.level_compaction_dynamic_level_bytes: 0
2018/11/25-10:21:31.514505 7fa23e81f0          Options.max_bytes_for_level_multiplier: 10.000000
2018/11/25-10:21:31.514512 7fa23e81f0 Options.max_bytes_for_level_multiplier_addtl[0]: 1
2018/11/25-10:21:31.514515 7fa23e81f0 Options.max_bytes_for_level_multiplier_addtl[1]: 1
2018/11/25-10:21:31.514518 7fa23e81f0 Options.max_bytes_for_level_multiplier_addtl[2]: 1
2018/11/25-10:21:31.514521 7fa23e81f0 Options.max_bytes_for_level_multiplier_addtl[3]: 1
2018/11/25-10:21:31.514524 7fa23e81f0 Options.max_bytes_for_level_multiplier_addtl[4]: 1
2018/11/25-10:21:31.514526 7fa23e81f0 Options.max_bytes_for_level_multiplier_addtl[5]: 1
2018/11/25-10:21:31.514529 7fa23e81f0 Options.max_bytes_for_level_multiplier_addtl[6]: 1
2018/11/25-10:21:31.514532 7fa23e81f0       Options.max_sequential_skip_in_iterations: 8
2018/11/25-10:21:31.514535 7fa23e81f0                    Options.max_compaction_bytes: 1677721600
2018/11/25-10:21:31.514538 7fa23e81f0                        Options.arena_block_size: 16777216
2018/11/25-10:21:31.514541 7fa23e81f0   Options.soft_pending_compaction_bytes_limit: 68719476736
2018/11/25-10:21:31.514543 7fa23e81f0   Options.hard_pending_compaction_bytes_limit: 274877906944
2018/11/25-10:21:31.514560 7fa23e81f0       Options.rate_limit_delay_max_milliseconds: 100
2018/11/25-10:21:31.514564 7fa23e81f0                Options.disable_auto_compactions: 0
2018/11/25-10:21:31.514569 7fa23e81f0                        Options.compaction_style: kCompactionStyleLevel
2018/11/25-10:21:31.514574 7fa23e81f0                          Options.compaction_pri: kByCompensatedSize
2018/11/25-10:21:31.514577 7fa23e81f0 Options.compaction_options_universal.size_ratio: 1
2018/11/25-10:21:31.514580 7fa23e81f0 Options.compaction_options_universal.min_merge_width: 2
2018/11/25-10:21:31.514583 7fa23e81f0 Options.compaction_options_universal.max_merge_width: 4294967295
2018/11/25-10:21:31.514586 7fa23e81f0 Options.compaction_options_universal.max_size_amplification_percent: 200
2018/11/25-10:21:31.514589 7fa23e81f0 Options.compaction_options_universal.compression_size_percent: -1
2018/11/25-10:21:31.514593 7fa23e81f0 Options.compaction_options_universal.stop_style: kCompactionStopStyleTotalSize
2018/11/25-10:21:31.514597 7fa23e81f0 Options.compaction_options_fifo.max_table_files_size: 1073741824
2018/11/25-10:21:31.514600 7fa23e81f0 Options.compaction_options_fifo.allow_compaction: 0
2018/11/25-10:21:31.514602 7fa23e81f0 Options.compaction_options_fifo.ttl: 0
2018/11/25-10:21:31.514605 7fa23e81f0                   Options.table_properties_collectors: 
2018/11/25-10:21:31.514608 7fa23e81f0                   Options.inplace_update_support: 0
2018/11/25-10:21:31.514611 7fa23e81f0                 Options.inplace_update_num_locks: 10000
2018/11/25-10:21:31.514614 7fa23e81f0               Options.memtable_prefix_bloom_size_ratio: 0.000000
2018/11/25-10:21:31.514618 7fa23e81f0   Options.memtable_huge_page_size: 0
2018/11/25-10:21:31.514621 7fa23e81f0                           Options.bloom_locality: 0
2018/11/25-10:21:31.514624 7fa23e81f0                    Options.max_successive_merges: 0
2018/11/25-10:21:31.514627 7fa23e81f0                Options.optimize_filters_for_hits: 0
2018/11/25-10:21:31.514629 7fa23e81f0                Options.paranoid_file_checks: 0
2018/11/25-10:21:31.514632 7fa23e81f0                Options.force_consistency_checks: 0
2018/11/25-10:21:31.514635 7fa23e81f0                Options.report_bg_io_stats: 0
2018/11/25-10:21:31.514637 7fa23e81f0                               Options.ttl: 0
2018/11/25-10:21:31.515417 7fa23e81f0 [db/column_family.cc:475] --------------- Options for column family [usertable]:
2018/11/25-10:21:31.515430 7fa23e81f0               Options.comparator: leveldb.BytewiseComparator
2018/11/25-10:21:31.515433 7fa23e81f0           Options.merge_operator: None
2018/11/25-10:21:31.515436 7fa23e81f0        Options.compaction_filter: None
2018/11/25-10:21:31.515439 7fa23e81f0        Options.compaction_filter_factory: None
2018/11/25-10:21:31.515442 7fa23e81f0         Options.memtable_factory: SkipListFactory
2018/11/25-10:21:31.515445 7fa23e81f0            Options.table_factory: BlockBasedTable
2018/11/25-10:21:31.515491 7fa23e81f0            table_factory options:   flush_block_policy_factory: FlushBlockBySizePolicyFactory (0x7f5439cfe0)
  cache_index_and_filter_blocks: 0
  cache_index_and_filter_blocks_with_high_priority: 0
  pin_l0_filter_and_index_blocks_in_cache: 0
  index_type: 0
  hash_index_allow_collision: 1
  checksum: 1
  no_block_cache: 0
  block_cache: 0x7f54387430
  block_cache_name: LRUCache
  block_cache_options:
    capacity : 8388608
    num_shard_bits : 4
    strict_capacity_limit : 0
    high_pri_pool_ratio: 0.000
  block_cache_compressed: (nil)
  persistent_cache: (nil)
  block_size: 8192
  block_size_deviation: 10
  block_restart_interval: 16
  index_block_restart_interval: 1
  metadata_block_size: 4096
  partition_filters: 0
  use_delta_encoding: 1
  filter_policy: nullptr
  whole_key_filtering: 1
  verify_compression: 0
  read_amp_bytes_per_bit: 0
  format_version: 2
  enable_index_compression: 1
  block_align: 0
2018/11/25-10:21:31.515497 7fa23e81f0        Options.write_buffer_size: 134217728
2018/11/25-10:21:31.515500 7fa23e81f0  Options.max_write_buffer_number: 24
2018/11/25-10:21:31.515529 7fa23e81f0        Options.compression[0]: NoCompression
2018/11/25-10:21:31.515535 7fa23e81f0        Options.compression[1]: NoCompression
2018/11/25-10:21:31.515538 7fa23e81f0        Options.compression[2]: LZ4
2018/11/25-10:21:31.515541 7fa23e81f0        Options.compression[3]: LZ4
2018/11/25-10:21:31.515544 7fa23e81f0        Options.compression[4]: LZ4
2018/11/25-10:21:31.515546 7fa23e81f0        Options.compression[5]: LZ4
2018/11/25-10:21:31.515549 7fa23e81f0        Options.compression[6]: LZ4
2018/11/25-10:21:31.515552 7fa23e81f0                  Options.bottommost_compression: Disabled
2018/11/25-10:21:31.515555 7fa23e81f0       Options.prefix_extractor: nullptr
2018/11/25-10:21:31.515558 7fa23e81f0   Options.memtable_insert_with_hint_prefix_extractor: nullptr
2018/11/25-10:21:31.515561 7fa23e81f0             Options.num_levels: 7
2018/11/25-10:21:31.515563 7fa23e81f0        Options.min_write_buffer_number_to_merge: 2
2018/11/25-10:21:31.515566 7fa23e81f0     Options.max_write_buffer_number_to_maintain: 0
2018/11/25-10:21:31.515569 7fa23e81f0            Options.compression_opts.window_bits: -14
2018/11/25-10:21:31.515572 7fa23e81f0                  Options.compression_opts.level: -1
2018/11/25-10:21:31.515575 7fa23e81f0               Options.compression_opts.strategy: 0
2018/11/25-10:21:31.515577 7fa23e81f0         Options.compression_opts.max_dict_bytes: 0
2018/11/25-10:21:31.515580 7fa23e81f0         Options.compression_opts.zstd_max_train_bytes: 0
2018/11/25-10:21:31.515583 7fa23e81f0      Options.level0_file_num_compaction_trigger: 2
2018/11/25-10:21:31.515585 7fa23e81f0          Options.level0_slowdown_writes_trigger: 20
2018/11/25-10:21:31.515588 7fa23e81f0              Options.level0_stop_writes_trigger: 36
2018/11/25-10:21:31.515591 7fa23e81f0                   Options.target_file_size_base: 67108864
2018/11/25-10:21:31.515594 7fa23e81f0             Options.target_file_size_multiplier: 1
2018/11/25-10:21:31.515596 7fa23e81f0                Options.max_bytes_for_level_base: 536870912
2018/11/25-10:21:31.515599 7fa23e81f0 Options.level_compaction_dynamic_level_bytes: 0
2018/11/25-10:21:31.515602 7fa23e81f0          Options.max_bytes_for_level_multiplier: 10.000000
2018/11/25-10:21:31.515607 7fa23e81f0 Options.max_bytes_for_level_multiplier_addtl[0]: 1
2018/11/25-10:21:31.515610 7fa23e81f0 Options.max_bytes_for_level_multiplier_addtl[1]: 1
2018/11/25-10:21:31.515612 7fa23e81f0 Options.max_bytes_for_level_multiplier_addtl[2]: 1
2018/11/25-10:21:31.515615 7fa23e81f0 Options.max_bytes_for_level_multiplier_addtl[3]: 1
2018/11/25-10:21:31.515618 7fa23e81f0 Options.max_bytes_for_level_multiplier_addtl[4]: 1
2018/11/25-10:21:31.515621 7fa23e81f0 Options.max_bytes_for_level_multiplier_addtl[5]: 1
2018/11/25-10:21:31.515624 7fa23e81f0 Options.max_bytes_for_level_multiplier_addtl[6]: 1
2018/11/25-10:21:31.515627 7fa23e81f0       Options.max_sequential_skip_in_iterations: 8
2018/11/25-10:21:31.515629 7fa23e81f0                    Options.max_compaction_bytes: 1677721600
2018/11/25-10:21:31.515632 7fa23e81f0                        Options.arena_block_size: 16777216
2018/11/25-10:21:31.515635 7fa23e81f0   Options.soft_pending_compaction_bytes_limit: 68719476736
2018/11/25-10:21:31.515638 7fa23e81f0   Options.hard_pending_compaction_bytes_limit: 274877906944
2018/11/25-10:21:31.515641 7fa23e81f0       Options.rate_limit_delay_max_milliseconds: 100
2018/11/25-10:21:31.515644 7fa23e81f0                Options.disable_auto_compactions: 0
2018/11/25-10:21:31.515647 7fa23e81f0                        Options.compaction_style: kCompactionStyleLevel
2018/11/25-10:21:31.515651 7fa23e81f0                          Options.compaction_pri: kByCompensatedSize
2018/11/25-10:21:31.515654 7fa23e81f0 Options.compaction_options_universal.size_ratio: 1
2018/11/25-10:21:31.515657 7fa23e81f0 Options.compaction_options_universal.min_merge_width: 2
2018/11/25-10:21:31.515660 7fa23e81f0 Options.compaction_options_universal.max_merge_width: 4294967295
2018/11/25-10:21:31.515676 7fa23e81f0 Options.compaction_options_universal.max_size_amplification_percent: 200
2018/11/25-10:21:31.515681 7fa23e81f0 Options.compaction_options_universal.compression_size_percent: -1
2018/11/25-10:21:31.515685 7fa23e81f0 Options.compaction_options_universal.stop_style: kCompactionStopStyleTotalSize
2018/11/25-10:21:31.515688 7fa23e81f0 Options.compaction_options_fifo.max_table_files_size: 1073741824
2018/11/25-10:21:31.515691 7fa23e81f0 Options.compaction_options_fifo.allow_compaction: 0
2018/11/25-10:21:31.515694 7fa23e81f0 Options.compaction_options_fifo.ttl: 0
2018/11/25-10:21:31.515697 7fa23e81f0                   Options.table_properties_collectors: 
2018/11/25-10:21:31.515699 7fa23e81f0                   Options.inplace_update_support: 0
2018/11/25-10:21:31.515702 7fa23e81f0                 Options.inplace_update_num_locks: 10000
2018/11/25-10:21:31.515705 7fa23e81f0               Options.memtable_prefix_bloom_size_ratio: 0.000000
2018/11/25-10:21:31.515709 7fa23e81f0   Options.memtable_huge_page_size: 0
2018/11/25-10:21:31.515712 7fa23e81f0                           Options.bloom_locality: 0
2018/11/25-10:21:31.515715 7fa23e81f0                    Options.max_successive_merges: 0
2018/11/25-10:21:31.515718 7fa23e81f0                Options.optimize_filters_for_hits: 0
2018/11/25-10:21:31.515720 7fa23e81f0                Options.paranoid_file_checks: 0
2018/11/25-10:21:31.515723 7fa23e81f0                Options.force_consistency_checks: 0
2018/11/25-10:21:31.515726 7fa23e81f0                Options.report_bg_io_stats: 0
2018/11/25-10:21:31.515729 7fa23e81f0                               Options.ttl: 0
2018/11/25-10:21:31.979630 7fa23e81f0 [db/version_set.cc:3361] Recovered from manifest file:/mnt/sda/ycsb-rocksdb-data/MANIFEST-000004 succeeded,manifest_file_number is 4, next_file_number is 1156, last_sequence is 10435455, log_number is 0,prev_log_number is 0,max_column_family is 1,min_log_number_to_keep is 0
2018/11/25-10:21:31.979659 7fa23e81f0 [db/version_set.cc:3369] Column family [default] (ID 0), log number is 0
2018/11/25-10:21:31.979664 7fa23e81f0 [db/version_set.cc:3369] Column family [usertable] (ID 1), log number is 1153
2018/11/25-10:21:31.984124 7fa23e81f0 EVENT_LOG_v1 {"time_micros": 1543141291984090, "job": 1, "event": "recovery_started", "log_files": [1153, 1157]}
2018/11/25-10:21:31.984161 7fa23e81f0 [db/db_impl_open.cc:551] Recovering log #1153 mode 2
2018/11/25-10:21:33.623825 7fa23e81f0 EVENT_LOG_v1 {"time_micros": 1543141293623690, "cf_name": "usertable", "job": 1, "event": "table_file_creation", "file_number": 1156, "file_size": 129895355, "table_properties": {"data_size": 129317909, "index_size": 576524, "filter_size": 0, "raw_key_size": 752760, "raw_average_key_size": 24, "raw_value_size": 128471040, "raw_average_value_size": 4096, "num_data_blocks": 15683, "num_entries": 31365, "filter_policy_name": "", "kDeletedKeys": "0", "kMergeOperands": "0"}}
2018/11/25-10:21:33.656052 7fa23e81f0 [db/db_impl_open.cc:551] Recovering log #1157 mode 2
2018/11/25-10:21:33.663567 7fa23e81f0 [db/version_set.cc:2847] Creating manifest 1159
2018/11/25-10:21:33.929648 7fa23e81f0 EVENT_LOG_v1 {"time_micros": 1543141293929605, "cf_name": "usertable", "job": 1, "event": "table_file_creation", "file_number": 1160, "file_size": 348758, "table_properties": {"data_size": 346341, "index_size": 1503, "filter_size": 0, "raw_key_size": 2016, "raw_average_key_size": 24, "raw_value_size": 344064, "raw_average_value_size": 4096, "num_data_blocks": 42, "num_entries": 84, "filter_policy_name": "", "kDeletedKeys": "0", "kMergeOperands": "0"}}
2018/11/25-10:21:33.998002 7fa23e81f0 EVENT_LOG_v1 {"time_micros": 1543141293997984, "job": 1, "event": "recovery_finished"}
2018/11/25-10:21:34.316443 7fa23e81f0 [db/db_impl_open.cc:1219] DB pointer 0x7f543cf930
2018/11/25-10:21:34.317200 7fa19f01f0 [WARN] [db/db_impl.cc:491] ------- DUMPING STATS -------
2018/11/25-10:21:34.317283 7fa19f01f0 [WARN] [db/db_impl.cc:492] 
** DB Stats **
Uptime(secs): 2.8 total, 2.8 interval
Cumulative writes: 0 writes, 0 keys, 0 commit groups, 0.0 writes per commit group, ingest: 0.00 GB, 0.00 MB/s
Cumulative WAL: 0 writes, 0 syncs, 0.00 writes per sync, written: 0.00 GB, 0.00 MB/s
Cumulative stall: 00:00:0.000 H:M:S, 0.0 percent
Interval writes: 0 writes, 0 keys, 0 commit groups, 0.0 writes per commit group, ingest: 0.00 MB, 0.00 MB/s
Interval WAL: 0 writes, 0 syncs, 0.00 writes per sync, written: 0.00 MB, 0.00 MB/s
Interval stall: 00:00:0.000 H:M:S, 0.0 percent

** Compaction Stats [default] **
Level    Files   Size     Score Read(GB)  Rn(GB) Rnp1(GB) Write(GB) Wnew(GB) Moved(GB) W-Amp Rd(MB/s) Wr(MB/s) Comp(sec) Comp(cnt) Avg(sec) KeyIn KeyDrop
----------------------------------------------------------------------------------------------------------------------------------------------------------
 Sum      0/0    0.00 KB   0.0      0.0     0.0      0.0       0.0      0.0       0.0   0.0      0.0      0.0         0         0    0.000       0      0
 Int      0/0    0.00 KB   0.0      0.0     0.0      0.0       0.0      0.0       0.0   0.0      0.0      0.0         0         0    0.000       0      0
Uptime(secs): 2.8 total, 2.8 interval
Flush(GB): cumulative 0.000, interval 0.000
AddFile(GB): cumulative 0.000, interval 0.000
AddFile(Total Files): cumulative 0, interval 0
AddFile(L0 Files): cumulative 0, interval 0
AddFile(Keys): cumulative 0, interval 0
Cumulative compaction: 0.00 GB write, 0.00 MB/s write, 0.00 GB read, 0.00 MB/s read, 0.0 seconds
Interval compaction: 0.00 GB write, 0.00 MB/s write, 0.00 GB read, 0.00 MB/s read, 0.0 seconds
Stalls(count): 0 level0_slowdown, 0 level0_slowdown_with_compaction, 0 level0_numfiles, 0 level0_numfiles_with_compaction, 0 stop for pending_compaction_bytes, 0 slowdown for pending_compaction_bytes, 0 memtable_compaction, 0 memtable_slowdown, interval 0 total count

** File Read Latency Histogram By Level [default] **

** Compaction Stats [usertable] **
Level    Files   Size     Score Read(GB)  Rn(GB) Rnp1(GB) Write(GB) Wnew(GB) Moved(GB) W-Amp Rd(MB/s) Wr(MB/s) Comp(sec) Comp(cnt) Avg(sec) KeyIn KeyDrop
----------------------------------------------------------------------------------------------------------------------------------------------------------
  L0      3/0   369.68 MB   1.5      0.0     0.0      0.0       0.1      0.1       0.0   1.0      0.0    112.4         1         2    0.553       0      0
  L1      3/0   739.05 MB   1.4      0.0     0.0      0.0       0.0      0.0       0.0   0.0      0.0      0.0         0         0    0.000       0      0
  L2     93/0    4.97 GB   1.0      0.0     0.0      0.0       0.0      0.0       0.0   0.0      0.0      0.0         0         0    0.000       0      0
  L3    555/0   34.12 GB   0.7      0.0     0.0      0.0       0.0      0.0       0.0   0.0      0.0      0.0         0         0    0.000       0      0
 Sum    654/0   40.18 GB   0.0      0.0     0.0      0.0       0.1      0.1       0.0   1.0      0.0    112.4         1         2    0.553       0      0
 Int      0/0    0.00 KB   0.0      0.0     0.0      0.0       0.1      0.1       0.0   1.0      0.0    112.4         1         2    0.553       0      0
Uptime(secs): 2.8 total, 2.8 interval
Flush(GB): cumulative 0.121, interval 0.121
AddFile(GB): cumulative 0.000, interval 0.000
AddFile(Total Files): cumulative 0, interval 0
AddFile(L0 Files): cumulative 0, interval 0
AddFile(Keys): cumulative 0, interval 0
Cumulative compaction: 0.12 GB write, 44.34 MB/s write, 0.00 GB read, 0.00 MB/s read, 1.1 seconds
Interval compaction: 0.12 GB write, 44.34 MB/s write, 0.00 GB read, 0.00 MB/s read, 1.1 seconds
Stalls(count): 0 level0_slowdown, 0 level0_slowdown_with_compaction, 0 level0_numfiles, 0 level0_numfiles_with_compaction, 0 stop for pending_compaction_bytes, 0 slowdown for pending_compaction_bytes, 0 memtable_compaction, 0 memtable_slowdown, interval 0 total count

** File Read Latency Histogram By Level [usertable] **

** Compaction Stats [default] **
Level    Files   Size     Score Read(GB)  Rn(GB) Rnp1(GB) Write(GB) Wnew(GB) Moved(GB) W-Amp Rd(MB/s) Wr(MB/s) Comp(sec) Comp(cnt) Avg(sec) KeyIn KeyDrop
----------------------------------------------------------------------------------------------------------------------------------------------------------
 Sum      0/0    0.00 KB   0.0      0.0     0.0      0.0       0.0      0.0       0.0   0.0      0.0      0.0         0         0    0.000       0      0
 Int      0/0    0.00 KB   0.0      0.0     0.0      0.0       0.0      0.0       0.0   0.0      0.0      0.0         0         0    0.000       0      0
Uptime(secs): 2.8 total, 0.0 interval
Flush(GB): cumulative 0.000, interval 0.000
AddFile(GB): cumulative 0.000, interval 0.000
AddFile(Total Files): cumulative 0, interval 0
AddFile(L0 Files): cumulative 0, interval 0
AddFile(Keys): cumulative 0, interval 0
Cumulative compaction: 0.00 GB write, 0.00 MB/s write, 0.00 GB read, 0.00 MB/s read, 0.0 seconds
Interval compaction: 0.00 GB write, 0.00 MB/s write, 0.00 GB read, 0.00 MB/s read, 0.0 seconds
Stalls(count): 0 level0_slowdown, 0 level0_slowdown_with_compaction, 0 level0_numfiles, 0 level0_numfiles_with_compaction, 0 stop for pending_compaction_bytes, 0 slowdown for pending_compaction_bytes, 0 memtable_compaction, 0 memtable_slowdown, interval 0 total count

** File Read Latency Histogram By Level [default] **

** Compaction Stats [usertable] **
Level    Files   Size     Score Read(GB)  Rn(GB) Rnp1(GB) Write(GB) Wnew(GB) Moved(GB) W-Amp Rd(MB/s) Wr(MB/s) Comp(sec) Comp(cnt) Avg(sec) KeyIn KeyDrop
----------------------------------------------------------------------------------------------------------------------------------------------------------
  L0      3/0   369.68 MB   1.5      0.0     0.0      0.0       0.1      0.1       0.0   1.0      0.0    112.4         1         2    0.553       0      0
  L1      3/0   739.05 MB   1.4      0.0     0.0      0.0       0.0      0.0       0.0   0.0      0.0      0.0         0         0    0.000       0      0
  L2     93/0    4.97 GB   1.0      0.0     0.0      0.0       0.0      0.0       0.0   0.0      0.0      0.0         0         0    0.000       0      0
  L3    555/0   34.12 GB   0.7      0.0     0.0      0.0       0.0      0.0       0.0   0.0      0.0      0.0         0         0    0.000       0      0
 Sum    654/0   40.18 GB   0.0      0.0     0.0      0.0       0.1      0.1       0.0   1.0      0.0    112.4         1         2    0.553       0      0
 Int      0/0    0.00 KB   0.0      0.0     0.0      0.0       0.0      0.0       0.0   0.0      0.0      0.0         0         0    0.000       0      0
Uptime(secs): 2.8 total, 0.0 interval
Flush(GB): cumulative 0.121, interval 0.000
AddFile(GB): cumulative 0.000, interval 0.000
AddFile(Total Files): cumulative 0, interval 0
AddFile(L0 Files): cumulative 0, interval 0
AddFile(Keys): cumulative 0, interval 0
Cumulative compaction: 0.12 GB write, 44.33 MB/s write, 0.00 GB read, 0.00 MB/s read, 1.1 seconds
Interval compaction: 0.00 GB write, 0.00 MB/s write, 0.00 GB read, 0.00 MB/s read, 0.0 seconds
Stalls(count): 0 level0_slowdown, 0 level0_slowdown_with_compaction, 0 level0_numfiles, 0 level0_numfiles_with_compaction, 0 stop for pending_compaction_bytes, 0 slowdown for pending_compaction_bytes, 0 memtable_compaction, 0 memtable_slowdown, interval 0 total count

** File Read Latency Histogram By Level [usertable] **
2018/11/25-10:21:34.426531 7fa19f01f0 (Original Log Time 2018/11/25-10:21:34.317581) [db/db_impl_compaction_flush.cc:1835] [usertable] Moving #790 to level-1 257389402 bytes
2018/11/25-10:21:34.426548 7fa19f01f0 (Original Log Time 2018/11/25-10:21:34.426202) EVENT_LOG_v1 {"time_micros": 1543141294426171, "job": 3, "event": "trivial_move", "destination_level": 1, "files": 1, "total_files_size": 257389402}
2018/11/25-10:21:34.426558 7fa19f01f0 (Original Log Time 2018/11/25-10:21:34.426252) [db/db_impl_compaction_flush.cc:1864] [usertable] Moved #1 files to level-1 257389402 bytes OK: base level 1 max bytes base 536870912 files[2 4 93 555 0 0 0] max score 1.92
2018/11/25-10:21:34.426889 7fa09ee1f0 [db/compaction_job.cc:1531] [usertable] [JOB 4] Compacting 1@1 files to L2, score 1.92
2018/11/25-10:21:34.426914 7fa09ee1f0 [db/compaction_job.cc:1535] [usertable] Compaction start summary: Base version 6 Base level 1, inputs: [1154(247MB)]
2018/11/25-10:21:34.426983 7fa09ee1f0 EVENT_LOG_v1 {"time_micros": 1543141294426942, "job": 4, "event": "compaction_started", "compaction_reason": "LevelMaxLevelSize", "files_L1": [1154], "score": 1.92289, "input_data_size": 259856250}
2018/11/25-10:21:35.551259 7fa09ee1f0 [db/compaction_job.cc:1211] [usertable] [JOB 4] Generated table #1164: 16279 keys, 67233332 bytes
2018/11/25-10:21:35.551330 7fa09ee1f0 EVENT_LOG_v1 {"time_micros": 1543141295551306, "cf_name": "usertable", "job": 4, "event": "table_file_creation", "file_number": 1164, "file_size": 67233332, "table_properties": {"data_size": 67118331, "index_size": 299107, "filter_size": 0, "raw_key_size": 390696, "raw_average_key_size": 24, "raw_value_size": 66678784, "raw_average_value_size": 4096, "num_data_blocks": 8140, "num_entries": 16279, "filter_policy_name": "", "kDeletedKeys": "0", "kMergeOperands": "0"}}
2018/11/25-10:21:36.443920 7fa09ee1f0 [db/compaction_job.cc:1211] [usertable] [JOB 4] Generated table #1165: 16279 keys, 67233545 bytes
2018/11/25-10:21:36.443996 7fa09ee1f0 EVENT_LOG_v1 {"time_micros": 1543141296443970, "cf_name": "usertable", "job": 4, "event": "table_file_creation", "file_number": 1165, "file_size": 67233545, "table_properties": {"data_size": 67120140, "index_size": 300916, "filter_size": 0, "raw_key_size": 390696, "raw_average_key_size": 24, "raw_value_size": 66678784, "raw_average_value_size": 4096, "num_data_blocks": 8140, "num_entries": 16279, "filter_policy_name": "", "kDeletedKeys": "0", "kMergeOperands": "0"}}
2018/11/25-10:21:37.841164 7fa09ee1f0 [db/compaction_job.cc:1211] [usertable] [JOB 4] Generated table #1166: 16279 keys, 67233358 bytes
2018/11/25-10:21:37.841312 7fa09ee1f0 EVENT_LOG_v1 {"time_micros": 1543141297841260, "cf_name": "usertable", "job": 4, "event": "table_file_creation", "file_number": 1166, "file_size": 67233358, "table_properties": {"data_size": 67118331, "index_size": 299108, "filter_size": 0, "raw_key_size": 390696, "raw_average_key_size": 24, "raw_value_size": 66678784, "raw_average_value_size": 4096, "num_data_blocks": 8140, "num_entries": 16279, "filter_policy_name": "", "kDeletedKeys": "0", "kMergeOperands": "0"}}
2018/11/25-10:21:39.319075 7fa09ee1f0 [db/compaction_job.cc:1211] [usertable] [JOB 4] Generated table #1167: 13909 keys, 57445450 bytes
2018/11/25-10:21:39.319217 7fa09ee1f0 EVENT_LOG_v1 {"time_micros": 1543141299319167, "cf_name": "usertable", "job": 4, "event": "table_file_creation", "file_number": 1167, "file_size": 57445450, "table_properties": {"data_size": 57348367, "index_size": 257071, "filter_size": 0, "raw_key_size": 333816, "raw_average_key_size": 24, "raw_value_size": 56971264, "raw_average_value_size": 4096, "num_data_blocks": 6955, "num_entries": 13909, "filter_policy_name": "", "kDeletedKeys": "0", "kMergeOperands": "0"}}
2018/11/25-10:21:39.319485 7fa09ee1f0 [db/compaction_job.cc:1287] [usertable] [JOB 4] Compacted 1@1 files to L2 => 259145685 bytes
2018/11/25-10:21:39.538614 7fa09ee1f0 (Original Log Time 2018/11/25-10:21:39.538210) [db/compaction_job.cc:685] [usertable] compacted to: base level 1 max bytes base 536870912 files[2 3 97 555 0 0 0] max score 1.44, MB/sec: 53.1 rd, 53.0 wr, level 2, files in(1, 0) out(4) MB in(247.8, 0.0) out(247.1), read-write-amplify(2.0) write-amplify(1.0) OK, records in: 62746, records dropped: 0 output_compression: LZ4
2018/11/25-10:21:39.538644 7fa09ee1f0 (Original Log Time 2018/11/25-10:21:39.538334) EVENT_LOG_v1 {"time_micros": 1543141299538279, "job": 4, "event": "compaction_finished", "compaction_time_micros": 4892289, "output_level": 2, "num_output_files": 4, "total_output_size": 259145685, "num_input_records": 62746, "num_output_records": 62746, "num_subcompactions": 1, "output_compression": "LZ4", "num_single_delete_mismatches": 0, "num_single_delete_fallthrough": 0, "lsm_state": [2, 3, 97, 555, 0, 0, 0]}
2018/11/25-10:21:39.539683 7fa09ee1f0 [db/compaction_job.cc:1531] [usertable] [JOB 5] Compacting 1@1 files to L2, score 1.44
2018/11/25-10:21:39.539729 7fa09ee1f0 [db/compaction_job.cc:1535] [usertable] Compaction start summary: Base version 7 Base level 1, inputs: [468(245MB)]
2018/11/25-10:21:39.539848 7fa09ee1f0 EVENT_LOG_v1 {"time_micros": 1543141299539811, "job": 5, "event": "compaction_started", "compaction_reason": "LevelMaxLevelSize", "files_L1": [468], "score": 1.43887, "input_data_size": 257683422}
2018/11/25-10:21:40.510239 7fa09ee1f0 [db/compaction_job.cc:1211] [usertable] [JOB 5] Generated table #1168: 16279 keys, 67233537 bytes
2018/11/25-10:21:40.510321 7fa09ee1f0 EVENT_LOG_v1 {"time_micros": 1543141300510294, "cf_name": "usertable", "job": 5, "event": "table_file_creation", "file_number": 1168, "file_size": 67233537, "table_properties": {"data_size": 67120139, "index_size": 300916, "filter_size": 0, "raw_key_size": 390696, "raw_average_key_size": 24, "raw_value_size": 66678784, "raw_average_value_size": 4096, "num_data_blocks": 8140, "num_entries": 16279, "filter_policy_name": "", "kDeletedKeys": "0", "kMergeOperands": "0"}}
2018/11/25-10:21:41.727107 7fa09ee1f0 [db/compaction_job.cc:1211] [usertable] [JOB 5] Generated table #1169: 16279 keys, 67233359 bytes
2018/11/25-10:21:41.727254 7fa09ee1f0 EVENT_LOG_v1 {"time_micros": 1543141301727202, "cf_name": "usertable", "job": 5, "event": "table_file_creation", "file_number": 1169, "file_size": 67233359, "table_properties": {"data_size": 67118331, "index_size": 299108, "filter_size": 0, "raw_key_size": 390696, "raw_average_key_size": 24, "raw_value_size": 66678784, "raw_average_value_size": 4096, "num_data_blocks": 8140, "num_entries": 16279, "filter_policy_name": "", "kDeletedKeys": "0", "kMergeOperands": "0"}}
2018/11/25-10:21:43.616145 7fa09ee1f0 [db/compaction_job.cc:1211] [usertable] [JOB 5] Generated table #1170: 16279 keys, 67233563 bytes
2018/11/25-10:21:43.616289 7fa09ee1f0 EVENT_LOG_v1 {"time_micros": 1543141303616238, "cf_name": "usertable", "job": 5, "event": "table_file_creation", "file_number": 1170, "file_size": 67233563, "table_properties": {"data_size": 67120139, "index_size": 300916, "filter_size": 0, "raw_key_size": 390696, "raw_average_key_size": 24, "raw_value_size": 66678784, "raw_average_value_size": 4096, "num_data_blocks": 8140, "num_entries": 16279, "filter_policy_name": "", "kDeletedKeys": "0", "kMergeOperands": "0"}}
2018/11/25-10:21:44.665891 7fa09ee1f0 [db/compaction_job.cc:1211] [usertable] [JOB 5] Generated table #1171: 13381 keys, 55264604 bytes
2018/11/25-10:21:44.665976 7fa09ee1f0 EVENT_LOG_v1 {"time_micros": 1543141304665948, "cf_name": "usertable", "job": 5, "event": "table_file_creation", "file_number": 1171, "file_size": 55264604, "table_properties": {"data_size": 55169877, "index_size": 245816, "filter_size": 0, "raw_key_size": 321144, "raw_average_key_size": 24, "raw_value_size": 54808576, "raw_average_value_size": 4096, "num_data_blocks": 6691, "num_entries": 13381, "filter_policy_name": "", "kDeletedKeys": "0", "kMergeOperands": "0"}}
