2018/10/20-15:30:35.885110 7f12d434e700 RocksDB version: 5.14.3
2018/10/20-15:30:35.885206 7f12d434e700 Git sha rocksdb_build_git_sha:
2018/10/20-15:30:35.885209 7f12d434e700 Compile date Oct 15 2018
2018/10/20-15:30:35.885214 7f12d434e700 DB SUMMARY
2018/10/20-15:30:35.885692 7f12d434e700 CURRENT file:  CURRENT
2018/10/20-15:30:35.885696 7f12d434e700 IDENTITY file:  IDENTITY
2018/10/20-15:30:35.885709 7f12d434e700 MANIFEST file:  MANIFEST-016788 size: 48933 Bytes
2018/10/20-15:30:35.885712 7f12d434e700 SST files in /mnt/sdc1/ycsb-rocksdb-data dir, Total Num: 288, files: 014070.sst 014172.sst 014286.sst 014287.sst 014290.sst 014294.sst 014300.sst 014429.sst 014442.sst 
2018/10/20-15:30:35.885714 7f12d434e700 Write Ahead Log file in /mnt/sdc1/ycsb-rocksdb-data: 017228.log size: 113733337 ; 017232.log size: 26892671 ; 
2018/10/20-15:30:35.885719 7f12d434e700                         Options.error_if_exists: 0
2018/10/20-15:30:35.885720 7f12d434e700                       Options.create_if_missing: 1
2018/10/20-15:30:35.885721 7f12d434e700                         Options.paranoid_checks: 1
2018/10/20-15:30:35.885722 7f12d434e700                                     Options.env: 0x7f12c71e33e0
2018/10/20-15:30:35.885723 7f12d434e700                                Options.info_log: 0x7f12083d1ba0
2018/10/20-15:30:35.885724 7f12d434e700                Options.max_file_opening_threads: 16
2018/10/20-15:30:35.885725 7f12d434e700                              Options.statistics: (nil)
2018/10/20-15:30:35.885726 7f12d434e700                               Options.use_fsync: 0
2018/10/20-15:30:35.885727 7f12d434e700                       Options.max_log_file_size: 0
2018/10/20-15:30:35.885728 7f12d434e700                  Options.max_manifest_file_size: 18446744073709551615
2018/10/20-15:30:35.885729 7f12d434e700                   Options.log_file_time_to_roll: 0
2018/10/20-15:30:35.885730 7f12d434e700                       Options.keep_log_file_num: 1000
2018/10/20-15:30:35.885731 7f12d434e700                    Options.recycle_log_file_num: 0
2018/10/20-15:30:35.885731 7f12d434e700                         Options.allow_fallocate: 1
2018/10/20-15:30:35.885732 7f12d434e700                        Options.allow_mmap_reads: 0
2018/10/20-15:30:35.885733 7f12d434e700                       Options.allow_mmap_writes: 0
2018/10/20-15:30:35.885734 7f12d434e700                        Options.use_direct_reads: 0
2018/10/20-15:30:35.885735 7f12d434e700                        Options.use_direct_io_for_flush_and_compaction: 0
2018/10/20-15:30:35.885735 7f12d434e700          Options.create_missing_column_families: 1
2018/10/20-15:30:35.885736 7f12d434e700                              Options.db_log_dir: 
2018/10/20-15:30:35.885737 7f12d434e700                                 Options.wal_dir: /mnt/sdc1/ycsb-rocksdb-data
2018/10/20-15:30:35.885738 7f12d434e700                Options.table_cache_numshardbits: 6
2018/10/20-15:30:35.885739 7f12d434e700                      Options.max_subcompactions: 4
2018/10/20-15:30:35.885740 7f12d434e700                  Options.max_background_flushes: 24
2018/10/20-15:30:35.885741 7f12d434e700                         Options.WAL_ttl_seconds: 0
2018/10/20-15:30:35.885741 7f12d434e700                       Options.WAL_size_limit_MB: 0
2018/10/20-15:30:35.885742 7f12d434e700             Options.manifest_preallocation_size: 4194304
2018/10/20-15:30:35.885743 7f12d434e700                     Options.is_fd_close_on_exec: 1
2018/10/20-15:30:35.885744 7f12d434e700                   Options.advise_random_on_open: 1
2018/10/20-15:30:35.885745 7f12d434e700                    Options.db_write_buffer_size: 0
2018/10/20-15:30:35.885746 7f12d434e700                    Options.write_buffer_manager: 0x7f12083cc510
2018/10/20-15:30:35.885746 7f12d434e700         Options.access_hint_on_compaction_start: 1
2018/10/20-15:30:35.885747 7f12d434e700  Options.new_table_reader_for_compaction_inputs: 0
2018/10/20-15:30:35.885748 7f12d434e700           Options.random_access_max_buffer_size: 1048576
2018/10/20-15:30:35.885749 7f12d434e700                      Options.use_adaptive_mutex: 0
2018/10/20-15:30:35.885750 7f12d434e700                            Options.rate_limiter: (nil)
2018/10/20-15:30:35.885765 7f12d434e700     Options.sst_file_manager.rate_bytes_per_sec: 0
2018/10/20-15:30:35.885767 7f12d434e700                       Options.wal_recovery_mode: 2
2018/10/20-15:30:35.885768 7f12d434e700                  Options.enable_thread_tracking: 0
2018/10/20-15:30:35.885769 7f12d434e700                  Options.enable_pipelined_write: 1
2018/10/20-15:30:35.885769 7f12d434e700         Options.allow_concurrent_memtable_write: 1
2018/10/20-15:30:35.885770 7f12d434e700      Options.enable_write_thread_adaptive_yield: 1
2018/10/20-15:30:35.885771 7f12d434e700             Options.write_thread_max_yield_usec: 100
2018/10/20-15:30:35.885772 7f12d434e700            Options.write_thread_slow_yield_usec: 3
2018/10/20-15:30:35.885773 7f12d434e700                               Options.row_cache: None
2018/10/20-15:30:35.885773 7f12d434e700                              Options.wal_filter: None
2018/10/20-15:30:35.885775 7f12d434e700             Options.avoid_flush_during_recovery: 0
2018/10/20-15:30:35.885775 7f12d434e700             Options.allow_ingest_behind: 0
2018/10/20-15:30:35.885776 7f12d434e700             Options.preserve_deletes: 0
2018/10/20-15:30:35.885777 7f12d434e700             Options.two_write_queues: 0
2018/10/20-15:30:35.885778 7f12d434e700             Options.manual_wal_flush: 0
2018/10/20-15:30:35.885780 7f12d434e700             Options.max_background_jobs: 24
2018/10/20-15:30:35.885781 7f12d434e700             Options.max_background_compactions: 24
2018/10/20-15:30:35.885782 7f12d434e700             Options.avoid_flush_during_shutdown: 0
2018/10/20-15:30:35.885783 7f12d434e700           Options.writable_file_max_buffer_size: 1048576
2018/10/20-15:30:35.885783 7f12d434e700             Options.delayed_write_rate : 16777216
2018/10/20-15:30:35.885784 7f12d434e700             Options.max_total_wal_size: 0
2018/10/20-15:30:35.885785 7f12d434e700             Options.delete_obsolete_files_period_micros: 21600000000
2018/10/20-15:30:35.885786 7f12d434e700                   Options.stats_dump_period_sec: 60
2018/10/20-15:30:35.885787 7f12d434e700                          Options.max_open_files: -1
2018/10/20-15:30:35.885788 7f12d434e700                          Options.bytes_per_sync: 1048576
2018/10/20-15:30:35.885789 7f12d434e700                      Options.wal_bytes_per_sync: 0
2018/10/20-15:30:35.885790 7f12d434e700       Options.compaction_readahead_size: 0
2018/10/20-15:30:35.885791 7f12d434e700 Compression algorithms supported:
2018/10/20-15:30:35.885792 7f12d434e700 	kZSTDNotFinalCompression supported: 1
2018/10/20-15:30:35.885804 7f12d434e700 	kZSTD supported: 1
2018/10/20-15:30:35.885805 7f12d434e700 	kXpressCompression supported: 0
2018/10/20-15:30:35.885806 7f12d434e700 	kLZ4HCCompression supported: 1
2018/10/20-15:30:35.885807 7f12d434e700 	kLZ4Compression supported: 1
2018/10/20-15:30:35.885808 7f12d434e700 	kBZip2Compression supported: 1
2018/10/20-15:30:35.885809 7f12d434e700 	kZlibCompression supported: 1
2018/10/20-15:30:35.885810 7f12d434e700 	kSnappyCompression supported: 1
2018/10/20-15:30:35.885814 7f12d434e700 Fast CRC32 supported: Supported on x86
2018/10/20-15:30:35.886323 7f12d434e700 [db/version_set.cc:3085] Recovering from manifest file: MANIFEST-016788
2018/10/20-15:30:35.886429 7f12d434e700 [db/column_family.cc:475] --------------- Options for column family [default]:
2018/10/20-15:30:35.886433 7f12d434e700               Options.comparator: leveldb.BytewiseComparator
2018/10/20-15:30:35.886434 7f12d434e700           Options.merge_operator: None
2018/10/20-15:30:35.886435 7f12d434e700        Options.compaction_filter: None
2018/10/20-15:30:35.886436 7f12d434e700        Options.compaction_filter_factory: None
2018/10/20-15:30:35.886437 7f12d434e700         Options.memtable_factory: SkipListFactory
2018/10/20-15:30:35.886438 7f12d434e700            Options.table_factory: BlockBasedTable
2018/10/20-15:30:35.886468 7f12d434e700            table_factory options:   flush_block_policy_factory: FlushBlockBySizePolicyFactory (0x7f120838acf0)
  cache_index_and_filter_blocks: 0
  cache_index_and_filter_blocks_with_high_priority: 0
  pin_l0_filter_and_index_blocks_in_cache: 0
  index_type: 0
  hash_index_allow_collision: 1
  checksum: 1
  no_block_cache: 0
  block_cache: 0x7f1208395e90
  block_cache_name: LRUCache
  block_cache_options:
    capacity : 8388608
    num_shard_bits : 4
    strict_capacity_limit : 0
    high_pri_pool_ratio: 0.000
  block_cache_compressed: (nil)
  persistent_cache: (nil)
  block_size: 8192
  block_size_deviation: 10
  block_restart_interval: 16
  index_block_restart_interval: 1
  metadata_block_size: 4096
  partition_filters: 0
  use_delta_encoding: 1
  filter_policy: nullptr
  whole_key_filtering: 1
  verify_compression: 0
  read_amp_bytes_per_bit: 0
  format_version: 2
  enable_index_compression: 1
  block_align: 0
2018/10/20-15:30:35.886485 7f12d434e700        Options.write_buffer_size: 134217728
2018/10/20-15:30:35.886487 7f12d434e700  Options.max_write_buffer_number: 24
2018/10/20-15:30:35.886488 7f12d434e700        Options.compression[0]: NoCompression
2018/10/20-15:30:35.886489 7f12d434e700        Options.compression[1]: NoCompression
2018/10/20-15:30:35.886490 7f12d434e700        Options.compression[2]: LZ4
2018/10/20-15:30:35.886491 7f12d434e700        Options.compression[3]: LZ4
2018/10/20-15:30:35.886492 7f12d434e700        Options.compression[4]: LZ4
2018/10/20-15:30:35.886493 7f12d434e700        Options.compression[5]: LZ4
2018/10/20-15:30:35.886494 7f12d434e700        Options.compression[6]: LZ4
2018/10/20-15:30:35.886494 7f12d434e700                  Options.bottommost_compression: Disabled
2018/10/20-15:30:35.886495 7f12d434e700       Options.prefix_extractor: nullptr
2018/10/20-15:30:35.886497 7f12d434e700   Options.memtable_insert_with_hint_prefix_extractor: nullptr
2018/10/20-15:30:35.886497 7f12d434e700             Options.num_levels: 7
2018/10/20-15:30:35.886498 7f12d434e700        Options.min_write_buffer_number_to_merge: 2
2018/10/20-15:30:35.886499 7f12d434e700     Options.max_write_buffer_number_to_maintain: 0
2018/10/20-15:30:35.886500 7f12d434e700            Options.compression_opts.window_bits: -14
2018/10/20-15:30:35.886501 7f12d434e700                  Options.compression_opts.level: -1
2018/10/20-15:30:35.886502 7f12d434e700               Options.compression_opts.strategy: 0
2018/10/20-15:30:35.886503 7f12d434e700         Options.compression_opts.max_dict_bytes: 0
2018/10/20-15:30:35.886504 7f12d434e700         Options.compression_opts.zstd_max_train_bytes: 0
2018/10/20-15:30:35.886505 7f12d434e700      Options.level0_file_num_compaction_trigger: 2
2018/10/20-15:30:35.886505 7f12d434e700          Options.level0_slowdown_writes_trigger: 20
2018/10/20-15:30:35.886506 7f12d434e700              Options.level0_stop_writes_trigger: 36
2018/10/20-15:30:35.886507 7f12d434e700                   Options.target_file_size_base: 67108864
2018/10/20-15:30:35.886508 7f12d434e700             Options.target_file_size_multiplier: 1
2018/10/20-15:30:35.886509 7f12d434e700                Options.max_bytes_for_level_base: 536870912
2018/10/20-15:30:35.886510 7f12d434e700 Options.level_compaction_dynamic_level_bytes: 0
2018/10/20-15:30:35.886511 7f12d434e700          Options.max_bytes_for_level_multiplier: 10.000000
2018/10/20-15:30:35.886513 7f12d434e700 Options.max_bytes_for_level_multiplier_addtl[0]: 1
2018/10/20-15:30:35.886514 7f12d434e700 Options.max_bytes_for_level_multiplier_addtl[1]: 1
2018/10/20-15:30:35.886515 7f12d434e700 Options.max_bytes_for_level_multiplier_addtl[2]: 1
2018/10/20-15:30:35.886516 7f12d434e700 Options.max_bytes_for_level_multiplier_addtl[3]: 1
2018/10/20-15:30:35.886517 7f12d434e700 Options.max_bytes_for_level_multiplier_addtl[4]: 1
2018/10/20-15:30:35.886518 7f12d434e700 Options.max_bytes_for_level_multiplier_addtl[5]: 1
2018/10/20-15:30:35.886518 7f12d434e700 Options.max_bytes_for_level_multiplier_addtl[6]: 1
2018/10/20-15:30:35.886519 7f12d434e700       Options.max_sequential_skip_in_iterations: 8
2018/10/20-15:30:35.886520 7f12d434e700                    Options.max_compaction_bytes: 1677721600
2018/10/20-15:30:35.886527 7f12d434e700                        Options.arena_block_size: 16777216
2018/10/20-15:30:35.886528 7f12d434e700   Options.soft_pending_compaction_bytes_limit: 68719476736
2018/10/20-15:30:35.886529 7f12d434e700   Options.hard_pending_compaction_bytes_limit: 274877906944
2018/10/20-15:30:35.886530 7f12d434e700       Options.rate_limit_delay_max_milliseconds: 100
2018/10/20-15:30:35.886531 7f12d434e700                Options.disable_auto_compactions: 0
2018/10/20-15:30:35.886533 7f12d434e700                        Options.compaction_style: kCompactionStyleLevel
2018/10/20-15:30:35.886535 7f12d434e700                          Options.compaction_pri: kByCompensatedSize
2018/10/20-15:30:35.886536 7f12d434e700 Options.compaction_options_universal.size_ratio: 1
2018/10/20-15:30:35.886537 7f12d434e700 Options.compaction_options_universal.min_merge_width: 2
2018/10/20-15:30:35.886538 7f12d434e700 Options.compaction_options_universal.max_merge_width: 4294967295
2018/10/20-15:30:35.886538 7f12d434e700 Options.compaction_options_universal.max_size_amplification_percent: 200
2018/10/20-15:30:35.886539 7f12d434e700 Options.compaction_options_universal.compression_size_percent: -1
2018/10/20-15:30:35.886541 7f12d434e700 Options.compaction_options_universal.stop_style: kCompactionStopStyleTotalSize
2018/10/20-15:30:35.886542 7f12d434e700 Options.compaction_options_fifo.max_table_files_size: 1073741824
2018/10/20-15:30:35.886543 7f12d434e700 Options.compaction_options_fifo.allow_compaction: 0
2018/10/20-15:30:35.886544 7f12d434e700 Options.compaction_options_fifo.ttl: 0
2018/10/20-15:30:35.886545 7f12d434e700                   Options.table_properties_collectors: 
2018/10/20-15:30:35.886546 7f12d434e700                   Options.inplace_update_support: 0
2018/10/20-15:30:35.886547 7f12d434e700                 Options.inplace_update_num_locks: 10000
2018/10/20-15:30:35.886548 7f12d434e700               Options.memtable_prefix_bloom_size_ratio: 0.000000
2018/10/20-15:30:35.886549 7f12d434e700   Options.memtable_huge_page_size: 0
2018/10/20-15:30:35.886550 7f12d434e700                           Options.bloom_locality: 0
2018/10/20-15:30:35.886551 7f12d434e700                    Options.max_successive_merges: 0
2018/10/20-15:30:35.886552 7f12d434e700                Options.optimize_filters_for_hits: 0
2018/10/20-15:30:35.886553 7f12d434e700                Options.paranoid_file_checks: 0
2018/10/20-15:30:35.886554 7f12d434e700                Options.force_consistency_checks: 0
2018/10/20-15:30:35.886555 7f12d434e700                Options.report_bg_io_stats: 0
2018/10/20-15:30:35.886556 7f12d434e700                               Options.ttl: 0
2018/10/20-15:30:35.887081 7f12d434e700 [db/column_family.cc:475] --------------- Options for column family [usertable]:
2018/10/20-15:30:35.887084 7f12d434e700               Options.comparator: leveldb.BytewiseComparator
2018/10/20-15:30:35.887085 7f12d434e700           Options.merge_operator: None
2018/10/20-15:30:35.887086 7f12d434e700        Options.compaction_filter: None
2018/10/20-15:30:35.887087 7f12d434e700        Options.compaction_filter_factory: None
2018/10/20-15:30:35.887088 7f12d434e700         Options.memtable_factory: SkipListFactory
2018/10/20-15:30:35.887089 7f12d434e700            Options.table_factory: BlockBasedTable
2018/10/20-15:30:35.887112 7f12d434e700            table_factory options:   flush_block_policy_factory: FlushBlockBySizePolicyFactory (0x7f120838acd0)
  cache_index_and_filter_blocks: 0
  cache_index_and_filter_blocks_with_high_priority: 0
  pin_l0_filter_and_index_blocks_in_cache: 0
  index_type: 0
  hash_index_allow_collision: 1
  checksum: 1
  no_block_cache: 0
  block_cache: 0x7f1208398d50
  block_cache_name: LRUCache
  block_cache_options:
    capacity : 8388608
    num_shard_bits : 4
    strict_capacity_limit : 0
    high_pri_pool_ratio: 0.000
  block_cache_compressed: (nil)
  persistent_cache: (nil)
  block_size: 8192
  block_size_deviation: 10
  block_restart_interval: 16
  index_block_restart_interval: 1
  metadata_block_size: 4096
  partition_filters: 0
  use_delta_encoding: 1
  filter_policy: nullptr
  whole_key_filtering: 1
  verify_compression: 0
  read_amp_bytes_per_bit: 0
  format_version: 2
  enable_index_compression: 1
  block_align: 0
2018/10/20-15:30:35.887123 7f12d434e700        Options.write_buffer_size: 134217728
2018/10/20-15:30:35.887125 7f12d434e700  Options.max_write_buffer_number: 24
2018/10/20-15:30:35.887126 7f12d434e700        Options.compression[0]: NoCompression
2018/10/20-15:30:35.887127 7f12d434e700        Options.compression[1]: NoCompression
2018/10/20-15:30:35.887128 7f12d434e700        Options.compression[2]: LZ4
2018/10/20-15:30:35.887129 7f12d434e700        Options.compression[3]: LZ4
2018/10/20-15:30:35.887130 7f12d434e700        Options.compression[4]: LZ4
2018/10/20-15:30:35.887130 7f12d434e700        Options.compression[5]: LZ4
2018/10/20-15:30:35.887131 7f12d434e700        Options.compression[6]: LZ4
2018/10/20-15:30:35.887132 7f12d434e700                  Options.bottommost_compression: Disabled
2018/10/20-15:30:35.887133 7f12d434e700       Options.prefix_extractor: nullptr
2018/10/20-15:30:35.887134 7f12d434e700   Options.memtable_insert_with_hint_prefix_extractor: nullptr
2018/10/20-15:30:35.887135 7f12d434e700             Options.num_levels: 7
2018/10/20-15:30:35.887136 7f12d434e700        Options.min_write_buffer_number_to_merge: 2
2018/10/20-15:30:35.887136 7f12d434e700     Options.max_write_buffer_number_to_maintain: 0
2018/10/20-15:30:35.887137 7f12d434e700            Options.compression_opts.window_bits: -14
2018/10/20-15:30:35.887138 7f12d434e700                  Options.compression_opts.level: -1
2018/10/20-15:30:35.887139 7f12d434e700               Options.compression_opts.strategy: 0
2018/10/20-15:30:35.887140 7f12d434e700         Options.compression_opts.max_dict_bytes: 0
2018/10/20-15:30:35.887141 7f12d434e700         Options.compression_opts.zstd_max_train_bytes: 0
2018/10/20-15:30:35.887142 7f12d434e700      Options.level0_file_num_compaction_trigger: 2
2018/10/20-15:30:35.887142 7f12d434e700          Options.level0_slowdown_writes_trigger: 20
2018/10/20-15:30:35.887143 7f12d434e700              Options.level0_stop_writes_trigger: 36
2018/10/20-15:30:35.887144 7f12d434e700                   Options.target_file_size_base: 67108864
2018/10/20-15:30:35.887145 7f12d434e700             Options.target_file_size_multiplier: 1
2018/10/20-15:30:35.887146 7f12d434e700                Options.max_bytes_for_level_base: 536870912
2018/10/20-15:30:35.887147 7f12d434e700 Options.level_compaction_dynamic_level_bytes: 0
2018/10/20-15:30:35.887148 7f12d434e700          Options.max_bytes_for_level_multiplier: 10.000000
2018/10/20-15:30:35.887149 7f12d434e700 Options.max_bytes_for_level_multiplier_addtl[0]: 1
2018/10/20-15:30:35.887151 7f12d434e700 Options.max_bytes_for_level_multiplier_addtl[1]: 1
2018/10/20-15:30:35.887151 7f12d434e700 Options.max_bytes_for_level_multiplier_addtl[2]: 1
2018/10/20-15:30:35.887152 7f12d434e700 Options.max_bytes_for_level_multiplier_addtl[3]: 1
2018/10/20-15:30:35.887153 7f12d434e700 Options.max_bytes_for_level_multiplier_addtl[4]: 1
2018/10/20-15:30:35.887154 7f12d434e700 Options.max_bytes_for_level_multiplier_addtl[5]: 1
2018/10/20-15:30:35.887155 7f12d434e700 Options.max_bytes_for_level_multiplier_addtl[6]: 1
2018/10/20-15:30:35.887156 7f12d434e700       Options.max_sequential_skip_in_iterations: 8
2018/10/20-15:30:35.887156 7f12d434e700                    Options.max_compaction_bytes: 1677721600
2018/10/20-15:30:35.887157 7f12d434e700                        Options.arena_block_size: 16777216
2018/10/20-15:30:35.887158 7f12d434e700   Options.soft_pending_compaction_bytes_limit: 68719476736
2018/10/20-15:30:35.887159 7f12d434e700   Options.hard_pending_compaction_bytes_limit: 274877906944
2018/10/20-15:30:35.887160 7f12d434e700       Options.rate_limit_delay_max_milliseconds: 100
2018/10/20-15:30:35.887161 7f12d434e700                Options.disable_auto_compactions: 0
2018/10/20-15:30:35.887162 7f12d434e700                        Options.compaction_style: kCompactionStyleLevel
2018/10/20-15:30:35.887169 7f12d434e700                          Options.compaction_pri: kByCompensatedSize
2018/10/20-15:30:35.887170 7f12d434e700 Options.compaction_options_universal.size_ratio: 1
2018/10/20-15:30:35.887171 7f12d434e700 Options.compaction_options_universal.min_merge_width: 2
2018/10/20-15:30:35.887172 7f12d434e700 Options.compaction_options_universal.max_merge_width: 4294967295
2018/10/20-15:30:35.887173 7f12d434e700 Options.compaction_options_universal.max_size_amplification_percent: 200
2018/10/20-15:30:35.887174 7f12d434e700 Options.compaction_options_universal.compression_size_percent: -1
2018/10/20-15:30:35.887175 7f12d434e700 Options.compaction_options_universal.stop_style: kCompactionStopStyleTotalSize
2018/10/20-15:30:35.887176 7f12d434e700 Options.compaction_options_fifo.max_table_files_size: 1073741824
2018/10/20-15:30:35.887177 7f12d434e700 Options.compaction_options_fifo.allow_compaction: 0
2018/10/20-15:30:35.887177 7f12d434e700 Options.compaction_options_fifo.ttl: 0
2018/10/20-15:30:35.887178 7f12d434e700                   Options.table_properties_collectors: 
2018/10/20-15:30:35.887179 7f12d434e700                   Options.inplace_update_support: 0
2018/10/20-15:30:35.887180 7f12d434e700                 Options.inplace_update_num_locks: 10000
2018/10/20-15:30:35.887181 7f12d434e700               Options.memtable_prefix_bloom_size_ratio: 0.000000
2018/10/20-15:30:35.887182 7f12d434e700   Options.memtable_huge_page_size: 0
2018/10/20-15:30:35.887183 7f12d434e700                           Options.bloom_locality: 0
2018/10/20-15:30:35.887184 7f12d434e700                    Options.max_successive_merges: 0
2018/10/20-15:30:35.887185 7f12d434e700                Options.optimize_filters_for_hits: 0
2018/10/20-15:30:35.887186 7f12d434e700                Options.paranoid_file_checks: 0
2018/10/20-15:30:35.887187 7f12d434e700                Options.force_consistency_checks: 0
2018/10/20-15:30:35.887187 7f12d434e700                Options.report_bg_io_stats: 0
2018/10/20-15:30:35.887188 7f12d434e700                               Options.ttl: 0
2018/10/20-15:30:36.111381 7f12d434e700 [db/version_set.cc:3361] Recovered from manifest file:/mnt/sdc1/ycsb-rocksdb-data/MANIFEST-016788 succeeded,manifest_file_number is 16788, next_file_number is 17237, last_sequence is 40470404, log_number is 0,prev_log_number is 0,max_column_family is 1,min_log_number_to_keep is 0
2018/10/20-15:30:36.111392 7f12d434e700 [db/version_set.cc:3369] Column family [default] (ID 0), log number is 16787
2018/10/20-15:30:36.111394 7f12d434e700 [db/version_set.cc:3369] Column family [usertable] (ID 1), log number is 17228
2018/10/20-15:30:36.112335 7f12d434e700 EVENT_LOG_v1 {"time_micros": 1540074636112304, "job": 1, "event": "recovery_started", "log_files": [17228, 17232]}
2018/10/20-15:30:36.112344 7f12d434e700 [db/db_impl_open.cc:551] Recovering log #17228 mode 2
2018/10/20-15:30:36.458689 7f12d434e700 [db/db_impl_open.cc:551] Recovering log #17232 mode 2
2018/10/20-15:30:36.870406 7f12d434e700 EVENT_LOG_v1 {"time_micros": 1540074636870379, "cf_name": "usertable", "job": 1, "event": "table_file_creation", "file_number": 17237, "file_size": 91279402, "table_properties": {"data_size": 90890426, "index_size": 388054, "filter_size": 0, "raw_key_size": 528960, "raw_average_key_size": 24, "raw_value_size": 90275840, "raw_average_value_size": 4096, "num_data_blocks": 11020, "num_entries": 22040, "filter_policy_name": "", "kDeletedKeys": "0", "kMergeOperands": "0"}}
2018/10/20-15:30:36.909852 7f12d434e700 [db/version_set.cc:2847] Creating manifest 17238
2018/10/20-15:30:37.035518 7f12d434e700 EVENT_LOG_v1 {"time_micros": 1540074637035493, "cf_name": "usertable", "job": 1, "event": "table_file_creation", "file_number": 17239, "file_size": 9062235, "table_properties": {"data_size": 9024136, "index_size": 37178, "filter_size": 0, "raw_key_size": 52512, "raw_average_key_size": 24, "raw_value_size": 8962048, "raw_average_value_size": 4096, "num_data_blocks": 1094, "num_entries": 2188, "filter_policy_name": "", "kDeletedKeys": "0", "kMergeOperands": "0"}}
2018/10/20-15:30:37.064965 7f12d434e700 EVENT_LOG_v1 {"time_micros": 1540074637064961, "job": 1, "event": "recovery_finished"}
2018/10/20-15:30:37.065148 7f12d434e700 [db/column_family.cc:837] [usertable] Increasing compaction threads because we have 4 level-0 files 
2018/10/20-15:30:37.122865 7f12d434e700 [db/db_impl_open.cc:1219] DB pointer 0x7f12083d0c30
2018/10/20-15:30:37.123177 7f12c62db700 [WARN] [db/db_impl.cc:491] ------- DUMPING STATS -------
2018/10/20-15:30:37.123222 7f12c62db700 [WARN] [db/db_impl.cc:492] 
** DB Stats **
Uptime(secs): 1.2 total, 1.2 interval
Cumulative writes: 0 writes, 0 keys, 0 commit groups, 0.0 writes per commit group, ingest: 0.00 GB, 0.00 MB/s
Cumulative WAL: 0 writes, 0 syncs, 0.00 writes per sync, written: 0.00 GB, 0.00 MB/s
Cumulative stall: 00:00:0.000 H:M:S, 0.0 percent
Interval writes: 0 writes, 0 keys, 0 commit groups, 0.0 writes per commit group, ingest: 0.00 MB, 0.00 MB/s
Interval WAL: 0 writes, 0 syncs, 0.00 writes per sync, written: 0.00 MB, 0.00 MB/s
Interval stall: 00:00:0.000 H:M:S, 0.0 percent

** Compaction Stats [default] **
Level    Files   Size     Score Read(GB)  Rn(GB) Rnp1(GB) Write(GB) Wnew(GB) Moved(GB) W-Amp Rd(MB/s) Wr(MB/s) Comp(sec) Comp(cnt) Avg(sec) KeyIn KeyDrop
----------------------------------------------------------------------------------------------------------------------------------------------------------
 Sum      0/0    0.00 KB   0.0      0.0     0.0      0.0       0.0      0.0       0.0   0.0      0.0      0.0         0         0    0.000       0      0
 Int      0/0    0.00 KB   0.0      0.0     0.0      0.0       0.0      0.0       0.0   0.0      0.0      0.0         0         0    0.000       0      0
Uptime(secs): 1.2 total, 1.2 interval
Flush(GB): cumulative 0.000, interval 0.000
AddFile(GB): cumulative 0.000, interval 0.000
AddFile(Total Files): cumulative 0, interval 0
AddFile(L0 Files): cumulative 0, interval 0
AddFile(Keys): cumulative 0, interval 0
Cumulative compaction: 0.00 GB write, 0.00 MB/s write, 0.00 GB read, 0.00 MB/s read, 0.0 seconds
Interval compaction: 0.00 GB write, 0.00 MB/s write, 0.00 GB read, 0.00 MB/s read, 0.0 seconds
Stalls(count): 0 level0_slowdown, 0 level0_slowdown_with_compaction, 0 level0_numfiles, 0 level0_numfiles_with_compaction, 0 stop for pending_compaction_bytes, 0 slowdown for pending_compaction_bytes, 0 memtable_compaction, 0 memtable_slowdown, interval 0 total count

** File Read Latency Histogram By Level [default] **

** Compaction Stats [usertable] **
Level    Files   Size     Score Read(GB)  Rn(GB) Rnp1(GB) Write(GB) Wnew(GB) Moved(GB) W-Amp Rd(MB/s) Wr(MB/s) Comp(sec) Comp(cnt) Avg(sec) KeyIn KeyDrop
----------------------------------------------------------------------------------------------------------------------------------------------------------
  L0      4/0   773.16 MB   2.0      0.0     0.0      0.0       0.1      0.1       0.0   1.0      0.0    222.4         0         2    0.215       0      0
  L1     12/0   519.37 MB   1.0      0.0     0.0      0.0       0.0      0.0       0.0   0.0      0.0      0.0         0         0    0.000       0      0
  L2     94/0    5.26 GB   1.1      0.0     0.0      0.0       0.0      0.0       0.0   0.0      0.0      0.0         0         0    0.000       0      0
  L3    180/0   10.04 GB   0.2      0.0     0.0      0.0       0.0      0.0       0.0   0.0      0.0      0.0         0         0    0.000       0      0
 Sum    290/0   16.57 GB   0.0      0.0     0.0      0.0       0.1      0.1       0.0   1.0      0.0    222.4         0         2    0.215       0      0
 Int      0/0    0.00 KB   0.0      0.0     0.0      0.0       0.1      0.1       0.0   1.0      0.0    222.4         0         2    0.215       0      0
Uptime(secs): 1.2 total, 1.2 interval
Flush(GB): cumulative 0.093, interval 0.093
AddFile(GB): cumulative 0.000, interval 0.000
AddFile(Total Files): cumulative 0, interval 0
AddFile(L0 Files): cumulative 0, interval 0
AddFile(Keys): cumulative 0, interval 0
Cumulative compaction: 0.09 GB write, 77.42 MB/s write, 0.00 GB read, 0.00 MB/s read, 0.4 seconds
Interval compaction: 0.09 GB write, 77.42 MB/s write, 0.00 GB read, 0.00 MB/s read, 0.4 seconds
Stalls(count): 0 level0_slowdown, 0 level0_slowdown_with_compaction, 0 level0_numfiles, 0 level0_numfiles_with_compaction, 0 stop for pending_compaction_bytes, 0 slowdown for pending_compaction_bytes, 0 memtable_compaction, 0 memtable_slowdown, interval 0 total count

** File Read Latency Histogram By Level [usertable] **

** Compaction Stats [default] **
Level    Files   Size     Score Read(GB)  Rn(GB) Rnp1(GB) Write(GB) Wnew(GB) Moved(GB) W-Amp Rd(MB/s) Wr(MB/s) Comp(sec) Comp(cnt) Avg(sec) KeyIn KeyDrop
----------------------------------------------------------------------------------------------------------------------------------------------------------
 Sum      0/0    0.00 KB   0.0      0.0     0.0      0.0       0.0      0.0       0.0   0.0      0.0      0.0         0         0    0.000       0      0
 Int      0/0    0.00 KB   0.0      0.0     0.0      0.0       0.0      0.0       0.0   0.0      0.0      0.0         0         0    0.000       0      0
Uptime(secs): 1.2 total, 0.0 interval
Flush(GB): cumulative 0.000, interval 0.000
AddFile(GB): cumulative 0.000, interval 0.000
AddFile(Total Files): cumulative 0, interval 0
AddFile(L0 Files): cumulative 0, interval 0
AddFile(Keys): cumulative 0, interval 0
Cumulative compaction: 0.00 GB write, 0.00 MB/s write, 0.00 GB read, 0.00 MB/s read, 0.0 seconds
Interval compaction: 0.00 GB write, 0.00 MB/s write, 0.00 GB read, 0.00 MB/s read, 0.0 seconds
Stalls(count): 0 level0_slowdown, 0 level0_slowdown_with_compaction, 0 level0_numfiles, 0 level0_numfiles_with_compaction, 0 stop for pending_compaction_bytes, 0 slowdown for pending_compaction_bytes, 0 memtable_compaction, 0 memtable_slowdown, interval 0 total count

** File Read Latency Histogram By Level [default] **

** Compaction Stats [usertable] **
Level    Files   Size     Score Read(GB)  Rn(GB) Rnp1(GB) Write(GB) Wnew(GB) Moved(GB) W-Amp Rd(MB/s) Wr(MB/s) Comp(sec) Comp(cnt) Avg(sec) KeyIn KeyDrop
----------------------------------------------------------------------------------------------------------------------------------------------------------
  L0      4/0   773.16 MB   2.0      0.0     0.0      0.0       0.1      0.1       0.0   1.0      0.0    222.4         0         2    0.215       0      0
  L1     12/0   519.37 MB   1.0      0.0     0.0      0.0       0.0      0.0       0.0   0.0      0.0      0.0         0         0    0.000       0      0
  L2     94/0    5.26 GB   1.1      0.0     0.0      0.0       0.0      0.0       0.0   0.0      0.0      0.0         0         0    0.000       0      0
  L3    180/0   10.04 GB   0.2      0.0     0.0      0.0       0.0      0.0       0.0   0.0      0.0      0.0         0         0    0.000       0      0
 Sum    290/0   16.57 GB   0.0      0.0     0.0      0.0       0.1      0.1       0.0   1.0      0.0    222.4         0         2    0.215       0      0
 Int      0/0    0.00 KB   0.0      0.0     0.0      0.0       0.0      0.0       0.0   0.0      0.0      0.0         0         0    0.000       0      0
Uptime(secs): 1.2 total, 0.0 interval
Flush(GB): cumulative 0.093, interval 0.000
AddFile(GB): cumulative 0.000, interval 0.000
AddFile(Total Files): cumulative 0, interval 0
AddFile(L0 Files): cumulative 0, interval 0
AddFile(Keys): cumulative 0, interval 0
Cumulative compaction: 0.09 GB write, 77.42 MB/s write, 0.00 GB read, 0.00 MB/s read, 0.4 seconds
Interval compaction: 0.00 GB write, 0.00 MB/s write, 0.00 GB read, 0.00 MB/s read, 0.0 seconds
Stalls(count): 0 level0_slowdown, 0 level0_slowdown_with_compaction, 0 level0_numfiles, 0 level0_numfiles_with_compaction, 0 stop for pending_compaction_bytes, 0 slowdown for pending_compaction_bytes, 0 memtable_compaction, 0 memtable_slowdown, interval 0 total count

** File Read Latency Histogram By Level [usertable] **
2018/10/20-15:30:37.123674 7f12c62db700 [db/compaction_job.cc:1531] [usertable] [JOB 3] Compacting 4@0 + 12@1 files to L1, score 2.00
2018/10/20-15:30:37.123686 7f12c62db700 [db/compaction_job.cc:1535] [usertable] Compaction start summary: Base version 5 Base level 0, inputs: [17239(8849KB) 17237(87MB) 17229(149MB) 17180(527MB)], [17140(64MB) 17143(64MB) 17146(64MB) 17148(16MB) 17150(1270KB) 17129(64MB) 17145(13MB) 17127(64MB) 17133(64MB) 17144(45MB) 17149(12MB) 17126(44MB)]
2018/10/20-15:30:37.123709 7f12c62db700 EVENT_LOG_v1 {"time_micros": 1540074637123692, "job": 3, "event": "compaction_started", "compaction_reason": "LevelL0FilesNum", "files_L0": [17239, 17237, 17229, 17180], "files_L1": [17140, 17143, 17146, 17148, 17150, 17129, 17145, 17127, 17133, 17144, 17149, 17126], "score": 2, "input_data_size": 1355317369}
2018/10/20-15:30:37.123748 7f12c5ada700 [db/compaction_job.cc:1531] [usertable] [JOB 4] Compacting 1@2 + 3@3 files to L3, score 1.05
2018/10/20-15:30:37.123757 7f12c5ada700 [db/compaction_job.cc:1535] [usertable] Compaction start summary: Base version 5 Base level 2, inputs: [17190(64MB)], [16329(64MB) 16335(16MB) 14442(64MB)]
2018/10/20-15:30:37.123770 7f12c5ada700 EVENT_LOG_v1 {"time_micros": 1540074637123763, "job": 4, "event": "compaction_started", "compaction_reason": "LevelMaxLevelSize", "files_L2": [17190], "files_L3": [16329, 16335, 14442], "score": 1.05254, "input_data_size": 219115235}
2018/10/20-15:30:37.123820 7f12c52d9700 [db/compaction_job.cc:1531] [usertable] [JOB 5] Compacting 1@2 + 3@3 files to L3, score 1.04
2018/10/20-15:30:37.123842 7f12c52d9700 [db/compaction_job.cc:1535] [usertable] Compaction start summary: Base version 5 Base level 2, inputs: [17196(64MB)], [15166(64MB) 15551(64MB) 15572(64MB)]
2018/10/20-15:30:37.123864 7f12c52d9700 EVENT_LOG_v1 {"time_micros": 1540074637123853, "job": 5, "event": "compaction_started", "compaction_reason": "LevelMaxLevelSize", "files_L2": [17196], "files_L3": [15166, 15551, 15572], "score": 1.04001, "input_data_size": 268964147}
2018/10/20-15:30:37.123897 7f12c4ad8700 [db/compaction_job.cc:1531] [usertable] [JOB 6] Compacting 1@2 + 4@3 files to L3, score 1.03
2018/10/20-15:30:37.123912 7f12c4ad8700 [db/compaction_job.cc:1535] [usertable] Compaction start summary: Base version 5 Base level 2, inputs: [17220(64MB)], [16882(64MB) 16894(2517KB) 14444(64MB) 16078(64MB)]
2018/10/20-15:30:37.123933 7f12c4ad8700 EVENT_LOG_v1 {"time_micros": 1540074637123922, "job": 6, "event": "compaction_started", "compaction_reason": "LevelMaxLevelSize", "files_L2": [17220], "files_L3": [16882, 16894, 14444, 16078], "score": 1.02748, "input_data_size": 271541368}
2018/10/20-15:30:37.123949 7f12b7fff700 [db/compaction_job.cc:1531] [usertable] [JOB 7] Compacting 1@2 + 2@3 files to L3, score 1.01
2018/10/20-15:30:37.123960 7f12b7fff700 [db/compaction_job.cc:1535] [usertable] Compaction start summary: Base version 5 Base level 2, inputs: [17052(64MB)], [14575(64MB) 16047(64MB)]
2018/10/20-15:30:37.123976 7f12b7fff700 EVENT_LOG_v1 {"time_micros": 1540074637123966, "job": 7, "event": "compaction_started", "compaction_reason": "LevelMaxLevelSize", "files_L2": [17052], "files_L3": [14575, 16047], "score": 1.01495, "input_data_size": 201729780}
2018/10/20-15:30:37.123999 7f12b77fe700 [db/compaction_job.cc:1531] [usertable] [JOB 8] Compacting 1@2 + 3@3 files to L3, score 1.00
2018/10/20-15:30:37.124012 7f12b77fe700 [db/compaction_job.cc:1535] [usertable] Compaction start summary: Base version 5 Base level 2, inputs: [16927(64MB)], [16046(64MB) 16055(64MB) 15259(64MB)]
2018/10/20-15:30:37.124032 7f12b77fe700 EVENT_LOG_v1 {"time_micros": 1540074637124022, "job": 8, "event": "compaction_started", "compaction_reason": "LevelMaxLevelSize", "files_L2": [16927], "files_L3": [16046, 16055, 15259], "score": 1.00242, "input_data_size": 268962970}
2018/10/20-15:30:41.893446 7f10d97fa700 [db/compaction_job.cc:1211] [usertable] [JOB 3] Generated table #17250: 16277 keys, 67411701 bytes
2018/10/20-15:30:41.893481 7f10d97fa700 EVENT_LOG_v1 {"time_micros": 1540074641893465, "cf_name": "usertable", "job": 3, "event": "table_file_creation", "file_number": 17250, "file_size": 67411701, "table_properties": {"data_size": 67113469, "index_size": 297311, "filter_size": 0, "raw_key_size": 390648, "raw_average_key_size": 24, "raw_value_size": 66670592, "raw_average_value_size": 4096, "num_data_blocks": 8139, "num_entries": 16277, "filter_policy_name": "", "kDeletedKeys": "0", "kMergeOperands": "0"}}
2018/10/20-15:30:42.188198 7f12c62db700 [db/compaction_job.cc:1211] [usertable] [JOB 3] Generated table #17247: 16277 keys, 67412063 bytes
2018/10/20-15:30:42.188250 7f12c62db700 EVENT_LOG_v1 {"time_micros": 1540074642188220, "cf_name": "usertable", "job": 3, "event": "table_file_creation", "file_number": 17247, "file_size": 67412063, "table_properties": {"data_size": 67117365, "index_size": 293777, "filter_size": 0, "raw_key_size": 390648, "raw_average_key_size": 24, "raw_value_size": 66670592, "raw_average_value_size": 4096, "num_data_blocks": 8139, "num_entries": 16277, "filter_policy_name": "", "kDeletedKeys": "0", "kMergeOperands": "0"}}
2018/10/20-15:30:42.223807 7f10da7fc700 [db/compaction_job.cc:1211] [usertable] [JOB 3] Generated table #17249: 16277 keys, 67411802 bytes
2018/10/20-15:30:42.223832 7f10da7fc700 EVENT_LOG_v1 {"time_micros": 1540074642223820, "cf_name": "usertable", "job": 3, "event": "table_file_creation", "file_number": 17249, "file_size": 67411802, "table_properties": {"data_size": 67114113, "index_size": 296768, "filter_size": 0, "raw_key_size": 390648, "raw_average_key_size": 24, "raw_value_size": 66670592, "raw_average_value_size": 4096, "num_data_blocks": 8139, "num_entries": 16277, "filter_policy_name": "", "kDeletedKeys": "0", "kMergeOperands": "0"}}
2018/10/20-15:30:42.809333 7f12b77fe700 [db/compaction_job.cc:1211] [usertable] [JOB 8] Generated table #17248: 16279 keys, 67233358 bytes
2018/10/20-15:30:42.809379 7f12b77fe700 EVENT_LOG_v1 {"time_micros": 1540074642809365, "cf_name": "usertable", "job": 8, "event": "table_file_creation", "file_number": 17248, "file_size": 67233358, "table_properties": {"data_size": 67118331, "index_size": 299107, "filter_size": 0, "raw_key_size": 390696, "raw_average_key_size": 24, "raw_value_size": 66678784, "raw_average_value_size": 4096, "num_data_blocks": 8140, "num_entries": 16279, "filter_policy_name": "", "kDeletedKeys": "0", "kMergeOperands": "0"}}
2018/10/20-15:30:43.051485 7f12c4ad8700 [db/compaction_job.cc:1211] [usertable] [JOB 6] Generated table #17245: 16279 keys, 67233530 bytes
2018/10/20-15:30:43.051530 7f12c4ad8700 EVENT_LOG_v1 {"time_micros": 1540074643051511, "cf_name": "usertable", "job": 6, "event": "table_file_creation", "file_number": 17245, "file_size": 67233530, "table_properties": {"data_size": 67120139, "index_size": 300916, "filter_size": 0, "raw_key_size": 390696, "raw_average_key_size": 24, "raw_value_size": 66678784, "raw_average_value_size": 4096, "num_data_blocks": 8140, "num_entries": 16279, "filter_policy_name": "", "kDeletedKeys": "0", "kMergeOperands": "0"}}
2018/10/20-15:30:43.216690 7f10d9ffb700 [db/compaction_job.cc:1211] [usertable] [JOB 3] Generated table #17251: 16277 keys, 67411736 bytes
