2019/03/23-01:55:20.347291 7f08427fc700 RocksDB version: 5.14.3
2019/03/23-01:55:20.347371 7f08427fc700 Git sha rocksdb_build_git_sha:
2019/03/23-01:55:20.347374 7f08427fc700 Compile date Oct  9 2018
2019/03/23-01:55:20.347378 7f08427fc700 DB SUMMARY
2019/03/23-01:55:20.348004 7f08427fc700 CURRENT file:  CURRENT
2019/03/23-01:55:20.348008 7f08427fc700 IDENTITY file:  IDENTITY
2019/03/23-01:55:20.348026 7f08427fc700 MANIFEST file:  MANIFEST-000004 size: 131191 Bytes
2019/03/23-01:55:20.348030 7f08427fc700 SST files in /mnt/sdb/ycsb-rocksdb-data dir, Total Num: 736, files: 000015.sst 000016.sst 000017.sst 000018.sst 000019.sst 000020.sst 000021.sst 000022.sst 000029.sst 
2019/03/23-01:55:20.348035 7f08427fc700 Write Ahead Log file in /mnt/sdb/ycsb-rocksdb-data: 001354.log size: 61915853 ; 
2019/03/23-01:55:20.348064 7f08427fc700                         Options.error_if_exists: 0
2019/03/23-01:55:20.348065 7f08427fc700                       Options.create_if_missing: 1
2019/03/23-01:55:20.348066 7f08427fc700                         Options.paranoid_checks: 1
2019/03/23-01:55:20.348067 7f08427fc700                                     Options.env: 0x7f0841e77080
2019/03/23-01:55:20.348068 7f08427fc700                                Options.info_log: 0x7f07e83a4100
2019/03/23-01:55:20.348068 7f08427fc700                Options.max_file_opening_threads: 16
2019/03/23-01:55:20.348069 7f08427fc700                              Options.statistics: (nil)
2019/03/23-01:55:20.348070 7f08427fc700                               Options.use_fsync: 0
2019/03/23-01:55:20.348071 7f08427fc700                       Options.max_log_file_size: 0
2019/03/23-01:55:20.348072 7f08427fc700                  Options.max_manifest_file_size: 18446744073709551615
2019/03/23-01:55:20.348073 7f08427fc700                   Options.log_file_time_to_roll: 0
2019/03/23-01:55:20.348074 7f08427fc700                       Options.keep_log_file_num: 1000
2019/03/23-01:55:20.348075 7f08427fc700                    Options.recycle_log_file_num: 0
2019/03/23-01:55:20.348076 7f08427fc700                         Options.allow_fallocate: 1
2019/03/23-01:55:20.348076 7f08427fc700                        Options.allow_mmap_reads: 0
2019/03/23-01:55:20.348077 7f08427fc700                       Options.allow_mmap_writes: 0
2019/03/23-01:55:20.348078 7f08427fc700                        Options.use_direct_reads: 0
2019/03/23-01:55:20.348079 7f08427fc700                        Options.use_direct_io_for_flush_and_compaction: 0
2019/03/23-01:55:20.348080 7f08427fc700          Options.create_missing_column_families: 1
2019/03/23-01:55:20.348081 7f08427fc700                              Options.db_log_dir: 
2019/03/23-01:55:20.348082 7f08427fc700                                 Options.wal_dir: /mnt/sdb/ycsb-rocksdb-data
2019/03/23-01:55:20.348083 7f08427fc700                Options.table_cache_numshardbits: 6
2019/03/23-01:55:20.348084 7f08427fc700                      Options.max_subcompactions: 4
2019/03/23-01:55:20.348084 7f08427fc700                  Options.max_background_flushes: 24
2019/03/23-01:55:20.348085 7f08427fc700                         Options.WAL_ttl_seconds: 0
2019/03/23-01:55:20.348086 7f08427fc700                       Options.WAL_size_limit_MB: 0
2019/03/23-01:55:20.348087 7f08427fc700             Options.manifest_preallocation_size: 4194304
2019/03/23-01:55:20.348088 7f08427fc700                     Options.is_fd_close_on_exec: 1
2019/03/23-01:55:20.348089 7f08427fc700                   Options.advise_random_on_open: 1
2019/03/23-01:55:20.348090 7f08427fc700                    Options.db_write_buffer_size: 0
2019/03/23-01:55:20.348091 7f08427fc700                    Options.write_buffer_manager: 0x7f07e83a3af0
2019/03/23-01:55:20.348091 7f08427fc700         Options.access_hint_on_compaction_start: 1
2019/03/23-01:55:20.348092 7f08427fc700  Options.new_table_reader_for_compaction_inputs: 0
2019/03/23-01:55:20.348093 7f08427fc700           Options.random_access_max_buffer_size: 1048576
2019/03/23-01:55:20.348094 7f08427fc700                      Options.use_adaptive_mutex: 0
2019/03/23-01:55:20.348095 7f08427fc700                            Options.rate_limiter: (nil)
2019/03/23-01:55:20.348112 7f08427fc700     Options.sst_file_manager.rate_bytes_per_sec: 0
2019/03/23-01:55:20.348114 7f08427fc700                       Options.wal_recovery_mode: 2
2019/03/23-01:55:20.348115 7f08427fc700                  Options.enable_thread_tracking: 0
2019/03/23-01:55:20.348116 7f08427fc700                  Options.enable_pipelined_write: 1
2019/03/23-01:55:20.348117 7f08427fc700         Options.allow_concurrent_memtable_write: 1
2019/03/23-01:55:20.348118 7f08427fc700      Options.enable_write_thread_adaptive_yield: 1
2019/03/23-01:55:20.348118 7f08427fc700             Options.write_thread_max_yield_usec: 100
2019/03/23-01:55:20.348119 7f08427fc700            Options.write_thread_slow_yield_usec: 3
2019/03/23-01:55:20.348120 7f08427fc700                               Options.row_cache: None
2019/03/23-01:55:20.348121 7f08427fc700                              Options.wal_filter: None
2019/03/23-01:55:20.348122 7f08427fc700             Options.avoid_flush_during_recovery: 0
2019/03/23-01:55:20.348123 7f08427fc700             Options.allow_ingest_behind: 0
2019/03/23-01:55:20.348124 7f08427fc700             Options.preserve_deletes: 0
2019/03/23-01:55:20.348125 7f08427fc700             Options.two_write_queues: 0
2019/03/23-01:55:20.348126 7f08427fc700             Options.manual_wal_flush: 0
2019/03/23-01:55:20.348128 7f08427fc700             Options.max_background_jobs: 24
2019/03/23-01:55:20.348129 7f08427fc700             Options.max_background_compactions: 24
2019/03/23-01:55:20.348129 7f08427fc700             Options.avoid_flush_during_shutdown: 0
2019/03/23-01:55:20.348130 7f08427fc700           Options.writable_file_max_buffer_size: 1048576
2019/03/23-01:55:20.348131 7f08427fc700             Options.delayed_write_rate : 16777216
2019/03/23-01:55:20.348132 7f08427fc700             Options.max_total_wal_size: 0
2019/03/23-01:55:20.348133 7f08427fc700             Options.delete_obsolete_files_period_micros: 21600000000
2019/03/23-01:55:20.348134 7f08427fc700                   Options.stats_dump_period_sec: 60
2019/03/23-01:55:20.348135 7f08427fc700                          Options.max_open_files: -1
2019/03/23-01:55:20.348136 7f08427fc700                          Options.bytes_per_sync: 1048576
2019/03/23-01:55:20.348137 7f08427fc700                      Options.wal_bytes_per_sync: 0
2019/03/23-01:55:20.348138 7f08427fc700       Options.compaction_readahead_size: 0
2019/03/23-01:55:20.348139 7f08427fc700 Compression algorithms supported:
2019/03/23-01:55:20.348140 7f08427fc700 	kZSTDNotFinalCompression supported: 1
2019/03/23-01:55:20.348150 7f08427fc700 	kZSTD supported: 1
2019/03/23-01:55:20.348152 7f08427fc700 	kXpressCompression supported: 0
2019/03/23-01:55:20.348153 7f08427fc700 	kLZ4HCCompression supported: 1
2019/03/23-01:55:20.348154 7f08427fc700 	kLZ4Compression supported: 1
2019/03/23-01:55:20.348155 7f08427fc700 	kBZip2Compression supported: 1
2019/03/23-01:55:20.348156 7f08427fc700 	kZlibCompression supported: 1
2019/03/23-01:55:20.348157 7f08427fc700 	kSnappyCompression supported: 1
2019/03/23-01:55:20.348161 7f08427fc700 Fast CRC32 supported: Not supported on x86
2019/03/23-01:55:20.348626 7f08427fc700 [db/version_set.cc:3085] Recovering from manifest file: MANIFEST-000004
2019/03/23-01:55:20.348727 7f08427fc700 [db/column_family.cc:475] --------------- Options for column family [default]:
2019/03/23-01:55:20.348731 7f08427fc700               Options.comparator: leveldb.BytewiseComparator
2019/03/23-01:55:20.348732 7f08427fc700           Options.merge_operator: None
2019/03/23-01:55:20.348733 7f08427fc700        Options.compaction_filter: None
2019/03/23-01:55:20.348734 7f08427fc700        Options.compaction_filter_factory: None
2019/03/23-01:55:20.348735 7f08427fc700         Options.memtable_factory: SkipListFactory
2019/03/23-01:55:20.348737 7f08427fc700            Options.table_factory: BlockBasedTable
2019/03/23-01:55:20.348761 7f08427fc700            table_factory options:   flush_block_policy_factory: FlushBlockBySizePolicyFactory (0x7f07e83a4760)
  cache_index_and_filter_blocks: 0
  cache_index_and_filter_blocks_with_high_priority: 0
  pin_l0_filter_and_index_blocks_in_cache: 0
  index_type: 0
  hash_index_allow_collision: 1
  checksum: 1
  no_block_cache: 0
  block_cache: 0x7f07e8396640
  block_cache_name: LRUCache
  block_cache_options:
    capacity : 8388608
    num_shard_bits : 4
    strict_capacity_limit : 0
    high_pri_pool_ratio: 0.000
  block_cache_compressed: (nil)
  persistent_cache: (nil)
  block_size: 8192
  block_size_deviation: 10
  block_restart_interval: 16
  index_block_restart_interval: 1
  metadata_block_size: 4096
  partition_filters: 0
  use_delta_encoding: 1
  filter_policy: nullptr
  whole_key_filtering: 1
  verify_compression: 0
  read_amp_bytes_per_bit: 0
  format_version: 2
  enable_index_compression: 1
  block_align: 0
2019/03/23-01:55:20.348774 7f08427fc700        Options.write_buffer_size: 134217728
2019/03/23-01:55:20.348776 7f08427fc700  Options.max_write_buffer_number: 24
2019/03/23-01:55:20.348778 7f08427fc700        Options.compression[0]: NoCompression
2019/03/23-01:55:20.348779 7f08427fc700        Options.compression[1]: NoCompression
2019/03/23-01:55:20.348781 7f08427fc700        Options.compression[2]: LZ4
2019/03/23-01:55:20.348782 7f08427fc700        Options.compression[3]: LZ4
2019/03/23-01:55:20.348783 7f08427fc700        Options.compression[4]: LZ4
2019/03/23-01:55:20.348784 7f08427fc700        Options.compression[5]: LZ4
2019/03/23-01:55:20.348785 7f08427fc700        Options.compression[6]: LZ4
2019/03/23-01:55:20.348786 7f08427fc700                  Options.bottommost_compression: Disabled
2019/03/23-01:55:20.348787 7f08427fc700       Options.prefix_extractor: nullptr
2019/03/23-01:55:20.348788 7f08427fc700   Options.memtable_insert_with_hint_prefix_extractor: nullptr
2019/03/23-01:55:20.348790 7f08427fc700             Options.num_levels: 7
2019/03/23-01:55:20.348791 7f08427fc700        Options.min_write_buffer_number_to_merge: 2
2019/03/23-01:55:20.348792 7f08427fc700     Options.max_write_buffer_number_to_maintain: 0
2019/03/23-01:55:20.348793 7f08427fc700            Options.compression_opts.window_bits: -14
2019/03/23-01:55:20.348794 7f08427fc700                  Options.compression_opts.level: -1
2019/03/23-01:55:20.348795 7f08427fc700               Options.compression_opts.strategy: 0
2019/03/23-01:55:20.348796 7f08427fc700         Options.compression_opts.max_dict_bytes: 0
2019/03/23-01:55:20.348797 7f08427fc700         Options.compression_opts.zstd_max_train_bytes: 0
2019/03/23-01:55:20.348798 7f08427fc700      Options.level0_file_num_compaction_trigger: 2
2019/03/23-01:55:20.348798 7f08427fc700          Options.level0_slowdown_writes_trigger: 20
2019/03/23-01:55:20.348799 7f08427fc700              Options.level0_stop_writes_trigger: 36
2019/03/23-01:55:20.348800 7f08427fc700                   Options.target_file_size_base: 67108864
2019/03/23-01:55:20.348801 7f08427fc700             Options.target_file_size_multiplier: 1
2019/03/23-01:55:20.348802 7f08427fc700                Options.max_bytes_for_level_base: 536870912
2019/03/23-01:55:20.348803 7f08427fc700 Options.level_compaction_dynamic_level_bytes: 0
2019/03/23-01:55:20.348804 7f08427fc700          Options.max_bytes_for_level_multiplier: 10.000000
2019/03/23-01:55:20.348807 7f08427fc700 Options.max_bytes_for_level_multiplier_addtl[0]: 1
2019/03/23-01:55:20.348808 7f08427fc700 Options.max_bytes_for_level_multiplier_addtl[1]: 1
2019/03/23-01:55:20.348810 7f08427fc700 Options.max_bytes_for_level_multiplier_addtl[2]: 1
2019/03/23-01:55:20.348811 7f08427fc700 Options.max_bytes_for_level_multiplier_addtl[3]: 1
2019/03/23-01:55:20.348811 7f08427fc700 Options.max_bytes_for_level_multiplier_addtl[4]: 1
2019/03/23-01:55:20.348813 7f08427fc700 Options.max_bytes_for_level_multiplier_addtl[5]: 1
2019/03/23-01:55:20.348814 7f08427fc700 Options.max_bytes_for_level_multiplier_addtl[6]: 1
2019/03/23-01:55:20.348814 7f08427fc700       Options.max_sequential_skip_in_iterations: 8
2019/03/23-01:55:20.348815 7f08427fc700                    Options.max_compaction_bytes: 1677721600
2019/03/23-01:55:20.348823 7f08427fc700                        Options.arena_block_size: 16777216
2019/03/23-01:55:20.348824 7f08427fc700   Options.soft_pending_compaction_bytes_limit: 68719476736
2019/03/23-01:55:20.348825 7f08427fc700   Options.hard_pending_compaction_bytes_limit: 274877906944
2019/03/23-01:55:20.348826 7f08427fc700       Options.rate_limit_delay_max_milliseconds: 100
2019/03/23-01:55:20.348827 7f08427fc700                Options.disable_auto_compactions: 0
2019/03/23-01:55:20.348829 7f08427fc700                        Options.compaction_style: kCompactionStyleLevel
2019/03/23-01:55:20.348831 7f08427fc700                          Options.compaction_pri: kByCompensatedSize
2019/03/23-01:55:20.348832 7f08427fc700 Options.compaction_options_universal.size_ratio: 1
2019/03/23-01:55:20.348833 7f08427fc700 Options.compaction_options_universal.min_merge_width: 2
2019/03/23-01:55:20.348834 7f08427fc700 Options.compaction_options_universal.max_merge_width: 4294967295
2019/03/23-01:55:20.348835 7f08427fc700 Options.compaction_options_universal.max_size_amplification_percent: 200
2019/03/23-01:55:20.348836 7f08427fc700 Options.compaction_options_universal.compression_size_percent: -1
2019/03/23-01:55:20.348837 7f08427fc700 Options.compaction_options_universal.stop_style: kCompactionStopStyleTotalSize
2019/03/23-01:55:20.348838 7f08427fc700 Options.compaction_options_fifo.max_table_files_size: 1073741824
2019/03/23-01:55:20.348839 7f08427fc700 Options.compaction_options_fifo.allow_compaction: 0
2019/03/23-01:55:20.348840 7f08427fc700 Options.compaction_options_fifo.ttl: 0
2019/03/23-01:55:20.348841 7f08427fc700                   Options.table_properties_collectors: 
2019/03/23-01:55:20.348842 7f08427fc700                   Options.inplace_update_support: 0
2019/03/23-01:55:20.348843 7f08427fc700                 Options.inplace_update_num_locks: 10000
2019/03/23-01:55:20.348844 7f08427fc700               Options.memtable_prefix_bloom_size_ratio: 0.000000
2019/03/23-01:55:20.348846 7f08427fc700   Options.memtable_huge_page_size: 0
2019/03/23-01:55:20.348847 7f08427fc700                           Options.bloom_locality: 0
2019/03/23-01:55:20.348848 7f08427fc700                    Options.max_successive_merges: 0
2019/03/23-01:55:20.348849 7f08427fc700                Options.optimize_filters_for_hits: 0
2019/03/23-01:55:20.348850 7f08427fc700                Options.paranoid_file_checks: 0
2019/03/23-01:55:20.348851 7f08427fc700                Options.force_consistency_checks: 0
2019/03/23-01:55:20.348852 7f08427fc700                Options.report_bg_io_stats: 0
2019/03/23-01:55:20.348853 7f08427fc700                               Options.ttl: 0
2019/03/23-01:55:20.349363 7f08427fc700 [db/column_family.cc:475] --------------- Options for column family [usertable]:
2019/03/23-01:55:20.349368 7f08427fc700               Options.comparator: leveldb.BytewiseComparator
2019/03/23-01:55:20.349369 7f08427fc700           Options.merge_operator: None
2019/03/23-01:55:20.349371 7f08427fc700        Options.compaction_filter: None
2019/03/23-01:55:20.349372 7f08427fc700        Options.compaction_filter_factory: None
2019/03/23-01:55:20.349373 7f08427fc700         Options.memtable_factory: SkipListFactory
2019/03/23-01:55:20.349374 7f08427fc700            Options.table_factory: BlockBasedTable
2019/03/23-01:55:20.349401 7f08427fc700            table_factory options:   flush_block_policy_factory: FlushBlockBySizePolicyFactory (0x7f07e83a8000)
  cache_index_and_filter_blocks: 0
  cache_index_and_filter_blocks_with_high_priority: 0
  pin_l0_filter_and_index_blocks_in_cache: 0
  index_type: 0
  hash_index_allow_collision: 1
  checksum: 1
  no_block_cache: 0
  block_cache: 0x7f07e83a6050
  block_cache_name: LRUCache
  block_cache_options:
    capacity : 8388608
    num_shard_bits : 4
    strict_capacity_limit : 0
    high_pri_pool_ratio: 0.000
  block_cache_compressed: (nil)
  persistent_cache: (nil)
  block_size: 8192
  block_size_deviation: 10
  block_restart_interval: 16
  index_block_restart_interval: 1
  metadata_block_size: 4096
  partition_filters: 0
  use_delta_encoding: 1
  filter_policy: nullptr
  whole_key_filtering: 1
  verify_compression: 0
  read_amp_bytes_per_bit: 0
  format_version: 2
  enable_index_compression: 1
  block_align: 0
2019/03/23-01:55:20.349416 7f08427fc700        Options.write_buffer_size: 134217728
2019/03/23-01:55:20.349417 7f08427fc700  Options.max_write_buffer_number: 24
2019/03/23-01:55:20.349419 7f08427fc700        Options.compression[0]: NoCompression
2019/03/23-01:55:20.349420 7f08427fc700        Options.compression[1]: NoCompression
2019/03/23-01:55:20.349422 7f08427fc700        Options.compression[2]: LZ4
2019/03/23-01:55:20.349423 7f08427fc700        Options.compression[3]: LZ4
2019/03/23-01:55:20.349424 7f08427fc700        Options.compression[4]: LZ4
2019/03/23-01:55:20.349425 7f08427fc700        Options.compression[5]: LZ4
2019/03/23-01:55:20.349426 7f08427fc700        Options.compression[6]: LZ4
2019/03/23-01:55:20.349427 7f08427fc700                  Options.bottommost_compression: Disabled
2019/03/23-01:55:20.349428 7f08427fc700       Options.prefix_extractor: nullptr
2019/03/23-01:55:20.349429 7f08427fc700   Options.memtable_insert_with_hint_prefix_extractor: nullptr
2019/03/23-01:55:20.349430 7f08427fc700             Options.num_levels: 7
2019/03/23-01:55:20.349431 7f08427fc700        Options.min_write_buffer_number_to_merge: 2
2019/03/23-01:55:20.349432 7f08427fc700     Options.max_write_buffer_number_to_maintain: 0
2019/03/23-01:55:20.349433 7f08427fc700            Options.compression_opts.window_bits: -14
2019/03/23-01:55:20.349434 7f08427fc700                  Options.compression_opts.level: -1
2019/03/23-01:55:20.349435 7f08427fc700               Options.compression_opts.strategy: 0
2019/03/23-01:55:20.349436 7f08427fc700         Options.compression_opts.max_dict_bytes: 0
2019/03/23-01:55:20.349437 7f08427fc700         Options.compression_opts.zstd_max_train_bytes: 0
2019/03/23-01:55:20.349438 7f08427fc700      Options.level0_file_num_compaction_trigger: 2
2019/03/23-01:55:20.349439 7f08427fc700          Options.level0_slowdown_writes_trigger: 20
2019/03/23-01:55:20.349440 7f08427fc700              Options.level0_stop_writes_trigger: 36
2019/03/23-01:55:20.349441 7f08427fc700                   Options.target_file_size_base: 67108864
2019/03/23-01:55:20.349442 7f08427fc700             Options.target_file_size_multiplier: 1
2019/03/23-01:55:20.349443 7f08427fc700                Options.max_bytes_for_level_base: 536870912
2019/03/23-01:55:20.349444 7f08427fc700 Options.level_compaction_dynamic_level_bytes: 0
2019/03/23-01:55:20.349445 7f08427fc700          Options.max_bytes_for_level_multiplier: 10.000000
2019/03/23-01:55:20.349448 7f08427fc700 Options.max_bytes_for_level_multiplier_addtl[0]: 1
2019/03/23-01:55:20.349449 7f08427fc700 Options.max_bytes_for_level_multiplier_addtl[1]: 1
2019/03/23-01:55:20.349450 7f08427fc700 Options.max_bytes_for_level_multiplier_addtl[2]: 1
2019/03/23-01:55:20.349451 7f08427fc700 Options.max_bytes_for_level_multiplier_addtl[3]: 1
2019/03/23-01:55:20.349452 7f08427fc700 Options.max_bytes_for_level_multiplier_addtl[4]: 1
2019/03/23-01:55:20.349453 7f08427fc700 Options.max_bytes_for_level_multiplier_addtl[5]: 1
2019/03/23-01:55:20.349454 7f08427fc700 Options.max_bytes_for_level_multiplier_addtl[6]: 1
2019/03/23-01:55:20.349455 7f08427fc700       Options.max_sequential_skip_in_iterations: 8
2019/03/23-01:55:20.349456 7f08427fc700                    Options.max_compaction_bytes: 1677721600
2019/03/23-01:55:20.349457 7f08427fc700                        Options.arena_block_size: 16777216
2019/03/23-01:55:20.349458 7f08427fc700   Options.soft_pending_compaction_bytes_limit: 68719476736
2019/03/23-01:55:20.349459 7f08427fc700   Options.hard_pending_compaction_bytes_limit: 274877906944
2019/03/23-01:55:20.349460 7f08427fc700       Options.rate_limit_delay_max_milliseconds: 100
2019/03/23-01:55:20.349461 7f08427fc700                Options.disable_auto_compactions: 0
2019/03/23-01:55:20.349462 7f08427fc700                        Options.compaction_style: kCompactionStyleLevel
2019/03/23-01:55:20.349469 7f08427fc700                          Options.compaction_pri: kByCompensatedSize
2019/03/23-01:55:20.349471 7f08427fc700 Options.compaction_options_universal.size_ratio: 1
2019/03/23-01:55:20.349472 7f08427fc700 Options.compaction_options_universal.min_merge_width: 2
2019/03/23-01:55:20.349473 7f08427fc700 Options.compaction_options_universal.max_merge_width: 4294967295
2019/03/23-01:55:20.349474 7f08427fc700 Options.compaction_options_universal.max_size_amplification_percent: 200
2019/03/23-01:55:20.349475 7f08427fc700 Options.compaction_options_universal.compression_size_percent: -1
2019/03/23-01:55:20.349476 7f08427fc700 Options.compaction_options_universal.stop_style: kCompactionStopStyleTotalSize
2019/03/23-01:55:20.349477 7f08427fc700 Options.compaction_options_fifo.max_table_files_size: 1073741824
2019/03/23-01:55:20.349478 7f08427fc700 Options.compaction_options_fifo.allow_compaction: 0
2019/03/23-01:55:20.349479 7f08427fc700 Options.compaction_options_fifo.ttl: 0
2019/03/23-01:55:20.349480 7f08427fc700                   Options.table_properties_collectors: 
2019/03/23-01:55:20.349481 7f08427fc700                   Options.inplace_update_support: 0
2019/03/23-01:55:20.349482 7f08427fc700                 Options.inplace_update_num_locks: 10000
2019/03/23-01:55:20.349483 7f08427fc700               Options.memtable_prefix_bloom_size_ratio: 0.000000
2019/03/23-01:55:20.349485 7f08427fc700   Options.memtable_huge_page_size: 0
2019/03/23-01:55:20.349486 7f08427fc700                           Options.bloom_locality: 0
2019/03/23-01:55:20.349487 7f08427fc700                    Options.max_successive_merges: 0
2019/03/23-01:55:20.349488 7f08427fc700                Options.optimize_filters_for_hits: 0
2019/03/23-01:55:20.349489 7f08427fc700                Options.paranoid_file_checks: 0
2019/03/23-01:55:20.349490 7f08427fc700                Options.force_consistency_checks: 0
2019/03/23-01:55:20.349491 7f08427fc700                Options.report_bg_io_stats: 0
2019/03/23-01:55:20.349491 7f08427fc700                               Options.ttl: 0
2019/03/23-01:55:21.549270 7f08427fc700 [db/version_set.cc:3361] Recovered from manifest file:/mnt/sdb/ycsb-rocksdb-data/MANIFEST-000004 succeeded,manifest_file_number is 4, next_file_number is 1357, last_sequence is 10440732, log_number is 0,prev_log_number is 0,max_column_family is 1,min_log_number_to_keep is 0
2019/03/23-01:55:21.549281 7f08427fc700 [db/version_set.cc:3369] Column family [default] (ID 0), log number is 0
2019/03/23-01:55:21.549284 7f08427fc700 [db/version_set.cc:3369] Column family [usertable] (ID 1), log number is 1354
2019/03/23-01:55:21.551327 7f08427fc700 EVENT_LOG_v1 {"time_micros": 1553331321551308, "job": 1, "event": "recovery_started", "log_files": [1354]}
2019/03/23-01:55:21.551335 7f08427fc700 [db/db_impl_open.cc:551] Recovering log #1354 mode 2
2019/03/23-01:55:21.734167 7f08427fc700 [db/version_set.cc:2847] Creating manifest 1357
2019/03/23-01:55:22.082575 7f08427fc700 EVENT_LOG_v1 {"time_micros": 1553331322082544, "cf_name": "usertable", "job": 1, "event": "table_file_creation", "file_number": 1358, "file_size": 61993140, "table_properties": {"data_size": 61717201, "index_size": 275018, "filter_size": 0, "raw_key_size": 359256, "raw_average_key_size": 24, "raw_value_size": 61313024, "raw_average_value_size": 4096, "num_data_blocks": 7485, "num_entries": 14969, "filter_policy_name": "", "kDeletedKeys": "0", "kMergeOperands": "0"}}
2019/03/23-01:55:22.121209 7f08427fc700 EVENT_LOG_v1 {"time_micros": 1553331322121199, "job": 1, "event": "recovery_finished"}
2019/03/23-01:55:22.197789 7f08427fc700 [db/db_impl_open.cc:1219] DB pointer 0x7f07e83a9ed0
2019/03/23-01:55:22.198149 7f0840d7b700 [WARN] [db/db_impl.cc:491] ------- DUMPING STATS -------
2019/03/23-01:55:22.198201 7f0840d7b700 [WARN] [db/db_impl.cc:492] 
** DB Stats **
Uptime(secs): 1.8 total, 1.8 interval
Cumulative writes: 0 writes, 0 keys, 0 commit groups, 0.0 writes per commit group, ingest: 0.00 GB, 0.00 MB/s
Cumulative WAL: 0 writes, 0 syncs, 0.00 writes per sync, written: 0.00 GB, 0.00 MB/s
Cumulative stall: 00:00:0.000 H:M:S, 0.0 percent
Interval writes: 0 writes, 0 keys, 0 commit groups, 0.0 writes per commit group, ingest: 0.00 MB, 0.00 MB/s
Interval WAL: 0 writes, 0 syncs, 0.00 writes per sync, written: 0.00 MB, 0.00 MB/s
Interval stall: 00:00:0.000 H:M:S, 0.0 percent

** Compaction Stats [default] **
Level    Files   Size     Score Read(GB)  Rn(GB) Rnp1(GB) Write(GB) Wnew(GB) Moved(GB) W-Amp Rd(MB/s) Wr(MB/s) Comp(sec) Comp(cnt) Avg(sec) KeyIn KeyDrop
----------------------------------------------------------------------------------------------------------------------------------------------------------
 Sum      0/0    0.00 KB   0.0      0.0     0.0      0.0       0.0      0.0       0.0   0.0      0.0      0.0         0         0    0.000       0      0
 Int      0/0    0.00 KB   0.0      0.0     0.0      0.0       0.0      0.0       0.0   0.0      0.0      0.0         0         0    0.000       0      0
Uptime(secs): 1.8 total, 1.8 interval
Flush(GB): cumulative 0.000, interval 0.000
AddFile(GB): cumulative 0.000, interval 0.000
AddFile(Total Files): cumulative 0, interval 0
AddFile(L0 Files): cumulative 0, interval 0
AddFile(Keys): cumulative 0, interval 0
Cumulative compaction: 0.00 GB write, 0.00 MB/s write, 0.00 GB read, 0.00 MB/s read, 0.0 seconds
Interval compaction: 0.00 GB write, 0.00 MB/s write, 0.00 GB read, 0.00 MB/s read, 0.0 seconds
Stalls(count): 0 level0_slowdown, 0 level0_slowdown_with_compaction, 0 level0_numfiles, 0 level0_numfiles_with_compaction, 0 stop for pending_compaction_bytes, 0 slowdown for pending_compaction_bytes, 0 memtable_compaction, 0 memtable_slowdown, interval 0 total count

** File Read Latency Histogram By Level [default] **

** Compaction Stats [usertable] **
Level    Files   Size     Score Read(GB)  Rn(GB) Rnp1(GB) Write(GB) Wnew(GB) Moved(GB) W-Amp Rd(MB/s) Wr(MB/s) Comp(sec) Comp(cnt) Avg(sec) KeyIn KeyDrop
----------------------------------------------------------------------------------------------------------------------------------------------------------
  L0      2/0   236.11 MB   1.0      0.0     0.0      0.0       0.1      0.1       0.0   1.0      0.0    227.2         0         1    0.260       0      0
  L1      9/0   659.05 MB   1.3      0.0     0.0      0.0       0.0      0.0       0.0   0.0      0.0      0.0         0         0    0.000       0      0
  L2    178/0    4.99 GB   1.0      0.0     0.0      0.0       0.0      0.0       0.0   0.0      0.0      0.0         0         0    0.000       0      0
  L3    548/0   34.31 GB   0.7      0.0     0.0      0.0       0.0      0.0       0.0   0.0      0.0      0.0         0         0    0.000       0      0
 Sum    737/0   40.18 GB   0.0      0.0     0.0      0.0       0.1      0.1       0.0   1.0      0.0    227.2         0         1    0.260       0      0
 Int      0/0    0.00 KB   0.0      0.0     0.0      0.0       0.1      0.1       0.0   1.0      0.0    227.2         0         1    0.260       0      0
Uptime(secs): 1.8 total, 1.8 interval
Flush(GB): cumulative 0.058, interval 0.058
AddFile(GB): cumulative 0.000, interval 0.000
AddFile(Total Files): cumulative 0, interval 0
AddFile(L0 Files): cumulative 0, interval 0
AddFile(Keys): cumulative 0, interval 0
Cumulative compaction: 0.06 GB write, 31.98 MB/s write, 0.00 GB read, 0.00 MB/s read, 0.3 seconds
Interval compaction: 0.06 GB write, 31.98 MB/s write, 0.00 GB read, 0.00 MB/s read, 0.3 seconds
Stalls(count): 0 level0_slowdown, 0 level0_slowdown_with_compaction, 0 level0_numfiles, 0 level0_numfiles_with_compaction, 0 stop for pending_compaction_bytes, 0 slowdown for pending_compaction_bytes, 0 memtable_compaction, 0 memtable_slowdown, interval 0 total count

** File Read Latency Histogram By Level [usertable] **

** Compaction Stats [default] **
Level    Files   Size     Score Read(GB)  Rn(GB) Rnp1(GB) Write(GB) Wnew(GB) Moved(GB) W-Amp Rd(MB/s) Wr(MB/s) Comp(sec) Comp(cnt) Avg(sec) KeyIn KeyDrop
----------------------------------------------------------------------------------------------------------------------------------------------------------
 Sum      0/0    0.00 KB   0.0      0.0     0.0      0.0       0.0      0.0       0.0   0.0      0.0      0.0         0         0    0.000       0      0
 Int      0/0    0.00 KB   0.0      0.0     0.0      0.0       0.0      0.0       0.0   0.0      0.0      0.0         0         0    0.000       0      0
Uptime(secs): 1.8 total, 0.0 interval
Flush(GB): cumulative 0.000, interval 0.000
AddFile(GB): cumulative 0.000, interval 0.000
AddFile(Total Files): cumulative 0, interval 0
AddFile(L0 Files): cumulative 0, interval 0
AddFile(Keys): cumulative 0, interval 0
Cumulative compaction: 0.00 GB write, 0.00 MB/s write, 0.00 GB read, 0.00 MB/s read, 0.0 seconds
Interval compaction: 0.00 GB write, 0.00 MB/s write, 0.00 GB read, 0.00 MB/s read, 0.0 seconds
Stalls(count): 0 level0_slowdown, 0 level0_slowdown_with_compaction, 0 level0_numfiles, 0 level0_numfiles_with_compaction, 0 stop for pending_compaction_bytes, 0 slowdown for pending_compaction_bytes, 0 memtable_compaction, 0 memtable_slowdown, interval 0 total count

** File Read Latency Histogram By Level [default] **

** Compaction Stats [usertable] **
Level    Files   Size     Score Read(GB)  Rn(GB) Rnp1(GB) Write(GB) Wnew(GB) Moved(GB) W-Amp Rd(MB/s) Wr(MB/s) Comp(sec) Comp(cnt) Avg(sec) KeyIn KeyDrop
----------------------------------------------------------------------------------------------------------------------------------------------------------
  L0      2/0   236.11 MB   1.0      0.0     0.0      0.0       0.1      0.1       0.0   1.0      0.0    227.2         0         1    0.260       0      0
  L1      9/0   659.05 MB   1.3      0.0     0.0      0.0       0.0      0.0       0.0   0.0      0.0      0.0         0         0    0.000       0      0
  L2    178/0    4.99 GB   1.0      0.0     0.0      0.0       0.0      0.0       0.0   0.0      0.0      0.0         0         0    0.000       0      0
  L3    548/0   34.31 GB   0.7      0.0     0.0      0.0       0.0      0.0       0.0   0.0      0.0      0.0         0         0    0.000       0      0
 Sum    737/0   40.18 GB   0.0      0.0     0.0      0.0       0.1      0.1       0.0   1.0      0.0    227.2         0         1    0.260       0      0
 Int      0/0    0.00 KB   0.0      0.0     0.0      0.0       0.0      0.0       0.0   0.0      0.0      0.0         0         0    0.000       0      0
Uptime(secs): 1.8 total, 0.0 interval
Flush(GB): cumulative 0.058, interval 0.000
AddFile(GB): cumulative 0.000, interval 0.000
AddFile(Total Files): cumulative 0, interval 0
AddFile(L0 Files): cumulative 0, interval 0
AddFile(Keys): cumulative 0, interval 0
Cumulative compaction: 0.06 GB write, 31.98 MB/s write, 0.00 GB read, 0.00 MB/s read, 0.3 seconds
Interval compaction: 0.00 GB write, 0.00 MB/s write, 0.00 GB read, 0.00 MB/s read, 0.0 seconds
Stalls(count): 0 level0_slowdown, 0 level0_slowdown_with_compaction, 0 level0_numfiles, 0 level0_numfiles_with_compaction, 0 stop for pending_compaction_bytes, 0 slowdown for pending_compaction_bytes, 0 memtable_compaction, 0 memtable_slowdown, interval 0 total count

** File Read Latency Histogram By Level [usertable] **
2019/03/23-01:55:22.198381 7f0840d7b700 [db/compaction_job.cc:1531] [usertable] [JOB 3] Compacting 1@1 files to L2, score 1.29
2019/03/23-01:55:22.198389 7f0840d7b700 [db/compaction_job.cc:1535] [usertable] Compaction start summary: Base version 5 Base level 1, inputs: [1355(206MB)]
2019/03/23-01:55:22.198434 7f0840d7b700 EVENT_LOG_v1 {"time_micros": 1553331322198405, "job": 3, "event": "compaction_started", "compaction_reason": "LevelMaxLevelSize", "files_L1": [1355], "score": 1.28722, "input_data_size": 216710496}
2019/03/23-01:55:22.958143 7f0840d7b700 [db/compaction_job.cc:1211] [usertable] [JOB 3] Generated table #1362: 16279 keys, 67233550 bytes
2019/03/23-01:55:22.958199 7f0840d7b700 EVENT_LOG_v1 {"time_micros": 1553331322958173, "cf_name": "usertable", "job": 3, "event": "table_file_creation", "file_number": 1362, "file_size": 67233550, "table_properties": {"data_size": 67120140, "index_size": 300916, "filter_size": 0, "raw_key_size": 390696, "raw_average_key_size": 24, "raw_value_size": 66678784, "raw_average_value_size": 4096, "num_data_blocks": 8140, "num_entries": 16279, "filter_policy_name": "", "kDeletedKeys": "0", "kMergeOperands": "0"}}
2019/03/23-01:55:23.771628 7f0840d7b700 [db/compaction_job.cc:1211] [usertable] [JOB 3] Generated table #1363: 16279 keys, 67233321 bytes
2019/03/23-01:55:23.771688 7f0840d7b700 EVENT_LOG_v1 {"time_micros": 1553331323771652, "cf_name": "usertable", "job": 3, "event": "table_file_creation", "file_number": 1363, "file_size": 67233321, "table_properties": {"data_size": 67118331, "index_size": 299105, "filter_size": 0, "raw_key_size": 390696, "raw_average_key_size": 24, "raw_value_size": 66678784, "raw_average_value_size": 4096, "num_data_blocks": 8140, "num_entries": 16279, "filter_policy_name": "", "kDeletedKeys": "0", "kMergeOperands": "0"}}
2019/03/23-01:55:24.590225 7f0840d7b700 [db/compaction_job.cc:1211] [usertable] [JOB 3] Generated table #1364: 16279 keys, 67233520 bytes
2019/03/23-01:55:24.590270 7f0840d7b700 EVENT_LOG_v1 {"time_micros": 1553331324590250, "cf_name": "usertable", "job": 3, "event": "table_file_creation", "file_number": 1364, "file_size": 67233520, "table_properties": {"data_size": 67120139, "index_size": 300916, "filter_size": 0, "raw_key_size": 390696, "raw_average_key_size": 24, "raw_value_size": 66678784, "raw_average_value_size": 4096, "num_data_blocks": 8140, "num_entries": 16279, "filter_policy_name": "", "kDeletedKeys": "0", "kMergeOperands": "0"}}
2019/03/23-01:55:25.009159 7f0840d7b700 [db/compaction_job.cc:1211] [usertable] [JOB 3] Generated table #1365: 3488 keys, 14406447 bytes
2019/03/23-01:55:25.009224 7f0840d7b700 EVENT_LOG_v1 {"time_micros": 1553331325009191, "cf_name": "usertable", "job": 3, "event": "table_file_creation", "file_number": 1365, "file_size": 14406447, "table_properties": {"data_size": 14381024, "index_size": 63879, "filter_size": 0, "raw_key_size": 83712, "raw_average_key_size": 24, "raw_value_size": 14286848, "raw_average_value_size": 4096, "num_data_blocks": 1744, "num_entries": 3488, "filter_policy_name": "", "kDeletedKeys": "0", "kMergeOperands": "0"}}
2019/03/23-01:55:25.009317 7f0840d7b700 [db/compaction_job.cc:1287] [usertable] [JOB 3] Compacted 1@1 files to L2 => 216106838 bytes
2019/03/23-01:55:25.067531 7f0840d7b700 (Original Log Time 2019/03/23-01:55:25.067347) [db/compaction_job.cc:685] [usertable] compacted to: base level 1 max bytes base 536870912 files[2 8 182 548 0 0 0] max score 1.04, MB/sec: 77.1 rd, 76.9 wr, level 2, files in(1, 0) out(4) MB in(206.7, 0.0) out(206.1), read-write-amplify(2.0) write-amplify(1.0) OK, records in: 52325, records dropped: 0 output_compression: LZ4
2019/03/23-01:55:25.067540 7f0840d7b700 (Original Log Time 2019/03/23-01:55:25.067408) EVENT_LOG_v1 {"time_micros": 1553331325067381, "job": 3, "event": "compaction_finished", "compaction_time_micros": 2810824, "output_level": 2, "num_output_files": 4, "total_output_size": 216106838, "num_input_records": 52325, "num_output_records": 52325, "num_subcompactions": 1, "output_compression": "LZ4", "num_single_delete_mismatches": 0, "num_single_delete_fallthrough": 0, "lsm_state": [2, 8, 182, 548, 0, 0, 0]}
2019/03/23-01:55:25.129389 7f0840d7b700 (Original Log Time 2019/03/23-01:55:25.067613) [db/db_impl_compaction_flush.cc:1835] [usertable] Moving #1362 to level-3 67233550 bytes
2019/03/23-01:55:25.129396 7f0840d7b700 (Original Log Time 2019/03/23-01:55:25.129288) EVENT_LOG_v1 {"time_micros": 1553331325129268, "job": 4, "event": "trivial_move", "destination_level": 3, "files": 1, "total_files_size": 67233550}
2019/03/23-01:55:25.129399 7f0840d7b700 (Original Log Time 2019/03/23-01:55:25.129301) [db/db_impl_compaction_flush.cc:1864] [usertable] Moved #1 files to level-3 67233550 bytes OK: base level 1 max bytes base 536870912 files[2 8 181 549 0 0 0] max score 1.03
2019/03/23-01:55:25.151047 7f0840d7b700 EVENT_LOG_v1 {"time_micros": 1553331325151035, "job": 4, "event": "table_file_deletion", "file_number": 1355}
2019/03/23-01:55:25.205845 7f0840d7b700 (Original Log Time 2019/03/23-01:55:25.151236) [db/db_impl_compaction_flush.cc:1835] [usertable] Moving #1364 to level-3 67233520 bytes
2019/03/23-01:55:25.205852 7f0840d7b700 (Original Log Time 2019/03/23-01:55:25.205771) EVENT_LOG_v1 {"time_micros": 1553331325205756, "job": 5, "event": "trivial_move", "destination_level": 3, "files": 1, "total_files_size": 67233520}
2019/03/23-01:55:25.205856 7f0840d7b700 (Original Log Time 2019/03/23-01:55:25.205786) [db/db_impl_compaction_flush.cc:1864] [usertable] Moved #1 files to level-3 67233520 bytes OK: base level 1 max bytes base 536870912 files[2 8 180 550 0 0 0] max score 1.01
2019/03/23-01:55:25.262134 7f07dbfff700 (Original Log Time 2019/03/23-01:55:25.206143) [db/db_impl_compaction_flush.cc:1835] [usertable] Moving #352 to level-3 67233328 bytes
2019/03/23-01:55:25.262142 7f07dbfff700 (Original Log Time 2019/03/23-01:55:25.262036) EVENT_LOG_v1 {"time_micros": 1553331325262022, "job": 6, "event": "trivial_move", "destination_level": 3, "files": 1, "total_files_size": 67233328}
2019/03/23-01:55:25.262145 7f07dbfff700 (Original Log Time 2019/03/23-01:55:25.262052) [db/db_impl_compaction_flush.cc:1864] [usertable] Moved #1 files to level-3 67233328 bytes OK: base level 1 max bytes base 536870912 files[2 8 179 551 0 0 0] max score 1.00
2019/03/23-01:55:25.322952 7f07dbfff700 (Original Log Time 2019/03/23-01:55:25.262405) [db/db_impl_compaction_flush.cc:1835] [usertable] Moving #478 to level-3 67233328 bytes
2019/03/23-01:55:25.322960 7f07dbfff700 (Original Log Time 2019/03/23-01:55:25.322851) EVENT_LOG_v1 {"time_micros": 1553331325322836, "job": 7, "event": "trivial_move", "destination_level": 3, "files": 1, "total_files_size": 67233328}
2019/03/23-01:55:25.322963 7f07dbfff700 (Original Log Time 2019/03/23-01:55:25.322866) [db/db_impl_compaction_flush.cc:1864] [usertable] Moved #1 files to level-3 67233328 bytes OK: base level 1 max bytes base 536870912 files[2 8 178 552 0 0 0] max score 1.00
2019/03/23-01:55:25.378558 7f07dbfff700 (Original Log Time 2019/03/23-01:55:25.323274) [db/db_impl_compaction_flush.cc:1835] [usertable] Moving #658 to level-1 185586256 bytes
2019/03/23-01:55:25.378566 7f07dbfff700 (Original Log Time 2019/03/23-01:55:25.378461) EVENT_LOG_v1 {"time_micros": 1553331325378447, "job": 8, "event": "trivial_move", "destination_level": 1, "files": 1, "total_files_size": 185586256}
2019/03/23-01:55:25.378570 7f07dbfff700 (Original Log Time 2019/03/23-01:55:25.378479) [db/db_impl_compaction_flush.cc:1864] [usertable] Moved #1 files to level-1 185586256 bytes OK: base level 1 max bytes base 536870912 files[1 9 178 552 0 0 0] max score 1.23
2019/03/23-01:55:25.378877 7f07d9ffb700 [db/compaction_job.cc:1531] [usertable] [JOB 9] Compacting 1@1 files to L2, score 1.23
2019/03/23-01:55:25.378886 7f07d9ffb700 [db/compaction_job.cc:1535] [usertable] Compaction start summary: Base version 11 Base level 1, inputs: [658(176MB)]
