2019/04/21-21:35:23.876317 7fa7c88e1700 RocksDB version: 5.14.3
2019/04/21-21:35:23.876386 7fa7c88e1700 Git sha rocksdb_build_git_sha:
2019/04/21-21:35:23.876390 7fa7c88e1700 Compile date Oct  9 2018
2019/04/21-21:35:23.876401 7fa7c88e1700 DB SUMMARY
2019/04/21-21:35:23.876437 7fa7c88e1700 SST files in /mnt/sdc/ycsb-rocksdb-data dir, Total Num: 0, files: 
2019/04/21-21:35:23.876442 7fa7c88e1700 Write Ahead Log file in /mnt/sdc/ycsb-rocksdb-data: 
2019/04/21-21:35:23.876445 7fa7c88e1700                         Options.error_if_exists: 0
2019/04/21-21:35:23.876447 7fa7c88e1700                       Options.create_if_missing: 1
2019/04/21-21:35:23.876448 7fa7c88e1700                         Options.paranoid_checks: 1
2019/04/21-21:35:23.876449 7fa7c88e1700                                     Options.env: 0x7fa7c3ffb080
2019/04/21-21:35:23.876450 7fa7c88e1700                                Options.info_log: 0x7fa7283b15f0
2019/04/21-21:35:23.876450 7fa7c88e1700                Options.max_file_opening_threads: 16
2019/04/21-21:35:23.876452 7fa7c88e1700                              Options.statistics: (nil)
2019/04/21-21:35:23.876452 7fa7c88e1700                               Options.use_fsync: 0
2019/04/21-21:35:23.876453 7fa7c88e1700                       Options.max_log_file_size: 0
2019/04/21-21:35:23.876454 7fa7c88e1700                  Options.max_manifest_file_size: 18446744073709551615
2019/04/21-21:35:23.876455 7fa7c88e1700                   Options.log_file_time_to_roll: 0
2019/04/21-21:35:23.876456 7fa7c88e1700                       Options.keep_log_file_num: 1000
2019/04/21-21:35:23.876457 7fa7c88e1700                    Options.recycle_log_file_num: 0
2019/04/21-21:35:23.876458 7fa7c88e1700                         Options.allow_fallocate: 1
2019/04/21-21:35:23.876459 7fa7c88e1700                        Options.allow_mmap_reads: 0
2019/04/21-21:35:23.876460 7fa7c88e1700                       Options.allow_mmap_writes: 0
2019/04/21-21:35:23.876461 7fa7c88e1700                        Options.use_direct_reads: 0
2019/04/21-21:35:23.876462 7fa7c88e1700                        Options.use_direct_io_for_flush_and_compaction: 0
2019/04/21-21:35:23.876463 7fa7c88e1700          Options.create_missing_column_families: 1
2019/04/21-21:35:23.876464 7fa7c88e1700                              Options.db_log_dir: 
2019/04/21-21:35:23.876464 7fa7c88e1700                                 Options.wal_dir: /mnt/sdc/ycsb-rocksdb-data
2019/04/21-21:35:23.876465 7fa7c88e1700                Options.table_cache_numshardbits: 6
2019/04/21-21:35:23.876466 7fa7c88e1700                      Options.max_subcompactions: 4
2019/04/21-21:35:23.876467 7fa7c88e1700                  Options.max_background_flushes: 24
2019/04/21-21:35:23.876468 7fa7c88e1700                         Options.WAL_ttl_seconds: 0
2019/04/21-21:35:23.876469 7fa7c88e1700                       Options.WAL_size_limit_MB: 0
2019/04/21-21:35:23.876470 7fa7c88e1700             Options.manifest_preallocation_size: 4194304
2019/04/21-21:35:23.876471 7fa7c88e1700                     Options.is_fd_close_on_exec: 1
2019/04/21-21:35:23.876472 7fa7c88e1700                   Options.advise_random_on_open: 1
2019/04/21-21:35:23.876473 7fa7c88e1700                    Options.db_write_buffer_size: 0
2019/04/21-21:35:23.876474 7fa7c88e1700                    Options.write_buffer_manager: 0x7fa7283adc60
2019/04/21-21:35:23.876475 7fa7c88e1700         Options.access_hint_on_compaction_start: 1
2019/04/21-21:35:23.876475 7fa7c88e1700  Options.new_table_reader_for_compaction_inputs: 0
2019/04/21-21:35:23.876476 7fa7c88e1700           Options.random_access_max_buffer_size: 1048576
2019/04/21-21:35:23.876477 7fa7c88e1700                      Options.use_adaptive_mutex: 0
2019/04/21-21:35:23.876478 7fa7c88e1700                            Options.rate_limiter: (nil)
2019/04/21-21:35:23.876480 7fa7c88e1700     Options.sst_file_manager.rate_bytes_per_sec: 0
2019/04/21-21:35:23.876481 7fa7c88e1700                       Options.wal_recovery_mode: 2
2019/04/21-21:35:23.876481 7fa7c88e1700                  Options.enable_thread_tracking: 0
2019/04/21-21:35:23.876482 7fa7c88e1700                  Options.enable_pipelined_write: 1
2019/04/21-21:35:23.876493 7fa7c88e1700         Options.allow_concurrent_memtable_write: 1
2019/04/21-21:35:23.876494 7fa7c88e1700      Options.enable_write_thread_adaptive_yield: 1
2019/04/21-21:35:23.876495 7fa7c88e1700             Options.write_thread_max_yield_usec: 100
2019/04/21-21:35:23.876496 7fa7c88e1700            Options.write_thread_slow_yield_usec: 3
2019/04/21-21:35:23.876497 7fa7c88e1700                               Options.row_cache: None
2019/04/21-21:35:23.876498 7fa7c88e1700                              Options.wal_filter: None
2019/04/21-21:35:23.876499 7fa7c88e1700             Options.avoid_flush_during_recovery: 0
2019/04/21-21:35:23.876500 7fa7c88e1700             Options.allow_ingest_behind: 0
2019/04/21-21:35:23.876500 7fa7c88e1700             Options.preserve_deletes: 0
2019/04/21-21:35:23.876501 7fa7c88e1700             Options.two_write_queues: 0
2019/04/21-21:35:23.876502 7fa7c88e1700             Options.manual_wal_flush: 0
2019/04/21-21:35:23.876504 7fa7c88e1700             Options.max_background_jobs: 24
2019/04/21-21:35:23.876505 7fa7c88e1700             Options.max_background_compactions: 24
2019/04/21-21:35:23.876506 7fa7c88e1700             Options.avoid_flush_during_shutdown: 0
2019/04/21-21:35:23.876507 7fa7c88e1700           Options.writable_file_max_buffer_size: 1048576
2019/04/21-21:35:23.876508 7fa7c88e1700             Options.delayed_write_rate : 16777216
2019/04/21-21:35:23.876509 7fa7c88e1700             Options.max_total_wal_size: 0
2019/04/21-21:35:23.876510 7fa7c88e1700             Options.delete_obsolete_files_period_micros: 21600000000
2019/04/21-21:35:23.876511 7fa7c88e1700                   Options.stats_dump_period_sec: 60
2019/04/21-21:35:23.876512 7fa7c88e1700                          Options.max_open_files: -1
2019/04/21-21:35:23.876513 7fa7c88e1700                          Options.bytes_per_sync: 1048576
2019/04/21-21:35:23.876513 7fa7c88e1700                      Options.wal_bytes_per_sync: 0
2019/04/21-21:35:23.876514 7fa7c88e1700       Options.compaction_readahead_size: 0
2019/04/21-21:35:23.876515 7fa7c88e1700 Compression algorithms supported:
2019/04/21-21:35:23.876517 7fa7c88e1700 	kZSTDNotFinalCompression supported: 1
2019/04/21-21:35:23.876524 7fa7c88e1700 	kZSTD supported: 1
2019/04/21-21:35:23.876526 7fa7c88e1700 	kXpressCompression supported: 0
2019/04/21-21:35:23.876527 7fa7c88e1700 	kLZ4HCCompression supported: 1
2019/04/21-21:35:23.876528 7fa7c88e1700 	kLZ4Compression supported: 1
2019/04/21-21:35:23.876529 7fa7c88e1700 	kBZip2Compression supported: 1
2019/04/21-21:35:23.876530 7fa7c88e1700 	kZlibCompression supported: 1
2019/04/21-21:35:23.876531 7fa7c88e1700 	kSnappyCompression supported: 1
2019/04/21-21:35:23.876534 7fa7c88e1700 Fast CRC32 supported: Not supported on x86
2019/04/21-21:35:23.876615 7fa7c88e1700 [db/db_impl_open.cc:222] Creating manifest 1 
2019/04/21-21:35:23.956201 7fa7c88e1700 [db/version_set.cc:3085] Recovering from manifest file: MANIFEST-000001
2019/04/21-21:35:23.956276 7fa7c88e1700 [db/column_family.cc:475] --------------- Options for column family [default]:
2019/04/21-21:35:23.956280 7fa7c88e1700               Options.comparator: leveldb.BytewiseComparator
2019/04/21-21:35:23.956282 7fa7c88e1700           Options.merge_operator: None
2019/04/21-21:35:23.956283 7fa7c88e1700        Options.compaction_filter: None
2019/04/21-21:35:23.956284 7fa7c88e1700        Options.compaction_filter_factory: None
2019/04/21-21:35:23.956285 7fa7c88e1700         Options.memtable_factory: SkipListFactory
2019/04/21-21:35:23.956286 7fa7c88e1700            Options.table_factory: BlockBasedTable
2019/04/21-21:35:23.956329 7fa7c88e1700            table_factory options:   flush_block_policy_factory: FlushBlockBySizePolicyFactory (0x7fa7283ae080)
  cache_index_and_filter_blocks: 0
  cache_index_and_filter_blocks_with_high_priority: 0
  pin_l0_filter_and_index_blocks_in_cache: 0
  index_type: 0
  hash_index_allow_collision: 1
  checksum: 1
  no_block_cache: 0
  block_cache: 0x7fa7283a0330
  block_cache_name: LRUCache
  block_cache_options:
    capacity : 8388608
    num_shard_bits : 4
    strict_capacity_limit : 0
    high_pri_pool_ratio: 0.000
  block_cache_compressed: (nil)
  persistent_cache: (nil)
  block_size: 8192
  block_size_deviation: 10
  block_restart_interval: 16
  index_block_restart_interval: 1
  metadata_block_size: 4096
  partition_filters: 0
  use_delta_encoding: 1
  filter_policy: nullptr
  whole_key_filtering: 1
  verify_compression: 0
  read_amp_bytes_per_bit: 0
  format_version: 2
  enable_index_compression: 1
  block_align: 0
2019/04/21-21:35:23.956344 7fa7c88e1700        Options.write_buffer_size: 134217728
2019/04/21-21:35:23.956345 7fa7c88e1700  Options.max_write_buffer_number: 24
2019/04/21-21:35:23.956347 7fa7c88e1700        Options.compression[0]: NoCompression
2019/04/21-21:35:23.956349 7fa7c88e1700        Options.compression[1]: NoCompression
2019/04/21-21:35:23.956350 7fa7c88e1700        Options.compression[2]: LZ4
2019/04/21-21:35:23.956351 7fa7c88e1700        Options.compression[3]: LZ4
2019/04/21-21:35:23.956352 7fa7c88e1700        Options.compression[4]: LZ4
2019/04/21-21:35:23.956353 7fa7c88e1700        Options.compression[5]: LZ4
2019/04/21-21:35:23.956354 7fa7c88e1700        Options.compression[6]: LZ4
2019/04/21-21:35:23.956355 7fa7c88e1700                  Options.bottommost_compression: Disabled
2019/04/21-21:35:23.956356 7fa7c88e1700       Options.prefix_extractor: nullptr
2019/04/21-21:35:23.956357 7fa7c88e1700   Options.memtable_insert_with_hint_prefix_extractor: nullptr
2019/04/21-21:35:23.956357 7fa7c88e1700             Options.num_levels: 7
2019/04/21-21:35:23.956358 7fa7c88e1700        Options.min_write_buffer_number_to_merge: 2
2019/04/21-21:35:23.956359 7fa7c88e1700     Options.max_write_buffer_number_to_maintain: 0
2019/04/21-21:35:23.956360 7fa7c88e1700            Options.compression_opts.window_bits: -14
2019/04/21-21:35:23.956361 7fa7c88e1700                  Options.compression_opts.level: -1
2019/04/21-21:35:23.956362 7fa7c88e1700               Options.compression_opts.strategy: 0
2019/04/21-21:35:23.956363 7fa7c88e1700         Options.compression_opts.max_dict_bytes: 0
2019/04/21-21:35:23.956364 7fa7c88e1700         Options.compression_opts.zstd_max_train_bytes: 0
2019/04/21-21:35:23.956365 7fa7c88e1700      Options.level0_file_num_compaction_trigger: 2
2019/04/21-21:35:23.956365 7fa7c88e1700          Options.level0_slowdown_writes_trigger: 20
2019/04/21-21:35:23.956366 7fa7c88e1700              Options.level0_stop_writes_trigger: 36
2019/04/21-21:35:23.956367 7fa7c88e1700                   Options.target_file_size_base: 67108864
2019/04/21-21:35:23.956368 7fa7c88e1700             Options.target_file_size_multiplier: 1
2019/04/21-21:35:23.956369 7fa7c88e1700                Options.max_bytes_for_level_base: 536870912
2019/04/21-21:35:23.956370 7fa7c88e1700 Options.level_compaction_dynamic_level_bytes: 0
2019/04/21-21:35:23.956371 7fa7c88e1700          Options.max_bytes_for_level_multiplier: 10.000000
2019/04/21-21:35:23.956373 7fa7c88e1700 Options.max_bytes_for_level_multiplier_addtl[0]: 1
2019/04/21-21:35:23.956374 7fa7c88e1700 Options.max_bytes_for_level_multiplier_addtl[1]: 1
2019/04/21-21:35:23.956375 7fa7c88e1700 Options.max_bytes_for_level_multiplier_addtl[2]: 1
2019/04/21-21:35:23.956376 7fa7c88e1700 Options.max_bytes_for_level_multiplier_addtl[3]: 1
2019/04/21-21:35:23.956377 7fa7c88e1700 Options.max_bytes_for_level_multiplier_addtl[4]: 1
2019/04/21-21:35:23.956378 7fa7c88e1700 Options.max_bytes_for_level_multiplier_addtl[5]: 1
2019/04/21-21:35:23.956378 7fa7c88e1700 Options.max_bytes_for_level_multiplier_addtl[6]: 1
2019/04/21-21:35:23.956379 7fa7c88e1700       Options.max_sequential_skip_in_iterations: 8
2019/04/21-21:35:23.956380 7fa7c88e1700                    Options.max_compaction_bytes: 1677721600
2019/04/21-21:35:23.956381 7fa7c88e1700                        Options.arena_block_size: 16777216
2019/04/21-21:35:23.956382 7fa7c88e1700   Options.soft_pending_compaction_bytes_limit: 68719476736
2019/04/21-21:35:23.956383 7fa7c88e1700   Options.hard_pending_compaction_bytes_limit: 274877906944
2019/04/21-21:35:23.956390 7fa7c88e1700       Options.rate_limit_delay_max_milliseconds: 100
2019/04/21-21:35:23.956391 7fa7c88e1700                Options.disable_auto_compactions: 0
2019/04/21-21:35:23.956393 7fa7c88e1700                        Options.compaction_style: kCompactionStyleLevel
2019/04/21-21:35:23.956394 7fa7c88e1700                          Options.compaction_pri: kByCompensatedSize
2019/04/21-21:35:23.956395 7fa7c88e1700 Options.compaction_options_universal.size_ratio: 1
2019/04/21-21:35:23.956396 7fa7c88e1700 Options.compaction_options_universal.min_merge_width: 2
2019/04/21-21:35:23.956396 7fa7c88e1700 Options.compaction_options_universal.max_merge_width: 4294967295
2019/04/21-21:35:23.956397 7fa7c88e1700 Options.compaction_options_universal.max_size_amplification_percent: 200
2019/04/21-21:35:23.956398 7fa7c88e1700 Options.compaction_options_universal.compression_size_percent: -1
2019/04/21-21:35:23.956399 7fa7c88e1700 Options.compaction_options_universal.stop_style: kCompactionStopStyleTotalSize
2019/04/21-21:35:23.956400 7fa7c88e1700 Options.compaction_options_fifo.max_table_files_size: 1073741824
2019/04/21-21:35:23.956401 7fa7c88e1700 Options.compaction_options_fifo.allow_compaction: 0
2019/04/21-21:35:23.956402 7fa7c88e1700 Options.compaction_options_fifo.ttl: 0
2019/04/21-21:35:23.956403 7fa7c88e1700                   Options.table_properties_collectors: 
2019/04/21-21:35:23.956404 7fa7c88e1700                   Options.inplace_update_support: 0
2019/04/21-21:35:23.956405 7fa7c88e1700                 Options.inplace_update_num_locks: 10000
2019/04/21-21:35:23.956406 7fa7c88e1700               Options.memtable_prefix_bloom_size_ratio: 0.000000
2019/04/21-21:35:23.956407 7fa7c88e1700   Options.memtable_huge_page_size: 0
2019/04/21-21:35:23.956408 7fa7c88e1700                           Options.bloom_locality: 0
2019/04/21-21:35:23.956409 7fa7c88e1700                    Options.max_successive_merges: 0
2019/04/21-21:35:23.956410 7fa7c88e1700                Options.optimize_filters_for_hits: 0
2019/04/21-21:35:23.956411 7fa7c88e1700                Options.paranoid_file_checks: 0
2019/04/21-21:35:23.956411 7fa7c88e1700                Options.force_consistency_checks: 0
2019/04/21-21:35:23.956412 7fa7c88e1700                Options.report_bg_io_stats: 0
2019/04/21-21:35:23.956413 7fa7c88e1700                               Options.ttl: 0
2019/04/21-21:35:23.957300 7fa7c88e1700 [db/version_set.cc:3361] Recovered from manifest file:/mnt/sdc/ycsb-rocksdb-data/MANIFEST-000001 succeeded,manifest_file_number is 1, next_file_number is 3, last_sequence is 0, log_number is 0,prev_log_number is 0,max_column_family is 0,min_log_number_to_keep is 0
2019/04/21-21:35:23.957308 7fa7c88e1700 [db/version_set.cc:3369] Column family [default] (ID 0), log number is 0
2019/04/21-21:35:23.957520 7fa7c88e1700 [db/version_set.cc:2847] Creating manifest 4
2019/04/21-21:35:24.057374 7fa7c88e1700 [db/column_family.cc:475] --------------- Options for column family [usertable]:
2019/04/21-21:35:24.057384 7fa7c88e1700               Options.comparator: leveldb.BytewiseComparator
2019/04/21-21:35:24.057387 7fa7c88e1700           Options.merge_operator: None
2019/04/21-21:35:24.057389 7fa7c88e1700        Options.compaction_filter: None
2019/04/21-21:35:24.057391 7fa7c88e1700        Options.compaction_filter_factory: None
2019/04/21-21:35:24.057393 7fa7c88e1700         Options.memtable_factory: SkipListFactory
2019/04/21-21:35:24.057395 7fa7c88e1700            Options.table_factory: BlockBasedTable
2019/04/21-21:35:24.057444 7fa7c88e1700            table_factory options:   flush_block_policy_factory: FlushBlockBySizePolicyFactory (0x7fa7283b0800)
  cache_index_and_filter_blocks: 0
  cache_index_and_filter_blocks_with_high_priority: 0
  pin_l0_filter_and_index_blocks_in_cache: 0
  index_type: 0
  hash_index_allow_collision: 1
  checksum: 1
  no_block_cache: 0
  block_cache: 0x7fa7283b6110
  block_cache_name: LRUCache
  block_cache_options:
    capacity : 8388608
    num_shard_bits : 4
    strict_capacity_limit : 0
    high_pri_pool_ratio: 0.000
  block_cache_compressed: (nil)
  persistent_cache: (nil)
  block_size: 8192
  block_size_deviation: 10
  block_restart_interval: 16
  index_block_restart_interval: 1
  metadata_block_size: 4096
  partition_filters: 0
  use_delta_encoding: 1
  filter_policy: nullptr
  whole_key_filtering: 1
  verify_compression: 0
  read_amp_bytes_per_bit: 0
  format_version: 2
  enable_index_compression: 1
  block_align: 0
2019/04/21-21:35:24.057450 7fa7c88e1700        Options.write_buffer_size: 134217728
2019/04/21-21:35:24.057452 7fa7c88e1700  Options.max_write_buffer_number: 24
2019/04/21-21:35:24.057455 7fa7c88e1700        Options.compression[0]: NoCompression
2019/04/21-21:35:24.057457 7fa7c88e1700        Options.compression[1]: NoCompression
2019/04/21-21:35:24.057460 7fa7c88e1700        Options.compression[2]: LZ4
2019/04/21-21:35:24.057462 7fa7c88e1700        Options.compression[3]: LZ4
2019/04/21-21:35:24.057464 7fa7c88e1700        Options.compression[4]: LZ4
2019/04/21-21:35:24.057466 7fa7c88e1700        Options.compression[5]: LZ4
2019/04/21-21:35:24.057468 7fa7c88e1700        Options.compression[6]: LZ4
2019/04/21-21:35:24.057470 7fa7c88e1700                  Options.bottommost_compression: Disabled
2019/04/21-21:35:24.057472 7fa7c88e1700       Options.prefix_extractor: nullptr
2019/04/21-21:35:24.057474 7fa7c88e1700   Options.memtable_insert_with_hint_prefix_extractor: nullptr
2019/04/21-21:35:24.057476 7fa7c88e1700             Options.num_levels: 7
2019/04/21-21:35:24.057478 7fa7c88e1700        Options.min_write_buffer_number_to_merge: 2
2019/04/21-21:35:24.057480 7fa7c88e1700     Options.max_write_buffer_number_to_maintain: 0
2019/04/21-21:35:24.057482 7fa7c88e1700            Options.compression_opts.window_bits: -14
2019/04/21-21:35:24.057484 7fa7c88e1700                  Options.compression_opts.level: -1
2019/04/21-21:35:24.057486 7fa7c88e1700               Options.compression_opts.strategy: 0
2019/04/21-21:35:24.057488 7fa7c88e1700         Options.compression_opts.max_dict_bytes: 0
2019/04/21-21:35:24.057490 7fa7c88e1700         Options.compression_opts.zstd_max_train_bytes: 0
2019/04/21-21:35:24.057492 7fa7c88e1700      Options.level0_file_num_compaction_trigger: 2
2019/04/21-21:35:24.057494 7fa7c88e1700          Options.level0_slowdown_writes_trigger: 20
2019/04/21-21:35:24.057496 7fa7c88e1700              Options.level0_stop_writes_trigger: 36
2019/04/21-21:35:24.057498 7fa7c88e1700                   Options.target_file_size_base: 67108864
2019/04/21-21:35:24.057499 7fa7c88e1700             Options.target_file_size_multiplier: 1
2019/04/21-21:35:24.057501 7fa7c88e1700                Options.max_bytes_for_level_base: 536870912
2019/04/21-21:35:24.057503 7fa7c88e1700 Options.level_compaction_dynamic_level_bytes: 0
2019/04/21-21:35:24.057505 7fa7c88e1700          Options.max_bytes_for_level_multiplier: 10.000000
2019/04/21-21:35:24.057510 7fa7c88e1700 Options.max_bytes_for_level_multiplier_addtl[0]: 1
2019/04/21-21:35:24.057529 7fa7c88e1700 Options.max_bytes_for_level_multiplier_addtl[1]: 1
2019/04/21-21:35:24.057533 7fa7c88e1700 Options.max_bytes_for_level_multiplier_addtl[2]: 1
2019/04/21-21:35:24.057535 7fa7c88e1700 Options.max_bytes_for_level_multiplier_addtl[3]: 1
2019/04/21-21:35:24.057537 7fa7c88e1700 Options.max_bytes_for_level_multiplier_addtl[4]: 1
2019/04/21-21:35:24.057539 7fa7c88e1700 Options.max_bytes_for_level_multiplier_addtl[5]: 1
2019/04/21-21:35:24.057541 7fa7c88e1700 Options.max_bytes_for_level_multiplier_addtl[6]: 1
2019/04/21-21:35:24.057543 7fa7c88e1700       Options.max_sequential_skip_in_iterations: 8
2019/04/21-21:35:24.057545 7fa7c88e1700                    Options.max_compaction_bytes: 1677721600
2019/04/21-21:35:24.057547 7fa7c88e1700                        Options.arena_block_size: 16777216
2019/04/21-21:35:24.057549 7fa7c88e1700   Options.soft_pending_compaction_bytes_limit: 68719476736
2019/04/21-21:35:24.057551 7fa7c88e1700   Options.hard_pending_compaction_bytes_limit: 274877906944
2019/04/21-21:35:24.057553 7fa7c88e1700       Options.rate_limit_delay_max_milliseconds: 100
2019/04/21-21:35:24.057555 7fa7c88e1700                Options.disable_auto_compactions: 0
2019/04/21-21:35:24.057558 7fa7c88e1700                        Options.compaction_style: kCompactionStyleLevel
2019/04/21-21:35:24.057561 7fa7c88e1700                          Options.compaction_pri: kByCompensatedSize
2019/04/21-21:35:24.057563 7fa7c88e1700 Options.compaction_options_universal.size_ratio: 1
2019/04/21-21:35:24.057565 7fa7c88e1700 Options.compaction_options_universal.min_merge_width: 2
2019/04/21-21:35:24.057567 7fa7c88e1700 Options.compaction_options_universal.max_merge_width: 4294967295
2019/04/21-21:35:24.057569 7fa7c88e1700 Options.compaction_options_universal.max_size_amplification_percent: 200
2019/04/21-21:35:24.057571 7fa7c88e1700 Options.compaction_options_universal.compression_size_percent: -1
2019/04/21-21:35:24.057573 7fa7c88e1700 Options.compaction_options_universal.stop_style: kCompactionStopStyleTotalSize
2019/04/21-21:35:24.057575 7fa7c88e1700 Options.compaction_options_fifo.max_table_files_size: 1073741824
2019/04/21-21:35:24.057577 7fa7c88e1700 Options.compaction_options_fifo.allow_compaction: 0
2019/04/21-21:35:24.057579 7fa7c88e1700 Options.compaction_options_fifo.ttl: 0
2019/04/21-21:35:24.057581 7fa7c88e1700                   Options.table_properties_collectors: 
2019/04/21-21:35:24.057584 7fa7c88e1700                   Options.inplace_update_support: 0
2019/04/21-21:35:24.057585 7fa7c88e1700                 Options.inplace_update_num_locks: 10000
2019/04/21-21:35:24.057587 7fa7c88e1700               Options.memtable_prefix_bloom_size_ratio: 0.000000
2019/04/21-21:35:24.057590 7fa7c88e1700   Options.memtable_huge_page_size: 0
2019/04/21-21:35:24.057592 7fa7c88e1700                           Options.bloom_locality: 0
2019/04/21-21:35:24.057594 7fa7c88e1700                    Options.max_successive_merges: 0
2019/04/21-21:35:24.057596 7fa7c88e1700                Options.optimize_filters_for_hits: 0
2019/04/21-21:35:24.057598 7fa7c88e1700                Options.paranoid_file_checks: 0
2019/04/21-21:35:24.057600 7fa7c88e1700                Options.force_consistency_checks: 0
2019/04/21-21:35:24.057602 7fa7c88e1700                Options.report_bg_io_stats: 0
2019/04/21-21:35:24.057603 7fa7c88e1700                               Options.ttl: 0
2019/04/21-21:35:24.057725 7fa7c88e1700 [db/db_impl.cc:1396] Created column family [usertable] (ID 1)
2019/04/21-21:35:24.163848 7fa7c88e1700 [db/db_impl_open.cc:1219] DB pointer 0x7fa7283a06a0
2019/04/21-21:35:33.115051 7fa7c02f6700 [db/db_impl_write.cc:1373] [usertable] New memtable created with log file: #9. Immutable memtables: 0.
2019/04/21-21:35:41.302375 7fa7b84f5700 [db/db_impl_write.cc:1373] [usertable] New memtable created with log file: #10. Immutable memtables: 1.
2019/04/21-21:35:41.302513 7fa68d7fa700 [db/db_impl_compaction_flush.cc:80] [JOB 2] Syncing log #3
2019/04/21-21:35:41.556175 7fa68d7fa700 [db/db_impl_compaction_flush.cc:80] [JOB 2] Syncing log #9
2019/04/21-21:35:42.268959 7fa68d7fa700 (Original Log Time 2019/04/21-21:35:41.302470) [db/db_impl_compaction_flush.cc:1424] Calling FlushMemTableToOutputFile with column family [usertable], flush slots available 24, compaction slots available 1, flush slots scheduled 1, compaction slots scheduled 0
2019/04/21-21:35:42.268973 7fa68d7fa700 [db/flush_job.cc:301] [usertable] [JOB 2] Flushing memtable with next log file: 9
2019/04/21-21:35:42.268985 7fa68d7fa700 [db/flush_job.cc:301] [usertable] [JOB 2] Flushing memtable with next log file: 10
2019/04/21-21:35:42.269038 7fa68d7fa700 EVENT_LOG_v1 {"time_micros": 1555907742269011, "job": 2, "event": "flush_started", "num_memtables": 2, "num_entries": 59974, "num_deletes": 0, "memory_usage": 258737552, "flush_reason": "Write Buffer Full"}
2019/04/21-21:35:42.269048 7fa68d7fa700 [db/flush_job.cc:331] [usertable] [JOB 2] Level-0 flush table #11: started
2019/04/21-21:35:44.339463 7fa68d7fa700 EVENT_LOG_v1 {"time_micros": 1555907744339438, "cf_name": "usertable", "job": 2, "event": "table_file_creation", "file_number": 11, "file_size": 248376324, "table_properties": {"data_size": 247272802, "index_size": 1102595, "filter_size": 0, "raw_key_size": 1439376, "raw_average_key_size": 24, "raw_value_size": 245653504, "raw_average_value_size": 4096, "num_data_blocks": 29987, "num_entries": 59974, "filter_policy_name": "", "kDeletedKeys": "0", "kMergeOperands": "0"}}
2019/04/21-21:35:44.339494 7fa68d7fa700 [db/flush_job.cc:371] [usertable] [JOB 2] Level-0 flush table #11: 248376324 bytes OK
2019/04/21-21:35:44.357391 7fa68d7fa700 (Original Log Time 2019/04/21-21:35:44.339513) [db/memtable_list.cc:377] [usertable] Level-0 commit table #11 started
2019/04/21-21:35:44.357396 7fa68d7fa700 (Original Log Time 2019/04/21-21:35:44.357294) [db/memtable_list.cc:409] [usertable] Level-0 commit table #11: memtable #1 done
2019/04/21-21:35:44.357397 7fa68d7fa700 (Original Log Time 2019/04/21-21:35:44.357303) [db/memtable_list.cc:409] [usertable] Level-0 commit table #11: memtable #2 done
2019/04/21-21:35:44.357399 7fa68d7fa700 (Original Log Time 2019/04/21-21:35:44.357331) EVENT_LOG_v1 {"time_micros": 1555907744357318, "job": 2, "event": "flush_finished", "output_compression": "NoCompression", "lsm_state": [1, 0, 0, 0, 0, 0, 0], "immutable_memtables": 0}
2019/04/21-21:35:44.357401 7fa68d7fa700 (Original Log Time 2019/04/21-21:35:44.357358) [db/db_impl_compaction_flush.cc:177] [usertable] Level summary: base level 1 max bytes base 536870912 files[1 0 0 0 0 0 0] max score 0.50
2019/04/21-21:35:44.357411 7fa68d7fa700 [db/db_impl_files.cc:347] [JOB 2] Try to delete WAL files size 247630858, prev total WAL file size 291782051, number of live WAL files 3.
2019/04/21-21:35:49.857510 7fa6dc6f7700 [db/db_impl_write.cc:1373] [usertable] New memtable created with log file: #12. Immutable memtables: 0.
2019/04/21-21:35:58.582031 7fa6f82f3700 [db/db_impl_write.cc:1373] [usertable] New memtable created with log file: #13. Immutable memtables: 1.
2019/04/21-21:35:58.582121 7fa6de7fc700 [db/db_impl_compaction_flush.cc:80] [JOB 3] Syncing log #10
2019/04/21-21:35:59.065298 7fa6de7fc700 [db/db_impl_compaction_flush.cc:80] [JOB 3] Syncing log #12
2019/04/21-21:35:59.567825 7fa6de7fc700 (Original Log Time 2019/04/21-21:35:58.582102) [db/db_impl_compaction_flush.cc:1424] Calling FlushMemTableToOutputFile with column family [usertable], flush slots available 24, compaction slots available 1, flush slots scheduled 1, compaction slots scheduled 0
2019/04/21-21:35:59.567837 7fa6de7fc700 [db/flush_job.cc:301] [usertable] [JOB 3] Flushing memtable with next log file: 12
2019/04/21-21:35:59.567844 7fa6de7fc700 [db/flush_job.cc:301] [usertable] [JOB 3] Flushing memtable with next log file: 13
2019/04/21-21:35:59.567879 7fa6de7fc700 EVENT_LOG_v1 {"time_micros": 1555907759567865, "job": 3, "event": "flush_started", "num_memtables": 2, "num_entries": 60479, "num_deletes": 0, "memory_usage": 250660672, "flush_reason": "Write Buffer Full"}
2019/04/21-21:35:59.567885 7fa6de7fc700 [db/flush_job.cc:331] [usertable] [JOB 3] Level-0 flush table #14: started
2019/04/21-21:36:00.636316 7fa6de7fc700 EVENT_LOG_v1 {"time_micros": 1555907760636290, "cf_name": "usertable", "job": 3, "event": "table_file_creation", "file_number": 14, "file_size": 250467752, "table_properties": {"data_size": 249354931, "index_size": 1111894, "filter_size": 0, "raw_key_size": 1451496, "raw_average_key_size": 24, "raw_value_size": 247721984, "raw_average_value_size": 4096, "num_data_blocks": 30240, "num_entries": 60479, "filter_policy_name": "", "kDeletedKeys": "0", "kMergeOperands": "0"}}
2019/04/21-21:36:00.636351 7fa6de7fc700 [db/flush_job.cc:371] [usertable] [JOB 3] Level-0 flush table #14: 250467752 bytes OK
2019/04/21-21:36:00.664912 7fa6de7fc700 (Original Log Time 2019/04/21-21:36:00.636367) [db/memtable_list.cc:377] [usertable] Level-0 commit table #14 started
2019/04/21-21:36:00.664917 7fa6de7fc700 (Original Log Time 2019/04/21-21:36:00.664802) [db/memtable_list.cc:409] [usertable] Level-0 commit table #14: memtable #1 done
2019/04/21-21:36:00.664918 7fa6de7fc700 (Original Log Time 2019/04/21-21:36:00.664806) [db/memtable_list.cc:409] [usertable] Level-0 commit table #14: memtable #2 done
2019/04/21-21:36:00.664920 7fa6de7fc700 (Original Log Time 2019/04/21-21:36:00.664845) EVENT_LOG_v1 {"time_micros": 1555907760664819, "job": 3, "event": "flush_finished", "output_compression": "NoCompression", "lsm_state": [2, 0, 0, 0, 0, 0, 0], "immutable_memtables": 0}
2019/04/21-21:36:00.664921 7fa6de7fc700 (Original Log Time 2019/04/21-21:36:00.664887) [db/db_impl_compaction_flush.cc:177] [usertable] Level summary: base level 1 max bytes base 536870912 files[2 0 0 0 0 0 0] max score 1.00
2019/04/21-21:36:00.664930 7fa6de7fc700 [db/db_impl_files.cc:347] [JOB 3] Try to delete WAL files size 249716519, prev total WAL file size 279808575, number of live WAL files 3.
2019/04/21-21:36:00.665134 7fa6deffd700 [WARN] [db/db_impl.cc:491] ------- DUMPING STATS -------
2019/04/21-21:36:00.665175 7fa6deffd700 [WARN] [db/db_impl.cc:492] 
** DB Stats **
Uptime(secs): 36.7 total, 36.7 interval
Cumulative writes: 127K writes, 127K keys, 127K commit groups, 1.0 writes per commit group, ingest: 0.49 GB, 13.70 MB/s
Cumulative WAL: 127K writes, 0 syncs, 127741.00 writes per sync, written: 0.49 GB, 13.70 MB/s
Cumulative stall: 00:00:0.000 H:M:S, 0.0 percent
Interval writes: 127K writes, 127K keys, 127K commit groups, 1.0 writes per commit group, ingest: 503.01 MB, 13.70 MB/s
Interval WAL: 127K writes, 0 syncs, 127741.00 writes per sync, written: 0.49 MB, 13.70 MB/s
Interval stall: 00:00:0.000 H:M:S, 0.0 percent

** Compaction Stats [default] **
Level    Files   Size     Score Read(GB)  Rn(GB) Rnp1(GB) Write(GB) Wnew(GB) Moved(GB) W-Amp Rd(MB/s) Wr(MB/s) Comp(sec) Comp(cnt) Avg(sec) KeyIn KeyDrop
----------------------------------------------------------------------------------------------------------------------------------------------------------
 Sum      0/0    0.00 KB   0.0      0.0     0.0      0.0       0.0      0.0       0.0   0.0      0.0      0.0         0         0    0.000       0      0
 Int      0/0    0.00 KB   0.0      0.0     0.0      0.0       0.0      0.0       0.0   0.0      0.0      0.0         0         0    0.000       0      0
Uptime(secs): 36.7 total, 36.7 interval
Flush(GB): cumulative 0.000, interval 0.000
AddFile(GB): cumulative 0.000, interval 0.000
AddFile(Total Files): cumulative 0, interval 0
AddFile(L0 Files): cumulative 0, interval 0
AddFile(Keys): cumulative 0, interval 0
Cumulative compaction: 0.00 GB write, 0.00 MB/s write, 0.00 GB read, 0.00 MB/s read, 0.0 seconds
Interval compaction: 0.00 GB write, 0.00 MB/s write, 0.00 GB read, 0.00 MB/s read, 0.0 seconds
Stalls(count): 0 level0_slowdown, 0 level0_slowdown_with_compaction, 0 level0_numfiles, 0 level0_numfiles_with_compaction, 0 stop for pending_compaction_bytes, 0 slowdown for pending_compaction_bytes, 0 memtable_compaction, 0 memtable_slowdown, interval 0 total count

** File Read Latency Histogram By Level [default] **

** Compaction Stats [usertable] **
Level    Files   Size     Score Read(GB)  Rn(GB) Rnp1(GB) Write(GB) Wnew(GB) Moved(GB) W-Amp Rd(MB/s) Wr(MB/s) Comp(sec) Comp(cnt) Avg(sec) KeyIn KeyDrop
----------------------------------------------------------------------------------------------------------------------------------------------------------
  L0      2/0   475.73 MB   1.0      0.0     0.0      0.0       0.5      0.5       0.0   1.0      0.0    151.6         3         2    1.570       0      0
 Sum      2/0   475.73 MB   0.0      0.0     0.0      0.0       0.5      0.5       0.0   1.0      0.0    151.6         3         2    1.570       0      0
 Int      0/0    0.00 KB   0.0      0.0     0.0      0.0       0.5      0.5       0.0   1.0      0.0    151.6         3         2    1.570       0      0
Uptime(secs): 36.6 total, 36.6 interval
Flush(GB): cumulative 0.465, interval 0.465
AddFile(GB): cumulative 0.000, interval 0.000
AddFile(Total Files): cumulative 0, interval 0
AddFile(L0 Files): cumulative 0, interval 0
AddFile(Keys): cumulative 0, interval 0
Cumulative compaction: 0.46 GB write, 13.00 MB/s write, 0.00 GB read, 0.00 MB/s read, 3.1 seconds
Interval compaction: 0.46 GB write, 13.00 MB/s write, 0.00 GB read, 0.00 MB/s read, 3.1 seconds
Stalls(count): 0 level0_slowdown, 0 level0_slowdown_with_compaction, 0 level0_numfiles, 0 level0_numfiles_with_compaction, 0 stop for pending_compaction_bytes, 0 slowdown for pending_compaction_bytes, 0 memtable_compaction, 0 memtable_slowdown, interval 0 total count

** File Read Latency Histogram By Level [usertable] **

** Compaction Stats [default] **
Level    Files   Size     Score Read(GB)  Rn(GB) Rnp1(GB) Write(GB) Wnew(GB) Moved(GB) W-Amp Rd(MB/s) Wr(MB/s) Comp(sec) Comp(cnt) Avg(sec) KeyIn KeyDrop
----------------------------------------------------------------------------------------------------------------------------------------------------------
 Sum      0/0    0.00 KB   0.0      0.0     0.0      0.0       0.0      0.0       0.0   0.0      0.0      0.0         0         0    0.000       0      0
 Int      0/0    0.00 KB   0.0      0.0     0.0      0.0       0.0      0.0       0.0   0.0      0.0      0.0         0         0    0.000       0      0
Uptime(secs): 36.7 total, 0.0 interval
Flush(GB): cumulative 0.000, interval 0.000
AddFile(GB): cumulative 0.000, interval 0.000
AddFile(Total Files): cumulative 0, interval 0
AddFile(L0 Files): cumulative 0, interval 0
AddFile(Keys): cumulative 0, interval 0
Cumulative compaction: 0.00 GB write, 0.00 MB/s write, 0.00 GB read, 0.00 MB/s read, 0.0 seconds
Interval compaction: 0.00 GB write, 0.00 MB/s write, 0.00 GB read, 0.00 MB/s read, 0.0 seconds
Stalls(count): 0 level0_slowdown, 0 level0_slowdown_with_compaction, 0 level0_numfiles, 0 level0_numfiles_with_compaction, 0 stop for pending_compaction_bytes, 0 slowdown for pending_compaction_bytes, 0 memtable_compaction, 0 memtable_slowdown, interval 0 total count

** File Read Latency Histogram By Level [default] **

** Compaction Stats [usertable] **
Level    Files   Size     Score Read(GB)  Rn(GB) Rnp1(GB) Write(GB) Wnew(GB) Moved(GB) W-Amp Rd(MB/s) Wr(MB/s) Comp(sec) Comp(cnt) Avg(sec) KeyIn KeyDrop
----------------------------------------------------------------------------------------------------------------------------------------------------------
  L0      2/0   475.73 MB   1.0      0.0     0.0      0.0       0.5      0.5       0.0   1.0      0.0    151.6         3         2    1.570       0      0
 Sum      2/0   475.73 MB   0.0      0.0     0.0      0.0       0.5      0.5       0.0   1.0      0.0    151.6         3         2    1.570       0      0
 Int      0/0    0.00 KB   0.0      0.0     0.0      0.0       0.0      0.0       0.0   0.0      0.0      0.0         0         0    0.000       0      0
Uptime(secs): 36.6 total, 0.0 interval
Flush(GB): cumulative 0.465, interval 0.000
AddFile(GB): cumulative 0.000, interval 0.000
AddFile(Total Files): cumulative 0, interval 0
AddFile(L0 Files): cumulative 0, interval 0
AddFile(Keys): cumulative 0, interval 0
Cumulative compaction: 0.46 GB write, 13.00 MB/s write, 0.00 GB read, 0.00 MB/s read, 3.1 seconds
Interval compaction: 0.00 GB write, 0.00 MB/s write, 0.00 GB read, 0.00 MB/s read, 0.0 seconds
Stalls(count): 0 level0_slowdown, 0 level0_slowdown_with_compaction, 0 level0_numfiles, 0 level0_numfiles_with_compaction, 0 stop for pending_compaction_bytes, 0 slowdown for pending_compaction_bytes, 0 memtable_compaction, 0 memtable_slowdown, interval 0 total count

** File Read Latency Histogram By Level [usertable] **
2019/04/21-21:36:00.693412 7fa6deffd700 (Original Log Time 2019/04/21-21:36:00.668020) [db/db_impl_compaction_flush.cc:1835] [usertable] Moving #14 to level-1 250467752 bytes
2019/04/21-21:36:00.693416 7fa6deffd700 (Original Log Time 2019/04/21-21:36:00.693353) EVENT_LOG_v1 {"time_micros": 1555907760693337, "job": 4, "event": "trivial_move", "destination_level": 1, "files": 1, "total_files_size": 250467752}
2019/04/21-21:36:00.693418 7fa6deffd700 (Original Log Time 2019/04/21-21:36:00.693367) [db/db_impl_compaction_flush.cc:1864] [usertable] Moved #1 files to level-1 250467752 bytes OK: base level 1 max bytes base 536870912 files[1 1 0 0 0 0 0] max score 0.50
2019/04/21-21:36:07.240030 7fa7c04f8700 [db/db_impl_write.cc:1373] [usertable] New memtable created with log file: #15. Immutable memtables: 0.
2019/04/21-21:36:14.916821 7fa7b82f3700 [db/db_impl_write.cc:1373] [usertable] New memtable created with log file: #16. Immutable memtables: 1.
2019/04/21-21:36:14.916939 7fa6ddffb700 [db/db_impl_compaction_flush.cc:80] [JOB 5] Syncing log #13
2019/04/21-21:36:15.425852 7fa6ddffb700 [db/db_impl_compaction_flush.cc:80] [JOB 5] Syncing log #15
2019/04/21-21:36:15.880862 7fa6ddffb700 (Original Log Time 2019/04/21-21:36:14.916917) [db/db_impl_compaction_flush.cc:1424] Calling FlushMemTableToOutputFile with column family [usertable], flush slots available 24, compaction slots available 1, flush slots scheduled 1, compaction slots scheduled 0
2019/04/21-21:36:15.880874 7fa6ddffb700 [db/flush_job.cc:301] [usertable] [JOB 5] Flushing memtable with next log file: 15
2019/04/21-21:36:15.880884 7fa6ddffb700 [db/flush_job.cc:301] [usertable] [JOB 5] Flushing memtable with next log file: 16
2019/04/21-21:36:15.880920 7fa6ddffb700 EVENT_LOG_v1 {"time_micros": 1555907775880907, "job": 5, "event": "flush_started", "num_memtables": 2, "num_entries": 57167, "num_deletes": 0, "memory_usage": 252377736, "flush_reason": "Write Buffer Full"}
2019/04/21-21:36:15.880929 7fa6ddffb700 [db/flush_job.cc:331] [usertable] [JOB 5] Level-0 flush table #17: started
2019/04/21-21:36:16.736486 7fa6ddffb700 EVENT_LOG_v1 {"time_micros": 1555907776736453, "cf_name": "usertable", "job": 5, "event": "table_file_creation", "file_number": 17, "file_size": 236764176, "table_properties": {"data_size": 235705905, "index_size": 1057344, "filter_size": 0, "raw_key_size": 1372008, "raw_average_key_size": 24, "raw_value_size": 234156032, "raw_average_value_size": 4096, "num_data_blocks": 28584, "num_entries": 57167, "filter_policy_name": "", "kDeletedKeys": "0", "kMergeOperands": "0"}}
2019/04/21-21:36:16.736510 7fa6ddffb700 [db/flush_job.cc:371] [usertable] [JOB 5] Level-0 flush table #17: 236764176 bytes OK
2019/04/21-21:36:16.751698 7fa6ddffb700 (Original Log Time 2019/04/21-21:36:16.736545) [db/memtable_list.cc:377] [usertable] Level-0 commit table #17 started
2019/04/21-21:36:16.751703 7fa6ddffb700 (Original Log Time 2019/04/21-21:36:16.751588) [db/memtable_list.cc:409] [usertable] Level-0 commit table #17: memtable #1 done
2019/04/21-21:36:16.751705 7fa6ddffb700 (Original Log Time 2019/04/21-21:36:16.751596) [db/memtable_list.cc:409] [usertable] Level-0 commit table #17: memtable #2 done
2019/04/21-21:36:16.751706 7fa6ddffb700 (Original Log Time 2019/04/21-21:36:16.751632) EVENT_LOG_v1 {"time_micros": 1555907776751617, "job": 5, "event": "flush_finished", "output_compression": "NoCompression", "lsm_state": [2, 1, 0, 0, 0, 0, 0], "immutable_memtables": 0}
2019/04/21-21:36:16.751708 7fa6ddffb700 (Original Log Time 2019/04/21-21:36:16.751671) [db/db_impl_compaction_flush.cc:177] [usertable] Level summary: base level 1 max bytes base 536870912 files[2 1 0 0 0 0 0] max score 1.00
