2019/07/08-22:50:20.483831 7f3efd5ea700 RocksDB version: 5.14.3
2019/07/08-22:50:20.483879 7f3efd5ea700 Git sha rocksdb_build_git_sha:
2019/07/08-22:50:20.483882 7f3efd5ea700 Compile date Oct  9 2018
2019/07/08-22:50:20.483890 7f3efd5ea700 DB SUMMARY
2019/07/08-22:50:20.483914 7f3efd5ea700 SST files in /mnt/sdc/ycsb-rocksdb-data dir, Total Num: 0, files: 
2019/07/08-22:50:20.483918 7f3efd5ea700 Write Ahead Log file in /mnt/sdc/ycsb-rocksdb-data: 
2019/07/08-22:50:20.483922 7f3efd5ea700                         Options.error_if_exists: 0
2019/07/08-22:50:20.483923 7f3efd5ea700                       Options.create_if_missing: 1
2019/07/08-22:50:20.483924 7f3efd5ea700                         Options.paranoid_checks: 1
2019/07/08-22:50:20.483925 7f3efd5ea700                                     Options.env: 0x7f3efd2d3080
2019/07/08-22:50:20.483925 7f3efd5ea700                                Options.info_log: 0x7f3e4c3adc90
2019/07/08-22:50:20.483926 7f3efd5ea700                Options.max_file_opening_threads: 16
2019/07/08-22:50:20.483927 7f3efd5ea700                              Options.statistics: (nil)
2019/07/08-22:50:20.483928 7f3efd5ea700                               Options.use_fsync: 0
2019/07/08-22:50:20.483929 7f3efd5ea700                       Options.max_log_file_size: 0
2019/07/08-22:50:20.483930 7f3efd5ea700                  Options.max_manifest_file_size: 18446744073709551615
2019/07/08-22:50:20.483931 7f3efd5ea700                   Options.log_file_time_to_roll: 0
2019/07/08-22:50:20.483932 7f3efd5ea700                       Options.keep_log_file_num: 1000
2019/07/08-22:50:20.483933 7f3efd5ea700                    Options.recycle_log_file_num: 0
2019/07/08-22:50:20.483934 7f3efd5ea700                         Options.allow_fallocate: 1
2019/07/08-22:50:20.483935 7f3efd5ea700                        Options.allow_mmap_reads: 0
2019/07/08-22:50:20.483935 7f3efd5ea700                       Options.allow_mmap_writes: 0
2019/07/08-22:50:20.483936 7f3efd5ea700                        Options.use_direct_reads: 0
2019/07/08-22:50:20.483937 7f3efd5ea700                        Options.use_direct_io_for_flush_and_compaction: 0
2019/07/08-22:50:20.483938 7f3efd5ea700          Options.create_missing_column_families: 1
2019/07/08-22:50:20.483939 7f3efd5ea700                              Options.db_log_dir: 
2019/07/08-22:50:20.483940 7f3efd5ea700                                 Options.wal_dir: /mnt/sdc/ycsb-rocksdb-data
2019/07/08-22:50:20.483941 7f3efd5ea700                Options.table_cache_numshardbits: 6
2019/07/08-22:50:20.483942 7f3efd5ea700                      Options.max_subcompactions: 4
2019/07/08-22:50:20.483943 7f3efd5ea700                  Options.max_background_flushes: 24
2019/07/08-22:50:20.483944 7f3efd5ea700                         Options.WAL_ttl_seconds: 0
2019/07/08-22:50:20.483945 7f3efd5ea700                       Options.WAL_size_limit_MB: 0
2019/07/08-22:50:20.483945 7f3efd5ea700             Options.manifest_preallocation_size: 4194304
2019/07/08-22:50:20.483946 7f3efd5ea700                     Options.is_fd_close_on_exec: 1
2019/07/08-22:50:20.483947 7f3efd5ea700                   Options.advise_random_on_open: 1
2019/07/08-22:50:20.483948 7f3efd5ea700                    Options.db_write_buffer_size: 0
2019/07/08-22:50:20.483949 7f3efd5ea700                    Options.write_buffer_manager: 0x7f3e4c3b7ca0
2019/07/08-22:50:20.483950 7f3efd5ea700         Options.access_hint_on_compaction_start: 1
2019/07/08-22:50:20.483951 7f3efd5ea700  Options.new_table_reader_for_compaction_inputs: 0
2019/07/08-22:50:20.483952 7f3efd5ea700           Options.random_access_max_buffer_size: 1048576
2019/07/08-22:50:20.483952 7f3efd5ea700                      Options.use_adaptive_mutex: 0
2019/07/08-22:50:20.483953 7f3efd5ea700                            Options.rate_limiter: (nil)
2019/07/08-22:50:20.483955 7f3efd5ea700     Options.sst_file_manager.rate_bytes_per_sec: 0
2019/07/08-22:50:20.483956 7f3efd5ea700                       Options.wal_recovery_mode: 2
2019/07/08-22:50:20.483957 7f3efd5ea700                  Options.enable_thread_tracking: 0
2019/07/08-22:50:20.483957 7f3efd5ea700                  Options.enable_pipelined_write: 1
2019/07/08-22:50:20.483968 7f3efd5ea700         Options.allow_concurrent_memtable_write: 1
2019/07/08-22:50:20.483969 7f3efd5ea700      Options.enable_write_thread_adaptive_yield: 1
2019/07/08-22:50:20.483970 7f3efd5ea700             Options.write_thread_max_yield_usec: 100
2019/07/08-22:50:20.483971 7f3efd5ea700            Options.write_thread_slow_yield_usec: 3
2019/07/08-22:50:20.483972 7f3efd5ea700                               Options.row_cache: None
2019/07/08-22:50:20.483972 7f3efd5ea700                              Options.wal_filter: None
2019/07/08-22:50:20.483973 7f3efd5ea700             Options.avoid_flush_during_recovery: 0
2019/07/08-22:50:20.483974 7f3efd5ea700             Options.allow_ingest_behind: 0
2019/07/08-22:50:20.483975 7f3efd5ea700             Options.preserve_deletes: 0
2019/07/08-22:50:20.483976 7f3efd5ea700             Options.two_write_queues: 0
2019/07/08-22:50:20.483977 7f3efd5ea700             Options.manual_wal_flush: 0
2019/07/08-22:50:20.483979 7f3efd5ea700             Options.max_background_jobs: 24
2019/07/08-22:50:20.483980 7f3efd5ea700             Options.max_background_compactions: 24
2019/07/08-22:50:20.483981 7f3efd5ea700             Options.avoid_flush_during_shutdown: 0
2019/07/08-22:50:20.483981 7f3efd5ea700           Options.writable_file_max_buffer_size: 1048576
2019/07/08-22:50:20.483982 7f3efd5ea700             Options.delayed_write_rate : 16777216
2019/07/08-22:50:20.483983 7f3efd5ea700             Options.max_total_wal_size: 0
2019/07/08-22:50:20.483984 7f3efd5ea700             Options.delete_obsolete_files_period_micros: 21600000000
2019/07/08-22:50:20.483985 7f3efd5ea700                   Options.stats_dump_period_sec: 60
2019/07/08-22:50:20.483986 7f3efd5ea700                          Options.max_open_files: -1
2019/07/08-22:50:20.483987 7f3efd5ea700                          Options.bytes_per_sync: 1048576
2019/07/08-22:50:20.483988 7f3efd5ea700                      Options.wal_bytes_per_sync: 0
2019/07/08-22:50:20.483989 7f3efd5ea700       Options.compaction_readahead_size: 0
2019/07/08-22:50:20.483990 7f3efd5ea700 Compression algorithms supported:
2019/07/08-22:50:20.483991 7f3efd5ea700 	kZSTDNotFinalCompression supported: 1
2019/07/08-22:50:20.483998 7f3efd5ea700 	kZSTD supported: 1
2019/07/08-22:50:20.483999 7f3efd5ea700 	kXpressCompression supported: 0
2019/07/08-22:50:20.484000 7f3efd5ea700 	kLZ4HCCompression supported: 1
2019/07/08-22:50:20.484001 7f3efd5ea700 	kLZ4Compression supported: 1
2019/07/08-22:50:20.484002 7f3efd5ea700 	kBZip2Compression supported: 1
2019/07/08-22:50:20.484003 7f3efd5ea700 	kZlibCompression supported: 1
2019/07/08-22:50:20.484004 7f3efd5ea700 	kSnappyCompression supported: 1
2019/07/08-22:50:20.484008 7f3efd5ea700 Fast CRC32 supported: Not supported on x86
2019/07/08-22:50:20.484076 7f3efd5ea700 [db/db_impl_open.cc:222] Creating manifest 1 
2019/07/08-22:50:20.576462 7f3efd5ea700 [db/version_set.cc:3085] Recovering from manifest file: MANIFEST-000001
2019/07/08-22:50:20.576543 7f3efd5ea700 [db/column_family.cc:475] --------------- Options for column family [default]:
2019/07/08-22:50:20.576546 7f3efd5ea700               Options.comparator: leveldb.BytewiseComparator
2019/07/08-22:50:20.576548 7f3efd5ea700           Options.merge_operator: None
2019/07/08-22:50:20.576548 7f3efd5ea700        Options.compaction_filter: None
2019/07/08-22:50:20.576549 7f3efd5ea700        Options.compaction_filter_factory: None
2019/07/08-22:50:20.576550 7f3efd5ea700         Options.memtable_factory: SkipListFactory
2019/07/08-22:50:20.576551 7f3efd5ea700            Options.table_factory: BlockBasedTable
2019/07/08-22:50:20.576575 7f3efd5ea700            table_factory options:   flush_block_policy_factory: FlushBlockBySizePolicyFactory (0x7f3e4c3aeb60)
  cache_index_and_filter_blocks: 0
  cache_index_and_filter_blocks_with_high_priority: 0
  pin_l0_filter_and_index_blocks_in_cache: 0
  index_type: 0
  hash_index_allow_collision: 1
  checksum: 1
  no_block_cache: 0
  block_cache: 0x7f3e4c3a34c0
  block_cache_name: LRUCache
  block_cache_options:
    capacity : 8388608
    num_shard_bits : 4
    strict_capacity_limit : 0
    high_pri_pool_ratio: 0.000
  block_cache_compressed: (nil)
  persistent_cache: (nil)
  block_size: 8192
  block_size_deviation: 10
  block_restart_interval: 16
  index_block_restart_interval: 1
  metadata_block_size: 4096
  partition_filters: 0
  use_delta_encoding: 1
  filter_policy: nullptr
  whole_key_filtering: 1
  verify_compression: 0
  read_amp_bytes_per_bit: 0
  format_version: 2
  enable_index_compression: 1
  block_align: 0
2019/07/08-22:50:20.576589 7f3efd5ea700        Options.write_buffer_size: 134217728
2019/07/08-22:50:20.576590 7f3efd5ea700  Options.max_write_buffer_number: 24
2019/07/08-22:50:20.576592 7f3efd5ea700        Options.compression[0]: NoCompression
2019/07/08-22:50:20.576593 7f3efd5ea700        Options.compression[1]: NoCompression
2019/07/08-22:50:20.576594 7f3efd5ea700        Options.compression[2]: LZ4
2019/07/08-22:50:20.576595 7f3efd5ea700        Options.compression[3]: LZ4
2019/07/08-22:50:20.576596 7f3efd5ea700        Options.compression[4]: LZ4
2019/07/08-22:50:20.576597 7f3efd5ea700        Options.compression[5]: LZ4
2019/07/08-22:50:20.576598 7f3efd5ea700        Options.compression[6]: LZ4
2019/07/08-22:50:20.576599 7f3efd5ea700                  Options.bottommost_compression: Disabled
2019/07/08-22:50:20.576600 7f3efd5ea700       Options.prefix_extractor: nullptr
2019/07/08-22:50:20.576601 7f3efd5ea700   Options.memtable_insert_with_hint_prefix_extractor: nullptr
2019/07/08-22:50:20.576602 7f3efd5ea700             Options.num_levels: 7
2019/07/08-22:50:20.576603 7f3efd5ea700        Options.min_write_buffer_number_to_merge: 2
2019/07/08-22:50:20.576604 7f3efd5ea700     Options.max_write_buffer_number_to_maintain: 0
2019/07/08-22:50:20.576604 7f3efd5ea700            Options.compression_opts.window_bits: -14
2019/07/08-22:50:20.576605 7f3efd5ea700                  Options.compression_opts.level: -1
2019/07/08-22:50:20.576606 7f3efd5ea700               Options.compression_opts.strategy: 0
2019/07/08-22:50:20.576607 7f3efd5ea700         Options.compression_opts.max_dict_bytes: 0
2019/07/08-22:50:20.576608 7f3efd5ea700         Options.compression_opts.zstd_max_train_bytes: 0
2019/07/08-22:50:20.576609 7f3efd5ea700      Options.level0_file_num_compaction_trigger: 2
2019/07/08-22:50:20.576609 7f3efd5ea700          Options.level0_slowdown_writes_trigger: 20
2019/07/08-22:50:20.576610 7f3efd5ea700              Options.level0_stop_writes_trigger: 36
2019/07/08-22:50:20.576611 7f3efd5ea700                   Options.target_file_size_base: 67108864
2019/07/08-22:50:20.576612 7f3efd5ea700             Options.target_file_size_multiplier: 1
2019/07/08-22:50:20.576613 7f3efd5ea700                Options.max_bytes_for_level_base: 536870912
2019/07/08-22:50:20.576614 7f3efd5ea700 Options.level_compaction_dynamic_level_bytes: 0
2019/07/08-22:50:20.576614 7f3efd5ea700          Options.max_bytes_for_level_multiplier: 10.000000
2019/07/08-22:50:20.576617 7f3efd5ea700 Options.max_bytes_for_level_multiplier_addtl[0]: 1
2019/07/08-22:50:20.576618 7f3efd5ea700 Options.max_bytes_for_level_multiplier_addtl[1]: 1
2019/07/08-22:50:20.576618 7f3efd5ea700 Options.max_bytes_for_level_multiplier_addtl[2]: 1
2019/07/08-22:50:20.576619 7f3efd5ea700 Options.max_bytes_for_level_multiplier_addtl[3]: 1
2019/07/08-22:50:20.576620 7f3efd5ea700 Options.max_bytes_for_level_multiplier_addtl[4]: 1
2019/07/08-22:50:20.576621 7f3efd5ea700 Options.max_bytes_for_level_multiplier_addtl[5]: 1
2019/07/08-22:50:20.576622 7f3efd5ea700 Options.max_bytes_for_level_multiplier_addtl[6]: 1
2019/07/08-22:50:20.576623 7f3efd5ea700       Options.max_sequential_skip_in_iterations: 8
2019/07/08-22:50:20.576623 7f3efd5ea700                    Options.max_compaction_bytes: 1677721600
2019/07/08-22:50:20.576624 7f3efd5ea700                        Options.arena_block_size: 16777216
2019/07/08-22:50:20.576625 7f3efd5ea700   Options.soft_pending_compaction_bytes_limit: 68719476736
2019/07/08-22:50:20.576626 7f3efd5ea700   Options.hard_pending_compaction_bytes_limit: 274877906944
2019/07/08-22:50:20.576633 7f3efd5ea700       Options.rate_limit_delay_max_milliseconds: 100
2019/07/08-22:50:20.576634 7f3efd5ea700                Options.disable_auto_compactions: 0
2019/07/08-22:50:20.576636 7f3efd5ea700                        Options.compaction_style: kCompactionStyleLevel
2019/07/08-22:50:20.576637 7f3efd5ea700                          Options.compaction_pri: kByCompensatedSize
2019/07/08-22:50:20.576638 7f3efd5ea700 Options.compaction_options_universal.size_ratio: 1
2019/07/08-22:50:20.576639 7f3efd5ea700 Options.compaction_options_universal.min_merge_width: 2
2019/07/08-22:50:20.576640 7f3efd5ea700 Options.compaction_options_universal.max_merge_width: 4294967295
2019/07/08-22:50:20.576641 7f3efd5ea700 Options.compaction_options_universal.max_size_amplification_percent: 200
2019/07/08-22:50:20.576642 7f3efd5ea700 Options.compaction_options_universal.compression_size_percent: -1
2019/07/08-22:50:20.576643 7f3efd5ea700 Options.compaction_options_universal.stop_style: kCompactionStopStyleTotalSize
2019/07/08-22:50:20.576644 7f3efd5ea700 Options.compaction_options_fifo.max_table_files_size: 1073741824
2019/07/08-22:50:20.576645 7f3efd5ea700 Options.compaction_options_fifo.allow_compaction: 0
2019/07/08-22:50:20.576646 7f3efd5ea700 Options.compaction_options_fifo.ttl: 0
2019/07/08-22:50:20.576647 7f3efd5ea700                   Options.table_properties_collectors: 
2019/07/08-22:50:20.576648 7f3efd5ea700                   Options.inplace_update_support: 0
2019/07/08-22:50:20.576648 7f3efd5ea700                 Options.inplace_update_num_locks: 10000
2019/07/08-22:50:20.576649 7f3efd5ea700               Options.memtable_prefix_bloom_size_ratio: 0.000000
2019/07/08-22:50:20.576651 7f3efd5ea700   Options.memtable_huge_page_size: 0
2019/07/08-22:50:20.576651 7f3efd5ea700                           Options.bloom_locality: 0
2019/07/08-22:50:20.576652 7f3efd5ea700                    Options.max_successive_merges: 0
2019/07/08-22:50:20.576653 7f3efd5ea700                Options.optimize_filters_for_hits: 0
2019/07/08-22:50:20.576654 7f3efd5ea700                Options.paranoid_file_checks: 0
2019/07/08-22:50:20.576655 7f3efd5ea700                Options.force_consistency_checks: 0
2019/07/08-22:50:20.576655 7f3efd5ea700                Options.report_bg_io_stats: 0
2019/07/08-22:50:20.576656 7f3efd5ea700                               Options.ttl: 0
2019/07/08-22:50:20.577388 7f3efd5ea700 [db/version_set.cc:3361] Recovered from manifest file:/mnt/sdc/ycsb-rocksdb-data/MANIFEST-000001 succeeded,manifest_file_number is 1, next_file_number is 3, last_sequence is 0, log_number is 0,prev_log_number is 0,max_column_family is 0,min_log_number_to_keep is 0
2019/07/08-22:50:20.577395 7f3efd5ea700 [db/version_set.cc:3369] Column family [default] (ID 0), log number is 0
2019/07/08-22:50:20.577637 7f3efd5ea700 [db/version_set.cc:2847] Creating manifest 4
2019/07/08-22:50:20.667208 7f3efd5ea700 [db/column_family.cc:475] --------------- Options for column family [usertable]:
2019/07/08-22:50:20.667215 7f3efd5ea700               Options.comparator: leveldb.BytewiseComparator
2019/07/08-22:50:20.667217 7f3efd5ea700           Options.merge_operator: None
2019/07/08-22:50:20.667220 7f3efd5ea700        Options.compaction_filter: None
2019/07/08-22:50:20.667222 7f3efd5ea700        Options.compaction_filter_factory: None
2019/07/08-22:50:20.667223 7f3efd5ea700         Options.memtable_factory: SkipListFactory
2019/07/08-22:50:20.667238 7f3efd5ea700            Options.table_factory: BlockBasedTable
2019/07/08-22:50:20.667288 7f3efd5ea700            table_factory options:   flush_block_policy_factory: FlushBlockBySizePolicyFactory (0x7f3e4c3b2950)
  cache_index_and_filter_blocks: 0
  cache_index_and_filter_blocks_with_high_priority: 0
  pin_l0_filter_and_index_blocks_in_cache: 0
  index_type: 0
  hash_index_allow_collision: 1
  checksum: 1
  no_block_cache: 0
  block_cache: 0x7f3e4c3b2e40
  block_cache_name: LRUCache
  block_cache_options:
    capacity : 8388608
    num_shard_bits : 4
    strict_capacity_limit : 0
    high_pri_pool_ratio: 0.000
  block_cache_compressed: (nil)
  persistent_cache: (nil)
  block_size: 8192
  block_size_deviation: 10
  block_restart_interval: 16
  index_block_restart_interval: 1
  metadata_block_size: 4096
  partition_filters: 0
  use_delta_encoding: 1
  filter_policy: nullptr
  whole_key_filtering: 1
  verify_compression: 0
  read_amp_bytes_per_bit: 0
  format_version: 2
  enable_index_compression: 1
  block_align: 0
2019/07/08-22:50:20.667293 7f3efd5ea700        Options.write_buffer_size: 134217728
2019/07/08-22:50:20.667295 7f3efd5ea700  Options.max_write_buffer_number: 24
2019/07/08-22:50:20.667298 7f3efd5ea700        Options.compression[0]: NoCompression
2019/07/08-22:50:20.667302 7f3efd5ea700        Options.compression[1]: NoCompression
2019/07/08-22:50:20.667305 7f3efd5ea700        Options.compression[2]: LZ4
2019/07/08-22:50:20.667307 7f3efd5ea700        Options.compression[3]: LZ4
2019/07/08-22:50:20.667310 7f3efd5ea700        Options.compression[4]: LZ4
2019/07/08-22:50:20.667312 7f3efd5ea700        Options.compression[5]: LZ4
2019/07/08-22:50:20.667314 7f3efd5ea700        Options.compression[6]: LZ4
2019/07/08-22:50:20.667317 7f3efd5ea700                  Options.bottommost_compression: Disabled
2019/07/08-22:50:20.667319 7f3efd5ea700       Options.prefix_extractor: nullptr
2019/07/08-22:50:20.667321 7f3efd5ea700   Options.memtable_insert_with_hint_prefix_extractor: nullptr
2019/07/08-22:50:20.667323 7f3efd5ea700             Options.num_levels: 7
2019/07/08-22:50:20.667325 7f3efd5ea700        Options.min_write_buffer_number_to_merge: 2
2019/07/08-22:50:20.667327 7f3efd5ea700     Options.max_write_buffer_number_to_maintain: 0
2019/07/08-22:50:20.667329 7f3efd5ea700            Options.compression_opts.window_bits: -14
2019/07/08-22:50:20.667331 7f3efd5ea700                  Options.compression_opts.level: -1
2019/07/08-22:50:20.667333 7f3efd5ea700               Options.compression_opts.strategy: 0
2019/07/08-22:50:20.667335 7f3efd5ea700         Options.compression_opts.max_dict_bytes: 0
2019/07/08-22:50:20.667337 7f3efd5ea700         Options.compression_opts.zstd_max_train_bytes: 0
2019/07/08-22:50:20.667339 7f3efd5ea700      Options.level0_file_num_compaction_trigger: 2
2019/07/08-22:50:20.667341 7f3efd5ea700          Options.level0_slowdown_writes_trigger: 20
2019/07/08-22:50:20.667342 7f3efd5ea700              Options.level0_stop_writes_trigger: 36
2019/07/08-22:50:20.667344 7f3efd5ea700                   Options.target_file_size_base: 67108864
2019/07/08-22:50:20.667346 7f3efd5ea700             Options.target_file_size_multiplier: 1
2019/07/08-22:50:20.667347 7f3efd5ea700                Options.max_bytes_for_level_base: 536870912
2019/07/08-22:50:20.667349 7f3efd5ea700 Options.level_compaction_dynamic_level_bytes: 0
2019/07/08-22:50:20.667351 7f3efd5ea700          Options.max_bytes_for_level_multiplier: 10.000000
2019/07/08-22:50:20.667355 7f3efd5ea700 Options.max_bytes_for_level_multiplier_addtl[0]: 1
2019/07/08-22:50:20.667369 7f3efd5ea700 Options.max_bytes_for_level_multiplier_addtl[1]: 1
2019/07/08-22:50:20.667373 7f3efd5ea700 Options.max_bytes_for_level_multiplier_addtl[2]: 1
2019/07/08-22:50:20.667375 7f3efd5ea700 Options.max_bytes_for_level_multiplier_addtl[3]: 1
2019/07/08-22:50:20.667376 7f3efd5ea700 Options.max_bytes_for_level_multiplier_addtl[4]: 1
2019/07/08-22:50:20.667378 7f3efd5ea700 Options.max_bytes_for_level_multiplier_addtl[5]: 1
2019/07/08-22:50:20.667380 7f3efd5ea700 Options.max_bytes_for_level_multiplier_addtl[6]: 1
2019/07/08-22:50:20.667382 7f3efd5ea700       Options.max_sequential_skip_in_iterations: 8
2019/07/08-22:50:20.667383 7f3efd5ea700                    Options.max_compaction_bytes: 1677721600
2019/07/08-22:50:20.667385 7f3efd5ea700                        Options.arena_block_size: 16777216
2019/07/08-22:50:20.667387 7f3efd5ea700   Options.soft_pending_compaction_bytes_limit: 68719476736
2019/07/08-22:50:20.667389 7f3efd5ea700   Options.hard_pending_compaction_bytes_limit: 274877906944
2019/07/08-22:50:20.667391 7f3efd5ea700       Options.rate_limit_delay_max_milliseconds: 100
2019/07/08-22:50:20.667394 7f3efd5ea700                Options.disable_auto_compactions: 0
2019/07/08-22:50:20.667397 7f3efd5ea700                        Options.compaction_style: kCompactionStyleLevel
2019/07/08-22:50:20.667399 7f3efd5ea700                          Options.compaction_pri: kByCompensatedSize
2019/07/08-22:50:20.667401 7f3efd5ea700 Options.compaction_options_universal.size_ratio: 1
2019/07/08-22:50:20.667403 7f3efd5ea700 Options.compaction_options_universal.min_merge_width: 2
2019/07/08-22:50:20.667405 7f3efd5ea700 Options.compaction_options_universal.max_merge_width: 4294967295
2019/07/08-22:50:20.667407 7f3efd5ea700 Options.compaction_options_universal.max_size_amplification_percent: 200
2019/07/08-22:50:20.667409 7f3efd5ea700 Options.compaction_options_universal.compression_size_percent: -1
2019/07/08-22:50:20.667412 7f3efd5ea700 Options.compaction_options_universal.stop_style: kCompactionStopStyleTotalSize
2019/07/08-22:50:20.667414 7f3efd5ea700 Options.compaction_options_fifo.max_table_files_size: 1073741824
2019/07/08-22:50:20.667416 7f3efd5ea700 Options.compaction_options_fifo.allow_compaction: 0
2019/07/08-22:50:20.667417 7f3efd5ea700 Options.compaction_options_fifo.ttl: 0
2019/07/08-22:50:20.667419 7f3efd5ea700                   Options.table_properties_collectors: 
2019/07/08-22:50:20.667421 7f3efd5ea700                   Options.inplace_update_support: 0
2019/07/08-22:50:20.667423 7f3efd5ea700                 Options.inplace_update_num_locks: 10000
2019/07/08-22:50:20.667425 7f3efd5ea700               Options.memtable_prefix_bloom_size_ratio: 0.000000
2019/07/08-22:50:20.667428 7f3efd5ea700   Options.memtable_huge_page_size: 0
2019/07/08-22:50:20.667430 7f3efd5ea700                           Options.bloom_locality: 0
2019/07/08-22:50:20.667432 7f3efd5ea700                    Options.max_successive_merges: 0
2019/07/08-22:50:20.667434 7f3efd5ea700                Options.optimize_filters_for_hits: 0
2019/07/08-22:50:20.667436 7f3efd5ea700                Options.paranoid_file_checks: 0
2019/07/08-22:50:20.667437 7f3efd5ea700                Options.force_consistency_checks: 0
2019/07/08-22:50:20.667439 7f3efd5ea700                Options.report_bg_io_stats: 0
2019/07/08-22:50:20.667441 7f3efd5ea700                               Options.ttl: 0
2019/07/08-22:50:20.667502 7f3efd5ea700 [db/db_impl.cc:1396] Created column family [usertable] (ID 1)
2019/07/08-22:50:20.758357 7f3efd5ea700 [db/db_impl_open.cc:1219] DB pointer 0x7f3e4c3b4420
2019/07/08-22:50:29.725627 7f3ef42f8700 [db/db_impl_write.cc:1373] [usertable] New memtable created with log file: #9. Immutable memtables: 0.
2019/07/08-22:50:38.688101 7f3ef44fa700 [db/db_impl_write.cc:1373] [usertable] New memtable created with log file: #10. Immutable memtables: 1.
2019/07/08-22:50:38.688283 7f3d92ffd700 [db/db_impl_compaction_flush.cc:80] [JOB 2] Syncing log #3
2019/07/08-22:50:38.953075 7f3d92ffd700 [db/db_impl_compaction_flush.cc:80] [JOB 2] Syncing log #9
2019/07/08-22:50:40.087035 7f3d92ffd700 (Original Log Time 2019/07/08-22:50:38.688223) [db/db_impl_compaction_flush.cc:1424] Calling FlushMemTableToOutputFile with column family [usertable], flush slots available 24, compaction slots available 1, flush slots scheduled 1, compaction slots scheduled 0
2019/07/08-22:50:40.087052 7f3d92ffd700 [db/flush_job.cc:301] [usertable] [JOB 2] Flushing memtable with next log file: 9
2019/07/08-22:50:40.087069 7f3d92ffd700 [db/flush_job.cc:301] [usertable] [JOB 2] Flushing memtable with next log file: 10
2019/07/08-22:50:40.087134 7f3d92ffd700 EVENT_LOG_v1 {"time_micros": 1562651440087106, "job": 2, "event": "flush_started", "num_memtables": 2, "num_entries": 62747, "num_deletes": 0, "memory_usage": 260121600, "flush_reason": "Write Buffer Full"}
2019/07/08-22:50:40.087145 7f3d92ffd700 [db/flush_job.cc:331] [usertable] [JOB 2] Level-0 flush table #11: started
2019/07/08-22:50:42.152115 7f3d92ffd700 EVENT_LOG_v1 {"time_micros": 1562651442152086, "cf_name": "usertable", "job": 2, "event": "table_file_creation", "file_number": 11, "file_size": 259860427, "table_properties": {"data_size": 258705895, "index_size": 1153605, "filter_size": 0, "raw_key_size": 1505928, "raw_average_key_size": 24, "raw_value_size": 257011712, "raw_average_value_size": 4096, "num_data_blocks": 31374, "num_entries": 62747, "filter_policy_name": "", "kDeletedKeys": "0", "kMergeOperands": "0"}}
2019/07/08-22:50:42.152147 7f3d92ffd700 [db/flush_job.cc:371] [usertable] [JOB 2] Level-0 flush table #11: 259860427 bytes OK
2019/07/08-22:50:42.187421 7f3d92ffd700 (Original Log Time 2019/07/08-22:50:42.152168) [db/memtable_list.cc:377] [usertable] Level-0 commit table #11 started
2019/07/08-22:50:42.187427 7f3d92ffd700 (Original Log Time 2019/07/08-22:50:42.187312) [db/memtable_list.cc:409] [usertable] Level-0 commit table #11: memtable #1 done
2019/07/08-22:50:42.187430 7f3d92ffd700 (Original Log Time 2019/07/08-22:50:42.187321) [db/memtable_list.cc:409] [usertable] Level-0 commit table #11: memtable #2 done
2019/07/08-22:50:42.187433 7f3d92ffd700 (Original Log Time 2019/07/08-22:50:42.187345) EVENT_LOG_v1 {"time_micros": 1562651442187332, "job": 2, "event": "flush_finished", "output_compression": "NoCompression", "lsm_state": [1, 0, 0, 0, 0, 0, 0], "immutable_memtables": 0}
2019/07/08-22:50:42.187437 7f3d92ffd700 (Original Log Time 2019/07/08-22:50:42.187377) [db/db_impl_compaction_flush.cc:177] [usertable] Level summary: base level 1 max bytes base 536870912 files[1 0 0 0 0 0 0] max score 0.50
2019/07/08-22:50:42.187452 7f3d92ffd700 [db/db_impl_files.cc:347] [JOB 2] Try to delete WAL files size 259081619, prev total WAL file size 309636843, number of live WAL files 3.
2019/07/08-22:50:47.349444 7f3e102f3700 [db/db_impl_write.cc:1373] [usertable] New memtable created with log file: #12. Immutable memtables: 0.
2019/07/08-22:50:56.016767 7f3e105f6700 [db/db_impl_write.cc:1373] [usertable] New memtable created with log file: #13. Immutable memtables: 1.
2019/07/08-22:50:56.016874 7f3e0b7fe700 [db/db_impl_compaction_flush.cc:80] [JOB 3] Syncing log #10
2019/07/08-22:50:56.521558 7f3e0b7fe700 [db/db_impl_compaction_flush.cc:80] [JOB 3] Syncing log #12
2019/07/08-22:50:57.030698 7f3e0b7fe700 (Original Log Time 2019/07/08-22:50:56.016854) [db/db_impl_compaction_flush.cc:1424] Calling FlushMemTableToOutputFile with column family [usertable], flush slots available 24, compaction slots available 1, flush slots scheduled 1, compaction slots scheduled 0
2019/07/08-22:50:57.030713 7f3e0b7fe700 [db/flush_job.cc:301] [usertable] [JOB 3] Flushing memtable with next log file: 12
2019/07/08-22:50:57.030722 7f3e0b7fe700 [db/flush_job.cc:301] [usertable] [JOB 3] Flushing memtable with next log file: 13
2019/07/08-22:50:57.030764 7f3e0b7fe700 EVENT_LOG_v1 {"time_micros": 1562651457030749, "job": 3, "event": "flush_started", "num_memtables": 2, "num_entries": 60646, "num_deletes": 0, "memory_usage": 254334160, "flush_reason": "Write Buffer Full"}
2019/07/08-22:50:57.030771 7f3e0b7fe700 [db/flush_job.cc:331] [usertable] [JOB 3] Level-0 flush table #14: started
2019/07/08-22:50:57.924387 7f3e0b7fe700 EVENT_LOG_v1 {"time_micros": 1562651457924355, "cf_name": "usertable", "job": 3, "event": "table_file_creation", "file_number": 14, "file_size": 251172811, "table_properties": {"data_size": 250050197, "index_size": 1121687, "filter_size": 0, "raw_key_size": 1455504, "raw_average_key_size": 24, "raw_value_size": 248406016, "raw_average_value_size": 4096, "num_data_blocks": 30323, "num_entries": 60646, "filter_policy_name": "", "kDeletedKeys": "0", "kMergeOperands": "0"}}
2019/07/08-22:50:57.924411 7f3e0b7fe700 [db/flush_job.cc:371] [usertable] [JOB 3] Level-0 flush table #14: 251172811 bytes OK
2019/07/08-22:50:57.939253 7f3e0b7fe700 (Original Log Time 2019/07/08-22:50:57.924428) [db/memtable_list.cc:377] [usertable] Level-0 commit table #14 started
2019/07/08-22:50:57.939258 7f3e0b7fe700 (Original Log Time 2019/07/08-22:50:57.939161) [db/memtable_list.cc:409] [usertable] Level-0 commit table #14: memtable #1 done
2019/07/08-22:50:57.939260 7f3e0b7fe700 (Original Log Time 2019/07/08-22:50:57.939164) [db/memtable_list.cc:409] [usertable] Level-0 commit table #14: memtable #2 done
2019/07/08-22:50:57.939263 7f3e0b7fe700 (Original Log Time 2019/07/08-22:50:57.939183) EVENT_LOG_v1 {"time_micros": 1562651457939172, "job": 3, "event": "flush_finished", "output_compression": "NoCompression", "lsm_state": [2, 0, 0, 0, 0, 0, 0], "immutable_memtables": 0}
2019/07/08-22:50:57.939267 7f3e0b7fe700 (Original Log Time 2019/07/08-22:50:57.939226) [db/db_impl_compaction_flush.cc:177] [usertable] Level summary: base level 1 max bytes base 536870912 files[2 0 0 0 0 0 0] max score 1.00
2019/07/08-22:50:57.939281 7f3e0b7fe700 [db/db_impl_files.cc:347] [JOB 3] Try to delete WAL files size 250406662, prev total WAL file size 278194772, number of live WAL files 3.
2019/07/08-22:50:57.939498 7f3e10ff9700 [WARN] [db/db_impl.cc:491] ------- DUMPING STATS -------
2019/07/08-22:50:57.939539 7f3e10ff9700 [WARN] [db/db_impl.cc:492] 
** DB Stats **
Uptime(secs): 37.4 total, 37.4 interval
Cumulative writes: 130K writes, 130K keys, 130K commit groups, 1.0 writes per commit group, ingest: 0.50 GB, 13.71 MB/s
Cumulative WAL: 130K writes, 0 syncs, 130123.00 writes per sync, written: 0.50 GB, 13.71 MB/s
Cumulative stall: 00:00:0.000 H:M:S, 0.0 percent
Interval writes: 130K writes, 130K keys, 130K commit groups, 1.0 writes per commit group, ingest: 512.39 MB, 13.71 MB/s
Interval WAL: 130K writes, 0 syncs, 130123.00 writes per sync, written: 0.50 MB, 13.71 MB/s
Interval stall: 00:00:0.000 H:M:S, 0.0 percent

** Compaction Stats [default] **
Level    Files   Size     Score Read(GB)  Rn(GB) Rnp1(GB) Write(GB) Wnew(GB) Moved(GB) W-Amp Rd(MB/s) Wr(MB/s) Comp(sec) Comp(cnt) Avg(sec) KeyIn KeyDrop
----------------------------------------------------------------------------------------------------------------------------------------------------------
 Sum      0/0    0.00 KB   0.0      0.0     0.0      0.0       0.0      0.0       0.0   0.0      0.0      0.0         0         0    0.000       0      0
 Int      0/0    0.00 KB   0.0      0.0     0.0      0.0       0.0      0.0       0.0   0.0      0.0      0.0         0         0    0.000       0      0
Uptime(secs): 37.4 total, 37.4 interval
Flush(GB): cumulative 0.000, interval 0.000
AddFile(GB): cumulative 0.000, interval 0.000
AddFile(Total Files): cumulative 0, interval 0
AddFile(L0 Files): cumulative 0, interval 0
AddFile(Keys): cumulative 0, interval 0
Cumulative compaction: 0.00 GB write, 0.00 MB/s write, 0.00 GB read, 0.00 MB/s read, 0.0 seconds
Interval compaction: 0.00 GB write, 0.00 MB/s write, 0.00 GB read, 0.00 MB/s read, 0.0 seconds
Stalls(count): 0 level0_slowdown, 0 level0_slowdown_with_compaction, 0 level0_numfiles, 0 level0_numfiles_with_compaction, 0 stop for pending_compaction_bytes, 0 slowdown for pending_compaction_bytes, 0 memtable_compaction, 0 memtable_slowdown, interval 0 total count

** File Read Latency Histogram By Level [default] **

** Compaction Stats [usertable] **
Level    Files   Size     Score Read(GB)  Rn(GB) Rnp1(GB) Write(GB) Wnew(GB) Moved(GB) W-Amp Rd(MB/s) Wr(MB/s) Comp(sec) Comp(cnt) Avg(sec) KeyIn KeyDrop
----------------------------------------------------------------------------------------------------------------------------------------------------------
  L0      2/0   487.36 MB   1.0      0.0     0.0      0.0       0.5      0.5       0.0   1.0      0.0    164.7         3         2    1.479       0      0
 Sum      2/0   487.36 MB   0.0      0.0     0.0      0.0       0.5      0.5       0.0   1.0      0.0    164.7         3         2    1.479       0      0
 Int      0/0    0.00 KB   0.0      0.0     0.0      0.0       0.5      0.5       0.0   1.0      0.0    164.7         3         2    1.479       0      0
Uptime(secs): 37.3 total, 37.3 interval
Flush(GB): cumulative 0.476, interval 0.476
AddFile(GB): cumulative 0.000, interval 0.000
AddFile(Total Files): cumulative 0, interval 0
AddFile(L0 Files): cumulative 0, interval 0
AddFile(Keys): cumulative 0, interval 0
Cumulative compaction: 0.48 GB write, 13.08 MB/s write, 0.00 GB read, 0.00 MB/s read, 3.0 seconds
Interval compaction: 0.48 GB write, 13.08 MB/s write, 0.00 GB read, 0.00 MB/s read, 3.0 seconds
Stalls(count): 0 level0_slowdown, 0 level0_slowdown_with_compaction, 0 level0_numfiles, 0 level0_numfiles_with_compaction, 0 stop for pending_compaction_bytes, 0 slowdown for pending_compaction_bytes, 0 memtable_compaction, 0 memtable_slowdown, interval 0 total count

** File Read Latency Histogram By Level [usertable] **

** Compaction Stats [default] **
Level    Files   Size     Score Read(GB)  Rn(GB) Rnp1(GB) Write(GB) Wnew(GB) Moved(GB) W-Amp Rd(MB/s) Wr(MB/s) Comp(sec) Comp(cnt) Avg(sec) KeyIn KeyDrop
----------------------------------------------------------------------------------------------------------------------------------------------------------
 Sum      0/0    0.00 KB   0.0      0.0     0.0      0.0       0.0      0.0       0.0   0.0      0.0      0.0         0         0    0.000       0      0
 Int      0/0    0.00 KB   0.0      0.0     0.0      0.0       0.0      0.0       0.0   0.0      0.0      0.0         0         0    0.000       0      0
Uptime(secs): 37.4 total, 0.0 interval
Flush(GB): cumulative 0.000, interval 0.000
AddFile(GB): cumulative 0.000, interval 0.000
AddFile(Total Files): cumulative 0, interval 0
AddFile(L0 Files): cumulative 0, interval 0
AddFile(Keys): cumulative 0, interval 0
Cumulative compaction: 0.00 GB write, 0.00 MB/s write, 0.00 GB read, 0.00 MB/s read, 0.0 seconds
Interval compaction: 0.00 GB write, 0.00 MB/s write, 0.00 GB read, 0.00 MB/s read, 0.0 seconds
Stalls(count): 0 level0_slowdown, 0 level0_slowdown_with_compaction, 0 level0_numfiles, 0 level0_numfiles_with_compaction, 0 stop for pending_compaction_bytes, 0 slowdown for pending_compaction_bytes, 0 memtable_compaction, 0 memtable_slowdown, interval 0 total count

** File Read Latency Histogram By Level [default] **

** Compaction Stats [usertable] **
Level    Files   Size     Score Read(GB)  Rn(GB) Rnp1(GB) Write(GB) Wnew(GB) Moved(GB) W-Amp Rd(MB/s) Wr(MB/s) Comp(sec) Comp(cnt) Avg(sec) KeyIn KeyDrop
----------------------------------------------------------------------------------------------------------------------------------------------------------
  L0      2/0   487.36 MB   1.0      0.0     0.0      0.0       0.5      0.5       0.0   1.0      0.0    164.7         3         2    1.479       0      0
 Sum      2/0   487.36 MB   0.0      0.0     0.0      0.0       0.5      0.5       0.0   1.0      0.0    164.7         3         2    1.479       0      0
 Int      0/0    0.00 KB   0.0      0.0     0.0      0.0       0.0      0.0       0.0   0.0      0.0      0.0         0         0    0.000       0      0
Uptime(secs): 37.3 total, 0.0 interval
Flush(GB): cumulative 0.476, interval 0.000
AddFile(GB): cumulative 0.000, interval 0.000
AddFile(Total Files): cumulative 0, interval 0
AddFile(L0 Files): cumulative 0, interval 0
AddFile(Keys): cumulative 0, interval 0
Cumulative compaction: 0.48 GB write, 13.08 MB/s write, 0.00 GB read, 0.00 MB/s read, 3.0 seconds
Interval compaction: 0.00 GB write, 0.00 MB/s write, 0.00 GB read, 0.00 MB/s read, 0.0 seconds
Stalls(count): 0 level0_slowdown, 0 level0_slowdown_with_compaction, 0 level0_numfiles, 0 level0_numfiles_with_compaction, 0 stop for pending_compaction_bytes, 0 slowdown for pending_compaction_bytes, 0 memtable_compaction, 0 memtable_slowdown, interval 0 total count

** File Read Latency Histogram By Level [usertable] **
2019/07/08-22:50:57.954582 7f3e10ff9700 (Original Log Time 2019/07/08-22:50:57.939632) [db/db_impl_compaction_flush.cc:1835] [usertable] Moving #11 to level-1 259860427 bytes
2019/07/08-22:50:57.954587 7f3e10ff9700 (Original Log Time 2019/07/08-22:50:57.954524) EVENT_LOG_v1 {"time_micros": 1562651457954509, "job": 4, "event": "trivial_move", "destination_level": 1, "files": 1, "total_files_size": 259860427}
2019/07/08-22:50:57.954588 7f3e10ff9700 (Original Log Time 2019/07/08-22:50:57.954540) [db/db_impl_compaction_flush.cc:1864] [usertable] Moved #1 files to level-1 259860427 bytes OK: base level 1 max bytes base 536870912 files[1 1 0 0 0 0 0] max score 0.50
2019/07/08-22:51:04.628234 7f3efc131700 [db/db_impl_write.cc:1373] [usertable] New memtable created with log file: #15. Immutable memtables: 0.
2019/07/08-22:51:13.479717 7f3edc3f4700 [db/db_impl_write.cc:1373] [usertable] New memtable created with log file: #16. Immutable memtables: 1.
2019/07/08-22:51:13.479860 7f3e0a7fc700 [db/db_impl_compaction_flush.cc:80] [JOB 5] Syncing log #13
2019/07/08-22:51:13.972731 7f3e0a7fc700 [db/db_impl_compaction_flush.cc:80] [JOB 5] Syncing log #15
2019/07/08-22:51:15.037028 7f3e0a7fc700 (Original Log Time 2019/07/08-22:51:13.479842) [db/db_impl_compaction_flush.cc:1424] Calling FlushMemTableToOutputFile with column family [usertable], flush slots available 24, compaction slots available 1, flush slots scheduled 1, compaction slots scheduled 0
2019/07/08-22:51:15.037039 7f3e0a7fc700 [db/flush_job.cc:301] [usertable] [JOB 5] Flushing memtable with next log file: 15
2019/07/08-22:51:15.037048 7f3e0a7fc700 [db/flush_job.cc:301] [usertable] [JOB 5] Flushing memtable with next log file: 16
2019/07/08-22:51:15.037088 7f3e0a7fc700 EVENT_LOG_v1 {"time_micros": 1562651475037075, "job": 5, "event": "flush_started", "num_memtables": 2, "num_entries": 61120, "num_deletes": 0, "memory_usage": 254084792, "flush_reason": "Write Buffer Full"}
2019/07/08-22:51:15.037094 7f3e0a7fc700 [db/flush_job.cc:331] [usertable] [JOB 5] Level-0 flush table #17: started
2019/07/08-22:51:16.805612 7f3e0a7fc700 EVENT_LOG_v1 {"time_micros": 1562651476805583, "cf_name": "usertable", "job": 5, "event": "table_file_creation", "file_number": 17, "file_size": 253135934, "table_properties": {"data_size": 252004551, "index_size": 1130456, "filter_size": 0, "raw_key_size": 1466880, "raw_average_key_size": 24, "raw_value_size": 250347520, "raw_average_value_size": 4096, "num_data_blocks": 30560, "num_entries": 61120, "filter_policy_name": "", "kDeletedKeys": "0", "kMergeOperands": "0"}}
2019/07/08-22:51:16.805634 7f3e0a7fc700 [db/flush_job.cc:371] [usertable] [JOB 5] Level-0 flush table #17: 253135934 bytes OK
2019/07/08-22:51:16.820448 7f3e0a7fc700 (Original Log Time 2019/07/08-22:51:16.805652) [db/memtable_list.cc:377] [usertable] Level-0 commit table #17 started
2019/07/08-22:51:16.820454 7f3e0a7fc700 (Original Log Time 2019/07/08-22:51:16.820347) [db/memtable_list.cc:409] [usertable] Level-0 commit table #17: memtable #1 done
2019/07/08-22:51:16.820458 7f3e0a7fc700 (Original Log Time 2019/07/08-22:51:16.820349) [db/memtable_list.cc:409] [usertable] Level-0 commit table #17: memtable #2 done
2019/07/08-22:51:16.820461 7f3e0a7fc700 (Original Log Time 2019/07/08-22:51:16.820367) EVENT_LOG_v1 {"time_micros": 1562651476820357, "job": 5, "event": "flush_finished", "output_compression": "NoCompression", "lsm_state": [2, 1, 0, 0, 0, 0, 0], "immutable_memtables": 0}
2019/07/08-22:51:16.820464 7f3e0a7fc700 (Original Log Time 2019/07/08-22:51:16.820412) [db/db_impl_compaction_flush.cc:177] [usertable] Level summary: base level 1 max bytes base 536870912 files[2 1 0 0 0 0 0] max score 1.00
