2019/04/21-23:34:22.110622 7fb541aef700 RocksDB version: 5.14.3
2019/04/21-23:34:22.110672 7fb541aef700 Git sha rocksdb_build_git_sha:
2019/04/21-23:34:22.110675 7fb541aef700 Compile date Oct  9 2018
2019/04/21-23:34:22.110684 7fb541aef700 DB SUMMARY
2019/04/21-23:34:22.110711 7fb541aef700 SST files in /mnt/sdc/ycsb-rocksdb-data dir, Total Num: 0, files: 
2019/04/21-23:34:22.110715 7fb541aef700 Write Ahead Log file in /mnt/sdc/ycsb-rocksdb-data: 
2019/04/21-23:34:22.110719 7fb541aef700                         Options.error_if_exists: 0
2019/04/21-23:34:22.110720 7fb541aef700                       Options.create_if_missing: 1
2019/04/21-23:34:22.110721 7fb541aef700                         Options.paranoid_checks: 1
2019/04/21-23:34:22.110722 7fb541aef700                                     Options.env: 0x7fb5417d8080
2019/04/21-23:34:22.110723 7fb541aef700                                Options.info_log: 0x7fb4a03a2680
2019/04/21-23:34:22.110724 7fb541aef700                Options.max_file_opening_threads: 16
2019/04/21-23:34:22.110725 7fb541aef700                              Options.statistics: (nil)
2019/04/21-23:34:22.110726 7fb541aef700                               Options.use_fsync: 0
2019/04/21-23:34:22.110727 7fb541aef700                       Options.max_log_file_size: 0
2019/04/21-23:34:22.110728 7fb541aef700                  Options.max_manifest_file_size: 18446744073709551615
2019/04/21-23:34:22.110729 7fb541aef700                   Options.log_file_time_to_roll: 0
2019/04/21-23:34:22.110730 7fb541aef700                       Options.keep_log_file_num: 1000
2019/04/21-23:34:22.110731 7fb541aef700                    Options.recycle_log_file_num: 0
2019/04/21-23:34:22.110731 7fb541aef700                         Options.allow_fallocate: 1
2019/04/21-23:34:22.110732 7fb541aef700                        Options.allow_mmap_reads: 0
2019/04/21-23:34:22.110733 7fb541aef700                       Options.allow_mmap_writes: 0
2019/04/21-23:34:22.110734 7fb541aef700                        Options.use_direct_reads: 0
2019/04/21-23:34:22.110735 7fb541aef700                        Options.use_direct_io_for_flush_and_compaction: 0
2019/04/21-23:34:22.110736 7fb541aef700          Options.create_missing_column_families: 1
2019/04/21-23:34:22.110737 7fb541aef700                              Options.db_log_dir: 
2019/04/21-23:34:22.110738 7fb541aef700                                 Options.wal_dir: /mnt/sdc/ycsb-rocksdb-data
2019/04/21-23:34:22.110739 7fb541aef700                Options.table_cache_numshardbits: 6
2019/04/21-23:34:22.110740 7fb541aef700                      Options.max_subcompactions: 4
2019/04/21-23:34:22.110741 7fb541aef700                  Options.max_background_flushes: 24
2019/04/21-23:34:22.110742 7fb541aef700                         Options.WAL_ttl_seconds: 0
2019/04/21-23:34:22.110743 7fb541aef700                       Options.WAL_size_limit_MB: 0
2019/04/21-23:34:22.110744 7fb541aef700             Options.manifest_preallocation_size: 4194304
2019/04/21-23:34:22.110744 7fb541aef700                     Options.is_fd_close_on_exec: 1
2019/04/21-23:34:22.110745 7fb541aef700                   Options.advise_random_on_open: 1
2019/04/21-23:34:22.110746 7fb541aef700                    Options.db_write_buffer_size: 0
2019/04/21-23:34:22.110747 7fb541aef700                    Options.write_buffer_manager: 0x7fb4a03a1bc0
2019/04/21-23:34:22.110748 7fb541aef700         Options.access_hint_on_compaction_start: 1
2019/04/21-23:34:22.110749 7fb541aef700  Options.new_table_reader_for_compaction_inputs: 0
2019/04/21-23:34:22.110750 7fb541aef700           Options.random_access_max_buffer_size: 1048576
2019/04/21-23:34:22.110751 7fb541aef700                      Options.use_adaptive_mutex: 0
2019/04/21-23:34:22.110751 7fb541aef700                            Options.rate_limiter: (nil)
2019/04/21-23:34:22.110753 7fb541aef700     Options.sst_file_manager.rate_bytes_per_sec: 0
2019/04/21-23:34:22.110754 7fb541aef700                       Options.wal_recovery_mode: 2
2019/04/21-23:34:22.110755 7fb541aef700                  Options.enable_thread_tracking: 0
2019/04/21-23:34:22.110756 7fb541aef700                  Options.enable_pipelined_write: 1
2019/04/21-23:34:22.110766 7fb541aef700         Options.allow_concurrent_memtable_write: 1
2019/04/21-23:34:22.110768 7fb541aef700      Options.enable_write_thread_adaptive_yield: 1
2019/04/21-23:34:22.110768 7fb541aef700             Options.write_thread_max_yield_usec: 100
2019/04/21-23:34:22.110769 7fb541aef700            Options.write_thread_slow_yield_usec: 3
2019/04/21-23:34:22.110770 7fb541aef700                               Options.row_cache: None
2019/04/21-23:34:22.110771 7fb541aef700                              Options.wal_filter: None
2019/04/21-23:34:22.110772 7fb541aef700             Options.avoid_flush_during_recovery: 0
2019/04/21-23:34:22.110773 7fb541aef700             Options.allow_ingest_behind: 0
2019/04/21-23:34:22.110774 7fb541aef700             Options.preserve_deletes: 0
2019/04/21-23:34:22.110775 7fb541aef700             Options.two_write_queues: 0
2019/04/21-23:34:22.110776 7fb541aef700             Options.manual_wal_flush: 0
2019/04/21-23:34:22.110778 7fb541aef700             Options.max_background_jobs: 24
2019/04/21-23:34:22.110779 7fb541aef700             Options.max_background_compactions: 24
2019/04/21-23:34:22.110780 7fb541aef700             Options.avoid_flush_during_shutdown: 0
2019/04/21-23:34:22.110781 7fb541aef700           Options.writable_file_max_buffer_size: 1048576
2019/04/21-23:34:22.110782 7fb541aef700             Options.delayed_write_rate : 16777216
2019/04/21-23:34:22.110783 7fb541aef700             Options.max_total_wal_size: 0
2019/04/21-23:34:22.110783 7fb541aef700             Options.delete_obsolete_files_period_micros: 21600000000
2019/04/21-23:34:22.110785 7fb541aef700                   Options.stats_dump_period_sec: 60
2019/04/21-23:34:22.110786 7fb541aef700                          Options.max_open_files: -1
2019/04/21-23:34:22.110787 7fb541aef700                          Options.bytes_per_sync: 1048576
2019/04/21-23:34:22.110788 7fb541aef700                      Options.wal_bytes_per_sync: 0
2019/04/21-23:34:22.110788 7fb541aef700       Options.compaction_readahead_size: 0
2019/04/21-23:34:22.110789 7fb541aef700 Compression algorithms supported:
2019/04/21-23:34:22.110791 7fb541aef700 	kZSTDNotFinalCompression supported: 1
2019/04/21-23:34:22.110799 7fb541aef700 	kZSTD supported: 1
2019/04/21-23:34:22.110800 7fb541aef700 	kXpressCompression supported: 0
2019/04/21-23:34:22.110802 7fb541aef700 	kLZ4HCCompression supported: 1
2019/04/21-23:34:22.110803 7fb541aef700 	kLZ4Compression supported: 1
2019/04/21-23:34:22.110804 7fb541aef700 	kBZip2Compression supported: 1
2019/04/21-23:34:22.110805 7fb541aef700 	kZlibCompression supported: 1
2019/04/21-23:34:22.110806 7fb541aef700 	kSnappyCompression supported: 1
2019/04/21-23:34:22.110811 7fb541aef700 Fast CRC32 supported: Not supported on x86
2019/04/21-23:34:22.110884 7fb541aef700 [db/db_impl_open.cc:222] Creating manifest 1 
2019/04/21-23:34:22.169939 7fb541aef700 [db/version_set.cc:3085] Recovering from manifest file: MANIFEST-000001
2019/04/21-23:34:22.170057 7fb541aef700 [db/column_family.cc:475] --------------- Options for column family [default]:
2019/04/21-23:34:22.170062 7fb541aef700               Options.comparator: leveldb.BytewiseComparator
2019/04/21-23:34:22.170063 7fb541aef700           Options.merge_operator: None
2019/04/21-23:34:22.170064 7fb541aef700        Options.compaction_filter: None
2019/04/21-23:34:22.170065 7fb541aef700        Options.compaction_filter_factory: None
2019/04/21-23:34:22.170066 7fb541aef700         Options.memtable_factory: SkipListFactory
2019/04/21-23:34:22.170068 7fb541aef700            Options.table_factory: BlockBasedTable
2019/04/21-23:34:22.170094 7fb541aef700            table_factory options:   flush_block_policy_factory: FlushBlockBySizePolicyFactory (0x7fb4a03ade10)
  cache_index_and_filter_blocks: 0
  cache_index_and_filter_blocks_with_high_priority: 0
  pin_l0_filter_and_index_blocks_in_cache: 0
  index_type: 0
  hash_index_allow_collision: 1
  checksum: 1
  no_block_cache: 0
  block_cache: 0x7fb4a03a00c0
  block_cache_name: LRUCache
  block_cache_options:
    capacity : 8388608
    num_shard_bits : 4
    strict_capacity_limit : 0
    high_pri_pool_ratio: 0.000
  block_cache_compressed: (nil)
  persistent_cache: (nil)
  block_size: 8192
  block_size_deviation: 10
  block_restart_interval: 16
  index_block_restart_interval: 1
  metadata_block_size: 4096
  partition_filters: 0
  use_delta_encoding: 1
  filter_policy: nullptr
  whole_key_filtering: 1
  verify_compression: 0
  read_amp_bytes_per_bit: 0
  format_version: 2
  enable_index_compression: 1
  block_align: 0
2019/04/21-23:34:22.170111 7fb541aef700        Options.write_buffer_size: 134217728
2019/04/21-23:34:22.170113 7fb541aef700  Options.max_write_buffer_number: 24
2019/04/21-23:34:22.170114 7fb541aef700        Options.compression[0]: NoCompression
2019/04/21-23:34:22.170116 7fb541aef700        Options.compression[1]: NoCompression
2019/04/21-23:34:22.170117 7fb541aef700        Options.compression[2]: LZ4
2019/04/21-23:34:22.170119 7fb541aef700        Options.compression[3]: LZ4
2019/04/21-23:34:22.170120 7fb541aef700        Options.compression[4]: LZ4
2019/04/21-23:34:22.170121 7fb541aef700        Options.compression[5]: LZ4
2019/04/21-23:34:22.170122 7fb541aef700        Options.compression[6]: LZ4
2019/04/21-23:34:22.170123 7fb541aef700                  Options.bottommost_compression: Disabled
2019/04/21-23:34:22.170124 7fb541aef700       Options.prefix_extractor: nullptr
2019/04/21-23:34:22.170125 7fb541aef700   Options.memtable_insert_with_hint_prefix_extractor: nullptr
2019/04/21-23:34:22.170125 7fb541aef700             Options.num_levels: 7
2019/04/21-23:34:22.170126 7fb541aef700        Options.min_write_buffer_number_to_merge: 2
2019/04/21-23:34:22.170127 7fb541aef700     Options.max_write_buffer_number_to_maintain: 0
2019/04/21-23:34:22.170128 7fb541aef700            Options.compression_opts.window_bits: -14
2019/04/21-23:34:22.170129 7fb541aef700                  Options.compression_opts.level: -1
2019/04/21-23:34:22.170130 7fb541aef700               Options.compression_opts.strategy: 0
2019/04/21-23:34:22.170131 7fb541aef700         Options.compression_opts.max_dict_bytes: 0
2019/04/21-23:34:22.170131 7fb541aef700         Options.compression_opts.zstd_max_train_bytes: 0
2019/04/21-23:34:22.170132 7fb541aef700      Options.level0_file_num_compaction_trigger: 2
2019/04/21-23:34:22.170133 7fb541aef700          Options.level0_slowdown_writes_trigger: 20
2019/04/21-23:34:22.170134 7fb541aef700              Options.level0_stop_writes_trigger: 36
2019/04/21-23:34:22.170135 7fb541aef700                   Options.target_file_size_base: 67108864
2019/04/21-23:34:22.170136 7fb541aef700             Options.target_file_size_multiplier: 1
2019/04/21-23:34:22.170136 7fb541aef700                Options.max_bytes_for_level_base: 536870912
2019/04/21-23:34:22.170137 7fb541aef700 Options.level_compaction_dynamic_level_bytes: 0
2019/04/21-23:34:22.170138 7fb541aef700          Options.max_bytes_for_level_multiplier: 10.000000
2019/04/21-23:34:22.170141 7fb541aef700 Options.max_bytes_for_level_multiplier_addtl[0]: 1
2019/04/21-23:34:22.170142 7fb541aef700 Options.max_bytes_for_level_multiplier_addtl[1]: 1
2019/04/21-23:34:22.170143 7fb541aef700 Options.max_bytes_for_level_multiplier_addtl[2]: 1
2019/04/21-23:34:22.170143 7fb541aef700 Options.max_bytes_for_level_multiplier_addtl[3]: 1
2019/04/21-23:34:22.170144 7fb541aef700 Options.max_bytes_for_level_multiplier_addtl[4]: 1
2019/04/21-23:34:22.170145 7fb541aef700 Options.max_bytes_for_level_multiplier_addtl[5]: 1
2019/04/21-23:34:22.170146 7fb541aef700 Options.max_bytes_for_level_multiplier_addtl[6]: 1
2019/04/21-23:34:22.170147 7fb541aef700       Options.max_sequential_skip_in_iterations: 8
2019/04/21-23:34:22.170148 7fb541aef700                    Options.max_compaction_bytes: 1677721600
2019/04/21-23:34:22.170149 7fb541aef700                        Options.arena_block_size: 16777216
2019/04/21-23:34:22.170149 7fb541aef700   Options.soft_pending_compaction_bytes_limit: 68719476736
2019/04/21-23:34:22.170150 7fb541aef700   Options.hard_pending_compaction_bytes_limit: 274877906944
2019/04/21-23:34:22.170158 7fb541aef700       Options.rate_limit_delay_max_milliseconds: 100
2019/04/21-23:34:22.170159 7fb541aef700                Options.disable_auto_compactions: 0
2019/04/21-23:34:22.170160 7fb541aef700                        Options.compaction_style: kCompactionStyleLevel
2019/04/21-23:34:22.170162 7fb541aef700                          Options.compaction_pri: kByCompensatedSize
2019/04/21-23:34:22.170163 7fb541aef700 Options.compaction_options_universal.size_ratio: 1
2019/04/21-23:34:22.170164 7fb541aef700 Options.compaction_options_universal.min_merge_width: 2
2019/04/21-23:34:22.170164 7fb541aef700 Options.compaction_options_universal.max_merge_width: 4294967295
2019/04/21-23:34:22.170165 7fb541aef700 Options.compaction_options_universal.max_size_amplification_percent: 200
2019/04/21-23:34:22.170166 7fb541aef700 Options.compaction_options_universal.compression_size_percent: -1
2019/04/21-23:34:22.170168 7fb541aef700 Options.compaction_options_universal.stop_style: kCompactionStopStyleTotalSize
2019/04/21-23:34:22.170169 7fb541aef700 Options.compaction_options_fifo.max_table_files_size: 1073741824
2019/04/21-23:34:22.170170 7fb541aef700 Options.compaction_options_fifo.allow_compaction: 0
2019/04/21-23:34:22.170171 7fb541aef700 Options.compaction_options_fifo.ttl: 0
2019/04/21-23:34:22.170171 7fb541aef700                   Options.table_properties_collectors: 
2019/04/21-23:34:22.170172 7fb541aef700                   Options.inplace_update_support: 0
2019/04/21-23:34:22.170173 7fb541aef700                 Options.inplace_update_num_locks: 10000
2019/04/21-23:34:22.170174 7fb541aef700               Options.memtable_prefix_bloom_size_ratio: 0.000000
2019/04/21-23:34:22.170176 7fb541aef700   Options.memtable_huge_page_size: 0
2019/04/21-23:34:22.170176 7fb541aef700                           Options.bloom_locality: 0
2019/04/21-23:34:22.170177 7fb541aef700                    Options.max_successive_merges: 0
2019/04/21-23:34:22.170178 7fb541aef700                Options.optimize_filters_for_hits: 0
2019/04/21-23:34:22.170179 7fb541aef700                Options.paranoid_file_checks: 0
2019/04/21-23:34:22.170180 7fb541aef700                Options.force_consistency_checks: 0
2019/04/21-23:34:22.170181 7fb541aef700                Options.report_bg_io_stats: 0
2019/04/21-23:34:22.170181 7fb541aef700                               Options.ttl: 0
2019/04/21-23:34:22.170917 7fb541aef700 [db/version_set.cc:3361] Recovered from manifest file:/mnt/sdc/ycsb-rocksdb-data/MANIFEST-000001 succeeded,manifest_file_number is 1, next_file_number is 3, last_sequence is 0, log_number is 0,prev_log_number is 0,max_column_family is 0,min_log_number_to_keep is 0
2019/04/21-23:34:22.170925 7fb541aef700 [db/version_set.cc:3369] Column family [default] (ID 0), log number is 0
2019/04/21-23:34:22.171143 7fb541aef700 [db/version_set.cc:2847] Creating manifest 4
2019/04/21-23:34:22.215944 7fb541aef700 [db/column_family.cc:475] --------------- Options for column family [usertable]:
2019/04/21-23:34:22.215948 7fb541aef700               Options.comparator: leveldb.BytewiseComparator
2019/04/21-23:34:22.215949 7fb541aef700           Options.merge_operator: None
2019/04/21-23:34:22.215950 7fb541aef700        Options.compaction_filter: None
2019/04/21-23:34:22.215951 7fb541aef700        Options.compaction_filter_factory: None
2019/04/21-23:34:22.215952 7fb541aef700         Options.memtable_factory: SkipListFactory
2019/04/21-23:34:22.215953 7fb541aef700            Options.table_factory: BlockBasedTable
2019/04/21-23:34:22.215980 7fb541aef700            table_factory options:   flush_block_policy_factory: FlushBlockBySizePolicyFactory (0x7fb4a03a1bf0)
  cache_index_and_filter_blocks: 0
  cache_index_and_filter_blocks_with_high_priority: 0
  pin_l0_filter_and_index_blocks_in_cache: 0
  index_type: 0
  hash_index_allow_collision: 1
  checksum: 1
  no_block_cache: 0
  block_cache: 0x7fb4a03af400
  block_cache_name: LRUCache
  block_cache_options:
    capacity : 8388608
    num_shard_bits : 4
    strict_capacity_limit : 0
    high_pri_pool_ratio: 0.000
  block_cache_compressed: (nil)
  persistent_cache: (nil)
  block_size: 8192
  block_size_deviation: 10
  block_restart_interval: 16
  index_block_restart_interval: 1
  metadata_block_size: 4096
  partition_filters: 0
  use_delta_encoding: 1
  filter_policy: nullptr
  whole_key_filtering: 1
  verify_compression: 0
  read_amp_bytes_per_bit: 0
  format_version: 2
  enable_index_compression: 1
  block_align: 0
2019/04/21-23:34:22.215983 7fb541aef700        Options.write_buffer_size: 134217728
2019/04/21-23:34:22.215984 7fb541aef700  Options.max_write_buffer_number: 24
2019/04/21-23:34:22.215985 7fb541aef700        Options.compression[0]: NoCompression
2019/04/21-23:34:22.215986 7fb541aef700        Options.compression[1]: NoCompression
2019/04/21-23:34:22.215988 7fb541aef700        Options.compression[2]: LZ4
2019/04/21-23:34:22.215989 7fb541aef700        Options.compression[3]: LZ4
2019/04/21-23:34:22.215990 7fb541aef700        Options.compression[4]: LZ4
2019/04/21-23:34:22.215991 7fb541aef700        Options.compression[5]: LZ4
2019/04/21-23:34:22.215992 7fb541aef700        Options.compression[6]: LZ4
2019/04/21-23:34:22.215993 7fb541aef700                  Options.bottommost_compression: Disabled
2019/04/21-23:34:22.215994 7fb541aef700       Options.prefix_extractor: nullptr
2019/04/21-23:34:22.215995 7fb541aef700   Options.memtable_insert_with_hint_prefix_extractor: nullptr
2019/04/21-23:34:22.215996 7fb541aef700             Options.num_levels: 7
2019/04/21-23:34:22.215997 7fb541aef700        Options.min_write_buffer_number_to_merge: 2
2019/04/21-23:34:22.215998 7fb541aef700     Options.max_write_buffer_number_to_maintain: 0
2019/04/21-23:34:22.215999 7fb541aef700            Options.compression_opts.window_bits: -14
2019/04/21-23:34:22.216000 7fb541aef700                  Options.compression_opts.level: -1
2019/04/21-23:34:22.216001 7fb541aef700               Options.compression_opts.strategy: 0
2019/04/21-23:34:22.216002 7fb541aef700         Options.compression_opts.max_dict_bytes: 0
2019/04/21-23:34:22.216003 7fb541aef700         Options.compression_opts.zstd_max_train_bytes: 0
2019/04/21-23:34:22.216003 7fb541aef700      Options.level0_file_num_compaction_trigger: 2
2019/04/21-23:34:22.216004 7fb541aef700          Options.level0_slowdown_writes_trigger: 20
2019/04/21-23:34:22.216005 7fb541aef700              Options.level0_stop_writes_trigger: 36
2019/04/21-23:34:22.216006 7fb541aef700                   Options.target_file_size_base: 67108864
2019/04/21-23:34:22.216007 7fb541aef700             Options.target_file_size_multiplier: 1
2019/04/21-23:34:22.216008 7fb541aef700                Options.max_bytes_for_level_base: 536870912
2019/04/21-23:34:22.216009 7fb541aef700 Options.level_compaction_dynamic_level_bytes: 0
2019/04/21-23:34:22.216010 7fb541aef700          Options.max_bytes_for_level_multiplier: 10.000000
2019/04/21-23:34:22.216012 7fb541aef700 Options.max_bytes_for_level_multiplier_addtl[0]: 1
2019/04/21-23:34:22.216023 7fb541aef700 Options.max_bytes_for_level_multiplier_addtl[1]: 1
2019/04/21-23:34:22.216025 7fb541aef700 Options.max_bytes_for_level_multiplier_addtl[2]: 1
2019/04/21-23:34:22.216026 7fb541aef700 Options.max_bytes_for_level_multiplier_addtl[3]: 1
2019/04/21-23:34:22.216027 7fb541aef700 Options.max_bytes_for_level_multiplier_addtl[4]: 1
2019/04/21-23:34:22.216027 7fb541aef700 Options.max_bytes_for_level_multiplier_addtl[5]: 1
2019/04/21-23:34:22.216028 7fb541aef700 Options.max_bytes_for_level_multiplier_addtl[6]: 1
2019/04/21-23:34:22.216029 7fb541aef700       Options.max_sequential_skip_in_iterations: 8
2019/04/21-23:34:22.216030 7fb541aef700                    Options.max_compaction_bytes: 1677721600
2019/04/21-23:34:22.216031 7fb541aef700                        Options.arena_block_size: 16777216
2019/04/21-23:34:22.216032 7fb541aef700   Options.soft_pending_compaction_bytes_limit: 68719476736
2019/04/21-23:34:22.216033 7fb541aef700   Options.hard_pending_compaction_bytes_limit: 274877906944
2019/04/21-23:34:22.216034 7fb541aef700       Options.rate_limit_delay_max_milliseconds: 100
2019/04/21-23:34:22.216035 7fb541aef700                Options.disable_auto_compactions: 0
2019/04/21-23:34:22.216036 7fb541aef700                        Options.compaction_style: kCompactionStyleLevel
2019/04/21-23:34:22.216038 7fb541aef700                          Options.compaction_pri: kByCompensatedSize
2019/04/21-23:34:22.216039 7fb541aef700 Options.compaction_options_universal.size_ratio: 1
2019/04/21-23:34:22.216040 7fb541aef700 Options.compaction_options_universal.min_merge_width: 2
2019/04/21-23:34:22.216040 7fb541aef700 Options.compaction_options_universal.max_merge_width: 4294967295
2019/04/21-23:34:22.216041 7fb541aef700 Options.compaction_options_universal.max_size_amplification_percent: 200
2019/04/21-23:34:22.216042 7fb541aef700 Options.compaction_options_universal.compression_size_percent: -1
2019/04/21-23:34:22.216044 7fb541aef700 Options.compaction_options_universal.stop_style: kCompactionStopStyleTotalSize
2019/04/21-23:34:22.216045 7fb541aef700 Options.compaction_options_fifo.max_table_files_size: 1073741824
2019/04/21-23:34:22.216046 7fb541aef700 Options.compaction_options_fifo.allow_compaction: 0
2019/04/21-23:34:22.216046 7fb541aef700 Options.compaction_options_fifo.ttl: 0
2019/04/21-23:34:22.216047 7fb541aef700                   Options.table_properties_collectors: 
2019/04/21-23:34:22.216048 7fb541aef700                   Options.inplace_update_support: 0
2019/04/21-23:34:22.216049 7fb541aef700                 Options.inplace_update_num_locks: 10000
2019/04/21-23:34:22.216050 7fb541aef700               Options.memtable_prefix_bloom_size_ratio: 0.000000
2019/04/21-23:34:22.216051 7fb541aef700   Options.memtable_huge_page_size: 0
2019/04/21-23:34:22.216052 7fb541aef700                           Options.bloom_locality: 0
2019/04/21-23:34:22.216053 7fb541aef700                    Options.max_successive_merges: 0
2019/04/21-23:34:22.216054 7fb541aef700                Options.optimize_filters_for_hits: 0
2019/04/21-23:34:22.216055 7fb541aef700                Options.paranoid_file_checks: 0
2019/04/21-23:34:22.216056 7fb541aef700                Options.force_consistency_checks: 0
2019/04/21-23:34:22.216057 7fb541aef700                Options.report_bg_io_stats: 0
2019/04/21-23:34:22.216058 7fb541aef700                               Options.ttl: 0
2019/04/21-23:34:22.216103 7fb541aef700 [db/db_impl.cc:1396] Created column family [usertable] (ID 1)
2019/04/21-23:34:22.263595 7fb541aef700 [db/db_impl_open.cc:1219] DB pointer 0x7fb4a03b1790
2019/04/21-23:34:31.203595 7fb5384fa700 [db/db_impl_write.cc:1373] [usertable] New memtable created with log file: #9. Immutable memtables: 0.
2019/04/21-23:34:39.428609 7fb45c1f2700 [db/db_impl_write.cc:1373] [usertable] New memtable created with log file: #10. Immutable memtables: 1.
2019/04/21-23:34:39.428725 7fb3daffd700 [db/db_impl_compaction_flush.cc:80] [JOB 2] Syncing log #3
2019/04/21-23:34:39.683557 7fb3daffd700 [db/db_impl_compaction_flush.cc:80] [JOB 2] Syncing log #9
2019/04/21-23:34:40.158516 7fb3daffd700 (Original Log Time 2019/04/21-23:34:39.428687) [db/db_impl_compaction_flush.cc:1424] Calling FlushMemTableToOutputFile with column family [usertable], flush slots available 24, compaction slots available 1, flush slots scheduled 1, compaction slots scheduled 0
2019/04/21-23:34:40.158529 7fb3daffd700 [db/flush_job.cc:301] [usertable] [JOB 2] Flushing memtable with next log file: 9
2019/04/21-23:34:40.158541 7fb3daffd700 [db/flush_job.cc:301] [usertable] [JOB 2] Flushing memtable with next log file: 10
2019/04/21-23:34:40.158596 7fb3daffd700 EVENT_LOG_v1 {"time_micros": 1555914880158569, "job": 2, "event": "flush_started", "num_memtables": 2, "num_entries": 60066, "num_deletes": 0, "memory_usage": 257636624, "flush_reason": "Write Buffer Full"}
2019/04/21-23:34:40.158608 7fb3daffd700 [db/flush_job.cc:331] [usertable] [JOB 2] Level-0 flush table #11: started
2019/04/21-23:34:42.167254 7fb3daffd700 EVENT_LOG_v1 {"time_micros": 1555914882167224, "cf_name": "usertable", "job": 2, "event": "table_file_creation", "file_number": 11, "file_size": 248757330, "table_properties": {"data_size": 247652118, "index_size": 1104285, "filter_size": 0, "raw_key_size": 1441584, "raw_average_key_size": 24, "raw_value_size": 246030336, "raw_average_value_size": 4096, "num_data_blocks": 30033, "num_entries": 60066, "filter_policy_name": "", "kDeletedKeys": "0", "kMergeOperands": "0"}}
2019/04/21-23:34:42.167288 7fb3daffd700 [db/flush_job.cc:371] [usertable] [JOB 2] Level-0 flush table #11: 248757330 bytes OK
2019/04/21-23:34:42.197677 7fb3daffd700 (Original Log Time 2019/04/21-23:34:42.167308) [db/memtable_list.cc:377] [usertable] Level-0 commit table #11 started
2019/04/21-23:34:42.197680 7fb3daffd700 (Original Log Time 2019/04/21-23:34:42.197589) [db/memtable_list.cc:409] [usertable] Level-0 commit table #11: memtable #1 done
2019/04/21-23:34:42.197682 7fb3daffd700 (Original Log Time 2019/04/21-23:34:42.197595) [db/memtable_list.cc:409] [usertable] Level-0 commit table #11: memtable #2 done
2019/04/21-23:34:42.197683 7fb3daffd700 (Original Log Time 2019/04/21-23:34:42.197615) EVENT_LOG_v1 {"time_micros": 1555914882197603, "job": 2, "event": "flush_finished", "output_compression": "NoCompression", "lsm_state": [1, 0, 0, 0, 0, 0, 0], "immutable_memtables": 0}
2019/04/21-23:34:42.197685 7fb3daffd700 (Original Log Time 2019/04/21-23:34:42.197642) [db/db_impl_compaction_flush.cc:177] [usertable] Level summary: base level 1 max bytes base 536870912 files[1 0 0 0 0 0 0] max score 0.50
2019/04/21-23:34:42.197695 7fb3daffd700 [db/db_impl_files.cc:347] [JOB 2] Try to delete WAL files size 248011254, prev total WAL file size 288033399, number of live WAL files 3.
2019/04/21-23:34:47.974270 7fb48c5f6700 [db/db_impl_write.cc:1373] [usertable] New memtable created with log file: #12. Immutable memtables: 0.
2019/04/21-23:34:56.713499 7fb5382f8700 [db/db_impl_write.cc:1373] [usertable] New memtable created with log file: #13. Immutable memtables: 1.
2019/04/21-23:34:56.713603 7fb43b7fe700 [db/db_impl_compaction_flush.cc:80] [JOB 3] Syncing log #10
2019/04/21-23:34:57.224246 7fb43b7fe700 [db/db_impl_compaction_flush.cc:80] [JOB 3] Syncing log #12
2019/04/21-23:34:57.715010 7fb43b7fe700 (Original Log Time 2019/04/21-23:34:56.713575) [db/db_impl_compaction_flush.cc:1424] Calling FlushMemTableToOutputFile with column family [usertable], flush slots available 24, compaction slots available 1, flush slots scheduled 1, compaction slots scheduled 0
2019/04/21-23:34:57.715022 7fb43b7fe700 [db/flush_job.cc:301] [usertable] [JOB 3] Flushing memtable with next log file: 12
2019/04/21-23:34:57.715031 7fb43b7fe700 [db/flush_job.cc:301] [usertable] [JOB 3] Flushing memtable with next log file: 13
2019/04/21-23:34:57.715076 7fb43b7fe700 EVENT_LOG_v1 {"time_micros": 1555914897715063, "job": 3, "event": "flush_started", "num_memtables": 2, "num_entries": 60498, "num_deletes": 0, "memory_usage": 250740368, "flush_reason": "Write Buffer Full"}
2019/04/21-23:34:57.715082 7fb43b7fe700 [db/flush_job.cc:331] [usertable] [JOB 3] Level-0 flush table #14: started
2019/04/21-23:34:59.786464 7fb43b7fe700 EVENT_LOG_v1 {"time_micros": 1555914899786437, "cf_name": "usertable", "job": 3, "event": "table_file_creation", "file_number": 14, "file_size": 250546408, "table_properties": {"data_size": 249433254, "index_size": 1112227, "filter_size": 0, "raw_key_size": 1451952, "raw_average_key_size": 24, "raw_value_size": 247799808, "raw_average_value_size": 4096, "num_data_blocks": 30249, "num_entries": 60498, "filter_policy_name": "", "kDeletedKeys": "0", "kMergeOperands": "0"}}
2019/04/21-23:34:59.786488 7fb43b7fe700 [db/flush_job.cc:371] [usertable] [JOB 3] Level-0 flush table #14: 250546408 bytes OK
2019/04/21-23:34:59.815066 7fb43b7fe700 (Original Log Time 2019/04/21-23:34:59.786505) [db/memtable_list.cc:377] [usertable] Level-0 commit table #14 started
2019/04/21-23:34:59.815070 7fb43b7fe700 (Original Log Time 2019/04/21-23:34:59.814973) [db/memtable_list.cc:409] [usertable] Level-0 commit table #14: memtable #1 done
2019/04/21-23:34:59.815072 7fb43b7fe700 (Original Log Time 2019/04/21-23:34:59.814975) [db/memtable_list.cc:409] [usertable] Level-0 commit table #14: memtable #2 done
2019/04/21-23:34:59.815073 7fb43b7fe700 (Original Log Time 2019/04/21-23:34:59.814993) EVENT_LOG_v1 {"time_micros": 1555914899814982, "job": 3, "event": "flush_finished", "output_compression": "NoCompression", "lsm_state": [2, 0, 0, 0, 0, 0, 0], "immutable_memtables": 0}
2019/04/21-23:34:59.815075 7fb43b7fe700 (Original Log Time 2019/04/21-23:34:59.815045) [db/db_impl_compaction_flush.cc:177] [usertable] Level summary: base level 1 max bytes base 536870912 files[2 0 0 0 0 0 0] max score 1.00
2019/04/21-23:34:59.815085 7fb43b7fe700 [db/db_impl_files.cc:347] [JOB 3] Try to delete WAL files size 249795258, prev total WAL file size 294615373, number of live WAL files 3.
2019/04/21-23:34:59.815289 7fb540939700 [WARN] [db/db_impl.cc:491] ------- DUMPING STATS -------
2019/04/21-23:34:59.815333 7fb540939700 [WARN] [db/db_impl.cc:492] 
** DB Stats **
Uptime(secs): 37.6 total, 37.6 interval
Cumulative writes: 131K writes, 131K keys, 131K commit groups, 1.0 writes per commit group, ingest: 0.51 GB, 13.75 MB/s
Cumulative WAL: 131K writes, 0 syncs, 131419.00 writes per sync, written: 0.51 GB, 13.75 MB/s
Cumulative stall: 00:00:0.000 H:M:S, 0.0 percent
Interval writes: 131K writes, 131K keys, 131K commit groups, 1.0 writes per commit group, ingest: 517.49 MB, 13.75 MB/s
Interval WAL: 131K writes, 0 syncs, 131419.00 writes per sync, written: 0.51 MB, 13.75 MB/s
Interval stall: 00:00:0.000 H:M:S, 0.0 percent

** Compaction Stats [default] **
Level    Files   Size     Score Read(GB)  Rn(GB) Rnp1(GB) Write(GB) Wnew(GB) Moved(GB) W-Amp Rd(MB/s) Wr(MB/s) Comp(sec) Comp(cnt) Avg(sec) KeyIn KeyDrop
----------------------------------------------------------------------------------------------------------------------------------------------------------
 Sum      0/0    0.00 KB   0.0      0.0     0.0      0.0       0.0      0.0       0.0   0.0      0.0      0.0         0         0    0.000       0      0
 Int      0/0    0.00 KB   0.0      0.0     0.0      0.0       0.0      0.0       0.0   0.0      0.0      0.0         0         0    0.000       0      0
Uptime(secs): 37.6 total, 37.6 interval
Flush(GB): cumulative 0.000, interval 0.000
AddFile(GB): cumulative 0.000, interval 0.000
AddFile(Total Files): cumulative 0, interval 0
AddFile(L0 Files): cumulative 0, interval 0
AddFile(Keys): cumulative 0, interval 0
Cumulative compaction: 0.00 GB write, 0.00 MB/s write, 0.00 GB read, 0.00 MB/s read, 0.0 seconds
Interval compaction: 0.00 GB write, 0.00 MB/s write, 0.00 GB read, 0.00 MB/s read, 0.0 seconds
Stalls(count): 0 level0_slowdown, 0 level0_slowdown_with_compaction, 0 level0_numfiles, 0 level0_numfiles_with_compaction, 0 stop for pending_compaction_bytes, 0 slowdown for pending_compaction_bytes, 0 memtable_compaction, 0 memtable_slowdown, interval 0 total count

** File Read Latency Histogram By Level [default] **

** Compaction Stats [usertable] **
Level    Files   Size     Score Read(GB)  Rn(GB) Rnp1(GB) Write(GB) Wnew(GB) Moved(GB) W-Amp Rd(MB/s) Wr(MB/s) Comp(sec) Comp(cnt) Avg(sec) KeyIn KeyDrop
----------------------------------------------------------------------------------------------------------------------------------------------------------
  L0      2/0   476.17 MB   1.0      0.0     0.0      0.0       0.5      0.5       0.0   1.0      0.0    116.7         4         2    2.040       0      0
 Sum      2/0   476.17 MB   0.0      0.0     0.0      0.0       0.5      0.5       0.0   1.0      0.0    116.7         4         2    2.040       0      0
 Int      0/0    0.00 KB   0.0      0.0     0.0      0.0       0.5      0.5       0.0   1.0      0.0    116.7         4         2    2.040       0      0
Uptime(secs): 37.6 total, 37.6 interval
Flush(GB): cumulative 0.465, interval 0.465
AddFile(GB): cumulative 0.000, interval 0.000
AddFile(Total Files): cumulative 0, interval 0
AddFile(L0 Files): cumulative 0, interval 0
AddFile(Keys): cumulative 0, interval 0
Cumulative compaction: 0.47 GB write, 12.66 MB/s write, 0.00 GB read, 0.00 MB/s read, 4.1 seconds
Interval compaction: 0.47 GB write, 12.66 MB/s write, 0.00 GB read, 0.00 MB/s read, 4.1 seconds
Stalls(count): 0 level0_slowdown, 0 level0_slowdown_with_compaction, 0 level0_numfiles, 0 level0_numfiles_with_compaction, 0 stop for pending_compaction_bytes, 0 slowdown for pending_compaction_bytes, 0 memtable_compaction, 0 memtable_slowdown, interval 0 total count

** File Read Latency Histogram By Level [usertable] **

** Compaction Stats [default] **
Level    Files   Size     Score Read(GB)  Rn(GB) Rnp1(GB) Write(GB) Wnew(GB) Moved(GB) W-Amp Rd(MB/s) Wr(MB/s) Comp(sec) Comp(cnt) Avg(sec) KeyIn KeyDrop
----------------------------------------------------------------------------------------------------------------------------------------------------------
 Sum      0/0    0.00 KB   0.0      0.0     0.0      0.0       0.0      0.0       0.0   0.0      0.0      0.0         0         0    0.000       0      0
 Int      0/0    0.00 KB   0.0      0.0     0.0      0.0       0.0      0.0       0.0   0.0      0.0      0.0         0         0    0.000       0      0
Uptime(secs): 37.6 total, 0.0 interval
Flush(GB): cumulative 0.000, interval 0.000
AddFile(GB): cumulative 0.000, interval 0.000
AddFile(Total Files): cumulative 0, interval 0
AddFile(L0 Files): cumulative 0, interval 0
AddFile(Keys): cumulative 0, interval 0
Cumulative compaction: 0.00 GB write, 0.00 MB/s write, 0.00 GB read, 0.00 MB/s read, 0.0 seconds
Interval compaction: 0.00 GB write, 0.00 MB/s write, 0.00 GB read, 0.00 MB/s read, 0.0 seconds
Stalls(count): 0 level0_slowdown, 0 level0_slowdown_with_compaction, 0 level0_numfiles, 0 level0_numfiles_with_compaction, 0 stop for pending_compaction_bytes, 0 slowdown for pending_compaction_bytes, 0 memtable_compaction, 0 memtable_slowdown, interval 0 total count

** File Read Latency Histogram By Level [default] **

** Compaction Stats [usertable] **
Level    Files   Size     Score Read(GB)  Rn(GB) Rnp1(GB) Write(GB) Wnew(GB) Moved(GB) W-Amp Rd(MB/s) Wr(MB/s) Comp(sec) Comp(cnt) Avg(sec) KeyIn KeyDrop
----------------------------------------------------------------------------------------------------------------------------------------------------------
  L0      2/0   476.17 MB   1.0      0.0     0.0      0.0       0.5      0.5       0.0   1.0      0.0    116.7         4         2    2.040       0      0
 Sum      2/0   476.17 MB   0.0      0.0     0.0      0.0       0.5      0.5       0.0   1.0      0.0    116.7         4         2    2.040       0      0
 Int      0/0    0.00 KB   0.0      0.0     0.0      0.0       0.0      0.0       0.0   0.0      0.0      0.0         0         0    0.000       0      0
Uptime(secs): 37.6 total, 0.0 interval
Flush(GB): cumulative 0.465, interval 0.000
AddFile(GB): cumulative 0.000, interval 0.000
AddFile(Total Files): cumulative 0, interval 0
AddFile(L0 Files): cumulative 0, interval 0
AddFile(Keys): cumulative 0, interval 0
Cumulative compaction: 0.47 GB write, 12.66 MB/s write, 0.00 GB read, 0.00 MB/s read, 4.1 seconds
Interval compaction: 0.00 GB write, 0.00 MB/s write, 0.00 GB read, 0.00 MB/s read, 0.0 seconds
Stalls(count): 0 level0_slowdown, 0 level0_slowdown_with_compaction, 0 level0_numfiles, 0 level0_numfiles_with_compaction, 0 stop for pending_compaction_bytes, 0 slowdown for pending_compaction_bytes, 0 memtable_compaction, 0 memtable_slowdown, interval 0 total count

** File Read Latency Histogram By Level [usertable] **
2019/04/21-23:34:59.845105 7fb540939700 (Original Log Time 2019/04/21-23:34:59.815426) [db/db_impl_compaction_flush.cc:1835] [usertable] Moving #14 to level-1 250546408 bytes
2019/04/21-23:34:59.845108 7fb540939700 (Original Log Time 2019/04/21-23:34:59.845060) EVENT_LOG_v1 {"time_micros": 1555914899845047, "job": 4, "event": "trivial_move", "destination_level": 1, "files": 1, "total_files_size": 250546408}
2019/04/21-23:34:59.845110 7fb540939700 (Original Log Time 2019/04/21-23:34:59.845069) [db/db_impl_compaction_flush.cc:1864] [usertable] Moved #1 files to level-1 250546408 bytes OK: base level 1 max bytes base 536870912 files[1 1 0 0 0 0 0] max score 0.50
2019/04/21-23:35:05.031399 7fb45c6f7700 [db/db_impl_write.cc:1373] [usertable] New memtable created with log file: #15. Immutable memtables: 0.
2019/04/21-23:35:13.995844 7fb45c2f3700 [db/db_impl_write.cc:1373] [usertable] New memtable created with log file: #16. Immutable memtables: 1.
2019/04/21-23:35:13.995958 7fb43bfff700 [db/db_impl_compaction_flush.cc:80] [JOB 5] Syncing log #13
2019/04/21-23:35:15.092200 7fb43bfff700 [db/db_impl_compaction_flush.cc:80] [JOB 5] Syncing log #15
2019/04/21-23:35:16.208396 7fb43bfff700 (Original Log Time 2019/04/21-23:35:13.995939) [db/db_impl_compaction_flush.cc:1424] Calling FlushMemTableToOutputFile with column family [usertable], flush slots available 24, compaction slots available 1, flush slots scheduled 1, compaction slots scheduled 0
2019/04/21-23:35:16.208408 7fb43bfff700 [db/flush_job.cc:301] [usertable] [JOB 5] Flushing memtable with next log file: 15
2019/04/21-23:35:16.208417 7fb43bfff700 [db/flush_job.cc:301] [usertable] [JOB 5] Flushing memtable with next log file: 16
2019/04/21-23:35:16.208467 7fb43bfff700 EVENT_LOG_v1 {"time_micros": 1555914916208451, "job": 5, "event": "flush_started", "num_memtables": 2, "num_entries": 60487, "num_deletes": 0, "memory_usage": 254737360, "flush_reason": "Write Buffer Full"}
2019/04/21-23:35:16.208475 7fb43bfff700 [db/flush_job.cc:331] [usertable] [JOB 5] Level-0 flush table #17: started
2019/04/21-23:35:17.225088 7fb43bfff700 EVENT_LOG_v1 {"time_micros": 1555914917225062, "cf_name": "usertable", "job": 5, "event": "table_file_creation", "file_number": 17, "file_size": 250500885, "table_properties": {"data_size": 249387915, "index_size": 1112043, "filter_size": 0, "raw_key_size": 1451688, "raw_average_key_size": 24, "raw_value_size": 247754752, "raw_average_value_size": 4096, "num_data_blocks": 30244, "num_entries": 60487, "filter_policy_name": "", "kDeletedKeys": "0", "kMergeOperands": "0"}}
2019/04/21-23:35:17.225109 7fb43bfff700 [db/flush_job.cc:371] [usertable] [JOB 5] Level-0 flush table #17: 250500885 bytes OK
2019/04/21-23:35:17.240598 7fb43bfff700 (Original Log Time 2019/04/21-23:35:17.225124) [db/memtable_list.cc:377] [usertable] Level-0 commit table #17 started
2019/04/21-23:35:17.240602 7fb43bfff700 (Original Log Time 2019/04/21-23:35:17.240476) [db/memtable_list.cc:409] [usertable] Level-0 commit table #17: memtable #1 done
2019/04/21-23:35:17.240604 7fb43bfff700 (Original Log Time 2019/04/21-23:35:17.240481) [db/memtable_list.cc:409] [usertable] Level-0 commit table #17: memtable #2 done
2019/04/21-23:35:17.240606 7fb43bfff700 (Original Log Time 2019/04/21-23:35:17.240524) EVENT_LOG_v1 {"time_micros": 1555914917240501, "job": 5, "event": "flush_finished", "output_compression": "NoCompression", "lsm_state": [2, 1, 0, 0, 0, 0, 0], "immutable_memtables": 0}
2019/04/21-23:35:17.240607 7fb43bfff700 (Original Log Time 2019/04/21-23:35:17.240572) [db/db_impl_compaction_flush.cc:177] [usertable] Level summary: base level 1 max bytes base 536870912 files[2 1 0 0 0 0 0] max score 1.00
