2019/01/08-23:33:35.915837 7f9bb45a6700 RocksDB version: 5.14.3
2019/01/08-23:33:35.915889 7f9bb45a6700 Git sha rocksdb_build_git_sha:
2019/01/08-23:33:35.915892 7f9bb45a6700 Compile date Dec 29 2018
2019/01/08-23:33:35.915896 7f9bb45a6700 DB SUMMARY
2019/01/08-23:33:35.915916 7f9bb45a6700 SST files in /mnt/sda/ycsb-rocksdb-data dir, Total Num: 0, files: 
2019/01/08-23:33:35.915919 7f9bb45a6700 Write Ahead Log file in /mnt/sda/ycsb-rocksdb-data: 
2019/01/08-23:33:35.915921 7f9bb45a6700                         Options.error_if_exists: 0
2019/01/08-23:33:35.915923 7f9bb45a6700                       Options.create_if_missing: 1
2019/01/08-23:33:35.915924 7f9bb45a6700                         Options.paranoid_checks: 1
2019/01/08-23:33:35.915925 7f9bb45a6700                                     Options.env: 0x7f9ad37812c0
2019/01/08-23:33:35.915926 7f9bb45a6700                                Options.info_log: 0x7f9b4c3c0a80
2019/01/08-23:33:35.915927 7f9bb45a6700                Options.max_file_opening_threads: 16
2019/01/08-23:33:35.915928 7f9bb45a6700                              Options.statistics: (nil)
2019/01/08-23:33:35.915929 7f9bb45a6700                               Options.use_fsync: 0
2019/01/08-23:33:35.915930 7f9bb45a6700                       Options.max_log_file_size: 0
2019/01/08-23:33:35.915931 7f9bb45a6700                  Options.max_manifest_file_size: 18446744073709551615
2019/01/08-23:33:35.915932 7f9bb45a6700                   Options.log_file_time_to_roll: 0
2019/01/08-23:33:35.915933 7f9bb45a6700                       Options.keep_log_file_num: 1000
2019/01/08-23:33:35.915934 7f9bb45a6700                    Options.recycle_log_file_num: 0
2019/01/08-23:33:35.915935 7f9bb45a6700                         Options.allow_fallocate: 1
2019/01/08-23:33:35.915936 7f9bb45a6700                        Options.allow_mmap_reads: 0
2019/01/08-23:33:35.915937 7f9bb45a6700                       Options.allow_mmap_writes: 0
2019/01/08-23:33:35.915937 7f9bb45a6700                        Options.use_direct_reads: 0
2019/01/08-23:33:35.915938 7f9bb45a6700                        Options.use_direct_io_for_flush_and_compaction: 0
2019/01/08-23:33:35.915939 7f9bb45a6700          Options.create_missing_column_families: 1
2019/01/08-23:33:35.915940 7f9bb45a6700                              Options.db_log_dir: 
2019/01/08-23:33:35.915941 7f9bb45a6700                                 Options.wal_dir: /mnt/sda/ycsb-rocksdb-data
2019/01/08-23:33:35.915942 7f9bb45a6700                Options.table_cache_numshardbits: 6
2019/01/08-23:33:35.915943 7f9bb45a6700                      Options.max_subcompactions: 4
2019/01/08-23:33:35.915944 7f9bb45a6700                  Options.max_background_flushes: 24
2019/01/08-23:33:35.915945 7f9bb45a6700                         Options.WAL_ttl_seconds: 0
2019/01/08-23:33:35.915946 7f9bb45a6700                       Options.WAL_size_limit_MB: 0
2019/01/08-23:33:35.915947 7f9bb45a6700             Options.manifest_preallocation_size: 4194304
2019/01/08-23:33:35.915948 7f9bb45a6700                     Options.is_fd_close_on_exec: 1
2019/01/08-23:33:35.915949 7f9bb45a6700                   Options.advise_random_on_open: 1
2019/01/08-23:33:35.915950 7f9bb45a6700                    Options.db_write_buffer_size: 0
2019/01/08-23:33:35.915951 7f9bb45a6700                    Options.write_buffer_manager: 0x7f9b4c3bdaa0
2019/01/08-23:33:35.915952 7f9bb45a6700         Options.access_hint_on_compaction_start: 1
2019/01/08-23:33:35.915953 7f9bb45a6700  Options.new_table_reader_for_compaction_inputs: 0
2019/01/08-23:33:35.915954 7f9bb45a6700           Options.random_access_max_buffer_size: 1048576
2019/01/08-23:33:35.915955 7f9bb45a6700                      Options.use_adaptive_mutex: 0
2019/01/08-23:33:35.915956 7f9bb45a6700                            Options.rate_limiter: (nil)
2019/01/08-23:33:35.915957 7f9bb45a6700     Options.sst_file_manager.rate_bytes_per_sec: 0
2019/01/08-23:33:35.915958 7f9bb45a6700                       Options.wal_recovery_mode: 2
2019/01/08-23:33:35.915959 7f9bb45a6700                  Options.enable_thread_tracking: 0
2019/01/08-23:33:35.915960 7f9bb45a6700                  Options.enable_pipelined_write: 1
2019/01/08-23:33:35.915970 7f9bb45a6700         Options.allow_concurrent_memtable_write: 1
2019/01/08-23:33:35.915971 7f9bb45a6700      Options.enable_write_thread_adaptive_yield: 1
2019/01/08-23:33:35.915972 7f9bb45a6700             Options.write_thread_max_yield_usec: 100
2019/01/08-23:33:35.915973 7f9bb45a6700            Options.write_thread_slow_yield_usec: 3
2019/01/08-23:33:35.915974 7f9bb45a6700                               Options.row_cache: None
2019/01/08-23:33:35.915975 7f9bb45a6700                              Options.wal_filter: None
2019/01/08-23:33:35.915976 7f9bb45a6700             Options.avoid_flush_during_recovery: 0
2019/01/08-23:33:35.915977 7f9bb45a6700             Options.allow_ingest_behind: 0
2019/01/08-23:33:35.915978 7f9bb45a6700             Options.preserve_deletes: 0
2019/01/08-23:33:35.915979 7f9bb45a6700             Options.two_write_queues: 0
2019/01/08-23:33:35.915980 7f9bb45a6700             Options.manual_wal_flush: 0
2019/01/08-23:33:35.915981 7f9bb45a6700             Options.max_background_jobs: 24
2019/01/08-23:33:35.915982 7f9bb45a6700             Options.max_background_compactions: 24
2019/01/08-23:33:35.915983 7f9bb45a6700             Options.avoid_flush_during_shutdown: 0
2019/01/08-23:33:35.915984 7f9bb45a6700           Options.writable_file_max_buffer_size: 1048576
2019/01/08-23:33:35.915985 7f9bb45a6700             Options.delayed_write_rate : 16777216
2019/01/08-23:33:35.915986 7f9bb45a6700             Options.max_total_wal_size: 0
2019/01/08-23:33:35.915987 7f9bb45a6700             Options.delete_obsolete_files_period_micros: 21600000000
2019/01/08-23:33:35.915988 7f9bb45a6700                   Options.stats_dump_period_sec: 60
2019/01/08-23:33:35.915989 7f9bb45a6700                          Options.max_open_files: -1
2019/01/08-23:33:35.915990 7f9bb45a6700                          Options.bytes_per_sync: 1048576
2019/01/08-23:33:35.915991 7f9bb45a6700                      Options.wal_bytes_per_sync: 0
2019/01/08-23:33:35.915992 7f9bb45a6700       Options.compaction_readahead_size: 0
2019/01/08-23:33:35.915993 7f9bb45a6700 Compression algorithms supported:
2019/01/08-23:33:35.915994 7f9bb45a6700 	kZSTDNotFinalCompression supported: 1
2019/01/08-23:33:35.916002 7f9bb45a6700 	kZSTD supported: 1
2019/01/08-23:33:35.916003 7f9bb45a6700 	kXpressCompression supported: 0
2019/01/08-23:33:35.916005 7f9bb45a6700 	kLZ4HCCompression supported: 1
2019/01/08-23:33:35.916006 7f9bb45a6700 	kLZ4Compression supported: 1
2019/01/08-23:33:35.916007 7f9bb45a6700 	kBZip2Compression supported: 1
2019/01/08-23:33:35.916008 7f9bb45a6700 	kZlibCompression supported: 1
2019/01/08-23:33:35.916009 7f9bb45a6700 	kSnappyCompression supported: 1
2019/01/08-23:33:35.916012 7f9bb45a6700 Fast CRC32 supported: Supported on x86
2019/01/08-23:33:35.916078 7f9bb45a6700 [db/db_impl_open.cc:222] Creating manifest 1 
2019/01/08-23:33:36.015426 7f9bb45a6700 [db/version_set.cc:3085] Recovering from manifest file: MANIFEST-000001
2019/01/08-23:33:36.015515 7f9bb45a6700 [db/column_family.cc:475] --------------- Options for column family [default]:
2019/01/08-23:33:36.015519 7f9bb45a6700               Options.comparator: leveldb.BytewiseComparator
2019/01/08-23:33:36.015520 7f9bb45a6700           Options.merge_operator: None
2019/01/08-23:33:36.015521 7f9bb45a6700        Options.compaction_filter: None
2019/01/08-23:33:36.015522 7f9bb45a6700        Options.compaction_filter_factory: None
2019/01/08-23:33:36.015523 7f9bb45a6700         Options.memtable_factory: SkipListFactory
2019/01/08-23:33:36.015524 7f9bb45a6700            Options.table_factory: BlockBasedTable
2019/01/08-23:33:36.015551 7f9bb45a6700            table_factory options:   flush_block_policy_factory: FlushBlockBySizePolicyFactory (0x7f9b4c37a660)
  cache_index_and_filter_blocks: 0
  cache_index_and_filter_blocks_with_high_priority: 0
  pin_l0_filter_and_index_blocks_in_cache: 0
  index_type: 0
  hash_index_allow_collision: 1
  checksum: 1
  no_block_cache: 0
  block_cache: 0x7f9b4c386110
  block_cache_name: LRUCache
  block_cache_options:
    capacity : 8388608
    num_shard_bits : 4
    strict_capacity_limit : 0
    high_pri_pool_ratio: 0.000
  block_cache_compressed: (nil)
  persistent_cache: (nil)
  block_size: 8192
  block_size_deviation: 10
  block_restart_interval: 16
  index_block_restart_interval: 1
  metadata_block_size: 4096
  partition_filters: 0
  use_delta_encoding: 1
  filter_policy: nullptr
  whole_key_filtering: 1
  verify_compression: 0
  read_amp_bytes_per_bit: 0
  format_version: 2
  enable_index_compression: 1
  block_align: 0
2019/01/08-23:33:36.015566 7f9bb45a6700        Options.write_buffer_size: 134217728
2019/01/08-23:33:36.015568 7f9bb45a6700  Options.max_write_buffer_number: 24
2019/01/08-23:33:36.015569 7f9bb45a6700        Options.compression[0]: NoCompression
2019/01/08-23:33:36.015571 7f9bb45a6700        Options.compression[1]: NoCompression
2019/01/08-23:33:36.015572 7f9bb45a6700        Options.compression[2]: LZ4
2019/01/08-23:33:36.015573 7f9bb45a6700        Options.compression[3]: LZ4
2019/01/08-23:33:36.015574 7f9bb45a6700        Options.compression[4]: LZ4
2019/01/08-23:33:36.015575 7f9bb45a6700        Options.compression[5]: LZ4
2019/01/08-23:33:36.015576 7f9bb45a6700        Options.compression[6]: LZ4
2019/01/08-23:33:36.015577 7f9bb45a6700                  Options.bottommost_compression: Disabled
2019/01/08-23:33:36.015578 7f9bb45a6700       Options.prefix_extractor: nullptr
2019/01/08-23:33:36.015579 7f9bb45a6700   Options.memtable_insert_with_hint_prefix_extractor: nullptr
2019/01/08-23:33:36.015580 7f9bb45a6700             Options.num_levels: 7
2019/01/08-23:33:36.015581 7f9bb45a6700        Options.min_write_buffer_number_to_merge: 2
2019/01/08-23:33:36.015582 7f9bb45a6700     Options.max_write_buffer_number_to_maintain: 0
2019/01/08-23:33:36.015583 7f9bb45a6700            Options.compression_opts.window_bits: -14
2019/01/08-23:33:36.015584 7f9bb45a6700                  Options.compression_opts.level: -1
2019/01/08-23:33:36.015585 7f9bb45a6700               Options.compression_opts.strategy: 0
2019/01/08-23:33:36.015586 7f9bb45a6700         Options.compression_opts.max_dict_bytes: 0
2019/01/08-23:33:36.015587 7f9bb45a6700         Options.compression_opts.zstd_max_train_bytes: 0
2019/01/08-23:33:36.015588 7f9bb45a6700      Options.level0_file_num_compaction_trigger: 2
2019/01/08-23:33:36.015589 7f9bb45a6700          Options.level0_slowdown_writes_trigger: 20
2019/01/08-23:33:36.015590 7f9bb45a6700              Options.level0_stop_writes_trigger: 36
2019/01/08-23:33:36.015591 7f9bb45a6700                   Options.target_file_size_base: 67108864
2019/01/08-23:33:36.015592 7f9bb45a6700             Options.target_file_size_multiplier: 1
2019/01/08-23:33:36.015593 7f9bb45a6700                Options.max_bytes_for_level_base: 536870912
2019/01/08-23:33:36.015594 7f9bb45a6700 Options.level_compaction_dynamic_level_bytes: 0
2019/01/08-23:33:36.015595 7f9bb45a6700          Options.max_bytes_for_level_multiplier: 10.000000
2019/01/08-23:33:36.015598 7f9bb45a6700 Options.max_bytes_for_level_multiplier_addtl[0]: 1
2019/01/08-23:33:36.015599 7f9bb45a6700 Options.max_bytes_for_level_multiplier_addtl[1]: 1
2019/01/08-23:33:36.015600 7f9bb45a6700 Options.max_bytes_for_level_multiplier_addtl[2]: 1
2019/01/08-23:33:36.015601 7f9bb45a6700 Options.max_bytes_for_level_multiplier_addtl[3]: 1
2019/01/08-23:33:36.015602 7f9bb45a6700 Options.max_bytes_for_level_multiplier_addtl[4]: 1
2019/01/08-23:33:36.015603 7f9bb45a6700 Options.max_bytes_for_level_multiplier_addtl[5]: 1
2019/01/08-23:33:36.015604 7f9bb45a6700 Options.max_bytes_for_level_multiplier_addtl[6]: 1
2019/01/08-23:33:36.015604 7f9bb45a6700       Options.max_sequential_skip_in_iterations: 8
2019/01/08-23:33:36.015605 7f9bb45a6700                    Options.max_compaction_bytes: 1677721600
2019/01/08-23:33:36.015606 7f9bb45a6700                        Options.arena_block_size: 16777216
2019/01/08-23:33:36.015607 7f9bb45a6700   Options.soft_pending_compaction_bytes_limit: 68719476736
2019/01/08-23:33:36.015608 7f9bb45a6700   Options.hard_pending_compaction_bytes_limit: 274877906944
2019/01/08-23:33:36.015615 7f9bb45a6700       Options.rate_limit_delay_max_milliseconds: 100
2019/01/08-23:33:36.015617 7f9bb45a6700                Options.disable_auto_compactions: 0
2019/01/08-23:33:36.015619 7f9bb45a6700                        Options.compaction_style: kCompactionStyleLevel
2019/01/08-23:33:36.015621 7f9bb45a6700                          Options.compaction_pri: kByCompensatedSize
2019/01/08-23:33:36.015622 7f9bb45a6700 Options.compaction_options_universal.size_ratio: 1
2019/01/08-23:33:36.015623 7f9bb45a6700 Options.compaction_options_universal.min_merge_width: 2
2019/01/08-23:33:36.015624 7f9bb45a6700 Options.compaction_options_universal.max_merge_width: 4294967295
2019/01/08-23:33:36.015625 7f9bb45a6700 Options.compaction_options_universal.max_size_amplification_percent: 200
2019/01/08-23:33:36.015626 7f9bb45a6700 Options.compaction_options_universal.compression_size_percent: -1
2019/01/08-23:33:36.015627 7f9bb45a6700 Options.compaction_options_universal.stop_style: kCompactionStopStyleTotalSize
2019/01/08-23:33:36.015628 7f9bb45a6700 Options.compaction_options_fifo.max_table_files_size: 1073741824
2019/01/08-23:33:36.015629 7f9bb45a6700 Options.compaction_options_fifo.allow_compaction: 0
2019/01/08-23:33:36.015630 7f9bb45a6700 Options.compaction_options_fifo.ttl: 0
2019/01/08-23:33:36.015631 7f9bb45a6700                   Options.table_properties_collectors: 
2019/01/08-23:33:36.015632 7f9bb45a6700                   Options.inplace_update_support: 0
2019/01/08-23:33:36.015633 7f9bb45a6700                 Options.inplace_update_num_locks: 10000
2019/01/08-23:33:36.015634 7f9bb45a6700               Options.memtable_prefix_bloom_size_ratio: 0.000000
2019/01/08-23:33:36.015636 7f9bb45a6700   Options.memtable_huge_page_size: 0
2019/01/08-23:33:36.015637 7f9bb45a6700                           Options.bloom_locality: 0
2019/01/08-23:33:36.015638 7f9bb45a6700                    Options.max_successive_merges: 0
2019/01/08-23:33:36.015639 7f9bb45a6700                Options.optimize_filters_for_hits: 0
2019/01/08-23:33:36.015640 7f9bb45a6700                Options.paranoid_file_checks: 0
2019/01/08-23:33:36.015640 7f9bb45a6700                Options.force_consistency_checks: 0
2019/01/08-23:33:36.015641 7f9bb45a6700                Options.report_bg_io_stats: 0
2019/01/08-23:33:36.015642 7f9bb45a6700                               Options.ttl: 0
2019/01/08-23:33:36.016091 7f9bb45a6700 [db/version_set.cc:3361] Recovered from manifest file:/mnt/sda/ycsb-rocksdb-data/MANIFEST-000001 succeeded,manifest_file_number is 1, next_file_number is 3, last_sequence is 0, log_number is 0,prev_log_number is 0,max_column_family is 0,min_log_number_to_keep is 0
2019/01/08-23:33:36.016096 7f9bb45a6700 [db/version_set.cc:3369] Column family [default] (ID 0), log number is 0
2019/01/08-23:33:36.016240 7f9bb45a6700 [db/version_set.cc:2847] Creating manifest 4
2019/01/08-23:33:36.087305 7f9bb45a6700 [db/column_family.cc:475] --------------- Options for column family [usertable]:
2019/01/08-23:33:36.087313 7f9bb45a6700               Options.comparator: leveldb.BytewiseComparator
2019/01/08-23:33:36.087315 7f9bb45a6700           Options.merge_operator: None
2019/01/08-23:33:36.087316 7f9bb45a6700        Options.compaction_filter: None
2019/01/08-23:33:36.087317 7f9bb45a6700        Options.compaction_filter_factory: None
2019/01/08-23:33:36.087318 7f9bb45a6700         Options.memtable_factory: SkipListFactory
2019/01/08-23:33:36.087319 7f9bb45a6700            Options.table_factory: BlockBasedTable
2019/01/08-23:33:36.087351 7f9bb45a6700            table_factory options:   flush_block_policy_factory: FlushBlockBySizePolicyFactory (0x7f9b4c37a740)
  cache_index_and_filter_blocks: 0
  cache_index_and_filter_blocks_with_high_priority: 0
  pin_l0_filter_and_index_blocks_in_cache: 0
  index_type: 0
  hash_index_allow_collision: 1
  checksum: 1
  no_block_cache: 0
  block_cache: 0x7f9b4c37b1e0
  block_cache_name: LRUCache
  block_cache_options:
    capacity : 8388608
    num_shard_bits : 4
    strict_capacity_limit : 0
    high_pri_pool_ratio: 0.000
  block_cache_compressed: (nil)
  persistent_cache: (nil)
  block_size: 8192
  block_size_deviation: 10
  block_restart_interval: 16
  index_block_restart_interval: 1
  metadata_block_size: 4096
  partition_filters: 0
  use_delta_encoding: 1
  filter_policy: nullptr
  whole_key_filtering: 1
  verify_compression: 0
  read_amp_bytes_per_bit: 0
  format_version: 2
  enable_index_compression: 1
  block_align: 0
2019/01/08-23:33:36.087353 7f9bb45a6700        Options.write_buffer_size: 134217728
2019/01/08-23:33:36.087355 7f9bb45a6700  Options.max_write_buffer_number: 24
2019/01/08-23:33:36.087356 7f9bb45a6700        Options.compression[0]: NoCompression
2019/01/08-23:33:36.087357 7f9bb45a6700        Options.compression[1]: NoCompression
2019/01/08-23:33:36.087358 7f9bb45a6700        Options.compression[2]: LZ4
2019/01/08-23:33:36.087359 7f9bb45a6700        Options.compression[3]: LZ4
2019/01/08-23:33:36.087361 7f9bb45a6700        Options.compression[4]: LZ4
2019/01/08-23:33:36.087362 7f9bb45a6700        Options.compression[5]: LZ4
2019/01/08-23:33:36.087363 7f9bb45a6700        Options.compression[6]: LZ4
2019/01/08-23:33:36.087364 7f9bb45a6700                  Options.bottommost_compression: Disabled
2019/01/08-23:33:36.087365 7f9bb45a6700       Options.prefix_extractor: nullptr
2019/01/08-23:33:36.087366 7f9bb45a6700   Options.memtable_insert_with_hint_prefix_extractor: nullptr
2019/01/08-23:33:36.087367 7f9bb45a6700             Options.num_levels: 7
2019/01/08-23:33:36.087368 7f9bb45a6700        Options.min_write_buffer_number_to_merge: 2
2019/01/08-23:33:36.087369 7f9bb45a6700     Options.max_write_buffer_number_to_maintain: 0
2019/01/08-23:33:36.087370 7f9bb45a6700            Options.compression_opts.window_bits: -14
2019/01/08-23:33:36.087371 7f9bb45a6700                  Options.compression_opts.level: -1
2019/01/08-23:33:36.087372 7f9bb45a6700               Options.compression_opts.strategy: 0
2019/01/08-23:33:36.087373 7f9bb45a6700         Options.compression_opts.max_dict_bytes: 0
2019/01/08-23:33:36.087374 7f9bb45a6700         Options.compression_opts.zstd_max_train_bytes: 0
2019/01/08-23:33:36.087375 7f9bb45a6700      Options.level0_file_num_compaction_trigger: 2
2019/01/08-23:33:36.087376 7f9bb45a6700          Options.level0_slowdown_writes_trigger: 20
2019/01/08-23:33:36.087377 7f9bb45a6700              Options.level0_stop_writes_trigger: 36
2019/01/08-23:33:36.087377 7f9bb45a6700                   Options.target_file_size_base: 67108864
2019/01/08-23:33:36.087378 7f9bb45a6700             Options.target_file_size_multiplier: 1
2019/01/08-23:33:36.087379 7f9bb45a6700                Options.max_bytes_for_level_base: 536870912
2019/01/08-23:33:36.087380 7f9bb45a6700 Options.level_compaction_dynamic_level_bytes: 0
2019/01/08-23:33:36.087381 7f9bb45a6700          Options.max_bytes_for_level_multiplier: 10.000000
2019/01/08-23:33:36.087385 7f9bb45a6700 Options.max_bytes_for_level_multiplier_addtl[0]: 1
2019/01/08-23:33:36.087396 7f9bb45a6700 Options.max_bytes_for_level_multiplier_addtl[1]: 1
2019/01/08-23:33:36.087398 7f9bb45a6700 Options.max_bytes_for_level_multiplier_addtl[2]: 1
2019/01/08-23:33:36.087399 7f9bb45a6700 Options.max_bytes_for_level_multiplier_addtl[3]: 1
2019/01/08-23:33:36.087400 7f9bb45a6700 Options.max_bytes_for_level_multiplier_addtl[4]: 1
2019/01/08-23:33:36.087401 7f9bb45a6700 Options.max_bytes_for_level_multiplier_addtl[5]: 1
2019/01/08-23:33:36.087402 7f9bb45a6700 Options.max_bytes_for_level_multiplier_addtl[6]: 1
2019/01/08-23:33:36.087403 7f9bb45a6700       Options.max_sequential_skip_in_iterations: 8
2019/01/08-23:33:36.087404 7f9bb45a6700                    Options.max_compaction_bytes: 1677721600
2019/01/08-23:33:36.087405 7f9bb45a6700                        Options.arena_block_size: 16777216
2019/01/08-23:33:36.087406 7f9bb45a6700   Options.soft_pending_compaction_bytes_limit: 68719476736
2019/01/08-23:33:36.087407 7f9bb45a6700   Options.hard_pending_compaction_bytes_limit: 274877906944
2019/01/08-23:33:36.087408 7f9bb45a6700       Options.rate_limit_delay_max_milliseconds: 100
2019/01/08-23:33:36.087409 7f9bb45a6700                Options.disable_auto_compactions: 0
2019/01/08-23:33:36.087411 7f9bb45a6700                        Options.compaction_style: kCompactionStyleLevel
2019/01/08-23:33:36.087413 7f9bb45a6700                          Options.compaction_pri: kByCompensatedSize
2019/01/08-23:33:36.087414 7f9bb45a6700 Options.compaction_options_universal.size_ratio: 1
2019/01/08-23:33:36.087415 7f9bb45a6700 Options.compaction_options_universal.min_merge_width: 2
2019/01/08-23:33:36.087416 7f9bb45a6700 Options.compaction_options_universal.max_merge_width: 4294967295
2019/01/08-23:33:36.087417 7f9bb45a6700 Options.compaction_options_universal.max_size_amplification_percent: 200
2019/01/08-23:33:36.087418 7f9bb45a6700 Options.compaction_options_universal.compression_size_percent: -1
2019/01/08-23:33:36.087420 7f9bb45a6700 Options.compaction_options_universal.stop_style: kCompactionStopStyleTotalSize
2019/01/08-23:33:36.087421 7f9bb45a6700 Options.compaction_options_fifo.max_table_files_size: 1073741824
2019/01/08-23:33:36.087422 7f9bb45a6700 Options.compaction_options_fifo.allow_compaction: 0
2019/01/08-23:33:36.087423 7f9bb45a6700 Options.compaction_options_fifo.ttl: 0
2019/01/08-23:33:36.087424 7f9bb45a6700                   Options.table_properties_collectors: 
2019/01/08-23:33:36.087425 7f9bb45a6700                   Options.inplace_update_support: 0
2019/01/08-23:33:36.087426 7f9bb45a6700                 Options.inplace_update_num_locks: 10000
2019/01/08-23:33:36.087427 7f9bb45a6700               Options.memtable_prefix_bloom_size_ratio: 0.000000
2019/01/08-23:33:36.087428 7f9bb45a6700   Options.memtable_huge_page_size: 0
2019/01/08-23:33:36.087430 7f9bb45a6700                           Options.bloom_locality: 0
2019/01/08-23:33:36.087430 7f9bb45a6700                    Options.max_successive_merges: 0
2019/01/08-23:33:36.087431 7f9bb45a6700                Options.optimize_filters_for_hits: 0
2019/01/08-23:33:36.087432 7f9bb45a6700                Options.paranoid_file_checks: 0
2019/01/08-23:33:36.087433 7f9bb45a6700                Options.force_consistency_checks: 0
2019/01/08-23:33:36.087434 7f9bb45a6700                Options.report_bg_io_stats: 0
2019/01/08-23:33:36.087435 7f9bb45a6700                               Options.ttl: 0
2019/01/08-23:33:36.087488 7f9bb45a6700 [db/db_impl.cc:1396] Created column family [usertable] (ID 1)
2019/01/08-23:33:36.163352 7f9bb45a6700 [db/db_impl_open.cc:1219] DB pointer 0x7f9b4c3c11d0
2019/01/08-23:33:45.131661 7f9b50cfb700 [db/db_impl_write.cc:1373] [usertable] New memtable created with log file: #9. Immutable memtables: 0.
2019/01/08-23:33:53.743860 7f9bb44a5700 [db/db_impl_write.cc:1373] [usertable] New memtable created with log file: #10. Immutable memtables: 1.
2019/01/08-23:33:53.743995 7f99f7fff700 [db/db_impl_compaction_flush.cc:80] [JOB 2] Syncing log #3
2019/01/08-23:33:53.744183 7f99f7fff700 [db/db_impl_compaction_flush.cc:80] [JOB 2] Syncing log #9
2019/01/08-23:33:54.452566 7f99f7fff700 (Original Log Time 2019/01/08-23:33:53.743946) [db/db_impl_compaction_flush.cc:1424] Calling FlushMemTableToOutputFile with column family [usertable], flush slots available 24, compaction slots available 1, flush slots scheduled 1, compaction slots scheduled 0
2019/01/08-23:33:54.452581 7f99f7fff700 [db/flush_job.cc:301] [usertable] [JOB 2] Flushing memtable with next log file: 9
2019/01/08-23:33:54.452593 7f99f7fff700 [db/flush_job.cc:301] [usertable] [JOB 2] Flushing memtable with next log file: 10
2019/01/08-23:33:54.452650 7f99f7fff700 EVENT_LOG_v1 {"time_micros": 1547019234452635, "job": 2, "event": "flush_started", "num_memtables": 2, "num_entries": 61521, "num_deletes": 0, "memory_usage": 259153976, "flush_reason": "Write Buffer Full"}
2019/01/08-23:33:54.452660 7f99f7fff700 [db/flush_job.cc:331] [usertable] [JOB 2] Level-0 flush table #11: started
2019/01/08-23:33:56.687710 7f99f7fff700 EVENT_LOG_v1 {"time_micros": 1547019236687676, "cf_name": "usertable", "job": 2, "event": "table_file_creation", "file_number": 11, "file_size": 254783083, "table_properties": {"data_size": 253651097, "index_size": 1131059, "filter_size": 0, "raw_key_size": 1476504, "raw_average_key_size": 24, "raw_value_size": 251990016, "raw_average_value_size": 4096, "num_data_blocks": 30761, "num_entries": 61521, "filter_policy_name": "", "kDeletedKeys": "0", "kMergeOperands": "0"}}
2019/01/08-23:33:56.687739 7f99f7fff700 [db/flush_job.cc:371] [usertable] [JOB 2] Level-0 flush table #11: 254783083 bytes OK
2019/01/08-23:33:56.754973 7f99f7fff700 (Original Log Time 2019/01/08-23:33:56.687756) [db/memtable_list.cc:377] [usertable] Level-0 commit table #11 started
2019/01/08-23:33:56.754976 7f99f7fff700 (Original Log Time 2019/01/08-23:33:56.754903) [db/memtable_list.cc:409] [usertable] Level-0 commit table #11: memtable #1 done
2019/01/08-23:33:56.754978 7f99f7fff700 (Original Log Time 2019/01/08-23:33:56.754911) [db/memtable_list.cc:409] [usertable] Level-0 commit table #11: memtable #2 done
2019/01/08-23:33:56.754980 7f99f7fff700 (Original Log Time 2019/01/08-23:33:56.754927) EVENT_LOG_v1 {"time_micros": 1547019236754920, "job": 2, "event": "flush_finished", "output_compression": "NoCompression", "lsm_state": [1, 0, 0, 0, 0, 0, 0], "immutable_memtables": 0}
2019/01/08-23:33:56.754981 7f99f7fff700 (Original Log Time 2019/01/08-23:33:56.754950) [db/db_impl_compaction_flush.cc:177] [usertable] Level summary: base level 1 max bytes base 536870912 files[1 0 0 0 0 0 0] max score 0.50
2019/01/08-23:33:56.754992 7f99f7fff700 [db/db_impl_files.cc:347] [JOB 2] Try to delete WAL files size 254016753, prev total WAL file size 297544131, number of live WAL files 3.
2019/01/08-23:34:02.376207 7f9ba06f6700 [db/db_impl_write.cc:1373] [usertable] New memtable created with log file: #12. Immutable memtables: 0.
2019/01/08-23:34:10.873981 7f9b50ffe700 [db/db_impl_write.cc:1373] [usertable] New memtable created with log file: #13. Immutable memtables: 1.
2019/01/08-23:34:10.874127 7f9a757fa700 [db/db_impl_compaction_flush.cc:80] [JOB 3] Syncing log #10
2019/01/08-23:34:11.381966 7f9a757fa700 [db/db_impl_compaction_flush.cc:80] [JOB 3] Syncing log #12
2019/01/08-23:34:12.260697 7f9a757fa700 (Original Log Time 2019/01/08-23:34:10.874092) [db/db_impl_compaction_flush.cc:1424] Calling FlushMemTableToOutputFile with column family [usertable], flush slots available 24, compaction slots available 1, flush slots scheduled 1, compaction slots scheduled 0
2019/01/08-23:34:12.260719 7f9a757fa700 [db/flush_job.cc:301] [usertable] [JOB 3] Flushing memtable with next log file: 12
2019/01/08-23:34:12.260726 7f9a757fa700 [db/flush_job.cc:301] [usertable] [JOB 3] Flushing memtable with next log file: 13
2019/01/08-23:34:12.260757 7f9a757fa700 EVENT_LOG_v1 {"time_micros": 1547019252260749, "job": 3, "event": "flush_started", "num_memtables": 2, "num_entries": 59958, "num_deletes": 0, "memory_usage": 256805696, "flush_reason": "Write Buffer Full"}
2019/01/08-23:34:12.260763 7f9a757fa700 [db/flush_job.cc:331] [usertable] [JOB 3] Level-0 flush table #14: started
2019/01/08-23:34:15.580009 7f9a757fa700 EVENT_LOG_v1 {"time_micros": 1547019255579986, "cf_name": "usertable", "job": 3, "event": "table_file_creation", "file_number": 14, "file_size": 248323381, "table_properties": {"data_size": 247213495, "index_size": 1108959, "filter_size": 0, "raw_key_size": 1438992, "raw_average_key_size": 24, "raw_value_size": 245587968, "raw_average_value_size": 4096, "num_data_blocks": 29979, "num_entries": 59958, "filter_policy_name": "", "kDeletedKeys": "0", "kMergeOperands": "0"}}
2019/01/08-23:34:15.580030 7f9a757fa700 [db/flush_job.cc:371] [usertable] [JOB 3] Level-0 flush table #14: 248323381 bytes OK
2019/01/08-23:34:15.696578 7f9a757fa700 (Original Log Time 2019/01/08-23:34:15.580043) [db/memtable_list.cc:377] [usertable] Level-0 commit table #14 started
2019/01/08-23:34:15.696581 7f9a757fa700 (Original Log Time 2019/01/08-23:34:15.696505) [db/memtable_list.cc:409] [usertable] Level-0 commit table #14: memtable #1 done
2019/01/08-23:34:15.696583 7f9a757fa700 (Original Log Time 2019/01/08-23:34:15.696507) [db/memtable_list.cc:409] [usertable] Level-0 commit table #14: memtable #2 done
2019/01/08-23:34:15.696584 7f9a757fa700 (Original Log Time 2019/01/08-23:34:15.696521) EVENT_LOG_v1 {"time_micros": 1547019255696515, "job": 3, "event": "flush_finished", "output_compression": "NoCompression", "lsm_state": [2, 0, 0, 0, 0, 0, 0], "immutable_memtables": 0}
2019/01/08-23:34:15.696586 7f9a757fa700 (Original Log Time 2019/01/08-23:34:15.696560) [db/db_impl_compaction_flush.cc:177] [usertable] Level summary: base level 1 max bytes base 536870912 files[2 0 0 0 0 0 0] max score 1.00
2019/01/08-23:34:15.696595 7f9a757fa700 [db/db_impl_files.cc:347] [JOB 3] Try to delete WAL files size 247564146, prev total WAL file size 317261174, number of live WAL files 3.
2019/01/08-23:34:15.696783 7f9ad2e09700 [WARN] [db/db_impl.cc:491] ------- DUMPING STATS -------
2019/01/08-23:34:15.698303 7f9ad2e09700 [WARN] [db/db_impl.cc:492] 
** DB Stats **
Uptime(secs): 39.7 total, 39.7 interval
Cumulative writes: 138K writes, 138K keys, 137K commit groups, 1.0 writes per commit group, ingest: 0.53 GB, 13.73 MB/s
Cumulative WAL: 138K writes, 0 syncs, 138359.00 writes per sync, written: 0.53 GB, 13.73 MB/s
Cumulative stall: 00:00:0.000 H:M:S, 0.0 percent
Interval writes: 138K writes, 138K keys, 137K commit groups, 1.0 writes per commit group, ingest: 544.81 MB, 13.73 MB/s
Interval WAL: 138K writes, 0 syncs, 138359.00 writes per sync, written: 0.53 MB, 13.73 MB/s
Interval stall: 00:00:0.000 H:M:S, 0.0 percent

** Compaction Stats [default] **
Level    Files   Size     Score Read(GB)  Rn(GB) Rnp1(GB) Write(GB) Wnew(GB) Moved(GB) W-Amp Rd(MB/s) Wr(MB/s) Comp(sec) Comp(cnt) Avg(sec) KeyIn KeyDrop
----------------------------------------------------------------------------------------------------------------------------------------------------------
 Sum      0/0    0.00 KB   0.0      0.0     0.0      0.0       0.0      0.0       0.0   0.0      0.0      0.0         0         0    0.000       0      0
 Int      0/0    0.00 KB   0.0      0.0     0.0      0.0       0.0      0.0       0.0   0.0      0.0      0.0         0         0    0.000       0      0
Uptime(secs): 39.7 total, 39.7 interval
Flush(GB): cumulative 0.000, interval 0.000
AddFile(GB): cumulative 0.000, interval 0.000
AddFile(Total Files): cumulative 0, interval 0
AddFile(L0 Files): cumulative 0, interval 0
AddFile(Keys): cumulative 0, interval 0
Cumulative compaction: 0.00 GB write, 0.00 MB/s write, 0.00 GB read, 0.00 MB/s read, 0.0 seconds
Interval compaction: 0.00 GB write, 0.00 MB/s write, 0.00 GB read, 0.00 MB/s read, 0.0 seconds
Stalls(count): 0 level0_slowdown, 0 level0_slowdown_with_compaction, 0 level0_numfiles, 0 level0_numfiles_with_compaction, 0 stop for pending_compaction_bytes, 0 slowdown for pending_compaction_bytes, 0 memtable_compaction, 0 memtable_slowdown, interval 0 total count

** File Read Latency Histogram By Level [default] **

** Compaction Stats [usertable] **
Level    Files   Size     Score Read(GB)  Rn(GB) Rnp1(GB) Write(GB) Wnew(GB) Moved(GB) W-Amp Rd(MB/s) Wr(MB/s) Comp(sec) Comp(cnt) Avg(sec) KeyIn KeyDrop
----------------------------------------------------------------------------------------------------------------------------------------------------------
  L0      2/0   479.80 MB   1.0      0.0     0.0      0.0       0.5      0.5       0.0   1.0      0.0     86.4         6         2    2.777       0      0
 Sum      2/0   479.80 MB   0.0      0.0     0.0      0.0       0.5      0.5       0.0   1.0      0.0     86.4         6         2    2.777       0      0
 Int      0/0    0.00 KB   0.0      0.0     0.0      0.0       0.5      0.5       0.0   1.0      0.0     86.4         6         2    2.777       0      0
Uptime(secs): 39.6 total, 39.6 interval
Flush(GB): cumulative 0.469, interval 0.469
AddFile(GB): cumulative 0.000, interval 0.000
AddFile(Total Files): cumulative 0, interval 0
AddFile(L0 Files): cumulative 0, interval 0
AddFile(Keys): cumulative 0, interval 0
Cumulative compaction: 0.47 GB write, 12.11 MB/s write, 0.00 GB read, 0.00 MB/s read, 5.6 seconds
Interval compaction: 0.47 GB write, 12.11 MB/s write, 0.00 GB read, 0.00 MB/s read, 5.6 seconds
Stalls(count): 0 level0_slowdown, 0 level0_slowdown_with_compaction, 0 level0_numfiles, 0 level0_numfiles_with_compaction, 0 stop for pending_compaction_bytes, 0 slowdown for pending_compaction_bytes, 0 memtable_compaction, 0 memtable_slowdown, interval 0 total count

** File Read Latency Histogram By Level [usertable] **

** Compaction Stats [default] **
Level    Files   Size     Score Read(GB)  Rn(GB) Rnp1(GB) Write(GB) Wnew(GB) Moved(GB) W-Amp Rd(MB/s) Wr(MB/s) Comp(sec) Comp(cnt) Avg(sec) KeyIn KeyDrop
----------------------------------------------------------------------------------------------------------------------------------------------------------
 Sum      0/0    0.00 KB   0.0      0.0     0.0      0.0       0.0      0.0       0.0   0.0      0.0      0.0         0         0    0.000       0      0
 Int      0/0    0.00 KB   0.0      0.0     0.0      0.0       0.0      0.0       0.0   0.0      0.0      0.0         0         0    0.000       0      0
Uptime(secs): 39.7 total, 0.0 interval
Flush(GB): cumulative 0.000, interval 0.000
AddFile(GB): cumulative 0.000, interval 0.000
AddFile(Total Files): cumulative 0, interval 0
AddFile(L0 Files): cumulative 0, interval 0
AddFile(Keys): cumulative 0, interval 0
Cumulative compaction: 0.00 GB write, 0.00 MB/s write, 0.00 GB read, 0.00 MB/s read, 0.0 seconds
Interval compaction: 0.00 GB write, 0.00 MB/s write, 0.00 GB read, 0.00 MB/s read, 0.0 seconds
Stalls(count): 0 level0_slowdown, 0 level0_slowdown_with_compaction, 0 level0_numfiles, 0 level0_numfiles_with_compaction, 0 stop for pending_compaction_bytes, 0 slowdown for pending_compaction_bytes, 0 memtable_compaction, 0 memtable_slowdown, interval 0 total count

** File Read Latency Histogram By Level [default] **

** Compaction Stats [usertable] **
Level    Files   Size     Score Read(GB)  Rn(GB) Rnp1(GB) Write(GB) Wnew(GB) Moved(GB) W-Amp Rd(MB/s) Wr(MB/s) Comp(sec) Comp(cnt) Avg(sec) KeyIn KeyDrop
----------------------------------------------------------------------------------------------------------------------------------------------------------
  L0      2/0   479.80 MB   1.0      0.0     0.0      0.0       0.5      0.5       0.0   1.0      0.0     86.4         6         2    2.777       0      0
 Sum      2/0   479.80 MB   0.0      0.0     0.0      0.0       0.5      0.5       0.0   1.0      0.0     86.4         6         2    2.777       0      0
 Int      0/0    0.00 KB   0.0      0.0     0.0      0.0       0.0      0.0       0.0   0.0      0.0      0.0         0         0    0.000       0      0
Uptime(secs): 39.6 total, 0.0 interval
Flush(GB): cumulative 0.469, interval 0.000
AddFile(GB): cumulative 0.000, interval 0.000
AddFile(Total Files): cumulative 0, interval 0
AddFile(L0 Files): cumulative 0, interval 0
AddFile(Keys): cumulative 0, interval 0
Cumulative compaction: 0.47 GB write, 12.11 MB/s write, 0.00 GB read, 0.00 MB/s read, 5.6 seconds
Interval compaction: 0.00 GB write, 0.00 MB/s write, 0.00 GB read, 0.00 MB/s read, 0.0 seconds
Stalls(count): 0 level0_slowdown, 0 level0_slowdown_with_compaction, 0 level0_numfiles, 0 level0_numfiles_with_compaction, 0 stop for pending_compaction_bytes, 0 slowdown for pending_compaction_bytes, 0 memtable_compaction, 0 memtable_slowdown, interval 0 total count

** File Read Latency Histogram By Level [usertable] **
2019/01/08-23:34:15.775407 7f9ad2e09700 (Original Log Time 2019/01/08-23:34:15.701108) [db/db_impl_compaction_flush.cc:1835] [usertable] Moving #11 to level-1 254783083 bytes
2019/01/08-23:34:15.775412 7f9ad2e09700 (Original Log Time 2019/01/08-23:34:15.775349) EVENT_LOG_v1 {"time_micros": 1547019255775334, "job": 4, "event": "trivial_move", "destination_level": 1, "files": 1, "total_files_size": 254783083}
2019/01/08-23:34:15.775414 7f9ad2e09700 (Original Log Time 2019/01/08-23:34:15.775369) [db/db_impl_compaction_flush.cc:1864] [usertable] Moved #1 files to level-1 254783083 bytes OK: base level 1 max bytes base 536870912 files[1 1 0 0 0 0 0] max score 0.50
2019/01/08-23:34:19.771288 7f9b504f3700 [db/db_impl_write.cc:1373] [usertable] New memtable created with log file: #15. Immutable memtables: 0.
2019/01/08-23:34:28.670295 7f9b509f8700 [db/db_impl_write.cc:1373] [usertable] New memtable created with log file: #16. Immutable memtables: 1.
2019/01/08-23:34:28.670401 7f9a74ff9700 [db/db_impl_compaction_flush.cc:80] [JOB 5] Syncing log #13
2019/01/08-23:34:29.188198 7f9a74ff9700 [db/db_impl_compaction_flush.cc:80] [JOB 5] Syncing log #15
2019/01/08-23:34:30.215321 7f9a74ff9700 (Original Log Time 2019/01/08-23:34:28.670383) [db/db_impl_compaction_flush.cc:1424] Calling FlushMemTableToOutputFile with column family [usertable], flush slots available 24, compaction slots available 1, flush slots scheduled 1, compaction slots scheduled 0
2019/01/08-23:34:30.215333 7f9a74ff9700 [db/flush_job.cc:301] [usertable] [JOB 5] Flushing memtable with next log file: 15
2019/01/08-23:34:30.215340 7f9a74ff9700 [db/flush_job.cc:301] [usertable] [JOB 5] Flushing memtable with next log file: 16
2019/01/08-23:34:30.215373 7f9a74ff9700 EVENT_LOG_v1 {"time_micros": 1547019270215365, "job": 5, "event": "flush_started", "num_memtables": 2, "num_entries": 62285, "num_deletes": 0, "memory_usage": 258092952, "flush_reason": "Write Buffer Full"}
2019/01/08-23:34:30.215380 7f9a74ff9700 [db/flush_job.cc:331] [usertable] [JOB 5] Level-0 flush table #17: started
2019/01/08-23:34:32.107494 7f9a74ff9700 EVENT_LOG_v1 {"time_micros": 1547019272107467, "cf_name": "usertable", "job": 5, "event": "table_file_creation", "file_number": 17, "file_size": 257960943, "table_properties": {"data_size": 256807989, "index_size": 1152027, "filter_size": 0, "raw_key_size": 1494840, "raw_average_key_size": 24, "raw_value_size": 255119360, "raw_average_value_size": 4096, "num_data_blocks": 31143, "num_entries": 62285, "filter_policy_name": "", "kDeletedKeys": "0", "kMergeOperands": "0"}}
2019/01/08-23:34:32.107516 7f9a74ff9700 [db/flush_job.cc:371] [usertable] [JOB 5] Level-0 flush table #17: 257960943 bytes OK
2019/01/08-23:34:32.136198 7f9a74ff9700 (Original Log Time 2019/01/08-23:34:32.107531) [db/memtable_list.cc:377] [usertable] Level-0 commit table #17 started
2019/01/08-23:34:32.136201 7f9a74ff9700 (Original Log Time 2019/01/08-23:34:32.136127) [db/memtable_list.cc:409] [usertable] Level-0 commit table #17: memtable #1 done
2019/01/08-23:34:32.136203 7f9a74ff9700 (Original Log Time 2019/01/08-23:34:32.136130) [db/memtable_list.cc:409] [usertable] Level-0 commit table #17: memtable #2 done
2019/01/08-23:34:32.136205 7f9a74ff9700 (Original Log Time 2019/01/08-23:34:32.136145) EVENT_LOG_v1 {"time_micros": 1547019272136138, "job": 5, "event": "flush_finished", "output_compression": "NoCompression", "lsm_state": [2, 1, 0, 0, 0, 0, 0], "immutable_memtables": 0}
2019/01/08-23:34:32.136206 7f9a74ff9700 (Original Log Time 2019/01/08-23:34:32.136178) [db/db_impl_compaction_flush.cc:177] [usertable] Level summary: base level 1 max bytes base 536870912 files[2 1 0 0 0 0 0] max score 1.00
