2018/11/29-12:51:08.199843 7fb534bc4700 RocksDB version: 5.14.3
2018/11/29-12:51:08.199912 7fb534bc4700 Git sha rocksdb_build_git_sha:
2018/11/29-12:51:08.199915 7fb534bc4700 Compile date Nov 22 2018
2018/11/29-12:51:08.199919 7fb534bc4700 DB SUMMARY
2018/11/29-12:51:08.199940 7fb534bc4700 SST files in /mnt/sda/ycsb-rocksdb-data dir, Total Num: 0, files: 
2018/11/29-12:51:08.199943 7fb534bc4700 Write Ahead Log file in /mnt/sda/ycsb-rocksdb-data: 
2018/11/29-12:51:08.199946 7fb534bc4700                         Options.error_if_exists: 0
2018/11/29-12:51:08.199947 7fb534bc4700                       Options.create_if_missing: 1
2018/11/29-12:51:08.199948 7fb534bc4700                         Options.paranoid_checks: 1
2018/11/29-12:51:08.199949 7fb534bc4700                                     Options.env: 0x7fb51fff82c0
2018/11/29-12:51:08.199950 7fb534bc4700                                Options.info_log: 0x7fb4843d6890
2018/11/29-12:51:08.199951 7fb534bc4700                Options.max_file_opening_threads: 16
2018/11/29-12:51:08.199952 7fb534bc4700                              Options.statistics: (nil)
2018/11/29-12:51:08.199953 7fb534bc4700                               Options.use_fsync: 0
2018/11/29-12:51:08.199954 7fb534bc4700                       Options.max_log_file_size: 0
2018/11/29-12:51:08.199955 7fb534bc4700                  Options.max_manifest_file_size: 18446744073709551615
2018/11/29-12:51:08.199956 7fb534bc4700                   Options.log_file_time_to_roll: 0
2018/11/29-12:51:08.199957 7fb534bc4700                       Options.keep_log_file_num: 1000
2018/11/29-12:51:08.199958 7fb534bc4700                    Options.recycle_log_file_num: 0
2018/11/29-12:51:08.199959 7fb534bc4700                         Options.allow_fallocate: 1
2018/11/29-12:51:08.199959 7fb534bc4700                        Options.allow_mmap_reads: 0
2018/11/29-12:51:08.199960 7fb534bc4700                       Options.allow_mmap_writes: 0
2018/11/29-12:51:08.199961 7fb534bc4700                        Options.use_direct_reads: 0
2018/11/29-12:51:08.199962 7fb534bc4700                        Options.use_direct_io_for_flush_and_compaction: 0
2018/11/29-12:51:08.199963 7fb534bc4700          Options.create_missing_column_families: 1
2018/11/29-12:51:08.199964 7fb534bc4700                              Options.db_log_dir: 
2018/11/29-12:51:08.199965 7fb534bc4700                                 Options.wal_dir: /mnt/sda/ycsb-rocksdb-data
2018/11/29-12:51:08.199966 7fb534bc4700                Options.table_cache_numshardbits: 6
2018/11/29-12:51:08.199967 7fb534bc4700                      Options.max_subcompactions: 4
2018/11/29-12:51:08.199968 7fb534bc4700                  Options.max_background_flushes: 24
2018/11/29-12:51:08.199969 7fb534bc4700                         Options.WAL_ttl_seconds: 0
2018/11/29-12:51:08.199970 7fb534bc4700                       Options.WAL_size_limit_MB: 0
2018/11/29-12:51:08.199971 7fb534bc4700             Options.manifest_preallocation_size: 4194304
2018/11/29-12:51:08.199972 7fb534bc4700                     Options.is_fd_close_on_exec: 1
2018/11/29-12:51:08.199972 7fb534bc4700                   Options.advise_random_on_open: 1
2018/11/29-12:51:08.199974 7fb534bc4700                    Options.db_write_buffer_size: 0
2018/11/29-12:51:08.199974 7fb534bc4700                    Options.write_buffer_manager: 0x7fb4843d27e0
2018/11/29-12:51:08.199975 7fb534bc4700         Options.access_hint_on_compaction_start: 1
2018/11/29-12:51:08.199976 7fb534bc4700  Options.new_table_reader_for_compaction_inputs: 0
2018/11/29-12:51:08.199977 7fb534bc4700           Options.random_access_max_buffer_size: 1048576
2018/11/29-12:51:08.199978 7fb534bc4700                      Options.use_adaptive_mutex: 0
2018/11/29-12:51:08.199979 7fb534bc4700                            Options.rate_limiter: (nil)
2018/11/29-12:51:08.199981 7fb534bc4700     Options.sst_file_manager.rate_bytes_per_sec: 0
2018/11/29-12:51:08.199982 7fb534bc4700                       Options.wal_recovery_mode: 2
2018/11/29-12:51:08.199983 7fb534bc4700                  Options.enable_thread_tracking: 0
2018/11/29-12:51:08.199984 7fb534bc4700                  Options.enable_pipelined_write: 1
2018/11/29-12:51:08.199994 7fb534bc4700         Options.allow_concurrent_memtable_write: 1
2018/11/29-12:51:08.199995 7fb534bc4700      Options.enable_write_thread_adaptive_yield: 1
2018/11/29-12:51:08.199996 7fb534bc4700             Options.write_thread_max_yield_usec: 100
2018/11/29-12:51:08.199997 7fb534bc4700            Options.write_thread_slow_yield_usec: 3
2018/11/29-12:51:08.199998 7fb534bc4700                               Options.row_cache: None
2018/11/29-12:51:08.199999 7fb534bc4700                              Options.wal_filter: None
2018/11/29-12:51:08.200000 7fb534bc4700             Options.avoid_flush_during_recovery: 0
2018/11/29-12:51:08.200001 7fb534bc4700             Options.allow_ingest_behind: 0
2018/11/29-12:51:08.200002 7fb534bc4700             Options.preserve_deletes: 0
2018/11/29-12:51:08.200003 7fb534bc4700             Options.two_write_queues: 0
2018/11/29-12:51:08.200004 7fb534bc4700             Options.manual_wal_flush: 0
2018/11/29-12:51:08.200005 7fb534bc4700             Options.max_background_jobs: 24
2018/11/29-12:51:08.200006 7fb534bc4700             Options.max_background_compactions: 24
2018/11/29-12:51:08.200007 7fb534bc4700             Options.avoid_flush_during_shutdown: 0
2018/11/29-12:51:08.200008 7fb534bc4700           Options.writable_file_max_buffer_size: 1048576
2018/11/29-12:51:08.200009 7fb534bc4700             Options.delayed_write_rate : 16777216
2018/11/29-12:51:08.200010 7fb534bc4700             Options.max_total_wal_size: 0
2018/11/29-12:51:08.200011 7fb534bc4700             Options.delete_obsolete_files_period_micros: 21600000000
2018/11/29-12:51:08.200012 7fb534bc4700                   Options.stats_dump_period_sec: 60
2018/11/29-12:51:08.200013 7fb534bc4700                          Options.max_open_files: -1
2018/11/29-12:51:08.200014 7fb534bc4700                          Options.bytes_per_sync: 1048576
2018/11/29-12:51:08.200015 7fb534bc4700                      Options.wal_bytes_per_sync: 0
2018/11/29-12:51:08.200016 7fb534bc4700       Options.compaction_readahead_size: 0
2018/11/29-12:51:08.200017 7fb534bc4700 Compression algorithms supported:
2018/11/29-12:51:08.200018 7fb534bc4700 	kZSTDNotFinalCompression supported: 1
2018/11/29-12:51:08.200027 7fb534bc4700 	kZSTD supported: 1
2018/11/29-12:51:08.200028 7fb534bc4700 	kXpressCompression supported: 0
2018/11/29-12:51:08.200029 7fb534bc4700 	kLZ4HCCompression supported: 1
2018/11/29-12:51:08.200030 7fb534bc4700 	kLZ4Compression supported: 1
2018/11/29-12:51:08.200031 7fb534bc4700 	kBZip2Compression supported: 1
2018/11/29-12:51:08.200032 7fb534bc4700 	kZlibCompression supported: 1
2018/11/29-12:51:08.200034 7fb534bc4700 	kSnappyCompression supported: 1
2018/11/29-12:51:08.200038 7fb534bc4700 Fast CRC32 supported: Supported on x86
2018/11/29-12:51:08.200118 7fb534bc4700 [db/db_impl_open.cc:222] Creating manifest 1 
2018/11/29-12:51:08.299648 7fb534bc4700 [db/version_set.cc:3085] Recovering from manifest file: MANIFEST-000001
2018/11/29-12:51:08.299732 7fb534bc4700 [db/column_family.cc:475] --------------- Options for column family [default]:
2018/11/29-12:51:08.299736 7fb534bc4700               Options.comparator: leveldb.BytewiseComparator
2018/11/29-12:51:08.299738 7fb534bc4700           Options.merge_operator: None
2018/11/29-12:51:08.299739 7fb534bc4700        Options.compaction_filter: None
2018/11/29-12:51:08.299740 7fb534bc4700        Options.compaction_filter_factory: None
2018/11/29-12:51:08.299741 7fb534bc4700         Options.memtable_factory: SkipListFactory
2018/11/29-12:51:08.299742 7fb534bc4700            Options.table_factory: BlockBasedTable
2018/11/29-12:51:08.299773 7fb534bc4700            table_factory options:   flush_block_policy_factory: FlushBlockBySizePolicyFactory (0x7fb4843784f0)
  cache_index_and_filter_blocks: 0
  cache_index_and_filter_blocks_with_high_priority: 0
  pin_l0_filter_and_index_blocks_in_cache: 0
  index_type: 0
  hash_index_allow_collision: 1
  checksum: 1
  no_block_cache: 0
  block_cache: 0x7fb484383f00
  block_cache_name: LRUCache
  block_cache_options:
    capacity : 8388608
    num_shard_bits : 4
    strict_capacity_limit : 0
    high_pri_pool_ratio: 0.000
  block_cache_compressed: (nil)
  persistent_cache: (nil)
  block_size: 8192
  block_size_deviation: 10
  block_restart_interval: 16
  index_block_restart_interval: 1
  metadata_block_size: 4096
  partition_filters: 0
  use_delta_encoding: 1
  filter_policy: nullptr
  whole_key_filtering: 1
  verify_compression: 0
  read_amp_bytes_per_bit: 0
  format_version: 2
  enable_index_compression: 1
  block_align: 0
2018/11/29-12:51:08.299787 7fb534bc4700        Options.write_buffer_size: 134217728
2018/11/29-12:51:08.299789 7fb534bc4700  Options.max_write_buffer_number: 24
2018/11/29-12:51:08.299790 7fb534bc4700        Options.compression[0]: NoCompression
2018/11/29-12:51:08.299792 7fb534bc4700        Options.compression[1]: NoCompression
2018/11/29-12:51:08.299793 7fb534bc4700        Options.compression[2]: LZ4
2018/11/29-12:51:08.299794 7fb534bc4700        Options.compression[3]: LZ4
2018/11/29-12:51:08.299795 7fb534bc4700        Options.compression[4]: LZ4
2018/11/29-12:51:08.299796 7fb534bc4700        Options.compression[5]: LZ4
2018/11/29-12:51:08.299797 7fb534bc4700        Options.compression[6]: LZ4
2018/11/29-12:51:08.299798 7fb534bc4700                  Options.bottommost_compression: Disabled
2018/11/29-12:51:08.299799 7fb534bc4700       Options.prefix_extractor: nullptr
2018/11/29-12:51:08.299800 7fb534bc4700   Options.memtable_insert_with_hint_prefix_extractor: nullptr
2018/11/29-12:51:08.299801 7fb534bc4700             Options.num_levels: 7
2018/11/29-12:51:08.299802 7fb534bc4700        Options.min_write_buffer_number_to_merge: 2
2018/11/29-12:51:08.299803 7fb534bc4700     Options.max_write_buffer_number_to_maintain: 0
2018/11/29-12:51:08.299804 7fb534bc4700            Options.compression_opts.window_bits: -14
2018/11/29-12:51:08.299805 7fb534bc4700                  Options.compression_opts.level: -1
2018/11/29-12:51:08.299806 7fb534bc4700               Options.compression_opts.strategy: 0
2018/11/29-12:51:08.299807 7fb534bc4700         Options.compression_opts.max_dict_bytes: 0
2018/11/29-12:51:08.299808 7fb534bc4700         Options.compression_opts.zstd_max_train_bytes: 0
2018/11/29-12:51:08.299809 7fb534bc4700      Options.level0_file_num_compaction_trigger: 2
2018/11/29-12:51:08.299810 7fb534bc4700          Options.level0_slowdown_writes_trigger: 20
2018/11/29-12:51:08.299810 7fb534bc4700              Options.level0_stop_writes_trigger: 36
2018/11/29-12:51:08.299811 7fb534bc4700                   Options.target_file_size_base: 67108864
2018/11/29-12:51:08.299812 7fb534bc4700             Options.target_file_size_multiplier: 1
2018/11/29-12:51:08.299813 7fb534bc4700                Options.max_bytes_for_level_base: 536870912
2018/11/29-12:51:08.299814 7fb534bc4700 Options.level_compaction_dynamic_level_bytes: 0
2018/11/29-12:51:08.299815 7fb534bc4700          Options.max_bytes_for_level_multiplier: 10.000000
2018/11/29-12:51:08.299818 7fb534bc4700 Options.max_bytes_for_level_multiplier_addtl[0]: 1
2018/11/29-12:51:08.299819 7fb534bc4700 Options.max_bytes_for_level_multiplier_addtl[1]: 1
2018/11/29-12:51:08.299820 7fb534bc4700 Options.max_bytes_for_level_multiplier_addtl[2]: 1
2018/11/29-12:51:08.299821 7fb534bc4700 Options.max_bytes_for_level_multiplier_addtl[3]: 1
2018/11/29-12:51:08.299822 7fb534bc4700 Options.max_bytes_for_level_multiplier_addtl[4]: 1
2018/11/29-12:51:08.299823 7fb534bc4700 Options.max_bytes_for_level_multiplier_addtl[5]: 1
2018/11/29-12:51:08.299824 7fb534bc4700 Options.max_bytes_for_level_multiplier_addtl[6]: 1
2018/11/29-12:51:08.299825 7fb534bc4700       Options.max_sequential_skip_in_iterations: 8
2018/11/29-12:51:08.299826 7fb534bc4700                    Options.max_compaction_bytes: 1677721600
2018/11/29-12:51:08.299827 7fb534bc4700                        Options.arena_block_size: 16777216
2018/11/29-12:51:08.299828 7fb534bc4700   Options.soft_pending_compaction_bytes_limit: 68719476736
2018/11/29-12:51:08.299829 7fb534bc4700   Options.hard_pending_compaction_bytes_limit: 274877906944
2018/11/29-12:51:08.299835 7fb534bc4700       Options.rate_limit_delay_max_milliseconds: 100
2018/11/29-12:51:08.299837 7fb534bc4700                Options.disable_auto_compactions: 0
2018/11/29-12:51:08.299839 7fb534bc4700                        Options.compaction_style: kCompactionStyleLevel
2018/11/29-12:51:08.299841 7fb534bc4700                          Options.compaction_pri: kByCompensatedSize
2018/11/29-12:51:08.299842 7fb534bc4700 Options.compaction_options_universal.size_ratio: 1
2018/11/29-12:51:08.299843 7fb534bc4700 Options.compaction_options_universal.min_merge_width: 2
2018/11/29-12:51:08.299844 7fb534bc4700 Options.compaction_options_universal.max_merge_width: 4294967295
2018/11/29-12:51:08.299845 7fb534bc4700 Options.compaction_options_universal.max_size_amplification_percent: 200
2018/11/29-12:51:08.299846 7fb534bc4700 Options.compaction_options_universal.compression_size_percent: -1
2018/11/29-12:51:08.299848 7fb534bc4700 Options.compaction_options_universal.stop_style: kCompactionStopStyleTotalSize
2018/11/29-12:51:08.299849 7fb534bc4700 Options.compaction_options_fifo.max_table_files_size: 1073741824
2018/11/29-12:51:08.299850 7fb534bc4700 Options.compaction_options_fifo.allow_compaction: 0
2018/11/29-12:51:08.299851 7fb534bc4700 Options.compaction_options_fifo.ttl: 0
2018/11/29-12:51:08.299852 7fb534bc4700                   Options.table_properties_collectors: 
2018/11/29-12:51:08.299853 7fb534bc4700                   Options.inplace_update_support: 0
2018/11/29-12:51:08.299854 7fb534bc4700                 Options.inplace_update_num_locks: 10000
2018/11/29-12:51:08.299855 7fb534bc4700               Options.memtable_prefix_bloom_size_ratio: 0.000000
2018/11/29-12:51:08.299857 7fb534bc4700   Options.memtable_huge_page_size: 0
2018/11/29-12:51:08.299858 7fb534bc4700                           Options.bloom_locality: 0
2018/11/29-12:51:08.299858 7fb534bc4700                    Options.max_successive_merges: 0
2018/11/29-12:51:08.299859 7fb534bc4700                Options.optimize_filters_for_hits: 0
2018/11/29-12:51:08.299860 7fb534bc4700                Options.paranoid_file_checks: 0
2018/11/29-12:51:08.299861 7fb534bc4700                Options.force_consistency_checks: 0
2018/11/29-12:51:08.299862 7fb534bc4700                Options.report_bg_io_stats: 0
2018/11/29-12:51:08.299863 7fb534bc4700                               Options.ttl: 0
2018/11/29-12:51:08.300555 7fb534bc4700 [db/version_set.cc:3361] Recovered from manifest file:/mnt/sda/ycsb-rocksdb-data/MANIFEST-000001 succeeded,manifest_file_number is 1, next_file_number is 3, last_sequence is 0, log_number is 0,prev_log_number is 0,max_column_family is 0,min_log_number_to_keep is 0
2018/11/29-12:51:08.300561 7fb534bc4700 [db/version_set.cc:3369] Column family [default] (ID 0), log number is 0
2018/11/29-12:51:08.300731 7fb534bc4700 [db/version_set.cc:2847] Creating manifest 4
2018/11/29-12:51:08.372352 7fb534bc4700 [db/column_family.cc:475] --------------- Options for column family [usertable]:
2018/11/29-12:51:08.372356 7fb534bc4700               Options.comparator: leveldb.BytewiseComparator
2018/11/29-12:51:08.372357 7fb534bc4700           Options.merge_operator: None
2018/11/29-12:51:08.372358 7fb534bc4700        Options.compaction_filter: None
2018/11/29-12:51:08.372359 7fb534bc4700        Options.compaction_filter_factory: None
2018/11/29-12:51:08.372360 7fb534bc4700         Options.memtable_factory: SkipListFactory
2018/11/29-12:51:08.372361 7fb534bc4700            Options.table_factory: BlockBasedTable
2018/11/29-12:51:08.372388 7fb534bc4700            table_factory options:   flush_block_policy_factory: FlushBlockBySizePolicyFactory (0x7fb4843785d0)
  cache_index_and_filter_blocks: 0
  cache_index_and_filter_blocks_with_high_priority: 0
  pin_l0_filter_and_index_blocks_in_cache: 0
  index_type: 0
  hash_index_allow_collision: 1
  checksum: 1
  no_block_cache: 0
  block_cache: 0x7fb484378020
  block_cache_name: LRUCache
  block_cache_options:
    capacity : 8388608
    num_shard_bits : 4
    strict_capacity_limit : 0
    high_pri_pool_ratio: 0.000
  block_cache_compressed: (nil)
  persistent_cache: (nil)
  block_size: 8192
  block_size_deviation: 10
  block_restart_interval: 16
  index_block_restart_interval: 1
  metadata_block_size: 4096
  partition_filters: 0
  use_delta_encoding: 1
  filter_policy: nullptr
  whole_key_filtering: 1
  verify_compression: 0
  read_amp_bytes_per_bit: 0
  format_version: 2
  enable_index_compression: 1
  block_align: 0
2018/11/29-12:51:08.372390 7fb534bc4700        Options.write_buffer_size: 134217728
2018/11/29-12:51:08.372392 7fb534bc4700  Options.max_write_buffer_number: 24
2018/11/29-12:51:08.372393 7fb534bc4700        Options.compression[0]: NoCompression
2018/11/29-12:51:08.372394 7fb534bc4700        Options.compression[1]: NoCompression
2018/11/29-12:51:08.372395 7fb534bc4700        Options.compression[2]: LZ4
2018/11/29-12:51:08.372396 7fb534bc4700        Options.compression[3]: LZ4
2018/11/29-12:51:08.372397 7fb534bc4700        Options.compression[4]: LZ4
2018/11/29-12:51:08.372398 7fb534bc4700        Options.compression[5]: LZ4
2018/11/29-12:51:08.372398 7fb534bc4700        Options.compression[6]: LZ4
2018/11/29-12:51:08.372399 7fb534bc4700                  Options.bottommost_compression: Disabled
2018/11/29-12:51:08.372400 7fb534bc4700       Options.prefix_extractor: nullptr
2018/11/29-12:51:08.372401 7fb534bc4700   Options.memtable_insert_with_hint_prefix_extractor: nullptr
2018/11/29-12:51:08.372402 7fb534bc4700             Options.num_levels: 7
2018/11/29-12:51:08.372403 7fb534bc4700        Options.min_write_buffer_number_to_merge: 2
2018/11/29-12:51:08.372404 7fb534bc4700     Options.max_write_buffer_number_to_maintain: 0
2018/11/29-12:51:08.372405 7fb534bc4700            Options.compression_opts.window_bits: -14
2018/11/29-12:51:08.372406 7fb534bc4700                  Options.compression_opts.level: -1
2018/11/29-12:51:08.372407 7fb534bc4700               Options.compression_opts.strategy: 0
2018/11/29-12:51:08.372408 7fb534bc4700         Options.compression_opts.max_dict_bytes: 0
2018/11/29-12:51:08.372408 7fb534bc4700         Options.compression_opts.zstd_max_train_bytes: 0
2018/11/29-12:51:08.372409 7fb534bc4700      Options.level0_file_num_compaction_trigger: 2
2018/11/29-12:51:08.372410 7fb534bc4700          Options.level0_slowdown_writes_trigger: 20
2018/11/29-12:51:08.372411 7fb534bc4700              Options.level0_stop_writes_trigger: 36
2018/11/29-12:51:08.372412 7fb534bc4700                   Options.target_file_size_base: 67108864
2018/11/29-12:51:08.372413 7fb534bc4700             Options.target_file_size_multiplier: 1
2018/11/29-12:51:08.372414 7fb534bc4700                Options.max_bytes_for_level_base: 536870912
2018/11/29-12:51:08.372415 7fb534bc4700 Options.level_compaction_dynamic_level_bytes: 0
2018/11/29-12:51:08.372416 7fb534bc4700          Options.max_bytes_for_level_multiplier: 10.000000
2018/11/29-12:51:08.372418 7fb534bc4700 Options.max_bytes_for_level_multiplier_addtl[0]: 1
2018/11/29-12:51:08.372429 7fb534bc4700 Options.max_bytes_for_level_multiplier_addtl[1]: 1
2018/11/29-12:51:08.372430 7fb534bc4700 Options.max_bytes_for_level_multiplier_addtl[2]: 1
2018/11/29-12:51:08.372431 7fb534bc4700 Options.max_bytes_for_level_multiplier_addtl[3]: 1
2018/11/29-12:51:08.372432 7fb534bc4700 Options.max_bytes_for_level_multiplier_addtl[4]: 1
2018/11/29-12:51:08.372433 7fb534bc4700 Options.max_bytes_for_level_multiplier_addtl[5]: 1
2018/11/29-12:51:08.372434 7fb534bc4700 Options.max_bytes_for_level_multiplier_addtl[6]: 1
2018/11/29-12:51:08.372435 7fb534bc4700       Options.max_sequential_skip_in_iterations: 8
2018/11/29-12:51:08.372435 7fb534bc4700                    Options.max_compaction_bytes: 1677721600
2018/11/29-12:51:08.372436 7fb534bc4700                        Options.arena_block_size: 16777216
2018/11/29-12:51:08.372437 7fb534bc4700   Options.soft_pending_compaction_bytes_limit: 68719476736
2018/11/29-12:51:08.372438 7fb534bc4700   Options.hard_pending_compaction_bytes_limit: 274877906944
2018/11/29-12:51:08.372439 7fb534bc4700       Options.rate_limit_delay_max_milliseconds: 100
2018/11/29-12:51:08.372440 7fb534bc4700                Options.disable_auto_compactions: 0
2018/11/29-12:51:08.372441 7fb534bc4700                        Options.compaction_style: kCompactionStyleLevel
2018/11/29-12:51:08.372443 7fb534bc4700                          Options.compaction_pri: kByCompensatedSize
2018/11/29-12:51:08.372444 7fb534bc4700 Options.compaction_options_universal.size_ratio: 1
2018/11/29-12:51:08.372445 7fb534bc4700 Options.compaction_options_universal.min_merge_width: 2
2018/11/29-12:51:08.372445 7fb534bc4700 Options.compaction_options_universal.max_merge_width: 4294967295
2018/11/29-12:51:08.372446 7fb534bc4700 Options.compaction_options_universal.max_size_amplification_percent: 200
2018/11/29-12:51:08.372447 7fb534bc4700 Options.compaction_options_universal.compression_size_percent: -1
2018/11/29-12:51:08.372449 7fb534bc4700 Options.compaction_options_universal.stop_style: kCompactionStopStyleTotalSize
2018/11/29-12:51:08.372450 7fb534bc4700 Options.compaction_options_fifo.max_table_files_size: 1073741824
2018/11/29-12:51:08.372451 7fb534bc4700 Options.compaction_options_fifo.allow_compaction: 0
2018/11/29-12:51:08.372451 7fb534bc4700 Options.compaction_options_fifo.ttl: 0
2018/11/29-12:51:08.372452 7fb534bc4700                   Options.table_properties_collectors: 
2018/11/29-12:51:08.372453 7fb534bc4700                   Options.inplace_update_support: 0
2018/11/29-12:51:08.372454 7fb534bc4700                 Options.inplace_update_num_locks: 10000
2018/11/29-12:51:08.372455 7fb534bc4700               Options.memtable_prefix_bloom_size_ratio: 0.000000
2018/11/29-12:51:08.372457 7fb534bc4700   Options.memtable_huge_page_size: 0
2018/11/29-12:51:08.372458 7fb534bc4700                           Options.bloom_locality: 0
2018/11/29-12:51:08.372458 7fb534bc4700                    Options.max_successive_merges: 0
2018/11/29-12:51:08.372459 7fb534bc4700                Options.optimize_filters_for_hits: 0
2018/11/29-12:51:08.372460 7fb534bc4700                Options.paranoid_file_checks: 0
2018/11/29-12:51:08.372461 7fb534bc4700                Options.force_consistency_checks: 0
2018/11/29-12:51:08.372462 7fb534bc4700                Options.report_bg_io_stats: 0
2018/11/29-12:51:08.372463 7fb534bc4700                               Options.ttl: 0
2018/11/29-12:51:08.372504 7fb534bc4700 [db/db_impl.cc:1396] Created column family [usertable] (ID 1)
2018/11/29-12:51:08.448042 7fb534bc4700 [db/db_impl_open.cc:1219] DB pointer 0x7fb4843d6fe0
2018/11/29-12:51:17.414101 7fb5347c0700 [db/db_impl_write.cc:1373] [usertable] New memtable created with log file: #9. Immutable memtables: 0.
2018/11/29-12:51:26.376403 7fb5347c0700 [db/db_impl_write.cc:1373] [usertable] New memtable created with log file: #10. Immutable memtables: 1.
2018/11/29-12:51:26.376567 7fb3b17fa700 [db/db_impl_compaction_flush.cc:80] [JOB 2] Syncing log #3
2018/11/29-12:51:26.634581 7fb3b17fa700 [db/db_impl_compaction_flush.cc:80] [JOB 2] Syncing log #9
2018/11/29-12:51:27.479656 7fb3b17fa700 (Original Log Time 2018/11/29-12:51:26.376501) [db/db_impl_compaction_flush.cc:1424] Calling FlushMemTableToOutputFile with column family [usertable], flush slots available 24, compaction slots available 1, flush slots scheduled 1, compaction slots scheduled 0
2018/11/29-12:51:27.479676 7fb3b17fa700 [db/flush_job.cc:301] [usertable] [JOB 2] Flushing memtable with next log file: 9
2018/11/29-12:51:27.479688 7fb3b17fa700 [db/flush_job.cc:301] [usertable] [JOB 2] Flushing memtable with next log file: 10
2018/11/29-12:51:27.479734 7fb3b17fa700 EVENT_LOG_v1 {"time_micros": 1543524687479718, "job": 2, "event": "flush_started", "num_memtables": 2, "num_entries": 62745, "num_deletes": 0, "memory_usage": 260130840, "flush_reason": "Write Buffer Full"}
2018/11/29-12:51:27.479744 7fb3b17fa700 [db/flush_job.cc:331] [usertable] [JOB 2] Level-0 flush table #11: started
2018/11/29-12:51:29.889154 7fb3b17fa700 EVENT_LOG_v1 {"time_micros": 1543524689889129, "cf_name": "usertable", "job": 2, "event": "table_file_creation", "file_number": 11, "file_size": 259852144, "table_properties": {"data_size": 258697649, "index_size": 1153568, "filter_size": 0, "raw_key_size": 1505880, "raw_average_key_size": 24, "raw_value_size": 257003520, "raw_average_value_size": 4096, "num_data_blocks": 31373, "num_entries": 62745, "filter_policy_name": "", "kDeletedKeys": "0", "kMergeOperands": "0"}}
2018/11/29-12:51:29.889185 7fb3b17fa700 [db/flush_job.cc:371] [usertable] [JOB 2] Level-0 flush table #11: 259852144 bytes OK
2018/11/29-12:51:30.006797 7fb3b17fa700 (Original Log Time 2018/11/29-12:51:29.889212) [db/memtable_list.cc:377] [usertable] Level-0 commit table #11 started
2018/11/29-12:51:30.006800 7fb3b17fa700 (Original Log Time 2018/11/29-12:51:30.006722) [db/memtable_list.cc:409] [usertable] Level-0 commit table #11: memtable #1 done
2018/11/29-12:51:30.006801 7fb3b17fa700 (Original Log Time 2018/11/29-12:51:30.006730) [db/memtable_list.cc:409] [usertable] Level-0 commit table #11: memtable #2 done
2018/11/29-12:51:30.006803 7fb3b17fa700 (Original Log Time 2018/11/29-12:51:30.006747) EVENT_LOG_v1 {"time_micros": 1543524690006739, "job": 2, "event": "flush_finished", "output_compression": "NoCompression", "lsm_state": [1, 0, 0, 0, 0, 0, 0], "immutable_memtables": 0}
2018/11/29-12:51:30.006804 7fb3b17fa700 (Original Log Time 2018/11/29-12:51:30.006773) [db/db_impl_compaction_flush.cc:177] [usertable] Level summary: base level 1 max bytes base 536870912 files[1 0 0 0 0 0 0] max score 0.50
2018/11/29-12:51:30.006815 7fb3b17fa700 [db/db_impl_files.cc:347] [JOB 2] Try to delete WAL files size 259051905, prev total WAL file size 311520249, number of live WAL files 3.
2018/11/29-12:51:35.340342 7fb5348c1700 [db/db_impl_write.cc:1373] [usertable] New memtable created with log file: #12. Immutable memtables: 0.
2018/11/29-12:51:44.235115 7fb5344bd700 [db/db_impl_write.cc:1373] [usertable] New memtable created with log file: #13. Immutable memtables: 1.
2018/11/29-12:51:44.235236 7fb42a7fc700 [db/db_impl_compaction_flush.cc:80] [JOB 3] Syncing log #10
2018/11/29-12:51:44.756426 7fb42a7fc700 [db/db_impl_compaction_flush.cc:80] [JOB 3] Syncing log #12
2018/11/29-12:51:46.118892 7fb42a7fc700 (Original Log Time 2018/11/29-12:51:44.235208) [db/db_impl_compaction_flush.cc:1424] Calling FlushMemTableToOutputFile with column family [usertable], flush slots available 24, compaction slots available 1, flush slots scheduled 1, compaction slots scheduled 0
2018/11/29-12:51:46.118907 7fb42a7fc700 [db/flush_job.cc:301] [usertable] [JOB 3] Flushing memtable with next log file: 12
2018/11/29-12:51:46.118915 7fb42a7fc700 [db/flush_job.cc:301] [usertable] [JOB 3] Flushing memtable with next log file: 13
2018/11/29-12:51:46.118962 7fb42a7fc700 EVENT_LOG_v1 {"time_micros": 1543524706118950, "job": 3, "event": "flush_started", "num_memtables": 2, "num_entries": 62507, "num_deletes": 0, "memory_usage": 260072568, "flush_reason": "Write Buffer Full"}
2018/11/29-12:51:46.118970 7fb42a7fc700 [db/flush_job.cc:331] [usertable] [JOB 3] Level-0 flush table #14: started
2018/11/29-12:51:48.242319 7fb42a7fc700 EVENT_LOG_v1 {"time_micros": 1543524708242295, "cf_name": "usertable", "job": 3, "event": "table_file_creation", "file_number": 14, "file_size": 258880382, "table_properties": {"data_size": 257723321, "index_size": 1156134, "filter_size": 0, "raw_key_size": 1500168, "raw_average_key_size": 24, "raw_value_size": 256028672, "raw_average_value_size": 4096, "num_data_blocks": 31254, "num_entries": 62507, "filter_policy_name": "", "kDeletedKeys": "0", "kMergeOperands": "0"}}
2018/11/29-12:51:48.242340 7fb42a7fc700 [db/flush_job.cc:371] [usertable] [JOB 3] Level-0 flush table #14: 258880382 bytes OK
2018/11/29-12:51:48.320790 7fb42a7fc700 (Original Log Time 2018/11/29-12:51:48.242357) [db/memtable_list.cc:377] [usertable] Level-0 commit table #14 started
2018/11/29-12:51:48.320793 7fb42a7fc700 (Original Log Time 2018/11/29-12:51:48.320702) [db/memtable_list.cc:409] [usertable] Level-0 commit table #14: memtable #1 done
2018/11/29-12:51:48.320795 7fb42a7fc700 (Original Log Time 2018/11/29-12:51:48.320705) [db/memtable_list.cc:409] [usertable] Level-0 commit table #14: memtable #2 done
2018/11/29-12:51:48.320796 7fb42a7fc700 (Original Log Time 2018/11/29-12:51:48.320718) EVENT_LOG_v1 {"time_micros": 1543524708320712, "job": 3, "event": "flush_finished", "output_compression": "NoCompression", "lsm_state": [2, 0, 0, 0, 0, 0, 0], "immutable_memtables": 0}
2018/11/29-12:51:48.320798 7fb42a7fc700 (Original Log Time 2018/11/29-12:51:48.320770) [db/db_impl_compaction_flush.cc:177] [usertable] Level summary: base level 1 max bytes base 536870912 files[2 0 0 0 0 0 0] max score 1.00
2018/11/29-12:51:48.320809 7fb42a7fc700 [db/db_impl_files.cc:347] [JOB 3] Try to delete WAL files size 258072635, prev total WAL file size 317108166, number of live WAL files 3.
2018/11/29-12:51:48.321019 7fb42affd700 [WARN] [db/db_impl.cc:491] ------- DUMPING STATS -------
2018/11/29-12:51:48.322296 7fb42affd700 [WARN] [db/db_impl.cc:492] 
** DB Stats **
Uptime(secs): 40.0 total, 40.0 interval
Cumulative writes: 139K writes, 139K keys, 135K commit groups, 1.0 writes per commit group, ingest: 0.54 GB, 13.73 MB/s
Cumulative WAL: 139K writes, 0 syncs, 139551.00 writes per sync, written: 0.54 GB, 13.73 MB/s
Cumulative stall: 00:00:0.000 H:M:S, 0.0 percent
Interval writes: 139K writes, 139K keys, 135K commit groups, 1.0 writes per commit group, ingest: 549.47 MB, 13.73 MB/s
Interval WAL: 139K writes, 0 syncs, 139551.00 writes per sync, written: 0.54 MB, 13.73 MB/s
Interval stall: 00:00:0.000 H:M:S, 0.0 percent

** Compaction Stats [default] **
Level    Files   Size     Score Read(GB)  Rn(GB) Rnp1(GB) Write(GB) Wnew(GB) Moved(GB) W-Amp Rd(MB/s) Wr(MB/s) Comp(sec) Comp(cnt) Avg(sec) KeyIn KeyDrop
----------------------------------------------------------------------------------------------------------------------------------------------------------
 Sum      0/0    0.00 KB   0.0      0.0     0.0      0.0       0.0      0.0       0.0   0.0      0.0      0.0         0         0    0.000       0      0
 Int      0/0    0.00 KB   0.0      0.0     0.0      0.0       0.0      0.0       0.0   0.0      0.0      0.0         0         0    0.000       0      0
Uptime(secs): 40.0 total, 40.0 interval
Flush(GB): cumulative 0.000, interval 0.000
AddFile(GB): cumulative 0.000, interval 0.000
AddFile(Total Files): cumulative 0, interval 0
AddFile(L0 Files): cumulative 0, interval 0
AddFile(Keys): cumulative 0, interval 0
Cumulative compaction: 0.00 GB write, 0.00 MB/s write, 0.00 GB read, 0.00 MB/s read, 0.0 seconds
Interval compaction: 0.00 GB write, 0.00 MB/s write, 0.00 GB read, 0.00 MB/s read, 0.0 seconds
Stalls(count): 0 level0_slowdown, 0 level0_slowdown_with_compaction, 0 level0_numfiles, 0 level0_numfiles_with_compaction, 0 stop for pending_compaction_bytes, 0 slowdown for pending_compaction_bytes, 0 memtable_compaction, 0 memtable_slowdown, interval 0 total count

** File Read Latency Histogram By Level [default] **

** Compaction Stats [usertable] **
Level    Files   Size     Score Read(GB)  Rn(GB) Rnp1(GB) Write(GB) Wnew(GB) Moved(GB) W-Amp Rd(MB/s) Wr(MB/s) Comp(sec) Comp(cnt) Avg(sec) KeyIn KeyDrop
----------------------------------------------------------------------------------------------------------------------------------------------------------
  L0      2/0   494.70 MB   1.0      0.0     0.0      0.0       0.5      0.5       0.0   1.0      0.0    109.1         5         2    2.267       0      0
 Sum      2/0   494.70 MB   0.0      0.0     0.0      0.0       0.5      0.5       0.0   1.0      0.0    109.1         5         2    2.267       0      0
 Int      0/0    0.00 KB   0.0      0.0     0.0      0.0       0.5      0.5       0.0   1.0      0.0    109.1         5         2    2.267       0      0
Uptime(secs): 39.9 total, 39.9 interval
Flush(GB): cumulative 0.483, interval 0.483
AddFile(GB): cumulative 0.000, interval 0.000
AddFile(Total Files): cumulative 0, interval 0
AddFile(L0 Files): cumulative 0, interval 0
AddFile(Keys): cumulative 0, interval 0
Cumulative compaction: 0.48 GB write, 12.38 MB/s write, 0.00 GB read, 0.00 MB/s read, 4.5 seconds
Interval compaction: 0.48 GB write, 12.38 MB/s write, 0.00 GB read, 0.00 MB/s read, 4.5 seconds
Stalls(count): 0 level0_slowdown, 0 level0_slowdown_with_compaction, 0 level0_numfiles, 0 level0_numfiles_with_compaction, 0 stop for pending_compaction_bytes, 0 slowdown for pending_compaction_bytes, 0 memtable_compaction, 0 memtable_slowdown, interval 0 total count

** File Read Latency Histogram By Level [usertable] **

** Compaction Stats [default] **
Level    Files   Size     Score Read(GB)  Rn(GB) Rnp1(GB) Write(GB) Wnew(GB) Moved(GB) W-Amp Rd(MB/s) Wr(MB/s) Comp(sec) Comp(cnt) Avg(sec) KeyIn KeyDrop
----------------------------------------------------------------------------------------------------------------------------------------------------------
 Sum      0/0    0.00 KB   0.0      0.0     0.0      0.0       0.0      0.0       0.0   0.0      0.0      0.0         0         0    0.000       0      0
 Int      0/0    0.00 KB   0.0      0.0     0.0      0.0       0.0      0.0       0.0   0.0      0.0      0.0         0         0    0.000       0      0
Uptime(secs): 40.0 total, 0.0 interval
Flush(GB): cumulative 0.000, interval 0.000
AddFile(GB): cumulative 0.000, interval 0.000
AddFile(Total Files): cumulative 0, interval 0
AddFile(L0 Files): cumulative 0, interval 0
AddFile(Keys): cumulative 0, interval 0
Cumulative compaction: 0.00 GB write, 0.00 MB/s write, 0.00 GB read, 0.00 MB/s read, 0.0 seconds
Interval compaction: 0.00 GB write, 0.00 MB/s write, 0.00 GB read, 0.00 MB/s read, 0.0 seconds
Stalls(count): 0 level0_slowdown, 0 level0_slowdown_with_compaction, 0 level0_numfiles, 0 level0_numfiles_with_compaction, 0 stop for pending_compaction_bytes, 0 slowdown for pending_compaction_bytes, 0 memtable_compaction, 0 memtable_slowdown, interval 0 total count

** File Read Latency Histogram By Level [default] **

** Compaction Stats [usertable] **
Level    Files   Size     Score Read(GB)  Rn(GB) Rnp1(GB) Write(GB) Wnew(GB) Moved(GB) W-Amp Rd(MB/s) Wr(MB/s) Comp(sec) Comp(cnt) Avg(sec) KeyIn KeyDrop
----------------------------------------------------------------------------------------------------------------------------------------------------------
  L0      2/0   494.70 MB   1.0      0.0     0.0      0.0       0.5      0.5       0.0   1.0      0.0    109.1         5         2    2.267       0      0
 Sum      2/0   494.70 MB   0.0      0.0     0.0      0.0       0.5      0.5       0.0   1.0      0.0    109.1         5         2    2.267       0      0
 Int      0/0    0.00 KB   0.0      0.0     0.0      0.0       0.0      0.0       0.0   0.0      0.0      0.0         0         0    0.000       0      0
Uptime(secs): 39.9 total, 0.0 interval
Flush(GB): cumulative 0.483, interval 0.000
AddFile(GB): cumulative 0.000, interval 0.000
AddFile(Total Files): cumulative 0, interval 0
AddFile(L0 Files): cumulative 0, interval 0
AddFile(Keys): cumulative 0, interval 0
Cumulative compaction: 0.48 GB write, 12.38 MB/s write, 0.00 GB read, 0.00 MB/s read, 4.5 seconds
Interval compaction: 0.00 GB write, 0.00 MB/s write, 0.00 GB read, 0.00 MB/s read, 0.0 seconds
Stalls(count): 0 level0_slowdown, 0 level0_slowdown_with_compaction, 0 level0_numfiles, 0 level0_numfiles_with_compaction, 0 stop for pending_compaction_bytes, 0 slowdown for pending_compaction_bytes, 0 memtable_compaction, 0 memtable_slowdown, interval 0 total count

** File Read Latency Histogram By Level [usertable] **
2018/11/29-12:51:48.436904 7fb42affd700 (Original Log Time 2018/11/29-12:51:48.324891) [db/db_impl_compaction_flush.cc:1835] [usertable] Moving #11 to level-1 259852144 bytes
2018/11/29-12:51:48.436908 7fb42affd700 (Original Log Time 2018/11/29-12:51:48.436850) EVENT_LOG_v1 {"time_micros": 1543524708436836, "job": 4, "event": "trivial_move", "destination_level": 1, "files": 1, "total_files_size": 259852144}
2018/11/29-12:51:48.436910 7fb42affd700 (Original Log Time 2018/11/29-12:51:48.436866) [db/db_impl_compaction_flush.cc:1864] [usertable] Moved #1 files to level-1 259852144 bytes OK: base level 1 max bytes base 536870912 files[1 1 0 0 0 0 0] max score 0.50
2018/11/29-12:51:53.197418 7fb5344bd700 [db/db_impl_write.cc:1373] [usertable] New memtable created with log file: #15. Immutable memtables: 0.
2018/11/29-12:52:02.159764 7fb5344bd700 [db/db_impl_write.cc:1373] [usertable] New memtable created with log file: #16. Immutable memtables: 1.
2018/11/29-12:52:02.159954 7fb429ffb700 [db/db_impl_compaction_flush.cc:80] [JOB 5] Syncing log #13
2018/11/29-12:52:02.678338 7fb429ffb700 [db/db_impl_compaction_flush.cc:80] [JOB 5] Syncing log #15
2018/11/29-12:52:03.185718 7fb429ffb700 (Original Log Time 2018/11/29-12:52:02.159921) [db/db_impl_compaction_flush.cc:1424] Calling FlushMemTableToOutputFile with column family [usertable], flush slots available 24, compaction slots available 1, flush slots scheduled 1, compaction slots scheduled 0
2018/11/29-12:52:03.185743 7fb429ffb700 [db/flush_job.cc:301] [usertable] [JOB 5] Flushing memtable with next log file: 15
2018/11/29-12:52:03.185749 7fb429ffb700 [db/flush_job.cc:301] [usertable] [JOB 5] Flushing memtable with next log file: 16
2018/11/29-12:52:03.185775 7fb429ffb700 EVENT_LOG_v1 {"time_micros": 1543524723185767, "job": 5, "event": "flush_started", "num_memtables": 2, "num_entries": 62736, "num_deletes": 0, "memory_usage": 260055072, "flush_reason": "Write Buffer Full"}
2018/11/29-12:52:03.185781 7fb429ffb700 [db/flush_job.cc:331] [usertable] [JOB 5] Level-0 flush table #17: started
2018/11/29-12:52:05.023985 7fb429ffb700 EVENT_LOG_v1 {"time_micros": 1543524725023958, "cf_name": "usertable", "job": 5, "event": "table_file_creation", "file_number": 17, "file_size": 259814839, "table_properties": {"data_size": 258660528, "index_size": 1153384, "filter_size": 0, "raw_key_size": 1505664, "raw_average_key_size": 24, "raw_value_size": 256966656, "raw_average_value_size": 4096, "num_data_blocks": 31368, "num_entries": 62736, "filter_policy_name": "", "kDeletedKeys": "0", "kMergeOperands": "0"}}
2018/11/29-12:52:05.024009 7fb429ffb700 [db/flush_job.cc:371] [usertable] [JOB 5] Level-0 flush table #17: 259814839 bytes OK
2018/11/29-12:52:05.081404 7fb429ffb700 (Original Log Time 2018/11/29-12:52:05.024027) [db/memtable_list.cc:377] [usertable] Level-0 commit table #17 started
2018/11/29-12:52:05.081408 7fb429ffb700 (Original Log Time 2018/11/29-12:52:05.081324) [db/memtable_list.cc:409] [usertable] Level-0 commit table #17: memtable #1 done
2018/11/29-12:52:05.081409 7fb429ffb700 (Original Log Time 2018/11/29-12:52:05.081327) [db/memtable_list.cc:409] [usertable] Level-0 commit table #17: memtable #2 done
2018/11/29-12:52:05.081411 7fb429ffb700 (Original Log Time 2018/11/29-12:52:05.081342) EVENT_LOG_v1 {"time_micros": 1543524725081335, "job": 5, "event": "flush_finished", "output_compression": "NoCompression", "lsm_state": [2, 1, 0, 0, 0, 0, 0], "immutable_memtables": 0}
2018/11/29-12:52:05.081413 7fb429ffb700 (Original Log Time 2018/11/29-12:52:05.081379) [db/db_impl_compaction_flush.cc:177] [usertable] Level summary: base level 1 max bytes base 536870912 files[2 1 0 0 0 0 0] max score 1.00
