2019/03/22-10:07:59.507100 7f9c044dd700 RocksDB version: 5.14.3
2019/03/22-10:07:59.507199 7f9c044dd700 Git sha rocksdb_build_git_sha:
2019/03/22-10:07:59.507204 7f9c044dd700 Compile date Oct  9 2018
2019/03/22-10:07:59.507218 7f9c044dd700 DB SUMMARY
2019/03/22-10:07:59.507988 7f9c044dd700 CURRENT file:  CURRENT
2019/03/22-10:07:59.507992 7f9c044dd700 IDENTITY file:  IDENTITY
2019/03/22-10:07:59.508003 7f9c044dd700 MANIFEST file:  MANIFEST-000004 size: 132266 Bytes
2019/03/22-10:07:59.508007 7f9c044dd700 SST files in /mnt/sda/ycsb-rocksdb-data dir, Total Num: 733, files: 000022.sst 000024.sst 000025.sst 000026.sst 000027.sst 000028.sst 000029.sst 000030.sst 000031.sst 
2019/03/22-10:07:59.508012 7f9c044dd700 Write Ahead Log file in /mnt/sda/ycsb-rocksdb-data: 001365.log size: 105037273 ; 001371.log size: 35119104 ; 
2019/03/22-10:07:59.508039 7f9c044dd700                         Options.error_if_exists: 0
2019/03/22-10:07:59.508041 7f9c044dd700                       Options.create_if_missing: 1
2019/03/22-10:07:59.508042 7f9c044dd700                         Options.paranoid_checks: 1
2019/03/22-10:07:59.508043 7f9c044dd700                                     Options.env: 0x7f9b6bffb080
2019/03/22-10:07:59.508044 7f9c044dd700                                Options.info_log: 0x7f9b703d9fc0
2019/03/22-10:07:59.508045 7f9c044dd700                Options.max_file_opening_threads: 16
2019/03/22-10:07:59.508046 7f9c044dd700                              Options.statistics: (nil)
2019/03/22-10:07:59.508047 7f9c044dd700                               Options.use_fsync: 0
2019/03/22-10:07:59.508048 7f9c044dd700                       Options.max_log_file_size: 0
2019/03/22-10:07:59.508048 7f9c044dd700                  Options.max_manifest_file_size: 18446744073709551615
2019/03/22-10:07:59.508049 7f9c044dd700                   Options.log_file_time_to_roll: 0
2019/03/22-10:07:59.508050 7f9c044dd700                       Options.keep_log_file_num: 1000
2019/03/22-10:07:59.508051 7f9c044dd700                    Options.recycle_log_file_num: 0
2019/03/22-10:07:59.508052 7f9c044dd700                         Options.allow_fallocate: 1
2019/03/22-10:07:59.508053 7f9c044dd700                        Options.allow_mmap_reads: 0
2019/03/22-10:07:59.508054 7f9c044dd700                       Options.allow_mmap_writes: 0
2019/03/22-10:07:59.508055 7f9c044dd700                        Options.use_direct_reads: 0
2019/03/22-10:07:59.508055 7f9c044dd700                        Options.use_direct_io_for_flush_and_compaction: 0
2019/03/22-10:07:59.508057 7f9c044dd700          Options.create_missing_column_families: 1
2019/03/22-10:07:59.508057 7f9c044dd700                              Options.db_log_dir: 
2019/03/22-10:07:59.508058 7f9c044dd700                                 Options.wal_dir: /mnt/sda/ycsb-rocksdb-data
2019/03/22-10:07:59.508059 7f9c044dd700                Options.table_cache_numshardbits: 6
2019/03/22-10:07:59.508060 7f9c044dd700                      Options.max_subcompactions: 4
2019/03/22-10:07:59.508061 7f9c044dd700                  Options.max_background_flushes: 24
2019/03/22-10:07:59.508062 7f9c044dd700                         Options.WAL_ttl_seconds: 0
2019/03/22-10:07:59.508063 7f9c044dd700                       Options.WAL_size_limit_MB: 0
2019/03/22-10:07:59.508064 7f9c044dd700             Options.manifest_preallocation_size: 4194304
2019/03/22-10:07:59.508065 7f9c044dd700                     Options.is_fd_close_on_exec: 1
2019/03/22-10:07:59.508065 7f9c044dd700                   Options.advise_random_on_open: 1
2019/03/22-10:07:59.508066 7f9c044dd700                    Options.db_write_buffer_size: 0
2019/03/22-10:07:59.508067 7f9c044dd700                    Options.write_buffer_manager: 0x7f9b703da250
2019/03/22-10:07:59.508068 7f9c044dd700         Options.access_hint_on_compaction_start: 1
2019/03/22-10:07:59.508069 7f9c044dd700  Options.new_table_reader_for_compaction_inputs: 0
2019/03/22-10:07:59.508070 7f9c044dd700           Options.random_access_max_buffer_size: 1048576
2019/03/22-10:07:59.508070 7f9c044dd700                      Options.use_adaptive_mutex: 0
2019/03/22-10:07:59.508071 7f9c044dd700                            Options.rate_limiter: (nil)
2019/03/22-10:07:59.508086 7f9c044dd700     Options.sst_file_manager.rate_bytes_per_sec: 0
2019/03/22-10:07:59.508088 7f9c044dd700                       Options.wal_recovery_mode: 2
2019/03/22-10:07:59.508089 7f9c044dd700                  Options.enable_thread_tracking: 0
2019/03/22-10:07:59.508089 7f9c044dd700                  Options.enable_pipelined_write: 1
2019/03/22-10:07:59.508090 7f9c044dd700         Options.allow_concurrent_memtable_write: 1
2019/03/22-10:07:59.508091 7f9c044dd700      Options.enable_write_thread_adaptive_yield: 1
2019/03/22-10:07:59.508092 7f9c044dd700             Options.write_thread_max_yield_usec: 100
2019/03/22-10:07:59.508101 7f9c044dd700            Options.write_thread_slow_yield_usec: 3
2019/03/22-10:07:59.508102 7f9c044dd700                               Options.row_cache: None
2019/03/22-10:07:59.508102 7f9c044dd700                              Options.wal_filter: None
2019/03/22-10:07:59.508104 7f9c044dd700             Options.avoid_flush_during_recovery: 0
2019/03/22-10:07:59.508104 7f9c044dd700             Options.allow_ingest_behind: 0
2019/03/22-10:07:59.508105 7f9c044dd700             Options.preserve_deletes: 0
2019/03/22-10:07:59.508106 7f9c044dd700             Options.two_write_queues: 0
2019/03/22-10:07:59.508107 7f9c044dd700             Options.manual_wal_flush: 0
2019/03/22-10:07:59.508109 7f9c044dd700             Options.max_background_jobs: 24
2019/03/22-10:07:59.508110 7f9c044dd700             Options.max_background_compactions: 24
2019/03/22-10:07:59.508111 7f9c044dd700             Options.avoid_flush_during_shutdown: 0
2019/03/22-10:07:59.508112 7f9c044dd700           Options.writable_file_max_buffer_size: 1048576
2019/03/22-10:07:59.508113 7f9c044dd700             Options.delayed_write_rate : 16777216
2019/03/22-10:07:59.508114 7f9c044dd700             Options.max_total_wal_size: 0
2019/03/22-10:07:59.508115 7f9c044dd700             Options.delete_obsolete_files_period_micros: 21600000000
2019/03/22-10:07:59.508116 7f9c044dd700                   Options.stats_dump_period_sec: 60
2019/03/22-10:07:59.508117 7f9c044dd700                          Options.max_open_files: -1
2019/03/22-10:07:59.508118 7f9c044dd700                          Options.bytes_per_sync: 1048576
2019/03/22-10:07:59.508119 7f9c044dd700                      Options.wal_bytes_per_sync: 0
2019/03/22-10:07:59.508120 7f9c044dd700       Options.compaction_readahead_size: 0
2019/03/22-10:07:59.508121 7f9c044dd700 Compression algorithms supported:
2019/03/22-10:07:59.508123 7f9c044dd700 	kZSTDNotFinalCompression supported: 1
2019/03/22-10:07:59.508131 7f9c044dd700 	kZSTD supported: 1
2019/03/22-10:07:59.508133 7f9c044dd700 	kXpressCompression supported: 0
2019/03/22-10:07:59.508140 7f9c044dd700 	kLZ4HCCompression supported: 1
2019/03/22-10:07:59.508141 7f9c044dd700 	kLZ4Compression supported: 1
2019/03/22-10:07:59.508142 7f9c044dd700 	kBZip2Compression supported: 1
2019/03/22-10:07:59.508143 7f9c044dd700 	kZlibCompression supported: 1
2019/03/22-10:07:59.508144 7f9c044dd700 	kSnappyCompression supported: 1
2019/03/22-10:07:59.508149 7f9c044dd700 Fast CRC32 supported: Not supported on x86
2019/03/22-10:07:59.508606 7f9c044dd700 [db/version_set.cc:3085] Recovering from manifest file: MANIFEST-000004
2019/03/22-10:07:59.508715 7f9c044dd700 [db/column_family.cc:475] --------------- Options for column family [default]:
2019/03/22-10:07:59.508720 7f9c044dd700               Options.comparator: leveldb.BytewiseComparator
2019/03/22-10:07:59.508721 7f9c044dd700           Options.merge_operator: None
2019/03/22-10:07:59.508722 7f9c044dd700        Options.compaction_filter: None
2019/03/22-10:07:59.508723 7f9c044dd700        Options.compaction_filter_factory: None
2019/03/22-10:07:59.508724 7f9c044dd700         Options.memtable_factory: SkipListFactory
2019/03/22-10:07:59.508725 7f9c044dd700            Options.table_factory: BlockBasedTable
2019/03/22-10:07:59.508753 7f9c044dd700            table_factory options:   flush_block_policy_factory: FlushBlockBySizePolicyFactory (0x7f9b703d4490)
  cache_index_and_filter_blocks: 0
  cache_index_and_filter_blocks_with_high_priority: 0
  pin_l0_filter_and_index_blocks_in_cache: 0
  index_type: 0
  hash_index_allow_collision: 1
  checksum: 1
  no_block_cache: 0
  block_cache: 0x7f9b703c6370
  block_cache_name: LRUCache
  block_cache_options:
    capacity : 8388608
    num_shard_bits : 4
    strict_capacity_limit : 0
    high_pri_pool_ratio: 0.000
  block_cache_compressed: (nil)
  persistent_cache: (nil)
  block_size: 8192
  block_size_deviation: 10
  block_restart_interval: 16
  index_block_restart_interval: 1
  metadata_block_size: 4096
  partition_filters: 0
  use_delta_encoding: 1
  filter_policy: nullptr
  whole_key_filtering: 1
  verify_compression: 0
  read_amp_bytes_per_bit: 0
  format_version: 2
  enable_index_compression: 1
  block_align: 0
2019/03/22-10:07:59.508768 7f9c044dd700        Options.write_buffer_size: 134217728
2019/03/22-10:07:59.508770 7f9c044dd700  Options.max_write_buffer_number: 24
2019/03/22-10:07:59.508771 7f9c044dd700        Options.compression[0]: NoCompression
2019/03/22-10:07:59.508772 7f9c044dd700        Options.compression[1]: NoCompression
2019/03/22-10:07:59.508774 7f9c044dd700        Options.compression[2]: LZ4
2019/03/22-10:07:59.508775 7f9c044dd700        Options.compression[3]: LZ4
2019/03/22-10:07:59.508776 7f9c044dd700        Options.compression[4]: LZ4
2019/03/22-10:07:59.508777 7f9c044dd700        Options.compression[5]: LZ4
2019/03/22-10:07:59.508778 7f9c044dd700        Options.compression[6]: LZ4
2019/03/22-10:07:59.508778 7f9c044dd700                  Options.bottommost_compression: Disabled
2019/03/22-10:07:59.508779 7f9c044dd700       Options.prefix_extractor: nullptr
2019/03/22-10:07:59.508780 7f9c044dd700   Options.memtable_insert_with_hint_prefix_extractor: nullptr
2019/03/22-10:07:59.508781 7f9c044dd700             Options.num_levels: 7
2019/03/22-10:07:59.508782 7f9c044dd700        Options.min_write_buffer_number_to_merge: 2
2019/03/22-10:07:59.508783 7f9c044dd700     Options.max_write_buffer_number_to_maintain: 0
2019/03/22-10:07:59.508784 7f9c044dd700            Options.compression_opts.window_bits: -14
2019/03/22-10:07:59.508785 7f9c044dd700                  Options.compression_opts.level: -1
2019/03/22-10:07:59.508786 7f9c044dd700               Options.compression_opts.strategy: 0
2019/03/22-10:07:59.508787 7f9c044dd700         Options.compression_opts.max_dict_bytes: 0
2019/03/22-10:07:59.508788 7f9c044dd700         Options.compression_opts.zstd_max_train_bytes: 0
2019/03/22-10:07:59.508789 7f9c044dd700      Options.level0_file_num_compaction_trigger: 2
2019/03/22-10:07:59.508790 7f9c044dd700          Options.level0_slowdown_writes_trigger: 20
2019/03/22-10:07:59.508790 7f9c044dd700              Options.level0_stop_writes_trigger: 36
2019/03/22-10:07:59.508791 7f9c044dd700                   Options.target_file_size_base: 67108864
2019/03/22-10:07:59.508792 7f9c044dd700             Options.target_file_size_multiplier: 1
2019/03/22-10:07:59.508793 7f9c044dd700                Options.max_bytes_for_level_base: 536870912
2019/03/22-10:07:59.508794 7f9c044dd700 Options.level_compaction_dynamic_level_bytes: 0
2019/03/22-10:07:59.508795 7f9c044dd700          Options.max_bytes_for_level_multiplier: 10.000000
2019/03/22-10:07:59.508798 7f9c044dd700 Options.max_bytes_for_level_multiplier_addtl[0]: 1
2019/03/22-10:07:59.508799 7f9c044dd700 Options.max_bytes_for_level_multiplier_addtl[1]: 1
2019/03/22-10:07:59.508800 7f9c044dd700 Options.max_bytes_for_level_multiplier_addtl[2]: 1
2019/03/22-10:07:59.508801 7f9c044dd700 Options.max_bytes_for_level_multiplier_addtl[3]: 1
2019/03/22-10:07:59.508802 7f9c044dd700 Options.max_bytes_for_level_multiplier_addtl[4]: 1
2019/03/22-10:07:59.508803 7f9c044dd700 Options.max_bytes_for_level_multiplier_addtl[5]: 1
2019/03/22-10:07:59.508803 7f9c044dd700 Options.max_bytes_for_level_multiplier_addtl[6]: 1
2019/03/22-10:07:59.508804 7f9c044dd700       Options.max_sequential_skip_in_iterations: 8
2019/03/22-10:07:59.508805 7f9c044dd700                    Options.max_compaction_bytes: 1677721600
2019/03/22-10:07:59.508814 7f9c044dd700                        Options.arena_block_size: 16777216
2019/03/22-10:07:59.508815 7f9c044dd700   Options.soft_pending_compaction_bytes_limit: 68719476736
2019/03/22-10:07:59.508816 7f9c044dd700   Options.hard_pending_compaction_bytes_limit: 274877906944
2019/03/22-10:07:59.508817 7f9c044dd700       Options.rate_limit_delay_max_milliseconds: 100
2019/03/22-10:07:59.508818 7f9c044dd700                Options.disable_auto_compactions: 0
2019/03/22-10:07:59.508820 7f9c044dd700                        Options.compaction_style: kCompactionStyleLevel
2019/03/22-10:07:59.508821 7f9c044dd700                          Options.compaction_pri: kByCompensatedSize
2019/03/22-10:07:59.508822 7f9c044dd700 Options.compaction_options_universal.size_ratio: 1
2019/03/22-10:07:59.508823 7f9c044dd700 Options.compaction_options_universal.min_merge_width: 2
2019/03/22-10:07:59.508824 7f9c044dd700 Options.compaction_options_universal.max_merge_width: 4294967295
2019/03/22-10:07:59.508825 7f9c044dd700 Options.compaction_options_universal.max_size_amplification_percent: 200
2019/03/22-10:07:59.508826 7f9c044dd700 Options.compaction_options_universal.compression_size_percent: -1
2019/03/22-10:07:59.508827 7f9c044dd700 Options.compaction_options_universal.stop_style: kCompactionStopStyleTotalSize
2019/03/22-10:07:59.508828 7f9c044dd700 Options.compaction_options_fifo.max_table_files_size: 1073741824
2019/03/22-10:07:59.508829 7f9c044dd700 Options.compaction_options_fifo.allow_compaction: 0
2019/03/22-10:07:59.508830 7f9c044dd700 Options.compaction_options_fifo.ttl: 0
2019/03/22-10:07:59.508831 7f9c044dd700                   Options.table_properties_collectors: 
2019/03/22-10:07:59.508832 7f9c044dd700                   Options.inplace_update_support: 0
2019/03/22-10:07:59.508833 7f9c044dd700                 Options.inplace_update_num_locks: 10000
2019/03/22-10:07:59.508833 7f9c044dd700               Options.memtable_prefix_bloom_size_ratio: 0.000000
2019/03/22-10:07:59.508835 7f9c044dd700   Options.memtable_huge_page_size: 0
2019/03/22-10:07:59.508836 7f9c044dd700                           Options.bloom_locality: 0
2019/03/22-10:07:59.508837 7f9c044dd700                    Options.max_successive_merges: 0
2019/03/22-10:07:59.508838 7f9c044dd700                Options.optimize_filters_for_hits: 0
2019/03/22-10:07:59.508838 7f9c044dd700                Options.paranoid_file_checks: 0
2019/03/22-10:07:59.508839 7f9c044dd700                Options.force_consistency_checks: 0
2019/03/22-10:07:59.508840 7f9c044dd700                Options.report_bg_io_stats: 0
2019/03/22-10:07:59.508841 7f9c044dd700                               Options.ttl: 0
2019/03/22-10:07:59.509311 7f9c044dd700 [db/column_family.cc:475] --------------- Options for column family [usertable]:
2019/03/22-10:07:59.509315 7f9c044dd700               Options.comparator: leveldb.BytewiseComparator
2019/03/22-10:07:59.509316 7f9c044dd700           Options.merge_operator: None
2019/03/22-10:07:59.509317 7f9c044dd700        Options.compaction_filter: None
2019/03/22-10:07:59.509318 7f9c044dd700        Options.compaction_filter_factory: None
2019/03/22-10:07:59.509319 7f9c044dd700         Options.memtable_factory: SkipListFactory
2019/03/22-10:07:59.509320 7f9c044dd700            Options.table_factory: BlockBasedTable
2019/03/22-10:07:59.509348 7f9c044dd700            table_factory options:   flush_block_policy_factory: FlushBlockBySizePolicyFactory (0x7f9b703d0c40)
  cache_index_and_filter_blocks: 0
  cache_index_and_filter_blocks_with_high_priority: 0
  pin_l0_filter_and_index_blocks_in_cache: 0
  index_type: 0
  hash_index_allow_collision: 1
  checksum: 1
  no_block_cache: 0
  block_cache: 0x7f9b703d6da0
  block_cache_name: LRUCache
  block_cache_options:
    capacity : 8388608
    num_shard_bits : 4
    strict_capacity_limit : 0
    high_pri_pool_ratio: 0.000
  block_cache_compressed: (nil)
  persistent_cache: (nil)
  block_size: 8192
  block_size_deviation: 10
  block_restart_interval: 16
  index_block_restart_interval: 1
  metadata_block_size: 4096
  partition_filters: 0
  use_delta_encoding: 1
  filter_policy: nullptr
  whole_key_filtering: 1
  verify_compression: 0
  read_amp_bytes_per_bit: 0
  format_version: 2
  enable_index_compression: 1
  block_align: 0
2019/03/22-10:07:59.509360 7f9c044dd700        Options.write_buffer_size: 134217728
2019/03/22-10:07:59.509362 7f9c044dd700  Options.max_write_buffer_number: 24
2019/03/22-10:07:59.509363 7f9c044dd700        Options.compression[0]: NoCompression
2019/03/22-10:07:59.509364 7f9c044dd700        Options.compression[1]: NoCompression
2019/03/22-10:07:59.509365 7f9c044dd700        Options.compression[2]: LZ4
2019/03/22-10:07:59.509366 7f9c044dd700        Options.compression[3]: LZ4
2019/03/22-10:07:59.509367 7f9c044dd700        Options.compression[4]: LZ4
2019/03/22-10:07:59.509368 7f9c044dd700        Options.compression[5]: LZ4
2019/03/22-10:07:59.509369 7f9c044dd700        Options.compression[6]: LZ4
2019/03/22-10:07:59.509370 7f9c044dd700                  Options.bottommost_compression: Disabled
2019/03/22-10:07:59.509371 7f9c044dd700       Options.prefix_extractor: nullptr
2019/03/22-10:07:59.509372 7f9c044dd700   Options.memtable_insert_with_hint_prefix_extractor: nullptr
2019/03/22-10:07:59.509373 7f9c044dd700             Options.num_levels: 7
2019/03/22-10:07:59.509374 7f9c044dd700        Options.min_write_buffer_number_to_merge: 2
2019/03/22-10:07:59.509375 7f9c044dd700     Options.max_write_buffer_number_to_maintain: 0
2019/03/22-10:07:59.509376 7f9c044dd700            Options.compression_opts.window_bits: -14
2019/03/22-10:07:59.509376 7f9c044dd700                  Options.compression_opts.level: -1
2019/03/22-10:07:59.509377 7f9c044dd700               Options.compression_opts.strategy: 0
2019/03/22-10:07:59.509378 7f9c044dd700         Options.compression_opts.max_dict_bytes: 0
2019/03/22-10:07:59.509379 7f9c044dd700         Options.compression_opts.zstd_max_train_bytes: 0
2019/03/22-10:07:59.509380 7f9c044dd700      Options.level0_file_num_compaction_trigger: 2
2019/03/22-10:07:59.509381 7f9c044dd700          Options.level0_slowdown_writes_trigger: 20
2019/03/22-10:07:59.509381 7f9c044dd700              Options.level0_stop_writes_trigger: 36
2019/03/22-10:07:59.509382 7f9c044dd700                   Options.target_file_size_base: 67108864
2019/03/22-10:07:59.509383 7f9c044dd700             Options.target_file_size_multiplier: 1
2019/03/22-10:07:59.509384 7f9c044dd700                Options.max_bytes_for_level_base: 536870912
2019/03/22-10:07:59.509385 7f9c044dd700 Options.level_compaction_dynamic_level_bytes: 0
2019/03/22-10:07:59.509386 7f9c044dd700          Options.max_bytes_for_level_multiplier: 10.000000
2019/03/22-10:07:59.509388 7f9c044dd700 Options.max_bytes_for_level_multiplier_addtl[0]: 1
2019/03/22-10:07:59.509389 7f9c044dd700 Options.max_bytes_for_level_multiplier_addtl[1]: 1
2019/03/22-10:07:59.509390 7f9c044dd700 Options.max_bytes_for_level_multiplier_addtl[2]: 1
2019/03/22-10:07:59.509391 7f9c044dd700 Options.max_bytes_for_level_multiplier_addtl[3]: 1
2019/03/22-10:07:59.509392 7f9c044dd700 Options.max_bytes_for_level_multiplier_addtl[4]: 1
2019/03/22-10:07:59.509392 7f9c044dd700 Options.max_bytes_for_level_multiplier_addtl[5]: 1
2019/03/22-10:07:59.509393 7f9c044dd700 Options.max_bytes_for_level_multiplier_addtl[6]: 1
2019/03/22-10:07:59.509394 7f9c044dd700       Options.max_sequential_skip_in_iterations: 8
2019/03/22-10:07:59.509395 7f9c044dd700                    Options.max_compaction_bytes: 1677721600
2019/03/22-10:07:59.509396 7f9c044dd700                        Options.arena_block_size: 16777216
2019/03/22-10:07:59.509397 7f9c044dd700   Options.soft_pending_compaction_bytes_limit: 68719476736
2019/03/22-10:07:59.509398 7f9c044dd700   Options.hard_pending_compaction_bytes_limit: 274877906944
2019/03/22-10:07:59.509399 7f9c044dd700       Options.rate_limit_delay_max_milliseconds: 100
2019/03/22-10:07:59.509400 7f9c044dd700                Options.disable_auto_compactions: 0
2019/03/22-10:07:59.509401 7f9c044dd700                        Options.compaction_style: kCompactionStyleLevel
2019/03/22-10:07:59.509408 7f9c044dd700                          Options.compaction_pri: kByCompensatedSize
2019/03/22-10:07:59.509410 7f9c044dd700 Options.compaction_options_universal.size_ratio: 1
2019/03/22-10:07:59.509410 7f9c044dd700 Options.compaction_options_universal.min_merge_width: 2
2019/03/22-10:07:59.509411 7f9c044dd700 Options.compaction_options_universal.max_merge_width: 4294967295
2019/03/22-10:07:59.509412 7f9c044dd700 Options.compaction_options_universal.max_size_amplification_percent: 200
2019/03/22-10:07:59.509413 7f9c044dd700 Options.compaction_options_universal.compression_size_percent: -1
2019/03/22-10:07:59.509414 7f9c044dd700 Options.compaction_options_universal.stop_style: kCompactionStopStyleTotalSize
2019/03/22-10:07:59.509415 7f9c044dd700 Options.compaction_options_fifo.max_table_files_size: 1073741824
2019/03/22-10:07:59.509416 7f9c044dd700 Options.compaction_options_fifo.allow_compaction: 0
2019/03/22-10:07:59.509417 7f9c044dd700 Options.compaction_options_fifo.ttl: 0
2019/03/22-10:07:59.509418 7f9c044dd700                   Options.table_properties_collectors: 
2019/03/22-10:07:59.509419 7f9c044dd700                   Options.inplace_update_support: 0
2019/03/22-10:07:59.509419 7f9c044dd700                 Options.inplace_update_num_locks: 10000
2019/03/22-10:07:59.509420 7f9c044dd700               Options.memtable_prefix_bloom_size_ratio: 0.000000
2019/03/22-10:07:59.509422 7f9c044dd700   Options.memtable_huge_page_size: 0
2019/03/22-10:07:59.509423 7f9c044dd700                           Options.bloom_locality: 0
2019/03/22-10:07:59.509424 7f9c044dd700                    Options.max_successive_merges: 0
2019/03/22-10:07:59.509424 7f9c044dd700                Options.optimize_filters_for_hits: 0
2019/03/22-10:07:59.509425 7f9c044dd700                Options.paranoid_file_checks: 0
2019/03/22-10:07:59.509426 7f9c044dd700                Options.force_consistency_checks: 0
2019/03/22-10:07:59.509427 7f9c044dd700                Options.report_bg_io_stats: 0
2019/03/22-10:07:59.509428 7f9c044dd700                               Options.ttl: 0
2019/03/22-10:08:00.126188 7f9c044dd700 [db/version_set.cc:3361] Recovered from manifest file:/mnt/sda/ycsb-rocksdb-data/MANIFEST-000004 succeeded,manifest_file_number is 4, next_file_number is 1372, last_sequence is 10427206, log_number is 0,prev_log_number is 0,max_column_family is 1,min_log_number_to_keep is 0
2019/03/22-10:08:00.126197 7f9c044dd700 [db/version_set.cc:3369] Column family [default] (ID 0), log number is 0
2019/03/22-10:08:00.126200 7f9c044dd700 [db/version_set.cc:3369] Column family [usertable] (ID 1), log number is 1365
2019/03/22-10:08:00.128192 7f9c044dd700 EVENT_LOG_v1 {"time_micros": 1553274480128176, "job": 1, "event": "recovery_started", "log_files": [1365, 1371]}
2019/03/22-10:08:00.128200 7f9c044dd700 [db/db_impl_open.cc:551] Recovering log #1365 mode 2
2019/03/22-10:08:00.526832 7f9c044dd700 [db/db_impl_open.cc:551] Recovering log #1371 mode 2
2019/03/22-10:08:01.141250 7f9c044dd700 EVENT_LOG_v1 {"time_micros": 1553274481141210, "cf_name": "usertable", "job": 1, "event": "table_file_creation", "file_number": 1372, "file_size": 129899462, "table_properties": {"data_size": 129322018, "index_size": 576522, "filter_size": 0, "raw_key_size": 752784, "raw_average_key_size": 24, "raw_value_size": 128475136, "raw_average_value_size": 4096, "num_data_blocks": 15683, "num_entries": 31366, "filter_policy_name": "", "kDeletedKeys": "0", "kMergeOperands": "0"}}
2019/03/22-10:08:01.182869 7f9c044dd700 [db/version_set.cc:2847] Creating manifest 1373
2019/03/22-10:08:01.314513 7f9c044dd700 EVENT_LOG_v1 {"time_micros": 1553274481314485, "cf_name": "usertable", "job": 1, "event": "table_file_creation", "file_number": 1374, "file_size": 10424566, "table_properties": {"data_size": 10377605, "index_size": 46040, "filter_size": 0, "raw_key_size": 60408, "raw_average_key_size": 24, "raw_value_size": 10309632, "raw_average_value_size": 4096, "num_data_blocks": 1259, "num_entries": 2517, "filter_policy_name": "", "kDeletedKeys": "0", "kMergeOperands": "0"}}
2019/03/22-10:08:01.344302 7f9c044dd700 EVENT_LOG_v1 {"time_micros": 1553274481344290, "job": 1, "event": "recovery_finished"}
2019/03/22-10:08:01.424189 7f9b6b700700 [WARN] [db/db_impl.cc:491] ------- DUMPING STATS -------
2019/03/22-10:08:01.424278 7f9b6b700700 [WARN] [db/db_impl.cc:492] 
** DB Stats **
Uptime(secs): 1.9 total, 1.9 interval
Cumulative writes: 0 writes, 0 keys, 0 commit groups, 0.0 writes per commit group, ingest: 0.00 GB, 0.00 MB/s
Cumulative WAL: 0 writes, 0 syncs, 0.00 writes per sync, written: 0.00 GB, 0.00 MB/s
Cumulative stall: 00:00:0.000 H:M:S, 0.0 percent
Interval writes: 0 writes, 0 keys, 0 commit groups, 0.0 writes per commit group, ingest: 0.00 MB, 0.00 MB/s
Interval WAL: 0 writes, 0 syncs, 0.00 writes per sync, written: 0.00 MB, 0.00 MB/s
Interval stall: 00:00:0.000 H:M:S, 0.0 percent

** Compaction Stats [default] **
Level    Files   Size     Score Read(GB)  Rn(GB) Rnp1(GB) Write(GB) Wnew(GB) Moved(GB) W-Amp Rd(MB/s) Wr(MB/s) Comp(sec) Comp(cnt) Avg(sec) KeyIn KeyDrop
----------------------------------------------------------------------------------------------------------------------------------------------------------
 Sum      0/0    0.00 KB   0.0      0.0     0.0      0.0       0.0      0.0       0.0   0.0      0.0      0.0         0         0    0.000       0      0
 Int      0/0    0.00 KB   0.0      0.0     0.0      0.0       0.0      0.0       0.0   0.0      0.0      0.0         0         0    0.000       0      0
Uptime(secs): 1.9 total, 1.9 interval
Flush(GB): cumulative 0.000, interval 0.000
AddFile(GB): cumulative 0.000, interval 0.000
AddFile(Total Files): cumulative 0, interval 0
AddFile(L0 Files): cumulative 0, interval 0
AddFile(Keys): cumulative 0, interval 0
Cumulative compaction: 0.00 GB write, 0.00 MB/s write, 0.00 GB read, 0.00 MB/s read, 0.0 seconds
Interval compaction: 0.00 GB write, 0.00 MB/s write, 0.00 GB read, 0.00 MB/s read, 0.0 seconds
Stalls(count): 0 level0_slowdown, 0 level0_slowdown_with_compaction, 0 level0_numfiles, 0 level0_numfiles_with_compaction, 0 stop for pending_compaction_bytes, 0 slowdown for pending_compaction_bytes, 0 memtable_compaction, 0 memtable_slowdown, interval 0 total count

** File Read Latency Histogram By Level [default] **

** Compaction Stats [usertable] **
Level    Files   Size     Score Read(GB)  Rn(GB) Rnp1(GB) Write(GB) Wnew(GB) Moved(GB) W-Amp Rd(MB/s) Wr(MB/s) Comp(sec) Comp(cnt) Avg(sec) KeyIn KeyDrop
----------------------------------------------------------------------------------------------------------------------------------------------------------
  L0      3/0   305.31 MB   1.5      0.0     0.0      0.0       0.1      0.1       0.0   1.0      0.0    218.2         1         2    0.307       0      0
  L1      9/0   482.07 MB   0.9      0.0     0.0      0.0       0.0      0.0       0.0   0.0      0.0      0.0         0         0    0.000       0      0
  L2    173/0    4.97 GB   1.0      0.0     0.0      0.0       0.0      0.0       0.0   0.0      0.0      0.0         0         0    0.000       0      0
  L3    550/0   34.44 GB   0.7      0.0     0.0      0.0       0.0      0.0       0.0   0.0      0.0      0.0         0         0    0.000       0      0
 Sum    735/0   40.18 GB   0.0      0.0     0.0      0.0       0.1      0.1       0.0   1.0      0.0    218.2         1         2    0.307       0      0
 Int      0/0    0.00 KB   0.0      0.0     0.0      0.0       0.1      0.1       0.0   1.0      0.0    218.2         1         2    0.307       0      0
Uptime(secs): 1.9 total, 1.9 interval
Flush(GB): cumulative 0.131, interval 0.131
AddFile(GB): cumulative 0.000, interval 0.000
AddFile(Total Files): cumulative 0, interval 0
AddFile(L0 Files): cumulative 0, interval 0
AddFile(Keys): cumulative 0, interval 0
Cumulative compaction: 0.13 GB write, 69.89 MB/s write, 0.00 GB read, 0.00 MB/s read, 0.6 seconds
Interval compaction: 0.13 GB write, 69.89 MB/s write, 0.00 GB read, 0.00 MB/s read, 0.6 seconds
Stalls(count): 0 level0_slowdown, 0 level0_slowdown_with_compaction, 0 level0_numfiles, 0 level0_numfiles_with_compaction, 0 stop for pending_compaction_bytes, 0 slowdown for pending_compaction_bytes, 0 memtable_compaction, 0 memtable_slowdown, interval 0 total count

** File Read Latency Histogram By Level [usertable] **

** Compaction Stats [default] **
Level    Files   Size     Score Read(GB)  Rn(GB) Rnp1(GB) Write(GB) Wnew(GB) Moved(GB) W-Amp Rd(MB/s) Wr(MB/s) Comp(sec) Comp(cnt) Avg(sec) KeyIn KeyDrop
----------------------------------------------------------------------------------------------------------------------------------------------------------
 Sum      0/0    0.00 KB   0.0      0.0     0.0      0.0       0.0      0.0       0.0   0.0      0.0      0.0         0         0    0.000       0      0
 Int      0/0    0.00 KB   0.0      0.0     0.0      0.0       0.0      0.0       0.0   0.0      0.0      0.0         0         0    0.000       0      0
Uptime(secs): 1.9 total, 0.0 interval
Flush(GB): cumulative 0.000, interval 0.000
AddFile(GB): cumulative 0.000, interval 0.000
AddFile(Total Files): cumulative 0, interval 0
AddFile(L0 Files): cumulative 0, interval 0
AddFile(Keys): cumulative 0, interval 0
Cumulative compaction: 0.00 GB write, 0.00 MB/s write, 0.00 GB read, 0.00 MB/s read, 0.0 seconds
Interval compaction: 0.00 GB write, 0.00 MB/s write, 0.00 GB read, 0.00 MB/s read, 0.0 seconds
Stalls(count): 0 level0_slowdown, 0 level0_slowdown_with_compaction, 0 level0_numfiles, 0 level0_numfiles_with_compaction, 0 stop for pending_compaction_bytes, 0 slowdown for pending_compaction_bytes, 0 memtable_compaction, 0 memtable_slowdown, interval 0 total count

** File Read Latency Histogram By Level [default] **

** Compaction Stats [usertable] **
Level    Files   Size     Score Read(GB)  Rn(GB) Rnp1(GB) Write(GB) Wnew(GB) Moved(GB) W-Amp Rd(MB/s) Wr(MB/s) Comp(sec) Comp(cnt) Avg(sec) KeyIn KeyDrop
----------------------------------------------------------------------------------------------------------------------------------------------------------
  L0      3/0   305.31 MB   1.5      0.0     0.0      0.0       0.1      0.1       0.0   1.0      0.0    218.2         1         2    0.307       0      0
  L1      9/0   482.07 MB   0.9      0.0     0.0      0.0       0.0      0.0       0.0   0.0      0.0      0.0         0         0    0.000       0      0
  L2    173/0    4.97 GB   1.0      0.0     0.0      0.0       0.0      0.0       0.0   0.0      0.0      0.0         0         0    0.000       0      0
  L3    550/0   34.44 GB   0.7      0.0     0.0      0.0       0.0      0.0       0.0   0.0      0.0      0.0         0         0    0.000       0      0
 Sum    735/0   40.18 GB   0.0      0.0     0.0      0.0       0.1      0.1       0.0   1.0      0.0    218.2         1         2    0.307       0      0
 Int      0/0    0.00 KB   0.0      0.0     0.0      0.0       0.0      0.0       0.0   0.0      0.0      0.0         0         0    0.000       0      0
Uptime(secs): 1.9 total, 0.0 interval
Flush(GB): cumulative 0.131, interval 0.000
AddFile(GB): cumulative 0.000, interval 0.000
AddFile(Total Files): cumulative 0, interval 0
AddFile(L0 Files): cumulative 0, interval 0
AddFile(Keys): cumulative 0, interval 0
Cumulative compaction: 0.13 GB write, 69.89 MB/s write, 0.00 GB read, 0.00 MB/s read, 0.6 seconds
Interval compaction: 0.00 GB write, 0.00 MB/s write, 0.00 GB read, 0.00 MB/s read, 0.0 seconds
Stalls(count): 0 level0_slowdown, 0 level0_slowdown_with_compaction, 0 level0_numfiles, 0 level0_numfiles_with_compaction, 0 stop for pending_compaction_bytes, 0 slowdown for pending_compaction_bytes, 0 memtable_compaction, 0 memtable_slowdown, interval 0 total count

** File Read Latency Histogram By Level [usertable] **
2019/03/22-10:08:01.424516 7f9b6b700700 [db/compaction_job.cc:1531] [usertable] [JOB 3] Compacting 1@0 files to L1, score 1.50
2019/03/22-10:08:01.424527 7f9b6b700700 [db/compaction_job.cc:1535] [usertable] Compaction start summary: Base version 5 Base level 0, inputs: [250(171MB)]
2019/03/22-10:08:01.424575 7f9b6b700700 EVENT_LOG_v1 {"time_micros": 1553274481424548, "job": 3, "event": "compaction_started", "compaction_reason": "LevelL0FilesNum", "files_L0": [250], "score": 1.5, "input_data_size": 179821137}
2019/03/22-10:08:01.424681 7f9c044dd700 [db/db_impl_open.cc:1219] DB pointer 0x7f9b703d2eb0
2019/03/22-10:08:02.174957 7f9b6b700700 [db/compaction_job.cc:1211] [usertable] [JOB 3] Generated table #1378: 16279 keys, 67421979 bytes
2019/03/22-10:08:02.175019 7f9b6b700700 EVENT_LOG_v1 {"time_micros": 1553274482174987, "cf_name": "usertable", "job": 3, "event": "table_file_creation", "file_number": 1378, "file_size": 67421979, "table_properties": {"data_size": 67120142, "index_size": 300916, "filter_size": 0, "raw_key_size": 390696, "raw_average_key_size": 24, "raw_value_size": 66678784, "raw_average_value_size": 4096, "num_data_blocks": 8140, "num_entries": 16279, "filter_policy_name": "", "kDeletedKeys": "0", "kMergeOperands": "0"}}
2019/03/22-10:08:02.912032 7f9b6b700700 [db/compaction_job.cc:1211] [usertable] [JOB 3] Generated table #1379: 16279 keys, 67418360 bytes
2019/03/22-10:08:02.912094 7f9b6b700700 EVENT_LOG_v1 {"time_micros": 1553274482912062, "cf_name": "usertable", "job": 3, "event": "table_file_creation", "file_number": 1379, "file_size": 67418360, "table_properties": {"data_size": 67118331, "index_size": 299108, "filter_size": 0, "raw_key_size": 390696, "raw_average_key_size": 24, "raw_value_size": 66678784, "raw_average_value_size": 4096, "num_data_blocks": 8140, "num_entries": 16279, "filter_policy_name": "", "kDeletedKeys": "0", "kMergeOperands": "0"}}
2019/03/22-10:08:03.394822 7f9b6b700700 [db/compaction_job.cc:1211] [usertable] [JOB 3] Generated table #1380: 10860 keys, 44978555 bytes
2019/03/22-10:08:03.394869 7f9b6b700700 EVENT_LOG_v1 {"time_micros": 1553274483394848, "cf_name": "usertable", "job": 3, "event": "table_file_creation", "file_number": 1380, "file_size": 44978555, "table_properties": {"data_size": 44776988, "index_size": 200646, "filter_size": 0, "raw_key_size": 260640, "raw_average_key_size": 24, "raw_value_size": 44482560, "raw_average_value_size": 4096, "num_data_blocks": 5430, "num_entries": 10860, "filter_policy_name": "", "kDeletedKeys": "0", "kMergeOperands": "0"}}
2019/03/22-10:08:03.394938 7f9b6b700700 [db/compaction_job.cc:1287] [usertable] [JOB 3] Compacted 1@0 files to L1 => 179818894 bytes
2019/03/22-10:08:03.425509 7f9b6b700700 (Original Log Time 2019/03/22-10:08:03.425297) [db/compaction_job.cc:685] [usertable] compacted to: base level 1 max bytes base 536870912 files[2 12 173 550 0 0 0] max score 1.28, MB/sec: 91.3 rd, 91.3 wr, level 1, files in(1, 0) out(3) MB in(171.5, 0.0) out(171.5), read-write-amplify(2.0) write-amplify(1.0) OK, records in: 43418, records dropped: 0 output_compression: NoCompression
2019/03/22-10:08:03.425520 7f9b6b700700 (Original Log Time 2019/03/22-10:08:03.425359) EVENT_LOG_v1 {"time_micros": 1553274483425334, "job": 3, "event": "compaction_finished", "compaction_time_micros": 1970317, "output_level": 1, "num_output_files": 3, "total_output_size": 179818894, "num_input_records": 43418, "num_output_records": 43418, "num_subcompactions": 1, "output_compression": "NoCompression", "num_single_delete_mismatches": 0, "num_single_delete_fallthrough": 0, "lsm_state": [2, 12, 173, 550, 0, 0, 0]}
2019/03/22-10:08:03.425667 7f9b6aeff700 [db/compaction_job.cc:1531] [usertable] [JOB 4] Compacting 1@1 + 1@2 files to L2, score 1.28
2019/03/22-10:08:03.425680 7f9b6aeff700 [db/compaction_job.cc:1535] [usertable] Compaction start summary: Base version 6 Base level 1, inputs: [1378(64MB)], [247(54MB)]
2019/03/22-10:08:03.425709 7f9b6aeff700 EVENT_LOG_v1 {"time_micros": 1553274483425691, "job": 4, "event": "compaction_started", "compaction_reason": "LevelMaxLevelSize", "files_L1": [1378], "files_L2": [247], "score": 1.27648, "input_data_size": 124879779}
2019/03/22-10:08:04.195048 7f9b6aeff700 [db/compaction_job.cc:1211] [usertable] [JOB 4] Generated table #1381: 16279 keys, 67233553 bytes
2019/03/22-10:08:04.195102 7f9b6aeff700 EVENT_LOG_v1 {"time_micros": 1553274484195073, "cf_name": "usertable", "job": 4, "event": "table_file_creation", "file_number": 1381, "file_size": 67233553, "table_properties": {"data_size": 67120140, "index_size": 300916, "filter_size": 0, "raw_key_size": 390696, "raw_average_key_size": 24, "raw_value_size": 66678784, "raw_average_value_size": 4096, "num_data_blocks": 8140, "num_entries": 16279, "filter_policy_name": "", "kDeletedKeys": "0", "kMergeOperands": "0"}}
2019/03/22-10:08:04.611297 7f9b6aeff700 [db/compaction_job.cc:1211] [usertable] [JOB 4] Generated table #1382: 13912 keys, 57457613 bytes
2019/03/22-10:08:04.611359 7f9b6aeff700 EVENT_LOG_v1 {"time_micros": 1553274484611327, "cf_name": "usertable", "job": 4, "event": "table_file_creation", "file_number": 1382, "file_size": 57457613, "table_properties": {"data_size": 57359176, "index_size": 255561, "filter_size": 0, "raw_key_size": 333888, "raw_average_key_size": 24, "raw_value_size": 56983552, "raw_average_value_size": 4096, "num_data_blocks": 6956, "num_entries": 13912, "filter_policy_name": "", "kDeletedKeys": "0", "kMergeOperands": "0"}}
2019/03/22-10:08:04.611419 7f9b6aeff700 [db/compaction_job.cc:1287] [usertable] [JOB 4] Compacted 1@1 + 1@2 files to L2 => 124691166 bytes
2019/03/22-10:08:04.641981 7f9b6aeff700 (Original Log Time 2019/03/22-10:08:04.641804) [db/compaction_job.cc:685] [usertable] compacted to: base level 1 max bytes base 536870912 files[2 11 174 550 0 0 0] max score 1.15, MB/sec: 105.3 rd, 105.2 wr, level 2, files in(1, 1) out(2) MB in(64.3, 54.8) out(118.9), read-write-amplify(3.7) write-amplify(1.8) OK, records in: 30191, records dropped: 0 output_compression: LZ4
2019/03/22-10:08:04.641990 7f9b6aeff700 (Original Log Time 2019/03/22-10:08:04.641852) EVENT_LOG_v1 {"time_micros": 1553274484641835, "job": 4, "event": "compaction_finished", "compaction_time_micros": 1185675, "output_level": 2, "num_output_files": 2, "total_output_size": 124691166, "num_input_records": 30191, "num_output_records": 30191, "num_subcompactions": 1, "output_compression": "LZ4", "num_single_delete_mismatches": 0, "num_single_delete_fallthrough": 0, "lsm_state": [2, 11, 174, 550, 0, 0, 0]}
2019/03/22-10:08:04.657429 7f9b6aeff700 EVENT_LOG_v1 {"time_micros": 1553274484657418, "job": 4, "event": "table_file_deletion", "file_number": 250}
2019/03/22-10:08:04.657610 7f9b6a6fe700 [db/compaction_job.cc:1531] [usertable] [JOB 5] Compacting 1@1 files to L2, score 1.15
2019/03/22-10:08:04.657623 7f9b6a6fe700 [db/compaction_job.cc:1535] [usertable] Compaction start summary: Base version 7 Base level 1, inputs: [25(64MB)]
2019/03/22-10:08:04.657645 7f9b6a6fe700 EVENT_LOG_v1 {"time_micros": 1553274484657632, "job": 5, "event": "compaction_started", "compaction_reason": "LevelMaxLevelSize", "files_L1": [25], "score": 1.1509, "input_data_size": 67421975}
2019/03/22-10:08:06.022864 7f9b6a6fe700 [db/compaction_job.cc:1211] [usertable] [JOB 5] Generated table #1383: 16279 keys, 67233554 bytes
