2018/11/23-16:03:57.277449 7f59e86e0700 RocksDB version: 5.14.3
2018/11/23-16:03:57.277532 7f59e86e0700 Git sha rocksdb_build_git_sha:
2018/11/23-16:03:57.277535 7f59e86e0700 Compile date Oct 15 2018
2018/11/23-16:03:57.277539 7f59e86e0700 DB SUMMARY
2018/11/23-16:03:57.278158 7f59e86e0700 CURRENT file:  CURRENT
2018/11/23-16:03:57.278160 7f59e86e0700 IDENTITY file:  IDENTITY
2018/11/23-16:03:57.278168 7f59e86e0700 MANIFEST file:  MANIFEST-000004 size: 123988 Bytes
2018/11/23-16:03:57.278172 7f59e86e0700 SST files in /mnt/sdb/ycsb-rocksdb-data dir, Total Num: 691, files: 000021.sst 000022.sst 000023.sst 000024.sst 000028.sst 000029.sst 000030.sst 000031.sst 000035.sst 
2018/11/23-16:03:57.278173 7f59e86e0700 Write Ahead Log file in /mnt/sdb/ycsb-rocksdb-data: 001216.log size: 125607700 ; 001222.log size: 78989792 ; 
2018/11/23-16:03:57.278178 7f59e86e0700                         Options.error_if_exists: 0
2018/11/23-16:03:57.278179 7f59e86e0700                       Options.create_if_missing: 1
2018/11/23-16:03:57.278180 7f59e86e0700                         Options.paranoid_checks: 1
2018/11/23-16:03:57.278181 7f59e86e0700                                     Options.env: 0x7f59e35d83e0
2018/11/23-16:03:57.278182 7f59e86e0700                                Options.info_log: 0x7f59043e1ce0
2018/11/23-16:03:57.278183 7f59e86e0700                Options.max_file_opening_threads: 16
2018/11/23-16:03:57.278184 7f59e86e0700                              Options.statistics: (nil)
2018/11/23-16:03:57.278185 7f59e86e0700                               Options.use_fsync: 0
2018/11/23-16:03:57.278186 7f59e86e0700                       Options.max_log_file_size: 0
2018/11/23-16:03:57.278187 7f59e86e0700                  Options.max_manifest_file_size: 18446744073709551615
2018/11/23-16:03:57.278188 7f59e86e0700                   Options.log_file_time_to_roll: 0
2018/11/23-16:03:57.278189 7f59e86e0700                       Options.keep_log_file_num: 1000
2018/11/23-16:03:57.278190 7f59e86e0700                    Options.recycle_log_file_num: 0
2018/11/23-16:03:57.278191 7f59e86e0700                         Options.allow_fallocate: 1
2018/11/23-16:03:57.278192 7f59e86e0700                        Options.allow_mmap_reads: 0
2018/11/23-16:03:57.278192 7f59e86e0700                       Options.allow_mmap_writes: 0
2018/11/23-16:03:57.278193 7f59e86e0700                        Options.use_direct_reads: 0
2018/11/23-16:03:57.278194 7f59e86e0700                        Options.use_direct_io_for_flush_and_compaction: 0
2018/11/23-16:03:57.278195 7f59e86e0700          Options.create_missing_column_families: 1
2018/11/23-16:03:57.278196 7f59e86e0700                              Options.db_log_dir: 
2018/11/23-16:03:57.278197 7f59e86e0700                                 Options.wal_dir: /mnt/sdb/ycsb-rocksdb-data
2018/11/23-16:03:57.278198 7f59e86e0700                Options.table_cache_numshardbits: 6
2018/11/23-16:03:57.278199 7f59e86e0700                      Options.max_subcompactions: 4
2018/11/23-16:03:57.278199 7f59e86e0700                  Options.max_background_flushes: 24
2018/11/23-16:03:57.278200 7f59e86e0700                         Options.WAL_ttl_seconds: 0
2018/11/23-16:03:57.278201 7f59e86e0700                       Options.WAL_size_limit_MB: 0
2018/11/23-16:03:57.278202 7f59e86e0700             Options.manifest_preallocation_size: 4194304
2018/11/23-16:03:57.278203 7f59e86e0700                     Options.is_fd_close_on_exec: 1
2018/11/23-16:03:57.278204 7f59e86e0700                   Options.advise_random_on_open: 1
2018/11/23-16:03:57.278204 7f59e86e0700                    Options.db_write_buffer_size: 0
2018/11/23-16:03:57.278205 7f59e86e0700                    Options.write_buffer_manager: 0x7f59043de970
2018/11/23-16:03:57.278206 7f59e86e0700         Options.access_hint_on_compaction_start: 1
2018/11/23-16:03:57.278207 7f59e86e0700  Options.new_table_reader_for_compaction_inputs: 0
2018/11/23-16:03:57.278208 7f59e86e0700           Options.random_access_max_buffer_size: 1048576
2018/11/23-16:03:57.278209 7f59e86e0700                      Options.use_adaptive_mutex: 0
2018/11/23-16:03:57.278210 7f59e86e0700                            Options.rate_limiter: (nil)
2018/11/23-16:03:57.278223 7f59e86e0700     Options.sst_file_manager.rate_bytes_per_sec: 0
2018/11/23-16:03:57.278224 7f59e86e0700                       Options.wal_recovery_mode: 2
2018/11/23-16:03:57.278225 7f59e86e0700                  Options.enable_thread_tracking: 0
2018/11/23-16:03:57.278226 7f59e86e0700                  Options.enable_pipelined_write: 1
2018/11/23-16:03:57.278227 7f59e86e0700         Options.allow_concurrent_memtable_write: 1
2018/11/23-16:03:57.278228 7f59e86e0700      Options.enable_write_thread_adaptive_yield: 1
2018/11/23-16:03:57.278228 7f59e86e0700             Options.write_thread_max_yield_usec: 100
2018/11/23-16:03:57.278229 7f59e86e0700            Options.write_thread_slow_yield_usec: 3
2018/11/23-16:03:57.278230 7f59e86e0700                               Options.row_cache: None
2018/11/23-16:03:57.278231 7f59e86e0700                              Options.wal_filter: None
2018/11/23-16:03:57.278232 7f59e86e0700             Options.avoid_flush_during_recovery: 0
2018/11/23-16:03:57.278233 7f59e86e0700             Options.allow_ingest_behind: 0
2018/11/23-16:03:57.278234 7f59e86e0700             Options.preserve_deletes: 0
2018/11/23-16:03:57.278235 7f59e86e0700             Options.two_write_queues: 0
2018/11/23-16:03:57.278235 7f59e86e0700             Options.manual_wal_flush: 0
2018/11/23-16:03:57.278237 7f59e86e0700             Options.max_background_jobs: 24
2018/11/23-16:03:57.278238 7f59e86e0700             Options.max_background_compactions: 24
2018/11/23-16:03:57.278239 7f59e86e0700             Options.avoid_flush_during_shutdown: 0
2018/11/23-16:03:57.278240 7f59e86e0700           Options.writable_file_max_buffer_size: 1048576
2018/11/23-16:03:57.278241 7f59e86e0700             Options.delayed_write_rate : 16777216
2018/11/23-16:03:57.278242 7f59e86e0700             Options.max_total_wal_size: 0
2018/11/23-16:03:57.278243 7f59e86e0700             Options.delete_obsolete_files_period_micros: 21600000000
2018/11/23-16:03:57.278243 7f59e86e0700                   Options.stats_dump_period_sec: 60
2018/11/23-16:03:57.278244 7f59e86e0700                          Options.max_open_files: -1
2018/11/23-16:03:57.278245 7f59e86e0700                          Options.bytes_per_sync: 1048576
2018/11/23-16:03:57.278246 7f59e86e0700                      Options.wal_bytes_per_sync: 0
2018/11/23-16:03:57.278247 7f59e86e0700       Options.compaction_readahead_size: 0
2018/11/23-16:03:57.278248 7f59e86e0700 Compression algorithms supported:
2018/11/23-16:03:57.278249 7f59e86e0700 	kZSTDNotFinalCompression supported: 1
2018/11/23-16:03:57.278258 7f59e86e0700 	kZSTD supported: 1
2018/11/23-16:03:57.278260 7f59e86e0700 	kXpressCompression supported: 0
2018/11/23-16:03:57.278261 7f59e86e0700 	kLZ4HCCompression supported: 1
2018/11/23-16:03:57.278262 7f59e86e0700 	kLZ4Compression supported: 1
2018/11/23-16:03:57.278263 7f59e86e0700 	kBZip2Compression supported: 1
2018/11/23-16:03:57.278264 7f59e86e0700 	kZlibCompression supported: 1
2018/11/23-16:03:57.278265 7f59e86e0700 	kSnappyCompression supported: 1
2018/11/23-16:03:57.278269 7f59e86e0700 Fast CRC32 supported: Supported on x86
2018/11/23-16:03:57.278715 7f59e86e0700 [db/version_set.cc:3085] Recovering from manifest file: MANIFEST-000004
2018/11/23-16:03:57.278819 7f59e86e0700 [db/column_family.cc:475] --------------- Options for column family [default]:
2018/11/23-16:03:57.278824 7f59e86e0700               Options.comparator: leveldb.BytewiseComparator
2018/11/23-16:03:57.278825 7f59e86e0700           Options.merge_operator: None
2018/11/23-16:03:57.278826 7f59e86e0700        Options.compaction_filter: None
2018/11/23-16:03:57.278827 7f59e86e0700        Options.compaction_filter_factory: None
2018/11/23-16:03:57.278828 7f59e86e0700         Options.memtable_factory: SkipListFactory
2018/11/23-16:03:57.278829 7f59e86e0700            Options.table_factory: BlockBasedTable
2018/11/23-16:03:57.278856 7f59e86e0700            table_factory options:   flush_block_policy_factory: FlushBlockBySizePolicyFactory (0x7f590438aca0)
  cache_index_and_filter_blocks: 0
  cache_index_and_filter_blocks_with_high_priority: 0
  pin_l0_filter_and_index_blocks_in_cache: 0
  index_type: 0
  hash_index_allow_collision: 1
  checksum: 1
  no_block_cache: 0
  block_cache: 0x7f5904393f20
  block_cache_name: LRUCache
  block_cache_options:
    capacity : 8388608
    num_shard_bits : 4
    strict_capacity_limit : 0
    high_pri_pool_ratio: 0.000
  block_cache_compressed: (nil)
  persistent_cache: (nil)
  block_size: 8192
  block_size_deviation: 10
  block_restart_interval: 16
  index_block_restart_interval: 1
  metadata_block_size: 4096
  partition_filters: 0
  use_delta_encoding: 1
  filter_policy: nullptr
  whole_key_filtering: 1
  verify_compression: 0
  read_amp_bytes_per_bit: 0
  format_version: 2
  enable_index_compression: 1
  block_align: 0
2018/11/23-16:03:57.278873 7f59e86e0700        Options.write_buffer_size: 134217728
2018/11/23-16:03:57.278874 7f59e86e0700  Options.max_write_buffer_number: 24
2018/11/23-16:03:57.278876 7f59e86e0700        Options.compression[0]: NoCompression
2018/11/23-16:03:57.278877 7f59e86e0700        Options.compression[1]: NoCompression
2018/11/23-16:03:57.278878 7f59e86e0700        Options.compression[2]: LZ4
2018/11/23-16:03:57.278879 7f59e86e0700        Options.compression[3]: LZ4
2018/11/23-16:03:57.278880 7f59e86e0700        Options.compression[4]: LZ4
2018/11/23-16:03:57.278881 7f59e86e0700        Options.compression[5]: LZ4
2018/11/23-16:03:57.278882 7f59e86e0700        Options.compression[6]: LZ4
2018/11/23-16:03:57.278883 7f59e86e0700                  Options.bottommost_compression: Disabled
2018/11/23-16:03:57.278884 7f59e86e0700       Options.prefix_extractor: nullptr
2018/11/23-16:03:57.278885 7f59e86e0700   Options.memtable_insert_with_hint_prefix_extractor: nullptr
2018/11/23-16:03:57.278886 7f59e86e0700             Options.num_levels: 7
2018/11/23-16:03:57.278887 7f59e86e0700        Options.min_write_buffer_number_to_merge: 2
2018/11/23-16:03:57.278888 7f59e86e0700     Options.max_write_buffer_number_to_maintain: 0
2018/11/23-16:03:57.278888 7f59e86e0700            Options.compression_opts.window_bits: -14
2018/11/23-16:03:57.278889 7f59e86e0700                  Options.compression_opts.level: -1
2018/11/23-16:03:57.278890 7f59e86e0700               Options.compression_opts.strategy: 0
2018/11/23-16:03:57.278891 7f59e86e0700         Options.compression_opts.max_dict_bytes: 0
2018/11/23-16:03:57.278892 7f59e86e0700         Options.compression_opts.zstd_max_train_bytes: 0
2018/11/23-16:03:57.278893 7f59e86e0700      Options.level0_file_num_compaction_trigger: 2
2018/11/23-16:03:57.278894 7f59e86e0700          Options.level0_slowdown_writes_trigger: 20
2018/11/23-16:03:57.278895 7f59e86e0700              Options.level0_stop_writes_trigger: 36
2018/11/23-16:03:57.278896 7f59e86e0700                   Options.target_file_size_base: 67108864
2018/11/23-16:03:57.278897 7f59e86e0700             Options.target_file_size_multiplier: 1
2018/11/23-16:03:57.278898 7f59e86e0700                Options.max_bytes_for_level_base: 536870912
2018/11/23-16:03:57.278899 7f59e86e0700 Options.level_compaction_dynamic_level_bytes: 0
2018/11/23-16:03:57.278899 7f59e86e0700          Options.max_bytes_for_level_multiplier: 10.000000
2018/11/23-16:03:57.278903 7f59e86e0700 Options.max_bytes_for_level_multiplier_addtl[0]: 1
2018/11/23-16:03:57.278904 7f59e86e0700 Options.max_bytes_for_level_multiplier_addtl[1]: 1
2018/11/23-16:03:57.278905 7f59e86e0700 Options.max_bytes_for_level_multiplier_addtl[2]: 1
2018/11/23-16:03:57.278905 7f59e86e0700 Options.max_bytes_for_level_multiplier_addtl[3]: 1
2018/11/23-16:03:57.278906 7f59e86e0700 Options.max_bytes_for_level_multiplier_addtl[4]: 1
2018/11/23-16:03:57.278907 7f59e86e0700 Options.max_bytes_for_level_multiplier_addtl[5]: 1
2018/11/23-16:03:57.278908 7f59e86e0700 Options.max_bytes_for_level_multiplier_addtl[6]: 1
2018/11/23-16:03:57.278909 7f59e86e0700       Options.max_sequential_skip_in_iterations: 8
2018/11/23-16:03:57.278910 7f59e86e0700                    Options.max_compaction_bytes: 1677721600
2018/11/23-16:03:57.278917 7f59e86e0700                        Options.arena_block_size: 16777216
2018/11/23-16:03:57.278918 7f59e86e0700   Options.soft_pending_compaction_bytes_limit: 68719476736
2018/11/23-16:03:57.278919 7f59e86e0700   Options.hard_pending_compaction_bytes_limit: 274877906944
2018/11/23-16:03:57.278920 7f59e86e0700       Options.rate_limit_delay_max_milliseconds: 100
2018/11/23-16:03:57.278921 7f59e86e0700                Options.disable_auto_compactions: 0
2018/11/23-16:03:57.278923 7f59e86e0700                        Options.compaction_style: kCompactionStyleLevel
2018/11/23-16:03:57.278925 7f59e86e0700                          Options.compaction_pri: kByCompensatedSize
2018/11/23-16:03:57.278926 7f59e86e0700 Options.compaction_options_universal.size_ratio: 1
2018/11/23-16:03:57.278927 7f59e86e0700 Options.compaction_options_universal.min_merge_width: 2
2018/11/23-16:03:57.278927 7f59e86e0700 Options.compaction_options_universal.max_merge_width: 4294967295
2018/11/23-16:03:57.278928 7f59e86e0700 Options.compaction_options_universal.max_size_amplification_percent: 200
2018/11/23-16:03:57.278929 7f59e86e0700 Options.compaction_options_universal.compression_size_percent: -1
2018/11/23-16:03:57.278931 7f59e86e0700 Options.compaction_options_universal.stop_style: kCompactionStopStyleTotalSize
2018/11/23-16:03:57.278932 7f59e86e0700 Options.compaction_options_fifo.max_table_files_size: 1073741824
2018/11/23-16:03:57.278933 7f59e86e0700 Options.compaction_options_fifo.allow_compaction: 0
2018/11/23-16:03:57.278934 7f59e86e0700 Options.compaction_options_fifo.ttl: 0
2018/11/23-16:03:57.278935 7f59e86e0700                   Options.table_properties_collectors: 
2018/11/23-16:03:57.278936 7f59e86e0700                   Options.inplace_update_support: 0
2018/11/23-16:03:57.278937 7f59e86e0700                 Options.inplace_update_num_locks: 10000
2018/11/23-16:03:57.278938 7f59e86e0700               Options.memtable_prefix_bloom_size_ratio: 0.000000
2018/11/23-16:03:57.278939 7f59e86e0700   Options.memtable_huge_page_size: 0
2018/11/23-16:03:57.278940 7f59e86e0700                           Options.bloom_locality: 0
2018/11/23-16:03:57.278941 7f59e86e0700                    Options.max_successive_merges: 0
2018/11/23-16:03:57.278942 7f59e86e0700                Options.optimize_filters_for_hits: 0
2018/11/23-16:03:57.278943 7f59e86e0700                Options.paranoid_file_checks: 0
2018/11/23-16:03:57.278944 7f59e86e0700                Options.force_consistency_checks: 0
2018/11/23-16:03:57.278945 7f59e86e0700                Options.report_bg_io_stats: 0
2018/11/23-16:03:57.278946 7f59e86e0700                               Options.ttl: 0
2018/11/23-16:03:57.279422 7f59e86e0700 [db/column_family.cc:475] --------------- Options for column family [usertable]:
2018/11/23-16:03:57.279427 7f59e86e0700               Options.comparator: leveldb.BytewiseComparator
2018/11/23-16:03:57.279428 7f59e86e0700           Options.merge_operator: None
2018/11/23-16:03:57.279429 7f59e86e0700        Options.compaction_filter: None
2018/11/23-16:03:57.279430 7f59e86e0700        Options.compaction_filter_factory: None
2018/11/23-16:03:57.279431 7f59e86e0700         Options.memtable_factory: SkipListFactory
2018/11/23-16:03:57.279432 7f59e86e0700            Options.table_factory: BlockBasedTable
2018/11/23-16:03:57.279459 7f59e86e0700            table_factory options:   flush_block_policy_factory: FlushBlockBySizePolicyFactory (0x7f590438ac80)
  cache_index_and_filter_blocks: 0
  cache_index_and_filter_blocks_with_high_priority: 0
  pin_l0_filter_and_index_blocks_in_cache: 0
  index_type: 0
  hash_index_allow_collision: 1
  checksum: 1
  no_block_cache: 0
  block_cache: 0x7f5904395be0
  block_cache_name: LRUCache
  block_cache_options:
    capacity : 8388608
    num_shard_bits : 4
    strict_capacity_limit : 0
    high_pri_pool_ratio: 0.000
  block_cache_compressed: (nil)
  persistent_cache: (nil)
  block_size: 8192
  block_size_deviation: 10
  block_restart_interval: 16
  index_block_restart_interval: 1
  metadata_block_size: 4096
  partition_filters: 0
  use_delta_encoding: 1
  filter_policy: nullptr
  whole_key_filtering: 1
  verify_compression: 0
  read_amp_bytes_per_bit: 0
  format_version: 2
  enable_index_compression: 1
  block_align: 0
2018/11/23-16:03:57.279473 7f59e86e0700        Options.write_buffer_size: 134217728
2018/11/23-16:03:57.279475 7f59e86e0700  Options.max_write_buffer_number: 24
2018/11/23-16:03:57.279476 7f59e86e0700        Options.compression[0]: NoCompression
2018/11/23-16:03:57.279477 7f59e86e0700        Options.compression[1]: NoCompression
2018/11/23-16:03:57.279478 7f59e86e0700        Options.compression[2]: LZ4
2018/11/23-16:03:57.279479 7f59e86e0700        Options.compression[3]: LZ4
2018/11/23-16:03:57.279480 7f59e86e0700        Options.compression[4]: LZ4
2018/11/23-16:03:57.279481 7f59e86e0700        Options.compression[5]: LZ4
2018/11/23-16:03:57.279482 7f59e86e0700        Options.compression[6]: LZ4
2018/11/23-16:03:57.279483 7f59e86e0700                  Options.bottommost_compression: Disabled
2018/11/23-16:03:57.279484 7f59e86e0700       Options.prefix_extractor: nullptr
2018/11/23-16:03:57.279485 7f59e86e0700   Options.memtable_insert_with_hint_prefix_extractor: nullptr
2018/11/23-16:03:57.279486 7f59e86e0700             Options.num_levels: 7
2018/11/23-16:03:57.279487 7f59e86e0700        Options.min_write_buffer_number_to_merge: 2
2018/11/23-16:03:57.279488 7f59e86e0700     Options.max_write_buffer_number_to_maintain: 0
2018/11/23-16:03:57.279488 7f59e86e0700            Options.compression_opts.window_bits: -14
2018/11/23-16:03:57.279489 7f59e86e0700                  Options.compression_opts.level: -1
2018/11/23-16:03:57.279490 7f59e86e0700               Options.compression_opts.strategy: 0
2018/11/23-16:03:57.279491 7f59e86e0700         Options.compression_opts.max_dict_bytes: 0
2018/11/23-16:03:57.279492 7f59e86e0700         Options.compression_opts.zstd_max_train_bytes: 0
2018/11/23-16:03:57.279493 7f59e86e0700      Options.level0_file_num_compaction_trigger: 2
2018/11/23-16:03:57.279494 7f59e86e0700          Options.level0_slowdown_writes_trigger: 20
2018/11/23-16:03:57.279495 7f59e86e0700              Options.level0_stop_writes_trigger: 36
2018/11/23-16:03:57.279495 7f59e86e0700                   Options.target_file_size_base: 67108864
2018/11/23-16:03:57.279496 7f59e86e0700             Options.target_file_size_multiplier: 1
2018/11/23-16:03:57.279497 7f59e86e0700                Options.max_bytes_for_level_base: 536870912
2018/11/23-16:03:57.279498 7f59e86e0700 Options.level_compaction_dynamic_level_bytes: 0
2018/11/23-16:03:57.279499 7f59e86e0700          Options.max_bytes_for_level_multiplier: 10.000000
2018/11/23-16:03:57.279501 7f59e86e0700 Options.max_bytes_for_level_multiplier_addtl[0]: 1
2018/11/23-16:03:57.279502 7f59e86e0700 Options.max_bytes_for_level_multiplier_addtl[1]: 1
2018/11/23-16:03:57.279503 7f59e86e0700 Options.max_bytes_for_level_multiplier_addtl[2]: 1
2018/11/23-16:03:57.279504 7f59e86e0700 Options.max_bytes_for_level_multiplier_addtl[3]: 1
2018/11/23-16:03:57.279505 7f59e86e0700 Options.max_bytes_for_level_multiplier_addtl[4]: 1
2018/11/23-16:03:57.279506 7f59e86e0700 Options.max_bytes_for_level_multiplier_addtl[5]: 1
2018/11/23-16:03:57.279507 7f59e86e0700 Options.max_bytes_for_level_multiplier_addtl[6]: 1
2018/11/23-16:03:57.279507 7f59e86e0700       Options.max_sequential_skip_in_iterations: 8
2018/11/23-16:03:57.279508 7f59e86e0700                    Options.max_compaction_bytes: 1677721600
2018/11/23-16:03:57.279509 7f59e86e0700                        Options.arena_block_size: 16777216
2018/11/23-16:03:57.279510 7f59e86e0700   Options.soft_pending_compaction_bytes_limit: 68719476736
2018/11/23-16:03:57.279511 7f59e86e0700   Options.hard_pending_compaction_bytes_limit: 274877906944
2018/11/23-16:03:57.279512 7f59e86e0700       Options.rate_limit_delay_max_milliseconds: 100
2018/11/23-16:03:57.279513 7f59e86e0700                Options.disable_auto_compactions: 0
2018/11/23-16:03:57.279514 7f59e86e0700                        Options.compaction_style: kCompactionStyleLevel
2018/11/23-16:03:57.279521 7f59e86e0700                          Options.compaction_pri: kByCompensatedSize
2018/11/23-16:03:57.279523 7f59e86e0700 Options.compaction_options_universal.size_ratio: 1
2018/11/23-16:03:57.279524 7f59e86e0700 Options.compaction_options_universal.min_merge_width: 2
2018/11/23-16:03:57.279524 7f59e86e0700 Options.compaction_options_universal.max_merge_width: 4294967295
2018/11/23-16:03:57.279525 7f59e86e0700 Options.compaction_options_universal.max_size_amplification_percent: 200
2018/11/23-16:03:57.279526 7f59e86e0700 Options.compaction_options_universal.compression_size_percent: -1
2018/11/23-16:03:57.279527 7f59e86e0700 Options.compaction_options_universal.stop_style: kCompactionStopStyleTotalSize
2018/11/23-16:03:57.279528 7f59e86e0700 Options.compaction_options_fifo.max_table_files_size: 1073741824
2018/11/23-16:03:57.279529 7f59e86e0700 Options.compaction_options_fifo.allow_compaction: 0
2018/11/23-16:03:57.279530 7f59e86e0700 Options.compaction_options_fifo.ttl: 0
2018/11/23-16:03:57.279531 7f59e86e0700                   Options.table_properties_collectors: 
2018/11/23-16:03:57.279532 7f59e86e0700                   Options.inplace_update_support: 0
2018/11/23-16:03:57.279533 7f59e86e0700                 Options.inplace_update_num_locks: 10000
2018/11/23-16:03:57.279534 7f59e86e0700               Options.memtable_prefix_bloom_size_ratio: 0.000000
2018/11/23-16:03:57.279535 7f59e86e0700   Options.memtable_huge_page_size: 0
2018/11/23-16:03:57.279536 7f59e86e0700                           Options.bloom_locality: 0
2018/11/23-16:03:57.279537 7f59e86e0700                    Options.max_successive_merges: 0
2018/11/23-16:03:57.279538 7f59e86e0700                Options.optimize_filters_for_hits: 0
2018/11/23-16:03:57.279539 7f59e86e0700                Options.paranoid_file_checks: 0
2018/11/23-16:03:57.279540 7f59e86e0700                Options.force_consistency_checks: 0
2018/11/23-16:03:57.279540 7f59e86e0700                Options.report_bg_io_stats: 0
2018/11/23-16:03:57.279541 7f59e86e0700                               Options.ttl: 0
2018/11/23-16:03:57.803516 7f59e86e0700 [db/version_set.cc:3361] Recovered from manifest file:/mnt/sdb/ycsb-rocksdb-data/MANIFEST-000004 succeeded,manifest_file_number is 4, next_file_number is 1223, last_sequence is 10417953, log_number is 0,prev_log_number is 0,max_column_family is 1,min_log_number_to_keep is 0
2018/11/23-16:03:57.803528 7f59e86e0700 [db/version_set.cc:3369] Column family [default] (ID 0), log number is 0
2018/11/23-16:03:57.803529 7f59e86e0700 [db/version_set.cc:3369] Column family [usertable] (ID 1), log number is 1216
2018/11/23-16:03:57.805514 7f59e86e0700 EVENT_LOG_v1 {"time_micros": 1543017837805495, "job": 1, "event": "recovery_started", "log_files": [1216, 1222]}
2018/11/23-16:03:57.805522 7f59e86e0700 [db/db_impl_open.cc:551] Recovering log #1216 mode 2
2018/11/23-16:03:58.148354 7f59e86e0700 [db/db_impl_open.cc:551] Recovering log #1222 mode 2
2018/11/23-16:03:59.384811 7f59e86e0700 EVENT_LOG_v1 {"time_micros": 1543017839384786, "cf_name": "usertable", "job": 1, "event": "table_file_creation", "file_number": 1223, "file_size": 129895354, "table_properties": {"data_size": 129317909, "index_size": 576523, "filter_size": 0, "raw_key_size": 752760, "raw_average_key_size": 24, "raw_value_size": 128471040, "raw_average_value_size": 4096, "num_data_blocks": 15683, "num_entries": 31365, "filter_policy_name": "", "kDeletedKeys": "0", "kMergeOperands": "0"}}
2018/11/23-16:03:59.931643 7f59e86e0700 [db/version_set.cc:2847] Creating manifest 1224
2018/11/23-16:04:00.285171 7f59e86e0700 EVENT_LOG_v1 {"time_micros": 1543017840285147, "cf_name": "usertable", "job": 1, "event": "table_file_creation", "file_number": 1225, "file_size": 74938969, "table_properties": {"data_size": 74603572, "index_size": 334475, "filter_size": 0, "raw_key_size": 434256, "raw_average_key_size": 24, "raw_value_size": 74113024, "raw_average_value_size": 4096, "num_data_blocks": 9047, "num_entries": 18094, "filter_policy_name": "", "kDeletedKeys": "0", "kMergeOperands": "0"}}
2018/11/23-16:04:00.313316 7f59e86e0700 EVENT_LOG_v1 {"time_micros": 1543017840313312, "job": 1, "event": "recovery_finished"}
2018/11/23-16:04:00.373522 7f59e86e0700 [db/db_impl_open.cc:1219] DB pointer 0x7f59043e0d70
2018/11/23-16:04:00.373910 7f59e26d0700 [WARN] [db/db_impl.cc:491] ------- DUMPING STATS -------
2018/11/23-16:04:00.373971 7f59e26d0700 [WARN] [db/db_impl.cc:492] 
** DB Stats **
Uptime(secs): 3.1 total, 3.1 interval
Cumulative writes: 0 writes, 0 keys, 0 commit groups, 0.0 writes per commit group, ingest: 0.00 GB, 0.00 MB/s
Cumulative WAL: 0 writes, 0 syncs, 0.00 writes per sync, written: 0.00 GB, 0.00 MB/s
Cumulative stall: 00:00:0.000 H:M:S, 0.0 percent
Interval writes: 0 writes, 0 keys, 0 commit groups, 0.0 writes per commit group, ingest: 0.00 MB, 0.00 MB/s
Interval WAL: 0 writes, 0 syncs, 0.00 writes per sync, written: 0.00 MB, 0.00 MB/s
Interval stall: 00:00:0.000 H:M:S, 0.0 percent

** Compaction Stats [default] **
Level    Files   Size     Score Read(GB)  Rn(GB) Rnp1(GB) Write(GB) Wnew(GB) Moved(GB) W-Amp Rd(MB/s) Wr(MB/s) Comp(sec) Comp(cnt) Avg(sec) KeyIn KeyDrop
----------------------------------------------------------------------------------------------------------------------------------------------------------
 Sum      0/0    0.00 KB   0.0      0.0     0.0      0.0       0.0      0.0       0.0   0.0      0.0      0.0         0         0    0.000       0      0
 Int      0/0    0.00 KB   0.0      0.0     0.0      0.0       0.0      0.0       0.0   0.0      0.0      0.0         0         0    0.000       0      0
Uptime(secs): 3.1 total, 3.1 interval
Flush(GB): cumulative 0.000, interval 0.000
AddFile(GB): cumulative 0.000, interval 0.000
AddFile(Total Files): cumulative 0, interval 0
AddFile(L0 Files): cumulative 0, interval 0
AddFile(Keys): cumulative 0, interval 0
Cumulative compaction: 0.00 GB write, 0.00 MB/s write, 0.00 GB read, 0.00 MB/s read, 0.0 seconds
Interval compaction: 0.00 GB write, 0.00 MB/s write, 0.00 GB read, 0.00 MB/s read, 0.0 seconds
Stalls(count): 0 level0_slowdown, 0 level0_slowdown_with_compaction, 0 level0_numfiles, 0 level0_numfiles_with_compaction, 0 stop for pending_compaction_bytes, 0 slowdown for pending_compaction_bytes, 0 memtable_compaction, 0 memtable_slowdown, interval 0 total count

** File Read Latency Histogram By Level [default] **

** Compaction Stats [usertable] **
Level    Files   Size     Score Read(GB)  Rn(GB) Rnp1(GB) Write(GB) Wnew(GB) Moved(GB) W-Amp Rd(MB/s) Wr(MB/s) Comp(sec) Comp(cnt) Avg(sec) KeyIn KeyDrop
----------------------------------------------------------------------------------------------------------------------------------------------------------
  L0      3/0   387.29 MB   1.5      0.0     0.0      0.0       0.2      0.2       0.0   1.0      0.0    128.4         2         2    0.760       0      0
  L1      2/0   407.91 MB   0.8      0.0     0.0      0.0       0.0      0.0       0.0   0.0      0.0      0.0         0         0    0.000       0      0
  L2    126/0    4.98 GB   1.0      0.0     0.0      0.0       0.0      0.0       0.0   0.0      0.0      0.0         0         0    0.000       0      0
  L3    562/0   34.42 GB   0.7      0.0     0.0      0.0       0.0      0.0       0.0   0.0      0.0      0.0         0         0    0.000       0      0
 Sum    693/0   40.18 GB   0.0      0.0     0.0      0.0       0.2      0.2       0.0   1.0      0.0    128.4         2         2    0.760       0      0
 Int      0/0    0.00 KB   0.0      0.0     0.0      0.0       0.2      0.2       0.0   1.0      0.0    128.4         2         2    0.760       0      0
Uptime(secs): 3.1 total, 3.1 interval
Flush(GB): cumulative 0.191, interval 0.191
AddFile(GB): cumulative 0.000, interval 0.000
AddFile(Total Files): cumulative 0, interval 0
AddFile(L0 Files): cumulative 0, interval 0
AddFile(Keys): cumulative 0, interval 0
Cumulative compaction: 0.19 GB write, 63.13 MB/s write, 0.00 GB read, 0.00 MB/s read, 1.5 seconds
Interval compaction: 0.19 GB write, 63.13 MB/s write, 0.00 GB read, 0.00 MB/s read, 1.5 seconds
Stalls(count): 0 level0_slowdown, 0 level0_slowdown_with_compaction, 0 level0_numfiles, 0 level0_numfiles_with_compaction, 0 stop for pending_compaction_bytes, 0 slowdown for pending_compaction_bytes, 0 memtable_compaction, 0 memtable_slowdown, interval 0 total count

** File Read Latency Histogram By Level [usertable] **

** Compaction Stats [default] **
Level    Files   Size     Score Read(GB)  Rn(GB) Rnp1(GB) Write(GB) Wnew(GB) Moved(GB) W-Amp Rd(MB/s) Wr(MB/s) Comp(sec) Comp(cnt) Avg(sec) KeyIn KeyDrop
----------------------------------------------------------------------------------------------------------------------------------------------------------
 Sum      0/0    0.00 KB   0.0      0.0     0.0      0.0       0.0      0.0       0.0   0.0      0.0      0.0         0         0    0.000       0      0
 Int      0/0    0.00 KB   0.0      0.0     0.0      0.0       0.0      0.0       0.0   0.0      0.0      0.0         0         0    0.000       0      0
Uptime(secs): 3.1 total, 0.0 interval
Flush(GB): cumulative 0.000, interval 0.000
AddFile(GB): cumulative 0.000, interval 0.000
AddFile(Total Files): cumulative 0, interval 0
AddFile(L0 Files): cumulative 0, interval 0
AddFile(Keys): cumulative 0, interval 0
Cumulative compaction: 0.00 GB write, 0.00 MB/s write, 0.00 GB read, 0.00 MB/s read, 0.0 seconds
Interval compaction: 0.00 GB write, 0.00 MB/s write, 0.00 GB read, 0.00 MB/s read, 0.0 seconds
Stalls(count): 0 level0_slowdown, 0 level0_slowdown_with_compaction, 0 level0_numfiles, 0 level0_numfiles_with_compaction, 0 stop for pending_compaction_bytes, 0 slowdown for pending_compaction_bytes, 0 memtable_compaction, 0 memtable_slowdown, interval 0 total count

** File Read Latency Histogram By Level [default] **

** Compaction Stats [usertable] **
Level    Files   Size     Score Read(GB)  Rn(GB) Rnp1(GB) Write(GB) Wnew(GB) Moved(GB) W-Amp Rd(MB/s) Wr(MB/s) Comp(sec) Comp(cnt) Avg(sec) KeyIn KeyDrop
----------------------------------------------------------------------------------------------------------------------------------------------------------
  L0      3/0   387.29 MB   1.5      0.0     0.0      0.0       0.2      0.2       0.0   1.0      0.0    128.4         2         2    0.760       0      0
  L1      2/0   407.91 MB   0.8      0.0     0.0      0.0       0.0      0.0       0.0   0.0      0.0      0.0         0         0    0.000       0      0
  L2    126/0    4.98 GB   1.0      0.0     0.0      0.0       0.0      0.0       0.0   0.0      0.0      0.0         0         0    0.000       0      0
  L3    562/0   34.42 GB   0.7      0.0     0.0      0.0       0.0      0.0       0.0   0.0      0.0      0.0         0         0    0.000       0      0
 Sum    693/0   40.18 GB   0.0      0.0     0.0      0.0       0.2      0.2       0.0   1.0      0.0    128.4         2         2    0.760       0      0
 Int      0/0    0.00 KB   0.0      0.0     0.0      0.0       0.0      0.0       0.0   0.0      0.0      0.0         0         0    0.000       0      0
Uptime(secs): 3.1 total, 0.0 interval
Flush(GB): cumulative 0.191, interval 0.000
AddFile(GB): cumulative 0.000, interval 0.000
AddFile(Total Files): cumulative 0, interval 0
AddFile(L0 Files): cumulative 0, interval 0
AddFile(Keys): cumulative 0, interval 0
Cumulative compaction: 0.19 GB write, 63.13 MB/s write, 0.00 GB read, 0.00 MB/s read, 1.5 seconds
Interval compaction: 0.00 GB write, 0.00 MB/s write, 0.00 GB read, 0.00 MB/s read, 0.0 seconds
Stalls(count): 0 level0_slowdown, 0 level0_slowdown_with_compaction, 0 level0_numfiles, 0 level0_numfiles_with_compaction, 0 stop for pending_compaction_bytes, 0 slowdown for pending_compaction_bytes, 0 memtable_compaction, 0 memtable_slowdown, interval 0 total count

** File Read Latency Histogram By Level [usertable] **
2018/11/23-16:04:00.479779 7f59e26d0700 (Original Log Time 2018/11/23-16:04:00.374113) [db/db_impl_compaction_flush.cc:1835] [usertable] Moving #923 to level-1 201272162 bytes
2018/11/23-16:04:00.479782 7f59e26d0700 (Original Log Time 2018/11/23-16:04:00.479718) EVENT_LOG_v1 {"time_micros": 1543017840479711, "job": 3, "event": "trivial_move", "destination_level": 1, "files": 1, "total_files_size": 201272162}
2018/11/23-16:04:00.479784 7f59e26d0700 (Original Log Time 2018/11/23-16:04:00.479728) [db/db_impl_compaction_flush.cc:1864] [usertable] Moved #1 files to level-1 201272162 bytes OK: base level 1 max bytes base 536870912 files[2 3 126 562 0 0 0] max score 1.17
2018/11/23-16:04:00.479851 7f59e26d0700 [db/compaction_job.cc:1531] [usertable] [JOB 4] Compacting 1@1 files to L2, score 1.17
2018/11/23-16:04:00.479858 7f59e26d0700 [db/compaction_job.cc:1535] [usertable] Compaction start summary: Base version 6 Base level 1, inputs: [125(215MB)]
2018/11/23-16:04:00.479888 7f59e26d0700 EVENT_LOG_v1 {"time_micros": 1543017840479864, "job": 4, "event": "compaction_started", "compaction_reason": "LevelMaxLevelSize", "files_L1": [125], "score": 1.1716, "input_data_size": 226372843}
2018/11/23-16:04:01.072882 7f59e26d0700 [db/compaction_job.cc:1211] [usertable] [JOB 4] Generated table #1229: 16279 keys, 67233520 bytes
2018/11/23-16:04:01.072928 7f59e26d0700 EVENT_LOG_v1 {"time_micros": 1543017841072906, "cf_name": "usertable", "job": 4, "event": "table_file_creation", "file_number": 1229, "file_size": 67233520, "table_properties": {"data_size": 67120140, "index_size": 300916, "filter_size": 0, "raw_key_size": 390696, "raw_average_key_size": 24, "raw_value_size": 66678784, "raw_average_value_size": 4096, "num_data_blocks": 8140, "num_entries": 16279, "filter_policy_name": "", "kDeletedKeys": "0", "kMergeOperands": "0"}}
2018/11/23-16:04:01.672076 7f59e26d0700 [db/compaction_job.cc:1211] [usertable] [JOB 4] Generated table #1230: 16279 keys, 67233345 bytes
2018/11/23-16:04:01.672115 7f59e26d0700 EVENT_LOG_v1 {"time_micros": 1543017841672102, "cf_name": "usertable", "job": 4, "event": "table_file_creation", "file_number": 1230, "file_size": 67233345, "table_properties": {"data_size": 67118331, "index_size": 299107, "filter_size": 0, "raw_key_size": 390696, "raw_average_key_size": 24, "raw_value_size": 66678784, "raw_average_value_size": 4096, "num_data_blocks": 8140, "num_entries": 16279, "filter_policy_name": "", "kDeletedKeys": "0", "kMergeOperands": "0"}}
2018/11/23-16:04:02.284041 7f59e26d0700 [db/compaction_job.cc:1211] [usertable] [JOB 4] Generated table #1231: 16279 keys, 67233534 bytes
2018/11/23-16:04:02.284084 7f59e26d0700 EVENT_LOG_v1 {"time_micros": 1543017842284066, "cf_name": "usertable", "job": 4, "event": "table_file_creation", "file_number": 1231, "file_size": 67233534, "table_properties": {"data_size": 67120138, "index_size": 300916, "filter_size": 0, "raw_key_size": 390696, "raw_average_key_size": 24, "raw_value_size": 66678784, "raw_average_value_size": 4096, "num_data_blocks": 8140, "num_entries": 16279, "filter_policy_name": "", "kDeletedKeys": "0", "kMergeOperands": "0"}}
2018/11/23-16:04:02.512637 7f59e26d0700 [db/compaction_job.cc:1211] [usertable] [JOB 4] Generated table #1232: 5821 keys, 24041777 bytes
2018/11/23-16:04:02.512677 7f59e26d0700 EVENT_LOG_v1 {"time_micros": 1543017842512662, "cf_name": "usertable", "job": 4, "event": "table_file_creation", "file_number": 1232, "file_size": 24041777, "table_properties": {"data_size": 23999997, "index_size": 106796, "filter_size": 0, "raw_key_size": 139704, "raw_average_key_size": 24, "raw_value_size": 23842816, "raw_average_value_size": 4096, "num_data_blocks": 2911, "num_entries": 5821, "filter_policy_name": "", "kDeletedKeys": "0", "kMergeOperands": "0"}}
2018/11/23-16:04:02.512724 7f59e26d0700 [db/compaction_job.cc:1287] [usertable] [JOB 4] Compacted 1@1 files to L2 => 225742176 bytes
2018/11/23-16:04:02.615876 7f59e26d0700 (Original Log Time 2018/11/23-16:04:02.615773) [db/compaction_job.cc:685] [usertable] compacted to: base level 1 max bytes base 536870912 files[2 2 130 562 0 0 0] max score 1.04, MB/sec: 111.4 rd, 111.0 wr, level 2, files in(1, 0) out(4) MB in(215.9, 0.0) out(215.3), read-write-amplify(2.0) write-amplify(1.0) OK, records in: 54658, records dropped: 0 output_compression: LZ4
2018/11/23-16:04:02.615884 7f59e26d0700 (Original Log Time 2018/11/23-16:04:02.615811) EVENT_LOG_v1 {"time_micros": 1543017842615790, "job": 4, "event": "compaction_finished", "compaction_time_micros": 2032800, "output_level": 2, "num_output_files": 4, "total_output_size": 225742176, "num_input_records": 54658, "num_output_records": 54658, "num_subcompactions": 1, "output_compression": "LZ4", "num_single_delete_mismatches": 0, "num_single_delete_fallthrough": 0, "lsm_state": [2, 2, 130, 562, 0, 0, 0]}
2018/11/23-16:04:02.695447 7f59e26d0700 (Original Log Time 2018/11/23-16:04:02.616153) [db/db_impl_compaction_flush.cc:1835] [usertable] Moving #1231 to level-3 67233534 bytes
2018/11/23-16:04:02.695451 7f59e26d0700 (Original Log Time 2018/11/23-16:04:02.695395) EVENT_LOG_v1 {"time_micros": 1543017842695388, "job": 5, "event": "trivial_move", "destination_level": 3, "files": 1, "total_files_size": 67233534}
2018/11/23-16:04:02.695453 7f59e26d0700 (Original Log Time 2018/11/23-16:04:02.695410) [db/db_impl_compaction_flush.cc:1864] [usertable] Moved #1 files to level-3 67233534 bytes OK: base level 1 max bytes base 536870912 files[2 2 129 563 0 0 0] max score 1.03
2018/11/23-16:04:02.715325 7f59e26d0700 EVENT_LOG_v1 {"time_micros": 1543017842715315, "job": 5, "event": "table_file_deletion", "file_number": 125}
2018/11/23-16:04:02.770390 7f59e0ecd700 (Original Log Time 2018/11/23-16:04:02.715549) [db/db_impl_compaction_flush.cc:1835] [usertable] Moving #1229 to level-3 67233520 bytes
2018/11/23-16:04:02.770394 7f59e0ecd700 (Original Log Time 2018/11/23-16:04:02.770335) EVENT_LOG_v1 {"time_micros": 1543017842770329, "job": 6, "event": "trivial_move", "destination_level": 3, "files": 1, "total_files_size": 67233520}
2018/11/23-16:04:02.770396 7f59e0ecd700 (Original Log Time 2018/11/23-16:04:02.770347) [db/db_impl_compaction_flush.cc:1864] [usertable] Moved #1 files to level-3 67233520 bytes OK: base level 1 max bytes base 536870912 files[2 2 128 564 0 0 0] max score 1.01
2018/11/23-16:04:02.830536 7f59e0ecd700 (Original Log Time 2018/11/23-16:04:02.770551) [db/db_impl_compaction_flush.cc:1835] [usertable] Moving #1230 to level-3 67233345 bytes
2018/11/23-16:04:02.830540 7f59e0ecd700 (Original Log Time 2018/11/23-16:04:02.830488) EVENT_LOG_v1 {"time_micros": 1543017842830484, "job": 7, "event": "trivial_move", "destination_level": 3, "files": 1, "total_files_size": 67233345}
2018/11/23-16:04:02.830541 7f59e0ecd700 (Original Log Time 2018/11/23-16:04:02.830495) [db/db_impl_compaction_flush.cc:1864] [usertable] Moved #1 files to level-3 67233345 bytes OK: base level 1 max bytes base 536870912 files[2 2 127 565 0 0 0] max score 1.00
2018/11/23-16:04:02.891913 7f59e0ecd700 (Original Log Time 2018/11/23-16:04:02.830701) [db/db_impl_compaction_flush.cc:1835] [usertable] Moving #528 to level-3 49110916 bytes
2018/11/23-16:04:02.891917 7f59e0ecd700 (Original Log Time 2018/11/23-16:04:02.891844) EVENT_LOG_v1 {"time_micros": 1543017842891834, "job": 8, "event": "trivial_move", "destination_level": 3, "files": 1, "total_files_size": 49110916}
