2018/10/31-18:33:09.921881 7fe9ad7ed700 RocksDB version: 5.14.3
2018/10/31-18:33:09.921955 7fe9ad7ed700 Git sha rocksdb_build_git_sha:
2018/10/31-18:33:09.921958 7fe9ad7ed700 Compile date Oct 15 2018
2018/10/31-18:33:09.921962 7fe9ad7ed700 DB SUMMARY
2018/10/31-18:33:09.922361 7fe9ad7ed700 CURRENT file:  CURRENT
2018/10/31-18:33:09.922365 7fe9ad7ed700 IDENTITY file:  IDENTITY
2018/10/31-18:33:09.922378 7fe9ad7ed700 MANIFEST file:  MANIFEST-008875 size: 62087 Bytes
2018/10/31-18:33:09.922381 7fe9ad7ed700 SST files in /mnt/sdb1/ycsb-rocksdb-data dir, Total Num: 286, files: 003107.sst 004796.sst 005343.sst 005400.sst 005579.sst 005645.sst 005776.sst 005835.sst 005836.sst 
2018/10/31-18:33:09.922382 7fe9ad7ed700 Write Ahead Log file in /mnt/sdb1/ycsb-rocksdb-data: 009480.log size: 111989972 ; 009532.log size: 49520658 ; 
2018/10/31-18:33:09.922388 7fe9ad7ed700                         Options.error_if_exists: 0
2018/10/31-18:33:09.922390 7fe9ad7ed700                       Options.create_if_missing: 1
2018/10/31-18:33:09.922390 7fe9ad7ed700                         Options.paranoid_checks: 1
2018/10/31-18:33:09.922391 7fe9ad7ed700                                     Options.env: 0x7fe9acfc83e0
2018/10/31-18:33:09.922392 7fe9ad7ed700                                Options.info_log: 0x7fe9303cf650
2018/10/31-18:33:09.922393 7fe9ad7ed700                Options.max_file_opening_threads: 16
2018/10/31-18:33:09.922394 7fe9ad7ed700                              Options.statistics: (nil)
2018/10/31-18:33:09.922395 7fe9ad7ed700                               Options.use_fsync: 0
2018/10/31-18:33:09.922396 7fe9ad7ed700                       Options.max_log_file_size: 0
2018/10/31-18:33:09.922397 7fe9ad7ed700                  Options.max_manifest_file_size: 18446744073709551615
2018/10/31-18:33:09.922398 7fe9ad7ed700                   Options.log_file_time_to_roll: 0
2018/10/31-18:33:09.922399 7fe9ad7ed700                       Options.keep_log_file_num: 1000
2018/10/31-18:33:09.922400 7fe9ad7ed700                    Options.recycle_log_file_num: 0
2018/10/31-18:33:09.922401 7fe9ad7ed700                         Options.allow_fallocate: 1
2018/10/31-18:33:09.922402 7fe9ad7ed700                        Options.allow_mmap_reads: 0
2018/10/31-18:33:09.922403 7fe9ad7ed700                       Options.allow_mmap_writes: 0
2018/10/31-18:33:09.922403 7fe9ad7ed700                        Options.use_direct_reads: 0
2018/10/31-18:33:09.922404 7fe9ad7ed700                        Options.use_direct_io_for_flush_and_compaction: 0
2018/10/31-18:33:09.922405 7fe9ad7ed700          Options.create_missing_column_families: 1
2018/10/31-18:33:09.922406 7fe9ad7ed700                              Options.db_log_dir: 
2018/10/31-18:33:09.922407 7fe9ad7ed700                                 Options.wal_dir: /mnt/sdb1/ycsb-rocksdb-data
2018/10/31-18:33:09.922408 7fe9ad7ed700                Options.table_cache_numshardbits: 6
2018/10/31-18:33:09.922409 7fe9ad7ed700                      Options.max_subcompactions: 4
2018/10/31-18:33:09.922410 7fe9ad7ed700                  Options.max_background_flushes: 24
2018/10/31-18:33:09.922410 7fe9ad7ed700                         Options.WAL_ttl_seconds: 0
2018/10/31-18:33:09.922411 7fe9ad7ed700                       Options.WAL_size_limit_MB: 0
2018/10/31-18:33:09.922412 7fe9ad7ed700             Options.manifest_preallocation_size: 4194304
2018/10/31-18:33:09.922413 7fe9ad7ed700                     Options.is_fd_close_on_exec: 1
2018/10/31-18:33:09.922414 7fe9ad7ed700                   Options.advise_random_on_open: 1
2018/10/31-18:33:09.922415 7fe9ad7ed700                    Options.db_write_buffer_size: 0
2018/10/31-18:33:09.922415 7fe9ad7ed700                    Options.write_buffer_manager: 0x7fe9303cc2e0
2018/10/31-18:33:09.922416 7fe9ad7ed700         Options.access_hint_on_compaction_start: 1
2018/10/31-18:33:09.922417 7fe9ad7ed700  Options.new_table_reader_for_compaction_inputs: 0
2018/10/31-18:33:09.922418 7fe9ad7ed700           Options.random_access_max_buffer_size: 1048576
2018/10/31-18:33:09.922419 7fe9ad7ed700                      Options.use_adaptive_mutex: 0
2018/10/31-18:33:09.922420 7fe9ad7ed700                            Options.rate_limiter: (nil)
2018/10/31-18:33:09.922435 7fe9ad7ed700     Options.sst_file_manager.rate_bytes_per_sec: 0
2018/10/31-18:33:09.922437 7fe9ad7ed700                       Options.wal_recovery_mode: 2
2018/10/31-18:33:09.922438 7fe9ad7ed700                  Options.enable_thread_tracking: 0
2018/10/31-18:33:09.922439 7fe9ad7ed700                  Options.enable_pipelined_write: 1
2018/10/31-18:33:09.922440 7fe9ad7ed700         Options.allow_concurrent_memtable_write: 1
2018/10/31-18:33:09.922440 7fe9ad7ed700      Options.enable_write_thread_adaptive_yield: 1
2018/10/31-18:33:09.922441 7fe9ad7ed700             Options.write_thread_max_yield_usec: 100
2018/10/31-18:33:09.922442 7fe9ad7ed700            Options.write_thread_slow_yield_usec: 3
2018/10/31-18:33:09.922443 7fe9ad7ed700                               Options.row_cache: None
2018/10/31-18:33:09.922444 7fe9ad7ed700                              Options.wal_filter: None
2018/10/31-18:33:09.922445 7fe9ad7ed700             Options.avoid_flush_during_recovery: 0
2018/10/31-18:33:09.922446 7fe9ad7ed700             Options.allow_ingest_behind: 0
2018/10/31-18:33:09.922446 7fe9ad7ed700             Options.preserve_deletes: 0
2018/10/31-18:33:09.922447 7fe9ad7ed700             Options.two_write_queues: 0
2018/10/31-18:33:09.922448 7fe9ad7ed700             Options.manual_wal_flush: 0
2018/10/31-18:33:09.922450 7fe9ad7ed700             Options.max_background_jobs: 24
2018/10/31-18:33:09.922451 7fe9ad7ed700             Options.max_background_compactions: 24
2018/10/31-18:33:09.922452 7fe9ad7ed700             Options.avoid_flush_during_shutdown: 0
2018/10/31-18:33:09.922453 7fe9ad7ed700           Options.writable_file_max_buffer_size: 1048576
2018/10/31-18:33:09.922454 7fe9ad7ed700             Options.delayed_write_rate : 16777216
2018/10/31-18:33:09.922455 7fe9ad7ed700             Options.max_total_wal_size: 0
2018/10/31-18:33:09.922455 7fe9ad7ed700             Options.delete_obsolete_files_period_micros: 21600000000
2018/10/31-18:33:09.922456 7fe9ad7ed700                   Options.stats_dump_period_sec: 60
2018/10/31-18:33:09.922457 7fe9ad7ed700                          Options.max_open_files: -1
2018/10/31-18:33:09.922458 7fe9ad7ed700                          Options.bytes_per_sync: 1048576
2018/10/31-18:33:09.922459 7fe9ad7ed700                      Options.wal_bytes_per_sync: 0
2018/10/31-18:33:09.922460 7fe9ad7ed700       Options.compaction_readahead_size: 0
2018/10/31-18:33:09.922461 7fe9ad7ed700 Compression algorithms supported:
2018/10/31-18:33:09.922462 7fe9ad7ed700 	kZSTDNotFinalCompression supported: 1
2018/10/31-18:33:09.922471 7fe9ad7ed700 	kZSTD supported: 1
2018/10/31-18:33:09.922473 7fe9ad7ed700 	kXpressCompression supported: 0
2018/10/31-18:33:09.922474 7fe9ad7ed700 	kLZ4HCCompression supported: 1
2018/10/31-18:33:09.922475 7fe9ad7ed700 	kLZ4Compression supported: 1
2018/10/31-18:33:09.922476 7fe9ad7ed700 	kBZip2Compression supported: 1
2018/10/31-18:33:09.922477 7fe9ad7ed700 	kZlibCompression supported: 1
2018/10/31-18:33:09.922478 7fe9ad7ed700 	kSnappyCompression supported: 1
2018/10/31-18:33:09.922482 7fe9ad7ed700 Fast CRC32 supported: Supported on x86
2018/10/31-18:33:09.922964 7fe9ad7ed700 [db/version_set.cc:3085] Recovering from manifest file: MANIFEST-008875
2018/10/31-18:33:09.923057 7fe9ad7ed700 [db/column_family.cc:475] --------------- Options for column family [default]:
2018/10/31-18:33:09.923061 7fe9ad7ed700               Options.comparator: leveldb.BytewiseComparator
2018/10/31-18:33:09.923062 7fe9ad7ed700           Options.merge_operator: None
2018/10/31-18:33:09.923063 7fe9ad7ed700        Options.compaction_filter: None
2018/10/31-18:33:09.923064 7fe9ad7ed700        Options.compaction_filter_factory: None
2018/10/31-18:33:09.923065 7fe9ad7ed700         Options.memtable_factory: SkipListFactory
2018/10/31-18:33:09.923066 7fe9ad7ed700            Options.table_factory: BlockBasedTable
2018/10/31-18:33:09.923094 7fe9ad7ed700            table_factory options:   flush_block_policy_factory: FlushBlockBySizePolicyFactory (0x7fe930380540)
  cache_index_and_filter_blocks: 0
  cache_index_and_filter_blocks_with_high_priority: 0
  pin_l0_filter_and_index_blocks_in_cache: 0
  index_type: 0
  hash_index_allow_collision: 1
  checksum: 1
  no_block_cache: 0
  block_cache: 0x7fe930389f40
  block_cache_name: LRUCache
  block_cache_options:
    capacity : 8388608
    num_shard_bits : 4
    strict_capacity_limit : 0
    high_pri_pool_ratio: 0.000
  block_cache_compressed: (nil)
  persistent_cache: (nil)
  block_size: 8192
  block_size_deviation: 10
  block_restart_interval: 16
  index_block_restart_interval: 1
  metadata_block_size: 4096
  partition_filters: 0
  use_delta_encoding: 1
  filter_policy: nullptr
  whole_key_filtering: 1
  verify_compression: 0
  read_amp_bytes_per_bit: 0
  format_version: 2
  enable_index_compression: 1
  block_align: 0
2018/10/31-18:33:09.923107 7fe9ad7ed700        Options.write_buffer_size: 134217728
2018/10/31-18:33:09.923108 7fe9ad7ed700  Options.max_write_buffer_number: 24
2018/10/31-18:33:09.923110 7fe9ad7ed700        Options.compression[0]: NoCompression
2018/10/31-18:33:09.923111 7fe9ad7ed700        Options.compression[1]: NoCompression
2018/10/31-18:33:09.923112 7fe9ad7ed700        Options.compression[2]: LZ4
2018/10/31-18:33:09.923113 7fe9ad7ed700        Options.compression[3]: LZ4
2018/10/31-18:33:09.923114 7fe9ad7ed700        Options.compression[4]: LZ4
2018/10/31-18:33:09.923114 7fe9ad7ed700        Options.compression[5]: LZ4
2018/10/31-18:33:09.923115 7fe9ad7ed700        Options.compression[6]: LZ4
2018/10/31-18:33:09.923116 7fe9ad7ed700                  Options.bottommost_compression: Disabled
2018/10/31-18:33:09.923117 7fe9ad7ed700       Options.prefix_extractor: nullptr
2018/10/31-18:33:09.923118 7fe9ad7ed700   Options.memtable_insert_with_hint_prefix_extractor: nullptr
2018/10/31-18:33:09.923119 7fe9ad7ed700             Options.num_levels: 7
2018/10/31-18:33:09.923120 7fe9ad7ed700        Options.min_write_buffer_number_to_merge: 2
2018/10/31-18:33:09.923121 7fe9ad7ed700     Options.max_write_buffer_number_to_maintain: 0
2018/10/31-18:33:09.923122 7fe9ad7ed700            Options.compression_opts.window_bits: -14
2018/10/31-18:33:09.923123 7fe9ad7ed700                  Options.compression_opts.level: -1
2018/10/31-18:33:09.923124 7fe9ad7ed700               Options.compression_opts.strategy: 0
2018/10/31-18:33:09.923124 7fe9ad7ed700         Options.compression_opts.max_dict_bytes: 0
2018/10/31-18:33:09.923125 7fe9ad7ed700         Options.compression_opts.zstd_max_train_bytes: 0
2018/10/31-18:33:09.923126 7fe9ad7ed700      Options.level0_file_num_compaction_trigger: 2
2018/10/31-18:33:09.923127 7fe9ad7ed700          Options.level0_slowdown_writes_trigger: 20
2018/10/31-18:33:09.923128 7fe9ad7ed700              Options.level0_stop_writes_trigger: 36
2018/10/31-18:33:09.923129 7fe9ad7ed700                   Options.target_file_size_base: 67108864
2018/10/31-18:33:09.923130 7fe9ad7ed700             Options.target_file_size_multiplier: 1
2018/10/31-18:33:09.923131 7fe9ad7ed700                Options.max_bytes_for_level_base: 536870912
2018/10/31-18:33:09.923132 7fe9ad7ed700 Options.level_compaction_dynamic_level_bytes: 0
2018/10/31-18:33:09.923133 7fe9ad7ed700          Options.max_bytes_for_level_multiplier: 10.000000
2018/10/31-18:33:09.923135 7fe9ad7ed700 Options.max_bytes_for_level_multiplier_addtl[0]: 1
2018/10/31-18:33:09.923136 7fe9ad7ed700 Options.max_bytes_for_level_multiplier_addtl[1]: 1
2018/10/31-18:33:09.923137 7fe9ad7ed700 Options.max_bytes_for_level_multiplier_addtl[2]: 1
2018/10/31-18:33:09.923138 7fe9ad7ed700 Options.max_bytes_for_level_multiplier_addtl[3]: 1
2018/10/31-18:33:09.923139 7fe9ad7ed700 Options.max_bytes_for_level_multiplier_addtl[4]: 1
2018/10/31-18:33:09.923140 7fe9ad7ed700 Options.max_bytes_for_level_multiplier_addtl[5]: 1
2018/10/31-18:33:09.923140 7fe9ad7ed700 Options.max_bytes_for_level_multiplier_addtl[6]: 1
2018/10/31-18:33:09.923141 7fe9ad7ed700       Options.max_sequential_skip_in_iterations: 8
2018/10/31-18:33:09.923142 7fe9ad7ed700                    Options.max_compaction_bytes: 1677721600
2018/10/31-18:33:09.923149 7fe9ad7ed700                        Options.arena_block_size: 16777216
2018/10/31-18:33:09.923150 7fe9ad7ed700   Options.soft_pending_compaction_bytes_limit: 68719476736
2018/10/31-18:33:09.923151 7fe9ad7ed700   Options.hard_pending_compaction_bytes_limit: 274877906944
2018/10/31-18:33:09.923152 7fe9ad7ed700       Options.rate_limit_delay_max_milliseconds: 100
2018/10/31-18:33:09.923153 7fe9ad7ed700                Options.disable_auto_compactions: 0
2018/10/31-18:33:09.923156 7fe9ad7ed700                        Options.compaction_style: kCompactionStyleLevel
2018/10/31-18:33:09.923157 7fe9ad7ed700                          Options.compaction_pri: kByCompensatedSize
2018/10/31-18:33:09.923158 7fe9ad7ed700 Options.compaction_options_universal.size_ratio: 1
2018/10/31-18:33:09.923159 7fe9ad7ed700 Options.compaction_options_universal.min_merge_width: 2
2018/10/31-18:33:09.923160 7fe9ad7ed700 Options.compaction_options_universal.max_merge_width: 4294967295
2018/10/31-18:33:09.923161 7fe9ad7ed700 Options.compaction_options_universal.max_size_amplification_percent: 200
2018/10/31-18:33:09.923162 7fe9ad7ed700 Options.compaction_options_universal.compression_size_percent: -1
2018/10/31-18:33:09.923164 7fe9ad7ed700 Options.compaction_options_universal.stop_style: kCompactionStopStyleTotalSize
2018/10/31-18:33:09.923165 7fe9ad7ed700 Options.compaction_options_fifo.max_table_files_size: 1073741824
2018/10/31-18:33:09.923165 7fe9ad7ed700 Options.compaction_options_fifo.allow_compaction: 0
2018/10/31-18:33:09.923166 7fe9ad7ed700 Options.compaction_options_fifo.ttl: 0
2018/10/31-18:33:09.923167 7fe9ad7ed700                   Options.table_properties_collectors: 
2018/10/31-18:33:09.923168 7fe9ad7ed700                   Options.inplace_update_support: 0
2018/10/31-18:33:09.923169 7fe9ad7ed700                 Options.inplace_update_num_locks: 10000
2018/10/31-18:33:09.923170 7fe9ad7ed700               Options.memtable_prefix_bloom_size_ratio: 0.000000
2018/10/31-18:33:09.923172 7fe9ad7ed700   Options.memtable_huge_page_size: 0
2018/10/31-18:33:09.923173 7fe9ad7ed700                           Options.bloom_locality: 0
2018/10/31-18:33:09.923174 7fe9ad7ed700                    Options.max_successive_merges: 0
2018/10/31-18:33:09.923175 7fe9ad7ed700                Options.optimize_filters_for_hits: 0
2018/10/31-18:33:09.923176 7fe9ad7ed700                Options.paranoid_file_checks: 0
2018/10/31-18:33:09.923176 7fe9ad7ed700                Options.force_consistency_checks: 0
2018/10/31-18:33:09.923177 7fe9ad7ed700                Options.report_bg_io_stats: 0
2018/10/31-18:33:09.923178 7fe9ad7ed700                               Options.ttl: 0
2018/10/31-18:33:09.923764 7fe9ad7ed700 [db/column_family.cc:475] --------------- Options for column family [usertable]:
2018/10/31-18:33:09.923768 7fe9ad7ed700               Options.comparator: leveldb.BytewiseComparator
2018/10/31-18:33:09.923769 7fe9ad7ed700           Options.merge_operator: None
2018/10/31-18:33:09.923769 7fe9ad7ed700        Options.compaction_filter: None
2018/10/31-18:33:09.923770 7fe9ad7ed700        Options.compaction_filter_factory: None
2018/10/31-18:33:09.923771 7fe9ad7ed700         Options.memtable_factory: SkipListFactory
2018/10/31-18:33:09.923772 7fe9ad7ed700            Options.table_factory: BlockBasedTable
2018/10/31-18:33:09.923795 7fe9ad7ed700            table_factory options:   flush_block_policy_factory: FlushBlockBySizePolicyFactory (0x7fe930380520)
  cache_index_and_filter_blocks: 0
  cache_index_and_filter_blocks_with_high_priority: 0
  pin_l0_filter_and_index_blocks_in_cache: 0
  index_type: 0
  hash_index_allow_collision: 1
  checksum: 1
  no_block_cache: 0
  block_cache: 0x7fe93037f830
  block_cache_name: LRUCache
  block_cache_options:
    capacity : 8388608
    num_shard_bits : 4
    strict_capacity_limit : 0
    high_pri_pool_ratio: 0.000
  block_cache_compressed: (nil)
  persistent_cache: (nil)
  block_size: 8192
  block_size_deviation: 10
  block_restart_interval: 16
  index_block_restart_interval: 1
  metadata_block_size: 4096
  partition_filters: 0
  use_delta_encoding: 1
  filter_policy: nullptr
  whole_key_filtering: 1
  verify_compression: 0
  read_amp_bytes_per_bit: 0
  format_version: 2
  enable_index_compression: 1
  block_align: 0
2018/10/31-18:33:09.923808 7fe9ad7ed700        Options.write_buffer_size: 134217728
2018/10/31-18:33:09.923810 7fe9ad7ed700  Options.max_write_buffer_number: 24
2018/10/31-18:33:09.923811 7fe9ad7ed700        Options.compression[0]: NoCompression
2018/10/31-18:33:09.923812 7fe9ad7ed700        Options.compression[1]: NoCompression
2018/10/31-18:33:09.923813 7fe9ad7ed700        Options.compression[2]: LZ4
2018/10/31-18:33:09.923814 7fe9ad7ed700        Options.compression[3]: LZ4
2018/10/31-18:33:09.923815 7fe9ad7ed700        Options.compression[4]: LZ4
2018/10/31-18:33:09.923815 7fe9ad7ed700        Options.compression[5]: LZ4
2018/10/31-18:33:09.923816 7fe9ad7ed700        Options.compression[6]: LZ4
2018/10/31-18:33:09.923817 7fe9ad7ed700                  Options.bottommost_compression: Disabled
2018/10/31-18:33:09.923818 7fe9ad7ed700       Options.prefix_extractor: nullptr
2018/10/31-18:33:09.923819 7fe9ad7ed700   Options.memtable_insert_with_hint_prefix_extractor: nullptr
2018/10/31-18:33:09.923820 7fe9ad7ed700             Options.num_levels: 7
2018/10/31-18:33:09.923821 7fe9ad7ed700        Options.min_write_buffer_number_to_merge: 2
2018/10/31-18:33:09.923822 7fe9ad7ed700     Options.max_write_buffer_number_to_maintain: 0
2018/10/31-18:33:09.923822 7fe9ad7ed700            Options.compression_opts.window_bits: -14
2018/10/31-18:33:09.923823 7fe9ad7ed700                  Options.compression_opts.level: -1
2018/10/31-18:33:09.923824 7fe9ad7ed700               Options.compression_opts.strategy: 0
2018/10/31-18:33:09.923825 7fe9ad7ed700         Options.compression_opts.max_dict_bytes: 0
2018/10/31-18:33:09.923826 7fe9ad7ed700         Options.compression_opts.zstd_max_train_bytes: 0
2018/10/31-18:33:09.923827 7fe9ad7ed700      Options.level0_file_num_compaction_trigger: 2
2018/10/31-18:33:09.923828 7fe9ad7ed700          Options.level0_slowdown_writes_trigger: 20
2018/10/31-18:33:09.923828 7fe9ad7ed700              Options.level0_stop_writes_trigger: 36
2018/10/31-18:33:09.923829 7fe9ad7ed700                   Options.target_file_size_base: 67108864
2018/10/31-18:33:09.923830 7fe9ad7ed700             Options.target_file_size_multiplier: 1
2018/10/31-18:33:09.923831 7fe9ad7ed700                Options.max_bytes_for_level_base: 536870912
2018/10/31-18:33:09.923832 7fe9ad7ed700 Options.level_compaction_dynamic_level_bytes: 0
2018/10/31-18:33:09.923833 7fe9ad7ed700          Options.max_bytes_for_level_multiplier: 10.000000
2018/10/31-18:33:09.923835 7fe9ad7ed700 Options.max_bytes_for_level_multiplier_addtl[0]: 1
2018/10/31-18:33:09.923836 7fe9ad7ed700 Options.max_bytes_for_level_multiplier_addtl[1]: 1
2018/10/31-18:33:09.923837 7fe9ad7ed700 Options.max_bytes_for_level_multiplier_addtl[2]: 1
2018/10/31-18:33:09.923838 7fe9ad7ed700 Options.max_bytes_for_level_multiplier_addtl[3]: 1
2018/10/31-18:33:09.923838 7fe9ad7ed700 Options.max_bytes_for_level_multiplier_addtl[4]: 1
2018/10/31-18:33:09.923839 7fe9ad7ed700 Options.max_bytes_for_level_multiplier_addtl[5]: 1
2018/10/31-18:33:09.923840 7fe9ad7ed700 Options.max_bytes_for_level_multiplier_addtl[6]: 1
2018/10/31-18:33:09.923841 7fe9ad7ed700       Options.max_sequential_skip_in_iterations: 8
2018/10/31-18:33:09.923842 7fe9ad7ed700                    Options.max_compaction_bytes: 1677721600
2018/10/31-18:33:09.923843 7fe9ad7ed700                        Options.arena_block_size: 16777216
2018/10/31-18:33:09.923844 7fe9ad7ed700   Options.soft_pending_compaction_bytes_limit: 68719476736
2018/10/31-18:33:09.923844 7fe9ad7ed700   Options.hard_pending_compaction_bytes_limit: 274877906944
2018/10/31-18:33:09.923845 7fe9ad7ed700       Options.rate_limit_delay_max_milliseconds: 100
2018/10/31-18:33:09.923846 7fe9ad7ed700                Options.disable_auto_compactions: 0
2018/10/31-18:33:09.923848 7fe9ad7ed700                        Options.compaction_style: kCompactionStyleLevel
2018/10/31-18:33:09.923855 7fe9ad7ed700                          Options.compaction_pri: kByCompensatedSize
2018/10/31-18:33:09.923856 7fe9ad7ed700 Options.compaction_options_universal.size_ratio: 1
2018/10/31-18:33:09.923857 7fe9ad7ed700 Options.compaction_options_universal.min_merge_width: 2
2018/10/31-18:33:09.923858 7fe9ad7ed700 Options.compaction_options_universal.max_merge_width: 4294967295
2018/10/31-18:33:09.923859 7fe9ad7ed700 Options.compaction_options_universal.max_size_amplification_percent: 200
2018/10/31-18:33:09.923860 7fe9ad7ed700 Options.compaction_options_universal.compression_size_percent: -1
2018/10/31-18:33:09.923861 7fe9ad7ed700 Options.compaction_options_universal.stop_style: kCompactionStopStyleTotalSize
2018/10/31-18:33:09.923862 7fe9ad7ed700 Options.compaction_options_fifo.max_table_files_size: 1073741824
2018/10/31-18:33:09.923862 7fe9ad7ed700 Options.compaction_options_fifo.allow_compaction: 0
2018/10/31-18:33:09.923863 7fe9ad7ed700 Options.compaction_options_fifo.ttl: 0
2018/10/31-18:33:09.923864 7fe9ad7ed700                   Options.table_properties_collectors: 
2018/10/31-18:33:09.923865 7fe9ad7ed700                   Options.inplace_update_support: 0
2018/10/31-18:33:09.923866 7fe9ad7ed700                 Options.inplace_update_num_locks: 10000
2018/10/31-18:33:09.923867 7fe9ad7ed700               Options.memtable_prefix_bloom_size_ratio: 0.000000
2018/10/31-18:33:09.923868 7fe9ad7ed700   Options.memtable_huge_page_size: 0
2018/10/31-18:33:09.923869 7fe9ad7ed700                           Options.bloom_locality: 0
2018/10/31-18:33:09.923870 7fe9ad7ed700                    Options.max_successive_merges: 0
2018/10/31-18:33:09.923871 7fe9ad7ed700                Options.optimize_filters_for_hits: 0
2018/10/31-18:33:09.923872 7fe9ad7ed700                Options.paranoid_file_checks: 0
2018/10/31-18:33:09.923873 7fe9ad7ed700                Options.force_consistency_checks: 0
2018/10/31-18:33:09.923873 7fe9ad7ed700                Options.report_bg_io_stats: 0
2018/10/31-18:33:09.923874 7fe9ad7ed700                               Options.ttl: 0
2018/10/31-18:33:10.166566 7fe9ad7ed700 [db/version_set.cc:3361] Recovered from manifest file:/mnt/sdb1/ycsb-rocksdb-data/MANIFEST-008875 succeeded,manifest_file_number is 8875, next_file_number is 9532, last_sequence is 20877722, log_number is 0,prev_log_number is 0,max_column_family is 1,min_log_number_to_keep is 0
2018/10/31-18:33:10.166579 7fe9ad7ed700 [db/version_set.cc:3369] Column family [default] (ID 0), log number is 8871
2018/10/31-18:33:10.166581 7fe9ad7ed700 [db/version_set.cc:3369] Column family [usertable] (ID 1), log number is 9480
2018/10/31-18:33:10.167665 7fe9ad7ed700 EVENT_LOG_v1 {"time_micros": 1541035990167645, "job": 1, "event": "recovery_started", "log_files": [9480, 9532]}
2018/10/31-18:33:10.167673 7fe9ad7ed700 [db/db_impl_open.cc:551] Recovering log #9480 mode 2
2018/10/31-18:33:10.506238 7fe9ad7ed700 [db/db_impl_open.cc:551] Recovering log #9532 mode 2
2018/10/31-18:33:10.951149 7fe9ad7ed700 EVENT_LOG_v1 {"time_micros": 1541035990951120, "cf_name": "usertable", "job": 1, "event": "table_file_creation", "file_number": 9533, "file_size": 91594040, "table_properties": {"data_size": 91203764, "index_size": 389354, "filter_size": 0, "raw_key_size": 530784, "raw_average_key_size": 24, "raw_value_size": 90587136, "raw_average_value_size": 4096, "num_data_blocks": 11058, "num_entries": 22116, "filter_policy_name": "", "kDeletedKeys": "0", "kMergeOperands": "0"}}
2018/10/31-18:33:11.054323 7fe9ad7ed700 [db/version_set.cc:2847] Creating manifest 9534
2018/10/31-18:33:11.243003 7fe9ad7ed700 EVENT_LOG_v1 {"time_micros": 1541035991242981, "cf_name": "usertable", "job": 1, "event": "table_file_creation", "file_number": 9535, "file_size": 24319665, "table_properties": {"data_size": 24217187, "index_size": 101557, "filter_size": 0, "raw_key_size": 140928, "raw_average_key_size": 24, "raw_value_size": 24051712, "raw_average_value_size": 4096, "num_data_blocks": 2936, "num_entries": 5872, "filter_policy_name": "", "kDeletedKeys": "0", "kMergeOperands": "0"}}
2018/10/31-18:33:11.271950 7fe9ad7ed700 EVENT_LOG_v1 {"time_micros": 1541035991271947, "job": 1, "event": "recovery_finished"}
2018/10/31-18:33:11.332901 7fe9ad7ed700 [db/db_impl_open.cc:1219] DB pointer 0x7fe9303ce6e0
2018/10/31-18:33:11.333191 7fe8bbfff700 [WARN] [db/db_impl.cc:491] ------- DUMPING STATS -------
2018/10/31-18:33:11.333246 7fe8bbfff700 [WARN] [db/db_impl.cc:492] 
** DB Stats **
Uptime(secs): 1.4 total, 1.4 interval
Cumulative writes: 0 writes, 0 keys, 0 commit groups, 0.0 writes per commit group, ingest: 0.00 GB, 0.00 MB/s
Cumulative WAL: 0 writes, 0 syncs, 0.00 writes per sync, written: 0.00 GB, 0.00 MB/s
Cumulative stall: 00:00:0.000 H:M:S, 0.0 percent
Interval writes: 0 writes, 0 keys, 0 commit groups, 0.0 writes per commit group, ingest: 0.00 MB, 0.00 MB/s
Interval WAL: 0 writes, 0 syncs, 0.00 writes per sync, written: 0.00 MB, 0.00 MB/s
Interval stall: 00:00:0.000 H:M:S, 0.0 percent

** Compaction Stats [default] **
Level    Files   Size     Score Read(GB)  Rn(GB) Rnp1(GB) Write(GB) Wnew(GB) Moved(GB) W-Amp Rd(MB/s) Wr(MB/s) Comp(sec) Comp(cnt) Avg(sec) KeyIn KeyDrop
----------------------------------------------------------------------------------------------------------------------------------------------------------
 Sum      0/0    0.00 KB   0.0      0.0     0.0      0.0       0.0      0.0       0.0   0.0      0.0      0.0         0         0    0.000       0      0
 Int      0/0    0.00 KB   0.0      0.0     0.0      0.0       0.0      0.0       0.0   0.0      0.0      0.0         0         0    0.000       0      0
Uptime(secs): 1.4 total, 1.4 interval
Flush(GB): cumulative 0.000, interval 0.000
AddFile(GB): cumulative 0.000, interval 0.000
AddFile(Total Files): cumulative 0, interval 0
AddFile(L0 Files): cumulative 0, interval 0
AddFile(Keys): cumulative 0, interval 0
Cumulative compaction: 0.00 GB write, 0.00 MB/s write, 0.00 GB read, 0.00 MB/s read, 0.0 seconds
Interval compaction: 0.00 GB write, 0.00 MB/s write, 0.00 GB read, 0.00 MB/s read, 0.0 seconds
Stalls(count): 0 level0_slowdown, 0 level0_slowdown_with_compaction, 0 level0_numfiles, 0 level0_numfiles_with_compaction, 0 stop for pending_compaction_bytes, 0 slowdown for pending_compaction_bytes, 0 memtable_compaction, 0 memtable_slowdown, interval 0 total count

** File Read Latency Histogram By Level [default] **

** Compaction Stats [usertable] **
Level    Files   Size     Score Read(GB)  Rn(GB) Rnp1(GB) Write(GB) Wnew(GB) Moved(GB) W-Amp Rd(MB/s) Wr(MB/s) Comp(sec) Comp(cnt) Avg(sec) KeyIn KeyDrop
----------------------------------------------------------------------------------------------------------------------------------------------------------
  L0      2/0   110.54 MB   1.0      0.0     0.0      0.0       0.1      0.1       0.0   1.0      0.0    212.6         1         2    0.260       0      0
  L1     12/0   504.63 MB   1.0      0.0     0.0      0.0       0.0      0.0       0.0   0.0      0.0      0.0         0         0    0.000       0      0
  L2     88/0    5.10 GB   1.0      0.0     0.0      0.0       0.0      0.0       0.0   0.0      0.0      0.0         0         0    0.000       0      0
  L3    186/0   10.02 GB   0.2      0.0     0.0      0.0       0.0      0.0       0.0   0.0      0.0      0.0         0         0    0.000       0      0
 Sum    288/0   15.72 GB   0.0      0.0     0.0      0.0       0.1      0.1       0.0   1.0      0.0    212.6         1         2    0.260       0      0
 Int      0/0    0.00 KB   0.0      0.0     0.0      0.0       0.1      0.1       0.0   1.0      0.0    212.6         1         2    0.260       0      0
Uptime(secs): 1.4 total, 1.4 interval
Flush(GB): cumulative 0.108, interval 0.108
AddFile(GB): cumulative 0.000, interval 0.000
AddFile(Total Files): cumulative 0, interval 0
AddFile(L0 Files): cumulative 0, interval 0
AddFile(Keys): cumulative 0, interval 0
Cumulative compaction: 0.11 GB write, 78.44 MB/s write, 0.00 GB read, 0.00 MB/s read, 0.5 seconds
Interval compaction: 0.11 GB write, 78.44 MB/s write, 0.00 GB read, 0.00 MB/s read, 0.5 seconds
Stalls(count): 0 level0_slowdown, 0 level0_slowdown_with_compaction, 0 level0_numfiles, 0 level0_numfiles_with_compaction, 0 stop for pending_compaction_bytes, 0 slowdown for pending_compaction_bytes, 0 memtable_compaction, 0 memtable_slowdown, interval 0 total count

** File Read Latency Histogram By Level [usertable] **

** Compaction Stats [default] **
Level    Files   Size     Score Read(GB)  Rn(GB) Rnp1(GB) Write(GB) Wnew(GB) Moved(GB) W-Amp Rd(MB/s) Wr(MB/s) Comp(sec) Comp(cnt) Avg(sec) KeyIn KeyDrop
----------------------------------------------------------------------------------------------------------------------------------------------------------
 Sum      0/0    0.00 KB   0.0      0.0     0.0      0.0       0.0      0.0       0.0   0.0      0.0      0.0         0         0    0.000       0      0
 Int      0/0    0.00 KB   0.0      0.0     0.0      0.0       0.0      0.0       0.0   0.0      0.0      0.0         0         0    0.000       0      0
Uptime(secs): 1.4 total, 0.0 interval
Flush(GB): cumulative 0.000, interval 0.000
AddFile(GB): cumulative 0.000, interval 0.000
AddFile(Total Files): cumulative 0, interval 0
AddFile(L0 Files): cumulative 0, interval 0
AddFile(Keys): cumulative 0, interval 0
Cumulative compaction: 0.00 GB write, 0.00 MB/s write, 0.00 GB read, 0.00 MB/s read, 0.0 seconds
Interval compaction: 0.00 GB write, 0.00 MB/s write, 0.00 GB read, 0.00 MB/s read, 0.0 seconds
Stalls(count): 0 level0_slowdown, 0 level0_slowdown_with_compaction, 0 level0_numfiles, 0 level0_numfiles_with_compaction, 0 stop for pending_compaction_bytes, 0 slowdown for pending_compaction_bytes, 0 memtable_compaction, 0 memtable_slowdown, interval 0 total count

** File Read Latency Histogram By Level [default] **

** Compaction Stats [usertable] **
Level    Files   Size     Score Read(GB)  Rn(GB) Rnp1(GB) Write(GB) Wnew(GB) Moved(GB) W-Amp Rd(MB/s) Wr(MB/s) Comp(sec) Comp(cnt) Avg(sec) KeyIn KeyDrop
----------------------------------------------------------------------------------------------------------------------------------------------------------
  L0      2/0   110.54 MB   1.0      0.0     0.0      0.0       0.1      0.1       0.0   1.0      0.0    212.6         1         2    0.260       0      0
  L1     12/0   504.63 MB   1.0      0.0     0.0      0.0       0.0      0.0       0.0   0.0      0.0      0.0         0         0    0.000       0      0
  L2     88/0    5.10 GB   1.0      0.0     0.0      0.0       0.0      0.0       0.0   0.0      0.0      0.0         0         0    0.000       0      0
  L3    186/0   10.02 GB   0.2      0.0     0.0      0.0       0.0      0.0       0.0   0.0      0.0      0.0         0         0    0.000       0      0
 Sum    288/0   15.72 GB   0.0      0.0     0.0      0.0       0.1      0.1       0.0   1.0      0.0    212.6         1         2    0.260       0      0
 Int      0/0    0.00 KB   0.0      0.0     0.0      0.0       0.0      0.0       0.0   0.0      0.0      0.0         0         0    0.000       0      0
Uptime(secs): 1.4 total, 0.0 interval
Flush(GB): cumulative 0.108, interval 0.000
AddFile(GB): cumulative 0.000, interval 0.000
AddFile(Total Files): cumulative 0, interval 0
AddFile(L0 Files): cumulative 0, interval 0
AddFile(Keys): cumulative 0, interval 0
Cumulative compaction: 0.11 GB write, 78.43 MB/s write, 0.00 GB read, 0.00 MB/s read, 0.5 seconds
Interval compaction: 0.00 GB write, 0.00 MB/s write, 0.00 GB read, 0.00 MB/s read, 0.0 seconds
Stalls(count): 0 level0_slowdown, 0 level0_slowdown_with_compaction, 0 level0_numfiles, 0 level0_numfiles_with_compaction, 0 stop for pending_compaction_bytes, 0 slowdown for pending_compaction_bytes, 0 memtable_compaction, 0 memtable_slowdown, interval 0 total count

** File Read Latency Histogram By Level [usertable] **
2018/10/31-18:33:11.333367 7fe8bbfff700 [db/compaction_job.cc:1531] [usertable] [JOB 3] Compacting 1@2 + 3@3 files to L3, score 1.02
2018/10/31-18:33:11.333374 7fe8bbfff700 [db/compaction_job.cc:1535] [usertable] Compaction start summary: Base version 5 Base level 2, inputs: [9509(64MB)], [8751(34MB) 5835(64MB) 5836(54MB)]
2018/10/31-18:33:11.333402 7fe8bbfff700 EVENT_LOG_v1 {"time_micros": 1541035991333380, "job": 3, "event": "compaction_started", "compaction_reason": "LevelMaxLevelSize", "files_L2": [9509], "files_L3": [8751, 5835, 5836], "score": 1.01989, "input_data_size": 228460385}
2018/10/31-18:33:11.989284 7fe8bbfff700 [db/compaction_job.cc:1211] [usertable] [JOB 3] Generated table #9539: 16279 keys, 67233316 bytes
2018/10/31-18:33:11.989327 7fe8bbfff700 EVENT_LOG_v1 {"time_micros": 1541035991989310, "cf_name": "usertable", "job": 3, "event": "table_file_creation", "file_number": 9539, "file_size": 67233316, "table_properties": {"data_size": 67118331, "index_size": 299108, "filter_size": 0, "raw_key_size": 390696, "raw_average_key_size": 24, "raw_value_size": 66678784, "raw_average_value_size": 4096, "num_data_blocks": 8140, "num_entries": 16279, "filter_policy_name": "", "kDeletedKeys": "0", "kMergeOperands": "0"}}
2018/10/31-18:33:12.753625 7fe8bbfff700 [db/compaction_job.cc:1211] [usertable] [JOB 3] Generated table #9540: 16279 keys, 67233570 bytes
2018/10/31-18:33:12.753659 7fe8bbfff700 EVENT_LOG_v1 {"time_micros": 1541035992753645, "cf_name": "usertable", "job": 3, "event": "table_file_creation", "file_number": 9540, "file_size": 67233570, "table_properties": {"data_size": 67120140, "index_size": 300916, "filter_size": 0, "raw_key_size": 390696, "raw_average_key_size": 24, "raw_value_size": 66678784, "raw_average_value_size": 4096, "num_data_blocks": 8140, "num_entries": 16279, "filter_policy_name": "", "kDeletedKeys": "0", "kMergeOperands": "0"}}
2018/10/31-18:33:13.003637 7fe8bbfff700 [db/compaction_job.cc:1211] [usertable] [JOB 3] Generated table #9541: 6472 keys, 26730383 bytes
2018/10/31-18:33:13.003672 7fe8bbfff700 EVENT_LOG_v1 {"time_micros": 1541035993003657, "cf_name": "usertable", "job": 3, "event": "table_file_creation", "file_number": 9541, "file_size": 26730383, "table_properties": {"data_size": 26684056, "index_size": 118748, "filter_size": 0, "raw_key_size": 155328, "raw_average_key_size": 24, "raw_value_size": 26509312, "raw_average_value_size": 4096, "num_data_blocks": 3236, "num_entries": 6472, "filter_policy_name": "", "kDeletedKeys": "0", "kMergeOperands": "0"}}
2018/10/31-18:33:13.003715 7fe8bbfff700 [db/compaction_job.cc:1287] [usertable] [JOB 3] Compacted 1@2 + 3@3 files to L3 => 161197269 bytes
2018/10/31-18:33:13.033245 7fe8bbfff700 (Original Log Time 2018/10/31-18:33:13.033182) [db/compaction_job.cc:685] [usertable] compacted to: base level 1 max bytes base 536870912 files[2 12 87 186 0 0 0] max score 1.01, MB/sec: 136.8 rd, 96.5 wr, level 3, files in(1, 3) out(3) MB in(64.1, 153.7) out(153.7), read-write-amplify(5.8) write-amplify(2.4) OK, records in: 55309, records dropped: 16279 output_compression: LZ4
2018/10/31-18:33:13.033251 7fe8bbfff700 (Original Log Time 2018/10/31-18:33:13.033205) EVENT_LOG_v1 {"time_micros": 1541035993033195, "job": 3, "event": "compaction_finished", "compaction_time_micros": 1670268, "output_level": 3, "num_output_files": 3, "total_output_size": 161197269, "num_input_records": 55309, "num_output_records": 39030, "num_subcompactions": 1, "output_compression": "LZ4", "num_single_delete_mismatches": 0, "num_single_delete_fallthrough": 0, "lsm_state": [2, 12, 87, 186, 0, 0, 0]}
2018/10/31-18:33:13.033306 7fe8bbfff700 [db/compaction_job.cc:1531] [usertable] [JOB 4] Compacting 1@2 + 2@3 files to L3, score 1.01
2018/10/31-18:33:13.033312 7fe8bbfff700 [db/compaction_job.cc:1535] [usertable] Compaction start summary: Base version 6 Base level 2, inputs: [9507(64MB)], [5838(64MB) 5579(61MB)]
2018/10/31-18:33:13.033324 7fe8bbfff700 EVENT_LOG_v1 {"time_micros": 1541035993033316, "job": 4, "event": "compaction_started", "compaction_reason": "LevelMaxLevelSize", "files_L2": [9507], "files_L3": [5838, 5579], "score": 1.00736, "input_data_size": 199375866}
2018/10/31-18:33:13.739420 7fe8bbfff700 [db/compaction_job.cc:1211] [usertable] [JOB 4] Generated table #9542: 16279 keys, 67233366 bytes
2018/10/31-18:33:13.739456 7fe8bbfff700 EVENT_LOG_v1 {"time_micros": 1541035993739441, "cf_name": "usertable", "job": 4, "event": "table_file_creation", "file_number": 9542, "file_size": 67233366, "table_properties": {"data_size": 67118331, "index_size": 299108, "filter_size": 0, "raw_key_size": 390696, "raw_average_key_size": 24, "raw_value_size": 66678784, "raw_average_value_size": 4096, "num_data_blocks": 8140, "num_entries": 16279, "filter_policy_name": "", "kDeletedKeys": "0", "kMergeOperands": "0"}}
2018/10/31-18:33:14.338982 7fe8bbfff700 [db/compaction_job.cc:1211] [usertable] [JOB 4] Generated table #9543: 15709 keys, 64879444 bytes
2018/10/31-18:33:14.339017 7fe8bbfff700 EVENT_LOG_v1 {"time_micros": 1541035994339002, "cf_name": "usertable", "job": 4, "event": "table_file_creation", "file_number": 9543, "file_size": 64879444, "table_properties": {"data_size": 64769967, "index_size": 290371, "filter_size": 0, "raw_key_size": 377016, "raw_average_key_size": 24, "raw_value_size": 64344064, "raw_average_value_size": 4096, "num_data_blocks": 7855, "num_entries": 15709, "filter_policy_name": "", "kDeletedKeys": "0", "kMergeOperands": "0"}}
2018/10/31-18:33:14.339049 7fe8bbfff700 [db/compaction_job.cc:1287] [usertable] [JOB 4] Compacted 1@2 + 2@3 files to L3 => 132112810 bytes
2018/10/31-18:33:14.368192 7fe8bbfff700 (Original Log Time 2018/10/31-18:33:14.368113) [db/compaction_job.cc:685] [usertable] compacted to: base level 1 max bytes base 536870912 files[2 12 86 186 0 0 0] max score 1.00, MB/sec: 152.7 rd, 101.2 wr, level 3, files in(1, 2) out(2) MB in(64.1, 126.0) out(126.0), read-write-amplify(4.9) write-amplify(2.0) OK, records in: 48267, records dropped: 16279 output_compression: LZ4
2018/10/31-18:33:14.368198 7fe8bbfff700 (Original Log Time 2018/10/31-18:33:14.368132) EVENT_LOG_v1 {"time_micros": 1541035994368125, "job": 4, "event": "compaction_finished", "compaction_time_micros": 1305704, "output_level": 3, "num_output_files": 2, "total_output_size": 132112810, "num_input_records": 48267, "num_output_records": 31988, "num_subcompactions": 1, "output_compression": "LZ4", "num_single_delete_mismatches": 0, "num_single_delete_fallthrough": 0, "lsm_state": [2, 12, 86, 186, 0, 0, 0]}
2018/10/31-18:33:14.374254 7fe8bbfff700 EVENT_LOG_v1 {"time_micros": 1541035994374251, "job": 4, "event": "table_file_deletion", "file_number": 9509}
2018/10/31-18:33:14.377246 7fe8bbfff700 EVENT_LOG_v1 {"time_micros": 1541035994377243, "job": 4, "event": "table_file_deletion", "file_number": 8751}
2018/10/31-18:33:14.381827 7fe8bbfff700 EVENT_LOG_v1 {"time_micros": 1541035994381825, "job": 4, "event": "table_file_deletion", "file_number": 5836}
2018/10/31-18:33:14.387724 7fe8bbfff700 EVENT_LOG_v1 {"time_micros": 1541035994387720, "job": 4, "event": "table_file_deletion", "file_number": 5835}
2018/10/31-18:33:14.388010 7fe8bbfff700 [db/compaction_job.cc:1531] [usertable] [JOB 5] Compacting 2@0 + 12@1 files to L1, score 1.00
