2018/10/25-12:40:11.071145 7f35cadd8700 RocksDB version: 5.14.3
2018/10/25-12:40:11.071223 7f35cadd8700 Git sha rocksdb_build_git_sha:
2018/10/25-12:40:11.071226 7f35cadd8700 Compile date Oct 15 2018
2018/10/25-12:40:11.071231 7f35cadd8700 DB SUMMARY
2018/10/25-12:40:11.071406 7f35cadd8700 CURRENT file:  CURRENT
2018/10/25-12:40:11.071408 7f35cadd8700 IDENTITY file:  IDENTITY
2018/10/25-12:40:11.071416 7f35cadd8700 MANIFEST file:  MANIFEST-009377 size: 62074 Bytes
2018/10/25-12:40:11.071419 7f35cadd8700 SST files in /mnt/sdb1/ycsb-rocksdb-data dir, Total Num: 288, files: 003226.sst 005270.sst 005605.sst 005945.sst 006243.sst 006295.sst 006402.sst 006526.sst 006527.sst 
2018/10/25-12:40:11.071420 7f35cadd8700 Write Ahead Log file in /mnt/sdb1/ycsb-rocksdb-data: 010010.log size: 43909790 ; 
2018/10/25-12:40:11.071424 7f35cadd8700                         Options.error_if_exists: 0
2018/10/25-12:40:11.071425 7f35cadd8700                       Options.create_if_missing: 1
2018/10/25-12:40:11.071426 7f35cadd8700                         Options.paranoid_checks: 1
2018/10/25-12:40:11.071427 7f35cadd8700                                     Options.env: 0x7f35ca5b33e0
2018/10/25-12:40:11.071428 7f35cadd8700                                Options.info_log: 0x7f35803c97f0
2018/10/25-12:40:11.071429 7f35cadd8700                Options.max_file_opening_threads: 16
2018/10/25-12:40:11.071430 7f35cadd8700                              Options.statistics: (nil)
2018/10/25-12:40:11.071431 7f35cadd8700                               Options.use_fsync: 0
2018/10/25-12:40:11.071432 7f35cadd8700                       Options.max_log_file_size: 0
2018/10/25-12:40:11.071433 7f35cadd8700                  Options.max_manifest_file_size: 18446744073709551615
2018/10/25-12:40:11.071434 7f35cadd8700                   Options.log_file_time_to_roll: 0
2018/10/25-12:40:11.071435 7f35cadd8700                       Options.keep_log_file_num: 1000
2018/10/25-12:40:11.071436 7f35cadd8700                    Options.recycle_log_file_num: 0
2018/10/25-12:40:11.071437 7f35cadd8700                         Options.allow_fallocate: 1
2018/10/25-12:40:11.071437 7f35cadd8700                        Options.allow_mmap_reads: 0
2018/10/25-12:40:11.071438 7f35cadd8700                       Options.allow_mmap_writes: 0
2018/10/25-12:40:11.071439 7f35cadd8700                        Options.use_direct_reads: 0
2018/10/25-12:40:11.071440 7f35cadd8700                        Options.use_direct_io_for_flush_and_compaction: 0
2018/10/25-12:40:11.071441 7f35cadd8700          Options.create_missing_column_families: 1
2018/10/25-12:40:11.071442 7f35cadd8700                              Options.db_log_dir: 
2018/10/25-12:40:11.071443 7f35cadd8700                                 Options.wal_dir: /mnt/sdb1/ycsb-rocksdb-data
2018/10/25-12:40:11.071444 7f35cadd8700                Options.table_cache_numshardbits: 6
2018/10/25-12:40:11.071444 7f35cadd8700                      Options.max_subcompactions: 4
2018/10/25-12:40:11.071445 7f35cadd8700                  Options.max_background_flushes: 24
2018/10/25-12:40:11.071446 7f35cadd8700                         Options.WAL_ttl_seconds: 0
2018/10/25-12:40:11.071447 7f35cadd8700                       Options.WAL_size_limit_MB: 0
2018/10/25-12:40:11.071448 7f35cadd8700             Options.manifest_preallocation_size: 4194304
2018/10/25-12:40:11.071449 7f35cadd8700                     Options.is_fd_close_on_exec: 1
2018/10/25-12:40:11.071450 7f35cadd8700                   Options.advise_random_on_open: 1
2018/10/25-12:40:11.071450 7f35cadd8700                    Options.db_write_buffer_size: 0
2018/10/25-12:40:11.071451 7f35cadd8700                    Options.write_buffer_manager: 0x7f35803c64d0
2018/10/25-12:40:11.071452 7f35cadd8700         Options.access_hint_on_compaction_start: 1
2018/10/25-12:40:11.071453 7f35cadd8700  Options.new_table_reader_for_compaction_inputs: 0
2018/10/25-12:40:11.071454 7f35cadd8700           Options.random_access_max_buffer_size: 1048576
2018/10/25-12:40:11.071454 7f35cadd8700                      Options.use_adaptive_mutex: 0
2018/10/25-12:40:11.071455 7f35cadd8700                            Options.rate_limiter: (nil)
2018/10/25-12:40:11.071467 7f35cadd8700     Options.sst_file_manager.rate_bytes_per_sec: 0
2018/10/25-12:40:11.071469 7f35cadd8700                       Options.wal_recovery_mode: 2
2018/10/25-12:40:11.071469 7f35cadd8700                  Options.enable_thread_tracking: 0
2018/10/25-12:40:11.071470 7f35cadd8700                  Options.enable_pipelined_write: 1
2018/10/25-12:40:11.071471 7f35cadd8700         Options.allow_concurrent_memtable_write: 1
2018/10/25-12:40:11.071472 7f35cadd8700      Options.enable_write_thread_adaptive_yield: 1
2018/10/25-12:40:11.071473 7f35cadd8700             Options.write_thread_max_yield_usec: 100
2018/10/25-12:40:11.071474 7f35cadd8700            Options.write_thread_slow_yield_usec: 3
2018/10/25-12:40:11.071474 7f35cadd8700                               Options.row_cache: None
2018/10/25-12:40:11.071475 7f35cadd8700                              Options.wal_filter: None
2018/10/25-12:40:11.071476 7f35cadd8700             Options.avoid_flush_during_recovery: 0
2018/10/25-12:40:11.071477 7f35cadd8700             Options.allow_ingest_behind: 0
2018/10/25-12:40:11.071478 7f35cadd8700             Options.preserve_deletes: 0
2018/10/25-12:40:11.071479 7f35cadd8700             Options.two_write_queues: 0
2018/10/25-12:40:11.071480 7f35cadd8700             Options.manual_wal_flush: 0
2018/10/25-12:40:11.071482 7f35cadd8700             Options.max_background_jobs: 24
2018/10/25-12:40:11.071483 7f35cadd8700             Options.max_background_compactions: 24
2018/10/25-12:40:11.071483 7f35cadd8700             Options.avoid_flush_during_shutdown: 0
2018/10/25-12:40:11.071484 7f35cadd8700           Options.writable_file_max_buffer_size: 1048576
2018/10/25-12:40:11.071485 7f35cadd8700             Options.delayed_write_rate : 16777216
2018/10/25-12:40:11.071486 7f35cadd8700             Options.max_total_wal_size: 0
2018/10/25-12:40:11.071487 7f35cadd8700             Options.delete_obsolete_files_period_micros: 21600000000
2018/10/25-12:40:11.071488 7f35cadd8700                   Options.stats_dump_period_sec: 60
2018/10/25-12:40:11.071489 7f35cadd8700                          Options.max_open_files: -1
2018/10/25-12:40:11.071490 7f35cadd8700                          Options.bytes_per_sync: 1048576
2018/10/25-12:40:11.071491 7f35cadd8700                      Options.wal_bytes_per_sync: 0
2018/10/25-12:40:11.071492 7f35cadd8700       Options.compaction_readahead_size: 0
2018/10/25-12:40:11.071492 7f35cadd8700 Compression algorithms supported:
2018/10/25-12:40:11.071494 7f35cadd8700 	kZSTDNotFinalCompression supported: 1
2018/10/25-12:40:11.071504 7f35cadd8700 	kZSTD supported: 1
2018/10/25-12:40:11.071505 7f35cadd8700 	kXpressCompression supported: 0
2018/10/25-12:40:11.071506 7f35cadd8700 	kLZ4HCCompression supported: 1
2018/10/25-12:40:11.071507 7f35cadd8700 	kLZ4Compression supported: 1
2018/10/25-12:40:11.071509 7f35cadd8700 	kBZip2Compression supported: 1
2018/10/25-12:40:11.071510 7f35cadd8700 	kZlibCompression supported: 1
2018/10/25-12:40:11.071511 7f35cadd8700 	kSnappyCompression supported: 1
2018/10/25-12:40:11.071514 7f35cadd8700 Fast CRC32 supported: Supported on x86
2018/10/25-12:40:11.072214 7f35cadd8700 [db/version_set.cc:3085] Recovering from manifest file: MANIFEST-009377
2018/10/25-12:40:11.072305 7f35cadd8700 [db/column_family.cc:475] --------------- Options for column family [default]:
2018/10/25-12:40:11.072309 7f35cadd8700               Options.comparator: leveldb.BytewiseComparator
2018/10/25-12:40:11.072310 7f35cadd8700           Options.merge_operator: None
2018/10/25-12:40:11.072311 7f35cadd8700        Options.compaction_filter: None
2018/10/25-12:40:11.072312 7f35cadd8700        Options.compaction_filter_factory: None
2018/10/25-12:40:11.072313 7f35cadd8700         Options.memtable_factory: SkipListFactory
2018/10/25-12:40:11.072314 7f35cadd8700            Options.table_factory: BlockBasedTable
2018/10/25-12:40:11.072342 7f35cadd8700            table_factory options:   flush_block_policy_factory: FlushBlockBySizePolicyFactory (0x7f358038a070)
  cache_index_and_filter_blocks: 0
  cache_index_and_filter_blocks_with_high_priority: 0
  pin_l0_filter_and_index_blocks_in_cache: 0
  index_type: 0
  hash_index_allow_collision: 1
  checksum: 1
  no_block_cache: 0
  block_cache: 0x7f3580393a30
  block_cache_name: LRUCache
  block_cache_options:
    capacity : 8388608
    num_shard_bits : 4
    strict_capacity_limit : 0
    high_pri_pool_ratio: 0.000
  block_cache_compressed: (nil)
  persistent_cache: (nil)
  block_size: 8192
  block_size_deviation: 10
  block_restart_interval: 16
  index_block_restart_interval: 1
  metadata_block_size: 4096
  partition_filters: 0
  use_delta_encoding: 1
  filter_policy: nullptr
  whole_key_filtering: 1
  verify_compression: 0
  read_amp_bytes_per_bit: 0
  format_version: 2
  enable_index_compression: 1
  block_align: 0
2018/10/25-12:40:11.072356 7f35cadd8700        Options.write_buffer_size: 134217728
2018/10/25-12:40:11.072357 7f35cadd8700  Options.max_write_buffer_number: 24
2018/10/25-12:40:11.072358 7f35cadd8700        Options.compression[0]: NoCompression
2018/10/25-12:40:11.072359 7f35cadd8700        Options.compression[1]: NoCompression
2018/10/25-12:40:11.072361 7f35cadd8700        Options.compression[2]: LZ4
2018/10/25-12:40:11.072361 7f35cadd8700        Options.compression[3]: LZ4
2018/10/25-12:40:11.072362 7f35cadd8700        Options.compression[4]: LZ4
2018/10/25-12:40:11.072363 7f35cadd8700        Options.compression[5]: LZ4
2018/10/25-12:40:11.072364 7f35cadd8700        Options.compression[6]: LZ4
2018/10/25-12:40:11.072365 7f35cadd8700                  Options.bottommost_compression: Disabled
2018/10/25-12:40:11.072366 7f35cadd8700       Options.prefix_extractor: nullptr
2018/10/25-12:40:11.072367 7f35cadd8700   Options.memtable_insert_with_hint_prefix_extractor: nullptr
2018/10/25-12:40:11.072368 7f35cadd8700             Options.num_levels: 7
2018/10/25-12:40:11.072369 7f35cadd8700        Options.min_write_buffer_number_to_merge: 2
2018/10/25-12:40:11.072370 7f35cadd8700     Options.max_write_buffer_number_to_maintain: 0
2018/10/25-12:40:11.072371 7f35cadd8700            Options.compression_opts.window_bits: -14
2018/10/25-12:40:11.072372 7f35cadd8700                  Options.compression_opts.level: -1
2018/10/25-12:40:11.072372 7f35cadd8700               Options.compression_opts.strategy: 0
2018/10/25-12:40:11.072373 7f35cadd8700         Options.compression_opts.max_dict_bytes: 0
2018/10/25-12:40:11.072374 7f35cadd8700         Options.compression_opts.zstd_max_train_bytes: 0
2018/10/25-12:40:11.072375 7f35cadd8700      Options.level0_file_num_compaction_trigger: 2
2018/10/25-12:40:11.072376 7f35cadd8700          Options.level0_slowdown_writes_trigger: 20
2018/10/25-12:40:11.072377 7f35cadd8700              Options.level0_stop_writes_trigger: 36
2018/10/25-12:40:11.072378 7f35cadd8700                   Options.target_file_size_base: 67108864
2018/10/25-12:40:11.072379 7f35cadd8700             Options.target_file_size_multiplier: 1
2018/10/25-12:40:11.072380 7f35cadd8700                Options.max_bytes_for_level_base: 536870912
2018/10/25-12:40:11.072380 7f35cadd8700 Options.level_compaction_dynamic_level_bytes: 0
2018/10/25-12:40:11.072381 7f35cadd8700          Options.max_bytes_for_level_multiplier: 10.000000
2018/10/25-12:40:11.072384 7f35cadd8700 Options.max_bytes_for_level_multiplier_addtl[0]: 1
2018/10/25-12:40:11.072385 7f35cadd8700 Options.max_bytes_for_level_multiplier_addtl[1]: 1
2018/10/25-12:40:11.072386 7f35cadd8700 Options.max_bytes_for_level_multiplier_addtl[2]: 1
2018/10/25-12:40:11.072387 7f35cadd8700 Options.max_bytes_for_level_multiplier_addtl[3]: 1
2018/10/25-12:40:11.072388 7f35cadd8700 Options.max_bytes_for_level_multiplier_addtl[4]: 1
2018/10/25-12:40:11.072389 7f35cadd8700 Options.max_bytes_for_level_multiplier_addtl[5]: 1
2018/10/25-12:40:11.072390 7f35cadd8700 Options.max_bytes_for_level_multiplier_addtl[6]: 1
2018/10/25-12:40:11.072390 7f35cadd8700       Options.max_sequential_skip_in_iterations: 8
2018/10/25-12:40:11.072391 7f35cadd8700                    Options.max_compaction_bytes: 1677721600
2018/10/25-12:40:11.072398 7f35cadd8700                        Options.arena_block_size: 16777216
2018/10/25-12:40:11.072399 7f35cadd8700   Options.soft_pending_compaction_bytes_limit: 68719476736
2018/10/25-12:40:11.072400 7f35cadd8700   Options.hard_pending_compaction_bytes_limit: 274877906944
2018/10/25-12:40:11.072401 7f35cadd8700       Options.rate_limit_delay_max_milliseconds: 100
2018/10/25-12:40:11.072402 7f35cadd8700                Options.disable_auto_compactions: 0
2018/10/25-12:40:11.072405 7f35cadd8700                        Options.compaction_style: kCompactionStyleLevel
2018/10/25-12:40:11.072406 7f35cadd8700                          Options.compaction_pri: kByCompensatedSize
2018/10/25-12:40:11.072408 7f35cadd8700 Options.compaction_options_universal.size_ratio: 1
2018/10/25-12:40:11.072408 7f35cadd8700 Options.compaction_options_universal.min_merge_width: 2
2018/10/25-12:40:11.072409 7f35cadd8700 Options.compaction_options_universal.max_merge_width: 4294967295
2018/10/25-12:40:11.072410 7f35cadd8700 Options.compaction_options_universal.max_size_amplification_percent: 200
2018/10/25-12:40:11.072411 7f35cadd8700 Options.compaction_options_universal.compression_size_percent: -1
2018/10/25-12:40:11.072413 7f35cadd8700 Options.compaction_options_universal.stop_style: kCompactionStopStyleTotalSize
2018/10/25-12:40:11.072414 7f35cadd8700 Options.compaction_options_fifo.max_table_files_size: 1073741824
2018/10/25-12:40:11.072415 7f35cadd8700 Options.compaction_options_fifo.allow_compaction: 0
2018/10/25-12:40:11.072416 7f35cadd8700 Options.compaction_options_fifo.ttl: 0
2018/10/25-12:40:11.072417 7f35cadd8700                   Options.table_properties_collectors: 
2018/10/25-12:40:11.072418 7f35cadd8700                   Options.inplace_update_support: 0
2018/10/25-12:40:11.072419 7f35cadd8700                 Options.inplace_update_num_locks: 10000
2018/10/25-12:40:11.072420 7f35cadd8700               Options.memtable_prefix_bloom_size_ratio: 0.000000
2018/10/25-12:40:11.072421 7f35cadd8700   Options.memtable_huge_page_size: 0
2018/10/25-12:40:11.072422 7f35cadd8700                           Options.bloom_locality: 0
2018/10/25-12:40:11.072423 7f35cadd8700                    Options.max_successive_merges: 0
2018/10/25-12:40:11.072424 7f35cadd8700                Options.optimize_filters_for_hits: 0
2018/10/25-12:40:11.072425 7f35cadd8700                Options.paranoid_file_checks: 0
2018/10/25-12:40:11.072426 7f35cadd8700                Options.force_consistency_checks: 0
2018/10/25-12:40:11.072426 7f35cadd8700                Options.report_bg_io_stats: 0
2018/10/25-12:40:11.072427 7f35cadd8700                               Options.ttl: 0
2018/10/25-12:40:11.073041 7f35cadd8700 [db/column_family.cc:475] --------------- Options for column family [usertable]:
2018/10/25-12:40:11.073046 7f35cadd8700               Options.comparator: leveldb.BytewiseComparator
2018/10/25-12:40:11.073047 7f35cadd8700           Options.merge_operator: None
2018/10/25-12:40:11.073048 7f35cadd8700        Options.compaction_filter: None
2018/10/25-12:40:11.073049 7f35cadd8700        Options.compaction_filter_factory: None
2018/10/25-12:40:11.073050 7f35cadd8700         Options.memtable_factory: SkipListFactory
2018/10/25-12:40:11.073051 7f35cadd8700            Options.table_factory: BlockBasedTable
2018/10/25-12:40:11.073076 7f35cadd8700            table_factory options:   flush_block_policy_factory: FlushBlockBySizePolicyFactory (0x7f358038a050)
  cache_index_and_filter_blocks: 0
  cache_index_and_filter_blocks_with_high_priority: 0
  pin_l0_filter_and_index_blocks_in_cache: 0
  index_type: 0
  hash_index_allow_collision: 1
  checksum: 1
  no_block_cache: 0
  block_cache: 0x7f358038abb0
  block_cache_name: LRUCache
  block_cache_options:
    capacity : 8388608
    num_shard_bits : 4
    strict_capacity_limit : 0
    high_pri_pool_ratio: 0.000
  block_cache_compressed: (nil)
  persistent_cache: (nil)
  block_size: 8192
  block_size_deviation: 10
  block_restart_interval: 16
  index_block_restart_interval: 1
  metadata_block_size: 4096
  partition_filters: 0
  use_delta_encoding: 1
  filter_policy: nullptr
  whole_key_filtering: 1
  verify_compression: 0
  read_amp_bytes_per_bit: 0
  format_version: 2
  enable_index_compression: 1
  block_align: 0
2018/10/25-12:40:11.073092 7f35cadd8700        Options.write_buffer_size: 134217728
2018/10/25-12:40:11.073094 7f35cadd8700  Options.max_write_buffer_number: 24
2018/10/25-12:40:11.073095 7f35cadd8700        Options.compression[0]: NoCompression
2018/10/25-12:40:11.073096 7f35cadd8700        Options.compression[1]: NoCompression
2018/10/25-12:40:11.073097 7f35cadd8700        Options.compression[2]: LZ4
2018/10/25-12:40:11.073098 7f35cadd8700        Options.compression[3]: LZ4
2018/10/25-12:40:11.073099 7f35cadd8700        Options.compression[4]: LZ4
2018/10/25-12:40:11.073100 7f35cadd8700        Options.compression[5]: LZ4
2018/10/25-12:40:11.073101 7f35cadd8700        Options.compression[6]: LZ4
2018/10/25-12:40:11.073101 7f35cadd8700                  Options.bottommost_compression: Disabled
2018/10/25-12:40:11.073102 7f35cadd8700       Options.prefix_extractor: nullptr
2018/10/25-12:40:11.073103 7f35cadd8700   Options.memtable_insert_with_hint_prefix_extractor: nullptr
2018/10/25-12:40:11.073104 7f35cadd8700             Options.num_levels: 7
2018/10/25-12:40:11.073105 7f35cadd8700        Options.min_write_buffer_number_to_merge: 2
2018/10/25-12:40:11.073106 7f35cadd8700     Options.max_write_buffer_number_to_maintain: 0
2018/10/25-12:40:11.073107 7f35cadd8700            Options.compression_opts.window_bits: -14
2018/10/25-12:40:11.073108 7f35cadd8700                  Options.compression_opts.level: -1
2018/10/25-12:40:11.073108 7f35cadd8700               Options.compression_opts.strategy: 0
2018/10/25-12:40:11.073109 7f35cadd8700         Options.compression_opts.max_dict_bytes: 0
2018/10/25-12:40:11.073110 7f35cadd8700         Options.compression_opts.zstd_max_train_bytes: 0
2018/10/25-12:40:11.073111 7f35cadd8700      Options.level0_file_num_compaction_trigger: 2
2018/10/25-12:40:11.073112 7f35cadd8700          Options.level0_slowdown_writes_trigger: 20
2018/10/25-12:40:11.073113 7f35cadd8700              Options.level0_stop_writes_trigger: 36
2018/10/25-12:40:11.073114 7f35cadd8700                   Options.target_file_size_base: 67108864
2018/10/25-12:40:11.073114 7f35cadd8700             Options.target_file_size_multiplier: 1
2018/10/25-12:40:11.073115 7f35cadd8700                Options.max_bytes_for_level_base: 536870912
2018/10/25-12:40:11.073116 7f35cadd8700 Options.level_compaction_dynamic_level_bytes: 0
2018/10/25-12:40:11.073117 7f35cadd8700          Options.max_bytes_for_level_multiplier: 10.000000
2018/10/25-12:40:11.073119 7f35cadd8700 Options.max_bytes_for_level_multiplier_addtl[0]: 1
2018/10/25-12:40:11.073121 7f35cadd8700 Options.max_bytes_for_level_multiplier_addtl[1]: 1
2018/10/25-12:40:11.073121 7f35cadd8700 Options.max_bytes_for_level_multiplier_addtl[2]: 1
2018/10/25-12:40:11.073122 7f35cadd8700 Options.max_bytes_for_level_multiplier_addtl[3]: 1
2018/10/25-12:40:11.073123 7f35cadd8700 Options.max_bytes_for_level_multiplier_addtl[4]: 1
2018/10/25-12:40:11.073124 7f35cadd8700 Options.max_bytes_for_level_multiplier_addtl[5]: 1
2018/10/25-12:40:11.073125 7f35cadd8700 Options.max_bytes_for_level_multiplier_addtl[6]: 1
2018/10/25-12:40:11.073126 7f35cadd8700       Options.max_sequential_skip_in_iterations: 8
2018/10/25-12:40:11.073126 7f35cadd8700                    Options.max_compaction_bytes: 1677721600
2018/10/25-12:40:11.073127 7f35cadd8700                        Options.arena_block_size: 16777216
2018/10/25-12:40:11.073128 7f35cadd8700   Options.soft_pending_compaction_bytes_limit: 68719476736
2018/10/25-12:40:11.073129 7f35cadd8700   Options.hard_pending_compaction_bytes_limit: 274877906944
2018/10/25-12:40:11.073130 7f35cadd8700       Options.rate_limit_delay_max_milliseconds: 100
2018/10/25-12:40:11.073131 7f35cadd8700                Options.disable_auto_compactions: 0
2018/10/25-12:40:11.073132 7f35cadd8700                        Options.compaction_style: kCompactionStyleLevel
2018/10/25-12:40:11.073141 7f35cadd8700                          Options.compaction_pri: kByCompensatedSize
2018/10/25-12:40:11.073142 7f35cadd8700 Options.compaction_options_universal.size_ratio: 1
2018/10/25-12:40:11.073143 7f35cadd8700 Options.compaction_options_universal.min_merge_width: 2
2018/10/25-12:40:11.073144 7f35cadd8700 Options.compaction_options_universal.max_merge_width: 4294967295
2018/10/25-12:40:11.073145 7f35cadd8700 Options.compaction_options_universal.max_size_amplification_percent: 200
2018/10/25-12:40:11.073146 7f35cadd8700 Options.compaction_options_universal.compression_size_percent: -1
2018/10/25-12:40:11.073147 7f35cadd8700 Options.compaction_options_universal.stop_style: kCompactionStopStyleTotalSize
2018/10/25-12:40:11.073148 7f35cadd8700 Options.compaction_options_fifo.max_table_files_size: 1073741824
2018/10/25-12:40:11.073149 7f35cadd8700 Options.compaction_options_fifo.allow_compaction: 0
2018/10/25-12:40:11.073150 7f35cadd8700 Options.compaction_options_fifo.ttl: 0
2018/10/25-12:40:11.073151 7f35cadd8700                   Options.table_properties_collectors: 
2018/10/25-12:40:11.073152 7f35cadd8700                   Options.inplace_update_support: 0
2018/10/25-12:40:11.073152 7f35cadd8700                 Options.inplace_update_num_locks: 10000
2018/10/25-12:40:11.073153 7f35cadd8700               Options.memtable_prefix_bloom_size_ratio: 0.000000
2018/10/25-12:40:11.073155 7f35cadd8700   Options.memtable_huge_page_size: 0
2018/10/25-12:40:11.073156 7f35cadd8700                           Options.bloom_locality: 0
2018/10/25-12:40:11.073157 7f35cadd8700                    Options.max_successive_merges: 0
2018/10/25-12:40:11.073157 7f35cadd8700                Options.optimize_filters_for_hits: 0
2018/10/25-12:40:11.073158 7f35cadd8700                Options.paranoid_file_checks: 0
2018/10/25-12:40:11.073159 7f35cadd8700                Options.force_consistency_checks: 0
2018/10/25-12:40:11.073160 7f35cadd8700                Options.report_bg_io_stats: 0
2018/10/25-12:40:11.073161 7f35cadd8700                               Options.ttl: 0
2018/10/25-12:40:11.313263 7f35cadd8700 [db/version_set.cc:3361] Recovered from manifest file:/mnt/sdb1/ycsb-rocksdb-data/MANIFEST-009377 succeeded,manifest_file_number is 9377, next_file_number is 10037, last_sequence is 22189628, log_number is 0,prev_log_number is 0,max_column_family is 1,min_log_number_to_keep is 0
2018/10/25-12:40:11.313273 7f35cadd8700 [db/version_set.cc:3369] Column family [default] (ID 0), log number is 9375
2018/10/25-12:40:11.313275 7f35cadd8700 [db/version_set.cc:3369] Column family [usertable] (ID 1), log number is 10010
2018/10/25-12:40:11.314221 7f35cadd8700 EVENT_LOG_v1 {"time_micros": 1540496411314204, "job": 1, "event": "recovery_started", "log_files": [10010]}
2018/10/25-12:40:11.314229 7f35cadd8700 [db/db_impl_open.cc:551] Recovering log #10010 mode 2
2018/10/25-12:40:11.446711 7f35cadd8700 [db/version_set.cc:2847] Creating manifest 10037
2018/10/25-12:40:11.806204 7f35cadd8700 EVENT_LOG_v1 {"time_micros": 1540496411806181, "cf_name": "usertable", "job": 1, "event": "table_file_creation", "file_number": 10038, "file_size": 33182364, "table_properties": {"data_size": 33042282, "index_size": 139161, "filter_size": 0, "raw_key_size": 192288, "raw_average_key_size": 24, "raw_value_size": 32817152, "raw_average_value_size": 4096, "num_data_blocks": 4006, "num_entries": 8012, "filter_policy_name": "", "kDeletedKeys": "0", "kMergeOperands": "0"}}
2018/10/25-12:40:11.897347 7f35cadd8700 EVENT_LOG_v1 {"time_micros": 1540496411897343, "job": 1, "event": "recovery_finished"}
2018/10/25-12:40:12.118998 7f35cadd8700 [db/db_impl_open.cc:1219] DB pointer 0x7f35803c8880
2018/10/25-12:40:12.119298 7f3528ff9700 [WARN] [db/db_impl.cc:491] ------- DUMPING STATS -------
2018/10/25-12:40:12.119345 7f3528ff9700 [WARN] [db/db_impl.cc:492] 
** DB Stats **
Uptime(secs): 1.0 total, 1.0 interval
Cumulative writes: 0 writes, 0 keys, 0 commit groups, 0.0 writes per commit group, ingest: 0.00 GB, 0.00 MB/s
Cumulative WAL: 0 writes, 0 syncs, 0.00 writes per sync, written: 0.00 GB, 0.00 MB/s
Cumulative stall: 00:00:0.000 H:M:S, 0.0 percent
Interval writes: 0 writes, 0 keys, 0 commit groups, 0.0 writes per commit group, ingest: 0.00 MB, 0.00 MB/s
Interval WAL: 0 writes, 0 syncs, 0.00 writes per sync, written: 0.00 MB, 0.00 MB/s
Interval stall: 00:00:0.000 H:M:S, 0.0 percent

** Compaction Stats [default] **
Level    Files   Size     Score Read(GB)  Rn(GB) Rnp1(GB) Write(GB) Wnew(GB) Moved(GB) W-Amp Rd(MB/s) Wr(MB/s) Comp(sec) Comp(cnt) Avg(sec) KeyIn KeyDrop
----------------------------------------------------------------------------------------------------------------------------------------------------------
 Sum      0/0    0.00 KB   0.0      0.0     0.0      0.0       0.0      0.0       0.0   0.0      0.0      0.0         0         0    0.000       0      0
 Int      0/0    0.00 KB   0.0      0.0     0.0      0.0       0.0      0.0       0.0   0.0      0.0      0.0         0         0    0.000       0      0
Uptime(secs): 1.0 total, 1.0 interval
Flush(GB): cumulative 0.000, interval 0.000
AddFile(GB): cumulative 0.000, interval 0.000
AddFile(Total Files): cumulative 0, interval 0
AddFile(L0 Files): cumulative 0, interval 0
AddFile(Keys): cumulative 0, interval 0
Cumulative compaction: 0.00 GB write, 0.00 MB/s write, 0.00 GB read, 0.00 MB/s read, 0.0 seconds
Interval compaction: 0.00 GB write, 0.00 MB/s write, 0.00 GB read, 0.00 MB/s read, 0.0 seconds
Stalls(count): 0 level0_slowdown, 0 level0_slowdown_with_compaction, 0 level0_numfiles, 0 level0_numfiles_with_compaction, 0 stop for pending_compaction_bytes, 0 slowdown for pending_compaction_bytes, 0 memtable_compaction, 0 memtable_slowdown, interval 0 total count

** File Read Latency Histogram By Level [default] **

** Compaction Stats [usertable] **
Level    Files   Size     Score Read(GB)  Rn(GB) Rnp1(GB) Write(GB) Wnew(GB) Moved(GB) W-Amp Rd(MB/s) Wr(MB/s) Comp(sec) Comp(cnt) Avg(sec) KeyIn KeyDrop
----------------------------------------------------------------------------------------------------------------------------------------------------------
  L0      1/0   31.65 MB   0.5      0.0     0.0      0.0       0.0      0.0       0.0   1.0      0.0    105.3         0         1    0.301       0      0
  L1     15/0   675.86 MB   1.3      0.0     0.0      0.0       0.0      0.0       0.0   0.0      0.0      0.0         0         0    0.000       0      0
  L2     85/0    5.03 GB   1.0      0.0     0.0      0.0       0.0      0.0       0.0   0.0      0.0      0.0         0         0    0.000       0      0
  L3    188/0   10.03 GB   0.2      0.0     0.0      0.0       0.0      0.0       0.0   0.0      0.0      0.0         0         0    0.000       0      0
 Sum    289/0   15.75 GB   0.0      0.0     0.0      0.0       0.0      0.0       0.0   1.0      0.0    105.3         0         1    0.301       0      0
 Int      0/0    0.00 KB   0.0      0.0     0.0      0.0       0.0      0.0       0.0   1.0      0.0    105.3         0         1    0.301       0      0
Uptime(secs): 1.0 total, 1.0 interval
Flush(GB): cumulative 0.031, interval 0.031
AddFile(GB): cumulative 0.000, interval 0.000
AddFile(Total Files): cumulative 0, interval 0
AddFile(L0 Files): cumulative 0, interval 0
AddFile(Keys): cumulative 0, interval 0
Cumulative compaction: 0.03 GB write, 30.25 MB/s write, 0.00 GB read, 0.00 MB/s read, 0.3 seconds
Interval compaction: 0.03 GB write, 30.25 MB/s write, 0.00 GB read, 0.00 MB/s read, 0.3 seconds
Stalls(count): 0 level0_slowdown, 0 level0_slowdown_with_compaction, 0 level0_numfiles, 0 level0_numfiles_with_compaction, 0 stop for pending_compaction_bytes, 0 slowdown for pending_compaction_bytes, 0 memtable_compaction, 0 memtable_slowdown, interval 0 total count

** File Read Latency Histogram By Level [usertable] **

** Compaction Stats [default] **
Level    Files   Size     Score Read(GB)  Rn(GB) Rnp1(GB) Write(GB) Wnew(GB) Moved(GB) W-Amp Rd(MB/s) Wr(MB/s) Comp(sec) Comp(cnt) Avg(sec) KeyIn KeyDrop
----------------------------------------------------------------------------------------------------------------------------------------------------------
 Sum      0/0    0.00 KB   0.0      0.0     0.0      0.0       0.0      0.0       0.0   0.0      0.0      0.0         0         0    0.000       0      0
 Int      0/0    0.00 KB   0.0      0.0     0.0      0.0       0.0      0.0       0.0   0.0      0.0      0.0         0         0    0.000       0      0
Uptime(secs): 1.0 total, 0.0 interval
Flush(GB): cumulative 0.000, interval 0.000
AddFile(GB): cumulative 0.000, interval 0.000
AddFile(Total Files): cumulative 0, interval 0
AddFile(L0 Files): cumulative 0, interval 0
AddFile(Keys): cumulative 0, interval 0
Cumulative compaction: 0.00 GB write, 0.00 MB/s write, 0.00 GB read, 0.00 MB/s read, 0.0 seconds
Interval compaction: 0.00 GB write, 0.00 MB/s write, 0.00 GB read, 0.00 MB/s read, 0.0 seconds
Stalls(count): 0 level0_slowdown, 0 level0_slowdown_with_compaction, 0 level0_numfiles, 0 level0_numfiles_with_compaction, 0 stop for pending_compaction_bytes, 0 slowdown for pending_compaction_bytes, 0 memtable_compaction, 0 memtable_slowdown, interval 0 total count

** File Read Latency Histogram By Level [default] **

** Compaction Stats [usertable] **
Level    Files   Size     Score Read(GB)  Rn(GB) Rnp1(GB) Write(GB) Wnew(GB) Moved(GB) W-Amp Rd(MB/s) Wr(MB/s) Comp(sec) Comp(cnt) Avg(sec) KeyIn KeyDrop
----------------------------------------------------------------------------------------------------------------------------------------------------------
  L0      1/0   31.65 MB   0.5      0.0     0.0      0.0       0.0      0.0       0.0   1.0      0.0    105.3         0         1    0.301       0      0
  L1     15/0   675.86 MB   1.3      0.0     0.0      0.0       0.0      0.0       0.0   0.0      0.0      0.0         0         0    0.000       0      0
  L2     85/0    5.03 GB   1.0      0.0     0.0      0.0       0.0      0.0       0.0   0.0      0.0      0.0         0         0    0.000       0      0
  L3    188/0   10.03 GB   0.2      0.0     0.0      0.0       0.0      0.0       0.0   0.0      0.0      0.0         0         0    0.000       0      0
 Sum    289/0   15.75 GB   0.0      0.0     0.0      0.0       0.0      0.0       0.0   1.0      0.0    105.3         0         1    0.301       0      0
 Int      0/0    0.00 KB   0.0      0.0     0.0      0.0       0.0      0.0       0.0   0.0      0.0      0.0         0         0    0.000       0      0
Uptime(secs): 1.0 total, 0.0 interval
Flush(GB): cumulative 0.031, interval 0.000
AddFile(GB): cumulative 0.000, interval 0.000
AddFile(Total Files): cumulative 0, interval 0
AddFile(L0 Files): cumulative 0, interval 0
AddFile(Keys): cumulative 0, interval 0
Cumulative compaction: 0.03 GB write, 30.25 MB/s write, 0.00 GB read, 0.00 MB/s read, 0.3 seconds
Interval compaction: 0.00 GB write, 0.00 MB/s write, 0.00 GB read, 0.00 MB/s read, 0.0 seconds
Stalls(count): 0 level0_slowdown, 0 level0_slowdown_with_compaction, 0 level0_numfiles, 0 level0_numfiles_with_compaction, 0 stop for pending_compaction_bytes, 0 slowdown for pending_compaction_bytes, 0 memtable_compaction, 0 memtable_slowdown, interval 0 total count

** File Read Latency Histogram By Level [usertable] **
2018/10/25-12:40:12.119485 7f3528ff9700 [db/compaction_job.cc:1531] [usertable] [JOB 3] Compacting 1@1 + 7@2 files to L2, score 1.32
2018/10/25-12:40:12.119493 7f3528ff9700 [db/compaction_job.cc:1535] [usertable] Compaction start summary: Base version 5 Base level 1, inputs: [10012(64MB)], [9939(64MB) 9940(64MB) 9941(64MB) 9943(26MB) 9854(64MB) 9855(64MB) 9856(64MB)]
2018/10/25-12:40:12.119520 7f3528ff9700 EVENT_LOG_v1 {"time_micros": 1540496412119500, "job": 3, "event": "compaction_started", "compaction_reason": "LevelMaxLevelSize", "files_L1": [10012], "files_L2": [9939, 9940, 9941, 9943, 9854, 9855, 9856], "score": 1.32003, "input_data_size": 498418429}
2018/10/25-12:40:13.367921 7f3528ff9700 [db/compaction_job.cc:1211] [usertable] [JOB 3] Generated table #10042: 16279 keys, 67259712 bytes
2018/10/25-12:40:13.367953 7f3528ff9700 EVENT_LOG_v1 {"time_micros": 1540496413367939, "cf_name": "usertable", "job": 3, "event": "table_file_creation", "file_number": 10042, "file_size": 67259712, "table_properties": {"data_size": 67120006, "index_size": 299266, "filter_size": 0, "raw_key_size": 390696, "raw_average_key_size": 24, "raw_value_size": 66678784, "raw_average_value_size": 4096, "num_data_blocks": 8140, "num_entries": 16279, "filter_policy_name": "", "kDeletedKeys": "0", "kMergeOperands": "0"}}
2018/10/25-12:40:13.953478 7f3528ff9700 [db/compaction_job.cc:1211] [usertable] [JOB 3] Generated table #10043: 16279 keys, 67258830 bytes
2018/10/25-12:40:13.953502 7f3528ff9700 EVENT_LOG_v1 {"time_micros": 1540496413953490, "cf_name": "usertable", "job": 3, "event": "table_file_creation", "file_number": 10043, "file_size": 67258830, "table_properties": {"data_size": 67120139, "index_size": 299094, "filter_size": 0, "raw_key_size": 390696, "raw_average_key_size": 24, "raw_value_size": 66678784, "raw_average_value_size": 4096, "num_data_blocks": 8140, "num_entries": 16279, "filter_policy_name": "", "kDeletedKeys": "0", "kMergeOperands": "0"}}
2018/10/25-12:40:14.588063 7f3528ff9700 [db/compaction_job.cc:1211] [usertable] [JOB 3] Generated table #10044: 16279 keys, 67259752 bytes
2018/10/25-12:40:14.588097 7f3528ff9700 EVENT_LOG_v1 {"time_micros": 1540496414588082, "cf_name": "usertable", "job": 3, "event": "table_file_creation", "file_number": 10044, "file_size": 67259752, "table_properties": {"data_size": 67119837, "index_size": 299514, "filter_size": 0, "raw_key_size": 390696, "raw_average_key_size": 24, "raw_value_size": 66678784, "raw_average_value_size": 4096, "num_data_blocks": 8140, "num_entries": 16279, "filter_policy_name": "", "kDeletedKeys": "0", "kMergeOperands": "0"}}
2018/10/25-12:40:15.940453 7f3528ff9700 [db/compaction_job.cc:1211] [usertable] [JOB 3] Generated table #10045: 16279 keys, 67259927 bytes
2018/10/25-12:40:15.940486 7f3528ff9700 EVENT_LOG_v1 {"time_micros": 1540496415940470, "cf_name": "usertable", "job": 3, "event": "table_file_creation", "file_number": 10045, "file_size": 67259927, "table_properties": {"data_size": 67120218, "index_size": 298956, "filter_size": 0, "raw_key_size": 390696, "raw_average_key_size": 24, "raw_value_size": 66678784, "raw_average_value_size": 4096, "num_data_blocks": 8140, "num_entries": 16279, "filter_policy_name": "", "kDeletedKeys": "0", "kMergeOperands": "0"}}
2018/10/25-12:40:16.704313 7f3528ff9700 [db/compaction_job.cc:1211] [usertable] [JOB 3] Generated table #10046: 16279 keys, 67258636 bytes
2018/10/25-12:40:16.704351 7f3528ff9700 EVENT_LOG_v1 {"time_micros": 1540496416704334, "cf_name": "usertable", "job": 3, "event": "table_file_creation", "file_number": 10046, "file_size": 67258636, "table_properties": {"data_size": 67119917, "index_size": 299318, "filter_size": 0, "raw_key_size": 390696, "raw_average_key_size": 24, "raw_value_size": 66678784, "raw_average_value_size": 4096, "num_data_blocks": 8140, "num_entries": 16279, "filter_policy_name": "", "kDeletedKeys": "0", "kMergeOperands": "0"}}
2018/10/25-12:40:17.298957 7f3528ff9700 [db/compaction_job.cc:1211] [usertable] [JOB 3] Generated table #10047: 16279 keys, 67257755 bytes
2018/10/25-12:40:17.298987 7f3528ff9700 EVENT_LOG_v1 {"time_micros": 1540496417298973, "cf_name": "usertable", "job": 3, "event": "table_file_creation", "file_number": 10047, "file_size": 67257755, "table_properties": {"data_size": 67119864, "index_size": 299330, "filter_size": 0, "raw_key_size": 390696, "raw_average_key_size": 24, "raw_value_size": 66678784, "raw_average_value_size": 4096, "num_data_blocks": 8140, "num_entries": 16279, "filter_policy_name": "", "kDeletedKeys": "0", "kMergeOperands": "0"}}
2018/10/25-12:40:18.224079 7f3528ff9700 [db/compaction_job.cc:1211] [usertable] [JOB 3] Generated table #10048: 13177 keys, 54440674 bytes
2018/10/25-12:40:18.224130 7f3528ff9700 EVENT_LOG_v1 {"time_micros": 1540496418224100, "cf_name": "usertable", "job": 3, "event": "table_file_creation", "file_number": 10048, "file_size": 54440674, "table_properties": {"data_size": 54330117, "index_size": 242117, "filter_size": 0, "raw_key_size": 316248, "raw_average_key_size": 24, "raw_value_size": 53972992, "raw_average_value_size": 4096, "num_data_blocks": 6589, "num_entries": 13177, "filter_policy_name": "", "kDeletedKeys": "0", "kMergeOperands": "0"}}
2018/10/25-12:40:18.224251 7f3528ff9700 [db/compaction_job.cc:1287] [usertable] [JOB 3] Compacted 1@1 + 7@2 files to L2 => 457995286 bytes
2018/10/25-12:40:18.287089 7f3528ff9700 (Original Log Time 2018/10/25-12:40:18.286993) [db/compaction_job.cc:685] [usertable] compacted to: base level 1 max bytes base 536870912 files[1 14 85 188 0 0 0] max score 1.19, MB/sec: 81.6 rd, 75.0 wr, level 2, files in(1, 7) out(7) MB in(64.3, 411.0) out(436.8), read-write-amplify(14.2) write-amplify(6.8) OK, records in: 120596, records dropped: 9745 output_compression: LZ4
2018/10/25-12:40:18.287102 7f3528ff9700 (Original Log Time 2018/10/25-12:40:18.287020) EVENT_LOG_v1 {"time_micros": 1540496418287007, "job": 3, "event": "compaction_finished", "compaction_time_micros": 6104671, "output_level": 2, "num_output_files": 7, "total_output_size": 457995286, "num_input_records": 120596, "num_output_records": 110851, "num_subcompactions": 1, "output_compression": "LZ4", "num_single_delete_mismatches": 0, "num_single_delete_fallthrough": 0, "lsm_state": [1, 14, 85, 188, 0, 0, 0]}
2018/10/25-12:40:18.287188 7f3528ff9700 [db/compaction_job.cc:1531] [usertable] [JOB 4] Compacting 1@1 + 7@2 files to L2, score 1.19
2018/10/25-12:40:18.287195 7f3528ff9700 [db/compaction_job.cc:1535] [usertable] Compaction start summary: Base version 6 Base level 1, inputs: [10013(64MB)], [9933(64MB) 9934(64MB) 9935(64MB) 9936(64MB) 9937(64MB) 9938(52MB) 9533(24MB)]
2018/10/25-12:40:18.287209 7f3528ff9700 EVENT_LOG_v1 {"time_micros": 1540496418287200, "job": 4, "event": "compaction_started", "compaction_reason": "LevelMaxLevelSize", "files_L1": [10013], "files_L2": [9933, 9934, 9935, 9936, 9937, 9938, 9533], "score": 1.19447, "input_data_size": 484254295}
2018/10/25-12:40:19.378933 7f3528ff9700 [db/compaction_job.cc:1211] [usertable] [JOB 4] Generated table #10049: 16279 keys, 67258045 bytes
2018/10/25-12:40:19.379018 7f3528ff9700 EVENT_LOG_v1 {"time_micros": 1540496419379000, "cf_name": "usertable", "job": 4, "event": "table_file_creation", "file_number": 10049, "file_size": 67258045, "table_properties": {"data_size": 67120321, "index_size": 298959, "filter_size": 0, "raw_key_size": 390696, "raw_average_key_size": 24, "raw_value_size": 66678784, "raw_average_value_size": 4096, "num_data_blocks": 8140, "num_entries": 16279, "filter_policy_name": "", "kDeletedKeys": "0", "kMergeOperands": "0"}}
2018/10/25-12:40:19.972092 7f3528ff9700 [db/compaction_job.cc:1211] [usertable] [JOB 4] Generated table #10050: 16279 keys, 67257831 bytes
