2018/12/30-01:21:35.043443 7f2125234700 RocksDB version: 5.14.3
2018/12/30-01:21:35.043498 7f2125234700 Git sha rocksdb_build_git_sha:
2018/12/30-01:21:35.043503 7f2125234700 Compile date Dec 29 2018
2018/12/30-01:21:35.043509 7f2125234700 DB SUMMARY
2018/12/30-01:21:35.044280 7f2125234700 CURRENT file:  CURRENT
2018/12/30-01:21:35.044285 7f2125234700 IDENTITY file:  IDENTITY
2018/12/30-01:21:35.044304 7f2125234700 MANIFEST file:  MANIFEST-000004 size: 123552 Bytes
2018/12/30-01:21:35.044309 7f2125234700 SST files in /mnt/sde/ycsb-rocksdb-data dir, Total Num: 683, files: 000021.sst 000022.sst 000023.sst 000024.sst 000028.sst 000029.sst 000030.sst 000031.sst 000035.sst 
2018/12/30-01:21:35.044312 7f2125234700 Write Ahead Log file in /mnt/sde/ycsb-rocksdb-data: 001218.log size: 55629710 ; 
2018/12/30-01:21:35.044320 7f2125234700                         Options.error_if_exists: 0
2018/12/30-01:21:35.044323 7f2125234700                       Options.create_if_missing: 1
2018/12/30-01:21:35.044325 7f2125234700                         Options.paranoid_checks: 1
2018/12/30-01:21:35.044327 7f2125234700                                     Options.env: 0x7f21076802c0
2018/12/30-01:21:35.044329 7f2125234700                                Options.info_log: 0x7f20643b5b30
2018/12/30-01:21:35.044331 7f2125234700                Options.max_file_opening_threads: 16
2018/12/30-01:21:35.044333 7f2125234700                              Options.statistics: (nil)
2018/12/30-01:21:35.044336 7f2125234700                               Options.use_fsync: 0
2018/12/30-01:21:35.044338 7f2125234700                       Options.max_log_file_size: 0
2018/12/30-01:21:35.044340 7f2125234700                  Options.max_manifest_file_size: 18446744073709551615
2018/12/30-01:21:35.044342 7f2125234700                   Options.log_file_time_to_roll: 0
2018/12/30-01:21:35.044344 7f2125234700                       Options.keep_log_file_num: 1000
2018/12/30-01:21:35.044346 7f2125234700                    Options.recycle_log_file_num: 0
2018/12/30-01:21:35.044348 7f2125234700                         Options.allow_fallocate: 1
2018/12/30-01:21:35.044350 7f2125234700                        Options.allow_mmap_reads: 0
2018/12/30-01:21:35.044352 7f2125234700                       Options.allow_mmap_writes: 0
2018/12/30-01:21:35.044353 7f2125234700                        Options.use_direct_reads: 0
2018/12/30-01:21:35.044355 7f2125234700                        Options.use_direct_io_for_flush_and_compaction: 0
2018/12/30-01:21:35.044357 7f2125234700          Options.create_missing_column_families: 1
2018/12/30-01:21:35.044359 7f2125234700                              Options.db_log_dir: 
2018/12/30-01:21:35.044361 7f2125234700                                 Options.wal_dir: /mnt/sde/ycsb-rocksdb-data
2018/12/30-01:21:35.044363 7f2125234700                Options.table_cache_numshardbits: 6
2018/12/30-01:21:35.044365 7f2125234700                      Options.max_subcompactions: 4
2018/12/30-01:21:35.044367 7f2125234700                  Options.max_background_flushes: 24
2018/12/30-01:21:35.044369 7f2125234700                         Options.WAL_ttl_seconds: 0
2018/12/30-01:21:35.044371 7f2125234700                       Options.WAL_size_limit_MB: 0
2018/12/30-01:21:35.044373 7f2125234700             Options.manifest_preallocation_size: 4194304
2018/12/30-01:21:35.044375 7f2125234700                     Options.is_fd_close_on_exec: 1
2018/12/30-01:21:35.044377 7f2125234700                   Options.advise_random_on_open: 1
2018/12/30-01:21:35.044379 7f2125234700                    Options.db_write_buffer_size: 0
2018/12/30-01:21:35.044380 7f2125234700                    Options.write_buffer_manager: 0x7f20643b2920
2018/12/30-01:21:35.044382 7f2125234700         Options.access_hint_on_compaction_start: 1
2018/12/30-01:21:35.044384 7f2125234700  Options.new_table_reader_for_compaction_inputs: 0
2018/12/30-01:21:35.044386 7f2125234700           Options.random_access_max_buffer_size: 1048576
2018/12/30-01:21:35.044388 7f2125234700                      Options.use_adaptive_mutex: 0
2018/12/30-01:21:35.044390 7f2125234700                            Options.rate_limiter: (nil)
2018/12/30-01:21:35.044419 7f2125234700     Options.sst_file_manager.rate_bytes_per_sec: 0
2018/12/30-01:21:35.044422 7f2125234700                       Options.wal_recovery_mode: 2
2018/12/30-01:21:35.044424 7f2125234700                  Options.enable_thread_tracking: 0
2018/12/30-01:21:35.044426 7f2125234700                  Options.enable_pipelined_write: 1
2018/12/30-01:21:35.044427 7f2125234700         Options.allow_concurrent_memtable_write: 1
2018/12/30-01:21:35.044428 7f2125234700      Options.enable_write_thread_adaptive_yield: 1
2018/12/30-01:21:35.044429 7f2125234700             Options.write_thread_max_yield_usec: 100
2018/12/30-01:21:35.044430 7f2125234700            Options.write_thread_slow_yield_usec: 3
2018/12/30-01:21:35.044431 7f2125234700                               Options.row_cache: None
2018/12/30-01:21:35.044432 7f2125234700                              Options.wal_filter: None
2018/12/30-01:21:35.044433 7f2125234700             Options.avoid_flush_during_recovery: 0
2018/12/30-01:21:35.044434 7f2125234700             Options.allow_ingest_behind: 0
2018/12/30-01:21:35.044435 7f2125234700             Options.preserve_deletes: 0
2018/12/30-01:21:35.044436 7f2125234700             Options.two_write_queues: 0
2018/12/30-01:21:35.044437 7f2125234700             Options.manual_wal_flush: 0
2018/12/30-01:21:35.044439 7f2125234700             Options.max_background_jobs: 24
2018/12/30-01:21:35.044440 7f2125234700             Options.max_background_compactions: 24
2018/12/30-01:21:35.044441 7f2125234700             Options.avoid_flush_during_shutdown: 0
2018/12/30-01:21:35.044442 7f2125234700           Options.writable_file_max_buffer_size: 1048576
2018/12/30-01:21:35.044442 7f2125234700             Options.delayed_write_rate : 16777216
2018/12/30-01:21:35.044443 7f2125234700             Options.max_total_wal_size: 0
2018/12/30-01:21:35.044444 7f2125234700             Options.delete_obsolete_files_period_micros: 21600000000
2018/12/30-01:21:35.044445 7f2125234700                   Options.stats_dump_period_sec: 60
2018/12/30-01:21:35.044446 7f2125234700                          Options.max_open_files: -1
2018/12/30-01:21:35.044447 7f2125234700                          Options.bytes_per_sync: 1048576
2018/12/30-01:21:35.044448 7f2125234700                      Options.wal_bytes_per_sync: 0
2018/12/30-01:21:35.044449 7f2125234700       Options.compaction_readahead_size: 0
2018/12/30-01:21:35.044450 7f2125234700 Compression algorithms supported:
2018/12/30-01:21:35.044451 7f2125234700 	kZSTDNotFinalCompression supported: 1
2018/12/30-01:21:35.044460 7f2125234700 	kZSTD supported: 1
2018/12/30-01:21:35.044461 7f2125234700 	kXpressCompression supported: 0
2018/12/30-01:21:35.044463 7f2125234700 	kLZ4HCCompression supported: 1
2018/12/30-01:21:35.044464 7f2125234700 	kLZ4Compression supported: 1
2018/12/30-01:21:35.044465 7f2125234700 	kBZip2Compression supported: 1
2018/12/30-01:21:35.044466 7f2125234700 	kZlibCompression supported: 1
2018/12/30-01:21:35.044467 7f2125234700 	kSnappyCompression supported: 1
2018/12/30-01:21:35.044472 7f2125234700 Fast CRC32 supported: Supported on x86
2018/12/30-01:21:35.045153 7f2125234700 [db/version_set.cc:3085] Recovering from manifest file: MANIFEST-000004
2018/12/30-01:21:35.045257 7f2125234700 [db/column_family.cc:475] --------------- Options for column family [default]:
2018/12/30-01:21:35.045269 7f2125234700               Options.comparator: leveldb.BytewiseComparator
2018/12/30-01:21:35.045270 7f2125234700           Options.merge_operator: None
2018/12/30-01:21:35.045271 7f2125234700        Options.compaction_filter: None
2018/12/30-01:21:35.045272 7f2125234700        Options.compaction_filter_factory: None
2018/12/30-01:21:35.045273 7f2125234700         Options.memtable_factory: SkipListFactory
2018/12/30-01:21:35.045274 7f2125234700            Options.table_factory: BlockBasedTable
2018/12/30-01:21:35.045298 7f2125234700            table_factory options:   flush_block_policy_factory: FlushBlockBySizePolicyFactory (0x7f206437f680)
  cache_index_and_filter_blocks: 0
  cache_index_and_filter_blocks_with_high_priority: 0
  pin_l0_filter_and_index_blocks_in_cache: 0
  index_type: 0
  hash_index_allow_collision: 1
  checksum: 1
  no_block_cache: 0
  block_cache: 0x7f206438b010
  block_cache_name: LRUCache
  block_cache_options:
    capacity : 8388608
    num_shard_bits : 4
    strict_capacity_limit : 0
    high_pri_pool_ratio: 0.000
  block_cache_compressed: (nil)
  persistent_cache: (nil)
  block_size: 8192
  block_size_deviation: 10
  block_restart_interval: 16
  index_block_restart_interval: 1
  metadata_block_size: 4096
  partition_filters: 0
  use_delta_encoding: 1
  filter_policy: nullptr
  whole_key_filtering: 1
  verify_compression: 0
  read_amp_bytes_per_bit: 0
  format_version: 2
  enable_index_compression: 1
  block_align: 0
2018/12/30-01:21:35.045314 7f2125234700        Options.write_buffer_size: 134217728
2018/12/30-01:21:35.045316 7f2125234700  Options.max_write_buffer_number: 24
2018/12/30-01:21:35.045317 7f2125234700        Options.compression[0]: NoCompression
2018/12/30-01:21:35.045318 7f2125234700        Options.compression[1]: NoCompression
2018/12/30-01:21:35.045320 7f2125234700        Options.compression[2]: LZ4
2018/12/30-01:21:35.045321 7f2125234700        Options.compression[3]: LZ4
2018/12/30-01:21:35.045321 7f2125234700        Options.compression[4]: LZ4
2018/12/30-01:21:35.045322 7f2125234700        Options.compression[5]: LZ4
2018/12/30-01:21:35.045323 7f2125234700        Options.compression[6]: LZ4
2018/12/30-01:21:35.045324 7f2125234700                  Options.bottommost_compression: Disabled
2018/12/30-01:21:35.045325 7f2125234700       Options.prefix_extractor: nullptr
2018/12/30-01:21:35.045326 7f2125234700   Options.memtable_insert_with_hint_prefix_extractor: nullptr
2018/12/30-01:21:35.045327 7f2125234700             Options.num_levels: 7
2018/12/30-01:21:35.045328 7f2125234700        Options.min_write_buffer_number_to_merge: 2
2018/12/30-01:21:35.045329 7f2125234700     Options.max_write_buffer_number_to_maintain: 0
2018/12/30-01:21:35.045330 7f2125234700            Options.compression_opts.window_bits: -14
2018/12/30-01:21:35.045331 7f2125234700                  Options.compression_opts.level: -1
2018/12/30-01:21:35.045332 7f2125234700               Options.compression_opts.strategy: 0
2018/12/30-01:21:35.045333 7f2125234700         Options.compression_opts.max_dict_bytes: 0
2018/12/30-01:21:35.045334 7f2125234700         Options.compression_opts.zstd_max_train_bytes: 0
2018/12/30-01:21:35.045335 7f2125234700      Options.level0_file_num_compaction_trigger: 2
2018/12/30-01:21:35.045336 7f2125234700          Options.level0_slowdown_writes_trigger: 20
2018/12/30-01:21:35.045337 7f2125234700              Options.level0_stop_writes_trigger: 36
2018/12/30-01:21:35.045338 7f2125234700                   Options.target_file_size_base: 67108864
2018/12/30-01:21:35.045339 7f2125234700             Options.target_file_size_multiplier: 1
2018/12/30-01:21:35.045340 7f2125234700                Options.max_bytes_for_level_base: 536870912
2018/12/30-01:21:35.045341 7f2125234700 Options.level_compaction_dynamic_level_bytes: 0
2018/12/30-01:21:35.045342 7f2125234700          Options.max_bytes_for_level_multiplier: 10.000000
2018/12/30-01:21:35.045344 7f2125234700 Options.max_bytes_for_level_multiplier_addtl[0]: 1
2018/12/30-01:21:35.045345 7f2125234700 Options.max_bytes_for_level_multiplier_addtl[1]: 1
2018/12/30-01:21:35.045346 7f2125234700 Options.max_bytes_for_level_multiplier_addtl[2]: 1
2018/12/30-01:21:35.045347 7f2125234700 Options.max_bytes_for_level_multiplier_addtl[3]: 1
2018/12/30-01:21:35.045348 7f2125234700 Options.max_bytes_for_level_multiplier_addtl[4]: 1
2018/12/30-01:21:35.045349 7f2125234700 Options.max_bytes_for_level_multiplier_addtl[5]: 1
2018/12/30-01:21:35.045350 7f2125234700 Options.max_bytes_for_level_multiplier_addtl[6]: 1
2018/12/30-01:21:35.045351 7f2125234700       Options.max_sequential_skip_in_iterations: 8
2018/12/30-01:21:35.045352 7f2125234700                    Options.max_compaction_bytes: 1677721600
2018/12/30-01:21:35.045358 7f2125234700                        Options.arena_block_size: 16777216
2018/12/30-01:21:35.045360 7f2125234700   Options.soft_pending_compaction_bytes_limit: 68719476736
2018/12/30-01:21:35.045361 7f2125234700   Options.hard_pending_compaction_bytes_limit: 274877906944
2018/12/30-01:21:35.045362 7f2125234700       Options.rate_limit_delay_max_milliseconds: 100
2018/12/30-01:21:35.045363 7f2125234700                Options.disable_auto_compactions: 0
2018/12/30-01:21:35.045365 7f2125234700                        Options.compaction_style: kCompactionStyleLevel
2018/12/30-01:21:35.045366 7f2125234700                          Options.compaction_pri: kByCompensatedSize
2018/12/30-01:21:35.045367 7f2125234700 Options.compaction_options_universal.size_ratio: 1
2018/12/30-01:21:35.045368 7f2125234700 Options.compaction_options_universal.min_merge_width: 2
2018/12/30-01:21:35.045369 7f2125234700 Options.compaction_options_universal.max_merge_width: 4294967295
2018/12/30-01:21:35.045370 7f2125234700 Options.compaction_options_universal.max_size_amplification_percent: 200
2018/12/30-01:21:35.045371 7f2125234700 Options.compaction_options_universal.compression_size_percent: -1
2018/12/30-01:21:35.045373 7f2125234700 Options.compaction_options_universal.stop_style: kCompactionStopStyleTotalSize
2018/12/30-01:21:35.045374 7f2125234700 Options.compaction_options_fifo.max_table_files_size: 1073741824
2018/12/30-01:21:35.045375 7f2125234700 Options.compaction_options_fifo.allow_compaction: 0
2018/12/30-01:21:35.045376 7f2125234700 Options.compaction_options_fifo.ttl: 0
2018/12/30-01:21:35.045377 7f2125234700                   Options.table_properties_collectors: 
2018/12/30-01:21:35.045378 7f2125234700                   Options.inplace_update_support: 0
2018/12/30-01:21:35.045379 7f2125234700                 Options.inplace_update_num_locks: 10000
2018/12/30-01:21:35.045380 7f2125234700               Options.memtable_prefix_bloom_size_ratio: 0.000000
2018/12/30-01:21:35.045381 7f2125234700   Options.memtable_huge_page_size: 0
2018/12/30-01:21:35.045383 7f2125234700                           Options.bloom_locality: 0
2018/12/30-01:21:35.045383 7f2125234700                    Options.max_successive_merges: 0
2018/12/30-01:21:35.045384 7f2125234700                Options.optimize_filters_for_hits: 0
2018/12/30-01:21:35.045401 7f2125234700                Options.paranoid_file_checks: 0
2018/12/30-01:21:35.045402 7f2125234700                Options.force_consistency_checks: 0
2018/12/30-01:21:35.045403 7f2125234700                Options.report_bg_io_stats: 0
2018/12/30-01:21:35.045404 7f2125234700                               Options.ttl: 0
2018/12/30-01:21:35.045937 7f2125234700 [db/column_family.cc:475] --------------- Options for column family [usertable]:
2018/12/30-01:21:35.045940 7f2125234700               Options.comparator: leveldb.BytewiseComparator
2018/12/30-01:21:35.045941 7f2125234700           Options.merge_operator: None
2018/12/30-01:21:35.045942 7f2125234700        Options.compaction_filter: None
2018/12/30-01:21:35.045943 7f2125234700        Options.compaction_filter_factory: None
2018/12/30-01:21:35.045944 7f2125234700         Options.memtable_factory: SkipListFactory
2018/12/30-01:21:35.045945 7f2125234700            Options.table_factory: BlockBasedTable
2018/12/30-01:21:35.045969 7f2125234700            table_factory options:   flush_block_policy_factory: FlushBlockBySizePolicyFactory (0x7f206437f450)
  cache_index_and_filter_blocks: 0
  cache_index_and_filter_blocks_with_high_priority: 0
  pin_l0_filter_and_index_blocks_in_cache: 0
  index_type: 0
  hash_index_allow_collision: 1
  checksum: 1
  no_block_cache: 0
  block_cache: 0x7f206437fef0
  block_cache_name: LRUCache
  block_cache_options:
    capacity : 8388608
    num_shard_bits : 4
    strict_capacity_limit : 0
    high_pri_pool_ratio: 0.000
  block_cache_compressed: (nil)
  persistent_cache: (nil)
  block_size: 8192
  block_size_deviation: 10
  block_restart_interval: 16
  index_block_restart_interval: 1
  metadata_block_size: 4096
  partition_filters: 0
  use_delta_encoding: 1
  filter_policy: nullptr
  whole_key_filtering: 1
  verify_compression: 0
  read_amp_bytes_per_bit: 0
  format_version: 2
  enable_index_compression: 1
  block_align: 0
2018/12/30-01:21:35.045980 7f2125234700        Options.write_buffer_size: 134217728
2018/12/30-01:21:35.045982 7f2125234700  Options.max_write_buffer_number: 24
2018/12/30-01:21:35.045983 7f2125234700        Options.compression[0]: NoCompression
2018/12/30-01:21:35.045984 7f2125234700        Options.compression[1]: NoCompression
2018/12/30-01:21:35.045985 7f2125234700        Options.compression[2]: LZ4
2018/12/30-01:21:35.045986 7f2125234700        Options.compression[3]: LZ4
2018/12/30-01:21:35.045987 7f2125234700        Options.compression[4]: LZ4
2018/12/30-01:21:35.045988 7f2125234700        Options.compression[5]: LZ4
2018/12/30-01:21:35.045989 7f2125234700        Options.compression[6]: LZ4
2018/12/30-01:21:35.045990 7f2125234700                  Options.bottommost_compression: Disabled
2018/12/30-01:21:35.045991 7f2125234700       Options.prefix_extractor: nullptr
2018/12/30-01:21:35.045992 7f2125234700   Options.memtable_insert_with_hint_prefix_extractor: nullptr
2018/12/30-01:21:35.045993 7f2125234700             Options.num_levels: 7
2018/12/30-01:21:35.045994 7f2125234700        Options.min_write_buffer_number_to_merge: 2
2018/12/30-01:21:35.045995 7f2125234700     Options.max_write_buffer_number_to_maintain: 0
2018/12/30-01:21:35.045996 7f2125234700            Options.compression_opts.window_bits: -14
2018/12/30-01:21:35.045997 7f2125234700                  Options.compression_opts.level: -1
2018/12/30-01:21:35.045998 7f2125234700               Options.compression_opts.strategy: 0
2018/12/30-01:21:35.045998 7f2125234700         Options.compression_opts.max_dict_bytes: 0
2018/12/30-01:21:35.045999 7f2125234700         Options.compression_opts.zstd_max_train_bytes: 0
2018/12/30-01:21:35.046000 7f2125234700      Options.level0_file_num_compaction_trigger: 2
2018/12/30-01:21:35.046001 7f2125234700          Options.level0_slowdown_writes_trigger: 20
2018/12/30-01:21:35.046002 7f2125234700              Options.level0_stop_writes_trigger: 36
2018/12/30-01:21:35.046003 7f2125234700                   Options.target_file_size_base: 67108864
2018/12/30-01:21:35.046004 7f2125234700             Options.target_file_size_multiplier: 1
2018/12/30-01:21:35.046005 7f2125234700                Options.max_bytes_for_level_base: 536870912
2018/12/30-01:21:35.046006 7f2125234700 Options.level_compaction_dynamic_level_bytes: 0
2018/12/30-01:21:35.046007 7f2125234700          Options.max_bytes_for_level_multiplier: 10.000000
2018/12/30-01:21:35.046009 7f2125234700 Options.max_bytes_for_level_multiplier_addtl[0]: 1
2018/12/30-01:21:35.046010 7f2125234700 Options.max_bytes_for_level_multiplier_addtl[1]: 1
2018/12/30-01:21:35.046011 7f2125234700 Options.max_bytes_for_level_multiplier_addtl[2]: 1
2018/12/30-01:21:35.046012 7f2125234700 Options.max_bytes_for_level_multiplier_addtl[3]: 1
2018/12/30-01:21:35.046013 7f2125234700 Options.max_bytes_for_level_multiplier_addtl[4]: 1
2018/12/30-01:21:35.046014 7f2125234700 Options.max_bytes_for_level_multiplier_addtl[5]: 1
2018/12/30-01:21:35.046015 7f2125234700 Options.max_bytes_for_level_multiplier_addtl[6]: 1
2018/12/30-01:21:35.046016 7f2125234700       Options.max_sequential_skip_in_iterations: 8
2018/12/30-01:21:35.046017 7f2125234700                    Options.max_compaction_bytes: 1677721600
2018/12/30-01:21:35.046018 7f2125234700                        Options.arena_block_size: 16777216
2018/12/30-01:21:35.046018 7f2125234700   Options.soft_pending_compaction_bytes_limit: 68719476736
2018/12/30-01:21:35.046019 7f2125234700   Options.hard_pending_compaction_bytes_limit: 274877906944
2018/12/30-01:21:35.046020 7f2125234700       Options.rate_limit_delay_max_milliseconds: 100
2018/12/30-01:21:35.046021 7f2125234700                Options.disable_auto_compactions: 0
2018/12/30-01:21:35.046023 7f2125234700                        Options.compaction_style: kCompactionStyleLevel
2018/12/30-01:21:35.046030 7f2125234700                          Options.compaction_pri: kByCompensatedSize
2018/12/30-01:21:35.046031 7f2125234700 Options.compaction_options_universal.size_ratio: 1
2018/12/30-01:21:35.046032 7f2125234700 Options.compaction_options_universal.min_merge_width: 2
2018/12/30-01:21:35.046033 7f2125234700 Options.compaction_options_universal.max_merge_width: 4294967295
2018/12/30-01:21:35.046034 7f2125234700 Options.compaction_options_universal.max_size_amplification_percent: 200
2018/12/30-01:21:35.046035 7f2125234700 Options.compaction_options_universal.compression_size_percent: -1
2018/12/30-01:21:35.046036 7f2125234700 Options.compaction_options_universal.stop_style: kCompactionStopStyleTotalSize
2018/12/30-01:21:35.046037 7f2125234700 Options.compaction_options_fifo.max_table_files_size: 1073741824
2018/12/30-01:21:35.046038 7f2125234700 Options.compaction_options_fifo.allow_compaction: 0
2018/12/30-01:21:35.046039 7f2125234700 Options.compaction_options_fifo.ttl: 0
2018/12/30-01:21:35.046040 7f2125234700                   Options.table_properties_collectors: 
2018/12/30-01:21:35.046041 7f2125234700                   Options.inplace_update_support: 0
2018/12/30-01:21:35.046042 7f2125234700                 Options.inplace_update_num_locks: 10000
2018/12/30-01:21:35.046043 7f2125234700               Options.memtable_prefix_bloom_size_ratio: 0.000000
2018/12/30-01:21:35.046045 7f2125234700   Options.memtable_huge_page_size: 0
2018/12/30-01:21:35.046046 7f2125234700                           Options.bloom_locality: 0
2018/12/30-01:21:35.046047 7f2125234700                    Options.max_successive_merges: 0
2018/12/30-01:21:35.046048 7f2125234700                Options.optimize_filters_for_hits: 0
2018/12/30-01:21:35.046048 7f2125234700                Options.paranoid_file_checks: 0
2018/12/30-01:21:35.046049 7f2125234700                Options.force_consistency_checks: 0
2018/12/30-01:21:35.046050 7f2125234700                Options.report_bg_io_stats: 0
2018/12/30-01:21:35.046051 7f2125234700                               Options.ttl: 0
2018/12/30-01:21:35.672919 7f2125234700 [db/version_set.cc:3361] Recovered from manifest file:/mnt/sde/ycsb-rocksdb-data/MANIFEST-000004 succeeded,manifest_file_number is 4, next_file_number is 1224, last_sequence is 10444959, log_number is 0,prev_log_number is 0,max_column_family is 1,min_log_number_to_keep is 0
2018/12/30-01:21:35.672932 7f2125234700 [db/version_set.cc:3369] Column family [default] (ID 0), log number is 0
2018/12/30-01:21:35.672934 7f2125234700 [db/version_set.cc:3369] Column family [usertable] (ID 1), log number is 1218
2018/12/30-01:21:35.675227 7f2125234700 EVENT_LOG_v1 {"time_micros": 1546161695675214, "job": 1, "event": "recovery_started", "log_files": [1218]}
2018/12/30-01:21:35.675238 7f2125234700 [db/db_impl_open.cc:551] Recovering log #1218 mode 2
2018/12/30-01:21:35.836634 7f2125234700 [db/version_set.cc:2847] Creating manifest 1224
2018/12/30-01:21:36.164695 7f2125234700 EVENT_LOG_v1 {"time_micros": 1546161696164667, "cf_name": "usertable", "job": 1, "event": "table_file_creation", "file_number": 1225, "file_size": 55697041, "table_properties": {"data_size": 55447596, "index_size": 248524, "filter_size": 0, "raw_key_size": 322752, "raw_average_key_size": 24, "raw_value_size": 55083008, "raw_average_value_size": 4096, "num_data_blocks": 6724, "num_entries": 13448, "filter_policy_name": "", "kDeletedKeys": "0", "kMergeOperands": "0"}}
2018/12/30-01:21:36.198805 7f2125234700 EVENT_LOG_v1 {"time_micros": 1546161696198798, "job": 1, "event": "recovery_finished"}
2018/12/30-01:21:36.258940 7f2125234700 [db/db_impl_open.cc:1219] DB pointer 0x7f20643b6050
2018/12/30-01:21:36.259243 7f1fa67fc700 [WARN] [db/db_impl.cc:491] ------- DUMPING STATS -------
2018/12/30-01:21:36.259289 7f1fa67fc700 [WARN] [db/db_impl.cc:492] 
** DB Stats **
Uptime(secs): 1.2 total, 1.2 interval
Cumulative writes: 0 writes, 0 keys, 0 commit groups, 0.0 writes per commit group, ingest: 0.00 GB, 0.00 MB/s
Cumulative WAL: 0 writes, 0 syncs, 0.00 writes per sync, written: 0.00 GB, 0.00 MB/s
Cumulative stall: 00:00:0.000 H:M:S, 0.0 percent
Interval writes: 0 writes, 0 keys, 0 commit groups, 0.0 writes per commit group, ingest: 0.00 MB, 0.00 MB/s
Interval WAL: 0 writes, 0 syncs, 0.00 writes per sync, written: 0.00 MB, 0.00 MB/s
Interval stall: 00:00:0.000 H:M:S, 0.0 percent

** Compaction Stats [default] **
Level    Files   Size     Score Read(GB)  Rn(GB) Rnp1(GB) Write(GB) Wnew(GB) Moved(GB) W-Amp Rd(MB/s) Wr(MB/s) Comp(sec) Comp(cnt) Avg(sec) KeyIn KeyDrop
----------------------------------------------------------------------------------------------------------------------------------------------------------
 Sum      0/0    0.00 KB   0.0      0.0     0.0      0.0       0.0      0.0       0.0   0.0      0.0      0.0         0         0    0.000       0      0
 Int      0/0    0.00 KB   0.0      0.0     0.0      0.0       0.0      0.0       0.0   0.0      0.0      0.0         0         0    0.000       0      0
Uptime(secs): 1.2 total, 1.2 interval
Flush(GB): cumulative 0.000, interval 0.000
AddFile(GB): cumulative 0.000, interval 0.000
AddFile(Total Files): cumulative 0, interval 0
AddFile(L0 Files): cumulative 0, interval 0
AddFile(Keys): cumulative 0, interval 0
Cumulative compaction: 0.00 GB write, 0.00 MB/s write, 0.00 GB read, 0.00 MB/s read, 0.0 seconds
Interval compaction: 0.00 GB write, 0.00 MB/s write, 0.00 GB read, 0.00 MB/s read, 0.0 seconds
Stalls(count): 0 level0_slowdown, 0 level0_slowdown_with_compaction, 0 level0_numfiles, 0 level0_numfiles_with_compaction, 0 stop for pending_compaction_bytes, 0 slowdown for pending_compaction_bytes, 0 memtable_compaction, 0 memtable_slowdown, interval 0 total count

** File Read Latency Histogram By Level [default] **

** Compaction Stats [usertable] **
Level    Files   Size     Score Read(GB)  Rn(GB) Rnp1(GB) Write(GB) Wnew(GB) Moved(GB) W-Amp Rd(MB/s) Wr(MB/s) Comp(sec) Comp(cnt) Avg(sec) KeyIn KeyDrop
----------------------------------------------------------------------------------------------------------------------------------------------------------
  L0      2/0   234.46 MB   1.0      0.0     0.0      0.0       0.1      0.1       0.0   1.0      0.0    224.3         0         1    0.237       0      0
  L1      2/0   383.74 MB   0.7      0.0     0.0      0.0       0.0      0.0       0.0   0.0      0.0      0.0         0         0    0.000       0      0
  L2    125/0    5.14 GB   1.0      0.0     0.0      0.0       0.0      0.0       0.0   0.0      0.0      0.0         0         0    0.000       0      0
  L3    555/0   34.44 GB   0.7      0.0     0.0      0.0       0.0      0.0       0.0   0.0      0.0      0.0         0         0    0.000       0      0
 Sum    684/0   40.18 GB   0.0      0.0     0.0      0.0       0.1      0.1       0.0   1.0      0.0    224.3         0         1    0.237       0      0
 Int      0/0    0.00 KB   0.0      0.0     0.0      0.0       0.1      0.1       0.0   1.0      0.0    224.3         0         1    0.237       0      0
Uptime(secs): 1.2 total, 1.2 interval
Flush(GB): cumulative 0.052, interval 0.052
AddFile(GB): cumulative 0.000, interval 0.000
AddFile(Total Files): cumulative 0, interval 0
AddFile(L0 Files): cumulative 0, interval 0
AddFile(Keys): cumulative 0, interval 0
Cumulative compaction: 0.05 GB write, 43.78 MB/s write, 0.00 GB read, 0.00 MB/s read, 0.2 seconds
Interval compaction: 0.05 GB write, 43.78 MB/s write, 0.00 GB read, 0.00 MB/s read, 0.2 seconds
Stalls(count): 0 level0_slowdown, 0 level0_slowdown_with_compaction, 0 level0_numfiles, 0 level0_numfiles_with_compaction, 0 stop for pending_compaction_bytes, 0 slowdown for pending_compaction_bytes, 0 memtable_compaction, 0 memtable_slowdown, interval 0 total count

** File Read Latency Histogram By Level [usertable] **

** Compaction Stats [default] **
Level    Files   Size     Score Read(GB)  Rn(GB) Rnp1(GB) Write(GB) Wnew(GB) Moved(GB) W-Amp Rd(MB/s) Wr(MB/s) Comp(sec) Comp(cnt) Avg(sec) KeyIn KeyDrop
----------------------------------------------------------------------------------------------------------------------------------------------------------
 Sum      0/0    0.00 KB   0.0      0.0     0.0      0.0       0.0      0.0       0.0   0.0      0.0      0.0         0         0    0.000       0      0
 Int      0/0    0.00 KB   0.0      0.0     0.0      0.0       0.0      0.0       0.0   0.0      0.0      0.0         0         0    0.000       0      0
Uptime(secs): 1.2 total, 0.0 interval
Flush(GB): cumulative 0.000, interval 0.000
AddFile(GB): cumulative 0.000, interval 0.000
AddFile(Total Files): cumulative 0, interval 0
AddFile(L0 Files): cumulative 0, interval 0
AddFile(Keys): cumulative 0, interval 0
Cumulative compaction: 0.00 GB write, 0.00 MB/s write, 0.00 GB read, 0.00 MB/s read, 0.0 seconds
Interval compaction: 0.00 GB write, 0.00 MB/s write, 0.00 GB read, 0.00 MB/s read, 0.0 seconds
Stalls(count): 0 level0_slowdown, 0 level0_slowdown_with_compaction, 0 level0_numfiles, 0 level0_numfiles_with_compaction, 0 stop for pending_compaction_bytes, 0 slowdown for pending_compaction_bytes, 0 memtable_compaction, 0 memtable_slowdown, interval 0 total count

** File Read Latency Histogram By Level [default] **

** Compaction Stats [usertable] **
Level    Files   Size     Score Read(GB)  Rn(GB) Rnp1(GB) Write(GB) Wnew(GB) Moved(GB) W-Amp Rd(MB/s) Wr(MB/s) Comp(sec) Comp(cnt) Avg(sec) KeyIn KeyDrop
----------------------------------------------------------------------------------------------------------------------------------------------------------
  L0      2/0   234.46 MB   1.0      0.0     0.0      0.0       0.1      0.1       0.0   1.0      0.0    224.3         0         1    0.237       0      0
  L1      2/0   383.74 MB   0.7      0.0     0.0      0.0       0.0      0.0       0.0   0.0      0.0      0.0         0         0    0.000       0      0
  L2    125/0    5.14 GB   1.0      0.0     0.0      0.0       0.0      0.0       0.0   0.0      0.0      0.0         0         0    0.000       0      0
  L3    555/0   34.44 GB   0.7      0.0     0.0      0.0       0.0      0.0       0.0   0.0      0.0      0.0         0         0    0.000       0      0
 Sum    684/0   40.18 GB   0.0      0.0     0.0      0.0       0.1      0.1       0.0   1.0      0.0    224.3         0         1    0.237       0      0
 Int      0/0    0.00 KB   0.0      0.0     0.0      0.0       0.0      0.0       0.0   0.0      0.0      0.0         0         0    0.000       0      0
Uptime(secs): 1.2 total, 0.0 interval
Flush(GB): cumulative 0.052, interval 0.000
AddFile(GB): cumulative 0.000, interval 0.000
AddFile(Total Files): cumulative 0, interval 0
AddFile(L0 Files): cumulative 0, interval 0
AddFile(Keys): cumulative 0, interval 0
Cumulative compaction: 0.05 GB write, 43.78 MB/s write, 0.00 GB read, 0.00 MB/s read, 0.2 seconds
Interval compaction: 0.00 GB write, 0.00 MB/s write, 0.00 GB read, 0.00 MB/s read, 0.0 seconds
Stalls(count): 0 level0_slowdown, 0 level0_slowdown_with_compaction, 0 level0_numfiles, 0 level0_numfiles_with_compaction, 0 stop for pending_compaction_bytes, 0 slowdown for pending_compaction_bytes, 0 memtable_compaction, 0 memtable_slowdown, interval 0 total count

** File Read Latency Histogram By Level [usertable] **
2018/12/30-01:21:36.291639 7f1fa67fc700 (Original Log Time 2018/12/30-01:21:36.259404) [db/db_impl_compaction_flush.cc:1835] [usertable] Moving #1221 to level-3 67233563 bytes
2018/12/30-01:21:36.291643 7f1fa67fc700 (Original Log Time 2018/12/30-01:21:36.291567) EVENT_LOG_v1 {"time_micros": 1546161696291559, "job": 3, "event": "trivial_move", "destination_level": 3, "files": 1, "total_files_size": 67233563}
2018/12/30-01:21:36.291644 7f1fa67fc700 (Original Log Time 2018/12/30-01:21:36.291583) [db/db_impl_compaction_flush.cc:1864] [usertable] Moved #1 files to level-3 67233563 bytes OK: base level 1 max bytes base 536870912 files[2 2 124 556 0 0 0] max score 1.01
2018/12/30-01:21:36.336116 7f1fa67fc700 (Original Log Time 2018/12/30-01:21:36.291695) [db/db_impl_compaction_flush.cc:1835] [usertable] Moving #1220 to level-3 67233375 bytes
2018/12/30-01:21:36.336120 7f1fa67fc700 (Original Log Time 2018/12/30-01:21:36.336059) EVENT_LOG_v1 {"time_micros": 1546161696336053, "job": 4, "event": "trivial_move", "destination_level": 3, "files": 1, "total_files_size": 67233375}
2018/12/30-01:21:36.336122 7f1fa67fc700 (Original Log Time 2018/12/30-01:21:36.336067) [db/db_impl_compaction_flush.cc:1864] [usertable] Moved #1 files to level-3 67233375 bytes OK: base level 1 max bytes base 536870912 files[2 2 123 557 0 0 0] max score 1.00
2018/12/30-01:21:36.381774 7f1fa67fc700 (Original Log Time 2018/12/30-01:21:36.336309) [db/db_impl_compaction_flush.cc:1835] [usertable] Moving #1222 to level-3 66341303 bytes
2018/12/30-01:21:36.381778 7f1fa67fc700 (Original Log Time 2018/12/30-01:21:36.381728) EVENT_LOG_v1 {"time_micros": 1546161696381720, "job": 5, "event": "trivial_move", "destination_level": 3, "files": 1, "total_files_size": 66341303}
2018/12/30-01:21:36.381780 7f1fa67fc700 (Original Log Time 2018/12/30-01:21:36.381741) [db/db_impl_compaction_flush.cc:1864] [usertable] Moved #1 files to level-3 66341303 bytes OK: base level 1 max bytes base 536870912 files[2 2 122 558 0 0 0] max score 1.00
2018/12/30-01:21:36.428241 7f20ff7fe700 (Original Log Time 2018/12/30-01:21:36.381974) [db/db_impl_compaction_flush.cc:1835] [usertable] Moving #365 to level-1 190148390 bytes
2018/12/30-01:21:36.428245 7f20ff7fe700 (Original Log Time 2018/12/30-01:21:36.428156) EVENT_LOG_v1 {"time_micros": 1546161696428149, "job": 6, "event": "trivial_move", "destination_level": 1, "files": 1, "total_files_size": 190148390}
2018/12/30-01:21:36.428247 7f20ff7fe700 (Original Log Time 2018/12/30-01:21:36.428184) [db/db_impl_compaction_flush.cc:1864] [usertable] Moved #1 files to level-1 190148390 bytes OK: base level 1 max bytes base 536870912 files[1 3 122 558 0 0 0] max score 1.10
2018/12/30-01:21:36.428473 7f20ff7fe700 [db/compaction_job.cc:1531] [usertable] [JOB 7] Compacting 1@1 files to L2, score 1.10
2018/12/30-01:21:36.428485 7f20ff7fe700 [db/compaction_job.cc:1535] [usertable] Compaction start summary: Base version 9 Base level 1, inputs: [390(191MB)]
2018/12/30-01:21:36.428507 7f20ff7fe700 EVENT_LOG_v1 {"time_micros": 1546161696428490, "job": 7, "event": "compaction_started", "compaction_reason": "LevelMaxLevelSize", "files_L1": [390], "score": 1.10366, "input_data_size": 201212590}
2018/12/30-01:21:37.484028 7f20ff7fe700 [db/compaction_job.cc:1211] [usertable] [JOB 7] Generated table #1229: 16279 keys, 67233564 bytes
2018/12/30-01:21:37.484081 7f20ff7fe700 EVENT_LOG_v1 {"time_micros": 1546161697484059, "cf_name": "usertable", "job": 7, "event": "table_file_creation", "file_number": 1229, "file_size": 67233564, "table_properties": {"data_size": 67120141, "index_size": 300916, "filter_size": 0, "raw_key_size": 390696, "raw_average_key_size": 24, "raw_value_size": 66678784, "raw_average_value_size": 4096, "num_data_blocks": 8140, "num_entries": 16279, "filter_policy_name": "", "kDeletedKeys": "0", "kMergeOperands": "0"}}
2018/12/30-01:21:38.653226 7f20ff7fe700 [db/compaction_job.cc:1211] [usertable] [JOB 7] Generated table #1230: 16279 keys, 67233339 bytes
2018/12/30-01:21:38.653402 7f20ff7fe700 EVENT_LOG_v1 {"time_micros": 1546161698653375, "cf_name": "usertable", "job": 7, "event": "table_file_creation", "file_number": 1230, "file_size": 67233339, "table_properties": {"data_size": 67118331, "index_size": 299106, "filter_size": 0, "raw_key_size": 390696, "raw_average_key_size": 24, "raw_value_size": 66678784, "raw_average_value_size": 4096, "num_data_blocks": 8140, "num_entries": 16279, "filter_policy_name": "", "kDeletedKeys": "0", "kMergeOperands": "0"}}
2018/12/30-01:21:39.642486 7f211c3f2700 [db/db_impl_write.cc:1373] [usertable] New memtable created with log file: #1232. Immutable memtables: 0.
2018/12/30-01:21:40.231967 7f20ff7fe700 [db/compaction_job.cc:1211] [usertable] [JOB 7] Generated table #1231: 16025 keys, 66184522 bytes
2018/12/30-01:21:40.232023 7f20ff7fe700 EVENT_LOG_v1 {"time_micros": 1546161700231999, "cf_name": "usertable", "job": 7, "event": "table_file_creation", "file_number": 1231, "file_size": 66184522, "table_properties": {"data_size": 66072869, "index_size": 296217, "filter_size": 0, "raw_key_size": 384600, "raw_average_key_size": 24, "raw_value_size": 65638400, "raw_average_value_size": 4096, "num_data_blocks": 8013, "num_entries": 16025, "filter_policy_name": "", "kDeletedKeys": "0", "kMergeOperands": "0"}}
2018/12/30-01:21:40.232107 7f20ff7fe700 [db/compaction_job.cc:1287] [usertable] [JOB 7] Compacted 1@1 files to L2 => 200651425 bytes
2018/12/30-01:21:40.268653 7f20ff7fe700 (Original Log Time 2018/12/30-01:21:40.268470) [db/compaction_job.cc:685] [usertable] compacted to: base level 1 max bytes base 536870912 files[1 2 125 558 0 0 0] max score 1.03, MB/sec: 52.9 rd, 52.8 wr, level 2, files in(1, 0) out(3) MB in(191.9, 0.0) out(191.4), read-write-amplify(2.0) write-amplify(1.0) OK, records in: 48583, records dropped: 0 output_compression: LZ4
2018/12/30-01:21:40.268667 7f20ff7fe700 (Original Log Time 2018/12/30-01:21:40.268531) EVENT_LOG_v1 {"time_micros": 1546161700268508, "job": 7, "event": "compaction_finished", "compaction_time_micros": 3803540, "output_level": 2, "num_output_files": 3, "total_output_size": 200651425, "num_input_records": 48583, "num_output_records": 48583, "num_subcompactions": 1, "output_compression": "LZ4", "num_single_delete_mismatches": 0, "num_single_delete_fallthrough": 0, "lsm_state": [1, 2, 125, 558, 0, 0, 0]}
2018/12/30-01:21:40.306087 7f20f7fff700 (Original Log Time 2018/12/30-01:21:40.268945) [db/db_impl_compaction_flush.cc:1835] [usertable] Moving #1229 to level-3 67233564 bytes
2018/12/30-01:21:40.306096 7f20f7fff700 (Original Log Time 2018/12/30-01:21:40.305991) EVENT_LOG_v1 {"time_micros": 1546161700305982, "job": 8, "event": "trivial_move", "destination_level": 3, "files": 1, "total_files_size": 67233564}
2018/12/30-01:21:40.306099 7f20f7fff700 (Original Log Time 2018/12/30-01:21:40.306020) [db/db_impl_compaction_flush.cc:1864] [usertable] Moved #1 files to level-3 67233564 bytes OK: base level 1 max bytes base 536870912 files[1 2 124 559 0 0 0] max score 1.01
2018/12/30-01:21:40.339077 7f20f7fff700 EVENT_LOG_v1 {"time_micros": 1546161700339068, "job": 8, "event": "table_file_deletion", "file_number": 390}
2018/12/30-01:21:40.374692 7f20f7fff700 (Original Log Time 2018/12/30-01:21:40.339313) [db/db_impl_compaction_flush.cc:1835] [usertable] Moving #1230 to level-3 67233339 bytes
2018/12/30-01:21:40.374699 7f20f7fff700 (Original Log Time 2018/12/30-01:21:40.374600) EVENT_LOG_v1 {"time_micros": 1546161700374591, "job": 9, "event": "trivial_move", "destination_level": 3, "files": 1, "total_files_size": 67233339}
2018/12/30-01:21:40.374705 7f20f7fff700 (Original Log Time 2018/12/30-01:21:40.374622) [db/db_impl_compaction_flush.cc:1864] [usertable] Moved #1 files to level-3 67233339 bytes OK: base level 1 max bytes base 536870912 files[1 2 123 560 0 0 0] max score 1.00
2018/12/30-01:21:40.442879 7f20f7fff700 (Original Log Time 2018/12/30-01:21:40.374951) [db/db_impl_compaction_flush.cc:1835] [usertable] Moving #1231 to level-3 66184522 bytes
