2018/12/29-20:39:12.627602 7f0d028fd700 RocksDB version: 5.14.3
2018/12/29-20:39:12.627650 7f0d028fd700 Git sha rocksdb_build_git_sha:
2018/12/29-20:39:12.627653 7f0d028fd700 Compile date Dec 29 2018
2018/12/29-20:39:12.627658 7f0d028fd700 DB SUMMARY
2018/12/29-20:39:12.627681 7f0d028fd700 SST files in /mnt/sde/ycsb-rocksdb-data dir, Total Num: 0, files: 
2018/12/29-20:39:12.627683 7f0d028fd700 Write Ahead Log file in /mnt/sde/ycsb-rocksdb-data: 
2018/12/29-20:39:12.627686 7f0d028fd700                         Options.error_if_exists: 0
2018/12/29-20:39:12.627688 7f0d028fd700                       Options.create_if_missing: 1
2018/12/29-20:39:12.627689 7f0d028fd700                         Options.paranoid_checks: 1
2018/12/29-20:39:12.627690 7f0d028fd700                                     Options.env: 0x7f0cb4ded2c0
2018/12/29-20:39:12.627691 7f0d028fd700                                Options.info_log: 0x7f0cac3c47f0
2018/12/29-20:39:12.627692 7f0d028fd700                Options.max_file_opening_threads: 16
2018/12/29-20:39:12.627693 7f0d028fd700                              Options.statistics: (nil)
2018/12/29-20:39:12.627694 7f0d028fd700                               Options.use_fsync: 0
2018/12/29-20:39:12.627695 7f0d028fd700                       Options.max_log_file_size: 0
2018/12/29-20:39:12.627696 7f0d028fd700                  Options.max_manifest_file_size: 18446744073709551615
2018/12/29-20:39:12.627698 7f0d028fd700                   Options.log_file_time_to_roll: 0
2018/12/29-20:39:12.627699 7f0d028fd700                       Options.keep_log_file_num: 1000
2018/12/29-20:39:12.627700 7f0d028fd700                    Options.recycle_log_file_num: 0
2018/12/29-20:39:12.627701 7f0d028fd700                         Options.allow_fallocate: 1
2018/12/29-20:39:12.627702 7f0d028fd700                        Options.allow_mmap_reads: 0
2018/12/29-20:39:12.627703 7f0d028fd700                       Options.allow_mmap_writes: 0
2018/12/29-20:39:12.627704 7f0d028fd700                        Options.use_direct_reads: 0
2018/12/29-20:39:12.627705 7f0d028fd700                        Options.use_direct_io_for_flush_and_compaction: 0
2018/12/29-20:39:12.627706 7f0d028fd700          Options.create_missing_column_families: 1
2018/12/29-20:39:12.627707 7f0d028fd700                              Options.db_log_dir: 
2018/12/29-20:39:12.627708 7f0d028fd700                                 Options.wal_dir: /mnt/sde/ycsb-rocksdb-data
2018/12/29-20:39:12.627709 7f0d028fd700                Options.table_cache_numshardbits: 6
2018/12/29-20:39:12.627710 7f0d028fd700                      Options.max_subcompactions: 4
2018/12/29-20:39:12.627711 7f0d028fd700                  Options.max_background_flushes: 24
2018/12/29-20:39:12.627712 7f0d028fd700                         Options.WAL_ttl_seconds: 0
2018/12/29-20:39:12.627713 7f0d028fd700                       Options.WAL_size_limit_MB: 0
2018/12/29-20:39:12.627714 7f0d028fd700             Options.manifest_preallocation_size: 4194304
2018/12/29-20:39:12.627715 7f0d028fd700                     Options.is_fd_close_on_exec: 1
2018/12/29-20:39:12.627716 7f0d028fd700                   Options.advise_random_on_open: 1
2018/12/29-20:39:12.627717 7f0d028fd700                    Options.db_write_buffer_size: 0
2018/12/29-20:39:12.627718 7f0d028fd700                    Options.write_buffer_manager: 0x7f0cac3c1810
2018/12/29-20:39:12.627719 7f0d028fd700         Options.access_hint_on_compaction_start: 1
2018/12/29-20:39:12.627720 7f0d028fd700  Options.new_table_reader_for_compaction_inputs: 0
2018/12/29-20:39:12.627721 7f0d028fd700           Options.random_access_max_buffer_size: 1048576
2018/12/29-20:39:12.627722 7f0d028fd700                      Options.use_adaptive_mutex: 0
2018/12/29-20:39:12.627723 7f0d028fd700                            Options.rate_limiter: (nil)
2018/12/29-20:39:12.627726 7f0d028fd700     Options.sst_file_manager.rate_bytes_per_sec: 0
2018/12/29-20:39:12.627727 7f0d028fd700                       Options.wal_recovery_mode: 2
2018/12/29-20:39:12.627728 7f0d028fd700                  Options.enable_thread_tracking: 0
2018/12/29-20:39:12.627729 7f0d028fd700                  Options.enable_pipelined_write: 1
2018/12/29-20:39:12.627738 7f0d028fd700         Options.allow_concurrent_memtable_write: 1
2018/12/29-20:39:12.627739 7f0d028fd700      Options.enable_write_thread_adaptive_yield: 1
2018/12/29-20:39:12.627740 7f0d028fd700             Options.write_thread_max_yield_usec: 100
2018/12/29-20:39:12.627742 7f0d028fd700            Options.write_thread_slow_yield_usec: 3
2018/12/29-20:39:12.627743 7f0d028fd700                               Options.row_cache: None
2018/12/29-20:39:12.627744 7f0d028fd700                              Options.wal_filter: None
2018/12/29-20:39:12.627745 7f0d028fd700             Options.avoid_flush_during_recovery: 0
2018/12/29-20:39:12.627746 7f0d028fd700             Options.allow_ingest_behind: 0
2018/12/29-20:39:12.627747 7f0d028fd700             Options.preserve_deletes: 0
2018/12/29-20:39:12.627748 7f0d028fd700             Options.two_write_queues: 0
2018/12/29-20:39:12.627749 7f0d028fd700             Options.manual_wal_flush: 0
2018/12/29-20:39:12.627751 7f0d028fd700             Options.max_background_jobs: 24
2018/12/29-20:39:12.627752 7f0d028fd700             Options.max_background_compactions: 24
2018/12/29-20:39:12.627753 7f0d028fd700             Options.avoid_flush_during_shutdown: 0
2018/12/29-20:39:12.627754 7f0d028fd700           Options.writable_file_max_buffer_size: 1048576
2018/12/29-20:39:12.627755 7f0d028fd700             Options.delayed_write_rate : 16777216
2018/12/29-20:39:12.627756 7f0d028fd700             Options.max_total_wal_size: 0
2018/12/29-20:39:12.627757 7f0d028fd700             Options.delete_obsolete_files_period_micros: 21600000000
2018/12/29-20:39:12.627759 7f0d028fd700                   Options.stats_dump_period_sec: 60
2018/12/29-20:39:12.627760 7f0d028fd700                          Options.max_open_files: -1
2018/12/29-20:39:12.627761 7f0d028fd700                          Options.bytes_per_sync: 1048576
2018/12/29-20:39:12.627762 7f0d028fd700                      Options.wal_bytes_per_sync: 0
2018/12/29-20:39:12.627763 7f0d028fd700       Options.compaction_readahead_size: 0
2018/12/29-20:39:12.627764 7f0d028fd700 Compression algorithms supported:
2018/12/29-20:39:12.627765 7f0d028fd700 	kZSTDNotFinalCompression supported: 1
2018/12/29-20:39:12.627775 7f0d028fd700 	kZSTD supported: 1
2018/12/29-20:39:12.627776 7f0d028fd700 	kXpressCompression supported: 0
2018/12/29-20:39:12.627777 7f0d028fd700 	kLZ4HCCompression supported: 1
2018/12/29-20:39:12.627779 7f0d028fd700 	kLZ4Compression supported: 1
2018/12/29-20:39:12.627780 7f0d028fd700 	kBZip2Compression supported: 1
2018/12/29-20:39:12.627781 7f0d028fd700 	kZlibCompression supported: 1
2018/12/29-20:39:12.627782 7f0d028fd700 	kSnappyCompression supported: 1
2018/12/29-20:39:12.627787 7f0d028fd700 Fast CRC32 supported: Supported on x86
2018/12/29-20:39:12.627872 7f0d028fd700 [db/db_impl_open.cc:222] Creating manifest 1 
2018/12/29-20:39:12.732466 7f0d028fd700 [db/version_set.cc:3085] Recovering from manifest file: MANIFEST-000001
2018/12/29-20:39:12.732574 7f0d028fd700 [db/column_family.cc:475] --------------- Options for column family [default]:
2018/12/29-20:39:12.732578 7f0d028fd700               Options.comparator: leveldb.BytewiseComparator
2018/12/29-20:39:12.732580 7f0d028fd700           Options.merge_operator: None
2018/12/29-20:39:12.732581 7f0d028fd700        Options.compaction_filter: None
2018/12/29-20:39:12.732582 7f0d028fd700        Options.compaction_filter_factory: None
2018/12/29-20:39:12.732583 7f0d028fd700         Options.memtable_factory: SkipListFactory
2018/12/29-20:39:12.732584 7f0d028fd700            Options.table_factory: BlockBasedTable
2018/12/29-20:39:12.732612 7f0d028fd700            table_factory options:   flush_block_policy_factory: FlushBlockBySizePolicyFactory (0x7f0cac375a90)
  cache_index_and_filter_blocks: 0
  cache_index_and_filter_blocks_with_high_priority: 0
  pin_l0_filter_and_index_blocks_in_cache: 0
  index_type: 0
  hash_index_allow_collision: 1
  checksum: 1
  no_block_cache: 0
  block_cache: 0x7f0cac381ac0
  block_cache_name: LRUCache
  block_cache_options:
    capacity : 8388608
    num_shard_bits : 4
    strict_capacity_limit : 0
    high_pri_pool_ratio: 0.000
  block_cache_compressed: (nil)
  persistent_cache: (nil)
  block_size: 8192
  block_size_deviation: 10
  block_restart_interval: 16
  index_block_restart_interval: 1
  metadata_block_size: 4096
  partition_filters: 0
  use_delta_encoding: 1
  filter_policy: nullptr
  whole_key_filtering: 1
  verify_compression: 0
  read_amp_bytes_per_bit: 0
  format_version: 2
  enable_index_compression: 1
  block_align: 0
2018/12/29-20:39:12.732625 7f0d028fd700        Options.write_buffer_size: 134217728
2018/12/29-20:39:12.732626 7f0d028fd700  Options.max_write_buffer_number: 24
2018/12/29-20:39:12.732628 7f0d028fd700        Options.compression[0]: NoCompression
2018/12/29-20:39:12.732629 7f0d028fd700        Options.compression[1]: NoCompression
2018/12/29-20:39:12.732631 7f0d028fd700        Options.compression[2]: LZ4
2018/12/29-20:39:12.732632 7f0d028fd700        Options.compression[3]: LZ4
2018/12/29-20:39:12.732633 7f0d028fd700        Options.compression[4]: LZ4
2018/12/29-20:39:12.732634 7f0d028fd700        Options.compression[5]: LZ4
2018/12/29-20:39:12.732635 7f0d028fd700        Options.compression[6]: LZ4
2018/12/29-20:39:12.732636 7f0d028fd700                  Options.bottommost_compression: Disabled
2018/12/29-20:39:12.732637 7f0d028fd700       Options.prefix_extractor: nullptr
2018/12/29-20:39:12.732638 7f0d028fd700   Options.memtable_insert_with_hint_prefix_extractor: nullptr
2018/12/29-20:39:12.732639 7f0d028fd700             Options.num_levels: 7
2018/12/29-20:39:12.732641 7f0d028fd700        Options.min_write_buffer_number_to_merge: 2
2018/12/29-20:39:12.732642 7f0d028fd700     Options.max_write_buffer_number_to_maintain: 0
2018/12/29-20:39:12.732643 7f0d028fd700            Options.compression_opts.window_bits: -14
2018/12/29-20:39:12.732644 7f0d028fd700                  Options.compression_opts.level: -1
2018/12/29-20:39:12.732645 7f0d028fd700               Options.compression_opts.strategy: 0
2018/12/29-20:39:12.732646 7f0d028fd700         Options.compression_opts.max_dict_bytes: 0
2018/12/29-20:39:12.732647 7f0d028fd700         Options.compression_opts.zstd_max_train_bytes: 0
2018/12/29-20:39:12.732648 7f0d028fd700      Options.level0_file_num_compaction_trigger: 2
2018/12/29-20:39:12.732649 7f0d028fd700          Options.level0_slowdown_writes_trigger: 20
2018/12/29-20:39:12.732650 7f0d028fd700              Options.level0_stop_writes_trigger: 36
2018/12/29-20:39:12.732651 7f0d028fd700                   Options.target_file_size_base: 67108864
2018/12/29-20:39:12.732652 7f0d028fd700             Options.target_file_size_multiplier: 1
2018/12/29-20:39:12.732653 7f0d028fd700                Options.max_bytes_for_level_base: 536870912
2018/12/29-20:39:12.732658 7f0d028fd700 Options.level_compaction_dynamic_level_bytes: 0
2018/12/29-20:39:12.732660 7f0d028fd700          Options.max_bytes_for_level_multiplier: 10.000000
2018/12/29-20:39:12.732662 7f0d028fd700 Options.max_bytes_for_level_multiplier_addtl[0]: 1
2018/12/29-20:39:12.732663 7f0d028fd700 Options.max_bytes_for_level_multiplier_addtl[1]: 1
2018/12/29-20:39:12.732665 7f0d028fd700 Options.max_bytes_for_level_multiplier_addtl[2]: 1
2018/12/29-20:39:12.732666 7f0d028fd700 Options.max_bytes_for_level_multiplier_addtl[3]: 1
2018/12/29-20:39:12.732667 7f0d028fd700 Options.max_bytes_for_level_multiplier_addtl[4]: 1
2018/12/29-20:39:12.732668 7f0d028fd700 Options.max_bytes_for_level_multiplier_addtl[5]: 1
2018/12/29-20:39:12.732669 7f0d028fd700 Options.max_bytes_for_level_multiplier_addtl[6]: 1
2018/12/29-20:39:12.732670 7f0d028fd700       Options.max_sequential_skip_in_iterations: 8
2018/12/29-20:39:12.732671 7f0d028fd700                    Options.max_compaction_bytes: 1677721600
2018/12/29-20:39:12.732672 7f0d028fd700                        Options.arena_block_size: 16777216
2018/12/29-20:39:12.732673 7f0d028fd700   Options.soft_pending_compaction_bytes_limit: 68719476736
2018/12/29-20:39:12.732674 7f0d028fd700   Options.hard_pending_compaction_bytes_limit: 274877906944
2018/12/29-20:39:12.732681 7f0d028fd700       Options.rate_limit_delay_max_milliseconds: 100
2018/12/29-20:39:12.732682 7f0d028fd700                Options.disable_auto_compactions: 0
2018/12/29-20:39:12.732685 7f0d028fd700                        Options.compaction_style: kCompactionStyleLevel
2018/12/29-20:39:12.732686 7f0d028fd700                          Options.compaction_pri: kByCompensatedSize
2018/12/29-20:39:12.732688 7f0d028fd700 Options.compaction_options_universal.size_ratio: 1
2018/12/29-20:39:12.732689 7f0d028fd700 Options.compaction_options_universal.min_merge_width: 2
2018/12/29-20:39:12.732690 7f0d028fd700 Options.compaction_options_universal.max_merge_width: 4294967295
2018/12/29-20:39:12.732691 7f0d028fd700 Options.compaction_options_universal.max_size_amplification_percent: 200
2018/12/29-20:39:12.732692 7f0d028fd700 Options.compaction_options_universal.compression_size_percent: -1
2018/12/29-20:39:12.732694 7f0d028fd700 Options.compaction_options_universal.stop_style: kCompactionStopStyleTotalSize
2018/12/29-20:39:12.732695 7f0d028fd700 Options.compaction_options_fifo.max_table_files_size: 1073741824
2018/12/29-20:39:12.732696 7f0d028fd700 Options.compaction_options_fifo.allow_compaction: 0
2018/12/29-20:39:12.732697 7f0d028fd700 Options.compaction_options_fifo.ttl: 0
2018/12/29-20:39:12.732698 7f0d028fd700                   Options.table_properties_collectors: 
2018/12/29-20:39:12.732699 7f0d028fd700                   Options.inplace_update_support: 0
2018/12/29-20:39:12.732700 7f0d028fd700                 Options.inplace_update_num_locks: 10000
2018/12/29-20:39:12.732701 7f0d028fd700               Options.memtable_prefix_bloom_size_ratio: 0.000000
2018/12/29-20:39:12.732703 7f0d028fd700   Options.memtable_huge_page_size: 0
2018/12/29-20:39:12.732704 7f0d028fd700                           Options.bloom_locality: 0
2018/12/29-20:39:12.732705 7f0d028fd700                    Options.max_successive_merges: 0
2018/12/29-20:39:12.732706 7f0d028fd700                Options.optimize_filters_for_hits: 0
2018/12/29-20:39:12.732707 7f0d028fd700                Options.paranoid_file_checks: 0
2018/12/29-20:39:12.732708 7f0d028fd700                Options.force_consistency_checks: 0
2018/12/29-20:39:12.732709 7f0d028fd700                Options.report_bg_io_stats: 0
2018/12/29-20:39:12.732710 7f0d028fd700                               Options.ttl: 0
2018/12/29-20:39:12.733303 7f0d028fd700 [db/version_set.cc:3361] Recovered from manifest file:/mnt/sde/ycsb-rocksdb-data/MANIFEST-000001 succeeded,manifest_file_number is 1, next_file_number is 3, last_sequence is 0, log_number is 0,prev_log_number is 0,max_column_family is 0,min_log_number_to_keep is 0
2018/12/29-20:39:12.733312 7f0d028fd700 [db/version_set.cc:3369] Column family [default] (ID 0), log number is 0
2018/12/29-20:39:12.733514 7f0d028fd700 [db/version_set.cc:2847] Creating manifest 4
2018/12/29-20:39:12.808912 7f0d028fd700 [db/column_family.cc:475] --------------- Options for column family [usertable]:
2018/12/29-20:39:12.808919 7f0d028fd700               Options.comparator: leveldb.BytewiseComparator
2018/12/29-20:39:12.808921 7f0d028fd700           Options.merge_operator: None
2018/12/29-20:39:12.808922 7f0d028fd700        Options.compaction_filter: None
2018/12/29-20:39:12.808923 7f0d028fd700        Options.compaction_filter_factory: None
2018/12/29-20:39:12.808924 7f0d028fd700         Options.memtable_factory: SkipListFactory
2018/12/29-20:39:12.808926 7f0d028fd700            Options.table_factory: BlockBasedTable
2018/12/29-20:39:12.808956 7f0d028fd700            table_factory options:   flush_block_policy_factory: FlushBlockBySizePolicyFactory (0x7f0cac375b70)
  cache_index_and_filter_blocks: 0
  cache_index_and_filter_blocks_with_high_priority: 0
  pin_l0_filter_and_index_blocks_in_cache: 0
  index_type: 0
  hash_index_allow_collision: 1
  checksum: 1
  no_block_cache: 0
  block_cache: 0x7f0cac376c90
  block_cache_name: LRUCache
  block_cache_options:
    capacity : 8388608
    num_shard_bits : 4
    strict_capacity_limit : 0
    high_pri_pool_ratio: 0.000
  block_cache_compressed: (nil)
  persistent_cache: (nil)
  block_size: 8192
  block_size_deviation: 10
  block_restart_interval: 16
  index_block_restart_interval: 1
  metadata_block_size: 4096
  partition_filters: 0
  use_delta_encoding: 1
  filter_policy: nullptr
  whole_key_filtering: 1
  verify_compression: 0
  read_amp_bytes_per_bit: 0
  format_version: 2
  enable_index_compression: 1
  block_align: 0
2018/12/29-20:39:12.808958 7f0d028fd700        Options.write_buffer_size: 134217728
2018/12/29-20:39:12.808959 7f0d028fd700  Options.max_write_buffer_number: 24
2018/12/29-20:39:12.808961 7f0d028fd700        Options.compression[0]: NoCompression
2018/12/29-20:39:12.808962 7f0d028fd700        Options.compression[1]: NoCompression
2018/12/29-20:39:12.808964 7f0d028fd700        Options.compression[2]: LZ4
2018/12/29-20:39:12.808965 7f0d028fd700        Options.compression[3]: LZ4
2018/12/29-20:39:12.808966 7f0d028fd700        Options.compression[4]: LZ4
2018/12/29-20:39:12.808967 7f0d028fd700        Options.compression[5]: LZ4
2018/12/29-20:39:12.808968 7f0d028fd700        Options.compression[6]: LZ4
2018/12/29-20:39:12.808969 7f0d028fd700                  Options.bottommost_compression: Disabled
2018/12/29-20:39:12.808970 7f0d028fd700       Options.prefix_extractor: nullptr
2018/12/29-20:39:12.808971 7f0d028fd700   Options.memtable_insert_with_hint_prefix_extractor: nullptr
2018/12/29-20:39:12.808972 7f0d028fd700             Options.num_levels: 7
2018/12/29-20:39:12.808973 7f0d028fd700        Options.min_write_buffer_number_to_merge: 2
2018/12/29-20:39:12.808974 7f0d028fd700     Options.max_write_buffer_number_to_maintain: 0
2018/12/29-20:39:12.808975 7f0d028fd700            Options.compression_opts.window_bits: -14
2018/12/29-20:39:12.808976 7f0d028fd700                  Options.compression_opts.level: -1
2018/12/29-20:39:12.808978 7f0d028fd700               Options.compression_opts.strategy: 0
2018/12/29-20:39:12.808978 7f0d028fd700         Options.compression_opts.max_dict_bytes: 0
2018/12/29-20:39:12.808980 7f0d028fd700         Options.compression_opts.zstd_max_train_bytes: 0
2018/12/29-20:39:12.808981 7f0d028fd700      Options.level0_file_num_compaction_trigger: 2
2018/12/29-20:39:12.808982 7f0d028fd700          Options.level0_slowdown_writes_trigger: 20
2018/12/29-20:39:12.808983 7f0d028fd700              Options.level0_stop_writes_trigger: 36
2018/12/29-20:39:12.808984 7f0d028fd700                   Options.target_file_size_base: 67108864
2018/12/29-20:39:12.808985 7f0d028fd700             Options.target_file_size_multiplier: 1
2018/12/29-20:39:12.808986 7f0d028fd700                Options.max_bytes_for_level_base: 536870912
2018/12/29-20:39:12.808987 7f0d028fd700 Options.level_compaction_dynamic_level_bytes: 0
2018/12/29-20:39:12.808988 7f0d028fd700          Options.max_bytes_for_level_multiplier: 10.000000
2018/12/29-20:39:12.808990 7f0d028fd700 Options.max_bytes_for_level_multiplier_addtl[0]: 1
2018/12/29-20:39:12.809003 7f0d028fd700 Options.max_bytes_for_level_multiplier_addtl[1]: 1
2018/12/29-20:39:12.809004 7f0d028fd700 Options.max_bytes_for_level_multiplier_addtl[2]: 1
2018/12/29-20:39:12.809005 7f0d028fd700 Options.max_bytes_for_level_multiplier_addtl[3]: 1
2018/12/29-20:39:12.809006 7f0d028fd700 Options.max_bytes_for_level_multiplier_addtl[4]: 1
2018/12/29-20:39:12.809007 7f0d028fd700 Options.max_bytes_for_level_multiplier_addtl[5]: 1
2018/12/29-20:39:12.809008 7f0d028fd700 Options.max_bytes_for_level_multiplier_addtl[6]: 1
2018/12/29-20:39:12.809009 7f0d028fd700       Options.max_sequential_skip_in_iterations: 8
2018/12/29-20:39:12.809010 7f0d028fd700                    Options.max_compaction_bytes: 1677721600
2018/12/29-20:39:12.809012 7f0d028fd700                        Options.arena_block_size: 16777216
2018/12/29-20:39:12.809013 7f0d028fd700   Options.soft_pending_compaction_bytes_limit: 68719476736
2018/12/29-20:39:12.809014 7f0d028fd700   Options.hard_pending_compaction_bytes_limit: 274877906944
2018/12/29-20:39:12.809015 7f0d028fd700       Options.rate_limit_delay_max_milliseconds: 100
2018/12/29-20:39:12.809016 7f0d028fd700                Options.disable_auto_compactions: 0
2018/12/29-20:39:12.809018 7f0d028fd700                        Options.compaction_style: kCompactionStyleLevel
2018/12/29-20:39:12.809020 7f0d028fd700                          Options.compaction_pri: kByCompensatedSize
2018/12/29-20:39:12.809021 7f0d028fd700 Options.compaction_options_universal.size_ratio: 1
2018/12/29-20:39:12.809022 7f0d028fd700 Options.compaction_options_universal.min_merge_width: 2
2018/12/29-20:39:12.809023 7f0d028fd700 Options.compaction_options_universal.max_merge_width: 4294967295
2018/12/29-20:39:12.809024 7f0d028fd700 Options.compaction_options_universal.max_size_amplification_percent: 200
2018/12/29-20:39:12.809025 7f0d028fd700 Options.compaction_options_universal.compression_size_percent: -1
2018/12/29-20:39:12.809027 7f0d028fd700 Options.compaction_options_universal.stop_style: kCompactionStopStyleTotalSize
2018/12/29-20:39:12.809028 7f0d028fd700 Options.compaction_options_fifo.max_table_files_size: 1073741824
2018/12/29-20:39:12.809029 7f0d028fd700 Options.compaction_options_fifo.allow_compaction: 0
2018/12/29-20:39:12.809030 7f0d028fd700 Options.compaction_options_fifo.ttl: 0
2018/12/29-20:39:12.809031 7f0d028fd700                   Options.table_properties_collectors: 
2018/12/29-20:39:12.809033 7f0d028fd700                   Options.inplace_update_support: 0
2018/12/29-20:39:12.809034 7f0d028fd700                 Options.inplace_update_num_locks: 10000
2018/12/29-20:39:12.809035 7f0d028fd700               Options.memtable_prefix_bloom_size_ratio: 0.000000
2018/12/29-20:39:12.809036 7f0d028fd700   Options.memtable_huge_page_size: 0
2018/12/29-20:39:12.809037 7f0d028fd700                           Options.bloom_locality: 0
2018/12/29-20:39:12.809038 7f0d028fd700                    Options.max_successive_merges: 0
2018/12/29-20:39:12.809039 7f0d028fd700                Options.optimize_filters_for_hits: 0
2018/12/29-20:39:12.809040 7f0d028fd700                Options.paranoid_file_checks: 0
2018/12/29-20:39:12.809041 7f0d028fd700                Options.force_consistency_checks: 0
2018/12/29-20:39:12.809042 7f0d028fd700                Options.report_bg_io_stats: 0
2018/12/29-20:39:12.809043 7f0d028fd700                               Options.ttl: 0
2018/12/29-20:39:12.809112 7f0d028fd700 [db/db_impl.cc:1396] Created column family [usertable] (ID 1)
2018/12/29-20:39:12.889476 7f0d028fd700 [db/db_impl_open.cc:1219] DB pointer 0x7f0cac3c4f40
2018/12/29-20:39:21.560475 7f0d022e6700 [db/db_impl_write.cc:1373] [usertable] New memtable created with log file: #9. Immutable memtables: 0.
2018/12/29-20:39:30.526492 7f0d00fd3700 [db/db_impl_write.cc:1373] [usertable] New memtable created with log file: #10. Immutable memtables: 1.
2018/12/29-20:39:30.526653 7f0bd27fc700 [db/db_impl_compaction_flush.cc:80] [JOB 2] Syncing log #3
2018/12/29-20:39:30.778365 7f0bd27fc700 [db/db_impl_compaction_flush.cc:80] [JOB 2] Syncing log #9
2018/12/29-20:39:31.310159 7f0bd27fc700 (Original Log Time 2018/12/29-20:39:30.526590) [db/db_impl_compaction_flush.cc:1424] Calling FlushMemTableToOutputFile with column family [usertable], flush slots available 24, compaction slots available 1, flush slots scheduled 1, compaction slots scheduled 0
2018/12/29-20:39:31.310175 7f0bd27fc700 [db/flush_job.cc:301] [usertable] [JOB 2] Flushing memtable with next log file: 9
2018/12/29-20:39:31.310189 7f0bd27fc700 [db/flush_job.cc:301] [usertable] [JOB 2] Flushing memtable with next log file: 10
2018/12/29-20:39:31.310237 7f0bd27fc700 EVENT_LOG_v1 {"time_micros": 1546144771310220, "job": 2, "event": "flush_started", "num_memtables": 2, "num_entries": 61712, "num_deletes": 0, "memory_usage": 255797576, "flush_reason": "Write Buffer Full"}
2018/12/29-20:39:31.310250 7f0bd27fc700 [db/flush_job.cc:331] [usertable] [JOB 2] Level-0 flush table #11: started
2018/12/29-20:39:32.231326 7f0bd27fc700 EVENT_LOG_v1 {"time_micros": 1546144772231301, "cf_name": "usertable", "job": 2, "event": "table_file_creation", "file_number": 11, "file_size": 255574056, "table_properties": {"data_size": 254438576, "index_size": 1134553, "filter_size": 0, "raw_key_size": 1481088, "raw_average_key_size": 24, "raw_value_size": 252772352, "raw_average_value_size": 4096, "num_data_blocks": 30856, "num_entries": 61712, "filter_policy_name": "", "kDeletedKeys": "0", "kMergeOperands": "0"}}
2018/12/29-20:39:32.231354 7f0bd27fc700 [db/flush_job.cc:371] [usertable] [JOB 2] Level-0 flush table #11: 255574056 bytes OK
2018/12/29-20:39:32.260302 7f0bd27fc700 (Original Log Time 2018/12/29-20:39:32.231376) [db/memtable_list.cc:377] [usertable] Level-0 commit table #11 started
2018/12/29-20:39:32.260307 7f0bd27fc700 (Original Log Time 2018/12/29-20:39:32.260162) [db/memtable_list.cc:409] [usertable] Level-0 commit table #11: memtable #1 done
2018/12/29-20:39:32.260309 7f0bd27fc700 (Original Log Time 2018/12/29-20:39:32.260176) [db/memtable_list.cc:409] [usertable] Level-0 commit table #11: memtable #2 done
2018/12/29-20:39:32.260311 7f0bd27fc700 (Original Log Time 2018/12/29-20:39:32.260213) EVENT_LOG_v1 {"time_micros": 1546144772260200, "job": 2, "event": "flush_finished", "output_compression": "NoCompression", "lsm_state": [1, 0, 0, 0, 0, 0, 0], "immutable_memtables": 0}
2018/12/29-20:39:32.260312 7f0bd27fc700 (Original Log Time 2018/12/29-20:39:32.260254) [db/db_impl_compaction_flush.cc:177] [usertable] Level summary: base level 1 max bytes base 536870912 files[1 0 0 0 0 0 0] max score 0.50
2018/12/29-20:39:32.260328 7f0bd27fc700 [db/db_impl_files.cc:347] [JOB 2] Try to delete WAL files size 254803844, prev total WAL file size 279858340, number of live WAL files 3.
2018/12/29-20:39:39.405670 7f0d00bcf700 [db/db_impl_write.cc:1373] [usertable] New memtable created with log file: #12. Immutable memtables: 0.
2018/12/29-20:39:47.590358 7f0d00dd1700 [db/db_impl_write.cc:1373] [usertable] New memtable created with log file: #13. Immutable memtables: 1.
2018/12/29-20:39:47.590449 7f0bd1ffb700 [db/db_impl_compaction_flush.cc:80] [JOB 3] Syncing log #10
2018/12/29-20:39:48.101934 7f0bd1ffb700 [db/db_impl_compaction_flush.cc:80] [JOB 3] Syncing log #12
2018/12/29-20:39:48.586878 7f0bd1ffb700 (Original Log Time 2018/12/29-20:39:47.590429) [db/db_impl_compaction_flush.cc:1424] Calling FlushMemTableToOutputFile with column family [usertable], flush slots available 24, compaction slots available 1, flush slots scheduled 1, compaction slots scheduled 0
2018/12/29-20:39:48.586891 7f0bd1ffb700 [db/flush_job.cc:301] [usertable] [JOB 3] Flushing memtable with next log file: 12
2018/12/29-20:39:48.586900 7f0bd1ffb700 [db/flush_job.cc:301] [usertable] [JOB 3] Flushing memtable with next log file: 13
2018/12/29-20:39:48.586930 7f0bd1ffb700 EVENT_LOG_v1 {"time_micros": 1546144788586920, "job": 3, "event": "flush_started", "num_memtables": 2, "num_entries": 59725, "num_deletes": 0, "memory_usage": 251648576, "flush_reason": "Write Buffer Full"}
2018/12/29-20:39:48.586938 7f0bd1ffb700 [db/flush_job.cc:331] [usertable] [JOB 3] Level-0 flush table #14: started
2018/12/29-20:39:49.486040 7f0bd1ffb700 EVENT_LOG_v1 {"time_micros": 1546144789486015, "cf_name": "usertable", "job": 3, "event": "table_file_creation", "file_number": 14, "file_size": 247345147, "table_properties": {"data_size": 246246189, "index_size": 1098031, "filter_size": 0, "raw_key_size": 1433400, "raw_average_key_size": 24, "raw_value_size": 244633600, "raw_average_value_size": 4096, "num_data_blocks": 29863, "num_entries": 59725, "filter_policy_name": "", "kDeletedKeys": "0", "kMergeOperands": "0"}}
2018/12/29-20:39:49.486063 7f0bd1ffb700 [db/flush_job.cc:371] [usertable] [JOB 3] Level-0 flush table #14: 247345147 bytes OK
2018/12/29-20:39:49.515761 7f0bd1ffb700 (Original Log Time 2018/12/29-20:39:49.486082) [db/memtable_list.cc:377] [usertable] Level-0 commit table #14 started
2018/12/29-20:39:49.515766 7f0bd1ffb700 (Original Log Time 2018/12/29-20:39:49.515652) [db/memtable_list.cc:409] [usertable] Level-0 commit table #14: memtable #1 done
2018/12/29-20:39:49.515768 7f0bd1ffb700 (Original Log Time 2018/12/29-20:39:49.515657) [db/memtable_list.cc:409] [usertable] Level-0 commit table #14: memtable #2 done
2018/12/29-20:39:49.515769 7f0bd1ffb700 (Original Log Time 2018/12/29-20:39:49.515687) EVENT_LOG_v1 {"time_micros": 1546144789515676, "job": 3, "event": "flush_finished", "output_compression": "NoCompression", "lsm_state": [2, 0, 0, 0, 0, 0, 0], "immutable_memtables": 0}
2018/12/29-20:39:49.515771 7f0bd1ffb700 (Original Log Time 2018/12/29-20:39:49.515732) [db/db_impl_compaction_flush.cc:177] [usertable] Level summary: base level 1 max bytes base 536870912 files[2 0 0 0 0 0 0] max score 1.00
2018/12/29-20:39:49.515784 7f0bd1ffb700 [db/db_impl_files.cc:347] [JOB 3] Try to delete WAL files size 246601741, prev total WAL file size 274418586, number of live WAL files 3.
2018/12/29-20:39:49.515982 7f0c33fff700 [WARN] [db/db_impl.cc:491] ------- DUMPING STATS -------
2018/12/29-20:39:49.517956 7f0c33fff700 [WARN] [db/db_impl.cc:492] 
** DB Stats **
Uptime(secs): 36.8 total, 36.8 interval
Cumulative writes: 128K writes, 128K keys, 127K commit groups, 1.0 writes per commit group, ingest: 0.49 GB, 13.72 MB/s
Cumulative WAL: 128K writes, 0 syncs, 128175.00 writes per sync, written: 0.49 GB, 13.72 MB/s
Cumulative stall: 00:00:0.000 H:M:S, 0.0 percent
Interval writes: 128K writes, 128K keys, 127K commit groups, 1.0 writes per commit group, ingest: 504.71 MB, 13.72 MB/s
Interval WAL: 128K writes, 0 syncs, 128175.00 writes per sync, written: 0.49 MB, 13.72 MB/s
Interval stall: 00:00:0.000 H:M:S, 0.0 percent

** Compaction Stats [default] **
Level    Files   Size     Score Read(GB)  Rn(GB) Rnp1(GB) Write(GB) Wnew(GB) Moved(GB) W-Amp Rd(MB/s) Wr(MB/s) Comp(sec) Comp(cnt) Avg(sec) KeyIn KeyDrop
----------------------------------------------------------------------------------------------------------------------------------------------------------
 Sum      0/0    0.00 KB   0.0      0.0     0.0      0.0       0.0      0.0       0.0   0.0      0.0      0.0         0         0    0.000       0      0
 Int      0/0    0.00 KB   0.0      0.0     0.0      0.0       0.0      0.0       0.0   0.0      0.0      0.0         0         0    0.000       0      0
Uptime(secs): 36.8 total, 36.8 interval
Flush(GB): cumulative 0.000, interval 0.000
AddFile(GB): cumulative 0.000, interval 0.000
AddFile(Total Files): cumulative 0, interval 0
AddFile(L0 Files): cumulative 0, interval 0
AddFile(Keys): cumulative 0, interval 0
Cumulative compaction: 0.00 GB write, 0.00 MB/s write, 0.00 GB read, 0.00 MB/s read, 0.0 seconds
Interval compaction: 0.00 GB write, 0.00 MB/s write, 0.00 GB read, 0.00 MB/s read, 0.0 seconds
Stalls(count): 0 level0_slowdown, 0 level0_slowdown_with_compaction, 0 level0_numfiles, 0 level0_numfiles_with_compaction, 0 stop for pending_compaction_bytes, 0 slowdown for pending_compaction_bytes, 0 memtable_compaction, 0 memtable_slowdown, interval 0 total count

** File Read Latency Histogram By Level [default] **

** Compaction Stats [usertable] **
Level    Files   Size     Score Read(GB)  Rn(GB) Rnp1(GB) Write(GB) Wnew(GB) Moved(GB) W-Amp Rd(MB/s) Wr(MB/s) Comp(sec) Comp(cnt) Avg(sec) KeyIn KeyDrop
----------------------------------------------------------------------------------------------------------------------------------------------------------
  L0      2/0   479.62 MB   1.0      0.0     0.0      0.0       0.5      0.5       0.0   1.0      0.0    263.5         2         2    0.910       0      0
 Sum      2/0   479.62 MB   0.0      0.0     0.0      0.0       0.5      0.5       0.0   1.0      0.0    263.5         2         2    0.910       0      0
 Int      0/0    0.00 KB   0.0      0.0     0.0      0.0       0.5      0.5       0.0   1.0      0.0    263.5         2         2    0.910       0      0
Uptime(secs): 36.7 total, 36.7 interval
Flush(GB): cumulative 0.468, interval 0.468
AddFile(GB): cumulative 0.000, interval 0.000
AddFile(Total Files): cumulative 0, interval 0
AddFile(L0 Files): cumulative 0, interval 0
AddFile(Keys): cumulative 0, interval 0
Cumulative compaction: 0.47 GB write, 13.07 MB/s write, 0.00 GB read, 0.00 MB/s read, 1.8 seconds
Interval compaction: 0.47 GB write, 13.07 MB/s write, 0.00 GB read, 0.00 MB/s read, 1.8 seconds
Stalls(count): 0 level0_slowdown, 0 level0_slowdown_with_compaction, 0 level0_numfiles, 0 level0_numfiles_with_compaction, 0 stop for pending_compaction_bytes, 0 slowdown for pending_compaction_bytes, 0 memtable_compaction, 0 memtable_slowdown, interval 0 total count

** File Read Latency Histogram By Level [usertable] **

** Compaction Stats [default] **
Level    Files   Size     Score Read(GB)  Rn(GB) Rnp1(GB) Write(GB) Wnew(GB) Moved(GB) W-Amp Rd(MB/s) Wr(MB/s) Comp(sec) Comp(cnt) Avg(sec) KeyIn KeyDrop
----------------------------------------------------------------------------------------------------------------------------------------------------------
 Sum      0/0    0.00 KB   0.0      0.0     0.0      0.0       0.0      0.0       0.0   0.0      0.0      0.0         0         0    0.000       0      0
 Int      0/0    0.00 KB   0.0      0.0     0.0      0.0       0.0      0.0       0.0   0.0      0.0      0.0         0         0    0.000       0      0
Uptime(secs): 36.8 total, 0.0 interval
Flush(GB): cumulative 0.000, interval 0.000
AddFile(GB): cumulative 0.000, interval 0.000
AddFile(Total Files): cumulative 0, interval 0
AddFile(L0 Files): cumulative 0, interval 0
AddFile(Keys): cumulative 0, interval 0
Cumulative compaction: 0.00 GB write, 0.00 MB/s write, 0.00 GB read, 0.00 MB/s read, 0.0 seconds
Interval compaction: 0.00 GB write, 0.00 MB/s write, 0.00 GB read, 0.00 MB/s read, 0.0 seconds
Stalls(count): 0 level0_slowdown, 0 level0_slowdown_with_compaction, 0 level0_numfiles, 0 level0_numfiles_with_compaction, 0 stop for pending_compaction_bytes, 0 slowdown for pending_compaction_bytes, 0 memtable_compaction, 0 memtable_slowdown, interval 0 total count

** File Read Latency Histogram By Level [default] **

** Compaction Stats [usertable] **
Level    Files   Size     Score Read(GB)  Rn(GB) Rnp1(GB) Write(GB) Wnew(GB) Moved(GB) W-Amp Rd(MB/s) Wr(MB/s) Comp(sec) Comp(cnt) Avg(sec) KeyIn KeyDrop
----------------------------------------------------------------------------------------------------------------------------------------------------------
  L0      2/0   479.62 MB   1.0      0.0     0.0      0.0       0.5      0.5       0.0   1.0      0.0    263.5         2         2    0.910       0      0
 Sum      2/0   479.62 MB   0.0      0.0     0.0      0.0       0.5      0.5       0.0   1.0      0.0    263.5         2         2    0.910       0      0
 Int      0/0    0.00 KB   0.0      0.0     0.0      0.0       0.0      0.0       0.0   0.0      0.0      0.0         0         0    0.000       0      0
Uptime(secs): 36.7 total, 0.0 interval
Flush(GB): cumulative 0.468, interval 0.000
AddFile(GB): cumulative 0.000, interval 0.000
AddFile(Total Files): cumulative 0, interval 0
AddFile(L0 Files): cumulative 0, interval 0
AddFile(Keys): cumulative 0, interval 0
Cumulative compaction: 0.47 GB write, 13.07 MB/s write, 0.00 GB read, 0.00 MB/s read, 1.8 seconds
Interval compaction: 0.00 GB write, 0.00 MB/s write, 0.00 GB read, 0.00 MB/s read, 0.0 seconds
Stalls(count): 0 level0_slowdown, 0 level0_slowdown_with_compaction, 0 level0_numfiles, 0 level0_numfiles_with_compaction, 0 stop for pending_compaction_bytes, 0 slowdown for pending_compaction_bytes, 0 memtable_compaction, 0 memtable_slowdown, interval 0 total count

** File Read Latency Histogram By Level [usertable] **
2018/12/29-20:39:49.549302 7f0c33fff700 (Original Log Time 2018/12/29-20:39:49.519722) [db/db_impl_compaction_flush.cc:1835] [usertable] Moving #11 to level-1 255574056 bytes
2018/12/29-20:39:49.549307 7f0c33fff700 (Original Log Time 2018/12/29-20:39:49.549240) EVENT_LOG_v1 {"time_micros": 1546144789549226, "job": 4, "event": "trivial_move", "destination_level": 1, "files": 1, "total_files_size": 255574056}
2018/12/29-20:39:49.549308 7f0c33fff700 (Original Log Time 2018/12/29-20:39:49.549256) [db/db_impl_compaction_flush.cc:1864] [usertable] Moved #1 files to level-1 255574056 bytes OK: base level 1 max bytes base 536870912 files[1 1 0 0 0 0 0] max score 0.50
2018/12/29-20:39:56.557030 7f0d01bdf700 [db/db_impl_write.cc:1373] [usertable] New memtable created with log file: #15. Immutable memtables: 0.
2018/12/29-20:40:03.513041 7f0d019dd700 [db/db_impl_write.cc:1373] [usertable] New memtable created with log file: #16. Immutable memtables: 1.
2018/12/29-20:40:03.513132 7f0bd0ff9700 [db/db_impl_compaction_flush.cc:80] [JOB 5] Syncing log #13
2018/12/29-20:40:04.037601 7f0bd0ff9700 [db/db_impl_compaction_flush.cc:80] [JOB 5] Syncing log #15
2018/12/29-20:40:04.645550 7f0bd0ff9700 (Original Log Time 2018/12/29-20:40:03.513106) [db/db_impl_compaction_flush.cc:1424] Calling FlushMemTableToOutputFile with column family [usertable], flush slots available 24, compaction slots available 1, flush slots scheduled 1, compaction slots scheduled 0
2018/12/29-20:40:04.645568 7f0bd0ff9700 [db/flush_job.cc:301] [usertable] [JOB 5] Flushing memtable with next log file: 15
2018/12/29-20:40:04.645575 7f0bd0ff9700 [db/flush_job.cc:301] [usertable] [JOB 5] Flushing memtable with next log file: 16
2018/12/29-20:40:04.645605 7f0bd0ff9700 EVENT_LOG_v1 {"time_micros": 1546144804645595, "job": 5, "event": "flush_started", "num_memtables": 2, "num_entries": 55726, "num_deletes": 0, "memory_usage": 244316232, "flush_reason": "Write Buffer Full"}
2018/12/29-20:40:04.645625 7f0bd0ff9700 [db/flush_job.cc:331] [usertable] [JOB 5] Level-0 flush table #17: started
2018/12/29-20:40:06.794472 7f0bd0ff9700 EVENT_LOG_v1 {"time_micros": 1546144806794448, "cf_name": "usertable", "job": 5, "event": "table_file_creation", "file_number": 17, "file_size": 230796083, "table_properties": {"data_size": 229764489, "index_size": 1030667, "filter_size": 0, "raw_key_size": 1337424, "raw_average_key_size": 24, "raw_value_size": 228253696, "raw_average_value_size": 4096, "num_data_blocks": 27863, "num_entries": 55726, "filter_policy_name": "", "kDeletedKeys": "0", "kMergeOperands": "0"}}
2018/12/29-20:40:06.794494 7f0bd0ff9700 [db/flush_job.cc:371] [usertable] [JOB 5] Level-0 flush table #17: 230796083 bytes OK
2018/12/29-20:40:06.826308 7f0bd0ff9700 (Original Log Time 2018/12/29-20:40:06.794509) [db/memtable_list.cc:377] [usertable] Level-0 commit table #17 started
2018/12/29-20:40:06.826313 7f0bd0ff9700 (Original Log Time 2018/12/29-20:40:06.826191) [db/memtable_list.cc:409] [usertable] Level-0 commit table #17: memtable #1 done
2018/12/29-20:40:06.826315 7f0bd0ff9700 (Original Log Time 2018/12/29-20:40:06.826201) [db/memtable_list.cc:409] [usertable] Level-0 commit table #17: memtable #2 done
2018/12/29-20:40:06.826317 7f0bd0ff9700 (Original Log Time 2018/12/29-20:40:06.826240) EVENT_LOG_v1 {"time_micros": 1546144806826228, "job": 5, "event": "flush_finished", "output_compression": "NoCompression", "lsm_state": [2, 1, 0, 0, 0, 0, 0], "immutable_memtables": 0}
2018/12/29-20:40:06.826319 7f0bd0ff9700 (Original Log Time 2018/12/29-20:40:06.826281) [db/db_impl_compaction_flush.cc:177] [usertable] Level summary: base level 1 max bytes base 536870912 files[2 1 0 0 0 0 0] max score 1.00
