2018/11/16-22:27:34.162186 7f622e81f0 RocksDB version: 5.14.3
2018/11/16-22:27:34.162383 7f622e81f0 Git sha rocksdb_build_git_sha:
2018/11/16-22:27:34.162390 7f622e81f0 Compile date Nov 15 2018
2018/11/16-22:27:34.162399 7f622e81f0 DB SUMMARY
2018/11/16-22:27:34.163685 7f622e81f0 CURRENT file:  CURRENT
2018/11/16-22:27:34.163698 7f622e81f0 IDENTITY file:  IDENTITY
2018/11/16-22:27:34.163721 7f622e81f0 MANIFEST file:  MANIFEST-000004 size: 81721 Bytes
2018/11/16-22:27:34.163729 7f622e81f0 SST files in /mnt/sda/ycsb-rocksdb-data dir, Total Num: 592, files: 000022.sst 000025.sst 000026.sst 000030.sst 000031.sst 000033.sst 000036.sst 000038.sst 000039.sst 
2018/11/16-22:27:34.163733 7f622e81f0 Write Ahead Log file in /mnt/sda/ycsb-rocksdb-data: 001079.log size: 129690938 ; 001081.log size: 129685470 ; 001083.log size: 129686378 ; 001089.log size: 129681181 ; 001091.log size: 48149441 ; 
2018/11/16-22:27:34.163745 7f622e81f0                         Options.error_if_exists: 0
2018/11/16-22:27:34.163748 7f622e81f0                       Options.create_if_missing: 1
2018/11/16-22:27:34.163752 7f622e81f0                         Options.paranoid_checks: 1
2018/11/16-22:27:34.163755 7f622e81f0                                     Options.env: 0x7f61de8f18
2018/11/16-22:27:34.163758 7f622e81f0                                Options.info_log: 0x7f143d59b0
2018/11/16-22:27:34.163761 7f622e81f0                Options.max_file_opening_threads: 16
2018/11/16-22:27:34.163764 7f622e81f0                              Options.statistics: (nil)
2018/11/16-22:27:34.163768 7f622e81f0                               Options.use_fsync: 0
2018/11/16-22:27:34.163771 7f622e81f0                       Options.max_log_file_size: 0
2018/11/16-22:27:34.163773 7f622e81f0                  Options.max_manifest_file_size: 18446744073709551615
2018/11/16-22:27:34.163777 7f622e81f0                   Options.log_file_time_to_roll: 0
2018/11/16-22:27:34.163780 7f622e81f0                       Options.keep_log_file_num: 1000
2018/11/16-22:27:34.163783 7f622e81f0                    Options.recycle_log_file_num: 0
2018/11/16-22:27:34.163785 7f622e81f0                         Options.allow_fallocate: 1
2018/11/16-22:27:34.163788 7f622e81f0                        Options.allow_mmap_reads: 0
2018/11/16-22:27:34.163791 7f622e81f0                       Options.allow_mmap_writes: 0
2018/11/16-22:27:34.163794 7f622e81f0                        Options.use_direct_reads: 0
2018/11/16-22:27:34.163797 7f622e81f0                        Options.use_direct_io_for_flush_and_compaction: 0
2018/11/16-22:27:34.163800 7f622e81f0          Options.create_missing_column_families: 1
2018/11/16-22:27:34.163802 7f622e81f0                              Options.db_log_dir: 
2018/11/16-22:27:34.163806 7f622e81f0                                 Options.wal_dir: /mnt/sda/ycsb-rocksdb-data
2018/11/16-22:27:34.163808 7f622e81f0                Options.table_cache_numshardbits: 6
2018/11/16-22:27:34.163812 7f622e81f0                      Options.max_subcompactions: 4
2018/11/16-22:27:34.163815 7f622e81f0                  Options.max_background_flushes: 6
2018/11/16-22:27:34.163818 7f622e81f0                         Options.WAL_ttl_seconds: 0
2018/11/16-22:27:34.163821 7f622e81f0                       Options.WAL_size_limit_MB: 0
2018/11/16-22:27:34.163824 7f622e81f0             Options.manifest_preallocation_size: 4194304
2018/11/16-22:27:34.163827 7f622e81f0                     Options.is_fd_close_on_exec: 1
2018/11/16-22:27:34.163830 7f622e81f0                   Options.advise_random_on_open: 1
2018/11/16-22:27:34.163833 7f622e81f0                    Options.db_write_buffer_size: 0
2018/11/16-22:27:34.163836 7f622e81f0                    Options.write_buffer_manager: 0x7f143d6d10
2018/11/16-22:27:34.163839 7f622e81f0         Options.access_hint_on_compaction_start: 1
2018/11/16-22:27:34.163842 7f622e81f0  Options.new_table_reader_for_compaction_inputs: 0
2018/11/16-22:27:34.163845 7f622e81f0           Options.random_access_max_buffer_size: 1048576
2018/11/16-22:27:34.163848 7f622e81f0                      Options.use_adaptive_mutex: 0
2018/11/16-22:27:34.163850 7f622e81f0                            Options.rate_limiter: (nil)
2018/11/16-22:27:34.163893 7f622e81f0     Options.sst_file_manager.rate_bytes_per_sec: 0
2018/11/16-22:27:34.163897 7f622e81f0                       Options.wal_recovery_mode: 2
2018/11/16-22:27:34.163900 7f622e81f0                  Options.enable_thread_tracking: 0
2018/11/16-22:27:34.163903 7f622e81f0                  Options.enable_pipelined_write: 1
2018/11/16-22:27:34.163906 7f622e81f0         Options.allow_concurrent_memtable_write: 1
2018/11/16-22:27:34.163909 7f622e81f0      Options.enable_write_thread_adaptive_yield: 1
2018/11/16-22:27:34.163911 7f622e81f0             Options.write_thread_max_yield_usec: 100
2018/11/16-22:27:34.163914 7f622e81f0            Options.write_thread_slow_yield_usec: 3
2018/11/16-22:27:34.163917 7f622e81f0                               Options.row_cache: None
2018/11/16-22:27:34.163920 7f622e81f0                              Options.wal_filter: None
2018/11/16-22:27:34.163923 7f622e81f0             Options.avoid_flush_during_recovery: 0
2018/11/16-22:27:34.163926 7f622e81f0             Options.allow_ingest_behind: 0
2018/11/16-22:27:34.163929 7f622e81f0             Options.preserve_deletes: 0
2018/11/16-22:27:34.163931 7f622e81f0             Options.two_write_queues: 0
2018/11/16-22:27:34.163934 7f622e81f0             Options.manual_wal_flush: 0
2018/11/16-22:27:34.163939 7f622e81f0             Options.max_background_jobs: 6
2018/11/16-22:27:34.163942 7f622e81f0             Options.max_background_compactions: 6
2018/11/16-22:27:34.163945 7f622e81f0             Options.avoid_flush_during_shutdown: 0
2018/11/16-22:27:34.163947 7f622e81f0           Options.writable_file_max_buffer_size: 1048576
2018/11/16-22:27:34.163950 7f622e81f0             Options.delayed_write_rate : 16777216
2018/11/16-22:27:34.163953 7f622e81f0             Options.max_total_wal_size: 0
2018/11/16-22:27:34.163956 7f622e81f0             Options.delete_obsolete_files_period_micros: 21600000000
2018/11/16-22:27:34.163959 7f622e81f0                   Options.stats_dump_period_sec: 60
2018/11/16-22:27:34.163962 7f622e81f0                          Options.max_open_files: -1
2018/11/16-22:27:34.163965 7f622e81f0                          Options.bytes_per_sync: 1048576
2018/11/16-22:27:34.163967 7f622e81f0                      Options.wal_bytes_per_sync: 0
2018/11/16-22:27:34.163970 7f622e81f0       Options.compaction_readahead_size: 0
2018/11/16-22:27:34.163973 7f622e81f0 Compression algorithms supported:
2018/11/16-22:27:34.163977 7f622e81f0 	kZSTDNotFinalCompression supported: 1
2018/11/16-22:27:34.164027 7f622e81f0 	kZSTD supported: 1
2018/11/16-22:27:34.164033 7f622e81f0 	kXpressCompression supported: 0
2018/11/16-22:27:34.164037 7f622e81f0 	kLZ4HCCompression supported: 1
2018/11/16-22:27:34.164040 7f622e81f0 	kLZ4Compression supported: 1
2018/11/16-22:27:34.164043 7f622e81f0 	kBZip2Compression supported: 1
2018/11/16-22:27:34.164046 7f622e81f0 	kZlibCompression supported: 1
2018/11/16-22:27:34.164050 7f622e81f0 	kSnappyCompression supported: 1
2018/11/16-22:27:34.164057 7f622e81f0 Fast CRC32 supported: Not supported on x86
2018/11/16-22:27:34.164753 7f622e81f0 [db/version_set.cc:3085] Recovering from manifest file: MANIFEST-000004
2018/11/16-22:27:34.164954 7f622e81f0 [db/column_family.cc:475] --------------- Options for column family [default]:
2018/11/16-22:27:34.164963 7f622e81f0               Options.comparator: leveldb.BytewiseComparator
2018/11/16-22:27:34.164966 7f622e81f0           Options.merge_operator: None
2018/11/16-22:27:34.164970 7f622e81f0        Options.compaction_filter: None
2018/11/16-22:27:34.164973 7f622e81f0        Options.compaction_filter_factory: None
2018/11/16-22:27:34.164976 7f622e81f0         Options.memtable_factory: SkipListFactory
2018/11/16-22:27:34.164979 7f622e81f0            Options.table_factory: BlockBasedTable
2018/11/16-22:27:34.165063 7f622e81f0            table_factory options:   flush_block_policy_factory: FlushBlockBySizePolicyFactory (0x7f14373350)
  cache_index_and_filter_blocks: 0
  cache_index_and_filter_blocks_with_high_priority: 0
  pin_l0_filter_and_index_blocks_in_cache: 0
  index_type: 0
  hash_index_allow_collision: 1
  checksum: 1
  no_block_cache: 0
  block_cache: 0x7f1437f4e0
  block_cache_name: LRUCache
  block_cache_options:
    capacity : 8388608
    num_shard_bits : 4
    strict_capacity_limit : 0
    high_pri_pool_ratio: 0.000
  block_cache_compressed: (nil)
  persistent_cache: (nil)
  block_size: 8192
  block_size_deviation: 10
  block_restart_interval: 16
  index_block_restart_interval: 1
  metadata_block_size: 4096
  partition_filters: 0
  use_delta_encoding: 1
  filter_policy: nullptr
  whole_key_filtering: 1
  verify_compression: 0
  read_amp_bytes_per_bit: 0
  format_version: 2
  enable_index_compression: 1
  block_align: 0
2018/11/16-22:27:34.165099 7f622e81f0        Options.write_buffer_size: 134217728
2018/11/16-22:27:34.165104 7f622e81f0  Options.max_write_buffer_number: 24
2018/11/16-22:27:34.165108 7f622e81f0        Options.compression[0]: NoCompression
2018/11/16-22:27:34.165111 7f622e81f0        Options.compression[1]: NoCompression
2018/11/16-22:27:34.165115 7f622e81f0        Options.compression[2]: LZ4
2018/11/16-22:27:34.165117 7f622e81f0        Options.compression[3]: LZ4
2018/11/16-22:27:34.165120 7f622e81f0        Options.compression[4]: LZ4
2018/11/16-22:27:34.165123 7f622e81f0        Options.compression[5]: LZ4
2018/11/16-22:27:34.165126 7f622e81f0        Options.compression[6]: LZ4
2018/11/16-22:27:34.165129 7f622e81f0                  Options.bottommost_compression: Disabled
2018/11/16-22:27:34.165132 7f622e81f0       Options.prefix_extractor: nullptr
2018/11/16-22:27:34.165135 7f622e81f0   Options.memtable_insert_with_hint_prefix_extractor: nullptr
2018/11/16-22:27:34.165138 7f622e81f0             Options.num_levels: 7
2018/11/16-22:27:34.165141 7f622e81f0        Options.min_write_buffer_number_to_merge: 2
2018/11/16-22:27:34.165144 7f622e81f0     Options.max_write_buffer_number_to_maintain: 0
2018/11/16-22:27:34.165146 7f622e81f0            Options.compression_opts.window_bits: -14
2018/11/16-22:27:34.165149 7f622e81f0                  Options.compression_opts.level: -1
2018/11/16-22:27:34.165152 7f622e81f0               Options.compression_opts.strategy: 0
2018/11/16-22:27:34.165155 7f622e81f0         Options.compression_opts.max_dict_bytes: 0
2018/11/16-22:27:34.165158 7f622e81f0         Options.compression_opts.zstd_max_train_bytes: 0
2018/11/16-22:27:34.165160 7f622e81f0      Options.level0_file_num_compaction_trigger: 2
2018/11/16-22:27:34.165163 7f622e81f0          Options.level0_slowdown_writes_trigger: 20
2018/11/16-22:27:34.165166 7f622e81f0              Options.level0_stop_writes_trigger: 36
2018/11/16-22:27:34.165168 7f622e81f0                   Options.target_file_size_base: 67108864
2018/11/16-22:27:34.165171 7f622e81f0             Options.target_file_size_multiplier: 1
2018/11/16-22:27:34.165174 7f622e81f0                Options.max_bytes_for_level_base: 536870912
2018/11/16-22:27:34.165177 7f622e81f0 Options.level_compaction_dynamic_level_bytes: 0
2018/11/16-22:27:34.165180 7f622e81f0          Options.max_bytes_for_level_multiplier: 10.000000
2018/11/16-22:27:34.165186 7f622e81f0 Options.max_bytes_for_level_multiplier_addtl[0]: 1
2018/11/16-22:27:34.165189 7f622e81f0 Options.max_bytes_for_level_multiplier_addtl[1]: 1
2018/11/16-22:27:34.165192 7f622e81f0 Options.max_bytes_for_level_multiplier_addtl[2]: 1
2018/11/16-22:27:34.165195 7f622e81f0 Options.max_bytes_for_level_multiplier_addtl[3]: 1
2018/11/16-22:27:34.165198 7f622e81f0 Options.max_bytes_for_level_multiplier_addtl[4]: 1
2018/11/16-22:27:34.165201 7f622e81f0 Options.max_bytes_for_level_multiplier_addtl[5]: 1
2018/11/16-22:27:34.165203 7f622e81f0 Options.max_bytes_for_level_multiplier_addtl[6]: 1
2018/11/16-22:27:34.165206 7f622e81f0       Options.max_sequential_skip_in_iterations: 8
2018/11/16-22:27:34.165209 7f622e81f0                    Options.max_compaction_bytes: 1677721600
2018/11/16-22:27:34.165212 7f622e81f0                        Options.arena_block_size: 16777216
2018/11/16-22:27:34.165215 7f622e81f0   Options.soft_pending_compaction_bytes_limit: 68719476736
2018/11/16-22:27:34.165231 7f622e81f0   Options.hard_pending_compaction_bytes_limit: 274877906944
2018/11/16-22:27:34.165236 7f622e81f0       Options.rate_limit_delay_max_milliseconds: 100
2018/11/16-22:27:34.165239 7f622e81f0                Options.disable_auto_compactions: 0
2018/11/16-22:27:34.165244 7f622e81f0                        Options.compaction_style: kCompactionStyleLevel
2018/11/16-22:27:34.165249 7f622e81f0                          Options.compaction_pri: kByCompensatedSize
2018/11/16-22:27:34.165252 7f622e81f0 Options.compaction_options_universal.size_ratio: 1
2018/11/16-22:27:34.165255 7f622e81f0 Options.compaction_options_universal.min_merge_width: 2
2018/11/16-22:27:34.165258 7f622e81f0 Options.compaction_options_universal.max_merge_width: 4294967295
2018/11/16-22:27:34.165261 7f622e81f0 Options.compaction_options_universal.max_size_amplification_percent: 200
2018/11/16-22:27:34.165264 7f622e81f0 Options.compaction_options_universal.compression_size_percent: -1
2018/11/16-22:27:34.165268 7f622e81f0 Options.compaction_options_universal.stop_style: kCompactionStopStyleTotalSize
2018/11/16-22:27:34.165271 7f622e81f0 Options.compaction_options_fifo.max_table_files_size: 1073741824
2018/11/16-22:27:34.165274 7f622e81f0 Options.compaction_options_fifo.allow_compaction: 0
2018/11/16-22:27:34.165277 7f622e81f0 Options.compaction_options_fifo.ttl: 0
2018/11/16-22:27:34.165280 7f622e81f0                   Options.table_properties_collectors: 
2018/11/16-22:27:34.165283 7f622e81f0                   Options.inplace_update_support: 0
2018/11/16-22:27:34.165285 7f622e81f0                 Options.inplace_update_num_locks: 10000
2018/11/16-22:27:34.165288 7f622e81f0               Options.memtable_prefix_bloom_size_ratio: 0.000000
2018/11/16-22:27:34.165292 7f622e81f0   Options.memtable_huge_page_size: 0
2018/11/16-22:27:34.165295 7f622e81f0                           Options.bloom_locality: 0
2018/11/16-22:27:34.165298 7f622e81f0                    Options.max_successive_merges: 0
2018/11/16-22:27:34.165301 7f622e81f0                Options.optimize_filters_for_hits: 0
2018/11/16-22:27:34.165304 7f622e81f0                Options.paranoid_file_checks: 0
2018/11/16-22:27:34.165306 7f622e81f0                Options.force_consistency_checks: 0
2018/11/16-22:27:34.165309 7f622e81f0                Options.report_bg_io_stats: 0
2018/11/16-22:27:34.165312 7f622e81f0                               Options.ttl: 0
2018/11/16-22:27:34.166038 7f622e81f0 [db/column_family.cc:475] --------------- Options for column family [usertable]:
2018/11/16-22:27:34.166050 7f622e81f0               Options.comparator: leveldb.BytewiseComparator
2018/11/16-22:27:34.166053 7f622e81f0           Options.merge_operator: None
2018/11/16-22:27:34.166056 7f622e81f0        Options.compaction_filter: None
2018/11/16-22:27:34.166059 7f622e81f0        Options.compaction_filter_factory: None
2018/11/16-22:27:34.166062 7f622e81f0         Options.memtable_factory: SkipListFactory
2018/11/16-22:27:34.166065 7f622e81f0            Options.table_factory: BlockBasedTable
2018/11/16-22:27:34.166105 7f622e81f0            table_factory options:   flush_block_policy_factory: FlushBlockBySizePolicyFactory (0x7f14374380)
  cache_index_and_filter_blocks: 0
  cache_index_and_filter_blocks_with_high_priority: 0
  pin_l0_filter_and_index_blocks_in_cache: 0
  index_type: 0
  hash_index_allow_collision: 1
  checksum: 1
  no_block_cache: 0
  block_cache: 0x7f14380e90
  block_cache_name: LRUCache
  block_cache_options:
    capacity : 8388608
    num_shard_bits : 4
    strict_capacity_limit : 0
    high_pri_pool_ratio: 0.000
  block_cache_compressed: (nil)
  persistent_cache: (nil)
  block_size: 8192
  block_size_deviation: 10
  block_restart_interval: 16
  index_block_restart_interval: 1
  metadata_block_size: 4096
  partition_filters: 0
  use_delta_encoding: 1
  filter_policy: nullptr
  whole_key_filtering: 1
  verify_compression: 0
  read_amp_bytes_per_bit: 0
  format_version: 2
  enable_index_compression: 1
  block_align: 0
2018/11/16-22:27:34.166136 7f622e81f0        Options.write_buffer_size: 134217728
2018/11/16-22:27:34.166141 7f622e81f0  Options.max_write_buffer_number: 24
2018/11/16-22:27:34.166145 7f622e81f0        Options.compression[0]: NoCompression
2018/11/16-22:27:34.166148 7f622e81f0        Options.compression[1]: NoCompression
2018/11/16-22:27:34.166151 7f622e81f0        Options.compression[2]: LZ4
2018/11/16-22:27:34.166154 7f622e81f0        Options.compression[3]: LZ4
2018/11/16-22:27:34.166157 7f622e81f0        Options.compression[4]: LZ4
2018/11/16-22:27:34.166160 7f622e81f0        Options.compression[5]: LZ4
2018/11/16-22:27:34.166162 7f622e81f0        Options.compression[6]: LZ4
2018/11/16-22:27:34.166165 7f622e81f0                  Options.bottommost_compression: Disabled
2018/11/16-22:27:34.166168 7f622e81f0       Options.prefix_extractor: nullptr
2018/11/16-22:27:34.166171 7f622e81f0   Options.memtable_insert_with_hint_prefix_extractor: nullptr
2018/11/16-22:27:34.166174 7f622e81f0             Options.num_levels: 7
2018/11/16-22:27:34.166177 7f622e81f0        Options.min_write_buffer_number_to_merge: 2
2018/11/16-22:27:34.166180 7f622e81f0     Options.max_write_buffer_number_to_maintain: 0
2018/11/16-22:27:34.166182 7f622e81f0            Options.compression_opts.window_bits: -14
2018/11/16-22:27:34.166185 7f622e81f0                  Options.compression_opts.level: -1
2018/11/16-22:27:34.166188 7f622e81f0               Options.compression_opts.strategy: 0
2018/11/16-22:27:34.166191 7f622e81f0         Options.compression_opts.max_dict_bytes: 0
2018/11/16-22:27:34.166194 7f622e81f0         Options.compression_opts.zstd_max_train_bytes: 0
2018/11/16-22:27:34.166196 7f622e81f0      Options.level0_file_num_compaction_trigger: 2
2018/11/16-22:27:34.166199 7f622e81f0          Options.level0_slowdown_writes_trigger: 20
2018/11/16-22:27:34.166202 7f622e81f0              Options.level0_stop_writes_trigger: 36
2018/11/16-22:27:34.166204 7f622e81f0                   Options.target_file_size_base: 67108864
2018/11/16-22:27:34.166207 7f622e81f0             Options.target_file_size_multiplier: 1
2018/11/16-22:27:34.166210 7f622e81f0                Options.max_bytes_for_level_base: 536870912
2018/11/16-22:27:34.166213 7f622e81f0 Options.level_compaction_dynamic_level_bytes: 0
2018/11/16-22:27:34.166216 7f622e81f0          Options.max_bytes_for_level_multiplier: 10.000000
2018/11/16-22:27:34.166221 7f622e81f0 Options.max_bytes_for_level_multiplier_addtl[0]: 1
2018/11/16-22:27:34.166224 7f622e81f0 Options.max_bytes_for_level_multiplier_addtl[1]: 1
2018/11/16-22:27:34.166227 7f622e81f0 Options.max_bytes_for_level_multiplier_addtl[2]: 1
2018/11/16-22:27:34.166230 7f622e81f0 Options.max_bytes_for_level_multiplier_addtl[3]: 1
2018/11/16-22:27:34.166232 7f622e81f0 Options.max_bytes_for_level_multiplier_addtl[4]: 1
2018/11/16-22:27:34.166235 7f622e81f0 Options.max_bytes_for_level_multiplier_addtl[5]: 1
2018/11/16-22:27:34.166238 7f622e81f0 Options.max_bytes_for_level_multiplier_addtl[6]: 1
2018/11/16-22:27:34.166241 7f622e81f0       Options.max_sequential_skip_in_iterations: 8
2018/11/16-22:27:34.166244 7f622e81f0                    Options.max_compaction_bytes: 1677721600
2018/11/16-22:27:34.166246 7f622e81f0                        Options.arena_block_size: 16777216
2018/11/16-22:27:34.166249 7f622e81f0   Options.soft_pending_compaction_bytes_limit: 68719476736
2018/11/16-22:27:34.166252 7f622e81f0   Options.hard_pending_compaction_bytes_limit: 274877906944
2018/11/16-22:27:34.166255 7f622e81f0       Options.rate_limit_delay_max_milliseconds: 100
2018/11/16-22:27:34.166258 7f622e81f0                Options.disable_auto_compactions: 0
2018/11/16-22:27:34.166262 7f622e81f0                        Options.compaction_style: kCompactionStyleLevel
2018/11/16-22:27:34.166265 7f622e81f0                          Options.compaction_pri: kByCompensatedSize
2018/11/16-22:27:34.166269 7f622e81f0 Options.compaction_options_universal.size_ratio: 1
2018/11/16-22:27:34.166272 7f622e81f0 Options.compaction_options_universal.min_merge_width: 2
2018/11/16-22:27:34.166274 7f622e81f0 Options.compaction_options_universal.max_merge_width: 4294967295
2018/11/16-22:27:34.166291 7f622e81f0 Options.compaction_options_universal.max_size_amplification_percent: 200
2018/11/16-22:27:34.166296 7f622e81f0 Options.compaction_options_universal.compression_size_percent: -1
2018/11/16-22:27:34.166300 7f622e81f0 Options.compaction_options_universal.stop_style: kCompactionStopStyleTotalSize
2018/11/16-22:27:34.166303 7f622e81f0 Options.compaction_options_fifo.max_table_files_size: 1073741824
2018/11/16-22:27:34.166306 7f622e81f0 Options.compaction_options_fifo.allow_compaction: 0
2018/11/16-22:27:34.166309 7f622e81f0 Options.compaction_options_fifo.ttl: 0
2018/11/16-22:27:34.166312 7f622e81f0                   Options.table_properties_collectors: 
2018/11/16-22:27:34.166315 7f622e81f0                   Options.inplace_update_support: 0
2018/11/16-22:27:34.166318 7f622e81f0                 Options.inplace_update_num_locks: 10000
2018/11/16-22:27:34.166320 7f622e81f0               Options.memtable_prefix_bloom_size_ratio: 0.000000
2018/11/16-22:27:34.166324 7f622e81f0   Options.memtable_huge_page_size: 0
2018/11/16-22:27:34.166327 7f622e81f0                           Options.bloom_locality: 0
2018/11/16-22:27:34.166330 7f622e81f0                    Options.max_successive_merges: 0
2018/11/16-22:27:34.166333 7f622e81f0                Options.optimize_filters_for_hits: 0
2018/11/16-22:27:34.166335 7f622e81f0                Options.paranoid_file_checks: 0
2018/11/16-22:27:34.166338 7f622e81f0                Options.force_consistency_checks: 0
2018/11/16-22:27:34.166341 7f622e81f0                Options.report_bg_io_stats: 0
2018/11/16-22:27:34.166343 7f622e81f0                               Options.ttl: 0
2018/11/16-22:27:34.619121 7f622e81f0 [db/version_set.cc:3361] Recovered from manifest file:/mnt/sda/ycsb-rocksdb-data/MANIFEST-000004 succeeded,manifest_file_number is 4, next_file_number is 1091, last_sequence is 10403855, log_number is 0,prev_log_number is 0,max_column_family is 1,min_log_number_to_keep is 0
2018/11/16-22:27:34.619151 7f622e81f0 [db/version_set.cc:3369] Column family [default] (ID 0), log number is 0
2018/11/16-22:27:34.619156 7f622e81f0 [db/version_set.cc:3369] Column family [usertable] (ID 1), log number is 1079
2018/11/16-22:27:34.622725 7f622e81f0 EVENT_LOG_v1 {"time_micros": 1542407254622699, "job": 1, "event": "recovery_started", "log_files": [1079, 1081, 1083, 1089, 1091]}
2018/11/16-22:27:34.622759 7f622e81f0 [db/db_impl_open.cc:551] Recovering log #1079 mode 2
2018/11/16-22:27:35.876828 7f622e81f0 EVENT_LOG_v1 {"time_micros": 1542407255876774, "cf_name": "usertable", "job": 1, "event": "table_file_creation", "file_number": 1091, "file_size": 129935455, "table_properties": {"data_size": 129354378, "index_size": 580155, "filter_size": 0, "raw_key_size": 752952, "raw_average_key_size": 24, "raw_value_size": 128503808, "raw_average_value_size": 4096, "num_data_blocks": 15687, "num_entries": 31373, "filter_policy_name": "", "kDeletedKeys": "0", "kMergeOperands": "0"}}
2018/11/16-22:27:35.892085 7f622e81f0 [db/db_impl_open.cc:551] Recovering log #1081 mode 2
2018/11/16-22:27:37.128723 7f622e81f0 EVENT_LOG_v1 {"time_micros": 1542407257128672, "cf_name": "usertable", "job": 1, "event": "table_file_creation", "file_number": 1092, "file_size": 129928484, "table_properties": {"data_size": 129350893, "index_size": 576669, "filter_size": 0, "raw_key_size": 752952, "raw_average_key_size": 24, "raw_value_size": 128503808, "raw_average_value_size": 4096, "num_data_blocks": 15687, "num_entries": 31373, "filter_policy_name": "", "kDeletedKeys": "0", "kMergeOperands": "0"}}
2018/11/16-22:27:37.128970 7f622e81f0 [db/db_impl_open.cc:551] Recovering log #1083 mode 2
2018/11/16-22:27:38.905515 7f622e81f0 EVENT_LOG_v1 {"time_micros": 1542407258905417, "cf_name": "usertable", "job": 1, "event": "table_file_creation", "file_number": 1093, "file_size": 129935456, "table_properties": {"data_size": 129354379, "index_size": 580155, "filter_size": 0, "raw_key_size": 752952, "raw_average_key_size": 24, "raw_value_size": 128503808, "raw_average_value_size": 4096, "num_data_blocks": 15687, "num_entries": 31373, "filter_policy_name": "", "kDeletedKeys": "0", "kMergeOperands": "0"}}
2018/11/16-22:27:38.906042 7f622e81f0 [db/db_impl_open.cc:551] Recovering log #1089 mode 2
2018/11/16-22:27:40.482768 7f622e81f0 EVENT_LOG_v1 {"time_micros": 1542407260482716, "cf_name": "usertable", "job": 1, "event": "table_file_creation", "file_number": 1094, "file_size": 129928484, "table_properties": {"data_size": 129350893, "index_size": 576669, "filter_size": 0, "raw_key_size": 752952, "raw_average_key_size": 24, "raw_value_size": 128503808, "raw_average_value_size": 4096, "num_data_blocks": 15687, "num_entries": 31373, "filter_policy_name": "", "kDeletedKeys": "0", "kMergeOperands": "0"}}
2018/11/16-22:27:40.483049 7f622e81f0 [db/db_impl_open.cc:551] Recovering log #1091 mode 2
2018/11/16-22:27:40.730609 7f622e81f0 [db/version_set.cc:2847] Creating manifest 1095
2018/11/16-22:27:41.068420 7f622e81f0 EVENT_LOG_v1 {"time_micros": 1542407261068377, "cf_name": "usertable", "job": 1, "event": "table_file_creation", "file_number": 1096, "file_size": 48250425, "table_properties": {"data_size": 48034243, "index_size": 215261, "filter_size": 0, "raw_key_size": 279600, "raw_average_key_size": 24, "raw_value_size": 47718400, "raw_average_value_size": 4096, "num_data_blocks": 5825, "num_entries": 11650, "filter_policy_name": "", "kDeletedKeys": "0", "kMergeOperands": "0"}}
2018/11/16-22:27:41.099637 7f622e81f0 EVENT_LOG_v1 {"time_micros": 1542407261099620, "job": 1, "event": "recovery_finished"}
2018/11/16-22:27:41.100660 7f622e81f0 [WARN] [db/column_family.cc:824] [usertable] Stalling writes because of estimated pending compaction bytes 70140893035 rate 16777216
2018/11/16-22:27:41.276458 7f622e81f0 [db/db_impl_open.cc:1219] DB pointer 0x7f143d5f70
2018/11/16-22:27:41.278013 7f4affd1f0 [WARN] [db/db_impl.cc:491] ------- DUMPING STATS -------
2018/11/16-22:27:41.278229 7f4affd1f0 [WARN] [db/db_impl.cc:492] 
** DB Stats **
Uptime(secs): 7.1 total, 7.1 interval
Cumulative writes: 0 writes, 0 keys, 0 commit groups, 0.0 writes per commit group, ingest: 0.00 GB, 0.00 MB/s
Cumulative WAL: 0 writes, 0 syncs, 0.00 writes per sync, written: 0.00 GB, 0.00 MB/s
Cumulative stall: 00:00:0.000 H:M:S, 0.0 percent
Interval writes: 0 writes, 0 keys, 0 commit groups, 0.0 writes per commit group, ingest: 0.00 MB, 0.00 MB/s
Interval WAL: 0 writes, 0 syncs, 0.00 writes per sync, written: 0.00 MB, 0.00 MB/s
Interval stall: 00:00:0.000 H:M:S, 0.0 percent

** Compaction Stats [default] **
Level    Files   Size     Score Read(GB)  Rn(GB) Rnp1(GB) Write(GB) Wnew(GB) Moved(GB) W-Amp Rd(MB/s) Wr(MB/s) Comp(sec) Comp(cnt) Avg(sec) KeyIn KeyDrop
----------------------------------------------------------------------------------------------------------------------------------------------------------
 Sum      0/0    0.00 KB   0.0      0.0     0.0      0.0       0.0      0.0       0.0   0.0      0.0      0.0         0         0    0.000       0      0
 Int      0/0    0.00 KB   0.0      0.0     0.0      0.0       0.0      0.0       0.0   0.0      0.0      0.0         0         0    0.000       0      0
Uptime(secs): 7.1 total, 7.1 interval
Flush(GB): cumulative 0.000, interval 0.000
AddFile(GB): cumulative 0.000, interval 0.000
AddFile(Total Files): cumulative 0, interval 0
AddFile(L0 Files): cumulative 0, interval 0
AddFile(Keys): cumulative 0, interval 0
Cumulative compaction: 0.00 GB write, 0.00 MB/s write, 0.00 GB read, 0.00 MB/s read, 0.0 seconds
Interval compaction: 0.00 GB write, 0.00 MB/s write, 0.00 GB read, 0.00 MB/s read, 0.0 seconds
Stalls(count): 0 level0_slowdown, 0 level0_slowdown_with_compaction, 0 level0_numfiles, 0 level0_numfiles_with_compaction, 0 stop for pending_compaction_bytes, 0 slowdown for pending_compaction_bytes, 0 memtable_compaction, 0 memtable_slowdown, interval 0 total count

** File Read Latency Histogram By Level [default] **

** Compaction Stats [usertable] **
Level    Files   Size     Score Read(GB)  Rn(GB) Rnp1(GB) Write(GB) Wnew(GB) Moved(GB) W-Amp Rd(MB/s) Wr(MB/s) Comp(sec) Comp(cnt) Avg(sec) KeyIn KeyDrop
----------------------------------------------------------------------------------------------------------------------------------------------------------
  L0     14/0    2.62 GB   7.0      0.0     0.0      0.0       0.5      0.5       0.0   1.0      0.0    151.6         4         5    0.715       0      0
  L1     15/0    3.56 GB   7.1      0.0     0.0      0.0       0.0      0.0       0.0   0.0      0.0      0.0         0         0    0.000       0      0
  L2    386/0   22.62 GB   4.5      0.0     0.0      0.0       0.0      0.0       0.0   0.0      0.0      0.0         0         0    0.000       0      0
  L3    182/0   11.40 GB   0.2      0.0     0.0      0.0       0.0      0.0       0.0   0.0      0.0      0.0         0         0    0.000       0      0
 Sum    597/0   40.19 GB   0.0      0.0     0.0      0.0       0.5      0.5       0.0   1.0      0.0    151.6         4         5    0.715       0      0
 Int      0/0    0.00 KB   0.0      0.0     0.0      0.0       0.5      0.5       0.0   1.0      0.0    151.6         4         5    0.715       0      0
Uptime(secs): 7.1 total, 7.1 interval
Flush(GB): cumulative 0.529, interval 0.529
AddFile(GB): cumulative 0.000, interval 0.000
AddFile(Total Files): cumulative 0, interval 0
AddFile(L0 Files): cumulative 0, interval 0
AddFile(Keys): cumulative 0, interval 0
Cumulative compaction: 0.53 GB write, 76.17 MB/s write, 0.00 GB read, 0.00 MB/s read, 3.6 seconds
Interval compaction: 0.53 GB write, 76.17 MB/s write, 0.00 GB read, 0.00 MB/s read, 3.6 seconds
Stalls(count): 0 level0_slowdown, 0 level0_slowdown_with_compaction, 0 level0_numfiles, 0 level0_numfiles_with_compaction, 0 stop for pending_compaction_bytes, 1 slowdown for pending_compaction_bytes, 0 memtable_compaction, 0 memtable_slowdown, interval 1 total count

** File Read Latency Histogram By Level [usertable] **

** Compaction Stats [default] **
Level    Files   Size     Score Read(GB)  Rn(GB) Rnp1(GB) Write(GB) Wnew(GB) Moved(GB) W-Amp Rd(MB/s) Wr(MB/s) Comp(sec) Comp(cnt) Avg(sec) KeyIn KeyDrop
----------------------------------------------------------------------------------------------------------------------------------------------------------
 Sum      0/0    0.00 KB   0.0      0.0     0.0      0.0       0.0      0.0       0.0   0.0      0.0      0.0         0         0    0.000       0      0
 Int      0/0    0.00 KB   0.0      0.0     0.0      0.0       0.0      0.0       0.0   0.0      0.0      0.0         0         0    0.000       0      0
Uptime(secs): 7.1 total, 0.0 interval
Flush(GB): cumulative 0.000, interval 0.000
AddFile(GB): cumulative 0.000, interval 0.000
AddFile(Total Files): cumulative 0, interval 0
AddFile(L0 Files): cumulative 0, interval 0
AddFile(Keys): cumulative 0, interval 0
Cumulative compaction: 0.00 GB write, 0.00 MB/s write, 0.00 GB read, 0.00 MB/s read, 0.0 seconds
Interval compaction: 0.00 GB write, 0.00 MB/s write, 0.00 GB read, 0.00 MB/s read, 0.0 seconds
Stalls(count): 0 level0_slowdown, 0 level0_slowdown_with_compaction, 0 level0_numfiles, 0 level0_numfiles_with_compaction, 0 stop for pending_compaction_bytes, 0 slowdown for pending_compaction_bytes, 0 memtable_compaction, 0 memtable_slowdown, interval 0 total count

** File Read Latency Histogram By Level [default] **

** Compaction Stats [usertable] **
Level    Files   Size     Score Read(GB)  Rn(GB) Rnp1(GB) Write(GB) Wnew(GB) Moved(GB) W-Amp Rd(MB/s) Wr(MB/s) Comp(sec) Comp(cnt) Avg(sec) KeyIn KeyDrop
----------------------------------------------------------------------------------------------------------------------------------------------------------
  L0     14/0    2.62 GB   7.0      0.0     0.0      0.0       0.5      0.5       0.0   1.0      0.0    151.6         4         5    0.715       0      0
  L1     15/0    3.56 GB   7.1      0.0     0.0      0.0       0.0      0.0       0.0   0.0      0.0      0.0         0         0    0.000       0      0
  L2    386/0   22.62 GB   4.5      0.0     0.0      0.0       0.0      0.0       0.0   0.0      0.0      0.0         0         0    0.000       0      0
  L3    182/0   11.40 GB   0.2      0.0     0.0      0.0       0.0      0.0       0.0   0.0      0.0      0.0         0         0    0.000       0      0
 Sum    597/0   40.19 GB   0.0      0.0     0.0      0.0       0.5      0.5       0.0   1.0      0.0    151.6         4         5    0.715       0      0
 Int      0/0    0.00 KB   0.0      0.0     0.0      0.0       0.0      0.0       0.0   0.0      0.0      0.0         0         0    0.000       0      0
Uptime(secs): 7.1 total, 0.0 interval
Flush(GB): cumulative 0.529, interval 0.000
AddFile(GB): cumulative 0.000, interval 0.000
AddFile(Total Files): cumulative 0, interval 0
AddFile(L0 Files): cumulative 0, interval 0
AddFile(Keys): cumulative 0, interval 0
Cumulative compaction: 0.53 GB write, 76.16 MB/s write, 0.00 GB read, 0.00 MB/s read, 3.6 seconds
Interval compaction: 0.00 GB write, 0.00 MB/s write, 0.00 GB read, 0.00 MB/s read, 0.0 seconds
Stalls(count): 0 level0_slowdown, 0 level0_slowdown_with_compaction, 0 level0_numfiles, 0 level0_numfiles_with_compaction, 0 stop for pending_compaction_bytes, 1 slowdown for pending_compaction_bytes, 0 memtable_compaction, 0 memtable_slowdown, interval 0 total count

** File Read Latency Histogram By Level [usertable] **
2018/11/16-22:27:41.279491 7f4affd1f0 [db/compaction_job.cc:1531] [usertable] [JOB 3] Compacting 1@1 files to L2, score 7.11
2018/11/16-22:27:41.279565 7f4affd1f0 [db/compaction_job.cc:1535] [usertable] Compaction start summary: Base version 5 Base level 1, inputs: [1077(247MB)]
2018/11/16-22:27:41.279672 7f4affd1f0 EVENT_LOG_v1 {"time_micros": 1542407261279614, "job": 3, "event": "compaction_started", "compaction_reason": "LevelMaxLevelSize", "files_L1": [1077], "score": 7.11432, "input_data_size": 259874367}
2018/11/16-22:27:41.280144 7f60ee71f0 [db/compaction_job.cc:1531] [usertable] [JOB 5] Compacting 1@1 files to L2, score 6.63
2018/11/16-22:27:41.280372 7f60ee71f0 [db/compaction_job.cc:1535] [usertable] Compaction start summary: Base version 5 Base level 1, inputs: [1032(247MB)]
2018/11/16-22:27:41.280460 7f60ee71f0 EVENT_LOG_v1 {"time_micros": 1542407261280420, "job": 5, "event": "compaction_started", "compaction_reason": "LevelMaxLevelSize", "files_L1": [1032], "score": 6.63027, "input_data_size": 259864535}
2018/11/16-22:27:41.280690 7f4bfff1f0 [db/compaction_job.cc:1531] [usertable] [JOB 6] Compacting 5@0 files to L0, score 6.50
2018/11/16-22:27:41.280715 7f4bfff1f0 [db/compaction_job.cc:1535] [usertable] Compaction start summary: Base version 5 Base level 0, inputs: [1096(46MB) 1094(123MB) 1093(123MB) 1092(123MB) 1091(123MB)]
2018/11/16-22:27:41.280761 7f4bfff1f0 EVENT_LOG_v1 {"time_micros": 1542407261280742, "job": 6, "event": "compaction_started", "compaction_reason": "LevelL0FilesNum", "files_L0": [1096, 1094, 1093, 1092, 1091], "score": 6.5, "input_data_size": 567978304}
2018/11/16-22:27:41.281295 7f4b7fe1f0 [db/compaction_job.cc:1531] [usertable] [JOB 7] Compacting 1@1 files to L2, score 6.15
2018/11/16-22:27:41.281359 7f4b7fe1f0 [db/compaction_job.cc:1535] [usertable] Compaction start summary: Base version 5 Base level 1, inputs: [1080(247MB)]
2018/11/16-22:27:41.281442 7f4b7fe1f0 EVENT_LOG_v1 {"time_micros": 1542407261281406, "job": 7, "event": "compaction_started", "compaction_reason": "LevelMaxLevelSize", "files_L1": [1080], "score": 6.14623, "input_data_size": 259860425}
2018/11/16-22:27:41.283022 7f616e81f0 [db/compaction_job.cc:1531] [usertable] [JOB 8] Compacting 1@1 files to L2, score 5.66
2018/11/16-22:27:41.283080 7f616e81f0 [db/compaction_job.cc:1535] [usertable] Compaction start summary: Base version 5 Base level 1, inputs: [1028(247MB)]
2018/11/16-22:27:41.284127 7f616e81f0 EVENT_LOG_v1 {"time_micros": 1542407261284064, "job": 8, "event": "compaction_started", "compaction_reason": "LevelMaxLevelSize", "files_L1": [1028], "score": 5.6622, "input_data_size": 259856249}
2018/11/16-22:27:41.313744 7f4a7fc1f0 [WARN] [db/column_family.cc:824] [usertable] Stalling writes because of estimated pending compaction bytes 70140893035 rate 13421772
2018/11/16-22:27:41.314444 7f4a7fc1f0 (Original Log Time 2018/11/16-22:27:41.279641) [db/db_impl_compaction_flush.cc:1835] [usertable] Moving #1073 to level-1 252745518 bytes
2018/11/16-22:27:41.314467 7f4a7fc1f0 (Original Log Time 2018/11/16-22:27:41.313943) EVENT_LOG_v1 {"time_micros": 1542407261313913, "job": 4, "event": "trivial_move", "destination_level": 1, "files": 1, "total_files_size": 252745518}
2018/11/16-22:27:41.314478 7f4a7fc1f0 (Original Log Time 2018/11/16-22:27:41.313979) [db/db_impl_compaction_flush.cc:1864] [usertable] Moved #1 files to level-1 252745518 bytes OK: base level 1 max bytes base 536870912 files[13 16 386 182 0 0 0] max score 5.65
2018/11/16-22:27:41.315199 7f4a7fc1f0 [db/compaction_job.cc:1531] [usertable] [JOB 9] Compacting 1@1 files to L2, score 5.65
2018/11/16-22:27:41.315262 7f4a7fc1f0 [db/compaction_job.cc:1535] [usertable] Compaction start summary: Base version 6 Base level 1, inputs: [1036(246MB)]
2018/11/16-22:27:41.315354 7f4a7fc1f0 EVENT_LOG_v1 {"time_micros": 1542407261315307, "job": 9, "event": "compaction_started", "compaction_reason": "LevelMaxLevelSize", "files_L1": [1036], "score": 5.64896, "input_data_size": 258704944}
2018/11/16-22:27:47.328463 7f4bfff1f0 [db/compaction_job.cc:1211] [usertable] [JOB 6] Generated table #1101: 137142 keys, 568025512 bytes
2018/11/16-22:27:47.328721 7f4bfff1f0 EVENT_LOG_v1 {"time_micros": 1542407267328662, "cf_name": "usertable", "job": 6, "event": "table_file_creation", "file_number": 1101, "file_size": 568025512, "table_properties": {"data_size": 565451703, "index_size": 2572881, "filter_size": 0, "raw_key_size": 3291408, "raw_average_key_size": 24, "raw_value_size": 561733632, "raw_average_value_size": 4096, "num_data_blocks": 68571, "num_entries": 137142, "filter_policy_name": "", "kDeletedKeys": "0", "kMergeOperands": "0"}}
2018/11/16-22:27:47.328938 7f4bfff1f0 [db/compaction_job.cc:1287] [usertable] [JOB 6] Compacted 5@0 files to L0 => 568025512 bytes
2018/11/16-22:27:47.513813 7f4bfff1f0 [WARN] [db/column_family.cc:824] [usertable] Stalling writes because of estimated pending compaction bytes 70141052005 rate 10737417
2018/11/16-22:27:47.514097 7f4bfff1f0 (Original Log Time 2018/11/16-22:27:47.513672) [db/compaction_job.cc:685] [usertable] compacted to: base level 1 max bytes base 536870912 files[9 16 386 182 0 0 0] max score 5.17, MB/sec: 93.9 rd, 93.9 wr, level 0, files in(0, 5) out(1) MB in(0.0, 541.7) out(541.7), read-write-amplify(0.0) write-amplify(0.0) OK, records in: 137142, records dropped: 0 output_compression: NoCompression
