2018/10/26-00:34:39.671773 7efe3a5fb700 RocksDB version: 5.14.3
2018/10/26-00:34:39.671834 7efe3a5fb700 Git sha rocksdb_build_git_sha:
2018/10/26-00:34:39.671837 7efe3a5fb700 Compile date Oct 15 2018
2018/10/26-00:34:39.671847 7efe3a5fb700 DB SUMMARY
2018/10/26-00:34:39.672318 7efe3a5fb700 CURRENT file:  CURRENT
2018/10/26-00:34:39.672322 7efe3a5fb700 IDENTITY file:  IDENTITY
2018/10/26-00:34:39.672346 7efe3a5fb700 MANIFEST file:  MANIFEST-048304 size: 43071 Bytes
2018/10/26-00:34:39.672349 7efe3a5fb700 SST files in /mnt/sdb1/ycsb-rocksdb-data dir, Total Num: 287, files: 045134.sst 045536.sst 045550.sst 045560.sst 045922.sst 045931.sst 045934.sst 045936.sst 045938.sst 
2018/10/26-00:34:39.672351 7efe3a5fb700 Write Ahead Log file in /mnt/sdb1/ycsb-rocksdb-data: 048686.log size: 30704896 ; 
2018/10/26-00:34:39.672358 7efe3a5fb700                         Options.error_if_exists: 0
2018/10/26-00:34:39.672360 7efe3a5fb700                       Options.create_if_missing: 1
2018/10/26-00:34:39.672361 7efe3a5fb700                         Options.paranoid_checks: 1
2018/10/26-00:34:39.672361 7efe3a5fb700                                     Options.env: 0x7efe30ff73e0
2018/10/26-00:34:39.672362 7efe3a5fb700                                Options.info_log: 0x7efd703d39b0
2018/10/26-00:34:39.672363 7efe3a5fb700                Options.max_file_opening_threads: 16
2018/10/26-00:34:39.672364 7efe3a5fb700                              Options.statistics: (nil)
2018/10/26-00:34:39.672365 7efe3a5fb700                               Options.use_fsync: 0
2018/10/26-00:34:39.672366 7efe3a5fb700                       Options.max_log_file_size: 0
2018/10/26-00:34:39.672367 7efe3a5fb700                  Options.max_manifest_file_size: 18446744073709551615
2018/10/26-00:34:39.672368 7efe3a5fb700                   Options.log_file_time_to_roll: 0
2018/10/26-00:34:39.672369 7efe3a5fb700                       Options.keep_log_file_num: 1000
2018/10/26-00:34:39.672370 7efe3a5fb700                    Options.recycle_log_file_num: 0
2018/10/26-00:34:39.672371 7efe3a5fb700                         Options.allow_fallocate: 1
2018/10/26-00:34:39.672372 7efe3a5fb700                        Options.allow_mmap_reads: 0
2018/10/26-00:34:39.672373 7efe3a5fb700                       Options.allow_mmap_writes: 0
2018/10/26-00:34:39.672373 7efe3a5fb700                        Options.use_direct_reads: 0
2018/10/26-00:34:39.672374 7efe3a5fb700                        Options.use_direct_io_for_flush_and_compaction: 0
2018/10/26-00:34:39.672375 7efe3a5fb700          Options.create_missing_column_families: 1
2018/10/26-00:34:39.672376 7efe3a5fb700                              Options.db_log_dir: 
2018/10/26-00:34:39.672377 7efe3a5fb700                                 Options.wal_dir: /mnt/sdb1/ycsb-rocksdb-data
2018/10/26-00:34:39.672378 7efe3a5fb700                Options.table_cache_numshardbits: 6
2018/10/26-00:34:39.672379 7efe3a5fb700                      Options.max_subcompactions: 4
2018/10/26-00:34:39.672379 7efe3a5fb700                  Options.max_background_flushes: 24
2018/10/26-00:34:39.672380 7efe3a5fb700                         Options.WAL_ttl_seconds: 0
2018/10/26-00:34:39.672381 7efe3a5fb700                       Options.WAL_size_limit_MB: 0
2018/10/26-00:34:39.672382 7efe3a5fb700             Options.manifest_preallocation_size: 4194304
2018/10/26-00:34:39.672383 7efe3a5fb700                     Options.is_fd_close_on_exec: 1
2018/10/26-00:34:39.672384 7efe3a5fb700                   Options.advise_random_on_open: 1
2018/10/26-00:34:39.672385 7efe3a5fb700                    Options.db_write_buffer_size: 0
2018/10/26-00:34:39.672385 7efe3a5fb700                    Options.write_buffer_manager: 0x7efd703ce320
2018/10/26-00:34:39.672386 7efe3a5fb700         Options.access_hint_on_compaction_start: 1
2018/10/26-00:34:39.672387 7efe3a5fb700  Options.new_table_reader_for_compaction_inputs: 0
2018/10/26-00:34:39.672388 7efe3a5fb700           Options.random_access_max_buffer_size: 1048576
2018/10/26-00:34:39.672389 7efe3a5fb700                      Options.use_adaptive_mutex: 0
2018/10/26-00:34:39.672390 7efe3a5fb700                            Options.rate_limiter: (nil)
2018/10/26-00:34:39.672405 7efe3a5fb700     Options.sst_file_manager.rate_bytes_per_sec: 0
2018/10/26-00:34:39.672407 7efe3a5fb700                       Options.wal_recovery_mode: 2
2018/10/26-00:34:39.672408 7efe3a5fb700                  Options.enable_thread_tracking: 0
2018/10/26-00:34:39.672409 7efe3a5fb700                  Options.enable_pipelined_write: 1
2018/10/26-00:34:39.672409 7efe3a5fb700         Options.allow_concurrent_memtable_write: 1
2018/10/26-00:34:39.672410 7efe3a5fb700      Options.enable_write_thread_adaptive_yield: 1
2018/10/26-00:34:39.672411 7efe3a5fb700             Options.write_thread_max_yield_usec: 100
2018/10/26-00:34:39.672412 7efe3a5fb700            Options.write_thread_slow_yield_usec: 3
2018/10/26-00:34:39.672413 7efe3a5fb700                               Options.row_cache: None
2018/10/26-00:34:39.672414 7efe3a5fb700                              Options.wal_filter: None
2018/10/26-00:34:39.672414 7efe3a5fb700             Options.avoid_flush_during_recovery: 0
2018/10/26-00:34:39.672415 7efe3a5fb700             Options.allow_ingest_behind: 0
2018/10/26-00:34:39.672416 7efe3a5fb700             Options.preserve_deletes: 0
2018/10/26-00:34:39.672417 7efe3a5fb700             Options.two_write_queues: 0
2018/10/26-00:34:39.672418 7efe3a5fb700             Options.manual_wal_flush: 0
2018/10/26-00:34:39.672420 7efe3a5fb700             Options.max_background_jobs: 24
2018/10/26-00:34:39.672421 7efe3a5fb700             Options.max_background_compactions: 24
2018/10/26-00:34:39.672421 7efe3a5fb700             Options.avoid_flush_during_shutdown: 0
2018/10/26-00:34:39.672422 7efe3a5fb700           Options.writable_file_max_buffer_size: 1048576
2018/10/26-00:34:39.672423 7efe3a5fb700             Options.delayed_write_rate : 16777216
2018/10/26-00:34:39.672424 7efe3a5fb700             Options.max_total_wal_size: 0
2018/10/26-00:34:39.672425 7efe3a5fb700             Options.delete_obsolete_files_period_micros: 21600000000
2018/10/26-00:34:39.672426 7efe3a5fb700                   Options.stats_dump_period_sec: 60
2018/10/26-00:34:39.672427 7efe3a5fb700                          Options.max_open_files: -1
2018/10/26-00:34:39.672428 7efe3a5fb700                          Options.bytes_per_sync: 1048576
2018/10/26-00:34:39.672429 7efe3a5fb700                      Options.wal_bytes_per_sync: 0
2018/10/26-00:34:39.672429 7efe3a5fb700       Options.compaction_readahead_size: 0
2018/10/26-00:34:39.672430 7efe3a5fb700 Compression algorithms supported:
2018/10/26-00:34:39.672432 7efe3a5fb700 	kZSTDNotFinalCompression supported: 1
2018/10/26-00:34:39.672440 7efe3a5fb700 	kZSTD supported: 1
2018/10/26-00:34:39.672442 7efe3a5fb700 	kXpressCompression supported: 0
2018/10/26-00:34:39.672443 7efe3a5fb700 	kLZ4HCCompression supported: 1
2018/10/26-00:34:39.672444 7efe3a5fb700 	kLZ4Compression supported: 1
2018/10/26-00:34:39.672445 7efe3a5fb700 	kBZip2Compression supported: 1
2018/10/26-00:34:39.672446 7efe3a5fb700 	kZlibCompression supported: 1
2018/10/26-00:34:39.672447 7efe3a5fb700 	kSnappyCompression supported: 1
2018/10/26-00:34:39.672450 7efe3a5fb700 Fast CRC32 supported: Supported on x86
2018/10/26-00:34:39.673395 7efe3a5fb700 [db/version_set.cc:3085] Recovering from manifest file: MANIFEST-048304
2018/10/26-00:34:39.673486 7efe3a5fb700 [db/column_family.cc:475] --------------- Options for column family [default]:
2018/10/26-00:34:39.673490 7efe3a5fb700               Options.comparator: leveldb.BytewiseComparator
2018/10/26-00:34:39.673491 7efe3a5fb700           Options.merge_operator: None
2018/10/26-00:34:39.673492 7efe3a5fb700        Options.compaction_filter: None
2018/10/26-00:34:39.673493 7efe3a5fb700        Options.compaction_filter_factory: None
2018/10/26-00:34:39.673494 7efe3a5fb700         Options.memtable_factory: SkipListFactory
2018/10/26-00:34:39.673495 7efe3a5fb700            Options.table_factory: BlockBasedTable
2018/10/26-00:34:39.673525 7efe3a5fb700            table_factory options:   flush_block_policy_factory: FlushBlockBySizePolicyFactory (0x7efd70384070)
  cache_index_and_filter_blocks: 0
  cache_index_and_filter_blocks_with_high_priority: 0
  pin_l0_filter_and_index_blocks_in_cache: 0
  index_type: 0
  hash_index_allow_collision: 1
  checksum: 1
  no_block_cache: 0
  block_cache: 0x7efd7038fa40
  block_cache_name: LRUCache
  block_cache_options:
    capacity : 8388608
    num_shard_bits : 4
    strict_capacity_limit : 0
    high_pri_pool_ratio: 0.000
  block_cache_compressed: (nil)
  persistent_cache: (nil)
  block_size: 8192
  block_size_deviation: 10
  block_restart_interval: 16
  index_block_restart_interval: 1
  metadata_block_size: 4096
  partition_filters: 0
  use_delta_encoding: 1
  filter_policy: nullptr
  whole_key_filtering: 1
  verify_compression: 0
  read_amp_bytes_per_bit: 0
  format_version: 2
  enable_index_compression: 1
  block_align: 0
2018/10/26-00:34:39.673540 7efe3a5fb700        Options.write_buffer_size: 134217728
2018/10/26-00:34:39.673541 7efe3a5fb700  Options.max_write_buffer_number: 24
2018/10/26-00:34:39.673542 7efe3a5fb700        Options.compression[0]: NoCompression
2018/10/26-00:34:39.673544 7efe3a5fb700        Options.compression[1]: NoCompression
2018/10/26-00:34:39.673545 7efe3a5fb700        Options.compression[2]: LZ4
2018/10/26-00:34:39.673546 7efe3a5fb700        Options.compression[3]: LZ4
2018/10/26-00:34:39.673546 7efe3a5fb700        Options.compression[4]: LZ4
2018/10/26-00:34:39.673547 7efe3a5fb700        Options.compression[5]: LZ4
2018/10/26-00:34:39.673548 7efe3a5fb700        Options.compression[6]: LZ4
2018/10/26-00:34:39.673549 7efe3a5fb700                  Options.bottommost_compression: Disabled
2018/10/26-00:34:39.673550 7efe3a5fb700       Options.prefix_extractor: nullptr
2018/10/26-00:34:39.673551 7efe3a5fb700   Options.memtable_insert_with_hint_prefix_extractor: nullptr
2018/10/26-00:34:39.673552 7efe3a5fb700             Options.num_levels: 7
2018/10/26-00:34:39.673553 7efe3a5fb700        Options.min_write_buffer_number_to_merge: 2
2018/10/26-00:34:39.673554 7efe3a5fb700     Options.max_write_buffer_number_to_maintain: 0
2018/10/26-00:34:39.673555 7efe3a5fb700            Options.compression_opts.window_bits: -14
2018/10/26-00:34:39.673556 7efe3a5fb700                  Options.compression_opts.level: -1
2018/10/26-00:34:39.673557 7efe3a5fb700               Options.compression_opts.strategy: 0
2018/10/26-00:34:39.673557 7efe3a5fb700         Options.compression_opts.max_dict_bytes: 0
2018/10/26-00:34:39.673558 7efe3a5fb700         Options.compression_opts.zstd_max_train_bytes: 0
2018/10/26-00:34:39.673559 7efe3a5fb700      Options.level0_file_num_compaction_trigger: 2
2018/10/26-00:34:39.673560 7efe3a5fb700          Options.level0_slowdown_writes_trigger: 20
2018/10/26-00:34:39.673561 7efe3a5fb700              Options.level0_stop_writes_trigger: 36
2018/10/26-00:34:39.673562 7efe3a5fb700                   Options.target_file_size_base: 67108864
2018/10/26-00:34:39.673563 7efe3a5fb700             Options.target_file_size_multiplier: 1
2018/10/26-00:34:39.673564 7efe3a5fb700                Options.max_bytes_for_level_base: 536870912
2018/10/26-00:34:39.673565 7efe3a5fb700 Options.level_compaction_dynamic_level_bytes: 0
2018/10/26-00:34:39.673565 7efe3a5fb700          Options.max_bytes_for_level_multiplier: 10.000000
2018/10/26-00:34:39.673569 7efe3a5fb700 Options.max_bytes_for_level_multiplier_addtl[0]: 1
2018/10/26-00:34:39.673570 7efe3a5fb700 Options.max_bytes_for_level_multiplier_addtl[1]: 1
2018/10/26-00:34:39.673571 7efe3a5fb700 Options.max_bytes_for_level_multiplier_addtl[2]: 1
2018/10/26-00:34:39.673571 7efe3a5fb700 Options.max_bytes_for_level_multiplier_addtl[3]: 1
2018/10/26-00:34:39.673572 7efe3a5fb700 Options.max_bytes_for_level_multiplier_addtl[4]: 1
2018/10/26-00:34:39.673573 7efe3a5fb700 Options.max_bytes_for_level_multiplier_addtl[5]: 1
2018/10/26-00:34:39.673574 7efe3a5fb700 Options.max_bytes_for_level_multiplier_addtl[6]: 1
2018/10/26-00:34:39.673575 7efe3a5fb700       Options.max_sequential_skip_in_iterations: 8
2018/10/26-00:34:39.673576 7efe3a5fb700                    Options.max_compaction_bytes: 1677721600
2018/10/26-00:34:39.673582 7efe3a5fb700                        Options.arena_block_size: 16777216
2018/10/26-00:34:39.673584 7efe3a5fb700   Options.soft_pending_compaction_bytes_limit: 68719476736
2018/10/26-00:34:39.673585 7efe3a5fb700   Options.hard_pending_compaction_bytes_limit: 274877906944
2018/10/26-00:34:39.673586 7efe3a5fb700       Options.rate_limit_delay_max_milliseconds: 100
2018/10/26-00:34:39.673587 7efe3a5fb700                Options.disable_auto_compactions: 0
2018/10/26-00:34:39.673589 7efe3a5fb700                        Options.compaction_style: kCompactionStyleLevel
2018/10/26-00:34:39.673590 7efe3a5fb700                          Options.compaction_pri: kByCompensatedSize
2018/10/26-00:34:39.673591 7efe3a5fb700 Options.compaction_options_universal.size_ratio: 1
2018/10/26-00:34:39.673592 7efe3a5fb700 Options.compaction_options_universal.min_merge_width: 2
2018/10/26-00:34:39.673593 7efe3a5fb700 Options.compaction_options_universal.max_merge_width: 4294967295
2018/10/26-00:34:39.673594 7efe3a5fb700 Options.compaction_options_universal.max_size_amplification_percent: 200
2018/10/26-00:34:39.673595 7efe3a5fb700 Options.compaction_options_universal.compression_size_percent: -1
2018/10/26-00:34:39.673596 7efe3a5fb700 Options.compaction_options_universal.stop_style: kCompactionStopStyleTotalSize
2018/10/26-00:34:39.673597 7efe3a5fb700 Options.compaction_options_fifo.max_table_files_size: 1073741824
2018/10/26-00:34:39.673598 7efe3a5fb700 Options.compaction_options_fifo.allow_compaction: 0
2018/10/26-00:34:39.673599 7efe3a5fb700 Options.compaction_options_fifo.ttl: 0
2018/10/26-00:34:39.673600 7efe3a5fb700                   Options.table_properties_collectors: 
2018/10/26-00:34:39.673601 7efe3a5fb700                   Options.inplace_update_support: 0
2018/10/26-00:34:39.673602 7efe3a5fb700                 Options.inplace_update_num_locks: 10000
2018/10/26-00:34:39.673603 7efe3a5fb700               Options.memtable_prefix_bloom_size_ratio: 0.000000
2018/10/26-00:34:39.673605 7efe3a5fb700   Options.memtable_huge_page_size: 0
2018/10/26-00:34:39.673606 7efe3a5fb700                           Options.bloom_locality: 0
2018/10/26-00:34:39.673606 7efe3a5fb700                    Options.max_successive_merges: 0
2018/10/26-00:34:39.673607 7efe3a5fb700                Options.optimize_filters_for_hits: 0
2018/10/26-00:34:39.673608 7efe3a5fb700                Options.paranoid_file_checks: 0
2018/10/26-00:34:39.673609 7efe3a5fb700                Options.force_consistency_checks: 0
2018/10/26-00:34:39.673610 7efe3a5fb700                Options.report_bg_io_stats: 0
2018/10/26-00:34:39.673611 7efe3a5fb700                               Options.ttl: 0
2018/10/26-00:34:39.674113 7efe3a5fb700 [db/column_family.cc:475] --------------- Options for column family [usertable]:
2018/10/26-00:34:39.674116 7efe3a5fb700               Options.comparator: leveldb.BytewiseComparator
2018/10/26-00:34:39.674118 7efe3a5fb700           Options.merge_operator: None
2018/10/26-00:34:39.674118 7efe3a5fb700        Options.compaction_filter: None
2018/10/26-00:34:39.674119 7efe3a5fb700        Options.compaction_filter_factory: None
2018/10/26-00:34:39.674120 7efe3a5fb700         Options.memtable_factory: SkipListFactory
2018/10/26-00:34:39.674121 7efe3a5fb700            Options.table_factory: BlockBasedTable
2018/10/26-00:34:39.674144 7efe3a5fb700            table_factory options:   flush_block_policy_factory: FlushBlockBySizePolicyFactory (0x7efd70384050)
  cache_index_and_filter_blocks: 0
  cache_index_and_filter_blocks_with_high_priority: 0
  pin_l0_filter_and_index_blocks_in_cache: 0
  index_type: 0
  hash_index_allow_collision: 1
  checksum: 1
  no_block_cache: 0
  block_cache: 0x7efd70384bb0
  block_cache_name: LRUCache
  block_cache_options:
    capacity : 8388608
    num_shard_bits : 4
    strict_capacity_limit : 0
    high_pri_pool_ratio: 0.000
  block_cache_compressed: (nil)
  persistent_cache: (nil)
  block_size: 8192
  block_size_deviation: 10
  block_restart_interval: 16
  index_block_restart_interval: 1
  metadata_block_size: 4096
  partition_filters: 0
  use_delta_encoding: 1
  filter_policy: nullptr
  whole_key_filtering: 1
  verify_compression: 0
  read_amp_bytes_per_bit: 0
  format_version: 2
  enable_index_compression: 1
  block_align: 0
2018/10/26-00:34:39.674156 7efe3a5fb700        Options.write_buffer_size: 134217728
2018/10/26-00:34:39.674158 7efe3a5fb700  Options.max_write_buffer_number: 24
2018/10/26-00:34:39.674159 7efe3a5fb700        Options.compression[0]: NoCompression
2018/10/26-00:34:39.674160 7efe3a5fb700        Options.compression[1]: NoCompression
2018/10/26-00:34:39.674161 7efe3a5fb700        Options.compression[2]: LZ4
2018/10/26-00:34:39.674162 7efe3a5fb700        Options.compression[3]: LZ4
2018/10/26-00:34:39.674163 7efe3a5fb700        Options.compression[4]: LZ4
2018/10/26-00:34:39.674163 7efe3a5fb700        Options.compression[5]: LZ4
2018/10/26-00:34:39.674164 7efe3a5fb700        Options.compression[6]: LZ4
2018/10/26-00:34:39.674165 7efe3a5fb700                  Options.bottommost_compression: Disabled
2018/10/26-00:34:39.674166 7efe3a5fb700       Options.prefix_extractor: nullptr
2018/10/26-00:34:39.674167 7efe3a5fb700   Options.memtable_insert_with_hint_prefix_extractor: nullptr
2018/10/26-00:34:39.674168 7efe3a5fb700             Options.num_levels: 7
2018/10/26-00:34:39.674169 7efe3a5fb700        Options.min_write_buffer_number_to_merge: 2
2018/10/26-00:34:39.674170 7efe3a5fb700     Options.max_write_buffer_number_to_maintain: 0
2018/10/26-00:34:39.674170 7efe3a5fb700            Options.compression_opts.window_bits: -14
2018/10/26-00:34:39.674171 7efe3a5fb700                  Options.compression_opts.level: -1
2018/10/26-00:34:39.674172 7efe3a5fb700               Options.compression_opts.strategy: 0
2018/10/26-00:34:39.674173 7efe3a5fb700         Options.compression_opts.max_dict_bytes: 0
2018/10/26-00:34:39.674174 7efe3a5fb700         Options.compression_opts.zstd_max_train_bytes: 0
2018/10/26-00:34:39.674175 7efe3a5fb700      Options.level0_file_num_compaction_trigger: 2
2018/10/26-00:34:39.674176 7efe3a5fb700          Options.level0_slowdown_writes_trigger: 20
2018/10/26-00:34:39.674176 7efe3a5fb700              Options.level0_stop_writes_trigger: 36
2018/10/26-00:34:39.674177 7efe3a5fb700                   Options.target_file_size_base: 67108864
2018/10/26-00:34:39.674178 7efe3a5fb700             Options.target_file_size_multiplier: 1
2018/10/26-00:34:39.674179 7efe3a5fb700                Options.max_bytes_for_level_base: 536870912
2018/10/26-00:34:39.674180 7efe3a5fb700 Options.level_compaction_dynamic_level_bytes: 0
2018/10/26-00:34:39.674181 7efe3a5fb700          Options.max_bytes_for_level_multiplier: 10.000000
2018/10/26-00:34:39.674183 7efe3a5fb700 Options.max_bytes_for_level_multiplier_addtl[0]: 1
2018/10/26-00:34:39.674184 7efe3a5fb700 Options.max_bytes_for_level_multiplier_addtl[1]: 1
2018/10/26-00:34:39.674185 7efe3a5fb700 Options.max_bytes_for_level_multiplier_addtl[2]: 1
2018/10/26-00:34:39.674186 7efe3a5fb700 Options.max_bytes_for_level_multiplier_addtl[3]: 1
2018/10/26-00:34:39.674186 7efe3a5fb700 Options.max_bytes_for_level_multiplier_addtl[4]: 1
2018/10/26-00:34:39.674187 7efe3a5fb700 Options.max_bytes_for_level_multiplier_addtl[5]: 1
2018/10/26-00:34:39.674188 7efe3a5fb700 Options.max_bytes_for_level_multiplier_addtl[6]: 1
2018/10/26-00:34:39.674189 7efe3a5fb700       Options.max_sequential_skip_in_iterations: 8
2018/10/26-00:34:39.674190 7efe3a5fb700                    Options.max_compaction_bytes: 1677721600
2018/10/26-00:34:39.674191 7efe3a5fb700                        Options.arena_block_size: 16777216
2018/10/26-00:34:39.674192 7efe3a5fb700   Options.soft_pending_compaction_bytes_limit: 68719476736
2018/10/26-00:34:39.674193 7efe3a5fb700   Options.hard_pending_compaction_bytes_limit: 274877906944
2018/10/26-00:34:39.674193 7efe3a5fb700       Options.rate_limit_delay_max_milliseconds: 100
2018/10/26-00:34:39.674194 7efe3a5fb700                Options.disable_auto_compactions: 0
2018/10/26-00:34:39.674196 7efe3a5fb700                        Options.compaction_style: kCompactionStyleLevel
2018/10/26-00:34:39.674205 7efe3a5fb700                          Options.compaction_pri: kByCompensatedSize
2018/10/26-00:34:39.674207 7efe3a5fb700 Options.compaction_options_universal.size_ratio: 1
2018/10/26-00:34:39.674207 7efe3a5fb700 Options.compaction_options_universal.min_merge_width: 2
2018/10/26-00:34:39.674208 7efe3a5fb700 Options.compaction_options_universal.max_merge_width: 4294967295
2018/10/26-00:34:39.674209 7efe3a5fb700 Options.compaction_options_universal.max_size_amplification_percent: 200
2018/10/26-00:34:39.674210 7efe3a5fb700 Options.compaction_options_universal.compression_size_percent: -1
2018/10/26-00:34:39.674211 7efe3a5fb700 Options.compaction_options_universal.stop_style: kCompactionStopStyleTotalSize
2018/10/26-00:34:39.674212 7efe3a5fb700 Options.compaction_options_fifo.max_table_files_size: 1073741824
2018/10/26-00:34:39.674213 7efe3a5fb700 Options.compaction_options_fifo.allow_compaction: 0
2018/10/26-00:34:39.674214 7efe3a5fb700 Options.compaction_options_fifo.ttl: 0
2018/10/26-00:34:39.674215 7efe3a5fb700                   Options.table_properties_collectors: 
2018/10/26-00:34:39.674216 7efe3a5fb700                   Options.inplace_update_support: 0
2018/10/26-00:34:39.674216 7efe3a5fb700                 Options.inplace_update_num_locks: 10000
2018/10/26-00:34:39.674217 7efe3a5fb700               Options.memtable_prefix_bloom_size_ratio: 0.000000
2018/10/26-00:34:39.674219 7efe3a5fb700   Options.memtable_huge_page_size: 0
2018/10/26-00:34:39.674220 7efe3a5fb700                           Options.bloom_locality: 0
2018/10/26-00:34:39.674221 7efe3a5fb700                    Options.max_successive_merges: 0
2018/10/26-00:34:39.674221 7efe3a5fb700                Options.optimize_filters_for_hits: 0
2018/10/26-00:34:39.674222 7efe3a5fb700                Options.paranoid_file_checks: 0
2018/10/26-00:34:39.674223 7efe3a5fb700                Options.force_consistency_checks: 0
2018/10/26-00:34:39.674224 7efe3a5fb700                Options.report_bg_io_stats: 0
2018/10/26-00:34:39.674225 7efe3a5fb700                               Options.ttl: 0
2018/10/26-00:34:39.918317 7efe3a5fb700 [db/version_set.cc:3361] Recovered from manifest file:/mnt/sdb1/ycsb-rocksdb-data/MANIFEST-048304 succeeded,manifest_file_number is 48304, next_file_number is 48689, last_sequence is 118802697, log_number is 0,prev_log_number is 0,max_column_family is 1,min_log_number_to_keep is 0
2018/10/26-00:34:39.918324 7efe3a5fb700 [db/version_set.cc:3369] Column family [default] (ID 0), log number is 48299
2018/10/26-00:34:39.918326 7efe3a5fb700 [db/version_set.cc:3369] Column family [usertable] (ID 1), log number is 48686
2018/10/26-00:34:39.919364 7efe3a5fb700 EVENT_LOG_v1 {"time_micros": 1540539279919346, "job": 1, "event": "recovery_started", "log_files": [48686]}
2018/10/26-00:34:39.919371 7efe3a5fb700 [db/db_impl_open.cc:551] Recovering log #48686 mode 2
2018/10/26-00:34:40.012702 7efe3a5fb700 [db/version_set.cc:2847] Creating manifest 48689
2018/10/26-00:34:40.201531 7efe3a5fb700 EVENT_LOG_v1 {"time_micros": 1540539280201509, "cf_name": "usertable", "job": 1, "event": "table_file_creation", "file_number": 48690, "file_size": 23714706, "table_properties": {"data_size": 23614933, "index_size": 98852, "filter_size": 0, "raw_key_size": 137424, "raw_average_key_size": 24, "raw_value_size": 23453696, "raw_average_value_size": 4096, "num_data_blocks": 2863, "num_entries": 5726, "filter_policy_name": "", "kDeletedKeys": "0", "kMergeOperands": "0"}}
2018/10/26-00:34:40.233881 7efe3a5fb700 EVENT_LOG_v1 {"time_micros": 1540539280233877, "job": 1, "event": "recovery_finished"}
2018/10/26-00:34:40.234066 7efe3a5fb700 [db/column_family.cc:837] [usertable] Increasing compaction threads because we have 4 level-0 files 
2018/10/26-00:34:40.284482 7efe3a5fb700 [db/db_impl_open.cc:1219] DB pointer 0x7efd703d2a40
2018/10/26-00:34:40.284775 7efe2bfff700 [WARN] [db/db_impl.cc:491] ------- DUMPING STATS -------
2018/10/26-00:34:40.284820 7efe2bfff700 [WARN] [db/db_impl.cc:492] 
** DB Stats **
Uptime(secs): 0.6 total, 0.6 interval
Cumulative writes: 0 writes, 0 keys, 0 commit groups, 0.0 writes per commit group, ingest: 0.00 GB, 0.00 MB/s
Cumulative WAL: 0 writes, 0 syncs, 0.00 writes per sync, written: 0.00 GB, 0.00 MB/s
Cumulative stall: 00:00:0.000 H:M:S, 0.0 percent
Interval writes: 0 writes, 0 keys, 0 commit groups, 0.0 writes per commit group, ingest: 0.00 MB, 0.00 MB/s
Interval WAL: 0 writes, 0 syncs, 0.00 writes per sync, written: 0.00 MB, 0.00 MB/s
Interval stall: 00:00:0.000 H:M:S, 0.0 percent

** Compaction Stats [default] **
Level    Files   Size     Score Read(GB)  Rn(GB) Rnp1(GB) Write(GB) Wnew(GB) Moved(GB) W-Amp Rd(MB/s) Wr(MB/s) Comp(sec) Comp(cnt) Avg(sec) KeyIn KeyDrop
----------------------------------------------------------------------------------------------------------------------------------------------------------
 Sum      0/0    0.00 KB   0.0      0.0     0.0      0.0       0.0      0.0       0.0   0.0      0.0      0.0         0         0    0.000       0      0
 Int      0/0    0.00 KB   0.0      0.0     0.0      0.0       0.0      0.0       0.0   0.0      0.0      0.0         0         0    0.000       0      0
Uptime(secs): 0.6 total, 0.6 interval
Flush(GB): cumulative 0.000, interval 0.000
AddFile(GB): cumulative 0.000, interval 0.000
AddFile(Total Files): cumulative 0, interval 0
AddFile(L0 Files): cumulative 0, interval 0
AddFile(Keys): cumulative 0, interval 0
Cumulative compaction: 0.00 GB write, 0.00 MB/s write, 0.00 GB read, 0.00 MB/s read, 0.0 seconds
Interval compaction: 0.00 GB write, 0.00 MB/s write, 0.00 GB read, 0.00 MB/s read, 0.0 seconds
Stalls(count): 0 level0_slowdown, 0 level0_slowdown_with_compaction, 0 level0_numfiles, 0 level0_numfiles_with_compaction, 0 stop for pending_compaction_bytes, 0 slowdown for pending_compaction_bytes, 0 memtable_compaction, 0 memtable_slowdown, interval 0 total count

** File Read Latency Histogram By Level [default] **

** Compaction Stats [usertable] **
Level    Files   Size     Score Read(GB)  Rn(GB) Rnp1(GB) Write(GB) Wnew(GB) Moved(GB) W-Amp Rd(MB/s) Wr(MB/s) Comp(sec) Comp(cnt) Avg(sec) KeyIn KeyDrop
----------------------------------------------------------------------------------------------------------------------------------------------------------
  L0      4/0   855.86 MB   2.0      0.0     0.0      0.0       0.0      0.0       0.0   1.0      0.0    177.2         0         1    0.128       0      0
  L1     18/0    1.03 GB   2.1      0.0     0.0      0.0       0.0      0.0       0.0   0.0      0.0      0.0         0         0    0.000       0      0
  L2     94/0    5.16 GB   1.0      0.0     0.0      0.0       0.0      0.0       0.0   0.0      0.0      0.0         0         0    0.000       0      0
  L3    172/0   10.04 GB   0.2      0.0     0.0      0.0       0.0      0.0       0.0   0.0      0.0      0.0         0         0    0.000       0      0
 Sum    288/0   17.08 GB   0.0      0.0     0.0      0.0       0.0      0.0       0.0   1.0      0.0    177.2         0         1    0.128       0      0
 Int      0/0    0.00 KB   0.0      0.0     0.0      0.0       0.0      0.0       0.0   1.0      0.0    177.2         0         1    0.128       0      0
Uptime(secs): 0.6 total, 0.6 interval
Flush(GB): cumulative 0.022, interval 0.022
AddFile(GB): cumulative 0.000, interval 0.000
AddFile(Total Files): cumulative 0, interval 0
AddFile(L0 Files): cumulative 0, interval 0
AddFile(Keys): cumulative 0, interval 0
Cumulative compaction: 0.02 GB write, 37.04 MB/s write, 0.00 GB read, 0.00 MB/s read, 0.1 seconds
Interval compaction: 0.02 GB write, 37.04 MB/s write, 0.00 GB read, 0.00 MB/s read, 0.1 seconds
Stalls(count): 0 level0_slowdown, 0 level0_slowdown_with_compaction, 0 level0_numfiles, 0 level0_numfiles_with_compaction, 0 stop for pending_compaction_bytes, 0 slowdown for pending_compaction_bytes, 0 memtable_compaction, 0 memtable_slowdown, interval 0 total count

** File Read Latency Histogram By Level [usertable] **

** Compaction Stats [default] **
Level    Files   Size     Score Read(GB)  Rn(GB) Rnp1(GB) Write(GB) Wnew(GB) Moved(GB) W-Amp Rd(MB/s) Wr(MB/s) Comp(sec) Comp(cnt) Avg(sec) KeyIn KeyDrop
----------------------------------------------------------------------------------------------------------------------------------------------------------
 Sum      0/0    0.00 KB   0.0      0.0     0.0      0.0       0.0      0.0       0.0   0.0      0.0      0.0         0         0    0.000       0      0
 Int      0/0    0.00 KB   0.0      0.0     0.0      0.0       0.0      0.0       0.0   0.0      0.0      0.0         0         0    0.000       0      0
Uptime(secs): 0.6 total, 0.0 interval
Flush(GB): cumulative 0.000, interval 0.000
AddFile(GB): cumulative 0.000, interval 0.000
AddFile(Total Files): cumulative 0, interval 0
AddFile(L0 Files): cumulative 0, interval 0
AddFile(Keys): cumulative 0, interval 0
Cumulative compaction: 0.00 GB write, 0.00 MB/s write, 0.00 GB read, 0.00 MB/s read, 0.0 seconds
Interval compaction: 0.00 GB write, 0.00 MB/s write, 0.00 GB read, 0.00 MB/s read, 0.0 seconds
Stalls(count): 0 level0_slowdown, 0 level0_slowdown_with_compaction, 0 level0_numfiles, 0 level0_numfiles_with_compaction, 0 stop for pending_compaction_bytes, 0 slowdown for pending_compaction_bytes, 0 memtable_compaction, 0 memtable_slowdown, interval 0 total count

** File Read Latency Histogram By Level [default] **

** Compaction Stats [usertable] **
Level    Files   Size     Score Read(GB)  Rn(GB) Rnp1(GB) Write(GB) Wnew(GB) Moved(GB) W-Amp Rd(MB/s) Wr(MB/s) Comp(sec) Comp(cnt) Avg(sec) KeyIn KeyDrop
----------------------------------------------------------------------------------------------------------------------------------------------------------
  L0      4/0   855.86 MB   2.0      0.0     0.0      0.0       0.0      0.0       0.0   1.0      0.0    177.2         0         1    0.128       0      0
  L1     18/0    1.03 GB   2.1      0.0     0.0      0.0       0.0      0.0       0.0   0.0      0.0      0.0         0         0    0.000       0      0
  L2     94/0    5.16 GB   1.0      0.0     0.0      0.0       0.0      0.0       0.0   0.0      0.0      0.0         0         0    0.000       0      0
  L3    172/0   10.04 GB   0.2      0.0     0.0      0.0       0.0      0.0       0.0   0.0      0.0      0.0         0         0    0.000       0      0
 Sum    288/0   17.08 GB   0.0      0.0     0.0      0.0       0.0      0.0       0.0   1.0      0.0    177.2         0         1    0.128       0      0
 Int      0/0    0.00 KB   0.0      0.0     0.0      0.0       0.0      0.0       0.0   0.0      0.0      0.0         0         0    0.000       0      0
Uptime(secs): 0.6 total, 0.0 interval
Flush(GB): cumulative 0.022, interval 0.000
AddFile(GB): cumulative 0.000, interval 0.000
AddFile(Total Files): cumulative 0, interval 0
AddFile(L0 Files): cumulative 0, interval 0
AddFile(Keys): cumulative 0, interval 0
Cumulative compaction: 0.02 GB write, 37.04 MB/s write, 0.00 GB read, 0.00 MB/s read, 0.1 seconds
Interval compaction: 0.00 GB write, 0.00 MB/s write, 0.00 GB read, 0.00 MB/s read, 0.0 seconds
Stalls(count): 0 level0_slowdown, 0 level0_slowdown_with_compaction, 0 level0_numfiles, 0 level0_numfiles_with_compaction, 0 stop for pending_compaction_bytes, 0 slowdown for pending_compaction_bytes, 0 memtable_compaction, 0 memtable_slowdown, interval 0 total count

** File Read Latency Histogram By Level [usertable] **
2018/10/26-00:34:40.284942 7efe2bfff700 [db/compaction_job.cc:1531] [usertable] [JOB 3] Compacting 1@1 + 2@2 files to L2, score 2.07
2018/10/26-00:34:40.284949 7efe2bfff700 [db/compaction_job.cc:1535] [usertable] Compaction start summary: Base version 5 Base level 1, inputs: [48567(64MB)], [48207(64MB) 48208(64MB)]
2018/10/26-00:34:40.284977 7efe2bfff700 EVENT_LOG_v1 {"time_micros": 1540539280284955, "job": 3, "event": "compaction_started", "compaction_reason": "LevelMaxLevelSize", "files_L1": [48567], "files_L2": [48207, 48208], "score": 2.06771, "input_data_size": 201924450}
2018/10/26-00:34:40.285006 7efe12ffd700 [db/compaction_job.cc:1531] [usertable] [JOB 4] Compacting 1@2 + 2@3 files to L3, score 1.01
2018/10/26-00:34:40.285016 7efe12ffd700 [db/compaction_job.cc:1535] [usertable] Compaction start summary: Base version 5 Base level 2, inputs: [48633(64MB)], [45938(64MB) 47394(64MB)]
2018/10/26-00:34:40.285031 7efe12ffd700 EVENT_LOG_v1 {"time_micros": 1540539280285023, "job": 4, "event": "compaction_started", "compaction_reason": "LevelMaxLevelSize", "files_L2": [48633], "files_L3": [45938, 47394], "score": 1.00743, "input_data_size": 201730703}
2018/10/26-00:34:40.285038 7efe2b7fe700 (Original Log Time 2018/10/26-00:34:40.285026) [db/db_impl_compaction_flush.cc:1781] Compaction nothing to do
2018/10/26-00:34:42.443245 7efe2bfff700 [db/compaction_job.cc:1211] [usertable] [JOB 3] Generated table #48694: 16279 keys, 67257329 bytes
2018/10/26-00:34:42.443287 7efe2bfff700 EVENT_LOG_v1 {"time_micros": 1540539282443270, "cf_name": "usertable", "job": 3, "event": "table_file_creation", "file_number": 48694, "file_size": 67257329, "table_properties": {"data_size": 67120256, "index_size": 299096, "filter_size": 0, "raw_key_size": 390696, "raw_average_key_size": 24, "raw_value_size": 66678784, "raw_average_value_size": 4096, "num_data_blocks": 8140, "num_entries": 16279, "filter_policy_name": "", "kDeletedKeys": "0", "kMergeOperands": "0"}}
2018/10/26-00:34:42.875313 7efe12ffd700 [db/compaction_job.cc:1211] [usertable] [JOB 4] Generated table #48695: 16279 keys, 67233542 bytes
2018/10/26-00:34:42.875347 7efe12ffd700 EVENT_LOG_v1 {"time_micros": 1540539282875333, "cf_name": "usertable", "job": 4, "event": "table_file_creation", "file_number": 48695, "file_size": 67233542, "table_properties": {"data_size": 67120140, "index_size": 300916, "filter_size": 0, "raw_key_size": 390696, "raw_average_key_size": 24, "raw_value_size": 66678784, "raw_average_value_size": 4096, "num_data_blocks": 8140, "num_entries": 16279, "filter_policy_name": "", "kDeletedKeys": "0", "kMergeOperands": "0"}}
2018/10/26-00:34:43.789876 7efe2bfff700 [db/compaction_job.cc:1211] [usertable] [JOB 3] Generated table #48696: 16279 keys, 67259293 bytes
2018/10/26-00:34:43.789920 7efe2bfff700 EVENT_LOG_v1 {"time_micros": 1540539283789902, "cf_name": "usertable", "job": 3, "event": "table_file_creation", "file_number": 48696, "file_size": 67259293, "table_properties": {"data_size": 67119978, "index_size": 299306, "filter_size": 0, "raw_key_size": 390696, "raw_average_key_size": 24, "raw_value_size": 66678784, "raw_average_value_size": 4096, "num_data_blocks": 8140, "num_entries": 16279, "filter_policy_name": "", "kDeletedKeys": "0", "kMergeOperands": "0"}}
2018/10/26-00:34:44.505555 7efe12ffd700 [db/compaction_job.cc:1211] [usertable] [JOB 4] Generated table #48697: 16279 keys, 67233355 bytes
2018/10/26-00:34:44.505590 7efe12ffd700 EVENT_LOG_v1 {"time_micros": 1540539284505575, "cf_name": "usertable", "job": 4, "event": "table_file_creation", "file_number": 48697, "file_size": 67233355, "table_properties": {"data_size": 67118331, "index_size": 299108, "filter_size": 0, "raw_key_size": 390696, "raw_average_key_size": 24, "raw_value_size": 66678784, "raw_average_value_size": 4096, "num_data_blocks": 8140, "num_entries": 16279, "filter_policy_name": "", "kDeletedKeys": "0", "kMergeOperands": "0"}}
2018/10/26-00:34:44.505637 7efe12ffd700 [db/compaction_job.cc:1287] [usertable] [JOB 4] Compacted 1@2 + 2@3 files to L3 => 134466897 bytes
2018/10/26-00:34:44.550596 7efe12ffd700 [db/column_family.cc:837] [usertable] Increasing compaction threads because we have 4 level-0 files 
2018/10/26-00:34:44.550673 7efe12ffd700 (Original Log Time 2018/10/26-00:34:44.550563) [db/compaction_job.cc:685] [usertable] compacted to: base level 1 max bytes base 536870912 files[4 18 93 172 0 0 0] max score 2.00, MB/sec: 47.8 rd, 31.9 wr, level 3, files in(1, 2) out(2) MB in(64.1, 128.2) out(128.2), read-write-amplify(5.0) write-amplify(2.0) OK, records in: 48837, records dropped: 16279 output_compression: LZ4
2018/10/26-00:34:44.550679 7efe12ffd700 (Original Log Time 2018/10/26-00:34:44.550589) EVENT_LOG_v1 {"time_micros": 1540539284550578, "job": 4, "event": "compaction_finished", "compaction_time_micros": 4220575, "output_level": 3, "num_output_files": 2, "total_output_size": 134466897, "num_input_records": 48837, "num_output_records": 32558, "num_subcompactions": 1, "output_compression": "LZ4", "num_single_delete_mismatches": 0, "num_single_delete_fallthrough": 0, "lsm_state": [4, 18, 93, 172, 0, 0, 0]}
2018/10/26-00:34:44.550718 7efe2affd700 (Original Log Time 2018/10/26-00:34:44.550701) [db/db_impl_compaction_flush.cc:1781] Compaction nothing to do
2018/10/26-00:34:44.642229 7efe2bfff700 [db/compaction_job.cc:1211] [usertable] [JOB 3] Generated table #48698: 9209 keys, 38045103 bytes
2018/10/26-00:34:44.642272 7efe2bfff700 EVENT_LOG_v1 {"time_micros": 1540539284642258, "cf_name": "usertable", "job": 3, "event": "table_file_creation", "file_number": 48698, "file_size": 38045103, "table_properties": {"data_size": 37970197, "index_size": 168625, "filter_size": 0, "raw_key_size": 221016, "raw_average_key_size": 24, "raw_value_size": 37720064, "raw_average_value_size": 4096, "num_data_blocks": 4605, "num_entries": 9209, "filter_policy_name": "", "kDeletedKeys": "0", "kMergeOperands": "0"}}
2018/10/26-00:34:44.642314 7efe2bfff700 [db/compaction_job.cc:1287] [usertable] [JOB 3] Compacted 1@1 + 2@2 files to L2 => 172561725 bytes
2018/10/26-00:34:44.687657 7efe2bfff700 [db/column_family.cc:837] [usertable] Increasing compaction threads because we have 4 level-0 files 
2018/10/26-00:34:44.687737 7efe2bfff700 (Original Log Time 2018/10/26-00:34:44.687630) [db/compaction_job.cc:685] [usertable] compacted to: base level 1 max bytes base 536870912 files[4 17 94 172 0 0 0] max score 2.00, MB/sec: 46.3 rd, 39.6 wr, level 2, files in(1, 2) out(3) MB in(64.3, 128.3) out(164.6), read-write-amplify(5.6) write-amplify(2.6) OK, records in: 48835, records dropped: 7068 output_compression: LZ4
2018/10/26-00:34:44.687742 7efe2bfff700 (Original Log Time 2018/10/26-00:34:44.687651) EVENT_LOG_v1 {"time_micros": 1540539284687642, "job": 3, "event": "compaction_finished", "compaction_time_micros": 4357297, "output_level": 2, "num_output_files": 3, "total_output_size": 172561725, "num_input_records": 48835, "num_output_records": 41767, "num_subcompactions": 1, "output_compression": "LZ4", "num_single_delete_mismatches": 0, "num_single_delete_fallthrough": 0, "lsm_state": [4, 17, 94, 172, 0, 0, 0]}
2018/10/26-00:34:44.688166 7efe2a7fc700 [db/compaction_job.cc:1531] [usertable] [JOB 7] Compacting 4@0 + 17@1 files to L1, score 2.00
2018/10/26-00:34:44.688183 7efe2a7fc700 [db/compaction_job.cc:1535] [usertable] Compaction start summary: Base version 7 Base level 0, inputs: [48690(22MB) 48687(147MB) 48678(149MB) 48635(536MB)], [48566(64MB) 48582(64MB) 48585(64MB) 48588(64MB) 48591(47MB) 48597(64MB) 48587(64MB) 48589(64MB) 48592(64MB) 48595(60MB) 48583(64MB) 48590(64MB) 48593(64MB) 48596(44MB) 48599(49MB) 48565(64MB) 48568(21MB)]
