2018/11/01-15:27:44.801014 7fbe33fff700 RocksDB version: 5.14.3
2018/11/01-15:27:44.801093 7fbe33fff700 Git sha rocksdb_build_git_sha:
2018/11/01-15:27:44.801096 7fbe33fff700 Compile date Oct 15 2018
2018/11/01-15:27:44.801100 7fbe33fff700 DB SUMMARY
2018/11/01-15:27:44.801598 7fbe33fff700 CURRENT file:  CURRENT
2018/11/01-15:27:44.801602 7fbe33fff700 IDENTITY file:  IDENTITY
2018/11/01-15:27:44.801631 7fbe33fff700 MANIFEST file:  MANIFEST-059817 size: 56716 Bytes
2018/11/01-15:27:44.801635 7fbe33fff700 SST files in /mnt/sdb1/ycsb-rocksdb-data dir, Total Num: 293, files: 056250.sst 056533.sst 056817.sst 056824.sst 057030.sst 057390.sst 057462.sst 057539.sst 057540.sst 
2018/11/01-15:27:44.801636 7fbe33fff700 Write Ahead Log file in /mnt/sdb1/ycsb-rocksdb-data: 060396.log size: 38970362 ; 
2018/11/01-15:27:44.801644 7fbe33fff700                         Options.error_if_exists: 0
2018/11/01-15:27:44.801646 7fbe33fff700                       Options.create_if_missing: 1
2018/11/01-15:27:44.801647 7fbe33fff700                         Options.paranoid_checks: 1
2018/11/01-15:27:44.801647 7fbe33fff700                                     Options.env: 0x7fbe31ec13e0
2018/11/01-15:27:44.801648 7fbe33fff700                                Options.info_log: 0x7fbe2c3c36d0
2018/11/01-15:27:44.801649 7fbe33fff700                Options.max_file_opening_threads: 16
2018/11/01-15:27:44.801650 7fbe33fff700                              Options.statistics: (nil)
2018/11/01-15:27:44.801651 7fbe33fff700                               Options.use_fsync: 0
2018/11/01-15:27:44.801653 7fbe33fff700                       Options.max_log_file_size: 0
2018/11/01-15:27:44.801653 7fbe33fff700                  Options.max_manifest_file_size: 18446744073709551615
2018/11/01-15:27:44.801654 7fbe33fff700                   Options.log_file_time_to_roll: 0
2018/11/01-15:27:44.801655 7fbe33fff700                       Options.keep_log_file_num: 1000
2018/11/01-15:27:44.801656 7fbe33fff700                    Options.recycle_log_file_num: 0
2018/11/01-15:27:44.801657 7fbe33fff700                         Options.allow_fallocate: 1
2018/11/01-15:27:44.801658 7fbe33fff700                        Options.allow_mmap_reads: 0
2018/11/01-15:27:44.801659 7fbe33fff700                       Options.allow_mmap_writes: 0
2018/11/01-15:27:44.801660 7fbe33fff700                        Options.use_direct_reads: 0
2018/11/01-15:27:44.801661 7fbe33fff700                        Options.use_direct_io_for_flush_and_compaction: 0
2018/11/01-15:27:44.801661 7fbe33fff700          Options.create_missing_column_families: 1
2018/11/01-15:27:44.801662 7fbe33fff700                              Options.db_log_dir: 
2018/11/01-15:27:44.801663 7fbe33fff700                                 Options.wal_dir: /mnt/sdb1/ycsb-rocksdb-data
2018/11/01-15:27:44.801664 7fbe33fff700                Options.table_cache_numshardbits: 6
2018/11/01-15:27:44.801665 7fbe33fff700                      Options.max_subcompactions: 4
2018/11/01-15:27:44.801666 7fbe33fff700                  Options.max_background_flushes: 24
2018/11/01-15:27:44.801667 7fbe33fff700                         Options.WAL_ttl_seconds: 0
2018/11/01-15:27:44.801668 7fbe33fff700                       Options.WAL_size_limit_MB: 0
2018/11/01-15:27:44.801668 7fbe33fff700             Options.manifest_preallocation_size: 4194304
2018/11/01-15:27:44.801669 7fbe33fff700                     Options.is_fd_close_on_exec: 1
2018/11/01-15:27:44.801670 7fbe33fff700                   Options.advise_random_on_open: 1
2018/11/01-15:27:44.801671 7fbe33fff700                    Options.db_write_buffer_size: 0
2018/11/01-15:27:44.801672 7fbe33fff700                    Options.write_buffer_manager: 0x7fbe2c3be320
2018/11/01-15:27:44.801673 7fbe33fff700         Options.access_hint_on_compaction_start: 1
2018/11/01-15:27:44.801673 7fbe33fff700  Options.new_table_reader_for_compaction_inputs: 0
2018/11/01-15:27:44.801674 7fbe33fff700           Options.random_access_max_buffer_size: 1048576
2018/11/01-15:27:44.801675 7fbe33fff700                      Options.use_adaptive_mutex: 0
2018/11/01-15:27:44.801676 7fbe33fff700                            Options.rate_limiter: (nil)
2018/11/01-15:27:44.801692 7fbe33fff700     Options.sst_file_manager.rate_bytes_per_sec: 0
2018/11/01-15:27:44.801694 7fbe33fff700                       Options.wal_recovery_mode: 2
2018/11/01-15:27:44.801695 7fbe33fff700                  Options.enable_thread_tracking: 0
2018/11/01-15:27:44.801695 7fbe33fff700                  Options.enable_pipelined_write: 1
2018/11/01-15:27:44.801696 7fbe33fff700         Options.allow_concurrent_memtable_write: 1
2018/11/01-15:27:44.801697 7fbe33fff700      Options.enable_write_thread_adaptive_yield: 1
2018/11/01-15:27:44.801698 7fbe33fff700             Options.write_thread_max_yield_usec: 100
2018/11/01-15:27:44.801699 7fbe33fff700            Options.write_thread_slow_yield_usec: 3
2018/11/01-15:27:44.801700 7fbe33fff700                               Options.row_cache: None
2018/11/01-15:27:44.801700 7fbe33fff700                              Options.wal_filter: None
2018/11/01-15:27:44.801702 7fbe33fff700             Options.avoid_flush_during_recovery: 0
2018/11/01-15:27:44.801702 7fbe33fff700             Options.allow_ingest_behind: 0
2018/11/01-15:27:44.801703 7fbe33fff700             Options.preserve_deletes: 0
2018/11/01-15:27:44.801704 7fbe33fff700             Options.two_write_queues: 0
2018/11/01-15:27:44.801705 7fbe33fff700             Options.manual_wal_flush: 0
2018/11/01-15:27:44.801707 7fbe33fff700             Options.max_background_jobs: 24
2018/11/01-15:27:44.801708 7fbe33fff700             Options.max_background_compactions: 24
2018/11/01-15:27:44.801709 7fbe33fff700             Options.avoid_flush_during_shutdown: 0
2018/11/01-15:27:44.801710 7fbe33fff700           Options.writable_file_max_buffer_size: 1048576
2018/11/01-15:27:44.801710 7fbe33fff700             Options.delayed_write_rate : 16777216
2018/11/01-15:27:44.801711 7fbe33fff700             Options.max_total_wal_size: 0
2018/11/01-15:27:44.801712 7fbe33fff700             Options.delete_obsolete_files_period_micros: 21600000000
2018/11/01-15:27:44.801713 7fbe33fff700                   Options.stats_dump_period_sec: 60
2018/11/01-15:27:44.801714 7fbe33fff700                          Options.max_open_files: -1
2018/11/01-15:27:44.801715 7fbe33fff700                          Options.bytes_per_sync: 1048576
2018/11/01-15:27:44.801716 7fbe33fff700                      Options.wal_bytes_per_sync: 0
2018/11/01-15:27:44.801717 7fbe33fff700       Options.compaction_readahead_size: 0
2018/11/01-15:27:44.801717 7fbe33fff700 Compression algorithms supported:
2018/11/01-15:27:44.801719 7fbe33fff700 	kZSTDNotFinalCompression supported: 1
2018/11/01-15:27:44.801727 7fbe33fff700 	kZSTD supported: 1
2018/11/01-15:27:44.801729 7fbe33fff700 	kXpressCompression supported: 0
2018/11/01-15:27:44.801730 7fbe33fff700 	kLZ4HCCompression supported: 1
2018/11/01-15:27:44.801731 7fbe33fff700 	kLZ4Compression supported: 1
2018/11/01-15:27:44.801732 7fbe33fff700 	kBZip2Compression supported: 1
2018/11/01-15:27:44.801733 7fbe33fff700 	kZlibCompression supported: 1
2018/11/01-15:27:44.801734 7fbe33fff700 	kSnappyCompression supported: 1
2018/11/01-15:27:44.801738 7fbe33fff700 Fast CRC32 supported: Supported on x86
2018/11/01-15:27:44.802190 7fbe33fff700 [db/version_set.cc:3085] Recovering from manifest file: MANIFEST-059817
2018/11/01-15:27:44.802282 7fbe33fff700 [db/column_family.cc:475] --------------- Options for column family [default]:
2018/11/01-15:27:44.802286 7fbe33fff700               Options.comparator: leveldb.BytewiseComparator
2018/11/01-15:27:44.802287 7fbe33fff700           Options.merge_operator: None
2018/11/01-15:27:44.802288 7fbe33fff700        Options.compaction_filter: None
2018/11/01-15:27:44.802289 7fbe33fff700        Options.compaction_filter_factory: None
2018/11/01-15:27:44.802290 7fbe33fff700         Options.memtable_factory: SkipListFactory
2018/11/01-15:27:44.802291 7fbe33fff700            Options.table_factory: BlockBasedTable
2018/11/01-15:27:44.802316 7fbe33fff700            table_factory options:   flush_block_policy_factory: FlushBlockBySizePolicyFactory (0x7fbe2c3845c0)
  cache_index_and_filter_blocks: 0
  cache_index_and_filter_blocks_with_high_priority: 0
  pin_l0_filter_and_index_blocks_in_cache: 0
  index_type: 0
  hash_index_allow_collision: 1
  checksum: 1
  no_block_cache: 0
  block_cache: 0x7fbe2c38f960
  block_cache_name: LRUCache
  block_cache_options:
    capacity : 8388608
    num_shard_bits : 4
    strict_capacity_limit : 0
    high_pri_pool_ratio: 0.000
  block_cache_compressed: (nil)
  persistent_cache: (nil)
  block_size: 8192
  block_size_deviation: 10
  block_restart_interval: 16
  index_block_restart_interval: 1
  metadata_block_size: 4096
  partition_filters: 0
  use_delta_encoding: 1
  filter_policy: nullptr
  whole_key_filtering: 1
  verify_compression: 0
  read_amp_bytes_per_bit: 0
  format_version: 2
  enable_index_compression: 1
  block_align: 0
2018/11/01-15:27:44.802329 7fbe33fff700        Options.write_buffer_size: 134217728
2018/11/01-15:27:44.802331 7fbe33fff700  Options.max_write_buffer_number: 24
2018/11/01-15:27:44.802332 7fbe33fff700        Options.compression[0]: NoCompression
2018/11/01-15:27:44.802333 7fbe33fff700        Options.compression[1]: NoCompression
2018/11/01-15:27:44.802334 7fbe33fff700        Options.compression[2]: LZ4
2018/11/01-15:27:44.802335 7fbe33fff700        Options.compression[3]: LZ4
2018/11/01-15:27:44.802336 7fbe33fff700        Options.compression[4]: LZ4
2018/11/01-15:27:44.802337 7fbe33fff700        Options.compression[5]: LZ4
2018/11/01-15:27:44.802338 7fbe33fff700        Options.compression[6]: LZ4
2018/11/01-15:27:44.802338 7fbe33fff700                  Options.bottommost_compression: Disabled
2018/11/01-15:27:44.802339 7fbe33fff700       Options.prefix_extractor: nullptr
2018/11/01-15:27:44.802340 7fbe33fff700   Options.memtable_insert_with_hint_prefix_extractor: nullptr
2018/11/01-15:27:44.802341 7fbe33fff700             Options.num_levels: 7
2018/11/01-15:27:44.802342 7fbe33fff700        Options.min_write_buffer_number_to_merge: 2
2018/11/01-15:27:44.802343 7fbe33fff700     Options.max_write_buffer_number_to_maintain: 0
2018/11/01-15:27:44.802344 7fbe33fff700            Options.compression_opts.window_bits: -14
2018/11/01-15:27:44.802345 7fbe33fff700                  Options.compression_opts.level: -1
2018/11/01-15:27:44.802346 7fbe33fff700               Options.compression_opts.strategy: 0
2018/11/01-15:27:44.802346 7fbe33fff700         Options.compression_opts.max_dict_bytes: 0
2018/11/01-15:27:44.802347 7fbe33fff700         Options.compression_opts.zstd_max_train_bytes: 0
2018/11/01-15:27:44.802348 7fbe33fff700      Options.level0_file_num_compaction_trigger: 2
2018/11/01-15:27:44.802349 7fbe33fff700          Options.level0_slowdown_writes_trigger: 20
2018/11/01-15:27:44.802350 7fbe33fff700              Options.level0_stop_writes_trigger: 36
2018/11/01-15:27:44.802351 7fbe33fff700                   Options.target_file_size_base: 67108864
2018/11/01-15:27:44.802352 7fbe33fff700             Options.target_file_size_multiplier: 1
2018/11/01-15:27:44.802353 7fbe33fff700                Options.max_bytes_for_level_base: 536870912
2018/11/01-15:27:44.802354 7fbe33fff700 Options.level_compaction_dynamic_level_bytes: 0
2018/11/01-15:27:44.802355 7fbe33fff700          Options.max_bytes_for_level_multiplier: 10.000000
2018/11/01-15:27:44.802357 7fbe33fff700 Options.max_bytes_for_level_multiplier_addtl[0]: 1
2018/11/01-15:27:44.802358 7fbe33fff700 Options.max_bytes_for_level_multiplier_addtl[1]: 1
2018/11/01-15:27:44.802359 7fbe33fff700 Options.max_bytes_for_level_multiplier_addtl[2]: 1
2018/11/01-15:27:44.802360 7fbe33fff700 Options.max_bytes_for_level_multiplier_addtl[3]: 1
2018/11/01-15:27:44.802361 7fbe33fff700 Options.max_bytes_for_level_multiplier_addtl[4]: 1
2018/11/01-15:27:44.802362 7fbe33fff700 Options.max_bytes_for_level_multiplier_addtl[5]: 1
2018/11/01-15:27:44.802363 7fbe33fff700 Options.max_bytes_for_level_multiplier_addtl[6]: 1
2018/11/01-15:27:44.802364 7fbe33fff700       Options.max_sequential_skip_in_iterations: 8
2018/11/01-15:27:44.802364 7fbe33fff700                    Options.max_compaction_bytes: 1677721600
2018/11/01-15:27:44.802375 7fbe33fff700                        Options.arena_block_size: 16777216
2018/11/01-15:27:44.802376 7fbe33fff700   Options.soft_pending_compaction_bytes_limit: 68719476736
2018/11/01-15:27:44.802377 7fbe33fff700   Options.hard_pending_compaction_bytes_limit: 274877906944
2018/11/01-15:27:44.802378 7fbe33fff700       Options.rate_limit_delay_max_milliseconds: 100
2018/11/01-15:27:44.802379 7fbe33fff700                Options.disable_auto_compactions: 0
2018/11/01-15:27:44.802381 7fbe33fff700                        Options.compaction_style: kCompactionStyleLevel
2018/11/01-15:27:44.802383 7fbe33fff700                          Options.compaction_pri: kByCompensatedSize
2018/11/01-15:27:44.802384 7fbe33fff700 Options.compaction_options_universal.size_ratio: 1
2018/11/01-15:27:44.802385 7fbe33fff700 Options.compaction_options_universal.min_merge_width: 2
2018/11/01-15:27:44.802386 7fbe33fff700 Options.compaction_options_universal.max_merge_width: 4294967295
2018/11/01-15:27:44.802387 7fbe33fff700 Options.compaction_options_universal.max_size_amplification_percent: 200
2018/11/01-15:27:44.802388 7fbe33fff700 Options.compaction_options_universal.compression_size_percent: -1
2018/11/01-15:27:44.802390 7fbe33fff700 Options.compaction_options_universal.stop_style: kCompactionStopStyleTotalSize
2018/11/01-15:27:44.802390 7fbe33fff700 Options.compaction_options_fifo.max_table_files_size: 1073741824
2018/11/01-15:27:44.802391 7fbe33fff700 Options.compaction_options_fifo.allow_compaction: 0
2018/11/01-15:27:44.802392 7fbe33fff700 Options.compaction_options_fifo.ttl: 0
2018/11/01-15:27:44.802393 7fbe33fff700                   Options.table_properties_collectors: 
2018/11/01-15:27:44.802394 7fbe33fff700                   Options.inplace_update_support: 0
2018/11/01-15:27:44.802395 7fbe33fff700                 Options.inplace_update_num_locks: 10000
2018/11/01-15:27:44.802396 7fbe33fff700               Options.memtable_prefix_bloom_size_ratio: 0.000000
2018/11/01-15:27:44.802398 7fbe33fff700   Options.memtable_huge_page_size: 0
2018/11/01-15:27:44.802399 7fbe33fff700                           Options.bloom_locality: 0
2018/11/01-15:27:44.802400 7fbe33fff700                    Options.max_successive_merges: 0
2018/11/01-15:27:44.802401 7fbe33fff700                Options.optimize_filters_for_hits: 0
2018/11/01-15:27:44.802402 7fbe33fff700                Options.paranoid_file_checks: 0
2018/11/01-15:27:44.802403 7fbe33fff700                Options.force_consistency_checks: 0
2018/11/01-15:27:44.802403 7fbe33fff700                Options.report_bg_io_stats: 0
2018/11/01-15:27:44.802404 7fbe33fff700                               Options.ttl: 0
2018/11/01-15:27:44.802935 7fbe33fff700 [db/column_family.cc:475] --------------- Options for column family [usertable]:
2018/11/01-15:27:44.802939 7fbe33fff700               Options.comparator: leveldb.BytewiseComparator
2018/11/01-15:27:44.802940 7fbe33fff700           Options.merge_operator: None
2018/11/01-15:27:44.802941 7fbe33fff700        Options.compaction_filter: None
2018/11/01-15:27:44.802942 7fbe33fff700        Options.compaction_filter_factory: None
2018/11/01-15:27:44.802943 7fbe33fff700         Options.memtable_factory: SkipListFactory
2018/11/01-15:27:44.802943 7fbe33fff700            Options.table_factory: BlockBasedTable
2018/11/01-15:27:44.802978 7fbe33fff700            table_factory options:   flush_block_policy_factory: FlushBlockBySizePolicyFactory (0x7fbe2c3845a0)
  cache_index_and_filter_blocks: 0
  cache_index_and_filter_blocks_with_high_priority: 0
  pin_l0_filter_and_index_blocks_in_cache: 0
  index_type: 0
  hash_index_allow_collision: 1
  checksum: 1
  no_block_cache: 0
  block_cache: 0x7fbe2c390130
  block_cache_name: LRUCache
  block_cache_options:
    capacity : 8388608
    num_shard_bits : 4
    strict_capacity_limit : 0
    high_pri_pool_ratio: 0.000
  block_cache_compressed: (nil)
  persistent_cache: (nil)
  block_size: 8192
  block_size_deviation: 10
  block_restart_interval: 16
  index_block_restart_interval: 1
  metadata_block_size: 4096
  partition_filters: 0
  use_delta_encoding: 1
  filter_policy: nullptr
  whole_key_filtering: 1
  verify_compression: 0
  read_amp_bytes_per_bit: 0
  format_version: 2
  enable_index_compression: 1
  block_align: 0
2018/11/01-15:27:44.802990 7fbe33fff700        Options.write_buffer_size: 134217728
2018/11/01-15:27:44.802991 7fbe33fff700  Options.max_write_buffer_number: 24
2018/11/01-15:27:44.802992 7fbe33fff700        Options.compression[0]: NoCompression
2018/11/01-15:27:44.802993 7fbe33fff700        Options.compression[1]: NoCompression
2018/11/01-15:27:44.802994 7fbe33fff700        Options.compression[2]: LZ4
2018/11/01-15:27:44.802995 7fbe33fff700        Options.compression[3]: LZ4
2018/11/01-15:27:44.802996 7fbe33fff700        Options.compression[4]: LZ4
2018/11/01-15:27:44.802997 7fbe33fff700        Options.compression[5]: LZ4
2018/11/01-15:27:44.802998 7fbe33fff700        Options.compression[6]: LZ4
2018/11/01-15:27:44.802999 7fbe33fff700                  Options.bottommost_compression: Disabled
2018/11/01-15:27:44.803000 7fbe33fff700       Options.prefix_extractor: nullptr
2018/11/01-15:27:44.803001 7fbe33fff700   Options.memtable_insert_with_hint_prefix_extractor: nullptr
2018/11/01-15:27:44.803002 7fbe33fff700             Options.num_levels: 7
2018/11/01-15:27:44.803002 7fbe33fff700        Options.min_write_buffer_number_to_merge: 2
2018/11/01-15:27:44.803003 7fbe33fff700     Options.max_write_buffer_number_to_maintain: 0
2018/11/01-15:27:44.803004 7fbe33fff700            Options.compression_opts.window_bits: -14
2018/11/01-15:27:44.803005 7fbe33fff700                  Options.compression_opts.level: -1
2018/11/01-15:27:44.803006 7fbe33fff700               Options.compression_opts.strategy: 0
2018/11/01-15:27:44.803007 7fbe33fff700         Options.compression_opts.max_dict_bytes: 0
2018/11/01-15:27:44.803008 7fbe33fff700         Options.compression_opts.zstd_max_train_bytes: 0
2018/11/01-15:27:44.803008 7fbe33fff700      Options.level0_file_num_compaction_trigger: 2
2018/11/01-15:27:44.803009 7fbe33fff700          Options.level0_slowdown_writes_trigger: 20
2018/11/01-15:27:44.803010 7fbe33fff700              Options.level0_stop_writes_trigger: 36
2018/11/01-15:27:44.803011 7fbe33fff700                   Options.target_file_size_base: 67108864
2018/11/01-15:27:44.803012 7fbe33fff700             Options.target_file_size_multiplier: 1
2018/11/01-15:27:44.803013 7fbe33fff700                Options.max_bytes_for_level_base: 536870912
2018/11/01-15:27:44.803013 7fbe33fff700 Options.level_compaction_dynamic_level_bytes: 0
2018/11/01-15:27:44.803014 7fbe33fff700          Options.max_bytes_for_level_multiplier: 10.000000
2018/11/01-15:27:44.803017 7fbe33fff700 Options.max_bytes_for_level_multiplier_addtl[0]: 1
2018/11/01-15:27:44.803018 7fbe33fff700 Options.max_bytes_for_level_multiplier_addtl[1]: 1
2018/11/01-15:27:44.803018 7fbe33fff700 Options.max_bytes_for_level_multiplier_addtl[2]: 1
2018/11/01-15:27:44.803019 7fbe33fff700 Options.max_bytes_for_level_multiplier_addtl[3]: 1
2018/11/01-15:27:44.803020 7fbe33fff700 Options.max_bytes_for_level_multiplier_addtl[4]: 1
2018/11/01-15:27:44.803021 7fbe33fff700 Options.max_bytes_for_level_multiplier_addtl[5]: 1
2018/11/01-15:27:44.803022 7fbe33fff700 Options.max_bytes_for_level_multiplier_addtl[6]: 1
2018/11/01-15:27:44.803023 7fbe33fff700       Options.max_sequential_skip_in_iterations: 8
2018/11/01-15:27:44.803024 7fbe33fff700                    Options.max_compaction_bytes: 1677721600
2018/11/01-15:27:44.803025 7fbe33fff700                        Options.arena_block_size: 16777216
2018/11/01-15:27:44.803025 7fbe33fff700   Options.soft_pending_compaction_bytes_limit: 68719476736
2018/11/01-15:27:44.803026 7fbe33fff700   Options.hard_pending_compaction_bytes_limit: 274877906944
2018/11/01-15:27:44.803027 7fbe33fff700       Options.rate_limit_delay_max_milliseconds: 100
2018/11/01-15:27:44.803028 7fbe33fff700                Options.disable_auto_compactions: 0
2018/11/01-15:27:44.803029 7fbe33fff700                        Options.compaction_style: kCompactionStyleLevel
2018/11/01-15:27:44.803036 7fbe33fff700                          Options.compaction_pri: kByCompensatedSize
2018/11/01-15:27:44.803038 7fbe33fff700 Options.compaction_options_universal.size_ratio: 1
2018/11/01-15:27:44.803039 7fbe33fff700 Options.compaction_options_universal.min_merge_width: 2
2018/11/01-15:27:44.803040 7fbe33fff700 Options.compaction_options_universal.max_merge_width: 4294967295
2018/11/01-15:27:44.803040 7fbe33fff700 Options.compaction_options_universal.max_size_amplification_percent: 200
2018/11/01-15:27:44.803041 7fbe33fff700 Options.compaction_options_universal.compression_size_percent: -1
2018/11/01-15:27:44.803042 7fbe33fff700 Options.compaction_options_universal.stop_style: kCompactionStopStyleTotalSize
2018/11/01-15:27:44.803043 7fbe33fff700 Options.compaction_options_fifo.max_table_files_size: 1073741824
2018/11/01-15:27:44.803044 7fbe33fff700 Options.compaction_options_fifo.allow_compaction: 0
2018/11/01-15:27:44.803045 7fbe33fff700 Options.compaction_options_fifo.ttl: 0
2018/11/01-15:27:44.803046 7fbe33fff700                   Options.table_properties_collectors: 
2018/11/01-15:27:44.803047 7fbe33fff700                   Options.inplace_update_support: 0
2018/11/01-15:27:44.803048 7fbe33fff700                 Options.inplace_update_num_locks: 10000
2018/11/01-15:27:44.803049 7fbe33fff700               Options.memtable_prefix_bloom_size_ratio: 0.000000
2018/11/01-15:27:44.803050 7fbe33fff700   Options.memtable_huge_page_size: 0
2018/11/01-15:27:44.803051 7fbe33fff700                           Options.bloom_locality: 0
2018/11/01-15:27:44.803052 7fbe33fff700                    Options.max_successive_merges: 0
2018/11/01-15:27:44.803053 7fbe33fff700                Options.optimize_filters_for_hits: 0
2018/11/01-15:27:44.803053 7fbe33fff700                Options.paranoid_file_checks: 0
2018/11/01-15:27:44.803054 7fbe33fff700                Options.force_consistency_checks: 0
2018/11/01-15:27:44.803055 7fbe33fff700                Options.report_bg_io_stats: 0
2018/11/01-15:27:44.803056 7fbe33fff700                               Options.ttl: 0
2018/11/01-15:27:45.071178 7fbe33fff700 [db/version_set.cc:3361] Recovered from manifest file:/mnt/sdb1/ycsb-rocksdb-data/MANIFEST-059817 succeeded,manifest_file_number is 59817, next_file_number is 60399, last_sequence is 150759085, log_number is 0,prev_log_number is 0,max_column_family is 1,min_log_number_to_keep is 0
2018/11/01-15:27:45.071190 7fbe33fff700 [db/version_set.cc:3369] Column family [default] (ID 0), log number is 59812
2018/11/01-15:27:45.071191 7fbe33fff700 [db/version_set.cc:3369] Column family [usertable] (ID 1), log number is 60396
2018/11/01-15:27:45.072174 7fbe33fff700 EVENT_LOG_v1 {"time_micros": 1541111265072156, "job": 1, "event": "recovery_started", "log_files": [60396]}
2018/11/01-15:27:45.072181 7fbe33fff700 [db/db_impl_open.cc:551] Recovering log #60396 mode 2
2018/11/01-15:27:45.190381 7fbe33fff700 [db/version_set.cc:2847] Creating manifest 60399
2018/11/01-15:27:45.403663 7fbe33fff700 EVENT_LOG_v1 {"time_micros": 1541111265403637, "cf_name": "usertable", "job": 1, "event": "table_file_creation", "file_number": 60400, "file_size": 29575233, "table_properties": {"data_size": 29450425, "index_size": 123887, "filter_size": 0, "raw_key_size": 171384, "raw_average_key_size": 24, "raw_value_size": 29249536, "raw_average_value_size": 4096, "num_data_blocks": 3571, "num_entries": 7141, "filter_policy_name": "", "kDeletedKeys": "0", "kMergeOperands": "0"}}
2018/11/01-15:27:45.435536 7fbe33fff700 EVENT_LOG_v1 {"time_micros": 1541111265435531, "job": 1, "event": "recovery_finished"}
2018/11/01-15:27:45.486737 7fbe33fff700 [db/db_impl_open.cc:1219] DB pointer 0x7fbe2c3c2760
2018/11/01-15:27:45.487045 7fbd537fe700 [WARN] [db/db_impl.cc:491] ------- DUMPING STATS -------
2018/11/01-15:27:45.487091 7fbd537fe700 [WARN] [db/db_impl.cc:492] 
** DB Stats **
Uptime(secs): 0.7 total, 0.7 interval
Cumulative writes: 0 writes, 0 keys, 0 commit groups, 0.0 writes per commit group, ingest: 0.00 GB, 0.00 MB/s
Cumulative WAL: 0 writes, 0 syncs, 0.00 writes per sync, written: 0.00 GB, 0.00 MB/s
Cumulative stall: 00:00:0.000 H:M:S, 0.0 percent
Interval writes: 0 writes, 0 keys, 0 commit groups, 0.0 writes per commit group, ingest: 0.00 MB, 0.00 MB/s
Interval WAL: 0 writes, 0 syncs, 0.00 writes per sync, written: 0.00 MB, 0.00 MB/s
Interval stall: 00:00:0.000 H:M:S, 0.0 percent

** Compaction Stats [default] **
Level    Files   Size     Score Read(GB)  Rn(GB) Rnp1(GB) Write(GB) Wnew(GB) Moved(GB) W-Amp Rd(MB/s) Wr(MB/s) Comp(sec) Comp(cnt) Avg(sec) KeyIn KeyDrop
----------------------------------------------------------------------------------------------------------------------------------------------------------
 Sum      0/0    0.00 KB   0.0      0.0     0.0      0.0       0.0      0.0       0.0   0.0      0.0      0.0         0         0    0.000       0      0
 Int      0/0    0.00 KB   0.0      0.0     0.0      0.0       0.0      0.0       0.0   0.0      0.0      0.0         0         0    0.000       0      0
Uptime(secs): 0.7 total, 0.7 interval
Flush(GB): cumulative 0.000, interval 0.000
AddFile(GB): cumulative 0.000, interval 0.000
AddFile(Total Files): cumulative 0, interval 0
AddFile(L0 Files): cumulative 0, interval 0
AddFile(Keys): cumulative 0, interval 0
Cumulative compaction: 0.00 GB write, 0.00 MB/s write, 0.00 GB read, 0.00 MB/s read, 0.0 seconds
Interval compaction: 0.00 GB write, 0.00 MB/s write, 0.00 GB read, 0.00 MB/s read, 0.0 seconds
Stalls(count): 0 level0_slowdown, 0 level0_slowdown_with_compaction, 0 level0_numfiles, 0 level0_numfiles_with_compaction, 0 stop for pending_compaction_bytes, 0 slowdown for pending_compaction_bytes, 0 memtable_compaction, 0 memtable_slowdown, interval 0 total count

** File Read Latency Histogram By Level [default] **

** Compaction Stats [usertable] **
Level    Files   Size     Score Read(GB)  Rn(GB) Rnp1(GB) Write(GB) Wnew(GB) Moved(GB) W-Amp Rd(MB/s) Wr(MB/s) Comp(sec) Comp(cnt) Avg(sec) KeyIn KeyDrop
----------------------------------------------------------------------------------------------------------------------------------------------------------
  L0      2/0   176.06 MB   1.0      0.0     0.0      0.0       0.0      0.0       0.0   1.0      0.0    184.2         0         1    0.153       0      0
  L1     21/0    1.04 GB   2.1      0.0     0.0      0.0       0.0      0.0       0.0   0.0      0.0      0.0         0         0    0.000       0      0
  L2    104/0    6.08 GB   1.2      0.0     0.0      0.0       0.0      0.0       0.0   0.0      0.0      0.0         0         0    0.000       0      0
  L3    167/0   10.04 GB   0.2      0.0     0.0      0.0       0.0      0.0       0.0   0.0      0.0      0.0         0         0    0.000       0      0
 Sum    294/0   17.33 GB   0.0      0.0     0.0      0.0       0.0      0.0       0.0   1.0      0.0    184.2         0         1    0.153       0      0
 Int      0/0    0.00 KB   0.0      0.0     0.0      0.0       0.0      0.0       0.0   1.0      0.0    184.2         0         1    0.153       0      0
Uptime(secs): 0.7 total, 0.7 interval
Flush(GB): cumulative 0.028, interval 0.028
AddFile(GB): cumulative 0.000, interval 0.000
AddFile(Total Files): cumulative 0, interval 0
AddFile(L0 Files): cumulative 0, interval 0
AddFile(Keys): cumulative 0, interval 0
Cumulative compaction: 0.03 GB write, 41.23 MB/s write, 0.00 GB read, 0.00 MB/s read, 0.2 seconds
Interval compaction: 0.03 GB write, 41.23 MB/s write, 0.00 GB read, 0.00 MB/s read, 0.2 seconds
Stalls(count): 0 level0_slowdown, 0 level0_slowdown_with_compaction, 0 level0_numfiles, 0 level0_numfiles_with_compaction, 0 stop for pending_compaction_bytes, 0 slowdown for pending_compaction_bytes, 0 memtable_compaction, 0 memtable_slowdown, interval 0 total count

** File Read Latency Histogram By Level [usertable] **

** Compaction Stats [default] **
Level    Files   Size     Score Read(GB)  Rn(GB) Rnp1(GB) Write(GB) Wnew(GB) Moved(GB) W-Amp Rd(MB/s) Wr(MB/s) Comp(sec) Comp(cnt) Avg(sec) KeyIn KeyDrop
----------------------------------------------------------------------------------------------------------------------------------------------------------
 Sum      0/0    0.00 KB   0.0      0.0     0.0      0.0       0.0      0.0       0.0   0.0      0.0      0.0         0         0    0.000       0      0
 Int      0/0    0.00 KB   0.0      0.0     0.0      0.0       0.0      0.0       0.0   0.0      0.0      0.0         0         0    0.000       0      0
Uptime(secs): 0.7 total, 0.0 interval
Flush(GB): cumulative 0.000, interval 0.000
AddFile(GB): cumulative 0.000, interval 0.000
AddFile(Total Files): cumulative 0, interval 0
AddFile(L0 Files): cumulative 0, interval 0
AddFile(Keys): cumulative 0, interval 0
Cumulative compaction: 0.00 GB write, 0.00 MB/s write, 0.00 GB read, 0.00 MB/s read, 0.0 seconds
Interval compaction: 0.00 GB write, 0.00 MB/s write, 0.00 GB read, 0.00 MB/s read, 0.0 seconds
Stalls(count): 0 level0_slowdown, 0 level0_slowdown_with_compaction, 0 level0_numfiles, 0 level0_numfiles_with_compaction, 0 stop for pending_compaction_bytes, 0 slowdown for pending_compaction_bytes, 0 memtable_compaction, 0 memtable_slowdown, interval 0 total count

** File Read Latency Histogram By Level [default] **

** Compaction Stats [usertable] **
Level    Files   Size     Score Read(GB)  Rn(GB) Rnp1(GB) Write(GB) Wnew(GB) Moved(GB) W-Amp Rd(MB/s) Wr(MB/s) Comp(sec) Comp(cnt) Avg(sec) KeyIn KeyDrop
----------------------------------------------------------------------------------------------------------------------------------------------------------
  L0      2/0   176.06 MB   1.0      0.0     0.0      0.0       0.0      0.0       0.0   1.0      0.0    184.2         0         1    0.153       0      0
  L1     21/0    1.04 GB   2.1      0.0     0.0      0.0       0.0      0.0       0.0   0.0      0.0      0.0         0         0    0.000       0      0
  L2    104/0    6.08 GB   1.2      0.0     0.0      0.0       0.0      0.0       0.0   0.0      0.0      0.0         0         0    0.000       0      0
  L3    167/0   10.04 GB   0.2      0.0     0.0      0.0       0.0      0.0       0.0   0.0      0.0      0.0         0         0    0.000       0      0
 Sum    294/0   17.33 GB   0.0      0.0     0.0      0.0       0.0      0.0       0.0   1.0      0.0    184.2         0         1    0.153       0      0
 Int      0/0    0.00 KB   0.0      0.0     0.0      0.0       0.0      0.0       0.0   0.0      0.0      0.0         0         0    0.000       0      0
Uptime(secs): 0.7 total, 0.0 interval
Flush(GB): cumulative 0.028, interval 0.000
AddFile(GB): cumulative 0.000, interval 0.000
AddFile(Total Files): cumulative 0, interval 0
AddFile(L0 Files): cumulative 0, interval 0
AddFile(Keys): cumulative 0, interval 0
Cumulative compaction: 0.03 GB write, 41.23 MB/s write, 0.00 GB read, 0.00 MB/s read, 0.2 seconds
Interval compaction: 0.00 GB write, 0.00 MB/s write, 0.00 GB read, 0.00 MB/s read, 0.0 seconds
Stalls(count): 0 level0_slowdown, 0 level0_slowdown_with_compaction, 0 level0_numfiles, 0 level0_numfiles_with_compaction, 0 stop for pending_compaction_bytes, 0 slowdown for pending_compaction_bytes, 0 memtable_compaction, 0 memtable_slowdown, interval 0 total count

** File Read Latency Histogram By Level [usertable] **
2018/11/01-15:27:45.487243 7fbd537fe700 [db/compaction_job.cc:1531] [usertable] [JOB 3] Compacting 1@1 + 4@2 files to L2, score 2.07
2018/11/01-15:27:45.487252 7fbd537fe700 [db/compaction_job.cc:1535] [usertable] Compaction start summary: Base version 5 Base level 1, inputs: [60357(64MB)], [60305(48MB) 60110(64MB) 60111(64MB) 60112(64MB)]
2018/11/01-15:27:45.487277 7fbd537fe700 EVENT_LOG_v1 {"time_micros": 1541111265487258, "job": 3, "event": "compaction_started", "compaction_reason": "LevelMaxLevelSize", "files_L1": [60357], "files_L2": [60305, 60110, 60111, 60112], "score": 2.07192, "input_data_size": 320450709}
2018/11/01-15:27:46.321619 7fbd537fe700 [db/compaction_job.cc:1211] [usertable] [JOB 3] Generated table #60404: 16279 keys, 67260608 bytes
2018/11/01-15:27:46.321665 7fbd537fe700 EVENT_LOG_v1 {"time_micros": 1541111266321647, "cf_name": "usertable", "job": 3, "event": "table_file_creation", "file_number": 60404, "file_size": 67260608, "table_properties": {"data_size": 67119696, "index_size": 299538, "filter_size": 0, "raw_key_size": 390696, "raw_average_key_size": 24, "raw_value_size": 66678784, "raw_average_value_size": 4096, "num_data_blocks": 8140, "num_entries": 16279, "filter_policy_name": "", "kDeletedKeys": "0", "kMergeOperands": "0"}}
2018/11/01-15:27:48.115624 7fbd537fe700 [db/compaction_job.cc:1211] [usertable] [JOB 3] Generated table #60405: 16279 keys, 67263707 bytes
2018/11/01-15:27:48.115658 7fbd537fe700 EVENT_LOG_v1 {"time_micros": 1541111268115643, "cf_name": "usertable", "job": 3, "event": "table_file_creation", "file_number": 60405, "file_size": 67263707, "table_properties": {"data_size": 67119504, "index_size": 299772, "filter_size": 0, "raw_key_size": 390696, "raw_average_key_size": 24, "raw_value_size": 66678784, "raw_average_value_size": 4096, "num_data_blocks": 8140, "num_entries": 16279, "filter_policy_name": "", "kDeletedKeys": "0", "kMergeOperands": "0"}}
2018/11/01-15:27:49.050479 7fbd537fe700 [db/compaction_job.cc:1211] [usertable] [JOB 3] Generated table #60406: 16279 keys, 67262944 bytes
2018/11/01-15:27:49.050513 7fbd537fe700 EVENT_LOG_v1 {"time_micros": 1541111269050499, "cf_name": "usertable", "job": 3, "event": "table_file_creation", "file_number": 60406, "file_size": 67262944, "table_properties": {"data_size": 67119601, "index_size": 299636, "filter_size": 0, "raw_key_size": 390696, "raw_average_key_size": 24, "raw_value_size": 66678784, "raw_average_value_size": 4096, "num_data_blocks": 8140, "num_entries": 16279, "filter_policy_name": "", "kDeletedKeys": "0", "kMergeOperands": "0"}}
2018/11/01-15:27:49.951904 7fbd537fe700 [db/compaction_job.cc:1211] [usertable] [JOB 3] Generated table #60407: 16279 keys, 67254171 bytes
2018/11/01-15:27:49.951960 7fbd537fe700 EVENT_LOG_v1 {"time_micros": 1541111269951944, "cf_name": "usertable", "job": 3, "event": "table_file_creation", "file_number": 60407, "file_size": 67254171, "table_properties": {"data_size": 67120675, "index_size": 298649, "filter_size": 0, "raw_key_size": 390696, "raw_average_key_size": 24, "raw_value_size": 66678784, "raw_average_value_size": 4096, "num_data_blocks": 8140, "num_entries": 16279, "filter_policy_name": "", "kDeletedKeys": "0", "kMergeOperands": "0"}}
2018/11/01-15:27:50.160187 7fbd537fe700 [db/compaction_job.cc:1211] [usertable] [JOB 3] Generated table #60408: 2526 keys, 10437727 bytes
2018/11/01-15:27:50.160225 7fbd537fe700 EVENT_LOG_v1 {"time_micros": 1541111270160209, "cf_name": "usertable", "job": 3, "event": "table_file_creation", "file_number": 60408, "file_size": 10437727, "table_properties": {"data_size": 10414865, "index_size": 46250, "filter_size": 0, "raw_key_size": 60624, "raw_average_key_size": 24, "raw_value_size": 10346496, "raw_average_value_size": 4096, "num_data_blocks": 1263, "num_entries": 2526, "filter_policy_name": "", "kDeletedKeys": "0", "kMergeOperands": "0"}}
2018/11/01-15:27:50.160296 7fbd537fe700 [db/compaction_job.cc:1287] [usertable] [JOB 3] Compacted 1@1 + 4@2 files to L2 => 279479157 bytes
2018/11/01-15:27:50.203186 7fbd537fe700 (Original Log Time 2018/11/01-15:27:50.203054) [db/compaction_job.cc:685] [usertable] compacted to: base level 1 max bytes base 536870912 files[2 20 105 167 0 0 0] max score 1.95, MB/sec: 68.6 rd, 59.8 wr, level 2, files in(1, 4) out(5) MB in(64.3, 241.3) out(266.5), read-write-amplify(8.9) write-amplify(4.1) OK, records in: 77520, records dropped: 9878 output_compression: LZ4
2018/11/01-15:27:50.203193 7fbd537fe700 (Original Log Time 2018/11/01-15:27:50.203092) EVENT_LOG_v1 {"time_micros": 1541111270203076, "job": 3, "event": "compaction_finished", "compaction_time_micros": 4672953, "output_level": 2, "num_output_files": 5, "total_output_size": 279479157, "num_input_records": 77520, "num_output_records": 67642, "num_subcompactions": 1, "output_compression": "LZ4", "num_single_delete_mismatches": 0, "num_single_delete_fallthrough": 0, "lsm_state": [2, 20, 105, 167, 0, 0, 0]}
2018/11/01-15:27:50.203283 7fbd537fe700 [db/compaction_job.cc:1531] [usertable] [JOB 4] Compacting 1@1 + 7@2 files to L2, score 1.95
2018/11/01-15:27:50.203291 7fbd537fe700 [db/compaction_job.cc:1535] [usertable] Compaction start summary: Base version 6 Base level 1, inputs: [60377(64MB)], [60168(64MB) 60169(64MB) 60170(64MB) 60171(64MB) 60172(37MB) 59974(24MB) 59871(64MB)]
2018/11/01-15:27:50.203308 7fbd537fe700 EVENT_LOG_v1 {"time_micros": 1541111270203296, "job": 4, "event": "compaction_started", "compaction_reason": "LevelMaxLevelSize", "files_L1": [60377], "files_L2": [60168, 60169, 60170, 60171, 60172, 59974, 59871], "score": 1.94635, "input_data_size": 468647023}
2018/11/01-15:27:52.023827 7fbd537fe700 [db/compaction_job.cc:1211] [usertable] [JOB 4] Generated table #60409: 16279 keys, 67262329 bytes
2018/11/01-15:27:52.023864 7fbd537fe700 EVENT_LOG_v1 {"time_micros": 1541111272023848, "cf_name": "usertable", "job": 4, "event": "table_file_creation", "file_number": 60409, "file_size": 67262329, "table_properties": {"data_size": 67119574, "index_size": 299671, "filter_size": 0, "raw_key_size": 390696, "raw_average_key_size": 24, "raw_value_size": 66678784, "raw_average_value_size": 4096, "num_data_blocks": 8140, "num_entries": 16279, "filter_policy_name": "", "kDeletedKeys": "0", "kMergeOperands": "0"}}
2018/11/01-15:27:52.989457 7fbd537fe700 [db/compaction_job.cc:1211] [usertable] [JOB 4] Generated table #60410: 16279 keys, 67258034 bytes
2018/11/01-15:27:52.989493 7fbd537fe700 EVENT_LOG_v1 {"time_micros": 1541111272989478, "cf_name": "usertable", "job": 4, "event": "table_file_creation", "file_number": 60410, "file_size": 67258034, "table_properties": {"data_size": 67119964, "index_size": 299217, "filter_size": 0, "raw_key_size": 390696, "raw_average_key_size": 24, "raw_value_size": 66678784, "raw_average_value_size": 4096, "num_data_blocks": 8140, "num_entries": 16279, "filter_policy_name": "", "kDeletedKeys": "0", "kMergeOperands": "0"}}
2018/11/01-15:27:53.959060 7fbd537fe700 [db/compaction_job.cc:1211] [usertable] [JOB 4] Generated table #60411: 16279 keys, 67261586 bytes
2018/11/01-15:27:53.959094 7fbd537fe700 EVENT_LOG_v1 {"time_micros": 1541111273959080, "cf_name": "usertable", "job": 4, "event": "table_file_creation", "file_number": 60411, "file_size": 67261586, "table_properties": {"data_size": 67119670, "index_size": 299709, "filter_size": 0, "raw_key_size": 390696, "raw_average_key_size": 24, "raw_value_size": 66678784, "raw_average_value_size": 4096, "num_data_blocks": 8140, "num_entries": 16279, "filter_policy_name": "", "kDeletedKeys": "0", "kMergeOperands": "0"}}
2018/11/01-15:27:54.668938 7fbe32ded700 [db/db_impl_write.cc:1373] [usertable] New memtable created with log file: #60413. Immutable memtables: 0.
2018/11/01-15:27:54.997023 7fbd537fe700 [db/compaction_job.cc:1211] [usertable] [JOB 4] Generated table #60412: 16279 keys, 67262274 bytes
