2018/11/01-14:41:44.757488 7f8a75df3700 RocksDB version: 5.14.3
2018/11/01-14:41:44.757566 7f8a75df3700 Git sha rocksdb_build_git_sha:
2018/11/01-14:41:44.757569 7f8a75df3700 Compile date Oct 15 2018
2018/11/01-14:41:44.757573 7f8a75df3700 DB SUMMARY
2018/11/01-14:41:44.757780 7f8a75df3700 CURRENT file:  CURRENT
2018/11/01-14:41:44.757782 7f8a75df3700 IDENTITY file:  IDENTITY
2018/11/01-14:41:44.757799 7f8a75df3700 MANIFEST file:  MANIFEST-056114 size: 44681 Bytes
2018/11/01-14:41:44.757803 7f8a75df3700 SST files in /mnt/sdb1/ycsb-rocksdb-data dir, Total Num: 279, files: 049622.sst 053091.sst 053116.sst 053130.sst 053402.sst 053639.sst 053656.sst 053657.sst 053658.sst 
2018/11/01-14:41:44.757805 7f8a75df3700 Write Ahead Log file in /mnt/sdb1/ycsb-rocksdb-data: 056517.log size: 37935684 ; 
2018/11/01-14:41:44.757810 7f8a75df3700                         Options.error_if_exists: 0
2018/11/01-14:41:44.757811 7f8a75df3700                       Options.create_if_missing: 1
2018/11/01-14:41:44.757812 7f8a75df3700                         Options.paranoid_checks: 1
2018/11/01-14:41:44.757813 7f8a75df3700                                     Options.env: 0x7f8a24aeb3e0
2018/11/01-14:41:44.757814 7f8a75df3700                                Options.info_log: 0x7f8a203e5ac0
2018/11/01-14:41:44.757815 7f8a75df3700                Options.max_file_opening_threads: 16
2018/11/01-14:41:44.757816 7f8a75df3700                              Options.statistics: (nil)
2018/11/01-14:41:44.757817 7f8a75df3700                               Options.use_fsync: 0
2018/11/01-14:41:44.757818 7f8a75df3700                       Options.max_log_file_size: 0
2018/11/01-14:41:44.757819 7f8a75df3700                  Options.max_manifest_file_size: 18446744073709551615
2018/11/01-14:41:44.757820 7f8a75df3700                   Options.log_file_time_to_roll: 0
2018/11/01-14:41:44.757821 7f8a75df3700                       Options.keep_log_file_num: 1000
2018/11/01-14:41:44.757822 7f8a75df3700                    Options.recycle_log_file_num: 0
2018/11/01-14:41:44.757823 7f8a75df3700                         Options.allow_fallocate: 1
2018/11/01-14:41:44.757824 7f8a75df3700                        Options.allow_mmap_reads: 0
2018/11/01-14:41:44.757825 7f8a75df3700                       Options.allow_mmap_writes: 0
2018/11/01-14:41:44.757826 7f8a75df3700                        Options.use_direct_reads: 0
2018/11/01-14:41:44.757826 7f8a75df3700                        Options.use_direct_io_for_flush_and_compaction: 0
2018/11/01-14:41:44.757827 7f8a75df3700          Options.create_missing_column_families: 1
2018/11/01-14:41:44.757828 7f8a75df3700                              Options.db_log_dir: 
2018/11/01-14:41:44.757829 7f8a75df3700                                 Options.wal_dir: /mnt/sdb1/ycsb-rocksdb-data
2018/11/01-14:41:44.757830 7f8a75df3700                Options.table_cache_numshardbits: 6
2018/11/01-14:41:44.757831 7f8a75df3700                      Options.max_subcompactions: 4
2018/11/01-14:41:44.757832 7f8a75df3700                  Options.max_background_flushes: 24
2018/11/01-14:41:44.757833 7f8a75df3700                         Options.WAL_ttl_seconds: 0
2018/11/01-14:41:44.757834 7f8a75df3700                       Options.WAL_size_limit_MB: 0
2018/11/01-14:41:44.757834 7f8a75df3700             Options.manifest_preallocation_size: 4194304
2018/11/01-14:41:44.757835 7f8a75df3700                     Options.is_fd_close_on_exec: 1
2018/11/01-14:41:44.757836 7f8a75df3700                   Options.advise_random_on_open: 1
2018/11/01-14:41:44.757837 7f8a75df3700                    Options.db_write_buffer_size: 0
2018/11/01-14:41:44.757838 7f8a75df3700                    Options.write_buffer_manager: 0x7f8a203e0430
2018/11/01-14:41:44.757839 7f8a75df3700         Options.access_hint_on_compaction_start: 1
2018/11/01-14:41:44.757839 7f8a75df3700  Options.new_table_reader_for_compaction_inputs: 0
2018/11/01-14:41:44.757840 7f8a75df3700           Options.random_access_max_buffer_size: 1048576
2018/11/01-14:41:44.757841 7f8a75df3700                      Options.use_adaptive_mutex: 0
2018/11/01-14:41:44.757842 7f8a75df3700                            Options.rate_limiter: (nil)
2018/11/01-14:41:44.757854 7f8a75df3700     Options.sst_file_manager.rate_bytes_per_sec: 0
2018/11/01-14:41:44.757855 7f8a75df3700                       Options.wal_recovery_mode: 2
2018/11/01-14:41:44.757856 7f8a75df3700                  Options.enable_thread_tracking: 0
2018/11/01-14:41:44.757857 7f8a75df3700                  Options.enable_pipelined_write: 1
2018/11/01-14:41:44.757858 7f8a75df3700         Options.allow_concurrent_memtable_write: 1
2018/11/01-14:41:44.757859 7f8a75df3700      Options.enable_write_thread_adaptive_yield: 1
2018/11/01-14:41:44.757859 7f8a75df3700             Options.write_thread_max_yield_usec: 100
2018/11/01-14:41:44.757860 7f8a75df3700            Options.write_thread_slow_yield_usec: 3
2018/11/01-14:41:44.757861 7f8a75df3700                               Options.row_cache: None
2018/11/01-14:41:44.757862 7f8a75df3700                              Options.wal_filter: None
2018/11/01-14:41:44.757863 7f8a75df3700             Options.avoid_flush_during_recovery: 0
2018/11/01-14:41:44.757864 7f8a75df3700             Options.allow_ingest_behind: 0
2018/11/01-14:41:44.757865 7f8a75df3700             Options.preserve_deletes: 0
2018/11/01-14:41:44.757866 7f8a75df3700             Options.two_write_queues: 0
2018/11/01-14:41:44.757866 7f8a75df3700             Options.manual_wal_flush: 0
2018/11/01-14:41:44.757868 7f8a75df3700             Options.max_background_jobs: 24
2018/11/01-14:41:44.757869 7f8a75df3700             Options.max_background_compactions: 24
2018/11/01-14:41:44.757870 7f8a75df3700             Options.avoid_flush_during_shutdown: 0
2018/11/01-14:41:44.757871 7f8a75df3700           Options.writable_file_max_buffer_size: 1048576
2018/11/01-14:41:44.757872 7f8a75df3700             Options.delayed_write_rate : 16777216
2018/11/01-14:41:44.757873 7f8a75df3700             Options.max_total_wal_size: 0
2018/11/01-14:41:44.757874 7f8a75df3700             Options.delete_obsolete_files_period_micros: 21600000000
2018/11/01-14:41:44.757875 7f8a75df3700                   Options.stats_dump_period_sec: 60
2018/11/01-14:41:44.757876 7f8a75df3700                          Options.max_open_files: -1
2018/11/01-14:41:44.757876 7f8a75df3700                          Options.bytes_per_sync: 1048576
2018/11/01-14:41:44.757877 7f8a75df3700                      Options.wal_bytes_per_sync: 0
2018/11/01-14:41:44.757878 7f8a75df3700       Options.compaction_readahead_size: 0
2018/11/01-14:41:44.757879 7f8a75df3700 Compression algorithms supported:
2018/11/01-14:41:44.757881 7f8a75df3700 	kZSTDNotFinalCompression supported: 1
2018/11/01-14:41:44.757891 7f8a75df3700 	kZSTD supported: 1
2018/11/01-14:41:44.757892 7f8a75df3700 	kXpressCompression supported: 0
2018/11/01-14:41:44.757893 7f8a75df3700 	kLZ4HCCompression supported: 1
2018/11/01-14:41:44.757894 7f8a75df3700 	kLZ4Compression supported: 1
2018/11/01-14:41:44.757895 7f8a75df3700 	kBZip2Compression supported: 1
2018/11/01-14:41:44.757896 7f8a75df3700 	kZlibCompression supported: 1
2018/11/01-14:41:44.757897 7f8a75df3700 	kSnappyCompression supported: 1
2018/11/01-14:41:44.757900 7f8a75df3700 Fast CRC32 supported: Supported on x86
2018/11/01-14:41:44.758555 7f8a75df3700 [db/version_set.cc:3085] Recovering from manifest file: MANIFEST-056114
2018/11/01-14:41:44.758658 7f8a75df3700 [db/column_family.cc:475] --------------- Options for column family [default]:
2018/11/01-14:41:44.758672 7f8a75df3700               Options.comparator: leveldb.BytewiseComparator
2018/11/01-14:41:44.758673 7f8a75df3700           Options.merge_operator: None
2018/11/01-14:41:44.758674 7f8a75df3700        Options.compaction_filter: None
2018/11/01-14:41:44.758675 7f8a75df3700        Options.compaction_filter_factory: None
2018/11/01-14:41:44.758676 7f8a75df3700         Options.memtable_factory: SkipListFactory
2018/11/01-14:41:44.758678 7f8a75df3700            Options.table_factory: BlockBasedTable
2018/11/01-14:41:44.758705 7f8a75df3700            table_factory options:   flush_block_policy_factory: FlushBlockBySizePolicyFactory (0x7f8a20386be0)
  cache_index_and_filter_blocks: 0
  cache_index_and_filter_blocks_with_high_priority: 0
  pin_l0_filter_and_index_blocks_in_cache: 0
  index_type: 0
  hash_index_allow_collision: 1
  checksum: 1
  no_block_cache: 0
  block_cache: 0x7f8a20391e30
  block_cache_name: LRUCache
  block_cache_options:
    capacity : 8388608
    num_shard_bits : 4
    strict_capacity_limit : 0
    high_pri_pool_ratio: 0.000
  block_cache_compressed: (nil)
  persistent_cache: (nil)
  block_size: 8192
  block_size_deviation: 10
  block_restart_interval: 16
  index_block_restart_interval: 1
  metadata_block_size: 4096
  partition_filters: 0
  use_delta_encoding: 1
  filter_policy: nullptr
  whole_key_filtering: 1
  verify_compression: 0
  read_amp_bytes_per_bit: 0
  format_version: 2
  enable_index_compression: 1
  block_align: 0
2018/11/01-14:41:44.758720 7f8a75df3700        Options.write_buffer_size: 134217728
2018/11/01-14:41:44.758721 7f8a75df3700  Options.max_write_buffer_number: 24
2018/11/01-14:41:44.758723 7f8a75df3700        Options.compression[0]: NoCompression
2018/11/01-14:41:44.758724 7f8a75df3700        Options.compression[1]: NoCompression
2018/11/01-14:41:44.758725 7f8a75df3700        Options.compression[2]: LZ4
2018/11/01-14:41:44.758726 7f8a75df3700        Options.compression[3]: LZ4
2018/11/01-14:41:44.758727 7f8a75df3700        Options.compression[4]: LZ4
2018/11/01-14:41:44.758728 7f8a75df3700        Options.compression[5]: LZ4
2018/11/01-14:41:44.758728 7f8a75df3700        Options.compression[6]: LZ4
2018/11/01-14:41:44.758729 7f8a75df3700                  Options.bottommost_compression: Disabled
2018/11/01-14:41:44.758730 7f8a75df3700       Options.prefix_extractor: nullptr
2018/11/01-14:41:44.758731 7f8a75df3700   Options.memtable_insert_with_hint_prefix_extractor: nullptr
2018/11/01-14:41:44.758732 7f8a75df3700             Options.num_levels: 7
2018/11/01-14:41:44.758733 7f8a75df3700        Options.min_write_buffer_number_to_merge: 2
2018/11/01-14:41:44.758734 7f8a75df3700     Options.max_write_buffer_number_to_maintain: 0
2018/11/01-14:41:44.758735 7f8a75df3700            Options.compression_opts.window_bits: -14
2018/11/01-14:41:44.758736 7f8a75df3700                  Options.compression_opts.level: -1
2018/11/01-14:41:44.758737 7f8a75df3700               Options.compression_opts.strategy: 0
2018/11/01-14:41:44.758738 7f8a75df3700         Options.compression_opts.max_dict_bytes: 0
2018/11/01-14:41:44.758739 7f8a75df3700         Options.compression_opts.zstd_max_train_bytes: 0
2018/11/01-14:41:44.758740 7f8a75df3700      Options.level0_file_num_compaction_trigger: 2
2018/11/01-14:41:44.758740 7f8a75df3700          Options.level0_slowdown_writes_trigger: 20
2018/11/01-14:41:44.758741 7f8a75df3700              Options.level0_stop_writes_trigger: 36
2018/11/01-14:41:44.758742 7f8a75df3700                   Options.target_file_size_base: 67108864
2018/11/01-14:41:44.758743 7f8a75df3700             Options.target_file_size_multiplier: 1
2018/11/01-14:41:44.758744 7f8a75df3700                Options.max_bytes_for_level_base: 536870912
2018/11/01-14:41:44.758745 7f8a75df3700 Options.level_compaction_dynamic_level_bytes: 0
2018/11/01-14:41:44.758746 7f8a75df3700          Options.max_bytes_for_level_multiplier: 10.000000
2018/11/01-14:41:44.758749 7f8a75df3700 Options.max_bytes_for_level_multiplier_addtl[0]: 1
2018/11/01-14:41:44.758750 7f8a75df3700 Options.max_bytes_for_level_multiplier_addtl[1]: 1
2018/11/01-14:41:44.758751 7f8a75df3700 Options.max_bytes_for_level_multiplier_addtl[2]: 1
2018/11/01-14:41:44.758752 7f8a75df3700 Options.max_bytes_for_level_multiplier_addtl[3]: 1
2018/11/01-14:41:44.758753 7f8a75df3700 Options.max_bytes_for_level_multiplier_addtl[4]: 1
2018/11/01-14:41:44.758754 7f8a75df3700 Options.max_bytes_for_level_multiplier_addtl[5]: 1
2018/11/01-14:41:44.758755 7f8a75df3700 Options.max_bytes_for_level_multiplier_addtl[6]: 1
2018/11/01-14:41:44.758756 7f8a75df3700       Options.max_sequential_skip_in_iterations: 8
2018/11/01-14:41:44.758757 7f8a75df3700                    Options.max_compaction_bytes: 1677721600
2018/11/01-14:41:44.758764 7f8a75df3700                        Options.arena_block_size: 16777216
2018/11/01-14:41:44.758765 7f8a75df3700   Options.soft_pending_compaction_bytes_limit: 68719476736
2018/11/01-14:41:44.758766 7f8a75df3700   Options.hard_pending_compaction_bytes_limit: 274877906944
2018/11/01-14:41:44.758767 7f8a75df3700       Options.rate_limit_delay_max_milliseconds: 100
2018/11/01-14:41:44.758768 7f8a75df3700                Options.disable_auto_compactions: 0
2018/11/01-14:41:44.758770 7f8a75df3700                        Options.compaction_style: kCompactionStyleLevel
2018/11/01-14:41:44.758772 7f8a75df3700                          Options.compaction_pri: kByCompensatedSize
2018/11/01-14:41:44.758773 7f8a75df3700 Options.compaction_options_universal.size_ratio: 1
2018/11/01-14:41:44.758773 7f8a75df3700 Options.compaction_options_universal.min_merge_width: 2
2018/11/01-14:41:44.758774 7f8a75df3700 Options.compaction_options_universal.max_merge_width: 4294967295
2018/11/01-14:41:44.758775 7f8a75df3700 Options.compaction_options_universal.max_size_amplification_percent: 200
2018/11/01-14:41:44.758776 7f8a75df3700 Options.compaction_options_universal.compression_size_percent: -1
2018/11/01-14:41:44.758778 7f8a75df3700 Options.compaction_options_universal.stop_style: kCompactionStopStyleTotalSize
2018/11/01-14:41:44.758779 7f8a75df3700 Options.compaction_options_fifo.max_table_files_size: 1073741824
2018/11/01-14:41:44.758780 7f8a75df3700 Options.compaction_options_fifo.allow_compaction: 0
2018/11/01-14:41:44.758781 7f8a75df3700 Options.compaction_options_fifo.ttl: 0
2018/11/01-14:41:44.758782 7f8a75df3700                   Options.table_properties_collectors: 
2018/11/01-14:41:44.758783 7f8a75df3700                   Options.inplace_update_support: 0
2018/11/01-14:41:44.758784 7f8a75df3700                 Options.inplace_update_num_locks: 10000
2018/11/01-14:41:44.758784 7f8a75df3700               Options.memtable_prefix_bloom_size_ratio: 0.000000
2018/11/01-14:41:44.758786 7f8a75df3700   Options.memtable_huge_page_size: 0
2018/11/01-14:41:44.758787 7f8a75df3700                           Options.bloom_locality: 0
2018/11/01-14:41:44.758788 7f8a75df3700                    Options.max_successive_merges: 0
2018/11/01-14:41:44.758789 7f8a75df3700                Options.optimize_filters_for_hits: 0
2018/11/01-14:41:44.758789 7f8a75df3700                Options.paranoid_file_checks: 0
2018/11/01-14:41:44.758790 7f8a75df3700                Options.force_consistency_checks: 0
2018/11/01-14:41:44.758791 7f8a75df3700                Options.report_bg_io_stats: 0
2018/11/01-14:41:44.758792 7f8a75df3700                               Options.ttl: 0
2018/11/01-14:41:44.759339 7f8a75df3700 [db/column_family.cc:475] --------------- Options for column family [usertable]:
2018/11/01-14:41:44.759344 7f8a75df3700               Options.comparator: leveldb.BytewiseComparator
2018/11/01-14:41:44.759345 7f8a75df3700           Options.merge_operator: None
2018/11/01-14:41:44.759346 7f8a75df3700        Options.compaction_filter: None
2018/11/01-14:41:44.759347 7f8a75df3700        Options.compaction_filter_factory: None
2018/11/01-14:41:44.759348 7f8a75df3700         Options.memtable_factory: SkipListFactory
2018/11/01-14:41:44.759349 7f8a75df3700            Options.table_factory: BlockBasedTable
2018/11/01-14:41:44.759375 7f8a75df3700            table_factory options:   flush_block_policy_factory: FlushBlockBySizePolicyFactory (0x7f8a20386bc0)
  cache_index_and_filter_blocks: 0
  cache_index_and_filter_blocks_with_high_priority: 0
  pin_l0_filter_and_index_blocks_in_cache: 0
  index_type: 0
  hash_index_allow_collision: 1
  checksum: 1
  no_block_cache: 0
  block_cache: 0x7f8a20387720
  block_cache_name: LRUCache
  block_cache_options:
    capacity : 8388608
    num_shard_bits : 4
    strict_capacity_limit : 0
    high_pri_pool_ratio: 0.000
  block_cache_compressed: (nil)
  persistent_cache: (nil)
  block_size: 8192
  block_size_deviation: 10
  block_restart_interval: 16
  index_block_restart_interval: 1
  metadata_block_size: 4096
  partition_filters: 0
  use_delta_encoding: 1
  filter_policy: nullptr
  whole_key_filtering: 1
  verify_compression: 0
  read_amp_bytes_per_bit: 0
  format_version: 2
  enable_index_compression: 1
  block_align: 0
2018/11/01-14:41:44.759392 7f8a75df3700        Options.write_buffer_size: 134217728
2018/11/01-14:41:44.759394 7f8a75df3700  Options.max_write_buffer_number: 24
2018/11/01-14:41:44.759395 7f8a75df3700        Options.compression[0]: NoCompression
2018/11/01-14:41:44.759396 7f8a75df3700        Options.compression[1]: NoCompression
2018/11/01-14:41:44.759397 7f8a75df3700        Options.compression[2]: LZ4
2018/11/01-14:41:44.759398 7f8a75df3700        Options.compression[3]: LZ4
2018/11/01-14:41:44.759399 7f8a75df3700        Options.compression[4]: LZ4
2018/11/01-14:41:44.759400 7f8a75df3700        Options.compression[5]: LZ4
2018/11/01-14:41:44.759400 7f8a75df3700        Options.compression[6]: LZ4
2018/11/01-14:41:44.759401 7f8a75df3700                  Options.bottommost_compression: Disabled
2018/11/01-14:41:44.759402 7f8a75df3700       Options.prefix_extractor: nullptr
2018/11/01-14:41:44.759403 7f8a75df3700   Options.memtable_insert_with_hint_prefix_extractor: nullptr
2018/11/01-14:41:44.759404 7f8a75df3700             Options.num_levels: 7
2018/11/01-14:41:44.759405 7f8a75df3700        Options.min_write_buffer_number_to_merge: 2
2018/11/01-14:41:44.759406 7f8a75df3700     Options.max_write_buffer_number_to_maintain: 0
2018/11/01-14:41:44.759407 7f8a75df3700            Options.compression_opts.window_bits: -14
2018/11/01-14:41:44.759408 7f8a75df3700                  Options.compression_opts.level: -1
2018/11/01-14:41:44.759409 7f8a75df3700               Options.compression_opts.strategy: 0
2018/11/01-14:41:44.759409 7f8a75df3700         Options.compression_opts.max_dict_bytes: 0
2018/11/01-14:41:44.759410 7f8a75df3700         Options.compression_opts.zstd_max_train_bytes: 0
2018/11/01-14:41:44.759411 7f8a75df3700      Options.level0_file_num_compaction_trigger: 2
2018/11/01-14:41:44.759412 7f8a75df3700          Options.level0_slowdown_writes_trigger: 20
2018/11/01-14:41:44.759413 7f8a75df3700              Options.level0_stop_writes_trigger: 36
2018/11/01-14:41:44.759414 7f8a75df3700                   Options.target_file_size_base: 67108864
2018/11/01-14:41:44.759415 7f8a75df3700             Options.target_file_size_multiplier: 1
2018/11/01-14:41:44.759416 7f8a75df3700                Options.max_bytes_for_level_base: 536870912
2018/11/01-14:41:44.759416 7f8a75df3700 Options.level_compaction_dynamic_level_bytes: 0
2018/11/01-14:41:44.759417 7f8a75df3700          Options.max_bytes_for_level_multiplier: 10.000000
2018/11/01-14:41:44.759420 7f8a75df3700 Options.max_bytes_for_level_multiplier_addtl[0]: 1
2018/11/01-14:41:44.759421 7f8a75df3700 Options.max_bytes_for_level_multiplier_addtl[1]: 1
2018/11/01-14:41:44.759422 7f8a75df3700 Options.max_bytes_for_level_multiplier_addtl[2]: 1
2018/11/01-14:41:44.759423 7f8a75df3700 Options.max_bytes_for_level_multiplier_addtl[3]: 1
2018/11/01-14:41:44.759423 7f8a75df3700 Options.max_bytes_for_level_multiplier_addtl[4]: 1
2018/11/01-14:41:44.759424 7f8a75df3700 Options.max_bytes_for_level_multiplier_addtl[5]: 1
2018/11/01-14:41:44.759425 7f8a75df3700 Options.max_bytes_for_level_multiplier_addtl[6]: 1
2018/11/01-14:41:44.759426 7f8a75df3700       Options.max_sequential_skip_in_iterations: 8
2018/11/01-14:41:44.759427 7f8a75df3700                    Options.max_compaction_bytes: 1677721600
2018/11/01-14:41:44.759428 7f8a75df3700                        Options.arena_block_size: 16777216
2018/11/01-14:41:44.759429 7f8a75df3700   Options.soft_pending_compaction_bytes_limit: 68719476736
2018/11/01-14:41:44.759430 7f8a75df3700   Options.hard_pending_compaction_bytes_limit: 274877906944
2018/11/01-14:41:44.759431 7f8a75df3700       Options.rate_limit_delay_max_milliseconds: 100
2018/11/01-14:41:44.759432 7f8a75df3700                Options.disable_auto_compactions: 0
2018/11/01-14:41:44.759433 7f8a75df3700                        Options.compaction_style: kCompactionStyleLevel
2018/11/01-14:41:44.759440 7f8a75df3700                          Options.compaction_pri: kByCompensatedSize
2018/11/01-14:41:44.759442 7f8a75df3700 Options.compaction_options_universal.size_ratio: 1
2018/11/01-14:41:44.759442 7f8a75df3700 Options.compaction_options_universal.min_merge_width: 2
2018/11/01-14:41:44.759443 7f8a75df3700 Options.compaction_options_universal.max_merge_width: 4294967295
2018/11/01-14:41:44.759444 7f8a75df3700 Options.compaction_options_universal.max_size_amplification_percent: 200
2018/11/01-14:41:44.759445 7f8a75df3700 Options.compaction_options_universal.compression_size_percent: -1
2018/11/01-14:41:44.759446 7f8a75df3700 Options.compaction_options_universal.stop_style: kCompactionStopStyleTotalSize
2018/11/01-14:41:44.759447 7f8a75df3700 Options.compaction_options_fifo.max_table_files_size: 1073741824
2018/11/01-14:41:44.759448 7f8a75df3700 Options.compaction_options_fifo.allow_compaction: 0
2018/11/01-14:41:44.759449 7f8a75df3700 Options.compaction_options_fifo.ttl: 0
2018/11/01-14:41:44.759450 7f8a75df3700                   Options.table_properties_collectors: 
2018/11/01-14:41:44.759451 7f8a75df3700                   Options.inplace_update_support: 0
2018/11/01-14:41:44.759452 7f8a75df3700                 Options.inplace_update_num_locks: 10000
2018/11/01-14:41:44.759453 7f8a75df3700               Options.memtable_prefix_bloom_size_ratio: 0.000000
2018/11/01-14:41:44.759454 7f8a75df3700   Options.memtable_huge_page_size: 0
2018/11/01-14:41:44.759455 7f8a75df3700                           Options.bloom_locality: 0
2018/11/01-14:41:44.759456 7f8a75df3700                    Options.max_successive_merges: 0
2018/11/01-14:41:44.759457 7f8a75df3700                Options.optimize_filters_for_hits: 0
2018/11/01-14:41:44.759458 7f8a75df3700                Options.paranoid_file_checks: 0
2018/11/01-14:41:44.759458 7f8a75df3700                Options.force_consistency_checks: 0
2018/11/01-14:41:44.759459 7f8a75df3700                Options.report_bg_io_stats: 0
2018/11/01-14:41:44.759460 7f8a75df3700                               Options.ttl: 0
2018/11/01-14:41:44.993977 7f8a75df3700 [db/version_set.cc:3361] Recovered from manifest file:/mnt/sdb1/ycsb-rocksdb-data/MANIFEST-056114 succeeded,manifest_file_number is 56114, next_file_number is 56521, last_sequence is 140312438, log_number is 0,prev_log_number is 0,max_column_family is 1,min_log_number_to_keep is 0
2018/11/01-14:41:44.993988 7f8a75df3700 [db/version_set.cc:3369] Column family [default] (ID 0), log number is 56097
2018/11/01-14:41:44.993990 7f8a75df3700 [db/version_set.cc:3369] Column family [usertable] (ID 1), log number is 56517
2018/11/01-14:41:44.995038 7f8a75df3700 EVENT_LOG_v1 {"time_micros": 1541108504995020, "job": 1, "event": "recovery_started", "log_files": [56517]}
2018/11/01-14:41:44.995047 7f8a75df3700 [db/db_impl_open.cc:551] Recovering log #56517 mode 2
2018/11/01-14:41:45.109344 7f8a75df3700 [db/version_set.cc:2847] Creating manifest 56521
2018/11/01-14:41:45.317789 7f8a75df3700 EVENT_LOG_v1 {"time_micros": 1541108505317750, "cf_name": "usertable", "job": 1, "event": "table_file_creation", "file_number": 56522, "file_size": 29045118, "table_properties": {"data_size": 28922565, "index_size": 121632, "filter_size": 0, "raw_key_size": 168312, "raw_average_key_size": 24, "raw_value_size": 28725248, "raw_average_value_size": 4096, "num_data_blocks": 3507, "num_entries": 7013, "filter_policy_name": "", "kDeletedKeys": "0", "kMergeOperands": "0"}}
2018/11/01-14:41:45.358889 7f8a75df3700 EVENT_LOG_v1 {"time_micros": 1541108505358885, "job": 1, "event": "recovery_finished"}
2018/11/01-14:41:45.359100 7f8a75df3700 [db/column_family.cc:837] [usertable] Increasing compaction threads because we have 4 level-0 files 
2018/11/01-14:41:45.454142 7f8a75df3700 [db/db_impl_open.cc:1219] DB pointer 0x7f8a203e4b50
2018/11/01-14:41:45.454442 7f894b7fe700 [WARN] [db/db_impl.cc:491] ------- DUMPING STATS -------
2018/11/01-14:41:45.454489 7f894b7fe700 [WARN] [db/db_impl.cc:492] 
** DB Stats **
Uptime(secs): 0.7 total, 0.7 interval
Cumulative writes: 0 writes, 0 keys, 0 commit groups, 0.0 writes per commit group, ingest: 0.00 GB, 0.00 MB/s
Cumulative WAL: 0 writes, 0 syncs, 0.00 writes per sync, written: 0.00 GB, 0.00 MB/s
Cumulative stall: 00:00:0.000 H:M:S, 0.0 percent
Interval writes: 0 writes, 0 keys, 0 commit groups, 0.0 writes per commit group, ingest: 0.00 MB, 0.00 MB/s
Interval WAL: 0 writes, 0 syncs, 0.00 writes per sync, written: 0.00 MB, 0.00 MB/s
Interval stall: 00:00:0.000 H:M:S, 0.0 percent

** Compaction Stats [default] **
Level    Files   Size     Score Read(GB)  Rn(GB) Rnp1(GB) Write(GB) Wnew(GB) Moved(GB) W-Amp Rd(MB/s) Wr(MB/s) Comp(sec) Comp(cnt) Avg(sec) KeyIn KeyDrop
----------------------------------------------------------------------------------------------------------------------------------------------------------
 Sum      0/0    0.00 KB   0.0      0.0     0.0      0.0       0.0      0.0       0.0   0.0      0.0      0.0         0         0    0.000       0      0
 Int      0/0    0.00 KB   0.0      0.0     0.0      0.0       0.0      0.0       0.0   0.0      0.0      0.0         0         0    0.000       0      0
Uptime(secs): 0.7 total, 0.7 interval
Flush(GB): cumulative 0.000, interval 0.000
AddFile(GB): cumulative 0.000, interval 0.000
AddFile(Total Files): cumulative 0, interval 0
AddFile(L0 Files): cumulative 0, interval 0
AddFile(Keys): cumulative 0, interval 0
Cumulative compaction: 0.00 GB write, 0.00 MB/s write, 0.00 GB read, 0.00 MB/s read, 0.0 seconds
Interval compaction: 0.00 GB write, 0.00 MB/s write, 0.00 GB read, 0.00 MB/s read, 0.0 seconds
Stalls(count): 0 level0_slowdown, 0 level0_slowdown_with_compaction, 0 level0_numfiles, 0 level0_numfiles_with_compaction, 0 stop for pending_compaction_bytes, 0 slowdown for pending_compaction_bytes, 0 memtable_compaction, 0 memtable_slowdown, interval 0 total count

** File Read Latency Histogram By Level [default] **

** Compaction Stats [usertable] **
Level    Files   Size     Score Read(GB)  Rn(GB) Rnp1(GB) Write(GB) Wnew(GB) Moved(GB) W-Amp Rd(MB/s) Wr(MB/s) Comp(sec) Comp(cnt) Avg(sec) KeyIn KeyDrop
----------------------------------------------------------------------------------------------------------------------------------------------------------
  L0      4/0   863.68 MB   2.0      0.0     0.0      0.0       0.0      0.0       0.0   1.0      0.0    185.8         0         1    0.149       0      0
  L1     10/0   562.07 MB   1.1      0.0     0.0      0.0       0.0      0.0       0.0   0.0      0.0      0.0         0         0    0.000       0      0
  L2     98/0    5.64 GB   1.1      0.0     0.0      0.0       0.0      0.0       0.0   0.0      0.0      0.0         0         0    0.000       0      0
  L3    168/0   10.04 GB   0.2      0.0     0.0      0.0       0.0      0.0       0.0   0.0      0.0      0.0         0         0    0.000       0      0
 Sum    280/0   17.08 GB   0.0      0.0     0.0      0.0       0.0      0.0       0.0   1.0      0.0    185.8         0         1    0.149       0      0
 Int      0/0    0.00 KB   0.0      0.0     0.0      0.0       0.0      0.0       0.0   1.0      0.0    185.8         0         1    0.149       0      0
Uptime(secs): 0.7 total, 0.7 interval
Flush(GB): cumulative 0.027, interval 0.027
AddFile(GB): cumulative 0.000, interval 0.000
AddFile(Total Files): cumulative 0, interval 0
AddFile(L0 Files): cumulative 0, interval 0
AddFile(Keys): cumulative 0, interval 0
Cumulative compaction: 0.03 GB write, 39.85 MB/s write, 0.00 GB read, 0.00 MB/s read, 0.1 seconds
Interval compaction: 0.03 GB write, 39.85 MB/s write, 0.00 GB read, 0.00 MB/s read, 0.1 seconds
Stalls(count): 0 level0_slowdown, 0 level0_slowdown_with_compaction, 0 level0_numfiles, 0 level0_numfiles_with_compaction, 0 stop for pending_compaction_bytes, 0 slowdown for pending_compaction_bytes, 0 memtable_compaction, 0 memtable_slowdown, interval 0 total count

** File Read Latency Histogram By Level [usertable] **

** Compaction Stats [default] **
Level    Files   Size     Score Read(GB)  Rn(GB) Rnp1(GB) Write(GB) Wnew(GB) Moved(GB) W-Amp Rd(MB/s) Wr(MB/s) Comp(sec) Comp(cnt) Avg(sec) KeyIn KeyDrop
----------------------------------------------------------------------------------------------------------------------------------------------------------
 Sum      0/0    0.00 KB   0.0      0.0     0.0      0.0       0.0      0.0       0.0   0.0      0.0      0.0         0         0    0.000       0      0
 Int      0/0    0.00 KB   0.0      0.0     0.0      0.0       0.0      0.0       0.0   0.0      0.0      0.0         0         0    0.000       0      0
Uptime(secs): 0.7 total, 0.0 interval
Flush(GB): cumulative 0.000, interval 0.000
AddFile(GB): cumulative 0.000, interval 0.000
AddFile(Total Files): cumulative 0, interval 0
AddFile(L0 Files): cumulative 0, interval 0
AddFile(Keys): cumulative 0, interval 0
Cumulative compaction: 0.00 GB write, 0.00 MB/s write, 0.00 GB read, 0.00 MB/s read, 0.0 seconds
Interval compaction: 0.00 GB write, 0.00 MB/s write, 0.00 GB read, 0.00 MB/s read, 0.0 seconds
Stalls(count): 0 level0_slowdown, 0 level0_slowdown_with_compaction, 0 level0_numfiles, 0 level0_numfiles_with_compaction, 0 stop for pending_compaction_bytes, 0 slowdown for pending_compaction_bytes, 0 memtable_compaction, 0 memtable_slowdown, interval 0 total count

** File Read Latency Histogram By Level [default] **

** Compaction Stats [usertable] **
Level    Files   Size     Score Read(GB)  Rn(GB) Rnp1(GB) Write(GB) Wnew(GB) Moved(GB) W-Amp Rd(MB/s) Wr(MB/s) Comp(sec) Comp(cnt) Avg(sec) KeyIn KeyDrop
----------------------------------------------------------------------------------------------------------------------------------------------------------
  L0      4/0   863.68 MB   2.0      0.0     0.0      0.0       0.0      0.0       0.0   1.0      0.0    185.8         0         1    0.149       0      0
  L1     10/0   562.07 MB   1.1      0.0     0.0      0.0       0.0      0.0       0.0   0.0      0.0      0.0         0         0    0.000       0      0
  L2     98/0    5.64 GB   1.1      0.0     0.0      0.0       0.0      0.0       0.0   0.0      0.0      0.0         0         0    0.000       0      0
  L3    168/0   10.04 GB   0.2      0.0     0.0      0.0       0.0      0.0       0.0   0.0      0.0      0.0         0         0    0.000       0      0
 Sum    280/0   17.08 GB   0.0      0.0     0.0      0.0       0.0      0.0       0.0   1.0      0.0    185.8         0         1    0.149       0      0
 Int      0/0    0.00 KB   0.0      0.0     0.0      0.0       0.0      0.0       0.0   0.0      0.0      0.0         0         0    0.000       0      0
Uptime(secs): 0.7 total, 0.0 interval
Flush(GB): cumulative 0.027, interval 0.000
AddFile(GB): cumulative 0.000, interval 0.000
AddFile(Total Files): cumulative 0, interval 0
AddFile(L0 Files): cumulative 0, interval 0
AddFile(Keys): cumulative 0, interval 0
Cumulative compaction: 0.03 GB write, 39.85 MB/s write, 0.00 GB read, 0.00 MB/s read, 0.1 seconds
Interval compaction: 0.00 GB write, 0.00 MB/s write, 0.00 GB read, 0.00 MB/s read, 0.0 seconds
Stalls(count): 0 level0_slowdown, 0 level0_slowdown_with_compaction, 0 level0_numfiles, 0 level0_numfiles_with_compaction, 0 stop for pending_compaction_bytes, 0 slowdown for pending_compaction_bytes, 0 memtable_compaction, 0 memtable_slowdown, interval 0 total count

** File Read Latency Histogram By Level [usertable] **
2018/11/01-14:41:45.454983 7f894b7fe700 [db/compaction_job.cc:1531] [usertable] [JOB 3] Compacting 4@0 + 10@1 files to L1, score 2.00
2018/11/01-14:41:45.455003 7f894b7fe700 [db/compaction_job.cc:1535] [usertable] Compaction start summary: Base version 5 Base level 0, inputs: [56522(27MB) 56518(151MB) 56511(149MB) 56465(535MB)], [56406(64MB) 56412(64MB) 56423(29MB) 56401(64MB) 56405(64MB) 56413(64MB) 56419(18MB) 56424(64MB) 56408(64MB) 56414(64MB)]
2018/11/01-14:41:45.455030 7f894b7fe700 EVENT_LOG_v1 {"time_micros": 1541108505455010, "job": 3, "event": "compaction_started", "compaction_reason": "LevelL0FilesNum", "files_L0": [56522, 56518, 56511, 56465], "files_L1": [56406, 56412, 56423, 56401, 56405, 56413, 56419, 56424, 56408, 56414], "score": 2, "input_data_size": 1495009624}
2018/11/01-14:41:45.455058 7f89af266700 [db/compaction_job.cc:1531] [usertable] [JOB 4] Compacting 1@2 + 2@3 files to L3, score 1.13
2018/11/01-14:41:45.455068 7f89af266700 [db/compaction_job.cc:1535] [usertable] Compaction start summary: Base version 5 Base level 2, inputs: [56464(64MB)], [55310(64MB) 55277(64MB)]
2018/11/01-14:41:45.455083 7f89af266700 EVENT_LOG_v1 {"time_micros": 1541108505455076, "job": 4, "event": "compaction_started", "compaction_reason": "LevelMaxLevelSize", "files_L2": [56464], "files_L3": [55310, 55277], "score": 1.12799, "input_data_size": 201732498}
2018/11/01-14:41:45.455116 7f89aea65700 [db/compaction_job.cc:1531] [usertable] [JOB 5] Compacting 1@2 + 2@3 files to L3, score 1.12
2018/11/01-14:41:45.455131 7f89aea65700 [db/compaction_job.cc:1535] [usertable] Compaction start summary: Base version 5 Base level 2, inputs: [56493(64MB)], [53969(64MB) 55753(64MB)]
2018/11/01-14:41:45.455152 7f89aea65700 EVENT_LOG_v1 {"time_micros": 1541108505455141, "job": 5, "event": "compaction_started", "compaction_reason": "LevelMaxLevelSize", "files_L2": [56493], "files_L3": [53969, 55753], "score": 1.11546, "input_data_size": 201731472}
2018/11/01-14:41:45.455189 7f89ae264700 [db/compaction_job.cc:1531] [usertable] [JOB 6] Compacting 1@2 + 3@3 files to L3, score 1.10
2018/11/01-14:41:45.455199 7f89ae264700 [db/compaction_job.cc:1535] [usertable] Compaction start summary: Base version 5 Base level 2, inputs: [56328(64MB)], [54978(30MB) 53116(64MB) 54309(64MB)]
2018/11/01-14:41:45.455214 7f89ae264700 EVENT_LOG_v1 {"time_micros": 1541108505455206, "job": 6, "event": "compaction_started", "compaction_reason": "LevelMaxLevelSize", "files_L2": [56328], "files_L3": [54978, 53116, 54309], "score": 1.10293, "input_data_size": 234074273}
2018/11/01-14:41:45.455240 7f89ada63700 [db/compaction_job.cc:1531] [usertable] [JOB 7] Compacting 1@2 + 2@3 files to L3, score 1.09
2018/11/01-14:41:45.455251 7f89ada63700 [db/compaction_job.cc:1535] [usertable] Compaction start summary: Base version 5 Base level 2, inputs: [56449(64MB)], [53639(64MB) 53664(64MB)]
2018/11/01-14:41:45.455267 7f89ada63700 EVENT_LOG_v1 {"time_micros": 1541108505455258, "job": 7, "event": "compaction_started", "compaction_reason": "LevelMaxLevelSize", "files_L2": [56449], "files_L3": [53639, 53664], "score": 1.0904, "input_data_size": 201731103}
2018/11/01-14:41:45.455297 7f89ad262700 [db/compaction_job.cc:1531] [usertable] [JOB 8] Compacting 1@2 + 2@3 files to L3, score 1.08
2018/11/01-14:41:45.455309 7f89ad262700 [db/compaction_job.cc:1535] [usertable] Compaction start summary: Base version 5 Base level 2, inputs: [56487(64MB)], [54450(64MB) 54469(64MB)]
2018/11/01-14:41:45.455324 7f89ad262700 EVENT_LOG_v1 {"time_micros": 1541108505455315, "job": 8, "event": "compaction_started", "compaction_reason": "LevelMaxLevelSize", "files_L2": [56487], "files_L3": [54450, 54469], "score": 1.07788, "input_data_size": 201730795}
2018/11/01-14:41:45.455340 7f89aca61700 [db/compaction_job.cc:1531] [usertable] [JOB 9] Compacting 1@2 + 2@3 files to L3, score 1.07
2018/11/01-14:41:45.455348 7f89aca61700 [db/compaction_job.cc:1535] [usertable] Compaction start summary: Base version 5 Base level 2, inputs: [56389(64MB)], [54076(64MB) 54819(64MB)]
2018/11/01-14:41:45.455361 7f89aca61700 EVENT_LOG_v1 {"time_micros": 1541108505455355, "job": 9, "event": "compaction_started", "compaction_reason": "LevelMaxLevelSize", "files_L2": [56389], "files_L3": [54076, 54819], "score": 1.06535, "input_data_size": 201730768}
2018/11/01-14:41:45.455389 7f8993fff700 [db/compaction_job.cc:1531] [usertable] [JOB 10] Compacting 1@2 + 3@3 files to L3, score 1.05
2018/11/01-14:41:45.455402 7f8993fff700 [db/compaction_job.cc:1535] [usertable] Compaction start summary: Base version 5 Base level 2, inputs: [56463(64MB)], [54321(64MB) 54334(21MB) 55073(64MB)]
2018/11/01-14:41:45.455425 7f8993fff700 EVENT_LOG_v1 {"time_micros": 1541108505455412, "job": 10, "event": "compaction_started", "compaction_reason": "LevelMaxLevelSize", "files_L2": [56463], "files_L3": [54321, 54334, 55073], "score": 1.05282, "input_data_size": 223793558}
2018/11/01-14:41:45.455456 7f8992ffd700 [db/compaction_job.cc:1531] [usertable] [JOB 11] Compacting 1@2 + 2@3 files to L3, score 1.04
2018/11/01-14:41:45.455468 7f8992ffd700 [db/compaction_job.cc:1535] [usertable] Compaction start summary: Base version 5 Base level 2, inputs: [56468(64MB)], [56396(54MB) 54313(64MB)]
2018/11/01-14:41:45.455487 7f8992ffd700 EVENT_LOG_v1 {"time_micros": 1541108505455477, "job": 11, "event": "compaction_started", "compaction_reason": "LevelMaxLevelSize", "files_L2": [56468], "files_L3": [56396, 54313], "score": 1.04029, "input_data_size": 191450202}
2018/11/01-14:41:45.455503 7f89937fe700 [db/compaction_job.cc:1531] [usertable] [JOB 12] Compacting 1@2 + 4@3 files to L3, score 1.03
2018/11/01-14:41:45.455514 7f89937fe700 [db/compaction_job.cc:1535] [usertable] Compaction start summary: Base version 5 Base level 2, inputs: [56443(64MB)], [55768(64MB) 53130(11MB) 55751(64MB) 55776(64MB)]
2018/11/01-14:41:45.455532 7f89937fe700 EVENT_LOG_v1 {"time_micros": 1541108505455523, "job": 12, "event": "compaction_started", "compaction_reason": "LevelMaxLevelSize", "files_L2": [56443], "files_L3": [55768, 53130, 55751, 55776], "score": 1.02776, "input_data_size": 281036244}
2018/11/01-14:41:45.455565 7f89927fc700 [db/compaction_job.cc:1531] [usertable] [JOB 13] Compacting 1@2 + 2@3 files to L3, score 1.02
2018/11/01-14:41:45.455575 7f89927fc700 [db/compaction_job.cc:1535] [usertable] Compaction start summary: Base version 5 Base level 2, inputs: [56441(64MB)], [54609(41MB) 54082(64MB)]
2018/11/01-14:41:45.455590 7f89927fc700 EVENT_LOG_v1 {"time_micros": 1541108505455581, "job": 13, "event": "compaction_started", "compaction_reason": "LevelMaxLevelSize", "files_L2": [56441], "files_L3": [54609, 54082], "score": 1.01523, "input_data_size": 178440262}
2018/11/01-14:41:45.455674 7f8991ffb700 [db/compaction_job.cc:1531] [usertable] [JOB 14] Compacting 1@2 + 2@3 files to L3, score 1.00
2018/11/01-14:41:45.455682 7f8991ffb700 [db/compaction_job.cc:1535] [usertable] Compaction start summary: Base version 5 Base level 2, inputs: [56437(64MB)], [53962(64MB) 54571(64MB)]
2018/11/01-14:41:45.455693 7f8991ffb700 EVENT_LOG_v1 {"time_micros": 1541108505455688, "job": 14, "event": "compaction_started", "compaction_reason": "LevelMaxLevelSize", "files_L2": [56437], "files_L3": [53962, 54571], "score": 1.0027, "input_data_size": 201729437}
2018/11/01-14:41:52.439012 7f88cb7fe700 [db/compaction_job.cc:1211] [usertable] [JOB 3] Generated table #56538: 16277 keys, 67411730 bytes
