2018/11/23-21:24:21.522339 7ff3586e0700 RocksDB version: 5.14.3
2018/11/23-21:24:21.522414 7ff3586e0700 Git sha rocksdb_build_git_sha:
2018/11/23-21:24:21.522426 7ff3586e0700 Compile date Oct 15 2018
2018/11/23-21:24:21.522430 7ff3586e0700 DB SUMMARY
2018/11/23-21:24:21.522454 7ff3586e0700 SST files in /mnt/sdb/ycsb-rocksdb-data dir, Total Num: 0, files: 
2018/11/23-21:24:21.522457 7ff3586e0700 Write Ahead Log file in /mnt/sdb/ycsb-rocksdb-data: 
2018/11/23-21:24:21.522459 7ff3586e0700                         Options.error_if_exists: 0
2018/11/23-21:24:21.522460 7ff3586e0700                       Options.create_if_missing: 1
2018/11/23-21:24:21.522461 7ff3586e0700                         Options.paranoid_checks: 1
2018/11/23-21:24:21.522462 7ff3586e0700                                     Options.env: 0x7ff352dd03e0
2018/11/23-21:24:21.522463 7ff3586e0700                                Options.info_log: 0x7ff2b83c4790
2018/11/23-21:24:21.522464 7ff3586e0700                Options.max_file_opening_threads: 16
2018/11/23-21:24:21.522465 7ff3586e0700                              Options.statistics: (nil)
2018/11/23-21:24:21.522466 7ff3586e0700                               Options.use_fsync: 0
2018/11/23-21:24:21.522467 7ff3586e0700                       Options.max_log_file_size: 0
2018/11/23-21:24:21.522468 7ff3586e0700                  Options.max_manifest_file_size: 18446744073709551615
2018/11/23-21:24:21.522469 7ff3586e0700                   Options.log_file_time_to_roll: 0
2018/11/23-21:24:21.522470 7ff3586e0700                       Options.keep_log_file_num: 1000
2018/11/23-21:24:21.522471 7ff3586e0700                    Options.recycle_log_file_num: 0
2018/11/23-21:24:21.522472 7ff3586e0700                         Options.allow_fallocate: 1
2018/11/23-21:24:21.522473 7ff3586e0700                        Options.allow_mmap_reads: 0
2018/11/23-21:24:21.522474 7ff3586e0700                       Options.allow_mmap_writes: 0
2018/11/23-21:24:21.522475 7ff3586e0700                        Options.use_direct_reads: 0
2018/11/23-21:24:21.522475 7ff3586e0700                        Options.use_direct_io_for_flush_and_compaction: 0
2018/11/23-21:24:21.522477 7ff3586e0700          Options.create_missing_column_families: 1
2018/11/23-21:24:21.522477 7ff3586e0700                              Options.db_log_dir: 
2018/11/23-21:24:21.522478 7ff3586e0700                                 Options.wal_dir: /mnt/sdb/ycsb-rocksdb-data
2018/11/23-21:24:21.522479 7ff3586e0700                Options.table_cache_numshardbits: 6
2018/11/23-21:24:21.522480 7ff3586e0700                      Options.max_subcompactions: 4
2018/11/23-21:24:21.522481 7ff3586e0700                  Options.max_background_flushes: 24
2018/11/23-21:24:21.522482 7ff3586e0700                         Options.WAL_ttl_seconds: 0
2018/11/23-21:24:21.522482 7ff3586e0700                       Options.WAL_size_limit_MB: 0
2018/11/23-21:24:21.522487 7ff3586e0700             Options.manifest_preallocation_size: 4194304
2018/11/23-21:24:21.522488 7ff3586e0700                     Options.is_fd_close_on_exec: 1
2018/11/23-21:24:21.522488 7ff3586e0700                   Options.advise_random_on_open: 1
2018/11/23-21:24:21.522489 7ff3586e0700                    Options.db_write_buffer_size: 0
2018/11/23-21:24:21.522490 7ff3586e0700                    Options.write_buffer_manager: 0x7ff2b83c06e0
2018/11/23-21:24:21.522491 7ff3586e0700         Options.access_hint_on_compaction_start: 1
2018/11/23-21:24:21.522492 7ff3586e0700  Options.new_table_reader_for_compaction_inputs: 0
2018/11/23-21:24:21.522492 7ff3586e0700           Options.random_access_max_buffer_size: 1048576
2018/11/23-21:24:21.522493 7ff3586e0700                      Options.use_adaptive_mutex: 0
2018/11/23-21:24:21.522494 7ff3586e0700                            Options.rate_limiter: (nil)
2018/11/23-21:24:21.522496 7ff3586e0700     Options.sst_file_manager.rate_bytes_per_sec: 0
2018/11/23-21:24:21.522497 7ff3586e0700                       Options.wal_recovery_mode: 2
2018/11/23-21:24:21.522498 7ff3586e0700                  Options.enable_thread_tracking: 0
2018/11/23-21:24:21.522499 7ff3586e0700                  Options.enable_pipelined_write: 1
2018/11/23-21:24:21.522508 7ff3586e0700         Options.allow_concurrent_memtable_write: 1
2018/11/23-21:24:21.522509 7ff3586e0700      Options.enable_write_thread_adaptive_yield: 1
2018/11/23-21:24:21.522510 7ff3586e0700             Options.write_thread_max_yield_usec: 100
2018/11/23-21:24:21.522511 7ff3586e0700            Options.write_thread_slow_yield_usec: 3
2018/11/23-21:24:21.522512 7ff3586e0700                               Options.row_cache: None
2018/11/23-21:24:21.522512 7ff3586e0700                              Options.wal_filter: None
2018/11/23-21:24:21.522513 7ff3586e0700             Options.avoid_flush_during_recovery: 0
2018/11/23-21:24:21.522514 7ff3586e0700             Options.allow_ingest_behind: 0
2018/11/23-21:24:21.522515 7ff3586e0700             Options.preserve_deletes: 0
2018/11/23-21:24:21.522516 7ff3586e0700             Options.two_write_queues: 0
2018/11/23-21:24:21.522517 7ff3586e0700             Options.manual_wal_flush: 0
2018/11/23-21:24:21.522519 7ff3586e0700             Options.max_background_jobs: 24
2018/11/23-21:24:21.522520 7ff3586e0700             Options.max_background_compactions: 24
2018/11/23-21:24:21.522521 7ff3586e0700             Options.avoid_flush_during_shutdown: 0
2018/11/23-21:24:21.522522 7ff3586e0700           Options.writable_file_max_buffer_size: 1048576
2018/11/23-21:24:21.522522 7ff3586e0700             Options.delayed_write_rate : 16777216
2018/11/23-21:24:21.522523 7ff3586e0700             Options.max_total_wal_size: 0
2018/11/23-21:24:21.522524 7ff3586e0700             Options.delete_obsolete_files_period_micros: 21600000000
2018/11/23-21:24:21.522525 7ff3586e0700                   Options.stats_dump_period_sec: 60
2018/11/23-21:24:21.522526 7ff3586e0700                          Options.max_open_files: -1
2018/11/23-21:24:21.522527 7ff3586e0700                          Options.bytes_per_sync: 1048576
2018/11/23-21:24:21.522528 7ff3586e0700                      Options.wal_bytes_per_sync: 0
2018/11/23-21:24:21.522529 7ff3586e0700       Options.compaction_readahead_size: 0
2018/11/23-21:24:21.522529 7ff3586e0700 Compression algorithms supported:
2018/11/23-21:24:21.522531 7ff3586e0700 	kZSTDNotFinalCompression supported: 1
2018/11/23-21:24:21.522539 7ff3586e0700 	kZSTD supported: 1
2018/11/23-21:24:21.522540 7ff3586e0700 	kXpressCompression supported: 0
2018/11/23-21:24:21.522541 7ff3586e0700 	kLZ4HCCompression supported: 1
2018/11/23-21:24:21.522542 7ff3586e0700 	kLZ4Compression supported: 1
2018/11/23-21:24:21.522543 7ff3586e0700 	kBZip2Compression supported: 1
2018/11/23-21:24:21.522544 7ff3586e0700 	kZlibCompression supported: 1
2018/11/23-21:24:21.522545 7ff3586e0700 	kSnappyCompression supported: 1
2018/11/23-21:24:21.522549 7ff3586e0700 Fast CRC32 supported: Supported on x86
2018/11/23-21:24:21.522638 7ff3586e0700 [db/db_impl_open.cc:222] Creating manifest 1 
2018/11/23-21:24:21.622135 7ff3586e0700 [db/version_set.cc:3085] Recovering from manifest file: MANIFEST-000001
2018/11/23-21:24:21.622226 7ff3586e0700 [db/column_family.cc:475] --------------- Options for column family [default]:
2018/11/23-21:24:21.622229 7ff3586e0700               Options.comparator: leveldb.BytewiseComparator
2018/11/23-21:24:21.622230 7ff3586e0700           Options.merge_operator: None
2018/11/23-21:24:21.622231 7ff3586e0700        Options.compaction_filter: None
2018/11/23-21:24:21.622232 7ff3586e0700        Options.compaction_filter_factory: None
2018/11/23-21:24:21.622233 7ff3586e0700         Options.memtable_factory: SkipListFactory
2018/11/23-21:24:21.622234 7ff3586e0700            Options.table_factory: BlockBasedTable
2018/11/23-21:24:21.622272 7ff3586e0700            table_factory options:   flush_block_policy_factory: FlushBlockBySizePolicyFactory (0x7ff2b8386f40)
  cache_index_and_filter_blocks: 0
  cache_index_and_filter_blocks_with_high_priority: 0
  pin_l0_filter_and_index_blocks_in_cache: 0
  index_type: 0
  hash_index_allow_collision: 1
  checksum: 1
  no_block_cache: 0
  block_cache: 0x7ff2b8392070
  block_cache_name: LRUCache
  block_cache_options:
    capacity : 8388608
    num_shard_bits : 4
    strict_capacity_limit : 0
    high_pri_pool_ratio: 0.000
  block_cache_compressed: (nil)
  persistent_cache: (nil)
  block_size: 8192
  block_size_deviation: 10
  block_restart_interval: 16
  index_block_restart_interval: 1
  metadata_block_size: 4096
  partition_filters: 0
  use_delta_encoding: 1
  filter_policy: nullptr
  whole_key_filtering: 1
  verify_compression: 0
  read_amp_bytes_per_bit: 0
  format_version: 2
  enable_index_compression: 1
  block_align: 0
2018/11/23-21:24:21.622286 7ff3586e0700        Options.write_buffer_size: 134217728
2018/11/23-21:24:21.622288 7ff3586e0700  Options.max_write_buffer_number: 24
2018/11/23-21:24:21.622289 7ff3586e0700        Options.compression[0]: NoCompression
2018/11/23-21:24:21.622290 7ff3586e0700        Options.compression[1]: NoCompression
2018/11/23-21:24:21.622292 7ff3586e0700        Options.compression[2]: LZ4
2018/11/23-21:24:21.622292 7ff3586e0700        Options.compression[3]: LZ4
2018/11/23-21:24:21.622293 7ff3586e0700        Options.compression[4]: LZ4
2018/11/23-21:24:21.622294 7ff3586e0700        Options.compression[5]: LZ4
2018/11/23-21:24:21.622295 7ff3586e0700        Options.compression[6]: LZ4
2018/11/23-21:24:21.622296 7ff3586e0700                  Options.bottommost_compression: Disabled
2018/11/23-21:24:21.622297 7ff3586e0700       Options.prefix_extractor: nullptr
2018/11/23-21:24:21.622298 7ff3586e0700   Options.memtable_insert_with_hint_prefix_extractor: nullptr
2018/11/23-21:24:21.622299 7ff3586e0700             Options.num_levels: 7
2018/11/23-21:24:21.622300 7ff3586e0700        Options.min_write_buffer_number_to_merge: 2
2018/11/23-21:24:21.622300 7ff3586e0700     Options.max_write_buffer_number_to_maintain: 0
2018/11/23-21:24:21.622301 7ff3586e0700            Options.compression_opts.window_bits: -14
2018/11/23-21:24:21.622302 7ff3586e0700                  Options.compression_opts.level: -1
2018/11/23-21:24:21.622303 7ff3586e0700               Options.compression_opts.strategy: 0
2018/11/23-21:24:21.622304 7ff3586e0700         Options.compression_opts.max_dict_bytes: 0
2018/11/23-21:24:21.622305 7ff3586e0700         Options.compression_opts.zstd_max_train_bytes: 0
2018/11/23-21:24:21.622306 7ff3586e0700      Options.level0_file_num_compaction_trigger: 2
2018/11/23-21:24:21.622307 7ff3586e0700          Options.level0_slowdown_writes_trigger: 20
2018/11/23-21:24:21.622307 7ff3586e0700              Options.level0_stop_writes_trigger: 36
2018/11/23-21:24:21.622308 7ff3586e0700                   Options.target_file_size_base: 67108864
2018/11/23-21:24:21.622309 7ff3586e0700             Options.target_file_size_multiplier: 1
2018/11/23-21:24:21.622310 7ff3586e0700                Options.max_bytes_for_level_base: 536870912
2018/11/23-21:24:21.622311 7ff3586e0700 Options.level_compaction_dynamic_level_bytes: 0
2018/11/23-21:24:21.622312 7ff3586e0700          Options.max_bytes_for_level_multiplier: 10.000000
2018/11/23-21:24:21.622316 7ff3586e0700 Options.max_bytes_for_level_multiplier_addtl[0]: 1
2018/11/23-21:24:21.622317 7ff3586e0700 Options.max_bytes_for_level_multiplier_addtl[1]: 1
2018/11/23-21:24:21.622318 7ff3586e0700 Options.max_bytes_for_level_multiplier_addtl[2]: 1
2018/11/23-21:24:21.622318 7ff3586e0700 Options.max_bytes_for_level_multiplier_addtl[3]: 1
2018/11/23-21:24:21.622319 7ff3586e0700 Options.max_bytes_for_level_multiplier_addtl[4]: 1
2018/11/23-21:24:21.622320 7ff3586e0700 Options.max_bytes_for_level_multiplier_addtl[5]: 1
2018/11/23-21:24:21.622321 7ff3586e0700 Options.max_bytes_for_level_multiplier_addtl[6]: 1
2018/11/23-21:24:21.622322 7ff3586e0700       Options.max_sequential_skip_in_iterations: 8
2018/11/23-21:24:21.622322 7ff3586e0700                    Options.max_compaction_bytes: 1677721600
2018/11/23-21:24:21.622323 7ff3586e0700                        Options.arena_block_size: 16777216
2018/11/23-21:24:21.622324 7ff3586e0700   Options.soft_pending_compaction_bytes_limit: 68719476736
2018/11/23-21:24:21.622325 7ff3586e0700   Options.hard_pending_compaction_bytes_limit: 274877906944
2018/11/23-21:24:21.622332 7ff3586e0700       Options.rate_limit_delay_max_milliseconds: 100
2018/11/23-21:24:21.622333 7ff3586e0700                Options.disable_auto_compactions: 0
2018/11/23-21:24:21.622335 7ff3586e0700                        Options.compaction_style: kCompactionStyleLevel
2018/11/23-21:24:21.622337 7ff3586e0700                          Options.compaction_pri: kByCompensatedSize
2018/11/23-21:24:21.622338 7ff3586e0700 Options.compaction_options_universal.size_ratio: 1
2018/11/23-21:24:21.622339 7ff3586e0700 Options.compaction_options_universal.min_merge_width: 2
2018/11/23-21:24:21.622340 7ff3586e0700 Options.compaction_options_universal.max_merge_width: 4294967295
2018/11/23-21:24:21.622341 7ff3586e0700 Options.compaction_options_universal.max_size_amplification_percent: 200
2018/11/23-21:24:21.622342 7ff3586e0700 Options.compaction_options_universal.compression_size_percent: -1
2018/11/23-21:24:21.622343 7ff3586e0700 Options.compaction_options_universal.stop_style: kCompactionStopStyleTotalSize
2018/11/23-21:24:21.622344 7ff3586e0700 Options.compaction_options_fifo.max_table_files_size: 1073741824
2018/11/23-21:24:21.622345 7ff3586e0700 Options.compaction_options_fifo.allow_compaction: 0
2018/11/23-21:24:21.622346 7ff3586e0700 Options.compaction_options_fifo.ttl: 0
2018/11/23-21:24:21.622347 7ff3586e0700                   Options.table_properties_collectors: 
2018/11/23-21:24:21.622348 7ff3586e0700                   Options.inplace_update_support: 0
2018/11/23-21:24:21.622348 7ff3586e0700                 Options.inplace_update_num_locks: 10000
2018/11/23-21:24:21.622350 7ff3586e0700               Options.memtable_prefix_bloom_size_ratio: 0.000000
2018/11/23-21:24:21.622351 7ff3586e0700   Options.memtable_huge_page_size: 0
2018/11/23-21:24:21.622352 7ff3586e0700                           Options.bloom_locality: 0
2018/11/23-21:24:21.622353 7ff3586e0700                    Options.max_successive_merges: 0
2018/11/23-21:24:21.622354 7ff3586e0700                Options.optimize_filters_for_hits: 0
2018/11/23-21:24:21.622354 7ff3586e0700                Options.paranoid_file_checks: 0
2018/11/23-21:24:21.622355 7ff3586e0700                Options.force_consistency_checks: 0
2018/11/23-21:24:21.622356 7ff3586e0700                Options.report_bg_io_stats: 0
2018/11/23-21:24:21.622357 7ff3586e0700                               Options.ttl: 0
2018/11/23-21:24:21.623238 7ff3586e0700 [db/version_set.cc:3361] Recovered from manifest file:/mnt/sdb/ycsb-rocksdb-data/MANIFEST-000001 succeeded,manifest_file_number is 1, next_file_number is 3, last_sequence is 0, log_number is 0,prev_log_number is 0,max_column_family is 0,min_log_number_to_keep is 0
2018/11/23-21:24:21.623246 7ff3586e0700 [db/version_set.cc:3369] Column family [default] (ID 0), log number is 0
2018/11/23-21:24:21.623482 7ff3586e0700 [db/version_set.cc:2847] Creating manifest 4
2018/11/23-21:24:21.694906 7ff3586e0700 [db/column_family.cc:475] --------------- Options for column family [usertable]:
2018/11/23-21:24:21.694910 7ff3586e0700               Options.comparator: leveldb.BytewiseComparator
2018/11/23-21:24:21.694911 7ff3586e0700           Options.merge_operator: None
2018/11/23-21:24:21.694912 7ff3586e0700        Options.compaction_filter: None
2018/11/23-21:24:21.694913 7ff3586e0700        Options.compaction_filter_factory: None
2018/11/23-21:24:21.694914 7ff3586e0700         Options.memtable_factory: SkipListFactory
2018/11/23-21:24:21.694915 7ff3586e0700            Options.table_factory: BlockBasedTable
2018/11/23-21:24:21.694943 7ff3586e0700            table_factory options:   flush_block_policy_factory: FlushBlockBySizePolicyFactory (0x7ff2b8386f20)
  cache_index_and_filter_blocks: 0
  cache_index_and_filter_blocks_with_high_priority: 0
  pin_l0_filter_and_index_blocks_in_cache: 0
  index_type: 0
  hash_index_allow_collision: 1
  checksum: 1
  no_block_cache: 0
  block_cache: 0x7ff2b8387a80
  block_cache_name: LRUCache
  block_cache_options:
    capacity : 8388608
    num_shard_bits : 4
    strict_capacity_limit : 0
    high_pri_pool_ratio: 0.000
  block_cache_compressed: (nil)
  persistent_cache: (nil)
  block_size: 8192
  block_size_deviation: 10
  block_restart_interval: 16
  index_block_restart_interval: 1
  metadata_block_size: 4096
  partition_filters: 0
  use_delta_encoding: 1
  filter_policy: nullptr
  whole_key_filtering: 1
  verify_compression: 0
  read_amp_bytes_per_bit: 0
  format_version: 2
  enable_index_compression: 1
  block_align: 0
2018/11/23-21:24:21.694946 7ff3586e0700        Options.write_buffer_size: 134217728
2018/11/23-21:24:21.694946 7ff3586e0700  Options.max_write_buffer_number: 24
2018/11/23-21:24:21.694948 7ff3586e0700        Options.compression[0]: NoCompression
2018/11/23-21:24:21.694949 7ff3586e0700        Options.compression[1]: NoCompression
2018/11/23-21:24:21.694950 7ff3586e0700        Options.compression[2]: LZ4
2018/11/23-21:24:21.694951 7ff3586e0700        Options.compression[3]: LZ4
2018/11/23-21:24:21.694952 7ff3586e0700        Options.compression[4]: LZ4
2018/11/23-21:24:21.694952 7ff3586e0700        Options.compression[5]: LZ4
2018/11/23-21:24:21.694953 7ff3586e0700        Options.compression[6]: LZ4
2018/11/23-21:24:21.694954 7ff3586e0700                  Options.bottommost_compression: Disabled
2018/11/23-21:24:21.694955 7ff3586e0700       Options.prefix_extractor: nullptr
2018/11/23-21:24:21.694956 7ff3586e0700   Options.memtable_insert_with_hint_prefix_extractor: nullptr
2018/11/23-21:24:21.694957 7ff3586e0700             Options.num_levels: 7
2018/11/23-21:24:21.694958 7ff3586e0700        Options.min_write_buffer_number_to_merge: 2
2018/11/23-21:24:21.694959 7ff3586e0700     Options.max_write_buffer_number_to_maintain: 0
2018/11/23-21:24:21.694960 7ff3586e0700            Options.compression_opts.window_bits: -14
2018/11/23-21:24:21.694961 7ff3586e0700                  Options.compression_opts.level: -1
2018/11/23-21:24:21.694961 7ff3586e0700               Options.compression_opts.strategy: 0
2018/11/23-21:24:21.694962 7ff3586e0700         Options.compression_opts.max_dict_bytes: 0
2018/11/23-21:24:21.694963 7ff3586e0700         Options.compression_opts.zstd_max_train_bytes: 0
2018/11/23-21:24:21.694964 7ff3586e0700      Options.level0_file_num_compaction_trigger: 2
2018/11/23-21:24:21.694965 7ff3586e0700          Options.level0_slowdown_writes_trigger: 20
2018/11/23-21:24:21.694966 7ff3586e0700              Options.level0_stop_writes_trigger: 36
2018/11/23-21:24:21.694967 7ff3586e0700                   Options.target_file_size_base: 67108864
2018/11/23-21:24:21.694968 7ff3586e0700             Options.target_file_size_multiplier: 1
2018/11/23-21:24:21.694968 7ff3586e0700                Options.max_bytes_for_level_base: 536870912
2018/11/23-21:24:21.694969 7ff3586e0700 Options.level_compaction_dynamic_level_bytes: 0
2018/11/23-21:24:21.694970 7ff3586e0700          Options.max_bytes_for_level_multiplier: 10.000000
2018/11/23-21:24:21.694973 7ff3586e0700 Options.max_bytes_for_level_multiplier_addtl[0]: 1
2018/11/23-21:24:21.694985 7ff3586e0700 Options.max_bytes_for_level_multiplier_addtl[1]: 1
2018/11/23-21:24:21.694986 7ff3586e0700 Options.max_bytes_for_level_multiplier_addtl[2]: 1
2018/11/23-21:24:21.694987 7ff3586e0700 Options.max_bytes_for_level_multiplier_addtl[3]: 1
2018/11/23-21:24:21.694988 7ff3586e0700 Options.max_bytes_for_level_multiplier_addtl[4]: 1
2018/11/23-21:24:21.694988 7ff3586e0700 Options.max_bytes_for_level_multiplier_addtl[5]: 1
2018/11/23-21:24:21.694989 7ff3586e0700 Options.max_bytes_for_level_multiplier_addtl[6]: 1
2018/11/23-21:24:21.694990 7ff3586e0700       Options.max_sequential_skip_in_iterations: 8
2018/11/23-21:24:21.694991 7ff3586e0700                    Options.max_compaction_bytes: 1677721600
2018/11/23-21:24:21.694992 7ff3586e0700                        Options.arena_block_size: 16777216
2018/11/23-21:24:21.694993 7ff3586e0700   Options.soft_pending_compaction_bytes_limit: 68719476736
2018/11/23-21:24:21.694994 7ff3586e0700   Options.hard_pending_compaction_bytes_limit: 274877906944
2018/11/23-21:24:21.694995 7ff3586e0700       Options.rate_limit_delay_max_milliseconds: 100
2018/11/23-21:24:21.694995 7ff3586e0700                Options.disable_auto_compactions: 0
2018/11/23-21:24:21.694997 7ff3586e0700                        Options.compaction_style: kCompactionStyleLevel
2018/11/23-21:24:21.694999 7ff3586e0700                          Options.compaction_pri: kByCompensatedSize
2018/11/23-21:24:21.695000 7ff3586e0700 Options.compaction_options_universal.size_ratio: 1
2018/11/23-21:24:21.695001 7ff3586e0700 Options.compaction_options_universal.min_merge_width: 2
2018/11/23-21:24:21.695001 7ff3586e0700 Options.compaction_options_universal.max_merge_width: 4294967295
2018/11/23-21:24:21.695002 7ff3586e0700 Options.compaction_options_universal.max_size_amplification_percent: 200
2018/11/23-21:24:21.695003 7ff3586e0700 Options.compaction_options_universal.compression_size_percent: -1
2018/11/23-21:24:21.695005 7ff3586e0700 Options.compaction_options_universal.stop_style: kCompactionStopStyleTotalSize
2018/11/23-21:24:21.695006 7ff3586e0700 Options.compaction_options_fifo.max_table_files_size: 1073741824
2018/11/23-21:24:21.695007 7ff3586e0700 Options.compaction_options_fifo.allow_compaction: 0
2018/11/23-21:24:21.695007 7ff3586e0700 Options.compaction_options_fifo.ttl: 0
2018/11/23-21:24:21.695008 7ff3586e0700                   Options.table_properties_collectors: 
2018/11/23-21:24:21.695009 7ff3586e0700                   Options.inplace_update_support: 0
2018/11/23-21:24:21.695010 7ff3586e0700                 Options.inplace_update_num_locks: 10000
2018/11/23-21:24:21.695011 7ff3586e0700               Options.memtable_prefix_bloom_size_ratio: 0.000000
2018/11/23-21:24:21.695012 7ff3586e0700   Options.memtable_huge_page_size: 0
2018/11/23-21:24:21.695013 7ff3586e0700                           Options.bloom_locality: 0
2018/11/23-21:24:21.695014 7ff3586e0700                    Options.max_successive_merges: 0
2018/11/23-21:24:21.695015 7ff3586e0700                Options.optimize_filters_for_hits: 0
2018/11/23-21:24:21.695016 7ff3586e0700                Options.paranoid_file_checks: 0
2018/11/23-21:24:21.695017 7ff3586e0700                Options.force_consistency_checks: 0
2018/11/23-21:24:21.695017 7ff3586e0700                Options.report_bg_io_stats: 0
2018/11/23-21:24:21.695018 7ff3586e0700                               Options.ttl: 0
2018/11/23-21:24:21.695063 7ff3586e0700 [db/db_impl.cc:1396] Created column family [usertable] (ID 1)
2018/11/23-21:24:21.770096 7ff3586e0700 [db/db_impl_open.cc:1219] DB pointer 0x7ff2b83c4e00
2018/11/23-21:24:29.419377 7ff3535f5700 [db/db_impl_write.cc:1373] [usertable] New memtable created with log file: #9. Immutable memtables: 0.
2018/11/23-21:24:37.012332 7ff3531e2700 [db/db_impl_write.cc:1373] [usertable] New memtable created with log file: #10. Immutable memtables: 1.
2018/11/23-21:24:37.012556 7ff1bf7fe700 [db/db_impl_compaction_flush.cc:80] [JOB 2] Syncing log #3
2018/11/23-21:24:37.221634 7ff1bf7fe700 [db/db_impl_compaction_flush.cc:80] [JOB 2] Syncing log #9
2018/11/23-21:24:38.372491 7ff1bf7fe700 (Original Log Time 2018/11/23-21:24:37.012476) [db/db_impl_compaction_flush.cc:1424] Calling FlushMemTableToOutputFile with column family [usertable], flush slots available 24, compaction slots available 1, flush slots scheduled 1, compaction slots scheduled 0
2018/11/23-21:24:38.372503 7ff1bf7fe700 [db/flush_job.cc:301] [usertable] [JOB 2] Flushing memtable with next log file: 9
2018/11/23-21:24:38.372515 7ff1bf7fe700 [db/flush_job.cc:301] [usertable] [JOB 2] Flushing memtable with next log file: 10
2018/11/23-21:24:38.372568 7ff1bf7fe700 EVENT_LOG_v1 {"time_micros": 1543037078372545, "job": 2, "event": "flush_started", "num_memtables": 2, "num_entries": 60961, "num_deletes": 0, "memory_usage": 252713624, "flush_reason": "Write Buffer Full"}
2018/11/23-21:24:38.372580 7ff1bf7fe700 [db/flush_job.cc:331] [usertable] [JOB 2] Level-0 flush table #11: started
2018/11/23-21:24:40.722893 7ff1bf7fe700 EVENT_LOG_v1 {"time_micros": 1543037080722866, "cf_name": "usertable", "job": 2, "event": "table_file_creation", "file_number": 11, "file_size": 252463906, "table_properties": {"data_size": 251342217, "index_size": 1120762, "filter_size": 0, "raw_key_size": 1463064, "raw_average_key_size": 24, "raw_value_size": 249696256, "raw_average_value_size": 4096, "num_data_blocks": 30481, "num_entries": 60961, "filter_policy_name": "", "kDeletedKeys": "0", "kMergeOperands": "0"}}
2018/11/23-21:24:40.722923 7ff1bf7fe700 [db/flush_job.cc:371] [usertable] [JOB 2] Level-0 flush table #11: 252463906 bytes OK
2018/11/23-21:24:40.793988 7ff1bf7fe700 (Original Log Time 2018/11/23-21:24:40.722943) [db/memtable_list.cc:377] [usertable] Level-0 commit table #11 started
2018/11/23-21:24:40.793991 7ff1bf7fe700 (Original Log Time 2018/11/23-21:24:40.793896) [db/memtable_list.cc:409] [usertable] Level-0 commit table #11: memtable #1 done
2018/11/23-21:24:40.793993 7ff1bf7fe700 (Original Log Time 2018/11/23-21:24:40.793905) [db/memtable_list.cc:409] [usertable] Level-0 commit table #11: memtable #2 done
2018/11/23-21:24:40.793994 7ff1bf7fe700 (Original Log Time 2018/11/23-21:24:40.793927) EVENT_LOG_v1 {"time_micros": 1543037080793916, "job": 2, "event": "flush_finished", "output_compression": "NoCompression", "lsm_state": [1, 0, 0, 0, 0, 0, 0], "immutable_memtables": 0}
2018/11/23-21:24:40.793996 7ff1bf7fe700 (Original Log Time 2018/11/23-21:24:40.793958) [db/db_impl_compaction_flush.cc:177] [usertable] Level summary: base level 1 max bytes base 536870912 files[1 0 0 0 0 0 0] max score 0.50
2018/11/23-21:24:40.794008 7ff1bf7fe700 [db/db_impl_files.cc:347] [JOB 2] Try to delete WAL files size 251686825, prev total WAL file size 314131098, number of live WAL files 3.
2018/11/23-21:24:44.604023 7ff3539f9700 [db/db_impl_write.cc:1373] [usertable] New memtable created with log file: #12. Immutable memtables: 0.
2018/11/23-21:24:52.196124 7ff3536f6700 [db/db_impl_write.cc:1373] [usertable] New memtable created with log file: #13. Immutable memtables: 1.
2018/11/23-21:24:52.196224 7ff224ff9700 [db/db_impl_compaction_flush.cc:80] [JOB 3] Syncing log #10
2018/11/23-21:24:52.863637 7ff224ff9700 [db/db_impl_compaction_flush.cc:80] [JOB 3] Syncing log #12
2018/11/23-21:24:54.004022 7ff224ff9700 (Original Log Time 2018/11/23-21:24:52.196200) [db/db_impl_compaction_flush.cc:1424] Calling FlushMemTableToOutputFile with column family [usertable], flush slots available 24, compaction slots available 1, flush slots scheduled 1, compaction slots scheduled 0
2018/11/23-21:24:54.004030 7ff224ff9700 [db/flush_job.cc:301] [usertable] [JOB 3] Flushing memtable with next log file: 12
2018/11/23-21:24:54.004037 7ff224ff9700 [db/flush_job.cc:301] [usertable] [JOB 3] Flushing memtable with next log file: 13
2018/11/23-21:24:54.004072 7ff224ff9700 EVENT_LOG_v1 {"time_micros": 1543037094004054, "job": 3, "event": "flush_started", "num_memtables": 2, "num_entries": 60733, "num_deletes": 0, "memory_usage": 255893480, "flush_reason": "Write Buffer Full"}
2018/11/23-21:24:54.004078 7ff224ff9700 [db/flush_job.cc:331] [usertable] [JOB 3] Level-0 flush table #14: started
2018/11/23-21:24:55.452877 7ff224ff9700 EVENT_LOG_v1 {"time_micros": 1543037095452856, "cf_name": "usertable", "job": 3, "event": "table_file_creation", "file_number": 14, "file_size": 251533163, "table_properties": {"data_size": 250408921, "index_size": 1123315, "filter_size": 0, "raw_key_size": 1457592, "raw_average_key_size": 24, "raw_value_size": 248762368, "raw_average_value_size": 4096, "num_data_blocks": 30367, "num_entries": 60733, "filter_policy_name": "", "kDeletedKeys": "0", "kMergeOperands": "0"}}
2018/11/23-21:24:55.452897 7ff224ff9700 [db/flush_job.cc:371] [usertable] [JOB 3] Level-0 flush table #14: 251533163 bytes OK
2018/11/23-21:24:55.481558 7ff224ff9700 (Original Log Time 2018/11/23-21:24:55.452910) [db/memtable_list.cc:377] [usertable] Level-0 commit table #14 started
2018/11/23-21:24:55.481561 7ff224ff9700 (Original Log Time 2018/11/23-21:24:55.481477) [db/memtable_list.cc:409] [usertable] Level-0 commit table #14: memtable #1 done
2018/11/23-21:24:55.481562 7ff224ff9700 (Original Log Time 2018/11/23-21:24:55.481479) [db/memtable_list.cc:409] [usertable] Level-0 commit table #14: memtable #2 done
2018/11/23-21:24:55.481564 7ff224ff9700 (Original Log Time 2018/11/23-21:24:55.481494) EVENT_LOG_v1 {"time_micros": 1543037095481486, "job": 3, "event": "flush_finished", "output_compression": "NoCompression", "lsm_state": [2, 0, 0, 0, 0, 0, 0], "immutable_memtables": 0}
2018/11/23-21:24:55.481565 7ff224ff9700 (Original Log Time 2018/11/23-21:24:55.481538) [db/db_impl_compaction_flush.cc:177] [usertable] Level summary: base level 1 max bytes base 536870912 files[2 0 0 0 0 0 0] max score 1.00
2018/11/23-21:24:55.481573 7ff224ff9700 [db/db_impl_files.cc:347] [JOB 3] Try to delete WAL files size 250738957, prev total WAL file size 305007966, number of live WAL files 3.
2018/11/23-21:24:55.481774 7ff2257fa700 [WARN] [db/db_impl.cc:491] ------- DUMPING STATS -------
2018/11/23-21:24:55.481815 7ff2257fa700 [WARN] [db/db_impl.cc:492] 
** DB Stats **
Uptime(secs): 33.9 total, 33.9 interval
Cumulative writes: 134K writes, 134K keys, 130K commit groups, 1.0 writes per commit group, ingest: 0.52 GB, 15.68 MB/s
Cumulative WAL: 134K writes, 0 syncs, 134839.00 writes per sync, written: 0.52 GB, 15.68 MB/s
Cumulative stall: 00:00:0.000 H:M:S, 0.0 percent
Interval writes: 134K writes, 134K keys, 130K commit groups, 1.0 writes per commit group, ingest: 530.91 MB, 15.68 MB/s
Interval WAL: 134K writes, 0 syncs, 134839.00 writes per sync, written: 0.52 MB, 15.68 MB/s
Interval stall: 00:00:0.000 H:M:S, 0.0 percent

** Compaction Stats [default] **
Level    Files   Size     Score Read(GB)  Rn(GB) Rnp1(GB) Write(GB) Wnew(GB) Moved(GB) W-Amp Rd(MB/s) Wr(MB/s) Comp(sec) Comp(cnt) Avg(sec) KeyIn KeyDrop
----------------------------------------------------------------------------------------------------------------------------------------------------------
 Sum      0/0    0.00 KB   0.0      0.0     0.0      0.0       0.0      0.0       0.0   0.0      0.0      0.0         0         0    0.000       0      0
 Int      0/0    0.00 KB   0.0      0.0     0.0      0.0       0.0      0.0       0.0   0.0      0.0      0.0         0         0    0.000       0      0
Uptime(secs): 33.9 total, 33.9 interval
Flush(GB): cumulative 0.000, interval 0.000
AddFile(GB): cumulative 0.000, interval 0.000
AddFile(Total Files): cumulative 0, interval 0
AddFile(L0 Files): cumulative 0, interval 0
AddFile(Keys): cumulative 0, interval 0
Cumulative compaction: 0.00 GB write, 0.00 MB/s write, 0.00 GB read, 0.00 MB/s read, 0.0 seconds
Interval compaction: 0.00 GB write, 0.00 MB/s write, 0.00 GB read, 0.00 MB/s read, 0.0 seconds
Stalls(count): 0 level0_slowdown, 0 level0_slowdown_with_compaction, 0 level0_numfiles, 0 level0_numfiles_with_compaction, 0 stop for pending_compaction_bytes, 0 slowdown for pending_compaction_bytes, 0 memtable_compaction, 0 memtable_slowdown, interval 0 total count

** File Read Latency Histogram By Level [default] **

** Compaction Stats [usertable] **
Level    Files   Size     Score Read(GB)  Rn(GB) Rnp1(GB) Write(GB) Wnew(GB) Moved(GB) W-Amp Rd(MB/s) Wr(MB/s) Comp(sec) Comp(cnt) Avg(sec) KeyIn KeyDrop
----------------------------------------------------------------------------------------------------------------------------------------------------------
  L0      2/0   480.65 MB   1.0      0.0     0.0      0.0       0.5      0.5       0.0   1.0      0.0    126.5         4         2    1.900       0      0
 Sum      2/0   480.65 MB   0.0      0.0     0.0      0.0       0.5      0.5       0.0   1.0      0.0    126.5         4         2    1.900       0      0
 Int      0/0    0.00 KB   0.0      0.0     0.0      0.0       0.5      0.5       0.0   1.0      0.0    126.5         4         2    1.900       0      0
Uptime(secs): 33.8 total, 33.8 interval
Flush(GB): cumulative 0.469, interval 0.469
AddFile(GB): cumulative 0.000, interval 0.000
AddFile(Total Files): cumulative 0, interval 0
AddFile(L0 Files): cumulative 0, interval 0
AddFile(Keys): cumulative 0, interval 0
Cumulative compaction: 0.47 GB write, 14.23 MB/s write, 0.00 GB read, 0.00 MB/s read, 3.8 seconds
Interval compaction: 0.47 GB write, 14.23 MB/s write, 0.00 GB read, 0.00 MB/s read, 3.8 seconds
Stalls(count): 0 level0_slowdown, 0 level0_slowdown_with_compaction, 0 level0_numfiles, 0 level0_numfiles_with_compaction, 0 stop for pending_compaction_bytes, 0 slowdown for pending_compaction_bytes, 0 memtable_compaction, 0 memtable_slowdown, interval 0 total count

** File Read Latency Histogram By Level [usertable] **

** Compaction Stats [default] **
Level    Files   Size     Score Read(GB)  Rn(GB) Rnp1(GB) Write(GB) Wnew(GB) Moved(GB) W-Amp Rd(MB/s) Wr(MB/s) Comp(sec) Comp(cnt) Avg(sec) KeyIn KeyDrop
----------------------------------------------------------------------------------------------------------------------------------------------------------
 Sum      0/0    0.00 KB   0.0      0.0     0.0      0.0       0.0      0.0       0.0   0.0      0.0      0.0         0         0    0.000       0      0
 Int      0/0    0.00 KB   0.0      0.0     0.0      0.0       0.0      0.0       0.0   0.0      0.0      0.0         0         0    0.000       0      0
Uptime(secs): 33.9 total, 0.0 interval
Flush(GB): cumulative 0.000, interval 0.000
AddFile(GB): cumulative 0.000, interval 0.000
AddFile(Total Files): cumulative 0, interval 0
AddFile(L0 Files): cumulative 0, interval 0
AddFile(Keys): cumulative 0, interval 0
Cumulative compaction: 0.00 GB write, 0.00 MB/s write, 0.00 GB read, 0.00 MB/s read, 0.0 seconds
Interval compaction: 0.00 GB write, 0.00 MB/s write, 0.00 GB read, 0.00 MB/s read, 0.0 seconds
Stalls(count): 0 level0_slowdown, 0 level0_slowdown_with_compaction, 0 level0_numfiles, 0 level0_numfiles_with_compaction, 0 stop for pending_compaction_bytes, 0 slowdown for pending_compaction_bytes, 0 memtable_compaction, 0 memtable_slowdown, interval 0 total count

** File Read Latency Histogram By Level [default] **

** Compaction Stats [usertable] **
Level    Files   Size     Score Read(GB)  Rn(GB) Rnp1(GB) Write(GB) Wnew(GB) Moved(GB) W-Amp Rd(MB/s) Wr(MB/s) Comp(sec) Comp(cnt) Avg(sec) KeyIn KeyDrop
----------------------------------------------------------------------------------------------------------------------------------------------------------
  L0      2/0   480.65 MB   1.0      0.0     0.0      0.0       0.5      0.5       0.0   1.0      0.0    126.5         4         2    1.900       0      0
 Sum      2/0   480.65 MB   0.0      0.0     0.0      0.0       0.5      0.5       0.0   1.0      0.0    126.5         4         2    1.900       0      0
 Int      0/0    0.00 KB   0.0      0.0     0.0      0.0       0.0      0.0       0.0   0.0      0.0      0.0         0         0    0.000       0      0
Uptime(secs): 33.8 total, 0.0 interval
Flush(GB): cumulative 0.469, interval 0.000
AddFile(GB): cumulative 0.000, interval 0.000
AddFile(Total Files): cumulative 0, interval 0
AddFile(L0 Files): cumulative 0, interval 0
AddFile(Keys): cumulative 0, interval 0
Cumulative compaction: 0.47 GB write, 14.23 MB/s write, 0.00 GB read, 0.00 MB/s read, 3.8 seconds
Interval compaction: 0.00 GB write, 0.00 MB/s write, 0.00 GB read, 0.00 MB/s read, 0.0 seconds
Stalls(count): 0 level0_slowdown, 0 level0_slowdown_with_compaction, 0 level0_numfiles, 0 level0_numfiles_with_compaction, 0 stop for pending_compaction_bytes, 0 slowdown for pending_compaction_bytes, 0 memtable_compaction, 0 memtable_slowdown, interval 0 total count

** File Read Latency Histogram By Level [usertable] **
2018/11/23-21:24:55.510628 7ff2257fa700 (Original Log Time 2018/11/23-21:24:55.481897) [db/db_impl_compaction_flush.cc:1835] [usertable] Moving #11 to level-1 252463906 bytes
2018/11/23-21:24:55.510631 7ff2257fa700 (Original Log Time 2018/11/23-21:24:55.510596) EVENT_LOG_v1 {"time_micros": 1543037095510591, "job": 4, "event": "trivial_move", "destination_level": 1, "files": 1, "total_files_size": 252463906}
2018/11/23-21:24:55.510645 7ff2257fa700 (Original Log Time 2018/11/23-21:24:55.510602) [db/db_impl_compaction_flush.cc:1864] [usertable] Moved #1 files to level-1 252463906 bytes OK: base level 1 max bytes base 536870912 files[1 1 0 0 0 0 0] max score 0.50
2018/11/23-21:24:59.789012 7ff3539f9700 [db/db_impl_write.cc:1373] [usertable] New memtable created with log file: #15. Immutable memtables: 0.
2018/11/23-21:25:07.379236 7ff3584de700 [db/db_impl_write.cc:1373] [usertable] New memtable created with log file: #16. Immutable memtables: 1.
2018/11/23-21:25:07.379339 7ff207fff700 [db/db_impl_compaction_flush.cc:80] [JOB 5] Syncing log #13
2018/11/23-21:25:07.885355 7ff207fff700 [db/db_impl_compaction_flush.cc:80] [JOB 5] Syncing log #15
2018/11/23-21:25:08.367702 7ff207fff700 (Original Log Time 2018/11/23-21:25:07.379314) [db/db_impl_compaction_flush.cc:1424] Calling FlushMemTableToOutputFile with column family [usertable], flush slots available 24, compaction slots available 1, flush slots scheduled 1, compaction slots scheduled 0
2018/11/23-21:25:08.367710 7ff207fff700 [db/flush_job.cc:301] [usertable] [JOB 5] Flushing memtable with next log file: 15
2018/11/23-21:25:08.367716 7ff207fff700 [db/flush_job.cc:301] [usertable] [JOB 5] Flushing memtable with next log file: 16
2018/11/23-21:25:08.367749 7ff207fff700 EVENT_LOG_v1 {"time_micros": 1543037108367741, "job": 5, "event": "flush_started", "num_memtables": 2, "num_entries": 60733, "num_deletes": 0, "memory_usage": 254832496, "flush_reason": "Write Buffer Full"}
2018/11/23-21:25:08.367755 7ff207fff700 [db/flush_job.cc:331] [usertable] [JOB 5] Level-0 flush table #17: started
2018/11/23-21:25:10.219853 7ff207fff700 EVENT_LOG_v1 {"time_micros": 1543037110219832, "cf_name": "usertable", "job": 5, "event": "table_file_creation", "file_number": 17, "file_size": 251519667, "table_properties": {"data_size": 250402173, "index_size": 1116567, "filter_size": 0, "raw_key_size": 1457592, "raw_average_key_size": 24, "raw_value_size": 248762368, "raw_average_value_size": 4096, "num_data_blocks": 30367, "num_entries": 60733, "filter_policy_name": "", "kDeletedKeys": "0", "kMergeOperands": "0"}}
2018/11/23-21:25:10.219871 7ff207fff700 [db/flush_job.cc:371] [usertable] [JOB 5] Level-0 flush table #17: 251519667 bytes OK
2018/11/23-21:25:10.280308 7ff207fff700 (Original Log Time 2018/11/23-21:25:10.219882) [db/memtable_list.cc:377] [usertable] Level-0 commit table #17 started
2018/11/23-21:25:10.280311 7ff207fff700 (Original Log Time 2018/11/23-21:25:10.280243) [db/memtable_list.cc:409] [usertable] Level-0 commit table #17: memtable #1 done
2018/11/23-21:25:10.280312 7ff207fff700 (Original Log Time 2018/11/23-21:25:10.280245) [db/memtable_list.cc:409] [usertable] Level-0 commit table #17: memtable #2 done
2018/11/23-21:25:10.280314 7ff207fff700 (Original Log Time 2018/11/23-21:25:10.280260) EVENT_LOG_v1 {"time_micros": 1543037110280252, "job": 5, "event": "flush_finished", "output_compression": "NoCompression", "lsm_state": [2, 1, 0, 0, 0, 0, 0], "immutable_memtables": 0}
2018/11/23-21:25:10.280315 7ff207fff700 (Original Log Time 2018/11/23-21:25:10.280289) [db/db_impl_compaction_flush.cc:177] [usertable] Level summary: base level 1 max bytes base 536870912 files[2 1 0 0 0 0 0] max score 1.00
