2018/11/17-11:15:57.392822 7f67f5163700 RocksDB version: 5.14.3
2018/11/17-11:15:57.392898 7f67f5163700 Git sha rocksdb_build_git_sha:
2018/11/17-11:15:57.392901 7f67f5163700 Compile date Oct 15 2018
2018/11/17-11:15:57.392905 7f67f5163700 DB SUMMARY
2018/11/17-11:15:57.392929 7f67f5163700 SST files in /mnt/sdb/ycsb-rocksdb-data dir, Total Num: 0, files: 
2018/11/17-11:15:57.392932 7f67f5163700 Write Ahead Log file in /mnt/sdb/ycsb-rocksdb-data: 
2018/11/17-11:15:57.392935 7f67f5163700                         Options.error_if_exists: 0
2018/11/17-11:15:57.392936 7f67f5163700                       Options.create_if_missing: 1
2018/11/17-11:15:57.392937 7f67f5163700                         Options.paranoid_checks: 1
2018/11/17-11:15:57.392937 7f67f5163700                                     Options.env: 0x7f67ecdee3e0
2018/11/17-11:15:57.392938 7f67f5163700                                Options.info_log: 0x7f67203d2750
2018/11/17-11:15:57.392939 7f67f5163700                Options.max_file_opening_threads: 16
2018/11/17-11:15:57.392940 7f67f5163700                              Options.statistics: (nil)
2018/11/17-11:15:57.392941 7f67f5163700                               Options.use_fsync: 0
2018/11/17-11:15:57.392942 7f67f5163700                       Options.max_log_file_size: 0
2018/11/17-11:15:57.392943 7f67f5163700                  Options.max_manifest_file_size: 18446744073709551615
2018/11/17-11:15:57.392944 7f67f5163700                   Options.log_file_time_to_roll: 0
2018/11/17-11:15:57.392945 7f67f5163700                       Options.keep_log_file_num: 1000
2018/11/17-11:15:57.392946 7f67f5163700                    Options.recycle_log_file_num: 0
2018/11/17-11:15:57.392947 7f67f5163700                         Options.allow_fallocate: 1
2018/11/17-11:15:57.392948 7f67f5163700                        Options.allow_mmap_reads: 0
2018/11/17-11:15:57.392949 7f67f5163700                       Options.allow_mmap_writes: 0
2018/11/17-11:15:57.392950 7f67f5163700                        Options.use_direct_reads: 0
2018/11/17-11:15:57.392950 7f67f5163700                        Options.use_direct_io_for_flush_and_compaction: 0
2018/11/17-11:15:57.392951 7f67f5163700          Options.create_missing_column_families: 1
2018/11/17-11:15:57.392952 7f67f5163700                              Options.db_log_dir: 
2018/11/17-11:15:57.392953 7f67f5163700                                 Options.wal_dir: /mnt/sdb/ycsb-rocksdb-data
2018/11/17-11:15:57.392954 7f67f5163700                Options.table_cache_numshardbits: 6
2018/11/17-11:15:57.392955 7f67f5163700                      Options.max_subcompactions: 4
2018/11/17-11:15:57.392956 7f67f5163700                  Options.max_background_flushes: 24
2018/11/17-11:15:57.392956 7f67f5163700                         Options.WAL_ttl_seconds: 0
2018/11/17-11:15:57.392957 7f67f5163700                       Options.WAL_size_limit_MB: 0
2018/11/17-11:15:57.392958 7f67f5163700             Options.manifest_preallocation_size: 4194304
2018/11/17-11:15:57.392959 7f67f5163700                     Options.is_fd_close_on_exec: 1
2018/11/17-11:15:57.392960 7f67f5163700                   Options.advise_random_on_open: 1
2018/11/17-11:15:57.392961 7f67f5163700                    Options.db_write_buffer_size: 0
2018/11/17-11:15:57.392961 7f67f5163700                    Options.write_buffer_manager: 0x7f67203d0a10
2018/11/17-11:15:57.392962 7f67f5163700         Options.access_hint_on_compaction_start: 1
2018/11/17-11:15:57.392963 7f67f5163700  Options.new_table_reader_for_compaction_inputs: 0
2018/11/17-11:15:57.392964 7f67f5163700           Options.random_access_max_buffer_size: 1048576
2018/11/17-11:15:57.392965 7f67f5163700                      Options.use_adaptive_mutex: 0
2018/11/17-11:15:57.392965 7f67f5163700                            Options.rate_limiter: (nil)
2018/11/17-11:15:57.392968 7f67f5163700     Options.sst_file_manager.rate_bytes_per_sec: 0
2018/11/17-11:15:57.392968 7f67f5163700                       Options.wal_recovery_mode: 2
2018/11/17-11:15:57.392969 7f67f5163700                  Options.enable_thread_tracking: 0
2018/11/17-11:15:57.392970 7f67f5163700                  Options.enable_pipelined_write: 1
2018/11/17-11:15:57.392979 7f67f5163700         Options.allow_concurrent_memtable_write: 1
2018/11/17-11:15:57.392981 7f67f5163700      Options.enable_write_thread_adaptive_yield: 1
2018/11/17-11:15:57.392982 7f67f5163700             Options.write_thread_max_yield_usec: 100
2018/11/17-11:15:57.392983 7f67f5163700            Options.write_thread_slow_yield_usec: 3
2018/11/17-11:15:57.392983 7f67f5163700                               Options.row_cache: None
2018/11/17-11:15:57.392984 7f67f5163700                              Options.wal_filter: None
2018/11/17-11:15:57.392985 7f67f5163700             Options.avoid_flush_during_recovery: 0
2018/11/17-11:15:57.392986 7f67f5163700             Options.allow_ingest_behind: 0
2018/11/17-11:15:57.392987 7f67f5163700             Options.preserve_deletes: 0
2018/11/17-11:15:57.392988 7f67f5163700             Options.two_write_queues: 0
2018/11/17-11:15:57.392988 7f67f5163700             Options.manual_wal_flush: 0
2018/11/17-11:15:57.392991 7f67f5163700             Options.max_background_jobs: 24
2018/11/17-11:15:57.392992 7f67f5163700             Options.max_background_compactions: 24
2018/11/17-11:15:57.392993 7f67f5163700             Options.avoid_flush_during_shutdown: 0
2018/11/17-11:15:57.392993 7f67f5163700           Options.writable_file_max_buffer_size: 1048576
2018/11/17-11:15:57.392994 7f67f5163700             Options.delayed_write_rate : 16777216
2018/11/17-11:15:57.392995 7f67f5163700             Options.max_total_wal_size: 0
2018/11/17-11:15:57.392996 7f67f5163700             Options.delete_obsolete_files_period_micros: 21600000000
2018/11/17-11:15:57.392997 7f67f5163700                   Options.stats_dump_period_sec: 60
2018/11/17-11:15:57.392998 7f67f5163700                          Options.max_open_files: -1
2018/11/17-11:15:57.392999 7f67f5163700                          Options.bytes_per_sync: 1048576
2018/11/17-11:15:57.393000 7f67f5163700                      Options.wal_bytes_per_sync: 0
2018/11/17-11:15:57.393000 7f67f5163700       Options.compaction_readahead_size: 0
2018/11/17-11:15:57.393001 7f67f5163700 Compression algorithms supported:
2018/11/17-11:15:57.393003 7f67f5163700 	kZSTDNotFinalCompression supported: 1
2018/11/17-11:15:57.393011 7f67f5163700 	kZSTD supported: 1
2018/11/17-11:15:57.393012 7f67f5163700 	kXpressCompression supported: 0
2018/11/17-11:15:57.393013 7f67f5163700 	kLZ4HCCompression supported: 1
2018/11/17-11:15:57.393014 7f67f5163700 	kLZ4Compression supported: 1
2018/11/17-11:15:57.393015 7f67f5163700 	kBZip2Compression supported: 1
2018/11/17-11:15:57.393016 7f67f5163700 	kZlibCompression supported: 1
2018/11/17-11:15:57.393017 7f67f5163700 	kSnappyCompression supported: 1
2018/11/17-11:15:57.393021 7f67f5163700 Fast CRC32 supported: Supported on x86
2018/11/17-11:15:57.393109 7f67f5163700 [db/db_impl_open.cc:222] Creating manifest 1 
2018/11/17-11:15:57.491383 7f67f5163700 [db/version_set.cc:3085] Recovering from manifest file: MANIFEST-000001
2018/11/17-11:15:57.491474 7f67f5163700 [db/column_family.cc:475] --------------- Options for column family [default]:
2018/11/17-11:15:57.491478 7f67f5163700               Options.comparator: leveldb.BytewiseComparator
2018/11/17-11:15:57.491480 7f67f5163700           Options.merge_operator: None
2018/11/17-11:15:57.491481 7f67f5163700        Options.compaction_filter: None
2018/11/17-11:15:57.491481 7f67f5163700        Options.compaction_filter_factory: None
2018/11/17-11:15:57.491482 7f67f5163700         Options.memtable_factory: SkipListFactory
2018/11/17-11:15:57.491484 7f67f5163700            Options.table_factory: BlockBasedTable
2018/11/17-11:15:57.491525 7f67f5163700            table_factory options:   flush_block_policy_factory: FlushBlockBySizePolicyFactory (0x7f6720386ea0)
  cache_index_and_filter_blocks: 0
  cache_index_and_filter_blocks_with_high_priority: 0
  pin_l0_filter_and_index_blocks_in_cache: 0
  index_type: 0
  hash_index_allow_collision: 1
  checksum: 1
  no_block_cache: 0
  block_cache: 0x7f6720390020
  block_cache_name: LRUCache
  block_cache_options:
    capacity : 8388608
    num_shard_bits : 4
    strict_capacity_limit : 0
    high_pri_pool_ratio: 0.000
  block_cache_compressed: (nil)
  persistent_cache: (nil)
  block_size: 8192
  block_size_deviation: 10
  block_restart_interval: 16
  index_block_restart_interval: 1
  metadata_block_size: 4096
  partition_filters: 0
  use_delta_encoding: 1
  filter_policy: nullptr
  whole_key_filtering: 1
  verify_compression: 0
  read_amp_bytes_per_bit: 0
  format_version: 2
  enable_index_compression: 1
  block_align: 0
2018/11/17-11:15:57.491539 7f67f5163700        Options.write_buffer_size: 134217728
2018/11/17-11:15:57.491541 7f67f5163700  Options.max_write_buffer_number: 24
2018/11/17-11:15:57.491542 7f67f5163700        Options.compression[0]: NoCompression
2018/11/17-11:15:57.491543 7f67f5163700        Options.compression[1]: NoCompression
2018/11/17-11:15:57.491545 7f67f5163700        Options.compression[2]: LZ4
2018/11/17-11:15:57.491546 7f67f5163700        Options.compression[3]: LZ4
2018/11/17-11:15:57.491546 7f67f5163700        Options.compression[4]: LZ4
2018/11/17-11:15:57.491547 7f67f5163700        Options.compression[5]: LZ4
2018/11/17-11:15:57.491548 7f67f5163700        Options.compression[6]: LZ4
2018/11/17-11:15:57.491549 7f67f5163700                  Options.bottommost_compression: Disabled
2018/11/17-11:15:57.491550 7f67f5163700       Options.prefix_extractor: nullptr
2018/11/17-11:15:57.491551 7f67f5163700   Options.memtable_insert_with_hint_prefix_extractor: nullptr
2018/11/17-11:15:57.491552 7f67f5163700             Options.num_levels: 7
2018/11/17-11:15:57.491553 7f67f5163700        Options.min_write_buffer_number_to_merge: 2
2018/11/17-11:15:57.491554 7f67f5163700     Options.max_write_buffer_number_to_maintain: 0
2018/11/17-11:15:57.491555 7f67f5163700            Options.compression_opts.window_bits: -14
2018/11/17-11:15:57.491556 7f67f5163700                  Options.compression_opts.level: -1
2018/11/17-11:15:57.491557 7f67f5163700               Options.compression_opts.strategy: 0
2018/11/17-11:15:57.491558 7f67f5163700         Options.compression_opts.max_dict_bytes: 0
2018/11/17-11:15:57.491559 7f67f5163700         Options.compression_opts.zstd_max_train_bytes: 0
2018/11/17-11:15:57.491559 7f67f5163700      Options.level0_file_num_compaction_trigger: 2
2018/11/17-11:15:57.491560 7f67f5163700          Options.level0_slowdown_writes_trigger: 20
2018/11/17-11:15:57.491561 7f67f5163700              Options.level0_stop_writes_trigger: 36
2018/11/17-11:15:57.491562 7f67f5163700                   Options.target_file_size_base: 67108864
2018/11/17-11:15:57.491563 7f67f5163700             Options.target_file_size_multiplier: 1
2018/11/17-11:15:57.491564 7f67f5163700                Options.max_bytes_for_level_base: 536870912
2018/11/17-11:15:57.491565 7f67f5163700 Options.level_compaction_dynamic_level_bytes: 0
2018/11/17-11:15:57.491566 7f67f5163700          Options.max_bytes_for_level_multiplier: 10.000000
2018/11/17-11:15:57.491569 7f67f5163700 Options.max_bytes_for_level_multiplier_addtl[0]: 1
2018/11/17-11:15:57.491571 7f67f5163700 Options.max_bytes_for_level_multiplier_addtl[1]: 1
2018/11/17-11:15:57.491571 7f67f5163700 Options.max_bytes_for_level_multiplier_addtl[2]: 1
2018/11/17-11:15:57.491572 7f67f5163700 Options.max_bytes_for_level_multiplier_addtl[3]: 1
2018/11/17-11:15:57.491573 7f67f5163700 Options.max_bytes_for_level_multiplier_addtl[4]: 1
2018/11/17-11:15:57.491574 7f67f5163700 Options.max_bytes_for_level_multiplier_addtl[5]: 1
2018/11/17-11:15:57.491575 7f67f5163700 Options.max_bytes_for_level_multiplier_addtl[6]: 1
2018/11/17-11:15:57.491576 7f67f5163700       Options.max_sequential_skip_in_iterations: 8
2018/11/17-11:15:57.491576 7f67f5163700                    Options.max_compaction_bytes: 1677721600
2018/11/17-11:15:57.491577 7f67f5163700                        Options.arena_block_size: 16777216
2018/11/17-11:15:57.491578 7f67f5163700   Options.soft_pending_compaction_bytes_limit: 68719476736
2018/11/17-11:15:57.491579 7f67f5163700   Options.hard_pending_compaction_bytes_limit: 274877906944
2018/11/17-11:15:57.491586 7f67f5163700       Options.rate_limit_delay_max_milliseconds: 100
2018/11/17-11:15:57.491587 7f67f5163700                Options.disable_auto_compactions: 0
2018/11/17-11:15:57.491589 7f67f5163700                        Options.compaction_style: kCompactionStyleLevel
2018/11/17-11:15:57.491591 7f67f5163700                          Options.compaction_pri: kByCompensatedSize
2018/11/17-11:15:57.491605 7f67f5163700 Options.compaction_options_universal.size_ratio: 1
2018/11/17-11:15:57.491606 7f67f5163700 Options.compaction_options_universal.min_merge_width: 2
2018/11/17-11:15:57.491607 7f67f5163700 Options.compaction_options_universal.max_merge_width: 4294967295
2018/11/17-11:15:57.491608 7f67f5163700 Options.compaction_options_universal.max_size_amplification_percent: 200
2018/11/17-11:15:57.491609 7f67f5163700 Options.compaction_options_universal.compression_size_percent: -1
2018/11/17-11:15:57.491610 7f67f5163700 Options.compaction_options_universal.stop_style: kCompactionStopStyleTotalSize
2018/11/17-11:15:57.491611 7f67f5163700 Options.compaction_options_fifo.max_table_files_size: 1073741824
2018/11/17-11:15:57.491612 7f67f5163700 Options.compaction_options_fifo.allow_compaction: 0
2018/11/17-11:15:57.491613 7f67f5163700 Options.compaction_options_fifo.ttl: 0
2018/11/17-11:15:57.491614 7f67f5163700                   Options.table_properties_collectors: 
2018/11/17-11:15:57.491615 7f67f5163700                   Options.inplace_update_support: 0
2018/11/17-11:15:57.491615 7f67f5163700                 Options.inplace_update_num_locks: 10000
2018/11/17-11:15:57.491616 7f67f5163700               Options.memtable_prefix_bloom_size_ratio: 0.000000
2018/11/17-11:15:57.491618 7f67f5163700   Options.memtable_huge_page_size: 0
2018/11/17-11:15:57.491619 7f67f5163700                           Options.bloom_locality: 0
2018/11/17-11:15:57.491620 7f67f5163700                    Options.max_successive_merges: 0
2018/11/17-11:15:57.491621 7f67f5163700                Options.optimize_filters_for_hits: 0
2018/11/17-11:15:57.491621 7f67f5163700                Options.paranoid_file_checks: 0
2018/11/17-11:15:57.491622 7f67f5163700                Options.force_consistency_checks: 0
2018/11/17-11:15:57.491623 7f67f5163700                Options.report_bg_io_stats: 0
2018/11/17-11:15:57.491624 7f67f5163700                               Options.ttl: 0
2018/11/17-11:15:57.492396 7f67f5163700 [db/version_set.cc:3361] Recovered from manifest file:/mnt/sdb/ycsb-rocksdb-data/MANIFEST-000001 succeeded,manifest_file_number is 1, next_file_number is 3, last_sequence is 0, log_number is 0,prev_log_number is 0,max_column_family is 0,min_log_number_to_keep is 0
2018/11/17-11:15:57.492405 7f67f5163700 [db/version_set.cc:3369] Column family [default] (ID 0), log number is 0
2018/11/17-11:15:57.492634 7f67f5163700 [db/version_set.cc:2847] Creating manifest 4
2018/11/17-11:15:57.562742 7f67f5163700 [db/column_family.cc:475] --------------- Options for column family [usertable]:
2018/11/17-11:15:57.562746 7f67f5163700               Options.comparator: leveldb.BytewiseComparator
2018/11/17-11:15:57.562747 7f67f5163700           Options.merge_operator: None
2018/11/17-11:15:57.562748 7f67f5163700        Options.compaction_filter: None
2018/11/17-11:15:57.562749 7f67f5163700        Options.compaction_filter_factory: None
2018/11/17-11:15:57.562750 7f67f5163700         Options.memtable_factory: SkipListFactory
2018/11/17-11:15:57.562751 7f67f5163700            Options.table_factory: BlockBasedTable
2018/11/17-11:15:57.562778 7f67f5163700            table_factory options:   flush_block_policy_factory: FlushBlockBySizePolicyFactory (0x7f6720386e80)
  cache_index_and_filter_blocks: 0
  cache_index_and_filter_blocks_with_high_priority: 0
  pin_l0_filter_and_index_blocks_in_cache: 0
  index_type: 0
  hash_index_allow_collision: 1
  checksum: 1
  no_block_cache: 0
  block_cache: 0x7f67203907f0
  block_cache_name: LRUCache
  block_cache_options:
    capacity : 8388608
    num_shard_bits : 4
    strict_capacity_limit : 0
    high_pri_pool_ratio: 0.000
  block_cache_compressed: (nil)
  persistent_cache: (nil)
  block_size: 8192
  block_size_deviation: 10
  block_restart_interval: 16
  index_block_restart_interval: 1
  metadata_block_size: 4096
  partition_filters: 0
  use_delta_encoding: 1
  filter_policy: nullptr
  whole_key_filtering: 1
  verify_compression: 0
  read_amp_bytes_per_bit: 0
  format_version: 2
  enable_index_compression: 1
  block_align: 0
2018/11/17-11:15:57.562780 7f67f5163700        Options.write_buffer_size: 134217728
2018/11/17-11:15:57.562781 7f67f5163700  Options.max_write_buffer_number: 24
2018/11/17-11:15:57.562782 7f67f5163700        Options.compression[0]: NoCompression
2018/11/17-11:15:57.562783 7f67f5163700        Options.compression[1]: NoCompression
2018/11/17-11:15:57.562784 7f67f5163700        Options.compression[2]: LZ4
2018/11/17-11:15:57.562785 7f67f5163700        Options.compression[3]: LZ4
2018/11/17-11:15:57.562786 7f67f5163700        Options.compression[4]: LZ4
2018/11/17-11:15:57.562787 7f67f5163700        Options.compression[5]: LZ4
2018/11/17-11:15:57.562788 7f67f5163700        Options.compression[6]: LZ4
2018/11/17-11:15:57.562789 7f67f5163700                  Options.bottommost_compression: Disabled
2018/11/17-11:15:57.562790 7f67f5163700       Options.prefix_extractor: nullptr
2018/11/17-11:15:57.562791 7f67f5163700   Options.memtable_insert_with_hint_prefix_extractor: nullptr
2018/11/17-11:15:57.562791 7f67f5163700             Options.num_levels: 7
2018/11/17-11:15:57.562792 7f67f5163700        Options.min_write_buffer_number_to_merge: 2
2018/11/17-11:15:57.562793 7f67f5163700     Options.max_write_buffer_number_to_maintain: 0
2018/11/17-11:15:57.562794 7f67f5163700            Options.compression_opts.window_bits: -14
2018/11/17-11:15:57.562795 7f67f5163700                  Options.compression_opts.level: -1
2018/11/17-11:15:57.562796 7f67f5163700               Options.compression_opts.strategy: 0
2018/11/17-11:15:57.562797 7f67f5163700         Options.compression_opts.max_dict_bytes: 0
2018/11/17-11:15:57.562797 7f67f5163700         Options.compression_opts.zstd_max_train_bytes: 0
2018/11/17-11:15:57.562798 7f67f5163700      Options.level0_file_num_compaction_trigger: 2
2018/11/17-11:15:57.562799 7f67f5163700          Options.level0_slowdown_writes_trigger: 20
2018/11/17-11:15:57.562800 7f67f5163700              Options.level0_stop_writes_trigger: 36
2018/11/17-11:15:57.562801 7f67f5163700                   Options.target_file_size_base: 67108864
2018/11/17-11:15:57.562802 7f67f5163700             Options.target_file_size_multiplier: 1
2018/11/17-11:15:57.562802 7f67f5163700                Options.max_bytes_for_level_base: 536870912
2018/11/17-11:15:57.562803 7f67f5163700 Options.level_compaction_dynamic_level_bytes: 0
2018/11/17-11:15:57.562804 7f67f5163700          Options.max_bytes_for_level_multiplier: 10.000000
2018/11/17-11:15:57.562807 7f67f5163700 Options.max_bytes_for_level_multiplier_addtl[0]: 1
2018/11/17-11:15:57.562818 7f67f5163700 Options.max_bytes_for_level_multiplier_addtl[1]: 1
2018/11/17-11:15:57.562819 7f67f5163700 Options.max_bytes_for_level_multiplier_addtl[2]: 1
2018/11/17-11:15:57.562820 7f67f5163700 Options.max_bytes_for_level_multiplier_addtl[3]: 1
2018/11/17-11:15:57.562821 7f67f5163700 Options.max_bytes_for_level_multiplier_addtl[4]: 1
2018/11/17-11:15:57.562822 7f67f5163700 Options.max_bytes_for_level_multiplier_addtl[5]: 1
2018/11/17-11:15:57.562823 7f67f5163700 Options.max_bytes_for_level_multiplier_addtl[6]: 1
2018/11/17-11:15:57.562823 7f67f5163700       Options.max_sequential_skip_in_iterations: 8
2018/11/17-11:15:57.562824 7f67f5163700                    Options.max_compaction_bytes: 1677721600
2018/11/17-11:15:57.562825 7f67f5163700                        Options.arena_block_size: 16777216
2018/11/17-11:15:57.562826 7f67f5163700   Options.soft_pending_compaction_bytes_limit: 68719476736
2018/11/17-11:15:57.562827 7f67f5163700   Options.hard_pending_compaction_bytes_limit: 274877906944
2018/11/17-11:15:57.562828 7f67f5163700       Options.rate_limit_delay_max_milliseconds: 100
2018/11/17-11:15:57.562828 7f67f5163700                Options.disable_auto_compactions: 0
2018/11/17-11:15:57.562833 7f67f5163700                        Options.compaction_style: kCompactionStyleLevel
2018/11/17-11:15:57.562835 7f67f5163700                          Options.compaction_pri: kByCompensatedSize
2018/11/17-11:15:57.562836 7f67f5163700 Options.compaction_options_universal.size_ratio: 1
2018/11/17-11:15:57.562836 7f67f5163700 Options.compaction_options_universal.min_merge_width: 2
2018/11/17-11:15:57.562837 7f67f5163700 Options.compaction_options_universal.max_merge_width: 4294967295
2018/11/17-11:15:57.562838 7f67f5163700 Options.compaction_options_universal.max_size_amplification_percent: 200
2018/11/17-11:15:57.562839 7f67f5163700 Options.compaction_options_universal.compression_size_percent: -1
2018/11/17-11:15:57.562841 7f67f5163700 Options.compaction_options_universal.stop_style: kCompactionStopStyleTotalSize
2018/11/17-11:15:57.562841 7f67f5163700 Options.compaction_options_fifo.max_table_files_size: 1073741824
2018/11/17-11:15:57.562842 7f67f5163700 Options.compaction_options_fifo.allow_compaction: 0
2018/11/17-11:15:57.562843 7f67f5163700 Options.compaction_options_fifo.ttl: 0
2018/11/17-11:15:57.562844 7f67f5163700                   Options.table_properties_collectors: 
2018/11/17-11:15:57.562845 7f67f5163700                   Options.inplace_update_support: 0
2018/11/17-11:15:57.562846 7f67f5163700                 Options.inplace_update_num_locks: 10000
2018/11/17-11:15:57.562847 7f67f5163700               Options.memtable_prefix_bloom_size_ratio: 0.000000
2018/11/17-11:15:57.562848 7f67f5163700   Options.memtable_huge_page_size: 0
2018/11/17-11:15:57.562849 7f67f5163700                           Options.bloom_locality: 0
2018/11/17-11:15:57.562850 7f67f5163700                    Options.max_successive_merges: 0
2018/11/17-11:15:57.562851 7f67f5163700                Options.optimize_filters_for_hits: 0
2018/11/17-11:15:57.562851 7f67f5163700                Options.paranoid_file_checks: 0
2018/11/17-11:15:57.562852 7f67f5163700                Options.force_consistency_checks: 0
2018/11/17-11:15:57.562853 7f67f5163700                Options.report_bg_io_stats: 0
2018/11/17-11:15:57.562854 7f67f5163700                               Options.ttl: 0
2018/11/17-11:15:57.562899 7f67f5163700 [db/db_impl.cc:1396] Created column family [usertable] (ID 1)
2018/11/17-11:15:57.637004 7f67f5163700 [db/db_impl_open.cc:1219] DB pointer 0x7f67203d2db0
2018/11/17-11:15:57.926122 7f67f485a700 [db/db_impl_write.cc:1373] [usertable] New memtable created with log file: #9. Immutable memtables: 0.
2018/11/17-11:15:58.158379 7f67f4658700 [db/db_impl_write.cc:1373] [usertable] New memtable created with log file: #10. Immutable memtables: 1.
2018/11/17-11:15:58.158532 7f67b57fa700 [db/db_impl_compaction_flush.cc:80] [JOB 2] Syncing log #3
2018/11/17-11:15:58.368581 7f67f4d5f700 [db/db_impl_write.cc:1373] [usertable] New memtable created with log file: #12. Immutable memtables: 2.
2018/11/17-11:15:58.560271 7f67f4b5d700 [db/db_impl_write.cc:1373] [usertable] New memtable created with log file: #13. Immutable memtables: 3.
2018/11/17-11:15:58.632689 7f67b57fa700 [db/db_impl_compaction_flush.cc:80] [JOB 2] Syncing log #9
2018/11/17-11:15:58.742160 7f67f4e60700 [db/db_impl_write.cc:1373] [usertable] New memtable created with log file: #15. Immutable memtables: 4.
2018/11/17-11:15:58.979718 7f67f4759700 [db/db_impl_write.cc:1373] [usertable] New memtable created with log file: #16. Immutable memtables: 5.
2018/11/17-11:15:59.111635 7f67b57fa700 (Original Log Time 2018/11/17-11:15:58.158465) [db/db_impl_compaction_flush.cc:1424] Calling FlushMemTableToOutputFile with column family [usertable], flush slots available 24, compaction slots available 1, flush slots scheduled 1, compaction slots scheduled 0
2018/11/17-11:15:59.111650 7f67cdffb700 [db/db_impl_compaction_flush.cc:80] [JOB 4] Syncing log #10
2018/11/17-11:15:59.111657 7f67b57fa700 [db/flush_job.cc:301] [usertable] [JOB 2] Flushing memtable with next log file: 9
2018/11/17-11:15:59.111673 7f67b57fa700 [db/flush_job.cc:301] [usertable] [JOB 2] Flushing memtable with next log file: 10
2018/11/17-11:15:59.111733 7f67b57fa700 EVENT_LOG_v1 {"time_micros": 1542482159111710, "job": 2, "event": "flush_started", "num_memtables": 2, "num_entries": 58790, "num_deletes": 0, "memory_usage": 243691576, "flush_reason": "Write Buffer Full"}
2018/11/17-11:15:59.111748 7f67b57fa700 [db/flush_job.cc:331] [usertable] [JOB 2] Level-0 flush table #11: started
2018/11/17-11:15:59.194788 7f67f4a5c700 [db/db_impl_write.cc:1373] [usertable] New memtable created with log file: #18. Immutable memtables: 6.
2018/11/17-11:15:59.404463 7f67f4e60700 [db/db_impl_write.cc:1373] [usertable] New memtable created with log file: #19. Immutable memtables: 7.
2018/11/17-11:15:59.628918 7f67f4d5f700 [db/db_impl_write.cc:1373] [usertable] New memtable created with log file: #21. Immutable memtables: 8.
2018/11/17-11:15:59.901365 7f67f4759700 [db/db_impl_write.cc:1373] [usertable] New memtable created with log file: #22. Immutable memtables: 9.
2018/11/17-11:16:00.130476 7f67f4b5d700 [db/db_impl_write.cc:1373] [usertable] New memtable created with log file: #24. Immutable memtables: 10.
2018/11/17-11:16:00.317388 7f67f4d5f700 [db/db_impl_write.cc:1373] [usertable] New memtable created with log file: #25. Immutable memtables: 11.
2018/11/17-11:16:00.325368 7f67cdffb700 [db/db_impl_compaction_flush.cc:80] [JOB 4] Syncing log #12
2018/11/17-11:16:00.511672 7f67f485a700 [db/db_impl_write.cc:1373] [usertable] New memtable created with log file: #27. Immutable memtables: 12.
2018/11/17-11:16:00.720186 7f67f4759700 [db/db_impl_write.cc:1373] [usertable] New memtable created with log file: #28. Immutable memtables: 13.
2018/11/17-11:16:00.926701 7f67f4759700 [db/db_impl_write.cc:1373] [usertable] New memtable created with log file: #30. Immutable memtables: 14.
2018/11/17-11:16:01.124488 7f67f4a5c700 [db/db_impl_write.cc:1373] [usertable] New memtable created with log file: #31. Immutable memtables: 15.
2018/11/17-11:16:01.318805 7f67f4e60700 [db/db_impl_write.cc:1373] [usertable] New memtable created with log file: #33. Immutable memtables: 16.
2018/11/17-11:16:01.514987 7f67f4759700 [db/db_impl_write.cc:1373] [usertable] New memtable created with log file: #34. Immutable memtables: 17.
2018/11/17-11:16:01.707973 7f67f495b700 [db/db_impl_write.cc:1373] [usertable] New memtable created with log file: #36. Immutable memtables: 18.
2018/11/17-11:16:01.899996 7f67f4b5d700 [db/db_impl_write.cc:1373] [usertable] New memtable created with log file: #37. Immutable memtables: 19.
2018/11/17-11:16:02.083140 7f67f4a5c700 [db/db_impl_write.cc:1373] [usertable] New memtable created with log file: #39. Immutable memtables: 20.
2018/11/17-11:16:02.266031 7f67f4a5c700 [db/db_impl_write.cc:1373] [usertable] New memtable created with log file: #40. Immutable memtables: 21.
2018/11/17-11:16:02.406231 7f67f4b5d700 [db/db_impl_write.cc:1373] [usertable] New memtable created with log file: #42. Immutable memtables: 22.
2018/11/17-11:16:02.406257 7f67f4b5d700 [WARN] [db/column_family.cc:779] [usertable] Stalling writes because we have 23 immutable memtables (waiting for flush), max_write_buffer_number is set to 24 rate 16777216
2018/11/17-11:16:03.360727 7f67cdffb700 [db/db_impl_compaction_flush.cc:80] [JOB 4] Syncing log #13
2018/11/17-11:16:03.362034 7f67b57fa700 EVENT_LOG_v1 {"time_micros": 1542482163361999, "cf_name": "usertable", "job": 2, "event": "table_file_creation", "file_number": 11, "file_size": 243472920, "table_properties": {"data_size": 242391170, "index_size": 1080823, "filter_size": 0, "raw_key_size": 1410960, "raw_average_key_size": 24, "raw_value_size": 240803840, "raw_average_value_size": 4096, "num_data_blocks": 29395, "num_entries": 58790, "filter_policy_name": "", "kDeletedKeys": "0", "kMergeOperands": "0"}}
2018/11/17-11:16:03.362064 7f67b57fa700 [db/flush_job.cc:371] [usertable] [JOB 2] Level-0 flush table #11: 243472920 bytes OK
2018/11/17-11:16:03.562231 7f67b57fa700 (Original Log Time 2018/11/17-11:16:03.362082) [db/memtable_list.cc:377] [usertable] Level-0 commit table #11 started
2018/11/17-11:16:03.562234 7f67b57fa700 (Original Log Time 2018/11/17-11:16:03.562109) [db/memtable_list.cc:409] [usertable] Level-0 commit table #11: memtable #1 done
2018/11/17-11:16:03.562236 7f67b57fa700 (Original Log Time 2018/11/17-11:16:03.562125) [db/memtable_list.cc:409] [usertable] Level-0 commit table #11: memtable #2 done
2018/11/17-11:16:03.562237 7f67b57fa700 (Original Log Time 2018/11/17-11:16:03.562156) EVENT_LOG_v1 {"time_micros": 1542482163562135, "job": 2, "event": "flush_finished", "output_compression": "NoCompression", "lsm_state": [1, 0, 0, 0, 0, 0, 0], "immutable_memtables": 21}
2018/11/17-11:16:03.562239 7f67b57fa700 (Original Log Time 2018/11/17-11:16:03.562192) [db/db_impl_compaction_flush.cc:177] [usertable] Level summary: base level 1 max bytes base 536870912 files[1 0 0 0 0 0 0] max score 0.50
2018/11/17-11:16:03.562249 7f67b57fa700 [db/db_impl_files.cc:347] [JOB 2] Try to delete WAL files size 242180186, prev total WAL file size 2700167785, number of live WAL files 24.
2018/11/17-11:16:03.749409 7f67f4a5c700 [db/db_impl_write.cc:1373] [usertable] New memtable created with log file: #43. Immutable memtables: 21.
2018/11/17-11:16:03.912075 7f67cdffb700 [db/db_impl_compaction_flush.cc:80] [JOB 4] Syncing log #15
2018/11/17-11:16:03.938540 7f67f4a5c700 [db/db_impl_write.cc:1373] [usertable] New memtable created with log file: #45. Immutable memtables: 22.
2018/11/17-11:16:03.938562 7f67f4a5c700 [WARN] [db/column_family.cc:779] [usertable] Stalling writes because we have 23 immutable memtables (waiting for flush), max_write_buffer_number is set to 24 rate 16777216
2018/11/17-11:16:05.637314 7f67cdffb700 (Original Log Time 2018/11/17-11:15:58.979774) [db/db_impl_compaction_flush.cc:1424] Calling FlushMemTableToOutputFile with column family [usertable], flush slots available 24, compaction slots available 1, flush slots scheduled 3, compaction slots scheduled 0
2018/11/17-11:16:05.637321 7f67ce7fc700 (Original Log Time 2018/11/17-11:15:58.560323) [db/db_impl_compaction_flush.cc:1424] Calling FlushMemTableToOutputFile with column family [usertable], flush slots available 24, compaction slots available 1, flush slots scheduled 2, compaction slots scheduled 0
2018/11/17-11:16:05.637328 7f67ce7fc700 [db/flush_job.cc:301] [usertable] [JOB 3] Flushing memtable with next log file: 12
2018/11/17-11:16:05.637329 7f67cdffb700 [db/flush_job.cc:301] [usertable] [JOB 4] Flushing memtable with next log file: 15
2018/11/17-11:16:05.637338 7f67cdffb700 [db/flush_job.cc:301] [usertable] [JOB 4] Flushing memtable with next log file: 16
2018/11/17-11:16:05.637338 7f67ce7fc700 [db/flush_job.cc:301] [usertable] [JOB 3] Flushing memtable with next log file: 13
2018/11/17-11:16:05.637337 7f67cd7fa700 [db/db_impl_compaction_flush.cc:80] [JOB 5] Syncing log #16
2018/11/17-11:16:05.637376 7f67cdffb700 EVENT_LOG_v1 {"time_micros": 1542482165637363, "job": 4, "event": "flush_started", "num_memtables": 2, "num_entries": 56584, "num_deletes": 0, "memory_usage": 238869472, "flush_reason": "Write Buffer Full"}
2018/11/17-11:16:05.637376 7f67ce7fc700 EVENT_LOG_v1 {"time_micros": 1542482165637363, "job": 3, "event": "flush_started", "num_memtables": 2, "num_entries": 57584, "num_deletes": 0, "memory_usage": 238706496, "flush_reason": "Write Buffer Full"}
2018/11/17-11:16:05.637389 7f67ce7fc700 [db/flush_job.cc:331] [usertable] [JOB 3] Level-0 flush table #14: started
2018/11/17-11:16:05.637389 7f67cdffb700 [db/flush_job.cc:331] [usertable] [JOB 4] Level-0 flush table #17: started
2018/11/17-11:16:07.146885 7f67cd7fa700 [db/db_impl_compaction_flush.cc:80] [JOB 5] Syncing log #18
2018/11/17-11:16:09.055881 7f67cd7fa700 (Original Log Time 2018/11/17-11:15:59.404522) [db/db_impl_compaction_flush.cc:1424] Calling FlushMemTableToOutputFile with column family [usertable], flush slots available 24, compaction slots available 1, flush slots scheduled 4, compaction slots scheduled 0
2018/11/17-11:16:09.055911 7f67cd7fa700 [db/flush_job.cc:301] [usertable] [JOB 5] Flushing memtable with next log file: 18
2018/11/17-11:16:09.055912 7f67ccff9700 [db/db_impl_compaction_flush.cc:80] [JOB 6] Syncing log #19
2018/11/17-11:16:09.055922 7f67cd7fa700 [db/flush_job.cc:301] [usertable] [JOB 5] Flushing memtable with next log file: 19
2018/11/17-11:16:09.055957 7f67cd7fa700 EVENT_LOG_v1 {"time_micros": 1542482169055946, "job": 5, "event": "flush_started", "num_memtables": 2, "num_entries": 57301, "num_deletes": 0, "memory_usage": 237533160, "flush_reason": "Write Buffer Full"}
2018/11/17-11:16:09.055965 7f67cd7fa700 [db/flush_job.cc:331] [usertable] [JOB 5] Level-0 flush table #20: started
2018/11/17-11:16:10.920547 7f67f4557700 [db/db_impl_write.cc:1373] [usertable] New memtable created with log file: #46. Immutable memtables: 23.
2018/11/17-11:16:10.920584 7f67f4557700 [WARN] [db/column_family.cc:743] [usertable] Stopping writes because we have 24 immutable memtables (waiting for flush), max_write_buffer_number is set to 24
2018/11/17-11:16:12.179205 7f67ccff9700 [db/db_impl_compaction_flush.cc:80] [JOB 6] Syncing log #21
2018/11/17-11:16:16.206201 7f67cd7fa700 EVENT_LOG_v1 {"time_micros": 1542482176206173, "cf_name": "usertable", "job": 5, "event": "table_file_creation", "file_number": 20, "file_size": 237306419, "table_properties": {"data_size": 236252037, "index_size": 1053455, "filter_size": 0, "raw_key_size": 1375224, "raw_average_key_size": 24, "raw_value_size": 234704896, "raw_average_value_size": 4096, "num_data_blocks": 28651, "num_entries": 57301, "filter_policy_name": "", "kDeletedKeys": "0", "kMergeOperands": "0"}}
2018/11/17-11:16:16.206233 7f67cd7fa700 [db/flush_job.cc:371] [usertable] [JOB 5] Level-0 flush table #20: 237306419 bytes OK
2018/11/17-11:16:16.206247 7f67ce7fc700 EVENT_LOG_v1 {"time_micros": 1542482176206234, "cf_name": "usertable", "job": 3, "event": "table_file_creation", "file_number": 14, "file_size": 238478400, "table_properties": {"data_size": 237418832, "index_size": 1058641, "filter_size": 0, "raw_key_size": 1382016, "raw_average_key_size": 24, "raw_value_size": 235864064, "raw_average_value_size": 4096, "num_data_blocks": 28792, "num_entries": 57584, "filter_policy_name": "", "kDeletedKeys": "0", "kMergeOperands": "0"}}
2018/11/17-11:16:16.206261 7f67ce7fc700 [db/flush_job.cc:371] [usertable] [JOB 3] Level-0 flush table #14: 238478400 bytes OK
2018/11/17-11:16:16.206286 7f67cd7fa700 [WARN] [db/column_family.cc:743] [usertable] Stopping writes because we have 24 immutable memtables (waiting for flush), max_write_buffer_number is set to 24
2018/11/17-11:16:16.206326 7f67cd7fa700 (Original Log Time 2018/11/17-11:16:16.206266) EVENT_LOG_v1 {"time_micros": 1542482176206255, "job": 5, "event": "flush_finished", "output_compression": "NoCompression", "lsm_state": [1, 0, 0, 0, 0, 0, 0], "immutable_memtables": 24}
2018/11/17-11:16:16.206328 7f67cd7fa700 (Original Log Time 2018/11/17-11:16:16.206304) [db/db_impl_compaction_flush.cc:177] [usertable] Level summary: base level 1 max bytes base 536870912 files[1 0 0 0 0 0 0] max score 0.50
2018/11/17-11:16:16.304861 7f67ccff9700 (Original Log Time 2018/11/17-11:15:59.901417) [db/db_impl_compaction_flush.cc:1424] Calling FlushMemTableToOutputFile with column family [usertable], flush slots available 24, compaction slots available 1, flush slots scheduled 5, compaction slots scheduled 0
2018/11/17-11:16:16.304869 7f67ccff9700 [db/flush_job.cc:301] [usertable] [JOB 6] Flushing memtable with next log file: 21
2018/11/17-11:16:16.304880 7f67ccff9700 [db/flush_job.cc:301] [usertable] [JOB 6] Flushing memtable with next log file: 22
2018/11/17-11:16:16.304901 7f67c7fff700 [db/db_impl_compaction_flush.cc:80] [JOB 7] Syncing log #22
2018/11/17-11:16:16.304911 7f67ccff9700 EVENT_LOG_v1 {"time_micros": 1542482176304902, "job": 6, "event": "flush_started", "num_memtables": 2, "num_entries": 57839, "num_deletes": 0, "memory_usage": 239758584, "flush_reason": "Write Buffer Full"}
2018/11/17-11:16:16.304918 7f67ccff9700 [db/flush_job.cc:331] [usertable] [JOB 6] Level-0 flush table #23: started
2018/11/17-11:16:16.305502 7f67cdffb700 EVENT_LOG_v1 {"time_micros": 1542482176305486, "cf_name": "usertable", "job": 4, "event": "table_file_creation", "file_number": 17, "file_size": 234337013, "table_properties": {"data_size": 233295832, "index_size": 1040254, "filter_size": 0, "raw_key_size": 1358016, "raw_average_key_size": 24, "raw_value_size": 231768064, "raw_average_value_size": 4096, "num_data_blocks": 28292, "num_entries": 56584, "filter_policy_name": "", "kDeletedKeys": "0", "kMergeOperands": "0"}}
2018/11/17-11:16:16.305530 7f67cdffb700 [db/flush_job.cc:371] [usertable] [JOB 4] Level-0 flush table #17: 234337013 bytes OK
2018/11/17-11:16:16.709095 7f67ce7fc700 (Original Log Time 2018/11/17-11:16:16.206332) [db/memtable_list.cc:377] [usertable] Level-0 commit table #14 started
2018/11/17-11:16:16.709098 7f67ce7fc700 (Original Log Time 2018/11/17-11:16:16.709033) [db/memtable_list.cc:409] [usertable] Level-0 commit table #14: memtable #1 done
2018/11/17-11:16:16.709099 7f67ce7fc700 (Original Log Time 2018/11/17-11:16:16.709036) [db/memtable_list.cc:409] [usertable] Level-0 commit table #14: memtable #2 done
2018/11/17-11:16:16.709101 7f67ce7fc700 (Original Log Time 2018/11/17-11:16:16.709048) EVENT_LOG_v1 {"time_micros": 1542482176709042, "job": 3, "event": "flush_finished", "output_compression": "NoCompression", "lsm_state": [2, 0, 0, 0, 0, 0, 0], "immutable_memtables": 22}
2018/11/17-11:16:16.709102 7f67ce7fc700 (Original Log Time 2018/11/17-11:16:16.709072) [db/db_impl_compaction_flush.cc:177] [usertable] Level summary: base level 1 max bytes base 536870912 files[2 0 0 0 0 0 0] max score 1.00
2018/11/17-11:16:16.709112 7f67ce7fc700 [db/db_impl_files.cc:347] [JOB 3] Try to delete WAL files size 237184400, prev total WAL file size 2789757528, number of live WAL files 25.
2018/11/17-11:16:16.709428 7f67e7de9700 [WARN] [db/db_impl.cc:491] ------- DUMPING STATS -------
2018/11/17-11:16:16.709466 7f67e7de9700 [WARN] [db/db_impl.cc:492] 
** DB Stats **
Uptime(secs): 19.2 total, 19.2 interval
Cumulative writes: 736K writes, 736K keys, 115K commit groups, 6.4 writes per commit group, ingest: 2.82 GB, 150.46 MB/s
Cumulative WAL: 736K writes, 0 syncs, 736106.00 writes per sync, written: 2.82 GB, 150.46 MB/s
Cumulative stall: 00:00:7.624 H:M:S, 39.7 percent
Interval writes: 736K writes, 736K keys, 115K commit groups, 6.4 writes per commit group, ingest: 2891.48 MB, 150.46 MB/s
Interval WAL: 736K writes, 0 syncs, 736106.00 writes per sync, written: 2.82 MB, 150.46 MB/s
Interval stall: 00:00:7.624 H:M:S, 39.7 percent

** Compaction Stats [default] **
Level    Files   Size     Score Read(GB)  Rn(GB) Rnp1(GB) Write(GB) Wnew(GB) Moved(GB) W-Amp Rd(MB/s) Wr(MB/s) Comp(sec) Comp(cnt) Avg(sec) KeyIn KeyDrop
----------------------------------------------------------------------------------------------------------------------------------------------------------
 Sum      0/0    0.00 KB   0.0      0.0     0.0      0.0       0.0      0.0       0.0   0.0      0.0      0.0         0         0    0.000       0      0
