2019/03/23-18:19:41.131035 7fe91a3df700 RocksDB version: 5.14.3
2019/03/23-18:19:41.131115 7fe91a3df700 Git sha rocksdb_build_git_sha:
2019/03/23-18:19:41.131118 7fe91a3df700 Compile date Oct  9 2018
2019/03/23-18:19:41.131128 7fe91a3df700 DB SUMMARY
2019/03/23-18:19:41.131714 7fe91a3df700 CURRENT file:  CURRENT
2019/03/23-18:19:41.131719 7fe91a3df700 IDENTITY file:  IDENTITY
2019/03/23-18:19:41.131728 7fe91a3df700 MANIFEST file:  MANIFEST-000004 size: 129728 Bytes
2019/03/23-18:19:41.131732 7fe91a3df700 SST files in /mnt/sde/ycsb-rocksdb-data dir, Total Num: 715, files: 000021.sst 000022.sst 000023.sst 000024.sst 000025.sst 000026.sst 000027.sst 000028.sst 000029.sst 
2019/03/23-18:19:41.131737 7fe91a3df700 Write Ahead Log file in /mnt/sde/ycsb-rocksdb-data: 001324.log size: 109003493 ; 001330.log size: 89868128 ; 
2019/03/23-18:19:41.131764 7fe91a3df700                         Options.error_if_exists: 0
2019/03/23-18:19:41.131765 7fe91a3df700                       Options.create_if_missing: 1
2019/03/23-18:19:41.131766 7fe91a3df700                         Options.paranoid_checks: 1
2019/03/23-18:19:41.131767 7fe91a3df700                                     Options.env: 0x7fe919a5a080
2019/03/23-18:19:41.131768 7fe91a3df700                                Options.info_log: 0x7fe8b43b4d60
2019/03/23-18:19:41.131769 7fe91a3df700                Options.max_file_opening_threads: 16
2019/03/23-18:19:41.131770 7fe91a3df700                              Options.statistics: (nil)
2019/03/23-18:19:41.131771 7fe91a3df700                               Options.use_fsync: 0
2019/03/23-18:19:41.131772 7fe91a3df700                       Options.max_log_file_size: 0
2019/03/23-18:19:41.131773 7fe91a3df700                  Options.max_manifest_file_size: 18446744073709551615
2019/03/23-18:19:41.131774 7fe91a3df700                   Options.log_file_time_to_roll: 0
2019/03/23-18:19:41.131775 7fe91a3df700                       Options.keep_log_file_num: 1000
2019/03/23-18:19:41.131776 7fe91a3df700                    Options.recycle_log_file_num: 0
2019/03/23-18:19:41.131777 7fe91a3df700                         Options.allow_fallocate: 1
2019/03/23-18:19:41.131777 7fe91a3df700                        Options.allow_mmap_reads: 0
2019/03/23-18:19:41.131778 7fe91a3df700                       Options.allow_mmap_writes: 0
2019/03/23-18:19:41.131779 7fe91a3df700                        Options.use_direct_reads: 0
2019/03/23-18:19:41.131780 7fe91a3df700                        Options.use_direct_io_for_flush_and_compaction: 0
2019/03/23-18:19:41.131781 7fe91a3df700          Options.create_missing_column_families: 1
2019/03/23-18:19:41.131782 7fe91a3df700                              Options.db_log_dir: 
2019/03/23-18:19:41.131783 7fe91a3df700                                 Options.wal_dir: /mnt/sde/ycsb-rocksdb-data
2019/03/23-18:19:41.131784 7fe91a3df700                Options.table_cache_numshardbits: 6
2019/03/23-18:19:41.131785 7fe91a3df700                      Options.max_subcompactions: 4
2019/03/23-18:19:41.131786 7fe91a3df700                  Options.max_background_flushes: 24
2019/03/23-18:19:41.131787 7fe91a3df700                         Options.WAL_ttl_seconds: 0
2019/03/23-18:19:41.131787 7fe91a3df700                       Options.WAL_size_limit_MB: 0
2019/03/23-18:19:41.131788 7fe91a3df700             Options.manifest_preallocation_size: 4194304
2019/03/23-18:19:41.131789 7fe91a3df700                     Options.is_fd_close_on_exec: 1
2019/03/23-18:19:41.131790 7fe91a3df700                   Options.advise_random_on_open: 1
2019/03/23-18:19:41.131791 7fe91a3df700                    Options.db_write_buffer_size: 0
2019/03/23-18:19:41.131792 7fe91a3df700                    Options.write_buffer_manager: 0x7fe8b43b4b70
2019/03/23-18:19:41.131793 7fe91a3df700         Options.access_hint_on_compaction_start: 1
2019/03/23-18:19:41.131794 7fe91a3df700  Options.new_table_reader_for_compaction_inputs: 0
2019/03/23-18:19:41.131794 7fe91a3df700           Options.random_access_max_buffer_size: 1048576
2019/03/23-18:19:41.131795 7fe91a3df700                      Options.use_adaptive_mutex: 0
2019/03/23-18:19:41.131796 7fe91a3df700                            Options.rate_limiter: (nil)
2019/03/23-18:19:41.131812 7fe91a3df700     Options.sst_file_manager.rate_bytes_per_sec: 0
2019/03/23-18:19:41.131814 7fe91a3df700                       Options.wal_recovery_mode: 2
2019/03/23-18:19:41.131815 7fe91a3df700                  Options.enable_thread_tracking: 0
2019/03/23-18:19:41.131816 7fe91a3df700                  Options.enable_pipelined_write: 1
2019/03/23-18:19:41.131816 7fe91a3df700         Options.allow_concurrent_memtable_write: 1
2019/03/23-18:19:41.131817 7fe91a3df700      Options.enable_write_thread_adaptive_yield: 1
2019/03/23-18:19:41.131818 7fe91a3df700             Options.write_thread_max_yield_usec: 100
2019/03/23-18:19:41.131819 7fe91a3df700            Options.write_thread_slow_yield_usec: 3
2019/03/23-18:19:41.131820 7fe91a3df700                               Options.row_cache: None
2019/03/23-18:19:41.131821 7fe91a3df700                              Options.wal_filter: None
2019/03/23-18:19:41.131822 7fe91a3df700             Options.avoid_flush_during_recovery: 0
2019/03/23-18:19:41.131823 7fe91a3df700             Options.allow_ingest_behind: 0
2019/03/23-18:19:41.131823 7fe91a3df700             Options.preserve_deletes: 0
2019/03/23-18:19:41.131824 7fe91a3df700             Options.two_write_queues: 0
2019/03/23-18:19:41.131825 7fe91a3df700             Options.manual_wal_flush: 0
2019/03/23-18:19:41.131827 7fe91a3df700             Options.max_background_jobs: 24
2019/03/23-18:19:41.131828 7fe91a3df700             Options.max_background_compactions: 24
2019/03/23-18:19:41.131829 7fe91a3df700             Options.avoid_flush_during_shutdown: 0
2019/03/23-18:19:41.131830 7fe91a3df700           Options.writable_file_max_buffer_size: 1048576
2019/03/23-18:19:41.131831 7fe91a3df700             Options.delayed_write_rate : 16777216
2019/03/23-18:19:41.131832 7fe91a3df700             Options.max_total_wal_size: 0
2019/03/23-18:19:41.131833 7fe91a3df700             Options.delete_obsolete_files_period_micros: 21600000000
2019/03/23-18:19:41.131834 7fe91a3df700                   Options.stats_dump_period_sec: 60
2019/03/23-18:19:41.131835 7fe91a3df700                          Options.max_open_files: -1
2019/03/23-18:19:41.131836 7fe91a3df700                          Options.bytes_per_sync: 1048576
2019/03/23-18:19:41.131837 7fe91a3df700                      Options.wal_bytes_per_sync: 0
2019/03/23-18:19:41.131838 7fe91a3df700       Options.compaction_readahead_size: 0
2019/03/23-18:19:41.131838 7fe91a3df700 Compression algorithms supported:
2019/03/23-18:19:41.131840 7fe91a3df700 	kZSTDNotFinalCompression supported: 1
2019/03/23-18:19:41.131849 7fe91a3df700 	kZSTD supported: 1
2019/03/23-18:19:41.131850 7fe91a3df700 	kXpressCompression supported: 0
2019/03/23-18:19:41.131851 7fe91a3df700 	kLZ4HCCompression supported: 1
2019/03/23-18:19:41.131853 7fe91a3df700 	kLZ4Compression supported: 1
2019/03/23-18:19:41.131854 7fe91a3df700 	kBZip2Compression supported: 1
2019/03/23-18:19:41.131855 7fe91a3df700 	kZlibCompression supported: 1
2019/03/23-18:19:41.131856 7fe91a3df700 	kSnappyCompression supported: 1
2019/03/23-18:19:41.131860 7fe91a3df700 Fast CRC32 supported: Not supported on x86
2019/03/23-18:19:41.132324 7fe91a3df700 [db/version_set.cc:3085] Recovering from manifest file: MANIFEST-000004
2019/03/23-18:19:41.132439 7fe91a3df700 [db/column_family.cc:475] --------------- Options for column family [default]:
2019/03/23-18:19:41.132443 7fe91a3df700               Options.comparator: leveldb.BytewiseComparator
2019/03/23-18:19:41.132444 7fe91a3df700           Options.merge_operator: None
2019/03/23-18:19:41.132445 7fe91a3df700        Options.compaction_filter: None
2019/03/23-18:19:41.132445 7fe91a3df700        Options.compaction_filter_factory: None
2019/03/23-18:19:41.132446 7fe91a3df700         Options.memtable_factory: SkipListFactory
2019/03/23-18:19:41.132448 7fe91a3df700            Options.table_factory: BlockBasedTable
2019/03/23-18:19:41.132472 7fe91a3df700            table_factory options:   flush_block_policy_factory: FlushBlockBySizePolicyFactory (0x7fe8b43ac9c0)
  cache_index_and_filter_blocks: 0
  cache_index_and_filter_blocks_with_high_priority: 0
  pin_l0_filter_and_index_blocks_in_cache: 0
  index_type: 0
  hash_index_allow_collision: 1
  checksum: 1
  no_block_cache: 0
  block_cache: 0x7fe8b439e8b0
  block_cache_name: LRUCache
  block_cache_options:
    capacity : 8388608
    num_shard_bits : 4
    strict_capacity_limit : 0
    high_pri_pool_ratio: 0.000
  block_cache_compressed: (nil)
  persistent_cache: (nil)
  block_size: 8192
  block_size_deviation: 10
  block_restart_interval: 16
  index_block_restart_interval: 1
  metadata_block_size: 4096
  partition_filters: 0
  use_delta_encoding: 1
  filter_policy: nullptr
  whole_key_filtering: 1
  verify_compression: 0
  read_amp_bytes_per_bit: 0
  format_version: 2
  enable_index_compression: 1
  block_align: 0
2019/03/23-18:19:41.132485 7fe91a3df700        Options.write_buffer_size: 134217728
2019/03/23-18:19:41.132487 7fe91a3df700  Options.max_write_buffer_number: 24
2019/03/23-18:19:41.132488 7fe91a3df700        Options.compression[0]: NoCompression
2019/03/23-18:19:41.132490 7fe91a3df700        Options.compression[1]: NoCompression
2019/03/23-18:19:41.132491 7fe91a3df700        Options.compression[2]: LZ4
2019/03/23-18:19:41.132492 7fe91a3df700        Options.compression[3]: LZ4
2019/03/23-18:19:41.132493 7fe91a3df700        Options.compression[4]: LZ4
2019/03/23-18:19:41.132494 7fe91a3df700        Options.compression[5]: LZ4
2019/03/23-18:19:41.132495 7fe91a3df700        Options.compression[6]: LZ4
2019/03/23-18:19:41.132496 7fe91a3df700                  Options.bottommost_compression: Disabled
2019/03/23-18:19:41.132497 7fe91a3df700       Options.prefix_extractor: nullptr
2019/03/23-18:19:41.132498 7fe91a3df700   Options.memtable_insert_with_hint_prefix_extractor: nullptr
2019/03/23-18:19:41.132499 7fe91a3df700             Options.num_levels: 7
2019/03/23-18:19:41.132500 7fe91a3df700        Options.min_write_buffer_number_to_merge: 2
2019/03/23-18:19:41.132501 7fe91a3df700     Options.max_write_buffer_number_to_maintain: 0
2019/03/23-18:19:41.132502 7fe91a3df700            Options.compression_opts.window_bits: -14
2019/03/23-18:19:41.132502 7fe91a3df700                  Options.compression_opts.level: -1
2019/03/23-18:19:41.132503 7fe91a3df700               Options.compression_opts.strategy: 0
2019/03/23-18:19:41.132504 7fe91a3df700         Options.compression_opts.max_dict_bytes: 0
2019/03/23-18:19:41.132505 7fe91a3df700         Options.compression_opts.zstd_max_train_bytes: 0
2019/03/23-18:19:41.132506 7fe91a3df700      Options.level0_file_num_compaction_trigger: 2
2019/03/23-18:19:41.132507 7fe91a3df700          Options.level0_slowdown_writes_trigger: 20
2019/03/23-18:19:41.132507 7fe91a3df700              Options.level0_stop_writes_trigger: 36
2019/03/23-18:19:41.132508 7fe91a3df700                   Options.target_file_size_base: 67108864
2019/03/23-18:19:41.132509 7fe91a3df700             Options.target_file_size_multiplier: 1
2019/03/23-18:19:41.132510 7fe91a3df700                Options.max_bytes_for_level_base: 536870912
2019/03/23-18:19:41.132511 7fe91a3df700 Options.level_compaction_dynamic_level_bytes: 0
2019/03/23-18:19:41.132512 7fe91a3df700          Options.max_bytes_for_level_multiplier: 10.000000
2019/03/23-18:19:41.132515 7fe91a3df700 Options.max_bytes_for_level_multiplier_addtl[0]: 1
2019/03/23-18:19:41.132516 7fe91a3df700 Options.max_bytes_for_level_multiplier_addtl[1]: 1
2019/03/23-18:19:41.132517 7fe91a3df700 Options.max_bytes_for_level_multiplier_addtl[2]: 1
2019/03/23-18:19:41.132518 7fe91a3df700 Options.max_bytes_for_level_multiplier_addtl[3]: 1
2019/03/23-18:19:41.132519 7fe91a3df700 Options.max_bytes_for_level_multiplier_addtl[4]: 1
2019/03/23-18:19:41.132520 7fe91a3df700 Options.max_bytes_for_level_multiplier_addtl[5]: 1
2019/03/23-18:19:41.132520 7fe91a3df700 Options.max_bytes_for_level_multiplier_addtl[6]: 1
2019/03/23-18:19:41.132521 7fe91a3df700       Options.max_sequential_skip_in_iterations: 8
2019/03/23-18:19:41.132522 7fe91a3df700                    Options.max_compaction_bytes: 1677721600
2019/03/23-18:19:41.132529 7fe91a3df700                        Options.arena_block_size: 16777216
2019/03/23-18:19:41.132530 7fe91a3df700   Options.soft_pending_compaction_bytes_limit: 68719476736
2019/03/23-18:19:41.132531 7fe91a3df700   Options.hard_pending_compaction_bytes_limit: 274877906944
2019/03/23-18:19:41.132532 7fe91a3df700       Options.rate_limit_delay_max_milliseconds: 100
2019/03/23-18:19:41.132533 7fe91a3df700                Options.disable_auto_compactions: 0
2019/03/23-18:19:41.132535 7fe91a3df700                        Options.compaction_style: kCompactionStyleLevel
2019/03/23-18:19:41.132536 7fe91a3df700                          Options.compaction_pri: kByCompensatedSize
2019/03/23-18:19:41.132537 7fe91a3df700 Options.compaction_options_universal.size_ratio: 1
2019/03/23-18:19:41.132538 7fe91a3df700 Options.compaction_options_universal.min_merge_width: 2
2019/03/23-18:19:41.132539 7fe91a3df700 Options.compaction_options_universal.max_merge_width: 4294967295
2019/03/23-18:19:41.132540 7fe91a3df700 Options.compaction_options_universal.max_size_amplification_percent: 200
2019/03/23-18:19:41.132541 7fe91a3df700 Options.compaction_options_universal.compression_size_percent: -1
2019/03/23-18:19:41.132542 7fe91a3df700 Options.compaction_options_universal.stop_style: kCompactionStopStyleTotalSize
2019/03/23-18:19:41.132543 7fe91a3df700 Options.compaction_options_fifo.max_table_files_size: 1073741824
2019/03/23-18:19:41.132544 7fe91a3df700 Options.compaction_options_fifo.allow_compaction: 0
2019/03/23-18:19:41.132545 7fe91a3df700 Options.compaction_options_fifo.ttl: 0
2019/03/23-18:19:41.132546 7fe91a3df700                   Options.table_properties_collectors: 
2019/03/23-18:19:41.132547 7fe91a3df700                   Options.inplace_update_support: 0
2019/03/23-18:19:41.132547 7fe91a3df700                 Options.inplace_update_num_locks: 10000
2019/03/23-18:19:41.132548 7fe91a3df700               Options.memtable_prefix_bloom_size_ratio: 0.000000
2019/03/23-18:19:41.132550 7fe91a3df700   Options.memtable_huge_page_size: 0
2019/03/23-18:19:41.132551 7fe91a3df700                           Options.bloom_locality: 0
2019/03/23-18:19:41.132551 7fe91a3df700                    Options.max_successive_merges: 0
2019/03/23-18:19:41.132552 7fe91a3df700                Options.optimize_filters_for_hits: 0
2019/03/23-18:19:41.132553 7fe91a3df700                Options.paranoid_file_checks: 0
2019/03/23-18:19:41.132554 7fe91a3df700                Options.force_consistency_checks: 0
2019/03/23-18:19:41.132555 7fe91a3df700                Options.report_bg_io_stats: 0
2019/03/23-18:19:41.132556 7fe91a3df700                               Options.ttl: 0
2019/03/23-18:19:41.133081 7fe91a3df700 [db/column_family.cc:475] --------------- Options for column family [usertable]:
2019/03/23-18:19:41.133085 7fe91a3df700               Options.comparator: leveldb.BytewiseComparator
2019/03/23-18:19:41.133087 7fe91a3df700           Options.merge_operator: None
2019/03/23-18:19:41.133088 7fe91a3df700        Options.compaction_filter: None
2019/03/23-18:19:41.133088 7fe91a3df700        Options.compaction_filter_factory: None
2019/03/23-18:19:41.133089 7fe91a3df700         Options.memtable_factory: SkipListFactory
2019/03/23-18:19:41.133090 7fe91a3df700            Options.table_factory: BlockBasedTable
2019/03/23-18:19:41.133114 7fe91a3df700            table_factory options:   flush_block_policy_factory: FlushBlockBySizePolicyFactory (0x7fe8b43b20a0)
  cache_index_and_filter_blocks: 0
  cache_index_and_filter_blocks_with_high_priority: 0
  pin_l0_filter_and_index_blocks_in_cache: 0
  index_type: 0
  hash_index_allow_collision: 1
  checksum: 1
  no_block_cache: 0
  block_cache: 0x7fe8b43ae430
  block_cache_name: LRUCache
  block_cache_options:
    capacity : 8388608
    num_shard_bits : 4
    strict_capacity_limit : 0
    high_pri_pool_ratio: 0.000
  block_cache_compressed: (nil)
  persistent_cache: (nil)
  block_size: 8192
  block_size_deviation: 10
  block_restart_interval: 16
  index_block_restart_interval: 1
  metadata_block_size: 4096
  partition_filters: 0
  use_delta_encoding: 1
  filter_policy: nullptr
  whole_key_filtering: 1
  verify_compression: 0
  read_amp_bytes_per_bit: 0
  format_version: 2
  enable_index_compression: 1
  block_align: 0
2019/03/23-18:19:41.133128 7fe91a3df700        Options.write_buffer_size: 134217728
2019/03/23-18:19:41.133130 7fe91a3df700  Options.max_write_buffer_number: 24
2019/03/23-18:19:41.133131 7fe91a3df700        Options.compression[0]: NoCompression
2019/03/23-18:19:41.133132 7fe91a3df700        Options.compression[1]: NoCompression
2019/03/23-18:19:41.133134 7fe91a3df700        Options.compression[2]: LZ4
2019/03/23-18:19:41.133135 7fe91a3df700        Options.compression[3]: LZ4
2019/03/23-18:19:41.133136 7fe91a3df700        Options.compression[4]: LZ4
2019/03/23-18:19:41.133137 7fe91a3df700        Options.compression[5]: LZ4
2019/03/23-18:19:41.133138 7fe91a3df700        Options.compression[6]: LZ4
2019/03/23-18:19:41.133139 7fe91a3df700                  Options.bottommost_compression: Disabled
2019/03/23-18:19:41.133140 7fe91a3df700       Options.prefix_extractor: nullptr
2019/03/23-18:19:41.133141 7fe91a3df700   Options.memtable_insert_with_hint_prefix_extractor: nullptr
2019/03/23-18:19:41.133141 7fe91a3df700             Options.num_levels: 7
2019/03/23-18:19:41.133142 7fe91a3df700        Options.min_write_buffer_number_to_merge: 2
2019/03/23-18:19:41.133143 7fe91a3df700     Options.max_write_buffer_number_to_maintain: 0
2019/03/23-18:19:41.133144 7fe91a3df700            Options.compression_opts.window_bits: -14
2019/03/23-18:19:41.133145 7fe91a3df700                  Options.compression_opts.level: -1
2019/03/23-18:19:41.133146 7fe91a3df700               Options.compression_opts.strategy: 0
2019/03/23-18:19:41.133147 7fe91a3df700         Options.compression_opts.max_dict_bytes: 0
2019/03/23-18:19:41.133147 7fe91a3df700         Options.compression_opts.zstd_max_train_bytes: 0
2019/03/23-18:19:41.133148 7fe91a3df700      Options.level0_file_num_compaction_trigger: 2
2019/03/23-18:19:41.133149 7fe91a3df700          Options.level0_slowdown_writes_trigger: 20
2019/03/23-18:19:41.133150 7fe91a3df700              Options.level0_stop_writes_trigger: 36
2019/03/23-18:19:41.133151 7fe91a3df700                   Options.target_file_size_base: 67108864
2019/03/23-18:19:41.133152 7fe91a3df700             Options.target_file_size_multiplier: 1
2019/03/23-18:19:41.133152 7fe91a3df700                Options.max_bytes_for_level_base: 536870912
2019/03/23-18:19:41.133153 7fe91a3df700 Options.level_compaction_dynamic_level_bytes: 0
2019/03/23-18:19:41.133154 7fe91a3df700          Options.max_bytes_for_level_multiplier: 10.000000
2019/03/23-18:19:41.133156 7fe91a3df700 Options.max_bytes_for_level_multiplier_addtl[0]: 1
2019/03/23-18:19:41.133157 7fe91a3df700 Options.max_bytes_for_level_multiplier_addtl[1]: 1
2019/03/23-18:19:41.133158 7fe91a3df700 Options.max_bytes_for_level_multiplier_addtl[2]: 1
2019/03/23-18:19:41.133159 7fe91a3df700 Options.max_bytes_for_level_multiplier_addtl[3]: 1
2019/03/23-18:19:41.133160 7fe91a3df700 Options.max_bytes_for_level_multiplier_addtl[4]: 1
2019/03/23-18:19:41.133161 7fe91a3df700 Options.max_bytes_for_level_multiplier_addtl[5]: 1
2019/03/23-18:19:41.133162 7fe91a3df700 Options.max_bytes_for_level_multiplier_addtl[6]: 1
2019/03/23-18:19:41.133162 7fe91a3df700       Options.max_sequential_skip_in_iterations: 8
2019/03/23-18:19:41.133163 7fe91a3df700                    Options.max_compaction_bytes: 1677721600
2019/03/23-18:19:41.133164 7fe91a3df700                        Options.arena_block_size: 16777216
2019/03/23-18:19:41.133165 7fe91a3df700   Options.soft_pending_compaction_bytes_limit: 68719476736
2019/03/23-18:19:41.133166 7fe91a3df700   Options.hard_pending_compaction_bytes_limit: 274877906944
2019/03/23-18:19:41.133167 7fe91a3df700       Options.rate_limit_delay_max_milliseconds: 100
2019/03/23-18:19:41.133168 7fe91a3df700                Options.disable_auto_compactions: 0
2019/03/23-18:19:41.133169 7fe91a3df700                        Options.compaction_style: kCompactionStyleLevel
2019/03/23-18:19:41.133176 7fe91a3df700                          Options.compaction_pri: kByCompensatedSize
2019/03/23-18:19:41.133177 7fe91a3df700 Options.compaction_options_universal.size_ratio: 1
2019/03/23-18:19:41.133178 7fe91a3df700 Options.compaction_options_universal.min_merge_width: 2
2019/03/23-18:19:41.133179 7fe91a3df700 Options.compaction_options_universal.max_merge_width: 4294967295
2019/03/23-18:19:41.133180 7fe91a3df700 Options.compaction_options_universal.max_size_amplification_percent: 200
2019/03/23-18:19:41.133180 7fe91a3df700 Options.compaction_options_universal.compression_size_percent: -1
2019/03/23-18:19:41.133182 7fe91a3df700 Options.compaction_options_universal.stop_style: kCompactionStopStyleTotalSize
2019/03/23-18:19:41.133182 7fe91a3df700 Options.compaction_options_fifo.max_table_files_size: 1073741824
2019/03/23-18:19:41.133183 7fe91a3df700 Options.compaction_options_fifo.allow_compaction: 0
2019/03/23-18:19:41.133184 7fe91a3df700 Options.compaction_options_fifo.ttl: 0
2019/03/23-18:19:41.133185 7fe91a3df700                   Options.table_properties_collectors: 
2019/03/23-18:19:41.133186 7fe91a3df700                   Options.inplace_update_support: 0
2019/03/23-18:19:41.133187 7fe91a3df700                 Options.inplace_update_num_locks: 10000
2019/03/23-18:19:41.133188 7fe91a3df700               Options.memtable_prefix_bloom_size_ratio: 0.000000
2019/03/23-18:19:41.133189 7fe91a3df700   Options.memtable_huge_page_size: 0
2019/03/23-18:19:41.133190 7fe91a3df700                           Options.bloom_locality: 0
2019/03/23-18:19:41.133191 7fe91a3df700                    Options.max_successive_merges: 0
2019/03/23-18:19:41.133192 7fe91a3df700                Options.optimize_filters_for_hits: 0
2019/03/23-18:19:41.133192 7fe91a3df700                Options.paranoid_file_checks: 0
2019/03/23-18:19:41.133193 7fe91a3df700                Options.force_consistency_checks: 0
2019/03/23-18:19:41.133194 7fe91a3df700                Options.report_bg_io_stats: 0
2019/03/23-18:19:41.133195 7fe91a3df700                               Options.ttl: 0
2019/03/23-18:19:41.680886 7fe91a3df700 [db/version_set.cc:3361] Recovered from manifest file:/mnt/sde/ycsb-rocksdb-data/MANIFEST-000004 succeeded,manifest_file_number is 4, next_file_number is 1331, last_sequence is 10412491, log_number is 0,prev_log_number is 0,max_column_family is 1,min_log_number_to_keep is 0
2019/03/23-18:19:41.680898 7fe91a3df700 [db/version_set.cc:3369] Column family [default] (ID 0), log number is 0
2019/03/23-18:19:41.680900 7fe91a3df700 [db/version_set.cc:3369] Column family [usertable] (ID 1), log number is 1324
2019/03/23-18:19:41.682940 7fe91a3df700 EVENT_LOG_v1 {"time_micros": 1553390381682920, "job": 1, "event": "recovery_started", "log_files": [1324, 1330]}
2019/03/23-18:19:41.682948 7fe91a3df700 [db/db_impl_open.cc:551] Recovering log #1324 mode 2
2019/03/23-18:19:41.995968 7fe91a3df700 [db/db_impl_open.cc:551] Recovering log #1330 mode 2
2019/03/23-18:19:42.799586 7fe91a3df700 EVENT_LOG_v1 {"time_micros": 1553390382799558, "cf_name": "usertable", "job": 1, "event": "table_file_creation", "file_number": 1331, "file_size": 129902324, "table_properties": {"data_size": 129321395, "index_size": 580007, "filter_size": 0, "raw_key_size": 752760, "raw_average_key_size": 24, "raw_value_size": 128471040, "raw_average_value_size": 4096, "num_data_blocks": 15683, "num_entries": 31365, "filter_policy_name": "", "kDeletedKeys": "0", "kMergeOperands": "0"}}
2019/03/23-18:19:43.277637 7fe91a3df700 [db/version_set.cc:2847] Creating manifest 1332
2019/03/23-18:19:43.865561 7fe91a3df700 EVENT_LOG_v1 {"time_micros": 1553390383865523, "cf_name": "usertable", "job": 1, "event": "table_file_creation", "file_number": 1333, "file_size": 69199159, "table_properties": {"data_size": 68891221, "index_size": 307016, "filter_size": 0, "raw_key_size": 401016, "raw_average_key_size": 24, "raw_value_size": 68440064, "raw_average_value_size": 4096, "num_data_blocks": 8355, "num_entries": 16709, "filter_policy_name": "", "kDeletedKeys": "0", "kMergeOperands": "0"}}
2019/03/23-18:19:43.920149 7fe91a3df700 EVENT_LOG_v1 {"time_micros": 1553390383920138, "job": 1, "event": "recovery_finished"}
2019/03/23-18:19:44.029769 7fe91a3df700 [db/db_impl_open.cc:1219] DB pointer 0x7fe8b43ab8c0
2019/03/23-18:19:44.030160 7fe91915f700 [WARN] [db/db_impl.cc:491] ------- DUMPING STATS -------
2019/03/23-18:19:44.030222 7fe91915f700 [WARN] [db/db_impl.cc:492] 
** DB Stats **
Uptime(secs): 2.9 total, 2.9 interval
Cumulative writes: 0 writes, 0 keys, 0 commit groups, 0.0 writes per commit group, ingest: 0.00 GB, 0.00 MB/s
Cumulative WAL: 0 writes, 0 syncs, 0.00 writes per sync, written: 0.00 GB, 0.00 MB/s
Cumulative stall: 00:00:0.000 H:M:S, 0.0 percent
Interval writes: 0 writes, 0 keys, 0 commit groups, 0.0 writes per commit group, ingest: 0.00 MB, 0.00 MB/s
Interval WAL: 0 writes, 0 syncs, 0.00 writes per sync, written: 0.00 MB, 0.00 MB/s
Interval stall: 00:00:0.000 H:M:S, 0.0 percent

** Compaction Stats [default] **
Level    Files   Size     Score Read(GB)  Rn(GB) Rnp1(GB) Write(GB) Wnew(GB) Moved(GB) W-Amp Rd(MB/s) Wr(MB/s) Comp(sec) Comp(cnt) Avg(sec) KeyIn KeyDrop
----------------------------------------------------------------------------------------------------------------------------------------------------------
 Sum      0/0    0.00 KB   0.0      0.0     0.0      0.0       0.0      0.0       0.0   0.0      0.0      0.0         0         0    0.000       0      0
 Int      0/0    0.00 KB   0.0      0.0     0.0      0.0       0.0      0.0       0.0   0.0      0.0      0.0         0         0    0.000       0      0
Uptime(secs): 2.9 total, 2.9 interval
Flush(GB): cumulative 0.000, interval 0.000
AddFile(GB): cumulative 0.000, interval 0.000
AddFile(Total Files): cumulative 0, interval 0
AddFile(L0 Files): cumulative 0, interval 0
AddFile(Keys): cumulative 0, interval 0
Cumulative compaction: 0.00 GB write, 0.00 MB/s write, 0.00 GB read, 0.00 MB/s read, 0.0 seconds
Interval compaction: 0.00 GB write, 0.00 MB/s write, 0.00 GB read, 0.00 MB/s read, 0.0 seconds
Stalls(count): 0 level0_slowdown, 0 level0_slowdown_with_compaction, 0 level0_numfiles, 0 level0_numfiles_with_compaction, 0 stop for pending_compaction_bytes, 0 slowdown for pending_compaction_bytes, 0 memtable_compaction, 0 memtable_slowdown, interval 0 total count

** File Read Latency Histogram By Level [default] **

** Compaction Stats [usertable] **
Level    Files   Size     Score Read(GB)  Rn(GB) Rnp1(GB) Write(GB) Wnew(GB) Moved(GB) W-Amp Rd(MB/s) Wr(MB/s) Comp(sec) Comp(cnt) Avg(sec) KeyIn KeyDrop
----------------------------------------------------------------------------------------------------------------------------------------------------------
  L0      3/0   369.19 MB   1.5      0.0     0.0      0.0       0.2      0.2       0.0   1.0      0.0    155.2         1         2    0.612       0      0
  L1      8/0   455.85 MB   0.9      0.0     0.0      0.0       0.0      0.0       0.0   0.0      0.0      0.0         0         0    0.000       0      0
  L2    157/0    5.00 GB   1.0      0.0     0.0      0.0       0.0      0.0       0.0   0.0      0.0      0.0         0         0    0.000       0      0
  L3    549/0   34.38 GB   0.7      0.0     0.0      0.0       0.0      0.0       0.0   0.0      0.0      0.0         0         0    0.000       0      0
 Sum    717/0   40.18 GB   0.0      0.0     0.0      0.0       0.2      0.2       0.0   1.0      0.0    155.2         1         2    0.612       0      0
 Int      0/0    0.00 KB   0.0      0.0     0.0      0.0       0.2      0.2       0.0   1.0      0.0    155.2         1         2    0.612       0      0
Uptime(secs): 2.9 total, 2.9 interval
Flush(GB): cumulative 0.185, interval 0.185
AddFile(GB): cumulative 0.000, interval 0.000
AddFile(Total Files): cumulative 0, interval 0
AddFile(L0 Files): cumulative 0, interval 0
AddFile(Keys): cumulative 0, interval 0
Cumulative compaction: 0.19 GB write, 65.54 MB/s write, 0.00 GB read, 0.00 MB/s read, 1.2 seconds
Interval compaction: 0.19 GB write, 65.54 MB/s write, 0.00 GB read, 0.00 MB/s read, 1.2 seconds
Stalls(count): 0 level0_slowdown, 0 level0_slowdown_with_compaction, 0 level0_numfiles, 0 level0_numfiles_with_compaction, 0 stop for pending_compaction_bytes, 0 slowdown for pending_compaction_bytes, 0 memtable_compaction, 0 memtable_slowdown, interval 0 total count

** File Read Latency Histogram By Level [usertable] **

** Compaction Stats [default] **
Level    Files   Size     Score Read(GB)  Rn(GB) Rnp1(GB) Write(GB) Wnew(GB) Moved(GB) W-Amp Rd(MB/s) Wr(MB/s) Comp(sec) Comp(cnt) Avg(sec) KeyIn KeyDrop
----------------------------------------------------------------------------------------------------------------------------------------------------------
 Sum      0/0    0.00 KB   0.0      0.0     0.0      0.0       0.0      0.0       0.0   0.0      0.0      0.0         0         0    0.000       0      0
 Int      0/0    0.00 KB   0.0      0.0     0.0      0.0       0.0      0.0       0.0   0.0      0.0      0.0         0         0    0.000       0      0
Uptime(secs): 2.9 total, 0.0 interval
Flush(GB): cumulative 0.000, interval 0.000
AddFile(GB): cumulative 0.000, interval 0.000
AddFile(Total Files): cumulative 0, interval 0
AddFile(L0 Files): cumulative 0, interval 0
AddFile(Keys): cumulative 0, interval 0
Cumulative compaction: 0.00 GB write, 0.00 MB/s write, 0.00 GB read, 0.00 MB/s read, 0.0 seconds
Interval compaction: 0.00 GB write, 0.00 MB/s write, 0.00 GB read, 0.00 MB/s read, 0.0 seconds
Stalls(count): 0 level0_slowdown, 0 level0_slowdown_with_compaction, 0 level0_numfiles, 0 level0_numfiles_with_compaction, 0 stop for pending_compaction_bytes, 0 slowdown for pending_compaction_bytes, 0 memtable_compaction, 0 memtable_slowdown, interval 0 total count

** File Read Latency Histogram By Level [default] **

** Compaction Stats [usertable] **
Level    Files   Size     Score Read(GB)  Rn(GB) Rnp1(GB) Write(GB) Wnew(GB) Moved(GB) W-Amp Rd(MB/s) Wr(MB/s) Comp(sec) Comp(cnt) Avg(sec) KeyIn KeyDrop
----------------------------------------------------------------------------------------------------------------------------------------------------------
  L0      3/0   369.19 MB   1.5      0.0     0.0      0.0       0.2      0.2       0.0   1.0      0.0    155.2         1         2    0.612       0      0
  L1      8/0   455.85 MB   0.9      0.0     0.0      0.0       0.0      0.0       0.0   0.0      0.0      0.0         0         0    0.000       0      0
  L2    157/0    5.00 GB   1.0      0.0     0.0      0.0       0.0      0.0       0.0   0.0      0.0      0.0         0         0    0.000       0      0
  L3    549/0   34.38 GB   0.7      0.0     0.0      0.0       0.0      0.0       0.0   0.0      0.0      0.0         0         0    0.000       0      0
 Sum    717/0   40.18 GB   0.0      0.0     0.0      0.0       0.2      0.2       0.0   1.0      0.0    155.2         1         2    0.612       0      0
 Int      0/0    0.00 KB   0.0      0.0     0.0      0.0       0.0      0.0       0.0   0.0      0.0      0.0         0         0    0.000       0      0
Uptime(secs): 2.9 total, 0.0 interval
Flush(GB): cumulative 0.185, interval 0.000
AddFile(GB): cumulative 0.000, interval 0.000
AddFile(Total Files): cumulative 0, interval 0
AddFile(L0 Files): cumulative 0, interval 0
AddFile(Keys): cumulative 0, interval 0
Cumulative compaction: 0.19 GB write, 65.54 MB/s write, 0.00 GB read, 0.00 MB/s read, 1.2 seconds
Interval compaction: 0.00 GB write, 0.00 MB/s write, 0.00 GB read, 0.00 MB/s read, 0.0 seconds
Stalls(count): 0 level0_slowdown, 0 level0_slowdown_with_compaction, 0 level0_numfiles, 0 level0_numfiles_with_compaction, 0 stop for pending_compaction_bytes, 0 slowdown for pending_compaction_bytes, 0 memtable_compaction, 0 memtable_slowdown, interval 0 total count

** File Read Latency Histogram By Level [usertable] **
2019/03/23-18:19:44.090218 7fe91915f700 (Original Log Time 2019/03/23-18:19:44.030402) [db/db_impl_compaction_flush.cc:1835] [usertable] Moving #1166 to level-1 188017415 bytes
2019/03/23-18:19:44.090222 7fe91915f700 (Original Log Time 2019/03/23-18:19:44.090129) EVENT_LOG_v1 {"time_micros": 1553390384090116, "job": 3, "event": "trivial_move", "destination_level": 1, "files": 1, "total_files_size": 188017415}
2019/03/23-18:19:44.090224 7fe91915f700 (Original Log Time 2019/03/23-18:19:44.090142) [db/db_impl_compaction_flush.cc:1864] [usertable] Moved #1 files to level-1 188017415 bytes OK: base level 1 max bytes base 536870912 files[2 9 157 549 0 0 0] max score 1.24
2019/03/23-18:19:44.090325 7fe91915f700 [db/compaction_job.cc:1531] [usertable] [JOB 4] Compacting 1@1 files to L2, score 1.24
2019/03/23-18:19:44.090333 7fe91915f700 [db/compaction_job.cc:1535] [usertable] Compaction start summary: Base version 6 Base level 1, inputs: [1166(179MB)]
2019/03/23-18:19:44.090357 7fe91915f700 EVENT_LOG_v1 {"time_micros": 1553390384090340, "job": 4, "event": "compaction_started", "compaction_reason": "LevelMaxLevelSize", "files_L1": [1166], "score": 1.24054, "input_data_size": 188017415}
2019/03/23-18:19:45.043045 7fe91915f700 [db/compaction_job.cc:1211] [usertable] [JOB 4] Generated table #1337: 16279 keys, 67233568 bytes
2019/03/23-18:19:45.043079 7fe91915f700 EVENT_LOG_v1 {"time_micros": 1553390385043061, "cf_name": "usertable", "job": 4, "event": "table_file_creation", "file_number": 1337, "file_size": 67233568, "table_properties": {"data_size": 67120140, "index_size": 300916, "filter_size": 0, "raw_key_size": 390696, "raw_average_key_size": 24, "raw_value_size": 66678784, "raw_average_value_size": 4096, "num_data_blocks": 8140, "num_entries": 16279, "filter_policy_name": "", "kDeletedKeys": "0", "kMergeOperands": "0"}}
2019/03/23-18:19:45.865226 7fe91915f700 [db/compaction_job.cc:1211] [usertable] [JOB 4] Generated table #1338: 16279 keys, 67233384 bytes
2019/03/23-18:19:45.865271 7fe91915f700 EVENT_LOG_v1 {"time_micros": 1553390385865251, "cf_name": "usertable", "job": 4, "event": "table_file_creation", "file_number": 1338, "file_size": 67233384, "table_properties": {"data_size": 67118331, "index_size": 299109, "filter_size": 0, "raw_key_size": 390696, "raw_average_key_size": 24, "raw_value_size": 66678784, "raw_average_value_size": 4096, "num_data_blocks": 8140, "num_entries": 16279, "filter_policy_name": "", "kDeletedKeys": "0", "kMergeOperands": "0"}}
2019/03/23-18:19:46.502038 7fe91915f700 [db/compaction_job.cc:1211] [usertable] [JOB 4] Generated table #1339: 12839 keys, 53026329 bytes
2019/03/23-18:19:46.502081 7fe91915f700 EVENT_LOG_v1 {"time_micros": 1553390386502062, "cf_name": "usertable", "job": 4, "event": "table_file_creation", "file_number": 1339, "file_size": 53026329, "table_properties": {"data_size": 52936638, "index_size": 237276, "filter_size": 0, "raw_key_size": 308136, "raw_average_key_size": 24, "raw_value_size": 52588544, "raw_average_value_size": 4096, "num_data_blocks": 6420, "num_entries": 12839, "filter_policy_name": "", "kDeletedKeys": "0", "kMergeOperands": "0"}}
2019/03/23-18:19:46.502146 7fe91915f700 [db/compaction_job.cc:1287] [usertable] [JOB 4] Compacted 1@1 files to L2 => 187493281 bytes
2019/03/23-18:19:46.534440 7fe91915f700 (Original Log Time 2019/03/23-18:19:46.534268) [db/compaction_job.cc:685] [usertable] compacted to: base level 1 max bytes base 536870912 files[2 8 160 549 0 0 0] max score 1.03, MB/sec: 78.0 rd, 77.7 wr, level 2, files in(1, 0) out(3) MB in(179.3, 0.0) out(178.8), read-write-amplify(2.0) write-amplify(1.0) OK, records in: 45397, records dropped: 0 output_compression: LZ4
2019/03/23-18:19:46.534449 7fe91915f700 (Original Log Time 2019/03/23-18:19:46.534317) EVENT_LOG_v1 {"time_micros": 1553390386534299, "job": 4, "event": "compaction_finished", "compaction_time_micros": 2411750, "output_level": 2, "num_output_files": 3, "total_output_size": 187493281, "num_input_records": 45397, "num_output_records": 45397, "num_subcompactions": 1, "output_compression": "LZ4", "num_single_delete_mismatches": 0, "num_single_delete_fallthrough": 0, "lsm_state": [2, 8, 160, 549, 0, 0, 0]}
2019/03/23-18:19:46.568145 7fe8d0ffe700 (Original Log Time 2019/03/23-18:19:46.534658) [db/db_impl_compaction_flush.cc:1835] [usertable] Moving #1337 to level-3 67233568 bytes
2019/03/23-18:19:46.568150 7fe8d0ffe700 (Original Log Time 2019/03/23-18:19:46.568069) EVENT_LOG_v1 {"time_micros": 1553390386568058, "job": 5, "event": "trivial_move", "destination_level": 3, "files": 1, "total_files_size": 67233568}
2019/03/23-18:19:46.568152 7fe8d0ffe700 (Original Log Time 2019/03/23-18:19:46.568084) [db/db_impl_compaction_flush.cc:1864] [usertable] Moved #1 files to level-3 67233568 bytes OK: base level 1 max bytes base 536870912 files[2 8 159 550 0 0 0] max score 1.02
2019/03/23-18:19:46.584045 7fe8d0ffe700 EVENT_LOG_v1 {"time_micros": 1553390386584034, "job": 5, "event": "table_file_deletion", "file_number": 1166}
2019/03/23-18:19:46.617302 7fe8d0ffe700 (Original Log Time 2019/03/23-18:19:46.584215) [db/db_impl_compaction_flush.cc:1835] [usertable] Moving #1338 to level-3 67233384 bytes
2019/03/23-18:19:46.617307 7fe8d0ffe700 (Original Log Time 2019/03/23-18:19:46.617228) EVENT_LOG_v1 {"time_micros": 1553390386617219, "job": 6, "event": "trivial_move", "destination_level": 3, "files": 1, "total_files_size": 67233384}
2019/03/23-18:19:46.617309 7fe8d0ffe700 (Original Log Time 2019/03/23-18:19:46.617241) [db/db_impl_compaction_flush.cc:1864] [usertable] Moved #1 files to level-3 67233384 bytes OK: base level 1 max bytes base 536870912 files[2 8 158 551 0 0 0] max score 1.01
2019/03/23-18:19:46.650062 7fe8d0ffe700 (Original Log Time 2019/03/23-18:19:46.617517) [db/db_impl_compaction_flush.cc:1835] [usertable] Moving #513 to level-3 67233322 bytes
2019/03/23-18:19:46.650067 7fe8d0ffe700 (Original Log Time 2019/03/23-18:19:46.650003) EVENT_LOG_v1 {"time_micros": 1553390386649991, "job": 7, "event": "trivial_move", "destination_level": 3, "files": 1, "total_files_size": 67233322}
2019/03/23-18:19:46.650069 7fe8d0ffe700 (Original Log Time 2019/03/23-18:19:46.650014) [db/db_impl_compaction_flush.cc:1864] [usertable] Moved #1 files to level-3 67233322 bytes OK: base level 1 max bytes base 536870912 files[2 8 157 552 0 0 0] max score 1.00
2019/03/23-18:19:46.682511 7fe8a6ffd700 (Original Log Time 2019/03/23-18:19:46.650317) [db/db_impl_compaction_flush.cc:1835] [usertable] Moving #1331 to level-1 129902324 bytes
2019/03/23-18:19:46.682519 7fe8a6ffd700 (Original Log Time 2019/03/23-18:19:46.682415) EVENT_LOG_v1 {"time_micros": 1553390386682404, "job": 8, "event": "trivial_move", "destination_level": 1, "files": 1, "total_files_size": 129902324}
2019/03/23-18:19:46.682523 7fe8a6ffd700 (Original Log Time 2019/03/23-18:19:46.682434) [db/db_impl_compaction_flush.cc:1864] [usertable] Moved #1 files to level-1 129902324 bytes OK: base level 1 max bytes base 536870912 files[1 9 157 552 0 0 0] max score 1.13
2019/03/23-18:19:46.682796 7fe8a6ffd700 [db/compaction_job.cc:1531] [usertable] [JOB 9] Compacting 1@1 + 1@2 files to L2, score 1.13
2019/03/23-18:19:46.682809 7fe8a6ffd700 [db/compaction_job.cc:1535] [usertable] Compaction start summary: Base version 11 Base level 1, inputs: [1331(123MB)], [1329(23MB)]
