2018/12/21-04:47:27.102330 7f831e9d6700 RocksDB version: 5.14.3
2018/12/21-04:47:27.102377 7f831e9d6700 Git sha rocksdb_build_git_sha:
2018/12/21-04:47:27.102380 7f831e9d6700 Compile date Dec 16 2018
2018/12/21-04:47:27.102384 7f831e9d6700 DB SUMMARY
2018/12/21-04:47:27.102403 7f831e9d6700 SST files in /mnt/sde/ycsb-rocksdb-data dir, Total Num: 0, files: 
2018/12/21-04:47:27.102406 7f831e9d6700 Write Ahead Log file in /mnt/sde/ycsb-rocksdb-data: 
2018/12/21-04:47:27.102409 7f831e9d6700                         Options.error_if_exists: 0
2018/12/21-04:47:27.102410 7f831e9d6700                       Options.create_if_missing: 1
2018/12/21-04:47:27.102411 7f831e9d6700                         Options.paranoid_checks: 1
2018/12/21-04:47:27.102412 7f831e9d6700                                     Options.env: 0x7f831cf302c0
2018/12/21-04:47:27.102413 7f831e9d6700                                Options.info_log: 0x7f82cc3b0450
2018/12/21-04:47:27.102414 7f831e9d6700                Options.max_file_opening_threads: 16
2018/12/21-04:47:27.102415 7f831e9d6700                              Options.statistics: (nil)
2018/12/21-04:47:27.102416 7f831e9d6700                               Options.use_fsync: 0
2018/12/21-04:47:27.102417 7f831e9d6700                       Options.max_log_file_size: 0
2018/12/21-04:47:27.102418 7f831e9d6700                  Options.max_manifest_file_size: 18446744073709551615
2018/12/21-04:47:27.102419 7f831e9d6700                   Options.log_file_time_to_roll: 0
2018/12/21-04:47:27.102420 7f831e9d6700                       Options.keep_log_file_num: 1000
2018/12/21-04:47:27.102421 7f831e9d6700                    Options.recycle_log_file_num: 0
2018/12/21-04:47:27.102422 7f831e9d6700                         Options.allow_fallocate: 1
2018/12/21-04:47:27.102423 7f831e9d6700                        Options.allow_mmap_reads: 0
2018/12/21-04:47:27.102424 7f831e9d6700                       Options.allow_mmap_writes: 0
2018/12/21-04:47:27.102425 7f831e9d6700                        Options.use_direct_reads: 0
2018/12/21-04:47:27.102426 7f831e9d6700                        Options.use_direct_io_for_flush_and_compaction: 0
2018/12/21-04:47:27.102427 7f831e9d6700          Options.create_missing_column_families: 1
2018/12/21-04:47:27.102428 7f831e9d6700                              Options.db_log_dir: 
2018/12/21-04:47:27.102429 7f831e9d6700                                 Options.wal_dir: /mnt/sde/ycsb-rocksdb-data
2018/12/21-04:47:27.102430 7f831e9d6700                Options.table_cache_numshardbits: 6
2018/12/21-04:47:27.102431 7f831e9d6700                      Options.max_subcompactions: 4
2018/12/21-04:47:27.102431 7f831e9d6700                  Options.max_background_flushes: 24
2018/12/21-04:47:27.102432 7f831e9d6700                         Options.WAL_ttl_seconds: 0
2018/12/21-04:47:27.102433 7f831e9d6700                       Options.WAL_size_limit_MB: 0
2018/12/21-04:47:27.102434 7f831e9d6700             Options.manifest_preallocation_size: 4194304
2018/12/21-04:47:27.102435 7f831e9d6700                     Options.is_fd_close_on_exec: 1
2018/12/21-04:47:27.102436 7f831e9d6700                   Options.advise_random_on_open: 1
2018/12/21-04:47:27.102437 7f831e9d6700                    Options.db_write_buffer_size: 0
2018/12/21-04:47:27.102438 7f831e9d6700                    Options.write_buffer_manager: 0x7f82cc3ad450
2018/12/21-04:47:27.102439 7f831e9d6700         Options.access_hint_on_compaction_start: 1
2018/12/21-04:47:27.102440 7f831e9d6700  Options.new_table_reader_for_compaction_inputs: 0
2018/12/21-04:47:27.102441 7f831e9d6700           Options.random_access_max_buffer_size: 1048576
2018/12/21-04:47:27.102442 7f831e9d6700                      Options.use_adaptive_mutex: 0
2018/12/21-04:47:27.102443 7f831e9d6700                            Options.rate_limiter: (nil)
2018/12/21-04:47:27.102445 7f831e9d6700     Options.sst_file_manager.rate_bytes_per_sec: 0
2018/12/21-04:47:27.102446 7f831e9d6700                       Options.wal_recovery_mode: 2
2018/12/21-04:47:27.102447 7f831e9d6700                  Options.enable_thread_tracking: 0
2018/12/21-04:47:27.102448 7f831e9d6700                  Options.enable_pipelined_write: 1
2018/12/21-04:47:27.102457 7f831e9d6700         Options.allow_concurrent_memtable_write: 1
2018/12/21-04:47:27.102458 7f831e9d6700      Options.enable_write_thread_adaptive_yield: 1
2018/12/21-04:47:27.102459 7f831e9d6700             Options.write_thread_max_yield_usec: 100
2018/12/21-04:47:27.102460 7f831e9d6700            Options.write_thread_slow_yield_usec: 3
2018/12/21-04:47:27.102461 7f831e9d6700                               Options.row_cache: None
2018/12/21-04:47:27.102462 7f831e9d6700                              Options.wal_filter: None
2018/12/21-04:47:27.102463 7f831e9d6700             Options.avoid_flush_during_recovery: 0
2018/12/21-04:47:27.102464 7f831e9d6700             Options.allow_ingest_behind: 0
2018/12/21-04:47:27.102465 7f831e9d6700             Options.preserve_deletes: 0
2018/12/21-04:47:27.102466 7f831e9d6700             Options.two_write_queues: 0
2018/12/21-04:47:27.102467 7f831e9d6700             Options.manual_wal_flush: 0
2018/12/21-04:47:27.102469 7f831e9d6700             Options.max_background_jobs: 24
2018/12/21-04:47:27.102470 7f831e9d6700             Options.max_background_compactions: 24
2018/12/21-04:47:27.102471 7f831e9d6700             Options.avoid_flush_during_shutdown: 0
2018/12/21-04:47:27.102472 7f831e9d6700           Options.writable_file_max_buffer_size: 1048576
2018/12/21-04:47:27.102473 7f831e9d6700             Options.delayed_write_rate : 16777216
2018/12/21-04:47:27.102474 7f831e9d6700             Options.max_total_wal_size: 0
2018/12/21-04:47:27.102475 7f831e9d6700             Options.delete_obsolete_files_period_micros: 21600000000
2018/12/21-04:47:27.102476 7f831e9d6700                   Options.stats_dump_period_sec: 60
2018/12/21-04:47:27.102477 7f831e9d6700                          Options.max_open_files: -1
2018/12/21-04:47:27.102478 7f831e9d6700                          Options.bytes_per_sync: 1048576
2018/12/21-04:47:27.102479 7f831e9d6700                      Options.wal_bytes_per_sync: 0
2018/12/21-04:47:27.102480 7f831e9d6700       Options.compaction_readahead_size: 0
2018/12/21-04:47:27.102481 7f831e9d6700 Compression algorithms supported:
2018/12/21-04:47:27.102482 7f831e9d6700 	kZSTDNotFinalCompression supported: 1
2018/12/21-04:47:27.102491 7f831e9d6700 	kZSTD supported: 1
2018/12/21-04:47:27.102493 7f831e9d6700 	kXpressCompression supported: 0
2018/12/21-04:47:27.102494 7f831e9d6700 	kLZ4HCCompression supported: 1
2018/12/21-04:47:27.102495 7f831e9d6700 	kLZ4Compression supported: 1
2018/12/21-04:47:27.102496 7f831e9d6700 	kBZip2Compression supported: 1
2018/12/21-04:47:27.102497 7f831e9d6700 	kZlibCompression supported: 1
2018/12/21-04:47:27.102498 7f831e9d6700 	kSnappyCompression supported: 1
2018/12/21-04:47:27.102502 7f831e9d6700 Fast CRC32 supported: Supported on x86
2018/12/21-04:47:27.102579 7f831e9d6700 [db/db_impl_open.cc:222] Creating manifest 1 
2018/12/21-04:47:27.202154 7f831e9d6700 [db/version_set.cc:3085] Recovering from manifest file: MANIFEST-000001
2018/12/21-04:47:27.202259 7f831e9d6700 [db/column_family.cc:475] --------------- Options for column family [default]:
2018/12/21-04:47:27.202264 7f831e9d6700               Options.comparator: leveldb.BytewiseComparator
2018/12/21-04:47:27.202265 7f831e9d6700           Options.merge_operator: None
2018/12/21-04:47:27.202266 7f831e9d6700        Options.compaction_filter: None
2018/12/21-04:47:27.202267 7f831e9d6700        Options.compaction_filter_factory: None
2018/12/21-04:47:27.202268 7f831e9d6700         Options.memtable_factory: SkipListFactory
2018/12/21-04:47:27.202270 7f831e9d6700            Options.table_factory: BlockBasedTable
2018/12/21-04:47:27.202315 7f831e9d6700            table_factory options:   flush_block_policy_factory: FlushBlockBySizePolicyFactory (0x7f82cc371a90)
  cache_index_and_filter_blocks: 0
  cache_index_and_filter_blocks_with_high_priority: 0
  pin_l0_filter_and_index_blocks_in_cache: 0
  index_type: 0
  hash_index_allow_collision: 1
  checksum: 1
  no_block_cache: 0
  block_cache: 0x7f82cc37dac0
  block_cache_name: LRUCache
  block_cache_options:
    capacity : 8388608
    num_shard_bits : 4
    strict_capacity_limit : 0
    high_pri_pool_ratio: 0.000
  block_cache_compressed: (nil)
  persistent_cache: (nil)
  block_size: 8192
  block_size_deviation: 10
  block_restart_interval: 16
  index_block_restart_interval: 1
  metadata_block_size: 4096
  partition_filters: 0
  use_delta_encoding: 1
  filter_policy: nullptr
  whole_key_filtering: 1
  verify_compression: 0
  read_amp_bytes_per_bit: 0
  format_version: 2
  enable_index_compression: 1
  block_align: 0
2018/12/21-04:47:27.202329 7f831e9d6700        Options.write_buffer_size: 134217728
2018/12/21-04:47:27.202331 7f831e9d6700  Options.max_write_buffer_number: 24
2018/12/21-04:47:27.202332 7f831e9d6700        Options.compression[0]: NoCompression
2018/12/21-04:47:27.202333 7f831e9d6700        Options.compression[1]: NoCompression
2018/12/21-04:47:27.202334 7f831e9d6700        Options.compression[2]: LZ4
2018/12/21-04:47:27.202335 7f831e9d6700        Options.compression[3]: LZ4
2018/12/21-04:47:27.202336 7f831e9d6700        Options.compression[4]: LZ4
2018/12/21-04:47:27.202337 7f831e9d6700        Options.compression[5]: LZ4
2018/12/21-04:47:27.202338 7f831e9d6700        Options.compression[6]: LZ4
2018/12/21-04:47:27.202339 7f831e9d6700                  Options.bottommost_compression: Disabled
2018/12/21-04:47:27.202340 7f831e9d6700       Options.prefix_extractor: nullptr
2018/12/21-04:47:27.202341 7f831e9d6700   Options.memtable_insert_with_hint_prefix_extractor: nullptr
2018/12/21-04:47:27.202342 7f831e9d6700             Options.num_levels: 7
2018/12/21-04:47:27.202343 7f831e9d6700        Options.min_write_buffer_number_to_merge: 2
2018/12/21-04:47:27.202344 7f831e9d6700     Options.max_write_buffer_number_to_maintain: 0
2018/12/21-04:47:27.202345 7f831e9d6700            Options.compression_opts.window_bits: -14
2018/12/21-04:47:27.202346 7f831e9d6700                  Options.compression_opts.level: -1
2018/12/21-04:47:27.202347 7f831e9d6700               Options.compression_opts.strategy: 0
2018/12/21-04:47:27.202353 7f831e9d6700         Options.compression_opts.max_dict_bytes: 0
2018/12/21-04:47:27.202354 7f831e9d6700         Options.compression_opts.zstd_max_train_bytes: 0
2018/12/21-04:47:27.202355 7f831e9d6700      Options.level0_file_num_compaction_trigger: 2
2018/12/21-04:47:27.202356 7f831e9d6700          Options.level0_slowdown_writes_trigger: 20
2018/12/21-04:47:27.202357 7f831e9d6700              Options.level0_stop_writes_trigger: 36
2018/12/21-04:47:27.202358 7f831e9d6700                   Options.target_file_size_base: 67108864
2018/12/21-04:47:27.202359 7f831e9d6700             Options.target_file_size_multiplier: 1
2018/12/21-04:47:27.202360 7f831e9d6700                Options.max_bytes_for_level_base: 536870912
2018/12/21-04:47:27.202361 7f831e9d6700 Options.level_compaction_dynamic_level_bytes: 0
2018/12/21-04:47:27.202362 7f831e9d6700          Options.max_bytes_for_level_multiplier: 10.000000
2018/12/21-04:47:27.202365 7f831e9d6700 Options.max_bytes_for_level_multiplier_addtl[0]: 1
2018/12/21-04:47:27.202366 7f831e9d6700 Options.max_bytes_for_level_multiplier_addtl[1]: 1
2018/12/21-04:47:27.202367 7f831e9d6700 Options.max_bytes_for_level_multiplier_addtl[2]: 1
2018/12/21-04:47:27.202368 7f831e9d6700 Options.max_bytes_for_level_multiplier_addtl[3]: 1
2018/12/21-04:47:27.202369 7f831e9d6700 Options.max_bytes_for_level_multiplier_addtl[4]: 1
2018/12/21-04:47:27.202370 7f831e9d6700 Options.max_bytes_for_level_multiplier_addtl[5]: 1
2018/12/21-04:47:27.202370 7f831e9d6700 Options.max_bytes_for_level_multiplier_addtl[6]: 1
2018/12/21-04:47:27.202371 7f831e9d6700       Options.max_sequential_skip_in_iterations: 8
2018/12/21-04:47:27.202372 7f831e9d6700                    Options.max_compaction_bytes: 1677721600
2018/12/21-04:47:27.202373 7f831e9d6700                        Options.arena_block_size: 16777216
2018/12/21-04:47:27.202374 7f831e9d6700   Options.soft_pending_compaction_bytes_limit: 68719476736
2018/12/21-04:47:27.202375 7f831e9d6700   Options.hard_pending_compaction_bytes_limit: 274877906944
2018/12/21-04:47:27.202382 7f831e9d6700       Options.rate_limit_delay_max_milliseconds: 100
2018/12/21-04:47:27.202383 7f831e9d6700                Options.disable_auto_compactions: 0
2018/12/21-04:47:27.202385 7f831e9d6700                        Options.compaction_style: kCompactionStyleLevel
2018/12/21-04:47:27.202387 7f831e9d6700                          Options.compaction_pri: kByCompensatedSize
2018/12/21-04:47:27.202388 7f831e9d6700 Options.compaction_options_universal.size_ratio: 1
2018/12/21-04:47:27.202389 7f831e9d6700 Options.compaction_options_universal.min_merge_width: 2
2018/12/21-04:47:27.202390 7f831e9d6700 Options.compaction_options_universal.max_merge_width: 4294967295
2018/12/21-04:47:27.202391 7f831e9d6700 Options.compaction_options_universal.max_size_amplification_percent: 200
2018/12/21-04:47:27.202392 7f831e9d6700 Options.compaction_options_universal.compression_size_percent: -1
2018/12/21-04:47:27.202393 7f831e9d6700 Options.compaction_options_universal.stop_style: kCompactionStopStyleTotalSize
2018/12/21-04:47:27.202394 7f831e9d6700 Options.compaction_options_fifo.max_table_files_size: 1073741824
2018/12/21-04:47:27.202395 7f831e9d6700 Options.compaction_options_fifo.allow_compaction: 0
2018/12/21-04:47:27.202396 7f831e9d6700 Options.compaction_options_fifo.ttl: 0
2018/12/21-04:47:27.202397 7f831e9d6700                   Options.table_properties_collectors: 
2018/12/21-04:47:27.202398 7f831e9d6700                   Options.inplace_update_support: 0
2018/12/21-04:47:27.202399 7f831e9d6700                 Options.inplace_update_num_locks: 10000
2018/12/21-04:47:27.202400 7f831e9d6700               Options.memtable_prefix_bloom_size_ratio: 0.000000
2018/12/21-04:47:27.202402 7f831e9d6700   Options.memtable_huge_page_size: 0
2018/12/21-04:47:27.202403 7f831e9d6700                           Options.bloom_locality: 0
2018/12/21-04:47:27.202404 7f831e9d6700                    Options.max_successive_merges: 0
2018/12/21-04:47:27.202405 7f831e9d6700                Options.optimize_filters_for_hits: 0
2018/12/21-04:47:27.202406 7f831e9d6700                Options.paranoid_file_checks: 0
2018/12/21-04:47:27.202406 7f831e9d6700                Options.force_consistency_checks: 0
2018/12/21-04:47:27.202407 7f831e9d6700                Options.report_bg_io_stats: 0
2018/12/21-04:47:27.202408 7f831e9d6700                               Options.ttl: 0
2018/12/21-04:47:27.203043 7f831e9d6700 [db/version_set.cc:3361] Recovered from manifest file:/mnt/sde/ycsb-rocksdb-data/MANIFEST-000001 succeeded,manifest_file_number is 1, next_file_number is 3, last_sequence is 0, log_number is 0,prev_log_number is 0,max_column_family is 0,min_log_number_to_keep is 0
2018/12/21-04:47:27.203055 7f831e9d6700 [db/version_set.cc:3369] Column family [default] (ID 0), log number is 0
2018/12/21-04:47:27.203314 7f831e9d6700 [db/version_set.cc:2847] Creating manifest 4
2018/12/21-04:47:27.273953 7f831e9d6700 [db/column_family.cc:475] --------------- Options for column family [usertable]:
2018/12/21-04:47:27.273960 7f831e9d6700               Options.comparator: leveldb.BytewiseComparator
2018/12/21-04:47:27.273962 7f831e9d6700           Options.merge_operator: None
2018/12/21-04:47:27.273963 7f831e9d6700        Options.compaction_filter: None
2018/12/21-04:47:27.273964 7f831e9d6700        Options.compaction_filter_factory: None
2018/12/21-04:47:27.273965 7f831e9d6700         Options.memtable_factory: SkipListFactory
2018/12/21-04:47:27.273967 7f831e9d6700            Options.table_factory: BlockBasedTable
2018/12/21-04:47:27.274000 7f831e9d6700            table_factory options:   flush_block_policy_factory: FlushBlockBySizePolicyFactory (0x7f82cc371b70)
  cache_index_and_filter_blocks: 0
  cache_index_and_filter_blocks_with_high_priority: 0
  pin_l0_filter_and_index_blocks_in_cache: 0
  index_type: 0
  hash_index_allow_collision: 1
  checksum: 1
  no_block_cache: 0
  block_cache: 0x7f82cc372c90
  block_cache_name: LRUCache
  block_cache_options:
    capacity : 8388608
    num_shard_bits : 4
    strict_capacity_limit : 0
    high_pri_pool_ratio: 0.000
  block_cache_compressed: (nil)
  persistent_cache: (nil)
  block_size: 8192
  block_size_deviation: 10
  block_restart_interval: 16
  index_block_restart_interval: 1
  metadata_block_size: 4096
  partition_filters: 0
  use_delta_encoding: 1
  filter_policy: nullptr
  whole_key_filtering: 1
  verify_compression: 0
  read_amp_bytes_per_bit: 0
  format_version: 2
  enable_index_compression: 1
  block_align: 0
2018/12/21-04:47:27.274005 7f831e9d6700        Options.write_buffer_size: 134217728
2018/12/21-04:47:27.274006 7f831e9d6700  Options.max_write_buffer_number: 24
2018/12/21-04:47:27.274008 7f831e9d6700        Options.compression[0]: NoCompression
2018/12/21-04:47:27.274009 7f831e9d6700        Options.compression[1]: NoCompression
2018/12/21-04:47:27.274010 7f831e9d6700        Options.compression[2]: LZ4
2018/12/21-04:47:27.274011 7f831e9d6700        Options.compression[3]: LZ4
2018/12/21-04:47:27.274012 7f831e9d6700        Options.compression[4]: LZ4
2018/12/21-04:47:27.274013 7f831e9d6700        Options.compression[5]: LZ4
2018/12/21-04:47:27.274014 7f831e9d6700        Options.compression[6]: LZ4
2018/12/21-04:47:27.274015 7f831e9d6700                  Options.bottommost_compression: Disabled
2018/12/21-04:47:27.274016 7f831e9d6700       Options.prefix_extractor: nullptr
2018/12/21-04:47:27.274017 7f831e9d6700   Options.memtable_insert_with_hint_prefix_extractor: nullptr
2018/12/21-04:47:27.274018 7f831e9d6700             Options.num_levels: 7
2018/12/21-04:47:27.274019 7f831e9d6700        Options.min_write_buffer_number_to_merge: 2
2018/12/21-04:47:27.274020 7f831e9d6700     Options.max_write_buffer_number_to_maintain: 0
2018/12/21-04:47:27.274021 7f831e9d6700            Options.compression_opts.window_bits: -14
2018/12/21-04:47:27.274022 7f831e9d6700                  Options.compression_opts.level: -1
2018/12/21-04:47:27.274023 7f831e9d6700               Options.compression_opts.strategy: 0
2018/12/21-04:47:27.274024 7f831e9d6700         Options.compression_opts.max_dict_bytes: 0
2018/12/21-04:47:27.274026 7f831e9d6700         Options.compression_opts.zstd_max_train_bytes: 0
2018/12/21-04:47:27.274027 7f831e9d6700      Options.level0_file_num_compaction_trigger: 2
2018/12/21-04:47:27.274028 7f831e9d6700          Options.level0_slowdown_writes_trigger: 20
2018/12/21-04:47:27.274028 7f831e9d6700              Options.level0_stop_writes_trigger: 36
2018/12/21-04:47:27.274029 7f831e9d6700                   Options.target_file_size_base: 67108864
2018/12/21-04:47:27.274030 7f831e9d6700             Options.target_file_size_multiplier: 1
2018/12/21-04:47:27.274031 7f831e9d6700                Options.max_bytes_for_level_base: 536870912
2018/12/21-04:47:27.274032 7f831e9d6700 Options.level_compaction_dynamic_level_bytes: 0
2018/12/21-04:47:27.274033 7f831e9d6700          Options.max_bytes_for_level_multiplier: 10.000000
2018/12/21-04:47:27.274036 7f831e9d6700 Options.max_bytes_for_level_multiplier_addtl[0]: 1
2018/12/21-04:47:27.274047 7f831e9d6700 Options.max_bytes_for_level_multiplier_addtl[1]: 1
2018/12/21-04:47:27.274049 7f831e9d6700 Options.max_bytes_for_level_multiplier_addtl[2]: 1
2018/12/21-04:47:27.274050 7f831e9d6700 Options.max_bytes_for_level_multiplier_addtl[3]: 1
2018/12/21-04:47:27.274051 7f831e9d6700 Options.max_bytes_for_level_multiplier_addtl[4]: 1
2018/12/21-04:47:27.274052 7f831e9d6700 Options.max_bytes_for_level_multiplier_addtl[5]: 1
2018/12/21-04:47:27.274053 7f831e9d6700 Options.max_bytes_for_level_multiplier_addtl[6]: 1
2018/12/21-04:47:27.274054 7f831e9d6700       Options.max_sequential_skip_in_iterations: 8
2018/12/21-04:47:27.274055 7f831e9d6700                    Options.max_compaction_bytes: 1677721600
2018/12/21-04:47:27.274056 7f831e9d6700                        Options.arena_block_size: 16777216
2018/12/21-04:47:27.274057 7f831e9d6700   Options.soft_pending_compaction_bytes_limit: 68719476736
2018/12/21-04:47:27.274058 7f831e9d6700   Options.hard_pending_compaction_bytes_limit: 274877906944
2018/12/21-04:47:27.274059 7f831e9d6700       Options.rate_limit_delay_max_milliseconds: 100
2018/12/21-04:47:27.274060 7f831e9d6700                Options.disable_auto_compactions: 0
2018/12/21-04:47:27.274062 7f831e9d6700                        Options.compaction_style: kCompactionStyleLevel
2018/12/21-04:47:27.274064 7f831e9d6700                          Options.compaction_pri: kByCompensatedSize
2018/12/21-04:47:27.274065 7f831e9d6700 Options.compaction_options_universal.size_ratio: 1
2018/12/21-04:47:27.274066 7f831e9d6700 Options.compaction_options_universal.min_merge_width: 2
2018/12/21-04:47:27.274067 7f831e9d6700 Options.compaction_options_universal.max_merge_width: 4294967295
2018/12/21-04:47:27.274068 7f831e9d6700 Options.compaction_options_universal.max_size_amplification_percent: 200
2018/12/21-04:47:27.274069 7f831e9d6700 Options.compaction_options_universal.compression_size_percent: -1
2018/12/21-04:47:27.274071 7f831e9d6700 Options.compaction_options_universal.stop_style: kCompactionStopStyleTotalSize
2018/12/21-04:47:27.274072 7f831e9d6700 Options.compaction_options_fifo.max_table_files_size: 1073741824
2018/12/21-04:47:27.274073 7f831e9d6700 Options.compaction_options_fifo.allow_compaction: 0
2018/12/21-04:47:27.274074 7f831e9d6700 Options.compaction_options_fifo.ttl: 0
2018/12/21-04:47:27.274075 7f831e9d6700                   Options.table_properties_collectors: 
2018/12/21-04:47:27.274076 7f831e9d6700                   Options.inplace_update_support: 0
2018/12/21-04:47:27.274077 7f831e9d6700                 Options.inplace_update_num_locks: 10000
2018/12/21-04:47:27.274078 7f831e9d6700               Options.memtable_prefix_bloom_size_ratio: 0.000000
2018/12/21-04:47:27.274080 7f831e9d6700   Options.memtable_huge_page_size: 0
2018/12/21-04:47:27.274081 7f831e9d6700                           Options.bloom_locality: 0
2018/12/21-04:47:27.274082 7f831e9d6700                    Options.max_successive_merges: 0
2018/12/21-04:47:27.274083 7f831e9d6700                Options.optimize_filters_for_hits: 0
2018/12/21-04:47:27.274083 7f831e9d6700                Options.paranoid_file_checks: 0
2018/12/21-04:47:27.274084 7f831e9d6700                Options.force_consistency_checks: 0
2018/12/21-04:47:27.274085 7f831e9d6700                Options.report_bg_io_stats: 0
2018/12/21-04:47:27.274086 7f831e9d6700                               Options.ttl: 0
2018/12/21-04:47:27.274172 7f831e9d6700 [db/db_impl.cc:1396] Created column family [usertable] (ID 1)
2018/12/21-04:47:27.350361 7f831e9d6700 [db/db_impl_open.cc:1219] DB pointer 0x7f82cc3b0bd0
2018/12/21-04:47:36.317592 7f831dbc8700 [db/db_impl_write.cc:1373] [usertable] New memtable created with log file: #9. Immutable memtables: 0.
2018/12/21-04:47:45.018164 7f831e9d6700 [db/db_impl_write.cc:1373] [usertable] New memtable created with log file: #10. Immutable memtables: 1.
2018/12/21-04:47:45.018295 7f81c9ffb700 [db/db_impl_compaction_flush.cc:80] [JOB 2] Syncing log #3
2018/12/21-04:47:45.032056 7f81c9ffb700 [db/db_impl_compaction_flush.cc:80] [JOB 2] Syncing log #9
2018/12/21-04:47:45.543318 7f81c9ffb700 (Original Log Time 2018/12/21-04:47:45.018242) [db/db_impl_compaction_flush.cc:1424] Calling FlushMemTableToOutputFile with column family [usertable], flush slots available 24, compaction slots available 1, flush slots scheduled 1, compaction slots scheduled 0
2018/12/21-04:47:45.543339 7f81c9ffb700 [db/flush_job.cc:301] [usertable] [JOB 2] Flushing memtable with next log file: 9
2018/12/21-04:47:45.543352 7f81c9ffb700 [db/flush_job.cc:301] [usertable] [JOB 2] Flushing memtable with next log file: 10
2018/12/21-04:47:45.543413 7f81c9ffb700 EVENT_LOG_v1 {"time_micros": 1545396465543395, "job": 2, "event": "flush_started", "num_memtables": 2, "num_entries": 61829, "num_deletes": 0, "memory_usage": 260125032, "flush_reason": "Write Buffer Full"}
2018/12/21-04:47:45.543427 7f81c9ffb700 [db/flush_job.cc:331] [usertable] [JOB 2] Level-0 flush table #11: started
2018/12/21-04:47:47.308619 7f81c9ffb700 EVENT_LOG_v1 {"time_micros": 1545396467308583, "cf_name": "usertable", "job": 2, "event": "table_file_creation", "file_number": 11, "file_size": 256058632, "table_properties": {"data_size": 254920981, "index_size": 1136724, "filter_size": 0, "raw_key_size": 1483896, "raw_average_key_size": 24, "raw_value_size": 253251584, "raw_average_value_size": 4096, "num_data_blocks": 30915, "num_entries": 61829, "filter_policy_name": "", "kDeletedKeys": "0", "kMergeOperands": "0"}}
2018/12/21-04:47:47.308652 7f81c9ffb700 [db/flush_job.cc:371] [usertable] [JOB 2] Level-0 flush table #11: 256058632 bytes OK
2018/12/21-04:47:47.393797 7f81c9ffb700 (Original Log Time 2018/12/21-04:47:47.308674) [db/memtable_list.cc:377] [usertable] Level-0 commit table #11 started
2018/12/21-04:47:47.393802 7f81c9ffb700 (Original Log Time 2018/12/21-04:47:47.393648) [db/memtable_list.cc:409] [usertable] Level-0 commit table #11: memtable #1 done
2018/12/21-04:47:47.393804 7f81c9ffb700 (Original Log Time 2018/12/21-04:47:47.393668) [db/memtable_list.cc:409] [usertable] Level-0 commit table #11: memtable #2 done
2018/12/21-04:47:47.393806 7f81c9ffb700 (Original Log Time 2018/12/21-04:47:47.393717) EVENT_LOG_v1 {"time_micros": 1545396467393693, "job": 2, "event": "flush_finished", "output_compression": "NoCompression", "lsm_state": [1, 0, 0, 0, 0, 0, 0], "immutable_memtables": 0}
2018/12/21-04:47:47.393808 7f81c9ffb700 (Original Log Time 2018/12/21-04:47:47.393752) [db/db_impl_compaction_flush.cc:177] [usertable] Level summary: base level 1 max bytes base 536870912 files[1 0 0 0 0 0 0] max score 0.50
2018/12/21-04:47:47.393823 7f81c9ffb700 [db/db_impl_files.cc:347] [JOB 2] Try to delete WAL files size 255276977, prev total WAL file size 289605520, number of live WAL files 3.
2018/12/21-04:47:53.982953 7f831dfcc700 [db/db_impl_write.cc:1373] [usertable] New memtable created with log file: #12. Immutable memtables: 0.
2018/12/21-04:48:02.164369 7f831dbc8700 [db/db_impl_write.cc:1373] [usertable] New memtable created with log file: #13. Immutable memtables: 1.
2018/12/21-04:48:02.164458 7f8242ffd700 [db/db_impl_compaction_flush.cc:80] [JOB 3] Syncing log #10
2018/12/21-04:48:03.246072 7f8242ffd700 [db/db_impl_compaction_flush.cc:80] [JOB 3] Syncing log #12
2018/12/21-04:48:04.426510 7f8242ffd700 (Original Log Time 2018/12/21-04:48:02.164436) [db/db_impl_compaction_flush.cc:1424] Calling FlushMemTableToOutputFile with column family [usertable], flush slots available 24, compaction slots available 1, flush slots scheduled 1, compaction slots scheduled 0
2018/12/21-04:48:04.426528 7f8242ffd700 [db/flush_job.cc:301] [usertable] [JOB 3] Flushing memtable with next log file: 12
2018/12/21-04:48:04.426536 7f8242ffd700 [db/flush_job.cc:301] [usertable] [JOB 3] Flushing memtable with next log file: 13
2018/12/21-04:48:04.426586 7f8242ffd700 EVENT_LOG_v1 {"time_micros": 1545396484426575, "job": 3, "event": "flush_started", "num_memtables": 2, "num_entries": 60011, "num_deletes": 0, "memory_usage": 255675256, "flush_reason": "Write Buffer Full"}
2018/12/21-04:48:04.426595 7f8242ffd700 [db/flush_job.cc:331] [usertable] [JOB 3] Level-0 flush table #14: started
2018/12/21-04:48:07.313185 7f8242ffd700 EVENT_LOG_v1 {"time_micros": 1545396487313155, "cf_name": "usertable", "job": 3, "event": "table_file_creation", "file_number": 14, "file_size": 248542920, "table_properties": {"data_size": 247432035, "index_size": 1109958, "filter_size": 0, "raw_key_size": 1440264, "raw_average_key_size": 24, "raw_value_size": 245805056, "raw_average_value_size": 4096, "num_data_blocks": 30006, "num_entries": 60011, "filter_policy_name": "", "kDeletedKeys": "0", "kMergeOperands": "0"}}
2018/12/21-04:48:07.313219 7f8242ffd700 [db/flush_job.cc:371] [usertable] [JOB 3] Level-0 flush table #14: 248542920 bytes OK
2018/12/21-04:48:07.411617 7f8242ffd700 (Original Log Time 2018/12/21-04:48:07.313238) [db/memtable_list.cc:377] [usertable] Level-0 commit table #14 started
2018/12/21-04:48:07.411622 7f8242ffd700 (Original Log Time 2018/12/21-04:48:07.411477) [db/memtable_list.cc:409] [usertable] Level-0 commit table #14: memtable #1 done
2018/12/21-04:48:07.411624 7f8242ffd700 (Original Log Time 2018/12/21-04:48:07.411485) [db/memtable_list.cc:409] [usertable] Level-0 commit table #14: memtable #2 done
2018/12/21-04:48:07.411625 7f8242ffd700 (Original Log Time 2018/12/21-04:48:07.411530) EVENT_LOG_v1 {"time_micros": 1545396487411519, "job": 3, "event": "flush_finished", "output_compression": "NoCompression", "lsm_state": [2, 0, 0, 0, 0, 0, 0], "immutable_memtables": 0}
2018/12/21-04:48:07.411627 7f8242ffd700 (Original Log Time 2018/12/21-04:48:07.411589) [db/db_impl_compaction_flush.cc:177] [usertable] Level summary: base level 1 max bytes base 536870912 files[2 0 0 0 0 0 0] max score 1.00
2018/12/21-04:48:07.411649 7f8242ffd700 [db/db_impl_files.cc:347] [JOB 3] Try to delete WAL files size 247759523, prev total WAL file size 323591971, number of live WAL files 3.
2018/12/21-04:48:07.411909 7f82437fe700 [WARN] [db/db_impl.cc:491] ------- DUMPING STATS -------
2018/12/21-04:48:07.411964 7f82437fe700 [WARN] [db/db_impl.cc:492] 
** DB Stats **
Uptime(secs): 40.2 total, 40.2 interval
Cumulative writes: 140K writes, 140K keys, 136K commit groups, 1.0 writes per commit group, ingest: 0.54 GB, 13.73 MB/s
Cumulative WAL: 140K writes, 0 syncs, 140208.00 writes per sync, written: 0.54 GB, 13.73 MB/s
Cumulative stall: 00:00:0.000 H:M:S, 0.0 percent
Interval writes: 140K writes, 140K keys, 136K commit groups, 1.0 writes per commit group, ingest: 552.05 MB, 13.73 MB/s
Interval WAL: 140K writes, 0 syncs, 140208.00 writes per sync, written: 0.54 MB, 13.73 MB/s
Interval stall: 00:00:0.000 H:M:S, 0.0 percent

** Compaction Stats [default] **
Level    Files   Size     Score Read(GB)  Rn(GB) Rnp1(GB) Write(GB) Wnew(GB) Moved(GB) W-Amp Rd(MB/s) Wr(MB/s) Comp(sec) Comp(cnt) Avg(sec) KeyIn KeyDrop
----------------------------------------------------------------------------------------------------------------------------------------------------------
 Sum      0/0    0.00 KB   0.0      0.0     0.0      0.0       0.0      0.0       0.0   0.0      0.0      0.0         0         0    0.000       0      0
 Int      0/0    0.00 KB   0.0      0.0     0.0      0.0       0.0      0.0       0.0   0.0      0.0      0.0         0         0    0.000       0      0
Uptime(secs): 40.2 total, 40.2 interval
Flush(GB): cumulative 0.000, interval 0.000
AddFile(GB): cumulative 0.000, interval 0.000
AddFile(Total Files): cumulative 0, interval 0
AddFile(L0 Files): cumulative 0, interval 0
AddFile(Keys): cumulative 0, interval 0
Cumulative compaction: 0.00 GB write, 0.00 MB/s write, 0.00 GB read, 0.00 MB/s read, 0.0 seconds
Interval compaction: 0.00 GB write, 0.00 MB/s write, 0.00 GB read, 0.00 MB/s read, 0.0 seconds
Stalls(count): 0 level0_slowdown, 0 level0_slowdown_with_compaction, 0 level0_numfiles, 0 level0_numfiles_with_compaction, 0 stop for pending_compaction_bytes, 0 slowdown for pending_compaction_bytes, 0 memtable_compaction, 0 memtable_slowdown, interval 0 total count

** File Read Latency Histogram By Level [default] **

** Compaction Stats [usertable] **
Level    Files   Size     Score Read(GB)  Rn(GB) Rnp1(GB) Write(GB) Wnew(GB) Moved(GB) W-Amp Rd(MB/s) Wr(MB/s) Comp(sec) Comp(cnt) Avg(sec) KeyIn KeyDrop
----------------------------------------------------------------------------------------------------------------------------------------------------------
  L0      2/0   481.23 MB   1.0      0.0     0.0      0.0       0.5      0.5       0.0   1.0      0.0    103.4         5         2    2.326       0      0
 Sum      2/0   481.23 MB   0.0      0.0     0.0      0.0       0.5      0.5       0.0   1.0      0.0    103.4         5         2    2.326       0      0
 Int      0/0    0.00 KB   0.0      0.0     0.0      0.0       0.5      0.5       0.0   1.0      0.0    103.4         5         2    2.326       0      0
Uptime(secs): 40.1 total, 40.1 interval
Flush(GB): cumulative 0.470, interval 0.470
AddFile(GB): cumulative 0.000, interval 0.000
AddFile(Total Files): cumulative 0, interval 0
AddFile(L0 Files): cumulative 0, interval 0
AddFile(Keys): cumulative 0, interval 0
Cumulative compaction: 0.47 GB write, 11.99 MB/s write, 0.00 GB read, 0.00 MB/s read, 4.7 seconds
Interval compaction: 0.47 GB write, 11.99 MB/s write, 0.00 GB read, 0.00 MB/s read, 4.7 seconds
Stalls(count): 0 level0_slowdown, 0 level0_slowdown_with_compaction, 0 level0_numfiles, 0 level0_numfiles_with_compaction, 0 stop for pending_compaction_bytes, 0 slowdown for pending_compaction_bytes, 0 memtable_compaction, 0 memtable_slowdown, interval 0 total count

** File Read Latency Histogram By Level [usertable] **

** Compaction Stats [default] **
Level    Files   Size     Score Read(GB)  Rn(GB) Rnp1(GB) Write(GB) Wnew(GB) Moved(GB) W-Amp Rd(MB/s) Wr(MB/s) Comp(sec) Comp(cnt) Avg(sec) KeyIn KeyDrop
----------------------------------------------------------------------------------------------------------------------------------------------------------
 Sum      0/0    0.00 KB   0.0      0.0     0.0      0.0       0.0      0.0       0.0   0.0      0.0      0.0         0         0    0.000       0      0
 Int      0/0    0.00 KB   0.0      0.0     0.0      0.0       0.0      0.0       0.0   0.0      0.0      0.0         0         0    0.000       0      0
Uptime(secs): 40.2 total, 0.0 interval
Flush(GB): cumulative 0.000, interval 0.000
AddFile(GB): cumulative 0.000, interval 0.000
AddFile(Total Files): cumulative 0, interval 0
AddFile(L0 Files): cumulative 0, interval 0
AddFile(Keys): cumulative 0, interval 0
Cumulative compaction: 0.00 GB write, 0.00 MB/s write, 0.00 GB read, 0.00 MB/s read, 0.0 seconds
Interval compaction: 0.00 GB write, 0.00 MB/s write, 0.00 GB read, 0.00 MB/s read, 0.0 seconds
Stalls(count): 0 level0_slowdown, 0 level0_slowdown_with_compaction, 0 level0_numfiles, 0 level0_numfiles_with_compaction, 0 stop for pending_compaction_bytes, 0 slowdown for pending_compaction_bytes, 0 memtable_compaction, 0 memtable_slowdown, interval 0 total count

** File Read Latency Histogram By Level [default] **

** Compaction Stats [usertable] **
Level    Files   Size     Score Read(GB)  Rn(GB) Rnp1(GB) Write(GB) Wnew(GB) Moved(GB) W-Amp Rd(MB/s) Wr(MB/s) Comp(sec) Comp(cnt) Avg(sec) KeyIn KeyDrop
----------------------------------------------------------------------------------------------------------------------------------------------------------
  L0      2/0   481.23 MB   1.0      0.0     0.0      0.0       0.5      0.5       0.0   1.0      0.0    103.4         5         2    2.326       0      0
 Sum      2/0   481.23 MB   0.0      0.0     0.0      0.0       0.5      0.5       0.0   1.0      0.0    103.4         5         2    2.326       0      0
 Int      0/0    0.00 KB   0.0      0.0     0.0      0.0       0.0      0.0       0.0   0.0      0.0      0.0         0         0    0.000       0      0
Uptime(secs): 40.1 total, 0.0 interval
Flush(GB): cumulative 0.470, interval 0.000
AddFile(GB): cumulative 0.000, interval 0.000
AddFile(Total Files): cumulative 0, interval 0
AddFile(L0 Files): cumulative 0, interval 0
AddFile(Keys): cumulative 0, interval 0
Cumulative compaction: 0.47 GB write, 11.99 MB/s write, 0.00 GB read, 0.00 MB/s read, 4.7 seconds
Interval compaction: 0.00 GB write, 0.00 MB/s write, 0.00 GB read, 0.00 MB/s read, 0.0 seconds
Stalls(count): 0 level0_slowdown, 0 level0_slowdown_with_compaction, 0 level0_numfiles, 0 level0_numfiles_with_compaction, 0 stop for pending_compaction_bytes, 0 slowdown for pending_compaction_bytes, 0 memtable_compaction, 0 memtable_slowdown, interval 0 total count

** File Read Latency Histogram By Level [usertable] **
2018/12/21-04:48:07.514016 7f82437fe700 (Original Log Time 2018/12/21-04:48:07.412073) [db/db_impl_compaction_flush.cc:1835] [usertable] Moving #11 to level-1 256058632 bytes
2018/12/21-04:48:07.514021 7f82437fe700 (Original Log Time 2018/12/21-04:48:07.513953) EVENT_LOG_v1 {"time_micros": 1545396487513934, "job": 4, "event": "trivial_move", "destination_level": 1, "files": 1, "total_files_size": 256058632}
2018/12/21-04:48:07.514023 7f82437fe700 (Original Log Time 2018/12/21-04:48:07.513967) [db/db_impl_compaction_flush.cc:1864] [usertable] Moved #1 files to level-1 256058632 bytes OK: base level 1 max bytes base 536870912 files[1 1 0 0 0 0 0] max score 0.50
2018/12/21-04:48:10.956351 7f831e3d0700 [db/db_impl_write.cc:1373] [usertable] New memtable created with log file: #15. Immutable memtables: 0.
2018/12/21-04:48:19.921014 7f831e9d6700 [db/db_impl_write.cc:1373] [usertable] New memtable created with log file: #16. Immutable memtables: 1.
2018/12/21-04:48:19.921092 7f82427fc700 [db/db_impl_compaction_flush.cc:80] [JOB 5] Syncing log #13
2018/12/21-04:48:20.442171 7f82427fc700 [db/db_impl_compaction_flush.cc:80] [JOB 5] Syncing log #15
2018/12/21-04:48:20.955604 7f82427fc700 (Original Log Time 2018/12/21-04:48:19.921075) [db/db_impl_compaction_flush.cc:1424] Calling FlushMemTableToOutputFile with column family [usertable], flush slots available 24, compaction slots available 1, flush slots scheduled 1, compaction slots scheduled 0
2018/12/21-04:48:20.955617 7f82427fc700 [db/flush_job.cc:301] [usertable] [JOB 5] Flushing memtable with next log file: 15
2018/12/21-04:48:20.955624 7f82427fc700 [db/flush_job.cc:301] [usertable] [JOB 5] Flushing memtable with next log file: 16
2018/12/21-04:48:20.955667 7f82427fc700 EVENT_LOG_v1 {"time_micros": 1545396500955645, "job": 5, "event": "flush_started", "num_memtables": 2, "num_entries": 62149, "num_deletes": 0, "memory_usage": 257567992, "flush_reason": "Write Buffer Full"}
2018/12/21-04:48:20.955674 7f82427fc700 [db/flush_job.cc:331] [usertable] [JOB 5] Level-0 flush table #17: started
2018/12/21-04:48:23.186460 7f82427fc700 EVENT_LOG_v1 {"time_micros": 1545396503186432, "cf_name": "usertable", "job": 5, "event": "table_file_creation", "file_number": 17, "file_size": 257383876, "table_properties": {"data_size": 256240341, "index_size": 1142608, "filter_size": 0, "raw_key_size": 1491576, "raw_average_key_size": 24, "raw_value_size": 254562304, "raw_average_value_size": 4096, "num_data_blocks": 31075, "num_entries": 62149, "filter_policy_name": "", "kDeletedKeys": "0", "kMergeOperands": "0"}}
2018/12/21-04:48:23.186484 7f82427fc700 [db/flush_job.cc:371] [usertable] [JOB 5] Level-0 flush table #17: 257383876 bytes OK
2018/12/21-04:48:23.244280 7f82427fc700 (Original Log Time 2018/12/21-04:48:23.186501) [db/memtable_list.cc:377] [usertable] Level-0 commit table #17 started
2018/12/21-04:48:23.244284 7f82427fc700 (Original Log Time 2018/12/21-04:48:23.244159) [db/memtable_list.cc:409] [usertable] Level-0 commit table #17: memtable #1 done
2018/12/21-04:48:23.244286 7f82427fc700 (Original Log Time 2018/12/21-04:48:23.244164) [db/memtable_list.cc:409] [usertable] Level-0 commit table #17: memtable #2 done
2018/12/21-04:48:23.244288 7f82427fc700 (Original Log Time 2018/12/21-04:48:23.244205) EVENT_LOG_v1 {"time_micros": 1545396503244190, "job": 5, "event": "flush_finished", "output_compression": "NoCompression", "lsm_state": [2, 1, 0, 0, 0, 0, 0], "immutable_memtables": 0}
2018/12/21-04:48:23.244290 7f82427fc700 (Original Log Time 2018/12/21-04:48:23.244249) [db/db_impl_compaction_flush.cc:177] [usertable] Level summary: base level 1 max bytes base 536870912 files[2 1 0 0 0 0 0] max score 1.00
