2018/12/21-05:38:23.722732 7fab4c6c6700 RocksDB version: 5.14.3
2018/12/21-05:38:23.722789 7fab4c6c6700 Git sha rocksdb_build_git_sha:
2018/12/21-05:38:23.722792 7fab4c6c6700 Compile date Dec 16 2018
2018/12/21-05:38:23.722796 7fab4c6c6700 DB SUMMARY
2018/12/21-05:38:23.723415 7fab4c6c6700 CURRENT file:  CURRENT
2018/12/21-05:38:23.723418 7fab4c6c6700 IDENTITY file:  IDENTITY
2018/12/21-05:38:23.723431 7fab4c6c6700 MANIFEST file:  MANIFEST-000004 size: 129226 Bytes
2018/12/21-05:38:23.723435 7fab4c6c6700 SST files in /mnt/sde/ycsb-rocksdb-data dir, Total Num: 690, files: 000021.sst 000022.sst 000023.sst 000024.sst 000028.sst 000029.sst 000030.sst 000031.sst 000035.sst 
2018/12/21-05:38:23.723437 7fab4c6c6700 Write Ahead Log file in /mnt/sde/ycsb-rocksdb-data: 001306.log size: 100524079 ; 001310.log size: 89581131 ; 
2018/12/21-05:38:23.723442 7fab4c6c6700                         Options.error_if_exists: 0
2018/12/21-05:38:23.723443 7fab4c6c6700                       Options.create_if_missing: 1
2018/12/21-05:38:23.723444 7fab4c6c6700                         Options.paranoid_checks: 1
2018/12/21-05:38:23.723445 7fab4c6c6700                                     Options.env: 0x7fab3f9892c0
2018/12/21-05:38:23.723447 7fab4c6c6700                                Options.info_log: 0x7faaa03aed80
2018/12/21-05:38:23.723448 7fab4c6c6700                Options.max_file_opening_threads: 16
2018/12/21-05:38:23.723449 7fab4c6c6700                              Options.statistics: (nil)
2018/12/21-05:38:23.723450 7fab4c6c6700                               Options.use_fsync: 0
2018/12/21-05:38:23.723451 7fab4c6c6700                       Options.max_log_file_size: 0
2018/12/21-05:38:23.723453 7fab4c6c6700                  Options.max_manifest_file_size: 18446744073709551615
2018/12/21-05:38:23.723454 7fab4c6c6700                   Options.log_file_time_to_roll: 0
2018/12/21-05:38:23.723455 7fab4c6c6700                       Options.keep_log_file_num: 1000
2018/12/21-05:38:23.723456 7fab4c6c6700                    Options.recycle_log_file_num: 0
2018/12/21-05:38:23.723457 7fab4c6c6700                         Options.allow_fallocate: 1
2018/12/21-05:38:23.723458 7fab4c6c6700                        Options.allow_mmap_reads: 0
2018/12/21-05:38:23.723459 7fab4c6c6700                       Options.allow_mmap_writes: 0
2018/12/21-05:38:23.723460 7fab4c6c6700                        Options.use_direct_reads: 0
2018/12/21-05:38:23.723461 7fab4c6c6700                        Options.use_direct_io_for_flush_and_compaction: 0
2018/12/21-05:38:23.723462 7fab4c6c6700          Options.create_missing_column_families: 1
2018/12/21-05:38:23.723463 7fab4c6c6700                              Options.db_log_dir: 
2018/12/21-05:38:23.723464 7fab4c6c6700                                 Options.wal_dir: /mnt/sde/ycsb-rocksdb-data
2018/12/21-05:38:23.723466 7fab4c6c6700                Options.table_cache_numshardbits: 6
2018/12/21-05:38:23.723467 7fab4c6c6700                      Options.max_subcompactions: 4
2018/12/21-05:38:23.723468 7fab4c6c6700                  Options.max_background_flushes: 24
2018/12/21-05:38:23.723469 7fab4c6c6700                         Options.WAL_ttl_seconds: 0
2018/12/21-05:38:23.723470 7fab4c6c6700                       Options.WAL_size_limit_MB: 0
2018/12/21-05:38:23.723471 7fab4c6c6700             Options.manifest_preallocation_size: 4194304
2018/12/21-05:38:23.723472 7fab4c6c6700                     Options.is_fd_close_on_exec: 1
2018/12/21-05:38:23.723473 7fab4c6c6700                   Options.advise_random_on_open: 1
2018/12/21-05:38:23.723474 7fab4c6c6700                    Options.db_write_buffer_size: 0
2018/12/21-05:38:23.723475 7fab4c6c6700                    Options.write_buffer_manager: 0x7faaa03abb70
2018/12/21-05:38:23.723477 7fab4c6c6700         Options.access_hint_on_compaction_start: 1
2018/12/21-05:38:23.723478 7fab4c6c6700  Options.new_table_reader_for_compaction_inputs: 0
2018/12/21-05:38:23.723479 7fab4c6c6700           Options.random_access_max_buffer_size: 1048576
2018/12/21-05:38:23.723480 7fab4c6c6700                      Options.use_adaptive_mutex: 0
2018/12/21-05:38:23.723481 7fab4c6c6700                            Options.rate_limiter: (nil)
2018/12/21-05:38:23.723494 7fab4c6c6700     Options.sst_file_manager.rate_bytes_per_sec: 0
2018/12/21-05:38:23.723496 7fab4c6c6700                       Options.wal_recovery_mode: 2
2018/12/21-05:38:23.723497 7fab4c6c6700                  Options.enable_thread_tracking: 0
2018/12/21-05:38:23.723498 7fab4c6c6700                  Options.enable_pipelined_write: 1
2018/12/21-05:38:23.723499 7fab4c6c6700         Options.allow_concurrent_memtable_write: 1
2018/12/21-05:38:23.723500 7fab4c6c6700      Options.enable_write_thread_adaptive_yield: 1
2018/12/21-05:38:23.723501 7fab4c6c6700             Options.write_thread_max_yield_usec: 100
2018/12/21-05:38:23.723502 7fab4c6c6700            Options.write_thread_slow_yield_usec: 3
2018/12/21-05:38:23.723503 7fab4c6c6700                               Options.row_cache: None
2018/12/21-05:38:23.723505 7fab4c6c6700                              Options.wal_filter: None
2018/12/21-05:38:23.723506 7fab4c6c6700             Options.avoid_flush_during_recovery: 0
2018/12/21-05:38:23.723507 7fab4c6c6700             Options.allow_ingest_behind: 0
2018/12/21-05:38:23.723508 7fab4c6c6700             Options.preserve_deletes: 0
2018/12/21-05:38:23.723509 7fab4c6c6700             Options.two_write_queues: 0
2018/12/21-05:38:23.723510 7fab4c6c6700             Options.manual_wal_flush: 0
2018/12/21-05:38:23.723512 7fab4c6c6700             Options.max_background_jobs: 24
2018/12/21-05:38:23.723513 7fab4c6c6700             Options.max_background_compactions: 24
2018/12/21-05:38:23.723514 7fab4c6c6700             Options.avoid_flush_during_shutdown: 0
2018/12/21-05:38:23.723515 7fab4c6c6700           Options.writable_file_max_buffer_size: 1048576
2018/12/21-05:38:23.723516 7fab4c6c6700             Options.delayed_write_rate : 16777216
2018/12/21-05:38:23.723518 7fab4c6c6700             Options.max_total_wal_size: 0
2018/12/21-05:38:23.723519 7fab4c6c6700             Options.delete_obsolete_files_period_micros: 21600000000
2018/12/21-05:38:23.723520 7fab4c6c6700                   Options.stats_dump_period_sec: 60
2018/12/21-05:38:23.723521 7fab4c6c6700                          Options.max_open_files: -1
2018/12/21-05:38:23.723522 7fab4c6c6700                          Options.bytes_per_sync: 1048576
2018/12/21-05:38:23.723523 7fab4c6c6700                      Options.wal_bytes_per_sync: 0
2018/12/21-05:38:23.723524 7fab4c6c6700       Options.compaction_readahead_size: 0
2018/12/21-05:38:23.723525 7fab4c6c6700 Compression algorithms supported:
2018/12/21-05:38:23.723527 7fab4c6c6700 	kZSTDNotFinalCompression supported: 1
2018/12/21-05:38:23.723534 7fab4c6c6700 	kZSTD supported: 1
2018/12/21-05:38:23.723536 7fab4c6c6700 	kXpressCompression supported: 0
2018/12/21-05:38:23.723537 7fab4c6c6700 	kLZ4HCCompression supported: 1
2018/12/21-05:38:23.723538 7fab4c6c6700 	kLZ4Compression supported: 1
2018/12/21-05:38:23.723539 7fab4c6c6700 	kBZip2Compression supported: 1
2018/12/21-05:38:23.723541 7fab4c6c6700 	kZlibCompression supported: 1
2018/12/21-05:38:23.723542 7fab4c6c6700 	kSnappyCompression supported: 1
2018/12/21-05:38:23.723546 7fab4c6c6700 Fast CRC32 supported: Supported on x86
2018/12/21-05:38:23.723971 7fab4c6c6700 [db/version_set.cc:3085] Recovering from manifest file: MANIFEST-000004
2018/12/21-05:38:23.724055 7fab4c6c6700 [db/column_family.cc:475] --------------- Options for column family [default]:
2018/12/21-05:38:23.724059 7fab4c6c6700               Options.comparator: leveldb.BytewiseComparator
2018/12/21-05:38:23.724060 7fab4c6c6700           Options.merge_operator: None
2018/12/21-05:38:23.724061 7fab4c6c6700        Options.compaction_filter: None
2018/12/21-05:38:23.724062 7fab4c6c6700        Options.compaction_filter_factory: None
2018/12/21-05:38:23.724063 7fab4c6c6700         Options.memtable_factory: SkipListFactory
2018/12/21-05:38:23.724065 7fab4c6c6700            Options.table_factory: BlockBasedTable
2018/12/21-05:38:23.724091 7fab4c6c6700            table_factory options:   flush_block_policy_factory: FlushBlockBySizePolicyFactory (0x7faaa03789f0)
  cache_index_and_filter_blocks: 0
  cache_index_and_filter_blocks_with_high_priority: 0
  pin_l0_filter_and_index_blocks_in_cache: 0
  index_type: 0
  hash_index_allow_collision: 1
  checksum: 1
  no_block_cache: 0
  block_cache: 0x7faaa0384350
  block_cache_name: LRUCache
  block_cache_options:
    capacity : 8388608
    num_shard_bits : 4
    strict_capacity_limit : 0
    high_pri_pool_ratio: 0.000
  block_cache_compressed: (nil)
  persistent_cache: (nil)
  block_size: 8192
  block_size_deviation: 10
  block_restart_interval: 16
  index_block_restart_interval: 1
  metadata_block_size: 4096
  partition_filters: 0
  use_delta_encoding: 1
  filter_policy: nullptr
  whole_key_filtering: 1
  verify_compression: 0
  read_amp_bytes_per_bit: 0
  format_version: 2
  enable_index_compression: 1
  block_align: 0
2018/12/21-05:38:23.724103 7fab4c6c6700        Options.write_buffer_size: 134217728
2018/12/21-05:38:23.724105 7fab4c6c6700  Options.max_write_buffer_number: 24
2018/12/21-05:38:23.724107 7fab4c6c6700        Options.compression[0]: NoCompression
2018/12/21-05:38:23.724108 7fab4c6c6700        Options.compression[1]: NoCompression
2018/12/21-05:38:23.724109 7fab4c6c6700        Options.compression[2]: LZ4
2018/12/21-05:38:23.724111 7fab4c6c6700        Options.compression[3]: LZ4
2018/12/21-05:38:23.724112 7fab4c6c6700        Options.compression[4]: LZ4
2018/12/21-05:38:23.724113 7fab4c6c6700        Options.compression[5]: LZ4
2018/12/21-05:38:23.724114 7fab4c6c6700        Options.compression[6]: LZ4
2018/12/21-05:38:23.724115 7fab4c6c6700                  Options.bottommost_compression: Disabled
2018/12/21-05:38:23.724116 7fab4c6c6700       Options.prefix_extractor: nullptr
2018/12/21-05:38:23.724117 7fab4c6c6700   Options.memtable_insert_with_hint_prefix_extractor: nullptr
2018/12/21-05:38:23.724119 7fab4c6c6700             Options.num_levels: 7
2018/12/21-05:38:23.724120 7fab4c6c6700        Options.min_write_buffer_number_to_merge: 2
2018/12/21-05:38:23.724121 7fab4c6c6700     Options.max_write_buffer_number_to_maintain: 0
2018/12/21-05:38:23.724122 7fab4c6c6700            Options.compression_opts.window_bits: -14
2018/12/21-05:38:23.724123 7fab4c6c6700                  Options.compression_opts.level: -1
2018/12/21-05:38:23.724124 7fab4c6c6700               Options.compression_opts.strategy: 0
2018/12/21-05:38:23.724125 7fab4c6c6700         Options.compression_opts.max_dict_bytes: 0
2018/12/21-05:38:23.724126 7fab4c6c6700         Options.compression_opts.zstd_max_train_bytes: 0
2018/12/21-05:38:23.724127 7fab4c6c6700      Options.level0_file_num_compaction_trigger: 2
2018/12/21-05:38:23.724128 7fab4c6c6700          Options.level0_slowdown_writes_trigger: 20
2018/12/21-05:38:23.724129 7fab4c6c6700              Options.level0_stop_writes_trigger: 36
2018/12/21-05:38:23.724130 7fab4c6c6700                   Options.target_file_size_base: 67108864
2018/12/21-05:38:23.724132 7fab4c6c6700             Options.target_file_size_multiplier: 1
2018/12/21-05:38:23.724133 7fab4c6c6700                Options.max_bytes_for_level_base: 536870912
2018/12/21-05:38:23.724134 7fab4c6c6700 Options.level_compaction_dynamic_level_bytes: 0
2018/12/21-05:38:23.724135 7fab4c6c6700          Options.max_bytes_for_level_multiplier: 10.000000
2018/12/21-05:38:23.724138 7fab4c6c6700 Options.max_bytes_for_level_multiplier_addtl[0]: 1
2018/12/21-05:38:23.724140 7fab4c6c6700 Options.max_bytes_for_level_multiplier_addtl[1]: 1
2018/12/21-05:38:23.724141 7fab4c6c6700 Options.max_bytes_for_level_multiplier_addtl[2]: 1
2018/12/21-05:38:23.724142 7fab4c6c6700 Options.max_bytes_for_level_multiplier_addtl[3]: 1
2018/12/21-05:38:23.724143 7fab4c6c6700 Options.max_bytes_for_level_multiplier_addtl[4]: 1
2018/12/21-05:38:23.724144 7fab4c6c6700 Options.max_bytes_for_level_multiplier_addtl[5]: 1
2018/12/21-05:38:23.724145 7fab4c6c6700 Options.max_bytes_for_level_multiplier_addtl[6]: 1
2018/12/21-05:38:23.724146 7fab4c6c6700       Options.max_sequential_skip_in_iterations: 8
2018/12/21-05:38:23.724147 7fab4c6c6700                    Options.max_compaction_bytes: 1677721600
2018/12/21-05:38:23.724154 7fab4c6c6700                        Options.arena_block_size: 16777216
2018/12/21-05:38:23.724156 7fab4c6c6700   Options.soft_pending_compaction_bytes_limit: 68719476736
2018/12/21-05:38:23.724157 7fab4c6c6700   Options.hard_pending_compaction_bytes_limit: 274877906944
2018/12/21-05:38:23.724158 7fab4c6c6700       Options.rate_limit_delay_max_milliseconds: 100
2018/12/21-05:38:23.724159 7fab4c6c6700                Options.disable_auto_compactions: 0
2018/12/21-05:38:23.724161 7fab4c6c6700                        Options.compaction_style: kCompactionStyleLevel
2018/12/21-05:38:23.724163 7fab4c6c6700                          Options.compaction_pri: kByCompensatedSize
2018/12/21-05:38:23.724164 7fab4c6c6700 Options.compaction_options_universal.size_ratio: 1
2018/12/21-05:38:23.724165 7fab4c6c6700 Options.compaction_options_universal.min_merge_width: 2
2018/12/21-05:38:23.724167 7fab4c6c6700 Options.compaction_options_universal.max_merge_width: 4294967295
2018/12/21-05:38:23.724168 7fab4c6c6700 Options.compaction_options_universal.max_size_amplification_percent: 200
2018/12/21-05:38:23.724169 7fab4c6c6700 Options.compaction_options_universal.compression_size_percent: -1
2018/12/21-05:38:23.724171 7fab4c6c6700 Options.compaction_options_universal.stop_style: kCompactionStopStyleTotalSize
2018/12/21-05:38:23.724172 7fab4c6c6700 Options.compaction_options_fifo.max_table_files_size: 1073741824
2018/12/21-05:38:23.724173 7fab4c6c6700 Options.compaction_options_fifo.allow_compaction: 0
2018/12/21-05:38:23.724174 7fab4c6c6700 Options.compaction_options_fifo.ttl: 0
2018/12/21-05:38:23.724175 7fab4c6c6700                   Options.table_properties_collectors: 
2018/12/21-05:38:23.724177 7fab4c6c6700                   Options.inplace_update_support: 0
2018/12/21-05:38:23.724178 7fab4c6c6700                 Options.inplace_update_num_locks: 10000
2018/12/21-05:38:23.724179 7fab4c6c6700               Options.memtable_prefix_bloom_size_ratio: 0.000000
2018/12/21-05:38:23.724180 7fab4c6c6700   Options.memtable_huge_page_size: 0
2018/12/21-05:38:23.724182 7fab4c6c6700                           Options.bloom_locality: 0
2018/12/21-05:38:23.724183 7fab4c6c6700                    Options.max_successive_merges: 0
2018/12/21-05:38:23.724184 7fab4c6c6700                Options.optimize_filters_for_hits: 0
2018/12/21-05:38:23.724185 7fab4c6c6700                Options.paranoid_file_checks: 0
2018/12/21-05:38:23.724186 7fab4c6c6700                Options.force_consistency_checks: 0
2018/12/21-05:38:23.724187 7fab4c6c6700                Options.report_bg_io_stats: 0
2018/12/21-05:38:23.724188 7fab4c6c6700                               Options.ttl: 0
2018/12/21-05:38:23.724623 7fab4c6c6700 [db/column_family.cc:475] --------------- Options for column family [usertable]:
2018/12/21-05:38:23.724626 7fab4c6c6700               Options.comparator: leveldb.BytewiseComparator
2018/12/21-05:38:23.724627 7fab4c6c6700           Options.merge_operator: None
2018/12/21-05:38:23.724629 7fab4c6c6700        Options.compaction_filter: None
2018/12/21-05:38:23.724630 7fab4c6c6700        Options.compaction_filter_factory: None
2018/12/21-05:38:23.724631 7fab4c6c6700         Options.memtable_factory: SkipListFactory
2018/12/21-05:38:23.724632 7fab4c6c6700            Options.table_factory: BlockBasedTable
2018/12/21-05:38:23.724654 7fab4c6c6700            table_factory options:   flush_block_policy_factory: FlushBlockBySizePolicyFactory (0x7faaa03787c0)
  cache_index_and_filter_blocks: 0
  cache_index_and_filter_blocks_with_high_priority: 0
  pin_l0_filter_and_index_blocks_in_cache: 0
  index_type: 0
  hash_index_allow_collision: 1
  checksum: 1
  no_block_cache: 0
  block_cache: 0x7faaa0379260
  block_cache_name: LRUCache
  block_cache_options:
    capacity : 8388608
    num_shard_bits : 4
    strict_capacity_limit : 0
    high_pri_pool_ratio: 0.000
  block_cache_compressed: (nil)
  persistent_cache: (nil)
  block_size: 8192
  block_size_deviation: 10
  block_restart_interval: 16
  index_block_restart_interval: 1
  metadata_block_size: 4096
  partition_filters: 0
  use_delta_encoding: 1
  filter_policy: nullptr
  whole_key_filtering: 1
  verify_compression: 0
  read_amp_bytes_per_bit: 0
  format_version: 2
  enable_index_compression: 1
  block_align: 0
2018/12/21-05:38:23.724666 7fab4c6c6700        Options.write_buffer_size: 134217728
2018/12/21-05:38:23.724668 7fab4c6c6700  Options.max_write_buffer_number: 24
2018/12/21-05:38:23.724669 7fab4c6c6700        Options.compression[0]: NoCompression
2018/12/21-05:38:23.724671 7fab4c6c6700        Options.compression[1]: NoCompression
2018/12/21-05:38:23.724672 7fab4c6c6700        Options.compression[2]: LZ4
2018/12/21-05:38:23.724673 7fab4c6c6700        Options.compression[3]: LZ4
2018/12/21-05:38:23.724674 7fab4c6c6700        Options.compression[4]: LZ4
2018/12/21-05:38:23.724675 7fab4c6c6700        Options.compression[5]: LZ4
2018/12/21-05:38:23.724676 7fab4c6c6700        Options.compression[6]: LZ4
2018/12/21-05:38:23.724677 7fab4c6c6700                  Options.bottommost_compression: Disabled
2018/12/21-05:38:23.724679 7fab4c6c6700       Options.prefix_extractor: nullptr
2018/12/21-05:38:23.724680 7fab4c6c6700   Options.memtable_insert_with_hint_prefix_extractor: nullptr
2018/12/21-05:38:23.724681 7fab4c6c6700             Options.num_levels: 7
2018/12/21-05:38:23.724682 7fab4c6c6700        Options.min_write_buffer_number_to_merge: 2
2018/12/21-05:38:23.724683 7fab4c6c6700     Options.max_write_buffer_number_to_maintain: 0
2018/12/21-05:38:23.724684 7fab4c6c6700            Options.compression_opts.window_bits: -14
2018/12/21-05:38:23.724685 7fab4c6c6700                  Options.compression_opts.level: -1
2018/12/21-05:38:23.724686 7fab4c6c6700               Options.compression_opts.strategy: 0
2018/12/21-05:38:23.724688 7fab4c6c6700         Options.compression_opts.max_dict_bytes: 0
2018/12/21-05:38:23.724689 7fab4c6c6700         Options.compression_opts.zstd_max_train_bytes: 0
2018/12/21-05:38:23.724690 7fab4c6c6700      Options.level0_file_num_compaction_trigger: 2
2018/12/21-05:38:23.724691 7fab4c6c6700          Options.level0_slowdown_writes_trigger: 20
2018/12/21-05:38:23.724692 7fab4c6c6700              Options.level0_stop_writes_trigger: 36
2018/12/21-05:38:23.724693 7fab4c6c6700                   Options.target_file_size_base: 67108864
2018/12/21-05:38:23.724694 7fab4c6c6700             Options.target_file_size_multiplier: 1
2018/12/21-05:38:23.724695 7fab4c6c6700                Options.max_bytes_for_level_base: 536870912
2018/12/21-05:38:23.724696 7fab4c6c6700 Options.level_compaction_dynamic_level_bytes: 0
2018/12/21-05:38:23.724697 7fab4c6c6700          Options.max_bytes_for_level_multiplier: 10.000000
2018/12/21-05:38:23.724700 7fab4c6c6700 Options.max_bytes_for_level_multiplier_addtl[0]: 1
2018/12/21-05:38:23.724701 7fab4c6c6700 Options.max_bytes_for_level_multiplier_addtl[1]: 1
2018/12/21-05:38:23.724702 7fab4c6c6700 Options.max_bytes_for_level_multiplier_addtl[2]: 1
2018/12/21-05:38:23.724703 7fab4c6c6700 Options.max_bytes_for_level_multiplier_addtl[3]: 1
2018/12/21-05:38:23.724704 7fab4c6c6700 Options.max_bytes_for_level_multiplier_addtl[4]: 1
2018/12/21-05:38:23.724706 7fab4c6c6700 Options.max_bytes_for_level_multiplier_addtl[5]: 1
2018/12/21-05:38:23.724707 7fab4c6c6700 Options.max_bytes_for_level_multiplier_addtl[6]: 1
2018/12/21-05:38:23.724708 7fab4c6c6700       Options.max_sequential_skip_in_iterations: 8
2018/12/21-05:38:23.724709 7fab4c6c6700                    Options.max_compaction_bytes: 1677721600
2018/12/21-05:38:23.724710 7fab4c6c6700                        Options.arena_block_size: 16777216
2018/12/21-05:38:23.724711 7fab4c6c6700   Options.soft_pending_compaction_bytes_limit: 68719476736
2018/12/21-05:38:23.724712 7fab4c6c6700   Options.hard_pending_compaction_bytes_limit: 274877906944
2018/12/21-05:38:23.724713 7fab4c6c6700       Options.rate_limit_delay_max_milliseconds: 100
2018/12/21-05:38:23.724714 7fab4c6c6700                Options.disable_auto_compactions: 0
2018/12/21-05:38:23.724716 7fab4c6c6700                        Options.compaction_style: kCompactionStyleLevel
2018/12/21-05:38:23.724723 7fab4c6c6700                          Options.compaction_pri: kByCompensatedSize
2018/12/21-05:38:23.724724 7fab4c6c6700 Options.compaction_options_universal.size_ratio: 1
2018/12/21-05:38:23.724726 7fab4c6c6700 Options.compaction_options_universal.min_merge_width: 2
2018/12/21-05:38:23.724727 7fab4c6c6700 Options.compaction_options_universal.max_merge_width: 4294967295
2018/12/21-05:38:23.724728 7fab4c6c6700 Options.compaction_options_universal.max_size_amplification_percent: 200
2018/12/21-05:38:23.724729 7fab4c6c6700 Options.compaction_options_universal.compression_size_percent: -1
2018/12/21-05:38:23.724730 7fab4c6c6700 Options.compaction_options_universal.stop_style: kCompactionStopStyleTotalSize
2018/12/21-05:38:23.724732 7fab4c6c6700 Options.compaction_options_fifo.max_table_files_size: 1073741824
2018/12/21-05:38:23.724733 7fab4c6c6700 Options.compaction_options_fifo.allow_compaction: 0
2018/12/21-05:38:23.724734 7fab4c6c6700 Options.compaction_options_fifo.ttl: 0
2018/12/21-05:38:23.724735 7fab4c6c6700                   Options.table_properties_collectors: 
2018/12/21-05:38:23.724736 7fab4c6c6700                   Options.inplace_update_support: 0
2018/12/21-05:38:23.724737 7fab4c6c6700                 Options.inplace_update_num_locks: 10000
2018/12/21-05:38:23.724738 7fab4c6c6700               Options.memtable_prefix_bloom_size_ratio: 0.000000
2018/12/21-05:38:23.724740 7fab4c6c6700   Options.memtable_huge_page_size: 0
2018/12/21-05:38:23.724741 7fab4c6c6700                           Options.bloom_locality: 0
2018/12/21-05:38:23.724742 7fab4c6c6700                    Options.max_successive_merges: 0
2018/12/21-05:38:23.724743 7fab4c6c6700                Options.optimize_filters_for_hits: 0
2018/12/21-05:38:23.724744 7fab4c6c6700                Options.paranoid_file_checks: 0
2018/12/21-05:38:23.724745 7fab4c6c6700                Options.force_consistency_checks: 0
2018/12/21-05:38:23.724746 7fab4c6c6700                Options.report_bg_io_stats: 0
2018/12/21-05:38:23.724747 7fab4c6c6700                               Options.ttl: 0
2018/12/21-05:38:24.244363 7fab4c6c6700 [db/version_set.cc:3361] Recovered from manifest file:/mnt/sde/ycsb-rocksdb-data/MANIFEST-000004 succeeded,manifest_file_number is 4, next_file_number is 1313, last_sequence is 10426482, log_number is 0,prev_log_number is 0,max_column_family is 1,min_log_number_to_keep is 0
2018/12/21-05:38:24.244374 7fab4c6c6700 [db/version_set.cc:3369] Column family [default] (ID 0), log number is 0
2018/12/21-05:38:24.244376 7fab4c6c6700 [db/version_set.cc:3369] Column family [usertable] (ID 1), log number is 1306
2018/12/21-05:38:24.246414 7fab4c6c6700 EVENT_LOG_v1 {"time_micros": 1545399504246403, "job": 1, "event": "recovery_started", "log_files": [1306, 1310]}
2018/12/21-05:38:24.246421 7fab4c6c6700 [db/db_impl_open.cc:551] Recovering log #1306 mode 2
2018/12/21-05:38:24.521916 7fab4c6c6700 [db/db_impl_open.cc:551] Recovering log #1310 mode 2
2018/12/21-05:38:27.484452 7fab4c6c6700 EVENT_LOG_v1 {"time_micros": 1545399507484426, "cf_name": "usertable", "job": 1, "event": "table_file_creation", "file_number": 1313, "file_size": 129902326, "table_properties": {"data_size": 129321397, "index_size": 580007, "filter_size": 0, "raw_key_size": 752760, "raw_average_key_size": 24, "raw_value_size": 128471040, "raw_average_value_size": 4096, "num_data_blocks": 15683, "num_entries": 31365, "filter_policy_name": "", "kDeletedKeys": "0", "kMergeOperands": "0"}}
2018/12/21-05:38:27.859791 7fab4c6c6700 [db/version_set.cc:2847] Creating manifest 1314
2018/12/21-05:38:28.158150 7fab4c6c6700 EVENT_LOG_v1 {"time_micros": 1545399508158121, "cf_name": "usertable", "job": 1, "event": "table_file_creation", "file_number": 1315, "file_size": 60452545, "table_properties": {"data_size": 60183445, "index_size": 268179, "filter_size": 0, "raw_key_size": 350328, "raw_average_key_size": 24, "raw_value_size": 59789312, "raw_average_value_size": 4096, "num_data_blocks": 7299, "num_entries": 14597, "filter_policy_name": "", "kDeletedKeys": "0", "kMergeOperands": "0"}}
2018/12/21-05:38:28.187001 7fab4c6c6700 EVENT_LOG_v1 {"time_micros": 1545399508186995, "job": 1, "event": "recovery_finished"}
2018/12/21-05:38:28.261207 7fab4c6c6700 [db/db_impl_open.cc:1219] DB pointer 0x7faaa03af2a0
2018/12/21-05:38:28.261599 7fab267fc700 [WARN] [db/db_impl.cc:491] ------- DUMPING STATS -------
2018/12/21-05:38:28.261674 7fab267fc700 [WARN] [db/db_impl.cc:492] 
** DB Stats **
Uptime(secs): 4.5 total, 4.5 interval
Cumulative writes: 0 writes, 0 keys, 0 commit groups, 0.0 writes per commit group, ingest: 0.00 GB, 0.00 MB/s
Cumulative WAL: 0 writes, 0 syncs, 0.00 writes per sync, written: 0.00 GB, 0.00 MB/s
Cumulative stall: 00:00:0.000 H:M:S, 0.0 percent
Interval writes: 0 writes, 0 keys, 0 commit groups, 0.0 writes per commit group, ingest: 0.00 MB, 0.00 MB/s
Interval WAL: 0 writes, 0 syncs, 0.00 writes per sync, written: 0.00 MB, 0.00 MB/s
Interval stall: 00:00:0.000 H:M:S, 0.0 percent

** Compaction Stats [default] **
Level    Files   Size     Score Read(GB)  Rn(GB) Rnp1(GB) Write(GB) Wnew(GB) Moved(GB) W-Amp Rd(MB/s) Wr(MB/s) Comp(sec) Comp(cnt) Avg(sec) KeyIn KeyDrop
----------------------------------------------------------------------------------------------------------------------------------------------------------
 Sum      0/0    0.00 KB   0.0      0.0     0.0      0.0       0.0      0.0       0.0   0.0      0.0      0.0         0         0    0.000       0      0
 Int      0/0    0.00 KB   0.0      0.0     0.0      0.0       0.0      0.0       0.0   0.0      0.0      0.0         0         0    0.000       0      0
Uptime(secs): 4.5 total, 4.5 interval
Flush(GB): cumulative 0.000, interval 0.000
AddFile(GB): cumulative 0.000, interval 0.000
AddFile(Total Files): cumulative 0, interval 0
AddFile(L0 Files): cumulative 0, interval 0
AddFile(Keys): cumulative 0, interval 0
Cumulative compaction: 0.00 GB write, 0.00 MB/s write, 0.00 GB read, 0.00 MB/s read, 0.0 seconds
Interval compaction: 0.00 GB write, 0.00 MB/s write, 0.00 GB read, 0.00 MB/s read, 0.0 seconds
Stalls(count): 0 level0_slowdown, 0 level0_slowdown_with_compaction, 0 level0_numfiles, 0 level0_numfiles_with_compaction, 0 stop for pending_compaction_bytes, 0 slowdown for pending_compaction_bytes, 0 memtable_compaction, 0 memtable_slowdown, interval 0 total count

** File Read Latency Histogram By Level [default] **

** Compaction Stats [usertable] **
Level    Files   Size     Score Read(GB)  Rn(GB) Rnp1(GB) Write(GB) Wnew(GB) Moved(GB) W-Amp Rd(MB/s) Wr(MB/s) Comp(sec) Comp(cnt) Avg(sec) KeyIn KeyDrop
----------------------------------------------------------------------------------------------------------------------------------------------------------
  L0      3/0   373.51 MB   1.5      0.0     0.0      0.0       0.2      0.2       0.0   1.0      0.0     58.1         3         2    1.561       0      0
  L1      2/0   383.95 MB   0.7      0.0     0.0      0.0       0.0      0.0       0.0   0.0      0.0      0.0         0         0    0.000       0      0
  L2    136/0    4.99 GB   1.0      0.0     0.0      0.0       0.0      0.0       0.0   0.0      0.0      0.0         0         0    0.000       0      0
  L3    551/0   34.45 GB   0.7      0.0     0.0      0.0       0.0      0.0       0.0   0.0      0.0      0.0         0         0    0.000       0      0
 Sum    692/0   40.18 GB   0.0      0.0     0.0      0.0       0.2      0.2       0.0   1.0      0.0     58.1         3         2    1.561       0      0
 Int      0/0    0.00 KB   0.0      0.0     0.0      0.0       0.2      0.2       0.0   1.0      0.0     58.1         3         2    1.561       0      0
Uptime(secs): 4.5 total, 4.5 interval
Flush(GB): cumulative 0.177, interval 0.177
AddFile(GB): cumulative 0.000, interval 0.000
AddFile(Total Files): cumulative 0, interval 0
AddFile(L0 Files): cumulative 0, interval 0
AddFile(Keys): cumulative 0, interval 0
Cumulative compaction: 0.18 GB write, 40.01 MB/s write, 0.00 GB read, 0.00 MB/s read, 3.1 seconds
Interval compaction: 0.18 GB write, 40.01 MB/s write, 0.00 GB read, 0.00 MB/s read, 3.1 seconds
Stalls(count): 0 level0_slowdown, 0 level0_slowdown_with_compaction, 0 level0_numfiles, 0 level0_numfiles_with_compaction, 0 stop for pending_compaction_bytes, 0 slowdown for pending_compaction_bytes, 0 memtable_compaction, 0 memtable_slowdown, interval 0 total count

** File Read Latency Histogram By Level [usertable] **

** Compaction Stats [default] **
Level    Files   Size     Score Read(GB)  Rn(GB) Rnp1(GB) Write(GB) Wnew(GB) Moved(GB) W-Amp Rd(MB/s) Wr(MB/s) Comp(sec) Comp(cnt) Avg(sec) KeyIn KeyDrop
----------------------------------------------------------------------------------------------------------------------------------------------------------
 Sum      0/0    0.00 KB   0.0      0.0     0.0      0.0       0.0      0.0       0.0   0.0      0.0      0.0         0         0    0.000       0      0
 Int      0/0    0.00 KB   0.0      0.0     0.0      0.0       0.0      0.0       0.0   0.0      0.0      0.0         0         0    0.000       0      0
Uptime(secs): 4.5 total, 0.0 interval
Flush(GB): cumulative 0.000, interval 0.000
AddFile(GB): cumulative 0.000, interval 0.000
AddFile(Total Files): cumulative 0, interval 0
AddFile(L0 Files): cumulative 0, interval 0
AddFile(Keys): cumulative 0, interval 0
Cumulative compaction: 0.00 GB write, 0.00 MB/s write, 0.00 GB read, 0.00 MB/s read, 0.0 seconds
Interval compaction: 0.00 GB write, 0.00 MB/s write, 0.00 GB read, 0.00 MB/s read, 0.0 seconds
Stalls(count): 0 level0_slowdown, 0 level0_slowdown_with_compaction, 0 level0_numfiles, 0 level0_numfiles_with_compaction, 0 stop for pending_compaction_bytes, 0 slowdown for pending_compaction_bytes, 0 memtable_compaction, 0 memtable_slowdown, interval 0 total count

** File Read Latency Histogram By Level [default] **

** Compaction Stats [usertable] **
Level    Files   Size     Score Read(GB)  Rn(GB) Rnp1(GB) Write(GB) Wnew(GB) Moved(GB) W-Amp Rd(MB/s) Wr(MB/s) Comp(sec) Comp(cnt) Avg(sec) KeyIn KeyDrop
----------------------------------------------------------------------------------------------------------------------------------------------------------
  L0      3/0   373.51 MB   1.5      0.0     0.0      0.0       0.2      0.2       0.0   1.0      0.0     58.1         3         2    1.561       0      0
  L1      2/0   383.95 MB   0.7      0.0     0.0      0.0       0.0      0.0       0.0   0.0      0.0      0.0         0         0    0.000       0      0
  L2    136/0    4.99 GB   1.0      0.0     0.0      0.0       0.0      0.0       0.0   0.0      0.0      0.0         0         0    0.000       0      0
  L3    551/0   34.45 GB   0.7      0.0     0.0      0.0       0.0      0.0       0.0   0.0      0.0      0.0         0         0    0.000       0      0
 Sum    692/0   40.18 GB   0.0      0.0     0.0      0.0       0.2      0.2       0.0   1.0      0.0     58.1         3         2    1.561       0      0
 Int      0/0    0.00 KB   0.0      0.0     0.0      0.0       0.0      0.0       0.0   0.0      0.0      0.0         0         0    0.000       0      0
Uptime(secs): 4.5 total, 0.0 interval
Flush(GB): cumulative 0.177, interval 0.000
AddFile(GB): cumulative 0.000, interval 0.000
AddFile(Total Files): cumulative 0, interval 0
AddFile(L0 Files): cumulative 0, interval 0
AddFile(Keys): cumulative 0, interval 0
Cumulative compaction: 0.18 GB write, 40.01 MB/s write, 0.00 GB read, 0.00 MB/s read, 3.1 seconds
Interval compaction: 0.00 GB write, 0.00 MB/s write, 0.00 GB read, 0.00 MB/s read, 0.0 seconds
Stalls(count): 0 level0_slowdown, 0 level0_slowdown_with_compaction, 0 level0_numfiles, 0 level0_numfiles_with_compaction, 0 stop for pending_compaction_bytes, 0 slowdown for pending_compaction_bytes, 0 memtable_compaction, 0 memtable_slowdown, interval 0 total count

** File Read Latency Histogram By Level [usertable] **
2018/12/21-05:38:28.346540 7fab267fc700 (Original Log Time 2018/12/21-05:38:28.261828) [db/db_impl_compaction_flush.cc:1835] [usertable] Moving #193 to level-1 201301184 bytes
2018/12/21-05:38:28.346546 7fab267fc700 (Original Log Time 2018/12/21-05:38:28.346444) EVENT_LOG_v1 {"time_micros": 1545399508346434, "job": 3, "event": "trivial_move", "destination_level": 1, "files": 1, "total_files_size": 201301184}
2018/12/21-05:38:28.346549 7fab267fc700 (Original Log Time 2018/12/21-05:38:28.346462) [db/db_impl_compaction_flush.cc:1864] [usertable] Moved #1 files to level-1 201301184 bytes OK: base level 1 max bytes base 536870912 files[2 3 136 551 0 0 0] max score 1.12
2018/12/21-05:38:28.346665 7fab267fc700 [db/compaction_job.cc:1531] [usertable] [JOB 4] Compacting 1@1 files to L2, score 1.12
2018/12/21-05:38:28.346676 7fab267fc700 [db/compaction_job.cc:1535] [usertable] Compaction start summary: Base version 6 Base level 1, inputs: [237(191MB)]
2018/12/21-05:38:28.346702 7fab267fc700 EVENT_LOG_v1 {"time_micros": 1545399508346683, "job": 4, "event": "compaction_started", "compaction_reason": "LevelMaxLevelSize", "files_L1": [237], "score": 1.12486, "input_data_size": 201301187}
2018/12/21-05:38:29.759579 7fab267fc700 [db/compaction_job.cc:1211] [usertable] [JOB 4] Generated table #1319: 16279 keys, 67233376 bytes
2018/12/21-05:38:29.759639 7fab267fc700 EVENT_LOG_v1 {"time_micros": 1545399509759614, "cf_name": "usertable", "job": 4, "event": "table_file_creation", "file_number": 1319, "file_size": 67233376, "table_properties": {"data_size": 67118331, "index_size": 299108, "filter_size": 0, "raw_key_size": 390696, "raw_average_key_size": 24, "raw_value_size": 66678784, "raw_average_value_size": 4096, "num_data_blocks": 8140, "num_entries": 16279, "filter_policy_name": "", "kDeletedKeys": "0", "kMergeOperands": "0"}}
2018/12/21-05:38:30.504155 7fab267fc700 [db/compaction_job.cc:1211] [usertable] [JOB 4] Generated table #1320: 16279 keys, 67233515 bytes
2018/12/21-05:38:30.504204 7fab267fc700 EVENT_LOG_v1 {"time_micros": 1545399510504185, "cf_name": "usertable", "job": 4, "event": "table_file_creation", "file_number": 1320, "file_size": 67233515, "table_properties": {"data_size": 67120138, "index_size": 300916, "filter_size": 0, "raw_key_size": 390696, "raw_average_key_size": 24, "raw_value_size": 66678784, "raw_average_value_size": 4096, "num_data_blocks": 8140, "num_entries": 16279, "filter_policy_name": "", "kDeletedKeys": "0", "kMergeOperands": "0"}}
2018/12/21-05:38:31.262818 7fab267fc700 [db/compaction_job.cc:1211] [usertable] [JOB 4] Generated table #1321: 16049 keys, 66283449 bytes
2018/12/21-05:38:31.262883 7fab267fc700 EVENT_LOG_v1 {"time_micros": 1545399511262853, "cf_name": "usertable", "job": 4, "event": "table_file_creation", "file_number": 1321, "file_size": 66283449, "table_properties": {"data_size": 66170041, "index_size": 294877, "filter_size": 0, "raw_key_size": 385176, "raw_average_key_size": 24, "raw_value_size": 65736704, "raw_average_value_size": 4096, "num_data_blocks": 8025, "num_entries": 16049, "filter_policy_name": "", "kDeletedKeys": "0", "kMergeOperands": "0"}}
2018/12/21-05:38:31.262991 7fab267fc700 [db/compaction_job.cc:1287] [usertable] [JOB 4] Compacted 1@1 files to L2 => 200750340 bytes
2018/12/21-05:38:31.292973 7fab267fc700 (Original Log Time 2018/12/21-05:38:31.292826) [db/compaction_job.cc:685] [usertable] compacted to: base level 1 max bytes base 536870912 files[2 2 139 551 0 0 0] max score 1.04, MB/sec: 69.0 rd, 68.8 wr, level 2, files in(1, 0) out(3) MB in(192.0, 0.0) out(191.5), read-write-amplify(2.0) write-amplify(1.0) OK, records in: 48607, records dropped: 0 output_compression: LZ4
2018/12/21-05:38:31.292982 7fab267fc700 (Original Log Time 2018/12/21-05:38:31.292877) EVENT_LOG_v1 {"time_micros": 1545399511292860, "job": 4, "event": "compaction_finished", "compaction_time_micros": 2916217, "output_level": 2, "num_output_files": 3, "total_output_size": 200750340, "num_input_records": 48607, "num_output_records": 48607, "num_subcompactions": 1, "output_compression": "LZ4", "num_single_delete_mismatches": 0, "num_single_delete_fallthrough": 0, "lsm_state": [2, 2, 139, 551, 0, 0, 0]}
2018/12/21-05:38:31.323132 7fab3e00f700 (Original Log Time 2018/12/21-05:38:31.293328) [db/db_impl_compaction_flush.cc:1835] [usertable] Moving #1320 to level-3 67233515 bytes
2018/12/21-05:38:31.323141 7fab3e00f700 (Original Log Time 2018/12/21-05:38:31.323024) EVENT_LOG_v1 {"time_micros": 1545399511323012, "job": 5, "event": "trivial_move", "destination_level": 3, "files": 1, "total_files_size": 67233515}
2018/12/21-05:38:31.323144 7fab3e00f700 (Original Log Time 2018/12/21-05:38:31.323057) [db/db_impl_compaction_flush.cc:1864] [usertable] Moved #1 files to level-3 67233515 bytes OK: base level 1 max bytes base 536870912 files[2 2 138 552 0 0 0] max score 1.02
2018/12/21-05:38:31.347994 7fab3e00f700 EVENT_LOG_v1 {"time_micros": 1545399511347981, "job": 5, "event": "table_file_deletion", "file_number": 237}
2018/12/21-05:38:31.369485 7fab3d80e700 (Original Log Time 2018/12/21-05:38:31.348286) [db/db_impl_compaction_flush.cc:1835] [usertable] Moving #1319 to level-3 67233376 bytes
2018/12/21-05:38:31.369491 7fab3d80e700 (Original Log Time 2018/12/21-05:38:31.369400) EVENT_LOG_v1 {"time_micros": 1545399511369391, "job": 6, "event": "trivial_move", "destination_level": 3, "files": 1, "total_files_size": 67233376}
2018/12/21-05:38:31.369493 7fab3d80e700 (Original Log Time 2018/12/21-05:38:31.369420) [db/db_impl_compaction_flush.cc:1864] [usertable] Moved #1 files to level-3 67233376 bytes OK: base level 1 max bytes base 536870912 files[2 2 137 553 0 0 0] max score 1.01
2018/12/21-05:38:31.574341 7fab3d80e700 (Original Log Time 2018/12/21-05:38:31.369732) [db/db_impl_compaction_flush.cc:1835] [usertable] Moving #290 to level-3 66320798 bytes
2018/12/21-05:38:31.574353 7fab3d80e700 (Original Log Time 2018/12/21-05:38:31.574038) EVENT_LOG_v1 {"time_micros": 1545399511574016, "job": 7, "event": "trivial_move", "destination_level": 3, "files": 1, "total_files_size": 66320798}
2018/12/21-05:38:31.574358 7fab3d80e700 (Original Log Time 2018/12/21-05:38:31.574065) [db/db_impl_compaction_flush.cc:1864] [usertable] Moved #1 files to level-3 66320798 bytes OK: base level 1 max bytes base 536870912 files[2 2 136 554 0 0 0] max score 1.00
2018/12/21-05:38:31.717712 7fab3d80e700 (Original Log Time 2018/12/21-05:38:31.575312) [db/db_impl_compaction_flush.cc:1835] [usertable] Moving #1313 to level-1 129902326 bytes
2018/12/21-05:38:31.717720 7fab3d80e700 (Original Log Time 2018/12/21-05:38:31.717616) EVENT_LOG_v1 {"time_micros": 1545399511717608, "job": 8, "event": "trivial_move", "destination_level": 1, "files": 1, "total_files_size": 129902326}
2018/12/21-05:38:31.717723 7fab3d80e700 (Original Log Time 2018/12/21-05:38:31.717636) [db/db_impl_compaction_flush.cc:1864] [usertable] Moved #1 files to level-1 129902326 bytes OK: base level 1 max bytes base 536870912 files[1 3 136 554 0 0 0] max score 1.00
2018/12/21-05:38:34.091361 7fab449f8700 [db/db_impl_write.cc:1373] [usertable] New memtable created with log file: #1322. Immutable memtables: 0.
2018/12/21-05:38:35.602470 7fab4c1c1700 [db/db_impl_write.cc:1373] [usertable] New memtable created with log file: #1323. Immutable memtables: 1.
2018/12/21-05:38:35.602711 7fa9b97fa700 [db/db_impl_compaction_flush.cc:80] [JOB 9] Syncing log #1316
