2018/12/20-22:56:02.675162 7f4f50de6700 RocksDB version: 5.14.3
2018/12/20-22:56:02.675214 7f4f50de6700 Git sha rocksdb_build_git_sha:
2018/12/20-22:56:02.675217 7f4f50de6700 Compile date Dec 16 2018
2018/12/20-22:56:02.675221 7f4f50de6700 DB SUMMARY
2018/12/20-22:56:02.675244 7f4f50de6700 SST files in /mnt/sde/ycsb-rocksdb-data dir, Total Num: 0, files: 
2018/12/20-22:56:02.675246 7f4f50de6700 Write Ahead Log file in /mnt/sde/ycsb-rocksdb-data: 
2018/12/20-22:56:02.675249 7f4f50de6700                         Options.error_if_exists: 0
2018/12/20-22:56:02.675250 7f4f50de6700                       Options.create_if_missing: 1
2018/12/20-22:56:02.675251 7f4f50de6700                         Options.paranoid_checks: 1
2018/12/20-22:56:02.675252 7f4f50de6700                                     Options.env: 0x7f4f1b26b2c0
2018/12/20-22:56:02.675253 7f4f50de6700                                Options.info_log: 0x7f4f4c3d4620
2018/12/20-22:56:02.675254 7f4f50de6700                Options.max_file_opening_threads: 16
2018/12/20-22:56:02.675255 7f4f50de6700                              Options.statistics: (nil)
2018/12/20-22:56:02.675257 7f4f50de6700                               Options.use_fsync: 0
2018/12/20-22:56:02.675257 7f4f50de6700                       Options.max_log_file_size: 0
2018/12/20-22:56:02.675258 7f4f50de6700                  Options.max_manifest_file_size: 18446744073709551615
2018/12/20-22:56:02.675260 7f4f50de6700                   Options.log_file_time_to_roll: 0
2018/12/20-22:56:02.675261 7f4f50de6700                       Options.keep_log_file_num: 1000
2018/12/20-22:56:02.675262 7f4f50de6700                    Options.recycle_log_file_num: 0
2018/12/20-22:56:02.675262 7f4f50de6700                         Options.allow_fallocate: 1
2018/12/20-22:56:02.675263 7f4f50de6700                        Options.allow_mmap_reads: 0
2018/12/20-22:56:02.675264 7f4f50de6700                       Options.allow_mmap_writes: 0
2018/12/20-22:56:02.675265 7f4f50de6700                        Options.use_direct_reads: 0
2018/12/20-22:56:02.675266 7f4f50de6700                        Options.use_direct_io_for_flush_and_compaction: 0
2018/12/20-22:56:02.675267 7f4f50de6700          Options.create_missing_column_families: 1
2018/12/20-22:56:02.675268 7f4f50de6700                              Options.db_log_dir: 
2018/12/20-22:56:02.675269 7f4f50de6700                                 Options.wal_dir: /mnt/sde/ycsb-rocksdb-data
2018/12/20-22:56:02.675270 7f4f50de6700                Options.table_cache_numshardbits: 6
2018/12/20-22:56:02.675271 7f4f50de6700                      Options.max_subcompactions: 4
2018/12/20-22:56:02.675272 7f4f50de6700                  Options.max_background_flushes: 24
2018/12/20-22:56:02.675273 7f4f50de6700                         Options.WAL_ttl_seconds: 0
2018/12/20-22:56:02.675274 7f4f50de6700                       Options.WAL_size_limit_MB: 0
2018/12/20-22:56:02.675275 7f4f50de6700             Options.manifest_preallocation_size: 4194304
2018/12/20-22:56:02.675276 7f4f50de6700                     Options.is_fd_close_on_exec: 1
2018/12/20-22:56:02.675277 7f4f50de6700                   Options.advise_random_on_open: 1
2018/12/20-22:56:02.675278 7f4f50de6700                    Options.db_write_buffer_size: 0
2018/12/20-22:56:02.675279 7f4f50de6700                    Options.write_buffer_manager: 0x7f4f4c3d1620
2018/12/20-22:56:02.675280 7f4f50de6700         Options.access_hint_on_compaction_start: 1
2018/12/20-22:56:02.675281 7f4f50de6700  Options.new_table_reader_for_compaction_inputs: 0
2018/12/20-22:56:02.675282 7f4f50de6700           Options.random_access_max_buffer_size: 1048576
2018/12/20-22:56:02.675283 7f4f50de6700                      Options.use_adaptive_mutex: 0
2018/12/20-22:56:02.675284 7f4f50de6700                            Options.rate_limiter: (nil)
2018/12/20-22:56:02.675286 7f4f50de6700     Options.sst_file_manager.rate_bytes_per_sec: 0
2018/12/20-22:56:02.675287 7f4f50de6700                       Options.wal_recovery_mode: 2
2018/12/20-22:56:02.675288 7f4f50de6700                  Options.enable_thread_tracking: 0
2018/12/20-22:56:02.675289 7f4f50de6700                  Options.enable_pipelined_write: 1
2018/12/20-22:56:02.675299 7f4f50de6700         Options.allow_concurrent_memtable_write: 1
2018/12/20-22:56:02.675300 7f4f50de6700      Options.enable_write_thread_adaptive_yield: 1
2018/12/20-22:56:02.675301 7f4f50de6700             Options.write_thread_max_yield_usec: 100
2018/12/20-22:56:02.675302 7f4f50de6700            Options.write_thread_slow_yield_usec: 3
2018/12/20-22:56:02.675303 7f4f50de6700                               Options.row_cache: None
2018/12/20-22:56:02.675304 7f4f50de6700                              Options.wal_filter: None
2018/12/20-22:56:02.675305 7f4f50de6700             Options.avoid_flush_during_recovery: 0
2018/12/20-22:56:02.675306 7f4f50de6700             Options.allow_ingest_behind: 0
2018/12/20-22:56:02.675307 7f4f50de6700             Options.preserve_deletes: 0
2018/12/20-22:56:02.675308 7f4f50de6700             Options.two_write_queues: 0
2018/12/20-22:56:02.675309 7f4f50de6700             Options.manual_wal_flush: 0
2018/12/20-22:56:02.675311 7f4f50de6700             Options.max_background_jobs: 24
2018/12/20-22:56:02.675312 7f4f50de6700             Options.max_background_compactions: 24
2018/12/20-22:56:02.675313 7f4f50de6700             Options.avoid_flush_during_shutdown: 0
2018/12/20-22:56:02.675314 7f4f50de6700           Options.writable_file_max_buffer_size: 1048576
2018/12/20-22:56:02.675315 7f4f50de6700             Options.delayed_write_rate : 16777216
2018/12/20-22:56:02.675316 7f4f50de6700             Options.max_total_wal_size: 0
2018/12/20-22:56:02.675317 7f4f50de6700             Options.delete_obsolete_files_period_micros: 21600000000
2018/12/20-22:56:02.675318 7f4f50de6700                   Options.stats_dump_period_sec: 60
2018/12/20-22:56:02.675319 7f4f50de6700                          Options.max_open_files: -1
2018/12/20-22:56:02.675320 7f4f50de6700                          Options.bytes_per_sync: 1048576
2018/12/20-22:56:02.675321 7f4f50de6700                      Options.wal_bytes_per_sync: 0
2018/12/20-22:56:02.675322 7f4f50de6700       Options.compaction_readahead_size: 0
2018/12/20-22:56:02.675323 7f4f50de6700 Compression algorithms supported:
2018/12/20-22:56:02.675325 7f4f50de6700 	kZSTDNotFinalCompression supported: 1
2018/12/20-22:56:02.675334 7f4f50de6700 	kZSTD supported: 1
2018/12/20-22:56:02.675336 7f4f50de6700 	kXpressCompression supported: 0
2018/12/20-22:56:02.675337 7f4f50de6700 	kLZ4HCCompression supported: 1
2018/12/20-22:56:02.675338 7f4f50de6700 	kLZ4Compression supported: 1
2018/12/20-22:56:02.675340 7f4f50de6700 	kBZip2Compression supported: 1
2018/12/20-22:56:02.675341 7f4f50de6700 	kZlibCompression supported: 1
2018/12/20-22:56:02.675342 7f4f50de6700 	kSnappyCompression supported: 1
2018/12/20-22:56:02.675346 7f4f50de6700 Fast CRC32 supported: Supported on x86
2018/12/20-22:56:02.675425 7f4f50de6700 [db/db_impl_open.cc:222] Creating manifest 1 
2018/12/20-22:56:02.774444 7f4f50de6700 [db/version_set.cc:3085] Recovering from manifest file: MANIFEST-000001
2018/12/20-22:56:02.774589 7f4f50de6700 [db/column_family.cc:475] --------------- Options for column family [default]:
2018/12/20-22:56:02.774594 7f4f50de6700               Options.comparator: leveldb.BytewiseComparator
2018/12/20-22:56:02.774596 7f4f50de6700           Options.merge_operator: None
2018/12/20-22:56:02.774597 7f4f50de6700        Options.compaction_filter: None
2018/12/20-22:56:02.774598 7f4f50de6700        Options.compaction_filter_factory: None
2018/12/20-22:56:02.774599 7f4f50de6700         Options.memtable_factory: SkipListFactory
2018/12/20-22:56:02.774601 7f4f50de6700            Options.table_factory: BlockBasedTable
2018/12/20-22:56:02.774639 7f4f50de6700            table_factory options:   flush_block_policy_factory: FlushBlockBySizePolicyFactory (0x7f4f4c36db30)
  cache_index_and_filter_blocks: 0
  cache_index_and_filter_blocks_with_high_priority: 0
  pin_l0_filter_and_index_blocks_in_cache: 0
  index_type: 0
  hash_index_allow_collision: 1
  checksum: 1
  no_block_cache: 0
  block_cache: 0x7f4f4c379c80
  block_cache_name: LRUCache
  block_cache_options:
    capacity : 8388608
    num_shard_bits : 4
    strict_capacity_limit : 0
    high_pri_pool_ratio: 0.000
  block_cache_compressed: (nil)
  persistent_cache: (nil)
  block_size: 8192
  block_size_deviation: 10
  block_restart_interval: 16
  index_block_restart_interval: 1
  metadata_block_size: 4096
  partition_filters: 0
  use_delta_encoding: 1
  filter_policy: nullptr
  whole_key_filtering: 1
  verify_compression: 0
  read_amp_bytes_per_bit: 0
  format_version: 2
  enable_index_compression: 1
  block_align: 0
2018/12/20-22:56:02.774656 7f4f50de6700        Options.write_buffer_size: 134217728
2018/12/20-22:56:02.774657 7f4f50de6700  Options.max_write_buffer_number: 24
2018/12/20-22:56:02.774659 7f4f50de6700        Options.compression[0]: NoCompression
2018/12/20-22:56:02.774660 7f4f50de6700        Options.compression[1]: NoCompression
2018/12/20-22:56:02.774662 7f4f50de6700        Options.compression[2]: LZ4
2018/12/20-22:56:02.774663 7f4f50de6700        Options.compression[3]: LZ4
2018/12/20-22:56:02.774664 7f4f50de6700        Options.compression[4]: LZ4
2018/12/20-22:56:02.774665 7f4f50de6700        Options.compression[5]: LZ4
2018/12/20-22:56:02.774665 7f4f50de6700        Options.compression[6]: LZ4
2018/12/20-22:56:02.774666 7f4f50de6700                  Options.bottommost_compression: Disabled
2018/12/20-22:56:02.774668 7f4f50de6700       Options.prefix_extractor: nullptr
2018/12/20-22:56:02.774669 7f4f50de6700   Options.memtable_insert_with_hint_prefix_extractor: nullptr
2018/12/20-22:56:02.774670 7f4f50de6700             Options.num_levels: 7
2018/12/20-22:56:02.774671 7f4f50de6700        Options.min_write_buffer_number_to_merge: 2
2018/12/20-22:56:02.774672 7f4f50de6700     Options.max_write_buffer_number_to_maintain: 0
2018/12/20-22:56:02.774673 7f4f50de6700            Options.compression_opts.window_bits: -14
2018/12/20-22:56:02.774674 7f4f50de6700                  Options.compression_opts.level: -1
2018/12/20-22:56:02.774675 7f4f50de6700               Options.compression_opts.strategy: 0
2018/12/20-22:56:02.774676 7f4f50de6700         Options.compression_opts.max_dict_bytes: 0
2018/12/20-22:56:02.774677 7f4f50de6700         Options.compression_opts.zstd_max_train_bytes: 0
2018/12/20-22:56:02.774678 7f4f50de6700      Options.level0_file_num_compaction_trigger: 2
2018/12/20-22:56:02.774679 7f4f50de6700          Options.level0_slowdown_writes_trigger: 20
2018/12/20-22:56:02.774680 7f4f50de6700              Options.level0_stop_writes_trigger: 36
2018/12/20-22:56:02.774681 7f4f50de6700                   Options.target_file_size_base: 67108864
2018/12/20-22:56:02.774682 7f4f50de6700             Options.target_file_size_multiplier: 1
2018/12/20-22:56:02.774683 7f4f50de6700                Options.max_bytes_for_level_base: 536870912
2018/12/20-22:56:02.774684 7f4f50de6700 Options.level_compaction_dynamic_level_bytes: 0
2018/12/20-22:56:02.774685 7f4f50de6700          Options.max_bytes_for_level_multiplier: 10.000000
2018/12/20-22:56:02.774688 7f4f50de6700 Options.max_bytes_for_level_multiplier_addtl[0]: 1
2018/12/20-22:56:02.774689 7f4f50de6700 Options.max_bytes_for_level_multiplier_addtl[1]: 1
2018/12/20-22:56:02.774690 7f4f50de6700 Options.max_bytes_for_level_multiplier_addtl[2]: 1
2018/12/20-22:56:02.774691 7f4f50de6700 Options.max_bytes_for_level_multiplier_addtl[3]: 1
2018/12/20-22:56:02.774692 7f4f50de6700 Options.max_bytes_for_level_multiplier_addtl[4]: 1
2018/12/20-22:56:02.774693 7f4f50de6700 Options.max_bytes_for_level_multiplier_addtl[5]: 1
2018/12/20-22:56:02.774694 7f4f50de6700 Options.max_bytes_for_level_multiplier_addtl[6]: 1
2018/12/20-22:56:02.774695 7f4f50de6700       Options.max_sequential_skip_in_iterations: 8
2018/12/20-22:56:02.774696 7f4f50de6700                    Options.max_compaction_bytes: 1677721600
2018/12/20-22:56:02.774697 7f4f50de6700                        Options.arena_block_size: 16777216
2018/12/20-22:56:02.774698 7f4f50de6700   Options.soft_pending_compaction_bytes_limit: 68719476736
2018/12/20-22:56:02.774699 7f4f50de6700   Options.hard_pending_compaction_bytes_limit: 274877906944
2018/12/20-22:56:02.774706 7f4f50de6700       Options.rate_limit_delay_max_milliseconds: 100
2018/12/20-22:56:02.774707 7f4f50de6700                Options.disable_auto_compactions: 0
2018/12/20-22:56:02.774710 7f4f50de6700                        Options.compaction_style: kCompactionStyleLevel
2018/12/20-22:56:02.774712 7f4f50de6700                          Options.compaction_pri: kByCompensatedSize
2018/12/20-22:56:02.774713 7f4f50de6700 Options.compaction_options_universal.size_ratio: 1
2018/12/20-22:56:02.774714 7f4f50de6700 Options.compaction_options_universal.min_merge_width: 2
2018/12/20-22:56:02.774715 7f4f50de6700 Options.compaction_options_universal.max_merge_width: 4294967295
2018/12/20-22:56:02.774716 7f4f50de6700 Options.compaction_options_universal.max_size_amplification_percent: 200
2018/12/20-22:56:02.774717 7f4f50de6700 Options.compaction_options_universal.compression_size_percent: -1
2018/12/20-22:56:02.774719 7f4f50de6700 Options.compaction_options_universal.stop_style: kCompactionStopStyleTotalSize
2018/12/20-22:56:02.774720 7f4f50de6700 Options.compaction_options_fifo.max_table_files_size: 1073741824
2018/12/20-22:56:02.774721 7f4f50de6700 Options.compaction_options_fifo.allow_compaction: 0
2018/12/20-22:56:02.774722 7f4f50de6700 Options.compaction_options_fifo.ttl: 0
2018/12/20-22:56:02.774723 7f4f50de6700                   Options.table_properties_collectors: 
2018/12/20-22:56:02.774724 7f4f50de6700                   Options.inplace_update_support: 0
2018/12/20-22:56:02.774725 7f4f50de6700                 Options.inplace_update_num_locks: 10000
2018/12/20-22:56:02.774726 7f4f50de6700               Options.memtable_prefix_bloom_size_ratio: 0.000000
2018/12/20-22:56:02.774728 7f4f50de6700   Options.memtable_huge_page_size: 0
2018/12/20-22:56:02.774729 7f4f50de6700                           Options.bloom_locality: 0
2018/12/20-22:56:02.774730 7f4f50de6700                    Options.max_successive_merges: 0
2018/12/20-22:56:02.774731 7f4f50de6700                Options.optimize_filters_for_hits: 0
2018/12/20-22:56:02.774732 7f4f50de6700                Options.paranoid_file_checks: 0
2018/12/20-22:56:02.774733 7f4f50de6700                Options.force_consistency_checks: 0
2018/12/20-22:56:02.774734 7f4f50de6700                Options.report_bg_io_stats: 0
2018/12/20-22:56:02.774735 7f4f50de6700                               Options.ttl: 0
2018/12/20-22:56:02.775270 7f4f50de6700 [db/version_set.cc:3361] Recovered from manifest file:/mnt/sde/ycsb-rocksdb-data/MANIFEST-000001 succeeded,manifest_file_number is 1, next_file_number is 3, last_sequence is 0, log_number is 0,prev_log_number is 0,max_column_family is 0,min_log_number_to_keep is 0
2018/12/20-22:56:02.775274 7f4f50de6700 [db/version_set.cc:3369] Column family [default] (ID 0), log number is 0
2018/12/20-22:56:02.775467 7f4f50de6700 [db/version_set.cc:2847] Creating manifest 4
2018/12/20-22:56:02.846194 7f4f50de6700 [db/column_family.cc:475] --------------- Options for column family [usertable]:
2018/12/20-22:56:02.846199 7f4f50de6700               Options.comparator: leveldb.BytewiseComparator
2018/12/20-22:56:02.846201 7f4f50de6700           Options.merge_operator: None
2018/12/20-22:56:02.846202 7f4f50de6700        Options.compaction_filter: None
2018/12/20-22:56:02.846203 7f4f50de6700        Options.compaction_filter_factory: None
2018/12/20-22:56:02.846204 7f4f50de6700         Options.memtable_factory: SkipListFactory
2018/12/20-22:56:02.846205 7f4f50de6700            Options.table_factory: BlockBasedTable
2018/12/20-22:56:02.846235 7f4f50de6700            table_factory options:   flush_block_policy_factory: FlushBlockBySizePolicyFactory (0x7f4f4c36dc10)
  cache_index_and_filter_blocks: 0
  cache_index_and_filter_blocks_with_high_priority: 0
  pin_l0_filter_and_index_blocks_in_cache: 0
  index_type: 0
  hash_index_allow_collision: 1
  checksum: 1
  no_block_cache: 0
  block_cache: 0x7f4f4c36ed30
  block_cache_name: LRUCache
  block_cache_options:
    capacity : 8388608
    num_shard_bits : 4
    strict_capacity_limit : 0
    high_pri_pool_ratio: 0.000
  block_cache_compressed: (nil)
  persistent_cache: (nil)
  block_size: 8192
  block_size_deviation: 10
  block_restart_interval: 16
  index_block_restart_interval: 1
  metadata_block_size: 4096
  partition_filters: 0
  use_delta_encoding: 1
  filter_policy: nullptr
  whole_key_filtering: 1
  verify_compression: 0
  read_amp_bytes_per_bit: 0
  format_version: 2
  enable_index_compression: 1
  block_align: 0
2018/12/20-22:56:02.846238 7f4f50de6700        Options.write_buffer_size: 134217728
2018/12/20-22:56:02.846239 7f4f50de6700  Options.max_write_buffer_number: 24
2018/12/20-22:56:02.846240 7f4f50de6700        Options.compression[0]: NoCompression
2018/12/20-22:56:02.846242 7f4f50de6700        Options.compression[1]: NoCompression
2018/12/20-22:56:02.846243 7f4f50de6700        Options.compression[2]: LZ4
2018/12/20-22:56:02.846244 7f4f50de6700        Options.compression[3]: LZ4
2018/12/20-22:56:02.846245 7f4f50de6700        Options.compression[4]: LZ4
2018/12/20-22:56:02.846246 7f4f50de6700        Options.compression[5]: LZ4
2018/12/20-22:56:02.846247 7f4f50de6700        Options.compression[6]: LZ4
2018/12/20-22:56:02.846248 7f4f50de6700                  Options.bottommost_compression: Disabled
2018/12/20-22:56:02.846249 7f4f50de6700       Options.prefix_extractor: nullptr
2018/12/20-22:56:02.846250 7f4f50de6700   Options.memtable_insert_with_hint_prefix_extractor: nullptr
2018/12/20-22:56:02.846251 7f4f50de6700             Options.num_levels: 7
2018/12/20-22:56:02.846252 7f4f50de6700        Options.min_write_buffer_number_to_merge: 2
2018/12/20-22:56:02.846253 7f4f50de6700     Options.max_write_buffer_number_to_maintain: 0
2018/12/20-22:56:02.846254 7f4f50de6700            Options.compression_opts.window_bits: -14
2018/12/20-22:56:02.846255 7f4f50de6700                  Options.compression_opts.level: -1
2018/12/20-22:56:02.846256 7f4f50de6700               Options.compression_opts.strategy: 0
2018/12/20-22:56:02.846257 7f4f50de6700         Options.compression_opts.max_dict_bytes: 0
2018/12/20-22:56:02.846258 7f4f50de6700         Options.compression_opts.zstd_max_train_bytes: 0
2018/12/20-22:56:02.846259 7f4f50de6700      Options.level0_file_num_compaction_trigger: 2
2018/12/20-22:56:02.846260 7f4f50de6700          Options.level0_slowdown_writes_trigger: 20
2018/12/20-22:56:02.846261 7f4f50de6700              Options.level0_stop_writes_trigger: 36
2018/12/20-22:56:02.846262 7f4f50de6700                   Options.target_file_size_base: 67108864
2018/12/20-22:56:02.846263 7f4f50de6700             Options.target_file_size_multiplier: 1
2018/12/20-22:56:02.846264 7f4f50de6700                Options.max_bytes_for_level_base: 536870912
2018/12/20-22:56:02.846265 7f4f50de6700 Options.level_compaction_dynamic_level_bytes: 0
2018/12/20-22:56:02.846266 7f4f50de6700          Options.max_bytes_for_level_multiplier: 10.000000
2018/12/20-22:56:02.846268 7f4f50de6700 Options.max_bytes_for_level_multiplier_addtl[0]: 1
2018/12/20-22:56:02.846280 7f4f50de6700 Options.max_bytes_for_level_multiplier_addtl[1]: 1
2018/12/20-22:56:02.846281 7f4f50de6700 Options.max_bytes_for_level_multiplier_addtl[2]: 1
2018/12/20-22:56:02.846282 7f4f50de6700 Options.max_bytes_for_level_multiplier_addtl[3]: 1
2018/12/20-22:56:02.846283 7f4f50de6700 Options.max_bytes_for_level_multiplier_addtl[4]: 1
2018/12/20-22:56:02.846284 7f4f50de6700 Options.max_bytes_for_level_multiplier_addtl[5]: 1
2018/12/20-22:56:02.846285 7f4f50de6700 Options.max_bytes_for_level_multiplier_addtl[6]: 1
2018/12/20-22:56:02.846286 7f4f50de6700       Options.max_sequential_skip_in_iterations: 8
2018/12/20-22:56:02.846287 7f4f50de6700                    Options.max_compaction_bytes: 1677721600
2018/12/20-22:56:02.846288 7f4f50de6700                        Options.arena_block_size: 16777216
2018/12/20-22:56:02.846289 7f4f50de6700   Options.soft_pending_compaction_bytes_limit: 68719476736
2018/12/20-22:56:02.846290 7f4f50de6700   Options.hard_pending_compaction_bytes_limit: 274877906944
2018/12/20-22:56:02.846291 7f4f50de6700       Options.rate_limit_delay_max_milliseconds: 100
2018/12/20-22:56:02.846292 7f4f50de6700                Options.disable_auto_compactions: 0
2018/12/20-22:56:02.846294 7f4f50de6700                        Options.compaction_style: kCompactionStyleLevel
2018/12/20-22:56:02.846296 7f4f50de6700                          Options.compaction_pri: kByCompensatedSize
2018/12/20-22:56:02.846297 7f4f50de6700 Options.compaction_options_universal.size_ratio: 1
2018/12/20-22:56:02.846298 7f4f50de6700 Options.compaction_options_universal.min_merge_width: 2
2018/12/20-22:56:02.846299 7f4f50de6700 Options.compaction_options_universal.max_merge_width: 4294967295
2018/12/20-22:56:02.846300 7f4f50de6700 Options.compaction_options_universal.max_size_amplification_percent: 200
2018/12/20-22:56:02.846301 7f4f50de6700 Options.compaction_options_universal.compression_size_percent: -1
2018/12/20-22:56:02.846303 7f4f50de6700 Options.compaction_options_universal.stop_style: kCompactionStopStyleTotalSize
2018/12/20-22:56:02.846304 7f4f50de6700 Options.compaction_options_fifo.max_table_files_size: 1073741824
2018/12/20-22:56:02.846305 7f4f50de6700 Options.compaction_options_fifo.allow_compaction: 0
2018/12/20-22:56:02.846306 7f4f50de6700 Options.compaction_options_fifo.ttl: 0
2018/12/20-22:56:02.846307 7f4f50de6700                   Options.table_properties_collectors: 
2018/12/20-22:56:02.846308 7f4f50de6700                   Options.inplace_update_support: 0
2018/12/20-22:56:02.846309 7f4f50de6700                 Options.inplace_update_num_locks: 10000
2018/12/20-22:56:02.846310 7f4f50de6700               Options.memtable_prefix_bloom_size_ratio: 0.000000
2018/12/20-22:56:02.846312 7f4f50de6700   Options.memtable_huge_page_size: 0
2018/12/20-22:56:02.846313 7f4f50de6700                           Options.bloom_locality: 0
2018/12/20-22:56:02.846314 7f4f50de6700                    Options.max_successive_merges: 0
2018/12/20-22:56:02.846315 7f4f50de6700                Options.optimize_filters_for_hits: 0
2018/12/20-22:56:02.846315 7f4f50de6700                Options.paranoid_file_checks: 0
2018/12/20-22:56:02.846316 7f4f50de6700                Options.force_consistency_checks: 0
2018/12/20-22:56:02.846317 7f4f50de6700                Options.report_bg_io_stats: 0
2018/12/20-22:56:02.846318 7f4f50de6700                               Options.ttl: 0
2018/12/20-22:56:02.846385 7f4f50de6700 [db/db_impl.cc:1396] Created column family [usertable] (ID 1)
2018/12/20-22:56:02.922642 7f4f50de6700 [db/db_impl_open.cc:1219] DB pointer 0x7f4f4c3d4da0
2018/12/20-22:56:11.780029 7f4f506df700 [db/db_impl_write.cc:1373] [usertable] New memtable created with log file: #9. Immutable memtables: 0.
2018/12/20-22:56:20.470380 7f4f506df700 [db/db_impl_write.cc:1373] [usertable] New memtable created with log file: #10. Immutable memtables: 1.
2018/12/20-22:56:20.470551 7f4eb5ffb700 [db/db_impl_compaction_flush.cc:80] [JOB 2] Syncing log #3
2018/12/20-22:56:20.484778 7f4eb5ffb700 [db/db_impl_compaction_flush.cc:80] [JOB 2] Syncing log #9
2018/12/20-22:56:22.182634 7f4eb5ffb700 (Original Log Time 2018/12/20-22:56:20.470484) [db/db_impl_compaction_flush.cc:1424] Calling FlushMemTableToOutputFile with column family [usertable], flush slots available 24, compaction slots available 1, flush slots scheduled 1, compaction slots scheduled 0
2018/12/20-22:56:22.182653 7f4eb5ffb700 [db/flush_job.cc:301] [usertable] [JOB 2] Flushing memtable with next log file: 9
2018/12/20-22:56:22.182667 7f4eb5ffb700 [db/flush_job.cc:301] [usertable] [JOB 2] Flushing memtable with next log file: 10
2018/12/20-22:56:22.182723 7f4eb5ffb700 EVENT_LOG_v1 {"time_micros": 1545375382182703, "job": 2, "event": "flush_started", "num_memtables": 2, "num_entries": 61409, "num_deletes": 0, "memory_usage": 258539312, "flush_reason": "Write Buffer Full"}
2018/12/20-22:56:22.182736 7f4eb5ffb700 [db/flush_job.cc:331] [usertable] [JOB 2] Level-0 flush table #11: started
2018/12/20-22:56:23.869266 7f4eb5ffb700 EVENT_LOG_v1 {"time_micros": 1545375383869241, "cf_name": "usertable", "job": 2, "event": "table_file_creation", "file_number": 11, "file_size": 254319248, "table_properties": {"data_size": 253189321, "index_size": 1129000, "filter_size": 0, "raw_key_size": 1473816, "raw_average_key_size": 24, "raw_value_size": 251531264, "raw_average_value_size": 4096, "num_data_blocks": 30705, "num_entries": 61409, "filter_policy_name": "", "kDeletedKeys": "0", "kMergeOperands": "0"}}
2018/12/20-22:56:23.869294 7f4eb5ffb700 [db/flush_job.cc:371] [usertable] [JOB 2] Level-0 flush table #11: 254319248 bytes OK
2018/12/20-22:56:23.941026 7f4eb5ffb700 (Original Log Time 2018/12/20-22:56:23.869312) [db/memtable_list.cc:377] [usertable] Level-0 commit table #11 started
2018/12/20-22:56:23.941031 7f4eb5ffb700 (Original Log Time 2018/12/20-22:56:23.940901) [db/memtable_list.cc:409] [usertable] Level-0 commit table #11: memtable #1 done
2018/12/20-22:56:23.941033 7f4eb5ffb700 (Original Log Time 2018/12/20-22:56:23.940920) [db/memtable_list.cc:409] [usertable] Level-0 commit table #11: memtable #2 done
2018/12/20-22:56:23.941034 7f4eb5ffb700 (Original Log Time 2018/12/20-22:56:23.940951) EVENT_LOG_v1 {"time_micros": 1545375383940939, "job": 2, "event": "flush_finished", "output_compression": "NoCompression", "lsm_state": [1, 0, 0, 0, 0, 0, 0], "immutable_memtables": 0}
2018/12/20-22:56:23.941036 7f4eb5ffb700 (Original Log Time 2018/12/20-22:56:23.940982) [db/db_impl_compaction_flush.cc:177] [usertable] Level summary: base level 1 max bytes base 536870912 files[1 0 0 0 0 0 0] max score 0.50
2018/12/20-22:56:23.941058 7f4eb5ffb700 [db/db_impl_files.cc:347] [JOB 2] Try to delete WAL files size 253536245, prev total WAL file size 303714074, number of live WAL files 3.
2018/12/20-22:56:29.435220 7f4f1befe700 [db/db_impl_write.cc:1373] [usertable] New memtable created with log file: #12. Immutable memtables: 0.
2018/12/20-22:56:38.400009 7f4f50ce5700 [db/db_impl_write.cc:1373] [usertable] New memtable created with log file: #13. Immutable memtables: 1.
2018/12/20-22:56:38.400117 7f4eb57fa700 [db/db_impl_compaction_flush.cc:80] [JOB 3] Syncing log #10
2018/12/20-22:56:39.261108 7f4eb57fa700 [db/db_impl_compaction_flush.cc:80] [JOB 3] Syncing log #12
2018/12/20-22:56:40.681412 7f4eb57fa700 (Original Log Time 2018/12/20-22:56:38.400095) [db/db_impl_compaction_flush.cc:1424] Calling FlushMemTableToOutputFile with column family [usertable], flush slots available 24, compaction slots available 1, flush slots scheduled 1, compaction slots scheduled 0
2018/12/20-22:56:40.681429 7f4eb57fa700 [db/flush_job.cc:301] [usertable] [JOB 3] Flushing memtable with next log file: 12
2018/12/20-22:56:40.681437 7f4eb57fa700 [db/flush_job.cc:301] [usertable] [JOB 3] Flushing memtable with next log file: 13
2018/12/20-22:56:40.681466 7f4eb57fa700 EVENT_LOG_v1 {"time_micros": 1545375400681458, "job": 3, "event": "flush_started", "num_memtables": 2, "num_entries": 62758, "num_deletes": 0, "memory_usage": 260077032, "flush_reason": "Write Buffer Full"}
2018/12/20-22:56:40.681473 7f4eb57fa700 [db/flush_job.cc:331] [usertable] [JOB 3] Level-0 flush table #14: started
2018/12/20-22:56:42.663808 7f4eb57fa700 EVENT_LOG_v1 {"time_micros": 1545375402663774, "cf_name": "usertable", "job": 3, "event": "table_file_creation", "file_number": 14, "file_size": 259919893, "table_properties": {"data_size": 258758207, "index_size": 1160759, "filter_size": 0, "raw_key_size": 1506192, "raw_average_key_size": 24, "raw_value_size": 257056768, "raw_average_value_size": 4096, "num_data_blocks": 31379, "num_entries": 62758, "filter_policy_name": "", "kDeletedKeys": "0", "kMergeOperands": "0"}}
2018/12/20-22:56:42.663837 7f4eb57fa700 [db/flush_job.cc:371] [usertable] [JOB 3] Level-0 flush table #14: 259919893 bytes OK
2018/12/20-22:56:42.724646 7f4eb57fa700 (Original Log Time 2018/12/20-22:56:42.663852) [db/memtable_list.cc:377] [usertable] Level-0 commit table #14 started
2018/12/20-22:56:42.724649 7f4eb57fa700 (Original Log Time 2018/12/20-22:56:42.724553) [db/memtable_list.cc:409] [usertable] Level-0 commit table #14: memtable #1 done
2018/12/20-22:56:42.724651 7f4eb57fa700 (Original Log Time 2018/12/20-22:56:42.724556) [db/memtable_list.cc:409] [usertable] Level-0 commit table #14: memtable #2 done
2018/12/20-22:56:42.724653 7f4eb57fa700 (Original Log Time 2018/12/20-22:56:42.724575) EVENT_LOG_v1 {"time_micros": 1545375402724568, "job": 3, "event": "flush_finished", "output_compression": "NoCompression", "lsm_state": [2, 0, 0, 0, 0, 0, 0], "immutable_memtables": 0}
2018/12/20-22:56:42.724654 7f4eb57fa700 (Original Log Time 2018/12/20-22:56:42.724616) [db/db_impl_compaction_flush.cc:177] [usertable] Level summary: base level 1 max bytes base 536870912 files[2 0 0 0 0 0 0] max score 1.00
2018/12/20-22:56:42.724664 7f4eb57fa700 [db/db_impl_files.cc:347] [JOB 3] Try to delete WAL files size 259114606, prev total WAL file size 321610371, number of live WAL files 3.
2018/12/20-22:56:42.724871 7f4eb67fc700 [WARN] [db/db_impl.cc:491] ------- DUMPING STATS -------
2018/12/20-22:56:42.724911 7f4eb67fc700 [WARN] [db/db_impl.cc:492] 
** DB Stats **
Uptime(secs): 40.0 total, 40.0 interval
Cumulative writes: 139K writes, 139K keys, 136K commit groups, 1.0 writes per commit group, ingest: 0.54 GB, 13.73 MB/s
Cumulative WAL: 139K writes, 0 syncs, 139304.00 writes per sync, written: 0.54 GB, 13.73 MB/s
Cumulative stall: 00:00:0.000 H:M:S, 0.0 percent
Interval writes: 139K writes, 139K keys, 136K commit groups, 1.0 writes per commit group, ingest: 548.50 MB, 13.73 MB/s
Interval WAL: 139K writes, 0 syncs, 139304.00 writes per sync, written: 0.54 MB, 13.73 MB/s
Interval stall: 00:00:0.000 H:M:S, 0.0 percent

** Compaction Stats [default] **
Level    Files   Size     Score Read(GB)  Rn(GB) Rnp1(GB) Write(GB) Wnew(GB) Moved(GB) W-Amp Rd(MB/s) Wr(MB/s) Comp(sec) Comp(cnt) Avg(sec) KeyIn KeyDrop
----------------------------------------------------------------------------------------------------------------------------------------------------------
 Sum      0/0    0.00 KB   0.0      0.0     0.0      0.0       0.0      0.0       0.0   0.0      0.0      0.0         0         0    0.000       0      0
 Int      0/0    0.00 KB   0.0      0.0     0.0      0.0       0.0      0.0       0.0   0.0      0.0      0.0         0         0    0.000       0      0
Uptime(secs): 40.0 total, 40.0 interval
Flush(GB): cumulative 0.000, interval 0.000
AddFile(GB): cumulative 0.000, interval 0.000
AddFile(Total Files): cumulative 0, interval 0
AddFile(L0 Files): cumulative 0, interval 0
AddFile(Keys): cumulative 0, interval 0
Cumulative compaction: 0.00 GB write, 0.00 MB/s write, 0.00 GB read, 0.00 MB/s read, 0.0 seconds
Interval compaction: 0.00 GB write, 0.00 MB/s write, 0.00 GB read, 0.00 MB/s read, 0.0 seconds
Stalls(count): 0 level0_slowdown, 0 level0_slowdown_with_compaction, 0 level0_numfiles, 0 level0_numfiles_with_compaction, 0 stop for pending_compaction_bytes, 0 slowdown for pending_compaction_bytes, 0 memtable_compaction, 0 memtable_slowdown, interval 0 total count

** File Read Latency Histogram By Level [default] **

** Compaction Stats [usertable] **
Level    Files   Size     Score Read(GB)  Rn(GB) Rnp1(GB) Write(GB) Wnew(GB) Moved(GB) W-Amp Rd(MB/s) Wr(MB/s) Comp(sec) Comp(cnt) Avg(sec) KeyIn KeyDrop
----------------------------------------------------------------------------------------------------------------------------------------------------------
  L0      2/0   490.42 MB   1.0      0.0     0.0      0.0       0.5      0.5       0.0   1.0      0.0    133.7         4         2    1.835       0      0
 Sum      2/0   490.42 MB   0.0      0.0     0.0      0.0       0.5      0.5       0.0   1.0      0.0    133.7         4         2    1.835       0      0
 Int      0/0    0.00 KB   0.0      0.0     0.0      0.0       0.5      0.5       0.0   1.0      0.0    133.7         4         2    1.835       0      0
Uptime(secs): 39.9 total, 39.9 interval
Flush(GB): cumulative 0.479, interval 0.479
AddFile(GB): cumulative 0.000, interval 0.000
AddFile(Total Files): cumulative 0, interval 0
AddFile(L0 Files): cumulative 0, interval 0
AddFile(Keys): cumulative 0, interval 0
Cumulative compaction: 0.48 GB write, 12.30 MB/s write, 0.00 GB read, 0.00 MB/s read, 3.7 seconds
Interval compaction: 0.48 GB write, 12.30 MB/s write, 0.00 GB read, 0.00 MB/s read, 3.7 seconds
Stalls(count): 0 level0_slowdown, 0 level0_slowdown_with_compaction, 0 level0_numfiles, 0 level0_numfiles_with_compaction, 0 stop for pending_compaction_bytes, 0 slowdown for pending_compaction_bytes, 0 memtable_compaction, 0 memtable_slowdown, interval 0 total count

** File Read Latency Histogram By Level [usertable] **

** Compaction Stats [default] **
Level    Files   Size     Score Read(GB)  Rn(GB) Rnp1(GB) Write(GB) Wnew(GB) Moved(GB) W-Amp Rd(MB/s) Wr(MB/s) Comp(sec) Comp(cnt) Avg(sec) KeyIn KeyDrop
----------------------------------------------------------------------------------------------------------------------------------------------------------
 Sum      0/0    0.00 KB   0.0      0.0     0.0      0.0       0.0      0.0       0.0   0.0      0.0      0.0         0         0    0.000       0      0
 Int      0/0    0.00 KB   0.0      0.0     0.0      0.0       0.0      0.0       0.0   0.0      0.0      0.0         0         0    0.000       0      0
Uptime(secs): 40.0 total, 0.0 interval
Flush(GB): cumulative 0.000, interval 0.000
AddFile(GB): cumulative 0.000, interval 0.000
AddFile(Total Files): cumulative 0, interval 0
AddFile(L0 Files): cumulative 0, interval 0
AddFile(Keys): cumulative 0, interval 0
Cumulative compaction: 0.00 GB write, 0.00 MB/s write, 0.00 GB read, 0.00 MB/s read, 0.0 seconds
Interval compaction: 0.00 GB write, 0.00 MB/s write, 0.00 GB read, 0.00 MB/s read, 0.0 seconds
Stalls(count): 0 level0_slowdown, 0 level0_slowdown_with_compaction, 0 level0_numfiles, 0 level0_numfiles_with_compaction, 0 stop for pending_compaction_bytes, 0 slowdown for pending_compaction_bytes, 0 memtable_compaction, 0 memtable_slowdown, interval 0 total count

** File Read Latency Histogram By Level [default] **

** Compaction Stats [usertable] **
Level    Files   Size     Score Read(GB)  Rn(GB) Rnp1(GB) Write(GB) Wnew(GB) Moved(GB) W-Amp Rd(MB/s) Wr(MB/s) Comp(sec) Comp(cnt) Avg(sec) KeyIn KeyDrop
----------------------------------------------------------------------------------------------------------------------------------------------------------
  L0      2/0   490.42 MB   1.0      0.0     0.0      0.0       0.5      0.5       0.0   1.0      0.0    133.7         4         2    1.835       0      0
 Sum      2/0   490.42 MB   0.0      0.0     0.0      0.0       0.5      0.5       0.0   1.0      0.0    133.7         4         2    1.835       0      0
 Int      0/0    0.00 KB   0.0      0.0     0.0      0.0       0.0      0.0       0.0   0.0      0.0      0.0         0         0    0.000       0      0
Uptime(secs): 39.9 total, 0.0 interval
Flush(GB): cumulative 0.479, interval 0.000
AddFile(GB): cumulative 0.000, interval 0.000
AddFile(Total Files): cumulative 0, interval 0
AddFile(L0 Files): cumulative 0, interval 0
AddFile(Keys): cumulative 0, interval 0
Cumulative compaction: 0.48 GB write, 12.30 MB/s write, 0.00 GB read, 0.00 MB/s read, 3.7 seconds
Interval compaction: 0.00 GB write, 0.00 MB/s write, 0.00 GB read, 0.00 MB/s read, 0.0 seconds
Stalls(count): 0 level0_slowdown, 0 level0_slowdown_with_compaction, 0 level0_numfiles, 0 level0_numfiles_with_compaction, 0 stop for pending_compaction_bytes, 0 slowdown for pending_compaction_bytes, 0 memtable_compaction, 0 memtable_slowdown, interval 0 total count

** File Read Latency Histogram By Level [usertable] **
2018/12/20-22:56:42.785365 7f4eb67fc700 (Original Log Time 2018/12/20-22:56:42.725036) [db/db_impl_compaction_flush.cc:1835] [usertable] Moving #14 to level-1 259919893 bytes
2018/12/20-22:56:42.785369 7f4eb67fc700 (Original Log Time 2018/12/20-22:56:42.785328) EVENT_LOG_v1 {"time_micros": 1545375402785321, "job": 4, "event": "trivial_move", "destination_level": 1, "files": 1, "total_files_size": 259919893}
2018/12/20-22:56:42.785371 7f4eb67fc700 (Original Log Time 2018/12/20-22:56:42.785339) [db/db_impl_compaction_flush.cc:1864] [usertable] Moved #1 files to level-1 259919893 bytes OK: base level 1 max bytes base 536870912 files[1 1 0 0 0 0 0] max score 0.50
2018/12/20-22:56:45.601355 7f4f1bfff700 [db/db_impl_write.cc:1373] [usertable] New memtable created with log file: #15. Immutable memtables: 0.
2018/12/20-22:56:53.928936 7f4f1befe700 [db/db_impl_write.cc:1373] [usertable] New memtable created with log file: #16. Immutable memtables: 1.
2018/12/20-22:56:53.929035 7f4eb4ff9700 [db/db_impl_compaction_flush.cc:80] [JOB 5] Syncing log #13
2018/12/20-22:56:54.752174 7f4eb4ff9700 [db/db_impl_compaction_flush.cc:80] [JOB 5] Syncing log #15
2018/12/20-22:56:55.900332 7f4eb4ff9700 (Original Log Time 2018/12/20-22:56:53.929013) [db/db_impl_compaction_flush.cc:1424] Calling FlushMemTableToOutputFile with column family [usertable], flush slots available 24, compaction slots available 1, flush slots scheduled 1, compaction slots scheduled 0
2018/12/20-22:56:55.900348 7f4eb4ff9700 [db/flush_job.cc:301] [usertable] [JOB 5] Flushing memtable with next log file: 15
2018/12/20-22:56:55.900355 7f4eb4ff9700 [db/flush_job.cc:301] [usertable] [JOB 5] Flushing memtable with next log file: 16
2018/12/20-22:56:55.900384 7f4eb4ff9700 EVENT_LOG_v1 {"time_micros": 1545375415900375, "job": 5, "event": "flush_started", "num_memtables": 2, "num_entries": 54349, "num_deletes": 0, "memory_usage": 249929648, "flush_reason": "Write Buffer Full"}
2018/12/20-22:56:55.900391 7f4eb4ff9700 [db/flush_job.cc:331] [usertable] [JOB 5] Level-0 flush table #17: started
2018/12/20-22:56:57.847385 7f4eb4ff9700 EVENT_LOG_v1 {"time_micros": 1545375417847356, "cf_name": "usertable", "job": 5, "event": "table_file_creation", "file_number": 17, "file_size": 225093117, "table_properties": {"data_size": 224086979, "index_size": 1005211, "filter_size": 0, "raw_key_size": 1304376, "raw_average_key_size": 24, "raw_value_size": 222613504, "raw_average_value_size": 4096, "num_data_blocks": 27175, "num_entries": 54349, "filter_policy_name": "", "kDeletedKeys": "0", "kMergeOperands": "0"}}
2018/12/20-22:56:57.847406 7f4eb4ff9700 [db/flush_job.cc:371] [usertable] [JOB 5] Level-0 flush table #17: 225093117 bytes OK
2018/12/20-22:56:57.907062 7f4eb4ff9700 (Original Log Time 2018/12/20-22:56:57.847420) [db/memtable_list.cc:377] [usertable] Level-0 commit table #17 started
2018/12/20-22:56:57.907068 7f4eb4ff9700 (Original Log Time 2018/12/20-22:56:57.906969) [db/memtable_list.cc:409] [usertable] Level-0 commit table #17: memtable #1 done
2018/12/20-22:56:57.907071 7f4eb4ff9700 (Original Log Time 2018/12/20-22:56:57.906974) [db/memtable_list.cc:409] [usertable] Level-0 commit table #17: memtable #2 done
2018/12/20-22:56:57.907073 7f4eb4ff9700 (Original Log Time 2018/12/20-22:56:57.907000) EVENT_LOG_v1 {"time_micros": 1545375417906991, "job": 5, "event": "flush_finished", "output_compression": "NoCompression", "lsm_state": [2, 1, 0, 0, 0, 0, 0], "immutable_memtables": 0}
2018/12/20-22:56:57.907076 7f4eb4ff9700 (Original Log Time 2018/12/20-22:56:57.907036) [db/db_impl_compaction_flush.cc:177] [usertable] Level summary: base level 1 max bytes base 536870912 files[2 1 0 0 0 0 0] max score 1.00
