2018/11/30-04:04:49.149465 7fa6059ee700 RocksDB version: 5.14.3
2018/11/30-04:04:49.149511 7fa6059ee700 Git sha rocksdb_build_git_sha:
2018/11/30-04:04:49.149514 7fa6059ee700 Compile date Nov 22 2018
2018/11/30-04:04:49.149517 7fa6059ee700 DB SUMMARY
2018/11/30-04:04:49.150135 7fa6059ee700 CURRENT file:  CURRENT
2018/11/30-04:04:49.150138 7fa6059ee700 IDENTITY file:  IDENTITY
2018/11/30-04:04:49.150145 7fa6059ee700 MANIFEST file:  MANIFEST-000004 size: 119796 Bytes
2018/11/30-04:04:49.150148 7fa6059ee700 SST files in /mnt/sda/ycsb-rocksdb-data dir, Total Num: 655, files: 000021.sst 000022.sst 000023.sst 000024.sst 000028.sst 000029.sst 000030.sst 000031.sst 000035.sst 
2018/11/30-04:04:49.150150 7fa6059ee700 Write Ahead Log file in /mnt/sda/ycsb-rocksdb-data: 001153.log size: 129753321 ; 001159.log size: 1712668 ; 
2018/11/30-04:04:49.150155 7fa6059ee700                         Options.error_if_exists: 0
2018/11/30-04:04:49.150156 7fa6059ee700                       Options.create_if_missing: 1
2018/11/30-04:04:49.150157 7fa6059ee700                         Options.paranoid_checks: 1
2018/11/30-04:04:49.150158 7fa6059ee700                                     Options.env: 0x7fa604e5c2c0
2018/11/30-04:04:49.150159 7fa6059ee700                                Options.info_log: 0x7fa5403bcd50
2018/11/30-04:04:49.150160 7fa6059ee700                Options.max_file_opening_threads: 16
2018/11/30-04:04:49.150161 7fa6059ee700                              Options.statistics: (nil)
2018/11/30-04:04:49.150162 7fa6059ee700                               Options.use_fsync: 0
2018/11/30-04:04:49.150163 7fa6059ee700                       Options.max_log_file_size: 0
2018/11/30-04:04:49.150164 7fa6059ee700                  Options.max_manifest_file_size: 18446744073709551615
2018/11/30-04:04:49.150165 7fa6059ee700                   Options.log_file_time_to_roll: 0
2018/11/30-04:04:49.150166 7fa6059ee700                       Options.keep_log_file_num: 1000
2018/11/30-04:04:49.150167 7fa6059ee700                    Options.recycle_log_file_num: 0
2018/11/30-04:04:49.150168 7fa6059ee700                         Options.allow_fallocate: 1
2018/11/30-04:04:49.150169 7fa6059ee700                        Options.allow_mmap_reads: 0
2018/11/30-04:04:49.150170 7fa6059ee700                       Options.allow_mmap_writes: 0
2018/11/30-04:04:49.150170 7fa6059ee700                        Options.use_direct_reads: 0
2018/11/30-04:04:49.150171 7fa6059ee700                        Options.use_direct_io_for_flush_and_compaction: 0
2018/11/30-04:04:49.150172 7fa6059ee700          Options.create_missing_column_families: 1
2018/11/30-04:04:49.150173 7fa6059ee700                              Options.db_log_dir: 
2018/11/30-04:04:49.150174 7fa6059ee700                                 Options.wal_dir: /mnt/sda/ycsb-rocksdb-data
2018/11/30-04:04:49.150175 7fa6059ee700                Options.table_cache_numshardbits: 6
2018/11/30-04:04:49.150176 7fa6059ee700                      Options.max_subcompactions: 4
2018/11/30-04:04:49.150177 7fa6059ee700                  Options.max_background_flushes: 24
2018/11/30-04:04:49.150178 7fa6059ee700                         Options.WAL_ttl_seconds: 0
2018/11/30-04:04:49.150179 7fa6059ee700                       Options.WAL_size_limit_MB: 0
2018/11/30-04:04:49.150180 7fa6059ee700             Options.manifest_preallocation_size: 4194304
2018/11/30-04:04:49.150181 7fa6059ee700                     Options.is_fd_close_on_exec: 1
2018/11/30-04:04:49.150182 7fa6059ee700                   Options.advise_random_on_open: 1
2018/11/30-04:04:49.150183 7fa6059ee700                    Options.db_write_buffer_size: 0
2018/11/30-04:04:49.150183 7fa6059ee700                    Options.write_buffer_manager: 0x7fa5403b8ce0
2018/11/30-04:04:49.150184 7fa6059ee700         Options.access_hint_on_compaction_start: 1
2018/11/30-04:04:49.150185 7fa6059ee700  Options.new_table_reader_for_compaction_inputs: 0
2018/11/30-04:04:49.150186 7fa6059ee700           Options.random_access_max_buffer_size: 1048576
2018/11/30-04:04:49.150187 7fa6059ee700                      Options.use_adaptive_mutex: 0
2018/11/30-04:04:49.150188 7fa6059ee700                            Options.rate_limiter: (nil)
2018/11/30-04:04:49.150201 7fa6059ee700     Options.sst_file_manager.rate_bytes_per_sec: 0
2018/11/30-04:04:49.150203 7fa6059ee700                       Options.wal_recovery_mode: 2
2018/11/30-04:04:49.150204 7fa6059ee700                  Options.enable_thread_tracking: 0
2018/11/30-04:04:49.150205 7fa6059ee700                  Options.enable_pipelined_write: 1
2018/11/30-04:04:49.150205 7fa6059ee700         Options.allow_concurrent_memtable_write: 1
2018/11/30-04:04:49.150206 7fa6059ee700      Options.enable_write_thread_adaptive_yield: 1
2018/11/30-04:04:49.150207 7fa6059ee700             Options.write_thread_max_yield_usec: 100
2018/11/30-04:04:49.150208 7fa6059ee700            Options.write_thread_slow_yield_usec: 3
2018/11/30-04:04:49.150209 7fa6059ee700                               Options.row_cache: None
2018/11/30-04:04:49.150210 7fa6059ee700                              Options.wal_filter: None
2018/11/30-04:04:49.150211 7fa6059ee700             Options.avoid_flush_during_recovery: 0
2018/11/30-04:04:49.150212 7fa6059ee700             Options.allow_ingest_behind: 0
2018/11/30-04:04:49.150213 7fa6059ee700             Options.preserve_deletes: 0
2018/11/30-04:04:49.150214 7fa6059ee700             Options.two_write_queues: 0
2018/11/30-04:04:49.150215 7fa6059ee700             Options.manual_wal_flush: 0
2018/11/30-04:04:49.150216 7fa6059ee700             Options.max_background_jobs: 24
2018/11/30-04:04:49.150217 7fa6059ee700             Options.max_background_compactions: 24
2018/11/30-04:04:49.150218 7fa6059ee700             Options.avoid_flush_during_shutdown: 0
2018/11/30-04:04:49.150219 7fa6059ee700           Options.writable_file_max_buffer_size: 1048576
2018/11/30-04:04:49.150220 7fa6059ee700             Options.delayed_write_rate : 16777216
2018/11/30-04:04:49.150221 7fa6059ee700             Options.max_total_wal_size: 0
2018/11/30-04:04:49.150222 7fa6059ee700             Options.delete_obsolete_files_period_micros: 21600000000
2018/11/30-04:04:49.150223 7fa6059ee700                   Options.stats_dump_period_sec: 60
2018/11/30-04:04:49.150224 7fa6059ee700                          Options.max_open_files: -1
2018/11/30-04:04:49.150225 7fa6059ee700                          Options.bytes_per_sync: 1048576
2018/11/30-04:04:49.150226 7fa6059ee700                      Options.wal_bytes_per_sync: 0
2018/11/30-04:04:49.150227 7fa6059ee700       Options.compaction_readahead_size: 0
2018/11/30-04:04:49.150227 7fa6059ee700 Compression algorithms supported:
2018/11/30-04:04:49.150229 7fa6059ee700 	kZSTDNotFinalCompression supported: 1
2018/11/30-04:04:49.150237 7fa6059ee700 	kZSTD supported: 1
2018/11/30-04:04:49.150238 7fa6059ee700 	kXpressCompression supported: 0
2018/11/30-04:04:49.150239 7fa6059ee700 	kLZ4HCCompression supported: 1
2018/11/30-04:04:49.150240 7fa6059ee700 	kLZ4Compression supported: 1
2018/11/30-04:04:49.150241 7fa6059ee700 	kBZip2Compression supported: 1
2018/11/30-04:04:49.150242 7fa6059ee700 	kZlibCompression supported: 1
2018/11/30-04:04:49.150243 7fa6059ee700 	kSnappyCompression supported: 1
2018/11/30-04:04:49.150247 7fa6059ee700 Fast CRC32 supported: Supported on x86
2018/11/30-04:04:49.150654 7fa6059ee700 [db/version_set.cc:3085] Recovering from manifest file: MANIFEST-000004
2018/11/30-04:04:49.150736 7fa6059ee700 [db/column_family.cc:475] --------------- Options for column family [default]:
2018/11/30-04:04:49.150739 7fa6059ee700               Options.comparator: leveldb.BytewiseComparator
2018/11/30-04:04:49.150740 7fa6059ee700           Options.merge_operator: None
2018/11/30-04:04:49.150741 7fa6059ee700        Options.compaction_filter: None
2018/11/30-04:04:49.150742 7fa6059ee700        Options.compaction_filter_factory: None
2018/11/30-04:04:49.150743 7fa6059ee700         Options.memtable_factory: SkipListFactory
2018/11/30-04:04:49.150744 7fa6059ee700            Options.table_factory: BlockBasedTable
2018/11/30-04:04:49.150768 7fa6059ee700            table_factory options:   flush_block_policy_factory: FlushBlockBySizePolicyFactory (0x7fa540376b40)
  cache_index_and_filter_blocks: 0
  cache_index_and_filter_blocks_with_high_priority: 0
  pin_l0_filter_and_index_blocks_in_cache: 0
  index_type: 0
  hash_index_allow_collision: 1
  checksum: 1
  no_block_cache: 0
  block_cache: 0x7fa5403824a0
  block_cache_name: LRUCache
  block_cache_options:
    capacity : 8388608
    num_shard_bits : 4
    strict_capacity_limit : 0
    high_pri_pool_ratio: 0.000
  block_cache_compressed: (nil)
  persistent_cache: (nil)
  block_size: 8192
  block_size_deviation: 10
  block_restart_interval: 16
  index_block_restart_interval: 1
  metadata_block_size: 4096
  partition_filters: 0
  use_delta_encoding: 1
  filter_policy: nullptr
  whole_key_filtering: 1
  verify_compression: 0
  read_amp_bytes_per_bit: 0
  format_version: 2
  enable_index_compression: 1
  block_align: 0
2018/11/30-04:04:49.150781 7fa6059ee700        Options.write_buffer_size: 134217728
2018/11/30-04:04:49.150782 7fa6059ee700  Options.max_write_buffer_number: 24
2018/11/30-04:04:49.150784 7fa6059ee700        Options.compression[0]: NoCompression
2018/11/30-04:04:49.150785 7fa6059ee700        Options.compression[1]: NoCompression
2018/11/30-04:04:49.150786 7fa6059ee700        Options.compression[2]: LZ4
2018/11/30-04:04:49.150787 7fa6059ee700        Options.compression[3]: LZ4
2018/11/30-04:04:49.150788 7fa6059ee700        Options.compression[4]: LZ4
2018/11/30-04:04:49.150789 7fa6059ee700        Options.compression[5]: LZ4
2018/11/30-04:04:49.150790 7fa6059ee700        Options.compression[6]: LZ4
2018/11/30-04:04:49.150791 7fa6059ee700                  Options.bottommost_compression: Disabled
2018/11/30-04:04:49.150792 7fa6059ee700       Options.prefix_extractor: nullptr
2018/11/30-04:04:49.150793 7fa6059ee700   Options.memtable_insert_with_hint_prefix_extractor: nullptr
2018/11/30-04:04:49.150794 7fa6059ee700             Options.num_levels: 7
2018/11/30-04:04:49.150795 7fa6059ee700        Options.min_write_buffer_number_to_merge: 2
2018/11/30-04:04:49.150795 7fa6059ee700     Options.max_write_buffer_number_to_maintain: 0
2018/11/30-04:04:49.150796 7fa6059ee700            Options.compression_opts.window_bits: -14
2018/11/30-04:04:49.150797 7fa6059ee700                  Options.compression_opts.level: -1
2018/11/30-04:04:49.150798 7fa6059ee700               Options.compression_opts.strategy: 0
2018/11/30-04:04:49.150799 7fa6059ee700         Options.compression_opts.max_dict_bytes: 0
2018/11/30-04:04:49.150800 7fa6059ee700         Options.compression_opts.zstd_max_train_bytes: 0
2018/11/30-04:04:49.150801 7fa6059ee700      Options.level0_file_num_compaction_trigger: 2
2018/11/30-04:04:49.150802 7fa6059ee700          Options.level0_slowdown_writes_trigger: 20
2018/11/30-04:04:49.150803 7fa6059ee700              Options.level0_stop_writes_trigger: 36
2018/11/30-04:04:49.150804 7fa6059ee700                   Options.target_file_size_base: 67108864
2018/11/30-04:04:49.150804 7fa6059ee700             Options.target_file_size_multiplier: 1
2018/11/30-04:04:49.150805 7fa6059ee700                Options.max_bytes_for_level_base: 536870912
2018/11/30-04:04:49.150806 7fa6059ee700 Options.level_compaction_dynamic_level_bytes: 0
2018/11/30-04:04:49.150807 7fa6059ee700          Options.max_bytes_for_level_multiplier: 10.000000
2018/11/30-04:04:49.150810 7fa6059ee700 Options.max_bytes_for_level_multiplier_addtl[0]: 1
2018/11/30-04:04:49.150812 7fa6059ee700 Options.max_bytes_for_level_multiplier_addtl[1]: 1
2018/11/30-04:04:49.150813 7fa6059ee700 Options.max_bytes_for_level_multiplier_addtl[2]: 1
2018/11/30-04:04:49.150813 7fa6059ee700 Options.max_bytes_for_level_multiplier_addtl[3]: 1
2018/11/30-04:04:49.150814 7fa6059ee700 Options.max_bytes_for_level_multiplier_addtl[4]: 1
2018/11/30-04:04:49.150815 7fa6059ee700 Options.max_bytes_for_level_multiplier_addtl[5]: 1
2018/11/30-04:04:49.150816 7fa6059ee700 Options.max_bytes_for_level_multiplier_addtl[6]: 1
2018/11/30-04:04:49.150817 7fa6059ee700       Options.max_sequential_skip_in_iterations: 8
2018/11/30-04:04:49.150818 7fa6059ee700                    Options.max_compaction_bytes: 1677721600
2018/11/30-04:04:49.150827 7fa6059ee700                        Options.arena_block_size: 16777216
2018/11/30-04:04:49.150828 7fa6059ee700   Options.soft_pending_compaction_bytes_limit: 68719476736
2018/11/30-04:04:49.150829 7fa6059ee700   Options.hard_pending_compaction_bytes_limit: 274877906944
2018/11/30-04:04:49.150830 7fa6059ee700       Options.rate_limit_delay_max_milliseconds: 100
2018/11/30-04:04:49.150831 7fa6059ee700                Options.disable_auto_compactions: 0
2018/11/30-04:04:49.150833 7fa6059ee700                        Options.compaction_style: kCompactionStyleLevel
2018/11/30-04:04:49.150835 7fa6059ee700                          Options.compaction_pri: kByCompensatedSize
2018/11/30-04:04:49.150836 7fa6059ee700 Options.compaction_options_universal.size_ratio: 1
2018/11/30-04:04:49.150837 7fa6059ee700 Options.compaction_options_universal.min_merge_width: 2
2018/11/30-04:04:49.150838 7fa6059ee700 Options.compaction_options_universal.max_merge_width: 4294967295
2018/11/30-04:04:49.150839 7fa6059ee700 Options.compaction_options_universal.max_size_amplification_percent: 200
2018/11/30-04:04:49.150840 7fa6059ee700 Options.compaction_options_universal.compression_size_percent: -1
2018/11/30-04:04:49.150841 7fa6059ee700 Options.compaction_options_universal.stop_style: kCompactionStopStyleTotalSize
2018/11/30-04:04:49.150842 7fa6059ee700 Options.compaction_options_fifo.max_table_files_size: 1073741824
2018/11/30-04:04:49.150843 7fa6059ee700 Options.compaction_options_fifo.allow_compaction: 0
2018/11/30-04:04:49.150844 7fa6059ee700 Options.compaction_options_fifo.ttl: 0
2018/11/30-04:04:49.150845 7fa6059ee700                   Options.table_properties_collectors: 
2018/11/30-04:04:49.150846 7fa6059ee700                   Options.inplace_update_support: 0
2018/11/30-04:04:49.150847 7fa6059ee700                 Options.inplace_update_num_locks: 10000
2018/11/30-04:04:49.150848 7fa6059ee700               Options.memtable_prefix_bloom_size_ratio: 0.000000
2018/11/30-04:04:49.150850 7fa6059ee700   Options.memtable_huge_page_size: 0
2018/11/30-04:04:49.150851 7fa6059ee700                           Options.bloom_locality: 0
2018/11/30-04:04:49.150851 7fa6059ee700                    Options.max_successive_merges: 0
2018/11/30-04:04:49.150852 7fa6059ee700                Options.optimize_filters_for_hits: 0
2018/11/30-04:04:49.150853 7fa6059ee700                Options.paranoid_file_checks: 0
2018/11/30-04:04:49.150854 7fa6059ee700                Options.force_consistency_checks: 0
2018/11/30-04:04:49.150855 7fa6059ee700                Options.report_bg_io_stats: 0
2018/11/30-04:04:49.150856 7fa6059ee700                               Options.ttl: 0
2018/11/30-04:04:49.151295 7fa6059ee700 [db/column_family.cc:475] --------------- Options for column family [usertable]:
2018/11/30-04:04:49.151298 7fa6059ee700               Options.comparator: leveldb.BytewiseComparator
2018/11/30-04:04:49.151299 7fa6059ee700           Options.merge_operator: None
2018/11/30-04:04:49.151300 7fa6059ee700        Options.compaction_filter: None
2018/11/30-04:04:49.151301 7fa6059ee700        Options.compaction_filter_factory: None
2018/11/30-04:04:49.151302 7fa6059ee700         Options.memtable_factory: SkipListFactory
2018/11/30-04:04:49.151303 7fa6059ee700            Options.table_factory: BlockBasedTable
2018/11/30-04:04:49.151325 7fa6059ee700            table_factory options:   flush_block_policy_factory: FlushBlockBySizePolicyFactory (0x7fa540376910)
  cache_index_and_filter_blocks: 0
  cache_index_and_filter_blocks_with_high_priority: 0
  pin_l0_filter_and_index_blocks_in_cache: 0
  index_type: 0
  hash_index_allow_collision: 1
  checksum: 1
  no_block_cache: 0
  block_cache: 0x7fa540376570
  block_cache_name: LRUCache
  block_cache_options:
    capacity : 8388608
    num_shard_bits : 4
    strict_capacity_limit : 0
    high_pri_pool_ratio: 0.000
  block_cache_compressed: (nil)
  persistent_cache: (nil)
  block_size: 8192
  block_size_deviation: 10
  block_restart_interval: 16
  index_block_restart_interval: 1
  metadata_block_size: 4096
  partition_filters: 0
  use_delta_encoding: 1
  filter_policy: nullptr
  whole_key_filtering: 1
  verify_compression: 0
  read_amp_bytes_per_bit: 0
  format_version: 2
  enable_index_compression: 1
  block_align: 0
2018/11/30-04:04:49.151337 7fa6059ee700        Options.write_buffer_size: 134217728
2018/11/30-04:04:49.151338 7fa6059ee700  Options.max_write_buffer_number: 24
2018/11/30-04:04:49.151340 7fa6059ee700        Options.compression[0]: NoCompression
2018/11/30-04:04:49.151341 7fa6059ee700        Options.compression[1]: NoCompression
2018/11/30-04:04:49.151342 7fa6059ee700        Options.compression[2]: LZ4
2018/11/30-04:04:49.151343 7fa6059ee700        Options.compression[3]: LZ4
2018/11/30-04:04:49.151344 7fa6059ee700        Options.compression[4]: LZ4
2018/11/30-04:04:49.151345 7fa6059ee700        Options.compression[5]: LZ4
2018/11/30-04:04:49.151345 7fa6059ee700        Options.compression[6]: LZ4
2018/11/30-04:04:49.151346 7fa6059ee700                  Options.bottommost_compression: Disabled
2018/11/30-04:04:49.151347 7fa6059ee700       Options.prefix_extractor: nullptr
2018/11/30-04:04:49.151348 7fa6059ee700   Options.memtable_insert_with_hint_prefix_extractor: nullptr
2018/11/30-04:04:49.151349 7fa6059ee700             Options.num_levels: 7
2018/11/30-04:04:49.151350 7fa6059ee700        Options.min_write_buffer_number_to_merge: 2
2018/11/30-04:04:49.151351 7fa6059ee700     Options.max_write_buffer_number_to_maintain: 0
2018/11/30-04:04:49.151352 7fa6059ee700            Options.compression_opts.window_bits: -14
2018/11/30-04:04:49.151353 7fa6059ee700                  Options.compression_opts.level: -1
2018/11/30-04:04:49.151354 7fa6059ee700               Options.compression_opts.strategy: 0
2018/11/30-04:04:49.151355 7fa6059ee700         Options.compression_opts.max_dict_bytes: 0
2018/11/30-04:04:49.151356 7fa6059ee700         Options.compression_opts.zstd_max_train_bytes: 0
2018/11/30-04:04:49.151356 7fa6059ee700      Options.level0_file_num_compaction_trigger: 2
2018/11/30-04:04:49.151357 7fa6059ee700          Options.level0_slowdown_writes_trigger: 20
2018/11/30-04:04:49.151358 7fa6059ee700              Options.level0_stop_writes_trigger: 36
2018/11/30-04:04:49.151359 7fa6059ee700                   Options.target_file_size_base: 67108864
2018/11/30-04:04:49.151360 7fa6059ee700             Options.target_file_size_multiplier: 1
2018/11/30-04:04:49.151361 7fa6059ee700                Options.max_bytes_for_level_base: 536870912
2018/11/30-04:04:49.151362 7fa6059ee700 Options.level_compaction_dynamic_level_bytes: 0
2018/11/30-04:04:49.151363 7fa6059ee700          Options.max_bytes_for_level_multiplier: 10.000000
2018/11/30-04:04:49.151365 7fa6059ee700 Options.max_bytes_for_level_multiplier_addtl[0]: 1
2018/11/30-04:04:49.151366 7fa6059ee700 Options.max_bytes_for_level_multiplier_addtl[1]: 1
2018/11/30-04:04:49.151367 7fa6059ee700 Options.max_bytes_for_level_multiplier_addtl[2]: 1
2018/11/30-04:04:49.151368 7fa6059ee700 Options.max_bytes_for_level_multiplier_addtl[3]: 1
2018/11/30-04:04:49.151369 7fa6059ee700 Options.max_bytes_for_level_multiplier_addtl[4]: 1
2018/11/30-04:04:49.151369 7fa6059ee700 Options.max_bytes_for_level_multiplier_addtl[5]: 1
2018/11/30-04:04:49.151370 7fa6059ee700 Options.max_bytes_for_level_multiplier_addtl[6]: 1
2018/11/30-04:04:49.151371 7fa6059ee700       Options.max_sequential_skip_in_iterations: 8
2018/11/30-04:04:49.151372 7fa6059ee700                    Options.max_compaction_bytes: 1677721600
2018/11/30-04:04:49.151373 7fa6059ee700                        Options.arena_block_size: 16777216
2018/11/30-04:04:49.151374 7fa6059ee700   Options.soft_pending_compaction_bytes_limit: 68719476736
2018/11/30-04:04:49.151375 7fa6059ee700   Options.hard_pending_compaction_bytes_limit: 274877906944
2018/11/30-04:04:49.151376 7fa6059ee700       Options.rate_limit_delay_max_milliseconds: 100
2018/11/30-04:04:49.151377 7fa6059ee700                Options.disable_auto_compactions: 0
2018/11/30-04:04:49.151378 7fa6059ee700                        Options.compaction_style: kCompactionStyleLevel
2018/11/30-04:04:49.151386 7fa6059ee700                          Options.compaction_pri: kByCompensatedSize
2018/11/30-04:04:49.151387 7fa6059ee700 Options.compaction_options_universal.size_ratio: 1
2018/11/30-04:04:49.151388 7fa6059ee700 Options.compaction_options_universal.min_merge_width: 2
2018/11/30-04:04:49.151389 7fa6059ee700 Options.compaction_options_universal.max_merge_width: 4294967295
2018/11/30-04:04:49.151390 7fa6059ee700 Options.compaction_options_universal.max_size_amplification_percent: 200
2018/11/30-04:04:49.151391 7fa6059ee700 Options.compaction_options_universal.compression_size_percent: -1
2018/11/30-04:04:49.151392 7fa6059ee700 Options.compaction_options_universal.stop_style: kCompactionStopStyleTotalSize
2018/11/30-04:04:49.151393 7fa6059ee700 Options.compaction_options_fifo.max_table_files_size: 1073741824
2018/11/30-04:04:49.151394 7fa6059ee700 Options.compaction_options_fifo.allow_compaction: 0
2018/11/30-04:04:49.151395 7fa6059ee700 Options.compaction_options_fifo.ttl: 0
2018/11/30-04:04:49.151396 7fa6059ee700                   Options.table_properties_collectors: 
2018/11/30-04:04:49.151397 7fa6059ee700                   Options.inplace_update_support: 0
2018/11/30-04:04:49.151398 7fa6059ee700                 Options.inplace_update_num_locks: 10000
2018/11/30-04:04:49.151399 7fa6059ee700               Options.memtable_prefix_bloom_size_ratio: 0.000000
2018/11/30-04:04:49.151400 7fa6059ee700   Options.memtable_huge_page_size: 0
2018/11/30-04:04:49.151401 7fa6059ee700                           Options.bloom_locality: 0
2018/11/30-04:04:49.151402 7fa6059ee700                    Options.max_successive_merges: 0
2018/11/30-04:04:49.151403 7fa6059ee700                Options.optimize_filters_for_hits: 0
2018/11/30-04:04:49.151404 7fa6059ee700                Options.paranoid_file_checks: 0
2018/11/30-04:04:49.151405 7fa6059ee700                Options.force_consistency_checks: 0
2018/11/30-04:04:49.151405 7fa6059ee700                Options.report_bg_io_stats: 0
2018/11/30-04:04:49.151406 7fa6059ee700                               Options.ttl: 0
2018/11/30-04:04:49.651229 7fa6059ee700 [db/version_set.cc:3361] Recovered from manifest file:/mnt/sda/ycsb-rocksdb-data/MANIFEST-000004 succeeded,manifest_file_number is 4, next_file_number is 1160, last_sequence is 10438087, log_number is 0,prev_log_number is 0,max_column_family is 1,min_log_number_to_keep is 0
2018/11/30-04:04:49.651242 7fa6059ee700 [db/version_set.cc:3369] Column family [default] (ID 0), log number is 0
2018/11/30-04:04:49.651244 7fa6059ee700 [db/version_set.cc:3369] Column family [usertable] (ID 1), log number is 1153
2018/11/30-04:04:49.653289 7fa6059ee700 EVENT_LOG_v1 {"time_micros": 1543579489653273, "job": 1, "event": "recovery_started", "log_files": [1153, 1159]}
2018/11/30-04:04:49.653297 7fa6059ee700 [db/db_impl_open.cc:551] Recovering log #1153 mode 2
2018/11/30-04:04:50.924945 7fa6059ee700 EVENT_LOG_v1 {"time_micros": 1543579490924922, "cf_name": "usertable", "job": 1, "event": "table_file_creation", "file_number": 1160, "file_size": 129895354, "table_properties": {"data_size": 129317909, "index_size": 576523, "filter_size": 0, "raw_key_size": 752760, "raw_average_key_size": 24, "raw_value_size": 128471040, "raw_average_value_size": 4096, "num_data_blocks": 15683, "num_entries": 31365, "filter_policy_name": "", "kDeletedKeys": "0", "kMergeOperands": "0"}}
2018/11/30-04:04:50.931539 7fa6059ee700 [db/db_impl_open.cc:551] Recovering log #1159 mode 2
2018/11/30-04:04:50.945329 7fa6059ee700 [db/version_set.cc:2847] Creating manifest 1161
2018/11/30-04:04:51.521029 7fa6059ee700 EVENT_LOG_v1 {"time_micros": 1543579491521016, "cf_name": "usertable", "job": 1, "event": "table_file_creation", "file_number": 1162, "file_size": 1715326, "table_properties": {"data_size": 1706967, "index_size": 7443, "filter_size": 0, "raw_key_size": 9936, "raw_average_key_size": 24, "raw_value_size": 1695744, "raw_average_value_size": 4096, "num_data_blocks": 207, "num_entries": 414, "filter_policy_name": "", "kDeletedKeys": "0", "kMergeOperands": "0"}}
2018/11/30-04:04:51.764598 7fa6059ee700 EVENT_LOG_v1 {"time_micros": 1543579491764596, "job": 1, "event": "recovery_finished"}
2018/11/30-04:04:52.046930 7fa6059ee700 [db/db_impl_open.cc:1219] DB pointer 0x7fa5403bd270
2018/11/30-04:04:52.047219 7fa5cffff700 [WARN] [db/db_impl.cc:491] ------- DUMPING STATS -------
2018/11/30-04:04:52.047263 7fa5cffff700 [WARN] [db/db_impl.cc:492] 
** DB Stats **
Uptime(secs): 2.9 total, 2.9 interval
Cumulative writes: 0 writes, 0 keys, 0 commit groups, 0.0 writes per commit group, ingest: 0.00 GB, 0.00 MB/s
Cumulative WAL: 0 writes, 0 syncs, 0.00 writes per sync, written: 0.00 GB, 0.00 MB/s
Cumulative stall: 00:00:0.000 H:M:S, 0.0 percent
Interval writes: 0 writes, 0 keys, 0 commit groups, 0.0 writes per commit group, ingest: 0.00 MB, 0.00 MB/s
Interval WAL: 0 writes, 0 syncs, 0.00 writes per sync, written: 0.00 MB, 0.00 MB/s
Interval stall: 00:00:0.000 H:M:S, 0.0 percent

** Compaction Stats [default] **
Level    Files   Size     Score Read(GB)  Rn(GB) Rnp1(GB) Write(GB) Wnew(GB) Moved(GB) W-Amp Rd(MB/s) Wr(MB/s) Comp(sec) Comp(cnt) Avg(sec) KeyIn KeyDrop
----------------------------------------------------------------------------------------------------------------------------------------------------------
 Sum      0/0    0.00 KB   0.0      0.0     0.0      0.0       0.0      0.0       0.0   0.0      0.0      0.0         0         0    0.000       0      0
 Int      0/0    0.00 KB   0.0      0.0     0.0      0.0       0.0      0.0       0.0   0.0      0.0      0.0         0         0    0.000       0      0
Uptime(secs): 2.9 total, 2.9 interval
Flush(GB): cumulative 0.000, interval 0.000
AddFile(GB): cumulative 0.000, interval 0.000
AddFile(Total Files): cumulative 0, interval 0
AddFile(L0 Files): cumulative 0, interval 0
AddFile(Keys): cumulative 0, interval 0
Cumulative compaction: 0.00 GB write, 0.00 MB/s write, 0.00 GB read, 0.00 MB/s read, 0.0 seconds
Interval compaction: 0.00 GB write, 0.00 MB/s write, 0.00 GB read, 0.00 MB/s read, 0.0 seconds
Stalls(count): 0 level0_slowdown, 0 level0_slowdown_with_compaction, 0 level0_numfiles, 0 level0_numfiles_with_compaction, 0 stop for pending_compaction_bytes, 0 slowdown for pending_compaction_bytes, 0 memtable_compaction, 0 memtable_slowdown, interval 0 total count

** File Read Latency Histogram By Level [default] **

** Compaction Stats [usertable] **
Level    Files   Size     Score Read(GB)  Rn(GB) Rnp1(GB) Write(GB) Wnew(GB) Moved(GB) W-Amp Rd(MB/s) Wr(MB/s) Comp(sec) Comp(cnt) Avg(sec) KeyIn KeyDrop
----------------------------------------------------------------------------------------------------------------------------------------------------------
  L0      3/0   373.27 MB   1.5      0.0     0.0      0.0       0.1      0.1       0.0   1.0      0.0    114.6         1         2    0.548       0      0
  L1      2/0   495.51 MB   1.0      0.0     0.0      0.0       0.0      0.0       0.0   0.0      0.0      0.0         0         0    0.000       0      0
  L2     93/0    4.97 GB   1.0      0.0     0.0      0.0       0.0      0.0       0.0   0.0      0.0      0.0         0         0    0.000       0      0
  L3    559/0   34.36 GB   0.7      0.0     0.0      0.0       0.0      0.0       0.0   0.0      0.0      0.0         0         0    0.000       0      0
 Sum    657/0   40.18 GB   0.0      0.0     0.0      0.0       0.1      0.1       0.0   1.0      0.0    114.6         1         2    0.548       0      0
 Int      0/0    0.00 KB   0.0      0.0     0.0      0.0       0.1      0.1       0.0   1.0      0.0    114.6         1         2    0.548       0      0
Uptime(secs): 2.9 total, 2.9 interval
Flush(GB): cumulative 0.123, interval 0.123
AddFile(GB): cumulative 0.000, interval 0.000
AddFile(Total Files): cumulative 0, interval 0
AddFile(L0 Files): cumulative 0, interval 0
AddFile(Keys): cumulative 0, interval 0
Cumulative compaction: 0.12 GB write, 43.34 MB/s write, 0.00 GB read, 0.00 MB/s read, 1.1 seconds
Interval compaction: 0.12 GB write, 43.34 MB/s write, 0.00 GB read, 0.00 MB/s read, 1.1 seconds
Stalls(count): 0 level0_slowdown, 0 level0_slowdown_with_compaction, 0 level0_numfiles, 0 level0_numfiles_with_compaction, 0 stop for pending_compaction_bytes, 0 slowdown for pending_compaction_bytes, 0 memtable_compaction, 0 memtable_slowdown, interval 0 total count

** File Read Latency Histogram By Level [usertable] **

** Compaction Stats [default] **
Level    Files   Size     Score Read(GB)  Rn(GB) Rnp1(GB) Write(GB) Wnew(GB) Moved(GB) W-Amp Rd(MB/s) Wr(MB/s) Comp(sec) Comp(cnt) Avg(sec) KeyIn KeyDrop
----------------------------------------------------------------------------------------------------------------------------------------------------------
 Sum      0/0    0.00 KB   0.0      0.0     0.0      0.0       0.0      0.0       0.0   0.0      0.0      0.0         0         0    0.000       0      0
 Int      0/0    0.00 KB   0.0      0.0     0.0      0.0       0.0      0.0       0.0   0.0      0.0      0.0         0         0    0.000       0      0
Uptime(secs): 2.9 total, 0.0 interval
Flush(GB): cumulative 0.000, interval 0.000
AddFile(GB): cumulative 0.000, interval 0.000
AddFile(Total Files): cumulative 0, interval 0
AddFile(L0 Files): cumulative 0, interval 0
AddFile(Keys): cumulative 0, interval 0
Cumulative compaction: 0.00 GB write, 0.00 MB/s write, 0.00 GB read, 0.00 MB/s read, 0.0 seconds
Interval compaction: 0.00 GB write, 0.00 MB/s write, 0.00 GB read, 0.00 MB/s read, 0.0 seconds
Stalls(count): 0 level0_slowdown, 0 level0_slowdown_with_compaction, 0 level0_numfiles, 0 level0_numfiles_with_compaction, 0 stop for pending_compaction_bytes, 0 slowdown for pending_compaction_bytes, 0 memtable_compaction, 0 memtable_slowdown, interval 0 total count

** File Read Latency Histogram By Level [default] **

** Compaction Stats [usertable] **
Level    Files   Size     Score Read(GB)  Rn(GB) Rnp1(GB) Write(GB) Wnew(GB) Moved(GB) W-Amp Rd(MB/s) Wr(MB/s) Comp(sec) Comp(cnt) Avg(sec) KeyIn KeyDrop
----------------------------------------------------------------------------------------------------------------------------------------------------------
  L0      3/0   373.27 MB   1.5      0.0     0.0      0.0       0.1      0.1       0.0   1.0      0.0    114.6         1         2    0.548       0      0
  L1      2/0   495.51 MB   1.0      0.0     0.0      0.0       0.0      0.0       0.0   0.0      0.0      0.0         0         0    0.000       0      0
  L2     93/0    4.97 GB   1.0      0.0     0.0      0.0       0.0      0.0       0.0   0.0      0.0      0.0         0         0    0.000       0      0
  L3    559/0   34.36 GB   0.7      0.0     0.0      0.0       0.0      0.0       0.0   0.0      0.0      0.0         0         0    0.000       0      0
 Sum    657/0   40.18 GB   0.0      0.0     0.0      0.0       0.1      0.1       0.0   1.0      0.0    114.6         1         2    0.548       0      0
 Int      0/0    0.00 KB   0.0      0.0     0.0      0.0       0.0      0.0       0.0   0.0      0.0      0.0         0         0    0.000       0      0
Uptime(secs): 2.9 total, 0.0 interval
Flush(GB): cumulative 0.123, interval 0.000
AddFile(GB): cumulative 0.000, interval 0.000
AddFile(Total Files): cumulative 0, interval 0
AddFile(L0 Files): cumulative 0, interval 0
AddFile(Keys): cumulative 0, interval 0
Cumulative compaction: 0.12 GB write, 43.34 MB/s write, 0.00 GB read, 0.00 MB/s read, 1.1 seconds
Interval compaction: 0.00 GB write, 0.00 MB/s write, 0.00 GB read, 0.00 MB/s read, 0.0 seconds
Stalls(count): 0 level0_slowdown, 0 level0_slowdown_with_compaction, 0 level0_numfiles, 0 level0_numfiles_with_compaction, 0 stop for pending_compaction_bytes, 0 slowdown for pending_compaction_bytes, 0 memtable_compaction, 0 memtable_slowdown, interval 0 total count

** File Read Latency Histogram By Level [usertable] **
2018/11/30-04:04:52.179047 7fa5cffff700 (Original Log Time 2018/11/30-04:04:52.047372) [db/db_impl_compaction_flush.cc:1835] [usertable] Moving #251 to level-1 259789987 bytes
2018/11/30-04:04:52.179051 7fa5cffff700 (Original Log Time 2018/11/30-04:04:52.178993) EVENT_LOG_v1 {"time_micros": 1543579492178987, "job": 3, "event": "trivial_move", "destination_level": 1, "files": 1, "total_files_size": 259789987}
2018/11/30-04:04:52.179052 7fa5cffff700 (Original Log Time 2018/11/30-04:04:52.179003) [db/db_impl_compaction_flush.cc:1864] [usertable] Moved #1 files to level-1 259789987 bytes OK: base level 1 max bytes base 536870912 files[2 3 93 559 0 0 0] max score 1.45
2018/11/30-04:04:52.179118 7fa5cffff700 [db/compaction_job.cc:1531] [usertable] [JOB 4] Compacting 1@1 files to L2, score 1.45
2018/11/30-04:04:52.179124 7fa5cffff700 [db/compaction_job.cc:1535] [usertable] Compaction start summary: Base version 6 Base level 1, inputs: [251(247MB)]
2018/11/30-04:04:52.179146 7fa5cffff700 EVENT_LOG_v1 {"time_micros": 1543579492179128, "job": 4, "event": "compaction_started", "compaction_reason": "LevelMaxLevelSize", "files_L1": [251], "score": 1.45169, "input_data_size": 259789987}
2018/11/30-04:04:53.420958 7fa5cffff700 [db/compaction_job.cc:1211] [usertable] [JOB 4] Generated table #1166: 16279 keys, 67233388 bytes
2018/11/30-04:04:53.420994 7fa5cffff700 EVENT_LOG_v1 {"time_micros": 1543579493420981, "cf_name": "usertable", "job": 4, "event": "table_file_creation", "file_number": 1166, "file_size": 67233388, "table_properties": {"data_size": 67118331, "index_size": 299108, "filter_size": 0, "raw_key_size": 390696, "raw_average_key_size": 24, "raw_value_size": 66678784, "raw_average_value_size": 4096, "num_data_blocks": 8140, "num_entries": 16279, "filter_policy_name": "", "kDeletedKeys": "0", "kMergeOperands": "0"}}
2018/11/30-04:04:54.044550 7fa5cffff700 [db/compaction_job.cc:1211] [usertable] [JOB 4] Generated table #1167: 16279 keys, 67233549 bytes
2018/11/30-04:04:54.044587 7fa5cffff700 EVENT_LOG_v1 {"time_micros": 1543579494044574, "cf_name": "usertable", "job": 4, "event": "table_file_creation", "file_number": 1167, "file_size": 67233549, "table_properties": {"data_size": 67120140, "index_size": 300916, "filter_size": 0, "raw_key_size": 390696, "raw_average_key_size": 24, "raw_value_size": 66678784, "raw_average_value_size": 4096, "num_data_blocks": 8140, "num_entries": 16279, "filter_policy_name": "", "kDeletedKeys": "0", "kMergeOperands": "0"}}
2018/11/30-04:04:54.959065 7fa5cffff700 [db/compaction_job.cc:1211] [usertable] [JOB 4] Generated table #1168: 16279 keys, 67233363 bytes
2018/11/30-04:04:54.959102 7fa5cffff700 EVENT_LOG_v1 {"time_micros": 1543579494959088, "cf_name": "usertable", "job": 4, "event": "table_file_creation", "file_number": 1168, "file_size": 67233363, "table_properties": {"data_size": 67118331, "index_size": 299106, "filter_size": 0, "raw_key_size": 390696, "raw_average_key_size": 24, "raw_value_size": 66678784, "raw_average_value_size": 4096, "num_data_blocks": 8140, "num_entries": 16279, "filter_policy_name": "", "kDeletedKeys": "0", "kMergeOperands": "0"}}
2018/11/30-04:04:55.921720 7fa5cffff700 [db/compaction_job.cc:1211] [usertable] [JOB 4] Generated table #1169: 13893 keys, 57379348 bytes
2018/11/30-04:04:55.921748 7fa5cffff700 EVENT_LOG_v1 {"time_micros": 1543579495921737, "cf_name": "usertable", "job": 4, "event": "table_file_creation", "file_number": 1169, "file_size": 57379348, "table_properties": {"data_size": 57282397, "index_size": 256775, "filter_size": 0, "raw_key_size": 333432, "raw_average_key_size": 24, "raw_value_size": 56905728, "raw_average_value_size": 4096, "num_data_blocks": 6947, "num_entries": 13893, "filter_policy_name": "", "kDeletedKeys": "0", "kMergeOperands": "0"}}
2018/11/30-04:04:55.921793 7fa5cffff700 [db/compaction_job.cc:1287] [usertable] [JOB 4] Compacted 1@1 files to L2 => 259079648 bytes
2018/11/30-04:04:55.951373 7fa5cffff700 (Original Log Time 2018/11/30-04:04:55.951300) [db/compaction_job.cc:685] [usertable] compacted to: base level 1 max bytes base 536870912 files[2 2 97 559 0 0 0] max score 1.04, MB/sec: 69.4 rd, 69.2 wr, level 2, files in(1, 0) out(4) MB in(247.8, 0.0) out(247.1), read-write-amplify(2.0) write-amplify(1.0) OK, records in: 62730, records dropped: 0 output_compression: LZ4
2018/11/30-04:04:55.951379 7fa5cffff700 (Original Log Time 2018/11/30-04:04:55.951323) EVENT_LOG_v1 {"time_micros": 1543579495951314, "job": 4, "event": "compaction_finished", "compaction_time_micros": 3742613, "output_level": 2, "num_output_files": 4, "total_output_size": 259079648, "num_input_records": 62730, "num_output_records": 62730, "num_subcompactions": 1, "output_compression": "LZ4", "num_single_delete_mismatches": 0, "num_single_delete_fallthrough": 0, "lsm_state": [2, 2, 97, 559, 0, 0, 0]}
2018/11/30-04:04:55.981228 7fa5cffff700 (Original Log Time 2018/11/30-04:04:55.951648) [db/db_impl_compaction_flush.cc:1835] [usertable] Moving #1167 to level-3 67233549 bytes
2018/11/30-04:04:55.981232 7fa5cffff700 (Original Log Time 2018/11/30-04:04:55.981192) EVENT_LOG_v1 {"time_micros": 1543579495981186, "job": 5, "event": "trivial_move", "destination_level": 3, "files": 1, "total_files_size": 67233549}
2018/11/30-04:04:55.981234 7fa5cffff700 (Original Log Time 2018/11/30-04:04:55.981203) [db/db_impl_compaction_flush.cc:1864] [usertable] Moved #1 files to level-3 67233549 bytes OK: base level 1 max bytes base 536870912 files[2 2 96 560 0 0 0] max score 1.03
2018/11/30-04:04:56.002889 7fa5cffff700 EVENT_LOG_v1 {"time_micros": 1543579496002883, "job": 5, "event": "table_file_deletion", "file_number": 251}
2018/11/30-04:04:56.032429 7fa5f7fff700 (Original Log Time 2018/11/30-04:04:56.003030) [db/db_impl_compaction_flush.cc:1835] [usertable] Moving #1166 to level-3 67233388 bytes
2018/11/30-04:04:56.032432 7fa5f7fff700 (Original Log Time 2018/11/30-04:04:56.032368) EVENT_LOG_v1 {"time_micros": 1543579496032364, "job": 6, "event": "trivial_move", "destination_level": 3, "files": 1, "total_files_size": 67233388}
2018/11/30-04:04:56.032434 7fa5f7fff700 (Original Log Time 2018/11/30-04:04:56.032380) [db/db_impl_compaction_flush.cc:1864] [usertable] Moved #1 files to level-3 67233388 bytes OK: base level 1 max bytes base 536870912 files[2 2 95 561 0 0 0] max score 1.02
2018/11/30-04:04:56.061751 7fa5f7fff700 (Original Log Time 2018/11/30-04:04:56.032588) [db/db_impl_compaction_flush.cc:1835] [usertable] Moving #1168 to level-3 67233363 bytes
2018/11/30-04:04:56.061755 7fa5f7fff700 (Original Log Time 2018/11/30-04:04:56.061696) EVENT_LOG_v1 {"time_micros": 1543579496061692, "job": 7, "event": "trivial_move", "destination_level": 3, "files": 1, "total_files_size": 67233363}
2018/11/30-04:04:56.061756 7fa5f7fff700 (Original Log Time 2018/11/30-04:04:56.061702) [db/db_impl_compaction_flush.cc:1864] [usertable] Moved #1 files to level-3 67233363 bytes OK: base level 1 max bytes base 536870912 files[2 2 94 562 0 0 0] max score 1.00
2018/11/30-04:04:56.091180 7fa5f7fff700 (Original Log Time 2018/11/30-04:04:56.061966) [db/db_impl_compaction_flush.cc:1835] [usertable] Moving #1169 to level-3 57379348 bytes
2018/11/30-04:04:56.091183 7fa5f7fff700 (Original Log Time 2018/11/30-04:04:56.091147) EVENT_LOG_v1 {"time_micros": 1543579496091144, "job": 8, "event": "trivial_move", "destination_level": 3, "files": 1, "total_files_size": 57379348}
