2019/04/20-21:01:57.253654 7f5794be0700 RocksDB version: 5.14.3
2019/04/20-21:01:57.253708 7f5794be0700 Git sha rocksdb_build_git_sha:
2019/04/20-21:01:57.253711 7f5794be0700 Compile date Oct  9 2018
2019/04/20-21:01:57.253721 7f5794be0700 DB SUMMARY
2019/04/20-21:01:57.253748 7f5794be0700 SST files in /mnt/sdd/ycsb-rocksdb-data dir, Total Num: 0, files: 
2019/04/20-21:01:57.253753 7f5794be0700 Write Ahead Log file in /mnt/sdd/ycsb-rocksdb-data: 
2019/04/20-21:01:57.253757 7f5794be0700                         Options.error_if_exists: 0
2019/04/20-21:01:57.253758 7f5794be0700                       Options.create_if_missing: 1
2019/04/20-21:01:57.253759 7f5794be0700                         Options.paranoid_checks: 1
2019/04/20-21:01:57.253760 7f5794be0700                                     Options.env: 0x7f578cffa080
2019/04/20-21:01:57.253761 7f5794be0700                                Options.info_log: 0x7f56dc3adcf0
2019/04/20-21:01:57.253762 7f5794be0700                Options.max_file_opening_threads: 16
2019/04/20-21:01:57.253763 7f5794be0700                              Options.statistics: (nil)
2019/04/20-21:01:57.253764 7f5794be0700                               Options.use_fsync: 0
2019/04/20-21:01:57.253765 7f5794be0700                       Options.max_log_file_size: 0
2019/04/20-21:01:57.253766 7f5794be0700                  Options.max_manifest_file_size: 18446744073709551615
2019/04/20-21:01:57.253767 7f5794be0700                   Options.log_file_time_to_roll: 0
2019/04/20-21:01:57.253768 7f5794be0700                       Options.keep_log_file_num: 1000
2019/04/20-21:01:57.253769 7f5794be0700                    Options.recycle_log_file_num: 0
2019/04/20-21:01:57.253770 7f5794be0700                         Options.allow_fallocate: 1
2019/04/20-21:01:57.253771 7f5794be0700                        Options.allow_mmap_reads: 0
2019/04/20-21:01:57.253772 7f5794be0700                       Options.allow_mmap_writes: 0
2019/04/20-21:01:57.253773 7f5794be0700                        Options.use_direct_reads: 0
2019/04/20-21:01:57.253774 7f5794be0700                        Options.use_direct_io_for_flush_and_compaction: 0
2019/04/20-21:01:57.253775 7f5794be0700          Options.create_missing_column_families: 1
2019/04/20-21:01:57.253776 7f5794be0700                              Options.db_log_dir: 
2019/04/20-21:01:57.253777 7f5794be0700                                 Options.wal_dir: /mnt/sdd/ycsb-rocksdb-data
2019/04/20-21:01:57.253778 7f5794be0700                Options.table_cache_numshardbits: 6
2019/04/20-21:01:57.253779 7f5794be0700                      Options.max_subcompactions: 4
2019/04/20-21:01:57.253780 7f5794be0700                  Options.max_background_flushes: 24
2019/04/20-21:01:57.253781 7f5794be0700                         Options.WAL_ttl_seconds: 0
2019/04/20-21:01:57.253782 7f5794be0700                       Options.WAL_size_limit_MB: 0
2019/04/20-21:01:57.253783 7f5794be0700             Options.manifest_preallocation_size: 4194304
2019/04/20-21:01:57.253784 7f5794be0700                     Options.is_fd_close_on_exec: 1
2019/04/20-21:01:57.253785 7f5794be0700                   Options.advise_random_on_open: 1
2019/04/20-21:01:57.253786 7f5794be0700                    Options.db_write_buffer_size: 0
2019/04/20-21:01:57.253787 7f5794be0700                    Options.write_buffer_manager: 0x7f56dc3add50
2019/04/20-21:01:57.253788 7f5794be0700         Options.access_hint_on_compaction_start: 1
2019/04/20-21:01:57.253789 7f5794be0700  Options.new_table_reader_for_compaction_inputs: 0
2019/04/20-21:01:57.253790 7f5794be0700           Options.random_access_max_buffer_size: 1048576
2019/04/20-21:01:57.253791 7f5794be0700                      Options.use_adaptive_mutex: 0
2019/04/20-21:01:57.253792 7f5794be0700                            Options.rate_limiter: (nil)
2019/04/20-21:01:57.253794 7f5794be0700     Options.sst_file_manager.rate_bytes_per_sec: 0
2019/04/20-21:01:57.253795 7f5794be0700                       Options.wal_recovery_mode: 2
2019/04/20-21:01:57.253796 7f5794be0700                  Options.enable_thread_tracking: 0
2019/04/20-21:01:57.253797 7f5794be0700                  Options.enable_pipelined_write: 1
2019/04/20-21:01:57.253806 7f5794be0700         Options.allow_concurrent_memtable_write: 1
2019/04/20-21:01:57.253808 7f5794be0700      Options.enable_write_thread_adaptive_yield: 1
2019/04/20-21:01:57.253809 7f5794be0700             Options.write_thread_max_yield_usec: 100
2019/04/20-21:01:57.253810 7f5794be0700            Options.write_thread_slow_yield_usec: 3
2019/04/20-21:01:57.253811 7f5794be0700                               Options.row_cache: None
2019/04/20-21:01:57.253812 7f5794be0700                              Options.wal_filter: None
2019/04/20-21:01:57.253813 7f5794be0700             Options.avoid_flush_during_recovery: 0
2019/04/20-21:01:57.253814 7f5794be0700             Options.allow_ingest_behind: 0
2019/04/20-21:01:57.253815 7f5794be0700             Options.preserve_deletes: 0
2019/04/20-21:01:57.253816 7f5794be0700             Options.two_write_queues: 0
2019/04/20-21:01:57.253816 7f5794be0700             Options.manual_wal_flush: 0
2019/04/20-21:01:57.253819 7f5794be0700             Options.max_background_jobs: 24
2019/04/20-21:01:57.253820 7f5794be0700             Options.max_background_compactions: 24
2019/04/20-21:01:57.253821 7f5794be0700             Options.avoid_flush_during_shutdown: 0
2019/04/20-21:01:57.253822 7f5794be0700           Options.writable_file_max_buffer_size: 1048576
2019/04/20-21:01:57.253823 7f5794be0700             Options.delayed_write_rate : 16777216
2019/04/20-21:01:57.253824 7f5794be0700             Options.max_total_wal_size: 0
2019/04/20-21:01:57.253825 7f5794be0700             Options.delete_obsolete_files_period_micros: 21600000000
2019/04/20-21:01:57.253826 7f5794be0700                   Options.stats_dump_period_sec: 60
2019/04/20-21:01:57.253827 7f5794be0700                          Options.max_open_files: -1
2019/04/20-21:01:57.253828 7f5794be0700                          Options.bytes_per_sync: 1048576
2019/04/20-21:01:57.253829 7f5794be0700                      Options.wal_bytes_per_sync: 0
2019/04/20-21:01:57.253830 7f5794be0700       Options.compaction_readahead_size: 0
2019/04/20-21:01:57.253831 7f5794be0700 Compression algorithms supported:
2019/04/20-21:01:57.253832 7f5794be0700 	kZSTDNotFinalCompression supported: 1
2019/04/20-21:01:57.253841 7f5794be0700 	kZSTD supported: 1
2019/04/20-21:01:57.253842 7f5794be0700 	kXpressCompression supported: 0
2019/04/20-21:01:57.253843 7f5794be0700 	kLZ4HCCompression supported: 1
2019/04/20-21:01:57.253845 7f5794be0700 	kLZ4Compression supported: 1
2019/04/20-21:01:57.253846 7f5794be0700 	kBZip2Compression supported: 1
2019/04/20-21:01:57.253847 7f5794be0700 	kZlibCompression supported: 1
2019/04/20-21:01:57.253848 7f5794be0700 	kSnappyCompression supported: 1
2019/04/20-21:01:57.253853 7f5794be0700 Fast CRC32 supported: Not supported on x86
2019/04/20-21:01:57.253923 7f5794be0700 [db/db_impl_open.cc:222] Creating manifest 1 
2019/04/20-21:01:57.323477 7f5794be0700 [db/version_set.cc:3085] Recovering from manifest file: MANIFEST-000001
2019/04/20-21:01:57.323554 7f5794be0700 [db/column_family.cc:475] --------------- Options for column family [default]:
2019/04/20-21:01:57.323559 7f5794be0700               Options.comparator: leveldb.BytewiseComparator
2019/04/20-21:01:57.323560 7f5794be0700           Options.merge_operator: None
2019/04/20-21:01:57.323561 7f5794be0700        Options.compaction_filter: None
2019/04/20-21:01:57.323562 7f5794be0700        Options.compaction_filter_factory: None
2019/04/20-21:01:57.323563 7f5794be0700         Options.memtable_factory: SkipListFactory
2019/04/20-21:01:57.323565 7f5794be0700            Options.table_factory: BlockBasedTable
2019/04/20-21:01:57.323600 7f5794be0700            table_factory options:   flush_block_policy_factory: FlushBlockBySizePolicyFactory (0x7f56dc3b1270)
  cache_index_and_filter_blocks: 0
  cache_index_and_filter_blocks_with_high_priority: 0
  pin_l0_filter_and_index_blocks_in_cache: 0
  index_type: 0
  hash_index_allow_collision: 1
  checksum: 1
  no_block_cache: 0
  block_cache: 0x7f56dc3a3540
  block_cache_name: LRUCache
  block_cache_options:
    capacity : 8388608
    num_shard_bits : 4
    strict_capacity_limit : 0
    high_pri_pool_ratio: 0.000
  block_cache_compressed: (nil)
  persistent_cache: (nil)
  block_size: 8192
  block_size_deviation: 10
  block_restart_interval: 16
  index_block_restart_interval: 1
  metadata_block_size: 4096
  partition_filters: 0
  use_delta_encoding: 1
  filter_policy: nullptr
  whole_key_filtering: 1
  verify_compression: 0
  read_amp_bytes_per_bit: 0
  format_version: 2
  enable_index_compression: 1
  block_align: 0
2019/04/20-21:01:57.323614 7f5794be0700        Options.write_buffer_size: 134217728
2019/04/20-21:01:57.323616 7f5794be0700  Options.max_write_buffer_number: 24
2019/04/20-21:01:57.323618 7f5794be0700        Options.compression[0]: NoCompression
2019/04/20-21:01:57.323620 7f5794be0700        Options.compression[1]: NoCompression
2019/04/20-21:01:57.323621 7f5794be0700        Options.compression[2]: LZ4
2019/04/20-21:01:57.323622 7f5794be0700        Options.compression[3]: LZ4
2019/04/20-21:01:57.323623 7f5794be0700        Options.compression[4]: LZ4
2019/04/20-21:01:57.323624 7f5794be0700        Options.compression[5]: LZ4
2019/04/20-21:01:57.323625 7f5794be0700        Options.compression[6]: LZ4
2019/04/20-21:01:57.323626 7f5794be0700                  Options.bottommost_compression: Disabled
2019/04/20-21:01:57.323627 7f5794be0700       Options.prefix_extractor: nullptr
2019/04/20-21:01:57.323629 7f5794be0700   Options.memtable_insert_with_hint_prefix_extractor: nullptr
2019/04/20-21:01:57.323630 7f5794be0700             Options.num_levels: 7
2019/04/20-21:01:57.323631 7f5794be0700        Options.min_write_buffer_number_to_merge: 2
2019/04/20-21:01:57.323632 7f5794be0700     Options.max_write_buffer_number_to_maintain: 0
2019/04/20-21:01:57.323633 7f5794be0700            Options.compression_opts.window_bits: -14
2019/04/20-21:01:57.323634 7f5794be0700                  Options.compression_opts.level: -1
2019/04/20-21:01:57.323635 7f5794be0700               Options.compression_opts.strategy: 0
2019/04/20-21:01:57.323636 7f5794be0700         Options.compression_opts.max_dict_bytes: 0
2019/04/20-21:01:57.323637 7f5794be0700         Options.compression_opts.zstd_max_train_bytes: 0
2019/04/20-21:01:57.323638 7f5794be0700      Options.level0_file_num_compaction_trigger: 2
2019/04/20-21:01:57.323639 7f5794be0700          Options.level0_slowdown_writes_trigger: 20
2019/04/20-21:01:57.323640 7f5794be0700              Options.level0_stop_writes_trigger: 36
2019/04/20-21:01:57.323640 7f5794be0700                   Options.target_file_size_base: 67108864
2019/04/20-21:01:57.323641 7f5794be0700             Options.target_file_size_multiplier: 1
2019/04/20-21:01:57.323642 7f5794be0700                Options.max_bytes_for_level_base: 536870912
2019/04/20-21:01:57.323643 7f5794be0700 Options.level_compaction_dynamic_level_bytes: 0
2019/04/20-21:01:57.323644 7f5794be0700          Options.max_bytes_for_level_multiplier: 10.000000
2019/04/20-21:01:57.323647 7f5794be0700 Options.max_bytes_for_level_multiplier_addtl[0]: 1
2019/04/20-21:01:57.323648 7f5794be0700 Options.max_bytes_for_level_multiplier_addtl[1]: 1
2019/04/20-21:01:57.323649 7f5794be0700 Options.max_bytes_for_level_multiplier_addtl[2]: 1
2019/04/20-21:01:57.323650 7f5794be0700 Options.max_bytes_for_level_multiplier_addtl[3]: 1
2019/04/20-21:01:57.323651 7f5794be0700 Options.max_bytes_for_level_multiplier_addtl[4]: 1
2019/04/20-21:01:57.323652 7f5794be0700 Options.max_bytes_for_level_multiplier_addtl[5]: 1
2019/04/20-21:01:57.323653 7f5794be0700 Options.max_bytes_for_level_multiplier_addtl[6]: 1
2019/04/20-21:01:57.323654 7f5794be0700       Options.max_sequential_skip_in_iterations: 8
2019/04/20-21:01:57.323655 7f5794be0700                    Options.max_compaction_bytes: 1677721600
2019/04/20-21:01:57.323656 7f5794be0700                        Options.arena_block_size: 16777216
2019/04/20-21:01:57.323657 7f5794be0700   Options.soft_pending_compaction_bytes_limit: 68719476736
2019/04/20-21:01:57.323658 7f5794be0700   Options.hard_pending_compaction_bytes_limit: 274877906944
2019/04/20-21:01:57.323666 7f5794be0700       Options.rate_limit_delay_max_milliseconds: 100
2019/04/20-21:01:57.323667 7f5794be0700                Options.disable_auto_compactions: 0
2019/04/20-21:01:57.323670 7f5794be0700                        Options.compaction_style: kCompactionStyleLevel
2019/04/20-21:01:57.323671 7f5794be0700                          Options.compaction_pri: kByCompensatedSize
2019/04/20-21:01:57.323672 7f5794be0700 Options.compaction_options_universal.size_ratio: 1
2019/04/20-21:01:57.323674 7f5794be0700 Options.compaction_options_universal.min_merge_width: 2
2019/04/20-21:01:57.323675 7f5794be0700 Options.compaction_options_universal.max_merge_width: 4294967295
2019/04/20-21:01:57.323676 7f5794be0700 Options.compaction_options_universal.max_size_amplification_percent: 200
2019/04/20-21:01:57.323677 7f5794be0700 Options.compaction_options_universal.compression_size_percent: -1
2019/04/20-21:01:57.323678 7f5794be0700 Options.compaction_options_universal.stop_style: kCompactionStopStyleTotalSize
2019/04/20-21:01:57.323679 7f5794be0700 Options.compaction_options_fifo.max_table_files_size: 1073741824
2019/04/20-21:01:57.323680 7f5794be0700 Options.compaction_options_fifo.allow_compaction: 0
2019/04/20-21:01:57.323681 7f5794be0700 Options.compaction_options_fifo.ttl: 0
2019/04/20-21:01:57.323682 7f5794be0700                   Options.table_properties_collectors: 
2019/04/20-21:01:57.323683 7f5794be0700                   Options.inplace_update_support: 0
2019/04/20-21:01:57.323684 7f5794be0700                 Options.inplace_update_num_locks: 10000
2019/04/20-21:01:57.323685 7f5794be0700               Options.memtable_prefix_bloom_size_ratio: 0.000000
2019/04/20-21:01:57.323687 7f5794be0700   Options.memtable_huge_page_size: 0
2019/04/20-21:01:57.323688 7f5794be0700                           Options.bloom_locality: 0
2019/04/20-21:01:57.323688 7f5794be0700                    Options.max_successive_merges: 0
2019/04/20-21:01:57.323689 7f5794be0700                Options.optimize_filters_for_hits: 0
2019/04/20-21:01:57.323690 7f5794be0700                Options.paranoid_file_checks: 0
2019/04/20-21:01:57.323691 7f5794be0700                Options.force_consistency_checks: 0
2019/04/20-21:01:57.323692 7f5794be0700                Options.report_bg_io_stats: 0
2019/04/20-21:01:57.323693 7f5794be0700                               Options.ttl: 0
2019/04/20-21:01:57.324440 7f5794be0700 [db/version_set.cc:3361] Recovered from manifest file:/mnt/sdd/ycsb-rocksdb-data/MANIFEST-000001 succeeded,manifest_file_number is 1, next_file_number is 3, last_sequence is 0, log_number is 0,prev_log_number is 0,max_column_family is 0,min_log_number_to_keep is 0
2019/04/20-21:01:57.324446 7f5794be0700 [db/version_set.cc:3369] Column family [default] (ID 0), log number is 0
2019/04/20-21:01:57.324600 7f5794be0700 [db/version_set.cc:2847] Creating manifest 4
2019/04/20-21:01:57.369936 7f5794be0700 [db/column_family.cc:475] --------------- Options for column family [usertable]:
2019/04/20-21:01:57.369940 7f5794be0700               Options.comparator: leveldb.BytewiseComparator
2019/04/20-21:01:57.369942 7f5794be0700           Options.merge_operator: None
2019/04/20-21:01:57.369943 7f5794be0700        Options.compaction_filter: None
2019/04/20-21:01:57.369944 7f5794be0700        Options.compaction_filter_factory: None
2019/04/20-21:01:57.369945 7f5794be0700         Options.memtable_factory: SkipListFactory
2019/04/20-21:01:57.369946 7f5794be0700            Options.table_factory: BlockBasedTable
2019/04/20-21:01:57.369969 7f5794be0700            table_factory options:   flush_block_policy_factory: FlushBlockBySizePolicyFactory (0x7f56dc3b29d0)
  cache_index_and_filter_blocks: 0
  cache_index_and_filter_blocks_with_high_priority: 0
  pin_l0_filter_and_index_blocks_in_cache: 0
  index_type: 0
  hash_index_allow_collision: 1
  checksum: 1
  no_block_cache: 0
  block_cache: 0x7f56dc3b2ec0
  block_cache_name: LRUCache
  block_cache_options:
    capacity : 8388608
    num_shard_bits : 4
    strict_capacity_limit : 0
    high_pri_pool_ratio: 0.000
  block_cache_compressed: (nil)
  persistent_cache: (nil)
  block_size: 8192
  block_size_deviation: 10
  block_restart_interval: 16
  index_block_restart_interval: 1
  metadata_block_size: 4096
  partition_filters: 0
  use_delta_encoding: 1
  filter_policy: nullptr
  whole_key_filtering: 1
  verify_compression: 0
  read_amp_bytes_per_bit: 0
  format_version: 2
  enable_index_compression: 1
  block_align: 0
2019/04/20-21:01:57.369972 7f5794be0700        Options.write_buffer_size: 134217728
2019/04/20-21:01:57.369973 7f5794be0700  Options.max_write_buffer_number: 24
2019/04/20-21:01:57.369974 7f5794be0700        Options.compression[0]: NoCompression
2019/04/20-21:01:57.369975 7f5794be0700        Options.compression[1]: NoCompression
2019/04/20-21:01:57.369977 7f5794be0700        Options.compression[2]: LZ4
2019/04/20-21:01:57.369978 7f5794be0700        Options.compression[3]: LZ4
2019/04/20-21:01:57.369979 7f5794be0700        Options.compression[4]: LZ4
2019/04/20-21:01:57.369980 7f5794be0700        Options.compression[5]: LZ4
2019/04/20-21:01:57.369981 7f5794be0700        Options.compression[6]: LZ4
2019/04/20-21:01:57.369982 7f5794be0700                  Options.bottommost_compression: Disabled
2019/04/20-21:01:57.369983 7f5794be0700       Options.prefix_extractor: nullptr
2019/04/20-21:01:57.369984 7f5794be0700   Options.memtable_insert_with_hint_prefix_extractor: nullptr
2019/04/20-21:01:57.369985 7f5794be0700             Options.num_levels: 7
2019/04/20-21:01:57.369986 7f5794be0700        Options.min_write_buffer_number_to_merge: 2
2019/04/20-21:01:57.369987 7f5794be0700     Options.max_write_buffer_number_to_maintain: 0
2019/04/20-21:01:57.369988 7f5794be0700            Options.compression_opts.window_bits: -14
2019/04/20-21:01:57.369989 7f5794be0700                  Options.compression_opts.level: -1
2019/04/20-21:01:57.369990 7f5794be0700               Options.compression_opts.strategy: 0
2019/04/20-21:01:57.369991 7f5794be0700         Options.compression_opts.max_dict_bytes: 0
2019/04/20-21:01:57.369992 7f5794be0700         Options.compression_opts.zstd_max_train_bytes: 0
2019/04/20-21:01:57.369993 7f5794be0700      Options.level0_file_num_compaction_trigger: 2
2019/04/20-21:01:57.369994 7f5794be0700          Options.level0_slowdown_writes_trigger: 20
2019/04/20-21:01:57.369995 7f5794be0700              Options.level0_stop_writes_trigger: 36
2019/04/20-21:01:57.369996 7f5794be0700                   Options.target_file_size_base: 67108864
2019/04/20-21:01:57.369997 7f5794be0700             Options.target_file_size_multiplier: 1
2019/04/20-21:01:57.369998 7f5794be0700                Options.max_bytes_for_level_base: 536870912
2019/04/20-21:01:57.369999 7f5794be0700 Options.level_compaction_dynamic_level_bytes: 0
2019/04/20-21:01:57.370000 7f5794be0700          Options.max_bytes_for_level_multiplier: 10.000000
2019/04/20-21:01:57.370002 7f5794be0700 Options.max_bytes_for_level_multiplier_addtl[0]: 1
2019/04/20-21:01:57.370016 7f5794be0700 Options.max_bytes_for_level_multiplier_addtl[1]: 1
2019/04/20-21:01:57.370018 7f5794be0700 Options.max_bytes_for_level_multiplier_addtl[2]: 1
2019/04/20-21:01:57.370019 7f5794be0700 Options.max_bytes_for_level_multiplier_addtl[3]: 1
2019/04/20-21:01:57.370020 7f5794be0700 Options.max_bytes_for_level_multiplier_addtl[4]: 1
2019/04/20-21:01:57.370021 7f5794be0700 Options.max_bytes_for_level_multiplier_addtl[5]: 1
2019/04/20-21:01:57.370022 7f5794be0700 Options.max_bytes_for_level_multiplier_addtl[6]: 1
2019/04/20-21:01:57.370023 7f5794be0700       Options.max_sequential_skip_in_iterations: 8
2019/04/20-21:01:57.370024 7f5794be0700                    Options.max_compaction_bytes: 1677721600
2019/04/20-21:01:57.370025 7f5794be0700                        Options.arena_block_size: 16777216
2019/04/20-21:01:57.370026 7f5794be0700   Options.soft_pending_compaction_bytes_limit: 68719476736
2019/04/20-21:01:57.370027 7f5794be0700   Options.hard_pending_compaction_bytes_limit: 274877906944
2019/04/20-21:01:57.370028 7f5794be0700       Options.rate_limit_delay_max_milliseconds: 100
2019/04/20-21:01:57.370029 7f5794be0700                Options.disable_auto_compactions: 0
2019/04/20-21:01:57.370030 7f5794be0700                        Options.compaction_style: kCompactionStyleLevel
2019/04/20-21:01:57.370031 7f5794be0700                          Options.compaction_pri: kByCompensatedSize
2019/04/20-21:01:57.370032 7f5794be0700 Options.compaction_options_universal.size_ratio: 1
2019/04/20-21:01:57.370033 7f5794be0700 Options.compaction_options_universal.min_merge_width: 2
2019/04/20-21:01:57.370034 7f5794be0700 Options.compaction_options_universal.max_merge_width: 4294967295
2019/04/20-21:01:57.370035 7f5794be0700 Options.compaction_options_universal.max_size_amplification_percent: 200
2019/04/20-21:01:57.370036 7f5794be0700 Options.compaction_options_universal.compression_size_percent: -1
2019/04/20-21:01:57.370037 7f5794be0700 Options.compaction_options_universal.stop_style: kCompactionStopStyleTotalSize
2019/04/20-21:01:57.370038 7f5794be0700 Options.compaction_options_fifo.max_table_files_size: 1073741824
2019/04/20-21:01:57.370039 7f5794be0700 Options.compaction_options_fifo.allow_compaction: 0
2019/04/20-21:01:57.370040 7f5794be0700 Options.compaction_options_fifo.ttl: 0
2019/04/20-21:01:57.370041 7f5794be0700                   Options.table_properties_collectors: 
2019/04/20-21:01:57.370042 7f5794be0700                   Options.inplace_update_support: 0
2019/04/20-21:01:57.370043 7f5794be0700                 Options.inplace_update_num_locks: 10000
2019/04/20-21:01:57.370044 7f5794be0700               Options.memtable_prefix_bloom_size_ratio: 0.000000
2019/04/20-21:01:57.370046 7f5794be0700   Options.memtable_huge_page_size: 0
2019/04/20-21:01:57.370047 7f5794be0700                           Options.bloom_locality: 0
2019/04/20-21:01:57.370048 7f5794be0700                    Options.max_successive_merges: 0
2019/04/20-21:01:57.370048 7f5794be0700                Options.optimize_filters_for_hits: 0
2019/04/20-21:01:57.370049 7f5794be0700                Options.paranoid_file_checks: 0
2019/04/20-21:01:57.370050 7f5794be0700                Options.force_consistency_checks: 0
2019/04/20-21:01:57.370051 7f5794be0700                Options.report_bg_io_stats: 0
2019/04/20-21:01:57.370052 7f5794be0700                               Options.ttl: 0
2019/04/20-21:01:57.370098 7f5794be0700 [db/db_impl.cc:1396] Created column family [usertable] (ID 1)
2019/04/20-21:01:57.418803 7f5794be0700 [db/db_impl_open.cc:1219] DB pointer 0x7f56dc3b44a0
2019/04/20-21:02:06.276744 7f5794228700 [db/db_impl_write.cc:1373] [usertable] New memtable created with log file: #9. Immutable memtables: 0.
2019/04/20-21:02:14.959288 7f578c4fd700 [db/db_impl_write.cc:1373] [usertable] New memtable created with log file: #10. Immutable memtables: 1.
2019/04/20-21:02:14.959450 7f576e7fc700 [db/db_impl_compaction_flush.cc:80] [JOB 2] Syncing log #3
2019/04/20-21:02:15.198578 7f576e7fc700 [db/db_impl_compaction_flush.cc:80] [JOB 2] Syncing log #9
2019/04/20-21:02:15.988122 7f576e7fc700 (Original Log Time 2019/04/20-21:02:14.959397) [db/db_impl_compaction_flush.cc:1424] Calling FlushMemTableToOutputFile with column family [usertable], flush slots available 24, compaction slots available 1, flush slots scheduled 1, compaction slots scheduled 0
2019/04/20-21:02:15.988136 7f576e7fc700 [db/flush_job.cc:301] [usertable] [JOB 2] Flushing memtable with next log file: 9
2019/04/20-21:02:15.988150 7f576e7fc700 [db/flush_job.cc:301] [usertable] [JOB 2] Flushing memtable with next log file: 10
2019/04/20-21:02:15.988214 7f576e7fc700 EVENT_LOG_v1 {"time_micros": 1555819335988182, "job": 2, "event": "flush_started", "num_memtables": 2, "num_entries": 61371, "num_deletes": 0, "memory_usage": 254408960, "flush_reason": "Write Buffer Full"}
2019/04/20-21:02:15.988225 7f576e7fc700 [db/flush_job.cc:331] [usertable] [JOB 2] Level-0 flush table #11: started
2019/04/20-21:02:17.976934 7f576e7fc700 EVENT_LOG_v1 {"time_micros": 1555819337976904, "cf_name": "usertable", "job": 2, "event": "table_file_creation", "file_number": 11, "file_size": 254161875, "table_properties": {"data_size": 253032647, "index_size": 1128301, "filter_size": 0, "raw_key_size": 1472904, "raw_average_key_size": 24, "raw_value_size": 251375616, "raw_average_value_size": 4096, "num_data_blocks": 30686, "num_entries": 61371, "filter_policy_name": "", "kDeletedKeys": "0", "kMergeOperands": "0"}}
2019/04/20-21:02:17.976969 7f576e7fc700 [db/flush_job.cc:371] [usertable] [JOB 2] Level-0 flush table #11: 254161875 bytes OK
2019/04/20-21:02:17.992062 7f576e7fc700 (Original Log Time 2019/04/20-21:02:17.976989) [db/memtable_list.cc:377] [usertable] Level-0 commit table #11 started
2019/04/20-21:02:17.992065 7f576e7fc700 (Original Log Time 2019/04/20-21:02:17.991976) [db/memtable_list.cc:409] [usertable] Level-0 commit table #11: memtable #1 done
2019/04/20-21:02:17.992066 7f576e7fc700 (Original Log Time 2019/04/20-21:02:17.991983) [db/memtable_list.cc:409] [usertable] Level-0 commit table #11: memtable #2 done
2019/04/20-21:02:17.992068 7f576e7fc700 (Original Log Time 2019/04/20-21:02:17.992005) EVENT_LOG_v1 {"time_micros": 1555819337991992, "job": 2, "event": "flush_finished", "output_compression": "NoCompression", "lsm_state": [1, 0, 0, 0, 0, 0, 0], "immutable_memtables": 0}
2019/04/20-21:02:17.992070 7f576e7fc700 (Original Log Time 2019/04/20-21:02:17.992033) [db/db_impl_compaction_flush.cc:177] [usertable] Level summary: base level 1 max bytes base 536870912 files[1 0 0 0 0 0 0] max score 0.50
2019/04/20-21:02:17.992081 7f576e7fc700 [db/db_impl_files.cc:347] [JOB 2] Try to delete WAL files size 253399575, prev total WAL file size 297216199, number of live WAL files 3.
2019/04/20-21:02:23.205576 7f57746f7700 [db/db_impl_write.cc:1373] [usertable] New memtable created with log file: #12. Immutable memtables: 0.
2019/04/20-21:02:32.000242 7f57842f3700 [db/db_impl_write.cc:1373] [usertable] New memtable created with log file: #13. Immutable memtables: 1.
2019/04/20-21:02:32.000375 7f576dffb700 [db/db_impl_compaction_flush.cc:80] [JOB 3] Syncing log #10
2019/04/20-21:02:32.473225 7f576dffb700 [db/db_impl_compaction_flush.cc:80] [JOB 3] Syncing log #12
2019/04/20-21:02:32.978694 7f576dffb700 (Original Log Time 2019/04/20-21:02:32.000357) [db/db_impl_compaction_flush.cc:1424] Calling FlushMemTableToOutputFile with column family [usertable], flush slots available 24, compaction slots available 1, flush slots scheduled 1, compaction slots scheduled 0
2019/04/20-21:02:32.978707 7f576dffb700 [db/flush_job.cc:301] [usertable] [JOB 3] Flushing memtable with next log file: 12
2019/04/20-21:02:32.978716 7f576dffb700 [db/flush_job.cc:301] [usertable] [JOB 3] Flushing memtable with next log file: 13
2019/04/20-21:02:32.978756 7f576dffb700 EVENT_LOG_v1 {"time_micros": 1555819352978742, "job": 3, "event": "flush_started", "num_memtables": 2, "num_entries": 59638, "num_deletes": 0, "memory_usage": 247175304, "flush_reason": "Write Buffer Full"}
2019/04/20-21:02:32.978763 7f576dffb700 [db/flush_job.cc:331] [usertable] [JOB 3] Level-0 flush table #14: started
2019/04/20-21:02:33.836371 7f576dffb700 EVENT_LOG_v1 {"time_micros": 1555819353836343, "cf_name": "usertable", "job": 3, "event": "table_file_creation", "file_number": 14, "file_size": 246998067, "table_properties": {"data_size": 245894101, "index_size": 1103039, "filter_size": 0, "raw_key_size": 1431312, "raw_average_key_size": 24, "raw_value_size": 244277248, "raw_average_value_size": 4096, "num_data_blocks": 29819, "num_entries": 59638, "filter_policy_name": "", "kDeletedKeys": "0", "kMergeOperands": "0"}}
2019/04/20-21:02:33.836393 7f576dffb700 [db/flush_job.cc:371] [usertable] [JOB 3] Level-0 flush table #14: 246998067 bytes OK
2019/04/20-21:02:33.851310 7f576dffb700 (Original Log Time 2019/04/20-21:02:33.836421) [db/memtable_list.cc:377] [usertable] Level-0 commit table #14 started
2019/04/20-21:02:33.851313 7f576dffb700 (Original Log Time 2019/04/20-21:02:33.851234) [db/memtable_list.cc:409] [usertable] Level-0 commit table #14: memtable #1 done
2019/04/20-21:02:33.851315 7f576dffb700 (Original Log Time 2019/04/20-21:02:33.851237) [db/memtable_list.cc:409] [usertable] Level-0 commit table #14: memtable #2 done
2019/04/20-21:02:33.851318 7f576dffb700 (Original Log Time 2019/04/20-21:02:33.851254) EVENT_LOG_v1 {"time_micros": 1555819353851244, "job": 3, "event": "flush_finished", "output_compression": "NoCompression", "lsm_state": [2, 0, 0, 0, 0, 0, 0], "immutable_memtables": 0}
2019/04/20-21:02:33.851321 7f576dffb700 (Original Log Time 2019/04/20-21:02:33.851288) [db/db_impl_compaction_flush.cc:177] [usertable] Level summary: base level 1 max bytes base 536870912 files[2 0 0 0 0 0 0] max score 1.00
2019/04/20-21:02:33.851331 7f576dffb700 [db/db_impl_files.cc:347] [JOB 3] Try to delete WAL files size 246243838, prev total WAL file size 273007932, number of live WAL files 3.
2019/04/20-21:02:33.851633 7f5787fff700 [WARN] [db/db_impl.cc:491] ------- DUMPING STATS -------
2019/04/20-21:02:33.852897 7f5787fff700 [WARN] [db/db_impl.cc:492] 
** DB Stats **
Uptime(secs): 36.5 total, 36.5 interval
Cumulative writes: 127K writes, 127K keys, 127K commit groups, 1.0 writes per commit group, ingest: 0.49 GB, 13.74 MB/s
Cumulative WAL: 127K writes, 0 syncs, 127491.00 writes per sync, written: 0.49 GB, 13.74 MB/s
Cumulative stall: 00:00:0.000 H:M:S, 0.0 percent
Interval writes: 127K writes, 127K keys, 127K commit groups, 1.0 writes per commit group, ingest: 502.02 MB, 13.74 MB/s
Interval WAL: 127K writes, 0 syncs, 127491.00 writes per sync, written: 0.49 MB, 13.74 MB/s
Interval stall: 00:00:0.000 H:M:S, 0.0 percent

** Compaction Stats [default] **
Level    Files   Size     Score Read(GB)  Rn(GB) Rnp1(GB) Write(GB) Wnew(GB) Moved(GB) W-Amp Rd(MB/s) Wr(MB/s) Comp(sec) Comp(cnt) Avg(sec) KeyIn KeyDrop
----------------------------------------------------------------------------------------------------------------------------------------------------------
 Sum      0/0    0.00 KB   0.0      0.0     0.0      0.0       0.0      0.0       0.0   0.0      0.0      0.0         0         0    0.000       0      0
 Int      0/0    0.00 KB   0.0      0.0     0.0      0.0       0.0      0.0       0.0   0.0      0.0      0.0         0         0    0.000       0      0
Uptime(secs): 36.5 total, 36.5 interval
Flush(GB): cumulative 0.000, interval 0.000
AddFile(GB): cumulative 0.000, interval 0.000
AddFile(Total Files): cumulative 0, interval 0
AddFile(L0 Files): cumulative 0, interval 0
AddFile(Keys): cumulative 0, interval 0
Cumulative compaction: 0.00 GB write, 0.00 MB/s write, 0.00 GB read, 0.00 MB/s read, 0.0 seconds
Interval compaction: 0.00 GB write, 0.00 MB/s write, 0.00 GB read, 0.00 MB/s read, 0.0 seconds
Stalls(count): 0 level0_slowdown, 0 level0_slowdown_with_compaction, 0 level0_numfiles, 0 level0_numfiles_with_compaction, 0 stop for pending_compaction_bytes, 0 slowdown for pending_compaction_bytes, 0 memtable_compaction, 0 memtable_slowdown, interval 0 total count

** File Read Latency Histogram By Level [default] **

** Compaction Stats [usertable] **
Level    Files   Size     Score Read(GB)  Rn(GB) Rnp1(GB) Write(GB) Wnew(GB) Moved(GB) W-Amp Rd(MB/s) Wr(MB/s) Comp(sec) Comp(cnt) Avg(sec) KeyIn KeyDrop
----------------------------------------------------------------------------------------------------------------------------------------------------------
  L0      2/0   477.94 MB   1.0      0.0     0.0      0.0       0.5      0.5       0.0   1.0      0.0    167.9         3         2    1.423       0      0
 Sum      2/0   477.94 MB   0.0      0.0     0.0      0.0       0.5      0.5       0.0   1.0      0.0    167.9         3         2    1.423       0      0
 Int      0/0    0.00 KB   0.0      0.0     0.0      0.0       0.5      0.5       0.0   1.0      0.0    167.9         3         2    1.423       0      0
Uptime(secs): 36.5 total, 36.5 interval
Flush(GB): cumulative 0.467, interval 0.467
AddFile(GB): cumulative 0.000, interval 0.000
AddFile(Total Files): cumulative 0, interval 0
AddFile(L0 Files): cumulative 0, interval 0
AddFile(Keys): cumulative 0, interval 0
Cumulative compaction: 0.47 GB write, 13.10 MB/s write, 0.00 GB read, 0.00 MB/s read, 2.8 seconds
Interval compaction: 0.47 GB write, 13.10 MB/s write, 0.00 GB read, 0.00 MB/s read, 2.8 seconds
Stalls(count): 0 level0_slowdown, 0 level0_slowdown_with_compaction, 0 level0_numfiles, 0 level0_numfiles_with_compaction, 0 stop for pending_compaction_bytes, 0 slowdown for pending_compaction_bytes, 0 memtable_compaction, 0 memtable_slowdown, interval 0 total count

** File Read Latency Histogram By Level [usertable] **

** Compaction Stats [default] **
Level    Files   Size     Score Read(GB)  Rn(GB) Rnp1(GB) Write(GB) Wnew(GB) Moved(GB) W-Amp Rd(MB/s) Wr(MB/s) Comp(sec) Comp(cnt) Avg(sec) KeyIn KeyDrop
----------------------------------------------------------------------------------------------------------------------------------------------------------
 Sum      0/0    0.00 KB   0.0      0.0     0.0      0.0       0.0      0.0       0.0   0.0      0.0      0.0         0         0    0.000       0      0
 Int      0/0    0.00 KB   0.0      0.0     0.0      0.0       0.0      0.0       0.0   0.0      0.0      0.0         0         0    0.000       0      0
Uptime(secs): 36.5 total, 0.0 interval
Flush(GB): cumulative 0.000, interval 0.000
AddFile(GB): cumulative 0.000, interval 0.000
AddFile(Total Files): cumulative 0, interval 0
AddFile(L0 Files): cumulative 0, interval 0
AddFile(Keys): cumulative 0, interval 0
Cumulative compaction: 0.00 GB write, 0.00 MB/s write, 0.00 GB read, 0.00 MB/s read, 0.0 seconds
Interval compaction: 0.00 GB write, 0.00 MB/s write, 0.00 GB read, 0.00 MB/s read, 0.0 seconds
Stalls(count): 0 level0_slowdown, 0 level0_slowdown_with_compaction, 0 level0_numfiles, 0 level0_numfiles_with_compaction, 0 stop for pending_compaction_bytes, 0 slowdown for pending_compaction_bytes, 0 memtable_compaction, 0 memtable_slowdown, interval 0 total count

** File Read Latency Histogram By Level [default] **

** Compaction Stats [usertable] **
Level    Files   Size     Score Read(GB)  Rn(GB) Rnp1(GB) Write(GB) Wnew(GB) Moved(GB) W-Amp Rd(MB/s) Wr(MB/s) Comp(sec) Comp(cnt) Avg(sec) KeyIn KeyDrop
----------------------------------------------------------------------------------------------------------------------------------------------------------
  L0      2/0   477.94 MB   1.0      0.0     0.0      0.0       0.5      0.5       0.0   1.0      0.0    167.9         3         2    1.423       0      0
 Sum      2/0   477.94 MB   0.0      0.0     0.0      0.0       0.5      0.5       0.0   1.0      0.0    167.9         3         2    1.423       0      0
 Int      0/0    0.00 KB   0.0      0.0     0.0      0.0       0.0      0.0       0.0   0.0      0.0      0.0         0         0    0.000       0      0
Uptime(secs): 36.5 total, 0.0 interval
Flush(GB): cumulative 0.467, interval 0.000
AddFile(GB): cumulative 0.000, interval 0.000
AddFile(Total Files): cumulative 0, interval 0
AddFile(L0 Files): cumulative 0, interval 0
AddFile(Keys): cumulative 0, interval 0
Cumulative compaction: 0.47 GB write, 13.10 MB/s write, 0.00 GB read, 0.00 MB/s read, 2.8 seconds
Interval compaction: 0.00 GB write, 0.00 MB/s write, 0.00 GB read, 0.00 MB/s read, 0.0 seconds
Stalls(count): 0 level0_slowdown, 0 level0_slowdown_with_compaction, 0 level0_numfiles, 0 level0_numfiles_with_compaction, 0 stop for pending_compaction_bytes, 0 slowdown for pending_compaction_bytes, 0 memtable_compaction, 0 memtable_slowdown, interval 0 total count

** File Read Latency Histogram By Level [usertable] **
2019/04/20-21:02:33.853019 7f5787fff700 [db/compaction_job.cc:1531] [usertable] [JOB 4] Compacting 2@0 files to L1, score 1.00
2019/04/20-21:02:33.853026 7f5787fff700 [db/compaction_job.cc:1535] [usertable] Compaction start summary: Base version 4 Base level 0, inputs: [14(235MB) 11(242MB)]
2019/04/20-21:02:33.853068 7f5787fff700 EVENT_LOG_v1 {"time_micros": 1555819353853047, "job": 4, "event": "compaction_started", "compaction_reason": "LevelL0FilesNum", "files_L0": [14, 11], "score": 1, "input_data_size": 501159942}
2019/04/20-21:02:34.166773 7f5787fff700 [db/compaction_job.cc:1211] [usertable] [JOB 4] Generated table #15: 16279 keys, 67418362 bytes
2019/04/20-21:02:34.166822 7f5787fff700 EVENT_LOG_v1 {"time_micros": 1555819354166801, "cf_name": "usertable", "job": 4, "event": "table_file_creation", "file_number": 15, "file_size": 67418362, "table_properties": {"data_size": 67118331, "index_size": 299110, "filter_size": 0, "raw_key_size": 390696, "raw_average_key_size": 24, "raw_value_size": 66678784, "raw_average_value_size": 4096, "num_data_blocks": 8140, "num_entries": 16279, "filter_policy_name": "", "kDeletedKeys": "0", "kMergeOperands": "0"}}
2019/04/20-21:02:34.460089 7f5787fff700 [db/compaction_job.cc:1211] [usertable] [JOB 4] Generated table #16: 16279 keys, 67421977 bytes
2019/04/20-21:02:34.460122 7f5787fff700 EVENT_LOG_v1 {"time_micros": 1555819354460105, "cf_name": "usertable", "job": 4, "event": "table_file_creation", "file_number": 16, "file_size": 67421977, "table_properties": {"data_size": 67120140, "index_size": 300916, "filter_size": 0, "raw_key_size": 390696, "raw_average_key_size": 24, "raw_value_size": 66678784, "raw_average_value_size": 4096, "num_data_blocks": 8140, "num_entries": 16279, "filter_policy_name": "", "kDeletedKeys": "0", "kMergeOperands": "0"}}
2019/04/20-21:02:34.749193 7f5787fff700 [db/compaction_job.cc:1211] [usertable] [JOB 4] Generated table #17: 16279 keys, 67418360 bytes
2019/04/20-21:02:34.749232 7f5787fff700 EVENT_LOG_v1 {"time_micros": 1555819354749215, "cf_name": "usertable", "job": 4, "event": "table_file_creation", "file_number": 17, "file_size": 67418360, "table_properties": {"data_size": 67118331, "index_size": 299108, "filter_size": 0, "raw_key_size": 390696, "raw_average_key_size": 24, "raw_value_size": 66678784, "raw_average_value_size": 4096, "num_data_blocks": 8140, "num_entries": 16279, "filter_policy_name": "", "kDeletedKeys": "0", "kMergeOperands": "0"}}
2019/04/20-21:02:35.033076 7f5787fff700 [db/compaction_job.cc:1211] [usertable] [JOB 4] Generated table #18: 16279 keys, 67421978 bytes
2019/04/20-21:02:35.033113 7f5787fff700 EVENT_LOG_v1 {"time_micros": 1555819355033097, "cf_name": "usertable", "job": 4, "event": "table_file_creation", "file_number": 18, "file_size": 67421978, "table_properties": {"data_size": 67120141, "index_size": 300916, "filter_size": 0, "raw_key_size": 390696, "raw_average_key_size": 24, "raw_value_size": 66678784, "raw_average_value_size": 4096, "num_data_blocks": 8140, "num_entries": 16279, "filter_policy_name": "", "kDeletedKeys": "0", "kMergeOperands": "0"}}
2019/04/20-21:02:35.330671 7f5787fff700 [db/compaction_job.cc:1211] [usertable] [JOB 4] Generated table #19: 16279 keys, 67418360 bytes
