2019/07/06-17:47:22.741350 7efd69ff4700 RocksDB version: 5.14.3
2019/07/06-17:47:22.741414 7efd69ff4700 Git sha rocksdb_build_git_sha:
2019/07/06-17:47:22.741418 7efd69ff4700 Compile date Oct  9 2018
2019/07/06-17:47:22.741431 7efd69ff4700 DB SUMMARY
2019/07/06-17:47:22.742231 7efd69ff4700 CURRENT file:  CURRENT
2019/07/06-17:47:22.742236 7efd69ff4700 IDENTITY file:  IDENTITY
2019/07/06-17:47:22.742254 7efd69ff4700 MANIFEST file:  MANIFEST-000004 size: 129021 Bytes
2019/07/06-17:47:22.742260 7efd69ff4700 SST files in /mnt/sdd/ycsb-rocksdb-data dir, Total Num: 743, files: 000021.sst 000022.sst 000023.sst 000024.sst 000028.sst 000029.sst 000030.sst 000031.sst 000035.sst 
2019/07/06-17:47:22.742266 7efd69ff4700 Write Ahead Log file in /mnt/sdd/ycsb-rocksdb-data: 001315.log size: 118925971 ; 001321.log size: 56360261 ; 
2019/07/06-17:47:22.742294 7efd69ff4700                         Options.error_if_exists: 0
2019/07/06-17:47:22.742295 7efd69ff4700                       Options.create_if_missing: 1
2019/07/06-17:47:22.742296 7efd69ff4700                         Options.paranoid_checks: 1
2019/07/06-17:47:22.742297 7efd69ff4700                                     Options.env: 0x7efd69cdd080
2019/07/06-17:47:22.742298 7efd69ff4700                                Options.info_log: 0x7efc703b1290
2019/07/06-17:47:22.742298 7efd69ff4700                Options.max_file_opening_threads: 16
2019/07/06-17:47:22.742299 7efd69ff4700                              Options.statistics: (nil)
2019/07/06-17:47:22.742300 7efd69ff4700                               Options.use_fsync: 0
2019/07/06-17:47:22.742301 7efd69ff4700                       Options.max_log_file_size: 0
2019/07/06-17:47:22.742302 7efd69ff4700                  Options.max_manifest_file_size: 18446744073709551615
2019/07/06-17:47:22.742303 7efd69ff4700                   Options.log_file_time_to_roll: 0
2019/07/06-17:47:22.742304 7efd69ff4700                       Options.keep_log_file_num: 1000
2019/07/06-17:47:22.742305 7efd69ff4700                    Options.recycle_log_file_num: 0
2019/07/06-17:47:22.742306 7efd69ff4700                         Options.allow_fallocate: 1
2019/07/06-17:47:22.742306 7efd69ff4700                        Options.allow_mmap_reads: 0
2019/07/06-17:47:22.742307 7efd69ff4700                       Options.allow_mmap_writes: 0
2019/07/06-17:47:22.742308 7efd69ff4700                        Options.use_direct_reads: 0
2019/07/06-17:47:22.742309 7efd69ff4700                        Options.use_direct_io_for_flush_and_compaction: 0
2019/07/06-17:47:22.742310 7efd69ff4700          Options.create_missing_column_families: 1
2019/07/06-17:47:22.742311 7efd69ff4700                              Options.db_log_dir: 
2019/07/06-17:47:22.742312 7efd69ff4700                                 Options.wal_dir: /mnt/sdd/ycsb-rocksdb-data
2019/07/06-17:47:22.742313 7efd69ff4700                Options.table_cache_numshardbits: 6
2019/07/06-17:47:22.742314 7efd69ff4700                      Options.max_subcompactions: 4
2019/07/06-17:47:22.742314 7efd69ff4700                  Options.max_background_flushes: 24
2019/07/06-17:47:22.742315 7efd69ff4700                         Options.WAL_ttl_seconds: 0
2019/07/06-17:47:22.742316 7efd69ff4700                       Options.WAL_size_limit_MB: 0
2019/07/06-17:47:22.742317 7efd69ff4700             Options.manifest_preallocation_size: 4194304
2019/07/06-17:47:22.742318 7efd69ff4700                     Options.is_fd_close_on_exec: 1
2019/07/06-17:47:22.742319 7efd69ff4700                   Options.advise_random_on_open: 1
2019/07/06-17:47:22.742320 7efd69ff4700                    Options.db_write_buffer_size: 0
2019/07/06-17:47:22.742321 7efd69ff4700                    Options.write_buffer_manager: 0x7efc703b1b50
2019/07/06-17:47:22.742321 7efd69ff4700         Options.access_hint_on_compaction_start: 1
2019/07/06-17:47:22.742322 7efd69ff4700  Options.new_table_reader_for_compaction_inputs: 0
2019/07/06-17:47:22.742323 7efd69ff4700           Options.random_access_max_buffer_size: 1048576
2019/07/06-17:47:22.742324 7efd69ff4700                      Options.use_adaptive_mutex: 0
2019/07/06-17:47:22.742325 7efd69ff4700                            Options.rate_limiter: (nil)
2019/07/06-17:47:22.742340 7efd69ff4700     Options.sst_file_manager.rate_bytes_per_sec: 0
2019/07/06-17:47:22.742342 7efd69ff4700                       Options.wal_recovery_mode: 2
2019/07/06-17:47:22.742343 7efd69ff4700                  Options.enable_thread_tracking: 0
2019/07/06-17:47:22.742344 7efd69ff4700                  Options.enable_pipelined_write: 1
2019/07/06-17:47:22.742345 7efd69ff4700         Options.allow_concurrent_memtable_write: 1
2019/07/06-17:47:22.742345 7efd69ff4700      Options.enable_write_thread_adaptive_yield: 1
2019/07/06-17:47:22.742346 7efd69ff4700             Options.write_thread_max_yield_usec: 100
2019/07/06-17:47:22.742347 7efd69ff4700            Options.write_thread_slow_yield_usec: 3
2019/07/06-17:47:22.742348 7efd69ff4700                               Options.row_cache: None
2019/07/06-17:47:22.742349 7efd69ff4700                              Options.wal_filter: None
2019/07/06-17:47:22.742350 7efd69ff4700             Options.avoid_flush_during_recovery: 0
2019/07/06-17:47:22.742351 7efd69ff4700             Options.allow_ingest_behind: 0
2019/07/06-17:47:22.742352 7efd69ff4700             Options.preserve_deletes: 0
2019/07/06-17:47:22.742353 7efd69ff4700             Options.two_write_queues: 0
2019/07/06-17:47:22.742353 7efd69ff4700             Options.manual_wal_flush: 0
2019/07/06-17:47:22.742355 7efd69ff4700             Options.max_background_jobs: 24
2019/07/06-17:47:22.742356 7efd69ff4700             Options.max_background_compactions: 24
2019/07/06-17:47:22.742357 7efd69ff4700             Options.avoid_flush_during_shutdown: 0
2019/07/06-17:47:22.742358 7efd69ff4700           Options.writable_file_max_buffer_size: 1048576
2019/07/06-17:47:22.742359 7efd69ff4700             Options.delayed_write_rate : 16777216
2019/07/06-17:47:22.742360 7efd69ff4700             Options.max_total_wal_size: 0
2019/07/06-17:47:22.742361 7efd69ff4700             Options.delete_obsolete_files_period_micros: 21600000000
2019/07/06-17:47:22.742362 7efd69ff4700                   Options.stats_dump_period_sec: 60
2019/07/06-17:47:22.742363 7efd69ff4700                          Options.max_open_files: -1
2019/07/06-17:47:22.742364 7efd69ff4700                          Options.bytes_per_sync: 1048576
2019/07/06-17:47:22.742364 7efd69ff4700                      Options.wal_bytes_per_sync: 0
2019/07/06-17:47:22.742365 7efd69ff4700       Options.compaction_readahead_size: 0
2019/07/06-17:47:22.742366 7efd69ff4700 Compression algorithms supported:
2019/07/06-17:47:22.742368 7efd69ff4700 	kZSTDNotFinalCompression supported: 1
2019/07/06-17:47:22.742377 7efd69ff4700 	kZSTD supported: 1
2019/07/06-17:47:22.742378 7efd69ff4700 	kXpressCompression supported: 0
2019/07/06-17:47:22.742379 7efd69ff4700 	kLZ4HCCompression supported: 1
2019/07/06-17:47:22.742381 7efd69ff4700 	kLZ4Compression supported: 1
2019/07/06-17:47:22.742382 7efd69ff4700 	kBZip2Compression supported: 1
2019/07/06-17:47:22.742383 7efd69ff4700 	kZlibCompression supported: 1
2019/07/06-17:47:22.742384 7efd69ff4700 	kSnappyCompression supported: 1
2019/07/06-17:47:22.742388 7efd69ff4700 Fast CRC32 supported: Not supported on x86
2019/07/06-17:47:22.742957 7efd69ff4700 [db/version_set.cc:3085] Recovering from manifest file: MANIFEST-000004
2019/07/06-17:47:22.743038 7efd69ff4700 [db/column_family.cc:475] --------------- Options for column family [default]:
2019/07/06-17:47:22.743042 7efd69ff4700               Options.comparator: leveldb.BytewiseComparator
2019/07/06-17:47:22.743043 7efd69ff4700           Options.merge_operator: None
2019/07/06-17:47:22.743044 7efd69ff4700        Options.compaction_filter: None
2019/07/06-17:47:22.743045 7efd69ff4700        Options.compaction_filter_factory: None
2019/07/06-17:47:22.743046 7efd69ff4700         Options.memtable_factory: SkipListFactory
2019/07/06-17:47:22.743047 7efd69ff4700            Options.table_factory: BlockBasedTable
2019/07/06-17:47:22.743070 7efd69ff4700            table_factory options:   flush_block_policy_factory: FlushBlockBySizePolicyFactory (0x7efc703a2370)
  cache_index_and_filter_blocks: 0
  cache_index_and_filter_blocks_with_high_priority: 0
  pin_l0_filter_and_index_blocks_in_cache: 0
  index_type: 0
  hash_index_allow_collision: 1
  checksum: 1
  no_block_cache: 0
  block_cache: 0x7efc703a1ab0
  block_cache_name: LRUCache
  block_cache_options:
    capacity : 8388608
    num_shard_bits : 4
    strict_capacity_limit : 0
    high_pri_pool_ratio: 0.000
  block_cache_compressed: (nil)
  persistent_cache: (nil)
  block_size: 8192
  block_size_deviation: 10
  block_restart_interval: 16
  index_block_restart_interval: 1
  metadata_block_size: 4096
  partition_filters: 0
  use_delta_encoding: 1
  filter_policy: nullptr
  whole_key_filtering: 1
  verify_compression: 0
  read_amp_bytes_per_bit: 0
  format_version: 2
  enable_index_compression: 1
  block_align: 0
2019/07/06-17:47:22.743084 7efd69ff4700        Options.write_buffer_size: 134217728
2019/07/06-17:47:22.743086 7efd69ff4700  Options.max_write_buffer_number: 24
2019/07/06-17:47:22.743087 7efd69ff4700        Options.compression[0]: NoCompression
2019/07/06-17:47:22.743088 7efd69ff4700        Options.compression[1]: NoCompression
2019/07/06-17:47:22.743090 7efd69ff4700        Options.compression[2]: LZ4
2019/07/06-17:47:22.743091 7efd69ff4700        Options.compression[3]: LZ4
2019/07/06-17:47:22.743092 7efd69ff4700        Options.compression[4]: LZ4
2019/07/06-17:47:22.743093 7efd69ff4700        Options.compression[5]: LZ4
2019/07/06-17:47:22.743094 7efd69ff4700        Options.compression[6]: LZ4
2019/07/06-17:47:22.743095 7efd69ff4700                  Options.bottommost_compression: Disabled
2019/07/06-17:47:22.743096 7efd69ff4700       Options.prefix_extractor: nullptr
2019/07/06-17:47:22.743097 7efd69ff4700   Options.memtable_insert_with_hint_prefix_extractor: nullptr
2019/07/06-17:47:22.743098 7efd69ff4700             Options.num_levels: 7
2019/07/06-17:47:22.743099 7efd69ff4700        Options.min_write_buffer_number_to_merge: 2
2019/07/06-17:47:22.743100 7efd69ff4700     Options.max_write_buffer_number_to_maintain: 0
2019/07/06-17:47:22.743101 7efd69ff4700            Options.compression_opts.window_bits: -14
2019/07/06-17:47:22.743102 7efd69ff4700                  Options.compression_opts.level: -1
2019/07/06-17:47:22.743102 7efd69ff4700               Options.compression_opts.strategy: 0
2019/07/06-17:47:22.743103 7efd69ff4700         Options.compression_opts.max_dict_bytes: 0
2019/07/06-17:47:22.743104 7efd69ff4700         Options.compression_opts.zstd_max_train_bytes: 0
2019/07/06-17:47:22.743105 7efd69ff4700      Options.level0_file_num_compaction_trigger: 2
2019/07/06-17:47:22.743106 7efd69ff4700          Options.level0_slowdown_writes_trigger: 20
2019/07/06-17:47:22.743107 7efd69ff4700              Options.level0_stop_writes_trigger: 36
2019/07/06-17:47:22.743107 7efd69ff4700                   Options.target_file_size_base: 67108864
2019/07/06-17:47:22.743108 7efd69ff4700             Options.target_file_size_multiplier: 1
2019/07/06-17:47:22.743109 7efd69ff4700                Options.max_bytes_for_level_base: 536870912
2019/07/06-17:47:22.743110 7efd69ff4700 Options.level_compaction_dynamic_level_bytes: 0
2019/07/06-17:47:22.743111 7efd69ff4700          Options.max_bytes_for_level_multiplier: 10.000000
2019/07/06-17:47:22.743113 7efd69ff4700 Options.max_bytes_for_level_multiplier_addtl[0]: 1
2019/07/06-17:47:22.743115 7efd69ff4700 Options.max_bytes_for_level_multiplier_addtl[1]: 1
2019/07/06-17:47:22.743116 7efd69ff4700 Options.max_bytes_for_level_multiplier_addtl[2]: 1
2019/07/06-17:47:22.743116 7efd69ff4700 Options.max_bytes_for_level_multiplier_addtl[3]: 1
2019/07/06-17:47:22.743117 7efd69ff4700 Options.max_bytes_for_level_multiplier_addtl[4]: 1
2019/07/06-17:47:22.743118 7efd69ff4700 Options.max_bytes_for_level_multiplier_addtl[5]: 1
2019/07/06-17:47:22.743119 7efd69ff4700 Options.max_bytes_for_level_multiplier_addtl[6]: 1
2019/07/06-17:47:22.743120 7efd69ff4700       Options.max_sequential_skip_in_iterations: 8
2019/07/06-17:47:22.743121 7efd69ff4700                    Options.max_compaction_bytes: 1677721600
2019/07/06-17:47:22.743128 7efd69ff4700                        Options.arena_block_size: 16777216
2019/07/06-17:47:22.743129 7efd69ff4700   Options.soft_pending_compaction_bytes_limit: 68719476736
2019/07/06-17:47:22.743130 7efd69ff4700   Options.hard_pending_compaction_bytes_limit: 274877906944
2019/07/06-17:47:22.743131 7efd69ff4700       Options.rate_limit_delay_max_milliseconds: 100
2019/07/06-17:47:22.743132 7efd69ff4700                Options.disable_auto_compactions: 0
2019/07/06-17:47:22.743134 7efd69ff4700                        Options.compaction_style: kCompactionStyleLevel
2019/07/06-17:47:22.743135 7efd69ff4700                          Options.compaction_pri: kByCompensatedSize
2019/07/06-17:47:22.743136 7efd69ff4700 Options.compaction_options_universal.size_ratio: 1
2019/07/06-17:47:22.743137 7efd69ff4700 Options.compaction_options_universal.min_merge_width: 2
2019/07/06-17:47:22.743138 7efd69ff4700 Options.compaction_options_universal.max_merge_width: 4294967295
2019/07/06-17:47:22.743139 7efd69ff4700 Options.compaction_options_universal.max_size_amplification_percent: 200
2019/07/06-17:47:22.743140 7efd69ff4700 Options.compaction_options_universal.compression_size_percent: -1
2019/07/06-17:47:22.743141 7efd69ff4700 Options.compaction_options_universal.stop_style: kCompactionStopStyleTotalSize
2019/07/06-17:47:22.743142 7efd69ff4700 Options.compaction_options_fifo.max_table_files_size: 1073741824
2019/07/06-17:47:22.743143 7efd69ff4700 Options.compaction_options_fifo.allow_compaction: 0
2019/07/06-17:47:22.743144 7efd69ff4700 Options.compaction_options_fifo.ttl: 0
2019/07/06-17:47:22.743145 7efd69ff4700                   Options.table_properties_collectors: 
2019/07/06-17:47:22.743146 7efd69ff4700                   Options.inplace_update_support: 0
2019/07/06-17:47:22.743147 7efd69ff4700                 Options.inplace_update_num_locks: 10000
2019/07/06-17:47:22.743148 7efd69ff4700               Options.memtable_prefix_bloom_size_ratio: 0.000000
2019/07/06-17:47:22.743149 7efd69ff4700   Options.memtable_huge_page_size: 0
2019/07/06-17:47:22.743150 7efd69ff4700                           Options.bloom_locality: 0
2019/07/06-17:47:22.743151 7efd69ff4700                    Options.max_successive_merges: 0
2019/07/06-17:47:22.743152 7efd69ff4700                Options.optimize_filters_for_hits: 0
2019/07/06-17:47:22.743153 7efd69ff4700                Options.paranoid_file_checks: 0
2019/07/06-17:47:22.743154 7efd69ff4700                Options.force_consistency_checks: 0
2019/07/06-17:47:22.743155 7efd69ff4700                Options.report_bg_io_stats: 0
2019/07/06-17:47:22.743155 7efd69ff4700                               Options.ttl: 0
2019/07/06-17:47:22.743961 7efd69ff4700 [db/column_family.cc:475] --------------- Options for column family [usertable]:
2019/07/06-17:47:22.743964 7efd69ff4700               Options.comparator: leveldb.BytewiseComparator
2019/07/06-17:47:22.743966 7efd69ff4700           Options.merge_operator: None
2019/07/06-17:47:22.743966 7efd69ff4700        Options.compaction_filter: None
2019/07/06-17:47:22.743967 7efd69ff4700        Options.compaction_filter_factory: None
2019/07/06-17:47:22.743968 7efd69ff4700         Options.memtable_factory: SkipListFactory
2019/07/06-17:47:22.743969 7efd69ff4700            Options.table_factory: BlockBasedTable
2019/07/06-17:47:22.743996 7efd69ff4700            table_factory options:   flush_block_policy_factory: FlushBlockBySizePolicyFactory (0x7efc703b0790)
  cache_index_and_filter_blocks: 0
  cache_index_and_filter_blocks_with_high_priority: 0
  pin_l0_filter_and_index_blocks_in_cache: 0
  index_type: 0
  hash_index_allow_collision: 1
  checksum: 1
  no_block_cache: 0
  block_cache: 0x7efc703b6050
  block_cache_name: LRUCache
  block_cache_options:
    capacity : 8388608
    num_shard_bits : 4
    strict_capacity_limit : 0
    high_pri_pool_ratio: 0.000
  block_cache_compressed: (nil)
  persistent_cache: (nil)
  block_size: 8192
  block_size_deviation: 10
  block_restart_interval: 16
  index_block_restart_interval: 1
  metadata_block_size: 4096
  partition_filters: 0
  use_delta_encoding: 1
  filter_policy: nullptr
  whole_key_filtering: 1
  verify_compression: 0
  read_amp_bytes_per_bit: 0
  format_version: 2
  enable_index_compression: 1
  block_align: 0
2019/07/06-17:47:22.744009 7efd69ff4700        Options.write_buffer_size: 134217728
2019/07/06-17:47:22.744011 7efd69ff4700  Options.max_write_buffer_number: 24
2019/07/06-17:47:22.744012 7efd69ff4700        Options.compression[0]: NoCompression
2019/07/06-17:47:22.744013 7efd69ff4700        Options.compression[1]: NoCompression
2019/07/06-17:47:22.744014 7efd69ff4700        Options.compression[2]: LZ4
2019/07/06-17:47:22.744015 7efd69ff4700        Options.compression[3]: LZ4
2019/07/06-17:47:22.744016 7efd69ff4700        Options.compression[4]: LZ4
2019/07/06-17:47:22.744017 7efd69ff4700        Options.compression[5]: LZ4
2019/07/06-17:47:22.744019 7efd69ff4700        Options.compression[6]: LZ4
2019/07/06-17:47:22.744020 7efd69ff4700                  Options.bottommost_compression: Disabled
2019/07/06-17:47:22.744021 7efd69ff4700       Options.prefix_extractor: nullptr
2019/07/06-17:47:22.744021 7efd69ff4700   Options.memtable_insert_with_hint_prefix_extractor: nullptr
2019/07/06-17:47:22.744022 7efd69ff4700             Options.num_levels: 7
2019/07/06-17:47:22.744023 7efd69ff4700        Options.min_write_buffer_number_to_merge: 2
2019/07/06-17:47:22.744024 7efd69ff4700     Options.max_write_buffer_number_to_maintain: 0
2019/07/06-17:47:22.744025 7efd69ff4700            Options.compression_opts.window_bits: -14
2019/07/06-17:47:22.744026 7efd69ff4700                  Options.compression_opts.level: -1
2019/07/06-17:47:22.744027 7efd69ff4700               Options.compression_opts.strategy: 0
2019/07/06-17:47:22.744027 7efd69ff4700         Options.compression_opts.max_dict_bytes: 0
2019/07/06-17:47:22.744028 7efd69ff4700         Options.compression_opts.zstd_max_train_bytes: 0
2019/07/06-17:47:22.744029 7efd69ff4700      Options.level0_file_num_compaction_trigger: 2
2019/07/06-17:47:22.744030 7efd69ff4700          Options.level0_slowdown_writes_trigger: 20
2019/07/06-17:47:22.744031 7efd69ff4700              Options.level0_stop_writes_trigger: 36
2019/07/06-17:47:22.744032 7efd69ff4700                   Options.target_file_size_base: 67108864
2019/07/06-17:47:22.744033 7efd69ff4700             Options.target_file_size_multiplier: 1
2019/07/06-17:47:22.744033 7efd69ff4700                Options.max_bytes_for_level_base: 536870912
2019/07/06-17:47:22.744034 7efd69ff4700 Options.level_compaction_dynamic_level_bytes: 0
2019/07/06-17:47:22.744035 7efd69ff4700          Options.max_bytes_for_level_multiplier: 10.000000
2019/07/06-17:47:22.744037 7efd69ff4700 Options.max_bytes_for_level_multiplier_addtl[0]: 1
2019/07/06-17:47:22.744038 7efd69ff4700 Options.max_bytes_for_level_multiplier_addtl[1]: 1
2019/07/06-17:47:22.744039 7efd69ff4700 Options.max_bytes_for_level_multiplier_addtl[2]: 1
2019/07/06-17:47:22.744040 7efd69ff4700 Options.max_bytes_for_level_multiplier_addtl[3]: 1
2019/07/06-17:47:22.744041 7efd69ff4700 Options.max_bytes_for_level_multiplier_addtl[4]: 1
2019/07/06-17:47:22.744042 7efd69ff4700 Options.max_bytes_for_level_multiplier_addtl[5]: 1
2019/07/06-17:47:22.744043 7efd69ff4700 Options.max_bytes_for_level_multiplier_addtl[6]: 1
2019/07/06-17:47:22.744043 7efd69ff4700       Options.max_sequential_skip_in_iterations: 8
2019/07/06-17:47:22.744044 7efd69ff4700                    Options.max_compaction_bytes: 1677721600
2019/07/06-17:47:22.744045 7efd69ff4700                        Options.arena_block_size: 16777216
2019/07/06-17:47:22.744046 7efd69ff4700   Options.soft_pending_compaction_bytes_limit: 68719476736
2019/07/06-17:47:22.744047 7efd69ff4700   Options.hard_pending_compaction_bytes_limit: 274877906944
2019/07/06-17:47:22.744048 7efd69ff4700       Options.rate_limit_delay_max_milliseconds: 100
2019/07/06-17:47:22.744049 7efd69ff4700                Options.disable_auto_compactions: 0
2019/07/06-17:47:22.744050 7efd69ff4700                        Options.compaction_style: kCompactionStyleLevel
2019/07/06-17:47:22.744057 7efd69ff4700                          Options.compaction_pri: kByCompensatedSize
2019/07/06-17:47:22.744058 7efd69ff4700 Options.compaction_options_universal.size_ratio: 1
2019/07/06-17:47:22.744059 7efd69ff4700 Options.compaction_options_universal.min_merge_width: 2
2019/07/06-17:47:22.744060 7efd69ff4700 Options.compaction_options_universal.max_merge_width: 4294967295
2019/07/06-17:47:22.744061 7efd69ff4700 Options.compaction_options_universal.max_size_amplification_percent: 200
2019/07/06-17:47:22.744061 7efd69ff4700 Options.compaction_options_universal.compression_size_percent: -1
2019/07/06-17:47:22.744062 7efd69ff4700 Options.compaction_options_universal.stop_style: kCompactionStopStyleTotalSize
2019/07/06-17:47:22.744063 7efd69ff4700 Options.compaction_options_fifo.max_table_files_size: 1073741824
2019/07/06-17:47:22.744064 7efd69ff4700 Options.compaction_options_fifo.allow_compaction: 0
2019/07/06-17:47:22.744065 7efd69ff4700 Options.compaction_options_fifo.ttl: 0
2019/07/06-17:47:22.744066 7efd69ff4700                   Options.table_properties_collectors: 
2019/07/06-17:47:22.744067 7efd69ff4700                   Options.inplace_update_support: 0
2019/07/06-17:47:22.744068 7efd69ff4700                 Options.inplace_update_num_locks: 10000
2019/07/06-17:47:22.744069 7efd69ff4700               Options.memtable_prefix_bloom_size_ratio: 0.000000
2019/07/06-17:47:22.744070 7efd69ff4700   Options.memtable_huge_page_size: 0
2019/07/06-17:47:22.744071 7efd69ff4700                           Options.bloom_locality: 0
2019/07/06-17:47:22.744072 7efd69ff4700                    Options.max_successive_merges: 0
2019/07/06-17:47:22.744073 7efd69ff4700                Options.optimize_filters_for_hits: 0
2019/07/06-17:47:22.744074 7efd69ff4700                Options.paranoid_file_checks: 0
2019/07/06-17:47:22.744074 7efd69ff4700                Options.force_consistency_checks: 0
2019/07/06-17:47:22.744075 7efd69ff4700                Options.report_bg_io_stats: 0
2019/07/06-17:47:22.744076 7efd69ff4700                               Options.ttl: 0
2019/07/06-17:47:23.388808 7efd69ff4700 [db/version_set.cc:3361] Recovered from manifest file:/mnt/sdd/ycsb-rocksdb-data/MANIFEST-000004 succeeded,manifest_file_number is 4, next_file_number is 1322, last_sequence is 10418593, log_number is 0,prev_log_number is 0,max_column_family is 1,min_log_number_to_keep is 0
2019/07/06-17:47:23.388823 7efd69ff4700 [db/version_set.cc:3369] Column family [default] (ID 0), log number is 0
2019/07/06-17:47:23.388826 7efd69ff4700 [db/version_set.cc:3369] Column family [usertable] (ID 1), log number is 1315
2019/07/06-17:47:23.391444 7efd69ff4700 EVENT_LOG_v1 {"time_micros": 1562460443391410, "job": 1, "event": "recovery_started", "log_files": [1315, 1321]}
2019/07/06-17:47:23.391456 7efd69ff4700 [db/db_impl_open.cc:551] Recovering log #1315 mode 2
2019/07/06-17:47:23.912545 7efd69ff4700 [db/db_impl_open.cc:551] Recovering log #1321 mode 2
2019/07/06-17:47:24.477558 7efd69ff4700 EVENT_LOG_v1 {"time_micros": 1562460444477526, "cf_name": "usertable", "job": 1, "event": "table_file_creation", "file_number": 1322, "file_size": 129902323, "table_properties": {"data_size": 129321394, "index_size": 580007, "filter_size": 0, "raw_key_size": 752760, "raw_average_key_size": 24, "raw_value_size": 128471040, "raw_average_value_size": 4096, "num_data_blocks": 15683, "num_entries": 31365, "filter_policy_name": "", "kDeletedKeys": "0", "kMergeOperands": "0"}}
2019/07/06-17:47:24.676928 7efd69ff4700 [db/version_set.cc:2847] Creating manifest 1323
2019/07/06-17:47:24.910928 7efd69ff4700 EVENT_LOG_v1 {"time_micros": 1562460444910902, "cf_name": "usertable", "job": 1, "event": "table_file_creation", "file_number": 1324, "file_size": 45584958, "table_properties": {"data_size": 45381875, "index_size": 202162, "filter_size": 0, "raw_key_size": 264168, "raw_average_key_size": 24, "raw_value_size": 45084672, "raw_average_value_size": 4096, "num_data_blocks": 5504, "num_entries": 11007, "filter_policy_name": "", "kDeletedKeys": "0", "kMergeOperands": "0"}}
2019/07/06-17:47:24.927889 7efd69ff4700 EVENT_LOG_v1 {"time_micros": 1562460444927879, "job": 1, "event": "recovery_finished"}
2019/07/06-17:47:24.979711 7efd69ff4700 [db/db_impl_open.cc:1219] DB pointer 0x7efc703acd90
2019/07/06-17:47:24.980016 7efd68e3e700 [WARN] [db/db_impl.cc:491] ------- DUMPING STATS -------
2019/07/06-17:47:24.980062 7efd68e3e700 [WARN] [db/db_impl.cc:492] 
** DB Stats **
Uptime(secs): 2.2 total, 2.2 interval
Cumulative writes: 0 writes, 0 keys, 0 commit groups, 0.0 writes per commit group, ingest: 0.00 GB, 0.00 MB/s
Cumulative WAL: 0 writes, 0 syncs, 0.00 writes per sync, written: 0.00 GB, 0.00 MB/s
Cumulative stall: 00:00:0.000 H:M:S, 0.0 percent
Interval writes: 0 writes, 0 keys, 0 commit groups, 0.0 writes per commit group, ingest: 0.00 MB, 0.00 MB/s
Interval WAL: 0 writes, 0 syncs, 0.00 writes per sync, written: 0.00 MB, 0.00 MB/s
Interval stall: 00:00:0.000 H:M:S, 0.0 percent

** Compaction Stats [default] **
Level    Files   Size     Score Read(GB)  Rn(GB) Rnp1(GB) Write(GB) Wnew(GB) Moved(GB) W-Amp Rd(MB/s) Wr(MB/s) Comp(sec) Comp(cnt) Avg(sec) KeyIn KeyDrop
----------------------------------------------------------------------------------------------------------------------------------------------------------
 Sum      0/0    0.00 KB   0.0      0.0     0.0      0.0       0.0      0.0       0.0   0.0      0.0      0.0         0         0    0.000       0      0
 Int      0/0    0.00 KB   0.0      0.0     0.0      0.0       0.0      0.0       0.0   0.0      0.0      0.0         0         0    0.000       0      0
Uptime(secs): 2.2 total, 2.2 interval
Flush(GB): cumulative 0.000, interval 0.000
AddFile(GB): cumulative 0.000, interval 0.000
AddFile(Total Files): cumulative 0, interval 0
AddFile(L0 Files): cumulative 0, interval 0
AddFile(Keys): cumulative 0, interval 0
Cumulative compaction: 0.00 GB write, 0.00 MB/s write, 0.00 GB read, 0.00 MB/s read, 0.0 seconds
Interval compaction: 0.00 GB write, 0.00 MB/s write, 0.00 GB read, 0.00 MB/s read, 0.0 seconds
Stalls(count): 0 level0_slowdown, 0 level0_slowdown_with_compaction, 0 level0_numfiles, 0 level0_numfiles_with_compaction, 0 stop for pending_compaction_bytes, 0 slowdown for pending_compaction_bytes, 0 memtable_compaction, 0 memtable_slowdown, interval 0 total count

** File Read Latency Histogram By Level [default] **

** Compaction Stats [usertable] **
Level    Files   Size     Score Read(GB)  Rn(GB) Rnp1(GB) Write(GB) Wnew(GB) Moved(GB) W-Amp Rd(MB/s) Wr(MB/s) Comp(sec) Comp(cnt) Avg(sec) KeyIn KeyDrop
----------------------------------------------------------------------------------------------------------------------------------------------------------
  L0      3/0   358.98 MB   1.5      0.0     0.0      0.0       0.2      0.2       0.0   1.0      0.0    232.3         1         2    0.360       0      0
  L1      7/0   404.34 MB   0.8      0.0     0.0      0.0       0.0      0.0       0.0   0.0      0.0      0.0         0         0    0.000       0      0
  L2    185/0    4.99 GB   1.0      0.0     0.0      0.0       0.0      0.0       0.0   0.0      0.0      0.0         0         0    0.000       0      0
  L3    550/0   34.44 GB   0.7      0.0     0.0      0.0       0.0      0.0       0.0   0.0      0.0      0.0         0         0    0.000       0      0
 Sum    745/0   40.18 GB   0.0      0.0     0.0      0.0       0.2      0.2       0.0   1.0      0.0    232.3         1         2    0.360       0      0
 Int      0/0    0.00 KB   0.0      0.0     0.0      0.0       0.2      0.2       0.0   1.0      0.0    232.3         1         2    0.360       0      0
Uptime(secs): 2.2 total, 2.2 interval
Flush(GB): cumulative 0.163, interval 0.163
AddFile(GB): cumulative 0.000, interval 0.000
AddFile(Total Files): cumulative 0, interval 0
AddFile(L0 Files): cumulative 0, interval 0
AddFile(Keys): cumulative 0, interval 0
Cumulative compaction: 0.16 GB write, 74.85 MB/s write, 0.00 GB read, 0.00 MB/s read, 0.7 seconds
Interval compaction: 0.16 GB write, 74.85 MB/s write, 0.00 GB read, 0.00 MB/s read, 0.7 seconds
Stalls(count): 0 level0_slowdown, 0 level0_slowdown_with_compaction, 0 level0_numfiles, 0 level0_numfiles_with_compaction, 0 stop for pending_compaction_bytes, 0 slowdown for pending_compaction_bytes, 0 memtable_compaction, 0 memtable_slowdown, interval 0 total count

** File Read Latency Histogram By Level [usertable] **

** Compaction Stats [default] **
Level    Files   Size     Score Read(GB)  Rn(GB) Rnp1(GB) Write(GB) Wnew(GB) Moved(GB) W-Amp Rd(MB/s) Wr(MB/s) Comp(sec) Comp(cnt) Avg(sec) KeyIn KeyDrop
----------------------------------------------------------------------------------------------------------------------------------------------------------
 Sum      0/0    0.00 KB   0.0      0.0     0.0      0.0       0.0      0.0       0.0   0.0      0.0      0.0         0         0    0.000       0      0
 Int      0/0    0.00 KB   0.0      0.0     0.0      0.0       0.0      0.0       0.0   0.0      0.0      0.0         0         0    0.000       0      0
Uptime(secs): 2.2 total, 0.0 interval
Flush(GB): cumulative 0.000, interval 0.000
AddFile(GB): cumulative 0.000, interval 0.000
AddFile(Total Files): cumulative 0, interval 0
AddFile(L0 Files): cumulative 0, interval 0
AddFile(Keys): cumulative 0, interval 0
Cumulative compaction: 0.00 GB write, 0.00 MB/s write, 0.00 GB read, 0.00 MB/s read, 0.0 seconds
Interval compaction: 0.00 GB write, 0.00 MB/s write, 0.00 GB read, 0.00 MB/s read, 0.0 seconds
Stalls(count): 0 level0_slowdown, 0 level0_slowdown_with_compaction, 0 level0_numfiles, 0 level0_numfiles_with_compaction, 0 stop for pending_compaction_bytes, 0 slowdown for pending_compaction_bytes, 0 memtable_compaction, 0 memtable_slowdown, interval 0 total count

** File Read Latency Histogram By Level [default] **

** Compaction Stats [usertable] **
Level    Files   Size     Score Read(GB)  Rn(GB) Rnp1(GB) Write(GB) Wnew(GB) Moved(GB) W-Amp Rd(MB/s) Wr(MB/s) Comp(sec) Comp(cnt) Avg(sec) KeyIn KeyDrop
----------------------------------------------------------------------------------------------------------------------------------------------------------
  L0      3/0   358.98 MB   1.5      0.0     0.0      0.0       0.2      0.2       0.0   1.0      0.0    232.3         1         2    0.360       0      0
  L1      7/0   404.34 MB   0.8      0.0     0.0      0.0       0.0      0.0       0.0   0.0      0.0      0.0         0         0    0.000       0      0
  L2    185/0    4.99 GB   1.0      0.0     0.0      0.0       0.0      0.0       0.0   0.0      0.0      0.0         0         0    0.000       0      0
  L3    550/0   34.44 GB   0.7      0.0     0.0      0.0       0.0      0.0       0.0   0.0      0.0      0.0         0         0    0.000       0      0
 Sum    745/0   40.18 GB   0.0      0.0     0.0      0.0       0.2      0.2       0.0   1.0      0.0    232.3         1         2    0.360       0      0
 Int      0/0    0.00 KB   0.0      0.0     0.0      0.0       0.0      0.0       0.0   0.0      0.0      0.0         0         0    0.000       0      0
Uptime(secs): 2.2 total, 0.0 interval
Flush(GB): cumulative 0.163, interval 0.000
AddFile(GB): cumulative 0.000, interval 0.000
AddFile(Total Files): cumulative 0, interval 0
AddFile(L0 Files): cumulative 0, interval 0
AddFile(Keys): cumulative 0, interval 0
Cumulative compaction: 0.16 GB write, 74.85 MB/s write, 0.00 GB read, 0.00 MB/s read, 0.7 seconds
Interval compaction: 0.00 GB write, 0.00 MB/s write, 0.00 GB read, 0.00 MB/s read, 0.0 seconds
Stalls(count): 0 level0_slowdown, 0 level0_slowdown_with_compaction, 0 level0_numfiles, 0 level0_numfiles_with_compaction, 0 stop for pending_compaction_bytes, 0 slowdown for pending_compaction_bytes, 0 memtable_compaction, 0 memtable_slowdown, interval 0 total count

** File Read Latency Histogram By Level [usertable] **
2019/07/06-17:47:24.998449 7efd68e3e700 (Original Log Time 2019/07/06-17:47:24.980191) [db/db_impl_compaction_flush.cc:1835] [usertable] Moving #118 to level-1 200932568 bytes
2019/07/06-17:47:24.998454 7efd68e3e700 (Original Log Time 2019/07/06-17:47:24.998347) EVENT_LOG_v1 {"time_micros": 1562460444998333, "job": 3, "event": "trivial_move", "destination_level": 1, "files": 1, "total_files_size": 200932568}
2019/07/06-17:47:24.998456 7efd68e3e700 (Original Log Time 2019/07/06-17:47:24.998361) [db/db_impl_compaction_flush.cc:1864] [usertable] Moved #1 files to level-1 200932568 bytes OK: base level 1 max bytes base 536870912 files[2 8 185 550 0 0 0] max score 1.16
2019/07/06-17:47:24.998592 7efd60ffe700 [db/compaction_job.cc:1531] [usertable] [JOB 4] Compacting 1@1 files to L2, score 1.16
2019/07/06-17:47:24.998606 7efd60ffe700 [db/compaction_job.cc:1535] [usertable] Compaction start summary: Base version 6 Base level 1, inputs: [118(191MB)]
2019/07/06-17:47:24.998642 7efd60ffe700 EVENT_LOG_v1 {"time_micros": 1562460444998616, "job": 4, "event": "compaction_started", "compaction_reason": "LevelMaxLevelSize", "files_L1": [118], "score": 1.16399, "input_data_size": 200932568}
2019/07/06-17:47:25.950143 7efd60ffe700 [db/compaction_job.cc:1211] [usertable] [JOB 4] Generated table #1328: 16279 keys, 67233335 bytes
2019/07/06-17:47:25.950208 7efd60ffe700 EVENT_LOG_v1 {"time_micros": 1562460445950178, "cf_name": "usertable", "job": 4, "event": "table_file_creation", "file_number": 1328, "file_size": 67233335, "table_properties": {"data_size": 67118331, "index_size": 299107, "filter_size": 0, "raw_key_size": 390696, "raw_average_key_size": 24, "raw_value_size": 66678784, "raw_average_value_size": 4096, "num_data_blocks": 8140, "num_entries": 16279, "filter_policy_name": "", "kDeletedKeys": "0", "kMergeOperands": "0"}}
2019/07/06-17:47:26.870035 7efd60ffe700 [db/compaction_job.cc:1211] [usertable] [JOB 4] Generated table #1329: 16279 keys, 67233552 bytes
2019/07/06-17:47:26.870084 7efd60ffe700 EVENT_LOG_v1 {"time_micros": 1562460446870063, "cf_name": "usertable", "job": 4, "event": "table_file_creation", "file_number": 1329, "file_size": 67233552, "table_properties": {"data_size": 67120141, "index_size": 300916, "filter_size": 0, "raw_key_size": 390696, "raw_average_key_size": 24, "raw_value_size": 66678784, "raw_average_value_size": 4096, "num_data_blocks": 8140, "num_entries": 16279, "filter_policy_name": "", "kDeletedKeys": "0", "kMergeOperands": "0"}}
2019/07/06-17:47:27.920916 7efd60ffe700 [db/compaction_job.cc:1211] [usertable] [JOB 4] Generated table #1330: 15960 keys, 65915850 bytes
2019/07/06-17:47:27.920976 7efd60ffe700 EVENT_LOG_v1 {"time_micros": 1562460447920949, "cf_name": "usertable", "job": 4, "event": "table_file_creation", "file_number": 1330, "file_size": 65915850, "table_properties": {"data_size": 65803080, "index_size": 293223, "filter_size": 0, "raw_key_size": 383040, "raw_average_key_size": 24, "raw_value_size": 65372160, "raw_average_value_size": 4096, "num_data_blocks": 7980, "num_entries": 15960, "filter_policy_name": "", "kDeletedKeys": "0", "kMergeOperands": "0"}}
2019/07/06-17:47:27.921069 7efd60ffe700 [db/compaction_job.cc:1287] [usertable] [JOB 4] Compacted 1@1 files to L2 => 200382737 bytes
2019/07/06-17:47:27.969833 7efd60ffe700 (Original Log Time 2019/07/06-17:47:27.969243) [db/compaction_job.cc:685] [usertable] compacted to: base level 1 max bytes base 536870912 files[2 7 188 550 0 0 0] max score 1.04, MB/sec: 68.8 rd, 68.6 wr, level 2, files in(1, 0) out(3) MB in(191.6, 0.0) out(191.1), read-write-amplify(2.0) write-amplify(1.0) OK, records in: 48518, records dropped: 0 output_compression: LZ4
2019/07/06-17:47:27.969845 7efd60ffe700 (Original Log Time 2019/07/06-17:47:27.969296) EVENT_LOG_v1 {"time_micros": 1562460447969278, "job": 4, "event": "compaction_finished", "compaction_time_micros": 2922373, "output_level": 2, "num_output_files": 3, "total_output_size": 200382737, "num_input_records": 48518, "num_output_records": 48518, "num_subcompactions": 1, "output_compression": "LZ4", "num_single_delete_mismatches": 0, "num_single_delete_fallthrough": 0, "lsm_state": [2, 7, 188, 550, 0, 0, 0]}
2019/07/06-17:47:28.006774 7efd60ffe700 (Original Log Time 2019/07/06-17:47:27.970291) [db/db_impl_compaction_flush.cc:1835] [usertable] Moving #1329 to level-3 67233552 bytes
2019/07/06-17:47:28.006779 7efd60ffe700 (Original Log Time 2019/07/06-17:47:28.006701) EVENT_LOG_v1 {"time_micros": 1562460448006690, "job": 5, "event": "trivial_move", "destination_level": 3, "files": 1, "total_files_size": 67233552}
2019/07/06-17:47:28.006781 7efd60ffe700 (Original Log Time 2019/07/06-17:47:28.006717) [db/db_impl_compaction_flush.cc:1864] [usertable] Moved #1 files to level-3 67233552 bytes OK: base level 1 max bytes base 536870912 files[2 7 187 551 0 0 0] max score 1.02
2019/07/06-17:47:28.027572 7efd60ffe700 EVENT_LOG_v1 {"time_micros": 1562460448027555, "job": 5, "event": "table_file_deletion", "file_number": 118}
2019/07/06-17:47:28.055907 7efd5b7fe700 (Original Log Time 2019/07/06-17:47:28.027916) [db/db_impl_compaction_flush.cc:1835] [usertable] Moving #1328 to level-3 67233335 bytes
2019/07/06-17:47:28.055913 7efd5b7fe700 (Original Log Time 2019/07/06-17:47:28.055818) EVENT_LOG_v1 {"time_micros": 1562460448055803, "job": 6, "event": "trivial_move", "destination_level": 3, "files": 1, "total_files_size": 67233335}
2019/07/06-17:47:28.055917 7efd5b7fe700 (Original Log Time 2019/07/06-17:47:28.055836) [db/db_impl_compaction_flush.cc:1864] [usertable] Moved #1 files to level-3 67233335 bytes OK: base level 1 max bytes base 536870912 files[2 7 186 552 0 0 0] max score 1.01
2019/07/06-17:47:28.087275 7efd5b7fe700 (Original Log Time 2019/07/06-17:47:28.056295) [db/db_impl_compaction_flush.cc:1835] [usertable] Moving #604 to level-3 67233310 bytes
2019/07/06-17:47:28.087280 7efd5b7fe700 (Original Log Time 2019/07/06-17:47:28.087194) EVENT_LOG_v1 {"time_micros": 1562460448087181, "job": 7, "event": "trivial_move", "destination_level": 3, "files": 1, "total_files_size": 67233310}
2019/07/06-17:47:28.087282 7efd5b7fe700 (Original Log Time 2019/07/06-17:47:28.087205) [db/db_impl_compaction_flush.cc:1864] [usertable] Moved #1 files to level-3 67233310 bytes OK: base level 1 max bytes base 536870912 files[2 7 185 553 0 0 0] max score 1.00
2019/07/06-17:47:28.127632 7efd5b7fe700 (Original Log Time 2019/07/06-17:47:28.087488) [db/db_impl_compaction_flush.cc:1835] [usertable] Moving #1322 to level-1 129902323 bytes
2019/07/06-17:47:28.127637 7efd5b7fe700 (Original Log Time 2019/07/06-17:47:28.127567) EVENT_LOG_v1 {"time_micros": 1562460448127555, "job": 8, "event": "trivial_move", "destination_level": 1, "files": 1, "total_files_size": 129902323}
2019/07/06-17:47:28.127639 7efd5b7fe700 (Original Log Time 2019/07/06-17:47:28.127580) [db/db_impl_compaction_flush.cc:1864] [usertable] Moved #1 files to level-1 129902323 bytes OK: base level 1 max bytes base 536870912 files[1 8 185 553 0 0 0] max score 1.03
2019/07/06-17:47:28.127999 7efd59ffb700 [db/compaction_job.cc:1531] [usertable] [JOB 9] Compacting 1@1 files to L2, score 1.03
2019/07/06-17:47:28.128016 7efd59ffb700 [db/compaction_job.cc:1535] [usertable] Compaction start summary: Base version 11 Base level 1, inputs: [1322(123MB)]
