2019/04/20-19:51:06.095462 7f9c49ef3700 RocksDB version: 5.14.3
2019/04/20-19:51:06.095518 7f9c49ef3700 Git sha rocksdb_build_git_sha:
2019/04/20-19:51:06.095521 7f9c49ef3700 Compile date Oct  9 2018
2019/04/20-19:51:06.095531 7f9c49ef3700 DB SUMMARY
2019/04/20-19:51:06.096310 7f9c49ef3700 CURRENT file:  CURRENT
2019/04/20-19:51:06.096314 7f9c49ef3700 IDENTITY file:  IDENTITY
2019/04/20-19:51:06.096325 7f9c49ef3700 MANIFEST file:  MANIFEST-000004 size: 129581 Bytes
2019/04/20-19:51:06.096329 7f9c49ef3700 SST files in /mnt/sdd/ycsb-rocksdb-data dir, Total Num: 742, files: 000021.sst 000022.sst 000024.sst 000026.sst 000027.sst 000029.sst 000030.sst 000032.sst 000033.sst 
2019/04/20-19:51:06.096334 7f9c49ef3700 Write Ahead Log file in /mnt/sdd/ycsb-rocksdb-data: 001325.log size: 103329505 ; 001331.log size: 100529013 ; 
2019/04/20-19:51:06.096361 7f9c49ef3700                         Options.error_if_exists: 0
2019/04/20-19:51:06.096363 7f9c49ef3700                       Options.create_if_missing: 1
2019/04/20-19:51:06.096364 7f9c49ef3700                         Options.paranoid_checks: 1
2019/04/20-19:51:06.096365 7f9c49ef3700                                     Options.env: 0x7f9c49bdc080
2019/04/20-19:51:06.096366 7f9c49ef3700                                Options.info_log: 0x7f9bbc3bbe80
2019/04/20-19:51:06.096367 7f9c49ef3700                Options.max_file_opening_threads: 16
2019/04/20-19:51:06.096368 7f9c49ef3700                              Options.statistics: (nil)
2019/04/20-19:51:06.096369 7f9c49ef3700                               Options.use_fsync: 0
2019/04/20-19:51:06.096369 7f9c49ef3700                       Options.max_log_file_size: 0
2019/04/20-19:51:06.096370 7f9c49ef3700                  Options.max_manifest_file_size: 18446744073709551615
2019/04/20-19:51:06.096371 7f9c49ef3700                   Options.log_file_time_to_roll: 0
2019/04/20-19:51:06.096372 7f9c49ef3700                       Options.keep_log_file_num: 1000
2019/04/20-19:51:06.096373 7f9c49ef3700                    Options.recycle_log_file_num: 0
2019/04/20-19:51:06.096374 7f9c49ef3700                         Options.allow_fallocate: 1
2019/04/20-19:51:06.096375 7f9c49ef3700                        Options.allow_mmap_reads: 0
2019/04/20-19:51:06.096376 7f9c49ef3700                       Options.allow_mmap_writes: 0
2019/04/20-19:51:06.096376 7f9c49ef3700                        Options.use_direct_reads: 0
2019/04/20-19:51:06.096377 7f9c49ef3700                        Options.use_direct_io_for_flush_and_compaction: 0
2019/04/20-19:51:06.096378 7f9c49ef3700          Options.create_missing_column_families: 1
2019/04/20-19:51:06.096379 7f9c49ef3700                              Options.db_log_dir: 
2019/04/20-19:51:06.096380 7f9c49ef3700                                 Options.wal_dir: /mnt/sdd/ycsb-rocksdb-data
2019/04/20-19:51:06.096381 7f9c49ef3700                Options.table_cache_numshardbits: 6
2019/04/20-19:51:06.096382 7f9c49ef3700                      Options.max_subcompactions: 4
2019/04/20-19:51:06.096383 7f9c49ef3700                  Options.max_background_flushes: 24
2019/04/20-19:51:06.096384 7f9c49ef3700                         Options.WAL_ttl_seconds: 0
2019/04/20-19:51:06.096385 7f9c49ef3700                       Options.WAL_size_limit_MB: 0
2019/04/20-19:51:06.096386 7f9c49ef3700             Options.manifest_preallocation_size: 4194304
2019/04/20-19:51:06.096387 7f9c49ef3700                     Options.is_fd_close_on_exec: 1
2019/04/20-19:51:06.096388 7f9c49ef3700                   Options.advise_random_on_open: 1
2019/04/20-19:51:06.096389 7f9c49ef3700                    Options.db_write_buffer_size: 0
2019/04/20-19:51:06.096389 7f9c49ef3700                    Options.write_buffer_manager: 0x7f9bbc3b31d0
2019/04/20-19:51:06.096390 7f9c49ef3700         Options.access_hint_on_compaction_start: 1
2019/04/20-19:51:06.096391 7f9c49ef3700  Options.new_table_reader_for_compaction_inputs: 0
2019/04/20-19:51:06.096392 7f9c49ef3700           Options.random_access_max_buffer_size: 1048576
2019/04/20-19:51:06.096393 7f9c49ef3700                      Options.use_adaptive_mutex: 0
2019/04/20-19:51:06.096394 7f9c49ef3700                            Options.rate_limiter: (nil)
2019/04/20-19:51:06.096409 7f9c49ef3700     Options.sst_file_manager.rate_bytes_per_sec: 0
2019/04/20-19:51:06.096410 7f9c49ef3700                       Options.wal_recovery_mode: 2
2019/04/20-19:51:06.096411 7f9c49ef3700                  Options.enable_thread_tracking: 0
2019/04/20-19:51:06.096412 7f9c49ef3700                  Options.enable_pipelined_write: 1
2019/04/20-19:51:06.096413 7f9c49ef3700         Options.allow_concurrent_memtable_write: 1
2019/04/20-19:51:06.096414 7f9c49ef3700      Options.enable_write_thread_adaptive_yield: 1
2019/04/20-19:51:06.096415 7f9c49ef3700             Options.write_thread_max_yield_usec: 100
2019/04/20-19:51:06.096415 7f9c49ef3700            Options.write_thread_slow_yield_usec: 3
2019/04/20-19:51:06.096416 7f9c49ef3700                               Options.row_cache: None
2019/04/20-19:51:06.096417 7f9c49ef3700                              Options.wal_filter: None
2019/04/20-19:51:06.096418 7f9c49ef3700             Options.avoid_flush_during_recovery: 0
2019/04/20-19:51:06.096419 7f9c49ef3700             Options.allow_ingest_behind: 0
2019/04/20-19:51:06.096420 7f9c49ef3700             Options.preserve_deletes: 0
2019/04/20-19:51:06.096421 7f9c49ef3700             Options.two_write_queues: 0
2019/04/20-19:51:06.096422 7f9c49ef3700             Options.manual_wal_flush: 0
2019/04/20-19:51:06.096424 7f9c49ef3700             Options.max_background_jobs: 24
2019/04/20-19:51:06.096425 7f9c49ef3700             Options.max_background_compactions: 24
2019/04/20-19:51:06.096426 7f9c49ef3700             Options.avoid_flush_during_shutdown: 0
2019/04/20-19:51:06.096427 7f9c49ef3700           Options.writable_file_max_buffer_size: 1048576
2019/04/20-19:51:06.096428 7f9c49ef3700             Options.delayed_write_rate : 16777216
2019/04/20-19:51:06.096429 7f9c49ef3700             Options.max_total_wal_size: 0
2019/04/20-19:51:06.096429 7f9c49ef3700             Options.delete_obsolete_files_period_micros: 21600000000
2019/04/20-19:51:06.096431 7f9c49ef3700                   Options.stats_dump_period_sec: 60
2019/04/20-19:51:06.096431 7f9c49ef3700                          Options.max_open_files: -1
2019/04/20-19:51:06.096432 7f9c49ef3700                          Options.bytes_per_sync: 1048576
2019/04/20-19:51:06.096433 7f9c49ef3700                      Options.wal_bytes_per_sync: 0
2019/04/20-19:51:06.096434 7f9c49ef3700       Options.compaction_readahead_size: 0
2019/04/20-19:51:06.096435 7f9c49ef3700 Compression algorithms supported:
2019/04/20-19:51:06.096437 7f9c49ef3700 	kZSTDNotFinalCompression supported: 1
2019/04/20-19:51:06.096446 7f9c49ef3700 	kZSTD supported: 1
2019/04/20-19:51:06.096448 7f9c49ef3700 	kXpressCompression supported: 0
2019/04/20-19:51:06.096449 7f9c49ef3700 	kLZ4HCCompression supported: 1
2019/04/20-19:51:06.096450 7f9c49ef3700 	kLZ4Compression supported: 1
2019/04/20-19:51:06.096451 7f9c49ef3700 	kBZip2Compression supported: 1
2019/04/20-19:51:06.096452 7f9c49ef3700 	kZlibCompression supported: 1
2019/04/20-19:51:06.096454 7f9c49ef3700 	kSnappyCompression supported: 1
2019/04/20-19:51:06.096457 7f9c49ef3700 Fast CRC32 supported: Not supported on x86
2019/04/20-19:51:06.097027 7f9c49ef3700 [db/version_set.cc:3085] Recovering from manifest file: MANIFEST-000004
2019/04/20-19:51:06.097118 7f9c49ef3700 [db/column_family.cc:475] --------------- Options for column family [default]:
2019/04/20-19:51:06.097122 7f9c49ef3700               Options.comparator: leveldb.BytewiseComparator
2019/04/20-19:51:06.097123 7f9c49ef3700           Options.merge_operator: None
2019/04/20-19:51:06.097124 7f9c49ef3700        Options.compaction_filter: None
2019/04/20-19:51:06.097125 7f9c49ef3700        Options.compaction_filter_factory: None
2019/04/20-19:51:06.097126 7f9c49ef3700         Options.memtable_factory: SkipListFactory
2019/04/20-19:51:06.097127 7f9c49ef3700            Options.table_factory: BlockBasedTable
2019/04/20-19:51:06.097150 7f9c49ef3700            table_factory options:   flush_block_policy_factory: FlushBlockBySizePolicyFactory (0x7f9bbc3a78e0)
  cache_index_and_filter_blocks: 0
  cache_index_and_filter_blocks_with_high_priority: 0
  pin_l0_filter_and_index_blocks_in_cache: 0
  index_type: 0
  hash_index_allow_collision: 1
  checksum: 1
  no_block_cache: 0
  block_cache: 0x7f9bbc3a7020
  block_cache_name: LRUCache
  block_cache_options:
    capacity : 8388608
    num_shard_bits : 4
    strict_capacity_limit : 0
    high_pri_pool_ratio: 0.000
  block_cache_compressed: (nil)
  persistent_cache: (nil)
  block_size: 8192
  block_size_deviation: 10
  block_restart_interval: 16
  index_block_restart_interval: 1
  metadata_block_size: 4096
  partition_filters: 0
  use_delta_encoding: 1
  filter_policy: nullptr
  whole_key_filtering: 1
  verify_compression: 0
  read_amp_bytes_per_bit: 0
  format_version: 2
  enable_index_compression: 1
  block_align: 0
2019/04/20-19:51:06.097163 7f9c49ef3700        Options.write_buffer_size: 134217728
2019/04/20-19:51:06.097165 7f9c49ef3700  Options.max_write_buffer_number: 24
2019/04/20-19:51:06.097167 7f9c49ef3700        Options.compression[0]: NoCompression
2019/04/20-19:51:06.097168 7f9c49ef3700        Options.compression[1]: NoCompression
2019/04/20-19:51:06.097169 7f9c49ef3700        Options.compression[2]: LZ4
2019/04/20-19:51:06.097170 7f9c49ef3700        Options.compression[3]: LZ4
2019/04/20-19:51:06.097171 7f9c49ef3700        Options.compression[4]: LZ4
2019/04/20-19:51:06.097172 7f9c49ef3700        Options.compression[5]: LZ4
2019/04/20-19:51:06.097173 7f9c49ef3700        Options.compression[6]: LZ4
2019/04/20-19:51:06.097174 7f9c49ef3700                  Options.bottommost_compression: Disabled
2019/04/20-19:51:06.097175 7f9c49ef3700       Options.prefix_extractor: nullptr
2019/04/20-19:51:06.097176 7f9c49ef3700   Options.memtable_insert_with_hint_prefix_extractor: nullptr
2019/04/20-19:51:06.097177 7f9c49ef3700             Options.num_levels: 7
2019/04/20-19:51:06.097178 7f9c49ef3700        Options.min_write_buffer_number_to_merge: 2
2019/04/20-19:51:06.097179 7f9c49ef3700     Options.max_write_buffer_number_to_maintain: 0
2019/04/20-19:51:06.097180 7f9c49ef3700            Options.compression_opts.window_bits: -14
2019/04/20-19:51:06.097181 7f9c49ef3700                  Options.compression_opts.level: -1
2019/04/20-19:51:06.097182 7f9c49ef3700               Options.compression_opts.strategy: 0
2019/04/20-19:51:06.097183 7f9c49ef3700         Options.compression_opts.max_dict_bytes: 0
2019/04/20-19:51:06.097184 7f9c49ef3700         Options.compression_opts.zstd_max_train_bytes: 0
2019/04/20-19:51:06.097184 7f9c49ef3700      Options.level0_file_num_compaction_trigger: 2
2019/04/20-19:51:06.097185 7f9c49ef3700          Options.level0_slowdown_writes_trigger: 20
2019/04/20-19:51:06.097186 7f9c49ef3700              Options.level0_stop_writes_trigger: 36
2019/04/20-19:51:06.097187 7f9c49ef3700                   Options.target_file_size_base: 67108864
2019/04/20-19:51:06.097188 7f9c49ef3700             Options.target_file_size_multiplier: 1
2019/04/20-19:51:06.097189 7f9c49ef3700                Options.max_bytes_for_level_base: 536870912
2019/04/20-19:51:06.097190 7f9c49ef3700 Options.level_compaction_dynamic_level_bytes: 0
2019/04/20-19:51:06.097191 7f9c49ef3700          Options.max_bytes_for_level_multiplier: 10.000000
2019/04/20-19:51:06.097193 7f9c49ef3700 Options.max_bytes_for_level_multiplier_addtl[0]: 1
2019/04/20-19:51:06.097194 7f9c49ef3700 Options.max_bytes_for_level_multiplier_addtl[1]: 1
2019/04/20-19:51:06.097195 7f9c49ef3700 Options.max_bytes_for_level_multiplier_addtl[2]: 1
2019/04/20-19:51:06.097196 7f9c49ef3700 Options.max_bytes_for_level_multiplier_addtl[3]: 1
2019/04/20-19:51:06.097197 7f9c49ef3700 Options.max_bytes_for_level_multiplier_addtl[4]: 1
2019/04/20-19:51:06.097198 7f9c49ef3700 Options.max_bytes_for_level_multiplier_addtl[5]: 1
2019/04/20-19:51:06.097199 7f9c49ef3700 Options.max_bytes_for_level_multiplier_addtl[6]: 1
2019/04/20-19:51:06.097199 7f9c49ef3700       Options.max_sequential_skip_in_iterations: 8
2019/04/20-19:51:06.097200 7f9c49ef3700                    Options.max_compaction_bytes: 1677721600
2019/04/20-19:51:06.097207 7f9c49ef3700                        Options.arena_block_size: 16777216
2019/04/20-19:51:06.097209 7f9c49ef3700   Options.soft_pending_compaction_bytes_limit: 68719476736
2019/04/20-19:51:06.097210 7f9c49ef3700   Options.hard_pending_compaction_bytes_limit: 274877906944
2019/04/20-19:51:06.097211 7f9c49ef3700       Options.rate_limit_delay_max_milliseconds: 100
2019/04/20-19:51:06.097212 7f9c49ef3700                Options.disable_auto_compactions: 0
2019/04/20-19:51:06.097213 7f9c49ef3700                        Options.compaction_style: kCompactionStyleLevel
2019/04/20-19:51:06.097215 7f9c49ef3700                          Options.compaction_pri: kByCompensatedSize
2019/04/20-19:51:06.097216 7f9c49ef3700 Options.compaction_options_universal.size_ratio: 1
2019/04/20-19:51:06.097217 7f9c49ef3700 Options.compaction_options_universal.min_merge_width: 2
2019/04/20-19:51:06.097218 7f9c49ef3700 Options.compaction_options_universal.max_merge_width: 4294967295
2019/04/20-19:51:06.097219 7f9c49ef3700 Options.compaction_options_universal.max_size_amplification_percent: 200
2019/04/20-19:51:06.097220 7f9c49ef3700 Options.compaction_options_universal.compression_size_percent: -1
2019/04/20-19:51:06.097221 7f9c49ef3700 Options.compaction_options_universal.stop_style: kCompactionStopStyleTotalSize
2019/04/20-19:51:06.097222 7f9c49ef3700 Options.compaction_options_fifo.max_table_files_size: 1073741824
2019/04/20-19:51:06.097223 7f9c49ef3700 Options.compaction_options_fifo.allow_compaction: 0
2019/04/20-19:51:06.097223 7f9c49ef3700 Options.compaction_options_fifo.ttl: 0
2019/04/20-19:51:06.097224 7f9c49ef3700                   Options.table_properties_collectors: 
2019/04/20-19:51:06.097225 7f9c49ef3700                   Options.inplace_update_support: 0
2019/04/20-19:51:06.097226 7f9c49ef3700                 Options.inplace_update_num_locks: 10000
2019/04/20-19:51:06.097227 7f9c49ef3700               Options.memtable_prefix_bloom_size_ratio: 0.000000
2019/04/20-19:51:06.097228 7f9c49ef3700   Options.memtable_huge_page_size: 0
2019/04/20-19:51:06.097229 7f9c49ef3700                           Options.bloom_locality: 0
2019/04/20-19:51:06.097230 7f9c49ef3700                    Options.max_successive_merges: 0
2019/04/20-19:51:06.097231 7f9c49ef3700                Options.optimize_filters_for_hits: 0
2019/04/20-19:51:06.097232 7f9c49ef3700                Options.paranoid_file_checks: 0
2019/04/20-19:51:06.097233 7f9c49ef3700                Options.force_consistency_checks: 0
2019/04/20-19:51:06.097234 7f9c49ef3700                Options.report_bg_io_stats: 0
2019/04/20-19:51:06.097234 7f9c49ef3700                               Options.ttl: 0
2019/04/20-19:51:06.098090 7f9c49ef3700 [db/column_family.cc:475] --------------- Options for column family [usertable]:
2019/04/20-19:51:06.098094 7f9c49ef3700               Options.comparator: leveldb.BytewiseComparator
2019/04/20-19:51:06.098095 7f9c49ef3700           Options.merge_operator: None
2019/04/20-19:51:06.098096 7f9c49ef3700        Options.compaction_filter: None
2019/04/20-19:51:06.098097 7f9c49ef3700        Options.compaction_filter_factory: None
2019/04/20-19:51:06.098098 7f9c49ef3700         Options.memtable_factory: SkipListFactory
2019/04/20-19:51:06.098099 7f9c49ef3700            Options.table_factory: BlockBasedTable
2019/04/20-19:51:06.098122 7f9c49ef3700            table_factory options:   flush_block_policy_factory: FlushBlockBySizePolicyFactory (0x7f9bbc3aefe0)
  cache_index_and_filter_blocks: 0
  cache_index_and_filter_blocks_with_high_priority: 0
  pin_l0_filter_and_index_blocks_in_cache: 0
  index_type: 0
  hash_index_allow_collision: 1
  checksum: 1
  no_block_cache: 0
  block_cache: 0x7f9bbc3bb650
  block_cache_name: LRUCache
  block_cache_options:
    capacity : 8388608
    num_shard_bits : 4
    strict_capacity_limit : 0
    high_pri_pool_ratio: 0.000
  block_cache_compressed: (nil)
  persistent_cache: (nil)
  block_size: 8192
  block_size_deviation: 10
  block_restart_interval: 16
  index_block_restart_interval: 1
  metadata_block_size: 4096
  partition_filters: 0
  use_delta_encoding: 1
  filter_policy: nullptr
  whole_key_filtering: 1
  verify_compression: 0
  read_amp_bytes_per_bit: 0
  format_version: 2
  enable_index_compression: 1
  block_align: 0
2019/04/20-19:51:06.098135 7f9c49ef3700        Options.write_buffer_size: 134217728
2019/04/20-19:51:06.098137 7f9c49ef3700  Options.max_write_buffer_number: 24
2019/04/20-19:51:06.098138 7f9c49ef3700        Options.compression[0]: NoCompression
2019/04/20-19:51:06.098139 7f9c49ef3700        Options.compression[1]: NoCompression
2019/04/20-19:51:06.098140 7f9c49ef3700        Options.compression[2]: LZ4
2019/04/20-19:51:06.098141 7f9c49ef3700        Options.compression[3]: LZ4
2019/04/20-19:51:06.098142 7f9c49ef3700        Options.compression[4]: LZ4
2019/04/20-19:51:06.098143 7f9c49ef3700        Options.compression[5]: LZ4
2019/04/20-19:51:06.098144 7f9c49ef3700        Options.compression[6]: LZ4
2019/04/20-19:51:06.098145 7f9c49ef3700                  Options.bottommost_compression: Disabled
2019/04/20-19:51:06.098146 7f9c49ef3700       Options.prefix_extractor: nullptr
2019/04/20-19:51:06.098147 7f9c49ef3700   Options.memtable_insert_with_hint_prefix_extractor: nullptr
2019/04/20-19:51:06.098148 7f9c49ef3700             Options.num_levels: 7
2019/04/20-19:51:06.098149 7f9c49ef3700        Options.min_write_buffer_number_to_merge: 2
2019/04/20-19:51:06.098150 7f9c49ef3700     Options.max_write_buffer_number_to_maintain: 0
2019/04/20-19:51:06.098150 7f9c49ef3700            Options.compression_opts.window_bits: -14
2019/04/20-19:51:06.098151 7f9c49ef3700                  Options.compression_opts.level: -1
2019/04/20-19:51:06.098152 7f9c49ef3700               Options.compression_opts.strategy: 0
2019/04/20-19:51:06.098153 7f9c49ef3700         Options.compression_opts.max_dict_bytes: 0
2019/04/20-19:51:06.098154 7f9c49ef3700         Options.compression_opts.zstd_max_train_bytes: 0
2019/04/20-19:51:06.098155 7f9c49ef3700      Options.level0_file_num_compaction_trigger: 2
2019/04/20-19:51:06.098156 7f9c49ef3700          Options.level0_slowdown_writes_trigger: 20
2019/04/20-19:51:06.098157 7f9c49ef3700              Options.level0_stop_writes_trigger: 36
2019/04/20-19:51:06.098157 7f9c49ef3700                   Options.target_file_size_base: 67108864
2019/04/20-19:51:06.098158 7f9c49ef3700             Options.target_file_size_multiplier: 1
2019/04/20-19:51:06.098159 7f9c49ef3700                Options.max_bytes_for_level_base: 536870912
2019/04/20-19:51:06.098160 7f9c49ef3700 Options.level_compaction_dynamic_level_bytes: 0
2019/04/20-19:51:06.098161 7f9c49ef3700          Options.max_bytes_for_level_multiplier: 10.000000
2019/04/20-19:51:06.098163 7f9c49ef3700 Options.max_bytes_for_level_multiplier_addtl[0]: 1
2019/04/20-19:51:06.098164 7f9c49ef3700 Options.max_bytes_for_level_multiplier_addtl[1]: 1
2019/04/20-19:51:06.098165 7f9c49ef3700 Options.max_bytes_for_level_multiplier_addtl[2]: 1
2019/04/20-19:51:06.098166 7f9c49ef3700 Options.max_bytes_for_level_multiplier_addtl[3]: 1
2019/04/20-19:51:06.098167 7f9c49ef3700 Options.max_bytes_for_level_multiplier_addtl[4]: 1
2019/04/20-19:51:06.098167 7f9c49ef3700 Options.max_bytes_for_level_multiplier_addtl[5]: 1
2019/04/20-19:51:06.098168 7f9c49ef3700 Options.max_bytes_for_level_multiplier_addtl[6]: 1
2019/04/20-19:51:06.098169 7f9c49ef3700       Options.max_sequential_skip_in_iterations: 8
2019/04/20-19:51:06.098170 7f9c49ef3700                    Options.max_compaction_bytes: 1677721600
2019/04/20-19:51:06.098171 7f9c49ef3700                        Options.arena_block_size: 16777216
2019/04/20-19:51:06.098172 7f9c49ef3700   Options.soft_pending_compaction_bytes_limit: 68719476736
2019/04/20-19:51:06.098173 7f9c49ef3700   Options.hard_pending_compaction_bytes_limit: 274877906944
2019/04/20-19:51:06.098174 7f9c49ef3700       Options.rate_limit_delay_max_milliseconds: 100
2019/04/20-19:51:06.098175 7f9c49ef3700                Options.disable_auto_compactions: 0
2019/04/20-19:51:06.098176 7f9c49ef3700                        Options.compaction_style: kCompactionStyleLevel
2019/04/20-19:51:06.098183 7f9c49ef3700                          Options.compaction_pri: kByCompensatedSize
2019/04/20-19:51:06.098184 7f9c49ef3700 Options.compaction_options_universal.size_ratio: 1
2019/04/20-19:51:06.098185 7f9c49ef3700 Options.compaction_options_universal.min_merge_width: 2
2019/04/20-19:51:06.098186 7f9c49ef3700 Options.compaction_options_universal.max_merge_width: 4294967295
2019/04/20-19:51:06.098187 7f9c49ef3700 Options.compaction_options_universal.max_size_amplification_percent: 200
2019/04/20-19:51:06.098188 7f9c49ef3700 Options.compaction_options_universal.compression_size_percent: -1
2019/04/20-19:51:06.098189 7f9c49ef3700 Options.compaction_options_universal.stop_style: kCompactionStopStyleTotalSize
2019/04/20-19:51:06.098190 7f9c49ef3700 Options.compaction_options_fifo.max_table_files_size: 1073741824
2019/04/20-19:51:06.098190 7f9c49ef3700 Options.compaction_options_fifo.allow_compaction: 0
2019/04/20-19:51:06.098191 7f9c49ef3700 Options.compaction_options_fifo.ttl: 0
2019/04/20-19:51:06.098192 7f9c49ef3700                   Options.table_properties_collectors: 
2019/04/20-19:51:06.098193 7f9c49ef3700                   Options.inplace_update_support: 0
2019/04/20-19:51:06.098194 7f9c49ef3700                 Options.inplace_update_num_locks: 10000
2019/04/20-19:51:06.098195 7f9c49ef3700               Options.memtable_prefix_bloom_size_ratio: 0.000000
2019/04/20-19:51:06.098196 7f9c49ef3700   Options.memtable_huge_page_size: 0
2019/04/20-19:51:06.098197 7f9c49ef3700                           Options.bloom_locality: 0
2019/04/20-19:51:06.098198 7f9c49ef3700                    Options.max_successive_merges: 0
2019/04/20-19:51:06.098199 7f9c49ef3700                Options.optimize_filters_for_hits: 0
2019/04/20-19:51:06.098200 7f9c49ef3700                Options.paranoid_file_checks: 0
2019/04/20-19:51:06.098201 7f9c49ef3700                Options.force_consistency_checks: 0
2019/04/20-19:51:06.098201 7f9c49ef3700                Options.report_bg_io_stats: 0
2019/04/20-19:51:06.098202 7f9c49ef3700                               Options.ttl: 0
2019/04/20-19:51:06.673250 7f9c49ef3700 [db/version_set.cc:3361] Recovered from manifest file:/mnt/sdd/ycsb-rocksdb-data/MANIFEST-000004 succeeded,manifest_file_number is 4, next_file_number is 1332, last_sequence is 10409924, log_number is 0,prev_log_number is 0,max_column_family is 1,min_log_number_to_keep is 0
2019/04/20-19:51:06.673265 7f9c49ef3700 [db/version_set.cc:3369] Column family [default] (ID 0), log number is 0
2019/04/20-19:51:06.673267 7f9c49ef3700 [db/version_set.cc:3369] Column family [usertable] (ID 1), log number is 1325
2019/04/20-19:51:06.675413 7f9c49ef3700 EVENT_LOG_v1 {"time_micros": 1555815066675393, "job": 1, "event": "recovery_started", "log_files": [1325, 1331]}
2019/04/20-19:51:06.675421 7f9c49ef3700 [db/db_impl_open.cc:551] Recovering log #1325 mode 2
2019/04/20-19:51:07.220786 7f9c49ef3700 [db/db_impl_open.cc:551] Recovering log #1331 mode 2
2019/04/20-19:51:08.079183 7f9c49ef3700 EVENT_LOG_v1 {"time_micros": 1555815068079151, "cf_name": "usertable", "job": 1, "event": "table_file_creation", "file_number": 1332, "file_size": 129895355, "table_properties": {"data_size": 129317911, "index_size": 576522, "filter_size": 0, "raw_key_size": 752760, "raw_average_key_size": 24, "raw_value_size": 128471040, "raw_average_value_size": 4096, "num_data_blocks": 15683, "num_entries": 31365, "filter_policy_name": "", "kDeletedKeys": "0", "kMergeOperands": "0"}}
2019/04/20-19:51:08.860080 7f9c49ef3700 [db/version_set.cc:2847] Creating manifest 1333
2019/04/20-19:51:09.340022 7f9c49ef3700 EVENT_LOG_v1 {"time_micros": 1555815069339991, "cf_name": "usertable", "job": 1, "event": "table_file_creation", "file_number": 1334, "file_size": 74193478, "table_properties": {"data_size": 73861411, "index_size": 331145, "filter_size": 0, "raw_key_size": 429936, "raw_average_key_size": 24, "raw_value_size": 73375744, "raw_average_value_size": 4096, "num_data_blocks": 8957, "num_entries": 17914, "filter_policy_name": "", "kDeletedKeys": "0", "kMergeOperands": "0"}}
2019/04/20-19:51:09.364236 7f9c49ef3700 EVENT_LOG_v1 {"time_micros": 1555815069364223, "job": 1, "event": "recovery_finished"}
2019/04/20-19:51:09.442389 7f9c49ef3700 [db/db_impl_open.cc:1219] DB pointer 0x7f9bbc3b2340
2019/04/20-19:51:09.442711 7f9c48d3d700 [WARN] [db/db_impl.cc:491] ------- DUMPING STATS -------
2019/04/20-19:51:09.442792 7f9c48d3d700 [WARN] [db/db_impl.cc:492] 
** DB Stats **
Uptime(secs): 3.3 total, 3.3 interval
Cumulative writes: 0 writes, 0 keys, 0 commit groups, 0.0 writes per commit group, ingest: 0.00 GB, 0.00 MB/s
Cumulative WAL: 0 writes, 0 syncs, 0.00 writes per sync, written: 0.00 GB, 0.00 MB/s
Cumulative stall: 00:00:0.000 H:M:S, 0.0 percent
Interval writes: 0 writes, 0 keys, 0 commit groups, 0.0 writes per commit group, ingest: 0.00 MB, 0.00 MB/s
Interval WAL: 0 writes, 0 syncs, 0.00 writes per sync, written: 0.00 MB, 0.00 MB/s
Interval stall: 00:00:0.000 H:M:S, 0.0 percent

** Compaction Stats [default] **
Level    Files   Size     Score Read(GB)  Rn(GB) Rnp1(GB) Write(GB) Wnew(GB) Moved(GB) W-Amp Rd(MB/s) Wr(MB/s) Comp(sec) Comp(cnt) Avg(sec) KeyIn KeyDrop
----------------------------------------------------------------------------------------------------------------------------------------------------------
 Sum      0/0    0.00 KB   0.0      0.0     0.0      0.0       0.0      0.0       0.0   0.0      0.0      0.0         0         0    0.000       0      0
 Int      0/0    0.00 KB   0.0      0.0     0.0      0.0       0.0      0.0       0.0   0.0      0.0      0.0         0         0    0.000       0      0
Uptime(secs): 3.3 total, 3.3 interval
Flush(GB): cumulative 0.000, interval 0.000
AddFile(GB): cumulative 0.000, interval 0.000
AddFile(Total Files): cumulative 0, interval 0
AddFile(L0 Files): cumulative 0, interval 0
AddFile(Keys): cumulative 0, interval 0
Cumulative compaction: 0.00 GB write, 0.00 MB/s write, 0.00 GB read, 0.00 MB/s read, 0.0 seconds
Interval compaction: 0.00 GB write, 0.00 MB/s write, 0.00 GB read, 0.00 MB/s read, 0.0 seconds
Stalls(count): 0 level0_slowdown, 0 level0_slowdown_with_compaction, 0 level0_numfiles, 0 level0_numfiles_with_compaction, 0 stop for pending_compaction_bytes, 0 slowdown for pending_compaction_bytes, 0 memtable_compaction, 0 memtable_slowdown, interval 0 total count

** File Read Latency Histogram By Level [default] **

** Compaction Stats [usertable] **
Level    Files   Size     Score Read(GB)  Rn(GB) Rnp1(GB) Write(GB) Wnew(GB) Moved(GB) W-Amp Rd(MB/s) Wr(MB/s) Comp(sec) Comp(cnt) Avg(sec) KeyIn KeyDrop
----------------------------------------------------------------------------------------------------------------------------------------------------------
  L0      3/0   395.56 MB   1.5      0.0     0.0      0.0       0.2      0.2       0.0   1.0      0.0    169.0         1         2    0.576       0      0
  L1      8/0   485.95 MB   0.9      0.0     0.0      0.0       0.0      0.0       0.0   0.0      0.0      0.0         0         0    0.000       0      0
  L2    184/0    4.94 GB   1.0      0.0     0.0      0.0       0.0      0.0       0.0   0.0      0.0      0.0         0         0    0.000       0      0
  L3    549/0   34.38 GB   0.7      0.0     0.0      0.0       0.0      0.0       0.0   0.0      0.0      0.0         0         0    0.000       0      0
 Sum    744/0   40.18 GB   0.0      0.0     0.0      0.0       0.2      0.2       0.0   1.0      0.0    169.0         1         2    0.576       0      0
 Int      0/0    0.00 KB   0.0      0.0     0.0      0.0       0.2      0.2       0.0   1.0      0.0    169.0         1         2    0.576       0      0
Uptime(secs): 3.3 total, 3.3 interval
Flush(GB): cumulative 0.190, interval 0.190
AddFile(GB): cumulative 0.000, interval 0.000
AddFile(Total Files): cumulative 0, interval 0
AddFile(L0 Files): cumulative 0, interval 0
AddFile(Keys): cumulative 0, interval 0
Cumulative compaction: 0.19 GB write, 58.19 MB/s write, 0.00 GB read, 0.00 MB/s read, 1.2 seconds
Interval compaction: 0.19 GB write, 58.19 MB/s write, 0.00 GB read, 0.00 MB/s read, 1.2 seconds
Stalls(count): 0 level0_slowdown, 0 level0_slowdown_with_compaction, 0 level0_numfiles, 0 level0_numfiles_with_compaction, 0 stop for pending_compaction_bytes, 0 slowdown for pending_compaction_bytes, 0 memtable_compaction, 0 memtable_slowdown, interval 0 total count

** File Read Latency Histogram By Level [usertable] **

** Compaction Stats [default] **
Level    Files   Size     Score Read(GB)  Rn(GB) Rnp1(GB) Write(GB) Wnew(GB) Moved(GB) W-Amp Rd(MB/s) Wr(MB/s) Comp(sec) Comp(cnt) Avg(sec) KeyIn KeyDrop
----------------------------------------------------------------------------------------------------------------------------------------------------------
 Sum      0/0    0.00 KB   0.0      0.0     0.0      0.0       0.0      0.0       0.0   0.0      0.0      0.0         0         0    0.000       0      0
 Int      0/0    0.00 KB   0.0      0.0     0.0      0.0       0.0      0.0       0.0   0.0      0.0      0.0         0         0    0.000       0      0
Uptime(secs): 3.3 total, 0.0 interval
Flush(GB): cumulative 0.000, interval 0.000
AddFile(GB): cumulative 0.000, interval 0.000
AddFile(Total Files): cumulative 0, interval 0
AddFile(L0 Files): cumulative 0, interval 0
AddFile(Keys): cumulative 0, interval 0
Cumulative compaction: 0.00 GB write, 0.00 MB/s write, 0.00 GB read, 0.00 MB/s read, 0.0 seconds
Interval compaction: 0.00 GB write, 0.00 MB/s write, 0.00 GB read, 0.00 MB/s read, 0.0 seconds
Stalls(count): 0 level0_slowdown, 0 level0_slowdown_with_compaction, 0 level0_numfiles, 0 level0_numfiles_with_compaction, 0 stop for pending_compaction_bytes, 0 slowdown for pending_compaction_bytes, 0 memtable_compaction, 0 memtable_slowdown, interval 0 total count

** File Read Latency Histogram By Level [default] **

** Compaction Stats [usertable] **
Level    Files   Size     Score Read(GB)  Rn(GB) Rnp1(GB) Write(GB) Wnew(GB) Moved(GB) W-Amp Rd(MB/s) Wr(MB/s) Comp(sec) Comp(cnt) Avg(sec) KeyIn KeyDrop
----------------------------------------------------------------------------------------------------------------------------------------------------------
  L0      3/0   395.56 MB   1.5      0.0     0.0      0.0       0.2      0.2       0.0   1.0      0.0    169.0         1         2    0.576       0      0
  L1      8/0   485.95 MB   0.9      0.0     0.0      0.0       0.0      0.0       0.0   0.0      0.0      0.0         0         0    0.000       0      0
  L2    184/0    4.94 GB   1.0      0.0     0.0      0.0       0.0      0.0       0.0   0.0      0.0      0.0         0         0    0.000       0      0
  L3    549/0   34.38 GB   0.7      0.0     0.0      0.0       0.0      0.0       0.0   0.0      0.0      0.0         0         0    0.000       0      0
 Sum    744/0   40.18 GB   0.0      0.0     0.0      0.0       0.2      0.2       0.0   1.0      0.0    169.0         1         2    0.576       0      0
 Int      0/0    0.00 KB   0.0      0.0     0.0      0.0       0.0      0.0       0.0   0.0      0.0      0.0         0         0    0.000       0      0
Uptime(secs): 3.3 total, 0.0 interval
Flush(GB): cumulative 0.190, interval 0.000
AddFile(GB): cumulative 0.000, interval 0.000
AddFile(Total Files): cumulative 0, interval 0
AddFile(L0 Files): cumulative 0, interval 0
AddFile(Keys): cumulative 0, interval 0
Cumulative compaction: 0.19 GB write, 58.19 MB/s write, 0.00 GB read, 0.00 MB/s read, 1.2 seconds
Interval compaction: 0.00 GB write, 0.00 MB/s write, 0.00 GB read, 0.00 MB/s read, 0.0 seconds
Stalls(count): 0 level0_slowdown, 0 level0_slowdown_with_compaction, 0 level0_numfiles, 0 level0_numfiles_with_compaction, 0 stop for pending_compaction_bytes, 0 slowdown for pending_compaction_bytes, 0 memtable_compaction, 0 memtable_slowdown, interval 0 total count

** File Read Latency Histogram By Level [usertable] **
2019/04/20-19:51:09.467988 7f9c48d3d700 (Original Log Time 2019/04/20-19:51:09.442983) [db/db_impl_compaction_flush.cc:1835] [usertable] Moving #1123 to level-1 210689682 bytes
2019/04/20-19:51:09.467995 7f9c48d3d700 (Original Log Time 2019/04/20-19:51:09.467866) EVENT_LOG_v1 {"time_micros": 1555815069467851, "job": 3, "event": "trivial_move", "destination_level": 1, "files": 1, "total_files_size": 210689682}
2019/04/20-19:51:09.467998 7f9c48d3d700 (Original Log Time 2019/04/20-19:51:09.467881) [db/db_impl_compaction_flush.cc:1864] [usertable] Moved #1 files to level-1 210689682 bytes OK: base level 1 max bytes base 536870912 files[2 9 184 549 0 0 0] max score 1.34
2019/04/20-19:51:09.468110 7f9c48d3d700 [db/compaction_job.cc:1531] [usertable] [JOB 4] Compacting 1@1 files to L2, score 1.34
2019/04/20-19:51:09.468118 7f9c48d3d700 [db/compaction_job.cc:1535] [usertable] Compaction start summary: Base version 6 Base level 1, inputs: [1123(200MB)]
2019/04/20-19:51:09.468155 7f9c48d3d700 EVENT_LOG_v1 {"time_micros": 1555815069468126, "job": 4, "event": "compaction_started", "compaction_reason": "LevelMaxLevelSize", "files_L1": [1123], "score": 1.34155, "input_data_size": 210689682}
2019/04/20-19:51:10.399182 7f9c48d3d700 [db/compaction_job.cc:1211] [usertable] [JOB 4] Generated table #1338: 16279 keys, 67233331 bytes
2019/04/20-19:51:10.399231 7f9c48d3d700 EVENT_LOG_v1 {"time_micros": 1555815070399210, "cf_name": "usertable", "job": 4, "event": "table_file_creation", "file_number": 1338, "file_size": 67233331, "table_properties": {"data_size": 67118331, "index_size": 299107, "filter_size": 0, "raw_key_size": 390696, "raw_average_key_size": 24, "raw_value_size": 66678784, "raw_average_value_size": 4096, "num_data_blocks": 8140, "num_entries": 16279, "filter_policy_name": "", "kDeletedKeys": "0", "kMergeOperands": "0"}}
2019/04/20-19:51:11.358457 7f9c48d3d700 [db/compaction_job.cc:1211] [usertable] [JOB 4] Generated table #1339: 16279 keys, 67233554 bytes
2019/04/20-19:51:11.358506 7f9c48d3d700 EVENT_LOG_v1 {"time_micros": 1555815071358485, "cf_name": "usertable", "job": 4, "event": "table_file_creation", "file_number": 1339, "file_size": 67233554, "table_properties": {"data_size": 67120139, "index_size": 300916, "filter_size": 0, "raw_key_size": 390696, "raw_average_key_size": 24, "raw_value_size": 66678784, "raw_average_value_size": 4096, "num_data_blocks": 8140, "num_entries": 16279, "filter_policy_name": "", "kDeletedKeys": "0", "kMergeOperands": "0"}}
2019/04/20-19:51:12.239864 7f9c48d3d700 [db/compaction_job.cc:1211] [usertable] [JOB 4] Generated table #1340: 16279 keys, 67233392 bytes
2019/04/20-19:51:12.239915 7f9c48d3d700 EVENT_LOG_v1 {"time_micros": 1555815072239894, "cf_name": "usertable", "job": 4, "event": "table_file_creation", "file_number": 1340, "file_size": 67233392, "table_properties": {"data_size": 67118331, "index_size": 299109, "filter_size": 0, "raw_key_size": 390696, "raw_average_key_size": 24, "raw_value_size": 66678784, "raw_average_value_size": 4096, "num_data_blocks": 8140, "num_entries": 16279, "filter_policy_name": "", "kDeletedKeys": "0", "kMergeOperands": "0"}}
2019/04/20-19:51:12.367418 7f9c48d3d700 [db/compaction_job.cc:1211] [usertable] [JOB 4] Generated table #1341: 2037 keys, 8413897 bytes
2019/04/20-19:51:12.367508 7f9c48d3d700 EVENT_LOG_v1 {"time_micros": 1555815072367463, "cf_name": "usertable", "job": 4, "event": "table_file_creation", "file_number": 1341, "file_size": 8413897, "table_properties": {"data_size": 8398792, "index_size": 37439, "filter_size": 0, "raw_key_size": 48888, "raw_average_key_size": 24, "raw_value_size": 8343552, "raw_average_value_size": 4096, "num_data_blocks": 1019, "num_entries": 2037, "filter_policy_name": "", "kDeletedKeys": "0", "kMergeOperands": "0"}}
2019/04/20-19:51:12.367597 7f9c48d3d700 [db/compaction_job.cc:1287] [usertable] [JOB 4] Compacted 1@1 files to L2 => 210114174 bytes
2019/04/20-19:51:12.386037 7f9c48d3d700 (Original Log Time 2019/04/20-19:51:12.385859) [db/compaction_job.cc:685] [usertable] compacted to: base level 1 max bytes base 536870912 files[2 8 188 549 0 0 0] max score 1.03, MB/sec: 72.7 rd, 72.5 wr, level 2, files in(1, 0) out(4) MB in(200.9, 0.0) out(200.4), read-write-amplify(2.0) write-amplify(1.0) OK, records in: 50874, records dropped: 0 output_compression: LZ4
2019/04/20-19:51:12.386045 7f9c48d3d700 (Original Log Time 2019/04/20-19:51:12.385921) EVENT_LOG_v1 {"time_micros": 1555815072385898, "job": 4, "event": "compaction_finished", "compaction_time_micros": 2899388, "output_level": 2, "num_output_files": 4, "total_output_size": 210114174, "num_input_records": 50874, "num_output_records": 50874, "num_subcompactions": 1, "output_compression": "LZ4", "num_single_delete_mismatches": 0, "num_single_delete_fallthrough": 0, "lsm_state": [2, 8, 188, 549, 0, 0, 0]}
2019/04/20-19:51:12.403974 7f9bd4ffe700 (Original Log Time 2019/04/20-19:51:12.386282) [db/db_impl_compaction_flush.cc:1835] [usertable] Moving #1339 to level-3 67233554 bytes
2019/04/20-19:51:12.403982 7f9bd4ffe700 (Original Log Time 2019/04/20-19:51:12.403854) EVENT_LOG_v1 {"time_micros": 1555815072403842, "job": 5, "event": "trivial_move", "destination_level": 3, "files": 1, "total_files_size": 67233554}
2019/04/20-19:51:12.403988 7f9bd4ffe700 (Original Log Time 2019/04/20-19:51:12.403869) [db/db_impl_compaction_flush.cc:1864] [usertable] Moved #1 files to level-3 67233554 bytes OK: base level 1 max bytes base 536870912 files[2 8 187 550 0 0 0] max score 1.01
2019/04/20-19:51:12.423743 7f9bd4ffe700 EVENT_LOG_v1 {"time_micros": 1555815072423731, "job": 5, "event": "table_file_deletion", "file_number": 1123}
2019/04/20-19:51:12.474906 7f9bd4ffe700 (Original Log Time 2019/04/20-19:51:12.423937) [db/db_impl_compaction_flush.cc:1835] [usertable] Moving #1340 to level-3 67233392 bytes
2019/04/20-19:51:12.474915 7f9bd4ffe700 (Original Log Time 2019/04/20-19:51:12.474536) EVENT_LOG_v1 {"time_micros": 1555815072474525, "job": 6, "event": "trivial_move", "destination_level": 3, "files": 1, "total_files_size": 67233392}
2019/04/20-19:51:12.474918 7f9bd4ffe700 (Original Log Time 2019/04/20-19:51:12.474557) [db/db_impl_compaction_flush.cc:1864] [usertable] Moved #1 files to level-3 67233392 bytes OK: base level 1 max bytes base 536870912 files[2 8 186 551 0 0 0] max score 1.00
2019/04/20-19:51:12.493739 7f9bd4ffe700 (Original Log Time 2019/04/20-19:51:12.475816) [db/db_impl_compaction_flush.cc:1835] [usertable] Moving #1338 to level-3 67233331 bytes
2019/04/20-19:51:12.493744 7f9bd4ffe700 (Original Log Time 2019/04/20-19:51:12.493666) EVENT_LOG_v1 {"time_micros": 1555815072493649, "job": 7, "event": "trivial_move", "destination_level": 3, "files": 1, "total_files_size": 67233331}
2019/04/20-19:51:12.493746 7f9bd4ffe700 (Original Log Time 2019/04/20-19:51:12.493679) [db/db_impl_compaction_flush.cc:1864] [usertable] Moved #1 files to level-3 67233331 bytes OK: base level 1 max bytes base 536870912 files[2 8 185 552 0 0 0] max score 1.00
2019/04/20-19:51:12.511589 7f9bd4ffe700 (Original Log Time 2019/04/20-19:51:12.493948) [db/db_impl_compaction_flush.cc:1835] [usertable] Moving #1332 to level-1 129895355 bytes
2019/04/20-19:51:12.511596 7f9bd4ffe700 (Original Log Time 2019/04/20-19:51:12.511503) EVENT_LOG_v1 {"time_micros": 1555815072511493, "job": 8, "event": "trivial_move", "destination_level": 1, "files": 1, "total_files_size": 129895355}
