2019/03/20-03:29:48.777322 7f5a498d4700 RocksDB version: 5.14.3
2019/03/20-03:29:48.777409 7f5a498d4700 Git sha rocksdb_build_git_sha:
2019/03/20-03:29:48.777412 7f5a498d4700 Compile date Oct  9 2018
2019/03/20-03:29:48.777422 7f5a498d4700 DB SUMMARY
2019/03/20-03:29:48.778048 7f5a498d4700 CURRENT file:  CURRENT
2019/03/20-03:29:48.778053 7f5a498d4700 IDENTITY file:  IDENTITY
2019/03/20-03:29:48.778063 7f5a498d4700 MANIFEST file:  MANIFEST-000004 size: 133734 Bytes
2019/03/20-03:29:48.778067 7f5a498d4700 SST files in /mnt/sdh/ycsb-rocksdb-data dir, Total Num: 734, files: 000021.sst 000022.sst 000023.sst 000024.sst 000034.sst 000035.sst 000036.sst 000037.sst 000038.sst 
2019/03/20-03:29:48.778073 7f5a498d4700 Write Ahead Log file in /mnt/sdh/ycsb-rocksdb-data: 001392.log size: 118532975 ; 001398.log size: 115394437 ; 001399.log size: 22361216 ; 
2019/03/20-03:29:48.778101 7f5a498d4700                         Options.error_if_exists: 0
2019/03/20-03:29:48.778103 7f5a498d4700                       Options.create_if_missing: 1
2019/03/20-03:29:48.778104 7f5a498d4700                         Options.paranoid_checks: 1
2019/03/20-03:29:48.778105 7f5a498d4700                                     Options.env: 0x7f5a48f4f080
2019/03/20-03:29:48.778106 7f5a498d4700                                Options.info_log: 0x7f59e43d3ee0
2019/03/20-03:29:48.778107 7f5a498d4700                Options.max_file_opening_threads: 16
2019/03/20-03:29:48.778108 7f5a498d4700                              Options.statistics: (nil)
2019/03/20-03:29:48.778109 7f5a498d4700                               Options.use_fsync: 0
2019/03/20-03:29:48.778110 7f5a498d4700                       Options.max_log_file_size: 0
2019/03/20-03:29:48.778111 7f5a498d4700                  Options.max_manifest_file_size: 18446744073709551615
2019/03/20-03:29:48.778111 7f5a498d4700                   Options.log_file_time_to_roll: 0
2019/03/20-03:29:48.778112 7f5a498d4700                       Options.keep_log_file_num: 1000
2019/03/20-03:29:48.778113 7f5a498d4700                    Options.recycle_log_file_num: 0
2019/03/20-03:29:48.778114 7f5a498d4700                         Options.allow_fallocate: 1
2019/03/20-03:29:48.778115 7f5a498d4700                        Options.allow_mmap_reads: 0
2019/03/20-03:29:48.778116 7f5a498d4700                       Options.allow_mmap_writes: 0
2019/03/20-03:29:48.778117 7f5a498d4700                        Options.use_direct_reads: 0
2019/03/20-03:29:48.778117 7f5a498d4700                        Options.use_direct_io_for_flush_and_compaction: 0
2019/03/20-03:29:48.778118 7f5a498d4700          Options.create_missing_column_families: 1
2019/03/20-03:29:48.778119 7f5a498d4700                              Options.db_log_dir: 
2019/03/20-03:29:48.778120 7f5a498d4700                                 Options.wal_dir: /mnt/sdh/ycsb-rocksdb-data
2019/03/20-03:29:48.778121 7f5a498d4700                Options.table_cache_numshardbits: 6
2019/03/20-03:29:48.778122 7f5a498d4700                      Options.max_subcompactions: 4
2019/03/20-03:29:48.778123 7f5a498d4700                  Options.max_background_flushes: 24
2019/03/20-03:29:48.778124 7f5a498d4700                         Options.WAL_ttl_seconds: 0
2019/03/20-03:29:48.778125 7f5a498d4700                       Options.WAL_size_limit_MB: 0
2019/03/20-03:29:48.778126 7f5a498d4700             Options.manifest_preallocation_size: 4194304
2019/03/20-03:29:48.778127 7f5a498d4700                     Options.is_fd_close_on_exec: 1
2019/03/20-03:29:48.778128 7f5a498d4700                   Options.advise_random_on_open: 1
2019/03/20-03:29:48.778128 7f5a498d4700                    Options.db_write_buffer_size: 0
2019/03/20-03:29:48.778129 7f5a498d4700                    Options.write_buffer_manager: 0x7f59e43d38d0
2019/03/20-03:29:48.778130 7f5a498d4700         Options.access_hint_on_compaction_start: 1
2019/03/20-03:29:48.778131 7f5a498d4700  Options.new_table_reader_for_compaction_inputs: 0
2019/03/20-03:29:48.778132 7f5a498d4700           Options.random_access_max_buffer_size: 1048576
2019/03/20-03:29:48.778133 7f5a498d4700                      Options.use_adaptive_mutex: 0
2019/03/20-03:29:48.778149 7f5a498d4700                            Options.rate_limiter: (nil)
2019/03/20-03:29:48.778152 7f5a498d4700     Options.sst_file_manager.rate_bytes_per_sec: 0
2019/03/20-03:29:48.778153 7f5a498d4700                       Options.wal_recovery_mode: 2
2019/03/20-03:29:48.778154 7f5a498d4700                  Options.enable_thread_tracking: 0
2019/03/20-03:29:48.778155 7f5a498d4700                  Options.enable_pipelined_write: 1
2019/03/20-03:29:48.778155 7f5a498d4700         Options.allow_concurrent_memtable_write: 1
2019/03/20-03:29:48.778156 7f5a498d4700      Options.enable_write_thread_adaptive_yield: 1
2019/03/20-03:29:48.778157 7f5a498d4700             Options.write_thread_max_yield_usec: 100
2019/03/20-03:29:48.778158 7f5a498d4700            Options.write_thread_slow_yield_usec: 3
2019/03/20-03:29:48.778159 7f5a498d4700                               Options.row_cache: None
2019/03/20-03:29:48.778160 7f5a498d4700                              Options.wal_filter: None
2019/03/20-03:29:48.778161 7f5a498d4700             Options.avoid_flush_during_recovery: 0
2019/03/20-03:29:48.778161 7f5a498d4700             Options.allow_ingest_behind: 0
2019/03/20-03:29:48.778162 7f5a498d4700             Options.preserve_deletes: 0
2019/03/20-03:29:48.778163 7f5a498d4700             Options.two_write_queues: 0
2019/03/20-03:29:48.778164 7f5a498d4700             Options.manual_wal_flush: 0
2019/03/20-03:29:48.778166 7f5a498d4700             Options.max_background_jobs: 24
2019/03/20-03:29:48.778167 7f5a498d4700             Options.max_background_compactions: 24
2019/03/20-03:29:48.778168 7f5a498d4700             Options.avoid_flush_during_shutdown: 0
2019/03/20-03:29:48.778169 7f5a498d4700           Options.writable_file_max_buffer_size: 1048576
2019/03/20-03:29:48.778170 7f5a498d4700             Options.delayed_write_rate : 16777216
2019/03/20-03:29:48.778171 7f5a498d4700             Options.max_total_wal_size: 0
2019/03/20-03:29:48.778172 7f5a498d4700             Options.delete_obsolete_files_period_micros: 21600000000
2019/03/20-03:29:48.778173 7f5a498d4700                   Options.stats_dump_period_sec: 60
2019/03/20-03:29:48.778174 7f5a498d4700                          Options.max_open_files: -1
2019/03/20-03:29:48.778175 7f5a498d4700                          Options.bytes_per_sync: 1048576
2019/03/20-03:29:48.778176 7f5a498d4700                      Options.wal_bytes_per_sync: 0
2019/03/20-03:29:48.778177 7f5a498d4700       Options.compaction_readahead_size: 0
2019/03/20-03:29:48.778177 7f5a498d4700 Compression algorithms supported:
2019/03/20-03:29:48.778179 7f5a498d4700 	kZSTDNotFinalCompression supported: 1
2019/03/20-03:29:48.778189 7f5a498d4700 	kZSTD supported: 1
2019/03/20-03:29:48.778190 7f5a498d4700 	kXpressCompression supported: 0
2019/03/20-03:29:48.778191 7f5a498d4700 	kLZ4HCCompression supported: 1
2019/03/20-03:29:48.778193 7f5a498d4700 	kLZ4Compression supported: 1
2019/03/20-03:29:48.778194 7f5a498d4700 	kBZip2Compression supported: 1
2019/03/20-03:29:48.778195 7f5a498d4700 	kZlibCompression supported: 1
2019/03/20-03:29:48.778196 7f5a498d4700 	kSnappyCompression supported: 1
2019/03/20-03:29:48.778200 7f5a498d4700 Fast CRC32 supported: Not supported on x86
2019/03/20-03:29:48.778663 7f5a498d4700 [db/version_set.cc:3085] Recovering from manifest file: MANIFEST-000004
2019/03/20-03:29:48.778770 7f5a498d4700 [db/column_family.cc:475] --------------- Options for column family [default]:
2019/03/20-03:29:48.778774 7f5a498d4700               Options.comparator: leveldb.BytewiseComparator
2019/03/20-03:29:48.778775 7f5a498d4700           Options.merge_operator: None
2019/03/20-03:29:48.778776 7f5a498d4700        Options.compaction_filter: None
2019/03/20-03:29:48.778777 7f5a498d4700        Options.compaction_filter_factory: None
2019/03/20-03:29:48.778778 7f5a498d4700         Options.memtable_factory: SkipListFactory
2019/03/20-03:29:48.778779 7f5a498d4700            Options.table_factory: BlockBasedTable
2019/03/20-03:29:48.778806 7f5a498d4700            table_factory options:   flush_block_policy_factory: FlushBlockBySizePolicyFactory (0x7f59e43d44e0)
  cache_index_and_filter_blocks: 0
  cache_index_and_filter_blocks_with_high_priority: 0
  pin_l0_filter_and_index_blocks_in_cache: 0
  index_type: 0
  hash_index_allow_collision: 1
  checksum: 1
  no_block_cache: 0
  block_cache: 0x7f59e43c63c0
  block_cache_name: LRUCache
  block_cache_options:
    capacity : 8388608
    num_shard_bits : 4
    strict_capacity_limit : 0
    high_pri_pool_ratio: 0.000
  block_cache_compressed: (nil)
  persistent_cache: (nil)
  block_size: 8192
  block_size_deviation: 10
  block_restart_interval: 16
  index_block_restart_interval: 1
  metadata_block_size: 4096
  partition_filters: 0
  use_delta_encoding: 1
  filter_policy: nullptr
  whole_key_filtering: 1
  verify_compression: 0
  read_amp_bytes_per_bit: 0
  format_version: 2
  enable_index_compression: 1
  block_align: 0
2019/03/20-03:29:48.778819 7f5a498d4700        Options.write_buffer_size: 134217728
2019/03/20-03:29:48.778821 7f5a498d4700  Options.max_write_buffer_number: 24
2019/03/20-03:29:48.778822 7f5a498d4700        Options.compression[0]: NoCompression
2019/03/20-03:29:48.778824 7f5a498d4700        Options.compression[1]: NoCompression
2019/03/20-03:29:48.778825 7f5a498d4700        Options.compression[2]: LZ4
2019/03/20-03:29:48.778827 7f5a498d4700        Options.compression[3]: LZ4
2019/03/20-03:29:48.778828 7f5a498d4700        Options.compression[4]: LZ4
2019/03/20-03:29:48.778829 7f5a498d4700        Options.compression[5]: LZ4
2019/03/20-03:29:48.778830 7f5a498d4700        Options.compression[6]: LZ4
2019/03/20-03:29:48.778831 7f5a498d4700                  Options.bottommost_compression: Disabled
2019/03/20-03:29:48.778832 7f5a498d4700       Options.prefix_extractor: nullptr
2019/03/20-03:29:48.778833 7f5a498d4700   Options.memtable_insert_with_hint_prefix_extractor: nullptr
2019/03/20-03:29:48.778834 7f5a498d4700             Options.num_levels: 7
2019/03/20-03:29:48.778835 7f5a498d4700        Options.min_write_buffer_number_to_merge: 2
2019/03/20-03:29:48.778836 7f5a498d4700     Options.max_write_buffer_number_to_maintain: 0
2019/03/20-03:29:48.778837 7f5a498d4700            Options.compression_opts.window_bits: -14
2019/03/20-03:29:48.778838 7f5a498d4700                  Options.compression_opts.level: -1
2019/03/20-03:29:48.778838 7f5a498d4700               Options.compression_opts.strategy: 0
2019/03/20-03:29:48.778839 7f5a498d4700         Options.compression_opts.max_dict_bytes: 0
2019/03/20-03:29:48.778840 7f5a498d4700         Options.compression_opts.zstd_max_train_bytes: 0
2019/03/20-03:29:48.778841 7f5a498d4700      Options.level0_file_num_compaction_trigger: 2
2019/03/20-03:29:48.778842 7f5a498d4700          Options.level0_slowdown_writes_trigger: 20
2019/03/20-03:29:48.778843 7f5a498d4700              Options.level0_stop_writes_trigger: 36
2019/03/20-03:29:48.778843 7f5a498d4700                   Options.target_file_size_base: 67108864
2019/03/20-03:29:48.778844 7f5a498d4700             Options.target_file_size_multiplier: 1
2019/03/20-03:29:48.778845 7f5a498d4700                Options.max_bytes_for_level_base: 536870912
2019/03/20-03:29:48.778846 7f5a498d4700 Options.level_compaction_dynamic_level_bytes: 0
2019/03/20-03:29:48.778847 7f5a498d4700          Options.max_bytes_for_level_multiplier: 10.000000
2019/03/20-03:29:48.778850 7f5a498d4700 Options.max_bytes_for_level_multiplier_addtl[0]: 1
2019/03/20-03:29:48.778851 7f5a498d4700 Options.max_bytes_for_level_multiplier_addtl[1]: 1
2019/03/20-03:29:48.778852 7f5a498d4700 Options.max_bytes_for_level_multiplier_addtl[2]: 1
2019/03/20-03:29:48.778853 7f5a498d4700 Options.max_bytes_for_level_multiplier_addtl[3]: 1
2019/03/20-03:29:48.778854 7f5a498d4700 Options.max_bytes_for_level_multiplier_addtl[4]: 1
2019/03/20-03:29:48.778855 7f5a498d4700 Options.max_bytes_for_level_multiplier_addtl[5]: 1
2019/03/20-03:29:48.778856 7f5a498d4700 Options.max_bytes_for_level_multiplier_addtl[6]: 1
2019/03/20-03:29:48.778857 7f5a498d4700       Options.max_sequential_skip_in_iterations: 8
2019/03/20-03:29:48.778857 7f5a498d4700                    Options.max_compaction_bytes: 1677721600
2019/03/20-03:29:48.778864 7f5a498d4700                        Options.arena_block_size: 16777216
2019/03/20-03:29:48.778866 7f5a498d4700   Options.soft_pending_compaction_bytes_limit: 68719476736
2019/03/20-03:29:48.778867 7f5a498d4700   Options.hard_pending_compaction_bytes_limit: 274877906944
2019/03/20-03:29:48.778868 7f5a498d4700       Options.rate_limit_delay_max_milliseconds: 100
2019/03/20-03:29:48.778869 7f5a498d4700                Options.disable_auto_compactions: 0
2019/03/20-03:29:48.778870 7f5a498d4700                        Options.compaction_style: kCompactionStyleLevel
2019/03/20-03:29:48.778872 7f5a498d4700                          Options.compaction_pri: kByCompensatedSize
2019/03/20-03:29:48.778872 7f5a498d4700 Options.compaction_options_universal.size_ratio: 1
2019/03/20-03:29:48.778874 7f5a498d4700 Options.compaction_options_universal.min_merge_width: 2
2019/03/20-03:29:48.778875 7f5a498d4700 Options.compaction_options_universal.max_merge_width: 4294967295
2019/03/20-03:29:48.778875 7f5a498d4700 Options.compaction_options_universal.max_size_amplification_percent: 200
2019/03/20-03:29:48.778876 7f5a498d4700 Options.compaction_options_universal.compression_size_percent: -1
2019/03/20-03:29:48.778878 7f5a498d4700 Options.compaction_options_universal.stop_style: kCompactionStopStyleTotalSize
2019/03/20-03:29:48.778879 7f5a498d4700 Options.compaction_options_fifo.max_table_files_size: 1073741824
2019/03/20-03:29:48.778880 7f5a498d4700 Options.compaction_options_fifo.allow_compaction: 0
2019/03/20-03:29:48.778880 7f5a498d4700 Options.compaction_options_fifo.ttl: 0
2019/03/20-03:29:48.778881 7f5a498d4700                   Options.table_properties_collectors: 
2019/03/20-03:29:48.778882 7f5a498d4700                   Options.inplace_update_support: 0
2019/03/20-03:29:48.778883 7f5a498d4700                 Options.inplace_update_num_locks: 10000
2019/03/20-03:29:48.778884 7f5a498d4700               Options.memtable_prefix_bloom_size_ratio: 0.000000
2019/03/20-03:29:48.778886 7f5a498d4700   Options.memtable_huge_page_size: 0
2019/03/20-03:29:48.778887 7f5a498d4700                           Options.bloom_locality: 0
2019/03/20-03:29:48.778887 7f5a498d4700                    Options.max_successive_merges: 0
2019/03/20-03:29:48.778888 7f5a498d4700                Options.optimize_filters_for_hits: 0
2019/03/20-03:29:48.778889 7f5a498d4700                Options.paranoid_file_checks: 0
2019/03/20-03:29:48.778890 7f5a498d4700                Options.force_consistency_checks: 0
2019/03/20-03:29:48.778891 7f5a498d4700                Options.report_bg_io_stats: 0
2019/03/20-03:29:48.778892 7f5a498d4700                               Options.ttl: 0
2019/03/20-03:29:48.779398 7f5a498d4700 [db/column_family.cc:475] --------------- Options for column family [usertable]:
2019/03/20-03:29:48.779402 7f5a498d4700               Options.comparator: leveldb.BytewiseComparator
2019/03/20-03:29:48.779403 7f5a498d4700           Options.merge_operator: None
2019/03/20-03:29:48.779404 7f5a498d4700        Options.compaction_filter: None
2019/03/20-03:29:48.779405 7f5a498d4700        Options.compaction_filter_factory: None
2019/03/20-03:29:48.779406 7f5a498d4700         Options.memtable_factory: SkipListFactory
2019/03/20-03:29:48.779407 7f5a498d4700            Options.table_factory: BlockBasedTable
2019/03/20-03:29:48.779434 7f5a498d4700            table_factory options:   flush_block_policy_factory: FlushBlockBySizePolicyFactory (0x7f59e43d7d80)
  cache_index_and_filter_blocks: 0
  cache_index_and_filter_blocks_with_high_priority: 0
  pin_l0_filter_and_index_blocks_in_cache: 0
  index_type: 0
  hash_index_allow_collision: 1
  checksum: 1
  no_block_cache: 0
  block_cache: 0x7f59e43d5dd0
  block_cache_name: LRUCache
  block_cache_options:
    capacity : 8388608
    num_shard_bits : 4
    strict_capacity_limit : 0
    high_pri_pool_ratio: 0.000
  block_cache_compressed: (nil)
  persistent_cache: (nil)
  block_size: 8192
  block_size_deviation: 10
  block_restart_interval: 16
  index_block_restart_interval: 1
  metadata_block_size: 4096
  partition_filters: 0
  use_delta_encoding: 1
  filter_policy: nullptr
  whole_key_filtering: 1
  verify_compression: 0
  read_amp_bytes_per_bit: 0
  format_version: 2
  enable_index_compression: 1
  block_align: 0
2019/03/20-03:29:48.779447 7f5a498d4700        Options.write_buffer_size: 134217728
2019/03/20-03:29:48.779449 7f5a498d4700  Options.max_write_buffer_number: 24
2019/03/20-03:29:48.779450 7f5a498d4700        Options.compression[0]: NoCompression
2019/03/20-03:29:48.779451 7f5a498d4700        Options.compression[1]: NoCompression
2019/03/20-03:29:48.779453 7f5a498d4700        Options.compression[2]: LZ4
2019/03/20-03:29:48.779454 7f5a498d4700        Options.compression[3]: LZ4
2019/03/20-03:29:48.779455 7f5a498d4700        Options.compression[4]: LZ4
2019/03/20-03:29:48.779456 7f5a498d4700        Options.compression[5]: LZ4
2019/03/20-03:29:48.779457 7f5a498d4700        Options.compression[6]: LZ4
2019/03/20-03:29:48.779458 7f5a498d4700                  Options.bottommost_compression: Disabled
2019/03/20-03:29:48.779459 7f5a498d4700       Options.prefix_extractor: nullptr
2019/03/20-03:29:48.779460 7f5a498d4700   Options.memtable_insert_with_hint_prefix_extractor: nullptr
2019/03/20-03:29:48.779461 7f5a498d4700             Options.num_levels: 7
2019/03/20-03:29:48.779462 7f5a498d4700        Options.min_write_buffer_number_to_merge: 2
2019/03/20-03:29:48.779463 7f5a498d4700     Options.max_write_buffer_number_to_maintain: 0
2019/03/20-03:29:48.779464 7f5a498d4700            Options.compression_opts.window_bits: -14
2019/03/20-03:29:48.779464 7f5a498d4700                  Options.compression_opts.level: -1
2019/03/20-03:29:48.779465 7f5a498d4700               Options.compression_opts.strategy: 0
2019/03/20-03:29:48.779466 7f5a498d4700         Options.compression_opts.max_dict_bytes: 0
2019/03/20-03:29:48.779467 7f5a498d4700         Options.compression_opts.zstd_max_train_bytes: 0
2019/03/20-03:29:48.779468 7f5a498d4700      Options.level0_file_num_compaction_trigger: 2
2019/03/20-03:29:48.779469 7f5a498d4700          Options.level0_slowdown_writes_trigger: 20
2019/03/20-03:29:48.779470 7f5a498d4700              Options.level0_stop_writes_trigger: 36
2019/03/20-03:29:48.779470 7f5a498d4700                   Options.target_file_size_base: 67108864
2019/03/20-03:29:48.779471 7f5a498d4700             Options.target_file_size_multiplier: 1
2019/03/20-03:29:48.779472 7f5a498d4700                Options.max_bytes_for_level_base: 536870912
2019/03/20-03:29:48.779473 7f5a498d4700 Options.level_compaction_dynamic_level_bytes: 0
2019/03/20-03:29:48.779474 7f5a498d4700          Options.max_bytes_for_level_multiplier: 10.000000
2019/03/20-03:29:48.779476 7f5a498d4700 Options.max_bytes_for_level_multiplier_addtl[0]: 1
2019/03/20-03:29:48.779477 7f5a498d4700 Options.max_bytes_for_level_multiplier_addtl[1]: 1
2019/03/20-03:29:48.779478 7f5a498d4700 Options.max_bytes_for_level_multiplier_addtl[2]: 1
2019/03/20-03:29:48.779479 7f5a498d4700 Options.max_bytes_for_level_multiplier_addtl[3]: 1
2019/03/20-03:29:48.779480 7f5a498d4700 Options.max_bytes_for_level_multiplier_addtl[4]: 1
2019/03/20-03:29:48.779481 7f5a498d4700 Options.max_bytes_for_level_multiplier_addtl[5]: 1
2019/03/20-03:29:48.779481 7f5a498d4700 Options.max_bytes_for_level_multiplier_addtl[6]: 1
2019/03/20-03:29:48.779482 7f5a498d4700       Options.max_sequential_skip_in_iterations: 8
2019/03/20-03:29:48.779483 7f5a498d4700                    Options.max_compaction_bytes: 1677721600
2019/03/20-03:29:48.779484 7f5a498d4700                        Options.arena_block_size: 16777216
2019/03/20-03:29:48.779485 7f5a498d4700   Options.soft_pending_compaction_bytes_limit: 68719476736
2019/03/20-03:29:48.779486 7f5a498d4700   Options.hard_pending_compaction_bytes_limit: 274877906944
2019/03/20-03:29:48.779487 7f5a498d4700       Options.rate_limit_delay_max_milliseconds: 100
2019/03/20-03:29:48.779488 7f5a498d4700                Options.disable_auto_compactions: 0
2019/03/20-03:29:48.779489 7f5a498d4700                        Options.compaction_style: kCompactionStyleLevel
2019/03/20-03:29:48.779496 7f5a498d4700                          Options.compaction_pri: kByCompensatedSize
2019/03/20-03:29:48.779497 7f5a498d4700 Options.compaction_options_universal.size_ratio: 1
2019/03/20-03:29:48.779498 7f5a498d4700 Options.compaction_options_universal.min_merge_width: 2
2019/03/20-03:29:48.779499 7f5a498d4700 Options.compaction_options_universal.max_merge_width: 4294967295
2019/03/20-03:29:48.779500 7f5a498d4700 Options.compaction_options_universal.max_size_amplification_percent: 200
2019/03/20-03:29:48.779501 7f5a498d4700 Options.compaction_options_universal.compression_size_percent: -1
2019/03/20-03:29:48.779502 7f5a498d4700 Options.compaction_options_universal.stop_style: kCompactionStopStyleTotalSize
2019/03/20-03:29:48.779503 7f5a498d4700 Options.compaction_options_fifo.max_table_files_size: 1073741824
2019/03/20-03:29:48.779504 7f5a498d4700 Options.compaction_options_fifo.allow_compaction: 0
2019/03/20-03:29:48.779505 7f5a498d4700 Options.compaction_options_fifo.ttl: 0
2019/03/20-03:29:48.779505 7f5a498d4700                   Options.table_properties_collectors: 
2019/03/20-03:29:48.779506 7f5a498d4700                   Options.inplace_update_support: 0
2019/03/20-03:29:48.779507 7f5a498d4700                 Options.inplace_update_num_locks: 10000
2019/03/20-03:29:48.779508 7f5a498d4700               Options.memtable_prefix_bloom_size_ratio: 0.000000
2019/03/20-03:29:48.779510 7f5a498d4700   Options.memtable_huge_page_size: 0
2019/03/20-03:29:48.779511 7f5a498d4700                           Options.bloom_locality: 0
2019/03/20-03:29:48.779511 7f5a498d4700                    Options.max_successive_merges: 0
2019/03/20-03:29:48.779512 7f5a498d4700                Options.optimize_filters_for_hits: 0
2019/03/20-03:29:48.779513 7f5a498d4700                Options.paranoid_file_checks: 0
2019/03/20-03:29:48.779514 7f5a498d4700                Options.force_consistency_checks: 0
2019/03/20-03:29:48.779515 7f5a498d4700                Options.report_bg_io_stats: 0
2019/03/20-03:29:48.779516 7f5a498d4700                               Options.ttl: 0
2019/03/20-03:29:49.371116 7f5a498d4700 [db/version_set.cc:3361] Recovered from manifest file:/mnt/sdh/ycsb-rocksdb-data/MANIFEST-000004 succeeded,manifest_file_number is 4, next_file_number is 1399, last_sequence is 10402223, log_number is 0,prev_log_number is 0,max_column_family is 1,min_log_number_to_keep is 0
2019/03/20-03:29:49.371127 7f5a498d4700 [db/version_set.cc:3369] Column family [default] (ID 0), log number is 0
2019/03/20-03:29:49.371130 7f5a498d4700 [db/version_set.cc:3369] Column family [usertable] (ID 1), log number is 1392
2019/03/20-03:29:49.373180 7f5a498d4700 EVENT_LOG_v1 {"time_micros": 1553077789373160, "job": 1, "event": "recovery_started", "log_files": [1392, 1398, 1399]}
2019/03/20-03:29:49.373189 7f5a498d4700 [db/db_impl_open.cc:551] Recovering log #1392 mode 2
2019/03/20-03:29:49.727967 7f5a498d4700 [db/db_impl_open.cc:551] Recovering log #1398 mode 2
2019/03/20-03:29:50.295218 7f5a498d4700 EVENT_LOG_v1 {"time_micros": 1553077790295179, "cf_name": "usertable", "job": 1, "event": "table_file_creation", "file_number": 1399, "file_size": 129895354, "table_properties": {"data_size": 129317909, "index_size": 576523, "filter_size": 0, "raw_key_size": 752760, "raw_average_key_size": 24, "raw_value_size": 128471040, "raw_average_value_size": 4096, "num_data_blocks": 15683, "num_entries": 31365, "filter_policy_name": "", "kDeletedKeys": "0", "kMergeOperands": "0"}}
2019/03/20-03:29:50.619208 7f5a498d4700 [db/db_impl_open.cc:551] Recovering log #1399 mode 2
2019/03/20-03:29:50.686287 7f5a498d4700 [db/version_set.cc:2847] Creating manifest 1401
2019/03/20-03:29:51.230040 7f5a498d4700 EVENT_LOG_v1 {"time_micros": 1553077791229999, "cf_name": "usertable", "job": 1, "event": "table_file_creation", "file_number": 1402, "file_size": 126700824, "table_properties": {"data_size": 126134214, "index_size": 565688, "filter_size": 0, "raw_key_size": 734208, "raw_average_key_size": 24, "raw_value_size": 125304832, "raw_average_value_size": 4096, "num_data_blocks": 15296, "num_entries": 30592, "filter_policy_name": "", "kDeletedKeys": "0", "kMergeOperands": "0"}}
2019/03/20-03:29:51.259766 7f5a498d4700 EVENT_LOG_v1 {"time_micros": 1553077791259753, "job": 1, "event": "recovery_finished"}
2019/03/20-03:29:51.348356 7f5a498d4700 [db/db_impl_open.cc:1219] DB pointer 0x7f59e43d9c50
2019/03/20-03:29:51.348796 7f5a00ffe700 [WARN] [db/db_impl.cc:491] ------- DUMPING STATS -------
2019/03/20-03:29:51.348871 7f5a00ffe700 [WARN] [db/db_impl.cc:492] 
** DB Stats **
Uptime(secs): 2.6 total, 2.6 interval
Cumulative writes: 0 writes, 0 keys, 0 commit groups, 0.0 writes per commit group, ingest: 0.00 GB, 0.00 MB/s
Cumulative WAL: 0 writes, 0 syncs, 0.00 writes per sync, written: 0.00 GB, 0.00 MB/s
Cumulative stall: 00:00:0.000 H:M:S, 0.0 percent
Interval writes: 0 writes, 0 keys, 0 commit groups, 0.0 writes per commit group, ingest: 0.00 MB, 0.00 MB/s
Interval WAL: 0 writes, 0 syncs, 0.00 writes per sync, written: 0.00 MB, 0.00 MB/s
Interval stall: 00:00:0.000 H:M:S, 0.0 percent

** Compaction Stats [default] **
Level    Files   Size     Score Read(GB)  Rn(GB) Rnp1(GB) Write(GB) Wnew(GB) Moved(GB) W-Amp Rd(MB/s) Wr(MB/s) Comp(sec) Comp(cnt) Avg(sec) KeyIn KeyDrop
----------------------------------------------------------------------------------------------------------------------------------------------------------
 Sum      0/0    0.00 KB   0.0      0.0     0.0      0.0       0.0      0.0       0.0   0.0      0.0      0.0         0         0    0.000       0      0
 Int      0/0    0.00 KB   0.0      0.0     0.0      0.0       0.0      0.0       0.0   0.0      0.0      0.0         0         0    0.000       0      0
Uptime(secs): 2.6 total, 2.6 interval
Flush(GB): cumulative 0.000, interval 0.000
AddFile(GB): cumulative 0.000, interval 0.000
AddFile(Total Files): cumulative 0, interval 0
AddFile(L0 Files): cumulative 0, interval 0
AddFile(Keys): cumulative 0, interval 0
Cumulative compaction: 0.00 GB write, 0.00 MB/s write, 0.00 GB read, 0.00 MB/s read, 0.0 seconds
Interval compaction: 0.00 GB write, 0.00 MB/s write, 0.00 GB read, 0.00 MB/s read, 0.0 seconds
Stalls(count): 0 level0_slowdown, 0 level0_slowdown_with_compaction, 0 level0_numfiles, 0 level0_numfiles_with_compaction, 0 stop for pending_compaction_bytes, 0 slowdown for pending_compaction_bytes, 0 memtable_compaction, 0 memtable_slowdown, interval 0 total count

** File Read Latency Histogram By Level [default] **

** Compaction Stats [usertable] **
Level    Files   Size     Score Read(GB)  Rn(GB) Rnp1(GB) Write(GB) Wnew(GB) Moved(GB) W-Amp Rd(MB/s) Wr(MB/s) Comp(sec) Comp(cnt) Avg(sec) KeyIn KeyDrop
----------------------------------------------------------------------------------------------------------------------------------------------------------
  L0      3/0   407.63 MB   1.5      0.0     0.0      0.0       0.2      0.2       0.0   1.0      0.0    241.5         1         2    0.507       0      0
  L1     10/0   448.45 MB   0.9      0.0     0.0      0.0       0.0      0.0       0.0   0.0      0.0      0.0         0         0    0.000       0      0
  L2    174/0    4.97 GB   1.0      0.0     0.0      0.0       0.0      0.0       0.0   0.0      0.0      0.0         0         0    0.000       0      0
  L3    549/0   34.38 GB   0.7      0.0     0.0      0.0       0.0      0.0       0.0   0.0      0.0      0.0         0         0    0.000       0      0
 Sum    736/0   40.18 GB   0.0      0.0     0.0      0.0       0.2      0.2       0.0   1.0      0.0    241.5         1         2    0.507       0      0
 Int      0/0    0.00 KB   0.0      0.0     0.0      0.0       0.2      0.2       0.0   1.0      0.0    241.5         1         2    0.507       0      0
Uptime(secs): 2.6 total, 2.6 interval
Flush(GB): cumulative 0.239, interval 0.239
AddFile(GB): cumulative 0.000, interval 0.000
AddFile(Total Files): cumulative 0, interval 0
AddFile(L0 Files): cumulative 0, interval 0
AddFile(Keys): cumulative 0, interval 0
Cumulative compaction: 0.24 GB write, 95.25 MB/s write, 0.00 GB read, 0.00 MB/s read, 1.0 seconds
Interval compaction: 0.24 GB write, 95.25 MB/s write, 0.00 GB read, 0.00 MB/s read, 1.0 seconds
Stalls(count): 0 level0_slowdown, 0 level0_slowdown_with_compaction, 0 level0_numfiles, 0 level0_numfiles_with_compaction, 0 stop for pending_compaction_bytes, 0 slowdown for pending_compaction_bytes, 0 memtable_compaction, 0 memtable_slowdown, interval 0 total count

** File Read Latency Histogram By Level [usertable] **

** Compaction Stats [default] **
Level    Files   Size     Score Read(GB)  Rn(GB) Rnp1(GB) Write(GB) Wnew(GB) Moved(GB) W-Amp Rd(MB/s) Wr(MB/s) Comp(sec) Comp(cnt) Avg(sec) KeyIn KeyDrop
----------------------------------------------------------------------------------------------------------------------------------------------------------
 Sum      0/0    0.00 KB   0.0      0.0     0.0      0.0       0.0      0.0       0.0   0.0      0.0      0.0         0         0    0.000       0      0
 Int      0/0    0.00 KB   0.0      0.0     0.0      0.0       0.0      0.0       0.0   0.0      0.0      0.0         0         0    0.000       0      0
Uptime(secs): 2.6 total, 0.0 interval
Flush(GB): cumulative 0.000, interval 0.000
AddFile(GB): cumulative 0.000, interval 0.000
AddFile(Total Files): cumulative 0, interval 0
AddFile(L0 Files): cumulative 0, interval 0
AddFile(Keys): cumulative 0, interval 0
Cumulative compaction: 0.00 GB write, 0.00 MB/s write, 0.00 GB read, 0.00 MB/s read, 0.0 seconds
Interval compaction: 0.00 GB write, 0.00 MB/s write, 0.00 GB read, 0.00 MB/s read, 0.0 seconds
Stalls(count): 0 level0_slowdown, 0 level0_slowdown_with_compaction, 0 level0_numfiles, 0 level0_numfiles_with_compaction, 0 stop for pending_compaction_bytes, 0 slowdown for pending_compaction_bytes, 0 memtable_compaction, 0 memtable_slowdown, interval 0 total count

** File Read Latency Histogram By Level [default] **

** Compaction Stats [usertable] **
Level    Files   Size     Score Read(GB)  Rn(GB) Rnp1(GB) Write(GB) Wnew(GB) Moved(GB) W-Amp Rd(MB/s) Wr(MB/s) Comp(sec) Comp(cnt) Avg(sec) KeyIn KeyDrop
----------------------------------------------------------------------------------------------------------------------------------------------------------
  L0      3/0   407.63 MB   1.5      0.0     0.0      0.0       0.2      0.2       0.0   1.0      0.0    241.5         1         2    0.507       0      0
  L1     10/0   448.45 MB   0.9      0.0     0.0      0.0       0.0      0.0       0.0   0.0      0.0      0.0         0         0    0.000       0      0
  L2    174/0    4.97 GB   1.0      0.0     0.0      0.0       0.0      0.0       0.0   0.0      0.0      0.0         0         0    0.000       0      0
  L3    549/0   34.38 GB   0.7      0.0     0.0      0.0       0.0      0.0       0.0   0.0      0.0      0.0         0         0    0.000       0      0
 Sum    736/0   40.18 GB   0.0      0.0     0.0      0.0       0.2      0.2       0.0   1.0      0.0    241.5         1         2    0.507       0      0
 Int      0/0    0.00 KB   0.0      0.0     0.0      0.0       0.0      0.0       0.0   0.0      0.0      0.0         0         0    0.000       0      0
Uptime(secs): 2.6 total, 0.0 interval
Flush(GB): cumulative 0.239, interval 0.000
AddFile(GB): cumulative 0.000, interval 0.000
AddFile(Total Files): cumulative 0, interval 0
AddFile(L0 Files): cumulative 0, interval 0
AddFile(Keys): cumulative 0, interval 0
Cumulative compaction: 0.24 GB write, 95.24 MB/s write, 0.00 GB read, 0.00 MB/s read, 1.0 seconds
Interval compaction: 0.00 GB write, 0.00 MB/s write, 0.00 GB read, 0.00 MB/s read, 0.0 seconds
Stalls(count): 0 level0_slowdown, 0 level0_slowdown_with_compaction, 0 level0_numfiles, 0 level0_numfiles_with_compaction, 0 stop for pending_compaction_bytes, 0 slowdown for pending_compaction_bytes, 0 memtable_compaction, 0 memtable_slowdown, interval 0 total count

** File Read Latency Histogram By Level [usertable] **
2019/03/20-03:29:51.349081 7f5a00ffe700 [db/compaction_job.cc:1531] [usertable] [JOB 3] Compacting 1@0 files to L1, score 1.50
2019/03/20-03:29:51.349091 7f5a00ffe700 [db/compaction_job.cc:1535] [usertable] Compaction start summary: Base version 5 Base level 0, inputs: [810(162MB)]
2019/03/20-03:29:51.349132 7f5a00ffe700 EVENT_LOG_v1 {"time_micros": 1553077791349109, "job": 3, "event": "compaction_started", "compaction_reason": "LevelL0FilesNum", "files_L0": [810], "score": 1.5, "input_data_size": 170833838}
2019/03/20-03:29:52.098480 7f5a00ffe700 [db/compaction_job.cc:1211] [usertable] [JOB 3] Generated table #1406: 16279 keys, 67421976 bytes
2019/03/20-03:29:52.098544 7f5a00ffe700 EVENT_LOG_v1 {"time_micros": 1553077792098512, "cf_name": "usertable", "job": 3, "event": "table_file_creation", "file_number": 1406, "file_size": 67421976, "table_properties": {"data_size": 67120139, "index_size": 300916, "filter_size": 0, "raw_key_size": 390696, "raw_average_key_size": 24, "raw_value_size": 66678784, "raw_average_value_size": 4096, "num_data_blocks": 8140, "num_entries": 16279, "filter_policy_name": "", "kDeletedKeys": "0", "kMergeOperands": "0"}}
2019/03/20-03:29:53.156985 7f5a00ffe700 [db/compaction_job.cc:1211] [usertable] [JOB 3] Generated table #1407: 16279 keys, 67418359 bytes
2019/03/20-03:29:53.157033 7f5a00ffe700 EVENT_LOG_v1 {"time_micros": 1553077793157009, "cf_name": "usertable", "job": 3, "event": "table_file_creation", "file_number": 1407, "file_size": 67418359, "table_properties": {"data_size": 67118331, "index_size": 299107, "filter_size": 0, "raw_key_size": 390696, "raw_average_key_size": 24, "raw_value_size": 66678784, "raw_average_value_size": 4096, "num_data_blocks": 8140, "num_entries": 16279, "filter_policy_name": "", "kDeletedKeys": "0", "kMergeOperands": "0"}}
2019/03/20-03:29:53.868035 7f5a00ffe700 [db/compaction_job.cc:1211] [usertable] [JOB 3] Generated table #1408: 8690 keys, 35991258 bytes
2019/03/20-03:29:53.868091 7f5a00ffe700 EVENT_LOG_v1 {"time_micros": 1553077793868068, "cf_name": "usertable", "job": 3, "event": "table_file_creation", "file_number": 1408, "file_size": 35991258, "table_properties": {"data_size": 35829836, "index_size": 160501, "filter_size": 0, "raw_key_size": 208560, "raw_average_key_size": 24, "raw_value_size": 35594240, "raw_average_value_size": 4096, "num_data_blocks": 4345, "num_entries": 8690, "filter_policy_name": "", "kDeletedKeys": "0", "kMergeOperands": "0"}}
2019/03/20-03:29:53.868178 7f5a00ffe700 [db/compaction_job.cc:1287] [usertable] [JOB 3] Compacted 1@0 files to L1 => 170831593 bytes
2019/03/20-03:29:53.925532 7f5a00ffe700 (Original Log Time 2019/03/20-03:29:53.925369) [db/compaction_job.cc:685] [usertable] compacted to: base level 1 max bytes base 536870912 files[2 13 174 549 0 0 0] max score 1.19, MB/sec: 67.8 rd, 67.8 wr, level 1, files in(1, 0) out(3) MB in(162.9, 0.0) out(162.9), read-write-amplify(2.0) write-amplify(1.0) OK, records in: 41248, records dropped: 0 output_compression: NoCompression
2019/03/20-03:29:53.925541 7f5a00ffe700 (Original Log Time 2019/03/20-03:29:53.925418) EVENT_LOG_v1 {"time_micros": 1553077793925399, "job": 3, "event": "compaction_finished", "compaction_time_micros": 2518989, "output_level": 1, "num_output_files": 3, "total_output_size": 170831593, "num_input_records": 41248, "num_output_records": 41248, "num_subcompactions": 1, "output_compression": "NoCompression", "num_single_delete_mismatches": 0, "num_single_delete_fallthrough": 0, "lsm_state": [2, 13, 174, 549, 0, 0, 0]}
2019/03/20-03:29:53.925635 7f5a00ffe700 [db/compaction_job.cc:1531] [usertable] [JOB 4] Compacting 1@1 + 1@2 files to L2, score 1.19
2019/03/20-03:29:53.925641 7f5a00ffe700 [db/compaction_job.cc:1535] [usertable] Compaction start summary: Base version 6 Base level 1, inputs: [1406(64MB)], [807(10MB)]
2019/03/20-03:29:53.925658 7f5a00ffe700 EVENT_LOG_v1 {"time_micros": 1553077793925646, "job": 4, "event": "compaction_started", "compaction_reason": "LevelMaxLevelSize", "files_L1": [1406], "files_L2": [807], "score": 1.19408, "input_data_size": 78735079}
2019/03/20-03:29:54.556535 7f5a00ffe700 [db/compaction_job.cc:1211] [usertable] [JOB 4] Generated table #1409: 16279 keys, 67233370 bytes
2019/03/20-03:29:54.556589 7f5a00ffe700 EVENT_LOG_v1 {"time_micros": 1553077794556561, "cf_name": "usertable", "job": 4, "event": "table_file_creation", "file_number": 1409, "file_size": 67233370, "table_properties": {"data_size": 67118331, "index_size": 299106, "filter_size": 0, "raw_key_size": 390696, "raw_average_key_size": 24, "raw_value_size": 66678784, "raw_average_value_size": 4096, "num_data_blocks": 8140, "num_entries": 16279, "filter_policy_name": "", "kDeletedKeys": "0", "kMergeOperands": "0"}}
2019/03/20-03:29:54.674717 7f5a00ffe700 [db/compaction_job.cc:1211] [usertable] [JOB 4] Generated table #1410: 2739 keys, 11313163 bytes
2019/03/20-03:29:54.674761 7f5a00ffe700 EVENT_LOG_v1 {"time_micros": 1553077794674742, "cf_name": "usertable", "job": 4, "event": "table_file_creation", "file_number": 1410, "file_size": 11313163, "table_properties": {"data_size": 11293215, "index_size": 50426, "filter_size": 0, "raw_key_size": 65736, "raw_average_key_size": 24, "raw_value_size": 11218944, "raw_average_value_size": 4096, "num_data_blocks": 1370, "num_entries": 2739, "filter_policy_name": "", "kDeletedKeys": "0", "kMergeOperands": "0"}}
2019/03/20-03:29:54.674817 7f5a00ffe700 [db/compaction_job.cc:1287] [usertable] [JOB 4] Compacted 1@1 + 1@2 files to L2 => 78546533 bytes
2019/03/20-03:29:54.706431 7f5a00ffe700 (Original Log Time 2019/03/20-03:29:54.706281) [db/compaction_job.cc:685] [usertable] compacted to: base level 1 max bytes base 536870912 files[2 12 175 549 0 0 0] max score 1.07, MB/sec: 105.1 rd, 104.9 wr, level 2, files in(1, 1) out(2) MB in(64.3, 10.8) out(74.9), read-write-amplify(2.3) write-amplify(1.2) OK, records in: 19018, records dropped: 0 output_compression: LZ4
2019/03/20-03:29:54.706439 7f5a00ffe700 (Original Log Time 2019/03/20-03:29:54.706332) EVENT_LOG_v1 {"time_micros": 1553077794706316, "job": 4, "event": "compaction_finished", "compaction_time_micros": 749125, "output_level": 2, "num_output_files": 2, "total_output_size": 78546533, "num_input_records": 19018, "num_output_records": 19018, "num_subcompactions": 1, "output_compression": "LZ4", "num_single_delete_mismatches": 0, "num_single_delete_fallthrough": 0, "lsm_state": [2, 12, 175, 549, 0, 0, 0]}
2019/03/20-03:29:54.723046 7f5a00ffe700 EVENT_LOG_v1 {"time_micros": 1553077794723035, "job": 4, "event": "table_file_deletion", "file_number": 810}
2019/03/20-03:29:54.723231 7f5a00ffe700 [db/compaction_job.cc:1531] [usertable] [JOB 5] Compacting 1@1 files to L2, score 1.07
2019/03/20-03:29:54.723241 7f5a00ffe700 [db/compaction_job.cc:1535] [usertable] Compaction start summary: Base version 7 Base level 1, inputs: [454(64MB)]
2019/03/20-03:29:54.723260 7f5a00ffe700 EVENT_LOG_v1 {"time_micros": 1553077794723247, "job": 5, "event": "compaction_started", "compaction_reason": "LevelMaxLevelSize", "files_L1": [454], "score": 1.06849, "input_data_size": 67418359}
2019/03/20-03:29:55.662971 7f5a00ffe700 [db/compaction_job.cc:1211] [usertable] [JOB 5] Generated table #1411: 16279 keys, 67233332 bytes
