2019/03/22-10:07:58.884084 7f9af8bfa700 RocksDB version: 5.14.3
2019/03/22-10:07:58.884153 7f9af8bfa700 Git sha rocksdb_build_git_sha:
2019/03/22-10:07:58.884156 7f9af8bfa700 Compile date Oct  9 2018
2019/03/22-10:07:58.884166 7f9af8bfa700 DB SUMMARY
2019/03/22-10:07:58.884689 7f9af8bfa700 CURRENT file:  CURRENT
2019/03/22-10:07:58.884693 7f9af8bfa700 IDENTITY file:  IDENTITY
2019/03/22-10:07:58.884703 7f9af8bfa700 MANIFEST file:  MANIFEST-000004 size: 131500 Bytes
2019/03/22-10:07:58.884707 7f9af8bfa700 SST files in /mnt/sdd/ycsb-rocksdb-data dir, Total Num: 732, files: 000018.sst 000019.sst 000020.sst 000021.sst 000022.sst 000023.sst 000024.sst 000025.sst 000026.sst 
2019/03/22-10:07:58.884713 7f9af8bfa700 Write Ahead Log file in /mnt/sdd/ycsb-rocksdb-data: 001352.log size: 113111571 ; 001358.log size: 45525638 ; 
2019/03/22-10:07:58.884742 7f9af8bfa700                         Options.error_if_exists: 0
2019/03/22-10:07:58.884743 7f9af8bfa700                       Options.create_if_missing: 1
2019/03/22-10:07:58.884744 7f9af8bfa700                         Options.paranoid_checks: 1
2019/03/22-10:07:58.884745 7f9af8bfa700                                     Options.env: 0x7f9aefffb080
2019/03/22-10:07:58.884746 7f9af8bfa700                                Options.info_log: 0x7f9a343e1e70
2019/03/22-10:07:58.884747 7f9af8bfa700                Options.max_file_opening_threads: 16
2019/03/22-10:07:58.884748 7f9af8bfa700                              Options.statistics: (nil)
2019/03/22-10:07:58.884749 7f9af8bfa700                               Options.use_fsync: 0
2019/03/22-10:07:58.884750 7f9af8bfa700                       Options.max_log_file_size: 0
2019/03/22-10:07:58.884751 7f9af8bfa700                  Options.max_manifest_file_size: 18446744073709551615
2019/03/22-10:07:58.884752 7f9af8bfa700                   Options.log_file_time_to_roll: 0
2019/03/22-10:07:58.884753 7f9af8bfa700                       Options.keep_log_file_num: 1000
2019/03/22-10:07:58.884754 7f9af8bfa700                    Options.recycle_log_file_num: 0
2019/03/22-10:07:58.884755 7f9af8bfa700                         Options.allow_fallocate: 1
2019/03/22-10:07:58.884756 7f9af8bfa700                        Options.allow_mmap_reads: 0
2019/03/22-10:07:58.884756 7f9af8bfa700                       Options.allow_mmap_writes: 0
2019/03/22-10:07:58.884757 7f9af8bfa700                        Options.use_direct_reads: 0
2019/03/22-10:07:58.884758 7f9af8bfa700                        Options.use_direct_io_for_flush_and_compaction: 0
2019/03/22-10:07:58.884759 7f9af8bfa700          Options.create_missing_column_families: 1
2019/03/22-10:07:58.884760 7f9af8bfa700                              Options.db_log_dir: 
2019/03/22-10:07:58.884761 7f9af8bfa700                                 Options.wal_dir: /mnt/sdd/ycsb-rocksdb-data
2019/03/22-10:07:58.884762 7f9af8bfa700                Options.table_cache_numshardbits: 6
2019/03/22-10:07:58.884763 7f9af8bfa700                      Options.max_subcompactions: 4
2019/03/22-10:07:58.884764 7f9af8bfa700                  Options.max_background_flushes: 24
2019/03/22-10:07:58.884765 7f9af8bfa700                         Options.WAL_ttl_seconds: 0
2019/03/22-10:07:58.884766 7f9af8bfa700                       Options.WAL_size_limit_MB: 0
2019/03/22-10:07:58.884766 7f9af8bfa700             Options.manifest_preallocation_size: 4194304
2019/03/22-10:07:58.884767 7f9af8bfa700                     Options.is_fd_close_on_exec: 1
2019/03/22-10:07:58.884768 7f9af8bfa700                   Options.advise_random_on_open: 1
2019/03/22-10:07:58.884769 7f9af8bfa700                    Options.db_write_buffer_size: 0
2019/03/22-10:07:58.884770 7f9af8bfa700                    Options.write_buffer_manager: 0x7f9a343e2100
2019/03/22-10:07:58.884771 7f9af8bfa700         Options.access_hint_on_compaction_start: 1
2019/03/22-10:07:58.884772 7f9af8bfa700  Options.new_table_reader_for_compaction_inputs: 0
2019/03/22-10:07:58.884772 7f9af8bfa700           Options.random_access_max_buffer_size: 1048576
2019/03/22-10:07:58.884773 7f9af8bfa700                      Options.use_adaptive_mutex: 0
2019/03/22-10:07:58.884774 7f9af8bfa700                            Options.rate_limiter: (nil)
2019/03/22-10:07:58.884789 7f9af8bfa700     Options.sst_file_manager.rate_bytes_per_sec: 0
2019/03/22-10:07:58.884791 7f9af8bfa700                       Options.wal_recovery_mode: 2
2019/03/22-10:07:58.884792 7f9af8bfa700                  Options.enable_thread_tracking: 0
2019/03/22-10:07:58.884792 7f9af8bfa700                  Options.enable_pipelined_write: 1
2019/03/22-10:07:58.884793 7f9af8bfa700         Options.allow_concurrent_memtable_write: 1
2019/03/22-10:07:58.884794 7f9af8bfa700      Options.enable_write_thread_adaptive_yield: 1
2019/03/22-10:07:58.884795 7f9af8bfa700             Options.write_thread_max_yield_usec: 100
2019/03/22-10:07:58.884796 7f9af8bfa700            Options.write_thread_slow_yield_usec: 3
2019/03/22-10:07:58.884797 7f9af8bfa700                               Options.row_cache: None
2019/03/22-10:07:58.884798 7f9af8bfa700                              Options.wal_filter: None
2019/03/22-10:07:58.884799 7f9af8bfa700             Options.avoid_flush_during_recovery: 0
2019/03/22-10:07:58.884799 7f9af8bfa700             Options.allow_ingest_behind: 0
2019/03/22-10:07:58.884800 7f9af8bfa700             Options.preserve_deletes: 0
2019/03/22-10:07:58.884801 7f9af8bfa700             Options.two_write_queues: 0
2019/03/22-10:07:58.884802 7f9af8bfa700             Options.manual_wal_flush: 0
2019/03/22-10:07:58.884804 7f9af8bfa700             Options.max_background_jobs: 24
2019/03/22-10:07:58.884805 7f9af8bfa700             Options.max_background_compactions: 24
2019/03/22-10:07:58.884806 7f9af8bfa700             Options.avoid_flush_during_shutdown: 0
2019/03/22-10:07:58.884807 7f9af8bfa700           Options.writable_file_max_buffer_size: 1048576
2019/03/22-10:07:58.884808 7f9af8bfa700             Options.delayed_write_rate : 16777216
2019/03/22-10:07:58.884809 7f9af8bfa700             Options.max_total_wal_size: 0
2019/03/22-10:07:58.884810 7f9af8bfa700             Options.delete_obsolete_files_period_micros: 21600000000
2019/03/22-10:07:58.884811 7f9af8bfa700                   Options.stats_dump_period_sec: 60
2019/03/22-10:07:58.884812 7f9af8bfa700                          Options.max_open_files: -1
2019/03/22-10:07:58.884813 7f9af8bfa700                          Options.bytes_per_sync: 1048576
2019/03/22-10:07:58.884814 7f9af8bfa700                      Options.wal_bytes_per_sync: 0
2019/03/22-10:07:58.884814 7f9af8bfa700       Options.compaction_readahead_size: 0
2019/03/22-10:07:58.884815 7f9af8bfa700 Compression algorithms supported:
2019/03/22-10:07:58.884817 7f9af8bfa700 	kZSTDNotFinalCompression supported: 1
2019/03/22-10:07:58.884826 7f9af8bfa700 	kZSTD supported: 1
2019/03/22-10:07:58.884827 7f9af8bfa700 	kXpressCompression supported: 0
2019/03/22-10:07:58.884829 7f9af8bfa700 	kLZ4HCCompression supported: 1
2019/03/22-10:07:58.884830 7f9af8bfa700 	kLZ4Compression supported: 1
2019/03/22-10:07:58.884831 7f9af8bfa700 	kBZip2Compression supported: 1
2019/03/22-10:07:58.884832 7f9af8bfa700 	kZlibCompression supported: 1
2019/03/22-10:07:58.884833 7f9af8bfa700 	kSnappyCompression supported: 1
2019/03/22-10:07:58.884836 7f9af8bfa700 Fast CRC32 supported: Not supported on x86
2019/03/22-10:07:58.885293 7f9af8bfa700 [db/version_set.cc:3085] Recovering from manifest file: MANIFEST-000004
2019/03/22-10:07:58.885391 7f9af8bfa700 [db/column_family.cc:475] --------------- Options for column family [default]:
2019/03/22-10:07:58.885395 7f9af8bfa700               Options.comparator: leveldb.BytewiseComparator
2019/03/22-10:07:58.885396 7f9af8bfa700           Options.merge_operator: None
2019/03/22-10:07:58.885397 7f9af8bfa700        Options.compaction_filter: None
2019/03/22-10:07:58.885398 7f9af8bfa700        Options.compaction_filter_factory: None
2019/03/22-10:07:58.885399 7f9af8bfa700         Options.memtable_factory: SkipListFactory
2019/03/22-10:07:58.885400 7f9af8bfa700            Options.table_factory: BlockBasedTable
2019/03/22-10:07:58.885425 7f9af8bfa700            table_factory options:   flush_block_policy_factory: FlushBlockBySizePolicyFactory (0x7f9a343dc410)
  cache_index_and_filter_blocks: 0
  cache_index_and_filter_blocks_with_high_priority: 0
  pin_l0_filter_and_index_blocks_in_cache: 0
  index_type: 0
  hash_index_allow_collision: 1
  checksum: 1
  no_block_cache: 0
  block_cache: 0x7f9a343ce2f0
  block_cache_name: LRUCache
  block_cache_options:
    capacity : 8388608
    num_shard_bits : 4
    strict_capacity_limit : 0
    high_pri_pool_ratio: 0.000
  block_cache_compressed: (nil)
  persistent_cache: (nil)
  block_size: 8192
  block_size_deviation: 10
  block_restart_interval: 16
  index_block_restart_interval: 1
  metadata_block_size: 4096
  partition_filters: 0
  use_delta_encoding: 1
  filter_policy: nullptr
  whole_key_filtering: 1
  verify_compression: 0
  read_amp_bytes_per_bit: 0
  format_version: 2
  enable_index_compression: 1
  block_align: 0
2019/03/22-10:07:58.885438 7f9af8bfa700        Options.write_buffer_size: 134217728
2019/03/22-10:07:58.885440 7f9af8bfa700  Options.max_write_buffer_number: 24
2019/03/22-10:07:58.885441 7f9af8bfa700        Options.compression[0]: NoCompression
2019/03/22-10:07:58.885451 7f9af8bfa700        Options.compression[1]: NoCompression
2019/03/22-10:07:58.885452 7f9af8bfa700        Options.compression[2]: LZ4
2019/03/22-10:07:58.885453 7f9af8bfa700        Options.compression[3]: LZ4
2019/03/22-10:07:58.885455 7f9af8bfa700        Options.compression[4]: LZ4
2019/03/22-10:07:58.885456 7f9af8bfa700        Options.compression[5]: LZ4
2019/03/22-10:07:58.885457 7f9af8bfa700        Options.compression[6]: LZ4
2019/03/22-10:07:58.885458 7f9af8bfa700                  Options.bottommost_compression: Disabled
2019/03/22-10:07:58.885459 7f9af8bfa700       Options.prefix_extractor: nullptr
2019/03/22-10:07:58.885460 7f9af8bfa700   Options.memtable_insert_with_hint_prefix_extractor: nullptr
2019/03/22-10:07:58.885461 7f9af8bfa700             Options.num_levels: 7
2019/03/22-10:07:58.885462 7f9af8bfa700        Options.min_write_buffer_number_to_merge: 2
2019/03/22-10:07:58.885463 7f9af8bfa700     Options.max_write_buffer_number_to_maintain: 0
2019/03/22-10:07:58.885464 7f9af8bfa700            Options.compression_opts.window_bits: -14
2019/03/22-10:07:58.885465 7f9af8bfa700                  Options.compression_opts.level: -1
2019/03/22-10:07:58.885466 7f9af8bfa700               Options.compression_opts.strategy: 0
2019/03/22-10:07:58.885466 7f9af8bfa700         Options.compression_opts.max_dict_bytes: 0
2019/03/22-10:07:58.885467 7f9af8bfa700         Options.compression_opts.zstd_max_train_bytes: 0
2019/03/22-10:07:58.885468 7f9af8bfa700      Options.level0_file_num_compaction_trigger: 2
2019/03/22-10:07:58.885469 7f9af8bfa700          Options.level0_slowdown_writes_trigger: 20
2019/03/22-10:07:58.885470 7f9af8bfa700              Options.level0_stop_writes_trigger: 36
2019/03/22-10:07:58.885471 7f9af8bfa700                   Options.target_file_size_base: 67108864
2019/03/22-10:07:58.885471 7f9af8bfa700             Options.target_file_size_multiplier: 1
2019/03/22-10:07:58.885472 7f9af8bfa700                Options.max_bytes_for_level_base: 536870912
2019/03/22-10:07:58.885473 7f9af8bfa700 Options.level_compaction_dynamic_level_bytes: 0
2019/03/22-10:07:58.885474 7f9af8bfa700          Options.max_bytes_for_level_multiplier: 10.000000
2019/03/22-10:07:58.885477 7f9af8bfa700 Options.max_bytes_for_level_multiplier_addtl[0]: 1
2019/03/22-10:07:58.885479 7f9af8bfa700 Options.max_bytes_for_level_multiplier_addtl[1]: 1
2019/03/22-10:07:58.885479 7f9af8bfa700 Options.max_bytes_for_level_multiplier_addtl[2]: 1
2019/03/22-10:07:58.885480 7f9af8bfa700 Options.max_bytes_for_level_multiplier_addtl[3]: 1
2019/03/22-10:07:58.885481 7f9af8bfa700 Options.max_bytes_for_level_multiplier_addtl[4]: 1
2019/03/22-10:07:58.885482 7f9af8bfa700 Options.max_bytes_for_level_multiplier_addtl[5]: 1
2019/03/22-10:07:58.885483 7f9af8bfa700 Options.max_bytes_for_level_multiplier_addtl[6]: 1
2019/03/22-10:07:58.885489 7f9af8bfa700       Options.max_sequential_skip_in_iterations: 8
2019/03/22-10:07:58.885490 7f9af8bfa700                    Options.max_compaction_bytes: 1677721600
2019/03/22-10:07:58.885498 7f9af8bfa700                        Options.arena_block_size: 16777216
2019/03/22-10:07:58.885500 7f9af8bfa700   Options.soft_pending_compaction_bytes_limit: 68719476736
2019/03/22-10:07:58.885501 7f9af8bfa700   Options.hard_pending_compaction_bytes_limit: 274877906944
2019/03/22-10:07:58.885502 7f9af8bfa700       Options.rate_limit_delay_max_milliseconds: 100
2019/03/22-10:07:58.885503 7f9af8bfa700                Options.disable_auto_compactions: 0
2019/03/22-10:07:58.885504 7f9af8bfa700                        Options.compaction_style: kCompactionStyleLevel
2019/03/22-10:07:58.885506 7f9af8bfa700                          Options.compaction_pri: kByCompensatedSize
2019/03/22-10:07:58.885507 7f9af8bfa700 Options.compaction_options_universal.size_ratio: 1
2019/03/22-10:07:58.885508 7f9af8bfa700 Options.compaction_options_universal.min_merge_width: 2
2019/03/22-10:07:58.885509 7f9af8bfa700 Options.compaction_options_universal.max_merge_width: 4294967295
2019/03/22-10:07:58.885510 7f9af8bfa700 Options.compaction_options_universal.max_size_amplification_percent: 200
2019/03/22-10:07:58.885511 7f9af8bfa700 Options.compaction_options_universal.compression_size_percent: -1
2019/03/22-10:07:58.885512 7f9af8bfa700 Options.compaction_options_universal.stop_style: kCompactionStopStyleTotalSize
2019/03/22-10:07:58.885513 7f9af8bfa700 Options.compaction_options_fifo.max_table_files_size: 1073741824
2019/03/22-10:07:58.885514 7f9af8bfa700 Options.compaction_options_fifo.allow_compaction: 0
2019/03/22-10:07:58.885515 7f9af8bfa700 Options.compaction_options_fifo.ttl: 0
2019/03/22-10:07:58.885516 7f9af8bfa700                   Options.table_properties_collectors: 
2019/03/22-10:07:58.885517 7f9af8bfa700                   Options.inplace_update_support: 0
2019/03/22-10:07:58.885518 7f9af8bfa700                 Options.inplace_update_num_locks: 10000
2019/03/22-10:07:58.885518 7f9af8bfa700               Options.memtable_prefix_bloom_size_ratio: 0.000000
2019/03/22-10:07:58.885520 7f9af8bfa700   Options.memtable_huge_page_size: 0
2019/03/22-10:07:58.885521 7f9af8bfa700                           Options.bloom_locality: 0
2019/03/22-10:07:58.885522 7f9af8bfa700                    Options.max_successive_merges: 0
2019/03/22-10:07:58.885523 7f9af8bfa700                Options.optimize_filters_for_hits: 0
2019/03/22-10:07:58.885523 7f9af8bfa700                Options.paranoid_file_checks: 0
2019/03/22-10:07:58.885524 7f9af8bfa700                Options.force_consistency_checks: 0
2019/03/22-10:07:58.885525 7f9af8bfa700                Options.report_bg_io_stats: 0
2019/03/22-10:07:58.885526 7f9af8bfa700                               Options.ttl: 0
2019/03/22-10:07:58.885989 7f9af8bfa700 [db/column_family.cc:475] --------------- Options for column family [usertable]:
2019/03/22-10:07:58.885992 7f9af8bfa700               Options.comparator: leveldb.BytewiseComparator
2019/03/22-10:07:58.885993 7f9af8bfa700           Options.merge_operator: None
2019/03/22-10:07:58.885994 7f9af8bfa700        Options.compaction_filter: None
2019/03/22-10:07:58.885995 7f9af8bfa700        Options.compaction_filter_factory: None
2019/03/22-10:07:58.885996 7f9af8bfa700         Options.memtable_factory: SkipListFactory
2019/03/22-10:07:58.885997 7f9af8bfa700            Options.table_factory: BlockBasedTable
2019/03/22-10:07:58.886023 7f9af8bfa700            table_factory options:   flush_block_policy_factory: FlushBlockBySizePolicyFactory (0x7f9a343d8cc0)
  cache_index_and_filter_blocks: 0
  cache_index_and_filter_blocks_with_high_priority: 0
  pin_l0_filter_and_index_blocks_in_cache: 0
  index_type: 0
  hash_index_allow_collision: 1
  checksum: 1
  no_block_cache: 0
  block_cache: 0x7f9a343ded20
  block_cache_name: LRUCache
  block_cache_options:
    capacity : 8388608
    num_shard_bits : 4
    strict_capacity_limit : 0
    high_pri_pool_ratio: 0.000
  block_cache_compressed: (nil)
  persistent_cache: (nil)
  block_size: 8192
  block_size_deviation: 10
  block_restart_interval: 16
  index_block_restart_interval: 1
  metadata_block_size: 4096
  partition_filters: 0
  use_delta_encoding: 1
  filter_policy: nullptr
  whole_key_filtering: 1
  verify_compression: 0
  read_amp_bytes_per_bit: 0
  format_version: 2
  enable_index_compression: 1
  block_align: 0
2019/03/22-10:07:58.886037 7f9af8bfa700        Options.write_buffer_size: 134217728
2019/03/22-10:07:58.886039 7f9af8bfa700  Options.max_write_buffer_number: 24
2019/03/22-10:07:58.886040 7f9af8bfa700        Options.compression[0]: NoCompression
2019/03/22-10:07:58.886042 7f9af8bfa700        Options.compression[1]: NoCompression
2019/03/22-10:07:58.886043 7f9af8bfa700        Options.compression[2]: LZ4
2019/03/22-10:07:58.886044 7f9af8bfa700        Options.compression[3]: LZ4
2019/03/22-10:07:58.886045 7f9af8bfa700        Options.compression[4]: LZ4
2019/03/22-10:07:58.886046 7f9af8bfa700        Options.compression[5]: LZ4
2019/03/22-10:07:58.886047 7f9af8bfa700        Options.compression[6]: LZ4
2019/03/22-10:07:58.886048 7f9af8bfa700                  Options.bottommost_compression: Disabled
2019/03/22-10:07:58.886049 7f9af8bfa700       Options.prefix_extractor: nullptr
2019/03/22-10:07:58.886050 7f9af8bfa700   Options.memtable_insert_with_hint_prefix_extractor: nullptr
2019/03/22-10:07:58.886051 7f9af8bfa700             Options.num_levels: 7
2019/03/22-10:07:58.886052 7f9af8bfa700        Options.min_write_buffer_number_to_merge: 2
2019/03/22-10:07:58.886053 7f9af8bfa700     Options.max_write_buffer_number_to_maintain: 0
2019/03/22-10:07:58.886054 7f9af8bfa700            Options.compression_opts.window_bits: -14
2019/03/22-10:07:58.886055 7f9af8bfa700                  Options.compression_opts.level: -1
2019/03/22-10:07:58.886055 7f9af8bfa700               Options.compression_opts.strategy: 0
2019/03/22-10:07:58.886056 7f9af8bfa700         Options.compression_opts.max_dict_bytes: 0
2019/03/22-10:07:58.886057 7f9af8bfa700         Options.compression_opts.zstd_max_train_bytes: 0
2019/03/22-10:07:58.886058 7f9af8bfa700      Options.level0_file_num_compaction_trigger: 2
2019/03/22-10:07:58.886059 7f9af8bfa700          Options.level0_slowdown_writes_trigger: 20
2019/03/22-10:07:58.886060 7f9af8bfa700              Options.level0_stop_writes_trigger: 36
2019/03/22-10:07:58.886061 7f9af8bfa700                   Options.target_file_size_base: 67108864
2019/03/22-10:07:58.886061 7f9af8bfa700             Options.target_file_size_multiplier: 1
2019/03/22-10:07:58.886062 7f9af8bfa700                Options.max_bytes_for_level_base: 536870912
2019/03/22-10:07:58.886063 7f9af8bfa700 Options.level_compaction_dynamic_level_bytes: 0
2019/03/22-10:07:58.886064 7f9af8bfa700          Options.max_bytes_for_level_multiplier: 10.000000
2019/03/22-10:07:58.886066 7f9af8bfa700 Options.max_bytes_for_level_multiplier_addtl[0]: 1
2019/03/22-10:07:58.886067 7f9af8bfa700 Options.max_bytes_for_level_multiplier_addtl[1]: 1
2019/03/22-10:07:58.886068 7f9af8bfa700 Options.max_bytes_for_level_multiplier_addtl[2]: 1
2019/03/22-10:07:58.886069 7f9af8bfa700 Options.max_bytes_for_level_multiplier_addtl[3]: 1
2019/03/22-10:07:58.886070 7f9af8bfa700 Options.max_bytes_for_level_multiplier_addtl[4]: 1
2019/03/22-10:07:58.886070 7f9af8bfa700 Options.max_bytes_for_level_multiplier_addtl[5]: 1
2019/03/22-10:07:58.886071 7f9af8bfa700 Options.max_bytes_for_level_multiplier_addtl[6]: 1
2019/03/22-10:07:58.886072 7f9af8bfa700       Options.max_sequential_skip_in_iterations: 8
2019/03/22-10:07:58.886073 7f9af8bfa700                    Options.max_compaction_bytes: 1677721600
2019/03/22-10:07:58.886074 7f9af8bfa700                        Options.arena_block_size: 16777216
2019/03/22-10:07:58.886075 7f9af8bfa700   Options.soft_pending_compaction_bytes_limit: 68719476736
2019/03/22-10:07:58.886076 7f9af8bfa700   Options.hard_pending_compaction_bytes_limit: 274877906944
2019/03/22-10:07:58.886077 7f9af8bfa700       Options.rate_limit_delay_max_milliseconds: 100
2019/03/22-10:07:58.886078 7f9af8bfa700                Options.disable_auto_compactions: 0
2019/03/22-10:07:58.886079 7f9af8bfa700                        Options.compaction_style: kCompactionStyleLevel
2019/03/22-10:07:58.886085 7f9af8bfa700                          Options.compaction_pri: kByCompensatedSize
2019/03/22-10:07:58.886087 7f9af8bfa700 Options.compaction_options_universal.size_ratio: 1
2019/03/22-10:07:58.886088 7f9af8bfa700 Options.compaction_options_universal.min_merge_width: 2
2019/03/22-10:07:58.886089 7f9af8bfa700 Options.compaction_options_universal.max_merge_width: 4294967295
2019/03/22-10:07:58.886090 7f9af8bfa700 Options.compaction_options_universal.max_size_amplification_percent: 200
2019/03/22-10:07:58.886090 7f9af8bfa700 Options.compaction_options_universal.compression_size_percent: -1
2019/03/22-10:07:58.886091 7f9af8bfa700 Options.compaction_options_universal.stop_style: kCompactionStopStyleTotalSize
2019/03/22-10:07:58.886092 7f9af8bfa700 Options.compaction_options_fifo.max_table_files_size: 1073741824
2019/03/22-10:07:58.886093 7f9af8bfa700 Options.compaction_options_fifo.allow_compaction: 0
2019/03/22-10:07:58.886094 7f9af8bfa700 Options.compaction_options_fifo.ttl: 0
2019/03/22-10:07:58.886095 7f9af8bfa700                   Options.table_properties_collectors: 
2019/03/22-10:07:58.886096 7f9af8bfa700                   Options.inplace_update_support: 0
2019/03/22-10:07:58.886097 7f9af8bfa700                 Options.inplace_update_num_locks: 10000
2019/03/22-10:07:58.886098 7f9af8bfa700               Options.memtable_prefix_bloom_size_ratio: 0.000000
2019/03/22-10:07:58.886099 7f9af8bfa700   Options.memtable_huge_page_size: 0
2019/03/22-10:07:58.886100 7f9af8bfa700                           Options.bloom_locality: 0
2019/03/22-10:07:58.886101 7f9af8bfa700                    Options.max_successive_merges: 0
2019/03/22-10:07:58.886102 7f9af8bfa700                Options.optimize_filters_for_hits: 0
2019/03/22-10:07:58.886102 7f9af8bfa700                Options.paranoid_file_checks: 0
2019/03/22-10:07:58.886103 7f9af8bfa700                Options.force_consistency_checks: 0
2019/03/22-10:07:58.886104 7f9af8bfa700                Options.report_bg_io_stats: 0
2019/03/22-10:07:58.886105 7f9af8bfa700                               Options.ttl: 0
2019/03/22-10:07:59.481434 7f9af8bfa700 [db/version_set.cc:3361] Recovered from manifest file:/mnt/sdd/ycsb-rocksdb-data/MANIFEST-000004 succeeded,manifest_file_number is 4, next_file_number is 1359, last_sequence is 10426009, log_number is 0,prev_log_number is 0,max_column_family is 1,min_log_number_to_keep is 0
2019/03/22-10:07:59.481447 7f9af8bfa700 [db/version_set.cc:3369] Column family [default] (ID 0), log number is 0
2019/03/22-10:07:59.481449 7f9af8bfa700 [db/version_set.cc:3369] Column family [usertable] (ID 1), log number is 1352
2019/03/22-10:07:59.483485 7f9af8bfa700 EVENT_LOG_v1 {"time_micros": 1553274479483465, "job": 1, "event": "recovery_started", "log_files": [1352, 1358]}
2019/03/22-10:07:59.483493 7f9af8bfa700 [db/db_impl_open.cc:551] Recovering log #1352 mode 2
2019/03/22-10:07:59.812859 7f9af8bfa700 [db/db_impl_open.cc:551] Recovering log #1358 mode 2
2019/03/22-10:08:01.153030 7f9af8bfa700 EVENT_LOG_v1 {"time_micros": 1553274481152987, "cf_name": "usertable", "job": 1, "event": "table_file_creation", "file_number": 1359, "file_size": 129895354, "table_properties": {"data_size": 129317909, "index_size": 576523, "filter_size": 0, "raw_key_size": 752760, "raw_average_key_size": 24, "raw_value_size": 128471040, "raw_average_value_size": 4096, "num_data_blocks": 15683, "num_entries": 31365, "filter_policy_name": "", "kDeletedKeys": "0", "kMergeOperands": "0"}}
2019/03/22-10:08:01.401782 7f9af8bfa700 [db/version_set.cc:2847] Creating manifest 1360
2019/03/22-10:08:01.749990 7f9af8bfa700 EVENT_LOG_v1 {"time_micros": 1553274481749949, "cf_name": "usertable", "job": 1, "event": "table_file_creation", "file_number": 1361, "file_size": 28933952, "table_properties": {"data_size": 28804054, "index_size": 128977, "filter_size": 0, "raw_key_size": 167664, "raw_average_key_size": 24, "raw_value_size": 28614656, "raw_average_value_size": 4096, "num_data_blocks": 3493, "num_entries": 6986, "filter_policy_name": "", "kDeletedKeys": "0", "kMergeOperands": "0"}}
2019/03/22-10:08:01.801708 7f9af8bfa700 EVENT_LOG_v1 {"time_micros": 1553274481801695, "job": 1, "event": "recovery_finished"}
2019/03/22-10:08:01.920252 7f9af8bfa700 [db/db_impl_open.cc:1219] DB pointer 0x7f9a343daef0
2019/03/22-10:08:01.922041 7f9ace7fc700 [WARN] [db/db_impl.cc:491] ------- DUMPING STATS -------
2019/03/22-10:08:01.922108 7f9ace7fc700 [WARN] [db/db_impl.cc:492] 
** DB Stats **
Uptime(secs): 3.0 total, 3.0 interval
Cumulative writes: 0 writes, 0 keys, 0 commit groups, 0.0 writes per commit group, ingest: 0.00 GB, 0.00 MB/s
Cumulative WAL: 0 writes, 0 syncs, 0.00 writes per sync, written: 0.00 GB, 0.00 MB/s
Cumulative stall: 00:00:0.000 H:M:S, 0.0 percent
Interval writes: 0 writes, 0 keys, 0 commit groups, 0.0 writes per commit group, ingest: 0.00 MB, 0.00 MB/s
Interval WAL: 0 writes, 0 syncs, 0.00 writes per sync, written: 0.00 MB, 0.00 MB/s
Interval stall: 00:00:0.000 H:M:S, 0.0 percent

** Compaction Stats [default] **
Level    Files   Size     Score Read(GB)  Rn(GB) Rnp1(GB) Write(GB) Wnew(GB) Moved(GB) W-Amp Rd(MB/s) Wr(MB/s) Comp(sec) Comp(cnt) Avg(sec) KeyIn KeyDrop
----------------------------------------------------------------------------------------------------------------------------------------------------------
 Sum      0/0    0.00 KB   0.0      0.0     0.0      0.0       0.0      0.0       0.0   0.0      0.0      0.0         0         0    0.000       0      0
 Int      0/0    0.00 KB   0.0      0.0     0.0      0.0       0.0      0.0       0.0   0.0      0.0      0.0         0         0    0.000       0      0
Uptime(secs): 3.0 total, 3.0 interval
Flush(GB): cumulative 0.000, interval 0.000
AddFile(GB): cumulative 0.000, interval 0.000
AddFile(Total Files): cumulative 0, interval 0
AddFile(L0 Files): cumulative 0, interval 0
AddFile(Keys): cumulative 0, interval 0
Cumulative compaction: 0.00 GB write, 0.00 MB/s write, 0.00 GB read, 0.00 MB/s read, 0.0 seconds
Interval compaction: 0.00 GB write, 0.00 MB/s write, 0.00 GB read, 0.00 MB/s read, 0.0 seconds
Stalls(count): 0 level0_slowdown, 0 level0_slowdown_with_compaction, 0 level0_numfiles, 0 level0_numfiles_with_compaction, 0 stop for pending_compaction_bytes, 0 slowdown for pending_compaction_bytes, 0 memtable_compaction, 0 memtable_slowdown, interval 0 total count

** File Read Latency Histogram By Level [default] **

** Compaction Stats [usertable] **
Level    Files   Size     Score Read(GB)  Rn(GB) Rnp1(GB) Write(GB) Wnew(GB) Moved(GB) W-Amp Rd(MB/s) Wr(MB/s) Comp(sec) Comp(cnt) Avg(sec) KeyIn KeyDrop
----------------------------------------------------------------------------------------------------------------------------------------------------------
  L0      3/0   348.29 MB   1.5      0.0     0.0      0.0       0.1      0.1       0.0   1.0      0.0     99.1         2         2    0.764       0      0
  L1      7/0   443.39 MB   0.9      0.0     0.0      0.0       0.0      0.0       0.0   0.0      0.0      0.0         0         0    0.000       0      0
  L2    174/0    4.97 GB   1.0      0.0     0.0      0.0       0.0      0.0       0.0   0.0      0.0      0.0         0         0    0.000       0      0
  L3    550/0   34.44 GB   0.7      0.0     0.0      0.0       0.0      0.0       0.0   0.0      0.0      0.0         0         0    0.000       0      0
 Sum    734/0   40.18 GB   0.0      0.0     0.0      0.0       0.1      0.1       0.0   1.0      0.0     99.1         2         2    0.764       0      0
 Int      0/0    0.00 KB   0.0      0.0     0.0      0.0       0.1      0.1       0.0   1.0      0.0     99.1         2         2    0.764       0      0
Uptime(secs): 3.0 total, 3.0 interval
Flush(GB): cumulative 0.148, interval 0.148
AddFile(GB): cumulative 0.000, interval 0.000
AddFile(Total Files): cumulative 0, interval 0
AddFile(L0 Files): cumulative 0, interval 0
AddFile(Keys): cumulative 0, interval 0
Cumulative compaction: 0.15 GB write, 49.89 MB/s write, 0.00 GB read, 0.00 MB/s read, 1.5 seconds
Interval compaction: 0.15 GB write, 49.89 MB/s write, 0.00 GB read, 0.00 MB/s read, 1.5 seconds
Stalls(count): 0 level0_slowdown, 0 level0_slowdown_with_compaction, 0 level0_numfiles, 0 level0_numfiles_with_compaction, 0 stop for pending_compaction_bytes, 0 slowdown for pending_compaction_bytes, 0 memtable_compaction, 0 memtable_slowdown, interval 0 total count

** File Read Latency Histogram By Level [usertable] **

** Compaction Stats [default] **
Level    Files   Size     Score Read(GB)  Rn(GB) Rnp1(GB) Write(GB) Wnew(GB) Moved(GB) W-Amp Rd(MB/s) Wr(MB/s) Comp(sec) Comp(cnt) Avg(sec) KeyIn KeyDrop
----------------------------------------------------------------------------------------------------------------------------------------------------------
 Sum      0/0    0.00 KB   0.0      0.0     0.0      0.0       0.0      0.0       0.0   0.0      0.0      0.0         0         0    0.000       0      0
 Int      0/0    0.00 KB   0.0      0.0     0.0      0.0       0.0      0.0       0.0   0.0      0.0      0.0         0         0    0.000       0      0
Uptime(secs): 3.0 total, 0.0 interval
Flush(GB): cumulative 0.000, interval 0.000
AddFile(GB): cumulative 0.000, interval 0.000
AddFile(Total Files): cumulative 0, interval 0
AddFile(L0 Files): cumulative 0, interval 0
AddFile(Keys): cumulative 0, interval 0
Cumulative compaction: 0.00 GB write, 0.00 MB/s write, 0.00 GB read, 0.00 MB/s read, 0.0 seconds
Interval compaction: 0.00 GB write, 0.00 MB/s write, 0.00 GB read, 0.00 MB/s read, 0.0 seconds
Stalls(count): 0 level0_slowdown, 0 level0_slowdown_with_compaction, 0 level0_numfiles, 0 level0_numfiles_with_compaction, 0 stop for pending_compaction_bytes, 0 slowdown for pending_compaction_bytes, 0 memtable_compaction, 0 memtable_slowdown, interval 0 total count

** File Read Latency Histogram By Level [default] **

** Compaction Stats [usertable] **
Level    Files   Size     Score Read(GB)  Rn(GB) Rnp1(GB) Write(GB) Wnew(GB) Moved(GB) W-Amp Rd(MB/s) Wr(MB/s) Comp(sec) Comp(cnt) Avg(sec) KeyIn KeyDrop
----------------------------------------------------------------------------------------------------------------------------------------------------------
  L0      3/0   348.29 MB   1.5      0.0     0.0      0.0       0.1      0.1       0.0   1.0      0.0     99.1         2         2    0.764       0      0
  L1      7/0   443.39 MB   0.9      0.0     0.0      0.0       0.0      0.0       0.0   0.0      0.0      0.0         0         0    0.000       0      0
  L2    174/0    4.97 GB   1.0      0.0     0.0      0.0       0.0      0.0       0.0   0.0      0.0      0.0         0         0    0.000       0      0
  L3    550/0   34.44 GB   0.7      0.0     0.0      0.0       0.0      0.0       0.0   0.0      0.0      0.0         0         0    0.000       0      0
 Sum    734/0   40.18 GB   0.0      0.0     0.0      0.0       0.1      0.1       0.0   1.0      0.0     99.1         2         2    0.764       0      0
 Int      0/0    0.00 KB   0.0      0.0     0.0      0.0       0.0      0.0       0.0   0.0      0.0      0.0         0         0    0.000       0      0
Uptime(secs): 3.0 total, 0.0 interval
Flush(GB): cumulative 0.148, interval 0.000
AddFile(GB): cumulative 0.000, interval 0.000
AddFile(Total Files): cumulative 0, interval 0
AddFile(L0 Files): cumulative 0, interval 0
AddFile(Keys): cumulative 0, interval 0
Cumulative compaction: 0.15 GB write, 49.89 MB/s write, 0.00 GB read, 0.00 MB/s read, 1.5 seconds
Interval compaction: 0.00 GB write, 0.00 MB/s write, 0.00 GB read, 0.00 MB/s read, 0.0 seconds
Stalls(count): 0 level0_slowdown, 0 level0_slowdown_with_compaction, 0 level0_numfiles, 0 level0_numfiles_with_compaction, 0 stop for pending_compaction_bytes, 0 slowdown for pending_compaction_bytes, 0 memtable_compaction, 0 memtable_slowdown, interval 0 total count

** File Read Latency Histogram By Level [usertable] **
2019/03/22-10:08:01.971101 7f9ace7fc700 (Original Log Time 2019/03/22-10:08:01.922298) [db/db_impl_compaction_flush.cc:1835] [usertable] Moving #1101 to level-1 206381318 bytes
2019/03/22-10:08:01.971108 7f9ace7fc700 (Original Log Time 2019/03/22-10:08:01.970981) EVENT_LOG_v1 {"time_micros": 1553274481970963, "job": 3, "event": "trivial_move", "destination_level": 1, "files": 1, "total_files_size": 206381318}
2019/03/22-10:08:01.971111 7f9ace7fc700 (Original Log Time 2019/03/22-10:08:01.970999) [db/db_impl_compaction_flush.cc:1864] [usertable] Moved #1 files to level-1 206381318 bytes OK: base level 1 max bytes base 536870912 files[2 8 174 550 0 0 0] max score 1.25
2019/03/22-10:08:01.971251 7f9ace7fc700 [db/compaction_job.cc:1531] [usertable] [JOB 4] Compacting 1@1 files to L2, score 1.25
2019/03/22-10:08:01.971263 7f9ace7fc700 [db/compaction_job.cc:1535] [usertable] Compaction start summary: Base version 6 Base level 1, inputs: [1101(196MB)]
2019/03/22-10:08:01.971299 7f9ace7fc700 EVENT_LOG_v1 {"time_micros": 1553274481971272, "job": 4, "event": "compaction_started", "compaction_reason": "LevelMaxLevelSize", "files_L1": [1101], "score": 1.25041, "input_data_size": 206381318}
2019/03/22-10:08:02.905428 7f9ace7fc700 [db/compaction_job.cc:1211] [usertable] [JOB 4] Generated table #1365: 16279 keys, 67233535 bytes
2019/03/22-10:08:02.905487 7f9ace7fc700 EVENT_LOG_v1 {"time_micros": 1553274482905460, "cf_name": "usertable", "job": 4, "event": "table_file_creation", "file_number": 1365, "file_size": 67233535, "table_properties": {"data_size": 67120140, "index_size": 300916, "filter_size": 0, "raw_key_size": 390696, "raw_average_key_size": 24, "raw_value_size": 66678784, "raw_average_value_size": 4096, "num_data_blocks": 8140, "num_entries": 16279, "filter_policy_name": "", "kDeletedKeys": "0", "kMergeOperands": "0"}}
2019/03/22-10:08:03.692992 7f9ace7fc700 [db/compaction_job.cc:1211] [usertable] [JOB 4] Generated table #1366: 16279 keys, 67233336 bytes
2019/03/22-10:08:03.693056 7f9ace7fc700 EVENT_LOG_v1 {"time_micros": 1553274483693025, "cf_name": "usertable", "job": 4, "event": "table_file_creation", "file_number": 1366, "file_size": 67233336, "table_properties": {"data_size": 67118331, "index_size": 299107, "filter_size": 0, "raw_key_size": 390696, "raw_average_key_size": 24, "raw_value_size": 66678784, "raw_average_value_size": 4096, "num_data_blocks": 8140, "num_entries": 16279, "filter_policy_name": "", "kDeletedKeys": "0", "kMergeOperands": "0"}}
2019/03/22-10:08:04.475623 7f9ace7fc700 [db/compaction_job.cc:1211] [usertable] [JOB 4] Generated table #1367: 16279 keys, 67233555 bytes
2019/03/22-10:08:04.475685 7f9ace7fc700 EVENT_LOG_v1 {"time_micros": 1553274484475647, "cf_name": "usertable", "job": 4, "event": "table_file_creation", "file_number": 1367, "file_size": 67233555, "table_properties": {"data_size": 67120140, "index_size": 300916, "filter_size": 0, "raw_key_size": 390696, "raw_average_key_size": 24, "raw_value_size": 66678784, "raw_average_value_size": 4096, "num_data_blocks": 8140, "num_entries": 16279, "filter_policy_name": "", "kDeletedKeys": "0", "kMergeOperands": "0"}}
2019/03/22-10:08:04.553919 7f9ace7fc700 [db/compaction_job.cc:1211] [usertable] [JOB 4] Generated table #1368: 994 keys, 4106162 bytes
2019/03/22-10:08:04.553982 7f9ace7fc700 EVENT_LOG_v1 {"time_micros": 1553274484553951, "cf_name": "usertable", "job": 4, "event": "table_file_creation", "file_number": 1368, "file_size": 4106162, "table_properties": {"data_size": 4098262, "index_size": 18016, "filter_size": 0, "raw_key_size": 23856, "raw_average_key_size": 24, "raw_value_size": 4071424, "raw_average_value_size": 4096, "num_data_blocks": 497, "num_entries": 994, "filter_policy_name": "", "kDeletedKeys": "0", "kMergeOperands": "0"}}
2019/03/22-10:08:04.554063 7f9ace7fc700 [db/compaction_job.cc:1287] [usertable] [JOB 4] Compacted 1@1 files to L2 => 205806588 bytes
2019/03/22-10:08:04.586235 7f9ace7fc700 (Original Log Time 2019/03/22-10:08:04.586051) [db/compaction_job.cc:685] [usertable] compacted to: base level 1 max bytes base 536870912 files[2 7 178 550 0 0 0] max score 1.03, MB/sec: 79.9 rd, 79.7 wr, level 2, files in(1, 0) out(4) MB in(196.8, 0.0) out(196.3), read-write-amplify(2.0) write-amplify(1.0) OK, records in: 49831, records dropped: 0 output_compression: LZ4
2019/03/22-10:08:04.586248 7f9ace7fc700 (Original Log Time 2019/03/22-10:08:04.586111) EVENT_LOG_v1 {"time_micros": 1553274484586088, "job": 4, "event": "compaction_finished", "compaction_time_micros": 2582717, "output_level": 2, "num_output_files": 4, "total_output_size": 205806588, "num_input_records": 49831, "num_output_records": 49831, "num_subcompactions": 1, "output_compression": "LZ4", "num_single_delete_mismatches": 0, "num_single_delete_fallthrough": 0, "lsm_state": [2, 7, 178, 550, 0, 0, 0]}
2019/03/22-10:08:04.618881 7f9aee6fe700 (Original Log Time 2019/03/22-10:08:04.586481) [db/db_impl_compaction_flush.cc:1835] [usertable] Moving #1367 to level-3 67233555 bytes
2019/03/22-10:08:04.618888 7f9aee6fe700 (Original Log Time 2019/03/22-10:08:04.618790) EVENT_LOG_v1 {"time_micros": 1553274484618778, "job": 5, "event": "trivial_move", "destination_level": 3, "files": 1, "total_files_size": 67233555}
2019/03/22-10:08:04.618891 7f9aee6fe700 (Original Log Time 2019/03/22-10:08:04.618801) [db/db_impl_compaction_flush.cc:1864] [usertable] Moved #1 files to level-3 67233555 bytes OK: base level 1 max bytes base 536870912 files[2 7 177 551 0 0 0] max score 1.02
2019/03/22-10:08:04.637605 7f9aee6fe700 EVENT_LOG_v1 {"time_micros": 1553274484637594, "job": 5, "event": "table_file_deletion", "file_number": 1101}
2019/03/22-10:08:04.670276 7f9aee6fe700 (Original Log Time 2019/03/22-10:08:04.637763) [db/db_impl_compaction_flush.cc:1835] [usertable] Moving #1365 to level-3 67233535 bytes
2019/03/22-10:08:04.670284 7f9aee6fe700 (Original Log Time 2019/03/22-10:08:04.670165) EVENT_LOG_v1 {"time_micros": 1553274484670153, "job": 6, "event": "trivial_move", "destination_level": 3, "files": 1, "total_files_size": 67233535}
2019/03/22-10:08:04.670287 7f9aee6fe700 (Original Log Time 2019/03/22-10:08:04.670181) [db/db_impl_compaction_flush.cc:1864] [usertable] Moved #1 files to level-3 67233535 bytes OK: base level 1 max bytes base 536870912 files[2 7 176 552 0 0 0] max score 1.01
2019/03/22-10:08:04.703125 7f9aee6fe700 (Original Log Time 2019/03/22-10:08:04.670540) [db/db_impl_compaction_flush.cc:1835] [usertable] Moving #1366 to level-3 67233336 bytes
2019/03/22-10:08:04.703131 7f9aee6fe700 (Original Log Time 2019/03/22-10:08:04.703057) EVENT_LOG_v1 {"time_micros": 1553274484703044, "job": 7, "event": "trivial_move", "destination_level": 3, "files": 1, "total_files_size": 67233336}
2019/03/22-10:08:04.703132 7f9aee6fe700 (Original Log Time 2019/03/22-10:08:04.703073) [db/db_impl_compaction_flush.cc:1864] [usertable] Moved #1 files to level-3 67233336 bytes OK: base level 1 max bytes base 536870912 files[2 7 175 553 0 0 0] max score 1.00
2019/03/22-10:08:04.734150 7f9aecefb700 (Original Log Time 2019/03/22-10:08:04.703362) [db/db_impl_compaction_flush.cc:1835] [usertable] Moving #1359 to level-1 129895354 bytes
2019/03/22-10:08:04.734157 7f9aecefb700 (Original Log Time 2019/03/22-10:08:04.734046) EVENT_LOG_v1 {"time_micros": 1553274484734031, "job": 8, "event": "trivial_move", "destination_level": 1, "files": 1, "total_files_size": 129895354}
