2019/03/18-23:54:02.067209 7f119c2db700 RocksDB version: 5.14.3
2019/03/18-23:54:02.067274 7f119c2db700 Git sha rocksdb_build_git_sha:
2019/03/18-23:54:02.067277 7f119c2db700 Compile date Oct  9 2018
2019/03/18-23:54:02.067286 7f119c2db700 DB SUMMARY
2019/03/18-23:54:02.067863 7f119c2db700 CURRENT file:  CURRENT
2019/03/18-23:54:02.067868 7f119c2db700 IDENTITY file:  IDENTITY
2019/03/18-23:54:02.067878 7f119c2db700 MANIFEST file:  MANIFEST-000004 size: 130011 Bytes
2019/03/18-23:54:02.067882 7f119c2db700 SST files in /mnt/sdd/ycsb-rocksdb-data dir, Total Num: 733, files: 000021.sst 000022.sst 000023.sst 000028.sst 000029.sst 000030.sst 000031.sst 000035.sst 000036.sst 
2019/03/18-23:54:02.067887 7f119c2db700 Write Ahead Log file in /mnt/sdd/ycsb-rocksdb-data: 001334.log size: 104143147 ; 001340.log size: 38667009 ; 
2019/03/18-23:54:02.067915 7f119c2db700                         Options.error_if_exists: 0
2019/03/18-23:54:02.067917 7f119c2db700                       Options.create_if_missing: 1
2019/03/18-23:54:02.067918 7f119c2db700                         Options.paranoid_checks: 1
2019/03/18-23:54:02.067919 7f119c2db700                                     Options.env: 0x7f119777b080
2019/03/18-23:54:02.067920 7f119c2db700                                Options.info_log: 0x7f11043e9620
2019/03/18-23:54:02.067921 7f119c2db700                Options.max_file_opening_threads: 16
2019/03/18-23:54:02.067922 7f119c2db700                              Options.statistics: (nil)
2019/03/18-23:54:02.067923 7f119c2db700                               Options.use_fsync: 0
2019/03/18-23:54:02.067924 7f119c2db700                       Options.max_log_file_size: 0
2019/03/18-23:54:02.067925 7f119c2db700                  Options.max_manifest_file_size: 18446744073709551615
2019/03/18-23:54:02.067926 7f119c2db700                   Options.log_file_time_to_roll: 0
2019/03/18-23:54:02.067927 7f119c2db700                       Options.keep_log_file_num: 1000
2019/03/18-23:54:02.067928 7f119c2db700                    Options.recycle_log_file_num: 0
2019/03/18-23:54:02.067929 7f119c2db700                         Options.allow_fallocate: 1
2019/03/18-23:54:02.067930 7f119c2db700                        Options.allow_mmap_reads: 0
2019/03/18-23:54:02.067931 7f119c2db700                       Options.allow_mmap_writes: 0
2019/03/18-23:54:02.067932 7f119c2db700                        Options.use_direct_reads: 0
2019/03/18-23:54:02.067933 7f119c2db700                        Options.use_direct_io_for_flush_and_compaction: 0
2019/03/18-23:54:02.067934 7f119c2db700          Options.create_missing_column_families: 1
2019/03/18-23:54:02.067935 7f119c2db700                              Options.db_log_dir: 
2019/03/18-23:54:02.067936 7f119c2db700                                 Options.wal_dir: /mnt/sdd/ycsb-rocksdb-data
2019/03/18-23:54:02.067937 7f119c2db700                Options.table_cache_numshardbits: 6
2019/03/18-23:54:02.067938 7f119c2db700                      Options.max_subcompactions: 4
2019/03/18-23:54:02.067939 7f119c2db700                  Options.max_background_flushes: 24
2019/03/18-23:54:02.067940 7f119c2db700                         Options.WAL_ttl_seconds: 0
2019/03/18-23:54:02.067941 7f119c2db700                       Options.WAL_size_limit_MB: 0
2019/03/18-23:54:02.067942 7f119c2db700             Options.manifest_preallocation_size: 4194304
2019/03/18-23:54:02.067943 7f119c2db700                     Options.is_fd_close_on_exec: 1
2019/03/18-23:54:02.067944 7f119c2db700                   Options.advise_random_on_open: 1
2019/03/18-23:54:02.067945 7f119c2db700                    Options.db_write_buffer_size: 0
2019/03/18-23:54:02.067946 7f119c2db700                    Options.write_buffer_manager: 0x7f11043e9010
2019/03/18-23:54:02.067947 7f119c2db700         Options.access_hint_on_compaction_start: 1
2019/03/18-23:54:02.067948 7f119c2db700  Options.new_table_reader_for_compaction_inputs: 0
2019/03/18-23:54:02.067949 7f119c2db700           Options.random_access_max_buffer_size: 1048576
2019/03/18-23:54:02.067950 7f119c2db700                      Options.use_adaptive_mutex: 0
2019/03/18-23:54:02.067951 7f119c2db700                            Options.rate_limiter: (nil)
2019/03/18-23:54:02.067966 7f119c2db700     Options.sst_file_manager.rate_bytes_per_sec: 0
2019/03/18-23:54:02.067968 7f119c2db700                       Options.wal_recovery_mode: 2
2019/03/18-23:54:02.067969 7f119c2db700                  Options.enable_thread_tracking: 0
2019/03/18-23:54:02.067970 7f119c2db700                  Options.enable_pipelined_write: 1
2019/03/18-23:54:02.067971 7f119c2db700         Options.allow_concurrent_memtable_write: 1
2019/03/18-23:54:02.067972 7f119c2db700      Options.enable_write_thread_adaptive_yield: 1
2019/03/18-23:54:02.067973 7f119c2db700             Options.write_thread_max_yield_usec: 100
2019/03/18-23:54:02.067974 7f119c2db700            Options.write_thread_slow_yield_usec: 3
2019/03/18-23:54:02.067975 7f119c2db700                               Options.row_cache: None
2019/03/18-23:54:02.067976 7f119c2db700                              Options.wal_filter: None
2019/03/18-23:54:02.067977 7f119c2db700             Options.avoid_flush_during_recovery: 0
2019/03/18-23:54:02.067978 7f119c2db700             Options.allow_ingest_behind: 0
2019/03/18-23:54:02.067979 7f119c2db700             Options.preserve_deletes: 0
2019/03/18-23:54:02.067980 7f119c2db700             Options.two_write_queues: 0
2019/03/18-23:54:02.067982 7f119c2db700             Options.manual_wal_flush: 0
2019/03/18-23:54:02.067984 7f119c2db700             Options.max_background_jobs: 24
2019/03/18-23:54:02.067985 7f119c2db700             Options.max_background_compactions: 24
2019/03/18-23:54:02.067986 7f119c2db700             Options.avoid_flush_during_shutdown: 0
2019/03/18-23:54:02.067987 7f119c2db700           Options.writable_file_max_buffer_size: 1048576
2019/03/18-23:54:02.067988 7f119c2db700             Options.delayed_write_rate : 16777216
2019/03/18-23:54:02.067989 7f119c2db700             Options.max_total_wal_size: 0
2019/03/18-23:54:02.067990 7f119c2db700             Options.delete_obsolete_files_period_micros: 21600000000
2019/03/18-23:54:02.067991 7f119c2db700                   Options.stats_dump_period_sec: 60
2019/03/18-23:54:02.067992 7f119c2db700                          Options.max_open_files: -1
2019/03/18-23:54:02.067993 7f119c2db700                          Options.bytes_per_sync: 1048576
2019/03/18-23:54:02.067994 7f119c2db700                      Options.wal_bytes_per_sync: 0
2019/03/18-23:54:02.067995 7f119c2db700       Options.compaction_readahead_size: 0
2019/03/18-23:54:02.067996 7f119c2db700 Compression algorithms supported:
2019/03/18-23:54:02.067998 7f119c2db700 	kZSTDNotFinalCompression supported: 1
2019/03/18-23:54:02.068008 7f119c2db700 	kZSTD supported: 1
2019/03/18-23:54:02.068010 7f119c2db700 	kXpressCompression supported: 0
2019/03/18-23:54:02.068011 7f119c2db700 	kLZ4HCCompression supported: 1
2019/03/18-23:54:02.068013 7f119c2db700 	kLZ4Compression supported: 1
2019/03/18-23:54:02.068014 7f119c2db700 	kBZip2Compression supported: 1
2019/03/18-23:54:02.068015 7f119c2db700 	kZlibCompression supported: 1
2019/03/18-23:54:02.068016 7f119c2db700 	kSnappyCompression supported: 1
2019/03/18-23:54:02.068020 7f119c2db700 Fast CRC32 supported: Not supported on x86
2019/03/18-23:54:02.068487 7f119c2db700 [db/version_set.cc:3085] Recovering from manifest file: MANIFEST-000004
2019/03/18-23:54:02.068587 7f119c2db700 [db/column_family.cc:475] --------------- Options for column family [default]:
2019/03/18-23:54:02.068591 7f119c2db700               Options.comparator: leveldb.BytewiseComparator
2019/03/18-23:54:02.068592 7f119c2db700           Options.merge_operator: None
2019/03/18-23:54:02.068593 7f119c2db700        Options.compaction_filter: None
2019/03/18-23:54:02.068594 7f119c2db700        Options.compaction_filter_factory: None
2019/03/18-23:54:02.068595 7f119c2db700         Options.memtable_factory: SkipListFactory
2019/03/18-23:54:02.068597 7f119c2db700            Options.table_factory: BlockBasedTable
2019/03/18-23:54:02.068624 7f119c2db700            table_factory options:   flush_block_policy_factory: FlushBlockBySizePolicyFactory (0x7f11043e9ca0)
  cache_index_and_filter_blocks: 0
  cache_index_and_filter_blocks_with_high_priority: 0
  pin_l0_filter_and_index_blocks_in_cache: 0
  index_type: 0
  hash_index_allow_collision: 1
  checksum: 1
  no_block_cache: 0
  block_cache: 0x7f11043dbb80
  block_cache_name: LRUCache
  block_cache_options:
    capacity : 8388608
    num_shard_bits : 4
    strict_capacity_limit : 0
    high_pri_pool_ratio: 0.000
  block_cache_compressed: (nil)
  persistent_cache: (nil)
  block_size: 8192
  block_size_deviation: 10
  block_restart_interval: 16
  index_block_restart_interval: 1
  metadata_block_size: 4096
  partition_filters: 0
  use_delta_encoding: 1
  filter_policy: nullptr
  whole_key_filtering: 1
  verify_compression: 0
  read_amp_bytes_per_bit: 0
  format_version: 2
  enable_index_compression: 1
  block_align: 0
2019/03/18-23:54:02.068638 7f119c2db700        Options.write_buffer_size: 134217728
2019/03/18-23:54:02.068640 7f119c2db700  Options.max_write_buffer_number: 24
2019/03/18-23:54:02.068641 7f119c2db700        Options.compression[0]: NoCompression
2019/03/18-23:54:02.068643 7f119c2db700        Options.compression[1]: NoCompression
2019/03/18-23:54:02.068644 7f119c2db700        Options.compression[2]: LZ4
2019/03/18-23:54:02.068645 7f119c2db700        Options.compression[3]: LZ4
2019/03/18-23:54:02.068646 7f119c2db700        Options.compression[4]: LZ4
2019/03/18-23:54:02.068647 7f119c2db700        Options.compression[5]: LZ4
2019/03/18-23:54:02.068649 7f119c2db700        Options.compression[6]: LZ4
2019/03/18-23:54:02.068650 7f119c2db700                  Options.bottommost_compression: Disabled
2019/03/18-23:54:02.068651 7f119c2db700       Options.prefix_extractor: nullptr
2019/03/18-23:54:02.068652 7f119c2db700   Options.memtable_insert_with_hint_prefix_extractor: nullptr
2019/03/18-23:54:02.068653 7f119c2db700             Options.num_levels: 7
2019/03/18-23:54:02.068654 7f119c2db700        Options.min_write_buffer_number_to_merge: 2
2019/03/18-23:54:02.068655 7f119c2db700     Options.max_write_buffer_number_to_maintain: 0
2019/03/18-23:54:02.068656 7f119c2db700            Options.compression_opts.window_bits: -14
2019/03/18-23:54:02.068657 7f119c2db700                  Options.compression_opts.level: -1
2019/03/18-23:54:02.068658 7f119c2db700               Options.compression_opts.strategy: 0
2019/03/18-23:54:02.068659 7f119c2db700         Options.compression_opts.max_dict_bytes: 0
2019/03/18-23:54:02.068660 7f119c2db700         Options.compression_opts.zstd_max_train_bytes: 0
2019/03/18-23:54:02.068661 7f119c2db700      Options.level0_file_num_compaction_trigger: 2
2019/03/18-23:54:02.068662 7f119c2db700          Options.level0_slowdown_writes_trigger: 20
2019/03/18-23:54:02.068663 7f119c2db700              Options.level0_stop_writes_trigger: 36
2019/03/18-23:54:02.068664 7f119c2db700                   Options.target_file_size_base: 67108864
2019/03/18-23:54:02.068665 7f119c2db700             Options.target_file_size_multiplier: 1
2019/03/18-23:54:02.068666 7f119c2db700                Options.max_bytes_for_level_base: 536870912
2019/03/18-23:54:02.068667 7f119c2db700 Options.level_compaction_dynamic_level_bytes: 0
2019/03/18-23:54:02.068668 7f119c2db700          Options.max_bytes_for_level_multiplier: 10.000000
2019/03/18-23:54:02.068671 7f119c2db700 Options.max_bytes_for_level_multiplier_addtl[0]: 1
2019/03/18-23:54:02.068673 7f119c2db700 Options.max_bytes_for_level_multiplier_addtl[1]: 1
2019/03/18-23:54:02.068674 7f119c2db700 Options.max_bytes_for_level_multiplier_addtl[2]: 1
2019/03/18-23:54:02.068675 7f119c2db700 Options.max_bytes_for_level_multiplier_addtl[3]: 1
2019/03/18-23:54:02.068676 7f119c2db700 Options.max_bytes_for_level_multiplier_addtl[4]: 1
2019/03/18-23:54:02.068677 7f119c2db700 Options.max_bytes_for_level_multiplier_addtl[5]: 1
2019/03/18-23:54:02.068678 7f119c2db700 Options.max_bytes_for_level_multiplier_addtl[6]: 1
2019/03/18-23:54:02.068679 7f119c2db700       Options.max_sequential_skip_in_iterations: 8
2019/03/18-23:54:02.068680 7f119c2db700                    Options.max_compaction_bytes: 1677721600
2019/03/18-23:54:02.068687 7f119c2db700                        Options.arena_block_size: 16777216
2019/03/18-23:54:02.068688 7f119c2db700   Options.soft_pending_compaction_bytes_limit: 68719476736
2019/03/18-23:54:02.068689 7f119c2db700   Options.hard_pending_compaction_bytes_limit: 274877906944
2019/03/18-23:54:02.068690 7f119c2db700       Options.rate_limit_delay_max_milliseconds: 100
2019/03/18-23:54:02.068692 7f119c2db700                Options.disable_auto_compactions: 0
2019/03/18-23:54:02.068693 7f119c2db700                        Options.compaction_style: kCompactionStyleLevel
2019/03/18-23:54:02.068695 7f119c2db700                          Options.compaction_pri: kByCompensatedSize
2019/03/18-23:54:02.068696 7f119c2db700 Options.compaction_options_universal.size_ratio: 1
2019/03/18-23:54:02.068697 7f119c2db700 Options.compaction_options_universal.min_merge_width: 2
2019/03/18-23:54:02.068698 7f119c2db700 Options.compaction_options_universal.max_merge_width: 4294967295
2019/03/18-23:54:02.068699 7f119c2db700 Options.compaction_options_universal.max_size_amplification_percent: 200
2019/03/18-23:54:02.068700 7f119c2db700 Options.compaction_options_universal.compression_size_percent: -1
2019/03/18-23:54:02.068702 7f119c2db700 Options.compaction_options_universal.stop_style: kCompactionStopStyleTotalSize
2019/03/18-23:54:02.068703 7f119c2db700 Options.compaction_options_fifo.max_table_files_size: 1073741824
2019/03/18-23:54:02.068704 7f119c2db700 Options.compaction_options_fifo.allow_compaction: 0
2019/03/18-23:54:02.068705 7f119c2db700 Options.compaction_options_fifo.ttl: 0
2019/03/18-23:54:02.068706 7f119c2db700                   Options.table_properties_collectors: 
2019/03/18-23:54:02.068707 7f119c2db700                   Options.inplace_update_support: 0
2019/03/18-23:54:02.068708 7f119c2db700                 Options.inplace_update_num_locks: 10000
2019/03/18-23:54:02.068709 7f119c2db700               Options.memtable_prefix_bloom_size_ratio: 0.000000
2019/03/18-23:54:02.068710 7f119c2db700   Options.memtable_huge_page_size: 0
2019/03/18-23:54:02.068711 7f119c2db700                           Options.bloom_locality: 0
2019/03/18-23:54:02.068712 7f119c2db700                    Options.max_successive_merges: 0
2019/03/18-23:54:02.068713 7f119c2db700                Options.optimize_filters_for_hits: 0
2019/03/18-23:54:02.068714 7f119c2db700                Options.paranoid_file_checks: 0
2019/03/18-23:54:02.068715 7f119c2db700                Options.force_consistency_checks: 0
2019/03/18-23:54:02.068716 7f119c2db700                Options.report_bg_io_stats: 0
2019/03/18-23:54:02.068717 7f119c2db700                               Options.ttl: 0
2019/03/18-23:54:02.069203 7f119c2db700 [db/column_family.cc:475] --------------- Options for column family [usertable]:
2019/03/18-23:54:02.069207 7f119c2db700               Options.comparator: leveldb.BytewiseComparator
2019/03/18-23:54:02.069208 7f119c2db700           Options.merge_operator: None
2019/03/18-23:54:02.069209 7f119c2db700        Options.compaction_filter: None
2019/03/18-23:54:02.069210 7f119c2db700        Options.compaction_filter_factory: None
2019/03/18-23:54:02.069211 7f119c2db700         Options.memtable_factory: SkipListFactory
2019/03/18-23:54:02.069212 7f119c2db700            Options.table_factory: BlockBasedTable
2019/03/18-23:54:02.069237 7f119c2db700            table_factory options:   flush_block_policy_factory: FlushBlockBySizePolicyFactory (0x7f11043e53d0)
  cache_index_and_filter_blocks: 0
  cache_index_and_filter_blocks_with_high_priority: 0
  pin_l0_filter_and_index_blocks_in_cache: 0
  index_type: 0
  hash_index_allow_collision: 1
  checksum: 1
  no_block_cache: 0
  block_cache: 0x7f11043eb540
  block_cache_name: LRUCache
  block_cache_options:
    capacity : 8388608
    num_shard_bits : 4
    strict_capacity_limit : 0
    high_pri_pool_ratio: 0.000
  block_cache_compressed: (nil)
  persistent_cache: (nil)
  block_size: 8192
  block_size_deviation: 10
  block_restart_interval: 16
  index_block_restart_interval: 1
  metadata_block_size: 4096
  partition_filters: 0
  use_delta_encoding: 1
  filter_policy: nullptr
  whole_key_filtering: 1
  verify_compression: 0
  read_amp_bytes_per_bit: 0
  format_version: 2
  enable_index_compression: 1
  block_align: 0
2019/03/18-23:54:02.069249 7f119c2db700        Options.write_buffer_size: 134217728
2019/03/18-23:54:02.069251 7f119c2db700  Options.max_write_buffer_number: 24
2019/03/18-23:54:02.069252 7f119c2db700        Options.compression[0]: NoCompression
2019/03/18-23:54:02.069253 7f119c2db700        Options.compression[1]: NoCompression
2019/03/18-23:54:02.069255 7f119c2db700        Options.compression[2]: LZ4
2019/03/18-23:54:02.069256 7f119c2db700        Options.compression[3]: LZ4
2019/03/18-23:54:02.069257 7f119c2db700        Options.compression[4]: LZ4
2019/03/18-23:54:02.069258 7f119c2db700        Options.compression[5]: LZ4
2019/03/18-23:54:02.069259 7f119c2db700        Options.compression[6]: LZ4
2019/03/18-23:54:02.069260 7f119c2db700                  Options.bottommost_compression: Disabled
2019/03/18-23:54:02.069261 7f119c2db700       Options.prefix_extractor: nullptr
2019/03/18-23:54:02.069262 7f119c2db700   Options.memtable_insert_with_hint_prefix_extractor: nullptr
2019/03/18-23:54:02.069263 7f119c2db700             Options.num_levels: 7
2019/03/18-23:54:02.069264 7f119c2db700        Options.min_write_buffer_number_to_merge: 2
2019/03/18-23:54:02.069265 7f119c2db700     Options.max_write_buffer_number_to_maintain: 0
2019/03/18-23:54:02.069266 7f119c2db700            Options.compression_opts.window_bits: -14
2019/03/18-23:54:02.069267 7f119c2db700                  Options.compression_opts.level: -1
2019/03/18-23:54:02.069268 7f119c2db700               Options.compression_opts.strategy: 0
2019/03/18-23:54:02.069269 7f119c2db700         Options.compression_opts.max_dict_bytes: 0
2019/03/18-23:54:02.069270 7f119c2db700         Options.compression_opts.zstd_max_train_bytes: 0
2019/03/18-23:54:02.069271 7f119c2db700      Options.level0_file_num_compaction_trigger: 2
2019/03/18-23:54:02.069272 7f119c2db700          Options.level0_slowdown_writes_trigger: 20
2019/03/18-23:54:02.069273 7f119c2db700              Options.level0_stop_writes_trigger: 36
2019/03/18-23:54:02.069274 7f119c2db700                   Options.target_file_size_base: 67108864
2019/03/18-23:54:02.069275 7f119c2db700             Options.target_file_size_multiplier: 1
2019/03/18-23:54:02.069275 7f119c2db700                Options.max_bytes_for_level_base: 536870912
2019/03/18-23:54:02.069276 7f119c2db700 Options.level_compaction_dynamic_level_bytes: 0
2019/03/18-23:54:02.069277 7f119c2db700          Options.max_bytes_for_level_multiplier: 10.000000
2019/03/18-23:54:02.069280 7f119c2db700 Options.max_bytes_for_level_multiplier_addtl[0]: 1
2019/03/18-23:54:02.069281 7f119c2db700 Options.max_bytes_for_level_multiplier_addtl[1]: 1
2019/03/18-23:54:02.069282 7f119c2db700 Options.max_bytes_for_level_multiplier_addtl[2]: 1
2019/03/18-23:54:02.069283 7f119c2db700 Options.max_bytes_for_level_multiplier_addtl[3]: 1
2019/03/18-23:54:02.069284 7f119c2db700 Options.max_bytes_for_level_multiplier_addtl[4]: 1
2019/03/18-23:54:02.069285 7f119c2db700 Options.max_bytes_for_level_multiplier_addtl[5]: 1
2019/03/18-23:54:02.069286 7f119c2db700 Options.max_bytes_for_level_multiplier_addtl[6]: 1
2019/03/18-23:54:02.069287 7f119c2db700       Options.max_sequential_skip_in_iterations: 8
2019/03/18-23:54:02.069288 7f119c2db700                    Options.max_compaction_bytes: 1677721600
2019/03/18-23:54:02.069289 7f119c2db700                        Options.arena_block_size: 16777216
2019/03/18-23:54:02.069290 7f119c2db700   Options.soft_pending_compaction_bytes_limit: 68719476736
2019/03/18-23:54:02.069291 7f119c2db700   Options.hard_pending_compaction_bytes_limit: 274877906944
2019/03/18-23:54:02.069292 7f119c2db700       Options.rate_limit_delay_max_milliseconds: 100
2019/03/18-23:54:02.069293 7f119c2db700                Options.disable_auto_compactions: 0
2019/03/18-23:54:02.069294 7f119c2db700                        Options.compaction_style: kCompactionStyleLevel
2019/03/18-23:54:02.069300 7f119c2db700                          Options.compaction_pri: kByCompensatedSize
2019/03/18-23:54:02.069302 7f119c2db700 Options.compaction_options_universal.size_ratio: 1
2019/03/18-23:54:02.069303 7f119c2db700 Options.compaction_options_universal.min_merge_width: 2
2019/03/18-23:54:02.069304 7f119c2db700 Options.compaction_options_universal.max_merge_width: 4294967295
2019/03/18-23:54:02.069305 7f119c2db700 Options.compaction_options_universal.max_size_amplification_percent: 200
2019/03/18-23:54:02.069306 7f119c2db700 Options.compaction_options_universal.compression_size_percent: -1
2019/03/18-23:54:02.069307 7f119c2db700 Options.compaction_options_universal.stop_style: kCompactionStopStyleTotalSize
2019/03/18-23:54:02.069308 7f119c2db700 Options.compaction_options_fifo.max_table_files_size: 1073741824
2019/03/18-23:54:02.069309 7f119c2db700 Options.compaction_options_fifo.allow_compaction: 0
2019/03/18-23:54:02.069310 7f119c2db700 Options.compaction_options_fifo.ttl: 0
2019/03/18-23:54:02.069311 7f119c2db700                   Options.table_properties_collectors: 
2019/03/18-23:54:02.069312 7f119c2db700                   Options.inplace_update_support: 0
2019/03/18-23:54:02.069313 7f119c2db700                 Options.inplace_update_num_locks: 10000
2019/03/18-23:54:02.069314 7f119c2db700               Options.memtable_prefix_bloom_size_ratio: 0.000000
2019/03/18-23:54:02.069316 7f119c2db700   Options.memtable_huge_page_size: 0
2019/03/18-23:54:02.069317 7f119c2db700                           Options.bloom_locality: 0
2019/03/18-23:54:02.069318 7f119c2db700                    Options.max_successive_merges: 0
2019/03/18-23:54:02.069319 7f119c2db700                Options.optimize_filters_for_hits: 0
2019/03/18-23:54:02.069319 7f119c2db700                Options.paranoid_file_checks: 0
2019/03/18-23:54:02.069320 7f119c2db700                Options.force_consistency_checks: 0
2019/03/18-23:54:02.069321 7f119c2db700                Options.report_bg_io_stats: 0
2019/03/18-23:54:02.069322 7f119c2db700                               Options.ttl: 0
2019/03/18-23:54:02.722254 7f119c2db700 [db/version_set.cc:3361] Recovered from manifest file:/mnt/sdd/ycsb-rocksdb-data/MANIFEST-000004 succeeded,manifest_file_number is 4, next_file_number is 1341, last_sequence is 10423863, log_number is 0,prev_log_number is 0,max_column_family is 1,min_log_number_to_keep is 0
2019/03/18-23:54:02.722268 7f119c2db700 [db/version_set.cc:3369] Column family [default] (ID 0), log number is 0
2019/03/18-23:54:02.722272 7f119c2db700 [db/version_set.cc:3369] Column family [usertable] (ID 1), log number is 1334
2019/03/18-23:54:02.725667 7f119c2db700 EVENT_LOG_v1 {"time_micros": 1552978442725637, "job": 1, "event": "recovery_started", "log_files": [1334, 1340]}
2019/03/18-23:54:02.725687 7f119c2db700 [db/db_impl_open.cc:551] Recovering log #1334 mode 2
2019/03/18-23:54:03.067381 7f119c2db700 [db/db_impl_open.cc:551] Recovering log #1340 mode 2
2019/03/18-23:54:03.647709 7f119c2db700 EVENT_LOG_v1 {"time_micros": 1552978443647678, "cf_name": "usertable", "job": 1, "event": "table_file_creation", "file_number": 1341, "file_size": 129902323, "table_properties": {"data_size": 129321394, "index_size": 580007, "filter_size": 0, "raw_key_size": 752760, "raw_average_key_size": 24, "raw_value_size": 128471040, "raw_average_value_size": 4096, "num_data_blocks": 15683, "num_entries": 31365, "filter_policy_name": "", "kDeletedKeys": "0", "kMergeOperands": "0"}}
2019/03/18-23:54:03.691863 7f119c2db700 [db/version_set.cc:2847] Creating manifest 1342
2019/03/18-23:54:03.834949 7f119c2db700 EVENT_LOG_v1 {"time_micros": 1552978443834921, "cf_name": "usertable", "job": 1, "event": "table_file_creation", "file_number": 1343, "file_size": 13075056, "table_properties": {"data_size": 13016325, "index_size": 57810, "filter_size": 0, "raw_key_size": 75768, "raw_average_key_size": 24, "raw_value_size": 12931072, "raw_average_value_size": 4096, "num_data_blocks": 1579, "num_entries": 3157, "filter_policy_name": "", "kDeletedKeys": "0", "kMergeOperands": "0"}}
2019/03/18-23:54:03.863989 7f119c2db700 EVENT_LOG_v1 {"time_micros": 1552978443863977, "job": 1, "event": "recovery_finished"}
2019/03/18-23:54:03.974545 7f119c2db700 [db/db_impl_open.cc:1219] DB pointer 0x7f11043ddd40
2019/03/18-23:54:03.974852 7f10ae7fc700 [WARN] [db/db_impl.cc:491] ------- DUMPING STATS -------
2019/03/18-23:54:03.974899 7f10ae7fc700 [WARN] [db/db_impl.cc:492] 
** DB Stats **
Uptime(secs): 1.9 total, 1.9 interval
Cumulative writes: 0 writes, 0 keys, 0 commit groups, 0.0 writes per commit group, ingest: 0.00 GB, 0.00 MB/s
Cumulative WAL: 0 writes, 0 syncs, 0.00 writes per sync, written: 0.00 GB, 0.00 MB/s
Cumulative stall: 00:00:0.000 H:M:S, 0.0 percent
Interval writes: 0 writes, 0 keys, 0 commit groups, 0.0 writes per commit group, ingest: 0.00 MB, 0.00 MB/s
Interval WAL: 0 writes, 0 syncs, 0.00 writes per sync, written: 0.00 MB, 0.00 MB/s
Interval stall: 00:00:0.000 H:M:S, 0.0 percent

** Compaction Stats [default] **
Level    Files   Size     Score Read(GB)  Rn(GB) Rnp1(GB) Write(GB) Wnew(GB) Moved(GB) W-Amp Rd(MB/s) Wr(MB/s) Comp(sec) Comp(cnt) Avg(sec) KeyIn KeyDrop
----------------------------------------------------------------------------------------------------------------------------------------------------------
 Sum      0/0    0.00 KB   0.0      0.0     0.0      0.0       0.0      0.0       0.0   0.0      0.0      0.0         0         0    0.000       0      0
 Int      0/0    0.00 KB   0.0      0.0     0.0      0.0       0.0      0.0       0.0   0.0      0.0      0.0         0         0    0.000       0      0
Uptime(secs): 1.9 total, 1.9 interval
Flush(GB): cumulative 0.000, interval 0.000
AddFile(GB): cumulative 0.000, interval 0.000
AddFile(Total Files): cumulative 0, interval 0
AddFile(L0 Files): cumulative 0, interval 0
AddFile(Keys): cumulative 0, interval 0
Cumulative compaction: 0.00 GB write, 0.00 MB/s write, 0.00 GB read, 0.00 MB/s read, 0.0 seconds
Interval compaction: 0.00 GB write, 0.00 MB/s write, 0.00 GB read, 0.00 MB/s read, 0.0 seconds
Stalls(count): 0 level0_slowdown, 0 level0_slowdown_with_compaction, 0 level0_numfiles, 0 level0_numfiles_with_compaction, 0 stop for pending_compaction_bytes, 0 slowdown for pending_compaction_bytes, 0 memtable_compaction, 0 memtable_slowdown, interval 0 total count

** File Read Latency Histogram By Level [default] **

** Compaction Stats [usertable] **
Level    Files   Size     Score Read(GB)  Rn(GB) Rnp1(GB) Write(GB) Wnew(GB) Moved(GB) W-Amp Rd(MB/s) Wr(MB/s) Comp(sec) Comp(cnt) Avg(sec) KeyIn KeyDrop
----------------------------------------------------------------------------------------------------------------------------------------------------------
  L0      3/0   332.79 MB   1.5      0.0     0.0      0.0       0.1      0.1       0.0   1.0      0.0    232.5         1         2    0.293       0      0
  L1      9/0   495.65 MB   1.0      0.0     0.0      0.0       0.0      0.0       0.0   0.0      0.0      0.0         0         0    0.000       0      0
  L2    174/0    4.99 GB   1.0      0.0     0.0      0.0       0.0      0.0       0.0   0.0      0.0      0.0         0         0    0.000       0      0
  L3    549/0   34.38 GB   0.7      0.0     0.0      0.0       0.0      0.0       0.0   0.0      0.0      0.0         0         0    0.000       0      0
 Sum    735/0   40.18 GB   0.0      0.0     0.0      0.0       0.1      0.1       0.0   1.0      0.0    232.5         1         2    0.293       0      0
 Int      0/0    0.00 KB   0.0      0.0     0.0      0.0       0.1      0.1       0.0   1.0      0.0    232.5         1         2    0.293       0      0
Uptime(secs): 1.9 total, 1.9 interval
Flush(GB): cumulative 0.133, interval 0.133
AddFile(GB): cumulative 0.000, interval 0.000
AddFile(Total Files): cumulative 0, interval 0
AddFile(L0 Files): cumulative 0, interval 0
AddFile(Keys): cumulative 0, interval 0
Cumulative compaction: 0.13 GB write, 71.56 MB/s write, 0.00 GB read, 0.00 MB/s read, 0.6 seconds
Interval compaction: 0.13 GB write, 71.56 MB/s write, 0.00 GB read, 0.00 MB/s read, 0.6 seconds
Stalls(count): 0 level0_slowdown, 0 level0_slowdown_with_compaction, 0 level0_numfiles, 0 level0_numfiles_with_compaction, 0 stop for pending_compaction_bytes, 0 slowdown for pending_compaction_bytes, 0 memtable_compaction, 0 memtable_slowdown, interval 0 total count

** File Read Latency Histogram By Level [usertable] **

** Compaction Stats [default] **
Level    Files   Size     Score Read(GB)  Rn(GB) Rnp1(GB) Write(GB) Wnew(GB) Moved(GB) W-Amp Rd(MB/s) Wr(MB/s) Comp(sec) Comp(cnt) Avg(sec) KeyIn KeyDrop
----------------------------------------------------------------------------------------------------------------------------------------------------------
 Sum      0/0    0.00 KB   0.0      0.0     0.0      0.0       0.0      0.0       0.0   0.0      0.0      0.0         0         0    0.000       0      0
 Int      0/0    0.00 KB   0.0      0.0     0.0      0.0       0.0      0.0       0.0   0.0      0.0      0.0         0         0    0.000       0      0
Uptime(secs): 1.9 total, 0.0 interval
Flush(GB): cumulative 0.000, interval 0.000
AddFile(GB): cumulative 0.000, interval 0.000
AddFile(Total Files): cumulative 0, interval 0
AddFile(L0 Files): cumulative 0, interval 0
AddFile(Keys): cumulative 0, interval 0
Cumulative compaction: 0.00 GB write, 0.00 MB/s write, 0.00 GB read, 0.00 MB/s read, 0.0 seconds
Interval compaction: 0.00 GB write, 0.00 MB/s write, 0.00 GB read, 0.00 MB/s read, 0.0 seconds
Stalls(count): 0 level0_slowdown, 0 level0_slowdown_with_compaction, 0 level0_numfiles, 0 level0_numfiles_with_compaction, 0 stop for pending_compaction_bytes, 0 slowdown for pending_compaction_bytes, 0 memtable_compaction, 0 memtable_slowdown, interval 0 total count

** File Read Latency Histogram By Level [default] **

** Compaction Stats [usertable] **
Level    Files   Size     Score Read(GB)  Rn(GB) Rnp1(GB) Write(GB) Wnew(GB) Moved(GB) W-Amp Rd(MB/s) Wr(MB/s) Comp(sec) Comp(cnt) Avg(sec) KeyIn KeyDrop
----------------------------------------------------------------------------------------------------------------------------------------------------------
  L0      3/0   332.79 MB   1.5      0.0     0.0      0.0       0.1      0.1       0.0   1.0      0.0    232.5         1         2    0.293       0      0
  L1      9/0   495.65 MB   1.0      0.0     0.0      0.0       0.0      0.0       0.0   0.0      0.0      0.0         0         0    0.000       0      0
  L2    174/0    4.99 GB   1.0      0.0     0.0      0.0       0.0      0.0       0.0   0.0      0.0      0.0         0         0    0.000       0      0
  L3    549/0   34.38 GB   0.7      0.0     0.0      0.0       0.0      0.0       0.0   0.0      0.0      0.0         0         0    0.000       0      0
 Sum    735/0   40.18 GB   0.0      0.0     0.0      0.0       0.1      0.1       0.0   1.0      0.0    232.5         1         2    0.293       0      0
 Int      0/0    0.00 KB   0.0      0.0     0.0      0.0       0.0      0.0       0.0   0.0      0.0      0.0         0         0    0.000       0      0
Uptime(secs): 1.9 total, 0.0 interval
Flush(GB): cumulative 0.133, interval 0.000
AddFile(GB): cumulative 0.000, interval 0.000
AddFile(Total Files): cumulative 0, interval 0
AddFile(L0 Files): cumulative 0, interval 0
AddFile(Keys): cumulative 0, interval 0
Cumulative compaction: 0.13 GB write, 71.55 MB/s write, 0.00 GB read, 0.00 MB/s read, 0.6 seconds
Interval compaction: 0.00 GB write, 0.00 MB/s write, 0.00 GB read, 0.00 MB/s read, 0.0 seconds
Stalls(count): 0 level0_slowdown, 0 level0_slowdown_with_compaction, 0 level0_numfiles, 0 level0_numfiles_with_compaction, 0 stop for pending_compaction_bytes, 0 slowdown for pending_compaction_bytes, 0 memtable_compaction, 0 memtable_slowdown, interval 0 total count

** File Read Latency Histogram By Level [usertable] **
2019/03/18-23:54:04.040073 7f10ae7fc700 (Original Log Time 2019/03/18-23:54:03.975032) [db/db_impl_compaction_flush.cc:1835] [usertable] Moving #1031 to level-1 205980956 bytes
2019/03/18-23:54:04.040078 7f10ae7fc700 (Original Log Time 2019/03/18-23:54:04.039975) EVENT_LOG_v1 {"time_micros": 1552978444039961, "job": 3, "event": "trivial_move", "destination_level": 1, "files": 1, "total_files_size": 205980956}
2019/03/18-23:54:04.040080 7f10ae7fc700 (Original Log Time 2019/03/18-23:54:04.039991) [db/db_impl_compaction_flush.cc:1864] [usertable] Moved #1 files to level-1 205980956 bytes OK: base level 1 max bytes base 536870912 files[2 10 174 549 0 0 0] max score 1.35
2019/03/18-23:54:04.040190 7f10ae7fc700 [db/compaction_job.cc:1531] [usertable] [JOB 4] Compacting 1@1 files to L2, score 1.35
2019/03/18-23:54:04.040198 7f10ae7fc700 [db/compaction_job.cc:1535] [usertable] Compaction start summary: Base version 6 Base level 1, inputs: [1031(196MB)]
2019/03/18-23:54:04.040223 7f10ae7fc700 EVENT_LOG_v1 {"time_micros": 1552978444040204, "job": 4, "event": "compaction_started", "compaction_reason": "LevelMaxLevelSize", "files_L1": [1031], "score": 1.35173, "input_data_size": 205980956}
2019/03/18-23:54:05.691603 7f10ae7fc700 [db/compaction_job.cc:1211] [usertable] [JOB 4] Generated table #1347: 16279 keys, 67233358 bytes
2019/03/18-23:54:05.691650 7f10ae7fc700 EVENT_LOG_v1 {"time_micros": 1552978445691631, "cf_name": "usertable", "job": 4, "event": "table_file_creation", "file_number": 1347, "file_size": 67233358, "table_properties": {"data_size": 67118331, "index_size": 299108, "filter_size": 0, "raw_key_size": 390696, "raw_average_key_size": 24, "raw_value_size": 66678784, "raw_average_value_size": 4096, "num_data_blocks": 8140, "num_entries": 16279, "filter_policy_name": "", "kDeletedKeys": "0", "kMergeOperands": "0"}}
2019/03/18-23:54:06.730895 7f10ae7fc700 [db/compaction_job.cc:1211] [usertable] [JOB 4] Generated table #1348: 16279 keys, 67233536 bytes
2019/03/18-23:54:06.730948 7f10ae7fc700 EVENT_LOG_v1 {"time_micros": 1552978446730927, "cf_name": "usertable", "job": 4, "event": "table_file_creation", "file_number": 1348, "file_size": 67233536, "table_properties": {"data_size": 67120139, "index_size": 300916, "filter_size": 0, "raw_key_size": 390696, "raw_average_key_size": 24, "raw_value_size": 66678784, "raw_average_value_size": 4096, "num_data_blocks": 8140, "num_entries": 16279, "filter_policy_name": "", "kDeletedKeys": "0", "kMergeOperands": "0"}}
2019/03/18-23:54:07.538898 7f10ae7fc700 [db/compaction_job.cc:1211] [usertable] [JOB 4] Generated table #1349: 16279 keys, 67233343 bytes
2019/03/18-23:54:07.538950 7f10ae7fc700 EVENT_LOG_v1 {"time_micros": 1552978447538924, "cf_name": "usertable", "job": 4, "event": "table_file_creation", "file_number": 1349, "file_size": 67233343, "table_properties": {"data_size": 67118331, "index_size": 299108, "filter_size": 0, "raw_key_size": 390696, "raw_average_key_size": 24, "raw_value_size": 66678784, "raw_average_value_size": 4096, "num_data_blocks": 8140, "num_entries": 16279, "filter_policy_name": "", "kDeletedKeys": "0", "kMergeOperands": "0"}}
2019/03/18-23:54:07.617132 7f10ae7fc700 [db/compaction_job.cc:1211] [usertable] [JOB 4] Generated table #1350: 900 keys, 3718030 bytes
2019/03/18-23:54:07.617186 7f10ae7fc700 EVENT_LOG_v1 {"time_micros": 1552978447617160, "cf_name": "usertable", "job": 4, "event": "table_file_creation", "file_number": 1350, "file_size": 3718030, "table_properties": {"data_size": 3710801, "index_size": 16386, "filter_size": 0, "raw_key_size": 21600, "raw_average_key_size": 24, "raw_value_size": 3686400, "raw_average_value_size": 4096, "num_data_blocks": 450, "num_entries": 900, "filter_policy_name": "", "kDeletedKeys": "0", "kMergeOperands": "0"}}
2019/03/18-23:54:07.617280 7f10ae7fc700 [db/compaction_job.cc:1287] [usertable] [JOB 4] Compacted 1@1 files to L2 => 205418267 bytes
2019/03/18-23:54:07.648182 7f10ae7fc700 (Original Log Time 2019/03/18-23:54:07.648016) [db/compaction_job.cc:685] [usertable] compacted to: base level 1 max bytes base 536870912 files[2 9 178 549 0 0 0] max score 1.04, MB/sec: 57.6 rd, 57.4 wr, level 2, files in(1, 0) out(4) MB in(196.4, 0.0) out(195.9), read-write-amplify(2.0) write-amplify(1.0) OK, records in: 49737, records dropped: 0 output_compression: LZ4
2019/03/18-23:54:07.648191 7f10ae7fc700 (Original Log Time 2019/03/18-23:54:07.648072) EVENT_LOG_v1 {"time_micros": 1552978447648053, "job": 4, "event": "compaction_finished", "compaction_time_micros": 3576996, "output_level": 2, "num_output_files": 4, "total_output_size": 205418267, "num_input_records": 49737, "num_output_records": 49737, "num_subcompactions": 1, "output_compression": "LZ4", "num_single_delete_mismatches": 0, "num_single_delete_fallthrough": 0, "lsm_state": [2, 9, 178, 549, 0, 0, 0]}
2019/03/18-23:54:07.798271 7f1195e7e700 (Original Log Time 2019/03/18-23:54:07.648402) [db/db_impl_compaction_flush.cc:1835] [usertable] Moving #1348 to level-3 67233536 bytes
2019/03/18-23:54:07.798280 7f1195e7e700 (Original Log Time 2019/03/18-23:54:07.798165) EVENT_LOG_v1 {"time_micros": 1552978447798151, "job": 5, "event": "trivial_move", "destination_level": 3, "files": 1, "total_files_size": 67233536}
2019/03/18-23:54:07.798282 7f1195e7e700 (Original Log Time 2019/03/18-23:54:07.798184) [db/db_impl_compaction_flush.cc:1864] [usertable] Moved #1 files to level-3 67233536 bytes OK: base level 1 max bytes base 536870912 files[2 9 177 550 0 0 0] max score 1.02
2019/03/18-23:54:07.818823 7f1195e7e700 EVENT_LOG_v1 {"time_micros": 1552978447818811, "job": 5, "event": "table_file_deletion", "file_number": 1031}
2019/03/18-23:54:07.907831 7f119567d700 (Original Log Time 2019/03/18-23:54:07.819050) [db/db_impl_compaction_flush.cc:1835] [usertable] Moving #1347 to level-3 67233358 bytes
2019/03/18-23:54:07.907840 7f119567d700 (Original Log Time 2019/03/18-23:54:07.907718) EVENT_LOG_v1 {"time_micros": 1552978447907703, "job": 6, "event": "trivial_move", "destination_level": 3, "files": 1, "total_files_size": 67233358}
2019/03/18-23:54:07.907844 7f119567d700 (Original Log Time 2019/03/18-23:54:07.907738) [db/db_impl_compaction_flush.cc:1864] [usertable] Moved #1 files to level-3 67233358 bytes OK: base level 1 max bytes base 536870912 files[2 9 176 551 0 0 0] max score 1.01
2019/03/18-23:54:08.029810 7f119567d700 (Original Log Time 2019/03/18-23:54:07.908101) [db/db_impl_compaction_flush.cc:1835] [usertable] Moving #1349 to level-3 67233343 bytes
2019/03/18-23:54:08.029817 7f119567d700 (Original Log Time 2019/03/18-23:54:08.029718) EVENT_LOG_v1 {"time_micros": 1552978448029705, "job": 7, "event": "trivial_move", "destination_level": 3, "files": 1, "total_files_size": 67233343}
2019/03/18-23:54:08.029821 7f119567d700 (Original Log Time 2019/03/18-23:54:08.029731) [db/db_impl_compaction_flush.cc:1864] [usertable] Moved #1 files to level-3 67233343 bytes OK: base level 1 max bytes base 536870912 files[2 9 175 552 0 0 0] max score 1.00
2019/03/18-23:54:08.118893 7f119567d700 (Original Log Time 2019/03/18-23:54:08.030067) [db/db_impl_compaction_flush.cc:1835] [usertable] Moving #1341 to level-1 129902323 bytes
2019/03/18-23:54:08.118899 7f119567d700 (Original Log Time 2019/03/18-23:54:08.118824) EVENT_LOG_v1 {"time_micros": 1552978448118811, "job": 8, "event": "trivial_move", "destination_level": 1, "files": 1, "total_files_size": 129902323}
