2018/11/27-03:04:56.458015 7f8aff41f0 RocksDB version: 5.14.3
2018/11/27-03:04:56.458224 7f8aff41f0 Git sha rocksdb_build_git_sha:
2018/11/27-03:04:56.458231 7f8aff41f0 Compile date Nov 24 2018
2018/11/27-03:04:56.458240 7f8aff41f0 DB SUMMARY
2018/11/27-03:04:56.459132 7f8aff41f0 CURRENT file:  CURRENT
2018/11/27-03:04:56.459148 7f8aff41f0 IDENTITY file:  IDENTITY
2018/11/27-03:04:56.459172 7f8aff41f0 MANIFEST file:  MANIFEST-000004 size: 121863 Bytes
2018/11/27-03:04:56.459180 7f8aff41f0 SST files in /mnt/sda/ycsb-rocksdb-data dir, Total Num: 671, files: 000021.sst 000022.sst 000023.sst 000024.sst 000028.sst 000029.sst 000030.sst 000031.sst 000035.sst 
2018/11/27-03:04:56.459184 7f8aff41f0 Write Ahead Log file in /mnt/sda/ycsb-rocksdb-data: 001186.log size: 127841966 ; 001192.log size: 89154896 ; 
2018/11/27-03:04:56.459195 7f8aff41f0                         Options.error_if_exists: 0
2018/11/27-03:04:56.459199 7f8aff41f0                       Options.create_if_missing: 1
2018/11/27-03:04:56.459202 7f8aff41f0                         Options.paranoid_checks: 1
2018/11/27-03:04:56.459206 7f8aff41f0                                     Options.env: 0x7f8a9edf70
2018/11/27-03:04:56.459209 7f8aff41f0                                Options.info_log: 0x7f543c7e80
2018/11/27-03:04:56.459212 7f8aff41f0                Options.max_file_opening_threads: 16
2018/11/27-03:04:56.459215 7f8aff41f0                              Options.statistics: (nil)
2018/11/27-03:04:56.459218 7f8aff41f0                               Options.use_fsync: 0
2018/11/27-03:04:56.459221 7f8aff41f0                       Options.max_log_file_size: 0
2018/11/27-03:04:56.459224 7f8aff41f0                  Options.max_manifest_file_size: 18446744073709551615
2018/11/27-03:04:56.459227 7f8aff41f0                   Options.log_file_time_to_roll: 0
2018/11/27-03:04:56.459230 7f8aff41f0                       Options.keep_log_file_num: 1000
2018/11/27-03:04:56.459232 7f8aff41f0                    Options.recycle_log_file_num: 0
2018/11/27-03:04:56.459235 7f8aff41f0                         Options.allow_fallocate: 1
2018/11/27-03:04:56.459238 7f8aff41f0                        Options.allow_mmap_reads: 0
2018/11/27-03:04:56.459241 7f8aff41f0                       Options.allow_mmap_writes: 0
2018/11/27-03:04:56.459244 7f8aff41f0                        Options.use_direct_reads: 0
2018/11/27-03:04:56.459247 7f8aff41f0                        Options.use_direct_io_for_flush_and_compaction: 0
2018/11/27-03:04:56.459250 7f8aff41f0          Options.create_missing_column_families: 1
2018/11/27-03:04:56.459252 7f8aff41f0                              Options.db_log_dir: 
2018/11/27-03:04:56.459255 7f8aff41f0                                 Options.wal_dir: /mnt/sda/ycsb-rocksdb-data
2018/11/27-03:04:56.459258 7f8aff41f0                Options.table_cache_numshardbits: 6
2018/11/27-03:04:56.459261 7f8aff41f0                      Options.max_subcompactions: 4
2018/11/27-03:04:56.459264 7f8aff41f0                  Options.max_background_flushes: 6
2018/11/27-03:04:56.459267 7f8aff41f0                         Options.WAL_ttl_seconds: 0
2018/11/27-03:04:56.459269 7f8aff41f0                       Options.WAL_size_limit_MB: 0
2018/11/27-03:04:56.459272 7f8aff41f0             Options.manifest_preallocation_size: 4194304
2018/11/27-03:04:56.459275 7f8aff41f0                     Options.is_fd_close_on_exec: 1
2018/11/27-03:04:56.459278 7f8aff41f0                   Options.advise_random_on_open: 1
2018/11/27-03:04:56.459281 7f8aff41f0                    Options.db_write_buffer_size: 0
2018/11/27-03:04:56.459284 7f8aff41f0                    Options.write_buffer_manager: 0x7f543c7de0
2018/11/27-03:04:56.459287 7f8aff41f0         Options.access_hint_on_compaction_start: 1
2018/11/27-03:04:56.459290 7f8aff41f0  Options.new_table_reader_for_compaction_inputs: 0
2018/11/27-03:04:56.459293 7f8aff41f0           Options.random_access_max_buffer_size: 1048576
2018/11/27-03:04:56.459296 7f8aff41f0                      Options.use_adaptive_mutex: 0
2018/11/27-03:04:56.459299 7f8aff41f0                            Options.rate_limiter: (nil)
2018/11/27-03:04:56.459305 7f8aff41f0     Options.sst_file_manager.rate_bytes_per_sec: 0
2018/11/27-03:04:56.459347 7f8aff41f0                       Options.wal_recovery_mode: 2
2018/11/27-03:04:56.459352 7f8aff41f0                  Options.enable_thread_tracking: 0
2018/11/27-03:04:56.459355 7f8aff41f0                  Options.enable_pipelined_write: 1
2018/11/27-03:04:56.459358 7f8aff41f0         Options.allow_concurrent_memtable_write: 1
2018/11/27-03:04:56.459361 7f8aff41f0      Options.enable_write_thread_adaptive_yield: 1
2018/11/27-03:04:56.459363 7f8aff41f0             Options.write_thread_max_yield_usec: 100
2018/11/27-03:04:56.459366 7f8aff41f0            Options.write_thread_slow_yield_usec: 3
2018/11/27-03:04:56.459369 7f8aff41f0                               Options.row_cache: None
2018/11/27-03:04:56.459372 7f8aff41f0                              Options.wal_filter: None
2018/11/27-03:04:56.459374 7f8aff41f0             Options.avoid_flush_during_recovery: 0
2018/11/27-03:04:56.459377 7f8aff41f0             Options.allow_ingest_behind: 0
2018/11/27-03:04:56.459380 7f8aff41f0             Options.preserve_deletes: 0
2018/11/27-03:04:56.459383 7f8aff41f0             Options.two_write_queues: 0
2018/11/27-03:04:56.459385 7f8aff41f0             Options.manual_wal_flush: 0
2018/11/27-03:04:56.459391 7f8aff41f0             Options.max_background_jobs: 6
2018/11/27-03:04:56.459393 7f8aff41f0             Options.max_background_compactions: 6
2018/11/27-03:04:56.459396 7f8aff41f0             Options.avoid_flush_during_shutdown: 0
2018/11/27-03:04:56.459399 7f8aff41f0           Options.writable_file_max_buffer_size: 1048576
2018/11/27-03:04:56.459402 7f8aff41f0             Options.delayed_write_rate : 16777216
2018/11/27-03:04:56.459405 7f8aff41f0             Options.max_total_wal_size: 0
2018/11/27-03:04:56.459407 7f8aff41f0             Options.delete_obsolete_files_period_micros: 21600000000
2018/11/27-03:04:56.459410 7f8aff41f0                   Options.stats_dump_period_sec: 60
2018/11/27-03:04:56.459413 7f8aff41f0                          Options.max_open_files: -1
2018/11/27-03:04:56.459416 7f8aff41f0                          Options.bytes_per_sync: 1048576
2018/11/27-03:04:56.459418 7f8aff41f0                      Options.wal_bytes_per_sync: 0
2018/11/27-03:04:56.459421 7f8aff41f0       Options.compaction_readahead_size: 0
2018/11/27-03:04:56.459424 7f8aff41f0 Compression algorithms supported:
2018/11/27-03:04:56.459427 7f8aff41f0 	kZSTDNotFinalCompression supported: 1
2018/11/27-03:04:56.459462 7f8aff41f0 	kZSTD supported: 1
2018/11/27-03:04:56.459468 7f8aff41f0 	kXpressCompression supported: 0
2018/11/27-03:04:56.459471 7f8aff41f0 	kLZ4HCCompression supported: 1
2018/11/27-03:04:56.459474 7f8aff41f0 	kLZ4Compression supported: 1
2018/11/27-03:04:56.459477 7f8aff41f0 	kBZip2Compression supported: 1
2018/11/27-03:04:56.459481 7f8aff41f0 	kZlibCompression supported: 1
2018/11/27-03:04:56.459484 7f8aff41f0 	kSnappyCompression supported: 1
2018/11/27-03:04:56.459491 7f8aff41f0 Fast CRC32 supported: Not supported on x86
2018/11/27-03:04:56.460321 7f8aff41f0 [db/version_set.cc:3085] Recovering from manifest file: MANIFEST-000004
2018/11/27-03:04:56.460546 7f8aff41f0 [db/column_family.cc:475] --------------- Options for column family [default]:
2018/11/27-03:04:56.460556 7f8aff41f0               Options.comparator: leveldb.BytewiseComparator
2018/11/27-03:04:56.460560 7f8aff41f0           Options.merge_operator: None
2018/11/27-03:04:56.460563 7f8aff41f0        Options.compaction_filter: None
2018/11/27-03:04:56.460566 7f8aff41f0        Options.compaction_filter_factory: None
2018/11/27-03:04:56.460569 7f8aff41f0         Options.memtable_factory: SkipListFactory
2018/11/27-03:04:56.460572 7f8aff41f0            Options.table_factory: BlockBasedTable
2018/11/27-03:04:56.460625 7f8aff41f0            table_factory options:   flush_block_policy_factory: FlushBlockBySizePolicyFactory (0x7f54393520)
  cache_index_and_filter_blocks: 0
  cache_index_and_filter_blocks_with_high_priority: 0
  pin_l0_filter_and_index_blocks_in_cache: 0
  index_type: 0
  hash_index_allow_collision: 1
  checksum: 1
  no_block_cache: 0
  block_cache: 0x7f54398e50
  block_cache_name: LRUCache
  block_cache_options:
    capacity : 8388608
    num_shard_bits : 4
    strict_capacity_limit : 0
    high_pri_pool_ratio: 0.000
  block_cache_compressed: (nil)
  persistent_cache: (nil)
  block_size: 8192
  block_size_deviation: 10
  block_restart_interval: 16
  index_block_restart_interval: 1
  metadata_block_size: 4096
  partition_filters: 0
  use_delta_encoding: 1
  filter_policy: nullptr
  whole_key_filtering: 1
  verify_compression: 0
  read_amp_bytes_per_bit: 0
  format_version: 2
  enable_index_compression: 1
  block_align: 0
2018/11/27-03:04:56.460670 7f8aff41f0        Options.write_buffer_size: 134217728
2018/11/27-03:04:56.460676 7f8aff41f0  Options.max_write_buffer_number: 24
2018/11/27-03:04:56.460680 7f8aff41f0        Options.compression[0]: NoCompression
2018/11/27-03:04:56.460683 7f8aff41f0        Options.compression[1]: NoCompression
2018/11/27-03:04:56.460686 7f8aff41f0        Options.compression[2]: LZ4
2018/11/27-03:04:56.460690 7f8aff41f0        Options.compression[3]: LZ4
2018/11/27-03:04:56.460693 7f8aff41f0        Options.compression[4]: LZ4
2018/11/27-03:04:56.460695 7f8aff41f0        Options.compression[5]: LZ4
2018/11/27-03:04:56.460698 7f8aff41f0        Options.compression[6]: LZ4
2018/11/27-03:04:56.460701 7f8aff41f0                  Options.bottommost_compression: Disabled
2018/11/27-03:04:56.460704 7f8aff41f0       Options.prefix_extractor: nullptr
2018/11/27-03:04:56.460707 7f8aff41f0   Options.memtable_insert_with_hint_prefix_extractor: nullptr
2018/11/27-03:04:56.460709 7f8aff41f0             Options.num_levels: 7
2018/11/27-03:04:56.460712 7f8aff41f0        Options.min_write_buffer_number_to_merge: 2
2018/11/27-03:04:56.460715 7f8aff41f0     Options.max_write_buffer_number_to_maintain: 0
2018/11/27-03:04:56.460718 7f8aff41f0            Options.compression_opts.window_bits: -14
2018/11/27-03:04:56.460721 7f8aff41f0                  Options.compression_opts.level: -1
2018/11/27-03:04:56.460724 7f8aff41f0               Options.compression_opts.strategy: 0
2018/11/27-03:04:56.460727 7f8aff41f0         Options.compression_opts.max_dict_bytes: 0
2018/11/27-03:04:56.460730 7f8aff41f0         Options.compression_opts.zstd_max_train_bytes: 0
2018/11/27-03:04:56.460732 7f8aff41f0      Options.level0_file_num_compaction_trigger: 2
2018/11/27-03:04:56.460735 7f8aff41f0          Options.level0_slowdown_writes_trigger: 20
2018/11/27-03:04:56.460738 7f8aff41f0              Options.level0_stop_writes_trigger: 36
2018/11/27-03:04:56.460741 7f8aff41f0                   Options.target_file_size_base: 67108864
2018/11/27-03:04:56.460761 7f8aff41f0             Options.target_file_size_multiplier: 1
2018/11/27-03:04:56.460765 7f8aff41f0                Options.max_bytes_for_level_base: 536870912
2018/11/27-03:04:56.460767 7f8aff41f0 Options.level_compaction_dynamic_level_bytes: 0
2018/11/27-03:04:56.460770 7f8aff41f0          Options.max_bytes_for_level_multiplier: 10.000000
2018/11/27-03:04:56.460777 7f8aff41f0 Options.max_bytes_for_level_multiplier_addtl[0]: 1
2018/11/27-03:04:56.460780 7f8aff41f0 Options.max_bytes_for_level_multiplier_addtl[1]: 1
2018/11/27-03:04:56.460783 7f8aff41f0 Options.max_bytes_for_level_multiplier_addtl[2]: 1
2018/11/27-03:04:56.460786 7f8aff41f0 Options.max_bytes_for_level_multiplier_addtl[3]: 1
2018/11/27-03:04:56.460788 7f8aff41f0 Options.max_bytes_for_level_multiplier_addtl[4]: 1
2018/11/27-03:04:56.460791 7f8aff41f0 Options.max_bytes_for_level_multiplier_addtl[5]: 1
2018/11/27-03:04:56.460793 7f8aff41f0 Options.max_bytes_for_level_multiplier_addtl[6]: 1
2018/11/27-03:04:56.460796 7f8aff41f0       Options.max_sequential_skip_in_iterations: 8
2018/11/27-03:04:56.460799 7f8aff41f0                    Options.max_compaction_bytes: 1677721600
2018/11/27-03:04:56.460802 7f8aff41f0                        Options.arena_block_size: 16777216
2018/11/27-03:04:56.460805 7f8aff41f0   Options.soft_pending_compaction_bytes_limit: 68719476736
2018/11/27-03:04:56.460807 7f8aff41f0   Options.hard_pending_compaction_bytes_limit: 274877906944
2018/11/27-03:04:56.460826 7f8aff41f0       Options.rate_limit_delay_max_milliseconds: 100
2018/11/27-03:04:56.460831 7f8aff41f0                Options.disable_auto_compactions: 0
2018/11/27-03:04:56.460835 7f8aff41f0                        Options.compaction_style: kCompactionStyleLevel
2018/11/27-03:04:56.460840 7f8aff41f0                          Options.compaction_pri: kByCompensatedSize
2018/11/27-03:04:56.460844 7f8aff41f0 Options.compaction_options_universal.size_ratio: 1
2018/11/27-03:04:56.460847 7f8aff41f0 Options.compaction_options_universal.min_merge_width: 2
2018/11/27-03:04:56.460849 7f8aff41f0 Options.compaction_options_universal.max_merge_width: 4294967295
2018/11/27-03:04:56.460852 7f8aff41f0 Options.compaction_options_universal.max_size_amplification_percent: 200
2018/11/27-03:04:56.460855 7f8aff41f0 Options.compaction_options_universal.compression_size_percent: -1
2018/11/27-03:04:56.460859 7f8aff41f0 Options.compaction_options_universal.stop_style: kCompactionStopStyleTotalSize
2018/11/27-03:04:56.460862 7f8aff41f0 Options.compaction_options_fifo.max_table_files_size: 1073741824
2018/11/27-03:04:56.460865 7f8aff41f0 Options.compaction_options_fifo.allow_compaction: 0
2018/11/27-03:04:56.460868 7f8aff41f0 Options.compaction_options_fifo.ttl: 0
2018/11/27-03:04:56.460870 7f8aff41f0                   Options.table_properties_collectors: 
2018/11/27-03:04:56.460873 7f8aff41f0                   Options.inplace_update_support: 0
2018/11/27-03:04:56.460876 7f8aff41f0                 Options.inplace_update_num_locks: 10000
2018/11/27-03:04:56.460879 7f8aff41f0               Options.memtable_prefix_bloom_size_ratio: 0.000000
2018/11/27-03:04:56.460882 7f8aff41f0   Options.memtable_huge_page_size: 0
2018/11/27-03:04:56.460885 7f8aff41f0                           Options.bloom_locality: 0
2018/11/27-03:04:56.460888 7f8aff41f0                    Options.max_successive_merges: 0
2018/11/27-03:04:56.460890 7f8aff41f0                Options.optimize_filters_for_hits: 0
2018/11/27-03:04:56.460893 7f8aff41f0                Options.paranoid_file_checks: 0
2018/11/27-03:04:56.460896 7f8aff41f0                Options.force_consistency_checks: 0
2018/11/27-03:04:56.460898 7f8aff41f0                Options.report_bg_io_stats: 0
2018/11/27-03:04:56.460901 7f8aff41f0                               Options.ttl: 0
2018/11/27-03:04:56.461644 7f8aff41f0 [db/column_family.cc:475] --------------- Options for column family [usertable]:
2018/11/27-03:04:56.461658 7f8aff41f0               Options.comparator: leveldb.BytewiseComparator
2018/11/27-03:04:56.461661 7f8aff41f0           Options.merge_operator: None
2018/11/27-03:04:56.461664 7f8aff41f0        Options.compaction_filter: None
2018/11/27-03:04:56.461667 7f8aff41f0        Options.compaction_filter_factory: None
2018/11/27-03:04:56.461669 7f8aff41f0         Options.memtable_factory: SkipListFactory
2018/11/27-03:04:56.461672 7f8aff41f0            Options.table_factory: BlockBasedTable
2018/11/27-03:04:56.461719 7f8aff41f0            table_factory options:   flush_block_policy_factory: FlushBlockBySizePolicyFactory (0x7f54394550)
  cache_index_and_filter_blocks: 0
  cache_index_and_filter_blocks_with_high_priority: 0
  pin_l0_filter_and_index_blocks_in_cache: 0
  index_type: 0
  hash_index_allow_collision: 1
  checksum: 1
  no_block_cache: 0
  block_cache: 0x7f5439ac30
  block_cache_name: LRUCache
  block_cache_options:
    capacity : 8388608
    num_shard_bits : 4
    strict_capacity_limit : 0
    high_pri_pool_ratio: 0.000
  block_cache_compressed: (nil)
  persistent_cache: (nil)
  block_size: 8192
  block_size_deviation: 10
  block_restart_interval: 16
  index_block_restart_interval: 1
  metadata_block_size: 4096
  partition_filters: 0
  use_delta_encoding: 1
  filter_policy: nullptr
  whole_key_filtering: 1
  verify_compression: 0
  read_amp_bytes_per_bit: 0
  format_version: 2
  enable_index_compression: 1
  block_align: 0
2018/11/27-03:04:56.461725 7f8aff41f0        Options.write_buffer_size: 134217728
2018/11/27-03:04:56.461728 7f8aff41f0  Options.max_write_buffer_number: 24
2018/11/27-03:04:56.461782 7f8aff41f0        Options.compression[0]: NoCompression
2018/11/27-03:04:56.461789 7f8aff41f0        Options.compression[1]: NoCompression
2018/11/27-03:04:56.461792 7f8aff41f0        Options.compression[2]: LZ4
2018/11/27-03:04:56.461795 7f8aff41f0        Options.compression[3]: LZ4
2018/11/27-03:04:56.461797 7f8aff41f0        Options.compression[4]: LZ4
2018/11/27-03:04:56.461800 7f8aff41f0        Options.compression[5]: LZ4
2018/11/27-03:04:56.461803 7f8aff41f0        Options.compression[6]: LZ4
2018/11/27-03:04:56.461806 7f8aff41f0                  Options.bottommost_compression: Disabled
2018/11/27-03:04:56.461808 7f8aff41f0       Options.prefix_extractor: nullptr
2018/11/27-03:04:56.461811 7f8aff41f0   Options.memtable_insert_with_hint_prefix_extractor: nullptr
2018/11/27-03:04:56.461814 7f8aff41f0             Options.num_levels: 7
2018/11/27-03:04:56.461817 7f8aff41f0        Options.min_write_buffer_number_to_merge: 2
2018/11/27-03:04:56.461819 7f8aff41f0     Options.max_write_buffer_number_to_maintain: 0
2018/11/27-03:04:56.461822 7f8aff41f0            Options.compression_opts.window_bits: -14
2018/11/27-03:04:56.461825 7f8aff41f0                  Options.compression_opts.level: -1
2018/11/27-03:04:56.461827 7f8aff41f0               Options.compression_opts.strategy: 0
2018/11/27-03:04:56.461830 7f8aff41f0         Options.compression_opts.max_dict_bytes: 0
2018/11/27-03:04:56.461833 7f8aff41f0         Options.compression_opts.zstd_max_train_bytes: 0
2018/11/27-03:04:56.461836 7f8aff41f0      Options.level0_file_num_compaction_trigger: 2
2018/11/27-03:04:56.461838 7f8aff41f0          Options.level0_slowdown_writes_trigger: 20
2018/11/27-03:04:56.461841 7f8aff41f0              Options.level0_stop_writes_trigger: 36
2018/11/27-03:04:56.461843 7f8aff41f0                   Options.target_file_size_base: 67108864
2018/11/27-03:04:56.461846 7f8aff41f0             Options.target_file_size_multiplier: 1
2018/11/27-03:04:56.461849 7f8aff41f0                Options.max_bytes_for_level_base: 536870912
2018/11/27-03:04:56.461852 7f8aff41f0 Options.level_compaction_dynamic_level_bytes: 0
2018/11/27-03:04:56.461854 7f8aff41f0          Options.max_bytes_for_level_multiplier: 10.000000
2018/11/27-03:04:56.461860 7f8aff41f0 Options.max_bytes_for_level_multiplier_addtl[0]: 1
2018/11/27-03:04:56.461864 7f8aff41f0 Options.max_bytes_for_level_multiplier_addtl[1]: 1
2018/11/27-03:04:56.461866 7f8aff41f0 Options.max_bytes_for_level_multiplier_addtl[2]: 1
2018/11/27-03:04:56.461869 7f8aff41f0 Options.max_bytes_for_level_multiplier_addtl[3]: 1
2018/11/27-03:04:56.461872 7f8aff41f0 Options.max_bytes_for_level_multiplier_addtl[4]: 1
2018/11/27-03:04:56.461874 7f8aff41f0 Options.max_bytes_for_level_multiplier_addtl[5]: 1
2018/11/27-03:04:56.461877 7f8aff41f0 Options.max_bytes_for_level_multiplier_addtl[6]: 1
2018/11/27-03:04:56.461880 7f8aff41f0       Options.max_sequential_skip_in_iterations: 8
2018/11/27-03:04:56.461882 7f8aff41f0                    Options.max_compaction_bytes: 1677721600
2018/11/27-03:04:56.461885 7f8aff41f0                        Options.arena_block_size: 16777216
2018/11/27-03:04:56.461887 7f8aff41f0   Options.soft_pending_compaction_bytes_limit: 68719476736
2018/11/27-03:04:56.461890 7f8aff41f0   Options.hard_pending_compaction_bytes_limit: 274877906944
2018/11/27-03:04:56.461893 7f8aff41f0       Options.rate_limit_delay_max_milliseconds: 100
2018/11/27-03:04:56.461896 7f8aff41f0                Options.disable_auto_compactions: 0
2018/11/27-03:04:56.461900 7f8aff41f0                        Options.compaction_style: kCompactionStyleLevel
2018/11/27-03:04:56.461904 7f8aff41f0                          Options.compaction_pri: kByCompensatedSize
2018/11/27-03:04:56.461908 7f8aff41f0 Options.compaction_options_universal.size_ratio: 1
2018/11/27-03:04:56.461910 7f8aff41f0 Options.compaction_options_universal.min_merge_width: 2
2018/11/27-03:04:56.461913 7f8aff41f0 Options.compaction_options_universal.max_merge_width: 4294967295
2018/11/27-03:04:56.461930 7f8aff41f0 Options.compaction_options_universal.max_size_amplification_percent: 200
2018/11/27-03:04:56.461934 7f8aff41f0 Options.compaction_options_universal.compression_size_percent: -1
2018/11/27-03:04:56.461939 7f8aff41f0 Options.compaction_options_universal.stop_style: kCompactionStopStyleTotalSize
2018/11/27-03:04:56.461941 7f8aff41f0 Options.compaction_options_fifo.max_table_files_size: 1073741824
2018/11/27-03:04:56.461945 7f8aff41f0 Options.compaction_options_fifo.allow_compaction: 0
2018/11/27-03:04:56.461948 7f8aff41f0 Options.compaction_options_fifo.ttl: 0
2018/11/27-03:04:56.461950 7f8aff41f0                   Options.table_properties_collectors: 
2018/11/27-03:04:56.461953 7f8aff41f0                   Options.inplace_update_support: 0
2018/11/27-03:04:56.461956 7f8aff41f0                 Options.inplace_update_num_locks: 10000
2018/11/27-03:04:56.461958 7f8aff41f0               Options.memtable_prefix_bloom_size_ratio: 0.000000
2018/11/27-03:04:56.461962 7f8aff41f0   Options.memtable_huge_page_size: 0
2018/11/27-03:04:56.461965 7f8aff41f0                           Options.bloom_locality: 0
2018/11/27-03:04:56.461968 7f8aff41f0                    Options.max_successive_merges: 0
2018/11/27-03:04:56.461971 7f8aff41f0                Options.optimize_filters_for_hits: 0
2018/11/27-03:04:56.461974 7f8aff41f0                Options.paranoid_file_checks: 0
2018/11/27-03:04:56.461976 7f8aff41f0                Options.force_consistency_checks: 0
2018/11/27-03:04:56.461979 7f8aff41f0                Options.report_bg_io_stats: 0
2018/11/27-03:04:56.461982 7f8aff41f0                               Options.ttl: 0
2018/11/27-03:04:56.930325 7f8aff41f0 [db/version_set.cc:3361] Recovered from manifest file:/mnt/sda/ycsb-rocksdb-data/MANIFEST-000004 succeeded,manifest_file_number is 4, next_file_number is 1193, last_sequence is 10417475, log_number is 0,prev_log_number is 0,max_column_family is 1,min_log_number_to_keep is 0
2018/11/27-03:04:56.930356 7f8aff41f0 [db/version_set.cc:3369] Column family [default] (ID 0), log number is 0
2018/11/27-03:04:56.930361 7f8aff41f0 [db/version_set.cc:3369] Column family [usertable] (ID 1), log number is 1186
2018/11/27-03:04:56.934544 7f8aff41f0 EVENT_LOG_v1 {"time_micros": 1543287896934511, "job": 1, "event": "recovery_started", "log_files": [1186, 1192]}
2018/11/27-03:04:56.934579 7f8aff41f0 [db/db_impl_open.cc:551] Recovering log #1186 mode 2
2018/11/27-03:04:57.525462 7f8aff41f0 [db/db_impl_open.cc:551] Recovering log #1192 mode 2
2018/11/27-03:04:58.485624 7f8aff41f0 EVENT_LOG_v1 {"time_micros": 1543287898485516, "cf_name": "usertable", "job": 1, "event": "table_file_creation", "file_number": 1193, "file_size": 129895352, "table_properties": {"data_size": 129317909, "index_size": 576521, "filter_size": 0, "raw_key_size": 752760, "raw_average_key_size": 24, "raw_value_size": 128471040, "raw_average_value_size": 4096, "num_data_blocks": 15683, "num_entries": 31365, "filter_policy_name": "", "kDeletedKeys": "0", "kMergeOperands": "0"}}
2018/11/27-03:04:59.523725 7f8aff41f0 [db/version_set.cc:2847] Creating manifest 1194
2018/11/27-03:05:00.079207 7f8aff41f0 EVENT_LOG_v1 {"time_micros": 1543287900079159, "cf_name": "usertable", "job": 1, "event": "table_file_creation", "file_number": 1195, "file_size": 87496333, "table_properties": {"data_size": 87104844, "index_size": 390567, "filter_size": 0, "raw_key_size": 507024, "raw_average_key_size": 24, "raw_value_size": 86532096, "raw_average_value_size": 4096, "num_data_blocks": 10563, "num_entries": 21126, "filter_policy_name": "", "kDeletedKeys": "0", "kMergeOperands": "0"}}
2018/11/27-03:05:00.110313 7f8aff41f0 EVENT_LOG_v1 {"time_micros": 1543287900110295, "job": 1, "event": "recovery_finished"}
2018/11/27-03:05:00.224951 7f8aff41f0 [db/db_impl_open.cc:1219] DB pointer 0x7f543c7040
2018/11/27-03:05:00.225669 7f8a1571f0 [WARN] [db/db_impl.cc:491] ------- DUMPING STATS -------
2018/11/27-03:05:00.225781 7f8a1571f0 [WARN] [db/db_impl.cc:492] 
** DB Stats **
Uptime(secs): 3.8 total, 3.8 interval
Cumulative writes: 0 writes, 0 keys, 0 commit groups, 0.0 writes per commit group, ingest: 0.00 GB, 0.00 MB/s
Cumulative WAL: 0 writes, 0 syncs, 0.00 writes per sync, written: 0.00 GB, 0.00 MB/s
Cumulative stall: 00:00:0.000 H:M:S, 0.0 percent
Interval writes: 0 writes, 0 keys, 0 commit groups, 0.0 writes per commit group, ingest: 0.00 MB, 0.00 MB/s
Interval WAL: 0 writes, 0 syncs, 0.00 writes per sync, written: 0.00 MB, 0.00 MB/s
Interval stall: 00:00:0.000 H:M:S, 0.0 percent

** Compaction Stats [default] **
Level    Files   Size     Score Read(GB)  Rn(GB) Rnp1(GB) Write(GB) Wnew(GB) Moved(GB) W-Amp Rd(MB/s) Wr(MB/s) Comp(sec) Comp(cnt) Avg(sec) KeyIn KeyDrop
----------------------------------------------------------------------------------------------------------------------------------------------------------
 Sum      0/0    0.00 KB   0.0      0.0     0.0      0.0       0.0      0.0       0.0   0.0      0.0      0.0         0         0    0.000       0      0
 Int      0/0    0.00 KB   0.0      0.0     0.0      0.0       0.0      0.0       0.0   0.0      0.0      0.0         0         0    0.000       0      0
Uptime(secs): 3.8 total, 3.8 interval
Flush(GB): cumulative 0.000, interval 0.000
AddFile(GB): cumulative 0.000, interval 0.000
AddFile(Total Files): cumulative 0, interval 0
AddFile(L0 Files): cumulative 0, interval 0
AddFile(Keys): cumulative 0, interval 0
Cumulative compaction: 0.00 GB write, 0.00 MB/s write, 0.00 GB read, 0.00 MB/s read, 0.0 seconds
Interval compaction: 0.00 GB write, 0.00 MB/s write, 0.00 GB read, 0.00 MB/s read, 0.0 seconds
Stalls(count): 0 level0_slowdown, 0 level0_slowdown_with_compaction, 0 level0_numfiles, 0 level0_numfiles_with_compaction, 0 stop for pending_compaction_bytes, 0 slowdown for pending_compaction_bytes, 0 memtable_compaction, 0 memtable_slowdown, interval 0 total count

** File Read Latency Histogram By Level [default] **

** Compaction Stats [usertable] **
Level    Files   Size     Score Read(GB)  Rn(GB) Rnp1(GB) Write(GB) Wnew(GB) Moved(GB) W-Amp Rd(MB/s) Wr(MB/s) Comp(sec) Comp(cnt) Avg(sec) KeyIn KeyDrop
----------------------------------------------------------------------------------------------------------------------------------------------------------
  L0      3/0   442.86 MB   1.5      0.0     0.0      0.0       0.2      0.2       0.0   1.0      0.0    143.6         1         2    0.722       0      0
  L1      2/0   473.20 MB   0.9      0.0     0.0      0.0       0.0      0.0       0.0   0.0      0.0      0.0         0         0    0.000       0      0
  L2    109/0    4.98 GB   1.0      0.0     0.0      0.0       0.0      0.0       0.0   0.0      0.0      0.0         0         0    0.000       0      0
  L3    559/0   34.31 GB   0.7      0.0     0.0      0.0       0.0      0.0       0.0   0.0      0.0      0.0         0         0    0.000       0      0
 Sum    673/0   40.18 GB   0.0      0.0     0.0      0.0       0.2      0.2       0.0   1.0      0.0    143.6         1         2    0.722       0      0
 Int      0/0    0.00 KB   0.0      0.0     0.0      0.0       0.2      0.2       0.0   1.0      0.0    143.6         1         2    0.722       0      0
Uptime(secs): 3.8 total, 3.8 interval
Flush(GB): cumulative 0.202, interval 0.202
AddFile(GB): cumulative 0.000, interval 0.000
AddFile(Total Files): cumulative 0, interval 0
AddFile(L0 Files): cumulative 0, interval 0
AddFile(Keys): cumulative 0, interval 0
Cumulative compaction: 0.20 GB write, 55.08 MB/s write, 0.00 GB read, 0.00 MB/s read, 1.4 seconds
Interval compaction: 0.20 GB write, 55.08 MB/s write, 0.00 GB read, 0.00 MB/s read, 1.4 seconds
Stalls(count): 0 level0_slowdown, 0 level0_slowdown_with_compaction, 0 level0_numfiles, 0 level0_numfiles_with_compaction, 0 stop for pending_compaction_bytes, 0 slowdown for pending_compaction_bytes, 0 memtable_compaction, 0 memtable_slowdown, interval 0 total count

** File Read Latency Histogram By Level [usertable] **

** Compaction Stats [default] **
Level    Files   Size     Score Read(GB)  Rn(GB) Rnp1(GB) Write(GB) Wnew(GB) Moved(GB) W-Amp Rd(MB/s) Wr(MB/s) Comp(sec) Comp(cnt) Avg(sec) KeyIn KeyDrop
----------------------------------------------------------------------------------------------------------------------------------------------------------
 Sum      0/0    0.00 KB   0.0      0.0     0.0      0.0       0.0      0.0       0.0   0.0      0.0      0.0         0         0    0.000       0      0
 Int      0/0    0.00 KB   0.0      0.0     0.0      0.0       0.0      0.0       0.0   0.0      0.0      0.0         0         0    0.000       0      0
Uptime(secs): 3.8 total, 0.0 interval
Flush(GB): cumulative 0.000, interval 0.000
AddFile(GB): cumulative 0.000, interval 0.000
AddFile(Total Files): cumulative 0, interval 0
AddFile(L0 Files): cumulative 0, interval 0
AddFile(Keys): cumulative 0, interval 0
Cumulative compaction: 0.00 GB write, 0.00 MB/s write, 0.00 GB read, 0.00 MB/s read, 0.0 seconds
Interval compaction: 0.00 GB write, 0.00 MB/s write, 0.00 GB read, 0.00 MB/s read, 0.0 seconds
Stalls(count): 0 level0_slowdown, 0 level0_slowdown_with_compaction, 0 level0_numfiles, 0 level0_numfiles_with_compaction, 0 stop for pending_compaction_bytes, 0 slowdown for pending_compaction_bytes, 0 memtable_compaction, 0 memtable_slowdown, interval 0 total count

** File Read Latency Histogram By Level [default] **

** Compaction Stats [usertable] **
Level    Files   Size     Score Read(GB)  Rn(GB) Rnp1(GB) Write(GB) Wnew(GB) Moved(GB) W-Amp Rd(MB/s) Wr(MB/s) Comp(sec) Comp(cnt) Avg(sec) KeyIn KeyDrop
----------------------------------------------------------------------------------------------------------------------------------------------------------
  L0      3/0   442.86 MB   1.5      0.0     0.0      0.0       0.2      0.2       0.0   1.0      0.0    143.6         1         2    0.722       0      0
  L1      2/0   473.20 MB   0.9      0.0     0.0      0.0       0.0      0.0       0.0   0.0      0.0      0.0         0         0    0.000       0      0
  L2    109/0    4.98 GB   1.0      0.0     0.0      0.0       0.0      0.0       0.0   0.0      0.0      0.0         0         0    0.000       0      0
  L3    559/0   34.31 GB   0.7      0.0     0.0      0.0       0.0      0.0       0.0   0.0      0.0      0.0         0         0    0.000       0      0
 Sum    673/0   40.18 GB   0.0      0.0     0.0      0.0       0.2      0.2       0.0   1.0      0.0    143.6         1         2    0.722       0      0
 Int      0/0    0.00 KB   0.0      0.0     0.0      0.0       0.0      0.0       0.0   0.0      0.0      0.0         0         0    0.000       0      0
Uptime(secs): 3.8 total, 0.0 interval
Flush(GB): cumulative 0.202, interval 0.000
AddFile(GB): cumulative 0.000, interval 0.000
AddFile(Total Files): cumulative 0, interval 0
AddFile(L0 Files): cumulative 0, interval 0
AddFile(Keys): cumulative 0, interval 0
Cumulative compaction: 0.20 GB write, 55.08 MB/s write, 0.00 GB read, 0.00 MB/s read, 1.4 seconds
Interval compaction: 0.00 GB write, 0.00 MB/s write, 0.00 GB read, 0.00 MB/s read, 0.0 seconds
Stalls(count): 0 level0_slowdown, 0 level0_slowdown_with_compaction, 0 level0_numfiles, 0 level0_numfiles_with_compaction, 0 stop for pending_compaction_bytes, 0 slowdown for pending_compaction_bytes, 0 memtable_compaction, 0 memtable_slowdown, interval 0 total count

** File Read Latency Histogram By Level [usertable] **
2018/11/27-03:05:00.257615 7f8a1571f0 (Original Log Time 2018/11/27-03:05:00.226087) [db/db_impl_compaction_flush.cc:1835] [usertable] Moving #1173 to level-1 246981499 bytes
2018/11/27-03:05:00.257637 7f8a1571f0 (Original Log Time 2018/11/27-03:05:00.257219) EVENT_LOG_v1 {"time_micros": 1543287900257187, "job": 3, "event": "trivial_move", "destination_level": 1, "files": 1, "total_files_size": 246981499}
2018/11/27-03:05:00.257647 7f8a1571f0 (Original Log Time 2018/11/27-03:05:00.257275) [db/db_impl_compaction_flush.cc:1864] [usertable] Moved #1 files to level-1 246981499 bytes OK: base level 1 max bytes base 536870912 files[2 3 109 559 0 0 0] max score 1.38
2018/11/27-03:05:00.258841 7f8a1571f0 [db/compaction_job.cc:1531] [usertable] [JOB 4] Compacting 1@1 files to L2, score 1.38
2018/11/27-03:05:00.258899 7f8a1571f0 [db/compaction_job.cc:1535] [usertable] Compaction start summary: Base version 6 Base level 1, inputs: [799(236MB)]
2018/11/27-03:05:00.259018 7f8a1571f0 EVENT_LOG_v1 {"time_micros": 1543287900258942, "job": 4, "event": "compaction_started", "compaction_reason": "LevelMaxLevelSize", "files_L1": [799], "score": 1.38425, "input_data_size": 248103910}
2018/11/27-03:05:01.380724 7f8a1571f0 [db/compaction_job.cc:1211] [usertable] [JOB 4] Generated table #1199: 16279 keys, 67233543 bytes
2018/11/27-03:05:01.380836 7f8a1571f0 EVENT_LOG_v1 {"time_micros": 1543287901380808, "cf_name": "usertable", "job": 4, "event": "table_file_creation", "file_number": 1199, "file_size": 67233543, "table_properties": {"data_size": 67120141, "index_size": 300916, "filter_size": 0, "raw_key_size": 390696, "raw_average_key_size": 24, "raw_value_size": 66678784, "raw_average_value_size": 4096, "num_data_blocks": 8140, "num_entries": 16279, "filter_policy_name": "", "kDeletedKeys": "0", "kMergeOperands": "0"}}
2018/11/27-03:05:02.631357 7f8a1571f0 [db/compaction_job.cc:1211] [usertable] [JOB 4] Generated table #1200: 16279 keys, 67233354 bytes
2018/11/27-03:05:02.631437 7f8a1571f0 EVENT_LOG_v1 {"time_micros": 1543287902631411, "cf_name": "usertable", "job": 4, "event": "table_file_creation", "file_number": 1200, "file_size": 67233354, "table_properties": {"data_size": 67118331, "index_size": 299105, "filter_size": 0, "raw_key_size": 390696, "raw_average_key_size": 24, "raw_value_size": 66678784, "raw_average_value_size": 4096, "num_data_blocks": 8140, "num_entries": 16279, "filter_policy_name": "", "kDeletedKeys": "0", "kMergeOperands": "0"}}
2018/11/27-03:05:03.866891 7f8a1571f0 [db/compaction_job.cc:1211] [usertable] [JOB 4] Generated table #1201: 16279 keys, 67233510 bytes
2018/11/27-03:05:03.867071 7f8a1571f0 EVENT_LOG_v1 {"time_micros": 1543287903867004, "cf_name": "usertable", "job": 4, "event": "table_file_creation", "file_number": 1201, "file_size": 67233510, "table_properties": {"data_size": 67120138, "index_size": 300916, "filter_size": 0, "raw_key_size": 390696, "raw_average_key_size": 24, "raw_value_size": 66678784, "raw_average_value_size": 4096, "num_data_blocks": 8140, "num_entries": 16279, "filter_policy_name": "", "kDeletedKeys": "0", "kMergeOperands": "0"}}
2018/11/27-03:05:04.623906 7f8a1571f0 [db/compaction_job.cc:1211] [usertable] [JOB 4] Generated table #1202: 11068 keys, 45711878 bytes
2018/11/27-03:05:04.623997 7f8a1571f0 EVENT_LOG_v1 {"time_micros": 1543287904623969, "cf_name": "usertable", "job": 4, "event": "table_file_creation", "file_number": 1202, "file_size": 45711878, "table_properties": {"data_size": 45633364, "index_size": 203265, "filter_size": 0, "raw_key_size": 265632, "raw_average_key_size": 24, "raw_value_size": 45334528, "raw_average_value_size": 4096, "num_data_blocks": 5534, "num_entries": 11068, "filter_policy_name": "", "kDeletedKeys": "0", "kMergeOperands": "0"}}
2018/11/27-03:05:04.624150 7f8a1571f0 [db/compaction_job.cc:1287] [usertable] [JOB 4] Compacted 1@1 files to L2 => 247412285 bytes
2018/11/27-03:05:04.654953 7f8a1571f0 (Original Log Time 2018/11/27-03:05:04.654697) [db/compaction_job.cc:685] [usertable] compacted to: base level 1 max bytes base 536870912 files[2 2 113 559 0 0 0] max score 1.04, MB/sec: 56.8 rd, 56.7 wr, level 2, files in(1, 0) out(4) MB in(236.6, 0.0) out(236.0), read-write-amplify(2.0) write-amplify(1.0) OK, records in: 59905, records dropped: 0 output_compression: LZ4
2018/11/27-03:05:04.654972 7f8a1571f0 (Original Log Time 2018/11/27-03:05:04.654794) EVENT_LOG_v1 {"time_micros": 1543287904654764, "job": 4, "event": "compaction_finished", "compaction_time_micros": 4365011, "output_level": 2, "num_output_files": 4, "total_output_size": 247412285, "num_input_records": 59905, "num_output_records": 59905, "num_subcompactions": 1, "output_compression": "LZ4", "num_single_delete_mismatches": 0, "num_single_delete_fallthrough": 0, "lsm_state": [2, 2, 113, 559, 0, 0, 0]}
2018/11/27-03:05:04.685629 7f8a1571f0 (Original Log Time 2018/11/27-03:05:04.655136) [db/db_impl_compaction_flush.cc:1835] [usertable] Moving #1199 to level-3 67233543 bytes
2018/11/27-03:05:04.685639 7f8a1571f0 (Original Log Time 2018/11/27-03:05:04.685502) EVENT_LOG_v1 {"time_micros": 1543287904685491, "job": 5, "event": "trivial_move", "destination_level": 3, "files": 1, "total_files_size": 67233543}
2018/11/27-03:05:04.685644 7f8a1571f0 (Original Log Time 2018/11/27-03:05:04.685532) [db/db_impl_compaction_flush.cc:1864] [usertable] Moved #1 files to level-3 67233543 bytes OK: base level 1 max bytes base 536870912 files[2 2 112 560 0 0 0] max score 1.03
2018/11/27-03:05:04.742135 7f8a1571f0 EVENT_LOG_v1 {"time_micros": 1543287904742122, "job": 5, "event": "table_file_deletion", "file_number": 799}
2018/11/27-03:05:04.773681 7f4bfff1f0 (Original Log Time 2018/11/27-03:05:04.742538) [db/db_impl_compaction_flush.cc:1835] [usertable] Moving #1201 to level-3 67233510 bytes
2018/11/27-03:05:04.773692 7f4bfff1f0 (Original Log Time 2018/11/27-03:05:04.773546) EVENT_LOG_v1 {"time_micros": 1543287904773534, "job": 6, "event": "trivial_move", "destination_level": 3, "files": 1, "total_files_size": 67233510}
2018/11/27-03:05:04.773697 7f4bfff1f0 (Original Log Time 2018/11/27-03:05:04.773566) [db/db_impl_compaction_flush.cc:1864] [usertable] Moved #1 files to level-3 67233510 bytes OK: base level 1 max bytes base 536870912 files[2 2 111 561 0 0 0] max score 1.02
2018/11/27-03:05:04.804914 7f4bfff1f0 (Original Log Time 2018/11/27-03:05:04.774121) [db/db_impl_compaction_flush.cc:1835] [usertable] Moving #1200 to level-3 67233354 bytes
2018/11/27-03:05:04.804924 7f4bfff1f0 (Original Log Time 2018/11/27-03:05:04.804780) EVENT_LOG_v1 {"time_micros": 1543287904804769, "job": 7, "event": "trivial_move", "destination_level": 3, "files": 1, "total_files_size": 67233354}
2018/11/27-03:05:04.804929 7f4bfff1f0 (Original Log Time 2018/11/27-03:05:04.804806) [db/db_impl_compaction_flush.cc:1864] [usertable] Moved #1 files to level-3 67233354 bytes OK: base level 1 max bytes base 536870912 files[2 2 110 562 0 0 0] max score 1.00
2018/11/27-03:05:04.836533 7f4bfff1f0 (Original Log Time 2018/11/27-03:05:04.805403) [db/db_impl_compaction_flush.cc:1835] [usertable] Moving #663 to level-3 51605421 bytes
2018/11/27-03:05:04.836557 7f4bfff1f0 (Original Log Time 2018/11/27-03:05:04.836207) EVENT_LOG_v1 {"time_micros": 1543287904836185, "job": 8, "event": "trivial_move", "destination_level": 3, "files": 1, "total_files_size": 51605421}
2018/11/27-03:05:04.836568 7f4bfff1f0 (Original Log Time 2018/11/27-03:05:04.836255) [db/db_impl_compaction_flush.cc:1864] [usertable] Moved #1 files to level-3 51605421 bytes OK: base level 1 max bytes base 536870912 files[2 2 109 563 0 0 0] max score 1.00
2018/11/27-03:05:04.869364 7f4bfff1f0 (Original Log Time 2018/11/27-03:05:04.837639) [db/db_impl_compaction_flush.cc:1835] [usertable] Moving #1193 to level-1 129895352 bytes
