2018/11/23-04:57:16.792200 7f6a0af1f0 RocksDB version: 5.14.3
2018/11/23-04:57:16.792349 7f6a0af1f0 Git sha rocksdb_build_git_sha:
2018/11/23-04:57:16.792356 7f6a0af1f0 Compile date Nov 22 2018
2018/11/23-04:57:16.792366 7f6a0af1f0 DB SUMMARY
2018/11/23-04:57:16.792410 7f6a0af1f0 SST files in /mnt/sda/ycsb-rocksdb-data dir, Total Num: 0, files: 
2018/11/23-04:57:16.792417 7f6a0af1f0 Write Ahead Log file in /mnt/sda/ycsb-rocksdb-data: 
2018/11/23-04:57:16.792423 7f6a0af1f0                         Options.error_if_exists: 0
2018/11/23-04:57:16.792427 7f6a0af1f0                       Options.create_if_missing: 1
2018/11/23-04:57:16.792430 7f6a0af1f0                         Options.paranoid_checks: 1
2018/11/23-04:57:16.792433 7f6a0af1f0                                     Options.env: 0x7f69fa8f70
2018/11/23-04:57:16.792437 7f6a0af1f0                                Options.info_log: 0x7f283cbc90
2018/11/23-04:57:16.792440 7f6a0af1f0                Options.max_file_opening_threads: 16
2018/11/23-04:57:16.792443 7f6a0af1f0                              Options.statistics: (nil)
2018/11/23-04:57:16.792446 7f6a0af1f0                               Options.use_fsync: 0
2018/11/23-04:57:16.792449 7f6a0af1f0                       Options.max_log_file_size: 0
2018/11/23-04:57:16.792452 7f6a0af1f0                  Options.max_manifest_file_size: 18446744073709551615
2018/11/23-04:57:16.792455 7f6a0af1f0                   Options.log_file_time_to_roll: 0
2018/11/23-04:57:16.792457 7f6a0af1f0                       Options.keep_log_file_num: 1000
2018/11/23-04:57:16.792460 7f6a0af1f0                    Options.recycle_log_file_num: 0
2018/11/23-04:57:16.792463 7f6a0af1f0                         Options.allow_fallocate: 1
2018/11/23-04:57:16.792466 7f6a0af1f0                        Options.allow_mmap_reads: 0
2018/11/23-04:57:16.792469 7f6a0af1f0                       Options.allow_mmap_writes: 0
2018/11/23-04:57:16.792472 7f6a0af1f0                        Options.use_direct_reads: 0
2018/11/23-04:57:16.792475 7f6a0af1f0                        Options.use_direct_io_for_flush_and_compaction: 0
2018/11/23-04:57:16.792477 7f6a0af1f0          Options.create_missing_column_families: 1
2018/11/23-04:57:16.792480 7f6a0af1f0                              Options.db_log_dir: 
2018/11/23-04:57:16.792483 7f6a0af1f0                                 Options.wal_dir: /mnt/sda/ycsb-rocksdb-data
2018/11/23-04:57:16.792486 7f6a0af1f0                Options.table_cache_numshardbits: 6
2018/11/23-04:57:16.792488 7f6a0af1f0                      Options.max_subcompactions: 4
2018/11/23-04:57:16.792491 7f6a0af1f0                  Options.max_background_flushes: 6
2018/11/23-04:57:16.792494 7f6a0af1f0                         Options.WAL_ttl_seconds: 0
2018/11/23-04:57:16.792497 7f6a0af1f0                       Options.WAL_size_limit_MB: 0
2018/11/23-04:57:16.792500 7f6a0af1f0             Options.manifest_preallocation_size: 4194304
2018/11/23-04:57:16.792503 7f6a0af1f0                     Options.is_fd_close_on_exec: 1
2018/11/23-04:57:16.792506 7f6a0af1f0                   Options.advise_random_on_open: 1
2018/11/23-04:57:16.792509 7f6a0af1f0                    Options.db_write_buffer_size: 0
2018/11/23-04:57:16.792512 7f6a0af1f0                    Options.write_buffer_manager: 0x7f283cbbf0
2018/11/23-04:57:16.792516 7f6a0af1f0         Options.access_hint_on_compaction_start: 1
2018/11/23-04:57:16.792519 7f6a0af1f0  Options.new_table_reader_for_compaction_inputs: 0
2018/11/23-04:57:16.792522 7f6a0af1f0           Options.random_access_max_buffer_size: 1048576
2018/11/23-04:57:16.792525 7f6a0af1f0                      Options.use_adaptive_mutex: 0
2018/11/23-04:57:16.792528 7f6a0af1f0                            Options.rate_limiter: (nil)
2018/11/23-04:57:16.792534 7f6a0af1f0     Options.sst_file_manager.rate_bytes_per_sec: 0
2018/11/23-04:57:16.792537 7f6a0af1f0                       Options.wal_recovery_mode: 2
2018/11/23-04:57:16.792554 7f6a0af1f0                  Options.enable_thread_tracking: 0
2018/11/23-04:57:16.792559 7f6a0af1f0                  Options.enable_pipelined_write: 1
2018/11/23-04:57:16.792562 7f6a0af1f0         Options.allow_concurrent_memtable_write: 1
2018/11/23-04:57:16.792583 7f6a0af1f0      Options.enable_write_thread_adaptive_yield: 1
2018/11/23-04:57:16.792588 7f6a0af1f0             Options.write_thread_max_yield_usec: 100
2018/11/23-04:57:16.792591 7f6a0af1f0            Options.write_thread_slow_yield_usec: 3
2018/11/23-04:57:16.792594 7f6a0af1f0                               Options.row_cache: None
2018/11/23-04:57:16.792597 7f6a0af1f0                              Options.wal_filter: None
2018/11/23-04:57:16.792600 7f6a0af1f0             Options.avoid_flush_during_recovery: 0
2018/11/23-04:57:16.792603 7f6a0af1f0             Options.allow_ingest_behind: 0
2018/11/23-04:57:16.792606 7f6a0af1f0             Options.preserve_deletes: 0
2018/11/23-04:57:16.792609 7f6a0af1f0             Options.two_write_queues: 0
2018/11/23-04:57:16.792612 7f6a0af1f0             Options.manual_wal_flush: 0
2018/11/23-04:57:16.792617 7f6a0af1f0             Options.max_background_jobs: 6
2018/11/23-04:57:16.792620 7f6a0af1f0             Options.max_background_compactions: 6
2018/11/23-04:57:16.792623 7f6a0af1f0             Options.avoid_flush_during_shutdown: 0
2018/11/23-04:57:16.792626 7f6a0af1f0           Options.writable_file_max_buffer_size: 1048576
2018/11/23-04:57:16.792629 7f6a0af1f0             Options.delayed_write_rate : 16777216
2018/11/23-04:57:16.792632 7f6a0af1f0             Options.max_total_wal_size: 0
2018/11/23-04:57:16.792635 7f6a0af1f0             Options.delete_obsolete_files_period_micros: 21600000000
2018/11/23-04:57:16.792638 7f6a0af1f0                   Options.stats_dump_period_sec: 60
2018/11/23-04:57:16.792641 7f6a0af1f0                          Options.max_open_files: -1
2018/11/23-04:57:16.792644 7f6a0af1f0                          Options.bytes_per_sync: 1048576
2018/11/23-04:57:16.792647 7f6a0af1f0                      Options.wal_bytes_per_sync: 0
2018/11/23-04:57:16.792650 7f6a0af1f0       Options.compaction_readahead_size: 0
2018/11/23-04:57:16.792652 7f6a0af1f0 Compression algorithms supported:
2018/11/23-04:57:16.792656 7f6a0af1f0 	kZSTDNotFinalCompression supported: 1
2018/11/23-04:57:16.792691 7f6a0af1f0 	kZSTD supported: 1
2018/11/23-04:57:16.792696 7f6a0af1f0 	kXpressCompression supported: 0
2018/11/23-04:57:16.792699 7f6a0af1f0 	kLZ4HCCompression supported: 1
2018/11/23-04:57:16.792703 7f6a0af1f0 	kLZ4Compression supported: 1
2018/11/23-04:57:16.792706 7f6a0af1f0 	kBZip2Compression supported: 1
2018/11/23-04:57:16.792709 7f6a0af1f0 	kZlibCompression supported: 1
2018/11/23-04:57:16.792712 7f6a0af1f0 	kSnappyCompression supported: 1
2018/11/23-04:57:16.792720 7f6a0af1f0 Fast CRC32 supported: Not supported on x86
2018/11/23-04:57:16.792891 7f6a0af1f0 [db/db_impl_open.cc:222] Creating manifest 1 
2018/11/23-04:57:16.899202 7f6a0af1f0 [db/version_set.cc:3085] Recovering from manifest file: MANIFEST-000001
2018/11/23-04:57:16.899635 7f6a0af1f0 [db/column_family.cc:475] --------------- Options for column family [default]:
2018/11/23-04:57:16.899651 7f6a0af1f0               Options.comparator: leveldb.BytewiseComparator
2018/11/23-04:57:16.899659 7f6a0af1f0           Options.merge_operator: None
2018/11/23-04:57:16.899665 7f6a0af1f0        Options.compaction_filter: None
2018/11/23-04:57:16.899671 7f6a0af1f0        Options.compaction_filter_factory: None
2018/11/23-04:57:16.899678 7f6a0af1f0         Options.memtable_factory: SkipListFactory
2018/11/23-04:57:16.899685 7f6a0af1f0            Options.table_factory: BlockBasedTable
2018/11/23-04:57:16.899793 7f6a0af1f0            table_factory options:   flush_block_policy_factory: FlushBlockBySizePolicyFactory (0x7f28397cb0)
  cache_index_and_filter_blocks: 0
  cache_index_and_filter_blocks_with_high_priority: 0
  pin_l0_filter_and_index_blocks_in_cache: 0
  index_type: 0
  hash_index_allow_collision: 1
  checksum: 1
  no_block_cache: 0
  block_cache: 0x7f2839caf0
  block_cache_name: LRUCache
  block_cache_options:
    capacity : 8388608
    num_shard_bits : 4
    strict_capacity_limit : 0
    high_pri_pool_ratio: 0.000
  block_cache_compressed: (nil)
  persistent_cache: (nil)
  block_size: 8192
  block_size_deviation: 10
  block_restart_interval: 16
  index_block_restart_interval: 1
  metadata_block_size: 4096
  partition_filters: 0
  use_delta_encoding: 1
  filter_policy: nullptr
  whole_key_filtering: 1
  verify_compression: 0
  read_amp_bytes_per_bit: 0
  format_version: 2
  enable_index_compression: 1
  block_align: 0
2018/11/23-04:57:16.899875 7f6a0af1f0        Options.write_buffer_size: 134217728
2018/11/23-04:57:16.899884 7f6a0af1f0  Options.max_write_buffer_number: 24
2018/11/23-04:57:16.899891 7f6a0af1f0        Options.compression[0]: NoCompression
2018/11/23-04:57:16.899898 7f6a0af1f0        Options.compression[1]: NoCompression
2018/11/23-04:57:16.899904 7f6a0af1f0        Options.compression[2]: LZ4
2018/11/23-04:57:16.899910 7f6a0af1f0        Options.compression[3]: LZ4
2018/11/23-04:57:16.899917 7f6a0af1f0        Options.compression[4]: LZ4
2018/11/23-04:57:16.899923 7f6a0af1f0        Options.compression[5]: LZ4
2018/11/23-04:57:16.899929 7f6a0af1f0        Options.compression[6]: LZ4
2018/11/23-04:57:16.899935 7f6a0af1f0                  Options.bottommost_compression: Disabled
2018/11/23-04:57:16.899942 7f6a0af1f0       Options.prefix_extractor: nullptr
2018/11/23-04:57:16.899948 7f6a0af1f0   Options.memtable_insert_with_hint_prefix_extractor: nullptr
2018/11/23-04:57:16.899954 7f6a0af1f0             Options.num_levels: 7
2018/11/23-04:57:16.899960 7f6a0af1f0        Options.min_write_buffer_number_to_merge: 2
2018/11/23-04:57:16.899966 7f6a0af1f0     Options.max_write_buffer_number_to_maintain: 0
2018/11/23-04:57:16.899972 7f6a0af1f0            Options.compression_opts.window_bits: -14
2018/11/23-04:57:16.899978 7f6a0af1f0                  Options.compression_opts.level: -1
2018/11/23-04:57:16.899984 7f6a0af1f0               Options.compression_opts.strategy: 0
2018/11/23-04:57:16.899990 7f6a0af1f0         Options.compression_opts.max_dict_bytes: 0
2018/11/23-04:57:16.899996 7f6a0af1f0         Options.compression_opts.zstd_max_train_bytes: 0
2018/11/23-04:57:16.900003 7f6a0af1f0      Options.level0_file_num_compaction_trigger: 2
2018/11/23-04:57:16.900009 7f6a0af1f0          Options.level0_slowdown_writes_trigger: 20
2018/11/23-04:57:16.900015 7f6a0af1f0              Options.level0_stop_writes_trigger: 36
2018/11/23-04:57:16.900021 7f6a0af1f0                   Options.target_file_size_base: 67108864
2018/11/23-04:57:16.900027 7f6a0af1f0             Options.target_file_size_multiplier: 1
2018/11/23-04:57:16.900033 7f6a0af1f0                Options.max_bytes_for_level_base: 536870912
2018/11/23-04:57:16.900039 7f6a0af1f0 Options.level_compaction_dynamic_level_bytes: 0
2018/11/23-04:57:16.900045 7f6a0af1f0          Options.max_bytes_for_level_multiplier: 10.000000
2018/11/23-04:57:16.900058 7f6a0af1f0 Options.max_bytes_for_level_multiplier_addtl[0]: 1
2018/11/23-04:57:16.900064 7f6a0af1f0 Options.max_bytes_for_level_multiplier_addtl[1]: 1
2018/11/23-04:57:16.900071 7f6a0af1f0 Options.max_bytes_for_level_multiplier_addtl[2]: 1
2018/11/23-04:57:16.900077 7f6a0af1f0 Options.max_bytes_for_level_multiplier_addtl[3]: 1
2018/11/23-04:57:16.900083 7f6a0af1f0 Options.max_bytes_for_level_multiplier_addtl[4]: 1
2018/11/23-04:57:16.900089 7f6a0af1f0 Options.max_bytes_for_level_multiplier_addtl[5]: 1
2018/11/23-04:57:16.900095 7f6a0af1f0 Options.max_bytes_for_level_multiplier_addtl[6]: 1
2018/11/23-04:57:16.900102 7f6a0af1f0       Options.max_sequential_skip_in_iterations: 8
2018/11/23-04:57:16.900108 7f6a0af1f0                    Options.max_compaction_bytes: 1677721600
2018/11/23-04:57:16.900114 7f6a0af1f0                        Options.arena_block_size: 16777216
2018/11/23-04:57:16.900120 7f6a0af1f0   Options.soft_pending_compaction_bytes_limit: 68719476736
2018/11/23-04:57:16.900126 7f6a0af1f0   Options.hard_pending_compaction_bytes_limit: 274877906944
2018/11/23-04:57:16.900133 7f6a0af1f0       Options.rate_limit_delay_max_milliseconds: 100
2018/11/23-04:57:16.900138 7f6a0af1f0                Options.disable_auto_compactions: 0
2018/11/23-04:57:16.900148 7f6a0af1f0                        Options.compaction_style: kCompactionStyleLevel
2018/11/23-04:57:16.900178 7f6a0af1f0                          Options.compaction_pri: kByCompensatedSize
2018/11/23-04:57:16.900187 7f6a0af1f0 Options.compaction_options_universal.size_ratio: 1
2018/11/23-04:57:16.900193 7f6a0af1f0 Options.compaction_options_universal.min_merge_width: 2
2018/11/23-04:57:16.900200 7f6a0af1f0 Options.compaction_options_universal.max_merge_width: 4294967295
2018/11/23-04:57:16.900206 7f6a0af1f0 Options.compaction_options_universal.max_size_amplification_percent: 200
2018/11/23-04:57:16.900212 7f6a0af1f0 Options.compaction_options_universal.compression_size_percent: -1
2018/11/23-04:57:16.900220 7f6a0af1f0 Options.compaction_options_universal.stop_style: kCompactionStopStyleTotalSize
2018/11/23-04:57:16.900227 7f6a0af1f0 Options.compaction_options_fifo.max_table_files_size: 1073741824
2018/11/23-04:57:16.900233 7f6a0af1f0 Options.compaction_options_fifo.allow_compaction: 0
2018/11/23-04:57:16.900239 7f6a0af1f0 Options.compaction_options_fifo.ttl: 0
2018/11/23-04:57:16.900245 7f6a0af1f0                   Options.table_properties_collectors: 
2018/11/23-04:57:16.900252 7f6a0af1f0                   Options.inplace_update_support: 0
2018/11/23-04:57:16.900257 7f6a0af1f0                 Options.inplace_update_num_locks: 10000
2018/11/23-04:57:16.900264 7f6a0af1f0               Options.memtable_prefix_bloom_size_ratio: 0.000000
2018/11/23-04:57:16.900271 7f6a0af1f0   Options.memtable_huge_page_size: 0
2018/11/23-04:57:16.900278 7f6a0af1f0                           Options.bloom_locality: 0
2018/11/23-04:57:16.900284 7f6a0af1f0                    Options.max_successive_merges: 0
2018/11/23-04:57:16.900290 7f6a0af1f0                Options.optimize_filters_for_hits: 0
2018/11/23-04:57:16.900296 7f6a0af1f0                Options.paranoid_file_checks: 0
2018/11/23-04:57:16.900302 7f6a0af1f0                Options.force_consistency_checks: 0
2018/11/23-04:57:16.900308 7f6a0af1f0                Options.report_bg_io_stats: 0
2018/11/23-04:57:16.900314 7f6a0af1f0                               Options.ttl: 0
2018/11/23-04:57:16.903145 7f6a0af1f0 [db/version_set.cc:3361] Recovered from manifest file:/mnt/sda/ycsb-rocksdb-data/MANIFEST-000001 succeeded,manifest_file_number is 1, next_file_number is 3, last_sequence is 0, log_number is 0,prev_log_number is 0,max_column_family is 0,min_log_number_to_keep is 0
2018/11/23-04:57:16.903200 7f6a0af1f0 [db/version_set.cc:3369] Column family [default] (ID 0), log number is 0
2018/11/23-04:57:16.904143 7f6a0af1f0 [db/version_set.cc:2847] Creating manifest 4
2018/11/23-04:57:16.980099 7f6a0af1f0 [db/column_family.cc:475] --------------- Options for column family [usertable]:
2018/11/23-04:57:16.980140 7f6a0af1f0               Options.comparator: leveldb.BytewiseComparator
2018/11/23-04:57:16.980148 7f6a0af1f0           Options.merge_operator: None
2018/11/23-04:57:16.980155 7f6a0af1f0        Options.compaction_filter: None
2018/11/23-04:57:16.980161 7f6a0af1f0        Options.compaction_filter_factory: None
2018/11/23-04:57:16.980167 7f6a0af1f0         Options.memtable_factory: SkipListFactory
2018/11/23-04:57:16.980173 7f6a0af1f0            Options.table_factory: BlockBasedTable
2018/11/23-04:57:16.980276 7f6a0af1f0            table_factory options:   flush_block_policy_factory: FlushBlockBySizePolicyFactory (0x7f28391a30)
  cache_index_and_filter_blocks: 0
  cache_index_and_filter_blocks_with_high_priority: 0
  pin_l0_filter_and_index_blocks_in_cache: 0
  index_type: 0
  hash_index_allow_collision: 1
  checksum: 1
  no_block_cache: 0
  block_cache: 0x7f2839fa20
  block_cache_name: LRUCache
  block_cache_options:
    capacity : 8388608
    num_shard_bits : 4
    strict_capacity_limit : 0
    high_pri_pool_ratio: 0.000
  block_cache_compressed: (nil)
  persistent_cache: (nil)
  block_size: 8192
  block_size_deviation: 10
  block_restart_interval: 16
  index_block_restart_interval: 1
  metadata_block_size: 4096
  partition_filters: 0
  use_delta_encoding: 1
  filter_policy: nullptr
  whole_key_filtering: 1
  verify_compression: 0
  read_amp_bytes_per_bit: 0
  format_version: 2
  enable_index_compression: 1
  block_align: 0
2018/11/23-04:57:16.980286 7f6a0af1f0        Options.write_buffer_size: 134217728
2018/11/23-04:57:16.980293 7f6a0af1f0  Options.max_write_buffer_number: 24
2018/11/23-04:57:16.980301 7f6a0af1f0        Options.compression[0]: NoCompression
2018/11/23-04:57:16.980307 7f6a0af1f0        Options.compression[1]: NoCompression
2018/11/23-04:57:16.980314 7f6a0af1f0        Options.compression[2]: LZ4
2018/11/23-04:57:16.980320 7f6a0af1f0        Options.compression[3]: LZ4
2018/11/23-04:57:16.980326 7f6a0af1f0        Options.compression[4]: LZ4
2018/11/23-04:57:16.980332 7f6a0af1f0        Options.compression[5]: LZ4
2018/11/23-04:57:16.980339 7f6a0af1f0        Options.compression[6]: LZ4
2018/11/23-04:57:16.980345 7f6a0af1f0                  Options.bottommost_compression: Disabled
2018/11/23-04:57:16.980351 7f6a0af1f0       Options.prefix_extractor: nullptr
2018/11/23-04:57:16.980357 7f6a0af1f0   Options.memtable_insert_with_hint_prefix_extractor: nullptr
2018/11/23-04:57:16.980364 7f6a0af1f0             Options.num_levels: 7
2018/11/23-04:57:16.980370 7f6a0af1f0        Options.min_write_buffer_number_to_merge: 2
2018/11/23-04:57:16.980376 7f6a0af1f0     Options.max_write_buffer_number_to_maintain: 0
2018/11/23-04:57:16.980382 7f6a0af1f0            Options.compression_opts.window_bits: -14
2018/11/23-04:57:16.980388 7f6a0af1f0                  Options.compression_opts.level: -1
2018/11/23-04:57:16.980394 7f6a0af1f0               Options.compression_opts.strategy: 0
2018/11/23-04:57:16.980400 7f6a0af1f0         Options.compression_opts.max_dict_bytes: 0
2018/11/23-04:57:16.980406 7f6a0af1f0         Options.compression_opts.zstd_max_train_bytes: 0
2018/11/23-04:57:16.980413 7f6a0af1f0      Options.level0_file_num_compaction_trigger: 2
2018/11/23-04:57:16.980419 7f6a0af1f0          Options.level0_slowdown_writes_trigger: 20
2018/11/23-04:57:16.980425 7f6a0af1f0              Options.level0_stop_writes_trigger: 36
2018/11/23-04:57:16.980432 7f6a0af1f0                   Options.target_file_size_base: 67108864
2018/11/23-04:57:16.980438 7f6a0af1f0             Options.target_file_size_multiplier: 1
2018/11/23-04:57:16.980444 7f6a0af1f0                Options.max_bytes_for_level_base: 536870912
2018/11/23-04:57:16.980450 7f6a0af1f0 Options.level_compaction_dynamic_level_bytes: 0
2018/11/23-04:57:16.980457 7f6a0af1f0          Options.max_bytes_for_level_multiplier: 10.000000
2018/11/23-04:57:16.980469 7f6a0af1f0 Options.max_bytes_for_level_multiplier_addtl[0]: 1
2018/11/23-04:57:16.980477 7f6a0af1f0 Options.max_bytes_for_level_multiplier_addtl[1]: 1
2018/11/23-04:57:16.980578 7f6a0af1f0 Options.max_bytes_for_level_multiplier_addtl[2]: 1
2018/11/23-04:57:16.980587 7f6a0af1f0 Options.max_bytes_for_level_multiplier_addtl[3]: 1
2018/11/23-04:57:16.980594 7f6a0af1f0 Options.max_bytes_for_level_multiplier_addtl[4]: 1
2018/11/23-04:57:16.980600 7f6a0af1f0 Options.max_bytes_for_level_multiplier_addtl[5]: 1
2018/11/23-04:57:16.980606 7f6a0af1f0 Options.max_bytes_for_level_multiplier_addtl[6]: 1
2018/11/23-04:57:16.980613 7f6a0af1f0       Options.max_sequential_skip_in_iterations: 8
2018/11/23-04:57:16.980619 7f6a0af1f0                    Options.max_compaction_bytes: 1677721600
2018/11/23-04:57:16.980625 7f6a0af1f0                        Options.arena_block_size: 16777216
2018/11/23-04:57:16.980631 7f6a0af1f0   Options.soft_pending_compaction_bytes_limit: 68719476736
2018/11/23-04:57:16.980637 7f6a0af1f0   Options.hard_pending_compaction_bytes_limit: 274877906944
2018/11/23-04:57:16.980644 7f6a0af1f0       Options.rate_limit_delay_max_milliseconds: 100
2018/11/23-04:57:16.980650 7f6a0af1f0                Options.disable_auto_compactions: 0
2018/11/23-04:57:16.980659 7f6a0af1f0                        Options.compaction_style: kCompactionStyleLevel
2018/11/23-04:57:16.980667 7f6a0af1f0                          Options.compaction_pri: kByCompensatedSize
2018/11/23-04:57:16.980673 7f6a0af1f0 Options.compaction_options_universal.size_ratio: 1
2018/11/23-04:57:16.980679 7f6a0af1f0 Options.compaction_options_universal.min_merge_width: 2
2018/11/23-04:57:16.980685 7f6a0af1f0 Options.compaction_options_universal.max_merge_width: 4294967295
2018/11/23-04:57:16.980691 7f6a0af1f0 Options.compaction_options_universal.max_size_amplification_percent: 200
2018/11/23-04:57:16.980697 7f6a0af1f0 Options.compaction_options_universal.compression_size_percent: -1
2018/11/23-04:57:16.980706 7f6a0af1f0 Options.compaction_options_universal.stop_style: kCompactionStopStyleTotalSize
2018/11/23-04:57:16.980712 7f6a0af1f0 Options.compaction_options_fifo.max_table_files_size: 1073741824
2018/11/23-04:57:16.980718 7f6a0af1f0 Options.compaction_options_fifo.allow_compaction: 0
2018/11/23-04:57:16.980724 7f6a0af1f0 Options.compaction_options_fifo.ttl: 0
2018/11/23-04:57:16.980731 7f6a0af1f0                   Options.table_properties_collectors: 
2018/11/23-04:57:16.980737 7f6a0af1f0                   Options.inplace_update_support: 0
2018/11/23-04:57:16.980743 7f6a0af1f0                 Options.inplace_update_num_locks: 10000
2018/11/23-04:57:16.980749 7f6a0af1f0               Options.memtable_prefix_bloom_size_ratio: 0.000000
2018/11/23-04:57:16.980756 7f6a0af1f0   Options.memtable_huge_page_size: 0
2018/11/23-04:57:16.980763 7f6a0af1f0                           Options.bloom_locality: 0
2018/11/23-04:57:16.980769 7f6a0af1f0                    Options.max_successive_merges: 0
2018/11/23-04:57:16.980775 7f6a0af1f0                Options.optimize_filters_for_hits: 0
2018/11/23-04:57:16.980781 7f6a0af1f0                Options.paranoid_file_checks: 0
2018/11/23-04:57:16.980787 7f6a0af1f0                Options.force_consistency_checks: 0
2018/11/23-04:57:16.980793 7f6a0af1f0                Options.report_bg_io_stats: 0
2018/11/23-04:57:16.980799 7f6a0af1f0                               Options.ttl: 0
2018/11/23-04:57:16.981040 7f6a0af1f0 [db/db_impl.cc:1396] Created column family [usertable] (ID 1)
2018/11/23-04:57:17.075446 7f6a0af1f0 [db/db_impl_open.cc:1219] DB pointer 0x7f283cae50
2018/11/23-04:57:23.256851 7f6a1af1f0 [db/db_impl_write.cc:1373] [usertable] New memtable created with log file: #9. Immutable memtables: 0.
2018/11/23-04:57:29.531590 7f6a1af1f0 [db/db_impl_write.cc:1373] [usertable] New memtable created with log file: #10. Immutable memtables: 1.
2018/11/23-04:57:29.532069 7f25ffb1f0 [db/db_impl_compaction_flush.cc:80] [JOB 2] Syncing log #3
2018/11/23-04:57:29.675313 7f25ffb1f0 [db/db_impl_compaction_flush.cc:80] [JOB 2] Syncing log #9
2018/11/23-04:57:30.335443 7f25ffb1f0 (Original Log Time 2018/11/23-04:57:29.531961) [db/db_impl_compaction_flush.cc:1424] Calling FlushMemTableToOutputFile with column family [usertable], flush slots available 6, compaction slots available 1, flush slots scheduled 1, compaction slots scheduled 0
2018/11/23-04:57:30.335492 7f25ffb1f0 [db/flush_job.cc:301] [usertable] [JOB 2] Flushing memtable with next log file: 9
2018/11/23-04:57:30.335530 7f25ffb1f0 [db/flush_job.cc:301] [usertable] [JOB 2] Flushing memtable with next log file: 10
2018/11/23-04:57:30.335725 7f25ffb1f0 EVENT_LOG_v1 {"time_micros": 1542949050335662, "job": 2, "event": "flush_started", "num_memtables": 2, "num_entries": 62258, "num_deletes": 0, "memory_usage": 258096296, "flush_reason": "Write Buffer Full"}
2018/11/23-04:57:30.335769 7f25ffb1f0 [db/flush_job.cc:331] [usertable] [JOB 2] Level-0 flush table #11: started
2018/11/23-04:57:32.713540 7f25ffb1f0 EVENT_LOG_v1 {"time_micros": 1542949052713432, "cf_name": "usertable", "job": 2, "event": "table_file_creation", "file_number": 11, "file_size": 257835255, "table_properties": {"data_size": 256689734, "index_size": 1144594, "filter_size": 0, "raw_key_size": 1494192, "raw_average_key_size": 24, "raw_value_size": 255008768, "raw_average_value_size": 4096, "num_data_blocks": 31129, "num_entries": 62258, "filter_policy_name": "", "kDeletedKeys": "0", "kMergeOperands": "0"}}
2018/11/23-04:57:32.713667 7f25ffb1f0 [db/flush_job.cc:371] [usertable] [JOB 2] Level-0 flush table #11: 257835255 bytes OK
2018/11/23-04:57:32.825040 7f25ffb1f0 (Original Log Time 2018/11/23-04:57:32.713766) [db/memtable_list.cc:377] [usertable] Level-0 commit table #11 started
2018/11/23-04:57:32.825059 7f25ffb1f0 (Original Log Time 2018/11/23-04:57:32.824680) [db/memtable_list.cc:409] [usertable] Level-0 commit table #11: memtable #1 done
2018/11/23-04:57:32.825070 7f25ffb1f0 (Original Log Time 2018/11/23-04:57:32.824737) [db/memtable_list.cc:409] [usertable] Level-0 commit table #11: memtable #2 done
2018/11/23-04:57:32.825079 7f25ffb1f0 (Original Log Time 2018/11/23-04:57:32.824824) EVENT_LOG_v1 {"time_micros": 1542949052824788, "job": 2, "event": "flush_finished", "output_compression": "NoCompression", "lsm_state": [1, 0, 0, 0, 0, 0, 0], "immutable_memtables": 0}
2018/11/23-04:57:32.825090 7f25ffb1f0 (Original Log Time 2018/11/23-04:57:32.824914) [db/db_impl_compaction_flush.cc:177] [usertable] Level summary: base level 1 max bytes base 536870912 files[1 0 0 0 0 0 0] max score 0.50
2018/11/23-04:57:32.825145 7f25ffb1f0 [db/db_impl_files.cc:347] [JOB 2] Try to delete WAL files size 257056886, prev total WAL file size 325058660, number of live WAL files 3.
2018/11/23-04:57:35.681511 7f6a1af1f0 [db/db_impl_write.cc:1373] [usertable] New memtable created with log file: #12. Immutable memtables: 0.
2018/11/23-04:57:41.559534 7f6a1af1f0 [db/db_impl_write.cc:1373] [usertable] New memtable created with log file: #13. Immutable memtables: 1.
2018/11/23-04:57:41.559804 7f267fc1f0 [db/db_impl_compaction_flush.cc:80] [JOB 3] Syncing log #10
2018/11/23-04:57:42.210728 7f267fc1f0 [db/db_impl_compaction_flush.cc:80] [JOB 3] Syncing log #12
2018/11/23-04:57:42.811067 7f267fc1f0 (Original Log Time 2018/11/23-04:57:41.559761) [db/db_impl_compaction_flush.cc:1424] Calling FlushMemTableToOutputFile with column family [usertable], flush slots available 6, compaction slots available 1, flush slots scheduled 1, compaction slots scheduled 0
2018/11/23-04:57:42.811095 7f267fc1f0 [db/flush_job.cc:301] [usertable] [JOB 3] Flushing memtable with next log file: 12
2018/11/23-04:57:42.811109 7f267fc1f0 [db/flush_job.cc:301] [usertable] [JOB 3] Flushing memtable with next log file: 13
2018/11/23-04:57:42.811161 7f267fc1f0 EVENT_LOG_v1 {"time_micros": 1542949062811147, "job": 3, "event": "flush_started", "num_memtables": 2, "num_entries": 60140, "num_deletes": 0, "memory_usage": 249264624, "flush_reason": "Write Buffer Full"}
2018/11/23-04:57:42.811173 7f267fc1f0 [db/flush_job.cc:331] [usertable] [JOB 3] Level-0 flush table #14: started
2018/11/23-04:57:44.361510 7f267fc1f0 EVENT_LOG_v1 {"time_micros": 1542949064361458, "cf_name": "usertable", "job": 3, "event": "table_file_creation", "file_number": 14, "file_size": 249063791, "table_properties": {"data_size": 247957220, "index_size": 1105644, "filter_size": 0, "raw_key_size": 1443360, "raw_average_key_size": 24, "raw_value_size": 246333440, "raw_average_value_size": 4096, "num_data_blocks": 30070, "num_entries": 60140, "filter_policy_name": "", "kDeletedKeys": "0", "kMergeOperands": "0"}}
2018/11/23-04:57:44.361574 7f267fc1f0 [db/flush_job.cc:371] [usertable] [JOB 3] Level-0 flush table #14: 249063791 bytes OK
2018/11/23-04:57:44.468661 7f267fc1f0 (Original Log Time 2018/11/23-04:57:44.361605) [db/memtable_list.cc:377] [usertable] Level-0 commit table #14 started
2018/11/23-04:57:44.468679 7f267fc1f0 (Original Log Time 2018/11/23-04:57:44.468293) [db/memtable_list.cc:409] [usertable] Level-0 commit table #14: memtable #1 done
2018/11/23-04:57:44.468689 7f267fc1f0 (Original Log Time 2018/11/23-04:57:44.468311) [db/memtable_list.cc:409] [usertable] Level-0 commit table #14: memtable #2 done
2018/11/23-04:57:44.468699 7f267fc1f0 (Original Log Time 2018/11/23-04:57:44.468382) EVENT_LOG_v1 {"time_micros": 1542949064468353, "job": 3, "event": "flush_finished", "output_compression": "NoCompression", "lsm_state": [2, 0, 0, 0, 0, 0, 0], "immutable_memtables": 0}
2018/11/23-04:57:44.468710 7f267fc1f0 (Original Log Time 2018/11/23-04:57:44.468528) [db/db_impl_compaction_flush.cc:177] [usertable] Level summary: base level 1 max bytes base 536870912 files[2 0 0 0 0 0 0] max score 1.00
2018/11/23-04:57:44.468760 7f267fc1f0 [db/db_impl_files.cc:347] [JOB 3] Try to delete WAL files size 248312648, prev total WAL file size 308381112, number of live WAL files 3.
2018/11/23-04:57:44.469156 7f697121f0 [WARN] [db/db_impl.cc:491] ------- DUMPING STATS -------
2018/11/23-04:57:44.469230 7f697121f0 [WARN] [db/db_impl.cc:492] 
** DB Stats **
Uptime(secs): 27.6 total, 27.6 interval
Cumulative writes: 136K writes, 136K keys, 135K commit groups, 1.0 writes per commit group, ingest: 0.53 GB, 19.56 MB/s
Cumulative WAL: 136K writes, 0 syncs, 136948.00 writes per sync, written: 0.53 GB, 19.56 MB/s
Cumulative stall: 00:00:0.000 H:M:S, 0.0 percent
Interval writes: 136K writes, 136K keys, 135K commit groups, 1.0 writes per commit group, ingest: 539.25 MB, 19.56 MB/s
Interval WAL: 136K writes, 0 syncs, 136948.00 writes per sync, written: 0.53 MB, 19.56 MB/s
Interval stall: 00:00:0.000 H:M:S, 0.0 percent

** Compaction Stats [default] **
Level    Files   Size     Score Read(GB)  Rn(GB) Rnp1(GB) Write(GB) Wnew(GB) Moved(GB) W-Amp Rd(MB/s) Wr(MB/s) Comp(sec) Comp(cnt) Avg(sec) KeyIn KeyDrop
----------------------------------------------------------------------------------------------------------------------------------------------------------
 Sum      0/0    0.00 KB   0.0      0.0     0.0      0.0       0.0      0.0       0.0   0.0      0.0      0.0         0         0    0.000       0      0
 Int      0/0    0.00 KB   0.0      0.0     0.0      0.0       0.0      0.0       0.0   0.0      0.0      0.0         0         0    0.000       0      0
Uptime(secs): 27.6 total, 27.6 interval
Flush(GB): cumulative 0.000, interval 0.000
AddFile(GB): cumulative 0.000, interval 0.000
AddFile(Total Files): cumulative 0, interval 0
AddFile(L0 Files): cumulative 0, interval 0
AddFile(Keys): cumulative 0, interval 0
Cumulative compaction: 0.00 GB write, 0.00 MB/s write, 0.00 GB read, 0.00 MB/s read, 0.0 seconds
Interval compaction: 0.00 GB write, 0.00 MB/s write, 0.00 GB read, 0.00 MB/s read, 0.0 seconds
Stalls(count): 0 level0_slowdown, 0 level0_slowdown_with_compaction, 0 level0_numfiles, 0 level0_numfiles_with_compaction, 0 stop for pending_compaction_bytes, 0 slowdown for pending_compaction_bytes, 0 memtable_compaction, 0 memtable_slowdown, interval 0 total count

** File Read Latency Histogram By Level [default] **

** Compaction Stats [usertable] **
Level    Files   Size     Score Read(GB)  Rn(GB) Rnp1(GB) Write(GB) Wnew(GB) Moved(GB) W-Amp Rd(MB/s) Wr(MB/s) Comp(sec) Comp(cnt) Avg(sec) KeyIn KeyDrop
----------------------------------------------------------------------------------------------------------------------------------------------------------
  L0      2/0   483.42 MB   1.0      0.0     0.0      0.0       0.5      0.5       0.0   1.0      0.0    123.0         4         2    1.964       0      0
 Sum      2/0   483.42 MB   0.0      0.0     0.0      0.0       0.5      0.5       0.0   1.0      0.0    123.0         4         2    1.964       0      0
 Int      0/0    0.00 KB   0.0      0.0     0.0      0.0       0.5      0.5       0.0   1.0      0.0    123.0         4         2    1.964       0      0
Uptime(secs): 27.5 total, 27.5 interval
Flush(GB): cumulative 0.472, interval 0.472
AddFile(GB): cumulative 0.000, interval 0.000
AddFile(Total Files): cumulative 0, interval 0
AddFile(L0 Files): cumulative 0, interval 0
AddFile(Keys): cumulative 0, interval 0
Cumulative compaction: 0.47 GB write, 17.59 MB/s write, 0.00 GB read, 0.00 MB/s read, 3.9 seconds
Interval compaction: 0.47 GB write, 17.59 MB/s write, 0.00 GB read, 0.00 MB/s read, 3.9 seconds
Stalls(count): 0 level0_slowdown, 0 level0_slowdown_with_compaction, 0 level0_numfiles, 0 level0_numfiles_with_compaction, 0 stop for pending_compaction_bytes, 0 slowdown for pending_compaction_bytes, 0 memtable_compaction, 0 memtable_slowdown, interval 0 total count

** File Read Latency Histogram By Level [usertable] **

** Compaction Stats [default] **
Level    Files   Size     Score Read(GB)  Rn(GB) Rnp1(GB) Write(GB) Wnew(GB) Moved(GB) W-Amp Rd(MB/s) Wr(MB/s) Comp(sec) Comp(cnt) Avg(sec) KeyIn KeyDrop
----------------------------------------------------------------------------------------------------------------------------------------------------------
 Sum      0/0    0.00 KB   0.0      0.0     0.0      0.0       0.0      0.0       0.0   0.0      0.0      0.0         0         0    0.000       0      0
 Int      0/0    0.00 KB   0.0      0.0     0.0      0.0       0.0      0.0       0.0   0.0      0.0      0.0         0         0    0.000       0      0
Uptime(secs): 27.6 total, 0.0 interval
Flush(GB): cumulative 0.000, interval 0.000
AddFile(GB): cumulative 0.000, interval 0.000
AddFile(Total Files): cumulative 0, interval 0
AddFile(L0 Files): cumulative 0, interval 0
AddFile(Keys): cumulative 0, interval 0
Cumulative compaction: 0.00 GB write, 0.00 MB/s write, 0.00 GB read, 0.00 MB/s read, 0.0 seconds
Interval compaction: 0.00 GB write, 0.00 MB/s write, 0.00 GB read, 0.00 MB/s read, 0.0 seconds
Stalls(count): 0 level0_slowdown, 0 level0_slowdown_with_compaction, 0 level0_numfiles, 0 level0_numfiles_with_compaction, 0 stop for pending_compaction_bytes, 0 slowdown for pending_compaction_bytes, 0 memtable_compaction, 0 memtable_slowdown, interval 0 total count

** File Read Latency Histogram By Level [default] **

** Compaction Stats [usertable] **
Level    Files   Size     Score Read(GB)  Rn(GB) Rnp1(GB) Write(GB) Wnew(GB) Moved(GB) W-Amp Rd(MB/s) Wr(MB/s) Comp(sec) Comp(cnt) Avg(sec) KeyIn KeyDrop
----------------------------------------------------------------------------------------------------------------------------------------------------------
  L0      2/0   483.42 MB   1.0      0.0     0.0      0.0       0.5      0.5       0.0   1.0      0.0    123.0         4         2    1.964       0      0
 Sum      2/0   483.42 MB   0.0      0.0     0.0      0.0       0.5      0.5       0.0   1.0      0.0    123.0         4         2    1.964       0      0
 Int      0/0    0.00 KB   0.0      0.0     0.0      0.0       0.0      0.0       0.0   0.0      0.0      0.0         0         0    0.000       0      0
Uptime(secs): 27.5 total, 0.0 interval
Flush(GB): cumulative 0.472, interval 0.000
AddFile(GB): cumulative 0.000, interval 0.000
AddFile(Total Files): cumulative 0, interval 0
AddFile(L0 Files): cumulative 0, interval 0
AddFile(Keys): cumulative 0, interval 0
Cumulative compaction: 0.47 GB write, 17.59 MB/s write, 0.00 GB read, 0.00 MB/s read, 3.9 seconds
Interval compaction: 0.00 GB write, 0.00 MB/s write, 0.00 GB read, 0.00 MB/s read, 0.0 seconds
Stalls(count): 0 level0_slowdown, 0 level0_slowdown_with_compaction, 0 level0_numfiles, 0 level0_numfiles_with_compaction, 0 stop for pending_compaction_bytes, 0 slowdown for pending_compaction_bytes, 0 memtable_compaction, 0 memtable_slowdown, interval 0 total count

** File Read Latency Histogram By Level [usertable] **
2018/11/23-04:57:44.578355 7f697121f0 (Original Log Time 2018/11/23-04:57:44.469602) [db/db_impl_compaction_flush.cc:1835] [usertable] Moving #11 to level-1 257835255 bytes
2018/11/23-04:57:44.578375 7f697121f0 (Original Log Time 2018/11/23-04:57:44.578133) EVENT_LOG_v1 {"time_micros": 1542949064578087, "job": 4, "event": "trivial_move", "destination_level": 1, "files": 1, "total_files_size": 257835255}
2018/11/23-04:57:44.578386 7f697121f0 (Original Log Time 2018/11/23-04:57:44.578180) [db/db_impl_compaction_flush.cc:1864] [usertable] Moved #1 files to level-1 257835255 bytes OK: base level 1 max bytes base 536870912 files[1 1 0 0 0 0 0] max score 0.50
2018/11/23-04:57:47.589503 7f6a1af1f0 [db/db_impl_write.cc:1373] [usertable] New memtable created with log file: #15. Immutable memtables: 0.
2018/11/23-04:57:53.583533 7f6a1af1f0 [db/db_impl_write.cc:1373] [usertable] New memtable created with log file: #16. Immutable memtables: 1.
2018/11/23-04:57:53.583819 7f257fa1f0 [db/db_impl_compaction_flush.cc:80] [JOB 5] Syncing log #13
2018/11/23-04:57:54.186652 7f257fa1f0 [db/db_impl_compaction_flush.cc:80] [JOB 5] Syncing log #15
2018/11/23-04:57:55.237460 7f257fa1f0 (Original Log Time 2018/11/23-04:57:53.583785) [db/db_impl_compaction_flush.cc:1424] Calling FlushMemTableToOutputFile with column family [usertable], flush slots available 6, compaction slots available 1, flush slots scheduled 1, compaction slots scheduled 0
2018/11/23-04:57:55.237502 7f257fa1f0 [db/flush_job.cc:301] [usertable] [JOB 5] Flushing memtable with next log file: 15
2018/11/23-04:57:55.237527 7f257fa1f0 [db/flush_job.cc:301] [usertable] [JOB 5] Flushing memtable with next log file: 16
2018/11/23-04:57:55.237701 7f257fa1f0 EVENT_LOG_v1 {"time_micros": 1542949075237671, "job": 5, "event": "flush_started", "num_memtables": 2, "num_entries": 60120, "num_deletes": 0, "memory_usage": 249161400, "flush_reason": "Write Buffer Full"}
2018/11/23-04:57:55.237729 7f257fa1f0 [db/flush_job.cc:331] [usertable] [JOB 5] Level-0 flush table #17: started
2018/11/23-04:57:57.590163 7f257fa1f0 EVENT_LOG_v1 {"time_micros": 1542949077590064, "cf_name": "usertable", "job": 5, "event": "table_file_creation", "file_number": 17, "file_size": 248980963, "table_properties": {"data_size": 247874760, "index_size": 1105276, "filter_size": 0, "raw_key_size": 1442880, "raw_average_key_size": 24, "raw_value_size": 246251520, "raw_average_value_size": 4096, "num_data_blocks": 30060, "num_entries": 60120, "filter_policy_name": "", "kDeletedKeys": "0", "kMergeOperands": "0"}}
2018/11/23-04:57:57.590248 7f257fa1f0 [db/flush_job.cc:371] [usertable] [JOB 5] Level-0 flush table #17: 248980963 bytes OK
2018/11/23-04:57:57.755798 7f257fa1f0 (Original Log Time 2018/11/23-04:57:57.590293) [db/memtable_list.cc:377] [usertable] Level-0 commit table #17 started
2018/11/23-04:57:57.755817 7f257fa1f0 (Original Log Time 2018/11/23-04:57:57.755367) [db/memtable_list.cc:409] [usertable] Level-0 commit table #17: memtable #1 done
2018/11/23-04:57:57.755827 7f257fa1f0 (Original Log Time 2018/11/23-04:57:57.755385) [db/memtable_list.cc:409] [usertable] Level-0 commit table #17: memtable #2 done
2018/11/23-04:57:57.755838 7f257fa1f0 (Original Log Time 2018/11/23-04:57:57.755459) EVENT_LOG_v1 {"time_micros": 1542949077755428, "job": 5, "event": "flush_finished", "output_compression": "NoCompression", "lsm_state": [2, 1, 0, 0, 0, 0, 0], "immutable_memtables": 0}
2018/11/23-04:57:57.755848 7f257fa1f0 (Original Log Time 2018/11/23-04:57:57.755704) [db/db_impl_compaction_flush.cc:177] [usertable] Level summary: base level 1 max bytes base 536870912 files[2 1 0 0 0 0 0] max score 1.00
2018/11/23-04:57:57.755894 7f257fa1f0 [db/db_impl_files.cc:347] [JOB 5] Try to delete WAL files size 248234112, prev total WAL file size 334374283, number of live WAL files 3.
2018/11/23-04:57:57.900502 7f27fff1f0 (Original Log Time 2018/11/23-04:57:57.755881) [db/db_impl_compaction_flush.cc:1835] [usertable] Moving #14 to level-1 249063791 bytes
2018/11/23-04:57:57.900512 7f27fff1f0 (Original Log Time 2018/11/23-04:57:57.900415) EVENT_LOG_v1 {"time_micros": 1542949077900396, "job": 6, "event": "trivial_move", "destination_level": 1, "files": 1, "total_files_size": 249063791}
