2018/11/23-01:15:51.354420 7f8816f1f0 RocksDB version: 5.14.3
2018/11/23-01:15:51.354635 7f8816f1f0 Git sha rocksdb_build_git_sha:
2018/11/23-01:15:51.354642 7f8816f1f0 Compile date Nov 22 2018
2018/11/23-01:15:51.354652 7f8816f1f0 DB SUMMARY
2018/11/23-01:15:51.355725 7f8816f1f0 CURRENT file:  CURRENT
2018/11/23-01:15:51.355738 7f8816f1f0 IDENTITY file:  IDENTITY
2018/11/23-01:15:51.355766 7f8816f1f0 MANIFEST file:  MANIFEST-000004 size: 111385 Bytes
2018/11/23-01:15:51.355773 7f8816f1f0 SST files in /mnt/sda/ycsb-rocksdb-data dir, Total Num: 624, files: 000021.sst 000022.sst 000023.sst 000025.sst 000028.sst 000029.sst 000030.sst 000032.sst 000035.sst 
2018/11/23-01:15:51.355777 7f8816f1f0 Write Ahead Log file in /mnt/sda/ycsb-rocksdb-data: 001135.log size: 122905305 ; 001137.log size: 129292345 ; 001139.log size: 35214953 ; 
2018/11/23-01:15:51.355790 7f8816f1f0                         Options.error_if_exists: 0
2018/11/23-01:15:51.355794 7f8816f1f0                       Options.create_if_missing: 1
2018/11/23-01:15:51.355798 7f8816f1f0                         Options.paranoid_checks: 1
2018/11/23-01:15:51.355801 7f8816f1f0                                     Options.env: 0x7f43ff8f70
2018/11/23-01:15:51.355805 7f8816f1f0                                Options.info_log: 0x7f443d3d70
2018/11/23-01:15:51.355807 7f8816f1f0                Options.max_file_opening_threads: 16
2018/11/23-01:15:51.355810 7f8816f1f0                              Options.statistics: (nil)
2018/11/23-01:15:51.355813 7f8816f1f0                               Options.use_fsync: 0
2018/11/23-01:15:51.355816 7f8816f1f0                       Options.max_log_file_size: 0
2018/11/23-01:15:51.355819 7f8816f1f0                  Options.max_manifest_file_size: 18446744073709551615
2018/11/23-01:15:51.355822 7f8816f1f0                   Options.log_file_time_to_roll: 0
2018/11/23-01:15:51.355825 7f8816f1f0                       Options.keep_log_file_num: 1000
2018/11/23-01:15:51.355828 7f8816f1f0                    Options.recycle_log_file_num: 0
2018/11/23-01:15:51.355831 7f8816f1f0                         Options.allow_fallocate: 1
2018/11/23-01:15:51.355834 7f8816f1f0                        Options.allow_mmap_reads: 0
2018/11/23-01:15:51.355837 7f8816f1f0                       Options.allow_mmap_writes: 0
2018/11/23-01:15:51.355840 7f8816f1f0                        Options.use_direct_reads: 0
2018/11/23-01:15:51.355843 7f8816f1f0                        Options.use_direct_io_for_flush_and_compaction: 0
2018/11/23-01:15:51.355845 7f8816f1f0          Options.create_missing_column_families: 1
2018/11/23-01:15:51.355848 7f8816f1f0                              Options.db_log_dir: 
2018/11/23-01:15:51.355851 7f8816f1f0                                 Options.wal_dir: /mnt/sda/ycsb-rocksdb-data
2018/11/23-01:15:51.355854 7f8816f1f0                Options.table_cache_numshardbits: 6
2018/11/23-01:15:51.355857 7f8816f1f0                      Options.max_subcompactions: 4
2018/11/23-01:15:51.355860 7f8816f1f0                  Options.max_background_flushes: 6
2018/11/23-01:15:51.355863 7f8816f1f0                         Options.WAL_ttl_seconds: 0
2018/11/23-01:15:51.355866 7f8816f1f0                       Options.WAL_size_limit_MB: 0
2018/11/23-01:15:51.355869 7f8816f1f0             Options.manifest_preallocation_size: 4194304
2018/11/23-01:15:51.355871 7f8816f1f0                     Options.is_fd_close_on_exec: 1
2018/11/23-01:15:51.355874 7f8816f1f0                   Options.advise_random_on_open: 1
2018/11/23-01:15:51.355878 7f8816f1f0                    Options.db_write_buffer_size: 0
2018/11/23-01:15:51.355881 7f8816f1f0                    Options.write_buffer_manager: 0x7f443d3cd0
2018/11/23-01:15:51.355884 7f8816f1f0         Options.access_hint_on_compaction_start: 1
2018/11/23-01:15:51.355887 7f8816f1f0  Options.new_table_reader_for_compaction_inputs: 0
2018/11/23-01:15:51.355889 7f8816f1f0           Options.random_access_max_buffer_size: 1048576
2018/11/23-01:15:51.355892 7f8816f1f0                      Options.use_adaptive_mutex: 0
2018/11/23-01:15:51.355895 7f8816f1f0                            Options.rate_limiter: (nil)
2018/11/23-01:15:51.355934 7f8816f1f0     Options.sst_file_manager.rate_bytes_per_sec: 0
2018/11/23-01:15:51.355939 7f8816f1f0                       Options.wal_recovery_mode: 2
2018/11/23-01:15:51.355942 7f8816f1f0                  Options.enable_thread_tracking: 0
2018/11/23-01:15:51.355944 7f8816f1f0                  Options.enable_pipelined_write: 1
2018/11/23-01:15:51.355947 7f8816f1f0         Options.allow_concurrent_memtable_write: 1
2018/11/23-01:15:51.355950 7f8816f1f0      Options.enable_write_thread_adaptive_yield: 1
2018/11/23-01:15:51.355953 7f8816f1f0             Options.write_thread_max_yield_usec: 100
2018/11/23-01:15:51.355956 7f8816f1f0            Options.write_thread_slow_yield_usec: 3
2018/11/23-01:15:51.355959 7f8816f1f0                               Options.row_cache: None
2018/11/23-01:15:51.355961 7f8816f1f0                              Options.wal_filter: None
2018/11/23-01:15:51.355964 7f8816f1f0             Options.avoid_flush_during_recovery: 0
2018/11/23-01:15:51.355968 7f8816f1f0             Options.allow_ingest_behind: 0
2018/11/23-01:15:51.355971 7f8816f1f0             Options.preserve_deletes: 0
2018/11/23-01:15:51.355973 7f8816f1f0             Options.two_write_queues: 0
2018/11/23-01:15:51.355976 7f8816f1f0             Options.manual_wal_flush: 0
2018/11/23-01:15:51.355981 7f8816f1f0             Options.max_background_jobs: 6
2018/11/23-01:15:51.355985 7f8816f1f0             Options.max_background_compactions: 6
2018/11/23-01:15:51.355988 7f8816f1f0             Options.avoid_flush_during_shutdown: 0
2018/11/23-01:15:51.355990 7f8816f1f0           Options.writable_file_max_buffer_size: 1048576
2018/11/23-01:15:51.355993 7f8816f1f0             Options.delayed_write_rate : 16777216
2018/11/23-01:15:51.355996 7f8816f1f0             Options.max_total_wal_size: 0
2018/11/23-01:15:51.355999 7f8816f1f0             Options.delete_obsolete_files_period_micros: 21600000000
2018/11/23-01:15:51.356002 7f8816f1f0                   Options.stats_dump_period_sec: 60
2018/11/23-01:15:51.356004 7f8816f1f0                          Options.max_open_files: -1
2018/11/23-01:15:51.356007 7f8816f1f0                          Options.bytes_per_sync: 1048576
2018/11/23-01:15:51.356010 7f8816f1f0                      Options.wal_bytes_per_sync: 0
2018/11/23-01:15:51.356013 7f8816f1f0       Options.compaction_readahead_size: 0
2018/11/23-01:15:51.356015 7f8816f1f0 Compression algorithms supported:
2018/11/23-01:15:51.356019 7f8816f1f0 	kZSTDNotFinalCompression supported: 1
2018/11/23-01:15:51.356055 7f8816f1f0 	kZSTD supported: 1
2018/11/23-01:15:51.356061 7f8816f1f0 	kXpressCompression supported: 0
2018/11/23-01:15:51.356064 7f8816f1f0 	kLZ4HCCompression supported: 1
2018/11/23-01:15:51.356067 7f8816f1f0 	kLZ4Compression supported: 1
2018/11/23-01:15:51.356070 7f8816f1f0 	kBZip2Compression supported: 1
2018/11/23-01:15:51.356073 7f8816f1f0 	kZlibCompression supported: 1
2018/11/23-01:15:51.356076 7f8816f1f0 	kSnappyCompression supported: 1
2018/11/23-01:15:51.356085 7f8816f1f0 Fast CRC32 supported: Not supported on x86
2018/11/23-01:15:51.356835 7f8816f1f0 [db/version_set.cc:3085] Recovering from manifest file: MANIFEST-000004
2018/11/23-01:15:51.357054 7f8816f1f0 [db/column_family.cc:475] --------------- Options for column family [default]:
2018/11/23-01:15:51.357062 7f8816f1f0               Options.comparator: leveldb.BytewiseComparator
2018/11/23-01:15:51.357066 7f8816f1f0           Options.merge_operator: None
2018/11/23-01:15:51.357069 7f8816f1f0        Options.compaction_filter: None
2018/11/23-01:15:51.357072 7f8816f1f0        Options.compaction_filter_factory: None
2018/11/23-01:15:51.357075 7f8816f1f0         Options.memtable_factory: SkipListFactory
2018/11/23-01:15:51.357078 7f8816f1f0            Options.table_factory: BlockBasedTable
2018/11/23-01:15:51.357126 7f8816f1f0            table_factory options:   flush_block_policy_factory: FlushBlockBySizePolicyFactory (0x7f4439f6b0)
  cache_index_and_filter_blocks: 0
  cache_index_and_filter_blocks_with_high_priority: 0
  pin_l0_filter_and_index_blocks_in_cache: 0
  index_type: 0
  hash_index_allow_collision: 1
  checksum: 1
  no_block_cache: 0
  block_cache: 0x7f443a4f70
  block_cache_name: LRUCache
  block_cache_options:
    capacity : 8388608
    num_shard_bits : 4
    strict_capacity_limit : 0
    high_pri_pool_ratio: 0.000
  block_cache_compressed: (nil)
  persistent_cache: (nil)
  block_size: 8192
  block_size_deviation: 10
  block_restart_interval: 16
  index_block_restart_interval: 1
  metadata_block_size: 4096
  partition_filters: 0
  use_delta_encoding: 1
  filter_policy: nullptr
  whole_key_filtering: 1
  verify_compression: 0
  read_amp_bytes_per_bit: 0
  format_version: 2
  enable_index_compression: 1
  block_align: 0
2018/11/23-01:15:51.357161 7f8816f1f0        Options.write_buffer_size: 134217728
2018/11/23-01:15:51.357167 7f8816f1f0  Options.max_write_buffer_number: 24
2018/11/23-01:15:51.357170 7f8816f1f0        Options.compression[0]: NoCompression
2018/11/23-01:15:51.357173 7f8816f1f0        Options.compression[1]: NoCompression
2018/11/23-01:15:51.357176 7f8816f1f0        Options.compression[2]: LZ4
2018/11/23-01:15:51.357179 7f8816f1f0        Options.compression[3]: LZ4
2018/11/23-01:15:51.357182 7f8816f1f0        Options.compression[4]: LZ4
2018/11/23-01:15:51.357185 7f8816f1f0        Options.compression[5]: LZ4
2018/11/23-01:15:51.357188 7f8816f1f0        Options.compression[6]: LZ4
2018/11/23-01:15:51.357191 7f8816f1f0                  Options.bottommost_compression: Disabled
2018/11/23-01:15:51.357193 7f8816f1f0       Options.prefix_extractor: nullptr
2018/11/23-01:15:51.357196 7f8816f1f0   Options.memtable_insert_with_hint_prefix_extractor: nullptr
2018/11/23-01:15:51.357199 7f8816f1f0             Options.num_levels: 7
2018/11/23-01:15:51.357202 7f8816f1f0        Options.min_write_buffer_number_to_merge: 2
2018/11/23-01:15:51.357205 7f8816f1f0     Options.max_write_buffer_number_to_maintain: 0
2018/11/23-01:15:51.357208 7f8816f1f0            Options.compression_opts.window_bits: -14
2018/11/23-01:15:51.357211 7f8816f1f0                  Options.compression_opts.level: -1
2018/11/23-01:15:51.357213 7f8816f1f0               Options.compression_opts.strategy: 0
2018/11/23-01:15:51.357216 7f8816f1f0         Options.compression_opts.max_dict_bytes: 0
2018/11/23-01:15:51.357219 7f8816f1f0         Options.compression_opts.zstd_max_train_bytes: 0
2018/11/23-01:15:51.357222 7f8816f1f0      Options.level0_file_num_compaction_trigger: 2
2018/11/23-01:15:51.357224 7f8816f1f0          Options.level0_slowdown_writes_trigger: 20
2018/11/23-01:15:51.357227 7f8816f1f0              Options.level0_stop_writes_trigger: 36
2018/11/23-01:15:51.357229 7f8816f1f0                   Options.target_file_size_base: 67108864
2018/11/23-01:15:51.357232 7f8816f1f0             Options.target_file_size_multiplier: 1
2018/11/23-01:15:51.357235 7f8816f1f0                Options.max_bytes_for_level_base: 536870912
2018/11/23-01:15:51.357238 7f8816f1f0 Options.level_compaction_dynamic_level_bytes: 0
2018/11/23-01:15:51.357241 7f8816f1f0          Options.max_bytes_for_level_multiplier: 10.000000
2018/11/23-01:15:51.357247 7f8816f1f0 Options.max_bytes_for_level_multiplier_addtl[0]: 1
2018/11/23-01:15:51.357250 7f8816f1f0 Options.max_bytes_for_level_multiplier_addtl[1]: 1
2018/11/23-01:15:51.357253 7f8816f1f0 Options.max_bytes_for_level_multiplier_addtl[2]: 1
2018/11/23-01:15:51.357256 7f8816f1f0 Options.max_bytes_for_level_multiplier_addtl[3]: 1
2018/11/23-01:15:51.357258 7f8816f1f0 Options.max_bytes_for_level_multiplier_addtl[4]: 1
2018/11/23-01:15:51.357261 7f8816f1f0 Options.max_bytes_for_level_multiplier_addtl[5]: 1
2018/11/23-01:15:51.357264 7f8816f1f0 Options.max_bytes_for_level_multiplier_addtl[6]: 1
2018/11/23-01:15:51.357267 7f8816f1f0       Options.max_sequential_skip_in_iterations: 8
2018/11/23-01:15:51.357269 7f8816f1f0                    Options.max_compaction_bytes: 1677721600
2018/11/23-01:15:51.357272 7f8816f1f0                        Options.arena_block_size: 16777216
2018/11/23-01:15:51.357275 7f8816f1f0   Options.soft_pending_compaction_bytes_limit: 68719476736
2018/11/23-01:15:51.357292 7f8816f1f0   Options.hard_pending_compaction_bytes_limit: 274877906944
2018/11/23-01:15:51.357296 7f8816f1f0       Options.rate_limit_delay_max_milliseconds: 100
2018/11/23-01:15:51.357299 7f8816f1f0                Options.disable_auto_compactions: 0
2018/11/23-01:15:51.357304 7f8816f1f0                        Options.compaction_style: kCompactionStyleLevel
2018/11/23-01:15:51.357308 7f8816f1f0                          Options.compaction_pri: kByCompensatedSize
2018/11/23-01:15:51.357311 7f8816f1f0 Options.compaction_options_universal.size_ratio: 1
2018/11/23-01:15:51.357315 7f8816f1f0 Options.compaction_options_universal.min_merge_width: 2
2018/11/23-01:15:51.357317 7f8816f1f0 Options.compaction_options_universal.max_merge_width: 4294967295
2018/11/23-01:15:51.357320 7f8816f1f0 Options.compaction_options_universal.max_size_amplification_percent: 200
2018/11/23-01:15:51.357323 7f8816f1f0 Options.compaction_options_universal.compression_size_percent: -1
2018/11/23-01:15:51.357327 7f8816f1f0 Options.compaction_options_universal.stop_style: kCompactionStopStyleTotalSize
2018/11/23-01:15:51.357331 7f8816f1f0 Options.compaction_options_fifo.max_table_files_size: 1073741824
2018/11/23-01:15:51.357334 7f8816f1f0 Options.compaction_options_fifo.allow_compaction: 0
2018/11/23-01:15:51.357336 7f8816f1f0 Options.compaction_options_fifo.ttl: 0
2018/11/23-01:15:51.357339 7f8816f1f0                   Options.table_properties_collectors: 
2018/11/23-01:15:51.357342 7f8816f1f0                   Options.inplace_update_support: 0
2018/11/23-01:15:51.357345 7f8816f1f0                 Options.inplace_update_num_locks: 10000
2018/11/23-01:15:51.357348 7f8816f1f0               Options.memtable_prefix_bloom_size_ratio: 0.000000
2018/11/23-01:15:51.357352 7f8816f1f0   Options.memtable_huge_page_size: 0
2018/11/23-01:15:51.357354 7f8816f1f0                           Options.bloom_locality: 0
2018/11/23-01:15:51.357357 7f8816f1f0                    Options.max_successive_merges: 0
2018/11/23-01:15:51.357360 7f8816f1f0                Options.optimize_filters_for_hits: 0
2018/11/23-01:15:51.357362 7f8816f1f0                Options.paranoid_file_checks: 0
2018/11/23-01:15:51.357365 7f8816f1f0                Options.force_consistency_checks: 0
2018/11/23-01:15:51.357368 7f8816f1f0                Options.report_bg_io_stats: 0
2018/11/23-01:15:51.357371 7f8816f1f0                               Options.ttl: 0
2018/11/23-01:15:51.358092 7f8816f1f0 [db/column_family.cc:475] --------------- Options for column family [usertable]:
2018/11/23-01:15:51.358105 7f8816f1f0               Options.comparator: leveldb.BytewiseComparator
2018/11/23-01:15:51.358108 7f8816f1f0           Options.merge_operator: None
2018/11/23-01:15:51.358112 7f8816f1f0        Options.compaction_filter: None
2018/11/23-01:15:51.358114 7f8816f1f0        Options.compaction_filter_factory: None
2018/11/23-01:15:51.358117 7f8816f1f0         Options.memtable_factory: SkipListFactory
2018/11/23-01:15:51.358120 7f8816f1f0            Options.table_factory: BlockBasedTable
2018/11/23-01:15:51.358163 7f8816f1f0            table_factory options:   flush_block_policy_factory: FlushBlockBySizePolicyFactory (0x7f443a06e0)
  cache_index_and_filter_blocks: 0
  cache_index_and_filter_blocks_with_high_priority: 0
  pin_l0_filter_and_index_blocks_in_cache: 0
  index_type: 0
  hash_index_allow_collision: 1
  checksum: 1
  no_block_cache: 0
  block_cache: 0x7f443a7d10
  block_cache_name: LRUCache
  block_cache_options:
    capacity : 8388608
    num_shard_bits : 4
    strict_capacity_limit : 0
    high_pri_pool_ratio: 0.000
  block_cache_compressed: (nil)
  persistent_cache: (nil)
  block_size: 8192
  block_size_deviation: 10
  block_restart_interval: 16
  index_block_restart_interval: 1
  metadata_block_size: 4096
  partition_filters: 0
  use_delta_encoding: 1
  filter_policy: nullptr
  whole_key_filtering: 1
  verify_compression: 0
  read_amp_bytes_per_bit: 0
  format_version: 2
  enable_index_compression: 1
  block_align: 0
2018/11/23-01:15:51.358168 7f8816f1f0        Options.write_buffer_size: 134217728
2018/11/23-01:15:51.358197 7f8816f1f0  Options.max_write_buffer_number: 24
2018/11/23-01:15:51.358203 7f8816f1f0        Options.compression[0]: NoCompression
2018/11/23-01:15:51.358206 7f8816f1f0        Options.compression[1]: NoCompression
2018/11/23-01:15:51.358209 7f8816f1f0        Options.compression[2]: LZ4
2018/11/23-01:15:51.358212 7f8816f1f0        Options.compression[3]: LZ4
2018/11/23-01:15:51.358214 7f8816f1f0        Options.compression[4]: LZ4
2018/11/23-01:15:51.358217 7f8816f1f0        Options.compression[5]: LZ4
2018/11/23-01:15:51.358220 7f8816f1f0        Options.compression[6]: LZ4
2018/11/23-01:15:51.358223 7f8816f1f0                  Options.bottommost_compression: Disabled
2018/11/23-01:15:51.358226 7f8816f1f0       Options.prefix_extractor: nullptr
2018/11/23-01:15:51.358229 7f8816f1f0   Options.memtable_insert_with_hint_prefix_extractor: nullptr
2018/11/23-01:15:51.358232 7f8816f1f0             Options.num_levels: 7
2018/11/23-01:15:51.358234 7f8816f1f0        Options.min_write_buffer_number_to_merge: 2
2018/11/23-01:15:51.358237 7f8816f1f0     Options.max_write_buffer_number_to_maintain: 0
2018/11/23-01:15:51.358240 7f8816f1f0            Options.compression_opts.window_bits: -14
2018/11/23-01:15:51.358243 7f8816f1f0                  Options.compression_opts.level: -1
2018/11/23-01:15:51.358245 7f8816f1f0               Options.compression_opts.strategy: 0
2018/11/23-01:15:51.358248 7f8816f1f0         Options.compression_opts.max_dict_bytes: 0
2018/11/23-01:15:51.358251 7f8816f1f0         Options.compression_opts.zstd_max_train_bytes: 0
2018/11/23-01:15:51.358253 7f8816f1f0      Options.level0_file_num_compaction_trigger: 2
2018/11/23-01:15:51.358256 7f8816f1f0          Options.level0_slowdown_writes_trigger: 20
2018/11/23-01:15:51.358259 7f8816f1f0              Options.level0_stop_writes_trigger: 36
2018/11/23-01:15:51.358262 7f8816f1f0                   Options.target_file_size_base: 67108864
2018/11/23-01:15:51.358265 7f8816f1f0             Options.target_file_size_multiplier: 1
2018/11/23-01:15:51.358267 7f8816f1f0                Options.max_bytes_for_level_base: 536870912
2018/11/23-01:15:51.358270 7f8816f1f0 Options.level_compaction_dynamic_level_bytes: 0
2018/11/23-01:15:51.358273 7f8816f1f0          Options.max_bytes_for_level_multiplier: 10.000000
2018/11/23-01:15:51.358278 7f8816f1f0 Options.max_bytes_for_level_multiplier_addtl[0]: 1
2018/11/23-01:15:51.358281 7f8816f1f0 Options.max_bytes_for_level_multiplier_addtl[1]: 1
2018/11/23-01:15:51.358284 7f8816f1f0 Options.max_bytes_for_level_multiplier_addtl[2]: 1
2018/11/23-01:15:51.358287 7f8816f1f0 Options.max_bytes_for_level_multiplier_addtl[3]: 1
2018/11/23-01:15:51.358289 7f8816f1f0 Options.max_bytes_for_level_multiplier_addtl[4]: 1
2018/11/23-01:15:51.358292 7f8816f1f0 Options.max_bytes_for_level_multiplier_addtl[5]: 1
2018/11/23-01:15:51.358295 7f8816f1f0 Options.max_bytes_for_level_multiplier_addtl[6]: 1
2018/11/23-01:15:51.358298 7f8816f1f0       Options.max_sequential_skip_in_iterations: 8
2018/11/23-01:15:51.358300 7f8816f1f0                    Options.max_compaction_bytes: 1677721600
2018/11/23-01:15:51.358303 7f8816f1f0                        Options.arena_block_size: 16777216
2018/11/23-01:15:51.358306 7f8816f1f0   Options.soft_pending_compaction_bytes_limit: 68719476736
2018/11/23-01:15:51.358309 7f8816f1f0   Options.hard_pending_compaction_bytes_limit: 274877906944
2018/11/23-01:15:51.358312 7f8816f1f0       Options.rate_limit_delay_max_milliseconds: 100
2018/11/23-01:15:51.358314 7f8816f1f0                Options.disable_auto_compactions: 0
2018/11/23-01:15:51.358318 7f8816f1f0                        Options.compaction_style: kCompactionStyleLevel
2018/11/23-01:15:51.358322 7f8816f1f0                          Options.compaction_pri: kByCompensatedSize
2018/11/23-01:15:51.358325 7f8816f1f0 Options.compaction_options_universal.size_ratio: 1
2018/11/23-01:15:51.358328 7f8816f1f0 Options.compaction_options_universal.min_merge_width: 2
2018/11/23-01:15:51.358330 7f8816f1f0 Options.compaction_options_universal.max_merge_width: 4294967295
2018/11/23-01:15:51.358347 7f8816f1f0 Options.compaction_options_universal.max_size_amplification_percent: 200
2018/11/23-01:15:51.358352 7f8816f1f0 Options.compaction_options_universal.compression_size_percent: -1
2018/11/23-01:15:51.358356 7f8816f1f0 Options.compaction_options_universal.stop_style: kCompactionStopStyleTotalSize
2018/11/23-01:15:51.358359 7f8816f1f0 Options.compaction_options_fifo.max_table_files_size: 1073741824
2018/11/23-01:15:51.358362 7f8816f1f0 Options.compaction_options_fifo.allow_compaction: 0
2018/11/23-01:15:51.358365 7f8816f1f0 Options.compaction_options_fifo.ttl: 0
2018/11/23-01:15:51.358368 7f8816f1f0                   Options.table_properties_collectors: 
2018/11/23-01:15:51.358370 7f8816f1f0                   Options.inplace_update_support: 0
2018/11/23-01:15:51.358373 7f8816f1f0                 Options.inplace_update_num_locks: 10000
2018/11/23-01:15:51.358376 7f8816f1f0               Options.memtable_prefix_bloom_size_ratio: 0.000000
2018/11/23-01:15:51.358379 7f8816f1f0   Options.memtable_huge_page_size: 0
2018/11/23-01:15:51.358382 7f8816f1f0                           Options.bloom_locality: 0
2018/11/23-01:15:51.358385 7f8816f1f0                    Options.max_successive_merges: 0
2018/11/23-01:15:51.358388 7f8816f1f0                Options.optimize_filters_for_hits: 0
2018/11/23-01:15:51.358391 7f8816f1f0                Options.paranoid_file_checks: 0
2018/11/23-01:15:51.358393 7f8816f1f0                Options.force_consistency_checks: 0
2018/11/23-01:15:51.358396 7f8816f1f0                Options.report_bg_io_stats: 0
2018/11/23-01:15:51.358399 7f8816f1f0                               Options.ttl: 0
2018/11/23-01:15:51.851426 7f8816f1f0 [db/version_set.cc:3361] Recovered from manifest file:/mnt/sda/ycsb-rocksdb-data/MANIFEST-000004 succeeded,manifest_file_number is 4, next_file_number is 1140, last_sequence is 10428880, log_number is 0,prev_log_number is 0,max_column_family is 1,min_log_number_to_keep is 0
2018/11/23-01:15:51.851457 7f8816f1f0 [db/version_set.cc:3369] Column family [default] (ID 0), log number is 0
2018/11/23-01:15:51.851462 7f8816f1f0 [db/version_set.cc:3369] Column family [usertable] (ID 1), log number is 1135
2018/11/23-01:15:51.855317 7f8816f1f0 EVENT_LOG_v1 {"time_micros": 1542935751855285, "job": 1, "event": "recovery_started", "log_files": [1135, 1137, 1139]}
2018/11/23-01:15:51.855351 7f8816f1f0 [db/db_impl_open.cc:551] Recovering log #1135 mode 2
2018/11/23-01:15:52.435942 7f8816f1f0 [db/db_impl_open.cc:551] Recovering log #1137 mode 2
2018/11/23-01:15:53.138501 7f8816f1f0 EVENT_LOG_v1 {"time_micros": 1542935753138447, "cf_name": "usertable", "job": 1, "event": "table_file_creation", "file_number": 1140, "file_size": 129935456, "table_properties": {"data_size": 129354379, "index_size": 580155, "filter_size": 0, "raw_key_size": 752952, "raw_average_key_size": 24, "raw_value_size": 128503808, "raw_average_value_size": 4096, "num_data_blocks": 15687, "num_entries": 31373, "filter_policy_name": "", "kDeletedKeys": "0", "kMergeOperands": "0"}}
2018/11/23-01:15:53.709008 7f8816f1f0 [db/db_impl_open.cc:551] Recovering log #1139 mode 2
2018/11/23-01:15:54.821873 7f8816f1f0 EVENT_LOG_v1 {"time_micros": 1542935754821774, "cf_name": "usertable", "job": 1, "event": "table_file_creation", "file_number": 1141, "file_size": 129928484, "table_properties": {"data_size": 129350893, "index_size": 576669, "filter_size": 0, "raw_key_size": 752952, "raw_average_key_size": 24, "raw_value_size": 128503808, "raw_average_value_size": 4096, "num_data_blocks": 15687, "num_entries": 31373, "filter_policy_name": "", "kDeletedKeys": "0", "kMergeOperands": "0"}}
2018/11/23-01:15:55.143446 7f8816f1f0 [db/version_set.cc:2847] Creating manifest 1142
2018/11/23-01:15:55.885845 7f8816f1f0 EVENT_LOG_v1 {"time_micros": 1542935755885806, "cf_name": "usertable", "job": 1, "event": "table_file_creation", "file_number": 1143, "file_size": 27898548, "table_properties": {"data_size": 27773275, "index_size": 124352, "filter_size": 0, "raw_key_size": 161664, "raw_average_key_size": 24, "raw_value_size": 27590656, "raw_average_value_size": 4096, "num_data_blocks": 3368, "num_entries": 6736, "filter_policy_name": "", "kDeletedKeys": "0", "kMergeOperands": "0"}}
2018/11/23-01:15:56.012327 7f8816f1f0 EVENT_LOG_v1 {"time_micros": 1542935756012316, "job": 1, "event": "recovery_finished"}
2018/11/23-01:15:56.012841 7f8816f1f0 [db/column_family.cc:837] [usertable] Increasing compaction threads because we have 10 level-0 files 
2018/11/23-01:15:56.309357 7f8816f1f0 [db/db_impl_open.cc:1219] DB pointer 0x7f443d2f30
2018/11/23-01:15:56.310981 7f438f71f0 [WARN] [db/db_impl.cc:491] ------- DUMPING STATS -------
2018/11/23-01:15:56.311182 7f438f71f0 [WARN] [db/db_impl.cc:492] 
** DB Stats **
Uptime(secs): 5.0 total, 5.0 interval
Cumulative writes: 0 writes, 0 keys, 0 commit groups, 0.0 writes per commit group, ingest: 0.00 GB, 0.00 MB/s
Cumulative WAL: 0 writes, 0 syncs, 0.00 writes per sync, written: 0.00 GB, 0.00 MB/s
Cumulative stall: 00:00:0.000 H:M:S, 0.0 percent
Interval writes: 0 writes, 0 keys, 0 commit groups, 0.0 writes per commit group, ingest: 0.00 MB, 0.00 MB/s
Interval WAL: 0 writes, 0 syncs, 0.00 writes per sync, written: 0.00 MB, 0.00 MB/s
Interval stall: 00:00:0.000 H:M:S, 0.0 percent

** Compaction Stats [default] **
Level    Files   Size     Score Read(GB)  Rn(GB) Rnp1(GB) Write(GB) Wnew(GB) Moved(GB) W-Amp Rd(MB/s) Wr(MB/s) Comp(sec) Comp(cnt) Avg(sec) KeyIn KeyDrop
----------------------------------------------------------------------------------------------------------------------------------------------------------
 Sum      0/0    0.00 KB   0.0      0.0     0.0      0.0       0.0      0.0       0.0   0.0      0.0      0.0         0         0    0.000       0      0
 Int      0/0    0.00 KB   0.0      0.0     0.0      0.0       0.0      0.0       0.0   0.0      0.0      0.0         0         0    0.000       0      0
Uptime(secs): 5.0 total, 5.0 interval
Flush(GB): cumulative 0.000, interval 0.000
AddFile(GB): cumulative 0.000, interval 0.000
AddFile(Total Files): cumulative 0, interval 0
AddFile(L0 Files): cumulative 0, interval 0
AddFile(Keys): cumulative 0, interval 0
Cumulative compaction: 0.00 GB write, 0.00 MB/s write, 0.00 GB read, 0.00 MB/s read, 0.0 seconds
Interval compaction: 0.00 GB write, 0.00 MB/s write, 0.00 GB read, 0.00 MB/s read, 0.0 seconds
Stalls(count): 0 level0_slowdown, 0 level0_slowdown_with_compaction, 0 level0_numfiles, 0 level0_numfiles_with_compaction, 0 stop for pending_compaction_bytes, 0 slowdown for pending_compaction_bytes, 0 memtable_compaction, 0 memtable_slowdown, interval 0 total count

** File Read Latency Histogram By Level [default] **

** Compaction Stats [usertable] **
Level    Files   Size     Score Read(GB)  Rn(GB) Rnp1(GB) Write(GB) Wnew(GB) Moved(GB) W-Amp Rd(MB/s) Wr(MB/s) Comp(sec) Comp(cnt) Avg(sec) KeyIn KeyDrop
----------------------------------------------------------------------------------------------------------------------------------------------------------
  L0     10/0    1.92 GB   5.0      0.0     0.0      0.0       0.3      0.3       0.0   1.0      0.0    124.7         2         3    0.733       0      0
  L1      9/0    2.13 GB   4.3      0.0     0.0      0.0       0.0      0.0       0.0   0.0      0.0      0.0         0         0    0.000       0      0
  L2    112/0    5.52 GB   1.1      0.0     0.0      0.0       0.0      0.0       0.0   0.0      0.0      0.0         0         0    0.000       0      0
  L3    496/0   30.62 GB   0.6      0.0     0.0      0.0       0.0      0.0       0.0   0.0      0.0      0.0         0         0    0.000       0      0
 Sum    627/0   40.19 GB   0.0      0.0     0.0      0.0       0.3      0.3       0.0   1.0      0.0    124.7         2         3    0.733       0      0
 Int      0/0    0.00 KB   0.0      0.0     0.0      0.0       0.3      0.3       0.0   1.0      0.0    124.7         2         3    0.733       0      0
Uptime(secs): 5.0 total, 5.0 interval
Flush(GB): cumulative 0.268, interval 0.268
AddFile(GB): cumulative 0.000, interval 0.000
AddFile(Total Files): cumulative 0, interval 0
AddFile(L0 Files): cumulative 0, interval 0
AddFile(Keys): cumulative 0, interval 0
Cumulative compaction: 0.27 GB write, 55.42 MB/s write, 0.00 GB read, 0.00 MB/s read, 2.2 seconds
Interval compaction: 0.27 GB write, 55.42 MB/s write, 0.00 GB read, 0.00 MB/s read, 2.2 seconds
Stalls(count): 0 level0_slowdown, 0 level0_slowdown_with_compaction, 0 level0_numfiles, 0 level0_numfiles_with_compaction, 0 stop for pending_compaction_bytes, 0 slowdown for pending_compaction_bytes, 0 memtable_compaction, 0 memtable_slowdown, interval 0 total count

** File Read Latency Histogram By Level [usertable] **

** Compaction Stats [default] **
Level    Files   Size     Score Read(GB)  Rn(GB) Rnp1(GB) Write(GB) Wnew(GB) Moved(GB) W-Amp Rd(MB/s) Wr(MB/s) Comp(sec) Comp(cnt) Avg(sec) KeyIn KeyDrop
----------------------------------------------------------------------------------------------------------------------------------------------------------
 Sum      0/0    0.00 KB   0.0      0.0     0.0      0.0       0.0      0.0       0.0   0.0      0.0      0.0         0         0    0.000       0      0
 Int      0/0    0.00 KB   0.0      0.0     0.0      0.0       0.0      0.0       0.0   0.0      0.0      0.0         0         0    0.000       0      0
Uptime(secs): 5.0 total, 0.0 interval
Flush(GB): cumulative 0.000, interval 0.000
AddFile(GB): cumulative 0.000, interval 0.000
AddFile(Total Files): cumulative 0, interval 0
AddFile(L0 Files): cumulative 0, interval 0
AddFile(Keys): cumulative 0, interval 0
Cumulative compaction: 0.00 GB write, 0.00 MB/s write, 0.00 GB read, 0.00 MB/s read, 0.0 seconds
Interval compaction: 0.00 GB write, 0.00 MB/s write, 0.00 GB read, 0.00 MB/s read, 0.0 seconds
Stalls(count): 0 level0_slowdown, 0 level0_slowdown_with_compaction, 0 level0_numfiles, 0 level0_numfiles_with_compaction, 0 stop for pending_compaction_bytes, 0 slowdown for pending_compaction_bytes, 0 memtable_compaction, 0 memtable_slowdown, interval 0 total count

** File Read Latency Histogram By Level [default] **

** Compaction Stats [usertable] **
Level    Files   Size     Score Read(GB)  Rn(GB) Rnp1(GB) Write(GB) Wnew(GB) Moved(GB) W-Amp Rd(MB/s) Wr(MB/s) Comp(sec) Comp(cnt) Avg(sec) KeyIn KeyDrop
----------------------------------------------------------------------------------------------------------------------------------------------------------
  L0     10/0    1.92 GB   5.0      0.0     0.0      0.0       0.3      0.3       0.0   1.0      0.0    124.7         2         3    0.733       0      0
  L1      9/0    2.13 GB   4.3      0.0     0.0      0.0       0.0      0.0       0.0   0.0      0.0      0.0         0         0    0.000       0      0
  L2    112/0    5.52 GB   1.1      0.0     0.0      0.0       0.0      0.0       0.0   0.0      0.0      0.0         0         0    0.000       0      0
  L3    496/0   30.62 GB   0.6      0.0     0.0      0.0       0.0      0.0       0.0   0.0      0.0      0.0         0         0    0.000       0      0
 Sum    627/0   40.19 GB   0.0      0.0     0.0      0.0       0.3      0.3       0.0   1.0      0.0    124.7         2         3    0.733       0      0
 Int      0/0    0.00 KB   0.0      0.0     0.0      0.0       0.0      0.0       0.0   0.0      0.0      0.0         0         0    0.000       0      0
Uptime(secs): 5.0 total, 0.0 interval
Flush(GB): cumulative 0.268, interval 0.000
AddFile(GB): cumulative 0.000, interval 0.000
AddFile(Total Files): cumulative 0, interval 0
AddFile(L0 Files): cumulative 0, interval 0
AddFile(Keys): cumulative 0, interval 0
Cumulative compaction: 0.27 GB write, 55.41 MB/s write, 0.00 GB read, 0.00 MB/s read, 2.2 seconds
Interval compaction: 0.00 GB write, 0.00 MB/s write, 0.00 GB read, 0.00 MB/s read, 0.0 seconds
Stalls(count): 0 level0_slowdown, 0 level0_slowdown_with_compaction, 0 level0_numfiles, 0 level0_numfiles_with_compaction, 0 stop for pending_compaction_bytes, 0 slowdown for pending_compaction_bytes, 0 memtable_compaction, 0 memtable_slowdown, interval 0 total count

** File Read Latency Histogram By Level [usertable] **
2018/11/23-01:15:56.420387 7f438f71f0 [db/column_family.cc:837] [usertable] Increasing compaction threads because we have 9 level-0 files 
2018/11/23-01:15:56.421046 7f438f71f0 (Original Log Time 2018/11/23-01:15:56.312183) [db/db_impl_compaction_flush.cc:1835] [usertable] Moving #1132 to level-1 259882652 bytes
2018/11/23-01:15:56.421067 7f438f71f0 (Original Log Time 2018/11/23-01:15:56.420599) EVENT_LOG_v1 {"time_micros": 1542935756420522, "job": 3, "event": "trivial_move", "destination_level": 1, "files": 1, "total_files_size": 259882652}
2018/11/23-01:15:56.421078 7f438f71f0 (Original Log Time 2018/11/23-01:15:56.420645) [db/db_impl_compaction_flush.cc:1864] [usertable] Moved #1 files to level-1 259882652 bytes OK: base level 1 max bytes base 536870912 files[9 10 112 496 0 0 0] max score 4.74
2018/11/23-01:15:56.421882 7f438f71f0 [db/compaction_job.cc:1531] [usertable] [JOB 9] Compacting 1@1 files to L2, score 4.74
2018/11/23-01:15:56.421951 7f438f71f0 [db/compaction_job.cc:1535] [usertable] Compaction start summary: Base version 6 Base level 1, inputs: [1132(247MB)]
2018/11/23-01:15:56.422113 7f438f71f0 EVENT_LOG_v1 {"time_micros": 1542935756421997, "job": 9, "event": "compaction_started", "compaction_reason": "LevelMaxLevelSize", "files_L1": [1132], "score": 4.73893, "input_data_size": 259882652}
2018/11/23-01:15:56.531259 7f430f61f0 [db/column_family.cc:837] [usertable] Increasing compaction threads because we have 9 level-0 files 
2018/11/23-01:15:56.531795 7f430f61f0 (Original Log Time 2018/11/23-01:15:56.312954) [db/db_impl_compaction_flush.cc:1835] [usertable] Moving #1089 to level-3 67233565 bytes
2018/11/23-01:15:56.531810 7f430f61f0 (Original Log Time 2018/11/23-01:15:56.531428) EVENT_LOG_v1 {"time_micros": 1542935756531407, "job": 4, "event": "trivial_move", "destination_level": 3, "files": 1, "total_files_size": 67233565}
2018/11/23-01:15:56.531820 7f430f61f0 (Original Log Time 2018/11/23-01:15:56.531459) [db/db_impl_compaction_flush.cc:1864] [usertable] Moved #1 files to level-3 67233565 bytes OK: base level 1 max bytes base 536870912 files[9 10 107 501 0 0 0] max score 4.50
2018/11/23-01:15:56.532373 7f410f21f0 [db/column_family.cc:837] [usertable] Increasing compaction threads because we have 9 level-0 files 
2018/11/23-01:15:56.532669 7f410f21f0 (Original Log Time 2018/11/23-01:15:56.313329) [db/db_impl_compaction_flush.cc:1835] [usertable] Moving #1084 to level-3 67233516 bytes
2018/11/23-01:15:56.532677 7f410f21f0 (Original Log Time 2018/11/23-01:15:56.532462) EVENT_LOG_v1 {"time_micros": 1542935756532451, "job": 6, "event": "trivial_move", "destination_level": 3, "files": 1, "total_files_size": 67233516}
2018/11/23-01:15:56.532682 7f410f21f0 (Original Log Time 2018/11/23-01:15:56.532480) [db/db_impl_compaction_flush.cc:1864] [usertable] Moved #1 files to level-3 67233516 bytes OK: base level 1 max bytes base 536870912 files[9 10 107 501 0 0 0] max score 4.25
2018/11/23-01:15:56.532805 7f410f21f0 [db/compaction_job.cc:1531] [usertable] [JOB 11] Compacting 1@1 files to L2, score 4.25
2018/11/23-01:15:56.532818 7f410f21f0 [db/compaction_job.cc:1535] [usertable] Compaction start summary: Base version 7 Base level 1, inputs: [1100(247MB)]
2018/11/23-01:15:56.532843 7f410f21f0 EVENT_LOG_v1 {"time_micros": 1542935756532826, "job": 11, "event": "compaction_started", "compaction_reason": "LevelMaxLevelSize", "files_L1": [1100], "score": 4.25486, "input_data_size": 259856249}
2018/11/23-01:15:56.533022 7f418f31f0 [db/column_family.cc:837] [usertable] Increasing compaction threads because we have 9 level-0 files 
2018/11/23-01:15:56.533315 7f418f31f0 (Original Log Time 2018/11/23-01:15:56.313210) [db/db_impl_compaction_flush.cc:1835] [usertable] Moving #1063 to level-3 67233530 bytes
2018/11/23-01:15:56.533322 7f418f31f0 (Original Log Time 2018/11/23-01:15:56.533124) EVENT_LOG_v1 {"time_micros": 1542935756533117, "job": 5, "event": "trivial_move", "destination_level": 3, "files": 1, "total_files_size": 67233530}
2018/11/23-01:15:56.533327 7f418f31f0 (Original Log Time 2018/11/23-01:15:56.533133) [db/db_impl_compaction_flush.cc:1864] [usertable] Moved #1 files to level-3 67233530 bytes OK: base level 1 max bytes base 536870912 files[9 10 107 501 0 0 0] max score 4.00
2018/11/23-01:15:56.533447 7f420f41f0 [db/column_family.cc:837] [usertable] Increasing compaction threads because we have 9 level-0 files 
2018/11/23-01:15:56.533595 7f420f41f0 (Original Log Time 2018/11/23-01:15:56.313428) [db/db_impl_compaction_flush.cc:1835] [usertable] Moving #1077 to level-3 67233405 bytes
2018/11/23-01:15:56.533602 7f420f41f0 (Original Log Time 2018/11/23-01:15:56.533481) EVENT_LOG_v1 {"time_micros": 1542935756533475, "job": 7, "event": "trivial_move", "destination_level": 3, "files": 1, "total_files_size": 67233405}
2018/11/23-01:15:56.533606 7f420f41f0 (Original Log Time 2018/11/23-01:15:56.533491) [db/db_impl_compaction_flush.cc:1864] [usertable] Moved #1 files to level-3 67233405 bytes OK: base level 1 max bytes base 536870912 files[9 10 107 501 0 0 0] max score 4.00
2018/11/23-01:15:56.533884 7f428f51f0 [db/column_family.cc:837] [usertable] Increasing compaction threads because we have 9 level-0 files 
2018/11/23-01:15:56.534394 7f428f51f0 (Original Log Time 2018/11/23-01:15:56.314534) [db/db_impl_compaction_flush.cc:1835] [usertable] Moving #1050 to level-3 67233363 bytes
2018/11/23-01:15:56.534401 7f428f51f0 (Original Log Time 2018/11/23-01:15:56.534251) EVENT_LOG_v1 {"time_micros": 1542935756534244, "job": 8, "event": "trivial_move", "destination_level": 3, "files": 1, "total_files_size": 67233363}
2018/11/23-01:15:56.534462 7f428f51f0 (Original Log Time 2018/11/23-01:15:56.534261) [db/db_impl_compaction_flush.cc:1864] [usertable] Moved #1 files to level-3 67233363 bytes OK: base level 1 max bytes base 536870912 files[9 10 107 501 0 0 0] max score 4.00
2018/11/23-01:15:56.722485 7f430f61f0 [db/column_family.cc:837] [usertable] Increasing compaction threads because we have 8 level-0 files 
2018/11/23-01:15:56.723101 7f430f61f0 (Original Log Time 2018/11/23-01:15:56.532105) [db/db_impl_compaction_flush.cc:1835] [usertable] Moving #1136 to level-1 259860426 bytes
2018/11/23-01:15:56.723126 7f430f61f0 (Original Log Time 2018/11/23-01:15:56.722671) EVENT_LOG_v1 {"time_micros": 1542935756722649, "job": 10, "event": "trivial_move", "destination_level": 1, "files": 1, "total_files_size": 259860426}
2018/11/23-01:15:56.723137 7f430f61f0 (Original Log Time 2018/11/23-01:15:56.722703) [db/db_impl_compaction_flush.cc:1864] [usertable] Moved #1 files to level-1 259860426 bytes OK: base level 1 max bytes base 536870912 files[8 11 107 501 0 0 0] max score 4.25
2018/11/23-01:15:56.723728 7f430f61f0 [db/compaction_job.cc:1531] [usertable] [JOB 15] Compacting 1@1 files to L2, score 4.25
2018/11/23-01:15:56.723798 7f430f61f0 [db/compaction_job.cc:1535] [usertable] Compaction start summary: Base version 8 Base level 1, inputs: [1136(247MB)]
