2019/07/08-22:50:20.483670 7f7a0c8e1700 RocksDB version: 5.14.3
2019/07/08-22:50:20.483722 7f7a0c8e1700 Git sha rocksdb_build_git_sha:
2019/07/08-22:50:20.483726 7f7a0c8e1700 Compile date Oct  9 2018
2019/07/08-22:50:20.483733 7f7a0c8e1700 DB SUMMARY
2019/07/08-22:50:20.483755 7f7a0c8e1700 SST files in /mnt/sdb/ycsb-rocksdb-data dir, Total Num: 0, files: 
2019/07/08-22:50:20.483759 7f7a0c8e1700 Write Ahead Log file in /mnt/sdb/ycsb-rocksdb-data: 
2019/07/08-22:50:20.483762 7f7a0c8e1700                         Options.error_if_exists: 0
2019/07/08-22:50:20.483763 7f7a0c8e1700                       Options.create_if_missing: 1
2019/07/08-22:50:20.483764 7f7a0c8e1700                         Options.paranoid_checks: 1
2019/07/08-22:50:20.483765 7f7a0c8e1700                                     Options.env: 0x7f79ebffb080
2019/07/08-22:50:20.483767 7f7a0c8e1700                                Options.info_log: 0x7f79f03b4b90
2019/07/08-22:50:20.483768 7f7a0c8e1700                Options.max_file_opening_threads: 16
2019/07/08-22:50:20.483769 7f7a0c8e1700                              Options.statistics: (nil)
2019/07/08-22:50:20.483771 7f7a0c8e1700                               Options.use_fsync: 0
2019/07/08-22:50:20.483773 7f7a0c8e1700                       Options.max_log_file_size: 0
2019/07/08-22:50:20.483774 7f7a0c8e1700                  Options.max_manifest_file_size: 18446744073709551615
2019/07/08-22:50:20.483776 7f7a0c8e1700                   Options.log_file_time_to_roll: 0
2019/07/08-22:50:20.483778 7f7a0c8e1700                       Options.keep_log_file_num: 1000
2019/07/08-22:50:20.483779 7f7a0c8e1700                    Options.recycle_log_file_num: 0
2019/07/08-22:50:20.483781 7f7a0c8e1700                         Options.allow_fallocate: 1
2019/07/08-22:50:20.483783 7f7a0c8e1700                        Options.allow_mmap_reads: 0
2019/07/08-22:50:20.483785 7f7a0c8e1700                       Options.allow_mmap_writes: 0
2019/07/08-22:50:20.483786 7f7a0c8e1700                        Options.use_direct_reads: 0
2019/07/08-22:50:20.483788 7f7a0c8e1700                        Options.use_direct_io_for_flush_and_compaction: 0
2019/07/08-22:50:20.483790 7f7a0c8e1700          Options.create_missing_column_families: 1
2019/07/08-22:50:20.483792 7f7a0c8e1700                              Options.db_log_dir: 
2019/07/08-22:50:20.483794 7f7a0c8e1700                                 Options.wal_dir: /mnt/sdb/ycsb-rocksdb-data
2019/07/08-22:50:20.483796 7f7a0c8e1700                Options.table_cache_numshardbits: 6
2019/07/08-22:50:20.483798 7f7a0c8e1700                      Options.max_subcompactions: 4
2019/07/08-22:50:20.483799 7f7a0c8e1700                  Options.max_background_flushes: 24
2019/07/08-22:50:20.483800 7f7a0c8e1700                         Options.WAL_ttl_seconds: 0
2019/07/08-22:50:20.483801 7f7a0c8e1700                       Options.WAL_size_limit_MB: 0
2019/07/08-22:50:20.483802 7f7a0c8e1700             Options.manifest_preallocation_size: 4194304
2019/07/08-22:50:20.483803 7f7a0c8e1700                     Options.is_fd_close_on_exec: 1
2019/07/08-22:50:20.483804 7f7a0c8e1700                   Options.advise_random_on_open: 1
2019/07/08-22:50:20.483805 7f7a0c8e1700                    Options.db_write_buffer_size: 0
2019/07/08-22:50:20.483806 7f7a0c8e1700                    Options.write_buffer_manager: 0x7f79f03ae760
2019/07/08-22:50:20.483807 7f7a0c8e1700         Options.access_hint_on_compaction_start: 1
2019/07/08-22:50:20.483808 7f7a0c8e1700  Options.new_table_reader_for_compaction_inputs: 0
2019/07/08-22:50:20.483809 7f7a0c8e1700           Options.random_access_max_buffer_size: 1048576
2019/07/08-22:50:20.483810 7f7a0c8e1700                      Options.use_adaptive_mutex: 0
2019/07/08-22:50:20.483811 7f7a0c8e1700                            Options.rate_limiter: (nil)
2019/07/08-22:50:20.483813 7f7a0c8e1700     Options.sst_file_manager.rate_bytes_per_sec: 0
2019/07/08-22:50:20.483814 7f7a0c8e1700                       Options.wal_recovery_mode: 2
2019/07/08-22:50:20.483815 7f7a0c8e1700                  Options.enable_thread_tracking: 0
2019/07/08-22:50:20.483815 7f7a0c8e1700                  Options.enable_pipelined_write: 1
2019/07/08-22:50:20.483827 7f7a0c8e1700         Options.allow_concurrent_memtable_write: 1
2019/07/08-22:50:20.483829 7f7a0c8e1700      Options.enable_write_thread_adaptive_yield: 1
2019/07/08-22:50:20.483830 7f7a0c8e1700             Options.write_thread_max_yield_usec: 100
2019/07/08-22:50:20.483831 7f7a0c8e1700            Options.write_thread_slow_yield_usec: 3
2019/07/08-22:50:20.483832 7f7a0c8e1700                               Options.row_cache: None
2019/07/08-22:50:20.483833 7f7a0c8e1700                              Options.wal_filter: None
2019/07/08-22:50:20.483834 7f7a0c8e1700             Options.avoid_flush_during_recovery: 0
2019/07/08-22:50:20.483835 7f7a0c8e1700             Options.allow_ingest_behind: 0
2019/07/08-22:50:20.483836 7f7a0c8e1700             Options.preserve_deletes: 0
2019/07/08-22:50:20.483837 7f7a0c8e1700             Options.two_write_queues: 0
2019/07/08-22:50:20.483838 7f7a0c8e1700             Options.manual_wal_flush: 0
2019/07/08-22:50:20.483840 7f7a0c8e1700             Options.max_background_jobs: 24
2019/07/08-22:50:20.483841 7f7a0c8e1700             Options.max_background_compactions: 24
2019/07/08-22:50:20.483842 7f7a0c8e1700             Options.avoid_flush_during_shutdown: 0
2019/07/08-22:50:20.483843 7f7a0c8e1700           Options.writable_file_max_buffer_size: 1048576
2019/07/08-22:50:20.483844 7f7a0c8e1700             Options.delayed_write_rate : 16777216
2019/07/08-22:50:20.483845 7f7a0c8e1700             Options.max_total_wal_size: 0
2019/07/08-22:50:20.483846 7f7a0c8e1700             Options.delete_obsolete_files_period_micros: 21600000000
2019/07/08-22:50:20.483847 7f7a0c8e1700                   Options.stats_dump_period_sec: 60
2019/07/08-22:50:20.483848 7f7a0c8e1700                          Options.max_open_files: -1
2019/07/08-22:50:20.483849 7f7a0c8e1700                          Options.bytes_per_sync: 1048576
2019/07/08-22:50:20.483850 7f7a0c8e1700                      Options.wal_bytes_per_sync: 0
2019/07/08-22:50:20.483851 7f7a0c8e1700       Options.compaction_readahead_size: 0
2019/07/08-22:50:20.483852 7f7a0c8e1700 Compression algorithms supported:
2019/07/08-22:50:20.483853 7f7a0c8e1700 	kZSTDNotFinalCompression supported: 1
2019/07/08-22:50:20.483860 7f7a0c8e1700 	kZSTD supported: 1
2019/07/08-22:50:20.483861 7f7a0c8e1700 	kXpressCompression supported: 0
2019/07/08-22:50:20.483862 7f7a0c8e1700 	kLZ4HCCompression supported: 1
2019/07/08-22:50:20.483863 7f7a0c8e1700 	kLZ4Compression supported: 1
2019/07/08-22:50:20.483864 7f7a0c8e1700 	kBZip2Compression supported: 1
2019/07/08-22:50:20.483865 7f7a0c8e1700 	kZlibCompression supported: 1
2019/07/08-22:50:20.483867 7f7a0c8e1700 	kSnappyCompression supported: 1
2019/07/08-22:50:20.483870 7f7a0c8e1700 Fast CRC32 supported: Not supported on x86
2019/07/08-22:50:20.483933 7f7a0c8e1700 [db/db_impl_open.cc:222] Creating manifest 1 
2019/07/08-22:50:20.543123 7f7a0c8e1700 [db/version_set.cc:3085] Recovering from manifest file: MANIFEST-000001
2019/07/08-22:50:20.543189 7f7a0c8e1700 [db/column_family.cc:475] --------------- Options for column family [default]:
2019/07/08-22:50:20.543192 7f7a0c8e1700               Options.comparator: leveldb.BytewiseComparator
2019/07/08-22:50:20.543194 7f7a0c8e1700           Options.merge_operator: None
2019/07/08-22:50:20.543195 7f7a0c8e1700        Options.compaction_filter: None
2019/07/08-22:50:20.543196 7f7a0c8e1700        Options.compaction_filter_factory: None
2019/07/08-22:50:20.543197 7f7a0c8e1700         Options.memtable_factory: SkipListFactory
2019/07/08-22:50:20.543198 7f7a0c8e1700            Options.table_factory: BlockBasedTable
2019/07/08-22:50:20.543225 7f7a0c8e1700            table_factory options:   flush_block_policy_factory: FlushBlockBySizePolicyFactory (0x7f79f03aefa0)
  cache_index_and_filter_blocks: 0
  cache_index_and_filter_blocks_with_high_priority: 0
  pin_l0_filter_and_index_blocks_in_cache: 0
  index_type: 0
  hash_index_allow_collision: 1
  checksum: 1
  no_block_cache: 0
  block_cache: 0x7f79f03a3900
  block_cache_name: LRUCache
  block_cache_options:
    capacity : 8388608
    num_shard_bits : 4
    strict_capacity_limit : 0
    high_pri_pool_ratio: 0.000
  block_cache_compressed: (nil)
  persistent_cache: (nil)
  block_size: 8192
  block_size_deviation: 10
  block_restart_interval: 16
  index_block_restart_interval: 1
  metadata_block_size: 4096
  partition_filters: 0
  use_delta_encoding: 1
  filter_policy: nullptr
  whole_key_filtering: 1
  verify_compression: 0
  read_amp_bytes_per_bit: 0
  format_version: 2
  enable_index_compression: 1
  block_align: 0
2019/07/08-22:50:20.543252 7f7a0c8e1700        Options.write_buffer_size: 134217728
2019/07/08-22:50:20.543254 7f7a0c8e1700  Options.max_write_buffer_number: 24
2019/07/08-22:50:20.543255 7f7a0c8e1700        Options.compression[0]: NoCompression
2019/07/08-22:50:20.543257 7f7a0c8e1700        Options.compression[1]: NoCompression
2019/07/08-22:50:20.543258 7f7a0c8e1700        Options.compression[2]: LZ4
2019/07/08-22:50:20.543259 7f7a0c8e1700        Options.compression[3]: LZ4
2019/07/08-22:50:20.543260 7f7a0c8e1700        Options.compression[4]: LZ4
2019/07/08-22:50:20.543261 7f7a0c8e1700        Options.compression[5]: LZ4
2019/07/08-22:50:20.543263 7f7a0c8e1700        Options.compression[6]: LZ4
2019/07/08-22:50:20.543264 7f7a0c8e1700                  Options.bottommost_compression: Disabled
2019/07/08-22:50:20.543265 7f7a0c8e1700       Options.prefix_extractor: nullptr
2019/07/08-22:50:20.543266 7f7a0c8e1700   Options.memtable_insert_with_hint_prefix_extractor: nullptr
2019/07/08-22:50:20.543267 7f7a0c8e1700             Options.num_levels: 7
2019/07/08-22:50:20.543268 7f7a0c8e1700        Options.min_write_buffer_number_to_merge: 2
2019/07/08-22:50:20.543269 7f7a0c8e1700     Options.max_write_buffer_number_to_maintain: 0
2019/07/08-22:50:20.543269 7f7a0c8e1700            Options.compression_opts.window_bits: -14
2019/07/08-22:50:20.543270 7f7a0c8e1700                  Options.compression_opts.level: -1
2019/07/08-22:50:20.543271 7f7a0c8e1700               Options.compression_opts.strategy: 0
2019/07/08-22:50:20.543272 7f7a0c8e1700         Options.compression_opts.max_dict_bytes: 0
2019/07/08-22:50:20.543273 7f7a0c8e1700         Options.compression_opts.zstd_max_train_bytes: 0
2019/07/08-22:50:20.543274 7f7a0c8e1700      Options.level0_file_num_compaction_trigger: 2
2019/07/08-22:50:20.543275 7f7a0c8e1700          Options.level0_slowdown_writes_trigger: 20
2019/07/08-22:50:20.543276 7f7a0c8e1700              Options.level0_stop_writes_trigger: 36
2019/07/08-22:50:20.543277 7f7a0c8e1700                   Options.target_file_size_base: 67108864
2019/07/08-22:50:20.543278 7f7a0c8e1700             Options.target_file_size_multiplier: 1
2019/07/08-22:50:20.543279 7f7a0c8e1700                Options.max_bytes_for_level_base: 536870912
2019/07/08-22:50:20.543280 7f7a0c8e1700 Options.level_compaction_dynamic_level_bytes: 0
2019/07/08-22:50:20.543281 7f7a0c8e1700          Options.max_bytes_for_level_multiplier: 10.000000
2019/07/08-22:50:20.543284 7f7a0c8e1700 Options.max_bytes_for_level_multiplier_addtl[0]: 1
2019/07/08-22:50:20.543285 7f7a0c8e1700 Options.max_bytes_for_level_multiplier_addtl[1]: 1
2019/07/08-22:50:20.543286 7f7a0c8e1700 Options.max_bytes_for_level_multiplier_addtl[2]: 1
2019/07/08-22:50:20.543287 7f7a0c8e1700 Options.max_bytes_for_level_multiplier_addtl[3]: 1
2019/07/08-22:50:20.543288 7f7a0c8e1700 Options.max_bytes_for_level_multiplier_addtl[4]: 1
2019/07/08-22:50:20.543289 7f7a0c8e1700 Options.max_bytes_for_level_multiplier_addtl[5]: 1
2019/07/08-22:50:20.543290 7f7a0c8e1700 Options.max_bytes_for_level_multiplier_addtl[6]: 1
2019/07/08-22:50:20.543291 7f7a0c8e1700       Options.max_sequential_skip_in_iterations: 8
2019/07/08-22:50:20.543291 7f7a0c8e1700                    Options.max_compaction_bytes: 1677721600
2019/07/08-22:50:20.543293 7f7a0c8e1700                        Options.arena_block_size: 16777216
2019/07/08-22:50:20.543294 7f7a0c8e1700   Options.soft_pending_compaction_bytes_limit: 68719476736
2019/07/08-22:50:20.543295 7f7a0c8e1700   Options.hard_pending_compaction_bytes_limit: 274877906944
2019/07/08-22:50:20.543305 7f7a0c8e1700       Options.rate_limit_delay_max_milliseconds: 100
2019/07/08-22:50:20.543306 7f7a0c8e1700                Options.disable_auto_compactions: 0
2019/07/08-22:50:20.543308 7f7a0c8e1700                        Options.compaction_style: kCompactionStyleLevel
2019/07/08-22:50:20.543309 7f7a0c8e1700                          Options.compaction_pri: kByCompensatedSize
2019/07/08-22:50:20.543310 7f7a0c8e1700 Options.compaction_options_universal.size_ratio: 1
2019/07/08-22:50:20.543311 7f7a0c8e1700 Options.compaction_options_universal.min_merge_width: 2
2019/07/08-22:50:20.543312 7f7a0c8e1700 Options.compaction_options_universal.max_merge_width: 4294967295
2019/07/08-22:50:20.543313 7f7a0c8e1700 Options.compaction_options_universal.max_size_amplification_percent: 200
2019/07/08-22:50:20.543314 7f7a0c8e1700 Options.compaction_options_universal.compression_size_percent: -1
2019/07/08-22:50:20.543315 7f7a0c8e1700 Options.compaction_options_universal.stop_style: kCompactionStopStyleTotalSize
2019/07/08-22:50:20.543316 7f7a0c8e1700 Options.compaction_options_fifo.max_table_files_size: 1073741824
2019/07/08-22:50:20.543317 7f7a0c8e1700 Options.compaction_options_fifo.allow_compaction: 0
2019/07/08-22:50:20.543318 7f7a0c8e1700 Options.compaction_options_fifo.ttl: 0
2019/07/08-22:50:20.543319 7f7a0c8e1700                   Options.table_properties_collectors: 
2019/07/08-22:50:20.543320 7f7a0c8e1700                   Options.inplace_update_support: 0
2019/07/08-22:50:20.543321 7f7a0c8e1700                 Options.inplace_update_num_locks: 10000
2019/07/08-22:50:20.543322 7f7a0c8e1700               Options.memtable_prefix_bloom_size_ratio: 0.000000
2019/07/08-22:50:20.543323 7f7a0c8e1700   Options.memtable_huge_page_size: 0
2019/07/08-22:50:20.543324 7f7a0c8e1700                           Options.bloom_locality: 0
2019/07/08-22:50:20.543325 7f7a0c8e1700                    Options.max_successive_merges: 0
2019/07/08-22:50:20.543326 7f7a0c8e1700                Options.optimize_filters_for_hits: 0
2019/07/08-22:50:20.543327 7f7a0c8e1700                Options.paranoid_file_checks: 0
2019/07/08-22:50:20.543328 7f7a0c8e1700                Options.force_consistency_checks: 0
2019/07/08-22:50:20.543329 7f7a0c8e1700                Options.report_bg_io_stats: 0
2019/07/08-22:50:20.543330 7f7a0c8e1700                               Options.ttl: 0
2019/07/08-22:50:20.544141 7f7a0c8e1700 [db/version_set.cc:3361] Recovered from manifest file:/mnt/sdb/ycsb-rocksdb-data/MANIFEST-000001 succeeded,manifest_file_number is 1, next_file_number is 3, last_sequence is 0, log_number is 0,prev_log_number is 0,max_column_family is 0,min_log_number_to_keep is 0
2019/07/08-22:50:20.544147 7f7a0c8e1700 [db/version_set.cc:3369] Column family [default] (ID 0), log number is 0
2019/07/08-22:50:20.544317 7f7a0c8e1700 [db/version_set.cc:2847] Creating manifest 4
2019/07/08-22:50:20.589089 7f7a0c8e1700 [db/column_family.cc:475] --------------- Options for column family [usertable]:
2019/07/08-22:50:20.589093 7f7a0c8e1700               Options.comparator: leveldb.BytewiseComparator
2019/07/08-22:50:20.589094 7f7a0c8e1700           Options.merge_operator: None
2019/07/08-22:50:20.589095 7f7a0c8e1700        Options.compaction_filter: None
2019/07/08-22:50:20.589096 7f7a0c8e1700        Options.compaction_filter_factory: None
2019/07/08-22:50:20.589097 7f7a0c8e1700         Options.memtable_factory: SkipListFactory
2019/07/08-22:50:20.589098 7f7a0c8e1700            Options.table_factory: BlockBasedTable
2019/07/08-22:50:20.589138 7f7a0c8e1700            table_factory options:   flush_block_policy_factory: FlushBlockBySizePolicyFactory (0x7f79f03b85e0)
  cache_index_and_filter_blocks: 0
  cache_index_and_filter_blocks_with_high_priority: 0
  pin_l0_filter_and_index_blocks_in_cache: 0
  index_type: 0
  hash_index_allow_collision: 1
  checksum: 1
  no_block_cache: 0
  block_cache: 0x7f79f03b3280
  block_cache_name: LRUCache
  block_cache_options:
    capacity : 8388608
    num_shard_bits : 4
    strict_capacity_limit : 0
    high_pri_pool_ratio: 0.000
  block_cache_compressed: (nil)
  persistent_cache: (nil)
  block_size: 8192
  block_size_deviation: 10
  block_restart_interval: 16
  index_block_restart_interval: 1
  metadata_block_size: 4096
  partition_filters: 0
  use_delta_encoding: 1
  filter_policy: nullptr
  whole_key_filtering: 1
  verify_compression: 0
  read_amp_bytes_per_bit: 0
  format_version: 2
  enable_index_compression: 1
  block_align: 0
2019/07/08-22:50:20.589149 7f7a0c8e1700        Options.write_buffer_size: 134217728
2019/07/08-22:50:20.589150 7f7a0c8e1700  Options.max_write_buffer_number: 24
2019/07/08-22:50:20.589152 7f7a0c8e1700        Options.compression[0]: NoCompression
2019/07/08-22:50:20.589153 7f7a0c8e1700        Options.compression[1]: NoCompression
2019/07/08-22:50:20.589154 7f7a0c8e1700        Options.compression[2]: LZ4
2019/07/08-22:50:20.589156 7f7a0c8e1700        Options.compression[3]: LZ4
2019/07/08-22:50:20.589157 7f7a0c8e1700        Options.compression[4]: LZ4
2019/07/08-22:50:20.589158 7f7a0c8e1700        Options.compression[5]: LZ4
2019/07/08-22:50:20.589159 7f7a0c8e1700        Options.compression[6]: LZ4
2019/07/08-22:50:20.589160 7f7a0c8e1700                  Options.bottommost_compression: Disabled
2019/07/08-22:50:20.589161 7f7a0c8e1700       Options.prefix_extractor: nullptr
2019/07/08-22:50:20.589162 7f7a0c8e1700   Options.memtable_insert_with_hint_prefix_extractor: nullptr
2019/07/08-22:50:20.589163 7f7a0c8e1700             Options.num_levels: 7
2019/07/08-22:50:20.589164 7f7a0c8e1700        Options.min_write_buffer_number_to_merge: 2
2019/07/08-22:50:20.589165 7f7a0c8e1700     Options.max_write_buffer_number_to_maintain: 0
2019/07/08-22:50:20.589166 7f7a0c8e1700            Options.compression_opts.window_bits: -14
2019/07/08-22:50:20.589167 7f7a0c8e1700                  Options.compression_opts.level: -1
2019/07/08-22:50:20.589168 7f7a0c8e1700               Options.compression_opts.strategy: 0
2019/07/08-22:50:20.589168 7f7a0c8e1700         Options.compression_opts.max_dict_bytes: 0
2019/07/08-22:50:20.589169 7f7a0c8e1700         Options.compression_opts.zstd_max_train_bytes: 0
2019/07/08-22:50:20.589170 7f7a0c8e1700      Options.level0_file_num_compaction_trigger: 2
2019/07/08-22:50:20.589171 7f7a0c8e1700          Options.level0_slowdown_writes_trigger: 20
2019/07/08-22:50:20.589172 7f7a0c8e1700              Options.level0_stop_writes_trigger: 36
2019/07/08-22:50:20.589173 7f7a0c8e1700                   Options.target_file_size_base: 67108864
2019/07/08-22:50:20.589174 7f7a0c8e1700             Options.target_file_size_multiplier: 1
2019/07/08-22:50:20.589175 7f7a0c8e1700                Options.max_bytes_for_level_base: 536870912
2019/07/08-22:50:20.589176 7f7a0c8e1700 Options.level_compaction_dynamic_level_bytes: 0
2019/07/08-22:50:20.589177 7f7a0c8e1700          Options.max_bytes_for_level_multiplier: 10.000000
2019/07/08-22:50:20.589179 7f7a0c8e1700 Options.max_bytes_for_level_multiplier_addtl[0]: 1
2019/07/08-22:50:20.589190 7f7a0c8e1700 Options.max_bytes_for_level_multiplier_addtl[1]: 1
2019/07/08-22:50:20.589191 7f7a0c8e1700 Options.max_bytes_for_level_multiplier_addtl[2]: 1
2019/07/08-22:50:20.589192 7f7a0c8e1700 Options.max_bytes_for_level_multiplier_addtl[3]: 1
2019/07/08-22:50:20.589193 7f7a0c8e1700 Options.max_bytes_for_level_multiplier_addtl[4]: 1
2019/07/08-22:50:20.589194 7f7a0c8e1700 Options.max_bytes_for_level_multiplier_addtl[5]: 1
2019/07/08-22:50:20.589195 7f7a0c8e1700 Options.max_bytes_for_level_multiplier_addtl[6]: 1
2019/07/08-22:50:20.589196 7f7a0c8e1700       Options.max_sequential_skip_in_iterations: 8
2019/07/08-22:50:20.589197 7f7a0c8e1700                    Options.max_compaction_bytes: 1677721600
2019/07/08-22:50:20.589198 7f7a0c8e1700                        Options.arena_block_size: 16777216
2019/07/08-22:50:20.589199 7f7a0c8e1700   Options.soft_pending_compaction_bytes_limit: 68719476736
2019/07/08-22:50:20.589200 7f7a0c8e1700   Options.hard_pending_compaction_bytes_limit: 274877906944
2019/07/08-22:50:20.589201 7f7a0c8e1700       Options.rate_limit_delay_max_milliseconds: 100
2019/07/08-22:50:20.589202 7f7a0c8e1700                Options.disable_auto_compactions: 0
2019/07/08-22:50:20.589203 7f7a0c8e1700                        Options.compaction_style: kCompactionStyleLevel
2019/07/08-22:50:20.589204 7f7a0c8e1700                          Options.compaction_pri: kByCompensatedSize
2019/07/08-22:50:20.589205 7f7a0c8e1700 Options.compaction_options_universal.size_ratio: 1
2019/07/08-22:50:20.589206 7f7a0c8e1700 Options.compaction_options_universal.min_merge_width: 2
2019/07/08-22:50:20.589207 7f7a0c8e1700 Options.compaction_options_universal.max_merge_width: 4294967295
2019/07/08-22:50:20.589208 7f7a0c8e1700 Options.compaction_options_universal.max_size_amplification_percent: 200
2019/07/08-22:50:20.589209 7f7a0c8e1700 Options.compaction_options_universal.compression_size_percent: -1
2019/07/08-22:50:20.589210 7f7a0c8e1700 Options.compaction_options_universal.stop_style: kCompactionStopStyleTotalSize
2019/07/08-22:50:20.589211 7f7a0c8e1700 Options.compaction_options_fifo.max_table_files_size: 1073741824
2019/07/08-22:50:20.589212 7f7a0c8e1700 Options.compaction_options_fifo.allow_compaction: 0
2019/07/08-22:50:20.589213 7f7a0c8e1700 Options.compaction_options_fifo.ttl: 0
2019/07/08-22:50:20.589213 7f7a0c8e1700                   Options.table_properties_collectors: 
2019/07/08-22:50:20.589214 7f7a0c8e1700                   Options.inplace_update_support: 0
2019/07/08-22:50:20.589215 7f7a0c8e1700                 Options.inplace_update_num_locks: 10000
2019/07/08-22:50:20.589216 7f7a0c8e1700               Options.memtable_prefix_bloom_size_ratio: 0.000000
2019/07/08-22:50:20.589218 7f7a0c8e1700   Options.memtable_huge_page_size: 0
2019/07/08-22:50:20.589219 7f7a0c8e1700                           Options.bloom_locality: 0
2019/07/08-22:50:20.589220 7f7a0c8e1700                    Options.max_successive_merges: 0
2019/07/08-22:50:20.589221 7f7a0c8e1700                Options.optimize_filters_for_hits: 0
2019/07/08-22:50:20.589221 7f7a0c8e1700                Options.paranoid_file_checks: 0
2019/07/08-22:50:20.589222 7f7a0c8e1700                Options.force_consistency_checks: 0
2019/07/08-22:50:20.589223 7f7a0c8e1700                Options.report_bg_io_stats: 0
2019/07/08-22:50:20.589224 7f7a0c8e1700                               Options.ttl: 0
2019/07/08-22:50:20.589263 7f7a0c8e1700 [db/db_impl.cc:1396] Created column family [usertable] (ID 1)
2019/07/08-22:50:20.638472 7f7a0c8e1700 [db/db_impl_open.cc:1219] DB pointer 0x7f79f03b8600
2019/07/08-22:50:29.607471 7f79e85f9700 [db/db_impl_write.cc:1373] [usertable] New memtable created with log file: #9. Immutable memtables: 0.
2019/07/08-22:50:38.355051 7f79c44f5700 [db/db_impl_write.cc:1373] [usertable] New memtable created with log file: #10. Immutable memtables: 1.
2019/07/08-22:50:38.355275 7f798dffb700 [db/db_impl_compaction_flush.cc:80] [JOB 2] Syncing log #3
2019/07/08-22:50:38.601434 7f798dffb700 [db/db_impl_compaction_flush.cc:80] [JOB 2] Syncing log #9
2019/07/08-22:50:39.577815 7f798dffb700 (Original Log Time 2019/07/08-22:50:38.355218) [db/db_impl_compaction_flush.cc:1424] Calling FlushMemTableToOutputFile with column family [usertable], flush slots available 24, compaction slots available 1, flush slots scheduled 1, compaction slots scheduled 0
2019/07/08-22:50:39.577827 7f798dffb700 [db/flush_job.cc:301] [usertable] [JOB 2] Flushing memtable with next log file: 9
2019/07/08-22:50:39.577841 7f798dffb700 [db/flush_job.cc:301] [usertable] [JOB 2] Flushing memtable with next log file: 10
2019/07/08-22:50:39.577898 7f798dffb700 EVENT_LOG_v1 {"time_micros": 1562651439577869, "job": 2, "event": "flush_started", "num_memtables": 2, "num_entries": 61995, "num_deletes": 0, "memory_usage": 256998080, "flush_reason": "Write Buffer Full"}
2019/07/08-22:50:39.577909 7f798dffb700 [db/flush_job.cc:331] [usertable] [JOB 2] Level-0 flush table #11: started
2019/07/08-22:50:41.786866 7f798dffb700 EVENT_LOG_v1 {"time_micros": 1562651441786839, "cf_name": "usertable", "job": 2, "event": "table_file_creation", "file_number": 11, "file_size": 256746103, "table_properties": {"data_size": 255605399, "index_size": 1139777, "filter_size": 0, "raw_key_size": 1487880, "raw_average_key_size": 24, "raw_value_size": 253931520, "raw_average_value_size": 4096, "num_data_blocks": 30998, "num_entries": 61995, "filter_policy_name": "", "kDeletedKeys": "0", "kMergeOperands": "0"}}
2019/07/08-22:50:41.786898 7f798dffb700 [db/flush_job.cc:371] [usertable] [JOB 2] Level-0 flush table #11: 256746103 bytes OK
2019/07/08-22:50:41.864342 7f798dffb700 (Original Log Time 2019/07/08-22:50:41.786919) [db/memtable_list.cc:377] [usertable] Level-0 commit table #11 started
2019/07/08-22:50:41.864345 7f798dffb700 (Original Log Time 2019/07/08-22:50:41.864265) [db/memtable_list.cc:409] [usertable] Level-0 commit table #11: memtable #1 done
2019/07/08-22:50:41.864346 7f798dffb700 (Original Log Time 2019/07/08-22:50:41.864271) [db/memtable_list.cc:409] [usertable] Level-0 commit table #11: memtable #2 done
2019/07/08-22:50:41.864348 7f798dffb700 (Original Log Time 2019/07/08-22:50:41.864290) EVENT_LOG_v1 {"time_micros": 1562651441864279, "job": 2, "event": "flush_finished", "output_compression": "NoCompression", "lsm_state": [1, 0, 0, 0, 0, 0, 0], "immutable_memtables": 0}
2019/07/08-22:50:41.864349 7f798dffb700 (Original Log Time 2019/07/08-22:50:41.864314) [db/db_impl_compaction_flush.cc:177] [usertable] Level summary: base level 1 max bytes base 536870912 files[1 0 0 0 0 0 0] max score 0.50
2019/07/08-22:50:41.864359 7f798dffb700 [db/db_impl_files.cc:347] [JOB 2] Try to delete WAL files size 255975267, prev total WAL file size 306703705, number of live WAL files 3.
2019/07/08-22:50:47.090371 7f79744f5700 [db/db_impl_write.cc:1373] [usertable] New memtable created with log file: #12. Immutable memtables: 0.
2019/07/08-22:50:55.826917 7f79746f7700 [db/db_impl_write.cc:1373] [usertable] New memtable created with log file: #13. Immutable memtables: 1.
2019/07/08-22:50:55.827036 7f7934ff9700 [db/db_impl_compaction_flush.cc:80] [JOB 3] Syncing log #10
2019/07/08-22:50:56.331764 7f7934ff9700 [db/db_impl_compaction_flush.cc:80] [JOB 3] Syncing log #12
2019/07/08-22:50:57.351027 7f7934ff9700 (Original Log Time 2019/07/08-22:50:55.827012) [db/db_impl_compaction_flush.cc:1424] Calling FlushMemTableToOutputFile with column family [usertable], flush slots available 24, compaction slots available 1, flush slots scheduled 1, compaction slots scheduled 0
2019/07/08-22:50:57.351038 7f7934ff9700 [db/flush_job.cc:301] [usertable] [JOB 3] Flushing memtable with next log file: 12
2019/07/08-22:50:57.351047 7f7934ff9700 [db/flush_job.cc:301] [usertable] [JOB 3] Flushing memtable with next log file: 13
2019/07/08-22:50:57.351089 7f7934ff9700 EVENT_LOG_v1 {"time_micros": 1562651457351075, "job": 3, "event": "flush_started", "num_memtables": 2, "num_entries": 61152, "num_deletes": 0, "memory_usage": 255651896, "flush_reason": "Write Buffer Full"}
2019/07/08-22:50:57.351096 7f7934ff9700 [db/flush_job.cc:331] [usertable] [JOB 3] Level-0 flush table #14: started
2019/07/08-22:50:59.051742 7f7934ff9700 EVENT_LOG_v1 {"time_micros": 1562651459051717, "cf_name": "usertable", "job": 3, "event": "table_file_creation", "file_number": 14, "file_size": 253268467, "table_properties": {"data_size": 252136492, "index_size": 1131048, "filter_size": 0, "raw_key_size": 1467648, "raw_average_key_size": 24, "raw_value_size": 250478592, "raw_average_value_size": 4096, "num_data_blocks": 30576, "num_entries": 61152, "filter_policy_name": "", "kDeletedKeys": "0", "kMergeOperands": "0"}}
2019/07/08-22:50:59.051763 7f7934ff9700 [db/flush_job.cc:371] [usertable] [JOB 3] Level-0 flush table #14: 253268467 bytes OK
2019/07/08-22:50:59.066786 7f7934ff9700 (Original Log Time 2019/07/08-22:50:59.051779) [db/memtable_list.cc:377] [usertable] Level-0 commit table #14 started
2019/07/08-22:50:59.066789 7f7934ff9700 (Original Log Time 2019/07/08-22:50:59.066713) [db/memtable_list.cc:409] [usertable] Level-0 commit table #14: memtable #1 done
2019/07/08-22:50:59.066791 7f7934ff9700 (Original Log Time 2019/07/08-22:50:59.066715) [db/memtable_list.cc:409] [usertable] Level-0 commit table #14: memtable #2 done
2019/07/08-22:50:59.066792 7f7934ff9700 (Original Log Time 2019/07/08-22:50:59.066733) EVENT_LOG_v1 {"time_micros": 1562651459066723, "job": 3, "event": "flush_finished", "output_compression": "NoCompression", "lsm_state": [2, 0, 0, 0, 0, 0, 0], "immutable_memtables": 0}
2019/07/08-22:50:59.066794 7f7934ff9700 (Original Log Time 2019/07/08-22:50:59.066768) [db/db_impl_compaction_flush.cc:177] [usertable] Level summary: base level 1 max bytes base 536870912 files[2 0 0 0 0 0 0] max score 1.00
2019/07/08-22:50:59.066803 7f7934ff9700 [db/db_impl_files.cc:347] [JOB 3] Try to delete WAL files size 252495216, prev total WAL file size 299325926, number of live WAL files 3.
2019/07/08-22:50:59.067001 7f798e7fc700 [WARN] [db/db_impl.cc:491] ------- DUMPING STATS -------
2019/07/08-22:50:59.067041 7f798e7fc700 [WARN] [db/db_impl.cc:492] 
** DB Stats **
Uptime(secs): 38.5 total, 38.5 interval
Cumulative writes: 134K writes, 134K keys, 134K commit groups, 1.0 writes per commit group, ingest: 0.52 GB, 13.75 MB/s
Cumulative WAL: 134K writes, 0 syncs, 134489.00 writes per sync, written: 0.52 GB, 13.75 MB/s
Cumulative stall: 00:00:0.000 H:M:S, 0.0 percent
Interval writes: 134K writes, 134K keys, 134K commit groups, 1.0 writes per commit group, ingest: 529.58 MB, 13.75 MB/s
Interval WAL: 134K writes, 0 syncs, 134489.00 writes per sync, written: 0.52 MB, 13.75 MB/s
Interval stall: 00:00:0.000 H:M:S, 0.0 percent

** Compaction Stats [default] **
Level    Files   Size     Score Read(GB)  Rn(GB) Rnp1(GB) Write(GB) Wnew(GB) Moved(GB) W-Amp Rd(MB/s) Wr(MB/s) Comp(sec) Comp(cnt) Avg(sec) KeyIn KeyDrop
----------------------------------------------------------------------------------------------------------------------------------------------------------
 Sum      0/0    0.00 KB   0.0      0.0     0.0      0.0       0.0      0.0       0.0   0.0      0.0      0.0         0         0    0.000       0      0
 Int      0/0    0.00 KB   0.0      0.0     0.0      0.0       0.0      0.0       0.0   0.0      0.0      0.0         0         0    0.000       0      0
Uptime(secs): 38.5 total, 38.5 interval
Flush(GB): cumulative 0.000, interval 0.000
AddFile(GB): cumulative 0.000, interval 0.000
AddFile(Total Files): cumulative 0, interval 0
AddFile(L0 Files): cumulative 0, interval 0
AddFile(Keys): cumulative 0, interval 0
Cumulative compaction: 0.00 GB write, 0.00 MB/s write, 0.00 GB read, 0.00 MB/s read, 0.0 seconds
Interval compaction: 0.00 GB write, 0.00 MB/s write, 0.00 GB read, 0.00 MB/s read, 0.0 seconds
Stalls(count): 0 level0_slowdown, 0 level0_slowdown_with_compaction, 0 level0_numfiles, 0 level0_numfiles_with_compaction, 0 stop for pending_compaction_bytes, 0 slowdown for pending_compaction_bytes, 0 memtable_compaction, 0 memtable_slowdown, interval 0 total count

** File Read Latency Histogram By Level [default] **

** Compaction Stats [usertable] **
Level    Files   Size     Score Read(GB)  Rn(GB) Rnp1(GB) Write(GB) Wnew(GB) Moved(GB) W-Amp Rd(MB/s) Wr(MB/s) Comp(sec) Comp(cnt) Avg(sec) KeyIn KeyDrop
----------------------------------------------------------------------------------------------------------------------------------------------------------
  L0      2/0   486.39 MB   1.0      0.0     0.0      0.0       0.5      0.5       0.0   1.0      0.0    124.4         4         2    1.955       0      0
 Sum      2/0   486.39 MB   0.0      0.0     0.0      0.0       0.5      0.5       0.0   1.0      0.0    124.4         4         2    1.955       0      0
 Int      0/0    0.00 KB   0.0      0.0     0.0      0.0       0.5      0.5       0.0   1.0      0.0    124.4         4         2    1.955       0      0
Uptime(secs): 38.5 total, 38.5 interval
Flush(GB): cumulative 0.475, interval 0.475
AddFile(GB): cumulative 0.000, interval 0.000
AddFile(Total Files): cumulative 0, interval 0
AddFile(L0 Files): cumulative 0, interval 0
AddFile(Keys): cumulative 0, interval 0
Cumulative compaction: 0.47 GB write, 12.64 MB/s write, 0.00 GB read, 0.00 MB/s read, 3.9 seconds
Interval compaction: 0.47 GB write, 12.64 MB/s write, 0.00 GB read, 0.00 MB/s read, 3.9 seconds
Stalls(count): 0 level0_slowdown, 0 level0_slowdown_with_compaction, 0 level0_numfiles, 0 level0_numfiles_with_compaction, 0 stop for pending_compaction_bytes, 0 slowdown for pending_compaction_bytes, 0 memtable_compaction, 0 memtable_slowdown, interval 0 total count

** File Read Latency Histogram By Level [usertable] **

** Compaction Stats [default] **
Level    Files   Size     Score Read(GB)  Rn(GB) Rnp1(GB) Write(GB) Wnew(GB) Moved(GB) W-Amp Rd(MB/s) Wr(MB/s) Comp(sec) Comp(cnt) Avg(sec) KeyIn KeyDrop
----------------------------------------------------------------------------------------------------------------------------------------------------------
 Sum      0/0    0.00 KB   0.0      0.0     0.0      0.0       0.0      0.0       0.0   0.0      0.0      0.0         0         0    0.000       0      0
 Int      0/0    0.00 KB   0.0      0.0     0.0      0.0       0.0      0.0       0.0   0.0      0.0      0.0         0         0    0.000       0      0
Uptime(secs): 38.5 total, 0.0 interval
Flush(GB): cumulative 0.000, interval 0.000
AddFile(GB): cumulative 0.000, interval 0.000
AddFile(Total Files): cumulative 0, interval 0
AddFile(L0 Files): cumulative 0, interval 0
AddFile(Keys): cumulative 0, interval 0
Cumulative compaction: 0.00 GB write, 0.00 MB/s write, 0.00 GB read, 0.00 MB/s read, 0.0 seconds
Interval compaction: 0.00 GB write, 0.00 MB/s write, 0.00 GB read, 0.00 MB/s read, 0.0 seconds
Stalls(count): 0 level0_slowdown, 0 level0_slowdown_with_compaction, 0 level0_numfiles, 0 level0_numfiles_with_compaction, 0 stop for pending_compaction_bytes, 0 slowdown for pending_compaction_bytes, 0 memtable_compaction, 0 memtable_slowdown, interval 0 total count

** File Read Latency Histogram By Level [default] **

** Compaction Stats [usertable] **
Level    Files   Size     Score Read(GB)  Rn(GB) Rnp1(GB) Write(GB) Wnew(GB) Moved(GB) W-Amp Rd(MB/s) Wr(MB/s) Comp(sec) Comp(cnt) Avg(sec) KeyIn KeyDrop
----------------------------------------------------------------------------------------------------------------------------------------------------------
  L0      2/0   486.39 MB   1.0      0.0     0.0      0.0       0.5      0.5       0.0   1.0      0.0    124.4         4         2    1.955       0      0
 Sum      2/0   486.39 MB   0.0      0.0     0.0      0.0       0.5      0.5       0.0   1.0      0.0    124.4         4         2    1.955       0      0
 Int      0/0    0.00 KB   0.0      0.0     0.0      0.0       0.0      0.0       0.0   0.0      0.0      0.0         0         0    0.000       0      0
Uptime(secs): 38.5 total, 0.0 interval
Flush(GB): cumulative 0.475, interval 0.000
AddFile(GB): cumulative 0.000, interval 0.000
AddFile(Total Files): cumulative 0, interval 0
AddFile(L0 Files): cumulative 0, interval 0
AddFile(Keys): cumulative 0, interval 0
Cumulative compaction: 0.47 GB write, 12.64 MB/s write, 0.00 GB read, 0.00 MB/s read, 3.9 seconds
Interval compaction: 0.00 GB write, 0.00 MB/s write, 0.00 GB read, 0.00 MB/s read, 0.0 seconds
Stalls(count): 0 level0_slowdown, 0 level0_slowdown_with_compaction, 0 level0_numfiles, 0 level0_numfiles_with_compaction, 0 stop for pending_compaction_bytes, 0 slowdown for pending_compaction_bytes, 0 memtable_compaction, 0 memtable_slowdown, interval 0 total count

** File Read Latency Histogram By Level [usertable] **
2019/07/08-22:50:59.085204 7f798e7fc700 (Original Log Time 2019/07/08-22:50:59.070023) [db/db_impl_compaction_flush.cc:1835] [usertable] Moving #11 to level-1 256746103 bytes
2019/07/08-22:50:59.085208 7f798e7fc700 (Original Log Time 2019/07/08-22:50:59.085157) EVENT_LOG_v1 {"time_micros": 1562651459085145, "job": 4, "event": "trivial_move", "destination_level": 1, "files": 1, "total_files_size": 256746103}
2019/07/08-22:50:59.085210 7f798e7fc700 (Original Log Time 2019/07/08-22:50:59.085168) [db/db_impl_compaction_flush.cc:1864] [usertable] Moved #1 files to level-1 256746103 bytes OK: base level 1 max bytes base 536870912 files[1 1 0 0 0 0 0] max score 0.50
2019/07/08-22:51:04.347037 7f79744f5700 [db/db_impl_write.cc:1373] [usertable] New memtable created with log file: #15. Immutable memtables: 0.
2019/07/08-22:51:12.722608 7f798c7f8700 [db/db_impl_write.cc:1373] [usertable] New memtable created with log file: #16. Immutable memtables: 1.
2019/07/08-22:51:12.722724 7f798cff9700 [db/db_impl_compaction_flush.cc:80] [JOB 5] Syncing log #13
2019/07/08-22:51:13.189819 7f798cff9700 [db/db_impl_compaction_flush.cc:80] [JOB 5] Syncing log #15
2019/07/08-22:51:13.659624 7f798cff9700 (Original Log Time 2019/07/08-22:51:12.722708) [db/db_impl_compaction_flush.cc:1424] Calling FlushMemTableToOutputFile with column family [usertable], flush slots available 24, compaction slots available 1, flush slots scheduled 1, compaction slots scheduled 0
2019/07/08-22:51:13.659636 7f798cff9700 [db/flush_job.cc:301] [usertable] [JOB 5] Flushing memtable with next log file: 15
2019/07/08-22:51:13.659642 7f798cff9700 [db/flush_job.cc:301] [usertable] [JOB 5] Flushing memtable with next log file: 16
2019/07/08-22:51:13.659674 7f798cff9700 EVENT_LOG_v1 {"time_micros": 1562651473659664, "job": 5, "event": "flush_started", "num_memtables": 2, "num_entries": 59135, "num_deletes": 0, "memory_usage": 249843048, "flush_reason": "Write Buffer Full"}
2019/07/08-22:51:13.659680 7f798cff9700 [db/flush_job.cc:331] [usertable] [JOB 5] Level-0 flush table #17: started
2019/07/08-22:51:15.078224 7f798cff9700 EVENT_LOG_v1 {"time_micros": 1562651475078198, "cf_name": "usertable", "job": 5, "event": "table_file_creation", "file_number": 17, "file_size": 244914868, "table_properties": {"data_size": 243820189, "index_size": 1093752, "filter_size": 0, "raw_key_size": 1419240, "raw_average_key_size": 24, "raw_value_size": 242216960, "raw_average_value_size": 4096, "num_data_blocks": 29568, "num_entries": 59135, "filter_policy_name": "", "kDeletedKeys": "0", "kMergeOperands": "0"}}
2019/07/08-22:51:15.078246 7f798cff9700 [db/flush_job.cc:371] [usertable] [JOB 5] Level-0 flush table #17: 244914868 bytes OK
2019/07/08-22:51:15.104100 7f798cff9700 (Original Log Time 2019/07/08-22:51:15.078262) [db/memtable_list.cc:377] [usertable] Level-0 commit table #17 started
2019/07/08-22:51:15.104105 7f798cff9700 (Original Log Time 2019/07/08-22:51:15.103974) [db/memtable_list.cc:409] [usertable] Level-0 commit table #17: memtable #1 done
2019/07/08-22:51:15.104107 7f798cff9700 (Original Log Time 2019/07/08-22:51:15.103978) [db/memtable_list.cc:409] [usertable] Level-0 commit table #17: memtable #2 done
2019/07/08-22:51:15.104109 7f798cff9700 (Original Log Time 2019/07/08-22:51:15.104019) EVENT_LOG_v1 {"time_micros": 1562651475104006, "job": 5, "event": "flush_finished", "output_compression": "NoCompression", "lsm_state": [2, 1, 0, 0, 0, 0, 0], "immutable_memtables": 0}
2019/07/08-22:51:15.104110 7f798cff9700 (Original Log Time 2019/07/08-22:51:15.104071) [db/db_impl_compaction_flush.cc:177] [usertable] Level summary: base level 1 max bytes base 536870912 files[2 1 0 0 0 0 0] max score 1.00
