2019/04/21-23:34:22.110569 7fbf703d8700 RocksDB version: 5.14.3
2019/04/21-23:34:22.110626 7fbf703d8700 Git sha rocksdb_build_git_sha:
2019/04/21-23:34:22.110629 7fbf703d8700 Compile date Oct  9 2018
2019/04/21-23:34:22.110639 7fbf703d8700 DB SUMMARY
2019/04/21-23:34:22.110666 7fbf703d8700 SST files in /mnt/sdb/ycsb-rocksdb-data dir, Total Num: 0, files: 
2019/04/21-23:34:22.110670 7fbf703d8700 Write Ahead Log file in /mnt/sdb/ycsb-rocksdb-data: 
2019/04/21-23:34:22.110673 7fbf703d8700                         Options.error_if_exists: 0
2019/04/21-23:34:22.110675 7fbf703d8700                       Options.create_if_missing: 1
2019/04/21-23:34:22.110676 7fbf703d8700                         Options.paranoid_checks: 1
2019/04/21-23:34:22.110677 7fbf703d8700                                     Options.env: 0x7fbf04ffa080
2019/04/21-23:34:22.110678 7fbf703d8700                                Options.info_log: 0x7fbee83b6b40
2019/04/21-23:34:22.110679 7fbf703d8700                Options.max_file_opening_threads: 16
2019/04/21-23:34:22.110680 7fbf703d8700                              Options.statistics: (nil)
2019/04/21-23:34:22.110682 7fbf703d8700                               Options.use_fsync: 0
2019/04/21-23:34:22.110683 7fbf703d8700                       Options.max_log_file_size: 0
2019/04/21-23:34:22.110684 7fbf703d8700                  Options.max_manifest_file_size: 18446744073709551615
2019/04/21-23:34:22.110685 7fbf703d8700                   Options.log_file_time_to_roll: 0
2019/04/21-23:34:22.110686 7fbf703d8700                       Options.keep_log_file_num: 1000
2019/04/21-23:34:22.110687 7fbf703d8700                    Options.recycle_log_file_num: 0
2019/04/21-23:34:22.110688 7fbf703d8700                         Options.allow_fallocate: 1
2019/04/21-23:34:22.110689 7fbf703d8700                        Options.allow_mmap_reads: 0
2019/04/21-23:34:22.110690 7fbf703d8700                       Options.allow_mmap_writes: 0
2019/04/21-23:34:22.110691 7fbf703d8700                        Options.use_direct_reads: 0
2019/04/21-23:34:22.110692 7fbf703d8700                        Options.use_direct_io_for_flush_and_compaction: 0
2019/04/21-23:34:22.110693 7fbf703d8700          Options.create_missing_column_families: 1
2019/04/21-23:34:22.110694 7fbf703d8700                              Options.db_log_dir: 
2019/04/21-23:34:22.110695 7fbf703d8700                                 Options.wal_dir: /mnt/sdb/ycsb-rocksdb-data
2019/04/21-23:34:22.110696 7fbf703d8700                Options.table_cache_numshardbits: 6
2019/04/21-23:34:22.110697 7fbf703d8700                      Options.max_subcompactions: 4
2019/04/21-23:34:22.110698 7fbf703d8700                  Options.max_background_flushes: 24
2019/04/21-23:34:22.110699 7fbf703d8700                         Options.WAL_ttl_seconds: 0
2019/04/21-23:34:22.110700 7fbf703d8700                       Options.WAL_size_limit_MB: 0
2019/04/21-23:34:22.110701 7fbf703d8700             Options.manifest_preallocation_size: 4194304
2019/04/21-23:34:22.110703 7fbf703d8700                     Options.is_fd_close_on_exec: 1
2019/04/21-23:34:22.110704 7fbf703d8700                   Options.advise_random_on_open: 1
2019/04/21-23:34:22.110705 7fbf703d8700                    Options.db_write_buffer_size: 0
2019/04/21-23:34:22.110706 7fbf703d8700                    Options.write_buffer_manager: 0x7fbee83afd50
2019/04/21-23:34:22.110707 7fbf703d8700         Options.access_hint_on_compaction_start: 1
2019/04/21-23:34:22.110708 7fbf703d8700  Options.new_table_reader_for_compaction_inputs: 0
2019/04/21-23:34:22.110709 7fbf703d8700           Options.random_access_max_buffer_size: 1048576
2019/04/21-23:34:22.110710 7fbf703d8700                      Options.use_adaptive_mutex: 0
2019/04/21-23:34:22.110710 7fbf703d8700                            Options.rate_limiter: (nil)
2019/04/21-23:34:22.110712 7fbf703d8700     Options.sst_file_manager.rate_bytes_per_sec: 0
2019/04/21-23:34:22.110713 7fbf703d8700                       Options.wal_recovery_mode: 2
2019/04/21-23:34:22.110714 7fbf703d8700                  Options.enable_thread_tracking: 0
2019/04/21-23:34:22.110716 7fbf703d8700                  Options.enable_pipelined_write: 1
2019/04/21-23:34:22.110729 7fbf703d8700         Options.allow_concurrent_memtable_write: 1
2019/04/21-23:34:22.110733 7fbf703d8700      Options.enable_write_thread_adaptive_yield: 1
2019/04/21-23:34:22.110734 7fbf703d8700             Options.write_thread_max_yield_usec: 100
2019/04/21-23:34:22.110736 7fbf703d8700            Options.write_thread_slow_yield_usec: 3
2019/04/21-23:34:22.110737 7fbf703d8700                               Options.row_cache: None
2019/04/21-23:34:22.110738 7fbf703d8700                              Options.wal_filter: None
2019/04/21-23:34:22.110739 7fbf703d8700             Options.avoid_flush_during_recovery: 0
2019/04/21-23:34:22.110740 7fbf703d8700             Options.allow_ingest_behind: 0
2019/04/21-23:34:22.110741 7fbf703d8700             Options.preserve_deletes: 0
2019/04/21-23:34:22.110742 7fbf703d8700             Options.two_write_queues: 0
2019/04/21-23:34:22.110743 7fbf703d8700             Options.manual_wal_flush: 0
2019/04/21-23:34:22.110746 7fbf703d8700             Options.max_background_jobs: 24
2019/04/21-23:34:22.110747 7fbf703d8700             Options.max_background_compactions: 24
2019/04/21-23:34:22.110748 7fbf703d8700             Options.avoid_flush_during_shutdown: 0
2019/04/21-23:34:22.110749 7fbf703d8700           Options.writable_file_max_buffer_size: 1048576
2019/04/21-23:34:22.110750 7fbf703d8700             Options.delayed_write_rate : 16777216
2019/04/21-23:34:22.110751 7fbf703d8700             Options.max_total_wal_size: 0
2019/04/21-23:34:22.110752 7fbf703d8700             Options.delete_obsolete_files_period_micros: 21600000000
2019/04/21-23:34:22.110753 7fbf703d8700                   Options.stats_dump_period_sec: 60
2019/04/21-23:34:22.110754 7fbf703d8700                          Options.max_open_files: -1
2019/04/21-23:34:22.110755 7fbf703d8700                          Options.bytes_per_sync: 1048576
2019/04/21-23:34:22.110757 7fbf703d8700                      Options.wal_bytes_per_sync: 0
2019/04/21-23:34:22.110758 7fbf703d8700       Options.compaction_readahead_size: 0
2019/04/21-23:34:22.110759 7fbf703d8700 Compression algorithms supported:
2019/04/21-23:34:22.110760 7fbf703d8700 	kZSTDNotFinalCompression supported: 1
2019/04/21-23:34:22.110769 7fbf703d8700 	kZSTD supported: 1
2019/04/21-23:34:22.110770 7fbf703d8700 	kXpressCompression supported: 0
2019/04/21-23:34:22.110772 7fbf703d8700 	kLZ4HCCompression supported: 1
2019/04/21-23:34:22.110773 7fbf703d8700 	kLZ4Compression supported: 1
2019/04/21-23:34:22.110774 7fbf703d8700 	kBZip2Compression supported: 1
2019/04/21-23:34:22.110776 7fbf703d8700 	kZlibCompression supported: 1
2019/04/21-23:34:22.110777 7fbf703d8700 	kSnappyCompression supported: 1
2019/04/21-23:34:22.110782 7fbf703d8700 Fast CRC32 supported: Not supported on x86
2019/04/21-23:34:22.110862 7fbf703d8700 [db/db_impl_open.cc:222] Creating manifest 1 
2019/04/21-23:34:22.169912 7fbf703d8700 [db/version_set.cc:3085] Recovering from manifest file: MANIFEST-000001
2019/04/21-23:34:22.169988 7fbf703d8700 [db/column_family.cc:475] --------------- Options for column family [default]:
2019/04/21-23:34:22.170004 7fbf703d8700               Options.comparator: leveldb.BytewiseComparator
2019/04/21-23:34:22.170005 7fbf703d8700           Options.merge_operator: None
2019/04/21-23:34:22.170006 7fbf703d8700        Options.compaction_filter: None
2019/04/21-23:34:22.170007 7fbf703d8700        Options.compaction_filter_factory: None
2019/04/21-23:34:22.170008 7fbf703d8700         Options.memtable_factory: SkipListFactory
2019/04/21-23:34:22.170010 7fbf703d8700            Options.table_factory: BlockBasedTable
2019/04/21-23:34:22.170040 7fbf703d8700            table_factory options:   flush_block_policy_factory: FlushBlockBySizePolicyFactory (0x7fbee83b0fc0)
  cache_index_and_filter_blocks: 0
  cache_index_and_filter_blocks_with_high_priority: 0
  pin_l0_filter_and_index_blocks_in_cache: 0
  index_type: 0
  hash_index_allow_collision: 1
  checksum: 1
  no_block_cache: 0
  block_cache: 0x7fbee83a5940
  block_cache_name: LRUCache
  block_cache_options:
    capacity : 8388608
    num_shard_bits : 4
    strict_capacity_limit : 0
    high_pri_pool_ratio: 0.000
  block_cache_compressed: (nil)
  persistent_cache: (nil)
  block_size: 8192
  block_size_deviation: 10
  block_restart_interval: 16
  index_block_restart_interval: 1
  metadata_block_size: 4096
  partition_filters: 0
  use_delta_encoding: 1
  filter_policy: nullptr
  whole_key_filtering: 1
  verify_compression: 0
  read_amp_bytes_per_bit: 0
  format_version: 2
  enable_index_compression: 1
  block_align: 0
2019/04/21-23:34:22.170054 7fbf703d8700        Options.write_buffer_size: 134217728
2019/04/21-23:34:22.170056 7fbf703d8700  Options.max_write_buffer_number: 24
2019/04/21-23:34:22.170058 7fbf703d8700        Options.compression[0]: NoCompression
2019/04/21-23:34:22.170059 7fbf703d8700        Options.compression[1]: NoCompression
2019/04/21-23:34:22.170061 7fbf703d8700        Options.compression[2]: LZ4
2019/04/21-23:34:22.170062 7fbf703d8700        Options.compression[3]: LZ4
2019/04/21-23:34:22.170063 7fbf703d8700        Options.compression[4]: LZ4
2019/04/21-23:34:22.170064 7fbf703d8700        Options.compression[5]: LZ4
2019/04/21-23:34:22.170065 7fbf703d8700        Options.compression[6]: LZ4
2019/04/21-23:34:22.170066 7fbf703d8700                  Options.bottommost_compression: Disabled
2019/04/21-23:34:22.170067 7fbf703d8700       Options.prefix_extractor: nullptr
2019/04/21-23:34:22.170068 7fbf703d8700   Options.memtable_insert_with_hint_prefix_extractor: nullptr
2019/04/21-23:34:22.170069 7fbf703d8700             Options.num_levels: 7
2019/04/21-23:34:22.170070 7fbf703d8700        Options.min_write_buffer_number_to_merge: 2
2019/04/21-23:34:22.170072 7fbf703d8700     Options.max_write_buffer_number_to_maintain: 0
2019/04/21-23:34:22.170072 7fbf703d8700            Options.compression_opts.window_bits: -14
2019/04/21-23:34:22.170073 7fbf703d8700                  Options.compression_opts.level: -1
2019/04/21-23:34:22.170074 7fbf703d8700               Options.compression_opts.strategy: 0
2019/04/21-23:34:22.170075 7fbf703d8700         Options.compression_opts.max_dict_bytes: 0
2019/04/21-23:34:22.170076 7fbf703d8700         Options.compression_opts.zstd_max_train_bytes: 0
2019/04/21-23:34:22.170077 7fbf703d8700      Options.level0_file_num_compaction_trigger: 2
2019/04/21-23:34:22.170078 7fbf703d8700          Options.level0_slowdown_writes_trigger: 20
2019/04/21-23:34:22.170079 7fbf703d8700              Options.level0_stop_writes_trigger: 36
2019/04/21-23:34:22.170080 7fbf703d8700                   Options.target_file_size_base: 67108864
2019/04/21-23:34:22.170081 7fbf703d8700             Options.target_file_size_multiplier: 1
2019/04/21-23:34:22.170082 7fbf703d8700                Options.max_bytes_for_level_base: 536870912
2019/04/21-23:34:22.170083 7fbf703d8700 Options.level_compaction_dynamic_level_bytes: 0
2019/04/21-23:34:22.170084 7fbf703d8700          Options.max_bytes_for_level_multiplier: 10.000000
2019/04/21-23:34:22.170087 7fbf703d8700 Options.max_bytes_for_level_multiplier_addtl[0]: 1
2019/04/21-23:34:22.170089 7fbf703d8700 Options.max_bytes_for_level_multiplier_addtl[1]: 1
2019/04/21-23:34:22.170090 7fbf703d8700 Options.max_bytes_for_level_multiplier_addtl[2]: 1
2019/04/21-23:34:22.170091 7fbf703d8700 Options.max_bytes_for_level_multiplier_addtl[3]: 1
2019/04/21-23:34:22.170092 7fbf703d8700 Options.max_bytes_for_level_multiplier_addtl[4]: 1
2019/04/21-23:34:22.170092 7fbf703d8700 Options.max_bytes_for_level_multiplier_addtl[5]: 1
2019/04/21-23:34:22.170093 7fbf703d8700 Options.max_bytes_for_level_multiplier_addtl[6]: 1
2019/04/21-23:34:22.170094 7fbf703d8700       Options.max_sequential_skip_in_iterations: 8
2019/04/21-23:34:22.170095 7fbf703d8700                    Options.max_compaction_bytes: 1677721600
2019/04/21-23:34:22.170097 7fbf703d8700                        Options.arena_block_size: 16777216
2019/04/21-23:34:22.170098 7fbf703d8700   Options.soft_pending_compaction_bytes_limit: 68719476736
2019/04/21-23:34:22.170099 7fbf703d8700   Options.hard_pending_compaction_bytes_limit: 274877906944
2019/04/21-23:34:22.170106 7fbf703d8700       Options.rate_limit_delay_max_milliseconds: 100
2019/04/21-23:34:22.170108 7fbf703d8700                Options.disable_auto_compactions: 0
2019/04/21-23:34:22.170109 7fbf703d8700                        Options.compaction_style: kCompactionStyleLevel
2019/04/21-23:34:22.170111 7fbf703d8700                          Options.compaction_pri: kByCompensatedSize
2019/04/21-23:34:22.170112 7fbf703d8700 Options.compaction_options_universal.size_ratio: 1
2019/04/21-23:34:22.170113 7fbf703d8700 Options.compaction_options_universal.min_merge_width: 2
2019/04/21-23:34:22.170114 7fbf703d8700 Options.compaction_options_universal.max_merge_width: 4294967295
2019/04/21-23:34:22.170115 7fbf703d8700 Options.compaction_options_universal.max_size_amplification_percent: 200
2019/04/21-23:34:22.170116 7fbf703d8700 Options.compaction_options_universal.compression_size_percent: -1
2019/04/21-23:34:22.170118 7fbf703d8700 Options.compaction_options_universal.stop_style: kCompactionStopStyleTotalSize
2019/04/21-23:34:22.170119 7fbf703d8700 Options.compaction_options_fifo.max_table_files_size: 1073741824
2019/04/21-23:34:22.170120 7fbf703d8700 Options.compaction_options_fifo.allow_compaction: 0
2019/04/21-23:34:22.170121 7fbf703d8700 Options.compaction_options_fifo.ttl: 0
2019/04/21-23:34:22.170122 7fbf703d8700                   Options.table_properties_collectors: 
2019/04/21-23:34:22.170124 7fbf703d8700                   Options.inplace_update_support: 0
2019/04/21-23:34:22.170124 7fbf703d8700                 Options.inplace_update_num_locks: 10000
2019/04/21-23:34:22.170126 7fbf703d8700               Options.memtable_prefix_bloom_size_ratio: 0.000000
2019/04/21-23:34:22.170127 7fbf703d8700   Options.memtable_huge_page_size: 0
2019/04/21-23:34:22.170128 7fbf703d8700                           Options.bloom_locality: 0
2019/04/21-23:34:22.170129 7fbf703d8700                    Options.max_successive_merges: 0
2019/04/21-23:34:22.170130 7fbf703d8700                Options.optimize_filters_for_hits: 0
2019/04/21-23:34:22.170131 7fbf703d8700                Options.paranoid_file_checks: 0
2019/04/21-23:34:22.170132 7fbf703d8700                Options.force_consistency_checks: 0
2019/04/21-23:34:22.170133 7fbf703d8700                Options.report_bg_io_stats: 0
2019/04/21-23:34:22.170134 7fbf703d8700                               Options.ttl: 0
2019/04/21-23:34:22.170952 7fbf703d8700 [db/version_set.cc:3361] Recovered from manifest file:/mnt/sdb/ycsb-rocksdb-data/MANIFEST-000001 succeeded,manifest_file_number is 1, next_file_number is 3, last_sequence is 0, log_number is 0,prev_log_number is 0,max_column_family is 0,min_log_number_to_keep is 0
2019/04/21-23:34:22.170959 7fbf703d8700 [db/version_set.cc:3369] Column family [default] (ID 0), log number is 0
2019/04/21-23:34:22.171163 7fbf703d8700 [db/version_set.cc:2847] Creating manifest 4
2019/04/21-23:34:22.215958 7fbf703d8700 [db/column_family.cc:475] --------------- Options for column family [usertable]:
2019/04/21-23:34:22.215962 7fbf703d8700               Options.comparator: leveldb.BytewiseComparator
2019/04/21-23:34:22.215964 7fbf703d8700           Options.merge_operator: None
2019/04/21-23:34:22.215965 7fbf703d8700        Options.compaction_filter: None
2019/04/21-23:34:22.215966 7fbf703d8700        Options.compaction_filter_factory: None
2019/04/21-23:34:22.215967 7fbf703d8700         Options.memtable_factory: SkipListFactory
2019/04/21-23:34:22.215968 7fbf703d8700            Options.table_factory: BlockBasedTable
2019/04/21-23:34:22.215997 7fbf703d8700            table_factory options:   flush_block_policy_factory: FlushBlockBySizePolicyFactory (0x7fbee83ba1b0)
  cache_index_and_filter_blocks: 0
  cache_index_and_filter_blocks_with_high_priority: 0
  pin_l0_filter_and_index_blocks_in_cache: 0
  index_type: 0
  hash_index_allow_collision: 1
  checksum: 1
  no_block_cache: 0
  block_cache: 0x7fbee83b7c70
  block_cache_name: LRUCache
  block_cache_options:
    capacity : 8388608
    num_shard_bits : 4
    strict_capacity_limit : 0
    high_pri_pool_ratio: 0.000
  block_cache_compressed: (nil)
  persistent_cache: (nil)
  block_size: 8192
  block_size_deviation: 10
  block_restart_interval: 16
  index_block_restart_interval: 1
  metadata_block_size: 4096
  partition_filters: 0
  use_delta_encoding: 1
  filter_policy: nullptr
  whole_key_filtering: 1
  verify_compression: 0
  read_amp_bytes_per_bit: 0
  format_version: 2
  enable_index_compression: 1
  block_align: 0
2019/04/21-23:34:22.216001 7fbf703d8700        Options.write_buffer_size: 134217728
2019/04/21-23:34:22.216002 7fbf703d8700  Options.max_write_buffer_number: 24
2019/04/21-23:34:22.216004 7fbf703d8700        Options.compression[0]: NoCompression
2019/04/21-23:34:22.216005 7fbf703d8700        Options.compression[1]: NoCompression
2019/04/21-23:34:22.216007 7fbf703d8700        Options.compression[2]: LZ4
2019/04/21-23:34:22.216008 7fbf703d8700        Options.compression[3]: LZ4
2019/04/21-23:34:22.216009 7fbf703d8700        Options.compression[4]: LZ4
2019/04/21-23:34:22.216010 7fbf703d8700        Options.compression[5]: LZ4
2019/04/21-23:34:22.216011 7fbf703d8700        Options.compression[6]: LZ4
2019/04/21-23:34:22.216012 7fbf703d8700                  Options.bottommost_compression: Disabled
2019/04/21-23:34:22.216013 7fbf703d8700       Options.prefix_extractor: nullptr
2019/04/21-23:34:22.216014 7fbf703d8700   Options.memtable_insert_with_hint_prefix_extractor: nullptr
2019/04/21-23:34:22.216015 7fbf703d8700             Options.num_levels: 7
2019/04/21-23:34:22.216017 7fbf703d8700        Options.min_write_buffer_number_to_merge: 2
2019/04/21-23:34:22.216018 7fbf703d8700     Options.max_write_buffer_number_to_maintain: 0
2019/04/21-23:34:22.216019 7fbf703d8700            Options.compression_opts.window_bits: -14
2019/04/21-23:34:22.216020 7fbf703d8700                  Options.compression_opts.level: -1
2019/04/21-23:34:22.216021 7fbf703d8700               Options.compression_opts.strategy: 0
2019/04/21-23:34:22.216022 7fbf703d8700         Options.compression_opts.max_dict_bytes: 0
2019/04/21-23:34:22.216023 7fbf703d8700         Options.compression_opts.zstd_max_train_bytes: 0
2019/04/21-23:34:22.216024 7fbf703d8700      Options.level0_file_num_compaction_trigger: 2
2019/04/21-23:34:22.216025 7fbf703d8700          Options.level0_slowdown_writes_trigger: 20
2019/04/21-23:34:22.216026 7fbf703d8700              Options.level0_stop_writes_trigger: 36
2019/04/21-23:34:22.216027 7fbf703d8700                   Options.target_file_size_base: 67108864
2019/04/21-23:34:22.216028 7fbf703d8700             Options.target_file_size_multiplier: 1
2019/04/21-23:34:22.216029 7fbf703d8700                Options.max_bytes_for_level_base: 536870912
2019/04/21-23:34:22.216030 7fbf703d8700 Options.level_compaction_dynamic_level_bytes: 0
2019/04/21-23:34:22.216031 7fbf703d8700          Options.max_bytes_for_level_multiplier: 10.000000
2019/04/21-23:34:22.216034 7fbf703d8700 Options.max_bytes_for_level_multiplier_addtl[0]: 1
2019/04/21-23:34:22.216045 7fbf703d8700 Options.max_bytes_for_level_multiplier_addtl[1]: 1
2019/04/21-23:34:22.216047 7fbf703d8700 Options.max_bytes_for_level_multiplier_addtl[2]: 1
2019/04/21-23:34:22.216048 7fbf703d8700 Options.max_bytes_for_level_multiplier_addtl[3]: 1
2019/04/21-23:34:22.216049 7fbf703d8700 Options.max_bytes_for_level_multiplier_addtl[4]: 1
2019/04/21-23:34:22.216050 7fbf703d8700 Options.max_bytes_for_level_multiplier_addtl[5]: 1
2019/04/21-23:34:22.216051 7fbf703d8700 Options.max_bytes_for_level_multiplier_addtl[6]: 1
2019/04/21-23:34:22.216052 7fbf703d8700       Options.max_sequential_skip_in_iterations: 8
2019/04/21-23:34:22.216053 7fbf703d8700                    Options.max_compaction_bytes: 1677721600
2019/04/21-23:34:22.216054 7fbf703d8700                        Options.arena_block_size: 16777216
2019/04/21-23:34:22.216055 7fbf703d8700   Options.soft_pending_compaction_bytes_limit: 68719476736
2019/04/21-23:34:22.216056 7fbf703d8700   Options.hard_pending_compaction_bytes_limit: 274877906944
2019/04/21-23:34:22.216057 7fbf703d8700       Options.rate_limit_delay_max_milliseconds: 100
2019/04/21-23:34:22.216058 7fbf703d8700                Options.disable_auto_compactions: 0
2019/04/21-23:34:22.216060 7fbf703d8700                        Options.compaction_style: kCompactionStyleLevel
2019/04/21-23:34:22.216061 7fbf703d8700                          Options.compaction_pri: kByCompensatedSize
2019/04/21-23:34:22.216062 7fbf703d8700 Options.compaction_options_universal.size_ratio: 1
2019/04/21-23:34:22.216063 7fbf703d8700 Options.compaction_options_universal.min_merge_width: 2
2019/04/21-23:34:22.216064 7fbf703d8700 Options.compaction_options_universal.max_merge_width: 4294967295
2019/04/21-23:34:22.216065 7fbf703d8700 Options.compaction_options_universal.max_size_amplification_percent: 200
2019/04/21-23:34:22.216066 7fbf703d8700 Options.compaction_options_universal.compression_size_percent: -1
2019/04/21-23:34:22.216068 7fbf703d8700 Options.compaction_options_universal.stop_style: kCompactionStopStyleTotalSize
2019/04/21-23:34:22.216069 7fbf703d8700 Options.compaction_options_fifo.max_table_files_size: 1073741824
2019/04/21-23:34:22.216070 7fbf703d8700 Options.compaction_options_fifo.allow_compaction: 0
2019/04/21-23:34:22.216071 7fbf703d8700 Options.compaction_options_fifo.ttl: 0
2019/04/21-23:34:22.216072 7fbf703d8700                   Options.table_properties_collectors: 
2019/04/21-23:34:22.216073 7fbf703d8700                   Options.inplace_update_support: 0
2019/04/21-23:34:22.216074 7fbf703d8700                 Options.inplace_update_num_locks: 10000
2019/04/21-23:34:22.216075 7fbf703d8700               Options.memtable_prefix_bloom_size_ratio: 0.000000
2019/04/21-23:34:22.216077 7fbf703d8700   Options.memtable_huge_page_size: 0
2019/04/21-23:34:22.216078 7fbf703d8700                           Options.bloom_locality: 0
2019/04/21-23:34:22.216079 7fbf703d8700                    Options.max_successive_merges: 0
2019/04/21-23:34:22.216080 7fbf703d8700                Options.optimize_filters_for_hits: 0
2019/04/21-23:34:22.216081 7fbf703d8700                Options.paranoid_file_checks: 0
2019/04/21-23:34:22.216082 7fbf703d8700                Options.force_consistency_checks: 0
2019/04/21-23:34:22.216083 7fbf703d8700                Options.report_bg_io_stats: 0
2019/04/21-23:34:22.216084 7fbf703d8700                               Options.ttl: 0
2019/04/21-23:34:22.216130 7fbf703d8700 [db/db_impl.cc:1396] Created column family [usertable] (ID 1)
2019/04/21-23:34:22.263376 7fbf703d8700 [db/db_impl_open.cc:1219] DB pointer 0x7fbee83b9150
2019/04/21-23:34:31.131371 7fbec44f5700 [db/db_impl_write.cc:1373] [usertable] New memtable created with log file: #9. Immutable memtables: 0.
2019/04/21-23:34:39.704056 7fbe807f8700 [db/db_impl_write.cc:1373] [usertable] New memtable created with log file: #10. Immutable memtables: 1.
2019/04/21-23:34:39.704184 7fbe217fa700 [db/db_impl_compaction_flush.cc:80] [JOB 2] Syncing log #3
2019/04/21-23:34:39.948522 7fbe217fa700 [db/db_impl_compaction_flush.cc:80] [JOB 2] Syncing log #9
2019/04/21-23:34:40.438569 7fbe217fa700 (Original Log Time 2019/04/21-23:34:39.704137) [db/db_impl_compaction_flush.cc:1424] Calling FlushMemTableToOutputFile with column family [usertable], flush slots available 24, compaction slots available 1, flush slots scheduled 1, compaction slots scheduled 0
2019/04/21-23:34:40.438583 7fbe217fa700 [db/flush_job.cc:301] [usertable] [JOB 2] Flushing memtable with next log file: 9
2019/04/21-23:34:40.438595 7fbe217fa700 [db/flush_job.cc:301] [usertable] [JOB 2] Flushing memtable with next log file: 10
2019/04/21-23:34:40.438645 7fbe217fa700 EVENT_LOG_v1 {"time_micros": 1555914880438622, "job": 2, "event": "flush_started", "num_memtables": 2, "num_entries": 61029, "num_deletes": 0, "memory_usage": 256475016, "flush_reason": "Write Buffer Full"}
2019/04/21-23:34:40.438655 7fbe217fa700 [db/flush_job.cc:331] [usertable] [JOB 2] Level-0 flush table #11: started
2019/04/21-23:34:41.331524 7fbe217fa700 EVENT_LOG_v1 {"time_micros": 1555914881331499, "cf_name": "usertable", "job": 2, "event": "table_file_creation", "file_number": 11, "file_size": 252745520, "table_properties": {"data_size": 251622581, "index_size": 1122012, "filter_size": 0, "raw_key_size": 1464696, "raw_average_key_size": 24, "raw_value_size": 249974784, "raw_average_value_size": 4096, "num_data_blocks": 30515, "num_entries": 61029, "filter_policy_name": "", "kDeletedKeys": "0", "kMergeOperands": "0"}}
2019/04/21-23:34:41.331552 7fbe217fa700 [db/flush_job.cc:371] [usertable] [JOB 2] Level-0 flush table #11: 252745520 bytes OK
2019/04/21-23:34:41.346163 7fbe217fa700 (Original Log Time 2019/04/21-23:34:41.331567) [db/memtable_list.cc:377] [usertable] Level-0 commit table #11 started
2019/04/21-23:34:41.346167 7fbe217fa700 (Original Log Time 2019/04/21-23:34:41.346093) [db/memtable_list.cc:409] [usertable] Level-0 commit table #11: memtable #1 done
2019/04/21-23:34:41.346169 7fbe217fa700 (Original Log Time 2019/04/21-23:34:41.346098) [db/memtable_list.cc:409] [usertable] Level-0 commit table #11: memtable #2 done
2019/04/21-23:34:41.346170 7fbe217fa700 (Original Log Time 2019/04/21-23:34:41.346116) EVENT_LOG_v1 {"time_micros": 1555914881346106, "job": 2, "event": "flush_finished", "output_compression": "NoCompression", "lsm_state": [1, 0, 0, 0, 0, 0, 0], "immutable_memtables": 0}
2019/04/21-23:34:41.346172 7fbe217fa700 (Original Log Time 2019/04/21-23:34:41.346140) [db/db_impl_compaction_flush.cc:177] [usertable] Level summary: base level 1 max bytes base 536870912 files[1 0 0 0 0 0 0] max score 0.50
2019/04/21-23:34:41.346180 7fbe217fa700 [db/db_impl_files.cc:347] [JOB 2] Try to delete WAL files size 251987121, prev total WAL file size 275724706, number of live WAL files 3.
2019/04/21-23:34:48.522978 7fbec44f5700 [db/db_impl_write.cc:1373] [usertable] New memtable created with log file: #12. Immutable memtables: 0.
2019/04/21-23:34:57.364224 7fbf043fc700 [db/db_impl_write.cc:1373] [usertable] New memtable created with log file: #13. Immutable memtables: 1.
2019/04/21-23:34:57.364341 7fbe827fc700 [db/db_impl_compaction_flush.cc:80] [JOB 3] Syncing log #10
2019/04/21-23:34:57.876528 7fbe827fc700 [db/db_impl_compaction_flush.cc:80] [JOB 3] Syncing log #12
2019/04/21-23:34:58.366718 7fbe827fc700 (Original Log Time 2019/04/21-23:34:57.364323) [db/db_impl_compaction_flush.cc:1424] Calling FlushMemTableToOutputFile with column family [usertable], flush slots available 24, compaction slots available 1, flush slots scheduled 1, compaction slots scheduled 0
2019/04/21-23:34:58.366732 7fbe827fc700 [db/flush_job.cc:301] [usertable] [JOB 3] Flushing memtable with next log file: 12
2019/04/21-23:34:58.366738 7fbe827fc700 [db/flush_job.cc:301] [usertable] [JOB 3] Flushing memtable with next log file: 13
2019/04/21-23:34:58.366772 7fbe827fc700 EVENT_LOG_v1 {"time_micros": 1555914898366758, "job": 3, "event": "flush_started", "num_memtables": 2, "num_entries": 61811, "num_deletes": 0, "memory_usage": 256173536, "flush_reason": "Write Buffer Full"}
2019/04/21-23:34:58.366779 7fbe827fc700 [db/flush_job.cc:331] [usertable] [JOB 3] Level-0 flush table #14: started
2019/04/21-23:35:00.647763 7fbe827fc700 EVENT_LOG_v1 {"time_micros": 1555914900647738, "cf_name": "usertable", "job": 3, "event": "table_file_creation", "file_number": 14, "file_size": 255997819, "table_properties": {"data_size": 254853634, "index_size": 1143258, "filter_size": 0, "raw_key_size": 1483464, "raw_average_key_size": 24, "raw_value_size": 253177856, "raw_average_value_size": 4096, "num_data_blocks": 30906, "num_entries": 61811, "filter_policy_name": "", "kDeletedKeys": "0", "kMergeOperands": "0"}}
2019/04/21-23:35:00.647785 7fbe827fc700 [db/flush_job.cc:371] [usertable] [JOB 3] Level-0 flush table #14: 255997819 bytes OK
2019/04/21-23:35:00.677048 7fbe827fc700 (Original Log Time 2019/04/21-23:35:00.647801) [db/memtable_list.cc:377] [usertable] Level-0 commit table #14 started
2019/04/21-23:35:00.677054 7fbe827fc700 (Original Log Time 2019/04/21-23:35:00.676949) [db/memtable_list.cc:409] [usertable] Level-0 commit table #14: memtable #1 done
2019/04/21-23:35:00.677057 7fbe827fc700 (Original Log Time 2019/04/21-23:35:00.676952) [db/memtable_list.cc:409] [usertable] Level-0 commit table #14: memtable #2 done
2019/04/21-23:35:00.677058 7fbe827fc700 (Original Log Time 2019/04/21-23:35:00.676968) EVENT_LOG_v1 {"time_micros": 1555914900676960, "job": 3, "event": "flush_finished", "output_compression": "NoCompression", "lsm_state": [2, 0, 0, 0, 0, 0, 0], "immutable_memtables": 0}
2019/04/21-23:35:00.677060 7fbe827fc700 (Original Log Time 2019/04/21-23:35:00.677013) [db/db_impl_compaction_flush.cc:177] [usertable] Level summary: base level 1 max bytes base 536870912 files[2 0 0 0 0 0 0] max score 1.00
2019/04/21-23:35:00.677068 7fbe827fc700 [db/db_impl_files.cc:347] [JOB 3] Try to delete WAL files size 255215915, prev total WAL file size 303091274, number of live WAL files 3.
2019/04/21-23:35:00.677347 7fbee3fff700 [WARN] [db/db_impl.cc:491] ------- DUMPING STATS -------
2019/04/21-23:35:00.677392 7fbee3fff700 [WARN] [db/db_impl.cc:492] 
** DB Stats **
Uptime(secs): 38.5 total, 38.5 interval
Cumulative writes: 134K writes, 134K keys, 134K commit groups, 1.0 writes per commit group, ingest: 0.52 GB, 13.75 MB/s
Cumulative WAL: 134K writes, 0 syncs, 134435.00 writes per sync, written: 0.52 GB, 13.75 MB/s
Cumulative stall: 00:00:0.000 H:M:S, 0.0 percent
Interval writes: 134K writes, 134K keys, 134K commit groups, 1.0 writes per commit group, ingest: 529.36 MB, 13.75 MB/s
Interval WAL: 134K writes, 0 syncs, 134435.00 writes per sync, written: 0.52 MB, 13.75 MB/s
Interval stall: 00:00:0.000 H:M:S, 0.0 percent

** Compaction Stats [default] **
Level    Files   Size     Score Read(GB)  Rn(GB) Rnp1(GB) Write(GB) Wnew(GB) Moved(GB) W-Amp Rd(MB/s) Wr(MB/s) Comp(sec) Comp(cnt) Avg(sec) KeyIn KeyDrop
----------------------------------------------------------------------------------------------------------------------------------------------------------
 Sum      0/0    0.00 KB   0.0      0.0     0.0      0.0       0.0      0.0       0.0   0.0      0.0      0.0         0         0    0.000       0      0
 Int      0/0    0.00 KB   0.0      0.0     0.0      0.0       0.0      0.0       0.0   0.0      0.0      0.0         0         0    0.000       0      0
Uptime(secs): 38.5 total, 38.5 interval
Flush(GB): cumulative 0.000, interval 0.000
AddFile(GB): cumulative 0.000, interval 0.000
AddFile(Total Files): cumulative 0, interval 0
AddFile(L0 Files): cumulative 0, interval 0
AddFile(Keys): cumulative 0, interval 0
Cumulative compaction: 0.00 GB write, 0.00 MB/s write, 0.00 GB read, 0.00 MB/s read, 0.0 seconds
Interval compaction: 0.00 GB write, 0.00 MB/s write, 0.00 GB read, 0.00 MB/s read, 0.0 seconds
Stalls(count): 0 level0_slowdown, 0 level0_slowdown_with_compaction, 0 level0_numfiles, 0 level0_numfiles_with_compaction, 0 stop for pending_compaction_bytes, 0 slowdown for pending_compaction_bytes, 0 memtable_compaction, 0 memtable_slowdown, interval 0 total count

** File Read Latency Histogram By Level [default] **

** Compaction Stats [usertable] **
Level    Files   Size     Score Read(GB)  Rn(GB) Rnp1(GB) Write(GB) Wnew(GB) Moved(GB) W-Amp Rd(MB/s) Wr(MB/s) Comp(sec) Comp(cnt) Avg(sec) KeyIn KeyDrop
----------------------------------------------------------------------------------------------------------------------------------------------------------
  L0      2/0   485.18 MB   1.0      0.0     0.0      0.0       0.5      0.5       0.0   1.0      0.0    152.9         3         2    1.587       0      0
 Sum      2/0   485.18 MB   0.0      0.0     0.0      0.0       0.5      0.5       0.0   1.0      0.0    152.9         3         2    1.587       0      0
 Int      0/0    0.00 KB   0.0      0.0     0.0      0.0       0.5      0.5       0.0   1.0      0.0    152.9         3         2    1.587       0      0
Uptime(secs): 38.5 total, 38.5 interval
Flush(GB): cumulative 0.474, interval 0.474
AddFile(GB): cumulative 0.000, interval 0.000
AddFile(Total Files): cumulative 0, interval 0
AddFile(L0 Files): cumulative 0, interval 0
AddFile(Keys): cumulative 0, interval 0
Cumulative compaction: 0.47 GB write, 12.61 MB/s write, 0.00 GB read, 0.00 MB/s read, 3.2 seconds
Interval compaction: 0.47 GB write, 12.61 MB/s write, 0.00 GB read, 0.00 MB/s read, 3.2 seconds
Stalls(count): 0 level0_slowdown, 0 level0_slowdown_with_compaction, 0 level0_numfiles, 0 level0_numfiles_with_compaction, 0 stop for pending_compaction_bytes, 0 slowdown for pending_compaction_bytes, 0 memtable_compaction, 0 memtable_slowdown, interval 0 total count

** File Read Latency Histogram By Level [usertable] **

** Compaction Stats [default] **
Level    Files   Size     Score Read(GB)  Rn(GB) Rnp1(GB) Write(GB) Wnew(GB) Moved(GB) W-Amp Rd(MB/s) Wr(MB/s) Comp(sec) Comp(cnt) Avg(sec) KeyIn KeyDrop
----------------------------------------------------------------------------------------------------------------------------------------------------------
 Sum      0/0    0.00 KB   0.0      0.0     0.0      0.0       0.0      0.0       0.0   0.0      0.0      0.0         0         0    0.000       0      0
 Int      0/0    0.00 KB   0.0      0.0     0.0      0.0       0.0      0.0       0.0   0.0      0.0      0.0         0         0    0.000       0      0
Uptime(secs): 38.5 total, 0.0 interval
Flush(GB): cumulative 0.000, interval 0.000
AddFile(GB): cumulative 0.000, interval 0.000
AddFile(Total Files): cumulative 0, interval 0
AddFile(L0 Files): cumulative 0, interval 0
AddFile(Keys): cumulative 0, interval 0
Cumulative compaction: 0.00 GB write, 0.00 MB/s write, 0.00 GB read, 0.00 MB/s read, 0.0 seconds
Interval compaction: 0.00 GB write, 0.00 MB/s write, 0.00 GB read, 0.00 MB/s read, 0.0 seconds
Stalls(count): 0 level0_slowdown, 0 level0_slowdown_with_compaction, 0 level0_numfiles, 0 level0_numfiles_with_compaction, 0 stop for pending_compaction_bytes, 0 slowdown for pending_compaction_bytes, 0 memtable_compaction, 0 memtable_slowdown, interval 0 total count

** File Read Latency Histogram By Level [default] **

** Compaction Stats [usertable] **
Level    Files   Size     Score Read(GB)  Rn(GB) Rnp1(GB) Write(GB) Wnew(GB) Moved(GB) W-Amp Rd(MB/s) Wr(MB/s) Comp(sec) Comp(cnt) Avg(sec) KeyIn KeyDrop
----------------------------------------------------------------------------------------------------------------------------------------------------------
  L0      2/0   485.18 MB   1.0      0.0     0.0      0.0       0.5      0.5       0.0   1.0      0.0    152.9         3         2    1.587       0      0
 Sum      2/0   485.18 MB   0.0      0.0     0.0      0.0       0.5      0.5       0.0   1.0      0.0    152.9         3         2    1.587       0      0
 Int      0/0    0.00 KB   0.0      0.0     0.0      0.0       0.0      0.0       0.0   0.0      0.0      0.0         0         0    0.000       0      0
Uptime(secs): 38.5 total, 0.0 interval
Flush(GB): cumulative 0.474, interval 0.000
AddFile(GB): cumulative 0.000, interval 0.000
AddFile(Total Files): cumulative 0, interval 0
AddFile(L0 Files): cumulative 0, interval 0
AddFile(Keys): cumulative 0, interval 0
Cumulative compaction: 0.47 GB write, 12.61 MB/s write, 0.00 GB read, 0.00 MB/s read, 3.2 seconds
Interval compaction: 0.00 GB write, 0.00 MB/s write, 0.00 GB read, 0.00 MB/s read, 0.0 seconds
Stalls(count): 0 level0_slowdown, 0 level0_slowdown_with_compaction, 0 level0_numfiles, 0 level0_numfiles_with_compaction, 0 stop for pending_compaction_bytes, 0 slowdown for pending_compaction_bytes, 0 memtable_compaction, 0 memtable_slowdown, interval 0 total count

** File Read Latency Histogram By Level [usertable] **
2019/04/21-23:35:00.704539 7fbee3fff700 (Original Log Time 2019/04/21-23:35:00.677504) [db/db_impl_compaction_flush.cc:1835] [usertable] Moving #14 to level-1 255997819 bytes
2019/04/21-23:35:00.704544 7fbee3fff700 (Original Log Time 2019/04/21-23:35:00.704487) EVENT_LOG_v1 {"time_micros": 1555914900704472, "job": 4, "event": "trivial_move", "destination_level": 1, "files": 1, "total_files_size": 255997819}
2019/04/21-23:35:00.704546 7fbee3fff700 (Original Log Time 2019/04/21-23:35:00.704500) [db/db_impl_compaction_flush.cc:1864] [usertable] Moved #1 files to level-1 255997819 bytes OK: base level 1 max bytes base 536870912 files[1 1 0 0 0 0 0] max score 0.50
2019/04/21-23:35:05.949184 7fbea01f2700 [db/db_impl_write.cc:1373] [usertable] New memtable created with log file: #15. Immutable memtables: 0.
2019/04/21-23:35:14.514997 7fbf4c149700 [db/db_impl_write.cc:1373] [usertable] New memtable created with log file: #16. Immutable memtables: 1.
2019/04/21-23:35:14.515142 7fbe81ffb700 [db/db_impl_compaction_flush.cc:80] [JOB 5] Syncing log #13
2019/04/21-23:35:14.988428 7fbe81ffb700 [db/db_impl_compaction_flush.cc:80] [JOB 5] Syncing log #15
2019/04/21-23:35:15.471093 7fbe81ffb700 (Original Log Time 2019/04/21-23:35:14.515108) [db/db_impl_compaction_flush.cc:1424] Calling FlushMemTableToOutputFile with column family [usertable], flush slots available 24, compaction slots available 1, flush slots scheduled 1, compaction slots scheduled 0
2019/04/21-23:35:15.471104 7fbe81ffb700 [db/flush_job.cc:301] [usertable] [JOB 5] Flushing memtable with next log file: 15
2019/04/21-23:35:15.471111 7fbe81ffb700 [db/flush_job.cc:301] [usertable] [JOB 5] Flushing memtable with next log file: 16
2019/04/21-23:35:15.471144 7fbe81ffb700 EVENT_LOG_v1 {"time_micros": 1555914915471131, "job": 5, "event": "flush_started", "num_memtables": 2, "num_entries": 60026, "num_deletes": 0, "memory_usage": 248772688, "flush_reason": "Write Buffer Full"}
2019/04/21-23:35:15.471149 7fbe81ffb700 [db/flush_job.cc:331] [usertable] [JOB 5] Level-0 flush table #17: started
2019/04/21-23:35:16.322523 7fbe81ffb700 EVENT_LOG_v1 {"time_micros": 1555914916322497, "cf_name": "usertable", "job": 5, "event": "table_file_creation", "file_number": 17, "file_size": 248591674, "table_properties": {"data_size": 247487198, "index_size": 1103549, "filter_size": 0, "raw_key_size": 1440624, "raw_average_key_size": 24, "raw_value_size": 245866496, "raw_average_value_size": 4096, "num_data_blocks": 30013, "num_entries": 60026, "filter_policy_name": "", "kDeletedKeys": "0", "kMergeOperands": "0"}}
2019/04/21-23:35:16.322546 7fbe81ffb700 [db/flush_job.cc:371] [usertable] [JOB 5] Level-0 flush table #17: 248591674 bytes OK
2019/04/21-23:35:16.337173 7fbe81ffb700 (Original Log Time 2019/04/21-23:35:16.322560) [db/memtable_list.cc:377] [usertable] Level-0 commit table #17 started
2019/04/21-23:35:16.337178 7fbe81ffb700 (Original Log Time 2019/04/21-23:35:16.337069) [db/memtable_list.cc:409] [usertable] Level-0 commit table #17: memtable #1 done
2019/04/21-23:35:16.337180 7fbe81ffb700 (Original Log Time 2019/04/21-23:35:16.337075) [db/memtable_list.cc:409] [usertable] Level-0 commit table #17: memtable #2 done
2019/04/21-23:35:16.337182 7fbe81ffb700 (Original Log Time 2019/04/21-23:35:16.337106) EVENT_LOG_v1 {"time_micros": 1555914916337093, "job": 5, "event": "flush_finished", "output_compression": "NoCompression", "lsm_state": [2, 1, 0, 0, 0, 0, 0], "immutable_memtables": 0}
2019/04/21-23:35:16.337184 7fbe81ffb700 (Original Log Time 2019/04/21-23:35:16.337141) [db/db_impl_compaction_flush.cc:177] [usertable] Level summary: base level 1 max bytes base 536870912 files[2 1 0 0 0 0 0] max score 1.00
