2019/04/21-21:35:23.876308 7feeb1ff4700 RocksDB version: 5.14.3
2019/04/21-21:35:23.876387 7feeb1ff4700 Git sha rocksdb_build_git_sha:
2019/04/21-21:35:23.876390 7feeb1ff4700 Compile date Oct  9 2018
2019/04/21-21:35:23.876398 7feeb1ff4700 DB SUMMARY
2019/04/21-21:35:23.876424 7feeb1ff4700 SST files in /mnt/sdb/ycsb-rocksdb-data dir, Total Num: 0, files: 
2019/04/21-21:35:23.876428 7feeb1ff4700 Write Ahead Log file in /mnt/sdb/ycsb-rocksdb-data: 
2019/04/21-21:35:23.876431 7feeb1ff4700                         Options.error_if_exists: 0
2019/04/21-21:35:23.876432 7feeb1ff4700                       Options.create_if_missing: 1
2019/04/21-21:35:23.876433 7feeb1ff4700                         Options.paranoid_checks: 1
2019/04/21-21:35:23.876434 7feeb1ff4700                                     Options.env: 0x7feeb1cdd080
2019/04/21-21:35:23.876435 7feeb1ff4700                                Options.info_log: 0x7fedf03ac660
2019/04/21-21:35:23.876436 7feeb1ff4700                Options.max_file_opening_threads: 16
2019/04/21-21:35:23.876437 7feeb1ff4700                              Options.statistics: (nil)
2019/04/21-21:35:23.876438 7feeb1ff4700                               Options.use_fsync: 0
2019/04/21-21:35:23.876439 7feeb1ff4700                       Options.max_log_file_size: 0
2019/04/21-21:35:23.876440 7feeb1ff4700                  Options.max_manifest_file_size: 18446744073709551615
2019/04/21-21:35:23.876441 7feeb1ff4700                   Options.log_file_time_to_roll: 0
2019/04/21-21:35:23.876442 7feeb1ff4700                       Options.keep_log_file_num: 1000
2019/04/21-21:35:23.876443 7feeb1ff4700                    Options.recycle_log_file_num: 0
2019/04/21-21:35:23.876444 7feeb1ff4700                         Options.allow_fallocate: 1
2019/04/21-21:35:23.876445 7feeb1ff4700                        Options.allow_mmap_reads: 0
2019/04/21-21:35:23.876446 7feeb1ff4700                       Options.allow_mmap_writes: 0
2019/04/21-21:35:23.876447 7feeb1ff4700                        Options.use_direct_reads: 0
2019/04/21-21:35:23.876448 7feeb1ff4700                        Options.use_direct_io_for_flush_and_compaction: 0
2019/04/21-21:35:23.876449 7feeb1ff4700          Options.create_missing_column_families: 1
2019/04/21-21:35:23.876450 7feeb1ff4700                              Options.db_log_dir: 
2019/04/21-21:35:23.876451 7feeb1ff4700                                 Options.wal_dir: /mnt/sdb/ycsb-rocksdb-data
2019/04/21-21:35:23.876452 7feeb1ff4700                Options.table_cache_numshardbits: 6
2019/04/21-21:35:23.876453 7feeb1ff4700                      Options.max_subcompactions: 4
2019/04/21-21:35:23.876455 7feeb1ff4700                  Options.max_background_flushes: 24
2019/04/21-21:35:23.876456 7feeb1ff4700                         Options.WAL_ttl_seconds: 0
2019/04/21-21:35:23.876458 7feeb1ff4700                       Options.WAL_size_limit_MB: 0
2019/04/21-21:35:23.876460 7feeb1ff4700             Options.manifest_preallocation_size: 4194304
2019/04/21-21:35:23.876461 7feeb1ff4700                     Options.is_fd_close_on_exec: 1
2019/04/21-21:35:23.876463 7feeb1ff4700                   Options.advise_random_on_open: 1
2019/04/21-21:35:23.876465 7feeb1ff4700                    Options.db_write_buffer_size: 0
2019/04/21-21:35:23.876467 7feeb1ff4700                    Options.write_buffer_manager: 0x7fedf039fc00
2019/04/21-21:35:23.876469 7feeb1ff4700         Options.access_hint_on_compaction_start: 1
2019/04/21-21:35:23.876471 7feeb1ff4700  Options.new_table_reader_for_compaction_inputs: 0
2019/04/21-21:35:23.876472 7feeb1ff4700           Options.random_access_max_buffer_size: 1048576
2019/04/21-21:35:23.876474 7feeb1ff4700                      Options.use_adaptive_mutex: 0
2019/04/21-21:35:23.876476 7feeb1ff4700                            Options.rate_limiter: (nil)
2019/04/21-21:35:23.876478 7feeb1ff4700     Options.sst_file_manager.rate_bytes_per_sec: 0
2019/04/21-21:35:23.876479 7feeb1ff4700                       Options.wal_recovery_mode: 2
2019/04/21-21:35:23.876480 7feeb1ff4700                  Options.enable_thread_tracking: 0
2019/04/21-21:35:23.876481 7feeb1ff4700                  Options.enable_pipelined_write: 1
2019/04/21-21:35:23.876492 7feeb1ff4700         Options.allow_concurrent_memtable_write: 1
2019/04/21-21:35:23.876494 7feeb1ff4700      Options.enable_write_thread_adaptive_yield: 1
2019/04/21-21:35:23.876495 7feeb1ff4700             Options.write_thread_max_yield_usec: 100
2019/04/21-21:35:23.876496 7feeb1ff4700            Options.write_thread_slow_yield_usec: 3
2019/04/21-21:35:23.876497 7feeb1ff4700                               Options.row_cache: None
2019/04/21-21:35:23.876498 7feeb1ff4700                              Options.wal_filter: None
2019/04/21-21:35:23.876499 7feeb1ff4700             Options.avoid_flush_during_recovery: 0
2019/04/21-21:35:23.876500 7feeb1ff4700             Options.allow_ingest_behind: 0
2019/04/21-21:35:23.876501 7feeb1ff4700             Options.preserve_deletes: 0
2019/04/21-21:35:23.876502 7feeb1ff4700             Options.two_write_queues: 0
2019/04/21-21:35:23.876503 7feeb1ff4700             Options.manual_wal_flush: 0
2019/04/21-21:35:23.876505 7feeb1ff4700             Options.max_background_jobs: 24
2019/04/21-21:35:23.876506 7feeb1ff4700             Options.max_background_compactions: 24
2019/04/21-21:35:23.876507 7feeb1ff4700             Options.avoid_flush_during_shutdown: 0
2019/04/21-21:35:23.876508 7feeb1ff4700           Options.writable_file_max_buffer_size: 1048576
2019/04/21-21:35:23.876509 7feeb1ff4700             Options.delayed_write_rate : 16777216
2019/04/21-21:35:23.876510 7feeb1ff4700             Options.max_total_wal_size: 0
2019/04/21-21:35:23.876511 7feeb1ff4700             Options.delete_obsolete_files_period_micros: 21600000000
2019/04/21-21:35:23.876512 7feeb1ff4700                   Options.stats_dump_period_sec: 60
2019/04/21-21:35:23.876513 7feeb1ff4700                          Options.max_open_files: -1
2019/04/21-21:35:23.876514 7feeb1ff4700                          Options.bytes_per_sync: 1048576
2019/04/21-21:35:23.876515 7feeb1ff4700                      Options.wal_bytes_per_sync: 0
2019/04/21-21:35:23.876516 7feeb1ff4700       Options.compaction_readahead_size: 0
2019/04/21-21:35:23.876517 7feeb1ff4700 Compression algorithms supported:
2019/04/21-21:35:23.876518 7feeb1ff4700 	kZSTDNotFinalCompression supported: 1
2019/04/21-21:35:23.876526 7feeb1ff4700 	kZSTD supported: 1
2019/04/21-21:35:23.876527 7feeb1ff4700 	kXpressCompression supported: 0
2019/04/21-21:35:23.876528 7feeb1ff4700 	kLZ4HCCompression supported: 1
2019/04/21-21:35:23.876529 7feeb1ff4700 	kLZ4Compression supported: 1
2019/04/21-21:35:23.876530 7feeb1ff4700 	kBZip2Compression supported: 1
2019/04/21-21:35:23.876531 7feeb1ff4700 	kZlibCompression supported: 1
2019/04/21-21:35:23.876532 7feeb1ff4700 	kSnappyCompression supported: 1
2019/04/21-21:35:23.876536 7feeb1ff4700 Fast CRC32 supported: Not supported on x86
2019/04/21-21:35:23.876614 7feeb1ff4700 [db/db_impl_open.cc:222] Creating manifest 1 
2019/04/21-21:35:23.936070 7feeb1ff4700 [db/version_set.cc:3085] Recovering from manifest file: MANIFEST-000001
2019/04/21-21:35:23.936138 7feeb1ff4700 [db/column_family.cc:475] --------------- Options for column family [default]:
2019/04/21-21:35:23.936142 7feeb1ff4700               Options.comparator: leveldb.BytewiseComparator
2019/04/21-21:35:23.936143 7feeb1ff4700           Options.merge_operator: None
2019/04/21-21:35:23.936144 7feeb1ff4700        Options.compaction_filter: None
2019/04/21-21:35:23.936145 7feeb1ff4700        Options.compaction_filter_factory: None
2019/04/21-21:35:23.936146 7feeb1ff4700         Options.memtable_factory: SkipListFactory
2019/04/21-21:35:23.936147 7feeb1ff4700            Options.table_factory: BlockBasedTable
2019/04/21-21:35:23.936177 7feeb1ff4700            table_factory options:   flush_block_policy_factory: FlushBlockBySizePolicyFactory (0x7fedf03ad2d0)
  cache_index_and_filter_blocks: 0
  cache_index_and_filter_blocks_with_high_priority: 0
  pin_l0_filter_and_index_blocks_in_cache: 0
  index_type: 0
  hash_index_allow_collision: 1
  checksum: 1
  no_block_cache: 0
  block_cache: 0x7fedf039e100
  block_cache_name: LRUCache
  block_cache_options:
    capacity : 8388608
    num_shard_bits : 4
    strict_capacity_limit : 0
    high_pri_pool_ratio: 0.000
  block_cache_compressed: (nil)
  persistent_cache: (nil)
  block_size: 8192
  block_size_deviation: 10
  block_restart_interval: 16
  index_block_restart_interval: 1
  metadata_block_size: 4096
  partition_filters: 0
  use_delta_encoding: 1
  filter_policy: nullptr
  whole_key_filtering: 1
  verify_compression: 0
  read_amp_bytes_per_bit: 0
  format_version: 2
  enable_index_compression: 1
  block_align: 0
2019/04/21-21:35:23.936197 7feeb1ff4700        Options.write_buffer_size: 134217728
2019/04/21-21:35:23.936199 7feeb1ff4700  Options.max_write_buffer_number: 24
2019/04/21-21:35:23.936200 7feeb1ff4700        Options.compression[0]: NoCompression
2019/04/21-21:35:23.936202 7feeb1ff4700        Options.compression[1]: NoCompression
2019/04/21-21:35:23.936203 7feeb1ff4700        Options.compression[2]: LZ4
2019/04/21-21:35:23.936204 7feeb1ff4700        Options.compression[3]: LZ4
2019/04/21-21:35:23.936205 7feeb1ff4700        Options.compression[4]: LZ4
2019/04/21-21:35:23.936206 7feeb1ff4700        Options.compression[5]: LZ4
2019/04/21-21:35:23.936208 7feeb1ff4700        Options.compression[6]: LZ4
2019/04/21-21:35:23.936209 7feeb1ff4700                  Options.bottommost_compression: Disabled
2019/04/21-21:35:23.936210 7feeb1ff4700       Options.prefix_extractor: nullptr
2019/04/21-21:35:23.936211 7feeb1ff4700   Options.memtable_insert_with_hint_prefix_extractor: nullptr
2019/04/21-21:35:23.936212 7feeb1ff4700             Options.num_levels: 7
2019/04/21-21:35:23.936213 7feeb1ff4700        Options.min_write_buffer_number_to_merge: 2
2019/04/21-21:35:23.936214 7feeb1ff4700     Options.max_write_buffer_number_to_maintain: 0
2019/04/21-21:35:23.936215 7feeb1ff4700            Options.compression_opts.window_bits: -14
2019/04/21-21:35:23.936216 7feeb1ff4700                  Options.compression_opts.level: -1
2019/04/21-21:35:23.936217 7feeb1ff4700               Options.compression_opts.strategy: 0
2019/04/21-21:35:23.936218 7feeb1ff4700         Options.compression_opts.max_dict_bytes: 0
2019/04/21-21:35:23.936218 7feeb1ff4700         Options.compression_opts.zstd_max_train_bytes: 0
2019/04/21-21:35:23.936219 7feeb1ff4700      Options.level0_file_num_compaction_trigger: 2
2019/04/21-21:35:23.936220 7feeb1ff4700          Options.level0_slowdown_writes_trigger: 20
2019/04/21-21:35:23.936221 7feeb1ff4700              Options.level0_stop_writes_trigger: 36
2019/04/21-21:35:23.936222 7feeb1ff4700                   Options.target_file_size_base: 67108864
2019/04/21-21:35:23.936223 7feeb1ff4700             Options.target_file_size_multiplier: 1
2019/04/21-21:35:23.936224 7feeb1ff4700                Options.max_bytes_for_level_base: 536870912
2019/04/21-21:35:23.936225 7feeb1ff4700 Options.level_compaction_dynamic_level_bytes: 0
2019/04/21-21:35:23.936226 7feeb1ff4700          Options.max_bytes_for_level_multiplier: 10.000000
2019/04/21-21:35:23.936229 7feeb1ff4700 Options.max_bytes_for_level_multiplier_addtl[0]: 1
2019/04/21-21:35:23.936231 7feeb1ff4700 Options.max_bytes_for_level_multiplier_addtl[1]: 1
2019/04/21-21:35:23.936232 7feeb1ff4700 Options.max_bytes_for_level_multiplier_addtl[2]: 1
2019/04/21-21:35:23.936233 7feeb1ff4700 Options.max_bytes_for_level_multiplier_addtl[3]: 1
2019/04/21-21:35:23.936234 7feeb1ff4700 Options.max_bytes_for_level_multiplier_addtl[4]: 1
2019/04/21-21:35:23.936235 7feeb1ff4700 Options.max_bytes_for_level_multiplier_addtl[5]: 1
2019/04/21-21:35:23.936236 7feeb1ff4700 Options.max_bytes_for_level_multiplier_addtl[6]: 1
2019/04/21-21:35:23.936237 7feeb1ff4700       Options.max_sequential_skip_in_iterations: 8
2019/04/21-21:35:23.936238 7feeb1ff4700                    Options.max_compaction_bytes: 1677721600
2019/04/21-21:35:23.936239 7feeb1ff4700                        Options.arena_block_size: 16777216
2019/04/21-21:35:23.936240 7feeb1ff4700   Options.soft_pending_compaction_bytes_limit: 68719476736
2019/04/21-21:35:23.936241 7feeb1ff4700   Options.hard_pending_compaction_bytes_limit: 274877906944
2019/04/21-21:35:23.936248 7feeb1ff4700       Options.rate_limit_delay_max_milliseconds: 100
2019/04/21-21:35:23.936250 7feeb1ff4700                Options.disable_auto_compactions: 0
2019/04/21-21:35:23.936251 7feeb1ff4700                        Options.compaction_style: kCompactionStyleLevel
2019/04/21-21:35:23.936253 7feeb1ff4700                          Options.compaction_pri: kByCompensatedSize
2019/04/21-21:35:23.936254 7feeb1ff4700 Options.compaction_options_universal.size_ratio: 1
2019/04/21-21:35:23.936255 7feeb1ff4700 Options.compaction_options_universal.min_merge_width: 2
2019/04/21-21:35:23.936256 7feeb1ff4700 Options.compaction_options_universal.max_merge_width: 4294967295
2019/04/21-21:35:23.936257 7feeb1ff4700 Options.compaction_options_universal.max_size_amplification_percent: 200
2019/04/21-21:35:23.936258 7feeb1ff4700 Options.compaction_options_universal.compression_size_percent: -1
2019/04/21-21:35:23.936259 7feeb1ff4700 Options.compaction_options_universal.stop_style: kCompactionStopStyleTotalSize
2019/04/21-21:35:23.936260 7feeb1ff4700 Options.compaction_options_fifo.max_table_files_size: 1073741824
2019/04/21-21:35:23.936261 7feeb1ff4700 Options.compaction_options_fifo.allow_compaction: 0
2019/04/21-21:35:23.936262 7feeb1ff4700 Options.compaction_options_fifo.ttl: 0
2019/04/21-21:35:23.936263 7feeb1ff4700                   Options.table_properties_collectors: 
2019/04/21-21:35:23.936264 7feeb1ff4700                   Options.inplace_update_support: 0
2019/04/21-21:35:23.936265 7feeb1ff4700                 Options.inplace_update_num_locks: 10000
2019/04/21-21:35:23.936266 7feeb1ff4700               Options.memtable_prefix_bloom_size_ratio: 0.000000
2019/04/21-21:35:23.936268 7feeb1ff4700   Options.memtable_huge_page_size: 0
2019/04/21-21:35:23.936269 7feeb1ff4700                           Options.bloom_locality: 0
2019/04/21-21:35:23.936270 7feeb1ff4700                    Options.max_successive_merges: 0
2019/04/21-21:35:23.936271 7feeb1ff4700                Options.optimize_filters_for_hits: 0
2019/04/21-21:35:23.936272 7feeb1ff4700                Options.paranoid_file_checks: 0
2019/04/21-21:35:23.936273 7feeb1ff4700                Options.force_consistency_checks: 0
2019/04/21-21:35:23.936274 7feeb1ff4700                Options.report_bg_io_stats: 0
2019/04/21-21:35:23.936275 7feeb1ff4700                               Options.ttl: 0
2019/04/21-21:35:23.936985 7feeb1ff4700 [db/version_set.cc:3361] Recovered from manifest file:/mnt/sdb/ycsb-rocksdb-data/MANIFEST-000001 succeeded,manifest_file_number is 1, next_file_number is 3, last_sequence is 0, log_number is 0,prev_log_number is 0,max_column_family is 0,min_log_number_to_keep is 0
2019/04/21-21:35:23.936993 7feeb1ff4700 [db/version_set.cc:3369] Column family [default] (ID 0), log number is 0
2019/04/21-21:35:23.937190 7feeb1ff4700 [db/version_set.cc:2847] Creating manifest 4
2019/04/21-21:35:23.982659 7feeb1ff4700 [db/column_family.cc:475] --------------- Options for column family [usertable]:
2019/04/21-21:35:23.982664 7feeb1ff4700               Options.comparator: leveldb.BytewiseComparator
2019/04/21-21:35:23.982665 7feeb1ff4700           Options.merge_operator: None
2019/04/21-21:35:23.982666 7feeb1ff4700        Options.compaction_filter: None
2019/04/21-21:35:23.982667 7feeb1ff4700        Options.compaction_filter_factory: None
2019/04/21-21:35:23.982668 7feeb1ff4700         Options.memtable_factory: SkipListFactory
2019/04/21-21:35:23.982670 7feeb1ff4700            Options.table_factory: BlockBasedTable
2019/04/21-21:35:23.982696 7feeb1ff4700            table_factory options:   flush_block_policy_factory: FlushBlockBySizePolicyFactory (0x7fedf039fc30)
  cache_index_and_filter_blocks: 0
  cache_index_and_filter_blocks_with_high_priority: 0
  pin_l0_filter_and_index_blocks_in_cache: 0
  index_type: 0
  hash_index_allow_collision: 1
  checksum: 1
  no_block_cache: 0
  block_cache: 0x7fedf03ad400
  block_cache_name: LRUCache
  block_cache_options:
    capacity : 8388608
    num_shard_bits : 4
    strict_capacity_limit : 0
    high_pri_pool_ratio: 0.000
  block_cache_compressed: (nil)
  persistent_cache: (nil)
  block_size: 8192
  block_size_deviation: 10
  block_restart_interval: 16
  index_block_restart_interval: 1
  metadata_block_size: 4096
  partition_filters: 0
  use_delta_encoding: 1
  filter_policy: nullptr
  whole_key_filtering: 1
  verify_compression: 0
  read_amp_bytes_per_bit: 0
  format_version: 2
  enable_index_compression: 1
  block_align: 0
2019/04/21-21:35:23.982699 7feeb1ff4700        Options.write_buffer_size: 134217728
2019/04/21-21:35:23.982700 7feeb1ff4700  Options.max_write_buffer_number: 24
2019/04/21-21:35:23.982702 7feeb1ff4700        Options.compression[0]: NoCompression
2019/04/21-21:35:23.982703 7feeb1ff4700        Options.compression[1]: NoCompression
2019/04/21-21:35:23.982705 7feeb1ff4700        Options.compression[2]: LZ4
2019/04/21-21:35:23.982706 7feeb1ff4700        Options.compression[3]: LZ4
2019/04/21-21:35:23.982707 7feeb1ff4700        Options.compression[4]: LZ4
2019/04/21-21:35:23.982708 7feeb1ff4700        Options.compression[5]: LZ4
2019/04/21-21:35:23.982709 7feeb1ff4700        Options.compression[6]: LZ4
2019/04/21-21:35:23.982710 7feeb1ff4700                  Options.bottommost_compression: Disabled
2019/04/21-21:35:23.982711 7feeb1ff4700       Options.prefix_extractor: nullptr
2019/04/21-21:35:23.982712 7feeb1ff4700   Options.memtable_insert_with_hint_prefix_extractor: nullptr
2019/04/21-21:35:23.982713 7feeb1ff4700             Options.num_levels: 7
2019/04/21-21:35:23.982714 7feeb1ff4700        Options.min_write_buffer_number_to_merge: 2
2019/04/21-21:35:23.982715 7feeb1ff4700     Options.max_write_buffer_number_to_maintain: 0
2019/04/21-21:35:23.982716 7feeb1ff4700            Options.compression_opts.window_bits: -14
2019/04/21-21:35:23.982717 7feeb1ff4700                  Options.compression_opts.level: -1
2019/04/21-21:35:23.982718 7feeb1ff4700               Options.compression_opts.strategy: 0
2019/04/21-21:35:23.982719 7feeb1ff4700         Options.compression_opts.max_dict_bytes: 0
2019/04/21-21:35:23.982720 7feeb1ff4700         Options.compression_opts.zstd_max_train_bytes: 0
2019/04/21-21:35:23.982721 7feeb1ff4700      Options.level0_file_num_compaction_trigger: 2
2019/04/21-21:35:23.982722 7feeb1ff4700          Options.level0_slowdown_writes_trigger: 20
2019/04/21-21:35:23.982723 7feeb1ff4700              Options.level0_stop_writes_trigger: 36
2019/04/21-21:35:23.982724 7feeb1ff4700                   Options.target_file_size_base: 67108864
2019/04/21-21:35:23.982725 7feeb1ff4700             Options.target_file_size_multiplier: 1
2019/04/21-21:35:23.982726 7feeb1ff4700                Options.max_bytes_for_level_base: 536870912
2019/04/21-21:35:23.982727 7feeb1ff4700 Options.level_compaction_dynamic_level_bytes: 0
2019/04/21-21:35:23.982728 7feeb1ff4700          Options.max_bytes_for_level_multiplier: 10.000000
2019/04/21-21:35:23.982730 7feeb1ff4700 Options.max_bytes_for_level_multiplier_addtl[0]: 1
2019/04/21-21:35:23.982742 7feeb1ff4700 Options.max_bytes_for_level_multiplier_addtl[1]: 1
2019/04/21-21:35:23.982743 7feeb1ff4700 Options.max_bytes_for_level_multiplier_addtl[2]: 1
2019/04/21-21:35:23.982744 7feeb1ff4700 Options.max_bytes_for_level_multiplier_addtl[3]: 1
2019/04/21-21:35:23.982745 7feeb1ff4700 Options.max_bytes_for_level_multiplier_addtl[4]: 1
2019/04/21-21:35:23.982746 7feeb1ff4700 Options.max_bytes_for_level_multiplier_addtl[5]: 1
2019/04/21-21:35:23.982747 7feeb1ff4700 Options.max_bytes_for_level_multiplier_addtl[6]: 1
2019/04/21-21:35:23.982748 7feeb1ff4700       Options.max_sequential_skip_in_iterations: 8
2019/04/21-21:35:23.982749 7feeb1ff4700                    Options.max_compaction_bytes: 1677721600
2019/04/21-21:35:23.982750 7feeb1ff4700                        Options.arena_block_size: 16777216
2019/04/21-21:35:23.982751 7feeb1ff4700   Options.soft_pending_compaction_bytes_limit: 68719476736
2019/04/21-21:35:23.982752 7feeb1ff4700   Options.hard_pending_compaction_bytes_limit: 274877906944
2019/04/21-21:35:23.982753 7feeb1ff4700       Options.rate_limit_delay_max_milliseconds: 100
2019/04/21-21:35:23.982754 7feeb1ff4700                Options.disable_auto_compactions: 0
2019/04/21-21:35:23.982756 7feeb1ff4700                        Options.compaction_style: kCompactionStyleLevel
2019/04/21-21:35:23.982757 7feeb1ff4700                          Options.compaction_pri: kByCompensatedSize
2019/04/21-21:35:23.982758 7feeb1ff4700 Options.compaction_options_universal.size_ratio: 1
2019/04/21-21:35:23.982759 7feeb1ff4700 Options.compaction_options_universal.min_merge_width: 2
2019/04/21-21:35:23.982760 7feeb1ff4700 Options.compaction_options_universal.max_merge_width: 4294967295
2019/04/21-21:35:23.982761 7feeb1ff4700 Options.compaction_options_universal.max_size_amplification_percent: 200
2019/04/21-21:35:23.982762 7feeb1ff4700 Options.compaction_options_universal.compression_size_percent: -1
2019/04/21-21:35:23.982764 7feeb1ff4700 Options.compaction_options_universal.stop_style: kCompactionStopStyleTotalSize
2019/04/21-21:35:23.982765 7feeb1ff4700 Options.compaction_options_fifo.max_table_files_size: 1073741824
2019/04/21-21:35:23.982766 7feeb1ff4700 Options.compaction_options_fifo.allow_compaction: 0
2019/04/21-21:35:23.982767 7feeb1ff4700 Options.compaction_options_fifo.ttl: 0
2019/04/21-21:35:23.982768 7feeb1ff4700                   Options.table_properties_collectors: 
2019/04/21-21:35:23.982769 7feeb1ff4700                   Options.inplace_update_support: 0
2019/04/21-21:35:23.982770 7feeb1ff4700                 Options.inplace_update_num_locks: 10000
2019/04/21-21:35:23.982771 7feeb1ff4700               Options.memtable_prefix_bloom_size_ratio: 0.000000
2019/04/21-21:35:23.982773 7feeb1ff4700   Options.memtable_huge_page_size: 0
2019/04/21-21:35:23.982774 7feeb1ff4700                           Options.bloom_locality: 0
2019/04/21-21:35:23.982775 7feeb1ff4700                    Options.max_successive_merges: 0
2019/04/21-21:35:23.982776 7feeb1ff4700                Options.optimize_filters_for_hits: 0
2019/04/21-21:35:23.982776 7feeb1ff4700                Options.paranoid_file_checks: 0
2019/04/21-21:35:23.982777 7feeb1ff4700                Options.force_consistency_checks: 0
2019/04/21-21:35:23.982778 7feeb1ff4700                Options.report_bg_io_stats: 0
2019/04/21-21:35:23.982779 7feeb1ff4700                               Options.ttl: 0
2019/04/21-21:35:23.982830 7feeb1ff4700 [db/db_impl.cc:1396] Created column family [usertable] (ID 1)
2019/04/21-21:35:24.031566 7feeb1ff4700 [db/db_impl_open.cc:1219] DB pointer 0x7fedf03af790
2019/04/21-21:35:32.999020 7feea85fb700 [db/db_impl_write.cc:1373] [usertable] New memtable created with log file: #9. Immutable memtables: 0.
2019/04/21-21:35:41.390645 7feea04f5700 [db/db_impl_write.cc:1373] [usertable] New memtable created with log file: #10. Immutable memtables: 1.
2019/04/21-21:35:41.390806 7fee8b7fe700 [db/db_impl_compaction_flush.cc:80] [JOB 2] Syncing log #3
2019/04/21-21:35:41.625793 7fee8b7fe700 [db/db_impl_compaction_flush.cc:80] [JOB 2] Syncing log #9
2019/04/21-21:35:42.089785 7fee8b7fe700 (Original Log Time 2019/04/21-21:35:41.390756) [db/db_impl_compaction_flush.cc:1424] Calling FlushMemTableToOutputFile with column family [usertable], flush slots available 24, compaction slots available 1, flush slots scheduled 1, compaction slots scheduled 0
2019/04/21-21:35:42.089798 7fee8b7fe700 [db/flush_job.cc:301] [usertable] [JOB 2] Flushing memtable with next log file: 9
2019/04/21-21:35:42.089809 7fee8b7fe700 [db/flush_job.cc:301] [usertable] [JOB 2] Flushing memtable with next log file: 10
2019/04/21-21:35:42.089856 7fee8b7fe700 EVENT_LOG_v1 {"time_micros": 1555907742089834, "job": 2, "event": "flush_started", "num_memtables": 2, "num_entries": 60745, "num_deletes": 0, "memory_usage": 260123992, "flush_reason": "Write Buffer Full"}
2019/04/21-21:35:42.089864 7fee8b7fe700 [db/flush_job.cc:331] [usertable] [JOB 2] Level-0 flush table #11: started
2019/04/21-21:35:42.984514 7fee8b7fe700 EVENT_LOG_v1 {"time_micros": 1555907742984485, "cf_name": "usertable", "job": 2, "event": "table_file_creation", "file_number": 11, "file_size": 251569366, "table_properties": {"data_size": 250451649, "index_size": 1116790, "filter_size": 0, "raw_key_size": 1457880, "raw_average_key_size": 24, "raw_value_size": 248811520, "raw_average_value_size": 4096, "num_data_blocks": 30373, "num_entries": 60745, "filter_policy_name": "", "kDeletedKeys": "0", "kMergeOperands": "0"}}
2019/04/21-21:35:42.984546 7fee8b7fe700 [db/flush_job.cc:371] [usertable] [JOB 2] Level-0 flush table #11: 251569366 bytes OK
2019/04/21-21:35:42.999201 7fee8b7fe700 (Original Log Time 2019/04/21-21:35:42.984564) [db/memtable_list.cc:377] [usertable] Level-0 commit table #11 started
2019/04/21-21:35:42.999205 7fee8b7fe700 (Original Log Time 2019/04/21-21:35:42.999086) [db/memtable_list.cc:409] [usertable] Level-0 commit table #11: memtable #1 done
2019/04/21-21:35:42.999207 7fee8b7fe700 (Original Log Time 2019/04/21-21:35:42.999102) [db/memtable_list.cc:409] [usertable] Level-0 commit table #11: memtable #2 done
2019/04/21-21:35:42.999209 7fee8b7fe700 (Original Log Time 2019/04/21-21:35:42.999139) EVENT_LOG_v1 {"time_micros": 1555907742999121, "job": 2, "event": "flush_finished", "output_compression": "NoCompression", "lsm_state": [1, 0, 0, 0, 0, 0, 0], "immutable_memtables": 0}
2019/04/21-21:35:42.999211 7fee8b7fe700 (Original Log Time 2019/04/21-21:35:42.999169) [db/db_impl_compaction_flush.cc:177] [usertable] Level summary: base level 1 max bytes base 536870912 files[1 0 0 0 0 0 0] max score 0.50
2019/04/21-21:35:42.999220 7fee8b7fe700 [db/db_impl_files.cc:347] [JOB 2] Try to delete WAL files size 250814485, prev total WAL file size 274064740, number of live WAL files 3.
2019/04/21-21:35:50.190847 7feea87fd700 [db/db_impl_write.cc:1373] [usertable] New memtable created with log file: #12. Immutable memtables: 0.
2019/04/21-21:35:58.620649 7feea87fd700 [db/db_impl_write.cc:1373] [usertable] New memtable created with log file: #13. Immutable memtables: 1.
2019/04/21-21:35:58.620853 7fee8affd700 [db/db_impl_compaction_flush.cc:80] [JOB 3] Syncing log #10
2019/04/21-21:35:59.696091 7fee8affd700 [db/db_impl_compaction_flush.cc:80] [JOB 3] Syncing log #12
2019/04/21-21:36:00.770416 7fee8affd700 (Original Log Time 2019/04/21-21:35:58.620807) [db/db_impl_compaction_flush.cc:1424] Calling FlushMemTableToOutputFile with column family [usertable], flush slots available 24, compaction slots available 1, flush slots scheduled 1, compaction slots scheduled 0
2019/04/21-21:36:00.770429 7fee8affd700 [db/flush_job.cc:301] [usertable] [JOB 3] Flushing memtable with next log file: 12
2019/04/21-21:36:00.770438 7fee8affd700 [db/flush_job.cc:301] [usertable] [JOB 3] Flushing memtable with next log file: 13
2019/04/21-21:36:00.770478 7fee8affd700 EVENT_LOG_v1 {"time_micros": 1555907760770463, "job": 3, "event": "flush_started", "num_memtables": 2, "num_entries": 60298, "num_deletes": 0, "memory_usage": 252551496, "flush_reason": "Write Buffer Full"}
2019/04/21-21:36:00.770485 7fee8affd700 [db/flush_job.cc:331] [usertable] [JOB 3] Level-0 flush table #14: started
2019/04/21-21:36:01.879284 7fee8affd700 EVENT_LOG_v1 {"time_micros": 1555907761879257, "cf_name": "usertable", "job": 3, "event": "table_file_creation", "file_number": 14, "file_size": 249731532, "table_properties": {"data_size": 248615356, "index_size": 1115249, "filter_size": 0, "raw_key_size": 1447152, "raw_average_key_size": 24, "raw_value_size": 246980608, "raw_average_value_size": 4096, "num_data_blocks": 30149, "num_entries": 60298, "filter_policy_name": "", "kDeletedKeys": "0", "kMergeOperands": "0"}}
2019/04/21-21:36:01.879307 7fee8affd700 [db/flush_job.cc:371] [usertable] [JOB 3] Level-0 flush table #14: 249731532 bytes OK
2019/04/21-21:36:01.893967 7fee8affd700 (Original Log Time 2019/04/21-21:36:01.879338) [db/memtable_list.cc:377] [usertable] Level-0 commit table #14 started
2019/04/21-21:36:01.893971 7fee8affd700 (Original Log Time 2019/04/21-21:36:01.893889) [db/memtable_list.cc:409] [usertable] Level-0 commit table #14: memtable #1 done
2019/04/21-21:36:01.893973 7fee8affd700 (Original Log Time 2019/04/21-21:36:01.893891) [db/memtable_list.cc:409] [usertable] Level-0 commit table #14: memtable #2 done
2019/04/21-21:36:01.893974 7fee8affd700 (Original Log Time 2019/04/21-21:36:01.893908) EVENT_LOG_v1 {"time_micros": 1555907761893898, "job": 3, "event": "flush_finished", "output_compression": "NoCompression", "lsm_state": [2, 0, 0, 0, 0, 0, 0], "immutable_memtables": 0}
2019/04/21-21:36:01.893976 7fee8affd700 (Original Log Time 2019/04/21-21:36:01.893952) [db/db_impl_compaction_flush.cc:177] [usertable] Level summary: base level 1 max bytes base 536870912 files[2 0 0 0 0 0 0] max score 1.00
2019/04/21-21:36:01.893983 7fee8affd700 [db/db_impl_files.cc:347] [JOB 3] Try to delete WAL files size 248969218, prev total WAL file size 296320290, number of live WAL files 3.
2019/04/21-21:36:01.894334 7fee8bfff700 [WARN] [db/db_impl.cc:491] ------- DUMPING STATS -------
2019/04/21-21:36:01.894374 7fee8bfff700 [WARN] [db/db_impl.cc:492] 
** DB Stats **
Uptime(secs): 38.0 total, 38.0 interval
Cumulative writes: 132K writes, 132K keys, 132K commit groups, 1.0 writes per commit group, ingest: 0.51 GB, 13.75 MB/s
Cumulative WAL: 132K writes, 0 syncs, 132511.00 writes per sync, written: 0.51 GB, 13.75 MB/s
Cumulative stall: 00:00:0.000 H:M:S, 0.0 percent
Interval writes: 132K writes, 132K keys, 132K commit groups, 1.0 writes per commit group, ingest: 521.79 MB, 13.75 MB/s
Interval WAL: 132K writes, 0 syncs, 132511.00 writes per sync, written: 0.51 MB, 13.75 MB/s
Interval stall: 00:00:0.000 H:M:S, 0.0 percent

** Compaction Stats [default] **
Level    Files   Size     Score Read(GB)  Rn(GB) Rnp1(GB) Write(GB) Wnew(GB) Moved(GB) W-Amp Rd(MB/s) Wr(MB/s) Comp(sec) Comp(cnt) Avg(sec) KeyIn KeyDrop
----------------------------------------------------------------------------------------------------------------------------------------------------------
 Sum      0/0    0.00 KB   0.0      0.0     0.0      0.0       0.0      0.0       0.0   0.0      0.0      0.0         0         0    0.000       0      0
 Int      0/0    0.00 KB   0.0      0.0     0.0      0.0       0.0      0.0       0.0   0.0      0.0      0.0         0         0    0.000       0      0
Uptime(secs): 38.0 total, 38.0 interval
Flush(GB): cumulative 0.000, interval 0.000
AddFile(GB): cumulative 0.000, interval 0.000
AddFile(Total Files): cumulative 0, interval 0
AddFile(L0 Files): cumulative 0, interval 0
AddFile(Keys): cumulative 0, interval 0
Cumulative compaction: 0.00 GB write, 0.00 MB/s write, 0.00 GB read, 0.00 MB/s read, 0.0 seconds
Interval compaction: 0.00 GB write, 0.00 MB/s write, 0.00 GB read, 0.00 MB/s read, 0.0 seconds
Stalls(count): 0 level0_slowdown, 0 level0_slowdown_with_compaction, 0 level0_numfiles, 0 level0_numfiles_with_compaction, 0 stop for pending_compaction_bytes, 0 slowdown for pending_compaction_bytes, 0 memtable_compaction, 0 memtable_slowdown, interval 0 total count

** File Read Latency Histogram By Level [default] **

** Compaction Stats [usertable] **
Level    Files   Size     Score Read(GB)  Rn(GB) Rnp1(GB) Write(GB) Wnew(GB) Moved(GB) W-Amp Rd(MB/s) Wr(MB/s) Comp(sec) Comp(cnt) Avg(sec) KeyIn KeyDrop
----------------------------------------------------------------------------------------------------------------------------------------------------------
  L0      2/0   478.08 MB   1.0      0.0     0.0      0.0       0.5      0.5       0.0   1.0      0.0    238.6         2         2    1.002       0      0
 Sum      2/0   478.08 MB   0.0      0.0     0.0      0.0       0.5      0.5       0.0   1.0      0.0    238.6         2         2    1.002       0      0
 Int      0/0    0.00 KB   0.0      0.0     0.0      0.0       0.5      0.5       0.0   1.0      0.0    238.6         2         2    1.002       0      0
Uptime(secs): 37.9 total, 37.9 interval
Flush(GB): cumulative 0.467, interval 0.467
AddFile(GB): cumulative 0.000, interval 0.000
AddFile(Total Files): cumulative 0, interval 0
AddFile(L0 Files): cumulative 0, interval 0
AddFile(Keys): cumulative 0, interval 0
Cumulative compaction: 0.47 GB write, 12.61 MB/s write, 0.00 GB read, 0.00 MB/s read, 2.0 seconds
Interval compaction: 0.47 GB write, 12.61 MB/s write, 0.00 GB read, 0.00 MB/s read, 2.0 seconds
Stalls(count): 0 level0_slowdown, 0 level0_slowdown_with_compaction, 0 level0_numfiles, 0 level0_numfiles_with_compaction, 0 stop for pending_compaction_bytes, 0 slowdown for pending_compaction_bytes, 0 memtable_compaction, 0 memtable_slowdown, interval 0 total count

** File Read Latency Histogram By Level [usertable] **

** Compaction Stats [default] **
Level    Files   Size     Score Read(GB)  Rn(GB) Rnp1(GB) Write(GB) Wnew(GB) Moved(GB) W-Amp Rd(MB/s) Wr(MB/s) Comp(sec) Comp(cnt) Avg(sec) KeyIn KeyDrop
----------------------------------------------------------------------------------------------------------------------------------------------------------
 Sum      0/0    0.00 KB   0.0      0.0     0.0      0.0       0.0      0.0       0.0   0.0      0.0      0.0         0         0    0.000       0      0
 Int      0/0    0.00 KB   0.0      0.0     0.0      0.0       0.0      0.0       0.0   0.0      0.0      0.0         0         0    0.000       0      0
Uptime(secs): 38.0 total, 0.0 interval
Flush(GB): cumulative 0.000, interval 0.000
AddFile(GB): cumulative 0.000, interval 0.000
AddFile(Total Files): cumulative 0, interval 0
AddFile(L0 Files): cumulative 0, interval 0
AddFile(Keys): cumulative 0, interval 0
Cumulative compaction: 0.00 GB write, 0.00 MB/s write, 0.00 GB read, 0.00 MB/s read, 0.0 seconds
Interval compaction: 0.00 GB write, 0.00 MB/s write, 0.00 GB read, 0.00 MB/s read, 0.0 seconds
Stalls(count): 0 level0_slowdown, 0 level0_slowdown_with_compaction, 0 level0_numfiles, 0 level0_numfiles_with_compaction, 0 stop for pending_compaction_bytes, 0 slowdown for pending_compaction_bytes, 0 memtable_compaction, 0 memtable_slowdown, interval 0 total count

** File Read Latency Histogram By Level [default] **

** Compaction Stats [usertable] **
Level    Files   Size     Score Read(GB)  Rn(GB) Rnp1(GB) Write(GB) Wnew(GB) Moved(GB) W-Amp Rd(MB/s) Wr(MB/s) Comp(sec) Comp(cnt) Avg(sec) KeyIn KeyDrop
----------------------------------------------------------------------------------------------------------------------------------------------------------
  L0      2/0   478.08 MB   1.0      0.0     0.0      0.0       0.5      0.5       0.0   1.0      0.0    238.6         2         2    1.002       0      0
 Sum      2/0   478.08 MB   0.0      0.0     0.0      0.0       0.5      0.5       0.0   1.0      0.0    238.6         2         2    1.002       0      0
 Int      0/0    0.00 KB   0.0      0.0     0.0      0.0       0.0      0.0       0.0   0.0      0.0      0.0         0         0    0.000       0      0
Uptime(secs): 37.9 total, 0.0 interval
Flush(GB): cumulative 0.467, interval 0.000
AddFile(GB): cumulative 0.000, interval 0.000
AddFile(Total Files): cumulative 0, interval 0
AddFile(L0 Files): cumulative 0, interval 0
AddFile(Keys): cumulative 0, interval 0
Cumulative compaction: 0.47 GB write, 12.61 MB/s write, 0.00 GB read, 0.00 MB/s read, 2.0 seconds
Interval compaction: 0.00 GB write, 0.00 MB/s write, 0.00 GB read, 0.00 MB/s read, 0.0 seconds
Stalls(count): 0 level0_slowdown, 0 level0_slowdown_with_compaction, 0 level0_numfiles, 0 level0_numfiles_with_compaction, 0 stop for pending_compaction_bytes, 0 slowdown for pending_compaction_bytes, 0 memtable_compaction, 0 memtable_slowdown, interval 0 total count

** File Read Latency Histogram By Level [usertable] **
2019/04/21-21:36:01.909225 7fee8bfff700 (Original Log Time 2019/04/21-21:36:01.894482) [db/db_impl_compaction_flush.cc:1835] [usertable] Moving #11 to level-1 251569366 bytes
2019/04/21-21:36:01.909229 7fee8bfff700 (Original Log Time 2019/04/21-21:36:01.909180) EVENT_LOG_v1 {"time_micros": 1555907761909169, "job": 4, "event": "trivial_move", "destination_level": 1, "files": 1, "total_files_size": 251569366}
2019/04/21-21:36:01.909242 7fee8bfff700 (Original Log Time 2019/04/21-21:36:01.909188) [db/db_impl_compaction_flush.cc:1864] [usertable] Moved #1 files to level-1 251569366 bytes OK: base level 1 max bytes base 536870912 files[1 1 0 0 0 0 0] max score 0.50
2019/04/21-21:36:07.193806 7feea03f4700 [db/db_impl_write.cc:1373] [usertable] New memtable created with log file: #15. Immutable memtables: 0.
2019/04/21-21:36:15.331425 7feeb0239700 [db/db_impl_write.cc:1373] [usertable] New memtable created with log file: #16. Immutable memtables: 1.
2019/04/21-21:36:15.331526 7fee8a7fc700 [db/db_impl_compaction_flush.cc:80] [JOB 5] Syncing log #13
2019/04/21-21:36:15.817588 7fee8a7fc700 [db/db_impl_compaction_flush.cc:80] [JOB 5] Syncing log #15
2019/04/21-21:36:16.266311 7fee8a7fc700 (Original Log Time 2019/04/21-21:36:15.331509) [db/db_impl_compaction_flush.cc:1424] Calling FlushMemTableToOutputFile with column family [usertable], flush slots available 24, compaction slots available 1, flush slots scheduled 1, compaction slots scheduled 0
2019/04/21-21:36:16.266322 7fee8a7fc700 [db/flush_job.cc:301] [usertable] [JOB 5] Flushing memtable with next log file: 15
2019/04/21-21:36:16.266329 7fee8a7fc700 [db/flush_job.cc:301] [usertable] [JOB 5] Flushing memtable with next log file: 16
2019/04/21-21:36:16.266358 7fee8a7fc700 EVENT_LOG_v1 {"time_micros": 1555907776266348, "job": 5, "event": "flush_started", "num_memtables": 2, "num_entries": 58496, "num_deletes": 0, "memory_usage": 244401928, "flush_reason": "Write Buffer Full"}
2019/04/21-21:36:16.266363 7fee8a7fc700 [db/flush_job.cc:331] [usertable] [JOB 5] Level-0 flush table #17: started
2019/04/21-21:36:17.125103 7fee8a7fc700 EVENT_LOG_v1 {"time_micros": 1555907777125077, "cf_name": "usertable", "job": 5, "event": "table_file_creation", "file_number": 17, "file_size": 242268341, "table_properties": {"data_size": 241185504, "index_size": 1081910, "filter_size": 0, "raw_key_size": 1403904, "raw_average_key_size": 24, "raw_value_size": 239599616, "raw_average_value_size": 4096, "num_data_blocks": 29248, "num_entries": 58496, "filter_policy_name": "", "kDeletedKeys": "0", "kMergeOperands": "0"}}
2019/04/21-21:36:17.125123 7fee8a7fc700 [db/flush_job.cc:371] [usertable] [JOB 5] Level-0 flush table #17: 242268341 bytes OK
2019/04/21-21:36:17.139930 7fee8a7fc700 (Original Log Time 2019/04/21-21:36:17.125137) [db/memtable_list.cc:377] [usertable] Level-0 commit table #17 started
2019/04/21-21:36:17.139934 7fee8a7fc700 (Original Log Time 2019/04/21-21:36:17.139822) [db/memtable_list.cc:409] [usertable] Level-0 commit table #17: memtable #1 done
2019/04/21-21:36:17.139936 7fee8a7fc700 (Original Log Time 2019/04/21-21:36:17.139826) [db/memtable_list.cc:409] [usertable] Level-0 commit table #17: memtable #2 done
2019/04/21-21:36:17.139940 7fee8a7fc700 (Original Log Time 2019/04/21-21:36:17.139862) EVENT_LOG_v1 {"time_micros": 1555907777139846, "job": 5, "event": "flush_finished", "output_compression": "NoCompression", "lsm_state": [2, 1, 0, 0, 0, 0, 0], "immutable_memtables": 0}
2019/04/21-21:36:17.139942 7fee8a7fc700 (Original Log Time 2019/04/21-21:36:17.139900) [db/db_impl_compaction_flush.cc:177] [usertable] Level summary: base level 1 max bytes base 536870912 files[2 1 0 0 0 0 0] max score 1.00
