2018/12/29-14:18:26.719563 7fe0cd6dd700 RocksDB version: 5.14.3
2018/12/29-14:18:26.719603 7fe0cd6dd700 Git sha rocksdb_build_git_sha:
2018/12/29-14:18:26.719606 7fe0cd6dd700 Compile date Dec 29 2018
2018/12/29-14:18:26.719610 7fe0cd6dd700 DB SUMMARY
2018/12/29-14:18:26.719633 7fe0cd6dd700 SST files in /mnt/sdc/ycsb-rocksdb-data dir, Total Num: 0, files: 
2018/12/29-14:18:26.719635 7fe0cd6dd700 Write Ahead Log file in /mnt/sdc/ycsb-rocksdb-data: 
2018/12/29-14:18:26.719638 7fe0cd6dd700                         Options.error_if_exists: 0
2018/12/29-14:18:26.719639 7fe0cd6dd700                       Options.create_if_missing: 1
2018/12/29-14:18:26.719640 7fe0cd6dd700                         Options.paranoid_checks: 1
2018/12/29-14:18:26.719641 7fe0cd6dd700                                     Options.env: 0x7fe0c4ba02c0
2018/12/29-14:18:26.719642 7fe0cd6dd700                                Options.info_log: 0x7fe00c3d6ca0
2018/12/29-14:18:26.719644 7fe0cd6dd700                Options.max_file_opening_threads: 16
2018/12/29-14:18:26.719645 7fe0cd6dd700                              Options.statistics: (nil)
2018/12/29-14:18:26.719646 7fe0cd6dd700                               Options.use_fsync: 0
2018/12/29-14:18:26.719647 7fe0cd6dd700                       Options.max_log_file_size: 0
2018/12/29-14:18:26.719648 7fe0cd6dd700                  Options.max_manifest_file_size: 18446744073709551615
2018/12/29-14:18:26.719649 7fe0cd6dd700                   Options.log_file_time_to_roll: 0
2018/12/29-14:18:26.719650 7fe0cd6dd700                       Options.keep_log_file_num: 1000
2018/12/29-14:18:26.719652 7fe0cd6dd700                    Options.recycle_log_file_num: 0
2018/12/29-14:18:26.719653 7fe0cd6dd700                         Options.allow_fallocate: 1
2018/12/29-14:18:26.719654 7fe0cd6dd700                        Options.allow_mmap_reads: 0
2018/12/29-14:18:26.719655 7fe0cd6dd700                       Options.allow_mmap_writes: 0
2018/12/29-14:18:26.719655 7fe0cd6dd700                        Options.use_direct_reads: 0
2018/12/29-14:18:26.719656 7fe0cd6dd700                        Options.use_direct_io_for_flush_and_compaction: 0
2018/12/29-14:18:26.719658 7fe0cd6dd700          Options.create_missing_column_families: 1
2018/12/29-14:18:26.719659 7fe0cd6dd700                              Options.db_log_dir: 
2018/12/29-14:18:26.719660 7fe0cd6dd700                                 Options.wal_dir: /mnt/sdc/ycsb-rocksdb-data
2018/12/29-14:18:26.719661 7fe0cd6dd700                Options.table_cache_numshardbits: 6
2018/12/29-14:18:26.719662 7fe0cd6dd700                      Options.max_subcompactions: 4
2018/12/29-14:18:26.719663 7fe0cd6dd700                  Options.max_background_flushes: 24
2018/12/29-14:18:26.719664 7fe0cd6dd700                         Options.WAL_ttl_seconds: 0
2018/12/29-14:18:26.719665 7fe0cd6dd700                       Options.WAL_size_limit_MB: 0
2018/12/29-14:18:26.719666 7fe0cd6dd700             Options.manifest_preallocation_size: 4194304
2018/12/29-14:18:26.719667 7fe0cd6dd700                     Options.is_fd_close_on_exec: 1
2018/12/29-14:18:26.719668 7fe0cd6dd700                   Options.advise_random_on_open: 1
2018/12/29-14:18:26.719669 7fe0cd6dd700                    Options.db_write_buffer_size: 0
2018/12/29-14:18:26.719670 7fe0cd6dd700                    Options.write_buffer_manager: 0x7fe00c3d15a0
2018/12/29-14:18:26.719671 7fe0cd6dd700         Options.access_hint_on_compaction_start: 1
2018/12/29-14:18:26.719672 7fe0cd6dd700  Options.new_table_reader_for_compaction_inputs: 0
2018/12/29-14:18:26.719673 7fe0cd6dd700           Options.random_access_max_buffer_size: 1048576
2018/12/29-14:18:26.719674 7fe0cd6dd700                      Options.use_adaptive_mutex: 0
2018/12/29-14:18:26.719675 7fe0cd6dd700                            Options.rate_limiter: (nil)
2018/12/29-14:18:26.719677 7fe0cd6dd700     Options.sst_file_manager.rate_bytes_per_sec: 0
2018/12/29-14:18:26.719679 7fe0cd6dd700                       Options.wal_recovery_mode: 2
2018/12/29-14:18:26.719680 7fe0cd6dd700                  Options.enable_thread_tracking: 0
2018/12/29-14:18:26.719681 7fe0cd6dd700                  Options.enable_pipelined_write: 1
2018/12/29-14:18:26.719690 7fe0cd6dd700         Options.allow_concurrent_memtable_write: 1
2018/12/29-14:18:26.719691 7fe0cd6dd700      Options.enable_write_thread_adaptive_yield: 1
2018/12/29-14:18:26.719692 7fe0cd6dd700             Options.write_thread_max_yield_usec: 100
2018/12/29-14:18:26.719693 7fe0cd6dd700            Options.write_thread_slow_yield_usec: 3
2018/12/29-14:18:26.719694 7fe0cd6dd700                               Options.row_cache: None
2018/12/29-14:18:26.719695 7fe0cd6dd700                              Options.wal_filter: None
2018/12/29-14:18:26.719697 7fe0cd6dd700             Options.avoid_flush_during_recovery: 0
2018/12/29-14:18:26.719698 7fe0cd6dd700             Options.allow_ingest_behind: 0
2018/12/29-14:18:26.719699 7fe0cd6dd700             Options.preserve_deletes: 0
2018/12/29-14:18:26.719700 7fe0cd6dd700             Options.two_write_queues: 0
2018/12/29-14:18:26.719701 7fe0cd6dd700             Options.manual_wal_flush: 0
2018/12/29-14:18:26.719703 7fe0cd6dd700             Options.max_background_jobs: 24
2018/12/29-14:18:26.719704 7fe0cd6dd700             Options.max_background_compactions: 24
2018/12/29-14:18:26.719705 7fe0cd6dd700             Options.avoid_flush_during_shutdown: 0
2018/12/29-14:18:26.719706 7fe0cd6dd700           Options.writable_file_max_buffer_size: 1048576
2018/12/29-14:18:26.719707 7fe0cd6dd700             Options.delayed_write_rate : 16777216
2018/12/29-14:18:26.719708 7fe0cd6dd700             Options.max_total_wal_size: 0
2018/12/29-14:18:26.719709 7fe0cd6dd700             Options.delete_obsolete_files_period_micros: 21600000000
2018/12/29-14:18:26.719710 7fe0cd6dd700                   Options.stats_dump_period_sec: 60
2018/12/29-14:18:26.719711 7fe0cd6dd700                          Options.max_open_files: -1
2018/12/29-14:18:26.719713 7fe0cd6dd700                          Options.bytes_per_sync: 1048576
2018/12/29-14:18:26.719714 7fe0cd6dd700                      Options.wal_bytes_per_sync: 0
2018/12/29-14:18:26.719715 7fe0cd6dd700       Options.compaction_readahead_size: 0
2018/12/29-14:18:26.719716 7fe0cd6dd700 Compression algorithms supported:
2018/12/29-14:18:26.719717 7fe0cd6dd700 	kZSTDNotFinalCompression supported: 1
2018/12/29-14:18:26.719727 7fe0cd6dd700 	kZSTD supported: 1
2018/12/29-14:18:26.719729 7fe0cd6dd700 	kXpressCompression supported: 0
2018/12/29-14:18:26.719730 7fe0cd6dd700 	kLZ4HCCompression supported: 1
2018/12/29-14:18:26.719731 7fe0cd6dd700 	kLZ4Compression supported: 1
2018/12/29-14:18:26.719733 7fe0cd6dd700 	kBZip2Compression supported: 1
2018/12/29-14:18:26.719734 7fe0cd6dd700 	kZlibCompression supported: 1
2018/12/29-14:18:26.719735 7fe0cd6dd700 	kSnappyCompression supported: 1
2018/12/29-14:18:26.719739 7fe0cd6dd700 Fast CRC32 supported: Supported on x86
2018/12/29-14:18:26.719807 7fe0cd6dd700 [db/db_impl_open.cc:222] Creating manifest 1 
2018/12/29-14:18:26.824109 7fe0cd6dd700 [db/version_set.cc:3085] Recovering from manifest file: MANIFEST-000001
2018/12/29-14:18:26.824231 7fe0cd6dd700 [db/column_family.cc:475] --------------- Options for column family [default]:
2018/12/29-14:18:26.824236 7fe0cd6dd700               Options.comparator: leveldb.BytewiseComparator
2018/12/29-14:18:26.824238 7fe0cd6dd700           Options.merge_operator: None
2018/12/29-14:18:26.824239 7fe0cd6dd700        Options.compaction_filter: None
2018/12/29-14:18:26.824240 7fe0cd6dd700        Options.compaction_filter_factory: None
2018/12/29-14:18:26.824241 7fe0cd6dd700         Options.memtable_factory: SkipListFactory
2018/12/29-14:18:26.824243 7fe0cd6dd700            Options.table_factory: BlockBasedTable
2018/12/29-14:18:26.824275 7fe0cd6dd700            table_factory options:   flush_block_policy_factory: FlushBlockBySizePolicyFactory (0x7fe00c377af0)
  cache_index_and_filter_blocks: 0
  cache_index_and_filter_blocks_with_high_priority: 0
  pin_l0_filter_and_index_blocks_in_cache: 0
  index_type: 0
  hash_index_allow_collision: 1
  checksum: 1
  no_block_cache: 0
  block_cache: 0x7fe00c383b00
  block_cache_name: LRUCache
  block_cache_options:
    capacity : 8388608
    num_shard_bits : 4
    strict_capacity_limit : 0
    high_pri_pool_ratio: 0.000
  block_cache_compressed: (nil)
  persistent_cache: (nil)
  block_size: 8192
  block_size_deviation: 10
  block_restart_interval: 16
  index_block_restart_interval: 1
  metadata_block_size: 4096
  partition_filters: 0
  use_delta_encoding: 1
  filter_policy: nullptr
  whole_key_filtering: 1
  verify_compression: 0
  read_amp_bytes_per_bit: 0
  format_version: 2
  enable_index_compression: 1
  block_align: 0
2018/12/29-14:18:26.824293 7fe0cd6dd700        Options.write_buffer_size: 134217728
2018/12/29-14:18:26.824295 7fe0cd6dd700  Options.max_write_buffer_number: 24
2018/12/29-14:18:26.824297 7fe0cd6dd700        Options.compression[0]: NoCompression
2018/12/29-14:18:26.824298 7fe0cd6dd700        Options.compression[1]: NoCompression
2018/12/29-14:18:26.824299 7fe0cd6dd700        Options.compression[2]: LZ4
2018/12/29-14:18:26.824301 7fe0cd6dd700        Options.compression[3]: LZ4
2018/12/29-14:18:26.824302 7fe0cd6dd700        Options.compression[4]: LZ4
2018/12/29-14:18:26.824303 7fe0cd6dd700        Options.compression[5]: LZ4
2018/12/29-14:18:26.824304 7fe0cd6dd700        Options.compression[6]: LZ4
2018/12/29-14:18:26.824305 7fe0cd6dd700                  Options.bottommost_compression: Disabled
2018/12/29-14:18:26.824306 7fe0cd6dd700       Options.prefix_extractor: nullptr
2018/12/29-14:18:26.824307 7fe0cd6dd700   Options.memtable_insert_with_hint_prefix_extractor: nullptr
2018/12/29-14:18:26.824308 7fe0cd6dd700             Options.num_levels: 7
2018/12/29-14:18:26.824310 7fe0cd6dd700        Options.min_write_buffer_number_to_merge: 2
2018/12/29-14:18:26.824311 7fe0cd6dd700     Options.max_write_buffer_number_to_maintain: 0
2018/12/29-14:18:26.824312 7fe0cd6dd700            Options.compression_opts.window_bits: -14
2018/12/29-14:18:26.824313 7fe0cd6dd700                  Options.compression_opts.level: -1
2018/12/29-14:18:26.824314 7fe0cd6dd700               Options.compression_opts.strategy: 0
2018/12/29-14:18:26.824315 7fe0cd6dd700         Options.compression_opts.max_dict_bytes: 0
2018/12/29-14:18:26.824316 7fe0cd6dd700         Options.compression_opts.zstd_max_train_bytes: 0
2018/12/29-14:18:26.824317 7fe0cd6dd700      Options.level0_file_num_compaction_trigger: 2
2018/12/29-14:18:26.824318 7fe0cd6dd700          Options.level0_slowdown_writes_trigger: 20
2018/12/29-14:18:26.824319 7fe0cd6dd700              Options.level0_stop_writes_trigger: 36
2018/12/29-14:18:26.824320 7fe0cd6dd700                   Options.target_file_size_base: 67108864
2018/12/29-14:18:26.824321 7fe0cd6dd700             Options.target_file_size_multiplier: 1
2018/12/29-14:18:26.824322 7fe0cd6dd700                Options.max_bytes_for_level_base: 536870912
2018/12/29-14:18:26.824323 7fe0cd6dd700 Options.level_compaction_dynamic_level_bytes: 0
2018/12/29-14:18:26.824325 7fe0cd6dd700          Options.max_bytes_for_level_multiplier: 10.000000
2018/12/29-14:18:26.824327 7fe0cd6dd700 Options.max_bytes_for_level_multiplier_addtl[0]: 1
2018/12/29-14:18:26.824328 7fe0cd6dd700 Options.max_bytes_for_level_multiplier_addtl[1]: 1
2018/12/29-14:18:26.824329 7fe0cd6dd700 Options.max_bytes_for_level_multiplier_addtl[2]: 1
2018/12/29-14:18:26.824330 7fe0cd6dd700 Options.max_bytes_for_level_multiplier_addtl[3]: 1
2018/12/29-14:18:26.824331 7fe0cd6dd700 Options.max_bytes_for_level_multiplier_addtl[4]: 1
2018/12/29-14:18:26.824332 7fe0cd6dd700 Options.max_bytes_for_level_multiplier_addtl[5]: 1
2018/12/29-14:18:26.824333 7fe0cd6dd700 Options.max_bytes_for_level_multiplier_addtl[6]: 1
2018/12/29-14:18:26.824334 7fe0cd6dd700       Options.max_sequential_skip_in_iterations: 8
2018/12/29-14:18:26.824335 7fe0cd6dd700                    Options.max_compaction_bytes: 1677721600
2018/12/29-14:18:26.824336 7fe0cd6dd700                        Options.arena_block_size: 16777216
2018/12/29-14:18:26.824338 7fe0cd6dd700   Options.soft_pending_compaction_bytes_limit: 68719476736
2018/12/29-14:18:26.824339 7fe0cd6dd700   Options.hard_pending_compaction_bytes_limit: 274877906944
2018/12/29-14:18:26.824345 7fe0cd6dd700       Options.rate_limit_delay_max_milliseconds: 100
2018/12/29-14:18:26.824347 7fe0cd6dd700                Options.disable_auto_compactions: 0
2018/12/29-14:18:26.824349 7fe0cd6dd700                        Options.compaction_style: kCompactionStyleLevel
2018/12/29-14:18:26.824352 7fe0cd6dd700                          Options.compaction_pri: kByCompensatedSize
2018/12/29-14:18:26.824353 7fe0cd6dd700 Options.compaction_options_universal.size_ratio: 1
2018/12/29-14:18:26.824354 7fe0cd6dd700 Options.compaction_options_universal.min_merge_width: 2
2018/12/29-14:18:26.824355 7fe0cd6dd700 Options.compaction_options_universal.max_merge_width: 4294967295
2018/12/29-14:18:26.824356 7fe0cd6dd700 Options.compaction_options_universal.max_size_amplification_percent: 200
2018/12/29-14:18:26.824357 7fe0cd6dd700 Options.compaction_options_universal.compression_size_percent: -1
2018/12/29-14:18:26.824359 7fe0cd6dd700 Options.compaction_options_universal.stop_style: kCompactionStopStyleTotalSize
2018/12/29-14:18:26.824361 7fe0cd6dd700 Options.compaction_options_fifo.max_table_files_size: 1073741824
2018/12/29-14:18:26.824362 7fe0cd6dd700 Options.compaction_options_fifo.allow_compaction: 0
2018/12/29-14:18:26.824363 7fe0cd6dd700 Options.compaction_options_fifo.ttl: 0
2018/12/29-14:18:26.824364 7fe0cd6dd700                   Options.table_properties_collectors: 
2018/12/29-14:18:26.824365 7fe0cd6dd700                   Options.inplace_update_support: 0
2018/12/29-14:18:26.824366 7fe0cd6dd700                 Options.inplace_update_num_locks: 10000
2018/12/29-14:18:26.824367 7fe0cd6dd700               Options.memtable_prefix_bloom_size_ratio: 0.000000
2018/12/29-14:18:26.824369 7fe0cd6dd700   Options.memtable_huge_page_size: 0
2018/12/29-14:18:26.824370 7fe0cd6dd700                           Options.bloom_locality: 0
2018/12/29-14:18:26.824371 7fe0cd6dd700                    Options.max_successive_merges: 0
2018/12/29-14:18:26.824372 7fe0cd6dd700                Options.optimize_filters_for_hits: 0
2018/12/29-14:18:26.824373 7fe0cd6dd700                Options.paranoid_file_checks: 0
2018/12/29-14:18:26.824374 7fe0cd6dd700                Options.force_consistency_checks: 0
2018/12/29-14:18:26.824375 7fe0cd6dd700                Options.report_bg_io_stats: 0
2018/12/29-14:18:26.824376 7fe0cd6dd700                               Options.ttl: 0
2018/12/29-14:18:26.824977 7fe0cd6dd700 [db/version_set.cc:3361] Recovered from manifest file:/mnt/sdc/ycsb-rocksdb-data/MANIFEST-000001 succeeded,manifest_file_number is 1, next_file_number is 3, last_sequence is 0, log_number is 0,prev_log_number is 0,max_column_family is 0,min_log_number_to_keep is 0
2018/12/29-14:18:26.824986 7fe0cd6dd700 [db/version_set.cc:3369] Column family [default] (ID 0), log number is 0
2018/12/29-14:18:26.825204 7fe0cd6dd700 [db/version_set.cc:2847] Creating manifest 4
2018/12/29-14:18:26.899670 7fe0cd6dd700 [db/column_family.cc:475] --------------- Options for column family [usertable]:
2018/12/29-14:18:26.899676 7fe0cd6dd700               Options.comparator: leveldb.BytewiseComparator
2018/12/29-14:18:26.899678 7fe0cd6dd700           Options.merge_operator: None
2018/12/29-14:18:26.899679 7fe0cd6dd700        Options.compaction_filter: None
2018/12/29-14:18:26.899680 7fe0cd6dd700        Options.compaction_filter_factory: None
2018/12/29-14:18:26.899681 7fe0cd6dd700         Options.memtable_factory: SkipListFactory
2018/12/29-14:18:26.899682 7fe0cd6dd700            Options.table_factory: BlockBasedTable
2018/12/29-14:18:26.899710 7fe0cd6dd700            table_factory options:   flush_block_policy_factory: FlushBlockBySizePolicyFactory (0x7fe00c377bd0)
  cache_index_and_filter_blocks: 0
  cache_index_and_filter_blocks_with_high_priority: 0
  pin_l0_filter_and_index_blocks_in_cache: 0
  index_type: 0
  hash_index_allow_collision: 1
  checksum: 1
  no_block_cache: 0
  block_cache: 0x7fe00c378cf0
  block_cache_name: LRUCache
  block_cache_options:
    capacity : 8388608
    num_shard_bits : 4
    strict_capacity_limit : 0
    high_pri_pool_ratio: 0.000
  block_cache_compressed: (nil)
  persistent_cache: (nil)
  block_size: 8192
  block_size_deviation: 10
  block_restart_interval: 16
  index_block_restart_interval: 1
  metadata_block_size: 4096
  partition_filters: 0
  use_delta_encoding: 1
  filter_policy: nullptr
  whole_key_filtering: 1
  verify_compression: 0
  read_amp_bytes_per_bit: 0
  format_version: 2
  enable_index_compression: 1
  block_align: 0
2018/12/29-14:18:26.899712 7fe0cd6dd700        Options.write_buffer_size: 134217728
2018/12/29-14:18:26.899714 7fe0cd6dd700  Options.max_write_buffer_number: 24
2018/12/29-14:18:26.899715 7fe0cd6dd700        Options.compression[0]: NoCompression
2018/12/29-14:18:26.899717 7fe0cd6dd700        Options.compression[1]: NoCompression
2018/12/29-14:18:26.899718 7fe0cd6dd700        Options.compression[2]: LZ4
2018/12/29-14:18:26.899719 7fe0cd6dd700        Options.compression[3]: LZ4
2018/12/29-14:18:26.899720 7fe0cd6dd700        Options.compression[4]: LZ4
2018/12/29-14:18:26.899721 7fe0cd6dd700        Options.compression[5]: LZ4
2018/12/29-14:18:26.899722 7fe0cd6dd700        Options.compression[6]: LZ4
2018/12/29-14:18:26.899723 7fe0cd6dd700                  Options.bottommost_compression: Disabled
2018/12/29-14:18:26.899724 7fe0cd6dd700       Options.prefix_extractor: nullptr
2018/12/29-14:18:26.899726 7fe0cd6dd700   Options.memtable_insert_with_hint_prefix_extractor: nullptr
2018/12/29-14:18:26.899727 7fe0cd6dd700             Options.num_levels: 7
2018/12/29-14:18:26.899728 7fe0cd6dd700        Options.min_write_buffer_number_to_merge: 2
2018/12/29-14:18:26.899729 7fe0cd6dd700     Options.max_write_buffer_number_to_maintain: 0
2018/12/29-14:18:26.899730 7fe0cd6dd700            Options.compression_opts.window_bits: -14
2018/12/29-14:18:26.899731 7fe0cd6dd700                  Options.compression_opts.level: -1
2018/12/29-14:18:26.899732 7fe0cd6dd700               Options.compression_opts.strategy: 0
2018/12/29-14:18:26.899733 7fe0cd6dd700         Options.compression_opts.max_dict_bytes: 0
2018/12/29-14:18:26.899734 7fe0cd6dd700         Options.compression_opts.zstd_max_train_bytes: 0
2018/12/29-14:18:26.899735 7fe0cd6dd700      Options.level0_file_num_compaction_trigger: 2
2018/12/29-14:18:26.899736 7fe0cd6dd700          Options.level0_slowdown_writes_trigger: 20
2018/12/29-14:18:26.899737 7fe0cd6dd700              Options.level0_stop_writes_trigger: 36
2018/12/29-14:18:26.899738 7fe0cd6dd700                   Options.target_file_size_base: 67108864
2018/12/29-14:18:26.899739 7fe0cd6dd700             Options.target_file_size_multiplier: 1
2018/12/29-14:18:26.899740 7fe0cd6dd700                Options.max_bytes_for_level_base: 536870912
2018/12/29-14:18:26.899742 7fe0cd6dd700 Options.level_compaction_dynamic_level_bytes: 0
2018/12/29-14:18:26.899743 7fe0cd6dd700          Options.max_bytes_for_level_multiplier: 10.000000
2018/12/29-14:18:26.899745 7fe0cd6dd700 Options.max_bytes_for_level_multiplier_addtl[0]: 1
2018/12/29-14:18:26.899757 7fe0cd6dd700 Options.max_bytes_for_level_multiplier_addtl[1]: 1
2018/12/29-14:18:26.899758 7fe0cd6dd700 Options.max_bytes_for_level_multiplier_addtl[2]: 1
2018/12/29-14:18:26.899759 7fe0cd6dd700 Options.max_bytes_for_level_multiplier_addtl[3]: 1
2018/12/29-14:18:26.899760 7fe0cd6dd700 Options.max_bytes_for_level_multiplier_addtl[4]: 1
2018/12/29-14:18:26.899761 7fe0cd6dd700 Options.max_bytes_for_level_multiplier_addtl[5]: 1
2018/12/29-14:18:26.899762 7fe0cd6dd700 Options.max_bytes_for_level_multiplier_addtl[6]: 1
2018/12/29-14:18:26.899763 7fe0cd6dd700       Options.max_sequential_skip_in_iterations: 8
2018/12/29-14:18:26.899764 7fe0cd6dd700                    Options.max_compaction_bytes: 1677721600
2018/12/29-14:18:26.899765 7fe0cd6dd700                        Options.arena_block_size: 16777216
2018/12/29-14:18:26.899767 7fe0cd6dd700   Options.soft_pending_compaction_bytes_limit: 68719476736
2018/12/29-14:18:26.899768 7fe0cd6dd700   Options.hard_pending_compaction_bytes_limit: 274877906944
2018/12/29-14:18:26.899769 7fe0cd6dd700       Options.rate_limit_delay_max_milliseconds: 100
2018/12/29-14:18:26.899770 7fe0cd6dd700                Options.disable_auto_compactions: 0
2018/12/29-14:18:26.899772 7fe0cd6dd700                        Options.compaction_style: kCompactionStyleLevel
2018/12/29-14:18:26.899774 7fe0cd6dd700                          Options.compaction_pri: kByCompensatedSize
2018/12/29-14:18:26.899775 7fe0cd6dd700 Options.compaction_options_universal.size_ratio: 1
2018/12/29-14:18:26.899776 7fe0cd6dd700 Options.compaction_options_universal.min_merge_width: 2
2018/12/29-14:18:26.899777 7fe0cd6dd700 Options.compaction_options_universal.max_merge_width: 4294967295
2018/12/29-14:18:26.899778 7fe0cd6dd700 Options.compaction_options_universal.max_size_amplification_percent: 200
2018/12/29-14:18:26.899780 7fe0cd6dd700 Options.compaction_options_universal.compression_size_percent: -1
2018/12/29-14:18:26.899781 7fe0cd6dd700 Options.compaction_options_universal.stop_style: kCompactionStopStyleTotalSize
2018/12/29-14:18:26.899782 7fe0cd6dd700 Options.compaction_options_fifo.max_table_files_size: 1073741824
2018/12/29-14:18:26.899783 7fe0cd6dd700 Options.compaction_options_fifo.allow_compaction: 0
2018/12/29-14:18:26.899784 7fe0cd6dd700 Options.compaction_options_fifo.ttl: 0
2018/12/29-14:18:26.899786 7fe0cd6dd700                   Options.table_properties_collectors: 
2018/12/29-14:18:26.899787 7fe0cd6dd700                   Options.inplace_update_support: 0
2018/12/29-14:18:26.899788 7fe0cd6dd700                 Options.inplace_update_num_locks: 10000
2018/12/29-14:18:26.899789 7fe0cd6dd700               Options.memtable_prefix_bloom_size_ratio: 0.000000
2018/12/29-14:18:26.899790 7fe0cd6dd700   Options.memtable_huge_page_size: 0
2018/12/29-14:18:26.899791 7fe0cd6dd700                           Options.bloom_locality: 0
2018/12/29-14:18:26.899792 7fe0cd6dd700                    Options.max_successive_merges: 0
2018/12/29-14:18:26.899793 7fe0cd6dd700                Options.optimize_filters_for_hits: 0
2018/12/29-14:18:26.899794 7fe0cd6dd700                Options.paranoid_file_checks: 0
2018/12/29-14:18:26.899795 7fe0cd6dd700                Options.force_consistency_checks: 0
2018/12/29-14:18:26.899796 7fe0cd6dd700                Options.report_bg_io_stats: 0
2018/12/29-14:18:26.899797 7fe0cd6dd700                               Options.ttl: 0
2018/12/29-14:18:26.899853 7fe0cd6dd700 [db/db_impl.cc:1396] Created column family [usertable] (ID 1)
2018/12/29-14:18:26.980028 7fe0cd6dd700 [db/db_impl_open.cc:1219] DB pointer 0x7fe00c3d73f0
2018/12/29-14:18:35.947236 7fe0cd3da700 [db/db_impl_write.cc:1373] [usertable] New memtable created with log file: #9. Immutable memtables: 0.
2018/12/29-14:18:44.863710 7fe0ccdc3700 [db/db_impl_write.cc:1373] [usertable] New memtable created with log file: #10. Immutable memtables: 1.
2018/12/29-14:18:44.863867 7fe082ffd700 [db/db_impl_compaction_flush.cc:80] [JOB 2] Syncing log #3
2018/12/29-14:18:45.118994 7fe082ffd700 [db/db_impl_compaction_flush.cc:80] [JOB 2] Syncing log #9
2018/12/29-14:18:46.315505 7fe082ffd700 (Original Log Time 2018/12/29-14:18:44.863813) [db/db_impl_compaction_flush.cc:1424] Calling FlushMemTableToOutputFile with column family [usertable], flush slots available 24, compaction slots available 1, flush slots scheduled 1, compaction slots scheduled 0
2018/12/29-14:18:46.315518 7fe082ffd700 [db/flush_job.cc:301] [usertable] [JOB 2] Flushing memtable with next log file: 9
2018/12/29-14:18:46.315531 7fe082ffd700 [db/flush_job.cc:301] [usertable] [JOB 2] Flushing memtable with next log file: 10
2018/12/29-14:18:46.315583 7fe082ffd700 EVENT_LOG_v1 {"time_micros": 1546121926315561, "job": 2, "event": "flush_started", "num_memtables": 2, "num_entries": 62584, "num_deletes": 0, "memory_usage": 260117080, "flush_reason": "Write Buffer Full"}
2018/12/29-14:18:46.315596 7fe082ffd700 [db/flush_job.cc:331] [usertable] [JOB 2] Level-0 flush table #11: started
2018/12/29-14:18:47.967783 7fe082ffd700 EVENT_LOG_v1 {"time_micros": 1546121927967758, "cf_name": "usertable", "job": 2, "event": "table_file_creation", "file_number": 11, "file_size": 259185348, "table_properties": {"data_size": 258033832, "index_size": 1150589, "filter_size": 0, "raw_key_size": 1502016, "raw_average_key_size": 24, "raw_value_size": 256344064, "raw_average_value_size": 4096, "num_data_blocks": 31292, "num_entries": 62584, "filter_policy_name": "", "kDeletedKeys": "0", "kMergeOperands": "0"}}
2018/12/29-14:18:47.967813 7fe082ffd700 [db/flush_job.cc:371] [usertable] [JOB 2] Level-0 flush table #11: 259185348 bytes OK
2018/12/29-14:18:47.997604 7fe082ffd700 (Original Log Time 2018/12/29-14:18:47.967834) [db/memtable_list.cc:377] [usertable] Level-0 commit table #11 started
2018/12/29-14:18:47.997608 7fe082ffd700 (Original Log Time 2018/12/29-14:18:47.997489) [db/memtable_list.cc:409] [usertable] Level-0 commit table #11: memtable #1 done
2018/12/29-14:18:47.997610 7fe082ffd700 (Original Log Time 2018/12/29-14:18:47.997508) [db/memtable_list.cc:409] [usertable] Level-0 commit table #11: memtable #2 done
2018/12/29-14:18:47.997612 7fe082ffd700 (Original Log Time 2018/12/29-14:18:47.997543) EVENT_LOG_v1 {"time_micros": 1546121927997532, "job": 2, "event": "flush_finished", "output_compression": "NoCompression", "lsm_state": [1, 0, 0, 0, 0, 0, 0], "immutable_memtables": 0}
2018/12/29-14:18:47.997614 7fe082ffd700 (Original Log Time 2018/12/29-14:18:47.997569) [db/db_impl_compaction_flush.cc:177] [usertable] Level summary: base level 1 max bytes base 536870912 files[1 0 0 0 0 0 0] max score 0.50
2018/12/29-14:18:47.997626 7fe082ffd700 [db/db_impl_files.cc:347] [JOB 2] Try to delete WAL files size 258364744, prev total WAL file size 303649349, number of live WAL files 3.
2018/12/29-14:18:53.780332 7fe0cd3da700 [db/db_impl_write.cc:1373] [usertable] New memtable created with log file: #12. Immutable memtables: 0.
2018/12/29-14:19:02.744921 7fe0cd3da700 [db/db_impl_write.cc:1373] [usertable] New memtable created with log file: #13. Immutable memtables: 1.
2018/12/29-14:19:02.745030 7fe0827fc700 [db/db_impl_compaction_flush.cc:80] [JOB 3] Syncing log #10
2018/12/29-14:19:03.338260 7fe0827fc700 [db/db_impl_compaction_flush.cc:80] [JOB 3] Syncing log #12
2018/12/29-14:19:04.520975 7fe0827fc700 (Original Log Time 2018/12/29-14:19:02.744992) [db/db_impl_compaction_flush.cc:1424] Calling FlushMemTableToOutputFile with column family [usertable], flush slots available 24, compaction slots available 1, flush slots scheduled 1, compaction slots scheduled 0
2018/12/29-14:19:04.520993 7fe0827fc700 [db/flush_job.cc:301] [usertable] [JOB 3] Flushing memtable with next log file: 12
2018/12/29-14:19:04.521002 7fe0827fc700 [db/flush_job.cc:301] [usertable] [JOB 3] Flushing memtable with next log file: 13
2018/12/29-14:19:04.521043 7fe0827fc700 EVENT_LOG_v1 {"time_micros": 1546121944521032, "job": 3, "event": "flush_started", "num_memtables": 2, "num_entries": 62584, "num_deletes": 0, "memory_usage": 260068488, "flush_reason": "Write Buffer Full"}
2018/12/29-14:19:04.521052 7fe0827fc700 [db/flush_job.cc:331] [usertable] [JOB 3] Level-0 flush table #14: started
2018/12/29-14:19:07.305132 7fe0827fc700 EVENT_LOG_v1 {"time_micros": 1546121947305108, "cf_name": "usertable", "job": 3, "event": "table_file_creation", "file_number": 14, "file_size": 259185345, "table_properties": {"data_size": 258033832, "index_size": 1150586, "filter_size": 0, "raw_key_size": 1502016, "raw_average_key_size": 24, "raw_value_size": 256344064, "raw_average_value_size": 4096, "num_data_blocks": 31292, "num_entries": 62584, "filter_policy_name": "", "kDeletedKeys": "0", "kMergeOperands": "0"}}
2018/12/29-14:19:07.305155 7fe0827fc700 [db/flush_job.cc:371] [usertable] [JOB 3] Level-0 flush table #14: 259185345 bytes OK
2018/12/29-14:19:07.334945 7fe0827fc700 (Original Log Time 2018/12/29-14:19:07.305170) [db/memtable_list.cc:377] [usertable] Level-0 commit table #14 started
2018/12/29-14:19:07.334949 7fe0827fc700 (Original Log Time 2018/12/29-14:19:07.334864) [db/memtable_list.cc:409] [usertable] Level-0 commit table #14: memtable #1 done
2018/12/29-14:19:07.334951 7fe0827fc700 (Original Log Time 2018/12/29-14:19:07.334867) [db/memtable_list.cc:409] [usertable] Level-0 commit table #14: memtable #2 done
2018/12/29-14:19:07.334953 7fe0827fc700 (Original Log Time 2018/12/29-14:19:07.334887) EVENT_LOG_v1 {"time_micros": 1546121947334879, "job": 3, "event": "flush_finished", "output_compression": "NoCompression", "lsm_state": [2, 0, 0, 0, 0, 0, 0], "immutable_memtables": 0}
2018/12/29-14:19:07.334955 7fe0827fc700 (Original Log Time 2018/12/29-14:19:07.334922) [db/db_impl_compaction_flush.cc:177] [usertable] Level summary: base level 1 max bytes base 536870912 files[2 0 0 0 0 0 0] max score 1.00
2018/12/29-14:19:07.334965 7fe0827fc700 [db/db_impl_files.cc:347] [JOB 3] Try to delete WAL files size 258366724, prev total WAL file size 324689834, number of live WAL files 3.
2018/12/29-14:19:07.335174 7fe0bffff700 [WARN] [db/db_impl.cc:491] ------- DUMPING STATS -------
2018/12/29-14:19:07.335229 7fe0bffff700 [WARN] [db/db_impl.cc:492] 
** DB Stats **
Uptime(secs): 40.5 total, 40.5 interval
Cumulative writes: 141K writes, 141K keys, 132K commit groups, 1.1 writes per commit group, ingest: 0.54 GB, 13.73 MB/s
Cumulative WAL: 141K writes, 0 syncs, 141234.00 writes per sync, written: 0.54 GB, 13.73 MB/s
Cumulative stall: 00:00:0.000 H:M:S, 0.0 percent
Interval writes: 141K writes, 141K keys, 132K commit groups, 1.1 writes per commit group, ingest: 556.04 MB, 13.73 MB/s
Interval WAL: 141K writes, 0 syncs, 141234.00 writes per sync, written: 0.54 MB, 13.73 MB/s
Interval stall: 00:00:0.000 H:M:S, 0.0 percent

** Compaction Stats [default] **
Level    Files   Size     Score Read(GB)  Rn(GB) Rnp1(GB) Write(GB) Wnew(GB) Moved(GB) W-Amp Rd(MB/s) Wr(MB/s) Comp(sec) Comp(cnt) Avg(sec) KeyIn KeyDrop
----------------------------------------------------------------------------------------------------------------------------------------------------------
 Sum      0/0    0.00 KB   0.0      0.0     0.0      0.0       0.0      0.0       0.0   0.0      0.0      0.0         0         0    0.000       0      0
 Int      0/0    0.00 KB   0.0      0.0     0.0      0.0       0.0      0.0       0.0   0.0      0.0      0.0         0         0    0.000       0      0
Uptime(secs): 40.5 total, 40.5 interval
Flush(GB): cumulative 0.000, interval 0.000
AddFile(GB): cumulative 0.000, interval 0.000
AddFile(Total Files): cumulative 0, interval 0
AddFile(L0 Files): cumulative 0, interval 0
AddFile(Keys): cumulative 0, interval 0
Cumulative compaction: 0.00 GB write, 0.00 MB/s write, 0.00 GB read, 0.00 MB/s read, 0.0 seconds
Interval compaction: 0.00 GB write, 0.00 MB/s write, 0.00 GB read, 0.00 MB/s read, 0.0 seconds
Stalls(count): 0 level0_slowdown, 0 level0_slowdown_with_compaction, 0 level0_numfiles, 0 level0_numfiles_with_compaction, 0 stop for pending_compaction_bytes, 0 slowdown for pending_compaction_bytes, 0 memtable_compaction, 0 memtable_slowdown, interval 0 total count

** File Read Latency Histogram By Level [default] **

** Compaction Stats [usertable] **
Level    Files   Size     Score Read(GB)  Rn(GB) Rnp1(GB) Write(GB) Wnew(GB) Moved(GB) W-Amp Rd(MB/s) Wr(MB/s) Comp(sec) Comp(cnt) Avg(sec) KeyIn KeyDrop
----------------------------------------------------------------------------------------------------------------------------------------------------------
  L0      2/0   494.36 MB   1.0      0.0     0.0      0.0       0.5      0.5       0.0   1.0      0.0    111.4         4         2    2.218       0      0
 Sum      2/0   494.36 MB   0.0      0.0     0.0      0.0       0.5      0.5       0.0   1.0      0.0    111.4         4         2    2.218       0      0
 Int      0/0    0.00 KB   0.0      0.0     0.0      0.0       0.5      0.5       0.0   1.0      0.0    111.4         4         2    2.218       0      0
Uptime(secs): 40.4 total, 40.4 interval
Flush(GB): cumulative 0.483, interval 0.483
AddFile(GB): cumulative 0.000, interval 0.000
AddFile(Total Files): cumulative 0, interval 0
AddFile(L0 Files): cumulative 0, interval 0
AddFile(Keys): cumulative 0, interval 0
Cumulative compaction: 0.48 GB write, 12.23 MB/s write, 0.00 GB read, 0.00 MB/s read, 4.4 seconds
Interval compaction: 0.48 GB write, 12.23 MB/s write, 0.00 GB read, 0.00 MB/s read, 4.4 seconds
Stalls(count): 0 level0_slowdown, 0 level0_slowdown_with_compaction, 0 level0_numfiles, 0 level0_numfiles_with_compaction, 0 stop for pending_compaction_bytes, 0 slowdown for pending_compaction_bytes, 0 memtable_compaction, 0 memtable_slowdown, interval 0 total count

** File Read Latency Histogram By Level [usertable] **

** Compaction Stats [default] **
Level    Files   Size     Score Read(GB)  Rn(GB) Rnp1(GB) Write(GB) Wnew(GB) Moved(GB) W-Amp Rd(MB/s) Wr(MB/s) Comp(sec) Comp(cnt) Avg(sec) KeyIn KeyDrop
----------------------------------------------------------------------------------------------------------------------------------------------------------
 Sum      0/0    0.00 KB   0.0      0.0     0.0      0.0       0.0      0.0       0.0   0.0      0.0      0.0         0         0    0.000       0      0
 Int      0/0    0.00 KB   0.0      0.0     0.0      0.0       0.0      0.0       0.0   0.0      0.0      0.0         0         0    0.000       0      0
Uptime(secs): 40.5 total, 0.0 interval
Flush(GB): cumulative 0.000, interval 0.000
AddFile(GB): cumulative 0.000, interval 0.000
AddFile(Total Files): cumulative 0, interval 0
AddFile(L0 Files): cumulative 0, interval 0
AddFile(Keys): cumulative 0, interval 0
Cumulative compaction: 0.00 GB write, 0.00 MB/s write, 0.00 GB read, 0.00 MB/s read, 0.0 seconds
Interval compaction: 0.00 GB write, 0.00 MB/s write, 0.00 GB read, 0.00 MB/s read, 0.0 seconds
Stalls(count): 0 level0_slowdown, 0 level0_slowdown_with_compaction, 0 level0_numfiles, 0 level0_numfiles_with_compaction, 0 stop for pending_compaction_bytes, 0 slowdown for pending_compaction_bytes, 0 memtable_compaction, 0 memtable_slowdown, interval 0 total count

** File Read Latency Histogram By Level [default] **

** Compaction Stats [usertable] **
Level    Files   Size     Score Read(GB)  Rn(GB) Rnp1(GB) Write(GB) Wnew(GB) Moved(GB) W-Amp Rd(MB/s) Wr(MB/s) Comp(sec) Comp(cnt) Avg(sec) KeyIn KeyDrop
----------------------------------------------------------------------------------------------------------------------------------------------------------
  L0      2/0   494.36 MB   1.0      0.0     0.0      0.0       0.5      0.5       0.0   1.0      0.0    111.4         4         2    2.218       0      0
 Sum      2/0   494.36 MB   0.0      0.0     0.0      0.0       0.5      0.5       0.0   1.0      0.0    111.4         4         2    2.218       0      0
 Int      0/0    0.00 KB   0.0      0.0     0.0      0.0       0.0      0.0       0.0   0.0      0.0      0.0         0         0    0.000       0      0
Uptime(secs): 40.4 total, 0.0 interval
Flush(GB): cumulative 0.483, interval 0.000
AddFile(GB): cumulative 0.000, interval 0.000
AddFile(Total Files): cumulative 0, interval 0
AddFile(L0 Files): cumulative 0, interval 0
AddFile(Keys): cumulative 0, interval 0
Cumulative compaction: 0.48 GB write, 12.23 MB/s write, 0.00 GB read, 0.00 MB/s read, 4.4 seconds
Interval compaction: 0.00 GB write, 0.00 MB/s write, 0.00 GB read, 0.00 MB/s read, 0.0 seconds
Stalls(count): 0 level0_slowdown, 0 level0_slowdown_with_compaction, 0 level0_numfiles, 0 level0_numfiles_with_compaction, 0 stop for pending_compaction_bytes, 0 slowdown for pending_compaction_bytes, 0 memtable_compaction, 0 memtable_slowdown, interval 0 total count

** File Read Latency Histogram By Level [usertable] **
2018/12/29-14:19:07.364809 7fe0bffff700 (Original Log Time 2018/12/29-14:19:07.335319) [db/db_impl_compaction_flush.cc:1835] [usertable] Moving #11 to level-1 259185348 bytes
2018/12/29-14:19:07.364814 7fe0bffff700 (Original Log Time 2018/12/29-14:19:07.364755) EVENT_LOG_v1 {"time_micros": 1546121947364732, "job": 4, "event": "trivial_move", "destination_level": 1, "files": 1, "total_files_size": 259185348}
2018/12/29-14:19:07.364816 7fe0bffff700 (Original Log Time 2018/12/29-14:19:07.364773) [db/db_impl_compaction_flush.cc:1864] [usertable] Moved #1 files to level-1 259185348 bytes OK: base level 1 max bytes base 536870912 files[1 1 0 0 0 0 0] max score 0.50
2018/12/29-14:19:11.274060 7fe0cd5dc700 [db/db_impl_write.cc:1373] [usertable] New memtable created with log file: #15. Immutable memtables: 0.
2018/12/29-14:19:20.238776 7fe0ccac0700 [db/db_impl_write.cc:1373] [usertable] New memtable created with log file: #16. Immutable memtables: 1.
2018/12/29-14:19:20.238894 7fe081ffb700 [db/db_impl_compaction_flush.cc:80] [JOB 5] Syncing log #13
2018/12/29-14:19:21.092032 7fe081ffb700 [db/db_impl_compaction_flush.cc:80] [JOB 5] Syncing log #15
2018/12/29-14:19:22.227653 7fe081ffb700 (Original Log Time 2018/12/29-14:19:20.238876) [db/db_impl_compaction_flush.cc:1424] Calling FlushMemTableToOutputFile with column family [usertable], flush slots available 24, compaction slots available 1, flush slots scheduled 1, compaction slots scheduled 0
2018/12/29-14:19:22.227668 7fe081ffb700 [db/flush_job.cc:301] [usertable] [JOB 5] Flushing memtable with next log file: 15
2018/12/29-14:19:22.227676 7fe081ffb700 [db/flush_job.cc:301] [usertable] [JOB 5] Flushing memtable with next log file: 16
2018/12/29-14:19:22.227717 7fe081ffb700 EVENT_LOG_v1 {"time_micros": 1546121962227706, "job": 5, "event": "flush_started", "num_memtables": 2, "num_entries": 61231, "num_deletes": 0, "memory_usage": 259517904, "flush_reason": "Write Buffer Full"}
2018/12/29-14:19:22.227727 7fe081ffb700 [db/flush_job.cc:331] [usertable] [JOB 5] Level-0 flush table #17: started
2018/12/29-14:19:24.515440 7fe081ffb700 EVENT_LOG_v1 {"time_micros": 1546121964515416, "cf_name": "usertable", "job": 5, "event": "table_file_creation", "file_number": 17, "file_size": 253582080, "table_properties": {"data_size": 252455427, "index_size": 1125726, "filter_size": 0, "raw_key_size": 1469544, "raw_average_key_size": 24, "raw_value_size": 250802176, "raw_average_value_size": 4096, "num_data_blocks": 30616, "num_entries": 61231, "filter_policy_name": "", "kDeletedKeys": "0", "kMergeOperands": "0"}}
2018/12/29-14:19:24.515462 7fe081ffb700 [db/flush_job.cc:371] [usertable] [JOB 5] Level-0 flush table #17: 253582080 bytes OK
2018/12/29-14:19:24.577000 7fe081ffb700 (Original Log Time 2018/12/29-14:19:24.515476) [db/memtable_list.cc:377] [usertable] Level-0 commit table #17 started
2018/12/29-14:19:24.577005 7fe081ffb700 (Original Log Time 2018/12/29-14:19:24.576892) [db/memtable_list.cc:409] [usertable] Level-0 commit table #17: memtable #1 done
2018/12/29-14:19:24.577007 7fe081ffb700 (Original Log Time 2018/12/29-14:19:24.576899) [db/memtable_list.cc:409] [usertable] Level-0 commit table #17: memtable #2 done
2018/12/29-14:19:24.577009 7fe081ffb700 (Original Log Time 2018/12/29-14:19:24.576931) EVENT_LOG_v1 {"time_micros": 1546121964576921, "job": 5, "event": "flush_finished", "output_compression": "NoCompression", "lsm_state": [2, 1, 0, 0, 0, 0, 0], "immutable_memtables": 0}
2018/12/29-14:19:24.577010 7fe081ffb700 (Original Log Time 2018/12/29-14:19:24.576977) [db/db_impl_compaction_flush.cc:177] [usertable] Level summary: base level 1 max bytes base 536870912 files[2 1 0 0 0 0 0] max score 1.00
