2019/03/23-01:55:21.689907 7f0b20a6f700 RocksDB version: 5.14.3
2019/03/23-01:55:21.689996 7f0b20a6f700 Git sha rocksdb_build_git_sha:
2019/03/23-01:55:21.690001 7f0b20a6f700 Compile date Oct  9 2018
2019/03/23-01:55:21.690014 7f0b20a6f700 DB SUMMARY
2019/03/23-01:55:21.690981 7f0b20a6f700 CURRENT file:  CURRENT
2019/03/23-01:55:21.690986 7f0b20a6f700 IDENTITY file:  IDENTITY
2019/03/23-01:55:21.691002 7f0b20a6f700 MANIFEST file:  MANIFEST-000004 size: 132581 Bytes
2019/03/23-01:55:21.691008 7f0b20a6f700 SST files in /mnt/sdc/ycsb-rocksdb-data dir, Total Num: 727, files: 000015.sst 000017.sst 000019.sst 000021.sst 000022.sst 000029.sst 000030.sst 000031.sst 000036.sst 
2019/03/23-01:55:21.691015 7f0b20a6f700 Write Ahead Log file in /mnt/sdc/ycsb-rocksdb-data: 001370.log size: 109462643 ; 001376.log size: 71582964 ; 
2019/03/23-01:55:21.691099 7f0b20a6f700                         Options.error_if_exists: 0
2019/03/23-01:55:21.691112 7f0b20a6f700                       Options.create_if_missing: 1
2019/03/23-01:55:21.691114 7f0b20a6f700                         Options.paranoid_checks: 1
2019/03/23-01:55:21.691116 7f0b20a6f700                                     Options.env: 0x7f0ad8ffa080
2019/03/23-01:55:21.691118 7f0b20a6f700                                Options.info_log: 0x7f0abc3caa70
2019/03/23-01:55:21.691119 7f0b20a6f700                Options.max_file_opening_threads: 16
2019/03/23-01:55:21.691121 7f0b20a6f700                              Options.statistics: (nil)
2019/03/23-01:55:21.691123 7f0b20a6f700                               Options.use_fsync: 0
2019/03/23-01:55:21.691125 7f0b20a6f700                       Options.max_log_file_size: 0
2019/03/23-01:55:21.691127 7f0b20a6f700                  Options.max_manifest_file_size: 18446744073709551615
2019/03/23-01:55:21.691129 7f0b20a6f700                   Options.log_file_time_to_roll: 0
2019/03/23-01:55:21.691130 7f0b20a6f700                       Options.keep_log_file_num: 1000
2019/03/23-01:55:21.691132 7f0b20a6f700                    Options.recycle_log_file_num: 0
2019/03/23-01:55:21.691134 7f0b20a6f700                         Options.allow_fallocate: 1
2019/03/23-01:55:21.691136 7f0b20a6f700                        Options.allow_mmap_reads: 0
2019/03/23-01:55:21.691137 7f0b20a6f700                       Options.allow_mmap_writes: 0
2019/03/23-01:55:21.691139 7f0b20a6f700                        Options.use_direct_reads: 0
2019/03/23-01:55:21.691141 7f0b20a6f700                        Options.use_direct_io_for_flush_and_compaction: 0
2019/03/23-01:55:21.691143 7f0b20a6f700          Options.create_missing_column_families: 1
2019/03/23-01:55:21.691144 7f0b20a6f700                              Options.db_log_dir: 
2019/03/23-01:55:21.691146 7f0b20a6f700                                 Options.wal_dir: /mnt/sdc/ycsb-rocksdb-data
2019/03/23-01:55:21.691148 7f0b20a6f700                Options.table_cache_numshardbits: 6
2019/03/23-01:55:21.691150 7f0b20a6f700                      Options.max_subcompactions: 4
2019/03/23-01:55:21.691152 7f0b20a6f700                  Options.max_background_flushes: 24
2019/03/23-01:55:21.691153 7f0b20a6f700                         Options.WAL_ttl_seconds: 0
2019/03/23-01:55:21.691155 7f0b20a6f700                       Options.WAL_size_limit_MB: 0
2019/03/23-01:55:21.691157 7f0b20a6f700             Options.manifest_preallocation_size: 4194304
2019/03/23-01:55:21.691159 7f0b20a6f700                     Options.is_fd_close_on_exec: 1
2019/03/23-01:55:21.691161 7f0b20a6f700                   Options.advise_random_on_open: 1
2019/03/23-01:55:21.691163 7f0b20a6f700                    Options.db_write_buffer_size: 0
2019/03/23-01:55:21.691165 7f0b20a6f700                    Options.write_buffer_manager: 0x7f0abc3c5480
2019/03/23-01:55:21.691167 7f0b20a6f700         Options.access_hint_on_compaction_start: 1
2019/03/23-01:55:21.691168 7f0b20a6f700  Options.new_table_reader_for_compaction_inputs: 0
2019/03/23-01:55:21.691170 7f0b20a6f700           Options.random_access_max_buffer_size: 1048576
2019/03/23-01:55:21.691172 7f0b20a6f700                      Options.use_adaptive_mutex: 0
2019/03/23-01:55:21.691174 7f0b20a6f700                            Options.rate_limiter: (nil)
2019/03/23-01:55:21.691194 7f0b20a6f700     Options.sst_file_manager.rate_bytes_per_sec: 0
2019/03/23-01:55:21.691197 7f0b20a6f700                       Options.wal_recovery_mode: 2
2019/03/23-01:55:21.691199 7f0b20a6f700                  Options.enable_thread_tracking: 0
2019/03/23-01:55:21.691201 7f0b20a6f700                  Options.enable_pipelined_write: 1
2019/03/23-01:55:21.691203 7f0b20a6f700         Options.allow_concurrent_memtable_write: 1
2019/03/23-01:55:21.691204 7f0b20a6f700      Options.enable_write_thread_adaptive_yield: 1
2019/03/23-01:55:21.691206 7f0b20a6f700             Options.write_thread_max_yield_usec: 100
2019/03/23-01:55:21.691208 7f0b20a6f700            Options.write_thread_slow_yield_usec: 3
2019/03/23-01:55:21.691210 7f0b20a6f700                               Options.row_cache: None
2019/03/23-01:55:21.691211 7f0b20a6f700                              Options.wal_filter: None
2019/03/23-01:55:21.691213 7f0b20a6f700             Options.avoid_flush_during_recovery: 0
2019/03/23-01:55:21.691215 7f0b20a6f700             Options.allow_ingest_behind: 0
2019/03/23-01:55:21.691217 7f0b20a6f700             Options.preserve_deletes: 0
2019/03/23-01:55:21.691218 7f0b20a6f700             Options.two_write_queues: 0
2019/03/23-01:55:21.691220 7f0b20a6f700             Options.manual_wal_flush: 0
2019/03/23-01:55:21.691224 7f0b20a6f700             Options.max_background_jobs: 24
2019/03/23-01:55:21.691226 7f0b20a6f700             Options.max_background_compactions: 24
2019/03/23-01:55:21.691228 7f0b20a6f700             Options.avoid_flush_during_shutdown: 0
2019/03/23-01:55:21.691229 7f0b20a6f700           Options.writable_file_max_buffer_size: 1048576
2019/03/23-01:55:21.691231 7f0b20a6f700             Options.delayed_write_rate : 16777216
2019/03/23-01:55:21.691233 7f0b20a6f700             Options.max_total_wal_size: 0
2019/03/23-01:55:21.691235 7f0b20a6f700             Options.delete_obsolete_files_period_micros: 21600000000
2019/03/23-01:55:21.691236 7f0b20a6f700                   Options.stats_dump_period_sec: 60
2019/03/23-01:55:21.691237 7f0b20a6f700                          Options.max_open_files: -1
2019/03/23-01:55:21.691238 7f0b20a6f700                          Options.bytes_per_sync: 1048576
2019/03/23-01:55:21.691239 7f0b20a6f700                      Options.wal_bytes_per_sync: 0
2019/03/23-01:55:21.691240 7f0b20a6f700       Options.compaction_readahead_size: 0
2019/03/23-01:55:21.691241 7f0b20a6f700 Compression algorithms supported:
2019/03/23-01:55:21.691243 7f0b20a6f700 	kZSTDNotFinalCompression supported: 1
2019/03/23-01:55:21.691253 7f0b20a6f700 	kZSTD supported: 1
2019/03/23-01:55:21.691254 7f0b20a6f700 	kXpressCompression supported: 0
2019/03/23-01:55:21.691255 7f0b20a6f700 	kLZ4HCCompression supported: 1
2019/03/23-01:55:21.691256 7f0b20a6f700 	kLZ4Compression supported: 1
2019/03/23-01:55:21.691258 7f0b20a6f700 	kBZip2Compression supported: 1
2019/03/23-01:55:21.691259 7f0b20a6f700 	kZlibCompression supported: 1
2019/03/23-01:55:21.691260 7f0b20a6f700 	kSnappyCompression supported: 1
2019/03/23-01:55:21.691264 7f0b20a6f700 Fast CRC32 supported: Not supported on x86
2019/03/23-01:55:21.691704 7f0b20a6f700 [db/version_set.cc:3085] Recovering from manifest file: MANIFEST-000004
2019/03/23-01:55:21.691811 7f0b20a6f700 [db/column_family.cc:475] --------------- Options for column family [default]:
2019/03/23-01:55:21.691815 7f0b20a6f700               Options.comparator: leveldb.BytewiseComparator
2019/03/23-01:55:21.691816 7f0b20a6f700           Options.merge_operator: None
2019/03/23-01:55:21.691817 7f0b20a6f700        Options.compaction_filter: None
2019/03/23-01:55:21.691818 7f0b20a6f700        Options.compaction_filter_factory: None
2019/03/23-01:55:21.691819 7f0b20a6f700         Options.memtable_factory: SkipListFactory
2019/03/23-01:55:21.691821 7f0b20a6f700            Options.table_factory: BlockBasedTable
2019/03/23-01:55:21.691847 7f0b20a6f700            table_factory options:   flush_block_policy_factory: FlushBlockBySizePolicyFactory (0x7f0abc3c4500)
  cache_index_and_filter_blocks: 0
  cache_index_and_filter_blocks_with_high_priority: 0
  pin_l0_filter_and_index_blocks_in_cache: 0
  index_type: 0
  hash_index_allow_collision: 1
  checksum: 1
  no_block_cache: 0
  block_cache: 0x7f0abc3b63f0
  block_cache_name: LRUCache
  block_cache_options:
    capacity : 8388608
    num_shard_bits : 4
    strict_capacity_limit : 0
    high_pri_pool_ratio: 0.000
  block_cache_compressed: (nil)
  persistent_cache: (nil)
  block_size: 8192
  block_size_deviation: 10
  block_restart_interval: 16
  index_block_restart_interval: 1
  metadata_block_size: 4096
  partition_filters: 0
  use_delta_encoding: 1
  filter_policy: nullptr
  whole_key_filtering: 1
  verify_compression: 0
  read_amp_bytes_per_bit: 0
  format_version: 2
  enable_index_compression: 1
  block_align: 0
2019/03/23-01:55:21.691864 7f0b20a6f700        Options.write_buffer_size: 134217728
2019/03/23-01:55:21.691866 7f0b20a6f700  Options.max_write_buffer_number: 24
2019/03/23-01:55:21.691867 7f0b20a6f700        Options.compression[0]: NoCompression
2019/03/23-01:55:21.691869 7f0b20a6f700        Options.compression[1]: NoCompression
2019/03/23-01:55:21.691870 7f0b20a6f700        Options.compression[2]: LZ4
2019/03/23-01:55:21.691871 7f0b20a6f700        Options.compression[3]: LZ4
2019/03/23-01:55:21.691872 7f0b20a6f700        Options.compression[4]: LZ4
2019/03/23-01:55:21.691873 7f0b20a6f700        Options.compression[5]: LZ4
2019/03/23-01:55:21.691874 7f0b20a6f700        Options.compression[6]: LZ4
2019/03/23-01:55:21.691875 7f0b20a6f700                  Options.bottommost_compression: Disabled
2019/03/23-01:55:21.691876 7f0b20a6f700       Options.prefix_extractor: nullptr
2019/03/23-01:55:21.691877 7f0b20a6f700   Options.memtable_insert_with_hint_prefix_extractor: nullptr
2019/03/23-01:55:21.691878 7f0b20a6f700             Options.num_levels: 7
2019/03/23-01:55:21.691879 7f0b20a6f700        Options.min_write_buffer_number_to_merge: 2
2019/03/23-01:55:21.691880 7f0b20a6f700     Options.max_write_buffer_number_to_maintain: 0
2019/03/23-01:55:21.691881 7f0b20a6f700            Options.compression_opts.window_bits: -14
2019/03/23-01:55:21.691882 7f0b20a6f700                  Options.compression_opts.level: -1
2019/03/23-01:55:21.691883 7f0b20a6f700               Options.compression_opts.strategy: 0
2019/03/23-01:55:21.691884 7f0b20a6f700         Options.compression_opts.max_dict_bytes: 0
2019/03/23-01:55:21.691884 7f0b20a6f700         Options.compression_opts.zstd_max_train_bytes: 0
2019/03/23-01:55:21.691885 7f0b20a6f700      Options.level0_file_num_compaction_trigger: 2
2019/03/23-01:55:21.691886 7f0b20a6f700          Options.level0_slowdown_writes_trigger: 20
2019/03/23-01:55:21.691887 7f0b20a6f700              Options.level0_stop_writes_trigger: 36
2019/03/23-01:55:21.691888 7f0b20a6f700                   Options.target_file_size_base: 67108864
2019/03/23-01:55:21.691889 7f0b20a6f700             Options.target_file_size_multiplier: 1
2019/03/23-01:55:21.691890 7f0b20a6f700                Options.max_bytes_for_level_base: 536870912
2019/03/23-01:55:21.691891 7f0b20a6f700 Options.level_compaction_dynamic_level_bytes: 0
2019/03/23-01:55:21.691891 7f0b20a6f700          Options.max_bytes_for_level_multiplier: 10.000000
2019/03/23-01:55:21.691894 7f0b20a6f700 Options.max_bytes_for_level_multiplier_addtl[0]: 1
2019/03/23-01:55:21.691896 7f0b20a6f700 Options.max_bytes_for_level_multiplier_addtl[1]: 1
2019/03/23-01:55:21.691897 7f0b20a6f700 Options.max_bytes_for_level_multiplier_addtl[2]: 1
2019/03/23-01:55:21.691897 7f0b20a6f700 Options.max_bytes_for_level_multiplier_addtl[3]: 1
2019/03/23-01:55:21.691898 7f0b20a6f700 Options.max_bytes_for_level_multiplier_addtl[4]: 1
2019/03/23-01:55:21.691899 7f0b20a6f700 Options.max_bytes_for_level_multiplier_addtl[5]: 1
2019/03/23-01:55:21.691900 7f0b20a6f700 Options.max_bytes_for_level_multiplier_addtl[6]: 1
2019/03/23-01:55:21.691901 7f0b20a6f700       Options.max_sequential_skip_in_iterations: 8
2019/03/23-01:55:21.691902 7f0b20a6f700                    Options.max_compaction_bytes: 1677721600
2019/03/23-01:55:21.691909 7f0b20a6f700                        Options.arena_block_size: 16777216
2019/03/23-01:55:21.691910 7f0b20a6f700   Options.soft_pending_compaction_bytes_limit: 68719476736
2019/03/23-01:55:21.691911 7f0b20a6f700   Options.hard_pending_compaction_bytes_limit: 274877906944
2019/03/23-01:55:21.691912 7f0b20a6f700       Options.rate_limit_delay_max_milliseconds: 100
2019/03/23-01:55:21.691913 7f0b20a6f700                Options.disable_auto_compactions: 0
2019/03/23-01:55:21.691915 7f0b20a6f700                        Options.compaction_style: kCompactionStyleLevel
2019/03/23-01:55:21.691916 7f0b20a6f700                          Options.compaction_pri: kByCompensatedSize
2019/03/23-01:55:21.691917 7f0b20a6f700 Options.compaction_options_universal.size_ratio: 1
2019/03/23-01:55:21.691918 7f0b20a6f700 Options.compaction_options_universal.min_merge_width: 2
2019/03/23-01:55:21.691919 7f0b20a6f700 Options.compaction_options_universal.max_merge_width: 4294967295
2019/03/23-01:55:21.691920 7f0b20a6f700 Options.compaction_options_universal.max_size_amplification_percent: 200
2019/03/23-01:55:21.691921 7f0b20a6f700 Options.compaction_options_universal.compression_size_percent: -1
2019/03/23-01:55:21.691922 7f0b20a6f700 Options.compaction_options_universal.stop_style: kCompactionStopStyleTotalSize
2019/03/23-01:55:21.691923 7f0b20a6f700 Options.compaction_options_fifo.max_table_files_size: 1073741824
2019/03/23-01:55:21.691924 7f0b20a6f700 Options.compaction_options_fifo.allow_compaction: 0
2019/03/23-01:55:21.691925 7f0b20a6f700 Options.compaction_options_fifo.ttl: 0
2019/03/23-01:55:21.691926 7f0b20a6f700                   Options.table_properties_collectors: 
2019/03/23-01:55:21.691927 7f0b20a6f700                   Options.inplace_update_support: 0
2019/03/23-01:55:21.691928 7f0b20a6f700                 Options.inplace_update_num_locks: 10000
2019/03/23-01:55:21.691929 7f0b20a6f700               Options.memtable_prefix_bloom_size_ratio: 0.000000
2019/03/23-01:55:21.691930 7f0b20a6f700   Options.memtable_huge_page_size: 0
2019/03/23-01:55:21.691931 7f0b20a6f700                           Options.bloom_locality: 0
2019/03/23-01:55:21.691932 7f0b20a6f700                    Options.max_successive_merges: 0
2019/03/23-01:55:21.691933 7f0b20a6f700                Options.optimize_filters_for_hits: 0
2019/03/23-01:55:21.691934 7f0b20a6f700                Options.paranoid_file_checks: 0
2019/03/23-01:55:21.691934 7f0b20a6f700                Options.force_consistency_checks: 0
2019/03/23-01:55:21.691935 7f0b20a6f700                Options.report_bg_io_stats: 0
2019/03/23-01:55:21.691936 7f0b20a6f700                               Options.ttl: 0
2019/03/23-01:55:21.692402 7f0b20a6f700 [db/column_family.cc:475] --------------- Options for column family [usertable]:
2019/03/23-01:55:21.692407 7f0b20a6f700               Options.comparator: leveldb.BytewiseComparator
2019/03/23-01:55:21.692408 7f0b20a6f700           Options.merge_operator: None
2019/03/23-01:55:21.692409 7f0b20a6f700        Options.compaction_filter: None
2019/03/23-01:55:21.692410 7f0b20a6f700        Options.compaction_filter_factory: None
2019/03/23-01:55:21.692411 7f0b20a6f700         Options.memtable_factory: SkipListFactory
2019/03/23-01:55:21.692412 7f0b20a6f700            Options.table_factory: BlockBasedTable
2019/03/23-01:55:21.692439 7f0b20a6f700            table_factory options:   flush_block_policy_factory: FlushBlockBySizePolicyFactory (0x7f0abc3c0db0)
  cache_index_and_filter_blocks: 0
  cache_index_and_filter_blocks_with_high_priority: 0
  pin_l0_filter_and_index_blocks_in_cache: 0
  index_type: 0
  hash_index_allow_collision: 1
  checksum: 1
  no_block_cache: 0
  block_cache: 0x7f0abc3c5db0
  block_cache_name: LRUCache
  block_cache_options:
    capacity : 8388608
    num_shard_bits : 4
    strict_capacity_limit : 0
    high_pri_pool_ratio: 0.000
  block_cache_compressed: (nil)
  persistent_cache: (nil)
  block_size: 8192
  block_size_deviation: 10
  block_restart_interval: 16
  index_block_restart_interval: 1
  metadata_block_size: 4096
  partition_filters: 0
  use_delta_encoding: 1
  filter_policy: nullptr
  whole_key_filtering: 1
  verify_compression: 0
  read_amp_bytes_per_bit: 0
  format_version: 2
  enable_index_compression: 1
  block_align: 0
2019/03/23-01:55:21.692456 7f0b20a6f700        Options.write_buffer_size: 134217728
2019/03/23-01:55:21.692458 7f0b20a6f700  Options.max_write_buffer_number: 24
2019/03/23-01:55:21.692459 7f0b20a6f700        Options.compression[0]: NoCompression
2019/03/23-01:55:21.692461 7f0b20a6f700        Options.compression[1]: NoCompression
2019/03/23-01:55:21.692462 7f0b20a6f700        Options.compression[2]: LZ4
2019/03/23-01:55:21.692463 7f0b20a6f700        Options.compression[3]: LZ4
2019/03/23-01:55:21.692464 7f0b20a6f700        Options.compression[4]: LZ4
2019/03/23-01:55:21.692465 7f0b20a6f700        Options.compression[5]: LZ4
2019/03/23-01:55:21.692466 7f0b20a6f700        Options.compression[6]: LZ4
2019/03/23-01:55:21.692467 7f0b20a6f700                  Options.bottommost_compression: Disabled
2019/03/23-01:55:21.692467 7f0b20a6f700       Options.prefix_extractor: nullptr
2019/03/23-01:55:21.692468 7f0b20a6f700   Options.memtable_insert_with_hint_prefix_extractor: nullptr
2019/03/23-01:55:21.692469 7f0b20a6f700             Options.num_levels: 7
2019/03/23-01:55:21.692470 7f0b20a6f700        Options.min_write_buffer_number_to_merge: 2
2019/03/23-01:55:21.692471 7f0b20a6f700     Options.max_write_buffer_number_to_maintain: 0
2019/03/23-01:55:21.692472 7f0b20a6f700            Options.compression_opts.window_bits: -14
2019/03/23-01:55:21.692473 7f0b20a6f700                  Options.compression_opts.level: -1
2019/03/23-01:55:21.692474 7f0b20a6f700               Options.compression_opts.strategy: 0
2019/03/23-01:55:21.692475 7f0b20a6f700         Options.compression_opts.max_dict_bytes: 0
2019/03/23-01:55:21.692476 7f0b20a6f700         Options.compression_opts.zstd_max_train_bytes: 0
2019/03/23-01:55:21.692477 7f0b20a6f700      Options.level0_file_num_compaction_trigger: 2
2019/03/23-01:55:21.692477 7f0b20a6f700          Options.level0_slowdown_writes_trigger: 20
2019/03/23-01:55:21.692478 7f0b20a6f700              Options.level0_stop_writes_trigger: 36
2019/03/23-01:55:21.692479 7f0b20a6f700                   Options.target_file_size_base: 67108864
2019/03/23-01:55:21.692480 7f0b20a6f700             Options.target_file_size_multiplier: 1
2019/03/23-01:55:21.692481 7f0b20a6f700                Options.max_bytes_for_level_base: 536870912
2019/03/23-01:55:21.692482 7f0b20a6f700 Options.level_compaction_dynamic_level_bytes: 0
2019/03/23-01:55:21.692483 7f0b20a6f700          Options.max_bytes_for_level_multiplier: 10.000000
2019/03/23-01:55:21.692485 7f0b20a6f700 Options.max_bytes_for_level_multiplier_addtl[0]: 1
2019/03/23-01:55:21.692486 7f0b20a6f700 Options.max_bytes_for_level_multiplier_addtl[1]: 1
2019/03/23-01:55:21.692487 7f0b20a6f700 Options.max_bytes_for_level_multiplier_addtl[2]: 1
2019/03/23-01:55:21.692488 7f0b20a6f700 Options.max_bytes_for_level_multiplier_addtl[3]: 1
2019/03/23-01:55:21.692489 7f0b20a6f700 Options.max_bytes_for_level_multiplier_addtl[4]: 1
2019/03/23-01:55:21.692490 7f0b20a6f700 Options.max_bytes_for_level_multiplier_addtl[5]: 1
2019/03/23-01:55:21.692490 7f0b20a6f700 Options.max_bytes_for_level_multiplier_addtl[6]: 1
2019/03/23-01:55:21.692491 7f0b20a6f700       Options.max_sequential_skip_in_iterations: 8
2019/03/23-01:55:21.692492 7f0b20a6f700                    Options.max_compaction_bytes: 1677721600
2019/03/23-01:55:21.692493 7f0b20a6f700                        Options.arena_block_size: 16777216
2019/03/23-01:55:21.692494 7f0b20a6f700   Options.soft_pending_compaction_bytes_limit: 68719476736
2019/03/23-01:55:21.692495 7f0b20a6f700   Options.hard_pending_compaction_bytes_limit: 274877906944
2019/03/23-01:55:21.692496 7f0b20a6f700       Options.rate_limit_delay_max_milliseconds: 100
2019/03/23-01:55:21.692497 7f0b20a6f700                Options.disable_auto_compactions: 0
2019/03/23-01:55:21.692498 7f0b20a6f700                        Options.compaction_style: kCompactionStyleLevel
2019/03/23-01:55:21.692505 7f0b20a6f700                          Options.compaction_pri: kByCompensatedSize
2019/03/23-01:55:21.692506 7f0b20a6f700 Options.compaction_options_universal.size_ratio: 1
2019/03/23-01:55:21.692507 7f0b20a6f700 Options.compaction_options_universal.min_merge_width: 2
2019/03/23-01:55:21.692508 7f0b20a6f700 Options.compaction_options_universal.max_merge_width: 4294967295
2019/03/23-01:55:21.692509 7f0b20a6f700 Options.compaction_options_universal.max_size_amplification_percent: 200
2019/03/23-01:55:21.692510 7f0b20a6f700 Options.compaction_options_universal.compression_size_percent: -1
2019/03/23-01:55:21.692511 7f0b20a6f700 Options.compaction_options_universal.stop_style: kCompactionStopStyleTotalSize
2019/03/23-01:55:21.692512 7f0b20a6f700 Options.compaction_options_fifo.max_table_files_size: 1073741824
2019/03/23-01:55:21.692513 7f0b20a6f700 Options.compaction_options_fifo.allow_compaction: 0
2019/03/23-01:55:21.692514 7f0b20a6f700 Options.compaction_options_fifo.ttl: 0
2019/03/23-01:55:21.692515 7f0b20a6f700                   Options.table_properties_collectors: 
2019/03/23-01:55:21.692516 7f0b20a6f700                   Options.inplace_update_support: 0
2019/03/23-01:55:21.692516 7f0b20a6f700                 Options.inplace_update_num_locks: 10000
2019/03/23-01:55:21.692517 7f0b20a6f700               Options.memtable_prefix_bloom_size_ratio: 0.000000
2019/03/23-01:55:21.692519 7f0b20a6f700   Options.memtable_huge_page_size: 0
2019/03/23-01:55:21.692520 7f0b20a6f700                           Options.bloom_locality: 0
2019/03/23-01:55:21.692521 7f0b20a6f700                    Options.max_successive_merges: 0
2019/03/23-01:55:21.692521 7f0b20a6f700                Options.optimize_filters_for_hits: 0
2019/03/23-01:55:21.692522 7f0b20a6f700                Options.paranoid_file_checks: 0
2019/03/23-01:55:21.692523 7f0b20a6f700                Options.force_consistency_checks: 0
2019/03/23-01:55:21.692524 7f0b20a6f700                Options.report_bg_io_stats: 0
2019/03/23-01:55:21.692525 7f0b20a6f700                               Options.ttl: 0
2019/03/23-01:55:22.337780 7f0b20a6f700 [db/version_set.cc:3361] Recovered from manifest file:/mnt/sdc/ycsb-rocksdb-data/MANIFEST-000004 succeeded,manifest_file_number is 4, next_file_number is 1377, last_sequence is 10414742, log_number is 0,prev_log_number is 0,max_column_family is 1,min_log_number_to_keep is 0
2019/03/23-01:55:22.337794 7f0b20a6f700 [db/version_set.cc:3369] Column family [default] (ID 0), log number is 0
2019/03/23-01:55:22.337796 7f0b20a6f700 [db/version_set.cc:3369] Column family [usertable] (ID 1), log number is 1370
2019/03/23-01:55:22.339895 7f0b20a6f700 EVENT_LOG_v1 {"time_micros": 1553331322339873, "job": 1, "event": "recovery_started", "log_files": [1370, 1376]}
2019/03/23-01:55:22.339905 7f0b20a6f700 [db/db_impl_open.cc:551] Recovering log #1370 mode 2
2019/03/23-01:55:22.676911 7f0b20a6f700 [db/db_impl_open.cc:551] Recovering log #1376 mode 2
2019/03/23-01:55:23.276317 7f0b20a6f700 EVENT_LOG_v1 {"time_micros": 1553331323276285, "cf_name": "usertable", "job": 1, "event": "table_file_creation", "file_number": 1377, "file_size": 129895354, "table_properties": {"data_size": 129317909, "index_size": 576523, "filter_size": 0, "raw_key_size": 752760, "raw_average_key_size": 24, "raw_value_size": 128471040, "raw_average_value_size": 4096, "num_data_blocks": 15683, "num_entries": 31365, "filter_policy_name": "", "kDeletedKeys": "0", "kMergeOperands": "0"}}
2019/03/23-01:55:23.710012 7f0b20a6f700 [db/version_set.cc:2847] Creating manifest 1378
2019/03/23-01:55:24.306377 7f0b20a6f700 EVENT_LOG_v1 {"time_micros": 1553331324306342, "cf_name": "usertable", "job": 1, "event": "table_file_creation", "file_number": 1379, "file_size": 51364917, "table_properties": {"data_size": 51134823, "index_size": 229173, "filter_size": 0, "raw_key_size": 297648, "raw_average_key_size": 24, "raw_value_size": 50798592, "raw_average_value_size": 4096, "num_data_blocks": 6201, "num_entries": 12402, "filter_policy_name": "", "kDeletedKeys": "0", "kMergeOperands": "0"}}
2019/03/23-01:55:24.362166 7f0b20a6f700 EVENT_LOG_v1 {"time_micros": 1553331324362154, "job": 1, "event": "recovery_finished"}
2019/03/23-01:55:24.489451 7f0b20a6f700 [db/db_impl_open.cc:1219] DB pointer 0x7f0abc3c2fe0
2019/03/23-01:55:24.489858 7f0ab7fff700 [WARN] [db/db_impl.cc:491] ------- DUMPING STATS -------
2019/03/23-01:55:24.489923 7f0ab7fff700 [WARN] [db/db_impl.cc:492] 
** DB Stats **
Uptime(secs): 2.8 total, 2.8 interval
Cumulative writes: 0 writes, 0 keys, 0 commit groups, 0.0 writes per commit group, ingest: 0.00 GB, 0.00 MB/s
Cumulative WAL: 0 writes, 0 syncs, 0.00 writes per sync, written: 0.00 GB, 0.00 MB/s
Cumulative stall: 00:00:0.000 H:M:S, 0.0 percent
Interval writes: 0 writes, 0 keys, 0 commit groups, 0.0 writes per commit group, ingest: 0.00 MB, 0.00 MB/s
Interval WAL: 0 writes, 0 syncs, 0.00 writes per sync, written: 0.00 MB, 0.00 MB/s
Interval stall: 00:00:0.000 H:M:S, 0.0 percent

** Compaction Stats [default] **
Level    Files   Size     Score Read(GB)  Rn(GB) Rnp1(GB) Write(GB) Wnew(GB) Moved(GB) W-Amp Rd(MB/s) Wr(MB/s) Comp(sec) Comp(cnt) Avg(sec) KeyIn KeyDrop
----------------------------------------------------------------------------------------------------------------------------------------------------------
 Sum      0/0    0.00 KB   0.0      0.0     0.0      0.0       0.0      0.0       0.0   0.0      0.0      0.0         0         0    0.000       0      0
 Int      0/0    0.00 KB   0.0      0.0     0.0      0.0       0.0      0.0       0.0   0.0      0.0      0.0         0         0    0.000       0      0
Uptime(secs): 2.8 total, 2.8 interval
Flush(GB): cumulative 0.000, interval 0.000
AddFile(GB): cumulative 0.000, interval 0.000
AddFile(Total Files): cumulative 0, interval 0
AddFile(L0 Files): cumulative 0, interval 0
AddFile(Keys): cumulative 0, interval 0
Cumulative compaction: 0.00 GB write, 0.00 MB/s write, 0.00 GB read, 0.00 MB/s read, 0.0 seconds
Interval compaction: 0.00 GB write, 0.00 MB/s write, 0.00 GB read, 0.00 MB/s read, 0.0 seconds
Stalls(count): 0 level0_slowdown, 0 level0_slowdown_with_compaction, 0 level0_numfiles, 0 level0_numfiles_with_compaction, 0 stop for pending_compaction_bytes, 0 slowdown for pending_compaction_bytes, 0 memtable_compaction, 0 memtable_slowdown, interval 0 total count

** File Read Latency Histogram By Level [default] **

** Compaction Stats [usertable] **
Level    Files   Size     Score Read(GB)  Rn(GB) Rnp1(GB) Write(GB) Wnew(GB) Moved(GB) W-Amp Rd(MB/s) Wr(MB/s) Comp(sec) Comp(cnt) Avg(sec) KeyIn KeyDrop
----------------------------------------------------------------------------------------------------------------------------------------------------------
  L0      3/0   345.43 MB   1.5      0.0     0.0      0.0       0.2      0.2       0.0   1.0      0.0    177.8         1         2    0.486       0      0
  L1      9/0   486.21 MB   0.9      0.0     0.0      0.0       0.0      0.0       0.0   0.0      0.0      0.0         0         0    0.000       0      0
  L2    168/0    4.99 GB   1.0      0.0     0.0      0.0       0.0      0.0       0.0   0.0      0.0      0.0         0         0    0.000       0      0
  L3    549/0   34.38 GB   0.7      0.0     0.0      0.0       0.0      0.0       0.0   0.0      0.0      0.0         0         0    0.000       0      0
 Sum    729/0   40.18 GB   0.0      0.0     0.0      0.0       0.2      0.2       0.0   1.0      0.0    177.8         1         2    0.486       0      0
 Int      0/0    0.00 KB   0.0      0.0     0.0      0.0       0.2      0.2       0.0   1.0      0.0    177.8         1         2    0.486       0      0
Uptime(secs): 2.8 total, 2.8 interval
Flush(GB): cumulative 0.169, interval 0.169
AddFile(GB): cumulative 0.000, interval 0.000
AddFile(Total Files): cumulative 0, interval 0
AddFile(L0 Files): cumulative 0, interval 0
AddFile(Keys): cumulative 0, interval 0
Cumulative compaction: 0.17 GB write, 61.80 MB/s write, 0.00 GB read, 0.00 MB/s read, 1.0 seconds
Interval compaction: 0.17 GB write, 61.80 MB/s write, 0.00 GB read, 0.00 MB/s read, 1.0 seconds
Stalls(count): 0 level0_slowdown, 0 level0_slowdown_with_compaction, 0 level0_numfiles, 0 level0_numfiles_with_compaction, 0 stop for pending_compaction_bytes, 0 slowdown for pending_compaction_bytes, 0 memtable_compaction, 0 memtable_slowdown, interval 0 total count

** File Read Latency Histogram By Level [usertable] **

** Compaction Stats [default] **
Level    Files   Size     Score Read(GB)  Rn(GB) Rnp1(GB) Write(GB) Wnew(GB) Moved(GB) W-Amp Rd(MB/s) Wr(MB/s) Comp(sec) Comp(cnt) Avg(sec) KeyIn KeyDrop
----------------------------------------------------------------------------------------------------------------------------------------------------------
 Sum      0/0    0.00 KB   0.0      0.0     0.0      0.0       0.0      0.0       0.0   0.0      0.0      0.0         0         0    0.000       0      0
 Int      0/0    0.00 KB   0.0      0.0     0.0      0.0       0.0      0.0       0.0   0.0      0.0      0.0         0         0    0.000       0      0
Uptime(secs): 2.8 total, 0.0 interval
Flush(GB): cumulative 0.000, interval 0.000
AddFile(GB): cumulative 0.000, interval 0.000
AddFile(Total Files): cumulative 0, interval 0
AddFile(L0 Files): cumulative 0, interval 0
AddFile(Keys): cumulative 0, interval 0
Cumulative compaction: 0.00 GB write, 0.00 MB/s write, 0.00 GB read, 0.00 MB/s read, 0.0 seconds
Interval compaction: 0.00 GB write, 0.00 MB/s write, 0.00 GB read, 0.00 MB/s read, 0.0 seconds
Stalls(count): 0 level0_slowdown, 0 level0_slowdown_with_compaction, 0 level0_numfiles, 0 level0_numfiles_with_compaction, 0 stop for pending_compaction_bytes, 0 slowdown for pending_compaction_bytes, 0 memtable_compaction, 0 memtable_slowdown, interval 0 total count

** File Read Latency Histogram By Level [default] **

** Compaction Stats [usertable] **
Level    Files   Size     Score Read(GB)  Rn(GB) Rnp1(GB) Write(GB) Wnew(GB) Moved(GB) W-Amp Rd(MB/s) Wr(MB/s) Comp(sec) Comp(cnt) Avg(sec) KeyIn KeyDrop
----------------------------------------------------------------------------------------------------------------------------------------------------------
  L0      3/0   345.43 MB   1.5      0.0     0.0      0.0       0.2      0.2       0.0   1.0      0.0    177.8         1         2    0.486       0      0
  L1      9/0   486.21 MB   0.9      0.0     0.0      0.0       0.0      0.0       0.0   0.0      0.0      0.0         0         0    0.000       0      0
  L2    168/0    4.99 GB   1.0      0.0     0.0      0.0       0.0      0.0       0.0   0.0      0.0      0.0         0         0    0.000       0      0
  L3    549/0   34.38 GB   0.7      0.0     0.0      0.0       0.0      0.0       0.0   0.0      0.0      0.0         0         0    0.000       0      0
 Sum    729/0   40.18 GB   0.0      0.0     0.0      0.0       0.2      0.2       0.0   1.0      0.0    177.8         1         2    0.486       0      0
 Int      0/0    0.00 KB   0.0      0.0     0.0      0.0       0.0      0.0       0.0   0.0      0.0      0.0         0         0    0.000       0      0
Uptime(secs): 2.8 total, 0.0 interval
Flush(GB): cumulative 0.169, interval 0.000
AddFile(GB): cumulative 0.000, interval 0.000
AddFile(Total Files): cumulative 0, interval 0
AddFile(L0 Files): cumulative 0, interval 0
AddFile(Keys): cumulative 0, interval 0
Cumulative compaction: 0.17 GB write, 61.79 MB/s write, 0.00 GB read, 0.00 MB/s read, 1.0 seconds
Interval compaction: 0.00 GB write, 0.00 MB/s write, 0.00 GB read, 0.00 MB/s read, 0.0 seconds
Stalls(count): 0 level0_slowdown, 0 level0_slowdown_with_compaction, 0 level0_numfiles, 0 level0_numfiles_with_compaction, 0 stop for pending_compaction_bytes, 0 slowdown for pending_compaction_bytes, 0 memtable_compaction, 0 memtable_slowdown, interval 0 total count

** File Read Latency Histogram By Level [usertable] **
2019/03/23-01:55:24.540124 7f0ab7fff700 (Original Log Time 2019/03/23-01:55:24.490096) [db/db_impl_compaction_flush.cc:1835] [usertable] Moving #1116 to level-1 180954509 bytes
2019/03/23-01:55:24.540131 7f0ab7fff700 (Original Log Time 2019/03/23-01:55:24.540005) EVENT_LOG_v1 {"time_micros": 1553331324539987, "job": 3, "event": "trivial_move", "destination_level": 1, "files": 1, "total_files_size": 180954509}
2019/03/23-01:55:24.540134 7f0ab7fff700 (Original Log Time 2019/03/23-01:55:24.540025) [db/db_impl_compaction_flush.cc:1864] [usertable] Moved #1 files to level-1 180954509 bytes OK: base level 1 max bytes base 536870912 files[2 10 168 549 0 0 0] max score 1.29
2019/03/23-01:55:24.540266 7f0ab7fff700 [db/compaction_job.cc:1531] [usertable] [JOB 4] Compacting 1@1 files to L2, score 1.29
2019/03/23-01:55:24.540278 7f0ab7fff700 [db/compaction_job.cc:1535] [usertable] Compaction start summary: Base version 6 Base level 1, inputs: [1116(172MB)]
2019/03/23-01:55:24.540313 7f0ab7fff700 EVENT_LOG_v1 {"time_micros": 1553331324540288, "job": 4, "event": "compaction_started", "compaction_reason": "LevelMaxLevelSize", "files_L1": [1116], "score": 1.28668, "input_data_size": 180954509}
2019/03/23-01:55:25.541682 7f0ab7fff700 [db/compaction_job.cc:1211] [usertable] [JOB 4] Generated table #1383: 16279 keys, 67233394 bytes
2019/03/23-01:55:25.541727 7f0ab7fff700 EVENT_LOG_v1 {"time_micros": 1553331325541706, "cf_name": "usertable", "job": 4, "event": "table_file_creation", "file_number": 1383, "file_size": 67233394, "table_properties": {"data_size": 67118331, "index_size": 299109, "filter_size": 0, "raw_key_size": 390696, "raw_average_key_size": 24, "raw_value_size": 66678784, "raw_average_value_size": 4096, "num_data_blocks": 8140, "num_entries": 16279, "filter_policy_name": "", "kDeletedKeys": "0", "kMergeOperands": "0"}}
2019/03/23-01:55:26.284393 7f0ab7fff700 [db/compaction_job.cc:1211] [usertable] [JOB 4] Generated table #1384: 16279 keys, 67233565 bytes
2019/03/23-01:55:26.284451 7f0ab7fff700 EVENT_LOG_v1 {"time_micros": 1553331326284423, "cf_name": "usertable", "job": 4, "event": "table_file_creation", "file_number": 1384, "file_size": 67233565, "table_properties": {"data_size": 67120140, "index_size": 300916, "filter_size": 0, "raw_key_size": 390696, "raw_average_key_size": 24, "raw_value_size": 66678784, "raw_average_value_size": 4096, "num_data_blocks": 8140, "num_entries": 16279, "filter_policy_name": "", "kDeletedKeys": "0", "kMergeOperands": "0"}}
2019/03/23-01:55:26.890785 7f0ab7fff700 [db/compaction_job.cc:1211] [usertable] [JOB 4] Generated table #1385: 11136 keys, 45992726 bytes
2019/03/23-01:55:26.890848 7f0ab7fff700 EVENT_LOG_v1 {"time_micros": 1553331326890819, "cf_name": "usertable", "job": 4, "event": "table_file_creation", "file_number": 1385, "file_size": 45992726, "table_properties": {"data_size": 45913728, "index_size": 204513, "filter_size": 0, "raw_key_size": 267264, "raw_average_key_size": 24, "raw_value_size": 45613056, "raw_average_value_size": 4096, "num_data_blocks": 5568, "num_entries": 11136, "filter_policy_name": "", "kDeletedKeys": "0", "kMergeOperands": "0"}}
2019/03/23-01:55:26.890939 7f0ab7fff700 [db/compaction_job.cc:1287] [usertable] [JOB 4] Compacted 1@1 files to L2 => 180459685 bytes
2019/03/23-01:55:26.922937 7f0ab7fff700 (Original Log Time 2019/03/23-01:55:26.922785) [db/compaction_job.cc:685] [usertable] compacted to: base level 1 max bytes base 536870912 files[2 9 171 549 0 0 0] max score 1.03, MB/sec: 77.0 rd, 76.8 wr, level 2, files in(1, 0) out(3) MB in(172.6, 0.0) out(172.1), read-write-amplify(2.0) write-amplify(1.0) OK, records in: 43694, records dropped: 0 output_compression: LZ4
2019/03/23-01:55:26.922945 7f0ab7fff700 (Original Log Time 2019/03/23-01:55:26.922841) EVENT_LOG_v1 {"time_micros": 1553331326922821, "job": 4, "event": "compaction_finished", "compaction_time_micros": 2350569, "output_level": 2, "num_output_files": 3, "total_output_size": 180459685, "num_input_records": 43694, "num_output_records": 43694, "num_subcompactions": 1, "output_compression": "LZ4", "num_single_delete_mismatches": 0, "num_single_delete_fallthrough": 0, "lsm_state": [2, 9, 171, 549, 0, 0, 0]}
2019/03/23-01:55:26.956334 7f0ab7fff700 (Original Log Time 2019/03/23-01:55:26.923205) [db/db_impl_compaction_flush.cc:1835] [usertable] Moving #1384 to level-3 67233565 bytes
2019/03/23-01:55:26.956341 7f0ab7fff700 (Original Log Time 2019/03/23-01:55:26.956252) EVENT_LOG_v1 {"time_micros": 1553331326956240, "job": 5, "event": "trivial_move", "destination_level": 3, "files": 1, "total_files_size": 67233565}
2019/03/23-01:55:26.956344 7f0ab7fff700 (Original Log Time 2019/03/23-01:55:26.956266) [db/db_impl_compaction_flush.cc:1864] [usertable] Moved #1 files to level-3 67233565 bytes OK: base level 1 max bytes base 536870912 files[2 9 170 550 0 0 0] max score 1.02
2019/03/23-01:55:26.974009 7f0ab7fff700 EVENT_LOG_v1 {"time_micros": 1553331326973996, "job": 5, "event": "table_file_deletion", "file_number": 1116}
2019/03/23-01:55:27.005661 7f0ab67fc700 (Original Log Time 2019/03/23-01:55:26.974254) [db/db_impl_compaction_flush.cc:1835] [usertable] Moving #1383 to level-3 67233394 bytes
2019/03/23-01:55:27.005666 7f0ab67fc700 (Original Log Time 2019/03/23-01:55:27.005587) EVENT_LOG_v1 {"time_micros": 1553331327005575, "job": 6, "event": "trivial_move", "destination_level": 3, "files": 1, "total_files_size": 67233394}
2019/03/23-01:55:27.005668 7f0ab67fc700 (Original Log Time 2019/03/23-01:55:27.005599) [db/db_impl_compaction_flush.cc:1864] [usertable] Moved #1 files to level-3 67233394 bytes OK: base level 1 max bytes base 536870912 files[2 9 169 551 0 0 0] max score 1.01
2019/03/23-01:55:27.037755 7f0ab67fc700 (Original Log Time 2019/03/23-01:55:27.005876) [db/db_impl_compaction_flush.cc:1835] [usertable] Moving #664 to level-3 67233325 bytes
2019/03/23-01:55:27.037760 7f0ab67fc700 (Original Log Time 2019/03/23-01:55:27.037656) EVENT_LOG_v1 {"time_micros": 1553331327037643, "job": 7, "event": "trivial_move", "destination_level": 3, "files": 1, "total_files_size": 67233325}
2019/03/23-01:55:27.037762 7f0ab67fc700 (Original Log Time 2019/03/23-01:55:27.037673) [db/db_impl_compaction_flush.cc:1864] [usertable] Moved #1 files to level-3 67233325 bytes OK: base level 1 max bytes base 536870912 files[2 9 168 552 0 0 0] max score 1.00
2019/03/23-01:55:27.072078 7f0ab67fc700 (Original Log Time 2019/03/23-01:55:27.037978) [db/db_impl_compaction_flush.cc:1835] [usertable] Moving #1377 to level-1 129895354 bytes
2019/03/23-01:55:27.072085 7f0ab67fc700 (Original Log Time 2019/03/23-01:55:27.071990) EVENT_LOG_v1 {"time_micros": 1553331327071978, "job": 8, "event": "trivial_move", "destination_level": 1, "files": 1, "total_files_size": 129895354}
2019/03/23-01:55:27.072089 7f0ab67fc700 (Original Log Time 2019/03/23-01:55:27.072006) [db/db_impl_compaction_flush.cc:1864] [usertable] Moved #1 files to level-1 129895354 bytes OK: base level 1 max bytes base 536870912 files[1 10 168 552 0 0 0] max score 1.19
2019/03/23-01:55:27.072380 7f0ab4ff9700 [db/compaction_job.cc:1531] [usertable] [JOB 9] Compacting 1@1 files to L2, score 1.19
2019/03/23-01:55:27.072389 7f0ab4ff9700 [db/compaction_job.cc:1535] [usertable] Compaction start summary: Base version 11 Base level 1, inputs: [1377(123MB)]
