2019/07/06-17:47:22.537909 7f8f0e0f5700 RocksDB version: 5.14.3
2019/07/06-17:47:22.537959 7f8f0e0f5700 Git sha rocksdb_build_git_sha:
2019/07/06-17:47:22.537962 7f8f0e0f5700 Compile date Oct  9 2018
2019/07/06-17:47:22.537970 7f8f0e0f5700 DB SUMMARY
2019/07/06-17:47:22.538958 7f8f0e0f5700 CURRENT file:  CURRENT
2019/07/06-17:47:22.538961 7f8f0e0f5700 IDENTITY file:  IDENTITY
2019/07/06-17:47:22.538972 7f8f0e0f5700 MANIFEST file:  MANIFEST-000004 size: 127772 Bytes
2019/07/06-17:47:22.538976 7f8f0e0f5700 SST files in /mnt/sdc/ycsb-rocksdb-data dir, Total Num: 732, files: 000021.sst 000022.sst 000023.sst 000024.sst 000028.sst 000029.sst 000030.sst 000031.sst 000035.sst 
2019/07/06-17:47:22.538981 7f8f0e0f5700 Write Ahead Log file in /mnt/sdc/ycsb-rocksdb-data: 001294.log size: 118884139 ; 001300.log size: 37918200 ; 
2019/07/06-17:47:22.539007 7f8f0e0f5700                         Options.error_if_exists: 0
2019/07/06-17:47:22.539008 7f8f0e0f5700                       Options.create_if_missing: 1
2019/07/06-17:47:22.539009 7f8f0e0f5700                         Options.paranoid_checks: 1
2019/07/06-17:47:22.539010 7f8f0e0f5700                                     Options.env: 0x7f8f0ddde080
2019/07/06-17:47:22.539011 7f8f0e0f5700                                Options.info_log: 0x7f8ea43ba700
2019/07/06-17:47:22.539012 7f8f0e0f5700                Options.max_file_opening_threads: 16
2019/07/06-17:47:22.539013 7f8f0e0f5700                              Options.statistics: (nil)
2019/07/06-17:47:22.539014 7f8f0e0f5700                               Options.use_fsync: 0
2019/07/06-17:47:22.539015 7f8f0e0f5700                       Options.max_log_file_size: 0
2019/07/06-17:47:22.539016 7f8f0e0f5700                  Options.max_manifest_file_size: 18446744073709551615
2019/07/06-17:47:22.539017 7f8f0e0f5700                   Options.log_file_time_to_roll: 0
2019/07/06-17:47:22.539018 7f8f0e0f5700                       Options.keep_log_file_num: 1000
2019/07/06-17:47:22.539019 7f8f0e0f5700                    Options.recycle_log_file_num: 0
2019/07/06-17:47:22.539020 7f8f0e0f5700                         Options.allow_fallocate: 1
2019/07/06-17:47:22.539021 7f8f0e0f5700                        Options.allow_mmap_reads: 0
2019/07/06-17:47:22.539022 7f8f0e0f5700                       Options.allow_mmap_writes: 0
2019/07/06-17:47:22.539023 7f8f0e0f5700                        Options.use_direct_reads: 0
2019/07/06-17:47:22.539023 7f8f0e0f5700                        Options.use_direct_io_for_flush_and_compaction: 0
2019/07/06-17:47:22.539025 7f8f0e0f5700          Options.create_missing_column_families: 1
2019/07/06-17:47:22.539025 7f8f0e0f5700                              Options.db_log_dir: 
2019/07/06-17:47:22.539026 7f8f0e0f5700                                 Options.wal_dir: /mnt/sdc/ycsb-rocksdb-data
2019/07/06-17:47:22.539027 7f8f0e0f5700                Options.table_cache_numshardbits: 6
2019/07/06-17:47:22.539028 7f8f0e0f5700                      Options.max_subcompactions: 4
2019/07/06-17:47:22.539029 7f8f0e0f5700                  Options.max_background_flushes: 24
2019/07/06-17:47:22.539030 7f8f0e0f5700                         Options.WAL_ttl_seconds: 0
2019/07/06-17:47:22.539031 7f8f0e0f5700                       Options.WAL_size_limit_MB: 0
2019/07/06-17:47:22.539032 7f8f0e0f5700             Options.manifest_preallocation_size: 4194304
2019/07/06-17:47:22.539033 7f8f0e0f5700                     Options.is_fd_close_on_exec: 1
2019/07/06-17:47:22.539034 7f8f0e0f5700                   Options.advise_random_on_open: 1
2019/07/06-17:47:22.539035 7f8f0e0f5700                    Options.db_write_buffer_size: 0
2019/07/06-17:47:22.539036 7f8f0e0f5700                    Options.write_buffer_manager: 0x7f8ea43aed30
2019/07/06-17:47:22.539037 7f8f0e0f5700         Options.access_hint_on_compaction_start: 1
2019/07/06-17:47:22.539037 7f8f0e0f5700  Options.new_table_reader_for_compaction_inputs: 0
2019/07/06-17:47:22.539038 7f8f0e0f5700           Options.random_access_max_buffer_size: 1048576
2019/07/06-17:47:22.539039 7f8f0e0f5700                      Options.use_adaptive_mutex: 0
2019/07/06-17:47:22.539040 7f8f0e0f5700                            Options.rate_limiter: (nil)
2019/07/06-17:47:22.539056 7f8f0e0f5700     Options.sst_file_manager.rate_bytes_per_sec: 0
2019/07/06-17:47:22.539058 7f8f0e0f5700                       Options.wal_recovery_mode: 2
2019/07/06-17:47:22.539059 7f8f0e0f5700                  Options.enable_thread_tracking: 0
2019/07/06-17:47:22.539060 7f8f0e0f5700                  Options.enable_pipelined_write: 1
2019/07/06-17:47:22.539061 7f8f0e0f5700         Options.allow_concurrent_memtable_write: 1
2019/07/06-17:47:22.539062 7f8f0e0f5700      Options.enable_write_thread_adaptive_yield: 1
2019/07/06-17:47:22.539063 7f8f0e0f5700             Options.write_thread_max_yield_usec: 100
2019/07/06-17:47:22.539064 7f8f0e0f5700            Options.write_thread_slow_yield_usec: 3
2019/07/06-17:47:22.539065 7f8f0e0f5700                               Options.row_cache: None
2019/07/06-17:47:22.539065 7f8f0e0f5700                              Options.wal_filter: None
2019/07/06-17:47:22.539066 7f8f0e0f5700             Options.avoid_flush_during_recovery: 0
2019/07/06-17:47:22.539067 7f8f0e0f5700             Options.allow_ingest_behind: 0
2019/07/06-17:47:22.539068 7f8f0e0f5700             Options.preserve_deletes: 0
2019/07/06-17:47:22.539069 7f8f0e0f5700             Options.two_write_queues: 0
2019/07/06-17:47:22.539070 7f8f0e0f5700             Options.manual_wal_flush: 0
2019/07/06-17:47:22.539072 7f8f0e0f5700             Options.max_background_jobs: 24
2019/07/06-17:47:22.539073 7f8f0e0f5700             Options.max_background_compactions: 24
2019/07/06-17:47:22.539074 7f8f0e0f5700             Options.avoid_flush_during_shutdown: 0
2019/07/06-17:47:22.539074 7f8f0e0f5700           Options.writable_file_max_buffer_size: 1048576
2019/07/06-17:47:22.539075 7f8f0e0f5700             Options.delayed_write_rate : 16777216
2019/07/06-17:47:22.539076 7f8f0e0f5700             Options.max_total_wal_size: 0
2019/07/06-17:47:22.539077 7f8f0e0f5700             Options.delete_obsolete_files_period_micros: 21600000000
2019/07/06-17:47:22.539078 7f8f0e0f5700                   Options.stats_dump_period_sec: 60
2019/07/06-17:47:22.539079 7f8f0e0f5700                          Options.max_open_files: -1
2019/07/06-17:47:22.539080 7f8f0e0f5700                          Options.bytes_per_sync: 1048576
2019/07/06-17:47:22.539081 7f8f0e0f5700                      Options.wal_bytes_per_sync: 0
2019/07/06-17:47:22.539082 7f8f0e0f5700       Options.compaction_readahead_size: 0
2019/07/06-17:47:22.539083 7f8f0e0f5700 Compression algorithms supported:
2019/07/06-17:47:22.539084 7f8f0e0f5700 	kZSTDNotFinalCompression supported: 1
2019/07/06-17:47:22.539092 7f8f0e0f5700 	kZSTD supported: 1
2019/07/06-17:47:22.539094 7f8f0e0f5700 	kXpressCompression supported: 0
2019/07/06-17:47:22.539095 7f8f0e0f5700 	kLZ4HCCompression supported: 1
2019/07/06-17:47:22.539096 7f8f0e0f5700 	kLZ4Compression supported: 1
2019/07/06-17:47:22.539097 7f8f0e0f5700 	kBZip2Compression supported: 1
2019/07/06-17:47:22.539098 7f8f0e0f5700 	kZlibCompression supported: 1
2019/07/06-17:47:22.539099 7f8f0e0f5700 	kSnappyCompression supported: 1
2019/07/06-17:47:22.539102 7f8f0e0f5700 Fast CRC32 supported: Not supported on x86
2019/07/06-17:47:22.539864 7f8f0e0f5700 [db/version_set.cc:3085] Recovering from manifest file: MANIFEST-000004
2019/07/06-17:47:22.539971 7f8f0e0f5700 [db/column_family.cc:475] --------------- Options for column family [default]:
2019/07/06-17:47:22.539975 7f8f0e0f5700               Options.comparator: leveldb.BytewiseComparator
2019/07/06-17:47:22.539976 7f8f0e0f5700           Options.merge_operator: None
2019/07/06-17:47:22.539977 7f8f0e0f5700        Options.compaction_filter: None
2019/07/06-17:47:22.539978 7f8f0e0f5700        Options.compaction_filter_factory: None
2019/07/06-17:47:22.539979 7f8f0e0f5700         Options.memtable_factory: SkipListFactory
2019/07/06-17:47:22.539980 7f8f0e0f5700            Options.table_factory: BlockBasedTable
2019/07/06-17:47:22.540009 7f8f0e0f5700            table_factory options:   flush_block_policy_factory: FlushBlockBySizePolicyFactory (0x7f8ea43af7a0)
  cache_index_and_filter_blocks: 0
  cache_index_and_filter_blocks_with_high_priority: 0
  pin_l0_filter_and_index_blocks_in_cache: 0
  index_type: 0
  hash_index_allow_collision: 1
  checksum: 1
  no_block_cache: 0
  block_cache: 0x7f8ea43aeee0
  block_cache_name: LRUCache
  block_cache_options:
    capacity : 8388608
    num_shard_bits : 4
    strict_capacity_limit : 0
    high_pri_pool_ratio: 0.000
  block_cache_compressed: (nil)
  persistent_cache: (nil)
  block_size: 8192
  block_size_deviation: 10
  block_restart_interval: 16
  index_block_restart_interval: 1
  metadata_block_size: 4096
  partition_filters: 0
  use_delta_encoding: 1
  filter_policy: nullptr
  whole_key_filtering: 1
  verify_compression: 0
  read_amp_bytes_per_bit: 0
  format_version: 2
  enable_index_compression: 1
  block_align: 0
2019/07/06-17:47:22.540024 7f8f0e0f5700        Options.write_buffer_size: 134217728
2019/07/06-17:47:22.540026 7f8f0e0f5700  Options.max_write_buffer_number: 24
2019/07/06-17:47:22.540028 7f8f0e0f5700        Options.compression[0]: NoCompression
2019/07/06-17:47:22.540029 7f8f0e0f5700        Options.compression[1]: NoCompression
2019/07/06-17:47:22.540031 7f8f0e0f5700        Options.compression[2]: LZ4
2019/07/06-17:47:22.540032 7f8f0e0f5700        Options.compression[3]: LZ4
2019/07/06-17:47:22.540033 7f8f0e0f5700        Options.compression[4]: LZ4
2019/07/06-17:47:22.540034 7f8f0e0f5700        Options.compression[5]: LZ4
2019/07/06-17:47:22.540035 7f8f0e0f5700        Options.compression[6]: LZ4
2019/07/06-17:47:22.540036 7f8f0e0f5700                  Options.bottommost_compression: Disabled
2019/07/06-17:47:22.540037 7f8f0e0f5700       Options.prefix_extractor: nullptr
2019/07/06-17:47:22.540038 7f8f0e0f5700   Options.memtable_insert_with_hint_prefix_extractor: nullptr
2019/07/06-17:47:22.540039 7f8f0e0f5700             Options.num_levels: 7
2019/07/06-17:47:22.540040 7f8f0e0f5700        Options.min_write_buffer_number_to_merge: 2
2019/07/06-17:47:22.540041 7f8f0e0f5700     Options.max_write_buffer_number_to_maintain: 0
2019/07/06-17:47:22.540042 7f8f0e0f5700            Options.compression_opts.window_bits: -14
2019/07/06-17:47:22.540043 7f8f0e0f5700                  Options.compression_opts.level: -1
2019/07/06-17:47:22.540044 7f8f0e0f5700               Options.compression_opts.strategy: 0
2019/07/06-17:47:22.540044 7f8f0e0f5700         Options.compression_opts.max_dict_bytes: 0
2019/07/06-17:47:22.540045 7f8f0e0f5700         Options.compression_opts.zstd_max_train_bytes: 0
2019/07/06-17:47:22.540046 7f8f0e0f5700      Options.level0_file_num_compaction_trigger: 2
2019/07/06-17:47:22.540047 7f8f0e0f5700          Options.level0_slowdown_writes_trigger: 20
2019/07/06-17:47:22.540048 7f8f0e0f5700              Options.level0_stop_writes_trigger: 36
2019/07/06-17:47:22.540049 7f8f0e0f5700                   Options.target_file_size_base: 67108864
2019/07/06-17:47:22.540050 7f8f0e0f5700             Options.target_file_size_multiplier: 1
2019/07/06-17:47:22.540051 7f8f0e0f5700                Options.max_bytes_for_level_base: 536870912
2019/07/06-17:47:22.540052 7f8f0e0f5700 Options.level_compaction_dynamic_level_bytes: 0
2019/07/06-17:47:22.540053 7f8f0e0f5700          Options.max_bytes_for_level_multiplier: 10.000000
2019/07/06-17:47:22.540056 7f8f0e0f5700 Options.max_bytes_for_level_multiplier_addtl[0]: 1
2019/07/06-17:47:22.540057 7f8f0e0f5700 Options.max_bytes_for_level_multiplier_addtl[1]: 1
2019/07/06-17:47:22.540058 7f8f0e0f5700 Options.max_bytes_for_level_multiplier_addtl[2]: 1
2019/07/06-17:47:22.540059 7f8f0e0f5700 Options.max_bytes_for_level_multiplier_addtl[3]: 1
2019/07/06-17:47:22.540060 7f8f0e0f5700 Options.max_bytes_for_level_multiplier_addtl[4]: 1
2019/07/06-17:47:22.540061 7f8f0e0f5700 Options.max_bytes_for_level_multiplier_addtl[5]: 1
2019/07/06-17:47:22.540062 7f8f0e0f5700 Options.max_bytes_for_level_multiplier_addtl[6]: 1
2019/07/06-17:47:22.540063 7f8f0e0f5700       Options.max_sequential_skip_in_iterations: 8
2019/07/06-17:47:22.540063 7f8f0e0f5700                    Options.max_compaction_bytes: 1677721600
2019/07/06-17:47:22.540071 7f8f0e0f5700                        Options.arena_block_size: 16777216
2019/07/06-17:47:22.540072 7f8f0e0f5700   Options.soft_pending_compaction_bytes_limit: 68719476736
2019/07/06-17:47:22.540073 7f8f0e0f5700   Options.hard_pending_compaction_bytes_limit: 274877906944
2019/07/06-17:47:22.540074 7f8f0e0f5700       Options.rate_limit_delay_max_milliseconds: 100
2019/07/06-17:47:22.540075 7f8f0e0f5700                Options.disable_auto_compactions: 0
2019/07/06-17:47:22.540077 7f8f0e0f5700                        Options.compaction_style: kCompactionStyleLevel
2019/07/06-17:47:22.540078 7f8f0e0f5700                          Options.compaction_pri: kByCompensatedSize
2019/07/06-17:47:22.540079 7f8f0e0f5700 Options.compaction_options_universal.size_ratio: 1
2019/07/06-17:47:22.540080 7f8f0e0f5700 Options.compaction_options_universal.min_merge_width: 2
2019/07/06-17:47:22.540081 7f8f0e0f5700 Options.compaction_options_universal.max_merge_width: 4294967295
2019/07/06-17:47:22.540082 7f8f0e0f5700 Options.compaction_options_universal.max_size_amplification_percent: 200
2019/07/06-17:47:22.540083 7f8f0e0f5700 Options.compaction_options_universal.compression_size_percent: -1
2019/07/06-17:47:22.540084 7f8f0e0f5700 Options.compaction_options_universal.stop_style: kCompactionStopStyleTotalSize
2019/07/06-17:47:22.540085 7f8f0e0f5700 Options.compaction_options_fifo.max_table_files_size: 1073741824
2019/07/06-17:47:22.540086 7f8f0e0f5700 Options.compaction_options_fifo.allow_compaction: 0
2019/07/06-17:47:22.540087 7f8f0e0f5700 Options.compaction_options_fifo.ttl: 0
2019/07/06-17:47:22.540088 7f8f0e0f5700                   Options.table_properties_collectors: 
2019/07/06-17:47:22.540089 7f8f0e0f5700                   Options.inplace_update_support: 0
2019/07/06-17:47:22.540090 7f8f0e0f5700                 Options.inplace_update_num_locks: 10000
2019/07/06-17:47:22.540091 7f8f0e0f5700               Options.memtable_prefix_bloom_size_ratio: 0.000000
2019/07/06-17:47:22.540092 7f8f0e0f5700   Options.memtable_huge_page_size: 0
2019/07/06-17:47:22.540093 7f8f0e0f5700                           Options.bloom_locality: 0
2019/07/06-17:47:22.540094 7f8f0e0f5700                    Options.max_successive_merges: 0
2019/07/06-17:47:22.540095 7f8f0e0f5700                Options.optimize_filters_for_hits: 0
2019/07/06-17:47:22.540096 7f8f0e0f5700                Options.paranoid_file_checks: 0
2019/07/06-17:47:22.540097 7f8f0e0f5700                Options.force_consistency_checks: 0
2019/07/06-17:47:22.540098 7f8f0e0f5700                Options.report_bg_io_stats: 0
2019/07/06-17:47:22.540099 7f8f0e0f5700                               Options.ttl: 0
2019/07/06-17:47:22.541103 7f8f0e0f5700 [db/column_family.cc:475] --------------- Options for column family [usertable]:
2019/07/06-17:47:22.541107 7f8f0e0f5700               Options.comparator: leveldb.BytewiseComparator
2019/07/06-17:47:22.541108 7f8f0e0f5700           Options.merge_operator: None
2019/07/06-17:47:22.541109 7f8f0e0f5700        Options.compaction_filter: None
2019/07/06-17:47:22.541110 7f8f0e0f5700        Options.compaction_filter_factory: None
2019/07/06-17:47:22.541111 7f8f0e0f5700         Options.memtable_factory: SkipListFactory
2019/07/06-17:47:22.541112 7f8f0e0f5700            Options.table_factory: BlockBasedTable
2019/07/06-17:47:22.541136 7f8f0e0f5700            table_factory options:   flush_block_policy_factory: FlushBlockBySizePolicyFactory (0x7f8ea43bf0c0)
  cache_index_and_filter_blocks: 0
  cache_index_and_filter_blocks_with_high_priority: 0
  pin_l0_filter_and_index_blocks_in_cache: 0
  index_type: 0
  hash_index_allow_collision: 1
  checksum: 1
  no_block_cache: 0
  block_cache: 0x7f8ea43bca40
  block_cache_name: LRUCache
  block_cache_options:
    capacity : 8388608
    num_shard_bits : 4
    strict_capacity_limit : 0
    high_pri_pool_ratio: 0.000
  block_cache_compressed: (nil)
  persistent_cache: (nil)
  block_size: 8192
  block_size_deviation: 10
  block_restart_interval: 16
  index_block_restart_interval: 1
  metadata_block_size: 4096
  partition_filters: 0
  use_delta_encoding: 1
  filter_policy: nullptr
  whole_key_filtering: 1
  verify_compression: 0
  read_amp_bytes_per_bit: 0
  format_version: 2
  enable_index_compression: 1
  block_align: 0
2019/07/06-17:47:22.541149 7f8f0e0f5700        Options.write_buffer_size: 134217728
2019/07/06-17:47:22.541150 7f8f0e0f5700  Options.max_write_buffer_number: 24
2019/07/06-17:47:22.541152 7f8f0e0f5700        Options.compression[0]: NoCompression
2019/07/06-17:47:22.541153 7f8f0e0f5700        Options.compression[1]: NoCompression
2019/07/06-17:47:22.541154 7f8f0e0f5700        Options.compression[2]: LZ4
2019/07/06-17:47:22.541155 7f8f0e0f5700        Options.compression[3]: LZ4
2019/07/06-17:47:22.541156 7f8f0e0f5700        Options.compression[4]: LZ4
2019/07/06-17:47:22.541157 7f8f0e0f5700        Options.compression[5]: LZ4
2019/07/06-17:47:22.541158 7f8f0e0f5700        Options.compression[6]: LZ4
2019/07/06-17:47:22.541159 7f8f0e0f5700                  Options.bottommost_compression: Disabled
2019/07/06-17:47:22.541160 7f8f0e0f5700       Options.prefix_extractor: nullptr
2019/07/06-17:47:22.541161 7f8f0e0f5700   Options.memtable_insert_with_hint_prefix_extractor: nullptr
2019/07/06-17:47:22.541162 7f8f0e0f5700             Options.num_levels: 7
2019/07/06-17:47:22.541163 7f8f0e0f5700        Options.min_write_buffer_number_to_merge: 2
2019/07/06-17:47:22.541164 7f8f0e0f5700     Options.max_write_buffer_number_to_maintain: 0
2019/07/06-17:47:22.541165 7f8f0e0f5700            Options.compression_opts.window_bits: -14
2019/07/06-17:47:22.541166 7f8f0e0f5700                  Options.compression_opts.level: -1
2019/07/06-17:47:22.541167 7f8f0e0f5700               Options.compression_opts.strategy: 0
2019/07/06-17:47:22.541168 7f8f0e0f5700         Options.compression_opts.max_dict_bytes: 0
2019/07/06-17:47:22.541168 7f8f0e0f5700         Options.compression_opts.zstd_max_train_bytes: 0
2019/07/06-17:47:22.541169 7f8f0e0f5700      Options.level0_file_num_compaction_trigger: 2
2019/07/06-17:47:22.541170 7f8f0e0f5700          Options.level0_slowdown_writes_trigger: 20
2019/07/06-17:47:22.541171 7f8f0e0f5700              Options.level0_stop_writes_trigger: 36
2019/07/06-17:47:22.541172 7f8f0e0f5700                   Options.target_file_size_base: 67108864
2019/07/06-17:47:22.541173 7f8f0e0f5700             Options.target_file_size_multiplier: 1
2019/07/06-17:47:22.541174 7f8f0e0f5700                Options.max_bytes_for_level_base: 536870912
2019/07/06-17:47:22.541175 7f8f0e0f5700 Options.level_compaction_dynamic_level_bytes: 0
2019/07/06-17:47:22.541176 7f8f0e0f5700          Options.max_bytes_for_level_multiplier: 10.000000
2019/07/06-17:47:22.541178 7f8f0e0f5700 Options.max_bytes_for_level_multiplier_addtl[0]: 1
2019/07/06-17:47:22.541179 7f8f0e0f5700 Options.max_bytes_for_level_multiplier_addtl[1]: 1
2019/07/06-17:47:22.541180 7f8f0e0f5700 Options.max_bytes_for_level_multiplier_addtl[2]: 1
2019/07/06-17:47:22.541181 7f8f0e0f5700 Options.max_bytes_for_level_multiplier_addtl[3]: 1
2019/07/06-17:47:22.541182 7f8f0e0f5700 Options.max_bytes_for_level_multiplier_addtl[4]: 1
2019/07/06-17:47:22.541183 7f8f0e0f5700 Options.max_bytes_for_level_multiplier_addtl[5]: 1
2019/07/06-17:47:22.541183 7f8f0e0f5700 Options.max_bytes_for_level_multiplier_addtl[6]: 1
2019/07/06-17:47:22.541184 7f8f0e0f5700       Options.max_sequential_skip_in_iterations: 8
2019/07/06-17:47:22.541185 7f8f0e0f5700                    Options.max_compaction_bytes: 1677721600
2019/07/06-17:47:22.541186 7f8f0e0f5700                        Options.arena_block_size: 16777216
2019/07/06-17:47:22.541187 7f8f0e0f5700   Options.soft_pending_compaction_bytes_limit: 68719476736
2019/07/06-17:47:22.541188 7f8f0e0f5700   Options.hard_pending_compaction_bytes_limit: 274877906944
2019/07/06-17:47:22.541189 7f8f0e0f5700       Options.rate_limit_delay_max_milliseconds: 100
2019/07/06-17:47:22.541190 7f8f0e0f5700                Options.disable_auto_compactions: 0
2019/07/06-17:47:22.541191 7f8f0e0f5700                        Options.compaction_style: kCompactionStyleLevel
2019/07/06-17:47:22.541198 7f8f0e0f5700                          Options.compaction_pri: kByCompensatedSize
2019/07/06-17:47:22.541200 7f8f0e0f5700 Options.compaction_options_universal.size_ratio: 1
2019/07/06-17:47:22.541201 7f8f0e0f5700 Options.compaction_options_universal.min_merge_width: 2
2019/07/06-17:47:22.541201 7f8f0e0f5700 Options.compaction_options_universal.max_merge_width: 4294967295
2019/07/06-17:47:22.541202 7f8f0e0f5700 Options.compaction_options_universal.max_size_amplification_percent: 200
2019/07/06-17:47:22.541203 7f8f0e0f5700 Options.compaction_options_universal.compression_size_percent: -1
2019/07/06-17:47:22.541204 7f8f0e0f5700 Options.compaction_options_universal.stop_style: kCompactionStopStyleTotalSize
2019/07/06-17:47:22.541205 7f8f0e0f5700 Options.compaction_options_fifo.max_table_files_size: 1073741824
2019/07/06-17:47:22.541206 7f8f0e0f5700 Options.compaction_options_fifo.allow_compaction: 0
2019/07/06-17:47:22.541207 7f8f0e0f5700 Options.compaction_options_fifo.ttl: 0
2019/07/06-17:47:22.541208 7f8f0e0f5700                   Options.table_properties_collectors: 
2019/07/06-17:47:22.541209 7f8f0e0f5700                   Options.inplace_update_support: 0
2019/07/06-17:47:22.541210 7f8f0e0f5700                 Options.inplace_update_num_locks: 10000
2019/07/06-17:47:22.541211 7f8f0e0f5700               Options.memtable_prefix_bloom_size_ratio: 0.000000
2019/07/06-17:47:22.541212 7f8f0e0f5700   Options.memtable_huge_page_size: 0
2019/07/06-17:47:22.541213 7f8f0e0f5700                           Options.bloom_locality: 0
2019/07/06-17:47:22.541214 7f8f0e0f5700                    Options.max_successive_merges: 0
2019/07/06-17:47:22.541215 7f8f0e0f5700                Options.optimize_filters_for_hits: 0
2019/07/06-17:47:22.541216 7f8f0e0f5700                Options.paranoid_file_checks: 0
2019/07/06-17:47:22.541217 7f8f0e0f5700                Options.force_consistency_checks: 0
2019/07/06-17:47:22.541218 7f8f0e0f5700                Options.report_bg_io_stats: 0
2019/07/06-17:47:22.541219 7f8f0e0f5700                               Options.ttl: 0
2019/07/06-17:47:23.206742 7f8f0e0f5700 [db/version_set.cc:3361] Recovered from manifest file:/mnt/sdc/ycsb-rocksdb-data/MANIFEST-000004 succeeded,manifest_file_number is 4, next_file_number is 1301, last_sequence is 10423251, log_number is 0,prev_log_number is 0,max_column_family is 1,min_log_number_to_keep is 0
2019/07/06-17:47:23.206756 7f8f0e0f5700 [db/version_set.cc:3369] Column family [default] (ID 0), log number is 0
2019/07/06-17:47:23.206758 7f8f0e0f5700 [db/version_set.cc:3369] Column family [usertable] (ID 1), log number is 1294
2019/07/06-17:47:23.208807 7f8f0e0f5700 EVENT_LOG_v1 {"time_micros": 1562460443208787, "job": 1, "event": "recovery_started", "log_files": [1294, 1300]}
2019/07/06-17:47:23.208814 7f8f0e0f5700 [db/db_impl_open.cc:551] Recovering log #1294 mode 2
2019/07/06-17:47:23.763109 7f8f0e0f5700 [db/db_impl_open.cc:551] Recovering log #1300 mode 2
2019/07/06-17:47:24.564008 7f8f0e0f5700 EVENT_LOG_v1 {"time_micros": 1562460444563975, "cf_name": "usertable", "job": 1, "event": "table_file_creation", "file_number": 1301, "file_size": 129902322, "table_properties": {"data_size": 129321393, "index_size": 580007, "filter_size": 0, "raw_key_size": 752760, "raw_average_key_size": 24, "raw_value_size": 128471040, "raw_average_value_size": 4096, "num_data_blocks": 15683, "num_entries": 31365, "filter_policy_name": "", "kDeletedKeys": "0", "kMergeOperands": "0"}}
2019/07/06-17:47:24.838226 7f8f0e0f5700 [db/version_set.cc:2847] Creating manifest 1302
2019/07/06-17:47:25.186303 7f8f0e0f5700 EVENT_LOG_v1 {"time_micros": 1562460445186270, "cf_name": "usertable", "job": 1, "event": "table_file_creation", "file_number": 1303, "file_size": 27081233, "table_properties": {"data_size": 26960311, "index_size": 120001, "filter_size": 0, "raw_key_size": 156936, "raw_average_key_size": 24, "raw_value_size": 26783744, "raw_average_value_size": 4096, "num_data_blocks": 3270, "num_entries": 6539, "filter_policy_name": "", "kDeletedKeys": "0", "kMergeOperands": "0"}}
2019/07/06-17:47:25.223211 7f8f0e0f5700 EVENT_LOG_v1 {"time_micros": 1562460445223197, "job": 1, "event": "recovery_finished"}
2019/07/06-17:47:25.319520 7f8f0e0f5700 [db/db_impl_open.cc:1219] DB pointer 0x7f8ea43adea0
2019/07/06-17:47:25.319963 7f8f0cf3f700 [WARN] [db/db_impl.cc:491] ------- DUMPING STATS -------
2019/07/06-17:47:25.320031 7f8f0cf3f700 [WARN] [db/db_impl.cc:492] 
** DB Stats **
Uptime(secs): 2.8 total, 2.8 interval
Cumulative writes: 0 writes, 0 keys, 0 commit groups, 0.0 writes per commit group, ingest: 0.00 GB, 0.00 MB/s
Cumulative WAL: 0 writes, 0 syncs, 0.00 writes per sync, written: 0.00 GB, 0.00 MB/s
Cumulative stall: 00:00:0.000 H:M:S, 0.0 percent
Interval writes: 0 writes, 0 keys, 0 commit groups, 0.0 writes per commit group, ingest: 0.00 MB, 0.00 MB/s
Interval WAL: 0 writes, 0 syncs, 0.00 writes per sync, written: 0.00 MB, 0.00 MB/s
Interval stall: 00:00:0.000 H:M:S, 0.0 percent

** Compaction Stats [default] **
Level    Files   Size     Score Read(GB)  Rn(GB) Rnp1(GB) Write(GB) Wnew(GB) Moved(GB) W-Amp Rd(MB/s) Wr(MB/s) Comp(sec) Comp(cnt) Avg(sec) KeyIn KeyDrop
----------------------------------------------------------------------------------------------------------------------------------------------------------
 Sum      0/0    0.00 KB   0.0      0.0     0.0      0.0       0.0      0.0       0.0   0.0      0.0      0.0         0         0    0.000       0      0
 Int      0/0    0.00 KB   0.0      0.0     0.0      0.0       0.0      0.0       0.0   0.0      0.0      0.0         0         0    0.000       0      0
Uptime(secs): 2.8 total, 2.8 interval
Flush(GB): cumulative 0.000, interval 0.000
AddFile(GB): cumulative 0.000, interval 0.000
AddFile(Total Files): cumulative 0, interval 0
AddFile(L0 Files): cumulative 0, interval 0
AddFile(Keys): cumulative 0, interval 0
Cumulative compaction: 0.00 GB write, 0.00 MB/s write, 0.00 GB read, 0.00 MB/s read, 0.0 seconds
Interval compaction: 0.00 GB write, 0.00 MB/s write, 0.00 GB read, 0.00 MB/s read, 0.0 seconds
Stalls(count): 0 level0_slowdown, 0 level0_slowdown_with_compaction, 0 level0_numfiles, 0 level0_numfiles_with_compaction, 0 stop for pending_compaction_bytes, 0 slowdown for pending_compaction_bytes, 0 memtable_compaction, 0 memtable_slowdown, interval 0 total count

** File Read Latency Histogram By Level [default] **

** Compaction Stats [usertable] **
Level    Files   Size     Score Read(GB)  Rn(GB) Rnp1(GB) Write(GB) Wnew(GB) Moved(GB) W-Amp Rd(MB/s) Wr(MB/s) Comp(sec) Comp(cnt) Avg(sec) KeyIn KeyDrop
----------------------------------------------------------------------------------------------------------------------------------------------------------
  L0      3/0   352.49 MB   1.5      0.0     0.0      0.0       0.1      0.1       0.0   1.0      0.0    146.8         1         2    0.510       0      0
  L1      7/0   411.52 MB   0.8      0.0     0.0      0.0       0.0      0.0       0.0   0.0      0.0      0.0         0         0    0.000       0      0
  L2    173/0    4.97 GB   1.0      0.0     0.0      0.0       0.0      0.0       0.0   0.0      0.0      0.0         0         0    0.000       0      0
  L3    551/0   34.46 GB   0.7      0.0     0.0      0.0       0.0      0.0       0.0   0.0      0.0      0.0         0         0    0.000       0      0
 Sum    734/0   40.18 GB   0.0      0.0     0.0      0.0       0.1      0.1       0.0   1.0      0.0    146.8         1         2    0.510       0      0
 Int      0/0    0.00 KB   0.0      0.0     0.0      0.0       0.1      0.1       0.0   1.0      0.0    146.8         1         2    0.510       0      0
Uptime(secs): 2.8 total, 2.8 interval
Flush(GB): cumulative 0.146, interval 0.146
AddFile(GB): cumulative 0.000, interval 0.000
AddFile(Total Files): cumulative 0, interval 0
AddFile(L0 Files): cumulative 0, interval 0
AddFile(Keys): cumulative 0, interval 0
Cumulative compaction: 0.15 GB write, 53.88 MB/s write, 0.00 GB read, 0.00 MB/s read, 1.0 seconds
Interval compaction: 0.15 GB write, 53.88 MB/s write, 0.00 GB read, 0.00 MB/s read, 1.0 seconds
Stalls(count): 0 level0_slowdown, 0 level0_slowdown_with_compaction, 0 level0_numfiles, 0 level0_numfiles_with_compaction, 0 stop for pending_compaction_bytes, 0 slowdown for pending_compaction_bytes, 0 memtable_compaction, 0 memtable_slowdown, interval 0 total count

** File Read Latency Histogram By Level [usertable] **

** Compaction Stats [default] **
Level    Files   Size     Score Read(GB)  Rn(GB) Rnp1(GB) Write(GB) Wnew(GB) Moved(GB) W-Amp Rd(MB/s) Wr(MB/s) Comp(sec) Comp(cnt) Avg(sec) KeyIn KeyDrop
----------------------------------------------------------------------------------------------------------------------------------------------------------
 Sum      0/0    0.00 KB   0.0      0.0     0.0      0.0       0.0      0.0       0.0   0.0      0.0      0.0         0         0    0.000       0      0
 Int      0/0    0.00 KB   0.0      0.0     0.0      0.0       0.0      0.0       0.0   0.0      0.0      0.0         0         0    0.000       0      0
Uptime(secs): 2.8 total, 0.0 interval
Flush(GB): cumulative 0.000, interval 0.000
AddFile(GB): cumulative 0.000, interval 0.000
AddFile(Total Files): cumulative 0, interval 0
AddFile(L0 Files): cumulative 0, interval 0
AddFile(Keys): cumulative 0, interval 0
Cumulative compaction: 0.00 GB write, 0.00 MB/s write, 0.00 GB read, 0.00 MB/s read, 0.0 seconds
Interval compaction: 0.00 GB write, 0.00 MB/s write, 0.00 GB read, 0.00 MB/s read, 0.0 seconds
Stalls(count): 0 level0_slowdown, 0 level0_slowdown_with_compaction, 0 level0_numfiles, 0 level0_numfiles_with_compaction, 0 stop for pending_compaction_bytes, 0 slowdown for pending_compaction_bytes, 0 memtable_compaction, 0 memtable_slowdown, interval 0 total count

** File Read Latency Histogram By Level [default] **

** Compaction Stats [usertable] **
Level    Files   Size     Score Read(GB)  Rn(GB) Rnp1(GB) Write(GB) Wnew(GB) Moved(GB) W-Amp Rd(MB/s) Wr(MB/s) Comp(sec) Comp(cnt) Avg(sec) KeyIn KeyDrop
----------------------------------------------------------------------------------------------------------------------------------------------------------
  L0      3/0   352.49 MB   1.5      0.0     0.0      0.0       0.1      0.1       0.0   1.0      0.0    146.8         1         2    0.510       0      0
  L1      7/0   411.52 MB   0.8      0.0     0.0      0.0       0.0      0.0       0.0   0.0      0.0      0.0         0         0    0.000       0      0
  L2    173/0    4.97 GB   1.0      0.0     0.0      0.0       0.0      0.0       0.0   0.0      0.0      0.0         0         0    0.000       0      0
  L3    551/0   34.46 GB   0.7      0.0     0.0      0.0       0.0      0.0       0.0   0.0      0.0      0.0         0         0    0.000       0      0
 Sum    734/0   40.18 GB   0.0      0.0     0.0      0.0       0.1      0.1       0.0   1.0      0.0    146.8         1         2    0.510       0      0
 Int      0/0    0.00 KB   0.0      0.0     0.0      0.0       0.0      0.0       0.0   0.0      0.0      0.0         0         0    0.000       0      0
Uptime(secs): 2.8 total, 0.0 interval
Flush(GB): cumulative 0.146, interval 0.000
AddFile(GB): cumulative 0.000, interval 0.000
AddFile(Total Files): cumulative 0, interval 0
AddFile(L0 Files): cumulative 0, interval 0
AddFile(Keys): cumulative 0, interval 0
Cumulative compaction: 0.15 GB write, 53.88 MB/s write, 0.00 GB read, 0.00 MB/s read, 1.0 seconds
Interval compaction: 0.00 GB write, 0.00 MB/s write, 0.00 GB read, 0.00 MB/s read, 0.0 seconds
Stalls(count): 0 level0_slowdown, 0 level0_slowdown_with_compaction, 0 level0_numfiles, 0 level0_numfiles_with_compaction, 0 stop for pending_compaction_bytes, 0 slowdown for pending_compaction_bytes, 0 memtable_compaction, 0 memtable_slowdown, interval 0 total count

** File Read Latency Histogram By Level [usertable] **
2019/07/06-17:47:25.352873 7f8f0cf3f700 (Original Log Time 2019/07/06-17:47:25.320213) [db/db_impl_compaction_flush.cc:1835] [usertable] Moving #132 to level-1 212632025 bytes
2019/07/06-17:47:25.352881 7f8f0cf3f700 (Original Log Time 2019/07/06-17:47:25.352140) EVENT_LOG_v1 {"time_micros": 1562460445352123, "job": 3, "event": "trivial_move", "destination_level": 1, "files": 1, "total_files_size": 212632025}
2019/07/06-17:47:25.352885 7f8f0cf3f700 (Original Log Time 2019/07/06-17:47:25.352158) [db/db_impl_compaction_flush.cc:1864] [usertable] Moved #1 files to level-1 212632025 bytes OK: base level 1 max bytes base 536870912 files[2 8 173 551 0 0 0] max score 1.20
2019/07/06-17:47:25.353004 7f8e9ffff700 [db/compaction_job.cc:1531] [usertable] [JOB 4] Compacting 1@1 files to L2, score 1.20
2019/07/06-17:47:25.353016 7f8e9ffff700 [db/compaction_job.cc:1535] [usertable] Compaction start summary: Base version 6 Base level 1, inputs: [132(202MB)]
2019/07/06-17:47:25.353054 7f8e9ffff700 EVENT_LOG_v1 {"time_micros": 1562460445353026, "job": 4, "event": "compaction_started", "compaction_reason": "LevelMaxLevelSize", "files_L1": [132], "score": 1.1998, "input_data_size": 212632025}
2019/07/06-17:47:26.663932 7f8e9ffff700 [db/compaction_job.cc:1211] [usertable] [JOB 4] Generated table #1307: 16279 keys, 67233304 bytes
2019/07/06-17:47:26.663981 7f8e9ffff700 EVENT_LOG_v1 {"time_micros": 1562460446663960, "cf_name": "usertable", "job": 4, "event": "table_file_creation", "file_number": 1307, "file_size": 67233304, "table_properties": {"data_size": 67118331, "index_size": 299108, "filter_size": 0, "raw_key_size": 390696, "raw_average_key_size": 24, "raw_value_size": 66678784, "raw_average_value_size": 4096, "num_data_blocks": 8140, "num_entries": 16279, "filter_policy_name": "", "kDeletedKeys": "0", "kMergeOperands": "0"}}
2019/07/06-17:47:27.623220 7f8e9ffff700 [db/compaction_job.cc:1211] [usertable] [JOB 4] Generated table #1308: 16279 keys, 67233557 bytes
2019/07/06-17:47:27.623257 7f8e9ffff700 EVENT_LOG_v1 {"time_micros": 1562460447623238, "cf_name": "usertable", "job": 4, "event": "table_file_creation", "file_number": 1308, "file_size": 67233557, "table_properties": {"data_size": 67120140, "index_size": 300916, "filter_size": 0, "raw_key_size": 390696, "raw_average_key_size": 24, "raw_value_size": 66678784, "raw_average_value_size": 4096, "num_data_blocks": 8140, "num_entries": 16279, "filter_policy_name": "", "kDeletedKeys": "0", "kMergeOperands": "0"}}
2019/07/06-17:47:28.579055 7f8e9ffff700 [db/compaction_job.cc:1211] [usertable] [JOB 4] Generated table #1309: 16279 keys, 67233359 bytes
2019/07/06-17:47:28.579110 7f8e9ffff700 EVENT_LOG_v1 {"time_micros": 1562460448579087, "cf_name": "usertable", "job": 4, "event": "table_file_creation", "file_number": 1309, "file_size": 67233359, "table_properties": {"data_size": 67118331, "index_size": 299108, "filter_size": 0, "raw_key_size": 390696, "raw_average_key_size": 24, "raw_value_size": 66678784, "raw_average_value_size": 4096, "num_data_blocks": 8140, "num_entries": 16279, "filter_policy_name": "", "kDeletedKeys": "0", "kMergeOperands": "0"}}
2019/07/06-17:47:28.735629 7f8e9ffff700 [db/compaction_job.cc:1211] [usertable] [JOB 4] Generated table #1310: 2506 keys, 10350855 bytes
2019/07/06-17:47:28.735689 7f8e9ffff700 EVENT_LOG_v1 {"time_micros": 1562460448735664, "cf_name": "usertable", "job": 4, "event": "table_file_creation", "file_number": 1310, "file_size": 10350855, "table_properties": {"data_size": 10332518, "index_size": 46097, "filter_size": 0, "raw_key_size": 60144, "raw_average_key_size": 24, "raw_value_size": 10264576, "raw_average_value_size": 4096, "num_data_blocks": 1253, "num_entries": 2506, "filter_policy_name": "", "kDeletedKeys": "0", "kMergeOperands": "0"}}
2019/07/06-17:47:28.735761 7f8e9ffff700 [db/compaction_job.cc:1287] [usertable] [JOB 4] Compacted 1@1 files to L2 => 212051075 bytes
2019/07/06-17:47:28.753852 7f8e9ffff700 (Original Log Time 2019/07/06-17:47:28.753703) [db/compaction_job.cc:685] [usertable] compacted to: base level 1 max bytes base 536870912 files[2 7 177 551 0 0 0] max score 1.03, MB/sec: 62.9 rd, 62.7 wr, level 2, files in(1, 0) out(4) MB in(202.8, 0.0) out(202.2), read-write-amplify(2.0) write-amplify(1.0) OK, records in: 51343, records dropped: 0 output_compression: LZ4
2019/07/06-17:47:28.753861 7f8e9ffff700 (Original Log Time 2019/07/06-17:47:28.753759) EVENT_LOG_v1 {"time_micros": 1562460448753739, "job": 4, "event": "compaction_finished", "compaction_time_micros": 3382665, "output_level": 2, "num_output_files": 4, "total_output_size": 212051075, "num_input_records": 51343, "num_output_records": 51343, "num_subcompactions": 1, "output_compression": "LZ4", "num_single_delete_mismatches": 0, "num_single_delete_fallthrough": 0, "lsm_state": [2, 7, 177, 551, 0, 0, 0]}
2019/07/06-17:47:28.773009 7f8ec0ffe700 (Original Log Time 2019/07/06-17:47:28.754066) [db/db_impl_compaction_flush.cc:1835] [usertable] Moving #1308 to level-3 67233557 bytes
2019/07/06-17:47:28.773014 7f8ec0ffe700 (Original Log Time 2019/07/06-17:47:28.772922) EVENT_LOG_v1 {"time_micros": 1562460448772911, "job": 5, "event": "trivial_move", "destination_level": 3, "files": 1, "total_files_size": 67233557}
2019/07/06-17:47:28.773016 7f8ec0ffe700 (Original Log Time 2019/07/06-17:47:28.772937) [db/db_impl_compaction_flush.cc:1864] [usertable] Moved #1 files to level-3 67233557 bytes OK: base level 1 max bytes base 536870912 files[2 7 176 552 0 0 0] max score 1.02
2019/07/06-17:47:28.790226 7f8ec0ffe700 EVENT_LOG_v1 {"time_micros": 1562460448790214, "job": 5, "event": "table_file_deletion", "file_number": 132}
2019/07/06-17:47:28.808422 7f8e9f7fe700 (Original Log Time 2019/07/06-17:47:28.790405) [db/db_impl_compaction_flush.cc:1835] [usertable] Moving #1309 to level-3 67233359 bytes
2019/07/06-17:47:28.808429 7f8e9f7fe700 (Original Log Time 2019/07/06-17:47:28.808315) EVENT_LOG_v1 {"time_micros": 1562460448808300, "job": 6, "event": "trivial_move", "destination_level": 3, "files": 1, "total_files_size": 67233359}
2019/07/06-17:47:28.808431 7f8e9f7fe700 (Original Log Time 2019/07/06-17:47:28.808333) [db/db_impl_compaction_flush.cc:1864] [usertable] Moved #1 files to level-3 67233359 bytes OK: base level 1 max bytes base 536870912 files[2 7 175 553 0 0 0] max score 1.01
2019/07/06-17:47:28.828965 7f8e9f7fe700 (Original Log Time 2019/07/06-17:47:28.808659) [db/db_impl_compaction_flush.cc:1835] [usertable] Moving #1307 to level-3 67233304 bytes
2019/07/06-17:47:28.828971 7f8e9f7fe700 (Original Log Time 2019/07/06-17:47:28.828879) EVENT_LOG_v1 {"time_micros": 1562460448828866, "job": 7, "event": "trivial_move", "destination_level": 3, "files": 1, "total_files_size": 67233304}
2019/07/06-17:47:28.828973 7f8e9f7fe700 (Original Log Time 2019/07/06-17:47:28.828895) [db/db_impl_compaction_flush.cc:1864] [usertable] Moved #1 files to level-3 67233304 bytes OK: base level 1 max bytes base 536870912 files[2 7 174 554 0 0 0] max score 1.00
2019/07/06-17:47:28.846514 7f8e9f7fe700 (Original Log Time 2019/07/06-17:47:28.829178) [db/db_impl_compaction_flush.cc:1835] [usertable] Moving #1301 to level-1 129902322 bytes
2019/07/06-17:47:28.846520 7f8e9f7fe700 (Original Log Time 2019/07/06-17:47:28.846445) EVENT_LOG_v1 {"time_micros": 1562460448846433, "job": 8, "event": "trivial_move", "destination_level": 1, "files": 1, "total_files_size": 129902322}
