2018/11/05-06:57:22.470822 7fb81dcf2700 RocksDB version: 5.14.3
2018/11/05-06:57:22.470895 7fb81dcf2700 Git sha rocksdb_build_git_sha:
2018/11/05-06:57:22.470898 7fb81dcf2700 Compile date Oct 15 2018
2018/11/05-06:57:22.470902 7fb81dcf2700 DB SUMMARY
2018/11/05-06:57:22.470928 7fb81dcf2700 SST files in /mnt/sdb/ycsb-rocksdb-data dir, Total Num: 0, files: 
2018/11/05-06:57:22.470931 7fb81dcf2700 Write Ahead Log file in /mnt/sdb/ycsb-rocksdb-data: 
2018/11/05-06:57:22.470934 7fb81dcf2700                         Options.error_if_exists: 0
2018/11/05-06:57:22.470935 7fb81dcf2700                       Options.create_if_missing: 1
2018/11/05-06:57:22.470936 7fb81dcf2700                         Options.paranoid_checks: 1
2018/11/05-06:57:22.470937 7fb81dcf2700                                     Options.env: 0x7fb81d0c93e0
2018/11/05-06:57:22.470938 7fb81dcf2700                                Options.info_log: 0x7fb7683d9b20
2018/11/05-06:57:22.470939 7fb81dcf2700                Options.max_file_opening_threads: 16
2018/11/05-06:57:22.470940 7fb81dcf2700                              Options.statistics: (nil)
2018/11/05-06:57:22.470941 7fb81dcf2700                               Options.use_fsync: 0
2018/11/05-06:57:22.470942 7fb81dcf2700                       Options.max_log_file_size: 0
2018/11/05-06:57:22.470943 7fb81dcf2700                  Options.max_manifest_file_size: 18446744073709551615
2018/11/05-06:57:22.470944 7fb81dcf2700                   Options.log_file_time_to_roll: 0
2018/11/05-06:57:22.470944 7fb81dcf2700                       Options.keep_log_file_num: 1000
2018/11/05-06:57:22.470945 7fb81dcf2700                    Options.recycle_log_file_num: 0
2018/11/05-06:57:22.470946 7fb81dcf2700                         Options.allow_fallocate: 1
2018/11/05-06:57:22.470947 7fb81dcf2700                        Options.allow_mmap_reads: 0
2018/11/05-06:57:22.470948 7fb81dcf2700                       Options.allow_mmap_writes: 0
2018/11/05-06:57:22.470949 7fb81dcf2700                        Options.use_direct_reads: 0
2018/11/05-06:57:22.470950 7fb81dcf2700                        Options.use_direct_io_for_flush_and_compaction: 0
2018/11/05-06:57:22.470951 7fb81dcf2700          Options.create_missing_column_families: 1
2018/11/05-06:57:22.470952 7fb81dcf2700                              Options.db_log_dir: 
2018/11/05-06:57:22.470953 7fb81dcf2700                                 Options.wal_dir: /mnt/sdb/ycsb-rocksdb-data
2018/11/05-06:57:22.470953 7fb81dcf2700                Options.table_cache_numshardbits: 6
2018/11/05-06:57:22.470954 7fb81dcf2700                      Options.max_subcompactions: 4
2018/11/05-06:57:22.470955 7fb81dcf2700                  Options.max_background_flushes: 24
2018/11/05-06:57:22.470956 7fb81dcf2700                         Options.WAL_ttl_seconds: 0
2018/11/05-06:57:22.470957 7fb81dcf2700                       Options.WAL_size_limit_MB: 0
2018/11/05-06:57:22.470958 7fb81dcf2700             Options.manifest_preallocation_size: 4194304
2018/11/05-06:57:22.470959 7fb81dcf2700                     Options.is_fd_close_on_exec: 1
2018/11/05-06:57:22.470959 7fb81dcf2700                   Options.advise_random_on_open: 1
2018/11/05-06:57:22.470960 7fb81dcf2700                    Options.db_write_buffer_size: 0
2018/11/05-06:57:22.470961 7fb81dcf2700                    Options.write_buffer_manager: 0x7fb7683d7d60
2018/11/05-06:57:22.470962 7fb81dcf2700         Options.access_hint_on_compaction_start: 1
2018/11/05-06:57:22.470963 7fb81dcf2700  Options.new_table_reader_for_compaction_inputs: 0
2018/11/05-06:57:22.470964 7fb81dcf2700           Options.random_access_max_buffer_size: 1048576
2018/11/05-06:57:22.470964 7fb81dcf2700                      Options.use_adaptive_mutex: 0
2018/11/05-06:57:22.470965 7fb81dcf2700                            Options.rate_limiter: (nil)
2018/11/05-06:57:22.470967 7fb81dcf2700     Options.sst_file_manager.rate_bytes_per_sec: 0
2018/11/05-06:57:22.470968 7fb81dcf2700                       Options.wal_recovery_mode: 2
2018/11/05-06:57:22.470969 7fb81dcf2700                  Options.enable_thread_tracking: 0
2018/11/05-06:57:22.470970 7fb81dcf2700                  Options.enable_pipelined_write: 1
2018/11/05-06:57:22.470979 7fb81dcf2700         Options.allow_concurrent_memtable_write: 1
2018/11/05-06:57:22.470980 7fb81dcf2700      Options.enable_write_thread_adaptive_yield: 1
2018/11/05-06:57:22.470981 7fb81dcf2700             Options.write_thread_max_yield_usec: 100
2018/11/05-06:57:22.470982 7fb81dcf2700            Options.write_thread_slow_yield_usec: 3
2018/11/05-06:57:22.470982 7fb81dcf2700                               Options.row_cache: None
2018/11/05-06:57:22.470983 7fb81dcf2700                              Options.wal_filter: None
2018/11/05-06:57:22.470984 7fb81dcf2700             Options.avoid_flush_during_recovery: 0
2018/11/05-06:57:22.470985 7fb81dcf2700             Options.allow_ingest_behind: 0
2018/11/05-06:57:22.470986 7fb81dcf2700             Options.preserve_deletes: 0
2018/11/05-06:57:22.470987 7fb81dcf2700             Options.two_write_queues: 0
2018/11/05-06:57:22.470988 7fb81dcf2700             Options.manual_wal_flush: 0
2018/11/05-06:57:22.470990 7fb81dcf2700             Options.max_background_jobs: 24
2018/11/05-06:57:22.470991 7fb81dcf2700             Options.max_background_compactions: 24
2018/11/05-06:57:22.470992 7fb81dcf2700             Options.avoid_flush_during_shutdown: 0
2018/11/05-06:57:22.470993 7fb81dcf2700           Options.writable_file_max_buffer_size: 1048576
2018/11/05-06:57:22.470994 7fb81dcf2700             Options.delayed_write_rate : 16777216
2018/11/05-06:57:22.470995 7fb81dcf2700             Options.max_total_wal_size: 0
2018/11/05-06:57:22.470995 7fb81dcf2700             Options.delete_obsolete_files_period_micros: 21600000000
2018/11/05-06:57:22.470996 7fb81dcf2700                   Options.stats_dump_period_sec: 60
2018/11/05-06:57:22.470997 7fb81dcf2700                          Options.max_open_files: -1
2018/11/05-06:57:22.470998 7fb81dcf2700                          Options.bytes_per_sync: 1048576
2018/11/05-06:57:22.470999 7fb81dcf2700                      Options.wal_bytes_per_sync: 0
2018/11/05-06:57:22.471000 7fb81dcf2700       Options.compaction_readahead_size: 0
2018/11/05-06:57:22.471001 7fb81dcf2700 Compression algorithms supported:
2018/11/05-06:57:22.471002 7fb81dcf2700 	kZSTDNotFinalCompression supported: 1
2018/11/05-06:57:22.471010 7fb81dcf2700 	kZSTD supported: 1
2018/11/05-06:57:22.471011 7fb81dcf2700 	kXpressCompression supported: 0
2018/11/05-06:57:22.471012 7fb81dcf2700 	kLZ4HCCompression supported: 1
2018/11/05-06:57:22.471013 7fb81dcf2700 	kLZ4Compression supported: 1
2018/11/05-06:57:22.471023 7fb81dcf2700 	kBZip2Compression supported: 1
2018/11/05-06:57:22.471025 7fb81dcf2700 	kZlibCompression supported: 1
2018/11/05-06:57:22.471026 7fb81dcf2700 	kSnappyCompression supported: 1
2018/11/05-06:57:22.471030 7fb81dcf2700 Fast CRC32 supported: Supported on x86
2018/11/05-06:57:22.471118 7fb81dcf2700 [db/db_impl_open.cc:222] Creating manifest 1 
2018/11/05-06:57:22.571073 7fb81dcf2700 [db/version_set.cc:3085] Recovering from manifest file: MANIFEST-000001
2018/11/05-06:57:22.571163 7fb81dcf2700 [db/column_family.cc:475] --------------- Options for column family [default]:
2018/11/05-06:57:22.571166 7fb81dcf2700               Options.comparator: leveldb.BytewiseComparator
2018/11/05-06:57:22.571167 7fb81dcf2700           Options.merge_operator: None
2018/11/05-06:57:22.571168 7fb81dcf2700        Options.compaction_filter: None
2018/11/05-06:57:22.571169 7fb81dcf2700        Options.compaction_filter_factory: None
2018/11/05-06:57:22.571170 7fb81dcf2700         Options.memtable_factory: SkipListFactory
2018/11/05-06:57:22.571171 7fb81dcf2700            Options.table_factory: BlockBasedTable
2018/11/05-06:57:22.571202 7fb81dcf2700            table_factory options:   flush_block_policy_factory: FlushBlockBySizePolicyFactory (0x7fb7683928e0)
  cache_index_and_filter_blocks: 0
  cache_index_and_filter_blocks_with_high_priority: 0
  pin_l0_filter_and_index_blocks_in_cache: 0
  index_type: 0
  hash_index_allow_collision: 1
  checksum: 1
  no_block_cache: 0
  block_cache: 0x7fb768397420
  block_cache_name: LRUCache
  block_cache_options:
    capacity : 8388608
    num_shard_bits : 4
    strict_capacity_limit : 0
    high_pri_pool_ratio: 0.000
  block_cache_compressed: (nil)
  persistent_cache: (nil)
  block_size: 8192
  block_size_deviation: 10
  block_restart_interval: 16
  index_block_restart_interval: 1
  metadata_block_size: 4096
  partition_filters: 0
  use_delta_encoding: 1
  filter_policy: nullptr
  whole_key_filtering: 1
  verify_compression: 0
  read_amp_bytes_per_bit: 0
  format_version: 2
  enable_index_compression: 1
  block_align: 0
2018/11/05-06:57:22.571216 7fb81dcf2700        Options.write_buffer_size: 134217728
2018/11/05-06:57:22.571218 7fb81dcf2700  Options.max_write_buffer_number: 24
2018/11/05-06:57:22.571219 7fb81dcf2700        Options.compression[0]: NoCompression
2018/11/05-06:57:22.571220 7fb81dcf2700        Options.compression[1]: NoCompression
2018/11/05-06:57:22.571221 7fb81dcf2700        Options.compression[2]: LZ4
2018/11/05-06:57:22.571222 7fb81dcf2700        Options.compression[3]: LZ4
2018/11/05-06:57:22.571223 7fb81dcf2700        Options.compression[4]: LZ4
2018/11/05-06:57:22.571224 7fb81dcf2700        Options.compression[5]: LZ4
2018/11/05-06:57:22.571225 7fb81dcf2700        Options.compression[6]: LZ4
2018/11/05-06:57:22.571226 7fb81dcf2700                  Options.bottommost_compression: Disabled
2018/11/05-06:57:22.571227 7fb81dcf2700       Options.prefix_extractor: nullptr
2018/11/05-06:57:22.571228 7fb81dcf2700   Options.memtable_insert_with_hint_prefix_extractor: nullptr
2018/11/05-06:57:22.571228 7fb81dcf2700             Options.num_levels: 7
2018/11/05-06:57:22.571229 7fb81dcf2700        Options.min_write_buffer_number_to_merge: 2
2018/11/05-06:57:22.571230 7fb81dcf2700     Options.max_write_buffer_number_to_maintain: 0
2018/11/05-06:57:22.571231 7fb81dcf2700            Options.compression_opts.window_bits: -14
2018/11/05-06:57:22.571232 7fb81dcf2700                  Options.compression_opts.level: -1
2018/11/05-06:57:22.571233 7fb81dcf2700               Options.compression_opts.strategy: 0
2018/11/05-06:57:22.571234 7fb81dcf2700         Options.compression_opts.max_dict_bytes: 0
2018/11/05-06:57:22.571235 7fb81dcf2700         Options.compression_opts.zstd_max_train_bytes: 0
2018/11/05-06:57:22.571235 7fb81dcf2700      Options.level0_file_num_compaction_trigger: 2
2018/11/05-06:57:22.571236 7fb81dcf2700          Options.level0_slowdown_writes_trigger: 20
2018/11/05-06:57:22.571237 7fb81dcf2700              Options.level0_stop_writes_trigger: 36
2018/11/05-06:57:22.571238 7fb81dcf2700                   Options.target_file_size_base: 67108864
2018/11/05-06:57:22.571239 7fb81dcf2700             Options.target_file_size_multiplier: 1
2018/11/05-06:57:22.571240 7fb81dcf2700                Options.max_bytes_for_level_base: 536870912
2018/11/05-06:57:22.571241 7fb81dcf2700 Options.level_compaction_dynamic_level_bytes: 0
2018/11/05-06:57:22.571242 7fb81dcf2700          Options.max_bytes_for_level_multiplier: 10.000000
2018/11/05-06:57:22.571245 7fb81dcf2700 Options.max_bytes_for_level_multiplier_addtl[0]: 1
2018/11/05-06:57:22.571247 7fb81dcf2700 Options.max_bytes_for_level_multiplier_addtl[1]: 1
2018/11/05-06:57:22.571247 7fb81dcf2700 Options.max_bytes_for_level_multiplier_addtl[2]: 1
2018/11/05-06:57:22.571248 7fb81dcf2700 Options.max_bytes_for_level_multiplier_addtl[3]: 1
2018/11/05-06:57:22.571249 7fb81dcf2700 Options.max_bytes_for_level_multiplier_addtl[4]: 1
2018/11/05-06:57:22.571250 7fb81dcf2700 Options.max_bytes_for_level_multiplier_addtl[5]: 1
2018/11/05-06:57:22.571251 7fb81dcf2700 Options.max_bytes_for_level_multiplier_addtl[6]: 1
2018/11/05-06:57:22.571252 7fb81dcf2700       Options.max_sequential_skip_in_iterations: 8
2018/11/05-06:57:22.571252 7fb81dcf2700                    Options.max_compaction_bytes: 1677721600
2018/11/05-06:57:22.571253 7fb81dcf2700                        Options.arena_block_size: 16777216
2018/11/05-06:57:22.571254 7fb81dcf2700   Options.soft_pending_compaction_bytes_limit: 68719476736
2018/11/05-06:57:22.571255 7fb81dcf2700   Options.hard_pending_compaction_bytes_limit: 274877906944
2018/11/05-06:57:22.571261 7fb81dcf2700       Options.rate_limit_delay_max_milliseconds: 100
2018/11/05-06:57:22.571263 7fb81dcf2700                Options.disable_auto_compactions: 0
2018/11/05-06:57:22.571265 7fb81dcf2700                        Options.compaction_style: kCompactionStyleLevel
2018/11/05-06:57:22.571266 7fb81dcf2700                          Options.compaction_pri: kByCompensatedSize
2018/11/05-06:57:22.571267 7fb81dcf2700 Options.compaction_options_universal.size_ratio: 1
2018/11/05-06:57:22.571268 7fb81dcf2700 Options.compaction_options_universal.min_merge_width: 2
2018/11/05-06:57:22.571269 7fb81dcf2700 Options.compaction_options_universal.max_merge_width: 4294967295
2018/11/05-06:57:22.571270 7fb81dcf2700 Options.compaction_options_universal.max_size_amplification_percent: 200
2018/11/05-06:57:22.571271 7fb81dcf2700 Options.compaction_options_universal.compression_size_percent: -1
2018/11/05-06:57:22.571272 7fb81dcf2700 Options.compaction_options_universal.stop_style: kCompactionStopStyleTotalSize
2018/11/05-06:57:22.571273 7fb81dcf2700 Options.compaction_options_fifo.max_table_files_size: 1073741824
2018/11/05-06:57:22.571274 7fb81dcf2700 Options.compaction_options_fifo.allow_compaction: 0
2018/11/05-06:57:22.571275 7fb81dcf2700 Options.compaction_options_fifo.ttl: 0
2018/11/05-06:57:22.571276 7fb81dcf2700                   Options.table_properties_collectors: 
2018/11/05-06:57:22.571277 7fb81dcf2700                   Options.inplace_update_support: 0
2018/11/05-06:57:22.571278 7fb81dcf2700                 Options.inplace_update_num_locks: 10000
2018/11/05-06:57:22.571279 7fb81dcf2700               Options.memtable_prefix_bloom_size_ratio: 0.000000
2018/11/05-06:57:22.571280 7fb81dcf2700   Options.memtable_huge_page_size: 0
2018/11/05-06:57:22.571281 7fb81dcf2700                           Options.bloom_locality: 0
2018/11/05-06:57:22.571282 7fb81dcf2700                    Options.max_successive_merges: 0
2018/11/05-06:57:22.571283 7fb81dcf2700                Options.optimize_filters_for_hits: 0
2018/11/05-06:57:22.571284 7fb81dcf2700                Options.paranoid_file_checks: 0
2018/11/05-06:57:22.571285 7fb81dcf2700                Options.force_consistency_checks: 0
2018/11/05-06:57:22.571285 7fb81dcf2700                Options.report_bg_io_stats: 0
2018/11/05-06:57:22.571286 7fb81dcf2700                               Options.ttl: 0
2018/11/05-06:57:22.572069 7fb81dcf2700 [db/version_set.cc:3361] Recovered from manifest file:/mnt/sdb/ycsb-rocksdb-data/MANIFEST-000001 succeeded,manifest_file_number is 1, next_file_number is 3, last_sequence is 0, log_number is 0,prev_log_number is 0,max_column_family is 0,min_log_number_to_keep is 0
2018/11/05-06:57:22.572078 7fb81dcf2700 [db/version_set.cc:3369] Column family [default] (ID 0), log number is 0
2018/11/05-06:57:22.572304 7fb81dcf2700 [db/version_set.cc:2847] Creating manifest 4
2018/11/05-06:57:22.776270 7fb81dcf2700 [db/column_family.cc:475] --------------- Options for column family [usertable]:
2018/11/05-06:57:22.776275 7fb81dcf2700               Options.comparator: leveldb.BytewiseComparator
2018/11/05-06:57:22.776276 7fb81dcf2700           Options.merge_operator: None
2018/11/05-06:57:22.776277 7fb81dcf2700        Options.compaction_filter: None
2018/11/05-06:57:22.776278 7fb81dcf2700        Options.compaction_filter_factory: None
2018/11/05-06:57:22.776279 7fb81dcf2700         Options.memtable_factory: SkipListFactory
2018/11/05-06:57:22.776280 7fb81dcf2700            Options.table_factory: BlockBasedTable
2018/11/05-06:57:22.776307 7fb81dcf2700            table_factory options:   flush_block_policy_factory: FlushBlockBySizePolicyFactory (0x7fb7683928c0)
  cache_index_and_filter_blocks: 0
  cache_index_and_filter_blocks_with_high_priority: 0
  pin_l0_filter_and_index_blocks_in_cache: 0
  index_type: 0
  hash_index_allow_collision: 1
  checksum: 1
  no_block_cache: 0
  block_cache: 0x7fb7683990e0
  block_cache_name: LRUCache
  block_cache_options:
    capacity : 8388608
    num_shard_bits : 4
    strict_capacity_limit : 0
    high_pri_pool_ratio: 0.000
  block_cache_compressed: (nil)
  persistent_cache: (nil)
  block_size: 8192
  block_size_deviation: 10
  block_restart_interval: 16
  index_block_restart_interval: 1
  metadata_block_size: 4096
  partition_filters: 0
  use_delta_encoding: 1
  filter_policy: nullptr
  whole_key_filtering: 1
  verify_compression: 0
  read_amp_bytes_per_bit: 0
  format_version: 2
  enable_index_compression: 1
  block_align: 0
2018/11/05-06:57:22.776309 7fb81dcf2700        Options.write_buffer_size: 134217728
2018/11/05-06:57:22.776310 7fb81dcf2700  Options.max_write_buffer_number: 24
2018/11/05-06:57:22.776311 7fb81dcf2700        Options.compression[0]: NoCompression
2018/11/05-06:57:22.776312 7fb81dcf2700        Options.compression[1]: NoCompression
2018/11/05-06:57:22.776313 7fb81dcf2700        Options.compression[2]: LZ4
2018/11/05-06:57:22.776314 7fb81dcf2700        Options.compression[3]: LZ4
2018/11/05-06:57:22.776315 7fb81dcf2700        Options.compression[4]: LZ4
2018/11/05-06:57:22.776316 7fb81dcf2700        Options.compression[5]: LZ4
2018/11/05-06:57:22.776317 7fb81dcf2700        Options.compression[6]: LZ4
2018/11/05-06:57:22.776318 7fb81dcf2700                  Options.bottommost_compression: Disabled
2018/11/05-06:57:22.776319 7fb81dcf2700       Options.prefix_extractor: nullptr
2018/11/05-06:57:22.776320 7fb81dcf2700   Options.memtable_insert_with_hint_prefix_extractor: nullptr
2018/11/05-06:57:22.776321 7fb81dcf2700             Options.num_levels: 7
2018/11/05-06:57:22.776322 7fb81dcf2700        Options.min_write_buffer_number_to_merge: 2
2018/11/05-06:57:22.776322 7fb81dcf2700     Options.max_write_buffer_number_to_maintain: 0
2018/11/05-06:57:22.776323 7fb81dcf2700            Options.compression_opts.window_bits: -14
2018/11/05-06:57:22.776324 7fb81dcf2700                  Options.compression_opts.level: -1
2018/11/05-06:57:22.776325 7fb81dcf2700               Options.compression_opts.strategy: 0
2018/11/05-06:57:22.776326 7fb81dcf2700         Options.compression_opts.max_dict_bytes: 0
2018/11/05-06:57:22.776327 7fb81dcf2700         Options.compression_opts.zstd_max_train_bytes: 0
2018/11/05-06:57:22.776328 7fb81dcf2700      Options.level0_file_num_compaction_trigger: 2
2018/11/05-06:57:22.776329 7fb81dcf2700          Options.level0_slowdown_writes_trigger: 20
2018/11/05-06:57:22.776330 7fb81dcf2700              Options.level0_stop_writes_trigger: 36
2018/11/05-06:57:22.776330 7fb81dcf2700                   Options.target_file_size_base: 67108864
2018/11/05-06:57:22.776331 7fb81dcf2700             Options.target_file_size_multiplier: 1
2018/11/05-06:57:22.776332 7fb81dcf2700                Options.max_bytes_for_level_base: 536870912
2018/11/05-06:57:22.776333 7fb81dcf2700 Options.level_compaction_dynamic_level_bytes: 0
2018/11/05-06:57:22.776334 7fb81dcf2700          Options.max_bytes_for_level_multiplier: 10.000000
2018/11/05-06:57:22.776337 7fb81dcf2700 Options.max_bytes_for_level_multiplier_addtl[0]: 1
2018/11/05-06:57:22.776348 7fb81dcf2700 Options.max_bytes_for_level_multiplier_addtl[1]: 1
2018/11/05-06:57:22.776349 7fb81dcf2700 Options.max_bytes_for_level_multiplier_addtl[2]: 1
2018/11/05-06:57:22.776350 7fb81dcf2700 Options.max_bytes_for_level_multiplier_addtl[3]: 1
2018/11/05-06:57:22.776351 7fb81dcf2700 Options.max_bytes_for_level_multiplier_addtl[4]: 1
2018/11/05-06:57:22.776352 7fb81dcf2700 Options.max_bytes_for_level_multiplier_addtl[5]: 1
2018/11/05-06:57:22.776353 7fb81dcf2700 Options.max_bytes_for_level_multiplier_addtl[6]: 1
2018/11/05-06:57:22.776353 7fb81dcf2700       Options.max_sequential_skip_in_iterations: 8
2018/11/05-06:57:22.776354 7fb81dcf2700                    Options.max_compaction_bytes: 1677721600
2018/11/05-06:57:22.776355 7fb81dcf2700                        Options.arena_block_size: 16777216
2018/11/05-06:57:22.776356 7fb81dcf2700   Options.soft_pending_compaction_bytes_limit: 68719476736
2018/11/05-06:57:22.776357 7fb81dcf2700   Options.hard_pending_compaction_bytes_limit: 274877906944
2018/11/05-06:57:22.776358 7fb81dcf2700       Options.rate_limit_delay_max_milliseconds: 100
2018/11/05-06:57:22.776359 7fb81dcf2700                Options.disable_auto_compactions: 0
2018/11/05-06:57:22.776361 7fb81dcf2700                        Options.compaction_style: kCompactionStyleLevel
2018/11/05-06:57:22.776362 7fb81dcf2700                          Options.compaction_pri: kByCompensatedSize
2018/11/05-06:57:22.776363 7fb81dcf2700 Options.compaction_options_universal.size_ratio: 1
2018/11/05-06:57:22.776364 7fb81dcf2700 Options.compaction_options_universal.min_merge_width: 2
2018/11/05-06:57:22.776365 7fb81dcf2700 Options.compaction_options_universal.max_merge_width: 4294967295
2018/11/05-06:57:22.776366 7fb81dcf2700 Options.compaction_options_universal.max_size_amplification_percent: 200
2018/11/05-06:57:22.776367 7fb81dcf2700 Options.compaction_options_universal.compression_size_percent: -1
2018/11/05-06:57:22.776368 7fb81dcf2700 Options.compaction_options_universal.stop_style: kCompactionStopStyleTotalSize
2018/11/05-06:57:22.776369 7fb81dcf2700 Options.compaction_options_fifo.max_table_files_size: 1073741824
2018/11/05-06:57:22.776370 7fb81dcf2700 Options.compaction_options_fifo.allow_compaction: 0
2018/11/05-06:57:22.776371 7fb81dcf2700 Options.compaction_options_fifo.ttl: 0
2018/11/05-06:57:22.776372 7fb81dcf2700                   Options.table_properties_collectors: 
2018/11/05-06:57:22.776373 7fb81dcf2700                   Options.inplace_update_support: 0
2018/11/05-06:57:22.776374 7fb81dcf2700                 Options.inplace_update_num_locks: 10000
2018/11/05-06:57:22.776375 7fb81dcf2700               Options.memtable_prefix_bloom_size_ratio: 0.000000
2018/11/05-06:57:22.776376 7fb81dcf2700   Options.memtable_huge_page_size: 0
2018/11/05-06:57:22.776377 7fb81dcf2700                           Options.bloom_locality: 0
2018/11/05-06:57:22.776378 7fb81dcf2700                    Options.max_successive_merges: 0
2018/11/05-06:57:22.776379 7fb81dcf2700                Options.optimize_filters_for_hits: 0
2018/11/05-06:57:22.776379 7fb81dcf2700                Options.paranoid_file_checks: 0
2018/11/05-06:57:22.776380 7fb81dcf2700                Options.force_consistency_checks: 0
2018/11/05-06:57:22.776381 7fb81dcf2700                Options.report_bg_io_stats: 0
2018/11/05-06:57:22.776382 7fb81dcf2700                               Options.ttl: 0
2018/11/05-06:57:22.776427 7fb81dcf2700 [db/db_impl.cc:1396] Created column family [usertable] (ID 1)
2018/11/05-06:57:22.972376 7fb81dcf2700 [db/db_impl_open.cc:1219] DB pointer 0x7fb7683da160
2018/11/05-06:57:23.290957 7fb81d6ec700 [db/db_impl_write.cc:1373] [usertable] New memtable created with log file: #9. Immutable memtables: 0.
2018/11/05-06:57:23.564972 7fb81dbf1700 [db/db_impl_write.cc:1373] [usertable] New memtable created with log file: #10. Immutable memtables: 1.
2018/11/05-06:57:23.565105 7fb7ddffb700 [db/db_impl_compaction_flush.cc:80] [JOB 2] Syncing log #3
2018/11/05-06:57:23.823309 7fb81d7ed700 [db/db_impl_write.cc:1373] [usertable] New memtable created with log file: #12. Immutable memtables: 2.
2018/11/05-06:57:24.066674 7fb81d7ed700 [db/db_impl_write.cc:1373] [usertable] New memtable created with log file: #13. Immutable memtables: 3.
2018/11/05-06:57:24.347719 7fb81dcf2700 [db/db_impl_write.cc:1373] [usertable] New memtable created with log file: #15. Immutable memtables: 4.
2018/11/05-06:57:24.422365 7fb7ddffb700 [db/db_impl_compaction_flush.cc:80] [JOB 2] Syncing log #9
2018/11/05-06:57:24.681550 7fb81d8ee700 [db/db_impl_write.cc:1373] [usertable] New memtable created with log file: #16. Immutable memtables: 5.
2018/11/05-06:57:24.931185 7fb81d7ed700 [db/db_impl_write.cc:1373] [usertable] New memtable created with log file: #18. Immutable memtables: 6.
2018/11/05-06:57:25.148031 7fb81d8ee700 [db/db_impl_write.cc:1373] [usertable] New memtable created with log file: #19. Immutable memtables: 7.
2018/11/05-06:57:25.247156 7fb7ddffb700 (Original Log Time 2018/11/05-06:57:23.565058) [db/db_impl_compaction_flush.cc:1424] Calling FlushMemTableToOutputFile with column family [usertable], flush slots available 24, compaction slots available 1, flush slots scheduled 1, compaction slots scheduled 0
2018/11/05-06:57:25.247172 7fb7ddffb700 [db/flush_job.cc:301] [usertable] [JOB 2] Flushing memtable with next log file: 9
2018/11/05-06:57:25.247178 7fb7f67fc700 [db/db_impl_compaction_flush.cc:80] [JOB 4] Syncing log #10
2018/11/05-06:57:25.247184 7fb7ddffb700 [db/flush_job.cc:301] [usertable] [JOB 2] Flushing memtable with next log file: 10
2018/11/05-06:57:25.247240 7fb7ddffb700 EVENT_LOG_v1 {"time_micros": 1541429845247216, "job": 2, "event": "flush_started", "num_memtables": 2, "num_entries": 62620, "num_deletes": 0, "memory_usage": 259569784, "flush_reason": "Write Buffer Full"}
2018/11/05-06:57:25.247254 7fb7ddffb700 [db/flush_job.cc:331] [usertable] [JOB 2] Level-0 flush table #11: started
2018/11/05-06:57:25.384836 7fb81d9ef700 [db/db_impl_write.cc:1373] [usertable] New memtable created with log file: #21. Immutable memtables: 8.
2018/11/05-06:57:25.658504 7fb81dcf2700 [db/db_impl_write.cc:1373] [usertable] New memtable created with log file: #22. Immutable memtables: 9.
2018/11/05-06:57:25.901133 7fb81d6ec700 [db/db_impl_write.cc:1373] [usertable] New memtable created with log file: #24. Immutable memtables: 10.
2018/11/05-06:57:26.134400 7fb81d3da700 [db/db_impl_write.cc:1373] [usertable] New memtable created with log file: #25. Immutable memtables: 11.
2018/11/05-06:57:26.375048 7fb81d6ec700 [db/db_impl_write.cc:1373] [usertable] New memtable created with log file: #27. Immutable memtables: 12.
2018/11/05-06:57:26.626120 7fb81d7ed700 [db/db_impl_write.cc:1373] [usertable] New memtable created with log file: #28. Immutable memtables: 13.
2018/11/05-06:57:26.885479 7fb81d9ef700 [db/db_impl_write.cc:1373] [usertable] New memtable created with log file: #30. Immutable memtables: 14.
2018/11/05-06:57:27.118920 7fb81d6ec700 [db/db_impl_write.cc:1373] [usertable] New memtable created with log file: #31. Immutable memtables: 15.
2018/11/05-06:57:27.351859 7fb81d8ee700 [db/db_impl_write.cc:1373] [usertable] New memtable created with log file: #33. Immutable memtables: 16.
2018/11/05-06:57:27.581808 7fb81dbf1700 [db/db_impl_write.cc:1373] [usertable] New memtable created with log file: #34. Immutable memtables: 17.
2018/11/05-06:57:27.675256 7fb7ddffb700 EVENT_LOG_v1 {"time_micros": 1541429847675220, "cf_name": "usertable", "job": 2, "event": "table_file_creation", "file_number": 11, "file_size": 259334438, "table_properties": {"data_size": 258182260, "index_size": 1151251, "filter_size": 0, "raw_key_size": 1502880, "raw_average_key_size": 24, "raw_value_size": 256491520, "raw_average_value_size": 4096, "num_data_blocks": 31310, "num_entries": 62620, "filter_policy_name": "", "kDeletedKeys": "0", "kMergeOperands": "0"}}
2018/11/05-06:57:27.675300 7fb7ddffb700 [db/flush_job.cc:371] [usertable] [JOB 2] Level-0 flush table #11: 259334438 bytes OK
2018/11/05-06:57:27.689205 7fb7f67fc700 [db/db_impl_compaction_flush.cc:80] [JOB 4] Syncing log #12
2018/11/05-06:57:27.718144 7fb7ddffb700 (Original Log Time 2018/11/05-06:57:27.689210) [db/memtable_list.cc:377] [usertable] Level-0 commit table #11 started
2018/11/05-06:57:27.718149 7fb7ddffb700 (Original Log Time 2018/11/05-06:57:27.717991) [db/memtable_list.cc:409] [usertable] Level-0 commit table #11: memtable #1 done
2018/11/05-06:57:27.718151 7fb7ddffb700 (Original Log Time 2018/11/05-06:57:27.718009) [db/memtable_list.cc:409] [usertable] Level-0 commit table #11: memtable #2 done
2018/11/05-06:57:27.718153 7fb7ddffb700 (Original Log Time 2018/11/05-06:57:27.718065) EVENT_LOG_v1 {"time_micros": 1541429847718028, "job": 2, "event": "flush_finished", "output_compression": "NoCompression", "lsm_state": [1, 0, 0, 0, 0, 0, 0], "immutable_memtables": 16}
2018/11/05-06:57:27.718154 7fb7ddffb700 (Original Log Time 2018/11/05-06:57:27.718092) [db/db_impl_compaction_flush.cc:177] [usertable] Level summary: base level 1 max bytes base 536870912 files[1 0 0 0 0 0 0] max score 0.50
2018/11/05-06:57:27.718166 7fb7ddffb700 [db/db_impl_files.cc:347] [JOB 2] Try to delete WAL files size 258077092, prev total WAL file size 2386648452, number of live WAL files 19.
2018/11/05-06:57:27.828372 7fb81d6ec700 [db/db_impl_write.cc:1373] [usertable] New memtable created with log file: #36. Immutable memtables: 16.
2018/11/05-06:57:28.060888 7fb81d3da700 [db/db_impl_write.cc:1373] [usertable] New memtable created with log file: #37. Immutable memtables: 17.
2018/11/05-06:57:28.288534 7fb81d9ef700 [db/db_impl_write.cc:1373] [usertable] New memtable created with log file: #39. Immutable memtables: 18.
2018/11/05-06:57:28.518425 7fb81dcf2700 [db/db_impl_write.cc:1373] [usertable] New memtable created with log file: #40. Immutable memtables: 19.
2018/11/05-06:57:28.747885 7fb81d8ee700 [db/db_impl_write.cc:1373] [usertable] New memtable created with log file: #42. Immutable memtables: 20.
2018/11/05-06:57:28.748642 7fb7f67fc700 [db/db_impl_compaction_flush.cc:80] [JOB 4] Syncing log #13
2018/11/05-06:57:28.975383 7fb81d8ee700 [db/db_impl_write.cc:1373] [usertable] New memtable created with log file: #43. Immutable memtables: 21.
2018/11/05-06:57:29.208605 7fb81d7ed700 [db/db_impl_write.cc:1373] [usertable] New memtable created with log file: #45. Immutable memtables: 22.
2018/11/05-06:57:29.208639 7fb81d7ed700 [WARN] [db/column_family.cc:779] [usertable] Stalling writes because we have 23 immutable memtables (waiting for flush), max_write_buffer_number is set to 24 rate 16777216
2018/11/05-06:57:29.985447 7fb7f67fc700 [db/db_impl_compaction_flush.cc:80] [JOB 4] Syncing log #15
2018/11/05-06:57:30.626036 7fb7f67fc700 (Original Log Time 2018/11/05-06:57:24.681607) [db/db_impl_compaction_flush.cc:1424] Calling FlushMemTableToOutputFile with column family [usertable], flush slots available 24, compaction slots available 1, flush slots scheduled 3, compaction slots scheduled 0
2018/11/05-06:57:30.626045 7fb7f67fc700 [db/flush_job.cc:301] [usertable] [JOB 4] Flushing memtable with next log file: 15
2018/11/05-06:57:30.626053 7fb7f67fc700 [db/flush_job.cc:301] [usertable] [JOB 4] Flushing memtable with next log file: 16
2018/11/05-06:57:30.626051 7fb7f5ffb700 [db/db_impl_compaction_flush.cc:80] [JOB 5] Syncing log #16
2018/11/05-06:57:30.626101 7fb7f67fc700 EVENT_LOG_v1 {"time_micros": 1541429850626089, "job": 4, "event": "flush_started", "num_memtables": 2, "num_entries": 61526, "num_deletes": 0, "memory_usage": 255054088, "flush_reason": "Write Buffer Full"}
2018/11/05-06:57:30.626110 7fb7f67fc700 [db/flush_job.cc:331] [usertable] [JOB 4] Level-0 flush table #17: started
2018/11/05-06:57:30.626113 7fb7f6ffd700 (Original Log Time 2018/11/05-06:57:24.066737) [db/db_impl_compaction_flush.cc:1424] Calling FlushMemTableToOutputFile with column family [usertable], flush slots available 24, compaction slots available 1, flush slots scheduled 2, compaction slots scheduled 0
2018/11/05-06:57:30.626118 7fb7f6ffd700 [db/flush_job.cc:301] [usertable] [JOB 3] Flushing memtable with next log file: 12
2018/11/05-06:57:30.626124 7fb7f6ffd700 [db/flush_job.cc:301] [usertable] [JOB 3] Flushing memtable with next log file: 13
2018/11/05-06:57:30.626139 7fb7f6ffd700 EVENT_LOG_v1 {"time_micros": 1541429850626135, "job": 3, "event": "flush_started", "num_memtables": 2, "num_entries": 62766, "num_deletes": 0, "memory_usage": 260163920, "flush_reason": "Write Buffer Full"}
2018/11/05-06:57:30.626143 7fb7f6ffd700 [db/flush_job.cc:331] [usertable] [JOB 3] Level-0 flush table #14: started
2018/11/05-06:57:32.088135 7fb7f5ffb700 [db/db_impl_compaction_flush.cc:80] [JOB 5] Syncing log #18
2018/11/05-06:57:33.628145 7fb7f5ffb700 (Original Log Time 2018/11/05-06:57:25.148088) [db/db_impl_compaction_flush.cc:1424] Calling FlushMemTableToOutputFile with column family [usertable], flush slots available 24, compaction slots available 1, flush slots scheduled 4, compaction slots scheduled 0
2018/11/05-06:57:33.628166 7fb7f5ffb700 [db/flush_job.cc:301] [usertable] [JOB 5] Flushing memtable with next log file: 18
2018/11/05-06:57:33.628176 7fb7f5ffb700 [db/flush_job.cc:301] [usertable] [JOB 5] Flushing memtable with next log file: 19
2018/11/05-06:57:33.628184 7fb7f57fa700 [db/db_impl_compaction_flush.cc:80] [JOB 6] Syncing log #19
2018/11/05-06:57:33.628204 7fb7f5ffb700 EVENT_LOG_v1 {"time_micros": 1541429853628195, "job": 5, "event": "flush_started", "num_memtables": 2, "num_entries": 59827, "num_deletes": 0, "memory_usage": 252191288, "flush_reason": "Write Buffer Full"}
2018/11/05-06:57:33.628211 7fb7f5ffb700 [db/flush_job.cc:331] [usertable] [JOB 5] Level-0 flush table #20: started
2018/11/05-06:57:36.001185 7fb7f67fc700 EVENT_LOG_v1 {"time_micros": 1541429856001163, "cf_name": "usertable", "job": 4, "event": "table_file_creation", "file_number": 17, "file_size": 254803756, "table_properties": {"data_size": 253671698, "index_size": 1131131, "filter_size": 0, "raw_key_size": 1476624, "raw_average_key_size": 24, "raw_value_size": 252010496, "raw_average_value_size": 4096, "num_data_blocks": 30763, "num_entries": 61526, "filter_policy_name": "", "kDeletedKeys": "0", "kMergeOperands": "0"}}
2018/11/05-06:57:36.001210 7fb7f67fc700 [db/flush_job.cc:371] [usertable] [JOB 4] Level-0 flush table #17: 254803756 bytes OK
2018/11/05-06:57:36.001254 7fb7f67fc700 [WARN] [db/column_family.cc:779] [usertable] Stalling writes because we have 23 immutable memtables (waiting for flush), max_write_buffer_number is set to 24 rate 16777216
2018/11/05-06:57:36.001294 7fb7f67fc700 (Original Log Time 2018/11/05-06:57:36.001233) EVENT_LOG_v1 {"time_micros": 1541429856001226, "job": 4, "event": "flush_finished", "output_compression": "NoCompression", "lsm_state": [1, 0, 0, 0, 0, 0, 0], "immutable_memtables": 23}
2018/11/05-06:57:36.001297 7fb7f67fc700 (Original Log Time 2018/11/05-06:57:36.001269) [db/db_impl_compaction_flush.cc:177] [usertable] Level summary: base level 1 max bytes base 536870912 files[1 0 0 0 0 0 0] max score 0.50
2018/11/05-06:57:36.184296 7fb81d3da700 [db/db_impl_write.cc:1373] [usertable] New memtable created with log file: #46. Immutable memtables: 23.
2018/11/05-06:57:36.184322 7fb81d3da700 [WARN] [db/column_family.cc:743] [usertable] Stopping writes because we have 24 immutable memtables (waiting for flush), max_write_buffer_number is set to 24
2018/11/05-06:57:36.238457 7fb7f57fa700 [db/db_impl_compaction_flush.cc:80] [JOB 6] Syncing log #21
2018/11/05-06:57:36.239061 7fb7f5ffb700 EVENT_LOG_v1 {"time_micros": 1541429856239043, "cf_name": "usertable", "job": 5, "event": "table_file_creation", "file_number": 20, "file_size": 247767569, "table_properties": {"data_size": 246666735, "index_size": 1099907, "filter_size": 0, "raw_key_size": 1435848, "raw_average_key_size": 24, "raw_value_size": 245051392, "raw_average_value_size": 4096, "num_data_blocks": 29914, "num_entries": 59827, "filter_policy_name": "", "kDeletedKeys": "0", "kMergeOperands": "0"}}
2018/11/05-06:57:36.239080 7fb7f5ffb700 [db/flush_job.cc:371] [usertable] [JOB 5] Level-0 flush table #20: 247767569 bytes OK
2018/11/05-06:57:36.239106 7fb7f5ffb700 [WARN] [db/column_family.cc:743] [usertable] Stopping writes because we have 24 immutable memtables (waiting for flush), max_write_buffer_number is set to 24
2018/11/05-06:57:36.239118 7fb7f6ffd700 EVENT_LOG_v1 {"time_micros": 1541429856239104, "cf_name": "usertable", "job": 3, "event": "table_file_creation", "file_number": 14, "file_size": 259939079, "table_properties": {"data_size": 258784218, "index_size": 1153934, "filter_size": 0, "raw_key_size": 1506384, "raw_average_key_size": 24, "raw_value_size": 257089536, "raw_average_value_size": 4096, "num_data_blocks": 31383, "num_entries": 62766, "filter_policy_name": "", "kDeletedKeys": "0", "kMergeOperands": "0"}}
2018/11/05-06:57:36.239128 7fb7f5ffb700 (Original Log Time 2018/11/05-06:57:36.239099) EVENT_LOG_v1 {"time_micros": 1541429856239093, "job": 5, "event": "flush_finished", "output_compression": "NoCompression", "lsm_state": [1, 0, 0, 0, 0, 0, 0], "immutable_memtables": 24}
2018/11/05-06:57:36.239132 7fb7f6ffd700 [db/flush_job.cc:371] [usertable] [JOB 3] Level-0 flush table #14: 259939079 bytes OK
2018/11/05-06:57:36.239139 7fb7f5ffb700 (Original Log Time 2018/11/05-06:57:36.239117) [db/db_impl_compaction_flush.cc:177] [usertable] Level summary: base level 1 max bytes base 536870912 files[1 0 0 0 0 0 0] max score 0.50
2018/11/05-06:57:36.380317 7fb7f6ffd700 [db/column_family.cc:837] [usertable] Increasing compaction threads because we have 4 level-0 files 
2018/11/05-06:57:36.380363 7fb7f6ffd700 (Original Log Time 2018/11/05-06:57:36.239156) [db/memtable_list.cc:377] [usertable] Level-0 commit table #14 started
2018/11/05-06:57:36.380366 7fb7f6ffd700 (Original Log Time 2018/11/05-06:57:36.239157) [db/memtable_list.cc:377] [usertable] Level-0 commit table #17 started
2018/11/05-06:57:36.380368 7fb7f6ffd700 (Original Log Time 2018/11/05-06:57:36.239158) [db/memtable_list.cc:377] [usertable] Level-0 commit table #20 started
2018/11/05-06:57:36.380369 7fb7f6ffd700 (Original Log Time 2018/11/05-06:57:36.380293) [db/memtable_list.cc:409] [usertable] Level-0 commit table #14: memtable #1 done
2018/11/05-06:57:36.380371 7fb7f6ffd700 (Original Log Time 2018/11/05-06:57:36.380295) [db/memtable_list.cc:409] [usertable] Level-0 commit table #14: memtable #2 done
2018/11/05-06:57:36.380372 7fb7f6ffd700 (Original Log Time 2018/11/05-06:57:36.380296) [db/memtable_list.cc:409] [usertable] Level-0 commit table #17: memtable #3 done
2018/11/05-06:57:36.380373 7fb7f6ffd700 (Original Log Time 2018/11/05-06:57:36.380296) [db/memtable_list.cc:409] [usertable] Level-0 commit table #17: memtable #4 done
2018/11/05-06:57:36.380375 7fb7f6ffd700 (Original Log Time 2018/11/05-06:57:36.380297) [db/memtable_list.cc:409] [usertable] Level-0 commit table #20: memtable #5 done
2018/11/05-06:57:36.380376 7fb7f6ffd700 (Original Log Time 2018/11/05-06:57:36.380297) [db/memtable_list.cc:409] [usertable] Level-0 commit table #20: memtable #6 done
2018/11/05-06:57:36.380378 7fb7f6ffd700 (Original Log Time 2018/11/05-06:57:36.380311) EVENT_LOG_v1 {"time_micros": 1541429856380306, "job": 3, "event": "flush_finished", "output_compression": "NoCompression", "lsm_state": [4, 0, 0, 0, 0, 0, 0], "immutable_memtables": 18}
2018/11/05-06:57:36.380379 7fb7f6ffd700 (Original Log Time 2018/11/05-06:57:36.380341) [db/db_impl_compaction_flush.cc:177] [usertable] Level summary: base level 1 max bytes base 536870912 files[4 0 0 0 0 0 0] max score 2.00
2018/11/05-06:57:36.380392 7fb7f6ffd700 [db/db_impl_files.cc:347] [JOB 3] Try to delete WAL files size 758744079, prev total WAL file size 3073718219, number of live WAL files 25.
2018/11/05-06:57:36.380615 7fb814ffe700 [WARN] [db/db_impl.cc:491] ------- DUMPING STATS -------
2018/11/05-06:57:36.380656 7fb814ffe700 [WARN] [db/db_impl.cc:492] 
** DB Stats **
Uptime(secs): 13.8 total, 13.8 interval
Cumulative writes: 808K writes, 808K keys, 232K commit groups, 3.5 writes per commit group, ingest: 3.10 GB, 230.10 MB/s
Cumulative WAL: 808K writes, 0 syncs, 808599.00 writes per sync, written: 3.10 GB, 230.10 MB/s
Cumulative stall: 00:00:6.423 H:M:S, 46.5 percent
Interval writes: 808K writes, 808K keys, 232K commit groups, 3.5 writes per commit group, ingest: 3177.45 MB, 230.10 MB/s
