2018/10/25-11:33:20.745627 7ff994fb6700 RocksDB version: 5.14.3
2018/10/25-11:33:20.745699 7ff994fb6700 Git sha rocksdb_build_git_sha:
2018/10/25-11:33:20.745702 7ff994fb6700 Compile date Oct 15 2018
2018/10/25-11:33:20.745706 7ff994fb6700 DB SUMMARY
2018/10/25-11:33:20.745882 7ff994fb6700 CURRENT file:  CURRENT
2018/10/25-11:33:20.745884 7ff994fb6700 IDENTITY file:  IDENTITY
2018/10/25-11:33:20.746070 7ff994fb6700 MANIFEST file:  MANIFEST-004855 size: 59704 Bytes
2018/10/25-11:33:20.746077 7ff994fb6700 SST files in /mnt/sdb1/ycsb-rocksdb-data dir, Total Num: 282, files: 000942.sst 001130.sst 001131.sst 001674.sst 001675.sst 001676.sst 001729.sst 001801.sst 001865.sst 
2018/10/25-11:33:20.746079 7ff994fb6700 Write Ahead Log file in /mnt/sdb1/ycsb-rocksdb-data: 005493.log size: 65705027 ; 
2018/10/25-11:33:20.746084 7ff994fb6700                         Options.error_if_exists: 0
2018/10/25-11:33:20.746086 7ff994fb6700                       Options.create_if_missing: 1
2018/10/25-11:33:20.746087 7ff994fb6700                         Options.paranoid_checks: 1
2018/10/25-11:33:20.746088 7ff994fb6700                                     Options.env: 0x7ff9949933e0
2018/10/25-11:33:20.746089 7ff994fb6700                                Options.info_log: 0x7ff8d43ddbf0
2018/10/25-11:33:20.746090 7ff994fb6700                Options.max_file_opening_threads: 16
2018/10/25-11:33:20.746091 7ff994fb6700                              Options.statistics: (nil)
2018/10/25-11:33:20.746092 7ff994fb6700                               Options.use_fsync: 0
2018/10/25-11:33:20.746093 7ff994fb6700                       Options.max_log_file_size: 0
2018/10/25-11:33:20.746093 7ff994fb6700                  Options.max_manifest_file_size: 18446744073709551615
2018/10/25-11:33:20.746094 7ff994fb6700                   Options.log_file_time_to_roll: 0
2018/10/25-11:33:20.746095 7ff994fb6700                       Options.keep_log_file_num: 1000
2018/10/25-11:33:20.746096 7ff994fb6700                    Options.recycle_log_file_num: 0
2018/10/25-11:33:20.746097 7ff994fb6700                         Options.allow_fallocate: 1
2018/10/25-11:33:20.746098 7ff994fb6700                        Options.allow_mmap_reads: 0
2018/10/25-11:33:20.746099 7ff994fb6700                       Options.allow_mmap_writes: 0
2018/10/25-11:33:20.746100 7ff994fb6700                        Options.use_direct_reads: 0
2018/10/25-11:33:20.746100 7ff994fb6700                        Options.use_direct_io_for_flush_and_compaction: 0
2018/10/25-11:33:20.746102 7ff994fb6700          Options.create_missing_column_families: 1
2018/10/25-11:33:20.746102 7ff994fb6700                              Options.db_log_dir: 
2018/10/25-11:33:20.746103 7ff994fb6700                                 Options.wal_dir: /mnt/sdb1/ycsb-rocksdb-data
2018/10/25-11:33:20.746104 7ff994fb6700                Options.table_cache_numshardbits: 6
2018/10/25-11:33:20.746105 7ff994fb6700                      Options.max_subcompactions: 4
2018/10/25-11:33:20.746106 7ff994fb6700                  Options.max_background_flushes: 24
2018/10/25-11:33:20.746107 7ff994fb6700                         Options.WAL_ttl_seconds: 0
2018/10/25-11:33:20.746108 7ff994fb6700                       Options.WAL_size_limit_MB: 0
2018/10/25-11:33:20.746108 7ff994fb6700             Options.manifest_preallocation_size: 4194304
2018/10/25-11:33:20.746109 7ff994fb6700                     Options.is_fd_close_on_exec: 1
2018/10/25-11:33:20.746110 7ff994fb6700                   Options.advise_random_on_open: 1
2018/10/25-11:33:20.746111 7ff994fb6700                    Options.db_write_buffer_size: 0
2018/10/25-11:33:20.746112 7ff994fb6700                    Options.write_buffer_manager: 0x7ff8d43da890
2018/10/25-11:33:20.746112 7ff994fb6700         Options.access_hint_on_compaction_start: 1
2018/10/25-11:33:20.746113 7ff994fb6700  Options.new_table_reader_for_compaction_inputs: 0
2018/10/25-11:33:20.746114 7ff994fb6700           Options.random_access_max_buffer_size: 1048576
2018/10/25-11:33:20.746115 7ff994fb6700                      Options.use_adaptive_mutex: 0
2018/10/25-11:33:20.746116 7ff994fb6700                            Options.rate_limiter: (nil)
2018/10/25-11:33:20.746132 7ff994fb6700     Options.sst_file_manager.rate_bytes_per_sec: 0
2018/10/25-11:33:20.746134 7ff994fb6700                       Options.wal_recovery_mode: 2
2018/10/25-11:33:20.746134 7ff994fb6700                  Options.enable_thread_tracking: 0
2018/10/25-11:33:20.746135 7ff994fb6700                  Options.enable_pipelined_write: 1
2018/10/25-11:33:20.746136 7ff994fb6700         Options.allow_concurrent_memtable_write: 1
2018/10/25-11:33:20.746137 7ff994fb6700      Options.enable_write_thread_adaptive_yield: 1
2018/10/25-11:33:20.746138 7ff994fb6700             Options.write_thread_max_yield_usec: 100
2018/10/25-11:33:20.746138 7ff994fb6700            Options.write_thread_slow_yield_usec: 3
2018/10/25-11:33:20.746139 7ff994fb6700                               Options.row_cache: None
2018/10/25-11:33:20.746140 7ff994fb6700                              Options.wal_filter: None
2018/10/25-11:33:20.746141 7ff994fb6700             Options.avoid_flush_during_recovery: 0
2018/10/25-11:33:20.746142 7ff994fb6700             Options.allow_ingest_behind: 0
2018/10/25-11:33:20.746143 7ff994fb6700             Options.preserve_deletes: 0
2018/10/25-11:33:20.746144 7ff994fb6700             Options.two_write_queues: 0
2018/10/25-11:33:20.746144 7ff994fb6700             Options.manual_wal_flush: 0
2018/10/25-11:33:20.746146 7ff994fb6700             Options.max_background_jobs: 24
2018/10/25-11:33:20.746147 7ff994fb6700             Options.max_background_compactions: 24
2018/10/25-11:33:20.746148 7ff994fb6700             Options.avoid_flush_during_shutdown: 0
2018/10/25-11:33:20.746149 7ff994fb6700           Options.writable_file_max_buffer_size: 1048576
2018/10/25-11:33:20.746150 7ff994fb6700             Options.delayed_write_rate : 16777216
2018/10/25-11:33:20.746151 7ff994fb6700             Options.max_total_wal_size: 0
2018/10/25-11:33:20.746152 7ff994fb6700             Options.delete_obsolete_files_period_micros: 21600000000
2018/10/25-11:33:20.746153 7ff994fb6700                   Options.stats_dump_period_sec: 60
2018/10/25-11:33:20.746153 7ff994fb6700                          Options.max_open_files: -1
2018/10/25-11:33:20.746154 7ff994fb6700                          Options.bytes_per_sync: 1048576
2018/10/25-11:33:20.746155 7ff994fb6700                      Options.wal_bytes_per_sync: 0
2018/10/25-11:33:20.746156 7ff994fb6700       Options.compaction_readahead_size: 0
2018/10/25-11:33:20.746157 7ff994fb6700 Compression algorithms supported:
2018/10/25-11:33:20.746159 7ff994fb6700 	kZSTDNotFinalCompression supported: 1
2018/10/25-11:33:20.746168 7ff994fb6700 	kZSTD supported: 1
2018/10/25-11:33:20.746169 7ff994fb6700 	kXpressCompression supported: 0
2018/10/25-11:33:20.746170 7ff994fb6700 	kLZ4HCCompression supported: 1
2018/10/25-11:33:20.746171 7ff994fb6700 	kLZ4Compression supported: 1
2018/10/25-11:33:20.746172 7ff994fb6700 	kBZip2Compression supported: 1
2018/10/25-11:33:20.746173 7ff994fb6700 	kZlibCompression supported: 1
2018/10/25-11:33:20.746174 7ff994fb6700 	kSnappyCompression supported: 1
2018/10/25-11:33:20.746178 7ff994fb6700 Fast CRC32 supported: Supported on x86
2018/10/25-11:33:20.746600 7ff994fb6700 [db/version_set.cc:3085] Recovering from manifest file: MANIFEST-004855
2018/10/25-11:33:20.746702 7ff994fb6700 [db/column_family.cc:475] --------------- Options for column family [default]:
2018/10/25-11:33:20.746706 7ff994fb6700               Options.comparator: leveldb.BytewiseComparator
2018/10/25-11:33:20.746708 7ff994fb6700           Options.merge_operator: None
2018/10/25-11:33:20.746708 7ff994fb6700        Options.compaction_filter: None
2018/10/25-11:33:20.746709 7ff994fb6700        Options.compaction_filter_factory: None
2018/10/25-11:33:20.746710 7ff994fb6700         Options.memtable_factory: SkipListFactory
2018/10/25-11:33:20.746711 7ff994fb6700            Options.table_factory: BlockBasedTable
2018/10/25-11:33:20.746739 7ff994fb6700            table_factory options:   flush_block_policy_factory: FlushBlockBySizePolicyFactory (0x7ff8d4386c80)
  cache_index_and_filter_blocks: 0
  cache_index_and_filter_blocks_with_high_priority: 0
  pin_l0_filter_and_index_blocks_in_cache: 0
  index_type: 0
  hash_index_allow_collision: 1
  checksum: 1
  no_block_cache: 0
  block_cache: 0x7ff8d438fea0
  block_cache_name: LRUCache
  block_cache_options:
    capacity : 8388608
    num_shard_bits : 4
    strict_capacity_limit : 0
    high_pri_pool_ratio: 0.000
  block_cache_compressed: (nil)
  persistent_cache: (nil)
  block_size: 8192
  block_size_deviation: 10
  block_restart_interval: 16
  index_block_restart_interval: 1
  metadata_block_size: 4096
  partition_filters: 0
  use_delta_encoding: 1
  filter_policy: nullptr
  whole_key_filtering: 1
  verify_compression: 0
  read_amp_bytes_per_bit: 0
  format_version: 2
  enable_index_compression: 1
  block_align: 0
2018/10/25-11:33:20.746753 7ff994fb6700        Options.write_buffer_size: 134217728
2018/10/25-11:33:20.746754 7ff994fb6700  Options.max_write_buffer_number: 24
2018/10/25-11:33:20.746755 7ff994fb6700        Options.compression[0]: NoCompression
2018/10/25-11:33:20.746756 7ff994fb6700        Options.compression[1]: NoCompression
2018/10/25-11:33:20.746758 7ff994fb6700        Options.compression[2]: LZ4
2018/10/25-11:33:20.746758 7ff994fb6700        Options.compression[3]: LZ4
2018/10/25-11:33:20.746759 7ff994fb6700        Options.compression[4]: LZ4
2018/10/25-11:33:20.746760 7ff994fb6700        Options.compression[5]: LZ4
2018/10/25-11:33:20.746761 7ff994fb6700        Options.compression[6]: LZ4
2018/10/25-11:33:20.746762 7ff994fb6700                  Options.bottommost_compression: Disabled
2018/10/25-11:33:20.746763 7ff994fb6700       Options.prefix_extractor: nullptr
2018/10/25-11:33:20.746764 7ff994fb6700   Options.memtable_insert_with_hint_prefix_extractor: nullptr
2018/10/25-11:33:20.746765 7ff994fb6700             Options.num_levels: 7
2018/10/25-11:33:20.746766 7ff994fb6700        Options.min_write_buffer_number_to_merge: 2
2018/10/25-11:33:20.746766 7ff994fb6700     Options.max_write_buffer_number_to_maintain: 0
2018/10/25-11:33:20.746767 7ff994fb6700            Options.compression_opts.window_bits: -14
2018/10/25-11:33:20.746768 7ff994fb6700                  Options.compression_opts.level: -1
2018/10/25-11:33:20.746769 7ff994fb6700               Options.compression_opts.strategy: 0
2018/10/25-11:33:20.746770 7ff994fb6700         Options.compression_opts.max_dict_bytes: 0
2018/10/25-11:33:20.746771 7ff994fb6700         Options.compression_opts.zstd_max_train_bytes: 0
2018/10/25-11:33:20.746772 7ff994fb6700      Options.level0_file_num_compaction_trigger: 2
2018/10/25-11:33:20.746772 7ff994fb6700          Options.level0_slowdown_writes_trigger: 20
2018/10/25-11:33:20.746773 7ff994fb6700              Options.level0_stop_writes_trigger: 36
2018/10/25-11:33:20.746774 7ff994fb6700                   Options.target_file_size_base: 67108864
2018/10/25-11:33:20.746775 7ff994fb6700             Options.target_file_size_multiplier: 1
2018/10/25-11:33:20.746776 7ff994fb6700                Options.max_bytes_for_level_base: 536870912
2018/10/25-11:33:20.746777 7ff994fb6700 Options.level_compaction_dynamic_level_bytes: 0
2018/10/25-11:33:20.746778 7ff994fb6700          Options.max_bytes_for_level_multiplier: 10.000000
2018/10/25-11:33:20.746780 7ff994fb6700 Options.max_bytes_for_level_multiplier_addtl[0]: 1
2018/10/25-11:33:20.746781 7ff994fb6700 Options.max_bytes_for_level_multiplier_addtl[1]: 1
2018/10/25-11:33:20.746782 7ff994fb6700 Options.max_bytes_for_level_multiplier_addtl[2]: 1
2018/10/25-11:33:20.746783 7ff994fb6700 Options.max_bytes_for_level_multiplier_addtl[3]: 1
2018/10/25-11:33:20.746784 7ff994fb6700 Options.max_bytes_for_level_multiplier_addtl[4]: 1
2018/10/25-11:33:20.746784 7ff994fb6700 Options.max_bytes_for_level_multiplier_addtl[5]: 1
2018/10/25-11:33:20.746785 7ff994fb6700 Options.max_bytes_for_level_multiplier_addtl[6]: 1
2018/10/25-11:33:20.746786 7ff994fb6700       Options.max_sequential_skip_in_iterations: 8
2018/10/25-11:33:20.746787 7ff994fb6700                    Options.max_compaction_bytes: 1677721600
2018/10/25-11:33:20.746794 7ff994fb6700                        Options.arena_block_size: 16777216
2018/10/25-11:33:20.746795 7ff994fb6700   Options.soft_pending_compaction_bytes_limit: 68719476736
2018/10/25-11:33:20.746796 7ff994fb6700   Options.hard_pending_compaction_bytes_limit: 274877906944
2018/10/25-11:33:20.746797 7ff994fb6700       Options.rate_limit_delay_max_milliseconds: 100
2018/10/25-11:33:20.746798 7ff994fb6700                Options.disable_auto_compactions: 0
2018/10/25-11:33:20.746800 7ff994fb6700                        Options.compaction_style: kCompactionStyleLevel
2018/10/25-11:33:20.746802 7ff994fb6700                          Options.compaction_pri: kByCompensatedSize
2018/10/25-11:33:20.746802 7ff994fb6700 Options.compaction_options_universal.size_ratio: 1
2018/10/25-11:33:20.746803 7ff994fb6700 Options.compaction_options_universal.min_merge_width: 2
2018/10/25-11:33:20.746804 7ff994fb6700 Options.compaction_options_universal.max_merge_width: 4294967295
2018/10/25-11:33:20.746805 7ff994fb6700 Options.compaction_options_universal.max_size_amplification_percent: 200
2018/10/25-11:33:20.746806 7ff994fb6700 Options.compaction_options_universal.compression_size_percent: -1
2018/10/25-11:33:20.746808 7ff994fb6700 Options.compaction_options_universal.stop_style: kCompactionStopStyleTotalSize
2018/10/25-11:33:20.746809 7ff994fb6700 Options.compaction_options_fifo.max_table_files_size: 1073741824
2018/10/25-11:33:20.746809 7ff994fb6700 Options.compaction_options_fifo.allow_compaction: 0
2018/10/25-11:33:20.746810 7ff994fb6700 Options.compaction_options_fifo.ttl: 0
2018/10/25-11:33:20.746811 7ff994fb6700                   Options.table_properties_collectors: 
2018/10/25-11:33:20.746812 7ff994fb6700                   Options.inplace_update_support: 0
2018/10/25-11:33:20.746813 7ff994fb6700                 Options.inplace_update_num_locks: 10000
2018/10/25-11:33:20.746814 7ff994fb6700               Options.memtable_prefix_bloom_size_ratio: 0.000000
2018/10/25-11:33:20.746816 7ff994fb6700   Options.memtable_huge_page_size: 0
2018/10/25-11:33:20.746816 7ff994fb6700                           Options.bloom_locality: 0
2018/10/25-11:33:20.746817 7ff994fb6700                    Options.max_successive_merges: 0
2018/10/25-11:33:20.746818 7ff994fb6700                Options.optimize_filters_for_hits: 0
2018/10/25-11:33:20.746819 7ff994fb6700                Options.paranoid_file_checks: 0
2018/10/25-11:33:20.746820 7ff994fb6700                Options.force_consistency_checks: 0
2018/10/25-11:33:20.746821 7ff994fb6700                Options.report_bg_io_stats: 0
2018/10/25-11:33:20.746821 7ff994fb6700                               Options.ttl: 0
2018/10/25-11:33:20.747428 7ff994fb6700 [db/column_family.cc:475] --------------- Options for column family [usertable]:
2018/10/25-11:33:20.747432 7ff994fb6700               Options.comparator: leveldb.BytewiseComparator
2018/10/25-11:33:20.747434 7ff994fb6700           Options.merge_operator: None
2018/10/25-11:33:20.747435 7ff994fb6700        Options.compaction_filter: None
2018/10/25-11:33:20.747435 7ff994fb6700        Options.compaction_filter_factory: None
2018/10/25-11:33:20.747436 7ff994fb6700         Options.memtable_factory: SkipListFactory
2018/10/25-11:33:20.747437 7ff994fb6700            Options.table_factory: BlockBasedTable
2018/10/25-11:33:20.747462 7ff994fb6700            table_factory options:   flush_block_policy_factory: FlushBlockBySizePolicyFactory (0x7ff8d4386c60)
  cache_index_and_filter_blocks: 0
  cache_index_and_filter_blocks_with_high_priority: 0
  pin_l0_filter_and_index_blocks_in_cache: 0
  index_type: 0
  hash_index_allow_collision: 1
  checksum: 1
  no_block_cache: 0
  block_cache: 0x7ff8d4390670
  block_cache_name: LRUCache
  block_cache_options:
    capacity : 8388608
    num_shard_bits : 4
    strict_capacity_limit : 0
    high_pri_pool_ratio: 0.000
  block_cache_compressed: (nil)
  persistent_cache: (nil)
  block_size: 8192
  block_size_deviation: 10
  block_restart_interval: 16
  index_block_restart_interval: 1
  metadata_block_size: 4096
  partition_filters: 0
  use_delta_encoding: 1
  filter_policy: nullptr
  whole_key_filtering: 1
  verify_compression: 0
  read_amp_bytes_per_bit: 0
  format_version: 2
  enable_index_compression: 1
  block_align: 0
2018/10/25-11:33:20.747477 7ff994fb6700        Options.write_buffer_size: 134217728
2018/10/25-11:33:20.747478 7ff994fb6700  Options.max_write_buffer_number: 24
2018/10/25-11:33:20.747479 7ff994fb6700        Options.compression[0]: NoCompression
2018/10/25-11:33:20.747480 7ff994fb6700        Options.compression[1]: NoCompression
2018/10/25-11:33:20.747481 7ff994fb6700        Options.compression[2]: LZ4
2018/10/25-11:33:20.747482 7ff994fb6700        Options.compression[3]: LZ4
2018/10/25-11:33:20.747483 7ff994fb6700        Options.compression[4]: LZ4
2018/10/25-11:33:20.747484 7ff994fb6700        Options.compression[5]: LZ4
2018/10/25-11:33:20.747485 7ff994fb6700        Options.compression[6]: LZ4
2018/10/25-11:33:20.747486 7ff994fb6700                  Options.bottommost_compression: Disabled
2018/10/25-11:33:20.747487 7ff994fb6700       Options.prefix_extractor: nullptr
2018/10/25-11:33:20.747488 7ff994fb6700   Options.memtable_insert_with_hint_prefix_extractor: nullptr
2018/10/25-11:33:20.747488 7ff994fb6700             Options.num_levels: 7
2018/10/25-11:33:20.747489 7ff994fb6700        Options.min_write_buffer_number_to_merge: 2
2018/10/25-11:33:20.747490 7ff994fb6700     Options.max_write_buffer_number_to_maintain: 0
2018/10/25-11:33:20.747491 7ff994fb6700            Options.compression_opts.window_bits: -14
2018/10/25-11:33:20.747492 7ff994fb6700                  Options.compression_opts.level: -1
2018/10/25-11:33:20.747493 7ff994fb6700               Options.compression_opts.strategy: 0
2018/10/25-11:33:20.747494 7ff994fb6700         Options.compression_opts.max_dict_bytes: 0
2018/10/25-11:33:20.747495 7ff994fb6700         Options.compression_opts.zstd_max_train_bytes: 0
2018/10/25-11:33:20.747495 7ff994fb6700      Options.level0_file_num_compaction_trigger: 2
2018/10/25-11:33:20.747496 7ff994fb6700          Options.level0_slowdown_writes_trigger: 20
2018/10/25-11:33:20.747497 7ff994fb6700              Options.level0_stop_writes_trigger: 36
2018/10/25-11:33:20.747498 7ff994fb6700                   Options.target_file_size_base: 67108864
2018/10/25-11:33:20.747499 7ff994fb6700             Options.target_file_size_multiplier: 1
2018/10/25-11:33:20.747500 7ff994fb6700                Options.max_bytes_for_level_base: 536870912
2018/10/25-11:33:20.747500 7ff994fb6700 Options.level_compaction_dynamic_level_bytes: 0
2018/10/25-11:33:20.747501 7ff994fb6700          Options.max_bytes_for_level_multiplier: 10.000000
2018/10/25-11:33:20.747504 7ff994fb6700 Options.max_bytes_for_level_multiplier_addtl[0]: 1
2018/10/25-11:33:20.747505 7ff994fb6700 Options.max_bytes_for_level_multiplier_addtl[1]: 1
2018/10/25-11:33:20.747506 7ff994fb6700 Options.max_bytes_for_level_multiplier_addtl[2]: 1
2018/10/25-11:33:20.747506 7ff994fb6700 Options.max_bytes_for_level_multiplier_addtl[3]: 1
2018/10/25-11:33:20.747507 7ff994fb6700 Options.max_bytes_for_level_multiplier_addtl[4]: 1
2018/10/25-11:33:20.747508 7ff994fb6700 Options.max_bytes_for_level_multiplier_addtl[5]: 1
2018/10/25-11:33:20.747509 7ff994fb6700 Options.max_bytes_for_level_multiplier_addtl[6]: 1
2018/10/25-11:33:20.747510 7ff994fb6700       Options.max_sequential_skip_in_iterations: 8
2018/10/25-11:33:20.747511 7ff994fb6700                    Options.max_compaction_bytes: 1677721600
2018/10/25-11:33:20.747511 7ff994fb6700                        Options.arena_block_size: 16777216
2018/10/25-11:33:20.747512 7ff994fb6700   Options.soft_pending_compaction_bytes_limit: 68719476736
2018/10/25-11:33:20.747513 7ff994fb6700   Options.hard_pending_compaction_bytes_limit: 274877906944
2018/10/25-11:33:20.747514 7ff994fb6700       Options.rate_limit_delay_max_milliseconds: 100
2018/10/25-11:33:20.747515 7ff994fb6700                Options.disable_auto_compactions: 0
2018/10/25-11:33:20.747516 7ff994fb6700                        Options.compaction_style: kCompactionStyleLevel
2018/10/25-11:33:20.747524 7ff994fb6700                          Options.compaction_pri: kByCompensatedSize
2018/10/25-11:33:20.747526 7ff994fb6700 Options.compaction_options_universal.size_ratio: 1
2018/10/25-11:33:20.747526 7ff994fb6700 Options.compaction_options_universal.min_merge_width: 2
2018/10/25-11:33:20.747527 7ff994fb6700 Options.compaction_options_universal.max_merge_width: 4294967295
2018/10/25-11:33:20.747528 7ff994fb6700 Options.compaction_options_universal.max_size_amplification_percent: 200
2018/10/25-11:33:20.747529 7ff994fb6700 Options.compaction_options_universal.compression_size_percent: -1
2018/10/25-11:33:20.747530 7ff994fb6700 Options.compaction_options_universal.stop_style: kCompactionStopStyleTotalSize
2018/10/25-11:33:20.747531 7ff994fb6700 Options.compaction_options_fifo.max_table_files_size: 1073741824
2018/10/25-11:33:20.747532 7ff994fb6700 Options.compaction_options_fifo.allow_compaction: 0
2018/10/25-11:33:20.747533 7ff994fb6700 Options.compaction_options_fifo.ttl: 0
2018/10/25-11:33:20.747534 7ff994fb6700                   Options.table_properties_collectors: 
2018/10/25-11:33:20.747535 7ff994fb6700                   Options.inplace_update_support: 0
2018/10/25-11:33:20.747535 7ff994fb6700                 Options.inplace_update_num_locks: 10000
2018/10/25-11:33:20.747536 7ff994fb6700               Options.memtable_prefix_bloom_size_ratio: 0.000000
2018/10/25-11:33:20.747538 7ff994fb6700   Options.memtable_huge_page_size: 0
2018/10/25-11:33:20.747539 7ff994fb6700                           Options.bloom_locality: 0
2018/10/25-11:33:20.747540 7ff994fb6700                    Options.max_successive_merges: 0
2018/10/25-11:33:20.747540 7ff994fb6700                Options.optimize_filters_for_hits: 0
2018/10/25-11:33:20.747541 7ff994fb6700                Options.paranoid_file_checks: 0
2018/10/25-11:33:20.747542 7ff994fb6700                Options.force_consistency_checks: 0
2018/10/25-11:33:20.747543 7ff994fb6700                Options.report_bg_io_stats: 0
2018/10/25-11:33:20.747544 7ff994fb6700                               Options.ttl: 0
2018/10/25-11:33:20.998800 7ff994fb6700 [db/version_set.cc:3361] Recovered from manifest file:/mnt/sdb1/ycsb-rocksdb-data/MANIFEST-004855 succeeded,manifest_file_number is 4855, next_file_number is 5496, last_sequence is 13038714, log_number is 0,prev_log_number is 0,max_column_family is 1,min_log_number_to_keep is 0
2018/10/25-11:33:20.998808 7ff994fb6700 [db/version_set.cc:3369] Column family [default] (ID 0), log number is 4808
2018/10/25-11:33:20.998810 7ff994fb6700 [db/version_set.cc:3369] Column family [usertable] (ID 1), log number is 5493
2018/10/25-11:33:20.999776 7ff994fb6700 EVENT_LOG_v1 {"time_micros": 1540492400999758, "job": 1, "event": "recovery_started", "log_files": [5493]}
2018/10/25-11:33:20.999783 7ff994fb6700 [db/db_impl_open.cc:551] Recovering log #5493 mode 2
2018/10/25-11:33:21.204449 7ff994fb6700 [db/version_set.cc:2847] Creating manifest 5496
2018/10/25-11:33:21.480354 7ff994fb6700 EVENT_LOG_v1 {"time_micros": 1540492401480334, "cf_name": "usertable", "job": 1, "event": "table_file_creation", "file_number": 5497, "file_size": 48000768, "table_properties": {"data_size": 47797458, "index_size": 202389, "filter_size": 0, "raw_key_size": 278160, "raw_average_key_size": 24, "raw_value_size": 47472640, "raw_average_value_size": 4096, "num_data_blocks": 5795, "num_entries": 11590, "filter_policy_name": "", "kDeletedKeys": "0", "kMergeOperands": "0"}}
2018/10/25-11:33:21.514920 7ff994fb6700 EVENT_LOG_v1 {"time_micros": 1540492401514916, "job": 1, "event": "recovery_finished"}
2018/10/25-11:33:21.568403 7ff994fb6700 [db/db_impl_open.cc:1219] DB pointer 0x7ff8d43dcc80
2018/10/25-11:33:21.568687 7ff96f7fe700 [WARN] [db/db_impl.cc:491] ------- DUMPING STATS -------
2018/10/25-11:33:21.568731 7ff96f7fe700 [WARN] [db/db_impl.cc:492] 
** DB Stats **
Uptime(secs): 0.8 total, 0.8 interval
Cumulative writes: 0 writes, 0 keys, 0 commit groups, 0.0 writes per commit group, ingest: 0.00 GB, 0.00 MB/s
Cumulative WAL: 0 writes, 0 syncs, 0.00 writes per sync, written: 0.00 GB, 0.00 MB/s
Cumulative stall: 00:00:0.000 H:M:S, 0.0 percent
Interval writes: 0 writes, 0 keys, 0 commit groups, 0.0 writes per commit group, ingest: 0.00 MB, 0.00 MB/s
Interval WAL: 0 writes, 0 syncs, 0.00 writes per sync, written: 0.00 MB, 0.00 MB/s
Interval stall: 00:00:0.000 H:M:S, 0.0 percent

** Compaction Stats [default] **
Level    Files   Size     Score Read(GB)  Rn(GB) Rnp1(GB) Write(GB) Wnew(GB) Moved(GB) W-Amp Rd(MB/s) Wr(MB/s) Comp(sec) Comp(cnt) Avg(sec) KeyIn KeyDrop
----------------------------------------------------------------------------------------------------------------------------------------------------------
 Sum      0/0    0.00 KB   0.0      0.0     0.0      0.0       0.0      0.0       0.0   0.0      0.0      0.0         0         0    0.000       0      0
 Int      0/0    0.00 KB   0.0      0.0     0.0      0.0       0.0      0.0       0.0   0.0      0.0      0.0         0         0    0.000       0      0
Uptime(secs): 0.8 total, 0.8 interval
Flush(GB): cumulative 0.000, interval 0.000
AddFile(GB): cumulative 0.000, interval 0.000
AddFile(Total Files): cumulative 0, interval 0
AddFile(L0 Files): cumulative 0, interval 0
AddFile(Keys): cumulative 0, interval 0
Cumulative compaction: 0.00 GB write, 0.00 MB/s write, 0.00 GB read, 0.00 MB/s read, 0.0 seconds
Interval compaction: 0.00 GB write, 0.00 MB/s write, 0.00 GB read, 0.00 MB/s read, 0.0 seconds
Stalls(count): 0 level0_slowdown, 0 level0_slowdown_with_compaction, 0 level0_numfiles, 0 level0_numfiles_with_compaction, 0 stop for pending_compaction_bytes, 0 slowdown for pending_compaction_bytes, 0 memtable_compaction, 0 memtable_slowdown, interval 0 total count

** File Read Latency Histogram By Level [default] **

** Compaction Stats [usertable] **
Level    Files   Size     Score Read(GB)  Rn(GB) Rnp1(GB) Write(GB) Wnew(GB) Moved(GB) W-Amp Rd(MB/s) Wr(MB/s) Comp(sec) Comp(cnt) Avg(sec) KeyIn KeyDrop
----------------------------------------------------------------------------------------------------------------------------------------------------------
  L0      2/0   200.55 MB   1.0      0.0     0.0      0.0       0.0      0.0       0.0   1.0      0.0    211.7         0         1    0.216       0      0
  L1     11/0   485.85 MB   0.9      0.0     0.0      0.0       0.0      0.0       0.0   0.0      0.0      0.0         0         0    0.000       0      0
  L2     83/0    4.99 GB   1.0      0.0     0.0      0.0       0.0      0.0       0.0   0.0      0.0      0.0         0         0    0.000       0      0
  L3    187/0    9.62 GB   0.2      0.0     0.0      0.0       0.0      0.0       0.0   0.0      0.0      0.0         0         0    0.000       0      0
 Sum    283/0   15.27 GB   0.0      0.0     0.0      0.0       0.0      0.0       0.0   1.0      0.0    211.7         0         1    0.216       0      0
 Int      0/0    0.00 KB   0.0      0.0     0.0      0.0       0.0      0.0       0.0   1.0      0.0    211.7         0         1    0.216       0      0
Uptime(secs): 0.8 total, 0.8 interval
Flush(GB): cumulative 0.045, interval 0.045
AddFile(GB): cumulative 0.000, interval 0.000
AddFile(Total Files): cumulative 0, interval 0
AddFile(L0 Files): cumulative 0, interval 0
AddFile(Keys): cumulative 0, interval 0
Cumulative compaction: 0.04 GB write, 55.75 MB/s write, 0.00 GB read, 0.00 MB/s read, 0.2 seconds
Interval compaction: 0.04 GB write, 55.75 MB/s write, 0.00 GB read, 0.00 MB/s read, 0.2 seconds
Stalls(count): 0 level0_slowdown, 0 level0_slowdown_with_compaction, 0 level0_numfiles, 0 level0_numfiles_with_compaction, 0 stop for pending_compaction_bytes, 0 slowdown for pending_compaction_bytes, 0 memtable_compaction, 0 memtable_slowdown, interval 0 total count

** File Read Latency Histogram By Level [usertable] **

** Compaction Stats [default] **
Level    Files   Size     Score Read(GB)  Rn(GB) Rnp1(GB) Write(GB) Wnew(GB) Moved(GB) W-Amp Rd(MB/s) Wr(MB/s) Comp(sec) Comp(cnt) Avg(sec) KeyIn KeyDrop
----------------------------------------------------------------------------------------------------------------------------------------------------------
 Sum      0/0    0.00 KB   0.0      0.0     0.0      0.0       0.0      0.0       0.0   0.0      0.0      0.0         0         0    0.000       0      0
 Int      0/0    0.00 KB   0.0      0.0     0.0      0.0       0.0      0.0       0.0   0.0      0.0      0.0         0         0    0.000       0      0
Uptime(secs): 0.8 total, 0.0 interval
Flush(GB): cumulative 0.000, interval 0.000
AddFile(GB): cumulative 0.000, interval 0.000
AddFile(Total Files): cumulative 0, interval 0
AddFile(L0 Files): cumulative 0, interval 0
AddFile(Keys): cumulative 0, interval 0
Cumulative compaction: 0.00 GB write, 0.00 MB/s write, 0.00 GB read, 0.00 MB/s read, 0.0 seconds
Interval compaction: 0.00 GB write, 0.00 MB/s write, 0.00 GB read, 0.00 MB/s read, 0.0 seconds
Stalls(count): 0 level0_slowdown, 0 level0_slowdown_with_compaction, 0 level0_numfiles, 0 level0_numfiles_with_compaction, 0 stop for pending_compaction_bytes, 0 slowdown for pending_compaction_bytes, 0 memtable_compaction, 0 memtable_slowdown, interval 0 total count

** File Read Latency Histogram By Level [default] **

** Compaction Stats [usertable] **
Level    Files   Size     Score Read(GB)  Rn(GB) Rnp1(GB) Write(GB) Wnew(GB) Moved(GB) W-Amp Rd(MB/s) Wr(MB/s) Comp(sec) Comp(cnt) Avg(sec) KeyIn KeyDrop
----------------------------------------------------------------------------------------------------------------------------------------------------------
  L0      2/0   200.55 MB   1.0      0.0     0.0      0.0       0.0      0.0       0.0   1.0      0.0    211.7         0         1    0.216       0      0
  L1     11/0   485.85 MB   0.9      0.0     0.0      0.0       0.0      0.0       0.0   0.0      0.0      0.0         0         0    0.000       0      0
  L2     83/0    4.99 GB   1.0      0.0     0.0      0.0       0.0      0.0       0.0   0.0      0.0      0.0         0         0    0.000       0      0
  L3    187/0    9.62 GB   0.2      0.0     0.0      0.0       0.0      0.0       0.0   0.0      0.0      0.0         0         0    0.000       0      0
 Sum    283/0   15.27 GB   0.0      0.0     0.0      0.0       0.0      0.0       0.0   1.0      0.0    211.7         0         1    0.216       0      0
 Int      0/0    0.00 KB   0.0      0.0     0.0      0.0       0.0      0.0       0.0   0.0      0.0      0.0         0         0    0.000       0      0
Uptime(secs): 0.8 total, 0.0 interval
Flush(GB): cumulative 0.045, interval 0.000
AddFile(GB): cumulative 0.000, interval 0.000
AddFile(Total Files): cumulative 0, interval 0
AddFile(L0 Files): cumulative 0, interval 0
AddFile(Keys): cumulative 0, interval 0
Cumulative compaction: 0.04 GB write, 55.74 MB/s write, 0.00 GB read, 0.00 MB/s read, 0.2 seconds
Interval compaction: 0.00 GB write, 0.00 MB/s write, 0.00 GB read, 0.00 MB/s read, 0.0 seconds
Stalls(count): 0 level0_slowdown, 0 level0_slowdown_with_compaction, 0 level0_numfiles, 0 level0_numfiles_with_compaction, 0 stop for pending_compaction_bytes, 0 slowdown for pending_compaction_bytes, 0 memtable_compaction, 0 memtable_slowdown, interval 0 total count

** File Read Latency Histogram By Level [usertable] **
2018/10/25-11:33:21.569034 7ff96f7fe700 [db/compaction_job.cc:1531] [usertable] [JOB 3] Compacting 2@0 + 11@1 files to L1, score 1.00
2018/10/25-11:33:21.569044 7ff96f7fe700 [db/compaction_job.cc:1535] [usertable] Compaction start summary: Base version 5 Base level 0, inputs: [5497(45MB) 5494(154MB)], [5447(64MB) 5452(64MB) 5455(42MB) 5453(64MB) 5456(25MB) 5457(672KB) 5444(64MB) 5448(64MB) 5454(19MB) 5446(64MB) 5450(12MB)]
2018/10/25-11:33:21.569065 7ff96f7fe700 EVENT_LOG_v1 {"time_micros": 1540492401569050, "job": 3, "event": "compaction_started", "compaction_reason": "LevelL0FilesNum", "files_L0": [5497, 5494], "files_L1": [5447, 5452, 5455, 5453, 5456, 5457, 5444, 5448, 5454, 5446, 5450], "score": 1, "input_data_size": 719746991}
2018/10/25-11:33:22.002625 7ff8027fc700 [db/compaction_job.cc:1211] [usertable] [JOB 3] Generated table #5503: 3634 keys, 15050879 bytes
2018/10/25-11:33:22.002705 7ff8027fc700 EVENT_LOG_v1 {"time_micros": 1540492402002674, "cf_name": "usertable", "job": 3, "event": "table_file_creation", "file_number": 5503, "file_size": 15050879, "table_properties": {"data_size": 14983863, "index_size": 66095, "filter_size": 0, "raw_key_size": 87216, "raw_average_key_size": 24, "raw_value_size": 14884864, "raw_average_value_size": 4096, "num_data_blocks": 1817, "num_entries": 3634, "filter_policy_name": "", "kDeletedKeys": "0", "kMergeOperands": "0"}}
2018/10/25-11:33:23.557352 7ff8017fa700 [db/compaction_job.cc:1211] [usertable] [JOB 3] Generated table #5502: 16277 keys, 67411867 bytes
2018/10/25-11:33:23.557397 7ff8017fa700 EVENT_LOG_v1 {"time_micros": 1540492403557378, "cf_name": "usertable", "job": 3, "event": "table_file_creation", "file_number": 5502, "file_size": 67411867, "table_properties": {"data_size": 67117241, "index_size": 293705, "filter_size": 0, "raw_key_size": 390648, "raw_average_key_size": 24, "raw_value_size": 66670592, "raw_average_value_size": 4096, "num_data_blocks": 8139, "num_entries": 16277, "filter_policy_name": "", "kDeletedKeys": "0", "kMergeOperands": "0"}}
2018/10/25-11:33:23.798994 7ff96f7fe700 [db/compaction_job.cc:1211] [usertable] [JOB 3] Generated table #5501: 16277 keys, 67411908 bytes
2018/10/25-11:33:23.799043 7ff96f7fe700 EVENT_LOG_v1 {"time_micros": 1540492403799023, "cf_name": "usertable", "job": 3, "event": "table_file_creation", "file_number": 5501, "file_size": 67411908, "table_properties": {"data_size": 67117205, "index_size": 293782, "filter_size": 0, "raw_key_size": 390648, "raw_average_key_size": 24, "raw_value_size": 66670592, "raw_average_value_size": 4096, "num_data_blocks": 8139, "num_entries": 16277, "filter_policy_name": "", "kDeletedKeys": "0", "kMergeOperands": "0"}}
2018/10/25-11:33:23.982304 7ff801ffb700 [db/compaction_job.cc:1211] [usertable] [JOB 3] Generated table #5504: 16277 keys, 67411880 bytes
2018/10/25-11:33:23.982345 7ff801ffb700 EVENT_LOG_v1 {"time_micros": 1540492403982328, "cf_name": "usertable", "job": 3, "event": "table_file_creation", "file_number": 5504, "file_size": 67411880, "table_properties": {"data_size": 67114685, "index_size": 296274, "filter_size": 0, "raw_key_size": 390648, "raw_average_key_size": 24, "raw_value_size": 66670592, "raw_average_value_size": 4096, "num_data_blocks": 8139, "num_entries": 16277, "filter_policy_name": "", "kDeletedKeys": "0", "kMergeOperands": "0"}}
2018/10/25-11:33:25.435804 7ff8017fa700 [db/compaction_job.cc:1211] [usertable] [JOB 3] Generated table #5505: 16277 keys, 67411829 bytes
2018/10/25-11:33:25.435845 7ff8017fa700 EVENT_LOG_v1 {"time_micros": 1540492405435828, "cf_name": "usertable", "job": 3, "event": "table_file_creation", "file_number": 5505, "file_size": 67411829, "table_properties": {"data_size": 67118296, "index_size": 292612, "filter_size": 0, "raw_key_size": 390648, "raw_average_key_size": 24, "raw_value_size": 66670592, "raw_average_value_size": 4096, "num_data_blocks": 8139, "num_entries": 16277, "filter_policy_name": "", "kDeletedKeys": "0", "kMergeOperands": "0"}}
2018/10/25-11:33:25.788751 7ff96f7fe700 [db/compaction_job.cc:1211] [usertable] [JOB 3] Generated table #5506: 16277 keys, 67411641 bytes
2018/10/25-11:33:25.788784 7ff96f7fe700 EVENT_LOG_v1 {"time_micros": 1540492405788769, "cf_name": "usertable", "job": 3, "event": "table_file_creation", "file_number": 5506, "file_size": 67411641, "table_properties": {"data_size": 67115143, "index_size": 295577, "filter_size": 0, "raw_key_size": 390648, "raw_average_key_size": 24, "raw_value_size": 66670592, "raw_average_value_size": 4096, "num_data_blocks": 8139, "num_entries": 16277, "filter_policy_name": "", "kDeletedKeys": "0", "kMergeOperands": "0"}}
2018/10/25-11:33:25.806847 7ff801ffb700 [db/compaction_job.cc:1211] [usertable] [JOB 3] Generated table #5507: 16277 keys, 67411913 bytes
2018/10/25-11:33:25.806881 7ff801ffb700 EVENT_LOG_v1 {"time_micros": 1540492405806866, "cf_name": "usertable", "job": 3, "event": "table_file_creation", "file_number": 5507, "file_size": 67411913, "table_properties": {"data_size": 67117778, "index_size": 293214, "filter_size": 0, "raw_key_size": 390648, "raw_average_key_size": 24, "raw_value_size": 66670592, "raw_average_value_size": 4096, "num_data_blocks": 8139, "num_entries": 16277, "filter_policy_name": "", "kDeletedKeys": "0", "kMergeOperands": "0"}}
2018/10/25-11:33:26.653400 7ff8017fa700 [db/compaction_job.cc:1211] [usertable] [JOB 3] Generated table #5508: 14389 keys, 59592785 bytes
2018/10/25-11:33:26.653449 7ff8017fa700 EVENT_LOG_v1 {"time_micros": 1540492406653424, "cf_name": "usertable", "job": 3, "event": "table_file_creation", "file_number": 5508, "file_size": 59592785, "table_properties": {"data_size": 59332465, "index_size": 259399, "filter_size": 0, "raw_key_size": 345336, "raw_average_key_size": 24, "raw_value_size": 58937344, "raw_average_value_size": 4096, "num_data_blocks": 7195, "num_entries": 14389, "filter_policy_name": "", "kDeletedKeys": "0", "kMergeOperands": "0"}}
2018/10/25-11:33:27.315605 7ff801ffb700 [db/compaction_job.cc:1211] [usertable] [JOB 3] Generated table #5510: 16277 keys, 67411874 bytes
2018/10/25-11:33:27.315636 7ff801ffb700 EVENT_LOG_v1 {"time_micros": 1540492407315623, "cf_name": "usertable", "job": 3, "event": "table_file_creation", "file_number": 5510, "file_size": 67411874, "table_properties": {"data_size": 67118018, "index_size": 292935, "filter_size": 0, "raw_key_size": 390648, "raw_average_key_size": 24, "raw_value_size": 66670592, "raw_average_value_size": 4096, "num_data_blocks": 8139, "num_entries": 16277, "filter_policy_name": "", "kDeletedKeys": "0", "kMergeOperands": "0"}}
2018/10/25-11:33:27.421370 7ff8017fa700 [db/compaction_job.cc:1211] [usertable] [JOB 3] Generated table #5511: 5159 keys, 21366649 bytes
2018/10/25-11:33:27.421415 7ff8017fa700 EVENT_LOG_v1 {"time_micros": 1540492407421399, "cf_name": "usertable", "job": 3, "event": "table_file_creation", "file_number": 5511, "file_size": 21366649, "table_properties": {"data_size": 21271848, "index_size": 93880, "filter_size": 0, "raw_key_size": 123816, "raw_average_key_size": 24, "raw_value_size": 21131264, "raw_average_value_size": 4096, "num_data_blocks": 2580, "num_entries": 5159, "filter_policy_name": "", "kDeletedKeys": "0", "kMergeOperands": "0"}}
2018/10/25-11:33:27.553862 7ff801ffb700 [db/compaction_job.cc:1211] [usertable] [JOB 3] Generated table #5512: 895 keys, 3707326 bytes
2018/10/25-11:33:27.553907 7ff801ffb700 EVENT_LOG_v1 {"time_micros": 1540492407553880, "cf_name": "usertable", "job": 3, "event": "table_file_creation", "file_number": 5512, "file_size": 3707326, "table_properties": {"data_size": 3690569, "index_size": 15837, "filter_size": 0, "raw_key_size": 21480, "raw_average_key_size": 24, "raw_value_size": 3665920, "raw_average_value_size": 4096, "num_data_blocks": 448, "num_entries": 895, "filter_policy_name": "", "kDeletedKeys": "0", "kMergeOperands": "0"}}
2018/10/25-11:33:27.674881 7ff96f7fe700 [db/compaction_job.cc:1211] [usertable] [JOB 3] Generated table #5509: 16277 keys, 67411836 bytes
