2018/10/31-17:13:38.362400 7fbdba9ff700 RocksDB version: 5.14.3
2018/10/31-17:13:38.362477 7fbdba9ff700 Git sha rocksdb_build_git_sha:
2018/10/31-17:13:38.362480 7fbdba9ff700 Compile date Oct 15 2018
2018/10/31-17:13:38.362484 7fbdba9ff700 DB SUMMARY
2018/10/31-17:13:38.362672 7fbdba9ff700 CURRENT file:  CURRENT
2018/10/31-17:13:38.362674 7fbdba9ff700 IDENTITY file:  IDENTITY
2018/10/31-17:13:38.363029 7fbdba9ff700 MANIFEST file:  MANIFEST-002883 size: 57915 Bytes
2018/10/31-17:13:38.363036 7fbdba9ff700 SST files in /mnt/sdb1/ycsb-rocksdb-data dir, Total Num: 259, files: 000319.sst 000463.sst 000525.sst 000591.sst 000756.sst 000757.sst 000822.sst 000823.sst 000890.sst 
2018/10/31-17:13:38.363038 7fbdba9ff700 Write Ahead Log file in /mnt/sdb1/ycsb-rocksdb-data: 003459.log size: 129753321 ; 003519.log size: 76946016 ; 
2018/10/31-17:13:38.363044 7fbdba9ff700                         Options.error_if_exists: 0
2018/10/31-17:13:38.363045 7fbdba9ff700                       Options.create_if_missing: 1
2018/10/31-17:13:38.363046 7fbdba9ff700                         Options.paranoid_checks: 1
2018/10/31-17:13:38.363047 7fbdba9ff700                                     Options.env: 0x7fbdba3dc3e0
2018/10/31-17:13:38.363048 7fbdba9ff700                                Options.info_log: 0x7fbd383c1d00
2018/10/31-17:13:38.363049 7fbdba9ff700                Options.max_file_opening_threads: 16
2018/10/31-17:13:38.363050 7fbdba9ff700                              Options.statistics: (nil)
2018/10/31-17:13:38.363051 7fbdba9ff700                               Options.use_fsync: 0
2018/10/31-17:13:38.363052 7fbdba9ff700                       Options.max_log_file_size: 0
2018/10/31-17:13:38.363053 7fbdba9ff700                  Options.max_manifest_file_size: 18446744073709551615
2018/10/31-17:13:38.363054 7fbdba9ff700                   Options.log_file_time_to_roll: 0
2018/10/31-17:13:38.363054 7fbdba9ff700                       Options.keep_log_file_num: 1000
2018/10/31-17:13:38.363055 7fbdba9ff700                    Options.recycle_log_file_num: 0
2018/10/31-17:13:38.363056 7fbdba9ff700                         Options.allow_fallocate: 1
2018/10/31-17:13:38.363057 7fbdba9ff700                        Options.allow_mmap_reads: 0
2018/10/31-17:13:38.363058 7fbdba9ff700                       Options.allow_mmap_writes: 0
2018/10/31-17:13:38.363059 7fbdba9ff700                        Options.use_direct_reads: 0
2018/10/31-17:13:38.363059 7fbdba9ff700                        Options.use_direct_io_for_flush_and_compaction: 0
2018/10/31-17:13:38.363060 7fbdba9ff700          Options.create_missing_column_families: 1
2018/10/31-17:13:38.363061 7fbdba9ff700                              Options.db_log_dir: 
2018/10/31-17:13:38.363062 7fbdba9ff700                                 Options.wal_dir: /mnt/sdb1/ycsb-rocksdb-data
2018/10/31-17:13:38.363063 7fbdba9ff700                Options.table_cache_numshardbits: 6
2018/10/31-17:13:38.363064 7fbdba9ff700                      Options.max_subcompactions: 4
2018/10/31-17:13:38.363065 7fbdba9ff700                  Options.max_background_flushes: 24
2018/10/31-17:13:38.363066 7fbdba9ff700                         Options.WAL_ttl_seconds: 0
2018/10/31-17:13:38.363066 7fbdba9ff700                       Options.WAL_size_limit_MB: 0
2018/10/31-17:13:38.363067 7fbdba9ff700             Options.manifest_preallocation_size: 4194304
2018/10/31-17:13:38.363068 7fbdba9ff700                     Options.is_fd_close_on_exec: 1
2018/10/31-17:13:38.363069 7fbdba9ff700                   Options.advise_random_on_open: 1
2018/10/31-17:13:38.363070 7fbdba9ff700                    Options.db_write_buffer_size: 0
2018/10/31-17:13:38.363070 7fbdba9ff700                    Options.write_buffer_manager: 0x7fbd383be990
2018/10/31-17:13:38.363071 7fbdba9ff700         Options.access_hint_on_compaction_start: 1
2018/10/31-17:13:38.363072 7fbdba9ff700  Options.new_table_reader_for_compaction_inputs: 0
2018/10/31-17:13:38.363073 7fbdba9ff700           Options.random_access_max_buffer_size: 1048576
2018/10/31-17:13:38.363074 7fbdba9ff700                      Options.use_adaptive_mutex: 0
2018/10/31-17:13:38.363075 7fbdba9ff700                            Options.rate_limiter: (nil)
2018/10/31-17:13:38.363092 7fbdba9ff700     Options.sst_file_manager.rate_bytes_per_sec: 0
2018/10/31-17:13:38.363094 7fbdba9ff700                       Options.wal_recovery_mode: 2
2018/10/31-17:13:38.363095 7fbdba9ff700                  Options.enable_thread_tracking: 0
2018/10/31-17:13:38.363096 7fbdba9ff700                  Options.enable_pipelined_write: 1
2018/10/31-17:13:38.363096 7fbdba9ff700         Options.allow_concurrent_memtable_write: 1
2018/10/31-17:13:38.363097 7fbdba9ff700      Options.enable_write_thread_adaptive_yield: 1
2018/10/31-17:13:38.363098 7fbdba9ff700             Options.write_thread_max_yield_usec: 100
2018/10/31-17:13:38.363099 7fbdba9ff700            Options.write_thread_slow_yield_usec: 3
2018/10/31-17:13:38.363100 7fbdba9ff700                               Options.row_cache: None
2018/10/31-17:13:38.363101 7fbdba9ff700                              Options.wal_filter: None
2018/10/31-17:13:38.363102 7fbdba9ff700             Options.avoid_flush_during_recovery: 0
2018/10/31-17:13:38.363102 7fbdba9ff700             Options.allow_ingest_behind: 0
2018/10/31-17:13:38.363103 7fbdba9ff700             Options.preserve_deletes: 0
2018/10/31-17:13:38.363104 7fbdba9ff700             Options.two_write_queues: 0
2018/10/31-17:13:38.363105 7fbdba9ff700             Options.manual_wal_flush: 0
2018/10/31-17:13:38.363107 7fbdba9ff700             Options.max_background_jobs: 24
2018/10/31-17:13:38.363108 7fbdba9ff700             Options.max_background_compactions: 24
2018/10/31-17:13:38.363109 7fbdba9ff700             Options.avoid_flush_during_shutdown: 0
2018/10/31-17:13:38.363109 7fbdba9ff700           Options.writable_file_max_buffer_size: 1048576
2018/10/31-17:13:38.363110 7fbdba9ff700             Options.delayed_write_rate : 16777216
2018/10/31-17:13:38.363111 7fbdba9ff700             Options.max_total_wal_size: 0
2018/10/31-17:13:38.363112 7fbdba9ff700             Options.delete_obsolete_files_period_micros: 21600000000
2018/10/31-17:13:38.363113 7fbdba9ff700                   Options.stats_dump_period_sec: 60
2018/10/31-17:13:38.363114 7fbdba9ff700                          Options.max_open_files: -1
2018/10/31-17:13:38.363115 7fbdba9ff700                          Options.bytes_per_sync: 1048576
2018/10/31-17:13:38.363116 7fbdba9ff700                      Options.wal_bytes_per_sync: 0
2018/10/31-17:13:38.363117 7fbdba9ff700       Options.compaction_readahead_size: 0
2018/10/31-17:13:38.363117 7fbdba9ff700 Compression algorithms supported:
2018/10/31-17:13:38.363119 7fbdba9ff700 	kZSTDNotFinalCompression supported: 1
2018/10/31-17:13:38.363128 7fbdba9ff700 	kZSTD supported: 1
2018/10/31-17:13:38.363130 7fbdba9ff700 	kXpressCompression supported: 0
2018/10/31-17:13:38.363131 7fbdba9ff700 	kLZ4HCCompression supported: 1
2018/10/31-17:13:38.363132 7fbdba9ff700 	kLZ4Compression supported: 1
2018/10/31-17:13:38.363133 7fbdba9ff700 	kBZip2Compression supported: 1
2018/10/31-17:13:38.363134 7fbdba9ff700 	kZlibCompression supported: 1
2018/10/31-17:13:38.363135 7fbdba9ff700 	kSnappyCompression supported: 1
2018/10/31-17:13:38.363139 7fbdba9ff700 Fast CRC32 supported: Supported on x86
2018/10/31-17:13:38.363913 7fbdba9ff700 [db/version_set.cc:3085] Recovering from manifest file: MANIFEST-002883
2018/10/31-17:13:38.364007 7fbdba9ff700 [db/column_family.cc:475] --------------- Options for column family [default]:
2018/10/31-17:13:38.364011 7fbdba9ff700               Options.comparator: leveldb.BytewiseComparator
2018/10/31-17:13:38.364012 7fbdba9ff700           Options.merge_operator: None
2018/10/31-17:13:38.364013 7fbdba9ff700        Options.compaction_filter: None
2018/10/31-17:13:38.364014 7fbdba9ff700        Options.compaction_filter_factory: None
2018/10/31-17:13:38.364015 7fbdba9ff700         Options.memtable_factory: SkipListFactory
2018/10/31-17:13:38.364016 7fbdba9ff700            Options.table_factory: BlockBasedTable
2018/10/31-17:13:38.364048 7fbdba9ff700            table_factory options:   flush_block_policy_factory: FlushBlockBySizePolicyFactory (0x7fbd38382640)
  cache_index_and_filter_blocks: 0
  cache_index_and_filter_blocks_with_high_priority: 0
  pin_l0_filter_and_index_blocks_in_cache: 0
  index_type: 0
  hash_index_allow_collision: 1
  checksum: 1
  no_block_cache: 0
  block_cache: 0x7fbd3838bf00
  block_cache_name: LRUCache
  block_cache_options:
    capacity : 8388608
    num_shard_bits : 4
    strict_capacity_limit : 0
    high_pri_pool_ratio: 0.000
  block_cache_compressed: (nil)
  persistent_cache: (nil)
  block_size: 8192
  block_size_deviation: 10
  block_restart_interval: 16
  index_block_restart_interval: 1
  metadata_block_size: 4096
  partition_filters: 0
  use_delta_encoding: 1
  filter_policy: nullptr
  whole_key_filtering: 1
  verify_compression: 0
  read_amp_bytes_per_bit: 0
  format_version: 2
  enable_index_compression: 1
  block_align: 0
2018/10/31-17:13:38.364064 7fbdba9ff700        Options.write_buffer_size: 134217728
2018/10/31-17:13:38.364066 7fbdba9ff700  Options.max_write_buffer_number: 24
2018/10/31-17:13:38.364067 7fbdba9ff700        Options.compression[0]: NoCompression
2018/10/31-17:13:38.364068 7fbdba9ff700        Options.compression[1]: NoCompression
2018/10/31-17:13:38.364069 7fbdba9ff700        Options.compression[2]: LZ4
2018/10/31-17:13:38.364070 7fbdba9ff700        Options.compression[3]: LZ4
2018/10/31-17:13:38.364071 7fbdba9ff700        Options.compression[4]: LZ4
2018/10/31-17:13:38.364072 7fbdba9ff700        Options.compression[5]: LZ4
2018/10/31-17:13:38.364073 7fbdba9ff700        Options.compression[6]: LZ4
2018/10/31-17:13:38.364074 7fbdba9ff700                  Options.bottommost_compression: Disabled
2018/10/31-17:13:38.364075 7fbdba9ff700       Options.prefix_extractor: nullptr
2018/10/31-17:13:38.364076 7fbdba9ff700   Options.memtable_insert_with_hint_prefix_extractor: nullptr
2018/10/31-17:13:38.364077 7fbdba9ff700             Options.num_levels: 7
2018/10/31-17:13:38.364078 7fbdba9ff700        Options.min_write_buffer_number_to_merge: 2
2018/10/31-17:13:38.364078 7fbdba9ff700     Options.max_write_buffer_number_to_maintain: 0
2018/10/31-17:13:38.364079 7fbdba9ff700            Options.compression_opts.window_bits: -14
2018/10/31-17:13:38.364080 7fbdba9ff700                  Options.compression_opts.level: -1
2018/10/31-17:13:38.364081 7fbdba9ff700               Options.compression_opts.strategy: 0
2018/10/31-17:13:38.364082 7fbdba9ff700         Options.compression_opts.max_dict_bytes: 0
2018/10/31-17:13:38.364083 7fbdba9ff700         Options.compression_opts.zstd_max_train_bytes: 0
2018/10/31-17:13:38.364083 7fbdba9ff700      Options.level0_file_num_compaction_trigger: 2
2018/10/31-17:13:38.364084 7fbdba9ff700          Options.level0_slowdown_writes_trigger: 20
2018/10/31-17:13:38.364085 7fbdba9ff700              Options.level0_stop_writes_trigger: 36
2018/10/31-17:13:38.364086 7fbdba9ff700                   Options.target_file_size_base: 67108864
2018/10/31-17:13:38.364087 7fbdba9ff700             Options.target_file_size_multiplier: 1
2018/10/31-17:13:38.364088 7fbdba9ff700                Options.max_bytes_for_level_base: 536870912
2018/10/31-17:13:38.364089 7fbdba9ff700 Options.level_compaction_dynamic_level_bytes: 0
2018/10/31-17:13:38.364090 7fbdba9ff700          Options.max_bytes_for_level_multiplier: 10.000000
2018/10/31-17:13:38.364093 7fbdba9ff700 Options.max_bytes_for_level_multiplier_addtl[0]: 1
2018/10/31-17:13:38.364094 7fbdba9ff700 Options.max_bytes_for_level_multiplier_addtl[1]: 1
2018/10/31-17:13:38.364095 7fbdba9ff700 Options.max_bytes_for_level_multiplier_addtl[2]: 1
2018/10/31-17:13:38.364096 7fbdba9ff700 Options.max_bytes_for_level_multiplier_addtl[3]: 1
2018/10/31-17:13:38.364097 7fbdba9ff700 Options.max_bytes_for_level_multiplier_addtl[4]: 1
2018/10/31-17:13:38.364098 7fbdba9ff700 Options.max_bytes_for_level_multiplier_addtl[5]: 1
2018/10/31-17:13:38.364098 7fbdba9ff700 Options.max_bytes_for_level_multiplier_addtl[6]: 1
2018/10/31-17:13:38.364099 7fbdba9ff700       Options.max_sequential_skip_in_iterations: 8
2018/10/31-17:13:38.364100 7fbdba9ff700                    Options.max_compaction_bytes: 1677721600
2018/10/31-17:13:38.364111 7fbdba9ff700                        Options.arena_block_size: 16777216
2018/10/31-17:13:38.364113 7fbdba9ff700   Options.soft_pending_compaction_bytes_limit: 68719476736
2018/10/31-17:13:38.364114 7fbdba9ff700   Options.hard_pending_compaction_bytes_limit: 274877906944
2018/10/31-17:13:38.364114 7fbdba9ff700       Options.rate_limit_delay_max_milliseconds: 100
2018/10/31-17:13:38.364115 7fbdba9ff700                Options.disable_auto_compactions: 0
2018/10/31-17:13:38.364117 7fbdba9ff700                        Options.compaction_style: kCompactionStyleLevel
2018/10/31-17:13:38.364119 7fbdba9ff700                          Options.compaction_pri: kByCompensatedSize
2018/10/31-17:13:38.364120 7fbdba9ff700 Options.compaction_options_universal.size_ratio: 1
2018/10/31-17:13:38.364121 7fbdba9ff700 Options.compaction_options_universal.min_merge_width: 2
2018/10/31-17:13:38.364122 7fbdba9ff700 Options.compaction_options_universal.max_merge_width: 4294967295
2018/10/31-17:13:38.364123 7fbdba9ff700 Options.compaction_options_universal.max_size_amplification_percent: 200
2018/10/31-17:13:38.364124 7fbdba9ff700 Options.compaction_options_universal.compression_size_percent: -1
2018/10/31-17:13:38.364125 7fbdba9ff700 Options.compaction_options_universal.stop_style: kCompactionStopStyleTotalSize
2018/10/31-17:13:38.364126 7fbdba9ff700 Options.compaction_options_fifo.max_table_files_size: 1073741824
2018/10/31-17:13:38.364127 7fbdba9ff700 Options.compaction_options_fifo.allow_compaction: 0
2018/10/31-17:13:38.364128 7fbdba9ff700 Options.compaction_options_fifo.ttl: 0
2018/10/31-17:13:38.364129 7fbdba9ff700                   Options.table_properties_collectors: 
2018/10/31-17:13:38.364130 7fbdba9ff700                   Options.inplace_update_support: 0
2018/10/31-17:13:38.364131 7fbdba9ff700                 Options.inplace_update_num_locks: 10000
2018/10/31-17:13:38.364132 7fbdba9ff700               Options.memtable_prefix_bloom_size_ratio: 0.000000
2018/10/31-17:13:38.364134 7fbdba9ff700   Options.memtable_huge_page_size: 0
2018/10/31-17:13:38.364134 7fbdba9ff700                           Options.bloom_locality: 0
2018/10/31-17:13:38.364135 7fbdba9ff700                    Options.max_successive_merges: 0
2018/10/31-17:13:38.364136 7fbdba9ff700                Options.optimize_filters_for_hits: 0
2018/10/31-17:13:38.364137 7fbdba9ff700                Options.paranoid_file_checks: 0
2018/10/31-17:13:38.364138 7fbdba9ff700                Options.force_consistency_checks: 0
2018/10/31-17:13:38.364139 7fbdba9ff700                Options.report_bg_io_stats: 0
2018/10/31-17:13:38.364140 7fbdba9ff700                               Options.ttl: 0
2018/10/31-17:13:38.364719 7fbdba9ff700 [db/column_family.cc:475] --------------- Options for column family [usertable]:
2018/10/31-17:13:38.364723 7fbdba9ff700               Options.comparator: leveldb.BytewiseComparator
2018/10/31-17:13:38.364724 7fbdba9ff700           Options.merge_operator: None
2018/10/31-17:13:38.364725 7fbdba9ff700        Options.compaction_filter: None
2018/10/31-17:13:38.364725 7fbdba9ff700        Options.compaction_filter_factory: None
2018/10/31-17:13:38.364726 7fbdba9ff700         Options.memtable_factory: SkipListFactory
2018/10/31-17:13:38.364727 7fbdba9ff700            Options.table_factory: BlockBasedTable
2018/10/31-17:13:38.364750 7fbdba9ff700            table_factory options:   flush_block_policy_factory: FlushBlockBySizePolicyFactory (0x7fbd38382620)
  cache_index_and_filter_blocks: 0
  cache_index_and_filter_blocks_with_high_priority: 0
  pin_l0_filter_and_index_blocks_in_cache: 0
  index_type: 0
  hash_index_allow_collision: 1
  checksum: 1
  no_block_cache: 0
  block_cache: 0x7fbd38383180
  block_cache_name: LRUCache
  block_cache_options:
    capacity : 8388608
    num_shard_bits : 4
    strict_capacity_limit : 0
    high_pri_pool_ratio: 0.000
  block_cache_compressed: (nil)
  persistent_cache: (nil)
  block_size: 8192
  block_size_deviation: 10
  block_restart_interval: 16
  index_block_restart_interval: 1
  metadata_block_size: 4096
  partition_filters: 0
  use_delta_encoding: 1
  filter_policy: nullptr
  whole_key_filtering: 1
  verify_compression: 0
  read_amp_bytes_per_bit: 0
  format_version: 2
  enable_index_compression: 1
  block_align: 0
2018/10/31-17:13:38.364762 7fbdba9ff700        Options.write_buffer_size: 134217728
2018/10/31-17:13:38.364763 7fbdba9ff700  Options.max_write_buffer_number: 24
2018/10/31-17:13:38.364764 7fbdba9ff700        Options.compression[0]: NoCompression
2018/10/31-17:13:38.364765 7fbdba9ff700        Options.compression[1]: NoCompression
2018/10/31-17:13:38.364766 7fbdba9ff700        Options.compression[2]: LZ4
2018/10/31-17:13:38.364767 7fbdba9ff700        Options.compression[3]: LZ4
2018/10/31-17:13:38.364768 7fbdba9ff700        Options.compression[4]: LZ4
2018/10/31-17:13:38.364769 7fbdba9ff700        Options.compression[5]: LZ4
2018/10/31-17:13:38.364770 7fbdba9ff700        Options.compression[6]: LZ4
2018/10/31-17:13:38.364770 7fbdba9ff700                  Options.bottommost_compression: Disabled
2018/10/31-17:13:38.364771 7fbdba9ff700       Options.prefix_extractor: nullptr
2018/10/31-17:13:38.364772 7fbdba9ff700   Options.memtable_insert_with_hint_prefix_extractor: nullptr
2018/10/31-17:13:38.364773 7fbdba9ff700             Options.num_levels: 7
2018/10/31-17:13:38.364774 7fbdba9ff700        Options.min_write_buffer_number_to_merge: 2
2018/10/31-17:13:38.364775 7fbdba9ff700     Options.max_write_buffer_number_to_maintain: 0
2018/10/31-17:13:38.364776 7fbdba9ff700            Options.compression_opts.window_bits: -14
2018/10/31-17:13:38.364777 7fbdba9ff700                  Options.compression_opts.level: -1
2018/10/31-17:13:38.364777 7fbdba9ff700               Options.compression_opts.strategy: 0
2018/10/31-17:13:38.364778 7fbdba9ff700         Options.compression_opts.max_dict_bytes: 0
2018/10/31-17:13:38.364779 7fbdba9ff700         Options.compression_opts.zstd_max_train_bytes: 0
2018/10/31-17:13:38.364780 7fbdba9ff700      Options.level0_file_num_compaction_trigger: 2
2018/10/31-17:13:38.364781 7fbdba9ff700          Options.level0_slowdown_writes_trigger: 20
2018/10/31-17:13:38.364782 7fbdba9ff700              Options.level0_stop_writes_trigger: 36
2018/10/31-17:13:38.364782 7fbdba9ff700                   Options.target_file_size_base: 67108864
2018/10/31-17:13:38.364783 7fbdba9ff700             Options.target_file_size_multiplier: 1
2018/10/31-17:13:38.364784 7fbdba9ff700                Options.max_bytes_for_level_base: 536870912
2018/10/31-17:13:38.364785 7fbdba9ff700 Options.level_compaction_dynamic_level_bytes: 0
2018/10/31-17:13:38.364786 7fbdba9ff700          Options.max_bytes_for_level_multiplier: 10.000000
2018/10/31-17:13:38.364788 7fbdba9ff700 Options.max_bytes_for_level_multiplier_addtl[0]: 1
2018/10/31-17:13:38.364789 7fbdba9ff700 Options.max_bytes_for_level_multiplier_addtl[1]: 1
2018/10/31-17:13:38.364790 7fbdba9ff700 Options.max_bytes_for_level_multiplier_addtl[2]: 1
2018/10/31-17:13:38.364790 7fbdba9ff700 Options.max_bytes_for_level_multiplier_addtl[3]: 1
2018/10/31-17:13:38.364791 7fbdba9ff700 Options.max_bytes_for_level_multiplier_addtl[4]: 1
2018/10/31-17:13:38.364792 7fbdba9ff700 Options.max_bytes_for_level_multiplier_addtl[5]: 1
2018/10/31-17:13:38.364793 7fbdba9ff700 Options.max_bytes_for_level_multiplier_addtl[6]: 1
2018/10/31-17:13:38.364794 7fbdba9ff700       Options.max_sequential_skip_in_iterations: 8
2018/10/31-17:13:38.364795 7fbdba9ff700                    Options.max_compaction_bytes: 1677721600
2018/10/31-17:13:38.364795 7fbdba9ff700                        Options.arena_block_size: 16777216
2018/10/31-17:13:38.364796 7fbdba9ff700   Options.soft_pending_compaction_bytes_limit: 68719476736
2018/10/31-17:13:38.364797 7fbdba9ff700   Options.hard_pending_compaction_bytes_limit: 274877906944
2018/10/31-17:13:38.364798 7fbdba9ff700       Options.rate_limit_delay_max_milliseconds: 100
2018/10/31-17:13:38.364799 7fbdba9ff700                Options.disable_auto_compactions: 0
2018/10/31-17:13:38.364800 7fbdba9ff700                        Options.compaction_style: kCompactionStyleLevel
2018/10/31-17:13:38.364807 7fbdba9ff700                          Options.compaction_pri: kByCompensatedSize
2018/10/31-17:13:38.364808 7fbdba9ff700 Options.compaction_options_universal.size_ratio: 1
2018/10/31-17:13:38.364809 7fbdba9ff700 Options.compaction_options_universal.min_merge_width: 2
2018/10/31-17:13:38.364810 7fbdba9ff700 Options.compaction_options_universal.max_merge_width: 4294967295
2018/10/31-17:13:38.364811 7fbdba9ff700 Options.compaction_options_universal.max_size_amplification_percent: 200
2018/10/31-17:13:38.364812 7fbdba9ff700 Options.compaction_options_universal.compression_size_percent: -1
2018/10/31-17:13:38.364813 7fbdba9ff700 Options.compaction_options_universal.stop_style: kCompactionStopStyleTotalSize
2018/10/31-17:13:38.364814 7fbdba9ff700 Options.compaction_options_fifo.max_table_files_size: 1073741824
2018/10/31-17:13:38.364815 7fbdba9ff700 Options.compaction_options_fifo.allow_compaction: 0
2018/10/31-17:13:38.364816 7fbdba9ff700 Options.compaction_options_fifo.ttl: 0
2018/10/31-17:13:38.364817 7fbdba9ff700                   Options.table_properties_collectors: 
2018/10/31-17:13:38.364817 7fbdba9ff700                   Options.inplace_update_support: 0
2018/10/31-17:13:38.364818 7fbdba9ff700                 Options.inplace_update_num_locks: 10000
2018/10/31-17:13:38.364819 7fbdba9ff700               Options.memtable_prefix_bloom_size_ratio: 0.000000
2018/10/31-17:13:38.364821 7fbdba9ff700   Options.memtable_huge_page_size: 0
2018/10/31-17:13:38.364822 7fbdba9ff700                           Options.bloom_locality: 0
2018/10/31-17:13:38.364822 7fbdba9ff700                    Options.max_successive_merges: 0
2018/10/31-17:13:38.364823 7fbdba9ff700                Options.optimize_filters_for_hits: 0
2018/10/31-17:13:38.364824 7fbdba9ff700                Options.paranoid_file_checks: 0
2018/10/31-17:13:38.364825 7fbdba9ff700                Options.force_consistency_checks: 0
2018/10/31-17:13:38.364826 7fbdba9ff700                Options.report_bg_io_stats: 0
2018/10/31-17:13:38.364826 7fbdba9ff700                               Options.ttl: 0
2018/10/31-17:13:38.591923 7fbdba9ff700 [db/version_set.cc:3361] Recovered from manifest file:/mnt/sdb1/ycsb-rocksdb-data/MANIFEST-002883 succeeded,manifest_file_number is 2883, next_file_number is 3520, last_sequence is 9099687, log_number is 0,prev_log_number is 0,max_column_family is 1,min_log_number_to_keep is 0
2018/10/31-17:13:38.591937 7fbdba9ff700 [db/version_set.cc:3369] Column family [default] (ID 0), log number is 2882
2018/10/31-17:13:38.591938 7fbdba9ff700 [db/version_set.cc:3369] Column family [usertable] (ID 1), log number is 3459
2018/10/31-17:13:38.592827 7fbdba9ff700 EVENT_LOG_v1 {"time_micros": 1541031218592807, "job": 1, "event": "recovery_started", "log_files": [3459, 3519]}
2018/10/31-17:13:38.592835 7fbdba9ff700 [db/db_impl_open.cc:551] Recovering log #3459 mode 2
2018/10/31-17:13:39.370784 7fbdba9ff700 EVENT_LOG_v1 {"time_micros": 1541031219370748, "cf_name": "usertable", "job": 1, "event": "table_file_creation", "file_number": 3520, "file_size": 91759713, "table_properties": {"data_size": 91368721, "index_size": 390070, "filter_size": 0, "raw_key_size": 531744, "raw_average_key_size": 24, "raw_value_size": 90750976, "raw_average_value_size": 4096, "num_data_blocks": 11078, "num_entries": 22156, "filter_policy_name": "", "kDeletedKeys": "0", "kMergeOperands": "0"}}
2018/10/31-17:13:39.376895 7fbdba9ff700 [db/db_impl_open.cc:551] Recovering log #3519 mode 2
2018/10/31-17:13:39.608481 7fbdba9ff700 [db/version_set.cc:2847] Creating manifest 3521
2018/10/31-17:13:39.910975 7fbdba9ff700 EVENT_LOG_v1 {"time_micros": 1541031219910954, "cf_name": "usertable", "job": 1, "event": "table_file_creation", "file_number": 3522, "file_size": 55832139, "table_properties": {"data_size": 55595447, "index_size": 235771, "filter_size": 0, "raw_key_size": 323544, "raw_average_key_size": 24, "raw_value_size": 55218176, "raw_average_value_size": 4096, "num_data_blocks": 6741, "num_entries": 13481, "filter_policy_name": "", "kDeletedKeys": "0", "kMergeOperands": "0"}}
2018/10/31-17:13:39.940539 7fbdba9ff700 EVENT_LOG_v1 {"time_micros": 1541031219940536, "job": 1, "event": "recovery_finished"}
2018/10/31-17:13:40.004180 7fbdba9ff700 [db/db_impl_open.cc:1219] DB pointer 0x7fbd383c0d90
2018/10/31-17:13:40.004533 7fbdb94d4700 [WARN] [db/db_impl.cc:491] ------- DUMPING STATS -------
2018/10/31-17:13:40.004576 7fbdb94d4700 [WARN] [db/db_impl.cc:492] 
** DB Stats **
Uptime(secs): 1.6 total, 1.6 interval
Cumulative writes: 0 writes, 0 keys, 0 commit groups, 0.0 writes per commit group, ingest: 0.00 GB, 0.00 MB/s
Cumulative WAL: 0 writes, 0 syncs, 0.00 writes per sync, written: 0.00 GB, 0.00 MB/s
Cumulative stall: 00:00:0.000 H:M:S, 0.0 percent
Interval writes: 0 writes, 0 keys, 0 commit groups, 0.0 writes per commit group, ingest: 0.00 MB, 0.00 MB/s
Interval WAL: 0 writes, 0 syncs, 0.00 writes per sync, written: 0.00 MB, 0.00 MB/s
Interval stall: 00:00:0.000 H:M:S, 0.0 percent

** Compaction Stats [default] **
Level    Files   Size     Score Read(GB)  Rn(GB) Rnp1(GB) Write(GB) Wnew(GB) Moved(GB) W-Amp Rd(MB/s) Wr(MB/s) Comp(sec) Comp(cnt) Avg(sec) KeyIn KeyDrop
----------------------------------------------------------------------------------------------------------------------------------------------------------
 Sum      0/0    0.00 KB   0.0      0.0     0.0      0.0       0.0      0.0       0.0   0.0      0.0      0.0         0         0    0.000       0      0
 Int      0/0    0.00 KB   0.0      0.0     0.0      0.0       0.0      0.0       0.0   0.0      0.0      0.0         0         0    0.000       0      0
Uptime(secs): 1.6 total, 1.6 interval
Flush(GB): cumulative 0.000, interval 0.000
AddFile(GB): cumulative 0.000, interval 0.000
AddFile(Total Files): cumulative 0, interval 0
AddFile(L0 Files): cumulative 0, interval 0
AddFile(Keys): cumulative 0, interval 0
Cumulative compaction: 0.00 GB write, 0.00 MB/s write, 0.00 GB read, 0.00 MB/s read, 0.0 seconds
Interval compaction: 0.00 GB write, 0.00 MB/s write, 0.00 GB read, 0.00 MB/s read, 0.0 seconds
Stalls(count): 0 level0_slowdown, 0 level0_slowdown_with_compaction, 0 level0_numfiles, 0 level0_numfiles_with_compaction, 0 stop for pending_compaction_bytes, 0 slowdown for pending_compaction_bytes, 0 memtable_compaction, 0 memtable_slowdown, interval 0 total count

** File Read Latency Histogram By Level [default] **

** Compaction Stats [usertable] **
Level    Files   Size     Score Read(GB)  Rn(GB) Rnp1(GB) Write(GB) Wnew(GB) Moved(GB) W-Amp Rd(MB/s) Wr(MB/s) Comp(sec) Comp(cnt) Avg(sec) KeyIn KeyDrop
----------------------------------------------------------------------------------------------------------------------------------------------------------
  L0      2/0   140.75 MB   1.0      0.0     0.0      0.0       0.1      0.1       0.0   1.0      0.0    223.8         1         2    0.314       0      0
  L1     10/0   449.12 MB   0.9      0.0     0.0      0.0       0.0      0.0       0.0   0.0      0.0      0.0         0         0    0.000       0      0
  L2     86/0    4.98 GB   1.0      0.0     0.0      0.0       0.0      0.0       0.0   0.0      0.0      0.0         0         0    0.000       0      0
  L3    163/0    8.79 GB   0.2      0.0     0.0      0.0       0.0      0.0       0.0   0.0      0.0      0.0         0         0    0.000       0      0
 Sum    261/0   14.35 GB   0.0      0.0     0.0      0.0       0.1      0.1       0.0   1.0      0.0    223.8         1         2    0.314       0      0
 Int      0/0    0.00 KB   0.0      0.0     0.0      0.0       0.1      0.1       0.0   1.0      0.0    223.8         1         2    0.314       0      0
Uptime(secs): 1.6 total, 1.6 interval
Flush(GB): cumulative 0.137, interval 0.137
AddFile(GB): cumulative 0.000, interval 0.000
AddFile(Total Files): cumulative 0, interval 0
AddFile(L0 Files): cumulative 0, interval 0
AddFile(Keys): cumulative 0, interval 0
Cumulative compaction: 0.14 GB write, 85.84 MB/s write, 0.00 GB read, 0.00 MB/s read, 0.6 seconds
Interval compaction: 0.14 GB write, 85.84 MB/s write, 0.00 GB read, 0.00 MB/s read, 0.6 seconds
Stalls(count): 0 level0_slowdown, 0 level0_slowdown_with_compaction, 0 level0_numfiles, 0 level0_numfiles_with_compaction, 0 stop for pending_compaction_bytes, 0 slowdown for pending_compaction_bytes, 0 memtable_compaction, 0 memtable_slowdown, interval 0 total count

** File Read Latency Histogram By Level [usertable] **

** Compaction Stats [default] **
Level    Files   Size     Score Read(GB)  Rn(GB) Rnp1(GB) Write(GB) Wnew(GB) Moved(GB) W-Amp Rd(MB/s) Wr(MB/s) Comp(sec) Comp(cnt) Avg(sec) KeyIn KeyDrop
----------------------------------------------------------------------------------------------------------------------------------------------------------
 Sum      0/0    0.00 KB   0.0      0.0     0.0      0.0       0.0      0.0       0.0   0.0      0.0      0.0         0         0    0.000       0      0
 Int      0/0    0.00 KB   0.0      0.0     0.0      0.0       0.0      0.0       0.0   0.0      0.0      0.0         0         0    0.000       0      0
Uptime(secs): 1.6 total, 0.0 interval
Flush(GB): cumulative 0.000, interval 0.000
AddFile(GB): cumulative 0.000, interval 0.000
AddFile(Total Files): cumulative 0, interval 0
AddFile(L0 Files): cumulative 0, interval 0
AddFile(Keys): cumulative 0, interval 0
Cumulative compaction: 0.00 GB write, 0.00 MB/s write, 0.00 GB read, 0.00 MB/s read, 0.0 seconds
Interval compaction: 0.00 GB write, 0.00 MB/s write, 0.00 GB read, 0.00 MB/s read, 0.0 seconds
Stalls(count): 0 level0_slowdown, 0 level0_slowdown_with_compaction, 0 level0_numfiles, 0 level0_numfiles_with_compaction, 0 stop for pending_compaction_bytes, 0 slowdown for pending_compaction_bytes, 0 memtable_compaction, 0 memtable_slowdown, interval 0 total count

** File Read Latency Histogram By Level [default] **

** Compaction Stats [usertable] **
Level    Files   Size     Score Read(GB)  Rn(GB) Rnp1(GB) Write(GB) Wnew(GB) Moved(GB) W-Amp Rd(MB/s) Wr(MB/s) Comp(sec) Comp(cnt) Avg(sec) KeyIn KeyDrop
----------------------------------------------------------------------------------------------------------------------------------------------------------
  L0      2/0   140.75 MB   1.0      0.0     0.0      0.0       0.1      0.1       0.0   1.0      0.0    223.8         1         2    0.314       0      0
  L1     10/0   449.12 MB   0.9      0.0     0.0      0.0       0.0      0.0       0.0   0.0      0.0      0.0         0         0    0.000       0      0
  L2     86/0    4.98 GB   1.0      0.0     0.0      0.0       0.0      0.0       0.0   0.0      0.0      0.0         0         0    0.000       0      0
  L3    163/0    8.79 GB   0.2      0.0     0.0      0.0       0.0      0.0       0.0   0.0      0.0      0.0         0         0    0.000       0      0
 Sum    261/0   14.35 GB   0.0      0.0     0.0      0.0       0.1      0.1       0.0   1.0      0.0    223.8         1         2    0.314       0      0
 Int      0/0    0.00 KB   0.0      0.0     0.0      0.0       0.0      0.0       0.0   0.0      0.0      0.0         0         0    0.000       0      0
Uptime(secs): 1.6 total, 0.0 interval
Flush(GB): cumulative 0.137, interval 0.000
AddFile(GB): cumulative 0.000, interval 0.000
AddFile(Total Files): cumulative 0, interval 0
AddFile(L0 Files): cumulative 0, interval 0
AddFile(Keys): cumulative 0, interval 0
Cumulative compaction: 0.14 GB write, 85.84 MB/s write, 0.00 GB read, 0.00 MB/s read, 0.6 seconds
Interval compaction: 0.00 GB write, 0.00 MB/s write, 0.00 GB read, 0.00 MB/s read, 0.0 seconds
Stalls(count): 0 level0_slowdown, 0 level0_slowdown_with_compaction, 0 level0_numfiles, 0 level0_numfiles_with_compaction, 0 stop for pending_compaction_bytes, 0 slowdown for pending_compaction_bytes, 0 memtable_compaction, 0 memtable_slowdown, interval 0 total count

** File Read Latency Histogram By Level [usertable] **
2018/10/31-17:13:40.004875 7fbdb94d4700 [db/compaction_job.cc:1531] [usertable] [JOB 3] Compacting 2@0 + 10@1 files to L1, score 1.00
2018/10/31-17:13:40.004884 7fbdb94d4700 [db/compaction_job.cc:1535] [usertable] Compaction start summary: Base version 5 Base level 0, inputs: [3522(53MB) 3520(87MB)], [3470(64MB) 3473(15MB) 3475(40MB) 3467(64MB) 3471(64MB) 3474(32MB) 3465(64MB) 3469(55MB) 3472(26MB) 3468(20MB)]
2018/10/31-17:13:40.004926 7fbdb94d4700 EVENT_LOG_v1 {"time_micros": 1541031220004897, "job": 3, "event": "compaction_started", "compaction_reason": "LevelL0FilesNum", "files_L0": [3522, 3520], "files_L1": [3470, 3473, 3475, 3467, 3471, 3474, 3465, 3469, 3472, 3468], "score": 1, "input_data_size": 618524183}
2018/10/31-17:13:41.103218 7fbdb94d4700 [db/compaction_job.cc:1211] [usertable] [JOB 3] Generated table #3526: 16277 keys, 67411897 bytes
2018/10/31-17:13:41.103292 7fbdb94d4700 EVENT_LOG_v1 {"time_micros": 1541031221103251, "cf_name": "usertable", "job": 3, "event": "table_file_creation", "file_number": 3526, "file_size": 67411897, "table_properties": {"data_size": 67120155, "index_size": 290821, "filter_size": 0, "raw_key_size": 390648, "raw_average_key_size": 24, "raw_value_size": 66670592, "raw_average_value_size": 4096, "num_data_blocks": 8139, "num_entries": 16277, "filter_policy_name": "", "kDeletedKeys": "0", "kMergeOperands": "0"}}
2018/10/31-17:13:41.619079 7fbc3affd700 [db/compaction_job.cc:1211] [usertable] [JOB 3] Generated table #3528: 16277 keys, 67411902 bytes
2018/10/31-17:13:41.619127 7fbc3affd700 EVENT_LOG_v1 {"time_micros": 1541031221619099, "cf_name": "usertable", "job": 3, "event": "table_file_creation", "file_number": 3528, "file_size": 67411902, "table_properties": {"data_size": 67117839, "index_size": 293142, "filter_size": 0, "raw_key_size": 390648, "raw_average_key_size": 24, "raw_value_size": 66670592, "raw_average_value_size": 4096, "num_data_blocks": 8139, "num_entries": 16277, "filter_policy_name": "", "kDeletedKeys": "0", "kMergeOperands": "0"}}
2018/10/31-17:13:41.691348 7fbc3b7fe700 [db/compaction_job.cc:1211] [usertable] [JOB 3] Generated table #3529: 14703 keys, 60893043 bytes
2018/10/31-17:13:41.691390 7fbc3b7fe700 EVENT_LOG_v1 {"time_micros": 1541031221691374, "cf_name": "usertable", "job": 3, "event": "table_file_creation", "file_number": 3529, "file_size": 60893043, "table_properties": {"data_size": 60626393, "index_size": 265729, "filter_size": 0, "raw_key_size": 352872, "raw_average_key_size": 24, "raw_value_size": 60223488, "raw_average_value_size": 4096, "num_data_blocks": 7352, "num_entries": 14703, "filter_policy_name": "", "kDeletedKeys": "0", "kMergeOperands": "0"}}
2018/10/31-17:13:41.887008 7fbc3a7fc700 [db/compaction_job.cc:1211] [usertable] [JOB 3] Generated table #3527: 16277 keys, 67411853 bytes
2018/10/31-17:13:41.887052 7fbc3a7fc700 EVENT_LOG_v1 {"time_micros": 1541031221887034, "cf_name": "usertable", "job": 3, "event": "table_file_creation", "file_number": 3527, "file_size": 67411853, "table_properties": {"data_size": 67117273, "index_size": 293659, "filter_size": 0, "raw_key_size": 390648, "raw_average_key_size": 24, "raw_value_size": 66670592, "raw_average_value_size": 4096, "num_data_blocks": 8139, "num_entries": 16277, "filter_policy_name": "", "kDeletedKeys": "0", "kMergeOperands": "0"}}
2018/10/31-17:13:42.884602 7fbdb94d4700 [db/compaction_job.cc:1211] [usertable] [JOB 3] Generated table #3530: 12282 keys, 50866656 bytes
2018/10/31-17:13:42.884652 7fbdb94d4700 EVENT_LOG_v1 {"time_micros": 1541031222884633, "cf_name": "usertable", "job": 3, "event": "table_file_creation", "file_number": 3530, "file_size": 50866656, "table_properties": {"data_size": 50643029, "index_size": 222706, "filter_size": 0, "raw_key_size": 294768, "raw_average_key_size": 24, "raw_value_size": 50307072, "raw_average_value_size": 4096, "num_data_blocks": 6141, "num_entries": 12282, "filter_policy_name": "", "kDeletedKeys": "0", "kMergeOperands": "0"}}
2018/10/31-17:13:44.146989 7fbc3affd700 [db/compaction_job.cc:1211] [usertable] [JOB 3] Generated table #3531: 16277 keys, 67411754 bytes
2018/10/31-17:13:44.147023 7fbc3affd700 EVENT_LOG_v1 {"time_micros": 1541031224147009, "cf_name": "usertable", "job": 3, "event": "table_file_creation", "file_number": 3531, "file_size": 67411754, "table_properties": {"data_size": 67114456, "index_size": 296377, "filter_size": 0, "raw_key_size": 390648, "raw_average_key_size": 24, "raw_value_size": 66670592, "raw_average_value_size": 4096, "num_data_blocks": 8139, "num_entries": 16277, "filter_policy_name": "", "kDeletedKeys": "0", "kMergeOperands": "0"}}
2018/10/31-17:13:44.324705 7fbc3a7fc700 [db/compaction_job.cc:1211] [usertable] [JOB 3] Generated table #3532: 16277 keys, 67411850 bytes
2018/10/31-17:13:44.324753 7fbc3a7fc700 EVENT_LOG_v1 {"time_micros": 1541031224324735, "cf_name": "usertable", "job": 3, "event": "table_file_creation", "file_number": 3532, "file_size": 67411850, "table_properties": {"data_size": 67116733, "index_size": 294196, "filter_size": 0, "raw_key_size": 390648, "raw_average_key_size": 24, "raw_value_size": 66670592, "raw_average_value_size": 4096, "num_data_blocks": 8139, "num_entries": 16277, "filter_policy_name": "", "kDeletedKeys": "0", "kMergeOperands": "0"}}
2018/10/31-17:13:44.656061 7fbdb94d4700 [db/compaction_job.cc:1211] [usertable] [JOB 3] Generated table #3533: 14771 keys, 61174761 bytes
2018/10/31-17:13:44.656105 7fbdb94d4700 EVENT_LOG_v1 {"time_micros": 1541031224656088, "cf_name": "usertable", "job": 3, "event": "table_file_creation", "file_number": 3533, "file_size": 61174761, "table_properties": {"data_size": 60906824, "index_size": 267016, "filter_size": 0, "raw_key_size": 354504, "raw_average_key_size": 24, "raw_value_size": 60502016, "raw_average_value_size": 4096, "num_data_blocks": 7386, "num_entries": 14771, "filter_policy_name": "", "kDeletedKeys": "0", "kMergeOperands": "0"}}
2018/10/31-17:13:44.859148 7fbc3a7fc700 [db/compaction_job.cc:1211] [usertable] [JOB 3] Generated table #3535: 4841 keys, 20049717 bytes
2018/10/31-17:13:44.859188 7fbc3a7fc700 EVENT_LOG_v1 {"time_micros": 1541031224859172, "cf_name": "usertable", "job": 3, "event": "table_file_creation", "file_number": 3535, "file_size": 20049717, "table_properties": {"data_size": 19960922, "index_size": 87874, "filter_size": 0, "raw_key_size": 116184, "raw_average_key_size": 24, "raw_value_size": 19828736, "raw_average_value_size": 4096, "num_data_blocks": 2421, "num_entries": 4841, "filter_policy_name": "", "kDeletedKeys": "0", "kMergeOperands": "0"}}
2018/10/31-17:13:45.046028 7fbc3affd700 [db/compaction_job.cc:1211] [usertable] [JOB 3] Generated table #3534: 12640 keys, 52349171 bytes
2018/10/31-17:13:45.046062 7fbc3affd700 EVENT_LOG_v1 {"time_micros": 1541031225046048, "cf_name": "usertable", "job": 3, "event": "table_file_creation", "file_number": 3534, "file_size": 52349171, "table_properties": {"data_size": 52120545, "index_size": 227705, "filter_size": 0, "raw_key_size": 303360, "raw_average_key_size": 24, "raw_value_size": 51773440, "raw_average_value_size": 4096, "num_data_blocks": 6320, "num_entries": 12640, "filter_policy_name": "", "kDeletedKeys": "0", "kMergeOperands": "0"}}
2018/10/31-17:13:45.138791 7fbc3affd700 [db/compaction_job.cc:1211] [usertable] [JOB 3] Generated table #3536: 2320 keys, 9608930 bytes
