2018/10/25-11:42:12.968902 7f3cde5fb700 RocksDB version: 5.14.3
2018/10/25-11:42:12.968981 7f3cde5fb700 Git sha rocksdb_build_git_sha:
2018/10/25-11:42:12.968984 7f3cde5fb700 Compile date Oct 15 2018
2018/10/25-11:42:12.968988 7f3cde5fb700 DB SUMMARY
2018/10/25-11:42:12.969396 7f3cde5fb700 CURRENT file:  CURRENT
2018/10/25-11:42:12.969399 7f3cde5fb700 IDENTITY file:  IDENTITY
2018/10/25-11:42:12.969619 7f3cde5fb700 MANIFEST file:  MANIFEST-005496 size: 60393 Bytes
2018/10/25-11:42:12.969623 7f3cde5fb700 SST files in /mnt/sdb1/ycsb-rocksdb-data dir, Total Num: 285, files: 000942.sst 001729.sst 001925.sst 001981.sst 001982.sst 002056.sst 002123.sst 002199.sst 002200.sst 
2018/10/25-11:42:12.969625 7f3cde5fb700 Write Ahead Log file in /mnt/sdb1/ycsb-rocksdb-data: 006135.log size: 120206809 ; 006137.log size: 124145186 ; 006138.log size: 3280453 ; 
2018/10/25-11:42:12.969629 7f3cde5fb700                         Options.error_if_exists: 0
2018/10/25-11:42:12.969630 7f3cde5fb700                       Options.create_if_missing: 1
2018/10/25-11:42:12.969631 7f3cde5fb700                         Options.paranoid_checks: 1
2018/10/25-11:42:12.969631 7f3cde5fb700                                     Options.env: 0x7f3cddfd83e0
2018/10/25-11:42:12.969632 7f3cde5fb700                                Options.info_log: 0x7f3c243d38a0
2018/10/25-11:42:12.969633 7f3cde5fb700                Options.max_file_opening_threads: 16
2018/10/25-11:42:12.969634 7f3cde5fb700                              Options.statistics: (nil)
2018/10/25-11:42:12.969635 7f3cde5fb700                               Options.use_fsync: 0
2018/10/25-11:42:12.969636 7f3cde5fb700                       Options.max_log_file_size: 0
2018/10/25-11:42:12.969637 7f3cde5fb700                  Options.max_manifest_file_size: 18446744073709551615
2018/10/25-11:42:12.969638 7f3cde5fb700                   Options.log_file_time_to_roll: 0
2018/10/25-11:42:12.969639 7f3cde5fb700                       Options.keep_log_file_num: 1000
2018/10/25-11:42:12.969640 7f3cde5fb700                    Options.recycle_log_file_num: 0
2018/10/25-11:42:12.969641 7f3cde5fb700                         Options.allow_fallocate: 1
2018/10/25-11:42:12.969642 7f3cde5fb700                        Options.allow_mmap_reads: 0
2018/10/25-11:42:12.969643 7f3cde5fb700                       Options.allow_mmap_writes: 0
2018/10/25-11:42:12.969644 7f3cde5fb700                        Options.use_direct_reads: 0
2018/10/25-11:42:12.969645 7f3cde5fb700                        Options.use_direct_io_for_flush_and_compaction: 0
2018/10/25-11:42:12.969646 7f3cde5fb700          Options.create_missing_column_families: 1
2018/10/25-11:42:12.969646 7f3cde5fb700                              Options.db_log_dir: 
2018/10/25-11:42:12.969647 7f3cde5fb700                                 Options.wal_dir: /mnt/sdb1/ycsb-rocksdb-data
2018/10/25-11:42:12.969648 7f3cde5fb700                Options.table_cache_numshardbits: 6
2018/10/25-11:42:12.969649 7f3cde5fb700                      Options.max_subcompactions: 4
2018/10/25-11:42:12.969650 7f3cde5fb700                  Options.max_background_flushes: 24
2018/10/25-11:42:12.969651 7f3cde5fb700                         Options.WAL_ttl_seconds: 0
2018/10/25-11:42:12.969651 7f3cde5fb700                       Options.WAL_size_limit_MB: 0
2018/10/25-11:42:12.969652 7f3cde5fb700             Options.manifest_preallocation_size: 4194304
2018/10/25-11:42:12.969653 7f3cde5fb700                     Options.is_fd_close_on_exec: 1
2018/10/25-11:42:12.969654 7f3cde5fb700                   Options.advise_random_on_open: 1
2018/10/25-11:42:12.969655 7f3cde5fb700                    Options.db_write_buffer_size: 0
2018/10/25-11:42:12.969656 7f3cde5fb700                    Options.write_buffer_manager: 0x7f3c243d0580
2018/10/25-11:42:12.969656 7f3cde5fb700         Options.access_hint_on_compaction_start: 1
2018/10/25-11:42:12.969657 7f3cde5fb700  Options.new_table_reader_for_compaction_inputs: 0
2018/10/25-11:42:12.969658 7f3cde5fb700           Options.random_access_max_buffer_size: 1048576
2018/10/25-11:42:12.969659 7f3cde5fb700                      Options.use_adaptive_mutex: 0
2018/10/25-11:42:12.969671 7f3cde5fb700                            Options.rate_limiter: (nil)
2018/10/25-11:42:12.969673 7f3cde5fb700     Options.sst_file_manager.rate_bytes_per_sec: 0
2018/10/25-11:42:12.969674 7f3cde5fb700                       Options.wal_recovery_mode: 2
2018/10/25-11:42:12.969675 7f3cde5fb700                  Options.enable_thread_tracking: 0
2018/10/25-11:42:12.969676 7f3cde5fb700                  Options.enable_pipelined_write: 1
2018/10/25-11:42:12.969677 7f3cde5fb700         Options.allow_concurrent_memtable_write: 1
2018/10/25-11:42:12.969677 7f3cde5fb700      Options.enable_write_thread_adaptive_yield: 1
2018/10/25-11:42:12.969678 7f3cde5fb700             Options.write_thread_max_yield_usec: 100
2018/10/25-11:42:12.969679 7f3cde5fb700            Options.write_thread_slow_yield_usec: 3
2018/10/25-11:42:12.969680 7f3cde5fb700                               Options.row_cache: None
2018/10/25-11:42:12.969681 7f3cde5fb700                              Options.wal_filter: None
2018/10/25-11:42:12.969682 7f3cde5fb700             Options.avoid_flush_during_recovery: 0
2018/10/25-11:42:12.969683 7f3cde5fb700             Options.allow_ingest_behind: 0
2018/10/25-11:42:12.969683 7f3cde5fb700             Options.preserve_deletes: 0
2018/10/25-11:42:12.969684 7f3cde5fb700             Options.two_write_queues: 0
2018/10/25-11:42:12.969685 7f3cde5fb700             Options.manual_wal_flush: 0
2018/10/25-11:42:12.969687 7f3cde5fb700             Options.max_background_jobs: 24
2018/10/25-11:42:12.969688 7f3cde5fb700             Options.max_background_compactions: 24
2018/10/25-11:42:12.969689 7f3cde5fb700             Options.avoid_flush_during_shutdown: 0
2018/10/25-11:42:12.969689 7f3cde5fb700           Options.writable_file_max_buffer_size: 1048576
2018/10/25-11:42:12.969690 7f3cde5fb700             Options.delayed_write_rate : 16777216
2018/10/25-11:42:12.969691 7f3cde5fb700             Options.max_total_wal_size: 0
2018/10/25-11:42:12.969692 7f3cde5fb700             Options.delete_obsolete_files_period_micros: 21600000000
2018/10/25-11:42:12.969693 7f3cde5fb700                   Options.stats_dump_period_sec: 60
2018/10/25-11:42:12.969694 7f3cde5fb700                          Options.max_open_files: -1
2018/10/25-11:42:12.969695 7f3cde5fb700                          Options.bytes_per_sync: 1048576
2018/10/25-11:42:12.969696 7f3cde5fb700                      Options.wal_bytes_per_sync: 0
2018/10/25-11:42:12.969697 7f3cde5fb700       Options.compaction_readahead_size: 0
2018/10/25-11:42:12.969698 7f3cde5fb700 Compression algorithms supported:
2018/10/25-11:42:12.969699 7f3cde5fb700 	kZSTDNotFinalCompression supported: 1
2018/10/25-11:42:12.969707 7f3cde5fb700 	kZSTD supported: 1
2018/10/25-11:42:12.969708 7f3cde5fb700 	kXpressCompression supported: 0
2018/10/25-11:42:12.969709 7f3cde5fb700 	kLZ4HCCompression supported: 1
2018/10/25-11:42:12.969710 7f3cde5fb700 	kLZ4Compression supported: 1
2018/10/25-11:42:12.969711 7f3cde5fb700 	kBZip2Compression supported: 1
2018/10/25-11:42:12.969712 7f3cde5fb700 	kZlibCompression supported: 1
2018/10/25-11:42:12.969713 7f3cde5fb700 	kSnappyCompression supported: 1
2018/10/25-11:42:12.969716 7f3cde5fb700 Fast CRC32 supported: Supported on x86
2018/10/25-11:42:12.970371 7f3cde5fb700 [db/version_set.cc:3085] Recovering from manifest file: MANIFEST-005496
2018/10/25-11:42:12.970457 7f3cde5fb700 [db/column_family.cc:475] --------------- Options for column family [default]:
2018/10/25-11:42:12.970461 7f3cde5fb700               Options.comparator: leveldb.BytewiseComparator
2018/10/25-11:42:12.970462 7f3cde5fb700           Options.merge_operator: None
2018/10/25-11:42:12.970463 7f3cde5fb700        Options.compaction_filter: None
2018/10/25-11:42:12.970464 7f3cde5fb700        Options.compaction_filter_factory: None
2018/10/25-11:42:12.970465 7f3cde5fb700         Options.memtable_factory: SkipListFactory
2018/10/25-11:42:12.970466 7f3cde5fb700            Options.table_factory: BlockBasedTable
2018/10/25-11:42:12.970498 7f3cde5fb700            table_factory options:   flush_block_policy_factory: FlushBlockBySizePolicyFactory (0x7f3c243849a0)
  cache_index_and_filter_blocks: 0
  cache_index_and_filter_blocks_with_high_priority: 0
  pin_l0_filter_and_index_blocks_in_cache: 0
  index_type: 0
  hash_index_allow_collision: 1
  checksum: 1
  no_block_cache: 0
  block_cache: 0x7f3c2438db30
  block_cache_name: LRUCache
  block_cache_options:
    capacity : 8388608
    num_shard_bits : 4
    strict_capacity_limit : 0
    high_pri_pool_ratio: 0.000
  block_cache_compressed: (nil)
  persistent_cache: (nil)
  block_size: 8192
  block_size_deviation: 10
  block_restart_interval: 16
  index_block_restart_interval: 1
  metadata_block_size: 4096
  partition_filters: 0
  use_delta_encoding: 1
  filter_policy: nullptr
  whole_key_filtering: 1
  verify_compression: 0
  read_amp_bytes_per_bit: 0
  format_version: 2
  enable_index_compression: 1
  block_align: 0
2018/10/25-11:42:12.970511 7f3cde5fb700        Options.write_buffer_size: 134217728
2018/10/25-11:42:12.970512 7f3cde5fb700  Options.max_write_buffer_number: 24
2018/10/25-11:42:12.970514 7f3cde5fb700        Options.compression[0]: NoCompression
2018/10/25-11:42:12.970515 7f3cde5fb700        Options.compression[1]: NoCompression
2018/10/25-11:42:12.970516 7f3cde5fb700        Options.compression[2]: LZ4
2018/10/25-11:42:12.970517 7f3cde5fb700        Options.compression[3]: LZ4
2018/10/25-11:42:12.970517 7f3cde5fb700        Options.compression[4]: LZ4
2018/10/25-11:42:12.970518 7f3cde5fb700        Options.compression[5]: LZ4
2018/10/25-11:42:12.970519 7f3cde5fb700        Options.compression[6]: LZ4
2018/10/25-11:42:12.970520 7f3cde5fb700                  Options.bottommost_compression: Disabled
2018/10/25-11:42:12.970521 7f3cde5fb700       Options.prefix_extractor: nullptr
2018/10/25-11:42:12.970522 7f3cde5fb700   Options.memtable_insert_with_hint_prefix_extractor: nullptr
2018/10/25-11:42:12.970523 7f3cde5fb700             Options.num_levels: 7
2018/10/25-11:42:12.970524 7f3cde5fb700        Options.min_write_buffer_number_to_merge: 2
2018/10/25-11:42:12.970525 7f3cde5fb700     Options.max_write_buffer_number_to_maintain: 0
2018/10/25-11:42:12.970526 7f3cde5fb700            Options.compression_opts.window_bits: -14
2018/10/25-11:42:12.970527 7f3cde5fb700                  Options.compression_opts.level: -1
2018/10/25-11:42:12.970528 7f3cde5fb700               Options.compression_opts.strategy: 0
2018/10/25-11:42:12.970528 7f3cde5fb700         Options.compression_opts.max_dict_bytes: 0
2018/10/25-11:42:12.970529 7f3cde5fb700         Options.compression_opts.zstd_max_train_bytes: 0
2018/10/25-11:42:12.970530 7f3cde5fb700      Options.level0_file_num_compaction_trigger: 2
2018/10/25-11:42:12.970531 7f3cde5fb700          Options.level0_slowdown_writes_trigger: 20
2018/10/25-11:42:12.970532 7f3cde5fb700              Options.level0_stop_writes_trigger: 36
2018/10/25-11:42:12.970533 7f3cde5fb700                   Options.target_file_size_base: 67108864
2018/10/25-11:42:12.970534 7f3cde5fb700             Options.target_file_size_multiplier: 1
2018/10/25-11:42:12.970535 7f3cde5fb700                Options.max_bytes_for_level_base: 536870912
2018/10/25-11:42:12.970535 7f3cde5fb700 Options.level_compaction_dynamic_level_bytes: 0
2018/10/25-11:42:12.970536 7f3cde5fb700          Options.max_bytes_for_level_multiplier: 10.000000
2018/10/25-11:42:12.970539 7f3cde5fb700 Options.max_bytes_for_level_multiplier_addtl[0]: 1
2018/10/25-11:42:12.970541 7f3cde5fb700 Options.max_bytes_for_level_multiplier_addtl[1]: 1
2018/10/25-11:42:12.970541 7f3cde5fb700 Options.max_bytes_for_level_multiplier_addtl[2]: 1
2018/10/25-11:42:12.970542 7f3cde5fb700 Options.max_bytes_for_level_multiplier_addtl[3]: 1
2018/10/25-11:42:12.970543 7f3cde5fb700 Options.max_bytes_for_level_multiplier_addtl[4]: 1
2018/10/25-11:42:12.970544 7f3cde5fb700 Options.max_bytes_for_level_multiplier_addtl[5]: 1
2018/10/25-11:42:12.970545 7f3cde5fb700 Options.max_bytes_for_level_multiplier_addtl[6]: 1
2018/10/25-11:42:12.970546 7f3cde5fb700       Options.max_sequential_skip_in_iterations: 8
2018/10/25-11:42:12.970547 7f3cde5fb700                    Options.max_compaction_bytes: 1677721600
2018/10/25-11:42:12.970553 7f3cde5fb700                        Options.arena_block_size: 16777216
2018/10/25-11:42:12.970554 7f3cde5fb700   Options.soft_pending_compaction_bytes_limit: 68719476736
2018/10/25-11:42:12.970555 7f3cde5fb700   Options.hard_pending_compaction_bytes_limit: 274877906944
2018/10/25-11:42:12.970556 7f3cde5fb700       Options.rate_limit_delay_max_milliseconds: 100
2018/10/25-11:42:12.970557 7f3cde5fb700                Options.disable_auto_compactions: 0
2018/10/25-11:42:12.970559 7f3cde5fb700                        Options.compaction_style: kCompactionStyleLevel
2018/10/25-11:42:12.970561 7f3cde5fb700                          Options.compaction_pri: kByCompensatedSize
2018/10/25-11:42:12.970562 7f3cde5fb700 Options.compaction_options_universal.size_ratio: 1
2018/10/25-11:42:12.970563 7f3cde5fb700 Options.compaction_options_universal.min_merge_width: 2
2018/10/25-11:42:12.970564 7f3cde5fb700 Options.compaction_options_universal.max_merge_width: 4294967295
2018/10/25-11:42:12.970564 7f3cde5fb700 Options.compaction_options_universal.max_size_amplification_percent: 200
2018/10/25-11:42:12.970565 7f3cde5fb700 Options.compaction_options_universal.compression_size_percent: -1
2018/10/25-11:42:12.970567 7f3cde5fb700 Options.compaction_options_universal.stop_style: kCompactionStopStyleTotalSize
2018/10/25-11:42:12.970568 7f3cde5fb700 Options.compaction_options_fifo.max_table_files_size: 1073741824
2018/10/25-11:42:12.970569 7f3cde5fb700 Options.compaction_options_fifo.allow_compaction: 0
2018/10/25-11:42:12.970570 7f3cde5fb700 Options.compaction_options_fifo.ttl: 0
2018/10/25-11:42:12.970571 7f3cde5fb700                   Options.table_properties_collectors: 
2018/10/25-11:42:12.970572 7f3cde5fb700                   Options.inplace_update_support: 0
2018/10/25-11:42:12.970572 7f3cde5fb700                 Options.inplace_update_num_locks: 10000
2018/10/25-11:42:12.970573 7f3cde5fb700               Options.memtable_prefix_bloom_size_ratio: 0.000000
2018/10/25-11:42:12.970575 7f3cde5fb700   Options.memtable_huge_page_size: 0
2018/10/25-11:42:12.970576 7f3cde5fb700                           Options.bloom_locality: 0
2018/10/25-11:42:12.970577 7f3cde5fb700                    Options.max_successive_merges: 0
2018/10/25-11:42:12.970577 7f3cde5fb700                Options.optimize_filters_for_hits: 0
2018/10/25-11:42:12.970578 7f3cde5fb700                Options.paranoid_file_checks: 0
2018/10/25-11:42:12.970579 7f3cde5fb700                Options.force_consistency_checks: 0
2018/10/25-11:42:12.970580 7f3cde5fb700                Options.report_bg_io_stats: 0
2018/10/25-11:42:12.970581 7f3cde5fb700                               Options.ttl: 0
2018/10/25-11:42:12.971104 7f3cde5fb700 [db/column_family.cc:475] --------------- Options for column family [usertable]:
2018/10/25-11:42:12.971107 7f3cde5fb700               Options.comparator: leveldb.BytewiseComparator
2018/10/25-11:42:12.971108 7f3cde5fb700           Options.merge_operator: None
2018/10/25-11:42:12.971109 7f3cde5fb700        Options.compaction_filter: None
2018/10/25-11:42:12.971110 7f3cde5fb700        Options.compaction_filter_factory: None
2018/10/25-11:42:12.971111 7f3cde5fb700         Options.memtable_factory: SkipListFactory
2018/10/25-11:42:12.971112 7f3cde5fb700            Options.table_factory: BlockBasedTable
2018/10/25-11:42:12.971133 7f3cde5fb700            table_factory options:   flush_block_policy_factory: FlushBlockBySizePolicyFactory (0x7f3c24384980)
  cache_index_and_filter_blocks: 0
  cache_index_and_filter_blocks_with_high_priority: 0
  pin_l0_filter_and_index_blocks_in_cache: 0
  index_type: 0
  hash_index_allow_collision: 1
  checksum: 1
  no_block_cache: 0
  block_cache: 0x7f3c243854e0
  block_cache_name: LRUCache
  block_cache_options:
    capacity : 8388608
    num_shard_bits : 4
    strict_capacity_limit : 0
    high_pri_pool_ratio: 0.000
  block_cache_compressed: (nil)
  persistent_cache: (nil)
  block_size: 8192
  block_size_deviation: 10
  block_restart_interval: 16
  index_block_restart_interval: 1
  metadata_block_size: 4096
  partition_filters: 0
  use_delta_encoding: 1
  filter_policy: nullptr
  whole_key_filtering: 1
  verify_compression: 0
  read_amp_bytes_per_bit: 0
  format_version: 2
  enable_index_compression: 1
  block_align: 0
2018/10/25-11:42:12.971144 7f3cde5fb700        Options.write_buffer_size: 134217728
2018/10/25-11:42:12.971146 7f3cde5fb700  Options.max_write_buffer_number: 24
2018/10/25-11:42:12.971147 7f3cde5fb700        Options.compression[0]: NoCompression
2018/10/25-11:42:12.971148 7f3cde5fb700        Options.compression[1]: NoCompression
2018/10/25-11:42:12.971149 7f3cde5fb700        Options.compression[2]: LZ4
2018/10/25-11:42:12.971150 7f3cde5fb700        Options.compression[3]: LZ4
2018/10/25-11:42:12.971151 7f3cde5fb700        Options.compression[4]: LZ4
2018/10/25-11:42:12.971151 7f3cde5fb700        Options.compression[5]: LZ4
2018/10/25-11:42:12.971152 7f3cde5fb700        Options.compression[6]: LZ4
2018/10/25-11:42:12.971153 7f3cde5fb700                  Options.bottommost_compression: Disabled
2018/10/25-11:42:12.971154 7f3cde5fb700       Options.prefix_extractor: nullptr
2018/10/25-11:42:12.971155 7f3cde5fb700   Options.memtable_insert_with_hint_prefix_extractor: nullptr
2018/10/25-11:42:12.971156 7f3cde5fb700             Options.num_levels: 7
2018/10/25-11:42:12.971157 7f3cde5fb700        Options.min_write_buffer_number_to_merge: 2
2018/10/25-11:42:12.971158 7f3cde5fb700     Options.max_write_buffer_number_to_maintain: 0
2018/10/25-11:42:12.971158 7f3cde5fb700            Options.compression_opts.window_bits: -14
2018/10/25-11:42:12.971159 7f3cde5fb700                  Options.compression_opts.level: -1
2018/10/25-11:42:12.971160 7f3cde5fb700               Options.compression_opts.strategy: 0
2018/10/25-11:42:12.971161 7f3cde5fb700         Options.compression_opts.max_dict_bytes: 0
2018/10/25-11:42:12.971162 7f3cde5fb700         Options.compression_opts.zstd_max_train_bytes: 0
2018/10/25-11:42:12.971163 7f3cde5fb700      Options.level0_file_num_compaction_trigger: 2
2018/10/25-11:42:12.971163 7f3cde5fb700          Options.level0_slowdown_writes_trigger: 20
2018/10/25-11:42:12.971164 7f3cde5fb700              Options.level0_stop_writes_trigger: 36
2018/10/25-11:42:12.971165 7f3cde5fb700                   Options.target_file_size_base: 67108864
2018/10/25-11:42:12.971166 7f3cde5fb700             Options.target_file_size_multiplier: 1
2018/10/25-11:42:12.971167 7f3cde5fb700                Options.max_bytes_for_level_base: 536870912
2018/10/25-11:42:12.971168 7f3cde5fb700 Options.level_compaction_dynamic_level_bytes: 0
2018/10/25-11:42:12.971169 7f3cde5fb700          Options.max_bytes_for_level_multiplier: 10.000000
2018/10/25-11:42:12.971171 7f3cde5fb700 Options.max_bytes_for_level_multiplier_addtl[0]: 1
2018/10/25-11:42:12.971172 7f3cde5fb700 Options.max_bytes_for_level_multiplier_addtl[1]: 1
2018/10/25-11:42:12.971172 7f3cde5fb700 Options.max_bytes_for_level_multiplier_addtl[2]: 1
2018/10/25-11:42:12.971173 7f3cde5fb700 Options.max_bytes_for_level_multiplier_addtl[3]: 1
2018/10/25-11:42:12.971174 7f3cde5fb700 Options.max_bytes_for_level_multiplier_addtl[4]: 1
2018/10/25-11:42:12.971175 7f3cde5fb700 Options.max_bytes_for_level_multiplier_addtl[5]: 1
2018/10/25-11:42:12.971176 7f3cde5fb700 Options.max_bytes_for_level_multiplier_addtl[6]: 1
2018/10/25-11:42:12.971177 7f3cde5fb700       Options.max_sequential_skip_in_iterations: 8
2018/10/25-11:42:12.971178 7f3cde5fb700                    Options.max_compaction_bytes: 1677721600
2018/10/25-11:42:12.971178 7f3cde5fb700                        Options.arena_block_size: 16777216
2018/10/25-11:42:12.971179 7f3cde5fb700   Options.soft_pending_compaction_bytes_limit: 68719476736
2018/10/25-11:42:12.971180 7f3cde5fb700   Options.hard_pending_compaction_bytes_limit: 274877906944
2018/10/25-11:42:12.971181 7f3cde5fb700       Options.rate_limit_delay_max_milliseconds: 100
2018/10/25-11:42:12.971182 7f3cde5fb700                Options.disable_auto_compactions: 0
2018/10/25-11:42:12.971183 7f3cde5fb700                        Options.compaction_style: kCompactionStyleLevel
2018/10/25-11:42:12.971190 7f3cde5fb700                          Options.compaction_pri: kByCompensatedSize
2018/10/25-11:42:12.971191 7f3cde5fb700 Options.compaction_options_universal.size_ratio: 1
2018/10/25-11:42:12.971192 7f3cde5fb700 Options.compaction_options_universal.min_merge_width: 2
2018/10/25-11:42:12.971193 7f3cde5fb700 Options.compaction_options_universal.max_merge_width: 4294967295
2018/10/25-11:42:12.971194 7f3cde5fb700 Options.compaction_options_universal.max_size_amplification_percent: 200
2018/10/25-11:42:12.971195 7f3cde5fb700 Options.compaction_options_universal.compression_size_percent: -1
2018/10/25-11:42:12.971196 7f3cde5fb700 Options.compaction_options_universal.stop_style: kCompactionStopStyleTotalSize
2018/10/25-11:42:12.971197 7f3cde5fb700 Options.compaction_options_fifo.max_table_files_size: 1073741824
2018/10/25-11:42:12.971197 7f3cde5fb700 Options.compaction_options_fifo.allow_compaction: 0
2018/10/25-11:42:12.971198 7f3cde5fb700 Options.compaction_options_fifo.ttl: 0
2018/10/25-11:42:12.971199 7f3cde5fb700                   Options.table_properties_collectors: 
2018/10/25-11:42:12.971200 7f3cde5fb700                   Options.inplace_update_support: 0
2018/10/25-11:42:12.971201 7f3cde5fb700                 Options.inplace_update_num_locks: 10000
2018/10/25-11:42:12.971202 7f3cde5fb700               Options.memtable_prefix_bloom_size_ratio: 0.000000
2018/10/25-11:42:12.971203 7f3cde5fb700   Options.memtable_huge_page_size: 0
2018/10/25-11:42:12.971204 7f3cde5fb700                           Options.bloom_locality: 0
2018/10/25-11:42:12.971205 7f3cde5fb700                    Options.max_successive_merges: 0
2018/10/25-11:42:12.971206 7f3cde5fb700                Options.optimize_filters_for_hits: 0
2018/10/25-11:42:12.971207 7f3cde5fb700                Options.paranoid_file_checks: 0
2018/10/25-11:42:12.971207 7f3cde5fb700                Options.force_consistency_checks: 0
2018/10/25-11:42:12.971208 7f3cde5fb700                Options.report_bg_io_stats: 0
2018/10/25-11:42:12.971209 7f3cde5fb700                               Options.ttl: 0
2018/10/25-11:42:13.211900 7f3cde5fb700 [db/version_set.cc:3361] Recovered from manifest file:/mnt/sdb1/ycsb-rocksdb-data/MANIFEST-005496 succeeded,manifest_file_number is 5496, next_file_number is 6138, last_sequence is 14300330, log_number is 0,prev_log_number is 0,max_column_family is 1,min_log_number_to_keep is 0
2018/10/25-11:42:13.211908 7f3cde5fb700 [db/version_set.cc:3369] Column family [default] (ID 0), log number is 5494
2018/10/25-11:42:13.211909 7f3cde5fb700 [db/version_set.cc:3369] Column family [usertable] (ID 1), log number is 6135
2018/10/25-11:42:13.212842 7f3cde5fb700 EVENT_LOG_v1 {"time_micros": 1540492933212825, "job": 1, "event": "recovery_started", "log_files": [6135, 6137, 6138]}
2018/10/25-11:42:13.212850 7f3cde5fb700 [db/db_impl_open.cc:551] Recovering log #6135 mode 2
2018/10/25-11:42:13.578443 7f3cde5fb700 [db/db_impl_open.cc:551] Recovering log #6137 mode 2
2018/10/25-11:42:14.293911 7f3cde5fb700 EVENT_LOG_v1 {"time_micros": 1540492934293886, "cf_name": "usertable", "job": 1, "event": "table_file_creation", "file_number": 6138, "file_size": 91693493, "table_properties": {"data_size": 91302863, "index_size": 389708, "filter_size": 0, "raw_key_size": 531360, "raw_average_key_size": 24, "raw_value_size": 90685440, "raw_average_value_size": 4096, "num_data_blocks": 11070, "num_entries": 22140, "filter_policy_name": "", "kDeletedKeys": "0", "kMergeOperands": "0"}}
2018/10/25-11:42:15.250475 7f3cde5fb700 [db/db_impl_open.cc:551] Recovering log #6138 mode 2
2018/10/25-11:42:15.285436 7f3cde5fb700 [db/version_set.cc:2847] Creating manifest 6140
2018/10/25-11:42:15.752506 7f3cde5fb700 EVENT_LOG_v1 {"time_micros": 1540492935752482, "cf_name": "usertable", "job": 1, "event": "table_file_creation", "file_number": 6141, "file_size": 83766475, "table_properties": {"data_size": 83409988, "index_size": 355565, "filter_size": 0, "raw_key_size": 485424, "raw_average_key_size": 24, "raw_value_size": 82845696, "raw_average_value_size": 4096, "num_data_blocks": 10113, "num_entries": 20226, "filter_policy_name": "", "kDeletedKeys": "0", "kMergeOperands": "0"}}
2018/10/25-11:42:15.781207 7f3cde5fb700 EVENT_LOG_v1 {"time_micros": 1540492935781203, "job": 1, "event": "recovery_finished"}
2018/10/25-11:42:15.846086 7f3cde5fb700 [db/db_impl_open.cc:1219] DB pointer 0x7f3c243d2930
2018/10/25-11:42:15.846388 7f3c997fa700 [WARN] [db/db_impl.cc:491] ------- DUMPING STATS -------
2018/10/25-11:42:15.846434 7f3c997fa700 [WARN] [db/db_impl.cc:492] 
** DB Stats **
Uptime(secs): 2.9 total, 2.9 interval
Cumulative writes: 0 writes, 0 keys, 0 commit groups, 0.0 writes per commit group, ingest: 0.00 GB, 0.00 MB/s
Cumulative WAL: 0 writes, 0 syncs, 0.00 writes per sync, written: 0.00 GB, 0.00 MB/s
Cumulative stall: 00:00:0.000 H:M:S, 0.0 percent
Interval writes: 0 writes, 0 keys, 0 commit groups, 0.0 writes per commit group, ingest: 0.00 MB, 0.00 MB/s
Interval WAL: 0 writes, 0 syncs, 0.00 writes per sync, written: 0.00 MB, 0.00 MB/s
Interval stall: 00:00:0.000 H:M:S, 0.0 percent

** Compaction Stats [default] **
Level    Files   Size     Score Read(GB)  Rn(GB) Rnp1(GB) Write(GB) Wnew(GB) Moved(GB) W-Amp Rd(MB/s) Wr(MB/s) Comp(sec) Comp(cnt) Avg(sec) KeyIn KeyDrop
----------------------------------------------------------------------------------------------------------------------------------------------------------
 Sum      0/0    0.00 KB   0.0      0.0     0.0      0.0       0.0      0.0       0.0   0.0      0.0      0.0         0         0    0.000       0      0
 Int      0/0    0.00 KB   0.0      0.0     0.0      0.0       0.0      0.0       0.0   0.0      0.0      0.0         0         0    0.000       0      0
Uptime(secs): 2.9 total, 2.9 interval
Flush(GB): cumulative 0.000, interval 0.000
AddFile(GB): cumulative 0.000, interval 0.000
AddFile(Total Files): cumulative 0, interval 0
AddFile(L0 Files): cumulative 0, interval 0
AddFile(Keys): cumulative 0, interval 0
Cumulative compaction: 0.00 GB write, 0.00 MB/s write, 0.00 GB read, 0.00 MB/s read, 0.0 seconds
Interval compaction: 0.00 GB write, 0.00 MB/s write, 0.00 GB read, 0.00 MB/s read, 0.0 seconds
Stalls(count): 0 level0_slowdown, 0 level0_slowdown_with_compaction, 0 level0_numfiles, 0 level0_numfiles_with_compaction, 0 stop for pending_compaction_bytes, 0 slowdown for pending_compaction_bytes, 0 memtable_compaction, 0 memtable_slowdown, interval 0 total count

** File Read Latency Histogram By Level [default] **

** Compaction Stats [usertable] **
Level    Files   Size     Score Read(GB)  Rn(GB) Rnp1(GB) Write(GB) Wnew(GB) Moved(GB) W-Amp Rd(MB/s) Wr(MB/s) Comp(sec) Comp(cnt) Avg(sec) KeyIn KeyDrop
----------------------------------------------------------------------------------------------------------------------------------------------------------
  L0      3/0   317.46 MB   1.5      0.0     0.0      0.0       0.2      0.2       0.0   1.0      0.0    159.4         1         2    0.525       0      0
  L1     11/0   496.17 MB   1.0      0.0     0.0      0.0       0.0      0.0       0.0   0.0      0.0      0.0         0         0    0.000       0      0
  L2     85/0    4.94 GB   1.0      0.0     0.0      0.0       0.0      0.0       0.0   0.0      0.0      0.0         0         0    0.000       0      0
  L3    188/0    9.75 GB   0.2      0.0     0.0      0.0       0.0      0.0       0.0   0.0      0.0      0.0         0         0    0.000       0      0
 Sum    287/0   15.49 GB   0.0      0.0     0.0      0.0       0.2      0.2       0.0   1.0      0.0    159.4         1         2    0.525       0      0
 Int      0/0    0.00 KB   0.0      0.0     0.0      0.0       0.2      0.2       0.0   1.0      0.0    159.4         1         2    0.525       0      0
Uptime(secs): 2.9 total, 2.9 interval
Flush(GB): cumulative 0.163, interval 0.163
AddFile(GB): cumulative 0.000, interval 0.000
AddFile(Total Files): cumulative 0, interval 0
AddFile(L0 Files): cumulative 0, interval 0
AddFile(Keys): cumulative 0, interval 0
Cumulative compaction: 0.16 GB write, 58.20 MB/s write, 0.00 GB read, 0.00 MB/s read, 1.0 seconds
Interval compaction: 0.16 GB write, 58.20 MB/s write, 0.00 GB read, 0.00 MB/s read, 1.0 seconds
Stalls(count): 0 level0_slowdown, 0 level0_slowdown_with_compaction, 0 level0_numfiles, 0 level0_numfiles_with_compaction, 0 stop for pending_compaction_bytes, 0 slowdown for pending_compaction_bytes, 0 memtable_compaction, 0 memtable_slowdown, interval 0 total count

** File Read Latency Histogram By Level [usertable] **

** Compaction Stats [default] **
Level    Files   Size     Score Read(GB)  Rn(GB) Rnp1(GB) Write(GB) Wnew(GB) Moved(GB) W-Amp Rd(MB/s) Wr(MB/s) Comp(sec) Comp(cnt) Avg(sec) KeyIn KeyDrop
----------------------------------------------------------------------------------------------------------------------------------------------------------
 Sum      0/0    0.00 KB   0.0      0.0     0.0      0.0       0.0      0.0       0.0   0.0      0.0      0.0         0         0    0.000       0      0
 Int      0/0    0.00 KB   0.0      0.0     0.0      0.0       0.0      0.0       0.0   0.0      0.0      0.0         0         0    0.000       0      0
Uptime(secs): 2.9 total, 0.0 interval
Flush(GB): cumulative 0.000, interval 0.000
AddFile(GB): cumulative 0.000, interval 0.000
AddFile(Total Files): cumulative 0, interval 0
AddFile(L0 Files): cumulative 0, interval 0
AddFile(Keys): cumulative 0, interval 0
Cumulative compaction: 0.00 GB write, 0.00 MB/s write, 0.00 GB read, 0.00 MB/s read, 0.0 seconds
Interval compaction: 0.00 GB write, 0.00 MB/s write, 0.00 GB read, 0.00 MB/s read, 0.0 seconds
Stalls(count): 0 level0_slowdown, 0 level0_slowdown_with_compaction, 0 level0_numfiles, 0 level0_numfiles_with_compaction, 0 stop for pending_compaction_bytes, 0 slowdown for pending_compaction_bytes, 0 memtable_compaction, 0 memtable_slowdown, interval 0 total count

** File Read Latency Histogram By Level [default] **

** Compaction Stats [usertable] **
Level    Files   Size     Score Read(GB)  Rn(GB) Rnp1(GB) Write(GB) Wnew(GB) Moved(GB) W-Amp Rd(MB/s) Wr(MB/s) Comp(sec) Comp(cnt) Avg(sec) KeyIn KeyDrop
----------------------------------------------------------------------------------------------------------------------------------------------------------
  L0      3/0   317.46 MB   1.5      0.0     0.0      0.0       0.2      0.2       0.0   1.0      0.0    159.4         1         2    0.525       0      0
  L1     11/0   496.17 MB   1.0      0.0     0.0      0.0       0.0      0.0       0.0   0.0      0.0      0.0         0         0    0.000       0      0
  L2     85/0    4.94 GB   1.0      0.0     0.0      0.0       0.0      0.0       0.0   0.0      0.0      0.0         0         0    0.000       0      0
  L3    188/0    9.75 GB   0.2      0.0     0.0      0.0       0.0      0.0       0.0   0.0      0.0      0.0         0         0    0.000       0      0
 Sum    287/0   15.49 GB   0.0      0.0     0.0      0.0       0.2      0.2       0.0   1.0      0.0    159.4         1         2    0.525       0      0
 Int      0/0    0.00 KB   0.0      0.0     0.0      0.0       0.0      0.0       0.0   0.0      0.0      0.0         0         0    0.000       0      0
Uptime(secs): 2.9 total, 0.0 interval
Flush(GB): cumulative 0.163, interval 0.000
AddFile(GB): cumulative 0.000, interval 0.000
AddFile(Total Files): cumulative 0, interval 0
AddFile(L0 Files): cumulative 0, interval 0
AddFile(Keys): cumulative 0, interval 0
Cumulative compaction: 0.16 GB write, 58.20 MB/s write, 0.00 GB read, 0.00 MB/s read, 1.0 seconds
Interval compaction: 0.00 GB write, 0.00 MB/s write, 0.00 GB read, 0.00 MB/s read, 0.0 seconds
Stalls(count): 0 level0_slowdown, 0 level0_slowdown_with_compaction, 0 level0_numfiles, 0 level0_numfiles_with_compaction, 0 stop for pending_compaction_bytes, 0 slowdown for pending_compaction_bytes, 0 memtable_compaction, 0 memtable_slowdown, interval 0 total count

** File Read Latency Histogram By Level [usertable] **
2018/10/25-11:42:15.846815 7f3c997fa700 [db/compaction_job.cc:1531] [usertable] [JOB 3] Compacting 3@0 + 11@1 files to L1, score 1.50
2018/10/25-11:42:15.846825 7f3c997fa700 [db/compaction_job.cc:1535] [usertable] Compaction start summary: Base version 5 Base level 0, inputs: [6141(79MB) 6138(87MB) 6136(150MB)], [6078(64MB) 6081(37MB) 6082(64MB) 6085(45MB) 6073(64MB) 6076(64MB) 6086(2969KB) 6077(64MB) 6079(64MB) 6083(24MB) 6075(546KB)]
2018/10/25-11:42:15.846860 7f3c997fa700 EVENT_LOG_v1 {"time_micros": 1540492935846832, "job": 3, "event": "compaction_started", "compaction_reason": "LevelL0FilesNum", "files_L0": [6141, 6138, 6136], "files_L1": [6078, 6081, 6082, 6085, 6073, 6076, 6086, 6077, 6079, 6083, 6075], "score": 1.5, "input_data_size": 853158092}
2018/10/25-11:42:15.929447 7f3b337fe700 [db/compaction_job.cc:1211] [usertable] [JOB 3] Generated table #6147: 168 keys, 696603 bytes
2018/10/25-11:42:15.929477 7f3b337fe700 EVENT_LOG_v1 {"time_micros": 1540492935929466, "cf_name": "usertable", "job": 3, "event": "table_file_creation", "file_number": 6147, "file_size": 696603, "table_properties": {"data_size": 692678, "index_size": 3010, "filter_size": 0, "raw_key_size": 4032, "raw_average_key_size": 24, "raw_value_size": 688128, "raw_average_value_size": 4096, "num_data_blocks": 84, "num_entries": 168, "filter_policy_name": "", "kDeletedKeys": "0", "kMergeOperands": "0"}}
2018/10/25-11:42:17.013009 7f3c997fa700 [db/compaction_job.cc:1211] [usertable] [JOB 3] Generated table #6145: 16277 keys, 67411874 bytes
2018/10/25-11:42:17.013037 7f3c997fa700 EVENT_LOG_v1 {"time_micros": 1540492937013023, "cf_name": "usertable", "job": 3, "event": "table_file_creation", "file_number": 6145, "file_size": 67411874, "table_properties": {"data_size": 67120186, "index_size": 290767, "filter_size": 0, "raw_key_size": 390648, "raw_average_key_size": 24, "raw_value_size": 66670592, "raw_average_value_size": 4096, "num_data_blocks": 8139, "num_entries": 16277, "filter_policy_name": "", "kDeletedKeys": "0", "kMergeOperands": "0"}}
2018/10/25-11:42:17.253476 7f3b327fc700 [db/compaction_job.cc:1211] [usertable] [JOB 3] Generated table #6148: 16277 keys, 67411891 bytes
2018/10/25-11:42:17.253513 7f3b327fc700 EVENT_LOG_v1 {"time_micros": 1540492937253498, "cf_name": "usertable", "job": 3, "event": "table_file_creation", "file_number": 6148, "file_size": 67411891, "table_properties": {"data_size": 67117466, "index_size": 293504, "filter_size": 0, "raw_key_size": 390648, "raw_average_key_size": 24, "raw_value_size": 66670592, "raw_average_value_size": 4096, "num_data_blocks": 8139, "num_entries": 16277, "filter_policy_name": "", "kDeletedKeys": "0", "kMergeOperands": "0"}}
2018/10/25-11:42:17.458196 7f3b32ffd700 [db/compaction_job.cc:1211] [usertable] [JOB 3] Generated table #6146: 16277 keys, 67411995 bytes
2018/10/25-11:42:17.458234 7f3b32ffd700 EVENT_LOG_v1 {"time_micros": 1540492937458218, "cf_name": "usertable", "job": 3, "event": "table_file_creation", "file_number": 6146, "file_size": 67411995, "table_properties": {"data_size": 67116500, "index_size": 294574, "filter_size": 0, "raw_key_size": 390648, "raw_average_key_size": 24, "raw_value_size": 66670592, "raw_average_value_size": 4096, "num_data_blocks": 8139, "num_entries": 16277, "filter_policy_name": "", "kDeletedKeys": "0", "kMergeOperands": "0"}}
2018/10/25-11:42:18.448605 7f3c997fa700 [db/compaction_job.cc:1211] [usertable] [JOB 3] Generated table #6149: 16277 keys, 67411929 bytes
2018/10/25-11:42:18.448645 7f3c997fa700 EVENT_LOG_v1 {"time_micros": 1540492938448627, "cf_name": "usertable", "job": 3, "event": "table_file_creation", "file_number": 6149, "file_size": 67411929, "table_properties": {"data_size": 67115585, "index_size": 295423, "filter_size": 0, "raw_key_size": 390648, "raw_average_key_size": 24, "raw_value_size": 66670592, "raw_average_value_size": 4096, "num_data_blocks": 8139, "num_entries": 16277, "filter_policy_name": "", "kDeletedKeys": "0", "kMergeOperands": "0"}}
2018/10/25-11:42:18.552521 7f3b327fc700 [db/compaction_job.cc:1211] [usertable] [JOB 3] Generated table #6150: 16277 keys, 67411836 bytes
2018/10/25-11:42:18.552553 7f3b327fc700 EVENT_LOG_v1 {"time_micros": 1540492938552539, "cf_name": "usertable", "job": 3, "event": "table_file_creation", "file_number": 6150, "file_size": 67411836, "table_properties": {"data_size": 67117070, "index_size": 293845, "filter_size": 0, "raw_key_size": 390648, "raw_average_key_size": 24, "raw_value_size": 66670592, "raw_average_value_size": 4096, "num_data_blocks": 8139, "num_entries": 16277, "filter_policy_name": "", "kDeletedKeys": "0", "kMergeOperands": "0"}}
2018/10/25-11:42:18.868753 7f3b32ffd700 [db/compaction_job.cc:1211] [usertable] [JOB 3] Generated table #6151: 16277 keys, 67411949 bytes
2018/10/25-11:42:18.868802 7f3b32ffd700 EVENT_LOG_v1 {"time_micros": 1540492938868774, "cf_name": "usertable", "job": 3, "event": "table_file_creation", "file_number": 6151, "file_size": 67411949, "table_properties": {"data_size": 67115708, "index_size": 295320, "filter_size": 0, "raw_key_size": 390648, "raw_average_key_size": 24, "raw_value_size": 66670592, "raw_average_value_size": 4096, "num_data_blocks": 8139, "num_entries": 16277, "filter_policy_name": "", "kDeletedKeys": "0", "kMergeOperands": "0"}}
2018/10/25-11:42:19.982456 7f3c997fa700 [db/compaction_job.cc:1211] [usertable] [JOB 3] Generated table #6152: 14209 keys, 58847211 bytes
2018/10/25-11:42:19.982505 7f3c997fa700 EVENT_LOG_v1 {"time_micros": 1540492939982490, "cf_name": "usertable", "job": 3, "event": "table_file_creation", "file_number": 6152, "file_size": 58847211, "table_properties": {"data_size": 58587697, "index_size": 258593, "filter_size": 0, "raw_key_size": 341016, "raw_average_key_size": 24, "raw_value_size": 58200064, "raw_average_value_size": 4096, "num_data_blocks": 7105, "num_entries": 14209, "filter_policy_name": "", "kDeletedKeys": "0", "kMergeOperands": "0"}}
2018/10/25-11:42:20.376201 7f3b327fc700 [db/compaction_job.cc:1211] [usertable] [JOB 3] Generated table #6153: 16277 keys, 67411904 bytes
2018/10/25-11:42:20.376237 7f3b327fc700 EVENT_LOG_v1 {"time_micros": 1540492940376222, "cf_name": "usertable", "job": 3, "event": "table_file_creation", "file_number": 6153, "file_size": 67411904, "table_properties": {"data_size": 67115526, "index_size": 295457, "filter_size": 0, "raw_key_size": 390648, "raw_average_key_size": 24, "raw_value_size": 66670592, "raw_average_value_size": 4096, "num_data_blocks": 8139, "num_entries": 16277, "filter_policy_name": "", "kDeletedKeys": "0", "kMergeOperands": "0"}}
2018/10/25-11:42:21.083084 7f3b32ffd700 [db/compaction_job.cc:1211] [usertable] [JOB 3] Generated table #6154: 16277 keys, 67412087 bytes
2018/10/25-11:42:21.083122 7f3b32ffd700 EVENT_LOG_v1 {"time_micros": 1540492941083106, "cf_name": "usertable", "job": 3, "event": "table_file_creation", "file_number": 6154, "file_size": 67412087, "table_properties": {"data_size": 67115672, "index_size": 295494, "filter_size": 0, "raw_key_size": 390648, "raw_average_key_size": 24, "raw_value_size": 66670592, "raw_average_value_size": 4096, "num_data_blocks": 8139, "num_entries": 16277, "filter_policy_name": "", "kDeletedKeys": "0", "kMergeOperands": "0"}}
