2018/11/18-03:29:37.842089 7f91bae1f0 RocksDB version: 5.14.3
2018/11/18-03:29:37.842240 7f91bae1f0 Git sha rocksdb_build_git_sha:
2018/11/18-03:29:37.842247 7f91bae1f0 Compile date Nov 15 2018
2018/11/18-03:29:37.842255 7f91bae1f0 DB SUMMARY
2018/11/18-03:29:37.842297 7f91bae1f0 SST files in /mnt/sda/ycsb-rocksdb-data dir, Total Num: 0, files: 
2018/11/18-03:29:37.842304 7f91bae1f0 Write Ahead Log file in /mnt/sda/ycsb-rocksdb-data: 
2018/11/18-03:29:37.842311 7f91bae1f0                         Options.error_if_exists: 0
2018/11/18-03:29:37.842314 7f91bae1f0                       Options.create_if_missing: 1
2018/11/18-03:29:37.842318 7f91bae1f0                         Options.paranoid_checks: 1
2018/11/18-03:29:37.842321 7f91bae1f0                                     Options.env: 0x7f909a7f18
2018/11/18-03:29:37.842324 7f91bae1f0                                Options.info_log: 0x7f3c3cbd10
2018/11/18-03:29:37.842327 7f91bae1f0                Options.max_file_opening_threads: 16
2018/11/18-03:29:37.842331 7f91bae1f0                              Options.statistics: (nil)
2018/11/18-03:29:37.842334 7f91bae1f0                               Options.use_fsync: 0
2018/11/18-03:29:37.842337 7f91bae1f0                       Options.max_log_file_size: 0
2018/11/18-03:29:37.842340 7f91bae1f0                  Options.max_manifest_file_size: 18446744073709551615
2018/11/18-03:29:37.842343 7f91bae1f0                   Options.log_file_time_to_roll: 0
2018/11/18-03:29:37.842346 7f91bae1f0                       Options.keep_log_file_num: 1000
2018/11/18-03:29:37.842349 7f91bae1f0                    Options.recycle_log_file_num: 0
2018/11/18-03:29:37.842352 7f91bae1f0                         Options.allow_fallocate: 1
2018/11/18-03:29:37.842355 7f91bae1f0                        Options.allow_mmap_reads: 0
2018/11/18-03:29:37.842358 7f91bae1f0                       Options.allow_mmap_writes: 0
2018/11/18-03:29:37.842361 7f91bae1f0                        Options.use_direct_reads: 0
2018/11/18-03:29:37.842364 7f91bae1f0                        Options.use_direct_io_for_flush_and_compaction: 0
2018/11/18-03:29:37.842367 7f91bae1f0          Options.create_missing_column_families: 1
2018/11/18-03:29:37.842369 7f91bae1f0                              Options.db_log_dir: 
2018/11/18-03:29:37.842372 7f91bae1f0                                 Options.wal_dir: /mnt/sda/ycsb-rocksdb-data
2018/11/18-03:29:37.842375 7f91bae1f0                Options.table_cache_numshardbits: 6
2018/11/18-03:29:37.842378 7f91bae1f0                      Options.max_subcompactions: 4
2018/11/18-03:29:37.842381 7f91bae1f0                  Options.max_background_flushes: 6
2018/11/18-03:29:37.842383 7f91bae1f0                         Options.WAL_ttl_seconds: 0
2018/11/18-03:29:37.842386 7f91bae1f0                       Options.WAL_size_limit_MB: 0
2018/11/18-03:29:37.842389 7f91bae1f0             Options.manifest_preallocation_size: 4194304
2018/11/18-03:29:37.842392 7f91bae1f0                     Options.is_fd_close_on_exec: 1
2018/11/18-03:29:37.842395 7f91bae1f0                   Options.advise_random_on_open: 1
2018/11/18-03:29:37.842397 7f91bae1f0                    Options.db_write_buffer_size: 0
2018/11/18-03:29:37.842400 7f91bae1f0                    Options.write_buffer_manager: 0x7f3c3cd100
2018/11/18-03:29:37.842403 7f91bae1f0         Options.access_hint_on_compaction_start: 1
2018/11/18-03:29:37.842406 7f91bae1f0  Options.new_table_reader_for_compaction_inputs: 0
2018/11/18-03:29:37.842409 7f91bae1f0           Options.random_access_max_buffer_size: 1048576
2018/11/18-03:29:37.842412 7f91bae1f0                      Options.use_adaptive_mutex: 0
2018/11/18-03:29:37.842415 7f91bae1f0                            Options.rate_limiter: (nil)
2018/11/18-03:29:37.842420 7f91bae1f0     Options.sst_file_manager.rate_bytes_per_sec: 0
2018/11/18-03:29:37.842423 7f91bae1f0                       Options.wal_recovery_mode: 2
2018/11/18-03:29:37.842426 7f91bae1f0                  Options.enable_thread_tracking: 0
2018/11/18-03:29:37.842429 7f91bae1f0                  Options.enable_pipelined_write: 1
2018/11/18-03:29:37.842432 7f91bae1f0         Options.allow_concurrent_memtable_write: 1
2018/11/18-03:29:37.842451 7f91bae1f0      Options.enable_write_thread_adaptive_yield: 1
2018/11/18-03:29:37.842455 7f91bae1f0             Options.write_thread_max_yield_usec: 100
2018/11/18-03:29:37.842458 7f91bae1f0            Options.write_thread_slow_yield_usec: 3
2018/11/18-03:29:37.842461 7f91bae1f0                               Options.row_cache: None
2018/11/18-03:29:37.842464 7f91bae1f0                              Options.wal_filter: None
2018/11/18-03:29:37.842467 7f91bae1f0             Options.avoid_flush_during_recovery: 0
2018/11/18-03:29:37.842470 7f91bae1f0             Options.allow_ingest_behind: 0
2018/11/18-03:29:37.842472 7f91bae1f0             Options.preserve_deletes: 0
2018/11/18-03:29:37.842475 7f91bae1f0             Options.two_write_queues: 0
2018/11/18-03:29:37.842478 7f91bae1f0             Options.manual_wal_flush: 0
2018/11/18-03:29:37.842482 7f91bae1f0             Options.max_background_jobs: 6
2018/11/18-03:29:37.842485 7f91bae1f0             Options.max_background_compactions: 6
2018/11/18-03:29:37.842488 7f91bae1f0             Options.avoid_flush_during_shutdown: 0
2018/11/18-03:29:37.842491 7f91bae1f0           Options.writable_file_max_buffer_size: 1048576
2018/11/18-03:29:37.842494 7f91bae1f0             Options.delayed_write_rate : 16777216
2018/11/18-03:29:37.842497 7f91bae1f0             Options.max_total_wal_size: 0
2018/11/18-03:29:37.842499 7f91bae1f0             Options.delete_obsolete_files_period_micros: 21600000000
2018/11/18-03:29:37.842502 7f91bae1f0                   Options.stats_dump_period_sec: 60
2018/11/18-03:29:37.842505 7f91bae1f0                          Options.max_open_files: -1
2018/11/18-03:29:37.842508 7f91bae1f0                          Options.bytes_per_sync: 1048576
2018/11/18-03:29:37.842511 7f91bae1f0                      Options.wal_bytes_per_sync: 0
2018/11/18-03:29:37.842514 7f91bae1f0       Options.compaction_readahead_size: 0
2018/11/18-03:29:37.842517 7f91bae1f0 Compression algorithms supported:
2018/11/18-03:29:37.842520 7f91bae1f0 	kZSTDNotFinalCompression supported: 1
2018/11/18-03:29:37.842555 7f91bae1f0 	kZSTD supported: 1
2018/11/18-03:29:37.842561 7f91bae1f0 	kXpressCompression supported: 0
2018/11/18-03:29:37.842564 7f91bae1f0 	kLZ4HCCompression supported: 1
2018/11/18-03:29:37.842568 7f91bae1f0 	kLZ4Compression supported: 1
2018/11/18-03:29:37.842571 7f91bae1f0 	kBZip2Compression supported: 1
2018/11/18-03:29:37.842574 7f91bae1f0 	kZlibCompression supported: 1
2018/11/18-03:29:37.842577 7f91bae1f0 	kSnappyCompression supported: 1
2018/11/18-03:29:37.842586 7f91bae1f0 Fast CRC32 supported: Not supported on x86
2018/11/18-03:29:37.842747 7f91bae1f0 [db/db_impl_open.cc:222] Creating manifest 1 
2018/11/18-03:29:37.955676 7f91bae1f0 [db/version_set.cc:3085] Recovering from manifest file: MANIFEST-000001
2018/11/18-03:29:37.956104 7f91bae1f0 [db/column_family.cc:475] --------------- Options for column family [default]:
2018/11/18-03:29:37.956119 7f91bae1f0               Options.comparator: leveldb.BytewiseComparator
2018/11/18-03:29:37.956127 7f91bae1f0           Options.merge_operator: None
2018/11/18-03:29:37.956134 7f91bae1f0        Options.compaction_filter: None
2018/11/18-03:29:37.956140 7f91bae1f0        Options.compaction_filter_factory: None
2018/11/18-03:29:37.956146 7f91bae1f0         Options.memtable_factory: SkipListFactory
2018/11/18-03:29:37.956153 7f91bae1f0            Options.table_factory: BlockBasedTable
2018/11/18-03:29:37.956258 7f91bae1f0            table_factory options:   flush_block_policy_factory: FlushBlockBySizePolicyFactory (0x7f3c371ed0)
  cache_index_and_filter_blocks: 0
  cache_index_and_filter_blocks_with_high_priority: 0
  pin_l0_filter_and_index_blocks_in_cache: 0
  index_type: 0
  hash_index_allow_collision: 1
  checksum: 1
  no_block_cache: 0
  block_cache: 0x7f3c37d160
  block_cache_name: LRUCache
  block_cache_options:
    capacity : 8388608
    num_shard_bits : 4
    strict_capacity_limit : 0
    high_pri_pool_ratio: 0.000
  block_cache_compressed: (nil)
  persistent_cache: (nil)
  block_size: 8192
  block_size_deviation: 10
  block_restart_interval: 16
  index_block_restart_interval: 1
  metadata_block_size: 4096
  partition_filters: 0
  use_delta_encoding: 1
  filter_policy: nullptr
  whole_key_filtering: 1
  verify_compression: 0
  read_amp_bytes_per_bit: 0
  format_version: 2
  enable_index_compression: 1
  block_align: 0
2018/11/18-03:29:37.956339 7f91bae1f0        Options.write_buffer_size: 134217728
2018/11/18-03:29:37.956348 7f91bae1f0  Options.max_write_buffer_number: 24
2018/11/18-03:29:37.956355 7f91bae1f0        Options.compression[0]: NoCompression
2018/11/18-03:29:37.956362 7f91bae1f0        Options.compression[1]: NoCompression
2018/11/18-03:29:37.956369 7f91bae1f0        Options.compression[2]: LZ4
2018/11/18-03:29:37.956375 7f91bae1f0        Options.compression[3]: LZ4
2018/11/18-03:29:37.956381 7f91bae1f0        Options.compression[4]: LZ4
2018/11/18-03:29:37.956387 7f91bae1f0        Options.compression[5]: LZ4
2018/11/18-03:29:37.956393 7f91bae1f0        Options.compression[6]: LZ4
2018/11/18-03:29:37.956400 7f91bae1f0                  Options.bottommost_compression: Disabled
2018/11/18-03:29:37.956407 7f91bae1f0       Options.prefix_extractor: nullptr
2018/11/18-03:29:37.956413 7f91bae1f0   Options.memtable_insert_with_hint_prefix_extractor: nullptr
2018/11/18-03:29:37.956419 7f91bae1f0             Options.num_levels: 7
2018/11/18-03:29:37.956425 7f91bae1f0        Options.min_write_buffer_number_to_merge: 2
2018/11/18-03:29:37.956431 7f91bae1f0     Options.max_write_buffer_number_to_maintain: 0
2018/11/18-03:29:37.956437 7f91bae1f0            Options.compression_opts.window_bits: -14
2018/11/18-03:29:37.956443 7f91bae1f0                  Options.compression_opts.level: -1
2018/11/18-03:29:37.956449 7f91bae1f0               Options.compression_opts.strategy: 0
2018/11/18-03:29:37.956455 7f91bae1f0         Options.compression_opts.max_dict_bytes: 0
2018/11/18-03:29:37.956461 7f91bae1f0         Options.compression_opts.zstd_max_train_bytes: 0
2018/11/18-03:29:37.956467 7f91bae1f0      Options.level0_file_num_compaction_trigger: 2
2018/11/18-03:29:37.956473 7f91bae1f0          Options.level0_slowdown_writes_trigger: 20
2018/11/18-03:29:37.956479 7f91bae1f0              Options.level0_stop_writes_trigger: 36
2018/11/18-03:29:37.956485 7f91bae1f0                   Options.target_file_size_base: 67108864
2018/11/18-03:29:37.956491 7f91bae1f0             Options.target_file_size_multiplier: 1
2018/11/18-03:29:37.956497 7f91bae1f0                Options.max_bytes_for_level_base: 536870912
2018/11/18-03:29:37.956503 7f91bae1f0 Options.level_compaction_dynamic_level_bytes: 0
2018/11/18-03:29:37.956509 7f91bae1f0          Options.max_bytes_for_level_multiplier: 10.000000
2018/11/18-03:29:37.956521 7f91bae1f0 Options.max_bytes_for_level_multiplier_addtl[0]: 1
2018/11/18-03:29:37.956527 7f91bae1f0 Options.max_bytes_for_level_multiplier_addtl[1]: 1
2018/11/18-03:29:37.956534 7f91bae1f0 Options.max_bytes_for_level_multiplier_addtl[2]: 1
2018/11/18-03:29:37.956540 7f91bae1f0 Options.max_bytes_for_level_multiplier_addtl[3]: 1
2018/11/18-03:29:37.956546 7f91bae1f0 Options.max_bytes_for_level_multiplier_addtl[4]: 1
2018/11/18-03:29:37.956552 7f91bae1f0 Options.max_bytes_for_level_multiplier_addtl[5]: 1
2018/11/18-03:29:37.956558 7f91bae1f0 Options.max_bytes_for_level_multiplier_addtl[6]: 1
2018/11/18-03:29:37.956564 7f91bae1f0       Options.max_sequential_skip_in_iterations: 8
2018/11/18-03:29:37.956570 7f91bae1f0                    Options.max_compaction_bytes: 1677721600
2018/11/18-03:29:37.956576 7f91bae1f0                        Options.arena_block_size: 16777216
2018/11/18-03:29:37.956582 7f91bae1f0   Options.soft_pending_compaction_bytes_limit: 68719476736
2018/11/18-03:29:37.956589 7f91bae1f0   Options.hard_pending_compaction_bytes_limit: 274877906944
2018/11/18-03:29:37.956595 7f91bae1f0       Options.rate_limit_delay_max_milliseconds: 100
2018/11/18-03:29:37.956601 7f91bae1f0                Options.disable_auto_compactions: 0
2018/11/18-03:29:37.956609 7f91bae1f0                        Options.compaction_style: kCompactionStyleLevel
2018/11/18-03:29:37.956638 7f91bae1f0                          Options.compaction_pri: kByCompensatedSize
2018/11/18-03:29:37.956647 7f91bae1f0 Options.compaction_options_universal.size_ratio: 1
2018/11/18-03:29:37.956653 7f91bae1f0 Options.compaction_options_universal.min_merge_width: 2
2018/11/18-03:29:37.956659 7f91bae1f0 Options.compaction_options_universal.max_merge_width: 4294967295
2018/11/18-03:29:37.956665 7f91bae1f0 Options.compaction_options_universal.max_size_amplification_percent: 200
2018/11/18-03:29:37.956671 7f91bae1f0 Options.compaction_options_universal.compression_size_percent: -1
2018/11/18-03:29:37.956679 7f91bae1f0 Options.compaction_options_universal.stop_style: kCompactionStopStyleTotalSize
2018/11/18-03:29:37.956685 7f91bae1f0 Options.compaction_options_fifo.max_table_files_size: 1073741824
2018/11/18-03:29:37.956691 7f91bae1f0 Options.compaction_options_fifo.allow_compaction: 0
2018/11/18-03:29:37.956698 7f91bae1f0 Options.compaction_options_fifo.ttl: 0
2018/11/18-03:29:37.956704 7f91bae1f0                   Options.table_properties_collectors: 
2018/11/18-03:29:37.956710 7f91bae1f0                   Options.inplace_update_support: 0
2018/11/18-03:29:37.956716 7f91bae1f0                 Options.inplace_update_num_locks: 10000
2018/11/18-03:29:37.956722 7f91bae1f0               Options.memtable_prefix_bloom_size_ratio: 0.000000
2018/11/18-03:29:37.956730 7f91bae1f0   Options.memtable_huge_page_size: 0
2018/11/18-03:29:37.956736 7f91bae1f0                           Options.bloom_locality: 0
2018/11/18-03:29:37.956742 7f91bae1f0                    Options.max_successive_merges: 0
2018/11/18-03:29:37.956748 7f91bae1f0                Options.optimize_filters_for_hits: 0
2018/11/18-03:29:37.956754 7f91bae1f0                Options.paranoid_file_checks: 0
2018/11/18-03:29:37.956760 7f91bae1f0                Options.force_consistency_checks: 0
2018/11/18-03:29:37.956766 7f91bae1f0                Options.report_bg_io_stats: 0
2018/11/18-03:29:37.956772 7f91bae1f0                               Options.ttl: 0
2018/11/18-03:29:37.959069 7f91bae1f0 [db/version_set.cc:3361] Recovered from manifest file:/mnt/sda/ycsb-rocksdb-data/MANIFEST-000001 succeeded,manifest_file_number is 1, next_file_number is 3, last_sequence is 0, log_number is 0,prev_log_number is 0,max_column_family is 0,min_log_number_to_keep is 0
2018/11/18-03:29:37.959119 7f91bae1f0 [db/version_set.cc:3369] Column family [default] (ID 0), log number is 0
2018/11/18-03:29:37.959959 7f91bae1f0 [db/version_set.cc:2847] Creating manifest 4
2018/11/18-03:29:38.047256 7f91bae1f0 [db/column_family.cc:475] --------------- Options for column family [usertable]:
2018/11/18-03:29:38.047296 7f91bae1f0               Options.comparator: leveldb.BytewiseComparator
2018/11/18-03:29:38.047304 7f91bae1f0           Options.merge_operator: None
2018/11/18-03:29:38.047310 7f91bae1f0        Options.compaction_filter: None
2018/11/18-03:29:38.047317 7f91bae1f0        Options.compaction_filter_factory: None
2018/11/18-03:29:38.047323 7f91bae1f0         Options.memtable_factory: SkipListFactory
2018/11/18-03:29:38.047330 7f91bae1f0            Options.table_factory: BlockBasedTable
2018/11/18-03:29:38.047425 7f91bae1f0            table_factory options:   flush_block_policy_factory: FlushBlockBySizePolicyFactory (0x7f3c370820)
  cache_index_and_filter_blocks: 0
  cache_index_and_filter_blocks_with_high_priority: 0
  pin_l0_filter_and_index_blocks_in_cache: 0
  index_type: 0
  hash_index_allow_collision: 1
  checksum: 1
  no_block_cache: 0
  block_cache: 0x7f3c380090
  block_cache_name: LRUCache
  block_cache_options:
    capacity : 8388608
    num_shard_bits : 4
    strict_capacity_limit : 0
    high_pri_pool_ratio: 0.000
  block_cache_compressed: (nil)
  persistent_cache: (nil)
  block_size: 8192
  block_size_deviation: 10
  block_restart_interval: 16
  index_block_restart_interval: 1
  metadata_block_size: 4096
  partition_filters: 0
  use_delta_encoding: 1
  filter_policy: nullptr
  whole_key_filtering: 1
  verify_compression: 0
  read_amp_bytes_per_bit: 0
  format_version: 2
  enable_index_compression: 1
  block_align: 0
2018/11/18-03:29:38.047435 7f91bae1f0        Options.write_buffer_size: 134217728
2018/11/18-03:29:38.047442 7f91bae1f0  Options.max_write_buffer_number: 24
2018/11/18-03:29:38.047450 7f91bae1f0        Options.compression[0]: NoCompression
2018/11/18-03:29:38.047456 7f91bae1f0        Options.compression[1]: NoCompression
2018/11/18-03:29:38.047463 7f91bae1f0        Options.compression[2]: LZ4
2018/11/18-03:29:38.047469 7f91bae1f0        Options.compression[3]: LZ4
2018/11/18-03:29:38.047475 7f91bae1f0        Options.compression[4]: LZ4
2018/11/18-03:29:38.047482 7f91bae1f0        Options.compression[5]: LZ4
2018/11/18-03:29:38.047488 7f91bae1f0        Options.compression[6]: LZ4
2018/11/18-03:29:38.047494 7f91bae1f0                  Options.bottommost_compression: Disabled
2018/11/18-03:29:38.047501 7f91bae1f0       Options.prefix_extractor: nullptr
2018/11/18-03:29:38.047507 7f91bae1f0   Options.memtable_insert_with_hint_prefix_extractor: nullptr
2018/11/18-03:29:38.047513 7f91bae1f0             Options.num_levels: 7
2018/11/18-03:29:38.047519 7f91bae1f0        Options.min_write_buffer_number_to_merge: 2
2018/11/18-03:29:38.047525 7f91bae1f0     Options.max_write_buffer_number_to_maintain: 0
2018/11/18-03:29:38.047531 7f91bae1f0            Options.compression_opts.window_bits: -14
2018/11/18-03:29:38.047538 7f91bae1f0                  Options.compression_opts.level: -1
2018/11/18-03:29:38.047544 7f91bae1f0               Options.compression_opts.strategy: 0
2018/11/18-03:29:38.047550 7f91bae1f0         Options.compression_opts.max_dict_bytes: 0
2018/11/18-03:29:38.047556 7f91bae1f0         Options.compression_opts.zstd_max_train_bytes: 0
2018/11/18-03:29:38.047562 7f91bae1f0      Options.level0_file_num_compaction_trigger: 2
2018/11/18-03:29:38.047568 7f91bae1f0          Options.level0_slowdown_writes_trigger: 20
2018/11/18-03:29:38.047574 7f91bae1f0              Options.level0_stop_writes_trigger: 36
2018/11/18-03:29:38.047580 7f91bae1f0                   Options.target_file_size_base: 67108864
2018/11/18-03:29:38.047587 7f91bae1f0             Options.target_file_size_multiplier: 1
2018/11/18-03:29:38.047593 7f91bae1f0                Options.max_bytes_for_level_base: 536870912
2018/11/18-03:29:38.047599 7f91bae1f0 Options.level_compaction_dynamic_level_bytes: 0
2018/11/18-03:29:38.047605 7f91bae1f0          Options.max_bytes_for_level_multiplier: 10.000000
2018/11/18-03:29:38.047618 7f91bae1f0 Options.max_bytes_for_level_multiplier_addtl[0]: 1
2018/11/18-03:29:38.047625 7f91bae1f0 Options.max_bytes_for_level_multiplier_addtl[1]: 1
2018/11/18-03:29:38.047680 7f91bae1f0 Options.max_bytes_for_level_multiplier_addtl[2]: 1
2018/11/18-03:29:38.047688 7f91bae1f0 Options.max_bytes_for_level_multiplier_addtl[3]: 1
2018/11/18-03:29:38.047695 7f91bae1f0 Options.max_bytes_for_level_multiplier_addtl[4]: 1
2018/11/18-03:29:38.047701 7f91bae1f0 Options.max_bytes_for_level_multiplier_addtl[5]: 1
2018/11/18-03:29:38.047707 7f91bae1f0 Options.max_bytes_for_level_multiplier_addtl[6]: 1
2018/11/18-03:29:38.047713 7f91bae1f0       Options.max_sequential_skip_in_iterations: 8
2018/11/18-03:29:38.047719 7f91bae1f0                    Options.max_compaction_bytes: 1677721600
2018/11/18-03:29:38.047725 7f91bae1f0                        Options.arena_block_size: 16777216
2018/11/18-03:29:38.047732 7f91bae1f0   Options.soft_pending_compaction_bytes_limit: 68719476736
2018/11/18-03:29:38.047738 7f91bae1f0   Options.hard_pending_compaction_bytes_limit: 274877906944
2018/11/18-03:29:38.047744 7f91bae1f0       Options.rate_limit_delay_max_milliseconds: 100
2018/11/18-03:29:38.047750 7f91bae1f0                Options.disable_auto_compactions: 0
2018/11/18-03:29:38.047759 7f91bae1f0                        Options.compaction_style: kCompactionStyleLevel
2018/11/18-03:29:38.047767 7f91bae1f0                          Options.compaction_pri: kByCompensatedSize
2018/11/18-03:29:38.047773 7f91bae1f0 Options.compaction_options_universal.size_ratio: 1
2018/11/18-03:29:38.047780 7f91bae1f0 Options.compaction_options_universal.min_merge_width: 2
2018/11/18-03:29:38.047786 7f91bae1f0 Options.compaction_options_universal.max_merge_width: 4294967295
2018/11/18-03:29:38.047792 7f91bae1f0 Options.compaction_options_universal.max_size_amplification_percent: 200
2018/11/18-03:29:38.047798 7f91bae1f0 Options.compaction_options_universal.compression_size_percent: -1
2018/11/18-03:29:38.047806 7f91bae1f0 Options.compaction_options_universal.stop_style: kCompactionStopStyleTotalSize
2018/11/18-03:29:38.047812 7f91bae1f0 Options.compaction_options_fifo.max_table_files_size: 1073741824
2018/11/18-03:29:38.047818 7f91bae1f0 Options.compaction_options_fifo.allow_compaction: 0
2018/11/18-03:29:38.047825 7f91bae1f0 Options.compaction_options_fifo.ttl: 0
2018/11/18-03:29:38.047831 7f91bae1f0                   Options.table_properties_collectors: 
2018/11/18-03:29:38.047837 7f91bae1f0                   Options.inplace_update_support: 0
2018/11/18-03:29:38.047843 7f91bae1f0                 Options.inplace_update_num_locks: 10000
2018/11/18-03:29:38.047849 7f91bae1f0               Options.memtable_prefix_bloom_size_ratio: 0.000000
2018/11/18-03:29:38.047857 7f91bae1f0   Options.memtable_huge_page_size: 0
2018/11/18-03:29:38.047863 7f91bae1f0                           Options.bloom_locality: 0
2018/11/18-03:29:38.047869 7f91bae1f0                    Options.max_successive_merges: 0
2018/11/18-03:29:38.047875 7f91bae1f0                Options.optimize_filters_for_hits: 0
2018/11/18-03:29:38.047881 7f91bae1f0                Options.paranoid_file_checks: 0
2018/11/18-03:29:38.047887 7f91bae1f0                Options.force_consistency_checks: 0
2018/11/18-03:29:38.047893 7f91bae1f0                Options.report_bg_io_stats: 0
2018/11/18-03:29:38.047899 7f91bae1f0                               Options.ttl: 0
2018/11/18-03:29:38.048202 7f91bae1f0 [db/db_impl.cc:1396] Created column family [usertable] (ID 1)
2018/11/18-03:29:38.148441 7f91bae1f0 [db/db_impl_open.cc:1219] DB pointer 0x7f3c3cc360
2018/11/18-03:29:54.629447 7f90fae1f0 [db/db_impl_write.cc:1373] [usertable] New memtable created with log file: #9. Immutable memtables: 0.
2018/11/18-03:30:09.824437 7f91dae1f0 [db/db_impl_write.cc:1373] [usertable] New memtable created with log file: #10. Immutable memtables: 1.
2018/11/18-03:30:09.824797 7f80ff91f0 [db/db_impl_compaction_flush.cc:80] [JOB 2] Syncing log #3
2018/11/18-03:30:09.853451 7f80ff91f0 [db/db_impl_compaction_flush.cc:80] [JOB 2] Syncing log #9
2018/11/18-03:30:09.926828 7f80ff91f0 (Original Log Time 2018/11/18-03:30:09.824647) [db/db_impl_compaction_flush.cc:1424] Calling FlushMemTableToOutputFile with column family [usertable], flush slots available 6, compaction slots available 1, flush slots scheduled 1, compaction slots scheduled 0
2018/11/18-03:30:09.926873 7f80ff91f0 [db/flush_job.cc:301] [usertable] [JOB 2] Flushing memtable with next log file: 9
2018/11/18-03:30:09.926910 7f80ff91f0 [db/flush_job.cc:301] [usertable] [JOB 2] Flushing memtable with next log file: 10
2018/11/18-03:30:09.927055 7f80ff91f0 EVENT_LOG_v1 {"time_micros": 1542511809926992, "job": 2, "event": "flush_started", "num_memtables": 2, "num_entries": 61107, "num_deletes": 0, "memory_usage": 253315680, "flush_reason": "Write Buffer Full"}
2018/11/18-03:30:09.927090 7f80ff91f0 [db/flush_job.cc:331] [usertable] [JOB 2] Level-0 flush table #11: started
2018/11/18-03:30:12.560694 7f80ff91f0 EVENT_LOG_v1 {"time_micros": 1542511812560590, "cf_name": "usertable", "job": 2, "event": "table_file_creation", "file_number": 11, "file_size": 253068548, "table_properties": {"data_size": 251944175, "index_size": 1123446, "filter_size": 0, "raw_key_size": 1466568, "raw_average_key_size": 24, "raw_value_size": 250294272, "raw_average_value_size": 4096, "num_data_blocks": 30554, "num_entries": 61107, "filter_policy_name": "", "kDeletedKeys": "0", "kMergeOperands": "0"}}
2018/11/18-03:30:12.560806 7f80ff91f0 [db/flush_job.cc:371] [usertable] [JOB 2] Level-0 flush table #11: 253068548 bytes OK
2018/11/18-03:30:12.591306 7f80ff91f0 (Original Log Time 2018/11/18-03:30:12.560865) [db/memtable_list.cc:377] [usertable] Level-0 commit table #11 started
2018/11/18-03:30:12.591323 7f80ff91f0 (Original Log Time 2018/11/18-03:30:12.590930) [db/memtable_list.cc:409] [usertable] Level-0 commit table #11: memtable #1 done
2018/11/18-03:30:12.591333 7f80ff91f0 (Original Log Time 2018/11/18-03:30:12.590975) [db/memtable_list.cc:409] [usertable] Level-0 commit table #11: memtable #2 done
2018/11/18-03:30:12.591343 7f80ff91f0 (Original Log Time 2018/11/18-03:30:12.591080) EVENT_LOG_v1 {"time_micros": 1542511812591042, "job": 2, "event": "flush_finished", "output_compression": "NoCompression", "lsm_state": [1, 0, 0, 0, 0, 0, 0], "immutable_memtables": 0}
2018/11/18-03:30:12.591354 7f80ff91f0 (Original Log Time 2018/11/18-03:30:12.591178) [db/db_impl_compaction_flush.cc:177] [usertable] Level summary: base level 1 max bytes base 536870912 files[1 0 0 0 0 0 0] max score 0.50
2018/11/18-03:30:12.591404 7f80ff91f0 [db/db_impl_files.cc:347] [JOB 2] Try to delete WAL files size 251982867, prev total WAL file size 268612840, number of live WAL files 3.
2018/11/18-03:30:26.027790 7f90dae1f0 [db/db_impl_write.cc:1373] [usertable] New memtable created with log file: #12. Immutable memtables: 0.
2018/11/18-03:30:42.101286 7f915ae1f0 [db/db_impl_write.cc:1373] [usertable] New memtable created with log file: #13. Immutable memtables: 1.
2018/11/18-03:30:42.101481 7f07fff1f0 [db/db_impl_compaction_flush.cc:80] [JOB 3] Syncing log #10
2018/11/18-03:30:42.726821 7f07fff1f0 [db/db_impl_compaction_flush.cc:80] [JOB 3] Syncing log #12
2018/11/18-03:30:43.989840 7f07fff1f0 (Original Log Time 2018/11/18-03:30:42.101423) [db/db_impl_compaction_flush.cc:1424] Calling FlushMemTableToOutputFile with column family [usertable], flush slots available 6, compaction slots available 1, flush slots scheduled 1, compaction slots scheduled 0
2018/11/18-03:30:43.989884 7f07fff1f0 [db/flush_job.cc:301] [usertable] [JOB 3] Flushing memtable with next log file: 12
2018/11/18-03:30:43.989904 7f07fff1f0 [db/flush_job.cc:301] [usertable] [JOB 3] Flushing memtable with next log file: 13
2018/11/18-03:30:43.989991 7f07fff1f0 EVENT_LOG_v1 {"time_micros": 1542511843989964, "job": 3, "event": "flush_started", "num_memtables": 2, "num_entries": 62338, "num_deletes": 0, "memory_usage": 258349728, "flush_reason": "Write Buffer Full"}
2018/11/18-03:30:43.990022 7f07fff1f0 [db/flush_job.cc:331] [usertable] [JOB 3] Level-0 flush table #14: started
2018/11/18-03:30:46.179069 7f07fff1f0 EVENT_LOG_v1 {"time_micros": 1542511846178950, "cf_name": "usertable", "job": 3, "event": "table_file_creation", "file_number": 14, "file_size": 258180416, "table_properties": {"data_size": 257026500, "index_size": 1152989, "filter_size": 0, "raw_key_size": 1496112, "raw_average_key_size": 24, "raw_value_size": 255336448, "raw_average_value_size": 4096, "num_data_blocks": 31169, "num_entries": 62338, "filter_policy_name": "", "kDeletedKeys": "0", "kMergeOperands": "0"}}
2018/11/18-03:30:46.179179 7f07fff1f0 [db/flush_job.cc:371] [usertable] [JOB 3] Level-0 flush table #14: 258180416 bytes OK
2018/11/18-03:30:46.209113 7f07fff1f0 (Original Log Time 2018/11/18-03:30:46.179221) [db/memtable_list.cc:377] [usertable] Level-0 commit table #14 started
2018/11/18-03:30:46.209122 7f07fff1f0 (Original Log Time 2018/11/18-03:30:46.208931) [db/memtable_list.cc:409] [usertable] Level-0 commit table #14: memtable #1 done
2018/11/18-03:30:46.209127 7f07fff1f0 (Original Log Time 2018/11/18-03:30:46.208941) [db/memtable_list.cc:409] [usertable] Level-0 commit table #14: memtable #2 done
2018/11/18-03:30:46.209131 7f07fff1f0 (Original Log Time 2018/11/18-03:30:46.208986) EVENT_LOG_v1 {"time_micros": 1542511846208970, "job": 3, "event": "flush_finished", "output_compression": "NoCompression", "lsm_state": [2, 0, 0, 0, 0, 0, 0], "immutable_memtables": 0}
2018/11/18-03:30:46.209136 7f07fff1f0 (Original Log Time 2018/11/18-03:30:46.209070) [db/db_impl_compaction_flush.cc:177] [usertable] Level summary: base level 1 max bytes base 536870912 files[2 0 0 0 0 0 0] max score 1.00
2018/11/18-03:30:46.209158 7f07fff1f0 [db/db_impl_files.cc:347] [JOB 3] Try to delete WAL files size 257058586, prev total WAL file size 285682287, number of live WAL files 3.
2018/11/18-03:30:46.214567 7f82ffd1f0 [WARN] [db/db_impl.cc:491] ------- DUMPING STATS -------
2018/11/18-03:30:46.214645 7f82ffd1f0 [WARN] [db/db_impl.cc:492] 
** DB Stats **
Uptime(secs): 68.3 total, 68.3 interval
Cumulative writes: 130K writes, 130K keys, 72K commit groups, 1.8 writes per commit group, ingest: 0.50 GB, 7.51 MB/s
Cumulative WAL: 130K writes, 0 syncs, 130388.00 writes per sync, written: 0.50 GB, 7.51 MB/s
Cumulative stall: 00:00:0.000 H:M:S, 0.0 percent
Interval writes: 130K writes, 130K keys, 72K commit groups, 1.8 writes per commit group, ingest: 512.77 MB, 7.51 MB/s
Interval WAL: 130K writes, 0 syncs, 130388.00 writes per sync, written: 0.50 MB, 7.51 MB/s
Interval stall: 00:00:0.000 H:M:S, 0.0 percent

** Compaction Stats [default] **
Level    Files   Size     Score Read(GB)  Rn(GB) Rnp1(GB) Write(GB) Wnew(GB) Moved(GB) W-Amp Rd(MB/s) Wr(MB/s) Comp(sec) Comp(cnt) Avg(sec) KeyIn KeyDrop
----------------------------------------------------------------------------------------------------------------------------------------------------------
 Sum      0/0    0.00 KB   0.0      0.0     0.0      0.0       0.0      0.0       0.0   0.0      0.0      0.0         0         0    0.000       0      0
 Int      0/0    0.00 KB   0.0      0.0     0.0      0.0       0.0      0.0       0.0   0.0      0.0      0.0         0         0    0.000       0      0
Uptime(secs): 68.3 total, 68.3 interval
Flush(GB): cumulative 0.000, interval 0.000
AddFile(GB): cumulative 0.000, interval 0.000
AddFile(Total Files): cumulative 0, interval 0
AddFile(L0 Files): cumulative 0, interval 0
AddFile(Keys): cumulative 0, interval 0
Cumulative compaction: 0.00 GB write, 0.00 MB/s write, 0.00 GB read, 0.00 MB/s read, 0.0 seconds
Interval compaction: 0.00 GB write, 0.00 MB/s write, 0.00 GB read, 0.00 MB/s read, 0.0 seconds
Stalls(count): 0 level0_slowdown, 0 level0_slowdown_with_compaction, 0 level0_numfiles, 0 level0_numfiles_with_compaction, 0 stop for pending_compaction_bytes, 0 slowdown for pending_compaction_bytes, 0 memtable_compaction, 0 memtable_slowdown, interval 0 total count

** File Read Latency Histogram By Level [default] **

** Compaction Stats [usertable] **
Level    Files   Size     Score Read(GB)  Rn(GB) Rnp1(GB) Write(GB) Wnew(GB) Moved(GB) W-Amp Rd(MB/s) Wr(MB/s) Comp(sec) Comp(cnt) Avg(sec) KeyIn KeyDrop
----------------------------------------------------------------------------------------------------------------------------------------------------------
  L0      2/0   487.57 MB   1.0      0.0     0.0      0.0       0.5      0.5       0.0   1.0      0.0    101.1         5         2    2.412       0      0
 Sum      2/0   487.57 MB   0.0      0.0     0.0      0.0       0.5      0.5       0.0   1.0      0.0    101.1         5         2    2.412       0      0
 Int      0/0    0.00 KB   0.0      0.0     0.0      0.0       0.5      0.5       0.0   1.0      0.0    101.1         5         2    2.412       0      0
Uptime(secs): 68.2 total, 68.2 interval
Flush(GB): cumulative 0.476, interval 0.476
AddFile(GB): cumulative 0.000, interval 0.000
AddFile(Total Files): cumulative 0, interval 0
AddFile(L0 Files): cumulative 0, interval 0
AddFile(Keys): cumulative 0, interval 0
Cumulative compaction: 0.48 GB write, 7.15 MB/s write, 0.00 GB read, 0.00 MB/s read, 4.8 seconds
Interval compaction: 0.48 GB write, 7.15 MB/s write, 0.00 GB read, 0.00 MB/s read, 4.8 seconds
Stalls(count): 0 level0_slowdown, 0 level0_slowdown_with_compaction, 0 level0_numfiles, 0 level0_numfiles_with_compaction, 0 stop for pending_compaction_bytes, 0 slowdown for pending_compaction_bytes, 0 memtable_compaction, 0 memtable_slowdown, interval 0 total count

** File Read Latency Histogram By Level [usertable] **

** Compaction Stats [default] **
Level    Files   Size     Score Read(GB)  Rn(GB) Rnp1(GB) Write(GB) Wnew(GB) Moved(GB) W-Amp Rd(MB/s) Wr(MB/s) Comp(sec) Comp(cnt) Avg(sec) KeyIn KeyDrop
----------------------------------------------------------------------------------------------------------------------------------------------------------
 Sum      0/0    0.00 KB   0.0      0.0     0.0      0.0       0.0      0.0       0.0   0.0      0.0      0.0         0         0    0.000       0      0
 Int      0/0    0.00 KB   0.0      0.0     0.0      0.0       0.0      0.0       0.0   0.0      0.0      0.0         0         0    0.000       0      0
Uptime(secs): 68.3 total, 0.0 interval
Flush(GB): cumulative 0.000, interval 0.000
AddFile(GB): cumulative 0.000, interval 0.000
AddFile(Total Files): cumulative 0, interval 0
AddFile(L0 Files): cumulative 0, interval 0
AddFile(Keys): cumulative 0, interval 0
Cumulative compaction: 0.00 GB write, 0.00 MB/s write, 0.00 GB read, 0.00 MB/s read, 0.0 seconds
Interval compaction: 0.00 GB write, 0.00 MB/s write, 0.00 GB read, 0.00 MB/s read, 0.0 seconds
Stalls(count): 0 level0_slowdown, 0 level0_slowdown_with_compaction, 0 level0_numfiles, 0 level0_numfiles_with_compaction, 0 stop for pending_compaction_bytes, 0 slowdown for pending_compaction_bytes, 0 memtable_compaction, 0 memtable_slowdown, interval 0 total count

** File Read Latency Histogram By Level [default] **

** Compaction Stats [usertable] **
Level    Files   Size     Score Read(GB)  Rn(GB) Rnp1(GB) Write(GB) Wnew(GB) Moved(GB) W-Amp Rd(MB/s) Wr(MB/s) Comp(sec) Comp(cnt) Avg(sec) KeyIn KeyDrop
----------------------------------------------------------------------------------------------------------------------------------------------------------
  L0      2/0   487.57 MB   1.0      0.0     0.0      0.0       0.5      0.5       0.0   1.0      0.0    101.1         5         2    2.412       0      0
 Sum      2/0   487.57 MB   0.0      0.0     0.0      0.0       0.5      0.5       0.0   1.0      0.0    101.1         5         2    2.412       0      0
 Int      0/0    0.00 KB   0.0      0.0     0.0      0.0       0.0      0.0       0.0   0.0      0.0      0.0         0         0    0.000       0      0
Uptime(secs): 68.2 total, 0.0 interval
Flush(GB): cumulative 0.476, interval 0.000
AddFile(GB): cumulative 0.000, interval 0.000
AddFile(Total Files): cumulative 0, interval 0
AddFile(L0 Files): cumulative 0, interval 0
AddFile(Keys): cumulative 0, interval 0
Cumulative compaction: 0.48 GB write, 7.15 MB/s write, 0.00 GB read, 0.00 MB/s read, 4.8 seconds
Interval compaction: 0.00 GB write, 0.00 MB/s write, 0.00 GB read, 0.00 MB/s read, 0.0 seconds
Stalls(count): 0 level0_slowdown, 0 level0_slowdown_with_compaction, 0 level0_numfiles, 0 level0_numfiles_with_compaction, 0 stop for pending_compaction_bytes, 0 slowdown for pending_compaction_bytes, 0 memtable_compaction, 0 memtable_slowdown, interval 0 total count

** File Read Latency Histogram By Level [usertable] **
2018/11/18-03:30:46.244465 7f82ffd1f0 (Original Log Time 2018/11/18-03:30:46.214817) [db/db_impl_compaction_flush.cc:1835] [usertable] Moving #14 to level-1 258180416 bytes
2018/11/18-03:30:46.244474 7f82ffd1f0 (Original Log Time 2018/11/18-03:30:46.244353) EVENT_LOG_v1 {"time_micros": 1542511846244331, "job": 4, "event": "trivial_move", "destination_level": 1, "files": 1, "total_files_size": 258180416}
2018/11/18-03:30:46.244479 7f82ffd1f0 (Original Log Time 2018/11/18-03:30:46.244382) [db/db_impl_compaction_flush.cc:1864] [usertable] Moved #1 files to level-1 258180416 bytes OK: base level 1 max bytes base 536870912 files[1 1 0 0 0 0 0] max score 0.50
2018/11/18-03:30:58.996135 7f917ae1f0 [db/db_impl_write.cc:1373] [usertable] New memtable created with log file: #15. Immutable memtables: 0.
2018/11/18-03:31:14.229960 7f915ae1f0 [db/db_impl_write.cc:1373] [usertable] New memtable created with log file: #16. Immutable memtables: 1.
2018/11/18-03:31:14.230183 7f077fe1f0 [db/db_impl_compaction_flush.cc:80] [JOB 5] Syncing log #13
2018/11/18-03:31:14.281516 7f077fe1f0 [db/db_impl_compaction_flush.cc:80] [JOB 5] Syncing log #15
2018/11/18-03:31:15.253357 7f077fe1f0 (Original Log Time 2018/11/18-03:31:14.230131) [db/db_impl_compaction_flush.cc:1424] Calling FlushMemTableToOutputFile with column family [usertable], flush slots available 6, compaction slots available 1, flush slots scheduled 1, compaction slots scheduled 0
2018/11/18-03:31:15.253404 7f077fe1f0 [db/flush_job.cc:301] [usertable] [JOB 5] Flushing memtable with next log file: 15
2018/11/18-03:31:15.253425 7f077fe1f0 [db/flush_job.cc:301] [usertable] [JOB 5] Flushing memtable with next log file: 16
2018/11/18-03:31:15.253508 7f077fe1f0 EVENT_LOG_v1 {"time_micros": 1542511875253481, "job": 5, "event": "flush_started", "num_memtables": 2, "num_entries": 61277, "num_deletes": 0, "memory_usage": 253950240, "flush_reason": "Write Buffer Full"}
2018/11/18-03:31:15.253527 7f077fe1f0 [db/flush_job.cc:331] [usertable] [JOB 5] Level-0 flush table #17: started
2018/11/18-03:31:18.014194 7f077fe1f0 EVENT_LOG_v1 {"time_micros": 1542511878014143, "cf_name": "usertable", "job": 5, "event": "table_file_creation", "file_number": 17, "file_size": 253786199, "table_properties": {"data_size": 252651893, "index_size": 1133379, "filter_size": 0, "raw_key_size": 1470648, "raw_average_key_size": 24, "raw_value_size": 250990592, "raw_average_value_size": 4096, "num_data_blocks": 30639, "num_entries": 61277, "filter_policy_name": "", "kDeletedKeys": "0", "kMergeOperands": "0"}}
2018/11/18-03:31:18.014254 7f077fe1f0 [db/flush_job.cc:371] [usertable] [JOB 5] Level-0 flush table #17: 253786199 bytes OK
2018/11/18-03:31:18.043774 7f077fe1f0 (Original Log Time 2018/11/18-03:31:18.014284) [db/memtable_list.cc:377] [usertable] Level-0 commit table #17 started
2018/11/18-03:31:18.043783 7f077fe1f0 (Original Log Time 2018/11/18-03:31:18.043631) [db/memtable_list.cc:409] [usertable] Level-0 commit table #17: memtable #1 done
2018/11/18-03:31:18.043788 7f077fe1f0 (Original Log Time 2018/11/18-03:31:18.043639) [db/memtable_list.cc:409] [usertable] Level-0 commit table #17: memtable #2 done
2018/11/18-03:31:18.043793 7f077fe1f0 (Original Log Time 2018/11/18-03:31:18.043677) EVENT_LOG_v1 {"time_micros": 1542511878043663, "job": 5, "event": "flush_finished", "output_compression": "NoCompression", "lsm_state": [2, 1, 0, 0, 0, 0, 0], "immutable_memtables": 0}
2018/11/18-03:31:18.043797 7f077fe1f0 (Original Log Time 2018/11/18-03:31:18.043731) [db/db_impl_compaction_flush.cc:177] [usertable] Level summary: base level 1 max bytes base 536870912 files[2 1 0 0 0 0 0] max score 1.00
2018/11/18-03:31:18.043819 7f077fe1f0 [db/db_impl_files.cc:347] [JOB 5] Try to delete WAL files size 252687005, prev total WAL file size 284364331, number of live WAL files 3.
2018/11/18-03:31:18.073683 7f83fff1f0 (Original Log Time 2018/11/18-03:31:18.043894) [db/db_impl_compaction_flush.cc:1835] [usertable] Moving #17 to level-1 253786199 bytes
2018/11/18-03:31:18.073702 7f83fff1f0 (Original Log Time 2018/11/18-03:31:18.073548) EVENT_LOG_v1 {"time_micros": 1542511878073527, "job": 6, "event": "trivial_move", "destination_level": 1, "files": 1, "total_files_size": 253786199}
