2018/12/20-09:38:31.850655 7fd552ed8700 RocksDB version: 5.14.3
2018/12/20-09:38:31.850731 7fd552ed8700 Git sha rocksdb_build_git_sha:
2018/12/20-09:38:31.850734 7fd552ed8700 Compile date Dec 16 2018
2018/12/20-09:38:31.850738 7fd552ed8700 DB SUMMARY
2018/12/20-09:38:31.850761 7fd552ed8700 SST files in /mnt/sda/ycsb-rocksdb-data dir, Total Num: 0, files: 
2018/12/20-09:38:31.850764 7fd552ed8700 Write Ahead Log file in /mnt/sda/ycsb-rocksdb-data: 
2018/12/20-09:38:31.850766 7fd552ed8700                         Options.error_if_exists: 0
2018/12/20-09:38:31.850768 7fd552ed8700                       Options.create_if_missing: 1
2018/12/20-09:38:31.850769 7fd552ed8700                         Options.paranoid_checks: 1
2018/12/20-09:38:31.850770 7fd552ed8700                                     Options.env: 0x7fd4d4ff72c0
2018/12/20-09:38:31.850771 7fd552ed8700                                Options.info_log: 0x7fd4cc3be960
2018/12/20-09:38:31.850772 7fd552ed8700                Options.max_file_opening_threads: 16
2018/12/20-09:38:31.850772 7fd552ed8700                              Options.statistics: (nil)
2018/12/20-09:38:31.850774 7fd552ed8700                               Options.use_fsync: 0
2018/12/20-09:38:31.850775 7fd552ed8700                       Options.max_log_file_size: 0
2018/12/20-09:38:31.850775 7fd552ed8700                  Options.max_manifest_file_size: 18446744073709551615
2018/12/20-09:38:31.850777 7fd552ed8700                   Options.log_file_time_to_roll: 0
2018/12/20-09:38:31.850777 7fd552ed8700                       Options.keep_log_file_num: 1000
2018/12/20-09:38:31.850778 7fd552ed8700                    Options.recycle_log_file_num: 0
2018/12/20-09:38:31.850779 7fd552ed8700                         Options.allow_fallocate: 1
2018/12/20-09:38:31.850780 7fd552ed8700                        Options.allow_mmap_reads: 0
2018/12/20-09:38:31.850781 7fd552ed8700                       Options.allow_mmap_writes: 0
2018/12/20-09:38:31.850782 7fd552ed8700                        Options.use_direct_reads: 0
2018/12/20-09:38:31.850783 7fd552ed8700                        Options.use_direct_io_for_flush_and_compaction: 0
2018/12/20-09:38:31.850784 7fd552ed8700          Options.create_missing_column_families: 1
2018/12/20-09:38:31.850785 7fd552ed8700                              Options.db_log_dir: 
2018/12/20-09:38:31.850786 7fd552ed8700                                 Options.wal_dir: /mnt/sda/ycsb-rocksdb-data
2018/12/20-09:38:31.850787 7fd552ed8700                Options.table_cache_numshardbits: 6
2018/12/20-09:38:31.850788 7fd552ed8700                      Options.max_subcompactions: 4
2018/12/20-09:38:31.850789 7fd552ed8700                  Options.max_background_flushes: 24
2018/12/20-09:38:31.850789 7fd552ed8700                         Options.WAL_ttl_seconds: 0
2018/12/20-09:38:31.850790 7fd552ed8700                       Options.WAL_size_limit_MB: 0
2018/12/20-09:38:31.850791 7fd552ed8700             Options.manifest_preallocation_size: 4194304
2018/12/20-09:38:31.850792 7fd552ed8700                     Options.is_fd_close_on_exec: 1
2018/12/20-09:38:31.850793 7fd552ed8700                   Options.advise_random_on_open: 1
2018/12/20-09:38:31.850794 7fd552ed8700                    Options.db_write_buffer_size: 0
2018/12/20-09:38:31.850795 7fd552ed8700                    Options.write_buffer_manager: 0x7fd4cc3bb980
2018/12/20-09:38:31.850796 7fd552ed8700         Options.access_hint_on_compaction_start: 1
2018/12/20-09:38:31.850797 7fd552ed8700  Options.new_table_reader_for_compaction_inputs: 0
2018/12/20-09:38:31.850798 7fd552ed8700           Options.random_access_max_buffer_size: 1048576
2018/12/20-09:38:31.850799 7fd552ed8700                      Options.use_adaptive_mutex: 0
2018/12/20-09:38:31.850800 7fd552ed8700                            Options.rate_limiter: (nil)
2018/12/20-09:38:31.850802 7fd552ed8700     Options.sst_file_manager.rate_bytes_per_sec: 0
2018/12/20-09:38:31.850803 7fd552ed8700                       Options.wal_recovery_mode: 2
2018/12/20-09:38:31.850803 7fd552ed8700                  Options.enable_thread_tracking: 0
2018/12/20-09:38:31.850804 7fd552ed8700                  Options.enable_pipelined_write: 1
2018/12/20-09:38:31.850813 7fd552ed8700         Options.allow_concurrent_memtable_write: 1
2018/12/20-09:38:31.850815 7fd552ed8700      Options.enable_write_thread_adaptive_yield: 1
2018/12/20-09:38:31.850816 7fd552ed8700             Options.write_thread_max_yield_usec: 100
2018/12/20-09:38:31.850817 7fd552ed8700            Options.write_thread_slow_yield_usec: 3
2018/12/20-09:38:31.850818 7fd552ed8700                               Options.row_cache: None
2018/12/20-09:38:31.850819 7fd552ed8700                              Options.wal_filter: None
2018/12/20-09:38:31.850820 7fd552ed8700             Options.avoid_flush_during_recovery: 0
2018/12/20-09:38:31.850821 7fd552ed8700             Options.allow_ingest_behind: 0
2018/12/20-09:38:31.850821 7fd552ed8700             Options.preserve_deletes: 0
2018/12/20-09:38:31.850822 7fd552ed8700             Options.two_write_queues: 0
2018/12/20-09:38:31.850823 7fd552ed8700             Options.manual_wal_flush: 0
2018/12/20-09:38:31.850825 7fd552ed8700             Options.max_background_jobs: 24
2018/12/20-09:38:31.850826 7fd552ed8700             Options.max_background_compactions: 24
2018/12/20-09:38:31.850827 7fd552ed8700             Options.avoid_flush_during_shutdown: 0
2018/12/20-09:38:31.850828 7fd552ed8700           Options.writable_file_max_buffer_size: 1048576
2018/12/20-09:38:31.850829 7fd552ed8700             Options.delayed_write_rate : 16777216
2018/12/20-09:38:31.850830 7fd552ed8700             Options.max_total_wal_size: 0
2018/12/20-09:38:31.850831 7fd552ed8700             Options.delete_obsolete_files_period_micros: 21600000000
2018/12/20-09:38:31.850832 7fd552ed8700                   Options.stats_dump_period_sec: 60
2018/12/20-09:38:31.850833 7fd552ed8700                          Options.max_open_files: -1
2018/12/20-09:38:31.850834 7fd552ed8700                          Options.bytes_per_sync: 1048576
2018/12/20-09:38:31.850835 7fd552ed8700                      Options.wal_bytes_per_sync: 0
2018/12/20-09:38:31.850836 7fd552ed8700       Options.compaction_readahead_size: 0
2018/12/20-09:38:31.850837 7fd552ed8700 Compression algorithms supported:
2018/12/20-09:38:31.850838 7fd552ed8700 	kZSTDNotFinalCompression supported: 1
2018/12/20-09:38:31.850845 7fd552ed8700 	kZSTD supported: 1
2018/12/20-09:38:31.850847 7fd552ed8700 	kXpressCompression supported: 0
2018/12/20-09:38:31.850848 7fd552ed8700 	kLZ4HCCompression supported: 1
2018/12/20-09:38:31.850849 7fd552ed8700 	kLZ4Compression supported: 1
2018/12/20-09:38:31.850850 7fd552ed8700 	kBZip2Compression supported: 1
2018/12/20-09:38:31.850851 7fd552ed8700 	kZlibCompression supported: 1
2018/12/20-09:38:31.850852 7fd552ed8700 	kSnappyCompression supported: 1
2018/12/20-09:38:31.850857 7fd552ed8700 Fast CRC32 supported: Supported on x86
2018/12/20-09:38:31.850957 7fd552ed8700 [db/db_impl_open.cc:222] Creating manifest 1 
2018/12/20-09:38:31.951742 7fd552ed8700 [db/version_set.cc:3085] Recovering from manifest file: MANIFEST-000001
2018/12/20-09:38:31.951855 7fd552ed8700 [db/column_family.cc:475] --------------- Options for column family [default]:
2018/12/20-09:38:31.951859 7fd552ed8700               Options.comparator: leveldb.BytewiseComparator
2018/12/20-09:38:31.951861 7fd552ed8700           Options.merge_operator: None
2018/12/20-09:38:31.951862 7fd552ed8700        Options.compaction_filter: None
2018/12/20-09:38:31.951863 7fd552ed8700        Options.compaction_filter_factory: None
2018/12/20-09:38:31.951864 7fd552ed8700         Options.memtable_factory: SkipListFactory
2018/12/20-09:38:31.951865 7fd552ed8700            Options.table_factory: BlockBasedTable
2018/12/20-09:38:31.951898 7fd552ed8700            table_factory options:   flush_block_policy_factory: FlushBlockBySizePolicyFactory (0x7fd4cc378630)
  cache_index_and_filter_blocks: 0
  cache_index_and_filter_blocks_with_high_priority: 0
  pin_l0_filter_and_index_blocks_in_cache: 0
  index_type: 0
  hash_index_allow_collision: 1
  checksum: 1
  no_block_cache: 0
  block_cache: 0x7fd4cc384030
  block_cache_name: LRUCache
  block_cache_options:
    capacity : 8388608
    num_shard_bits : 4
    strict_capacity_limit : 0
    high_pri_pool_ratio: 0.000
  block_cache_compressed: (nil)
  persistent_cache: (nil)
  block_size: 8192
  block_size_deviation: 10
  block_restart_interval: 16
  index_block_restart_interval: 1
  metadata_block_size: 4096
  partition_filters: 0
  use_delta_encoding: 1
  filter_policy: nullptr
  whole_key_filtering: 1
  verify_compression: 0
  read_amp_bytes_per_bit: 0
  format_version: 2
  enable_index_compression: 1
  block_align: 0
2018/12/20-09:38:31.951917 7fd552ed8700        Options.write_buffer_size: 134217728
2018/12/20-09:38:31.951919 7fd552ed8700  Options.max_write_buffer_number: 24
2018/12/20-09:38:31.951920 7fd552ed8700        Options.compression[0]: NoCompression
2018/12/20-09:38:31.951921 7fd552ed8700        Options.compression[1]: NoCompression
2018/12/20-09:38:31.951923 7fd552ed8700        Options.compression[2]: LZ4
2018/12/20-09:38:31.951924 7fd552ed8700        Options.compression[3]: LZ4
2018/12/20-09:38:31.951925 7fd552ed8700        Options.compression[4]: LZ4
2018/12/20-09:38:31.951926 7fd552ed8700        Options.compression[5]: LZ4
2018/12/20-09:38:31.951927 7fd552ed8700        Options.compression[6]: LZ4
2018/12/20-09:38:31.951928 7fd552ed8700                  Options.bottommost_compression: Disabled
2018/12/20-09:38:31.951929 7fd552ed8700       Options.prefix_extractor: nullptr
2018/12/20-09:38:31.951930 7fd552ed8700   Options.memtable_insert_with_hint_prefix_extractor: nullptr
2018/12/20-09:38:31.951931 7fd552ed8700             Options.num_levels: 7
2018/12/20-09:38:31.951932 7fd552ed8700        Options.min_write_buffer_number_to_merge: 2
2018/12/20-09:38:31.951933 7fd552ed8700     Options.max_write_buffer_number_to_maintain: 0
2018/12/20-09:38:31.951934 7fd552ed8700            Options.compression_opts.window_bits: -14
2018/12/20-09:38:31.951935 7fd552ed8700                  Options.compression_opts.level: -1
2018/12/20-09:38:31.951936 7fd552ed8700               Options.compression_opts.strategy: 0
2018/12/20-09:38:31.951937 7fd552ed8700         Options.compression_opts.max_dict_bytes: 0
2018/12/20-09:38:31.951938 7fd552ed8700         Options.compression_opts.zstd_max_train_bytes: 0
2018/12/20-09:38:31.951939 7fd552ed8700      Options.level0_file_num_compaction_trigger: 2
2018/12/20-09:38:31.951939 7fd552ed8700          Options.level0_slowdown_writes_trigger: 20
2018/12/20-09:38:31.951940 7fd552ed8700              Options.level0_stop_writes_trigger: 36
2018/12/20-09:38:31.951941 7fd552ed8700                   Options.target_file_size_base: 67108864
2018/12/20-09:38:31.951942 7fd552ed8700             Options.target_file_size_multiplier: 1
2018/12/20-09:38:31.951943 7fd552ed8700                Options.max_bytes_for_level_base: 536870912
2018/12/20-09:38:31.951944 7fd552ed8700 Options.level_compaction_dynamic_level_bytes: 0
2018/12/20-09:38:31.951945 7fd552ed8700          Options.max_bytes_for_level_multiplier: 10.000000
2018/12/20-09:38:31.951949 7fd552ed8700 Options.max_bytes_for_level_multiplier_addtl[0]: 1
2018/12/20-09:38:31.951950 7fd552ed8700 Options.max_bytes_for_level_multiplier_addtl[1]: 1
2018/12/20-09:38:31.951951 7fd552ed8700 Options.max_bytes_for_level_multiplier_addtl[2]: 1
2018/12/20-09:38:31.951952 7fd552ed8700 Options.max_bytes_for_level_multiplier_addtl[3]: 1
2018/12/20-09:38:31.951953 7fd552ed8700 Options.max_bytes_for_level_multiplier_addtl[4]: 1
2018/12/20-09:38:31.951954 7fd552ed8700 Options.max_bytes_for_level_multiplier_addtl[5]: 1
2018/12/20-09:38:31.951955 7fd552ed8700 Options.max_bytes_for_level_multiplier_addtl[6]: 1
2018/12/20-09:38:31.951956 7fd552ed8700       Options.max_sequential_skip_in_iterations: 8
2018/12/20-09:38:31.951956 7fd552ed8700                    Options.max_compaction_bytes: 1677721600
2018/12/20-09:38:31.951957 7fd552ed8700                        Options.arena_block_size: 16777216
2018/12/20-09:38:31.951958 7fd552ed8700   Options.soft_pending_compaction_bytes_limit: 68719476736
2018/12/20-09:38:31.951959 7fd552ed8700   Options.hard_pending_compaction_bytes_limit: 274877906944
2018/12/20-09:38:31.951966 7fd552ed8700       Options.rate_limit_delay_max_milliseconds: 100
2018/12/20-09:38:31.951967 7fd552ed8700                Options.disable_auto_compactions: 0
2018/12/20-09:38:31.951969 7fd552ed8700                        Options.compaction_style: kCompactionStyleLevel
2018/12/20-09:38:31.951971 7fd552ed8700                          Options.compaction_pri: kByCompensatedSize
2018/12/20-09:38:31.951972 7fd552ed8700 Options.compaction_options_universal.size_ratio: 1
2018/12/20-09:38:31.951973 7fd552ed8700 Options.compaction_options_universal.min_merge_width: 2
2018/12/20-09:38:31.951974 7fd552ed8700 Options.compaction_options_universal.max_merge_width: 4294967295
2018/12/20-09:38:31.951975 7fd552ed8700 Options.compaction_options_universal.max_size_amplification_percent: 200
2018/12/20-09:38:31.951976 7fd552ed8700 Options.compaction_options_universal.compression_size_percent: -1
2018/12/20-09:38:31.951978 7fd552ed8700 Options.compaction_options_universal.stop_style: kCompactionStopStyleTotalSize
2018/12/20-09:38:31.951979 7fd552ed8700 Options.compaction_options_fifo.max_table_files_size: 1073741824
2018/12/20-09:38:31.951980 7fd552ed8700 Options.compaction_options_fifo.allow_compaction: 0
2018/12/20-09:38:31.951981 7fd552ed8700 Options.compaction_options_fifo.ttl: 0
2018/12/20-09:38:31.951982 7fd552ed8700                   Options.table_properties_collectors: 
2018/12/20-09:38:31.951983 7fd552ed8700                   Options.inplace_update_support: 0
2018/12/20-09:38:31.951984 7fd552ed8700                 Options.inplace_update_num_locks: 10000
2018/12/20-09:38:31.951985 7fd552ed8700               Options.memtable_prefix_bloom_size_ratio: 0.000000
2018/12/20-09:38:31.951987 7fd552ed8700   Options.memtable_huge_page_size: 0
2018/12/20-09:38:31.951988 7fd552ed8700                           Options.bloom_locality: 0
2018/12/20-09:38:31.951989 7fd552ed8700                    Options.max_successive_merges: 0
2018/12/20-09:38:31.951990 7fd552ed8700                Options.optimize_filters_for_hits: 0
2018/12/20-09:38:31.951990 7fd552ed8700                Options.paranoid_file_checks: 0
2018/12/20-09:38:31.951991 7fd552ed8700                Options.force_consistency_checks: 0
2018/12/20-09:38:31.951992 7fd552ed8700                Options.report_bg_io_stats: 0
2018/12/20-09:38:31.951993 7fd552ed8700                               Options.ttl: 0
2018/12/20-09:38:31.952450 7fd552ed8700 [db/version_set.cc:3361] Recovered from manifest file:/mnt/sda/ycsb-rocksdb-data/MANIFEST-000001 succeeded,manifest_file_number is 1, next_file_number is 3, last_sequence is 0, log_number is 0,prev_log_number is 0,max_column_family is 0,min_log_number_to_keep is 0
2018/12/20-09:38:31.952455 7fd552ed8700 [db/version_set.cc:3369] Column family [default] (ID 0), log number is 0
2018/12/20-09:38:31.952620 7fd552ed8700 [db/version_set.cc:2847] Creating manifest 4
2018/12/20-09:38:32.162482 7fd552ed8700 [db/column_family.cc:475] --------------- Options for column family [usertable]:
2018/12/20-09:38:32.162490 7fd552ed8700               Options.comparator: leveldb.BytewiseComparator
2018/12/20-09:38:32.162493 7fd552ed8700           Options.merge_operator: None
2018/12/20-09:38:32.162495 7fd552ed8700        Options.compaction_filter: None
2018/12/20-09:38:32.162497 7fd552ed8700        Options.compaction_filter_factory: None
2018/12/20-09:38:32.162499 7fd552ed8700         Options.memtable_factory: SkipListFactory
2018/12/20-09:38:32.162501 7fd552ed8700            Options.table_factory: BlockBasedTable
2018/12/20-09:38:32.162546 7fd552ed8700            table_factory options:   flush_block_policy_factory: FlushBlockBySizePolicyFactory (0x7fd4cc378710)
  cache_index_and_filter_blocks: 0
  cache_index_and_filter_blocks_with_high_priority: 0
  pin_l0_filter_and_index_blocks_in_cache: 0
  index_type: 0
  hash_index_allow_collision: 1
  checksum: 1
  no_block_cache: 0
  block_cache: 0x7fd4cc386dd0
  block_cache_name: LRUCache
  block_cache_options:
    capacity : 8388608
    num_shard_bits : 4
    strict_capacity_limit : 0
    high_pri_pool_ratio: 0.000
  block_cache_compressed: (nil)
  persistent_cache: (nil)
  block_size: 8192
  block_size_deviation: 10
  block_restart_interval: 16
  index_block_restart_interval: 1
  metadata_block_size: 4096
  partition_filters: 0
  use_delta_encoding: 1
  filter_policy: nullptr
  whole_key_filtering: 1
  verify_compression: 0
  read_amp_bytes_per_bit: 0
  format_version: 2
  enable_index_compression: 1
  block_align: 0
2018/12/20-09:38:32.162550 7fd552ed8700        Options.write_buffer_size: 134217728
2018/12/20-09:38:32.162552 7fd552ed8700  Options.max_write_buffer_number: 24
2018/12/20-09:38:32.162555 7fd552ed8700        Options.compression[0]: NoCompression
2018/12/20-09:38:32.162577 7fd552ed8700        Options.compression[1]: NoCompression
2018/12/20-09:38:32.162579 7fd552ed8700        Options.compression[2]: LZ4
2018/12/20-09:38:32.162581 7fd552ed8700        Options.compression[3]: LZ4
2018/12/20-09:38:32.162583 7fd552ed8700        Options.compression[4]: LZ4
2018/12/20-09:38:32.162585 7fd552ed8700        Options.compression[5]: LZ4
2018/12/20-09:38:32.162587 7fd552ed8700        Options.compression[6]: LZ4
2018/12/20-09:38:32.162589 7fd552ed8700                  Options.bottommost_compression: Disabled
2018/12/20-09:38:32.162592 7fd552ed8700       Options.prefix_extractor: nullptr
2018/12/20-09:38:32.162594 7fd552ed8700   Options.memtable_insert_with_hint_prefix_extractor: nullptr
2018/12/20-09:38:32.162595 7fd552ed8700             Options.num_levels: 7
2018/12/20-09:38:32.162597 7fd552ed8700        Options.min_write_buffer_number_to_merge: 2
2018/12/20-09:38:32.162599 7fd552ed8700     Options.max_write_buffer_number_to_maintain: 0
2018/12/20-09:38:32.162601 7fd552ed8700            Options.compression_opts.window_bits: -14
2018/12/20-09:38:32.162603 7fd552ed8700                  Options.compression_opts.level: -1
2018/12/20-09:38:32.162605 7fd552ed8700               Options.compression_opts.strategy: 0
2018/12/20-09:38:32.162607 7fd552ed8700         Options.compression_opts.max_dict_bytes: 0
2018/12/20-09:38:32.162609 7fd552ed8700         Options.compression_opts.zstd_max_train_bytes: 0
2018/12/20-09:38:32.162611 7fd552ed8700      Options.level0_file_num_compaction_trigger: 2
2018/12/20-09:38:32.162613 7fd552ed8700          Options.level0_slowdown_writes_trigger: 20
2018/12/20-09:38:32.162615 7fd552ed8700              Options.level0_stop_writes_trigger: 36
2018/12/20-09:38:32.162617 7fd552ed8700                   Options.target_file_size_base: 67108864
2018/12/20-09:38:32.162619 7fd552ed8700             Options.target_file_size_multiplier: 1
2018/12/20-09:38:32.162621 7fd552ed8700                Options.max_bytes_for_level_base: 536870912
2018/12/20-09:38:32.162623 7fd552ed8700 Options.level_compaction_dynamic_level_bytes: 0
2018/12/20-09:38:32.162625 7fd552ed8700          Options.max_bytes_for_level_multiplier: 10.000000
2018/12/20-09:38:32.162631 7fd552ed8700 Options.max_bytes_for_level_multiplier_addtl[0]: 1
2018/12/20-09:38:32.162648 7fd552ed8700 Options.max_bytes_for_level_multiplier_addtl[1]: 1
2018/12/20-09:38:32.162651 7fd552ed8700 Options.max_bytes_for_level_multiplier_addtl[2]: 1
2018/12/20-09:38:32.162653 7fd552ed8700 Options.max_bytes_for_level_multiplier_addtl[3]: 1
2018/12/20-09:38:32.162655 7fd552ed8700 Options.max_bytes_for_level_multiplier_addtl[4]: 1
2018/12/20-09:38:32.162657 7fd552ed8700 Options.max_bytes_for_level_multiplier_addtl[5]: 1
2018/12/20-09:38:32.162658 7fd552ed8700 Options.max_bytes_for_level_multiplier_addtl[6]: 1
2018/12/20-09:38:32.162660 7fd552ed8700       Options.max_sequential_skip_in_iterations: 8
2018/12/20-09:38:32.162662 7fd552ed8700                    Options.max_compaction_bytes: 1677721600
2018/12/20-09:38:32.162664 7fd552ed8700                        Options.arena_block_size: 16777216
2018/12/20-09:38:32.162667 7fd552ed8700   Options.soft_pending_compaction_bytes_limit: 68719476736
2018/12/20-09:38:32.162669 7fd552ed8700   Options.hard_pending_compaction_bytes_limit: 274877906944
2018/12/20-09:38:32.162671 7fd552ed8700       Options.rate_limit_delay_max_milliseconds: 100
2018/12/20-09:38:32.162673 7fd552ed8700                Options.disable_auto_compactions: 0
2018/12/20-09:38:32.162677 7fd552ed8700                        Options.compaction_style: kCompactionStyleLevel
2018/12/20-09:38:32.162680 7fd552ed8700                          Options.compaction_pri: kByCompensatedSize
2018/12/20-09:38:32.162682 7fd552ed8700 Options.compaction_options_universal.size_ratio: 1
2018/12/20-09:38:32.162684 7fd552ed8700 Options.compaction_options_universal.min_merge_width: 2
2018/12/20-09:38:32.162686 7fd552ed8700 Options.compaction_options_universal.max_merge_width: 4294967295
2018/12/20-09:38:32.162688 7fd552ed8700 Options.compaction_options_universal.max_size_amplification_percent: 200
2018/12/20-09:38:32.162690 7fd552ed8700 Options.compaction_options_universal.compression_size_percent: -1
2018/12/20-09:38:32.162693 7fd552ed8700 Options.compaction_options_universal.stop_style: kCompactionStopStyleTotalSize
2018/12/20-09:38:32.162695 7fd552ed8700 Options.compaction_options_fifo.max_table_files_size: 1073741824
2018/12/20-09:38:32.162697 7fd552ed8700 Options.compaction_options_fifo.allow_compaction: 0
2018/12/20-09:38:32.162699 7fd552ed8700 Options.compaction_options_fifo.ttl: 0
2018/12/20-09:38:32.162701 7fd552ed8700                   Options.table_properties_collectors: 
2018/12/20-09:38:32.162703 7fd552ed8700                   Options.inplace_update_support: 0
2018/12/20-09:38:32.162705 7fd552ed8700                 Options.inplace_update_num_locks: 10000
2018/12/20-09:38:32.162707 7fd552ed8700               Options.memtable_prefix_bloom_size_ratio: 0.000000
2018/12/20-09:38:32.162710 7fd552ed8700   Options.memtable_huge_page_size: 0
2018/12/20-09:38:32.162712 7fd552ed8700                           Options.bloom_locality: 0
2018/12/20-09:38:32.162714 7fd552ed8700                    Options.max_successive_merges: 0
2018/12/20-09:38:32.162716 7fd552ed8700                Options.optimize_filters_for_hits: 0
2018/12/20-09:38:32.162718 7fd552ed8700                Options.paranoid_file_checks: 0
2018/12/20-09:38:32.162720 7fd552ed8700                Options.force_consistency_checks: 0
2018/12/20-09:38:32.162722 7fd552ed8700                Options.report_bg_io_stats: 0
2018/12/20-09:38:32.162724 7fd552ed8700                               Options.ttl: 0
2018/12/20-09:38:32.162825 7fd552ed8700 [db/db_impl.cc:1396] Created column family [usertable] (ID 1)
2018/12/20-09:38:32.344788 7fd552ed8700 [db/db_impl_open.cc:1219] DB pointer 0x7fd4cc3bf0b0
2018/12/20-09:38:41.306542 7fd5514ad700 [db/db_impl_write.cc:1373] [usertable] New memtable created with log file: #9. Immutable memtables: 0.
2018/12/20-09:38:50.270058 7fd550ea7700 [db/db_impl_write.cc:1373] [usertable] New memtable created with log file: #10. Immutable memtables: 1.
2018/12/20-09:38:50.270199 7fd3ea7fc700 [db/db_impl_compaction_flush.cc:80] [JOB 2] Syncing log #3
2018/12/20-09:38:50.543160 7fd3ea7fc700 [db/db_impl_compaction_flush.cc:80] [JOB 2] Syncing log #9
2018/12/20-09:38:51.080976 7fd3ea7fc700 (Original Log Time 2018/12/20-09:38:50.270146) [db/db_impl_compaction_flush.cc:1424] Calling FlushMemTableToOutputFile with column family [usertable], flush slots available 24, compaction slots available 1, flush slots scheduled 1, compaction slots scheduled 0
2018/12/20-09:38:51.080989 7fd3ea7fc700 [db/flush_job.cc:301] [usertable] [JOB 2] Flushing memtable with next log file: 9
2018/12/20-09:38:51.080999 7fd3ea7fc700 [db/flush_job.cc:301] [usertable] [JOB 2] Flushing memtable with next log file: 10
2018/12/20-09:38:51.081042 7fd3ea7fc700 EVENT_LOG_v1 {"time_micros": 1545327531081028, "job": 2, "event": "flush_started", "num_memtables": 2, "num_entries": 62727, "num_deletes": 0, "memory_usage": 260045104, "flush_reason": "Write Buffer Full"}
2018/12/20-09:38:51.081052 7fd3ea7fc700 [db/flush_job.cc:331] [usertable] [JOB 2] Level-0 flush table #11: started
2018/12/20-09:38:52.482817 7fd3ea7fc700 EVENT_LOG_v1 {"time_micros": 1545327532482793, "cf_name": "usertable", "job": 2, "event": "table_file_creation", "file_number": 11, "file_size": 259777599, "table_properties": {"data_size": 258623435, "index_size": 1153237, "filter_size": 0, "raw_key_size": 1505448, "raw_average_key_size": 24, "raw_value_size": 256929792, "raw_average_value_size": 4096, "num_data_blocks": 31364, "num_entries": 62727, "filter_policy_name": "", "kDeletedKeys": "0", "kMergeOperands": "0"}}
2018/12/20-09:38:52.482856 7fd3ea7fc700 [db/flush_job.cc:371] [usertable] [JOB 2] Level-0 flush table #11: 259777599 bytes OK
2018/12/20-09:38:52.544724 7fd3ea7fc700 (Original Log Time 2018/12/20-09:38:52.482873) [db/memtable_list.cc:377] [usertable] Level-0 commit table #11 started
2018/12/20-09:38:52.544729 7fd3ea7fc700 (Original Log Time 2018/12/20-09:38:52.544616) [db/memtable_list.cc:409] [usertable] Level-0 commit table #11: memtable #1 done
2018/12/20-09:38:52.544731 7fd3ea7fc700 (Original Log Time 2018/12/20-09:38:52.544636) [db/memtable_list.cc:409] [usertable] Level-0 commit table #11: memtable #2 done
2018/12/20-09:38:52.544733 7fd3ea7fc700 (Original Log Time 2018/12/20-09:38:52.544666) EVENT_LOG_v1 {"time_micros": 1545327532544656, "job": 2, "event": "flush_finished", "output_compression": "NoCompression", "lsm_state": [1, 0, 0, 0, 0, 0, 0], "immutable_memtables": 0}
2018/12/20-09:38:52.544734 7fd3ea7fc700 (Original Log Time 2018/12/20-09:38:52.544695) [db/db_impl_compaction_flush.cc:177] [usertable] Level summary: base level 1 max bytes base 536870912 files[1 0 0 0 0 0 0] max score 0.50
2018/12/20-09:38:52.544746 7fd3ea7fc700 [db/db_impl_files.cc:347] [JOB 2] Try to delete WAL files size 258979863, prev total WAL file size 291853269, number of live WAL files 3.
2018/12/20-09:38:59.074498 7fd551eb7700 [db/db_impl_write.cc:1373] [usertable] New memtable created with log file: #12. Immutable memtables: 0.
2018/12/20-09:39:08.039804 7fd5517b0700 [db/db_impl_write.cc:1373] [usertable] New memtable created with log file: #13. Immutable memtables: 1.
2018/12/20-09:39:08.039923 7fd3eaffd700 [db/db_impl_compaction_flush.cc:80] [JOB 3] Syncing log #10
2018/12/20-09:39:08.566720 7fd3eaffd700 [db/db_impl_compaction_flush.cc:80] [JOB 3] Syncing log #12
2018/12/20-09:39:09.103479 7fd3eaffd700 (Original Log Time 2018/12/20-09:39:08.039899) [db/db_impl_compaction_flush.cc:1424] Calling FlushMemTableToOutputFile with column family [usertable], flush slots available 24, compaction slots available 1, flush slots scheduled 1, compaction slots scheduled 0
2018/12/20-09:39:09.103496 7fd3eaffd700 [db/flush_job.cc:301] [usertable] [JOB 3] Flushing memtable with next log file: 12
2018/12/20-09:39:09.103503 7fd3eaffd700 [db/flush_job.cc:301] [usertable] [JOB 3] Flushing memtable with next log file: 13
2018/12/20-09:39:09.103532 7fd3eaffd700 EVENT_LOG_v1 {"time_micros": 1545327549103524, "job": 3, "event": "flush_started", "num_memtables": 2, "num_entries": 62193, "num_deletes": 0, "memory_usage": 257752864, "flush_reason": "Write Buffer Full"}
2018/12/20-09:39:09.103538 7fd3eaffd700 [db/flush_job.cc:331] [usertable] [JOB 3] Level-0 flush table #14: started
2018/12/20-09:39:10.051163 7fd3eaffd700 EVENT_LOG_v1 {"time_micros": 1545327550051140, "cf_name": "usertable", "job": 3, "event": "table_file_creation", "file_number": 14, "file_size": 257579915, "table_properties": {"data_size": 256428663, "index_size": 1150325, "filter_size": 0, "raw_key_size": 1492632, "raw_average_key_size": 24, "raw_value_size": 254742528, "raw_average_value_size": 4096, "num_data_blocks": 31097, "num_entries": 62193, "filter_policy_name": "", "kDeletedKeys": "0", "kMergeOperands": "0"}}
2018/12/20-09:39:10.051185 7fd3eaffd700 [db/flush_job.cc:371] [usertable] [JOB 3] Level-0 flush table #14: 257579915 bytes OK
2018/12/20-09:39:10.080299 7fd3eaffd700 (Original Log Time 2018/12/20-09:39:10.051200) [db/memtable_list.cc:377] [usertable] Level-0 commit table #14 started
2018/12/20-09:39:10.080302 7fd3eaffd700 (Original Log Time 2018/12/20-09:39:10.080230) [db/memtable_list.cc:409] [usertable] Level-0 commit table #14: memtable #1 done
2018/12/20-09:39:10.080304 7fd3eaffd700 (Original Log Time 2018/12/20-09:39:10.080232) [db/memtable_list.cc:409] [usertable] Level-0 commit table #14: memtable #2 done
2018/12/20-09:39:10.080305 7fd3eaffd700 (Original Log Time 2018/12/20-09:39:10.080245) EVENT_LOG_v1 {"time_micros": 1545327550080239, "job": 3, "event": "flush_finished", "output_compression": "NoCompression", "lsm_state": [2, 0, 0, 0, 0, 0, 0], "immutable_memtables": 0}
2018/12/20-09:39:10.080307 7fd3eaffd700 (Original Log Time 2018/12/20-09:39:10.080281) [db/db_impl_compaction_flush.cc:177] [usertable] Level summary: base level 1 max bytes base 536870912 files[2 0 0 0 0 0 0] max score 1.00
2018/12/20-09:39:10.080316 7fd3eaffd700 [db/db_impl_files.cc:347] [JOB 3] Try to delete WAL files size 256776825, prev total WAL file size 286272061, number of live WAL files 3.
2018/12/20-09:39:10.080512 7fd3eb7fe700 [WARN] [db/db_impl.cc:491] ------- DUMPING STATS -------
2018/12/20-09:39:10.080606 7fd3eb7fe700 [WARN] [db/db_impl.cc:492] 
** DB Stats **
Uptime(secs): 38.1 total, 38.1 interval
Cumulative writes: 132K writes, 132K keys, 128K commit groups, 1.0 writes per commit group, ingest: 0.51 GB, 13.64 MB/s
Cumulative WAL: 132K writes, 0 syncs, 132064.00 writes per sync, written: 0.51 GB, 13.64 MB/s
Cumulative stall: 00:00:0.000 H:M:S, 0.0 percent
Interval writes: 132K writes, 132K keys, 128K commit groups, 1.0 writes per commit group, ingest: 519.99 MB, 13.64 MB/s
Interval WAL: 132K writes, 0 syncs, 132064.00 writes per sync, written: 0.51 MB, 13.64 MB/s
Interval stall: 00:00:0.000 H:M:S, 0.0 percent

** Compaction Stats [default] **
Level    Files   Size     Score Read(GB)  Rn(GB) Rnp1(GB) Write(GB) Wnew(GB) Moved(GB) W-Amp Rd(MB/s) Wr(MB/s) Comp(sec) Comp(cnt) Avg(sec) KeyIn KeyDrop
----------------------------------------------------------------------------------------------------------------------------------------------------------
 Sum      0/0    0.00 KB   0.0      0.0     0.0      0.0       0.0      0.0       0.0   0.0      0.0      0.0         0         0    0.000       0      0
 Int      0/0    0.00 KB   0.0      0.0     0.0      0.0       0.0      0.0       0.0   0.0      0.0      0.0         0         0    0.000       0      0
Uptime(secs): 38.1 total, 38.1 interval
Flush(GB): cumulative 0.000, interval 0.000
AddFile(GB): cumulative 0.000, interval 0.000
AddFile(Total Files): cumulative 0, interval 0
AddFile(L0 Files): cumulative 0, interval 0
AddFile(Keys): cumulative 0, interval 0
Cumulative compaction: 0.00 GB write, 0.00 MB/s write, 0.00 GB read, 0.00 MB/s read, 0.0 seconds
Interval compaction: 0.00 GB write, 0.00 MB/s write, 0.00 GB read, 0.00 MB/s read, 0.0 seconds
Stalls(count): 0 level0_slowdown, 0 level0_slowdown_with_compaction, 0 level0_numfiles, 0 level0_numfiles_with_compaction, 0 stop for pending_compaction_bytes, 0 slowdown for pending_compaction_bytes, 0 memtable_compaction, 0 memtable_slowdown, interval 0 total count

** File Read Latency Histogram By Level [default] **

** Compaction Stats [usertable] **
Level    Files   Size     Score Read(GB)  Rn(GB) Rnp1(GB) Write(GB) Wnew(GB) Moved(GB) W-Amp Rd(MB/s) Wr(MB/s) Comp(sec) Comp(cnt) Avg(sec) KeyIn KeyDrop
----------------------------------------------------------------------------------------------------------------------------------------------------------
  L0      2/0   493.39 MB   1.0      0.0     0.0      0.0       0.5      0.5       0.0   1.0      0.0    210.0         2         2    1.175       0      0
 Sum      2/0   493.39 MB   0.0      0.0     0.0      0.0       0.5      0.5       0.0   1.0      0.0    210.0         2         2    1.175       0      0
 Int      0/0    0.00 KB   0.0      0.0     0.0      0.0       0.5      0.5       0.0   1.0      0.0    210.0         2         2    1.175       0      0
Uptime(secs): 37.9 total, 37.9 interval
Flush(GB): cumulative 0.482, interval 0.482
AddFile(GB): cumulative 0.000, interval 0.000
AddFile(Total Files): cumulative 0, interval 0
AddFile(L0 Files): cumulative 0, interval 0
AddFile(Keys): cumulative 0, interval 0
Cumulative compaction: 0.48 GB write, 13.01 MB/s write, 0.00 GB read, 0.00 MB/s read, 2.3 seconds
Interval compaction: 0.48 GB write, 13.01 MB/s write, 0.00 GB read, 0.00 MB/s read, 2.3 seconds
Stalls(count): 0 level0_slowdown, 0 level0_slowdown_with_compaction, 0 level0_numfiles, 0 level0_numfiles_with_compaction, 0 stop for pending_compaction_bytes, 0 slowdown for pending_compaction_bytes, 0 memtable_compaction, 0 memtable_slowdown, interval 0 total count

** File Read Latency Histogram By Level [usertable] **

** Compaction Stats [default] **
Level    Files   Size     Score Read(GB)  Rn(GB) Rnp1(GB) Write(GB) Wnew(GB) Moved(GB) W-Amp Rd(MB/s) Wr(MB/s) Comp(sec) Comp(cnt) Avg(sec) KeyIn KeyDrop
----------------------------------------------------------------------------------------------------------------------------------------------------------
 Sum      0/0    0.00 KB   0.0      0.0     0.0      0.0       0.0      0.0       0.0   0.0      0.0      0.0         0         0    0.000       0      0
 Int      0/0    0.00 KB   0.0      0.0     0.0      0.0       0.0      0.0       0.0   0.0      0.0      0.0         0         0    0.000       0      0
Uptime(secs): 38.1 total, 0.0 interval
Flush(GB): cumulative 0.000, interval 0.000
AddFile(GB): cumulative 0.000, interval 0.000
AddFile(Total Files): cumulative 0, interval 0
AddFile(L0 Files): cumulative 0, interval 0
AddFile(Keys): cumulative 0, interval 0
Cumulative compaction: 0.00 GB write, 0.00 MB/s write, 0.00 GB read, 0.00 MB/s read, 0.0 seconds
Interval compaction: 0.00 GB write, 0.00 MB/s write, 0.00 GB read, 0.00 MB/s read, 0.0 seconds
Stalls(count): 0 level0_slowdown, 0 level0_slowdown_with_compaction, 0 level0_numfiles, 0 level0_numfiles_with_compaction, 0 stop for pending_compaction_bytes, 0 slowdown for pending_compaction_bytes, 0 memtable_compaction, 0 memtable_slowdown, interval 0 total count

** File Read Latency Histogram By Level [default] **

** Compaction Stats [usertable] **
Level    Files   Size     Score Read(GB)  Rn(GB) Rnp1(GB) Write(GB) Wnew(GB) Moved(GB) W-Amp Rd(MB/s) Wr(MB/s) Comp(sec) Comp(cnt) Avg(sec) KeyIn KeyDrop
----------------------------------------------------------------------------------------------------------------------------------------------------------
  L0      2/0   493.39 MB   1.0      0.0     0.0      0.0       0.5      0.5       0.0   1.0      0.0    210.0         2         2    1.175       0      0
 Sum      2/0   493.39 MB   0.0      0.0     0.0      0.0       0.5      0.5       0.0   1.0      0.0    210.0         2         2    1.175       0      0
 Int      0/0    0.00 KB   0.0      0.0     0.0      0.0       0.0      0.0       0.0   0.0      0.0      0.0         0         0    0.000       0      0
Uptime(secs): 37.9 total, 0.0 interval
Flush(GB): cumulative 0.482, interval 0.000
AddFile(GB): cumulative 0.000, interval 0.000
AddFile(Total Files): cumulative 0, interval 0
AddFile(L0 Files): cumulative 0, interval 0
AddFile(Keys): cumulative 0, interval 0
Cumulative compaction: 0.48 GB write, 13.01 MB/s write, 0.00 GB read, 0.00 MB/s read, 2.3 seconds
Interval compaction: 0.00 GB write, 0.00 MB/s write, 0.00 GB read, 0.00 MB/s read, 0.0 seconds
Stalls(count): 0 level0_slowdown, 0 level0_slowdown_with_compaction, 0 level0_numfiles, 0 level0_numfiles_with_compaction, 0 stop for pending_compaction_bytes, 0 slowdown for pending_compaction_bytes, 0 memtable_compaction, 0 memtable_slowdown, interval 0 total count

** File Read Latency Histogram By Level [usertable] **
2018/12/20-09:39:10.109495 7fd3eb7fe700 (Original Log Time 2018/12/20-09:39:10.080689) [db/db_impl_compaction_flush.cc:1835] [usertable] Moving #11 to level-1 259777599 bytes
2018/12/20-09:39:10.109498 7fd3eb7fe700 (Original Log Time 2018/12/20-09:39:10.109467) EVENT_LOG_v1 {"time_micros": 1545327550109460, "job": 4, "event": "trivial_move", "destination_level": 1, "files": 1, "total_files_size": 259777599}
2018/12/20-09:39:10.109500 7fd3eb7fe700 (Original Log Time 2018/12/20-09:39:10.109474) [db/db_impl_compaction_flush.cc:1864] [usertable] Moved #1 files to level-1 259777599 bytes OK: base level 1 max bytes base 536870912 files[1 1 0 0 0 0 0] max score 0.50
2018/12/20-09:39:17.005184 7fd552ed8700 [db/db_impl_write.cc:1373] [usertable] New memtable created with log file: #15. Immutable memtables: 0.
2018/12/20-09:39:24.764836 7fd5529d3700 [db/db_impl_write.cc:1373] [usertable] New memtable created with log file: #16. Immutable memtables: 1.
2018/12/20-09:39:24.764930 7fd3e9ffb700 [db/db_impl_compaction_flush.cc:80] [JOB 5] Syncing log #13
2018/12/20-09:39:25.291611 7fd3e9ffb700 [db/db_impl_compaction_flush.cc:80] [JOB 5] Syncing log #15
2018/12/20-09:39:25.726137 7fd3e9ffb700 (Original Log Time 2018/12/20-09:39:24.764912) [db/db_impl_compaction_flush.cc:1424] Calling FlushMemTableToOutputFile with column family [usertable], flush slots available 24, compaction slots available 1, flush slots scheduled 1, compaction slots scheduled 0
2018/12/20-09:39:25.726153 7fd3e9ffb700 [db/flush_job.cc:301] [usertable] [JOB 5] Flushing memtable with next log file: 15
2018/12/20-09:39:25.726159 7fd3e9ffb700 [db/flush_job.cc:301] [usertable] [JOB 5] Flushing memtable with next log file: 16
2018/12/20-09:39:25.726188 7fd3e9ffb700 EVENT_LOG_v1 {"time_micros": 1545327565726180, "job": 5, "event": "flush_started", "num_memtables": 2, "num_entries": 58538, "num_deletes": 0, "memory_usage": 256711672, "flush_reason": "Write Buffer Full"}
2018/12/20-09:39:25.726195 7fd3e9ffb700 [db/flush_job.cc:331] [usertable] [JOB 5] Level-0 flush table #17: started
2018/12/20-09:39:27.290872 7fd3e9ffb700 EVENT_LOG_v1 {"time_micros": 1545327567290851, "cf_name": "usertable", "job": 5, "event": "table_file_creation", "file_number": 17, "file_size": 242429287, "table_properties": {"data_size": 241352174, "index_size": 1076186, "filter_size": 0, "raw_key_size": 1404912, "raw_average_key_size": 24, "raw_value_size": 239771648, "raw_average_value_size": 4096, "num_data_blocks": 29269, "num_entries": 58538, "filter_policy_name": "", "kDeletedKeys": "0", "kMergeOperands": "0"}}
2018/12/20-09:39:27.290892 7fd3e9ffb700 [db/flush_job.cc:371] [usertable] [JOB 5] Level-0 flush table #17: 242429287 bytes OK
2018/12/20-09:39:27.375398 7fd3e9ffb700 (Original Log Time 2018/12/20-09:39:27.290906) [db/memtable_list.cc:377] [usertable] Level-0 commit table #17 started
2018/12/20-09:39:27.375402 7fd3e9ffb700 (Original Log Time 2018/12/20-09:39:27.375305) [db/memtable_list.cc:409] [usertable] Level-0 commit table #17: memtable #1 done
2018/12/20-09:39:27.375404 7fd3e9ffb700 (Original Log Time 2018/12/20-09:39:27.375312) [db/memtable_list.cc:409] [usertable] Level-0 commit table #17: memtable #2 done
2018/12/20-09:39:27.375406 7fd3e9ffb700 (Original Log Time 2018/12/20-09:39:27.375341) EVENT_LOG_v1 {"time_micros": 1545327567375331, "job": 5, "event": "flush_finished", "output_compression": "NoCompression", "lsm_state": [2, 1, 0, 0, 0, 0, 0], "immutable_memtables": 0}
2018/12/20-09:39:27.375408 7fd3e9ffb700 (Original Log Time 2018/12/20-09:39:27.375376) [db/db_impl_compaction_flush.cc:177] [usertable] Level summary: base level 1 max bytes base 536870912 files[2 1 0 0 0 0 0] max score 1.00
