2018/12/20-12:13:55.050937 7f4324cd6700 RocksDB version: 5.14.3
2018/12/20-12:13:55.051014 7f4324cd6700 Git sha rocksdb_build_git_sha:
2018/12/20-12:13:55.051017 7f4324cd6700 Compile date Dec 16 2018
2018/12/20-12:13:55.051020 7f4324cd6700 DB SUMMARY
2018/12/20-12:13:55.051450 7f4324cd6700 CURRENT file:  CURRENT
2018/12/20-12:13:55.051452 7f4324cd6700 IDENTITY file:  IDENTITY
2018/12/20-12:13:55.051462 7f4324cd6700 MANIFEST file:  MANIFEST-000004 size: 121829 Bytes
2018/12/20-12:13:55.051465 7f4324cd6700 SST files in /mnt/sda/ycsb-rocksdb-data dir, Total Num: 666, files: 000021.sst 000022.sst 000023.sst 000024.sst 000028.sst 000029.sst 000030.sst 000031.sst 000035.sst 
2018/12/20-12:13:55.051467 7f4324cd6700 Write Ahead Log file in /mnt/sda/ycsb-rocksdb-data: 001185.log size: 129836461 ; 001191.log size: 19020894 ; 
2018/12/20-12:13:55.051471 7f4324cd6700                         Options.error_if_exists: 0
2018/12/20-12:13:55.051472 7f4324cd6700                       Options.create_if_missing: 1
2018/12/20-12:13:55.051473 7f4324cd6700                         Options.paranoid_checks: 1
2018/12/20-12:13:55.051474 7f4324cd6700                                     Options.env: 0x7f42f37812c0
2018/12/20-12:13:55.051475 7f4324cd6700                                Options.info_log: 0x7f425c3c9160
2018/12/20-12:13:55.051476 7f4324cd6700                Options.max_file_opening_threads: 16
2018/12/20-12:13:55.051477 7f4324cd6700                              Options.statistics: (nil)
2018/12/20-12:13:55.051479 7f4324cd6700                               Options.use_fsync: 0
2018/12/20-12:13:55.051480 7f4324cd6700                       Options.max_log_file_size: 0
2018/12/20-12:13:55.051481 7f4324cd6700                  Options.max_manifest_file_size: 18446744073709551615
2018/12/20-12:13:55.051482 7f4324cd6700                   Options.log_file_time_to_roll: 0
2018/12/20-12:13:55.051483 7f4324cd6700                       Options.keep_log_file_num: 1000
2018/12/20-12:13:55.051484 7f4324cd6700                    Options.recycle_log_file_num: 0
2018/12/20-12:13:55.051485 7f4324cd6700                         Options.allow_fallocate: 1
2018/12/20-12:13:55.051486 7f4324cd6700                        Options.allow_mmap_reads: 0
2018/12/20-12:13:55.051487 7f4324cd6700                       Options.allow_mmap_writes: 0
2018/12/20-12:13:55.051488 7f4324cd6700                        Options.use_direct_reads: 0
2018/12/20-12:13:55.051489 7f4324cd6700                        Options.use_direct_io_for_flush_and_compaction: 0
2018/12/20-12:13:55.051490 7f4324cd6700          Options.create_missing_column_families: 1
2018/12/20-12:13:55.051491 7f4324cd6700                              Options.db_log_dir: 
2018/12/20-12:13:55.051492 7f4324cd6700                                 Options.wal_dir: /mnt/sda/ycsb-rocksdb-data
2018/12/20-12:13:55.051493 7f4324cd6700                Options.table_cache_numshardbits: 6
2018/12/20-12:13:55.051494 7f4324cd6700                      Options.max_subcompactions: 4
2018/12/20-12:13:55.051495 7f4324cd6700                  Options.max_background_flushes: 24
2018/12/20-12:13:55.051496 7f4324cd6700                         Options.WAL_ttl_seconds: 0
2018/12/20-12:13:55.051497 7f4324cd6700                       Options.WAL_size_limit_MB: 0
2018/12/20-12:13:55.051498 7f4324cd6700             Options.manifest_preallocation_size: 4194304
2018/12/20-12:13:55.051499 7f4324cd6700                     Options.is_fd_close_on_exec: 1
2018/12/20-12:13:55.051500 7f4324cd6700                   Options.advise_random_on_open: 1
2018/12/20-12:13:55.051501 7f4324cd6700                    Options.db_write_buffer_size: 0
2018/12/20-12:13:55.051502 7f4324cd6700                    Options.write_buffer_manager: 0x7f425c3c5f30
2018/12/20-12:13:55.051503 7f4324cd6700         Options.access_hint_on_compaction_start: 1
2018/12/20-12:13:55.051504 7f4324cd6700  Options.new_table_reader_for_compaction_inputs: 0
2018/12/20-12:13:55.051505 7f4324cd6700           Options.random_access_max_buffer_size: 1048576
2018/12/20-12:13:55.051506 7f4324cd6700                      Options.use_adaptive_mutex: 0
2018/12/20-12:13:55.051507 7f4324cd6700                            Options.rate_limiter: (nil)
2018/12/20-12:13:55.051519 7f4324cd6700     Options.sst_file_manager.rate_bytes_per_sec: 0
2018/12/20-12:13:55.051521 7f4324cd6700                       Options.wal_recovery_mode: 2
2018/12/20-12:13:55.051523 7f4324cd6700                  Options.enable_thread_tracking: 0
2018/12/20-12:13:55.051524 7f4324cd6700                  Options.enable_pipelined_write: 1
2018/12/20-12:13:55.051525 7f4324cd6700         Options.allow_concurrent_memtable_write: 1
2018/12/20-12:13:55.051525 7f4324cd6700      Options.enable_write_thread_adaptive_yield: 1
2018/12/20-12:13:55.051526 7f4324cd6700             Options.write_thread_max_yield_usec: 100
2018/12/20-12:13:55.051528 7f4324cd6700            Options.write_thread_slow_yield_usec: 3
2018/12/20-12:13:55.051529 7f4324cd6700                               Options.row_cache: None
2018/12/20-12:13:55.051530 7f4324cd6700                              Options.wal_filter: None
2018/12/20-12:13:55.051531 7f4324cd6700             Options.avoid_flush_during_recovery: 0
2018/12/20-12:13:55.051532 7f4324cd6700             Options.allow_ingest_behind: 0
2018/12/20-12:13:55.051533 7f4324cd6700             Options.preserve_deletes: 0
2018/12/20-12:13:55.051534 7f4324cd6700             Options.two_write_queues: 0
2018/12/20-12:13:55.051535 7f4324cd6700             Options.manual_wal_flush: 0
2018/12/20-12:13:55.051536 7f4324cd6700             Options.max_background_jobs: 24
2018/12/20-12:13:55.051537 7f4324cd6700             Options.max_background_compactions: 24
2018/12/20-12:13:55.051538 7f4324cd6700             Options.avoid_flush_during_shutdown: 0
2018/12/20-12:13:55.051539 7f4324cd6700           Options.writable_file_max_buffer_size: 1048576
2018/12/20-12:13:55.051540 7f4324cd6700             Options.delayed_write_rate : 16777216
2018/12/20-12:13:55.051541 7f4324cd6700             Options.max_total_wal_size: 0
2018/12/20-12:13:55.051542 7f4324cd6700             Options.delete_obsolete_files_period_micros: 21600000000
2018/12/20-12:13:55.051543 7f4324cd6700                   Options.stats_dump_period_sec: 60
2018/12/20-12:13:55.051544 7f4324cd6700                          Options.max_open_files: -1
2018/12/20-12:13:55.051545 7f4324cd6700                          Options.bytes_per_sync: 1048576
2018/12/20-12:13:55.051547 7f4324cd6700                      Options.wal_bytes_per_sync: 0
2018/12/20-12:13:55.051547 7f4324cd6700       Options.compaction_readahead_size: 0
2018/12/20-12:13:55.051548 7f4324cd6700 Compression algorithms supported:
2018/12/20-12:13:55.051550 7f4324cd6700 	kZSTDNotFinalCompression supported: 1
2018/12/20-12:13:55.051559 7f4324cd6700 	kZSTD supported: 1
2018/12/20-12:13:55.051560 7f4324cd6700 	kXpressCompression supported: 0
2018/12/20-12:13:55.051561 7f4324cd6700 	kLZ4HCCompression supported: 1
2018/12/20-12:13:55.051562 7f4324cd6700 	kLZ4Compression supported: 1
2018/12/20-12:13:55.051563 7f4324cd6700 	kBZip2Compression supported: 1
2018/12/20-12:13:55.051565 7f4324cd6700 	kZlibCompression supported: 1
2018/12/20-12:13:55.051566 7f4324cd6700 	kSnappyCompression supported: 1
2018/12/20-12:13:55.051570 7f4324cd6700 Fast CRC32 supported: Supported on x86
2018/12/20-12:13:55.052050 7f4324cd6700 [db/version_set.cc:3085] Recovering from manifest file: MANIFEST-000004
2018/12/20-12:13:55.052155 7f4324cd6700 [db/column_family.cc:475] --------------- Options for column family [default]:
2018/12/20-12:13:55.052160 7f4324cd6700               Options.comparator: leveldb.BytewiseComparator
2018/12/20-12:13:55.052161 7f4324cd6700           Options.merge_operator: None
2018/12/20-12:13:55.052162 7f4324cd6700        Options.compaction_filter: None
2018/12/20-12:13:55.052163 7f4324cd6700        Options.compaction_filter_factory: None
2018/12/20-12:13:55.052164 7f4324cd6700         Options.memtable_factory: SkipListFactory
2018/12/20-12:13:55.052165 7f4324cd6700            Options.table_factory: BlockBasedTable
2018/12/20-12:13:55.052194 7f4324cd6700            table_factory options:   flush_block_policy_factory: FlushBlockBySizePolicyFactory (0x7f425c37ad30)
  cache_index_and_filter_blocks: 0
  cache_index_and_filter_blocks_with_high_priority: 0
  pin_l0_filter_and_index_blocks_in_cache: 0
  index_type: 0
  hash_index_allow_collision: 1
  checksum: 1
  no_block_cache: 0
  block_cache: 0x7f425c3868a0
  block_cache_name: LRUCache
  block_cache_options:
    capacity : 8388608
    num_shard_bits : 4
    strict_capacity_limit : 0
    high_pri_pool_ratio: 0.000
  block_cache_compressed: (nil)
  persistent_cache: (nil)
  block_size: 8192
  block_size_deviation: 10
  block_restart_interval: 16
  index_block_restart_interval: 1
  metadata_block_size: 4096
  partition_filters: 0
  use_delta_encoding: 1
  filter_policy: nullptr
  whole_key_filtering: 1
  verify_compression: 0
  read_amp_bytes_per_bit: 0
  format_version: 2
  enable_index_compression: 1
  block_align: 0
2018/12/20-12:13:55.052209 7f4324cd6700        Options.write_buffer_size: 134217728
2018/12/20-12:13:55.052211 7f4324cd6700  Options.max_write_buffer_number: 24
2018/12/20-12:13:55.052212 7f4324cd6700        Options.compression[0]: NoCompression
2018/12/20-12:13:55.052214 7f4324cd6700        Options.compression[1]: NoCompression
2018/12/20-12:13:55.052215 7f4324cd6700        Options.compression[2]: LZ4
2018/12/20-12:13:55.052216 7f4324cd6700        Options.compression[3]: LZ4
2018/12/20-12:13:55.052217 7f4324cd6700        Options.compression[4]: LZ4
2018/12/20-12:13:55.052218 7f4324cd6700        Options.compression[5]: LZ4
2018/12/20-12:13:55.052219 7f4324cd6700        Options.compression[6]: LZ4
2018/12/20-12:13:55.052220 7f4324cd6700                  Options.bottommost_compression: Disabled
2018/12/20-12:13:55.052221 7f4324cd6700       Options.prefix_extractor: nullptr
2018/12/20-12:13:55.052222 7f4324cd6700   Options.memtable_insert_with_hint_prefix_extractor: nullptr
2018/12/20-12:13:55.052223 7f4324cd6700             Options.num_levels: 7
2018/12/20-12:13:55.052224 7f4324cd6700        Options.min_write_buffer_number_to_merge: 2
2018/12/20-12:13:55.052225 7f4324cd6700     Options.max_write_buffer_number_to_maintain: 0
2018/12/20-12:13:55.052226 7f4324cd6700            Options.compression_opts.window_bits: -14
2018/12/20-12:13:55.052227 7f4324cd6700                  Options.compression_opts.level: -1
2018/12/20-12:13:55.052229 7f4324cd6700               Options.compression_opts.strategy: 0
2018/12/20-12:13:55.052230 7f4324cd6700         Options.compression_opts.max_dict_bytes: 0
2018/12/20-12:13:55.052230 7f4324cd6700         Options.compression_opts.zstd_max_train_bytes: 0
2018/12/20-12:13:55.052232 7f4324cd6700      Options.level0_file_num_compaction_trigger: 2
2018/12/20-12:13:55.052233 7f4324cd6700          Options.level0_slowdown_writes_trigger: 20
2018/12/20-12:13:55.052233 7f4324cd6700              Options.level0_stop_writes_trigger: 36
2018/12/20-12:13:55.052234 7f4324cd6700                   Options.target_file_size_base: 67108864
2018/12/20-12:13:55.052236 7f4324cd6700             Options.target_file_size_multiplier: 1
2018/12/20-12:13:55.052237 7f4324cd6700                Options.max_bytes_for_level_base: 536870912
2018/12/20-12:13:55.052238 7f4324cd6700 Options.level_compaction_dynamic_level_bytes: 0
2018/12/20-12:13:55.052239 7f4324cd6700          Options.max_bytes_for_level_multiplier: 10.000000
2018/12/20-12:13:55.052242 7f4324cd6700 Options.max_bytes_for_level_multiplier_addtl[0]: 1
2018/12/20-12:13:55.052243 7f4324cd6700 Options.max_bytes_for_level_multiplier_addtl[1]: 1
2018/12/20-12:13:55.052244 7f4324cd6700 Options.max_bytes_for_level_multiplier_addtl[2]: 1
2018/12/20-12:13:55.052245 7f4324cd6700 Options.max_bytes_for_level_multiplier_addtl[3]: 1
2018/12/20-12:13:55.052246 7f4324cd6700 Options.max_bytes_for_level_multiplier_addtl[4]: 1
2018/12/20-12:13:55.052247 7f4324cd6700 Options.max_bytes_for_level_multiplier_addtl[5]: 1
2018/12/20-12:13:55.052248 7f4324cd6700 Options.max_bytes_for_level_multiplier_addtl[6]: 1
2018/12/20-12:13:55.052249 7f4324cd6700       Options.max_sequential_skip_in_iterations: 8
2018/12/20-12:13:55.052250 7f4324cd6700                    Options.max_compaction_bytes: 1677721600
2018/12/20-12:13:55.052257 7f4324cd6700                        Options.arena_block_size: 16777216
2018/12/20-12:13:55.052258 7f4324cd6700   Options.soft_pending_compaction_bytes_limit: 68719476736
2018/12/20-12:13:55.052260 7f4324cd6700   Options.hard_pending_compaction_bytes_limit: 274877906944
2018/12/20-12:13:55.052261 7f4324cd6700       Options.rate_limit_delay_max_milliseconds: 100
2018/12/20-12:13:55.052262 7f4324cd6700                Options.disable_auto_compactions: 0
2018/12/20-12:13:55.052264 7f4324cd6700                        Options.compaction_style: kCompactionStyleLevel
2018/12/20-12:13:55.052265 7f4324cd6700                          Options.compaction_pri: kByCompensatedSize
2018/12/20-12:13:55.052266 7f4324cd6700 Options.compaction_options_universal.size_ratio: 1
2018/12/20-12:13:55.052267 7f4324cd6700 Options.compaction_options_universal.min_merge_width: 2
2018/12/20-12:13:55.052269 7f4324cd6700 Options.compaction_options_universal.max_merge_width: 4294967295
2018/12/20-12:13:55.052270 7f4324cd6700 Options.compaction_options_universal.max_size_amplification_percent: 200
2018/12/20-12:13:55.052271 7f4324cd6700 Options.compaction_options_universal.compression_size_percent: -1
2018/12/20-12:13:55.052272 7f4324cd6700 Options.compaction_options_universal.stop_style: kCompactionStopStyleTotalSize
2018/12/20-12:13:55.052274 7f4324cd6700 Options.compaction_options_fifo.max_table_files_size: 1073741824
2018/12/20-12:13:55.052275 7f4324cd6700 Options.compaction_options_fifo.allow_compaction: 0
2018/12/20-12:13:55.052276 7f4324cd6700 Options.compaction_options_fifo.ttl: 0
2018/12/20-12:13:55.052277 7f4324cd6700                   Options.table_properties_collectors: 
2018/12/20-12:13:55.052278 7f4324cd6700                   Options.inplace_update_support: 0
2018/12/20-12:13:55.052279 7f4324cd6700                 Options.inplace_update_num_locks: 10000
2018/12/20-12:13:55.052280 7f4324cd6700               Options.memtable_prefix_bloom_size_ratio: 0.000000
2018/12/20-12:13:55.052281 7f4324cd6700   Options.memtable_huge_page_size: 0
2018/12/20-12:13:55.052282 7f4324cd6700                           Options.bloom_locality: 0
2018/12/20-12:13:55.052283 7f4324cd6700                    Options.max_successive_merges: 0
2018/12/20-12:13:55.052284 7f4324cd6700                Options.optimize_filters_for_hits: 0
2018/12/20-12:13:55.052285 7f4324cd6700                Options.paranoid_file_checks: 0
2018/12/20-12:13:55.052286 7f4324cd6700                Options.force_consistency_checks: 0
2018/12/20-12:13:55.052287 7f4324cd6700                Options.report_bg_io_stats: 0
2018/12/20-12:13:55.052288 7f4324cd6700                               Options.ttl: 0
2018/12/20-12:13:55.052713 7f4324cd6700 [db/column_family.cc:475] --------------- Options for column family [usertable]:
2018/12/20-12:13:55.052718 7f4324cd6700               Options.comparator: leveldb.BytewiseComparator
2018/12/20-12:13:55.052719 7f4324cd6700           Options.merge_operator: None
2018/12/20-12:13:55.052721 7f4324cd6700        Options.compaction_filter: None
2018/12/20-12:13:55.052722 7f4324cd6700        Options.compaction_filter_factory: None
2018/12/20-12:13:55.052723 7f4324cd6700         Options.memtable_factory: SkipListFactory
2018/12/20-12:13:55.052724 7f4324cd6700            Options.table_factory: BlockBasedTable
2018/12/20-12:13:55.052753 7f4324cd6700            table_factory options:   flush_block_policy_factory: FlushBlockBySizePolicyFactory (0x7f425c37ab00)
  cache_index_and_filter_blocks: 0
  cache_index_and_filter_blocks_with_high_priority: 0
  pin_l0_filter_and_index_blocks_in_cache: 0
  index_type: 0
  hash_index_allow_collision: 1
  checksum: 1
  no_block_cache: 0
  block_cache: 0x7f425c37a760
  block_cache_name: LRUCache
  block_cache_options:
    capacity : 8388608
    num_shard_bits : 4
    strict_capacity_limit : 0
    high_pri_pool_ratio: 0.000
  block_cache_compressed: (nil)
  persistent_cache: (nil)
  block_size: 8192
  block_size_deviation: 10
  block_restart_interval: 16
  index_block_restart_interval: 1
  metadata_block_size: 4096
  partition_filters: 0
  use_delta_encoding: 1
  filter_policy: nullptr
  whole_key_filtering: 1
  verify_compression: 0
  read_amp_bytes_per_bit: 0
  format_version: 2
  enable_index_compression: 1
  block_align: 0
2018/12/20-12:13:55.052768 7f4324cd6700        Options.write_buffer_size: 134217728
2018/12/20-12:13:55.052770 7f4324cd6700  Options.max_write_buffer_number: 24
2018/12/20-12:13:55.052772 7f4324cd6700        Options.compression[0]: NoCompression
2018/12/20-12:13:55.052773 7f4324cd6700        Options.compression[1]: NoCompression
2018/12/20-12:13:55.052774 7f4324cd6700        Options.compression[2]: LZ4
2018/12/20-12:13:55.052775 7f4324cd6700        Options.compression[3]: LZ4
2018/12/20-12:13:55.052776 7f4324cd6700        Options.compression[4]: LZ4
2018/12/20-12:13:55.052777 7f4324cd6700        Options.compression[5]: LZ4
2018/12/20-12:13:55.052778 7f4324cd6700        Options.compression[6]: LZ4
2018/12/20-12:13:55.052779 7f4324cd6700                  Options.bottommost_compression: Disabled
2018/12/20-12:13:55.052780 7f4324cd6700       Options.prefix_extractor: nullptr
2018/12/20-12:13:55.052781 7f4324cd6700   Options.memtable_insert_with_hint_prefix_extractor: nullptr
2018/12/20-12:13:55.052782 7f4324cd6700             Options.num_levels: 7
2018/12/20-12:13:55.052783 7f4324cd6700        Options.min_write_buffer_number_to_merge: 2
2018/12/20-12:13:55.052784 7f4324cd6700     Options.max_write_buffer_number_to_maintain: 0
2018/12/20-12:13:55.052785 7f4324cd6700            Options.compression_opts.window_bits: -14
2018/12/20-12:13:55.052786 7f4324cd6700                  Options.compression_opts.level: -1
2018/12/20-12:13:55.052787 7f4324cd6700               Options.compression_opts.strategy: 0
2018/12/20-12:13:55.052788 7f4324cd6700         Options.compression_opts.max_dict_bytes: 0
2018/12/20-12:13:55.052789 7f4324cd6700         Options.compression_opts.zstd_max_train_bytes: 0
2018/12/20-12:13:55.052790 7f4324cd6700      Options.level0_file_num_compaction_trigger: 2
2018/12/20-12:13:55.052791 7f4324cd6700          Options.level0_slowdown_writes_trigger: 20
2018/12/20-12:13:55.052792 7f4324cd6700              Options.level0_stop_writes_trigger: 36
2018/12/20-12:13:55.052793 7f4324cd6700                   Options.target_file_size_base: 67108864
2018/12/20-12:13:55.052794 7f4324cd6700             Options.target_file_size_multiplier: 1
2018/12/20-12:13:55.052795 7f4324cd6700                Options.max_bytes_for_level_base: 536870912
2018/12/20-12:13:55.052796 7f4324cd6700 Options.level_compaction_dynamic_level_bytes: 0
2018/12/20-12:13:55.052798 7f4324cd6700          Options.max_bytes_for_level_multiplier: 10.000000
2018/12/20-12:13:55.052800 7f4324cd6700 Options.max_bytes_for_level_multiplier_addtl[0]: 1
2018/12/20-12:13:55.052801 7f4324cd6700 Options.max_bytes_for_level_multiplier_addtl[1]: 1
2018/12/20-12:13:55.052802 7f4324cd6700 Options.max_bytes_for_level_multiplier_addtl[2]: 1
2018/12/20-12:13:55.052803 7f4324cd6700 Options.max_bytes_for_level_multiplier_addtl[3]: 1
2018/12/20-12:13:55.052804 7f4324cd6700 Options.max_bytes_for_level_multiplier_addtl[4]: 1
2018/12/20-12:13:55.052805 7f4324cd6700 Options.max_bytes_for_level_multiplier_addtl[5]: 1
2018/12/20-12:13:55.052806 7f4324cd6700 Options.max_bytes_for_level_multiplier_addtl[6]: 1
2018/12/20-12:13:55.052807 7f4324cd6700       Options.max_sequential_skip_in_iterations: 8
2018/12/20-12:13:55.052808 7f4324cd6700                    Options.max_compaction_bytes: 1677721600
2018/12/20-12:13:55.052809 7f4324cd6700                        Options.arena_block_size: 16777216
2018/12/20-12:13:55.052810 7f4324cd6700   Options.soft_pending_compaction_bytes_limit: 68719476736
2018/12/20-12:13:55.052811 7f4324cd6700   Options.hard_pending_compaction_bytes_limit: 274877906944
2018/12/20-12:13:55.052812 7f4324cd6700       Options.rate_limit_delay_max_milliseconds: 100
2018/12/20-12:13:55.052814 7f4324cd6700                Options.disable_auto_compactions: 0
2018/12/20-12:13:55.052822 7f4324cd6700                        Options.compaction_style: kCompactionStyleLevel
2018/12/20-12:13:55.052831 7f4324cd6700                          Options.compaction_pri: kByCompensatedSize
2018/12/20-12:13:55.052832 7f4324cd6700 Options.compaction_options_universal.size_ratio: 1
2018/12/20-12:13:55.052833 7f4324cd6700 Options.compaction_options_universal.min_merge_width: 2
2018/12/20-12:13:55.052834 7f4324cd6700 Options.compaction_options_universal.max_merge_width: 4294967295
2018/12/20-12:13:55.052835 7f4324cd6700 Options.compaction_options_universal.max_size_amplification_percent: 200
2018/12/20-12:13:55.052837 7f4324cd6700 Options.compaction_options_universal.compression_size_percent: -1
2018/12/20-12:13:55.052838 7f4324cd6700 Options.compaction_options_universal.stop_style: kCompactionStopStyleTotalSize
2018/12/20-12:13:55.052839 7f4324cd6700 Options.compaction_options_fifo.max_table_files_size: 1073741824
2018/12/20-12:13:55.052840 7f4324cd6700 Options.compaction_options_fifo.allow_compaction: 0
2018/12/20-12:13:55.052841 7f4324cd6700 Options.compaction_options_fifo.ttl: 0
2018/12/20-12:13:55.052842 7f4324cd6700                   Options.table_properties_collectors: 
2018/12/20-12:13:55.052843 7f4324cd6700                   Options.inplace_update_support: 0
2018/12/20-12:13:55.052844 7f4324cd6700                 Options.inplace_update_num_locks: 10000
2018/12/20-12:13:55.052845 7f4324cd6700               Options.memtable_prefix_bloom_size_ratio: 0.000000
2018/12/20-12:13:55.052847 7f4324cd6700   Options.memtable_huge_page_size: 0
2018/12/20-12:13:55.052848 7f4324cd6700                           Options.bloom_locality: 0
2018/12/20-12:13:55.052849 7f4324cd6700                    Options.max_successive_merges: 0
2018/12/20-12:13:55.052850 7f4324cd6700                Options.optimize_filters_for_hits: 0
2018/12/20-12:13:55.052851 7f4324cd6700                Options.paranoid_file_checks: 0
2018/12/20-12:13:55.052852 7f4324cd6700                Options.force_consistency_checks: 0
2018/12/20-12:13:55.052853 7f4324cd6700                Options.report_bg_io_stats: 0
2018/12/20-12:13:55.052854 7f4324cd6700                               Options.ttl: 0
2018/12/20-12:13:55.596113 7f4324cd6700 [db/version_set.cc:3361] Recovered from manifest file:/mnt/sda/ycsb-rocksdb-data/MANIFEST-000004 succeeded,manifest_file_number is 4, next_file_number is 1192, last_sequence is 10425620, log_number is 0,prev_log_number is 0,max_column_family is 1,min_log_number_to_keep is 0
2018/12/20-12:13:55.596124 7f4324cd6700 [db/version_set.cc:3369] Column family [default] (ID 0), log number is 0
2018/12/20-12:13:55.596126 7f4324cd6700 [db/version_set.cc:3369] Column family [usertable] (ID 1), log number is 1185
2018/12/20-12:13:55.598232 7f4324cd6700 EVENT_LOG_v1 {"time_micros": 1545336835598219, "job": 1, "event": "recovery_started", "log_files": [1185, 1191]}
2018/12/20-12:13:55.598240 7f4324cd6700 [db/db_impl_open.cc:551] Recovering log #1185 mode 2
2018/12/20-12:13:56.467328 7f4324cd6700 EVENT_LOG_v1 {"time_micros": 1545336836467303, "cf_name": "usertable", "job": 1, "event": "table_file_creation", "file_number": 1192, "file_size": 129895352, "table_properties": {"data_size": 129317909, "index_size": 576521, "filter_size": 0, "raw_key_size": 752760, "raw_average_key_size": 24, "raw_value_size": 128471040, "raw_average_value_size": 4096, "num_data_blocks": 15683, "num_entries": 31365, "filter_policy_name": "", "kDeletedKeys": "0", "kMergeOperands": "0"}}
2018/12/20-12:13:56.475347 7f4324cd6700 [db/db_impl_open.cc:551] Recovering log #1191 mode 2
2018/12/20-12:13:56.528613 7f4324cd6700 [db/version_set.cc:2847] Creating manifest 1193
2018/12/20-12:13:56.681866 7f4324cd6700 EVENT_LOG_v1 {"time_micros": 1545336836681845, "cf_name": "usertable", "job": 1, "event": "table_file_creation", "file_number": 1194, "file_size": 19134899, "table_properties": {"data_size": 19048772, "index_size": 85206, "filter_size": 0, "raw_key_size": 110880, "raw_average_key_size": 24, "raw_value_size": 18923520, "raw_average_value_size": 4096, "num_data_blocks": 2310, "num_entries": 4620, "filter_policy_name": "", "kDeletedKeys": "0", "kMergeOperands": "0"}}
2018/12/20-12:13:56.714142 7f4324cd6700 EVENT_LOG_v1 {"time_micros": 1545336836714140, "job": 1, "event": "recovery_finished"}
2018/12/20-12:13:56.775362 7f4324cd6700 [db/db_impl_open.cc:1219] DB pointer 0x7f425c3c96b0
2018/12/20-12:13:56.775762 7f42f2e09700 [WARN] [db/db_impl.cc:491] ------- DUMPING STATS -------
2018/12/20-12:13:56.775835 7f42f2e09700 [WARN] [db/db_impl.cc:492] 
** DB Stats **
Uptime(secs): 1.7 total, 1.7 interval
Cumulative writes: 0 writes, 0 keys, 0 commit groups, 0.0 writes per commit group, ingest: 0.00 GB, 0.00 MB/s
Cumulative WAL: 0 writes, 0 syncs, 0.00 writes per sync, written: 0.00 GB, 0.00 MB/s
Cumulative stall: 00:00:0.000 H:M:S, 0.0 percent
Interval writes: 0 writes, 0 keys, 0 commit groups, 0.0 writes per commit group, ingest: 0.00 MB, 0.00 MB/s
Interval WAL: 0 writes, 0 syncs, 0.00 writes per sync, written: 0.00 MB, 0.00 MB/s
Interval stall: 00:00:0.000 H:M:S, 0.0 percent

** Compaction Stats [default] **
Level    Files   Size     Score Read(GB)  Rn(GB) Rnp1(GB) Write(GB) Wnew(GB) Moved(GB) W-Amp Rd(MB/s) Wr(MB/s) Comp(sec) Comp(cnt) Avg(sec) KeyIn KeyDrop
----------------------------------------------------------------------------------------------------------------------------------------------------------
 Sum      0/0    0.00 KB   0.0      0.0     0.0      0.0       0.0      0.0       0.0   0.0      0.0      0.0         0         0    0.000       0      0
 Int      0/0    0.00 KB   0.0      0.0     0.0      0.0       0.0      0.0       0.0   0.0      0.0      0.0         0         0    0.000       0      0
Uptime(secs): 1.7 total, 1.7 interval
Flush(GB): cumulative 0.000, interval 0.000
AddFile(GB): cumulative 0.000, interval 0.000
AddFile(Total Files): cumulative 0, interval 0
AddFile(L0 Files): cumulative 0, interval 0
AddFile(Keys): cumulative 0, interval 0
Cumulative compaction: 0.00 GB write, 0.00 MB/s write, 0.00 GB read, 0.00 MB/s read, 0.0 seconds
Interval compaction: 0.00 GB write, 0.00 MB/s write, 0.00 GB read, 0.00 MB/s read, 0.0 seconds
Stalls(count): 0 level0_slowdown, 0 level0_slowdown_with_compaction, 0 level0_numfiles, 0 level0_numfiles_with_compaction, 0 stop for pending_compaction_bytes, 0 slowdown for pending_compaction_bytes, 0 memtable_compaction, 0 memtable_slowdown, interval 0 total count

** File Read Latency Histogram By Level [default] **

** Compaction Stats [usertable] **
Level    Files   Size     Score Read(GB)  Rn(GB) Rnp1(GB) Write(GB) Wnew(GB) Moved(GB) W-Amp Rd(MB/s) Wr(MB/s) Comp(sec) Comp(cnt) Avg(sec) KeyIn KeyDrop
----------------------------------------------------------------------------------------------------------------------------------------------------------
  L0      3/0   334.07 MB   1.5      0.0     0.0      0.0       0.1      0.1       0.0   1.0      0.0    235.7         1         2    0.301       0      0
  L1      2/0   383.91 MB   0.7      0.0     0.0      0.0       0.0      0.0       0.0   0.0      0.0      0.0         0         0    0.000       0      0
  L2    105/0    4.98 GB   1.0      0.0     0.0      0.0       0.0      0.0       0.0   0.0      0.0      0.0         0         0    0.000       0      0
  L3    558/0   34.49 GB   0.7      0.0     0.0      0.0       0.0      0.0       0.0   0.0      0.0      0.0         0         0    0.000       0      0
 Sum    668/0   40.18 GB   0.0      0.0     0.0      0.0       0.1      0.1       0.0   1.0      0.0    235.7         1         2    0.301       0      0
 Int      0/0    0.00 KB   0.0      0.0     0.0      0.0       0.1      0.1       0.0   1.0      0.0    235.7         1         2    0.301       0      0
Uptime(secs): 1.7 total, 1.7 interval
Flush(GB): cumulative 0.139, interval 0.139
AddFile(GB): cumulative 0.000, interval 0.000
AddFile(Total Files): cumulative 0, interval 0
AddFile(L0 Files): cumulative 0, interval 0
AddFile(Keys): cumulative 0, interval 0
Cumulative compaction: 0.14 GB write, 82.49 MB/s write, 0.00 GB read, 0.00 MB/s read, 0.6 seconds
Interval compaction: 0.14 GB write, 82.49 MB/s write, 0.00 GB read, 0.00 MB/s read, 0.6 seconds
Stalls(count): 0 level0_slowdown, 0 level0_slowdown_with_compaction, 0 level0_numfiles, 0 level0_numfiles_with_compaction, 0 stop for pending_compaction_bytes, 0 slowdown for pending_compaction_bytes, 0 memtable_compaction, 0 memtable_slowdown, interval 0 total count

** File Read Latency Histogram By Level [usertable] **

** Compaction Stats [default] **
Level    Files   Size     Score Read(GB)  Rn(GB) Rnp1(GB) Write(GB) Wnew(GB) Moved(GB) W-Amp Rd(MB/s) Wr(MB/s) Comp(sec) Comp(cnt) Avg(sec) KeyIn KeyDrop
----------------------------------------------------------------------------------------------------------------------------------------------------------
 Sum      0/0    0.00 KB   0.0      0.0     0.0      0.0       0.0      0.0       0.0   0.0      0.0      0.0         0         0    0.000       0      0
 Int      0/0    0.00 KB   0.0      0.0     0.0      0.0       0.0      0.0       0.0   0.0      0.0      0.0         0         0    0.000       0      0
Uptime(secs): 1.7 total, 0.0 interval
Flush(GB): cumulative 0.000, interval 0.000
AddFile(GB): cumulative 0.000, interval 0.000
AddFile(Total Files): cumulative 0, interval 0
AddFile(L0 Files): cumulative 0, interval 0
AddFile(Keys): cumulative 0, interval 0
Cumulative compaction: 0.00 GB write, 0.00 MB/s write, 0.00 GB read, 0.00 MB/s read, 0.0 seconds
Interval compaction: 0.00 GB write, 0.00 MB/s write, 0.00 GB read, 0.00 MB/s read, 0.0 seconds
Stalls(count): 0 level0_slowdown, 0 level0_slowdown_with_compaction, 0 level0_numfiles, 0 level0_numfiles_with_compaction, 0 stop for pending_compaction_bytes, 0 slowdown for pending_compaction_bytes, 0 memtable_compaction, 0 memtable_slowdown, interval 0 total count

** File Read Latency Histogram By Level [default] **

** Compaction Stats [usertable] **
Level    Files   Size     Score Read(GB)  Rn(GB) Rnp1(GB) Write(GB) Wnew(GB) Moved(GB) W-Amp Rd(MB/s) Wr(MB/s) Comp(sec) Comp(cnt) Avg(sec) KeyIn KeyDrop
----------------------------------------------------------------------------------------------------------------------------------------------------------
  L0      3/0   334.07 MB   1.5      0.0     0.0      0.0       0.1      0.1       0.0   1.0      0.0    235.7         1         2    0.301       0      0
  L1      2/0   383.91 MB   0.7      0.0     0.0      0.0       0.0      0.0       0.0   0.0      0.0      0.0         0         0    0.000       0      0
  L2    105/0    4.98 GB   1.0      0.0     0.0      0.0       0.0      0.0       0.0   0.0      0.0      0.0         0         0    0.000       0      0
  L3    558/0   34.49 GB   0.7      0.0     0.0      0.0       0.0      0.0       0.0   0.0      0.0      0.0         0         0    0.000       0      0
 Sum    668/0   40.18 GB   0.0      0.0     0.0      0.0       0.1      0.1       0.0   1.0      0.0    235.7         1         2    0.301       0      0
 Int      0/0    0.00 KB   0.0      0.0     0.0      0.0       0.0      0.0       0.0   0.0      0.0      0.0         0         0    0.000       0      0
Uptime(secs): 1.7 total, 0.0 interval
Flush(GB): cumulative 0.139, interval 0.000
AddFile(GB): cumulative 0.000, interval 0.000
AddFile(Total Files): cumulative 0, interval 0
AddFile(L0 Files): cumulative 0, interval 0
AddFile(Keys): cumulative 0, interval 0
Cumulative compaction: 0.14 GB write, 82.49 MB/s write, 0.00 GB read, 0.00 MB/s read, 0.6 seconds
Interval compaction: 0.00 GB write, 0.00 MB/s write, 0.00 GB read, 0.00 MB/s read, 0.0 seconds
Stalls(count): 0 level0_slowdown, 0 level0_slowdown_with_compaction, 0 level0_numfiles, 0 level0_numfiles_with_compaction, 0 stop for pending_compaction_bytes, 0 slowdown for pending_compaction_bytes, 0 memtable_compaction, 0 memtable_slowdown, interval 0 total count

** File Read Latency Histogram By Level [usertable] **
2018/12/20-12:13:56.806493 7f42f2e09700 (Original Log Time 2018/12/20-12:13:56.775978) [db/db_impl_compaction_flush.cc:1835] [usertable] Moving #462 to level-1 201268053 bytes
2018/12/20-12:13:56.806498 7f42f2e09700 (Original Log Time 2018/12/20-12:13:56.806428) EVENT_LOG_v1 {"time_micros": 1545336836806419, "job": 3, "event": "trivial_move", "destination_level": 1, "files": 1, "total_files_size": 201268053}
2018/12/20-12:13:56.806500 7f42f2e09700 (Original Log Time 2018/12/20-12:13:56.806442) [db/db_impl_compaction_flush.cc:1864] [usertable] Moved #1 files to level-1 201268053 bytes OK: base level 1 max bytes base 536870912 files[2 3 105 558 0 0 0] max score 1.12
2018/12/20-12:13:56.806603 7f42f2e09700 [db/compaction_job.cc:1531] [usertable] [JOB 4] Compacting 1@1 files to L2, score 1.12
2018/12/20-12:13:56.806611 7f42f2e09700 [db/compaction_job.cc:1535] [usertable] Compaction start summary: Base version 6 Base level 1, inputs: [492(191MB)]
2018/12/20-12:13:56.806631 7f42f2e09700 EVENT_LOG_v1 {"time_micros": 1545336836806617, "job": 4, "event": "compaction_started", "compaction_reason": "LevelMaxLevelSize", "files_L1": [492], "score": 1.12472, "input_data_size": 201280447}
2018/12/20-12:13:57.886279 7f42f2e09700 [db/compaction_job.cc:1211] [usertable] [JOB 4] Generated table #1198: 16279 keys, 67233325 bytes
2018/12/20-12:13:57.886324 7f42f2e09700 EVENT_LOG_v1 {"time_micros": 1545336837886306, "cf_name": "usertable", "job": 4, "event": "table_file_creation", "file_number": 1198, "file_size": 67233325, "table_properties": {"data_size": 67118331, "index_size": 299107, "filter_size": 0, "raw_key_size": 390696, "raw_average_key_size": 24, "raw_value_size": 66678784, "raw_average_value_size": 4096, "num_data_blocks": 8140, "num_entries": 16279, "filter_policy_name": "", "kDeletedKeys": "0", "kMergeOperands": "0"}}
2018/12/20-12:13:59.441934 7f42f2e09700 [db/compaction_job.cc:1211] [usertable] [JOB 4] Generated table #1199: 16279 keys, 67233542 bytes
2018/12/20-12:13:59.441986 7f42f2e09700 EVENT_LOG_v1 {"time_micros": 1545336839441965, "cf_name": "usertable", "job": 4, "event": "table_file_creation", "file_number": 1199, "file_size": 67233542, "table_properties": {"data_size": 67120137, "index_size": 300916, "filter_size": 0, "raw_key_size": 390696, "raw_average_key_size": 24, "raw_value_size": 66678784, "raw_average_value_size": 4096, "num_data_blocks": 8140, "num_entries": 16279, "filter_policy_name": "", "kDeletedKeys": "0", "kMergeOperands": "0"}}
2018/12/20-12:14:00.380437 7f42f2e09700 [db/compaction_job.cc:1211] [usertable] [JOB 4] Generated table #1200: 16044 keys, 66262835 bytes
2018/12/20-12:14:00.380476 7f42f2e09700 EVENT_LOG_v1 {"time_micros": 1545336840380461, "cf_name": "usertable", "job": 4, "event": "table_file_creation", "file_number": 1200, "file_size": 66262835, "table_properties": {"data_size": 66149412, "index_size": 294767, "filter_size": 0, "raw_key_size": 385056, "raw_average_key_size": 24, "raw_value_size": 65716224, "raw_average_value_size": 4096, "num_data_blocks": 8022, "num_entries": 16044, "filter_policy_name": "", "kDeletedKeys": "0", "kMergeOperands": "0"}}
2018/12/20-12:14:00.380531 7f42f2e09700 [db/compaction_job.cc:1287] [usertable] [JOB 4] Compacted 1@1 files to L2 => 200729702 bytes
2018/12/20-12:14:00.426587 7f42f2e09700 (Original Log Time 2018/12/20-12:14:00.426451) [db/compaction_job.cc:685] [usertable] compacted to: base level 1 max bytes base 536870912 files[2 2 108 558 0 0 0] max score 1.03, MB/sec: 56.3 rd, 56.2 wr, level 2, files in(1, 0) out(3) MB in(192.0, 0.0) out(191.4), read-write-amplify(2.0) write-amplify(1.0) OK, records in: 48602, records dropped: 0 output_compression: LZ4
2018/12/20-12:14:00.426596 7f42f2e09700 (Original Log Time 2018/12/20-12:14:00.426494) EVENT_LOG_v1 {"time_micros": 1545336840426480, "job": 4, "event": "compaction_finished", "compaction_time_micros": 3573862, "output_level": 2, "num_output_files": 3, "total_output_size": 200729702, "num_input_records": 48602, "num_output_records": 48602, "num_subcompactions": 1, "output_compression": "LZ4", "num_single_delete_mismatches": 0, "num_single_delete_fallthrough": 0, "lsm_state": [2, 2, 108, 558, 0, 0, 0]}
2018/12/20-12:14:00.473478 7f42f1e07700 (Original Log Time 2018/12/20-12:14:00.426782) [db/db_impl_compaction_flush.cc:1835] [usertable] Moving #1199 to level-3 67233542 bytes
2018/12/20-12:14:00.473483 7f42f1e07700 (Original Log Time 2018/12/20-12:14:00.473404) EVENT_LOG_v1 {"time_micros": 1545336840473398, "job": 5, "event": "trivial_move", "destination_level": 3, "files": 1, "total_files_size": 67233542}
2018/12/20-12:14:00.473485 7f42f1e07700 (Original Log Time 2018/12/20-12:14:00.473425) [db/db_impl_compaction_flush.cc:1864] [usertable] Moved #1 files to level-3 67233542 bytes OK: base level 1 max bytes base 536870912 files[2 2 107 559 0 0 0] max score 1.02
2018/12/20-12:14:00.491716 7f42f1e07700 EVENT_LOG_v1 {"time_micros": 1545336840491710, "job": 5, "event": "table_file_deletion", "file_number": 492}
2018/12/20-12:14:00.537469 7f42f1e07700 (Original Log Time 2018/12/20-12:14:00.491848) [db/db_impl_compaction_flush.cc:1835] [usertable] Moving #1198 to level-3 67233325 bytes
2018/12/20-12:14:00.537474 7f42f1e07700 (Original Log Time 2018/12/20-12:14:00.537398) EVENT_LOG_v1 {"time_micros": 1545336840537392, "job": 6, "event": "trivial_move", "destination_level": 3, "files": 1, "total_files_size": 67233325}
2018/12/20-12:14:00.537476 7f42f1e07700 (Original Log Time 2018/12/20-12:14:00.537417) [db/db_impl_compaction_flush.cc:1864] [usertable] Moved #1 files to level-3 67233325 bytes OK: base level 1 max bytes base 536870912 files[2 2 106 560 0 0 0] max score 1.01
2018/12/20-12:14:00.583309 7f42f1e07700 (Original Log Time 2018/12/20-12:14:00.537642) [db/db_impl_compaction_flush.cc:1835] [usertable] Moving #1200 to level-3 66262835 bytes
2018/12/20-12:14:00.583315 7f42f1e07700 (Original Log Time 2018/12/20-12:14:00.583256) EVENT_LOG_v1 {"time_micros": 1545336840583249, "job": 7, "event": "trivial_move", "destination_level": 3, "files": 1, "total_files_size": 66262835}
2018/12/20-12:14:00.583317 7f42f1e07700 (Original Log Time 2018/12/20-12:14:00.583274) [db/db_impl_compaction_flush.cc:1864] [usertable] Moved #1 files to level-3 66262835 bytes OK: base level 1 max bytes base 536870912 files[2 2 105 561 0 0 0] max score 1.00
2018/12/20-12:14:00.628201 7f42ebfff700 (Original Log Time 2018/12/20-12:14:00.583496) [db/db_impl_compaction_flush.cc:1835] [usertable] Moving #1192 to level-1 129895352 bytes
2018/12/20-12:14:00.628207 7f42ebfff700 (Original Log Time 2018/12/20-12:14:00.628121) EVENT_LOG_v1 {"time_micros": 1545336840628114, "job": 8, "event": "trivial_move", "destination_level": 1, "files": 1, "total_files_size": 129895352}
2018/12/20-12:14:00.628209 7f42ebfff700 (Original Log Time 2018/12/20-12:14:00.628146) [db/db_impl_compaction_flush.cc:1864] [usertable] Moved #1 files to level-1 129895352 bytes OK: base level 1 max bytes base 536870912 files[1 3 105 561 0 0 0] max score 1.00
2018/12/20-12:14:01.368771 7f42f83d9700 [db/db_impl_write.cc:1373] [usertable] New memtable created with log file: #1201. Immutable memtables: 0.
2018/12/20-12:14:02.791618 7f431cdfc700 [db/db_impl_write.cc:1373] [usertable] New memtable created with log file: #1202. Immutable memtables: 1.
2018/12/20-12:14:02.791750 7f42d97fa700 [db/db_impl_compaction_flush.cc:80] [JOB 9] Syncing log #1195
