2019/03/21-11:51:14.762467 7f74f271f0 RocksDB version: 5.14.3
2019/03/21-11:51:14.762613 7f74f271f0 Git sha rocksdb_build_git_sha:
2019/03/21-11:51:14.762619 7f74f271f0 Compile date Mar 11 2019
2019/03/21-11:51:14.762628 7f74f271f0 DB SUMMARY
2019/03/21-11:51:14.763482 7f74f271f0 CURRENT file:  CURRENT
2019/03/21-11:51:14.763493 7f74f271f0 IDENTITY file:  IDENTITY
2019/03/21-11:51:14.763521 7f74f271f0 MANIFEST file:  MANIFEST-000004 size: 133508 Bytes
2019/03/21-11:51:14.763528 7f74f271f0 SST files in /mnt/sda/ycsb-rocksdb-data dir, Total Num: 673, files: 000033.sst 000034.sst 000035.sst 000036.sst 000037.sst 000041.sst 000042.sst 000043.sst 000044.sst 
2019/03/21-11:51:14.763533 7f74f271f0 Write Ahead Log file in /mnt/sda/ycsb-rocksdb-data: 001394.log size: 72492737 ; 
2019/03/21-11:51:14.763543 7f74f271f0                         Options.error_if_exists: 0
2019/03/21-11:51:14.763548 7f74f271f0                       Options.create_if_missing: 1
2019/03/21-11:51:14.763551 7f74f271f0                         Options.paranoid_checks: 1
2019/03/21-11:51:14.763554 7f74f271f0                                     Options.env: 0x7f74c66f18
2019/03/21-11:51:14.763558 7f74f271f0                                Options.info_log: 0x7f18382f30
2019/03/21-11:51:14.763560 7f74f271f0                Options.max_file_opening_threads: 16
2019/03/21-11:51:14.763563 7f74f271f0                              Options.statistics: (nil)
2019/03/21-11:51:14.763567 7f74f271f0                               Options.use_fsync: 0
2019/03/21-11:51:14.763570 7f74f271f0                       Options.max_log_file_size: 0
2019/03/21-11:51:14.763573 7f74f271f0                  Options.max_manifest_file_size: 18446744073709551615
2019/03/21-11:51:14.763576 7f74f271f0                   Options.log_file_time_to_roll: 0
2019/03/21-11:51:14.763579 7f74f271f0                       Options.keep_log_file_num: 1000
2019/03/21-11:51:14.763582 7f74f271f0                    Options.recycle_log_file_num: 0
2019/03/21-11:51:14.763586 7f74f271f0                         Options.allow_fallocate: 1
2019/03/21-11:51:14.763588 7f74f271f0                        Options.allow_mmap_reads: 0
2019/03/21-11:51:14.763591 7f74f271f0                       Options.allow_mmap_writes: 0
2019/03/21-11:51:14.763594 7f74f271f0                        Options.use_direct_reads: 0
2019/03/21-11:51:14.763597 7f74f271f0                        Options.use_direct_io_for_flush_and_compaction: 0
2019/03/21-11:51:14.763600 7f74f271f0          Options.create_missing_column_families: 1
2019/03/21-11:51:14.763603 7f74f271f0                              Options.db_log_dir: 
2019/03/21-11:51:14.763606 7f74f271f0                                 Options.wal_dir: /mnt/sda/ycsb-rocksdb-data
2019/03/21-11:51:14.763609 7f74f271f0                Options.table_cache_numshardbits: 6
2019/03/21-11:51:14.763612 7f74f271f0                      Options.max_subcompactions: 4
2019/03/21-11:51:14.763615 7f74f271f0                  Options.max_background_flushes: 6
2019/03/21-11:51:14.763618 7f74f271f0                         Options.WAL_ttl_seconds: 0
2019/03/21-11:51:14.763621 7f74f271f0                       Options.WAL_size_limit_MB: 0
2019/03/21-11:51:14.763624 7f74f271f0             Options.manifest_preallocation_size: 4194304
2019/03/21-11:51:14.763627 7f74f271f0                     Options.is_fd_close_on_exec: 1
2019/03/21-11:51:14.763630 7f74f271f0                   Options.advise_random_on_open: 1
2019/03/21-11:51:14.763633 7f74f271f0                    Options.db_write_buffer_size: 0
2019/03/21-11:51:14.763637 7f74f271f0                    Options.write_buffer_manager: 0x7f18374370
2019/03/21-11:51:14.763640 7f74f271f0         Options.access_hint_on_compaction_start: 1
2019/03/21-11:51:14.763642 7f74f271f0  Options.new_table_reader_for_compaction_inputs: 0
2019/03/21-11:51:14.763645 7f74f271f0           Options.random_access_max_buffer_size: 1048576
2019/03/21-11:51:14.763649 7f74f271f0                      Options.use_adaptive_mutex: 0
2019/03/21-11:51:14.763651 7f74f271f0                            Options.rate_limiter: (nil)
2019/03/21-11:51:14.763657 7f74f271f0     Options.sst_file_manager.rate_bytes_per_sec: 0
2019/03/21-11:51:14.763693 7f74f271f0                       Options.wal_recovery_mode: 2
2019/03/21-11:51:14.763699 7f74f271f0                  Options.enable_thread_tracking: 0
2019/03/21-11:51:14.763702 7f74f271f0                  Options.enable_pipelined_write: 1
2019/03/21-11:51:14.763705 7f74f271f0         Options.allow_concurrent_memtable_write: 1
2019/03/21-11:51:14.763708 7f74f271f0      Options.enable_write_thread_adaptive_yield: 1
2019/03/21-11:51:14.763711 7f74f271f0             Options.write_thread_max_yield_usec: 100
2019/03/21-11:51:14.763714 7f74f271f0            Options.write_thread_slow_yield_usec: 3
2019/03/21-11:51:14.763717 7f74f271f0                               Options.row_cache: None
2019/03/21-11:51:14.763720 7f74f271f0                              Options.wal_filter: None
2019/03/21-11:51:14.763723 7f74f271f0             Options.avoid_flush_during_recovery: 0
2019/03/21-11:51:14.763726 7f74f271f0             Options.allow_ingest_behind: 0
2019/03/21-11:51:14.763729 7f74f271f0             Options.preserve_deletes: 0
2019/03/21-11:51:14.763732 7f74f271f0             Options.two_write_queues: 0
2019/03/21-11:51:14.763735 7f74f271f0             Options.manual_wal_flush: 0
2019/03/21-11:51:14.763740 7f74f271f0             Options.max_background_jobs: 6
2019/03/21-11:51:14.763743 7f74f271f0             Options.max_background_compactions: 6
2019/03/21-11:51:14.763746 7f74f271f0             Options.avoid_flush_during_shutdown: 0
2019/03/21-11:51:14.763749 7f74f271f0           Options.writable_file_max_buffer_size: 1048576
2019/03/21-11:51:14.763752 7f74f271f0             Options.delayed_write_rate : 16777216
2019/03/21-11:51:14.763755 7f74f271f0             Options.max_total_wal_size: 0
2019/03/21-11:51:14.763758 7f74f271f0             Options.delete_obsolete_files_period_micros: 21600000000
2019/03/21-11:51:14.763761 7f74f271f0                   Options.stats_dump_period_sec: 60
2019/03/21-11:51:14.763764 7f74f271f0                          Options.max_open_files: -1
2019/03/21-11:51:14.763767 7f74f271f0                          Options.bytes_per_sync: 1048576
2019/03/21-11:51:14.763770 7f74f271f0                      Options.wal_bytes_per_sync: 0
2019/03/21-11:51:14.763773 7f74f271f0       Options.compaction_readahead_size: 0
2019/03/21-11:51:14.763775 7f74f271f0 Compression algorithms supported:
2019/03/21-11:51:14.763779 7f74f271f0 	kZSTDNotFinalCompression supported: 1
2019/03/21-11:51:14.763816 7f74f271f0 	kZSTD supported: 1
2019/03/21-11:51:14.763822 7f74f271f0 	kXpressCompression supported: 0
2019/03/21-11:51:14.763825 7f74f271f0 	kLZ4HCCompression supported: 1
2019/03/21-11:51:14.763829 7f74f271f0 	kLZ4Compression supported: 1
2019/03/21-11:51:14.763832 7f74f271f0 	kBZip2Compression supported: 1
2019/03/21-11:51:14.763835 7f74f271f0 	kZlibCompression supported: 1
2019/03/21-11:51:14.763838 7f74f271f0 	kSnappyCompression supported: 1
2019/03/21-11:51:14.763845 7f74f271f0 Fast CRC32 supported: Not supported on x86
2019/03/21-11:51:14.764581 7f74f271f0 [db/version_set.cc:3085] Recovering from manifest file: MANIFEST-000004
2019/03/21-11:51:14.764784 7f74f271f0 [db/column_family.cc:475] --------------- Options for column family [default]:
2019/03/21-11:51:14.764793 7f74f271f0               Options.comparator: leveldb.BytewiseComparator
2019/03/21-11:51:14.764797 7f74f271f0           Options.merge_operator: None
2019/03/21-11:51:14.764801 7f74f271f0        Options.compaction_filter: None
2019/03/21-11:51:14.764804 7f74f271f0        Options.compaction_filter_factory: None
2019/03/21-11:51:14.764807 7f74f271f0         Options.memtable_factory: SkipListFactory
2019/03/21-11:51:14.764811 7f74f271f0            Options.table_factory: BlockBasedTable
2019/03/21-11:51:14.764859 7f74f271f0            table_factory options:   flush_block_policy_factory: FlushBlockBySizePolicyFactory (0x7f18374cb0)
  cache_index_and_filter_blocks: 0
  cache_index_and_filter_blocks_with_high_priority: 0
  pin_l0_filter_and_index_blocks_in_cache: 0
  index_type: 0
  hash_index_allow_collision: 1
  checksum: 1
  no_block_cache: 0
  block_cache: 0x7f18380ec0
  block_cache_name: LRUCache
  block_cache_options:
    capacity : 8388608
    num_shard_bits : 4
    strict_capacity_limit : 0
    high_pri_pool_ratio: 0.000
  block_cache_compressed: (nil)
  persistent_cache: (nil)
  block_size: 8192
  block_size_deviation: 10
  block_restart_interval: 16
  index_block_restart_interval: 1
  metadata_block_size: 4096
  partition_filters: 0
  use_delta_encoding: 1
  filter_policy: nullptr
  whole_key_filtering: 1
  verify_compression: 0
  read_amp_bytes_per_bit: 0
  format_version: 2
  enable_index_compression: 1
  block_align: 0
2019/03/21-11:51:14.764893 7f74f271f0        Options.write_buffer_size: 134217728
2019/03/21-11:51:14.764899 7f74f271f0  Options.max_write_buffer_number: 24
2019/03/21-11:51:14.764902 7f74f271f0        Options.compression[0]: NoCompression
2019/03/21-11:51:14.764906 7f74f271f0        Options.compression[1]: NoCompression
2019/03/21-11:51:14.764926 7f74f271f0        Options.compression[2]: LZ4
2019/03/21-11:51:14.764930 7f74f271f0        Options.compression[3]: LZ4
2019/03/21-11:51:14.764933 7f74f271f0        Options.compression[4]: LZ4
2019/03/21-11:51:14.764936 7f74f271f0        Options.compression[5]: LZ4
2019/03/21-11:51:14.764939 7f74f271f0        Options.compression[6]: LZ4
2019/03/21-11:51:14.764942 7f74f271f0                  Options.bottommost_compression: Disabled
2019/03/21-11:51:14.764945 7f74f271f0       Options.prefix_extractor: nullptr
2019/03/21-11:51:14.764948 7f74f271f0   Options.memtable_insert_with_hint_prefix_extractor: nullptr
2019/03/21-11:51:14.764951 7f74f271f0             Options.num_levels: 7
2019/03/21-11:51:14.764954 7f74f271f0        Options.min_write_buffer_number_to_merge: 2
2019/03/21-11:51:14.764957 7f74f271f0     Options.max_write_buffer_number_to_maintain: 0
2019/03/21-11:51:14.764960 7f74f271f0            Options.compression_opts.window_bits: -14
2019/03/21-11:51:14.764963 7f74f271f0                  Options.compression_opts.level: -1
2019/03/21-11:51:14.764966 7f74f271f0               Options.compression_opts.strategy: 0
2019/03/21-11:51:14.764969 7f74f271f0         Options.compression_opts.max_dict_bytes: 0
2019/03/21-11:51:14.764972 7f74f271f0         Options.compression_opts.zstd_max_train_bytes: 0
2019/03/21-11:51:14.764975 7f74f271f0      Options.level0_file_num_compaction_trigger: 2
2019/03/21-11:51:14.764978 7f74f271f0          Options.level0_slowdown_writes_trigger: 20
2019/03/21-11:51:14.764981 7f74f271f0              Options.level0_stop_writes_trigger: 36
2019/03/21-11:51:14.764984 7f74f271f0                   Options.target_file_size_base: 67108864
2019/03/21-11:51:14.764986 7f74f271f0             Options.target_file_size_multiplier: 1
2019/03/21-11:51:14.764989 7f74f271f0                Options.max_bytes_for_level_base: 536870912
2019/03/21-11:51:14.764992 7f74f271f0 Options.level_compaction_dynamic_level_bytes: 0
2019/03/21-11:51:14.764995 7f74f271f0          Options.max_bytes_for_level_multiplier: 10.000000
2019/03/21-11:51:14.765002 7f74f271f0 Options.max_bytes_for_level_multiplier_addtl[0]: 1
2019/03/21-11:51:14.765005 7f74f271f0 Options.max_bytes_for_level_multiplier_addtl[1]: 1
2019/03/21-11:51:14.765008 7f74f271f0 Options.max_bytes_for_level_multiplier_addtl[2]: 1
2019/03/21-11:51:14.765011 7f74f271f0 Options.max_bytes_for_level_multiplier_addtl[3]: 1
2019/03/21-11:51:14.765014 7f74f271f0 Options.max_bytes_for_level_multiplier_addtl[4]: 1
2019/03/21-11:51:14.765016 7f74f271f0 Options.max_bytes_for_level_multiplier_addtl[5]: 1
2019/03/21-11:51:14.765019 7f74f271f0 Options.max_bytes_for_level_multiplier_addtl[6]: 1
2019/03/21-11:51:14.765022 7f74f271f0       Options.max_sequential_skip_in_iterations: 8
2019/03/21-11:51:14.765025 7f74f271f0                    Options.max_compaction_bytes: 1677721600
2019/03/21-11:51:14.765028 7f74f271f0                        Options.arena_block_size: 16777216
2019/03/21-11:51:14.765031 7f74f271f0   Options.soft_pending_compaction_bytes_limit: 68719476736
2019/03/21-11:51:14.765034 7f74f271f0   Options.hard_pending_compaction_bytes_limit: 274877906944
2019/03/21-11:51:14.765051 7f74f271f0       Options.rate_limit_delay_max_milliseconds: 100
2019/03/21-11:51:14.765056 7f74f271f0                Options.disable_auto_compactions: 0
2019/03/21-11:51:14.765061 7f74f271f0                        Options.compaction_style: kCompactionStyleLevel
2019/03/21-11:51:14.765066 7f74f271f0                          Options.compaction_pri: kByCompensatedSize
2019/03/21-11:51:14.765070 7f74f271f0 Options.compaction_options_universal.size_ratio: 1
2019/03/21-11:51:14.765072 7f74f271f0 Options.compaction_options_universal.min_merge_width: 2
2019/03/21-11:51:14.765075 7f74f271f0 Options.compaction_options_universal.max_merge_width: 4294967295
2019/03/21-11:51:14.765078 7f74f271f0 Options.compaction_options_universal.max_size_amplification_percent: 200
2019/03/21-11:51:14.765081 7f74f271f0 Options.compaction_options_universal.compression_size_percent: -1
2019/03/21-11:51:14.765085 7f74f271f0 Options.compaction_options_universal.stop_style: kCompactionStopStyleTotalSize
2019/03/21-11:51:14.765089 7f74f271f0 Options.compaction_options_fifo.max_table_files_size: 1073741824
2019/03/21-11:51:14.765092 7f74f271f0 Options.compaction_options_fifo.allow_compaction: 0
2019/03/21-11:51:14.765095 7f74f271f0 Options.compaction_options_fifo.ttl: 0
2019/03/21-11:51:14.765098 7f74f271f0                   Options.table_properties_collectors: 
2019/03/21-11:51:14.765101 7f74f271f0                   Options.inplace_update_support: 0
2019/03/21-11:51:14.765104 7f74f271f0                 Options.inplace_update_num_locks: 10000
2019/03/21-11:51:14.765107 7f74f271f0               Options.memtable_prefix_bloom_size_ratio: 0.000000
2019/03/21-11:51:14.765111 7f74f271f0   Options.memtable_huge_page_size: 0
2019/03/21-11:51:14.765114 7f74f271f0                           Options.bloom_locality: 0
2019/03/21-11:51:14.765117 7f74f271f0                    Options.max_successive_merges: 0
2019/03/21-11:51:14.765119 7f74f271f0                Options.optimize_filters_for_hits: 0
2019/03/21-11:51:14.765122 7f74f271f0                Options.paranoid_file_checks: 0
2019/03/21-11:51:14.765125 7f74f271f0                Options.force_consistency_checks: 0
2019/03/21-11:51:14.765128 7f74f271f0                Options.report_bg_io_stats: 0
2019/03/21-11:51:14.765131 7f74f271f0                               Options.ttl: 0
2019/03/21-11:51:14.765787 7f74f271f0 [db/column_family.cc:475] --------------- Options for column family [usertable]:
2019/03/21-11:51:14.765799 7f74f271f0               Options.comparator: leveldb.BytewiseComparator
2019/03/21-11:51:14.765802 7f74f271f0           Options.merge_operator: None
2019/03/21-11:51:14.765805 7f74f271f0        Options.compaction_filter: None
2019/03/21-11:51:14.765808 7f74f271f0        Options.compaction_filter_factory: None
2019/03/21-11:51:14.765811 7f74f271f0         Options.memtable_factory: SkipListFactory
2019/03/21-11:51:14.765814 7f74f271f0            Options.table_factory: BlockBasedTable
2019/03/21-11:51:14.765856 7f74f271f0            table_factory options:   flush_block_policy_factory: FlushBlockBySizePolicyFactory (0x7f18375ce0)
  cache_index_and_filter_blocks: 0
  cache_index_and_filter_blocks_with_high_priority: 0
  pin_l0_filter_and_index_blocks_in_cache: 0
  index_type: 0
  hash_index_allow_collision: 1
  checksum: 1
  no_block_cache: 0
  block_cache: 0x7f18385910
  block_cache_name: LRUCache
  block_cache_options:
    capacity : 8388608
    num_shard_bits : 4
    strict_capacity_limit : 0
    high_pri_pool_ratio: 0.000
  block_cache_compressed: (nil)
  persistent_cache: (nil)
  block_size: 8192
  block_size_deviation: 10
  block_restart_interval: 16
  index_block_restart_interval: 1
  metadata_block_size: 4096
  partition_filters: 0
  use_delta_encoding: 1
  filter_policy: nullptr
  whole_key_filtering: 1
  verify_compression: 0
  read_amp_bytes_per_bit: 0
  format_version: 2
  enable_index_compression: 1
  block_align: 0
2019/03/21-11:51:14.765861 7f74f271f0        Options.write_buffer_size: 134217728
2019/03/21-11:51:14.765865 7f74f271f0  Options.max_write_buffer_number: 24
2019/03/21-11:51:14.765895 7f74f271f0        Options.compression[0]: NoCompression
2019/03/21-11:51:14.765900 7f74f271f0        Options.compression[1]: NoCompression
2019/03/21-11:51:14.765903 7f74f271f0        Options.compression[2]: LZ4
2019/03/21-11:51:14.765906 7f74f271f0        Options.compression[3]: LZ4
2019/03/21-11:51:14.765928 7f74f271f0        Options.compression[4]: LZ4
2019/03/21-11:51:14.765931 7f74f271f0        Options.compression[5]: LZ4
2019/03/21-11:51:14.765934 7f74f271f0        Options.compression[6]: LZ4
2019/03/21-11:51:14.765937 7f74f271f0                  Options.bottommost_compression: Disabled
2019/03/21-11:51:14.765940 7f74f271f0       Options.prefix_extractor: nullptr
2019/03/21-11:51:14.765943 7f74f271f0   Options.memtable_insert_with_hint_prefix_extractor: nullptr
2019/03/21-11:51:14.765946 7f74f271f0             Options.num_levels: 7
2019/03/21-11:51:14.765949 7f74f271f0        Options.min_write_buffer_number_to_merge: 2
2019/03/21-11:51:14.765951 7f74f271f0     Options.max_write_buffer_number_to_maintain: 0
2019/03/21-11:51:14.765954 7f74f271f0            Options.compression_opts.window_bits: -14
2019/03/21-11:51:14.765957 7f74f271f0                  Options.compression_opts.level: -1
2019/03/21-11:51:14.765960 7f74f271f0               Options.compression_opts.strategy: 0
2019/03/21-11:51:14.765963 7f74f271f0         Options.compression_opts.max_dict_bytes: 0
2019/03/21-11:51:14.765966 7f74f271f0         Options.compression_opts.zstd_max_train_bytes: 0
2019/03/21-11:51:14.765969 7f74f271f0      Options.level0_file_num_compaction_trigger: 2
2019/03/21-11:51:14.765972 7f74f271f0          Options.level0_slowdown_writes_trigger: 20
2019/03/21-11:51:14.765975 7f74f271f0              Options.level0_stop_writes_trigger: 36
2019/03/21-11:51:14.765978 7f74f271f0                   Options.target_file_size_base: 67108864
2019/03/21-11:51:14.765980 7f74f271f0             Options.target_file_size_multiplier: 1
2019/03/21-11:51:14.765983 7f74f271f0                Options.max_bytes_for_level_base: 536870912
2019/03/21-11:51:14.765986 7f74f271f0 Options.level_compaction_dynamic_level_bytes: 0
2019/03/21-11:51:14.765989 7f74f271f0          Options.max_bytes_for_level_multiplier: 10.000000
2019/03/21-11:51:14.765995 7f74f271f0 Options.max_bytes_for_level_multiplier_addtl[0]: 1
2019/03/21-11:51:14.765998 7f74f271f0 Options.max_bytes_for_level_multiplier_addtl[1]: 1
2019/03/21-11:51:14.766001 7f74f271f0 Options.max_bytes_for_level_multiplier_addtl[2]: 1
2019/03/21-11:51:14.766003 7f74f271f0 Options.max_bytes_for_level_multiplier_addtl[3]: 1
2019/03/21-11:51:14.766006 7f74f271f0 Options.max_bytes_for_level_multiplier_addtl[4]: 1
2019/03/21-11:51:14.766009 7f74f271f0 Options.max_bytes_for_level_multiplier_addtl[5]: 1
2019/03/21-11:51:14.766012 7f74f271f0 Options.max_bytes_for_level_multiplier_addtl[6]: 1
2019/03/21-11:51:14.766015 7f74f271f0       Options.max_sequential_skip_in_iterations: 8
2019/03/21-11:51:14.766018 7f74f271f0                    Options.max_compaction_bytes: 1677721600
2019/03/21-11:51:14.766021 7f74f271f0                        Options.arena_block_size: 16777216
2019/03/21-11:51:14.766024 7f74f271f0   Options.soft_pending_compaction_bytes_limit: 68719476736
2019/03/21-11:51:14.766027 7f74f271f0   Options.hard_pending_compaction_bytes_limit: 274877906944
2019/03/21-11:51:14.766029 7f74f271f0       Options.rate_limit_delay_max_milliseconds: 100
2019/03/21-11:51:14.766032 7f74f271f0                Options.disable_auto_compactions: 0
2019/03/21-11:51:14.766036 7f74f271f0                        Options.compaction_style: kCompactionStyleLevel
2019/03/21-11:51:14.766040 7f74f271f0                          Options.compaction_pri: kByCompensatedSize
2019/03/21-11:51:14.766043 7f74f271f0 Options.compaction_options_universal.size_ratio: 1
2019/03/21-11:51:14.766046 7f74f271f0 Options.compaction_options_universal.min_merge_width: 2
2019/03/21-11:51:14.766049 7f74f271f0 Options.compaction_options_universal.max_merge_width: 4294967295
2019/03/21-11:51:14.766052 7f74f271f0 Options.compaction_options_universal.max_size_amplification_percent: 200
2019/03/21-11:51:14.766069 7f74f271f0 Options.compaction_options_universal.compression_size_percent: -1
2019/03/21-11:51:14.766075 7f74f271f0 Options.compaction_options_universal.stop_style: kCompactionStopStyleTotalSize
2019/03/21-11:51:14.766078 7f74f271f0 Options.compaction_options_fifo.max_table_files_size: 1073741824
2019/03/21-11:51:14.766081 7f74f271f0 Options.compaction_options_fifo.allow_compaction: 0
2019/03/21-11:51:14.766085 7f74f271f0 Options.compaction_options_fifo.ttl: 0
2019/03/21-11:51:14.766087 7f74f271f0                   Options.table_properties_collectors: 
2019/03/21-11:51:14.766090 7f74f271f0                   Options.inplace_update_support: 0
2019/03/21-11:51:14.766093 7f74f271f0                 Options.inplace_update_num_locks: 10000
2019/03/21-11:51:14.766096 7f74f271f0               Options.memtable_prefix_bloom_size_ratio: 0.000000
2019/03/21-11:51:14.766100 7f74f271f0   Options.memtable_huge_page_size: 0
2019/03/21-11:51:14.766103 7f74f271f0                           Options.bloom_locality: 0
2019/03/21-11:51:14.766105 7f74f271f0                    Options.max_successive_merges: 0
2019/03/21-11:51:14.766108 7f74f271f0                Options.optimize_filters_for_hits: 0
2019/03/21-11:51:14.766111 7f74f271f0                Options.paranoid_file_checks: 0
2019/03/21-11:51:14.766114 7f74f271f0                Options.force_consistency_checks: 0
2019/03/21-11:51:14.766117 7f74f271f0                Options.report_bg_io_stats: 0
2019/03/21-11:51:14.766120 7f74f271f0                               Options.ttl: 0
2019/03/21-11:51:15.228264 7f74f271f0 [db/version_set.cc:3361] Recovered from manifest file:/mnt/sda/ycsb-rocksdb-data/MANIFEST-000004 succeeded,manifest_file_number is 4, next_file_number is 1402, last_sequence is 10441247, log_number is 0,prev_log_number is 0,max_column_family is 1,min_log_number_to_keep is 0
2019/03/21-11:51:15.228295 7f74f271f0 [db/version_set.cc:3369] Column family [default] (ID 0), log number is 0
2019/03/21-11:51:15.228300 7f74f271f0 [db/version_set.cc:3369] Column family [usertable] (ID 1), log number is 1394
2019/03/21-11:51:15.232362 7f74f271f0 EVENT_LOG_v1 {"time_micros": 1553169075232334, "job": 1, "event": "recovery_started", "log_files": [1394]}
2019/03/21-11:51:15.232397 7f74f271f0 [db/db_impl_open.cc:551] Recovering log #1394 mode 2
2019/03/21-11:51:15.574050 7f74f271f0 [db/version_set.cc:2847] Creating manifest 1402
2019/03/21-11:51:16.074613 7f74f271f0 EVENT_LOG_v1 {"time_micros": 1553169076074559, "cf_name": "usertable", "job": 1, "event": "table_file_creation", "file_number": 1403, "file_size": 72719064, "table_properties": {"data_size": 72393583, "index_size": 324559, "filter_size": 0, "raw_key_size": 421392, "raw_average_key_size": 24, "raw_value_size": 71917568, "raw_average_value_size": 4096, "num_data_blocks": 8779, "num_entries": 17558, "filter_policy_name": "", "kDeletedKeys": "0", "kMergeOperands": "0"}}
2019/03/21-11:51:16.114812 7f74f271f0 EVENT_LOG_v1 {"time_micros": 1553169076114803, "job": 1, "event": "recovery_finished"}
2019/03/21-11:51:16.187302 7f74f271f0 [db/db_impl_open.cc:1219] DB pointer 0x7f18388390
2019/03/21-11:51:16.188025 7f1f7fe1f0 [WARN] [db/db_impl.cc:491] ------- DUMPING STATS -------
2019/03/21-11:51:16.188109 7f1f7fe1f0 [WARN] [db/db_impl.cc:492] 
** DB Stats **
Uptime(secs): 1.4 total, 1.4 interval
Cumulative writes: 0 writes, 0 keys, 0 commit groups, 0.0 writes per commit group, ingest: 0.00 GB, 0.00 MB/s
Cumulative WAL: 0 writes, 0 syncs, 0.00 writes per sync, written: 0.00 GB, 0.00 MB/s
Cumulative stall: 00:00:0.000 H:M:S, 0.0 percent
Interval writes: 0 writes, 0 keys, 0 commit groups, 0.0 writes per commit group, ingest: 0.00 MB, 0.00 MB/s
Interval WAL: 0 writes, 0 syncs, 0.00 writes per sync, written: 0.00 MB, 0.00 MB/s
Interval stall: 00:00:0.000 H:M:S, 0.0 percent

** Compaction Stats [default] **
Level    Files   Size     Score Read(GB)  Rn(GB) Rnp1(GB) Write(GB) Wnew(GB) Moved(GB) W-Amp Rd(MB/s) Wr(MB/s) Comp(sec) Comp(cnt) Avg(sec) KeyIn KeyDrop
----------------------------------------------------------------------------------------------------------------------------------------------------------
 Sum      0/0    0.00 KB   0.0      0.0     0.0      0.0       0.0      0.0       0.0   0.0      0.0      0.0         0         0    0.000       0      0
 Int      0/0    0.00 KB   0.0      0.0     0.0      0.0       0.0      0.0       0.0   0.0      0.0      0.0         0         0    0.000       0      0
Uptime(secs): 1.4 total, 1.4 interval
Flush(GB): cumulative 0.000, interval 0.000
AddFile(GB): cumulative 0.000, interval 0.000
AddFile(Total Files): cumulative 0, interval 0
AddFile(L0 Files): cumulative 0, interval 0
AddFile(Keys): cumulative 0, interval 0
Cumulative compaction: 0.00 GB write, 0.00 MB/s write, 0.00 GB read, 0.00 MB/s read, 0.0 seconds
Interval compaction: 0.00 GB write, 0.00 MB/s write, 0.00 GB read, 0.00 MB/s read, 0.0 seconds
Stalls(count): 0 level0_slowdown, 0 level0_slowdown_with_compaction, 0 level0_numfiles, 0 level0_numfiles_with_compaction, 0 stop for pending_compaction_bytes, 0 slowdown for pending_compaction_bytes, 0 memtable_compaction, 0 memtable_slowdown, interval 0 total count

** File Read Latency Histogram By Level [default] **

** Compaction Stats [usertable] **
Level    Files   Size     Score Read(GB)  Rn(GB) Rnp1(GB) Write(GB) Wnew(GB) Moved(GB) W-Amp Rd(MB/s) Wr(MB/s) Comp(sec) Comp(cnt) Avg(sec) KeyIn KeyDrop
----------------------------------------------------------------------------------------------------------------------------------------------------------
  L0      2/0   307.37 MB   1.0      0.0     0.0      0.0       0.1      0.1       0.0   1.0      0.0    170.8         0         1    0.406       0      0
  L1     16/0   462.59 MB   0.9      0.0     0.0      0.0       0.0      0.0       0.0   0.0      0.0      0.0         0         0    0.000       0      0
  L2    106/0    4.99 GB   1.0      0.0     0.0      0.0       0.0      0.0       0.0   0.0      0.0      0.0         0         0    0.000       0      0
  L3    550/0   34.44 GB   0.7      0.0     0.0      0.0       0.0      0.0       0.0   0.0      0.0      0.0         0         0    0.000       0      0
 Sum    674/0   40.18 GB   0.0      0.0     0.0      0.0       0.1      0.1       0.0   1.0      0.0    170.8         0         1    0.406       0      0
 Int      0/0    0.00 KB   0.0      0.0     0.0      0.0       0.1      0.1       0.0   1.0      0.0    170.8         0         1    0.406       0      0
Uptime(secs): 1.4 total, 1.4 interval
Flush(GB): cumulative 0.068, interval 0.068
AddFile(GB): cumulative 0.000, interval 0.000
AddFile(Total Files): cumulative 0, interval 0
AddFile(L0 Files): cumulative 0, interval 0
AddFile(Keys): cumulative 0, interval 0
Cumulative compaction: 0.07 GB write, 48.77 MB/s write, 0.00 GB read, 0.00 MB/s read, 0.4 seconds
Interval compaction: 0.07 GB write, 48.77 MB/s write, 0.00 GB read, 0.00 MB/s read, 0.4 seconds
Stalls(count): 0 level0_slowdown, 0 level0_slowdown_with_compaction, 0 level0_numfiles, 0 level0_numfiles_with_compaction, 0 stop for pending_compaction_bytes, 0 slowdown for pending_compaction_bytes, 0 memtable_compaction, 0 memtable_slowdown, interval 0 total count

** File Read Latency Histogram By Level [usertable] **

** Compaction Stats [default] **
Level    Files   Size     Score Read(GB)  Rn(GB) Rnp1(GB) Write(GB) Wnew(GB) Moved(GB) W-Amp Rd(MB/s) Wr(MB/s) Comp(sec) Comp(cnt) Avg(sec) KeyIn KeyDrop
----------------------------------------------------------------------------------------------------------------------------------------------------------
 Sum      0/0    0.00 KB   0.0      0.0     0.0      0.0       0.0      0.0       0.0   0.0      0.0      0.0         0         0    0.000       0      0
 Int      0/0    0.00 KB   0.0      0.0     0.0      0.0       0.0      0.0       0.0   0.0      0.0      0.0         0         0    0.000       0      0
Uptime(secs): 1.4 total, 0.0 interval
Flush(GB): cumulative 0.000, interval 0.000
AddFile(GB): cumulative 0.000, interval 0.000
AddFile(Total Files): cumulative 0, interval 0
AddFile(L0 Files): cumulative 0, interval 0
AddFile(Keys): cumulative 0, interval 0
Cumulative compaction: 0.00 GB write, 0.00 MB/s write, 0.00 GB read, 0.00 MB/s read, 0.0 seconds
Interval compaction: 0.00 GB write, 0.00 MB/s write, 0.00 GB read, 0.00 MB/s read, 0.0 seconds
Stalls(count): 0 level0_slowdown, 0 level0_slowdown_with_compaction, 0 level0_numfiles, 0 level0_numfiles_with_compaction, 0 stop for pending_compaction_bytes, 0 slowdown for pending_compaction_bytes, 0 memtable_compaction, 0 memtable_slowdown, interval 0 total count

** File Read Latency Histogram By Level [default] **

** Compaction Stats [usertable] **
Level    Files   Size     Score Read(GB)  Rn(GB) Rnp1(GB) Write(GB) Wnew(GB) Moved(GB) W-Amp Rd(MB/s) Wr(MB/s) Comp(sec) Comp(cnt) Avg(sec) KeyIn KeyDrop
----------------------------------------------------------------------------------------------------------------------------------------------------------
  L0      2/0   307.37 MB   1.0      0.0     0.0      0.0       0.1      0.1       0.0   1.0      0.0    170.8         0         1    0.406       0      0
  L1     16/0   462.59 MB   0.9      0.0     0.0      0.0       0.0      0.0       0.0   0.0      0.0      0.0         0         0    0.000       0      0
  L2    106/0    4.99 GB   1.0      0.0     0.0      0.0       0.0      0.0       0.0   0.0      0.0      0.0         0         0    0.000       0      0
  L3    550/0   34.44 GB   0.7      0.0     0.0      0.0       0.0      0.0       0.0   0.0      0.0      0.0         0         0    0.000       0      0
 Sum    674/0   40.18 GB   0.0      0.0     0.0      0.0       0.1      0.1       0.0   1.0      0.0    170.8         0         1    0.406       0      0
 Int      0/0    0.00 KB   0.0      0.0     0.0      0.0       0.0      0.0       0.0   0.0      0.0      0.0         0         0    0.000       0      0
Uptime(secs): 1.4 total, 0.0 interval
Flush(GB): cumulative 0.068, interval 0.000
AddFile(GB): cumulative 0.000, interval 0.000
AddFile(Total Files): cumulative 0, interval 0
AddFile(L0 Files): cumulative 0, interval 0
AddFile(Keys): cumulative 0, interval 0
Cumulative compaction: 0.07 GB write, 48.76 MB/s write, 0.00 GB read, 0.00 MB/s read, 0.4 seconds
Interval compaction: 0.00 GB write, 0.00 MB/s write, 0.00 GB read, 0.00 MB/s read, 0.0 seconds
Stalls(count): 0 level0_slowdown, 0 level0_slowdown_with_compaction, 0 level0_numfiles, 0 level0_numfiles_with_compaction, 0 stop for pending_compaction_bytes, 0 slowdown for pending_compaction_bytes, 0 memtable_compaction, 0 memtable_slowdown, interval 0 total count

** File Read Latency Histogram By Level [usertable] **
2019/03/21-11:51:16.222564 7f1f7fe1f0 (Original Log Time 2019/03/21-11:51:16.188383) [db/db_impl_compaction_flush.cc:1835] [usertable] Moving #940 to level-1 249582432 bytes
2019/03/21-11:51:16.222601 7f1f7fe1f0 (Original Log Time 2019/03/21-11:51:16.221396) EVENT_LOG_v1 {"time_micros": 1553169076221363, "job": 3, "event": "trivial_move", "destination_level": 1, "files": 1, "total_files_size": 249582432}
2019/03/21-11:51:16.222614 7f1f7fe1f0 (Original Log Time 2019/03/21-11:51:16.221469) [db/db_impl_compaction_flush.cc:1864] [usertable] Moved #1 files to level-1 249582432 bytes OK: base level 1 max bytes base 536870912 files[1 17 106 550 0 0 0] max score 1.37
2019/03/21-11:51:16.224144 7f1f7fe1f0 [db/compaction_job.cc:1531] [usertable] [JOB 4] Compacting 1@1 + 1@2 files to L2, score 1.37
2019/03/21-11:51:16.224341 7f1f7fe1f0 [db/compaction_job.cc:1535] [usertable] Compaction start summary: Base version 6 Base level 1, inputs: [940(238MB)], [937(50MB)]
2019/03/21-11:51:16.224738 7f1f7fe1f0 EVENT_LOG_v1 {"time_micros": 1553169076224467, "job": 4, "event": "compaction_started", "compaction_reason": "LevelMaxLevelSize", "files_L1": [940], "files_L2": [937], "score": 1.36838, "input_data_size": 302084225}
2019/03/21-11:51:18.291829 7f1f7fe1f0 [db/compaction_job.cc:1211] [usertable] [JOB 4] Generated table #1407: 16279 keys, 67233553 bytes
2019/03/21-11:51:18.292189 7f1f7fe1f0 EVENT_LOG_v1 {"time_micros": 1553169078291972, "cf_name": "usertable", "job": 4, "event": "table_file_creation", "file_number": 1407, "file_size": 67233553, "table_properties": {"data_size": 67120139, "index_size": 300916, "filter_size": 0, "raw_key_size": 390696, "raw_average_key_size": 24, "raw_value_size": 66678784, "raw_average_value_size": 4096, "num_data_blocks": 8140, "num_entries": 16279, "filter_policy_name": "", "kDeletedKeys": "0", "kMergeOperands": "0"}}
2019/03/21-11:51:20.016533 7f1f7fe1f0 [db/compaction_job.cc:1211] [usertable] [JOB 4] Generated table #1408: 16279 keys, 67233365 bytes
2019/03/21-11:51:20.016723 7f1f7fe1f0 EVENT_LOG_v1 {"time_micros": 1553169080016658, "cf_name": "usertable", "job": 4, "event": "table_file_creation", "file_number": 1408, "file_size": 67233365, "table_properties": {"data_size": 67118331, "index_size": 299105, "filter_size": 0, "raw_key_size": 390696, "raw_average_key_size": 24, "raw_value_size": 66678784, "raw_average_value_size": 4096, "num_data_blocks": 8140, "num_entries": 16279, "filter_policy_name": "", "kDeletedKeys": "0", "kMergeOperands": "0"}}
2019/03/21-11:51:21.167086 7f1f7fe1f0 [db/compaction_job.cc:1211] [usertable] [JOB 4] Generated table #1409: 16279 keys, 67233537 bytes
2019/03/21-11:51:21.167188 7f1f7fe1f0 EVENT_LOG_v1 {"time_micros": 1553169081167157, "cf_name": "usertable", "job": 4, "event": "table_file_creation", "file_number": 1409, "file_size": 67233537, "table_properties": {"data_size": 67120139, "index_size": 300916, "filter_size": 0, "raw_key_size": 390696, "raw_average_key_size": 24, "raw_value_size": 66678784, "raw_average_value_size": 4096, "num_data_blocks": 8140, "num_entries": 16279, "filter_policy_name": "", "kDeletedKeys": "0", "kMergeOperands": "0"}}
2019/03/21-11:51:22.368164 7f1f7fe1f0 [db/compaction_job.cc:1211] [usertable] [JOB 4] Generated table #1410: 16279 keys, 67233348 bytes
2019/03/21-11:51:22.368299 7f1f7fe1f0 EVENT_LOG_v1 {"time_micros": 1553169082368251, "cf_name": "usertable", "job": 4, "event": "table_file_creation", "file_number": 1410, "file_size": 67233348, "table_properties": {"data_size": 67118331, "index_size": 299107, "filter_size": 0, "raw_key_size": 390696, "raw_average_key_size": 24, "raw_value_size": 66678784, "raw_average_value_size": 4096, "num_data_blocks": 8140, "num_entries": 16279, "filter_policy_name": "", "kDeletedKeys": "0", "kMergeOperands": "0"}}
2019/03/21-11:51:22.957561 7f1f7fe1f0 [db/compaction_job.cc:1211] [usertable] [JOB 4] Generated table #1411: 7858 keys, 32454674 bytes
2019/03/21-11:51:22.957649 7f1f7fe1f0 EVENT_LOG_v1 {"time_micros": 1553169082957619, "cf_name": "usertable", "job": 4, "event": "table_file_creation", "file_number": 1411, "file_size": 32454674, "table_properties": {"data_size": 32399407, "index_size": 145109, "filter_size": 0, "raw_key_size": 188592, "raw_average_key_size": 24, "raw_value_size": 32186368, "raw_average_value_size": 4096, "num_data_blocks": 3929, "num_entries": 7858, "filter_policy_name": "", "kDeletedKeys": "0", "kMergeOperands": "0"}}
2019/03/21-11:51:22.957821 7f1f7fe1f0 [db/compaction_job.cc:1287] [usertable] [JOB 4] Compacted 1@1 + 1@2 files to L2 => 301388477 bytes
2019/03/21-11:51:22.988993 7f1f7fe1f0 (Original Log Time 2019/03/21-11:51:22.988718) [db/compaction_job.cc:685] [usertable] compacted to: base level 1 max bytes base 536870912 files[1 16 110 550 0 0 0] max score 1.04, MB/sec: 44.9 rd, 44.8 wr, level 2, files in(1, 1) out(5) MB in(238.0, 50.1) out(287.4), read-write-amplify(2.4) write-amplify(1.2) OK, records in: 72974, records dropped: 0 output_compression: LZ4
2019/03/21-11:51:22.989012 7f1f7fe1f0 (Original Log Time 2019/03/21-11:51:22.988792) EVENT_LOG_v1 {"time_micros": 1553169082988761, "job": 4, "event": "compaction_finished", "compaction_time_micros": 6732914, "output_level": 2, "num_output_files": 5, "total_output_size": 301388477, "num_input_records": 72974, "num_output_records": 72974, "num_subcompactions": 1, "output_compression": "LZ4", "num_single_delete_mismatches": 0, "num_single_delete_fallthrough": 0, "lsm_state": [1, 16, 110, 550, 0, 0, 0]}
2019/03/21-11:51:23.020864 7f1effd1f0 (Original Log Time 2019/03/21-11:51:22.989591) [db/db_impl_compaction_flush.cc:1835] [usertable] Moving #1407 to level-3 67233553 bytes
2019/03/21-11:51:23.020878 7f1effd1f0 (Original Log Time 2019/03/21-11:51:23.020710) EVENT_LOG_v1 {"time_micros": 1553169083020698, "job": 5, "event": "trivial_move", "destination_level": 3, "files": 1, "total_files_size": 67233553}
2019/03/21-11:51:23.020883 7f1effd1f0 (Original Log Time 2019/03/21-11:51:23.020737) [db/db_impl_compaction_flush.cc:1864] [usertable] Moved #1 files to level-3 67233553 bytes OK: base level 1 max bytes base 536870912 files[1 16 109 551 0 0 0] max score 1.03
2019/03/21-11:51:23.076796 7f1effd1f0 EVENT_LOG_v1 {"time_micros": 1553169083076784, "job": 5, "event": "table_file_deletion", "file_number": 940}
2019/03/21-11:51:23.088628 7f1effd1f0 EVENT_LOG_v1 {"time_micros": 1553169083088617, "job": 5, "event": "table_file_deletion", "file_number": 937}
2019/03/21-11:51:23.119851 7f1effd1f0 (Original Log Time 2019/03/21-11:51:23.089012) [db/db_impl_compaction_flush.cc:1835] [usertable] Moving #1409 to level-3 67233537 bytes
2019/03/21-11:51:23.119861 7f1effd1f0 (Original Log Time 2019/03/21-11:51:23.119673) EVENT_LOG_v1 {"time_micros": 1553169083119661, "job": 6, "event": "trivial_move", "destination_level": 3, "files": 1, "total_files_size": 67233537}
2019/03/21-11:51:23.119867 7f1effd1f0 (Original Log Time 2019/03/21-11:51:23.119700) [db/db_impl_compaction_flush.cc:1864] [usertable] Moved #1 files to level-3 67233537 bytes OK: base level 1 max bytes base 536870912 files[1 16 108 552 0 0 0] max score 1.02
2019/03/21-11:51:23.150993 7f1effd1f0 (Original Log Time 2019/03/21-11:51:23.120335) [db/db_impl_compaction_flush.cc:1835] [usertable] Moving #1408 to level-3 67233365 bytes
2019/03/21-11:51:23.151004 7f1effd1f0 (Original Log Time 2019/03/21-11:51:23.150864) EVENT_LOG_v1 {"time_micros": 1553169083150852, "job": 7, "event": "trivial_move", "destination_level": 3, "files": 1, "total_files_size": 67233365}
2019/03/21-11:51:23.151009 7f1effd1f0 (Original Log Time 2019/03/21-11:51:23.150890) [db/db_impl_compaction_flush.cc:1864] [usertable] Moved #1 files to level-3 67233365 bytes OK: base level 1 max bytes base 536870912 files[1 16 107 553 0 0 0] max score 1.01
2019/03/21-11:51:23.187210 7f1d7fa1f0 (Original Log Time 2019/03/21-11:51:23.151852) [db/db_impl_compaction_flush.cc:1835] [usertable] Moving #1398 to level-3 67233354 bytes
2019/03/21-11:51:23.187235 7f1d7fa1f0 (Original Log Time 2019/03/21-11:51:23.186733) EVENT_LOG_v1 {"time_micros": 1553169083186713, "job": 8, "event": "trivial_move", "destination_level": 3, "files": 1, "total_files_size": 67233354}
2019/03/21-11:51:23.187247 7f1d7fa1f0 (Original Log Time 2019/03/21-11:51:23.186779) [db/db_impl_compaction_flush.cc:1864] [usertable] Moved #1 files to level-3 67233354 bytes OK: base level 1 max bytes base 536870912 files[1 16 106 554 0 0 0] max score 0.99
