2018/11/27-18:17:26.720351 7f8c5b61f0 RocksDB version: 5.14.3
2018/11/27-18:17:26.720558 7f8c5b61f0 Git sha rocksdb_build_git_sha:
2018/11/27-18:17:26.720564 7f8c5b61f0 Compile date Nov 15 2018
2018/11/27-18:17:26.720573 7f8c5b61f0 DB SUMMARY
2018/11/27-18:17:26.721420 7f8c5b61f0 CURRENT file:  CURRENT
2018/11/27-18:17:26.721431 7f8c5b61f0 IDENTITY file:  IDENTITY
2018/11/27-18:17:26.721460 7f8c5b61f0 MANIFEST file:  MANIFEST-000004 size: 121201 Bytes
2018/11/27-18:17:26.721467 7f8c5b61f0 SST files in /mnt/sda/ycsb-rocksdb-data dir, Total Num: 668, files: 000017.sst 000021.sst 000022.sst 000023.sst 000024.sst 000028.sst 000029.sst 000030.sst 000031.sst 
2018/11/27-18:17:26.721471 7f8c5b61f0 Write Ahead Log file in /mnt/sda/ycsb-rocksdb-data: 001181.log size: 53941363 ; 
2018/11/27-18:17:26.721482 7f8c5b61f0                         Options.error_if_exists: 0
2018/11/27-18:17:26.721486 7f8c5b61f0                       Options.create_if_missing: 1
2018/11/27-18:17:26.721489 7f8c5b61f0                         Options.paranoid_checks: 1
2018/11/27-18:17:26.721493 7f8c5b61f0                                     Options.env: 0x7f47ff8f18
2018/11/27-18:17:26.721496 7f8c5b61f0                                Options.info_log: 0x7f543bfda0
2018/11/27-18:17:26.721499 7f8c5b61f0                Options.max_file_opening_threads: 16
2018/11/27-18:17:26.721502 7f8c5b61f0                              Options.statistics: (nil)
2018/11/27-18:17:26.721506 7f8c5b61f0                               Options.use_fsync: 0
2018/11/27-18:17:26.721509 7f8c5b61f0                       Options.max_log_file_size: 0
2018/11/27-18:17:26.721512 7f8c5b61f0                  Options.max_manifest_file_size: 18446744073709551615
2018/11/27-18:17:26.721515 7f8c5b61f0                   Options.log_file_time_to_roll: 0
2018/11/27-18:17:26.721518 7f8c5b61f0                       Options.keep_log_file_num: 1000
2018/11/27-18:17:26.721521 7f8c5b61f0                    Options.recycle_log_file_num: 0
2018/11/27-18:17:26.721524 7f8c5b61f0                         Options.allow_fallocate: 1
2018/11/27-18:17:26.721527 7f8c5b61f0                        Options.allow_mmap_reads: 0
2018/11/27-18:17:26.721530 7f8c5b61f0                       Options.allow_mmap_writes: 0
2018/11/27-18:17:26.721533 7f8c5b61f0                        Options.use_direct_reads: 0
2018/11/27-18:17:26.721535 7f8c5b61f0                        Options.use_direct_io_for_flush_and_compaction: 0
2018/11/27-18:17:26.721538 7f8c5b61f0          Options.create_missing_column_families: 1
2018/11/27-18:17:26.721542 7f8c5b61f0                              Options.db_log_dir: 
2018/11/27-18:17:26.721544 7f8c5b61f0                                 Options.wal_dir: /mnt/sda/ycsb-rocksdb-data
2018/11/27-18:17:26.721548 7f8c5b61f0                Options.table_cache_numshardbits: 6
2018/11/27-18:17:26.721551 7f8c5b61f0                      Options.max_subcompactions: 4
2018/11/27-18:17:26.721554 7f8c5b61f0                  Options.max_background_flushes: 6
2018/11/27-18:17:26.721556 7f8c5b61f0                         Options.WAL_ttl_seconds: 0
2018/11/27-18:17:26.721559 7f8c5b61f0                       Options.WAL_size_limit_MB: 0
2018/11/27-18:17:26.721562 7f8c5b61f0             Options.manifest_preallocation_size: 4194304
2018/11/27-18:17:26.721565 7f8c5b61f0                     Options.is_fd_close_on_exec: 1
2018/11/27-18:17:26.721568 7f8c5b61f0                   Options.advise_random_on_open: 1
2018/11/27-18:17:26.721571 7f8c5b61f0                    Options.db_write_buffer_size: 0
2018/11/27-18:17:26.721574 7f8c5b61f0                    Options.write_buffer_manager: 0x7f543c1190
2018/11/27-18:17:26.721577 7f8c5b61f0         Options.access_hint_on_compaction_start: 1
2018/11/27-18:17:26.721580 7f8c5b61f0  Options.new_table_reader_for_compaction_inputs: 0
2018/11/27-18:17:26.721584 7f8c5b61f0           Options.random_access_max_buffer_size: 1048576
2018/11/27-18:17:26.721586 7f8c5b61f0                      Options.use_adaptive_mutex: 0
2018/11/27-18:17:26.721590 7f8c5b61f0                            Options.rate_limiter: (nil)
2018/11/27-18:17:26.721596 7f8c5b61f0     Options.sst_file_manager.rate_bytes_per_sec: 0
2018/11/27-18:17:26.721631 7f8c5b61f0                       Options.wal_recovery_mode: 2
2018/11/27-18:17:26.721636 7f8c5b61f0                  Options.enable_thread_tracking: 0
2018/11/27-18:17:26.721639 7f8c5b61f0                  Options.enable_pipelined_write: 1
2018/11/27-18:17:26.721642 7f8c5b61f0         Options.allow_concurrent_memtable_write: 1
2018/11/27-18:17:26.721645 7f8c5b61f0      Options.enable_write_thread_adaptive_yield: 1
2018/11/27-18:17:26.721647 7f8c5b61f0             Options.write_thread_max_yield_usec: 100
2018/11/27-18:17:26.721650 7f8c5b61f0            Options.write_thread_slow_yield_usec: 3
2018/11/27-18:17:26.721653 7f8c5b61f0                               Options.row_cache: None
2018/11/27-18:17:26.721656 7f8c5b61f0                              Options.wal_filter: None
2018/11/27-18:17:26.721659 7f8c5b61f0             Options.avoid_flush_during_recovery: 0
2018/11/27-18:17:26.721662 7f8c5b61f0             Options.allow_ingest_behind: 0
2018/11/27-18:17:26.721665 7f8c5b61f0             Options.preserve_deletes: 0
2018/11/27-18:17:26.721668 7f8c5b61f0             Options.two_write_queues: 0
2018/11/27-18:17:26.721670 7f8c5b61f0             Options.manual_wal_flush: 0
2018/11/27-18:17:26.721676 7f8c5b61f0             Options.max_background_jobs: 6
2018/11/27-18:17:26.721679 7f8c5b61f0             Options.max_background_compactions: 6
2018/11/27-18:17:26.721682 7f8c5b61f0             Options.avoid_flush_during_shutdown: 0
2018/11/27-18:17:26.721684 7f8c5b61f0           Options.writable_file_max_buffer_size: 1048576
2018/11/27-18:17:26.721687 7f8c5b61f0             Options.delayed_write_rate : 16777216
2018/11/27-18:17:26.721691 7f8c5b61f0             Options.max_total_wal_size: 0
2018/11/27-18:17:26.721693 7f8c5b61f0             Options.delete_obsolete_files_period_micros: 21600000000
2018/11/27-18:17:26.721696 7f8c5b61f0                   Options.stats_dump_period_sec: 60
2018/11/27-18:17:26.721700 7f8c5b61f0                          Options.max_open_files: -1
2018/11/27-18:17:26.721702 7f8c5b61f0                          Options.bytes_per_sync: 1048576
2018/11/27-18:17:26.721705 7f8c5b61f0                      Options.wal_bytes_per_sync: 0
2018/11/27-18:17:26.721708 7f8c5b61f0       Options.compaction_readahead_size: 0
2018/11/27-18:17:26.721711 7f8c5b61f0 Compression algorithms supported:
2018/11/27-18:17:26.721715 7f8c5b61f0 	kZSTDNotFinalCompression supported: 1
2018/11/27-18:17:26.721752 7f8c5b61f0 	kZSTD supported: 1
2018/11/27-18:17:26.721758 7f8c5b61f0 	kXpressCompression supported: 0
2018/11/27-18:17:26.721762 7f8c5b61f0 	kLZ4HCCompression supported: 1
2018/11/27-18:17:26.721765 7f8c5b61f0 	kLZ4Compression supported: 1
2018/11/27-18:17:26.721769 7f8c5b61f0 	kBZip2Compression supported: 1
2018/11/27-18:17:26.721772 7f8c5b61f0 	kZlibCompression supported: 1
2018/11/27-18:17:26.721775 7f8c5b61f0 	kSnappyCompression supported: 1
2018/11/27-18:17:26.721783 7f8c5b61f0 Fast CRC32 supported: Not supported on x86
2018/11/27-18:17:26.722489 7f8c5b61f0 [db/version_set.cc:3085] Recovering from manifest file: MANIFEST-000004
2018/11/27-18:17:26.722689 7f8c5b61f0 [db/column_family.cc:475] --------------- Options for column family [default]:
2018/11/27-18:17:26.722697 7f8c5b61f0               Options.comparator: leveldb.BytewiseComparator
2018/11/27-18:17:26.722701 7f8c5b61f0           Options.merge_operator: None
2018/11/27-18:17:26.722704 7f8c5b61f0        Options.compaction_filter: None
2018/11/27-18:17:26.722708 7f8c5b61f0        Options.compaction_filter_factory: None
2018/11/27-18:17:26.722711 7f8c5b61f0         Options.memtable_factory: SkipListFactory
2018/11/27-18:17:26.722714 7f8c5b61f0            Options.table_factory: BlockBasedTable
2018/11/27-18:17:26.722765 7f8c5b61f0            table_factory options:   flush_block_policy_factory: FlushBlockBySizePolicyFactory (0x7f5436d260)
  cache_index_and_filter_blocks: 0
  cache_index_and_filter_blocks_with_high_priority: 0
  pin_l0_filter_and_index_blocks_in_cache: 0
  index_type: 0
  hash_index_allow_collision: 1
  checksum: 1
  no_block_cache: 0
  block_cache: 0x7f54379350
  block_cache_name: LRUCache
  block_cache_options:
    capacity : 8388608
    num_shard_bits : 4
    strict_capacity_limit : 0
    high_pri_pool_ratio: 0.000
  block_cache_compressed: (nil)
  persistent_cache: (nil)
  block_size: 8192
  block_size_deviation: 10
  block_restart_interval: 16
  index_block_restart_interval: 1
  metadata_block_size: 4096
  partition_filters: 0
  use_delta_encoding: 1
  filter_policy: nullptr
  whole_key_filtering: 1
  verify_compression: 0
  read_amp_bytes_per_bit: 0
  format_version: 2
  enable_index_compression: 1
  block_align: 0
2018/11/27-18:17:26.722800 7f8c5b61f0        Options.write_buffer_size: 134217728
2018/11/27-18:17:26.722805 7f8c5b61f0  Options.max_write_buffer_number: 24
2018/11/27-18:17:26.722809 7f8c5b61f0        Options.compression[0]: NoCompression
2018/11/27-18:17:26.722813 7f8c5b61f0        Options.compression[1]: NoCompression
2018/11/27-18:17:26.722816 7f8c5b61f0        Options.compression[2]: LZ4
2018/11/27-18:17:26.722819 7f8c5b61f0        Options.compression[3]: LZ4
2018/11/27-18:17:26.722822 7f8c5b61f0        Options.compression[4]: LZ4
2018/11/27-18:17:26.722825 7f8c5b61f0        Options.compression[5]: LZ4
2018/11/27-18:17:26.722828 7f8c5b61f0        Options.compression[6]: LZ4
2018/11/27-18:17:26.722830 7f8c5b61f0                  Options.bottommost_compression: Disabled
2018/11/27-18:17:26.722834 7f8c5b61f0       Options.prefix_extractor: nullptr
2018/11/27-18:17:26.722837 7f8c5b61f0   Options.memtable_insert_with_hint_prefix_extractor: nullptr
2018/11/27-18:17:26.722839 7f8c5b61f0             Options.num_levels: 7
2018/11/27-18:17:26.722842 7f8c5b61f0        Options.min_write_buffer_number_to_merge: 2
2018/11/27-18:17:26.722845 7f8c5b61f0     Options.max_write_buffer_number_to_maintain: 0
2018/11/27-18:17:26.722848 7f8c5b61f0            Options.compression_opts.window_bits: -14
2018/11/27-18:17:26.722851 7f8c5b61f0                  Options.compression_opts.level: -1
2018/11/27-18:17:26.722854 7f8c5b61f0               Options.compression_opts.strategy: 0
2018/11/27-18:17:26.722857 7f8c5b61f0         Options.compression_opts.max_dict_bytes: 0
2018/11/27-18:17:26.722860 7f8c5b61f0         Options.compression_opts.zstd_max_train_bytes: 0
2018/11/27-18:17:26.722862 7f8c5b61f0      Options.level0_file_num_compaction_trigger: 2
2018/11/27-18:17:26.722865 7f8c5b61f0          Options.level0_slowdown_writes_trigger: 20
2018/11/27-18:17:26.722868 7f8c5b61f0              Options.level0_stop_writes_trigger: 36
2018/11/27-18:17:26.722871 7f8c5b61f0                   Options.target_file_size_base: 67108864
2018/11/27-18:17:26.722874 7f8c5b61f0             Options.target_file_size_multiplier: 1
2018/11/27-18:17:26.722877 7f8c5b61f0                Options.max_bytes_for_level_base: 536870912
2018/11/27-18:17:26.722880 7f8c5b61f0 Options.level_compaction_dynamic_level_bytes: 0
2018/11/27-18:17:26.722883 7f8c5b61f0          Options.max_bytes_for_level_multiplier: 10.000000
2018/11/27-18:17:26.722889 7f8c5b61f0 Options.max_bytes_for_level_multiplier_addtl[0]: 1
2018/11/27-18:17:26.722893 7f8c5b61f0 Options.max_bytes_for_level_multiplier_addtl[1]: 1
2018/11/27-18:17:26.722895 7f8c5b61f0 Options.max_bytes_for_level_multiplier_addtl[2]: 1
2018/11/27-18:17:26.722899 7f8c5b61f0 Options.max_bytes_for_level_multiplier_addtl[3]: 1
2018/11/27-18:17:26.722901 7f8c5b61f0 Options.max_bytes_for_level_multiplier_addtl[4]: 1
2018/11/27-18:17:26.722904 7f8c5b61f0 Options.max_bytes_for_level_multiplier_addtl[5]: 1
2018/11/27-18:17:26.722907 7f8c5b61f0 Options.max_bytes_for_level_multiplier_addtl[6]: 1
2018/11/27-18:17:26.722910 7f8c5b61f0       Options.max_sequential_skip_in_iterations: 8
2018/11/27-18:17:26.722913 7f8c5b61f0                    Options.max_compaction_bytes: 1677721600
2018/11/27-18:17:26.722916 7f8c5b61f0                        Options.arena_block_size: 16777216
2018/11/27-18:17:26.722919 7f8c5b61f0   Options.soft_pending_compaction_bytes_limit: 68719476736
2018/11/27-18:17:26.722921 7f8c5b61f0   Options.hard_pending_compaction_bytes_limit: 274877906944
2018/11/27-18:17:26.722938 7f8c5b61f0       Options.rate_limit_delay_max_milliseconds: 100
2018/11/27-18:17:26.722942 7f8c5b61f0                Options.disable_auto_compactions: 0
2018/11/27-18:17:26.722947 7f8c5b61f0                        Options.compaction_style: kCompactionStyleLevel
2018/11/27-18:17:26.722952 7f8c5b61f0                          Options.compaction_pri: kByCompensatedSize
2018/11/27-18:17:26.722955 7f8c5b61f0 Options.compaction_options_universal.size_ratio: 1
2018/11/27-18:17:26.722958 7f8c5b61f0 Options.compaction_options_universal.min_merge_width: 2
2018/11/27-18:17:26.722961 7f8c5b61f0 Options.compaction_options_universal.max_merge_width: 4294967295
2018/11/27-18:17:26.722964 7f8c5b61f0 Options.compaction_options_universal.max_size_amplification_percent: 200
2018/11/27-18:17:26.722967 7f8c5b61f0 Options.compaction_options_universal.compression_size_percent: -1
2018/11/27-18:17:26.722986 7f8c5b61f0 Options.compaction_options_universal.stop_style: kCompactionStopStyleTotalSize
2018/11/27-18:17:26.722991 7f8c5b61f0 Options.compaction_options_fifo.max_table_files_size: 1073741824
2018/11/27-18:17:26.722994 7f8c5b61f0 Options.compaction_options_fifo.allow_compaction: 0
2018/11/27-18:17:26.722998 7f8c5b61f0 Options.compaction_options_fifo.ttl: 0
2018/11/27-18:17:26.723000 7f8c5b61f0                   Options.table_properties_collectors: 
2018/11/27-18:17:26.723003 7f8c5b61f0                   Options.inplace_update_support: 0
2018/11/27-18:17:26.723006 7f8c5b61f0                 Options.inplace_update_num_locks: 10000
2018/11/27-18:17:26.723010 7f8c5b61f0               Options.memtable_prefix_bloom_size_ratio: 0.000000
2018/11/27-18:17:26.723014 7f8c5b61f0   Options.memtable_huge_page_size: 0
2018/11/27-18:17:26.723017 7f8c5b61f0                           Options.bloom_locality: 0
2018/11/27-18:17:26.723019 7f8c5b61f0                    Options.max_successive_merges: 0
2018/11/27-18:17:26.723022 7f8c5b61f0                Options.optimize_filters_for_hits: 0
2018/11/27-18:17:26.723025 7f8c5b61f0                Options.paranoid_file_checks: 0
2018/11/27-18:17:26.723028 7f8c5b61f0                Options.force_consistency_checks: 0
2018/11/27-18:17:26.723031 7f8c5b61f0                Options.report_bg_io_stats: 0
2018/11/27-18:17:26.723034 7f8c5b61f0                               Options.ttl: 0
2018/11/27-18:17:26.723725 7f8c5b61f0 [db/column_family.cc:475] --------------- Options for column family [usertable]:
2018/11/27-18:17:26.723735 7f8c5b61f0               Options.comparator: leveldb.BytewiseComparator
2018/11/27-18:17:26.723739 7f8c5b61f0           Options.merge_operator: None
2018/11/27-18:17:26.723742 7f8c5b61f0        Options.compaction_filter: None
2018/11/27-18:17:26.723745 7f8c5b61f0        Options.compaction_filter_factory: None
2018/11/27-18:17:26.723748 7f8c5b61f0         Options.memtable_factory: SkipListFactory
2018/11/27-18:17:26.723751 7f8c5b61f0            Options.table_factory: BlockBasedTable
2018/11/27-18:17:26.723791 7f8c5b61f0            table_factory options:   flush_block_policy_factory: FlushBlockBySizePolicyFactory (0x7f5436e290)
  cache_index_and_filter_blocks: 0
  cache_index_and_filter_blocks_with_high_priority: 0
  pin_l0_filter_and_index_blocks_in_cache: 0
  index_type: 0
  hash_index_allow_collision: 1
  checksum: 1
  no_block_cache: 0
  block_cache: 0x7f5437b130
  block_cache_name: LRUCache
  block_cache_options:
    capacity : 8388608
    num_shard_bits : 4
    strict_capacity_limit : 0
    high_pri_pool_ratio: 0.000
  block_cache_compressed: (nil)
  persistent_cache: (nil)
  block_size: 8192
  block_size_deviation: 10
  block_restart_interval: 16
  index_block_restart_interval: 1
  metadata_block_size: 4096
  partition_filters: 0
  use_delta_encoding: 1
  filter_policy: nullptr
  whole_key_filtering: 1
  verify_compression: 0
  read_amp_bytes_per_bit: 0
  format_version: 2
  enable_index_compression: 1
  block_align: 0
2018/11/27-18:17:26.723797 7f8c5b61f0        Options.write_buffer_size: 134217728
2018/11/27-18:17:26.723800 7f8c5b61f0  Options.max_write_buffer_number: 24
2018/11/27-18:17:26.723826 7f8c5b61f0        Options.compression[0]: NoCompression
2018/11/27-18:17:26.723831 7f8c5b61f0        Options.compression[1]: NoCompression
2018/11/27-18:17:26.723834 7f8c5b61f0        Options.compression[2]: LZ4
2018/11/27-18:17:26.723837 7f8c5b61f0        Options.compression[3]: LZ4
2018/11/27-18:17:26.723840 7f8c5b61f0        Options.compression[4]: LZ4
2018/11/27-18:17:26.723843 7f8c5b61f0        Options.compression[5]: LZ4
2018/11/27-18:17:26.723846 7f8c5b61f0        Options.compression[6]: LZ4
2018/11/27-18:17:26.723849 7f8c5b61f0                  Options.bottommost_compression: Disabled
2018/11/27-18:17:26.723852 7f8c5b61f0       Options.prefix_extractor: nullptr
2018/11/27-18:17:26.723855 7f8c5b61f0   Options.memtable_insert_with_hint_prefix_extractor: nullptr
2018/11/27-18:17:26.723858 7f8c5b61f0             Options.num_levels: 7
2018/11/27-18:17:26.723861 7f8c5b61f0        Options.min_write_buffer_number_to_merge: 2
2018/11/27-18:17:26.723864 7f8c5b61f0     Options.max_write_buffer_number_to_maintain: 0
2018/11/27-18:17:26.723866 7f8c5b61f0            Options.compression_opts.window_bits: -14
2018/11/27-18:17:26.723869 7f8c5b61f0                  Options.compression_opts.level: -1
2018/11/27-18:17:26.723872 7f8c5b61f0               Options.compression_opts.strategy: 0
2018/11/27-18:17:26.723875 7f8c5b61f0         Options.compression_opts.max_dict_bytes: 0
2018/11/27-18:17:26.723878 7f8c5b61f0         Options.compression_opts.zstd_max_train_bytes: 0
2018/11/27-18:17:26.723880 7f8c5b61f0      Options.level0_file_num_compaction_trigger: 2
2018/11/27-18:17:26.723883 7f8c5b61f0          Options.level0_slowdown_writes_trigger: 20
2018/11/27-18:17:26.723886 7f8c5b61f0              Options.level0_stop_writes_trigger: 36
2018/11/27-18:17:26.723889 7f8c5b61f0                   Options.target_file_size_base: 67108864
2018/11/27-18:17:26.723892 7f8c5b61f0             Options.target_file_size_multiplier: 1
2018/11/27-18:17:26.723894 7f8c5b61f0                Options.max_bytes_for_level_base: 536870912
2018/11/27-18:17:26.723897 7f8c5b61f0 Options.level_compaction_dynamic_level_bytes: 0
2018/11/27-18:17:26.723900 7f8c5b61f0          Options.max_bytes_for_level_multiplier: 10.000000
2018/11/27-18:17:26.723905 7f8c5b61f0 Options.max_bytes_for_level_multiplier_addtl[0]: 1
2018/11/27-18:17:26.723908 7f8c5b61f0 Options.max_bytes_for_level_multiplier_addtl[1]: 1
2018/11/27-18:17:26.723911 7f8c5b61f0 Options.max_bytes_for_level_multiplier_addtl[2]: 1
2018/11/27-18:17:26.723914 7f8c5b61f0 Options.max_bytes_for_level_multiplier_addtl[3]: 1
2018/11/27-18:17:26.723917 7f8c5b61f0 Options.max_bytes_for_level_multiplier_addtl[4]: 1
2018/11/27-18:17:26.723919 7f8c5b61f0 Options.max_bytes_for_level_multiplier_addtl[5]: 1
2018/11/27-18:17:26.723922 7f8c5b61f0 Options.max_bytes_for_level_multiplier_addtl[6]: 1
2018/11/27-18:17:26.723925 7f8c5b61f0       Options.max_sequential_skip_in_iterations: 8
2018/11/27-18:17:26.723928 7f8c5b61f0                    Options.max_compaction_bytes: 1677721600
2018/11/27-18:17:26.723931 7f8c5b61f0                        Options.arena_block_size: 16777216
2018/11/27-18:17:26.723934 7f8c5b61f0   Options.soft_pending_compaction_bytes_limit: 68719476736
2018/11/27-18:17:26.723936 7f8c5b61f0   Options.hard_pending_compaction_bytes_limit: 274877906944
2018/11/27-18:17:26.723939 7f8c5b61f0       Options.rate_limit_delay_max_milliseconds: 100
2018/11/27-18:17:26.723942 7f8c5b61f0                Options.disable_auto_compactions: 0
2018/11/27-18:17:26.723946 7f8c5b61f0                        Options.compaction_style: kCompactionStyleLevel
2018/11/27-18:17:26.723950 7f8c5b61f0                          Options.compaction_pri: kByCompensatedSize
2018/11/27-18:17:26.723953 7f8c5b61f0 Options.compaction_options_universal.size_ratio: 1
2018/11/27-18:17:26.723956 7f8c5b61f0 Options.compaction_options_universal.min_merge_width: 2
2018/11/27-18:17:26.723959 7f8c5b61f0 Options.compaction_options_universal.max_merge_width: 4294967295
2018/11/27-18:17:26.723962 7f8c5b61f0 Options.compaction_options_universal.max_size_amplification_percent: 200
2018/11/27-18:17:26.723993 7f8c5b61f0 Options.compaction_options_universal.compression_size_percent: -1
2018/11/27-18:17:26.723999 7f8c5b61f0 Options.compaction_options_universal.stop_style: kCompactionStopStyleTotalSize
2018/11/27-18:17:26.724003 7f8c5b61f0 Options.compaction_options_fifo.max_table_files_size: 1073741824
2018/11/27-18:17:26.724006 7f8c5b61f0 Options.compaction_options_fifo.allow_compaction: 0
2018/11/27-18:17:26.724009 7f8c5b61f0 Options.compaction_options_fifo.ttl: 0
2018/11/27-18:17:26.724012 7f8c5b61f0                   Options.table_properties_collectors: 
2018/11/27-18:17:26.724015 7f8c5b61f0                   Options.inplace_update_support: 0
2018/11/27-18:17:26.724018 7f8c5b61f0                 Options.inplace_update_num_locks: 10000
2018/11/27-18:17:26.724020 7f8c5b61f0               Options.memtable_prefix_bloom_size_ratio: 0.000000
2018/11/27-18:17:26.724025 7f8c5b61f0   Options.memtable_huge_page_size: 0
2018/11/27-18:17:26.724027 7f8c5b61f0                           Options.bloom_locality: 0
2018/11/27-18:17:26.724030 7f8c5b61f0                    Options.max_successive_merges: 0
2018/11/27-18:17:26.724033 7f8c5b61f0                Options.optimize_filters_for_hits: 0
2018/11/27-18:17:26.724036 7f8c5b61f0                Options.paranoid_file_checks: 0
2018/11/27-18:17:26.724039 7f8c5b61f0                Options.force_consistency_checks: 0
2018/11/27-18:17:26.724041 7f8c5b61f0                Options.report_bg_io_stats: 0
2018/11/27-18:17:26.724044 7f8c5b61f0                               Options.ttl: 0
2018/11/27-18:17:27.177288 7f8c5b61f0 [db/version_set.cc:3361] Recovered from manifest file:/mnt/sda/ycsb-rocksdb-data/MANIFEST-000004 succeeded,manifest_file_number is 4, next_file_number is 1184, last_sequence is 10440711, log_number is 0,prev_log_number is 0,max_column_family is 1,min_log_number_to_keep is 0
2018/11/27-18:17:27.177320 7f8c5b61f0 [db/version_set.cc:3369] Column family [default] (ID 0), log number is 0
2018/11/27-18:17:27.177324 7f8c5b61f0 [db/version_set.cc:3369] Column family [usertable] (ID 1), log number is 1181
2018/11/27-18:17:27.181351 7f8c5b61f0 EVENT_LOG_v1 {"time_micros": 1543342647181325, "job": 1, "event": "recovery_started", "log_files": [1181]}
2018/11/27-18:17:27.181388 7f8c5b61f0 [db/db_impl_open.cc:551] Recovering log #1181 mode 2
2018/11/27-18:17:27.451215 7f8c5b61f0 [db/version_set.cc:2847] Creating manifest 1184
2018/11/27-18:17:27.865824 7f8c5b61f0 EVENT_LOG_v1 {"time_micros": 1543342647865776, "cf_name": "usertable", "job": 1, "event": "table_file_creation", "file_number": 1185, "file_size": 54023831, "table_properties": {"data_size": 53781860, "index_size": 241050, "filter_size": 0, "raw_key_size": 313056, "raw_average_key_size": 24, "raw_value_size": 53428224, "raw_average_value_size": 4096, "num_data_blocks": 6522, "num_entries": 13044, "filter_policy_name": "", "kDeletedKeys": "0", "kMergeOperands": "0"}}
2018/11/27-18:17:27.902479 7f8c5b61f0 EVENT_LOG_v1 {"time_micros": 1543342647902462, "job": 1, "event": "recovery_finished"}
2018/11/27-18:17:27.970025 7f8c5b61f0 [db/db_impl_open.cc:1219] DB pointer 0x7f543c03f0
2018/11/27-18:17:27.970703 7f478f81f0 [WARN] [db/db_impl.cc:491] ------- DUMPING STATS -------
2018/11/27-18:17:27.970786 7f478f81f0 [WARN] [db/db_impl.cc:492] 
** DB Stats **
Uptime(secs): 1.2 total, 1.2 interval
Cumulative writes: 0 writes, 0 keys, 0 commit groups, 0.0 writes per commit group, ingest: 0.00 GB, 0.00 MB/s
Cumulative WAL: 0 writes, 0 syncs, 0.00 writes per sync, written: 0.00 GB, 0.00 MB/s
Cumulative stall: 00:00:0.000 H:M:S, 0.0 percent
Interval writes: 0 writes, 0 keys, 0 commit groups, 0.0 writes per commit group, ingest: 0.00 MB, 0.00 MB/s
Interval WAL: 0 writes, 0 syncs, 0.00 writes per sync, written: 0.00 MB, 0.00 MB/s
Interval stall: 00:00:0.000 H:M:S, 0.0 percent

** Compaction Stats [default] **
Level    Files   Size     Score Read(GB)  Rn(GB) Rnp1(GB) Write(GB) Wnew(GB) Moved(GB) W-Amp Rd(MB/s) Wr(MB/s) Comp(sec) Comp(cnt) Avg(sec) KeyIn KeyDrop
----------------------------------------------------------------------------------------------------------------------------------------------------------
 Sum      0/0    0.00 KB   0.0      0.0     0.0      0.0       0.0      0.0       0.0   0.0      0.0      0.0         0         0    0.000       0      0
 Int      0/0    0.00 KB   0.0      0.0     0.0      0.0       0.0      0.0       0.0   0.0      0.0      0.0         0         0    0.000       0      0
Uptime(secs): 1.2 total, 1.2 interval
Flush(GB): cumulative 0.000, interval 0.000
AddFile(GB): cumulative 0.000, interval 0.000
AddFile(Total Files): cumulative 0, interval 0
AddFile(L0 Files): cumulative 0, interval 0
AddFile(Keys): cumulative 0, interval 0
Cumulative compaction: 0.00 GB write, 0.00 MB/s write, 0.00 GB read, 0.00 MB/s read, 0.0 seconds
Interval compaction: 0.00 GB write, 0.00 MB/s write, 0.00 GB read, 0.00 MB/s read, 0.0 seconds
Stalls(count): 0 level0_slowdown, 0 level0_slowdown_with_compaction, 0 level0_numfiles, 0 level0_numfiles_with_compaction, 0 stop for pending_compaction_bytes, 0 slowdown for pending_compaction_bytes, 0 memtable_compaction, 0 memtable_slowdown, interval 0 total count

** File Read Latency Histogram By Level [default] **

** Compaction Stats [usertable] **
Level    Files   Size     Score Read(GB)  Rn(GB) Rnp1(GB) Write(GB) Wnew(GB) Moved(GB) W-Amp Rd(MB/s) Wr(MB/s) Comp(sec) Comp(cnt) Avg(sec) KeyIn KeyDrop
----------------------------------------------------------------------------------------------------------------------------------------------------------
  L0      2/0   287.61 MB   1.0      0.0     0.0      0.0       0.1      0.1       0.0   1.0      0.0    159.5         0         1    0.323       0      0
  L1      3/0   716.03 MB   1.4      0.0     0.0      0.0       0.0      0.0       0.0   0.0      0.0      0.0         0         0    0.000       0      0
  L2    106/0    4.97 GB   1.0      0.0     0.0      0.0       0.0      0.0       0.0   0.0      0.0      0.0         0         0    0.000       0      0
  L3    558/0   34.23 GB   0.7      0.0     0.0      0.0       0.0      0.0       0.0   0.0      0.0      0.0         0         0    0.000       0      0
 Sum    669/0   40.18 GB   0.0      0.0     0.0      0.0       0.1      0.1       0.0   1.0      0.0    159.5         0         1    0.323       0      0
 Int      0/0    0.00 KB   0.0      0.0     0.0      0.0       0.1      0.1       0.0   1.0      0.0    159.5         0         1    0.323       0      0
Uptime(secs): 1.2 total, 1.2 interval
Flush(GB): cumulative 0.050, interval 0.050
AddFile(GB): cumulative 0.000, interval 0.000
AddFile(Total Files): cumulative 0, interval 0
AddFile(L0 Files): cumulative 0, interval 0
AddFile(Keys): cumulative 0, interval 0
Cumulative compaction: 0.05 GB write, 41.32 MB/s write, 0.00 GB read, 0.00 MB/s read, 0.3 seconds
Interval compaction: 0.05 GB write, 41.32 MB/s write, 0.00 GB read, 0.00 MB/s read, 0.3 seconds
Stalls(count): 0 level0_slowdown, 0 level0_slowdown_with_compaction, 0 level0_numfiles, 0 level0_numfiles_with_compaction, 0 stop for pending_compaction_bytes, 0 slowdown for pending_compaction_bytes, 0 memtable_compaction, 0 memtable_slowdown, interval 0 total count

** File Read Latency Histogram By Level [usertable] **

** Compaction Stats [default] **
Level    Files   Size     Score Read(GB)  Rn(GB) Rnp1(GB) Write(GB) Wnew(GB) Moved(GB) W-Amp Rd(MB/s) Wr(MB/s) Comp(sec) Comp(cnt) Avg(sec) KeyIn KeyDrop
----------------------------------------------------------------------------------------------------------------------------------------------------------
 Sum      0/0    0.00 KB   0.0      0.0     0.0      0.0       0.0      0.0       0.0   0.0      0.0      0.0         0         0    0.000       0      0
 Int      0/0    0.00 KB   0.0      0.0     0.0      0.0       0.0      0.0       0.0   0.0      0.0      0.0         0         0    0.000       0      0
Uptime(secs): 1.2 total, 0.0 interval
Flush(GB): cumulative 0.000, interval 0.000
AddFile(GB): cumulative 0.000, interval 0.000
AddFile(Total Files): cumulative 0, interval 0
AddFile(L0 Files): cumulative 0, interval 0
AddFile(Keys): cumulative 0, interval 0
Cumulative compaction: 0.00 GB write, 0.00 MB/s write, 0.00 GB read, 0.00 MB/s read, 0.0 seconds
Interval compaction: 0.00 GB write, 0.00 MB/s write, 0.00 GB read, 0.00 MB/s read, 0.0 seconds
Stalls(count): 0 level0_slowdown, 0 level0_slowdown_with_compaction, 0 level0_numfiles, 0 level0_numfiles_with_compaction, 0 stop for pending_compaction_bytes, 0 slowdown for pending_compaction_bytes, 0 memtable_compaction, 0 memtable_slowdown, interval 0 total count

** File Read Latency Histogram By Level [default] **

** Compaction Stats [usertable] **
Level    Files   Size     Score Read(GB)  Rn(GB) Rnp1(GB) Write(GB) Wnew(GB) Moved(GB) W-Amp Rd(MB/s) Wr(MB/s) Comp(sec) Comp(cnt) Avg(sec) KeyIn KeyDrop
----------------------------------------------------------------------------------------------------------------------------------------------------------
  L0      2/0   287.61 MB   1.0      0.0     0.0      0.0       0.1      0.1       0.0   1.0      0.0    159.5         0         1    0.323       0      0
  L1      3/0   716.03 MB   1.4      0.0     0.0      0.0       0.0      0.0       0.0   0.0      0.0      0.0         0         0    0.000       0      0
  L2    106/0    4.97 GB   1.0      0.0     0.0      0.0       0.0      0.0       0.0   0.0      0.0      0.0         0         0    0.000       0      0
  L3    558/0   34.23 GB   0.7      0.0     0.0      0.0       0.0      0.0       0.0   0.0      0.0      0.0         0         0    0.000       0      0
 Sum    669/0   40.18 GB   0.0      0.0     0.0      0.0       0.1      0.1       0.0   1.0      0.0    159.5         0         1    0.323       0      0
 Int      0/0    0.00 KB   0.0      0.0     0.0      0.0       0.0      0.0       0.0   0.0      0.0      0.0         0         0    0.000       0      0
Uptime(secs): 1.2 total, 0.0 interval
Flush(GB): cumulative 0.050, interval 0.000
AddFile(GB): cumulative 0.000, interval 0.000
AddFile(Total Files): cumulative 0, interval 0
AddFile(L0 Files): cumulative 0, interval 0
AddFile(Keys): cumulative 0, interval 0
Cumulative compaction: 0.05 GB write, 41.32 MB/s write, 0.00 GB read, 0.00 MB/s read, 0.3 seconds
Interval compaction: 0.00 GB write, 0.00 MB/s write, 0.00 GB read, 0.00 MB/s read, 0.0 seconds
Stalls(count): 0 level0_slowdown, 0 level0_slowdown_with_compaction, 0 level0_numfiles, 0 level0_numfiles_with_compaction, 0 stop for pending_compaction_bytes, 0 slowdown for pending_compaction_bytes, 0 memtable_compaction, 0 memtable_slowdown, interval 0 total count

** File Read Latency Histogram By Level [usertable] **
2018/11/27-18:17:27.971146 7f478f81f0 [db/compaction_job.cc:1531] [usertable] [JOB 3] Compacting 1@1 files to L2, score 1.40
2018/11/27-18:17:27.971165 7f478f81f0 [db/compaction_job.cc:1535] [usertable] Compaction start summary: Base version 5 Base level 1, inputs: [1182(242MB)]
2018/11/27-18:17:27.971217 7f478f81f0 EVENT_LOG_v1 {"time_micros": 1543342647971192, "job": 3, "event": "compaction_started", "compaction_reason": "LevelMaxLevelSize", "files_L1": [1182], "score": 1.39849, "input_data_size": 254418639}
2018/11/27-18:17:29.121851 7f478f81f0 [db/compaction_job.cc:1211] [usertable] [JOB 3] Generated table #1189: 16279 keys, 67233367 bytes
2018/11/27-18:17:29.121945 7f478f81f0 EVENT_LOG_v1 {"time_micros": 1543342649121915, "cf_name": "usertable", "job": 3, "event": "table_file_creation", "file_number": 1189, "file_size": 67233367, "table_properties": {"data_size": 67118331, "index_size": 299108, "filter_size": 0, "raw_key_size": 390696, "raw_average_key_size": 24, "raw_value_size": 66678784, "raw_average_value_size": 4096, "num_data_blocks": 8140, "num_entries": 16279, "filter_policy_name": "", "kDeletedKeys": "0", "kMergeOperands": "0"}}
2018/11/27-18:17:30.079191 7f478f81f0 [db/compaction_job.cc:1211] [usertable] [JOB 3] Generated table #1190: 16279 keys, 67233598 bytes
2018/11/27-18:17:30.079273 7f478f81f0 EVENT_LOG_v1 {"time_micros": 1543342650079246, "cf_name": "usertable", "job": 3, "event": "table_file_creation", "file_number": 1190, "file_size": 67233598, "table_properties": {"data_size": 67120141, "index_size": 300916, "filter_size": 0, "raw_key_size": 390696, "raw_average_key_size": 24, "raw_value_size": 66678784, "raw_average_value_size": 4096, "num_data_blocks": 8140, "num_entries": 16279, "filter_policy_name": "", "kDeletedKeys": "0", "kMergeOperands": "0"}}
2018/11/27-18:17:31.072763 7f478f81f0 [db/compaction_job.cc:1211] [usertable] [JOB 3] Generated table #1191: 16279 keys, 67233358 bytes
2018/11/27-18:17:31.072856 7f478f81f0 EVENT_LOG_v1 {"time_micros": 1543342651072824, "cf_name": "usertable", "job": 3, "event": "table_file_creation", "file_number": 1191, "file_size": 67233358, "table_properties": {"data_size": 67118331, "index_size": 299109, "filter_size": 0, "raw_key_size": 390696, "raw_average_key_size": 24, "raw_value_size": 66678784, "raw_average_value_size": 4096, "num_data_blocks": 8140, "num_entries": 16279, "filter_policy_name": "", "kDeletedKeys": "0", "kMergeOperands": "0"}}
2018/11/27-18:17:31.995349 7f478f81f0 [db/compaction_job.cc:1211] [usertable] [JOB 3] Generated table #1192: 12596 keys, 52022702 bytes
2018/11/27-18:17:31.995437 7f478f81f0 EVENT_LOG_v1 {"time_micros": 1543342651995409, "cf_name": "usertable", "job": 3, "event": "table_file_creation", "file_number": 1192, "file_size": 52022702, "table_properties": {"data_size": 51934708, "index_size": 232762, "filter_size": 0, "raw_key_size": 302304, "raw_average_key_size": 24, "raw_value_size": 51593216, "raw_average_value_size": 4096, "num_data_blocks": 6298, "num_entries": 12596, "filter_policy_name": "", "kDeletedKeys": "0", "kMergeOperands": "0"}}
2018/11/27-18:17:31.995601 7f478f81f0 [db/compaction_job.cc:1287] [usertable] [JOB 3] Compacted 1@1 files to L2 => 253723025 bytes
2018/11/27-18:17:32.025892 7f478f81f0 (Original Log Time 2018/11/27-18:17:32.025626) [db/compaction_job.cc:685] [usertable] compacted to: base level 1 max bytes base 536870912 files[2 2 110 558 0 0 0] max score 1.04, MB/sec: 63.2 rd, 63.0 wr, level 2, files in(1, 0) out(4) MB in(242.6, 0.0) out(242.0), read-write-amplify(2.0) write-amplify(1.0) OK, records in: 61433, records dropped: 0 output_compression: LZ4
2018/11/27-18:17:32.025911 7f478f81f0 (Original Log Time 2018/11/27-18:17:32.025707) EVENT_LOG_v1 {"time_micros": 1543342652025674, "job": 3, "event": "compaction_finished", "compaction_time_micros": 4024260, "output_level": 2, "num_output_files": 4, "total_output_size": 253723025, "num_input_records": 61433, "num_output_records": 61433, "num_subcompactions": 1, "output_compression": "LZ4", "num_single_delete_mismatches": 0, "num_single_delete_fallthrough": 0, "lsm_state": [2, 2, 110, 558, 0, 0, 0]}
2018/11/27-18:17:32.060615 7f450f31f0 (Original Log Time 2018/11/27-18:17:32.026573) [db/db_impl_compaction_flush.cc:1835] [usertable] Moving #1190 to level-3 67233598 bytes
2018/11/27-18:17:32.060651 7f450f31f0 (Original Log Time 2018/11/27-18:17:32.059847) EVENT_LOG_v1 {"time_micros": 1543342652059787, "job": 4, "event": "trivial_move", "destination_level": 3, "files": 1, "total_files_size": 67233598}
2018/11/27-18:17:32.060662 7f450f31f0 (Original Log Time 2018/11/27-18:17:32.059904) [db/db_impl_compaction_flush.cc:1864] [usertable] Moved #1 files to level-3 67233598 bytes OK: base level 1 max bytes base 536870912 files[2 2 109 559 0 0 0] max score 1.03
2018/11/27-18:17:32.214873 7f450f31f0 EVENT_LOG_v1 {"time_micros": 1543342652214850, "job": 4, "event": "table_file_deletion", "file_number": 1182}
2018/11/27-18:17:32.247950 7f458f41f0 (Original Log Time 2018/11/27-18:17:32.216025) [db/db_impl_compaction_flush.cc:1835] [usertable] Moving #1189 to level-3 67233367 bytes
2018/11/27-18:17:32.248009 7f458f41f0 (Original Log Time 2018/11/27-18:17:32.247519) EVENT_LOG_v1 {"time_micros": 1543342652247498, "job": 5, "event": "trivial_move", "destination_level": 3, "files": 1, "total_files_size": 67233367}
2018/11/27-18:17:32.248020 7f458f41f0 (Original Log Time 2018/11/27-18:17:32.247569) [db/db_impl_compaction_flush.cc:1864] [usertable] Moved #1 files to level-3 67233367 bytes OK: base level 1 max bytes base 536870912 files[2 2 108 560 0 0 0] max score 1.02
2018/11/27-18:17:32.283025 7f458f41f0 (Original Log Time 2018/11/27-18:17:32.249500) [db/db_impl_compaction_flush.cc:1835] [usertable] Moving #1191 to level-3 67233358 bytes
2018/11/27-18:17:32.283056 7f458f41f0 (Original Log Time 2018/11/27-18:17:32.282481) EVENT_LOG_v1 {"time_micros": 1543342652282454, "job": 6, "event": "trivial_move", "destination_level": 3, "files": 1, "total_files_size": 67233358}
2018/11/27-18:17:32.283069 7f458f41f0 (Original Log Time 2018/11/27-18:17:32.282536) [db/db_impl_compaction_flush.cc:1864] [usertable] Moved #1 files to level-3 67233358 bytes OK: base level 1 max bytes base 536870912 files[2 2 107 561 0 0 0] max score 1.00
2018/11/27-18:17:32.316018 7f470f71f0 (Original Log Time 2018/11/27-18:17:32.284574) [db/db_impl_compaction_flush.cc:1835] [usertable] Moving #1102 to level-3 52443953 bytes
2018/11/27-18:17:32.316040 7f470f71f0 (Original Log Time 2018/11/27-18:17:32.315581) EVENT_LOG_v1 {"time_micros": 1543342652315557, "job": 7, "event": "trivial_move", "destination_level": 3, "files": 1, "total_files_size": 52443953}
2018/11/27-18:17:32.316052 7f470f71f0 (Original Log Time 2018/11/27-18:17:32.315632) [db/db_impl_compaction_flush.cc:1864] [usertable] Moved #1 files to level-3 52443953 bytes OK: base level 1 max bytes base 536870912 files[2 2 106 562 0 0 0] max score 1.00
2018/11/27-18:17:32.349231 7f470f71f0 (Original Log Time 2018/11/27-18:17:32.317652) [db/db_impl_compaction_flush.cc:1835] [usertable] Moving #1126 to level-1 247556325 bytes
2018/11/27-18:17:32.349262 7f470f71f0 (Original Log Time 2018/11/27-18:17:32.348705) EVENT_LOG_v1 {"time_micros": 1543342652348682, "job": 8, "event": "trivial_move", "destination_level": 1, "files": 1, "total_files_size": 247556325}
2018/11/27-18:17:32.349273 7f470f71f0 (Original Log Time 2018/11/27-18:17:32.348754) [db/db_impl_compaction_flush.cc:1864] [usertable] Moved #1 files to level-1 247556325 bytes OK: base level 1 max bytes base 536870912 files[1 3 106 562 0 0 0] max score 1.39
2018/11/27-18:17:32.350685 7f470f71f0 [db/compaction_job.cc:1531] [usertable] [JOB 9] Compacting 1@1 files to L2, score 1.39
2018/11/27-18:17:32.350749 7f470f71f0 [db/compaction_job.cc:1535] [usertable] Compaction start summary: Base version 11 Base level 1, inputs: [1028(236MB)]
2018/11/27-18:17:32.350836 7f470f71f0 EVENT_LOG_v1 {"time_micros": 1543342652350795, "job": 9, "event": "compaction_started", "compaction_reason": "LevelMaxLevelSize", "files_L1": [1028], "score": 1.38571, "input_data_size": 248228156}
2018/11/27-18:17:33.903773 7f470f71f0 [db/compaction_job.cc:1211] [usertable] [JOB 9] Generated table #1193: 16279 keys, 67233560 bytes
