2019/04/20-21:01:57.253662 7fcc915ea700 RocksDB version: 5.14.3
2019/04/20-21:01:57.253708 7fcc915ea700 Git sha rocksdb_build_git_sha:
2019/04/20-21:01:57.253711 7fcc915ea700 Compile date Oct  9 2018
2019/04/20-21:01:57.253721 7fcc915ea700 DB SUMMARY
2019/04/20-21:01:57.253748 7fcc915ea700 SST files in /mnt/sde/ycsb-rocksdb-data dir, Total Num: 0, files: 
2019/04/20-21:01:57.253753 7fcc915ea700 Write Ahead Log file in /mnt/sde/ycsb-rocksdb-data: 
2019/04/20-21:01:57.253756 7fcc915ea700                         Options.error_if_exists: 0
2019/04/20-21:01:57.253758 7fcc915ea700                       Options.create_if_missing: 1
2019/04/20-21:01:57.253759 7fcc915ea700                         Options.paranoid_checks: 1
2019/04/20-21:01:57.253759 7fcc915ea700                                     Options.env: 0x7fcc912d3080
2019/04/20-21:01:57.253760 7fcc915ea700                                Options.info_log: 0x7fcba03b5060
2019/04/20-21:01:57.253761 7fcc915ea700                Options.max_file_opening_threads: 16
2019/04/20-21:01:57.253762 7fcc915ea700                              Options.statistics: (nil)
2019/04/20-21:01:57.253764 7fcc915ea700                               Options.use_fsync: 0
2019/04/20-21:01:57.253764 7fcc915ea700                       Options.max_log_file_size: 0
2019/04/20-21:01:57.253765 7fcc915ea700                  Options.max_manifest_file_size: 18446744073709551615
2019/04/20-21:01:57.253767 7fcc915ea700                   Options.log_file_time_to_roll: 0
2019/04/20-21:01:57.253767 7fcc915ea700                       Options.keep_log_file_num: 1000
2019/04/20-21:01:57.253768 7fcc915ea700                    Options.recycle_log_file_num: 0
2019/04/20-21:01:57.253769 7fcc915ea700                         Options.allow_fallocate: 1
2019/04/20-21:01:57.253770 7fcc915ea700                        Options.allow_mmap_reads: 0
2019/04/20-21:01:57.253771 7fcc915ea700                       Options.allow_mmap_writes: 0
2019/04/20-21:01:57.253772 7fcc915ea700                        Options.use_direct_reads: 0
2019/04/20-21:01:57.253772 7fcc915ea700                        Options.use_direct_io_for_flush_and_compaction: 0
2019/04/20-21:01:57.253774 7fcc915ea700          Options.create_missing_column_families: 1
2019/04/20-21:01:57.253774 7fcc915ea700                              Options.db_log_dir: 
2019/04/20-21:01:57.253775 7fcc915ea700                                 Options.wal_dir: /mnt/sde/ycsb-rocksdb-data
2019/04/20-21:01:57.253776 7fcc915ea700                Options.table_cache_numshardbits: 6
2019/04/20-21:01:57.253777 7fcc915ea700                      Options.max_subcompactions: 4
2019/04/20-21:01:57.253778 7fcc915ea700                  Options.max_background_flushes: 24
2019/04/20-21:01:57.253779 7fcc915ea700                         Options.WAL_ttl_seconds: 0
2019/04/20-21:01:57.253780 7fcc915ea700                       Options.WAL_size_limit_MB: 0
2019/04/20-21:01:57.253781 7fcc915ea700             Options.manifest_preallocation_size: 4194304
2019/04/20-21:01:57.253782 7fcc915ea700                     Options.is_fd_close_on_exec: 1
2019/04/20-21:01:57.253783 7fcc915ea700                   Options.advise_random_on_open: 1
2019/04/20-21:01:57.253784 7fcc915ea700                    Options.db_write_buffer_size: 0
2019/04/20-21:01:57.253784 7fcc915ea700                    Options.write_buffer_manager: 0x7fcba03b83e0
2019/04/20-21:01:57.253785 7fcc915ea700         Options.access_hint_on_compaction_start: 1
2019/04/20-21:01:57.253786 7fcc915ea700  Options.new_table_reader_for_compaction_inputs: 0
2019/04/20-21:01:57.253787 7fcc915ea700           Options.random_access_max_buffer_size: 1048576
2019/04/20-21:01:57.253788 7fcc915ea700                      Options.use_adaptive_mutex: 0
2019/04/20-21:01:57.253789 7fcc915ea700                            Options.rate_limiter: (nil)
2019/04/20-21:01:57.253791 7fcc915ea700     Options.sst_file_manager.rate_bytes_per_sec: 0
2019/04/20-21:01:57.253792 7fcc915ea700                       Options.wal_recovery_mode: 2
2019/04/20-21:01:57.253792 7fcc915ea700                  Options.enable_thread_tracking: 0
2019/04/20-21:01:57.253793 7fcc915ea700                  Options.enable_pipelined_write: 1
2019/04/20-21:01:57.253803 7fcc915ea700         Options.allow_concurrent_memtable_write: 1
2019/04/20-21:01:57.253805 7fcc915ea700      Options.enable_write_thread_adaptive_yield: 1
2019/04/20-21:01:57.253805 7fcc915ea700             Options.write_thread_max_yield_usec: 100
2019/04/20-21:01:57.253806 7fcc915ea700            Options.write_thread_slow_yield_usec: 3
2019/04/20-21:01:57.253807 7fcc915ea700                               Options.row_cache: None
2019/04/20-21:01:57.253808 7fcc915ea700                              Options.wal_filter: None
2019/04/20-21:01:57.253809 7fcc915ea700             Options.avoid_flush_during_recovery: 0
2019/04/20-21:01:57.253810 7fcc915ea700             Options.allow_ingest_behind: 0
2019/04/20-21:01:57.253811 7fcc915ea700             Options.preserve_deletes: 0
2019/04/20-21:01:57.253811 7fcc915ea700             Options.two_write_queues: 0
2019/04/20-21:01:57.253812 7fcc915ea700             Options.manual_wal_flush: 0
2019/04/20-21:01:57.253814 7fcc915ea700             Options.max_background_jobs: 24
2019/04/20-21:01:57.253815 7fcc915ea700             Options.max_background_compactions: 24
2019/04/20-21:01:57.253816 7fcc915ea700             Options.avoid_flush_during_shutdown: 0
2019/04/20-21:01:57.253817 7fcc915ea700           Options.writable_file_max_buffer_size: 1048576
2019/04/20-21:01:57.253818 7fcc915ea700             Options.delayed_write_rate : 16777216
2019/04/20-21:01:57.253819 7fcc915ea700             Options.max_total_wal_size: 0
2019/04/20-21:01:57.253820 7fcc915ea700             Options.delete_obsolete_files_period_micros: 21600000000
2019/04/20-21:01:57.253821 7fcc915ea700                   Options.stats_dump_period_sec: 60
2019/04/20-21:01:57.253822 7fcc915ea700                          Options.max_open_files: -1
2019/04/20-21:01:57.253823 7fcc915ea700                          Options.bytes_per_sync: 1048576
2019/04/20-21:01:57.253824 7fcc915ea700                      Options.wal_bytes_per_sync: 0
2019/04/20-21:01:57.253825 7fcc915ea700       Options.compaction_readahead_size: 0
2019/04/20-21:01:57.253826 7fcc915ea700 Compression algorithms supported:
2019/04/20-21:01:57.253827 7fcc915ea700 	kZSTDNotFinalCompression supported: 1
2019/04/20-21:01:57.253836 7fcc915ea700 	kZSTD supported: 1
2019/04/20-21:01:57.253837 7fcc915ea700 	kXpressCompression supported: 0
2019/04/20-21:01:57.253838 7fcc915ea700 	kLZ4HCCompression supported: 1
2019/04/20-21:01:57.253840 7fcc915ea700 	kLZ4Compression supported: 1
2019/04/20-21:01:57.253841 7fcc915ea700 	kBZip2Compression supported: 1
2019/04/20-21:01:57.253842 7fcc915ea700 	kZlibCompression supported: 1
2019/04/20-21:01:57.253843 7fcc915ea700 	kSnappyCompression supported: 1
2019/04/20-21:01:57.253847 7fcc915ea700 Fast CRC32 supported: Not supported on x86
2019/04/20-21:01:57.253927 7fcc915ea700 [db/db_impl_open.cc:222] Creating manifest 1 
2019/04/20-21:01:57.314821 7fcc915ea700 [db/version_set.cc:3085] Recovering from manifest file: MANIFEST-000001
2019/04/20-21:01:57.314909 7fcc915ea700 [db/column_family.cc:475] --------------- Options for column family [default]:
2019/04/20-21:01:57.314913 7fcc915ea700               Options.comparator: leveldb.BytewiseComparator
2019/04/20-21:01:57.314915 7fcc915ea700           Options.merge_operator: None
2019/04/20-21:01:57.314916 7fcc915ea700        Options.compaction_filter: None
2019/04/20-21:01:57.314917 7fcc915ea700        Options.compaction_filter_factory: None
2019/04/20-21:01:57.314918 7fcc915ea700         Options.memtable_factory: SkipListFactory
2019/04/20-21:01:57.314919 7fcc915ea700            Options.table_factory: BlockBasedTable
2019/04/20-21:01:57.314949 7fcc915ea700            table_factory options:   flush_block_policy_factory: FlushBlockBySizePolicyFactory (0x7fcba03b16b0)
  cache_index_and_filter_blocks: 0
  cache_index_and_filter_blocks_with_high_priority: 0
  pin_l0_filter_and_index_blocks_in_cache: 0
  index_type: 0
  hash_index_allow_collision: 1
  checksum: 1
  no_block_cache: 0
  block_cache: 0x7fcba03a3980
  block_cache_name: LRUCache
  block_cache_options:
    capacity : 8388608
    num_shard_bits : 4
    strict_capacity_limit : 0
    high_pri_pool_ratio: 0.000
  block_cache_compressed: (nil)
  persistent_cache: (nil)
  block_size: 8192
  block_size_deviation: 10
  block_restart_interval: 16
  index_block_restart_interval: 1
  metadata_block_size: 4096
  partition_filters: 0
  use_delta_encoding: 1
  filter_policy: nullptr
  whole_key_filtering: 1
  verify_compression: 0
  read_amp_bytes_per_bit: 0
  format_version: 2
  enable_index_compression: 1
  block_align: 0
2019/04/20-21:01:57.314964 7fcc915ea700        Options.write_buffer_size: 134217728
2019/04/20-21:01:57.314966 7fcc915ea700  Options.max_write_buffer_number: 24
2019/04/20-21:01:57.314968 7fcc915ea700        Options.compression[0]: NoCompression
2019/04/20-21:01:57.314970 7fcc915ea700        Options.compression[1]: NoCompression
2019/04/20-21:01:57.314971 7fcc915ea700        Options.compression[2]: LZ4
2019/04/20-21:01:57.314972 7fcc915ea700        Options.compression[3]: LZ4
2019/04/20-21:01:57.314973 7fcc915ea700        Options.compression[4]: LZ4
2019/04/20-21:01:57.314974 7fcc915ea700        Options.compression[5]: LZ4
2019/04/20-21:01:57.314975 7fcc915ea700        Options.compression[6]: LZ4
2019/04/20-21:01:57.314976 7fcc915ea700                  Options.bottommost_compression: Disabled
2019/04/20-21:01:57.314977 7fcc915ea700       Options.prefix_extractor: nullptr
2019/04/20-21:01:57.314978 7fcc915ea700   Options.memtable_insert_with_hint_prefix_extractor: nullptr
2019/04/20-21:01:57.314979 7fcc915ea700             Options.num_levels: 7
2019/04/20-21:01:57.314980 7fcc915ea700        Options.min_write_buffer_number_to_merge: 2
2019/04/20-21:01:57.314981 7fcc915ea700     Options.max_write_buffer_number_to_maintain: 0
2019/04/20-21:01:57.314982 7fcc915ea700            Options.compression_opts.window_bits: -14
2019/04/20-21:01:57.314983 7fcc915ea700                  Options.compression_opts.level: -1
2019/04/20-21:01:57.314984 7fcc915ea700               Options.compression_opts.strategy: 0
2019/04/20-21:01:57.314985 7fcc915ea700         Options.compression_opts.max_dict_bytes: 0
2019/04/20-21:01:57.314986 7fcc915ea700         Options.compression_opts.zstd_max_train_bytes: 0
2019/04/20-21:01:57.314986 7fcc915ea700      Options.level0_file_num_compaction_trigger: 2
2019/04/20-21:01:57.314987 7fcc915ea700          Options.level0_slowdown_writes_trigger: 20
2019/04/20-21:01:57.314988 7fcc915ea700              Options.level0_stop_writes_trigger: 36
2019/04/20-21:01:57.314989 7fcc915ea700                   Options.target_file_size_base: 67108864
2019/04/20-21:01:57.314990 7fcc915ea700             Options.target_file_size_multiplier: 1
2019/04/20-21:01:57.314991 7fcc915ea700                Options.max_bytes_for_level_base: 536870912
2019/04/20-21:01:57.314992 7fcc915ea700 Options.level_compaction_dynamic_level_bytes: 0
2019/04/20-21:01:57.314993 7fcc915ea700          Options.max_bytes_for_level_multiplier: 10.000000
2019/04/20-21:01:57.314996 7fcc915ea700 Options.max_bytes_for_level_multiplier_addtl[0]: 1
2019/04/20-21:01:57.314997 7fcc915ea700 Options.max_bytes_for_level_multiplier_addtl[1]: 1
2019/04/20-21:01:57.314998 7fcc915ea700 Options.max_bytes_for_level_multiplier_addtl[2]: 1
2019/04/20-21:01:57.314999 7fcc915ea700 Options.max_bytes_for_level_multiplier_addtl[3]: 1
2019/04/20-21:01:57.314999 7fcc915ea700 Options.max_bytes_for_level_multiplier_addtl[4]: 1
2019/04/20-21:01:57.315000 7fcc915ea700 Options.max_bytes_for_level_multiplier_addtl[5]: 1
2019/04/20-21:01:57.315001 7fcc915ea700 Options.max_bytes_for_level_multiplier_addtl[6]: 1
2019/04/20-21:01:57.315002 7fcc915ea700       Options.max_sequential_skip_in_iterations: 8
2019/04/20-21:01:57.315003 7fcc915ea700                    Options.max_compaction_bytes: 1677721600
2019/04/20-21:01:57.315004 7fcc915ea700                        Options.arena_block_size: 16777216
2019/04/20-21:01:57.315005 7fcc915ea700   Options.soft_pending_compaction_bytes_limit: 68719476736
2019/04/20-21:01:57.315006 7fcc915ea700   Options.hard_pending_compaction_bytes_limit: 274877906944
2019/04/20-21:01:57.315020 7fcc915ea700       Options.rate_limit_delay_max_milliseconds: 100
2019/04/20-21:01:57.315021 7fcc915ea700                Options.disable_auto_compactions: 0
2019/04/20-21:01:57.315023 7fcc915ea700                        Options.compaction_style: kCompactionStyleLevel
2019/04/20-21:01:57.315024 7fcc915ea700                          Options.compaction_pri: kByCompensatedSize
2019/04/20-21:01:57.315025 7fcc915ea700 Options.compaction_options_universal.size_ratio: 1
2019/04/20-21:01:57.315026 7fcc915ea700 Options.compaction_options_universal.min_merge_width: 2
2019/04/20-21:01:57.315027 7fcc915ea700 Options.compaction_options_universal.max_merge_width: 4294967295
2019/04/20-21:01:57.315028 7fcc915ea700 Options.compaction_options_universal.max_size_amplification_percent: 200
2019/04/20-21:01:57.315029 7fcc915ea700 Options.compaction_options_universal.compression_size_percent: -1
2019/04/20-21:01:57.315031 7fcc915ea700 Options.compaction_options_universal.stop_style: kCompactionStopStyleTotalSize
2019/04/20-21:01:57.315032 7fcc915ea700 Options.compaction_options_fifo.max_table_files_size: 1073741824
2019/04/20-21:01:57.315033 7fcc915ea700 Options.compaction_options_fifo.allow_compaction: 0
2019/04/20-21:01:57.315034 7fcc915ea700 Options.compaction_options_fifo.ttl: 0
2019/04/20-21:01:57.315035 7fcc915ea700                   Options.table_properties_collectors: 
2019/04/20-21:01:57.315036 7fcc915ea700                   Options.inplace_update_support: 0
2019/04/20-21:01:57.315036 7fcc915ea700                 Options.inplace_update_num_locks: 10000
2019/04/20-21:01:57.315037 7fcc915ea700               Options.memtable_prefix_bloom_size_ratio: 0.000000
2019/04/20-21:01:57.315039 7fcc915ea700   Options.memtable_huge_page_size: 0
2019/04/20-21:01:57.315040 7fcc915ea700                           Options.bloom_locality: 0
2019/04/20-21:01:57.315041 7fcc915ea700                    Options.max_successive_merges: 0
2019/04/20-21:01:57.315041 7fcc915ea700                Options.optimize_filters_for_hits: 0
2019/04/20-21:01:57.315042 7fcc915ea700                Options.paranoid_file_checks: 0
2019/04/20-21:01:57.315043 7fcc915ea700                Options.force_consistency_checks: 0
2019/04/20-21:01:57.315044 7fcc915ea700                Options.report_bg_io_stats: 0
2019/04/20-21:01:57.315045 7fcc915ea700                               Options.ttl: 0
2019/04/20-21:01:57.315552 7fcc915ea700 [db/version_set.cc:3361] Recovered from manifest file:/mnt/sde/ycsb-rocksdb-data/MANIFEST-000001 succeeded,manifest_file_number is 1, next_file_number is 3, last_sequence is 0, log_number is 0,prev_log_number is 0,max_column_family is 0,min_log_number_to_keep is 0
2019/04/20-21:01:57.315557 7fcc915ea700 [db/version_set.cc:3369] Column family [default] (ID 0), log number is 0
2019/04/20-21:01:57.315715 7fcc915ea700 [db/version_set.cc:2847] Creating manifest 4
2019/04/20-21:01:57.361730 7fcc915ea700 [db/column_family.cc:475] --------------- Options for column family [usertable]:
2019/04/20-21:01:57.361733 7fcc915ea700               Options.comparator: leveldb.BytewiseComparator
2019/04/20-21:01:57.361734 7fcc915ea700           Options.merge_operator: None
2019/04/20-21:01:57.361735 7fcc915ea700        Options.compaction_filter: None
2019/04/20-21:01:57.361736 7fcc915ea700        Options.compaction_filter_factory: None
2019/04/20-21:01:57.361737 7fcc915ea700         Options.memtable_factory: SkipListFactory
2019/04/20-21:01:57.361738 7fcc915ea700            Options.table_factory: BlockBasedTable
2019/04/20-21:01:57.361761 7fcc915ea700            table_factory options:   flush_block_policy_factory: FlushBlockBySizePolicyFactory (0x7fcba03b2e10)
  cache_index_and_filter_blocks: 0
  cache_index_and_filter_blocks_with_high_priority: 0
  pin_l0_filter_and_index_blocks_in_cache: 0
  index_type: 0
  hash_index_allow_collision: 1
  checksum: 1
  no_block_cache: 0
  block_cache: 0x7fcba03b3300
  block_cache_name: LRUCache
  block_cache_options:
    capacity : 8388608
    num_shard_bits : 4
    strict_capacity_limit : 0
    high_pri_pool_ratio: 0.000
  block_cache_compressed: (nil)
  persistent_cache: (nil)
  block_size: 8192
  block_size_deviation: 10
  block_restart_interval: 16
  index_block_restart_interval: 1
  metadata_block_size: 4096
  partition_filters: 0
  use_delta_encoding: 1
  filter_policy: nullptr
  whole_key_filtering: 1
  verify_compression: 0
  read_amp_bytes_per_bit: 0
  format_version: 2
  enable_index_compression: 1
  block_align: 0
2019/04/20-21:01:57.361765 7fcc915ea700        Options.write_buffer_size: 134217728
2019/04/20-21:01:57.361766 7fcc915ea700  Options.max_write_buffer_number: 24
2019/04/20-21:01:57.361767 7fcc915ea700        Options.compression[0]: NoCompression
2019/04/20-21:01:57.361768 7fcc915ea700        Options.compression[1]: NoCompression
2019/04/20-21:01:57.361769 7fcc915ea700        Options.compression[2]: LZ4
2019/04/20-21:01:57.361771 7fcc915ea700        Options.compression[3]: LZ4
2019/04/20-21:01:57.361772 7fcc915ea700        Options.compression[4]: LZ4
2019/04/20-21:01:57.361773 7fcc915ea700        Options.compression[5]: LZ4
2019/04/20-21:01:57.361774 7fcc915ea700        Options.compression[6]: LZ4
2019/04/20-21:01:57.361775 7fcc915ea700                  Options.bottommost_compression: Disabled
2019/04/20-21:01:57.361776 7fcc915ea700       Options.prefix_extractor: nullptr
2019/04/20-21:01:57.361776 7fcc915ea700   Options.memtable_insert_with_hint_prefix_extractor: nullptr
2019/04/20-21:01:57.361777 7fcc915ea700             Options.num_levels: 7
2019/04/20-21:01:57.361778 7fcc915ea700        Options.min_write_buffer_number_to_merge: 2
2019/04/20-21:01:57.361779 7fcc915ea700     Options.max_write_buffer_number_to_maintain: 0
2019/04/20-21:01:57.361780 7fcc915ea700            Options.compression_opts.window_bits: -14
2019/04/20-21:01:57.361781 7fcc915ea700                  Options.compression_opts.level: -1
2019/04/20-21:01:57.361782 7fcc915ea700               Options.compression_opts.strategy: 0
2019/04/20-21:01:57.361783 7fcc915ea700         Options.compression_opts.max_dict_bytes: 0
2019/04/20-21:01:57.361783 7fcc915ea700         Options.compression_opts.zstd_max_train_bytes: 0
2019/04/20-21:01:57.361784 7fcc915ea700      Options.level0_file_num_compaction_trigger: 2
2019/04/20-21:01:57.361785 7fcc915ea700          Options.level0_slowdown_writes_trigger: 20
2019/04/20-21:01:57.361786 7fcc915ea700              Options.level0_stop_writes_trigger: 36
2019/04/20-21:01:57.361787 7fcc915ea700                   Options.target_file_size_base: 67108864
2019/04/20-21:01:57.361788 7fcc915ea700             Options.target_file_size_multiplier: 1
2019/04/20-21:01:57.361789 7fcc915ea700                Options.max_bytes_for_level_base: 536870912
2019/04/20-21:01:57.361790 7fcc915ea700 Options.level_compaction_dynamic_level_bytes: 0
2019/04/20-21:01:57.361790 7fcc915ea700          Options.max_bytes_for_level_multiplier: 10.000000
2019/04/20-21:01:57.361793 7fcc915ea700 Options.max_bytes_for_level_multiplier_addtl[0]: 1
2019/04/20-21:01:57.361802 7fcc915ea700 Options.max_bytes_for_level_multiplier_addtl[1]: 1
2019/04/20-21:01:57.361803 7fcc915ea700 Options.max_bytes_for_level_multiplier_addtl[2]: 1
2019/04/20-21:01:57.361804 7fcc915ea700 Options.max_bytes_for_level_multiplier_addtl[3]: 1
2019/04/20-21:01:57.361805 7fcc915ea700 Options.max_bytes_for_level_multiplier_addtl[4]: 1
2019/04/20-21:01:57.361806 7fcc915ea700 Options.max_bytes_for_level_multiplier_addtl[5]: 1
2019/04/20-21:01:57.361807 7fcc915ea700 Options.max_bytes_for_level_multiplier_addtl[6]: 1
2019/04/20-21:01:57.361808 7fcc915ea700       Options.max_sequential_skip_in_iterations: 8
2019/04/20-21:01:57.361809 7fcc915ea700                    Options.max_compaction_bytes: 1677721600
2019/04/20-21:01:57.361810 7fcc915ea700                        Options.arena_block_size: 16777216
2019/04/20-21:01:57.361810 7fcc915ea700   Options.soft_pending_compaction_bytes_limit: 68719476736
2019/04/20-21:01:57.361811 7fcc915ea700   Options.hard_pending_compaction_bytes_limit: 274877906944
2019/04/20-21:01:57.361812 7fcc915ea700       Options.rate_limit_delay_max_milliseconds: 100
2019/04/20-21:01:57.361813 7fcc915ea700                Options.disable_auto_compactions: 0
2019/04/20-21:01:57.361814 7fcc915ea700                        Options.compaction_style: kCompactionStyleLevel
2019/04/20-21:01:57.361816 7fcc915ea700                          Options.compaction_pri: kByCompensatedSize
2019/04/20-21:01:57.361817 7fcc915ea700 Options.compaction_options_universal.size_ratio: 1
2019/04/20-21:01:57.361818 7fcc915ea700 Options.compaction_options_universal.min_merge_width: 2
2019/04/20-21:01:57.361819 7fcc915ea700 Options.compaction_options_universal.max_merge_width: 4294967295
2019/04/20-21:01:57.361821 7fcc915ea700 Options.compaction_options_universal.max_size_amplification_percent: 200
2019/04/20-21:01:57.361821 7fcc915ea700 Options.compaction_options_universal.compression_size_percent: -1
2019/04/20-21:01:57.361822 7fcc915ea700 Options.compaction_options_universal.stop_style: kCompactionStopStyleTotalSize
2019/04/20-21:01:57.361823 7fcc915ea700 Options.compaction_options_fifo.max_table_files_size: 1073741824
2019/04/20-21:01:57.361824 7fcc915ea700 Options.compaction_options_fifo.allow_compaction: 0
2019/04/20-21:01:57.361825 7fcc915ea700 Options.compaction_options_fifo.ttl: 0
2019/04/20-21:01:57.361826 7fcc915ea700                   Options.table_properties_collectors: 
2019/04/20-21:01:57.361827 7fcc915ea700                   Options.inplace_update_support: 0
2019/04/20-21:01:57.361828 7fcc915ea700                 Options.inplace_update_num_locks: 10000
2019/04/20-21:01:57.361829 7fcc915ea700               Options.memtable_prefix_bloom_size_ratio: 0.000000
2019/04/20-21:01:57.361830 7fcc915ea700   Options.memtable_huge_page_size: 0
2019/04/20-21:01:57.361831 7fcc915ea700                           Options.bloom_locality: 0
2019/04/20-21:01:57.361832 7fcc915ea700                    Options.max_successive_merges: 0
2019/04/20-21:01:57.361833 7fcc915ea700                Options.optimize_filters_for_hits: 0
2019/04/20-21:01:57.361834 7fcc915ea700                Options.paranoid_file_checks: 0
2019/04/20-21:01:57.361835 7fcc915ea700                Options.force_consistency_checks: 0
2019/04/20-21:01:57.361835 7fcc915ea700                Options.report_bg_io_stats: 0
2019/04/20-21:01:57.361836 7fcc915ea700                               Options.ttl: 0
2019/04/20-21:01:57.361879 7fcc915ea700 [db/db_impl.cc:1396] Created column family [usertable] (ID 1)
2019/04/20-21:01:57.411258 7fcc915ea700 [db/db_impl_open.cc:1219] DB pointer 0x7fcba03ad8f0
2019/04/20-21:02:06.096821 7fcc786f7700 [db/db_impl_write.cc:1373] [usertable] New memtable created with log file: #9. Immutable memtables: 0.
2019/04/20-21:02:14.270850 7fcc806f7700 [db/db_impl_write.cc:1373] [usertable] New memtable created with log file: #10. Immutable memtables: 1.
2019/04/20-21:02:14.271081 7fcc41ffb700 [db/db_impl_compaction_flush.cc:80] [JOB 2] Syncing log #3
2019/04/20-21:02:14.587994 7fcc41ffb700 [db/db_impl_compaction_flush.cc:80] [JOB 2] Syncing log #9
2019/04/20-21:02:15.664363 7fcc41ffb700 (Original Log Time 2019/04/20-21:02:14.271020) [db/db_impl_compaction_flush.cc:1424] Calling FlushMemTableToOutputFile with column family [usertable], flush slots available 24, compaction slots available 1, flush slots scheduled 1, compaction slots scheduled 0
2019/04/20-21:02:15.664376 7fcc41ffb700 [db/flush_job.cc:301] [usertable] [JOB 2] Flushing memtable with next log file: 9
2019/04/20-21:02:15.664390 7fcc41ffb700 [db/flush_job.cc:301] [usertable] [JOB 2] Flushing memtable with next log file: 10
2019/04/20-21:02:15.664450 7fcc41ffb700 EVENT_LOG_v1 {"time_micros": 1555819335664421, "job": 2, "event": "flush_started", "num_memtables": 2, "num_entries": 58987, "num_deletes": 0, "memory_usage": 250630216, "flush_reason": "Write Buffer Full"}
2019/04/20-21:02:15.664461 7fcc41ffb700 [db/flush_job.cc:331] [usertable] [JOB 2] Level-0 flush table #11: started
2019/04/20-21:02:17.902267 7fcc41ffb700 EVENT_LOG_v1 {"time_micros": 1555819337902237, "cf_name": "usertable", "job": 2, "event": "table_file_creation", "file_number": 11, "file_size": 244288806, "table_properties": {"data_size": 243203415, "index_size": 1084464, "filter_size": 0, "raw_key_size": 1415688, "raw_average_key_size": 24, "raw_value_size": 241610752, "raw_average_value_size": 4096, "num_data_blocks": 29494, "num_entries": 58987, "filter_policy_name": "", "kDeletedKeys": "0", "kMergeOperands": "0"}}
2019/04/20-21:02:17.902301 7fcc41ffb700 [db/flush_job.cc:371] [usertable] [JOB 2] Level-0 flush table #11: 244288806 bytes OK
2019/04/20-21:02:17.933737 7fcc41ffb700 (Original Log Time 2019/04/20-21:02:17.902324) [db/memtable_list.cc:377] [usertable] Level-0 commit table #11 started
2019/04/20-21:02:17.933740 7fcc41ffb700 (Original Log Time 2019/04/20-21:02:17.933654) [db/memtable_list.cc:409] [usertable] Level-0 commit table #11: memtable #1 done
2019/04/20-21:02:17.933741 7fcc41ffb700 (Original Log Time 2019/04/20-21:02:17.933660) [db/memtable_list.cc:409] [usertable] Level-0 commit table #11: memtable #2 done
2019/04/20-21:02:17.933743 7fcc41ffb700 (Original Log Time 2019/04/20-21:02:17.933681) EVENT_LOG_v1 {"time_micros": 1555819337933669, "job": 2, "event": "flush_finished", "output_compression": "NoCompression", "lsm_state": [1, 0, 0, 0, 0, 0, 0], "immutable_memtables": 0}
2019/04/20-21:02:17.933744 7fcc41ffb700 (Original Log Time 2019/04/20-21:02:17.933708) [db/db_impl_compaction_flush.cc:177] [usertable] Level summary: base level 1 max bytes base 536870912 files[1 0 0 0 0 0 0] max score 0.50
2019/04/20-21:02:17.933755 7fcc41ffb700 [db/db_impl_files.cc:347] [JOB 2] Try to delete WAL files size 243555475, prev total WAL file size 296497033, number of live WAL files 3.
2019/04/20-21:02:22.602349 7fcc805f6700 [db/db_impl_write.cc:1373] [usertable] New memtable created with log file: #12. Immutable memtables: 0.
2019/04/20-21:02:31.193860 7fcc90232700 [db/db_impl_write.cc:1373] [usertable] New memtable created with log file: #13. Immutable memtables: 1.
2019/04/20-21:02:31.193939 7fcc6affd700 [db/db_impl_compaction_flush.cc:80] [JOB 3] Syncing log #10
2019/04/20-21:02:31.710928 7fcc6affd700 [db/db_impl_compaction_flush.cc:80] [JOB 3] Syncing log #12
2019/04/20-21:02:32.907760 7fcc6affd700 (Original Log Time 2019/04/20-21:02:31.193921) [db/db_impl_compaction_flush.cc:1424] Calling FlushMemTableToOutputFile with column family [usertable], flush slots available 24, compaction slots available 1, flush slots scheduled 1, compaction slots scheduled 0
2019/04/20-21:02:32.907774 7fcc6affd700 [db/flush_job.cc:301] [usertable] [JOB 3] Flushing memtable with next log file: 12
2019/04/20-21:02:32.907781 7fcc6affd700 [db/flush_job.cc:301] [usertable] [JOB 3] Flushing memtable with next log file: 13
2019/04/20-21:02:32.907811 7fcc6affd700 EVENT_LOG_v1 {"time_micros": 1555819352907801, "job": 3, "event": "flush_started", "num_memtables": 2, "num_entries": 59229, "num_deletes": 0, "memory_usage": 245476824, "flush_reason": "Write Buffer Full"}
2019/04/20-21:02:32.907817 7fcc6affd700 [db/flush_job.cc:331] [usertable] [JOB 3] Level-0 flush table #14: started
2019/04/20-21:02:34.427196 7fcc6affd700 EVENT_LOG_v1 {"time_micros": 1555819354427170, "cf_name": "usertable", "job": 3, "event": "table_file_creation", "file_number": 14, "file_size": 245304182, "table_properties": {"data_size": 244207764, "index_size": 1095491, "filter_size": 0, "raw_key_size": 1421496, "raw_average_key_size": 24, "raw_value_size": 242601984, "raw_average_value_size": 4096, "num_data_blocks": 29615, "num_entries": 59229, "filter_policy_name": "", "kDeletedKeys": "0", "kMergeOperands": "0"}}
2019/04/20-21:02:34.427219 7fcc6affd700 [db/flush_job.cc:371] [usertable] [JOB 3] Level-0 flush table #14: 245304182 bytes OK
2019/04/20-21:02:34.442531 7fcc6affd700 (Original Log Time 2019/04/20-21:02:34.427233) [db/memtable_list.cc:377] [usertable] Level-0 commit table #14 started
2019/04/20-21:02:34.442536 7fcc6affd700 (Original Log Time 2019/04/20-21:02:34.442431) [db/memtable_list.cc:409] [usertable] Level-0 commit table #14: memtable #1 done
2019/04/20-21:02:34.442538 7fcc6affd700 (Original Log Time 2019/04/20-21:02:34.442434) [db/memtable_list.cc:409] [usertable] Level-0 commit table #14: memtable #2 done
2019/04/20-21:02:34.442540 7fcc6affd700 (Original Log Time 2019/04/20-21:02:34.442455) EVENT_LOG_v1 {"time_micros": 1555819354442445, "job": 3, "event": "flush_finished", "output_compression": "NoCompression", "lsm_state": [2, 0, 0, 0, 0, 0, 0], "immutable_memtables": 0}
2019/04/20-21:02:34.442541 7fcc6affd700 (Original Log Time 2019/04/20-21:02:34.442508) [db/db_impl_compaction_flush.cc:177] [usertable] Level summary: base level 1 max bytes base 536870912 files[2 0 0 0 0 0 0] max score 1.00
2019/04/20-21:02:34.442550 7fcc6affd700 [db/db_impl_files.cc:347] [JOB 3] Try to delete WAL files size 244554345, prev total WAL file size 291529558, number of live WAL files 3.
2019/04/20-21:02:34.442755 7fcc88ffe700 [WARN] [db/db_impl.cc:491] ------- DUMPING STATS -------
2019/04/20-21:02:34.443646 7fcc88ffe700 [WARN] [db/db_impl.cc:492] 
** DB Stats **
Uptime(secs): 37.1 total, 37.1 interval
Cumulative writes: 129K writes, 129K keys, 129K commit groups, 1.0 writes per commit group, ingest: 0.50 GB, 13.74 MB/s
Cumulative WAL: 129K writes, 0 syncs, 129593.00 writes per sync, written: 0.50 GB, 13.74 MB/s
Cumulative stall: 00:00:0.000 H:M:S, 0.0 percent
Interval writes: 129K writes, 129K keys, 129K commit groups, 1.0 writes per commit group, ingest: 510.30 MB, 13.74 MB/s
Interval WAL: 129K writes, 0 syncs, 129593.00 writes per sync, written: 0.50 MB, 13.74 MB/s
Interval stall: 00:00:0.000 H:M:S, 0.0 percent

** Compaction Stats [default] **
Level    Files   Size     Score Read(GB)  Rn(GB) Rnp1(GB) Write(GB) Wnew(GB) Moved(GB) W-Amp Rd(MB/s) Wr(MB/s) Comp(sec) Comp(cnt) Avg(sec) KeyIn KeyDrop
----------------------------------------------------------------------------------------------------------------------------------------------------------
 Sum      0/0    0.00 KB   0.0      0.0     0.0      0.0       0.0      0.0       0.0   0.0      0.0      0.0         0         0    0.000       0      0
 Int      0/0    0.00 KB   0.0      0.0     0.0      0.0       0.0      0.0       0.0   0.0      0.0      0.0         0         0    0.000       0      0
Uptime(secs): 37.1 total, 37.1 interval
Flush(GB): cumulative 0.000, interval 0.000
AddFile(GB): cumulative 0.000, interval 0.000
AddFile(Total Files): cumulative 0, interval 0
AddFile(L0 Files): cumulative 0, interval 0
AddFile(Keys): cumulative 0, interval 0
Cumulative compaction: 0.00 GB write, 0.00 MB/s write, 0.00 GB read, 0.00 MB/s read, 0.0 seconds
Interval compaction: 0.00 GB write, 0.00 MB/s write, 0.00 GB read, 0.00 MB/s read, 0.0 seconds
Stalls(count): 0 level0_slowdown, 0 level0_slowdown_with_compaction, 0 level0_numfiles, 0 level0_numfiles_with_compaction, 0 stop for pending_compaction_bytes, 0 slowdown for pending_compaction_bytes, 0 memtable_compaction, 0 memtable_slowdown, interval 0 total count

** File Read Latency Histogram By Level [default] **

** Compaction Stats [usertable] **
Level    Files   Size     Score Read(GB)  Rn(GB) Rnp1(GB) Write(GB) Wnew(GB) Moved(GB) W-Amp Rd(MB/s) Wr(MB/s) Comp(sec) Comp(cnt) Avg(sec) KeyIn KeyDrop
----------------------------------------------------------------------------------------------------------------------------------------------------------
  L0      2/0   466.91 MB   1.0      0.0     0.0      0.0       0.5      0.5       0.0   1.0      0.0    124.3         4         2    1.879       0      0
 Sum      2/0   466.91 MB   0.0      0.0     0.0      0.0       0.5      0.5       0.0   1.0      0.0    124.3         4         2    1.879       0      0
 Int      0/0    0.00 KB   0.0      0.0     0.0      0.0       0.5      0.5       0.0   1.0      0.0    124.3         4         2    1.879       0      0
Uptime(secs): 37.1 total, 37.1 interval
Flush(GB): cumulative 0.456, interval 0.456
AddFile(GB): cumulative 0.000, interval 0.000
AddFile(Total Files): cumulative 0, interval 0
AddFile(L0 Files): cumulative 0, interval 0
AddFile(Keys): cumulative 0, interval 0
Cumulative compaction: 0.46 GB write, 12.59 MB/s write, 0.00 GB read, 0.00 MB/s read, 3.8 seconds
Interval compaction: 0.46 GB write, 12.59 MB/s write, 0.00 GB read, 0.00 MB/s read, 3.8 seconds
Stalls(count): 0 level0_slowdown, 0 level0_slowdown_with_compaction, 0 level0_numfiles, 0 level0_numfiles_with_compaction, 0 stop for pending_compaction_bytes, 0 slowdown for pending_compaction_bytes, 0 memtable_compaction, 0 memtable_slowdown, interval 0 total count

** File Read Latency Histogram By Level [usertable] **

** Compaction Stats [default] **
Level    Files   Size     Score Read(GB)  Rn(GB) Rnp1(GB) Write(GB) Wnew(GB) Moved(GB) W-Amp Rd(MB/s) Wr(MB/s) Comp(sec) Comp(cnt) Avg(sec) KeyIn KeyDrop
----------------------------------------------------------------------------------------------------------------------------------------------------------
 Sum      0/0    0.00 KB   0.0      0.0     0.0      0.0       0.0      0.0       0.0   0.0      0.0      0.0         0         0    0.000       0      0
 Int      0/0    0.00 KB   0.0      0.0     0.0      0.0       0.0      0.0       0.0   0.0      0.0      0.0         0         0    0.000       0      0
Uptime(secs): 37.1 total, 0.0 interval
Flush(GB): cumulative 0.000, interval 0.000
AddFile(GB): cumulative 0.000, interval 0.000
AddFile(Total Files): cumulative 0, interval 0
AddFile(L0 Files): cumulative 0, interval 0
AddFile(Keys): cumulative 0, interval 0
Cumulative compaction: 0.00 GB write, 0.00 MB/s write, 0.00 GB read, 0.00 MB/s read, 0.0 seconds
Interval compaction: 0.00 GB write, 0.00 MB/s write, 0.00 GB read, 0.00 MB/s read, 0.0 seconds
Stalls(count): 0 level0_slowdown, 0 level0_slowdown_with_compaction, 0 level0_numfiles, 0 level0_numfiles_with_compaction, 0 stop for pending_compaction_bytes, 0 slowdown for pending_compaction_bytes, 0 memtable_compaction, 0 memtable_slowdown, interval 0 total count

** File Read Latency Histogram By Level [default] **

** Compaction Stats [usertable] **
Level    Files   Size     Score Read(GB)  Rn(GB) Rnp1(GB) Write(GB) Wnew(GB) Moved(GB) W-Amp Rd(MB/s) Wr(MB/s) Comp(sec) Comp(cnt) Avg(sec) KeyIn KeyDrop
----------------------------------------------------------------------------------------------------------------------------------------------------------
  L0      2/0   466.91 MB   1.0      0.0     0.0      0.0       0.5      0.5       0.0   1.0      0.0    124.3         4         2    1.879       0      0
 Sum      2/0   466.91 MB   0.0      0.0     0.0      0.0       0.5      0.5       0.0   1.0      0.0    124.3         4         2    1.879       0      0
 Int      0/0    0.00 KB   0.0      0.0     0.0      0.0       0.0      0.0       0.0   0.0      0.0      0.0         0         0    0.000       0      0
Uptime(secs): 37.1 total, 0.0 interval
Flush(GB): cumulative 0.456, interval 0.000
AddFile(GB): cumulative 0.000, interval 0.000
AddFile(Total Files): cumulative 0, interval 0
AddFile(L0 Files): cumulative 0, interval 0
AddFile(Keys): cumulative 0, interval 0
Cumulative compaction: 0.46 GB write, 12.59 MB/s write, 0.00 GB read, 0.00 MB/s read, 3.8 seconds
Interval compaction: 0.00 GB write, 0.00 MB/s write, 0.00 GB read, 0.00 MB/s read, 0.0 seconds
Stalls(count): 0 level0_slowdown, 0 level0_slowdown_with_compaction, 0 level0_numfiles, 0 level0_numfiles_with_compaction, 0 stop for pending_compaction_bytes, 0 slowdown for pending_compaction_bytes, 0 memtable_compaction, 0 memtable_slowdown, interval 0 total count

** File Read Latency Histogram By Level [usertable] **
2019/04/20-21:02:34.458989 7fcc88ffe700 (Original Log Time 2019/04/20-21:02:34.443746) [db/db_impl_compaction_flush.cc:1835] [usertable] Moving #14 to level-1 245304182 bytes
2019/04/20-21:02:34.458994 7fcc88ffe700 (Original Log Time 2019/04/20-21:02:34.458930) EVENT_LOG_v1 {"time_micros": 1555819354458917, "job": 4, "event": "trivial_move", "destination_level": 1, "files": 1, "total_files_size": 245304182}
2019/04/20-21:02:34.458996 7fcc88ffe700 (Original Log Time 2019/04/20-21:02:34.458954) [db/db_impl_compaction_flush.cc:1864] [usertable] Moved #1 files to level-1 245304182 bytes OK: base level 1 max bytes base 536870912 files[1 1 0 0 0 0 0] max score 0.50
2019/04/20-21:02:39.463057 7fcc90434700 [db/db_impl_write.cc:1373] [usertable] New memtable created with log file: #15. Immutable memtables: 0.
2019/04/20-21:02:47.824891 7fcc707f8700 [db/db_impl_write.cc:1373] [usertable] New memtable created with log file: #16. Immutable memtables: 1.
2019/04/20-21:02:47.825064 7fcc6a7fc700 [db/db_impl_compaction_flush.cc:80] [JOB 5] Syncing log #13
2019/04/20-21:02:48.300442 7fcc6a7fc700 [db/db_impl_compaction_flush.cc:80] [JOB 5] Syncing log #15
2019/04/20-21:02:48.781630 7fcc6a7fc700 (Original Log Time 2019/04/20-21:02:47.825038) [db/db_impl_compaction_flush.cc:1424] Calling FlushMemTableToOutputFile with column family [usertable], flush slots available 24, compaction slots available 1, flush slots scheduled 1, compaction slots scheduled 0
2019/04/20-21:02:48.781640 7fcc6a7fc700 [db/flush_job.cc:301] [usertable] [JOB 5] Flushing memtable with next log file: 15
2019/04/20-21:02:48.781649 7fcc6a7fc700 [db/flush_job.cc:301] [usertable] [JOB 5] Flushing memtable with next log file: 16
2019/04/20-21:02:48.781689 7fcc6a7fc700 EVENT_LOG_v1 {"time_micros": 1555819368781674, "job": 5, "event": "flush_started", "num_memtables": 2, "num_entries": 58209, "num_deletes": 0, "memory_usage": 246836768, "flush_reason": "Write Buffer Full"}
2019/04/20-21:02:48.781696 7fcc6a7fc700 [db/flush_job.cc:331] [usertable] [JOB 5] Level-0 flush table #17: started
2019/04/20-21:02:50.389104 7fcc6a7fc700 EVENT_LOG_v1 {"time_micros": 1555819370389076, "cf_name": "usertable", "job": 5, "event": "table_file_creation", "file_number": 17, "file_size": 241066802, "table_properties": {"data_size": 239995721, "index_size": 1070154, "filter_size": 0, "raw_key_size": 1397016, "raw_average_key_size": 24, "raw_value_size": 238424064, "raw_average_value_size": 4096, "num_data_blocks": 29105, "num_entries": 58209, "filter_policy_name": "", "kDeletedKeys": "0", "kMergeOperands": "0"}}
2019/04/20-21:02:50.389141 7fcc6a7fc700 [db/flush_job.cc:371] [usertable] [JOB 5] Level-0 flush table #17: 241066802 bytes OK
2019/04/20-21:02:50.415522 7fcc6a7fc700 (Original Log Time 2019/04/20-21:02:50.389162) [db/memtable_list.cc:377] [usertable] Level-0 commit table #17 started
2019/04/20-21:02:50.415526 7fcc6a7fc700 (Original Log Time 2019/04/20-21:02:50.415383) [db/memtable_list.cc:409] [usertable] Level-0 commit table #17: memtable #1 done
2019/04/20-21:02:50.415528 7fcc6a7fc700 (Original Log Time 2019/04/20-21:02:50.415389) [db/memtable_list.cc:409] [usertable] Level-0 commit table #17: memtable #2 done
2019/04/20-21:02:50.415529 7fcc6a7fc700 (Original Log Time 2019/04/20-21:02:50.415430) EVENT_LOG_v1 {"time_micros": 1555819370415412, "job": 5, "event": "flush_finished", "output_compression": "NoCompression", "lsm_state": [2, 1, 0, 0, 0, 0, 0], "immutable_memtables": 0}
2019/04/20-21:02:50.415531 7fcc6a7fc700 (Original Log Time 2019/04/20-21:02:50.415489) [db/db_impl_compaction_flush.cc:177] [usertable] Level summary: base level 1 max bytes base 536870912 files[2 1 0 0 0 0 0] max score 1.00
