2019/07/06-17:47:22.734041 7f98edaef700 RocksDB version: 5.14.3
2019/07/06-17:47:22.734113 7f98edaef700 Git sha rocksdb_build_git_sha:
2019/07/06-17:47:22.734116 7f98edaef700 Compile date Oct  9 2018
2019/07/06-17:47:22.734126 7f98edaef700 DB SUMMARY
2019/07/06-17:47:22.735055 7f98edaef700 CURRENT file:  CURRENT
2019/07/06-17:47:22.735059 7f98edaef700 IDENTITY file:  IDENTITY
2019/07/06-17:47:22.735069 7f98edaef700 MANIFEST file:  MANIFEST-000004 size: 128882 Bytes
2019/07/06-17:47:22.735073 7f98edaef700 SST files in /mnt/sde/ycsb-rocksdb-data dir, Total Num: 731, files: 000021.sst 000022.sst 000023.sst 000024.sst 000028.sst 000029.sst 000030.sst 000031.sst 000035.sst 
2019/07/06-17:47:22.735079 7f98edaef700 Write Ahead Log file in /mnt/sde/ycsb-rocksdb-data: 001310.log size: 112348739 ; 001316.log size: 92843222 ; 
2019/07/06-17:47:22.735107 7f98edaef700                         Options.error_if_exists: 0
2019/07/06-17:47:22.735108 7f98edaef700                       Options.create_if_missing: 1
2019/07/06-17:47:22.735109 7f98edaef700                         Options.paranoid_checks: 1
2019/07/06-17:47:22.735110 7f98edaef700                                     Options.env: 0x7f98ed7d8080
2019/07/06-17:47:22.735111 7f98edaef700                                Options.info_log: 0x7f98503b1450
2019/07/06-17:47:22.735112 7f98edaef700                Options.max_file_opening_threads: 16
2019/07/06-17:47:22.735113 7f98edaef700                              Options.statistics: (nil)
2019/07/06-17:47:22.735115 7f98edaef700                               Options.use_fsync: 0
2019/07/06-17:47:22.735116 7f98edaef700                       Options.max_log_file_size: 0
2019/07/06-17:47:22.735117 7f98edaef700                  Options.max_manifest_file_size: 18446744073709551615
2019/07/06-17:47:22.735118 7f98edaef700                   Options.log_file_time_to_roll: 0
2019/07/06-17:47:22.735119 7f98edaef700                       Options.keep_log_file_num: 1000
2019/07/06-17:47:22.735120 7f98edaef700                    Options.recycle_log_file_num: 0
2019/07/06-17:47:22.735121 7f98edaef700                         Options.allow_fallocate: 1
2019/07/06-17:47:22.735122 7f98edaef700                        Options.allow_mmap_reads: 0
2019/07/06-17:47:22.735123 7f98edaef700                       Options.allow_mmap_writes: 0
2019/07/06-17:47:22.735124 7f98edaef700                        Options.use_direct_reads: 0
2019/07/06-17:47:22.735125 7f98edaef700                        Options.use_direct_io_for_flush_and_compaction: 0
2019/07/06-17:47:22.735126 7f98edaef700          Options.create_missing_column_families: 1
2019/07/06-17:47:22.735127 7f98edaef700                              Options.db_log_dir: 
2019/07/06-17:47:22.735128 7f98edaef700                                 Options.wal_dir: /mnt/sde/ycsb-rocksdb-data
2019/07/06-17:47:22.735129 7f98edaef700                Options.table_cache_numshardbits: 6
2019/07/06-17:47:22.735130 7f98edaef700                      Options.max_subcompactions: 4
2019/07/06-17:47:22.735131 7f98edaef700                  Options.max_background_flushes: 24
2019/07/06-17:47:22.735132 7f98edaef700                         Options.WAL_ttl_seconds: 0
2019/07/06-17:47:22.735133 7f98edaef700                       Options.WAL_size_limit_MB: 0
2019/07/06-17:47:22.735134 7f98edaef700             Options.manifest_preallocation_size: 4194304
2019/07/06-17:47:22.735135 7f98edaef700                     Options.is_fd_close_on_exec: 1
2019/07/06-17:47:22.735136 7f98edaef700                   Options.advise_random_on_open: 1
2019/07/06-17:47:22.735137 7f98edaef700                    Options.db_write_buffer_size: 0
2019/07/06-17:47:22.735138 7f98edaef700                    Options.write_buffer_manager: 0x7f98503adb20
2019/07/06-17:47:22.735139 7f98edaef700         Options.access_hint_on_compaction_start: 1
2019/07/06-17:47:22.735140 7f98edaef700  Options.new_table_reader_for_compaction_inputs: 0
2019/07/06-17:47:22.735141 7f98edaef700           Options.random_access_max_buffer_size: 1048576
2019/07/06-17:47:22.735142 7f98edaef700                      Options.use_adaptive_mutex: 0
2019/07/06-17:47:22.735143 7f98edaef700                            Options.rate_limiter: (nil)
2019/07/06-17:47:22.735158 7f98edaef700     Options.sst_file_manager.rate_bytes_per_sec: 0
2019/07/06-17:47:22.735160 7f98edaef700                       Options.wal_recovery_mode: 2
2019/07/06-17:47:22.735161 7f98edaef700                  Options.enable_thread_tracking: 0
2019/07/06-17:47:22.735162 7f98edaef700                  Options.enable_pipelined_write: 1
2019/07/06-17:47:22.735163 7f98edaef700         Options.allow_concurrent_memtable_write: 1
2019/07/06-17:47:22.735164 7f98edaef700      Options.enable_write_thread_adaptive_yield: 1
2019/07/06-17:47:22.735165 7f98edaef700             Options.write_thread_max_yield_usec: 100
2019/07/06-17:47:22.735166 7f98edaef700            Options.write_thread_slow_yield_usec: 3
2019/07/06-17:47:22.735167 7f98edaef700                               Options.row_cache: None
2019/07/06-17:47:22.735168 7f98edaef700                              Options.wal_filter: None
2019/07/06-17:47:22.735169 7f98edaef700             Options.avoid_flush_during_recovery: 0
2019/07/06-17:47:22.735170 7f98edaef700             Options.allow_ingest_behind: 0
2019/07/06-17:47:22.735171 7f98edaef700             Options.preserve_deletes: 0
2019/07/06-17:47:22.735172 7f98edaef700             Options.two_write_queues: 0
2019/07/06-17:47:22.735173 7f98edaef700             Options.manual_wal_flush: 0
2019/07/06-17:47:22.735176 7f98edaef700             Options.max_background_jobs: 24
2019/07/06-17:47:22.735177 7f98edaef700             Options.max_background_compactions: 24
2019/07/06-17:47:22.735178 7f98edaef700             Options.avoid_flush_during_shutdown: 0
2019/07/06-17:47:22.735179 7f98edaef700           Options.writable_file_max_buffer_size: 1048576
2019/07/06-17:47:22.735180 7f98edaef700             Options.delayed_write_rate : 16777216
2019/07/06-17:47:22.735181 7f98edaef700             Options.max_total_wal_size: 0
2019/07/06-17:47:22.735182 7f98edaef700             Options.delete_obsolete_files_period_micros: 21600000000
2019/07/06-17:47:22.735183 7f98edaef700                   Options.stats_dump_period_sec: 60
2019/07/06-17:47:22.735184 7f98edaef700                          Options.max_open_files: -1
2019/07/06-17:47:22.735185 7f98edaef700                          Options.bytes_per_sync: 1048576
2019/07/06-17:47:22.735186 7f98edaef700                      Options.wal_bytes_per_sync: 0
2019/07/06-17:47:22.735187 7f98edaef700       Options.compaction_readahead_size: 0
2019/07/06-17:47:22.735188 7f98edaef700 Compression algorithms supported:
2019/07/06-17:47:22.735190 7f98edaef700 	kZSTDNotFinalCompression supported: 1
2019/07/06-17:47:22.735199 7f98edaef700 	kZSTD supported: 1
2019/07/06-17:47:22.735200 7f98edaef700 	kXpressCompression supported: 0
2019/07/06-17:47:22.735202 7f98edaef700 	kLZ4HCCompression supported: 1
2019/07/06-17:47:22.735203 7f98edaef700 	kLZ4Compression supported: 1
2019/07/06-17:47:22.735204 7f98edaef700 	kBZip2Compression supported: 1
2019/07/06-17:47:22.735206 7f98edaef700 	kZlibCompression supported: 1
2019/07/06-17:47:22.735207 7f98edaef700 	kSnappyCompression supported: 1
2019/07/06-17:47:22.735211 7f98edaef700 Fast CRC32 supported: Not supported on x86
2019/07/06-17:47:22.735790 7f98edaef700 [db/version_set.cc:3085] Recovering from manifest file: MANIFEST-000004
2019/07/06-17:47:22.735871 7f98edaef700 [db/column_family.cc:475] --------------- Options for column family [default]:
2019/07/06-17:47:22.735875 7f98edaef700               Options.comparator: leveldb.BytewiseComparator
2019/07/06-17:47:22.735876 7f98edaef700           Options.merge_operator: None
2019/07/06-17:47:22.735877 7f98edaef700        Options.compaction_filter: None
2019/07/06-17:47:22.735878 7f98edaef700        Options.compaction_filter_factory: None
2019/07/06-17:47:22.735879 7f98edaef700         Options.memtable_factory: SkipListFactory
2019/07/06-17:47:22.735881 7f98edaef700            Options.table_factory: BlockBasedTable
2019/07/06-17:47:22.735907 7f98edaef700            table_factory options:   flush_block_policy_factory: FlushBlockBySizePolicyFactory (0x7f98503a2220)
  cache_index_and_filter_blocks: 0
  cache_index_and_filter_blocks_with_high_priority: 0
  pin_l0_filter_and_index_blocks_in_cache: 0
  index_type: 0
  hash_index_allow_collision: 1
  checksum: 1
  no_block_cache: 0
  block_cache: 0x7f98503a1960
  block_cache_name: LRUCache
  block_cache_options:
    capacity : 8388608
    num_shard_bits : 4
    strict_capacity_limit : 0
    high_pri_pool_ratio: 0.000
  block_cache_compressed: (nil)
  persistent_cache: (nil)
  block_size: 8192
  block_size_deviation: 10
  block_restart_interval: 16
  index_block_restart_interval: 1
  metadata_block_size: 4096
  partition_filters: 0
  use_delta_encoding: 1
  filter_policy: nullptr
  whole_key_filtering: 1
  verify_compression: 0
  read_amp_bytes_per_bit: 0
  format_version: 2
  enable_index_compression: 1
  block_align: 0
2019/07/06-17:47:22.735920 7f98edaef700        Options.write_buffer_size: 134217728
2019/07/06-17:47:22.735921 7f98edaef700  Options.max_write_buffer_number: 24
2019/07/06-17:47:22.735923 7f98edaef700        Options.compression[0]: NoCompression
2019/07/06-17:47:22.735925 7f98edaef700        Options.compression[1]: NoCompression
2019/07/06-17:47:22.735926 7f98edaef700        Options.compression[2]: LZ4
2019/07/06-17:47:22.735927 7f98edaef700        Options.compression[3]: LZ4
2019/07/06-17:47:22.735928 7f98edaef700        Options.compression[4]: LZ4
2019/07/06-17:47:22.735929 7f98edaef700        Options.compression[5]: LZ4
2019/07/06-17:47:22.735930 7f98edaef700        Options.compression[6]: LZ4
2019/07/06-17:47:22.735931 7f98edaef700                  Options.bottommost_compression: Disabled
2019/07/06-17:47:22.735932 7f98edaef700       Options.prefix_extractor: nullptr
2019/07/06-17:47:22.735934 7f98edaef700   Options.memtable_insert_with_hint_prefix_extractor: nullptr
2019/07/06-17:47:22.735935 7f98edaef700             Options.num_levels: 7
2019/07/06-17:47:22.735936 7f98edaef700        Options.min_write_buffer_number_to_merge: 2
2019/07/06-17:47:22.735937 7f98edaef700     Options.max_write_buffer_number_to_maintain: 0
2019/07/06-17:47:22.735938 7f98edaef700            Options.compression_opts.window_bits: -14
2019/07/06-17:47:22.735939 7f98edaef700                  Options.compression_opts.level: -1
2019/07/06-17:47:22.735940 7f98edaef700               Options.compression_opts.strategy: 0
2019/07/06-17:47:22.735941 7f98edaef700         Options.compression_opts.max_dict_bytes: 0
2019/07/06-17:47:22.735942 7f98edaef700         Options.compression_opts.zstd_max_train_bytes: 0
2019/07/06-17:47:22.735943 7f98edaef700      Options.level0_file_num_compaction_trigger: 2
2019/07/06-17:47:22.735944 7f98edaef700          Options.level0_slowdown_writes_trigger: 20
2019/07/06-17:47:22.735945 7f98edaef700              Options.level0_stop_writes_trigger: 36
2019/07/06-17:47:22.735946 7f98edaef700                   Options.target_file_size_base: 67108864
2019/07/06-17:47:22.735947 7f98edaef700             Options.target_file_size_multiplier: 1
2019/07/06-17:47:22.735948 7f98edaef700                Options.max_bytes_for_level_base: 536870912
2019/07/06-17:47:22.735949 7f98edaef700 Options.level_compaction_dynamic_level_bytes: 0
2019/07/06-17:47:22.735950 7f98edaef700          Options.max_bytes_for_level_multiplier: 10.000000
2019/07/06-17:47:22.735953 7f98edaef700 Options.max_bytes_for_level_multiplier_addtl[0]: 1
2019/07/06-17:47:22.735954 7f98edaef700 Options.max_bytes_for_level_multiplier_addtl[1]: 1
2019/07/06-17:47:22.735955 7f98edaef700 Options.max_bytes_for_level_multiplier_addtl[2]: 1
2019/07/06-17:47:22.735956 7f98edaef700 Options.max_bytes_for_level_multiplier_addtl[3]: 1
2019/07/06-17:47:22.735957 7f98edaef700 Options.max_bytes_for_level_multiplier_addtl[4]: 1
2019/07/06-17:47:22.735958 7f98edaef700 Options.max_bytes_for_level_multiplier_addtl[5]: 1
2019/07/06-17:47:22.735959 7f98edaef700 Options.max_bytes_for_level_multiplier_addtl[6]: 1
2019/07/06-17:47:22.735960 7f98edaef700       Options.max_sequential_skip_in_iterations: 8
2019/07/06-17:47:22.735961 7f98edaef700                    Options.max_compaction_bytes: 1677721600
2019/07/06-17:47:22.735969 7f98edaef700                        Options.arena_block_size: 16777216
2019/07/06-17:47:22.735970 7f98edaef700   Options.soft_pending_compaction_bytes_limit: 68719476736
2019/07/06-17:47:22.735971 7f98edaef700   Options.hard_pending_compaction_bytes_limit: 274877906944
2019/07/06-17:47:22.735972 7f98edaef700       Options.rate_limit_delay_max_milliseconds: 100
2019/07/06-17:47:22.735973 7f98edaef700                Options.disable_auto_compactions: 0
2019/07/06-17:47:22.735975 7f98edaef700                        Options.compaction_style: kCompactionStyleLevel
2019/07/06-17:47:22.735977 7f98edaef700                          Options.compaction_pri: kByCompensatedSize
2019/07/06-17:47:22.735978 7f98edaef700 Options.compaction_options_universal.size_ratio: 1
2019/07/06-17:47:22.735979 7f98edaef700 Options.compaction_options_universal.min_merge_width: 2
2019/07/06-17:47:22.735980 7f98edaef700 Options.compaction_options_universal.max_merge_width: 4294967295
2019/07/06-17:47:22.735981 7f98edaef700 Options.compaction_options_universal.max_size_amplification_percent: 200
2019/07/06-17:47:22.735982 7f98edaef700 Options.compaction_options_universal.compression_size_percent: -1
2019/07/06-17:47:22.735983 7f98edaef700 Options.compaction_options_universal.stop_style: kCompactionStopStyleTotalSize
2019/07/06-17:47:22.735984 7f98edaef700 Options.compaction_options_fifo.max_table_files_size: 1073741824
2019/07/06-17:47:22.735985 7f98edaef700 Options.compaction_options_fifo.allow_compaction: 0
2019/07/06-17:47:22.735987 7f98edaef700 Options.compaction_options_fifo.ttl: 0
2019/07/06-17:47:22.735988 7f98edaef700                   Options.table_properties_collectors: 
2019/07/06-17:47:22.735989 7f98edaef700                   Options.inplace_update_support: 0
2019/07/06-17:47:22.735990 7f98edaef700                 Options.inplace_update_num_locks: 10000
2019/07/06-17:47:22.735991 7f98edaef700               Options.memtable_prefix_bloom_size_ratio: 0.000000
2019/07/06-17:47:22.735992 7f98edaef700   Options.memtable_huge_page_size: 0
2019/07/06-17:47:22.735993 7f98edaef700                           Options.bloom_locality: 0
2019/07/06-17:47:22.735994 7f98edaef700                    Options.max_successive_merges: 0
2019/07/06-17:47:22.735995 7f98edaef700                Options.optimize_filters_for_hits: 0
2019/07/06-17:47:22.735996 7f98edaef700                Options.paranoid_file_checks: 0
2019/07/06-17:47:22.735997 7f98edaef700                Options.force_consistency_checks: 0
2019/07/06-17:47:22.735998 7f98edaef700                Options.report_bg_io_stats: 0
2019/07/06-17:47:22.735999 7f98edaef700                               Options.ttl: 0
2019/07/06-17:47:22.736962 7f98edaef700 [db/column_family.cc:475] --------------- Options for column family [usertable]:
2019/07/06-17:47:22.736966 7f98edaef700               Options.comparator: leveldb.BytewiseComparator
2019/07/06-17:47:22.736967 7f98edaef700           Options.merge_operator: None
2019/07/06-17:47:22.736968 7f98edaef700        Options.compaction_filter: None
2019/07/06-17:47:22.736969 7f98edaef700        Options.compaction_filter_factory: None
2019/07/06-17:47:22.736970 7f98edaef700         Options.memtable_factory: SkipListFactory
2019/07/06-17:47:22.736971 7f98edaef700            Options.table_factory: BlockBasedTable
2019/07/06-17:47:22.736998 7f98edaef700            table_factory options:   flush_block_policy_factory: FlushBlockBySizePolicyFactory (0x7f98503b0660)
  cache_index_and_filter_blocks: 0
  cache_index_and_filter_blocks_with_high_priority: 0
  pin_l0_filter_and_index_blocks_in_cache: 0
  index_type: 0
  hash_index_allow_collision: 1
  checksum: 1
  no_block_cache: 0
  block_cache: 0x7f98503af4c0
  block_cache_name: LRUCache
  block_cache_options:
    capacity : 8388608
    num_shard_bits : 4
    strict_capacity_limit : 0
    high_pri_pool_ratio: 0.000
  block_cache_compressed: (nil)
  persistent_cache: (nil)
  block_size: 8192
  block_size_deviation: 10
  block_restart_interval: 16
  index_block_restart_interval: 1
  metadata_block_size: 4096
  partition_filters: 0
  use_delta_encoding: 1
  filter_policy: nullptr
  whole_key_filtering: 1
  verify_compression: 0
  read_amp_bytes_per_bit: 0
  format_version: 2
  enable_index_compression: 1
  block_align: 0
2019/07/06-17:47:22.737013 7f98edaef700        Options.write_buffer_size: 134217728
2019/07/06-17:47:22.737015 7f98edaef700  Options.max_write_buffer_number: 24
2019/07/06-17:47:22.737017 7f98edaef700        Options.compression[0]: NoCompression
2019/07/06-17:47:22.737018 7f98edaef700        Options.compression[1]: NoCompression
2019/07/06-17:47:22.737019 7f98edaef700        Options.compression[2]: LZ4
2019/07/06-17:47:22.737020 7f98edaef700        Options.compression[3]: LZ4
2019/07/06-17:47:22.737021 7f98edaef700        Options.compression[4]: LZ4
2019/07/06-17:47:22.737022 7f98edaef700        Options.compression[5]: LZ4
2019/07/06-17:47:22.737023 7f98edaef700        Options.compression[6]: LZ4
2019/07/06-17:47:22.737025 7f98edaef700                  Options.bottommost_compression: Disabled
2019/07/06-17:47:22.737026 7f98edaef700       Options.prefix_extractor: nullptr
2019/07/06-17:47:22.737027 7f98edaef700   Options.memtable_insert_with_hint_prefix_extractor: nullptr
2019/07/06-17:47:22.737028 7f98edaef700             Options.num_levels: 7
2019/07/06-17:47:22.737029 7f98edaef700        Options.min_write_buffer_number_to_merge: 2
2019/07/06-17:47:22.737030 7f98edaef700     Options.max_write_buffer_number_to_maintain: 0
2019/07/06-17:47:22.737031 7f98edaef700            Options.compression_opts.window_bits: -14
2019/07/06-17:47:22.737032 7f98edaef700                  Options.compression_opts.level: -1
2019/07/06-17:47:22.737033 7f98edaef700               Options.compression_opts.strategy: 0
2019/07/06-17:47:22.737034 7f98edaef700         Options.compression_opts.max_dict_bytes: 0
2019/07/06-17:47:22.737035 7f98edaef700         Options.compression_opts.zstd_max_train_bytes: 0
2019/07/06-17:47:22.737036 7f98edaef700      Options.level0_file_num_compaction_trigger: 2
2019/07/06-17:47:22.737037 7f98edaef700          Options.level0_slowdown_writes_trigger: 20
2019/07/06-17:47:22.737038 7f98edaef700              Options.level0_stop_writes_trigger: 36
2019/07/06-17:47:22.737038 7f98edaef700                   Options.target_file_size_base: 67108864
2019/07/06-17:47:22.737040 7f98edaef700             Options.target_file_size_multiplier: 1
2019/07/06-17:47:22.737040 7f98edaef700                Options.max_bytes_for_level_base: 536870912
2019/07/06-17:47:22.737042 7f98edaef700 Options.level_compaction_dynamic_level_bytes: 0
2019/07/06-17:47:22.737043 7f98edaef700          Options.max_bytes_for_level_multiplier: 10.000000
2019/07/06-17:47:22.737045 7f98edaef700 Options.max_bytes_for_level_multiplier_addtl[0]: 1
2019/07/06-17:47:22.737046 7f98edaef700 Options.max_bytes_for_level_multiplier_addtl[1]: 1
2019/07/06-17:47:22.737047 7f98edaef700 Options.max_bytes_for_level_multiplier_addtl[2]: 1
2019/07/06-17:47:22.737048 7f98edaef700 Options.max_bytes_for_level_multiplier_addtl[3]: 1
2019/07/06-17:47:22.737049 7f98edaef700 Options.max_bytes_for_level_multiplier_addtl[4]: 1
2019/07/06-17:47:22.737050 7f98edaef700 Options.max_bytes_for_level_multiplier_addtl[5]: 1
2019/07/06-17:47:22.737051 7f98edaef700 Options.max_bytes_for_level_multiplier_addtl[6]: 1
2019/07/06-17:47:22.737052 7f98edaef700       Options.max_sequential_skip_in_iterations: 8
2019/07/06-17:47:22.737053 7f98edaef700                    Options.max_compaction_bytes: 1677721600
2019/07/06-17:47:22.737054 7f98edaef700                        Options.arena_block_size: 16777216
2019/07/06-17:47:22.737055 7f98edaef700   Options.soft_pending_compaction_bytes_limit: 68719476736
2019/07/06-17:47:22.737056 7f98edaef700   Options.hard_pending_compaction_bytes_limit: 274877906944
2019/07/06-17:47:22.737057 7f98edaef700       Options.rate_limit_delay_max_milliseconds: 100
2019/07/06-17:47:22.737058 7f98edaef700                Options.disable_auto_compactions: 0
2019/07/06-17:47:22.737059 7f98edaef700                        Options.compaction_style: kCompactionStyleLevel
2019/07/06-17:47:22.737067 7f98edaef700                          Options.compaction_pri: kByCompensatedSize
2019/07/06-17:47:22.737068 7f98edaef700 Options.compaction_options_universal.size_ratio: 1
2019/07/06-17:47:22.737069 7f98edaef700 Options.compaction_options_universal.min_merge_width: 2
2019/07/06-17:47:22.737070 7f98edaef700 Options.compaction_options_universal.max_merge_width: 4294967295
2019/07/06-17:47:22.737071 7f98edaef700 Options.compaction_options_universal.max_size_amplification_percent: 200
2019/07/06-17:47:22.737072 7f98edaef700 Options.compaction_options_universal.compression_size_percent: -1
2019/07/06-17:47:22.737073 7f98edaef700 Options.compaction_options_universal.stop_style: kCompactionStopStyleTotalSize
2019/07/06-17:47:22.737074 7f98edaef700 Options.compaction_options_fifo.max_table_files_size: 1073741824
2019/07/06-17:47:22.737075 7f98edaef700 Options.compaction_options_fifo.allow_compaction: 0
2019/07/06-17:47:22.737076 7f98edaef700 Options.compaction_options_fifo.ttl: 0
2019/07/06-17:47:22.737077 7f98edaef700                   Options.table_properties_collectors: 
2019/07/06-17:47:22.737078 7f98edaef700                   Options.inplace_update_support: 0
2019/07/06-17:47:22.737079 7f98edaef700                 Options.inplace_update_num_locks: 10000
2019/07/06-17:47:22.737080 7f98edaef700               Options.memtable_prefix_bloom_size_ratio: 0.000000
2019/07/06-17:47:22.737082 7f98edaef700   Options.memtable_huge_page_size: 0
2019/07/06-17:47:22.737083 7f98edaef700                           Options.bloom_locality: 0
2019/07/06-17:47:22.737084 7f98edaef700                    Options.max_successive_merges: 0
2019/07/06-17:47:22.737085 7f98edaef700                Options.optimize_filters_for_hits: 0
2019/07/06-17:47:22.737086 7f98edaef700                Options.paranoid_file_checks: 0
2019/07/06-17:47:22.737087 7f98edaef700                Options.force_consistency_checks: 0
2019/07/06-17:47:22.737088 7f98edaef700                Options.report_bg_io_stats: 0
2019/07/06-17:47:22.737089 7f98edaef700                               Options.ttl: 0
2019/07/06-17:47:23.463025 7f98edaef700 [db/version_set.cc:3361] Recovered from manifest file:/mnt/sde/ycsb-rocksdb-data/MANIFEST-000004 succeeded,manifest_file_number is 4, next_file_number is 1317, last_sequence is 10414168, log_number is 0,prev_log_number is 0,max_column_family is 1,min_log_number_to_keep is 0
2019/07/06-17:47:23.463038 7f98edaef700 [db/version_set.cc:3369] Column family [default] (ID 0), log number is 0
2019/07/06-17:47:23.463041 7f98edaef700 [db/version_set.cc:3369] Column family [usertable] (ID 1), log number is 1310
2019/07/06-17:47:23.465274 7f98edaef700 EVENT_LOG_v1 {"time_micros": 1562460443465248, "job": 1, "event": "recovery_started", "log_files": [1310, 1316]}
2019/07/06-17:47:23.465283 7f98edaef700 [db/db_impl_open.cc:551] Recovering log #1310 mode 2
2019/07/06-17:47:23.959259 7f98edaef700 [db/db_impl_open.cc:551] Recovering log #1316 mode 2
2019/07/06-17:47:24.548961 7f98edaef700 EVENT_LOG_v1 {"time_micros": 1562460444548930, "cf_name": "usertable", "job": 1, "event": "table_file_creation", "file_number": 1317, "file_size": 129895352, "table_properties": {"data_size": 129317909, "index_size": 576521, "filter_size": 0, "raw_key_size": 752760, "raw_average_key_size": 24, "raw_value_size": 128471040, "raw_average_value_size": 4096, "num_data_blocks": 15683, "num_entries": 31365, "filter_policy_name": "", "kDeletedKeys": "0", "kMergeOperands": "0"}}
2019/07/06-17:47:24.913600 7f98edaef700 [db/version_set.cc:2847] Creating manifest 1318
2019/07/06-17:47:25.227086 7f98edaef700 EVENT_LOG_v1 {"time_micros": 1562460445227059, "cf_name": "usertable", "job": 1, "event": "table_file_creation", "file_number": 1319, "file_size": 75527077, "table_properties": {"data_size": 75189053, "index_size": 337102, "filter_size": 0, "raw_key_size": 437664, "raw_average_key_size": 24, "raw_value_size": 74694656, "raw_average_value_size": 4096, "num_data_blocks": 9118, "num_entries": 18236, "filter_policy_name": "", "kDeletedKeys": "0", "kMergeOperands": "0"}}
2019/07/06-17:47:25.242275 7f98edaef700 EVENT_LOG_v1 {"time_micros": 1562460445242268, "job": 1, "event": "recovery_finished"}
2019/07/06-17:47:25.293332 7f98edaef700 [db/db_impl_open.cc:1219] DB pointer 0x7f98503acc90
2019/07/06-17:47:25.293659 7f98ec939700 [WARN] [db/db_impl.cc:491] ------- DUMPING STATS -------
2019/07/06-17:47:25.293707 7f98ec939700 [WARN] [db/db_impl.cc:492] 
** DB Stats **
Uptime(secs): 2.6 total, 2.6 interval
Cumulative writes: 0 writes, 0 keys, 0 commit groups, 0.0 writes per commit group, ingest: 0.00 GB, 0.00 MB/s
Cumulative WAL: 0 writes, 0 syncs, 0.00 writes per sync, written: 0.00 GB, 0.00 MB/s
Cumulative stall: 00:00:0.000 H:M:S, 0.0 percent
Interval writes: 0 writes, 0 keys, 0 commit groups, 0.0 writes per commit group, ingest: 0.00 MB, 0.00 MB/s
Interval WAL: 0 writes, 0 syncs, 0.00 writes per sync, written: 0.00 MB, 0.00 MB/s
Interval stall: 00:00:0.000 H:M:S, 0.0 percent

** Compaction Stats [default] **
Level    Files   Size     Score Read(GB)  Rn(GB) Rnp1(GB) Write(GB) Wnew(GB) Moved(GB) W-Amp Rd(MB/s) Wr(MB/s) Comp(sec) Comp(cnt) Avg(sec) KeyIn KeyDrop
----------------------------------------------------------------------------------------------------------------------------------------------------------
 Sum      0/0    0.00 KB   0.0      0.0     0.0      0.0       0.0      0.0       0.0   0.0      0.0      0.0         0         0    0.000       0      0
 Int      0/0    0.00 KB   0.0      0.0     0.0      0.0       0.0      0.0       0.0   0.0      0.0      0.0         0         0    0.000       0      0
Uptime(secs): 2.6 total, 2.6 interval
Flush(GB): cumulative 0.000, interval 0.000
AddFile(GB): cumulative 0.000, interval 0.000
AddFile(Total Files): cumulative 0, interval 0
AddFile(L0 Files): cumulative 0, interval 0
AddFile(Keys): cumulative 0, interval 0
Cumulative compaction: 0.00 GB write, 0.00 MB/s write, 0.00 GB read, 0.00 MB/s read, 0.0 seconds
Interval compaction: 0.00 GB write, 0.00 MB/s write, 0.00 GB read, 0.00 MB/s read, 0.0 seconds
Stalls(count): 0 level0_slowdown, 0 level0_slowdown_with_compaction, 0 level0_numfiles, 0 level0_numfiles_with_compaction, 0 stop for pending_compaction_bytes, 0 slowdown for pending_compaction_bytes, 0 memtable_compaction, 0 memtable_slowdown, interval 0 total count

** File Read Latency Histogram By Level [default] **

** Compaction Stats [usertable] **
Level    Files   Size     Score Read(GB)  Rn(GB) Rnp1(GB) Write(GB) Wnew(GB) Moved(GB) W-Amp Rd(MB/s) Wr(MB/s) Comp(sec) Comp(cnt) Avg(sec) KeyIn KeyDrop
----------------------------------------------------------------------------------------------------------------------------------------------------------
  L0      3/0   396.45 MB   1.5      0.0     0.0      0.0       0.2      0.2       0.0   1.0      0.0    249.5         1         2    0.393       0      0
  L1      2/0   403.12 MB   0.8      0.0     0.0      0.0       0.0      0.0       0.0   0.0      0.0      0.0         0         0    0.000       0      0
  L2    178/0    4.96 GB   1.0      0.0     0.0      0.0       0.0      0.0       0.0   0.0      0.0      0.0         0         0    0.000       0      0
  L3    550/0   34.44 GB   0.7      0.0     0.0      0.0       0.0      0.0       0.0   0.0      0.0      0.0         0         0    0.000       0      0
 Sum    733/0   40.18 GB   0.0      0.0     0.0      0.0       0.2      0.2       0.0   1.0      0.0    249.5         1         2    0.393       0      0
 Int      0/0    0.00 KB   0.0      0.0     0.0      0.0       0.2      0.2       0.0   1.0      0.0    249.5         1         2    0.393       0      0
Uptime(secs): 2.6 total, 2.6 interval
Flush(GB): cumulative 0.191, interval 0.191
AddFile(GB): cumulative 0.000, interval 0.000
AddFile(Total Files): cumulative 0, interval 0
AddFile(L0 Files): cumulative 0, interval 0
AddFile(Keys): cumulative 0, interval 0
Cumulative compaction: 0.19 GB write, 76.63 MB/s write, 0.00 GB read, 0.00 MB/s read, 0.8 seconds
Interval compaction: 0.19 GB write, 76.63 MB/s write, 0.00 GB read, 0.00 MB/s read, 0.8 seconds
Stalls(count): 0 level0_slowdown, 0 level0_slowdown_with_compaction, 0 level0_numfiles, 0 level0_numfiles_with_compaction, 0 stop for pending_compaction_bytes, 0 slowdown for pending_compaction_bytes, 0 memtable_compaction, 0 memtable_slowdown, interval 0 total count

** File Read Latency Histogram By Level [usertable] **

** Compaction Stats [default] **
Level    Files   Size     Score Read(GB)  Rn(GB) Rnp1(GB) Write(GB) Wnew(GB) Moved(GB) W-Amp Rd(MB/s) Wr(MB/s) Comp(sec) Comp(cnt) Avg(sec) KeyIn KeyDrop
----------------------------------------------------------------------------------------------------------------------------------------------------------
 Sum      0/0    0.00 KB   0.0      0.0     0.0      0.0       0.0      0.0       0.0   0.0      0.0      0.0         0         0    0.000       0      0
 Int      0/0    0.00 KB   0.0      0.0     0.0      0.0       0.0      0.0       0.0   0.0      0.0      0.0         0         0    0.000       0      0
Uptime(secs): 2.6 total, 0.0 interval
Flush(GB): cumulative 0.000, interval 0.000
AddFile(GB): cumulative 0.000, interval 0.000
AddFile(Total Files): cumulative 0, interval 0
AddFile(L0 Files): cumulative 0, interval 0
AddFile(Keys): cumulative 0, interval 0
Cumulative compaction: 0.00 GB write, 0.00 MB/s write, 0.00 GB read, 0.00 MB/s read, 0.0 seconds
Interval compaction: 0.00 GB write, 0.00 MB/s write, 0.00 GB read, 0.00 MB/s read, 0.0 seconds
Stalls(count): 0 level0_slowdown, 0 level0_slowdown_with_compaction, 0 level0_numfiles, 0 level0_numfiles_with_compaction, 0 stop for pending_compaction_bytes, 0 slowdown for pending_compaction_bytes, 0 memtable_compaction, 0 memtable_slowdown, interval 0 total count

** File Read Latency Histogram By Level [default] **

** Compaction Stats [usertable] **
Level    Files   Size     Score Read(GB)  Rn(GB) Rnp1(GB) Write(GB) Wnew(GB) Moved(GB) W-Amp Rd(MB/s) Wr(MB/s) Comp(sec) Comp(cnt) Avg(sec) KeyIn KeyDrop
----------------------------------------------------------------------------------------------------------------------------------------------------------
  L0      3/0   396.45 MB   1.5      0.0     0.0      0.0       0.2      0.2       0.0   1.0      0.0    249.5         1         2    0.393       0      0
  L1      2/0   403.12 MB   0.8      0.0     0.0      0.0       0.0      0.0       0.0   0.0      0.0      0.0         0         0    0.000       0      0
  L2    178/0    4.96 GB   1.0      0.0     0.0      0.0       0.0      0.0       0.0   0.0      0.0      0.0         0         0    0.000       0      0
  L3    550/0   34.44 GB   0.7      0.0     0.0      0.0       0.0      0.0       0.0   0.0      0.0      0.0         0         0    0.000       0      0
 Sum    733/0   40.18 GB   0.0      0.0     0.0      0.0       0.2      0.2       0.0   1.0      0.0    249.5         1         2    0.393       0      0
 Int      0/0    0.00 KB   0.0      0.0     0.0      0.0       0.0      0.0       0.0   0.0      0.0      0.0         0         0    0.000       0      0
Uptime(secs): 2.6 total, 0.0 interval
Flush(GB): cumulative 0.191, interval 0.000
AddFile(GB): cumulative 0.000, interval 0.000
AddFile(Total Files): cumulative 0, interval 0
AddFile(L0 Files): cumulative 0, interval 0
AddFile(Keys): cumulative 0, interval 0
Cumulative compaction: 0.19 GB write, 76.62 MB/s write, 0.00 GB read, 0.00 MB/s read, 0.8 seconds
Interval compaction: 0.00 GB write, 0.00 MB/s write, 0.00 GB read, 0.00 MB/s read, 0.0 seconds
Stalls(count): 0 level0_slowdown, 0 level0_slowdown_with_compaction, 0 level0_numfiles, 0 level0_numfiles_with_compaction, 0 stop for pending_compaction_bytes, 0 slowdown for pending_compaction_bytes, 0 memtable_compaction, 0 memtable_slowdown, interval 0 total count

** File Read Latency Histogram By Level [usertable] **
2019/07/06-17:47:25.310760 7f98ec939700 (Original Log Time 2019/07/06-17:47:25.293865) [db/db_impl_compaction_flush.cc:1835] [usertable] Moving #1164 to level-1 210283825 bytes
2019/07/06-17:47:25.310767 7f98ec939700 (Original Log Time 2019/07/06-17:47:25.310648) EVENT_LOG_v1 {"time_micros": 1562460445310630, "job": 3, "event": "trivial_move", "destination_level": 1, "files": 1, "total_files_size": 210283825}
2019/07/06-17:47:25.310771 7f98ec939700 (Original Log Time 2019/07/06-17:47:25.310665) [db/db_impl_compaction_flush.cc:1864] [usertable] Moved #1 files to level-1 210283825 bytes OK: base level 1 max bytes base 536870912 files[2 3 178 550 0 0 0] max score 1.18
2019/07/06-17:47:25.310901 7f98e4ffe700 [db/compaction_job.cc:1531] [usertable] [JOB 4] Compacting 1@1 files to L2, score 1.18
2019/07/06-17:47:25.310914 7f98e4ffe700 [db/compaction_job.cc:1535] [usertable] Compaction start summary: Base version 6 Base level 1, inputs: [919(202MB)]
2019/07/06-17:47:25.310951 7f98e4ffe700 EVENT_LOG_v1 {"time_micros": 1562460445310923, "job": 4, "event": "compaction_started", "compaction_reason": "LevelMaxLevelSize", "files_L1": [919], "score": 1.17902, "input_data_size": 211860639}
2019/07/06-17:47:26.426445 7f98e4ffe700 [db/compaction_job.cc:1211] [usertable] [JOB 4] Generated table #1323: 16279 keys, 67233521 bytes
2019/07/06-17:47:26.426494 7f98e4ffe700 EVENT_LOG_v1 {"time_micros": 1562460446426473, "cf_name": "usertable", "job": 4, "event": "table_file_creation", "file_number": 1323, "file_size": 67233521, "table_properties": {"data_size": 67120139, "index_size": 300916, "filter_size": 0, "raw_key_size": 390696, "raw_average_key_size": 24, "raw_value_size": 66678784, "raw_average_value_size": 4096, "num_data_blocks": 8140, "num_entries": 16279, "filter_policy_name": "", "kDeletedKeys": "0", "kMergeOperands": "0"}}
2019/07/06-17:47:27.747579 7f98e4ffe700 [db/compaction_job.cc:1211] [usertable] [JOB 4] Generated table #1324: 16279 keys, 67233354 bytes
2019/07/06-17:47:27.747632 7f98e4ffe700 EVENT_LOG_v1 {"time_micros": 1562460447747609, "cf_name": "usertable", "job": 4, "event": "table_file_creation", "file_number": 1324, "file_size": 67233354, "table_properties": {"data_size": 67118331, "index_size": 299105, "filter_size": 0, "raw_key_size": 390696, "raw_average_key_size": 24, "raw_value_size": 66678784, "raw_average_value_size": 4096, "num_data_blocks": 8140, "num_entries": 16279, "filter_policy_name": "", "kDeletedKeys": "0", "kMergeOperands": "0"}}
2019/07/06-17:47:29.049252 7f98e4ffe700 [db/compaction_job.cc:1211] [usertable] [JOB 4] Generated table #1325: 16279 keys, 67233569 bytes
2019/07/06-17:47:29.049304 7f98e4ffe700 EVENT_LOG_v1 {"time_micros": 1562460449049282, "cf_name": "usertable", "job": 4, "event": "table_file_creation", "file_number": 1325, "file_size": 67233569, "table_properties": {"data_size": 67120140, "index_size": 300916, "filter_size": 0, "raw_key_size": 390696, "raw_average_key_size": 24, "raw_value_size": 66678784, "raw_average_value_size": 4096, "num_data_blocks": 8140, "num_entries": 16279, "filter_policy_name": "", "kDeletedKeys": "0", "kMergeOperands": "0"}}
2019/07/06-17:47:29.195296 7f98e4ffe700 [db/compaction_job.cc:1211] [usertable] [JOB 4] Generated table #1326: 2317 keys, 9570206 bytes
2019/07/06-17:47:29.195365 7f98e4ffe700 EVENT_LOG_v1 {"time_micros": 1562460449195331, "cf_name": "usertable", "job": 4, "event": "table_file_creation", "file_number": 1326, "file_size": 9570206, "table_properties": {"data_size": 9553005, "index_size": 42362, "filter_size": 0, "raw_key_size": 55608, "raw_average_key_size": 24, "raw_value_size": 9490432, "raw_average_value_size": 4096, "num_data_blocks": 1159, "num_entries": 2317, "filter_policy_name": "", "kDeletedKeys": "0", "kMergeOperands": "0"}}
2019/07/06-17:47:29.195461 7f98e4ffe700 [db/compaction_job.cc:1287] [usertable] [JOB 4] Compacted 1@1 files to L2 => 211270650 bytes
2019/07/06-17:47:29.213412 7f98e4ffe700 (Original Log Time 2019/07/06-17:47:29.213254) [db/compaction_job.cc:685] [usertable] compacted to: base level 1 max bytes base 536870912 files[2 2 182 550 0 0 0] max score 1.03, MB/sec: 54.5 rd, 54.4 wr, level 2, files in(1, 0) out(4) MB in(202.0, 0.0) out(201.5), read-write-amplify(2.0) write-amplify(1.0) OK, records in: 51154, records dropped: 0 output_compression: LZ4
2019/07/06-17:47:29.213421 7f98e4ffe700 (Original Log Time 2019/07/06-17:47:29.213311) EVENT_LOG_v1 {"time_micros": 1562460449213292, "job": 4, "event": "compaction_finished", "compaction_time_micros": 3884449, "output_level": 2, "num_output_files": 4, "total_output_size": 211270650, "num_input_records": 51154, "num_output_records": 51154, "num_subcompactions": 1, "output_compression": "LZ4", "num_single_delete_mismatches": 0, "num_single_delete_fallthrough": 0, "lsm_state": [2, 2, 182, 550, 0, 0, 0]}
2019/07/06-17:47:29.232635 7f98dffff700 (Original Log Time 2019/07/06-17:47:29.213687) [db/db_impl_compaction_flush.cc:1835] [usertable] Moving #1325 to level-3 67233569 bytes
2019/07/06-17:47:29.232639 7f98dffff700 (Original Log Time 2019/07/06-17:47:29.232553) EVENT_LOG_v1 {"time_micros": 1562460449232545, "job": 5, "event": "trivial_move", "destination_level": 3, "files": 1, "total_files_size": 67233569}
2019/07/06-17:47:29.232641 7f98dffff700 (Original Log Time 2019/07/06-17:47:29.232561) [db/db_impl_compaction_flush.cc:1864] [usertable] Moved #1 files to level-3 67233569 bytes OK: base level 1 max bytes base 536870912 files[2 2 181 551 0 0 0] max score 1.02
2019/07/06-17:47:29.251382 7f98dffff700 EVENT_LOG_v1 {"time_micros": 1562460449251369, "job": 5, "event": "table_file_deletion", "file_number": 919}
2019/07/06-17:47:29.268676 7f98dffff700 (Original Log Time 2019/07/06-17:47:29.251554) [db/db_impl_compaction_flush.cc:1835] [usertable] Moving #1323 to level-3 67233521 bytes
2019/07/06-17:47:29.268680 7f98dffff700 (Original Log Time 2019/07/06-17:47:29.268581) EVENT_LOG_v1 {"time_micros": 1562460449268574, "job": 6, "event": "trivial_move", "destination_level": 3, "files": 1, "total_files_size": 67233521}
2019/07/06-17:47:29.268682 7f98dffff700 (Original Log Time 2019/07/06-17:47:29.268591) [db/db_impl_compaction_flush.cc:1864] [usertable] Moved #1 files to level-3 67233521 bytes OK: base level 1 max bytes base 536870912 files[2 2 180 552 0 0 0] max score 1.01
2019/07/06-17:47:29.288901 7f98dffff700 (Original Log Time 2019/07/06-17:47:29.268886) [db/db_impl_compaction_flush.cc:1835] [usertable] Moving #1324 to level-3 67233354 bytes
2019/07/06-17:47:29.288907 7f98dffff700 (Original Log Time 2019/07/06-17:47:29.288802) EVENT_LOG_v1 {"time_micros": 1562460449288785, "job": 7, "event": "trivial_move", "destination_level": 3, "files": 1, "total_files_size": 67233354}
2019/07/06-17:47:29.288910 7f98dffff700 (Original Log Time 2019/07/06-17:47:29.288821) [db/db_impl_compaction_flush.cc:1864] [usertable] Moved #1 files to level-3 67233354 bytes OK: base level 1 max bytes base 536870912 files[2 2 179 553 0 0 0] max score 1.00
2019/07/06-17:47:29.308508 7f98de7fc700 (Original Log Time 2019/07/06-17:47:29.291233) [db/db_impl_compaction_flush.cc:1835] [usertable] Moving #1317 to level-1 129895352 bytes
2019/07/06-17:47:29.308513 7f98de7fc700 (Original Log Time 2019/07/06-17:47:29.308414) EVENT_LOG_v1 {"time_micros": 1562460449308399, "job": 8, "event": "trivial_move", "destination_level": 1, "files": 1, "total_files_size": 129895352}
