2019/04/20-19:51:06.153933 7f060d3e8700 RocksDB version: 5.14.3
2019/04/20-19:51:06.154016 7f060d3e8700 Git sha rocksdb_build_git_sha:
2019/04/20-19:51:06.154019 7f060d3e8700 Compile date Oct  9 2018
2019/04/20-19:51:06.154027 7f060d3e8700 DB SUMMARY
2019/04/20-19:51:06.154940 7f060d3e8700 CURRENT file:  CURRENT
2019/04/20-19:51:06.154943 7f060d3e8700 IDENTITY file:  IDENTITY
2019/04/20-19:51:06.154955 7f060d3e8700 MANIFEST file:  MANIFEST-000004 size: 128418 Bytes
2019/04/20-19:51:06.154959 7f060d3e8700 SST files in /mnt/sde/ycsb-rocksdb-data dir, Total Num: 734, files: 000021.sst 000022.sst 000023.sst 000024.sst 000028.sst 000029.sst 000030.sst 000031.sst 000035.sst 
2019/04/20-19:51:06.154963 7f060d3e8700 Write Ahead Log file in /mnt/sde/ycsb-rocksdb-data: 001303.log size: 107210286 ; 
2019/04/20-19:51:06.154989 7f060d3e8700                         Options.error_if_exists: 0
2019/04/20-19:51:06.154990 7f060d3e8700                       Options.create_if_missing: 1
2019/04/20-19:51:06.154991 7f060d3e8700                         Options.paranoid_checks: 1
2019/04/20-19:51:06.154992 7f060d3e8700                                     Options.env: 0x7f060d0d1080
2019/04/20-19:51:06.154993 7f060d3e8700                                Options.info_log: 0x7f05543ad3f0
2019/04/20-19:51:06.154994 7f060d3e8700                Options.max_file_opening_threads: 16
2019/04/20-19:51:06.154995 7f060d3e8700                              Options.statistics: (nil)
2019/04/20-19:51:06.154997 7f060d3e8700                               Options.use_fsync: 0
2019/04/20-19:51:06.154997 7f060d3e8700                       Options.max_log_file_size: 0
2019/04/20-19:51:06.154998 7f060d3e8700                  Options.max_manifest_file_size: 18446744073709551615
2019/04/20-19:51:06.155000 7f060d3e8700                   Options.log_file_time_to_roll: 0
2019/04/20-19:51:06.155000 7f060d3e8700                       Options.keep_log_file_num: 1000
2019/04/20-19:51:06.155002 7f060d3e8700                    Options.recycle_log_file_num: 0
2019/04/20-19:51:06.155002 7f060d3e8700                         Options.allow_fallocate: 1
2019/04/20-19:51:06.155003 7f060d3e8700                        Options.allow_mmap_reads: 0
2019/04/20-19:51:06.155004 7f060d3e8700                       Options.allow_mmap_writes: 0
2019/04/20-19:51:06.155005 7f060d3e8700                        Options.use_direct_reads: 0
2019/04/20-19:51:06.155006 7f060d3e8700                        Options.use_direct_io_for_flush_and_compaction: 0
2019/04/20-19:51:06.155007 7f060d3e8700          Options.create_missing_column_families: 1
2019/04/20-19:51:06.155008 7f060d3e8700                              Options.db_log_dir: 
2019/04/20-19:51:06.155009 7f060d3e8700                                 Options.wal_dir: /mnt/sde/ycsb-rocksdb-data
2019/04/20-19:51:06.155010 7f060d3e8700                Options.table_cache_numshardbits: 6
2019/04/20-19:51:06.155011 7f060d3e8700                      Options.max_subcompactions: 4
2019/04/20-19:51:06.155012 7f060d3e8700                  Options.max_background_flushes: 24
2019/04/20-19:51:06.155013 7f060d3e8700                         Options.WAL_ttl_seconds: 0
2019/04/20-19:51:06.155014 7f060d3e8700                       Options.WAL_size_limit_MB: 0
2019/04/20-19:51:06.155015 7f060d3e8700             Options.manifest_preallocation_size: 4194304
2019/04/20-19:51:06.155016 7f060d3e8700                     Options.is_fd_close_on_exec: 1
2019/04/20-19:51:06.155017 7f060d3e8700                   Options.advise_random_on_open: 1
2019/04/20-19:51:06.155018 7f060d3e8700                    Options.db_write_buffer_size: 0
2019/04/20-19:51:06.155019 7f060d3e8700                    Options.write_buffer_manager: 0x7f05543a1a40
2019/04/20-19:51:06.155020 7f060d3e8700         Options.access_hint_on_compaction_start: 1
2019/04/20-19:51:06.155021 7f060d3e8700  Options.new_table_reader_for_compaction_inputs: 0
2019/04/20-19:51:06.155022 7f060d3e8700           Options.random_access_max_buffer_size: 1048576
2019/04/20-19:51:06.155023 7f060d3e8700                      Options.use_adaptive_mutex: 0
2019/04/20-19:51:06.155024 7f060d3e8700                            Options.rate_limiter: (nil)
2019/04/20-19:51:06.155038 7f060d3e8700     Options.sst_file_manager.rate_bytes_per_sec: 0
2019/04/20-19:51:06.155039 7f060d3e8700                       Options.wal_recovery_mode: 2
2019/04/20-19:51:06.155040 7f060d3e8700                  Options.enable_thread_tracking: 0
2019/04/20-19:51:06.155041 7f060d3e8700                  Options.enable_pipelined_write: 1
2019/04/20-19:51:06.155042 7f060d3e8700         Options.allow_concurrent_memtable_write: 1
2019/04/20-19:51:06.155043 7f060d3e8700      Options.enable_write_thread_adaptive_yield: 1
2019/04/20-19:51:06.155044 7f060d3e8700             Options.write_thread_max_yield_usec: 100
2019/04/20-19:51:06.155045 7f060d3e8700            Options.write_thread_slow_yield_usec: 3
2019/04/20-19:51:06.155046 7f060d3e8700                               Options.row_cache: None
2019/04/20-19:51:06.155047 7f060d3e8700                              Options.wal_filter: None
2019/04/20-19:51:06.155048 7f060d3e8700             Options.avoid_flush_during_recovery: 0
2019/04/20-19:51:06.155049 7f060d3e8700             Options.allow_ingest_behind: 0
2019/04/20-19:51:06.155050 7f060d3e8700             Options.preserve_deletes: 0
2019/04/20-19:51:06.155051 7f060d3e8700             Options.two_write_queues: 0
2019/04/20-19:51:06.155052 7f060d3e8700             Options.manual_wal_flush: 0
2019/04/20-19:51:06.155054 7f060d3e8700             Options.max_background_jobs: 24
2019/04/20-19:51:06.155054 7f060d3e8700             Options.max_background_compactions: 24
2019/04/20-19:51:06.155055 7f060d3e8700             Options.avoid_flush_during_shutdown: 0
2019/04/20-19:51:06.155056 7f060d3e8700           Options.writable_file_max_buffer_size: 1048576
2019/04/20-19:51:06.155057 7f060d3e8700             Options.delayed_write_rate : 16777216
2019/04/20-19:51:06.155058 7f060d3e8700             Options.max_total_wal_size: 0
2019/04/20-19:51:06.155059 7f060d3e8700             Options.delete_obsolete_files_period_micros: 21600000000
2019/04/20-19:51:06.155060 7f060d3e8700                   Options.stats_dump_period_sec: 60
2019/04/20-19:51:06.155061 7f060d3e8700                          Options.max_open_files: -1
2019/04/20-19:51:06.155062 7f060d3e8700                          Options.bytes_per_sync: 1048576
2019/04/20-19:51:06.155064 7f060d3e8700                      Options.wal_bytes_per_sync: 0
2019/04/20-19:51:06.155065 7f060d3e8700       Options.compaction_readahead_size: 0
2019/04/20-19:51:06.155066 7f060d3e8700 Compression algorithms supported:
2019/04/20-19:51:06.155067 7f060d3e8700 	kZSTDNotFinalCompression supported: 1
2019/04/20-19:51:06.155075 7f060d3e8700 	kZSTD supported: 1
2019/04/20-19:51:06.155076 7f060d3e8700 	kXpressCompression supported: 0
2019/04/20-19:51:06.155077 7f060d3e8700 	kLZ4HCCompression supported: 1
2019/04/20-19:51:06.155078 7f060d3e8700 	kLZ4Compression supported: 1
2019/04/20-19:51:06.155080 7f060d3e8700 	kBZip2Compression supported: 1
2019/04/20-19:51:06.155081 7f060d3e8700 	kZlibCompression supported: 1
2019/04/20-19:51:06.155082 7f060d3e8700 	kSnappyCompression supported: 1
2019/04/20-19:51:06.155085 7f060d3e8700 Fast CRC32 supported: Not supported on x86
2019/04/20-19:51:06.155591 7f060d3e8700 [db/version_set.cc:3085] Recovering from manifest file: MANIFEST-000004
2019/04/20-19:51:06.155665 7f060d3e8700 [db/column_family.cc:475] --------------- Options for column family [default]:
2019/04/20-19:51:06.155669 7f060d3e8700               Options.comparator: leveldb.BytewiseComparator
2019/04/20-19:51:06.155670 7f060d3e8700           Options.merge_operator: None
2019/04/20-19:51:06.155671 7f060d3e8700        Options.compaction_filter: None
2019/04/20-19:51:06.155672 7f060d3e8700        Options.compaction_filter_factory: None
2019/04/20-19:51:06.155673 7f060d3e8700         Options.memtable_factory: SkipListFactory
2019/04/20-19:51:06.155674 7f060d3e8700            Options.table_factory: BlockBasedTable
2019/04/20-19:51:06.155700 7f060d3e8700            table_factory options:   flush_block_policy_factory: FlushBlockBySizePolicyFactory (0x7f05543a24b0)
  cache_index_and_filter_blocks: 0
  cache_index_and_filter_blocks_with_high_priority: 0
  pin_l0_filter_and_index_blocks_in_cache: 0
  index_type: 0
  hash_index_allow_collision: 1
  checksum: 1
  no_block_cache: 0
  block_cache: 0x7f05543a1bf0
  block_cache_name: LRUCache
  block_cache_options:
    capacity : 8388608
    num_shard_bits : 4
    strict_capacity_limit : 0
    high_pri_pool_ratio: 0.000
  block_cache_compressed: (nil)
  persistent_cache: (nil)
  block_size: 8192
  block_size_deviation: 10
  block_restart_interval: 16
  index_block_restart_interval: 1
  metadata_block_size: 4096
  partition_filters: 0
  use_delta_encoding: 1
  filter_policy: nullptr
  whole_key_filtering: 1
  verify_compression: 0
  read_amp_bytes_per_bit: 0
  format_version: 2
  enable_index_compression: 1
  block_align: 0
2019/04/20-19:51:06.155713 7f060d3e8700        Options.write_buffer_size: 134217728
2019/04/20-19:51:06.155715 7f060d3e8700  Options.max_write_buffer_number: 24
2019/04/20-19:51:06.155716 7f060d3e8700        Options.compression[0]: NoCompression
2019/04/20-19:51:06.155718 7f060d3e8700        Options.compression[1]: NoCompression
2019/04/20-19:51:06.155719 7f060d3e8700        Options.compression[2]: LZ4
2019/04/20-19:51:06.155721 7f060d3e8700        Options.compression[3]: LZ4
2019/04/20-19:51:06.155722 7f060d3e8700        Options.compression[4]: LZ4
2019/04/20-19:51:06.155723 7f060d3e8700        Options.compression[5]: LZ4
2019/04/20-19:51:06.155724 7f060d3e8700        Options.compression[6]: LZ4
2019/04/20-19:51:06.155725 7f060d3e8700                  Options.bottommost_compression: Disabled
2019/04/20-19:51:06.155726 7f060d3e8700       Options.prefix_extractor: nullptr
2019/04/20-19:51:06.155727 7f060d3e8700   Options.memtable_insert_with_hint_prefix_extractor: nullptr
2019/04/20-19:51:06.155728 7f060d3e8700             Options.num_levels: 7
2019/04/20-19:51:06.155728 7f060d3e8700        Options.min_write_buffer_number_to_merge: 2
2019/04/20-19:51:06.155729 7f060d3e8700     Options.max_write_buffer_number_to_maintain: 0
2019/04/20-19:51:06.155730 7f060d3e8700            Options.compression_opts.window_bits: -14
2019/04/20-19:51:06.155731 7f060d3e8700                  Options.compression_opts.level: -1
2019/04/20-19:51:06.155732 7f060d3e8700               Options.compression_opts.strategy: 0
2019/04/20-19:51:06.155733 7f060d3e8700         Options.compression_opts.max_dict_bytes: 0
2019/04/20-19:51:06.155734 7f060d3e8700         Options.compression_opts.zstd_max_train_bytes: 0
2019/04/20-19:51:06.155735 7f060d3e8700      Options.level0_file_num_compaction_trigger: 2
2019/04/20-19:51:06.155735 7f060d3e8700          Options.level0_slowdown_writes_trigger: 20
2019/04/20-19:51:06.155737 7f060d3e8700              Options.level0_stop_writes_trigger: 36
2019/04/20-19:51:06.155738 7f060d3e8700                   Options.target_file_size_base: 67108864
2019/04/20-19:51:06.155739 7f060d3e8700             Options.target_file_size_multiplier: 1
2019/04/20-19:51:06.155740 7f060d3e8700                Options.max_bytes_for_level_base: 536870912
2019/04/20-19:51:06.155740 7f060d3e8700 Options.level_compaction_dynamic_level_bytes: 0
2019/04/20-19:51:06.155741 7f060d3e8700          Options.max_bytes_for_level_multiplier: 10.000000
2019/04/20-19:51:06.155745 7f060d3e8700 Options.max_bytes_for_level_multiplier_addtl[0]: 1
2019/04/20-19:51:06.155746 7f060d3e8700 Options.max_bytes_for_level_multiplier_addtl[1]: 1
2019/04/20-19:51:06.155747 7f060d3e8700 Options.max_bytes_for_level_multiplier_addtl[2]: 1
2019/04/20-19:51:06.155748 7f060d3e8700 Options.max_bytes_for_level_multiplier_addtl[3]: 1
2019/04/20-19:51:06.155749 7f060d3e8700 Options.max_bytes_for_level_multiplier_addtl[4]: 1
2019/04/20-19:51:06.155750 7f060d3e8700 Options.max_bytes_for_level_multiplier_addtl[5]: 1
2019/04/20-19:51:06.155751 7f060d3e8700 Options.max_bytes_for_level_multiplier_addtl[6]: 1
2019/04/20-19:51:06.155752 7f060d3e8700       Options.max_sequential_skip_in_iterations: 8
2019/04/20-19:51:06.155753 7f060d3e8700                    Options.max_compaction_bytes: 1677721600
2019/04/20-19:51:06.155760 7f060d3e8700                        Options.arena_block_size: 16777216
2019/04/20-19:51:06.155761 7f060d3e8700   Options.soft_pending_compaction_bytes_limit: 68719476736
2019/04/20-19:51:06.155762 7f060d3e8700   Options.hard_pending_compaction_bytes_limit: 274877906944
2019/04/20-19:51:06.155763 7f060d3e8700       Options.rate_limit_delay_max_milliseconds: 100
2019/04/20-19:51:06.155764 7f060d3e8700                Options.disable_auto_compactions: 0
2019/04/20-19:51:06.155765 7f060d3e8700                        Options.compaction_style: kCompactionStyleLevel
2019/04/20-19:51:06.155767 7f060d3e8700                          Options.compaction_pri: kByCompensatedSize
2019/04/20-19:51:06.155768 7f060d3e8700 Options.compaction_options_universal.size_ratio: 1
2019/04/20-19:51:06.155769 7f060d3e8700 Options.compaction_options_universal.min_merge_width: 2
2019/04/20-19:51:06.155770 7f060d3e8700 Options.compaction_options_universal.max_merge_width: 4294967295
2019/04/20-19:51:06.155771 7f060d3e8700 Options.compaction_options_universal.max_size_amplification_percent: 200
2019/04/20-19:51:06.155772 7f060d3e8700 Options.compaction_options_universal.compression_size_percent: -1
2019/04/20-19:51:06.155773 7f060d3e8700 Options.compaction_options_universal.stop_style: kCompactionStopStyleTotalSize
2019/04/20-19:51:06.155774 7f060d3e8700 Options.compaction_options_fifo.max_table_files_size: 1073741824
2019/04/20-19:51:06.155775 7f060d3e8700 Options.compaction_options_fifo.allow_compaction: 0
2019/04/20-19:51:06.155776 7f060d3e8700 Options.compaction_options_fifo.ttl: 0
2019/04/20-19:51:06.155776 7f060d3e8700                   Options.table_properties_collectors: 
2019/04/20-19:51:06.155777 7f060d3e8700                   Options.inplace_update_support: 0
2019/04/20-19:51:06.155778 7f060d3e8700                 Options.inplace_update_num_locks: 10000
2019/04/20-19:51:06.155779 7f060d3e8700               Options.memtable_prefix_bloom_size_ratio: 0.000000
2019/04/20-19:51:06.155781 7f060d3e8700   Options.memtable_huge_page_size: 0
2019/04/20-19:51:06.155782 7f060d3e8700                           Options.bloom_locality: 0
2019/04/20-19:51:06.155782 7f060d3e8700                    Options.max_successive_merges: 0
2019/04/20-19:51:06.155783 7f060d3e8700                Options.optimize_filters_for_hits: 0
2019/04/20-19:51:06.155784 7f060d3e8700                Options.paranoid_file_checks: 0
2019/04/20-19:51:06.155785 7f060d3e8700                Options.force_consistency_checks: 0
2019/04/20-19:51:06.155786 7f060d3e8700                Options.report_bg_io_stats: 0
2019/04/20-19:51:06.155787 7f060d3e8700                               Options.ttl: 0
2019/04/20-19:51:06.156581 7f060d3e8700 [db/column_family.cc:475] --------------- Options for column family [usertable]:
2019/04/20-19:51:06.156585 7f060d3e8700               Options.comparator: leveldb.BytewiseComparator
2019/04/20-19:51:06.156586 7f060d3e8700           Options.merge_operator: None
2019/04/20-19:51:06.156587 7f060d3e8700        Options.compaction_filter: None
2019/04/20-19:51:06.156588 7f060d3e8700        Options.compaction_filter_factory: None
2019/04/20-19:51:06.156589 7f060d3e8700         Options.memtable_factory: SkipListFactory
2019/04/20-19:51:06.156591 7f060d3e8700            Options.table_factory: BlockBasedTable
2019/04/20-19:51:06.156614 7f060d3e8700            table_factory options:   flush_block_policy_factory: FlushBlockBySizePolicyFactory (0x7f05543b1dc0)
  cache_index_and_filter_blocks: 0
  cache_index_and_filter_blocks_with_high_priority: 0
  pin_l0_filter_and_index_blocks_in_cache: 0
  index_type: 0
  hash_index_allow_collision: 1
  checksum: 1
  no_block_cache: 0
  block_cache: 0x7f05543af740
  block_cache_name: LRUCache
  block_cache_options:
    capacity : 8388608
    num_shard_bits : 4
    strict_capacity_limit : 0
    high_pri_pool_ratio: 0.000
  block_cache_compressed: (nil)
  persistent_cache: (nil)
  block_size: 8192
  block_size_deviation: 10
  block_restart_interval: 16
  index_block_restart_interval: 1
  metadata_block_size: 4096
  partition_filters: 0
  use_delta_encoding: 1
  filter_policy: nullptr
  whole_key_filtering: 1
  verify_compression: 0
  read_amp_bytes_per_bit: 0
  format_version: 2
  enable_index_compression: 1
  block_align: 0
2019/04/20-19:51:06.156626 7f060d3e8700        Options.write_buffer_size: 134217728
2019/04/20-19:51:06.156628 7f060d3e8700  Options.max_write_buffer_number: 24
2019/04/20-19:51:06.156629 7f060d3e8700        Options.compression[0]: NoCompression
2019/04/20-19:51:06.156630 7f060d3e8700        Options.compression[1]: NoCompression
2019/04/20-19:51:06.156631 7f060d3e8700        Options.compression[2]: LZ4
2019/04/20-19:51:06.156632 7f060d3e8700        Options.compression[3]: LZ4
2019/04/20-19:51:06.156633 7f060d3e8700        Options.compression[4]: LZ4
2019/04/20-19:51:06.156634 7f060d3e8700        Options.compression[5]: LZ4
2019/04/20-19:51:06.156635 7f060d3e8700        Options.compression[6]: LZ4
2019/04/20-19:51:06.156636 7f060d3e8700                  Options.bottommost_compression: Disabled
2019/04/20-19:51:06.156637 7f060d3e8700       Options.prefix_extractor: nullptr
2019/04/20-19:51:06.156638 7f060d3e8700   Options.memtable_insert_with_hint_prefix_extractor: nullptr
2019/04/20-19:51:06.156639 7f060d3e8700             Options.num_levels: 7
2019/04/20-19:51:06.156639 7f060d3e8700        Options.min_write_buffer_number_to_merge: 2
2019/04/20-19:51:06.156640 7f060d3e8700     Options.max_write_buffer_number_to_maintain: 0
2019/04/20-19:51:06.156641 7f060d3e8700            Options.compression_opts.window_bits: -14
2019/04/20-19:51:06.156642 7f060d3e8700                  Options.compression_opts.level: -1
2019/04/20-19:51:06.156643 7f060d3e8700               Options.compression_opts.strategy: 0
2019/04/20-19:51:06.156644 7f060d3e8700         Options.compression_opts.max_dict_bytes: 0
2019/04/20-19:51:06.156645 7f060d3e8700         Options.compression_opts.zstd_max_train_bytes: 0
2019/04/20-19:51:06.156646 7f060d3e8700      Options.level0_file_num_compaction_trigger: 2
2019/04/20-19:51:06.156646 7f060d3e8700          Options.level0_slowdown_writes_trigger: 20
2019/04/20-19:51:06.156647 7f060d3e8700              Options.level0_stop_writes_trigger: 36
2019/04/20-19:51:06.156648 7f060d3e8700                   Options.target_file_size_base: 67108864
2019/04/20-19:51:06.156649 7f060d3e8700             Options.target_file_size_multiplier: 1
2019/04/20-19:51:06.156650 7f060d3e8700                Options.max_bytes_for_level_base: 536870912
2019/04/20-19:51:06.156651 7f060d3e8700 Options.level_compaction_dynamic_level_bytes: 0
2019/04/20-19:51:06.156652 7f060d3e8700          Options.max_bytes_for_level_multiplier: 10.000000
2019/04/20-19:51:06.156654 7f060d3e8700 Options.max_bytes_for_level_multiplier_addtl[0]: 1
2019/04/20-19:51:06.156655 7f060d3e8700 Options.max_bytes_for_level_multiplier_addtl[1]: 1
2019/04/20-19:51:06.156656 7f060d3e8700 Options.max_bytes_for_level_multiplier_addtl[2]: 1
2019/04/20-19:51:06.156657 7f060d3e8700 Options.max_bytes_for_level_multiplier_addtl[3]: 1
2019/04/20-19:51:06.156658 7f060d3e8700 Options.max_bytes_for_level_multiplier_addtl[4]: 1
2019/04/20-19:51:06.156659 7f060d3e8700 Options.max_bytes_for_level_multiplier_addtl[5]: 1
2019/04/20-19:51:06.156659 7f060d3e8700 Options.max_bytes_for_level_multiplier_addtl[6]: 1
2019/04/20-19:51:06.156660 7f060d3e8700       Options.max_sequential_skip_in_iterations: 8
2019/04/20-19:51:06.156661 7f060d3e8700                    Options.max_compaction_bytes: 1677721600
2019/04/20-19:51:06.156662 7f060d3e8700                        Options.arena_block_size: 16777216
2019/04/20-19:51:06.156663 7f060d3e8700   Options.soft_pending_compaction_bytes_limit: 68719476736
2019/04/20-19:51:06.156664 7f060d3e8700   Options.hard_pending_compaction_bytes_limit: 274877906944
2019/04/20-19:51:06.156665 7f060d3e8700       Options.rate_limit_delay_max_milliseconds: 100
2019/04/20-19:51:06.156666 7f060d3e8700                Options.disable_auto_compactions: 0
2019/04/20-19:51:06.156667 7f060d3e8700                        Options.compaction_style: kCompactionStyleLevel
2019/04/20-19:51:06.156674 7f060d3e8700                          Options.compaction_pri: kByCompensatedSize
2019/04/20-19:51:06.156676 7f060d3e8700 Options.compaction_options_universal.size_ratio: 1
2019/04/20-19:51:06.156677 7f060d3e8700 Options.compaction_options_universal.min_merge_width: 2
2019/04/20-19:51:06.156678 7f060d3e8700 Options.compaction_options_universal.max_merge_width: 4294967295
2019/04/20-19:51:06.156678 7f060d3e8700 Options.compaction_options_universal.max_size_amplification_percent: 200
2019/04/20-19:51:06.156679 7f060d3e8700 Options.compaction_options_universal.compression_size_percent: -1
2019/04/20-19:51:06.156680 7f060d3e8700 Options.compaction_options_universal.stop_style: kCompactionStopStyleTotalSize
2019/04/20-19:51:06.156681 7f060d3e8700 Options.compaction_options_fifo.max_table_files_size: 1073741824
2019/04/20-19:51:06.156682 7f060d3e8700 Options.compaction_options_fifo.allow_compaction: 0
2019/04/20-19:51:06.156683 7f060d3e8700 Options.compaction_options_fifo.ttl: 0
2019/04/20-19:51:06.156684 7f060d3e8700                   Options.table_properties_collectors: 
2019/04/20-19:51:06.156685 7f060d3e8700                   Options.inplace_update_support: 0
2019/04/20-19:51:06.156686 7f060d3e8700                 Options.inplace_update_num_locks: 10000
2019/04/20-19:51:06.156686 7f060d3e8700               Options.memtable_prefix_bloom_size_ratio: 0.000000
2019/04/20-19:51:06.156688 7f060d3e8700   Options.memtable_huge_page_size: 0
2019/04/20-19:51:06.156689 7f060d3e8700                           Options.bloom_locality: 0
2019/04/20-19:51:06.156690 7f060d3e8700                    Options.max_successive_merges: 0
2019/04/20-19:51:06.156690 7f060d3e8700                Options.optimize_filters_for_hits: 0
2019/04/20-19:51:06.156691 7f060d3e8700                Options.paranoid_file_checks: 0
2019/04/20-19:51:06.156692 7f060d3e8700                Options.force_consistency_checks: 0
2019/04/20-19:51:06.156693 7f060d3e8700                Options.report_bg_io_stats: 0
2019/04/20-19:51:06.156694 7f060d3e8700                               Options.ttl: 0
2019/04/20-19:51:06.941458 7f060d3e8700 [db/version_set.cc:3361] Recovered from manifest file:/mnt/sde/ycsb-rocksdb-data/MANIFEST-000004 succeeded,manifest_file_number is 4, next_file_number is 1310, last_sequence is 10436623, log_number is 0,prev_log_number is 0,max_column_family is 1,min_log_number_to_keep is 0
2019/04/20-19:51:06.941470 7f060d3e8700 [db/version_set.cc:3369] Column family [default] (ID 0), log number is 0
2019/04/20-19:51:06.941473 7f060d3e8700 [db/version_set.cc:3369] Column family [usertable] (ID 1), log number is 1303
2019/04/20-19:51:06.943579 7f060d3e8700 EVENT_LOG_v1 {"time_micros": 1555815066943551, "job": 1, "event": "recovery_started", "log_files": [1303]}
2019/04/20-19:51:06.943587 7f060d3e8700 [db/db_impl_open.cc:551] Recovering log #1303 mode 2
2019/04/20-19:51:07.430263 7f060d3e8700 [db/version_set.cc:2847] Creating manifest 1310
2019/04/20-19:51:07.881774 7f060d3e8700 EVENT_LOG_v1 {"time_micros": 1555815067881742, "cf_name": "usertable", "job": 1, "event": "table_file_creation", "file_number": 1311, "file_size": 107334650, "table_properties": {"data_size": 106854546, "index_size": 479182, "filter_size": 0, "raw_key_size": 621984, "raw_average_key_size": 24, "raw_value_size": 106151936, "raw_average_value_size": 4096, "num_data_blocks": 12958, "num_entries": 25916, "filter_policy_name": "", "kDeletedKeys": "0", "kMergeOperands": "0"}}
2019/04/20-19:51:07.902866 7f060d3e8700 EVENT_LOG_v1 {"time_micros": 1555815067902853, "job": 1, "event": "recovery_finished"}
2019/04/20-19:51:07.947181 7f060d3e8700 [db/db_impl_open.cc:1219] DB pointer 0x7f05543a0bb0
2019/04/20-19:51:07.947470 7f05e77fe700 [WARN] [db/db_impl.cc:491] ------- DUMPING STATS -------
2019/04/20-19:51:07.947516 7f05e77fe700 [WARN] [db/db_impl.cc:492] 
** DB Stats **
Uptime(secs): 1.8 total, 1.8 interval
Cumulative writes: 0 writes, 0 keys, 0 commit groups, 0.0 writes per commit group, ingest: 0.00 GB, 0.00 MB/s
Cumulative WAL: 0 writes, 0 syncs, 0.00 writes per sync, written: 0.00 GB, 0.00 MB/s
Cumulative stall: 00:00:0.000 H:M:S, 0.0 percent
Interval writes: 0 writes, 0 keys, 0 commit groups, 0.0 writes per commit group, ingest: 0.00 MB, 0.00 MB/s
Interval WAL: 0 writes, 0 syncs, 0.00 writes per sync, written: 0.00 MB, 0.00 MB/s
Interval stall: 00:00:0.000 H:M:S, 0.0 percent

** Compaction Stats [default] **
Level    Files   Size     Score Read(GB)  Rn(GB) Rnp1(GB) Write(GB) Wnew(GB) Moved(GB) W-Amp Rd(MB/s) Wr(MB/s) Comp(sec) Comp(cnt) Avg(sec) KeyIn KeyDrop
----------------------------------------------------------------------------------------------------------------------------------------------------------
 Sum      0/0    0.00 KB   0.0      0.0     0.0      0.0       0.0      0.0       0.0   0.0      0.0      0.0         0         0    0.000       0      0
 Int      0/0    0.00 KB   0.0      0.0     0.0      0.0       0.0      0.0       0.0   0.0      0.0      0.0         0         0    0.000       0      0
Uptime(secs): 1.8 total, 1.8 interval
Flush(GB): cumulative 0.000, interval 0.000
AddFile(GB): cumulative 0.000, interval 0.000
AddFile(Total Files): cumulative 0, interval 0
AddFile(L0 Files): cumulative 0, interval 0
AddFile(Keys): cumulative 0, interval 0
Cumulative compaction: 0.00 GB write, 0.00 MB/s write, 0.00 GB read, 0.00 MB/s read, 0.0 seconds
Interval compaction: 0.00 GB write, 0.00 MB/s write, 0.00 GB read, 0.00 MB/s read, 0.0 seconds
Stalls(count): 0 level0_slowdown, 0 level0_slowdown_with_compaction, 0 level0_numfiles, 0 level0_numfiles_with_compaction, 0 stop for pending_compaction_bytes, 0 slowdown for pending_compaction_bytes, 0 memtable_compaction, 0 memtable_slowdown, interval 0 total count

** File Read Latency Histogram By Level [default] **

** Compaction Stats [usertable] **
Level    Files   Size     Score Read(GB)  Rn(GB) Rnp1(GB) Write(GB) Wnew(GB) Moved(GB) W-Amp Rd(MB/s) Wr(MB/s) Comp(sec) Comp(cnt) Avg(sec) KeyIn KeyDrop
----------------------------------------------------------------------------------------------------------------------------------------------------------
  L0      2/0   308.57 MB   1.0      0.0     0.0      0.0       0.1      0.1       0.0   1.0      0.0    263.6         0         1    0.388       0      0
  L1      8/0   424.75 MB   0.8      0.0     0.0      0.0       0.0      0.0       0.0   0.0      0.0      0.0         0         0    0.000       0      0
  L2    174/0    4.96 GB   1.0      0.0     0.0      0.0       0.0      0.0       0.0   0.0      0.0      0.0         0         0    0.000       0      0
  L3    551/0   34.50 GB   0.7      0.0     0.0      0.0       0.0      0.0       0.0   0.0      0.0      0.0         0         0    0.000       0      0
 Sum    735/0   40.18 GB   0.0      0.0     0.0      0.0       0.1      0.1       0.0   1.0      0.0    263.6         0         1    0.388       0      0
 Int      0/0    0.00 KB   0.0      0.0     0.0      0.0       0.1      0.1       0.0   1.0      0.0    263.6         0         1    0.388       0      0
Uptime(secs): 1.8 total, 1.8 interval
Flush(GB): cumulative 0.100, interval 0.100
AddFile(GB): cumulative 0.000, interval 0.000
AddFile(Total Files): cumulative 0, interval 0
AddFile(L0 Files): cumulative 0, interval 0
AddFile(Keys): cumulative 0, interval 0
Cumulative compaction: 0.10 GB write, 57.16 MB/s write, 0.00 GB read, 0.00 MB/s read, 0.4 seconds
Interval compaction: 0.10 GB write, 57.16 MB/s write, 0.00 GB read, 0.00 MB/s read, 0.4 seconds
Stalls(count): 0 level0_slowdown, 0 level0_slowdown_with_compaction, 0 level0_numfiles, 0 level0_numfiles_with_compaction, 0 stop for pending_compaction_bytes, 0 slowdown for pending_compaction_bytes, 0 memtable_compaction, 0 memtable_slowdown, interval 0 total count

** File Read Latency Histogram By Level [usertable] **

** Compaction Stats [default] **
Level    Files   Size     Score Read(GB)  Rn(GB) Rnp1(GB) Write(GB) Wnew(GB) Moved(GB) W-Amp Rd(MB/s) Wr(MB/s) Comp(sec) Comp(cnt) Avg(sec) KeyIn KeyDrop
----------------------------------------------------------------------------------------------------------------------------------------------------------
 Sum      0/0    0.00 KB   0.0      0.0     0.0      0.0       0.0      0.0       0.0   0.0      0.0      0.0         0         0    0.000       0      0
 Int      0/0    0.00 KB   0.0      0.0     0.0      0.0       0.0      0.0       0.0   0.0      0.0      0.0         0         0    0.000       0      0
Uptime(secs): 1.8 total, 0.0 interval
Flush(GB): cumulative 0.000, interval 0.000
AddFile(GB): cumulative 0.000, interval 0.000
AddFile(Total Files): cumulative 0, interval 0
AddFile(L0 Files): cumulative 0, interval 0
AddFile(Keys): cumulative 0, interval 0
Cumulative compaction: 0.00 GB write, 0.00 MB/s write, 0.00 GB read, 0.00 MB/s read, 0.0 seconds
Interval compaction: 0.00 GB write, 0.00 MB/s write, 0.00 GB read, 0.00 MB/s read, 0.0 seconds
Stalls(count): 0 level0_slowdown, 0 level0_slowdown_with_compaction, 0 level0_numfiles, 0 level0_numfiles_with_compaction, 0 stop for pending_compaction_bytes, 0 slowdown for pending_compaction_bytes, 0 memtable_compaction, 0 memtable_slowdown, interval 0 total count

** File Read Latency Histogram By Level [default] **

** Compaction Stats [usertable] **
Level    Files   Size     Score Read(GB)  Rn(GB) Rnp1(GB) Write(GB) Wnew(GB) Moved(GB) W-Amp Rd(MB/s) Wr(MB/s) Comp(sec) Comp(cnt) Avg(sec) KeyIn KeyDrop
----------------------------------------------------------------------------------------------------------------------------------------------------------
  L0      2/0   308.57 MB   1.0      0.0     0.0      0.0       0.1      0.1       0.0   1.0      0.0    263.6         0         1    0.388       0      0
  L1      8/0   424.75 MB   0.8      0.0     0.0      0.0       0.0      0.0       0.0   0.0      0.0      0.0         0         0    0.000       0      0
  L2    174/0    4.96 GB   1.0      0.0     0.0      0.0       0.0      0.0       0.0   0.0      0.0      0.0         0         0    0.000       0      0
  L3    551/0   34.50 GB   0.7      0.0     0.0      0.0       0.0      0.0       0.0   0.0      0.0      0.0         0         0    0.000       0      0
 Sum    735/0   40.18 GB   0.0      0.0     0.0      0.0       0.1      0.1       0.0   1.0      0.0    263.6         0         1    0.388       0      0
 Int      0/0    0.00 KB   0.0      0.0     0.0      0.0       0.0      0.0       0.0   0.0      0.0      0.0         0         0    0.000       0      0
Uptime(secs): 1.8 total, 0.0 interval
Flush(GB): cumulative 0.100, interval 0.000
AddFile(GB): cumulative 0.000, interval 0.000
AddFile(Total Files): cumulative 0, interval 0
AddFile(L0 Files): cumulative 0, interval 0
AddFile(Keys): cumulative 0, interval 0
Cumulative compaction: 0.10 GB write, 57.16 MB/s write, 0.00 GB read, 0.00 MB/s read, 0.4 seconds
Interval compaction: 0.00 GB write, 0.00 MB/s write, 0.00 GB read, 0.00 MB/s read, 0.0 seconds
Stalls(count): 0 level0_slowdown, 0 level0_slowdown_with_compaction, 0 level0_numfiles, 0 level0_numfiles_with_compaction, 0 stop for pending_compaction_bytes, 0 slowdown for pending_compaction_bytes, 0 memtable_compaction, 0 memtable_slowdown, interval 0 total count

** File Read Latency Histogram By Level [usertable] **
2019/04/20-19:51:07.964261 7f05e77fe700 (Original Log Time 2019/04/20-19:51:07.947647) [db/db_impl_compaction_flush.cc:1835] [usertable] Moving #799 to level-1 216225896 bytes
2019/04/20-19:51:07.964266 7f05e77fe700 (Original Log Time 2019/04/20-19:51:07.964164) EVENT_LOG_v1 {"time_micros": 1555815067964148, "job": 3, "event": "trivial_move", "destination_level": 1, "files": 1, "total_files_size": 216225896}
2019/04/20-19:51:07.964269 7f05e77fe700 (Original Log Time 2019/04/20-19:51:07.964178) [db/db_impl_compaction_flush.cc:1864] [usertable] Moved #1 files to level-1 216225896 bytes OK: base level 1 max bytes base 536870912 files[1 9 174 551 0 0 0] max score 1.23
2019/04/20-19:51:07.964385 7f05e77fe700 [db/compaction_job.cc:1531] [usertable] [JOB 4] Compacting 1@1 files to L2, score 1.23
2019/04/20-19:51:07.964393 7f05e77fe700 [db/compaction_job.cc:1535] [usertable] Compaction start summary: Base version 6 Base level 1, inputs: [799(206MB)]
2019/04/20-19:51:07.964425 7f05e77fe700 EVENT_LOG_v1 {"time_micros": 1555815067964400, "job": 4, "event": "compaction_started", "compaction_reason": "LevelMaxLevelSize", "files_L1": [799], "score": 1.23234, "input_data_size": 216225896}
2019/04/20-19:51:08.859022 7f05e77fe700 [db/compaction_job.cc:1211] [usertable] [JOB 4] Generated table #1315: 16279 keys, 67233521 bytes
2019/04/20-19:51:08.859071 7f05e77fe700 EVENT_LOG_v1 {"time_micros": 1555815068859050, "cf_name": "usertable", "job": 4, "event": "table_file_creation", "file_number": 1315, "file_size": 67233521, "table_properties": {"data_size": 67120138, "index_size": 300916, "filter_size": 0, "raw_key_size": 390696, "raw_average_key_size": 24, "raw_value_size": 66678784, "raw_average_value_size": 4096, "num_data_blocks": 8140, "num_entries": 16279, "filter_policy_name": "", "kDeletedKeys": "0", "kMergeOperands": "0"}}
2019/04/20-19:51:10.505214 7f05e77fe700 [db/compaction_job.cc:1211] [usertable] [JOB 4] Generated table #1316: 16279 keys, 67233357 bytes
2019/04/20-19:51:10.505265 7f05e77fe700 EVENT_LOG_v1 {"time_micros": 1555815070505243, "cf_name": "usertable", "job": 4, "event": "table_file_creation", "file_number": 1316, "file_size": 67233357, "table_properties": {"data_size": 67118331, "index_size": 299108, "filter_size": 0, "raw_key_size": 390696, "raw_average_key_size": 24, "raw_value_size": 66678784, "raw_average_value_size": 4096, "num_data_blocks": 8140, "num_entries": 16279, "filter_policy_name": "", "kDeletedKeys": "0", "kMergeOperands": "0"}}
2019/04/20-19:51:11.420585 7f05e77fe700 [db/compaction_job.cc:1211] [usertable] [JOB 4] Generated table #1317: 16279 keys, 67233534 bytes
2019/04/20-19:51:11.420634 7f05e77fe700 EVENT_LOG_v1 {"time_micros": 1555815071420614, "cf_name": "usertable", "job": 4, "event": "table_file_creation", "file_number": 1317, "file_size": 67233534, "table_properties": {"data_size": 67120141, "index_size": 300916, "filter_size": 0, "raw_key_size": 390696, "raw_average_key_size": 24, "raw_value_size": 66678784, "raw_average_value_size": 4096, "num_data_blocks": 8140, "num_entries": 16279, "filter_policy_name": "", "kDeletedKeys": "0", "kMergeOperands": "0"}}
2019/04/20-19:51:11.621601 7f05e77fe700 [db/compaction_job.cc:1211] [usertable] [JOB 4] Generated table #1318: 3371 keys, 13923252 bytes
2019/04/20-19:51:11.621653 7f05e77fe700 EVENT_LOG_v1 {"time_micros": 1555815071621629, "cf_name": "usertable", "job": 4, "event": "table_file_creation", "file_number": 1318, "file_size": 13923252, "table_properties": {"data_size": 13898647, "index_size": 61743, "filter_size": 0, "raw_key_size": 80904, "raw_average_key_size": 24, "raw_value_size": 13807616, "raw_average_value_size": 4096, "num_data_blocks": 1686, "num_entries": 3371, "filter_policy_name": "", "kDeletedKeys": "0", "kMergeOperands": "0"}}
2019/04/20-19:51:11.621729 7f05e77fe700 [db/compaction_job.cc:1287] [usertable] [JOB 4] Compacted 1@1 files to L2 => 215623664 bytes
2019/04/20-19:51:11.639173 7f05e77fe700 (Original Log Time 2019/04/20-19:51:11.639003) [db/compaction_job.cc:685] [usertable] compacted to: base level 1 max bytes base 536870912 files[1 8 178 551 0 0 0] max score 1.03, MB/sec: 59.1 rd, 59.0 wr, level 2, files in(1, 0) out(4) MB in(206.2, 0.0) out(205.6), read-write-amplify(2.0) write-amplify(1.0) OK, records in: 52208, records dropped: 0 output_compression: LZ4
2019/04/20-19:51:11.639183 7f05e77fe700 (Original Log Time 2019/04/20-19:51:11.639057) EVENT_LOG_v1 {"time_micros": 1555815071639038, "job": 4, "event": "compaction_finished", "compaction_time_micros": 3657260, "output_level": 2, "num_output_files": 4, "total_output_size": 215623664, "num_input_records": 52208, "num_output_records": 52208, "num_subcompactions": 1, "output_compression": "LZ4", "num_single_delete_mismatches": 0, "num_single_delete_fallthrough": 0, "lsm_state": [1, 8, 178, 551, 0, 0, 0]}
2019/04/20-19:51:11.657522 7f05fffff700 (Original Log Time 2019/04/20-19:51:11.639482) [db/db_impl_compaction_flush.cc:1835] [usertable] Moving #1317 to level-3 67233534 bytes
2019/04/20-19:51:11.657528 7f05fffff700 (Original Log Time 2019/04/20-19:51:11.657260) EVENT_LOG_v1 {"time_micros": 1555815071657249, "job": 5, "event": "trivial_move", "destination_level": 3, "files": 1, "total_files_size": 67233534}
2019/04/20-19:51:11.657533 7f05fffff700 (Original Log Time 2019/04/20-19:51:11.657275) [db/db_impl_compaction_flush.cc:1864] [usertable] Moved #1 files to level-3 67233534 bytes OK: base level 1 max bytes base 536870912 files[1 8 177 552 0 0 0] max score 1.02
2019/04/20-19:51:11.676017 7f05fffff700 EVENT_LOG_v1 {"time_micros": 1555815071676001, "job": 5, "event": "table_file_deletion", "file_number": 799}
2019/04/20-19:51:11.693611 7f05ff7fe700 (Original Log Time 2019/04/20-19:51:11.676274) [db/db_impl_compaction_flush.cc:1835] [usertable] Moving #1315 to level-3 67233521 bytes
2019/04/20-19:51:11.693618 7f05ff7fe700 (Original Log Time 2019/04/20-19:51:11.693506) EVENT_LOG_v1 {"time_micros": 1555815071693493, "job": 6, "event": "trivial_move", "destination_level": 3, "files": 1, "total_files_size": 67233521}
2019/04/20-19:51:11.693620 7f05ff7fe700 (Original Log Time 2019/04/20-19:51:11.693522) [db/db_impl_compaction_flush.cc:1864] [usertable] Moved #1 files to level-3 67233521 bytes OK: base level 1 max bytes base 536870912 files[1 8 176 553 0 0 0] max score 1.01
2019/04/20-19:51:11.711836 7f05fe7fc700 (Original Log Time 2019/04/20-19:51:11.693865) [db/db_impl_compaction_flush.cc:1835] [usertable] Moving #1316 to level-3 67233357 bytes
2019/04/20-19:51:11.711843 7f05fe7fc700 (Original Log Time 2019/04/20-19:51:11.711750) EVENT_LOG_v1 {"time_micros": 1555815071711737, "job": 7, "event": "trivial_move", "destination_level": 3, "files": 1, "total_files_size": 67233357}
2019/04/20-19:51:11.711846 7f05fe7fc700 (Original Log Time 2019/04/20-19:51:11.711768) [db/db_impl_compaction_flush.cc:1864] [usertable] Moved #1 files to level-3 67233357 bytes OK: base level 1 max bytes base 536870912 files[1 8 175 554 0 0 0] max score 0.99
2019/04/20-19:51:12.930537 7f05f46f7700 [db/db_impl_write.cc:1373] [usertable] New memtable created with log file: #1319. Immutable memtables: 0.
2019/04/20-19:51:16.175993 7f05ec2f3700 [db/db_impl_write.cc:1373] [usertable] New memtable created with log file: #1320. Immutable memtables: 1.
2019/04/20-19:51:16.176148 7f04b67fc700 [db/db_impl_compaction_flush.cc:80] [JOB 8] Syncing log #1312
2019/04/20-19:51:16.936609 7f04b67fc700 [db/db_impl_compaction_flush.cc:80] [JOB 8] Syncing log #1319
2019/04/20-19:51:18.121077 7f04b67fc700 (Original Log Time 2019/04/20-19:51:16.176109) [db/db_impl_compaction_flush.cc:1424] Calling FlushMemTableToOutputFile with column family [usertable], flush slots available 24, compaction slots available 1, flush slots scheduled 1, compaction slots scheduled 0
2019/04/20-19:51:18.121089 7f04b67fc700 [db/flush_job.cc:301] [usertable] [JOB 8] Flushing memtable with next log file: 1319
2019/04/20-19:51:18.121098 7f04b67fc700 [db/flush_job.cc:301] [usertable] [JOB 8] Flushing memtable with next log file: 1320
