2019/03/27-10:09:49.374609 7f789541f0 RocksDB version: 5.14.3
2019/03/27-10:09:49.374764 7f789541f0 Git sha rocksdb_build_git_sha:
2019/03/27-10:09:49.374772 7f789541f0 Compile date Mar 11 2019
2019/03/27-10:09:49.374781 7f789541f0 DB SUMMARY
2019/03/27-10:09:49.375256 7f789541f0 CURRENT file:  CURRENT
2019/03/27-10:09:49.375273 7f789541f0 IDENTITY file:  IDENTITY
2019/03/27-10:09:49.375308 7f789541f0 MANIFEST file:  MANIFEST-000004 size: 5797 Bytes
2019/03/27-10:09:49.375316 7f789541f0 SST files in /mnt/sda/ycsb-rocksdb-data dir, Total Num: 52, files: 000011.sst 000020.sst 000021.sst 000022.sst 000023.sst 000024.sst 000028.sst 000029.sst 000030.sst 
2019/03/27-10:09:49.375321 7f789541f0 Write Ahead Log file in /mnt/sda/ycsb-rocksdb-data: 000103.log size: 129790552 ; 000107.log size: 38013816 ; 
2019/03/27-10:09:49.375333 7f789541f0                         Options.error_if_exists: 0
2019/03/27-10:09:49.375337 7f789541f0                       Options.create_if_missing: 1
2019/03/27-10:09:49.375340 7f789541f0                         Options.paranoid_checks: 1
2019/03/27-10:09:49.375343 7f789541f0                                     Options.env: 0x7f507f7f18
2019/03/27-10:09:49.375347 7f789541f0                                Options.info_log: 0x7f38381f90
2019/03/27-10:09:49.375350 7f789541f0                Options.max_file_opening_threads: 16
2019/03/27-10:09:49.375353 7f789541f0                              Options.statistics: (nil)
2019/03/27-10:09:49.375357 7f789541f0                               Options.use_fsync: 0
2019/03/27-10:09:49.375361 7f789541f0                       Options.max_log_file_size: 0
2019/03/27-10:09:49.375364 7f789541f0                  Options.max_manifest_file_size: 18446744073709551615
2019/03/27-10:09:49.375367 7f789541f0                   Options.log_file_time_to_roll: 0
2019/03/27-10:09:49.375370 7f789541f0                       Options.keep_log_file_num: 1000
2019/03/27-10:09:49.375374 7f789541f0                    Options.recycle_log_file_num: 0
2019/03/27-10:09:49.375377 7f789541f0                         Options.allow_fallocate: 1
2019/03/27-10:09:49.375380 7f789541f0                        Options.allow_mmap_reads: 0
2019/03/27-10:09:49.375383 7f789541f0                       Options.allow_mmap_writes: 0
2019/03/27-10:09:49.375386 7f789541f0                        Options.use_direct_reads: 0
2019/03/27-10:09:49.375389 7f789541f0                        Options.use_direct_io_for_flush_and_compaction: 0
2019/03/27-10:09:49.375392 7f789541f0          Options.create_missing_column_families: 1
2019/03/27-10:09:49.375395 7f789541f0                              Options.db_log_dir: 
2019/03/27-10:09:49.375398 7f789541f0                                 Options.wal_dir: /mnt/sda/ycsb-rocksdb-data
2019/03/27-10:09:49.375401 7f789541f0                Options.table_cache_numshardbits: 6
2019/03/27-10:09:49.375404 7f789541f0                      Options.max_subcompactions: 4
2019/03/27-10:09:49.375408 7f789541f0                  Options.max_background_flushes: 6
2019/03/27-10:09:49.375411 7f789541f0                         Options.WAL_ttl_seconds: 0
2019/03/27-10:09:49.375414 7f789541f0                       Options.WAL_size_limit_MB: 0
2019/03/27-10:09:49.375417 7f789541f0             Options.manifest_preallocation_size: 4194304
2019/03/27-10:09:49.375420 7f789541f0                     Options.is_fd_close_on_exec: 1
2019/03/27-10:09:49.375423 7f789541f0                   Options.advise_random_on_open: 1
2019/03/27-10:09:49.375426 7f789541f0                    Options.db_write_buffer_size: 0
2019/03/27-10:09:49.375429 7f789541f0                    Options.write_buffer_manager: 0x7f38382d80
2019/03/27-10:09:49.375432 7f789541f0         Options.access_hint_on_compaction_start: 1
2019/03/27-10:09:49.375435 7f789541f0  Options.new_table_reader_for_compaction_inputs: 0
2019/03/27-10:09:49.375438 7f789541f0           Options.random_access_max_buffer_size: 1048576
2019/03/27-10:09:49.375441 7f789541f0                      Options.use_adaptive_mutex: 0
2019/03/27-10:09:49.375444 7f789541f0                            Options.rate_limiter: (nil)
2019/03/27-10:09:49.375449 7f789541f0     Options.sst_file_manager.rate_bytes_per_sec: 0
2019/03/27-10:09:49.375500 7f789541f0                       Options.wal_recovery_mode: 2
2019/03/27-10:09:49.375505 7f789541f0                  Options.enable_thread_tracking: 0
2019/03/27-10:09:49.375508 7f789541f0                  Options.enable_pipelined_write: 1
2019/03/27-10:09:49.375511 7f789541f0         Options.allow_concurrent_memtable_write: 1
2019/03/27-10:09:49.375514 7f789541f0      Options.enable_write_thread_adaptive_yield: 1
2019/03/27-10:09:49.375517 7f789541f0             Options.write_thread_max_yield_usec: 100
2019/03/27-10:09:49.375520 7f789541f0            Options.write_thread_slow_yield_usec: 3
2019/03/27-10:09:49.375523 7f789541f0                               Options.row_cache: None
2019/03/27-10:09:49.375526 7f789541f0                              Options.wal_filter: None
2019/03/27-10:09:49.375529 7f789541f0             Options.avoid_flush_during_recovery: 0
2019/03/27-10:09:49.375532 7f789541f0             Options.allow_ingest_behind: 0
2019/03/27-10:09:49.375535 7f789541f0             Options.preserve_deletes: 0
2019/03/27-10:09:49.375538 7f789541f0             Options.two_write_queues: 0
2019/03/27-10:09:49.375541 7f789541f0             Options.manual_wal_flush: 0
2019/03/27-10:09:49.375546 7f789541f0             Options.max_background_jobs: 6
2019/03/27-10:09:49.375550 7f789541f0             Options.max_background_compactions: 6
2019/03/27-10:09:49.375553 7f789541f0             Options.avoid_flush_during_shutdown: 0
2019/03/27-10:09:49.375555 7f789541f0           Options.writable_file_max_buffer_size: 1048576
2019/03/27-10:09:49.375558 7f789541f0             Options.delayed_write_rate : 16777216
2019/03/27-10:09:49.375561 7f789541f0             Options.max_total_wal_size: 0
2019/03/27-10:09:49.375564 7f789541f0             Options.delete_obsolete_files_period_micros: 21600000000
2019/03/27-10:09:49.375567 7f789541f0                   Options.stats_dump_period_sec: 60
2019/03/27-10:09:49.375570 7f789541f0                          Options.max_open_files: -1
2019/03/27-10:09:49.375573 7f789541f0                          Options.bytes_per_sync: 1048576
2019/03/27-10:09:49.375576 7f789541f0                      Options.wal_bytes_per_sync: 0
2019/03/27-10:09:49.375579 7f789541f0       Options.compaction_readahead_size: 0
2019/03/27-10:09:49.375582 7f789541f0 Compression algorithms supported:
2019/03/27-10:09:49.375586 7f789541f0 	kZSTDNotFinalCompression supported: 1
2019/03/27-10:09:49.375644 7f789541f0 	kZSTD supported: 1
2019/03/27-10:09:49.375650 7f789541f0 	kXpressCompression supported: 0
2019/03/27-10:09:49.375653 7f789541f0 	kLZ4HCCompression supported: 1
2019/03/27-10:09:49.375657 7f789541f0 	kLZ4Compression supported: 1
2019/03/27-10:09:49.375660 7f789541f0 	kBZip2Compression supported: 1
2019/03/27-10:09:49.375663 7f789541f0 	kZlibCompression supported: 1
2019/03/27-10:09:49.375666 7f789541f0 	kSnappyCompression supported: 1
2019/03/27-10:09:49.375675 7f789541f0 Fast CRC32 supported: Not supported on x86
2019/03/27-10:09:49.376573 7f789541f0 [db/version_set.cc:3085] Recovering from manifest file: MANIFEST-000004
2019/03/27-10:09:49.376883 7f789541f0 [db/column_family.cc:475] --------------- Options for column family [default]:
2019/03/27-10:09:49.376900 7f789541f0               Options.comparator: leveldb.BytewiseComparator
2019/03/27-10:09:49.376904 7f789541f0           Options.merge_operator: None
2019/03/27-10:09:49.376907 7f789541f0        Options.compaction_filter: None
2019/03/27-10:09:49.376910 7f789541f0        Options.compaction_filter_factory: None
2019/03/27-10:09:49.376914 7f789541f0         Options.memtable_factory: SkipListFactory
2019/03/27-10:09:49.376917 7f789541f0            Options.table_factory: BlockBasedTable
2019/03/27-10:09:49.376983 7f789541f0            table_factory options:   flush_block_policy_factory: FlushBlockBySizePolicyFactory (0x7f38374eb0)
  cache_index_and_filter_blocks: 0
  cache_index_and_filter_blocks_with_high_priority: 0
  pin_l0_filter_and_index_blocks_in_cache: 0
  index_type: 0
  hash_index_allow_collision: 1
  checksum: 1
  no_block_cache: 0
  block_cache: 0x7f383810e0
  block_cache_name: LRUCache
  block_cache_options:
    capacity : 8388608
    num_shard_bits : 4
    strict_capacity_limit : 0
    high_pri_pool_ratio: 0.000
  block_cache_compressed: (nil)
  persistent_cache: (nil)
  block_size: 8192
  block_size_deviation: 10
  block_restart_interval: 16
  index_block_restart_interval: 1
  metadata_block_size: 4096
  partition_filters: 0
  use_delta_encoding: 1
  filter_policy: nullptr
  whole_key_filtering: 1
  verify_compression: 0
  read_amp_bytes_per_bit: 0
  format_version: 2
  enable_index_compression: 1
  block_align: 0
2019/03/27-10:09:49.377043 7f789541f0        Options.write_buffer_size: 134217728
2019/03/27-10:09:49.377048 7f789541f0  Options.max_write_buffer_number: 24
2019/03/27-10:09:49.377052 7f789541f0        Options.compression[0]: NoCompression
2019/03/27-10:09:49.377055 7f789541f0        Options.compression[1]: NoCompression
2019/03/27-10:09:49.377058 7f789541f0        Options.compression[2]: LZ4
2019/03/27-10:09:49.377061 7f789541f0        Options.compression[3]: LZ4
2019/03/27-10:09:49.377064 7f789541f0        Options.compression[4]: LZ4
2019/03/27-10:09:49.377067 7f789541f0        Options.compression[5]: LZ4
2019/03/27-10:09:49.377070 7f789541f0        Options.compression[6]: LZ4
2019/03/27-10:09:49.377072 7f789541f0                  Options.bottommost_compression: Disabled
2019/03/27-10:09:49.377075 7f789541f0       Options.prefix_extractor: nullptr
2019/03/27-10:09:49.377078 7f789541f0   Options.memtable_insert_with_hint_prefix_extractor: nullptr
2019/03/27-10:09:49.377081 7f789541f0             Options.num_levels: 7
2019/03/27-10:09:49.377084 7f789541f0        Options.min_write_buffer_number_to_merge: 2
2019/03/27-10:09:49.377087 7f789541f0     Options.max_write_buffer_number_to_maintain: 0
2019/03/27-10:09:49.377090 7f789541f0            Options.compression_opts.window_bits: -14
2019/03/27-10:09:49.377093 7f789541f0                  Options.compression_opts.level: -1
2019/03/27-10:09:49.377096 7f789541f0               Options.compression_opts.strategy: 0
2019/03/27-10:09:49.377098 7f789541f0         Options.compression_opts.max_dict_bytes: 0
2019/03/27-10:09:49.377124 7f789541f0         Options.compression_opts.zstd_max_train_bytes: 0
2019/03/27-10:09:49.377128 7f789541f0      Options.level0_file_num_compaction_trigger: 2
2019/03/27-10:09:49.377131 7f789541f0          Options.level0_slowdown_writes_trigger: 20
2019/03/27-10:09:49.377134 7f789541f0              Options.level0_stop_writes_trigger: 36
2019/03/27-10:09:49.377136 7f789541f0                   Options.target_file_size_base: 67108864
2019/03/27-10:09:49.377139 7f789541f0             Options.target_file_size_multiplier: 1
2019/03/27-10:09:49.377142 7f789541f0                Options.max_bytes_for_level_base: 536870912
2019/03/27-10:09:49.377145 7f789541f0 Options.level_compaction_dynamic_level_bytes: 0
2019/03/27-10:09:49.377147 7f789541f0          Options.max_bytes_for_level_multiplier: 10.000000
2019/03/27-10:09:49.377155 7f789541f0 Options.max_bytes_for_level_multiplier_addtl[0]: 1
2019/03/27-10:09:49.377158 7f789541f0 Options.max_bytes_for_level_multiplier_addtl[1]: 1
2019/03/27-10:09:49.377161 7f789541f0 Options.max_bytes_for_level_multiplier_addtl[2]: 1
2019/03/27-10:09:49.377164 7f789541f0 Options.max_bytes_for_level_multiplier_addtl[3]: 1
2019/03/27-10:09:49.377166 7f789541f0 Options.max_bytes_for_level_multiplier_addtl[4]: 1
2019/03/27-10:09:49.377169 7f789541f0 Options.max_bytes_for_level_multiplier_addtl[5]: 1
2019/03/27-10:09:49.377172 7f789541f0 Options.max_bytes_for_level_multiplier_addtl[6]: 1
2019/03/27-10:09:49.377175 7f789541f0       Options.max_sequential_skip_in_iterations: 8
2019/03/27-10:09:49.377177 7f789541f0                    Options.max_compaction_bytes: 1677721600
2019/03/27-10:09:49.377180 7f789541f0                        Options.arena_block_size: 16777216
2019/03/27-10:09:49.377183 7f789541f0   Options.soft_pending_compaction_bytes_limit: 68719476736
2019/03/27-10:09:49.377187 7f789541f0   Options.hard_pending_compaction_bytes_limit: 274877906944
2019/03/27-10:09:49.377207 7f789541f0       Options.rate_limit_delay_max_milliseconds: 100
2019/03/27-10:09:49.377212 7f789541f0                Options.disable_auto_compactions: 0
2019/03/27-10:09:49.377219 7f789541f0                        Options.compaction_style: kCompactionStyleLevel
2019/03/27-10:09:49.377224 7f789541f0                          Options.compaction_pri: kByCompensatedSize
2019/03/27-10:09:49.377228 7f789541f0 Options.compaction_options_universal.size_ratio: 1
2019/03/27-10:09:49.377231 7f789541f0 Options.compaction_options_universal.min_merge_width: 2
2019/03/27-10:09:49.377233 7f789541f0 Options.compaction_options_universal.max_merge_width: 4294967295
2019/03/27-10:09:49.377236 7f789541f0 Options.compaction_options_universal.max_size_amplification_percent: 200
2019/03/27-10:09:49.377240 7f789541f0 Options.compaction_options_universal.compression_size_percent: -1
2019/03/27-10:09:49.377244 7f789541f0 Options.compaction_options_universal.stop_style: kCompactionStopStyleTotalSize
2019/03/27-10:09:49.377247 7f789541f0 Options.compaction_options_fifo.max_table_files_size: 1073741824
2019/03/27-10:09:49.377251 7f789541f0 Options.compaction_options_fifo.allow_compaction: 0
2019/03/27-10:09:49.377254 7f789541f0 Options.compaction_options_fifo.ttl: 0
2019/03/27-10:09:49.377257 7f789541f0                   Options.table_properties_collectors: 
2019/03/27-10:09:49.377260 7f789541f0                   Options.inplace_update_support: 0
2019/03/27-10:09:49.377263 7f789541f0                 Options.inplace_update_num_locks: 10000
2019/03/27-10:09:49.377266 7f789541f0               Options.memtable_prefix_bloom_size_ratio: 0.000000
2019/03/27-10:09:49.377270 7f789541f0   Options.memtable_huge_page_size: 0
2019/03/27-10:09:49.377273 7f789541f0                           Options.bloom_locality: 0
2019/03/27-10:09:49.377276 7f789541f0                    Options.max_successive_merges: 0
2019/03/27-10:09:49.377278 7f789541f0                Options.optimize_filters_for_hits: 0
2019/03/27-10:09:49.377281 7f789541f0                Options.paranoid_file_checks: 0
2019/03/27-10:09:49.377284 7f789541f0                Options.force_consistency_checks: 0
2019/03/27-10:09:49.377287 7f789541f0                Options.report_bg_io_stats: 0
2019/03/27-10:09:49.377289 7f789541f0                               Options.ttl: 0
2019/03/27-10:09:49.384743 7f789541f0 [db/column_family.cc:475] --------------- Options for column family [usertable]:
2019/03/27-10:09:49.384770 7f789541f0               Options.comparator: leveldb.BytewiseComparator
2019/03/27-10:09:49.384774 7f789541f0           Options.merge_operator: None
2019/03/27-10:09:49.384777 7f789541f0        Options.compaction_filter: None
2019/03/27-10:09:49.384781 7f789541f0        Options.compaction_filter_factory: None
2019/03/27-10:09:49.384784 7f789541f0         Options.memtable_factory: SkipListFactory
2019/03/27-10:09:49.384787 7f789541f0            Options.table_factory: BlockBasedTable
2019/03/27-10:09:49.384843 7f789541f0            table_factory options:   flush_block_policy_factory: FlushBlockBySizePolicyFactory (0x7f38375ee0)
  cache_index_and_filter_blocks: 0
  cache_index_and_filter_blocks_with_high_priority: 0
  pin_l0_filter_and_index_blocks_in_cache: 0
  index_type: 0
  hash_index_allow_collision: 1
  checksum: 1
  no_block_cache: 0
  block_cache: 0x7f38382a90
  block_cache_name: LRUCache
  block_cache_options:
    capacity : 8388608
    num_shard_bits : 4
    strict_capacity_limit : 0
    high_pri_pool_ratio: 0.000
  block_cache_compressed: (nil)
  persistent_cache: (nil)
  block_size: 8192
  block_size_deviation: 10
  block_restart_interval: 16
  index_block_restart_interval: 1
  metadata_block_size: 4096
  partition_filters: 0
  use_delta_encoding: 1
  filter_policy: nullptr
  whole_key_filtering: 1
  verify_compression: 0
  read_amp_bytes_per_bit: 0
  format_version: 2
  enable_index_compression: 1
  block_align: 0
2019/03/27-10:09:49.384852 7f789541f0        Options.write_buffer_size: 134217728
2019/03/27-10:09:49.384856 7f789541f0  Options.max_write_buffer_number: 24
2019/03/27-10:09:49.384903 7f789541f0        Options.compression[0]: NoCompression
2019/03/27-10:09:49.384909 7f789541f0        Options.compression[1]: NoCompression
2019/03/27-10:09:49.384912 7f789541f0        Options.compression[2]: LZ4
2019/03/27-10:09:49.384915 7f789541f0        Options.compression[3]: LZ4
2019/03/27-10:09:49.384918 7f789541f0        Options.compression[4]: LZ4
2019/03/27-10:09:49.384920 7f789541f0        Options.compression[5]: LZ4
2019/03/27-10:09:49.384923 7f789541f0        Options.compression[6]: LZ4
2019/03/27-10:09:49.384926 7f789541f0                  Options.bottommost_compression: Disabled
2019/03/27-10:09:49.384929 7f789541f0       Options.prefix_extractor: nullptr
2019/03/27-10:09:49.384932 7f789541f0   Options.memtable_insert_with_hint_prefix_extractor: nullptr
2019/03/27-10:09:49.384935 7f789541f0             Options.num_levels: 7
2019/03/27-10:09:49.384938 7f789541f0        Options.min_write_buffer_number_to_merge: 2
2019/03/27-10:09:49.384940 7f789541f0     Options.max_write_buffer_number_to_maintain: 0
2019/03/27-10:09:49.384943 7f789541f0            Options.compression_opts.window_bits: -14
2019/03/27-10:09:49.384946 7f789541f0                  Options.compression_opts.level: -1
2019/03/27-10:09:49.384949 7f789541f0               Options.compression_opts.strategy: 0
2019/03/27-10:09:49.384952 7f789541f0         Options.compression_opts.max_dict_bytes: 0
2019/03/27-10:09:49.384955 7f789541f0         Options.compression_opts.zstd_max_train_bytes: 0
2019/03/27-10:09:49.384957 7f789541f0      Options.level0_file_num_compaction_trigger: 2
2019/03/27-10:09:49.384960 7f789541f0          Options.level0_slowdown_writes_trigger: 20
2019/03/27-10:09:49.384963 7f789541f0              Options.level0_stop_writes_trigger: 36
2019/03/27-10:09:49.384965 7f789541f0                   Options.target_file_size_base: 67108864
2019/03/27-10:09:49.384968 7f789541f0             Options.target_file_size_multiplier: 1
2019/03/27-10:09:49.384971 7f789541f0                Options.max_bytes_for_level_base: 536870912
2019/03/27-10:09:49.384974 7f789541f0 Options.level_compaction_dynamic_level_bytes: 0
2019/03/27-10:09:49.384976 7f789541f0          Options.max_bytes_for_level_multiplier: 10.000000
2019/03/27-10:09:49.384983 7f789541f0 Options.max_bytes_for_level_multiplier_addtl[0]: 1
2019/03/27-10:09:49.384986 7f789541f0 Options.max_bytes_for_level_multiplier_addtl[1]: 1
2019/03/27-10:09:49.384989 7f789541f0 Options.max_bytes_for_level_multiplier_addtl[2]: 1
2019/03/27-10:09:49.384992 7f789541f0 Options.max_bytes_for_level_multiplier_addtl[3]: 1
2019/03/27-10:09:49.384995 7f789541f0 Options.max_bytes_for_level_multiplier_addtl[4]: 1
2019/03/27-10:09:49.384998 7f789541f0 Options.max_bytes_for_level_multiplier_addtl[5]: 1
2019/03/27-10:09:49.385000 7f789541f0 Options.max_bytes_for_level_multiplier_addtl[6]: 1
2019/03/27-10:09:49.385003 7f789541f0       Options.max_sequential_skip_in_iterations: 8
2019/03/27-10:09:49.385005 7f789541f0                    Options.max_compaction_bytes: 1677721600
2019/03/27-10:09:49.385008 7f789541f0                        Options.arena_block_size: 16777216
2019/03/27-10:09:49.385011 7f789541f0   Options.soft_pending_compaction_bytes_limit: 68719476736
2019/03/27-10:09:49.385014 7f789541f0   Options.hard_pending_compaction_bytes_limit: 274877906944
2019/03/27-10:09:49.385017 7f789541f0       Options.rate_limit_delay_max_milliseconds: 100
2019/03/27-10:09:49.385020 7f789541f0                Options.disable_auto_compactions: 0
2019/03/27-10:09:49.385024 7f789541f0                        Options.compaction_style: kCompactionStyleLevel
2019/03/27-10:09:49.385029 7f789541f0                          Options.compaction_pri: kByCompensatedSize
2019/03/27-10:09:49.385032 7f789541f0 Options.compaction_options_universal.size_ratio: 1
2019/03/27-10:09:49.385036 7f789541f0 Options.compaction_options_universal.min_merge_width: 2
2019/03/27-10:09:49.385038 7f789541f0 Options.compaction_options_universal.max_merge_width: 4294967295
2019/03/27-10:09:49.385055 7f789541f0 Options.compaction_options_universal.max_size_amplification_percent: 200
2019/03/27-10:09:49.385060 7f789541f0 Options.compaction_options_universal.compression_size_percent: -1
2019/03/27-10:09:49.385064 7f789541f0 Options.compaction_options_universal.stop_style: kCompactionStopStyleTotalSize
2019/03/27-10:09:49.385068 7f789541f0 Options.compaction_options_fifo.max_table_files_size: 1073741824
2019/03/27-10:09:49.385071 7f789541f0 Options.compaction_options_fifo.allow_compaction: 0
2019/03/27-10:09:49.385073 7f789541f0 Options.compaction_options_fifo.ttl: 0
2019/03/27-10:09:49.385076 7f789541f0                   Options.table_properties_collectors: 
2019/03/27-10:09:49.385079 7f789541f0                   Options.inplace_update_support: 0
2019/03/27-10:09:49.385082 7f789541f0                 Options.inplace_update_num_locks: 10000
2019/03/27-10:09:49.385085 7f789541f0               Options.memtable_prefix_bloom_size_ratio: 0.000000
2019/03/27-10:09:49.385088 7f789541f0   Options.memtable_huge_page_size: 0
2019/03/27-10:09:49.385091 7f789541f0                           Options.bloom_locality: 0
2019/03/27-10:09:49.385094 7f789541f0                    Options.max_successive_merges: 0
2019/03/27-10:09:49.385096 7f789541f0                Options.optimize_filters_for_hits: 0
2019/03/27-10:09:49.385116 7f789541f0                Options.paranoid_file_checks: 0
2019/03/27-10:09:49.385121 7f789541f0                Options.force_consistency_checks: 0
2019/03/27-10:09:49.385124 7f789541f0                Options.report_bg_io_stats: 0
2019/03/27-10:09:49.385127 7f789541f0                               Options.ttl: 0
2019/03/27-10:09:50.167568 7f789541f0 [db/version_set.cc:3361] Recovered from manifest file:/mnt/sda/ycsb-rocksdb-data/MANIFEST-000004 succeeded,manifest_file_number is 4, next_file_number is 106, last_sequence is 1021594, log_number is 0,prev_log_number is 0,max_column_family is 1,min_log_number_to_keep is 0
2019/03/27-10:09:50.167602 7f789541f0 [db/version_set.cc:3369] Column family [default] (ID 0), log number is 0
2019/03/27-10:09:50.167607 7f789541f0 [db/version_set.cc:3369] Column family [usertable] (ID 1), log number is 103
2019/03/27-10:09:50.168151 7f789541f0 EVENT_LOG_v1 {"time_micros": 1553681390168130, "job": 1, "event": "recovery_started", "log_files": [103, 107]}
2019/03/27-10:09:50.168171 7f789541f0 [db/db_impl_open.cc:551] Recovering log #103 mode 2
2019/03/27-10:09:52.728053 7f789541f0 EVENT_LOG_v1 {"time_micros": 1553681392727946, "cf_name": "usertable", "job": 1, "event": "table_file_creation", "file_number": 106, "file_size": 125836792, "table_properties": {"data_size": 125277369, "index_size": 558501, "filter_size": 0, "raw_key_size": 729240, "raw_average_key_size": 24, "raw_value_size": 124456960, "raw_average_value_size": 4096, "num_data_blocks": 15193, "num_entries": 30385, "filter_policy_name": "", "kDeletedKeys": "0", "kMergeOperands": "0"}}
2019/03/27-10:09:52.811031 7f789541f0 [db/db_impl_open.cc:551] Recovering log #107 mode 2
2019/03/27-10:09:53.148682 7f789541f0 [db/version_set.cc:2847] Creating manifest 109
2019/03/27-10:09:53.815589 7f789541f0 EVENT_LOG_v1 {"time_micros": 1553681393815496, "cf_name": "usertable", "job": 1, "event": "table_file_creation", "file_number": 110, "file_size": 42153974, "table_properties": {"data_size": 41965024, "index_size": 188029, "filter_size": 0, "raw_key_size": 244272, "raw_average_key_size": 24, "raw_value_size": 41689088, "raw_average_value_size": 4096, "num_data_blocks": 5089, "num_entries": 10178, "filter_policy_name": "", "kDeletedKeys": "0", "kMergeOperands": "0"}}
2019/03/27-10:09:53.858414 7f789541f0 EVENT_LOG_v1 {"time_micros": 1553681393858397, "job": 1, "event": "recovery_finished"}
2019/03/27-10:09:53.983894 7f789541f0 [db/db_impl_open.cc:1219] DB pointer 0x7f38388f80
2019/03/27-10:09:53.984550 7f33fff1f0 [WARN] [db/db_impl.cc:491] ------- DUMPING STATS -------
2019/03/27-10:09:53.984631 7f33fff1f0 [WARN] [db/db_impl.cc:492] 
** DB Stats **
Uptime(secs): 4.6 total, 4.6 interval
Cumulative writes: 0 writes, 0 keys, 0 commit groups, 0.0 writes per commit group, ingest: 0.00 GB, 0.00 MB/s
Cumulative WAL: 0 writes, 0 syncs, 0.00 writes per sync, written: 0.00 GB, 0.00 MB/s
Cumulative stall: 00:00:0.000 H:M:S, 0.0 percent
Interval writes: 0 writes, 0 keys, 0 commit groups, 0.0 writes per commit group, ingest: 0.00 MB, 0.00 MB/s
Interval WAL: 0 writes, 0 syncs, 0.00 writes per sync, written: 0.00 MB, 0.00 MB/s
Interval stall: 00:00:0.000 H:M:S, 0.0 percent

** Compaction Stats [default] **
Level    Files   Size     Score Read(GB)  Rn(GB) Rnp1(GB) Write(GB) Wnew(GB) Moved(GB) W-Amp Rd(MB/s) Wr(MB/s) Comp(sec) Comp(cnt) Avg(sec) KeyIn KeyDrop
----------------------------------------------------------------------------------------------------------------------------------------------------------
 Sum      0/0    0.00 KB   0.0      0.0     0.0      0.0       0.0      0.0       0.0   0.0      0.0      0.0         0         0    0.000       0      0
 Int      0/0    0.00 KB   0.0      0.0     0.0      0.0       0.0      0.0       0.0   0.0      0.0      0.0         0         0    0.000       0      0
Uptime(secs): 4.6 total, 4.6 interval
Flush(GB): cumulative 0.000, interval 0.000
AddFile(GB): cumulative 0.000, interval 0.000
AddFile(Total Files): cumulative 0, interval 0
AddFile(L0 Files): cumulative 0, interval 0
AddFile(Keys): cumulative 0, interval 0
Cumulative compaction: 0.00 GB write, 0.00 MB/s write, 0.00 GB read, 0.00 MB/s read, 0.0 seconds
Interval compaction: 0.00 GB write, 0.00 MB/s write, 0.00 GB read, 0.00 MB/s read, 0.0 seconds
Stalls(count): 0 level0_slowdown, 0 level0_slowdown_with_compaction, 0 level0_numfiles, 0 level0_numfiles_with_compaction, 0 stop for pending_compaction_bytes, 0 slowdown for pending_compaction_bytes, 0 memtable_compaction, 0 memtable_slowdown, interval 0 total count

** File Read Latency Histogram By Level [default] **

** Compaction Stats [usertable] **
Level    Files   Size     Score Read(GB)  Rn(GB) Rnp1(GB) Write(GB) Wnew(GB) Moved(GB) W-Amp Rd(MB/s) Wr(MB/s) Comp(sec) Comp(cnt) Avg(sec) KeyIn KeyDrop
----------------------------------------------------------------------------------------------------------------------------------------------------------
  L0      3/0   407.99 MB   1.5      0.0     0.0      0.0       0.2      0.2       0.0   1.0      0.0     78.8         2         2    1.016       0      0
  L1      3/0   743.45 MB   1.5      0.0     0.0      0.0       0.0      0.0       0.0   0.0      0.0      0.0         0         0    0.000       0      0
  L2     48/0    2.90 GB   0.6      0.0     0.0      0.0       0.0      0.0       0.0   0.0      0.0      0.0         0         0    0.000       0      0
 Sum     54/0    4.02 GB   0.0      0.0     0.0      0.0       0.2      0.2       0.0   1.0      0.0     78.8         2         2    1.016       0      0
 Int      0/0    0.00 KB   0.0      0.0     0.0      0.0       0.2      0.2       0.0   1.0      0.0     78.8         2         2    1.016       0      0
Uptime(secs): 4.6 total, 4.6 interval
Flush(GB): cumulative 0.156, interval 0.156
AddFile(GB): cumulative 0.000, interval 0.000
AddFile(Total Files): cumulative 0, interval 0
AddFile(L0 Files): cumulative 0, interval 0
AddFile(Keys): cumulative 0, interval 0
Cumulative compaction: 0.16 GB write, 34.83 MB/s write, 0.00 GB read, 0.00 MB/s read, 2.0 seconds
Interval compaction: 0.16 GB write, 34.83 MB/s write, 0.00 GB read, 0.00 MB/s read, 2.0 seconds
Stalls(count): 0 level0_slowdown, 0 level0_slowdown_with_compaction, 0 level0_numfiles, 0 level0_numfiles_with_compaction, 0 stop for pending_compaction_bytes, 0 slowdown for pending_compaction_bytes, 0 memtable_compaction, 0 memtable_slowdown, interval 0 total count

** File Read Latency Histogram By Level [usertable] **

** Compaction Stats [default] **
Level    Files   Size     Score Read(GB)  Rn(GB) Rnp1(GB) Write(GB) Wnew(GB) Moved(GB) W-Amp Rd(MB/s) Wr(MB/s) Comp(sec) Comp(cnt) Avg(sec) KeyIn KeyDrop
----------------------------------------------------------------------------------------------------------------------------------------------------------
 Sum      0/0    0.00 KB   0.0      0.0     0.0      0.0       0.0      0.0       0.0   0.0      0.0      0.0         0         0    0.000       0      0
 Int      0/0    0.00 KB   0.0      0.0     0.0      0.0       0.0      0.0       0.0   0.0      0.0      0.0         0         0    0.000       0      0
Uptime(secs): 4.6 total, 0.0 interval
Flush(GB): cumulative 0.000, interval 0.000
AddFile(GB): cumulative 0.000, interval 0.000
AddFile(Total Files): cumulative 0, interval 0
AddFile(L0 Files): cumulative 0, interval 0
AddFile(Keys): cumulative 0, interval 0
Cumulative compaction: 0.00 GB write, 0.00 MB/s write, 0.00 GB read, 0.00 MB/s read, 0.0 seconds
Interval compaction: 0.00 GB write, 0.00 MB/s write, 0.00 GB read, 0.00 MB/s read, 0.0 seconds
Stalls(count): 0 level0_slowdown, 0 level0_slowdown_with_compaction, 0 level0_numfiles, 0 level0_numfiles_with_compaction, 0 stop for pending_compaction_bytes, 0 slowdown for pending_compaction_bytes, 0 memtable_compaction, 0 memtable_slowdown, interval 0 total count

** File Read Latency Histogram By Level [default] **

** Compaction Stats [usertable] **
Level    Files   Size     Score Read(GB)  Rn(GB) Rnp1(GB) Write(GB) Wnew(GB) Moved(GB) W-Amp Rd(MB/s) Wr(MB/s) Comp(sec) Comp(cnt) Avg(sec) KeyIn KeyDrop
----------------------------------------------------------------------------------------------------------------------------------------------------------
  L0      3/0   407.99 MB   1.5      0.0     0.0      0.0       0.2      0.2       0.0   1.0      0.0     78.8         2         2    1.016       0      0
  L1      3/0   743.45 MB   1.5      0.0     0.0      0.0       0.0      0.0       0.0   0.0      0.0      0.0         0         0    0.000       0      0
  L2     48/0    2.90 GB   0.6      0.0     0.0      0.0       0.0      0.0       0.0   0.0      0.0      0.0         0         0    0.000       0      0
 Sum     54/0    4.02 GB   0.0      0.0     0.0      0.0       0.2      0.2       0.0   1.0      0.0     78.8         2         2    1.016       0      0
 Int      0/0    0.00 KB   0.0      0.0     0.0      0.0       0.0      0.0       0.0   0.0      0.0      0.0         0         0    0.000       0      0
Uptime(secs): 4.6 total, 0.0 interval
Flush(GB): cumulative 0.156, interval 0.000
AddFile(GB): cumulative 0.000, interval 0.000
AddFile(Total Files): cumulative 0, interval 0
AddFile(L0 Files): cumulative 0, interval 0
AddFile(Keys): cumulative 0, interval 0
Cumulative compaction: 0.16 GB write, 34.83 MB/s write, 0.00 GB read, 0.00 MB/s read, 2.0 seconds
Interval compaction: 0.00 GB write, 0.00 MB/s write, 0.00 GB read, 0.00 MB/s read, 0.0 seconds
Stalls(count): 0 level0_slowdown, 0 level0_slowdown_with_compaction, 0 level0_numfiles, 0 level0_numfiles_with_compaction, 0 stop for pending_compaction_bytes, 0 slowdown for pending_compaction_bytes, 0 memtable_compaction, 0 memtable_slowdown, interval 0 total count

** File Read Latency Histogram By Level [usertable] **
2019/03/27-10:09:54.037076 7f33fff1f0 (Original Log Time 2019/03/27-10:09:53.984870) [db/db_impl_compaction_flush.cc:1835] [usertable] Moving #11 to level-1 259819013 bytes
2019/03/27-10:09:54.037097 7f33fff1f0 (Original Log Time 2019/03/27-10:09:54.036815) EVENT_LOG_v1 {"time_micros": 1553681394036784, "job": 3, "event": "trivial_move", "destination_level": 1, "files": 1, "total_files_size": 259819013}
2019/03/27-10:09:54.037166 7f33fff1f0 (Original Log Time 2019/03/27-10:09:54.036872) [db/db_impl_compaction_flush.cc:1864] [usertable] Moved #1 files to level-1 259819013 bytes OK: base level 1 max bytes base 536870912 files[2 4 48 0 0 0 0] max score 1.94
2019/03/27-10:09:54.037600 7f33fff1f0 [db/compaction_job.cc:1531] [usertable] [JOB 4] Compacting 1@1 files to L2, score 1.94
2019/03/27-10:09:54.037633 7f33fff1f0 [db/compaction_job.cc:1535] [usertable] Compaction start summary: Base version 6 Base level 1, inputs: [20(247MB)]
2019/03/27-10:09:54.039245 7f33fff1f0 EVENT_LOG_v1 {"time_micros": 1553681394037667, "job": 4, "event": "compaction_started", "compaction_reason": "LevelMaxLevelSize", "files_L1": [20], "score": 1.93601, "input_data_size": 259856251}
2019/03/27-10:09:58.105637 7f33fff1f0 [db/compaction_job.cc:1211] [usertable] [JOB 4] Generated table #114: 16279 keys, 67233360 bytes
2019/03/27-10:09:58.105782 7f33fff1f0 EVENT_LOG_v1 {"time_micros": 1553681398105730, "cf_name": "usertable", "job": 4, "event": "table_file_creation", "file_number": 114, "file_size": 67233360, "table_properties": {"data_size": 67118331, "index_size": 299107, "filter_size": 0, "raw_key_size": 390696, "raw_average_key_size": 24, "raw_value_size": 66678784, "raw_average_value_size": 4096, "num_data_blocks": 8140, "num_entries": 16279, "filter_policy_name": "", "kDeletedKeys": "0", "kMergeOperands": "0"}}
2019/03/27-10:10:02.572588 7f33fff1f0 [db/compaction_job.cc:1211] [usertable] [JOB 4] Generated table #115: 16279 keys, 67233535 bytes
2019/03/27-10:10:02.572733 7f33fff1f0 EVENT_LOG_v1 {"time_micros": 1553681402572681, "cf_name": "usertable", "job": 4, "event": "table_file_creation", "file_number": 115, "file_size": 67233535, "table_properties": {"data_size": 67120139, "index_size": 300916, "filter_size": 0, "raw_key_size": 390696, "raw_average_key_size": 24, "raw_value_size": 66678784, "raw_average_value_size": 4096, "num_data_blocks": 8140, "num_entries": 16279, "filter_policy_name": "", "kDeletedKeys": "0", "kMergeOperands": "0"}}
2019/03/27-10:10:06.439625 7f33fff1f0 [db/compaction_job.cc:1211] [usertable] [JOB 4] Generated table #116: 16279 keys, 67233343 bytes
2019/03/27-10:10:06.439765 7f33fff1f0 EVENT_LOG_v1 {"time_micros": 1553681406439716, "cf_name": "usertable", "job": 4, "event": "table_file_creation", "file_number": 116, "file_size": 67233343, "table_properties": {"data_size": 67118331, "index_size": 299107, "filter_size": 0, "raw_key_size": 390696, "raw_average_key_size": 24, "raw_value_size": 66678784, "raw_average_value_size": 4096, "num_data_blocks": 8140, "num_entries": 16279, "filter_policy_name": "", "kDeletedKeys": "0", "kMergeOperands": "0"}}
2019/03/27-10:10:10.050723 7f33fff1f0 [db/compaction_job.cc:1211] [usertable] [JOB 4] Generated table #117: 13909 keys, 57445415 bytes
2019/03/27-10:10:10.050864 7f33fff1f0 EVENT_LOG_v1 {"time_micros": 1553681410050815, "cf_name": "usertable", "job": 4, "event": "table_file_creation", "file_number": 117, "file_size": 57445415, "table_properties": {"data_size": 57348366, "index_size": 257071, "filter_size": 0, "raw_key_size": 333816, "raw_average_key_size": 24, "raw_value_size": 56971264, "raw_average_value_size": 4096, "num_data_blocks": 6955, "num_entries": 13909, "filter_policy_name": "", "kDeletedKeys": "0", "kMergeOperands": "0"}}
2019/03/27-10:10:10.051157 7f33fff1f0 [db/compaction_job.cc:1287] [usertable] [JOB 4] Compacted 1@1 files to L2 => 259145653 bytes
2019/03/27-10:10:10.127004 7f33fff1f0 (Original Log Time 2019/03/27-10:10:10.126715) [db/compaction_job.cc:685] [usertable] compacted to: base level 1 max bytes base 536870912 files[2 3 52 0 0 0 0] max score 1.45, MB/sec: 16.2 rd, 16.2 wr, level 2, files in(1, 0) out(4) MB in(247.8, 0.0) out(247.1), read-write-amplify(2.0) write-amplify(1.0) OK, records in: 62746, records dropped: 0 output_compression: LZ4
2019/03/27-10:10:10.127036 7f33fff1f0 (Original Log Time 2019/03/27-10:10:10.126836) EVENT_LOG_v1 {"time_micros": 1553681410126785, "job": 4, "event": "compaction_finished", "compaction_time_micros": 16011636, "output_level": 2, "num_output_files": 4, "total_output_size": 259145653, "num_input_records": 62746, "num_output_records": 62746, "num_subcompactions": 1, "output_compression": "LZ4", "num_single_delete_mismatches": 0, "num_single_delete_fallthrough": 0, "lsm_state": [2, 3, 52, 0, 0, 0, 0]}
2019/03/27-10:10:10.127322 7f337fe1f0 [db/compaction_job.cc:1531] [usertable] [JOB 5] Compacting 1@1 files to L2, score 1.45
2019/03/27-10:10:10.127348 7f337fe1f0 [db/compaction_job.cc:1535] [usertable] Compaction start summary: Base version 7 Base level 1, inputs: [97(247MB)]
2019/03/27-10:10:10.127414 7f337fe1f0 EVENT_LOG_v1 {"time_micros": 1553681410127382, "job": 5, "event": "compaction_started", "compaction_reason": "LevelMaxLevelSize", "files_L1": [97], "score": 1.45199, "input_data_size": 259856250}
2019/03/27-10:10:14.295670 7f337fe1f0 [db/compaction_job.cc:1211] [usertable] [JOB 5] Generated table #118: 16279 keys, 67233384 bytes
2019/03/27-10:10:14.295815 7f337fe1f0 EVENT_LOG_v1 {"time_micros": 1553681414295765, "cf_name": "usertable", "job": 5, "event": "table_file_creation", "file_number": 118, "file_size": 67233384, "table_properties": {"data_size": 67118331, "index_size": 299108, "filter_size": 0, "raw_key_size": 390696, "raw_average_key_size": 24, "raw_value_size": 66678784, "raw_average_value_size": 4096, "num_data_blocks": 8140, "num_entries": 16279, "filter_policy_name": "", "kDeletedKeys": "0", "kMergeOperands": "0"}}
2019/03/27-10:10:18.540395 7f337fe1f0 [db/compaction_job.cc:1211] [usertable] [JOB 5] Generated table #119: 16279 keys, 67233554 bytes
2019/03/27-10:10:18.540532 7f337fe1f0 EVENT_LOG_v1 {"time_micros": 1553681418540481, "cf_name": "usertable", "job": 5, "event": "table_file_creation", "file_number": 119, "file_size": 67233554, "table_properties": {"data_size": 67120140, "index_size": 300916, "filter_size": 0, "raw_key_size": 390696, "raw_average_key_size": 24, "raw_value_size": 66678784, "raw_average_value_size": 4096, "num_data_blocks": 8140, "num_entries": 16279, "filter_policy_name": "", "kDeletedKeys": "0", "kMergeOperands": "0"}}
2019/03/27-10:10:22.740725 7f337fe1f0 [db/compaction_job.cc:1211] [usertable] [JOB 5] Generated table #120: 16279 keys, 67233339 bytes
2019/03/27-10:10:22.740872 7f337fe1f0 EVENT_LOG_v1 {"time_micros": 1553681422740821, "cf_name": "usertable", "job": 5, "event": "table_file_creation", "file_number": 120, "file_size": 67233339, "table_properties": {"data_size": 67118331, "index_size": 299107, "filter_size": 0, "raw_key_size": 390696, "raw_average_key_size": 24, "raw_value_size": 66678784, "raw_average_value_size": 4096, "num_data_blocks": 8140, "num_entries": 16279, "filter_policy_name": "", "kDeletedKeys": "0", "kMergeOperands": "0"}}
2019/03/27-10:10:26.340849 7f337fe1f0 [db/compaction_job.cc:1211] [usertable] [JOB 5] Generated table #121: 13909 keys, 57445417 bytes
2019/03/27-10:10:26.340990 7f337fe1f0 EVENT_LOG_v1 {"time_micros": 1553681426340939, "cf_name": "usertable", "job": 5, "event": "table_file_creation", "file_number": 121, "file_size": 57445417, "table_properties": {"data_size": 57348367, "index_size": 257071, "filter_size": 0, "raw_key_size": 333816, "raw_average_key_size": 24, "raw_value_size": 56971264, "raw_average_value_size": 4096, "num_data_blocks": 6955, "num_entries": 13909, "filter_policy_name": "", "kDeletedKeys": "0", "kMergeOperands": "0"}}
2019/03/27-10:10:26.341231 7f337fe1f0 [db/compaction_job.cc:1287] [usertable] [JOB 5] Compacted 1@1 files to L2 => 259145694 bytes
