2018/11/23-18:02:57.159079 7f64ee71f0 RocksDB version: 5.14.3
2018/11/23-18:02:57.159232 7f64ee71f0 Git sha rocksdb_build_git_sha:
2018/11/23-18:02:57.159239 7f64ee71f0 Compile date Nov 15 2018
2018/11/23-18:02:57.159248 7f64ee71f0 DB SUMMARY
2018/11/23-18:02:57.159296 7f64ee71f0 SST files in /mnt/sda/ycsb-rocksdb-data dir, Total Num: 0, files: 
2018/11/23-18:02:57.159303 7f64ee71f0 Write Ahead Log file in /mnt/sda/ycsb-rocksdb-data: 
2018/11/23-18:02:57.159309 7f64ee71f0                         Options.error_if_exists: 0
2018/11/23-18:02:57.159313 7f64ee71f0                       Options.create_if_missing: 1
2018/11/23-18:02:57.159317 7f64ee71f0                         Options.paranoid_checks: 1
2018/11/23-18:02:57.159320 7f64ee71f0                                     Options.env: 0x7f5edebf18
2018/11/23-18:02:57.159323 7f64ee71f0                                Options.info_log: 0x7f143e7150
2018/11/23-18:02:57.159326 7f64ee71f0                Options.max_file_opening_threads: 16
2018/11/23-18:02:57.159329 7f64ee71f0                              Options.statistics: (nil)
2018/11/23-18:02:57.159333 7f64ee71f0                               Options.use_fsync: 0
2018/11/23-18:02:57.159335 7f64ee71f0                       Options.max_log_file_size: 0
2018/11/23-18:02:57.159338 7f64ee71f0                  Options.max_manifest_file_size: 18446744073709551615
2018/11/23-18:02:57.159341 7f64ee71f0                   Options.log_file_time_to_roll: 0
2018/11/23-18:02:57.159344 7f64ee71f0                       Options.keep_log_file_num: 1000
2018/11/23-18:02:57.159347 7f64ee71f0                    Options.recycle_log_file_num: 0
2018/11/23-18:02:57.159350 7f64ee71f0                         Options.allow_fallocate: 1
2018/11/23-18:02:57.159353 7f64ee71f0                        Options.allow_mmap_reads: 0
2018/11/23-18:02:57.159356 7f64ee71f0                       Options.allow_mmap_writes: 0
2018/11/23-18:02:57.159359 7f64ee71f0                        Options.use_direct_reads: 0
2018/11/23-18:02:57.159362 7f64ee71f0                        Options.use_direct_io_for_flush_and_compaction: 0
2018/11/23-18:02:57.159365 7f64ee71f0          Options.create_missing_column_families: 1
2018/11/23-18:02:57.159367 7f64ee71f0                              Options.db_log_dir: 
2018/11/23-18:02:57.159370 7f64ee71f0                                 Options.wal_dir: /mnt/sda/ycsb-rocksdb-data
2018/11/23-18:02:57.159373 7f64ee71f0                Options.table_cache_numshardbits: 6
2018/11/23-18:02:57.159376 7f64ee71f0                      Options.max_subcompactions: 4
2018/11/23-18:02:57.159379 7f64ee71f0                  Options.max_background_flushes: 6
2018/11/23-18:02:57.159382 7f64ee71f0                         Options.WAL_ttl_seconds: 0
2018/11/23-18:02:57.159385 7f64ee71f0                       Options.WAL_size_limit_MB: 0
2018/11/23-18:02:57.159388 7f64ee71f0             Options.manifest_preallocation_size: 4194304
2018/11/23-18:02:57.159391 7f64ee71f0                     Options.is_fd_close_on_exec: 1
2018/11/23-18:02:57.159394 7f64ee71f0                   Options.advise_random_on_open: 1
2018/11/23-18:02:57.159397 7f64ee71f0                    Options.db_write_buffer_size: 0
2018/11/23-18:02:57.159400 7f64ee71f0                    Options.write_buffer_manager: 0x7f143e84b0
2018/11/23-18:02:57.159403 7f64ee71f0         Options.access_hint_on_compaction_start: 1
2018/11/23-18:02:57.159406 7f64ee71f0  Options.new_table_reader_for_compaction_inputs: 0
2018/11/23-18:02:57.159409 7f64ee71f0           Options.random_access_max_buffer_size: 1048576
2018/11/23-18:02:57.159412 7f64ee71f0                      Options.use_adaptive_mutex: 0
2018/11/23-18:02:57.159415 7f64ee71f0                            Options.rate_limiter: (nil)
2018/11/23-18:02:57.159421 7f64ee71f0     Options.sst_file_manager.rate_bytes_per_sec: 0
2018/11/23-18:02:57.159424 7f64ee71f0                       Options.wal_recovery_mode: 2
2018/11/23-18:02:57.159427 7f64ee71f0                  Options.enable_thread_tracking: 0
2018/11/23-18:02:57.159430 7f64ee71f0                  Options.enable_pipelined_write: 1
2018/11/23-18:02:57.159433 7f64ee71f0         Options.allow_concurrent_memtable_write: 1
2018/11/23-18:02:57.159453 7f64ee71f0      Options.enable_write_thread_adaptive_yield: 1
2018/11/23-18:02:57.159458 7f64ee71f0             Options.write_thread_max_yield_usec: 100
2018/11/23-18:02:57.159461 7f64ee71f0            Options.write_thread_slow_yield_usec: 3
2018/11/23-18:02:57.159464 7f64ee71f0                               Options.row_cache: None
2018/11/23-18:02:57.159467 7f64ee71f0                              Options.wal_filter: None
2018/11/23-18:02:57.159470 7f64ee71f0             Options.avoid_flush_during_recovery: 0
2018/11/23-18:02:57.159473 7f64ee71f0             Options.allow_ingest_behind: 0
2018/11/23-18:02:57.159475 7f64ee71f0             Options.preserve_deletes: 0
2018/11/23-18:02:57.159478 7f64ee71f0             Options.two_write_queues: 0
2018/11/23-18:02:57.159481 7f64ee71f0             Options.manual_wal_flush: 0
2018/11/23-18:02:57.159486 7f64ee71f0             Options.max_background_jobs: 6
2018/11/23-18:02:57.159489 7f64ee71f0             Options.max_background_compactions: 6
2018/11/23-18:02:57.159492 7f64ee71f0             Options.avoid_flush_during_shutdown: 0
2018/11/23-18:02:57.159495 7f64ee71f0           Options.writable_file_max_buffer_size: 1048576
2018/11/23-18:02:57.159498 7f64ee71f0             Options.delayed_write_rate : 16777216
2018/11/23-18:02:57.159500 7f64ee71f0             Options.max_total_wal_size: 0
2018/11/23-18:02:57.159503 7f64ee71f0             Options.delete_obsolete_files_period_micros: 21600000000
2018/11/23-18:02:57.159506 7f64ee71f0                   Options.stats_dump_period_sec: 60
2018/11/23-18:02:57.159509 7f64ee71f0                          Options.max_open_files: -1
2018/11/23-18:02:57.159512 7f64ee71f0                          Options.bytes_per_sync: 1048576
2018/11/23-18:02:57.159515 7f64ee71f0                      Options.wal_bytes_per_sync: 0
2018/11/23-18:02:57.159518 7f64ee71f0       Options.compaction_readahead_size: 0
2018/11/23-18:02:57.159521 7f64ee71f0 Compression algorithms supported:
2018/11/23-18:02:57.159525 7f64ee71f0 	kZSTDNotFinalCompression supported: 1
2018/11/23-18:02:57.159562 7f64ee71f0 	kZSTD supported: 1
2018/11/23-18:02:57.159568 7f64ee71f0 	kXpressCompression supported: 0
2018/11/23-18:02:57.159571 7f64ee71f0 	kLZ4HCCompression supported: 1
2018/11/23-18:02:57.159575 7f64ee71f0 	kLZ4Compression supported: 1
2018/11/23-18:02:57.159578 7f64ee71f0 	kBZip2Compression supported: 1
2018/11/23-18:02:57.159582 7f64ee71f0 	kZlibCompression supported: 1
2018/11/23-18:02:57.159585 7f64ee71f0 	kSnappyCompression supported: 1
2018/11/23-18:02:57.159593 7f64ee71f0 Fast CRC32 supported: Not supported on x86
2018/11/23-18:02:57.159755 7f64ee71f0 [db/db_impl_open.cc:222] Creating manifest 1 
2018/11/23-18:02:57.265478 7f64ee71f0 [db/version_set.cc:3085] Recovering from manifest file: MANIFEST-000001
2018/11/23-18:02:57.265873 7f64ee71f0 [db/column_family.cc:475] --------------- Options for column family [default]:
2018/11/23-18:02:57.265887 7f64ee71f0               Options.comparator: leveldb.BytewiseComparator
2018/11/23-18:02:57.265895 7f64ee71f0           Options.merge_operator: None
2018/11/23-18:02:57.265902 7f64ee71f0        Options.compaction_filter: None
2018/11/23-18:02:57.265909 7f64ee71f0        Options.compaction_filter_factory: None
2018/11/23-18:02:57.265915 7f64ee71f0         Options.memtable_factory: SkipListFactory
2018/11/23-18:02:57.265922 7f64ee71f0            Options.table_factory: BlockBasedTable
2018/11/23-18:02:57.266052 7f64ee71f0            table_factory options:   flush_block_policy_factory: FlushBlockBySizePolicyFactory (0x7f1437d410)
  cache_index_and_filter_blocks: 0
  cache_index_and_filter_blocks_with_high_priority: 0
  pin_l0_filter_and_index_blocks_in_cache: 0
  index_type: 0
  hash_index_allow_collision: 1
  checksum: 1
  no_block_cache: 0
  block_cache: 0x7f143886a0
  block_cache_name: LRUCache
  block_cache_options:
    capacity : 8388608
    num_shard_bits : 4
    strict_capacity_limit : 0
    high_pri_pool_ratio: 0.000
  block_cache_compressed: (nil)
  persistent_cache: (nil)
  block_size: 8192
  block_size_deviation: 10
  block_restart_interval: 16
  index_block_restart_interval: 1
  metadata_block_size: 4096
  partition_filters: 0
  use_delta_encoding: 1
  filter_policy: nullptr
  whole_key_filtering: 1
  verify_compression: 0
  read_amp_bytes_per_bit: 0
  format_version: 2
  enable_index_compression: 1
  block_align: 0
2018/11/23-18:02:57.266137 7f64ee71f0        Options.write_buffer_size: 134217728
2018/11/23-18:02:57.266145 7f64ee71f0  Options.max_write_buffer_number: 24
2018/11/23-18:02:57.266153 7f64ee71f0        Options.compression[0]: NoCompression
2018/11/23-18:02:57.266159 7f64ee71f0        Options.compression[1]: NoCompression
2018/11/23-18:02:57.266166 7f64ee71f0        Options.compression[2]: LZ4
2018/11/23-18:02:57.266172 7f64ee71f0        Options.compression[3]: LZ4
2018/11/23-18:02:57.266179 7f64ee71f0        Options.compression[4]: LZ4
2018/11/23-18:02:57.266185 7f64ee71f0        Options.compression[5]: LZ4
2018/11/23-18:02:57.266191 7f64ee71f0        Options.compression[6]: LZ4
2018/11/23-18:02:57.266198 7f64ee71f0                  Options.bottommost_compression: Disabled
2018/11/23-18:02:57.266204 7f64ee71f0       Options.prefix_extractor: nullptr
2018/11/23-18:02:57.266211 7f64ee71f0   Options.memtable_insert_with_hint_prefix_extractor: nullptr
2018/11/23-18:02:57.266217 7f64ee71f0             Options.num_levels: 7
2018/11/23-18:02:57.266223 7f64ee71f0        Options.min_write_buffer_number_to_merge: 2
2018/11/23-18:02:57.266229 7f64ee71f0     Options.max_write_buffer_number_to_maintain: 0
2018/11/23-18:02:57.266235 7f64ee71f0            Options.compression_opts.window_bits: -14
2018/11/23-18:02:57.266242 7f64ee71f0                  Options.compression_opts.level: -1
2018/11/23-18:02:57.266248 7f64ee71f0               Options.compression_opts.strategy: 0
2018/11/23-18:02:57.266254 7f64ee71f0         Options.compression_opts.max_dict_bytes: 0
2018/11/23-18:02:57.266260 7f64ee71f0         Options.compression_opts.zstd_max_train_bytes: 0
2018/11/23-18:02:57.266266 7f64ee71f0      Options.level0_file_num_compaction_trigger: 2
2018/11/23-18:02:57.266273 7f64ee71f0          Options.level0_slowdown_writes_trigger: 20
2018/11/23-18:02:57.266279 7f64ee71f0              Options.level0_stop_writes_trigger: 36
2018/11/23-18:02:57.266285 7f64ee71f0                   Options.target_file_size_base: 67108864
2018/11/23-18:02:57.266291 7f64ee71f0             Options.target_file_size_multiplier: 1
2018/11/23-18:02:57.266297 7f64ee71f0                Options.max_bytes_for_level_base: 536870912
2018/11/23-18:02:57.266303 7f64ee71f0 Options.level_compaction_dynamic_level_bytes: 0
2018/11/23-18:02:57.266309 7f64ee71f0          Options.max_bytes_for_level_multiplier: 10.000000
2018/11/23-18:02:57.266321 7f64ee71f0 Options.max_bytes_for_level_multiplier_addtl[0]: 1
2018/11/23-18:02:57.266328 7f64ee71f0 Options.max_bytes_for_level_multiplier_addtl[1]: 1
2018/11/23-18:02:57.266335 7f64ee71f0 Options.max_bytes_for_level_multiplier_addtl[2]: 1
2018/11/23-18:02:57.266341 7f64ee71f0 Options.max_bytes_for_level_multiplier_addtl[3]: 1
2018/11/23-18:02:57.266347 7f64ee71f0 Options.max_bytes_for_level_multiplier_addtl[4]: 1
2018/11/23-18:02:57.266353 7f64ee71f0 Options.max_bytes_for_level_multiplier_addtl[5]: 1
2018/11/23-18:02:57.266360 7f64ee71f0 Options.max_bytes_for_level_multiplier_addtl[6]: 1
2018/11/23-18:02:57.266366 7f64ee71f0       Options.max_sequential_skip_in_iterations: 8
2018/11/23-18:02:57.266372 7f64ee71f0                    Options.max_compaction_bytes: 1677721600
2018/11/23-18:02:57.266378 7f64ee71f0                        Options.arena_block_size: 16777216
2018/11/23-18:02:57.266384 7f64ee71f0   Options.soft_pending_compaction_bytes_limit: 68719476736
2018/11/23-18:02:57.266391 7f64ee71f0   Options.hard_pending_compaction_bytes_limit: 274877906944
2018/11/23-18:02:57.266397 7f64ee71f0       Options.rate_limit_delay_max_milliseconds: 100
2018/11/23-18:02:57.266403 7f64ee71f0                Options.disable_auto_compactions: 0
2018/11/23-18:02:57.266412 7f64ee71f0                        Options.compaction_style: kCompactionStyleLevel
2018/11/23-18:02:57.266448 7f64ee71f0                          Options.compaction_pri: kByCompensatedSize
2018/11/23-18:02:57.266457 7f64ee71f0 Options.compaction_options_universal.size_ratio: 1
2018/11/23-18:02:57.266463 7f64ee71f0 Options.compaction_options_universal.min_merge_width: 2
2018/11/23-18:02:57.266470 7f64ee71f0 Options.compaction_options_universal.max_merge_width: 4294967295
2018/11/23-18:02:57.266476 7f64ee71f0 Options.compaction_options_universal.max_size_amplification_percent: 200
2018/11/23-18:02:57.266482 7f64ee71f0 Options.compaction_options_universal.compression_size_percent: -1
2018/11/23-18:02:57.266490 7f64ee71f0 Options.compaction_options_universal.stop_style: kCompactionStopStyleTotalSize
2018/11/23-18:02:57.266496 7f64ee71f0 Options.compaction_options_fifo.max_table_files_size: 1073741824
2018/11/23-18:02:57.266503 7f64ee71f0 Options.compaction_options_fifo.allow_compaction: 0
2018/11/23-18:02:57.266509 7f64ee71f0 Options.compaction_options_fifo.ttl: 0
2018/11/23-18:02:57.266515 7f64ee71f0                   Options.table_properties_collectors: 
2018/11/23-18:02:57.266522 7f64ee71f0                   Options.inplace_update_support: 0
2018/11/23-18:02:57.266528 7f64ee71f0                 Options.inplace_update_num_locks: 10000
2018/11/23-18:02:57.266534 7f64ee71f0               Options.memtable_prefix_bloom_size_ratio: 0.000000
2018/11/23-18:02:57.266542 7f64ee71f0   Options.memtable_huge_page_size: 0
2018/11/23-18:02:57.266548 7f64ee71f0                           Options.bloom_locality: 0
2018/11/23-18:02:57.266554 7f64ee71f0                    Options.max_successive_merges: 0
2018/11/23-18:02:57.266561 7f64ee71f0                Options.optimize_filters_for_hits: 0
2018/11/23-18:02:57.266567 7f64ee71f0                Options.paranoid_file_checks: 0
2018/11/23-18:02:57.266573 7f64ee71f0                Options.force_consistency_checks: 0
2018/11/23-18:02:57.266579 7f64ee71f0                Options.report_bg_io_stats: 0
2018/11/23-18:02:57.266585 7f64ee71f0                               Options.ttl: 0
2018/11/23-18:02:57.268627 7f64ee71f0 [db/version_set.cc:3361] Recovered from manifest file:/mnt/sda/ycsb-rocksdb-data/MANIFEST-000001 succeeded,manifest_file_number is 1, next_file_number is 3, last_sequence is 0, log_number is 0,prev_log_number is 0,max_column_family is 0,min_log_number_to_keep is 0
2018/11/23-18:02:57.268654 7f64ee71f0 [db/version_set.cc:3369] Column family [default] (ID 0), log number is 0
2018/11/23-18:02:57.269132 7f64ee71f0 [db/version_set.cc:2847] Creating manifest 4
2018/11/23-18:02:57.343296 7f64ee71f0 [db/column_family.cc:475] --------------- Options for column family [usertable]:
2018/11/23-18:02:57.343330 7f64ee71f0               Options.comparator: leveldb.BytewiseComparator
2018/11/23-18:02:57.343338 7f64ee71f0           Options.merge_operator: None
2018/11/23-18:02:57.343344 7f64ee71f0        Options.compaction_filter: None
2018/11/23-18:02:57.343350 7f64ee71f0        Options.compaction_filter_factory: None
2018/11/23-18:02:57.343357 7f64ee71f0         Options.memtable_factory: SkipListFactory
2018/11/23-18:02:57.343363 7f64ee71f0            Options.table_factory: BlockBasedTable
2018/11/23-18:02:57.343483 7f64ee71f0            table_factory options:   flush_block_policy_factory: FlushBlockBySizePolicyFactory (0x7f1437bd60)
  cache_index_and_filter_blocks: 0
  cache_index_and_filter_blocks_with_high_priority: 0
  pin_l0_filter_and_index_blocks_in_cache: 0
  index_type: 0
  hash_index_allow_collision: 1
  checksum: 1
  no_block_cache: 0
  block_cache: 0x7f1438b290
  block_cache_name: LRUCache
  block_cache_options:
    capacity : 8388608
    num_shard_bits : 4
    strict_capacity_limit : 0
    high_pri_pool_ratio: 0.000
  block_cache_compressed: (nil)
  persistent_cache: (nil)
  block_size: 8192
  block_size_deviation: 10
  block_restart_interval: 16
  index_block_restart_interval: 1
  metadata_block_size: 4096
  partition_filters: 0
  use_delta_encoding: 1
  filter_policy: nullptr
  whole_key_filtering: 1
  verify_compression: 0
  read_amp_bytes_per_bit: 0
  format_version: 2
  enable_index_compression: 1
  block_align: 0
2018/11/23-18:02:57.343496 7f64ee71f0        Options.write_buffer_size: 134217728
2018/11/23-18:02:57.343503 7f64ee71f0  Options.max_write_buffer_number: 24
2018/11/23-18:02:57.343511 7f64ee71f0        Options.compression[0]: NoCompression
2018/11/23-18:02:57.343517 7f64ee71f0        Options.compression[1]: NoCompression
2018/11/23-18:02:57.343524 7f64ee71f0        Options.compression[2]: LZ4
2018/11/23-18:02:57.343531 7f64ee71f0        Options.compression[3]: LZ4
2018/11/23-18:02:57.343537 7f64ee71f0        Options.compression[4]: LZ4
2018/11/23-18:02:57.343543 7f64ee71f0        Options.compression[5]: LZ4
2018/11/23-18:02:57.343550 7f64ee71f0        Options.compression[6]: LZ4
2018/11/23-18:02:57.343556 7f64ee71f0                  Options.bottommost_compression: Disabled
2018/11/23-18:02:57.343563 7f64ee71f0       Options.prefix_extractor: nullptr
2018/11/23-18:02:57.343569 7f64ee71f0   Options.memtable_insert_with_hint_prefix_extractor: nullptr
2018/11/23-18:02:57.343576 7f64ee71f0             Options.num_levels: 7
2018/11/23-18:02:57.343582 7f64ee71f0        Options.min_write_buffer_number_to_merge: 2
2018/11/23-18:02:57.343588 7f64ee71f0     Options.max_write_buffer_number_to_maintain: 0
2018/11/23-18:02:57.343594 7f64ee71f0            Options.compression_opts.window_bits: -14
2018/11/23-18:02:57.343601 7f64ee71f0                  Options.compression_opts.level: -1
2018/11/23-18:02:57.343607 7f64ee71f0               Options.compression_opts.strategy: 0
2018/11/23-18:02:57.343613 7f64ee71f0         Options.compression_opts.max_dict_bytes: 0
2018/11/23-18:02:57.343620 7f64ee71f0         Options.compression_opts.zstd_max_train_bytes: 0
2018/11/23-18:02:57.343626 7f64ee71f0      Options.level0_file_num_compaction_trigger: 2
2018/11/23-18:02:57.343632 7f64ee71f0          Options.level0_slowdown_writes_trigger: 20
2018/11/23-18:02:57.343638 7f64ee71f0              Options.level0_stop_writes_trigger: 36
2018/11/23-18:02:57.343645 7f64ee71f0                   Options.target_file_size_base: 67108864
2018/11/23-18:02:57.343651 7f64ee71f0             Options.target_file_size_multiplier: 1
2018/11/23-18:02:57.343658 7f64ee71f0                Options.max_bytes_for_level_base: 536870912
2018/11/23-18:02:57.343664 7f64ee71f0 Options.level_compaction_dynamic_level_bytes: 0
2018/11/23-18:02:57.343671 7f64ee71f0          Options.max_bytes_for_level_multiplier: 10.000000
2018/11/23-18:02:57.343683 7f64ee71f0 Options.max_bytes_for_level_multiplier_addtl[0]: 1
2018/11/23-18:02:57.343690 7f64ee71f0 Options.max_bytes_for_level_multiplier_addtl[1]: 1
2018/11/23-18:02:57.343739 7f64ee71f0 Options.max_bytes_for_level_multiplier_addtl[2]: 1
2018/11/23-18:02:57.343747 7f64ee71f0 Options.max_bytes_for_level_multiplier_addtl[3]: 1
2018/11/23-18:02:57.343753 7f64ee71f0 Options.max_bytes_for_level_multiplier_addtl[4]: 1
2018/11/23-18:02:57.343760 7f64ee71f0 Options.max_bytes_for_level_multiplier_addtl[5]: 1
2018/11/23-18:02:57.343766 7f64ee71f0 Options.max_bytes_for_level_multiplier_addtl[6]: 1
2018/11/23-18:02:57.343772 7f64ee71f0       Options.max_sequential_skip_in_iterations: 8
2018/11/23-18:02:57.343778 7f64ee71f0                    Options.max_compaction_bytes: 1677721600
2018/11/23-18:02:57.343785 7f64ee71f0                        Options.arena_block_size: 16777216
2018/11/23-18:02:57.343791 7f64ee71f0   Options.soft_pending_compaction_bytes_limit: 68719476736
2018/11/23-18:02:57.343798 7f64ee71f0   Options.hard_pending_compaction_bytes_limit: 274877906944
2018/11/23-18:02:57.343804 7f64ee71f0       Options.rate_limit_delay_max_milliseconds: 100
2018/11/23-18:02:57.343810 7f64ee71f0                Options.disable_auto_compactions: 0
2018/11/23-18:02:57.343820 7f64ee71f0                        Options.compaction_style: kCompactionStyleLevel
2018/11/23-18:02:57.343828 7f64ee71f0                          Options.compaction_pri: kByCompensatedSize
2018/11/23-18:02:57.343835 7f64ee71f0 Options.compaction_options_universal.size_ratio: 1
2018/11/23-18:02:57.343841 7f64ee71f0 Options.compaction_options_universal.min_merge_width: 2
2018/11/23-18:02:57.343847 7f64ee71f0 Options.compaction_options_universal.max_merge_width: 4294967295
2018/11/23-18:02:57.343853 7f64ee71f0 Options.compaction_options_universal.max_size_amplification_percent: 200
2018/11/23-18:02:57.343860 7f64ee71f0 Options.compaction_options_universal.compression_size_percent: -1
2018/11/23-18:02:57.343867 7f64ee71f0 Options.compaction_options_universal.stop_style: kCompactionStopStyleTotalSize
2018/11/23-18:02:57.343874 7f64ee71f0 Options.compaction_options_fifo.max_table_files_size: 1073741824
2018/11/23-18:02:57.343880 7f64ee71f0 Options.compaction_options_fifo.allow_compaction: 0
2018/11/23-18:02:57.343886 7f64ee71f0 Options.compaction_options_fifo.ttl: 0
2018/11/23-18:02:57.343892 7f64ee71f0                   Options.table_properties_collectors: 
2018/11/23-18:02:57.343899 7f64ee71f0                   Options.inplace_update_support: 0
2018/11/23-18:02:57.343905 7f64ee71f0                 Options.inplace_update_num_locks: 10000
2018/11/23-18:02:57.343911 7f64ee71f0               Options.memtable_prefix_bloom_size_ratio: 0.000000
2018/11/23-18:02:57.343919 7f64ee71f0   Options.memtable_huge_page_size: 0
2018/11/23-18:02:57.343925 7f64ee71f0                           Options.bloom_locality: 0
2018/11/23-18:02:57.343931 7f64ee71f0                    Options.max_successive_merges: 0
2018/11/23-18:02:57.343937 7f64ee71f0                Options.optimize_filters_for_hits: 0
2018/11/23-18:02:57.343943 7f64ee71f0                Options.paranoid_file_checks: 0
2018/11/23-18:02:57.343949 7f64ee71f0                Options.force_consistency_checks: 0
2018/11/23-18:02:57.343955 7f64ee71f0                Options.report_bg_io_stats: 0
2018/11/23-18:02:57.343961 7f64ee71f0                               Options.ttl: 0
2018/11/23-18:02:57.344186 7f64ee71f0 [db/db_impl.cc:1396] Created column family [usertable] (ID 1)
2018/11/23-18:02:57.486241 7f64ee71f0 [db/db_impl_open.cc:1219] DB pointer 0x7f143e7710
2018/11/23-18:03:18.946386 7f5f3f21f0 [db/db_impl_write.cc:1373] [usertable] New memtable created with log file: #9. Immutable memtables: 0.
2018/11/23-18:03:38.496327 7f5eff21f0 [db/db_impl_write.cc:1373] [usertable] New memtable created with log file: #10. Immutable memtables: 1.
2018/11/23-18:03:38.496693 7f4effd1f0 [db/db_impl_compaction_flush.cc:80] [JOB 2] Syncing log #3
2018/11/23-18:03:38.511809 7f4effd1f0 [db/db_impl_compaction_flush.cc:80] [JOB 2] Syncing log #9
2018/11/23-18:03:39.166974 7f4effd1f0 (Original Log Time 2018/11/23-18:03:38.496545) [db/db_impl_compaction_flush.cc:1424] Calling FlushMemTableToOutputFile with column family [usertable], flush slots available 6, compaction slots available 1, flush slots scheduled 1, compaction slots scheduled 0
2018/11/23-18:03:39.167028 7f4effd1f0 [db/flush_job.cc:301] [usertable] [JOB 2] Flushing memtable with next log file: 9
2018/11/23-18:03:39.167065 7f4effd1f0 [db/flush_job.cc:301] [usertable] [JOB 2] Flushing memtable with next log file: 10
2018/11/23-18:03:39.167194 7f4effd1f0 EVENT_LOG_v1 {"time_micros": 1542996219167147, "job": 2, "event": "flush_started", "num_memtables": 2, "num_entries": 61303, "num_deletes": 0, "memory_usage": 254127200, "flush_reason": "Write Buffer Full"}
2018/11/23-18:03:39.167228 7f4effd1f0 [db/flush_job.cc:331] [usertable] [JOB 2] Level-0 flush table #11: started
2018/11/23-18:03:41.814949 7f4effd1f0 EVENT_LOG_v1 {"time_micros": 1542996221814897, "cf_name": "usertable", "job": 2, "event": "table_file_creation", "file_number": 11, "file_size": 253880260, "table_properties": {"data_size": 252752283, "index_size": 1127050, "filter_size": 0, "raw_key_size": 1471272, "raw_average_key_size": 24, "raw_value_size": 251097088, "raw_average_value_size": 4096, "num_data_blocks": 30652, "num_entries": 61303, "filter_policy_name": "", "kDeletedKeys": "0", "kMergeOperands": "0"}}
2018/11/23-18:03:41.815036 7f4effd1f0 [db/flush_job.cc:371] [usertable] [JOB 2] Level-0 flush table #11: 253880260 bytes OK
2018/11/23-18:03:41.844545 7f4effd1f0 (Original Log Time 2018/11/23-18:03:41.815080) [db/memtable_list.cc:377] [usertable] Level-0 commit table #11 started
2018/11/23-18:03:41.844555 7f4effd1f0 (Original Log Time 2018/11/23-18:03:41.844346) [db/memtable_list.cc:409] [usertable] Level-0 commit table #11: memtable #1 done
2018/11/23-18:03:41.844560 7f4effd1f0 (Original Log Time 2018/11/23-18:03:41.844373) [db/memtable_list.cc:409] [usertable] Level-0 commit table #11: memtable #2 done
2018/11/23-18:03:41.844564 7f4effd1f0 (Original Log Time 2018/11/23-18:03:41.844421) EVENT_LOG_v1 {"time_micros": 1542996221844405, "job": 2, "event": "flush_finished", "output_compression": "NoCompression", "lsm_state": [1, 0, 0, 0, 0, 0, 0], "immutable_memtables": 0}
2018/11/23-18:03:41.844569 7f4effd1f0 (Original Log Time 2018/11/23-18:03:41.844475) [db/db_impl_compaction_flush.cc:177] [usertable] Level summary: base level 1 max bytes base 536870912 files[1 0 0 0 0 0 0] max score 0.50
2018/11/23-18:03:41.844594 7f4effd1f0 [db/db_impl_files.cc:347] [JOB 2] Try to delete WAL files size 252777943, prev total WAL file size 268934845, number of live WAL files 3.
2018/11/23-18:03:59.940049 7f64ae71f0 [db/db_impl_write.cc:1373] [usertable] New memtable created with log file: #12. Immutable memtables: 0.
2018/11/23-18:04:18.146215 7f5eff21f0 [db/db_impl_write.cc:1373] [usertable] New memtable created with log file: #13. Immutable memtables: 1.
2018/11/23-18:04:18.146428 7f4e7fc1f0 [db/db_impl_compaction_flush.cc:80] [JOB 3] Syncing log #10
2018/11/23-18:04:18.146760 7f4e7fc1f0 [db/db_impl_compaction_flush.cc:80] [JOB 3] Syncing log #12
2018/11/23-18:04:19.228135 7f4e7fc1f0 (Original Log Time 2018/11/23-18:04:18.146374) [db/db_impl_compaction_flush.cc:1424] Calling FlushMemTableToOutputFile with column family [usertable], flush slots available 6, compaction slots available 1, flush slots scheduled 1, compaction slots scheduled 0
2018/11/23-18:04:19.228176 7f4e7fc1f0 [db/flush_job.cc:301] [usertable] [JOB 3] Flushing memtable with next log file: 12
2018/11/23-18:04:19.228196 7f4e7fc1f0 [db/flush_job.cc:301] [usertable] [JOB 3] Flushing memtable with next log file: 13
2018/11/23-18:04:19.228276 7f4e7fc1f0 EVENT_LOG_v1 {"time_micros": 1542996259228251, "job": 3, "event": "flush_started", "num_memtables": 2, "num_entries": 61885, "num_deletes": 0, "memory_usage": 256473968, "flush_reason": "Write Buffer Full"}
2018/11/23-18:04:19.228294 7f4e7fc1f0 [db/flush_job.cc:331] [usertable] [JOB 3] Level-0 flush table #14: started
2018/11/23-18:04:21.987804 7f4e7fc1f0 EVENT_LOG_v1 {"time_micros": 1542996261987755, "cf_name": "usertable", "job": 3, "event": "table_file_creation", "file_number": 14, "file_size": 256304298, "table_properties": {"data_size": 255158744, "index_size": 1144627, "filter_size": 0, "raw_key_size": 1485240, "raw_average_key_size": 24, "raw_value_size": 253480960, "raw_average_value_size": 4096, "num_data_blocks": 30943, "num_entries": 61885, "filter_policy_name": "", "kDeletedKeys": "0", "kMergeOperands": "0"}}
2018/11/23-18:04:21.987865 7f4e7fc1f0 [db/flush_job.cc:371] [usertable] [JOB 3] Level-0 flush table #14: 256304298 bytes OK
2018/11/23-18:04:22.017629 7f4e7fc1f0 (Original Log Time 2018/11/23-18:04:21.987895) [db/memtable_list.cc:377] [usertable] Level-0 commit table #14 started
2018/11/23-18:04:22.017637 7f4e7fc1f0 (Original Log Time 2018/11/23-18:04:22.017479) [db/memtable_list.cc:409] [usertable] Level-0 commit table #14: memtable #1 done
2018/11/23-18:04:22.017642 7f4e7fc1f0 (Original Log Time 2018/11/23-18:04:22.017488) [db/memtable_list.cc:409] [usertable] Level-0 commit table #14: memtable #2 done
2018/11/23-18:04:22.017647 7f4e7fc1f0 (Original Log Time 2018/11/23-18:04:22.017524) EVENT_LOG_v1 {"time_micros": 1542996262017511, "job": 3, "event": "flush_finished", "output_compression": "NoCompression", "lsm_state": [2, 0, 0, 0, 0, 0, 0], "immutable_memtables": 0}
2018/11/23-18:04:22.017652 7f4e7fc1f0 (Original Log Time 2018/11/23-18:04:22.017590) [db/db_impl_compaction_flush.cc:177] [usertable] Level summary: base level 1 max bytes base 536870912 files[2 0 0 0 0 0 0] max score 1.00
2018/11/23-18:04:22.017672 7f4e7fc1f0 [db/db_impl_files.cc:347] [JOB 3] Try to delete WAL files size 255171313, prev total WAL file size 275415278, number of live WAL files 3.
2018/11/23-18:04:22.023182 7f4ffff1f0 [WARN] [db/db_impl.cc:491] ------- DUMPING STATS -------
2018/11/23-18:04:22.023259 7f4ffff1f0 [WARN] [db/db_impl.cc:492] 
** DB Stats **
Uptime(secs): 84.8 total, 84.8 interval
Cumulative writes: 128K writes, 128K keys, 68K commit groups, 1.9 writes per commit group, ingest: 0.49 GB, 5.94 MB/s
Cumulative WAL: 128K writes, 0 syncs, 128099.00 writes per sync, written: 0.49 GB, 5.94 MB/s
Cumulative stall: 00:00:0.000 H:M:S, 0.0 percent
Interval writes: 128K writes, 128K keys, 68K commit groups, 1.9 writes per commit group, ingest: 503.73 MB, 5.94 MB/s
Interval WAL: 128K writes, 0 syncs, 128099.00 writes per sync, written: 0.49 MB, 5.94 MB/s
Interval stall: 00:00:0.000 H:M:S, 0.0 percent

** Compaction Stats [default] **
Level    Files   Size     Score Read(GB)  Rn(GB) Rnp1(GB) Write(GB) Wnew(GB) Moved(GB) W-Amp Rd(MB/s) Wr(MB/s) Comp(sec) Comp(cnt) Avg(sec) KeyIn KeyDrop
----------------------------------------------------------------------------------------------------------------------------------------------------------
 Sum      0/0    0.00 KB   0.0      0.0     0.0      0.0       0.0      0.0       0.0   0.0      0.0      0.0         0         0    0.000       0      0
 Int      0/0    0.00 KB   0.0      0.0     0.0      0.0       0.0      0.0       0.0   0.0      0.0      0.0         0         0    0.000       0      0
Uptime(secs): 84.8 total, 84.8 interval
Flush(GB): cumulative 0.000, interval 0.000
AddFile(GB): cumulative 0.000, interval 0.000
AddFile(Total Files): cumulative 0, interval 0
AddFile(L0 Files): cumulative 0, interval 0
AddFile(Keys): cumulative 0, interval 0
Cumulative compaction: 0.00 GB write, 0.00 MB/s write, 0.00 GB read, 0.00 MB/s read, 0.0 seconds
Interval compaction: 0.00 GB write, 0.00 MB/s write, 0.00 GB read, 0.00 MB/s read, 0.0 seconds
Stalls(count): 0 level0_slowdown, 0 level0_slowdown_with_compaction, 0 level0_numfiles, 0 level0_numfiles_with_compaction, 0 stop for pending_compaction_bytes, 0 slowdown for pending_compaction_bytes, 0 memtable_compaction, 0 memtable_slowdown, interval 0 total count

** File Read Latency Histogram By Level [default] **

** Compaction Stats [usertable] **
Level    Files   Size     Score Read(GB)  Rn(GB) Rnp1(GB) Write(GB) Wnew(GB) Moved(GB) W-Amp Rd(MB/s) Wr(MB/s) Comp(sec) Comp(cnt) Avg(sec) KeyIn KeyDrop
----------------------------------------------------------------------------------------------------------------------------------------------------------
  L0      2/0   486.55 MB   1.0      0.0     0.0      0.0       0.5      0.5       0.0   1.0      0.0     90.0         5         2    2.704       0      0
 Sum      2/0   486.55 MB   0.0      0.0     0.0      0.0       0.5      0.5       0.0   1.0      0.0     90.0         5         2    2.704       0      0
 Int      0/0    0.00 KB   0.0      0.0     0.0      0.0       0.5      0.5       0.0   1.0      0.0     90.0         5         2    2.704       0      0
Uptime(secs): 84.7 total, 84.7 interval
Flush(GB): cumulative 0.475, interval 0.475
AddFile(GB): cumulative 0.000, interval 0.000
AddFile(Total Files): cumulative 0, interval 0
AddFile(L0 Files): cumulative 0, interval 0
AddFile(Keys): cumulative 0, interval 0
Cumulative compaction: 0.48 GB write, 5.75 MB/s write, 0.00 GB read, 0.00 MB/s read, 5.4 seconds
Interval compaction: 0.48 GB write, 5.75 MB/s write, 0.00 GB read, 0.00 MB/s read, 5.4 seconds
Stalls(count): 0 level0_slowdown, 0 level0_slowdown_with_compaction, 0 level0_numfiles, 0 level0_numfiles_with_compaction, 0 stop for pending_compaction_bytes, 0 slowdown for pending_compaction_bytes, 0 memtable_compaction, 0 memtable_slowdown, interval 0 total count

** File Read Latency Histogram By Level [usertable] **

** Compaction Stats [default] **
Level    Files   Size     Score Read(GB)  Rn(GB) Rnp1(GB) Write(GB) Wnew(GB) Moved(GB) W-Amp Rd(MB/s) Wr(MB/s) Comp(sec) Comp(cnt) Avg(sec) KeyIn KeyDrop
----------------------------------------------------------------------------------------------------------------------------------------------------------
 Sum      0/0    0.00 KB   0.0      0.0     0.0      0.0       0.0      0.0       0.0   0.0      0.0      0.0         0         0    0.000       0      0
 Int      0/0    0.00 KB   0.0      0.0     0.0      0.0       0.0      0.0       0.0   0.0      0.0      0.0         0         0    0.000       0      0
Uptime(secs): 84.8 total, 0.0 interval
Flush(GB): cumulative 0.000, interval 0.000
AddFile(GB): cumulative 0.000, interval 0.000
AddFile(Total Files): cumulative 0, interval 0
AddFile(L0 Files): cumulative 0, interval 0
AddFile(Keys): cumulative 0, interval 0
Cumulative compaction: 0.00 GB write, 0.00 MB/s write, 0.00 GB read, 0.00 MB/s read, 0.0 seconds
Interval compaction: 0.00 GB write, 0.00 MB/s write, 0.00 GB read, 0.00 MB/s read, 0.0 seconds
Stalls(count): 0 level0_slowdown, 0 level0_slowdown_with_compaction, 0 level0_numfiles, 0 level0_numfiles_with_compaction, 0 stop for pending_compaction_bytes, 0 slowdown for pending_compaction_bytes, 0 memtable_compaction, 0 memtable_slowdown, interval 0 total count

** File Read Latency Histogram By Level [default] **

** Compaction Stats [usertable] **
Level    Files   Size     Score Read(GB)  Rn(GB) Rnp1(GB) Write(GB) Wnew(GB) Moved(GB) W-Amp Rd(MB/s) Wr(MB/s) Comp(sec) Comp(cnt) Avg(sec) KeyIn KeyDrop
----------------------------------------------------------------------------------------------------------------------------------------------------------
  L0      2/0   486.55 MB   1.0      0.0     0.0      0.0       0.5      0.5       0.0   1.0      0.0     90.0         5         2    2.704       0      0
 Sum      2/0   486.55 MB   0.0      0.0     0.0      0.0       0.5      0.5       0.0   1.0      0.0     90.0         5         2    2.704       0      0
 Int      0/0    0.00 KB   0.0      0.0     0.0      0.0       0.0      0.0       0.0   0.0      0.0      0.0         0         0    0.000       0      0
Uptime(secs): 84.7 total, 0.0 interval
Flush(GB): cumulative 0.475, interval 0.000
AddFile(GB): cumulative 0.000, interval 0.000
AddFile(Total Files): cumulative 0, interval 0
AddFile(L0 Files): cumulative 0, interval 0
AddFile(Keys): cumulative 0, interval 0
Cumulative compaction: 0.48 GB write, 5.75 MB/s write, 0.00 GB read, 0.00 MB/s read, 5.4 seconds
Interval compaction: 0.00 GB write, 0.00 MB/s write, 0.00 GB read, 0.00 MB/s read, 0.0 seconds
Stalls(count): 0 level0_slowdown, 0 level0_slowdown_with_compaction, 0 level0_numfiles, 0 level0_numfiles_with_compaction, 0 stop for pending_compaction_bytes, 0 slowdown for pending_compaction_bytes, 0 memtable_compaction, 0 memtable_slowdown, interval 0 total count

** File Read Latency Histogram By Level [usertable] **
2018/11/23-18:04:22.053292 7f4ffff1f0 (Original Log Time 2018/11/23-18:04:22.023455) [db/db_impl_compaction_flush.cc:1835] [usertable] Moving #14 to level-1 256304298 bytes
2018/11/23-18:04:22.053303 7f4ffff1f0 (Original Log Time 2018/11/23-18:04:22.053159) EVENT_LOG_v1 {"time_micros": 1542996262053135, "job": 4, "event": "trivial_move", "destination_level": 1, "files": 1, "total_files_size": 256304298}
2018/11/23-18:04:22.053308 7f4ffff1f0 (Original Log Time 2018/11/23-18:04:22.053191) [db/db_impl_compaction_flush.cc:1864] [usertable] Moved #1 files to level-1 256304298 bytes OK: base level 1 max bytes base 536870912 files[1 1 0 0 0 0 0] max score 0.50
2018/11/23-18:04:36.300767 7f5f1f21f0 [db/db_impl_write.cc:1373] [usertable] New memtable created with log file: #15. Immutable memtables: 0.
2018/11/23-18:04:54.384713 7f64ce71f0 [db/db_impl_write.cc:1373] [usertable] New memtable created with log file: #16. Immutable memtables: 1.
2018/11/23-18:04:54.384929 7edffff1f0 [db/db_impl_compaction_flush.cc:80] [JOB 5] Syncing log #13
2018/11/23-18:04:54.413839 7edffff1f0 [db/db_impl_compaction_flush.cc:80] [JOB 5] Syncing log #15
2018/11/23-18:04:54.966827 7edffff1f0 (Original Log Time 2018/11/23-18:04:54.384897) [db/db_impl_compaction_flush.cc:1424] Calling FlushMemTableToOutputFile with column family [usertable], flush slots available 6, compaction slots available 1, flush slots scheduled 1, compaction slots scheduled 0
2018/11/23-18:04:54.966850 7edffff1f0 [db/flush_job.cc:301] [usertable] [JOB 5] Flushing memtable with next log file: 15
2018/11/23-18:04:54.966862 7edffff1f0 [db/flush_job.cc:301] [usertable] [JOB 5] Flushing memtable with next log file: 16
2018/11/23-18:04:54.966914 7edffff1f0 EVENT_LOG_v1 {"time_micros": 1542996294966901, "job": 5, "event": "flush_started", "num_memtables": 2, "num_entries": 60911, "num_deletes": 0, "memory_usage": 252435432, "flush_reason": "Write Buffer Full"}
2018/11/23-18:04:54.966926 7edffff1f0 [db/flush_job.cc:331] [usertable] [JOB 5] Level-0 flush table #17: started
2018/11/23-18:04:57.826474 7edffff1f0 EVENT_LOG_v1 {"time_micros": 1542996297826378, "cf_name": "usertable", "job": 5, "event": "table_file_creation", "file_number": 17, "file_size": 252256835, "table_properties": {"data_size": 251136067, "index_size": 1119841, "filter_size": 0, "raw_key_size": 1461864, "raw_average_key_size": 24, "raw_value_size": 249491456, "raw_average_value_size": 4096, "num_data_blocks": 30456, "num_entries": 60911, "filter_policy_name": "", "kDeletedKeys": "0", "kMergeOperands": "0"}}
2018/11/23-18:04:57.826601 7edffff1f0 [db/flush_job.cc:371] [usertable] [JOB 5] Level-0 flush table #17: 252256835 bytes OK
2018/11/23-18:04:57.873703 7edffff1f0 (Original Log Time 2018/11/23-18:04:57.826643) [db/memtable_list.cc:377] [usertable] Level-0 commit table #17 started
2018/11/23-18:04:57.873722 7edffff1f0 (Original Log Time 2018/11/23-18:04:57.873417) [db/memtable_list.cc:409] [usertable] Level-0 commit table #17: memtable #1 done
2018/11/23-18:04:57.873733 7edffff1f0 (Original Log Time 2018/11/23-18:04:57.873434) [db/memtable_list.cc:409] [usertable] Level-0 commit table #17: memtable #2 done
2018/11/23-18:04:57.873743 7edffff1f0 (Original Log Time 2018/11/23-18:04:57.873510) EVENT_LOG_v1 {"time_micros": 1542996297873479, "job": 5, "event": "flush_finished", "output_compression": "NoCompression", "lsm_state": [2, 1, 0, 0, 0, 0, 0], "immutable_memtables": 0}
2018/11/23-18:04:57.873753 7edffff1f0 (Original Log Time 2018/11/23-18:04:57.873612) [db/db_impl_compaction_flush.cc:177] [usertable] Level summary: base level 1 max bytes base 536870912 files[2 1 0 0 0 0 0] max score 1.00
2018/11/23-18:04:57.873796 7edffff1f0 [db/db_impl_files.cc:347] [JOB 5] Try to delete WAL files size 251152031, prev total WAL file size 269452725, number of live WAL files 3.
2018/11/23-18:04:57.958982 7f4f7fe1f0 (Original Log Time 2018/11/23-18:04:57.873745) [db/db_impl_compaction_flush.cc:1835] [usertable] Moving #11 to level-1 253880260 bytes
2018/11/23-18:04:57.958993 7f4f7fe1f0 (Original Log Time 2018/11/23-18:04:57.958897) EVENT_LOG_v1 {"time_micros": 1542996297958885, "job": 6, "event": "trivial_move", "destination_level": 1, "files": 1, "total_files_size": 253880260}
