2019/03/09-20:17:51.362798 7f14583dc700 RocksDB version: 5.14.3
2019/03/09-20:17:51.362867 7f14583dc700 Git sha rocksdb_build_git_sha:
2019/03/09-20:17:51.362870 7f14583dc700 Compile date Dec 29 2018
2019/03/09-20:17:51.362875 7f14583dc700 DB SUMMARY
2019/03/09-20:17:51.362900 7f14583dc700 SST files in /mnt/sda/ycsb-rocksdb-data dir, Total Num: 0, files: 
2019/03/09-20:17:51.362903 7f14583dc700 Write Ahead Log file in /mnt/sda/ycsb-rocksdb-data: 
2019/03/09-20:17:51.362905 7f14583dc700                         Options.error_if_exists: 0
2019/03/09-20:17:51.362907 7f14583dc700                       Options.create_if_missing: 1
2019/03/09-20:17:51.362908 7f14583dc700                         Options.paranoid_checks: 1
2019/03/09-20:17:51.362909 7f14583dc700                                     Options.env: 0x7f145398b2c0
2019/03/09-20:17:51.362910 7f14583dc700                                Options.info_log: 0x7f1388388940
2019/03/09-20:17:51.362911 7f14583dc700                Options.max_file_opening_threads: 16
2019/03/09-20:17:51.362912 7f14583dc700                              Options.statistics: (nil)
2019/03/09-20:17:51.362914 7f14583dc700                               Options.use_fsync: 0
2019/03/09-20:17:51.362915 7f14583dc700                       Options.max_log_file_size: 0
2019/03/09-20:17:51.362916 7f14583dc700                  Options.max_manifest_file_size: 18446744073709551615
2019/03/09-20:17:51.362917 7f14583dc700                   Options.log_file_time_to_roll: 0
2019/03/09-20:17:51.362918 7f14583dc700                       Options.keep_log_file_num: 1000
2019/03/09-20:17:51.362919 7f14583dc700                    Options.recycle_log_file_num: 0
2019/03/09-20:17:51.362920 7f14583dc700                         Options.allow_fallocate: 1
2019/03/09-20:17:51.362921 7f14583dc700                        Options.allow_mmap_reads: 0
2019/03/09-20:17:51.362922 7f14583dc700                       Options.allow_mmap_writes: 0
2019/03/09-20:17:51.362923 7f14583dc700                        Options.use_direct_reads: 0
2019/03/09-20:17:51.362924 7f14583dc700                        Options.use_direct_io_for_flush_and_compaction: 0
2019/03/09-20:17:51.362925 7f14583dc700          Options.create_missing_column_families: 1
2019/03/09-20:17:51.362926 7f14583dc700                              Options.db_log_dir: 
2019/03/09-20:17:51.362928 7f14583dc700                                 Options.wal_dir: /mnt/sda/ycsb-rocksdb-data
2019/03/09-20:17:51.362929 7f14583dc700                Options.table_cache_numshardbits: 6
2019/03/09-20:17:51.362930 7f14583dc700                      Options.max_subcompactions: 4
2019/03/09-20:17:51.362931 7f14583dc700                  Options.max_background_flushes: 24
2019/03/09-20:17:51.362931 7f14583dc700                         Options.WAL_ttl_seconds: 0
2019/03/09-20:17:51.362932 7f14583dc700                       Options.WAL_size_limit_MB: 0
2019/03/09-20:17:51.362933 7f14583dc700             Options.manifest_preallocation_size: 4194304
2019/03/09-20:17:51.362934 7f14583dc700                     Options.is_fd_close_on_exec: 1
2019/03/09-20:17:51.362935 7f14583dc700                   Options.advise_random_on_open: 1
2019/03/09-20:17:51.362936 7f14583dc700                    Options.db_write_buffer_size: 0
2019/03/09-20:17:51.362937 7f14583dc700                    Options.write_buffer_manager: 0x7f1388388860
2019/03/09-20:17:51.362938 7f14583dc700         Options.access_hint_on_compaction_start: 1
2019/03/09-20:17:51.362939 7f14583dc700  Options.new_table_reader_for_compaction_inputs: 0
2019/03/09-20:17:51.362940 7f14583dc700           Options.random_access_max_buffer_size: 1048576
2019/03/09-20:17:51.362941 7f14583dc700                      Options.use_adaptive_mutex: 0
2019/03/09-20:17:51.362942 7f14583dc700                            Options.rate_limiter: (nil)
2019/03/09-20:17:51.362944 7f14583dc700     Options.sst_file_manager.rate_bytes_per_sec: 0
2019/03/09-20:17:51.362945 7f14583dc700                       Options.wal_recovery_mode: 2
2019/03/09-20:17:51.362946 7f14583dc700                  Options.enable_thread_tracking: 0
2019/03/09-20:17:51.362947 7f14583dc700                  Options.enable_pipelined_write: 1
2019/03/09-20:17:51.362957 7f14583dc700         Options.allow_concurrent_memtable_write: 1
2019/03/09-20:17:51.362958 7f14583dc700      Options.enable_write_thread_adaptive_yield: 1
2019/03/09-20:17:51.362959 7f14583dc700             Options.write_thread_max_yield_usec: 100
2019/03/09-20:17:51.362960 7f14583dc700            Options.write_thread_slow_yield_usec: 3
2019/03/09-20:17:51.362961 7f14583dc700                               Options.row_cache: None
2019/03/09-20:17:51.362962 7f14583dc700                              Options.wal_filter: None
2019/03/09-20:17:51.362963 7f14583dc700             Options.avoid_flush_during_recovery: 0
2019/03/09-20:17:51.362964 7f14583dc700             Options.allow_ingest_behind: 0
2019/03/09-20:17:51.362965 7f14583dc700             Options.preserve_deletes: 0
2019/03/09-20:17:51.362966 7f14583dc700             Options.two_write_queues: 0
2019/03/09-20:17:51.362967 7f14583dc700             Options.manual_wal_flush: 0
2019/03/09-20:17:51.362969 7f14583dc700             Options.max_background_jobs: 24
2019/03/09-20:17:51.362970 7f14583dc700             Options.max_background_compactions: 24
2019/03/09-20:17:51.362971 7f14583dc700             Options.avoid_flush_during_shutdown: 0
2019/03/09-20:17:51.362972 7f14583dc700           Options.writable_file_max_buffer_size: 1048576
2019/03/09-20:17:51.362973 7f14583dc700             Options.delayed_write_rate : 16777216
2019/03/09-20:17:51.362974 7f14583dc700             Options.max_total_wal_size: 0
2019/03/09-20:17:51.362975 7f14583dc700             Options.delete_obsolete_files_period_micros: 21600000000
2019/03/09-20:17:51.362976 7f14583dc700                   Options.stats_dump_period_sec: 60
2019/03/09-20:17:51.362977 7f14583dc700                          Options.max_open_files: -1
2019/03/09-20:17:51.362978 7f14583dc700                          Options.bytes_per_sync: 1048576
2019/03/09-20:17:51.362979 7f14583dc700                      Options.wal_bytes_per_sync: 0
2019/03/09-20:17:51.362980 7f14583dc700       Options.compaction_readahead_size: 0
2019/03/09-20:17:51.362980 7f14583dc700 Compression algorithms supported:
2019/03/09-20:17:51.362982 7f14583dc700 	kZSTDNotFinalCompression supported: 1
2019/03/09-20:17:51.362990 7f14583dc700 	kZSTD supported: 1
2019/03/09-20:17:51.362992 7f14583dc700 	kXpressCompression supported: 0
2019/03/09-20:17:51.362993 7f14583dc700 	kLZ4HCCompression supported: 1
2019/03/09-20:17:51.362994 7f14583dc700 	kLZ4Compression supported: 1
2019/03/09-20:17:51.362995 7f14583dc700 	kBZip2Compression supported: 1
2019/03/09-20:17:51.362996 7f14583dc700 	kZlibCompression supported: 1
2019/03/09-20:17:51.362997 7f14583dc700 	kSnappyCompression supported: 1
2019/03/09-20:17:51.363002 7f14583dc700 Fast CRC32 supported: Supported on x86
2019/03/09-20:17:51.363090 7f14583dc700 [db/db_impl_open.cc:222] Creating manifest 1 
2019/03/09-20:17:51.463085 7f14583dc700 [db/version_set.cc:3085] Recovering from manifest file: MANIFEST-000001
2019/03/09-20:17:51.463178 7f14583dc700 [db/column_family.cc:475] --------------- Options for column family [default]:
2019/03/09-20:17:51.463182 7f14583dc700               Options.comparator: leveldb.BytewiseComparator
2019/03/09-20:17:51.463183 7f14583dc700           Options.merge_operator: None
2019/03/09-20:17:51.463185 7f14583dc700        Options.compaction_filter: None
2019/03/09-20:17:51.463186 7f14583dc700        Options.compaction_filter_factory: None
2019/03/09-20:17:51.463187 7f14583dc700         Options.memtable_factory: SkipListFactory
2019/03/09-20:17:51.463188 7f14583dc700            Options.table_factory: BlockBasedTable
2019/03/09-20:17:51.463222 7f14583dc700            table_factory options:   flush_block_policy_factory: FlushBlockBySizePolicyFactory (0x7f138837b4f0)
  cache_index_and_filter_blocks: 0
  cache_index_and_filter_blocks_with_high_priority: 0
  pin_l0_filter_and_index_blocks_in_cache: 0
  index_type: 0
  hash_index_allow_collision: 1
  checksum: 1
  no_block_cache: 0
  block_cache: 0x7f1388387080
  block_cache_name: LRUCache
  block_cache_options:
    capacity : 8388608
    num_shard_bits : 4
    strict_capacity_limit : 0
    high_pri_pool_ratio: 0.000
  block_cache_compressed: (nil)
  persistent_cache: (nil)
  block_size: 8192
  block_size_deviation: 10
  block_restart_interval: 16
  index_block_restart_interval: 1
  metadata_block_size: 4096
  partition_filters: 0
  use_delta_encoding: 1
  filter_policy: nullptr
  whole_key_filtering: 1
  verify_compression: 0
  read_amp_bytes_per_bit: 0
  format_version: 2
  enable_index_compression: 1
  block_align: 0
2019/03/09-20:17:51.463237 7f14583dc700        Options.write_buffer_size: 134217728
2019/03/09-20:17:51.463239 7f14583dc700  Options.max_write_buffer_number: 24
2019/03/09-20:17:51.463240 7f14583dc700        Options.compression[0]: NoCompression
2019/03/09-20:17:51.463241 7f14583dc700        Options.compression[1]: NoCompression
2019/03/09-20:17:51.463243 7f14583dc700        Options.compression[2]: LZ4
2019/03/09-20:17:51.463244 7f14583dc700        Options.compression[3]: LZ4
2019/03/09-20:17:51.463245 7f14583dc700        Options.compression[4]: LZ4
2019/03/09-20:17:51.463246 7f14583dc700        Options.compression[5]: LZ4
2019/03/09-20:17:51.463246 7f14583dc700        Options.compression[6]: LZ4
2019/03/09-20:17:51.463247 7f14583dc700                  Options.bottommost_compression: Disabled
2019/03/09-20:17:51.463249 7f14583dc700       Options.prefix_extractor: nullptr
2019/03/09-20:17:51.463250 7f14583dc700   Options.memtable_insert_with_hint_prefix_extractor: nullptr
2019/03/09-20:17:51.463251 7f14583dc700             Options.num_levels: 7
2019/03/09-20:17:51.463252 7f14583dc700        Options.min_write_buffer_number_to_merge: 2
2019/03/09-20:17:51.463253 7f14583dc700     Options.max_write_buffer_number_to_maintain: 0
2019/03/09-20:17:51.463253 7f14583dc700            Options.compression_opts.window_bits: -14
2019/03/09-20:17:51.463254 7f14583dc700                  Options.compression_opts.level: -1
2019/03/09-20:17:51.463255 7f14583dc700               Options.compression_opts.strategy: 0
2019/03/09-20:17:51.463256 7f14583dc700         Options.compression_opts.max_dict_bytes: 0
2019/03/09-20:17:51.463257 7f14583dc700         Options.compression_opts.zstd_max_train_bytes: 0
2019/03/09-20:17:51.463258 7f14583dc700      Options.level0_file_num_compaction_trigger: 2
2019/03/09-20:17:51.463259 7f14583dc700          Options.level0_slowdown_writes_trigger: 20
2019/03/09-20:17:51.463260 7f14583dc700              Options.level0_stop_writes_trigger: 36
2019/03/09-20:17:51.463261 7f14583dc700                   Options.target_file_size_base: 67108864
2019/03/09-20:17:51.463262 7f14583dc700             Options.target_file_size_multiplier: 1
2019/03/09-20:17:51.463263 7f14583dc700                Options.max_bytes_for_level_base: 536870912
2019/03/09-20:17:51.463264 7f14583dc700 Options.level_compaction_dynamic_level_bytes: 0
2019/03/09-20:17:51.463265 7f14583dc700          Options.max_bytes_for_level_multiplier: 10.000000
2019/03/09-20:17:51.463268 7f14583dc700 Options.max_bytes_for_level_multiplier_addtl[0]: 1
2019/03/09-20:17:51.463269 7f14583dc700 Options.max_bytes_for_level_multiplier_addtl[1]: 1
2019/03/09-20:17:51.463270 7f14583dc700 Options.max_bytes_for_level_multiplier_addtl[2]: 1
2019/03/09-20:17:51.463271 7f14583dc700 Options.max_bytes_for_level_multiplier_addtl[3]: 1
2019/03/09-20:17:51.463272 7f14583dc700 Options.max_bytes_for_level_multiplier_addtl[4]: 1
2019/03/09-20:17:51.463273 7f14583dc700 Options.max_bytes_for_level_multiplier_addtl[5]: 1
2019/03/09-20:17:51.463274 7f14583dc700 Options.max_bytes_for_level_multiplier_addtl[6]: 1
2019/03/09-20:17:51.463275 7f14583dc700       Options.max_sequential_skip_in_iterations: 8
2019/03/09-20:17:51.463276 7f14583dc700                    Options.max_compaction_bytes: 1677721600
2019/03/09-20:17:51.463277 7f14583dc700                        Options.arena_block_size: 16777216
2019/03/09-20:17:51.463278 7f14583dc700   Options.soft_pending_compaction_bytes_limit: 68719476736
2019/03/09-20:17:51.463279 7f14583dc700   Options.hard_pending_compaction_bytes_limit: 274877906944
2019/03/09-20:17:51.463286 7f14583dc700       Options.rate_limit_delay_max_milliseconds: 100
2019/03/09-20:17:51.463287 7f14583dc700                Options.disable_auto_compactions: 0
2019/03/09-20:17:51.463289 7f14583dc700                        Options.compaction_style: kCompactionStyleLevel
2019/03/09-20:17:51.463291 7f14583dc700                          Options.compaction_pri: kByCompensatedSize
2019/03/09-20:17:51.463292 7f14583dc700 Options.compaction_options_universal.size_ratio: 1
2019/03/09-20:17:51.463293 7f14583dc700 Options.compaction_options_universal.min_merge_width: 2
2019/03/09-20:17:51.463294 7f14583dc700 Options.compaction_options_universal.max_merge_width: 4294967295
2019/03/09-20:17:51.463295 7f14583dc700 Options.compaction_options_universal.max_size_amplification_percent: 200
2019/03/09-20:17:51.463296 7f14583dc700 Options.compaction_options_universal.compression_size_percent: -1
2019/03/09-20:17:51.463297 7f14583dc700 Options.compaction_options_universal.stop_style: kCompactionStopStyleTotalSize
2019/03/09-20:17:51.463298 7f14583dc700 Options.compaction_options_fifo.max_table_files_size: 1073741824
2019/03/09-20:17:51.463299 7f14583dc700 Options.compaction_options_fifo.allow_compaction: 0
2019/03/09-20:17:51.463300 7f14583dc700 Options.compaction_options_fifo.ttl: 0
2019/03/09-20:17:51.463301 7f14583dc700                   Options.table_properties_collectors: 
2019/03/09-20:17:51.463302 7f14583dc700                   Options.inplace_update_support: 0
2019/03/09-20:17:51.463303 7f14583dc700                 Options.inplace_update_num_locks: 10000
2019/03/09-20:17:51.463304 7f14583dc700               Options.memtable_prefix_bloom_size_ratio: 0.000000
2019/03/09-20:17:51.463306 7f14583dc700   Options.memtable_huge_page_size: 0
2019/03/09-20:17:51.463307 7f14583dc700                           Options.bloom_locality: 0
2019/03/09-20:17:51.463308 7f14583dc700                    Options.max_successive_merges: 0
2019/03/09-20:17:51.463309 7f14583dc700                Options.optimize_filters_for_hits: 0
2019/03/09-20:17:51.463309 7f14583dc700                Options.paranoid_file_checks: 0
2019/03/09-20:17:51.463310 7f14583dc700                Options.force_consistency_checks: 0
2019/03/09-20:17:51.463311 7f14583dc700                Options.report_bg_io_stats: 0
2019/03/09-20:17:51.463312 7f14583dc700                               Options.ttl: 0
2019/03/09-20:17:51.464076 7f14583dc700 [db/version_set.cc:3361] Recovered from manifest file:/mnt/sda/ycsb-rocksdb-data/MANIFEST-000001 succeeded,manifest_file_number is 1, next_file_number is 3, last_sequence is 0, log_number is 0,prev_log_number is 0,max_column_family is 0,min_log_number_to_keep is 0
2019/03/09-20:17:51.464084 7f14583dc700 [db/version_set.cc:3369] Column family [default] (ID 0), log number is 0
2019/03/09-20:17:51.464284 7f14583dc700 [db/version_set.cc:2847] Creating manifest 4
2019/03/09-20:17:51.535981 7f14583dc700 [db/column_family.cc:475] --------------- Options for column family [usertable]:
2019/03/09-20:17:51.535986 7f14583dc700               Options.comparator: leveldb.BytewiseComparator
2019/03/09-20:17:51.535988 7f14583dc700           Options.merge_operator: None
2019/03/09-20:17:51.535989 7f14583dc700        Options.compaction_filter: None
2019/03/09-20:17:51.535990 7f14583dc700        Options.compaction_filter_factory: None
2019/03/09-20:17:51.535991 7f14583dc700         Options.memtable_factory: SkipListFactory
2019/03/09-20:17:51.535992 7f14583dc700            Options.table_factory: BlockBasedTable
2019/03/09-20:17:51.536015 7f14583dc700            table_factory options:   flush_block_policy_factory: FlushBlockBySizePolicyFactory (0x7f138837b5d0)
  cache_index_and_filter_blocks: 0
  cache_index_and_filter_blocks_with_high_priority: 0
  pin_l0_filter_and_index_blocks_in_cache: 0
  index_type: 0
  hash_index_allow_collision: 1
  checksum: 1
  no_block_cache: 0
  block_cache: 0x7f1388388e00
  block_cache_name: LRUCache
  block_cache_options:
    capacity : 8388608
    num_shard_bits : 4
    strict_capacity_limit : 0
    high_pri_pool_ratio: 0.000
  block_cache_compressed: (nil)
  persistent_cache: (nil)
  block_size: 8192
  block_size_deviation: 10
  block_restart_interval: 16
  index_block_restart_interval: 1
  metadata_block_size: 4096
  partition_filters: 0
  use_delta_encoding: 1
  filter_policy: nullptr
  whole_key_filtering: 1
  verify_compression: 0
  read_amp_bytes_per_bit: 0
  format_version: 2
  enable_index_compression: 1
  block_align: 0
2019/03/09-20:17:51.536018 7f14583dc700        Options.write_buffer_size: 134217728
2019/03/09-20:17:51.536019 7f14583dc700  Options.max_write_buffer_number: 24
2019/03/09-20:17:51.536020 7f14583dc700        Options.compression[0]: NoCompression
2019/03/09-20:17:51.536021 7f14583dc700        Options.compression[1]: NoCompression
2019/03/09-20:17:51.536022 7f14583dc700        Options.compression[2]: LZ4
2019/03/09-20:17:51.536023 7f14583dc700        Options.compression[3]: LZ4
2019/03/09-20:17:51.536024 7f14583dc700        Options.compression[4]: LZ4
2019/03/09-20:17:51.536025 7f14583dc700        Options.compression[5]: LZ4
2019/03/09-20:17:51.536026 7f14583dc700        Options.compression[6]: LZ4
2019/03/09-20:17:51.536027 7f14583dc700                  Options.bottommost_compression: Disabled
2019/03/09-20:17:51.536028 7f14583dc700       Options.prefix_extractor: nullptr
2019/03/09-20:17:51.536029 7f14583dc700   Options.memtable_insert_with_hint_prefix_extractor: nullptr
2019/03/09-20:17:51.536030 7f14583dc700             Options.num_levels: 7
2019/03/09-20:17:51.536031 7f14583dc700        Options.min_write_buffer_number_to_merge: 2
2019/03/09-20:17:51.536032 7f14583dc700     Options.max_write_buffer_number_to_maintain: 0
2019/03/09-20:17:51.536033 7f14583dc700            Options.compression_opts.window_bits: -14
2019/03/09-20:17:51.536034 7f14583dc700                  Options.compression_opts.level: -1
2019/03/09-20:17:51.536034 7f14583dc700               Options.compression_opts.strategy: 0
2019/03/09-20:17:51.536035 7f14583dc700         Options.compression_opts.max_dict_bytes: 0
2019/03/09-20:17:51.536036 7f14583dc700         Options.compression_opts.zstd_max_train_bytes: 0
2019/03/09-20:17:51.536037 7f14583dc700      Options.level0_file_num_compaction_trigger: 2
2019/03/09-20:17:51.536038 7f14583dc700          Options.level0_slowdown_writes_trigger: 20
2019/03/09-20:17:51.536039 7f14583dc700              Options.level0_stop_writes_trigger: 36
2019/03/09-20:17:51.536040 7f14583dc700                   Options.target_file_size_base: 67108864
2019/03/09-20:17:51.536041 7f14583dc700             Options.target_file_size_multiplier: 1
2019/03/09-20:17:51.536042 7f14583dc700                Options.max_bytes_for_level_base: 536870912
2019/03/09-20:17:51.536043 7f14583dc700 Options.level_compaction_dynamic_level_bytes: 0
2019/03/09-20:17:51.536043 7f14583dc700          Options.max_bytes_for_level_multiplier: 10.000000
2019/03/09-20:17:51.536046 7f14583dc700 Options.max_bytes_for_level_multiplier_addtl[0]: 1
2019/03/09-20:17:51.536056 7f14583dc700 Options.max_bytes_for_level_multiplier_addtl[1]: 1
2019/03/09-20:17:51.536058 7f14583dc700 Options.max_bytes_for_level_multiplier_addtl[2]: 1
2019/03/09-20:17:51.536059 7f14583dc700 Options.max_bytes_for_level_multiplier_addtl[3]: 1
2019/03/09-20:17:51.536059 7f14583dc700 Options.max_bytes_for_level_multiplier_addtl[4]: 1
2019/03/09-20:17:51.536060 7f14583dc700 Options.max_bytes_for_level_multiplier_addtl[5]: 1
2019/03/09-20:17:51.536061 7f14583dc700 Options.max_bytes_for_level_multiplier_addtl[6]: 1
2019/03/09-20:17:51.536062 7f14583dc700       Options.max_sequential_skip_in_iterations: 8
2019/03/09-20:17:51.536063 7f14583dc700                    Options.max_compaction_bytes: 1677721600
2019/03/09-20:17:51.536064 7f14583dc700                        Options.arena_block_size: 16777216
2019/03/09-20:17:51.536065 7f14583dc700   Options.soft_pending_compaction_bytes_limit: 68719476736
2019/03/09-20:17:51.536066 7f14583dc700   Options.hard_pending_compaction_bytes_limit: 274877906944
2019/03/09-20:17:51.536067 7f14583dc700       Options.rate_limit_delay_max_milliseconds: 100
2019/03/09-20:17:51.536068 7f14583dc700                Options.disable_auto_compactions: 0
2019/03/09-20:17:51.536069 7f14583dc700                        Options.compaction_style: kCompactionStyleLevel
2019/03/09-20:17:51.536071 7f14583dc700                          Options.compaction_pri: kByCompensatedSize
2019/03/09-20:17:51.536072 7f14583dc700 Options.compaction_options_universal.size_ratio: 1
2019/03/09-20:17:51.536073 7f14583dc700 Options.compaction_options_universal.min_merge_width: 2
2019/03/09-20:17:51.536073 7f14583dc700 Options.compaction_options_universal.max_merge_width: 4294967295
2019/03/09-20:17:51.536074 7f14583dc700 Options.compaction_options_universal.max_size_amplification_percent: 200
2019/03/09-20:17:51.536075 7f14583dc700 Options.compaction_options_universal.compression_size_percent: -1
2019/03/09-20:17:51.536077 7f14583dc700 Options.compaction_options_universal.stop_style: kCompactionStopStyleTotalSize
2019/03/09-20:17:51.536078 7f14583dc700 Options.compaction_options_fifo.max_table_files_size: 1073741824
2019/03/09-20:17:51.536079 7f14583dc700 Options.compaction_options_fifo.allow_compaction: 0
2019/03/09-20:17:51.536080 7f14583dc700 Options.compaction_options_fifo.ttl: 0
2019/03/09-20:17:51.536081 7f14583dc700                   Options.table_properties_collectors: 
2019/03/09-20:17:51.536082 7f14583dc700                   Options.inplace_update_support: 0
2019/03/09-20:17:51.536082 7f14583dc700                 Options.inplace_update_num_locks: 10000
2019/03/09-20:17:51.536083 7f14583dc700               Options.memtable_prefix_bloom_size_ratio: 0.000000
2019/03/09-20:17:51.536085 7f14583dc700   Options.memtable_huge_page_size: 0
2019/03/09-20:17:51.536086 7f14583dc700                           Options.bloom_locality: 0
2019/03/09-20:17:51.536087 7f14583dc700                    Options.max_successive_merges: 0
2019/03/09-20:17:51.536088 7f14583dc700                Options.optimize_filters_for_hits: 0
2019/03/09-20:17:51.536088 7f14583dc700                Options.paranoid_file_checks: 0
2019/03/09-20:17:51.536089 7f14583dc700                Options.force_consistency_checks: 0
2019/03/09-20:17:51.536090 7f14583dc700                Options.report_bg_io_stats: 0
2019/03/09-20:17:51.536091 7f14583dc700                               Options.ttl: 0
2019/03/09-20:17:51.536134 7f14583dc700 [db/db_impl.cc:1396] Created column family [usertable] (ID 1)
2019/03/09-20:17:51.611827 7f14583dc700 [db/db_impl_open.cc:1219] DB pointer 0x7f1388387b20
2019/03/09-20:18:00.536850 7f14407f8700 [db/db_impl_write.cc:1373] [usertable] New memtable created with log file: #9. Immutable memtables: 0.
2019/03/09-20:18:08.934266 7f14401f2700 [db/db_impl_write.cc:1373] [usertable] New memtable created with log file: #10. Immutable memtables: 1.
2019/03/09-20:18:08.934398 7f1420ff9700 [db/db_impl_compaction_flush.cc:80] [JOB 2] Syncing log #3
2019/03/09-20:18:09.186210 7f1420ff9700 [db/db_impl_compaction_flush.cc:80] [JOB 2] Syncing log #9
2019/03/09-20:18:09.901399 7f1420ff9700 (Original Log Time 2019/03/09-20:18:08.934358) [db/db_impl_compaction_flush.cc:1424] Calling FlushMemTableToOutputFile with column family [usertable], flush slots available 24, compaction slots available 1, flush slots scheduled 1, compaction slots scheduled 0
2019/03/09-20:18:09.901413 7f1420ff9700 [db/flush_job.cc:301] [usertable] [JOB 2] Flushing memtable with next log file: 9
2019/03/09-20:18:09.901425 7f1420ff9700 [db/flush_job.cc:301] [usertable] [JOB 2] Flushing memtable with next log file: 10
2019/03/09-20:18:09.901472 7f1420ff9700 EVENT_LOG_v1 {"time_micros": 1552191489901458, "job": 2, "event": "flush_started", "num_memtables": 2, "num_entries": 60616, "num_deletes": 0, "memory_usage": 251282552, "flush_reason": "Write Buffer Full"}
2019/03/09-20:18:09.901482 7f1420ff9700 [db/flush_job.cc:331] [usertable] [JOB 2] Level-0 flush table #11: started
2019/03/09-20:18:11.924091 7f1420ff9700 EVENT_LOG_v1 {"time_micros": 1552191491924067, "cf_name": "usertable", "job": 2, "event": "table_file_creation", "file_number": 11, "file_size": 251035094, "table_properties": {"data_size": 249919768, "index_size": 1114399, "filter_size": 0, "raw_key_size": 1454784, "raw_average_key_size": 24, "raw_value_size": 248283136, "raw_average_value_size": 4096, "num_data_blocks": 30308, "num_entries": 60616, "filter_policy_name": "", "kDeletedKeys": "0", "kMergeOperands": "0"}}
2019/03/09-20:18:11.924118 7f1420ff9700 [db/flush_job.cc:371] [usertable] [JOB 2] Level-0 flush table #11: 251035094 bytes OK
2019/03/09-20:18:11.955980 7f1420ff9700 (Original Log Time 2019/03/09-20:18:11.924135) [db/memtable_list.cc:377] [usertable] Level-0 commit table #11 started
2019/03/09-20:18:11.955986 7f1420ff9700 (Original Log Time 2019/03/09-20:18:11.955902) [db/memtable_list.cc:409] [usertable] Level-0 commit table #11: memtable #1 done
2019/03/09-20:18:11.955989 7f1420ff9700 (Original Log Time 2019/03/09-20:18:11.955910) [db/memtable_list.cc:409] [usertable] Level-0 commit table #11: memtable #2 done
2019/03/09-20:18:11.955992 7f1420ff9700 (Original Log Time 2019/03/09-20:18:11.955926) EVENT_LOG_v1 {"time_micros": 1552191491955919, "job": 2, "event": "flush_finished", "output_compression": "NoCompression", "lsm_state": [1, 0, 0, 0, 0, 0, 0], "immutable_memtables": 0}
2019/03/09-20:18:11.955995 7f1420ff9700 (Original Log Time 2019/03/09-20:18:11.955952) [db/db_impl_compaction_flush.cc:177] [usertable] Level summary: base level 1 max bytes base 536870912 files[1 0 0 0 0 0 0] max score 0.50
2019/03/09-20:18:11.956010 7f1420ff9700 [db/db_impl_files.cc:347] [JOB 2] Try to delete WAL files size 250279456, prev total WAL file size 293943187, number of live WAL files 3.
2019/03/09-20:18:17.394383 7f14307f8700 [db/db_impl_write.cc:1373] [usertable] New memtable created with log file: #12. Immutable memtables: 0.
2019/03/09-20:18:25.623944 7f14385f6700 [db/db_impl_write.cc:1373] [usertable] New memtable created with log file: #13. Immutable memtables: 1.
2019/03/09-20:18:25.624097 7f1439ffb700 [db/db_impl_compaction_flush.cc:80] [JOB 3] Syncing log #10
2019/03/09-20:18:26.092322 7f1439ffb700 [db/db_impl_compaction_flush.cc:80] [JOB 3] Syncing log #12
2019/03/09-20:18:26.561232 7f1439ffb700 (Original Log Time 2019/03/09-20:18:25.624063) [db/db_impl_compaction_flush.cc:1424] Calling FlushMemTableToOutputFile with column family [usertable], flush slots available 24, compaction slots available 1, flush slots scheduled 1, compaction slots scheduled 0
2019/03/09-20:18:26.561245 7f1439ffb700 [db/flush_job.cc:301] [usertable] [JOB 3] Flushing memtable with next log file: 12
2019/03/09-20:18:26.561252 7f1439ffb700 [db/flush_job.cc:301] [usertable] [JOB 3] Flushing memtable with next log file: 13
2019/03/09-20:18:26.561295 7f1439ffb700 EVENT_LOG_v1 {"time_micros": 1552191506561286, "job": 3, "event": "flush_started", "num_memtables": 2, "num_entries": 58412, "num_deletes": 0, "memory_usage": 243468464, "flush_reason": "Write Buffer Full"}
2019/03/09-20:18:26.561302 7f1439ffb700 [db/flush_job.cc:331] [usertable] [JOB 3] Level-0 flush table #14: started
2019/03/09-20:18:27.444072 7f1439ffb700 EVENT_LOG_v1 {"time_micros": 1552191507444049, "cf_name": "usertable", "job": 3, "event": "table_file_creation", "file_number": 14, "file_size": 241907471, "table_properties": {"data_size": 240832676, "index_size": 1073868, "filter_size": 0, "raw_key_size": 1401888, "raw_average_key_size": 24, "raw_value_size": 239255552, "raw_average_value_size": 4096, "num_data_blocks": 29206, "num_entries": 58412, "filter_policy_name": "", "kDeletedKeys": "0", "kMergeOperands": "0"}}
2019/03/09-20:18:27.444093 7f1439ffb700 [db/flush_job.cc:371] [usertable] [JOB 3] Level-0 flush table #14: 241907471 bytes OK
2019/03/09-20:18:27.472189 7f1439ffb700 (Original Log Time 2019/03/09-20:18:27.444107) [db/memtable_list.cc:377] [usertable] Level-0 commit table #14 started
2019/03/09-20:18:27.472193 7f1439ffb700 (Original Log Time 2019/03/09-20:18:27.472119) [db/memtable_list.cc:409] [usertable] Level-0 commit table #14: memtable #1 done
2019/03/09-20:18:27.472195 7f1439ffb700 (Original Log Time 2019/03/09-20:18:27.472121) [db/memtable_list.cc:409] [usertable] Level-0 commit table #14: memtable #2 done
2019/03/09-20:18:27.472196 7f1439ffb700 (Original Log Time 2019/03/09-20:18:27.472135) EVENT_LOG_v1 {"time_micros": 1552191507472129, "job": 3, "event": "flush_finished", "output_compression": "NoCompression", "lsm_state": [2, 0, 0, 0, 0, 0, 0], "immutable_memtables": 0}
2019/03/09-20:18:27.472198 7f1439ffb700 (Original Log Time 2019/03/09-20:18:27.472171) [db/db_impl_compaction_flush.cc:177] [usertable] Level summary: base level 1 max bytes base 536870912 files[2 0 0 0 0 0 0] max score 1.00
2019/03/09-20:18:27.472207 7f1439ffb700 [db/db_impl_files.cc:347] [JOB 3] Try to delete WAL files size 241179356, prev total WAL file size 267905905, number of live WAL files 3.
2019/03/09-20:18:27.472414 7f1453013700 [WARN] [db/db_impl.cc:491] ------- DUMPING STATS -------
2019/03/09-20:18:27.472456 7f1453013700 [WARN] [db/db_impl.cc:492] 
** DB Stats **
Uptime(secs): 36.0 total, 36.0 interval
Cumulative writes: 125K writes, 125K keys, 124K commit groups, 1.0 writes per commit group, ingest: 0.48 GB, 13.72 MB/s
Cumulative WAL: 125K writes, 0 syncs, 125501.00 writes per sync, written: 0.48 GB, 13.72 MB/s
Cumulative stall: 00:00:0.000 H:M:S, 0.0 percent
Interval writes: 125K writes, 125K keys, 124K commit groups, 1.0 writes per commit group, ingest: 494.18 MB, 13.72 MB/s
Interval WAL: 125K writes, 0 syncs, 125501.00 writes per sync, written: 0.48 MB, 13.72 MB/s
Interval stall: 00:00:0.000 H:M:S, 0.0 percent

** Compaction Stats [default] **
Level    Files   Size     Score Read(GB)  Rn(GB) Rnp1(GB) Write(GB) Wnew(GB) Moved(GB) W-Amp Rd(MB/s) Wr(MB/s) Comp(sec) Comp(cnt) Avg(sec) KeyIn KeyDrop
----------------------------------------------------------------------------------------------------------------------------------------------------------
 Sum      0/0    0.00 KB   0.0      0.0     0.0      0.0       0.0      0.0       0.0   0.0      0.0      0.0         0         0    0.000       0      0
 Int      0/0    0.00 KB   0.0      0.0     0.0      0.0       0.0      0.0       0.0   0.0      0.0      0.0         0         0    0.000       0      0
Uptime(secs): 36.0 total, 36.0 interval
Flush(GB): cumulative 0.000, interval 0.000
AddFile(GB): cumulative 0.000, interval 0.000
AddFile(Total Files): cumulative 0, interval 0
AddFile(L0 Files): cumulative 0, interval 0
AddFile(Keys): cumulative 0, interval 0
Cumulative compaction: 0.00 GB write, 0.00 MB/s write, 0.00 GB read, 0.00 MB/s read, 0.0 seconds
Interval compaction: 0.00 GB write, 0.00 MB/s write, 0.00 GB read, 0.00 MB/s read, 0.0 seconds
Stalls(count): 0 level0_slowdown, 0 level0_slowdown_with_compaction, 0 level0_numfiles, 0 level0_numfiles_with_compaction, 0 stop for pending_compaction_bytes, 0 slowdown for pending_compaction_bytes, 0 memtable_compaction, 0 memtable_slowdown, interval 0 total count

** File Read Latency Histogram By Level [default] **

** Compaction Stats [usertable] **
Level    Files   Size     Score Read(GB)  Rn(GB) Rnp1(GB) Write(GB) Wnew(GB) Moved(GB) W-Amp Rd(MB/s) Wr(MB/s) Comp(sec) Comp(cnt) Avg(sec) KeyIn KeyDrop
----------------------------------------------------------------------------------------------------------------------------------------------------------
  L0      2/0   470.11 MB   1.0      0.0     0.0      0.0       0.5      0.5       0.0   1.0      0.0    161.8         3         2    1.453       0      0
 Sum      2/0   470.11 MB   0.0      0.0     0.0      0.0       0.5      0.5       0.0   1.0      0.0    161.8         3         2    1.453       0      0
 Int      0/0    0.00 KB   0.0      0.0     0.0      0.0       0.5      0.5       0.0   1.0      0.0    161.8         3         2    1.453       0      0
Uptime(secs): 35.9 total, 35.9 interval
Flush(GB): cumulative 0.459, interval 0.459
AddFile(GB): cumulative 0.000, interval 0.000
AddFile(Total Files): cumulative 0, interval 0
AddFile(L0 Files): cumulative 0, interval 0
AddFile(Keys): cumulative 0, interval 0
Cumulative compaction: 0.46 GB write, 13.08 MB/s write, 0.00 GB read, 0.00 MB/s read, 2.9 seconds
Interval compaction: 0.46 GB write, 13.08 MB/s write, 0.00 GB read, 0.00 MB/s read, 2.9 seconds
Stalls(count): 0 level0_slowdown, 0 level0_slowdown_with_compaction, 0 level0_numfiles, 0 level0_numfiles_with_compaction, 0 stop for pending_compaction_bytes, 0 slowdown for pending_compaction_bytes, 0 memtable_compaction, 0 memtable_slowdown, interval 0 total count

** File Read Latency Histogram By Level [usertable] **

** Compaction Stats [default] **
Level    Files   Size     Score Read(GB)  Rn(GB) Rnp1(GB) Write(GB) Wnew(GB) Moved(GB) W-Amp Rd(MB/s) Wr(MB/s) Comp(sec) Comp(cnt) Avg(sec) KeyIn KeyDrop
----------------------------------------------------------------------------------------------------------------------------------------------------------
 Sum      0/0    0.00 KB   0.0      0.0     0.0      0.0       0.0      0.0       0.0   0.0      0.0      0.0         0         0    0.000       0      0
 Int      0/0    0.00 KB   0.0      0.0     0.0      0.0       0.0      0.0       0.0   0.0      0.0      0.0         0         0    0.000       0      0
Uptime(secs): 36.0 total, 0.0 interval
Flush(GB): cumulative 0.000, interval 0.000
AddFile(GB): cumulative 0.000, interval 0.000
AddFile(Total Files): cumulative 0, interval 0
AddFile(L0 Files): cumulative 0, interval 0
AddFile(Keys): cumulative 0, interval 0
Cumulative compaction: 0.00 GB write, 0.00 MB/s write, 0.00 GB read, 0.00 MB/s read, 0.0 seconds
Interval compaction: 0.00 GB write, 0.00 MB/s write, 0.00 GB read, 0.00 MB/s read, 0.0 seconds
Stalls(count): 0 level0_slowdown, 0 level0_slowdown_with_compaction, 0 level0_numfiles, 0 level0_numfiles_with_compaction, 0 stop for pending_compaction_bytes, 0 slowdown for pending_compaction_bytes, 0 memtable_compaction, 0 memtable_slowdown, interval 0 total count

** File Read Latency Histogram By Level [default] **

** Compaction Stats [usertable] **
Level    Files   Size     Score Read(GB)  Rn(GB) Rnp1(GB) Write(GB) Wnew(GB) Moved(GB) W-Amp Rd(MB/s) Wr(MB/s) Comp(sec) Comp(cnt) Avg(sec) KeyIn KeyDrop
----------------------------------------------------------------------------------------------------------------------------------------------------------
  L0      2/0   470.11 MB   1.0      0.0     0.0      0.0       0.5      0.5       0.0   1.0      0.0    161.8         3         2    1.453       0      0
 Sum      2/0   470.11 MB   0.0      0.0     0.0      0.0       0.5      0.5       0.0   1.0      0.0    161.8         3         2    1.453       0      0
 Int      0/0    0.00 KB   0.0      0.0     0.0      0.0       0.0      0.0       0.0   0.0      0.0      0.0         0         0    0.000       0      0
Uptime(secs): 35.9 total, 0.0 interval
Flush(GB): cumulative 0.459, interval 0.000
AddFile(GB): cumulative 0.000, interval 0.000
AddFile(Total Files): cumulative 0, interval 0
AddFile(L0 Files): cumulative 0, interval 0
AddFile(Keys): cumulative 0, interval 0
Cumulative compaction: 0.46 GB write, 13.08 MB/s write, 0.00 GB read, 0.00 MB/s read, 2.9 seconds
Interval compaction: 0.00 GB write, 0.00 MB/s write, 0.00 GB read, 0.00 MB/s read, 0.0 seconds
Stalls(count): 0 level0_slowdown, 0 level0_slowdown_with_compaction, 0 level0_numfiles, 0 level0_numfiles_with_compaction, 0 stop for pending_compaction_bytes, 0 slowdown for pending_compaction_bytes, 0 memtable_compaction, 0 memtable_slowdown, interval 0 total count

** File Read Latency Histogram By Level [usertable] **
2019/03/09-20:18:27.502522 7f1453013700 (Original Log Time 2019/03/09-20:18:27.473745) [db/db_impl_compaction_flush.cc:1835] [usertable] Moving #11 to level-1 251035094 bytes
2019/03/09-20:18:27.502526 7f1453013700 (Original Log Time 2019/03/09-20:18:27.502458) EVENT_LOG_v1 {"time_micros": 1552191507502447, "job": 4, "event": "trivial_move", "destination_level": 1, "files": 1, "total_files_size": 251035094}
2019/03/09-20:18:27.502528 7f1453013700 (Original Log Time 2019/03/09-20:18:27.502487) [db/db_impl_compaction_flush.cc:1864] [usertable] Moved #1 files to level-1 251035094 bytes OK: base level 1 max bytes base 536870912 files[1 1 0 0 0 0 0] max score 0.50
2019/03/09-20:18:33.397165 7f14406f7700 [db/db_impl_write.cc:1373] [usertable] New memtable created with log file: #15. Immutable memtables: 0.
2019/03/09-20:18:41.524688 7f14482f3700 [db/db_impl_write.cc:1373] [usertable] New memtable created with log file: #16. Immutable memtables: 1.
2019/03/09-20:18:41.524809 7f1438ff9700 [db/db_impl_compaction_flush.cc:80] [JOB 5] Syncing log #13
2019/03/09-20:18:41.961141 7f1438ff9700 [db/db_impl_compaction_flush.cc:80] [JOB 5] Syncing log #15
2019/03/09-20:18:42.660159 7f1438ff9700 (Original Log Time 2019/03/09-20:18:41.524787) [db/db_impl_compaction_flush.cc:1424] Calling FlushMemTableToOutputFile with column family [usertable], flush slots available 24, compaction slots available 1, flush slots scheduled 1, compaction slots scheduled 0
2019/03/09-20:18:42.660171 7f1438ff9700 [db/flush_job.cc:301] [usertable] [JOB 5] Flushing memtable with next log file: 15
2019/03/09-20:18:42.660178 7f1438ff9700 [db/flush_job.cc:301] [usertable] [JOB 5] Flushing memtable with next log file: 16
2019/03/09-20:18:42.660219 7f1438ff9700 EVENT_LOG_v1 {"time_micros": 1552191522660210, "job": 5, "event": "flush_started", "num_memtables": 2, "num_entries": 55653, "num_deletes": 0, "memory_usage": 234213504, "flush_reason": "Write Buffer Full"}
2019/03/09-20:18:42.660226 7f1438ff9700 [db/flush_job.cc:331] [usertable] [JOB 5] Level-0 flush table #17: started
2019/03/09-20:18:44.720052 7f1438ff9700 EVENT_LOG_v1 {"time_micros": 1552191524720030, "cf_name": "usertable", "job": 5, "event": "table_file_creation", "file_number": 17, "file_size": 230481412, "table_properties": {"data_size": 229457333, "index_size": 1023152, "filter_size": 0, "raw_key_size": 1335672, "raw_average_key_size": 24, "raw_value_size": 227954688, "raw_average_value_size": 4096, "num_data_blocks": 27827, "num_entries": 55653, "filter_policy_name": "", "kDeletedKeys": "0", "kMergeOperands": "0"}}
2019/03/09-20:18:44.720070 7f1438ff9700 [db/flush_job.cc:371] [usertable] [JOB 5] Level-0 flush table #17: 230481412 bytes OK
2019/03/09-20:18:44.754484 7f1438ff9700 (Original Log Time 2019/03/09-20:18:44.720084) [db/memtable_list.cc:377] [usertable] Level-0 commit table #17 started
2019/03/09-20:18:44.754488 7f1438ff9700 (Original Log Time 2019/03/09-20:18:44.754413) [db/memtable_list.cc:409] [usertable] Level-0 commit table #17: memtable #1 done
2019/03/09-20:18:44.754489 7f1438ff9700 (Original Log Time 2019/03/09-20:18:44.754415) [db/memtable_list.cc:409] [usertable] Level-0 commit table #17: memtable #2 done
2019/03/09-20:18:44.754491 7f1438ff9700 (Original Log Time 2019/03/09-20:18:44.754428) EVENT_LOG_v1 {"time_micros": 1552191524754422, "job": 5, "event": "flush_finished", "output_compression": "NoCompression", "lsm_state": [2, 1, 0, 0, 0, 0, 0], "immutable_memtables": 0}
2019/03/09-20:18:44.754493 7f1438ff9700 (Original Log Time 2019/03/09-20:18:44.754459) [db/db_impl_compaction_flush.cc:177] [usertable] Level summary: base level 1 max bytes base 536870912 files[2 1 0 0 0 0 0] max score 1.00
