2019/03/22-13:27:33.047735 7f663cb3d700 RocksDB version: 5.14.3
2019/03/22-13:27:33.047780 7f663cb3d700 Git sha rocksdb_build_git_sha:
2019/03/22-13:27:33.047783 7f663cb3d700 Compile date Oct  9 2018
2019/03/22-13:27:33.047791 7f663cb3d700 DB SUMMARY
2019/03/22-13:27:33.047817 7f663cb3d700 SST files in /mnt/sdh/ycsb-rocksdb-data dir, Total Num: 0, files: 
2019/03/22-13:27:33.047821 7f663cb3d700 Write Ahead Log file in /mnt/sdh/ycsb-rocksdb-data: 
2019/03/22-13:27:33.047824 7f663cb3d700                         Options.error_if_exists: 0
2019/03/22-13:27:33.047825 7f663cb3d700                       Options.create_if_missing: 1
2019/03/22-13:27:33.047826 7f663cb3d700                         Options.paranoid_checks: 1
2019/03/22-13:27:33.047827 7f663cb3d700                                     Options.env: 0x7f65f4ffa080
2019/03/22-13:27:33.047828 7f663cb3d700                                Options.info_log: 0x7f65d83c4c30
2019/03/22-13:27:33.047829 7f663cb3d700                Options.max_file_opening_threads: 16
2019/03/22-13:27:33.047830 7f663cb3d700                              Options.statistics: (nil)
2019/03/22-13:27:33.047831 7f663cb3d700                               Options.use_fsync: 0
2019/03/22-13:27:33.047832 7f663cb3d700                       Options.max_log_file_size: 0
2019/03/22-13:27:33.047833 7f663cb3d700                  Options.max_manifest_file_size: 18446744073709551615
2019/03/22-13:27:33.047834 7f663cb3d700                   Options.log_file_time_to_roll: 0
2019/03/22-13:27:33.047835 7f663cb3d700                       Options.keep_log_file_num: 1000
2019/03/22-13:27:33.047836 7f663cb3d700                    Options.recycle_log_file_num: 0
2019/03/22-13:27:33.047837 7f663cb3d700                         Options.allow_fallocate: 1
2019/03/22-13:27:33.047838 7f663cb3d700                        Options.allow_mmap_reads: 0
2019/03/22-13:27:33.047839 7f663cb3d700                       Options.allow_mmap_writes: 0
2019/03/22-13:27:33.047840 7f663cb3d700                        Options.use_direct_reads: 0
2019/03/22-13:27:33.047841 7f663cb3d700                        Options.use_direct_io_for_flush_and_compaction: 0
2019/03/22-13:27:33.047842 7f663cb3d700          Options.create_missing_column_families: 1
2019/03/22-13:27:33.047843 7f663cb3d700                              Options.db_log_dir: 
2019/03/22-13:27:33.047844 7f663cb3d700                                 Options.wal_dir: /mnt/sdh/ycsb-rocksdb-data
2019/03/22-13:27:33.047845 7f663cb3d700                Options.table_cache_numshardbits: 6
2019/03/22-13:27:33.047846 7f663cb3d700                      Options.max_subcompactions: 4
2019/03/22-13:27:33.047847 7f663cb3d700                  Options.max_background_flushes: 24
2019/03/22-13:27:33.047848 7f663cb3d700                         Options.WAL_ttl_seconds: 0
2019/03/22-13:27:33.047849 7f663cb3d700                       Options.WAL_size_limit_MB: 0
2019/03/22-13:27:33.047850 7f663cb3d700             Options.manifest_preallocation_size: 4194304
2019/03/22-13:27:33.047851 7f663cb3d700                     Options.is_fd_close_on_exec: 1
2019/03/22-13:27:33.047852 7f663cb3d700                   Options.advise_random_on_open: 1
2019/03/22-13:27:33.047852 7f663cb3d700                    Options.db_write_buffer_size: 0
2019/03/22-13:27:33.047853 7f663cb3d700                    Options.write_buffer_manager: 0x7f65d83b6b20
2019/03/22-13:27:33.047854 7f663cb3d700         Options.access_hint_on_compaction_start: 1
2019/03/22-13:27:33.047855 7f663cb3d700  Options.new_table_reader_for_compaction_inputs: 0
2019/03/22-13:27:33.047856 7f663cb3d700           Options.random_access_max_buffer_size: 1048576
2019/03/22-13:27:33.047857 7f663cb3d700                      Options.use_adaptive_mutex: 0
2019/03/22-13:27:33.047858 7f663cb3d700                            Options.rate_limiter: (nil)
2019/03/22-13:27:33.047860 7f663cb3d700     Options.sst_file_manager.rate_bytes_per_sec: 0
2019/03/22-13:27:33.047861 7f663cb3d700                       Options.wal_recovery_mode: 2
2019/03/22-13:27:33.047862 7f663cb3d700                  Options.enable_thread_tracking: 0
2019/03/22-13:27:33.047863 7f663cb3d700                  Options.enable_pipelined_write: 1
2019/03/22-13:27:33.047872 7f663cb3d700         Options.allow_concurrent_memtable_write: 1
2019/03/22-13:27:33.047874 7f663cb3d700      Options.enable_write_thread_adaptive_yield: 1
2019/03/22-13:27:33.047874 7f663cb3d700             Options.write_thread_max_yield_usec: 100
2019/03/22-13:27:33.047875 7f663cb3d700            Options.write_thread_slow_yield_usec: 3
2019/03/22-13:27:33.047876 7f663cb3d700                               Options.row_cache: None
2019/03/22-13:27:33.047877 7f663cb3d700                              Options.wal_filter: None
2019/03/22-13:27:33.047878 7f663cb3d700             Options.avoid_flush_during_recovery: 0
2019/03/22-13:27:33.047879 7f663cb3d700             Options.allow_ingest_behind: 0
2019/03/22-13:27:33.047880 7f663cb3d700             Options.preserve_deletes: 0
2019/03/22-13:27:33.047881 7f663cb3d700             Options.two_write_queues: 0
2019/03/22-13:27:33.047882 7f663cb3d700             Options.manual_wal_flush: 0
2019/03/22-13:27:33.047884 7f663cb3d700             Options.max_background_jobs: 24
2019/03/22-13:27:33.047885 7f663cb3d700             Options.max_background_compactions: 24
2019/03/22-13:27:33.047886 7f663cb3d700             Options.avoid_flush_during_shutdown: 0
2019/03/22-13:27:33.047887 7f663cb3d700           Options.writable_file_max_buffer_size: 1048576
2019/03/22-13:27:33.047888 7f663cb3d700             Options.delayed_write_rate : 16777216
2019/03/22-13:27:33.047889 7f663cb3d700             Options.max_total_wal_size: 0
2019/03/22-13:27:33.047890 7f663cb3d700             Options.delete_obsolete_files_period_micros: 21600000000
2019/03/22-13:27:33.047891 7f663cb3d700                   Options.stats_dump_period_sec: 60
2019/03/22-13:27:33.047892 7f663cb3d700                          Options.max_open_files: -1
2019/03/22-13:27:33.047893 7f663cb3d700                          Options.bytes_per_sync: 1048576
2019/03/22-13:27:33.047894 7f663cb3d700                      Options.wal_bytes_per_sync: 0
2019/03/22-13:27:33.047895 7f663cb3d700       Options.compaction_readahead_size: 0
2019/03/22-13:27:33.047896 7f663cb3d700 Compression algorithms supported:
2019/03/22-13:27:33.047898 7f663cb3d700 	kZSTDNotFinalCompression supported: 1
2019/03/22-13:27:33.047904 7f663cb3d700 	kZSTD supported: 1
2019/03/22-13:27:33.047905 7f663cb3d700 	kXpressCompression supported: 0
2019/03/22-13:27:33.047906 7f663cb3d700 	kLZ4HCCompression supported: 1
2019/03/22-13:27:33.047908 7f663cb3d700 	kLZ4Compression supported: 1
2019/03/22-13:27:33.047909 7f663cb3d700 	kBZip2Compression supported: 1
2019/03/22-13:27:33.047910 7f663cb3d700 	kZlibCompression supported: 1
2019/03/22-13:27:33.047911 7f663cb3d700 	kSnappyCompression supported: 1
2019/03/22-13:27:33.047914 7f663cb3d700 Fast CRC32 supported: Not supported on x86
2019/03/22-13:27:33.047977 7f663cb3d700 [db/db_impl_open.cc:222] Creating manifest 1 
2019/03/22-13:27:33.150392 7f663cb3d700 [db/version_set.cc:3085] Recovering from manifest file: MANIFEST-000001
2019/03/22-13:27:33.150499 7f663cb3d700 [db/column_family.cc:475] --------------- Options for column family [default]:
2019/03/22-13:27:33.150503 7f663cb3d700               Options.comparator: leveldb.BytewiseComparator
2019/03/22-13:27:33.150505 7f663cb3d700           Options.merge_operator: None
2019/03/22-13:27:33.150506 7f663cb3d700        Options.compaction_filter: None
2019/03/22-13:27:33.150507 7f663cb3d700        Options.compaction_filter_factory: None
2019/03/22-13:27:33.150508 7f663cb3d700         Options.memtable_factory: SkipListFactory
2019/03/22-13:27:33.150509 7f663cb3d700            Options.table_factory: BlockBasedTable
2019/03/22-13:27:33.150545 7f663cb3d700            table_factory options:   flush_block_policy_factory: FlushBlockBySizePolicyFactory (0x7f65d83c5790)
  cache_index_and_filter_blocks: 0
  cache_index_and_filter_blocks_with_high_priority: 0
  pin_l0_filter_and_index_blocks_in_cache: 0
  index_type: 0
  hash_index_allow_collision: 1
  checksum: 1
  no_block_cache: 0
  block_cache: 0x7f65d83b61a0
  block_cache_name: LRUCache
  block_cache_options:
    capacity : 8388608
    num_shard_bits : 4
    strict_capacity_limit : 0
    high_pri_pool_ratio: 0.000
  block_cache_compressed: (nil)
  persistent_cache: (nil)
  block_size: 8192
  block_size_deviation: 10
  block_restart_interval: 16
  index_block_restart_interval: 1
  metadata_block_size: 4096
  partition_filters: 0
  use_delta_encoding: 1
  filter_policy: nullptr
  whole_key_filtering: 1
  verify_compression: 0
  read_amp_bytes_per_bit: 0
  format_version: 2
  enable_index_compression: 1
  block_align: 0
2019/03/22-13:27:33.150567 7f663cb3d700        Options.write_buffer_size: 134217728
2019/03/22-13:27:33.150570 7f663cb3d700  Options.max_write_buffer_number: 24
2019/03/22-13:27:33.150573 7f663cb3d700        Options.compression[0]: NoCompression
2019/03/22-13:27:33.150576 7f663cb3d700        Options.compression[1]: NoCompression
2019/03/22-13:27:33.150578 7f663cb3d700        Options.compression[2]: LZ4
2019/03/22-13:27:33.150580 7f663cb3d700        Options.compression[3]: LZ4
2019/03/22-13:27:33.150583 7f663cb3d700        Options.compression[4]: LZ4
2019/03/22-13:27:33.150585 7f663cb3d700        Options.compression[5]: LZ4
2019/03/22-13:27:33.150587 7f663cb3d700        Options.compression[6]: LZ4
2019/03/22-13:27:33.150589 7f663cb3d700                  Options.bottommost_compression: Disabled
2019/03/22-13:27:33.150591 7f663cb3d700       Options.prefix_extractor: nullptr
2019/03/22-13:27:33.150593 7f663cb3d700   Options.memtable_insert_with_hint_prefix_extractor: nullptr
2019/03/22-13:27:33.150594 7f663cb3d700             Options.num_levels: 7
2019/03/22-13:27:33.150596 7f663cb3d700        Options.min_write_buffer_number_to_merge: 2
2019/03/22-13:27:33.150598 7f663cb3d700     Options.max_write_buffer_number_to_maintain: 0
2019/03/22-13:27:33.150599 7f663cb3d700            Options.compression_opts.window_bits: -14
2019/03/22-13:27:33.150601 7f663cb3d700                  Options.compression_opts.level: -1
2019/03/22-13:27:33.150603 7f663cb3d700               Options.compression_opts.strategy: 0
2019/03/22-13:27:33.150605 7f663cb3d700         Options.compression_opts.max_dict_bytes: 0
2019/03/22-13:27:33.150606 7f663cb3d700         Options.compression_opts.zstd_max_train_bytes: 0
2019/03/22-13:27:33.150609 7f663cb3d700      Options.level0_file_num_compaction_trigger: 2
2019/03/22-13:27:33.150610 7f663cb3d700          Options.level0_slowdown_writes_trigger: 20
2019/03/22-13:27:33.150612 7f663cb3d700              Options.level0_stop_writes_trigger: 36
2019/03/22-13:27:33.150614 7f663cb3d700                   Options.target_file_size_base: 67108864
2019/03/22-13:27:33.150615 7f663cb3d700             Options.target_file_size_multiplier: 1
2019/03/22-13:27:33.150617 7f663cb3d700                Options.max_bytes_for_level_base: 536870912
2019/03/22-13:27:33.150619 7f663cb3d700 Options.level_compaction_dynamic_level_bytes: 0
2019/03/22-13:27:33.150621 7f663cb3d700          Options.max_bytes_for_level_multiplier: 10.000000
2019/03/22-13:27:33.150626 7f663cb3d700 Options.max_bytes_for_level_multiplier_addtl[0]: 1
2019/03/22-13:27:33.150629 7f663cb3d700 Options.max_bytes_for_level_multiplier_addtl[1]: 1
2019/03/22-13:27:33.150631 7f663cb3d700 Options.max_bytes_for_level_multiplier_addtl[2]: 1
2019/03/22-13:27:33.150633 7f663cb3d700 Options.max_bytes_for_level_multiplier_addtl[3]: 1
2019/03/22-13:27:33.150634 7f663cb3d700 Options.max_bytes_for_level_multiplier_addtl[4]: 1
2019/03/22-13:27:33.150636 7f663cb3d700 Options.max_bytes_for_level_multiplier_addtl[5]: 1
2019/03/22-13:27:33.150638 7f663cb3d700 Options.max_bytes_for_level_multiplier_addtl[6]: 1
2019/03/22-13:27:33.150640 7f663cb3d700       Options.max_sequential_skip_in_iterations: 8
2019/03/22-13:27:33.150641 7f663cb3d700                    Options.max_compaction_bytes: 1677721600
2019/03/22-13:27:33.150643 7f663cb3d700                        Options.arena_block_size: 16777216
2019/03/22-13:27:33.150645 7f663cb3d700   Options.soft_pending_compaction_bytes_limit: 68719476736
2019/03/22-13:27:33.150647 7f663cb3d700   Options.hard_pending_compaction_bytes_limit: 274877906944
2019/03/22-13:27:33.150667 7f663cb3d700       Options.rate_limit_delay_max_milliseconds: 100
2019/03/22-13:27:33.150670 7f663cb3d700                Options.disable_auto_compactions: 0
2019/03/22-13:27:33.150673 7f663cb3d700                        Options.compaction_style: kCompactionStyleLevel
2019/03/22-13:27:33.150675 7f663cb3d700                          Options.compaction_pri: kByCompensatedSize
2019/03/22-13:27:33.150677 7f663cb3d700 Options.compaction_options_universal.size_ratio: 1
2019/03/22-13:27:33.150679 7f663cb3d700 Options.compaction_options_universal.min_merge_width: 2
2019/03/22-13:27:33.150681 7f663cb3d700 Options.compaction_options_universal.max_merge_width: 4294967295
2019/03/22-13:27:33.150683 7f663cb3d700 Options.compaction_options_universal.max_size_amplification_percent: 200
2019/03/22-13:27:33.150685 7f663cb3d700 Options.compaction_options_universal.compression_size_percent: -1
2019/03/22-13:27:33.150687 7f663cb3d700 Options.compaction_options_universal.stop_style: kCompactionStopStyleTotalSize
2019/03/22-13:27:33.150690 7f663cb3d700 Options.compaction_options_fifo.max_table_files_size: 1073741824
2019/03/22-13:27:33.150692 7f663cb3d700 Options.compaction_options_fifo.allow_compaction: 0
2019/03/22-13:27:33.150693 7f663cb3d700 Options.compaction_options_fifo.ttl: 0
2019/03/22-13:27:33.150695 7f663cb3d700                   Options.table_properties_collectors: 
2019/03/22-13:27:33.150697 7f663cb3d700                   Options.inplace_update_support: 0
2019/03/22-13:27:33.150699 7f663cb3d700                 Options.inplace_update_num_locks: 10000
2019/03/22-13:27:33.150701 7f663cb3d700               Options.memtable_prefix_bloom_size_ratio: 0.000000
2019/03/22-13:27:33.150704 7f663cb3d700   Options.memtable_huge_page_size: 0
2019/03/22-13:27:33.150706 7f663cb3d700                           Options.bloom_locality: 0
2019/03/22-13:27:33.150708 7f663cb3d700                    Options.max_successive_merges: 0
2019/03/22-13:27:33.150709 7f663cb3d700                Options.optimize_filters_for_hits: 0
2019/03/22-13:27:33.150711 7f663cb3d700                Options.paranoid_file_checks: 0
2019/03/22-13:27:33.150713 7f663cb3d700                Options.force_consistency_checks: 0
2019/03/22-13:27:33.150714 7f663cb3d700                Options.report_bg_io_stats: 0
2019/03/22-13:27:33.150716 7f663cb3d700                               Options.ttl: 0
2019/03/22-13:27:33.151532 7f663cb3d700 [db/version_set.cc:3361] Recovered from manifest file:/mnt/sdh/ycsb-rocksdb-data/MANIFEST-000001 succeeded,manifest_file_number is 1, next_file_number is 3, last_sequence is 0, log_number is 0,prev_log_number is 0,max_column_family is 0,min_log_number_to_keep is 0
2019/03/22-13:27:33.151540 7f663cb3d700 [db/version_set.cc:3369] Column family [default] (ID 0), log number is 0
2019/03/22-13:27:33.151777 7f663cb3d700 [db/version_set.cc:2847] Creating manifest 4
2019/03/22-13:27:33.224227 7f663cb3d700 [db/column_family.cc:475] --------------- Options for column family [usertable]:
2019/03/22-13:27:33.224234 7f663cb3d700               Options.comparator: leveldb.BytewiseComparator
2019/03/22-13:27:33.224236 7f663cb3d700           Options.merge_operator: None
2019/03/22-13:27:33.224238 7f663cb3d700        Options.compaction_filter: None
2019/03/22-13:27:33.224239 7f663cb3d700        Options.compaction_filter_factory: None
2019/03/22-13:27:33.224240 7f663cb3d700         Options.memtable_factory: SkipListFactory
2019/03/22-13:27:33.224241 7f663cb3d700            Options.table_factory: BlockBasedTable
2019/03/22-13:27:33.224271 7f663cb3d700            table_factory options:   flush_block_policy_factory: FlushBlockBySizePolicyFactory (0x7f65d83c6830)
  cache_index_and_filter_blocks: 0
  cache_index_and_filter_blocks_with_high_priority: 0
  pin_l0_filter_and_index_blocks_in_cache: 0
  index_type: 0
  hash_index_allow_collision: 1
  checksum: 1
  no_block_cache: 0
  block_cache: 0x7f65d83cc2d0
  block_cache_name: LRUCache
  block_cache_options:
    capacity : 8388608
    num_shard_bits : 4
    strict_capacity_limit : 0
    high_pri_pool_ratio: 0.000
  block_cache_compressed: (nil)
  persistent_cache: (nil)
  block_size: 8192
  block_size_deviation: 10
  block_restart_interval: 16
  index_block_restart_interval: 1
  metadata_block_size: 4096
  partition_filters: 0
  use_delta_encoding: 1
  filter_policy: nullptr
  whole_key_filtering: 1
  verify_compression: 0
  read_amp_bytes_per_bit: 0
  format_version: 2
  enable_index_compression: 1
  block_align: 0
2019/03/22-13:27:33.224274 7f663cb3d700        Options.write_buffer_size: 134217728
2019/03/22-13:27:33.224275 7f663cb3d700  Options.max_write_buffer_number: 24
2019/03/22-13:27:33.224276 7f663cb3d700        Options.compression[0]: NoCompression
2019/03/22-13:27:33.224278 7f663cb3d700        Options.compression[1]: NoCompression
2019/03/22-13:27:33.224279 7f663cb3d700        Options.compression[2]: LZ4
2019/03/22-13:27:33.224280 7f663cb3d700        Options.compression[3]: LZ4
2019/03/22-13:27:33.224281 7f663cb3d700        Options.compression[4]: LZ4
2019/03/22-13:27:33.224282 7f663cb3d700        Options.compression[5]: LZ4
2019/03/22-13:27:33.224283 7f663cb3d700        Options.compression[6]: LZ4
2019/03/22-13:27:33.224284 7f663cb3d700                  Options.bottommost_compression: Disabled
2019/03/22-13:27:33.224285 7f663cb3d700       Options.prefix_extractor: nullptr
2019/03/22-13:27:33.224286 7f663cb3d700   Options.memtable_insert_with_hint_prefix_extractor: nullptr
2019/03/22-13:27:33.224287 7f663cb3d700             Options.num_levels: 7
2019/03/22-13:27:33.224289 7f663cb3d700        Options.min_write_buffer_number_to_merge: 2
2019/03/22-13:27:33.224290 7f663cb3d700     Options.max_write_buffer_number_to_maintain: 0
2019/03/22-13:27:33.224291 7f663cb3d700            Options.compression_opts.window_bits: -14
2019/03/22-13:27:33.224292 7f663cb3d700                  Options.compression_opts.level: -1
2019/03/22-13:27:33.224293 7f663cb3d700               Options.compression_opts.strategy: 0
2019/03/22-13:27:33.224293 7f663cb3d700         Options.compression_opts.max_dict_bytes: 0
2019/03/22-13:27:33.224294 7f663cb3d700         Options.compression_opts.zstd_max_train_bytes: 0
2019/03/22-13:27:33.224295 7f663cb3d700      Options.level0_file_num_compaction_trigger: 2
2019/03/22-13:27:33.224296 7f663cb3d700          Options.level0_slowdown_writes_trigger: 20
2019/03/22-13:27:33.224297 7f663cb3d700              Options.level0_stop_writes_trigger: 36
2019/03/22-13:27:33.224298 7f663cb3d700                   Options.target_file_size_base: 67108864
2019/03/22-13:27:33.224299 7f663cb3d700             Options.target_file_size_multiplier: 1
2019/03/22-13:27:33.224300 7f663cb3d700                Options.max_bytes_for_level_base: 536870912
2019/03/22-13:27:33.224301 7f663cb3d700 Options.level_compaction_dynamic_level_bytes: 0
2019/03/22-13:27:33.224302 7f663cb3d700          Options.max_bytes_for_level_multiplier: 10.000000
2019/03/22-13:27:33.224305 7f663cb3d700 Options.max_bytes_for_level_multiplier_addtl[0]: 1
2019/03/22-13:27:33.224317 7f663cb3d700 Options.max_bytes_for_level_multiplier_addtl[1]: 1
2019/03/22-13:27:33.224318 7f663cb3d700 Options.max_bytes_for_level_multiplier_addtl[2]: 1
2019/03/22-13:27:33.224319 7f663cb3d700 Options.max_bytes_for_level_multiplier_addtl[3]: 1
2019/03/22-13:27:33.224320 7f663cb3d700 Options.max_bytes_for_level_multiplier_addtl[4]: 1
2019/03/22-13:27:33.224321 7f663cb3d700 Options.max_bytes_for_level_multiplier_addtl[5]: 1
2019/03/22-13:27:33.224322 7f663cb3d700 Options.max_bytes_for_level_multiplier_addtl[6]: 1
2019/03/22-13:27:33.224323 7f663cb3d700       Options.max_sequential_skip_in_iterations: 8
2019/03/22-13:27:33.224324 7f663cb3d700                    Options.max_compaction_bytes: 1677721600
2019/03/22-13:27:33.224325 7f663cb3d700                        Options.arena_block_size: 16777216
2019/03/22-13:27:33.224326 7f663cb3d700   Options.soft_pending_compaction_bytes_limit: 68719476736
2019/03/22-13:27:33.224327 7f663cb3d700   Options.hard_pending_compaction_bytes_limit: 274877906944
2019/03/22-13:27:33.224328 7f663cb3d700       Options.rate_limit_delay_max_milliseconds: 100
2019/03/22-13:27:33.224329 7f663cb3d700                Options.disable_auto_compactions: 0
2019/03/22-13:27:33.224332 7f663cb3d700                        Options.compaction_style: kCompactionStyleLevel
2019/03/22-13:27:33.224333 7f663cb3d700                          Options.compaction_pri: kByCompensatedSize
2019/03/22-13:27:33.224334 7f663cb3d700 Options.compaction_options_universal.size_ratio: 1
2019/03/22-13:27:33.224335 7f663cb3d700 Options.compaction_options_universal.min_merge_width: 2
2019/03/22-13:27:33.224336 7f663cb3d700 Options.compaction_options_universal.max_merge_width: 4294967295
2019/03/22-13:27:33.224337 7f663cb3d700 Options.compaction_options_universal.max_size_amplification_percent: 200
2019/03/22-13:27:33.224339 7f663cb3d700 Options.compaction_options_universal.compression_size_percent: -1
2019/03/22-13:27:33.224340 7f663cb3d700 Options.compaction_options_universal.stop_style: kCompactionStopStyleTotalSize
2019/03/22-13:27:33.224341 7f663cb3d700 Options.compaction_options_fifo.max_table_files_size: 1073741824
2019/03/22-13:27:33.224342 7f663cb3d700 Options.compaction_options_fifo.allow_compaction: 0
2019/03/22-13:27:33.224343 7f663cb3d700 Options.compaction_options_fifo.ttl: 0
2019/03/22-13:27:33.224344 7f663cb3d700                   Options.table_properties_collectors: 
2019/03/22-13:27:33.224345 7f663cb3d700                   Options.inplace_update_support: 0
2019/03/22-13:27:33.224346 7f663cb3d700                 Options.inplace_update_num_locks: 10000
2019/03/22-13:27:33.224347 7f663cb3d700               Options.memtable_prefix_bloom_size_ratio: 0.000000
2019/03/22-13:27:33.224349 7f663cb3d700   Options.memtable_huge_page_size: 0
2019/03/22-13:27:33.224350 7f663cb3d700                           Options.bloom_locality: 0
2019/03/22-13:27:33.224350 7f663cb3d700                    Options.max_successive_merges: 0
2019/03/22-13:27:33.224351 7f663cb3d700                Options.optimize_filters_for_hits: 0
2019/03/22-13:27:33.224352 7f663cb3d700                Options.paranoid_file_checks: 0
2019/03/22-13:27:33.224353 7f663cb3d700                Options.force_consistency_checks: 0
2019/03/22-13:27:33.224354 7f663cb3d700                Options.report_bg_io_stats: 0
2019/03/22-13:27:33.224355 7f663cb3d700                               Options.ttl: 0
2019/03/22-13:27:33.224435 7f663cb3d700 [db/db_impl.cc:1396] Created column family [usertable] (ID 1)
2019/03/22-13:27:33.301267 7f663cb3d700 [db/db_impl_open.cc:1219] DB pointer 0x7f65d83b8090
2019/03/22-13:27:42.022750 7f663cb3d700 [db/db_impl_write.cc:1373] [usertable] New memtable created with log file: #9. Immutable memtables: 0.
2019/03/22-13:27:50.131770 7f65f46ff700 [db/db_impl_write.cc:1373] [usertable] New memtable created with log file: #10. Immutable memtables: 1.
2019/03/22-13:27:50.131905 7f65117fa700 [db/db_impl_compaction_flush.cc:80] [JOB 2] Syncing log #3
2019/03/22-13:27:50.660199 7f65117fa700 [db/db_impl_compaction_flush.cc:80] [JOB 2] Syncing log #9
2019/03/22-13:27:51.735629 7f65117fa700 (Original Log Time 2019/03/22-13:27:50.131859) [db/db_impl_compaction_flush.cc:1424] Calling FlushMemTableToOutputFile with column family [usertable], flush slots available 24, compaction slots available 1, flush slots scheduled 1, compaction slots scheduled 0
2019/03/22-13:27:51.735640 7f65117fa700 [db/flush_job.cc:301] [usertable] [JOB 2] Flushing memtable with next log file: 9
2019/03/22-13:27:51.735653 7f65117fa700 [db/flush_job.cc:301] [usertable] [JOB 2] Flushing memtable with next log file: 10
2019/03/22-13:27:51.735714 7f65117fa700 EVENT_LOG_v1 {"time_micros": 1553286471735691, "job": 2, "event": "flush_started", "num_memtables": 2, "num_entries": 58831, "num_deletes": 0, "memory_usage": 247935928, "flush_reason": "Write Buffer Full"}
2019/03/22-13:27:51.735725 7f65117fa700 [db/flush_job.cc:331] [usertable] [JOB 2] Level-0 flush table #11: started
2019/03/22-13:27:53.955498 7f65117fa700 EVENT_LOG_v1 {"time_micros": 1553286473955471, "cf_name": "usertable", "job": 2, "event": "table_file_creation", "file_number": 11, "file_size": 243642748, "table_properties": {"data_size": 242560227, "index_size": 1081594, "filter_size": 0, "raw_key_size": 1411944, "raw_average_key_size": 24, "raw_value_size": 240971776, "raw_average_value_size": 4096, "num_data_blocks": 29416, "num_entries": 58831, "filter_policy_name": "", "kDeletedKeys": "0", "kMergeOperands": "0"}}
2019/03/22-13:27:53.955533 7f65117fa700 [db/flush_job.cc:371] [usertable] [JOB 2] Level-0 flush table #11: 243642748 bytes OK
2019/03/22-13:27:54.013819 7f65117fa700 (Original Log Time 2019/03/22-13:27:53.955554) [db/memtable_list.cc:377] [usertable] Level-0 commit table #11 started
2019/03/22-13:27:54.013823 7f65117fa700 (Original Log Time 2019/03/22-13:27:54.013698) [db/memtable_list.cc:409] [usertable] Level-0 commit table #11: memtable #1 done
2019/03/22-13:27:54.013825 7f65117fa700 (Original Log Time 2019/03/22-13:27:54.013709) [db/memtable_list.cc:409] [usertable] Level-0 commit table #11: memtable #2 done
2019/03/22-13:27:54.013826 7f65117fa700 (Original Log Time 2019/03/22-13:27:54.013751) EVENT_LOG_v1 {"time_micros": 1553286474013724, "job": 2, "event": "flush_finished", "output_compression": "NoCompression", "lsm_state": [1, 0, 0, 0, 0, 0, 0], "immutable_memtables": 0}
2019/03/22-13:27:54.013828 7f65117fa700 (Original Log Time 2019/03/22-13:27:54.013782) [db/db_impl_compaction_flush.cc:177] [usertable] Level summary: base level 1 max bytes base 536870912 files[1 0 0 0 0 0 0] max score 0.50
2019/03/22-13:27:54.013839 7f65117fa700 [db/db_impl_files.cc:347] [JOB 2] Try to delete WAL files size 242899819, prev total WAL file size 299199731, number of live WAL files 3.
2019/03/22-13:27:58.063113 7f65b02f3700 [db/db_impl_write.cc:1373] [usertable] New memtable created with log file: #12. Immutable memtables: 0.
2019/03/22-13:28:06.004787 7f65b01f2700 [db/db_impl_write.cc:1373] [usertable] New memtable created with log file: #13. Immutable memtables: 1.
2019/03/22-13:28:06.004867 7f65727fc700 [db/db_impl_compaction_flush.cc:80] [JOB 3] Syncing log #10
2019/03/22-13:28:06.489071 7f65727fc700 [db/db_impl_compaction_flush.cc:80] [JOB 3] Syncing log #12
2019/03/22-13:28:06.980275 7f65727fc700 (Original Log Time 2019/03/22-13:28:06.004846) [db/db_impl_compaction_flush.cc:1424] Calling FlushMemTableToOutputFile with column family [usertable], flush slots available 24, compaction slots available 1, flush slots scheduled 1, compaction slots scheduled 0
2019/03/22-13:28:06.980286 7f65727fc700 [db/flush_job.cc:301] [usertable] [JOB 3] Flushing memtable with next log file: 12
2019/03/22-13:28:06.980293 7f65727fc700 [db/flush_job.cc:301] [usertable] [JOB 3] Flushing memtable with next log file: 13
2019/03/22-13:28:06.980322 7f65727fc700 EVENT_LOG_v1 {"time_micros": 1553286486980312, "job": 3, "event": "flush_started", "num_memtables": 2, "num_entries": 55601, "num_deletes": 0, "memory_usage": 234573280, "flush_reason": "Write Buffer Full"}
2019/03/22-13:28:06.980328 7f65727fc700 [db/flush_job.cc:331] [usertable] [JOB 3] Level-0 flush table #14: started
2019/03/22-13:28:07.837862 7f65727fc700 EVENT_LOG_v1 {"time_micros": 1553286487837837, "cf_name": "usertable", "job": 3, "event": "table_file_creation", "file_number": 14, "file_size": 230278416, "table_properties": {"data_size": 229249116, "index_size": 1028373, "filter_size": 0, "raw_key_size": 1334424, "raw_average_key_size": 24, "raw_value_size": 227741696, "raw_average_value_size": 4096, "num_data_blocks": 27801, "num_entries": 55601, "filter_policy_name": "", "kDeletedKeys": "0", "kMergeOperands": "0"}}
2019/03/22-13:28:07.837883 7f65727fc700 [db/flush_job.cc:371] [usertable] [JOB 3] Level-0 flush table #14: 230278416 bytes OK
2019/03/22-13:28:07.867941 7f65727fc700 (Original Log Time 2019/03/22-13:28:07.837897) [db/memtable_list.cc:377] [usertable] Level-0 commit table #14 started
2019/03/22-13:28:07.867948 7f65727fc700 (Original Log Time 2019/03/22-13:28:07.867835) [db/memtable_list.cc:409] [usertable] Level-0 commit table #14: memtable #1 done
2019/03/22-13:28:07.867957 7f65727fc700 (Original Log Time 2019/03/22-13:28:07.867842) [db/memtable_list.cc:409] [usertable] Level-0 commit table #14: memtable #2 done
2019/03/22-13:28:07.867960 7f65727fc700 (Original Log Time 2019/03/22-13:28:07.867871) EVENT_LOG_v1 {"time_micros": 1553286487867859, "job": 3, "event": "flush_finished", "output_compression": "NoCompression", "lsm_state": [2, 0, 0, 0, 0, 0, 0], "immutable_memtables": 0}
2019/03/22-13:28:07.867963 7f65727fc700 (Original Log Time 2019/03/22-13:28:07.867913) [db/db_impl_compaction_flush.cc:177] [usertable] Level summary: base level 1 max bytes base 536870912 files[2 0 0 0 0 0 0] max score 1.00
2019/03/22-13:28:07.867974 7f65727fc700 [db/db_impl_files.cc:347] [JOB 3] Try to delete WAL files size 229565561, prev total WAL file size 256530380, number of live WAL files 3.
2019/03/22-13:28:07.868179 7f65d3fff700 [WARN] [db/db_impl.cc:491] ------- DUMPING STATS -------
2019/03/22-13:28:07.869804 7f65d3fff700 [WARN] [db/db_impl.cc:492] 
** DB Stats **
Uptime(secs): 34.7 total, 34.7 interval
Cumulative writes: 120K writes, 120K keys, 118K commit groups, 1.0 writes per commit group, ingest: 0.47 GB, 13.72 MB/s
Cumulative WAL: 120K writes, 0 syncs, 120963.00 writes per sync, written: 0.47 GB, 13.72 MB/s
Cumulative stall: 00:00:0.000 H:M:S, 0.0 percent
Interval writes: 120K writes, 120K keys, 118K commit groups, 1.0 writes per commit group, ingest: 476.29 MB, 13.72 MB/s
Interval WAL: 120K writes, 0 syncs, 120963.00 writes per sync, written: 0.47 MB, 13.72 MB/s
Interval stall: 00:00:0.000 H:M:S, 0.0 percent

** Compaction Stats [default] **
Level    Files   Size     Score Read(GB)  Rn(GB) Rnp1(GB) Write(GB) Wnew(GB) Moved(GB) W-Amp Rd(MB/s) Wr(MB/s) Comp(sec) Comp(cnt) Avg(sec) KeyIn KeyDrop
----------------------------------------------------------------------------------------------------------------------------------------------------------
 Sum      0/0    0.00 KB   0.0      0.0     0.0      0.0       0.0      0.0       0.0   0.0      0.0      0.0         0         0    0.000       0      0
 Int      0/0    0.00 KB   0.0      0.0     0.0      0.0       0.0      0.0       0.0   0.0      0.0      0.0         0         0    0.000       0      0
Uptime(secs): 34.7 total, 34.7 interval
Flush(GB): cumulative 0.000, interval 0.000
AddFile(GB): cumulative 0.000, interval 0.000
AddFile(Total Files): cumulative 0, interval 0
AddFile(L0 Files): cumulative 0, interval 0
AddFile(Keys): cumulative 0, interval 0
Cumulative compaction: 0.00 GB write, 0.00 MB/s write, 0.00 GB read, 0.00 MB/s read, 0.0 seconds
Interval compaction: 0.00 GB write, 0.00 MB/s write, 0.00 GB read, 0.00 MB/s read, 0.0 seconds
Stalls(count): 0 level0_slowdown, 0 level0_slowdown_with_compaction, 0 level0_numfiles, 0 level0_numfiles_with_compaction, 0 stop for pending_compaction_bytes, 0 slowdown for pending_compaction_bytes, 0 memtable_compaction, 0 memtable_slowdown, interval 0 total count

** File Read Latency Histogram By Level [default] **

** Compaction Stats [usertable] **
Level    Files   Size     Score Read(GB)  Rn(GB) Rnp1(GB) Write(GB) Wnew(GB) Moved(GB) W-Amp Rd(MB/s) Wr(MB/s) Comp(sec) Comp(cnt) Avg(sec) KeyIn KeyDrop
----------------------------------------------------------------------------------------------------------------------------------------------------------
  L0      2/0   451.97 MB   1.0      0.0     0.0      0.0       0.4      0.4       0.0   1.0      0.0    146.9         3         2    1.539       0      0
 Sum      2/0   451.97 MB   0.0      0.0     0.0      0.0       0.4      0.4       0.0   1.0      0.0    146.9         3         2    1.539       0      0
 Int      0/0    0.00 KB   0.0      0.0     0.0      0.0       0.4      0.4       0.0   1.0      0.0    146.9         3         2    1.539       0      0
Uptime(secs): 34.6 total, 34.6 interval
Flush(GB): cumulative 0.441, interval 0.441
AddFile(GB): cumulative 0.000, interval 0.000
AddFile(Total Files): cumulative 0, interval 0
AddFile(L0 Files): cumulative 0, interval 0
AddFile(Keys): cumulative 0, interval 0
Cumulative compaction: 0.44 GB write, 13.05 MB/s write, 0.00 GB read, 0.00 MB/s read, 3.1 seconds
Interval compaction: 0.44 GB write, 13.05 MB/s write, 0.00 GB read, 0.00 MB/s read, 3.1 seconds
Stalls(count): 0 level0_slowdown, 0 level0_slowdown_with_compaction, 0 level0_numfiles, 0 level0_numfiles_with_compaction, 0 stop for pending_compaction_bytes, 0 slowdown for pending_compaction_bytes, 0 memtable_compaction, 0 memtable_slowdown, interval 0 total count

** File Read Latency Histogram By Level [usertable] **

** Compaction Stats [default] **
Level    Files   Size     Score Read(GB)  Rn(GB) Rnp1(GB) Write(GB) Wnew(GB) Moved(GB) W-Amp Rd(MB/s) Wr(MB/s) Comp(sec) Comp(cnt) Avg(sec) KeyIn KeyDrop
----------------------------------------------------------------------------------------------------------------------------------------------------------
 Sum      0/0    0.00 KB   0.0      0.0     0.0      0.0       0.0      0.0       0.0   0.0      0.0      0.0         0         0    0.000       0      0
 Int      0/0    0.00 KB   0.0      0.0     0.0      0.0       0.0      0.0       0.0   0.0      0.0      0.0         0         0    0.000       0      0
Uptime(secs): 34.7 total, 0.0 interval
Flush(GB): cumulative 0.000, interval 0.000
AddFile(GB): cumulative 0.000, interval 0.000
AddFile(Total Files): cumulative 0, interval 0
AddFile(L0 Files): cumulative 0, interval 0
AddFile(Keys): cumulative 0, interval 0
Cumulative compaction: 0.00 GB write, 0.00 MB/s write, 0.00 GB read, 0.00 MB/s read, 0.0 seconds
Interval compaction: 0.00 GB write, 0.00 MB/s write, 0.00 GB read, 0.00 MB/s read, 0.0 seconds
Stalls(count): 0 level0_slowdown, 0 level0_slowdown_with_compaction, 0 level0_numfiles, 0 level0_numfiles_with_compaction, 0 stop for pending_compaction_bytes, 0 slowdown for pending_compaction_bytes, 0 memtable_compaction, 0 memtable_slowdown, interval 0 total count

** File Read Latency Histogram By Level [default] **

** Compaction Stats [usertable] **
Level    Files   Size     Score Read(GB)  Rn(GB) Rnp1(GB) Write(GB) Wnew(GB) Moved(GB) W-Amp Rd(MB/s) Wr(MB/s) Comp(sec) Comp(cnt) Avg(sec) KeyIn KeyDrop
----------------------------------------------------------------------------------------------------------------------------------------------------------
  L0      2/0   451.97 MB   1.0      0.0     0.0      0.0       0.4      0.4       0.0   1.0      0.0    146.9         3         2    1.539       0      0
 Sum      2/0   451.97 MB   0.0      0.0     0.0      0.0       0.4      0.4       0.0   1.0      0.0    146.9         3         2    1.539       0      0
 Int      0/0    0.00 KB   0.0      0.0     0.0      0.0       0.0      0.0       0.0   0.0      0.0      0.0         0         0    0.000       0      0
Uptime(secs): 34.6 total, 0.0 interval
Flush(GB): cumulative 0.441, interval 0.000
AddFile(GB): cumulative 0.000, interval 0.000
AddFile(Total Files): cumulative 0, interval 0
AddFile(L0 Files): cumulative 0, interval 0
AddFile(Keys): cumulative 0, interval 0
Cumulative compaction: 0.44 GB write, 13.05 MB/s write, 0.00 GB read, 0.00 MB/s read, 3.1 seconds
Interval compaction: 0.00 GB write, 0.00 MB/s write, 0.00 GB read, 0.00 MB/s read, 0.0 seconds
Stalls(count): 0 level0_slowdown, 0 level0_slowdown_with_compaction, 0 level0_numfiles, 0 level0_numfiles_with_compaction, 0 stop for pending_compaction_bytes, 0 slowdown for pending_compaction_bytes, 0 memtable_compaction, 0 memtable_slowdown, interval 0 total count

** File Read Latency Histogram By Level [usertable] **
2019/03/22-13:28:07.903406 7f65d3fff700 (Original Log Time 2019/03/22-13:28:07.873203) [db/db_impl_compaction_flush.cc:1835] [usertable] Moving #11 to level-1 243642748 bytes
2019/03/22-13:28:07.903411 7f65d3fff700 (Original Log Time 2019/03/22-13:28:07.903340) EVENT_LOG_v1 {"time_micros": 1553286487903321, "job": 4, "event": "trivial_move", "destination_level": 1, "files": 1, "total_files_size": 243642748}
2019/03/22-13:28:07.903414 7f65d3fff700 (Original Log Time 2019/03/22-13:28:07.903357) [db/db_impl_compaction_flush.cc:1864] [usertable] Moved #1 files to level-1 243642748 bytes OK: base level 1 max bytes base 536870912 files[1 1 0 0 0 0 0] max score 0.50
2019/03/22-13:28:14.065103 7f65b01f2700 [db/db_impl_write.cc:1373] [usertable] New memtable created with log file: #15. Immutable memtables: 0.
2019/03/22-13:28:20.861051 7f65f41fa700 [db/db_impl_write.cc:1373] [usertable] New memtable created with log file: #16. Immutable memtables: 1.
2019/03/22-13:28:20.861128 7f6571ffb700 [db/db_impl_compaction_flush.cc:80] [JOB 5] Syncing log #13
2019/03/22-13:28:21.359336 7f6571ffb700 [db/db_impl_compaction_flush.cc:80] [JOB 5] Syncing log #15
2019/03/22-13:28:21.778868 7f6571ffb700 (Original Log Time 2019/03/22-13:28:20.861109) [db/db_impl_compaction_flush.cc:1424] Calling FlushMemTableToOutputFile with column family [usertable], flush slots available 24, compaction slots available 1, flush slots scheduled 1, compaction slots scheduled 0
2019/03/22-13:28:21.778876 7f6571ffb700 [db/flush_job.cc:301] [usertable] [JOB 5] Flushing memtable with next log file: 15
2019/03/22-13:28:21.778885 7f6571ffb700 [db/flush_job.cc:301] [usertable] [JOB 5] Flushing memtable with next log file: 16
2019/03/22-13:28:21.778913 7f6571ffb700 EVENT_LOG_v1 {"time_micros": 1553286501778902, "job": 5, "event": "flush_started", "num_memtables": 2, "num_entries": 52002, "num_deletes": 0, "memory_usage": 223523352, "flush_reason": "Write Buffer Full"}
2019/03/22-13:28:21.778920 7f6571ffb700 [db/flush_job.cc:331] [usertable] [JOB 5] Level-0 flush table #17: started
2019/03/22-13:28:23.268345 7f6571ffb700 EVENT_LOG_v1 {"time_micros": 1553286503268320, "cf_name": "usertable", "job": 5, "event": "table_file_creation", "file_number": 17, "file_size": 215361169, "table_properties": {"data_size": 214404246, "index_size": 955996, "filter_size": 0, "raw_key_size": 1248048, "raw_average_key_size": 24, "raw_value_size": 213000192, "raw_average_value_size": 4096, "num_data_blocks": 26001, "num_entries": 52002, "filter_policy_name": "", "kDeletedKeys": "0", "kMergeOperands": "0"}}
2019/03/22-13:28:23.268366 7f6571ffb700 [db/flush_job.cc:371] [usertable] [JOB 5] Level-0 flush table #17: 215361169 bytes OK
2019/03/22-13:28:23.330800 7f6571ffb700 (Original Log Time 2019/03/22-13:28:23.268379) [db/memtable_list.cc:377] [usertable] Level-0 commit table #17 started
2019/03/22-13:28:23.330805 7f6571ffb700 (Original Log Time 2019/03/22-13:28:23.330687) [db/memtable_list.cc:409] [usertable] Level-0 commit table #17: memtable #1 done
2019/03/22-13:28:23.330807 7f6571ffb700 (Original Log Time 2019/03/22-13:28:23.330696) [db/memtable_list.cc:409] [usertable] Level-0 commit table #17: memtable #2 done
2019/03/22-13:28:23.330808 7f6571ffb700 (Original Log Time 2019/03/22-13:28:23.330741) EVENT_LOG_v1 {"time_micros": 1553286503330714, "job": 5, "event": "flush_finished", "output_compression": "NoCompression", "lsm_state": [2, 1, 0, 0, 0, 0, 0], "immutable_memtables": 0}
2019/03/22-13:28:23.330810 7f6571ffb700 (Original Log Time 2019/03/22-13:28:23.330774) [db/db_impl_compaction_flush.cc:177] [usertable] Level summary: base level 1 max bytes base 536870912 files[2 1 0 0 0 0 0] max score 1.00
