2018/11/27-10:15:47.770704 7f77b8dd8700 RocksDB version: 5.14.3
2018/11/27-10:15:47.770780 7f77b8dd8700 Git sha rocksdb_build_git_sha:
2018/11/27-10:15:47.770783 7f77b8dd8700 Compile date Nov 22 2018
2018/11/27-10:15:47.770788 7f77b8dd8700 DB SUMMARY
2018/11/27-10:15:47.771506 7f77b8dd8700 CURRENT file:  CURRENT
2018/11/27-10:15:47.771510 7f77b8dd8700 IDENTITY file:  IDENTITY
2018/11/27-10:15:47.771528 7f77b8dd8700 MANIFEST file:  MANIFEST-000004 size: 129604 Bytes
2018/11/27-10:15:47.771531 7f77b8dd8700 SST files in /mnt/sda/ycsb-rocksdb-data dir, Total Num: 679, files: 000021.sst 000022.sst 000023.sst 000024.sst 000028.sst 000029.sst 000030.sst 000031.sst 000035.sst 
2018/11/27-10:15:47.771533 7f77b8dd8700 Write Ahead Log file in /mnt/sda/ycsb-rocksdb-data: 001307.log size: 87400484 ; 
2018/11/27-10:15:47.771539 7f77b8dd8700                         Options.error_if_exists: 0
2018/11/27-10:15:47.771541 7f77b8dd8700                       Options.create_if_missing: 1
2018/11/27-10:15:47.771542 7f77b8dd8700                         Options.paranoid_checks: 1
2018/11/27-10:15:47.771543 7f77b8dd8700                                     Options.env: 0x7f77b326b2c0
2018/11/27-10:15:47.771544 7f77b8dd8700                                Options.info_log: 0x7f773c3ba8f0
2018/11/27-10:15:47.771545 7f77b8dd8700                Options.max_file_opening_threads: 16
2018/11/27-10:15:47.771546 7f77b8dd8700                              Options.statistics: (nil)
2018/11/27-10:15:47.771547 7f77b8dd8700                               Options.use_fsync: 0
2018/11/27-10:15:47.771548 7f77b8dd8700                       Options.max_log_file_size: 0
2018/11/27-10:15:47.771549 7f77b8dd8700                  Options.max_manifest_file_size: 18446744073709551615
2018/11/27-10:15:47.771550 7f77b8dd8700                   Options.log_file_time_to_roll: 0
2018/11/27-10:15:47.771551 7f77b8dd8700                       Options.keep_log_file_num: 1000
2018/11/27-10:15:47.771552 7f77b8dd8700                    Options.recycle_log_file_num: 0
2018/11/27-10:15:47.771553 7f77b8dd8700                         Options.allow_fallocate: 1
2018/11/27-10:15:47.771554 7f77b8dd8700                        Options.allow_mmap_reads: 0
2018/11/27-10:15:47.771555 7f77b8dd8700                       Options.allow_mmap_writes: 0
2018/11/27-10:15:47.771556 7f77b8dd8700                        Options.use_direct_reads: 0
2018/11/27-10:15:47.771557 7f77b8dd8700                        Options.use_direct_io_for_flush_and_compaction: 0
2018/11/27-10:15:47.771558 7f77b8dd8700          Options.create_missing_column_families: 1
2018/11/27-10:15:47.771559 7f77b8dd8700                              Options.db_log_dir: 
2018/11/27-10:15:47.771560 7f77b8dd8700                                 Options.wal_dir: /mnt/sda/ycsb-rocksdb-data
2018/11/27-10:15:47.771561 7f77b8dd8700                Options.table_cache_numshardbits: 6
2018/11/27-10:15:47.771562 7f77b8dd8700                      Options.max_subcompactions: 4
2018/11/27-10:15:47.771563 7f77b8dd8700                  Options.max_background_flushes: 24
2018/11/27-10:15:47.771564 7f77b8dd8700                         Options.WAL_ttl_seconds: 0
2018/11/27-10:15:47.771565 7f77b8dd8700                       Options.WAL_size_limit_MB: 0
2018/11/27-10:15:47.771566 7f77b8dd8700             Options.manifest_preallocation_size: 4194304
2018/11/27-10:15:47.771567 7f77b8dd8700                     Options.is_fd_close_on_exec: 1
2018/11/27-10:15:47.771568 7f77b8dd8700                   Options.advise_random_on_open: 1
2018/11/27-10:15:47.771569 7f77b8dd8700                    Options.db_write_buffer_size: 0
2018/11/27-10:15:47.771570 7f77b8dd8700                    Options.write_buffer_manager: 0x7f773c3ba5e0
2018/11/27-10:15:47.771571 7f77b8dd8700         Options.access_hint_on_compaction_start: 1
2018/11/27-10:15:47.771572 7f77b8dd8700  Options.new_table_reader_for_compaction_inputs: 0
2018/11/27-10:15:47.771573 7f77b8dd8700           Options.random_access_max_buffer_size: 1048576
2018/11/27-10:15:47.771574 7f77b8dd8700                      Options.use_adaptive_mutex: 0
2018/11/27-10:15:47.771575 7f77b8dd8700                            Options.rate_limiter: (nil)
2018/11/27-10:15:47.771592 7f77b8dd8700     Options.sst_file_manager.rate_bytes_per_sec: 0
2018/11/27-10:15:47.771594 7f77b8dd8700                       Options.wal_recovery_mode: 2
2018/11/27-10:15:47.771595 7f77b8dd8700                  Options.enable_thread_tracking: 0
2018/11/27-10:15:47.771596 7f77b8dd8700                  Options.enable_pipelined_write: 1
2018/11/27-10:15:47.771597 7f77b8dd8700         Options.allow_concurrent_memtable_write: 1
2018/11/27-10:15:47.771598 7f77b8dd8700      Options.enable_write_thread_adaptive_yield: 1
2018/11/27-10:15:47.771599 7f77b8dd8700             Options.write_thread_max_yield_usec: 100
2018/11/27-10:15:47.771600 7f77b8dd8700            Options.write_thread_slow_yield_usec: 3
2018/11/27-10:15:47.771601 7f77b8dd8700                               Options.row_cache: None
2018/11/27-10:15:47.771602 7f77b8dd8700                              Options.wal_filter: None
2018/11/27-10:15:47.771603 7f77b8dd8700             Options.avoid_flush_during_recovery: 0
2018/11/27-10:15:47.771604 7f77b8dd8700             Options.allow_ingest_behind: 0
2018/11/27-10:15:47.771605 7f77b8dd8700             Options.preserve_deletes: 0
2018/11/27-10:15:47.771606 7f77b8dd8700             Options.two_write_queues: 0
2018/11/27-10:15:47.771607 7f77b8dd8700             Options.manual_wal_flush: 0
2018/11/27-10:15:47.771609 7f77b8dd8700             Options.max_background_jobs: 24
2018/11/27-10:15:47.771611 7f77b8dd8700             Options.max_background_compactions: 24
2018/11/27-10:15:47.771611 7f77b8dd8700             Options.avoid_flush_during_shutdown: 0
2018/11/27-10:15:47.771612 7f77b8dd8700           Options.writable_file_max_buffer_size: 1048576
2018/11/27-10:15:47.771613 7f77b8dd8700             Options.delayed_write_rate : 16777216
2018/11/27-10:15:47.771614 7f77b8dd8700             Options.max_total_wal_size: 0
2018/11/27-10:15:47.771615 7f77b8dd8700             Options.delete_obsolete_files_period_micros: 21600000000
2018/11/27-10:15:47.771617 7f77b8dd8700                   Options.stats_dump_period_sec: 60
2018/11/27-10:15:47.771618 7f77b8dd8700                          Options.max_open_files: -1
2018/11/27-10:15:47.771619 7f77b8dd8700                          Options.bytes_per_sync: 1048576
2018/11/27-10:15:47.771620 7f77b8dd8700                      Options.wal_bytes_per_sync: 0
2018/11/27-10:15:47.771621 7f77b8dd8700       Options.compaction_readahead_size: 0
2018/11/27-10:15:47.771622 7f77b8dd8700 Compression algorithms supported:
2018/11/27-10:15:47.771623 7f77b8dd8700 	kZSTDNotFinalCompression supported: 1
2018/11/27-10:15:47.771633 7f77b8dd8700 	kZSTD supported: 1
2018/11/27-10:15:47.771635 7f77b8dd8700 	kXpressCompression supported: 0
2018/11/27-10:15:47.771636 7f77b8dd8700 	kLZ4HCCompression supported: 1
2018/11/27-10:15:47.771637 7f77b8dd8700 	kLZ4Compression supported: 1
2018/11/27-10:15:47.771639 7f77b8dd8700 	kBZip2Compression supported: 1
2018/11/27-10:15:47.771640 7f77b8dd8700 	kZlibCompression supported: 1
2018/11/27-10:15:47.771641 7f77b8dd8700 	kSnappyCompression supported: 1
2018/11/27-10:15:47.771646 7f77b8dd8700 Fast CRC32 supported: Supported on x86
2018/11/27-10:15:47.772107 7f77b8dd8700 [db/version_set.cc:3085] Recovering from manifest file: MANIFEST-000004
2018/11/27-10:15:47.772197 7f77b8dd8700 [db/column_family.cc:475] --------------- Options for column family [default]:
2018/11/27-10:15:47.772201 7f77b8dd8700               Options.comparator: leveldb.BytewiseComparator
2018/11/27-10:15:47.772202 7f77b8dd8700           Options.merge_operator: None
2018/11/27-10:15:47.772203 7f77b8dd8700        Options.compaction_filter: None
2018/11/27-10:15:47.772204 7f77b8dd8700        Options.compaction_filter_factory: None
2018/11/27-10:15:47.772205 7f77b8dd8700         Options.memtable_factory: SkipListFactory
2018/11/27-10:15:47.772207 7f77b8dd8700            Options.table_factory: BlockBasedTable
2018/11/27-10:15:47.772235 7f77b8dd8700            table_factory options:   flush_block_policy_factory: FlushBlockBySizePolicyFactory (0x7f773c3746f0)
  cache_index_and_filter_blocks: 0
  cache_index_and_filter_blocks_with_high_priority: 0
  pin_l0_filter_and_index_blocks_in_cache: 0
  index_type: 0
  hash_index_allow_collision: 1
  checksum: 1
  no_block_cache: 0
  block_cache: 0x7f773c37fff0
  block_cache_name: LRUCache
  block_cache_options:
    capacity : 8388608
    num_shard_bits : 4
    strict_capacity_limit : 0
    high_pri_pool_ratio: 0.000
  block_cache_compressed: (nil)
  persistent_cache: (nil)
  block_size: 8192
  block_size_deviation: 10
  block_restart_interval: 16
  index_block_restart_interval: 1
  metadata_block_size: 4096
  partition_filters: 0
  use_delta_encoding: 1
  filter_policy: nullptr
  whole_key_filtering: 1
  verify_compression: 0
  read_amp_bytes_per_bit: 0
  format_version: 2
  enable_index_compression: 1
  block_align: 0
2018/11/27-10:15:47.772249 7f77b8dd8700        Options.write_buffer_size: 134217728
2018/11/27-10:15:47.772250 7f77b8dd8700  Options.max_write_buffer_number: 24
2018/11/27-10:15:47.772252 7f77b8dd8700        Options.compression[0]: NoCompression
2018/11/27-10:15:47.772253 7f77b8dd8700        Options.compression[1]: NoCompression
2018/11/27-10:15:47.772255 7f77b8dd8700        Options.compression[2]: LZ4
2018/11/27-10:15:47.772256 7f77b8dd8700        Options.compression[3]: LZ4
2018/11/27-10:15:47.772257 7f77b8dd8700        Options.compression[4]: LZ4
2018/11/27-10:15:47.772258 7f77b8dd8700        Options.compression[5]: LZ4
2018/11/27-10:15:47.772259 7f77b8dd8700        Options.compression[6]: LZ4
2018/11/27-10:15:47.772260 7f77b8dd8700                  Options.bottommost_compression: Disabled
2018/11/27-10:15:47.772261 7f77b8dd8700       Options.prefix_extractor: nullptr
2018/11/27-10:15:47.772262 7f77b8dd8700   Options.memtable_insert_with_hint_prefix_extractor: nullptr
2018/11/27-10:15:47.772263 7f77b8dd8700             Options.num_levels: 7
2018/11/27-10:15:47.772264 7f77b8dd8700        Options.min_write_buffer_number_to_merge: 2
2018/11/27-10:15:47.772265 7f77b8dd8700     Options.max_write_buffer_number_to_maintain: 0
2018/11/27-10:15:47.772266 7f77b8dd8700            Options.compression_opts.window_bits: -14
2018/11/27-10:15:47.772267 7f77b8dd8700                  Options.compression_opts.level: -1
2018/11/27-10:15:47.772268 7f77b8dd8700               Options.compression_opts.strategy: 0
2018/11/27-10:15:47.772269 7f77b8dd8700         Options.compression_opts.max_dict_bytes: 0
2018/11/27-10:15:47.772270 7f77b8dd8700         Options.compression_opts.zstd_max_train_bytes: 0
2018/11/27-10:15:47.772271 7f77b8dd8700      Options.level0_file_num_compaction_trigger: 2
2018/11/27-10:15:47.772272 7f77b8dd8700          Options.level0_slowdown_writes_trigger: 20
2018/11/27-10:15:47.772273 7f77b8dd8700              Options.level0_stop_writes_trigger: 36
2018/11/27-10:15:47.772274 7f77b8dd8700                   Options.target_file_size_base: 67108864
2018/11/27-10:15:47.772275 7f77b8dd8700             Options.target_file_size_multiplier: 1
2018/11/27-10:15:47.772276 7f77b8dd8700                Options.max_bytes_for_level_base: 536870912
2018/11/27-10:15:47.772277 7f77b8dd8700 Options.level_compaction_dynamic_level_bytes: 0
2018/11/27-10:15:47.772278 7f77b8dd8700          Options.max_bytes_for_level_multiplier: 10.000000
2018/11/27-10:15:47.772282 7f77b8dd8700 Options.max_bytes_for_level_multiplier_addtl[0]: 1
2018/11/27-10:15:47.772283 7f77b8dd8700 Options.max_bytes_for_level_multiplier_addtl[1]: 1
2018/11/27-10:15:47.772284 7f77b8dd8700 Options.max_bytes_for_level_multiplier_addtl[2]: 1
2018/11/27-10:15:47.772285 7f77b8dd8700 Options.max_bytes_for_level_multiplier_addtl[3]: 1
2018/11/27-10:15:47.772286 7f77b8dd8700 Options.max_bytes_for_level_multiplier_addtl[4]: 1
2018/11/27-10:15:47.772287 7f77b8dd8700 Options.max_bytes_for_level_multiplier_addtl[5]: 1
2018/11/27-10:15:47.772288 7f77b8dd8700 Options.max_bytes_for_level_multiplier_addtl[6]: 1
2018/11/27-10:15:47.772289 7f77b8dd8700       Options.max_sequential_skip_in_iterations: 8
2018/11/27-10:15:47.772290 7f77b8dd8700                    Options.max_compaction_bytes: 1677721600
2018/11/27-10:15:47.772300 7f77b8dd8700                        Options.arena_block_size: 16777216
2018/11/27-10:15:47.772301 7f77b8dd8700   Options.soft_pending_compaction_bytes_limit: 68719476736
2018/11/27-10:15:47.772302 7f77b8dd8700   Options.hard_pending_compaction_bytes_limit: 274877906944
2018/11/27-10:15:47.772303 7f77b8dd8700       Options.rate_limit_delay_max_milliseconds: 100
2018/11/27-10:15:47.772304 7f77b8dd8700                Options.disable_auto_compactions: 0
2018/11/27-10:15:47.772307 7f77b8dd8700                        Options.compaction_style: kCompactionStyleLevel
2018/11/27-10:15:47.772309 7f77b8dd8700                          Options.compaction_pri: kByCompensatedSize
2018/11/27-10:15:47.772310 7f77b8dd8700 Options.compaction_options_universal.size_ratio: 1
2018/11/27-10:15:47.772311 7f77b8dd8700 Options.compaction_options_universal.min_merge_width: 2
2018/11/27-10:15:47.772312 7f77b8dd8700 Options.compaction_options_universal.max_merge_width: 4294967295
2018/11/27-10:15:47.772313 7f77b8dd8700 Options.compaction_options_universal.max_size_amplification_percent: 200
2018/11/27-10:15:47.772314 7f77b8dd8700 Options.compaction_options_universal.compression_size_percent: -1
2018/11/27-10:15:47.772316 7f77b8dd8700 Options.compaction_options_universal.stop_style: kCompactionStopStyleTotalSize
2018/11/27-10:15:47.772317 7f77b8dd8700 Options.compaction_options_fifo.max_table_files_size: 1073741824
2018/11/27-10:15:47.772318 7f77b8dd8700 Options.compaction_options_fifo.allow_compaction: 0
2018/11/27-10:15:47.772319 7f77b8dd8700 Options.compaction_options_fifo.ttl: 0
2018/11/27-10:15:47.772320 7f77b8dd8700                   Options.table_properties_collectors: 
2018/11/27-10:15:47.772322 7f77b8dd8700                   Options.inplace_update_support: 0
2018/11/27-10:15:47.772323 7f77b8dd8700                 Options.inplace_update_num_locks: 10000
2018/11/27-10:15:47.772324 7f77b8dd8700               Options.memtable_prefix_bloom_size_ratio: 0.000000
2018/11/27-10:15:47.772325 7f77b8dd8700   Options.memtable_huge_page_size: 0
2018/11/27-10:15:47.772326 7f77b8dd8700                           Options.bloom_locality: 0
2018/11/27-10:15:47.772327 7f77b8dd8700                    Options.max_successive_merges: 0
2018/11/27-10:15:47.772328 7f77b8dd8700                Options.optimize_filters_for_hits: 0
2018/11/27-10:15:47.772329 7f77b8dd8700                Options.paranoid_file_checks: 0
2018/11/27-10:15:47.772330 7f77b8dd8700                Options.force_consistency_checks: 0
2018/11/27-10:15:47.772331 7f77b8dd8700                Options.report_bg_io_stats: 0
2018/11/27-10:15:47.772332 7f77b8dd8700                               Options.ttl: 0
2018/11/27-10:15:47.772828 7f77b8dd8700 [db/column_family.cc:475] --------------- Options for column family [usertable]:
2018/11/27-10:15:47.772832 7f77b8dd8700               Options.comparator: leveldb.BytewiseComparator
2018/11/27-10:15:47.772834 7f77b8dd8700           Options.merge_operator: None
2018/11/27-10:15:47.772836 7f77b8dd8700        Options.compaction_filter: None
2018/11/27-10:15:47.772837 7f77b8dd8700        Options.compaction_filter_factory: None
2018/11/27-10:15:47.772839 7f77b8dd8700         Options.memtable_factory: SkipListFactory
2018/11/27-10:15:47.772840 7f77b8dd8700            Options.table_factory: BlockBasedTable
2018/11/27-10:15:47.772874 7f77b8dd8700            table_factory options:   flush_block_policy_factory: FlushBlockBySizePolicyFactory (0x7f773c3744c0)
  cache_index_and_filter_blocks: 0
  cache_index_and_filter_blocks_with_high_priority: 0
  pin_l0_filter_and_index_blocks_in_cache: 0
  index_type: 0
  hash_index_allow_collision: 1
  checksum: 1
  no_block_cache: 0
  block_cache: 0x7f773c374120
  block_cache_name: LRUCache
  block_cache_options:
    capacity : 8388608
    num_shard_bits : 4
    strict_capacity_limit : 0
    high_pri_pool_ratio: 0.000
  block_cache_compressed: (nil)
  persistent_cache: (nil)
  block_size: 8192
  block_size_deviation: 10
  block_restart_interval: 16
  index_block_restart_interval: 1
  metadata_block_size: 4096
  partition_filters: 0
  use_delta_encoding: 1
  filter_policy: nullptr
  whole_key_filtering: 1
  verify_compression: 0
  read_amp_bytes_per_bit: 0
  format_version: 2
  enable_index_compression: 1
  block_align: 0
2018/11/27-10:15:47.772892 7f77b8dd8700        Options.write_buffer_size: 134217728
2018/11/27-10:15:47.772895 7f77b8dd8700  Options.max_write_buffer_number: 24
2018/11/27-10:15:47.772897 7f77b8dd8700        Options.compression[0]: NoCompression
2018/11/27-10:15:47.772899 7f77b8dd8700        Options.compression[1]: NoCompression
2018/11/27-10:15:47.772902 7f77b8dd8700        Options.compression[2]: LZ4
2018/11/27-10:15:47.772904 7f77b8dd8700        Options.compression[3]: LZ4
2018/11/27-10:15:47.772906 7f77b8dd8700        Options.compression[4]: LZ4
2018/11/27-10:15:47.772908 7f77b8dd8700        Options.compression[5]: LZ4
2018/11/27-10:15:47.772910 7f77b8dd8700        Options.compression[6]: LZ4
2018/11/27-10:15:47.772912 7f77b8dd8700                  Options.bottommost_compression: Disabled
2018/11/27-10:15:47.772915 7f77b8dd8700       Options.prefix_extractor: nullptr
2018/11/27-10:15:47.772916 7f77b8dd8700   Options.memtable_insert_with_hint_prefix_extractor: nullptr
2018/11/27-10:15:47.772918 7f77b8dd8700             Options.num_levels: 7
2018/11/27-10:15:47.772919 7f77b8dd8700        Options.min_write_buffer_number_to_merge: 2
2018/11/27-10:15:47.772921 7f77b8dd8700     Options.max_write_buffer_number_to_maintain: 0
2018/11/27-10:15:47.772922 7f77b8dd8700            Options.compression_opts.window_bits: -14
2018/11/27-10:15:47.772923 7f77b8dd8700                  Options.compression_opts.level: -1
2018/11/27-10:15:47.772925 7f77b8dd8700               Options.compression_opts.strategy: 0
2018/11/27-10:15:47.772929 7f77b8dd8700         Options.compression_opts.max_dict_bytes: 0
2018/11/27-10:15:47.772930 7f77b8dd8700         Options.compression_opts.zstd_max_train_bytes: 0
2018/11/27-10:15:47.772932 7f77b8dd8700      Options.level0_file_num_compaction_trigger: 2
2018/11/27-10:15:47.772934 7f77b8dd8700          Options.level0_slowdown_writes_trigger: 20
2018/11/27-10:15:47.772935 7f77b8dd8700              Options.level0_stop_writes_trigger: 36
2018/11/27-10:15:47.772937 7f77b8dd8700                   Options.target_file_size_base: 67108864
2018/11/27-10:15:47.772939 7f77b8dd8700             Options.target_file_size_multiplier: 1
2018/11/27-10:15:47.772940 7f77b8dd8700                Options.max_bytes_for_level_base: 536870912
2018/11/27-10:15:47.772942 7f77b8dd8700 Options.level_compaction_dynamic_level_bytes: 0
2018/11/27-10:15:47.772943 7f77b8dd8700          Options.max_bytes_for_level_multiplier: 10.000000
2018/11/27-10:15:47.772947 7f77b8dd8700 Options.max_bytes_for_level_multiplier_addtl[0]: 1
2018/11/27-10:15:47.772948 7f77b8dd8700 Options.max_bytes_for_level_multiplier_addtl[1]: 1
2018/11/27-10:15:47.772950 7f77b8dd8700 Options.max_bytes_for_level_multiplier_addtl[2]: 1
2018/11/27-10:15:47.772952 7f77b8dd8700 Options.max_bytes_for_level_multiplier_addtl[3]: 1
2018/11/27-10:15:47.772954 7f77b8dd8700 Options.max_bytes_for_level_multiplier_addtl[4]: 1
2018/11/27-10:15:47.772955 7f77b8dd8700 Options.max_bytes_for_level_multiplier_addtl[5]: 1
2018/11/27-10:15:47.772957 7f77b8dd8700 Options.max_bytes_for_level_multiplier_addtl[6]: 1
2018/11/27-10:15:47.772959 7f77b8dd8700       Options.max_sequential_skip_in_iterations: 8
2018/11/27-10:15:47.772960 7f77b8dd8700                    Options.max_compaction_bytes: 1677721600
2018/11/27-10:15:47.772962 7f77b8dd8700                        Options.arena_block_size: 16777216
2018/11/27-10:15:47.772964 7f77b8dd8700   Options.soft_pending_compaction_bytes_limit: 68719476736
2018/11/27-10:15:47.772966 7f77b8dd8700   Options.hard_pending_compaction_bytes_limit: 274877906944
2018/11/27-10:15:47.772967 7f77b8dd8700       Options.rate_limit_delay_max_milliseconds: 100
2018/11/27-10:15:47.772969 7f77b8dd8700                Options.disable_auto_compactions: 0
2018/11/27-10:15:47.772971 7f77b8dd8700                        Options.compaction_style: kCompactionStyleLevel
2018/11/27-10:15:47.772984 7f77b8dd8700                          Options.compaction_pri: kByCompensatedSize
2018/11/27-10:15:47.772987 7f77b8dd8700 Options.compaction_options_universal.size_ratio: 1
2018/11/27-10:15:47.772988 7f77b8dd8700 Options.compaction_options_universal.min_merge_width: 2
2018/11/27-10:15:47.772990 7f77b8dd8700 Options.compaction_options_universal.max_merge_width: 4294967295
2018/11/27-10:15:47.772992 7f77b8dd8700 Options.compaction_options_universal.max_size_amplification_percent: 200
2018/11/27-10:15:47.772994 7f77b8dd8700 Options.compaction_options_universal.compression_size_percent: -1
2018/11/27-10:15:47.772996 7f77b8dd8700 Options.compaction_options_universal.stop_style: kCompactionStopStyleTotalSize
2018/11/27-10:15:47.772998 7f77b8dd8700 Options.compaction_options_fifo.max_table_files_size: 1073741824
2018/11/27-10:15:47.772999 7f77b8dd8700 Options.compaction_options_fifo.allow_compaction: 0
2018/11/27-10:15:47.773001 7f77b8dd8700 Options.compaction_options_fifo.ttl: 0
2018/11/27-10:15:47.773003 7f77b8dd8700                   Options.table_properties_collectors: 
2018/11/27-10:15:47.773005 7f77b8dd8700                   Options.inplace_update_support: 0
2018/11/27-10:15:47.773006 7f77b8dd8700                 Options.inplace_update_num_locks: 10000
2018/11/27-10:15:47.773008 7f77b8dd8700               Options.memtable_prefix_bloom_size_ratio: 0.000000
2018/11/27-10:15:47.773011 7f77b8dd8700   Options.memtable_huge_page_size: 0
2018/11/27-10:15:47.773013 7f77b8dd8700                           Options.bloom_locality: 0
2018/11/27-10:15:47.773015 7f77b8dd8700                    Options.max_successive_merges: 0
2018/11/27-10:15:47.773016 7f77b8dd8700                Options.optimize_filters_for_hits: 0
2018/11/27-10:15:47.773018 7f77b8dd8700                Options.paranoid_file_checks: 0
2018/11/27-10:15:47.773020 7f77b8dd8700                Options.force_consistency_checks: 0
2018/11/27-10:15:47.773021 7f77b8dd8700                Options.report_bg_io_stats: 0
2018/11/27-10:15:47.773023 7f77b8dd8700                               Options.ttl: 0
2018/11/27-10:15:48.267416 7f77b8dd8700 [db/version_set.cc:3361] Recovered from manifest file:/mnt/sda/ycsb-rocksdb-data/MANIFEST-000004 succeeded,manifest_file_number is 4, next_file_number is 1313, last_sequence is 10436685, log_number is 0,prev_log_number is 0,max_column_family is 1,min_log_number_to_keep is 0
2018/11/27-10:15:48.267427 7f77b8dd8700 [db/version_set.cc:3369] Column family [default] (ID 0), log number is 0
2018/11/27-10:15:48.267429 7f77b8dd8700 [db/version_set.cc:3369] Column family [usertable] (ID 1), log number is 1307
2018/11/27-10:15:48.269472 7f77b8dd8700 EVENT_LOG_v1 {"time_micros": 1543342548269461, "job": 1, "event": "recovery_started", "log_files": [1307]}
2018/11/27-10:15:48.269479 7f77b8dd8700 [db/db_impl_open.cc:551] Recovering log #1307 mode 2
2018/11/27-10:15:48.505915 7f77b8dd8700 [db/version_set.cc:2847] Creating manifest 1313
2018/11/27-10:15:48.923622 7f77b8dd8700 EVENT_LOG_v1 {"time_micros": 1543342548923600, "cf_name": "usertable", "job": 1, "event": "table_file_creation", "file_number": 1314, "file_size": 87512900, "table_properties": {"data_size": 87121337, "index_size": 390641, "filter_size": 0, "raw_key_size": 507120, "raw_average_key_size": 24, "raw_value_size": 86548480, "raw_average_value_size": 4096, "num_data_blocks": 10565, "num_entries": 21130, "filter_policy_name": "", "kDeletedKeys": "0", "kMergeOperands": "0"}}
2018/11/27-10:15:48.956297 7f77b8dd8700 EVENT_LOG_v1 {"time_micros": 1543342548956294, "job": 1, "event": "recovery_finished"}
2018/11/27-10:15:49.010574 7f77b8dd8700 [db/db_impl_open.cc:1219] DB pointer 0x7f773c3badb0
2018/11/27-10:15:49.010931 7f76aa7fc700 [WARN] [db/db_impl.cc:491] ------- DUMPING STATS -------
2018/11/27-10:15:49.010991 7f76aa7fc700 [WARN] [db/db_impl.cc:492] 
** DB Stats **
Uptime(secs): 1.2 total, 1.2 interval
Cumulative writes: 0 writes, 0 keys, 0 commit groups, 0.0 writes per commit group, ingest: 0.00 GB, 0.00 MB/s
Cumulative WAL: 0 writes, 0 syncs, 0.00 writes per sync, written: 0.00 GB, 0.00 MB/s
Cumulative stall: 00:00:0.000 H:M:S, 0.0 percent
Interval writes: 0 writes, 0 keys, 0 commit groups, 0.0 writes per commit group, ingest: 0.00 MB, 0.00 MB/s
Interval WAL: 0 writes, 0 syncs, 0.00 writes per sync, written: 0.00 MB, 0.00 MB/s
Interval stall: 00:00:0.000 H:M:S, 0.0 percent

** Compaction Stats [default] **
Level    Files   Size     Score Read(GB)  Rn(GB) Rnp1(GB) Write(GB) Wnew(GB) Moved(GB) W-Amp Rd(MB/s) Wr(MB/s) Comp(sec) Comp(cnt) Avg(sec) KeyIn KeyDrop
----------------------------------------------------------------------------------------------------------------------------------------------------------
 Sum      0/0    0.00 KB   0.0      0.0     0.0      0.0       0.0      0.0       0.0   0.0      0.0      0.0         0         0    0.000       0      0
 Int      0/0    0.00 KB   0.0      0.0     0.0      0.0       0.0      0.0       0.0   0.0      0.0      0.0         0         0    0.000       0      0
Uptime(secs): 1.2 total, 1.2 interval
Flush(GB): cumulative 0.000, interval 0.000
AddFile(GB): cumulative 0.000, interval 0.000
AddFile(Total Files): cumulative 0, interval 0
AddFile(L0 Files): cumulative 0, interval 0
AddFile(Keys): cumulative 0, interval 0
Cumulative compaction: 0.00 GB write, 0.00 MB/s write, 0.00 GB read, 0.00 MB/s read, 0.0 seconds
Interval compaction: 0.00 GB write, 0.00 MB/s write, 0.00 GB read, 0.00 MB/s read, 0.0 seconds
Stalls(count): 0 level0_slowdown, 0 level0_slowdown_with_compaction, 0 level0_numfiles, 0 level0_numfiles_with_compaction, 0 stop for pending_compaction_bytes, 0 slowdown for pending_compaction_bytes, 0 memtable_compaction, 0 memtable_slowdown, interval 0 total count

** File Read Latency Histogram By Level [default] **

** Compaction Stats [usertable] **
Level    Files   Size     Score Read(GB)  Rn(GB) Rnp1(GB) Write(GB) Wnew(GB) Moved(GB) W-Amp Rd(MB/s) Wr(MB/s) Comp(sec) Comp(cnt) Avg(sec) KeyIn KeyDrop
----------------------------------------------------------------------------------------------------------------------------------------------------------
  L0      2/0   275.43 MB   1.0      0.0     0.0      0.0       0.1      0.1       0.0   1.0      0.0    252.7         0         1    0.330       0      0
  L1      2/0   383.96 MB   0.7      0.0     0.0      0.0       0.0      0.0       0.0   0.0      0.0      0.0         0         0    0.000       0      0
  L2    123/0    4.98 GB   1.0      0.0     0.0      0.0       0.0      0.0       0.0   0.0      0.0      0.0         0         0    0.000       0      0
  L3    553/0   34.55 GB   0.7      0.0     0.0      0.0       0.0      0.0       0.0   0.0      0.0      0.0         0         0    0.000       0      0
 Sum    680/0   40.18 GB   0.0      0.0     0.0      0.0       0.1      0.1       0.0   1.0      0.0    252.7         0         1    0.330       0      0
 Int      0/0    0.00 KB   0.0      0.0     0.0      0.0       0.1      0.1       0.0   1.0      0.0    252.7         0         1    0.330       0      0
Uptime(secs): 1.2 total, 1.2 interval
Flush(GB): cumulative 0.082, interval 0.082
AddFile(GB): cumulative 0.000, interval 0.000
AddFile(Total Files): cumulative 0, interval 0
AddFile(L0 Files): cumulative 0, interval 0
AddFile(Keys): cumulative 0, interval 0
Cumulative compaction: 0.08 GB write, 67.42 MB/s write, 0.00 GB read, 0.00 MB/s read, 0.3 seconds
Interval compaction: 0.08 GB write, 67.42 MB/s write, 0.00 GB read, 0.00 MB/s read, 0.3 seconds
Stalls(count): 0 level0_slowdown, 0 level0_slowdown_with_compaction, 0 level0_numfiles, 0 level0_numfiles_with_compaction, 0 stop for pending_compaction_bytes, 0 slowdown for pending_compaction_bytes, 0 memtable_compaction, 0 memtable_slowdown, interval 0 total count

** File Read Latency Histogram By Level [usertable] **

** Compaction Stats [default] **
Level    Files   Size     Score Read(GB)  Rn(GB) Rnp1(GB) Write(GB) Wnew(GB) Moved(GB) W-Amp Rd(MB/s) Wr(MB/s) Comp(sec) Comp(cnt) Avg(sec) KeyIn KeyDrop
----------------------------------------------------------------------------------------------------------------------------------------------------------
 Sum      0/0    0.00 KB   0.0      0.0     0.0      0.0       0.0      0.0       0.0   0.0      0.0      0.0         0         0    0.000       0      0
 Int      0/0    0.00 KB   0.0      0.0     0.0      0.0       0.0      0.0       0.0   0.0      0.0      0.0         0         0    0.000       0      0
Uptime(secs): 1.2 total, 0.0 interval
Flush(GB): cumulative 0.000, interval 0.000
AddFile(GB): cumulative 0.000, interval 0.000
AddFile(Total Files): cumulative 0, interval 0
AddFile(L0 Files): cumulative 0, interval 0
AddFile(Keys): cumulative 0, interval 0
Cumulative compaction: 0.00 GB write, 0.00 MB/s write, 0.00 GB read, 0.00 MB/s read, 0.0 seconds
Interval compaction: 0.00 GB write, 0.00 MB/s write, 0.00 GB read, 0.00 MB/s read, 0.0 seconds
Stalls(count): 0 level0_slowdown, 0 level0_slowdown_with_compaction, 0 level0_numfiles, 0 level0_numfiles_with_compaction, 0 stop for pending_compaction_bytes, 0 slowdown for pending_compaction_bytes, 0 memtable_compaction, 0 memtable_slowdown, interval 0 total count

** File Read Latency Histogram By Level [default] **

** Compaction Stats [usertable] **
Level    Files   Size     Score Read(GB)  Rn(GB) Rnp1(GB) Write(GB) Wnew(GB) Moved(GB) W-Amp Rd(MB/s) Wr(MB/s) Comp(sec) Comp(cnt) Avg(sec) KeyIn KeyDrop
----------------------------------------------------------------------------------------------------------------------------------------------------------
  L0      2/0   275.43 MB   1.0      0.0     0.0      0.0       0.1      0.1       0.0   1.0      0.0    252.7         0         1    0.330       0      0
  L1      2/0   383.96 MB   0.7      0.0     0.0      0.0       0.0      0.0       0.0   0.0      0.0      0.0         0         0    0.000       0      0
  L2    123/0    4.98 GB   1.0      0.0     0.0      0.0       0.0      0.0       0.0   0.0      0.0      0.0         0         0    0.000       0      0
  L3    553/0   34.55 GB   0.7      0.0     0.0      0.0       0.0      0.0       0.0   0.0      0.0      0.0         0         0    0.000       0      0
 Sum    680/0   40.18 GB   0.0      0.0     0.0      0.0       0.1      0.1       0.0   1.0      0.0    252.7         0         1    0.330       0      0
 Int      0/0    0.00 KB   0.0      0.0     0.0      0.0       0.0      0.0       0.0   0.0      0.0      0.0         0         0    0.000       0      0
Uptime(secs): 1.2 total, 0.0 interval
Flush(GB): cumulative 0.082, interval 0.000
AddFile(GB): cumulative 0.000, interval 0.000
AddFile(Total Files): cumulative 0, interval 0
AddFile(L0 Files): cumulative 0, interval 0
AddFile(Keys): cumulative 0, interval 0
Cumulative compaction: 0.08 GB write, 67.41 MB/s write, 0.00 GB read, 0.00 MB/s read, 0.3 seconds
Interval compaction: 0.00 GB write, 0.00 MB/s write, 0.00 GB read, 0.00 MB/s read, 0.0 seconds
Stalls(count): 0 level0_slowdown, 0 level0_slowdown_with_compaction, 0 level0_numfiles, 0 level0_numfiles_with_compaction, 0 stop for pending_compaction_bytes, 0 slowdown for pending_compaction_bytes, 0 memtable_compaction, 0 memtable_slowdown, interval 0 total count

** File Read Latency Histogram By Level [usertable] **
2018/11/27-10:15:49.041328 7f76aa7fc700 (Original Log Time 2018/11/27-10:15:49.011107) [db/db_impl_compaction_flush.cc:1835] [usertable] Moving #562 to level-1 201301186 bytes
2018/11/27-10:15:49.041332 7f76aa7fc700 (Original Log Time 2018/11/27-10:15:49.041278) EVENT_LOG_v1 {"time_micros": 1543342549041273, "job": 3, "event": "trivial_move", "destination_level": 1, "files": 1, "total_files_size": 201301186}
2018/11/27-10:15:49.041334 7f76aa7fc700 (Original Log Time 2018/11/27-10:15:49.041287) [db/db_impl_compaction_flush.cc:1864] [usertable] Moved #1 files to level-1 201301186 bytes OK: base level 1 max bytes base 536870912 files[1 3 123 553 0 0 0] max score 1.12
2018/11/27-10:15:49.041405 7f76aa7fc700 [db/compaction_job.cc:1531] [usertable] [JOB 4] Compacting 1@1 files to L2, score 1.12
2018/11/27-10:15:49.041412 7f76aa7fc700 [db/compaction_job.cc:1535] [usertable] Compaction start summary: Base version 6 Base level 1, inputs: [181(191MB)]
2018/11/27-10:15:49.041436 7f76aa7fc700 EVENT_LOG_v1 {"time_micros": 1543342549041417, "job": 4, "event": "compaction_started", "compaction_reason": "LevelMaxLevelSize", "files_L1": [181], "score": 1.12487, "input_data_size": 201305294}
2018/11/27-10:15:50.078521 7f76aa7fc700 [db/compaction_job.cc:1211] [usertable] [JOB 4] Generated table #1318: 16279 keys, 67233335 bytes
2018/11/27-10:15:50.078588 7f76aa7fc700 EVENT_LOG_v1 {"time_micros": 1543342550078556, "cf_name": "usertable", "job": 4, "event": "table_file_creation", "file_number": 1318, "file_size": 67233335, "table_properties": {"data_size": 67118331, "index_size": 299107, "filter_size": 0, "raw_key_size": 390696, "raw_average_key_size": 24, "raw_value_size": 66678784, "raw_average_value_size": 4096, "num_data_blocks": 8140, "num_entries": 16279, "filter_policy_name": "", "kDeletedKeys": "0", "kMergeOperands": "0"}}
2018/11/27-10:15:51.140739 7f76aa7fc700 [db/compaction_job.cc:1211] [usertable] [JOB 4] Generated table #1319: 16279 keys, 67233556 bytes
2018/11/27-10:15:51.140785 7f76aa7fc700 EVENT_LOG_v1 {"time_micros": 1543342551140767, "cf_name": "usertable", "job": 4, "event": "table_file_creation", "file_number": 1319, "file_size": 67233556, "table_properties": {"data_size": 67120140, "index_size": 300916, "filter_size": 0, "raw_key_size": 390696, "raw_average_key_size": 24, "raw_value_size": 66678784, "raw_average_value_size": 4096, "num_data_blocks": 8140, "num_entries": 16279, "filter_policy_name": "", "kDeletedKeys": "0", "kMergeOperands": "0"}}
2018/11/27-10:15:51.779121 7f76aa7fc700 [db/compaction_job.cc:1211] [usertable] [JOB 4] Generated table #1320: 16050 keys, 66287580 bytes
2018/11/27-10:15:51.779175 7f76aa7fc700 EVENT_LOG_v1 {"time_micros": 1543342551779155, "cf_name": "usertable", "job": 4, "event": "table_file_creation", "file_number": 1320, "file_size": 66287580, "table_properties": {"data_size": 66174150, "index_size": 294878, "filter_size": 0, "raw_key_size": 385200, "raw_average_key_size": 24, "raw_value_size": 65740800, "raw_average_value_size": 4096, "num_data_blocks": 8025, "num_entries": 16050, "filter_policy_name": "", "kDeletedKeys": "0", "kMergeOperands": "0"}}
2018/11/27-10:15:51.779257 7f76aa7fc700 [db/compaction_job.cc:1287] [usertable] [JOB 4] Compacted 1@1 files to L2 => 200754471 bytes
2018/11/27-10:15:51.809869 7f76aa7fc700 (Original Log Time 2018/11/27-10:15:51.809785) [db/compaction_job.cc:685] [usertable] compacted to: base level 1 max bytes base 536870912 files[1 2 126 553 0 0 0] max score 1.03, MB/sec: 73.5 rd, 73.3 wr, level 2, files in(1, 0) out(3) MB in(192.0, 0.0) out(191.5), read-write-amplify(2.0) write-amplify(1.0) OK, records in: 48608, records dropped: 0 output_compression: LZ4
2018/11/27-10:15:51.809875 7f76aa7fc700 (Original Log Time 2018/11/27-10:15:51.809812) EVENT_LOG_v1 {"time_micros": 1543342551809801, "job": 4, "event": "compaction_finished", "compaction_time_micros": 2737757, "output_level": 2, "num_output_files": 3, "total_output_size": 200754471, "num_input_records": 48608, "num_output_records": 48608, "num_subcompactions": 1, "output_compression": "LZ4", "num_single_delete_mismatches": 0, "num_single_delete_fallthrough": 0, "lsm_state": [1, 2, 126, 553, 0, 0, 0]}
2018/11/27-10:15:51.840903 7f77b20f2700 (Original Log Time 2018/11/27-10:15:51.810067) [db/db_impl_compaction_flush.cc:1835] [usertable] Moving #1319 to level-3 67233556 bytes
2018/11/27-10:15:51.840907 7f77b20f2700 (Original Log Time 2018/11/27-10:15:51.840860) EVENT_LOG_v1 {"time_micros": 1543342551840855, "job": 5, "event": "trivial_move", "destination_level": 3, "files": 1, "total_files_size": 67233556}
2018/11/27-10:15:51.840908 7f77b20f2700 (Original Log Time 2018/11/27-10:15:51.840871) [db/db_impl_compaction_flush.cc:1864] [usertable] Moved #1 files to level-3 67233556 bytes OK: base level 1 max bytes base 536870912 files[1 2 125 554 0 0 0] max score 1.02
2018/11/27-10:15:51.860573 7f77b20f2700 EVENT_LOG_v1 {"time_micros": 1543342551860563, "job": 5, "event": "table_file_deletion", "file_number": 181}
2018/11/27-10:15:51.891476 7f77b18f1700 (Original Log Time 2018/11/27-10:15:51.860813) [db/db_impl_compaction_flush.cc:1835] [usertable] Moving #1318 to level-3 67233335 bytes
2018/11/27-10:15:51.891481 7f77b18f1700 (Original Log Time 2018/11/27-10:15:51.891412) EVENT_LOG_v1 {"time_micros": 1543342551891405, "job": 6, "event": "trivial_move", "destination_level": 3, "files": 1, "total_files_size": 67233335}
2018/11/27-10:15:51.891483 7f77b18f1700 (Original Log Time 2018/11/27-10:15:51.891431) [db/db_impl_compaction_flush.cc:1864] [usertable] Moved #1 files to level-3 67233335 bytes OK: base level 1 max bytes base 536870912 files[1 2 124 555 0 0 0] max score 1.01
2018/11/27-10:15:51.922527 7f77b18f1700 (Original Log Time 2018/11/27-10:15:51.891661) [db/db_impl_compaction_flush.cc:1835] [usertable] Moving #619 to level-3 66287754 bytes
2018/11/27-10:15:51.922530 7f77b18f1700 (Original Log Time 2018/11/27-10:15:51.922484) EVENT_LOG_v1 {"time_micros": 1543342551922480, "job": 7, "event": "trivial_move", "destination_level": 3, "files": 1, "total_files_size": 66287754}
2018/11/27-10:15:51.922532 7f77b18f1700 (Original Log Time 2018/11/27-10:15:51.922491) [db/db_impl_compaction_flush.cc:1864] [usertable] Moved #1 files to level-3 66287754 bytes OK: base level 1 max bytes base 536870912 files[1 2 123 556 0 0 0] max score 1.00
2018/11/27-10:15:52.907572 7f77b87d2700 [db/db_impl_write.cc:1373] [usertable] New memtable created with log file: #1321. Immutable memtables: 0.
2018/11/27-10:15:54.316738 7f77b85d0700 [db/db_impl_write.cc:1373] [usertable] New memtable created with log file: #1322. Immutable memtables: 1.
2018/11/27-10:15:54.316954 7f7640ff9700 [db/db_impl_compaction_flush.cc:80] [JOB 8] Syncing log #1315
2018/11/27-10:15:54.820770 7f7640ff9700 [db/db_impl_compaction_flush.cc:80] [JOB 8] Syncing log #1321
2018/11/27-10:15:55.296724 7f7640ff9700 (Original Log Time 2018/11/27-10:15:54.316919) [db/db_impl_compaction_flush.cc:1424] Calling FlushMemTableToOutputFile with column family [usertable], flush slots available 24, compaction slots available 1, flush slots scheduled 1, compaction slots scheduled 0
2018/11/27-10:15:55.296740 7f7640ff9700 [db/flush_job.cc:301] [usertable] [JOB 8] Flushing memtable with next log file: 1321
2018/11/27-10:15:55.296749 7f7640ff9700 [db/flush_job.cc:301] [usertable] [JOB 8] Flushing memtable with next log file: 1322
2018/11/27-10:15:55.296796 7f7640ff9700 EVENT_LOG_v1 {"time_micros": 1543342555296784, "job": 8, "event": "flush_started", "num_memtables": 2, "num_entries": 58686, "num_deletes": 0, "memory_usage": 243187608, "flush_reason": "Write Buffer Full"}
2018/11/27-10:15:55.296808 7f7640ff9700 [db/flush_job.cc:331] [usertable] [JOB 8] Level-0 flush table #1323: started
