2018/10/23-21:52:04.982875 7f175995c700 RocksDB version: 5.14.3
2018/10/23-21:52:04.982950 7f175995c700 Git sha rocksdb_build_git_sha:
2018/10/23-21:52:04.982953 7f175995c700 Compile date Oct 15 2018
2018/10/23-21:52:04.982958 7f175995c700 DB SUMMARY
2018/10/23-21:52:04.983461 7f175995c700 CURRENT file:  CURRENT
2018/10/23-21:52:04.983465 7f175995c700 IDENTITY file:  IDENTITY
2018/10/23-21:52:04.983482 7f175995c700 MANIFEST file:  MANIFEST-016652 size: 57717 Bytes
2018/10/23-21:52:04.983485 7f175995c700 SST files in /mnt/sdc1/ycsb-rocksdb-data dir, Total Num: 289, files: 011989.sst 012163.sst 012723.sst 012899.sst 013284.sst 013285.sst 013342.sst 013398.sst 013455.sst 
2018/10/23-21:52:04.983487 7f175995c700 Write Ahead Log file in /mnt/sdc1/ycsb-rocksdb-data: 017204.log size: 125736636 ; 017226.log size: 38591540 ; 
2018/10/23-21:52:04.983493 7f175995c700                         Options.error_if_exists: 0
2018/10/23-21:52:04.983495 7f175995c700                       Options.create_if_missing: 1
2018/10/23-21:52:04.983496 7f175995c700                         Options.paranoid_checks: 1
2018/10/23-21:52:04.983497 7f175995c700                                     Options.env: 0x7f1758b313e0
2018/10/23-21:52:04.983498 7f175995c700                                Options.info_log: 0x7f17043d19f0
2018/10/23-21:52:04.983498 7f175995c700                Options.max_file_opening_threads: 16
2018/10/23-21:52:04.983499 7f175995c700                              Options.statistics: (nil)
2018/10/23-21:52:04.983500 7f175995c700                               Options.use_fsync: 0
2018/10/23-21:52:04.983502 7f175995c700                       Options.max_log_file_size: 0
2018/10/23-21:52:04.983502 7f175995c700                  Options.max_manifest_file_size: 18446744073709551615
2018/10/23-21:52:04.983503 7f175995c700                   Options.log_file_time_to_roll: 0
2018/10/23-21:52:04.983504 7f175995c700                       Options.keep_log_file_num: 1000
2018/10/23-21:52:04.983505 7f175995c700                    Options.recycle_log_file_num: 0
2018/10/23-21:52:04.983506 7f175995c700                         Options.allow_fallocate: 1
2018/10/23-21:52:04.983507 7f175995c700                        Options.allow_mmap_reads: 0
2018/10/23-21:52:04.983508 7f175995c700                       Options.allow_mmap_writes: 0
2018/10/23-21:52:04.983509 7f175995c700                        Options.use_direct_reads: 0
2018/10/23-21:52:04.983510 7f175995c700                        Options.use_direct_io_for_flush_and_compaction: 0
2018/10/23-21:52:04.983511 7f175995c700          Options.create_missing_column_families: 1
2018/10/23-21:52:04.983511 7f175995c700                              Options.db_log_dir: 
2018/10/23-21:52:04.983512 7f175995c700                                 Options.wal_dir: /mnt/sdc1/ycsb-rocksdb-data
2018/10/23-21:52:04.983513 7f175995c700                Options.table_cache_numshardbits: 6
2018/10/23-21:52:04.983514 7f175995c700                      Options.max_subcompactions: 4
2018/10/23-21:52:04.983515 7f175995c700                  Options.max_background_flushes: 24
2018/10/23-21:52:04.983516 7f175995c700                         Options.WAL_ttl_seconds: 0
2018/10/23-21:52:04.983517 7f175995c700                       Options.WAL_size_limit_MB: 0
2018/10/23-21:52:04.983517 7f175995c700             Options.manifest_preallocation_size: 4194304
2018/10/23-21:52:04.983518 7f175995c700                     Options.is_fd_close_on_exec: 1
2018/10/23-21:52:04.983519 7f175995c700                   Options.advise_random_on_open: 1
2018/10/23-21:52:04.983520 7f175995c700                    Options.db_write_buffer_size: 0
2018/10/23-21:52:04.983521 7f175995c700                    Options.write_buffer_manager: 0x7f17043ce6d0
2018/10/23-21:52:04.983522 7f175995c700         Options.access_hint_on_compaction_start: 1
2018/10/23-21:52:04.983522 7f175995c700  Options.new_table_reader_for_compaction_inputs: 0
2018/10/23-21:52:04.983523 7f175995c700           Options.random_access_max_buffer_size: 1048576
2018/10/23-21:52:04.983524 7f175995c700                      Options.use_adaptive_mutex: 0
2018/10/23-21:52:04.983525 7f175995c700                            Options.rate_limiter: (nil)
2018/10/23-21:52:04.983542 7f175995c700     Options.sst_file_manager.rate_bytes_per_sec: 0
2018/10/23-21:52:04.983544 7f175995c700                       Options.wal_recovery_mode: 2
2018/10/23-21:52:04.983544 7f175995c700                  Options.enable_thread_tracking: 0
2018/10/23-21:52:04.983545 7f175995c700                  Options.enable_pipelined_write: 1
2018/10/23-21:52:04.983546 7f175995c700         Options.allow_concurrent_memtable_write: 1
2018/10/23-21:52:04.983547 7f175995c700      Options.enable_write_thread_adaptive_yield: 1
2018/10/23-21:52:04.983548 7f175995c700             Options.write_thread_max_yield_usec: 100
2018/10/23-21:52:04.983549 7f175995c700            Options.write_thread_slow_yield_usec: 3
2018/10/23-21:52:04.983549 7f175995c700                               Options.row_cache: None
2018/10/23-21:52:04.983550 7f175995c700                              Options.wal_filter: None
2018/10/23-21:52:04.983551 7f175995c700             Options.avoid_flush_during_recovery: 0
2018/10/23-21:52:04.983552 7f175995c700             Options.allow_ingest_behind: 0
2018/10/23-21:52:04.983553 7f175995c700             Options.preserve_deletes: 0
2018/10/23-21:52:04.983554 7f175995c700             Options.two_write_queues: 0
2018/10/23-21:52:04.983555 7f175995c700             Options.manual_wal_flush: 0
2018/10/23-21:52:04.983557 7f175995c700             Options.max_background_jobs: 24
2018/10/23-21:52:04.983558 7f175995c700             Options.max_background_compactions: 24
2018/10/23-21:52:04.983559 7f175995c700             Options.avoid_flush_during_shutdown: 0
2018/10/23-21:52:04.983559 7f175995c700           Options.writable_file_max_buffer_size: 1048576
2018/10/23-21:52:04.983560 7f175995c700             Options.delayed_write_rate : 16777216
2018/10/23-21:52:04.983561 7f175995c700             Options.max_total_wal_size: 0
2018/10/23-21:52:04.983562 7f175995c700             Options.delete_obsolete_files_period_micros: 21600000000
2018/10/23-21:52:04.983563 7f175995c700                   Options.stats_dump_period_sec: 60
2018/10/23-21:52:04.983564 7f175995c700                          Options.max_open_files: -1
2018/10/23-21:52:04.983565 7f175995c700                          Options.bytes_per_sync: 1048576
2018/10/23-21:52:04.983566 7f175995c700                      Options.wal_bytes_per_sync: 0
2018/10/23-21:52:04.983566 7f175995c700       Options.compaction_readahead_size: 0
2018/10/23-21:52:04.983567 7f175995c700 Compression algorithms supported:
2018/10/23-21:52:04.983569 7f175995c700 	kZSTDNotFinalCompression supported: 1
2018/10/23-21:52:04.983578 7f175995c700 	kZSTD supported: 1
2018/10/23-21:52:04.983579 7f175995c700 	kXpressCompression supported: 0
2018/10/23-21:52:04.983580 7f175995c700 	kLZ4HCCompression supported: 1
2018/10/23-21:52:04.983581 7f175995c700 	kLZ4Compression supported: 1
2018/10/23-21:52:04.983582 7f175995c700 	kBZip2Compression supported: 1
2018/10/23-21:52:04.983583 7f175995c700 	kZlibCompression supported: 1
2018/10/23-21:52:04.983584 7f175995c700 	kSnappyCompression supported: 1
2018/10/23-21:52:04.983588 7f175995c700 Fast CRC32 supported: Supported on x86
2018/10/23-21:52:04.984245 7f175995c700 [db/version_set.cc:3085] Recovering from manifest file: MANIFEST-016652
2018/10/23-21:52:04.984339 7f175995c700 [db/column_family.cc:475] --------------- Options for column family [default]:
2018/10/23-21:52:04.984343 7f175995c700               Options.comparator: leveldb.BytewiseComparator
2018/10/23-21:52:04.984344 7f175995c700           Options.merge_operator: None
2018/10/23-21:52:04.984345 7f175995c700        Options.compaction_filter: None
2018/10/23-21:52:04.984346 7f175995c700        Options.compaction_filter_factory: None
2018/10/23-21:52:04.984347 7f175995c700         Options.memtable_factory: SkipListFactory
2018/10/23-21:52:04.984348 7f175995c700            Options.table_factory: BlockBasedTable
2018/10/23-21:52:04.984376 7f175995c700            table_factory options:   flush_block_policy_factory: FlushBlockBySizePolicyFactory (0x7f1704382b80)
  cache_index_and_filter_blocks: 0
  cache_index_and_filter_blocks_with_high_priority: 0
  pin_l0_filter_and_index_blocks_in_cache: 0
  index_type: 0
  hash_index_allow_collision: 1
  checksum: 1
  no_block_cache: 0
  block_cache: 0x7f170438bd20
  block_cache_name: LRUCache
  block_cache_options:
    capacity : 8388608
    num_shard_bits : 4
    strict_capacity_limit : 0
    high_pri_pool_ratio: 0.000
  block_cache_compressed: (nil)
  persistent_cache: (nil)
  block_size: 8192
  block_size_deviation: 10
  block_restart_interval: 16
  index_block_restart_interval: 1
  metadata_block_size: 4096
  partition_filters: 0
  use_delta_encoding: 1
  filter_policy: nullptr
  whole_key_filtering: 1
  verify_compression: 0
  read_amp_bytes_per_bit: 0
  format_version: 2
  enable_index_compression: 1
  block_align: 0
2018/10/23-21:52:04.984391 7f175995c700        Options.write_buffer_size: 134217728
2018/10/23-21:52:04.984393 7f175995c700  Options.max_write_buffer_number: 24
2018/10/23-21:52:04.984394 7f175995c700        Options.compression[0]: NoCompression
2018/10/23-21:52:04.984395 7f175995c700        Options.compression[1]: NoCompression
2018/10/23-21:52:04.984396 7f175995c700        Options.compression[2]: LZ4
2018/10/23-21:52:04.984397 7f175995c700        Options.compression[3]: LZ4
2018/10/23-21:52:04.984398 7f175995c700        Options.compression[4]: LZ4
2018/10/23-21:52:04.984399 7f175995c700        Options.compression[5]: LZ4
2018/10/23-21:52:04.984400 7f175995c700        Options.compression[6]: LZ4
2018/10/23-21:52:04.984401 7f175995c700                  Options.bottommost_compression: Disabled
2018/10/23-21:52:04.984402 7f175995c700       Options.prefix_extractor: nullptr
2018/10/23-21:52:04.984402 7f175995c700   Options.memtable_insert_with_hint_prefix_extractor: nullptr
2018/10/23-21:52:04.984403 7f175995c700             Options.num_levels: 7
2018/10/23-21:52:04.984404 7f175995c700        Options.min_write_buffer_number_to_merge: 2
2018/10/23-21:52:04.984405 7f175995c700     Options.max_write_buffer_number_to_maintain: 0
2018/10/23-21:52:04.984406 7f175995c700            Options.compression_opts.window_bits: -14
2018/10/23-21:52:04.984407 7f175995c700                  Options.compression_opts.level: -1
2018/10/23-21:52:04.984408 7f175995c700               Options.compression_opts.strategy: 0
2018/10/23-21:52:04.984409 7f175995c700         Options.compression_opts.max_dict_bytes: 0
2018/10/23-21:52:04.984410 7f175995c700         Options.compression_opts.zstd_max_train_bytes: 0
2018/10/23-21:52:04.984411 7f175995c700      Options.level0_file_num_compaction_trigger: 2
2018/10/23-21:52:04.984412 7f175995c700          Options.level0_slowdown_writes_trigger: 20
2018/10/23-21:52:04.984412 7f175995c700              Options.level0_stop_writes_trigger: 36
2018/10/23-21:52:04.984413 7f175995c700                   Options.target_file_size_base: 67108864
2018/10/23-21:52:04.984414 7f175995c700             Options.target_file_size_multiplier: 1
2018/10/23-21:52:04.984415 7f175995c700                Options.max_bytes_for_level_base: 536870912
2018/10/23-21:52:04.984416 7f175995c700 Options.level_compaction_dynamic_level_bytes: 0
2018/10/23-21:52:04.984417 7f175995c700          Options.max_bytes_for_level_multiplier: 10.000000
2018/10/23-21:52:04.984419 7f175995c700 Options.max_bytes_for_level_multiplier_addtl[0]: 1
2018/10/23-21:52:04.984421 7f175995c700 Options.max_bytes_for_level_multiplier_addtl[1]: 1
2018/10/23-21:52:04.984421 7f175995c700 Options.max_bytes_for_level_multiplier_addtl[2]: 1
2018/10/23-21:52:04.984422 7f175995c700 Options.max_bytes_for_level_multiplier_addtl[3]: 1
2018/10/23-21:52:04.984423 7f175995c700 Options.max_bytes_for_level_multiplier_addtl[4]: 1
2018/10/23-21:52:04.984424 7f175995c700 Options.max_bytes_for_level_multiplier_addtl[5]: 1
2018/10/23-21:52:04.984425 7f175995c700 Options.max_bytes_for_level_multiplier_addtl[6]: 1
2018/10/23-21:52:04.984426 7f175995c700       Options.max_sequential_skip_in_iterations: 8
2018/10/23-21:52:04.984427 7f175995c700                    Options.max_compaction_bytes: 1677721600
2018/10/23-21:52:04.984437 7f175995c700                        Options.arena_block_size: 16777216
2018/10/23-21:52:04.984438 7f175995c700   Options.soft_pending_compaction_bytes_limit: 68719476736
2018/10/23-21:52:04.984439 7f175995c700   Options.hard_pending_compaction_bytes_limit: 274877906944
2018/10/23-21:52:04.984440 7f175995c700       Options.rate_limit_delay_max_milliseconds: 100
2018/10/23-21:52:04.984441 7f175995c700                Options.disable_auto_compactions: 0
2018/10/23-21:52:04.984444 7f175995c700                        Options.compaction_style: kCompactionStyleLevel
2018/10/23-21:52:04.984445 7f175995c700                          Options.compaction_pri: kByCompensatedSize
2018/10/23-21:52:04.984446 7f175995c700 Options.compaction_options_universal.size_ratio: 1
2018/10/23-21:52:04.984447 7f175995c700 Options.compaction_options_universal.min_merge_width: 2
2018/10/23-21:52:04.984448 7f175995c700 Options.compaction_options_universal.max_merge_width: 4294967295
2018/10/23-21:52:04.984449 7f175995c700 Options.compaction_options_universal.max_size_amplification_percent: 200
2018/10/23-21:52:04.984450 7f175995c700 Options.compaction_options_universal.compression_size_percent: -1
2018/10/23-21:52:04.984452 7f175995c700 Options.compaction_options_universal.stop_style: kCompactionStopStyleTotalSize
2018/10/23-21:52:04.984452 7f175995c700 Options.compaction_options_fifo.max_table_files_size: 1073741824
2018/10/23-21:52:04.984453 7f175995c700 Options.compaction_options_fifo.allow_compaction: 0
2018/10/23-21:52:04.984454 7f175995c700 Options.compaction_options_fifo.ttl: 0
2018/10/23-21:52:04.984455 7f175995c700                   Options.table_properties_collectors: 
2018/10/23-21:52:04.984456 7f175995c700                   Options.inplace_update_support: 0
2018/10/23-21:52:04.984457 7f175995c700                 Options.inplace_update_num_locks: 10000
2018/10/23-21:52:04.984458 7f175995c700               Options.memtable_prefix_bloom_size_ratio: 0.000000
2018/10/23-21:52:04.984460 7f175995c700   Options.memtable_huge_page_size: 0
2018/10/23-21:52:04.984461 7f175995c700                           Options.bloom_locality: 0
2018/10/23-21:52:04.984462 7f175995c700                    Options.max_successive_merges: 0
2018/10/23-21:52:04.984463 7f175995c700                Options.optimize_filters_for_hits: 0
2018/10/23-21:52:04.984464 7f175995c700                Options.paranoid_file_checks: 0
2018/10/23-21:52:04.984464 7f175995c700                Options.force_consistency_checks: 0
2018/10/23-21:52:04.984465 7f175995c700                Options.report_bg_io_stats: 0
2018/10/23-21:52:04.984466 7f175995c700                               Options.ttl: 0
2018/10/23-21:52:04.985007 7f175995c700 [db/column_family.cc:475] --------------- Options for column family [usertable]:
2018/10/23-21:52:04.985010 7f175995c700               Options.comparator: leveldb.BytewiseComparator
2018/10/23-21:52:04.985011 7f175995c700           Options.merge_operator: None
2018/10/23-21:52:04.985012 7f175995c700        Options.compaction_filter: None
2018/10/23-21:52:04.985013 7f175995c700        Options.compaction_filter_factory: None
2018/10/23-21:52:04.985014 7f175995c700         Options.memtable_factory: SkipListFactory
2018/10/23-21:52:04.985015 7f175995c700            Options.table_factory: BlockBasedTable
2018/10/23-21:52:04.985039 7f175995c700            table_factory options:   flush_block_policy_factory: FlushBlockBySizePolicyFactory (0x7f1704382b60)
  cache_index_and_filter_blocks: 0
  cache_index_and_filter_blocks_with_high_priority: 0
  pin_l0_filter_and_index_blocks_in_cache: 0
  index_type: 0
  hash_index_allow_collision: 1
  checksum: 1
  no_block_cache: 0
  block_cache: 0x7f170438c4f0
  block_cache_name: LRUCache
  block_cache_options:
    capacity : 8388608
    num_shard_bits : 4
    strict_capacity_limit : 0
    high_pri_pool_ratio: 0.000
  block_cache_compressed: (nil)
  persistent_cache: (nil)
  block_size: 8192
  block_size_deviation: 10
  block_restart_interval: 16
  index_block_restart_interval: 1
  metadata_block_size: 4096
  partition_filters: 0
  use_delta_encoding: 1
  filter_policy: nullptr
  whole_key_filtering: 1
  verify_compression: 0
  read_amp_bytes_per_bit: 0
  format_version: 2
  enable_index_compression: 1
  block_align: 0
2018/10/23-21:52:04.985051 7f175995c700        Options.write_buffer_size: 134217728
2018/10/23-21:52:04.985053 7f175995c700  Options.max_write_buffer_number: 24
2018/10/23-21:52:04.985054 7f175995c700        Options.compression[0]: NoCompression
2018/10/23-21:52:04.985055 7f175995c700        Options.compression[1]: NoCompression
2018/10/23-21:52:04.985056 7f175995c700        Options.compression[2]: LZ4
2018/10/23-21:52:04.985057 7f175995c700        Options.compression[3]: LZ4
2018/10/23-21:52:04.985058 7f175995c700        Options.compression[4]: LZ4
2018/10/23-21:52:04.985058 7f175995c700        Options.compression[5]: LZ4
2018/10/23-21:52:04.985059 7f175995c700        Options.compression[6]: LZ4
2018/10/23-21:52:04.985060 7f175995c700                  Options.bottommost_compression: Disabled
2018/10/23-21:52:04.985061 7f175995c700       Options.prefix_extractor: nullptr
2018/10/23-21:52:04.985062 7f175995c700   Options.memtable_insert_with_hint_prefix_extractor: nullptr
2018/10/23-21:52:04.985063 7f175995c700             Options.num_levels: 7
2018/10/23-21:52:04.985064 7f175995c700        Options.min_write_buffer_number_to_merge: 2
2018/10/23-21:52:04.985065 7f175995c700     Options.max_write_buffer_number_to_maintain: 0
2018/10/23-21:52:04.985066 7f175995c700            Options.compression_opts.window_bits: -14
2018/10/23-21:52:04.985066 7f175995c700                  Options.compression_opts.level: -1
2018/10/23-21:52:04.985067 7f175995c700               Options.compression_opts.strategy: 0
2018/10/23-21:52:04.985068 7f175995c700         Options.compression_opts.max_dict_bytes: 0
2018/10/23-21:52:04.985069 7f175995c700         Options.compression_opts.zstd_max_train_bytes: 0
2018/10/23-21:52:04.985070 7f175995c700      Options.level0_file_num_compaction_trigger: 2
2018/10/23-21:52:04.985071 7f175995c700          Options.level0_slowdown_writes_trigger: 20
2018/10/23-21:52:04.985072 7f175995c700              Options.level0_stop_writes_trigger: 36
2018/10/23-21:52:04.985072 7f175995c700                   Options.target_file_size_base: 67108864
2018/10/23-21:52:04.985073 7f175995c700             Options.target_file_size_multiplier: 1
2018/10/23-21:52:04.985074 7f175995c700                Options.max_bytes_for_level_base: 536870912
2018/10/23-21:52:04.985075 7f175995c700 Options.level_compaction_dynamic_level_bytes: 0
2018/10/23-21:52:04.985076 7f175995c700          Options.max_bytes_for_level_multiplier: 10.000000
2018/10/23-21:52:04.985078 7f175995c700 Options.max_bytes_for_level_multiplier_addtl[0]: 1
2018/10/23-21:52:04.985079 7f175995c700 Options.max_bytes_for_level_multiplier_addtl[1]: 1
2018/10/23-21:52:04.985080 7f175995c700 Options.max_bytes_for_level_multiplier_addtl[2]: 1
2018/10/23-21:52:04.985081 7f175995c700 Options.max_bytes_for_level_multiplier_addtl[3]: 1
2018/10/23-21:52:04.985082 7f175995c700 Options.max_bytes_for_level_multiplier_addtl[4]: 1
2018/10/23-21:52:04.985083 7f175995c700 Options.max_bytes_for_level_multiplier_addtl[5]: 1
2018/10/23-21:52:04.985083 7f175995c700 Options.max_bytes_for_level_multiplier_addtl[6]: 1
2018/10/23-21:52:04.985084 7f175995c700       Options.max_sequential_skip_in_iterations: 8
2018/10/23-21:52:04.985085 7f175995c700                    Options.max_compaction_bytes: 1677721600
2018/10/23-21:52:04.985086 7f175995c700                        Options.arena_block_size: 16777216
2018/10/23-21:52:04.985087 7f175995c700   Options.soft_pending_compaction_bytes_limit: 68719476736
2018/10/23-21:52:04.985088 7f175995c700   Options.hard_pending_compaction_bytes_limit: 274877906944
2018/10/23-21:52:04.985089 7f175995c700       Options.rate_limit_delay_max_milliseconds: 100
2018/10/23-21:52:04.985090 7f175995c700                Options.disable_auto_compactions: 0
2018/10/23-21:52:04.985091 7f175995c700                        Options.compaction_style: kCompactionStyleLevel
2018/10/23-21:52:04.985098 7f175995c700                          Options.compaction_pri: kByCompensatedSize
2018/10/23-21:52:04.985100 7f175995c700 Options.compaction_options_universal.size_ratio: 1
2018/10/23-21:52:04.985101 7f175995c700 Options.compaction_options_universal.min_merge_width: 2
2018/10/23-21:52:04.985101 7f175995c700 Options.compaction_options_universal.max_merge_width: 4294967295
2018/10/23-21:52:04.985102 7f175995c700 Options.compaction_options_universal.max_size_amplification_percent: 200
2018/10/23-21:52:04.985103 7f175995c700 Options.compaction_options_universal.compression_size_percent: -1
2018/10/23-21:52:04.985104 7f175995c700 Options.compaction_options_universal.stop_style: kCompactionStopStyleTotalSize
2018/10/23-21:52:04.985105 7f175995c700 Options.compaction_options_fifo.max_table_files_size: 1073741824
2018/10/23-21:52:04.985106 7f175995c700 Options.compaction_options_fifo.allow_compaction: 0
2018/10/23-21:52:04.985107 7f175995c700 Options.compaction_options_fifo.ttl: 0
2018/10/23-21:52:04.985108 7f175995c700                   Options.table_properties_collectors: 
2018/10/23-21:52:04.985109 7f175995c700                   Options.inplace_update_support: 0
2018/10/23-21:52:04.985110 7f175995c700                 Options.inplace_update_num_locks: 10000
2018/10/23-21:52:04.985111 7f175995c700               Options.memtable_prefix_bloom_size_ratio: 0.000000
2018/10/23-21:52:04.985112 7f175995c700   Options.memtable_huge_page_size: 0
2018/10/23-21:52:04.985113 7f175995c700                           Options.bloom_locality: 0
2018/10/23-21:52:04.985114 7f175995c700                    Options.max_successive_merges: 0
2018/10/23-21:52:04.985115 7f175995c700                Options.optimize_filters_for_hits: 0
2018/10/23-21:52:04.985115 7f175995c700                Options.paranoid_file_checks: 0
2018/10/23-21:52:04.985116 7f175995c700                Options.force_consistency_checks: 0
2018/10/23-21:52:04.985117 7f175995c700                Options.report_bg_io_stats: 0
2018/10/23-21:52:04.985118 7f175995c700                               Options.ttl: 0
2018/10/23-21:52:05.231441 7f175995c700 [db/version_set.cc:3361] Recovered from manifest file:/mnt/sdc1/ycsb-rocksdb-data/MANIFEST-016652 succeeded,manifest_file_number is 16652, next_file_number is 17238, last_sequence is 36557723, log_number is 0,prev_log_number is 0,max_column_family is 1,min_log_number_to_keep is 0
2018/10/23-21:52:05.231452 7f175995c700 [db/version_set.cc:3369] Column family [default] (ID 0), log number is 16648
2018/10/23-21:52:05.231454 7f175995c700 [db/version_set.cc:3369] Column family [usertable] (ID 1), log number is 17204
2018/10/23-21:52:05.232426 7f175995c700 EVENT_LOG_v1 {"time_micros": 1540356725232408, "job": 1, "event": "recovery_started", "log_files": [17204, 17226]}
2018/10/23-21:52:05.232434 7f175995c700 [db/db_impl_open.cc:551] Recovering log #17204 mode 2
2018/10/23-21:52:05.611913 7f175995c700 [db/db_impl_open.cc:551] Recovering log #17226 mode 2
2018/10/23-21:52:06.036027 7f175995c700 EVENT_LOG_v1 {"time_micros": 1540356726036007, "cf_name": "usertable", "job": 1, "event": "table_file_creation", "file_number": 17238, "file_size": 92115942, "table_properties": {"data_size": 91723416, "index_size": 391604, "filter_size": 0, "raw_key_size": 533808, "raw_average_key_size": 24, "raw_value_size": 91103232, "raw_average_value_size": 4096, "num_data_blocks": 11121, "num_entries": 22242, "filter_policy_name": "", "kDeletedKeys": "0", "kMergeOperands": "0"}}
2018/10/23-21:52:06.148103 7f175995c700 [db/version_set.cc:2847] Creating manifest 17239
2018/10/23-21:52:06.348104 7f175995c700 EVENT_LOG_v1 {"time_micros": 1540356726348083, "cf_name": "usertable", "job": 1, "event": "table_file_creation", "file_number": 17240, "file_size": 26237151, "table_properties": {"data_size": 26126544, "index_size": 109686, "filter_size": 0, "raw_key_size": 152040, "raw_average_key_size": 24, "raw_value_size": 25948160, "raw_average_value_size": 4096, "num_data_blocks": 3168, "num_entries": 6335, "filter_policy_name": "", "kDeletedKeys": "0", "kMergeOperands": "0"}}
2018/10/23-21:52:06.377212 7f175995c700 EVENT_LOG_v1 {"time_micros": 1540356726377208, "job": 1, "event": "recovery_finished"}
2018/10/23-21:52:06.468968 7f175995c700 [db/db_impl_open.cc:1219] DB pointer 0x7f17043d0a80
2018/10/23-21:52:06.469252 7f167f7fe700 [WARN] [db/db_impl.cc:491] ------- DUMPING STATS -------
2018/10/23-21:52:06.469296 7f167f7fe700 [WARN] [db/db_impl.cc:492] 
** DB Stats **
Uptime(secs): 1.5 total, 1.5 interval
Cumulative writes: 0 writes, 0 keys, 0 commit groups, 0.0 writes per commit group, ingest: 0.00 GB, 0.00 MB/s
Cumulative WAL: 0 writes, 0 syncs, 0.00 writes per sync, written: 0.00 GB, 0.00 MB/s
Cumulative stall: 00:00:0.000 H:M:S, 0.0 percent
Interval writes: 0 writes, 0 keys, 0 commit groups, 0.0 writes per commit group, ingest: 0.00 MB, 0.00 MB/s
Interval WAL: 0 writes, 0 syncs, 0.00 writes per sync, written: 0.00 MB, 0.00 MB/s
Interval stall: 00:00:0.000 H:M:S, 0.0 percent

** Compaction Stats [default] **
Level    Files   Size     Score Read(GB)  Rn(GB) Rnp1(GB) Write(GB) Wnew(GB) Moved(GB) W-Amp Rd(MB/s) Wr(MB/s) Comp(sec) Comp(cnt) Avg(sec) KeyIn KeyDrop
----------------------------------------------------------------------------------------------------------------------------------------------------------
 Sum      0/0    0.00 KB   0.0      0.0     0.0      0.0       0.0      0.0       0.0   0.0      0.0      0.0         0         0    0.000       0      0
 Int      0/0    0.00 KB   0.0      0.0     0.0      0.0       0.0      0.0       0.0   0.0      0.0      0.0         0         0    0.000       0      0
Uptime(secs): 1.5 total, 1.5 interval
Flush(GB): cumulative 0.000, interval 0.000
AddFile(GB): cumulative 0.000, interval 0.000
AddFile(Total Files): cumulative 0, interval 0
AddFile(L0 Files): cumulative 0, interval 0
AddFile(Keys): cumulative 0, interval 0
Cumulative compaction: 0.00 GB write, 0.00 MB/s write, 0.00 GB read, 0.00 MB/s read, 0.0 seconds
Interval compaction: 0.00 GB write, 0.00 MB/s write, 0.00 GB read, 0.00 MB/s read, 0.0 seconds
Stalls(count): 0 level0_slowdown, 0 level0_slowdown_with_compaction, 0 level0_numfiles, 0 level0_numfiles_with_compaction, 0 stop for pending_compaction_bytes, 0 slowdown for pending_compaction_bytes, 0 memtable_compaction, 0 memtable_slowdown, interval 0 total count

** File Read Latency Histogram By Level [default] **

** Compaction Stats [usertable] **
Level    Files   Size     Score Read(GB)  Rn(GB) Rnp1(GB) Write(GB) Wnew(GB) Moved(GB) W-Amp Rd(MB/s) Wr(MB/s) Comp(sec) Comp(cnt) Avg(sec) KeyIn KeyDrop
----------------------------------------------------------------------------------------------------------------------------------------------------------
  L0      2/0   112.87 MB   1.0      0.0     0.0      0.0       0.1      0.1       0.0   1.0      0.0    204.6         1         2    0.276       0      0
  L1     16/0   841.31 MB   1.6      0.0     0.0      0.0       0.0      0.0       0.0   0.0      0.0      0.0         0         0    0.000       0      0
  L2     91/0    5.37 GB   1.1      0.0     0.0      0.0       0.0      0.0       0.0   0.0      0.0      0.0         0         0    0.000       0      0
  L3    182/0   10.04 GB   0.2      0.0     0.0      0.0       0.0      0.0       0.0   0.0      0.0      0.0         0         0    0.000       0      0
 Sum    291/0   16.35 GB   0.0      0.0     0.0      0.0       0.1      0.1       0.0   1.0      0.0    204.6         1         2    0.276       0      0
 Int      0/0    0.00 KB   0.0      0.0     0.0      0.0       0.1      0.1       0.0   1.0      0.0    204.6         1         2    0.276       0      0
Uptime(secs): 1.5 total, 1.5 interval
Flush(GB): cumulative 0.110, interval 0.110
AddFile(GB): cumulative 0.000, interval 0.000
AddFile(Total Files): cumulative 0, interval 0
AddFile(L0 Files): cumulative 0, interval 0
AddFile(Keys): cumulative 0, interval 0
Cumulative compaction: 0.11 GB write, 76.05 MB/s write, 0.00 GB read, 0.00 MB/s read, 0.6 seconds
Interval compaction: 0.11 GB write, 76.05 MB/s write, 0.00 GB read, 0.00 MB/s read, 0.6 seconds
Stalls(count): 0 level0_slowdown, 0 level0_slowdown_with_compaction, 0 level0_numfiles, 0 level0_numfiles_with_compaction, 0 stop for pending_compaction_bytes, 0 slowdown for pending_compaction_bytes, 0 memtable_compaction, 0 memtable_slowdown, interval 0 total count

** File Read Latency Histogram By Level [usertable] **

** Compaction Stats [default] **
Level    Files   Size     Score Read(GB)  Rn(GB) Rnp1(GB) Write(GB) Wnew(GB) Moved(GB) W-Amp Rd(MB/s) Wr(MB/s) Comp(sec) Comp(cnt) Avg(sec) KeyIn KeyDrop
----------------------------------------------------------------------------------------------------------------------------------------------------------
 Sum      0/0    0.00 KB   0.0      0.0     0.0      0.0       0.0      0.0       0.0   0.0      0.0      0.0         0         0    0.000       0      0
 Int      0/0    0.00 KB   0.0      0.0     0.0      0.0       0.0      0.0       0.0   0.0      0.0      0.0         0         0    0.000       0      0
Uptime(secs): 1.5 total, 0.0 interval
Flush(GB): cumulative 0.000, interval 0.000
AddFile(GB): cumulative 0.000, interval 0.000
AddFile(Total Files): cumulative 0, interval 0
AddFile(L0 Files): cumulative 0, interval 0
AddFile(Keys): cumulative 0, interval 0
Cumulative compaction: 0.00 GB write, 0.00 MB/s write, 0.00 GB read, 0.00 MB/s read, 0.0 seconds
Interval compaction: 0.00 GB write, 0.00 MB/s write, 0.00 GB read, 0.00 MB/s read, 0.0 seconds
Stalls(count): 0 level0_slowdown, 0 level0_slowdown_with_compaction, 0 level0_numfiles, 0 level0_numfiles_with_compaction, 0 stop for pending_compaction_bytes, 0 slowdown for pending_compaction_bytes, 0 memtable_compaction, 0 memtable_slowdown, interval 0 total count

** File Read Latency Histogram By Level [default] **

** Compaction Stats [usertable] **
Level    Files   Size     Score Read(GB)  Rn(GB) Rnp1(GB) Write(GB) Wnew(GB) Moved(GB) W-Amp Rd(MB/s) Wr(MB/s) Comp(sec) Comp(cnt) Avg(sec) KeyIn KeyDrop
----------------------------------------------------------------------------------------------------------------------------------------------------------
  L0      2/0   112.87 MB   1.0      0.0     0.0      0.0       0.1      0.1       0.0   1.0      0.0    204.6         1         2    0.276       0      0
  L1     16/0   841.31 MB   1.6      0.0     0.0      0.0       0.0      0.0       0.0   0.0      0.0      0.0         0         0    0.000       0      0
  L2     91/0    5.37 GB   1.1      0.0     0.0      0.0       0.0      0.0       0.0   0.0      0.0      0.0         0         0    0.000       0      0
  L3    182/0   10.04 GB   0.2      0.0     0.0      0.0       0.0      0.0       0.0   0.0      0.0      0.0         0         0    0.000       0      0
 Sum    291/0   16.35 GB   0.0      0.0     0.0      0.0       0.1      0.1       0.0   1.0      0.0    204.6         1         2    0.276       0      0
 Int      0/0    0.00 KB   0.0      0.0     0.0      0.0       0.0      0.0       0.0   0.0      0.0      0.0         0         0    0.000       0      0
Uptime(secs): 1.5 total, 0.0 interval
Flush(GB): cumulative 0.110, interval 0.000
AddFile(GB): cumulative 0.000, interval 0.000
AddFile(Total Files): cumulative 0, interval 0
AddFile(L0 Files): cumulative 0, interval 0
AddFile(Keys): cumulative 0, interval 0
Cumulative compaction: 0.11 GB write, 76.05 MB/s write, 0.00 GB read, 0.00 MB/s read, 0.6 seconds
Interval compaction: 0.00 GB write, 0.00 MB/s write, 0.00 GB read, 0.00 MB/s read, 0.0 seconds
Stalls(count): 0 level0_slowdown, 0 level0_slowdown_with_compaction, 0 level0_numfiles, 0 level0_numfiles_with_compaction, 0 stop for pending_compaction_bytes, 0 slowdown for pending_compaction_bytes, 0 memtable_compaction, 0 memtable_slowdown, interval 0 total count

** File Read Latency Histogram By Level [usertable] **
2018/10/23-21:52:06.469414 7f167f7fe700 [db/compaction_job.cc:1531] [usertable] [JOB 3] Compacting 1@1 + 6@2 files to L2, score 1.64
2018/10/23-21:52:06.469422 7f167f7fe700 [db/compaction_job.cc:1535] [usertable] Compaction start summary: Base version 5 Base level 1, inputs: [17218(64MB)], [17163(41MB) 17021(64MB) 17022(64MB) 17023(64MB) 17024(64MB) 17025(64MB)]
2018/10/23-21:52:06.469449 7f167f7fe700 EVENT_LOG_v1 {"time_micros": 1540356726469428, "job": 3, "event": "compaction_started", "compaction_reason": "LevelMaxLevelSize", "files_L1": [17218], "files_L2": [17163, 17021, 17022, 17023, 17024, 17025], "score": 1.64319, "input_data_size": 447373685}
2018/10/23-21:52:07.853345 7f167f7fe700 [db/compaction_job.cc:1211] [usertable] [JOB 3] Generated table #17244: 16279 keys, 67259795 bytes
2018/10/23-21:52:07.853410 7f167f7fe700 EVENT_LOG_v1 {"time_micros": 1540356727853393, "cf_name": "usertable", "job": 3, "event": "table_file_creation", "file_number": 17244, "file_size": 67259795, "table_properties": {"data_size": 67120126, "index_size": 299122, "filter_size": 0, "raw_key_size": 390696, "raw_average_key_size": 24, "raw_value_size": 66678784, "raw_average_value_size": 4096, "num_data_blocks": 8140, "num_entries": 16279, "filter_policy_name": "", "kDeletedKeys": "0", "kMergeOperands": "0"}}
2018/10/23-21:52:08.646091 7f167f7fe700 [db/compaction_job.cc:1211] [usertable] [JOB 3] Generated table #17245: 16279 keys, 67262570 bytes
2018/10/23-21:52:08.646135 7f167f7fe700 EVENT_LOG_v1 {"time_micros": 1540356728646118, "cf_name": "usertable", "job": 3, "event": "table_file_creation", "file_number": 17245, "file_size": 67262570, "table_properties": {"data_size": 67119502, "index_size": 299656, "filter_size": 0, "raw_key_size": 390696, "raw_average_key_size": 24, "raw_value_size": 66678784, "raw_average_value_size": 4096, "num_data_blocks": 8140, "num_entries": 16279, "filter_policy_name": "", "kDeletedKeys": "0", "kMergeOperands": "0"}}
2018/10/23-21:52:09.289460 7f167f7fe700 [db/compaction_job.cc:1211] [usertable] [JOB 3] Generated table #17246: 16279 keys, 67258643 bytes
2018/10/23-21:52:09.289516 7f167f7fe700 EVENT_LOG_v1 {"time_micros": 1540356729289498, "cf_name": "usertable", "job": 3, "event": "table_file_creation", "file_number": 17246, "file_size": 67258643, "table_properties": {"data_size": 67119979, "index_size": 299208, "filter_size": 0, "raw_key_size": 390696, "raw_average_key_size": 24, "raw_value_size": 66678784, "raw_average_value_size": 4096, "num_data_blocks": 8140, "num_entries": 16279, "filter_policy_name": "", "kDeletedKeys": "0", "kMergeOperands": "0"}}
2018/10/23-21:52:10.458633 7f167f7fe700 [db/compaction_job.cc:1211] [usertable] [JOB 3] Generated table #17247: 16279 keys, 67258683 bytes
2018/10/23-21:52:10.458689 7f167f7fe700 EVENT_LOG_v1 {"time_micros": 1540356730458659, "cf_name": "usertable", "job": 3, "event": "table_file_creation", "file_number": 17247, "file_size": 67258683, "table_properties": {"data_size": 67119876, "index_size": 299349, "filter_size": 0, "raw_key_size": 390696, "raw_average_key_size": 24, "raw_value_size": 66678784, "raw_average_value_size": 4096, "num_data_blocks": 8140, "num_entries": 16279, "filter_policy_name": "", "kDeletedKeys": "0", "kMergeOperands": "0"}}
2018/10/23-21:52:11.553242 7f167f7fe700 [db/compaction_job.cc:1211] [usertable] [JOB 3] Generated table #17248: 16279 keys, 67258487 bytes
2018/10/23-21:52:11.553310 7f167f7fe700 EVENT_LOG_v1 {"time_micros": 1540356731553292, "cf_name": "usertable", "job": 3, "event": "table_file_creation", "file_number": 17248, "file_size": 67258487, "table_properties": {"data_size": 67120300, "index_size": 298964, "filter_size": 0, "raw_key_size": 390696, "raw_average_key_size": 24, "raw_value_size": 66678784, "raw_average_value_size": 4096, "num_data_blocks": 8140, "num_entries": 16279, "filter_policy_name": "", "kDeletedKeys": "0", "kMergeOperands": "0"}}
2018/10/23-21:52:12.186348 7f167f7fe700 [db/compaction_job.cc:1211] [usertable] [JOB 3] Generated table #17249: 16279 keys, 67259737 bytes
2018/10/23-21:52:12.186413 7f167f7fe700 EVENT_LOG_v1 {"time_micros": 1540356732186395, "cf_name": "usertable", "job": 3, "event": "table_file_creation", "file_number": 17249, "file_size": 67259737, "table_properties": {"data_size": 67119740, "index_size": 299515, "filter_size": 0, "raw_key_size": 390696, "raw_average_key_size": 24, "raw_value_size": 66678784, "raw_average_value_size": 4096, "num_data_blocks": 8140, "num_entries": 16279, "filter_policy_name": "", "kDeletedKeys": "0", "kMergeOperands": "0"}}
2018/10/23-21:52:12.255558 7f167f7fe700 [db/compaction_job.cc:1211] [usertable] [JOB 3] Generated table #17250: 959 keys, 3963398 bytes
2018/10/23-21:52:12.255597 7f167f7fe700 EVENT_LOG_v1 {"time_micros": 1540356732255581, "cf_name": "usertable", "job": 3, "event": "table_file_creation", "file_number": 17250, "file_size": 3963398, "table_properties": {"data_size": 3954048, "index_size": 17425, "filter_size": 0, "raw_key_size": 23016, "raw_average_key_size": 24, "raw_value_size": 3928064, "raw_average_value_size": 4096, "num_data_blocks": 480, "num_entries": 959, "filter_policy_name": "", "kDeletedKeys": "0", "kMergeOperands": "0"}}
2018/10/23-21:52:12.255655 7f167f7fe700 [db/compaction_job.cc:1287] [usertable] [JOB 3] Compacted 1@1 + 6@2 files to L2 => 407521313 bytes
2018/10/23-21:52:12.288642 7f167f7fe700 (Original Log Time 2018/10/23-21:52:12.288538) [db/compaction_job.cc:685] [usertable] compacted to: base level 1 max bytes base 536870912 files[2 15 92 182 0 0 0] max score 1.52, MB/sec: 77.3 rd, 70.4 wr, level 2, files in(1, 6) out(7) MB in(64.3, 362.4) out(388.6), read-write-amplify(12.7) write-amplify(6.0) OK, records in: 108240, records dropped: 9607 output_compression: LZ4
2018/10/23-21:52:12.288649 7f167f7fe700 (Original Log Time 2018/10/23-21:52:12.288564) EVENT_LOG_v1 {"time_micros": 1540356732288552, "job": 3, "event": "compaction_finished", "compaction_time_micros": 5786149, "output_level": 2, "num_output_files": 7, "total_output_size": 407521313, "num_input_records": 108240, "num_output_records": 98633, "num_subcompactions": 1, "output_compression": "LZ4", "num_single_delete_mismatches": 0, "num_single_delete_fallthrough": 0, "lsm_state": [2, 15, 92, 182, 0, 0, 0]}
2018/10/23-21:52:12.288733 7f167f7fe700 [db/compaction_job.cc:1531] [usertable] [JOB 4] Compacting 1@1 + 3@2 files to L2, score 1.52
2018/10/23-21:52:12.288739 7f167f7fe700 [db/compaction_job.cc:1535] [usertable] Compaction start summary: Base version 6 Base level 1, inputs: [17221(64MB)], [16895(64MB) 16896(45MB) 17115(64MB)]
2018/10/23-21:52:12.288762 7f167f7fe700 EVENT_LOG_v1 {"time_micros": 1540356732288744, "job": 4, "event": "compaction_started", "compaction_reason": "LevelMaxLevelSize", "files_L1": [17221], "files_L2": [16895, 16896, 17115], "score": 1.51762, "input_data_size": 249723656}
2018/10/23-21:52:13.454945 7f167f7fe700 [db/compaction_job.cc:1211] [usertable] [JOB 4] Generated table #17251: 16279 keys, 67259012 bytes
