2019/03/20-03:29:48.798278 7f2348de2700 RocksDB version: 5.14.3
2019/03/20-03:29:48.798353 7f2348de2700 Git sha rocksdb_build_git_sha:
2019/03/20-03:29:48.798357 7f2348de2700 Compile date Oct  9 2018
2019/03/20-03:29:48.798367 7f2348de2700 DB SUMMARY
2019/03/20-03:29:48.799021 7f2348de2700 CURRENT file:  CURRENT
2019/03/20-03:29:48.799025 7f2348de2700 IDENTITY file:  IDENTITY
2019/03/20-03:29:48.799044 7f2348de2700 MANIFEST file:  MANIFEST-000004 size: 133383 Bytes
2019/03/20-03:29:48.799050 7f2348de2700 SST files in /mnt/sdf/ycsb-rocksdb-data dir, Total Num: 745, files: 000021.sst 000025.sst 000026.sst 000027.sst 000028.sst 000030.sst 000036.sst 000037.sst 000038.sst 
2019/03/20-03:29:48.799057 7f2348de2700 Write Ahead Log file in /mnt/sdf/ycsb-rocksdb-data: 001385.log size: 70568783 ; 
2019/03/20-03:29:48.799103 7f2348de2700                         Options.error_if_exists: 0
2019/03/20-03:29:48.799107 7f2348de2700                       Options.create_if_missing: 1
2019/03/20-03:29:48.799109 7f2348de2700                         Options.paranoid_checks: 1
2019/03/20-03:29:48.799111 7f2348de2700                                     Options.env: 0x7f2340ffa080
2019/03/20-03:29:48.799114 7f2348de2700                                Options.info_log: 0x7f22683cff20
2019/03/20-03:29:48.799116 7f2348de2700                Options.max_file_opening_threads: 16
2019/03/20-03:29:48.799118 7f2348de2700                              Options.statistics: (nil)
2019/03/20-03:29:48.799120 7f2348de2700                               Options.use_fsync: 0
2019/03/20-03:29:48.799122 7f2348de2700                       Options.max_log_file_size: 0
2019/03/20-03:29:48.799124 7f2348de2700                  Options.max_manifest_file_size: 18446744073709551615
2019/03/20-03:29:48.799126 7f2348de2700                   Options.log_file_time_to_roll: 0
2019/03/20-03:29:48.799128 7f2348de2700                       Options.keep_log_file_num: 1000
2019/03/20-03:29:48.799130 7f2348de2700                    Options.recycle_log_file_num: 0
2019/03/20-03:29:48.799132 7f2348de2700                         Options.allow_fallocate: 1
2019/03/20-03:29:48.799134 7f2348de2700                        Options.allow_mmap_reads: 0
2019/03/20-03:29:48.799135 7f2348de2700                       Options.allow_mmap_writes: 0
2019/03/20-03:29:48.799137 7f2348de2700                        Options.use_direct_reads: 0
2019/03/20-03:29:48.799139 7f2348de2700                        Options.use_direct_io_for_flush_and_compaction: 0
2019/03/20-03:29:48.799141 7f2348de2700          Options.create_missing_column_families: 1
2019/03/20-03:29:48.799143 7f2348de2700                              Options.db_log_dir: 
2019/03/20-03:29:48.799145 7f2348de2700                                 Options.wal_dir: /mnt/sdf/ycsb-rocksdb-data
2019/03/20-03:29:48.799147 7f2348de2700                Options.table_cache_numshardbits: 6
2019/03/20-03:29:48.799149 7f2348de2700                      Options.max_subcompactions: 4
2019/03/20-03:29:48.799151 7f2348de2700                  Options.max_background_flushes: 24
2019/03/20-03:29:48.799153 7f2348de2700                         Options.WAL_ttl_seconds: 0
2019/03/20-03:29:48.799155 7f2348de2700                       Options.WAL_size_limit_MB: 0
2019/03/20-03:29:48.799157 7f2348de2700             Options.manifest_preallocation_size: 4194304
2019/03/20-03:29:48.799159 7f2348de2700                     Options.is_fd_close_on_exec: 1
2019/03/20-03:29:48.799161 7f2348de2700                   Options.advise_random_on_open: 1
2019/03/20-03:29:48.799163 7f2348de2700                    Options.db_write_buffer_size: 0
2019/03/20-03:29:48.799164 7f2348de2700                    Options.write_buffer_manager: 0x7f22683cf910
2019/03/20-03:29:48.799166 7f2348de2700         Options.access_hint_on_compaction_start: 1
2019/03/20-03:29:48.799168 7f2348de2700  Options.new_table_reader_for_compaction_inputs: 0
2019/03/20-03:29:48.799170 7f2348de2700           Options.random_access_max_buffer_size: 1048576
2019/03/20-03:29:48.799171 7f2348de2700                      Options.use_adaptive_mutex: 0
2019/03/20-03:29:48.799172 7f2348de2700                            Options.rate_limiter: (nil)
2019/03/20-03:29:48.799191 7f2348de2700     Options.sst_file_manager.rate_bytes_per_sec: 0
2019/03/20-03:29:48.799195 7f2348de2700                       Options.wal_recovery_mode: 2
2019/03/20-03:29:48.799197 7f2348de2700                  Options.enable_thread_tracking: 0
2019/03/20-03:29:48.799199 7f2348de2700                  Options.enable_pipelined_write: 1
2019/03/20-03:29:48.799200 7f2348de2700         Options.allow_concurrent_memtable_write: 1
2019/03/20-03:29:48.799202 7f2348de2700      Options.enable_write_thread_adaptive_yield: 1
2019/03/20-03:29:48.799204 7f2348de2700             Options.write_thread_max_yield_usec: 100
2019/03/20-03:29:48.799206 7f2348de2700            Options.write_thread_slow_yield_usec: 3
2019/03/20-03:29:48.799208 7f2348de2700                               Options.row_cache: None
2019/03/20-03:29:48.799211 7f2348de2700                              Options.wal_filter: None
2019/03/20-03:29:48.799213 7f2348de2700             Options.avoid_flush_during_recovery: 0
2019/03/20-03:29:48.799215 7f2348de2700             Options.allow_ingest_behind: 0
2019/03/20-03:29:48.799217 7f2348de2700             Options.preserve_deletes: 0
2019/03/20-03:29:48.799219 7f2348de2700             Options.two_write_queues: 0
2019/03/20-03:29:48.799221 7f2348de2700             Options.manual_wal_flush: 0
2019/03/20-03:29:48.799225 7f2348de2700             Options.max_background_jobs: 24
2019/03/20-03:29:48.799227 7f2348de2700             Options.max_background_compactions: 24
2019/03/20-03:29:48.799229 7f2348de2700             Options.avoid_flush_during_shutdown: 0
2019/03/20-03:29:48.799230 7f2348de2700           Options.writable_file_max_buffer_size: 1048576
2019/03/20-03:29:48.799232 7f2348de2700             Options.delayed_write_rate : 16777216
2019/03/20-03:29:48.799234 7f2348de2700             Options.max_total_wal_size: 0
2019/03/20-03:29:48.799236 7f2348de2700             Options.delete_obsolete_files_period_micros: 21600000000
2019/03/20-03:29:48.799238 7f2348de2700                   Options.stats_dump_period_sec: 60
2019/03/20-03:29:48.799240 7f2348de2700                          Options.max_open_files: -1
2019/03/20-03:29:48.799242 7f2348de2700                          Options.bytes_per_sync: 1048576
2019/03/20-03:29:48.799244 7f2348de2700                      Options.wal_bytes_per_sync: 0
2019/03/20-03:29:48.799245 7f2348de2700       Options.compaction_readahead_size: 0
2019/03/20-03:29:48.799247 7f2348de2700 Compression algorithms supported:
2019/03/20-03:29:48.799249 7f2348de2700 	kZSTDNotFinalCompression supported: 1
2019/03/20-03:29:48.799260 7f2348de2700 	kZSTD supported: 1
2019/03/20-03:29:48.799263 7f2348de2700 	kXpressCompression supported: 0
2019/03/20-03:29:48.799265 7f2348de2700 	kLZ4HCCompression supported: 1
2019/03/20-03:29:48.799267 7f2348de2700 	kLZ4Compression supported: 1
2019/03/20-03:29:48.799269 7f2348de2700 	kBZip2Compression supported: 1
2019/03/20-03:29:48.799271 7f2348de2700 	kZlibCompression supported: 1
2019/03/20-03:29:48.799273 7f2348de2700 	kSnappyCompression supported: 1
2019/03/20-03:29:48.799279 7f2348de2700 Fast CRC32 supported: Not supported on x86
2019/03/20-03:29:48.799747 7f2348de2700 [db/version_set.cc:3085] Recovering from manifest file: MANIFEST-000004
2019/03/20-03:29:48.799880 7f2348de2700 [db/column_family.cc:475] --------------- Options for column family [default]:
2019/03/20-03:29:48.799885 7f2348de2700               Options.comparator: leveldb.BytewiseComparator
2019/03/20-03:29:48.799886 7f2348de2700           Options.merge_operator: None
2019/03/20-03:29:48.799887 7f2348de2700        Options.compaction_filter: None
2019/03/20-03:29:48.799888 7f2348de2700        Options.compaction_filter_factory: None
2019/03/20-03:29:48.799889 7f2348de2700         Options.memtable_factory: SkipListFactory
2019/03/20-03:29:48.799890 7f2348de2700            Options.table_factory: BlockBasedTable
2019/03/20-03:29:48.799918 7f2348de2700            table_factory options:   flush_block_policy_factory: FlushBlockBySizePolicyFactory (0x7f22683cc4f0)
  cache_index_and_filter_blocks: 0
  cache_index_and_filter_blocks_with_high_priority: 0
  pin_l0_filter_and_index_blocks_in_cache: 0
  index_type: 0
  hash_index_allow_collision: 1
  checksum: 1
  no_block_cache: 0
  block_cache: 0x7f22683be3e0
  block_cache_name: LRUCache
  block_cache_options:
    capacity : 8388608
    num_shard_bits : 4
    strict_capacity_limit : 0
    high_pri_pool_ratio: 0.000
  block_cache_compressed: (nil)
  persistent_cache: (nil)
  block_size: 8192
  block_size_deviation: 10
  block_restart_interval: 16
  index_block_restart_interval: 1
  metadata_block_size: 4096
  partition_filters: 0
  use_delta_encoding: 1
  filter_policy: nullptr
  whole_key_filtering: 1
  verify_compression: 0
  read_amp_bytes_per_bit: 0
  format_version: 2
  enable_index_compression: 1
  block_align: 0
2019/03/20-03:29:48.799931 7f2348de2700        Options.write_buffer_size: 134217728
2019/03/20-03:29:48.799933 7f2348de2700  Options.max_write_buffer_number: 24
2019/03/20-03:29:48.799935 7f2348de2700        Options.compression[0]: NoCompression
2019/03/20-03:29:48.799937 7f2348de2700        Options.compression[1]: NoCompression
2019/03/20-03:29:48.799938 7f2348de2700        Options.compression[2]: LZ4
2019/03/20-03:29:48.799939 7f2348de2700        Options.compression[3]: LZ4
2019/03/20-03:29:48.799940 7f2348de2700        Options.compression[4]: LZ4
2019/03/20-03:29:48.799941 7f2348de2700        Options.compression[5]: LZ4
2019/03/20-03:29:48.799942 7f2348de2700        Options.compression[6]: LZ4
2019/03/20-03:29:48.799943 7f2348de2700                  Options.bottommost_compression: Disabled
2019/03/20-03:29:48.799944 7f2348de2700       Options.prefix_extractor: nullptr
2019/03/20-03:29:48.799945 7f2348de2700   Options.memtable_insert_with_hint_prefix_extractor: nullptr
2019/03/20-03:29:48.799946 7f2348de2700             Options.num_levels: 7
2019/03/20-03:29:48.799948 7f2348de2700        Options.min_write_buffer_number_to_merge: 2
2019/03/20-03:29:48.799949 7f2348de2700     Options.max_write_buffer_number_to_maintain: 0
2019/03/20-03:29:48.799950 7f2348de2700            Options.compression_opts.window_bits: -14
2019/03/20-03:29:48.799951 7f2348de2700                  Options.compression_opts.level: -1
2019/03/20-03:29:48.799952 7f2348de2700               Options.compression_opts.strategy: 0
2019/03/20-03:29:48.799953 7f2348de2700         Options.compression_opts.max_dict_bytes: 0
2019/03/20-03:29:48.799953 7f2348de2700         Options.compression_opts.zstd_max_train_bytes: 0
2019/03/20-03:29:48.799954 7f2348de2700      Options.level0_file_num_compaction_trigger: 2
2019/03/20-03:29:48.799955 7f2348de2700          Options.level0_slowdown_writes_trigger: 20
2019/03/20-03:29:48.799956 7f2348de2700              Options.level0_stop_writes_trigger: 36
2019/03/20-03:29:48.799957 7f2348de2700                   Options.target_file_size_base: 67108864
2019/03/20-03:29:48.799958 7f2348de2700             Options.target_file_size_multiplier: 1
2019/03/20-03:29:48.799959 7f2348de2700                Options.max_bytes_for_level_base: 536870912
2019/03/20-03:29:48.799960 7f2348de2700 Options.level_compaction_dynamic_level_bytes: 0
2019/03/20-03:29:48.799961 7f2348de2700          Options.max_bytes_for_level_multiplier: 10.000000
2019/03/20-03:29:48.799965 7f2348de2700 Options.max_bytes_for_level_multiplier_addtl[0]: 1
2019/03/20-03:29:48.799966 7f2348de2700 Options.max_bytes_for_level_multiplier_addtl[1]: 1
2019/03/20-03:29:48.799967 7f2348de2700 Options.max_bytes_for_level_multiplier_addtl[2]: 1
2019/03/20-03:29:48.799968 7f2348de2700 Options.max_bytes_for_level_multiplier_addtl[3]: 1
2019/03/20-03:29:48.799969 7f2348de2700 Options.max_bytes_for_level_multiplier_addtl[4]: 1
2019/03/20-03:29:48.799970 7f2348de2700 Options.max_bytes_for_level_multiplier_addtl[5]: 1
2019/03/20-03:29:48.799971 7f2348de2700 Options.max_bytes_for_level_multiplier_addtl[6]: 1
2019/03/20-03:29:48.799972 7f2348de2700       Options.max_sequential_skip_in_iterations: 8
2019/03/20-03:29:48.799973 7f2348de2700                    Options.max_compaction_bytes: 1677721600
2019/03/20-03:29:48.799980 7f2348de2700                        Options.arena_block_size: 16777216
2019/03/20-03:29:48.799982 7f2348de2700   Options.soft_pending_compaction_bytes_limit: 68719476736
2019/03/20-03:29:48.799983 7f2348de2700   Options.hard_pending_compaction_bytes_limit: 274877906944
2019/03/20-03:29:48.799984 7f2348de2700       Options.rate_limit_delay_max_milliseconds: 100
2019/03/20-03:29:48.799985 7f2348de2700                Options.disable_auto_compactions: 0
2019/03/20-03:29:48.799987 7f2348de2700                        Options.compaction_style: kCompactionStyleLevel
2019/03/20-03:29:48.799988 7f2348de2700                          Options.compaction_pri: kByCompensatedSize
2019/03/20-03:29:48.799989 7f2348de2700 Options.compaction_options_universal.size_ratio: 1
2019/03/20-03:29:48.799990 7f2348de2700 Options.compaction_options_universal.min_merge_width: 2
2019/03/20-03:29:48.799991 7f2348de2700 Options.compaction_options_universal.max_merge_width: 4294967295
2019/03/20-03:29:48.799993 7f2348de2700 Options.compaction_options_universal.max_size_amplification_percent: 200
2019/03/20-03:29:48.799994 7f2348de2700 Options.compaction_options_universal.compression_size_percent: -1
2019/03/20-03:29:48.799995 7f2348de2700 Options.compaction_options_universal.stop_style: kCompactionStopStyleTotalSize
2019/03/20-03:29:48.799996 7f2348de2700 Options.compaction_options_fifo.max_table_files_size: 1073741824
2019/03/20-03:29:48.799997 7f2348de2700 Options.compaction_options_fifo.allow_compaction: 0
2019/03/20-03:29:48.799998 7f2348de2700 Options.compaction_options_fifo.ttl: 0
2019/03/20-03:29:48.799999 7f2348de2700                   Options.table_properties_collectors: 
2019/03/20-03:29:48.800000 7f2348de2700                   Options.inplace_update_support: 0
2019/03/20-03:29:48.800001 7f2348de2700                 Options.inplace_update_num_locks: 10000
2019/03/20-03:29:48.800002 7f2348de2700               Options.memtable_prefix_bloom_size_ratio: 0.000000
2019/03/20-03:29:48.800004 7f2348de2700   Options.memtable_huge_page_size: 0
2019/03/20-03:29:48.800005 7f2348de2700                           Options.bloom_locality: 0
2019/03/20-03:29:48.800006 7f2348de2700                    Options.max_successive_merges: 0
2019/03/20-03:29:48.800007 7f2348de2700                Options.optimize_filters_for_hits: 0
2019/03/20-03:29:48.800008 7f2348de2700                Options.paranoid_file_checks: 0
2019/03/20-03:29:48.800009 7f2348de2700                Options.force_consistency_checks: 0
2019/03/20-03:29:48.800010 7f2348de2700                Options.report_bg_io_stats: 0
2019/03/20-03:29:48.800011 7f2348de2700                               Options.ttl: 0
2019/03/20-03:29:48.800518 7f2348de2700 [db/column_family.cc:475] --------------- Options for column family [usertable]:
2019/03/20-03:29:48.800521 7f2348de2700               Options.comparator: leveldb.BytewiseComparator
2019/03/20-03:29:48.800523 7f2348de2700           Options.merge_operator: None
2019/03/20-03:29:48.800524 7f2348de2700        Options.compaction_filter: None
2019/03/20-03:29:48.800525 7f2348de2700        Options.compaction_filter_factory: None
2019/03/20-03:29:48.800526 7f2348de2700         Options.memtable_factory: SkipListFactory
2019/03/20-03:29:48.800527 7f2348de2700            Options.table_factory: BlockBasedTable
2019/03/20-03:29:48.800564 7f2348de2700            table_factory options:   flush_block_policy_factory: FlushBlockBySizePolicyFactory (0x7f22683d02a0)
  cache_index_and_filter_blocks: 0
  cache_index_and_filter_blocks_with_high_priority: 0
  pin_l0_filter_and_index_blocks_in_cache: 0
  index_type: 0
  hash_index_allow_collision: 1
  checksum: 1
  no_block_cache: 0
  block_cache: 0x7f22683cd740
  block_cache_name: LRUCache
  block_cache_options:
    capacity : 8388608
    num_shard_bits : 4
    strict_capacity_limit : 0
    high_pri_pool_ratio: 0.000
  block_cache_compressed: (nil)
  persistent_cache: (nil)
  block_size: 8192
  block_size_deviation: 10
  block_restart_interval: 16
  index_block_restart_interval: 1
  metadata_block_size: 4096
  partition_filters: 0
  use_delta_encoding: 1
  filter_policy: nullptr
  whole_key_filtering: 1
  verify_compression: 0
  read_amp_bytes_per_bit: 0
  format_version: 2
  enable_index_compression: 1
  block_align: 0
2019/03/20-03:29:48.800584 7f2348de2700        Options.write_buffer_size: 134217728
2019/03/20-03:29:48.800586 7f2348de2700  Options.max_write_buffer_number: 24
2019/03/20-03:29:48.800588 7f2348de2700        Options.compression[0]: NoCompression
2019/03/20-03:29:48.800589 7f2348de2700        Options.compression[1]: NoCompression
2019/03/20-03:29:48.800590 7f2348de2700        Options.compression[2]: LZ4
2019/03/20-03:29:48.800591 7f2348de2700        Options.compression[3]: LZ4
2019/03/20-03:29:48.800592 7f2348de2700        Options.compression[4]: LZ4
2019/03/20-03:29:48.800594 7f2348de2700        Options.compression[5]: LZ4
2019/03/20-03:29:48.800595 7f2348de2700        Options.compression[6]: LZ4
2019/03/20-03:29:48.800596 7f2348de2700                  Options.bottommost_compression: Disabled
2019/03/20-03:29:48.800597 7f2348de2700       Options.prefix_extractor: nullptr
2019/03/20-03:29:48.800598 7f2348de2700   Options.memtable_insert_with_hint_prefix_extractor: nullptr
2019/03/20-03:29:48.800599 7f2348de2700             Options.num_levels: 7
2019/03/20-03:29:48.800600 7f2348de2700        Options.min_write_buffer_number_to_merge: 2
2019/03/20-03:29:48.800601 7f2348de2700     Options.max_write_buffer_number_to_maintain: 0
2019/03/20-03:29:48.800602 7f2348de2700            Options.compression_opts.window_bits: -14
2019/03/20-03:29:48.800603 7f2348de2700                  Options.compression_opts.level: -1
2019/03/20-03:29:48.800604 7f2348de2700               Options.compression_opts.strategy: 0
2019/03/20-03:29:48.800605 7f2348de2700         Options.compression_opts.max_dict_bytes: 0
2019/03/20-03:29:48.800605 7f2348de2700         Options.compression_opts.zstd_max_train_bytes: 0
2019/03/20-03:29:48.800606 7f2348de2700      Options.level0_file_num_compaction_trigger: 2
2019/03/20-03:29:48.800607 7f2348de2700          Options.level0_slowdown_writes_trigger: 20
2019/03/20-03:29:48.800608 7f2348de2700              Options.level0_stop_writes_trigger: 36
2019/03/20-03:29:48.800609 7f2348de2700                   Options.target_file_size_base: 67108864
2019/03/20-03:29:48.800610 7f2348de2700             Options.target_file_size_multiplier: 1
2019/03/20-03:29:48.800611 7f2348de2700                Options.max_bytes_for_level_base: 536870912
2019/03/20-03:29:48.800612 7f2348de2700 Options.level_compaction_dynamic_level_bytes: 0
2019/03/20-03:29:48.800613 7f2348de2700          Options.max_bytes_for_level_multiplier: 10.000000
2019/03/20-03:29:48.800616 7f2348de2700 Options.max_bytes_for_level_multiplier_addtl[0]: 1
2019/03/20-03:29:48.800617 7f2348de2700 Options.max_bytes_for_level_multiplier_addtl[1]: 1
2019/03/20-03:29:48.800618 7f2348de2700 Options.max_bytes_for_level_multiplier_addtl[2]: 1
2019/03/20-03:29:48.800619 7f2348de2700 Options.max_bytes_for_level_multiplier_addtl[3]: 1
2019/03/20-03:29:48.800620 7f2348de2700 Options.max_bytes_for_level_multiplier_addtl[4]: 1
2019/03/20-03:29:48.800621 7f2348de2700 Options.max_bytes_for_level_multiplier_addtl[5]: 1
2019/03/20-03:29:48.800622 7f2348de2700 Options.max_bytes_for_level_multiplier_addtl[6]: 1
2019/03/20-03:29:48.800623 7f2348de2700       Options.max_sequential_skip_in_iterations: 8
2019/03/20-03:29:48.800624 7f2348de2700                    Options.max_compaction_bytes: 1677721600
2019/03/20-03:29:48.800625 7f2348de2700                        Options.arena_block_size: 16777216
2019/03/20-03:29:48.800626 7f2348de2700   Options.soft_pending_compaction_bytes_limit: 68719476736
2019/03/20-03:29:48.800627 7f2348de2700   Options.hard_pending_compaction_bytes_limit: 274877906944
2019/03/20-03:29:48.800628 7f2348de2700       Options.rate_limit_delay_max_milliseconds: 100
2019/03/20-03:29:48.800629 7f2348de2700                Options.disable_auto_compactions: 0
2019/03/20-03:29:48.800630 7f2348de2700                        Options.compaction_style: kCompactionStyleLevel
2019/03/20-03:29:48.800638 7f2348de2700                          Options.compaction_pri: kByCompensatedSize
2019/03/20-03:29:48.800640 7f2348de2700 Options.compaction_options_universal.size_ratio: 1
2019/03/20-03:29:48.800641 7f2348de2700 Options.compaction_options_universal.min_merge_width: 2
2019/03/20-03:29:48.800642 7f2348de2700 Options.compaction_options_universal.max_merge_width: 4294967295
2019/03/20-03:29:48.800643 7f2348de2700 Options.compaction_options_universal.max_size_amplification_percent: 200
2019/03/20-03:29:48.800644 7f2348de2700 Options.compaction_options_universal.compression_size_percent: -1
2019/03/20-03:29:48.800645 7f2348de2700 Options.compaction_options_universal.stop_style: kCompactionStopStyleTotalSize
2019/03/20-03:29:48.800646 7f2348de2700 Options.compaction_options_fifo.max_table_files_size: 1073741824
2019/03/20-03:29:48.800647 7f2348de2700 Options.compaction_options_fifo.allow_compaction: 0
2019/03/20-03:29:48.800648 7f2348de2700 Options.compaction_options_fifo.ttl: 0
2019/03/20-03:29:48.800649 7f2348de2700                   Options.table_properties_collectors: 
2019/03/20-03:29:48.800650 7f2348de2700                   Options.inplace_update_support: 0
2019/03/20-03:29:48.800651 7f2348de2700                 Options.inplace_update_num_locks: 10000
2019/03/20-03:29:48.800652 7f2348de2700               Options.memtable_prefix_bloom_size_ratio: 0.000000
2019/03/20-03:29:48.800654 7f2348de2700   Options.memtable_huge_page_size: 0
2019/03/20-03:29:48.800655 7f2348de2700                           Options.bloom_locality: 0
2019/03/20-03:29:48.800656 7f2348de2700                    Options.max_successive_merges: 0
2019/03/20-03:29:48.800657 7f2348de2700                Options.optimize_filters_for_hits: 0
2019/03/20-03:29:48.800658 7f2348de2700                Options.paranoid_file_checks: 0
2019/03/20-03:29:48.800659 7f2348de2700                Options.force_consistency_checks: 0
2019/03/20-03:29:48.800660 7f2348de2700                Options.report_bg_io_stats: 0
2019/03/20-03:29:48.800661 7f2348de2700                               Options.ttl: 0
2019/03/20-03:29:49.410042 7f2348de2700 [db/version_set.cc:3361] Recovered from manifest file:/mnt/sdf/ycsb-rocksdb-data/MANIFEST-000004 succeeded,manifest_file_number is 4, next_file_number is 1392, last_sequence is 10441253, log_number is 0,prev_log_number is 0,max_column_family is 1,min_log_number_to_keep is 0
2019/03/20-03:29:49.410054 7f2348de2700 [db/version_set.cc:3369] Column family [default] (ID 0), log number is 0
2019/03/20-03:29:49.410057 7f2348de2700 [db/version_set.cc:3369] Column family [usertable] (ID 1), log number is 1385
2019/03/20-03:29:49.412474 7f2348de2700 EVENT_LOG_v1 {"time_micros": 1553077789412454, "job": 1, "event": "recovery_started", "log_files": [1385]}
2019/03/20-03:29:49.412483 7f2348de2700 [db/db_impl_open.cc:551] Recovering log #1385 mode 2
2019/03/20-03:29:49.621739 7f2348de2700 [db/version_set.cc:2847] Creating manifest 1392
2019/03/20-03:29:49.994350 7f2348de2700 EVENT_LOG_v1 {"time_micros": 1553077789994308, "cf_name": "usertable", "job": 1, "event": "table_file_creation", "file_number": 1393, "file_size": 70656544, "table_properties": {"data_size": 70340276, "index_size": 315346, "filter_size": 0, "raw_key_size": 409440, "raw_average_key_size": 24, "raw_value_size": 69877760, "raw_average_value_size": 4096, "num_data_blocks": 8530, "num_entries": 17060, "filter_policy_name": "", "kDeletedKeys": "0", "kMergeOperands": "0"}}
2019/03/20-03:29:50.027856 7f2348de2700 EVENT_LOG_v1 {"time_micros": 1553077790027846, "job": 1, "event": "recovery_finished"}
2019/03/20-03:29:50.082902 7f2348de2700 [db/db_impl_open.cc:1219] DB pointer 0x7f22683caf00
2019/03/20-03:29:50.083189 7f233bfff700 [WARN] [db/db_impl.cc:491] ------- DUMPING STATS -------
2019/03/20-03:29:50.083235 7f233bfff700 [WARN] [db/db_impl.cc:492] 
** DB Stats **
Uptime(secs): 1.3 total, 1.3 interval
Cumulative writes: 0 writes, 0 keys, 0 commit groups, 0.0 writes per commit group, ingest: 0.00 GB, 0.00 MB/s
Cumulative WAL: 0 writes, 0 syncs, 0.00 writes per sync, written: 0.00 GB, 0.00 MB/s
Cumulative stall: 00:00:0.000 H:M:S, 0.0 percent
Interval writes: 0 writes, 0 keys, 0 commit groups, 0.0 writes per commit group, ingest: 0.00 MB, 0.00 MB/s
Interval WAL: 0 writes, 0 syncs, 0.00 writes per sync, written: 0.00 MB, 0.00 MB/s
Interval stall: 00:00:0.000 H:M:S, 0.0 percent

** Compaction Stats [default] **
Level    Files   Size     Score Read(GB)  Rn(GB) Rnp1(GB) Write(GB) Wnew(GB) Moved(GB) W-Amp Rd(MB/s) Wr(MB/s) Comp(sec) Comp(cnt) Avg(sec) KeyIn KeyDrop
----------------------------------------------------------------------------------------------------------------------------------------------------------
 Sum      0/0    0.00 KB   0.0      0.0     0.0      0.0       0.0      0.0       0.0   0.0      0.0      0.0         0         0    0.000       0      0
 Int      0/0    0.00 KB   0.0      0.0     0.0      0.0       0.0      0.0       0.0   0.0      0.0      0.0         0         0    0.000       0      0
Uptime(secs): 1.3 total, 1.3 interval
Flush(GB): cumulative 0.000, interval 0.000
AddFile(GB): cumulative 0.000, interval 0.000
AddFile(Total Files): cumulative 0, interval 0
AddFile(L0 Files): cumulative 0, interval 0
AddFile(Keys): cumulative 0, interval 0
Cumulative compaction: 0.00 GB write, 0.00 MB/s write, 0.00 GB read, 0.00 MB/s read, 0.0 seconds
Interval compaction: 0.00 GB write, 0.00 MB/s write, 0.00 GB read, 0.00 MB/s read, 0.0 seconds
Stalls(count): 0 level0_slowdown, 0 level0_slowdown_with_compaction, 0 level0_numfiles, 0 level0_numfiles_with_compaction, 0 stop for pending_compaction_bytes, 0 slowdown for pending_compaction_bytes, 0 memtable_compaction, 0 memtable_slowdown, interval 0 total count

** File Read Latency Histogram By Level [default] **

** Compaction Stats [usertable] **
Level    Files   Size     Score Read(GB)  Rn(GB) Rnp1(GB) Write(GB) Wnew(GB) Moved(GB) W-Amp Rd(MB/s) Wr(MB/s) Comp(sec) Comp(cnt) Avg(sec) KeyIn KeyDrop
----------------------------------------------------------------------------------------------------------------------------------------------------------
  L0      2/0   253.66 MB   1.0      0.0     0.0      0.0       0.1      0.1       0.0   1.0      0.0    246.6         0         1    0.273       0      0
  L1      9/0   454.28 MB   0.9      0.0     0.0      0.0       0.0      0.0       0.0   0.0      0.0      0.0         0         0    0.000       0      0
  L2    184/0    4.99 GB   1.0      0.0     0.0      0.0       0.0      0.0       0.0   0.0      0.0      0.0         0         0    0.000       0      0
  L3    551/0   34.50 GB   0.7      0.0     0.0      0.0       0.0      0.0       0.0   0.0      0.0      0.0         0         0    0.000       0      0
 Sum    746/0   40.18 GB   0.0      0.0     0.0      0.0       0.1      0.1       0.0   1.0      0.0    246.6         0         1    0.273       0      0
 Int      0/0    0.00 KB   0.0      0.0     0.0      0.0       0.1      0.1       0.0   1.0      0.0    246.6         0         1    0.273       0      0
Uptime(secs): 1.3 total, 1.3 interval
Flush(GB): cumulative 0.066, interval 0.066
AddFile(GB): cumulative 0.000, interval 0.000
AddFile(Total Files): cumulative 0, interval 0
AddFile(L0 Files): cumulative 0, interval 0
AddFile(Keys): cumulative 0, interval 0
Cumulative compaction: 0.07 GB write, 52.54 MB/s write, 0.00 GB read, 0.00 MB/s read, 0.3 seconds
Interval compaction: 0.07 GB write, 52.54 MB/s write, 0.00 GB read, 0.00 MB/s read, 0.3 seconds
Stalls(count): 0 level0_slowdown, 0 level0_slowdown_with_compaction, 0 level0_numfiles, 0 level0_numfiles_with_compaction, 0 stop for pending_compaction_bytes, 0 slowdown for pending_compaction_bytes, 0 memtable_compaction, 0 memtable_slowdown, interval 0 total count

** File Read Latency Histogram By Level [usertable] **

** Compaction Stats [default] **
Level    Files   Size     Score Read(GB)  Rn(GB) Rnp1(GB) Write(GB) Wnew(GB) Moved(GB) W-Amp Rd(MB/s) Wr(MB/s) Comp(sec) Comp(cnt) Avg(sec) KeyIn KeyDrop
----------------------------------------------------------------------------------------------------------------------------------------------------------
 Sum      0/0    0.00 KB   0.0      0.0     0.0      0.0       0.0      0.0       0.0   0.0      0.0      0.0         0         0    0.000       0      0
 Int      0/0    0.00 KB   0.0      0.0     0.0      0.0       0.0      0.0       0.0   0.0      0.0      0.0         0         0    0.000       0      0
Uptime(secs): 1.3 total, 0.0 interval
Flush(GB): cumulative 0.000, interval 0.000
AddFile(GB): cumulative 0.000, interval 0.000
AddFile(Total Files): cumulative 0, interval 0
AddFile(L0 Files): cumulative 0, interval 0
AddFile(Keys): cumulative 0, interval 0
Cumulative compaction: 0.00 GB write, 0.00 MB/s write, 0.00 GB read, 0.00 MB/s read, 0.0 seconds
Interval compaction: 0.00 GB write, 0.00 MB/s write, 0.00 GB read, 0.00 MB/s read, 0.0 seconds
Stalls(count): 0 level0_slowdown, 0 level0_slowdown_with_compaction, 0 level0_numfiles, 0 level0_numfiles_with_compaction, 0 stop for pending_compaction_bytes, 0 slowdown for pending_compaction_bytes, 0 memtable_compaction, 0 memtable_slowdown, interval 0 total count

** File Read Latency Histogram By Level [default] **

** Compaction Stats [usertable] **
Level    Files   Size     Score Read(GB)  Rn(GB) Rnp1(GB) Write(GB) Wnew(GB) Moved(GB) W-Amp Rd(MB/s) Wr(MB/s) Comp(sec) Comp(cnt) Avg(sec) KeyIn KeyDrop
----------------------------------------------------------------------------------------------------------------------------------------------------------
  L0      2/0   253.66 MB   1.0      0.0     0.0      0.0       0.1      0.1       0.0   1.0      0.0    246.6         0         1    0.273       0      0
  L1      9/0   454.28 MB   0.9      0.0     0.0      0.0       0.0      0.0       0.0   0.0      0.0      0.0         0         0    0.000       0      0
  L2    184/0    4.99 GB   1.0      0.0     0.0      0.0       0.0      0.0       0.0   0.0      0.0      0.0         0         0    0.000       0      0
  L3    551/0   34.50 GB   0.7      0.0     0.0      0.0       0.0      0.0       0.0   0.0      0.0      0.0         0         0    0.000       0      0
 Sum    746/0   40.18 GB   0.0      0.0     0.0      0.0       0.1      0.1       0.0   1.0      0.0    246.6         0         1    0.273       0      0
 Int      0/0    0.00 KB   0.0      0.0     0.0      0.0       0.0      0.0       0.0   0.0      0.0      0.0         0         0    0.000       0      0
Uptime(secs): 1.3 total, 0.0 interval
Flush(GB): cumulative 0.066, interval 0.000
AddFile(GB): cumulative 0.000, interval 0.000
AddFile(Total Files): cumulative 0, interval 0
AddFile(L0 Files): cumulative 0, interval 0
AddFile(Keys): cumulative 0, interval 0
Cumulative compaction: 0.07 GB write, 52.53 MB/s write, 0.00 GB read, 0.00 MB/s read, 0.3 seconds
Interval compaction: 0.00 GB write, 0.00 MB/s write, 0.00 GB read, 0.00 MB/s read, 0.0 seconds
Stalls(count): 0 level0_slowdown, 0 level0_slowdown_with_compaction, 0 level0_numfiles, 0 level0_numfiles_with_compaction, 0 stop for pending_compaction_bytes, 0 slowdown for pending_compaction_bytes, 0 memtable_compaction, 0 memtable_slowdown, interval 0 total count

** File Read Latency Histogram By Level [usertable] **
2019/03/20-03:29:50.113826 7f233bfff700 (Original Log Time 2019/03/20-03:29:50.083374) [db/db_impl_compaction_flush.cc:1835] [usertable] Moving #322 to level-1 195329304 bytes
2019/03/20-03:29:50.113833 7f233bfff700 (Original Log Time 2019/03/20-03:29:50.113715) EVENT_LOG_v1 {"time_micros": 1553077790113699, "job": 3, "event": "trivial_move", "destination_level": 1, "files": 1, "total_files_size": 195329304}
2019/03/20-03:29:50.113836 7f233bfff700 (Original Log Time 2019/03/20-03:29:50.113732) [db/db_impl_compaction_flush.cc:1864] [usertable] Moved #1 files to level-1 195329304 bytes OK: base level 1 max bytes base 536870912 files[1 10 184 551 0 0 0] max score 1.25
2019/03/20-03:29:50.113957 7f233bfff700 [db/compaction_job.cc:1531] [usertable] [JOB 4] Compacting 1@1 files to L2, score 1.25
2019/03/20-03:29:50.113968 7f233bfff700 [db/compaction_job.cc:1535] [usertable] Compaction start summary: Base version 6 Base level 1, inputs: [322(186MB)]
2019/03/20-03:29:50.114001 7f233bfff700 EVENT_LOG_v1 {"time_micros": 1553077790113977, "job": 4, "event": "compaction_started", "compaction_reason": "LevelMaxLevelSize", "files_L1": [322], "score": 1.25109, "input_data_size": 195329304}
2019/03/20-03:29:50.877958 7f233bfff700 [db/compaction_job.cc:1211] [usertable] [JOB 4] Generated table #1397: 16279 keys, 67233307 bytes
2019/03/20-03:29:50.878018 7f233bfff700 EVENT_LOG_v1 {"time_micros": 1553077790877987, "cf_name": "usertable", "job": 4, "event": "table_file_creation", "file_number": 1397, "file_size": 67233307, "table_properties": {"data_size": 67118331, "index_size": 299108, "filter_size": 0, "raw_key_size": 390696, "raw_average_key_size": 24, "raw_value_size": 66678784, "raw_average_value_size": 4096, "num_data_blocks": 8140, "num_entries": 16279, "filter_policy_name": "", "kDeletedKeys": "0", "kMergeOperands": "0"}}
2019/03/20-03:29:51.846854 7f233bfff700 [db/compaction_job.cc:1211] [usertable] [JOB 4] Generated table #1398: 16279 keys, 67233542 bytes
2019/03/20-03:29:51.846915 7f233bfff700 EVENT_LOG_v1 {"time_micros": 1553077791846883, "cf_name": "usertable", "job": 4, "event": "table_file_creation", "file_number": 1398, "file_size": 67233542, "table_properties": {"data_size": 67120139, "index_size": 300916, "filter_size": 0, "raw_key_size": 390696, "raw_average_key_size": 24, "raw_value_size": 66678784, "raw_average_value_size": 4096, "num_data_blocks": 8140, "num_entries": 16279, "filter_policy_name": "", "kDeletedKeys": "0", "kMergeOperands": "0"}}
2019/03/20-03:29:53.163358 7f233bfff700 [db/compaction_job.cc:1211] [usertable] [JOB 4] Generated table #1399: 14607 keys, 60328019 bytes
2019/03/20-03:29:53.163454 7f233bfff700 EVENT_LOG_v1 {"time_micros": 1553077793163381, "cf_name": "usertable", "job": 4, "event": "table_file_creation", "file_number": 1399, "file_size": 60328019, "table_properties": {"data_size": 60224675, "index_size": 268361, "filter_size": 0, "raw_key_size": 350568, "raw_average_key_size": 24, "raw_value_size": 59830272, "raw_average_value_size": 4096, "num_data_blocks": 7304, "num_entries": 14607, "filter_policy_name": "", "kDeletedKeys": "0", "kMergeOperands": "0"}}
2019/03/20-03:29:53.163533 7f233bfff700 [db/compaction_job.cc:1287] [usertable] [JOB 4] Compacted 1@1 files to L2 => 194794868 bytes
2019/03/20-03:29:53.196621 7f233bfff700 (Original Log Time 2019/03/20-03:29:53.196484) [db/compaction_job.cc:685] [usertable] compacted to: base level 1 max bytes base 536870912 files[1 9 187 551 0 0 0] max score 1.03, MB/sec: 64.1 rd, 63.9 wr, level 2, files in(1, 0) out(3) MB in(186.3, 0.0) out(185.8), read-write-amplify(2.0) write-amplify(1.0) OK, records in: 47165, records dropped: 0 output_compression: LZ4
2019/03/20-03:29:53.196629 7f233bfff700 (Original Log Time 2019/03/20-03:29:53.196530) EVENT_LOG_v1 {"time_micros": 1553077793196512, "job": 4, "event": "compaction_finished", "compaction_time_micros": 3049487, "output_level": 2, "num_output_files": 3, "total_output_size": 194794868, "num_input_records": 47165, "num_output_records": 47165, "num_subcompactions": 1, "output_compression": "LZ4", "num_single_delete_mismatches": 0, "num_single_delete_fallthrough": 0, "lsm_state": [1, 9, 187, 551, 0, 0, 0]}
2019/03/20-03:29:53.229056 7f233affd700 (Original Log Time 2019/03/20-03:29:53.196848) [db/db_impl_compaction_flush.cc:1835] [usertable] Moving #1398 to level-3 67233542 bytes
2019/03/20-03:29:53.229063 7f233affd700 (Original Log Time 2019/03/20-03:29:53.228957) EVENT_LOG_v1 {"time_micros": 1553077793228944, "job": 5, "event": "trivial_move", "destination_level": 3, "files": 1, "total_files_size": 67233542}
2019/03/20-03:29:53.229066 7f233affd700 (Original Log Time 2019/03/20-03:29:53.228971) [db/db_impl_compaction_flush.cc:1864] [usertable] Moved #1 files to level-3 67233542 bytes OK: base level 1 max bytes base 536870912 files[1 9 186 552 0 0 0] max score 1.02
2019/03/20-03:29:53.248870 7f233affd700 EVENT_LOG_v1 {"time_micros": 1553077793248856, "job": 5, "event": "table_file_deletion", "file_number": 322}
2019/03/20-03:29:53.279820 7f233affd700 (Original Log Time 2019/03/20-03:29:53.249064) [db/db_impl_compaction_flush.cc:1835] [usertable] Moving #51 to level-3 67233330 bytes
2019/03/20-03:29:53.279825 7f233affd700 (Original Log Time 2019/03/20-03:29:53.279733) EVENT_LOG_v1 {"time_micros": 1553077793279721, "job": 6, "event": "trivial_move", "destination_level": 3, "files": 1, "total_files_size": 67233330}
2019/03/20-03:29:53.279827 7f233affd700 (Original Log Time 2019/03/20-03:29:53.279749) [db/db_impl_compaction_flush.cc:1864] [usertable] Moved #1 files to level-3 67233330 bytes OK: base level 1 max bytes base 536870912 files[1 9 185 553 0 0 0] max score 1.01
2019/03/20-03:29:53.315568 7f233affd700 (Original Log Time 2019/03/20-03:29:53.280034) [db/db_impl_compaction_flush.cc:1835] [usertable] Moving #258 to level-3 67233330 bytes
2019/03/20-03:29:53.315576 7f233affd700 (Original Log Time 2019/03/20-03:29:53.315484) EVENT_LOG_v1 {"time_micros": 1553077793315470, "job": 7, "event": "trivial_move", "destination_level": 3, "files": 1, "total_files_size": 67233330}
2019/03/20-03:29:53.315580 7f233affd700 (Original Log Time 2019/03/20-03:29:53.315504) [db/db_impl_compaction_flush.cc:1864] [usertable] Moved #1 files to level-3 67233330 bytes OK: base level 1 max bytes base 536870912 files[1 9 184 554 0 0 0] max score 1.00
2019/03/20-03:29:56.688842 7f23406ff700 [db/db_impl_write.cc:1373] [usertable] New memtable created with log file: #1400. Immutable memtables: 0.
2019/03/20-03:30:02.185330 7f23305f6700 [db/db_impl_write.cc:1373] [usertable] New memtable created with log file: #1401. Immutable memtables: 1.
2019/03/20-03:30:02.185852 7f23227fc700 [db/db_impl_compaction_flush.cc:80] [JOB 8] Syncing log #1394
2019/03/20-03:30:02.694538 7f23227fc700 [db/db_impl_compaction_flush.cc:80] [JOB 8] Syncing log #1400
2019/03/20-03:30:03.189171 7f23227fc700 (Original Log Time 2019/03/20-03:30:02.185796) [db/db_impl_compaction_flush.cc:1424] Calling FlushMemTableToOutputFile with column family [usertable], flush slots available 24, compaction slots available 1, flush slots scheduled 1, compaction slots scheduled 0
2019/03/20-03:30:03.189183 7f23227fc700 [db/flush_job.cc:301] [usertable] [JOB 8] Flushing memtable with next log file: 1400
2019/03/20-03:30:03.189193 7f23227fc700 [db/flush_job.cc:301] [usertable] [JOB 8] Flushing memtable with next log file: 1401
2019/03/20-03:30:03.189232 7f23227fc700 EVENT_LOG_v1 {"time_micros": 1553077803189218, "job": 8, "event": "flush_started", "num_memtables": 2, "num_entries": 56409, "num_deletes": 0, "memory_usage": 233742520, "flush_reason": "Write Buffer Full"}
2019/03/20-03:30:03.189242 7f23227fc700 [db/flush_job.cc:331] [usertable] [JOB 8] Level-0 flush table #1402: started
