2018/11/16-13:27:31.652715 7f4915ff5700 RocksDB version: 5.14.3
2018/11/16-13:27:31.652787 7f4915ff5700 Git sha rocksdb_build_git_sha:
2018/11/16-13:27:31.652790 7f4915ff5700 Compile date Oct 15 2018
2018/11/16-13:27:31.652794 7f4915ff5700 DB SUMMARY
2018/11/16-13:27:31.652814 7f4915ff5700 SST files in /mnt/sdb/ycsb-rocksdb-data dir, Total Num: 0, files: 
2018/11/16-13:27:31.652817 7f4915ff5700 Write Ahead Log file in /mnt/sdb/ycsb-rocksdb-data: 
2018/11/16-13:27:31.652819 7f4915ff5700                         Options.error_if_exists: 0
2018/11/16-13:27:31.652820 7f4915ff5700                       Options.create_if_missing: 1
2018/11/16-13:27:31.652821 7f4915ff5700                         Options.paranoid_checks: 1
2018/11/16-13:27:31.652822 7f4915ff5700                                     Options.env: 0x7f49152cb3e0
2018/11/16-13:27:31.652823 7f4915ff5700                                Options.info_log: 0x7f48643e21c0
2018/11/16-13:27:31.652824 7f4915ff5700                Options.max_file_opening_threads: 16
2018/11/16-13:27:31.652825 7f4915ff5700                              Options.statistics: (nil)
2018/11/16-13:27:31.652826 7f4915ff5700                               Options.use_fsync: 0
2018/11/16-13:27:31.652827 7f4915ff5700                       Options.max_log_file_size: 0
2018/11/16-13:27:31.652828 7f4915ff5700                  Options.max_manifest_file_size: 18446744073709551615
2018/11/16-13:27:31.652829 7f4915ff5700                   Options.log_file_time_to_roll: 0
2018/11/16-13:27:31.652830 7f4915ff5700                       Options.keep_log_file_num: 1000
2018/11/16-13:27:31.652831 7f4915ff5700                    Options.recycle_log_file_num: 0
2018/11/16-13:27:31.652831 7f4915ff5700                         Options.allow_fallocate: 1
2018/11/16-13:27:31.652832 7f4915ff5700                        Options.allow_mmap_reads: 0
2018/11/16-13:27:31.652833 7f4915ff5700                       Options.allow_mmap_writes: 0
2018/11/16-13:27:31.652834 7f4915ff5700                        Options.use_direct_reads: 0
2018/11/16-13:27:31.652835 7f4915ff5700                        Options.use_direct_io_for_flush_and_compaction: 0
2018/11/16-13:27:31.652836 7f4915ff5700          Options.create_missing_column_families: 1
2018/11/16-13:27:31.652837 7f4915ff5700                              Options.db_log_dir: 
2018/11/16-13:27:31.652838 7f4915ff5700                                 Options.wal_dir: /mnt/sdb/ycsb-rocksdb-data
2018/11/16-13:27:31.652838 7f4915ff5700                Options.table_cache_numshardbits: 6
2018/11/16-13:27:31.652839 7f4915ff5700                      Options.max_subcompactions: 4
2018/11/16-13:27:31.652840 7f4915ff5700                  Options.max_background_flushes: 24
2018/11/16-13:27:31.652841 7f4915ff5700                         Options.WAL_ttl_seconds: 0
2018/11/16-13:27:31.652842 7f4915ff5700                       Options.WAL_size_limit_MB: 0
2018/11/16-13:27:31.652843 7f4915ff5700             Options.manifest_preallocation_size: 4194304
2018/11/16-13:27:31.652844 7f4915ff5700                     Options.is_fd_close_on_exec: 1
2018/11/16-13:27:31.652844 7f4915ff5700                   Options.advise_random_on_open: 1
2018/11/16-13:27:31.652845 7f4915ff5700                    Options.db_write_buffer_size: 0
2018/11/16-13:27:31.652846 7f4915ff5700                    Options.write_buffer_manager: 0x7f48643e0480
2018/11/16-13:27:31.652847 7f4915ff5700         Options.access_hint_on_compaction_start: 1
2018/11/16-13:27:31.652848 7f4915ff5700  Options.new_table_reader_for_compaction_inputs: 0
2018/11/16-13:27:31.652848 7f4915ff5700           Options.random_access_max_buffer_size: 1048576
2018/11/16-13:27:31.652849 7f4915ff5700                      Options.use_adaptive_mutex: 0
2018/11/16-13:27:31.652850 7f4915ff5700                            Options.rate_limiter: (nil)
2018/11/16-13:27:31.652852 7f4915ff5700     Options.sst_file_manager.rate_bytes_per_sec: 0
2018/11/16-13:27:31.652853 7f4915ff5700                       Options.wal_recovery_mode: 2
2018/11/16-13:27:31.652853 7f4915ff5700                  Options.enable_thread_tracking: 0
2018/11/16-13:27:31.652854 7f4915ff5700                  Options.enable_pipelined_write: 1
2018/11/16-13:27:31.652864 7f4915ff5700         Options.allow_concurrent_memtable_write: 1
2018/11/16-13:27:31.652865 7f4915ff5700      Options.enable_write_thread_adaptive_yield: 1
2018/11/16-13:27:31.652866 7f4915ff5700             Options.write_thread_max_yield_usec: 100
2018/11/16-13:27:31.652867 7f4915ff5700            Options.write_thread_slow_yield_usec: 3
2018/11/16-13:27:31.652868 7f4915ff5700                               Options.row_cache: None
2018/11/16-13:27:31.652869 7f4915ff5700                              Options.wal_filter: None
2018/11/16-13:27:31.652870 7f4915ff5700             Options.avoid_flush_during_recovery: 0
2018/11/16-13:27:31.652871 7f4915ff5700             Options.allow_ingest_behind: 0
2018/11/16-13:27:31.652871 7f4915ff5700             Options.preserve_deletes: 0
2018/11/16-13:27:31.652872 7f4915ff5700             Options.two_write_queues: 0
2018/11/16-13:27:31.652873 7f4915ff5700             Options.manual_wal_flush: 0
2018/11/16-13:27:31.652875 7f4915ff5700             Options.max_background_jobs: 24
2018/11/16-13:27:31.652876 7f4915ff5700             Options.max_background_compactions: 24
2018/11/16-13:27:31.652877 7f4915ff5700             Options.avoid_flush_during_shutdown: 0
2018/11/16-13:27:31.652877 7f4915ff5700           Options.writable_file_max_buffer_size: 1048576
2018/11/16-13:27:31.652878 7f4915ff5700             Options.delayed_write_rate : 16777216
2018/11/16-13:27:31.652879 7f4915ff5700             Options.max_total_wal_size: 0
2018/11/16-13:27:31.652880 7f4915ff5700             Options.delete_obsolete_files_period_micros: 21600000000
2018/11/16-13:27:31.652881 7f4915ff5700                   Options.stats_dump_period_sec: 60
2018/11/16-13:27:31.652882 7f4915ff5700                          Options.max_open_files: -1
2018/11/16-13:27:31.652883 7f4915ff5700                          Options.bytes_per_sync: 1048576
2018/11/16-13:27:31.652884 7f4915ff5700                      Options.wal_bytes_per_sync: 0
2018/11/16-13:27:31.652884 7f4915ff5700       Options.compaction_readahead_size: 0
2018/11/16-13:27:31.652885 7f4915ff5700 Compression algorithms supported:
2018/11/16-13:27:31.652887 7f4915ff5700 	kZSTDNotFinalCompression supported: 1
2018/11/16-13:27:31.652895 7f4915ff5700 	kZSTD supported: 1
2018/11/16-13:27:31.652897 7f4915ff5700 	kXpressCompression supported: 0
2018/11/16-13:27:31.652898 7f4915ff5700 	kLZ4HCCompression supported: 1
2018/11/16-13:27:31.652899 7f4915ff5700 	kLZ4Compression supported: 1
2018/11/16-13:27:31.652900 7f4915ff5700 	kBZip2Compression supported: 1
2018/11/16-13:27:31.652901 7f4915ff5700 	kZlibCompression supported: 1
2018/11/16-13:27:31.652902 7f4915ff5700 	kSnappyCompression supported: 1
2018/11/16-13:27:31.652905 7f4915ff5700 Fast CRC32 supported: Supported on x86
2018/11/16-13:27:31.652980 7f4915ff5700 [db/db_impl_open.cc:222] Creating manifest 1 
2018/11/16-13:27:31.753237 7f4915ff5700 [db/version_set.cc:3085] Recovering from manifest file: MANIFEST-000001
2018/11/16-13:27:31.753324 7f4915ff5700 [db/column_family.cc:475] --------------- Options for column family [default]:
2018/11/16-13:27:31.753328 7f4915ff5700               Options.comparator: leveldb.BytewiseComparator
2018/11/16-13:27:31.753330 7f4915ff5700           Options.merge_operator: None
2018/11/16-13:27:31.753330 7f4915ff5700        Options.compaction_filter: None
2018/11/16-13:27:31.753331 7f4915ff5700        Options.compaction_filter_factory: None
2018/11/16-13:27:31.753332 7f4915ff5700         Options.memtable_factory: SkipListFactory
2018/11/16-13:27:31.753333 7f4915ff5700            Options.table_factory: BlockBasedTable
2018/11/16-13:27:31.753362 7f4915ff5700            table_factory options:   flush_block_policy_factory: FlushBlockBySizePolicyFactory (0x7f486438ca10)
  cache_index_and_filter_blocks: 0
  cache_index_and_filter_blocks_with_high_priority: 0
  pin_l0_filter_and_index_blocks_in_cache: 0
  index_type: 0
  hash_index_allow_collision: 1
  checksum: 1
  no_block_cache: 0
  block_cache: 0x7f4864395b10
  block_cache_name: LRUCache
  block_cache_options:
    capacity : 8388608
    num_shard_bits : 4
    strict_capacity_limit : 0
    high_pri_pool_ratio: 0.000
  block_cache_compressed: (nil)
  persistent_cache: (nil)
  block_size: 8192
  block_size_deviation: 10
  block_restart_interval: 16
  index_block_restart_interval: 1
  metadata_block_size: 4096
  partition_filters: 0
  use_delta_encoding: 1
  filter_policy: nullptr
  whole_key_filtering: 1
  verify_compression: 0
  read_amp_bytes_per_bit: 0
  format_version: 2
  enable_index_compression: 1
  block_align: 0
2018/11/16-13:27:31.753377 7f4915ff5700        Options.write_buffer_size: 134217728
2018/11/16-13:27:31.753378 7f4915ff5700  Options.max_write_buffer_number: 24
2018/11/16-13:27:31.753380 7f4915ff5700        Options.compression[0]: NoCompression
2018/11/16-13:27:31.753381 7f4915ff5700        Options.compression[1]: NoCompression
2018/11/16-13:27:31.753382 7f4915ff5700        Options.compression[2]: LZ4
2018/11/16-13:27:31.753383 7f4915ff5700        Options.compression[3]: LZ4
2018/11/16-13:27:31.753384 7f4915ff5700        Options.compression[4]: LZ4
2018/11/16-13:27:31.753385 7f4915ff5700        Options.compression[5]: LZ4
2018/11/16-13:27:31.753386 7f4915ff5700        Options.compression[6]: LZ4
2018/11/16-13:27:31.753386 7f4915ff5700                  Options.bottommost_compression: Disabled
2018/11/16-13:27:31.753387 7f4915ff5700       Options.prefix_extractor: nullptr
2018/11/16-13:27:31.753388 7f4915ff5700   Options.memtable_insert_with_hint_prefix_extractor: nullptr
2018/11/16-13:27:31.753389 7f4915ff5700             Options.num_levels: 7
2018/11/16-13:27:31.753390 7f4915ff5700        Options.min_write_buffer_number_to_merge: 2
2018/11/16-13:27:31.753391 7f4915ff5700     Options.max_write_buffer_number_to_maintain: 0
2018/11/16-13:27:31.753392 7f4915ff5700            Options.compression_opts.window_bits: -14
2018/11/16-13:27:31.753393 7f4915ff5700                  Options.compression_opts.level: -1
2018/11/16-13:27:31.753394 7f4915ff5700               Options.compression_opts.strategy: 0
2018/11/16-13:27:31.753395 7f4915ff5700         Options.compression_opts.max_dict_bytes: 0
2018/11/16-13:27:31.753396 7f4915ff5700         Options.compression_opts.zstd_max_train_bytes: 0
2018/11/16-13:27:31.753396 7f4915ff5700      Options.level0_file_num_compaction_trigger: 2
2018/11/16-13:27:31.753397 7f4915ff5700          Options.level0_slowdown_writes_trigger: 20
2018/11/16-13:27:31.753398 7f4915ff5700              Options.level0_stop_writes_trigger: 36
2018/11/16-13:27:31.753399 7f4915ff5700                   Options.target_file_size_base: 67108864
2018/11/16-13:27:31.753400 7f4915ff5700             Options.target_file_size_multiplier: 1
2018/11/16-13:27:31.753401 7f4915ff5700                Options.max_bytes_for_level_base: 536870912
2018/11/16-13:27:31.753402 7f4915ff5700 Options.level_compaction_dynamic_level_bytes: 0
2018/11/16-13:27:31.753402 7f4915ff5700          Options.max_bytes_for_level_multiplier: 10.000000
2018/11/16-13:27:31.753405 7f4915ff5700 Options.max_bytes_for_level_multiplier_addtl[0]: 1
2018/11/16-13:27:31.753406 7f4915ff5700 Options.max_bytes_for_level_multiplier_addtl[1]: 1
2018/11/16-13:27:31.753407 7f4915ff5700 Options.max_bytes_for_level_multiplier_addtl[2]: 1
2018/11/16-13:27:31.753408 7f4915ff5700 Options.max_bytes_for_level_multiplier_addtl[3]: 1
2018/11/16-13:27:31.753409 7f4915ff5700 Options.max_bytes_for_level_multiplier_addtl[4]: 1
2018/11/16-13:27:31.753410 7f4915ff5700 Options.max_bytes_for_level_multiplier_addtl[5]: 1
2018/11/16-13:27:31.753411 7f4915ff5700 Options.max_bytes_for_level_multiplier_addtl[6]: 1
2018/11/16-13:27:31.753411 7f4915ff5700       Options.max_sequential_skip_in_iterations: 8
2018/11/16-13:27:31.753412 7f4915ff5700                    Options.max_compaction_bytes: 1677721600
2018/11/16-13:27:31.753413 7f4915ff5700                        Options.arena_block_size: 16777216
2018/11/16-13:27:31.753414 7f4915ff5700   Options.soft_pending_compaction_bytes_limit: 68719476736
2018/11/16-13:27:31.753415 7f4915ff5700   Options.hard_pending_compaction_bytes_limit: 274877906944
2018/11/16-13:27:31.753422 7f4915ff5700       Options.rate_limit_delay_max_milliseconds: 100
2018/11/16-13:27:31.753424 7f4915ff5700                Options.disable_auto_compactions: 0
2018/11/16-13:27:31.753426 7f4915ff5700                        Options.compaction_style: kCompactionStyleLevel
2018/11/16-13:27:31.753428 7f4915ff5700                          Options.compaction_pri: kByCompensatedSize
2018/11/16-13:27:31.753429 7f4915ff5700 Options.compaction_options_universal.size_ratio: 1
2018/11/16-13:27:31.753429 7f4915ff5700 Options.compaction_options_universal.min_merge_width: 2
2018/11/16-13:27:31.753430 7f4915ff5700 Options.compaction_options_universal.max_merge_width: 4294967295
2018/11/16-13:27:31.753431 7f4915ff5700 Options.compaction_options_universal.max_size_amplification_percent: 200
2018/11/16-13:27:31.753432 7f4915ff5700 Options.compaction_options_universal.compression_size_percent: -1
2018/11/16-13:27:31.753434 7f4915ff5700 Options.compaction_options_universal.stop_style: kCompactionStopStyleTotalSize
2018/11/16-13:27:31.753434 7f4915ff5700 Options.compaction_options_fifo.max_table_files_size: 1073741824
2018/11/16-13:27:31.753435 7f4915ff5700 Options.compaction_options_fifo.allow_compaction: 0
2018/11/16-13:27:31.753436 7f4915ff5700 Options.compaction_options_fifo.ttl: 0
2018/11/16-13:27:31.753437 7f4915ff5700                   Options.table_properties_collectors: 
2018/11/16-13:27:31.753438 7f4915ff5700                   Options.inplace_update_support: 0
2018/11/16-13:27:31.753439 7f4915ff5700                 Options.inplace_update_num_locks: 10000
2018/11/16-13:27:31.753440 7f4915ff5700               Options.memtable_prefix_bloom_size_ratio: 0.000000
2018/11/16-13:27:31.753442 7f4915ff5700   Options.memtable_huge_page_size: 0
2018/11/16-13:27:31.753442 7f4915ff5700                           Options.bloom_locality: 0
2018/11/16-13:27:31.753443 7f4915ff5700                    Options.max_successive_merges: 0
2018/11/16-13:27:31.753444 7f4915ff5700                Options.optimize_filters_for_hits: 0
2018/11/16-13:27:31.753445 7f4915ff5700                Options.paranoid_file_checks: 0
2018/11/16-13:27:31.753446 7f4915ff5700                Options.force_consistency_checks: 0
2018/11/16-13:27:31.753447 7f4915ff5700                Options.report_bg_io_stats: 0
2018/11/16-13:27:31.753448 7f4915ff5700                               Options.ttl: 0
2018/11/16-13:27:31.754332 7f4915ff5700 [db/version_set.cc:3361] Recovered from manifest file:/mnt/sdb/ycsb-rocksdb-data/MANIFEST-000001 succeeded,manifest_file_number is 1, next_file_number is 3, last_sequence is 0, log_number is 0,prev_log_number is 0,max_column_family is 0,min_log_number_to_keep is 0
2018/11/16-13:27:31.754338 7f4915ff5700 [db/version_set.cc:3369] Column family [default] (ID 0), log number is 0
2018/11/16-13:27:31.754502 7f4915ff5700 [db/version_set.cc:2847] Creating manifest 4
2018/11/16-13:27:31.826535 7f4915ff5700 [db/column_family.cc:475] --------------- Options for column family [usertable]:
2018/11/16-13:27:31.826539 7f4915ff5700               Options.comparator: leveldb.BytewiseComparator
2018/11/16-13:27:31.826540 7f4915ff5700           Options.merge_operator: None
2018/11/16-13:27:31.826541 7f4915ff5700        Options.compaction_filter: None
2018/11/16-13:27:31.826542 7f4915ff5700        Options.compaction_filter_factory: None
2018/11/16-13:27:31.826543 7f4915ff5700         Options.memtable_factory: SkipListFactory
2018/11/16-13:27:31.826543 7f4915ff5700            Options.table_factory: BlockBasedTable
2018/11/16-13:27:31.826569 7f4915ff5700            table_factory options:   flush_block_policy_factory: FlushBlockBySizePolicyFactory (0x7f486438c9f0)
  cache_index_and_filter_blocks: 0
  cache_index_and_filter_blocks_with_high_priority: 0
  pin_l0_filter_and_index_blocks_in_cache: 0
  index_type: 0
  hash_index_allow_collision: 1
  checksum: 1
  no_block_cache: 0
  block_cache: 0x7f486438bd00
  block_cache_name: LRUCache
  block_cache_options:
    capacity : 8388608
    num_shard_bits : 4
    strict_capacity_limit : 0
    high_pri_pool_ratio: 0.000
  block_cache_compressed: (nil)
  persistent_cache: (nil)
  block_size: 8192
  block_size_deviation: 10
  block_restart_interval: 16
  index_block_restart_interval: 1
  metadata_block_size: 4096
  partition_filters: 0
  use_delta_encoding: 1
  filter_policy: nullptr
  whole_key_filtering: 1
  verify_compression: 0
  read_amp_bytes_per_bit: 0
  format_version: 2
  enable_index_compression: 1
  block_align: 0
2018/11/16-13:27:31.826573 7f4915ff5700        Options.write_buffer_size: 134217728
2018/11/16-13:27:31.826575 7f4915ff5700  Options.max_write_buffer_number: 24
2018/11/16-13:27:31.826576 7f4915ff5700        Options.compression[0]: NoCompression
2018/11/16-13:27:31.826577 7f4915ff5700        Options.compression[1]: NoCompression
2018/11/16-13:27:31.826578 7f4915ff5700        Options.compression[2]: LZ4
2018/11/16-13:27:31.826578 7f4915ff5700        Options.compression[3]: LZ4
2018/11/16-13:27:31.826579 7f4915ff5700        Options.compression[4]: LZ4
2018/11/16-13:27:31.826580 7f4915ff5700        Options.compression[5]: LZ4
2018/11/16-13:27:31.826581 7f4915ff5700        Options.compression[6]: LZ4
2018/11/16-13:27:31.826582 7f4915ff5700                  Options.bottommost_compression: Disabled
2018/11/16-13:27:31.826583 7f4915ff5700       Options.prefix_extractor: nullptr
2018/11/16-13:27:31.826584 7f4915ff5700   Options.memtable_insert_with_hint_prefix_extractor: nullptr
2018/11/16-13:27:31.826584 7f4915ff5700             Options.num_levels: 7
2018/11/16-13:27:31.826585 7f4915ff5700        Options.min_write_buffer_number_to_merge: 2
2018/11/16-13:27:31.826586 7f4915ff5700     Options.max_write_buffer_number_to_maintain: 0
2018/11/16-13:27:31.826587 7f4915ff5700            Options.compression_opts.window_bits: -14
2018/11/16-13:27:31.826588 7f4915ff5700                  Options.compression_opts.level: -1
2018/11/16-13:27:31.826589 7f4915ff5700               Options.compression_opts.strategy: 0
2018/11/16-13:27:31.826590 7f4915ff5700         Options.compression_opts.max_dict_bytes: 0
2018/11/16-13:27:31.826590 7f4915ff5700         Options.compression_opts.zstd_max_train_bytes: 0
2018/11/16-13:27:31.826591 7f4915ff5700      Options.level0_file_num_compaction_trigger: 2
2018/11/16-13:27:31.826592 7f4915ff5700          Options.level0_slowdown_writes_trigger: 20
2018/11/16-13:27:31.826593 7f4915ff5700              Options.level0_stop_writes_trigger: 36
2018/11/16-13:27:31.826594 7f4915ff5700                   Options.target_file_size_base: 67108864
2018/11/16-13:27:31.826595 7f4915ff5700             Options.target_file_size_multiplier: 1
2018/11/16-13:27:31.826595 7f4915ff5700                Options.max_bytes_for_level_base: 536870912
2018/11/16-13:27:31.826596 7f4915ff5700 Options.level_compaction_dynamic_level_bytes: 0
2018/11/16-13:27:31.826597 7f4915ff5700          Options.max_bytes_for_level_multiplier: 10.000000
2018/11/16-13:27:31.826599 7f4915ff5700 Options.max_bytes_for_level_multiplier_addtl[0]: 1
2018/11/16-13:27:31.826610 7f4915ff5700 Options.max_bytes_for_level_multiplier_addtl[1]: 1
2018/11/16-13:27:31.826612 7f4915ff5700 Options.max_bytes_for_level_multiplier_addtl[2]: 1
2018/11/16-13:27:31.826613 7f4915ff5700 Options.max_bytes_for_level_multiplier_addtl[3]: 1
2018/11/16-13:27:31.826613 7f4915ff5700 Options.max_bytes_for_level_multiplier_addtl[4]: 1
2018/11/16-13:27:31.826614 7f4915ff5700 Options.max_bytes_for_level_multiplier_addtl[5]: 1
2018/11/16-13:27:31.826615 7f4915ff5700 Options.max_bytes_for_level_multiplier_addtl[6]: 1
2018/11/16-13:27:31.826616 7f4915ff5700       Options.max_sequential_skip_in_iterations: 8
2018/11/16-13:27:31.826617 7f4915ff5700                    Options.max_compaction_bytes: 1677721600
2018/11/16-13:27:31.826618 7f4915ff5700                        Options.arena_block_size: 16777216
2018/11/16-13:27:31.826618 7f4915ff5700   Options.soft_pending_compaction_bytes_limit: 68719476736
2018/11/16-13:27:31.826619 7f4915ff5700   Options.hard_pending_compaction_bytes_limit: 274877906944
2018/11/16-13:27:31.826620 7f4915ff5700       Options.rate_limit_delay_max_milliseconds: 100
2018/11/16-13:27:31.826621 7f4915ff5700                Options.disable_auto_compactions: 0
2018/11/16-13:27:31.826622 7f4915ff5700                        Options.compaction_style: kCompactionStyleLevel
2018/11/16-13:27:31.826624 7f4915ff5700                          Options.compaction_pri: kByCompensatedSize
2018/11/16-13:27:31.826624 7f4915ff5700 Options.compaction_options_universal.size_ratio: 1
2018/11/16-13:27:31.826625 7f4915ff5700 Options.compaction_options_universal.min_merge_width: 2
2018/11/16-13:27:31.826626 7f4915ff5700 Options.compaction_options_universal.max_merge_width: 4294967295
2018/11/16-13:27:31.826627 7f4915ff5700 Options.compaction_options_universal.max_size_amplification_percent: 200
2018/11/16-13:27:31.826628 7f4915ff5700 Options.compaction_options_universal.compression_size_percent: -1
2018/11/16-13:27:31.826629 7f4915ff5700 Options.compaction_options_universal.stop_style: kCompactionStopStyleTotalSize
2018/11/16-13:27:31.826630 7f4915ff5700 Options.compaction_options_fifo.max_table_files_size: 1073741824
2018/11/16-13:27:31.826631 7f4915ff5700 Options.compaction_options_fifo.allow_compaction: 0
2018/11/16-13:27:31.826631 7f4915ff5700 Options.compaction_options_fifo.ttl: 0
2018/11/16-13:27:31.826632 7f4915ff5700                   Options.table_properties_collectors: 
2018/11/16-13:27:31.826633 7f4915ff5700                   Options.inplace_update_support: 0
2018/11/16-13:27:31.826634 7f4915ff5700                 Options.inplace_update_num_locks: 10000
2018/11/16-13:27:31.826635 7f4915ff5700               Options.memtable_prefix_bloom_size_ratio: 0.000000
2018/11/16-13:27:31.826636 7f4915ff5700   Options.memtable_huge_page_size: 0
2018/11/16-13:27:31.826637 7f4915ff5700                           Options.bloom_locality: 0
2018/11/16-13:27:31.826638 7f4915ff5700                    Options.max_successive_merges: 0
2018/11/16-13:27:31.826639 7f4915ff5700                Options.optimize_filters_for_hits: 0
2018/11/16-13:27:31.826640 7f4915ff5700                Options.paranoid_file_checks: 0
2018/11/16-13:27:31.826640 7f4915ff5700                Options.force_consistency_checks: 0
2018/11/16-13:27:31.826641 7f4915ff5700                Options.report_bg_io_stats: 0
2018/11/16-13:27:31.826642 7f4915ff5700                               Options.ttl: 0
2018/11/16-13:27:31.826694 7f4915ff5700 [db/db_impl.cc:1396] Created column family [usertable] (ID 1)
2018/11/16-13:27:31.901831 7f4915ff5700 [db/db_impl_open.cc:1219] DB pointer 0x7f48643e2830
2018/11/16-13:27:32.206915 7f49159ef700 [db/db_impl_write.cc:1373] [usertable] New memtable created with log file: #9. Immutable memtables: 0.
2018/11/16-13:27:32.461778 7f4915ef4700 [db/db_impl_write.cc:1373] [usertable] New memtable created with log file: #10. Immutable memtables: 1.
2018/11/16-13:27:32.461938 7f478e7fc700 [db/db_impl_compaction_flush.cc:80] [JOB 2] Syncing log #3
2018/11/16-13:27:32.715724 7f4915af0700 [db/db_impl_write.cc:1373] [usertable] New memtable created with log file: #12. Immutable memtables: 2.
2018/11/16-13:27:32.967187 7f4915cf2700 [db/db_impl_write.cc:1373] [usertable] New memtable created with log file: #13. Immutable memtables: 3.
2018/11/16-13:27:33.262578 7f4915cf2700 [db/db_impl_write.cc:1373] [usertable] New memtable created with log file: #15. Immutable memtables: 4.
2018/11/16-13:27:33.265154 7f478e7fc700 [db/db_impl_compaction_flush.cc:80] [JOB 2] Syncing log #9
2018/11/16-13:27:33.576316 7f4915ff5700 [db/db_impl_write.cc:1373] [usertable] New memtable created with log file: #16. Immutable memtables: 5.
2018/11/16-13:27:33.802097 7f4915af0700 [db/db_impl_write.cc:1373] [usertable] New memtable created with log file: #18. Immutable memtables: 6.
2018/11/16-13:27:34.027970 7f4915ef4700 [db/db_impl_write.cc:1373] [usertable] New memtable created with log file: #19. Immutable memtables: 7.
2018/11/16-13:27:34.269184 7f4915ff5700 [db/db_impl_write.cc:1373] [usertable] New memtable created with log file: #21. Immutable memtables: 8.
2018/11/16-13:27:34.553077 7f4915af0700 [db/db_impl_write.cc:1373] [usertable] New memtable created with log file: #22. Immutable memtables: 9.
2018/11/16-13:27:34.750423 7f478e7fc700 (Original Log Time 2018/11/16-13:27:32.461875) [db/db_impl_compaction_flush.cc:1424] Calling FlushMemTableToOutputFile with column family [usertable], flush slots available 24, compaction slots available 1, flush slots scheduled 1, compaction slots scheduled 0
2018/11/16-13:27:34.750438 7f478e7fc700 [db/flush_job.cc:301] [usertable] [JOB 2] Flushing memtable with next log file: 9
2018/11/16-13:27:34.750436 7f48de7fc700 [db/db_impl_compaction_flush.cc:80] [JOB 4] Syncing log #10
2018/11/16-13:27:34.750450 7f478e7fc700 [db/flush_job.cc:301] [usertable] [JOB 2] Flushing memtable with next log file: 10
2018/11/16-13:27:34.750498 7f478e7fc700 EVENT_LOG_v1 {"time_micros": 1542403654750478, "job": 2, "event": "flush_started", "num_memtables": 2, "num_entries": 62294, "num_deletes": 0, "memory_usage": 258221752, "flush_reason": "Write Buffer Full"}
2018/11/16-13:27:34.750510 7f478e7fc700 [db/flush_job.cc:331] [usertable] [JOB 2] Level-0 flush table #11: started
2018/11/16-13:27:34.784319 7f4915ff5700 [db/db_impl_write.cc:1373] [usertable] New memtable created with log file: #24. Immutable memtables: 10.
2018/11/16-13:27:35.015246 7f4915ef4700 [db/db_impl_write.cc:1373] [usertable] New memtable created with log file: #25. Immutable memtables: 11.
2018/11/16-13:27:35.255948 7f4915af0700 [db/db_impl_write.cc:1373] [usertable] New memtable created with log file: #27. Immutable memtables: 12.
2018/11/16-13:27:35.481982 7f49159ef700 [db/db_impl_write.cc:1373] [usertable] New memtable created with log file: #28. Immutable memtables: 13.
2018/11/16-13:27:35.728953 7f49158ee700 [db/db_impl_write.cc:1373] [usertable] New memtable created with log file: #30. Immutable memtables: 14.
2018/11/16-13:27:35.962773 7f4915ff5700 [db/db_impl_write.cc:1373] [usertable] New memtable created with log file: #31. Immutable memtables: 15.
2018/11/16-13:27:35.980615 7f48de7fc700 [db/db_impl_compaction_flush.cc:80] [JOB 4] Syncing log #12
2018/11/16-13:27:36.198504 7f49157ed700 [db/db_impl_write.cc:1373] [usertable] New memtable created with log file: #33. Immutable memtables: 16.
2018/11/16-13:27:36.427426 7f49159ef700 [db/db_impl_write.cc:1373] [usertable] New memtable created with log file: #34. Immutable memtables: 17.
2018/11/16-13:27:36.646380 7f4915cf2700 [db/db_impl_write.cc:1373] [usertable] New memtable created with log file: #36. Immutable memtables: 18.
2018/11/16-13:27:36.897677 7f4915cf2700 [db/db_impl_write.cc:1373] [usertable] New memtable created with log file: #37. Immutable memtables: 19.
2018/11/16-13:27:37.121517 7f4915af0700 [db/db_impl_write.cc:1373] [usertable] New memtable created with log file: #39. Immutable memtables: 20.
2018/11/16-13:27:37.348013 7f4915ef4700 [db/db_impl_write.cc:1373] [usertable] New memtable created with log file: #40. Immutable memtables: 21.
2018/11/16-13:27:37.554087 7f49157ed700 [db/db_impl_write.cc:1373] [usertable] New memtable created with log file: #42. Immutable memtables: 22.
2018/11/16-13:27:37.554117 7f49157ed700 [WARN] [db/column_family.cc:779] [usertable] Stalling writes because we have 23 immutable memtables (waiting for flush), max_write_buffer_number is set to 24 rate 16777216
2018/11/16-13:27:39.292954 7f48de7fc700 [db/db_impl_compaction_flush.cc:80] [JOB 4] Syncing log #13
2018/11/16-13:27:39.293807 7f478e7fc700 EVENT_LOG_v1 {"time_micros": 1542403659293786, "cf_name": "usertable", "job": 2, "event": "table_file_creation", "file_number": 11, "file_size": 257984345, "table_properties": {"data_size": 256838162, "index_size": 1145256, "filter_size": 0, "raw_key_size": 1495056, "raw_average_key_size": 24, "raw_value_size": 255156224, "raw_average_value_size": 4096, "num_data_blocks": 31147, "num_entries": 62294, "filter_policy_name": "", "kDeletedKeys": "0", "kMergeOperands": "0"}}
2018/11/16-13:27:39.293835 7f478e7fc700 [db/flush_job.cc:371] [usertable] [JOB 2] Level-0 flush table #11: 257984345 bytes OK
2018/11/16-13:27:39.429616 7f478e7fc700 (Original Log Time 2018/11/16-13:27:39.293856) [db/memtable_list.cc:377] [usertable] Level-0 commit table #11 started
2018/11/16-13:27:39.429621 7f478e7fc700 (Original Log Time 2018/11/16-13:27:39.429432) [db/memtable_list.cc:409] [usertable] Level-0 commit table #11: memtable #1 done
2018/11/16-13:27:39.429623 7f478e7fc700 (Original Log Time 2018/11/16-13:27:39.429443) [db/memtable_list.cc:409] [usertable] Level-0 commit table #11: memtable #2 done
2018/11/16-13:27:39.429624 7f478e7fc700 (Original Log Time 2018/11/16-13:27:39.429515) EVENT_LOG_v1 {"time_micros": 1542403659429454, "job": 2, "event": "flush_finished", "output_compression": "NoCompression", "lsm_state": [1, 0, 0, 0, 0, 0, 0], "immutable_memtables": 21}
2018/11/16-13:27:39.429626 7f478e7fc700 (Original Log Time 2018/11/16-13:27:39.429567) [db/db_impl_compaction_flush.cc:177] [usertable] Level summary: base level 1 max bytes base 536870912 files[1 0 0 0 0 0 0] max score 0.50
2018/11/16-13:27:39.429639 7f478e7fc700 [db/db_impl_files.cc:347] [JOB 2] Try to delete WAL files size 256702022, prev total WAL file size 2963360456, number of live WAL files 24.
2018/11/16-13:27:39.618259 7f49158ee700 [db/db_impl_write.cc:1373] [usertable] New memtable created with log file: #43. Immutable memtables: 21.
2018/11/16-13:27:39.837570 7f4915af0700 [db/db_impl_write.cc:1373] [usertable] New memtable created with log file: #45. Immutable memtables: 22.
2018/11/16-13:27:39.837594 7f4915af0700 [WARN] [db/column_family.cc:779] [usertable] Stalling writes because we have 23 immutable memtables (waiting for flush), max_write_buffer_number is set to 24 rate 16777216
2018/11/16-13:27:40.680872 7f48de7fc700 [db/db_impl_compaction_flush.cc:80] [JOB 4] Syncing log #15
2018/11/16-13:27:41.582103 7f48de7fc700 (Original Log Time 2018/11/16-13:27:33.576406) [db/db_impl_compaction_flush.cc:1424] Calling FlushMemTableToOutputFile with column family [usertable], flush slots available 24, compaction slots available 1, flush slots scheduled 3, compaction slots scheduled 0
2018/11/16-13:27:41.582114 7f48de7fc700 [db/flush_job.cc:301] [usertable] [JOB 4] Flushing memtable with next log file: 15
2018/11/16-13:27:41.582120 7f48de7fc700 [db/flush_job.cc:301] [usertable] [JOB 4] Flushing memtable with next log file: 16
2018/11/16-13:27:41.582161 7f48de7fc700 EVENT_LOG_v1 {"time_micros": 1542403661582139, "job": 4, "event": "flush_started", "num_memtables": 2, "num_entries": 62191, "num_deletes": 0, "memory_usage": 257796552, "flush_reason": "Write Buffer Full"}
2018/11/16-13:27:41.582167 7f48de7fc700 [db/flush_job.cc:331] [usertable] [JOB 4] Level-0 flush table #17: started
2018/11/16-13:27:41.582191 7f48ddffb700 [db/db_impl_compaction_flush.cc:80] [JOB 5] Syncing log #16
2018/11/16-13:27:41.582307 7f48deffd700 (Original Log Time 2018/11/16-13:27:32.967243) [db/db_impl_compaction_flush.cc:1424] Calling FlushMemTableToOutputFile with column family [usertable], flush slots available 24, compaction slots available 1, flush slots scheduled 2, compaction slots scheduled 0
2018/11/16-13:27:41.582315 7f48deffd700 [db/flush_job.cc:301] [usertable] [JOB 3] Flushing memtable with next log file: 12
2018/11/16-13:27:41.582321 7f48deffd700 [db/flush_job.cc:301] [usertable] [JOB 3] Flushing memtable with next log file: 13
2018/11/16-13:27:41.582362 7f48deffd700 EVENT_LOG_v1 {"time_micros": 1542403661582354, "job": 3, "event": "flush_started", "num_memtables": 2, "num_entries": 62567, "num_deletes": 0, "memory_usage": 259341048, "flush_reason": "Write Buffer Full"}
2018/11/16-13:27:41.582369 7f48deffd700 [db/flush_job.cc:331] [usertable] [JOB 3] Level-0 flush table #14: started
2018/11/16-13:27:46.573152 7f4915ef4700 [db/db_impl_write.cc:1373] [usertable] New memtable created with log file: #46. Immutable memtables: 23.
2018/11/16-13:27:46.573198 7f4915ef4700 [WARN] [db/column_family.cc:743] [usertable] Stopping writes because we have 24 immutable memtables (waiting for flush), max_write_buffer_number is set to 24
2018/11/16-13:27:46.702566 7f48ddffb700 [db/db_impl_compaction_flush.cc:80] [JOB 5] Syncing log #18
2018/11/16-13:27:47.928505 7f48ddffb700 (Original Log Time 2018/11/16-13:27:34.028032) [db/db_impl_compaction_flush.cc:1424] Calling FlushMemTableToOutputFile with column family [usertable], flush slots available 24, compaction slots available 1, flush slots scheduled 4, compaction slots scheduled 0
2018/11/16-13:27:47.928514 7f48ddffb700 [db/flush_job.cc:301] [usertable] [JOB 5] Flushing memtable with next log file: 18
2018/11/16-13:27:47.928521 7f48ddffb700 [db/flush_job.cc:301] [usertable] [JOB 5] Flushing memtable with next log file: 19
2018/11/16-13:27:47.928549 7f48dd7fa700 [db/db_impl_compaction_flush.cc:80] [JOB 6] Syncing log #19
2018/11/16-13:27:47.928555 7f48ddffb700 EVENT_LOG_v1 {"time_micros": 1542403667928544, "job": 5, "event": "flush_started", "num_memtables": 2, "num_entries": 62768, "num_deletes": 0, "memory_usage": 260167368, "flush_reason": "Write Buffer Full"}
2018/11/16-13:27:47.928562 7f48ddffb700 [db/flush_job.cc:331] [usertable] [JOB 5] Level-0 flush table #20: started
2018/11/16-13:27:50.056950 7f48deffd700 EVENT_LOG_v1 {"time_micros": 1542403670056928, "cf_name": "usertable", "job": 3, "event": "table_file_creation", "file_number": 14, "file_size": 259114974, "table_properties": {"data_size": 257963755, "index_size": 1150292, "filter_size": 0, "raw_key_size": 1501608, "raw_average_key_size": 24, "raw_value_size": 256274432, "raw_average_value_size": 4096, "num_data_blocks": 31284, "num_entries": 62567, "filter_policy_name": "", "kDeletedKeys": "0", "kMergeOperands": "0"}}
2018/11/16-13:27:50.056978 7f48deffd700 [db/flush_job.cc:371] [usertable] [JOB 3] Level-0 flush table #14: 259114974 bytes OK
2018/11/16-13:27:50.221612 7f48ddffb700 EVENT_LOG_v1 {"time_micros": 1542403670221593, "cf_name": "usertable", "job": 5, "event": "table_file_creation", "file_number": 20, "file_size": 259947362, "table_properties": {"data_size": 258792464, "index_size": 1153971, "filter_size": 0, "raw_key_size": 1506432, "raw_average_key_size": 24, "raw_value_size": 257097728, "raw_average_value_size": 4096, "num_data_blocks": 31384, "num_entries": 62768, "filter_policy_name": "", "kDeletedKeys": "0", "kMergeOperands": "0"}}
2018/11/16-13:27:50.221630 7f48ddffb700 [db/flush_job.cc:371] [usertable] [JOB 5] Level-0 flush table #20: 259947362 bytes OK
2018/11/16-13:27:50.221667 7f48ddffb700 [WARN] [db/column_family.cc:743] [usertable] Stopping writes because we have 24 immutable memtables (waiting for flush), max_write_buffer_number is set to 24
2018/11/16-13:27:50.221697 7f48ddffb700 (Original Log Time 2018/11/16-13:27:50.221653) EVENT_LOG_v1 {"time_micros": 1542403670221644, "job": 5, "event": "flush_finished", "output_compression": "NoCompression", "lsm_state": [1, 0, 0, 0, 0, 0, 0], "immutable_memtables": 24}
2018/11/16-13:27:50.221699 7f48ddffb700 (Original Log Time 2018/11/16-13:27:50.221681) [db/db_impl_compaction_flush.cc:177] [usertable] Level summary: base level 1 max bytes base 536870912 files[1 0 0 0 0 0 0] max score 0.50
2018/11/16-13:27:50.562943 7f48de7fc700 EVENT_LOG_v1 {"time_micros": 1542403670562929, "cf_name": "usertable", "job": 4, "event": "table_file_creation", "file_number": 17, "file_size": 257571632, "table_properties": {"data_size": 256420417, "index_size": 1150288, "filter_size": 0, "raw_key_size": 1492584, "raw_average_key_size": 24, "raw_value_size": 254734336, "raw_average_value_size": 4096, "num_data_blocks": 31096, "num_entries": 62191, "filter_policy_name": "", "kDeletedKeys": "0", "kMergeOperands": "0"}}
2018/11/16-13:27:50.562957 7f48de7fc700 [db/flush_job.cc:371] [usertable] [JOB 4] Level-0 flush table #17: 257571632 bytes OK
2018/11/16-13:27:50.562976 7f48de7fc700 [WARN] [db/column_family.cc:743] [usertable] Stopping writes because we have 24 immutable memtables (waiting for flush), max_write_buffer_number is set to 24
2018/11/16-13:27:50.562991 7f48de7fc700 (Original Log Time 2018/11/16-13:27:50.562972) EVENT_LOG_v1 {"time_micros": 1542403670562967, "job": 4, "event": "flush_finished", "output_compression": "NoCompression", "lsm_state": [1, 0, 0, 0, 0, 0, 0], "immutable_memtables": 24}
2018/11/16-13:27:50.562993 7f48de7fc700 (Original Log Time 2018/11/16-13:27:50.562983) [db/db_impl_compaction_flush.cc:177] [usertable] Level summary: base level 1 max bytes base 536870912 files[1 0 0 0 0 0 0] max score 0.50
2018/11/16-13:27:50.617529 7f48dd7fa700 [db/db_impl_compaction_flush.cc:80] [JOB 6] Syncing log #21
2018/11/16-13:27:50.936143 7f48deffd700 [db/column_family.cc:837] [usertable] Increasing compaction threads because we have 4 level-0 files 
2018/11/16-13:27:50.936190 7f48deffd700 (Original Log Time 2018/11/16-13:27:50.056993) [db/memtable_list.cc:377] [usertable] Level-0 commit table #14 started
2018/11/16-13:27:50.936194 7f48deffd700 (Original Log Time 2018/11/16-13:27:50.617595) [db/memtable_list.cc:409] [usertable] Level-0 commit table #14: memtable #1 done
2018/11/16-13:27:50.936198 7f48deffd700 (Original Log Time 2018/11/16-13:27:50.617597) [db/memtable_list.cc:409] [usertable] Level-0 commit table #14: memtable #2 done
2018/11/16-13:27:50.936201 7f48deffd700 (Original Log Time 2018/11/16-13:27:50.617601) [db/memtable_list.cc:377] [usertable] Level-0 commit table #17 started
2018/11/16-13:27:50.936204 7f48deffd700 (Original Log Time 2018/11/16-13:27:50.617601) [db/memtable_list.cc:377] [usertable] Level-0 commit table #20 started
2018/11/16-13:27:50.936208 7f48deffd700 (Original Log Time 2018/11/16-13:27:50.936119) [db/memtable_list.cc:409] [usertable] Level-0 commit table #17: memtable #1 done
2018/11/16-13:27:50.936211 7f48deffd700 (Original Log Time 2018/11/16-13:27:50.936122) [db/memtable_list.cc:409] [usertable] Level-0 commit table #17: memtable #2 done
2018/11/16-13:27:50.936213 7f48deffd700 (Original Log Time 2018/11/16-13:27:50.936122) [db/memtable_list.cc:409] [usertable] Level-0 commit table #20: memtable #3 done
2018/11/16-13:27:50.936216 7f48deffd700 (Original Log Time 2018/11/16-13:27:50.936123) [db/memtable_list.cc:409] [usertable] Level-0 commit table #20: memtable #4 done
2018/11/16-13:27:50.936218 7f48deffd700 (Original Log Time 2018/11/16-13:27:50.936138) EVENT_LOG_v1 {"time_micros": 1542403670936133, "job": 3, "event": "flush_finished", "output_compression": "NoCompression", "lsm_state": [4, 0, 0, 0, 0, 0, 0], "immutable_memtables": 18}
2018/11/16-13:27:50.936221 7f48deffd700 (Original Log Time 2018/11/16-13:27:50.936173) [db/db_impl_compaction_flush.cc:177] [usertable] Level summary: base level 1 max bytes base 536870912 files[4 0 0 0 0 0 0] max score 2.00
2018/11/16-13:27:50.936241 7f48deffd700 [db/db_impl_files.cc:347] [JOB 3] Try to delete WAL files size 772664150, prev total WAL file size 3042910280, number of live WAL files 25.
2018/11/16-13:27:50.936557 7f490cffe700 [WARN] [db/db_impl.cc:491] ------- DUMPING STATS -------
2018/11/16-13:27:50.936608 7f490cffe700 [WARN] [db/db_impl.cc:492] 
** DB Stats **
Uptime(secs): 19.2 total, 19.2 interval
Cumulative writes: 800K writes, 800K keys, 203K commit groups, 3.9 writes per commit group, ingest: 3.07 GB, 164.04 MB/s
Cumulative WAL: 800K writes, 0 syncs, 800866.00 writes per sync, written: 3.07 GB, 164.04 MB/s
