2018/11/16-10:42:19.124079 7f72e4ae4700 RocksDB version: 5.14.3
2018/11/16-10:42:19.124130 7f72e4ae4700 Git sha rocksdb_build_git_sha:
2018/11/16-10:42:19.124132 7f72e4ae4700 Compile date Oct 15 2018
2018/11/16-10:42:19.124135 7f72e4ae4700 DB SUMMARY
2018/11/16-10:42:19.124155 7f72e4ae4700 SST files in /mnt/sdb/ycsb-rocksdb-data dir, Total Num: 0, files: 
2018/11/16-10:42:19.124158 7f72e4ae4700 Write Ahead Log file in /mnt/sdb/ycsb-rocksdb-data: 
2018/11/16-10:42:19.124160 7f72e4ae4700                         Options.error_if_exists: 0
2018/11/16-10:42:19.124161 7f72e4ae4700                       Options.create_if_missing: 1
2018/11/16-10:42:19.124162 7f72e4ae4700                         Options.paranoid_checks: 1
2018/11/16-10:42:19.124163 7f72e4ae4700                                     Options.env: 0x7f72dfbde3e0
2018/11/16-10:42:19.124164 7f72e4ae4700                                Options.info_log: 0x7f72003ca290
2018/11/16-10:42:19.124165 7f72e4ae4700                Options.max_file_opening_threads: 16
2018/11/16-10:42:19.124166 7f72e4ae4700                              Options.statistics: (nil)
2018/11/16-10:42:19.124167 7f72e4ae4700                               Options.use_fsync: 0
2018/11/16-10:42:19.124167 7f72e4ae4700                       Options.max_log_file_size: 0
2018/11/16-10:42:19.124168 7f72e4ae4700                  Options.max_manifest_file_size: 18446744073709551615
2018/11/16-10:42:19.124169 7f72e4ae4700                   Options.log_file_time_to_roll: 0
2018/11/16-10:42:19.124170 7f72e4ae4700                       Options.keep_log_file_num: 1000
2018/11/16-10:42:19.124171 7f72e4ae4700                    Options.recycle_log_file_num: 0
2018/11/16-10:42:19.124172 7f72e4ae4700                         Options.allow_fallocate: 1
2018/11/16-10:42:19.124173 7f72e4ae4700                        Options.allow_mmap_reads: 0
2018/11/16-10:42:19.124174 7f72e4ae4700                       Options.allow_mmap_writes: 0
2018/11/16-10:42:19.124174 7f72e4ae4700                        Options.use_direct_reads: 0
2018/11/16-10:42:19.124175 7f72e4ae4700                        Options.use_direct_io_for_flush_and_compaction: 0
2018/11/16-10:42:19.124176 7f72e4ae4700          Options.create_missing_column_families: 1
2018/11/16-10:42:19.124177 7f72e4ae4700                              Options.db_log_dir: 
2018/11/16-10:42:19.124178 7f72e4ae4700                                 Options.wal_dir: /mnt/sdb/ycsb-rocksdb-data
2018/11/16-10:42:19.124179 7f72e4ae4700                Options.table_cache_numshardbits: 6
2018/11/16-10:42:19.124180 7f72e4ae4700                      Options.max_subcompactions: 4
2018/11/16-10:42:19.124180 7f72e4ae4700                  Options.max_background_flushes: 24
2018/11/16-10:42:19.124181 7f72e4ae4700                         Options.WAL_ttl_seconds: 0
2018/11/16-10:42:19.124182 7f72e4ae4700                       Options.WAL_size_limit_MB: 0
2018/11/16-10:42:19.124183 7f72e4ae4700             Options.manifest_preallocation_size: 4194304
2018/11/16-10:42:19.124184 7f72e4ae4700                     Options.is_fd_close_on_exec: 1
2018/11/16-10:42:19.124184 7f72e4ae4700                   Options.advise_random_on_open: 1
2018/11/16-10:42:19.124185 7f72e4ae4700                    Options.db_write_buffer_size: 0
2018/11/16-10:42:19.124186 7f72e4ae4700                    Options.write_buffer_manager: 0x7f72003c8550
2018/11/16-10:42:19.124187 7f72e4ae4700         Options.access_hint_on_compaction_start: 1
2018/11/16-10:42:19.124188 7f72e4ae4700  Options.new_table_reader_for_compaction_inputs: 0
2018/11/16-10:42:19.124189 7f72e4ae4700           Options.random_access_max_buffer_size: 1048576
2018/11/16-10:42:19.124189 7f72e4ae4700                      Options.use_adaptive_mutex: 0
2018/11/16-10:42:19.124190 7f72e4ae4700                            Options.rate_limiter: (nil)
2018/11/16-10:42:19.124192 7f72e4ae4700     Options.sst_file_manager.rate_bytes_per_sec: 0
2018/11/16-10:42:19.124193 7f72e4ae4700                       Options.wal_recovery_mode: 2
2018/11/16-10:42:19.124194 7f72e4ae4700                  Options.enable_thread_tracking: 0
2018/11/16-10:42:19.124195 7f72e4ae4700                  Options.enable_pipelined_write: 1
2018/11/16-10:42:19.124203 7f72e4ae4700         Options.allow_concurrent_memtable_write: 1
2018/11/16-10:42:19.124205 7f72e4ae4700      Options.enable_write_thread_adaptive_yield: 1
2018/11/16-10:42:19.124205 7f72e4ae4700             Options.write_thread_max_yield_usec: 100
2018/11/16-10:42:19.124206 7f72e4ae4700            Options.write_thread_slow_yield_usec: 3
2018/11/16-10:42:19.124207 7f72e4ae4700                               Options.row_cache: None
2018/11/16-10:42:19.124208 7f72e4ae4700                              Options.wal_filter: None
2018/11/16-10:42:19.124209 7f72e4ae4700             Options.avoid_flush_during_recovery: 0
2018/11/16-10:42:19.124210 7f72e4ae4700             Options.allow_ingest_behind: 0
2018/11/16-10:42:19.124211 7f72e4ae4700             Options.preserve_deletes: 0
2018/11/16-10:42:19.124211 7f72e4ae4700             Options.two_write_queues: 0
2018/11/16-10:42:19.124212 7f72e4ae4700             Options.manual_wal_flush: 0
2018/11/16-10:42:19.124214 7f72e4ae4700             Options.max_background_jobs: 24
2018/11/16-10:42:19.124215 7f72e4ae4700             Options.max_background_compactions: 24
2018/11/16-10:42:19.124216 7f72e4ae4700             Options.avoid_flush_during_shutdown: 0
2018/11/16-10:42:19.124217 7f72e4ae4700           Options.writable_file_max_buffer_size: 1048576
2018/11/16-10:42:19.124217 7f72e4ae4700             Options.delayed_write_rate : 16777216
2018/11/16-10:42:19.124218 7f72e4ae4700             Options.max_total_wal_size: 0
2018/11/16-10:42:19.124219 7f72e4ae4700             Options.delete_obsolete_files_period_micros: 21600000000
2018/11/16-10:42:19.124220 7f72e4ae4700                   Options.stats_dump_period_sec: 60
2018/11/16-10:42:19.124221 7f72e4ae4700                          Options.max_open_files: -1
2018/11/16-10:42:19.124222 7f72e4ae4700                          Options.bytes_per_sync: 1048576
2018/11/16-10:42:19.124223 7f72e4ae4700                      Options.wal_bytes_per_sync: 0
2018/11/16-10:42:19.124223 7f72e4ae4700       Options.compaction_readahead_size: 0
2018/11/16-10:42:19.124224 7f72e4ae4700 Compression algorithms supported:
2018/11/16-10:42:19.124226 7f72e4ae4700 	kZSTDNotFinalCompression supported: 1
2018/11/16-10:42:19.124232 7f72e4ae4700 	kZSTD supported: 1
2018/11/16-10:42:19.124233 7f72e4ae4700 	kXpressCompression supported: 0
2018/11/16-10:42:19.124234 7f72e4ae4700 	kLZ4HCCompression supported: 1
2018/11/16-10:42:19.124235 7f72e4ae4700 	kLZ4Compression supported: 1
2018/11/16-10:42:19.124236 7f72e4ae4700 	kBZip2Compression supported: 1
2018/11/16-10:42:19.124237 7f72e4ae4700 	kZlibCompression supported: 1
2018/11/16-10:42:19.124238 7f72e4ae4700 	kSnappyCompression supported: 1
2018/11/16-10:42:19.124241 7f72e4ae4700 Fast CRC32 supported: Supported on x86
2018/11/16-10:42:19.124309 7f72e4ae4700 [db/db_impl_open.cc:222] Creating manifest 1 
2018/11/16-10:42:19.222460 7f72e4ae4700 [db/version_set.cc:3085] Recovering from manifest file: MANIFEST-000001
2018/11/16-10:42:19.222542 7f72e4ae4700 [db/column_family.cc:475] --------------- Options for column family [default]:
2018/11/16-10:42:19.222545 7f72e4ae4700               Options.comparator: leveldb.BytewiseComparator
2018/11/16-10:42:19.222546 7f72e4ae4700           Options.merge_operator: None
2018/11/16-10:42:19.222547 7f72e4ae4700        Options.compaction_filter: None
2018/11/16-10:42:19.222548 7f72e4ae4700        Options.compaction_filter_factory: None
2018/11/16-10:42:19.222549 7f72e4ae4700         Options.memtable_factory: SkipListFactory
2018/11/16-10:42:19.222550 7f72e4ae4700            Options.table_factory: BlockBasedTable
2018/11/16-10:42:19.222577 7f72e4ae4700            table_factory options:   flush_block_policy_factory: FlushBlockBySizePolicyFactory (0x7f720038b240)
  cache_index_and_filter_blocks: 0
  cache_index_and_filter_blocks_with_high_priority: 0
  pin_l0_filter_and_index_blocks_in_cache: 0
  index_type: 0
  hash_index_allow_collision: 1
  checksum: 1
  no_block_cache: 0
  block_cache: 0x7f720038fd70
  block_cache_name: LRUCache
  block_cache_options:
    capacity : 8388608
    num_shard_bits : 4
    strict_capacity_limit : 0
    high_pri_pool_ratio: 0.000
  block_cache_compressed: (nil)
  persistent_cache: (nil)
  block_size: 8192
  block_size_deviation: 10
  block_restart_interval: 16
  index_block_restart_interval: 1
  metadata_block_size: 4096
  partition_filters: 0
  use_delta_encoding: 1
  filter_policy: nullptr
  whole_key_filtering: 1
  verify_compression: 0
  read_amp_bytes_per_bit: 0
  format_version: 2
  enable_index_compression: 1
  block_align: 0
2018/11/16-10:42:19.222591 7f72e4ae4700        Options.write_buffer_size: 134217728
2018/11/16-10:42:19.222593 7f72e4ae4700  Options.max_write_buffer_number: 24
2018/11/16-10:42:19.222594 7f72e4ae4700        Options.compression[0]: NoCompression
2018/11/16-10:42:19.222595 7f72e4ae4700        Options.compression[1]: NoCompression
2018/11/16-10:42:19.222596 7f72e4ae4700        Options.compression[2]: LZ4
2018/11/16-10:42:19.222597 7f72e4ae4700        Options.compression[3]: LZ4
2018/11/16-10:42:19.222598 7f72e4ae4700        Options.compression[4]: LZ4
2018/11/16-10:42:19.222599 7f72e4ae4700        Options.compression[5]: LZ4
2018/11/16-10:42:19.222600 7f72e4ae4700        Options.compression[6]: LZ4
2018/11/16-10:42:19.222600 7f72e4ae4700                  Options.bottommost_compression: Disabled
2018/11/16-10:42:19.222602 7f72e4ae4700       Options.prefix_extractor: nullptr
2018/11/16-10:42:19.222602 7f72e4ae4700   Options.memtable_insert_with_hint_prefix_extractor: nullptr
2018/11/16-10:42:19.222603 7f72e4ae4700             Options.num_levels: 7
2018/11/16-10:42:19.222604 7f72e4ae4700        Options.min_write_buffer_number_to_merge: 2
2018/11/16-10:42:19.222605 7f72e4ae4700     Options.max_write_buffer_number_to_maintain: 0
2018/11/16-10:42:19.222606 7f72e4ae4700            Options.compression_opts.window_bits: -14
2018/11/16-10:42:19.222607 7f72e4ae4700                  Options.compression_opts.level: -1
2018/11/16-10:42:19.222608 7f72e4ae4700               Options.compression_opts.strategy: 0
2018/11/16-10:42:19.222609 7f72e4ae4700         Options.compression_opts.max_dict_bytes: 0
2018/11/16-10:42:19.222610 7f72e4ae4700         Options.compression_opts.zstd_max_train_bytes: 0
2018/11/16-10:42:19.222611 7f72e4ae4700      Options.level0_file_num_compaction_trigger: 2
2018/11/16-10:42:19.222612 7f72e4ae4700          Options.level0_slowdown_writes_trigger: 20
2018/11/16-10:42:19.222612 7f72e4ae4700              Options.level0_stop_writes_trigger: 36
2018/11/16-10:42:19.222613 7f72e4ae4700                   Options.target_file_size_base: 67108864
2018/11/16-10:42:19.222614 7f72e4ae4700             Options.target_file_size_multiplier: 1
2018/11/16-10:42:19.222615 7f72e4ae4700                Options.max_bytes_for_level_base: 536870912
2018/11/16-10:42:19.222616 7f72e4ae4700 Options.level_compaction_dynamic_level_bytes: 0
2018/11/16-10:42:19.222617 7f72e4ae4700          Options.max_bytes_for_level_multiplier: 10.000000
2018/11/16-10:42:19.222619 7f72e4ae4700 Options.max_bytes_for_level_multiplier_addtl[0]: 1
2018/11/16-10:42:19.222620 7f72e4ae4700 Options.max_bytes_for_level_multiplier_addtl[1]: 1
2018/11/16-10:42:19.222621 7f72e4ae4700 Options.max_bytes_for_level_multiplier_addtl[2]: 1
2018/11/16-10:42:19.222622 7f72e4ae4700 Options.max_bytes_for_level_multiplier_addtl[3]: 1
2018/11/16-10:42:19.222623 7f72e4ae4700 Options.max_bytes_for_level_multiplier_addtl[4]: 1
2018/11/16-10:42:19.222624 7f72e4ae4700 Options.max_bytes_for_level_multiplier_addtl[5]: 1
2018/11/16-10:42:19.222625 7f72e4ae4700 Options.max_bytes_for_level_multiplier_addtl[6]: 1
2018/11/16-10:42:19.222626 7f72e4ae4700       Options.max_sequential_skip_in_iterations: 8
2018/11/16-10:42:19.222626 7f72e4ae4700                    Options.max_compaction_bytes: 1677721600
2018/11/16-10:42:19.222627 7f72e4ae4700                        Options.arena_block_size: 16777216
2018/11/16-10:42:19.222628 7f72e4ae4700   Options.soft_pending_compaction_bytes_limit: 68719476736
2018/11/16-10:42:19.222629 7f72e4ae4700   Options.hard_pending_compaction_bytes_limit: 274877906944
2018/11/16-10:42:19.222636 7f72e4ae4700       Options.rate_limit_delay_max_milliseconds: 100
2018/11/16-10:42:19.222637 7f72e4ae4700                Options.disable_auto_compactions: 0
2018/11/16-10:42:19.222639 7f72e4ae4700                        Options.compaction_style: kCompactionStyleLevel
2018/11/16-10:42:19.222640 7f72e4ae4700                          Options.compaction_pri: kByCompensatedSize
2018/11/16-10:42:19.222641 7f72e4ae4700 Options.compaction_options_universal.size_ratio: 1
2018/11/16-10:42:19.222642 7f72e4ae4700 Options.compaction_options_universal.min_merge_width: 2
2018/11/16-10:42:19.222643 7f72e4ae4700 Options.compaction_options_universal.max_merge_width: 4294967295
2018/11/16-10:42:19.222643 7f72e4ae4700 Options.compaction_options_universal.max_size_amplification_percent: 200
2018/11/16-10:42:19.222644 7f72e4ae4700 Options.compaction_options_universal.compression_size_percent: -1
2018/11/16-10:42:19.222646 7f72e4ae4700 Options.compaction_options_universal.stop_style: kCompactionStopStyleTotalSize
2018/11/16-10:42:19.222647 7f72e4ae4700 Options.compaction_options_fifo.max_table_files_size: 1073741824
2018/11/16-10:42:19.222647 7f72e4ae4700 Options.compaction_options_fifo.allow_compaction: 0
2018/11/16-10:42:19.222648 7f72e4ae4700 Options.compaction_options_fifo.ttl: 0
2018/11/16-10:42:19.222649 7f72e4ae4700                   Options.table_properties_collectors: 
2018/11/16-10:42:19.222650 7f72e4ae4700                   Options.inplace_update_support: 0
2018/11/16-10:42:19.222651 7f72e4ae4700                 Options.inplace_update_num_locks: 10000
2018/11/16-10:42:19.222652 7f72e4ae4700               Options.memtable_prefix_bloom_size_ratio: 0.000000
2018/11/16-10:42:19.222653 7f72e4ae4700   Options.memtable_huge_page_size: 0
2018/11/16-10:42:19.222654 7f72e4ae4700                           Options.bloom_locality: 0
2018/11/16-10:42:19.222655 7f72e4ae4700                    Options.max_successive_merges: 0
2018/11/16-10:42:19.222656 7f72e4ae4700                Options.optimize_filters_for_hits: 0
2018/11/16-10:42:19.222657 7f72e4ae4700                Options.paranoid_file_checks: 0
2018/11/16-10:42:19.222658 7f72e4ae4700                Options.force_consistency_checks: 0
2018/11/16-10:42:19.222658 7f72e4ae4700                Options.report_bg_io_stats: 0
2018/11/16-10:42:19.222659 7f72e4ae4700                               Options.ttl: 0
2018/11/16-10:42:19.223490 7f72e4ae4700 [db/version_set.cc:3361] Recovered from manifest file:/mnt/sdb/ycsb-rocksdb-data/MANIFEST-000001 succeeded,manifest_file_number is 1, next_file_number is 3, last_sequence is 0, log_number is 0,prev_log_number is 0,max_column_family is 0,min_log_number_to_keep is 0
2018/11/16-10:42:19.223499 7f72e4ae4700 [db/version_set.cc:3369] Column family [default] (ID 0), log number is 0
2018/11/16-10:42:19.223774 7f72e4ae4700 [db/version_set.cc:2847] Creating manifest 4
2018/11/16-10:42:19.294329 7f72e4ae4700 [db/column_family.cc:475] --------------- Options for column family [usertable]:
2018/11/16-10:42:19.294333 7f72e4ae4700               Options.comparator: leveldb.BytewiseComparator
2018/11/16-10:42:19.294334 7f72e4ae4700           Options.merge_operator: None
2018/11/16-10:42:19.294335 7f72e4ae4700        Options.compaction_filter: None
2018/11/16-10:42:19.294336 7f72e4ae4700        Options.compaction_filter_factory: None
2018/11/16-10:42:19.294337 7f72e4ae4700         Options.memtable_factory: SkipListFactory
2018/11/16-10:42:19.294338 7f72e4ae4700            Options.table_factory: BlockBasedTable
2018/11/16-10:42:19.294368 7f72e4ae4700            table_factory options:   flush_block_policy_factory: FlushBlockBySizePolicyFactory (0x7f720038b220)
  cache_index_and_filter_blocks: 0
  cache_index_and_filter_blocks_with_high_priority: 0
  pin_l0_filter_and_index_blocks_in_cache: 0
  index_type: 0
  hash_index_allow_collision: 1
  checksum: 1
  no_block_cache: 0
  block_cache: 0x7f720038bd80
  block_cache_name: LRUCache
  block_cache_options:
    capacity : 8388608
    num_shard_bits : 4
    strict_capacity_limit : 0
    high_pri_pool_ratio: 0.000
  block_cache_compressed: (nil)
  persistent_cache: (nil)
  block_size: 8192
  block_size_deviation: 10
  block_restart_interval: 16
  index_block_restart_interval: 1
  metadata_block_size: 4096
  partition_filters: 0
  use_delta_encoding: 1
  filter_policy: nullptr
  whole_key_filtering: 1
  verify_compression: 0
  read_amp_bytes_per_bit: 0
  format_version: 2
  enable_index_compression: 1
  block_align: 0
2018/11/16-10:42:19.294372 7f72e4ae4700        Options.write_buffer_size: 134217728
2018/11/16-10:42:19.294373 7f72e4ae4700  Options.max_write_buffer_number: 24
2018/11/16-10:42:19.294374 7f72e4ae4700        Options.compression[0]: NoCompression
2018/11/16-10:42:19.294375 7f72e4ae4700        Options.compression[1]: NoCompression
2018/11/16-10:42:19.294376 7f72e4ae4700        Options.compression[2]: LZ4
2018/11/16-10:42:19.294377 7f72e4ae4700        Options.compression[3]: LZ4
2018/11/16-10:42:19.294377 7f72e4ae4700        Options.compression[4]: LZ4
2018/11/16-10:42:19.294378 7f72e4ae4700        Options.compression[5]: LZ4
2018/11/16-10:42:19.294379 7f72e4ae4700        Options.compression[6]: LZ4
2018/11/16-10:42:19.294380 7f72e4ae4700                  Options.bottommost_compression: Disabled
2018/11/16-10:42:19.294381 7f72e4ae4700       Options.prefix_extractor: nullptr
2018/11/16-10:42:19.294382 7f72e4ae4700   Options.memtable_insert_with_hint_prefix_extractor: nullptr
2018/11/16-10:42:19.294383 7f72e4ae4700             Options.num_levels: 7
2018/11/16-10:42:19.294384 7f72e4ae4700        Options.min_write_buffer_number_to_merge: 2
2018/11/16-10:42:19.294385 7f72e4ae4700     Options.max_write_buffer_number_to_maintain: 0
2018/11/16-10:42:19.294385 7f72e4ae4700            Options.compression_opts.window_bits: -14
2018/11/16-10:42:19.294386 7f72e4ae4700                  Options.compression_opts.level: -1
2018/11/16-10:42:19.294387 7f72e4ae4700               Options.compression_opts.strategy: 0
2018/11/16-10:42:19.294388 7f72e4ae4700         Options.compression_opts.max_dict_bytes: 0
2018/11/16-10:42:19.294389 7f72e4ae4700         Options.compression_opts.zstd_max_train_bytes: 0
2018/11/16-10:42:19.294390 7f72e4ae4700      Options.level0_file_num_compaction_trigger: 2
2018/11/16-10:42:19.294390 7f72e4ae4700          Options.level0_slowdown_writes_trigger: 20
2018/11/16-10:42:19.294391 7f72e4ae4700              Options.level0_stop_writes_trigger: 36
2018/11/16-10:42:19.294392 7f72e4ae4700                   Options.target_file_size_base: 67108864
2018/11/16-10:42:19.294393 7f72e4ae4700             Options.target_file_size_multiplier: 1
2018/11/16-10:42:19.294394 7f72e4ae4700                Options.max_bytes_for_level_base: 536870912
2018/11/16-10:42:19.294395 7f72e4ae4700 Options.level_compaction_dynamic_level_bytes: 0
2018/11/16-10:42:19.294396 7f72e4ae4700          Options.max_bytes_for_level_multiplier: 10.000000
2018/11/16-10:42:19.294398 7f72e4ae4700 Options.max_bytes_for_level_multiplier_addtl[0]: 1
2018/11/16-10:42:19.294413 7f72e4ae4700 Options.max_bytes_for_level_multiplier_addtl[1]: 1
2018/11/16-10:42:19.294414 7f72e4ae4700 Options.max_bytes_for_level_multiplier_addtl[2]: 1
2018/11/16-10:42:19.294415 7f72e4ae4700 Options.max_bytes_for_level_multiplier_addtl[3]: 1
2018/11/16-10:42:19.294416 7f72e4ae4700 Options.max_bytes_for_level_multiplier_addtl[4]: 1
2018/11/16-10:42:19.294417 7f72e4ae4700 Options.max_bytes_for_level_multiplier_addtl[5]: 1
2018/11/16-10:42:19.294418 7f72e4ae4700 Options.max_bytes_for_level_multiplier_addtl[6]: 1
2018/11/16-10:42:19.294418 7f72e4ae4700       Options.max_sequential_skip_in_iterations: 8
2018/11/16-10:42:19.294419 7f72e4ae4700                    Options.max_compaction_bytes: 1677721600
2018/11/16-10:42:19.294420 7f72e4ae4700                        Options.arena_block_size: 16777216
2018/11/16-10:42:19.294421 7f72e4ae4700   Options.soft_pending_compaction_bytes_limit: 68719476736
2018/11/16-10:42:19.294422 7f72e4ae4700   Options.hard_pending_compaction_bytes_limit: 274877906944
2018/11/16-10:42:19.294423 7f72e4ae4700       Options.rate_limit_delay_max_milliseconds: 100
2018/11/16-10:42:19.294424 7f72e4ae4700                Options.disable_auto_compactions: 0
2018/11/16-10:42:19.294425 7f72e4ae4700                        Options.compaction_style: kCompactionStyleLevel
2018/11/16-10:42:19.294427 7f72e4ae4700                          Options.compaction_pri: kByCompensatedSize
2018/11/16-10:42:19.294428 7f72e4ae4700 Options.compaction_options_universal.size_ratio: 1
2018/11/16-10:42:19.294428 7f72e4ae4700 Options.compaction_options_universal.min_merge_width: 2
2018/11/16-10:42:19.294429 7f72e4ae4700 Options.compaction_options_universal.max_merge_width: 4294967295
2018/11/16-10:42:19.294430 7f72e4ae4700 Options.compaction_options_universal.max_size_amplification_percent: 200
2018/11/16-10:42:19.294431 7f72e4ae4700 Options.compaction_options_universal.compression_size_percent: -1
2018/11/16-10:42:19.294432 7f72e4ae4700 Options.compaction_options_universal.stop_style: kCompactionStopStyleTotalSize
2018/11/16-10:42:19.294433 7f72e4ae4700 Options.compaction_options_fifo.max_table_files_size: 1073741824
2018/11/16-10:42:19.294434 7f72e4ae4700 Options.compaction_options_fifo.allow_compaction: 0
2018/11/16-10:42:19.294435 7f72e4ae4700 Options.compaction_options_fifo.ttl: 0
2018/11/16-10:42:19.294436 7f72e4ae4700                   Options.table_properties_collectors: 
2018/11/16-10:42:19.294437 7f72e4ae4700                   Options.inplace_update_support: 0
2018/11/16-10:42:19.294438 7f72e4ae4700                 Options.inplace_update_num_locks: 10000
2018/11/16-10:42:19.294439 7f72e4ae4700               Options.memtable_prefix_bloom_size_ratio: 0.000000
2018/11/16-10:42:19.294440 7f72e4ae4700   Options.memtable_huge_page_size: 0
2018/11/16-10:42:19.294441 7f72e4ae4700                           Options.bloom_locality: 0
2018/11/16-10:42:19.294442 7f72e4ae4700                    Options.max_successive_merges: 0
2018/11/16-10:42:19.294443 7f72e4ae4700                Options.optimize_filters_for_hits: 0
2018/11/16-10:42:19.294443 7f72e4ae4700                Options.paranoid_file_checks: 0
2018/11/16-10:42:19.294444 7f72e4ae4700                Options.force_consistency_checks: 0
2018/11/16-10:42:19.294445 7f72e4ae4700                Options.report_bg_io_stats: 0
2018/11/16-10:42:19.294446 7f72e4ae4700                               Options.ttl: 0
2018/11/16-10:42:19.294494 7f72e4ae4700 [db/db_impl.cc:1396] Created column family [usertable] (ID 1)
2018/11/16-10:42:19.459341 7f72e4ae4700 [db/db_impl_open.cc:1219] DB pointer 0x7f72003ca900
2018/11/16-10:42:19.764475 7f72e48e2700 [db/db_impl_write.cc:1373] [usertable] New memtable created with log file: #9. Immutable memtables: 0.
2018/11/16-10:42:20.021588 7f72e49e3700 [db/db_impl_write.cc:1373] [usertable] New memtable created with log file: #10. Immutable memtables: 1.
2018/11/16-10:42:20.021725 7f72a7fff700 [db/db_impl_compaction_flush.cc:80] [JOB 2] Syncing log #3
2018/11/16-10:42:20.257959 7f72e47e1700 [db/db_impl_write.cc:1373] [usertable] New memtable created with log file: #12. Immutable memtables: 2.
2018/11/16-10:42:20.509702 7f72e44de700 [db/db_impl_write.cc:1373] [usertable] New memtable created with log file: #13. Immutable memtables: 3.
2018/11/16-10:42:20.769393 7f72e47e1700 [db/db_impl_write.cc:1373] [usertable] New memtable created with log file: #15. Immutable memtables: 4.
2018/11/16-10:42:20.969964 7f72a7fff700 [db/db_impl_compaction_flush.cc:80] [JOB 2] Syncing log #9
2018/11/16-10:42:21.088614 7f72e49e3700 [db/db_impl_write.cc:1373] [usertable] New memtable created with log file: #16. Immutable memtables: 5.
2018/11/16-10:42:21.332926 7f72e49e3700 [db/db_impl_write.cc:1373] [usertable] New memtable created with log file: #18. Immutable memtables: 6.
2018/11/16-10:42:21.576633 7f72e42dc700 [db/db_impl_write.cc:1373] [usertable] New memtable created with log file: #19. Immutable memtables: 7.
2018/11/16-10:42:21.687193 7f72a7fff700 (Original Log Time 2018/11/16-10:42:20.021670) [db/db_impl_compaction_flush.cc:1424] Calling FlushMemTableToOutputFile with column family [usertable], flush slots available 24, compaction slots available 1, flush slots scheduled 1, compaction slots scheduled 0
2018/11/16-10:42:21.687208 7f72a7fff700 [db/flush_job.cc:301] [usertable] [JOB 2] Flushing memtable with next log file: 9
2018/11/16-10:42:21.687220 7f72a7fff700 [db/flush_job.cc:301] [usertable] [JOB 2] Flushing memtable with next log file: 10
2018/11/16-10:42:21.687263 7f72c4ff9700 [db/db_impl_compaction_flush.cc:80] [JOB 4] Syncing log #10
2018/11/16-10:42:21.687276 7f72a7fff700 EVENT_LOG_v1 {"time_micros": 1542393741687252, "job": 2, "event": "flush_started", "num_memtables": 2, "num_entries": 61068, "num_deletes": 0, "memory_usage": 253147944, "flush_reason": "Write Buffer Full"}
2018/11/16-10:42:21.687288 7f72a7fff700 [db/flush_job.cc:331] [usertable] [JOB 2] Level-0 flush table #11: started
2018/11/16-10:42:21.807295 7f72e48e2700 [db/db_impl_write.cc:1373] [usertable] New memtable created with log file: #21. Immutable memtables: 8.
2018/11/16-10:42:22.097102 7f72e4ae4700 [db/db_impl_write.cc:1373] [usertable] New memtable created with log file: #22. Immutable memtables: 9.
2018/11/16-10:42:22.314087 7f72e4ae4700 [db/db_impl_write.cc:1373] [usertable] New memtable created with log file: #24. Immutable memtables: 10.
2018/11/16-10:42:22.506066 7f72e45df700 [db/db_impl_write.cc:1373] [usertable] New memtable created with log file: #25. Immutable memtables: 11.
2018/11/16-10:42:22.740661 7f72e45df700 [db/db_impl_write.cc:1373] [usertable] New memtable created with log file: #27. Immutable memtables: 12.
2018/11/16-10:42:22.943474 7f72e44de700 [db/db_impl_write.cc:1373] [usertable] New memtable created with log file: #28. Immutable memtables: 13.
2018/11/16-10:42:23.148781 7f72e4ae4700 [db/db_impl_write.cc:1373] [usertable] New memtable created with log file: #30. Immutable memtables: 14.
2018/11/16-10:42:23.336754 7f72c4ff9700 [db/db_impl_compaction_flush.cc:80] [JOB 4] Syncing log #12
2018/11/16-10:42:23.394005 7f72e49e3700 [db/db_impl_write.cc:1373] [usertable] New memtable created with log file: #31. Immutable memtables: 15.
2018/11/16-10:42:23.595757 7f72e45df700 [db/db_impl_write.cc:1373] [usertable] New memtable created with log file: #33. Immutable memtables: 16.
2018/11/16-10:42:23.819398 7f72e42dc700 [db/db_impl_write.cc:1373] [usertable] New memtable created with log file: #34. Immutable memtables: 17.
2018/11/16-10:42:24.042954 7f72e47e1700 [db/db_impl_write.cc:1373] [usertable] New memtable created with log file: #36. Immutable memtables: 18.
2018/11/16-10:42:24.267170 7f72e45df700 [db/db_impl_write.cc:1373] [usertable] New memtable created with log file: #37. Immutable memtables: 19.
2018/11/16-10:42:24.491631 7f72e43dd700 [db/db_impl_write.cc:1373] [usertable] New memtable created with log file: #39. Immutable memtables: 20.
2018/11/16-10:42:24.713950 7f72e46e0700 [db/db_impl_write.cc:1373] [usertable] New memtable created with log file: #40. Immutable memtables: 21.
2018/11/16-10:42:24.937735 7f72e44de700 [db/db_impl_write.cc:1373] [usertable] New memtable created with log file: #42. Immutable memtables: 22.
2018/11/16-10:42:24.937765 7f72e44de700 [WARN] [db/column_family.cc:779] [usertable] Stalling writes because we have 23 immutable memtables (waiting for flush), max_write_buffer_number is set to 24 rate 16777216
2018/11/16-10:42:27.615755 7f72c4ff9700 [db/db_impl_compaction_flush.cc:80] [JOB 4] Syncing log #13
2018/11/16-10:42:27.616606 7f72a7fff700 EVENT_LOG_v1 {"time_micros": 1542393747616582, "cf_name": "usertable", "job": 2, "event": "table_file_creation", "file_number": 11, "file_size": 252907002, "table_properties": {"data_size": 251783364, "index_size": 1122711, "filter_size": 0, "raw_key_size": 1465632, "raw_average_key_size": 24, "raw_value_size": 250134528, "raw_average_value_size": 4096, "num_data_blocks": 30534, "num_entries": 61068, "filter_policy_name": "", "kDeletedKeys": "0", "kMergeOperands": "0"}}
2018/11/16-10:42:27.616635 7f72a7fff700 [db/flush_job.cc:371] [usertable] [JOB 2] Level-0 flush table #11: 252907002 bytes OK
2018/11/16-10:42:28.776595 7f72a7fff700 (Original Log Time 2018/11/16-10:42:27.616658) [db/memtable_list.cc:377] [usertable] Level-0 commit table #11 started
2018/11/16-10:42:28.776599 7f72a7fff700 (Original Log Time 2018/11/16-10:42:28.776471) [db/memtable_list.cc:409] [usertable] Level-0 commit table #11: memtable #1 done
2018/11/16-10:42:28.776601 7f72a7fff700 (Original Log Time 2018/11/16-10:42:28.776489) [db/memtable_list.cc:409] [usertable] Level-0 commit table #11: memtable #2 done
2018/11/16-10:42:28.776602 7f72a7fff700 (Original Log Time 2018/11/16-10:42:28.776529) EVENT_LOG_v1 {"time_micros": 1542393748776508, "job": 2, "event": "flush_finished", "output_compression": "NoCompression", "lsm_state": [1, 0, 0, 0, 0, 0, 0], "immutable_memtables": 21}
2018/11/16-10:42:28.776604 7f72a7fff700 (Original Log Time 2018/11/16-10:42:28.776558) [db/db_impl_compaction_flush.cc:177] [usertable] Level summary: base level 1 max bytes base 536870912 files[1 0 0 0 0 0 0] max score 0.50
2018/11/16-10:42:28.776615 7f72a7fff700 [db/db_impl_files.cc:347] [JOB 2] Try to delete WAL files size 251650896, prev total WAL file size 2908159055, number of live WAL files 24.
2018/11/16-10:42:28.886300 7f72e49e3700 [db/db_impl_write.cc:1373] [usertable] New memtable created with log file: #43. Immutable memtables: 21.
2018/11/16-10:42:29.014145 7f72c4ff9700 [db/db_impl_compaction_flush.cc:80] [JOB 4] Syncing log #15
2018/11/16-10:42:29.101417 7f72e43dd700 [db/db_impl_write.cc:1373] [usertable] New memtable created with log file: #45. Immutable memtables: 22.
2018/11/16-10:42:29.101438 7f72e43dd700 [WARN] [db/column_family.cc:779] [usertable] Stalling writes because we have 23 immutable memtables (waiting for flush), max_write_buffer_number is set to 24 rate 16777216
2018/11/16-10:42:30.132952 7f72c4ff9700 (Original Log Time 2018/11/16-10:42:21.088670) [db/db_impl_compaction_flush.cc:1424] Calling FlushMemTableToOutputFile with column family [usertable], flush slots available 24, compaction slots available 1, flush slots scheduled 3, compaction slots scheduled 0
2018/11/16-10:42:30.132962 7f72c4ff9700 [db/flush_job.cc:301] [usertable] [JOB 4] Flushing memtable with next log file: 15
2018/11/16-10:42:30.132983 7f72c4ff9700 [db/flush_job.cc:301] [usertable] [JOB 4] Flushing memtable with next log file: 16
2018/11/16-10:42:30.133008 7f72bffff700 [db/db_impl_compaction_flush.cc:80] [JOB 5] Syncing log #16
2018/11/16-10:42:30.133021 7f72c4ff9700 EVENT_LOG_v1 {"time_micros": 1542393750133011, "job": 4, "event": "flush_started", "num_memtables": 2, "num_entries": 62181, "num_deletes": 0, "memory_usage": 257759384, "flush_reason": "Write Buffer Full"}
2018/11/16-10:42:30.133027 7f72c4ff9700 [db/flush_job.cc:331] [usertable] [JOB 4] Level-0 flush table #17: started
2018/11/16-10:42:30.133125 7f72c57fa700 (Original Log Time 2018/11/16-10:42:20.509760) [db/db_impl_compaction_flush.cc:1424] Calling FlushMemTableToOutputFile with column family [usertable], flush slots available 24, compaction slots available 1, flush slots scheduled 2, compaction slots scheduled 0
2018/11/16-10:42:30.133135 7f72c57fa700 [db/flush_job.cc:301] [usertable] [JOB 3] Flushing memtable with next log file: 12
2018/11/16-10:42:30.133142 7f72c57fa700 [db/flush_job.cc:301] [usertable] [JOB 3] Flushing memtable with next log file: 13
2018/11/16-10:42:30.133179 7f72c57fa700 EVENT_LOG_v1 {"time_micros": 1542393750133169, "job": 3, "event": "flush_started", "num_memtables": 2, "num_entries": 59002, "num_deletes": 0, "memory_usage": 253115032, "flush_reason": "Write Buffer Full"}
2018/11/16-10:42:30.133195 7f72c57fa700 [db/flush_job.cc:331] [usertable] [JOB 3] Level-0 flush table #14: started
2018/11/16-10:42:32.753216 7f72bffff700 [db/db_impl_compaction_flush.cc:80] [JOB 5] Syncing log #18
2018/11/16-10:42:34.982981 7f72bffff700 (Original Log Time 2018/11/16-10:42:21.576685) [db/db_impl_compaction_flush.cc:1424] Calling FlushMemTableToOutputFile with column family [usertable], flush slots available 24, compaction slots available 1, flush slots scheduled 4, compaction slots scheduled 0
2018/11/16-10:42:34.983004 7f72bffff700 [db/flush_job.cc:301] [usertable] [JOB 5] Flushing memtable with next log file: 18
2018/11/16-10:42:34.983011 7f72bffff700 [db/flush_job.cc:301] [usertable] [JOB 5] Flushing memtable with next log file: 19
2018/11/16-10:42:34.983045 7f72bffff700 EVENT_LOG_v1 {"time_micros": 1542393754983037, "job": 5, "event": "flush_started", "num_memtables": 2, "num_entries": 59267, "num_deletes": 0, "memory_usage": 252082808, "flush_reason": "Write Buffer Full"}
2018/11/16-10:42:34.983051 7f72bffff700 [db/flush_job.cc:331] [usertable] [JOB 5] Level-0 flush table #20: started
2018/11/16-10:42:34.983072 7f72bf7fe700 [db/db_impl_compaction_flush.cc:80] [JOB 6] Syncing log #19
2018/11/16-10:42:36.129946 7f72bf7fe700 [db/db_impl_compaction_flush.cc:80] [JOB 6] Syncing log #21
2018/11/16-10:42:36.800516 7f72e47e1700 [db/db_impl_write.cc:1373] [usertable] New memtable created with log file: #46. Immutable memtables: 23.
2018/11/16-10:42:36.800543 7f72e47e1700 [WARN] [db/column_family.cc:743] [usertable] Stopping writes because we have 24 immutable memtables (waiting for flush), max_write_buffer_number is set to 24
2018/11/16-10:42:38.096239 7f72bf7fe700 (Original Log Time 2018/11/16-10:42:22.097167) [db/db_impl_compaction_flush.cc:1424] Calling FlushMemTableToOutputFile with column family [usertable], flush slots available 24, compaction slots available 1, flush slots scheduled 5, compaction slots scheduled 0
2018/11/16-10:42:38.096247 7f72bf7fe700 [db/flush_job.cc:301] [usertable] [JOB 6] Flushing memtable with next log file: 21
2018/11/16-10:42:38.096254 7f72bf7fe700 [db/flush_job.cc:301] [usertable] [JOB 6] Flushing memtable with next log file: 22
2018/11/16-10:42:38.096255 7f72beffd700 [db/db_impl_compaction_flush.cc:80] [JOB 7] Syncing log #22
2018/11/16-10:42:38.096281 7f72bf7fe700 EVENT_LOG_v1 {"time_micros": 1542393758096273, "job": 6, "event": "flush_started", "num_memtables": 2, "num_entries": 59065, "num_deletes": 0, "memory_usage": 253694768, "flush_reason": "Write Buffer Full"}
2018/11/16-10:42:38.096288 7f72bf7fe700 [db/flush_job.cc:331] [usertable] [JOB 6] Level-0 flush table #23: started
2018/11/16-10:42:42.356842 7f72beffd700 [db/db_impl_compaction_flush.cc:80] [JOB 7] Syncing log #24
2018/11/16-10:42:42.357557 7f72c57fa700 EVENT_LOG_v1 {"time_micros": 1542393762357538, "cf_name": "usertable", "job": 3, "event": "table_file_creation", "file_number": 14, "file_size": 244350890, "table_properties": {"data_size": 243265246, "index_size": 1084717, "filter_size": 0, "raw_key_size": 1416048, "raw_average_key_size": 24, "raw_value_size": 241672192, "raw_average_value_size": 4096, "num_data_blocks": 29501, "num_entries": 59002, "filter_policy_name": "", "kDeletedKeys": "0", "kMergeOperands": "0"}}
2018/11/16-10:42:42.357575 7f72c57fa700 [db/flush_job.cc:371] [usertable] [JOB 3] Level-0 flush table #14: 244350890 bytes OK
2018/11/16-10:42:43.602888 7f72c4ff9700 EVENT_LOG_v1 {"time_micros": 1542393763602867, "cf_name": "usertable", "job": 4, "event": "table_file_creation", "file_number": 17, "file_size": 257516399, "table_properties": {"data_size": 256372277, "index_size": 1143195, "filter_size": 0, "raw_key_size": 1492344, "raw_average_key_size": 24, "raw_value_size": 254693376, "raw_average_value_size": 4096, "num_data_blocks": 31091, "num_entries": 62181, "filter_policy_name": "", "kDeletedKeys": "0", "kMergeOperands": "0"}}
2018/11/16-10:42:43.602908 7f72c4ff9700 [db/flush_job.cc:371] [usertable] [JOB 4] Level-0 flush table #17: 257516399 bytes OK
2018/11/16-10:42:43.602945 7f72c4ff9700 [WARN] [db/column_family.cc:743] [usertable] Stopping writes because we have 24 immutable memtables (waiting for flush), max_write_buffer_number is set to 24
2018/11/16-10:42:43.602984 7f72c4ff9700 (Original Log Time 2018/11/16-10:42:43.602931) EVENT_LOG_v1 {"time_micros": 1542393763602924, "job": 4, "event": "flush_finished", "output_compression": "NoCompression", "lsm_state": [1, 0, 0, 0, 0, 0, 0], "immutable_memtables": 24}
2018/11/16-10:42:43.602986 7f72c4ff9700 (Original Log Time 2018/11/16-10:42:43.602958) [db/db_impl_compaction_flush.cc:177] [usertable] Level summary: base level 1 max bytes base 536870912 files[1 0 0 0 0 0 0] max score 0.50
2018/11/16-10:42:44.181413 7f72bffff700 EVENT_LOG_v1 {"time_micros": 1542393764181391, "cf_name": "usertable", "job": 5, "event": "table_file_creation", "file_number": 20, "file_size": 245461561, "table_properties": {"data_size": 244364440, "index_size": 1096194, "filter_size": 0, "raw_key_size": 1422408, "raw_average_key_size": 24, "raw_value_size": 242757632, "raw_average_value_size": 4096, "num_data_blocks": 29634, "num_entries": 59267, "filter_policy_name": "", "kDeletedKeys": "0", "kMergeOperands": "0"}}
2018/11/16-10:42:44.181415 7f72bf7fe700 EVENT_LOG_v1 {"time_micros": 1542393764181391, "cf_name": "usertable", "job": 6, "event": "table_file_creation", "file_number": 23, "file_size": 244611830, "table_properties": {"data_size": 243525009, "index_size": 1085894, "filter_size": 0, "raw_key_size": 1417560, "raw_average_key_size": 24, "raw_value_size": 241930240, "raw_average_value_size": 4096, "num_data_blocks": 29533, "num_entries": 59065, "filter_policy_name": "", "kDeletedKeys": "0", "kMergeOperands": "0"}}
2018/11/16-10:42:44.181423 7f72bf7fe700 [db/flush_job.cc:371] [usertable] [JOB 6] Level-0 flush table #23: 244611830 bytes OK
2018/11/16-10:42:44.181440 7f72bffff700 [db/flush_job.cc:371] [usertable] [JOB 5] Level-0 flush table #20: 245461561 bytes OK
2018/11/16-10:42:44.181480 7f72bf7fe700 [WARN] [db/column_family.cc:743] [usertable] Stopping writes because we have 24 immutable memtables (waiting for flush), max_write_buffer_number is set to 24
2018/11/16-10:42:44.181508 7f72bf7fe700 (Original Log Time 2018/11/16-10:42:44.181473) EVENT_LOG_v1 {"time_micros": 1542393764181466, "job": 6, "event": "flush_finished", "output_compression": "NoCompression", "lsm_state": [1, 0, 0, 0, 0, 0, 0], "immutable_memtables": 24}
2018/11/16-10:42:44.181510 7f72bf7fe700 (Original Log Time 2018/11/16-10:42:44.181493) [db/db_impl_compaction_flush.cc:177] [usertable] Level summary: base level 1 max bytes base 536870912 files[1 0 0 0 0 0 0] max score 0.50
2018/11/16-10:42:44.181525 7f72bffff700 [WARN] [db/column_family.cc:743] [usertable] Stopping writes because we have 24 immutable memtables (waiting for flush), max_write_buffer_number is set to 24
2018/11/16-10:42:44.181556 7f72bffff700 (Original Log Time 2018/11/16-10:42:44.181521) EVENT_LOG_v1 {"time_micros": 1542393764181516, "job": 5, "event": "flush_finished", "output_compression": "NoCompression", "lsm_state": [1, 0, 0, 0, 0, 0, 0], "immutable_memtables": 24}
2018/11/16-10:42:44.181559 7f72bffff700 (Original Log Time 2018/11/16-10:42:44.181533) [db/db_impl_compaction_flush.cc:177] [usertable] Level summary: base level 1 max bytes base 536870912 files[1 0 0 0 0 0 0] max score 0.50
2018/11/16-10:42:44.278429 7f72beffd700 (Original Log Time 2018/11/16-10:42:22.506161) [db/db_impl_compaction_flush.cc:1424] Calling FlushMemTableToOutputFile with column family [usertable], flush slots available 24, compaction slots available 1, flush slots scheduled 6, compaction slots scheduled 0
