2018/11/27-16:16:31.889123 7fe1810a2700 RocksDB version: 5.14.3
2018/11/27-16:16:31.889193 7fe1810a2700 Git sha rocksdb_build_git_sha:
2018/11/27-16:16:31.889196 7fe1810a2700 Compile date Nov 22 2018
2018/11/27-16:16:31.889200 7fe1810a2700 DB SUMMARY
2018/11/27-16:16:31.889835 7fe1810a2700 CURRENT file:  CURRENT
2018/11/27-16:16:31.889839 7fe1810a2700 IDENTITY file:  IDENTITY
2018/11/27-16:16:31.889851 7fe1810a2700 MANIFEST file:  MANIFEST-000004 size: 128325 Bytes
2018/11/27-16:16:31.889854 7fe1810a2700 SST files in /mnt/sda/ycsb-rocksdb-data dir, Total Num: 651, files: 000021.sst 000022.sst 000023.sst 000024.sst 000028.sst 000029.sst 000030.sst 000031.sst 000035.sst 
2018/11/27-16:16:31.889856 7fe1810a2700 Write Ahead Log file in /mnt/sda/ycsb-rocksdb-data: 001285.log size: 100545253 ; 001290.log size: 70292707 ; 
2018/11/27-16:16:31.889863 7fe1810a2700                         Options.error_if_exists: 0
2018/11/27-16:16:31.889864 7fe1810a2700                       Options.create_if_missing: 1
2018/11/27-16:16:31.889865 7fe1810a2700                         Options.paranoid_checks: 1
2018/11/27-16:16:31.889866 7fe1810a2700                                     Options.env: 0x7fe15bba12c0
2018/11/27-16:16:31.889867 7fe1810a2700                                Options.info_log: 0x7fe0bc3ba640
2018/11/27-16:16:31.889868 7fe1810a2700                Options.max_file_opening_threads: 16
2018/11/27-16:16:31.889869 7fe1810a2700                              Options.statistics: (nil)
2018/11/27-16:16:31.889870 7fe1810a2700                               Options.use_fsync: 0
2018/11/27-16:16:31.889871 7fe1810a2700                       Options.max_log_file_size: 0
2018/11/27-16:16:31.889872 7fe1810a2700                  Options.max_manifest_file_size: 18446744073709551615
2018/11/27-16:16:31.889873 7fe1810a2700                   Options.log_file_time_to_roll: 0
2018/11/27-16:16:31.889874 7fe1810a2700                       Options.keep_log_file_num: 1000
2018/11/27-16:16:31.889875 7fe1810a2700                    Options.recycle_log_file_num: 0
2018/11/27-16:16:31.889876 7fe1810a2700                         Options.allow_fallocate: 1
2018/11/27-16:16:31.889877 7fe1810a2700                        Options.allow_mmap_reads: 0
2018/11/27-16:16:31.889878 7fe1810a2700                       Options.allow_mmap_writes: 0
2018/11/27-16:16:31.889879 7fe1810a2700                        Options.use_direct_reads: 0
2018/11/27-16:16:31.889879 7fe1810a2700                        Options.use_direct_io_for_flush_and_compaction: 0
2018/11/27-16:16:31.889880 7fe1810a2700          Options.create_missing_column_families: 1
2018/11/27-16:16:31.889881 7fe1810a2700                              Options.db_log_dir: 
2018/11/27-16:16:31.889882 7fe1810a2700                                 Options.wal_dir: /mnt/sda/ycsb-rocksdb-data
2018/11/27-16:16:31.889883 7fe1810a2700                Options.table_cache_numshardbits: 6
2018/11/27-16:16:31.889884 7fe1810a2700                      Options.max_subcompactions: 4
2018/11/27-16:16:31.889885 7fe1810a2700                  Options.max_background_flushes: 24
2018/11/27-16:16:31.889886 7fe1810a2700                         Options.WAL_ttl_seconds: 0
2018/11/27-16:16:31.889887 7fe1810a2700                       Options.WAL_size_limit_MB: 0
2018/11/27-16:16:31.889888 7fe1810a2700             Options.manifest_preallocation_size: 4194304
2018/11/27-16:16:31.889889 7fe1810a2700                     Options.is_fd_close_on_exec: 1
2018/11/27-16:16:31.889890 7fe1810a2700                   Options.advise_random_on_open: 1
2018/11/27-16:16:31.889891 7fe1810a2700                    Options.db_write_buffer_size: 0
2018/11/27-16:16:31.889892 7fe1810a2700                    Options.write_buffer_manager: 0x7fe0bc3ba330
2018/11/27-16:16:31.889893 7fe1810a2700         Options.access_hint_on_compaction_start: 1
2018/11/27-16:16:31.889894 7fe1810a2700  Options.new_table_reader_for_compaction_inputs: 0
2018/11/27-16:16:31.889895 7fe1810a2700           Options.random_access_max_buffer_size: 1048576
2018/11/27-16:16:31.889896 7fe1810a2700                      Options.use_adaptive_mutex: 0
2018/11/27-16:16:31.889896 7fe1810a2700                            Options.rate_limiter: (nil)
2018/11/27-16:16:31.889913 7fe1810a2700     Options.sst_file_manager.rate_bytes_per_sec: 0
2018/11/27-16:16:31.889915 7fe1810a2700                       Options.wal_recovery_mode: 2
2018/11/27-16:16:31.889916 7fe1810a2700                  Options.enable_thread_tracking: 0
2018/11/27-16:16:31.889917 7fe1810a2700                  Options.enable_pipelined_write: 1
2018/11/27-16:16:31.889918 7fe1810a2700         Options.allow_concurrent_memtable_write: 1
2018/11/27-16:16:31.889919 7fe1810a2700      Options.enable_write_thread_adaptive_yield: 1
2018/11/27-16:16:31.889920 7fe1810a2700             Options.write_thread_max_yield_usec: 100
2018/11/27-16:16:31.889921 7fe1810a2700            Options.write_thread_slow_yield_usec: 3
2018/11/27-16:16:31.889922 7fe1810a2700                               Options.row_cache: None
2018/11/27-16:16:31.889923 7fe1810a2700                              Options.wal_filter: None
2018/11/27-16:16:31.889924 7fe1810a2700             Options.avoid_flush_during_recovery: 0
2018/11/27-16:16:31.889925 7fe1810a2700             Options.allow_ingest_behind: 0
2018/11/27-16:16:31.889926 7fe1810a2700             Options.preserve_deletes: 0
2018/11/27-16:16:31.889927 7fe1810a2700             Options.two_write_queues: 0
2018/11/27-16:16:31.889928 7fe1810a2700             Options.manual_wal_flush: 0
2018/11/27-16:16:31.889930 7fe1810a2700             Options.max_background_jobs: 24
2018/11/27-16:16:31.889931 7fe1810a2700             Options.max_background_compactions: 24
2018/11/27-16:16:31.889931 7fe1810a2700             Options.avoid_flush_during_shutdown: 0
2018/11/27-16:16:31.889932 7fe1810a2700           Options.writable_file_max_buffer_size: 1048576
2018/11/27-16:16:31.889933 7fe1810a2700             Options.delayed_write_rate : 16777216
2018/11/27-16:16:31.889934 7fe1810a2700             Options.max_total_wal_size: 0
2018/11/27-16:16:31.889935 7fe1810a2700             Options.delete_obsolete_files_period_micros: 21600000000
2018/11/27-16:16:31.889936 7fe1810a2700                   Options.stats_dump_period_sec: 60
2018/11/27-16:16:31.889937 7fe1810a2700                          Options.max_open_files: -1
2018/11/27-16:16:31.889938 7fe1810a2700                          Options.bytes_per_sync: 1048576
2018/11/27-16:16:31.889939 7fe1810a2700                      Options.wal_bytes_per_sync: 0
2018/11/27-16:16:31.889940 7fe1810a2700       Options.compaction_readahead_size: 0
2018/11/27-16:16:31.889941 7fe1810a2700 Compression algorithms supported:
2018/11/27-16:16:31.889942 7fe1810a2700 	kZSTDNotFinalCompression supported: 1
2018/11/27-16:16:31.889952 7fe1810a2700 	kZSTD supported: 1
2018/11/27-16:16:31.889954 7fe1810a2700 	kXpressCompression supported: 0
2018/11/27-16:16:31.889955 7fe1810a2700 	kLZ4HCCompression supported: 1
2018/11/27-16:16:31.889956 7fe1810a2700 	kLZ4Compression supported: 1
2018/11/27-16:16:31.889957 7fe1810a2700 	kBZip2Compression supported: 1
2018/11/27-16:16:31.889958 7fe1810a2700 	kZlibCompression supported: 1
2018/11/27-16:16:31.889959 7fe1810a2700 	kSnappyCompression supported: 1
2018/11/27-16:16:31.889965 7fe1810a2700 Fast CRC32 supported: Supported on x86
2018/11/27-16:16:31.890427 7fe1810a2700 [db/version_set.cc:3085] Recovering from manifest file: MANIFEST-000004
2018/11/27-16:16:31.890518 7fe1810a2700 [db/column_family.cc:475] --------------- Options for column family [default]:
2018/11/27-16:16:31.890522 7fe1810a2700               Options.comparator: leveldb.BytewiseComparator
2018/11/27-16:16:31.890523 7fe1810a2700           Options.merge_operator: None
2018/11/27-16:16:31.890524 7fe1810a2700        Options.compaction_filter: None
2018/11/27-16:16:31.890525 7fe1810a2700        Options.compaction_filter_factory: None
2018/11/27-16:16:31.890526 7fe1810a2700         Options.memtable_factory: SkipListFactory
2018/11/27-16:16:31.890527 7fe1810a2700            Options.table_factory: BlockBasedTable
2018/11/27-16:16:31.890554 7fe1810a2700            table_factory options:   flush_block_policy_factory: FlushBlockBySizePolicyFactory (0x7fe0bc373e30)
  cache_index_and_filter_blocks: 0
  cache_index_and_filter_blocks_with_high_priority: 0
  pin_l0_filter_and_index_blocks_in_cache: 0
  index_type: 0
  hash_index_allow_collision: 1
  checksum: 1
  no_block_cache: 0
  block_cache: 0x7fe0bc37fe30
  block_cache_name: LRUCache
  block_cache_options:
    capacity : 8388608
    num_shard_bits : 4
    strict_capacity_limit : 0
    high_pri_pool_ratio: 0.000
  block_cache_compressed: (nil)
  persistent_cache: (nil)
  block_size: 8192
  block_size_deviation: 10
  block_restart_interval: 16
  index_block_restart_interval: 1
  metadata_block_size: 4096
  partition_filters: 0
  use_delta_encoding: 1
  filter_policy: nullptr
  whole_key_filtering: 1
  verify_compression: 0
  read_amp_bytes_per_bit: 0
  format_version: 2
  enable_index_compression: 1
  block_align: 0
2018/11/27-16:16:31.890567 7fe1810a2700        Options.write_buffer_size: 134217728
2018/11/27-16:16:31.890569 7fe1810a2700  Options.max_write_buffer_number: 24
2018/11/27-16:16:31.890570 7fe1810a2700        Options.compression[0]: NoCompression
2018/11/27-16:16:31.890572 7fe1810a2700        Options.compression[1]: NoCompression
2018/11/27-16:16:31.890573 7fe1810a2700        Options.compression[2]: LZ4
2018/11/27-16:16:31.890574 7fe1810a2700        Options.compression[3]: LZ4
2018/11/27-16:16:31.890575 7fe1810a2700        Options.compression[4]: LZ4
2018/11/27-16:16:31.890576 7fe1810a2700        Options.compression[5]: LZ4
2018/11/27-16:16:31.890577 7fe1810a2700        Options.compression[6]: LZ4
2018/11/27-16:16:31.890578 7fe1810a2700                  Options.bottommost_compression: Disabled
2018/11/27-16:16:31.890579 7fe1810a2700       Options.prefix_extractor: nullptr
2018/11/27-16:16:31.890580 7fe1810a2700   Options.memtable_insert_with_hint_prefix_extractor: nullptr
2018/11/27-16:16:31.890581 7fe1810a2700             Options.num_levels: 7
2018/11/27-16:16:31.890582 7fe1810a2700        Options.min_write_buffer_number_to_merge: 2
2018/11/27-16:16:31.890582 7fe1810a2700     Options.max_write_buffer_number_to_maintain: 0
2018/11/27-16:16:31.890583 7fe1810a2700            Options.compression_opts.window_bits: -14
2018/11/27-16:16:31.890584 7fe1810a2700                  Options.compression_opts.level: -1
2018/11/27-16:16:31.890585 7fe1810a2700               Options.compression_opts.strategy: 0
2018/11/27-16:16:31.890586 7fe1810a2700         Options.compression_opts.max_dict_bytes: 0
2018/11/27-16:16:31.890587 7fe1810a2700         Options.compression_opts.zstd_max_train_bytes: 0
2018/11/27-16:16:31.890588 7fe1810a2700      Options.level0_file_num_compaction_trigger: 2
2018/11/27-16:16:31.890589 7fe1810a2700          Options.level0_slowdown_writes_trigger: 20
2018/11/27-16:16:31.890590 7fe1810a2700              Options.level0_stop_writes_trigger: 36
2018/11/27-16:16:31.890591 7fe1810a2700                   Options.target_file_size_base: 67108864
2018/11/27-16:16:31.890591 7fe1810a2700             Options.target_file_size_multiplier: 1
2018/11/27-16:16:31.890592 7fe1810a2700                Options.max_bytes_for_level_base: 536870912
2018/11/27-16:16:31.890593 7fe1810a2700 Options.level_compaction_dynamic_level_bytes: 0
2018/11/27-16:16:31.890594 7fe1810a2700          Options.max_bytes_for_level_multiplier: 10.000000
2018/11/27-16:16:31.890598 7fe1810a2700 Options.max_bytes_for_level_multiplier_addtl[0]: 1
2018/11/27-16:16:31.890599 7fe1810a2700 Options.max_bytes_for_level_multiplier_addtl[1]: 1
2018/11/27-16:16:31.890600 7fe1810a2700 Options.max_bytes_for_level_multiplier_addtl[2]: 1
2018/11/27-16:16:31.890601 7fe1810a2700 Options.max_bytes_for_level_multiplier_addtl[3]: 1
2018/11/27-16:16:31.890602 7fe1810a2700 Options.max_bytes_for_level_multiplier_addtl[4]: 1
2018/11/27-16:16:31.890603 7fe1810a2700 Options.max_bytes_for_level_multiplier_addtl[5]: 1
2018/11/27-16:16:31.890604 7fe1810a2700 Options.max_bytes_for_level_multiplier_addtl[6]: 1
2018/11/27-16:16:31.890604 7fe1810a2700       Options.max_sequential_skip_in_iterations: 8
2018/11/27-16:16:31.890605 7fe1810a2700                    Options.max_compaction_bytes: 1677721600
2018/11/27-16:16:31.890612 7fe1810a2700                        Options.arena_block_size: 16777216
2018/11/27-16:16:31.890614 7fe1810a2700   Options.soft_pending_compaction_bytes_limit: 68719476736
2018/11/27-16:16:31.890615 7fe1810a2700   Options.hard_pending_compaction_bytes_limit: 274877906944
2018/11/27-16:16:31.890616 7fe1810a2700       Options.rate_limit_delay_max_milliseconds: 100
2018/11/27-16:16:31.890617 7fe1810a2700                Options.disable_auto_compactions: 0
2018/11/27-16:16:31.890619 7fe1810a2700                        Options.compaction_style: kCompactionStyleLevel
2018/11/27-16:16:31.890621 7fe1810a2700                          Options.compaction_pri: kByCompensatedSize
2018/11/27-16:16:31.890622 7fe1810a2700 Options.compaction_options_universal.size_ratio: 1
2018/11/27-16:16:31.890623 7fe1810a2700 Options.compaction_options_universal.min_merge_width: 2
2018/11/27-16:16:31.890624 7fe1810a2700 Options.compaction_options_universal.max_merge_width: 4294967295
2018/11/27-16:16:31.890625 7fe1810a2700 Options.compaction_options_universal.max_size_amplification_percent: 200
2018/11/27-16:16:31.890626 7fe1810a2700 Options.compaction_options_universal.compression_size_percent: -1
2018/11/27-16:16:31.890628 7fe1810a2700 Options.compaction_options_universal.stop_style: kCompactionStopStyleTotalSize
2018/11/27-16:16:31.890629 7fe1810a2700 Options.compaction_options_fifo.max_table_files_size: 1073741824
2018/11/27-16:16:31.890630 7fe1810a2700 Options.compaction_options_fifo.allow_compaction: 0
2018/11/27-16:16:31.890631 7fe1810a2700 Options.compaction_options_fifo.ttl: 0
2018/11/27-16:16:31.890632 7fe1810a2700                   Options.table_properties_collectors: 
2018/11/27-16:16:31.890633 7fe1810a2700                   Options.inplace_update_support: 0
2018/11/27-16:16:31.890634 7fe1810a2700                 Options.inplace_update_num_locks: 10000
2018/11/27-16:16:31.890635 7fe1810a2700               Options.memtable_prefix_bloom_size_ratio: 0.000000
2018/11/27-16:16:31.890636 7fe1810a2700   Options.memtable_huge_page_size: 0
2018/11/27-16:16:31.890637 7fe1810a2700                           Options.bloom_locality: 0
2018/11/27-16:16:31.890638 7fe1810a2700                    Options.max_successive_merges: 0
2018/11/27-16:16:31.890639 7fe1810a2700                Options.optimize_filters_for_hits: 0
2018/11/27-16:16:31.890640 7fe1810a2700                Options.paranoid_file_checks: 0
2018/11/27-16:16:31.890641 7fe1810a2700                Options.force_consistency_checks: 0
2018/11/27-16:16:31.890642 7fe1810a2700                Options.report_bg_io_stats: 0
2018/11/27-16:16:31.890642 7fe1810a2700                               Options.ttl: 0
2018/11/27-16:16:31.891152 7fe1810a2700 [db/column_family.cc:475] --------------- Options for column family [usertable]:
2018/11/27-16:16:31.891155 7fe1810a2700               Options.comparator: leveldb.BytewiseComparator
2018/11/27-16:16:31.891157 7fe1810a2700           Options.merge_operator: None
2018/11/27-16:16:31.891157 7fe1810a2700        Options.compaction_filter: None
2018/11/27-16:16:31.891158 7fe1810a2700        Options.compaction_filter_factory: None
2018/11/27-16:16:31.891159 7fe1810a2700         Options.memtable_factory: SkipListFactory
2018/11/27-16:16:31.891160 7fe1810a2700            Options.table_factory: BlockBasedTable
2018/11/27-16:16:31.891183 7fe1810a2700            table_factory options:   flush_block_policy_factory: FlushBlockBySizePolicyFactory (0x7fe0bc373c00)
  cache_index_and_filter_blocks: 0
  cache_index_and_filter_blocks_with_high_priority: 0
  pin_l0_filter_and_index_blocks_in_cache: 0
  index_type: 0
  hash_index_allow_collision: 1
  checksum: 1
  no_block_cache: 0
  block_cache: 0x7fe0bc373860
  block_cache_name: LRUCache
  block_cache_options:
    capacity : 8388608
    num_shard_bits : 4
    strict_capacity_limit : 0
    high_pri_pool_ratio: 0.000
  block_cache_compressed: (nil)
  persistent_cache: (nil)
  block_size: 8192
  block_size_deviation: 10
  block_restart_interval: 16
  index_block_restart_interval: 1
  metadata_block_size: 4096
  partition_filters: 0
  use_delta_encoding: 1
  filter_policy: nullptr
  whole_key_filtering: 1
  verify_compression: 0
  read_amp_bytes_per_bit: 0
  format_version: 2
  enable_index_compression: 1
  block_align: 0
2018/11/27-16:16:31.891195 7fe1810a2700        Options.write_buffer_size: 134217728
2018/11/27-16:16:31.891196 7fe1810a2700  Options.max_write_buffer_number: 24
2018/11/27-16:16:31.891197 7fe1810a2700        Options.compression[0]: NoCompression
2018/11/27-16:16:31.891198 7fe1810a2700        Options.compression[1]: NoCompression
2018/11/27-16:16:31.891199 7fe1810a2700        Options.compression[2]: LZ4
2018/11/27-16:16:31.891200 7fe1810a2700        Options.compression[3]: LZ4
2018/11/27-16:16:31.891201 7fe1810a2700        Options.compression[4]: LZ4
2018/11/27-16:16:31.891202 7fe1810a2700        Options.compression[5]: LZ4
2018/11/27-16:16:31.891203 7fe1810a2700        Options.compression[6]: LZ4
2018/11/27-16:16:31.891204 7fe1810a2700                  Options.bottommost_compression: Disabled
2018/11/27-16:16:31.891205 7fe1810a2700       Options.prefix_extractor: nullptr
2018/11/27-16:16:31.891206 7fe1810a2700   Options.memtable_insert_with_hint_prefix_extractor: nullptr
2018/11/27-16:16:31.891207 7fe1810a2700             Options.num_levels: 7
2018/11/27-16:16:31.891208 7fe1810a2700        Options.min_write_buffer_number_to_merge: 2
2018/11/27-16:16:31.891209 7fe1810a2700     Options.max_write_buffer_number_to_maintain: 0
2018/11/27-16:16:31.891210 7fe1810a2700            Options.compression_opts.window_bits: -14
2018/11/27-16:16:31.891210 7fe1810a2700                  Options.compression_opts.level: -1
2018/11/27-16:16:31.891211 7fe1810a2700               Options.compression_opts.strategy: 0
2018/11/27-16:16:31.891212 7fe1810a2700         Options.compression_opts.max_dict_bytes: 0
2018/11/27-16:16:31.891213 7fe1810a2700         Options.compression_opts.zstd_max_train_bytes: 0
2018/11/27-16:16:31.891214 7fe1810a2700      Options.level0_file_num_compaction_trigger: 2
2018/11/27-16:16:31.891215 7fe1810a2700          Options.level0_slowdown_writes_trigger: 20
2018/11/27-16:16:31.891216 7fe1810a2700              Options.level0_stop_writes_trigger: 36
2018/11/27-16:16:31.891217 7fe1810a2700                   Options.target_file_size_base: 67108864
2018/11/27-16:16:31.891218 7fe1810a2700             Options.target_file_size_multiplier: 1
2018/11/27-16:16:31.891218 7fe1810a2700                Options.max_bytes_for_level_base: 536870912
2018/11/27-16:16:31.891219 7fe1810a2700 Options.level_compaction_dynamic_level_bytes: 0
2018/11/27-16:16:31.891220 7fe1810a2700          Options.max_bytes_for_level_multiplier: 10.000000
2018/11/27-16:16:31.891222 7fe1810a2700 Options.max_bytes_for_level_multiplier_addtl[0]: 1
2018/11/27-16:16:31.891223 7fe1810a2700 Options.max_bytes_for_level_multiplier_addtl[1]: 1
2018/11/27-16:16:31.891224 7fe1810a2700 Options.max_bytes_for_level_multiplier_addtl[2]: 1
2018/11/27-16:16:31.891225 7fe1810a2700 Options.max_bytes_for_level_multiplier_addtl[3]: 1
2018/11/27-16:16:31.891226 7fe1810a2700 Options.max_bytes_for_level_multiplier_addtl[4]: 1
2018/11/27-16:16:31.891227 7fe1810a2700 Options.max_bytes_for_level_multiplier_addtl[5]: 1
2018/11/27-16:16:31.891228 7fe1810a2700 Options.max_bytes_for_level_multiplier_addtl[6]: 1
2018/11/27-16:16:31.891229 7fe1810a2700       Options.max_sequential_skip_in_iterations: 8
2018/11/27-16:16:31.891230 7fe1810a2700                    Options.max_compaction_bytes: 1677721600
2018/11/27-16:16:31.891231 7fe1810a2700                        Options.arena_block_size: 16777216
2018/11/27-16:16:31.891232 7fe1810a2700   Options.soft_pending_compaction_bytes_limit: 68719476736
2018/11/27-16:16:31.891233 7fe1810a2700   Options.hard_pending_compaction_bytes_limit: 274877906944
2018/11/27-16:16:31.891234 7fe1810a2700       Options.rate_limit_delay_max_milliseconds: 100
2018/11/27-16:16:31.891235 7fe1810a2700                Options.disable_auto_compactions: 0
2018/11/27-16:16:31.891236 7fe1810a2700                        Options.compaction_style: kCompactionStyleLevel
2018/11/27-16:16:31.891243 7fe1810a2700                          Options.compaction_pri: kByCompensatedSize
2018/11/27-16:16:31.891244 7fe1810a2700 Options.compaction_options_universal.size_ratio: 1
2018/11/27-16:16:31.891245 7fe1810a2700 Options.compaction_options_universal.min_merge_width: 2
2018/11/27-16:16:31.891246 7fe1810a2700 Options.compaction_options_universal.max_merge_width: 4294967295
2018/11/27-16:16:31.891247 7fe1810a2700 Options.compaction_options_universal.max_size_amplification_percent: 200
2018/11/27-16:16:31.891248 7fe1810a2700 Options.compaction_options_universal.compression_size_percent: -1
2018/11/27-16:16:31.891249 7fe1810a2700 Options.compaction_options_universal.stop_style: kCompactionStopStyleTotalSize
2018/11/27-16:16:31.891250 7fe1810a2700 Options.compaction_options_fifo.max_table_files_size: 1073741824
2018/11/27-16:16:31.891251 7fe1810a2700 Options.compaction_options_fifo.allow_compaction: 0
2018/11/27-16:16:31.891252 7fe1810a2700 Options.compaction_options_fifo.ttl: 0
2018/11/27-16:16:31.891253 7fe1810a2700                   Options.table_properties_collectors: 
2018/11/27-16:16:31.891254 7fe1810a2700                   Options.inplace_update_support: 0
2018/11/27-16:16:31.891255 7fe1810a2700                 Options.inplace_update_num_locks: 10000
2018/11/27-16:16:31.891256 7fe1810a2700               Options.memtable_prefix_bloom_size_ratio: 0.000000
2018/11/27-16:16:31.891257 7fe1810a2700   Options.memtable_huge_page_size: 0
2018/11/27-16:16:31.891258 7fe1810a2700                           Options.bloom_locality: 0
2018/11/27-16:16:31.891259 7fe1810a2700                    Options.max_successive_merges: 0
2018/11/27-16:16:31.891260 7fe1810a2700                Options.optimize_filters_for_hits: 0
2018/11/27-16:16:31.891261 7fe1810a2700                Options.paranoid_file_checks: 0
2018/11/27-16:16:31.891262 7fe1810a2700                Options.force_consistency_checks: 0
2018/11/27-16:16:31.891263 7fe1810a2700                Options.report_bg_io_stats: 0
2018/11/27-16:16:31.891263 7fe1810a2700                               Options.ttl: 0
2018/11/27-16:16:32.390035 7fe1810a2700 [db/version_set.cc:3361] Recovered from manifest file:/mnt/sda/ycsb-rocksdb-data/MANIFEST-000004 succeeded,manifest_file_number is 4, next_file_number is 1291, last_sequence is 10419378, log_number is 0,prev_log_number is 0,max_column_family is 1,min_log_number_to_keep is 0
2018/11/27-16:16:32.390045 7fe1810a2700 [db/version_set.cc:3369] Column family [default] (ID 0), log number is 0
2018/11/27-16:16:32.390047 7fe1810a2700 [db/version_set.cc:3369] Column family [usertable] (ID 1), log number is 1285
2018/11/27-16:16:32.392054 7fe1810a2700 EVENT_LOG_v1 {"time_micros": 1543364192392044, "job": 1, "event": "recovery_started", "log_files": [1285, 1290]}
2018/11/27-16:16:32.392060 7fe1810a2700 [db/db_impl_open.cc:551] Recovering log #1285 mode 2
2018/11/27-16:16:32.666129 7fe1810a2700 [db/db_impl_open.cc:551] Recovering log #1290 mode 2
2018/11/27-16:16:33.266619 7fe1810a2700 EVENT_LOG_v1 {"time_micros": 1543364193266599, "cf_name": "usertable", "job": 1, "event": "table_file_creation", "file_number": 1291, "file_size": 129902323, "table_properties": {"data_size": 129321394, "index_size": 580007, "filter_size": 0, "raw_key_size": 752760, "raw_average_key_size": 24, "raw_value_size": 128471040, "raw_average_value_size": 4096, "num_data_blocks": 15683, "num_entries": 31365, "filter_policy_name": "", "kDeletedKeys": "0", "kMergeOperands": "0"}}
2018/11/27-16:16:33.384927 7fe1810a2700 [db/version_set.cc:2847] Creating manifest 1292
2018/11/27-16:16:34.193656 7fe1810a2700 EVENT_LOG_v1 {"time_micros": 1543364194193637, "cf_name": "usertable", "job": 1, "event": "table_file_creation", "file_number": 1293, "file_size": 41137107, "table_properties": {"data_size": 40953773, "index_size": 182413, "filter_size": 0, "raw_key_size": 238392, "raw_average_key_size": 24, "raw_value_size": 40685568, "raw_average_value_size": 4096, "num_data_blocks": 4967, "num_entries": 9933, "filter_policy_name": "", "kDeletedKeys": "0", "kMergeOperands": "0"}}
2018/11/27-16:16:34.313114 7fe1810a2700 EVENT_LOG_v1 {"time_micros": 1543364194313111, "job": 1, "event": "recovery_finished"}
2018/11/27-16:16:34.634023 7fe1810a2700 [db/db_impl_open.cc:1219] DB pointer 0x7fe0bc3bab00
2018/11/27-16:16:34.634347 7fe15b229700 [WARN] [db/db_impl.cc:491] ------- DUMPING STATS -------
2018/11/27-16:16:34.634394 7fe15b229700 [WARN] [db/db_impl.cc:492] 
** DB Stats **
Uptime(secs): 2.7 total, 2.7 interval
Cumulative writes: 0 writes, 0 keys, 0 commit groups, 0.0 writes per commit group, ingest: 0.00 GB, 0.00 MB/s
Cumulative WAL: 0 writes, 0 syncs, 0.00 writes per sync, written: 0.00 GB, 0.00 MB/s
Cumulative stall: 00:00:0.000 H:M:S, 0.0 percent
Interval writes: 0 writes, 0 keys, 0 commit groups, 0.0 writes per commit group, ingest: 0.00 MB, 0.00 MB/s
Interval WAL: 0 writes, 0 syncs, 0.00 writes per sync, written: 0.00 MB, 0.00 MB/s
Interval stall: 00:00:0.000 H:M:S, 0.0 percent

** Compaction Stats [default] **
Level    Files   Size     Score Read(GB)  Rn(GB) Rnp1(GB) Write(GB) Wnew(GB) Moved(GB) W-Amp Rd(MB/s) Wr(MB/s) Comp(sec) Comp(cnt) Avg(sec) KeyIn KeyDrop
----------------------------------------------------------------------------------------------------------------------------------------------------------
 Sum      0/0    0.00 KB   0.0      0.0     0.0      0.0       0.0      0.0       0.0   0.0      0.0      0.0         0         0    0.000       0      0
 Int      0/0    0.00 KB   0.0      0.0     0.0      0.0       0.0      0.0       0.0   0.0      0.0      0.0         0         0    0.000       0      0
Uptime(secs): 2.7 total, 2.7 interval
Flush(GB): cumulative 0.000, interval 0.000
AddFile(GB): cumulative 0.000, interval 0.000
AddFile(Total Files): cumulative 0, interval 0
AddFile(L0 Files): cumulative 0, interval 0
AddFile(Keys): cumulative 0, interval 0
Cumulative compaction: 0.00 GB write, 0.00 MB/s write, 0.00 GB read, 0.00 MB/s read, 0.0 seconds
Interval compaction: 0.00 GB write, 0.00 MB/s write, 0.00 GB read, 0.00 MB/s read, 0.0 seconds
Stalls(count): 0 level0_slowdown, 0 level0_slowdown_with_compaction, 0 level0_numfiles, 0 level0_numfiles_with_compaction, 0 stop for pending_compaction_bytes, 0 slowdown for pending_compaction_bytes, 0 memtable_compaction, 0 memtable_slowdown, interval 0 total count

** File Read Latency Histogram By Level [default] **

** Compaction Stats [usertable] **
Level    Files   Size     Score Read(GB)  Rn(GB) Rnp1(GB) Write(GB) Wnew(GB) Moved(GB) W-Amp Rd(MB/s) Wr(MB/s) Comp(sec) Comp(cnt) Avg(sec) KeyIn KeyDrop
----------------------------------------------------------------------------------------------------------------------------------------------------------
  L0      3/0   355.08 MB   1.5      0.0     0.0      0.0       0.2      0.2       0.0   1.0      0.0    140.3         1         2    0.581       0      0
  L1      2/0   383.93 MB   0.7      0.0     0.0      0.0       0.0      0.0       0.0   0.0      0.0      0.0         0         0    0.000       0      0
  L2     96/0    4.99 GB   1.0      0.0     0.0      0.0       0.0      0.0       0.0   0.0      0.0      0.0         0         0    0.000       0      0
  L3    552/0   34.47 GB   0.7      0.0     0.0      0.0       0.0      0.0       0.0   0.0      0.0      0.0         0         0    0.000       0      0
 Sum    653/0   40.18 GB   0.0      0.0     0.0      0.0       0.2      0.2       0.0   1.0      0.0    140.3         1         2    0.581       0      0
 Int      0/0    0.00 KB   0.0      0.0     0.0      0.0       0.2      0.2       0.0   1.0      0.0    140.3         1         2    0.581       0      0
Uptime(secs): 2.7 total, 2.7 interval
Flush(GB): cumulative 0.159, interval 0.159
AddFile(GB): cumulative 0.000, interval 0.000
AddFile(Total Files): cumulative 0, interval 0
AddFile(L0 Files): cumulative 0, interval 0
AddFile(Keys): cumulative 0, interval 0
Cumulative compaction: 0.16 GB write, 59.46 MB/s write, 0.00 GB read, 0.00 MB/s read, 1.2 seconds
Interval compaction: 0.16 GB write, 59.46 MB/s write, 0.00 GB read, 0.00 MB/s read, 1.2 seconds
Stalls(count): 0 level0_slowdown, 0 level0_slowdown_with_compaction, 0 level0_numfiles, 0 level0_numfiles_with_compaction, 0 stop for pending_compaction_bytes, 0 slowdown for pending_compaction_bytes, 0 memtable_compaction, 0 memtable_slowdown, interval 0 total count

** File Read Latency Histogram By Level [usertable] **

** Compaction Stats [default] **
Level    Files   Size     Score Read(GB)  Rn(GB) Rnp1(GB) Write(GB) Wnew(GB) Moved(GB) W-Amp Rd(MB/s) Wr(MB/s) Comp(sec) Comp(cnt) Avg(sec) KeyIn KeyDrop
----------------------------------------------------------------------------------------------------------------------------------------------------------
 Sum      0/0    0.00 KB   0.0      0.0     0.0      0.0       0.0      0.0       0.0   0.0      0.0      0.0         0         0    0.000       0      0
 Int      0/0    0.00 KB   0.0      0.0     0.0      0.0       0.0      0.0       0.0   0.0      0.0      0.0         0         0    0.000       0      0
Uptime(secs): 2.7 total, 0.0 interval
Flush(GB): cumulative 0.000, interval 0.000
AddFile(GB): cumulative 0.000, interval 0.000
AddFile(Total Files): cumulative 0, interval 0
AddFile(L0 Files): cumulative 0, interval 0
AddFile(Keys): cumulative 0, interval 0
Cumulative compaction: 0.00 GB write, 0.00 MB/s write, 0.00 GB read, 0.00 MB/s read, 0.0 seconds
Interval compaction: 0.00 GB write, 0.00 MB/s write, 0.00 GB read, 0.00 MB/s read, 0.0 seconds
Stalls(count): 0 level0_slowdown, 0 level0_slowdown_with_compaction, 0 level0_numfiles, 0 level0_numfiles_with_compaction, 0 stop for pending_compaction_bytes, 0 slowdown for pending_compaction_bytes, 0 memtable_compaction, 0 memtable_slowdown, interval 0 total count

** File Read Latency Histogram By Level [default] **

** Compaction Stats [usertable] **
Level    Files   Size     Score Read(GB)  Rn(GB) Rnp1(GB) Write(GB) Wnew(GB) Moved(GB) W-Amp Rd(MB/s) Wr(MB/s) Comp(sec) Comp(cnt) Avg(sec) KeyIn KeyDrop
----------------------------------------------------------------------------------------------------------------------------------------------------------
  L0      3/0   355.08 MB   1.5      0.0     0.0      0.0       0.2      0.2       0.0   1.0      0.0    140.3         1         2    0.581       0      0
  L1      2/0   383.93 MB   0.7      0.0     0.0      0.0       0.0      0.0       0.0   0.0      0.0      0.0         0         0    0.000       0      0
  L2     96/0    4.99 GB   1.0      0.0     0.0      0.0       0.0      0.0       0.0   0.0      0.0      0.0         0         0    0.000       0      0
  L3    552/0   34.47 GB   0.7      0.0     0.0      0.0       0.0      0.0       0.0   0.0      0.0      0.0         0         0    0.000       0      0
 Sum    653/0   40.18 GB   0.0      0.0     0.0      0.0       0.2      0.2       0.0   1.0      0.0    140.3         1         2    0.581       0      0
 Int      0/0    0.00 KB   0.0      0.0     0.0      0.0       0.0      0.0       0.0   0.0      0.0      0.0         0         0    0.000       0      0
Uptime(secs): 2.7 total, 0.0 interval
Flush(GB): cumulative 0.159, interval 0.000
AddFile(GB): cumulative 0.000, interval 0.000
AddFile(Total Files): cumulative 0, interval 0
AddFile(L0 Files): cumulative 0, interval 0
AddFile(Keys): cumulative 0, interval 0
Cumulative compaction: 0.16 GB write, 59.46 MB/s write, 0.00 GB read, 0.00 MB/s read, 1.2 seconds
Interval compaction: 0.00 GB write, 0.00 MB/s write, 0.00 GB read, 0.00 MB/s read, 0.0 seconds
Stalls(count): 0 level0_slowdown, 0 level0_slowdown_with_compaction, 0 level0_numfiles, 0 level0_numfiles_with_compaction, 0 stop for pending_compaction_bytes, 0 slowdown for pending_compaction_bytes, 0 memtable_compaction, 0 memtable_slowdown, interval 0 total count

** File Read Latency Histogram By Level [usertable] **
2018/11/27-16:16:34.773751 7fe15b229700 (Original Log Time 2018/11/27-16:16:34.634536) [db/db_impl_compaction_flush.cc:1835] [usertable] Moving #464 to level-1 201288728 bytes
2018/11/27-16:16:34.773755 7fe15b229700 (Original Log Time 2018/11/27-16:16:34.773689) EVENT_LOG_v1 {"time_micros": 1543364194773683, "job": 3, "event": "trivial_move", "destination_level": 1, "files": 1, "total_files_size": 201288728}
2018/11/27-16:16:34.773757 7fe15b229700 (Original Log Time 2018/11/27-16:16:34.773699) [db/db_impl_compaction_flush.cc:1864] [usertable] Moved #1 files to level-1 201288728 bytes OK: base level 1 max bytes base 536870912 files[2 3 96 552 0 0 0] max score 1.12
2018/11/27-16:16:34.773844 7fe15b229700 [db/compaction_job.cc:1531] [usertable] [JOB 4] Compacting 1@1 files to L2, score 1.12
2018/11/27-16:16:34.773851 7fe15b229700 [db/compaction_job.cc:1535] [usertable] Compaction start summary: Base version 6 Base level 1, inputs: [1142(191MB)]
2018/11/27-16:16:34.773868 7fe15b229700 EVENT_LOG_v1 {"time_micros": 1543364194773856, "job": 4, "event": "compaction_started", "compaction_reason": "LevelMaxLevelSize", "files_L1": [1142], "score": 1.1248, "input_data_size": 201292901}
2018/11/27-16:16:35.687581 7fe15b229700 [db/compaction_job.cc:1211] [usertable] [JOB 4] Generated table #1297: 16279 keys, 67233380 bytes
2018/11/27-16:16:35.687701 7fe15b229700 EVENT_LOG_v1 {"time_micros": 1543364195687614, "cf_name": "usertable", "job": 4, "event": "table_file_creation", "file_number": 1297, "file_size": 67233380, "table_properties": {"data_size": 67118331, "index_size": 299106, "filter_size": 0, "raw_key_size": 390696, "raw_average_key_size": 24, "raw_value_size": 66678784, "raw_average_value_size": 4096, "num_data_blocks": 8140, "num_entries": 16279, "filter_policy_name": "", "kDeletedKeys": "0", "kMergeOperands": "0"}}
2018/11/27-16:16:36.444302 7fe15b229700 [db/compaction_job.cc:1211] [usertable] [JOB 4] Generated table #1298: 16279 keys, 67233535 bytes
2018/11/27-16:16:36.444339 7fe15b229700 EVENT_LOG_v1 {"time_micros": 1543364196444325, "cf_name": "usertable", "job": 4, "event": "table_file_creation", "file_number": 1298, "file_size": 67233535, "table_properties": {"data_size": 67120141, "index_size": 300916, "filter_size": 0, "raw_key_size": 390696, "raw_average_key_size": 24, "raw_value_size": 66678784, "raw_average_value_size": 4096, "num_data_blocks": 8140, "num_entries": 16279, "filter_policy_name": "", "kDeletedKeys": "0", "kMergeOperands": "0"}}
2018/11/27-16:16:37.627765 7fe15b229700 [db/compaction_job.cc:1211] [usertable] [JOB 4] Generated table #1299: 16047 keys, 66275175 bytes
2018/11/27-16:16:37.627803 7fe15b229700 EVENT_LOG_v1 {"time_micros": 1543364197627789, "cf_name": "usertable", "job": 4, "event": "table_file_creation", "file_number": 1299, "file_size": 66275175, "table_properties": {"data_size": 66161795, "index_size": 294842, "filter_size": 0, "raw_key_size": 385128, "raw_average_key_size": 24, "raw_value_size": 65728512, "raw_average_value_size": 4096, "num_data_blocks": 8024, "num_entries": 16047, "filter_policy_name": "", "kDeletedKeys": "0", "kMergeOperands": "0"}}
2018/11/27-16:16:37.627846 7fe15b229700 [db/compaction_job.cc:1287] [usertable] [JOB 4] Compacted 1@1 files to L2 => 200742090 bytes
2018/11/27-16:16:37.682082 7fe15b229700 (Original Log Time 2018/11/27-16:16:37.682012) [db/compaction_job.cc:685] [usertable] compacted to: base level 1 max bytes base 536870912 files[2 2 99 552 0 0 0] max score 1.03, MB/sec: 70.5 rd, 70.3 wr, level 2, files in(1, 0) out(3) MB in(192.0, 0.0) out(191.4), read-write-amplify(2.0) write-amplify(1.0) OK, records in: 48605, records dropped: 0 output_compression: LZ4
2018/11/27-16:16:37.682088 7fe15b229700 (Original Log Time 2018/11/27-16:16:37.682036) EVENT_LOG_v1 {"time_micros": 1543364197682026, "job": 4, "event": "compaction_finished", "compaction_time_micros": 2853948, "output_level": 2, "num_output_files": 3, "total_output_size": 200742090, "num_input_records": 48605, "num_output_records": 48605, "num_subcompactions": 1, "output_compression": "LZ4", "num_single_delete_mismatches": 0, "num_single_delete_fallthrough": 0, "lsm_state": [2, 2, 99, 552, 0, 0, 0]}
2018/11/27-16:16:37.741658 7fe15b229700 (Original Log Time 2018/11/27-16:16:37.682246) [db/db_impl_compaction_flush.cc:1835] [usertable] Moving #1298 to level-3 67233535 bytes
2018/11/27-16:16:37.741661 7fe15b229700 (Original Log Time 2018/11/27-16:16:37.741625) EVENT_LOG_v1 {"time_micros": 1543364197741621, "job": 5, "event": "trivial_move", "destination_level": 3, "files": 1, "total_files_size": 67233535}
2018/11/27-16:16:37.741663 7fe15b229700 (Original Log Time 2018/11/27-16:16:37.741631) [db/db_impl_compaction_flush.cc:1864] [usertable] Moved #1 files to level-3 67233535 bytes OK: base level 1 max bytes base 536870912 files[2 2 98 553 0 0 0] max score 1.02
2018/11/27-16:16:37.757583 7fe15b229700 EVENT_LOG_v1 {"time_micros": 1543364197757579, "job": 5, "event": "table_file_deletion", "file_number": 1142}
2018/11/27-16:16:37.814318 7fe159a26700 (Original Log Time 2018/11/27-16:16:37.757707) [db/db_impl_compaction_flush.cc:1835] [usertable] Moving #1297 to level-3 67233380 bytes
2018/11/27-16:16:37.814321 7fe159a26700 (Original Log Time 2018/11/27-16:16:37.814271) EVENT_LOG_v1 {"time_micros": 1543364197814268, "job": 6, "event": "trivial_move", "destination_level": 3, "files": 1, "total_files_size": 67233380}
2018/11/27-16:16:37.814323 7fe159a26700 (Original Log Time 2018/11/27-16:16:37.814283) [db/db_impl_compaction_flush.cc:1864] [usertable] Moved #1 files to level-3 67233380 bytes OK: base level 1 max bytes base 536870912 files[2 2 97 554 0 0 0] max score 1.01
2018/11/27-16:16:37.878043 7fe159a26700 (Original Log Time 2018/11/27-16:16:37.814480) [db/db_impl_compaction_flush.cc:1835] [usertable] Moving #701 to level-3 66295990 bytes
2018/11/27-16:16:37.878046 7fe159a26700 (Original Log Time 2018/11/27-16:16:37.878001) EVENT_LOG_v1 {"time_micros": 1543364197877998, "job": 7, "event": "trivial_move", "destination_level": 3, "files": 1, "total_files_size": 66295990}
2018/11/27-16:16:37.878048 7fe159a26700 (Original Log Time 2018/11/27-16:16:37.878007) [db/db_impl_compaction_flush.cc:1864] [usertable] Moved #1 files to level-3 66295990 bytes OK: base level 1 max bytes base 536870912 files[2 2 96 555 0 0 0] max score 1.00
2018/11/27-16:16:37.937196 7fe159a26700 (Original Log Time 2018/11/27-16:16:37.878199) [db/db_impl_compaction_flush.cc:1835] [usertable] Moving #1291 to level-1 129902323 bytes
2018/11/27-16:16:37.937199 7fe159a26700 (Original Log Time 2018/11/27-16:16:37.937168) EVENT_LOG_v1 {"time_micros": 1543364197937164, "job": 8, "event": "trivial_move", "destination_level": 1, "files": 1, "total_files_size": 129902323}
2018/11/27-16:16:37.937201 7fe159a26700 (Original Log Time 2018/11/27-16:16:37.937174) [db/db_impl_compaction_flush.cc:1864] [usertable] Moved #1 files to level-1 129902323 bytes OK: base level 1 max bytes base 536870912 files[1 3 96 555 0 0 0] max score 1.00
2018/11/27-16:16:38.806817 7fe1810a2700 [db/db_impl_write.cc:1373] [usertable] New memtable created with log file: #1300. Immutable memtables: 0.
2018/11/27-16:16:40.091773 7fe1787e5700 [db/db_impl_write.cc:1373] [usertable] New memtable created with log file: #1301. Immutable memtables: 1.
2018/11/27-16:16:40.091915 7fe0167fc700 [db/db_impl_compaction_flush.cc:80] [JOB 9] Syncing log #1294
