2018/11/26-12:45:06.705817 7f708221f0 RocksDB version: 5.14.3
2018/11/26-12:45:06.705992 7f708221f0 Git sha rocksdb_build_git_sha:
2018/11/26-12:45:06.706001 7f708221f0 Compile date Nov 15 2018
2018/11/26-12:45:06.706011 7f708221f0 DB SUMMARY
2018/11/26-12:45:06.706050 7f708221f0 SST files in /mnt/sda/ycsb-rocksdb-data dir, Total Num: 0, files: 
2018/11/26-12:45:06.706057 7f708221f0 Write Ahead Log file in /mnt/sda/ycsb-rocksdb-data: 
2018/11/26-12:45:06.706064 7f708221f0                         Options.error_if_exists: 0
2018/11/26-12:45:06.706067 7f708221f0                       Options.create_if_missing: 1
2018/11/26-12:45:06.706071 7f708221f0                         Options.paranoid_checks: 1
2018/11/26-12:45:06.706074 7f708221f0                                     Options.env: 0x7f1bbf8f18
2018/11/26-12:45:06.706077 7f708221f0                                Options.info_log: 0x7f2c3bc230
2018/11/26-12:45:06.706080 7f708221f0                Options.max_file_opening_threads: 16
2018/11/26-12:45:06.706083 7f708221f0                              Options.statistics: (nil)
2018/11/26-12:45:06.706086 7f708221f0                               Options.use_fsync: 0
2018/11/26-12:45:06.706089 7f708221f0                       Options.max_log_file_size: 0
2018/11/26-12:45:06.706092 7f708221f0                  Options.max_manifest_file_size: 18446744073709551615
2018/11/26-12:45:06.706095 7f708221f0                   Options.log_file_time_to_roll: 0
2018/11/26-12:45:06.706097 7f708221f0                       Options.keep_log_file_num: 1000
2018/11/26-12:45:06.706100 7f708221f0                    Options.recycle_log_file_num: 0
2018/11/26-12:45:06.706103 7f708221f0                         Options.allow_fallocate: 1
2018/11/26-12:45:06.706106 7f708221f0                        Options.allow_mmap_reads: 0
2018/11/26-12:45:06.706109 7f708221f0                       Options.allow_mmap_writes: 0
2018/11/26-12:45:06.706112 7f708221f0                        Options.use_direct_reads: 0
2018/11/26-12:45:06.706115 7f708221f0                        Options.use_direct_io_for_flush_and_compaction: 0
2018/11/26-12:45:06.706118 7f708221f0          Options.create_missing_column_families: 1
2018/11/26-12:45:06.706120 7f708221f0                              Options.db_log_dir: 
2018/11/26-12:45:06.706123 7f708221f0                                 Options.wal_dir: /mnt/sda/ycsb-rocksdb-data
2018/11/26-12:45:06.706126 7f708221f0                Options.table_cache_numshardbits: 6
2018/11/26-12:45:06.706129 7f708221f0                      Options.max_subcompactions: 4
2018/11/26-12:45:06.706132 7f708221f0                  Options.max_background_flushes: 6
2018/11/26-12:45:06.706136 7f708221f0                         Options.WAL_ttl_seconds: 0
2018/11/26-12:45:06.706139 7f708221f0                       Options.WAL_size_limit_MB: 0
2018/11/26-12:45:06.706141 7f708221f0             Options.manifest_preallocation_size: 4194304
2018/11/26-12:45:06.706144 7f708221f0                     Options.is_fd_close_on_exec: 1
2018/11/26-12:45:06.706147 7f708221f0                   Options.advise_random_on_open: 1
2018/11/26-12:45:06.706150 7f708221f0                    Options.db_write_buffer_size: 0
2018/11/26-12:45:06.706153 7f708221f0                    Options.write_buffer_manager: 0x7f2c3bd590
2018/11/26-12:45:06.706156 7f708221f0         Options.access_hint_on_compaction_start: 1
2018/11/26-12:45:06.706159 7f708221f0  Options.new_table_reader_for_compaction_inputs: 0
2018/11/26-12:45:06.706162 7f708221f0           Options.random_access_max_buffer_size: 1048576
2018/11/26-12:45:06.706165 7f708221f0                      Options.use_adaptive_mutex: 0
2018/11/26-12:45:06.706168 7f708221f0                            Options.rate_limiter: (nil)
2018/11/26-12:45:06.706173 7f708221f0     Options.sst_file_manager.rate_bytes_per_sec: 0
2018/11/26-12:45:06.706176 7f708221f0                       Options.wal_recovery_mode: 2
2018/11/26-12:45:06.706179 7f708221f0                  Options.enable_thread_tracking: 0
2018/11/26-12:45:06.706182 7f708221f0                  Options.enable_pipelined_write: 1
2018/11/26-12:45:06.706185 7f708221f0         Options.allow_concurrent_memtable_write: 1
2018/11/26-12:45:06.706209 7f708221f0      Options.enable_write_thread_adaptive_yield: 1
2018/11/26-12:45:06.706214 7f708221f0             Options.write_thread_max_yield_usec: 100
2018/11/26-12:45:06.706217 7f708221f0            Options.write_thread_slow_yield_usec: 3
2018/11/26-12:45:06.706220 7f708221f0                               Options.row_cache: None
2018/11/26-12:45:06.706223 7f708221f0                              Options.wal_filter: None
2018/11/26-12:45:06.706226 7f708221f0             Options.avoid_flush_during_recovery: 0
2018/11/26-12:45:06.706229 7f708221f0             Options.allow_ingest_behind: 0
2018/11/26-12:45:06.706232 7f708221f0             Options.preserve_deletes: 0
2018/11/26-12:45:06.706235 7f708221f0             Options.two_write_queues: 0
2018/11/26-12:45:06.706237 7f708221f0             Options.manual_wal_flush: 0
2018/11/26-12:45:06.706242 7f708221f0             Options.max_background_jobs: 6
2018/11/26-12:45:06.706245 7f708221f0             Options.max_background_compactions: 6
2018/11/26-12:45:06.706248 7f708221f0             Options.avoid_flush_during_shutdown: 0
2018/11/26-12:45:06.706250 7f708221f0           Options.writable_file_max_buffer_size: 1048576
2018/11/26-12:45:06.706253 7f708221f0             Options.delayed_write_rate : 16777216
2018/11/26-12:45:06.706256 7f708221f0             Options.max_total_wal_size: 0
2018/11/26-12:45:06.706259 7f708221f0             Options.delete_obsolete_files_period_micros: 21600000000
2018/11/26-12:45:06.706262 7f708221f0                   Options.stats_dump_period_sec: 60
2018/11/26-12:45:06.706265 7f708221f0                          Options.max_open_files: -1
2018/11/26-12:45:06.706267 7f708221f0                          Options.bytes_per_sync: 1048576
2018/11/26-12:45:06.706270 7f708221f0                      Options.wal_bytes_per_sync: 0
2018/11/26-12:45:06.706273 7f708221f0       Options.compaction_readahead_size: 0
2018/11/26-12:45:06.706276 7f708221f0 Compression algorithms supported:
2018/11/26-12:45:06.706279 7f708221f0 	kZSTDNotFinalCompression supported: 1
2018/11/26-12:45:06.706318 7f708221f0 	kZSTD supported: 1
2018/11/26-12:45:06.706323 7f708221f0 	kXpressCompression supported: 0
2018/11/26-12:45:06.706327 7f708221f0 	kLZ4HCCompression supported: 1
2018/11/26-12:45:06.706330 7f708221f0 	kLZ4Compression supported: 1
2018/11/26-12:45:06.706333 7f708221f0 	kBZip2Compression supported: 1
2018/11/26-12:45:06.706336 7f708221f0 	kZlibCompression supported: 1
2018/11/26-12:45:06.706340 7f708221f0 	kSnappyCompression supported: 1
2018/11/26-12:45:06.706348 7f708221f0 Fast CRC32 supported: Not supported on x86
2018/11/26-12:45:06.706526 7f708221f0 [db/db_impl_open.cc:222] Creating manifest 1 
2018/11/26-12:45:06.811665 7f708221f0 [db/version_set.cc:3085] Recovering from manifest file: MANIFEST-000001
2018/11/26-12:45:06.812078 7f708221f0 [db/column_family.cc:475] --------------- Options for column family [default]:
2018/11/26-12:45:06.812092 7f708221f0               Options.comparator: leveldb.BytewiseComparator
2018/11/26-12:45:06.812101 7f708221f0           Options.merge_operator: None
2018/11/26-12:45:06.812108 7f708221f0        Options.compaction_filter: None
2018/11/26-12:45:06.812114 7f708221f0        Options.compaction_filter_factory: None
2018/11/26-12:45:06.812121 7f708221f0         Options.memtable_factory: SkipListFactory
2018/11/26-12:45:06.812127 7f708221f0            Options.table_factory: BlockBasedTable
2018/11/26-12:45:06.812232 7f708221f0            table_factory options:   flush_block_policy_factory: FlushBlockBySizePolicyFactory (0x7f2c372180)
  cache_index_and_filter_blocks: 0
  cache_index_and_filter_blocks_with_high_priority: 0
  pin_l0_filter_and_index_blocks_in_cache: 0
  index_type: 0
  hash_index_allow_collision: 1
  checksum: 1
  no_block_cache: 0
  block_cache: 0x7f2c37d850
  block_cache_name: LRUCache
  block_cache_options:
    capacity : 8388608
    num_shard_bits : 4
    strict_capacity_limit : 0
    high_pri_pool_ratio: 0.000
  block_cache_compressed: (nil)
  persistent_cache: (nil)
  block_size: 8192
  block_size_deviation: 10
  block_restart_interval: 16
  index_block_restart_interval: 1
  metadata_block_size: 4096
  partition_filters: 0
  use_delta_encoding: 1
  filter_policy: nullptr
  whole_key_filtering: 1
  verify_compression: 0
  read_amp_bytes_per_bit: 0
  format_version: 2
  enable_index_compression: 1
  block_align: 0
2018/11/26-12:45:06.812314 7f708221f0        Options.write_buffer_size: 134217728
2018/11/26-12:45:06.812323 7f708221f0  Options.max_write_buffer_number: 24
2018/11/26-12:45:06.812331 7f708221f0        Options.compression[0]: NoCompression
2018/11/26-12:45:06.812337 7f708221f0        Options.compression[1]: NoCompression
2018/11/26-12:45:06.812344 7f708221f0        Options.compression[2]: LZ4
2018/11/26-12:45:06.812350 7f708221f0        Options.compression[3]: LZ4
2018/11/26-12:45:06.812356 7f708221f0        Options.compression[4]: LZ4
2018/11/26-12:45:06.812363 7f708221f0        Options.compression[5]: LZ4
2018/11/26-12:45:06.812369 7f708221f0        Options.compression[6]: LZ4
2018/11/26-12:45:06.812375 7f708221f0                  Options.bottommost_compression: Disabled
2018/11/26-12:45:06.812382 7f708221f0       Options.prefix_extractor: nullptr
2018/11/26-12:45:06.812388 7f708221f0   Options.memtable_insert_with_hint_prefix_extractor: nullptr
2018/11/26-12:45:06.812394 7f708221f0             Options.num_levels: 7
2018/11/26-12:45:06.812400 7f708221f0        Options.min_write_buffer_number_to_merge: 2
2018/11/26-12:45:06.812406 7f708221f0     Options.max_write_buffer_number_to_maintain: 0
2018/11/26-12:45:06.812412 7f708221f0            Options.compression_opts.window_bits: -14
2018/11/26-12:45:06.812418 7f708221f0                  Options.compression_opts.level: -1
2018/11/26-12:45:06.812424 7f708221f0               Options.compression_opts.strategy: 0
2018/11/26-12:45:06.812430 7f708221f0         Options.compression_opts.max_dict_bytes: 0
2018/11/26-12:45:06.812436 7f708221f0         Options.compression_opts.zstd_max_train_bytes: 0
2018/11/26-12:45:06.812442 7f708221f0      Options.level0_file_num_compaction_trigger: 2
2018/11/26-12:45:06.812448 7f708221f0          Options.level0_slowdown_writes_trigger: 20
2018/11/26-12:45:06.812454 7f708221f0              Options.level0_stop_writes_trigger: 36
2018/11/26-12:45:06.812460 7f708221f0                   Options.target_file_size_base: 67108864
2018/11/26-12:45:06.812466 7f708221f0             Options.target_file_size_multiplier: 1
2018/11/26-12:45:06.812472 7f708221f0                Options.max_bytes_for_level_base: 536870912
2018/11/26-12:45:06.812478 7f708221f0 Options.level_compaction_dynamic_level_bytes: 0
2018/11/26-12:45:06.812484 7f708221f0          Options.max_bytes_for_level_multiplier: 10.000000
2018/11/26-12:45:06.812496 7f708221f0 Options.max_bytes_for_level_multiplier_addtl[0]: 1
2018/11/26-12:45:06.812502 7f708221f0 Options.max_bytes_for_level_multiplier_addtl[1]: 1
2018/11/26-12:45:06.812509 7f708221f0 Options.max_bytes_for_level_multiplier_addtl[2]: 1
2018/11/26-12:45:06.812515 7f708221f0 Options.max_bytes_for_level_multiplier_addtl[3]: 1
2018/11/26-12:45:06.812521 7f708221f0 Options.max_bytes_for_level_multiplier_addtl[4]: 1
2018/11/26-12:45:06.812527 7f708221f0 Options.max_bytes_for_level_multiplier_addtl[5]: 1
2018/11/26-12:45:06.812533 7f708221f0 Options.max_bytes_for_level_multiplier_addtl[6]: 1
2018/11/26-12:45:06.812539 7f708221f0       Options.max_sequential_skip_in_iterations: 8
2018/11/26-12:45:06.812545 7f708221f0                    Options.max_compaction_bytes: 1677721600
2018/11/26-12:45:06.812551 7f708221f0                        Options.arena_block_size: 16777216
2018/11/26-12:45:06.812557 7f708221f0   Options.soft_pending_compaction_bytes_limit: 68719476736
2018/11/26-12:45:06.812563 7f708221f0   Options.hard_pending_compaction_bytes_limit: 274877906944
2018/11/26-12:45:06.812570 7f708221f0       Options.rate_limit_delay_max_milliseconds: 100
2018/11/26-12:45:06.812576 7f708221f0                Options.disable_auto_compactions: 0
2018/11/26-12:45:06.812584 7f708221f0                        Options.compaction_style: kCompactionStyleLevel
2018/11/26-12:45:06.812614 7f708221f0                          Options.compaction_pri: kByCompensatedSize
2018/11/26-12:45:06.812623 7f708221f0 Options.compaction_options_universal.size_ratio: 1
2018/11/26-12:45:06.812629 7f708221f0 Options.compaction_options_universal.min_merge_width: 2
2018/11/26-12:45:06.812635 7f708221f0 Options.compaction_options_universal.max_merge_width: 4294967295
2018/11/26-12:45:06.812642 7f708221f0 Options.compaction_options_universal.max_size_amplification_percent: 200
2018/11/26-12:45:06.812648 7f708221f0 Options.compaction_options_universal.compression_size_percent: -1
2018/11/26-12:45:06.812655 7f708221f0 Options.compaction_options_universal.stop_style: kCompactionStopStyleTotalSize
2018/11/26-12:45:06.812662 7f708221f0 Options.compaction_options_fifo.max_table_files_size: 1073741824
2018/11/26-12:45:06.812668 7f708221f0 Options.compaction_options_fifo.allow_compaction: 0
2018/11/26-12:45:06.812674 7f708221f0 Options.compaction_options_fifo.ttl: 0
2018/11/26-12:45:06.812680 7f708221f0                   Options.table_properties_collectors: 
2018/11/26-12:45:06.812687 7f708221f0                   Options.inplace_update_support: 0
2018/11/26-12:45:06.812693 7f708221f0                 Options.inplace_update_num_locks: 10000
2018/11/26-12:45:06.812699 7f708221f0               Options.memtable_prefix_bloom_size_ratio: 0.000000
2018/11/26-12:45:06.812706 7f708221f0   Options.memtable_huge_page_size: 0
2018/11/26-12:45:06.812712 7f708221f0                           Options.bloom_locality: 0
2018/11/26-12:45:06.812719 7f708221f0                    Options.max_successive_merges: 0
2018/11/26-12:45:06.812724 7f708221f0                Options.optimize_filters_for_hits: 0
2018/11/26-12:45:06.812730 7f708221f0                Options.paranoid_file_checks: 0
2018/11/26-12:45:06.812736 7f708221f0                Options.force_consistency_checks: 0
2018/11/26-12:45:06.812742 7f708221f0                Options.report_bg_io_stats: 0
2018/11/26-12:45:06.812748 7f708221f0                               Options.ttl: 0
2018/11/26-12:45:06.815577 7f708221f0 [db/version_set.cc:3361] Recovered from manifest file:/mnt/sda/ycsb-rocksdb-data/MANIFEST-000001 succeeded,manifest_file_number is 1, next_file_number is 3, last_sequence is 0, log_number is 0,prev_log_number is 0,max_column_family is 0,min_log_number_to_keep is 0
2018/11/26-12:45:06.815628 7f708221f0 [db/version_set.cc:3369] Column family [default] (ID 0), log number is 0
2018/11/26-12:45:06.816492 7f708221f0 [db/version_set.cc:2847] Creating manifest 4
2018/11/26-12:45:06.891055 7f708221f0 [db/column_family.cc:475] --------------- Options for column family [usertable]:
2018/11/26-12:45:06.891097 7f708221f0               Options.comparator: leveldb.BytewiseComparator
2018/11/26-12:45:06.891105 7f708221f0           Options.merge_operator: None
2018/11/26-12:45:06.891112 7f708221f0        Options.compaction_filter: None
2018/11/26-12:45:06.891118 7f708221f0        Options.compaction_filter_factory: None
2018/11/26-12:45:06.891124 7f708221f0         Options.memtable_factory: SkipListFactory
2018/11/26-12:45:06.891131 7f708221f0            Options.table_factory: BlockBasedTable
2018/11/26-12:45:06.891253 7f708221f0            table_factory options:   flush_block_policy_factory: FlushBlockBySizePolicyFactory (0x7f2c370ad0)
  cache_index_and_filter_blocks: 0
  cache_index_and_filter_blocks_with_high_priority: 0
  pin_l0_filter_and_index_blocks_in_cache: 0
  index_type: 0
  hash_index_allow_collision: 1
  checksum: 1
  no_block_cache: 0
  block_cache: 0x7f2c371570
  block_cache_name: LRUCache
  block_cache_options:
    capacity : 8388608
    num_shard_bits : 4
    strict_capacity_limit : 0
    high_pri_pool_ratio: 0.000
  block_cache_compressed: (nil)
  persistent_cache: (nil)
  block_size: 8192
  block_size_deviation: 10
  block_restart_interval: 16
  index_block_restart_interval: 1
  metadata_block_size: 4096
  partition_filters: 0
  use_delta_encoding: 1
  filter_policy: nullptr
  whole_key_filtering: 1
  verify_compression: 0
  read_amp_bytes_per_bit: 0
  format_version: 2
  enable_index_compression: 1
  block_align: 0
2018/11/26-12:45:06.891267 7f708221f0        Options.write_buffer_size: 134217728
2018/11/26-12:45:06.891275 7f708221f0  Options.max_write_buffer_number: 24
2018/11/26-12:45:06.891282 7f708221f0        Options.compression[0]: NoCompression
2018/11/26-12:45:06.891289 7f708221f0        Options.compression[1]: NoCompression
2018/11/26-12:45:06.891296 7f708221f0        Options.compression[2]: LZ4
2018/11/26-12:45:06.891302 7f708221f0        Options.compression[3]: LZ4
2018/11/26-12:45:06.891308 7f708221f0        Options.compression[4]: LZ4
2018/11/26-12:45:06.891315 7f708221f0        Options.compression[5]: LZ4
2018/11/26-12:45:06.891321 7f708221f0        Options.compression[6]: LZ4
2018/11/26-12:45:06.891327 7f708221f0                  Options.bottommost_compression: Disabled
2018/11/26-12:45:06.891334 7f708221f0       Options.prefix_extractor: nullptr
2018/11/26-12:45:06.891340 7f708221f0   Options.memtable_insert_with_hint_prefix_extractor: nullptr
2018/11/26-12:45:06.891346 7f708221f0             Options.num_levels: 7
2018/11/26-12:45:06.891352 7f708221f0        Options.min_write_buffer_number_to_merge: 2
2018/11/26-12:45:06.891358 7f708221f0     Options.max_write_buffer_number_to_maintain: 0
2018/11/26-12:45:06.891365 7f708221f0            Options.compression_opts.window_bits: -14
2018/11/26-12:45:06.891371 7f708221f0                  Options.compression_opts.level: -1
2018/11/26-12:45:06.891376 7f708221f0               Options.compression_opts.strategy: 0
2018/11/26-12:45:06.891383 7f708221f0         Options.compression_opts.max_dict_bytes: 0
2018/11/26-12:45:06.891389 7f708221f0         Options.compression_opts.zstd_max_train_bytes: 0
2018/11/26-12:45:06.891395 7f708221f0      Options.level0_file_num_compaction_trigger: 2
2018/11/26-12:45:06.891401 7f708221f0          Options.level0_slowdown_writes_trigger: 20
2018/11/26-12:45:06.891407 7f708221f0              Options.level0_stop_writes_trigger: 36
2018/11/26-12:45:06.891413 7f708221f0                   Options.target_file_size_base: 67108864
2018/11/26-12:45:06.891420 7f708221f0             Options.target_file_size_multiplier: 1
2018/11/26-12:45:06.891426 7f708221f0                Options.max_bytes_for_level_base: 536870912
2018/11/26-12:45:06.891432 7f708221f0 Options.level_compaction_dynamic_level_bytes: 0
2018/11/26-12:45:06.891438 7f708221f0          Options.max_bytes_for_level_multiplier: 10.000000
2018/11/26-12:45:06.891450 7f708221f0 Options.max_bytes_for_level_multiplier_addtl[0]: 1
2018/11/26-12:45:06.891457 7f708221f0 Options.max_bytes_for_level_multiplier_addtl[1]: 1
2018/11/26-12:45:06.891517 7f708221f0 Options.max_bytes_for_level_multiplier_addtl[2]: 1
2018/11/26-12:45:06.891525 7f708221f0 Options.max_bytes_for_level_multiplier_addtl[3]: 1
2018/11/26-12:45:06.891532 7f708221f0 Options.max_bytes_for_level_multiplier_addtl[4]: 1
2018/11/26-12:45:06.891538 7f708221f0 Options.max_bytes_for_level_multiplier_addtl[5]: 1
2018/11/26-12:45:06.891544 7f708221f0 Options.max_bytes_for_level_multiplier_addtl[6]: 1
2018/11/26-12:45:06.891550 7f708221f0       Options.max_sequential_skip_in_iterations: 8
2018/11/26-12:45:06.891556 7f708221f0                    Options.max_compaction_bytes: 1677721600
2018/11/26-12:45:06.891562 7f708221f0                        Options.arena_block_size: 16777216
2018/11/26-12:45:06.891568 7f708221f0   Options.soft_pending_compaction_bytes_limit: 68719476736
2018/11/26-12:45:06.891574 7f708221f0   Options.hard_pending_compaction_bytes_limit: 274877906944
2018/11/26-12:45:06.891581 7f708221f0       Options.rate_limit_delay_max_milliseconds: 100
2018/11/26-12:45:06.891586 7f708221f0                Options.disable_auto_compactions: 0
2018/11/26-12:45:06.891595 7f708221f0                        Options.compaction_style: kCompactionStyleLevel
2018/11/26-12:45:06.891604 7f708221f0                          Options.compaction_pri: kByCompensatedSize
2018/11/26-12:45:06.891610 7f708221f0 Options.compaction_options_universal.size_ratio: 1
2018/11/26-12:45:06.891616 7f708221f0 Options.compaction_options_universal.min_merge_width: 2
2018/11/26-12:45:06.891622 7f708221f0 Options.compaction_options_universal.max_merge_width: 4294967295
2018/11/26-12:45:06.891628 7f708221f0 Options.compaction_options_universal.max_size_amplification_percent: 200
2018/11/26-12:45:06.891635 7f708221f0 Options.compaction_options_universal.compression_size_percent: -1
2018/11/26-12:45:06.891642 7f708221f0 Options.compaction_options_universal.stop_style: kCompactionStopStyleTotalSize
2018/11/26-12:45:06.891649 7f708221f0 Options.compaction_options_fifo.max_table_files_size: 1073741824
2018/11/26-12:45:06.891655 7f708221f0 Options.compaction_options_fifo.allow_compaction: 0
2018/11/26-12:45:06.891661 7f708221f0 Options.compaction_options_fifo.ttl: 0
2018/11/26-12:45:06.891667 7f708221f0                   Options.table_properties_collectors: 
2018/11/26-12:45:06.891673 7f708221f0                   Options.inplace_update_support: 0
2018/11/26-12:45:06.891679 7f708221f0                 Options.inplace_update_num_locks: 10000
2018/11/26-12:45:06.891685 7f708221f0               Options.memtable_prefix_bloom_size_ratio: 0.000000
2018/11/26-12:45:06.891693 7f708221f0   Options.memtable_huge_page_size: 0
2018/11/26-12:45:06.891699 7f708221f0                           Options.bloom_locality: 0
2018/11/26-12:45:06.891705 7f708221f0                    Options.max_successive_merges: 0
2018/11/26-12:45:06.891711 7f708221f0                Options.optimize_filters_for_hits: 0
2018/11/26-12:45:06.891717 7f708221f0                Options.paranoid_file_checks: 0
2018/11/26-12:45:06.891723 7f708221f0                Options.force_consistency_checks: 0
2018/11/26-12:45:06.891729 7f708221f0                Options.report_bg_io_stats: 0
2018/11/26-12:45:06.891735 7f708221f0                               Options.ttl: 0
2018/11/26-12:45:06.891954 7f708221f0 [db/db_impl.cc:1396] Created column family [usertable] (ID 1)
2018/11/26-12:45:06.985651 7f708221f0 [db/db_impl_open.cc:1219] DB pointer 0x7f2c3bc7f0
2018/11/26-12:45:20.475631 7f708221f0 [db/db_impl_write.cc:1373] [usertable] New memtable created with log file: #9. Immutable memtables: 0.
2018/11/26-12:45:32.161336 7f702221f0 [db/db_impl_write.cc:1373] [usertable] New memtable created with log file: #10. Immutable memtables: 1.
2018/11/26-12:45:32.161711 7f057fa1f0 [db/db_impl_compaction_flush.cc:80] [JOB 2] Syncing log #3
2018/11/26-12:45:32.476808 7f057fa1f0 [db/db_impl_compaction_flush.cc:80] [JOB 2] Syncing log #9
2018/11/26-12:45:33.155884 7f057fa1f0 (Original Log Time 2018/11/26-12:45:32.161563) [db/db_impl_compaction_flush.cc:1424] Calling FlushMemTableToOutputFile with column family [usertable], flush slots available 6, compaction slots available 1, flush slots scheduled 1, compaction slots scheduled 0
2018/11/26-12:45:33.155928 7f057fa1f0 [db/flush_job.cc:301] [usertable] [JOB 2] Flushing memtable with next log file: 9
2018/11/26-12:45:33.155963 7f057fa1f0 [db/flush_job.cc:301] [usertable] [JOB 2] Flushing memtable with next log file: 10
2018/11/26-12:45:33.156103 7f057fa1f0 EVENT_LOG_v1 {"time_micros": 1543236333156056, "job": 2, "event": "flush_started", "num_memtables": 2, "num_entries": 61134, "num_deletes": 0, "memory_usage": 253427400, "flush_reason": "Write Buffer Full"}
2018/11/26-12:45:33.156137 7f057fa1f0 [db/flush_job.cc:331] [usertable] [JOB 2] Level-0 flush table #11: started
2018/11/26-12:45:36.068482 7f057fa1f0 EVENT_LOG_v1 {"time_micros": 1543236336068428, "cf_name": "usertable", "job": 2, "event": "table_file_creation", "file_number": 11, "file_size": 253180333, "table_properties": {"data_size": 252055482, "index_size": 1123924, "filter_size": 0, "raw_key_size": 1467216, "raw_average_key_size": 24, "raw_value_size": 250404864, "raw_average_value_size": 4096, "num_data_blocks": 30567, "num_entries": 61134, "filter_policy_name": "", "kDeletedKeys": "0", "kMergeOperands": "0"}}
2018/11/26-12:45:36.068543 7f057fa1f0 [db/flush_job.cc:371] [usertable] [JOB 2] Level-0 flush table #11: 253180333 bytes OK
2018/11/26-12:45:36.166219 7f057fa1f0 (Original Log Time 2018/11/26-12:45:36.068579) [db/memtable_list.cc:377] [usertable] Level-0 commit table #11 started
2018/11/26-12:45:36.166227 7f057fa1f0 (Original Log Time 2018/11/26-12:45:36.166024) [db/memtable_list.cc:409] [usertable] Level-0 commit table #11: memtable #1 done
2018/11/26-12:45:36.166233 7f057fa1f0 (Original Log Time 2018/11/26-12:45:36.166051) [db/memtable_list.cc:409] [usertable] Level-0 commit table #11: memtable #2 done
2018/11/26-12:45:36.166237 7f057fa1f0 (Original Log Time 2018/11/26-12:45:36.166105) EVENT_LOG_v1 {"time_micros": 1543236336166085, "job": 2, "event": "flush_finished", "output_compression": "NoCompression", "lsm_state": [1, 0, 0, 0, 0, 0, 0], "immutable_memtables": 0}
2018/11/26-12:45:36.166242 7f057fa1f0 (Original Log Time 2018/11/26-12:45:36.166156) [db/db_impl_compaction_flush.cc:177] [usertable] Level summary: base level 1 max bytes base 536870912 files[1 0 0 0 0 0 0] max score 0.50
2018/11/26-12:45:36.166269 7f057fa1f0 [db/db_impl_files.cc:347] [JOB 2] Try to delete WAL files size 252058698, prev total WAL file size 287386326, number of live WAL files 3.
2018/11/26-12:45:44.253507 7f685fe1f0 [db/db_impl_write.cc:1373] [usertable] New memtable created with log file: #12. Immutable memtables: 0.
2018/11/26-12:45:55.276728 7f702221f0 [db/db_impl_write.cc:1373] [usertable] New memtable created with log file: #13. Immutable memtables: 1.
2018/11/26-12:45:55.276994 7f07fff1f0 [db/db_impl_compaction_flush.cc:80] [JOB 3] Syncing log #10
2018/11/26-12:45:56.032349 7f07fff1f0 [db/db_impl_compaction_flush.cc:80] [JOB 3] Syncing log #12
2018/11/26-12:45:57.769599 7f07fff1f0 (Original Log Time 2018/11/26-12:45:55.276933) [db/db_impl_compaction_flush.cc:1424] Calling FlushMemTableToOutputFile with column family [usertable], flush slots available 6, compaction slots available 1, flush slots scheduled 1, compaction slots scheduled 0
2018/11/26-12:45:57.769621 7f07fff1f0 [db/flush_job.cc:301] [usertable] [JOB 3] Flushing memtable with next log file: 12
2018/11/26-12:45:57.769633 7f07fff1f0 [db/flush_job.cc:301] [usertable] [JOB 3] Flushing memtable with next log file: 13
2018/11/26-12:45:57.769684 7f07fff1f0 EVENT_LOG_v1 {"time_micros": 1543236357769670, "job": 3, "event": "flush_started", "num_memtables": 2, "num_entries": 60846, "num_deletes": 0, "memory_usage": 252178664, "flush_reason": "Write Buffer Full"}
2018/11/26-12:45:57.769696 7f07fff1f0 [db/flush_job.cc:331] [usertable] [JOB 3] Level-0 flush table #14: started
2018/11/26-12:46:01.098866 7f07fff1f0 EVENT_LOG_v1 {"time_micros": 1543236361098814, "cf_name": "usertable", "job": 3, "event": "table_file_creation", "file_number": 14, "file_size": 251987613, "table_properties": {"data_size": 250868058, "index_size": 1118628, "filter_size": 0, "raw_key_size": 1460304, "raw_average_key_size": 24, "raw_value_size": 249225216, "raw_average_value_size": 4096, "num_data_blocks": 30423, "num_entries": 60846, "filter_policy_name": "", "kDeletedKeys": "0", "kMergeOperands": "0"}}
2018/11/26-12:46:01.099011 7f07fff1f0 [db/flush_job.cc:371] [usertable] [JOB 3] Level-0 flush table #14: 251987613 bytes OK
2018/11/26-12:46:01.128441 7f07fff1f0 (Original Log Time 2018/11/26-12:46:01.099041) [db/memtable_list.cc:377] [usertable] Level-0 commit table #14 started
2018/11/26-12:46:01.128450 7f07fff1f0 (Original Log Time 2018/11/26-12:46:01.128264) [db/memtable_list.cc:409] [usertable] Level-0 commit table #14: memtable #1 done
2018/11/26-12:46:01.128455 7f07fff1f0 (Original Log Time 2018/11/26-12:46:01.128274) [db/memtable_list.cc:409] [usertable] Level-0 commit table #14: memtable #2 done
2018/11/26-12:46:01.128460 7f07fff1f0 (Original Log Time 2018/11/26-12:46:01.128320) EVENT_LOG_v1 {"time_micros": 1543236361128305, "job": 3, "event": "flush_finished", "output_compression": "NoCompression", "lsm_state": [2, 0, 0, 0, 0, 0, 0], "immutable_memtables": 0}
2018/11/26-12:46:01.128465 7f07fff1f0 (Original Log Time 2018/11/26-12:46:01.128394) [db/db_impl_compaction_flush.cc:177] [usertable] Level summary: base level 1 max bytes base 536870912 files[2 0 0 0 0 0 0] max score 1.00
2018/11/26-12:46:01.128486 7f07fff1f0 [db/db_impl_files.cc:347] [JOB 3] Try to delete WAL files size 250862766, prev total WAL file size 306409862, number of live WAL files 3.
2018/11/26-12:46:01.154197 7f1acf71f0 [WARN] [db/db_impl.cc:491] ------- DUMPING STATS -------
2018/11/26-12:46:01.154380 7f1acf71f0 [WARN] [db/db_impl.cc:492] 
** DB Stats **
Uptime(secs): 54.3 total, 54.3 interval
Cumulative writes: 135K writes, 135K keys, 67K commit groups, 2.0 writes per commit group, ingest: 0.52 GB, 9.81 MB/s
Cumulative WAL: 135K writes, 0 syncs, 135453.00 writes per sync, written: 0.52 GB, 9.81 MB/s
Cumulative stall: 00:00:0.000 H:M:S, 0.0 percent
Interval writes: 135K writes, 135K keys, 67K commit groups, 2.0 writes per commit group, ingest: 532.60 MB, 9.81 MB/s
Interval WAL: 135K writes, 0 syncs, 135453.00 writes per sync, written: 0.52 MB, 9.81 MB/s
Interval stall: 00:00:0.000 H:M:S, 0.0 percent

** Compaction Stats [default] **
Level    Files   Size     Score Read(GB)  Rn(GB) Rnp1(GB) Write(GB) Wnew(GB) Moved(GB) W-Amp Rd(MB/s) Wr(MB/s) Comp(sec) Comp(cnt) Avg(sec) KeyIn KeyDrop
----------------------------------------------------------------------------------------------------------------------------------------------------------
 Sum      0/0    0.00 KB   0.0      0.0     0.0      0.0       0.0      0.0       0.0   0.0      0.0      0.0         0         0    0.000       0      0
 Int      0/0    0.00 KB   0.0      0.0     0.0      0.0       0.0      0.0       0.0   0.0      0.0      0.0         0         0    0.000       0      0
Uptime(secs): 54.3 total, 54.3 interval
Flush(GB): cumulative 0.000, interval 0.000
AddFile(GB): cumulative 0.000, interval 0.000
AddFile(Total Files): cumulative 0, interval 0
AddFile(L0 Files): cumulative 0, interval 0
AddFile(Keys): cumulative 0, interval 0
Cumulative compaction: 0.00 GB write, 0.00 MB/s write, 0.00 GB read, 0.00 MB/s read, 0.0 seconds
Interval compaction: 0.00 GB write, 0.00 MB/s write, 0.00 GB read, 0.00 MB/s read, 0.0 seconds
Stalls(count): 0 level0_slowdown, 0 level0_slowdown_with_compaction, 0 level0_numfiles, 0 level0_numfiles_with_compaction, 0 stop for pending_compaction_bytes, 0 slowdown for pending_compaction_bytes, 0 memtable_compaction, 0 memtable_slowdown, interval 0 total count

** File Read Latency Histogram By Level [default] **

** Compaction Stats [usertable] **
Level    Files   Size     Score Read(GB)  Rn(GB) Rnp1(GB) Write(GB) Wnew(GB) Moved(GB) W-Amp Rd(MB/s) Wr(MB/s) Comp(sec) Comp(cnt) Avg(sec) KeyIn KeyDrop
----------------------------------------------------------------------------------------------------------------------------------------------------------
  L0      2/0   481.77 MB   1.0      0.0     0.0      0.0       0.5      0.5       0.0   1.0      0.0     77.2         6         2    3.121       0      0
 Sum      2/0   481.77 MB   0.0      0.0     0.0      0.0       0.5      0.5       0.0   1.0      0.0     77.2         6         2    3.121       0      0
 Int      0/0    0.00 KB   0.0      0.0     0.0      0.0       0.5      0.5       0.0   1.0      0.0     77.2         6         2    3.121       0      0
Uptime(secs): 54.3 total, 54.3 interval
Flush(GB): cumulative 0.470, interval 0.470
AddFile(GB): cumulative 0.000, interval 0.000
AddFile(Total Files): cumulative 0, interval 0
AddFile(L0 Files): cumulative 0, interval 0
AddFile(Keys): cumulative 0, interval 0
Cumulative compaction: 0.47 GB write, 8.88 MB/s write, 0.00 GB read, 0.00 MB/s read, 6.2 seconds
Interval compaction: 0.47 GB write, 8.88 MB/s write, 0.00 GB read, 0.00 MB/s read, 6.2 seconds
Stalls(count): 0 level0_slowdown, 0 level0_slowdown_with_compaction, 0 level0_numfiles, 0 level0_numfiles_with_compaction, 0 stop for pending_compaction_bytes, 0 slowdown for pending_compaction_bytes, 0 memtable_compaction, 0 memtable_slowdown, interval 0 total count

** File Read Latency Histogram By Level [usertable] **

** Compaction Stats [default] **
Level    Files   Size     Score Read(GB)  Rn(GB) Rnp1(GB) Write(GB) Wnew(GB) Moved(GB) W-Amp Rd(MB/s) Wr(MB/s) Comp(sec) Comp(cnt) Avg(sec) KeyIn KeyDrop
----------------------------------------------------------------------------------------------------------------------------------------------------------
 Sum      0/0    0.00 KB   0.0      0.0     0.0      0.0       0.0      0.0       0.0   0.0      0.0      0.0         0         0    0.000       0      0
 Int      0/0    0.00 KB   0.0      0.0     0.0      0.0       0.0      0.0       0.0   0.0      0.0      0.0         0         0    0.000       0      0
Uptime(secs): 54.3 total, 0.0 interval
Flush(GB): cumulative 0.000, interval 0.000
AddFile(GB): cumulative 0.000, interval 0.000
AddFile(Total Files): cumulative 0, interval 0
AddFile(L0 Files): cumulative 0, interval 0
AddFile(Keys): cumulative 0, interval 0
Cumulative compaction: 0.00 GB write, 0.00 MB/s write, 0.00 GB read, 0.00 MB/s read, 0.0 seconds
Interval compaction: 0.00 GB write, 0.00 MB/s write, 0.00 GB read, 0.00 MB/s read, 0.0 seconds
Stalls(count): 0 level0_slowdown, 0 level0_slowdown_with_compaction, 0 level0_numfiles, 0 level0_numfiles_with_compaction, 0 stop for pending_compaction_bytes, 0 slowdown for pending_compaction_bytes, 0 memtable_compaction, 0 memtable_slowdown, interval 0 total count

** File Read Latency Histogram By Level [default] **

** Compaction Stats [usertable] **
Level    Files   Size     Score Read(GB)  Rn(GB) Rnp1(GB) Write(GB) Wnew(GB) Moved(GB) W-Amp Rd(MB/s) Wr(MB/s) Comp(sec) Comp(cnt) Avg(sec) KeyIn KeyDrop
----------------------------------------------------------------------------------------------------------------------------------------------------------
  L0      2/0   481.77 MB   1.0      0.0     0.0      0.0       0.5      0.5       0.0   1.0      0.0     77.2         6         2    3.121       0      0
 Sum      2/0   481.77 MB   0.0      0.0     0.0      0.0       0.5      0.5       0.0   1.0      0.0     77.2         6         2    3.121       0      0
 Int      0/0    0.00 KB   0.0      0.0     0.0      0.0       0.0      0.0       0.0   0.0      0.0      0.0         0         0    0.000       0      0
Uptime(secs): 54.3 total, 0.0 interval
Flush(GB): cumulative 0.470, interval 0.000
AddFile(GB): cumulative 0.000, interval 0.000
AddFile(Total Files): cumulative 0, interval 0
AddFile(L0 Files): cumulative 0, interval 0
AddFile(Keys): cumulative 0, interval 0
Cumulative compaction: 0.47 GB write, 8.88 MB/s write, 0.00 GB read, 0.00 MB/s read, 6.2 seconds
Interval compaction: 0.00 GB write, 0.00 MB/s write, 0.00 GB read, 0.00 MB/s read, 0.0 seconds
Stalls(count): 0 level0_slowdown, 0 level0_slowdown_with_compaction, 0 level0_numfiles, 0 level0_numfiles_with_compaction, 0 stop for pending_compaction_bytes, 0 slowdown for pending_compaction_bytes, 0 memtable_compaction, 0 memtable_slowdown, interval 0 total count

** File Read Latency Histogram By Level [usertable] **
2018/11/26-12:46:01.184528 7f1acf71f0 (Original Log Time 2018/11/26-12:46:01.154736) [db/db_impl_compaction_flush.cc:1835] [usertable] Moving #11 to level-1 253180333 bytes
2018/11/26-12:46:01.184547 7f1acf71f0 (Original Log Time 2018/11/26-12:46:01.184352) EVENT_LOG_v1 {"time_micros": 1543236361184308, "job": 4, "event": "trivial_move", "destination_level": 1, "files": 1, "total_files_size": 253180333}
2018/11/26-12:46:01.184557 7f1acf71f0 (Original Log Time 2018/11/26-12:46:01.184400) [db/db_impl_compaction_flush.cc:1864] [usertable] Moved #1 files to level-1 253180333 bytes OK: base level 1 max bytes base 536870912 files[1 1 0 0 0 0 0] max score 0.50
2018/11/26-12:46:07.791095 7f685fe1f0 [db/db_impl_write.cc:1373] [usertable] New memtable created with log file: #15. Immutable memtables: 0.
2018/11/26-12:46:19.011748 7f687fe1f0 [db/db_impl_write.cc:1373] [usertable] New memtable created with log file: #16. Immutable memtables: 1.
2018/11/26-12:46:19.011966 7f06ffd1f0 [db/db_impl_compaction_flush.cc:80] [JOB 5] Syncing log #13
2018/11/26-12:46:19.921161 7f06ffd1f0 [db/db_impl_compaction_flush.cc:80] [JOB 5] Syncing log #15
2018/11/26-12:46:21.017034 7f06ffd1f0 (Original Log Time 2018/11/26-12:46:19.011935) [db/db_impl_compaction_flush.cc:1424] Calling FlushMemTableToOutputFile with column family [usertable], flush slots available 6, compaction slots available 1, flush slots scheduled 1, compaction slots scheduled 0
2018/11/26-12:46:21.017079 7f06ffd1f0 [db/flush_job.cc:301] [usertable] [JOB 5] Flushing memtable with next log file: 15
2018/11/26-12:46:21.017100 7f06ffd1f0 [db/flush_job.cc:301] [usertable] [JOB 5] Flushing memtable with next log file: 16
2018/11/26-12:46:21.017178 7f06ffd1f0 EVENT_LOG_v1 {"time_micros": 1543236381017153, "job": 5, "event": "flush_started", "num_memtables": 2, "num_entries": 62504, "num_deletes": 0, "memory_usage": 259028136, "flush_reason": "Write Buffer Full"}
2018/11/26-12:46:21.017196 7f06ffd1f0 [db/flush_job.cc:331] [usertable] [JOB 5] Level-0 flush table #17: started
2018/11/26-12:46:23.452654 7f06ffd1f0 EVENT_LOG_v1 {"time_micros": 1543236383452604, "cf_name": "usertable", "job": 5, "event": "table_file_creation", "file_number": 17, "file_size": 258854035, "table_properties": {"data_size": 257703992, "index_size": 1149116, "filter_size": 0, "raw_key_size": 1500096, "raw_average_key_size": 24, "raw_value_size": 256016384, "raw_average_value_size": 4096, "num_data_blocks": 31252, "num_entries": 62504, "filter_policy_name": "", "kDeletedKeys": "0", "kMergeOperands": "0"}}
2018/11/26-12:46:23.452726 7f06ffd1f0 [db/flush_job.cc:371] [usertable] [JOB 5] Level-0 flush table #17: 258854035 bytes OK
2018/11/26-12:46:23.492609 7f06ffd1f0 (Original Log Time 2018/11/26-12:46:23.452755) [db/memtable_list.cc:377] [usertable] Level-0 commit table #17 started
2018/11/26-12:46:23.492616 7f06ffd1f0 (Original Log Time 2018/11/26-12:46:23.492456) [db/memtable_list.cc:409] [usertable] Level-0 commit table #17: memtable #1 done
2018/11/26-12:46:23.492622 7f06ffd1f0 (Original Log Time 2018/11/26-12:46:23.492464) [db/memtable_list.cc:409] [usertable] Level-0 commit table #17: memtable #2 done
2018/11/26-12:46:23.492626 7f06ffd1f0 (Original Log Time 2018/11/26-12:46:23.492507) EVENT_LOG_v1 {"time_micros": 1543236383492493, "job": 5, "event": "flush_finished", "output_compression": "NoCompression", "lsm_state": [2, 1, 0, 0, 0, 0, 0], "immutable_memtables": 0}
2018/11/26-12:46:23.492631 7f06ffd1f0 (Original Log Time 2018/11/26-12:46:23.492567) [db/db_impl_compaction_flush.cc:177] [usertable] Level summary: base level 1 max bytes base 536870912 files[2 1 0 0 0 0 0] max score 1.00
2018/11/26-12:46:23.492654 7f06ffd1f0 [db/db_impl_files.cc:347] [JOB 5] Try to delete WAL files size 257697956, prev total WAL file size 298026285, number of live WAL files 3.
2018/11/26-12:46:23.522227 7f19cf51f0 (Original Log Time 2018/11/26-12:46:23.492729) [db/db_impl_compaction_flush.cc:1835] [usertable] Moving #17 to level-1 258854035 bytes
2018/11/26-12:46:23.522245 7f19cf51f0 (Original Log Time 2018/11/26-12:46:23.522088) EVENT_LOG_v1 {"time_micros": 1543236383522067, "job": 6, "event": "trivial_move", "destination_level": 1, "files": 1, "total_files_size": 258854035}
