2018/11/26-05:53:04.316502 7f01a44dd700 RocksDB version: 5.14.3
2018/11/26-05:53:04.316570 7f01a44dd700 Git sha rocksdb_build_git_sha:
2018/11/26-05:53:04.316573 7f01a44dd700 Compile date Nov 22 2018
2018/11/26-05:53:04.316578 7f01a44dd700 DB SUMMARY
2018/11/26-05:53:04.317361 7f01a44dd700 CURRENT file:  CURRENT
2018/11/26-05:53:04.317365 7f01a44dd700 IDENTITY file:  IDENTITY
2018/11/26-05:53:04.317376 7f01a44dd700 MANIFEST file:  MANIFEST-000004 size: 128157 Bytes
2018/11/26-05:53:04.317379 7f01a44dd700 SST files in /mnt/sda/ycsb-rocksdb-data dir, Total Num: 653, files: 000021.sst 000022.sst 000023.sst 000024.sst 000028.sst 000029.sst 000030.sst 000031.sst 000035.sst 
2018/11/26-05:53:04.317381 7f01a44dd700 Write Ahead Log file in /mnt/sda/ycsb-rocksdb-data: 001284.log size: 100540078 ; 001288.log size: 100548352 ; 001290.log size: 27035802 ; 
2018/11/26-05:53:04.317387 7f01a44dd700                         Options.error_if_exists: 0
2018/11/26-05:53:04.317388 7f01a44dd700                       Options.create_if_missing: 1
2018/11/26-05:53:04.317389 7f01a44dd700                         Options.paranoid_checks: 1
2018/11/26-05:53:04.317390 7f01a44dd700                                     Options.env: 0x7f019e15a2c0
2018/11/26-05:53:04.317391 7f01a44dd700                                Options.info_log: 0x7f01103a8140
2018/11/26-05:53:04.317392 7f01a44dd700                Options.max_file_opening_threads: 16
2018/11/26-05:53:04.317393 7f01a44dd700                              Options.statistics: (nil)
2018/11/26-05:53:04.317394 7f01a44dd700                               Options.use_fsync: 0
2018/11/26-05:53:04.317395 7f01a44dd700                       Options.max_log_file_size: 0
2018/11/26-05:53:04.317396 7f01a44dd700                  Options.max_manifest_file_size: 18446744073709551615
2018/11/26-05:53:04.317397 7f01a44dd700                   Options.log_file_time_to_roll: 0
2018/11/26-05:53:04.317398 7f01a44dd700                       Options.keep_log_file_num: 1000
2018/11/26-05:53:04.317399 7f01a44dd700                    Options.recycle_log_file_num: 0
2018/11/26-05:53:04.317400 7f01a44dd700                         Options.allow_fallocate: 1
2018/11/26-05:53:04.317401 7f01a44dd700                        Options.allow_mmap_reads: 0
2018/11/26-05:53:04.317402 7f01a44dd700                       Options.allow_mmap_writes: 0
2018/11/26-05:53:04.317403 7f01a44dd700                        Options.use_direct_reads: 0
2018/11/26-05:53:04.317404 7f01a44dd700                        Options.use_direct_io_for_flush_and_compaction: 0
2018/11/26-05:53:04.317405 7f01a44dd700          Options.create_missing_column_families: 1
2018/11/26-05:53:04.317406 7f01a44dd700                              Options.db_log_dir: 
2018/11/26-05:53:04.317407 7f01a44dd700                                 Options.wal_dir: /mnt/sda/ycsb-rocksdb-data
2018/11/26-05:53:04.317408 7f01a44dd700                Options.table_cache_numshardbits: 6
2018/11/26-05:53:04.317409 7f01a44dd700                      Options.max_subcompactions: 4
2018/11/26-05:53:04.317410 7f01a44dd700                  Options.max_background_flushes: 24
2018/11/26-05:53:04.317411 7f01a44dd700                         Options.WAL_ttl_seconds: 0
2018/11/26-05:53:04.317412 7f01a44dd700                       Options.WAL_size_limit_MB: 0
2018/11/26-05:53:04.317412 7f01a44dd700             Options.manifest_preallocation_size: 4194304
2018/11/26-05:53:04.317413 7f01a44dd700                     Options.is_fd_close_on_exec: 1
2018/11/26-05:53:04.317414 7f01a44dd700                   Options.advise_random_on_open: 1
2018/11/26-05:53:04.317415 7f01a44dd700                    Options.db_write_buffer_size: 0
2018/11/26-05:53:04.317416 7f01a44dd700                    Options.write_buffer_manager: 0x7f01103a4090
2018/11/26-05:53:04.317417 7f01a44dd700         Options.access_hint_on_compaction_start: 1
2018/11/26-05:53:04.317418 7f01a44dd700  Options.new_table_reader_for_compaction_inputs: 0
2018/11/26-05:53:04.317419 7f01a44dd700           Options.random_access_max_buffer_size: 1048576
2018/11/26-05:53:04.317420 7f01a44dd700                      Options.use_adaptive_mutex: 0
2018/11/26-05:53:04.317435 7f01a44dd700                            Options.rate_limiter: (nil)
2018/11/26-05:53:04.317438 7f01a44dd700     Options.sst_file_manager.rate_bytes_per_sec: 0
2018/11/26-05:53:04.317439 7f01a44dd700                       Options.wal_recovery_mode: 2
2018/11/26-05:53:04.317440 7f01a44dd700                  Options.enable_thread_tracking: 0
2018/11/26-05:53:04.317441 7f01a44dd700                  Options.enable_pipelined_write: 1
2018/11/26-05:53:04.317442 7f01a44dd700         Options.allow_concurrent_memtable_write: 1
2018/11/26-05:53:04.317443 7f01a44dd700      Options.enable_write_thread_adaptive_yield: 1
2018/11/26-05:53:04.317444 7f01a44dd700             Options.write_thread_max_yield_usec: 100
2018/11/26-05:53:04.317445 7f01a44dd700            Options.write_thread_slow_yield_usec: 3
2018/11/26-05:53:04.317446 7f01a44dd700                               Options.row_cache: None
2018/11/26-05:53:04.317447 7f01a44dd700                              Options.wal_filter: None
2018/11/26-05:53:04.317448 7f01a44dd700             Options.avoid_flush_during_recovery: 0
2018/11/26-05:53:04.317449 7f01a44dd700             Options.allow_ingest_behind: 0
2018/11/26-05:53:04.317450 7f01a44dd700             Options.preserve_deletes: 0
2018/11/26-05:53:04.317451 7f01a44dd700             Options.two_write_queues: 0
2018/11/26-05:53:04.317452 7f01a44dd700             Options.manual_wal_flush: 0
2018/11/26-05:53:04.317453 7f01a44dd700             Options.max_background_jobs: 24
2018/11/26-05:53:04.317454 7f01a44dd700             Options.max_background_compactions: 24
2018/11/26-05:53:04.317455 7f01a44dd700             Options.avoid_flush_during_shutdown: 0
2018/11/26-05:53:04.317456 7f01a44dd700           Options.writable_file_max_buffer_size: 1048576
2018/11/26-05:53:04.317457 7f01a44dd700             Options.delayed_write_rate : 16777216
2018/11/26-05:53:04.317458 7f01a44dd700             Options.max_total_wal_size: 0
2018/11/26-05:53:04.317459 7f01a44dd700             Options.delete_obsolete_files_period_micros: 21600000000
2018/11/26-05:53:04.317460 7f01a44dd700                   Options.stats_dump_period_sec: 60
2018/11/26-05:53:04.317461 7f01a44dd700                          Options.max_open_files: -1
2018/11/26-05:53:04.317462 7f01a44dd700                          Options.bytes_per_sync: 1048576
2018/11/26-05:53:04.317463 7f01a44dd700                      Options.wal_bytes_per_sync: 0
2018/11/26-05:53:04.317464 7f01a44dd700       Options.compaction_readahead_size: 0
2018/11/26-05:53:04.317465 7f01a44dd700 Compression algorithms supported:
2018/11/26-05:53:04.317467 7f01a44dd700 	kZSTDNotFinalCompression supported: 1
2018/11/26-05:53:04.317476 7f01a44dd700 	kZSTD supported: 1
2018/11/26-05:53:04.317478 7f01a44dd700 	kXpressCompression supported: 0
2018/11/26-05:53:04.317479 7f01a44dd700 	kLZ4HCCompression supported: 1
2018/11/26-05:53:04.317480 7f01a44dd700 	kLZ4Compression supported: 1
2018/11/26-05:53:04.317481 7f01a44dd700 	kBZip2Compression supported: 1
2018/11/26-05:53:04.317482 7f01a44dd700 	kZlibCompression supported: 1
2018/11/26-05:53:04.317483 7f01a44dd700 	kSnappyCompression supported: 1
2018/11/26-05:53:04.317488 7f01a44dd700 Fast CRC32 supported: Supported on x86
2018/11/26-05:53:04.317925 7f01a44dd700 [db/version_set.cc:3085] Recovering from manifest file: MANIFEST-000004
2018/11/26-05:53:04.318017 7f01a44dd700 [db/column_family.cc:475] --------------- Options for column family [default]:
2018/11/26-05:53:04.318020 7f01a44dd700               Options.comparator: leveldb.BytewiseComparator
2018/11/26-05:53:04.318022 7f01a44dd700           Options.merge_operator: None
2018/11/26-05:53:04.318023 7f01a44dd700        Options.compaction_filter: None
2018/11/26-05:53:04.318024 7f01a44dd700        Options.compaction_filter_factory: None
2018/11/26-05:53:04.318025 7f01a44dd700         Options.memtable_factory: SkipListFactory
2018/11/26-05:53:04.318026 7f01a44dd700            Options.table_factory: BlockBasedTable
2018/11/26-05:53:04.318054 7f01a44dd700            table_factory options:   flush_block_policy_factory: FlushBlockBySizePolicyFactory (0x7f0110371760)
  cache_index_and_filter_blocks: 0
  cache_index_and_filter_blocks_with_high_priority: 0
  pin_l0_filter_and_index_blocks_in_cache: 0
  index_type: 0
  hash_index_allow_collision: 1
  checksum: 1
  no_block_cache: 0
  block_cache: 0x7f011037d920
  block_cache_name: LRUCache
  block_cache_options:
    capacity : 8388608
    num_shard_bits : 4
    strict_capacity_limit : 0
    high_pri_pool_ratio: 0.000
  block_cache_compressed: (nil)
  persistent_cache: (nil)
  block_size: 8192
  block_size_deviation: 10
  block_restart_interval: 16
  index_block_restart_interval: 1
  metadata_block_size: 4096
  partition_filters: 0
  use_delta_encoding: 1
  filter_policy: nullptr
  whole_key_filtering: 1
  verify_compression: 0
  read_amp_bytes_per_bit: 0
  format_version: 2
  enable_index_compression: 1
  block_align: 0
2018/11/26-05:53:04.318066 7f01a44dd700        Options.write_buffer_size: 134217728
2018/11/26-05:53:04.318068 7f01a44dd700  Options.max_write_buffer_number: 24
2018/11/26-05:53:04.318070 7f01a44dd700        Options.compression[0]: NoCompression
2018/11/26-05:53:04.318071 7f01a44dd700        Options.compression[1]: NoCompression
2018/11/26-05:53:04.318072 7f01a44dd700        Options.compression[2]: LZ4
2018/11/26-05:53:04.318073 7f01a44dd700        Options.compression[3]: LZ4
2018/11/26-05:53:04.318074 7f01a44dd700        Options.compression[4]: LZ4
2018/11/26-05:53:04.318075 7f01a44dd700        Options.compression[5]: LZ4
2018/11/26-05:53:04.318076 7f01a44dd700        Options.compression[6]: LZ4
2018/11/26-05:53:04.318077 7f01a44dd700                  Options.bottommost_compression: Disabled
2018/11/26-05:53:04.318078 7f01a44dd700       Options.prefix_extractor: nullptr
2018/11/26-05:53:04.318079 7f01a44dd700   Options.memtable_insert_with_hint_prefix_extractor: nullptr
2018/11/26-05:53:04.318080 7f01a44dd700             Options.num_levels: 7
2018/11/26-05:53:04.318081 7f01a44dd700        Options.min_write_buffer_number_to_merge: 2
2018/11/26-05:53:04.318082 7f01a44dd700     Options.max_write_buffer_number_to_maintain: 0
2018/11/26-05:53:04.318083 7f01a44dd700            Options.compression_opts.window_bits: -14
2018/11/26-05:53:04.318084 7f01a44dd700                  Options.compression_opts.level: -1
2018/11/26-05:53:04.318085 7f01a44dd700               Options.compression_opts.strategy: 0
2018/11/26-05:53:04.318086 7f01a44dd700         Options.compression_opts.max_dict_bytes: 0
2018/11/26-05:53:04.318087 7f01a44dd700         Options.compression_opts.zstd_max_train_bytes: 0
2018/11/26-05:53:04.318088 7f01a44dd700      Options.level0_file_num_compaction_trigger: 2
2018/11/26-05:53:04.318089 7f01a44dd700          Options.level0_slowdown_writes_trigger: 20
2018/11/26-05:53:04.318090 7f01a44dd700              Options.level0_stop_writes_trigger: 36
2018/11/26-05:53:04.318091 7f01a44dd700                   Options.target_file_size_base: 67108864
2018/11/26-05:53:04.318092 7f01a44dd700             Options.target_file_size_multiplier: 1
2018/11/26-05:53:04.318093 7f01a44dd700                Options.max_bytes_for_level_base: 536870912
2018/11/26-05:53:04.318094 7f01a44dd700 Options.level_compaction_dynamic_level_bytes: 0
2018/11/26-05:53:04.318095 7f01a44dd700          Options.max_bytes_for_level_multiplier: 10.000000
2018/11/26-05:53:04.318098 7f01a44dd700 Options.max_bytes_for_level_multiplier_addtl[0]: 1
2018/11/26-05:53:04.318099 7f01a44dd700 Options.max_bytes_for_level_multiplier_addtl[1]: 1
2018/11/26-05:53:04.318100 7f01a44dd700 Options.max_bytes_for_level_multiplier_addtl[2]: 1
2018/11/26-05:53:04.318101 7f01a44dd700 Options.max_bytes_for_level_multiplier_addtl[3]: 1
2018/11/26-05:53:04.318102 7f01a44dd700 Options.max_bytes_for_level_multiplier_addtl[4]: 1
2018/11/26-05:53:04.318103 7f01a44dd700 Options.max_bytes_for_level_multiplier_addtl[5]: 1
2018/11/26-05:53:04.318104 7f01a44dd700 Options.max_bytes_for_level_multiplier_addtl[6]: 1
2018/11/26-05:53:04.318105 7f01a44dd700       Options.max_sequential_skip_in_iterations: 8
2018/11/26-05:53:04.318106 7f01a44dd700                    Options.max_compaction_bytes: 1677721600
2018/11/26-05:53:04.318113 7f01a44dd700                        Options.arena_block_size: 16777216
2018/11/26-05:53:04.318115 7f01a44dd700   Options.soft_pending_compaction_bytes_limit: 68719476736
2018/11/26-05:53:04.318116 7f01a44dd700   Options.hard_pending_compaction_bytes_limit: 274877906944
2018/11/26-05:53:04.318117 7f01a44dd700       Options.rate_limit_delay_max_milliseconds: 100
2018/11/26-05:53:04.318118 7f01a44dd700                Options.disable_auto_compactions: 0
2018/11/26-05:53:04.318120 7f01a44dd700                        Options.compaction_style: kCompactionStyleLevel
2018/11/26-05:53:04.318122 7f01a44dd700                          Options.compaction_pri: kByCompensatedSize
2018/11/26-05:53:04.318123 7f01a44dd700 Options.compaction_options_universal.size_ratio: 1
2018/11/26-05:53:04.318124 7f01a44dd700 Options.compaction_options_universal.min_merge_width: 2
2018/11/26-05:53:04.318125 7f01a44dd700 Options.compaction_options_universal.max_merge_width: 4294967295
2018/11/26-05:53:04.318126 7f01a44dd700 Options.compaction_options_universal.max_size_amplification_percent: 200
2018/11/26-05:53:04.318127 7f01a44dd700 Options.compaction_options_universal.compression_size_percent: -1
2018/11/26-05:53:04.318129 7f01a44dd700 Options.compaction_options_universal.stop_style: kCompactionStopStyleTotalSize
2018/11/26-05:53:04.318130 7f01a44dd700 Options.compaction_options_fifo.max_table_files_size: 1073741824
2018/11/26-05:53:04.318131 7f01a44dd700 Options.compaction_options_fifo.allow_compaction: 0
2018/11/26-05:53:04.318132 7f01a44dd700 Options.compaction_options_fifo.ttl: 0
2018/11/26-05:53:04.318133 7f01a44dd700                   Options.table_properties_collectors: 
2018/11/26-05:53:04.318134 7f01a44dd700                   Options.inplace_update_support: 0
2018/11/26-05:53:04.318135 7f01a44dd700                 Options.inplace_update_num_locks: 10000
2018/11/26-05:53:04.318136 7f01a44dd700               Options.memtable_prefix_bloom_size_ratio: 0.000000
2018/11/26-05:53:04.318137 7f01a44dd700   Options.memtable_huge_page_size: 0
2018/11/26-05:53:04.318138 7f01a44dd700                           Options.bloom_locality: 0
2018/11/26-05:53:04.318139 7f01a44dd700                    Options.max_successive_merges: 0
2018/11/26-05:53:04.318140 7f01a44dd700                Options.optimize_filters_for_hits: 0
2018/11/26-05:53:04.318141 7f01a44dd700                Options.paranoid_file_checks: 0
2018/11/26-05:53:04.318142 7f01a44dd700                Options.force_consistency_checks: 0
2018/11/26-05:53:04.318143 7f01a44dd700                Options.report_bg_io_stats: 0
2018/11/26-05:53:04.318144 7f01a44dd700                               Options.ttl: 0
2018/11/26-05:53:04.318672 7f01a44dd700 [db/column_family.cc:475] --------------- Options for column family [usertable]:
2018/11/26-05:53:04.318675 7f01a44dd700               Options.comparator: leveldb.BytewiseComparator
2018/11/26-05:53:04.318676 7f01a44dd700           Options.merge_operator: None
2018/11/26-05:53:04.318677 7f01a44dd700        Options.compaction_filter: None
2018/11/26-05:53:04.318678 7f01a44dd700        Options.compaction_filter_factory: None
2018/11/26-05:53:04.318679 7f01a44dd700         Options.memtable_factory: SkipListFactory
2018/11/26-05:53:04.318680 7f01a44dd700            Options.table_factory: BlockBasedTable
2018/11/26-05:53:04.318702 7f01a44dd700            table_factory options:   flush_block_policy_factory: FlushBlockBySizePolicyFactory (0x7f0110371530)
  cache_index_and_filter_blocks: 0
  cache_index_and_filter_blocks_with_high_priority: 0
  pin_l0_filter_and_index_blocks_in_cache: 0
  index_type: 0
  hash_index_allow_collision: 1
  checksum: 1
  no_block_cache: 0
  block_cache: 0x7f0110371190
  block_cache_name: LRUCache
  block_cache_options:
    capacity : 8388608
    num_shard_bits : 4
    strict_capacity_limit : 0
    high_pri_pool_ratio: 0.000
  block_cache_compressed: (nil)
  persistent_cache: (nil)
  block_size: 8192
  block_size_deviation: 10
  block_restart_interval: 16
  index_block_restart_interval: 1
  metadata_block_size: 4096
  partition_filters: 0
  use_delta_encoding: 1
  filter_policy: nullptr
  whole_key_filtering: 1
  verify_compression: 0
  read_amp_bytes_per_bit: 0
  format_version: 2
  enable_index_compression: 1
  block_align: 0
2018/11/26-05:53:04.318715 7f01a44dd700        Options.write_buffer_size: 134217728
2018/11/26-05:53:04.318716 7f01a44dd700  Options.max_write_buffer_number: 24
2018/11/26-05:53:04.318718 7f01a44dd700        Options.compression[0]: NoCompression
2018/11/26-05:53:04.318719 7f01a44dd700        Options.compression[1]: NoCompression
2018/11/26-05:53:04.318720 7f01a44dd700        Options.compression[2]: LZ4
2018/11/26-05:53:04.318721 7f01a44dd700        Options.compression[3]: LZ4
2018/11/26-05:53:04.318722 7f01a44dd700        Options.compression[4]: LZ4
2018/11/26-05:53:04.318722 7f01a44dd700        Options.compression[5]: LZ4
2018/11/26-05:53:04.318723 7f01a44dd700        Options.compression[6]: LZ4
2018/11/26-05:53:04.318724 7f01a44dd700                  Options.bottommost_compression: Disabled
2018/11/26-05:53:04.318725 7f01a44dd700       Options.prefix_extractor: nullptr
2018/11/26-05:53:04.318726 7f01a44dd700   Options.memtable_insert_with_hint_prefix_extractor: nullptr
2018/11/26-05:53:04.318727 7f01a44dd700             Options.num_levels: 7
2018/11/26-05:53:04.318728 7f01a44dd700        Options.min_write_buffer_number_to_merge: 2
2018/11/26-05:53:04.318729 7f01a44dd700     Options.max_write_buffer_number_to_maintain: 0
2018/11/26-05:53:04.318730 7f01a44dd700            Options.compression_opts.window_bits: -14
2018/11/26-05:53:04.318731 7f01a44dd700                  Options.compression_opts.level: -1
2018/11/26-05:53:04.318732 7f01a44dd700               Options.compression_opts.strategy: 0
2018/11/26-05:53:04.318733 7f01a44dd700         Options.compression_opts.max_dict_bytes: 0
2018/11/26-05:53:04.318734 7f01a44dd700         Options.compression_opts.zstd_max_train_bytes: 0
2018/11/26-05:53:04.318735 7f01a44dd700      Options.level0_file_num_compaction_trigger: 2
2018/11/26-05:53:04.318735 7f01a44dd700          Options.level0_slowdown_writes_trigger: 20
2018/11/26-05:53:04.318736 7f01a44dd700              Options.level0_stop_writes_trigger: 36
2018/11/26-05:53:04.318737 7f01a44dd700                   Options.target_file_size_base: 67108864
2018/11/26-05:53:04.318738 7f01a44dd700             Options.target_file_size_multiplier: 1
2018/11/26-05:53:04.318739 7f01a44dd700                Options.max_bytes_for_level_base: 536870912
2018/11/26-05:53:04.318740 7f01a44dd700 Options.level_compaction_dynamic_level_bytes: 0
2018/11/26-05:53:04.318741 7f01a44dd700          Options.max_bytes_for_level_multiplier: 10.000000
2018/11/26-05:53:04.318743 7f01a44dd700 Options.max_bytes_for_level_multiplier_addtl[0]: 1
2018/11/26-05:53:04.318744 7f01a44dd700 Options.max_bytes_for_level_multiplier_addtl[1]: 1
2018/11/26-05:53:04.318745 7f01a44dd700 Options.max_bytes_for_level_multiplier_addtl[2]: 1
2018/11/26-05:53:04.318746 7f01a44dd700 Options.max_bytes_for_level_multiplier_addtl[3]: 1
2018/11/26-05:53:04.318747 7f01a44dd700 Options.max_bytes_for_level_multiplier_addtl[4]: 1
2018/11/26-05:53:04.318748 7f01a44dd700 Options.max_bytes_for_level_multiplier_addtl[5]: 1
2018/11/26-05:53:04.318749 7f01a44dd700 Options.max_bytes_for_level_multiplier_addtl[6]: 1
2018/11/26-05:53:04.318750 7f01a44dd700       Options.max_sequential_skip_in_iterations: 8
2018/11/26-05:53:04.318751 7f01a44dd700                    Options.max_compaction_bytes: 1677721600
2018/11/26-05:53:04.318752 7f01a44dd700                        Options.arena_block_size: 16777216
2018/11/26-05:53:04.318753 7f01a44dd700   Options.soft_pending_compaction_bytes_limit: 68719476736
2018/11/26-05:53:04.318754 7f01a44dd700   Options.hard_pending_compaction_bytes_limit: 274877906944
2018/11/26-05:53:04.318755 7f01a44dd700       Options.rate_limit_delay_max_milliseconds: 100
2018/11/26-05:53:04.318755 7f01a44dd700                Options.disable_auto_compactions: 0
2018/11/26-05:53:04.318757 7f01a44dd700                        Options.compaction_style: kCompactionStyleLevel
2018/11/26-05:53:04.318764 7f01a44dd700                          Options.compaction_pri: kByCompensatedSize
2018/11/26-05:53:04.318766 7f01a44dd700 Options.compaction_options_universal.size_ratio: 1
2018/11/26-05:53:04.318767 7f01a44dd700 Options.compaction_options_universal.min_merge_width: 2
2018/11/26-05:53:04.318767 7f01a44dd700 Options.compaction_options_universal.max_merge_width: 4294967295
2018/11/26-05:53:04.318768 7f01a44dd700 Options.compaction_options_universal.max_size_amplification_percent: 200
2018/11/26-05:53:04.318769 7f01a44dd700 Options.compaction_options_universal.compression_size_percent: -1
2018/11/26-05:53:04.318770 7f01a44dd700 Options.compaction_options_universal.stop_style: kCompactionStopStyleTotalSize
2018/11/26-05:53:04.318771 7f01a44dd700 Options.compaction_options_fifo.max_table_files_size: 1073741824
2018/11/26-05:53:04.318772 7f01a44dd700 Options.compaction_options_fifo.allow_compaction: 0
2018/11/26-05:53:04.318773 7f01a44dd700 Options.compaction_options_fifo.ttl: 0
2018/11/26-05:53:04.318774 7f01a44dd700                   Options.table_properties_collectors: 
2018/11/26-05:53:04.318775 7f01a44dd700                   Options.inplace_update_support: 0
2018/11/26-05:53:04.318776 7f01a44dd700                 Options.inplace_update_num_locks: 10000
2018/11/26-05:53:04.318777 7f01a44dd700               Options.memtable_prefix_bloom_size_ratio: 0.000000
2018/11/26-05:53:04.318779 7f01a44dd700   Options.memtable_huge_page_size: 0
2018/11/26-05:53:04.318780 7f01a44dd700                           Options.bloom_locality: 0
2018/11/26-05:53:04.318781 7f01a44dd700                    Options.max_successive_merges: 0
2018/11/26-05:53:04.318781 7f01a44dd700                Options.optimize_filters_for_hits: 0
2018/11/26-05:53:04.318782 7f01a44dd700                Options.paranoid_file_checks: 0
2018/11/26-05:53:04.318783 7f01a44dd700                Options.force_consistency_checks: 0
2018/11/26-05:53:04.318784 7f01a44dd700                Options.report_bg_io_stats: 0
2018/11/26-05:53:04.318785 7f01a44dd700                               Options.ttl: 0
2018/11/26-05:53:04.814802 7f01a44dd700 [db/version_set.cc:3361] Recovered from manifest file:/mnt/sda/ycsb-rocksdb-data/MANIFEST-000004 succeeded,manifest_file_number is 4, next_file_number is 1291, last_sequence is 10420938, log_number is 0,prev_log_number is 0,max_column_family is 1,min_log_number_to_keep is 0
2018/11/26-05:53:04.814814 7f01a44dd700 [db/version_set.cc:3369] Column family [default] (ID 0), log number is 0
2018/11/26-05:53:04.814816 7f01a44dd700 [db/version_set.cc:3369] Column family [usertable] (ID 1), log number is 1284
2018/11/26-05:53:04.816732 7f01a44dd700 EVENT_LOG_v1 {"time_micros": 1543240384816719, "job": 1, "event": "recovery_started", "log_files": [1284, 1288, 1290]}
2018/11/26-05:53:04.816740 7f01a44dd700 [db/db_impl_open.cc:551] Recovering log #1284 mode 2
2018/11/26-05:53:05.087640 7f01a44dd700 [db/db_impl_open.cc:551] Recovering log #1288 mode 2
2018/11/26-05:53:07.031079 7f01a44dd700 EVENT_LOG_v1 {"time_micros": 1543240387031053, "cf_name": "usertable", "job": 1, "event": "table_file_creation", "file_number": 1291, "file_size": 129902324, "table_properties": {"data_size": 129321395, "index_size": 580007, "filter_size": 0, "raw_key_size": 752760, "raw_average_key_size": 24, "raw_value_size": 128471040, "raw_average_value_size": 4096, "num_data_blocks": 15683, "num_entries": 31365, "filter_policy_name": "", "kDeletedKeys": "0", "kMergeOperands": "0"}}
2018/11/26-05:53:07.232460 7f01a44dd700 [db/db_impl_open.cc:551] Recovering log #1290 mode 2
2018/11/26-05:53:07.306902 7f01a44dd700 [db/version_set.cc:2847] Creating manifest 1292
2018/11/26-05:53:07.740052 7f01a44dd700 EVENT_LOG_v1 {"time_micros": 1543240387740032, "cf_name": "usertable", "job": 1, "event": "table_file_creation", "file_number": 1293, "file_size": 98520193, "table_properties": {"data_size": 98082061, "index_size": 437210, "filter_size": 0, "raw_key_size": 570936, "raw_average_key_size": 24, "raw_value_size": 97439744, "raw_average_value_size": 4096, "num_data_blocks": 11895, "num_entries": 23789, "filter_policy_name": "", "kDeletedKeys": "0", "kMergeOperands": "0"}}
2018/11/26-05:53:07.951870 7f01a44dd700 EVENT_LOG_v1 {"time_micros": 1543240387951868, "job": 1, "event": "recovery_finished"}
2018/11/26-05:53:08.375026 7f01a44dd700 [db/db_impl_open.cc:1219] DB pointer 0x7f01103a86d0
2018/11/26-05:53:08.375334 7f019d7e2700 [WARN] [db/db_impl.cc:491] ------- DUMPING STATS -------
2018/11/26-05:53:08.375380 7f019d7e2700 [WARN] [db/db_impl.cc:492] 
** DB Stats **
Uptime(secs): 4.1 total, 4.1 interval
Cumulative writes: 0 writes, 0 keys, 0 commit groups, 0.0 writes per commit group, ingest: 0.00 GB, 0.00 MB/s
Cumulative WAL: 0 writes, 0 syncs, 0.00 writes per sync, written: 0.00 GB, 0.00 MB/s
Cumulative stall: 00:00:0.000 H:M:S, 0.0 percent
Interval writes: 0 writes, 0 keys, 0 commit groups, 0.0 writes per commit group, ingest: 0.00 MB, 0.00 MB/s
Interval WAL: 0 writes, 0 syncs, 0.00 writes per sync, written: 0.00 MB, 0.00 MB/s
Interval stall: 00:00:0.000 H:M:S, 0.0 percent

** Compaction Stats [default] **
Level    Files   Size     Score Read(GB)  Rn(GB) Rnp1(GB) Write(GB) Wnew(GB) Moved(GB) W-Amp Rd(MB/s) Wr(MB/s) Comp(sec) Comp(cnt) Avg(sec) KeyIn KeyDrop
----------------------------------------------------------------------------------------------------------------------------------------------------------
 Sum      0/0    0.00 KB   0.0      0.0     0.0      0.0       0.0      0.0       0.0   0.0      0.0      0.0         0         0    0.000       0      0
 Int      0/0    0.00 KB   0.0      0.0     0.0      0.0       0.0      0.0       0.0   0.0      0.0      0.0         0         0    0.000       0      0
Uptime(secs): 4.1 total, 4.1 interval
Flush(GB): cumulative 0.000, interval 0.000
AddFile(GB): cumulative 0.000, interval 0.000
AddFile(Total Files): cumulative 0, interval 0
AddFile(L0 Files): cumulative 0, interval 0
AddFile(Keys): cumulative 0, interval 0
Cumulative compaction: 0.00 GB write, 0.00 MB/s write, 0.00 GB read, 0.00 MB/s read, 0.0 seconds
Interval compaction: 0.00 GB write, 0.00 MB/s write, 0.00 GB read, 0.00 MB/s read, 0.0 seconds
Stalls(count): 0 level0_slowdown, 0 level0_slowdown_with_compaction, 0 level0_numfiles, 0 level0_numfiles_with_compaction, 0 stop for pending_compaction_bytes, 0 slowdown for pending_compaction_bytes, 0 memtable_compaction, 0 memtable_slowdown, interval 0 total count

** File Read Latency Histogram By Level [default] **

** Compaction Stats [usertable] **
Level    Files   Size     Score Read(GB)  Rn(GB) Rnp1(GB) Write(GB) Wnew(GB) Moved(GB) W-Amp Rd(MB/s) Wr(MB/s) Comp(sec) Comp(cnt) Avg(sec) KeyIn KeyDrop
----------------------------------------------------------------------------------------------------------------------------------------------------------
  L0      3/0   409.80 MB   1.5      0.0     0.0      0.0       0.2      0.2       0.0   1.0      0.0     97.4         2         2    1.118       0      0
  L1      2/0   383.94 MB   0.7      0.0     0.0      0.0       0.0      0.0       0.0   0.0      0.0      0.0         0         0    0.000       0      0
  L2     99/0    4.99 GB   1.0      0.0     0.0      0.0       0.0      0.0       0.0   0.0      0.0      0.0         0         0    0.000       0      0
  L3    551/0   34.41 GB   0.7      0.0     0.0      0.0       0.0      0.0       0.0   0.0      0.0      0.0         0         0    0.000       0      0
 Sum    655/0   40.18 GB   0.0      0.0     0.0      0.0       0.2      0.2       0.0   1.0      0.0     97.4         2         2    1.118       0      0
 Int      0/0    0.00 KB   0.0      0.0     0.0      0.0       0.2      0.2       0.0   1.0      0.0     97.4         2         2    1.118       0      0
Uptime(secs): 4.1 total, 4.1 interval
Flush(GB): cumulative 0.213, interval 0.213
AddFile(GB): cumulative 0.000, interval 0.000
AddFile(Total Files): cumulative 0, interval 0
AddFile(L0 Files): cumulative 0, interval 0
AddFile(Keys): cumulative 0, interval 0
Cumulative compaction: 0.21 GB write, 53.70 MB/s write, 0.00 GB read, 0.00 MB/s read, 2.2 seconds
Interval compaction: 0.21 GB write, 53.70 MB/s write, 0.00 GB read, 0.00 MB/s read, 2.2 seconds
Stalls(count): 0 level0_slowdown, 0 level0_slowdown_with_compaction, 0 level0_numfiles, 0 level0_numfiles_with_compaction, 0 stop for pending_compaction_bytes, 0 slowdown for pending_compaction_bytes, 0 memtable_compaction, 0 memtable_slowdown, interval 0 total count

** File Read Latency Histogram By Level [usertable] **

** Compaction Stats [default] **
Level    Files   Size     Score Read(GB)  Rn(GB) Rnp1(GB) Write(GB) Wnew(GB) Moved(GB) W-Amp Rd(MB/s) Wr(MB/s) Comp(sec) Comp(cnt) Avg(sec) KeyIn KeyDrop
----------------------------------------------------------------------------------------------------------------------------------------------------------
 Sum      0/0    0.00 KB   0.0      0.0     0.0      0.0       0.0      0.0       0.0   0.0      0.0      0.0         0         0    0.000       0      0
 Int      0/0    0.00 KB   0.0      0.0     0.0      0.0       0.0      0.0       0.0   0.0      0.0      0.0         0         0    0.000       0      0
Uptime(secs): 4.1 total, 0.0 interval
Flush(GB): cumulative 0.000, interval 0.000
AddFile(GB): cumulative 0.000, interval 0.000
AddFile(Total Files): cumulative 0, interval 0
AddFile(L0 Files): cumulative 0, interval 0
AddFile(Keys): cumulative 0, interval 0
Cumulative compaction: 0.00 GB write, 0.00 MB/s write, 0.00 GB read, 0.00 MB/s read, 0.0 seconds
Interval compaction: 0.00 GB write, 0.00 MB/s write, 0.00 GB read, 0.00 MB/s read, 0.0 seconds
Stalls(count): 0 level0_slowdown, 0 level0_slowdown_with_compaction, 0 level0_numfiles, 0 level0_numfiles_with_compaction, 0 stop for pending_compaction_bytes, 0 slowdown for pending_compaction_bytes, 0 memtable_compaction, 0 memtable_slowdown, interval 0 total count

** File Read Latency Histogram By Level [default] **

** Compaction Stats [usertable] **
Level    Files   Size     Score Read(GB)  Rn(GB) Rnp1(GB) Write(GB) Wnew(GB) Moved(GB) W-Amp Rd(MB/s) Wr(MB/s) Comp(sec) Comp(cnt) Avg(sec) KeyIn KeyDrop
----------------------------------------------------------------------------------------------------------------------------------------------------------
  L0      3/0   409.80 MB   1.5      0.0     0.0      0.0       0.2      0.2       0.0   1.0      0.0     97.4         2         2    1.118       0      0
  L1      2/0   383.94 MB   0.7      0.0     0.0      0.0       0.0      0.0       0.0   0.0      0.0      0.0         0         0    0.000       0      0
  L2     99/0    4.99 GB   1.0      0.0     0.0      0.0       0.0      0.0       0.0   0.0      0.0      0.0         0         0    0.000       0      0
  L3    551/0   34.41 GB   0.7      0.0     0.0      0.0       0.0      0.0       0.0   0.0      0.0      0.0         0         0    0.000       0      0
 Sum    655/0   40.18 GB   0.0      0.0     0.0      0.0       0.2      0.2       0.0   1.0      0.0     97.4         2         2    1.118       0      0
 Int      0/0    0.00 KB   0.0      0.0     0.0      0.0       0.0      0.0       0.0   0.0      0.0      0.0         0         0    0.000       0      0
Uptime(secs): 4.1 total, 0.0 interval
Flush(GB): cumulative 0.213, interval 0.000
AddFile(GB): cumulative 0.000, interval 0.000
AddFile(Total Files): cumulative 0, interval 0
AddFile(L0 Files): cumulative 0, interval 0
AddFile(Keys): cumulative 0, interval 0
Cumulative compaction: 0.21 GB write, 53.70 MB/s write, 0.00 GB read, 0.00 MB/s read, 2.2 seconds
Interval compaction: 0.00 GB write, 0.00 MB/s write, 0.00 GB read, 0.00 MB/s read, 0.0 seconds
Stalls(count): 0 level0_slowdown, 0 level0_slowdown_with_compaction, 0 level0_numfiles, 0 level0_numfiles_with_compaction, 0 stop for pending_compaction_bytes, 0 slowdown for pending_compaction_bytes, 0 memtable_compaction, 0 memtable_slowdown, interval 0 total count

** File Read Latency Histogram By Level [usertable] **
2018/11/26-05:53:08.579052 7f019d7e2700 (Original Log Time 2018/11/26-05:53:08.375498) [db/db_impl_compaction_flush.cc:1835] [usertable] Moving #649 to level-1 201287138 bytes
2018/11/26-05:53:08.579057 7f019d7e2700 (Original Log Time 2018/11/26-05:53:08.578981) EVENT_LOG_v1 {"time_micros": 1543240388578973, "job": 3, "event": "trivial_move", "destination_level": 1, "files": 1, "total_files_size": 201287138}
2018/11/26-05:53:08.579059 7f019d7e2700 (Original Log Time 2018/11/26-05:53:08.578995) [db/db_impl_compaction_flush.cc:1864] [usertable] Moved #1 files to level-1 201287138 bytes OK: base level 1 max bytes base 536870912 files[2 3 99 551 0 0 0] max score 1.12
2018/11/26-05:53:08.579143 7f019d7e2700 [db/compaction_job.cc:1531] [usertable] [JOB 4] Compacting 1@1 files to L2, score 1.12
2018/11/26-05:53:08.579150 7f019d7e2700 [db/compaction_job.cc:1535] [usertable] Compaction start summary: Base version 6 Base level 1, inputs: [979(191MB)]
2018/11/26-05:53:08.579169 7f019d7e2700 EVENT_LOG_v1 {"time_micros": 1543240388579155, "job": 4, "event": "compaction_started", "compaction_reason": "LevelMaxLevelSize", "files_L1": [979], "score": 1.1248, "input_data_size": 201292902}
2018/11/26-05:53:10.545545 7f019d7e2700 [db/compaction_job.cc:1211] [usertable] [JOB 4] Generated table #1297: 16279 keys, 67233356 bytes
2018/11/26-05:53:10.545581 7f019d7e2700 EVENT_LOG_v1 {"time_micros": 1543240390545567, "cf_name": "usertable", "job": 4, "event": "table_file_creation", "file_number": 1297, "file_size": 67233356, "table_properties": {"data_size": 67118331, "index_size": 299108, "filter_size": 0, "raw_key_size": 390696, "raw_average_key_size": 24, "raw_value_size": 66678784, "raw_average_value_size": 4096, "num_data_blocks": 8140, "num_entries": 16279, "filter_policy_name": "", "kDeletedKeys": "0", "kMergeOperands": "0"}}
2018/11/26-05:53:12.110329 7f019d7e2700 [db/compaction_job.cc:1211] [usertable] [JOB 4] Generated table #1298: 16279 keys, 67233552 bytes
2018/11/26-05:53:12.110443 7f019d7e2700 EVENT_LOG_v1 {"time_micros": 1543240392110403, "cf_name": "usertable", "job": 4, "event": "table_file_creation", "file_number": 1298, "file_size": 67233552, "table_properties": {"data_size": 67120140, "index_size": 300916, "filter_size": 0, "raw_key_size": 390696, "raw_average_key_size": 24, "raw_value_size": 66678784, "raw_average_value_size": 4096, "num_data_blocks": 8140, "num_entries": 16279, "filter_policy_name": "", "kDeletedKeys": "0", "kMergeOperands": "0"}}
2018/11/26-05:53:12.856397 7f019d7e2700 [db/compaction_job.cc:1211] [usertable] [JOB 4] Generated table #1299: 16047 keys, 66275200 bytes
2018/11/26-05:53:12.856479 7f019d7e2700 EVENT_LOG_v1 {"time_micros": 1543240392856456, "cf_name": "usertable", "job": 4, "event": "table_file_creation", "file_number": 1299, "file_size": 66275200, "table_properties": {"data_size": 66161795, "index_size": 294840, "filter_size": 0, "raw_key_size": 385128, "raw_average_key_size": 24, "raw_value_size": 65728512, "raw_average_value_size": 4096, "num_data_blocks": 8024, "num_entries": 16047, "filter_policy_name": "", "kDeletedKeys": "0", "kMergeOperands": "0"}}
2018/11/26-05:53:12.856534 7f019d7e2700 [db/compaction_job.cc:1287] [usertable] [JOB 4] Compacted 1@1 files to L2 => 200742108 bytes
2018/11/26-05:53:12.973992 7f019d7e2700 (Original Log Time 2018/11/26-05:53:12.973888) [db/compaction_job.cc:685] [usertable] compacted to: base level 1 max bytes base 536870912 files[2 2 102 551 0 0 0] max score 1.04, MB/sec: 47.1 rd, 46.9 wr, level 2, files in(1, 0) out(3) MB in(192.0, 0.0) out(191.4), read-write-amplify(2.0) write-amplify(1.0) OK, records in: 48605, records dropped: 0 output_compression: LZ4
2018/11/26-05:53:12.973999 7f019d7e2700 (Original Log Time 2018/11/26-05:53:12.973915) EVENT_LOG_v1 {"time_micros": 1543240392973904, "job": 4, "event": "compaction_finished", "compaction_time_micros": 4277325, "output_level": 2, "num_output_files": 3, "total_output_size": 200742108, "num_input_records": 48605, "num_output_records": 48605, "num_subcompactions": 1, "output_compression": "LZ4", "num_single_delete_mismatches": 0, "num_single_delete_fallthrough": 0, "lsm_state": [2, 2, 102, 551, 0, 0, 0]}
2018/11/26-05:53:13.078118 7f019d7e2700 (Original Log Time 2018/11/26-05:53:12.974217) [db/db_impl_compaction_flush.cc:1835] [usertable] Moving #1298 to level-3 67233552 bytes
2018/11/26-05:53:13.078121 7f019d7e2700 (Original Log Time 2018/11/26-05:53:13.078078) EVENT_LOG_v1 {"time_micros": 1543240393078074, "job": 5, "event": "trivial_move", "destination_level": 3, "files": 1, "total_files_size": 67233552}
2018/11/26-05:53:13.078123 7f019d7e2700 (Original Log Time 2018/11/26-05:53:13.078084) [db/db_impl_compaction_flush.cc:1864] [usertable] Moved #1 files to level-3 67233552 bytes OK: base level 1 max bytes base 536870912 files[2 2 101 552 0 0 0] max score 1.02
2018/11/26-05:53:13.094971 7f019d7e2700 EVENT_LOG_v1 {"time_micros": 1543240393094967, "job": 5, "event": "table_file_deletion", "file_number": 979}
2018/11/26-05:53:13.216282 7f01977fe700 (Original Log Time 2018/11/26-05:53:13.095096) [db/db_impl_compaction_flush.cc:1835] [usertable] Moving #1297 to level-3 67233356 bytes
2018/11/26-05:53:13.216286 7f01977fe700 (Original Log Time 2018/11/26-05:53:13.216217) EVENT_LOG_v1 {"time_micros": 1543240393216211, "job": 6, "event": "trivial_move", "destination_level": 3, "files": 1, "total_files_size": 67233356}
2018/11/26-05:53:13.216288 7f01977fe700 (Original Log Time 2018/11/26-05:53:13.216234) [db/db_impl_compaction_flush.cc:1864] [usertable] Moved #1 files to level-3 67233356 bytes OK: base level 1 max bytes base 536870912 files[2 2 100 553 0 0 0] max score 1.01
2018/11/26-05:53:13.327191 7f01977fe700 (Original Log Time 2018/11/26-05:53:13.216461) [db/db_impl_compaction_flush.cc:1835] [usertable] Moving #1067 to level-3 66296021 bytes
2018/11/26-05:53:13.327196 7f01977fe700 (Original Log Time 2018/11/26-05:53:13.327131) EVENT_LOG_v1 {"time_micros": 1543240393327126, "job": 7, "event": "trivial_move", "destination_level": 3, "files": 1, "total_files_size": 66296021}
2018/11/26-05:53:13.327197 7f01977fe700 (Original Log Time 2018/11/26-05:53:13.327146) [db/db_impl_compaction_flush.cc:1864] [usertable] Moved #1 files to level-3 66296021 bytes OK: base level 1 max bytes base 536870912 files[2 2 99 554 0 0 0] max score 1.00
2018/11/26-05:53:13.453740 7f01977fe700 (Original Log Time 2018/11/26-05:53:13.327371) [db/db_impl_compaction_flush.cc:1835] [usertable] Moving #1291 to level-1 129902324 bytes
2018/11/26-05:53:13.453743 7f01977fe700 (Original Log Time 2018/11/26-05:53:13.453708) EVENT_LOG_v1 {"time_micros": 1543240393453705, "job": 8, "event": "trivial_move", "destination_level": 1, "files": 1, "total_files_size": 129902324}
2018/11/26-05:53:13.453745 7f01977fe700 (Original Log Time 2018/11/26-05:53:13.453716) [db/db_impl_compaction_flush.cc:1864] [usertable] Moved #1 files to level-1 129902324 bytes OK: base level 1 max bytes base 536870912 files[1 3 99 554 0 0 0] max score 1.00
2018/11/26-05:53:15.121580 7f019f9f9700 [db/db_impl_write.cc:1373] [usertable] New memtable created with log file: #1300. Immutable memtables: 0.
2018/11/26-05:53:16.740827 7f019ebda700 [db/db_impl_write.cc:1373] [usertable] New memtable created with log file: #1301. Immutable memtables: 1.
