2019/03/20-03:29:47.157951 7f62d49de700 RocksDB version: 5.14.3
2019/03/20-03:29:47.157998 7f62d49de700 Git sha rocksdb_build_git_sha:
2019/03/20-03:29:47.158001 7f62d49de700 Compile date Oct  9 2018
2019/03/20-03:29:47.158009 7f62d49de700 DB SUMMARY
2019/03/20-03:29:47.158583 7f62d49de700 CURRENT file:  CURRENT
2019/03/20-03:29:47.158586 7f62d49de700 IDENTITY file:  IDENTITY
2019/03/20-03:29:47.158594 7f62d49de700 MANIFEST file:  MANIFEST-000004 size: 131646 Bytes
2019/03/20-03:29:47.158598 7f62d49de700 SST files in /mnt/sdb/ycsb-rocksdb-data dir, Total Num: 730, files: 000021.sst 000022.sst 000023.sst 000024.sst 000028.sst 000029.sst 000030.sst 000031.sst 000035.sst 
2019/03/20-03:29:47.158602 7f62d49de700 Write Ahead Log file in /mnt/sdb/ycsb-rocksdb-data: 001358.log size: 113650905 ; 001364.log size: 90865716 ; 
2019/03/20-03:29:47.158628 7f62d49de700                         Options.error_if_exists: 0
2019/03/20-03:29:47.158629 7f62d49de700                       Options.create_if_missing: 1
2019/03/20-03:29:47.158630 7f62d49de700                         Options.paranoid_checks: 1
2019/03/20-03:29:47.158631 7f62d49de700                                     Options.env: 0x7f6268ffa080
2019/03/20-03:29:47.158632 7f62d49de700                                Options.info_log: 0x7f624c3b1620
2019/03/20-03:29:47.158633 7f62d49de700                Options.max_file_opening_threads: 16
2019/03/20-03:29:47.158634 7f62d49de700                              Options.statistics: (nil)
2019/03/20-03:29:47.158635 7f62d49de700                               Options.use_fsync: 0
2019/03/20-03:29:47.158636 7f62d49de700                       Options.max_log_file_size: 0
2019/03/20-03:29:47.158637 7f62d49de700                  Options.max_manifest_file_size: 18446744073709551615
2019/03/20-03:29:47.158638 7f62d49de700                   Options.log_file_time_to_roll: 0
2019/03/20-03:29:47.158639 7f62d49de700                       Options.keep_log_file_num: 1000
2019/03/20-03:29:47.158640 7f62d49de700                    Options.recycle_log_file_num: 0
2019/03/20-03:29:47.158641 7f62d49de700                         Options.allow_fallocate: 1
2019/03/20-03:29:47.158642 7f62d49de700                        Options.allow_mmap_reads: 0
2019/03/20-03:29:47.158643 7f62d49de700                       Options.allow_mmap_writes: 0
2019/03/20-03:29:47.158644 7f62d49de700                        Options.use_direct_reads: 0
2019/03/20-03:29:47.158645 7f62d49de700                        Options.use_direct_io_for_flush_and_compaction: 0
2019/03/20-03:29:47.158646 7f62d49de700          Options.create_missing_column_families: 1
2019/03/20-03:29:47.158647 7f62d49de700                              Options.db_log_dir: 
2019/03/20-03:29:47.158648 7f62d49de700                                 Options.wal_dir: /mnt/sdb/ycsb-rocksdb-data
2019/03/20-03:29:47.158649 7f62d49de700                Options.table_cache_numshardbits: 6
2019/03/20-03:29:47.158650 7f62d49de700                      Options.max_subcompactions: 4
2019/03/20-03:29:47.158651 7f62d49de700                  Options.max_background_flushes: 24
2019/03/20-03:29:47.158652 7f62d49de700                         Options.WAL_ttl_seconds: 0
2019/03/20-03:29:47.158653 7f62d49de700                       Options.WAL_size_limit_MB: 0
2019/03/20-03:29:47.158654 7f62d49de700             Options.manifest_preallocation_size: 4194304
2019/03/20-03:29:47.158655 7f62d49de700                     Options.is_fd_close_on_exec: 1
2019/03/20-03:29:47.158656 7f62d49de700                   Options.advise_random_on_open: 1
2019/03/20-03:29:47.158657 7f62d49de700                    Options.db_write_buffer_size: 0
2019/03/20-03:29:47.158658 7f62d49de700                    Options.write_buffer_manager: 0x7f624c3b1010
2019/03/20-03:29:47.158659 7f62d49de700         Options.access_hint_on_compaction_start: 1
2019/03/20-03:29:47.158660 7f62d49de700  Options.new_table_reader_for_compaction_inputs: 0
2019/03/20-03:29:47.158661 7f62d49de700           Options.random_access_max_buffer_size: 1048576
2019/03/20-03:29:47.158662 7f62d49de700                      Options.use_adaptive_mutex: 0
2019/03/20-03:29:47.158663 7f62d49de700                            Options.rate_limiter: (nil)
2019/03/20-03:29:47.158677 7f62d49de700     Options.sst_file_manager.rate_bytes_per_sec: 0
2019/03/20-03:29:47.158678 7f62d49de700                       Options.wal_recovery_mode: 2
2019/03/20-03:29:47.158679 7f62d49de700                  Options.enable_thread_tracking: 0
2019/03/20-03:29:47.158680 7f62d49de700                  Options.enable_pipelined_write: 1
2019/03/20-03:29:47.158681 7f62d49de700         Options.allow_concurrent_memtable_write: 1
2019/03/20-03:29:47.158682 7f62d49de700      Options.enable_write_thread_adaptive_yield: 1
2019/03/20-03:29:47.158683 7f62d49de700             Options.write_thread_max_yield_usec: 100
2019/03/20-03:29:47.158684 7f62d49de700            Options.write_thread_slow_yield_usec: 3
2019/03/20-03:29:47.158685 7f62d49de700                               Options.row_cache: None
2019/03/20-03:29:47.158686 7f62d49de700                              Options.wal_filter: None
2019/03/20-03:29:47.158687 7f62d49de700             Options.avoid_flush_during_recovery: 0
2019/03/20-03:29:47.158688 7f62d49de700             Options.allow_ingest_behind: 0
2019/03/20-03:29:47.158689 7f62d49de700             Options.preserve_deletes: 0
2019/03/20-03:29:47.158690 7f62d49de700             Options.two_write_queues: 0
2019/03/20-03:29:47.158691 7f62d49de700             Options.manual_wal_flush: 0
2019/03/20-03:29:47.158693 7f62d49de700             Options.max_background_jobs: 24
2019/03/20-03:29:47.158694 7f62d49de700             Options.max_background_compactions: 24
2019/03/20-03:29:47.158695 7f62d49de700             Options.avoid_flush_during_shutdown: 0
2019/03/20-03:29:47.158696 7f62d49de700           Options.writable_file_max_buffer_size: 1048576
2019/03/20-03:29:47.158697 7f62d49de700             Options.delayed_write_rate : 16777216
2019/03/20-03:29:47.158698 7f62d49de700             Options.max_total_wal_size: 0
2019/03/20-03:29:47.158699 7f62d49de700             Options.delete_obsolete_files_period_micros: 21600000000
2019/03/20-03:29:47.158700 7f62d49de700                   Options.stats_dump_period_sec: 60
2019/03/20-03:29:47.158701 7f62d49de700                          Options.max_open_files: -1
2019/03/20-03:29:47.158702 7f62d49de700                          Options.bytes_per_sync: 1048576
2019/03/20-03:29:47.158703 7f62d49de700                      Options.wal_bytes_per_sync: 0
2019/03/20-03:29:47.158704 7f62d49de700       Options.compaction_readahead_size: 0
2019/03/20-03:29:47.158705 7f62d49de700 Compression algorithms supported:
2019/03/20-03:29:47.158706 7f62d49de700 	kZSTDNotFinalCompression supported: 1
2019/03/20-03:29:47.158713 7f62d49de700 	kZSTD supported: 1
2019/03/20-03:29:47.158714 7f62d49de700 	kXpressCompression supported: 0
2019/03/20-03:29:47.158715 7f62d49de700 	kLZ4HCCompression supported: 1
2019/03/20-03:29:47.158716 7f62d49de700 	kLZ4Compression supported: 1
2019/03/20-03:29:47.158717 7f62d49de700 	kBZip2Compression supported: 1
2019/03/20-03:29:47.158718 7f62d49de700 	kZlibCompression supported: 1
2019/03/20-03:29:47.158719 7f62d49de700 	kSnappyCompression supported: 1
2019/03/20-03:29:47.158723 7f62d49de700 Fast CRC32 supported: Not supported on x86
2019/03/20-03:29:47.159141 7f62d49de700 [db/version_set.cc:3085] Recovering from manifest file: MANIFEST-000004
2019/03/20-03:29:47.159246 7f62d49de700 [db/column_family.cc:475] --------------- Options for column family [default]:
2019/03/20-03:29:47.159250 7f62d49de700               Options.comparator: leveldb.BytewiseComparator
2019/03/20-03:29:47.159251 7f62d49de700           Options.merge_operator: None
2019/03/20-03:29:47.159252 7f62d49de700        Options.compaction_filter: None
2019/03/20-03:29:47.159253 7f62d49de700        Options.compaction_filter_factory: None
2019/03/20-03:29:47.159254 7f62d49de700         Options.memtable_factory: SkipListFactory
2019/03/20-03:29:47.159256 7f62d49de700            Options.table_factory: BlockBasedTable
2019/03/20-03:29:47.159282 7f62d49de700            table_factory options:   flush_block_policy_factory: FlushBlockBySizePolicyFactory (0x7f624c3b1ca0)
  cache_index_and_filter_blocks: 0
  cache_index_and_filter_blocks_with_high_priority: 0
  pin_l0_filter_and_index_blocks_in_cache: 0
  index_type: 0
  hash_index_allow_collision: 1
  checksum: 1
  no_block_cache: 0
  block_cache: 0x7f624c3a3b80
  block_cache_name: LRUCache
  block_cache_options:
    capacity : 8388608
    num_shard_bits : 4
    strict_capacity_limit : 0
    high_pri_pool_ratio: 0.000
  block_cache_compressed: (nil)
  persistent_cache: (nil)
  block_size: 8192
  block_size_deviation: 10
  block_restart_interval: 16
  index_block_restart_interval: 1
  metadata_block_size: 4096
  partition_filters: 0
  use_delta_encoding: 1
  filter_policy: nullptr
  whole_key_filtering: 1
  verify_compression: 0
  read_amp_bytes_per_bit: 0
  format_version: 2
  enable_index_compression: 1
  block_align: 0
2019/03/20-03:29:47.159297 7f62d49de700        Options.write_buffer_size: 134217728
2019/03/20-03:29:47.159299 7f62d49de700  Options.max_write_buffer_number: 24
2019/03/20-03:29:47.159301 7f62d49de700        Options.compression[0]: NoCompression
2019/03/20-03:29:47.159302 7f62d49de700        Options.compression[1]: NoCompression
2019/03/20-03:29:47.159303 7f62d49de700        Options.compression[2]: LZ4
2019/03/20-03:29:47.159304 7f62d49de700        Options.compression[3]: LZ4
2019/03/20-03:29:47.159305 7f62d49de700        Options.compression[4]: LZ4
2019/03/20-03:29:47.159306 7f62d49de700        Options.compression[5]: LZ4
2019/03/20-03:29:47.159308 7f62d49de700        Options.compression[6]: LZ4
2019/03/20-03:29:47.159309 7f62d49de700                  Options.bottommost_compression: Disabled
2019/03/20-03:29:47.159310 7f62d49de700       Options.prefix_extractor: nullptr
2019/03/20-03:29:47.159311 7f62d49de700   Options.memtable_insert_with_hint_prefix_extractor: nullptr
2019/03/20-03:29:47.159312 7f62d49de700             Options.num_levels: 7
2019/03/20-03:29:47.159313 7f62d49de700        Options.min_write_buffer_number_to_merge: 2
2019/03/20-03:29:47.159314 7f62d49de700     Options.max_write_buffer_number_to_maintain: 0
2019/03/20-03:29:47.159315 7f62d49de700            Options.compression_opts.window_bits: -14
2019/03/20-03:29:47.159316 7f62d49de700                  Options.compression_opts.level: -1
2019/03/20-03:29:47.159317 7f62d49de700               Options.compression_opts.strategy: 0
2019/03/20-03:29:47.159318 7f62d49de700         Options.compression_opts.max_dict_bytes: 0
2019/03/20-03:29:47.159319 7f62d49de700         Options.compression_opts.zstd_max_train_bytes: 0
2019/03/20-03:29:47.159320 7f62d49de700      Options.level0_file_num_compaction_trigger: 2
2019/03/20-03:29:47.159320 7f62d49de700          Options.level0_slowdown_writes_trigger: 20
2019/03/20-03:29:47.159321 7f62d49de700              Options.level0_stop_writes_trigger: 36
2019/03/20-03:29:47.159322 7f62d49de700                   Options.target_file_size_base: 67108864
2019/03/20-03:29:47.159323 7f62d49de700             Options.target_file_size_multiplier: 1
2019/03/20-03:29:47.159324 7f62d49de700                Options.max_bytes_for_level_base: 536870912
2019/03/20-03:29:47.159325 7f62d49de700 Options.level_compaction_dynamic_level_bytes: 0
2019/03/20-03:29:47.159327 7f62d49de700          Options.max_bytes_for_level_multiplier: 10.000000
2019/03/20-03:29:47.159330 7f62d49de700 Options.max_bytes_for_level_multiplier_addtl[0]: 1
2019/03/20-03:29:47.159331 7f62d49de700 Options.max_bytes_for_level_multiplier_addtl[1]: 1
2019/03/20-03:29:47.159332 7f62d49de700 Options.max_bytes_for_level_multiplier_addtl[2]: 1
2019/03/20-03:29:47.159333 7f62d49de700 Options.max_bytes_for_level_multiplier_addtl[3]: 1
2019/03/20-03:29:47.159334 7f62d49de700 Options.max_bytes_for_level_multiplier_addtl[4]: 1
2019/03/20-03:29:47.159335 7f62d49de700 Options.max_bytes_for_level_multiplier_addtl[5]: 1
2019/03/20-03:29:47.159336 7f62d49de700 Options.max_bytes_for_level_multiplier_addtl[6]: 1
2019/03/20-03:29:47.159337 7f62d49de700       Options.max_sequential_skip_in_iterations: 8
2019/03/20-03:29:47.159338 7f62d49de700                    Options.max_compaction_bytes: 1677721600
2019/03/20-03:29:47.159348 7f62d49de700                        Options.arena_block_size: 16777216
2019/03/20-03:29:47.159349 7f62d49de700   Options.soft_pending_compaction_bytes_limit: 68719476736
2019/03/20-03:29:47.159350 7f62d49de700   Options.hard_pending_compaction_bytes_limit: 274877906944
2019/03/20-03:29:47.159351 7f62d49de700       Options.rate_limit_delay_max_milliseconds: 100
2019/03/20-03:29:47.159352 7f62d49de700                Options.disable_auto_compactions: 0
2019/03/20-03:29:47.159354 7f62d49de700                        Options.compaction_style: kCompactionStyleLevel
2019/03/20-03:29:47.159355 7f62d49de700                          Options.compaction_pri: kByCompensatedSize
2019/03/20-03:29:47.159356 7f62d49de700 Options.compaction_options_universal.size_ratio: 1
2019/03/20-03:29:47.159357 7f62d49de700 Options.compaction_options_universal.min_merge_width: 2
2019/03/20-03:29:47.159358 7f62d49de700 Options.compaction_options_universal.max_merge_width: 4294967295
2019/03/20-03:29:47.159359 7f62d49de700 Options.compaction_options_universal.max_size_amplification_percent: 200
2019/03/20-03:29:47.159360 7f62d49de700 Options.compaction_options_universal.compression_size_percent: -1
2019/03/20-03:29:47.159361 7f62d49de700 Options.compaction_options_universal.stop_style: kCompactionStopStyleTotalSize
2019/03/20-03:29:47.159362 7f62d49de700 Options.compaction_options_fifo.max_table_files_size: 1073741824
2019/03/20-03:29:47.159363 7f62d49de700 Options.compaction_options_fifo.allow_compaction: 0
2019/03/20-03:29:47.159364 7f62d49de700 Options.compaction_options_fifo.ttl: 0
2019/03/20-03:29:47.159365 7f62d49de700                   Options.table_properties_collectors: 
2019/03/20-03:29:47.159367 7f62d49de700                   Options.inplace_update_support: 0
2019/03/20-03:29:47.159367 7f62d49de700                 Options.inplace_update_num_locks: 10000
2019/03/20-03:29:47.159368 7f62d49de700               Options.memtable_prefix_bloom_size_ratio: 0.000000
2019/03/20-03:29:47.159370 7f62d49de700   Options.memtable_huge_page_size: 0
2019/03/20-03:29:47.159371 7f62d49de700                           Options.bloom_locality: 0
2019/03/20-03:29:47.159372 7f62d49de700                    Options.max_successive_merges: 0
2019/03/20-03:29:47.159373 7f62d49de700                Options.optimize_filters_for_hits: 0
2019/03/20-03:29:47.159374 7f62d49de700                Options.paranoid_file_checks: 0
2019/03/20-03:29:47.159375 7f62d49de700                Options.force_consistency_checks: 0
2019/03/20-03:29:47.159376 7f62d49de700                Options.report_bg_io_stats: 0
2019/03/20-03:29:47.159377 7f62d49de700                               Options.ttl: 0
2019/03/20-03:29:47.159833 7f62d49de700 [db/column_family.cc:475] --------------- Options for column family [usertable]:
2019/03/20-03:29:47.159837 7f62d49de700               Options.comparator: leveldb.BytewiseComparator
2019/03/20-03:29:47.159838 7f62d49de700           Options.merge_operator: None
2019/03/20-03:29:47.159839 7f62d49de700        Options.compaction_filter: None
2019/03/20-03:29:47.159840 7f62d49de700        Options.compaction_filter_factory: None
2019/03/20-03:29:47.159841 7f62d49de700         Options.memtable_factory: SkipListFactory
2019/03/20-03:29:47.159842 7f62d49de700            Options.table_factory: BlockBasedTable
2019/03/20-03:29:47.159865 7f62d49de700            table_factory options:   flush_block_policy_factory: FlushBlockBySizePolicyFactory (0x7f624c3ae530)
  cache_index_and_filter_blocks: 0
  cache_index_and_filter_blocks_with_high_priority: 0
  pin_l0_filter_and_index_blocks_in_cache: 0
  index_type: 0
  hash_index_allow_collision: 1
  checksum: 1
  no_block_cache: 0
  block_cache: 0x7f624c3b3540
  block_cache_name: LRUCache
  block_cache_options:
    capacity : 8388608
    num_shard_bits : 4
    strict_capacity_limit : 0
    high_pri_pool_ratio: 0.000
  block_cache_compressed: (nil)
  persistent_cache: (nil)
  block_size: 8192
  block_size_deviation: 10
  block_restart_interval: 16
  index_block_restart_interval: 1
  metadata_block_size: 4096
  partition_filters: 0
  use_delta_encoding: 1
  filter_policy: nullptr
  whole_key_filtering: 1
  verify_compression: 0
  read_amp_bytes_per_bit: 0
  format_version: 2
  enable_index_compression: 1
  block_align: 0
2019/03/20-03:29:47.159877 7f62d49de700        Options.write_buffer_size: 134217728
2019/03/20-03:29:47.159879 7f62d49de700  Options.max_write_buffer_number: 24
2019/03/20-03:29:47.159880 7f62d49de700        Options.compression[0]: NoCompression
2019/03/20-03:29:47.159881 7f62d49de700        Options.compression[1]: NoCompression
2019/03/20-03:29:47.159883 7f62d49de700        Options.compression[2]: LZ4
2019/03/20-03:29:47.159884 7f62d49de700        Options.compression[3]: LZ4
2019/03/20-03:29:47.159885 7f62d49de700        Options.compression[4]: LZ4
2019/03/20-03:29:47.159886 7f62d49de700        Options.compression[5]: LZ4
2019/03/20-03:29:47.159887 7f62d49de700        Options.compression[6]: LZ4
2019/03/20-03:29:47.159888 7f62d49de700                  Options.bottommost_compression: Disabled
2019/03/20-03:29:47.159889 7f62d49de700       Options.prefix_extractor: nullptr
2019/03/20-03:29:47.159890 7f62d49de700   Options.memtable_insert_with_hint_prefix_extractor: nullptr
2019/03/20-03:29:47.159891 7f62d49de700             Options.num_levels: 7
2019/03/20-03:29:47.159892 7f62d49de700        Options.min_write_buffer_number_to_merge: 2
2019/03/20-03:29:47.159893 7f62d49de700     Options.max_write_buffer_number_to_maintain: 0
2019/03/20-03:29:47.159894 7f62d49de700            Options.compression_opts.window_bits: -14
2019/03/20-03:29:47.159895 7f62d49de700                  Options.compression_opts.level: -1
2019/03/20-03:29:47.159896 7f62d49de700               Options.compression_opts.strategy: 0
2019/03/20-03:29:47.159897 7f62d49de700         Options.compression_opts.max_dict_bytes: 0
2019/03/20-03:29:47.159898 7f62d49de700         Options.compression_opts.zstd_max_train_bytes: 0
2019/03/20-03:29:47.159899 7f62d49de700      Options.level0_file_num_compaction_trigger: 2
2019/03/20-03:29:47.159900 7f62d49de700          Options.level0_slowdown_writes_trigger: 20
2019/03/20-03:29:47.159901 7f62d49de700              Options.level0_stop_writes_trigger: 36
2019/03/20-03:29:47.159902 7f62d49de700                   Options.target_file_size_base: 67108864
2019/03/20-03:29:47.159903 7f62d49de700             Options.target_file_size_multiplier: 1
2019/03/20-03:29:47.159904 7f62d49de700                Options.max_bytes_for_level_base: 536870912
2019/03/20-03:29:47.159905 7f62d49de700 Options.level_compaction_dynamic_level_bytes: 0
2019/03/20-03:29:47.159906 7f62d49de700          Options.max_bytes_for_level_multiplier: 10.000000
2019/03/20-03:29:47.159908 7f62d49de700 Options.max_bytes_for_level_multiplier_addtl[0]: 1
2019/03/20-03:29:47.159909 7f62d49de700 Options.max_bytes_for_level_multiplier_addtl[1]: 1
2019/03/20-03:29:47.159910 7f62d49de700 Options.max_bytes_for_level_multiplier_addtl[2]: 1
2019/03/20-03:29:47.159911 7f62d49de700 Options.max_bytes_for_level_multiplier_addtl[3]: 1
2019/03/20-03:29:47.159912 7f62d49de700 Options.max_bytes_for_level_multiplier_addtl[4]: 1
2019/03/20-03:29:47.159913 7f62d49de700 Options.max_bytes_for_level_multiplier_addtl[5]: 1
2019/03/20-03:29:47.159914 7f62d49de700 Options.max_bytes_for_level_multiplier_addtl[6]: 1
2019/03/20-03:29:47.159915 7f62d49de700       Options.max_sequential_skip_in_iterations: 8
2019/03/20-03:29:47.159916 7f62d49de700                    Options.max_compaction_bytes: 1677721600
2019/03/20-03:29:47.159917 7f62d49de700                        Options.arena_block_size: 16777216
2019/03/20-03:29:47.159918 7f62d49de700   Options.soft_pending_compaction_bytes_limit: 68719476736
2019/03/20-03:29:47.159919 7f62d49de700   Options.hard_pending_compaction_bytes_limit: 274877906944
2019/03/20-03:29:47.159920 7f62d49de700       Options.rate_limit_delay_max_milliseconds: 100
2019/03/20-03:29:47.159921 7f62d49de700                Options.disable_auto_compactions: 0
2019/03/20-03:29:47.159922 7f62d49de700                        Options.compaction_style: kCompactionStyleLevel
2019/03/20-03:29:47.159930 7f62d49de700                          Options.compaction_pri: kByCompensatedSize
2019/03/20-03:29:47.159931 7f62d49de700 Options.compaction_options_universal.size_ratio: 1
2019/03/20-03:29:47.159932 7f62d49de700 Options.compaction_options_universal.min_merge_width: 2
2019/03/20-03:29:47.159933 7f62d49de700 Options.compaction_options_universal.max_merge_width: 4294967295
2019/03/20-03:29:47.159934 7f62d49de700 Options.compaction_options_universal.max_size_amplification_percent: 200
2019/03/20-03:29:47.159935 7f62d49de700 Options.compaction_options_universal.compression_size_percent: -1
2019/03/20-03:29:47.159936 7f62d49de700 Options.compaction_options_universal.stop_style: kCompactionStopStyleTotalSize
2019/03/20-03:29:47.159949 7f62d49de700 Options.compaction_options_fifo.max_table_files_size: 1073741824
2019/03/20-03:29:47.159950 7f62d49de700 Options.compaction_options_fifo.allow_compaction: 0
2019/03/20-03:29:47.159951 7f62d49de700 Options.compaction_options_fifo.ttl: 0
2019/03/20-03:29:47.159952 7f62d49de700                   Options.table_properties_collectors: 
2019/03/20-03:29:47.159953 7f62d49de700                   Options.inplace_update_support: 0
2019/03/20-03:29:47.159954 7f62d49de700                 Options.inplace_update_num_locks: 10000
2019/03/20-03:29:47.159955 7f62d49de700               Options.memtable_prefix_bloom_size_ratio: 0.000000
2019/03/20-03:29:47.159957 7f62d49de700   Options.memtable_huge_page_size: 0
2019/03/20-03:29:47.159958 7f62d49de700                           Options.bloom_locality: 0
2019/03/20-03:29:47.159959 7f62d49de700                    Options.max_successive_merges: 0
2019/03/20-03:29:47.159959 7f62d49de700                Options.optimize_filters_for_hits: 0
2019/03/20-03:29:47.159960 7f62d49de700                Options.paranoid_file_checks: 0
2019/03/20-03:29:47.159961 7f62d49de700                Options.force_consistency_checks: 0
2019/03/20-03:29:47.159962 7f62d49de700                Options.report_bg_io_stats: 0
2019/03/20-03:29:47.159963 7f62d49de700                               Options.ttl: 0
2019/03/20-03:29:47.718880 7f62d49de700 [db/version_set.cc:3361] Recovered from manifest file:/mnt/sdb/ycsb-rocksdb-data/MANIFEST-000004 succeeded,manifest_file_number is 4, next_file_number is 1365, last_sequence is 10411337, log_number is 0,prev_log_number is 0,max_column_family is 1,min_log_number_to_keep is 0
2019/03/20-03:29:47.718891 7f62d49de700 [db/version_set.cc:3369] Column family [default] (ID 0), log number is 0
2019/03/20-03:29:47.718893 7f62d49de700 [db/version_set.cc:3369] Column family [usertable] (ID 1), log number is 1358
2019/03/20-03:29:47.720957 7f62d49de700 EVENT_LOG_v1 {"time_micros": 1553077787720938, "job": 1, "event": "recovery_started", "log_files": [1358, 1364]}
2019/03/20-03:29:47.720966 7f62d49de700 [db/db_impl_open.cc:551] Recovering log #1358 mode 2
2019/03/20-03:29:48.048356 7f62d49de700 [db/db_impl_open.cc:551] Recovering log #1364 mode 2
2019/03/20-03:29:48.624610 7f62d49de700 EVENT_LOG_v1 {"time_micros": 1553077788624578, "cf_name": "usertable", "job": 1, "event": "table_file_creation", "file_number": 1365, "file_size": 129902323, "table_properties": {"data_size": 129321394, "index_size": 580007, "filter_size": 0, "raw_key_size": 752760, "raw_average_key_size": 24, "raw_value_size": 128471040, "raw_average_value_size": 4096, "num_data_blocks": 15683, "num_entries": 31365, "filter_policy_name": "", "kDeletedKeys": "0", "kMergeOperands": "0"}}
2019/03/20-03:29:48.846382 7f62d49de700 [db/version_set.cc:2847] Creating manifest 1366
2019/03/20-03:29:49.211554 7f62d49de700 EVENT_LOG_v1 {"time_micros": 1553077789211526, "cf_name": "usertable", "job": 1, "event": "table_file_creation", "file_number": 1367, "file_size": 74864578, "table_properties": {"data_size": 74531485, "index_size": 332171, "filter_size": 0, "raw_key_size": 433848, "raw_average_key_size": 24, "raw_value_size": 74043392, "raw_average_value_size": 4096, "num_data_blocks": 9039, "num_entries": 18077, "filter_policy_name": "", "kDeletedKeys": "0", "kMergeOperands": "0"}}
2019/03/20-03:29:49.241668 7f62d49de700 EVENT_LOG_v1 {"time_micros": 1553077789241658, "job": 1, "event": "recovery_finished"}
2019/03/20-03:29:49.309275 7f62d49de700 [db/db_impl_open.cc:1219] DB pointer 0x7f624c3a5d40
2019/03/20-03:29:49.309550 7f61e37fe700 [WARN] [db/db_impl.cc:491] ------- DUMPING STATS -------
2019/03/20-03:29:49.309598 7f61e37fe700 [WARN] [db/db_impl.cc:492] 
** DB Stats **
Uptime(secs): 2.2 total, 2.2 interval
Cumulative writes: 0 writes, 0 keys, 0 commit groups, 0.0 writes per commit group, ingest: 0.00 GB, 0.00 MB/s
Cumulative WAL: 0 writes, 0 syncs, 0.00 writes per sync, written: 0.00 GB, 0.00 MB/s
Cumulative stall: 00:00:0.000 H:M:S, 0.0 percent
Interval writes: 0 writes, 0 keys, 0 commit groups, 0.0 writes per commit group, ingest: 0.00 MB, 0.00 MB/s
Interval WAL: 0 writes, 0 syncs, 0.00 writes per sync, written: 0.00 MB, 0.00 MB/s
Interval stall: 00:00:0.000 H:M:S, 0.0 percent

** Compaction Stats [default] **
Level    Files   Size     Score Read(GB)  Rn(GB) Rnp1(GB) Write(GB) Wnew(GB) Moved(GB) W-Amp Rd(MB/s) Wr(MB/s) Comp(sec) Comp(cnt) Avg(sec) KeyIn KeyDrop
----------------------------------------------------------------------------------------------------------------------------------------------------------
 Sum      0/0    0.00 KB   0.0      0.0     0.0      0.0       0.0      0.0       0.0   0.0      0.0      0.0         0         0    0.000       0      0
 Int      0/0    0.00 KB   0.0      0.0     0.0      0.0       0.0      0.0       0.0   0.0      0.0      0.0         0         0    0.000       0      0
Uptime(secs): 2.2 total, 2.2 interval
Flush(GB): cumulative 0.000, interval 0.000
AddFile(GB): cumulative 0.000, interval 0.000
AddFile(Total Files): cumulative 0, interval 0
AddFile(L0 Files): cumulative 0, interval 0
AddFile(Keys): cumulative 0, interval 0
Cumulative compaction: 0.00 GB write, 0.00 MB/s write, 0.00 GB read, 0.00 MB/s read, 0.0 seconds
Interval compaction: 0.00 GB write, 0.00 MB/s write, 0.00 GB read, 0.00 MB/s read, 0.0 seconds
Stalls(count): 0 level0_slowdown, 0 level0_slowdown_with_compaction, 0 level0_numfiles, 0 level0_numfiles_with_compaction, 0 stop for pending_compaction_bytes, 0 slowdown for pending_compaction_bytes, 0 memtable_compaction, 0 memtable_slowdown, interval 0 total count

** File Read Latency Histogram By Level [default] **

** Compaction Stats [usertable] **
Level    Files   Size     Score Read(GB)  Rn(GB) Rnp1(GB) Write(GB) Wnew(GB) Moved(GB) W-Amp Rd(MB/s) Wr(MB/s) Comp(sec) Comp(cnt) Avg(sec) KeyIn KeyDrop
----------------------------------------------------------------------------------------------------------------------------------------------------------
  L0      3/0   367.48 MB   1.5      0.0     0.0      0.0       0.2      0.2       0.0   1.0      0.0    236.8         1         2    0.412       0      0
  L1      9/0   459.59 MB   0.9      0.0     0.0      0.0       0.0      0.0       0.0   0.0      0.0      0.0         0         0    0.000       0      0
  L2    171/0    4.99 GB   1.0      0.0     0.0      0.0       0.0      0.0       0.0   0.0      0.0      0.0         0         0    0.000       0      0
  L3    549/0   34.38 GB   0.7      0.0     0.0      0.0       0.0      0.0       0.0   0.0      0.0      0.0         0         0    0.000       0      0
 Sum    732/0   40.18 GB   0.0      0.0     0.0      0.0       0.2      0.2       0.0   1.0      0.0    236.8         1         2    0.412       0      0
 Int      0/0    0.00 KB   0.0      0.0     0.0      0.0       0.2      0.2       0.0   1.0      0.0    236.8         1         2    0.412       0      0
Uptime(secs): 2.1 total, 2.1 interval
Flush(GB): cumulative 0.191, interval 0.191
AddFile(GB): cumulative 0.000, interval 0.000
AddFile(Total Files): cumulative 0, interval 0
AddFile(L0 Files): cumulative 0, interval 0
AddFile(Keys): cumulative 0, interval 0
Cumulative compaction: 0.19 GB write, 90.84 MB/s write, 0.00 GB read, 0.00 MB/s read, 0.8 seconds
Interval compaction: 0.19 GB write, 90.84 MB/s write, 0.00 GB read, 0.00 MB/s read, 0.8 seconds
Stalls(count): 0 level0_slowdown, 0 level0_slowdown_with_compaction, 0 level0_numfiles, 0 level0_numfiles_with_compaction, 0 stop for pending_compaction_bytes, 0 slowdown for pending_compaction_bytes, 0 memtable_compaction, 0 memtable_slowdown, interval 0 total count

** File Read Latency Histogram By Level [usertable] **

** Compaction Stats [default] **
Level    Files   Size     Score Read(GB)  Rn(GB) Rnp1(GB) Write(GB) Wnew(GB) Moved(GB) W-Amp Rd(MB/s) Wr(MB/s) Comp(sec) Comp(cnt) Avg(sec) KeyIn KeyDrop
----------------------------------------------------------------------------------------------------------------------------------------------------------
 Sum      0/0    0.00 KB   0.0      0.0     0.0      0.0       0.0      0.0       0.0   0.0      0.0      0.0         0         0    0.000       0      0
 Int      0/0    0.00 KB   0.0      0.0     0.0      0.0       0.0      0.0       0.0   0.0      0.0      0.0         0         0    0.000       0      0
Uptime(secs): 2.2 total, 0.0 interval
Flush(GB): cumulative 0.000, interval 0.000
AddFile(GB): cumulative 0.000, interval 0.000
AddFile(Total Files): cumulative 0, interval 0
AddFile(L0 Files): cumulative 0, interval 0
AddFile(Keys): cumulative 0, interval 0
Cumulative compaction: 0.00 GB write, 0.00 MB/s write, 0.00 GB read, 0.00 MB/s read, 0.0 seconds
Interval compaction: 0.00 GB write, 0.00 MB/s write, 0.00 GB read, 0.00 MB/s read, 0.0 seconds
Stalls(count): 0 level0_slowdown, 0 level0_slowdown_with_compaction, 0 level0_numfiles, 0 level0_numfiles_with_compaction, 0 stop for pending_compaction_bytes, 0 slowdown for pending_compaction_bytes, 0 memtable_compaction, 0 memtable_slowdown, interval 0 total count

** File Read Latency Histogram By Level [default] **

** Compaction Stats [usertable] **
Level    Files   Size     Score Read(GB)  Rn(GB) Rnp1(GB) Write(GB) Wnew(GB) Moved(GB) W-Amp Rd(MB/s) Wr(MB/s) Comp(sec) Comp(cnt) Avg(sec) KeyIn KeyDrop
----------------------------------------------------------------------------------------------------------------------------------------------------------
  L0      3/0   367.48 MB   1.5      0.0     0.0      0.0       0.2      0.2       0.0   1.0      0.0    236.8         1         2    0.412       0      0
  L1      9/0   459.59 MB   0.9      0.0     0.0      0.0       0.0      0.0       0.0   0.0      0.0      0.0         0         0    0.000       0      0
  L2    171/0    4.99 GB   1.0      0.0     0.0      0.0       0.0      0.0       0.0   0.0      0.0      0.0         0         0    0.000       0      0
  L3    549/0   34.38 GB   0.7      0.0     0.0      0.0       0.0      0.0       0.0   0.0      0.0      0.0         0         0    0.000       0      0
 Sum    732/0   40.18 GB   0.0      0.0     0.0      0.0       0.2      0.2       0.0   1.0      0.0    236.8         1         2    0.412       0      0
 Int      0/0    0.00 KB   0.0      0.0     0.0      0.0       0.0      0.0       0.0   0.0      0.0      0.0         0         0    0.000       0      0
Uptime(secs): 2.1 total, 0.0 interval
Flush(GB): cumulative 0.191, interval 0.000
AddFile(GB): cumulative 0.000, interval 0.000
AddFile(Total Files): cumulative 0, interval 0
AddFile(L0 Files): cumulative 0, interval 0
AddFile(Keys): cumulative 0, interval 0
Cumulative compaction: 0.19 GB write, 90.84 MB/s write, 0.00 GB read, 0.00 MB/s read, 0.8 seconds
Interval compaction: 0.00 GB write, 0.00 MB/s write, 0.00 GB read, 0.00 MB/s read, 0.0 seconds
Stalls(count): 0 level0_slowdown, 0 level0_slowdown_with_compaction, 0 level0_numfiles, 0 level0_numfiles_with_compaction, 0 stop for pending_compaction_bytes, 0 slowdown for pending_compaction_bytes, 0 memtable_compaction, 0 memtable_slowdown, interval 0 total count

** File Read Latency Histogram By Level [usertable] **
2019/03/20-03:29:49.341548 7f61e37fe700 (Original Log Time 2019/03/20-03:29:49.309715) [db/db_impl_compaction_flush.cc:1835] [usertable] Moving #780 to level-1 180565219 bytes
2019/03/20-03:29:49.341551 7f61e37fe700 (Original Log Time 2019/03/20-03:29:49.341468) EVENT_LOG_v1 {"time_micros": 1553077789341459, "job": 3, "event": "trivial_move", "destination_level": 1, "files": 1, "total_files_size": 180565219}
2019/03/20-03:29:49.341553 7f61e37fe700 (Original Log Time 2019/03/20-03:29:49.341481) [db/db_impl_compaction_flush.cc:1864] [usertable] Moved #1 files to level-1 180565219 bytes OK: base level 1 max bytes base 536870912 files[2 10 171 549 0 0 0] max score 1.23
2019/03/20-03:29:49.341636 7f61e37fe700 [db/compaction_job.cc:1531] [usertable] [JOB 4] Compacting 1@1 files to L2, score 1.23
2019/03/20-03:29:49.341644 7f61e37fe700 [db/compaction_job.cc:1535] [usertable] Compaction start summary: Base version 6 Base level 1, inputs: [780(172MB)]
2019/03/20-03:29:49.341673 7f61e37fe700 EVENT_LOG_v1 {"time_micros": 1553077789341650, "job": 4, "event": "compaction_started", "compaction_reason": "LevelMaxLevelSize", "files_L1": [780], "score": 1.23397, "input_data_size": 180565219}
2019/03/20-03:29:50.146323 7f61e37fe700 [db/compaction_job.cc:1211] [usertable] [JOB 4] Generated table #1371: 16279 keys, 67233343 bytes
2019/03/20-03:29:50.146370 7f61e37fe700 EVENT_LOG_v1 {"time_micros": 1553077790146349, "cf_name": "usertable", "job": 4, "event": "table_file_creation", "file_number": 1371, "file_size": 67233343, "table_properties": {"data_size": 67118331, "index_size": 299108, "filter_size": 0, "raw_key_size": 390696, "raw_average_key_size": 24, "raw_value_size": 66678784, "raw_average_value_size": 4096, "num_data_blocks": 8140, "num_entries": 16279, "filter_policy_name": "", "kDeletedKeys": "0", "kMergeOperands": "0"}}
2019/03/20-03:29:50.889398 7f61e37fe700 [db/compaction_job.cc:1211] [usertable] [JOB 4] Generated table #1372: 16279 keys, 67233564 bytes
2019/03/20-03:29:50.889455 7f61e37fe700 EVENT_LOG_v1 {"time_micros": 1553077790889427, "cf_name": "usertable", "job": 4, "event": "table_file_creation", "file_number": 1372, "file_size": 67233564, "table_properties": {"data_size": 67120140, "index_size": 300916, "filter_size": 0, "raw_key_size": 390696, "raw_average_key_size": 24, "raw_value_size": 66678784, "raw_average_value_size": 4096, "num_data_blocks": 8140, "num_entries": 16279, "filter_policy_name": "", "kDeletedKeys": "0", "kMergeOperands": "0"}}
2019/03/20-03:29:51.462115 7f61e37fe700 [db/compaction_job.cc:1211] [usertable] [JOB 4] Generated table #1373: 11042 keys, 45604458 bytes
2019/03/20-03:29:51.462173 7f61e37fe700 EVENT_LOG_v1 {"time_micros": 1553077791462144, "cf_name": "usertable", "job": 4, "event": "table_file_creation", "file_number": 1373, "file_size": 45604458, "table_properties": {"data_size": 45526166, "index_size": 202786, "filter_size": 0, "raw_key_size": 265008, "raw_average_key_size": 24, "raw_value_size": 45228032, "raw_average_value_size": 4096, "num_data_blocks": 5521, "num_entries": 11042, "filter_policy_name": "", "kDeletedKeys": "0", "kMergeOperands": "0"}}
2019/03/20-03:29:51.462260 7f61e37fe700 [db/compaction_job.cc:1287] [usertable] [JOB 4] Compacted 1@1 files to L2 => 180071365 bytes
2019/03/20-03:29:51.495356 7f61e37fe700 (Original Log Time 2019/03/20-03:29:51.495142) [db/compaction_job.cc:685] [usertable] compacted to: base level 1 max bytes base 536870912 files[2 9 174 549 0 0 0] max score 1.03, MB/sec: 85.2 rd, 84.9 wr, level 2, files in(1, 0) out(3) MB in(172.2, 0.0) out(171.7), read-write-amplify(2.0) write-amplify(1.0) OK, records in: 43600, records dropped: 0 output_compression: LZ4
2019/03/20-03:29:51.495368 7f61e37fe700 (Original Log Time 2019/03/20-03:29:51.495214) EVENT_LOG_v1 {"time_micros": 1553077791495188, "job": 4, "event": "compaction_finished", "compaction_time_micros": 2120535, "output_level": 2, "num_output_files": 3, "total_output_size": 180071365, "num_input_records": 43600, "num_output_records": 43600, "num_subcompactions": 1, "output_compression": "LZ4", "num_single_delete_mismatches": 0, "num_single_delete_fallthrough": 0, "lsm_state": [2, 9, 174, 549, 0, 0, 0]}
2019/03/20-03:29:51.527534 7f61e37fe700 (Original Log Time 2019/03/20-03:29:51.495654) [db/db_impl_compaction_flush.cc:1835] [usertable] Moving #1372 to level-3 67233564 bytes
2019/03/20-03:29:51.527541 7f61e37fe700 (Original Log Time 2019/03/20-03:29:51.527408) EVENT_LOG_v1 {"time_micros": 1553077791527391, "job": 5, "event": "trivial_move", "destination_level": 3, "files": 1, "total_files_size": 67233564}
2019/03/20-03:29:51.527544 7f61e37fe700 (Original Log Time 2019/03/20-03:29:51.527430) [db/db_impl_compaction_flush.cc:1864] [usertable] Moved #1 files to level-3 67233564 bytes OK: base level 1 max bytes base 536870912 files[2 9 173 550 0 0 0] max score 1.02
2019/03/20-03:29:51.552944 7f61e37fe700 EVENT_LOG_v1 {"time_micros": 1553077791552929, "job": 5, "event": "table_file_deletion", "file_number": 780}
2019/03/20-03:29:51.584862 7f62477fe700 (Original Log Time 2019/03/20-03:29:51.553215) [db/db_impl_compaction_flush.cc:1835] [usertable] Moving #1371 to level-3 67233343 bytes
2019/03/20-03:29:51.584867 7f62477fe700 (Original Log Time 2019/03/20-03:29:51.584785) EVENT_LOG_v1 {"time_micros": 1553077791584773, "job": 6, "event": "trivial_move", "destination_level": 3, "files": 1, "total_files_size": 67233343}
2019/03/20-03:29:51.584869 7f62477fe700 (Original Log Time 2019/03/20-03:29:51.584798) [db/db_impl_compaction_flush.cc:1864] [usertable] Moved #1 files to level-3 67233343 bytes OK: base level 1 max bytes base 536870912 files[2 9 172 551 0 0 0] max score 1.01
2019/03/20-03:29:51.617200 7f62477fe700 (Original Log Time 2019/03/20-03:29:51.585074) [db/db_impl_compaction_flush.cc:1835] [usertable] Moving #1026 to level-3 67233322 bytes
2019/03/20-03:29:51.617205 7f62477fe700 (Original Log Time 2019/03/20-03:29:51.617122) EVENT_LOG_v1 {"time_micros": 1553077791617111, "job": 7, "event": "trivial_move", "destination_level": 3, "files": 1, "total_files_size": 67233322}
2019/03/20-03:29:51.617207 7f62477fe700 (Original Log Time 2019/03/20-03:29:51.617134) [db/db_impl_compaction_flush.cc:1864] [usertable] Moved #1 files to level-3 67233322 bytes OK: base level 1 max bytes base 536870912 files[2 9 171 552 0 0 0] max score 1.00
2019/03/20-03:29:51.649654 7f62477fe700 (Original Log Time 2019/03/20-03:29:51.617464) [db/db_impl_compaction_flush.cc:1835] [usertable] Moving #1365 to level-1 129902323 bytes
2019/03/20-03:29:51.649661 7f62477fe700 (Original Log Time 2019/03/20-03:29:51.649573) EVENT_LOG_v1 {"time_micros": 1553077791649559, "job": 8, "event": "trivial_move", "destination_level": 1, "files": 1, "total_files_size": 129902323}
2019/03/20-03:29:51.649665 7f62477fe700 (Original Log Time 2019/03/20-03:29:51.649590) [db/db_impl_compaction_flush.cc:1864] [usertable] Moved #1 files to level-1 129902323 bytes OK: base level 1 max bytes base 536870912 files[1 10 171 552 0 0 0] max score 1.14
2019/03/20-03:29:51.650184 7f6245ffb700 [db/compaction_job.cc:1531] [usertable] [JOB 9] Compacting 1@1 files to L2, score 1.14
2019/03/20-03:29:51.650197 7f6245ffb700 [db/compaction_job.cc:1535] [usertable] Compaction start summary: Base version 11 Base level 1, inputs: [1365(123MB)]
