2018/12/26-16:28:17.733351 7fba120a9700 RocksDB version: 5.14.3
2018/12/26-16:28:17.733399 7fba120a9700 Git sha rocksdb_build_git_sha:
2018/12/26-16:28:17.733402 7fba120a9700 Compile date Dec 26 2018
2018/12/26-16:28:17.733407 7fba120a9700 DB SUMMARY
2018/12/26-16:28:17.733430 7fba120a9700 SST files in /mnt/sdd/ycsb-rocksdb-data dir, Total Num: 0, files: 
2018/12/26-16:28:17.733433 7fba120a9700 Write Ahead Log file in /mnt/sdd/ycsb-rocksdb-data: 
2018/12/26-16:28:17.733436 7fba120a9700                         Options.error_if_exists: 0
2018/12/26-16:28:17.733437 7fba120a9700                       Options.create_if_missing: 1
2018/12/26-16:28:17.733438 7fba120a9700                         Options.paranoid_checks: 1
2018/12/26-16:28:17.733439 7fba120a9700                                     Options.env: 0x7fba08ff72c0
2018/12/26-16:28:17.733440 7fba120a9700                                Options.info_log: 0x7fb95c3e6cb0
2018/12/26-16:28:17.733442 7fba120a9700                Options.max_file_opening_threads: 16
2018/12/26-16:28:17.733443 7fba120a9700                              Options.statistics: (nil)
2018/12/26-16:28:17.733444 7fba120a9700                               Options.use_fsync: 0
2018/12/26-16:28:17.733445 7fba120a9700                       Options.max_log_file_size: 0
2018/12/26-16:28:17.733446 7fba120a9700                  Options.max_manifest_file_size: 18446744073709551615
2018/12/26-16:28:17.733447 7fba120a9700                   Options.log_file_time_to_roll: 0
2018/12/26-16:28:17.733448 7fba120a9700                       Options.keep_log_file_num: 1000
2018/12/26-16:28:17.733449 7fba120a9700                    Options.recycle_log_file_num: 0
2018/12/26-16:28:17.733450 7fba120a9700                         Options.allow_fallocate: 1
2018/12/26-16:28:17.733451 7fba120a9700                        Options.allow_mmap_reads: 0
2018/12/26-16:28:17.733452 7fba120a9700                       Options.allow_mmap_writes: 0
2018/12/26-16:28:17.733453 7fba120a9700                        Options.use_direct_reads: 0
2018/12/26-16:28:17.733454 7fba120a9700                        Options.use_direct_io_for_flush_and_compaction: 0
2018/12/26-16:28:17.733455 7fba120a9700          Options.create_missing_column_families: 1
2018/12/26-16:28:17.733456 7fba120a9700                              Options.db_log_dir: 
2018/12/26-16:28:17.733457 7fba120a9700                                 Options.wal_dir: /mnt/sdd/ycsb-rocksdb-data
2018/12/26-16:28:17.733458 7fba120a9700                Options.table_cache_numshardbits: 6
2018/12/26-16:28:17.733459 7fba120a9700                      Options.max_subcompactions: 4
2018/12/26-16:28:17.733460 7fba120a9700                  Options.max_background_flushes: 24
2018/12/26-16:28:17.733461 7fba120a9700                         Options.WAL_ttl_seconds: 0
2018/12/26-16:28:17.733462 7fba120a9700                       Options.WAL_size_limit_MB: 0
2018/12/26-16:28:17.733463 7fba120a9700             Options.manifest_preallocation_size: 4194304
2018/12/26-16:28:17.733464 7fba120a9700                     Options.is_fd_close_on_exec: 1
2018/12/26-16:28:17.733465 7fba120a9700                   Options.advise_random_on_open: 1
2018/12/26-16:28:17.733466 7fba120a9700                    Options.db_write_buffer_size: 0
2018/12/26-16:28:17.733467 7fba120a9700                    Options.write_buffer_manager: 0x7fb95c3e3cb0
2018/12/26-16:28:17.733469 7fba120a9700         Options.access_hint_on_compaction_start: 1
2018/12/26-16:28:17.733470 7fba120a9700  Options.new_table_reader_for_compaction_inputs: 0
2018/12/26-16:28:17.733471 7fba120a9700           Options.random_access_max_buffer_size: 1048576
2018/12/26-16:28:17.733472 7fba120a9700                      Options.use_adaptive_mutex: 0
2018/12/26-16:28:17.733473 7fba120a9700                            Options.rate_limiter: (nil)
2018/12/26-16:28:17.733475 7fba120a9700     Options.sst_file_manager.rate_bytes_per_sec: 0
2018/12/26-16:28:17.733476 7fba120a9700                       Options.wal_recovery_mode: 2
2018/12/26-16:28:17.733477 7fba120a9700                  Options.enable_thread_tracking: 0
2018/12/26-16:28:17.733478 7fba120a9700                  Options.enable_pipelined_write: 1
2018/12/26-16:28:17.733488 7fba120a9700         Options.allow_concurrent_memtable_write: 1
2018/12/26-16:28:17.733489 7fba120a9700      Options.enable_write_thread_adaptive_yield: 1
2018/12/26-16:28:17.733490 7fba120a9700             Options.write_thread_max_yield_usec: 100
2018/12/26-16:28:17.733491 7fba120a9700            Options.write_thread_slow_yield_usec: 3
2018/12/26-16:28:17.733492 7fba120a9700                               Options.row_cache: None
2018/12/26-16:28:17.733493 7fba120a9700                              Options.wal_filter: None
2018/12/26-16:28:17.733494 7fba120a9700             Options.avoid_flush_during_recovery: 0
2018/12/26-16:28:17.733495 7fba120a9700             Options.allow_ingest_behind: 0
2018/12/26-16:28:17.733496 7fba120a9700             Options.preserve_deletes: 0
2018/12/26-16:28:17.733497 7fba120a9700             Options.two_write_queues: 0
2018/12/26-16:28:17.733498 7fba120a9700             Options.manual_wal_flush: 0
2018/12/26-16:28:17.733501 7fba120a9700             Options.max_background_jobs: 24
2018/12/26-16:28:17.733502 7fba120a9700             Options.max_background_compactions: 24
2018/12/26-16:28:17.733503 7fba120a9700             Options.avoid_flush_during_shutdown: 0
2018/12/26-16:28:17.733504 7fba120a9700           Options.writable_file_max_buffer_size: 1048576
2018/12/26-16:28:17.733505 7fba120a9700             Options.delayed_write_rate : 16777216
2018/12/26-16:28:17.733506 7fba120a9700             Options.max_total_wal_size: 0
2018/12/26-16:28:17.733507 7fba120a9700             Options.delete_obsolete_files_period_micros: 21600000000
2018/12/26-16:28:17.733508 7fba120a9700                   Options.stats_dump_period_sec: 60
2018/12/26-16:28:17.733509 7fba120a9700                          Options.max_open_files: -1
2018/12/26-16:28:17.733510 7fba120a9700                          Options.bytes_per_sync: 1048576
2018/12/26-16:28:17.733511 7fba120a9700                      Options.wal_bytes_per_sync: 0
2018/12/26-16:28:17.733512 7fba120a9700       Options.compaction_readahead_size: 0
2018/12/26-16:28:17.733513 7fba120a9700 Compression algorithms supported:
2018/12/26-16:28:17.733515 7fba120a9700 	kZSTDNotFinalCompression supported: 1
2018/12/26-16:28:17.733523 7fba120a9700 	kZSTD supported: 1
2018/12/26-16:28:17.733525 7fba120a9700 	kXpressCompression supported: 0
2018/12/26-16:28:17.733526 7fba120a9700 	kLZ4HCCompression supported: 1
2018/12/26-16:28:17.733527 7fba120a9700 	kLZ4Compression supported: 1
2018/12/26-16:28:17.733528 7fba120a9700 	kBZip2Compression supported: 1
2018/12/26-16:28:17.733529 7fba120a9700 	kZlibCompression supported: 1
2018/12/26-16:28:17.733531 7fba120a9700 	kSnappyCompression supported: 1
2018/12/26-16:28:17.733535 7fba120a9700 Fast CRC32 supported: Supported on x86
2018/12/26-16:28:17.733613 7fba120a9700 [db/db_impl_open.cc:222] Creating manifest 1 
2018/12/26-16:28:17.837006 7fba120a9700 [db/version_set.cc:3085] Recovering from manifest file: MANIFEST-000001
2018/12/26-16:28:17.837102 7fba120a9700 [db/column_family.cc:475] --------------- Options for column family [default]:
2018/12/26-16:28:17.837106 7fba120a9700               Options.comparator: leveldb.BytewiseComparator
2018/12/26-16:28:17.837107 7fba120a9700           Options.merge_operator: None
2018/12/26-16:28:17.837108 7fba120a9700        Options.compaction_filter: None
2018/12/26-16:28:17.837109 7fba120a9700        Options.compaction_filter_factory: None
2018/12/26-16:28:17.837111 7fba120a9700         Options.memtable_factory: SkipListFactory
2018/12/26-16:28:17.837112 7fba120a9700            Options.table_factory: BlockBasedTable
2018/12/26-16:28:17.837142 7fba120a9700            table_factory options:   flush_block_policy_factory: FlushBlockBySizePolicyFactory (0x7fb95c378820)
  cache_index_and_filter_blocks: 0
  cache_index_and_filter_blocks_with_high_priority: 0
  pin_l0_filter_and_index_blocks_in_cache: 0
  index_type: 0
  hash_index_allow_collision: 1
  checksum: 1
  no_block_cache: 0
  block_cache: 0x7fb95c384340
  block_cache_name: LRUCache
  block_cache_options:
    capacity : 8388608
    num_shard_bits : 4
    strict_capacity_limit : 0
    high_pri_pool_ratio: 0.000
  block_cache_compressed: (nil)
  persistent_cache: (nil)
  block_size: 8192
  block_size_deviation: 10
  block_restart_interval: 16
  index_block_restart_interval: 1
  metadata_block_size: 4096
  partition_filters: 0
  use_delta_encoding: 1
  filter_policy: nullptr
  whole_key_filtering: 1
  verify_compression: 0
  read_amp_bytes_per_bit: 0
  format_version: 2
  enable_index_compression: 1
  block_align: 0
2018/12/26-16:28:17.837157 7fba120a9700        Options.write_buffer_size: 134217728
2018/12/26-16:28:17.837159 7fba120a9700  Options.max_write_buffer_number: 24
2018/12/26-16:28:17.837160 7fba120a9700        Options.compression[0]: NoCompression
2018/12/26-16:28:17.837162 7fba120a9700        Options.compression[1]: NoCompression
2018/12/26-16:28:17.837163 7fba120a9700        Options.compression[2]: LZ4
2018/12/26-16:28:17.837164 7fba120a9700        Options.compression[3]: LZ4
2018/12/26-16:28:17.837165 7fba120a9700        Options.compression[4]: LZ4
2018/12/26-16:28:17.837166 7fba120a9700        Options.compression[5]: LZ4
2018/12/26-16:28:17.837167 7fba120a9700        Options.compression[6]: LZ4
2018/12/26-16:28:17.837168 7fba120a9700                  Options.bottommost_compression: Disabled
2018/12/26-16:28:17.837169 7fba120a9700       Options.prefix_extractor: nullptr
2018/12/26-16:28:17.837170 7fba120a9700   Options.memtable_insert_with_hint_prefix_extractor: nullptr
2018/12/26-16:28:17.837171 7fba120a9700             Options.num_levels: 7
2018/12/26-16:28:17.837172 7fba120a9700        Options.min_write_buffer_number_to_merge: 2
2018/12/26-16:28:17.837173 7fba120a9700     Options.max_write_buffer_number_to_maintain: 0
2018/12/26-16:28:17.837174 7fba120a9700            Options.compression_opts.window_bits: -14
2018/12/26-16:28:17.837175 7fba120a9700                  Options.compression_opts.level: -1
2018/12/26-16:28:17.837177 7fba120a9700               Options.compression_opts.strategy: 0
2018/12/26-16:28:17.837178 7fba120a9700         Options.compression_opts.max_dict_bytes: 0
2018/12/26-16:28:17.837179 7fba120a9700         Options.compression_opts.zstd_max_train_bytes: 0
2018/12/26-16:28:17.837180 7fba120a9700      Options.level0_file_num_compaction_trigger: 2
2018/12/26-16:28:17.837181 7fba120a9700          Options.level0_slowdown_writes_trigger: 20
2018/12/26-16:28:17.837182 7fba120a9700              Options.level0_stop_writes_trigger: 36
2018/12/26-16:28:17.837183 7fba120a9700                   Options.target_file_size_base: 67108864
2018/12/26-16:28:17.837184 7fba120a9700             Options.target_file_size_multiplier: 1
2018/12/26-16:28:17.837185 7fba120a9700                Options.max_bytes_for_level_base: 536870912
2018/12/26-16:28:17.837186 7fba120a9700 Options.level_compaction_dynamic_level_bytes: 0
2018/12/26-16:28:17.837187 7fba120a9700          Options.max_bytes_for_level_multiplier: 10.000000
2018/12/26-16:28:17.837189 7fba120a9700 Options.max_bytes_for_level_multiplier_addtl[0]: 1
2018/12/26-16:28:17.837190 7fba120a9700 Options.max_bytes_for_level_multiplier_addtl[1]: 1
2018/12/26-16:28:17.837191 7fba120a9700 Options.max_bytes_for_level_multiplier_addtl[2]: 1
2018/12/26-16:28:17.837192 7fba120a9700 Options.max_bytes_for_level_multiplier_addtl[3]: 1
2018/12/26-16:28:17.837193 7fba120a9700 Options.max_bytes_for_level_multiplier_addtl[4]: 1
2018/12/26-16:28:17.837194 7fba120a9700 Options.max_bytes_for_level_multiplier_addtl[5]: 1
2018/12/26-16:28:17.837195 7fba120a9700 Options.max_bytes_for_level_multiplier_addtl[6]: 1
2018/12/26-16:28:17.837196 7fba120a9700       Options.max_sequential_skip_in_iterations: 8
2018/12/26-16:28:17.837197 7fba120a9700                    Options.max_compaction_bytes: 1677721600
2018/12/26-16:28:17.837199 7fba120a9700                        Options.arena_block_size: 16777216
2018/12/26-16:28:17.837200 7fba120a9700   Options.soft_pending_compaction_bytes_limit: 68719476736
2018/12/26-16:28:17.837201 7fba120a9700   Options.hard_pending_compaction_bytes_limit: 274877906944
2018/12/26-16:28:17.837208 7fba120a9700       Options.rate_limit_delay_max_milliseconds: 100
2018/12/26-16:28:17.837209 7fba120a9700                Options.disable_auto_compactions: 0
2018/12/26-16:28:17.837212 7fba120a9700                        Options.compaction_style: kCompactionStyleLevel
2018/12/26-16:28:17.837213 7fba120a9700                          Options.compaction_pri: kByCompensatedSize
2018/12/26-16:28:17.837215 7fba120a9700 Options.compaction_options_universal.size_ratio: 1
2018/12/26-16:28:17.837216 7fba120a9700 Options.compaction_options_universal.min_merge_width: 2
2018/12/26-16:28:17.837217 7fba120a9700 Options.compaction_options_universal.max_merge_width: 4294967295
2018/12/26-16:28:17.837218 7fba120a9700 Options.compaction_options_universal.max_size_amplification_percent: 200
2018/12/26-16:28:17.837219 7fba120a9700 Options.compaction_options_universal.compression_size_percent: -1
2018/12/26-16:28:17.837221 7fba120a9700 Options.compaction_options_universal.stop_style: kCompactionStopStyleTotalSize
2018/12/26-16:28:17.837222 7fba120a9700 Options.compaction_options_fifo.max_table_files_size: 1073741824
2018/12/26-16:28:17.837223 7fba120a9700 Options.compaction_options_fifo.allow_compaction: 0
2018/12/26-16:28:17.837224 7fba120a9700 Options.compaction_options_fifo.ttl: 0
2018/12/26-16:28:17.837225 7fba120a9700                   Options.table_properties_collectors: 
2018/12/26-16:28:17.837226 7fba120a9700                   Options.inplace_update_support: 0
2018/12/26-16:28:17.837227 7fba120a9700                 Options.inplace_update_num_locks: 10000
2018/12/26-16:28:17.837228 7fba120a9700               Options.memtable_prefix_bloom_size_ratio: 0.000000
2018/12/26-16:28:17.837230 7fba120a9700   Options.memtable_huge_page_size: 0
2018/12/26-16:28:17.837231 7fba120a9700                           Options.bloom_locality: 0
2018/12/26-16:28:17.837232 7fba120a9700                    Options.max_successive_merges: 0
2018/12/26-16:28:17.837233 7fba120a9700                Options.optimize_filters_for_hits: 0
2018/12/26-16:28:17.837234 7fba120a9700                Options.paranoid_file_checks: 0
2018/12/26-16:28:17.837235 7fba120a9700                Options.force_consistency_checks: 0
2018/12/26-16:28:17.837236 7fba120a9700                Options.report_bg_io_stats: 0
2018/12/26-16:28:17.837236 7fba120a9700                               Options.ttl: 0
2018/12/26-16:28:17.837711 7fba120a9700 [db/version_set.cc:3361] Recovered from manifest file:/mnt/sdd/ycsb-rocksdb-data/MANIFEST-000001 succeeded,manifest_file_number is 1, next_file_number is 3, last_sequence is 0, log_number is 0,prev_log_number is 0,max_column_family is 0,min_log_number_to_keep is 0
2018/12/26-16:28:17.837716 7fba120a9700 [db/version_set.cc:3369] Column family [default] (ID 0), log number is 0
2018/12/26-16:28:17.837880 7fba120a9700 [db/version_set.cc:2847] Creating manifest 4
2018/12/26-16:28:17.911671 7fba120a9700 [db/column_family.cc:475] --------------- Options for column family [usertable]:
2018/12/26-16:28:17.911677 7fba120a9700               Options.comparator: leveldb.BytewiseComparator
2018/12/26-16:28:17.911679 7fba120a9700           Options.merge_operator: None
2018/12/26-16:28:17.911680 7fba120a9700        Options.compaction_filter: None
2018/12/26-16:28:17.911681 7fba120a9700        Options.compaction_filter_factory: None
2018/12/26-16:28:17.911682 7fba120a9700         Options.memtable_factory: SkipListFactory
2018/12/26-16:28:17.911692 7fba120a9700            Options.table_factory: BlockBasedTable
2018/12/26-16:28:17.911719 7fba120a9700            table_factory options:   flush_block_policy_factory: FlushBlockBySizePolicyFactory (0x7fb95c378900)
  cache_index_and_filter_blocks: 0
  cache_index_and_filter_blocks_with_high_priority: 0
  pin_l0_filter_and_index_blocks_in_cache: 0
  index_type: 0
  hash_index_allow_collision: 1
  checksum: 1
  no_block_cache: 0
  block_cache: 0x7fb95c379a20
  block_cache_name: LRUCache
  block_cache_options:
    capacity : 8388608
    num_shard_bits : 4
    strict_capacity_limit : 0
    high_pri_pool_ratio: 0.000
  block_cache_compressed: (nil)
  persistent_cache: (nil)
  block_size: 8192
  block_size_deviation: 10
  block_restart_interval: 16
  index_block_restart_interval: 1
  metadata_block_size: 4096
  partition_filters: 0
  use_delta_encoding: 1
  filter_policy: nullptr
  whole_key_filtering: 1
  verify_compression: 0
  read_amp_bytes_per_bit: 0
  format_version: 2
  enable_index_compression: 1
  block_align: 0
2018/12/26-16:28:17.911722 7fba120a9700        Options.write_buffer_size: 134217728
2018/12/26-16:28:17.911723 7fba120a9700  Options.max_write_buffer_number: 24
2018/12/26-16:28:17.911725 7fba120a9700        Options.compression[0]: NoCompression
2018/12/26-16:28:17.911726 7fba120a9700        Options.compression[1]: NoCompression
2018/12/26-16:28:17.911727 7fba120a9700        Options.compression[2]: LZ4
2018/12/26-16:28:17.911728 7fba120a9700        Options.compression[3]: LZ4
2018/12/26-16:28:17.911729 7fba120a9700        Options.compression[4]: LZ4
2018/12/26-16:28:17.911730 7fba120a9700        Options.compression[5]: LZ4
2018/12/26-16:28:17.911732 7fba120a9700        Options.compression[6]: LZ4
2018/12/26-16:28:17.911733 7fba120a9700                  Options.bottommost_compression: Disabled
2018/12/26-16:28:17.911734 7fba120a9700       Options.prefix_extractor: nullptr
2018/12/26-16:28:17.911735 7fba120a9700   Options.memtable_insert_with_hint_prefix_extractor: nullptr
2018/12/26-16:28:17.911736 7fba120a9700             Options.num_levels: 7
2018/12/26-16:28:17.911737 7fba120a9700        Options.min_write_buffer_number_to_merge: 2
2018/12/26-16:28:17.911738 7fba120a9700     Options.max_write_buffer_number_to_maintain: 0
2018/12/26-16:28:17.911739 7fba120a9700            Options.compression_opts.window_bits: -14
2018/12/26-16:28:17.911740 7fba120a9700                  Options.compression_opts.level: -1
2018/12/26-16:28:17.911741 7fba120a9700               Options.compression_opts.strategy: 0
2018/12/26-16:28:17.911742 7fba120a9700         Options.compression_opts.max_dict_bytes: 0
2018/12/26-16:28:17.911743 7fba120a9700         Options.compression_opts.zstd_max_train_bytes: 0
2018/12/26-16:28:17.911744 7fba120a9700      Options.level0_file_num_compaction_trigger: 2
2018/12/26-16:28:17.911745 7fba120a9700          Options.level0_slowdown_writes_trigger: 20
2018/12/26-16:28:17.911746 7fba120a9700              Options.level0_stop_writes_trigger: 36
2018/12/26-16:28:17.911747 7fba120a9700                   Options.target_file_size_base: 67108864
2018/12/26-16:28:17.911748 7fba120a9700             Options.target_file_size_multiplier: 1
2018/12/26-16:28:17.911749 7fba120a9700                Options.max_bytes_for_level_base: 536870912
2018/12/26-16:28:17.911750 7fba120a9700 Options.level_compaction_dynamic_level_bytes: 0
2018/12/26-16:28:17.911751 7fba120a9700          Options.max_bytes_for_level_multiplier: 10.000000
2018/12/26-16:28:17.911754 7fba120a9700 Options.max_bytes_for_level_multiplier_addtl[0]: 1
2018/12/26-16:28:17.911766 7fba120a9700 Options.max_bytes_for_level_multiplier_addtl[1]: 1
2018/12/26-16:28:17.911767 7fba120a9700 Options.max_bytes_for_level_multiplier_addtl[2]: 1
2018/12/26-16:28:17.911768 7fba120a9700 Options.max_bytes_for_level_multiplier_addtl[3]: 1
2018/12/26-16:28:17.911769 7fba120a9700 Options.max_bytes_for_level_multiplier_addtl[4]: 1
2018/12/26-16:28:17.911770 7fba120a9700 Options.max_bytes_for_level_multiplier_addtl[5]: 1
2018/12/26-16:28:17.911771 7fba120a9700 Options.max_bytes_for_level_multiplier_addtl[6]: 1
2018/12/26-16:28:17.911772 7fba120a9700       Options.max_sequential_skip_in_iterations: 8
2018/12/26-16:28:17.911773 7fba120a9700                    Options.max_compaction_bytes: 1677721600
2018/12/26-16:28:17.911775 7fba120a9700                        Options.arena_block_size: 16777216
2018/12/26-16:28:17.911776 7fba120a9700   Options.soft_pending_compaction_bytes_limit: 68719476736
2018/12/26-16:28:17.911777 7fba120a9700   Options.hard_pending_compaction_bytes_limit: 274877906944
2018/12/26-16:28:17.911778 7fba120a9700       Options.rate_limit_delay_max_milliseconds: 100
2018/12/26-16:28:17.911779 7fba120a9700                Options.disable_auto_compactions: 0
2018/12/26-16:28:17.911781 7fba120a9700                        Options.compaction_style: kCompactionStyleLevel
2018/12/26-16:28:17.911783 7fba120a9700                          Options.compaction_pri: kByCompensatedSize
2018/12/26-16:28:17.911784 7fba120a9700 Options.compaction_options_universal.size_ratio: 1
2018/12/26-16:28:17.911785 7fba120a9700 Options.compaction_options_universal.min_merge_width: 2
2018/12/26-16:28:17.911786 7fba120a9700 Options.compaction_options_universal.max_merge_width: 4294967295
2018/12/26-16:28:17.911787 7fba120a9700 Options.compaction_options_universal.max_size_amplification_percent: 200
2018/12/26-16:28:17.911788 7fba120a9700 Options.compaction_options_universal.compression_size_percent: -1
2018/12/26-16:28:17.911790 7fba120a9700 Options.compaction_options_universal.stop_style: kCompactionStopStyleTotalSize
2018/12/26-16:28:17.911791 7fba120a9700 Options.compaction_options_fifo.max_table_files_size: 1073741824
2018/12/26-16:28:17.911792 7fba120a9700 Options.compaction_options_fifo.allow_compaction: 0
2018/12/26-16:28:17.911793 7fba120a9700 Options.compaction_options_fifo.ttl: 0
2018/12/26-16:28:17.911794 7fba120a9700                   Options.table_properties_collectors: 
2018/12/26-16:28:17.911795 7fba120a9700                   Options.inplace_update_support: 0
2018/12/26-16:28:17.911796 7fba120a9700                 Options.inplace_update_num_locks: 10000
2018/12/26-16:28:17.911797 7fba120a9700               Options.memtable_prefix_bloom_size_ratio: 0.000000
2018/12/26-16:28:17.911799 7fba120a9700   Options.memtable_huge_page_size: 0
2018/12/26-16:28:17.911800 7fba120a9700                           Options.bloom_locality: 0
2018/12/26-16:28:17.911801 7fba120a9700                    Options.max_successive_merges: 0
2018/12/26-16:28:17.911802 7fba120a9700                Options.optimize_filters_for_hits: 0
2018/12/26-16:28:17.911803 7fba120a9700                Options.paranoid_file_checks: 0
2018/12/26-16:28:17.911804 7fba120a9700                Options.force_consistency_checks: 0
2018/12/26-16:28:17.911805 7fba120a9700                Options.report_bg_io_stats: 0
2018/12/26-16:28:17.911806 7fba120a9700                               Options.ttl: 0
2018/12/26-16:28:17.911860 7fba120a9700 [db/db_impl.cc:1396] Created column family [usertable] (ID 1)
2018/12/26-16:28:17.992998 7fba120a9700 [db/db_impl_open.cc:1219] DB pointer 0x7fb95c3e7430
2018/12/26-16:28:26.960106 7fba11088700 [db/db_impl_write.cc:1373] [usertable] New memtable created with log file: #9. Immutable memtables: 0.
2018/12/26-16:28:35.924700 7fba11088700 [db/db_impl_write.cc:1373] [usertable] New memtable created with log file: #10. Immutable memtables: 1.
2018/12/26-16:28:35.924854 7fb9e27fc700 [db/db_impl_compaction_flush.cc:80] [JOB 2] Syncing log #3
2018/12/26-16:28:35.939769 7fb9e27fc700 [db/db_impl_compaction_flush.cc:80] [JOB 2] Syncing log #9
2018/12/26-16:28:37.067261 7fb9e27fc700 (Original Log Time 2018/12/26-16:28:35.924801) [db/db_impl_compaction_flush.cc:1424] Calling FlushMemTableToOutputFile with column family [usertable], flush slots available 24, compaction slots available 1, flush slots scheduled 1, compaction slots scheduled 0
2018/12/26-16:28:37.067280 7fb9e27fc700 [db/flush_job.cc:301] [usertable] [JOB 2] Flushing memtable with next log file: 9
2018/12/26-16:28:37.067294 7fb9e27fc700 [db/flush_job.cc:301] [usertable] [JOB 2] Flushing memtable with next log file: 10
2018/12/26-16:28:37.067347 7fb9e27fc700 EVENT_LOG_v1 {"time_micros": 1545870517067327, "job": 2, "event": "flush_started", "num_memtables": 2, "num_entries": 62751, "num_deletes": 0, "memory_usage": 260120528, "flush_reason": "Write Buffer Full"}
2018/12/26-16:28:37.067359 7fb9e27fc700 [db/flush_job.cc:331] [usertable] [JOB 2] Level-0 flush table #11: started
2018/12/26-16:28:39.546750 7fb9e27fc700 EVENT_LOG_v1 {"time_micros": 1545870519546716, "cf_name": "usertable", "job": 2, "event": "table_file_creation", "file_number": 11, "file_size": 259876992, "table_properties": {"data_size": 258722387, "index_size": 1153678, "filter_size": 0, "raw_key_size": 1506024, "raw_average_key_size": 24, "raw_value_size": 257028096, "raw_average_value_size": 4096, "num_data_blocks": 31376, "num_entries": 62751, "filter_policy_name": "", "kDeletedKeys": "0", "kMergeOperands": "0"}}
2018/12/26-16:28:39.546783 7fb9e27fc700 [db/flush_job.cc:371] [usertable] [JOB 2] Level-0 flush table #11: 259876992 bytes OK
2018/12/26-16:28:39.610297 7fb9e27fc700 (Original Log Time 2018/12/26-16:28:39.546807) [db/memtable_list.cc:377] [usertable] Level-0 commit table #11 started
2018/12/26-16:28:39.610301 7fb9e27fc700 (Original Log Time 2018/12/26-16:28:39.610175) [db/memtable_list.cc:409] [usertable] Level-0 commit table #11: memtable #1 done
2018/12/26-16:28:39.610303 7fb9e27fc700 (Original Log Time 2018/12/26-16:28:39.610191) [db/memtable_list.cc:409] [usertable] Level-0 commit table #11: memtable #2 done
2018/12/26-16:28:39.610305 7fb9e27fc700 (Original Log Time 2018/12/26-16:28:39.610226) EVENT_LOG_v1 {"time_micros": 1545870519610213, "job": 2, "event": "flush_finished", "output_compression": "NoCompression", "lsm_state": [1, 0, 0, 0, 0, 0, 0], "immutable_memtables": 0}
2018/12/26-16:28:39.610307 7fb9e27fc700 (Original Log Time 2018/12/26-16:28:39.610258) [db/db_impl_compaction_flush.cc:177] [usertable] Level summary: base level 1 max bytes base 536870912 files[1 0 0 0 0 0 0] max score 0.50
2018/12/26-16:28:39.610323 7fb9e27fc700 [db/db_impl_files.cc:347] [JOB 2] Try to delete WAL files size 259096455, prev total WAL file size 312371826, number of live WAL files 3.
2018/12/26-16:28:44.889283 7fba11088700 [db/db_impl_write.cc:1373] [usertable] New memtable created with log file: #12. Immutable memtables: 0.
2018/12/26-16:28:53.853835 7fba11088700 [db/db_impl_write.cc:1373] [usertable] New memtable created with log file: #13. Immutable memtables: 1.
2018/12/26-16:28:53.853927 7fb9e1ffb700 [db/db_impl_compaction_flush.cc:80] [JOB 3] Syncing log #10
2018/12/26-16:28:54.584547 7fb9e1ffb700 [db/db_impl_compaction_flush.cc:80] [JOB 3] Syncing log #12
2018/12/26-16:28:56.234989 7fb9e1ffb700 (Original Log Time 2018/12/26-16:28:53.853905) [db/db_impl_compaction_flush.cc:1424] Calling FlushMemTableToOutputFile with column family [usertable], flush slots available 24, compaction slots available 1, flush slots scheduled 1, compaction slots scheduled 0
2018/12/26-16:28:56.235001 7fb9e1ffb700 [db/flush_job.cc:301] [usertable] [JOB 3] Flushing memtable with next log file: 12
2018/12/26-16:28:56.235009 7fb9e1ffb700 [db/flush_job.cc:301] [usertable] [JOB 3] Flushing memtable with next log file: 13
2018/12/26-16:28:56.235043 7fb9e1ffb700 EVENT_LOG_v1 {"time_micros": 1545870536235032, "job": 3, "event": "flush_started", "num_memtables": 2, "num_entries": 62752, "num_deletes": 0, "memory_usage": 260069712, "flush_reason": "Write Buffer Full"}
2018/12/26-16:28:56.235051 7fb9e1ffb700 [db/flush_job.cc:331] [usertable] [JOB 3] Level-0 flush table #14: started
2018/12/26-16:28:58.569421 7fb9e1ffb700 EVENT_LOG_v1 {"time_micros": 1545870538569398, "cf_name": "usertable", "job": 3, "event": "table_file_creation", "file_number": 14, "file_size": 259895044, "table_properties": {"data_size": 258733469, "index_size": 1160648, "filter_size": 0, "raw_key_size": 1506048, "raw_average_key_size": 24, "raw_value_size": 257032192, "raw_average_value_size": 4096, "num_data_blocks": 31376, "num_entries": 62752, "filter_policy_name": "", "kDeletedKeys": "0", "kMergeOperands": "0"}}
2018/12/26-16:28:58.569445 7fb9e1ffb700 [db/flush_job.cc:371] [usertable] [JOB 3] Level-0 flush table #14: 259895044 bytes OK
2018/12/26-16:28:58.600327 7fb9e1ffb700 (Original Log Time 2018/12/26-16:28:58.569463) [db/memtable_list.cc:377] [usertable] Level-0 commit table #14 started
2018/12/26-16:28:58.600330 7fb9e1ffb700 (Original Log Time 2018/12/26-16:28:58.600242) [db/memtable_list.cc:409] [usertable] Level-0 commit table #14: memtable #1 done
2018/12/26-16:28:58.600332 7fb9e1ffb700 (Original Log Time 2018/12/26-16:28:58.600245) [db/memtable_list.cc:409] [usertable] Level-0 commit table #14: memtable #2 done
2018/12/26-16:28:58.600334 7fb9e1ffb700 (Original Log Time 2018/12/26-16:28:58.600264) EVENT_LOG_v1 {"time_micros": 1545870538600255, "job": 3, "event": "flush_finished", "output_compression": "NoCompression", "lsm_state": [2, 0, 0, 0, 0, 0, 0], "immutable_memtables": 0}
2018/12/26-16:28:58.600335 7fb9e1ffb700 (Original Log Time 2018/12/26-16:28:58.600305) [db/db_impl_compaction_flush.cc:177] [usertable] Level summary: base level 1 max bytes base 536870912 files[2 0 0 0 0 0 0] max score 1.00
2018/12/26-16:28:58.600348 7fb9e1ffb700 [db/db_impl_files.cc:347] [JOB 3] Try to delete WAL files size 259098448, prev total WAL file size 327703608, number of live WAL files 3.
2018/12/26-16:28:58.600593 7fb9e2ffd700 [WARN] [db/db_impl.cc:491] ------- DUMPING STATS -------
2018/12/26-16:28:58.600633 7fb9e2ffd700 [WARN] [db/db_impl.cc:492] 
** DB Stats **
Uptime(secs): 40.8 total, 40.8 interval
Cumulative writes: 142K writes, 142K keys, 141K commit groups, 1.0 writes per commit group, ingest: 0.55 GB, 13.73 MB/s
Cumulative WAL: 142K writes, 0 syncs, 142119.00 writes per sync, written: 0.55 GB, 13.73 MB/s
Cumulative stall: 00:00:0.000 H:M:S, 0.0 percent
Interval writes: 142K writes, 142K keys, 141K commit groups, 1.0 writes per commit group, ingest: 559.62 MB, 13.73 MB/s
Interval WAL: 142K writes, 0 syncs, 142119.00 writes per sync, written: 0.55 MB, 13.73 MB/s
Interval stall: 00:00:0.000 H:M:S, 0.0 percent

** Compaction Stats [default] **
Level    Files   Size     Score Read(GB)  Rn(GB) Rnp1(GB) Write(GB) Wnew(GB) Moved(GB) W-Amp Rd(MB/s) Wr(MB/s) Comp(sec) Comp(cnt) Avg(sec) KeyIn KeyDrop
----------------------------------------------------------------------------------------------------------------------------------------------------------
 Sum      0/0    0.00 KB   0.0      0.0     0.0      0.0       0.0      0.0       0.0   0.0      0.0      0.0         0         0    0.000       0      0
 Int      0/0    0.00 KB   0.0      0.0     0.0      0.0       0.0      0.0       0.0   0.0      0.0      0.0         0         0    0.000       0      0
Uptime(secs): 40.8 total, 40.8 interval
Flush(GB): cumulative 0.000, interval 0.000
AddFile(GB): cumulative 0.000, interval 0.000
AddFile(Total Files): cumulative 0, interval 0
AddFile(L0 Files): cumulative 0, interval 0
AddFile(Keys): cumulative 0, interval 0
Cumulative compaction: 0.00 GB write, 0.00 MB/s write, 0.00 GB read, 0.00 MB/s read, 0.0 seconds
Interval compaction: 0.00 GB write, 0.00 MB/s write, 0.00 GB read, 0.00 MB/s read, 0.0 seconds
Stalls(count): 0 level0_slowdown, 0 level0_slowdown_with_compaction, 0 level0_numfiles, 0 level0_numfiles_with_compaction, 0 stop for pending_compaction_bytes, 0 slowdown for pending_compaction_bytes, 0 memtable_compaction, 0 memtable_slowdown, interval 0 total count

** File Read Latency Histogram By Level [default] **

** Compaction Stats [usertable] **
Level    Files   Size     Score Read(GB)  Rn(GB) Rnp1(GB) Write(GB) Wnew(GB) Moved(GB) W-Amp Rd(MB/s) Wr(MB/s) Comp(sec) Comp(cnt) Avg(sec) KeyIn KeyDrop
----------------------------------------------------------------------------------------------------------------------------------------------------------
  L0      2/0   495.69 MB   1.0      0.0     0.0      0.0       0.5      0.5       0.0   1.0      0.0    103.0         5         2    2.407       0      0
 Sum      2/0   495.69 MB   0.0      0.0     0.0      0.0       0.5      0.5       0.0   1.0      0.0    103.0         5         2    2.407       0      0
 Int      0/0    0.00 KB   0.0      0.0     0.0      0.0       0.5      0.5       0.0   1.0      0.0    103.0         5         2    2.407       0      0
Uptime(secs): 40.7 total, 40.7 interval
Flush(GB): cumulative 0.484, interval 0.484
AddFile(GB): cumulative 0.000, interval 0.000
AddFile(Total Files): cumulative 0, interval 0
AddFile(L0 Files): cumulative 0, interval 0
AddFile(Keys): cumulative 0, interval 0
Cumulative compaction: 0.48 GB write, 12.18 MB/s write, 0.00 GB read, 0.00 MB/s read, 4.8 seconds
Interval compaction: 0.48 GB write, 12.18 MB/s write, 0.00 GB read, 0.00 MB/s read, 4.8 seconds
Stalls(count): 0 level0_slowdown, 0 level0_slowdown_with_compaction, 0 level0_numfiles, 0 level0_numfiles_with_compaction, 0 stop for pending_compaction_bytes, 0 slowdown for pending_compaction_bytes, 0 memtable_compaction, 0 memtable_slowdown, interval 0 total count

** File Read Latency Histogram By Level [usertable] **

** Compaction Stats [default] **
Level    Files   Size     Score Read(GB)  Rn(GB) Rnp1(GB) Write(GB) Wnew(GB) Moved(GB) W-Amp Rd(MB/s) Wr(MB/s) Comp(sec) Comp(cnt) Avg(sec) KeyIn KeyDrop
----------------------------------------------------------------------------------------------------------------------------------------------------------
 Sum      0/0    0.00 KB   0.0      0.0     0.0      0.0       0.0      0.0       0.0   0.0      0.0      0.0         0         0    0.000       0      0
 Int      0/0    0.00 KB   0.0      0.0     0.0      0.0       0.0      0.0       0.0   0.0      0.0      0.0         0         0    0.000       0      0
Uptime(secs): 40.8 total, 0.0 interval
Flush(GB): cumulative 0.000, interval 0.000
AddFile(GB): cumulative 0.000, interval 0.000
AddFile(Total Files): cumulative 0, interval 0
AddFile(L0 Files): cumulative 0, interval 0
AddFile(Keys): cumulative 0, interval 0
Cumulative compaction: 0.00 GB write, 0.00 MB/s write, 0.00 GB read, 0.00 MB/s read, 0.0 seconds
Interval compaction: 0.00 GB write, 0.00 MB/s write, 0.00 GB read, 0.00 MB/s read, 0.0 seconds
Stalls(count): 0 level0_slowdown, 0 level0_slowdown_with_compaction, 0 level0_numfiles, 0 level0_numfiles_with_compaction, 0 stop for pending_compaction_bytes, 0 slowdown for pending_compaction_bytes, 0 memtable_compaction, 0 memtable_slowdown, interval 0 total count

** File Read Latency Histogram By Level [default] **

** Compaction Stats [usertable] **
Level    Files   Size     Score Read(GB)  Rn(GB) Rnp1(GB) Write(GB) Wnew(GB) Moved(GB) W-Amp Rd(MB/s) Wr(MB/s) Comp(sec) Comp(cnt) Avg(sec) KeyIn KeyDrop
----------------------------------------------------------------------------------------------------------------------------------------------------------
  L0      2/0   495.69 MB   1.0      0.0     0.0      0.0       0.5      0.5       0.0   1.0      0.0    103.0         5         2    2.407       0      0
 Sum      2/0   495.69 MB   0.0      0.0     0.0      0.0       0.5      0.5       0.0   1.0      0.0    103.0         5         2    2.407       0      0
 Int      0/0    0.00 KB   0.0      0.0     0.0      0.0       0.0      0.0       0.0   0.0      0.0      0.0         0         0    0.000       0      0
Uptime(secs): 40.7 total, 0.0 interval
Flush(GB): cumulative 0.484, interval 0.000
AddFile(GB): cumulative 0.000, interval 0.000
AddFile(Total Files): cumulative 0, interval 0
AddFile(L0 Files): cumulative 0, interval 0
AddFile(Keys): cumulative 0, interval 0
Cumulative compaction: 0.48 GB write, 12.18 MB/s write, 0.00 GB read, 0.00 MB/s read, 4.8 seconds
Interval compaction: 0.00 GB write, 0.00 MB/s write, 0.00 GB read, 0.00 MB/s read, 0.0 seconds
Stalls(count): 0 level0_slowdown, 0 level0_slowdown_with_compaction, 0 level0_numfiles, 0 level0_numfiles_with_compaction, 0 stop for pending_compaction_bytes, 0 slowdown for pending_compaction_bytes, 0 memtable_compaction, 0 memtable_slowdown, interval 0 total count

** File Read Latency Histogram By Level [usertable] **
2018/12/26-16:28:58.630749 7fb9e2ffd700 (Original Log Time 2018/12/26-16:28:58.600734) [db/db_impl_compaction_flush.cc:1835] [usertable] Moving #14 to level-1 259895044 bytes
2018/12/26-16:28:58.630754 7fb9e2ffd700 (Original Log Time 2018/12/26-16:28:58.630691) EVENT_LOG_v1 {"time_micros": 1545870538630675, "job": 4, "event": "trivial_move", "destination_level": 1, "files": 1, "total_files_size": 259895044}
2018/12/26-16:28:58.630756 7fb9e2ffd700 (Original Log Time 2018/12/26-16:28:58.630704) [db/db_impl_compaction_flush.cc:1864] [usertable] Moved #1 files to level-1 259895044 bytes OK: base level 1 max bytes base 536870912 files[1 1 0 0 0 0 0] max score 0.50
2018/12/26-16:29:02.817749 7fba1128a700 [db/db_impl_write.cc:1373] [usertable] New memtable created with log file: #15. Immutable memtables: 0.
2018/12/26-16:29:11.755666 7fba1158d700 [db/db_impl_write.cc:1373] [usertable] New memtable created with log file: #16. Immutable memtables: 1.
2018/12/26-16:29:11.755758 7fb9e17fa700 [db/db_impl_compaction_flush.cc:80] [JOB 5] Syncing log #13
2018/12/26-16:29:12.763283 7fb9e17fa700 [db/db_impl_compaction_flush.cc:80] [JOB 5] Syncing log #15
2018/12/26-16:29:13.869211 7fb9e17fa700 (Original Log Time 2018/12/26-16:29:11.755736) [db/db_impl_compaction_flush.cc:1424] Calling FlushMemTableToOutputFile with column family [usertable], flush slots available 24, compaction slots available 1, flush slots scheduled 1, compaction slots scheduled 0
2018/12/26-16:29:13.869225 7fb9e17fa700 [db/flush_job.cc:301] [usertable] [JOB 5] Flushing memtable with next log file: 15
2018/12/26-16:29:13.869233 7fb9e17fa700 [db/flush_job.cc:301] [usertable] [JOB 5] Flushing memtable with next log file: 16
2018/12/26-16:29:13.869279 7fb9e17fa700 EVENT_LOG_v1 {"time_micros": 1545870553869256, "job": 5, "event": "flush_started", "num_memtables": 2, "num_entries": 62657, "num_deletes": 0, "memory_usage": 260054120, "flush_reason": "Write Buffer Full"}
2018/12/26-16:29:13.869287 7fb9e17fa700 [db/flush_job.cc:331] [usertable] [JOB 5] Level-0 flush table #17: started
2018/12/26-16:29:16.174018 7fb9e17fa700 EVENT_LOG_v1 {"time_micros": 1545870556173992, "cf_name": "usertable", "job": 5, "event": "table_file_creation", "file_number": 17, "file_size": 259501621, "table_properties": {"data_size": 258341785, "index_size": 1158909, "filter_size": 0, "raw_key_size": 1503768, "raw_average_key_size": 24, "raw_value_size": 256643072, "raw_average_value_size": 4096, "num_data_blocks": 31329, "num_entries": 62657, "filter_policy_name": "", "kDeletedKeys": "0", "kMergeOperands": "0"}}
2018/12/26-16:29:16.174040 7fb9e17fa700 [db/flush_job.cc:371] [usertable] [JOB 5] Level-0 flush table #17: 259501621 bytes OK
2018/12/26-16:29:16.237895 7fb9e17fa700 (Original Log Time 2018/12/26-16:29:16.174058) [db/memtable_list.cc:377] [usertable] Level-0 commit table #17 started
2018/12/26-16:29:16.237899 7fb9e17fa700 (Original Log Time 2018/12/26-16:29:16.237788) [db/memtable_list.cc:409] [usertable] Level-0 commit table #17: memtable #1 done
2018/12/26-16:29:16.237901 7fb9e17fa700 (Original Log Time 2018/12/26-16:29:16.237791) [db/memtable_list.cc:409] [usertable] Level-0 commit table #17: memtable #2 done
2018/12/26-16:29:16.237903 7fb9e17fa700 (Original Log Time 2018/12/26-16:29:16.237825) EVENT_LOG_v1 {"time_micros": 1545870556237813, "job": 5, "event": "flush_finished", "output_compression": "NoCompression", "lsm_state": [2, 1, 0, 0, 0, 0, 0], "immutable_memtables": 0}
2018/12/26-16:29:16.237905 7fb9e17fa700 (Original Log Time 2018/12/26-16:29:16.237859) [db/db_impl_compaction_flush.cc:177] [usertable] Level summary: base level 1 max bytes base 536870912 files[2 1 0 0 0 0 0] max score 1.00
