2018/12/29-14:18:26.715857 7fd6fc3dc700 RocksDB version: 5.14.3
2018/12/29-14:18:26.715918 7fd6fc3dc700 Git sha rocksdb_build_git_sha:
2018/12/29-14:18:26.715922 7fd6fc3dc700 Compile date Dec 29 2018
2018/12/29-14:18:26.715929 7fd6fc3dc700 DB SUMMARY
2018/12/29-14:18:26.715958 7fd6fc3dc700 SST files in /mnt/sda/ycsb-rocksdb-data dir, Total Num: 0, files: 
2018/12/29-14:18:26.715961 7fd6fc3dc700 Write Ahead Log file in /mnt/sda/ycsb-rocksdb-data: 
2018/12/29-14:18:26.715965 7fd6fc3dc700                         Options.error_if_exists: 0
2018/12/29-14:18:26.715967 7fd6fc3dc700                       Options.create_if_missing: 1
2018/12/29-14:18:26.715969 7fd6fc3dc700                         Options.paranoid_checks: 1
2018/12/29-14:18:26.715971 7fd6fc3dc700                                     Options.env: 0x7fd6c69622c0
2018/12/29-14:18:26.715972 7fd6fc3dc700                                Options.info_log: 0x7fd6d43c69a0
2018/12/29-14:18:26.715974 7fd6fc3dc700                Options.max_file_opening_threads: 16
2018/12/29-14:18:26.715976 7fd6fc3dc700                              Options.statistics: (nil)
2018/12/29-14:18:26.715978 7fd6fc3dc700                               Options.use_fsync: 0
2018/12/29-14:18:26.715980 7fd6fc3dc700                       Options.max_log_file_size: 0
2018/12/29-14:18:26.715982 7fd6fc3dc700                  Options.max_manifest_file_size: 18446744073709551615
2018/12/29-14:18:26.715984 7fd6fc3dc700                   Options.log_file_time_to_roll: 0
2018/12/29-14:18:26.715987 7fd6fc3dc700                       Options.keep_log_file_num: 1000
2018/12/29-14:18:26.715989 7fd6fc3dc700                    Options.recycle_log_file_num: 0
2018/12/29-14:18:26.715990 7fd6fc3dc700                         Options.allow_fallocate: 1
2018/12/29-14:18:26.715992 7fd6fc3dc700                        Options.allow_mmap_reads: 0
2018/12/29-14:18:26.715994 7fd6fc3dc700                       Options.allow_mmap_writes: 0
2018/12/29-14:18:26.715996 7fd6fc3dc700                        Options.use_direct_reads: 0
2018/12/29-14:18:26.715998 7fd6fc3dc700                        Options.use_direct_io_for_flush_and_compaction: 0
2018/12/29-14:18:26.715999 7fd6fc3dc700          Options.create_missing_column_families: 1
2018/12/29-14:18:26.716001 7fd6fc3dc700                              Options.db_log_dir: 
2018/12/29-14:18:26.716003 7fd6fc3dc700                                 Options.wal_dir: /mnt/sda/ycsb-rocksdb-data
2018/12/29-14:18:26.716005 7fd6fc3dc700                Options.table_cache_numshardbits: 6
2018/12/29-14:18:26.716007 7fd6fc3dc700                      Options.max_subcompactions: 4
2018/12/29-14:18:26.716008 7fd6fc3dc700                  Options.max_background_flushes: 24
2018/12/29-14:18:26.716010 7fd6fc3dc700                         Options.WAL_ttl_seconds: 0
2018/12/29-14:18:26.716012 7fd6fc3dc700                       Options.WAL_size_limit_MB: 0
2018/12/29-14:18:26.716014 7fd6fc3dc700             Options.manifest_preallocation_size: 4194304
2018/12/29-14:18:26.716016 7fd6fc3dc700                     Options.is_fd_close_on_exec: 1
2018/12/29-14:18:26.716018 7fd6fc3dc700                   Options.advise_random_on_open: 1
2018/12/29-14:18:26.716020 7fd6fc3dc700                    Options.db_write_buffer_size: 0
2018/12/29-14:18:26.716022 7fd6fc3dc700                    Options.write_buffer_manager: 0x7fd6d43c39a0
2018/12/29-14:18:26.716024 7fd6fc3dc700         Options.access_hint_on_compaction_start: 1
2018/12/29-14:18:26.716025 7fd6fc3dc700  Options.new_table_reader_for_compaction_inputs: 0
2018/12/29-14:18:26.716027 7fd6fc3dc700           Options.random_access_max_buffer_size: 1048576
2018/12/29-14:18:26.716029 7fd6fc3dc700                      Options.use_adaptive_mutex: 0
2018/12/29-14:18:26.716031 7fd6fc3dc700                            Options.rate_limiter: (nil)
2018/12/29-14:18:26.716035 7fd6fc3dc700     Options.sst_file_manager.rate_bytes_per_sec: 0
2018/12/29-14:18:26.716037 7fd6fc3dc700                       Options.wal_recovery_mode: 2
2018/12/29-14:18:26.716039 7fd6fc3dc700                  Options.enable_thread_tracking: 0
2018/12/29-14:18:26.716041 7fd6fc3dc700                  Options.enable_pipelined_write: 1
2018/12/29-14:18:26.716056 7fd6fc3dc700         Options.allow_concurrent_memtable_write: 1
2018/12/29-14:18:26.716059 7fd6fc3dc700      Options.enable_write_thread_adaptive_yield: 1
2018/12/29-14:18:26.716061 7fd6fc3dc700             Options.write_thread_max_yield_usec: 100
2018/12/29-14:18:26.716062 7fd6fc3dc700            Options.write_thread_slow_yield_usec: 3
2018/12/29-14:18:26.716064 7fd6fc3dc700                               Options.row_cache: None
2018/12/29-14:18:26.716066 7fd6fc3dc700                              Options.wal_filter: None
2018/12/29-14:18:26.716068 7fd6fc3dc700             Options.avoid_flush_during_recovery: 0
2018/12/29-14:18:26.716070 7fd6fc3dc700             Options.allow_ingest_behind: 0
2018/12/29-14:18:26.716072 7fd6fc3dc700             Options.preserve_deletes: 0
2018/12/29-14:18:26.716073 7fd6fc3dc700             Options.two_write_queues: 0
2018/12/29-14:18:26.716075 7fd6fc3dc700             Options.manual_wal_flush: 0
2018/12/29-14:18:26.716078 7fd6fc3dc700             Options.max_background_jobs: 24
2018/12/29-14:18:26.716080 7fd6fc3dc700             Options.max_background_compactions: 24
2018/12/29-14:18:26.716082 7fd6fc3dc700             Options.avoid_flush_during_shutdown: 0
2018/12/29-14:18:26.716084 7fd6fc3dc700           Options.writable_file_max_buffer_size: 1048576
2018/12/29-14:18:26.716086 7fd6fc3dc700             Options.delayed_write_rate : 16777216
2018/12/29-14:18:26.716088 7fd6fc3dc700             Options.max_total_wal_size: 0
2018/12/29-14:18:26.716089 7fd6fc3dc700             Options.delete_obsolete_files_period_micros: 21600000000
2018/12/29-14:18:26.716092 7fd6fc3dc700                   Options.stats_dump_period_sec: 60
2018/12/29-14:18:26.716094 7fd6fc3dc700                          Options.max_open_files: -1
2018/12/29-14:18:26.716095 7fd6fc3dc700                          Options.bytes_per_sync: 1048576
2018/12/29-14:18:26.716097 7fd6fc3dc700                      Options.wal_bytes_per_sync: 0
2018/12/29-14:18:26.716099 7fd6fc3dc700       Options.compaction_readahead_size: 0
2018/12/29-14:18:26.716101 7fd6fc3dc700 Compression algorithms supported:
2018/12/29-14:18:26.716103 7fd6fc3dc700 	kZSTDNotFinalCompression supported: 1
2018/12/29-14:18:26.716115 7fd6fc3dc700 	kZSTD supported: 1
2018/12/29-14:18:26.716118 7fd6fc3dc700 	kXpressCompression supported: 0
2018/12/29-14:18:26.716120 7fd6fc3dc700 	kLZ4HCCompression supported: 1
2018/12/29-14:18:26.716122 7fd6fc3dc700 	kLZ4Compression supported: 1
2018/12/29-14:18:26.716124 7fd6fc3dc700 	kBZip2Compression supported: 1
2018/12/29-14:18:26.716126 7fd6fc3dc700 	kZlibCompression supported: 1
2018/12/29-14:18:26.716128 7fd6fc3dc700 	kSnappyCompression supported: 1
2018/12/29-14:18:26.716134 7fd6fc3dc700 Fast CRC32 supported: Supported on x86
2018/12/29-14:18:26.716229 7fd6fc3dc700 [db/db_impl_open.cc:222] Creating manifest 1 
2018/12/29-14:18:26.815593 7fd6fc3dc700 [db/version_set.cc:3085] Recovering from manifest file: MANIFEST-000001
2018/12/29-14:18:26.815720 7fd6fc3dc700 [db/column_family.cc:475] --------------- Options for column family [default]:
2018/12/29-14:18:26.815725 7fd6fc3dc700               Options.comparator: leveldb.BytewiseComparator
2018/12/29-14:18:26.815727 7fd6fc3dc700           Options.merge_operator: None
2018/12/29-14:18:26.815728 7fd6fc3dc700        Options.compaction_filter: None
2018/12/29-14:18:26.815729 7fd6fc3dc700        Options.compaction_filter_factory: None
2018/12/29-14:18:26.815730 7fd6fc3dc700         Options.memtable_factory: SkipListFactory
2018/12/29-14:18:26.815732 7fd6fc3dc700            Options.table_factory: BlockBasedTable
2018/12/29-14:18:26.815764 7fd6fc3dc700            table_factory options:   flush_block_policy_factory: FlushBlockBySizePolicyFactory (0x7fd6d43802f0)
  cache_index_and_filter_blocks: 0
  cache_index_and_filter_blocks_with_high_priority: 0
  pin_l0_filter_and_index_blocks_in_cache: 0
  index_type: 0
  hash_index_allow_collision: 1
  checksum: 1
  no_block_cache: 0
  block_cache: 0x7fd6d438bd30
  block_cache_name: LRUCache
  block_cache_options:
    capacity : 8388608
    num_shard_bits : 4
    strict_capacity_limit : 0
    high_pri_pool_ratio: 0.000
  block_cache_compressed: (nil)
  persistent_cache: (nil)
  block_size: 8192
  block_size_deviation: 10
  block_restart_interval: 16
  index_block_restart_interval: 1
  metadata_block_size: 4096
  partition_filters: 0
  use_delta_encoding: 1
  filter_policy: nullptr
  whole_key_filtering: 1
  verify_compression: 0
  read_amp_bytes_per_bit: 0
  format_version: 2
  enable_index_compression: 1
  block_align: 0
2018/12/29-14:18:26.815781 7fd6fc3dc700        Options.write_buffer_size: 134217728
2018/12/29-14:18:26.815782 7fd6fc3dc700  Options.max_write_buffer_number: 24
2018/12/29-14:18:26.815784 7fd6fc3dc700        Options.compression[0]: NoCompression
2018/12/29-14:18:26.815785 7fd6fc3dc700        Options.compression[1]: NoCompression
2018/12/29-14:18:26.815787 7fd6fc3dc700        Options.compression[2]: LZ4
2018/12/29-14:18:26.815788 7fd6fc3dc700        Options.compression[3]: LZ4
2018/12/29-14:18:26.815789 7fd6fc3dc700        Options.compression[4]: LZ4
2018/12/29-14:18:26.815790 7fd6fc3dc700        Options.compression[5]: LZ4
2018/12/29-14:18:26.815791 7fd6fc3dc700        Options.compression[6]: LZ4
2018/12/29-14:18:26.815792 7fd6fc3dc700                  Options.bottommost_compression: Disabled
2018/12/29-14:18:26.815794 7fd6fc3dc700       Options.prefix_extractor: nullptr
2018/12/29-14:18:26.815795 7fd6fc3dc700   Options.memtable_insert_with_hint_prefix_extractor: nullptr
2018/12/29-14:18:26.815796 7fd6fc3dc700             Options.num_levels: 7
2018/12/29-14:18:26.815797 7fd6fc3dc700        Options.min_write_buffer_number_to_merge: 2
2018/12/29-14:18:26.815798 7fd6fc3dc700     Options.max_write_buffer_number_to_maintain: 0
2018/12/29-14:18:26.815799 7fd6fc3dc700            Options.compression_opts.window_bits: -14
2018/12/29-14:18:26.815800 7fd6fc3dc700                  Options.compression_opts.level: -1
2018/12/29-14:18:26.815801 7fd6fc3dc700               Options.compression_opts.strategy: 0
2018/12/29-14:18:26.815802 7fd6fc3dc700         Options.compression_opts.max_dict_bytes: 0
2018/12/29-14:18:26.815803 7fd6fc3dc700         Options.compression_opts.zstd_max_train_bytes: 0
2018/12/29-14:18:26.815804 7fd6fc3dc700      Options.level0_file_num_compaction_trigger: 2
2018/12/29-14:18:26.815805 7fd6fc3dc700          Options.level0_slowdown_writes_trigger: 20
2018/12/29-14:18:26.815806 7fd6fc3dc700              Options.level0_stop_writes_trigger: 36
2018/12/29-14:18:26.815807 7fd6fc3dc700                   Options.target_file_size_base: 67108864
2018/12/29-14:18:26.815808 7fd6fc3dc700             Options.target_file_size_multiplier: 1
2018/12/29-14:18:26.815809 7fd6fc3dc700                Options.max_bytes_for_level_base: 536870912
2018/12/29-14:18:26.815810 7fd6fc3dc700 Options.level_compaction_dynamic_level_bytes: 0
2018/12/29-14:18:26.815811 7fd6fc3dc700          Options.max_bytes_for_level_multiplier: 10.000000
2018/12/29-14:18:26.815814 7fd6fc3dc700 Options.max_bytes_for_level_multiplier_addtl[0]: 1
2018/12/29-14:18:26.815815 7fd6fc3dc700 Options.max_bytes_for_level_multiplier_addtl[1]: 1
2018/12/29-14:18:26.815816 7fd6fc3dc700 Options.max_bytes_for_level_multiplier_addtl[2]: 1
2018/12/29-14:18:26.815817 7fd6fc3dc700 Options.max_bytes_for_level_multiplier_addtl[3]: 1
2018/12/29-14:18:26.815818 7fd6fc3dc700 Options.max_bytes_for_level_multiplier_addtl[4]: 1
2018/12/29-14:18:26.815819 7fd6fc3dc700 Options.max_bytes_for_level_multiplier_addtl[5]: 1
2018/12/29-14:18:26.815820 7fd6fc3dc700 Options.max_bytes_for_level_multiplier_addtl[6]: 1
2018/12/29-14:18:26.815821 7fd6fc3dc700       Options.max_sequential_skip_in_iterations: 8
2018/12/29-14:18:26.815822 7fd6fc3dc700                    Options.max_compaction_bytes: 1677721600
2018/12/29-14:18:26.815823 7fd6fc3dc700                        Options.arena_block_size: 16777216
2018/12/29-14:18:26.815824 7fd6fc3dc700   Options.soft_pending_compaction_bytes_limit: 68719476736
2018/12/29-14:18:26.815825 7fd6fc3dc700   Options.hard_pending_compaction_bytes_limit: 274877906944
2018/12/29-14:18:26.815832 7fd6fc3dc700       Options.rate_limit_delay_max_milliseconds: 100
2018/12/29-14:18:26.815834 7fd6fc3dc700                Options.disable_auto_compactions: 0
2018/12/29-14:18:26.815836 7fd6fc3dc700                        Options.compaction_style: kCompactionStyleLevel
2018/12/29-14:18:26.815838 7fd6fc3dc700                          Options.compaction_pri: kByCompensatedSize
2018/12/29-14:18:26.815839 7fd6fc3dc700 Options.compaction_options_universal.size_ratio: 1
2018/12/29-14:18:26.815840 7fd6fc3dc700 Options.compaction_options_universal.min_merge_width: 2
2018/12/29-14:18:26.815842 7fd6fc3dc700 Options.compaction_options_universal.max_merge_width: 4294967295
2018/12/29-14:18:26.815843 7fd6fc3dc700 Options.compaction_options_universal.max_size_amplification_percent: 200
2018/12/29-14:18:26.815844 7fd6fc3dc700 Options.compaction_options_universal.compression_size_percent: -1
2018/12/29-14:18:26.815846 7fd6fc3dc700 Options.compaction_options_universal.stop_style: kCompactionStopStyleTotalSize
2018/12/29-14:18:26.815847 7fd6fc3dc700 Options.compaction_options_fifo.max_table_files_size: 1073741824
2018/12/29-14:18:26.815848 7fd6fc3dc700 Options.compaction_options_fifo.allow_compaction: 0
2018/12/29-14:18:26.815849 7fd6fc3dc700 Options.compaction_options_fifo.ttl: 0
2018/12/29-14:18:26.815855 7fd6fc3dc700                   Options.table_properties_collectors: 
2018/12/29-14:18:26.815856 7fd6fc3dc700                   Options.inplace_update_support: 0
2018/12/29-14:18:26.815857 7fd6fc3dc700                 Options.inplace_update_num_locks: 10000
2018/12/29-14:18:26.815859 7fd6fc3dc700               Options.memtable_prefix_bloom_size_ratio: 0.000000
2018/12/29-14:18:26.815860 7fd6fc3dc700   Options.memtable_huge_page_size: 0
2018/12/29-14:18:26.815861 7fd6fc3dc700                           Options.bloom_locality: 0
2018/12/29-14:18:26.815862 7fd6fc3dc700                    Options.max_successive_merges: 0
2018/12/29-14:18:26.815863 7fd6fc3dc700                Options.optimize_filters_for_hits: 0
2018/12/29-14:18:26.815864 7fd6fc3dc700                Options.paranoid_file_checks: 0
2018/12/29-14:18:26.815865 7fd6fc3dc700                Options.force_consistency_checks: 0
2018/12/29-14:18:26.815867 7fd6fc3dc700                Options.report_bg_io_stats: 0
2018/12/29-14:18:26.815867 7fd6fc3dc700                               Options.ttl: 0
2018/12/29-14:18:26.816363 7fd6fc3dc700 [db/version_set.cc:3361] Recovered from manifest file:/mnt/sda/ycsb-rocksdb-data/MANIFEST-000001 succeeded,manifest_file_number is 1, next_file_number is 3, last_sequence is 0, log_number is 0,prev_log_number is 0,max_column_family is 0,min_log_number_to_keep is 0
2018/12/29-14:18:26.816368 7fd6fc3dc700 [db/version_set.cc:3369] Column family [default] (ID 0), log number is 0
2018/12/29-14:18:26.816626 7fd6fc3dc700 [db/version_set.cc:2847] Creating manifest 4
2018/12/29-14:18:27.002426 7fd6fc3dc700 [db/column_family.cc:475] --------------- Options for column family [usertable]:
2018/12/29-14:18:27.002434 7fd6fc3dc700               Options.comparator: leveldb.BytewiseComparator
2018/12/29-14:18:27.002436 7fd6fc3dc700           Options.merge_operator: None
2018/12/29-14:18:27.002438 7fd6fc3dc700        Options.compaction_filter: None
2018/12/29-14:18:27.002440 7fd6fc3dc700        Options.compaction_filter_factory: None
2018/12/29-14:18:27.002442 7fd6fc3dc700         Options.memtable_factory: SkipListFactory
2018/12/29-14:18:27.002444 7fd6fc3dc700            Options.table_factory: BlockBasedTable
2018/12/29-14:18:27.002489 7fd6fc3dc700            table_factory options:   flush_block_policy_factory: FlushBlockBySizePolicyFactory (0x7fd6d43803d0)
  cache_index_and_filter_blocks: 0
  cache_index_and_filter_blocks_with_high_priority: 0
  pin_l0_filter_and_index_blocks_in_cache: 0
  index_type: 0
  hash_index_allow_collision: 1
  checksum: 1
  no_block_cache: 0
  block_cache: 0x7fd6d43814f0
  block_cache_name: LRUCache
  block_cache_options:
    capacity : 8388608
    num_shard_bits : 4
    strict_capacity_limit : 0
    high_pri_pool_ratio: 0.000
  block_cache_compressed: (nil)
  persistent_cache: (nil)
  block_size: 8192
  block_size_deviation: 10
  block_restart_interval: 16
  index_block_restart_interval: 1
  metadata_block_size: 4096
  partition_filters: 0
  use_delta_encoding: 1
  filter_policy: nullptr
  whole_key_filtering: 1
  verify_compression: 0
  read_amp_bytes_per_bit: 0
  format_version: 2
  enable_index_compression: 1
  block_align: 0
2018/12/29-14:18:27.002492 7fd6fc3dc700        Options.write_buffer_size: 134217728
2018/12/29-14:18:27.002493 7fd6fc3dc700  Options.max_write_buffer_number: 24
2018/12/29-14:18:27.002495 7fd6fc3dc700        Options.compression[0]: NoCompression
2018/12/29-14:18:27.002497 7fd6fc3dc700        Options.compression[1]: NoCompression
2018/12/29-14:18:27.002498 7fd6fc3dc700        Options.compression[2]: LZ4
2018/12/29-14:18:27.002499 7fd6fc3dc700        Options.compression[3]: LZ4
2018/12/29-14:18:27.002500 7fd6fc3dc700        Options.compression[4]: LZ4
2018/12/29-14:18:27.002501 7fd6fc3dc700        Options.compression[5]: LZ4
2018/12/29-14:18:27.002502 7fd6fc3dc700        Options.compression[6]: LZ4
2018/12/29-14:18:27.002503 7fd6fc3dc700                  Options.bottommost_compression: Disabled
2018/12/29-14:18:27.002505 7fd6fc3dc700       Options.prefix_extractor: nullptr
2018/12/29-14:18:27.002506 7fd6fc3dc700   Options.memtable_insert_with_hint_prefix_extractor: nullptr
2018/12/29-14:18:27.002507 7fd6fc3dc700             Options.num_levels: 7
2018/12/29-14:18:27.002508 7fd6fc3dc700        Options.min_write_buffer_number_to_merge: 2
2018/12/29-14:18:27.002509 7fd6fc3dc700     Options.max_write_buffer_number_to_maintain: 0
2018/12/29-14:18:27.002510 7fd6fc3dc700            Options.compression_opts.window_bits: -14
2018/12/29-14:18:27.002511 7fd6fc3dc700                  Options.compression_opts.level: -1
2018/12/29-14:18:27.002512 7fd6fc3dc700               Options.compression_opts.strategy: 0
2018/12/29-14:18:27.002513 7fd6fc3dc700         Options.compression_opts.max_dict_bytes: 0
2018/12/29-14:18:27.002514 7fd6fc3dc700         Options.compression_opts.zstd_max_train_bytes: 0
2018/12/29-14:18:27.002515 7fd6fc3dc700      Options.level0_file_num_compaction_trigger: 2
2018/12/29-14:18:27.002516 7fd6fc3dc700          Options.level0_slowdown_writes_trigger: 20
2018/12/29-14:18:27.002518 7fd6fc3dc700              Options.level0_stop_writes_trigger: 36
2018/12/29-14:18:27.002519 7fd6fc3dc700                   Options.target_file_size_base: 67108864
2018/12/29-14:18:27.002520 7fd6fc3dc700             Options.target_file_size_multiplier: 1
2018/12/29-14:18:27.002521 7fd6fc3dc700                Options.max_bytes_for_level_base: 536870912
2018/12/29-14:18:27.002522 7fd6fc3dc700 Options.level_compaction_dynamic_level_bytes: 0
2018/12/29-14:18:27.002523 7fd6fc3dc700          Options.max_bytes_for_level_multiplier: 10.000000
2018/12/29-14:18:27.002526 7fd6fc3dc700 Options.max_bytes_for_level_multiplier_addtl[0]: 1
2018/12/29-14:18:27.002538 7fd6fc3dc700 Options.max_bytes_for_level_multiplier_addtl[1]: 1
2018/12/29-14:18:27.002540 7fd6fc3dc700 Options.max_bytes_for_level_multiplier_addtl[2]: 1
2018/12/29-14:18:27.002541 7fd6fc3dc700 Options.max_bytes_for_level_multiplier_addtl[3]: 1
2018/12/29-14:18:27.002542 7fd6fc3dc700 Options.max_bytes_for_level_multiplier_addtl[4]: 1
2018/12/29-14:18:27.002543 7fd6fc3dc700 Options.max_bytes_for_level_multiplier_addtl[5]: 1
2018/12/29-14:18:27.002544 7fd6fc3dc700 Options.max_bytes_for_level_multiplier_addtl[6]: 1
2018/12/29-14:18:27.002545 7fd6fc3dc700       Options.max_sequential_skip_in_iterations: 8
2018/12/29-14:18:27.002546 7fd6fc3dc700                    Options.max_compaction_bytes: 1677721600
2018/12/29-14:18:27.002547 7fd6fc3dc700                        Options.arena_block_size: 16777216
2018/12/29-14:18:27.002548 7fd6fc3dc700   Options.soft_pending_compaction_bytes_limit: 68719476736
2018/12/29-14:18:27.002549 7fd6fc3dc700   Options.hard_pending_compaction_bytes_limit: 274877906944
2018/12/29-14:18:27.002551 7fd6fc3dc700       Options.rate_limit_delay_max_milliseconds: 100
2018/12/29-14:18:27.002552 7fd6fc3dc700                Options.disable_auto_compactions: 0
2018/12/29-14:18:27.002554 7fd6fc3dc700                        Options.compaction_style: kCompactionStyleLevel
2018/12/29-14:18:27.002557 7fd6fc3dc700                          Options.compaction_pri: kByCompensatedSize
2018/12/29-14:18:27.002558 7fd6fc3dc700 Options.compaction_options_universal.size_ratio: 1
2018/12/29-14:18:27.002559 7fd6fc3dc700 Options.compaction_options_universal.min_merge_width: 2
2018/12/29-14:18:27.002560 7fd6fc3dc700 Options.compaction_options_universal.max_merge_width: 4294967295
2018/12/29-14:18:27.002561 7fd6fc3dc700 Options.compaction_options_universal.max_size_amplification_percent: 200
2018/12/29-14:18:27.002562 7fd6fc3dc700 Options.compaction_options_universal.compression_size_percent: -1
2018/12/29-14:18:27.002565 7fd6fc3dc700 Options.compaction_options_universal.stop_style: kCompactionStopStyleTotalSize
2018/12/29-14:18:27.002566 7fd6fc3dc700 Options.compaction_options_fifo.max_table_files_size: 1073741824
2018/12/29-14:18:27.002567 7fd6fc3dc700 Options.compaction_options_fifo.allow_compaction: 0
2018/12/29-14:18:27.002568 7fd6fc3dc700 Options.compaction_options_fifo.ttl: 0
2018/12/29-14:18:27.002569 7fd6fc3dc700                   Options.table_properties_collectors: 
2018/12/29-14:18:27.002570 7fd6fc3dc700                   Options.inplace_update_support: 0
2018/12/29-14:18:27.002571 7fd6fc3dc700                 Options.inplace_update_num_locks: 10000
2018/12/29-14:18:27.002573 7fd6fc3dc700               Options.memtable_prefix_bloom_size_ratio: 0.000000
2018/12/29-14:18:27.002574 7fd6fc3dc700   Options.memtable_huge_page_size: 0
2018/12/29-14:18:27.002575 7fd6fc3dc700                           Options.bloom_locality: 0
2018/12/29-14:18:27.002576 7fd6fc3dc700                    Options.max_successive_merges: 0
2018/12/29-14:18:27.002577 7fd6fc3dc700                Options.optimize_filters_for_hits: 0
2018/12/29-14:18:27.002578 7fd6fc3dc700                Options.paranoid_file_checks: 0
2018/12/29-14:18:27.002579 7fd6fc3dc700                Options.force_consistency_checks: 0
2018/12/29-14:18:27.002580 7fd6fc3dc700                Options.report_bg_io_stats: 0
2018/12/29-14:18:27.002581 7fd6fc3dc700                               Options.ttl: 0
2018/12/29-14:18:27.002664 7fd6fc3dc700 [db/db_impl.cc:1396] Created column family [usertable] (ID 1)
2018/12/29-14:18:27.242942 7fd6fc3dc700 [db/db_impl_open.cc:1219] DB pointer 0x7fd6d43c7120
2018/12/29-14:18:36.209787 7fd6c77f7700 [db/db_impl_write.cc:1373] [usertable] New memtable created with log file: #9. Immutable memtables: 0.
2018/12/29-14:18:45.174369 7fd6c77f7700 [db/db_impl_write.cc:1373] [usertable] New memtable created with log file: #10. Immutable memtables: 1.
2018/12/29-14:18:45.174530 7fd62bfff700 [db/db_impl_compaction_flush.cc:80] [JOB 2] Syncing log #3
2018/12/29-14:18:45.449919 7fd62bfff700 [db/db_impl_compaction_flush.cc:80] [JOB 2] Syncing log #9
2018/12/29-14:18:45.982017 7fd62bfff700 (Original Log Time 2018/12/29-14:18:45.174462) [db/db_impl_compaction_flush.cc:1424] Calling FlushMemTableToOutputFile with column family [usertable], flush slots available 24, compaction slots available 1, flush slots scheduled 1, compaction slots scheduled 0
2018/12/29-14:18:45.982032 7fd62bfff700 [db/flush_job.cc:301] [usertable] [JOB 2] Flushing memtable with next log file: 9
2018/12/29-14:18:45.982045 7fd62bfff700 [db/flush_job.cc:301] [usertable] [JOB 2] Flushing memtable with next log file: 10
2018/12/29-14:18:45.982097 7fd62bfff700 EVENT_LOG_v1 {"time_micros": 1546121925982078, "job": 2, "event": "flush_started", "num_memtables": 2, "num_entries": 62752, "num_deletes": 0, "memory_usage": 260120144, "flush_reason": "Write Buffer Full"}
2018/12/29-14:18:45.982110 7fd62bfff700 [db/flush_job.cc:331] [usertable] [JOB 2] Level-0 flush table #11: started
2018/12/29-14:18:47.375473 7fd62bfff700 EVENT_LOG_v1 {"time_micros": 1546121927375448, "cf_name": "usertable", "job": 2, "event": "table_file_creation", "file_number": 11, "file_size": 259881101, "table_properties": {"data_size": 258726496, "index_size": 1153678, "filter_size": 0, "raw_key_size": 1506048, "raw_average_key_size": 24, "raw_value_size": 257032192, "raw_average_value_size": 4096, "num_data_blocks": 31376, "num_entries": 62752, "filter_policy_name": "", "kDeletedKeys": "0", "kMergeOperands": "0"}}
2018/12/29-14:18:47.375502 7fd62bfff700 [db/flush_job.cc:371] [usertable] [JOB 2] Level-0 flush table #11: 259881101 bytes OK
2018/12/29-14:18:47.434001 7fd62bfff700 (Original Log Time 2018/12/29-14:18:47.375519) [db/memtable_list.cc:377] [usertable] Level-0 commit table #11 started
2018/12/29-14:18:47.434006 7fd62bfff700 (Original Log Time 2018/12/29-14:18:47.433882) [db/memtable_list.cc:409] [usertable] Level-0 commit table #11: memtable #1 done
2018/12/29-14:18:47.434008 7fd62bfff700 (Original Log Time 2018/12/29-14:18:47.433902) [db/memtable_list.cc:409] [usertable] Level-0 commit table #11: memtable #2 done
2018/12/29-14:18:47.434010 7fd62bfff700 (Original Log Time 2018/12/29-14:18:47.433936) EVENT_LOG_v1 {"time_micros": 1546121927433924, "job": 2, "event": "flush_finished", "output_compression": "NoCompression", "lsm_state": [1, 0, 0, 0, 0, 0, 0], "immutable_memtables": 0}
2018/12/29-14:18:47.434012 7fd62bfff700 (Original Log Time 2018/12/29-14:18:47.433967) [db/db_impl_compaction_flush.cc:177] [usertable] Level summary: base level 1 max bytes base 536870912 files[1 0 0 0 0 0 0] max score 0.50
2018/12/29-14:18:47.434025 7fd62bfff700 [db/db_impl_files.cc:347] [JOB 2] Try to delete WAL files size 259084168, prev total WAL file size 291747019, number of live WAL files 3.
2018/12/29-14:18:54.139086 7fd6c7bfb700 [db/db_impl_write.cc:1373] [usertable] New memtable created with log file: #12. Immutable memtables: 0.
2018/12/29-14:19:03.103885 7fd6c78f8700 [db/db_impl_write.cc:1373] [usertable] New memtable created with log file: #13. Immutable memtables: 1.
2018/12/29-14:19:03.104002 7fd62affd700 [db/db_impl_compaction_flush.cc:80] [JOB 3] Syncing log #10
2018/12/29-14:19:03.629133 7fd62affd700 [db/db_impl_compaction_flush.cc:80] [JOB 3] Syncing log #12
2018/12/29-14:19:05.405016 7fd62affd700 (Original Log Time 2018/12/29-14:19:03.103978) [db/db_impl_compaction_flush.cc:1424] Calling FlushMemTableToOutputFile with column family [usertable], flush slots available 24, compaction slots available 1, flush slots scheduled 1, compaction slots scheduled 0
2018/12/29-14:19:05.405031 7fd62affd700 [db/flush_job.cc:301] [usertable] [JOB 3] Flushing memtable with next log file: 12
2018/12/29-14:19:05.405039 7fd62affd700 [db/flush_job.cc:301] [usertable] [JOB 3] Flushing memtable with next log file: 13
2018/12/29-14:19:05.405074 7fd62affd700 EVENT_LOG_v1 {"time_micros": 1546121945405063, "job": 3, "event": "flush_started", "num_memtables": 2, "num_entries": 62755, "num_deletes": 0, "memory_usage": 260069184, "flush_reason": "Write Buffer Full"}
2018/12/29-14:19:05.405081 7fd62affd700 [db/flush_job.cc:331] [usertable] [JOB 3] Level-0 flush table #14: started
2018/12/29-14:19:07.772868 7fd62affd700 EVENT_LOG_v1 {"time_micros": 1546121947772844, "cf_name": "usertable", "job": 3, "event": "table_file_creation", "file_number": 14, "file_size": 259893555, "table_properties": {"data_size": 258738879, "index_size": 1153749, "filter_size": 0, "raw_key_size": 1506120, "raw_average_key_size": 24, "raw_value_size": 257044480, "raw_average_value_size": 4096, "num_data_blocks": 31378, "num_entries": 62755, "filter_policy_name": "", "kDeletedKeys": "0", "kMergeOperands": "0"}}
2018/12/29-14:19:07.772891 7fd62affd700 [db/flush_job.cc:371] [usertable] [JOB 3] Level-0 flush table #14: 259893555 bytes OK
2018/12/29-14:19:07.871064 7fd62affd700 (Original Log Time 2018/12/29-14:19:07.772909) [db/memtable_list.cc:377] [usertable] Level-0 commit table #14 started
2018/12/29-14:19:07.871070 7fd62affd700 (Original Log Time 2018/12/29-14:19:07.870954) [db/memtable_list.cc:409] [usertable] Level-0 commit table #14: memtable #1 done
2018/12/29-14:19:07.871072 7fd62affd700 (Original Log Time 2018/12/29-14:19:07.870962) [db/memtable_list.cc:409] [usertable] Level-0 commit table #14: memtable #2 done
2018/12/29-14:19:07.871074 7fd62affd700 (Original Log Time 2018/12/29-14:19:07.870993) EVENT_LOG_v1 {"time_micros": 1546121947870983, "job": 3, "event": "flush_finished", "output_compression": "NoCompression", "lsm_state": [2, 0, 0, 0, 0, 0, 0], "immutable_memtables": 0}
2018/12/29-14:19:07.871075 7fd62affd700 (Original Log Time 2018/12/29-14:19:07.871037) [db/db_impl_compaction_flush.cc:177] [usertable] Level summary: base level 1 max bytes base 536870912 files[2 0 0 0 0 0 0] max score 1.00
2018/12/29-14:19:07.871086 7fd62affd700 [db/db_impl_files.cc:347] [JOB 3] Try to delete WAL files size 259099123, prev total WAL file size 327990156, number of live WAL files 3.
2018/12/29-14:19:07.871311 7fd648ff9700 [WARN] [db/db_impl.cc:491] ------- DUMPING STATS -------
2018/12/29-14:19:07.871367 7fd648ff9700 [WARN] [db/db_impl.cc:492] 
** DB Stats **
Uptime(secs): 41.1 total, 41.1 interval
Cumulative writes: 142K writes, 142K keys, 139K commit groups, 1.0 writes per commit group, ingest: 0.55 GB, 13.64 MB/s
Cumulative WAL: 142K writes, 0 syncs, 142192.00 writes per sync, written: 0.55 GB, 13.64 MB/s
Cumulative stall: 00:00:0.000 H:M:S, 0.0 percent
Interval writes: 142K writes, 142K keys, 139K commit groups, 1.0 writes per commit group, ingest: 559.88 MB, 13.64 MB/s
Interval WAL: 142K writes, 0 syncs, 142192.00 writes per sync, written: 0.55 MB, 13.64 MB/s
Interval stall: 00:00:0.000 H:M:S, 0.0 percent

** Compaction Stats [default] **
Level    Files   Size     Score Read(GB)  Rn(GB) Rnp1(GB) Write(GB) Wnew(GB) Moved(GB) W-Amp Rd(MB/s) Wr(MB/s) Comp(sec) Comp(cnt) Avg(sec) KeyIn KeyDrop
----------------------------------------------------------------------------------------------------------------------------------------------------------
 Sum      0/0    0.00 KB   0.0      0.0     0.0      0.0       0.0      0.0       0.0   0.0      0.0      0.0         0         0    0.000       0      0
 Int      0/0    0.00 KB   0.0      0.0     0.0      0.0       0.0      0.0       0.0   0.0      0.0      0.0         0         0    0.000       0      0
Uptime(secs): 41.1 total, 41.1 interval
Flush(GB): cumulative 0.000, interval 0.000
AddFile(GB): cumulative 0.000, interval 0.000
AddFile(Total Files): cumulative 0, interval 0
AddFile(L0 Files): cumulative 0, interval 0
AddFile(Keys): cumulative 0, interval 0
Cumulative compaction: 0.00 GB write, 0.00 MB/s write, 0.00 GB read, 0.00 MB/s read, 0.0 seconds
Interval compaction: 0.00 GB write, 0.00 MB/s write, 0.00 GB read, 0.00 MB/s read, 0.0 seconds
Stalls(count): 0 level0_slowdown, 0 level0_slowdown_with_compaction, 0 level0_numfiles, 0 level0_numfiles_with_compaction, 0 stop for pending_compaction_bytes, 0 slowdown for pending_compaction_bytes, 0 memtable_compaction, 0 memtable_slowdown, interval 0 total count

** File Read Latency Histogram By Level [default] **

** Compaction Stats [usertable] **
Level    Files   Size     Score Read(GB)  Rn(GB) Rnp1(GB) Write(GB) Wnew(GB) Moved(GB) W-Amp Rd(MB/s) Wr(MB/s) Comp(sec) Comp(cnt) Avg(sec) KeyIn KeyDrop
----------------------------------------------------------------------------------------------------------------------------------------------------------
  L0      2/0   495.70 MB   1.0      0.0     0.0      0.0       0.5      0.5       0.0   1.0      0.0    131.8         4         2    1.881       0      0
 Sum      2/0   495.70 MB   0.0      0.0     0.0      0.0       0.5      0.5       0.0   1.0      0.0    131.8         4         2    1.881       0      0
 Int      0/0    0.00 KB   0.0      0.0     0.0      0.0       0.5      0.5       0.0   1.0      0.0    131.8         4         2    1.881       0      0
Uptime(secs): 40.9 total, 40.9 interval
Flush(GB): cumulative 0.484, interval 0.484
AddFile(GB): cumulative 0.000, interval 0.000
AddFile(Total Files): cumulative 0, interval 0
AddFile(L0 Files): cumulative 0, interval 0
AddFile(Keys): cumulative 0, interval 0
Cumulative compaction: 0.48 GB write, 12.13 MB/s write, 0.00 GB read, 0.00 MB/s read, 3.8 seconds
Interval compaction: 0.48 GB write, 12.13 MB/s write, 0.00 GB read, 0.00 MB/s read, 3.8 seconds
Stalls(count): 0 level0_slowdown, 0 level0_slowdown_with_compaction, 0 level0_numfiles, 0 level0_numfiles_with_compaction, 0 stop for pending_compaction_bytes, 0 slowdown for pending_compaction_bytes, 0 memtable_compaction, 0 memtable_slowdown, interval 0 total count

** File Read Latency Histogram By Level [usertable] **

** Compaction Stats [default] **
Level    Files   Size     Score Read(GB)  Rn(GB) Rnp1(GB) Write(GB) Wnew(GB) Moved(GB) W-Amp Rd(MB/s) Wr(MB/s) Comp(sec) Comp(cnt) Avg(sec) KeyIn KeyDrop
----------------------------------------------------------------------------------------------------------------------------------------------------------
 Sum      0/0    0.00 KB   0.0      0.0     0.0      0.0       0.0      0.0       0.0   0.0      0.0      0.0         0         0    0.000       0      0
 Int      0/0    0.00 KB   0.0      0.0     0.0      0.0       0.0      0.0       0.0   0.0      0.0      0.0         0         0    0.000       0      0
Uptime(secs): 41.1 total, 0.0 interval
Flush(GB): cumulative 0.000, interval 0.000
AddFile(GB): cumulative 0.000, interval 0.000
AddFile(Total Files): cumulative 0, interval 0
AddFile(L0 Files): cumulative 0, interval 0
AddFile(Keys): cumulative 0, interval 0
Cumulative compaction: 0.00 GB write, 0.00 MB/s write, 0.00 GB read, 0.00 MB/s read, 0.0 seconds
Interval compaction: 0.00 GB write, 0.00 MB/s write, 0.00 GB read, 0.00 MB/s read, 0.0 seconds
Stalls(count): 0 level0_slowdown, 0 level0_slowdown_with_compaction, 0 level0_numfiles, 0 level0_numfiles_with_compaction, 0 stop for pending_compaction_bytes, 0 slowdown for pending_compaction_bytes, 0 memtable_compaction, 0 memtable_slowdown, interval 0 total count

** File Read Latency Histogram By Level [default] **

** Compaction Stats [usertable] **
Level    Files   Size     Score Read(GB)  Rn(GB) Rnp1(GB) Write(GB) Wnew(GB) Moved(GB) W-Amp Rd(MB/s) Wr(MB/s) Comp(sec) Comp(cnt) Avg(sec) KeyIn KeyDrop
----------------------------------------------------------------------------------------------------------------------------------------------------------
  L0      2/0   495.70 MB   1.0      0.0     0.0      0.0       0.5      0.5       0.0   1.0      0.0    131.8         4         2    1.881       0      0
 Sum      2/0   495.70 MB   0.0      0.0     0.0      0.0       0.5      0.5       0.0   1.0      0.0    131.8         4         2    1.881       0      0
 Int      0/0    0.00 KB   0.0      0.0     0.0      0.0       0.0      0.0       0.0   0.0      0.0      0.0         0         0    0.000       0      0
Uptime(secs): 40.9 total, 0.0 interval
Flush(GB): cumulative 0.484, interval 0.000
AddFile(GB): cumulative 0.000, interval 0.000
AddFile(Total Files): cumulative 0, interval 0
AddFile(L0 Files): cumulative 0, interval 0
AddFile(Keys): cumulative 0, interval 0
Cumulative compaction: 0.48 GB write, 12.13 MB/s write, 0.00 GB read, 0.00 MB/s read, 3.8 seconds
Interval compaction: 0.00 GB write, 0.00 MB/s write, 0.00 GB read, 0.00 MB/s read, 0.0 seconds
Stalls(count): 0 level0_slowdown, 0 level0_slowdown_with_compaction, 0 level0_numfiles, 0 level0_numfiles_with_compaction, 0 stop for pending_compaction_bytes, 0 slowdown for pending_compaction_bytes, 0 memtable_compaction, 0 memtable_slowdown, interval 0 total count

** File Read Latency Histogram By Level [usertable] **
2018/12/29-14:19:07.971800 7fd648ff9700 (Original Log Time 2018/12/29-14:19:07.871481) [db/db_impl_compaction_flush.cc:1835] [usertable] Moving #14 to level-1 259893555 bytes
2018/12/29-14:19:07.971805 7fd648ff9700 (Original Log Time 2018/12/29-14:19:07.971735) EVENT_LOG_v1 {"time_micros": 1546121947971721, "job": 4, "event": "trivial_move", "destination_level": 1, "files": 1, "total_files_size": 259893555}
2018/12/29-14:19:07.971807 7fd648ff9700 (Original Log Time 2018/12/29-14:19:07.971760) [db/db_impl_compaction_flush.cc:1864] [usertable] Moved #1 files to level-1 259893555 bytes OK: base level 1 max bytes base 536870912 files[1 1 0 0 0 0 0] max score 0.50
2018/12/29-14:19:12.069337 7fd6c7afa700 [db/db_impl_write.cc:1373] [usertable] New memtable created with log file: #15. Immutable memtables: 0.
2018/12/29-14:19:21.034724 7fd6c7cfc700 [db/db_impl_write.cc:1373] [usertable] New memtable created with log file: #16. Immutable memtables: 1.
2018/12/29-14:19:21.034820 7fd62b7fe700 [db/db_impl_compaction_flush.cc:80] [JOB 5] Syncing log #13
2018/12/29-14:19:21.843379 7fd62b7fe700 [db/db_impl_compaction_flush.cc:80] [JOB 5] Syncing log #15
2018/12/29-14:19:22.964272 7fd62b7fe700 (Original Log Time 2018/12/29-14:19:21.034797) [db/db_impl_compaction_flush.cc:1424] Calling FlushMemTableToOutputFile with column family [usertable], flush slots available 24, compaction slots available 1, flush slots scheduled 1, compaction slots scheduled 0
2018/12/29-14:19:22.964287 7fd62b7fe700 [db/flush_job.cc:301] [usertable] [JOB 5] Flushing memtable with next log file: 15
2018/12/29-14:19:22.964295 7fd62b7fe700 [db/flush_job.cc:301] [usertable] [JOB 5] Flushing memtable with next log file: 16
2018/12/29-14:19:22.964330 7fd62b7fe700 EVENT_LOG_v1 {"time_micros": 1546121962964319, "job": 5, "event": "flush_started", "num_memtables": 2, "num_entries": 62757, "num_deletes": 0, "memory_usage": 260057368, "flush_reason": "Write Buffer Full"}
2018/12/29-14:19:22.964337 7fd62b7fe700 [db/flush_job.cc:331] [usertable] [JOB 5] Level-0 flush table #17: started
2018/12/29-14:19:25.253397 7fd62b7fe700 EVENT_LOG_v1 {"time_micros": 1546121965253373, "cf_name": "usertable", "job": 5, "event": "table_file_creation", "file_number": 17, "file_size": 259915783, "table_properties": {"data_size": 258754097, "index_size": 1160759, "filter_size": 0, "raw_key_size": 1506168, "raw_average_key_size": 24, "raw_value_size": 257052672, "raw_average_value_size": 4096, "num_data_blocks": 31379, "num_entries": 62757, "filter_policy_name": "", "kDeletedKeys": "0", "kMergeOperands": "0"}}
2018/12/29-14:19:25.253419 7fd62b7fe700 [db/flush_job.cc:371] [usertable] [JOB 5] Level-0 flush table #17: 259915783 bytes OK
2018/12/29-14:19:25.312287 7fd62b7fe700 (Original Log Time 2018/12/29-14:19:25.253434) [db/memtable_list.cc:377] [usertable] Level-0 commit table #17 started
2018/12/29-14:19:25.312292 7fd62b7fe700 (Original Log Time 2018/12/29-14:19:25.312172) [db/memtable_list.cc:409] [usertable] Level-0 commit table #17: memtable #1 done
2018/12/29-14:19:25.312294 7fd62b7fe700 (Original Log Time 2018/12/29-14:19:25.312180) [db/memtable_list.cc:409] [usertable] Level-0 commit table #17: memtable #2 done
2018/12/29-14:19:25.312296 7fd62b7fe700 (Original Log Time 2018/12/29-14:19:25.312211) EVENT_LOG_v1 {"time_micros": 1546121965312200, "job": 5, "event": "flush_finished", "output_compression": "NoCompression", "lsm_state": [2, 1, 0, 0, 0, 0, 0], "immutable_memtables": 0}
2018/12/29-14:19:25.312297 7fd62b7fe700 (Original Log Time 2018/12/29-14:19:25.312259) [db/db_impl_compaction_flush.cc:177] [usertable] Level summary: base level 1 max bytes base 536870912 files[2 1 0 0 0 0 0] max score 1.00
