2018/11/13-09:21:44.756671 7f83442dc700 RocksDB version: 5.14.3
2018/11/13-09:21:44.756760 7f83442dc700 Git sha rocksdb_build_git_sha:
2018/11/13-09:21:44.756763 7f83442dc700 Compile date Oct 15 2018
2018/11/13-09:21:44.756768 7f83442dc700 DB SUMMARY
2018/11/13-09:21:44.757131 7f83442dc700 CURRENT file:  CURRENT
2018/11/13-09:21:44.757134 7f83442dc700 IDENTITY file:  IDENTITY
2018/11/13-09:21:44.757140 7f83442dc700 MANIFEST file:  MANIFEST-000004 size: 8612 Bytes
2018/11/13-09:21:44.757143 7f83442dc700 SST files in /mnt/sdb/ycsb-rocksdb-data dir, Total Num: 41, files: 000020.sst 000058.sst 000062.sst 000063.sst 000066.sst 000067.sst 000068.sst 000069.sst 000070.sst 
2018/11/13-09:21:44.757145 7f83442dc700 Write Ahead Log file in /mnt/sdb/ycsb-rocksdb-data: 000237.log size: 129756904 ; 000239.log size: 112969537 ; 000252.log size: 117221853 ; 000254.log size: 127577903 ; 000255.log size: 123583960 ; 000257.log size: 127203916 ; 000259.log size: 129761928 ; 000262.log size: 118544343 ; 000263.log size: 117021837 ; 000265.log size: 122198394 ; 000267.log size: 129712143 ; 000269.log size: 86285022 ; 
2018/11/13-09:21:44.757149 7f83442dc700                         Options.error_if_exists: 0
2018/11/13-09:21:44.757151 7f83442dc700                       Options.create_if_missing: 1
2018/11/13-09:21:44.757151 7f83442dc700                         Options.paranoid_checks: 1
2018/11/13-09:21:44.757152 7f83442dc700                                     Options.env: 0x7f833fadd3e0
2018/11/13-09:21:44.757153 7f83442dc700                                Options.info_log: 0x7f826c3cbdd0
2018/11/13-09:21:44.757154 7f83442dc700                Options.max_file_opening_threads: 16
2018/11/13-09:21:44.757155 7f83442dc700                              Options.statistics: (nil)
2018/11/13-09:21:44.757156 7f83442dc700                               Options.use_fsync: 0
2018/11/13-09:21:44.757157 7f83442dc700                       Options.max_log_file_size: 0
2018/11/13-09:21:44.757158 7f83442dc700                  Options.max_manifest_file_size: 18446744073709551615
2018/11/13-09:21:44.757159 7f83442dc700                   Options.log_file_time_to_roll: 0
2018/11/13-09:21:44.757160 7f83442dc700                       Options.keep_log_file_num: 1000
2018/11/13-09:21:44.757161 7f83442dc700                    Options.recycle_log_file_num: 0
2018/11/13-09:21:44.757161 7f83442dc700                         Options.allow_fallocate: 1
2018/11/13-09:21:44.757162 7f83442dc700                        Options.allow_mmap_reads: 0
2018/11/13-09:21:44.757163 7f83442dc700                       Options.allow_mmap_writes: 0
2018/11/13-09:21:44.757164 7f83442dc700                        Options.use_direct_reads: 0
2018/11/13-09:21:44.757165 7f83442dc700                        Options.use_direct_io_for_flush_and_compaction: 0
2018/11/13-09:21:44.757166 7f83442dc700          Options.create_missing_column_families: 1
2018/11/13-09:21:44.757167 7f83442dc700                              Options.db_log_dir: 
2018/11/13-09:21:44.757168 7f83442dc700                                 Options.wal_dir: /mnt/sdb/ycsb-rocksdb-data
2018/11/13-09:21:44.757168 7f83442dc700                Options.table_cache_numshardbits: 6
2018/11/13-09:21:44.757169 7f83442dc700                      Options.max_subcompactions: 4
2018/11/13-09:21:44.757170 7f83442dc700                  Options.max_background_flushes: 24
2018/11/13-09:21:44.757171 7f83442dc700                         Options.WAL_ttl_seconds: 0
2018/11/13-09:21:44.757172 7f83442dc700                       Options.WAL_size_limit_MB: 0
2018/11/13-09:21:44.757173 7f83442dc700             Options.manifest_preallocation_size: 4194304
2018/11/13-09:21:44.757174 7f83442dc700                     Options.is_fd_close_on_exec: 1
2018/11/13-09:21:44.757174 7f83442dc700                   Options.advise_random_on_open: 1
2018/11/13-09:21:44.757175 7f83442dc700                    Options.db_write_buffer_size: 0
2018/11/13-09:21:44.757176 7f83442dc700                    Options.write_buffer_manager: 0x7f826c3c8ae0
2018/11/13-09:21:44.757177 7f83442dc700         Options.access_hint_on_compaction_start: 1
2018/11/13-09:21:44.757178 7f83442dc700  Options.new_table_reader_for_compaction_inputs: 0
2018/11/13-09:21:44.757189 7f83442dc700           Options.random_access_max_buffer_size: 1048576
2018/11/13-09:21:44.757191 7f83442dc700                      Options.use_adaptive_mutex: 0
2018/11/13-09:21:44.757192 7f83442dc700                            Options.rate_limiter: (nil)
2018/11/13-09:21:44.757194 7f83442dc700     Options.sst_file_manager.rate_bytes_per_sec: 0
2018/11/13-09:21:44.757195 7f83442dc700                       Options.wal_recovery_mode: 2
2018/11/13-09:21:44.757196 7f83442dc700                  Options.enable_thread_tracking: 0
2018/11/13-09:21:44.757196 7f83442dc700                  Options.enable_pipelined_write: 1
2018/11/13-09:21:44.757197 7f83442dc700         Options.allow_concurrent_memtable_write: 1
2018/11/13-09:21:44.757198 7f83442dc700      Options.enable_write_thread_adaptive_yield: 1
2018/11/13-09:21:44.757199 7f83442dc700             Options.write_thread_max_yield_usec: 100
2018/11/13-09:21:44.757200 7f83442dc700            Options.write_thread_slow_yield_usec: 3
2018/11/13-09:21:44.757201 7f83442dc700                               Options.row_cache: None
2018/11/13-09:21:44.757201 7f83442dc700                              Options.wal_filter: None
2018/11/13-09:21:44.757203 7f83442dc700             Options.avoid_flush_during_recovery: 0
2018/11/13-09:21:44.757203 7f83442dc700             Options.allow_ingest_behind: 0
2018/11/13-09:21:44.757204 7f83442dc700             Options.preserve_deletes: 0
2018/11/13-09:21:44.757205 7f83442dc700             Options.two_write_queues: 0
2018/11/13-09:21:44.757206 7f83442dc700             Options.manual_wal_flush: 0
2018/11/13-09:21:44.757208 7f83442dc700             Options.max_background_jobs: 24
2018/11/13-09:21:44.757209 7f83442dc700             Options.max_background_compactions: 24
2018/11/13-09:21:44.757210 7f83442dc700             Options.avoid_flush_during_shutdown: 0
2018/11/13-09:21:44.757211 7f83442dc700           Options.writable_file_max_buffer_size: 1048576
2018/11/13-09:21:44.757212 7f83442dc700             Options.delayed_write_rate : 16777216
2018/11/13-09:21:44.757213 7f83442dc700             Options.max_total_wal_size: 0
2018/11/13-09:21:44.757214 7f83442dc700             Options.delete_obsolete_files_period_micros: 21600000000
2018/11/13-09:21:44.757215 7f83442dc700                   Options.stats_dump_period_sec: 60
2018/11/13-09:21:44.757216 7f83442dc700                          Options.max_open_files: -1
2018/11/13-09:21:44.757217 7f83442dc700                          Options.bytes_per_sync: 1048576
2018/11/13-09:21:44.757218 7f83442dc700                      Options.wal_bytes_per_sync: 0
2018/11/13-09:21:44.757218 7f83442dc700       Options.compaction_readahead_size: 0
2018/11/13-09:21:44.757219 7f83442dc700 Compression algorithms supported:
2018/11/13-09:21:44.757221 7f83442dc700 	kZSTDNotFinalCompression supported: 1
2018/11/13-09:21:44.757240 7f83442dc700 	kZSTD supported: 1
2018/11/13-09:21:44.757241 7f83442dc700 	kXpressCompression supported: 0
2018/11/13-09:21:44.757242 7f83442dc700 	kLZ4HCCompression supported: 1
2018/11/13-09:21:44.757243 7f83442dc700 	kLZ4Compression supported: 1
2018/11/13-09:21:44.757244 7f83442dc700 	kBZip2Compression supported: 1
2018/11/13-09:21:44.757245 7f83442dc700 	kZlibCompression supported: 1
2018/11/13-09:21:44.757246 7f83442dc700 	kSnappyCompression supported: 1
2018/11/13-09:21:44.757250 7f83442dc700 Fast CRC32 supported: Supported on x86
2018/11/13-09:21:44.757685 7f83442dc700 [db/version_set.cc:3085] Recovering from manifest file: MANIFEST-000004
2018/11/13-09:21:44.757781 7f83442dc700 [db/column_family.cc:475] --------------- Options for column family [default]:
2018/11/13-09:21:44.757785 7f83442dc700               Options.comparator: leveldb.BytewiseComparator
2018/11/13-09:21:44.757786 7f83442dc700           Options.merge_operator: None
2018/11/13-09:21:44.757787 7f83442dc700        Options.compaction_filter: None
2018/11/13-09:21:44.757788 7f83442dc700        Options.compaction_filter_factory: None
2018/11/13-09:21:44.757789 7f83442dc700         Options.memtable_factory: SkipListFactory
2018/11/13-09:21:44.757801 7f83442dc700            Options.table_factory: BlockBasedTable
2018/11/13-09:21:44.757834 7f83442dc700            table_factory options:   flush_block_policy_factory: FlushBlockBySizePolicyFactory (0x7f826c384ee0)
  cache_index_and_filter_blocks: 0
  cache_index_and_filter_blocks_with_high_priority: 0
  pin_l0_filter_and_index_blocks_in_cache: 0
  index_type: 0
  hash_index_allow_collision: 1
  checksum: 1
  no_block_cache: 0
  block_cache: 0x7f826c38e070
  block_cache_name: LRUCache
  block_cache_options:
    capacity : 8388608
    num_shard_bits : 4
    strict_capacity_limit : 0
    high_pri_pool_ratio: 0.000
  block_cache_compressed: (nil)
  persistent_cache: (nil)
  block_size: 8192
  block_size_deviation: 10
  block_restart_interval: 16
  index_block_restart_interval: 1
  metadata_block_size: 4096
  partition_filters: 0
  use_delta_encoding: 1
  filter_policy: nullptr
  whole_key_filtering: 1
  verify_compression: 0
  read_amp_bytes_per_bit: 0
  format_version: 2
  enable_index_compression: 1
  block_align: 0
2018/11/13-09:21:44.757839 7f83442dc700        Options.write_buffer_size: 134217728
2018/11/13-09:21:44.757840 7f83442dc700  Options.max_write_buffer_number: 24
2018/11/13-09:21:44.757841 7f83442dc700        Options.compression[0]: NoCompression
2018/11/13-09:21:44.757842 7f83442dc700        Options.compression[1]: NoCompression
2018/11/13-09:21:44.757843 7f83442dc700        Options.compression[2]: LZ4
2018/11/13-09:21:44.757844 7f83442dc700        Options.compression[3]: LZ4
2018/11/13-09:21:44.757845 7f83442dc700        Options.compression[4]: LZ4
2018/11/13-09:21:44.757846 7f83442dc700        Options.compression[5]: LZ4
2018/11/13-09:21:44.757847 7f83442dc700        Options.compression[6]: LZ4
2018/11/13-09:21:44.757848 7f83442dc700                  Options.bottommost_compression: Disabled
2018/11/13-09:21:44.757849 7f83442dc700       Options.prefix_extractor: nullptr
2018/11/13-09:21:44.757850 7f83442dc700   Options.memtable_insert_with_hint_prefix_extractor: nullptr
2018/11/13-09:21:44.757851 7f83442dc700             Options.num_levels: 7
2018/11/13-09:21:44.757852 7f83442dc700        Options.min_write_buffer_number_to_merge: 2
2018/11/13-09:21:44.757853 7f83442dc700     Options.max_write_buffer_number_to_maintain: 0
2018/11/13-09:21:44.757853 7f83442dc700            Options.compression_opts.window_bits: -14
2018/11/13-09:21:44.757854 7f83442dc700                  Options.compression_opts.level: -1
2018/11/13-09:21:44.757855 7f83442dc700               Options.compression_opts.strategy: 0
2018/11/13-09:21:44.757856 7f83442dc700         Options.compression_opts.max_dict_bytes: 0
2018/11/13-09:21:44.757857 7f83442dc700         Options.compression_opts.zstd_max_train_bytes: 0
2018/11/13-09:21:44.757858 7f83442dc700      Options.level0_file_num_compaction_trigger: 2
2018/11/13-09:21:44.757859 7f83442dc700          Options.level0_slowdown_writes_trigger: 20
2018/11/13-09:21:44.757860 7f83442dc700              Options.level0_stop_writes_trigger: 36
2018/11/13-09:21:44.757861 7f83442dc700                   Options.target_file_size_base: 67108864
2018/11/13-09:21:44.757862 7f83442dc700             Options.target_file_size_multiplier: 1
2018/11/13-09:21:44.757863 7f83442dc700                Options.max_bytes_for_level_base: 536870912
2018/11/13-09:21:44.757864 7f83442dc700 Options.level_compaction_dynamic_level_bytes: 0
2018/11/13-09:21:44.757864 7f83442dc700          Options.max_bytes_for_level_multiplier: 10.000000
2018/11/13-09:21:44.757867 7f83442dc700 Options.max_bytes_for_level_multiplier_addtl[0]: 1
2018/11/13-09:21:44.757869 7f83442dc700 Options.max_bytes_for_level_multiplier_addtl[1]: 1
2018/11/13-09:21:44.757869 7f83442dc700 Options.max_bytes_for_level_multiplier_addtl[2]: 1
2018/11/13-09:21:44.757870 7f83442dc700 Options.max_bytes_for_level_multiplier_addtl[3]: 1
2018/11/13-09:21:44.757871 7f83442dc700 Options.max_bytes_for_level_multiplier_addtl[4]: 1
2018/11/13-09:21:44.757872 7f83442dc700 Options.max_bytes_for_level_multiplier_addtl[5]: 1
2018/11/13-09:21:44.757880 7f83442dc700 Options.max_bytes_for_level_multiplier_addtl[6]: 1
2018/11/13-09:21:44.757882 7f83442dc700       Options.max_sequential_skip_in_iterations: 8
2018/11/13-09:21:44.757883 7f83442dc700                    Options.max_compaction_bytes: 1677721600
2018/11/13-09:21:44.757883 7f83442dc700                        Options.arena_block_size: 16777216
2018/11/13-09:21:44.757884 7f83442dc700   Options.soft_pending_compaction_bytes_limit: 68719476736
2018/11/13-09:21:44.757885 7f83442dc700   Options.hard_pending_compaction_bytes_limit: 274877906944
2018/11/13-09:21:44.757886 7f83442dc700       Options.rate_limit_delay_max_milliseconds: 100
2018/11/13-09:21:44.757887 7f83442dc700                Options.disable_auto_compactions: 0
2018/11/13-09:21:44.757889 7f83442dc700                        Options.compaction_style: kCompactionStyleLevel
2018/11/13-09:21:44.757891 7f83442dc700                          Options.compaction_pri: kByCompensatedSize
2018/11/13-09:21:44.757892 7f83442dc700 Options.compaction_options_universal.size_ratio: 1
2018/11/13-09:21:44.757893 7f83442dc700 Options.compaction_options_universal.min_merge_width: 2
2018/11/13-09:21:44.757894 7f83442dc700 Options.compaction_options_universal.max_merge_width: 4294967295
2018/11/13-09:21:44.757895 7f83442dc700 Options.compaction_options_universal.max_size_amplification_percent: 200
2018/11/13-09:21:44.757896 7f83442dc700 Options.compaction_options_universal.compression_size_percent: -1
2018/11/13-09:21:44.757898 7f83442dc700 Options.compaction_options_universal.stop_style: kCompactionStopStyleTotalSize
2018/11/13-09:21:44.757899 7f83442dc700 Options.compaction_options_fifo.max_table_files_size: 1073741824
2018/11/13-09:21:44.757900 7f83442dc700 Options.compaction_options_fifo.allow_compaction: 0
2018/11/13-09:21:44.757900 7f83442dc700 Options.compaction_options_fifo.ttl: 0
2018/11/13-09:21:44.757902 7f83442dc700                   Options.table_properties_collectors: 
2018/11/13-09:21:44.757903 7f83442dc700                   Options.inplace_update_support: 0
2018/11/13-09:21:44.757904 7f83442dc700                 Options.inplace_update_num_locks: 10000
2018/11/13-09:21:44.757904 7f83442dc700               Options.memtable_prefix_bloom_size_ratio: 0.000000
2018/11/13-09:21:44.757906 7f83442dc700   Options.memtable_huge_page_size: 0
2018/11/13-09:21:44.757907 7f83442dc700                           Options.bloom_locality: 0
2018/11/13-09:21:44.757908 7f83442dc700                    Options.max_successive_merges: 0
2018/11/13-09:21:44.757909 7f83442dc700                Options.optimize_filters_for_hits: 0
2018/11/13-09:21:44.757910 7f83442dc700                Options.paranoid_file_checks: 0
2018/11/13-09:21:44.757911 7f83442dc700                Options.force_consistency_checks: 0
2018/11/13-09:21:44.757912 7f83442dc700                Options.report_bg_io_stats: 0
2018/11/13-09:21:44.757913 7f83442dc700                               Options.ttl: 0
2018/11/13-09:21:44.758226 7f83442dc700 [db/column_family.cc:475] --------------- Options for column family [usertable]:
2018/11/13-09:21:44.758229 7f83442dc700               Options.comparator: leveldb.BytewiseComparator
2018/11/13-09:21:44.758230 7f83442dc700           Options.merge_operator: None
2018/11/13-09:21:44.758231 7f83442dc700        Options.compaction_filter: None
2018/11/13-09:21:44.758232 7f83442dc700        Options.compaction_filter_factory: None
2018/11/13-09:21:44.758233 7f83442dc700         Options.memtable_factory: SkipListFactory
2018/11/13-09:21:44.758234 7f83442dc700            Options.table_factory: BlockBasedTable
2018/11/13-09:21:44.758258 7f83442dc700            table_factory options:   flush_block_policy_factory: FlushBlockBySizePolicyFactory (0x7f826c384ec0)
  cache_index_and_filter_blocks: 0
  cache_index_and_filter_blocks_with_high_priority: 0
  pin_l0_filter_and_index_blocks_in_cache: 0
  index_type: 0
  hash_index_allow_collision: 1
  checksum: 1
  no_block_cache: 0
  block_cache: 0x7f826c385a20
  block_cache_name: LRUCache
  block_cache_options:
    capacity : 8388608
    num_shard_bits : 4
    strict_capacity_limit : 0
    high_pri_pool_ratio: 0.000
  block_cache_compressed: (nil)
  persistent_cache: (nil)
  block_size: 8192
  block_size_deviation: 10
  block_restart_interval: 16
  index_block_restart_interval: 1
  metadata_block_size: 4096
  partition_filters: 0
  use_delta_encoding: 1
  filter_policy: nullptr
  whole_key_filtering: 1
  verify_compression: 0
  read_amp_bytes_per_bit: 0
  format_version: 2
  enable_index_compression: 1
  block_align: 0
2018/11/13-09:21:44.758270 7f83442dc700        Options.write_buffer_size: 134217728
2018/11/13-09:21:44.758271 7f83442dc700  Options.max_write_buffer_number: 24
2018/11/13-09:21:44.758272 7f83442dc700        Options.compression[0]: NoCompression
2018/11/13-09:21:44.758273 7f83442dc700        Options.compression[1]: NoCompression
2018/11/13-09:21:44.758274 7f83442dc700        Options.compression[2]: LZ4
2018/11/13-09:21:44.758275 7f83442dc700        Options.compression[3]: LZ4
2018/11/13-09:21:44.758276 7f83442dc700        Options.compression[4]: LZ4
2018/11/13-09:21:44.758277 7f83442dc700        Options.compression[5]: LZ4
2018/11/13-09:21:44.758278 7f83442dc700        Options.compression[6]: LZ4
2018/11/13-09:21:44.758278 7f83442dc700                  Options.bottommost_compression: Disabled
2018/11/13-09:21:44.758279 7f83442dc700       Options.prefix_extractor: nullptr
2018/11/13-09:21:44.758280 7f83442dc700   Options.memtable_insert_with_hint_prefix_extractor: nullptr
2018/11/13-09:21:44.758281 7f83442dc700             Options.num_levels: 7
2018/11/13-09:21:44.758282 7f83442dc700        Options.min_write_buffer_number_to_merge: 2
2018/11/13-09:21:44.758283 7f83442dc700     Options.max_write_buffer_number_to_maintain: 0
2018/11/13-09:21:44.758284 7f83442dc700            Options.compression_opts.window_bits: -14
2018/11/13-09:21:44.758285 7f83442dc700                  Options.compression_opts.level: -1
2018/11/13-09:21:44.758285 7f83442dc700               Options.compression_opts.strategy: 0
2018/11/13-09:21:44.758286 7f83442dc700         Options.compression_opts.max_dict_bytes: 0
2018/11/13-09:21:44.758287 7f83442dc700         Options.compression_opts.zstd_max_train_bytes: 0
2018/11/13-09:21:44.758288 7f83442dc700      Options.level0_file_num_compaction_trigger: 2
2018/11/13-09:21:44.758289 7f83442dc700          Options.level0_slowdown_writes_trigger: 20
2018/11/13-09:21:44.758290 7f83442dc700              Options.level0_stop_writes_trigger: 36
2018/11/13-09:21:44.758291 7f83442dc700                   Options.target_file_size_base: 67108864
2018/11/13-09:21:44.758291 7f83442dc700             Options.target_file_size_multiplier: 1
2018/11/13-09:21:44.758292 7f83442dc700                Options.max_bytes_for_level_base: 536870912
2018/11/13-09:21:44.758293 7f83442dc700 Options.level_compaction_dynamic_level_bytes: 0
2018/11/13-09:21:44.758294 7f83442dc700          Options.max_bytes_for_level_multiplier: 10.000000
2018/11/13-09:21:44.758296 7f83442dc700 Options.max_bytes_for_level_multiplier_addtl[0]: 1
2018/11/13-09:21:44.758297 7f83442dc700 Options.max_bytes_for_level_multiplier_addtl[1]: 1
2018/11/13-09:21:44.758298 7f83442dc700 Options.max_bytes_for_level_multiplier_addtl[2]: 1
2018/11/13-09:21:44.758299 7f83442dc700 Options.max_bytes_for_level_multiplier_addtl[3]: 1
2018/11/13-09:21:44.758300 7f83442dc700 Options.max_bytes_for_level_multiplier_addtl[4]: 1
2018/11/13-09:21:44.758301 7f83442dc700 Options.max_bytes_for_level_multiplier_addtl[5]: 1
2018/11/13-09:21:44.758301 7f83442dc700 Options.max_bytes_for_level_multiplier_addtl[6]: 1
2018/11/13-09:21:44.758302 7f83442dc700       Options.max_sequential_skip_in_iterations: 8
2018/11/13-09:21:44.758303 7f83442dc700                    Options.max_compaction_bytes: 1677721600
2018/11/13-09:21:44.758304 7f83442dc700                        Options.arena_block_size: 16777216
2018/11/13-09:21:44.758305 7f83442dc700   Options.soft_pending_compaction_bytes_limit: 68719476736
2018/11/13-09:21:44.758306 7f83442dc700   Options.hard_pending_compaction_bytes_limit: 274877906944
2018/11/13-09:21:44.758312 7f83442dc700       Options.rate_limit_delay_max_milliseconds: 100
2018/11/13-09:21:44.758314 7f83442dc700                Options.disable_auto_compactions: 0
2018/11/13-09:21:44.758315 7f83442dc700                        Options.compaction_style: kCompactionStyleLevel
2018/11/13-09:21:44.758316 7f83442dc700                          Options.compaction_pri: kByCompensatedSize
2018/11/13-09:21:44.758317 7f83442dc700 Options.compaction_options_universal.size_ratio: 1
2018/11/13-09:21:44.758318 7f83442dc700 Options.compaction_options_universal.min_merge_width: 2
2018/11/13-09:21:44.758319 7f83442dc700 Options.compaction_options_universal.max_merge_width: 4294967295
2018/11/13-09:21:44.758319 7f83442dc700 Options.compaction_options_universal.max_size_amplification_percent: 200
2018/11/13-09:21:44.758320 7f83442dc700 Options.compaction_options_universal.compression_size_percent: -1
2018/11/13-09:21:44.758321 7f83442dc700 Options.compaction_options_universal.stop_style: kCompactionStopStyleTotalSize
2018/11/13-09:21:44.758322 7f83442dc700 Options.compaction_options_fifo.max_table_files_size: 1073741824
2018/11/13-09:21:44.758323 7f83442dc700 Options.compaction_options_fifo.allow_compaction: 0
2018/11/13-09:21:44.758324 7f83442dc700 Options.compaction_options_fifo.ttl: 0
2018/11/13-09:21:44.758325 7f83442dc700                   Options.table_properties_collectors: 
2018/11/13-09:21:44.758326 7f83442dc700                   Options.inplace_update_support: 0
2018/11/13-09:21:44.758327 7f83442dc700                 Options.inplace_update_num_locks: 10000
2018/11/13-09:21:44.758327 7f83442dc700               Options.memtable_prefix_bloom_size_ratio: 0.000000
2018/11/13-09:21:44.758329 7f83442dc700   Options.memtable_huge_page_size: 0
2018/11/13-09:21:44.758330 7f83442dc700                           Options.bloom_locality: 0
2018/11/13-09:21:44.758331 7f83442dc700                    Options.max_successive_merges: 0
2018/11/13-09:21:44.758331 7f83442dc700                Options.optimize_filters_for_hits: 0
2018/11/13-09:21:44.758332 7f83442dc700                Options.paranoid_file_checks: 0
2018/11/13-09:21:44.758333 7f83442dc700                Options.force_consistency_checks: 0
2018/11/13-09:21:44.758334 7f83442dc700                Options.report_bg_io_stats: 0
2018/11/13-09:21:44.758335 7f83442dc700                               Options.ttl: 0
2018/11/13-09:21:44.942453 7f83442dc700 [db/version_set.cc:3361] Recovered from manifest file:/mnt/sdb/ycsb-rocksdb-data/MANIFEST-000004 succeeded,manifest_file_number is 4, next_file_number is 259, last_sequence is 3734986, log_number is 0,prev_log_number is 0,max_column_family is 1,min_log_number_to_keep is 0
2018/11/13-09:21:44.942462 7f83442dc700 [db/version_set.cc:3369] Column family [default] (ID 0), log number is 0
2018/11/13-09:21:44.942464 7f83442dc700 [db/version_set.cc:3369] Column family [usertable] (ID 1), log number is 237
2018/11/13-09:21:44.942728 7f83442dc700 EVENT_LOG_v1 {"time_micros": 1542129704942703, "job": 1, "event": "recovery_started", "log_files": [237, 239, 252, 254, 255, 257, 259, 262, 263, 265, 267, 269]}
2018/11/13-09:21:44.942735 7f83442dc700 [db/db_impl_open.cc:551] Recovering log #237 mode 2
2018/11/13-09:21:46.544491 7f83442dc700 EVENT_LOG_v1 {"time_micros": 1542129706544468, "cf_name": "usertable", "job": 1, "event": "table_file_creation", "file_number": 259, "file_size": 129902323, "table_properties": {"data_size": 129321394, "index_size": 580007, "filter_size": 0, "raw_key_size": 752760, "raw_average_key_size": 24, "raw_value_size": 128471040, "raw_average_value_size": 4096, "num_data_blocks": 15683, "num_entries": 31365, "filter_policy_name": "", "kDeletedKeys": "0", "kMergeOperands": "0"}}
2018/11/13-09:21:46.552132 7f83442dc700 [db/db_impl_open.cc:551] Recovering log #239 mode 2
2018/11/13-09:21:47.366349 7f83442dc700 [db/db_impl_open.cc:551] Recovering log #252 mode 2
2018/11/13-09:21:49.001203 7f83442dc700 EVENT_LOG_v1 {"time_micros": 1542129709001176, "cf_name": "usertable", "job": 1, "event": "table_file_creation", "file_number": 260, "file_size": 129895353, "table_properties": {"data_size": 129317909, "index_size": 576522, "filter_size": 0, "raw_key_size": 752760, "raw_average_key_size": 24, "raw_value_size": 128471040, "raw_average_value_size": 4096, "num_data_blocks": 15683, "num_entries": 31365, "filter_policy_name": "", "kDeletedKeys": "0", "kMergeOperands": "0"}}
2018/11/13-09:21:49.914473 7f83442dc700 [db/db_impl_open.cc:551] Recovering log #254 mode 2
2018/11/13-09:21:51.683448 7f83442dc700 EVENT_LOG_v1 {"time_micros": 1542129711683423, "cf_name": "usertable", "job": 1, "event": "table_file_creation", "file_number": 261, "file_size": 129902324, "table_properties": {"data_size": 129321395, "index_size": 580007, "filter_size": 0, "raw_key_size": 752760, "raw_average_key_size": 24, "raw_value_size": 128471040, "raw_average_value_size": 4096, "num_data_blocks": 15683, "num_entries": 31365, "filter_policy_name": "", "kDeletedKeys": "0", "kMergeOperands": "0"}}
2018/11/13-09:21:52.412156 7f83442dc700 [db/db_impl_open.cc:551] Recovering log #255 mode 2
2018/11/13-09:21:53.552485 7f83442dc700 EVENT_LOG_v1 {"time_micros": 1542129713552461, "cf_name": "usertable", "job": 1, "event": "table_file_creation", "file_number": 262, "file_size": 129895354, "table_properties": {"data_size": 129317909, "index_size": 576523, "filter_size": 0, "raw_key_size": 752760, "raw_average_key_size": 24, "raw_value_size": 128471040, "raw_average_value_size": 4096, "num_data_blocks": 15683, "num_entries": 31365, "filter_policy_name": "", "kDeletedKeys": "0", "kMergeOperands": "0"}}
2018/11/13-09:21:53.802809 7f83442dc700 [db/db_impl_open.cc:551] Recovering log #257 mode 2
2018/11/13-09:21:56.383764 7f83442dc700 EVENT_LOG_v1 {"time_micros": 1542129716383742, "cf_name": "usertable", "job": 1, "event": "table_file_creation", "file_number": 263, "file_size": 129902323, "table_properties": {"data_size": 129321394, "index_size": 580007, "filter_size": 0, "raw_key_size": 752760, "raw_average_key_size": 24, "raw_value_size": 128471040, "raw_average_value_size": 4096, "num_data_blocks": 15683, "num_entries": 31365, "filter_policy_name": "", "kDeletedKeys": "0", "kMergeOperands": "0"}}
2018/11/13-09:21:57.001008 7f83442dc700 [db/db_impl_open.cc:551] Recovering log #259 mode 2
2018/11/13-09:21:57.596201 7f83442dc700 EVENT_LOG_v1 {"time_micros": 1542129717596174, "cf_name": "usertable", "job": 1, "event": "table_file_creation", "file_number": 264, "file_size": 129895353, "table_properties": {"data_size": 129317909, "index_size": 576522, "filter_size": 0, "raw_key_size": 752760, "raw_average_key_size": 24, "raw_value_size": 128471040, "raw_average_value_size": 4096, "num_data_blocks": 15683, "num_entries": 31365, "filter_policy_name": "", "kDeletedKeys": "0", "kMergeOperands": "0"}}
2018/11/13-09:21:57.841639 7f83442dc700 [db/db_impl_open.cc:551] Recovering log #262 mode 2
2018/11/13-09:21:59.722834 7f83442dc700 EVENT_LOG_v1 {"time_micros": 1542129719722811, "cf_name": "usertable", "job": 1, "event": "table_file_creation", "file_number": 265, "file_size": 129902323, "table_properties": {"data_size": 129321394, "index_size": 580007, "filter_size": 0, "raw_key_size": 752760, "raw_average_key_size": 24, "raw_value_size": 128471040, "raw_average_value_size": 4096, "num_data_blocks": 15683, "num_entries": 31365, "filter_policy_name": "", "kDeletedKeys": "0", "kMergeOperands": "0"}}
2018/11/13-09:22:00.287783 7f83442dc700 [db/db_impl_open.cc:551] Recovering log #263 mode 2
2018/11/13-09:22:01.467197 7f83442dc700 EVENT_LOG_v1 {"time_micros": 1542129721467175, "cf_name": "usertable", "job": 1, "event": "table_file_creation", "file_number": 266, "file_size": 129895353, "table_properties": {"data_size": 129317909, "index_size": 576522, "filter_size": 0, "raw_key_size": 752760, "raw_average_key_size": 24, "raw_value_size": 128471040, "raw_average_value_size": 4096, "num_data_blocks": 15683, "num_entries": 31365, "filter_policy_name": "", "kDeletedKeys": "0", "kMergeOperands": "0"}}
2018/11/13-09:22:01.648175 7f83442dc700 [db/db_impl_open.cc:551] Recovering log #265 mode 2
2018/11/13-09:22:03.638652 7f83442dc700 EVENT_LOG_v1 {"time_micros": 1542129723638631, "cf_name": "usertable", "job": 1, "event": "table_file_creation", "file_number": 267, "file_size": 129902324, "table_properties": {"data_size": 129321395, "index_size": 580007, "filter_size": 0, "raw_key_size": 752760, "raw_average_key_size": 24, "raw_value_size": 128471040, "raw_average_value_size": 4096, "num_data_blocks": 15683, "num_entries": 31365, "filter_policy_name": "", "kDeletedKeys": "0", "kMergeOperands": "0"}}
2018/11/13-09:22:03.800225 7f83442dc700 [db/db_impl_open.cc:551] Recovering log #267 mode 2
2018/11/13-09:22:04.577277 7f83442dc700 EVENT_LOG_v1 {"time_micros": 1542129724577255, "cf_name": "usertable", "job": 1, "event": "table_file_creation", "file_number": 268, "file_size": 129895355, "table_properties": {"data_size": 129317909, "index_size": 576524, "filter_size": 0, "raw_key_size": 752760, "raw_average_key_size": 24, "raw_value_size": 128471040, "raw_average_value_size": 4096, "num_data_blocks": 15683, "num_entries": 31365, "filter_policy_name": "", "kDeletedKeys": "0", "kMergeOperands": "0"}}
2018/11/13-09:22:04.901335 7f83442dc700 [db/db_impl_open.cc:551] Recovering log #269 mode 2
2018/11/13-09:22:06.234526 7f83442dc700 EVENT_LOG_v1 {"time_micros": 1542129726234504, "cf_name": "usertable", "job": 1, "event": "table_file_creation", "file_number": 270, "file_size": 129902325, "table_properties": {"data_size": 129321396, "index_size": 580007, "filter_size": 0, "raw_key_size": 752760, "raw_average_key_size": 24, "raw_value_size": 128471040, "raw_average_value_size": 4096, "num_data_blocks": 15683, "num_entries": 31365, "filter_policy_name": "", "kDeletedKeys": "0", "kMergeOperands": "0"}}
2018/11/13-09:22:06.275691 7f83442dc700 [db/version_set.cc:2847] Creating manifest 271
2018/11/13-09:22:06.422171 7f83442dc700 EVENT_LOG_v1 {"time_micros": 1542129726422149, "cf_name": "usertable", "job": 1, "event": "table_file_creation", "file_number": 272, "file_size": 15311406, "table_properties": {"data_size": 15242745, "index_size": 67740, "filter_size": 0, "raw_key_size": 88728, "raw_average_key_size": 24, "raw_value_size": 15142912, "raw_average_value_size": 4096, "num_data_blocks": 1849, "num_entries": 3697, "filter_policy_name": "", "kDeletedKeys": "0", "kMergeOperands": "0"}}
2018/11/13-09:22:06.456197 7f83442dc700 EVENT_LOG_v1 {"time_micros": 1542129726456189, "job": 1, "event": "recovery_finished"}
2018/11/13-09:22:06.456466 7f83442dc700 [WARN] [db/column_family.cc:799] [usertable] Stalling writes because we have 25 level-0 files rate 16777216
2018/11/13-09:22:06.621248 7f83442dc700 [db/db_impl_open.cc:1219] DB pointer 0x7f826c3cae60
2018/11/13-09:22:06.621649 7f833ebd5700 [WARN] [db/db_impl.cc:491] ------- DUMPING STATS -------
2018/11/13-09:22:06.621700 7f833ebd5700 [WARN] [db/db_impl.cc:492] 
** DB Stats **
Uptime(secs): 21.9 total, 21.9 interval
Cumulative writes: 0 writes, 0 keys, 0 commit groups, 0.0 writes per commit group, ingest: 0.00 GB, 0.00 MB/s
Cumulative WAL: 0 writes, 0 syncs, 0.00 writes per sync, written: 0.00 GB, 0.00 MB/s
Cumulative stall: 00:00:0.000 H:M:S, 0.0 percent
Interval writes: 0 writes, 0 keys, 0 commit groups, 0.0 writes per commit group, ingest: 0.00 MB, 0.00 MB/s
Interval WAL: 0 writes, 0 syncs, 0.00 writes per sync, written: 0.00 MB, 0.00 MB/s
Interval stall: 00:00:0.000 H:M:S, 0.0 percent

** Compaction Stats [default] **
Level    Files   Size     Score Read(GB)  Rn(GB) Rnp1(GB) Write(GB) Wnew(GB) Moved(GB) W-Amp Rd(MB/s) Wr(MB/s) Comp(sec) Comp(cnt) Avg(sec) KeyIn KeyDrop
----------------------------------------------------------------------------------------------------------------------------------------------------------
 Sum      0/0    0.00 KB   0.0      0.0     0.0      0.0       0.0      0.0       0.0   0.0      0.0      0.0         0         0    0.000       0      0
 Int      0/0    0.00 KB   0.0      0.0     0.0      0.0       0.0      0.0       0.0   0.0      0.0      0.0         0         0    0.000       0      0
Uptime(secs): 21.9 total, 21.9 interval
Flush(GB): cumulative 0.000, interval 0.000
AddFile(GB): cumulative 0.000, interval 0.000
AddFile(Total Files): cumulative 0, interval 0
AddFile(L0 Files): cumulative 0, interval 0
AddFile(Keys): cumulative 0, interval 0
Cumulative compaction: 0.00 GB write, 0.00 MB/s write, 0.00 GB read, 0.00 MB/s read, 0.0 seconds
Interval compaction: 0.00 GB write, 0.00 MB/s write, 0.00 GB read, 0.00 MB/s read, 0.0 seconds
Stalls(count): 0 level0_slowdown, 0 level0_slowdown_with_compaction, 0 level0_numfiles, 0 level0_numfiles_with_compaction, 0 stop for pending_compaction_bytes, 0 slowdown for pending_compaction_bytes, 0 memtable_compaction, 0 memtable_slowdown, interval 0 total count

** File Read Latency Histogram By Level [default] **

** Compaction Stats [usertable] **
Level    Files   Size     Score Read(GB)  Rn(GB) Rnp1(GB) Write(GB) Wnew(GB) Moved(GB) W-Amp Rd(MB/s) Wr(MB/s) Comp(sec) Comp(cnt) Avg(sec) KeyIn KeyDrop
----------------------------------------------------------------------------------------------------------------------------------------------------------
  L0     25/0   13.47 GB  26.9      0.0     0.0      0.0       1.3      1.3       0.0   1.0      0.0     98.2        14        12    1.169       0      0
  L1      8/0   452.21 MB   0.9      0.0     0.0      0.0       0.0      0.0       0.0   0.0      0.0      0.0         0         0    0.000       0      0
  L2     20/0    1.19 GB   0.2      0.0     0.0      0.0       0.0      0.0       0.0   0.0      0.0      0.0         0         0    0.000       0      0
 Sum     53/0   15.11 GB   0.0      0.0     0.0      0.0       1.3      1.3       0.0   1.0      0.0     98.2        14        12    1.169       0      0
 Int      0/0    0.00 KB   0.0      0.0     0.0      0.0       1.3      1.3       0.0   1.0      0.0     98.2        14        12    1.169       0      0
Uptime(secs): 21.9 total, 21.9 interval
Flush(GB): cumulative 1.345, interval 1.345
AddFile(GB): cumulative 0.000, interval 0.000
AddFile(Total Files): cumulative 0, interval 0
AddFile(L0 Files): cumulative 0, interval 0
AddFile(Keys): cumulative 0, interval 0
Cumulative compaction: 1.35 GB write, 63.00 MB/s write, 0.00 GB read, 0.00 MB/s read, 14.0 seconds
Interval compaction: 1.35 GB write, 63.00 MB/s write, 0.00 GB read, 0.00 MB/s read, 14.0 seconds
Stalls(count): 1 level0_slowdown, 0 level0_slowdown_with_compaction, 0 level0_numfiles, 0 level0_numfiles_with_compaction, 0 stop for pending_compaction_bytes, 0 slowdown for pending_compaction_bytes, 0 memtable_compaction, 0 memtable_slowdown, interval 1 total count

** File Read Latency Histogram By Level [usertable] **

** Compaction Stats [default] **
Level    Files   Size     Score Read(GB)  Rn(GB) Rnp1(GB) Write(GB) Wnew(GB) Moved(GB) W-Amp Rd(MB/s) Wr(MB/s) Comp(sec) Comp(cnt) Avg(sec) KeyIn KeyDrop
----------------------------------------------------------------------------------------------------------------------------------------------------------
 Sum      0/0    0.00 KB   0.0      0.0     0.0      0.0       0.0      0.0       0.0   0.0      0.0      0.0         0         0    0.000       0      0
 Int      0/0    0.00 KB   0.0      0.0     0.0      0.0       0.0      0.0       0.0   0.0      0.0      0.0         0         0    0.000       0      0
Uptime(secs): 21.9 total, 0.0 interval
Flush(GB): cumulative 0.000, interval 0.000
AddFile(GB): cumulative 0.000, interval 0.000
AddFile(Total Files): cumulative 0, interval 0
AddFile(L0 Files): cumulative 0, interval 0
AddFile(Keys): cumulative 0, interval 0
Cumulative compaction: 0.00 GB write, 0.00 MB/s write, 0.00 GB read, 0.00 MB/s read, 0.0 seconds
Interval compaction: 0.00 GB write, 0.00 MB/s write, 0.00 GB read, 0.00 MB/s read, 0.0 seconds
Stalls(count): 0 level0_slowdown, 0 level0_slowdown_with_compaction, 0 level0_numfiles, 0 level0_numfiles_with_compaction, 0 stop for pending_compaction_bytes, 0 slowdown for pending_compaction_bytes, 0 memtable_compaction, 0 memtable_slowdown, interval 0 total count

** File Read Latency Histogram By Level [default] **

** Compaction Stats [usertable] **
Level    Files   Size     Score Read(GB)  Rn(GB) Rnp1(GB) Write(GB) Wnew(GB) Moved(GB) W-Amp Rd(MB/s) Wr(MB/s) Comp(sec) Comp(cnt) Avg(sec) KeyIn KeyDrop
----------------------------------------------------------------------------------------------------------------------------------------------------------
  L0     25/0   13.47 GB  26.9      0.0     0.0      0.0       1.3      1.3       0.0   1.0      0.0     98.2        14        12    1.169       0      0
  L1      8/0   452.21 MB   0.9      0.0     0.0      0.0       0.0      0.0       0.0   0.0      0.0      0.0         0         0    0.000       0      0
  L2     20/0    1.19 GB   0.2      0.0     0.0      0.0       0.0      0.0       0.0   0.0      0.0      0.0         0         0    0.000       0      0
 Sum     53/0   15.11 GB   0.0      0.0     0.0      0.0       1.3      1.3       0.0   1.0      0.0     98.2        14        12    1.169       0      0
 Int      0/0    0.00 KB   0.0      0.0     0.0      0.0       0.0      0.0       0.0   0.0      0.0      0.0         0         0    0.000       0      0
Uptime(secs): 21.9 total, 0.0 interval
Flush(GB): cumulative 1.345, interval 0.000
AddFile(GB): cumulative 0.000, interval 0.000
AddFile(Total Files): cumulative 0, interval 0
AddFile(L0 Files): cumulative 0, interval 0
AddFile(Keys): cumulative 0, interval 0
Cumulative compaction: 1.35 GB write, 63.00 MB/s write, 0.00 GB read, 0.00 MB/s read, 14.0 seconds
Interval compaction: 0.00 GB write, 0.00 MB/s write, 0.00 GB read, 0.00 MB/s read, 0.0 seconds
Stalls(count): 1 level0_slowdown, 0 level0_slowdown_with_compaction, 0 level0_numfiles, 0 level0_numfiles_with_compaction, 0 stop for pending_compaction_bytes, 0 slowdown for pending_compaction_bytes, 0 memtable_compaction, 0 memtable_slowdown, interval 0 total count

** File Read Latency Histogram By Level [usertable] **
2018/11/13-09:22:06.621864 7f833ebd5700 [db/compaction_job.cc:1531] [usertable] [JOB 3] Compacting 1@0 files to L1, score 26.94
2018/11/13-09:22:06.621879 7f833ebd5700 [db/compaction_job.cc:1535] [usertable] Compaction start summary: Base version 5 Base level 0, inputs: [109(1893MB)]
2018/11/13-09:22:06.621915 7f833ebd5700 EVENT_LOG_v1 {"time_micros": 1542129726621890, "job": 3, "event": "compaction_started", "compaction_reason": "LevelL0FilesNum", "files_L0": [109], "score": 26.9388, "input_data_size": 1985944706}
2018/11/13-09:22:06.621929 7f8325ffb700 [db/compaction_job.cc:1531] [usertable] [JOB 4] Compacting 12@0 files to L0, score 23.24
2018/11/13-09:22:06.621944 7f8325ffb700 [db/compaction_job.cc:1535] [usertable] Compaction start summary: Base version 5 Base level 0, inputs: [272(14MB) 270(123MB) 268(123MB) 267(123MB) 266(123MB) 265(123MB) 264(123MB) 263(123MB) 262(123MB) 261(123MB) 260(123MB) 259(123MB)]
2018/11/13-09:22:06.621978 7f8325ffb700 EVENT_LOG_v1 {"time_micros": 1542129726621969, "job": 4, "event": "compaction_started", "compaction_reason": "LevelL0FilesNum", "files_L0": [272, 270, 268, 267, 266, 265, 264, 263, 262, 261, 260, 259], "score": 23.2397, "input_data_size": 1444202116}
