2018/11/13-10:15:50.966009 7f8de4c71700 RocksDB version: 5.14.3
2018/11/13-10:15:50.966075 7f8de4c71700 Git sha rocksdb_build_git_sha:
2018/11/13-10:15:50.966078 7f8de4c71700 Compile date Oct 15 2018
2018/11/13-10:15:50.966086 7f8de4c71700 DB SUMMARY
2018/11/13-10:15:50.966105 7f8de4c71700 SST files in /mnt/sdb/ycsb-rocksdb-data dir, Total Num: 0, files: 
2018/11/13-10:15:50.966107 7f8de4c71700 Write Ahead Log file in /mnt/sdb/ycsb-rocksdb-data: 
2018/11/13-10:15:50.966109 7f8de4c71700                         Options.error_if_exists: 0
2018/11/13-10:15:50.966110 7f8de4c71700                       Options.create_if_missing: 1
2018/11/13-10:15:50.966111 7f8de4c71700                         Options.paranoid_checks: 1
2018/11/13-10:15:50.966112 7f8de4c71700                                     Options.env: 0x7f8ddcff73e0
2018/11/13-10:15:50.966113 7f8de4c71700                                Options.info_log: 0x7f8d243e06b0
2018/11/13-10:15:50.966114 7f8de4c71700                Options.max_file_opening_threads: 16
2018/11/13-10:15:50.966115 7f8de4c71700                              Options.statistics: (nil)
2018/11/13-10:15:50.966116 7f8de4c71700                               Options.use_fsync: 0
2018/11/13-10:15:50.966117 7f8de4c71700                       Options.max_log_file_size: 0
2018/11/13-10:15:50.966117 7f8de4c71700                  Options.max_manifest_file_size: 18446744073709551615
2018/11/13-10:15:50.966118 7f8de4c71700                   Options.log_file_time_to_roll: 0
2018/11/13-10:15:50.966119 7f8de4c71700                       Options.keep_log_file_num: 1000
2018/11/13-10:15:50.966120 7f8de4c71700                    Options.recycle_log_file_num: 0
2018/11/13-10:15:50.966121 7f8de4c71700                         Options.allow_fallocate: 1
2018/11/13-10:15:50.966134 7f8de4c71700                        Options.allow_mmap_reads: 0
2018/11/13-10:15:50.966135 7f8de4c71700                       Options.allow_mmap_writes: 0
2018/11/13-10:15:50.966135 7f8de4c71700                        Options.use_direct_reads: 0
2018/11/13-10:15:50.966136 7f8de4c71700                        Options.use_direct_io_for_flush_and_compaction: 0
2018/11/13-10:15:50.966137 7f8de4c71700          Options.create_missing_column_families: 1
2018/11/13-10:15:50.966138 7f8de4c71700                              Options.db_log_dir: 
2018/11/13-10:15:50.966139 7f8de4c71700                                 Options.wal_dir: /mnt/sdb/ycsb-rocksdb-data
2018/11/13-10:15:50.966140 7f8de4c71700                Options.table_cache_numshardbits: 6
2018/11/13-10:15:50.966140 7f8de4c71700                      Options.max_subcompactions: 4
2018/11/13-10:15:50.966141 7f8de4c71700                  Options.max_background_flushes: 24
2018/11/13-10:15:50.966142 7f8de4c71700                         Options.WAL_ttl_seconds: 0
2018/11/13-10:15:50.966143 7f8de4c71700                       Options.WAL_size_limit_MB: 0
2018/11/13-10:15:50.966144 7f8de4c71700             Options.manifest_preallocation_size: 4194304
2018/11/13-10:15:50.966145 7f8de4c71700                     Options.is_fd_close_on_exec: 1
2018/11/13-10:15:50.966145 7f8de4c71700                   Options.advise_random_on_open: 1
2018/11/13-10:15:50.966146 7f8de4c71700                    Options.db_write_buffer_size: 0
2018/11/13-10:15:50.966147 7f8de4c71700                    Options.write_buffer_manager: 0x7f8d243de8f0
2018/11/13-10:15:50.966148 7f8de4c71700         Options.access_hint_on_compaction_start: 1
2018/11/13-10:15:50.966149 7f8de4c71700  Options.new_table_reader_for_compaction_inputs: 0
2018/11/13-10:15:50.966149 7f8de4c71700           Options.random_access_max_buffer_size: 1048576
2018/11/13-10:15:50.966150 7f8de4c71700                      Options.use_adaptive_mutex: 0
2018/11/13-10:15:50.966151 7f8de4c71700                            Options.rate_limiter: (nil)
2018/11/13-10:15:50.966152 7f8de4c71700     Options.sst_file_manager.rate_bytes_per_sec: 0
2018/11/13-10:15:50.966153 7f8de4c71700                       Options.wal_recovery_mode: 2
2018/11/13-10:15:50.966154 7f8de4c71700                  Options.enable_thread_tracking: 0
2018/11/13-10:15:50.966155 7f8de4c71700                  Options.enable_pipelined_write: 1
2018/11/13-10:15:50.966164 7f8de4c71700         Options.allow_concurrent_memtable_write: 1
2018/11/13-10:15:50.966166 7f8de4c71700      Options.enable_write_thread_adaptive_yield: 1
2018/11/13-10:15:50.966167 7f8de4c71700             Options.write_thread_max_yield_usec: 100
2018/11/13-10:15:50.966167 7f8de4c71700            Options.write_thread_slow_yield_usec: 3
2018/11/13-10:15:50.966168 7f8de4c71700                               Options.row_cache: None
2018/11/13-10:15:50.966169 7f8de4c71700                              Options.wal_filter: None
2018/11/13-10:15:50.966170 7f8de4c71700             Options.avoid_flush_during_recovery: 0
2018/11/13-10:15:50.966171 7f8de4c71700             Options.allow_ingest_behind: 0
2018/11/13-10:15:50.966172 7f8de4c71700             Options.preserve_deletes: 0
2018/11/13-10:15:50.966172 7f8de4c71700             Options.two_write_queues: 0
2018/11/13-10:15:50.966173 7f8de4c71700             Options.manual_wal_flush: 0
2018/11/13-10:15:50.966175 7f8de4c71700             Options.max_background_jobs: 24
2018/11/13-10:15:50.966176 7f8de4c71700             Options.max_background_compactions: 24
2018/11/13-10:15:50.966177 7f8de4c71700             Options.avoid_flush_during_shutdown: 0
2018/11/13-10:15:50.966178 7f8de4c71700           Options.writable_file_max_buffer_size: 1048576
2018/11/13-10:15:50.966178 7f8de4c71700             Options.delayed_write_rate : 16777216
2018/11/13-10:15:50.966179 7f8de4c71700             Options.max_total_wal_size: 0
2018/11/13-10:15:50.966180 7f8de4c71700             Options.delete_obsolete_files_period_micros: 21600000000
2018/11/13-10:15:50.966181 7f8de4c71700                   Options.stats_dump_period_sec: 60
2018/11/13-10:15:50.966182 7f8de4c71700                          Options.max_open_files: -1
2018/11/13-10:15:50.966183 7f8de4c71700                          Options.bytes_per_sync: 1048576
2018/11/13-10:15:50.966184 7f8de4c71700                      Options.wal_bytes_per_sync: 0
2018/11/13-10:15:50.966184 7f8de4c71700       Options.compaction_readahead_size: 0
2018/11/13-10:15:50.966185 7f8de4c71700 Compression algorithms supported:
2018/11/13-10:15:50.966187 7f8de4c71700 	kZSTDNotFinalCompression supported: 1
2018/11/13-10:15:50.966193 7f8de4c71700 	kZSTD supported: 1
2018/11/13-10:15:50.966194 7f8de4c71700 	kXpressCompression supported: 0
2018/11/13-10:15:50.966195 7f8de4c71700 	kLZ4HCCompression supported: 1
2018/11/13-10:15:50.966196 7f8de4c71700 	kLZ4Compression supported: 1
2018/11/13-10:15:50.966197 7f8de4c71700 	kBZip2Compression supported: 1
2018/11/13-10:15:50.966198 7f8de4c71700 	kZlibCompression supported: 1
2018/11/13-10:15:50.966199 7f8de4c71700 	kSnappyCompression supported: 1
2018/11/13-10:15:50.966202 7f8de4c71700 Fast CRC32 supported: Supported on x86
2018/11/13-10:15:50.966267 7f8de4c71700 [db/db_impl_open.cc:222] Creating manifest 1 
2018/11/13-10:15:51.065034 7f8de4c71700 [db/version_set.cc:3085] Recovering from manifest file: MANIFEST-000001
2018/11/13-10:15:51.065129 7f8de4c71700 [db/column_family.cc:475] --------------- Options for column family [default]:
2018/11/13-10:15:51.065133 7f8de4c71700               Options.comparator: leveldb.BytewiseComparator
2018/11/13-10:15:51.065135 7f8de4c71700           Options.merge_operator: None
2018/11/13-10:15:51.065136 7f8de4c71700        Options.compaction_filter: None
2018/11/13-10:15:51.065137 7f8de4c71700        Options.compaction_filter_factory: None
2018/11/13-10:15:51.065138 7f8de4c71700         Options.memtable_factory: SkipListFactory
2018/11/13-10:15:51.065139 7f8de4c71700            Options.table_factory: BlockBasedTable
2018/11/13-10:15:51.065179 7f8de4c71700            table_factory options:   flush_block_policy_factory: FlushBlockBySizePolicyFactory (0x7f8d2438ad00)
  cache_index_and_filter_blocks: 0
  cache_index_and_filter_blocks_with_high_priority: 0
  pin_l0_filter_and_index_blocks_in_cache: 0
  index_type: 0
  hash_index_allow_collision: 1
  checksum: 1
  no_block_cache: 0
  block_cache: 0x7f8d24393e70
  block_cache_name: LRUCache
  block_cache_options:
    capacity : 8388608
    num_shard_bits : 4
    strict_capacity_limit : 0
    high_pri_pool_ratio: 0.000
  block_cache_compressed: (nil)
  persistent_cache: (nil)
  block_size: 8192
  block_size_deviation: 10
  block_restart_interval: 16
  index_block_restart_interval: 1
  metadata_block_size: 4096
  partition_filters: 0
  use_delta_encoding: 1
  filter_policy: nullptr
  whole_key_filtering: 1
  verify_compression: 0
  read_amp_bytes_per_bit: 0
  format_version: 2
  enable_index_compression: 1
  block_align: 0
2018/11/13-10:15:51.065195 7f8de4c71700        Options.write_buffer_size: 134217728
2018/11/13-10:15:51.065197 7f8de4c71700  Options.max_write_buffer_number: 24
2018/11/13-10:15:51.065198 7f8de4c71700        Options.compression[0]: NoCompression
2018/11/13-10:15:51.065199 7f8de4c71700        Options.compression[1]: NoCompression
2018/11/13-10:15:51.065200 7f8de4c71700        Options.compression[2]: LZ4
2018/11/13-10:15:51.065201 7f8de4c71700        Options.compression[3]: LZ4
2018/11/13-10:15:51.065202 7f8de4c71700        Options.compression[4]: LZ4
2018/11/13-10:15:51.065203 7f8de4c71700        Options.compression[5]: LZ4
2018/11/13-10:15:51.065204 7f8de4c71700        Options.compression[6]: LZ4
2018/11/13-10:15:51.065205 7f8de4c71700                  Options.bottommost_compression: Disabled
2018/11/13-10:15:51.065206 7f8de4c71700       Options.prefix_extractor: nullptr
2018/11/13-10:15:51.065207 7f8de4c71700   Options.memtable_insert_with_hint_prefix_extractor: nullptr
2018/11/13-10:15:51.065208 7f8de4c71700             Options.num_levels: 7
2018/11/13-10:15:51.065209 7f8de4c71700        Options.min_write_buffer_number_to_merge: 2
2018/11/13-10:15:51.065210 7f8de4c71700     Options.max_write_buffer_number_to_maintain: 0
2018/11/13-10:15:51.065211 7f8de4c71700            Options.compression_opts.window_bits: -14
2018/11/13-10:15:51.065211 7f8de4c71700                  Options.compression_opts.level: -1
2018/11/13-10:15:51.065212 7f8de4c71700               Options.compression_opts.strategy: 0
2018/11/13-10:15:51.065213 7f8de4c71700         Options.compression_opts.max_dict_bytes: 0
2018/11/13-10:15:51.065214 7f8de4c71700         Options.compression_opts.zstd_max_train_bytes: 0
2018/11/13-10:15:51.065215 7f8de4c71700      Options.level0_file_num_compaction_trigger: 2
2018/11/13-10:15:51.065216 7f8de4c71700          Options.level0_slowdown_writes_trigger: 20
2018/11/13-10:15:51.065217 7f8de4c71700              Options.level0_stop_writes_trigger: 36
2018/11/13-10:15:51.065218 7f8de4c71700                   Options.target_file_size_base: 67108864
2018/11/13-10:15:51.065219 7f8de4c71700             Options.target_file_size_multiplier: 1
2018/11/13-10:15:51.065219 7f8de4c71700                Options.max_bytes_for_level_base: 536870912
2018/11/13-10:15:51.065220 7f8de4c71700 Options.level_compaction_dynamic_level_bytes: 0
2018/11/13-10:15:51.065221 7f8de4c71700          Options.max_bytes_for_level_multiplier: 10.000000
2018/11/13-10:15:51.065224 7f8de4c71700 Options.max_bytes_for_level_multiplier_addtl[0]: 1
2018/11/13-10:15:51.065225 7f8de4c71700 Options.max_bytes_for_level_multiplier_addtl[1]: 1
2018/11/13-10:15:51.065226 7f8de4c71700 Options.max_bytes_for_level_multiplier_addtl[2]: 1
2018/11/13-10:15:51.065227 7f8de4c71700 Options.max_bytes_for_level_multiplier_addtl[3]: 1
2018/11/13-10:15:51.065228 7f8de4c71700 Options.max_bytes_for_level_multiplier_addtl[4]: 1
2018/11/13-10:15:51.065229 7f8de4c71700 Options.max_bytes_for_level_multiplier_addtl[5]: 1
2018/11/13-10:15:51.065230 7f8de4c71700 Options.max_bytes_for_level_multiplier_addtl[6]: 1
2018/11/13-10:15:51.065231 7f8de4c71700       Options.max_sequential_skip_in_iterations: 8
2018/11/13-10:15:51.065231 7f8de4c71700                    Options.max_compaction_bytes: 1677721600
2018/11/13-10:15:51.065232 7f8de4c71700                        Options.arena_block_size: 16777216
2018/11/13-10:15:51.065233 7f8de4c71700   Options.soft_pending_compaction_bytes_limit: 68719476736
2018/11/13-10:15:51.065234 7f8de4c71700   Options.hard_pending_compaction_bytes_limit: 274877906944
2018/11/13-10:15:51.065241 7f8de4c71700       Options.rate_limit_delay_max_milliseconds: 100
2018/11/13-10:15:51.065242 7f8de4c71700                Options.disable_auto_compactions: 0
2018/11/13-10:15:51.065245 7f8de4c71700                        Options.compaction_style: kCompactionStyleLevel
2018/11/13-10:15:51.065247 7f8de4c71700                          Options.compaction_pri: kByCompensatedSize
2018/11/13-10:15:51.065248 7f8de4c71700 Options.compaction_options_universal.size_ratio: 1
2018/11/13-10:15:51.065248 7f8de4c71700 Options.compaction_options_universal.min_merge_width: 2
2018/11/13-10:15:51.065249 7f8de4c71700 Options.compaction_options_universal.max_merge_width: 4294967295
2018/11/13-10:15:51.065250 7f8de4c71700 Options.compaction_options_universal.max_size_amplification_percent: 200
2018/11/13-10:15:51.065251 7f8de4c71700 Options.compaction_options_universal.compression_size_percent: -1
2018/11/13-10:15:51.065253 7f8de4c71700 Options.compaction_options_universal.stop_style: kCompactionStopStyleTotalSize
2018/11/13-10:15:51.065254 7f8de4c71700 Options.compaction_options_fifo.max_table_files_size: 1073741824
2018/11/13-10:15:51.065255 7f8de4c71700 Options.compaction_options_fifo.allow_compaction: 0
2018/11/13-10:15:51.065256 7f8de4c71700 Options.compaction_options_fifo.ttl: 0
2018/11/13-10:15:51.065257 7f8de4c71700                   Options.table_properties_collectors: 
2018/11/13-10:15:51.065258 7f8de4c71700                   Options.inplace_update_support: 0
2018/11/13-10:15:51.065259 7f8de4c71700                 Options.inplace_update_num_locks: 10000
2018/11/13-10:15:51.065260 7f8de4c71700               Options.memtable_prefix_bloom_size_ratio: 0.000000
2018/11/13-10:15:51.065261 7f8de4c71700   Options.memtable_huge_page_size: 0
2018/11/13-10:15:51.065262 7f8de4c71700                           Options.bloom_locality: 0
2018/11/13-10:15:51.065263 7f8de4c71700                    Options.max_successive_merges: 0
2018/11/13-10:15:51.065264 7f8de4c71700                Options.optimize_filters_for_hits: 0
2018/11/13-10:15:51.065265 7f8de4c71700                Options.paranoid_file_checks: 0
2018/11/13-10:15:51.065266 7f8de4c71700                Options.force_consistency_checks: 0
2018/11/13-10:15:51.065266 7f8de4c71700                Options.report_bg_io_stats: 0
2018/11/13-10:15:51.065267 7f8de4c71700                               Options.ttl: 0
2018/11/13-10:15:51.066058 7f8de4c71700 [db/version_set.cc:3361] Recovered from manifest file:/mnt/sdb/ycsb-rocksdb-data/MANIFEST-000001 succeeded,manifest_file_number is 1, next_file_number is 3, last_sequence is 0, log_number is 0,prev_log_number is 0,max_column_family is 0,min_log_number_to_keep is 0
2018/11/13-10:15:51.066064 7f8de4c71700 [db/version_set.cc:3369] Column family [default] (ID 0), log number is 0
2018/11/13-10:15:51.066267 7f8de4c71700 [db/version_set.cc:2847] Creating manifest 4
2018/11/13-10:15:51.136403 7f8de4c71700 [db/column_family.cc:475] --------------- Options for column family [usertable]:
2018/11/13-10:15:51.136407 7f8de4c71700               Options.comparator: leveldb.BytewiseComparator
2018/11/13-10:15:51.136408 7f8de4c71700           Options.merge_operator: None
2018/11/13-10:15:51.136409 7f8de4c71700        Options.compaction_filter: None
2018/11/13-10:15:51.136410 7f8de4c71700        Options.compaction_filter_factory: None
2018/11/13-10:15:51.136411 7f8de4c71700         Options.memtable_factory: SkipListFactory
2018/11/13-10:15:51.136412 7f8de4c71700            Options.table_factory: BlockBasedTable
2018/11/13-10:15:51.136437 7f8de4c71700            table_factory options:   flush_block_policy_factory: FlushBlockBySizePolicyFactory (0x7f8d2438ace0)
  cache_index_and_filter_blocks: 0
  cache_index_and_filter_blocks_with_high_priority: 0
  pin_l0_filter_and_index_blocks_in_cache: 0
  index_type: 0
  hash_index_allow_collision: 1
  checksum: 1
  no_block_cache: 0
  block_cache: 0x7f8d2438b840
  block_cache_name: LRUCache
  block_cache_options:
    capacity : 8388608
    num_shard_bits : 4
    strict_capacity_limit : 0
    high_pri_pool_ratio: 0.000
  block_cache_compressed: (nil)
  persistent_cache: (nil)
  block_size: 8192
  block_size_deviation: 10
  block_restart_interval: 16
  index_block_restart_interval: 1
  metadata_block_size: 4096
  partition_filters: 0
  use_delta_encoding: 1
  filter_policy: nullptr
  whole_key_filtering: 1
  verify_compression: 0
  read_amp_bytes_per_bit: 0
  format_version: 2
  enable_index_compression: 1
  block_align: 0
2018/11/13-10:15:51.136439 7f8de4c71700        Options.write_buffer_size: 134217728
2018/11/13-10:15:51.136440 7f8de4c71700  Options.max_write_buffer_number: 24
2018/11/13-10:15:51.136441 7f8de4c71700        Options.compression[0]: NoCompression
2018/11/13-10:15:51.136442 7f8de4c71700        Options.compression[1]: NoCompression
2018/11/13-10:15:51.136443 7f8de4c71700        Options.compression[2]: LZ4
2018/11/13-10:15:51.136444 7f8de4c71700        Options.compression[3]: LZ4
2018/11/13-10:15:51.136445 7f8de4c71700        Options.compression[4]: LZ4
2018/11/13-10:15:51.136446 7f8de4c71700        Options.compression[5]: LZ4
2018/11/13-10:15:51.136447 7f8de4c71700        Options.compression[6]: LZ4
2018/11/13-10:15:51.136448 7f8de4c71700                  Options.bottommost_compression: Disabled
2018/11/13-10:15:51.136449 7f8de4c71700       Options.prefix_extractor: nullptr
2018/11/13-10:15:51.136450 7f8de4c71700   Options.memtable_insert_with_hint_prefix_extractor: nullptr
2018/11/13-10:15:51.136450 7f8de4c71700             Options.num_levels: 7
2018/11/13-10:15:51.136451 7f8de4c71700        Options.min_write_buffer_number_to_merge: 2
2018/11/13-10:15:51.136452 7f8de4c71700     Options.max_write_buffer_number_to_maintain: 0
2018/11/13-10:15:51.136453 7f8de4c71700            Options.compression_opts.window_bits: -14
2018/11/13-10:15:51.136454 7f8de4c71700                  Options.compression_opts.level: -1
2018/11/13-10:15:51.136455 7f8de4c71700               Options.compression_opts.strategy: 0
2018/11/13-10:15:51.136456 7f8de4c71700         Options.compression_opts.max_dict_bytes: 0
2018/11/13-10:15:51.136457 7f8de4c71700         Options.compression_opts.zstd_max_train_bytes: 0
2018/11/13-10:15:51.136457 7f8de4c71700      Options.level0_file_num_compaction_trigger: 2
2018/11/13-10:15:51.136458 7f8de4c71700          Options.level0_slowdown_writes_trigger: 20
2018/11/13-10:15:51.136459 7f8de4c71700              Options.level0_stop_writes_trigger: 36
2018/11/13-10:15:51.136460 7f8de4c71700                   Options.target_file_size_base: 67108864
2018/11/13-10:15:51.136461 7f8de4c71700             Options.target_file_size_multiplier: 1
2018/11/13-10:15:51.136462 7f8de4c71700                Options.max_bytes_for_level_base: 536870912
2018/11/13-10:15:51.136462 7f8de4c71700 Options.level_compaction_dynamic_level_bytes: 0
2018/11/13-10:15:51.136463 7f8de4c71700          Options.max_bytes_for_level_multiplier: 10.000000
2018/11/13-10:15:51.136466 7f8de4c71700 Options.max_bytes_for_level_multiplier_addtl[0]: 1
2018/11/13-10:15:51.136476 7f8de4c71700 Options.max_bytes_for_level_multiplier_addtl[1]: 1
2018/11/13-10:15:51.136478 7f8de4c71700 Options.max_bytes_for_level_multiplier_addtl[2]: 1
2018/11/13-10:15:51.136479 7f8de4c71700 Options.max_bytes_for_level_multiplier_addtl[3]: 1
2018/11/13-10:15:51.136480 7f8de4c71700 Options.max_bytes_for_level_multiplier_addtl[4]: 1
2018/11/13-10:15:51.136480 7f8de4c71700 Options.max_bytes_for_level_multiplier_addtl[5]: 1
2018/11/13-10:15:51.136481 7f8de4c71700 Options.max_bytes_for_level_multiplier_addtl[6]: 1
2018/11/13-10:15:51.136482 7f8de4c71700       Options.max_sequential_skip_in_iterations: 8
2018/11/13-10:15:51.136483 7f8de4c71700                    Options.max_compaction_bytes: 1677721600
2018/11/13-10:15:51.136484 7f8de4c71700                        Options.arena_block_size: 16777216
2018/11/13-10:15:51.136485 7f8de4c71700   Options.soft_pending_compaction_bytes_limit: 68719476736
2018/11/13-10:15:51.136486 7f8de4c71700   Options.hard_pending_compaction_bytes_limit: 274877906944
2018/11/13-10:15:51.136486 7f8de4c71700       Options.rate_limit_delay_max_milliseconds: 100
2018/11/13-10:15:51.136487 7f8de4c71700                Options.disable_auto_compactions: 0
2018/11/13-10:15:51.136489 7f8de4c71700                        Options.compaction_style: kCompactionStyleLevel
2018/11/13-10:15:51.136490 7f8de4c71700                          Options.compaction_pri: kByCompensatedSize
2018/11/13-10:15:51.136491 7f8de4c71700 Options.compaction_options_universal.size_ratio: 1
2018/11/13-10:15:51.136492 7f8de4c71700 Options.compaction_options_universal.min_merge_width: 2
2018/11/13-10:15:51.136493 7f8de4c71700 Options.compaction_options_universal.max_merge_width: 4294967295
2018/11/13-10:15:51.136494 7f8de4c71700 Options.compaction_options_universal.max_size_amplification_percent: 200
2018/11/13-10:15:51.136494 7f8de4c71700 Options.compaction_options_universal.compression_size_percent: -1
2018/11/13-10:15:51.136496 7f8de4c71700 Options.compaction_options_universal.stop_style: kCompactionStopStyleTotalSize
2018/11/13-10:15:51.136497 7f8de4c71700 Options.compaction_options_fifo.max_table_files_size: 1073741824
2018/11/13-10:15:51.136497 7f8de4c71700 Options.compaction_options_fifo.allow_compaction: 0
2018/11/13-10:15:51.136498 7f8de4c71700 Options.compaction_options_fifo.ttl: 0
2018/11/13-10:15:51.136499 7f8de4c71700                   Options.table_properties_collectors: 
2018/11/13-10:15:51.136500 7f8de4c71700                   Options.inplace_update_support: 0
2018/11/13-10:15:51.136501 7f8de4c71700                 Options.inplace_update_num_locks: 10000
2018/11/13-10:15:51.136502 7f8de4c71700               Options.memtable_prefix_bloom_size_ratio: 0.000000
2018/11/13-10:15:51.136503 7f8de4c71700   Options.memtable_huge_page_size: 0
2018/11/13-10:15:51.136504 7f8de4c71700                           Options.bloom_locality: 0
2018/11/13-10:15:51.136505 7f8de4c71700                    Options.max_successive_merges: 0
2018/11/13-10:15:51.136506 7f8de4c71700                Options.optimize_filters_for_hits: 0
2018/11/13-10:15:51.136507 7f8de4c71700                Options.paranoid_file_checks: 0
2018/11/13-10:15:51.136508 7f8de4c71700                Options.force_consistency_checks: 0
2018/11/13-10:15:51.136508 7f8de4c71700                Options.report_bg_io_stats: 0
2018/11/13-10:15:51.136509 7f8de4c71700                               Options.ttl: 0
2018/11/13-10:15:51.136555 7f8de4c71700 [db/db_impl.cc:1396] Created column family [usertable] (ID 1)
2018/11/13-10:15:51.211187 7f8de4c71700 [db/db_impl_open.cc:1219] DB pointer 0x7f8d243e0cf0
2018/11/13-10:15:51.654522 7f8de4d72700 [db/db_impl_write.cc:1373] [usertable] New memtable created with log file: #9. Immutable memtables: 0.
2018/11/13-10:15:52.062648 7f8de4b70700 [db/db_impl_write.cc:1373] [usertable] New memtable created with log file: #10. Immutable memtables: 1.
2018/11/13-10:15:52.062842 7f8da57fa700 [db/db_impl_compaction_flush.cc:80] [JOB 2] Syncing log #3
2018/11/13-10:15:52.504627 7f8de4d72700 [db/db_impl_write.cc:1373] [usertable] New memtable created with log file: #12. Immutable memtables: 2.
2018/11/13-10:15:53.017850 7f8de4c71700 [db/db_impl_write.cc:1373] [usertable] New memtable created with log file: #13. Immutable memtables: 3.
2018/11/13-10:15:53.182796 7f8da57fa700 [db/db_impl_compaction_flush.cc:80] [JOB 2] Syncing log #9
2018/11/13-10:15:53.589641 7f8de4d72700 [db/db_impl_write.cc:1373] [usertable] New memtable created with log file: #15. Immutable memtables: 4.
2018/11/13-10:15:53.993529 7f8de4d72700 [db/db_impl_write.cc:1373] [usertable] New memtable created with log file: #16. Immutable memtables: 5.
2018/11/13-10:15:54.345771 7f8da57fa700 (Original Log Time 2018/11/13-10:15:52.062794) [db/db_impl_compaction_flush.cc:1424] Calling FlushMemTableToOutputFile with column family [usertable], flush slots available 24, compaction slots available 1, flush slots scheduled 1, compaction slots scheduled 0
2018/11/13-10:15:54.345793 7f8dbe7fc700 [db/db_impl_compaction_flush.cc:80] [JOB 4] Syncing log #10
2018/11/13-10:15:54.345804 7f8da57fa700 [db/flush_job.cc:301] [usertable] [JOB 2] Flushing memtable with next log file: 9
2018/11/13-10:15:54.345818 7f8da57fa700 [db/flush_job.cc:301] [usertable] [JOB 2] Flushing memtable with next log file: 10
2018/11/13-10:15:54.345867 7f8da57fa700 EVENT_LOG_v1 {"time_micros": 1542132954345846, "job": 2, "event": "flush_started", "num_memtables": 2, "num_entries": 62751, "num_deletes": 0, "memory_usage": 260132552, "flush_reason": "Write Buffer Full"}
2018/11/13-10:15:54.345879 7f8da57fa700 [db/flush_job.cc:331] [usertable] [JOB 2] Level-0 flush table #11: started
2018/11/13-10:15:54.399660 7f8de4c71700 [db/db_impl_write.cc:1373] [usertable] New memtable created with log file: #18. Immutable memtables: 6.
2018/11/13-10:15:54.767341 7f8de4b70700 [db/db_impl_write.cc:1373] [usertable] New memtable created with log file: #19. Immutable memtables: 7.
2018/11/13-10:15:55.173588 7f8de4c71700 [db/db_impl_write.cc:1373] [usertable] New memtable created with log file: #21. Immutable memtables: 8.
2018/11/13-10:15:55.589024 7f8de4c71700 [db/db_impl_write.cc:1373] [usertable] New memtable created with log file: #22. Immutable memtables: 9.
2018/11/13-10:15:55.989298 7f8de4c71700 [db/db_impl_write.cc:1373] [usertable] New memtable created with log file: #24. Immutable memtables: 10.
2018/11/13-10:15:56.310764 7f8dbe7fc700 [db/db_impl_compaction_flush.cc:80] [JOB 4] Syncing log #12
2018/11/13-10:15:56.385876 7f8de4b70700 [db/db_impl_write.cc:1373] [usertable] New memtable created with log file: #25. Immutable memtables: 11.
2018/11/13-10:15:56.796684 7f8de4b70700 [db/db_impl_write.cc:1373] [usertable] New memtable created with log file: #27. Immutable memtables: 12.
2018/11/13-10:15:57.205793 7f8de4b70700 [db/db_impl_write.cc:1373] [usertable] New memtable created with log file: #28. Immutable memtables: 13.
2018/11/13-10:15:57.639734 7f8de4d72700 [db/db_impl_write.cc:1373] [usertable] New memtable created with log file: #30. Immutable memtables: 14.
2018/11/13-10:15:58.031216 7f8de4b70700 [db/db_impl_write.cc:1373] [usertable] New memtable created with log file: #31. Immutable memtables: 15.
2018/11/13-10:15:58.423173 7f8de4c71700 [db/db_impl_write.cc:1373] [usertable] New memtable created with log file: #33. Immutable memtables: 16.
2018/11/13-10:15:58.814198 7f8de4b70700 [db/db_impl_write.cc:1373] [usertable] New memtable created with log file: #34. Immutable memtables: 17.
2018/11/13-10:15:59.204870 7f8de4d72700 [db/db_impl_write.cc:1373] [usertable] New memtable created with log file: #36. Immutable memtables: 18.
2018/11/13-10:15:59.607349 7f8de4d72700 [db/db_impl_write.cc:1373] [usertable] New memtable created with log file: #37. Immutable memtables: 19.
2018/11/13-10:16:00.003473 7f8de4c71700 [db/db_impl_write.cc:1373] [usertable] New memtable created with log file: #39. Immutable memtables: 20.
2018/11/13-10:16:00.046914 7f8dbe7fc700 [db/db_impl_compaction_flush.cc:80] [JOB 4] Syncing log #13
2018/11/13-10:16:00.047910 7f8da57fa700 EVENT_LOG_v1 {"time_micros": 1542132960047888, "cf_name": "usertable", "job": 2, "event": "table_file_creation", "file_number": 11, "file_size": 259876992, "table_properties": {"data_size": 258722387, "index_size": 1153678, "filter_size": 0, "raw_key_size": 1506024, "raw_average_key_size": 24, "raw_value_size": 257028096, "raw_average_value_size": 4096, "num_data_blocks": 31376, "num_entries": 62751, "filter_policy_name": "", "kDeletedKeys": "0", "kMergeOperands": "0"}}
2018/11/13-10:16:00.047935 7f8da57fa700 [db/flush_job.cc:371] [usertable] [JOB 2] Level-0 flush table #11: 259876992 bytes OK
2018/11/13-10:16:00.405322 7f8de4c71700 [db/db_impl_write.cc:1373] [usertable] New memtable created with log file: #40. Immutable memtables: 21.
2018/11/13-10:16:00.809635 7f8de4b70700 [db/db_impl_write.cc:1373] [usertable] New memtable created with log file: #42. Immutable memtables: 22.
2018/11/13-10:16:00.809666 7f8de4b70700 [WARN] [db/column_family.cc:779] [usertable] Stalling writes because we have 23 immutable memtables (waiting for flush), max_write_buffer_number is set to 24 rate 16777216
2018/11/13-10:16:01.990703 7f8dbe7fc700 [db/db_impl_compaction_flush.cc:80] [JOB 4] Syncing log #15
2018/11/13-10:16:01.990902 7f8da57fa700 (Original Log Time 2018/11/13-10:16:00.574552) [db/memtable_list.cc:377] [usertable] Level-0 commit table #11 started
2018/11/13-10:16:01.990906 7f8da57fa700 (Original Log Time 2018/11/13-10:16:01.990779) [db/memtable_list.cc:409] [usertable] Level-0 commit table #11: memtable #1 done
2018/11/13-10:16:01.990907 7f8da57fa700 (Original Log Time 2018/11/13-10:16:01.990792) [db/memtable_list.cc:409] [usertable] Level-0 commit table #11: memtable #2 done
2018/11/13-10:16:01.990909 7f8da57fa700 (Original Log Time 2018/11/13-10:16:01.990831) EVENT_LOG_v1 {"time_micros": 1542132961990815, "job": 2, "event": "flush_finished", "output_compression": "NoCompression", "lsm_state": [1, 0, 0, 0, 0, 0, 0], "immutable_memtables": 21}
2018/11/13-10:16:01.990910 7f8da57fa700 (Original Log Time 2018/11/13-10:16:01.990863) [db/db_impl_compaction_flush.cc:177] [usertable] Level summary: base level 1 max bytes base 536870912 files[1 0 0 0 0 0 0] max score 0.50
2018/11/13-10:16:01.990925 7f8da57fa700 [db/db_impl_files.cc:347] [JOB 2] Try to delete WAL files size 259089027, prev total WAL file size 2998497693, number of live WAL files 24.
2018/11/13-10:16:02.327293 7f8de4c71700 [db/db_impl_write.cc:1373] [usertable] New memtable created with log file: #43. Immutable memtables: 21.
2018/11/13-10:16:02.515088 7f8dbe7fc700 (Original Log Time 2018/11/13-10:15:53.993593) [db/db_impl_compaction_flush.cc:1424] Calling FlushMemTableToOutputFile with column family [usertable], flush slots available 24, compaction slots available 1, flush slots scheduled 3, compaction slots scheduled 0
2018/11/13-10:16:02.515096 7f8da5ffb700 (Original Log Time 2018/11/13-10:15:53.017941) [db/db_impl_compaction_flush.cc:1424] Calling FlushMemTableToOutputFile with column family [usertable], flush slots available 24, compaction slots available 1, flush slots scheduled 2, compaction slots scheduled 0
2018/11/13-10:16:02.515100 7f8dbe7fc700 [db/flush_job.cc:301] [usertable] [JOB 4] Flushing memtable with next log file: 15
2018/11/13-10:16:02.515103 7f8da5ffb700 [db/flush_job.cc:301] [usertable] [JOB 3] Flushing memtable with next log file: 12
2018/11/13-10:16:02.515104 7f8dbd7fa700 [db/db_impl_compaction_flush.cc:80] [JOB 6] Syncing log #16
2018/11/13-10:16:02.515109 7f8dbe7fc700 [db/flush_job.cc:301] [usertable] [JOB 4] Flushing memtable with next log file: 16
2018/11/13-10:16:02.515109 7f8da5ffb700 [db/flush_job.cc:301] [usertable] [JOB 3] Flushing memtable with next log file: 13
2018/11/13-10:16:02.515138 7f8dbe7fc700 EVENT_LOG_v1 {"time_micros": 1542132962515127, "job": 4, "event": "flush_started", "num_memtables": 2, "num_entries": 62748, "num_deletes": 0, "memory_usage": 260123696, "flush_reason": "Write Buffer Full"}
2018/11/13-10:16:02.515138 7f8da5ffb700 EVENT_LOG_v1 {"time_micros": 1542132962515127, "job": 3, "event": "flush_started", "num_memtables": 2, "num_entries": 62750, "num_deletes": 0, "memory_usage": 260129496, "flush_reason": "Write Buffer Full"}
2018/11/13-10:16:02.515155 7f8dbe7fc700 [db/flush_job.cc:331] [usertable] [JOB 4] Level-0 flush table #17: started
2018/11/13-10:16:02.515155 7f8da5ffb700 [db/flush_job.cc:331] [usertable] [JOB 3] Level-0 flush table #14: started
2018/11/13-10:16:02.756287 7f8de4d72700 [db/db_impl_write.cc:1373] [usertable] New memtable created with log file: #45. Immutable memtables: 22.
2018/11/13-10:16:02.756314 7f8de4d72700 [WARN] [db/column_family.cc:779] [usertable] Stalling writes because we have 23 immutable memtables (waiting for flush), max_write_buffer_number is set to 24 rate 16777216
2018/11/13-10:16:05.107880 7f8dbd7fa700 [db/db_impl_compaction_flush.cc:80] [JOB 6] Syncing log #18
2018/11/13-10:16:07.407493 7f8dbd7fa700 [db/db_impl_compaction_flush.cc:80] [JOB 6] Syncing log #19
2018/11/13-10:16:09.693631 7f8da5ffb700 EVENT_LOG_v1 {"time_micros": 1542132969693602, "cf_name": "usertable", "job": 3, "event": "table_file_creation", "file_number": 14, "file_size": 259886761, "table_properties": {"data_size": 258725223, "index_size": 1160611, "filter_size": 0, "raw_key_size": 1506000, "raw_average_key_size": 24, "raw_value_size": 257024000, "raw_average_value_size": 4096, "num_data_blocks": 31375, "num_entries": 62750, "filter_policy_name": "", "kDeletedKeys": "0", "kMergeOperands": "0"}}
2018/11/13-10:16:09.693634 7f8dbe7fc700 EVENT_LOG_v1 {"time_micros": 1542132969693602, "cf_name": "usertable", "job": 4, "event": "table_file_creation", "file_number": 17, "file_size": 259878475, "table_properties": {"data_size": 258716974, "index_size": 1160574, "filter_size": 0, "raw_key_size": 1505952, "raw_average_key_size": 24, "raw_value_size": 257015808, "raw_average_value_size": 4096, "num_data_blocks": 31374, "num_entries": 62748, "filter_policy_name": "", "kDeletedKeys": "0", "kMergeOperands": "0"}}
2018/11/13-10:16:09.693664 7f8dbe7fc700 [db/flush_job.cc:371] [usertable] [JOB 4] Level-0 flush table #17: 259878475 bytes OK
2018/11/13-10:16:09.693665 7f8da5ffb700 [db/flush_job.cc:371] [usertable] [JOB 3] Level-0 flush table #14: 259886761 bytes OK
2018/11/13-10:16:09.693702 7f8dbe7fc700 [WARN] [db/column_family.cc:779] [usertable] Stalling writes because we have 23 immutable memtables (waiting for flush), max_write_buffer_number is set to 24 rate 16777216
2018/11/13-10:16:09.693737 7f8dbe7fc700 (Original Log Time 2018/11/13-10:16:09.693692) EVENT_LOG_v1 {"time_micros": 1542132969693683, "job": 4, "event": "flush_finished", "output_compression": "NoCompression", "lsm_state": [1, 0, 0, 0, 0, 0, 0], "immutable_memtables": 23}
2018/11/13-10:16:09.693740 7f8dbe7fc700 (Original Log Time 2018/11/13-10:16:09.693718) [db/db_impl_compaction_flush.cc:177] [usertable] Level summary: base level 1 max bytes base 536870912 files[1 0 0 0 0 0 0] max score 0.50
2018/11/13-10:16:10.480853 7f8de4c71700 [db/db_impl_write.cc:1373] [usertable] New memtable created with log file: #46. Immutable memtables: 23.
2018/11/13-10:16:10.480882 7f8de4c71700 [WARN] [db/column_family.cc:743] [usertable] Stopping writes because we have 24 immutable memtables (waiting for flush), max_write_buffer_number is set to 24
2018/11/13-10:16:10.597329 7f8dbd7fa700 [db/db_impl_compaction_flush.cc:80] [JOB 6] Syncing log #21
2018/11/13-10:16:10.597473 7f8da5ffb700 (Original Log Time 2018/11/13-10:16:09.693743) [db/memtable_list.cc:377] [usertable] Level-0 commit table #14 started
2018/11/13-10:16:10.597477 7f8da5ffb700 (Original Log Time 2018/11/13-10:16:09.693745) [db/memtable_list.cc:377] [usertable] Level-0 commit table #17 started
2018/11/13-10:16:10.597481 7f8da5ffb700 (Original Log Time 2018/11/13-10:16:10.597374) [db/memtable_list.cc:409] [usertable] Level-0 commit table #14: memtable #1 done
2018/11/13-10:16:10.597483 7f8da5ffb700 (Original Log Time 2018/11/13-10:16:10.597381) [db/memtable_list.cc:409] [usertable] Level-0 commit table #14: memtable #2 done
2018/11/13-10:16:10.597484 7f8da5ffb700 (Original Log Time 2018/11/13-10:16:10.597381) [db/memtable_list.cc:409] [usertable] Level-0 commit table #17: memtable #3 done
2018/11/13-10:16:10.597485 7f8da5ffb700 (Original Log Time 2018/11/13-10:16:10.597382) [db/memtable_list.cc:409] [usertable] Level-0 commit table #17: memtable #4 done
2018/11/13-10:16:10.597487 7f8da5ffb700 (Original Log Time 2018/11/13-10:16:10.597411) EVENT_LOG_v1 {"time_micros": 1542132970597400, "job": 3, "event": "flush_finished", "output_compression": "NoCompression", "lsm_state": [3, 0, 0, 0, 0, 0, 0], "immutable_memtables": 20}
2018/11/13-10:16:10.597488 7f8da5ffb700 (Original Log Time 2018/11/13-10:16:10.597450) [db/db_impl_compaction_flush.cc:177] [usertable] Level summary: base level 1 max bytes base 536870912 files[3 0 0 0 0 0 0] max score 1.50
2018/11/13-10:16:10.597503 7f8da5ffb700 [db/db_impl_files.cc:347] [JOB 3] Try to delete WAL files size 518014658, prev total WAL file size 3107978770, number of live WAL files 25.
2018/11/13-10:16:10.597933 7f8dbeffd700 [WARN] [db/db_impl.cc:491] ------- DUMPING STATS -------
2018/11/13-10:16:10.597974 7f8dbeffd700 [WARN] [db/db_impl.cc:492] 
** DB Stats **
Uptime(secs): 19.5 total, 19.5 interval
Cumulative writes: 815K writes, 815K keys, 719K commit groups, 1.1 writes per commit group, ingest: 3.14 GB, 164.40 MB/s
Cumulative WAL: 815K writes, 0 syncs, 815749.00 writes per sync, written: 3.14 GB, 164.40 MB/s
Cumulative stall: 00:00:7.771 H:M:S, 39.8 percent
Interval writes: 815K writes, 815K keys, 719K commit groups, 1.1 writes per commit group, ingest: 3211.09 MB, 164.40 MB/s
Interval WAL: 815K writes, 0 syncs, 815749.00 writes per sync, written: 3.14 MB, 164.40 MB/s
Interval stall: 00:00:7.771 H:M:S, 39.8 percent

** Compaction Stats [default] **
Level    Files   Size     Score Read(GB)  Rn(GB) Rnp1(GB) Write(GB) Wnew(GB) Moved(GB) W-Amp Rd(MB/s) Wr(MB/s) Comp(sec) Comp(cnt) Avg(sec) KeyIn KeyDrop
----------------------------------------------------------------------------------------------------------------------------------------------------------
 Sum      0/0    0.00 KB   0.0      0.0     0.0      0.0       0.0      0.0       0.0   0.0      0.0      0.0         0         0    0.000       0      0
 Int      0/0    0.00 KB   0.0      0.0     0.0      0.0       0.0      0.0       0.0   0.0      0.0      0.0         0         0    0.000       0      0
Uptime(secs): 19.5 total, 19.5 interval
Flush(GB): cumulative 0.000, interval 0.000
AddFile(GB): cumulative 0.000, interval 0.000
AddFile(Total Files): cumulative 0, interval 0
AddFile(L0 Files): cumulative 0, interval 0
AddFile(Keys): cumulative 0, interval 0
Cumulative compaction: 0.00 GB write, 0.00 MB/s write, 0.00 GB read, 0.00 MB/s read, 0.0 seconds
Interval compaction: 0.00 GB write, 0.00 MB/s write, 0.00 GB read, 0.00 MB/s read, 0.0 seconds
Stalls(count): 0 level0_slowdown, 0 level0_slowdown_with_compaction, 0 level0_numfiles, 0 level0_numfiles_with_compaction, 0 stop for pending_compaction_bytes, 0 slowdown for pending_compaction_bytes, 0 memtable_compaction, 0 memtable_slowdown, interval 0 total count

** File Read Latency Histogram By Level [default] **

** Compaction Stats [usertable] **
Level    Files   Size     Score Read(GB)  Rn(GB) Rnp1(GB) Write(GB) Wnew(GB) Moved(GB) W-Amp Rd(MB/s) Wr(MB/s) Comp(sec) Comp(cnt) Avg(sec) KeyIn KeyDrop
----------------------------------------------------------------------------------------------------------------------------------------------------------
  L0      3/0   743.52 MB   1.5      0.0     0.0      0.0       0.7      0.7       0.0   1.0      0.0     36.1        21         3    6.862       0      0
 Sum      3/0   743.52 MB   0.0      0.0     0.0      0.0       0.7      0.7       0.0   1.0      0.0     36.1        21         3    6.862       0      0
 Int      0/0    0.00 KB   0.0      0.0     0.0      0.0       0.7      0.7       0.0   1.0      0.0     36.1        21         3    6.862       0      0
Uptime(secs): 19.5 total, 19.5 interval
Flush(GB): cumulative 0.726, interval 0.726
AddFile(GB): cumulative 0.000, interval 0.000
AddFile(Total Files): cumulative 0, interval 0
AddFile(L0 Files): cumulative 0, interval 0
AddFile(Keys): cumulative 0, interval 0
