2018/11/25-04:01:59.179256 7f921af1f0 RocksDB version: 5.14.3
2018/11/25-04:01:59.179462 7f921af1f0 Git sha rocksdb_build_git_sha:
2018/11/25-04:01:59.179468 7f921af1f0 Compile date Nov 24 2018
2018/11/25-04:01:59.179478 7f921af1f0 DB SUMMARY
2018/11/25-04:01:59.180373 7f921af1f0 CURRENT file:  CURRENT
2018/11/25-04:01:59.180386 7f921af1f0 IDENTITY file:  IDENTITY
2018/11/25-04:01:59.180410 7f921af1f0 MANIFEST file:  MANIFEST-000004 size: 122662 Bytes
2018/11/25-04:01:59.180418 7f921af1f0 SST files in /mnt/sda/ycsb-rocksdb-data dir, Total Num: 674, files: 000021.sst 000022.sst 000023.sst 000024.sst 000028.sst 000029.sst 000030.sst 000031.sst 000035.sst 
2018/11/25-04:01:59.180422 7f921af1f0 Write Ahead Log file in /mnt/sda/ycsb-rocksdb-data: 001219.log size: 126281160 ; 001224.log size: 10222436 ; 
2018/11/25-04:01:59.180433 7f921af1f0                         Options.error_if_exists: 0
2018/11/25-04:01:59.180437 7f921af1f0                       Options.create_if_missing: 1
2018/11/25-04:01:59.180440 7f921af1f0                         Options.paranoid_checks: 1
2018/11/25-04:01:59.180444 7f921af1f0                                     Options.env: 0x7f915a8f70
2018/11/25-04:01:59.180447 7f921af1f0                                Options.info_log: 0x7f443cfc20
2018/11/25-04:01:59.180450 7f921af1f0                Options.max_file_opening_threads: 16
2018/11/25-04:01:59.180453 7f921af1f0                              Options.statistics: (nil)
2018/11/25-04:01:59.180457 7f921af1f0                               Options.use_fsync: 0
2018/11/25-04:01:59.180459 7f921af1f0                       Options.max_log_file_size: 0
2018/11/25-04:01:59.180462 7f921af1f0                  Options.max_manifest_file_size: 18446744073709551615
2018/11/25-04:01:59.180465 7f921af1f0                   Options.log_file_time_to_roll: 0
2018/11/25-04:01:59.180468 7f921af1f0                       Options.keep_log_file_num: 1000
2018/11/25-04:01:59.180471 7f921af1f0                    Options.recycle_log_file_num: 0
2018/11/25-04:01:59.180474 7f921af1f0                         Options.allow_fallocate: 1
2018/11/25-04:01:59.180477 7f921af1f0                        Options.allow_mmap_reads: 0
2018/11/25-04:01:59.180480 7f921af1f0                       Options.allow_mmap_writes: 0
2018/11/25-04:01:59.180483 7f921af1f0                        Options.use_direct_reads: 0
2018/11/25-04:01:59.180486 7f921af1f0                        Options.use_direct_io_for_flush_and_compaction: 0
2018/11/25-04:01:59.180489 7f921af1f0          Options.create_missing_column_families: 1
2018/11/25-04:01:59.180492 7f921af1f0                              Options.db_log_dir: 
2018/11/25-04:01:59.180495 7f921af1f0                                 Options.wal_dir: /mnt/sda/ycsb-rocksdb-data
2018/11/25-04:01:59.180498 7f921af1f0                Options.table_cache_numshardbits: 6
2018/11/25-04:01:59.180501 7f921af1f0                      Options.max_subcompactions: 4
2018/11/25-04:01:59.180504 7f921af1f0                  Options.max_background_flushes: 6
2018/11/25-04:01:59.180507 7f921af1f0                         Options.WAL_ttl_seconds: 0
2018/11/25-04:01:59.180509 7f921af1f0                       Options.WAL_size_limit_MB: 0
2018/11/25-04:01:59.180512 7f921af1f0             Options.manifest_preallocation_size: 4194304
2018/11/25-04:01:59.180515 7f921af1f0                     Options.is_fd_close_on_exec: 1
2018/11/25-04:01:59.180518 7f921af1f0                   Options.advise_random_on_open: 1
2018/11/25-04:01:59.180521 7f921af1f0                    Options.db_write_buffer_size: 0
2018/11/25-04:01:59.180524 7f921af1f0                    Options.write_buffer_manager: 0x7f443cfb80
2018/11/25-04:01:59.180527 7f921af1f0         Options.access_hint_on_compaction_start: 1
2018/11/25-04:01:59.180529 7f921af1f0  Options.new_table_reader_for_compaction_inputs: 0
2018/11/25-04:01:59.180532 7f921af1f0           Options.random_access_max_buffer_size: 1048576
2018/11/25-04:01:59.180535 7f921af1f0                      Options.use_adaptive_mutex: 0
2018/11/25-04:01:59.180538 7f921af1f0                            Options.rate_limiter: (nil)
2018/11/25-04:01:59.180544 7f921af1f0     Options.sst_file_manager.rate_bytes_per_sec: 0
2018/11/25-04:01:59.180582 7f921af1f0                       Options.wal_recovery_mode: 2
2018/11/25-04:01:59.180587 7f921af1f0                  Options.enable_thread_tracking: 0
2018/11/25-04:01:59.180590 7f921af1f0                  Options.enable_pipelined_write: 1
2018/11/25-04:01:59.180592 7f921af1f0         Options.allow_concurrent_memtable_write: 1
2018/11/25-04:01:59.180595 7f921af1f0      Options.enable_write_thread_adaptive_yield: 1
2018/11/25-04:01:59.180597 7f921af1f0             Options.write_thread_max_yield_usec: 100
2018/11/25-04:01:59.180600 7f921af1f0            Options.write_thread_slow_yield_usec: 3
2018/11/25-04:01:59.180603 7f921af1f0                               Options.row_cache: None
2018/11/25-04:01:59.180606 7f921af1f0                              Options.wal_filter: None
2018/11/25-04:01:59.180609 7f921af1f0             Options.avoid_flush_during_recovery: 0
2018/11/25-04:01:59.180611 7f921af1f0             Options.allow_ingest_behind: 0
2018/11/25-04:01:59.180614 7f921af1f0             Options.preserve_deletes: 0
2018/11/25-04:01:59.180617 7f921af1f0             Options.two_write_queues: 0
2018/11/25-04:01:59.180620 7f921af1f0             Options.manual_wal_flush: 0
2018/11/25-04:01:59.180625 7f921af1f0             Options.max_background_jobs: 6
2018/11/25-04:01:59.180628 7f921af1f0             Options.max_background_compactions: 6
2018/11/25-04:01:59.180631 7f921af1f0             Options.avoid_flush_during_shutdown: 0
2018/11/25-04:01:59.180634 7f921af1f0           Options.writable_file_max_buffer_size: 1048576
2018/11/25-04:01:59.180637 7f921af1f0             Options.delayed_write_rate : 16777216
2018/11/25-04:01:59.180639 7f921af1f0             Options.max_total_wal_size: 0
2018/11/25-04:01:59.180642 7f921af1f0             Options.delete_obsolete_files_period_micros: 21600000000
2018/11/25-04:01:59.180645 7f921af1f0                   Options.stats_dump_period_sec: 60
2018/11/25-04:01:59.180648 7f921af1f0                          Options.max_open_files: -1
2018/11/25-04:01:59.180651 7f921af1f0                          Options.bytes_per_sync: 1048576
2018/11/25-04:01:59.180653 7f921af1f0                      Options.wal_bytes_per_sync: 0
2018/11/25-04:01:59.180656 7f921af1f0       Options.compaction_readahead_size: 0
2018/11/25-04:01:59.180659 7f921af1f0 Compression algorithms supported:
2018/11/25-04:01:59.180662 7f921af1f0 	kZSTDNotFinalCompression supported: 1
2018/11/25-04:01:59.180698 7f921af1f0 	kZSTD supported: 1
2018/11/25-04:01:59.180704 7f921af1f0 	kXpressCompression supported: 0
2018/11/25-04:01:59.180707 7f921af1f0 	kLZ4HCCompression supported: 1
2018/11/25-04:01:59.180710 7f921af1f0 	kLZ4Compression supported: 1
2018/11/25-04:01:59.180713 7f921af1f0 	kBZip2Compression supported: 1
2018/11/25-04:01:59.180716 7f921af1f0 	kZlibCompression supported: 1
2018/11/25-04:01:59.180719 7f921af1f0 	kSnappyCompression supported: 1
2018/11/25-04:01:59.180727 7f921af1f0 Fast CRC32 supported: Not supported on x86
2018/11/25-04:01:59.181465 7f921af1f0 [db/version_set.cc:3085] Recovering from manifest file: MANIFEST-000004
2018/11/25-04:01:59.181674 7f921af1f0 [db/column_family.cc:475] --------------- Options for column family [default]:
2018/11/25-04:01:59.181683 7f921af1f0               Options.comparator: leveldb.BytewiseComparator
2018/11/25-04:01:59.181687 7f921af1f0           Options.merge_operator: None
2018/11/25-04:01:59.181690 7f921af1f0        Options.compaction_filter: None
2018/11/25-04:01:59.181693 7f921af1f0        Options.compaction_filter_factory: None
2018/11/25-04:01:59.181696 7f921af1f0         Options.memtable_factory: SkipListFactory
2018/11/25-04:01:59.181699 7f921af1f0            Options.table_factory: BlockBasedTable
2018/11/25-04:01:59.181763 7f921af1f0            table_factory options:   flush_block_policy_factory: FlushBlockBySizePolicyFactory (0x7f4439b5b0)
  cache_index_and_filter_blocks: 0
  cache_index_and_filter_blocks_with_high_priority: 0
  pin_l0_filter_and_index_blocks_in_cache: 0
  index_type: 0
  hash_index_allow_collision: 1
  checksum: 1
  no_block_cache: 0
  block_cache: 0x7f443a0e90
  block_cache_name: LRUCache
  block_cache_options:
    capacity : 8388608
    num_shard_bits : 4
    strict_capacity_limit : 0
    high_pri_pool_ratio: 0.000
  block_cache_compressed: (nil)
  persistent_cache: (nil)
  block_size: 8192
  block_size_deviation: 10
  block_restart_interval: 16
  index_block_restart_interval: 1
  metadata_block_size: 4096
  partition_filters: 0
  use_delta_encoding: 1
  filter_policy: nullptr
  whole_key_filtering: 1
  verify_compression: 0
  read_amp_bytes_per_bit: 0
  format_version: 2
  enable_index_compression: 1
  block_align: 0
2018/11/25-04:01:59.181803 7f921af1f0        Options.write_buffer_size: 134217728
2018/11/25-04:01:59.181808 7f921af1f0  Options.max_write_buffer_number: 24
2018/11/25-04:01:59.181811 7f921af1f0        Options.compression[0]: NoCompression
2018/11/25-04:01:59.181815 7f921af1f0        Options.compression[1]: NoCompression
2018/11/25-04:01:59.181818 7f921af1f0        Options.compression[2]: LZ4
2018/11/25-04:01:59.181821 7f921af1f0        Options.compression[3]: LZ4
2018/11/25-04:01:59.181824 7f921af1f0        Options.compression[4]: LZ4
2018/11/25-04:01:59.181827 7f921af1f0        Options.compression[5]: LZ4
2018/11/25-04:01:59.181829 7f921af1f0        Options.compression[6]: LZ4
2018/11/25-04:01:59.181832 7f921af1f0                  Options.bottommost_compression: Disabled
2018/11/25-04:01:59.181835 7f921af1f0       Options.prefix_extractor: nullptr
2018/11/25-04:01:59.181838 7f921af1f0   Options.memtable_insert_with_hint_prefix_extractor: nullptr
2018/11/25-04:01:59.181841 7f921af1f0             Options.num_levels: 7
2018/11/25-04:01:59.181844 7f921af1f0        Options.min_write_buffer_number_to_merge: 2
2018/11/25-04:01:59.181847 7f921af1f0     Options.max_write_buffer_number_to_maintain: 0
2018/11/25-04:01:59.181850 7f921af1f0            Options.compression_opts.window_bits: -14
2018/11/25-04:01:59.181853 7f921af1f0                  Options.compression_opts.level: -1
2018/11/25-04:01:59.181856 7f921af1f0               Options.compression_opts.strategy: 0
2018/11/25-04:01:59.181858 7f921af1f0         Options.compression_opts.max_dict_bytes: 0
2018/11/25-04:01:59.181861 7f921af1f0         Options.compression_opts.zstd_max_train_bytes: 0
2018/11/25-04:01:59.181864 7f921af1f0      Options.level0_file_num_compaction_trigger: 2
2018/11/25-04:01:59.181867 7f921af1f0          Options.level0_slowdown_writes_trigger: 20
2018/11/25-04:01:59.181870 7f921af1f0              Options.level0_stop_writes_trigger: 36
2018/11/25-04:01:59.181873 7f921af1f0                   Options.target_file_size_base: 67108864
2018/11/25-04:01:59.181876 7f921af1f0             Options.target_file_size_multiplier: 1
2018/11/25-04:01:59.181878 7f921af1f0                Options.max_bytes_for_level_base: 536870912
2018/11/25-04:01:59.181882 7f921af1f0 Options.level_compaction_dynamic_level_bytes: 0
2018/11/25-04:01:59.181885 7f921af1f0          Options.max_bytes_for_level_multiplier: 10.000000
2018/11/25-04:01:59.181891 7f921af1f0 Options.max_bytes_for_level_multiplier_addtl[0]: 1
2018/11/25-04:01:59.181894 7f921af1f0 Options.max_bytes_for_level_multiplier_addtl[1]: 1
2018/11/25-04:01:59.181897 7f921af1f0 Options.max_bytes_for_level_multiplier_addtl[2]: 1
2018/11/25-04:01:59.181900 7f921af1f0 Options.max_bytes_for_level_multiplier_addtl[3]: 1
2018/11/25-04:01:59.181903 7f921af1f0 Options.max_bytes_for_level_multiplier_addtl[4]: 1
2018/11/25-04:01:59.181906 7f921af1f0 Options.max_bytes_for_level_multiplier_addtl[5]: 1
2018/11/25-04:01:59.181908 7f921af1f0 Options.max_bytes_for_level_multiplier_addtl[6]: 1
2018/11/25-04:01:59.181911 7f921af1f0       Options.max_sequential_skip_in_iterations: 8
2018/11/25-04:01:59.181914 7f921af1f0                    Options.max_compaction_bytes: 1677721600
2018/11/25-04:01:59.181916 7f921af1f0                        Options.arena_block_size: 16777216
2018/11/25-04:01:59.181919 7f921af1f0   Options.soft_pending_compaction_bytes_limit: 68719476736
2018/11/25-04:01:59.181922 7f921af1f0   Options.hard_pending_compaction_bytes_limit: 274877906944
2018/11/25-04:01:59.181939 7f921af1f0       Options.rate_limit_delay_max_milliseconds: 100
2018/11/25-04:01:59.181944 7f921af1f0                Options.disable_auto_compactions: 0
2018/11/25-04:01:59.181948 7f921af1f0                        Options.compaction_style: kCompactionStyleLevel
2018/11/25-04:01:59.181954 7f921af1f0                          Options.compaction_pri: kByCompensatedSize
2018/11/25-04:01:59.181957 7f921af1f0 Options.compaction_options_universal.size_ratio: 1
2018/11/25-04:01:59.181960 7f921af1f0 Options.compaction_options_universal.min_merge_width: 2
2018/11/25-04:01:59.181962 7f921af1f0 Options.compaction_options_universal.max_merge_width: 4294967295
2018/11/25-04:01:59.181965 7f921af1f0 Options.compaction_options_universal.max_size_amplification_percent: 200
2018/11/25-04:01:59.181968 7f921af1f0 Options.compaction_options_universal.compression_size_percent: -1
2018/11/25-04:01:59.181972 7f921af1f0 Options.compaction_options_universal.stop_style: kCompactionStopStyleTotalSize
2018/11/25-04:01:59.181975 7f921af1f0 Options.compaction_options_fifo.max_table_files_size: 1073741824
2018/11/25-04:01:59.181978 7f921af1f0 Options.compaction_options_fifo.allow_compaction: 0
2018/11/25-04:01:59.181981 7f921af1f0 Options.compaction_options_fifo.ttl: 0
2018/11/25-04:01:59.181984 7f921af1f0                   Options.table_properties_collectors: 
2018/11/25-04:01:59.181987 7f921af1f0                   Options.inplace_update_support: 0
2018/11/25-04:01:59.181990 7f921af1f0                 Options.inplace_update_num_locks: 10000
2018/11/25-04:01:59.181992 7f921af1f0               Options.memtable_prefix_bloom_size_ratio: 0.000000
2018/11/25-04:01:59.181996 7f921af1f0   Options.memtable_huge_page_size: 0
2018/11/25-04:01:59.181999 7f921af1f0                           Options.bloom_locality: 0
2018/11/25-04:01:59.182002 7f921af1f0                    Options.max_successive_merges: 0
2018/11/25-04:01:59.182004 7f921af1f0                Options.optimize_filters_for_hits: 0
2018/11/25-04:01:59.182007 7f921af1f0                Options.paranoid_file_checks: 0
2018/11/25-04:01:59.182010 7f921af1f0                Options.force_consistency_checks: 0
2018/11/25-04:01:59.182013 7f921af1f0                Options.report_bg_io_stats: 0
2018/11/25-04:01:59.182015 7f921af1f0                               Options.ttl: 0
2018/11/25-04:01:59.182697 7f921af1f0 [db/column_family.cc:475] --------------- Options for column family [usertable]:
2018/11/25-04:01:59.182709 7f921af1f0               Options.comparator: leveldb.BytewiseComparator
2018/11/25-04:01:59.182712 7f921af1f0           Options.merge_operator: None
2018/11/25-04:01:59.182715 7f921af1f0        Options.compaction_filter: None
2018/11/25-04:01:59.182718 7f921af1f0        Options.compaction_filter_factory: None
2018/11/25-04:01:59.182721 7f921af1f0         Options.memtable_factory: SkipListFactory
2018/11/25-04:01:59.182724 7f921af1f0            Options.table_factory: BlockBasedTable
2018/11/25-04:01:59.182795 7f921af1f0            table_factory options:   flush_block_policy_factory: FlushBlockBySizePolicyFactory (0x7f4439c5e0)
  cache_index_and_filter_blocks: 0
  cache_index_and_filter_blocks_with_high_priority: 0
  pin_l0_filter_and_index_blocks_in_cache: 0
  index_type: 0
  hash_index_allow_collision: 1
  checksum: 1
  no_block_cache: 0
  block_cache: 0x7f443a3c60
  block_cache_name: LRUCache
  block_cache_options:
    capacity : 8388608
    num_shard_bits : 4
    strict_capacity_limit : 0
    high_pri_pool_ratio: 0.000
  block_cache_compressed: (nil)
  persistent_cache: (nil)
  block_size: 8192
  block_size_deviation: 10
  block_restart_interval: 16
  index_block_restart_interval: 1
  metadata_block_size: 4096
  partition_filters: 0
  use_delta_encoding: 1
  filter_policy: nullptr
  whole_key_filtering: 1
  verify_compression: 0
  read_amp_bytes_per_bit: 0
  format_version: 2
  enable_index_compression: 1
  block_align: 0
2018/11/25-04:01:59.182801 7f921af1f0        Options.write_buffer_size: 134217728
2018/11/25-04:01:59.182804 7f921af1f0  Options.max_write_buffer_number: 24
2018/11/25-04:01:59.182832 7f921af1f0        Options.compression[0]: NoCompression
2018/11/25-04:01:59.182837 7f921af1f0        Options.compression[1]: NoCompression
2018/11/25-04:01:59.182840 7f921af1f0        Options.compression[2]: LZ4
2018/11/25-04:01:59.182843 7f921af1f0        Options.compression[3]: LZ4
2018/11/25-04:01:59.182845 7f921af1f0        Options.compression[4]: LZ4
2018/11/25-04:01:59.182848 7f921af1f0        Options.compression[5]: LZ4
2018/11/25-04:01:59.182851 7f921af1f0        Options.compression[6]: LZ4
2018/11/25-04:01:59.182854 7f921af1f0                  Options.bottommost_compression: Disabled
2018/11/25-04:01:59.182856 7f921af1f0       Options.prefix_extractor: nullptr
2018/11/25-04:01:59.182859 7f921af1f0   Options.memtable_insert_with_hint_prefix_extractor: nullptr
2018/11/25-04:01:59.182862 7f921af1f0             Options.num_levels: 7
2018/11/25-04:01:59.182865 7f921af1f0        Options.min_write_buffer_number_to_merge: 2
2018/11/25-04:01:59.182868 7f921af1f0     Options.max_write_buffer_number_to_maintain: 0
2018/11/25-04:01:59.182871 7f921af1f0            Options.compression_opts.window_bits: -14
2018/11/25-04:01:59.182873 7f921af1f0                  Options.compression_opts.level: -1
2018/11/25-04:01:59.182876 7f921af1f0               Options.compression_opts.strategy: 0
2018/11/25-04:01:59.182879 7f921af1f0         Options.compression_opts.max_dict_bytes: 0
2018/11/25-04:01:59.182881 7f921af1f0         Options.compression_opts.zstd_max_train_bytes: 0
2018/11/25-04:01:59.182884 7f921af1f0      Options.level0_file_num_compaction_trigger: 2
2018/11/25-04:01:59.182887 7f921af1f0          Options.level0_slowdown_writes_trigger: 20
2018/11/25-04:01:59.182889 7f921af1f0              Options.level0_stop_writes_trigger: 36
2018/11/25-04:01:59.182892 7f921af1f0                   Options.target_file_size_base: 67108864
2018/11/25-04:01:59.182895 7f921af1f0             Options.target_file_size_multiplier: 1
2018/11/25-04:01:59.182898 7f921af1f0                Options.max_bytes_for_level_base: 536870912
2018/11/25-04:01:59.182900 7f921af1f0 Options.level_compaction_dynamic_level_bytes: 0
2018/11/25-04:01:59.182903 7f921af1f0          Options.max_bytes_for_level_multiplier: 10.000000
2018/11/25-04:01:59.182908 7f921af1f0 Options.max_bytes_for_level_multiplier_addtl[0]: 1
2018/11/25-04:01:59.182911 7f921af1f0 Options.max_bytes_for_level_multiplier_addtl[1]: 1
2018/11/25-04:01:59.182914 7f921af1f0 Options.max_bytes_for_level_multiplier_addtl[2]: 1
2018/11/25-04:01:59.182917 7f921af1f0 Options.max_bytes_for_level_multiplier_addtl[3]: 1
2018/11/25-04:01:59.182919 7f921af1f0 Options.max_bytes_for_level_multiplier_addtl[4]: 1
2018/11/25-04:01:59.182922 7f921af1f0 Options.max_bytes_for_level_multiplier_addtl[5]: 1
2018/11/25-04:01:59.182925 7f921af1f0 Options.max_bytes_for_level_multiplier_addtl[6]: 1
2018/11/25-04:01:59.182928 7f921af1f0       Options.max_sequential_skip_in_iterations: 8
2018/11/25-04:01:59.182930 7f921af1f0                    Options.max_compaction_bytes: 1677721600
2018/11/25-04:01:59.182933 7f921af1f0                        Options.arena_block_size: 16777216
2018/11/25-04:01:59.182936 7f921af1f0   Options.soft_pending_compaction_bytes_limit: 68719476736
2018/11/25-04:01:59.182938 7f921af1f0   Options.hard_pending_compaction_bytes_limit: 274877906944
2018/11/25-04:01:59.182941 7f921af1f0       Options.rate_limit_delay_max_milliseconds: 100
2018/11/25-04:01:59.182944 7f921af1f0                Options.disable_auto_compactions: 0
2018/11/25-04:01:59.182947 7f921af1f0                        Options.compaction_style: kCompactionStyleLevel
2018/11/25-04:01:59.182951 7f921af1f0                          Options.compaction_pri: kByCompensatedSize
2018/11/25-04:01:59.182954 7f921af1f0 Options.compaction_options_universal.size_ratio: 1
2018/11/25-04:01:59.182957 7f921af1f0 Options.compaction_options_universal.min_merge_width: 2
2018/11/25-04:01:59.182960 7f921af1f0 Options.compaction_options_universal.max_merge_width: 4294967295
2018/11/25-04:01:59.182976 7f921af1f0 Options.compaction_options_universal.max_size_amplification_percent: 200
2018/11/25-04:01:59.182981 7f921af1f0 Options.compaction_options_universal.compression_size_percent: -1
2018/11/25-04:01:59.182985 7f921af1f0 Options.compaction_options_universal.stop_style: kCompactionStopStyleTotalSize
2018/11/25-04:01:59.182988 7f921af1f0 Options.compaction_options_fifo.max_table_files_size: 1073741824
2018/11/25-04:01:59.182991 7f921af1f0 Options.compaction_options_fifo.allow_compaction: 0
2018/11/25-04:01:59.182993 7f921af1f0 Options.compaction_options_fifo.ttl: 0
2018/11/25-04:01:59.182996 7f921af1f0                   Options.table_properties_collectors: 
2018/11/25-04:01:59.182999 7f921af1f0                   Options.inplace_update_support: 0
2018/11/25-04:01:59.183002 7f921af1f0                 Options.inplace_update_num_locks: 10000
2018/11/25-04:01:59.183004 7f921af1f0               Options.memtable_prefix_bloom_size_ratio: 0.000000
2018/11/25-04:01:59.183008 7f921af1f0   Options.memtable_huge_page_size: 0
2018/11/25-04:01:59.183011 7f921af1f0                           Options.bloom_locality: 0
2018/11/25-04:01:59.183014 7f921af1f0                    Options.max_successive_merges: 0
2018/11/25-04:01:59.183016 7f921af1f0                Options.optimize_filters_for_hits: 0
2018/11/25-04:01:59.183019 7f921af1f0                Options.paranoid_file_checks: 0
2018/11/25-04:01:59.183021 7f921af1f0                Options.force_consistency_checks: 0
2018/11/25-04:01:59.183024 7f921af1f0                Options.report_bg_io_stats: 0
2018/11/25-04:01:59.183027 7f921af1f0                               Options.ttl: 0
2018/11/25-04:01:59.672907 7f921af1f0 [db/version_set.cc:3361] Recovered from manifest file:/mnt/sda/ycsb-rocksdb-data/MANIFEST-000004 succeeded,manifest_file_number is 4, next_file_number is 1222, last_sequence is 10426698, log_number is 0,prev_log_number is 0,max_column_family is 1,min_log_number_to_keep is 0
2018/11/25-04:01:59.672937 7f921af1f0 [db/version_set.cc:3369] Column family [default] (ID 0), log number is 0
2018/11/25-04:01:59.672942 7f921af1f0 [db/version_set.cc:3369] Column family [usertable] (ID 1), log number is 1219
2018/11/25-04:01:59.677084 7f921af1f0 EVENT_LOG_v1 {"time_micros": 1543118519677051, "job": 1, "event": "recovery_started", "log_files": [1219, 1224]}
2018/11/25-04:01:59.677120 7f921af1f0 [db/db_impl_open.cc:551] Recovering log #1219 mode 2
2018/11/25-04:02:00.269194 7f921af1f0 [db/db_impl_open.cc:551] Recovering log #1224 mode 2
2018/11/25-04:02:00.964248 7f921af1f0 EVENT_LOG_v1 {"time_micros": 1543118520964193, "cf_name": "usertable", "job": 1, "event": "table_file_creation", "file_number": 1225, "file_size": 129935455, "table_properties": {"data_size": 129354378, "index_size": 580155, "filter_size": 0, "raw_key_size": 752952, "raw_average_key_size": 24, "raw_value_size": 128503808, "raw_average_value_size": 4096, "num_data_blocks": 15687, "num_entries": 31373, "filter_policy_name": "", "kDeletedKeys": "0", "kMergeOperands": "0"}}
2018/11/25-04:02:01.011111 7f921af1f0 [db/version_set.cc:2847] Creating manifest 1226
2018/11/25-04:02:01.171805 7f921af1f0 EVENT_LOG_v1 {"time_micros": 1543118521171685, "cf_name": "usertable", "job": 1, "event": "table_file_creation", "file_number": 1227, "file_size": 6962365, "table_properties": {"data_size": 6930777, "index_size": 30667, "filter_size": 0, "raw_key_size": 40344, "raw_average_key_size": 24, "raw_value_size": 6885376, "raw_average_value_size": 4096, "num_data_blocks": 841, "num_entries": 1681, "filter_policy_name": "", "kDeletedKeys": "0", "kMergeOperands": "0"}}
2018/11/25-04:02:01.204151 7f921af1f0 EVENT_LOG_v1 {"time_micros": 1543118521204133, "job": 1, "event": "recovery_finished"}
2018/11/25-04:02:01.315429 7f921af1f0 [db/db_impl_open.cc:1219] DB pointer 0x7f443cede0
2018/11/25-04:02:01.316188 7f81ffb1f0 [WARN] [db/db_impl.cc:491] ------- DUMPING STATS -------
2018/11/25-04:02:01.316272 7f81ffb1f0 [WARN] [db/db_impl.cc:492] 
** DB Stats **
Uptime(secs): 2.1 total, 2.1 interval
Cumulative writes: 0 writes, 0 keys, 0 commit groups, 0.0 writes per commit group, ingest: 0.00 GB, 0.00 MB/s
Cumulative WAL: 0 writes, 0 syncs, 0.00 writes per sync, written: 0.00 GB, 0.00 MB/s
Cumulative stall: 00:00:0.000 H:M:S, 0.0 percent
Interval writes: 0 writes, 0 keys, 0 commit groups, 0.0 writes per commit group, ingest: 0.00 MB, 0.00 MB/s
Interval WAL: 0 writes, 0 syncs, 0.00 writes per sync, written: 0.00 MB, 0.00 MB/s
Interval stall: 00:00:0.000 H:M:S, 0.0 percent

** Compaction Stats [default] **
Level    Files   Size     Score Read(GB)  Rn(GB) Rnp1(GB) Write(GB) Wnew(GB) Moved(GB) W-Amp Rd(MB/s) Wr(MB/s) Comp(sec) Comp(cnt) Avg(sec) KeyIn KeyDrop
----------------------------------------------------------------------------------------------------------------------------------------------------------
 Sum      0/0    0.00 KB   0.0      0.0     0.0      0.0       0.0      0.0       0.0   0.0      0.0      0.0         0         0    0.000       0      0
 Int      0/0    0.00 KB   0.0      0.0     0.0      0.0       0.0      0.0       0.0   0.0      0.0      0.0         0         0    0.000       0      0
Uptime(secs): 2.1 total, 2.1 interval
Flush(GB): cumulative 0.000, interval 0.000
AddFile(GB): cumulative 0.000, interval 0.000
AddFile(Total Files): cumulative 0, interval 0
AddFile(L0 Files): cumulative 0, interval 0
AddFile(Keys): cumulative 0, interval 0
Cumulative compaction: 0.00 GB write, 0.00 MB/s write, 0.00 GB read, 0.00 MB/s read, 0.0 seconds
Interval compaction: 0.00 GB write, 0.00 MB/s write, 0.00 GB read, 0.00 MB/s read, 0.0 seconds
Stalls(count): 0 level0_slowdown, 0 level0_slowdown_with_compaction, 0 level0_numfiles, 0 level0_numfiles_with_compaction, 0 stop for pending_compaction_bytes, 0 slowdown for pending_compaction_bytes, 0 memtable_compaction, 0 memtable_slowdown, interval 0 total count

** File Read Latency Histogram By Level [default] **

** Compaction Stats [usertable] **
Level    Files   Size     Score Read(GB)  Rn(GB) Rnp1(GB) Write(GB) Wnew(GB) Moved(GB) W-Amp Rd(MB/s) Wr(MB/s) Comp(sec) Comp(cnt) Avg(sec) KeyIn KeyDrop
----------------------------------------------------------------------------------------------------------------------------------------------------------
  L0      3/0   367.51 MB   1.5      0.0     0.0      0.0       0.1      0.1       0.0   1.0      0.0    167.9         1         2    0.389       0      0
  L1      9/0   725.46 MB   1.4      0.0     0.0      0.0       0.0      0.0       0.0   0.0      0.0      0.0         0         0    0.000       0      0
  L2    114/0    4.98 GB   1.0      0.0     0.0      0.0       0.0      0.0       0.0   0.0      0.0      0.0         0         0    0.000       0      0
  L3    550/0   34.13 GB   0.7      0.0     0.0      0.0       0.0      0.0       0.0   0.0      0.0      0.0         0         0    0.000       0      0
 Sum    676/0   40.18 GB   0.0      0.0     0.0      0.0       0.1      0.1       0.0   1.0      0.0    167.9         1         2    0.389       0      0
 Int      0/0    0.00 KB   0.0      0.0     0.0      0.0       0.1      0.1       0.0   1.0      0.0    167.9         1         2    0.389       0      0
Uptime(secs): 2.1 total, 2.1 interval
Flush(GB): cumulative 0.127, interval 0.127
AddFile(GB): cumulative 0.000, interval 0.000
AddFile(Total Files): cumulative 0, interval 0
AddFile(L0 Files): cumulative 0, interval 0
AddFile(Keys): cumulative 0, interval 0
Cumulative compaction: 0.13 GB write, 61.20 MB/s write, 0.00 GB read, 0.00 MB/s read, 0.8 seconds
Interval compaction: 0.13 GB write, 61.20 MB/s write, 0.00 GB read, 0.00 MB/s read, 0.8 seconds
Stalls(count): 0 level0_slowdown, 0 level0_slowdown_with_compaction, 0 level0_numfiles, 0 level0_numfiles_with_compaction, 0 stop for pending_compaction_bytes, 0 slowdown for pending_compaction_bytes, 0 memtable_compaction, 0 memtable_slowdown, interval 0 total count

** File Read Latency Histogram By Level [usertable] **

** Compaction Stats [default] **
Level    Files   Size     Score Read(GB)  Rn(GB) Rnp1(GB) Write(GB) Wnew(GB) Moved(GB) W-Amp Rd(MB/s) Wr(MB/s) Comp(sec) Comp(cnt) Avg(sec) KeyIn KeyDrop
----------------------------------------------------------------------------------------------------------------------------------------------------------
 Sum      0/0    0.00 KB   0.0      0.0     0.0      0.0       0.0      0.0       0.0   0.0      0.0      0.0         0         0    0.000       0      0
 Int      0/0    0.00 KB   0.0      0.0     0.0      0.0       0.0      0.0       0.0   0.0      0.0      0.0         0         0    0.000       0      0
Uptime(secs): 2.1 total, 0.0 interval
Flush(GB): cumulative 0.000, interval 0.000
AddFile(GB): cumulative 0.000, interval 0.000
AddFile(Total Files): cumulative 0, interval 0
AddFile(L0 Files): cumulative 0, interval 0
AddFile(Keys): cumulative 0, interval 0
Cumulative compaction: 0.00 GB write, 0.00 MB/s write, 0.00 GB read, 0.00 MB/s read, 0.0 seconds
Interval compaction: 0.00 GB write, 0.00 MB/s write, 0.00 GB read, 0.00 MB/s read, 0.0 seconds
Stalls(count): 0 level0_slowdown, 0 level0_slowdown_with_compaction, 0 level0_numfiles, 0 level0_numfiles_with_compaction, 0 stop for pending_compaction_bytes, 0 slowdown for pending_compaction_bytes, 0 memtable_compaction, 0 memtable_slowdown, interval 0 total count

** File Read Latency Histogram By Level [default] **

** Compaction Stats [usertable] **
Level    Files   Size     Score Read(GB)  Rn(GB) Rnp1(GB) Write(GB) Wnew(GB) Moved(GB) W-Amp Rd(MB/s) Wr(MB/s) Comp(sec) Comp(cnt) Avg(sec) KeyIn KeyDrop
----------------------------------------------------------------------------------------------------------------------------------------------------------
  L0      3/0   367.51 MB   1.5      0.0     0.0      0.0       0.1      0.1       0.0   1.0      0.0    167.9         1         2    0.389       0      0
  L1      9/0   725.46 MB   1.4      0.0     0.0      0.0       0.0      0.0       0.0   0.0      0.0      0.0         0         0    0.000       0      0
  L2    114/0    4.98 GB   1.0      0.0     0.0      0.0       0.0      0.0       0.0   0.0      0.0      0.0         0         0    0.000       0      0
  L3    550/0   34.13 GB   0.7      0.0     0.0      0.0       0.0      0.0       0.0   0.0      0.0      0.0         0         0    0.000       0      0
 Sum    676/0   40.18 GB   0.0      0.0     0.0      0.0       0.1      0.1       0.0   1.0      0.0    167.9         1         2    0.389       0      0
 Int      0/0    0.00 KB   0.0      0.0     0.0      0.0       0.0      0.0       0.0   0.0      0.0      0.0         0         0    0.000       0      0
Uptime(secs): 2.1 total, 0.0 interval
Flush(GB): cumulative 0.127, interval 0.000
AddFile(GB): cumulative 0.000, interval 0.000
AddFile(Total Files): cumulative 0, interval 0
AddFile(L0 Files): cumulative 0, interval 0
AddFile(Keys): cumulative 0, interval 0
Cumulative compaction: 0.13 GB write, 61.19 MB/s write, 0.00 GB read, 0.00 MB/s read, 0.8 seconds
Interval compaction: 0.00 GB write, 0.00 MB/s write, 0.00 GB read, 0.00 MB/s read, 0.0 seconds
Stalls(count): 0 level0_slowdown, 0 level0_slowdown_with_compaction, 0 level0_numfiles, 0 level0_numfiles_with_compaction, 0 stop for pending_compaction_bytes, 0 slowdown for pending_compaction_bytes, 0 memtable_compaction, 0 memtable_slowdown, interval 0 total count

** File Read Latency Histogram By Level [usertable] **
2018/11/25-04:02:01.348551 7f81ffb1f0 (Original Log Time 2018/11/25-04:02:01.316566) [db/db_impl_compaction_flush.cc:1835] [usertable] Moving #889 to level-1 248460087 bytes
2018/11/25-04:02:01.348571 7f81ffb1f0 (Original Log Time 2018/11/25-04:02:01.348122) EVENT_LOG_v1 {"time_micros": 1543118521348090, "job": 3, "event": "trivial_move", "destination_level": 1, "files": 1, "total_files_size": 248460087}
2018/11/25-04:02:01.348582 7f81ffb1f0 (Original Log Time 2018/11/25-04:02:01.348177) [db/db_impl_compaction_flush.cc:1864] [usertable] Moved #1 files to level-1 248460087 bytes OK: base level 1 max bytes base 536870912 files[2 10 114 550 0 0 0] max score 1.88
2018/11/25-04:02:01.349810 7f81ffb1f0 [db/compaction_job.cc:1531] [usertable] [JOB 4] Compacting 1@1 files to L2, score 1.88
2018/11/25-04:02:01.349869 7f81ffb1f0 [db/compaction_job.cc:1535] [usertable] Compaction start summary: Base version 6 Base level 1, inputs: [1220(244MB)]
2018/11/25-04:02:01.349986 7f81ffb1f0 EVENT_LOG_v1 {"time_micros": 1543118521349912, "job": 4, "event": "compaction_started", "compaction_reason": "LevelMaxLevelSize", "files_L1": [1220], "score": 1.8797, "input_data_size": 256540340}
2018/11/25-04:02:03.342228 7f81ffb1f0 [db/compaction_job.cc:1211] [usertable] [JOB 4] Generated table #1231: 16279 keys, 67233552 bytes
2018/11/25-04:02:03.342321 7f81ffb1f0 EVENT_LOG_v1 {"time_micros": 1543118523342292, "cf_name": "usertable", "job": 4, "event": "table_file_creation", "file_number": 1231, "file_size": 67233552, "table_properties": {"data_size": 67120141, "index_size": 300916, "filter_size": 0, "raw_key_size": 390696, "raw_average_key_size": 24, "raw_value_size": 66678784, "raw_average_value_size": 4096, "num_data_blocks": 8140, "num_entries": 16279, "filter_policy_name": "", "kDeletedKeys": "0", "kMergeOperands": "0"}}
2018/11/25-04:02:05.084395 7f81ffb1f0 [db/compaction_job.cc:1211] [usertable] [JOB 4] Generated table #1232: 16279 keys, 67233363 bytes
2018/11/25-04:02:05.084479 7f81ffb1f0 EVENT_LOG_v1 {"time_micros": 1543118525084451, "cf_name": "usertable", "job": 4, "event": "table_file_creation", "file_number": 1232, "file_size": 67233363, "table_properties": {"data_size": 67118331, "index_size": 299107, "filter_size": 0, "raw_key_size": 390696, "raw_average_key_size": 24, "raw_value_size": 66678784, "raw_average_value_size": 4096, "num_data_blocks": 8140, "num_entries": 16279, "filter_policy_name": "", "kDeletedKeys": "0", "kMergeOperands": "0"}}
2018/11/25-04:02:06.531928 7f81ffb1f0 [db/compaction_job.cc:1211] [usertable] [JOB 4] Generated table #1233: 16279 keys, 67233534 bytes
2018/11/25-04:02:06.532105 7f81ffb1f0 EVENT_LOG_v1 {"time_micros": 1543118526532039, "cf_name": "usertable", "job": 4, "event": "table_file_creation", "file_number": 1233, "file_size": 67233534, "table_properties": {"data_size": 67120137, "index_size": 300916, "filter_size": 0, "raw_key_size": 390696, "raw_average_key_size": 24, "raw_value_size": 66678784, "raw_average_value_size": 4096, "num_data_blocks": 8140, "num_entries": 16279, "filter_policy_name": "", "kDeletedKeys": "0", "kMergeOperands": "0"}}
2018/11/25-04:02:08.214033 7f81ffb1f0 [db/compaction_job.cc:1211] [usertable] [JOB 4] Generated table #1234: 13105 keys, 54124740 bytes
2018/11/25-04:02:08.214178 7f81ffb1f0 EVENT_LOG_v1 {"time_micros": 1543118528214125, "cf_name": "usertable", "job": 4, "event": "table_file_creation", "file_number": 1234, "file_size": 54124740, "table_properties": {"data_size": 54031929, "index_size": 240740, "filter_size": 0, "raw_key_size": 314520, "raw_average_key_size": 24, "raw_value_size": 53678080, "raw_average_value_size": 4096, "num_data_blocks": 6553, "num_entries": 13105, "filter_policy_name": "", "kDeletedKeys": "0", "kMergeOperands": "0"}}
2018/11/25-04:02:08.214480 7f81ffb1f0 [db/compaction_job.cc:1287] [usertable] [JOB 4] Compacted 1@1 files to L2 => 255825189 bytes
2018/11/25-04:02:08.349184 7f81ffb1f0 (Original Log Time 2018/11/25-04:02:08.348095) [db/compaction_job.cc:685] [usertable] compacted to: base level 1 max bytes base 536870912 files[2 9 118 550 0 0 0] max score 1.40, MB/sec: 37.4 rd, 37.3 wr, level 2, files in(1, 0) out(4) MB in(244.7, 0.0) out(244.0), read-write-amplify(2.0) write-amplify(1.0) OK, records in: 61942, records dropped: 0 output_compression: LZ4
2018/11/25-04:02:08.349226 7f81ffb1f0 (Original Log Time 2018/11/25-04:02:08.348242) EVENT_LOG_v1 {"time_micros": 1543118528348160, "job": 4, "event": "compaction_finished", "compaction_time_micros": 6864236, "output_level": 2, "num_output_files": 4, "total_output_size": 255825189, "num_input_records": 61942, "num_output_records": 61942, "num_subcompactions": 1, "output_compression": "LZ4", "num_single_delete_mismatches": 0, "num_single_delete_fallthrough": 0, "lsm_state": [2, 9, 118, 550, 0, 0, 0]}
2018/11/25-04:02:08.349926 7f81ffb1f0 [db/compaction_job.cc:1531] [usertable] [JOB 5] Compacting 1@1 files to L2, score 1.40
2018/11/25-04:02:08.349997 7f81ffb1f0 [db/compaction_job.cc:1535] [usertable] Compaction start summary: Base version 7 Base level 1, inputs: [889(236MB)]
2018/11/25-04:02:08.350100 7f81ffb1f0 EVENT_LOG_v1 {"time_micros": 1543118528350052, "job": 5, "event": "compaction_started", "compaction_reason": "LevelMaxLevelSize", "files_L1": [889], "score": 1.40186, "input_data_size": 248460087}
2018/11/25-04:02:10.521215 7f81ffb1f0 [db/compaction_job.cc:1211] [usertable] [JOB 5] Generated table #1235: 16279 keys, 67233527 bytes
2018/11/25-04:02:10.521291 7f81ffb1f0 EVENT_LOG_v1 {"time_micros": 1543118530521266, "cf_name": "usertable", "job": 5, "event": "table_file_creation", "file_number": 1235, "file_size": 67233527, "table_properties": {"data_size": 67120139, "index_size": 300916, "filter_size": 0, "raw_key_size": 390696, "raw_average_key_size": 24, "raw_value_size": 66678784, "raw_average_value_size": 4096, "num_data_blocks": 8140, "num_entries": 16279, "filter_policy_name": "", "kDeletedKeys": "0", "kMergeOperands": "0"}}
2018/11/25-04:02:12.213311 7f81ffb1f0 [db/compaction_job.cc:1211] [usertable] [JOB 5] Generated table #1236: 16279 keys, 67233371 bytes
2018/11/25-04:02:12.213384 7f81ffb1f0 EVENT_LOG_v1 {"time_micros": 1543118532213359, "cf_name": "usertable", "job": 5, "event": "table_file_creation", "file_number": 1236, "file_size": 67233371, "table_properties": {"data_size": 67118331, "index_size": 299106, "filter_size": 0, "raw_key_size": 390696, "raw_average_key_size": 24, "raw_value_size": 66678784, "raw_average_value_size": 4096, "num_data_blocks": 8140, "num_entries": 16279, "filter_policy_name": "", "kDeletedKeys": "0", "kMergeOperands": "0"}}
2018/11/25-04:02:13.880725 7f81ffb1f0 [db/compaction_job.cc:1211] [usertable] [JOB 5] Generated table #1237: 16279 keys, 67233559 bytes
2018/11/25-04:02:13.880852 7f81ffb1f0 EVENT_LOG_v1 {"time_micros": 1543118533880821, "cf_name": "usertable", "job": 5, "event": "table_file_creation", "file_number": 1237, "file_size": 67233559, "table_properties": {"data_size": 67120139, "index_size": 300916, "filter_size": 0, "raw_key_size": 390696, "raw_average_key_size": 24, "raw_value_size": 66678784, "raw_average_value_size": 4096, "num_data_blocks": 8140, "num_entries": 16279, "filter_policy_name": "", "kDeletedKeys": "0", "kMergeOperands": "0"}}
2018/11/25-04:02:15.187598 7f81ffb1f0 [db/compaction_job.cc:1211] [usertable] [JOB 5] Generated table #1238: 11154 keys, 46067055 bytes
2018/11/25-04:02:15.187684 7f81ffb1f0 EVENT_LOG_v1 {"time_micros": 1543118535187658, "cf_name": "usertable", "job": 5, "event": "table_file_creation", "file_number": 1238, "file_size": 46067055, "table_properties": {"data_size": 45987942, "index_size": 204846, "filter_size": 0, "raw_key_size": 267696, "raw_average_key_size": 24, "raw_value_size": 45686784, "raw_average_value_size": 4096, "num_data_blocks": 5577, "num_entries": 11154, "filter_policy_name": "", "kDeletedKeys": "0", "kMergeOperands": "0"}}
