2018/11/15-12:55:16.907073 7fd0cd8ee700 RocksDB version: 5.14.3
2018/11/15-12:55:16.907155 7fd0cd8ee700 Git sha rocksdb_build_git_sha:
2018/11/15-12:55:16.907157 7fd0cd8ee700 Compile date Oct 15 2018
2018/11/15-12:55:16.907167 7fd0cd8ee700 DB SUMMARY
2018/11/15-12:55:16.907820 7fd0cd8ee700 CURRENT file:  CURRENT
2018/11/15-12:55:16.907824 7fd0cd8ee700 IDENTITY file:  IDENTITY
2018/11/15-12:55:16.907834 7fd0cd8ee700 MANIFEST file:  MANIFEST-000004 size: 11017 Bytes
2018/11/15-12:55:16.907837 7fd0cd8ee700 SST files in /mnt/sdb/ycsb-rocksdb-data dir, Total Num: 66, files: 000014.sst 000020.sst 000026.sst 000061.sst 000062.sst 000063.sst 000064.sst 000065.sst 000068.sst 
2018/11/15-12:55:16.907848 7fd0cd8ee700 Write Ahead Log file in /mnt/sdb/ycsb-rocksdb-data: 000227.log size: 129412695 ; 000229.log size: 127309251 ; 000230.log size: 129401186 ; 000232.log size: 127328899 ; 000255.log size: 129435137 ; 000258.log size: 129435473 ; 000262.log size: 128982998 ; 000264.log size: 127316503 ; 000270.log size: 128336390 ; 000272.log size: 129417972 ; 000277.log size: 119509905 ; 000279.log size: 119731286 ; 000285.log size: 127262064 ; 000287.log size: 113783814 ; 000288.log size: 119505705 ; 000292.log size: 127304904 ; 000297.log size: 119763622 ; 000299.log size: 126628164 ; 000309.log size: 25355028 ; 
2018/11/15-12:55:16.907856 7fd0cd8ee700                         Options.error_if_exists: 0
2018/11/15-12:55:16.907858 7fd0cd8ee700                       Options.create_if_missing: 1
2018/11/15-12:55:16.907859 7fd0cd8ee700                         Options.paranoid_checks: 1
2018/11/15-12:55:16.907859 7fd0cd8ee700                                     Options.env: 0x7fd0ccdc63e0
2018/11/15-12:55:16.907860 7fd0cd8ee700                                Options.info_log: 0x7fd0303c1cd0
2018/11/15-12:55:16.907861 7fd0cd8ee700                Options.max_file_opening_threads: 16
2018/11/15-12:55:16.907862 7fd0cd8ee700                              Options.statistics: (nil)
2018/11/15-12:55:16.907863 7fd0cd8ee700                               Options.use_fsync: 0
2018/11/15-12:55:16.907864 7fd0cd8ee700                       Options.max_log_file_size: 0
2018/11/15-12:55:16.907865 7fd0cd8ee700                  Options.max_manifest_file_size: 18446744073709551615
2018/11/15-12:55:16.907866 7fd0cd8ee700                   Options.log_file_time_to_roll: 0
2018/11/15-12:55:16.907867 7fd0cd8ee700                       Options.keep_log_file_num: 1000
2018/11/15-12:55:16.907868 7fd0cd8ee700                    Options.recycle_log_file_num: 0
2018/11/15-12:55:16.907869 7fd0cd8ee700                         Options.allow_fallocate: 1
2018/11/15-12:55:16.907870 7fd0cd8ee700                        Options.allow_mmap_reads: 0
2018/11/15-12:55:16.907870 7fd0cd8ee700                       Options.allow_mmap_writes: 0
2018/11/15-12:55:16.907871 7fd0cd8ee700                        Options.use_direct_reads: 0
2018/11/15-12:55:16.907872 7fd0cd8ee700                        Options.use_direct_io_for_flush_and_compaction: 0
2018/11/15-12:55:16.907873 7fd0cd8ee700          Options.create_missing_column_families: 1
2018/11/15-12:55:16.907874 7fd0cd8ee700                              Options.db_log_dir: 
2018/11/15-12:55:16.907874 7fd0cd8ee700                                 Options.wal_dir: /mnt/sdb/ycsb-rocksdb-data
2018/11/15-12:55:16.907875 7fd0cd8ee700                Options.table_cache_numshardbits: 6
2018/11/15-12:55:16.907876 7fd0cd8ee700                      Options.max_subcompactions: 4
2018/11/15-12:55:16.907877 7fd0cd8ee700                  Options.max_background_flushes: 24
2018/11/15-12:55:16.907878 7fd0cd8ee700                         Options.WAL_ttl_seconds: 0
2018/11/15-12:55:16.907879 7fd0cd8ee700                       Options.WAL_size_limit_MB: 0
2018/11/15-12:55:16.907879 7fd0cd8ee700             Options.manifest_preallocation_size: 4194304
2018/11/15-12:55:16.907880 7fd0cd8ee700                     Options.is_fd_close_on_exec: 1
2018/11/15-12:55:16.907881 7fd0cd8ee700                   Options.advise_random_on_open: 1
2018/11/15-12:55:16.907882 7fd0cd8ee700                    Options.db_write_buffer_size: 0
2018/11/15-12:55:16.907883 7fd0cd8ee700                    Options.write_buffer_manager: 0x7fd0303be960
2018/11/15-12:55:16.907898 7fd0cd8ee700         Options.access_hint_on_compaction_start: 1
2018/11/15-12:55:16.907899 7fd0cd8ee700  Options.new_table_reader_for_compaction_inputs: 0
2018/11/15-12:55:16.907900 7fd0cd8ee700           Options.random_access_max_buffer_size: 1048576
2018/11/15-12:55:16.907901 7fd0cd8ee700                      Options.use_adaptive_mutex: 0
2018/11/15-12:55:16.907902 7fd0cd8ee700                            Options.rate_limiter: (nil)
2018/11/15-12:55:16.907904 7fd0cd8ee700     Options.sst_file_manager.rate_bytes_per_sec: 0
2018/11/15-12:55:16.907905 7fd0cd8ee700                       Options.wal_recovery_mode: 2
2018/11/15-12:55:16.907906 7fd0cd8ee700                  Options.enable_thread_tracking: 0
2018/11/15-12:55:16.907906 7fd0cd8ee700                  Options.enable_pipelined_write: 1
2018/11/15-12:55:16.907907 7fd0cd8ee700         Options.allow_concurrent_memtable_write: 1
2018/11/15-12:55:16.907908 7fd0cd8ee700      Options.enable_write_thread_adaptive_yield: 1
2018/11/15-12:55:16.907909 7fd0cd8ee700             Options.write_thread_max_yield_usec: 100
2018/11/15-12:55:16.907910 7fd0cd8ee700            Options.write_thread_slow_yield_usec: 3
2018/11/15-12:55:16.907911 7fd0cd8ee700                               Options.row_cache: None
2018/11/15-12:55:16.907911 7fd0cd8ee700                              Options.wal_filter: None
2018/11/15-12:55:16.907912 7fd0cd8ee700             Options.avoid_flush_during_recovery: 0
2018/11/15-12:55:16.907913 7fd0cd8ee700             Options.allow_ingest_behind: 0
2018/11/15-12:55:16.907914 7fd0cd8ee700             Options.preserve_deletes: 0
2018/11/15-12:55:16.907915 7fd0cd8ee700             Options.two_write_queues: 0
2018/11/15-12:55:16.907916 7fd0cd8ee700             Options.manual_wal_flush: 0
2018/11/15-12:55:16.907918 7fd0cd8ee700             Options.max_background_jobs: 24
2018/11/15-12:55:16.907919 7fd0cd8ee700             Options.max_background_compactions: 24
2018/11/15-12:55:16.907920 7fd0cd8ee700             Options.avoid_flush_during_shutdown: 0
2018/11/15-12:55:16.907920 7fd0cd8ee700           Options.writable_file_max_buffer_size: 1048576
2018/11/15-12:55:16.907921 7fd0cd8ee700             Options.delayed_write_rate : 16777216
2018/11/15-12:55:16.907922 7fd0cd8ee700             Options.max_total_wal_size: 0
2018/11/15-12:55:16.907923 7fd0cd8ee700             Options.delete_obsolete_files_period_micros: 21600000000
2018/11/15-12:55:16.907924 7fd0cd8ee700                   Options.stats_dump_period_sec: 60
2018/11/15-12:55:16.907925 7fd0cd8ee700                          Options.max_open_files: -1
2018/11/15-12:55:16.907926 7fd0cd8ee700                          Options.bytes_per_sync: 1048576
2018/11/15-12:55:16.907927 7fd0cd8ee700                      Options.wal_bytes_per_sync: 0
2018/11/15-12:55:16.907928 7fd0cd8ee700       Options.compaction_readahead_size: 0
2018/11/15-12:55:16.907929 7fd0cd8ee700 Compression algorithms supported:
2018/11/15-12:55:16.907930 7fd0cd8ee700 	kZSTDNotFinalCompression supported: 1
2018/11/15-12:55:16.907938 7fd0cd8ee700 	kZSTD supported: 1
2018/11/15-12:55:16.907939 7fd0cd8ee700 	kXpressCompression supported: 0
2018/11/15-12:55:16.907941 7fd0cd8ee700 	kLZ4HCCompression supported: 1
2018/11/15-12:55:16.907942 7fd0cd8ee700 	kLZ4Compression supported: 1
2018/11/15-12:55:16.907943 7fd0cd8ee700 	kBZip2Compression supported: 1
2018/11/15-12:55:16.907944 7fd0cd8ee700 	kZlibCompression supported: 1
2018/11/15-12:55:16.907944 7fd0cd8ee700 	kSnappyCompression supported: 1
2018/11/15-12:55:16.907949 7fd0cd8ee700 Fast CRC32 supported: Supported on x86
2018/11/15-12:55:16.908411 7fd0cd8ee700 [db/version_set.cc:3085] Recovering from manifest file: MANIFEST-000004
2018/11/15-12:55:16.908503 7fd0cd8ee700 [db/column_family.cc:475] --------------- Options for column family [default]:
2018/11/15-12:55:16.908506 7fd0cd8ee700               Options.comparator: leveldb.BytewiseComparator
2018/11/15-12:55:16.908507 7fd0cd8ee700           Options.merge_operator: None
2018/11/15-12:55:16.908518 7fd0cd8ee700        Options.compaction_filter: None
2018/11/15-12:55:16.908520 7fd0cd8ee700        Options.compaction_filter_factory: None
2018/11/15-12:55:16.908521 7fd0cd8ee700         Options.memtable_factory: SkipListFactory
2018/11/15-12:55:16.908522 7fd0cd8ee700            Options.table_factory: BlockBasedTable
2018/11/15-12:55:16.908549 7fd0cd8ee700            table_factory options:   flush_block_policy_factory: FlushBlockBySizePolicyFactory (0x7fd030382d00)
  cache_index_and_filter_blocks: 0
  cache_index_and_filter_blocks_with_high_priority: 0
  pin_l0_filter_and_index_blocks_in_cache: 0
  index_type: 0
  hash_index_allow_collision: 1
  checksum: 1
  no_block_cache: 0
  block_cache: 0x7fd03038bf30
  block_cache_name: LRUCache
  block_cache_options:
    capacity : 8388608
    num_shard_bits : 4
    strict_capacity_limit : 0
    high_pri_pool_ratio: 0.000
  block_cache_compressed: (nil)
  persistent_cache: (nil)
  block_size: 8192
  block_size_deviation: 10
  block_restart_interval: 16
  index_block_restart_interval: 1
  metadata_block_size: 4096
  partition_filters: 0
  use_delta_encoding: 1
  filter_policy: nullptr
  whole_key_filtering: 1
  verify_compression: 0
  read_amp_bytes_per_bit: 0
  format_version: 2
  enable_index_compression: 1
  block_align: 0
2018/11/15-12:55:16.908552 7fd0cd8ee700        Options.write_buffer_size: 134217728
2018/11/15-12:55:16.908552 7fd0cd8ee700  Options.max_write_buffer_number: 24
2018/11/15-12:55:16.908554 7fd0cd8ee700        Options.compression[0]: NoCompression
2018/11/15-12:55:16.908555 7fd0cd8ee700        Options.compression[1]: NoCompression
2018/11/15-12:55:16.908556 7fd0cd8ee700        Options.compression[2]: LZ4
2018/11/15-12:55:16.908557 7fd0cd8ee700        Options.compression[3]: LZ4
2018/11/15-12:55:16.908558 7fd0cd8ee700        Options.compression[4]: LZ4
2018/11/15-12:55:16.908559 7fd0cd8ee700        Options.compression[5]: LZ4
2018/11/15-12:55:16.908560 7fd0cd8ee700        Options.compression[6]: LZ4
2018/11/15-12:55:16.908560 7fd0cd8ee700                  Options.bottommost_compression: Disabled
2018/11/15-12:55:16.908561 7fd0cd8ee700       Options.prefix_extractor: nullptr
2018/11/15-12:55:16.908562 7fd0cd8ee700   Options.memtable_insert_with_hint_prefix_extractor: nullptr
2018/11/15-12:55:16.908563 7fd0cd8ee700             Options.num_levels: 7
2018/11/15-12:55:16.908564 7fd0cd8ee700        Options.min_write_buffer_number_to_merge: 2
2018/11/15-12:55:16.908565 7fd0cd8ee700     Options.max_write_buffer_number_to_maintain: 0
2018/11/15-12:55:16.908566 7fd0cd8ee700            Options.compression_opts.window_bits: -14
2018/11/15-12:55:16.908567 7fd0cd8ee700                  Options.compression_opts.level: -1
2018/11/15-12:55:16.908568 7fd0cd8ee700               Options.compression_opts.strategy: 0
2018/11/15-12:55:16.908569 7fd0cd8ee700         Options.compression_opts.max_dict_bytes: 0
2018/11/15-12:55:16.908570 7fd0cd8ee700         Options.compression_opts.zstd_max_train_bytes: 0
2018/11/15-12:55:16.908570 7fd0cd8ee700      Options.level0_file_num_compaction_trigger: 2
2018/11/15-12:55:16.908571 7fd0cd8ee700          Options.level0_slowdown_writes_trigger: 20
2018/11/15-12:55:16.908572 7fd0cd8ee700              Options.level0_stop_writes_trigger: 36
2018/11/15-12:55:16.908573 7fd0cd8ee700                   Options.target_file_size_base: 67108864
2018/11/15-12:55:16.908574 7fd0cd8ee700             Options.target_file_size_multiplier: 1
2018/11/15-12:55:16.908575 7fd0cd8ee700                Options.max_bytes_for_level_base: 536870912
2018/11/15-12:55:16.908576 7fd0cd8ee700 Options.level_compaction_dynamic_level_bytes: 0
2018/11/15-12:55:16.908577 7fd0cd8ee700          Options.max_bytes_for_level_multiplier: 10.000000
2018/11/15-12:55:16.908580 7fd0cd8ee700 Options.max_bytes_for_level_multiplier_addtl[0]: 1
2018/11/15-12:55:16.908581 7fd0cd8ee700 Options.max_bytes_for_level_multiplier_addtl[1]: 1
2018/11/15-12:55:16.908582 7fd0cd8ee700 Options.max_bytes_for_level_multiplier_addtl[2]: 1
2018/11/15-12:55:16.908583 7fd0cd8ee700 Options.max_bytes_for_level_multiplier_addtl[3]: 1
2018/11/15-12:55:16.908591 7fd0cd8ee700 Options.max_bytes_for_level_multiplier_addtl[4]: 1
2018/11/15-12:55:16.908592 7fd0cd8ee700 Options.max_bytes_for_level_multiplier_addtl[5]: 1
2018/11/15-12:55:16.908593 7fd0cd8ee700 Options.max_bytes_for_level_multiplier_addtl[6]: 1
2018/11/15-12:55:16.908594 7fd0cd8ee700       Options.max_sequential_skip_in_iterations: 8
2018/11/15-12:55:16.908594 7fd0cd8ee700                    Options.max_compaction_bytes: 1677721600
2018/11/15-12:55:16.908595 7fd0cd8ee700                        Options.arena_block_size: 16777216
2018/11/15-12:55:16.908596 7fd0cd8ee700   Options.soft_pending_compaction_bytes_limit: 68719476736
2018/11/15-12:55:16.908597 7fd0cd8ee700   Options.hard_pending_compaction_bytes_limit: 274877906944
2018/11/15-12:55:16.908598 7fd0cd8ee700       Options.rate_limit_delay_max_milliseconds: 100
2018/11/15-12:55:16.908599 7fd0cd8ee700                Options.disable_auto_compactions: 0
2018/11/15-12:55:16.908601 7fd0cd8ee700                        Options.compaction_style: kCompactionStyleLevel
2018/11/15-12:55:16.908603 7fd0cd8ee700                          Options.compaction_pri: kByCompensatedSize
2018/11/15-12:55:16.908604 7fd0cd8ee700 Options.compaction_options_universal.size_ratio: 1
2018/11/15-12:55:16.908604 7fd0cd8ee700 Options.compaction_options_universal.min_merge_width: 2
2018/11/15-12:55:16.908605 7fd0cd8ee700 Options.compaction_options_universal.max_merge_width: 4294967295
2018/11/15-12:55:16.908606 7fd0cd8ee700 Options.compaction_options_universal.max_size_amplification_percent: 200
2018/11/15-12:55:16.908607 7fd0cd8ee700 Options.compaction_options_universal.compression_size_percent: -1
2018/11/15-12:55:16.908609 7fd0cd8ee700 Options.compaction_options_universal.stop_style: kCompactionStopStyleTotalSize
2018/11/15-12:55:16.908609 7fd0cd8ee700 Options.compaction_options_fifo.max_table_files_size: 1073741824
2018/11/15-12:55:16.908610 7fd0cd8ee700 Options.compaction_options_fifo.allow_compaction: 0
2018/11/15-12:55:16.908611 7fd0cd8ee700 Options.compaction_options_fifo.ttl: 0
2018/11/15-12:55:16.908612 7fd0cd8ee700                   Options.table_properties_collectors: 
2018/11/15-12:55:16.908613 7fd0cd8ee700                   Options.inplace_update_support: 0
2018/11/15-12:55:16.908614 7fd0cd8ee700                 Options.inplace_update_num_locks: 10000
2018/11/15-12:55:16.908615 7fd0cd8ee700               Options.memtable_prefix_bloom_size_ratio: 0.000000
2018/11/15-12:55:16.908617 7fd0cd8ee700   Options.memtable_huge_page_size: 0
2018/11/15-12:55:16.908618 7fd0cd8ee700                           Options.bloom_locality: 0
2018/11/15-12:55:16.908619 7fd0cd8ee700                    Options.max_successive_merges: 0
2018/11/15-12:55:16.908619 7fd0cd8ee700                Options.optimize_filters_for_hits: 0
2018/11/15-12:55:16.908620 7fd0cd8ee700                Options.paranoid_file_checks: 0
2018/11/15-12:55:16.908621 7fd0cd8ee700                Options.force_consistency_checks: 0
2018/11/15-12:55:16.908622 7fd0cd8ee700                Options.report_bg_io_stats: 0
2018/11/15-12:55:16.908623 7fd0cd8ee700                               Options.ttl: 0
2018/11/15-12:55:16.908948 7fd0cd8ee700 [db/column_family.cc:475] --------------- Options for column family [usertable]:
2018/11/15-12:55:16.908951 7fd0cd8ee700               Options.comparator: leveldb.BytewiseComparator
2018/11/15-12:55:16.908952 7fd0cd8ee700           Options.merge_operator: None
2018/11/15-12:55:16.908953 7fd0cd8ee700        Options.compaction_filter: None
2018/11/15-12:55:16.908954 7fd0cd8ee700        Options.compaction_filter_factory: None
2018/11/15-12:55:16.908955 7fd0cd8ee700         Options.memtable_factory: SkipListFactory
2018/11/15-12:55:16.908956 7fd0cd8ee700            Options.table_factory: BlockBasedTable
2018/11/15-12:55:16.908977 7fd0cd8ee700            table_factory options:   flush_block_policy_factory: FlushBlockBySizePolicyFactory (0x7fd030382ce0)
  cache_index_and_filter_blocks: 0
  cache_index_and_filter_blocks_with_high_priority: 0
  pin_l0_filter_and_index_blocks_in_cache: 0
  index_type: 0
  hash_index_allow_collision: 1
  checksum: 1
  no_block_cache: 0
  block_cache: 0x7fd030383840
  block_cache_name: LRUCache
  block_cache_options:
    capacity : 8388608
    num_shard_bits : 4
    strict_capacity_limit : 0
    high_pri_pool_ratio: 0.000
  block_cache_compressed: (nil)
  persistent_cache: (nil)
  block_size: 8192
  block_size_deviation: 10
  block_restart_interval: 16
  index_block_restart_interval: 1
  metadata_block_size: 4096
  partition_filters: 0
  use_delta_encoding: 1
  filter_policy: nullptr
  whole_key_filtering: 1
  verify_compression: 0
  read_amp_bytes_per_bit: 0
  format_version: 2
  enable_index_compression: 1
  block_align: 0
2018/11/15-12:55:16.908989 7fd0cd8ee700        Options.write_buffer_size: 134217728
2018/11/15-12:55:16.908990 7fd0cd8ee700  Options.max_write_buffer_number: 24
2018/11/15-12:55:16.908991 7fd0cd8ee700        Options.compression[0]: NoCompression
2018/11/15-12:55:16.908992 7fd0cd8ee700        Options.compression[1]: NoCompression
2018/11/15-12:55:16.908993 7fd0cd8ee700        Options.compression[2]: LZ4
2018/11/15-12:55:16.908994 7fd0cd8ee700        Options.compression[3]: LZ4
2018/11/15-12:55:16.908995 7fd0cd8ee700        Options.compression[4]: LZ4
2018/11/15-12:55:16.908995 7fd0cd8ee700        Options.compression[5]: LZ4
2018/11/15-12:55:16.908996 7fd0cd8ee700        Options.compression[6]: LZ4
2018/11/15-12:55:16.908997 7fd0cd8ee700                  Options.bottommost_compression: Disabled
2018/11/15-12:55:16.908998 7fd0cd8ee700       Options.prefix_extractor: nullptr
2018/11/15-12:55:16.908999 7fd0cd8ee700   Options.memtable_insert_with_hint_prefix_extractor: nullptr
2018/11/15-12:55:16.909000 7fd0cd8ee700             Options.num_levels: 7
2018/11/15-12:55:16.909001 7fd0cd8ee700        Options.min_write_buffer_number_to_merge: 2
2018/11/15-12:55:16.909001 7fd0cd8ee700     Options.max_write_buffer_number_to_maintain: 0
2018/11/15-12:55:16.909002 7fd0cd8ee700            Options.compression_opts.window_bits: -14
2018/11/15-12:55:16.909003 7fd0cd8ee700                  Options.compression_opts.level: -1
2018/11/15-12:55:16.909004 7fd0cd8ee700               Options.compression_opts.strategy: 0
2018/11/15-12:55:16.909005 7fd0cd8ee700         Options.compression_opts.max_dict_bytes: 0
2018/11/15-12:55:16.909006 7fd0cd8ee700         Options.compression_opts.zstd_max_train_bytes: 0
2018/11/15-12:55:16.909006 7fd0cd8ee700      Options.level0_file_num_compaction_trigger: 2
2018/11/15-12:55:16.909007 7fd0cd8ee700          Options.level0_slowdown_writes_trigger: 20
2018/11/15-12:55:16.909008 7fd0cd8ee700              Options.level0_stop_writes_trigger: 36
2018/11/15-12:55:16.909009 7fd0cd8ee700                   Options.target_file_size_base: 67108864
2018/11/15-12:55:16.909010 7fd0cd8ee700             Options.target_file_size_multiplier: 1
2018/11/15-12:55:16.909011 7fd0cd8ee700                Options.max_bytes_for_level_base: 536870912
2018/11/15-12:55:16.909011 7fd0cd8ee700 Options.level_compaction_dynamic_level_bytes: 0
2018/11/15-12:55:16.909012 7fd0cd8ee700          Options.max_bytes_for_level_multiplier: 10.000000
2018/11/15-12:55:16.909014 7fd0cd8ee700 Options.max_bytes_for_level_multiplier_addtl[0]: 1
2018/11/15-12:55:16.909015 7fd0cd8ee700 Options.max_bytes_for_level_multiplier_addtl[1]: 1
2018/11/15-12:55:16.909016 7fd0cd8ee700 Options.max_bytes_for_level_multiplier_addtl[2]: 1
2018/11/15-12:55:16.909017 7fd0cd8ee700 Options.max_bytes_for_level_multiplier_addtl[3]: 1
2018/11/15-12:55:16.909018 7fd0cd8ee700 Options.max_bytes_for_level_multiplier_addtl[4]: 1
2018/11/15-12:55:16.909019 7fd0cd8ee700 Options.max_bytes_for_level_multiplier_addtl[5]: 1
2018/11/15-12:55:16.909020 7fd0cd8ee700 Options.max_bytes_for_level_multiplier_addtl[6]: 1
2018/11/15-12:55:16.909020 7fd0cd8ee700       Options.max_sequential_skip_in_iterations: 8
2018/11/15-12:55:16.909021 7fd0cd8ee700                    Options.max_compaction_bytes: 1677721600
2018/11/15-12:55:16.909022 7fd0cd8ee700                        Options.arena_block_size: 16777216
2018/11/15-12:55:16.909028 7fd0cd8ee700   Options.soft_pending_compaction_bytes_limit: 68719476736
2018/11/15-12:55:16.909029 7fd0cd8ee700   Options.hard_pending_compaction_bytes_limit: 274877906944
2018/11/15-12:55:16.909030 7fd0cd8ee700       Options.rate_limit_delay_max_milliseconds: 100
2018/11/15-12:55:16.909031 7fd0cd8ee700                Options.disable_auto_compactions: 0
2018/11/15-12:55:16.909033 7fd0cd8ee700                        Options.compaction_style: kCompactionStyleLevel
2018/11/15-12:55:16.909034 7fd0cd8ee700                          Options.compaction_pri: kByCompensatedSize
2018/11/15-12:55:16.909034 7fd0cd8ee700 Options.compaction_options_universal.size_ratio: 1
2018/11/15-12:55:16.909035 7fd0cd8ee700 Options.compaction_options_universal.min_merge_width: 2
2018/11/15-12:55:16.909036 7fd0cd8ee700 Options.compaction_options_universal.max_merge_width: 4294967295
2018/11/15-12:55:16.909037 7fd0cd8ee700 Options.compaction_options_universal.max_size_amplification_percent: 200
2018/11/15-12:55:16.909038 7fd0cd8ee700 Options.compaction_options_universal.compression_size_percent: -1
2018/11/15-12:55:16.909039 7fd0cd8ee700 Options.compaction_options_universal.stop_style: kCompactionStopStyleTotalSize
2018/11/15-12:55:16.909040 7fd0cd8ee700 Options.compaction_options_fifo.max_table_files_size: 1073741824
2018/11/15-12:55:16.909041 7fd0cd8ee700 Options.compaction_options_fifo.allow_compaction: 0
2018/11/15-12:55:16.909041 7fd0cd8ee700 Options.compaction_options_fifo.ttl: 0
2018/11/15-12:55:16.909042 7fd0cd8ee700                   Options.table_properties_collectors: 
2018/11/15-12:55:16.909043 7fd0cd8ee700                   Options.inplace_update_support: 0
2018/11/15-12:55:16.909044 7fd0cd8ee700                 Options.inplace_update_num_locks: 10000
2018/11/15-12:55:16.909045 7fd0cd8ee700               Options.memtable_prefix_bloom_size_ratio: 0.000000
2018/11/15-12:55:16.909046 7fd0cd8ee700   Options.memtable_huge_page_size: 0
2018/11/15-12:55:16.909047 7fd0cd8ee700                           Options.bloom_locality: 0
2018/11/15-12:55:16.909048 7fd0cd8ee700                    Options.max_successive_merges: 0
2018/11/15-12:55:16.909049 7fd0cd8ee700                Options.optimize_filters_for_hits: 0
2018/11/15-12:55:16.909050 7fd0cd8ee700                Options.paranoid_file_checks: 0
2018/11/15-12:55:16.909050 7fd0cd8ee700                Options.force_consistency_checks: 0
2018/11/15-12:55:16.909051 7fd0cd8ee700                Options.report_bg_io_stats: 0
2018/11/15-12:55:16.909052 7fd0cd8ee700                               Options.ttl: 0
2018/11/15-12:55:17.071597 7fd0cd8ee700 [db/version_set.cc:3361] Recovered from manifest file:/mnt/sdb/ycsb-rocksdb-data/MANIFEST-000004 succeeded,manifest_file_number is 4, next_file_number is 310, last_sequence is 3899289, log_number is 0,prev_log_number is 0,max_column_family is 1,min_log_number_to_keep is 0
2018/11/15-12:55:17.071613 7fd0cd8ee700 [db/version_set.cc:3369] Column family [default] (ID 0), log number is 0
2018/11/15-12:55:17.071614 7fd0cd8ee700 [db/version_set.cc:3369] Column family [usertable] (ID 1), log number is 227
2018/11/15-12:55:17.071967 7fd0cd8ee700 EVENT_LOG_v1 {"time_micros": 1542315317071948, "job": 1, "event": "recovery_started", "log_files": [227, 229, 230, 232, 255, 258, 262, 264, 270, 272, 277, 279, 285, 287, 288, 292, 297, 299, 309]}
2018/11/15-12:55:17.071975 7fd0cd8ee700 [db/db_impl_open.cc:551] Recovering log #227 mode 2
2018/11/15-12:55:17.918254 7fd0cd8ee700 EVENT_LOG_v1 {"time_micros": 1542315317918232, "cf_name": "usertable", "job": 1, "event": "table_file_creation", "file_number": 310, "file_size": 129895352, "table_properties": {"data_size": 129317909, "index_size": 576521, "filter_size": 0, "raw_key_size": 752760, "raw_average_key_size": 24, "raw_value_size": 128471040, "raw_average_value_size": 4096, "num_data_blocks": 15683, "num_entries": 31365, "filter_policy_name": "", "kDeletedKeys": "0", "kMergeOperands": "0"}}
2018/11/15-12:55:17.924624 7fd0cd8ee700 [db/db_impl_open.cc:551] Recovering log #229 mode 2
2018/11/15-12:55:18.275228 7fd0cd8ee700 [db/db_impl_open.cc:551] Recovering log #230 mode 2
2018/11/15-12:55:20.371542 7fd0cd8ee700 EVENT_LOG_v1 {"time_micros": 1542315320371512, "cf_name": "usertable", "job": 1, "event": "table_file_creation", "file_number": 311, "file_size": 129910606, "table_properties": {"data_size": 129329640, "index_size": 580044, "filter_size": 0, "raw_key_size": 752808, "raw_average_key_size": 24, "raw_value_size": 128479232, "raw_average_value_size": 4096, "num_data_blocks": 15684, "num_entries": 31367, "filter_policy_name": "", "kDeletedKeys": "0", "kMergeOperands": "0"}}
2018/11/15-12:55:21.357538 7fd0cd8ee700 [db/db_impl_open.cc:551] Recovering log #232 mode 2
2018/11/15-12:55:23.023518 7fd0cd8ee700 EVENT_LOG_v1 {"time_micros": 1542315323023496, "cf_name": "usertable", "job": 1, "event": "table_file_creation", "file_number": 312, "file_size": 129899464, "table_properties": {"data_size": 129322018, "index_size": 576524, "filter_size": 0, "raw_key_size": 752784, "raw_average_key_size": 24, "raw_value_size": 128475136, "raw_average_value_size": 4096, "num_data_blocks": 15683, "num_entries": 31366, "filter_policy_name": "", "kDeletedKeys": "0", "kMergeOperands": "0"}}
2018/11/15-12:55:23.364372 7fd0cd8ee700 [db/db_impl_open.cc:551] Recovering log #255 mode 2
2018/11/15-12:55:25.888111 7fd0cd8ee700 EVENT_LOG_v1 {"time_micros": 1542315325888080, "cf_name": "usertable", "job": 1, "event": "table_file_creation", "file_number": 313, "file_size": 129899461, "table_properties": {"data_size": 129322018, "index_size": 576521, "filter_size": 0, "raw_key_size": 752784, "raw_average_key_size": 24, "raw_value_size": 128475136, "raw_average_value_size": 4096, "num_data_blocks": 15683, "num_entries": 31366, "filter_policy_name": "", "kDeletedKeys": "0", "kMergeOperands": "0"}}
2018/11/15-12:55:26.612983 7fd0cd8ee700 [db/db_impl_open.cc:551] Recovering log #258 mode 2
2018/11/15-12:55:27.369884 7fd0cd8ee700 EVENT_LOG_v1 {"time_micros": 1542315327369864, "cf_name": "usertable", "job": 1, "event": "table_file_creation", "file_number": 314, "file_size": 129920201, "table_properties": {"data_size": 129342647, "index_size": 576632, "filter_size": 0, "raw_key_size": 752904, "raw_average_key_size": 24, "raw_value_size": 128495616, "raw_average_value_size": 4096, "num_data_blocks": 15686, "num_entries": 31371, "filter_policy_name": "", "kDeletedKeys": "0", "kMergeOperands": "0"}}
2018/11/15-12:55:28.283210 7fd0cd8ee700 [db/db_impl_open.cc:551] Recovering log #262 mode 2
2018/11/15-12:55:31.186943 7fd0cd8ee700 EVENT_LOG_v1 {"time_micros": 1542315331186921, "cf_name": "usertable", "job": 1, "event": "table_file_creation", "file_number": 315, "file_size": 129906431, "table_properties": {"data_size": 129325502, "index_size": 580007, "filter_size": 0, "raw_key_size": 752784, "raw_average_key_size": 24, "raw_value_size": 128475136, "raw_average_value_size": 4096, "num_data_blocks": 15683, "num_entries": 31366, "filter_policy_name": "", "kDeletedKeys": "0", "kMergeOperands": "0"}}
2018/11/15-12:55:31.598628 7fd0cd8ee700 [db/db_impl_open.cc:551] Recovering log #264 mode 2
2018/11/15-12:55:32.422553 7fd0cd8ee700 EVENT_LOG_v1 {"time_micros": 1542315332422524, "cf_name": "usertable", "job": 1, "event": "table_file_creation", "file_number": 316, "file_size": 129927173, "table_properties": {"data_size": 129346133, "index_size": 580118, "filter_size": 0, "raw_key_size": 752904, "raw_average_key_size": 24, "raw_value_size": 128495616, "raw_average_value_size": 4096, "num_data_blocks": 15686, "num_entries": 31371, "filter_policy_name": "", "kDeletedKeys": "0", "kMergeOperands": "0"}}
2018/11/15-12:55:33.309968 7fd0cd8ee700 [db/db_impl_open.cc:551] Recovering log #270 mode 2
2018/11/15-12:55:34.858442 7fd0cd8ee700 EVENT_LOG_v1 {"time_micros": 1542315334858413, "cf_name": "usertable", "job": 1, "event": "table_file_creation", "file_number": 317, "file_size": 129895353, "table_properties": {"data_size": 129317909, "index_size": 576522, "filter_size": 0, "raw_key_size": 752760, "raw_average_key_size": 24, "raw_value_size": 128471040, "raw_average_value_size": 4096, "num_data_blocks": 15683, "num_entries": 31365, "filter_policy_name": "", "kDeletedKeys": "0", "kMergeOperands": "0"}}
2018/11/15-12:55:35.355311 7fd0cd8ee700 [db/db_impl_open.cc:551] Recovering log #272 mode 2
2018/11/15-12:55:36.847676 7fd0cd8ee700 EVENT_LOG_v1 {"time_micros": 1542315336847648, "cf_name": "usertable", "job": 1, "event": "table_file_creation", "file_number": 318, "file_size": 129906432, "table_properties": {"data_size": 129325503, "index_size": 580007, "filter_size": 0, "raw_key_size": 752784, "raw_average_key_size": 24, "raw_value_size": 128475136, "raw_average_value_size": 4096, "num_data_blocks": 15683, "num_entries": 31366, "filter_policy_name": "", "kDeletedKeys": "0", "kMergeOperands": "0"}}
2018/11/15-12:55:37.770916 7fd0cd8ee700 [db/db_impl_open.cc:551] Recovering log #277 mode 2
2018/11/15-12:55:39.477489 7fd0cd8ee700 EVENT_LOG_v1 {"time_micros": 1542315339477448, "cf_name": "usertable", "job": 1, "event": "table_file_creation", "file_number": 319, "file_size": 129906431, "table_properties": {"data_size": 129325502, "index_size": 580007, "filter_size": 0, "raw_key_size": 752784, "raw_average_key_size": 24, "raw_value_size": 128475136, "raw_average_value_size": 4096, "num_data_blocks": 15683, "num_entries": 31366, "filter_policy_name": "", "kDeletedKeys": "0", "kMergeOperands": "0"}}
2018/11/15-12:55:40.185815 7fd0cd8ee700 [db/db_impl_open.cc:551] Recovering log #279 mode 2
2018/11/15-12:55:41.949803 7fd0cd8ee700 EVENT_LOG_v1 {"time_micros": 1542315341949782, "cf_name": "usertable", "job": 1, "event": "table_file_creation", "file_number": 320, "file_size": 129914716, "table_properties": {"data_size": 129333750, "index_size": 580044, "filter_size": 0, "raw_key_size": 752832, "raw_average_key_size": 24, "raw_value_size": 128483328, "raw_average_value_size": 4096, "num_data_blocks": 15684, "num_entries": 31368, "filter_policy_name": "", "kDeletedKeys": "0", "kMergeOperands": "0"}}
2018/11/15-12:55:42.707178 7fd0cd8ee700 [db/db_impl_open.cc:551] Recovering log #285 mode 2
2018/11/15-12:55:43.747217 7fd0cd8ee700 EVENT_LOG_v1 {"time_micros": 1542315343747196, "cf_name": "usertable", "job": 1, "event": "table_file_creation", "file_number": 321, "file_size": 129902321, "table_properties": {"data_size": 129321393, "index_size": 580006, "filter_size": 0, "raw_key_size": 752760, "raw_average_key_size": 24, "raw_value_size": 128471040, "raw_average_value_size": 4096, "num_data_blocks": 15683, "num_entries": 31365, "filter_policy_name": "", "kDeletedKeys": "0", "kMergeOperands": "0"}}
2018/11/15-12:55:44.018446 7fd0cd8ee700 [db/db_impl_open.cc:551] Recovering log #287 mode 2
2018/11/15-12:55:45.532208 7fd0cd8ee700 EVENT_LOG_v1 {"time_micros": 1542315345532181, "cf_name": "usertable", "job": 1, "event": "table_file_creation", "file_number": 322, "file_size": 129895354, "table_properties": {"data_size": 129317910, "index_size": 576522, "filter_size": 0, "raw_key_size": 752760, "raw_average_key_size": 24, "raw_value_size": 128471040, "raw_average_value_size": 4096, "num_data_blocks": 15683, "num_entries": 31365, "filter_policy_name": "", "kDeletedKeys": "0", "kMergeOperands": "0"}}
2018/11/15-12:55:46.140395 7fd0cd8ee700 [db/db_impl_open.cc:551] Recovering log #288 mode 2
2018/11/15-12:55:47.575285 7fd0cd8ee700 EVENT_LOG_v1 {"time_micros": 1542315347575260, "cf_name": "usertable", "job": 1, "event": "table_file_creation", "file_number": 323, "file_size": 129902323, "table_properties": {"data_size": 129321394, "index_size": 580007, "filter_size": 0, "raw_key_size": 752760, "raw_average_key_size": 24, "raw_value_size": 128471040, "raw_average_value_size": 4096, "num_data_blocks": 15683, "num_entries": 31365, "filter_policy_name": "", "kDeletedKeys": "0", "kMergeOperands": "0"}}
2018/11/15-12:55:47.781409 7fd0cd8ee700 [db/db_impl_open.cc:551] Recovering log #292 mode 2
2018/11/15-12:55:50.129571 7fd0cd8ee700 EVENT_LOG_v1 {"time_micros": 1542315350129542, "cf_name": "usertable", "job": 1, "event": "table_file_creation", "file_number": 324, "file_size": 129895354, "table_properties": {"data_size": 129317909, "index_size": 576523, "filter_size": 0, "raw_key_size": 752760, "raw_average_key_size": 24, "raw_value_size": 128471040, "raw_average_value_size": 4096, "num_data_blocks": 15683, "num_entries": 31365, "filter_policy_name": "", "kDeletedKeys": "0", "kMergeOperands": "0"}}
2018/11/15-12:55:50.687837 7fd0cd8ee700 [db/db_impl_open.cc:551] Recovering log #297 mode 2
2018/11/15-12:55:51.499514 7fd0cd8ee700 EVENT_LOG_v1 {"time_micros": 1542315351499493, "cf_name": "usertable", "job": 1, "event": "table_file_creation", "file_number": 325, "file_size": 129902322, "table_properties": {"data_size": 129321393, "index_size": 580007, "filter_size": 0, "raw_key_size": 752760, "raw_average_key_size": 24, "raw_value_size": 128471040, "raw_average_value_size": 4096, "num_data_blocks": 15683, "num_entries": 31365, "filter_policy_name": "", "kDeletedKeys": "0", "kMergeOperands": "0"}}
2018/11/15-12:55:51.670943 7fd0cd8ee700 [db/db_impl_open.cc:551] Recovering log #299 mode 2
2018/11/15-12:55:54.840331 7fd0cd8ee700 EVENT_LOG_v1 {"time_micros": 1542315354840312, "cf_name": "usertable", "job": 1, "event": "table_file_creation", "file_number": 326, "file_size": 129916028, "table_properties": {"data_size": 129338510, "index_size": 576596, "filter_size": 0, "raw_key_size": 752880, "raw_average_key_size": 24, "raw_value_size": 128491520, "raw_average_value_size": 4096, "num_data_blocks": 15685, "num_entries": 31370, "filter_policy_name": "", "kDeletedKeys": "0", "kMergeOperands": "0"}}
2018/11/15-12:55:55.286659 7fd0cd8ee700 [db/db_impl_open.cc:551] Recovering log #309 mode 2
2018/11/15-12:55:55.479446 7fd0cd8ee700 [db/version_set.cc:2847] Creating manifest 327
2018/11/15-12:55:57.709240 7fd0cd8ee700 EVENT_LOG_v1 {"time_micros": 1542315357709219, "cf_name": "usertable", "job": 1, "event": "table_file_creation", "file_number": 328, "file_size": 86303095, "table_properties": {"data_size": 85919211, "index_size": 382962, "filter_size": 0, "raw_key_size": 500136, "raw_average_key_size": 24, "raw_value_size": 85356544, "raw_average_value_size": 4096, "num_data_blocks": 10420, "num_entries": 20839, "filter_policy_name": "", "kDeletedKeys": "0", "kMergeOperands": "0"}}
2018/11/15-12:55:57.741856 7fd0cd8ee700 EVENT_LOG_v1 {"time_micros": 1542315357741852, "job": 1, "event": "recovery_finished"}
2018/11/15-12:55:57.742038 7fd0cd8ee700 [WARN] [db/column_family.cc:799] [usertable] Stalling writes because we have 21 level-0 files rate 16777216
2018/11/15-12:55:57.950017 7fd0cd8ee700 [db/db_impl_open.cc:1219] DB pointer 0x7fd0303c0d60
2018/11/15-12:55:57.950452 7fd038ffe700 [WARN] [db/db_impl.cc:491] ------- DUMPING STATS -------
2018/11/15-12:55:57.950503 7fd038ffe700 [WARN] [db/db_impl.cc:492] 
** DB Stats **
Uptime(secs): 41.0 total, 41.0 interval
Cumulative writes: 0 writes, 0 keys, 0 commit groups, 0.0 writes per commit group, ingest: 0.00 GB, 0.00 MB/s
Cumulative WAL: 0 writes, 0 syncs, 0.00 writes per sync, written: 0.00 GB, 0.00 MB/s
Cumulative stall: 00:00:0.000 H:M:S, 0.0 percent
Interval writes: 0 writes, 0 keys, 0 commit groups, 0.0 writes per commit group, ingest: 0.00 MB, 0.00 MB/s
Interval WAL: 0 writes, 0 syncs, 0.00 writes per sync, written: 0.00 MB, 0.00 MB/s
Interval stall: 00:00:0.000 H:M:S, 0.0 percent

** Compaction Stats [default] **
Level    Files   Size     Score Read(GB)  Rn(GB) Rnp1(GB) Write(GB) Wnew(GB) Moved(GB) W-Amp Rd(MB/s) Wr(MB/s) Comp(sec) Comp(cnt) Avg(sec) KeyIn KeyDrop
----------------------------------------------------------------------------------------------------------------------------------------------------------
 Sum      0/0    0.00 KB   0.0      0.0     0.0      0.0       0.0      0.0       0.0   0.0      0.0      0.0         0         0    0.000       0      0
 Int      0/0    0.00 KB   0.0      0.0     0.0      0.0       0.0      0.0       0.0   0.0      0.0      0.0         0         0    0.000       0      0
Uptime(secs): 41.0 total, 41.0 interval
Flush(GB): cumulative 0.000, interval 0.000
AddFile(GB): cumulative 0.000, interval 0.000
AddFile(Total Files): cumulative 0, interval 0
AddFile(L0 Files): cumulative 0, interval 0
AddFile(Keys): cumulative 0, interval 0
Cumulative compaction: 0.00 GB write, 0.00 MB/s write, 0.00 GB read, 0.00 MB/s read, 0.0 seconds
Interval compaction: 0.00 GB write, 0.00 MB/s write, 0.00 GB read, 0.00 MB/s read, 0.0 seconds
Stalls(count): 0 level0_slowdown, 0 level0_slowdown_with_compaction, 0 level0_numfiles, 0 level0_numfiles_with_compaction, 0 stop for pending_compaction_bytes, 0 slowdown for pending_compaction_bytes, 0 memtable_compaction, 0 memtable_slowdown, interval 0 total count

** File Read Latency Histogram By Level [default] **

** Compaction Stats [usertable] **
Level    Files   Size     Score Read(GB)  Rn(GB) Rnp1(GB) Write(GB) Wnew(GB) Moved(GB) W-Amp Rd(MB/s) Wr(MB/s) Comp(sec) Comp(cnt) Avg(sec) KeyIn KeyDrop
----------------------------------------------------------------------------------------------------------------------------------------------------------
  L0     21/0    2.83 GB  10.5      0.0     0.0      0.0       2.1      2.1       0.0   1.0      0.0     77.1        28        18    1.578       0      0
  L1     19/0    9.62 GB  19.2      0.0     0.0      0.0       0.0      0.0       0.0   0.0      0.0      0.0         0         0    0.000       0      0
  L2     44/0    2.65 GB   0.5      0.0     0.0      0.0       0.0      0.0       0.0   0.0      0.0      0.0         0         0    0.000       0      0
 Sum     84/0   15.10 GB   0.0      0.0     0.0      0.0       2.1      2.1       0.0   1.0      0.0     77.1        28        18    1.578       0      0
 Int      0/0    0.00 KB   0.0      0.0     0.0      0.0       2.1      2.1       0.0   1.0      0.0     77.1        28        18    1.578       0      0
Uptime(secs): 41.0 total, 41.0 interval
Flush(GB): cumulative 2.137, interval 2.137
AddFile(GB): cumulative 0.000, interval 0.000
AddFile(Total Files): cumulative 0, interval 0
AddFile(L0 Files): cumulative 0, interval 0
AddFile(Keys): cumulative 0, interval 0
Cumulative compaction: 2.14 GB write, 53.32 MB/s write, 0.00 GB read, 0.00 MB/s read, 28.4 seconds
Interval compaction: 2.14 GB write, 53.32 MB/s write, 0.00 GB read, 0.00 MB/s read, 28.4 seconds
Stalls(count): 1 level0_slowdown, 0 level0_slowdown_with_compaction, 0 level0_numfiles, 0 level0_numfiles_with_compaction, 0 stop for pending_compaction_bytes, 0 slowdown for pending_compaction_bytes, 0 memtable_compaction, 0 memtable_slowdown, interval 1 total count

** File Read Latency Histogram By Level [usertable] **

** Compaction Stats [default] **
Level    Files   Size     Score Read(GB)  Rn(GB) Rnp1(GB) Write(GB) Wnew(GB) Moved(GB) W-Amp Rd(MB/s) Wr(MB/s) Comp(sec) Comp(cnt) Avg(sec) KeyIn KeyDrop
----------------------------------------------------------------------------------------------------------------------------------------------------------
 Sum      0/0    0.00 KB   0.0      0.0     0.0      0.0       0.0      0.0       0.0   0.0      0.0      0.0         0         0    0.000       0      0
