2018/11/22-19:30:17.707495 7fb080ad6700 RocksDB version: 5.14.3
2018/11/22-19:30:17.707548 7fb080ad6700 Git sha rocksdb_build_git_sha:
2018/11/22-19:30:17.707551 7fb080ad6700 Compile date Oct 15 2018
2018/11/22-19:30:17.707555 7fb080ad6700 DB SUMMARY
2018/11/22-19:30:17.707576 7fb080ad6700 SST files in /mnt/sdb/ycsb-rocksdb-data dir, Total Num: 0, files: 
2018/11/22-19:30:17.707578 7fb080ad6700 Write Ahead Log file in /mnt/sdb/ycsb-rocksdb-data: 
2018/11/22-19:30:17.707581 7fb080ad6700                         Options.error_if_exists: 0
2018/11/22-19:30:17.707582 7fb080ad6700                       Options.create_if_missing: 1
2018/11/22-19:30:17.707583 7fb080ad6700                         Options.paranoid_checks: 1
2018/11/22-19:30:17.707584 7fb080ad6700                                     Options.env: 0x7fb06fff83e0
2018/11/22-19:30:17.707585 7fb080ad6700                                Options.info_log: 0x7fb0683c4410
2018/11/22-19:30:17.707586 7fb080ad6700                Options.max_file_opening_threads: 16
2018/11/22-19:30:17.707587 7fb080ad6700                              Options.statistics: (nil)
2018/11/22-19:30:17.707588 7fb080ad6700                               Options.use_fsync: 0
2018/11/22-19:30:17.707589 7fb080ad6700                       Options.max_log_file_size: 0
2018/11/22-19:30:17.707590 7fb080ad6700                  Options.max_manifest_file_size: 18446744073709551615
2018/11/22-19:30:17.707591 7fb080ad6700                   Options.log_file_time_to_roll: 0
2018/11/22-19:30:17.707592 7fb080ad6700                       Options.keep_log_file_num: 1000
2018/11/22-19:30:17.707593 7fb080ad6700                    Options.recycle_log_file_num: 0
2018/11/22-19:30:17.707594 7fb080ad6700                         Options.allow_fallocate: 1
2018/11/22-19:30:17.707594 7fb080ad6700                        Options.allow_mmap_reads: 0
2018/11/22-19:30:17.707595 7fb080ad6700                       Options.allow_mmap_writes: 0
2018/11/22-19:30:17.707596 7fb080ad6700                        Options.use_direct_reads: 0
2018/11/22-19:30:17.707597 7fb080ad6700                        Options.use_direct_io_for_flush_and_compaction: 0
2018/11/22-19:30:17.707598 7fb080ad6700          Options.create_missing_column_families: 1
2018/11/22-19:30:17.707599 7fb080ad6700                              Options.db_log_dir: 
2018/11/22-19:30:17.707600 7fb080ad6700                                 Options.wal_dir: /mnt/sdb/ycsb-rocksdb-data
2018/11/22-19:30:17.707601 7fb080ad6700                Options.table_cache_numshardbits: 6
2018/11/22-19:30:17.707601 7fb080ad6700                      Options.max_subcompactions: 4
2018/11/22-19:30:17.707602 7fb080ad6700                  Options.max_background_flushes: 24
2018/11/22-19:30:17.707603 7fb080ad6700                         Options.WAL_ttl_seconds: 0
2018/11/22-19:30:17.707604 7fb080ad6700                       Options.WAL_size_limit_MB: 0
2018/11/22-19:30:17.707605 7fb080ad6700             Options.manifest_preallocation_size: 4194304
2018/11/22-19:30:17.707606 7fb080ad6700                     Options.is_fd_close_on_exec: 1
2018/11/22-19:30:17.707606 7fb080ad6700                   Options.advise_random_on_open: 1
2018/11/22-19:30:17.707607 7fb080ad6700                    Options.db_write_buffer_size: 0
2018/11/22-19:30:17.707608 7fb080ad6700                    Options.write_buffer_manager: 0x7fb0683c26d0
2018/11/22-19:30:17.707609 7fb080ad6700         Options.access_hint_on_compaction_start: 1
2018/11/22-19:30:17.707610 7fb080ad6700  Options.new_table_reader_for_compaction_inputs: 0
2018/11/22-19:30:17.707610 7fb080ad6700           Options.random_access_max_buffer_size: 1048576
2018/11/22-19:30:17.707611 7fb080ad6700                      Options.use_adaptive_mutex: 0
2018/11/22-19:30:17.707612 7fb080ad6700                            Options.rate_limiter: (nil)
2018/11/22-19:30:17.707614 7fb080ad6700     Options.sst_file_manager.rate_bytes_per_sec: 0
2018/11/22-19:30:17.707615 7fb080ad6700                       Options.wal_recovery_mode: 2
2018/11/22-19:30:17.707616 7fb080ad6700                  Options.enable_thread_tracking: 0
2018/11/22-19:30:17.707616 7fb080ad6700                  Options.enable_pipelined_write: 1
2018/11/22-19:30:17.707626 7fb080ad6700         Options.allow_concurrent_memtable_write: 1
2018/11/22-19:30:17.707627 7fb080ad6700      Options.enable_write_thread_adaptive_yield: 1
2018/11/22-19:30:17.707628 7fb080ad6700             Options.write_thread_max_yield_usec: 100
2018/11/22-19:30:17.707629 7fb080ad6700            Options.write_thread_slow_yield_usec: 3
2018/11/22-19:30:17.707630 7fb080ad6700                               Options.row_cache: None
2018/11/22-19:30:17.707630 7fb080ad6700                              Options.wal_filter: None
2018/11/22-19:30:17.707631 7fb080ad6700             Options.avoid_flush_during_recovery: 0
2018/11/22-19:30:17.707632 7fb080ad6700             Options.allow_ingest_behind: 0
2018/11/22-19:30:17.707633 7fb080ad6700             Options.preserve_deletes: 0
2018/11/22-19:30:17.707634 7fb080ad6700             Options.two_write_queues: 0
2018/11/22-19:30:17.707635 7fb080ad6700             Options.manual_wal_flush: 0
2018/11/22-19:30:17.707637 7fb080ad6700             Options.max_background_jobs: 24
2018/11/22-19:30:17.707638 7fb080ad6700             Options.max_background_compactions: 24
2018/11/22-19:30:17.707638 7fb080ad6700             Options.avoid_flush_during_shutdown: 0
2018/11/22-19:30:17.707639 7fb080ad6700           Options.writable_file_max_buffer_size: 1048576
2018/11/22-19:30:17.707640 7fb080ad6700             Options.delayed_write_rate : 16777216
2018/11/22-19:30:17.707641 7fb080ad6700             Options.max_total_wal_size: 0
2018/11/22-19:30:17.707642 7fb080ad6700             Options.delete_obsolete_files_period_micros: 21600000000
2018/11/22-19:30:17.707643 7fb080ad6700                   Options.stats_dump_period_sec: 60
2018/11/22-19:30:17.707644 7fb080ad6700                          Options.max_open_files: -1
2018/11/22-19:30:17.707645 7fb080ad6700                          Options.bytes_per_sync: 1048576
2018/11/22-19:30:17.707645 7fb080ad6700                      Options.wal_bytes_per_sync: 0
2018/11/22-19:30:17.707646 7fb080ad6700       Options.compaction_readahead_size: 0
2018/11/22-19:30:17.707647 7fb080ad6700 Compression algorithms supported:
2018/11/22-19:30:17.707648 7fb080ad6700 	kZSTDNotFinalCompression supported: 1
2018/11/22-19:30:17.707655 7fb080ad6700 	kZSTD supported: 1
2018/11/22-19:30:17.707657 7fb080ad6700 	kXpressCompression supported: 0
2018/11/22-19:30:17.707658 7fb080ad6700 	kLZ4HCCompression supported: 1
2018/11/22-19:30:17.707659 7fb080ad6700 	kLZ4Compression supported: 1
2018/11/22-19:30:17.707660 7fb080ad6700 	kBZip2Compression supported: 1
2018/11/22-19:30:17.707661 7fb080ad6700 	kZlibCompression supported: 1
2018/11/22-19:30:17.707662 7fb080ad6700 	kSnappyCompression supported: 1
2018/11/22-19:30:17.707665 7fb080ad6700 Fast CRC32 supported: Supported on x86
2018/11/22-19:30:17.707735 7fb080ad6700 [db/db_impl_open.cc:222] Creating manifest 1 
2018/11/22-19:30:17.804039 7fb080ad6700 [db/version_set.cc:3085] Recovering from manifest file: MANIFEST-000001
2018/11/22-19:30:17.804122 7fb080ad6700 [db/column_family.cc:475] --------------- Options for column family [default]:
2018/11/22-19:30:17.804125 7fb080ad6700               Options.comparator: leveldb.BytewiseComparator
2018/11/22-19:30:17.804127 7fb080ad6700           Options.merge_operator: None
2018/11/22-19:30:17.804128 7fb080ad6700        Options.compaction_filter: None
2018/11/22-19:30:17.804128 7fb080ad6700        Options.compaction_filter_factory: None
2018/11/22-19:30:17.804129 7fb080ad6700         Options.memtable_factory: SkipListFactory
2018/11/22-19:30:17.804130 7fb080ad6700            Options.table_factory: BlockBasedTable
2018/11/22-19:30:17.804160 7fb080ad6700            table_factory options:   flush_block_policy_factory: FlushBlockBySizePolicyFactory (0x7fb068386b50)
  cache_index_and_filter_blocks: 0
  cache_index_and_filter_blocks_with_high_priority: 0
  pin_l0_filter_and_index_blocks_in_cache: 0
  index_type: 0
  hash_index_allow_collision: 1
  checksum: 1
  no_block_cache: 0
  block_cache: 0x7fb06838fcd0
  block_cache_name: LRUCache
  block_cache_options:
    capacity : 8388608
    num_shard_bits : 4
    strict_capacity_limit : 0
    high_pri_pool_ratio: 0.000
  block_cache_compressed: (nil)
  persistent_cache: (nil)
  block_size: 8192
  block_size_deviation: 10
  block_restart_interval: 16
  index_block_restart_interval: 1
  metadata_block_size: 4096
  partition_filters: 0
  use_delta_encoding: 1
  filter_policy: nullptr
  whole_key_filtering: 1
  verify_compression: 0
  read_amp_bytes_per_bit: 0
  format_version: 2
  enable_index_compression: 1
  block_align: 0
2018/11/22-19:30:17.804174 7fb080ad6700        Options.write_buffer_size: 134217728
2018/11/22-19:30:17.804176 7fb080ad6700  Options.max_write_buffer_number: 24
2018/11/22-19:30:17.804177 7fb080ad6700        Options.compression[0]: NoCompression
2018/11/22-19:30:17.804178 7fb080ad6700        Options.compression[1]: NoCompression
2018/11/22-19:30:17.804179 7fb080ad6700        Options.compression[2]: LZ4
2018/11/22-19:30:17.804180 7fb080ad6700        Options.compression[3]: LZ4
2018/11/22-19:30:17.804181 7fb080ad6700        Options.compression[4]: LZ4
2018/11/22-19:30:17.804182 7fb080ad6700        Options.compression[5]: LZ4
2018/11/22-19:30:17.804183 7fb080ad6700        Options.compression[6]: LZ4
2018/11/22-19:30:17.804184 7fb080ad6700                  Options.bottommost_compression: Disabled
2018/11/22-19:30:17.804185 7fb080ad6700       Options.prefix_extractor: nullptr
2018/11/22-19:30:17.804186 7fb080ad6700   Options.memtable_insert_with_hint_prefix_extractor: nullptr
2018/11/22-19:30:17.804187 7fb080ad6700             Options.num_levels: 7
2018/11/22-19:30:17.804188 7fb080ad6700        Options.min_write_buffer_number_to_merge: 2
2018/11/22-19:30:17.804189 7fb080ad6700     Options.max_write_buffer_number_to_maintain: 0
2018/11/22-19:30:17.804189 7fb080ad6700            Options.compression_opts.window_bits: -14
2018/11/22-19:30:17.804190 7fb080ad6700                  Options.compression_opts.level: -1
2018/11/22-19:30:17.804191 7fb080ad6700               Options.compression_opts.strategy: 0
2018/11/22-19:30:17.804192 7fb080ad6700         Options.compression_opts.max_dict_bytes: 0
2018/11/22-19:30:17.804193 7fb080ad6700         Options.compression_opts.zstd_max_train_bytes: 0
2018/11/22-19:30:17.804194 7fb080ad6700      Options.level0_file_num_compaction_trigger: 2
2018/11/22-19:30:17.804195 7fb080ad6700          Options.level0_slowdown_writes_trigger: 20
2018/11/22-19:30:17.804196 7fb080ad6700              Options.level0_stop_writes_trigger: 36
2018/11/22-19:30:17.804197 7fb080ad6700                   Options.target_file_size_base: 67108864
2018/11/22-19:30:17.804198 7fb080ad6700             Options.target_file_size_multiplier: 1
2018/11/22-19:30:17.804198 7fb080ad6700                Options.max_bytes_for_level_base: 536870912
2018/11/22-19:30:17.804199 7fb080ad6700 Options.level_compaction_dynamic_level_bytes: 0
2018/11/22-19:30:17.804200 7fb080ad6700          Options.max_bytes_for_level_multiplier: 10.000000
2018/11/22-19:30:17.804203 7fb080ad6700 Options.max_bytes_for_level_multiplier_addtl[0]: 1
2018/11/22-19:30:17.804204 7fb080ad6700 Options.max_bytes_for_level_multiplier_addtl[1]: 1
2018/11/22-19:30:17.804205 7fb080ad6700 Options.max_bytes_for_level_multiplier_addtl[2]: 1
2018/11/22-19:30:17.804206 7fb080ad6700 Options.max_bytes_for_level_multiplier_addtl[3]: 1
2018/11/22-19:30:17.804207 7fb080ad6700 Options.max_bytes_for_level_multiplier_addtl[4]: 1
2018/11/22-19:30:17.804208 7fb080ad6700 Options.max_bytes_for_level_multiplier_addtl[5]: 1
2018/11/22-19:30:17.804209 7fb080ad6700 Options.max_bytes_for_level_multiplier_addtl[6]: 1
2018/11/22-19:30:17.804209 7fb080ad6700       Options.max_sequential_skip_in_iterations: 8
2018/11/22-19:30:17.804210 7fb080ad6700                    Options.max_compaction_bytes: 1677721600
2018/11/22-19:30:17.804211 7fb080ad6700                        Options.arena_block_size: 16777216
2018/11/22-19:30:17.804212 7fb080ad6700   Options.soft_pending_compaction_bytes_limit: 68719476736
2018/11/22-19:30:17.804213 7fb080ad6700   Options.hard_pending_compaction_bytes_limit: 274877906944
2018/11/22-19:30:17.804219 7fb080ad6700       Options.rate_limit_delay_max_milliseconds: 100
2018/11/22-19:30:17.804221 7fb080ad6700                Options.disable_auto_compactions: 0
2018/11/22-19:30:17.804223 7fb080ad6700                        Options.compaction_style: kCompactionStyleLevel
2018/11/22-19:30:17.804224 7fb080ad6700                          Options.compaction_pri: kByCompensatedSize
2018/11/22-19:30:17.804225 7fb080ad6700 Options.compaction_options_universal.size_ratio: 1
2018/11/22-19:30:17.804226 7fb080ad6700 Options.compaction_options_universal.min_merge_width: 2
2018/11/22-19:30:17.804227 7fb080ad6700 Options.compaction_options_universal.max_merge_width: 4294967295
2018/11/22-19:30:17.804228 7fb080ad6700 Options.compaction_options_universal.max_size_amplification_percent: 200
2018/11/22-19:30:17.804229 7fb080ad6700 Options.compaction_options_universal.compression_size_percent: -1
2018/11/22-19:30:17.804230 7fb080ad6700 Options.compaction_options_universal.stop_style: kCompactionStopStyleTotalSize
2018/11/22-19:30:17.804231 7fb080ad6700 Options.compaction_options_fifo.max_table_files_size: 1073741824
2018/11/22-19:30:17.804232 7fb080ad6700 Options.compaction_options_fifo.allow_compaction: 0
2018/11/22-19:30:17.804233 7fb080ad6700 Options.compaction_options_fifo.ttl: 0
2018/11/22-19:30:17.804234 7fb080ad6700                   Options.table_properties_collectors: 
2018/11/22-19:30:17.804235 7fb080ad6700                   Options.inplace_update_support: 0
2018/11/22-19:30:17.804235 7fb080ad6700                 Options.inplace_update_num_locks: 10000
2018/11/22-19:30:17.804236 7fb080ad6700               Options.memtable_prefix_bloom_size_ratio: 0.000000
2018/11/22-19:30:17.804238 7fb080ad6700   Options.memtable_huge_page_size: 0
2018/11/22-19:30:17.804239 7fb080ad6700                           Options.bloom_locality: 0
2018/11/22-19:30:17.804240 7fb080ad6700                    Options.max_successive_merges: 0
2018/11/22-19:30:17.804240 7fb080ad6700                Options.optimize_filters_for_hits: 0
2018/11/22-19:30:17.804241 7fb080ad6700                Options.paranoid_file_checks: 0
2018/11/22-19:30:17.804242 7fb080ad6700                Options.force_consistency_checks: 0
2018/11/22-19:30:17.804243 7fb080ad6700                Options.report_bg_io_stats: 0
2018/11/22-19:30:17.804244 7fb080ad6700                               Options.ttl: 0
2018/11/22-19:30:17.805060 7fb080ad6700 [db/version_set.cc:3361] Recovered from manifest file:/mnt/sdb/ycsb-rocksdb-data/MANIFEST-000001 succeeded,manifest_file_number is 1, next_file_number is 3, last_sequence is 0, log_number is 0,prev_log_number is 0,max_column_family is 0,min_log_number_to_keep is 0
2018/11/22-19:30:17.805070 7fb080ad6700 [db/version_set.cc:3369] Column family [default] (ID 0), log number is 0
2018/11/22-19:30:17.805288 7fb080ad6700 [db/version_set.cc:2847] Creating manifest 4
2018/11/22-19:30:17.874056 7fb080ad6700 [db/column_family.cc:475] --------------- Options for column family [usertable]:
2018/11/22-19:30:17.874060 7fb080ad6700               Options.comparator: leveldb.BytewiseComparator
2018/11/22-19:30:17.874061 7fb080ad6700           Options.merge_operator: None
2018/11/22-19:30:17.874062 7fb080ad6700        Options.compaction_filter: None
2018/11/22-19:30:17.874063 7fb080ad6700        Options.compaction_filter_factory: None
2018/11/22-19:30:17.874064 7fb080ad6700         Options.memtable_factory: SkipListFactory
2018/11/22-19:30:17.874065 7fb080ad6700            Options.table_factory: BlockBasedTable
2018/11/22-19:30:17.874093 7fb080ad6700            table_factory options:   flush_block_policy_factory: FlushBlockBySizePolicyFactory (0x7fb068386b30)
  cache_index_and_filter_blocks: 0
  cache_index_and_filter_blocks_with_high_priority: 0
  pin_l0_filter_and_index_blocks_in_cache: 0
  index_type: 0
  hash_index_allow_collision: 1
  checksum: 1
  no_block_cache: 0
  block_cache: 0x7fb068392290
  block_cache_name: LRUCache
  block_cache_options:
    capacity : 8388608
    num_shard_bits : 4
    strict_capacity_limit : 0
    high_pri_pool_ratio: 0.000
  block_cache_compressed: (nil)
  persistent_cache: (nil)
  block_size: 8192
  block_size_deviation: 10
  block_restart_interval: 16
  index_block_restart_interval: 1
  metadata_block_size: 4096
  partition_filters: 0
  use_delta_encoding: 1
  filter_policy: nullptr
  whole_key_filtering: 1
  verify_compression: 0
  read_amp_bytes_per_bit: 0
  format_version: 2
  enable_index_compression: 1
  block_align: 0
2018/11/22-19:30:17.874096 7fb080ad6700        Options.write_buffer_size: 134217728
2018/11/22-19:30:17.874096 7fb080ad6700  Options.max_write_buffer_number: 24
2018/11/22-19:30:17.874098 7fb080ad6700        Options.compression[0]: NoCompression
2018/11/22-19:30:17.874099 7fb080ad6700        Options.compression[1]: NoCompression
2018/11/22-19:30:17.874100 7fb080ad6700        Options.compression[2]: LZ4
2018/11/22-19:30:17.874101 7fb080ad6700        Options.compression[3]: LZ4
2018/11/22-19:30:17.874102 7fb080ad6700        Options.compression[4]: LZ4
2018/11/22-19:30:17.874102 7fb080ad6700        Options.compression[5]: LZ4
2018/11/22-19:30:17.874103 7fb080ad6700        Options.compression[6]: LZ4
2018/11/22-19:30:17.874104 7fb080ad6700                  Options.bottommost_compression: Disabled
2018/11/22-19:30:17.874105 7fb080ad6700       Options.prefix_extractor: nullptr
2018/11/22-19:30:17.874106 7fb080ad6700   Options.memtable_insert_with_hint_prefix_extractor: nullptr
2018/11/22-19:30:17.874107 7fb080ad6700             Options.num_levels: 7
2018/11/22-19:30:17.874108 7fb080ad6700        Options.min_write_buffer_number_to_merge: 2
2018/11/22-19:30:17.874109 7fb080ad6700     Options.max_write_buffer_number_to_maintain: 0
2018/11/22-19:30:17.874110 7fb080ad6700            Options.compression_opts.window_bits: -14
2018/11/22-19:30:17.874111 7fb080ad6700                  Options.compression_opts.level: -1
2018/11/22-19:30:17.874111 7fb080ad6700               Options.compression_opts.strategy: 0
2018/11/22-19:30:17.874112 7fb080ad6700         Options.compression_opts.max_dict_bytes: 0
2018/11/22-19:30:17.874113 7fb080ad6700         Options.compression_opts.zstd_max_train_bytes: 0
2018/11/22-19:30:17.874114 7fb080ad6700      Options.level0_file_num_compaction_trigger: 2
2018/11/22-19:30:17.874115 7fb080ad6700          Options.level0_slowdown_writes_trigger: 20
2018/11/22-19:30:17.874116 7fb080ad6700              Options.level0_stop_writes_trigger: 36
2018/11/22-19:30:17.874117 7fb080ad6700                   Options.target_file_size_base: 67108864
2018/11/22-19:30:17.874118 7fb080ad6700             Options.target_file_size_multiplier: 1
2018/11/22-19:30:17.874119 7fb080ad6700                Options.max_bytes_for_level_base: 536870912
2018/11/22-19:30:17.874120 7fb080ad6700 Options.level_compaction_dynamic_level_bytes: 0
2018/11/22-19:30:17.874121 7fb080ad6700          Options.max_bytes_for_level_multiplier: 10.000000
2018/11/22-19:30:17.874124 7fb080ad6700 Options.max_bytes_for_level_multiplier_addtl[0]: 1
2018/11/22-19:30:17.874136 7fb080ad6700 Options.max_bytes_for_level_multiplier_addtl[1]: 1
2018/11/22-19:30:17.874137 7fb080ad6700 Options.max_bytes_for_level_multiplier_addtl[2]: 1
2018/11/22-19:30:17.874138 7fb080ad6700 Options.max_bytes_for_level_multiplier_addtl[3]: 1
2018/11/22-19:30:17.874139 7fb080ad6700 Options.max_bytes_for_level_multiplier_addtl[4]: 1
2018/11/22-19:30:17.874139 7fb080ad6700 Options.max_bytes_for_level_multiplier_addtl[5]: 1
2018/11/22-19:30:17.874140 7fb080ad6700 Options.max_bytes_for_level_multiplier_addtl[6]: 1
2018/11/22-19:30:17.874141 7fb080ad6700       Options.max_sequential_skip_in_iterations: 8
2018/11/22-19:30:17.874142 7fb080ad6700                    Options.max_compaction_bytes: 1677721600
2018/11/22-19:30:17.874143 7fb080ad6700                        Options.arena_block_size: 16777216
2018/11/22-19:30:17.874144 7fb080ad6700   Options.soft_pending_compaction_bytes_limit: 68719476736
2018/11/22-19:30:17.874145 7fb080ad6700   Options.hard_pending_compaction_bytes_limit: 274877906944
2018/11/22-19:30:17.874146 7fb080ad6700       Options.rate_limit_delay_max_milliseconds: 100
2018/11/22-19:30:17.874146 7fb080ad6700                Options.disable_auto_compactions: 0
2018/11/22-19:30:17.874148 7fb080ad6700                        Options.compaction_style: kCompactionStyleLevel
2018/11/22-19:30:17.874150 7fb080ad6700                          Options.compaction_pri: kByCompensatedSize
2018/11/22-19:30:17.874151 7fb080ad6700 Options.compaction_options_universal.size_ratio: 1
2018/11/22-19:30:17.874152 7fb080ad6700 Options.compaction_options_universal.min_merge_width: 2
2018/11/22-19:30:17.874152 7fb080ad6700 Options.compaction_options_universal.max_merge_width: 4294967295
2018/11/22-19:30:17.874153 7fb080ad6700 Options.compaction_options_universal.max_size_amplification_percent: 200
2018/11/22-19:30:17.874154 7fb080ad6700 Options.compaction_options_universal.compression_size_percent: -1
2018/11/22-19:30:17.874156 7fb080ad6700 Options.compaction_options_universal.stop_style: kCompactionStopStyleTotalSize
2018/11/22-19:30:17.874157 7fb080ad6700 Options.compaction_options_fifo.max_table_files_size: 1073741824
2018/11/22-19:30:17.874158 7fb080ad6700 Options.compaction_options_fifo.allow_compaction: 0
2018/11/22-19:30:17.874158 7fb080ad6700 Options.compaction_options_fifo.ttl: 0
2018/11/22-19:30:17.874159 7fb080ad6700                   Options.table_properties_collectors: 
2018/11/22-19:30:17.874160 7fb080ad6700                   Options.inplace_update_support: 0
2018/11/22-19:30:17.874161 7fb080ad6700                 Options.inplace_update_num_locks: 10000
2018/11/22-19:30:17.874162 7fb080ad6700               Options.memtable_prefix_bloom_size_ratio: 0.000000
2018/11/22-19:30:17.874163 7fb080ad6700   Options.memtable_huge_page_size: 0
2018/11/22-19:30:17.874164 7fb080ad6700                           Options.bloom_locality: 0
2018/11/22-19:30:17.874165 7fb080ad6700                    Options.max_successive_merges: 0
2018/11/22-19:30:17.874166 7fb080ad6700                Options.optimize_filters_for_hits: 0
2018/11/22-19:30:17.874167 7fb080ad6700                Options.paranoid_file_checks: 0
2018/11/22-19:30:17.874168 7fb080ad6700                Options.force_consistency_checks: 0
2018/11/22-19:30:17.874168 7fb080ad6700                Options.report_bg_io_stats: 0
2018/11/22-19:30:17.874169 7fb080ad6700                               Options.ttl: 0
2018/11/22-19:30:17.874212 7fb080ad6700 [db/db_impl.cc:1396] Created column family [usertable] (ID 1)
2018/11/22-19:30:17.947627 7fb080ad6700 [db/db_impl_open.cc:1219] DB pointer 0x7fb0683c4a80
2018/11/22-19:30:24.221653 7fb080ad6700 [db/db_impl_write.cc:1373] [usertable] New memtable created with log file: #9. Immutable memtables: 0.
2018/11/22-19:30:30.494656 7fb080ad6700 [db/db_impl_write.cc:1373] [usertable] New memtable created with log file: #10. Immutable memtables: 1.
2018/11/22-19:30:30.494838 7fb00dffb700 [db/db_impl_compaction_flush.cc:80] [JOB 2] Syncing log #3
2018/11/22-19:30:30.508897 7fb00dffb700 [db/db_impl_compaction_flush.cc:80] [JOB 2] Syncing log #9
2018/11/22-19:30:31.200126 7fb00dffb700 (Original Log Time 2018/11/22-19:30:30.494800) [db/db_impl_compaction_flush.cc:1424] Calling FlushMemTableToOutputFile with column family [usertable], flush slots available 24, compaction slots available 1, flush slots scheduled 1, compaction slots scheduled 0
2018/11/22-19:30:31.200137 7fb00dffb700 [db/flush_job.cc:301] [usertable] [JOB 2] Flushing memtable with next log file: 9
2018/11/22-19:30:31.200147 7fb00dffb700 [db/flush_job.cc:301] [usertable] [JOB 2] Flushing memtable with next log file: 10
2018/11/22-19:30:31.200194 7fb00dffb700 EVENT_LOG_v1 {"time_micros": 1542943831200176, "job": 2, "event": "flush_started", "num_memtables": 2, "num_entries": 62730, "num_deletes": 0, "memory_usage": 260119632, "flush_reason": "Write Buffer Full"}
2018/11/22-19:30:31.200204 7fb00dffb700 [db/flush_job.cc:331] [usertable] [JOB 2] Level-0 flush table #11: started
2018/11/22-19:30:33.557265 7fb00dffb700 EVENT_LOG_v1 {"time_micros": 1542943833557239, "cf_name": "usertable", "job": 2, "event": "table_file_creation", "file_number": 11, "file_size": 259789991, "table_properties": {"data_size": 258635790, "index_size": 1153274, "filter_size": 0, "raw_key_size": 1505520, "raw_average_key_size": 24, "raw_value_size": 256942080, "raw_average_value_size": 4096, "num_data_blocks": 31365, "num_entries": 62730, "filter_policy_name": "", "kDeletedKeys": "0", "kMergeOperands": "0"}}
2018/11/22-19:30:33.557294 7fb00dffb700 [db/flush_job.cc:371] [usertable] [JOB 2] Level-0 flush table #11: 259789991 bytes OK
2018/11/22-19:30:33.657656 7fb00dffb700 (Original Log Time 2018/11/22-19:30:33.557310) [db/memtable_list.cc:377] [usertable] Level-0 commit table #11 started
2018/11/22-19:30:33.657659 7fb00dffb700 (Original Log Time 2018/11/22-19:30:33.657567) [db/memtable_list.cc:409] [usertable] Level-0 commit table #11: memtable #1 done
2018/11/22-19:30:33.657661 7fb00dffb700 (Original Log Time 2018/11/22-19:30:33.657578) [db/memtable_list.cc:409] [usertable] Level-0 commit table #11: memtable #2 done
2018/11/22-19:30:33.657662 7fb00dffb700 (Original Log Time 2018/11/22-19:30:33.657603) EVENT_LOG_v1 {"time_micros": 1542943833657592, "job": 2, "event": "flush_finished", "output_compression": "NoCompression", "lsm_state": [1, 0, 0, 0, 0, 0, 0], "immutable_memtables": 0}
2018/11/22-19:30:33.657664 7fb00dffb700 (Original Log Time 2018/11/22-19:30:33.657629) [db/db_impl_compaction_flush.cc:177] [usertable] Level summary: base level 1 max bytes base 536870912 files[1 0 0 0 0 0 0] max score 0.50
2018/11/22-19:30:33.657674 7fb00dffb700 [db/db_impl_files.cc:347] [JOB 2] Try to delete WAL files size 259012170, prev total WAL file size 324316434, number of live WAL files 3.
2018/11/22-19:30:36.767595 7fb080ad6700 [db/db_impl_write.cc:1373] [usertable] New memtable created with log file: #12. Immutable memtables: 0.
2018/11/22-19:30:43.040650 7fb080ad6700 [db/db_impl_write.cc:1373] [usertable] New memtable created with log file: #13. Immutable memtables: 1.
2018/11/22-19:30:43.040842 7fb00d7fa700 [db/db_impl_compaction_flush.cc:80] [JOB 3] Syncing log #10
2018/11/22-19:30:43.541364 7fb00d7fa700 [db/db_impl_compaction_flush.cc:80] [JOB 3] Syncing log #12
2018/11/22-19:30:44.749649 7fb00d7fa700 (Original Log Time 2018/11/22-19:30:43.040816) [db/db_impl_compaction_flush.cc:1424] Calling FlushMemTableToOutputFile with column family [usertable], flush slots available 24, compaction slots available 1, flush slots scheduled 1, compaction slots scheduled 0
2018/11/22-19:30:44.749658 7fb00d7fa700 [db/flush_job.cc:301] [usertable] [JOB 3] Flushing memtable with next log file: 12
2018/11/22-19:30:44.749666 7fb00d7fa700 [db/flush_job.cc:301] [usertable] [JOB 3] Flushing memtable with next log file: 13
2018/11/22-19:30:44.749719 7fb00d7fa700 EVENT_LOG_v1 {"time_micros": 1542943844749708, "job": 3, "event": "flush_started", "num_memtables": 2, "num_entries": 62730, "num_deletes": 0, "memory_usage": 260070064, "flush_reason": "Write Buffer Full"}
2018/11/22-19:30:44.749727 7fb00d7fa700 [db/flush_job.cc:331] [usertable] [JOB 3] Level-0 flush table #14: started
2018/11/22-19:30:48.111874 7fb00d7fa700 EVENT_LOG_v1 {"time_micros": 1542943848111830, "cf_name": "usertable", "job": 3, "event": "table_file_creation", "file_number": 14, "file_size": 259789989, "table_properties": {"data_size": 258635790, "index_size": 1153272, "filter_size": 0, "raw_key_size": 1505520, "raw_average_key_size": 24, "raw_value_size": 256942080, "raw_average_value_size": 4096, "num_data_blocks": 31365, "num_entries": 62730, "filter_policy_name": "", "kDeletedKeys": "0", "kMergeOperands": "0"}}
2018/11/22-19:30:48.111895 7fb00d7fa700 [db/flush_job.cc:371] [usertable] [JOB 3] Level-0 flush table #14: 259789989 bytes OK
2018/11/22-19:30:48.234982 7fb00d7fa700 (Original Log Time 2018/11/22-19:30:48.111918) [db/memtable_list.cc:377] [usertable] Level-0 commit table #14 started
2018/11/22-19:30:48.234987 7fb00d7fa700 (Original Log Time 2018/11/22-19:30:48.234877) [db/memtable_list.cc:409] [usertable] Level-0 commit table #14: memtable #1 done
2018/11/22-19:30:48.234989 7fb00d7fa700 (Original Log Time 2018/11/22-19:30:48.234880) [db/memtable_list.cc:409] [usertable] Level-0 commit table #14: memtable #2 done
2018/11/22-19:30:48.234990 7fb00d7fa700 (Original Log Time 2018/11/22-19:30:48.234896) EVENT_LOG_v1 {"time_micros": 1542943848234886, "job": 3, "event": "flush_finished", "output_compression": "NoCompression", "lsm_state": [2, 0, 0, 0, 0, 0, 0], "immutable_memtables": 0}
2018/11/22-19:30:48.234992 7fb00d7fa700 (Original Log Time 2018/11/22-19:30:48.234963) [db/db_impl_compaction_flush.cc:177] [usertable] Level summary: base level 1 max bytes base 536870912 files[2 0 0 0 0 0 0] max score 1.00
2018/11/22-19:30:48.235006 7fb00d7fa700 [db/db_impl_files.cc:347] [JOB 3] Try to delete WAL files size 259012170, prev total WAL file size 366254687, number of live WAL files 3.
2018/11/22-19:30:48.235289 7fb00e7fc700 [WARN] [db/db_impl.cc:491] ------- DUMPING STATS -------
2018/11/22-19:30:48.236479 7fb00e7fc700 [WARN] [db/db_impl.cc:492] 
** DB Stats **
Uptime(secs): 30.4 total, 30.4 interval
Cumulative writes: 151K writes, 151K keys, 151K commit groups, 1.0 writes per commit group, ingest: 0.58 GB, 19.60 MB/s
Cumulative WAL: 151K writes, 0 syncs, 151434.00 writes per sync, written: 0.58 GB, 19.60 MB/s
Cumulative stall: 00:00:0.000 H:M:S, 0.0 percent
Interval writes: 151K writes, 151K keys, 151K commit groups, 1.0 writes per commit group, ingest: 596.30 MB, 19.60 MB/s
Interval WAL: 151K writes, 0 syncs, 151434.00 writes per sync, written: 0.58 MB, 19.60 MB/s
Interval stall: 00:00:0.000 H:M:S, 0.0 percent

** Compaction Stats [default] **
Level    Files   Size     Score Read(GB)  Rn(GB) Rnp1(GB) Write(GB) Wnew(GB) Moved(GB) W-Amp Rd(MB/s) Wr(MB/s) Comp(sec) Comp(cnt) Avg(sec) KeyIn KeyDrop
----------------------------------------------------------------------------------------------------------------------------------------------------------
 Sum      0/0    0.00 KB   0.0      0.0     0.0      0.0       0.0      0.0       0.0   0.0      0.0      0.0         0         0    0.000       0      0
 Int      0/0    0.00 KB   0.0      0.0     0.0      0.0       0.0      0.0       0.0   0.0      0.0      0.0         0         0    0.000       0      0
Uptime(secs): 30.4 total, 30.4 interval
Flush(GB): cumulative 0.000, interval 0.000
AddFile(GB): cumulative 0.000, interval 0.000
AddFile(Total Files): cumulative 0, interval 0
AddFile(L0 Files): cumulative 0, interval 0
AddFile(Keys): cumulative 0, interval 0
Cumulative compaction: 0.00 GB write, 0.00 MB/s write, 0.00 GB read, 0.00 MB/s read, 0.0 seconds
Interval compaction: 0.00 GB write, 0.00 MB/s write, 0.00 GB read, 0.00 MB/s read, 0.0 seconds
Stalls(count): 0 level0_slowdown, 0 level0_slowdown_with_compaction, 0 level0_numfiles, 0 level0_numfiles_with_compaction, 0 stop for pending_compaction_bytes, 0 slowdown for pending_compaction_bytes, 0 memtable_compaction, 0 memtable_slowdown, interval 0 total count

** File Read Latency Histogram By Level [default] **

** Compaction Stats [usertable] **
Level    Files   Size     Score Read(GB)  Rn(GB) Rnp1(GB) Write(GB) Wnew(GB) Moved(GB) W-Amp Rd(MB/s) Wr(MB/s) Comp(sec) Comp(cnt) Avg(sec) KeyIn KeyDrop
----------------------------------------------------------------------------------------------------------------------------------------------------------
  L0      2/0   495.51 MB   1.0      0.0     0.0      0.0       0.5      0.5       0.0   1.0      0.0     86.6         6         2    2.860       0      0
 Sum      2/0   495.51 MB   0.0      0.0     0.0      0.0       0.5      0.5       0.0   1.0      0.0     86.6         6         2    2.860       0      0
 Int      0/0    0.00 KB   0.0      0.0     0.0      0.0       0.5      0.5       0.0   1.0      0.0     86.6         6         2    2.860       0      0
Uptime(secs): 30.4 total, 30.4 interval
Flush(GB): cumulative 0.484, interval 0.484
AddFile(GB): cumulative 0.000, interval 0.000
AddFile(Total Files): cumulative 0, interval 0
AddFile(L0 Files): cumulative 0, interval 0
AddFile(Keys): cumulative 0, interval 0
Cumulative compaction: 0.48 GB write, 16.32 MB/s write, 0.00 GB read, 0.00 MB/s read, 5.7 seconds
Interval compaction: 0.48 GB write, 16.32 MB/s write, 0.00 GB read, 0.00 MB/s read, 5.7 seconds
Stalls(count): 0 level0_slowdown, 0 level0_slowdown_with_compaction, 0 level0_numfiles, 0 level0_numfiles_with_compaction, 0 stop for pending_compaction_bytes, 0 slowdown for pending_compaction_bytes, 0 memtable_compaction, 0 memtable_slowdown, interval 0 total count

** File Read Latency Histogram By Level [usertable] **

** Compaction Stats [default] **
Level    Files   Size     Score Read(GB)  Rn(GB) Rnp1(GB) Write(GB) Wnew(GB) Moved(GB) W-Amp Rd(MB/s) Wr(MB/s) Comp(sec) Comp(cnt) Avg(sec) KeyIn KeyDrop
----------------------------------------------------------------------------------------------------------------------------------------------------------
 Sum      0/0    0.00 KB   0.0      0.0     0.0      0.0       0.0      0.0       0.0   0.0      0.0      0.0         0         0    0.000       0      0
 Int      0/0    0.00 KB   0.0      0.0     0.0      0.0       0.0      0.0       0.0   0.0      0.0      0.0         0         0    0.000       0      0
Uptime(secs): 30.4 total, 0.0 interval
Flush(GB): cumulative 0.000, interval 0.000
AddFile(GB): cumulative 0.000, interval 0.000
AddFile(Total Files): cumulative 0, interval 0
AddFile(L0 Files): cumulative 0, interval 0
AddFile(Keys): cumulative 0, interval 0
Cumulative compaction: 0.00 GB write, 0.00 MB/s write, 0.00 GB read, 0.00 MB/s read, 0.0 seconds
Interval compaction: 0.00 GB write, 0.00 MB/s write, 0.00 GB read, 0.00 MB/s read, 0.0 seconds
Stalls(count): 0 level0_slowdown, 0 level0_slowdown_with_compaction, 0 level0_numfiles, 0 level0_numfiles_with_compaction, 0 stop for pending_compaction_bytes, 0 slowdown for pending_compaction_bytes, 0 memtable_compaction, 0 memtable_slowdown, interval 0 total count

** File Read Latency Histogram By Level [default] **

** Compaction Stats [usertable] **
Level    Files   Size     Score Read(GB)  Rn(GB) Rnp1(GB) Write(GB) Wnew(GB) Moved(GB) W-Amp Rd(MB/s) Wr(MB/s) Comp(sec) Comp(cnt) Avg(sec) KeyIn KeyDrop
----------------------------------------------------------------------------------------------------------------------------------------------------------
  L0      2/0   495.51 MB   1.0      0.0     0.0      0.0       0.5      0.5       0.0   1.0      0.0     86.6         6         2    2.860       0      0
 Sum      2/0   495.51 MB   0.0      0.0     0.0      0.0       0.5      0.5       0.0   1.0      0.0     86.6         6         2    2.860       0      0
 Int      0/0    0.00 KB   0.0      0.0     0.0      0.0       0.0      0.0       0.0   0.0      0.0      0.0         0         0    0.000       0      0
Uptime(secs): 30.4 total, 0.0 interval
Flush(GB): cumulative 0.484, interval 0.000
AddFile(GB): cumulative 0.000, interval 0.000
AddFile(Total Files): cumulative 0, interval 0
AddFile(L0 Files): cumulative 0, interval 0
AddFile(Keys): cumulative 0, interval 0
Cumulative compaction: 0.48 GB write, 16.32 MB/s write, 0.00 GB read, 0.00 MB/s read, 5.7 seconds
Interval compaction: 0.00 GB write, 0.00 MB/s write, 0.00 GB read, 0.00 MB/s read, 0.0 seconds
Stalls(count): 0 level0_slowdown, 0 level0_slowdown_with_compaction, 0 level0_numfiles, 0 level0_numfiles_with_compaction, 0 stop for pending_compaction_bytes, 0 slowdown for pending_compaction_bytes, 0 memtable_compaction, 0 memtable_slowdown, interval 0 total count

** File Read Latency Histogram By Level [usertable] **
2018/11/22-19:30:48.330233 7fb00e7fc700 (Original Log Time 2018/11/22-19:30:48.238913) [db/db_impl_compaction_flush.cc:1835] [usertable] Moving #11 to level-1 259789991 bytes
2018/11/22-19:30:48.330238 7fb00e7fc700 (Original Log Time 2018/11/22-19:30:48.330166) EVENT_LOG_v1 {"time_micros": 1542943848330156, "job": 4, "event": "trivial_move", "destination_level": 1, "files": 1, "total_files_size": 259789991}
2018/11/22-19:30:48.330239 7fb00e7fc700 (Original Log Time 2018/11/22-19:30:48.330181) [db/db_impl_compaction_flush.cc:1864] [usertable] Moved #1 files to level-1 259789991 bytes OK: base level 1 max bytes base 536870912 files[1 1 0 0 0 0 0] max score 0.50
2018/11/22-19:30:49.313655 7fb080ad6700 [db/db_impl_write.cc:1373] [usertable] New memtable created with log file: #15. Immutable memtables: 0.
2018/11/22-19:30:55.586651 7fb080ad6700 [db/db_impl_write.cc:1373] [usertable] New memtable created with log file: #16. Immutable memtables: 1.
2018/11/22-19:30:55.590861 7fb00cff9700 [db/db_impl_compaction_flush.cc:80] [JOB 5] Syncing log #13
2018/11/22-19:30:56.098132 7fb00cff9700 [db/db_impl_compaction_flush.cc:80] [JOB 5] Syncing log #15
2018/11/22-19:30:57.357395 7fb00cff9700 (Original Log Time 2018/11/22-19:30:55.590833) [db/db_impl_compaction_flush.cc:1424] Calling FlushMemTableToOutputFile with column family [usertable], flush slots available 24, compaction slots available 1, flush slots scheduled 1, compaction slots scheduled 0
2018/11/22-19:30:57.357402 7fb00cff9700 [db/flush_job.cc:301] [usertable] [JOB 5] Flushing memtable with next log file: 15
2018/11/22-19:30:57.357409 7fb00cff9700 [db/flush_job.cc:301] [usertable] [JOB 5] Flushing memtable with next log file: 16
2018/11/22-19:30:57.357437 7fb00cff9700 EVENT_LOG_v1 {"time_micros": 1542943857357427, "job": 5, "event": "flush_started", "num_memtables": 2, "num_entries": 62730, "num_deletes": 0, "memory_usage": 260054640, "flush_reason": "Write Buffer Full"}
2018/11/22-19:30:57.357445 7fb00cff9700 [db/flush_job.cc:331] [usertable] [JOB 5] Level-0 flush table #17: started
2018/11/22-19:30:58.824372 7fb00cff9700 EVENT_LOG_v1 {"time_micros": 1542943858824349, "cf_name": "usertable", "job": 5, "event": "table_file_creation", "file_number": 17, "file_size": 259789990, "table_properties": {"data_size": 258635790, "index_size": 1153273, "filter_size": 0, "raw_key_size": 1505520, "raw_average_key_size": 24, "raw_value_size": 256942080, "raw_average_value_size": 4096, "num_data_blocks": 31365, "num_entries": 62730, "filter_policy_name": "", "kDeletedKeys": "0", "kMergeOperands": "0"}}
2018/11/22-19:30:58.824392 7fb00cff9700 [db/flush_job.cc:371] [usertable] [JOB 5] Level-0 flush table #17: 259789990 bytes OK
2018/11/22-19:30:58.852823 7fb00cff9700 (Original Log Time 2018/11/22-19:30:58.824407) [db/memtable_list.cc:377] [usertable] Level-0 commit table #17 started
2018/11/22-19:30:58.852826 7fb00cff9700 (Original Log Time 2018/11/22-19:30:58.852745) [db/memtable_list.cc:409] [usertable] Level-0 commit table #17: memtable #1 done
2018/11/22-19:30:58.852827 7fb00cff9700 (Original Log Time 2018/11/22-19:30:58.852748) [db/memtable_list.cc:409] [usertable] Level-0 commit table #17: memtable #2 done
2018/11/22-19:30:58.852829 7fb00cff9700 (Original Log Time 2018/11/22-19:30:58.852764) EVENT_LOG_v1 {"time_micros": 1542943858852755, "job": 5, "event": "flush_finished", "output_compression": "NoCompression", "lsm_state": [2, 1, 0, 0, 0, 0, 0], "immutable_memtables": 0}
2018/11/22-19:30:58.852830 7fb00cff9700 (Original Log Time 2018/11/22-19:30:58.852799) [db/db_impl_compaction_flush.cc:177] [usertable] Level summary: base level 1 max bytes base 536870912 files[2 1 0 0 0 0 0] max score 1.00
