2019/03/20-03:29:48.887997 7f1429741700 RocksDB version: 5.14.3
2019/03/20-03:29:48.888045 7f1429741700 Git sha rocksdb_build_git_sha:
2019/03/20-03:29:48.888048 7f1429741700 Compile date Oct  9 2018
2019/03/20-03:29:48.888055 7f1429741700 DB SUMMARY
2019/03/20-03:29:48.888578 7f1429741700 CURRENT file:  CURRENT
2019/03/20-03:29:48.888582 7f1429741700 IDENTITY file:  IDENTITY
2019/03/20-03:29:48.888597 7f1429741700 MANIFEST file:  MANIFEST-000004 size: 130223 Bytes
2019/03/20-03:29:48.888601 7f1429741700 SST files in /mnt/sdc/ycsb-rocksdb-data dir, Total Num: 734, files: 000021.sst 000022.sst 000023.sst 000024.sst 000029.sst 000031.sst 000033.sst 000035.sst 000036.sst 
2019/03/20-03:29:48.888606 7f1429741700 Write Ahead Log file in /mnt/sdc/ycsb-rocksdb-data: 001342.log size: 67244726 ; 
2019/03/20-03:29:48.888632 7f1429741700                         Options.error_if_exists: 0
2019/03/20-03:29:48.888634 7f1429741700                       Options.create_if_missing: 1
2019/03/20-03:29:48.888635 7f1429741700                         Options.paranoid_checks: 1
2019/03/20-03:29:48.888635 7f1429741700                                     Options.env: 0x7f1428dbc080
2019/03/20-03:29:48.888636 7f1429741700                                Options.info_log: 0x7f13c43ea930
2019/03/20-03:29:48.888638 7f1429741700                Options.max_file_opening_threads: 16
2019/03/20-03:29:48.888638 7f1429741700                              Options.statistics: (nil)
2019/03/20-03:29:48.888640 7f1429741700                               Options.use_fsync: 0
2019/03/20-03:29:48.888640 7f1429741700                       Options.max_log_file_size: 0
2019/03/20-03:29:48.888641 7f1429741700                  Options.max_manifest_file_size: 18446744073709551615
2019/03/20-03:29:48.888642 7f1429741700                   Options.log_file_time_to_roll: 0
2019/03/20-03:29:48.888643 7f1429741700                       Options.keep_log_file_num: 1000
2019/03/20-03:29:48.888644 7f1429741700                    Options.recycle_log_file_num: 0
2019/03/20-03:29:48.888645 7f1429741700                         Options.allow_fallocate: 1
2019/03/20-03:29:48.888646 7f1429741700                        Options.allow_mmap_reads: 0
2019/03/20-03:29:48.888647 7f1429741700                       Options.allow_mmap_writes: 0
2019/03/20-03:29:48.888647 7f1429741700                        Options.use_direct_reads: 0
2019/03/20-03:29:48.888648 7f1429741700                        Options.use_direct_io_for_flush_and_compaction: 0
2019/03/20-03:29:48.888649 7f1429741700          Options.create_missing_column_families: 1
2019/03/20-03:29:48.888650 7f1429741700                              Options.db_log_dir: 
2019/03/20-03:29:48.888651 7f1429741700                                 Options.wal_dir: /mnt/sdc/ycsb-rocksdb-data
2019/03/20-03:29:48.888652 7f1429741700                Options.table_cache_numshardbits: 6
2019/03/20-03:29:48.888653 7f1429741700                      Options.max_subcompactions: 4
2019/03/20-03:29:48.888654 7f1429741700                  Options.max_background_flushes: 24
2019/03/20-03:29:48.888655 7f1429741700                         Options.WAL_ttl_seconds: 0
2019/03/20-03:29:48.888656 7f1429741700                       Options.WAL_size_limit_MB: 0
2019/03/20-03:29:48.888657 7f1429741700             Options.manifest_preallocation_size: 4194304
2019/03/20-03:29:48.888658 7f1429741700                     Options.is_fd_close_on_exec: 1
2019/03/20-03:29:48.888659 7f1429741700                   Options.advise_random_on_open: 1
2019/03/20-03:29:48.888659 7f1429741700                    Options.db_write_buffer_size: 0
2019/03/20-03:29:48.888660 7f1429741700                    Options.write_buffer_manager: 0x7f13c43e5340
2019/03/20-03:29:48.888661 7f1429741700         Options.access_hint_on_compaction_start: 1
2019/03/20-03:29:48.888662 7f1429741700  Options.new_table_reader_for_compaction_inputs: 0
2019/03/20-03:29:48.888663 7f1429741700           Options.random_access_max_buffer_size: 1048576
2019/03/20-03:29:48.888664 7f1429741700                      Options.use_adaptive_mutex: 0
2019/03/20-03:29:48.888665 7f1429741700                            Options.rate_limiter: (nil)
2019/03/20-03:29:48.888679 7f1429741700     Options.sst_file_manager.rate_bytes_per_sec: 0
2019/03/20-03:29:48.888681 7f1429741700                       Options.wal_recovery_mode: 2
2019/03/20-03:29:48.888682 7f1429741700                  Options.enable_thread_tracking: 0
2019/03/20-03:29:48.888683 7f1429741700                  Options.enable_pipelined_write: 1
2019/03/20-03:29:48.888684 7f1429741700         Options.allow_concurrent_memtable_write: 1
2019/03/20-03:29:48.888685 7f1429741700      Options.enable_write_thread_adaptive_yield: 1
2019/03/20-03:29:48.888685 7f1429741700             Options.write_thread_max_yield_usec: 100
2019/03/20-03:29:48.888686 7f1429741700            Options.write_thread_slow_yield_usec: 3
2019/03/20-03:29:48.888687 7f1429741700                               Options.row_cache: None
2019/03/20-03:29:48.888688 7f1429741700                              Options.wal_filter: None
2019/03/20-03:29:48.888689 7f1429741700             Options.avoid_flush_during_recovery: 0
2019/03/20-03:29:48.888690 7f1429741700             Options.allow_ingest_behind: 0
2019/03/20-03:29:48.888691 7f1429741700             Options.preserve_deletes: 0
2019/03/20-03:29:48.888692 7f1429741700             Options.two_write_queues: 0
2019/03/20-03:29:48.888692 7f1429741700             Options.manual_wal_flush: 0
2019/03/20-03:29:48.888694 7f1429741700             Options.max_background_jobs: 24
2019/03/20-03:29:48.888695 7f1429741700             Options.max_background_compactions: 24
2019/03/20-03:29:48.888696 7f1429741700             Options.avoid_flush_during_shutdown: 0
2019/03/20-03:29:48.888697 7f1429741700           Options.writable_file_max_buffer_size: 1048576
2019/03/20-03:29:48.888698 7f1429741700             Options.delayed_write_rate : 16777216
2019/03/20-03:29:48.888699 7f1429741700             Options.max_total_wal_size: 0
2019/03/20-03:29:48.888700 7f1429741700             Options.delete_obsolete_files_period_micros: 21600000000
2019/03/20-03:29:48.888701 7f1429741700                   Options.stats_dump_period_sec: 60
2019/03/20-03:29:48.888701 7f1429741700                          Options.max_open_files: -1
2019/03/20-03:29:48.888702 7f1429741700                          Options.bytes_per_sync: 1048576
2019/03/20-03:29:48.888703 7f1429741700                      Options.wal_bytes_per_sync: 0
2019/03/20-03:29:48.888704 7f1429741700       Options.compaction_readahead_size: 0
2019/03/20-03:29:48.888705 7f1429741700 Compression algorithms supported:
2019/03/20-03:29:48.888706 7f1429741700 	kZSTDNotFinalCompression supported: 1
2019/03/20-03:29:48.888714 7f1429741700 	kZSTD supported: 1
2019/03/20-03:29:48.888715 7f1429741700 	kXpressCompression supported: 0
2019/03/20-03:29:48.888716 7f1429741700 	kLZ4HCCompression supported: 1
2019/03/20-03:29:48.888717 7f1429741700 	kLZ4Compression supported: 1
2019/03/20-03:29:48.888718 7f1429741700 	kBZip2Compression supported: 1
2019/03/20-03:29:48.888719 7f1429741700 	kZlibCompression supported: 1
2019/03/20-03:29:48.888720 7f1429741700 	kSnappyCompression supported: 1
2019/03/20-03:29:48.888723 7f1429741700 Fast CRC32 supported: Not supported on x86
2019/03/20-03:29:48.889182 7f1429741700 [db/version_set.cc:3085] Recovering from manifest file: MANIFEST-000004
2019/03/20-03:29:48.889276 7f1429741700 [db/column_family.cc:475] --------------- Options for column family [default]:
2019/03/20-03:29:48.889279 7f1429741700               Options.comparator: leveldb.BytewiseComparator
2019/03/20-03:29:48.889281 7f1429741700           Options.merge_operator: None
2019/03/20-03:29:48.889282 7f1429741700        Options.compaction_filter: None
2019/03/20-03:29:48.889282 7f1429741700        Options.compaction_filter_factory: None
2019/03/20-03:29:48.889283 7f1429741700         Options.memtable_factory: SkipListFactory
2019/03/20-03:29:48.889284 7f1429741700            Options.table_factory: BlockBasedTable
2019/03/20-03:29:48.889310 7f1429741700            table_factory options:   flush_block_policy_factory: FlushBlockBySizePolicyFactory (0x7f13c43e43c0)
  cache_index_and_filter_blocks: 0
  cache_index_and_filter_blocks_with_high_priority: 0
  pin_l0_filter_and_index_blocks_in_cache: 0
  index_type: 0
  hash_index_allow_collision: 1
  checksum: 1
  no_block_cache: 0
  block_cache: 0x7f13c43d62b0
  block_cache_name: LRUCache
  block_cache_options:
    capacity : 8388608
    num_shard_bits : 4
    strict_capacity_limit : 0
    high_pri_pool_ratio: 0.000
  block_cache_compressed: (nil)
  persistent_cache: (nil)
  block_size: 8192
  block_size_deviation: 10
  block_restart_interval: 16
  index_block_restart_interval: 1
  metadata_block_size: 4096
  partition_filters: 0
  use_delta_encoding: 1
  filter_policy: nullptr
  whole_key_filtering: 1
  verify_compression: 0
  read_amp_bytes_per_bit: 0
  format_version: 2
  enable_index_compression: 1
  block_align: 0
2019/03/20-03:29:48.889324 7f1429741700        Options.write_buffer_size: 134217728
2019/03/20-03:29:48.889325 7f1429741700  Options.max_write_buffer_number: 24
2019/03/20-03:29:48.889327 7f1429741700        Options.compression[0]: NoCompression
2019/03/20-03:29:48.889328 7f1429741700        Options.compression[1]: NoCompression
2019/03/20-03:29:48.889330 7f1429741700        Options.compression[2]: LZ4
2019/03/20-03:29:48.889331 7f1429741700        Options.compression[3]: LZ4
2019/03/20-03:29:48.889332 7f1429741700        Options.compression[4]: LZ4
2019/03/20-03:29:48.889333 7f1429741700        Options.compression[5]: LZ4
2019/03/20-03:29:48.889334 7f1429741700        Options.compression[6]: LZ4
2019/03/20-03:29:48.889335 7f1429741700                  Options.bottommost_compression: Disabled
2019/03/20-03:29:48.889336 7f1429741700       Options.prefix_extractor: nullptr
2019/03/20-03:29:48.889337 7f1429741700   Options.memtable_insert_with_hint_prefix_extractor: nullptr
2019/03/20-03:29:48.889338 7f1429741700             Options.num_levels: 7
2019/03/20-03:29:48.889339 7f1429741700        Options.min_write_buffer_number_to_merge: 2
2019/03/20-03:29:48.889340 7f1429741700     Options.max_write_buffer_number_to_maintain: 0
2019/03/20-03:29:48.889341 7f1429741700            Options.compression_opts.window_bits: -14
2019/03/20-03:29:48.889342 7f1429741700                  Options.compression_opts.level: -1
2019/03/20-03:29:48.889343 7f1429741700               Options.compression_opts.strategy: 0
2019/03/20-03:29:48.889344 7f1429741700         Options.compression_opts.max_dict_bytes: 0
2019/03/20-03:29:48.889344 7f1429741700         Options.compression_opts.zstd_max_train_bytes: 0
2019/03/20-03:29:48.889345 7f1429741700      Options.level0_file_num_compaction_trigger: 2
2019/03/20-03:29:48.889346 7f1429741700          Options.level0_slowdown_writes_trigger: 20
2019/03/20-03:29:48.889347 7f1429741700              Options.level0_stop_writes_trigger: 36
2019/03/20-03:29:48.889348 7f1429741700                   Options.target_file_size_base: 67108864
2019/03/20-03:29:48.889349 7f1429741700             Options.target_file_size_multiplier: 1
2019/03/20-03:29:48.889350 7f1429741700                Options.max_bytes_for_level_base: 536870912
2019/03/20-03:29:48.889351 7f1429741700 Options.level_compaction_dynamic_level_bytes: 0
2019/03/20-03:29:48.889351 7f1429741700          Options.max_bytes_for_level_multiplier: 10.000000
2019/03/20-03:29:48.889355 7f1429741700 Options.max_bytes_for_level_multiplier_addtl[0]: 1
2019/03/20-03:29:48.889356 7f1429741700 Options.max_bytes_for_level_multiplier_addtl[1]: 1
2019/03/20-03:29:48.889357 7f1429741700 Options.max_bytes_for_level_multiplier_addtl[2]: 1
2019/03/20-03:29:48.889357 7f1429741700 Options.max_bytes_for_level_multiplier_addtl[3]: 1
2019/03/20-03:29:48.889358 7f1429741700 Options.max_bytes_for_level_multiplier_addtl[4]: 1
2019/03/20-03:29:48.889359 7f1429741700 Options.max_bytes_for_level_multiplier_addtl[5]: 1
2019/03/20-03:29:48.889360 7f1429741700 Options.max_bytes_for_level_multiplier_addtl[6]: 1
2019/03/20-03:29:48.889361 7f1429741700       Options.max_sequential_skip_in_iterations: 8
2019/03/20-03:29:48.889362 7f1429741700                    Options.max_compaction_bytes: 1677721600
2019/03/20-03:29:48.889369 7f1429741700                        Options.arena_block_size: 16777216
2019/03/20-03:29:48.889370 7f1429741700   Options.soft_pending_compaction_bytes_limit: 68719476736
2019/03/20-03:29:48.889371 7f1429741700   Options.hard_pending_compaction_bytes_limit: 274877906944
2019/03/20-03:29:48.889372 7f1429741700       Options.rate_limit_delay_max_milliseconds: 100
2019/03/20-03:29:48.889373 7f1429741700                Options.disable_auto_compactions: 0
2019/03/20-03:29:48.889374 7f1429741700                        Options.compaction_style: kCompactionStyleLevel
2019/03/20-03:29:48.889376 7f1429741700                          Options.compaction_pri: kByCompensatedSize
2019/03/20-03:29:48.889377 7f1429741700 Options.compaction_options_universal.size_ratio: 1
2019/03/20-03:29:48.889377 7f1429741700 Options.compaction_options_universal.min_merge_width: 2
2019/03/20-03:29:48.889378 7f1429741700 Options.compaction_options_universal.max_merge_width: 4294967295
2019/03/20-03:29:48.889379 7f1429741700 Options.compaction_options_universal.max_size_amplification_percent: 200
2019/03/20-03:29:48.889380 7f1429741700 Options.compaction_options_universal.compression_size_percent: -1
2019/03/20-03:29:48.889381 7f1429741700 Options.compaction_options_universal.stop_style: kCompactionStopStyleTotalSize
2019/03/20-03:29:48.889382 7f1429741700 Options.compaction_options_fifo.max_table_files_size: 1073741824
2019/03/20-03:29:48.889383 7f1429741700 Options.compaction_options_fifo.allow_compaction: 0
2019/03/20-03:29:48.889384 7f1429741700 Options.compaction_options_fifo.ttl: 0
2019/03/20-03:29:48.889385 7f1429741700                   Options.table_properties_collectors: 
2019/03/20-03:29:48.889386 7f1429741700                   Options.inplace_update_support: 0
2019/03/20-03:29:48.889387 7f1429741700                 Options.inplace_update_num_locks: 10000
2019/03/20-03:29:48.889388 7f1429741700               Options.memtable_prefix_bloom_size_ratio: 0.000000
2019/03/20-03:29:48.889389 7f1429741700   Options.memtable_huge_page_size: 0
2019/03/20-03:29:48.889390 7f1429741700                           Options.bloom_locality: 0
2019/03/20-03:29:48.889391 7f1429741700                    Options.max_successive_merges: 0
2019/03/20-03:29:48.889392 7f1429741700                Options.optimize_filters_for_hits: 0
2019/03/20-03:29:48.889393 7f1429741700                Options.paranoid_file_checks: 0
2019/03/20-03:29:48.889393 7f1429741700                Options.force_consistency_checks: 0
2019/03/20-03:29:48.889394 7f1429741700                Options.report_bg_io_stats: 0
2019/03/20-03:29:48.889395 7f1429741700                               Options.ttl: 0
2019/03/20-03:29:48.889861 7f1429741700 [db/column_family.cc:475] --------------- Options for column family [usertable]:
2019/03/20-03:29:48.889865 7f1429741700               Options.comparator: leveldb.BytewiseComparator
2019/03/20-03:29:48.889866 7f1429741700           Options.merge_operator: None
2019/03/20-03:29:48.889867 7f1429741700        Options.compaction_filter: None
2019/03/20-03:29:48.889868 7f1429741700        Options.compaction_filter_factory: None
2019/03/20-03:29:48.889869 7f1429741700         Options.memtable_factory: SkipListFactory
2019/03/20-03:29:48.889870 7f1429741700            Options.table_factory: BlockBasedTable
2019/03/20-03:29:48.889894 7f1429741700            table_factory options:   flush_block_policy_factory: FlushBlockBySizePolicyFactory (0x7f13c43e0c70)
  cache_index_and_filter_blocks: 0
  cache_index_and_filter_blocks_with_high_priority: 0
  pin_l0_filter_and_index_blocks_in_cache: 0
  index_type: 0
  hash_index_allow_collision: 1
  checksum: 1
  no_block_cache: 0
  block_cache: 0x7f13c43e5c70
  block_cache_name: LRUCache
  block_cache_options:
    capacity : 8388608
    num_shard_bits : 4
    strict_capacity_limit : 0
    high_pri_pool_ratio: 0.000
  block_cache_compressed: (nil)
  persistent_cache: (nil)
  block_size: 8192
  block_size_deviation: 10
  block_restart_interval: 16
  index_block_restart_interval: 1
  metadata_block_size: 4096
  partition_filters: 0
  use_delta_encoding: 1
  filter_policy: nullptr
  whole_key_filtering: 1
  verify_compression: 0
  read_amp_bytes_per_bit: 0
  format_version: 2
  enable_index_compression: 1
  block_align: 0
2019/03/20-03:29:48.889908 7f1429741700        Options.write_buffer_size: 134217728
2019/03/20-03:29:48.889910 7f1429741700  Options.max_write_buffer_number: 24
2019/03/20-03:29:48.889911 7f1429741700        Options.compression[0]: NoCompression
2019/03/20-03:29:48.889912 7f1429741700        Options.compression[1]: NoCompression
2019/03/20-03:29:48.889913 7f1429741700        Options.compression[2]: LZ4
2019/03/20-03:29:48.889915 7f1429741700        Options.compression[3]: LZ4
2019/03/20-03:29:48.889916 7f1429741700        Options.compression[4]: LZ4
2019/03/20-03:29:48.889917 7f1429741700        Options.compression[5]: LZ4
2019/03/20-03:29:48.889918 7f1429741700        Options.compression[6]: LZ4
2019/03/20-03:29:48.889919 7f1429741700                  Options.bottommost_compression: Disabled
2019/03/20-03:29:48.889920 7f1429741700       Options.prefix_extractor: nullptr
2019/03/20-03:29:48.889921 7f1429741700   Options.memtable_insert_with_hint_prefix_extractor: nullptr
2019/03/20-03:29:48.889922 7f1429741700             Options.num_levels: 7
2019/03/20-03:29:48.889923 7f1429741700        Options.min_write_buffer_number_to_merge: 2
2019/03/20-03:29:48.889924 7f1429741700     Options.max_write_buffer_number_to_maintain: 0
2019/03/20-03:29:48.889924 7f1429741700            Options.compression_opts.window_bits: -14
2019/03/20-03:29:48.889925 7f1429741700                  Options.compression_opts.level: -1
2019/03/20-03:29:48.889926 7f1429741700               Options.compression_opts.strategy: 0
2019/03/20-03:29:48.889927 7f1429741700         Options.compression_opts.max_dict_bytes: 0
2019/03/20-03:29:48.889928 7f1429741700         Options.compression_opts.zstd_max_train_bytes: 0
2019/03/20-03:29:48.889929 7f1429741700      Options.level0_file_num_compaction_trigger: 2
2019/03/20-03:29:48.889930 7f1429741700          Options.level0_slowdown_writes_trigger: 20
2019/03/20-03:29:48.889930 7f1429741700              Options.level0_stop_writes_trigger: 36
2019/03/20-03:29:48.889931 7f1429741700                   Options.target_file_size_base: 67108864
2019/03/20-03:29:48.889932 7f1429741700             Options.target_file_size_multiplier: 1
2019/03/20-03:29:48.889933 7f1429741700                Options.max_bytes_for_level_base: 536870912
2019/03/20-03:29:48.889934 7f1429741700 Options.level_compaction_dynamic_level_bytes: 0
2019/03/20-03:29:48.889935 7f1429741700          Options.max_bytes_for_level_multiplier: 10.000000
2019/03/20-03:29:48.889937 7f1429741700 Options.max_bytes_for_level_multiplier_addtl[0]: 1
2019/03/20-03:29:48.889938 7f1429741700 Options.max_bytes_for_level_multiplier_addtl[1]: 1
2019/03/20-03:29:48.889939 7f1429741700 Options.max_bytes_for_level_multiplier_addtl[2]: 1
2019/03/20-03:29:48.889939 7f1429741700 Options.max_bytes_for_level_multiplier_addtl[3]: 1
2019/03/20-03:29:48.889940 7f1429741700 Options.max_bytes_for_level_multiplier_addtl[4]: 1
2019/03/20-03:29:48.889941 7f1429741700 Options.max_bytes_for_level_multiplier_addtl[5]: 1
2019/03/20-03:29:48.889942 7f1429741700 Options.max_bytes_for_level_multiplier_addtl[6]: 1
2019/03/20-03:29:48.889943 7f1429741700       Options.max_sequential_skip_in_iterations: 8
2019/03/20-03:29:48.889944 7f1429741700                    Options.max_compaction_bytes: 1677721600
2019/03/20-03:29:48.889945 7f1429741700                        Options.arena_block_size: 16777216
2019/03/20-03:29:48.889946 7f1429741700   Options.soft_pending_compaction_bytes_limit: 68719476736
2019/03/20-03:29:48.889947 7f1429741700   Options.hard_pending_compaction_bytes_limit: 274877906944
2019/03/20-03:29:48.889947 7f1429741700       Options.rate_limit_delay_max_milliseconds: 100
2019/03/20-03:29:48.889948 7f1429741700                Options.disable_auto_compactions: 0
2019/03/20-03:29:48.889949 7f1429741700                        Options.compaction_style: kCompactionStyleLevel
2019/03/20-03:29:48.889956 7f1429741700                          Options.compaction_pri: kByCompensatedSize
2019/03/20-03:29:48.889958 7f1429741700 Options.compaction_options_universal.size_ratio: 1
2019/03/20-03:29:48.889959 7f1429741700 Options.compaction_options_universal.min_merge_width: 2
2019/03/20-03:29:48.889960 7f1429741700 Options.compaction_options_universal.max_merge_width: 4294967295
2019/03/20-03:29:48.889961 7f1429741700 Options.compaction_options_universal.max_size_amplification_percent: 200
2019/03/20-03:29:48.889961 7f1429741700 Options.compaction_options_universal.compression_size_percent: -1
2019/03/20-03:29:48.889962 7f1429741700 Options.compaction_options_universal.stop_style: kCompactionStopStyleTotalSize
2019/03/20-03:29:48.889963 7f1429741700 Options.compaction_options_fifo.max_table_files_size: 1073741824
2019/03/20-03:29:48.889964 7f1429741700 Options.compaction_options_fifo.allow_compaction: 0
2019/03/20-03:29:48.889965 7f1429741700 Options.compaction_options_fifo.ttl: 0
2019/03/20-03:29:48.889966 7f1429741700                   Options.table_properties_collectors: 
2019/03/20-03:29:48.889967 7f1429741700                   Options.inplace_update_support: 0
2019/03/20-03:29:48.889968 7f1429741700                 Options.inplace_update_num_locks: 10000
2019/03/20-03:29:48.889969 7f1429741700               Options.memtable_prefix_bloom_size_ratio: 0.000000
2019/03/20-03:29:48.889970 7f1429741700   Options.memtable_huge_page_size: 0
2019/03/20-03:29:48.889971 7f1429741700                           Options.bloom_locality: 0
2019/03/20-03:29:48.889972 7f1429741700                    Options.max_successive_merges: 0
2019/03/20-03:29:48.889973 7f1429741700                Options.optimize_filters_for_hits: 0
2019/03/20-03:29:48.889973 7f1429741700                Options.paranoid_file_checks: 0
2019/03/20-03:29:48.889974 7f1429741700                Options.force_consistency_checks: 0
2019/03/20-03:29:48.889975 7f1429741700                Options.report_bg_io_stats: 0
2019/03/20-03:29:48.889976 7f1429741700                               Options.ttl: 0
2019/03/20-03:29:49.542582 7f1429741700 [db/version_set.cc:3361] Recovered from manifest file:/mnt/sdc/ycsb-rocksdb-data/MANIFEST-000004 succeeded,manifest_file_number is 4, next_file_number is 1345, last_sequence is 10442166, log_number is 0,prev_log_number is 0,max_column_family is 1,min_log_number_to_keep is 0
2019/03/20-03:29:49.542595 7f1429741700 [db/version_set.cc:3369] Column family [default] (ID 0), log number is 0
2019/03/20-03:29:49.542598 7f1429741700 [db/version_set.cc:3369] Column family [usertable] (ID 1), log number is 1342
2019/03/20-03:29:49.544681 7f1429741700 EVENT_LOG_v1 {"time_micros": 1553077789544661, "job": 1, "event": "recovery_started", "log_files": [1342]}
2019/03/20-03:29:49.544692 7f1429741700 [db/db_impl_open.cc:551] Recovering log #1342 mode 2
2019/03/20-03:29:49.761096 7f1429741700 [db/version_set.cc:2847] Creating manifest 1345
2019/03/20-03:29:50.125464 7f1429741700 EVENT_LOG_v1 {"time_micros": 1553077790125422, "cf_name": "usertable", "job": 1, "event": "table_file_creation", "file_number": 1346, "file_size": 67326688, "table_properties": {"data_size": 67025295, "index_size": 300472, "filter_size": 0, "raw_key_size": 390144, "raw_average_key_size": 24, "raw_value_size": 66584576, "raw_average_value_size": 4096, "num_data_blocks": 8128, "num_entries": 16256, "filter_policy_name": "", "kDeletedKeys": "0", "kMergeOperands": "0"}}
2019/03/20-03:29:50.158969 7f1429741700 EVENT_LOG_v1 {"time_micros": 1553077790158956, "job": 1, "event": "recovery_finished"}
2019/03/20-03:29:50.218224 7f135b7fe700 [WARN] [db/db_impl.cc:491] ------- DUMPING STATS -------
2019/03/20-03:29:50.218320 7f135b7fe700 [WARN] [db/db_impl.cc:492] 
** DB Stats **
Uptime(secs): 1.3 total, 1.3 interval
Cumulative writes: 0 writes, 0 keys, 0 commit groups, 0.0 writes per commit group, ingest: 0.00 GB, 0.00 MB/s
Cumulative WAL: 0 writes, 0 syncs, 0.00 writes per sync, written: 0.00 GB, 0.00 MB/s
Cumulative stall: 00:00:0.000 H:M:S, 0.0 percent
Interval writes: 0 writes, 0 keys, 0 commit groups, 0.0 writes per commit group, ingest: 0.00 MB, 0.00 MB/s
Interval WAL: 0 writes, 0 syncs, 0.00 writes per sync, written: 0.00 MB, 0.00 MB/s
Interval stall: 00:00:0.000 H:M:S, 0.0 percent

** Compaction Stats [default] **
Level    Files   Size     Score Read(GB)  Rn(GB) Rnp1(GB) Write(GB) Wnew(GB) Moved(GB) W-Amp Rd(MB/s) Wr(MB/s) Comp(sec) Comp(cnt) Avg(sec) KeyIn KeyDrop
----------------------------------------------------------------------------------------------------------------------------------------------------------
 Sum      0/0    0.00 KB   0.0      0.0     0.0      0.0       0.0      0.0       0.0   0.0      0.0      0.0         0         0    0.000       0      0
 Int      0/0    0.00 KB   0.0      0.0     0.0      0.0       0.0      0.0       0.0   0.0      0.0      0.0         0         0    0.000       0      0
Uptime(secs): 1.3 total, 1.3 interval
Flush(GB): cumulative 0.000, interval 0.000
AddFile(GB): cumulative 0.000, interval 0.000
AddFile(Total Files): cumulative 0, interval 0
AddFile(L0 Files): cumulative 0, interval 0
AddFile(Keys): cumulative 0, interval 0
Cumulative compaction: 0.00 GB write, 0.00 MB/s write, 0.00 GB read, 0.00 MB/s read, 0.0 seconds
Interval compaction: 0.00 GB write, 0.00 MB/s write, 0.00 GB read, 0.00 MB/s read, 0.0 seconds
Stalls(count): 0 level0_slowdown, 0 level0_slowdown_with_compaction, 0 level0_numfiles, 0 level0_numfiles_with_compaction, 0 stop for pending_compaction_bytes, 0 slowdown for pending_compaction_bytes, 0 memtable_compaction, 0 memtable_slowdown, interval 0 total count

** File Read Latency Histogram By Level [default] **

** Compaction Stats [usertable] **
Level    Files   Size     Score Read(GB)  Rn(GB) Rnp1(GB) Write(GB) Wnew(GB) Moved(GB) W-Amp Rd(MB/s) Wr(MB/s) Comp(sec) Comp(cnt) Avg(sec) KeyIn KeyDrop
----------------------------------------------------------------------------------------------------------------------------------------------------------
  L0      2/0   263.14 MB   1.0      0.0     0.0      0.0       0.1      0.1       0.0   1.0      0.0    233.0         0         1    0.276       0      0
  L1     10/0   705.05 MB   1.4      0.0     0.0      0.0       0.0      0.0       0.0   0.0      0.0      0.0         0         0    0.000       0      0
  L2    176/0    4.98 GB   1.0      0.0     0.0      0.0       0.0      0.0       0.0   0.0      0.0      0.0         0         0    0.000       0      0
  L3    547/0   34.25 GB   0.7      0.0     0.0      0.0       0.0      0.0       0.0   0.0      0.0      0.0         0         0    0.000       0      0
 Sum    735/0   40.18 GB   0.0      0.0     0.0      0.0       0.1      0.1       0.0   1.0      0.0    233.0         0         1    0.276       0      0
 Int      0/0    0.00 KB   0.0      0.0     0.0      0.0       0.1      0.1       0.0   1.0      0.0    233.0         0         1    0.276       0      0
Uptime(secs): 1.3 total, 1.3 interval
Flush(GB): cumulative 0.063, interval 0.063
AddFile(GB): cumulative 0.000, interval 0.000
AddFile(Total Files): cumulative 0, interval 0
AddFile(L0 Files): cumulative 0, interval 0
AddFile(Keys): cumulative 0, interval 0
Cumulative compaction: 0.06 GB write, 48.35 MB/s write, 0.00 GB read, 0.00 MB/s read, 0.3 seconds
Interval compaction: 0.06 GB write, 48.35 MB/s write, 0.00 GB read, 0.00 MB/s read, 0.3 seconds
Stalls(count): 0 level0_slowdown, 0 level0_slowdown_with_compaction, 0 level0_numfiles, 0 level0_numfiles_with_compaction, 0 stop for pending_compaction_bytes, 0 slowdown for pending_compaction_bytes, 0 memtable_compaction, 0 memtable_slowdown, interval 0 total count

** File Read Latency Histogram By Level [usertable] **

** Compaction Stats [default] **
Level    Files   Size     Score Read(GB)  Rn(GB) Rnp1(GB) Write(GB) Wnew(GB) Moved(GB) W-Amp Rd(MB/s) Wr(MB/s) Comp(sec) Comp(cnt) Avg(sec) KeyIn KeyDrop
----------------------------------------------------------------------------------------------------------------------------------------------------------
 Sum      0/0    0.00 KB   0.0      0.0     0.0      0.0       0.0      0.0       0.0   0.0      0.0      0.0         0         0    0.000       0      0
 Int      0/0    0.00 KB   0.0      0.0     0.0      0.0       0.0      0.0       0.0   0.0      0.0      0.0         0         0    0.000       0      0
Uptime(secs): 1.3 total, 0.0 interval
Flush(GB): cumulative 0.000, interval 0.000
AddFile(GB): cumulative 0.000, interval 0.000
AddFile(Total Files): cumulative 0, interval 0
AddFile(L0 Files): cumulative 0, interval 0
AddFile(Keys): cumulative 0, interval 0
Cumulative compaction: 0.00 GB write, 0.00 MB/s write, 0.00 GB read, 0.00 MB/s read, 0.0 seconds
Interval compaction: 0.00 GB write, 0.00 MB/s write, 0.00 GB read, 0.00 MB/s read, 0.0 seconds
Stalls(count): 0 level0_slowdown, 0 level0_slowdown_with_compaction, 0 level0_numfiles, 0 level0_numfiles_with_compaction, 0 stop for pending_compaction_bytes, 0 slowdown for pending_compaction_bytes, 0 memtable_compaction, 0 memtable_slowdown, interval 0 total count

** File Read Latency Histogram By Level [default] **

** Compaction Stats [usertable] **
Level    Files   Size     Score Read(GB)  Rn(GB) Rnp1(GB) Write(GB) Wnew(GB) Moved(GB) W-Amp Rd(MB/s) Wr(MB/s) Comp(sec) Comp(cnt) Avg(sec) KeyIn KeyDrop
----------------------------------------------------------------------------------------------------------------------------------------------------------
  L0      2/0   263.14 MB   1.0      0.0     0.0      0.0       0.1      0.1       0.0   1.0      0.0    233.0         0         1    0.276       0      0
  L1     10/0   705.05 MB   1.4      0.0     0.0      0.0       0.0      0.0       0.0   0.0      0.0      0.0         0         0    0.000       0      0
  L2    176/0    4.98 GB   1.0      0.0     0.0      0.0       0.0      0.0       0.0   0.0      0.0      0.0         0         0    0.000       0      0
  L3    547/0   34.25 GB   0.7      0.0     0.0      0.0       0.0      0.0       0.0   0.0      0.0      0.0         0         0    0.000       0      0
 Sum    735/0   40.18 GB   0.0      0.0     0.0      0.0       0.1      0.1       0.0   1.0      0.0    233.0         0         1    0.276       0      0
 Int      0/0    0.00 KB   0.0      0.0     0.0      0.0       0.0      0.0       0.0   0.0      0.0      0.0         0         0    0.000       0      0
Uptime(secs): 1.3 total, 0.0 interval
Flush(GB): cumulative 0.063, interval 0.000
AddFile(GB): cumulative 0.000, interval 0.000
AddFile(Total Files): cumulative 0, interval 0
AddFile(L0 Files): cumulative 0, interval 0
AddFile(Keys): cumulative 0, interval 0
Cumulative compaction: 0.06 GB write, 48.34 MB/s write, 0.00 GB read, 0.00 MB/s read, 0.3 seconds
Interval compaction: 0.00 GB write, 0.00 MB/s write, 0.00 GB read, 0.00 MB/s read, 0.0 seconds
Stalls(count): 0 level0_slowdown, 0 level0_slowdown_with_compaction, 0 level0_numfiles, 0 level0_numfiles_with_compaction, 0 stop for pending_compaction_bytes, 0 slowdown for pending_compaction_bytes, 0 memtable_compaction, 0 memtable_slowdown, interval 0 total count

** File Read Latency Histogram By Level [usertable] **
2019/03/20-03:29:50.218589 7f135b7fe700 [db/compaction_job.cc:1531] [usertable] [JOB 3] Compacting 1@1 files to L2, score 1.38
2019/03/20-03:29:50.218597 7f135b7fe700 [db/compaction_job.cc:1535] [usertable] Compaction start summary: Base version 5 Base level 1, inputs: [1343(203MB)]
2019/03/20-03:29:50.218644 7f135b7fe700 EVENT_LOG_v1 {"time_micros": 1553077790218619, "job": 3, "event": "compaction_started", "compaction_reason": "LevelMaxLevelSize", "files_L1": [1343], "score": 1.37705, "input_data_size": 212871187}
2019/03/20-03:29:50.218687 7f1429741700 [db/db_impl_open.cc:1219] DB pointer 0x7f13c43e2ea0
2019/03/20-03:29:51.084321 7f135b7fe700 [db/compaction_job.cc:1211] [usertable] [JOB 3] Generated table #1350: 16279 keys, 67233540 bytes
2019/03/20-03:29:51.084376 7f135b7fe700 EVENT_LOG_v1 {"time_micros": 1553077791084350, "cf_name": "usertable", "job": 3, "event": "table_file_creation", "file_number": 1350, "file_size": 67233540, "table_properties": {"data_size": 67120139, "index_size": 300916, "filter_size": 0, "raw_key_size": 390696, "raw_average_key_size": 24, "raw_value_size": 66678784, "raw_average_value_size": 4096, "num_data_blocks": 8140, "num_entries": 16279, "filter_policy_name": "", "kDeletedKeys": "0", "kMergeOperands": "0"}}
2019/03/20-03:29:51.910548 7f135b7fe700 [db/compaction_job.cc:1211] [usertable] [JOB 3] Generated table #1351: 16279 keys, 67233347 bytes
2019/03/20-03:29:51.910608 7f135b7fe700 EVENT_LOG_v1 {"time_micros": 1553077791910574, "cf_name": "usertable", "job": 3, "event": "table_file_creation", "file_number": 1351, "file_size": 67233347, "table_properties": {"data_size": 67118331, "index_size": 299107, "filter_size": 0, "raw_key_size": 390696, "raw_average_key_size": 24, "raw_value_size": 66678784, "raw_average_value_size": 4096, "num_data_blocks": 8140, "num_entries": 16279, "filter_policy_name": "", "kDeletedKeys": "0", "kMergeOperands": "0"}}
2019/03/20-03:29:52.760740 7f135b7fe700 [db/compaction_job.cc:1211] [usertable] [JOB 3] Generated table #1352: 16279 keys, 67233590 bytes
2019/03/20-03:29:52.760794 7f135b7fe700 EVENT_LOG_v1 {"time_micros": 1553077792760770, "cf_name": "usertable", "job": 3, "event": "table_file_creation", "file_number": 1352, "file_size": 67233590, "table_properties": {"data_size": 67120141, "index_size": 300916, "filter_size": 0, "raw_key_size": 390696, "raw_average_key_size": 24, "raw_value_size": 66678784, "raw_average_value_size": 4096, "num_data_blocks": 8140, "num_entries": 16279, "filter_policy_name": "", "kDeletedKeys": "0", "kMergeOperands": "0"}}
2019/03/20-03:29:52.924342 7f135b7fe700 [db/compaction_job.cc:1211] [usertable] [JOB 3] Generated table #1353: 2561 keys, 10577951 bytes
2019/03/20-03:29:52.924384 7f135b7fe700 EVENT_LOG_v1 {"time_micros": 1553077792924365, "cf_name": "usertable", "job": 3, "event": "table_file_creation", "file_number": 1353, "file_size": 10577951, "table_properties": {"data_size": 10559019, "index_size": 46851, "filter_size": 0, "raw_key_size": 61464, "raw_average_key_size": 24, "raw_value_size": 10489856, "raw_average_value_size": 4096, "num_data_blocks": 1281, "num_entries": 2561, "filter_policy_name": "", "kDeletedKeys": "0", "kMergeOperands": "0"}}
2019/03/20-03:29:52.924450 7f135b7fe700 [db/compaction_job.cc:1287] [usertable] [JOB 3] Compacted 1@1 files to L2 => 212278428 bytes
2019/03/20-03:29:52.958728 7f135b7fe700 (Original Log Time 2019/03/20-03:29:52.958578) [db/compaction_job.cc:685] [usertable] compacted to: base level 1 max bytes base 536870912 files[2 9 180 547 0 0 0] max score 1.04, MB/sec: 78.7 rd, 78.5 wr, level 2, files in(1, 0) out(4) MB in(203.0, 0.0) out(202.4), read-write-amplify(2.0) write-amplify(1.0) OK, records in: 51398, records dropped: 0 output_compression: LZ4
2019/03/20-03:29:52.958736 7f135b7fe700 (Original Log Time 2019/03/20-03:29:52.958629) EVENT_LOG_v1 {"time_micros": 1553077792958611, "job": 3, "event": "compaction_finished", "compaction_time_micros": 2705764, "output_level": 2, "num_output_files": 4, "total_output_size": 212278428, "num_input_records": 51398, "num_output_records": 51398, "num_subcompactions": 1, "output_compression": "LZ4", "num_single_delete_mismatches": 0, "num_single_delete_fallthrough": 0, "lsm_state": [2, 9, 180, 547, 0, 0, 0]}
2019/03/20-03:29:52.991834 7f135b7fe700 (Original Log Time 2019/03/20-03:29:52.958794) [db/db_impl_compaction_flush.cc:1835] [usertable] Moving #1352 to level-3 67233590 bytes
2019/03/20-03:29:52.991839 7f135b7fe700 (Original Log Time 2019/03/20-03:29:52.991770) EVENT_LOG_v1 {"time_micros": 1553077792991754, "job": 4, "event": "trivial_move", "destination_level": 3, "files": 1, "total_files_size": 67233590}
2019/03/20-03:29:52.991841 7f135b7fe700 (Original Log Time 2019/03/20-03:29:52.991785) [db/db_impl_compaction_flush.cc:1864] [usertable] Moved #1 files to level-3 67233590 bytes OK: base level 1 max bytes base 536870912 files[2 9 179 548 0 0 0] max score 1.02
2019/03/20-03:29:53.016929 7f135b7fe700 EVENT_LOG_v1 {"time_micros": 1553077793016918, "job": 4, "event": "table_file_deletion", "file_number": 1343}
2019/03/20-03:29:53.050578 7f135b7fe700 (Original Log Time 2019/03/20-03:29:53.017119) [db/db_impl_compaction_flush.cc:1835] [usertable] Moving #1350 to level-3 67233540 bytes
2019/03/20-03:29:53.050584 7f135b7fe700 (Original Log Time 2019/03/20-03:29:53.050466) EVENT_LOG_v1 {"time_micros": 1553077793050453, "job": 5, "event": "trivial_move", "destination_level": 3, "files": 1, "total_files_size": 67233540}
2019/03/20-03:29:53.050586 7f135b7fe700 (Original Log Time 2019/03/20-03:29:53.050482) [db/db_impl_compaction_flush.cc:1864] [usertable] Moved #1 files to level-3 67233540 bytes OK: base level 1 max bytes base 536870912 files[2 9 178 549 0 0 0] max score 1.01
2019/03/20-03:29:53.127461 7f13beffd700 (Original Log Time 2019/03/20-03:29:53.050797) [db/db_impl_compaction_flush.cc:1835] [usertable] Moving #1351 to level-3 67233347 bytes
2019/03/20-03:29:53.127468 7f13beffd700 (Original Log Time 2019/03/20-03:29:53.127373) EVENT_LOG_v1 {"time_micros": 1553077793127363, "job": 6, "event": "trivial_move", "destination_level": 3, "files": 1, "total_files_size": 67233347}
2019/03/20-03:29:53.127471 7f13beffd700 (Original Log Time 2019/03/20-03:29:53.127388) [db/db_impl_compaction_flush.cc:1864] [usertable] Moved #1 files to level-3 67233347 bytes OK: base level 1 max bytes base 536870912 files[2 9 177 550 0 0 0] max score 1.00
2019/03/20-03:29:53.187234 7f13beffd700 (Original Log Time 2019/03/20-03:29:53.127726) [db/db_impl_compaction_flush.cc:1835] [usertable] Moving #1028 to level-1 208592941 bytes
2019/03/20-03:29:53.187240 7f13beffd700 (Original Log Time 2019/03/20-03:29:53.187144) EVENT_LOG_v1 {"time_micros": 1553077793187133, "job": 7, "event": "trivial_move", "destination_level": 1, "files": 1, "total_files_size": 208592941}
2019/03/20-03:29:53.187242 7f13beffd700 (Original Log Time 2019/03/20-03:29:53.187159) [db/db_impl_compaction_flush.cc:1864] [usertable] Moved #1 files to level-1 208592941 bytes OK: base level 1 max bytes base 536870912 files[1 10 177 550 0 0 0] max score 1.37
2019/03/20-03:29:53.187449 7f13beffd700 [db/compaction_job.cc:1531] [usertable] [JOB 8] Compacting 1@1 files to L2, score 1.37
2019/03/20-03:29:53.187458 7f13beffd700 [db/compaction_job.cc:1535] [usertable] Compaction start summary: Base version 10 Base level 1, inputs: [1028(198MB)]
2019/03/20-03:29:53.187475 7f13beffd700 EVENT_LOG_v1 {"time_micros": 1553077793187463, "job": 8, "event": "compaction_started", "compaction_reason": "LevelMaxLevelSize", "files_L1": [1028], "score": 1.36908, "input_data_size": 208592941}
2019/03/20-03:29:54.686827 7f13beffd700 [db/compaction_job.cc:1211] [usertable] [JOB 8] Generated table #1354: 16279 keys, 67233573 bytes
