2018/12/29-14:18:26.715779 7f5ec98ed700 RocksDB version: 5.14.3
2018/12/29-14:18:26.715822 7f5ec98ed700 Git sha rocksdb_build_git_sha:
2018/12/29-14:18:26.715825 7f5ec98ed700 Compile date Dec 29 2018
2018/12/29-14:18:26.715828 7f5ec98ed700 DB SUMMARY
2018/12/29-14:18:26.715848 7f5ec98ed700 SST files in /mnt/sdf/ycsb-rocksdb-data dir, Total Num: 0, files: 
2018/12/29-14:18:26.715851 7f5ec98ed700 Write Ahead Log file in /mnt/sdf/ycsb-rocksdb-data: 
2018/12/29-14:18:26.715853 7f5ec98ed700                         Options.error_if_exists: 0
2018/12/29-14:18:26.715854 7f5ec98ed700                       Options.create_if_missing: 1
2018/12/29-14:18:26.715855 7f5ec98ed700                         Options.paranoid_checks: 1
2018/12/29-14:18:26.715856 7f5ec98ed700                                     Options.env: 0x7f5ec0ded2c0
2018/12/29-14:18:26.715857 7f5ec98ed700                                Options.info_log: 0x7f5e043bd040
2018/12/29-14:18:26.715858 7f5ec98ed700                Options.max_file_opening_threads: 16
2018/12/29-14:18:26.715859 7f5ec98ed700                              Options.statistics: (nil)
2018/12/29-14:18:26.715860 7f5ec98ed700                               Options.use_fsync: 0
2018/12/29-14:18:26.715861 7f5ec98ed700                       Options.max_log_file_size: 0
2018/12/29-14:18:26.715862 7f5ec98ed700                  Options.max_manifest_file_size: 18446744073709551615
2018/12/29-14:18:26.715863 7f5ec98ed700                   Options.log_file_time_to_roll: 0
2018/12/29-14:18:26.715864 7f5ec98ed700                       Options.keep_log_file_num: 1000
2018/12/29-14:18:26.715865 7f5ec98ed700                    Options.recycle_log_file_num: 0
2018/12/29-14:18:26.715866 7f5ec98ed700                         Options.allow_fallocate: 1
2018/12/29-14:18:26.715866 7f5ec98ed700                        Options.allow_mmap_reads: 0
2018/12/29-14:18:26.715867 7f5ec98ed700                       Options.allow_mmap_writes: 0
2018/12/29-14:18:26.715868 7f5ec98ed700                        Options.use_direct_reads: 0
2018/12/29-14:18:26.715869 7f5ec98ed700                        Options.use_direct_io_for_flush_and_compaction: 0
2018/12/29-14:18:26.715870 7f5ec98ed700          Options.create_missing_column_families: 1
2018/12/29-14:18:26.715871 7f5ec98ed700                              Options.db_log_dir: 
2018/12/29-14:18:26.715872 7f5ec98ed700                                 Options.wal_dir: /mnt/sdf/ycsb-rocksdb-data
2018/12/29-14:18:26.715873 7f5ec98ed700                Options.table_cache_numshardbits: 6
2018/12/29-14:18:26.715874 7f5ec98ed700                      Options.max_subcompactions: 4
2018/12/29-14:18:26.715875 7f5ec98ed700                  Options.max_background_flushes: 24
2018/12/29-14:18:26.715876 7f5ec98ed700                         Options.WAL_ttl_seconds: 0
2018/12/29-14:18:26.715877 7f5ec98ed700                       Options.WAL_size_limit_MB: 0
2018/12/29-14:18:26.715878 7f5ec98ed700             Options.manifest_preallocation_size: 4194304
2018/12/29-14:18:26.715878 7f5ec98ed700                     Options.is_fd_close_on_exec: 1
2018/12/29-14:18:26.715879 7f5ec98ed700                   Options.advise_random_on_open: 1
2018/12/29-14:18:26.715880 7f5ec98ed700                    Options.db_write_buffer_size: 0
2018/12/29-14:18:26.715881 7f5ec98ed700                    Options.write_buffer_manager: 0x7f5e043ba040
2018/12/29-14:18:26.715882 7f5ec98ed700         Options.access_hint_on_compaction_start: 1
2018/12/29-14:18:26.715883 7f5ec98ed700  Options.new_table_reader_for_compaction_inputs: 0
2018/12/29-14:18:26.715884 7f5ec98ed700           Options.random_access_max_buffer_size: 1048576
2018/12/29-14:18:26.715885 7f5ec98ed700                      Options.use_adaptive_mutex: 0
2018/12/29-14:18:26.715886 7f5ec98ed700                            Options.rate_limiter: (nil)
2018/12/29-14:18:26.715888 7f5ec98ed700     Options.sst_file_manager.rate_bytes_per_sec: 0
2018/12/29-14:18:26.715889 7f5ec98ed700                       Options.wal_recovery_mode: 2
2018/12/29-14:18:26.715890 7f5ec98ed700                  Options.enable_thread_tracking: 0
2018/12/29-14:18:26.715891 7f5ec98ed700                  Options.enable_pipelined_write: 1
2018/12/29-14:18:26.715900 7f5ec98ed700         Options.allow_concurrent_memtable_write: 1
2018/12/29-14:18:26.715902 7f5ec98ed700      Options.enable_write_thread_adaptive_yield: 1
2018/12/29-14:18:26.715902 7f5ec98ed700             Options.write_thread_max_yield_usec: 100
2018/12/29-14:18:26.715903 7f5ec98ed700            Options.write_thread_slow_yield_usec: 3
2018/12/29-14:18:26.715904 7f5ec98ed700                               Options.row_cache: None
2018/12/29-14:18:26.715905 7f5ec98ed700                              Options.wal_filter: None
2018/12/29-14:18:26.715906 7f5ec98ed700             Options.avoid_flush_during_recovery: 0
2018/12/29-14:18:26.715907 7f5ec98ed700             Options.allow_ingest_behind: 0
2018/12/29-14:18:26.715908 7f5ec98ed700             Options.preserve_deletes: 0
2018/12/29-14:18:26.715909 7f5ec98ed700             Options.two_write_queues: 0
2018/12/29-14:18:26.715910 7f5ec98ed700             Options.manual_wal_flush: 0
2018/12/29-14:18:26.715912 7f5ec98ed700             Options.max_background_jobs: 24
2018/12/29-14:18:26.715913 7f5ec98ed700             Options.max_background_compactions: 24
2018/12/29-14:18:26.715914 7f5ec98ed700             Options.avoid_flush_during_shutdown: 0
2018/12/29-14:18:26.715915 7f5ec98ed700           Options.writable_file_max_buffer_size: 1048576
2018/12/29-14:18:26.715916 7f5ec98ed700             Options.delayed_write_rate : 16777216
2018/12/29-14:18:26.715917 7f5ec98ed700             Options.max_total_wal_size: 0
2018/12/29-14:18:26.715918 7f5ec98ed700             Options.delete_obsolete_files_period_micros: 21600000000
2018/12/29-14:18:26.715919 7f5ec98ed700                   Options.stats_dump_period_sec: 60
2018/12/29-14:18:26.715919 7f5ec98ed700                          Options.max_open_files: -1
2018/12/29-14:18:26.715920 7f5ec98ed700                          Options.bytes_per_sync: 1048576
2018/12/29-14:18:26.715921 7f5ec98ed700                      Options.wal_bytes_per_sync: 0
2018/12/29-14:18:26.715922 7f5ec98ed700       Options.compaction_readahead_size: 0
2018/12/29-14:18:26.715923 7f5ec98ed700 Compression algorithms supported:
2018/12/29-14:18:26.715925 7f5ec98ed700 	kZSTDNotFinalCompression supported: 1
2018/12/29-14:18:26.715932 7f5ec98ed700 	kZSTD supported: 1
2018/12/29-14:18:26.715933 7f5ec98ed700 	kXpressCompression supported: 0
2018/12/29-14:18:26.715934 7f5ec98ed700 	kLZ4HCCompression supported: 1
2018/12/29-14:18:26.715935 7f5ec98ed700 	kLZ4Compression supported: 1
2018/12/29-14:18:26.715936 7f5ec98ed700 	kBZip2Compression supported: 1
2018/12/29-14:18:26.715937 7f5ec98ed700 	kZlibCompression supported: 1
2018/12/29-14:18:26.715938 7f5ec98ed700 	kSnappyCompression supported: 1
2018/12/29-14:18:26.715942 7f5ec98ed700 Fast CRC32 supported: Supported on x86
2018/12/29-14:18:26.716003 7f5ec98ed700 [db/db_impl_open.cc:222] Creating manifest 1 
2018/12/29-14:18:26.815872 7f5ec98ed700 [db/version_set.cc:3085] Recovering from manifest file: MANIFEST-000001
2018/12/29-14:18:26.815968 7f5ec98ed700 [db/column_family.cc:475] --------------- Options for column family [default]:
2018/12/29-14:18:26.815972 7f5ec98ed700               Options.comparator: leveldb.BytewiseComparator
2018/12/29-14:18:26.815973 7f5ec98ed700           Options.merge_operator: None
2018/12/29-14:18:26.815974 7f5ec98ed700        Options.compaction_filter: None
2018/12/29-14:18:26.815975 7f5ec98ed700        Options.compaction_filter_factory: None
2018/12/29-14:18:26.815976 7f5ec98ed700         Options.memtable_factory: SkipListFactory
2018/12/29-14:18:26.815978 7f5ec98ed700            Options.table_factory: BlockBasedTable
2018/12/29-14:18:26.816007 7f5ec98ed700            table_factory options:   flush_block_policy_factory: FlushBlockBySizePolicyFactory (0x7f5e043769d0)
  cache_index_and_filter_blocks: 0
  cache_index_and_filter_blocks_with_high_priority: 0
  pin_l0_filter_and_index_blocks_in_cache: 0
  index_type: 0
  hash_index_allow_collision: 1
  checksum: 1
  no_block_cache: 0
  block_cache: 0x7f5e043826b0
  block_cache_name: LRUCache
  block_cache_options:
    capacity : 8388608
    num_shard_bits : 4
    strict_capacity_limit : 0
    high_pri_pool_ratio: 0.000
  block_cache_compressed: (nil)
  persistent_cache: (nil)
  block_size: 8192
  block_size_deviation: 10
  block_restart_interval: 16
  index_block_restart_interval: 1
  metadata_block_size: 4096
  partition_filters: 0
  use_delta_encoding: 1
  filter_policy: nullptr
  whole_key_filtering: 1
  verify_compression: 0
  read_amp_bytes_per_bit: 0
  format_version: 2
  enable_index_compression: 1
  block_align: 0
2018/12/29-14:18:26.816022 7f5ec98ed700        Options.write_buffer_size: 134217728
2018/12/29-14:18:26.816024 7f5ec98ed700  Options.max_write_buffer_number: 24
2018/12/29-14:18:26.816026 7f5ec98ed700        Options.compression[0]: NoCompression
2018/12/29-14:18:26.816027 7f5ec98ed700        Options.compression[1]: NoCompression
2018/12/29-14:18:26.816028 7f5ec98ed700        Options.compression[2]: LZ4
2018/12/29-14:18:26.816029 7f5ec98ed700        Options.compression[3]: LZ4
2018/12/29-14:18:26.816030 7f5ec98ed700        Options.compression[4]: LZ4
2018/12/29-14:18:26.816031 7f5ec98ed700        Options.compression[5]: LZ4
2018/12/29-14:18:26.816032 7f5ec98ed700        Options.compression[6]: LZ4
2018/12/29-14:18:26.816033 7f5ec98ed700                  Options.bottommost_compression: Disabled
2018/12/29-14:18:26.816034 7f5ec98ed700       Options.prefix_extractor: nullptr
2018/12/29-14:18:26.816035 7f5ec98ed700   Options.memtable_insert_with_hint_prefix_extractor: nullptr
2018/12/29-14:18:26.816036 7f5ec98ed700             Options.num_levels: 7
2018/12/29-14:18:26.816037 7f5ec98ed700        Options.min_write_buffer_number_to_merge: 2
2018/12/29-14:18:26.816038 7f5ec98ed700     Options.max_write_buffer_number_to_maintain: 0
2018/12/29-14:18:26.816039 7f5ec98ed700            Options.compression_opts.window_bits: -14
2018/12/29-14:18:26.816040 7f5ec98ed700                  Options.compression_opts.level: -1
2018/12/29-14:18:26.816041 7f5ec98ed700               Options.compression_opts.strategy: 0
2018/12/29-14:18:26.816041 7f5ec98ed700         Options.compression_opts.max_dict_bytes: 0
2018/12/29-14:18:26.816042 7f5ec98ed700         Options.compression_opts.zstd_max_train_bytes: 0
2018/12/29-14:18:26.816043 7f5ec98ed700      Options.level0_file_num_compaction_trigger: 2
2018/12/29-14:18:26.816044 7f5ec98ed700          Options.level0_slowdown_writes_trigger: 20
2018/12/29-14:18:26.816045 7f5ec98ed700              Options.level0_stop_writes_trigger: 36
2018/12/29-14:18:26.816046 7f5ec98ed700                   Options.target_file_size_base: 67108864
2018/12/29-14:18:26.816047 7f5ec98ed700             Options.target_file_size_multiplier: 1
2018/12/29-14:18:26.816048 7f5ec98ed700                Options.max_bytes_for_level_base: 536870912
2018/12/29-14:18:26.816049 7f5ec98ed700 Options.level_compaction_dynamic_level_bytes: 0
2018/12/29-14:18:26.816050 7f5ec98ed700          Options.max_bytes_for_level_multiplier: 10.000000
2018/12/29-14:18:26.816053 7f5ec98ed700 Options.max_bytes_for_level_multiplier_addtl[0]: 1
2018/12/29-14:18:26.816054 7f5ec98ed700 Options.max_bytes_for_level_multiplier_addtl[1]: 1
2018/12/29-14:18:26.816055 7f5ec98ed700 Options.max_bytes_for_level_multiplier_addtl[2]: 1
2018/12/29-14:18:26.816056 7f5ec98ed700 Options.max_bytes_for_level_multiplier_addtl[3]: 1
2018/12/29-14:18:26.816057 7f5ec98ed700 Options.max_bytes_for_level_multiplier_addtl[4]: 1
2018/12/29-14:18:26.816058 7f5ec98ed700 Options.max_bytes_for_level_multiplier_addtl[5]: 1
2018/12/29-14:18:26.816059 7f5ec98ed700 Options.max_bytes_for_level_multiplier_addtl[6]: 1
2018/12/29-14:18:26.816060 7f5ec98ed700       Options.max_sequential_skip_in_iterations: 8
2018/12/29-14:18:26.816061 7f5ec98ed700                    Options.max_compaction_bytes: 1677721600
2018/12/29-14:18:26.816062 7f5ec98ed700                        Options.arena_block_size: 16777216
2018/12/29-14:18:26.816062 7f5ec98ed700   Options.soft_pending_compaction_bytes_limit: 68719476736
2018/12/29-14:18:26.816063 7f5ec98ed700   Options.hard_pending_compaction_bytes_limit: 274877906944
2018/12/29-14:18:26.816070 7f5ec98ed700       Options.rate_limit_delay_max_milliseconds: 100
2018/12/29-14:18:26.816072 7f5ec98ed700                Options.disable_auto_compactions: 0
2018/12/29-14:18:26.816074 7f5ec98ed700                        Options.compaction_style: kCompactionStyleLevel
2018/12/29-14:18:26.816075 7f5ec98ed700                          Options.compaction_pri: kByCompensatedSize
2018/12/29-14:18:26.816076 7f5ec98ed700 Options.compaction_options_universal.size_ratio: 1
2018/12/29-14:18:26.816077 7f5ec98ed700 Options.compaction_options_universal.min_merge_width: 2
2018/12/29-14:18:26.816078 7f5ec98ed700 Options.compaction_options_universal.max_merge_width: 4294967295
2018/12/29-14:18:26.816079 7f5ec98ed700 Options.compaction_options_universal.max_size_amplification_percent: 200
2018/12/29-14:18:26.816080 7f5ec98ed700 Options.compaction_options_universal.compression_size_percent: -1
2018/12/29-14:18:26.816082 7f5ec98ed700 Options.compaction_options_universal.stop_style: kCompactionStopStyleTotalSize
2018/12/29-14:18:26.816083 7f5ec98ed700 Options.compaction_options_fifo.max_table_files_size: 1073741824
2018/12/29-14:18:26.816084 7f5ec98ed700 Options.compaction_options_fifo.allow_compaction: 0
2018/12/29-14:18:26.816085 7f5ec98ed700 Options.compaction_options_fifo.ttl: 0
2018/12/29-14:18:26.816086 7f5ec98ed700                   Options.table_properties_collectors: 
2018/12/29-14:18:26.816087 7f5ec98ed700                   Options.inplace_update_support: 0
2018/12/29-14:18:26.816088 7f5ec98ed700                 Options.inplace_update_num_locks: 10000
2018/12/29-14:18:26.816089 7f5ec98ed700               Options.memtable_prefix_bloom_size_ratio: 0.000000
2018/12/29-14:18:26.816090 7f5ec98ed700   Options.memtable_huge_page_size: 0
2018/12/29-14:18:26.816091 7f5ec98ed700                           Options.bloom_locality: 0
2018/12/29-14:18:26.816092 7f5ec98ed700                    Options.max_successive_merges: 0
2018/12/29-14:18:26.816093 7f5ec98ed700                Options.optimize_filters_for_hits: 0
2018/12/29-14:18:26.816094 7f5ec98ed700                Options.paranoid_file_checks: 0
2018/12/29-14:18:26.816095 7f5ec98ed700                Options.force_consistency_checks: 0
2018/12/29-14:18:26.816096 7f5ec98ed700                Options.report_bg_io_stats: 0
2018/12/29-14:18:26.816097 7f5ec98ed700                               Options.ttl: 0
2018/12/29-14:18:26.816777 7f5ec98ed700 [db/version_set.cc:3361] Recovered from manifest file:/mnt/sdf/ycsb-rocksdb-data/MANIFEST-000001 succeeded,manifest_file_number is 1, next_file_number is 3, last_sequence is 0, log_number is 0,prev_log_number is 0,max_column_family is 0,min_log_number_to_keep is 0
2018/12/29-14:18:26.816782 7f5ec98ed700 [db/version_set.cc:3369] Column family [default] (ID 0), log number is 0
2018/12/29-14:18:26.816933 7f5ec98ed700 [db/version_set.cc:2847] Creating manifest 4
2018/12/29-14:18:26.887975 7f5ec98ed700 [db/column_family.cc:475] --------------- Options for column family [usertable]:
2018/12/29-14:18:26.887982 7f5ec98ed700               Options.comparator: leveldb.BytewiseComparator
2018/12/29-14:18:26.887984 7f5ec98ed700           Options.merge_operator: None
2018/12/29-14:18:26.887985 7f5ec98ed700        Options.compaction_filter: None
2018/12/29-14:18:26.887985 7f5ec98ed700        Options.compaction_filter_factory: None
2018/12/29-14:18:26.887987 7f5ec98ed700         Options.memtable_factory: SkipListFactory
2018/12/29-14:18:26.887988 7f5ec98ed700            Options.table_factory: BlockBasedTable
2018/12/29-14:18:26.888018 7f5ec98ed700            table_factory options:   flush_block_policy_factory: FlushBlockBySizePolicyFactory (0x7f5e04376ab0)
  cache_index_and_filter_blocks: 0
  cache_index_and_filter_blocks_with_high_priority: 0
  pin_l0_filter_and_index_blocks_in_cache: 0
  index_type: 0
  hash_index_allow_collision: 1
  checksum: 1
  no_block_cache: 0
  block_cache: 0x7f5e04377bd0
  block_cache_name: LRUCache
  block_cache_options:
    capacity : 8388608
    num_shard_bits : 4
    strict_capacity_limit : 0
    high_pri_pool_ratio: 0.000
  block_cache_compressed: (nil)
  persistent_cache: (nil)
  block_size: 8192
  block_size_deviation: 10
  block_restart_interval: 16
  index_block_restart_interval: 1
  metadata_block_size: 4096
  partition_filters: 0
  use_delta_encoding: 1
  filter_policy: nullptr
  whole_key_filtering: 1
  verify_compression: 0
  read_amp_bytes_per_bit: 0
  format_version: 2
  enable_index_compression: 1
  block_align: 0
2018/12/29-14:18:26.888020 7f5ec98ed700        Options.write_buffer_size: 134217728
2018/12/29-14:18:26.888021 7f5ec98ed700  Options.max_write_buffer_number: 24
2018/12/29-14:18:26.888023 7f5ec98ed700        Options.compression[0]: NoCompression
2018/12/29-14:18:26.888024 7f5ec98ed700        Options.compression[1]: NoCompression
2018/12/29-14:18:26.888025 7f5ec98ed700        Options.compression[2]: LZ4
2018/12/29-14:18:26.888026 7f5ec98ed700        Options.compression[3]: LZ4
2018/12/29-14:18:26.888027 7f5ec98ed700        Options.compression[4]: LZ4
2018/12/29-14:18:26.888028 7f5ec98ed700        Options.compression[5]: LZ4
2018/12/29-14:18:26.888029 7f5ec98ed700        Options.compression[6]: LZ4
2018/12/29-14:18:26.888030 7f5ec98ed700                  Options.bottommost_compression: Disabled
2018/12/29-14:18:26.888031 7f5ec98ed700       Options.prefix_extractor: nullptr
2018/12/29-14:18:26.888032 7f5ec98ed700   Options.memtable_insert_with_hint_prefix_extractor: nullptr
2018/12/29-14:18:26.888033 7f5ec98ed700             Options.num_levels: 7
2018/12/29-14:18:26.888034 7f5ec98ed700        Options.min_write_buffer_number_to_merge: 2
2018/12/29-14:18:26.888035 7f5ec98ed700     Options.max_write_buffer_number_to_maintain: 0
2018/12/29-14:18:26.888036 7f5ec98ed700            Options.compression_opts.window_bits: -14
2018/12/29-14:18:26.888037 7f5ec98ed700                  Options.compression_opts.level: -1
2018/12/29-14:18:26.888038 7f5ec98ed700               Options.compression_opts.strategy: 0
2018/12/29-14:18:26.888039 7f5ec98ed700         Options.compression_opts.max_dict_bytes: 0
2018/12/29-14:18:26.888040 7f5ec98ed700         Options.compression_opts.zstd_max_train_bytes: 0
2018/12/29-14:18:26.888040 7f5ec98ed700      Options.level0_file_num_compaction_trigger: 2
2018/12/29-14:18:26.888041 7f5ec98ed700          Options.level0_slowdown_writes_trigger: 20
2018/12/29-14:18:26.888042 7f5ec98ed700              Options.level0_stop_writes_trigger: 36
2018/12/29-14:18:26.888043 7f5ec98ed700                   Options.target_file_size_base: 67108864
2018/12/29-14:18:26.888044 7f5ec98ed700             Options.target_file_size_multiplier: 1
2018/12/29-14:18:26.888045 7f5ec98ed700                Options.max_bytes_for_level_base: 536870912
2018/12/29-14:18:26.888046 7f5ec98ed700 Options.level_compaction_dynamic_level_bytes: 0
2018/12/29-14:18:26.888047 7f5ec98ed700          Options.max_bytes_for_level_multiplier: 10.000000
2018/12/29-14:18:26.888050 7f5ec98ed700 Options.max_bytes_for_level_multiplier_addtl[0]: 1
2018/12/29-14:18:26.888062 7f5ec98ed700 Options.max_bytes_for_level_multiplier_addtl[1]: 1
2018/12/29-14:18:26.888063 7f5ec98ed700 Options.max_bytes_for_level_multiplier_addtl[2]: 1
2018/12/29-14:18:26.888064 7f5ec98ed700 Options.max_bytes_for_level_multiplier_addtl[3]: 1
2018/12/29-14:18:26.888065 7f5ec98ed700 Options.max_bytes_for_level_multiplier_addtl[4]: 1
2018/12/29-14:18:26.888066 7f5ec98ed700 Options.max_bytes_for_level_multiplier_addtl[5]: 1
2018/12/29-14:18:26.888067 7f5ec98ed700 Options.max_bytes_for_level_multiplier_addtl[6]: 1
2018/12/29-14:18:26.888068 7f5ec98ed700       Options.max_sequential_skip_in_iterations: 8
2018/12/29-14:18:26.888069 7f5ec98ed700                    Options.max_compaction_bytes: 1677721600
2018/12/29-14:18:26.888070 7f5ec98ed700                        Options.arena_block_size: 16777216
2018/12/29-14:18:26.888071 7f5ec98ed700   Options.soft_pending_compaction_bytes_limit: 68719476736
2018/12/29-14:18:26.888072 7f5ec98ed700   Options.hard_pending_compaction_bytes_limit: 274877906944
2018/12/29-14:18:26.888073 7f5ec98ed700       Options.rate_limit_delay_max_milliseconds: 100
2018/12/29-14:18:26.888074 7f5ec98ed700                Options.disable_auto_compactions: 0
2018/12/29-14:18:26.888076 7f5ec98ed700                        Options.compaction_style: kCompactionStyleLevel
2018/12/29-14:18:26.888078 7f5ec98ed700                          Options.compaction_pri: kByCompensatedSize
2018/12/29-14:18:26.888079 7f5ec98ed700 Options.compaction_options_universal.size_ratio: 1
2018/12/29-14:18:26.888080 7f5ec98ed700 Options.compaction_options_universal.min_merge_width: 2
2018/12/29-14:18:26.888081 7f5ec98ed700 Options.compaction_options_universal.max_merge_width: 4294967295
2018/12/29-14:18:26.888082 7f5ec98ed700 Options.compaction_options_universal.max_size_amplification_percent: 200
2018/12/29-14:18:26.888083 7f5ec98ed700 Options.compaction_options_universal.compression_size_percent: -1
2018/12/29-14:18:26.888084 7f5ec98ed700 Options.compaction_options_universal.stop_style: kCompactionStopStyleTotalSize
2018/12/29-14:18:26.888085 7f5ec98ed700 Options.compaction_options_fifo.max_table_files_size: 1073741824
2018/12/29-14:18:26.888086 7f5ec98ed700 Options.compaction_options_fifo.allow_compaction: 0
2018/12/29-14:18:26.888087 7f5ec98ed700 Options.compaction_options_fifo.ttl: 0
2018/12/29-14:18:26.888088 7f5ec98ed700                   Options.table_properties_collectors: 
2018/12/29-14:18:26.888089 7f5ec98ed700                   Options.inplace_update_support: 0
2018/12/29-14:18:26.888090 7f5ec98ed700                 Options.inplace_update_num_locks: 10000
2018/12/29-14:18:26.888091 7f5ec98ed700               Options.memtable_prefix_bloom_size_ratio: 0.000000
2018/12/29-14:18:26.888092 7f5ec98ed700   Options.memtable_huge_page_size: 0
2018/12/29-14:18:26.888093 7f5ec98ed700                           Options.bloom_locality: 0
2018/12/29-14:18:26.888094 7f5ec98ed700                    Options.max_successive_merges: 0
2018/12/29-14:18:26.888095 7f5ec98ed700                Options.optimize_filters_for_hits: 0
2018/12/29-14:18:26.888096 7f5ec98ed700                Options.paranoid_file_checks: 0
2018/12/29-14:18:26.888097 7f5ec98ed700                Options.force_consistency_checks: 0
2018/12/29-14:18:26.888098 7f5ec98ed700                Options.report_bg_io_stats: 0
2018/12/29-14:18:26.888099 7f5ec98ed700                               Options.ttl: 0
2018/12/29-14:18:26.888155 7f5ec98ed700 [db/db_impl.cc:1396] Created column family [usertable] (ID 1)
2018/12/29-14:18:26.967065 7f5ec98ed700 [db/db_impl_open.cc:1219] DB pointer 0x7f5e043bd7c0
2018/12/29-14:18:35.933796 7f5ec8cd0700 [db/db_impl_write.cc:1373] [usertable] New memtable created with log file: #9. Immutable memtables: 0.
2018/12/29-14:18:44.842439 7f5ec8fd3700 [db/db_impl_write.cc:1373] [usertable] New memtable created with log file: #10. Immutable memtables: 1.
2018/12/29-14:18:44.842588 7f5e9a7fc700 [db/db_impl_compaction_flush.cc:80] [JOB 2] Syncing log #3
2018/12/29-14:18:45.106725 7f5e9a7fc700 [db/db_impl_compaction_flush.cc:80] [JOB 2] Syncing log #9
2018/12/29-14:18:45.770116 7f5e9a7fc700 (Original Log Time 2018/12/29-14:18:44.842532) [db/db_impl_compaction_flush.cc:1424] Calling FlushMemTableToOutputFile with column family [usertable], flush slots available 24, compaction slots available 1, flush slots scheduled 1, compaction slots scheduled 0
2018/12/29-14:18:45.770135 7f5e9a7fc700 [db/flush_job.cc:301] [usertable] [JOB 2] Flushing memtable with next log file: 9
2018/12/29-14:18:45.770147 7f5e9a7fc700 [db/flush_job.cc:301] [usertable] [JOB 2] Flushing memtable with next log file: 10
2018/12/29-14:18:45.770205 7f5e9a7fc700 EVENT_LOG_v1 {"time_micros": 1546121925770189, "job": 2, "event": "flush_started", "num_memtables": 2, "num_entries": 62553, "num_deletes": 0, "memory_usage": 259310192, "flush_reason": "Write Buffer Full"}
2018/12/29-14:18:45.770216 7f5e9a7fc700 [db/flush_job.cc:331] [usertable] [JOB 2] Level-0 flush table #11: started
2018/12/29-14:18:48.245425 7f5e9a7fc700 EVENT_LOG_v1 {"time_micros": 1546121928245400, "cf_name": "usertable", "job": 2, "event": "table_file_creation", "file_number": 11, "file_size": 259056997, "table_properties": {"data_size": 257906033, "index_size": 1150037, "filter_size": 0, "raw_key_size": 1501272, "raw_average_key_size": 24, "raw_value_size": 256217088, "raw_average_value_size": 4096, "num_data_blocks": 31277, "num_entries": 62553, "filter_policy_name": "", "kDeletedKeys": "0", "kMergeOperands": "0"}}
2018/12/29-14:18:48.245453 7f5e9a7fc700 [db/flush_job.cc:371] [usertable] [JOB 2] Level-0 flush table #11: 259056997 bytes OK
2018/12/29-14:18:48.340512 7f5e9a7fc700 (Original Log Time 2018/12/29-14:18:48.245470) [db/memtable_list.cc:377] [usertable] Level-0 commit table #11 started
2018/12/29-14:18:48.340517 7f5e9a7fc700 (Original Log Time 2018/12/29-14:18:48.340381) [db/memtable_list.cc:409] [usertable] Level-0 commit table #11: memtable #1 done
2018/12/29-14:18:48.340519 7f5e9a7fc700 (Original Log Time 2018/12/29-14:18:48.340409) [db/memtable_list.cc:409] [usertable] Level-0 commit table #11: memtable #2 done
2018/12/29-14:18:48.340520 7f5e9a7fc700 (Original Log Time 2018/12/29-14:18:48.340444) EVENT_LOG_v1 {"time_micros": 1546121928340432, "job": 2, "event": "flush_finished", "output_compression": "NoCompression", "lsm_state": [1, 0, 0, 0, 0, 0, 0], "immutable_memtables": 0}
2018/12/29-14:18:48.340522 7f5e9a7fc700 (Original Log Time 2018/12/29-14:18:48.340476) [db/db_impl_compaction_flush.cc:177] [usertable] Level summary: base level 1 max bytes base 536870912 files[1 0 0 0 0 0 0] max score 0.50
2018/12/29-14:18:48.340536 7f5e9a7fc700 [db/db_impl_files.cc:347] [JOB 2] Try to delete WAL files size 258271581, prev total WAL file size 308830226, number of live WAL files 3.
2018/12/29-14:18:53.806419 7f5ec8bcf700 [db/db_impl_write.cc:1373] [usertable] New memtable created with log file: #12. Immutable memtables: 0.
2018/12/29-14:19:02.771001 7f5ec8bcf700 [db/db_impl_write.cc:1373] [usertable] New memtable created with log file: #13. Immutable memtables: 1.
2018/12/29-14:19:02.771076 7f5e99ffb700 [db/db_impl_compaction_flush.cc:80] [JOB 3] Syncing log #10
2018/12/29-14:19:03.310438 7f5e99ffb700 [db/db_impl_compaction_flush.cc:80] [JOB 3] Syncing log #12
2018/12/29-14:19:03.842898 7f5e99ffb700 (Original Log Time 2018/12/29-14:19:02.771059) [db/db_impl_compaction_flush.cc:1424] Calling FlushMemTableToOutputFile with column family [usertable], flush slots available 24, compaction slots available 1, flush slots scheduled 1, compaction slots scheduled 0
2018/12/29-14:19:03.842918 7f5e99ffb700 [db/flush_job.cc:301] [usertable] [JOB 3] Flushing memtable with next log file: 12
2018/12/29-14:19:03.842927 7f5e99ffb700 [db/flush_job.cc:301] [usertable] [JOB 3] Flushing memtable with next log file: 13
2018/12/29-14:19:03.842969 7f5e99ffb700 EVENT_LOG_v1 {"time_micros": 1546121943842959, "job": 3, "event": "flush_started", "num_memtables": 2, "num_entries": 62751, "num_deletes": 0, "memory_usage": 260074032, "flush_reason": "Write Buffer Full"}
2018/12/29-14:19:03.842977 7f5e99ffb700 [db/flush_job.cc:331] [usertable] [JOB 3] Level-0 flush table #14: started
2018/12/29-14:19:05.250728 7f5e99ffb700 EVENT_LOG_v1 {"time_micros": 1546121945250704, "cf_name": "usertable", "job": 3, "event": "table_file_creation", "file_number": 14, "file_size": 259890935, "table_properties": {"data_size": 258729360, "index_size": 1160648, "filter_size": 0, "raw_key_size": 1506024, "raw_average_key_size": 24, "raw_value_size": 257028096, "raw_average_value_size": 4096, "num_data_blocks": 31376, "num_entries": 62751, "filter_policy_name": "", "kDeletedKeys": "0", "kMergeOperands": "0"}}
2018/12/29-14:19:05.250748 7f5e99ffb700 [db/flush_job.cc:371] [usertable] [JOB 3] Level-0 flush table #14: 259890935 bytes OK
2018/12/29-14:19:05.308950 7f5e99ffb700 (Original Log Time 2018/12/29-14:19:05.250761) [db/memtable_list.cc:377] [usertable] Level-0 commit table #14 started
2018/12/29-14:19:05.308954 7f5e99ffb700 (Original Log Time 2018/12/29-14:19:05.308839) [db/memtable_list.cc:409] [usertable] Level-0 commit table #14: memtable #1 done
2018/12/29-14:19:05.308956 7f5e99ffb700 (Original Log Time 2018/12/29-14:19:05.308843) [db/memtable_list.cc:409] [usertable] Level-0 commit table #14: memtable #2 done
2018/12/29-14:19:05.308958 7f5e99ffb700 (Original Log Time 2018/12/29-14:19:05.308881) EVENT_LOG_v1 {"time_micros": 1546121945308868, "job": 3, "event": "flush_finished", "output_compression": "NoCompression", "lsm_state": [2, 0, 0, 0, 0, 0, 0], "immutable_memtables": 0}
2018/12/29-14:19:05.308959 7f5e99ffb700 (Original Log Time 2018/12/29-14:19:05.308929) [db/db_impl_compaction_flush.cc:177] [usertable] Level summary: base level 1 max bytes base 536870912 files[2 0 0 0 0 0 0] max score 1.00
2018/12/29-14:19:05.308969 7f5e99ffb700 [db/db_impl_files.cc:347] [JOB 3] Try to delete WAL files size 259092603, prev total WAL file size 295769142, number of live WAL files 3.
2018/12/29-14:19:05.309192 7f5ebbfff700 [WARN] [db/db_impl.cc:491] ------- DUMPING STATS -------
2018/12/29-14:19:05.309236 7f5ebbfff700 [WARN] [db/db_impl.cc:492] 
** DB Stats **
Uptime(secs): 38.5 total, 38.5 interval
Cumulative writes: 134K writes, 134K keys, 132K commit groups, 1.0 writes per commit group, ingest: 0.52 GB, 13.73 MB/s
Cumulative WAL: 134K writes, 0 syncs, 134187.00 writes per sync, written: 0.52 GB, 13.73 MB/s
Cumulative stall: 00:00:0.000 H:M:S, 0.0 percent
Interval writes: 134K writes, 134K keys, 132K commit groups, 1.0 writes per commit group, ingest: 528.37 MB, 13.73 MB/s
Interval WAL: 134K writes, 0 syncs, 134187.00 writes per sync, written: 0.52 MB, 13.73 MB/s
Interval stall: 00:00:0.000 H:M:S, 0.0 percent

** Compaction Stats [default] **
Level    Files   Size     Score Read(GB)  Rn(GB) Rnp1(GB) Write(GB) Wnew(GB) Moved(GB) W-Amp Rd(MB/s) Wr(MB/s) Comp(sec) Comp(cnt) Avg(sec) KeyIn KeyDrop
----------------------------------------------------------------------------------------------------------------------------------------------------------
 Sum      0/0    0.00 KB   0.0      0.0     0.0      0.0       0.0      0.0       0.0   0.0      0.0      0.0         0         0    0.000       0      0
 Int      0/0    0.00 KB   0.0      0.0     0.0      0.0       0.0      0.0       0.0   0.0      0.0      0.0         0         0    0.000       0      0
Uptime(secs): 38.5 total, 38.5 interval
Flush(GB): cumulative 0.000, interval 0.000
AddFile(GB): cumulative 0.000, interval 0.000
AddFile(Total Files): cumulative 0, interval 0
AddFile(L0 Files): cumulative 0, interval 0
AddFile(Keys): cumulative 0, interval 0
Cumulative compaction: 0.00 GB write, 0.00 MB/s write, 0.00 GB read, 0.00 MB/s read, 0.0 seconds
Interval compaction: 0.00 GB write, 0.00 MB/s write, 0.00 GB read, 0.00 MB/s read, 0.0 seconds
Stalls(count): 0 level0_slowdown, 0 level0_slowdown_with_compaction, 0 level0_numfiles, 0 level0_numfiles_with_compaction, 0 stop for pending_compaction_bytes, 0 slowdown for pending_compaction_bytes, 0 memtable_compaction, 0 memtable_slowdown, interval 0 total count

** File Read Latency Histogram By Level [default] **

** Compaction Stats [usertable] **
Level    Files   Size     Score Read(GB)  Rn(GB) Rnp1(GB) Write(GB) Wnew(GB) Moved(GB) W-Amp Rd(MB/s) Wr(MB/s) Comp(sec) Comp(cnt) Avg(sec) KeyIn KeyDrop
----------------------------------------------------------------------------------------------------------------------------------------------------------
  L0      2/0   494.91 MB   1.0      0.0     0.0      0.0       0.5      0.5       0.0   1.0      0.0    127.4         4         2    1.942       0      0
 Sum      2/0   494.91 MB   0.0      0.0     0.0      0.0       0.5      0.5       0.0   1.0      0.0    127.4         4         2    1.942       0      0
 Int      0/0    0.00 KB   0.0      0.0     0.0      0.0       0.5      0.5       0.0   1.0      0.0    127.4         4         2    1.942       0      0
Uptime(secs): 38.4 total, 38.4 interval
Flush(GB): cumulative 0.483, interval 0.483
AddFile(GB): cumulative 0.000, interval 0.000
AddFile(Total Files): cumulative 0, interval 0
AddFile(L0 Files): cumulative 0, interval 0
AddFile(Keys): cumulative 0, interval 0
Cumulative compaction: 0.48 GB write, 12.88 MB/s write, 0.00 GB read, 0.00 MB/s read, 3.9 seconds
Interval compaction: 0.48 GB write, 12.88 MB/s write, 0.00 GB read, 0.00 MB/s read, 3.9 seconds
Stalls(count): 0 level0_slowdown, 0 level0_slowdown_with_compaction, 0 level0_numfiles, 0 level0_numfiles_with_compaction, 0 stop for pending_compaction_bytes, 0 slowdown for pending_compaction_bytes, 0 memtable_compaction, 0 memtable_slowdown, interval 0 total count

** File Read Latency Histogram By Level [usertable] **

** Compaction Stats [default] **
Level    Files   Size     Score Read(GB)  Rn(GB) Rnp1(GB) Write(GB) Wnew(GB) Moved(GB) W-Amp Rd(MB/s) Wr(MB/s) Comp(sec) Comp(cnt) Avg(sec) KeyIn KeyDrop
----------------------------------------------------------------------------------------------------------------------------------------------------------
 Sum      0/0    0.00 KB   0.0      0.0     0.0      0.0       0.0      0.0       0.0   0.0      0.0      0.0         0         0    0.000       0      0
 Int      0/0    0.00 KB   0.0      0.0     0.0      0.0       0.0      0.0       0.0   0.0      0.0      0.0         0         0    0.000       0      0
Uptime(secs): 38.5 total, 0.0 interval
Flush(GB): cumulative 0.000, interval 0.000
AddFile(GB): cumulative 0.000, interval 0.000
AddFile(Total Files): cumulative 0, interval 0
AddFile(L0 Files): cumulative 0, interval 0
AddFile(Keys): cumulative 0, interval 0
Cumulative compaction: 0.00 GB write, 0.00 MB/s write, 0.00 GB read, 0.00 MB/s read, 0.0 seconds
Interval compaction: 0.00 GB write, 0.00 MB/s write, 0.00 GB read, 0.00 MB/s read, 0.0 seconds
Stalls(count): 0 level0_slowdown, 0 level0_slowdown_with_compaction, 0 level0_numfiles, 0 level0_numfiles_with_compaction, 0 stop for pending_compaction_bytes, 0 slowdown for pending_compaction_bytes, 0 memtable_compaction, 0 memtable_slowdown, interval 0 total count

** File Read Latency Histogram By Level [default] **

** Compaction Stats [usertable] **
Level    Files   Size     Score Read(GB)  Rn(GB) Rnp1(GB) Write(GB) Wnew(GB) Moved(GB) W-Amp Rd(MB/s) Wr(MB/s) Comp(sec) Comp(cnt) Avg(sec) KeyIn KeyDrop
----------------------------------------------------------------------------------------------------------------------------------------------------------
  L0      2/0   494.91 MB   1.0      0.0     0.0      0.0       0.5      0.5       0.0   1.0      0.0    127.4         4         2    1.942       0      0
 Sum      2/0   494.91 MB   0.0      0.0     0.0      0.0       0.5      0.5       0.0   1.0      0.0    127.4         4         2    1.942       0      0
 Int      0/0    0.00 KB   0.0      0.0     0.0      0.0       0.0      0.0       0.0   0.0      0.0      0.0         0         0    0.000       0      0
Uptime(secs): 38.4 total, 0.0 interval
Flush(GB): cumulative 0.483, interval 0.000
AddFile(GB): cumulative 0.000, interval 0.000
AddFile(Total Files): cumulative 0, interval 0
AddFile(L0 Files): cumulative 0, interval 0
AddFile(Keys): cumulative 0, interval 0
Cumulative compaction: 0.48 GB write, 12.88 MB/s write, 0.00 GB read, 0.00 MB/s read, 3.9 seconds
Interval compaction: 0.00 GB write, 0.00 MB/s write, 0.00 GB read, 0.00 MB/s read, 0.0 seconds
Stalls(count): 0 level0_slowdown, 0 level0_slowdown_with_compaction, 0 level0_numfiles, 0 level0_numfiles_with_compaction, 0 stop for pending_compaction_bytes, 0 slowdown for pending_compaction_bytes, 0 memtable_compaction, 0 memtable_slowdown, interval 0 total count

** File Read Latency Histogram By Level [usertable] **
2018/12/29-14:19:05.368864 7f5ebbfff700 (Original Log Time 2018/12/29-14:19:05.309322) [db/db_impl_compaction_flush.cc:1835] [usertable] Moving #14 to level-1 259890935 bytes
2018/12/29-14:19:05.368868 7f5ebbfff700 (Original Log Time 2018/12/29-14:19:05.368809) EVENT_LOG_v1 {"time_micros": 1546121945368796, "job": 4, "event": "trivial_move", "destination_level": 1, "files": 1, "total_files_size": 259890935}
2018/12/29-14:19:05.368870 7f5ebbfff700 (Original Log Time 2018/12/29-14:19:05.368826) [db/db_impl_compaction_flush.cc:1864] [usertable] Moved #1 files to level-1 259890935 bytes OK: base level 1 max bytes base 536870912 files[1 1 0 0 0 0 0] max score 0.50
2018/12/29-14:19:11.735316 7f5ec94e9700 [db/db_impl_write.cc:1373] [usertable] New memtable created with log file: #15. Immutable memtables: 0.
2018/12/29-14:19:20.698542 7f5ec95ea700 [db/db_impl_write.cc:1373] [usertable] New memtable created with log file: #16. Immutable memtables: 1.
2018/12/29-14:19:20.698627 7f5e997fa700 [db/db_impl_compaction_flush.cc:80] [JOB 5] Syncing log #13
2018/12/29-14:19:21.222937 7f5e997fa700 [db/db_impl_compaction_flush.cc:80] [JOB 5] Syncing log #15
2018/12/29-14:19:22.517964 7f5e997fa700 (Original Log Time 2018/12/29-14:19:20.698610) [db/db_impl_compaction_flush.cc:1424] Calling FlushMemTableToOutputFile with column family [usertable], flush slots available 24, compaction slots available 1, flush slots scheduled 1, compaction slots scheduled 0
2018/12/29-14:19:22.517982 7f5e997fa700 [db/flush_job.cc:301] [usertable] [JOB 5] Flushing memtable with next log file: 15
2018/12/29-14:19:22.517989 7f5e997fa700 [db/flush_job.cc:301] [usertable] [JOB 5] Flushing memtable with next log file: 16
2018/12/29-14:19:22.518024 7f5e997fa700 EVENT_LOG_v1 {"time_micros": 1546121962518014, "job": 5, "event": "flush_started", "num_memtables": 2, "num_entries": 62747, "num_deletes": 0, "memory_usage": 260055376, "flush_reason": "Write Buffer Full"}
2018/12/29-14:19:22.518030 7f5e997fa700 [db/flush_job.cc:331] [usertable] [JOB 5] Level-0 flush table #17: started
2018/12/29-14:19:24.024380 7f5e997fa700 EVENT_LOG_v1 {"time_micros": 1546121964024351, "cf_name": "usertable", "job": 5, "event": "table_file_creation", "file_number": 17, "file_size": 259860425, "table_properties": {"data_size": 258705895, "index_size": 1153603, "filter_size": 0, "raw_key_size": 1505928, "raw_average_key_size": 24, "raw_value_size": 257011712, "raw_average_value_size": 4096, "num_data_blocks": 31374, "num_entries": 62747, "filter_policy_name": "", "kDeletedKeys": "0", "kMergeOperands": "0"}}
2018/12/29-14:19:24.024415 7f5e997fa700 [db/flush_job.cc:371] [usertable] [JOB 5] Level-0 flush table #17: 259860425 bytes OK
2018/12/29-14:19:24.053262 7f5e997fa700 (Original Log Time 2018/12/29-14:19:24.024433) [db/memtable_list.cc:377] [usertable] Level-0 commit table #17 started
2018/12/29-14:19:24.053266 7f5e997fa700 (Original Log Time 2018/12/29-14:19:24.053179) [db/memtable_list.cc:409] [usertable] Level-0 commit table #17: memtable #1 done
2018/12/29-14:19:24.053267 7f5e997fa700 (Original Log Time 2018/12/29-14:19:24.053184) [db/memtable_list.cc:409] [usertable] Level-0 commit table #17: memtable #2 done
2018/12/29-14:19:24.053269 7f5e997fa700 (Original Log Time 2018/12/29-14:19:24.053207) EVENT_LOG_v1 {"time_micros": 1546121964053199, "job": 5, "event": "flush_finished", "output_compression": "NoCompression", "lsm_state": [2, 1, 0, 0, 0, 0, 0], "immutable_memtables": 0}
2018/12/29-14:19:24.053271 7f5e997fa700 (Original Log Time 2018/12/29-14:19:24.053242) [db/db_impl_compaction_flush.cc:177] [usertable] Level summary: base level 1 max bytes base 536870912 files[2 1 0 0 0 0 0] max score 1.00
