2018/11/04-06:28:49.313856 7efddd0e6700 RocksDB version: 5.14.3
2018/11/04-06:28:49.313908 7efddd0e6700 Git sha rocksdb_build_git_sha:
2018/11/04-06:28:49.313911 7efddd0e6700 Compile date Oct 15 2018
2018/11/04-06:28:49.313914 7efddd0e6700 DB SUMMARY
2018/11/04-06:28:49.313934 7efddd0e6700 SST files in /mnt/sdb/ycsb-rocksdb-data dir, Total Num: 0, files: 
2018/11/04-06:28:49.313937 7efddd0e6700 Write Ahead Log file in /mnt/sdb/ycsb-rocksdb-data: 
2018/11/04-06:28:49.313939 7efddd0e6700                         Options.error_if_exists: 0
2018/11/04-06:28:49.313940 7efddd0e6700                       Options.create_if_missing: 1
2018/11/04-06:28:49.313941 7efddd0e6700                         Options.paranoid_checks: 1
2018/11/04-06:28:49.313942 7efddd0e6700                                     Options.env: 0x7efddcbc43e0
2018/11/04-06:28:49.313943 7efddd0e6700                                Options.info_log: 0x7efd583b8430
2018/11/04-06:28:49.313944 7efddd0e6700                Options.max_file_opening_threads: 16
2018/11/04-06:28:49.313945 7efddd0e6700                              Options.statistics: (nil)
2018/11/04-06:28:49.313946 7efddd0e6700                               Options.use_fsync: 0
2018/11/04-06:28:49.313947 7efddd0e6700                       Options.max_log_file_size: 0
2018/11/04-06:28:49.313948 7efddd0e6700                  Options.max_manifest_file_size: 18446744073709551615
2018/11/04-06:28:49.313949 7efddd0e6700                   Options.log_file_time_to_roll: 0
2018/11/04-06:28:49.313950 7efddd0e6700                       Options.keep_log_file_num: 1000
2018/11/04-06:28:49.313951 7efddd0e6700                    Options.recycle_log_file_num: 0
2018/11/04-06:28:49.313952 7efddd0e6700                         Options.allow_fallocate: 1
2018/11/04-06:28:49.313953 7efddd0e6700                        Options.allow_mmap_reads: 0
2018/11/04-06:28:49.313953 7efddd0e6700                       Options.allow_mmap_writes: 0
2018/11/04-06:28:49.313954 7efddd0e6700                        Options.use_direct_reads: 0
2018/11/04-06:28:49.313955 7efddd0e6700                        Options.use_direct_io_for_flush_and_compaction: 0
2018/11/04-06:28:49.313956 7efddd0e6700          Options.create_missing_column_families: 1
2018/11/04-06:28:49.313957 7efddd0e6700                              Options.db_log_dir: 
2018/11/04-06:28:49.313958 7efddd0e6700                                 Options.wal_dir: /mnt/sdb/ycsb-rocksdb-data
2018/11/04-06:28:49.313959 7efddd0e6700                Options.table_cache_numshardbits: 6
2018/11/04-06:28:49.313960 7efddd0e6700                      Options.max_subcompactions: 4
2018/11/04-06:28:49.313961 7efddd0e6700                  Options.max_background_flushes: 24
2018/11/04-06:28:49.313961 7efddd0e6700                         Options.WAL_ttl_seconds: 0
2018/11/04-06:28:49.313962 7efddd0e6700                       Options.WAL_size_limit_MB: 0
2018/11/04-06:28:49.313963 7efddd0e6700             Options.manifest_preallocation_size: 4194304
2018/11/04-06:28:49.313964 7efddd0e6700                     Options.is_fd_close_on_exec: 1
2018/11/04-06:28:49.313965 7efddd0e6700                   Options.advise_random_on_open: 1
2018/11/04-06:28:49.313966 7efddd0e6700                    Options.db_write_buffer_size: 0
2018/11/04-06:28:49.313967 7efddd0e6700                    Options.write_buffer_manager: 0x7efd583b66f0
2018/11/04-06:28:49.313968 7efddd0e6700         Options.access_hint_on_compaction_start: 1
2018/11/04-06:28:49.313968 7efddd0e6700  Options.new_table_reader_for_compaction_inputs: 0
2018/11/04-06:28:49.313969 7efddd0e6700           Options.random_access_max_buffer_size: 1048576
2018/11/04-06:28:49.313970 7efddd0e6700                      Options.use_adaptive_mutex: 0
2018/11/04-06:28:49.313971 7efddd0e6700                            Options.rate_limiter: (nil)
2018/11/04-06:28:49.313972 7efddd0e6700     Options.sst_file_manager.rate_bytes_per_sec: 0
2018/11/04-06:28:49.313973 7efddd0e6700                       Options.wal_recovery_mode: 2
2018/11/04-06:28:49.313974 7efddd0e6700                  Options.enable_thread_tracking: 0
2018/11/04-06:28:49.313975 7efddd0e6700                  Options.enable_pipelined_write: 1
2018/11/04-06:28:49.313985 7efddd0e6700         Options.allow_concurrent_memtable_write: 1
2018/11/04-06:28:49.313986 7efddd0e6700      Options.enable_write_thread_adaptive_yield: 1
2018/11/04-06:28:49.313987 7efddd0e6700             Options.write_thread_max_yield_usec: 100
2018/11/04-06:28:49.313988 7efddd0e6700            Options.write_thread_slow_yield_usec: 3
2018/11/04-06:28:49.313989 7efddd0e6700                               Options.row_cache: None
2018/11/04-06:28:49.313990 7efddd0e6700                              Options.wal_filter: None
2018/11/04-06:28:49.313991 7efddd0e6700             Options.avoid_flush_during_recovery: 0
2018/11/04-06:28:49.313992 7efddd0e6700             Options.allow_ingest_behind: 0
2018/11/04-06:28:49.313992 7efddd0e6700             Options.preserve_deletes: 0
2018/11/04-06:28:49.313993 7efddd0e6700             Options.two_write_queues: 0
2018/11/04-06:28:49.313994 7efddd0e6700             Options.manual_wal_flush: 0
2018/11/04-06:28:49.313996 7efddd0e6700             Options.max_background_jobs: 24
2018/11/04-06:28:49.313997 7efddd0e6700             Options.max_background_compactions: 24
2018/11/04-06:28:49.313998 7efddd0e6700             Options.avoid_flush_during_shutdown: 0
2018/11/04-06:28:49.313999 7efddd0e6700           Options.writable_file_max_buffer_size: 1048576
2018/11/04-06:28:49.313999 7efddd0e6700             Options.delayed_write_rate : 16777216
2018/11/04-06:28:49.314000 7efddd0e6700             Options.max_total_wal_size: 0
2018/11/04-06:28:49.314001 7efddd0e6700             Options.delete_obsolete_files_period_micros: 21600000000
2018/11/04-06:28:49.314002 7efddd0e6700                   Options.stats_dump_period_sec: 60
2018/11/04-06:28:49.314003 7efddd0e6700                          Options.max_open_files: -1
2018/11/04-06:28:49.314004 7efddd0e6700                          Options.bytes_per_sync: 1048576
2018/11/04-06:28:49.314005 7efddd0e6700                      Options.wal_bytes_per_sync: 0
2018/11/04-06:28:49.314006 7efddd0e6700       Options.compaction_readahead_size: 0
2018/11/04-06:28:49.314007 7efddd0e6700 Compression algorithms supported:
2018/11/04-06:28:49.314008 7efddd0e6700 	kZSTDNotFinalCompression supported: 1
2018/11/04-06:28:49.314015 7efddd0e6700 	kZSTD supported: 1
2018/11/04-06:28:49.314017 7efddd0e6700 	kXpressCompression supported: 0
2018/11/04-06:28:49.314018 7efddd0e6700 	kLZ4HCCompression supported: 1
2018/11/04-06:28:49.314019 7efddd0e6700 	kLZ4Compression supported: 1
2018/11/04-06:28:49.314020 7efddd0e6700 	kBZip2Compression supported: 1
2018/11/04-06:28:49.314021 7efddd0e6700 	kZlibCompression supported: 1
2018/11/04-06:28:49.314022 7efddd0e6700 	kSnappyCompression supported: 1
2018/11/04-06:28:49.314025 7efddd0e6700 Fast CRC32 supported: Supported on x86
2018/11/04-06:28:49.314091 7efddd0e6700 [db/db_impl_open.cc:222] Creating manifest 1 
2018/11/04-06:28:49.601032 7efddd0e6700 [db/version_set.cc:3085] Recovering from manifest file: MANIFEST-000001
2018/11/04-06:28:49.601140 7efddd0e6700 [db/column_family.cc:475] --------------- Options for column family [default]:
2018/11/04-06:28:49.601144 7efddd0e6700               Options.comparator: leveldb.BytewiseComparator
2018/11/04-06:28:49.601145 7efddd0e6700           Options.merge_operator: None
2018/11/04-06:28:49.601146 7efddd0e6700        Options.compaction_filter: None
2018/11/04-06:28:49.601147 7efddd0e6700        Options.compaction_filter_factory: None
2018/11/04-06:28:49.601148 7efddd0e6700         Options.memtable_factory: SkipListFactory
2018/11/04-06:28:49.601149 7efddd0e6700            Options.table_factory: BlockBasedTable
2018/11/04-06:28:49.601178 7efddd0e6700            table_factory options:   flush_block_policy_factory: FlushBlockBySizePolicyFactory (0x7efd58382b50)
  cache_index_and_filter_blocks: 0
  cache_index_and_filter_blocks_with_high_priority: 0
  pin_l0_filter_and_index_blocks_in_cache: 0
  index_type: 0
  hash_index_allow_collision: 1
  checksum: 1
  no_block_cache: 0
  block_cache: 0x7efd5838bce0
  block_cache_name: LRUCache
  block_cache_options:
    capacity : 8388608
    num_shard_bits : 4
    strict_capacity_limit : 0
    high_pri_pool_ratio: 0.000
  block_cache_compressed: (nil)
  persistent_cache: (nil)
  block_size: 8192
  block_size_deviation: 10
  block_restart_interval: 16
  index_block_restart_interval: 1
  metadata_block_size: 4096
  partition_filters: 0
  use_delta_encoding: 1
  filter_policy: nullptr
  whole_key_filtering: 1
  verify_compression: 0
  read_amp_bytes_per_bit: 0
  format_version: 2
  enable_index_compression: 1
  block_align: 0
2018/11/04-06:28:49.601202 7efddd0e6700        Options.write_buffer_size: 134217728
2018/11/04-06:28:49.601204 7efddd0e6700  Options.max_write_buffer_number: 24
2018/11/04-06:28:49.601205 7efddd0e6700        Options.compression[0]: NoCompression
2018/11/04-06:28:49.601206 7efddd0e6700        Options.compression[1]: NoCompression
2018/11/04-06:28:49.601207 7efddd0e6700        Options.compression[2]: LZ4
2018/11/04-06:28:49.601208 7efddd0e6700        Options.compression[3]: LZ4
2018/11/04-06:28:49.601209 7efddd0e6700        Options.compression[4]: LZ4
2018/11/04-06:28:49.601210 7efddd0e6700        Options.compression[5]: LZ4
2018/11/04-06:28:49.601211 7efddd0e6700        Options.compression[6]: LZ4
2018/11/04-06:28:49.601212 7efddd0e6700                  Options.bottommost_compression: Disabled
2018/11/04-06:28:49.601212 7efddd0e6700       Options.prefix_extractor: nullptr
2018/11/04-06:28:49.601213 7efddd0e6700   Options.memtable_insert_with_hint_prefix_extractor: nullptr
2018/11/04-06:28:49.601214 7efddd0e6700             Options.num_levels: 7
2018/11/04-06:28:49.601215 7efddd0e6700        Options.min_write_buffer_number_to_merge: 2
2018/11/04-06:28:49.601216 7efddd0e6700     Options.max_write_buffer_number_to_maintain: 0
2018/11/04-06:28:49.601217 7efddd0e6700            Options.compression_opts.window_bits: -14
2018/11/04-06:28:49.601218 7efddd0e6700                  Options.compression_opts.level: -1
2018/11/04-06:28:49.601219 7efddd0e6700               Options.compression_opts.strategy: 0
2018/11/04-06:28:49.601219 7efddd0e6700         Options.compression_opts.max_dict_bytes: 0
2018/11/04-06:28:49.601220 7efddd0e6700         Options.compression_opts.zstd_max_train_bytes: 0
2018/11/04-06:28:49.601221 7efddd0e6700      Options.level0_file_num_compaction_trigger: 2
2018/11/04-06:28:49.601222 7efddd0e6700          Options.level0_slowdown_writes_trigger: 20
2018/11/04-06:28:49.601223 7efddd0e6700              Options.level0_stop_writes_trigger: 36
2018/11/04-06:28:49.601224 7efddd0e6700                   Options.target_file_size_base: 67108864
2018/11/04-06:28:49.601225 7efddd0e6700             Options.target_file_size_multiplier: 1
2018/11/04-06:28:49.601225 7efddd0e6700                Options.max_bytes_for_level_base: 536870912
2018/11/04-06:28:49.601226 7efddd0e6700 Options.level_compaction_dynamic_level_bytes: 0
2018/11/04-06:28:49.601227 7efddd0e6700          Options.max_bytes_for_level_multiplier: 10.000000
2018/11/04-06:28:49.601229 7efddd0e6700 Options.max_bytes_for_level_multiplier_addtl[0]: 1
2018/11/04-06:28:49.601231 7efddd0e6700 Options.max_bytes_for_level_multiplier_addtl[1]: 1
2018/11/04-06:28:49.601231 7efddd0e6700 Options.max_bytes_for_level_multiplier_addtl[2]: 1
2018/11/04-06:28:49.601232 7efddd0e6700 Options.max_bytes_for_level_multiplier_addtl[3]: 1
2018/11/04-06:28:49.601233 7efddd0e6700 Options.max_bytes_for_level_multiplier_addtl[4]: 1
2018/11/04-06:28:49.601234 7efddd0e6700 Options.max_bytes_for_level_multiplier_addtl[5]: 1
2018/11/04-06:28:49.601235 7efddd0e6700 Options.max_bytes_for_level_multiplier_addtl[6]: 1
2018/11/04-06:28:49.601235 7efddd0e6700       Options.max_sequential_skip_in_iterations: 8
2018/11/04-06:28:49.601236 7efddd0e6700                    Options.max_compaction_bytes: 1677721600
2018/11/04-06:28:49.601237 7efddd0e6700                        Options.arena_block_size: 16777216
2018/11/04-06:28:49.601238 7efddd0e6700   Options.soft_pending_compaction_bytes_limit: 68719476736
2018/11/04-06:28:49.601239 7efddd0e6700   Options.hard_pending_compaction_bytes_limit: 274877906944
2018/11/04-06:28:49.601246 7efddd0e6700       Options.rate_limit_delay_max_milliseconds: 100
2018/11/04-06:28:49.601247 7efddd0e6700                Options.disable_auto_compactions: 0
2018/11/04-06:28:49.601249 7efddd0e6700                        Options.compaction_style: kCompactionStyleLevel
2018/11/04-06:28:49.601251 7efddd0e6700                          Options.compaction_pri: kByCompensatedSize
2018/11/04-06:28:49.601252 7efddd0e6700 Options.compaction_options_universal.size_ratio: 1
2018/11/04-06:28:49.601252 7efddd0e6700 Options.compaction_options_universal.min_merge_width: 2
2018/11/04-06:28:49.601253 7efddd0e6700 Options.compaction_options_universal.max_merge_width: 4294967295
2018/11/04-06:28:49.601254 7efddd0e6700 Options.compaction_options_universal.max_size_amplification_percent: 200
2018/11/04-06:28:49.601255 7efddd0e6700 Options.compaction_options_universal.compression_size_percent: -1
2018/11/04-06:28:49.601257 7efddd0e6700 Options.compaction_options_universal.stop_style: kCompactionStopStyleTotalSize
2018/11/04-06:28:49.601258 7efddd0e6700 Options.compaction_options_fifo.max_table_files_size: 1073741824
2018/11/04-06:28:49.601258 7efddd0e6700 Options.compaction_options_fifo.allow_compaction: 0
2018/11/04-06:28:49.601259 7efddd0e6700 Options.compaction_options_fifo.ttl: 0
2018/11/04-06:28:49.601260 7efddd0e6700                   Options.table_properties_collectors: 
2018/11/04-06:28:49.601261 7efddd0e6700                   Options.inplace_update_support: 0
2018/11/04-06:28:49.601262 7efddd0e6700                 Options.inplace_update_num_locks: 10000
2018/11/04-06:28:49.601263 7efddd0e6700               Options.memtable_prefix_bloom_size_ratio: 0.000000
2018/11/04-06:28:49.601264 7efddd0e6700   Options.memtable_huge_page_size: 0
2018/11/04-06:28:49.601265 7efddd0e6700                           Options.bloom_locality: 0
2018/11/04-06:28:49.601266 7efddd0e6700                    Options.max_successive_merges: 0
2018/11/04-06:28:49.601267 7efddd0e6700                Options.optimize_filters_for_hits: 0
2018/11/04-06:28:49.601268 7efddd0e6700                Options.paranoid_file_checks: 0
2018/11/04-06:28:49.601269 7efddd0e6700                Options.force_consistency_checks: 0
2018/11/04-06:28:49.601269 7efddd0e6700                Options.report_bg_io_stats: 0
2018/11/04-06:28:49.601270 7efddd0e6700                               Options.ttl: 0
2018/11/04-06:28:49.602145 7efddd0e6700 [db/version_set.cc:3361] Recovered from manifest file:/mnt/sdb/ycsb-rocksdb-data/MANIFEST-000001 succeeded,manifest_file_number is 1, next_file_number is 3, last_sequence is 0, log_number is 0,prev_log_number is 0,max_column_family is 0,min_log_number_to_keep is 0
2018/11/04-06:28:49.602151 7efddd0e6700 [db/version_set.cc:3369] Column family [default] (ID 0), log number is 0
2018/11/04-06:28:49.602344 7efddd0e6700 [db/version_set.cc:2847] Creating manifest 4
2018/11/04-06:28:49.920380 7efddd0e6700 [db/column_family.cc:475] --------------- Options for column family [usertable]:
2018/11/04-06:28:49.920384 7efddd0e6700               Options.comparator: leveldb.BytewiseComparator
2018/11/04-06:28:49.920386 7efddd0e6700           Options.merge_operator: None
2018/11/04-06:28:49.920387 7efddd0e6700        Options.compaction_filter: None
2018/11/04-06:28:49.920388 7efddd0e6700        Options.compaction_filter_factory: None
2018/11/04-06:28:49.920389 7efddd0e6700         Options.memtable_factory: SkipListFactory
2018/11/04-06:28:49.920390 7efddd0e6700            Options.table_factory: BlockBasedTable
2018/11/04-06:28:49.920415 7efddd0e6700            table_factory options:   flush_block_policy_factory: FlushBlockBySizePolicyFactory (0x7efd58382b30)
  cache_index_and_filter_blocks: 0
  cache_index_and_filter_blocks_with_high_priority: 0
  pin_l0_filter_and_index_blocks_in_cache: 0
  index_type: 0
  hash_index_allow_collision: 1
  checksum: 1
  no_block_cache: 0
  block_cache: 0x7efd5838c4b0
  block_cache_name: LRUCache
  block_cache_options:
    capacity : 8388608
    num_shard_bits : 4
    strict_capacity_limit : 0
    high_pri_pool_ratio: 0.000
  block_cache_compressed: (nil)
  persistent_cache: (nil)
  block_size: 8192
  block_size_deviation: 10
  block_restart_interval: 16
  index_block_restart_interval: 1
  metadata_block_size: 4096
  partition_filters: 0
  use_delta_encoding: 1
  filter_policy: nullptr
  whole_key_filtering: 1
  verify_compression: 0
  read_amp_bytes_per_bit: 0
  format_version: 2
  enable_index_compression: 1
  block_align: 0
2018/11/04-06:28:49.920418 7efddd0e6700        Options.write_buffer_size: 134217728
2018/11/04-06:28:49.920419 7efddd0e6700  Options.max_write_buffer_number: 24
2018/11/04-06:28:49.920420 7efddd0e6700        Options.compression[0]: NoCompression
2018/11/04-06:28:49.920421 7efddd0e6700        Options.compression[1]: NoCompression
2018/11/04-06:28:49.920422 7efddd0e6700        Options.compression[2]: LZ4
2018/11/04-06:28:49.920423 7efddd0e6700        Options.compression[3]: LZ4
2018/11/04-06:28:49.920424 7efddd0e6700        Options.compression[4]: LZ4
2018/11/04-06:28:49.920425 7efddd0e6700        Options.compression[5]: LZ4
2018/11/04-06:28:49.920425 7efddd0e6700        Options.compression[6]: LZ4
2018/11/04-06:28:49.920426 7efddd0e6700                  Options.bottommost_compression: Disabled
2018/11/04-06:28:49.920427 7efddd0e6700       Options.prefix_extractor: nullptr
2018/11/04-06:28:49.920428 7efddd0e6700   Options.memtable_insert_with_hint_prefix_extractor: nullptr
2018/11/04-06:28:49.920429 7efddd0e6700             Options.num_levels: 7
2018/11/04-06:28:49.920430 7efddd0e6700        Options.min_write_buffer_number_to_merge: 2
2018/11/04-06:28:49.920431 7efddd0e6700     Options.max_write_buffer_number_to_maintain: 0
2018/11/04-06:28:49.920432 7efddd0e6700            Options.compression_opts.window_bits: -14
2018/11/04-06:28:49.920433 7efddd0e6700                  Options.compression_opts.level: -1
2018/11/04-06:28:49.920433 7efddd0e6700               Options.compression_opts.strategy: 0
2018/11/04-06:28:49.920434 7efddd0e6700         Options.compression_opts.max_dict_bytes: 0
2018/11/04-06:28:49.920435 7efddd0e6700         Options.compression_opts.zstd_max_train_bytes: 0
2018/11/04-06:28:49.920436 7efddd0e6700      Options.level0_file_num_compaction_trigger: 2
2018/11/04-06:28:49.920437 7efddd0e6700          Options.level0_slowdown_writes_trigger: 20
2018/11/04-06:28:49.920438 7efddd0e6700              Options.level0_stop_writes_trigger: 36
2018/11/04-06:28:49.920439 7efddd0e6700                   Options.target_file_size_base: 67108864
2018/11/04-06:28:49.920440 7efddd0e6700             Options.target_file_size_multiplier: 1
2018/11/04-06:28:49.920440 7efddd0e6700                Options.max_bytes_for_level_base: 536870912
2018/11/04-06:28:49.920441 7efddd0e6700 Options.level_compaction_dynamic_level_bytes: 0
2018/11/04-06:28:49.920442 7efddd0e6700          Options.max_bytes_for_level_multiplier: 10.000000
2018/11/04-06:28:49.920444 7efddd0e6700 Options.max_bytes_for_level_multiplier_addtl[0]: 1
2018/11/04-06:28:49.920456 7efddd0e6700 Options.max_bytes_for_level_multiplier_addtl[1]: 1
2018/11/04-06:28:49.920457 7efddd0e6700 Options.max_bytes_for_level_multiplier_addtl[2]: 1
2018/11/04-06:28:49.920458 7efddd0e6700 Options.max_bytes_for_level_multiplier_addtl[3]: 1
2018/11/04-06:28:49.920459 7efddd0e6700 Options.max_bytes_for_level_multiplier_addtl[4]: 1
2018/11/04-06:28:49.920460 7efddd0e6700 Options.max_bytes_for_level_multiplier_addtl[5]: 1
2018/11/04-06:28:49.920461 7efddd0e6700 Options.max_bytes_for_level_multiplier_addtl[6]: 1
2018/11/04-06:28:49.920462 7efddd0e6700       Options.max_sequential_skip_in_iterations: 8
2018/11/04-06:28:49.920462 7efddd0e6700                    Options.max_compaction_bytes: 1677721600
2018/11/04-06:28:49.920463 7efddd0e6700                        Options.arena_block_size: 16777216
2018/11/04-06:28:49.920464 7efddd0e6700   Options.soft_pending_compaction_bytes_limit: 68719476736
2018/11/04-06:28:49.920465 7efddd0e6700   Options.hard_pending_compaction_bytes_limit: 274877906944
2018/11/04-06:28:49.920466 7efddd0e6700       Options.rate_limit_delay_max_milliseconds: 100
2018/11/04-06:28:49.920467 7efddd0e6700                Options.disable_auto_compactions: 0
2018/11/04-06:28:49.920468 7efddd0e6700                        Options.compaction_style: kCompactionStyleLevel
2018/11/04-06:28:49.920469 7efddd0e6700                          Options.compaction_pri: kByCompensatedSize
2018/11/04-06:28:49.920470 7efddd0e6700 Options.compaction_options_universal.size_ratio: 1
2018/11/04-06:28:49.920471 7efddd0e6700 Options.compaction_options_universal.min_merge_width: 2
2018/11/04-06:28:49.920472 7efddd0e6700 Options.compaction_options_universal.max_merge_width: 4294967295
2018/11/04-06:28:49.920473 7efddd0e6700 Options.compaction_options_universal.max_size_amplification_percent: 200
2018/11/04-06:28:49.920474 7efddd0e6700 Options.compaction_options_universal.compression_size_percent: -1
2018/11/04-06:28:49.920475 7efddd0e6700 Options.compaction_options_universal.stop_style: kCompactionStopStyleTotalSize
2018/11/04-06:28:49.920476 7efddd0e6700 Options.compaction_options_fifo.max_table_files_size: 1073741824
2018/11/04-06:28:49.920477 7efddd0e6700 Options.compaction_options_fifo.allow_compaction: 0
2018/11/04-06:28:49.920477 7efddd0e6700 Options.compaction_options_fifo.ttl: 0
2018/11/04-06:28:49.920478 7efddd0e6700                   Options.table_properties_collectors: 
2018/11/04-06:28:49.920479 7efddd0e6700                   Options.inplace_update_support: 0
2018/11/04-06:28:49.920480 7efddd0e6700                 Options.inplace_update_num_locks: 10000
2018/11/04-06:28:49.920481 7efddd0e6700               Options.memtable_prefix_bloom_size_ratio: 0.000000
2018/11/04-06:28:49.920482 7efddd0e6700   Options.memtable_huge_page_size: 0
2018/11/04-06:28:49.920483 7efddd0e6700                           Options.bloom_locality: 0
2018/11/04-06:28:49.920484 7efddd0e6700                    Options.max_successive_merges: 0
2018/11/04-06:28:49.920485 7efddd0e6700                Options.optimize_filters_for_hits: 0
2018/11/04-06:28:49.920486 7efddd0e6700                Options.paranoid_file_checks: 0
2018/11/04-06:28:49.920487 7efddd0e6700                Options.force_consistency_checks: 0
2018/11/04-06:28:49.920488 7efddd0e6700                Options.report_bg_io_stats: 0
2018/11/04-06:28:49.920488 7efddd0e6700                               Options.ttl: 0
2018/11/04-06:28:49.920557 7efddd0e6700 [db/db_impl.cc:1396] Created column family [usertable] (ID 1)
2018/11/04-06:28:50.234703 7efddd0e6700 [db/db_impl_open.cc:1219] DB pointer 0x7efd583b8a90
2018/11/04-06:28:51.315911 7efddd0e6700 [db/db_impl_write.cc:1373] [usertable] New memtable created with log file: #9. Immutable memtables: 0.
2018/11/04-06:28:52.384420 7efddd0e6700 [db/db_impl_write.cc:1373] [usertable] New memtable created with log file: #10. Immutable memtables: 1.
2018/11/04-06:28:52.384642 7efcfaffd700 [db/db_impl_compaction_flush.cc:80] [JOB 2] Syncing log #3
2018/11/04-06:28:52.912112 7efcfaffd700 [db/db_impl_compaction_flush.cc:80] [JOB 2] Syncing log #9
2018/11/04-06:28:53.271963 7efddd0e6700 [db/db_impl_write.cc:1373] [usertable] New memtable created with log file: #12. Immutable memtables: 2.
2018/11/04-06:28:53.942167 7efcfaffd700 (Original Log Time 2018/11/04-06:28:52.384598) [db/db_impl_compaction_flush.cc:1424] Calling FlushMemTableToOutputFile with column family [usertable], flush slots available 24, compaction slots available 1, flush slots scheduled 1, compaction slots scheduled 0
2018/11/04-06:28:53.942190 7efcfaffd700 [db/flush_job.cc:301] [usertable] [JOB 2] Flushing memtable with next log file: 9
2018/11/04-06:28:53.942211 7efcfaffd700 [db/flush_job.cc:301] [usertable] [JOB 2] Flushing memtable with next log file: 10
2018/11/04-06:28:53.942270 7efcfaffd700 EVENT_LOG_v1 {"time_micros": 1541341733942248, "job": 2, "event": "flush_started", "num_memtables": 2, "num_entries": 62730, "num_deletes": 0, "memory_usage": 260119568, "flush_reason": "Write Buffer Full"}
2018/11/04-06:28:53.942283 7efcfaffd700 [db/flush_job.cc:331] [usertable] [JOB 2] Level-0 flush table #11: started
2018/11/04-06:28:54.241224 7efddd0e6700 [db/db_impl_write.cc:1373] [usertable] New memtable created with log file: #13. Immutable memtables: 3.
2018/11/04-06:28:54.241444 7efcfa7fc700 [db/db_impl_compaction_flush.cc:80] [JOB 3] Syncing log #10
2018/11/04-06:28:55.089819 7efddd0e6700 [db/db_impl_write.cc:1373] [usertable] New memtable created with log file: #15. Immutable memtables: 4.
2018/11/04-06:28:55.900144 7efddd0e6700 [db/db_impl_write.cc:1373] [usertable] New memtable created with log file: #16. Immutable memtables: 5.
2018/11/04-06:28:56.151621 7efcfa7fc700 [db/db_impl_compaction_flush.cc:80] [JOB 3] Syncing log #12
2018/11/04-06:28:56.152632 7efcfaffd700 EVENT_LOG_v1 {"time_micros": 1541341736152608, "cf_name": "usertable", "job": 2, "event": "table_file_creation", "file_number": 11, "file_size": 259789991, "table_properties": {"data_size": 258635790, "index_size": 1153274, "filter_size": 0, "raw_key_size": 1505520, "raw_average_key_size": 24, "raw_value_size": 256942080, "raw_average_value_size": 4096, "num_data_blocks": 31365, "num_entries": 62730, "filter_policy_name": "", "kDeletedKeys": "0", "kMergeOperands": "0"}}
2018/11/04-06:28:56.152657 7efcfaffd700 [db/flush_job.cc:371] [usertable] [JOB 2] Level-0 flush table #11: 259789991 bytes OK
2018/11/04-06:28:56.279273 7efcfaffd700 (Original Log Time 2018/11/04-06:28:56.152679) [db/memtable_list.cc:377] [usertable] Level-0 commit table #11 started
2018/11/04-06:28:56.279278 7efcfaffd700 (Original Log Time 2018/11/04-06:28:56.279116) [db/memtable_list.cc:409] [usertable] Level-0 commit table #11: memtable #1 done
2018/11/04-06:28:56.279279 7efcfaffd700 (Original Log Time 2018/11/04-06:28:56.279133) [db/memtable_list.cc:409] [usertable] Level-0 commit table #11: memtable #2 done
2018/11/04-06:28:56.279281 7efcfaffd700 (Original Log Time 2018/11/04-06:28:56.279180) EVENT_LOG_v1 {"time_micros": 1541341736279156, "job": 2, "event": "flush_finished", "output_compression": "NoCompression", "lsm_state": [1, 0, 0, 0, 0, 0, 0], "immutable_memtables": 4}
2018/11/04-06:28:56.279283 7efcfaffd700 (Original Log Time 2018/11/04-06:28:56.279214) [db/db_impl_compaction_flush.cc:177] [usertable] Level summary: base level 1 max bytes base 536870912 files[1 0 0 0 0 0 0] max score 0.50
2018/11/04-06:28:56.279300 7efcfaffd700 [db/db_impl_files.cc:347] [JOB 2] Try to delete WAL files size 259012170, prev total WAL file size 830416222, number of live WAL files 7.
2018/11/04-06:28:56.846919 7efddd0e6700 [db/db_impl_write.cc:1373] [usertable] New memtable created with log file: #18. Immutable memtables: 4.
2018/11/04-06:28:57.288328 7efcfa7fc700 (Original Log Time 2018/11/04-06:28:54.241403) [db/db_impl_compaction_flush.cc:1424] Calling FlushMemTableToOutputFile with column family [usertable], flush slots available 24, compaction slots available 1, flush slots scheduled 2, compaction slots scheduled 0
2018/11/04-06:28:57.288334 7efcf9ffb700 [db/db_impl_compaction_flush.cc:80] [JOB 4] Syncing log #13
2018/11/04-06:28:57.288341 7efcfa7fc700 [db/flush_job.cc:301] [usertable] [JOB 3] Flushing memtable with next log file: 12
2018/11/04-06:28:57.288349 7efcfa7fc700 [db/flush_job.cc:301] [usertable] [JOB 3] Flushing memtable with next log file: 13
2018/11/04-06:28:57.288386 7efcfa7fc700 EVENT_LOG_v1 {"time_micros": 1541341737288373, "job": 3, "event": "flush_started", "num_memtables": 2, "num_entries": 62730, "num_deletes": 0, "memory_usage": 260119104, "flush_reason": "Write Buffer Full"}
2018/11/04-06:28:57.288394 7efcfa7fc700 [db/flush_job.cc:331] [usertable] [JOB 3] Level-0 flush table #14: started
2018/11/04-06:28:57.705406 7efddd0e6700 [db/db_impl_write.cc:1373] [usertable] New memtable created with log file: #19. Immutable memtables: 5.
2018/11/04-06:28:58.511196 7efddd0e6700 [db/db_impl_write.cc:1373] [usertable] New memtable created with log file: #21. Immutable memtables: 6.
2018/11/04-06:28:58.809674 7efcf9ffb700 [db/db_impl_compaction_flush.cc:80] [JOB 4] Syncing log #15
2018/11/04-06:28:59.339944 7efddd0e6700 [db/db_impl_write.cc:1373] [usertable] New memtable created with log file: #22. Immutable memtables: 7.
2018/11/04-06:28:59.758322 7efcf9ffb700 (Original Log Time 2018/11/04-06:28:55.900268) [db/db_impl_compaction_flush.cc:1424] Calling FlushMemTableToOutputFile with column family [usertable], flush slots available 24, compaction slots available 1, flush slots scheduled 3, compaction slots scheduled 0
2018/11/04-06:28:59.758336 7efcf9ffb700 [db/flush_job.cc:301] [usertable] [JOB 4] Flushing memtable with next log file: 15
2018/11/04-06:28:59.758343 7efcf9ffb700 [db/flush_job.cc:301] [usertable] [JOB 4] Flushing memtable with next log file: 16
2018/11/04-06:28:59.758350 7efcf97fa700 [db/db_impl_compaction_flush.cc:80] [JOB 5] Syncing log #16
2018/11/04-06:28:59.758372 7efcf9ffb700 EVENT_LOG_v1 {"time_micros": 1541341739758363, "job": 4, "event": "flush_started", "num_memtables": 2, "num_entries": 62730, "num_deletes": 0, "memory_usage": 260119360, "flush_reason": "Write Buffer Full"}
2018/11/04-06:28:59.758378 7efcf9ffb700 [db/flush_job.cc:331] [usertable] [JOB 4] Level-0 flush table #17: started
2018/11/04-06:29:00.157080 7efddd0e6700 [db/db_impl_write.cc:1373] [usertable] New memtable created with log file: #24. Immutable memtables: 8.
2018/11/04-06:29:01.023339 7efddd0e6700 [db/db_impl_write.cc:1373] [usertable] New memtable created with log file: #25. Immutable memtables: 9.
2018/11/04-06:29:01.524617 7efcf97fa700 [db/db_impl_compaction_flush.cc:80] [JOB 5] Syncing log #18
2018/11/04-06:29:01.525406 7efcfa7fc700 EVENT_LOG_v1 {"time_micros": 1541341741525385, "cf_name": "usertable", "job": 3, "event": "table_file_creation", "file_number": 14, "file_size": 259789989, "table_properties": {"data_size": 258635790, "index_size": 1153272, "filter_size": 0, "raw_key_size": 1505520, "raw_average_key_size": 24, "raw_value_size": 256942080, "raw_average_value_size": 4096, "num_data_blocks": 31365, "num_entries": 62730, "filter_policy_name": "", "kDeletedKeys": "0", "kMergeOperands": "0"}}
2018/11/04-06:29:01.525425 7efcfa7fc700 [db/flush_job.cc:371] [usertable] [JOB 3] Level-0 flush table #14: 259789989 bytes OK
2018/11/04-06:29:01.670105 7efcf9ffb700 EVENT_LOG_v1 {"time_micros": 1541341741670080, "cf_name": "usertable", "job": 4, "event": "table_file_creation", "file_number": 17, "file_size": 259789990, "table_properties": {"data_size": 258635790, "index_size": 1153273, "filter_size": 0, "raw_key_size": 1505520, "raw_average_key_size": 24, "raw_value_size": 256942080, "raw_average_value_size": 4096, "num_data_blocks": 31365, "num_entries": 62730, "filter_policy_name": "", "kDeletedKeys": "0", "kMergeOperands": "0"}}
2018/11/04-06:29:01.670127 7efcf9ffb700 [db/flush_job.cc:371] [usertable] [JOB 4] Level-0 flush table #17: 259789990 bytes OK
2018/11/04-06:29:01.670194 7efcf9ffb700 (Original Log Time 2018/11/04-06:29:01.670156) EVENT_LOG_v1 {"time_micros": 1541341741670148, "job": 4, "event": "flush_finished", "output_compression": "NoCompression", "lsm_state": [1, 0, 0, 0, 0, 0, 0], "immutable_memtables": 10}
2018/11/04-06:29:01.670196 7efcf9ffb700 (Original Log Time 2018/11/04-06:29:01.670174) [db/db_impl_compaction_flush.cc:177] [usertable] Level summary: base level 1 max bytes base 536870912 files[1 0 0 0 0 0 0] max score 0.50
2018/11/04-06:29:01.814565 7efddd0e6700 [db/db_impl_write.cc:1373] [usertable] New memtable created with log file: #27. Immutable memtables: 10.
2018/11/04-06:29:02.599730 7efddd0e6700 [db/db_impl_write.cc:1373] [usertable] New memtable created with log file: #28. Immutable memtables: 9.
2018/11/04-06:29:02.616257 7efcfb7fe700 [WARN] [db/db_impl.cc:491] ------- DUMPING STATS -------
2018/11/04-06:29:02.617265 7efcfb7fe700 [WARN] [db/db_impl.cc:492] 
** DB Stats **
Uptime(secs): 13.0 total, 13.0 interval
Cumulative writes: 439K writes, 439K keys, 439K commit groups, 1.0 writes per commit group, ingest: 1.69 GB, 133.02 MB/s
Cumulative WAL: 439K writes, 0 syncs, 439111.00 writes per sync, written: 1.69 GB, 133.02 MB/s
Cumulative stall: 00:00:0.000 H:M:S, 0.0 percent
Interval writes: 439K writes, 439K keys, 439K commit groups, 1.0 writes per commit group, ingest: 1729.10 MB, 133.02 MB/s
Interval WAL: 439K writes, 0 syncs, 439111.00 writes per sync, written: 1.69 MB, 133.02 MB/s
Interval stall: 00:00:0.000 H:M:S, 0.0 percent

** Compaction Stats [default] **
Level    Files   Size     Score Read(GB)  Rn(GB) Rnp1(GB) Write(GB) Wnew(GB) Moved(GB) W-Amp Rd(MB/s) Wr(MB/s) Comp(sec) Comp(cnt) Avg(sec) KeyIn KeyDrop
----------------------------------------------------------------------------------------------------------------------------------------------------------
 Sum      0/0    0.00 KB   0.0      0.0     0.0      0.0       0.0      0.0       0.0   0.0      0.0      0.0         0         0    0.000       0      0
 Int      0/0    0.00 KB   0.0      0.0     0.0      0.0       0.0      0.0       0.0   0.0      0.0      0.0         0         0    0.000       0      0
Uptime(secs): 13.0 total, 13.0 interval
Flush(GB): cumulative 0.000, interval 0.000
AddFile(GB): cumulative 0.000, interval 0.000
AddFile(Total Files): cumulative 0, interval 0
AddFile(L0 Files): cumulative 0, interval 0
AddFile(Keys): cumulative 0, interval 0
Cumulative compaction: 0.00 GB write, 0.00 MB/s write, 0.00 GB read, 0.00 MB/s read, 0.0 seconds
Interval compaction: 0.00 GB write, 0.00 MB/s write, 0.00 GB read, 0.00 MB/s read, 0.0 seconds
Stalls(count): 0 level0_slowdown, 0 level0_slowdown_with_compaction, 0 level0_numfiles, 0 level0_numfiles_with_compaction, 0 stop for pending_compaction_bytes, 0 slowdown for pending_compaction_bytes, 0 memtable_compaction, 0 memtable_slowdown, interval 0 total count

** File Read Latency Histogram By Level [default] **

** Compaction Stats [usertable] **
Level    Files   Size     Score Read(GB)  Rn(GB) Rnp1(GB) Write(GB) Wnew(GB) Moved(GB) W-Amp Rd(MB/s) Wr(MB/s) Comp(sec) Comp(cnt) Avg(sec) KeyIn KeyDrop
----------------------------------------------------------------------------------------------------------------------------------------------------------
  L0      2/0   495.51 MB   1.0      0.0     0.0      0.0       0.7      0.7       0.0   1.0      0.0     88.9         8         3    2.786       0      0
 Sum      2/0   495.51 MB   0.0      0.0     0.0      0.0       0.7      0.7       0.0   1.0      0.0     88.9         8         3    2.786       0      0
 Int      0/0    0.00 KB   0.0      0.0     0.0      0.0       0.7      0.7       0.0   1.0      0.0     88.9         8         3    2.786       0      0
Uptime(secs): 12.7 total, 12.7 interval
Flush(GB): cumulative 0.726, interval 0.726
AddFile(GB): cumulative 0.000, interval 0.000
AddFile(Total Files): cumulative 0, interval 0
AddFile(L0 Files): cumulative 0, interval 0
AddFile(Keys): cumulative 0, interval 0
Cumulative compaction: 0.73 GB write, 58.57 MB/s write, 0.00 GB read, 0.00 MB/s read, 8.4 seconds
Interval compaction: 0.73 GB write, 58.57 MB/s write, 0.00 GB read, 0.00 MB/s read, 8.4 seconds
Stalls(count): 0 level0_slowdown, 0 level0_slowdown_with_compaction, 0 level0_numfiles, 0 level0_numfiles_with_compaction, 0 stop for pending_compaction_bytes, 0 slowdown for pending_compaction_bytes, 0 memtable_compaction, 0 memtable_slowdown, interval 0 total count

** File Read Latency Histogram By Level [usertable] **

** Compaction Stats [default] **
Level    Files   Size     Score Read(GB)  Rn(GB) Rnp1(GB) Write(GB) Wnew(GB) Moved(GB) W-Amp Rd(MB/s) Wr(MB/s) Comp(sec) Comp(cnt) Avg(sec) KeyIn KeyDrop
----------------------------------------------------------------------------------------------------------------------------------------------------------
 Sum      0/0    0.00 KB   0.0      0.0     0.0      0.0       0.0      0.0       0.0   0.0      0.0      0.0         0         0    0.000       0      0
 Int      0/0    0.00 KB   0.0      0.0     0.0      0.0       0.0      0.0       0.0   0.0      0.0      0.0         0         0    0.000       0      0
Uptime(secs): 13.0 total, 0.0 interval
Flush(GB): cumulative 0.000, interval 0.000
AddFile(GB): cumulative 0.000, interval 0.000
AddFile(Total Files): cumulative 0, interval 0
AddFile(L0 Files): cumulative 0, interval 0
AddFile(Keys): cumulative 0, interval 0
Cumulative compaction: 0.00 GB write, 0.00 MB/s write, 0.00 GB read, 0.00 MB/s read, 0.0 seconds
Interval compaction: 0.00 GB write, 0.00 MB/s write, 0.00 GB read, 0.00 MB/s read, 0.0 seconds
Stalls(count): 0 level0_slowdown, 0 level0_slowdown_with_compaction, 0 level0_numfiles, 0 level0_numfiles_with_compaction, 0 stop for pending_compaction_bytes, 0 slowdown for pending_compaction_bytes, 0 memtable_compaction, 0 memtable_slowdown, interval 0 total count

** File Read Latency Histogram By Level [default] **

** Compaction Stats [usertable] **
Level    Files   Size     Score Read(GB)  Rn(GB) Rnp1(GB) Write(GB) Wnew(GB) Moved(GB) W-Amp Rd(MB/s) Wr(MB/s) Comp(sec) Comp(cnt) Avg(sec) KeyIn KeyDrop
----------------------------------------------------------------------------------------------------------------------------------------------------------
  L0      2/0   495.51 MB   1.0      0.0     0.0      0.0       0.7      0.7       0.0   1.0      0.0     88.9         8         3    2.786       0      0
 Sum      2/0   495.51 MB   0.0      0.0     0.0      0.0       0.7      0.7       0.0   1.0      0.0     88.9         8         3    2.786       0      0
 Int      0/0    0.00 KB   0.0      0.0     0.0      0.0       0.0      0.0       0.0   0.0      0.0      0.0         0         0    0.000       0      0
Uptime(secs): 12.7 total, 0.0 interval
Flush(GB): cumulative 0.726, interval 0.000
AddFile(GB): cumulative 0.000, interval 0.000
AddFile(Total Files): cumulative 0, interval 0
AddFile(L0 Files): cumulative 0, interval 0
AddFile(Keys): cumulative 0, interval 0
Cumulative compaction: 0.73 GB write, 58.54 MB/s write, 0.00 GB read, 0.00 MB/s read, 8.4 seconds
Interval compaction: 0.00 GB write, 0.00 MB/s write, 0.00 GB read, 0.00 MB/s read, 0.0 seconds
Stalls(count): 0 level0_slowdown, 0 level0_slowdown_with_compaction, 0 level0_numfiles, 0 level0_numfiles_with_compaction, 0 stop for pending_compaction_bytes, 0 slowdown for pending_compaction_bytes, 0 memtable_compaction, 0 memtable_slowdown, interval 0 total count

** File Read Latency Histogram By Level [usertable] **
2018/11/04-06:29:02.838421 7efcf97fa700 (Original Log Time 2018/11/04-06:28:57.705532) [db/db_impl_compaction_flush.cc:1424] Calling FlushMemTableToOutputFile with column family [usertable], flush slots available 24, compaction slots available 1, flush slots scheduled 3, compaction slots scheduled 0
2018/11/04-06:29:02.838430 7efcf97fa700 [db/flush_job.cc:301] [usertable] [JOB 5] Flushing memtable with next log file: 18
2018/11/04-06:29:02.838422 7efcf8ff9700 [db/db_impl_compaction_flush.cc:80] [JOB 6] Syncing log #19
2018/11/04-06:29:02.838436 7efcf97fa700 [db/flush_job.cc:301] [usertable] [JOB 5] Flushing memtable with next log file: 19
2018/11/04-06:29:02.838495 7efcf97fa700 EVENT_LOG_v1 {"time_micros": 1541341742838485, "job": 5, "event": "flush_started", "num_memtables": 2, "num_entries": 62730, "num_deletes": 0, "memory_usage": 260069664, "flush_reason": "Write Buffer Full"}
