2018/11/11-22:01:55.142154 7f9bedbfe700 RocksDB version: 5.14.3
2018/11/11-22:01:55.142230 7f9bedbfe700 Git sha rocksdb_build_git_sha:
2018/11/11-22:01:55.142233 7f9bedbfe700 Compile date Oct 15 2018
2018/11/11-22:01:55.142238 7f9bedbfe700 DB SUMMARY
2018/11/11-22:01:55.142269 7f9bedbfe700 SST files in /mnt/sdb/ycsb-rocksdb-data dir, Total Num: 0, files: 
2018/11/11-22:01:55.142272 7f9bedbfe700 Write Ahead Log file in /mnt/sdb/ycsb-rocksdb-data: 
2018/11/11-22:01:55.142274 7f9bedbfe700                         Options.error_if_exists: 0
2018/11/11-22:01:55.142276 7f9bedbfe700                       Options.create_if_missing: 1
2018/11/11-22:01:55.142277 7f9bedbfe700                         Options.paranoid_checks: 1
2018/11/11-22:01:55.142277 7f9bedbfe700                                     Options.env: 0x7f9bed6dc3e0
2018/11/11-22:01:55.142278 7f9bedbfe700                                Options.info_log: 0x7f9b983e5f70
2018/11/11-22:01:55.142279 7f9bedbfe700                Options.max_file_opening_threads: 16
2018/11/11-22:01:55.142280 7f9bedbfe700                              Options.statistics: (nil)
2018/11/11-22:01:55.142281 7f9bedbfe700                               Options.use_fsync: 0
2018/11/11-22:01:55.142282 7f9bedbfe700                       Options.max_log_file_size: 0
2018/11/11-22:01:55.142283 7f9bedbfe700                  Options.max_manifest_file_size: 18446744073709551615
2018/11/11-22:01:55.142284 7f9bedbfe700                   Options.log_file_time_to_roll: 0
2018/11/11-22:01:55.142285 7f9bedbfe700                       Options.keep_log_file_num: 1000
2018/11/11-22:01:55.142286 7f9bedbfe700                    Options.recycle_log_file_num: 0
2018/11/11-22:01:55.142287 7f9bedbfe700                         Options.allow_fallocate: 1
2018/11/11-22:01:55.142288 7f9bedbfe700                        Options.allow_mmap_reads: 0
2018/11/11-22:01:55.142289 7f9bedbfe700                       Options.allow_mmap_writes: 0
2018/11/11-22:01:55.142290 7f9bedbfe700                        Options.use_direct_reads: 0
2018/11/11-22:01:55.142290 7f9bedbfe700                        Options.use_direct_io_for_flush_and_compaction: 0
2018/11/11-22:01:55.142291 7f9bedbfe700          Options.create_missing_column_families: 1
2018/11/11-22:01:55.142292 7f9bedbfe700                              Options.db_log_dir: 
2018/11/11-22:01:55.142293 7f9bedbfe700                                 Options.wal_dir: /mnt/sdb/ycsb-rocksdb-data
2018/11/11-22:01:55.142294 7f9bedbfe700                Options.table_cache_numshardbits: 6
2018/11/11-22:01:55.142295 7f9bedbfe700                      Options.max_subcompactions: 4
2018/11/11-22:01:55.142296 7f9bedbfe700                  Options.max_background_flushes: 24
2018/11/11-22:01:55.142297 7f9bedbfe700                         Options.WAL_ttl_seconds: 0
2018/11/11-22:01:55.142297 7f9bedbfe700                       Options.WAL_size_limit_MB: 0
2018/11/11-22:01:55.142298 7f9bedbfe700             Options.manifest_preallocation_size: 4194304
2018/11/11-22:01:55.142299 7f9bedbfe700                     Options.is_fd_close_on_exec: 1
2018/11/11-22:01:55.142300 7f9bedbfe700                   Options.advise_random_on_open: 1
2018/11/11-22:01:55.142301 7f9bedbfe700                    Options.db_write_buffer_size: 0
2018/11/11-22:01:55.142302 7f9bedbfe700                    Options.write_buffer_manager: 0x7f9b983e41b0
2018/11/11-22:01:55.142303 7f9bedbfe700         Options.access_hint_on_compaction_start: 1
2018/11/11-22:01:55.142303 7f9bedbfe700  Options.new_table_reader_for_compaction_inputs: 0
2018/11/11-22:01:55.142304 7f9bedbfe700           Options.random_access_max_buffer_size: 1048576
2018/11/11-22:01:55.142305 7f9bedbfe700                      Options.use_adaptive_mutex: 0
2018/11/11-22:01:55.142306 7f9bedbfe700                            Options.rate_limiter: (nil)
2018/11/11-22:01:55.142308 7f9bedbfe700     Options.sst_file_manager.rate_bytes_per_sec: 0
2018/11/11-22:01:55.142309 7f9bedbfe700                       Options.wal_recovery_mode: 2
2018/11/11-22:01:55.142310 7f9bedbfe700                  Options.enable_thread_tracking: 0
2018/11/11-22:01:55.142311 7f9bedbfe700                  Options.enable_pipelined_write: 1
2018/11/11-22:01:55.142320 7f9bedbfe700         Options.allow_concurrent_memtable_write: 1
2018/11/11-22:01:55.142322 7f9bedbfe700      Options.enable_write_thread_adaptive_yield: 1
2018/11/11-22:01:55.142322 7f9bedbfe700             Options.write_thread_max_yield_usec: 100
2018/11/11-22:01:55.142323 7f9bedbfe700            Options.write_thread_slow_yield_usec: 3
2018/11/11-22:01:55.142324 7f9bedbfe700                               Options.row_cache: None
2018/11/11-22:01:55.142325 7f9bedbfe700                              Options.wal_filter: None
2018/11/11-22:01:55.142326 7f9bedbfe700             Options.avoid_flush_during_recovery: 0
2018/11/11-22:01:55.142327 7f9bedbfe700             Options.allow_ingest_behind: 0
2018/11/11-22:01:55.142328 7f9bedbfe700             Options.preserve_deletes: 0
2018/11/11-22:01:55.142329 7f9bedbfe700             Options.two_write_queues: 0
2018/11/11-22:01:55.142329 7f9bedbfe700             Options.manual_wal_flush: 0
2018/11/11-22:01:55.142332 7f9bedbfe700             Options.max_background_jobs: 24
2018/11/11-22:01:55.142333 7f9bedbfe700             Options.max_background_compactions: 24
2018/11/11-22:01:55.142334 7f9bedbfe700             Options.avoid_flush_during_shutdown: 0
2018/11/11-22:01:55.142334 7f9bedbfe700           Options.writable_file_max_buffer_size: 1048576
2018/11/11-22:01:55.142335 7f9bedbfe700             Options.delayed_write_rate : 16777216
2018/11/11-22:01:55.142336 7f9bedbfe700             Options.max_total_wal_size: 0
2018/11/11-22:01:55.142337 7f9bedbfe700             Options.delete_obsolete_files_period_micros: 21600000000
2018/11/11-22:01:55.142338 7f9bedbfe700                   Options.stats_dump_period_sec: 60
2018/11/11-22:01:55.142339 7f9bedbfe700                          Options.max_open_files: -1
2018/11/11-22:01:55.142340 7f9bedbfe700                          Options.bytes_per_sync: 1048576
2018/11/11-22:01:55.142341 7f9bedbfe700                      Options.wal_bytes_per_sync: 0
2018/11/11-22:01:55.142342 7f9bedbfe700       Options.compaction_readahead_size: 0
2018/11/11-22:01:55.142342 7f9bedbfe700 Compression algorithms supported:
2018/11/11-22:01:55.142344 7f9bedbfe700 	kZSTDNotFinalCompression supported: 1
2018/11/11-22:01:55.142354 7f9bedbfe700 	kZSTD supported: 1
2018/11/11-22:01:55.142355 7f9bedbfe700 	kXpressCompression supported: 0
2018/11/11-22:01:55.142356 7f9bedbfe700 	kLZ4HCCompression supported: 1
2018/11/11-22:01:55.142357 7f9bedbfe700 	kLZ4Compression supported: 1
2018/11/11-22:01:55.142358 7f9bedbfe700 	kBZip2Compression supported: 1
2018/11/11-22:01:55.142359 7f9bedbfe700 	kZlibCompression supported: 1
2018/11/11-22:01:55.142361 7f9bedbfe700 	kSnappyCompression supported: 1
2018/11/11-22:01:55.142365 7f9bedbfe700 Fast CRC32 supported: Supported on x86
2018/11/11-22:01:55.142456 7f9bedbfe700 [db/db_impl_open.cc:222] Creating manifest 1 
2018/11/11-22:01:55.252524 7f9bedbfe700 [db/version_set.cc:3085] Recovering from manifest file: MANIFEST-000001
2018/11/11-22:01:55.252609 7f9bedbfe700 [db/column_family.cc:475] --------------- Options for column family [default]:
2018/11/11-22:01:55.252613 7f9bedbfe700               Options.comparator: leveldb.BytewiseComparator
2018/11/11-22:01:55.252615 7f9bedbfe700           Options.merge_operator: None
2018/11/11-22:01:55.252616 7f9bedbfe700        Options.compaction_filter: None
2018/11/11-22:01:55.252617 7f9bedbfe700        Options.compaction_filter_factory: None
2018/11/11-22:01:55.252617 7f9bedbfe700         Options.memtable_factory: SkipListFactory
2018/11/11-22:01:55.252619 7f9bedbfe700            Options.table_factory: BlockBasedTable
2018/11/11-22:01:55.252648 7f9bedbfe700            table_factory options:   flush_block_policy_factory: FlushBlockBySizePolicyFactory (0x7f9b98388400)
  cache_index_and_filter_blocks: 0
  cache_index_and_filter_blocks_with_high_priority: 0
  pin_l0_filter_and_index_blocks_in_cache: 0
  index_type: 0
  hash_index_allow_collision: 1
  checksum: 1
  no_block_cache: 0
  block_cache: 0x7f9b98391a60
  block_cache_name: LRUCache
  block_cache_options:
    capacity : 8388608
    num_shard_bits : 4
    strict_capacity_limit : 0
    high_pri_pool_ratio: 0.000
  block_cache_compressed: (nil)
  persistent_cache: (nil)
  block_size: 8192
  block_size_deviation: 10
  block_restart_interval: 16
  index_block_restart_interval: 1
  metadata_block_size: 4096
  partition_filters: 0
  use_delta_encoding: 1
  filter_policy: nullptr
  whole_key_filtering: 1
  verify_compression: 0
  read_amp_bytes_per_bit: 0
  format_version: 2
  enable_index_compression: 1
  block_align: 0
2018/11/11-22:01:55.252664 7f9bedbfe700        Options.write_buffer_size: 134217728
2018/11/11-22:01:55.252666 7f9bedbfe700  Options.max_write_buffer_number: 24
2018/11/11-22:01:55.252667 7f9bedbfe700        Options.compression[0]: NoCompression
2018/11/11-22:01:55.252668 7f9bedbfe700        Options.compression[1]: NoCompression
2018/11/11-22:01:55.252669 7f9bedbfe700        Options.compression[2]: LZ4
2018/11/11-22:01:55.252670 7f9bedbfe700        Options.compression[3]: LZ4
2018/11/11-22:01:55.252671 7f9bedbfe700        Options.compression[4]: LZ4
2018/11/11-22:01:55.252672 7f9bedbfe700        Options.compression[5]: LZ4
2018/11/11-22:01:55.252673 7f9bedbfe700        Options.compression[6]: LZ4
2018/11/11-22:01:55.252673 7f9bedbfe700                  Options.bottommost_compression: Disabled
2018/11/11-22:01:55.252674 7f9bedbfe700       Options.prefix_extractor: nullptr
2018/11/11-22:01:55.252675 7f9bedbfe700   Options.memtable_insert_with_hint_prefix_extractor: nullptr
2018/11/11-22:01:55.252676 7f9bedbfe700             Options.num_levels: 7
2018/11/11-22:01:55.252677 7f9bedbfe700        Options.min_write_buffer_number_to_merge: 2
2018/11/11-22:01:55.252678 7f9bedbfe700     Options.max_write_buffer_number_to_maintain: 0
2018/11/11-22:01:55.252679 7f9bedbfe700            Options.compression_opts.window_bits: -14
2018/11/11-22:01:55.252680 7f9bedbfe700                  Options.compression_opts.level: -1
2018/11/11-22:01:55.252681 7f9bedbfe700               Options.compression_opts.strategy: 0
2018/11/11-22:01:55.252682 7f9bedbfe700         Options.compression_opts.max_dict_bytes: 0
2018/11/11-22:01:55.252683 7f9bedbfe700         Options.compression_opts.zstd_max_train_bytes: 0
2018/11/11-22:01:55.252684 7f9bedbfe700      Options.level0_file_num_compaction_trigger: 2
2018/11/11-22:01:55.252685 7f9bedbfe700          Options.level0_slowdown_writes_trigger: 20
2018/11/11-22:01:55.252686 7f9bedbfe700              Options.level0_stop_writes_trigger: 36
2018/11/11-22:01:55.252686 7f9bedbfe700                   Options.target_file_size_base: 67108864
2018/11/11-22:01:55.252687 7f9bedbfe700             Options.target_file_size_multiplier: 1
2018/11/11-22:01:55.252688 7f9bedbfe700                Options.max_bytes_for_level_base: 536870912
2018/11/11-22:01:55.252689 7f9bedbfe700 Options.level_compaction_dynamic_level_bytes: 0
2018/11/11-22:01:55.252690 7f9bedbfe700          Options.max_bytes_for_level_multiplier: 10.000000
2018/11/11-22:01:55.252693 7f9bedbfe700 Options.max_bytes_for_level_multiplier_addtl[0]: 1
2018/11/11-22:01:55.252694 7f9bedbfe700 Options.max_bytes_for_level_multiplier_addtl[1]: 1
2018/11/11-22:01:55.252695 7f9bedbfe700 Options.max_bytes_for_level_multiplier_addtl[2]: 1
2018/11/11-22:01:55.252696 7f9bedbfe700 Options.max_bytes_for_level_multiplier_addtl[3]: 1
2018/11/11-22:01:55.252697 7f9bedbfe700 Options.max_bytes_for_level_multiplier_addtl[4]: 1
2018/11/11-22:01:55.252698 7f9bedbfe700 Options.max_bytes_for_level_multiplier_addtl[5]: 1
2018/11/11-22:01:55.252699 7f9bedbfe700 Options.max_bytes_for_level_multiplier_addtl[6]: 1
2018/11/11-22:01:55.252699 7f9bedbfe700       Options.max_sequential_skip_in_iterations: 8
2018/11/11-22:01:55.252700 7f9bedbfe700                    Options.max_compaction_bytes: 1677721600
2018/11/11-22:01:55.252701 7f9bedbfe700                        Options.arena_block_size: 16777216
2018/11/11-22:01:55.252702 7f9bedbfe700   Options.soft_pending_compaction_bytes_limit: 68719476736
2018/11/11-22:01:55.252703 7f9bedbfe700   Options.hard_pending_compaction_bytes_limit: 274877906944
2018/11/11-22:01:55.252710 7f9bedbfe700       Options.rate_limit_delay_max_milliseconds: 100
2018/11/11-22:01:55.252711 7f9bedbfe700                Options.disable_auto_compactions: 0
2018/11/11-22:01:55.252713 7f9bedbfe700                        Options.compaction_style: kCompactionStyleLevel
2018/11/11-22:01:55.252715 7f9bedbfe700                          Options.compaction_pri: kByCompensatedSize
2018/11/11-22:01:55.252716 7f9bedbfe700 Options.compaction_options_universal.size_ratio: 1
2018/11/11-22:01:55.252717 7f9bedbfe700 Options.compaction_options_universal.min_merge_width: 2
2018/11/11-22:01:55.252718 7f9bedbfe700 Options.compaction_options_universal.max_merge_width: 4294967295
2018/11/11-22:01:55.252719 7f9bedbfe700 Options.compaction_options_universal.max_size_amplification_percent: 200
2018/11/11-22:01:55.252720 7f9bedbfe700 Options.compaction_options_universal.compression_size_percent: -1
2018/11/11-22:01:55.252721 7f9bedbfe700 Options.compaction_options_universal.stop_style: kCompactionStopStyleTotalSize
2018/11/11-22:01:55.252722 7f9bedbfe700 Options.compaction_options_fifo.max_table_files_size: 1073741824
2018/11/11-22:01:55.252723 7f9bedbfe700 Options.compaction_options_fifo.allow_compaction: 0
2018/11/11-22:01:55.252724 7f9bedbfe700 Options.compaction_options_fifo.ttl: 0
2018/11/11-22:01:55.252725 7f9bedbfe700                   Options.table_properties_collectors: 
2018/11/11-22:01:55.252726 7f9bedbfe700                   Options.inplace_update_support: 0
2018/11/11-22:01:55.252727 7f9bedbfe700                 Options.inplace_update_num_locks: 10000
2018/11/11-22:01:55.252728 7f9bedbfe700               Options.memtable_prefix_bloom_size_ratio: 0.000000
2018/11/11-22:01:55.252730 7f9bedbfe700   Options.memtable_huge_page_size: 0
2018/11/11-22:01:55.252731 7f9bedbfe700                           Options.bloom_locality: 0
2018/11/11-22:01:55.252731 7f9bedbfe700                    Options.max_successive_merges: 0
2018/11/11-22:01:55.252732 7f9bedbfe700                Options.optimize_filters_for_hits: 0
2018/11/11-22:01:55.252733 7f9bedbfe700                Options.paranoid_file_checks: 0
2018/11/11-22:01:55.252734 7f9bedbfe700                Options.force_consistency_checks: 0
2018/11/11-22:01:55.252735 7f9bedbfe700                Options.report_bg_io_stats: 0
2018/11/11-22:01:55.252736 7f9bedbfe700                               Options.ttl: 0
2018/11/11-22:01:55.253494 7f9bedbfe700 [db/version_set.cc:3361] Recovered from manifest file:/mnt/sdb/ycsb-rocksdb-data/MANIFEST-000001 succeeded,manifest_file_number is 1, next_file_number is 3, last_sequence is 0, log_number is 0,prev_log_number is 0,max_column_family is 0,min_log_number_to_keep is 0
2018/11/11-22:01:55.253500 7f9bedbfe700 [db/version_set.cc:3369] Column family [default] (ID 0), log number is 0
2018/11/11-22:01:55.253668 7f9bedbfe700 [db/version_set.cc:2847] Creating manifest 4
2018/11/11-22:01:55.325040 7f9bedbfe700 [db/column_family.cc:475] --------------- Options for column family [usertable]:
2018/11/11-22:01:55.325044 7f9bedbfe700               Options.comparator: leveldb.BytewiseComparator
2018/11/11-22:01:55.325045 7f9bedbfe700           Options.merge_operator: None
2018/11/11-22:01:55.325046 7f9bedbfe700        Options.compaction_filter: None
2018/11/11-22:01:55.325047 7f9bedbfe700        Options.compaction_filter_factory: None
2018/11/11-22:01:55.325048 7f9bedbfe700         Options.memtable_factory: SkipListFactory
2018/11/11-22:01:55.325049 7f9bedbfe700            Options.table_factory: BlockBasedTable
2018/11/11-22:01:55.325071 7f9bedbfe700            table_factory options:   flush_block_policy_factory: FlushBlockBySizePolicyFactory (0x7f9b983883e0)
  cache_index_and_filter_blocks: 0
  cache_index_and_filter_blocks_with_high_priority: 0
  pin_l0_filter_and_index_blocks_in_cache: 0
  index_type: 0
  hash_index_allow_collision: 1
  checksum: 1
  no_block_cache: 0
  block_cache: 0x7f9b983876f0
  block_cache_name: LRUCache
  block_cache_options:
    capacity : 8388608
    num_shard_bits : 4
    strict_capacity_limit : 0
    high_pri_pool_ratio: 0.000
  block_cache_compressed: (nil)
  persistent_cache: (nil)
  block_size: 8192
  block_size_deviation: 10
  block_restart_interval: 16
  index_block_restart_interval: 1
  metadata_block_size: 4096
  partition_filters: 0
  use_delta_encoding: 1
  filter_policy: nullptr
  whole_key_filtering: 1
  verify_compression: 0
  read_amp_bytes_per_bit: 0
  format_version: 2
  enable_index_compression: 1
  block_align: 0
2018/11/11-22:01:55.325073 7f9bedbfe700        Options.write_buffer_size: 134217728
2018/11/11-22:01:55.325074 7f9bedbfe700  Options.max_write_buffer_number: 24
2018/11/11-22:01:55.325075 7f9bedbfe700        Options.compression[0]: NoCompression
2018/11/11-22:01:55.325076 7f9bedbfe700        Options.compression[1]: NoCompression
2018/11/11-22:01:55.325077 7f9bedbfe700        Options.compression[2]: LZ4
2018/11/11-22:01:55.325078 7f9bedbfe700        Options.compression[3]: LZ4
2018/11/11-22:01:55.325079 7f9bedbfe700        Options.compression[4]: LZ4
2018/11/11-22:01:55.325080 7f9bedbfe700        Options.compression[5]: LZ4
2018/11/11-22:01:55.325081 7f9bedbfe700        Options.compression[6]: LZ4
2018/11/11-22:01:55.325082 7f9bedbfe700                  Options.bottommost_compression: Disabled
2018/11/11-22:01:55.325083 7f9bedbfe700       Options.prefix_extractor: nullptr
2018/11/11-22:01:55.325083 7f9bedbfe700   Options.memtable_insert_with_hint_prefix_extractor: nullptr
2018/11/11-22:01:55.325084 7f9bedbfe700             Options.num_levels: 7
2018/11/11-22:01:55.325085 7f9bedbfe700        Options.min_write_buffer_number_to_merge: 2
2018/11/11-22:01:55.325086 7f9bedbfe700     Options.max_write_buffer_number_to_maintain: 0
2018/11/11-22:01:55.325087 7f9bedbfe700            Options.compression_opts.window_bits: -14
2018/11/11-22:01:55.325088 7f9bedbfe700                  Options.compression_opts.level: -1
2018/11/11-22:01:55.325089 7f9bedbfe700               Options.compression_opts.strategy: 0
2018/11/11-22:01:55.325089 7f9bedbfe700         Options.compression_opts.max_dict_bytes: 0
2018/11/11-22:01:55.325090 7f9bedbfe700         Options.compression_opts.zstd_max_train_bytes: 0
2018/11/11-22:01:55.325091 7f9bedbfe700      Options.level0_file_num_compaction_trigger: 2
2018/11/11-22:01:55.325092 7f9bedbfe700          Options.level0_slowdown_writes_trigger: 20
2018/11/11-22:01:55.325093 7f9bedbfe700              Options.level0_stop_writes_trigger: 36
2018/11/11-22:01:55.325094 7f9bedbfe700                   Options.target_file_size_base: 67108864
2018/11/11-22:01:55.325095 7f9bedbfe700             Options.target_file_size_multiplier: 1
2018/11/11-22:01:55.325095 7f9bedbfe700                Options.max_bytes_for_level_base: 536870912
2018/11/11-22:01:55.325096 7f9bedbfe700 Options.level_compaction_dynamic_level_bytes: 0
2018/11/11-22:01:55.325097 7f9bedbfe700          Options.max_bytes_for_level_multiplier: 10.000000
2018/11/11-22:01:55.325099 7f9bedbfe700 Options.max_bytes_for_level_multiplier_addtl[0]: 1
2018/11/11-22:01:55.325109 7f9bedbfe700 Options.max_bytes_for_level_multiplier_addtl[1]: 1
2018/11/11-22:01:55.325111 7f9bedbfe700 Options.max_bytes_for_level_multiplier_addtl[2]: 1
2018/11/11-22:01:55.325111 7f9bedbfe700 Options.max_bytes_for_level_multiplier_addtl[3]: 1
2018/11/11-22:01:55.325112 7f9bedbfe700 Options.max_bytes_for_level_multiplier_addtl[4]: 1
2018/11/11-22:01:55.325113 7f9bedbfe700 Options.max_bytes_for_level_multiplier_addtl[5]: 1
2018/11/11-22:01:55.325114 7f9bedbfe700 Options.max_bytes_for_level_multiplier_addtl[6]: 1
2018/11/11-22:01:55.325115 7f9bedbfe700       Options.max_sequential_skip_in_iterations: 8
2018/11/11-22:01:55.325115 7f9bedbfe700                    Options.max_compaction_bytes: 1677721600
2018/11/11-22:01:55.325116 7f9bedbfe700                        Options.arena_block_size: 16777216
2018/11/11-22:01:55.325117 7f9bedbfe700   Options.soft_pending_compaction_bytes_limit: 68719476736
2018/11/11-22:01:55.325118 7f9bedbfe700   Options.hard_pending_compaction_bytes_limit: 274877906944
2018/11/11-22:01:55.325119 7f9bedbfe700       Options.rate_limit_delay_max_milliseconds: 100
2018/11/11-22:01:55.325120 7f9bedbfe700                Options.disable_auto_compactions: 0
2018/11/11-22:01:55.325121 7f9bedbfe700                        Options.compaction_style: kCompactionStyleLevel
2018/11/11-22:01:55.325122 7f9bedbfe700                          Options.compaction_pri: kByCompensatedSize
2018/11/11-22:01:55.325123 7f9bedbfe700 Options.compaction_options_universal.size_ratio: 1
2018/11/11-22:01:55.325124 7f9bedbfe700 Options.compaction_options_universal.min_merge_width: 2
2018/11/11-22:01:55.325125 7f9bedbfe700 Options.compaction_options_universal.max_merge_width: 4294967295
2018/11/11-22:01:55.325126 7f9bedbfe700 Options.compaction_options_universal.max_size_amplification_percent: 200
2018/11/11-22:01:55.325127 7f9bedbfe700 Options.compaction_options_universal.compression_size_percent: -1
2018/11/11-22:01:55.325128 7f9bedbfe700 Options.compaction_options_universal.stop_style: kCompactionStopStyleTotalSize
2018/11/11-22:01:55.325129 7f9bedbfe700 Options.compaction_options_fifo.max_table_files_size: 1073741824
2018/11/11-22:01:55.325130 7f9bedbfe700 Options.compaction_options_fifo.allow_compaction: 0
2018/11/11-22:01:55.325130 7f9bedbfe700 Options.compaction_options_fifo.ttl: 0
2018/11/11-22:01:55.325131 7f9bedbfe700                   Options.table_properties_collectors: 
2018/11/11-22:01:55.325132 7f9bedbfe700                   Options.inplace_update_support: 0
2018/11/11-22:01:55.325133 7f9bedbfe700                 Options.inplace_update_num_locks: 10000
2018/11/11-22:01:55.325134 7f9bedbfe700               Options.memtable_prefix_bloom_size_ratio: 0.000000
2018/11/11-22:01:55.325135 7f9bedbfe700   Options.memtable_huge_page_size: 0
2018/11/11-22:01:55.325136 7f9bedbfe700                           Options.bloom_locality: 0
2018/11/11-22:01:55.325137 7f9bedbfe700                    Options.max_successive_merges: 0
2018/11/11-22:01:55.325138 7f9bedbfe700                Options.optimize_filters_for_hits: 0
2018/11/11-22:01:55.325139 7f9bedbfe700                Options.paranoid_file_checks: 0
2018/11/11-22:01:55.325140 7f9bedbfe700                Options.force_consistency_checks: 0
2018/11/11-22:01:55.325140 7f9bedbfe700                Options.report_bg_io_stats: 0
2018/11/11-22:01:55.325141 7f9bedbfe700                               Options.ttl: 0
2018/11/11-22:01:55.325183 7f9bedbfe700 [db/db_impl.cc:1396] Created column family [usertable] (ID 1)
2018/11/11-22:01:55.401097 7f9bedbfe700 [db/db_impl_open.cc:1219] DB pointer 0x7f9b983e65b0
2018/11/11-22:01:56.466239 7f9bedbfe700 [db/db_impl_write.cc:1373] [usertable] New memtable created with log file: #9. Immutable memtables: 0.
2018/11/11-22:01:57.508240 7f9bedbfe700 [db/db_impl_write.cc:1373] [usertable] New memtable created with log file: #10. Immutable memtables: 1.
2018/11/11-22:01:57.508367 7f9ad1ffb700 [db/db_impl_compaction_flush.cc:80] [JOB 2] Syncing log #3
2018/11/11-22:01:58.322937 7f9ad1ffb700 [db/db_impl_compaction_flush.cc:80] [JOB 2] Syncing log #9
2018/11/11-22:01:58.343547 7f9bedbfe700 [db/db_impl_write.cc:1373] [usertable] New memtable created with log file: #12. Immutable memtables: 2.
2018/11/11-22:01:59.155333 7f9bedbfe700 [db/db_impl_write.cc:1373] [usertable] New memtable created with log file: #13. Immutable memtables: 3.
2018/11/11-22:01:59.449227 7f9b32ffd700 [db/db_impl_compaction_flush.cc:80] [JOB 3] Syncing log #10
2018/11/11-22:01:59.449224 7f9ad1ffb700 (Original Log Time 2018/11/11-22:01:57.508328) [db/db_impl_compaction_flush.cc:1424] Calling FlushMemTableToOutputFile with column family [usertable], flush slots available 24, compaction slots available 1, flush slots scheduled 1, compaction slots scheduled 0
2018/11/11-22:01:59.449242 7f9ad1ffb700 [db/flush_job.cc:301] [usertable] [JOB 2] Flushing memtable with next log file: 9
2018/11/11-22:01:59.449253 7f9ad1ffb700 [db/flush_job.cc:301] [usertable] [JOB 2] Flushing memtable with next log file: 10
2018/11/11-22:01:59.449395 7f9ad1ffb700 EVENT_LOG_v1 {"time_micros": 1542002519449375, "job": 2, "event": "flush_started", "num_memtables": 2, "num_entries": 62730, "num_deletes": 0, "memory_usage": 260119360, "flush_reason": "Write Buffer Full"}
2018/11/11-22:01:59.449406 7f9ad1ffb700 [db/flush_job.cc:331] [usertable] [JOB 2] Level-0 flush table #11: started
2018/11/11-22:02:00.089219 7f9bedbfe700 [db/db_impl_write.cc:1373] [usertable] New memtable created with log file: #15. Immutable memtables: 4.
2018/11/11-22:02:00.899229 7f9bedbfe700 [db/db_impl_write.cc:1373] [usertable] New memtable created with log file: #16. Immutable memtables: 5.
2018/11/11-22:02:01.699087 7f9bedbfe700 [db/db_impl_write.cc:1373] [usertable] New memtable created with log file: #18. Immutable memtables: 6.
2018/11/11-22:02:01.840793 7f9b32ffd700 [db/db_impl_compaction_flush.cc:80] [JOB 3] Syncing log #12
2018/11/11-22:02:02.555381 7f9bedbfe700 [db/db_impl_write.cc:1373] [usertable] New memtable created with log file: #19. Immutable memtables: 7.
2018/11/11-22:02:03.427496 7f9bedbfe700 [db/db_impl_write.cc:1373] [usertable] New memtable created with log file: #21. Immutable memtables: 8.
2018/11/11-22:02:04.211041 7f9bedbfe700 [db/db_impl_write.cc:1373] [usertable] New memtable created with log file: #22. Immutable memtables: 9.
2018/11/11-22:02:04.250833 7f9b32ffd700 (Original Log Time 2018/11/11-22:01:59.155447) [db/db_impl_compaction_flush.cc:1424] Calling FlushMemTableToOutputFile with column family [usertable], flush slots available 24, compaction slots available 1, flush slots scheduled 2, compaction slots scheduled 0
2018/11/11-22:02:04.250834 7f9b327fc700 [db/db_impl_compaction_flush.cc:80] [JOB 4] Syncing log #13
2018/11/11-22:02:04.250841 7f9b32ffd700 [db/flush_job.cc:301] [usertable] [JOB 3] Flushing memtable with next log file: 12
2018/11/11-22:02:04.250849 7f9b32ffd700 [db/flush_job.cc:301] [usertable] [JOB 3] Flushing memtable with next log file: 13
2018/11/11-22:02:04.250880 7f9b32ffd700 EVENT_LOG_v1 {"time_micros": 1542002524250869, "job": 3, "event": "flush_started", "num_memtables": 2, "num_entries": 62730, "num_deletes": 0, "memory_usage": 260119472, "flush_reason": "Write Buffer Full"}
2018/11/11-22:02:04.250887 7f9b32ffd700 [db/flush_job.cc:331] [usertable] [JOB 3] Level-0 flush table #14: started
2018/11/11-22:02:04.251749 7f9ad1ffb700 EVENT_LOG_v1 {"time_micros": 1542002524251728, "cf_name": "usertable", "job": 2, "event": "table_file_creation", "file_number": 11, "file_size": 259789991, "table_properties": {"data_size": 258635790, "index_size": 1153274, "filter_size": 0, "raw_key_size": 1505520, "raw_average_key_size": 24, "raw_value_size": 256942080, "raw_average_value_size": 4096, "num_data_blocks": 31365, "num_entries": 62730, "filter_policy_name": "", "kDeletedKeys": "0", "kMergeOperands": "0"}}
2018/11/11-22:02:04.251772 7f9ad1ffb700 [db/flush_job.cc:371] [usertable] [JOB 2] Level-0 flush table #11: 259789991 bytes OK
2018/11/11-22:02:05.026570 7f9bedbfe700 [db/db_impl_write.cc:1373] [usertable] New memtable created with log file: #24. Immutable memtables: 10.
2018/11/11-22:02:05.851434 7f9bedbfe700 [db/db_impl_write.cc:1373] [usertable] New memtable created with log file: #25. Immutable memtables: 11.
2018/11/11-22:02:06.264897 7f9b327fc700 [db/db_impl_compaction_flush.cc:80] [JOB 4] Syncing log #15
2018/11/11-22:02:06.628952 7f9bedbfe700 [db/db_impl_write.cc:1373] [usertable] New memtable created with log file: #27. Immutable memtables: 12.
2018/11/11-22:02:07.585080 7f9bedbfe700 [db/db_impl_write.cc:1373] [usertable] New memtable created with log file: #28. Immutable memtables: 13.
2018/11/11-22:02:08.667660 7f9bedbfe700 [db/db_impl_write.cc:1373] [usertable] New memtable created with log file: #30. Immutable memtables: 14.
2018/11/11-22:02:09.518140 7f9bedbfe700 [db/db_impl_write.cc:1373] [usertable] New memtable created with log file: #31. Immutable memtables: 15.
2018/11/11-22:02:09.998015 7f9ad1ffb700 (Original Log Time 2018/11/11-22:02:04.265847) [db/memtable_list.cc:377] [usertable] Level-0 commit table #11 started
2018/11/11-22:02:09.998020 7f9ad1ffb700 (Original Log Time 2018/11/11-22:02:09.997893) [db/memtable_list.cc:409] [usertable] Level-0 commit table #11: memtable #1 done
2018/11/11-22:02:09.998021 7f9ad1ffb700 (Original Log Time 2018/11/11-22:02:09.997907) [db/memtable_list.cc:409] [usertable] Level-0 commit table #11: memtable #2 done
2018/11/11-22:02:09.998023 7f9ad1ffb700 (Original Log Time 2018/11/11-22:02:09.997946) EVENT_LOG_v1 {"time_micros": 1542002529997929, "job": 2, "event": "flush_finished", "output_compression": "NoCompression", "lsm_state": [1, 0, 0, 0, 0, 0, 0], "immutable_memtables": 14}
2018/11/11-22:02:09.998025 7f9ad1ffb700 (Original Log Time 2018/11/11-22:02:09.997973) [db/db_impl_compaction_flush.cc:177] [usertable] Level summary: base level 1 max bytes base 536870912 files[1 0 0 0 0 0 0] max score 0.50
2018/11/11-22:02:09.998040 7f9ad1ffb700 [db/db_impl_files.cc:347] [JOB 2] Try to delete WAL files size 259012170, prev total WAL file size 2145556399, number of live WAL files 17.
2018/11/11-22:02:10.110388 7f9b32ffd700 EVENT_LOG_v1 {"time_micros": 1542002530110362, "cf_name": "usertable", "job": 3, "event": "table_file_creation", "file_number": 14, "file_size": 259789989, "table_properties": {"data_size": 258635790, "index_size": 1153272, "filter_size": 0, "raw_key_size": 1505520, "raw_average_key_size": 24, "raw_value_size": 256942080, "raw_average_value_size": 4096, "num_data_blocks": 31365, "num_entries": 62730, "filter_policy_name": "", "kDeletedKeys": "0", "kMergeOperands": "0"}}
2018/11/11-22:02:10.110410 7f9b32ffd700 [db/flush_job.cc:371] [usertable] [JOB 3] Level-0 flush table #14: 259789989 bytes OK
2018/11/11-22:02:10.129172 7f9b327fc700 (Original Log Time 2018/11/11-22:02:00.899400) [db/db_impl_compaction_flush.cc:1424] Calling FlushMemTableToOutputFile with column family [usertable], flush slots available 24, compaction slots available 1, flush slots scheduled 3, compaction slots scheduled 0
2018/11/11-22:02:10.129178 7f9b327fc700 [db/flush_job.cc:301] [usertable] [JOB 4] Flushing memtable with next log file: 15
2018/11/11-22:02:10.129186 7f9b327fc700 [db/flush_job.cc:301] [usertable] [JOB 4] Flushing memtable with next log file: 16
2018/11/11-22:02:10.129199 7f9b31ffb700 [db/db_impl_compaction_flush.cc:80] [JOB 5] Syncing log #16
2018/11/11-22:02:10.129204 7f9b327fc700 EVENT_LOG_v1 {"time_micros": 1542002530129197, "job": 4, "event": "flush_started", "num_memtables": 2, "num_entries": 62730, "num_deletes": 0, "memory_usage": 260119768, "flush_reason": "Write Buffer Full"}
2018/11/11-22:02:10.129210 7f9b327fc700 [db/flush_job.cc:331] [usertable] [JOB 4] Level-0 flush table #17: started
2018/11/11-22:02:10.262692 7f9b32ffd700 (Original Log Time 2018/11/11-22:02:10.129262) [db/memtable_list.cc:377] [usertable] Level-0 commit table #14 started
2018/11/11-22:02:10.262697 7f9b32ffd700 (Original Log Time 2018/11/11-22:02:10.262538) [db/memtable_list.cc:409] [usertable] Level-0 commit table #14: memtable #1 done
2018/11/11-22:02:10.262698 7f9b32ffd700 (Original Log Time 2018/11/11-22:02:10.262552) [db/memtable_list.cc:409] [usertable] Level-0 commit table #14: memtable #2 done
2018/11/11-22:02:10.262700 7f9b32ffd700 (Original Log Time 2018/11/11-22:02:10.262589) EVENT_LOG_v1 {"time_micros": 1542002530262573, "job": 3, "event": "flush_finished", "output_compression": "NoCompression", "lsm_state": [2, 0, 0, 0, 0, 0, 0], "immutable_memtables": 12}
2018/11/11-22:02:10.262701 7f9b32ffd700 (Original Log Time 2018/11/11-22:02:10.262644) [db/db_impl_compaction_flush.cc:177] [usertable] Level summary: base level 1 max bytes base 536870912 files[2 0 0 0 0 0 0] max score 1.00
2018/11/11-22:02:10.262718 7f9b32ffd700 [db/db_impl_files.cc:347] [JOB 3] Try to delete WAL files size 259012170, prev total WAL file size 1926686367, number of live WAL files 15.
2018/11/11-22:02:10.262998 7f9b337fe700 [WARN] [db/db_impl.cc:491] ------- DUMPING STATS -------
2018/11/11-22:02:10.263039 7f9b337fe700 [WARN] [db/db_impl.cc:492] 
** DB Stats **
Uptime(secs): 15.0 total, 15.0 interval
Cumulative writes: 529K writes, 529K keys, 529K commit groups, 1.0 writes per commit group, ingest: 2.04 GB, 138.87 MB/s
Cumulative WAL: 529K writes, 0 syncs, 529355.00 writes per sync, written: 2.04 GB, 138.87 MB/s
Cumulative stall: 00:00:0.000 H:M:S, 0.0 percent
Interval writes: 529K writes, 529K keys, 529K commit groups, 1.0 writes per commit group, ingest: 2084.45 MB, 138.87 MB/s
Interval WAL: 529K writes, 0 syncs, 529355.00 writes per sync, written: 2.04 MB, 138.87 MB/s
Interval stall: 00:00:0.000 H:M:S, 0.0 percent

** Compaction Stats [default] **
Level    Files   Size     Score Read(GB)  Rn(GB) Rnp1(GB) Write(GB) Wnew(GB) Moved(GB) W-Amp Rd(MB/s) Wr(MB/s) Comp(sec) Comp(cnt) Avg(sec) KeyIn KeyDrop
----------------------------------------------------------------------------------------------------------------------------------------------------------
 Sum      0/0    0.00 KB   0.0      0.0     0.0      0.0       0.0      0.0       0.0   0.0      0.0      0.0         0         0    0.000       0      0
 Int      0/0    0.00 KB   0.0      0.0     0.0      0.0       0.0      0.0       0.0   0.0      0.0      0.0         0         0    0.000       0      0
Uptime(secs): 15.0 total, 15.0 interval
Flush(GB): cumulative 0.000, interval 0.000
AddFile(GB): cumulative 0.000, interval 0.000
AddFile(Total Files): cumulative 0, interval 0
AddFile(L0 Files): cumulative 0, interval 0
AddFile(Keys): cumulative 0, interval 0
Cumulative compaction: 0.00 GB write, 0.00 MB/s write, 0.00 GB read, 0.00 MB/s read, 0.0 seconds
Interval compaction: 0.00 GB write, 0.00 MB/s write, 0.00 GB read, 0.00 MB/s read, 0.0 seconds
Stalls(count): 0 level0_slowdown, 0 level0_slowdown_with_compaction, 0 level0_numfiles, 0 level0_numfiles_with_compaction, 0 stop for pending_compaction_bytes, 0 slowdown for pending_compaction_bytes, 0 memtable_compaction, 0 memtable_slowdown, interval 0 total count

** File Read Latency Histogram By Level [default] **

** Compaction Stats [usertable] **
Level    Files   Size     Score Read(GB)  Rn(GB) Rnp1(GB) Write(GB) Wnew(GB) Moved(GB) W-Amp Rd(MB/s) Wr(MB/s) Comp(sec) Comp(cnt) Avg(sec) KeyIn KeyDrop
----------------------------------------------------------------------------------------------------------------------------------------------------------
  L0      2/0   495.51 MB   1.0      0.0     0.0      0.0       0.5      0.5       0.0   1.0      0.0     46.3        11         2    5.348       0      0
 Sum      2/0   495.51 MB   0.0      0.0     0.0      0.0       0.5      0.5       0.0   1.0      0.0     46.3        11         2    5.348       0      0
 Int      0/0    0.00 KB   0.0      0.0     0.0      0.0       0.5      0.5       0.0   1.0      0.0     46.3        11         2    5.348       0      0
Uptime(secs): 14.9 total, 14.9 interval
Flush(GB): cumulative 0.484, interval 0.484
AddFile(GB): cumulative 0.000, interval 0.000
AddFile(Total Files): cumulative 0, interval 0
AddFile(L0 Files): cumulative 0, interval 0
AddFile(Keys): cumulative 0, interval 0
Cumulative compaction: 0.48 GB write, 33.17 MB/s write, 0.00 GB read, 0.00 MB/s read, 10.7 seconds
Interval compaction: 0.48 GB write, 33.17 MB/s write, 0.00 GB read, 0.00 MB/s read, 10.7 seconds
Stalls(count): 0 level0_slowdown, 0 level0_slowdown_with_compaction, 0 level0_numfiles, 0 level0_numfiles_with_compaction, 0 stop for pending_compaction_bytes, 0 slowdown for pending_compaction_bytes, 0 memtable_compaction, 0 memtable_slowdown, interval 0 total count

** File Read Latency Histogram By Level [usertable] **

** Compaction Stats [default] **
Level    Files   Size     Score Read(GB)  Rn(GB) Rnp1(GB) Write(GB) Wnew(GB) Moved(GB) W-Amp Rd(MB/s) Wr(MB/s) Comp(sec) Comp(cnt) Avg(sec) KeyIn KeyDrop
----------------------------------------------------------------------------------------------------------------------------------------------------------
 Sum      0/0    0.00 KB   0.0      0.0     0.0      0.0       0.0      0.0       0.0   0.0      0.0      0.0         0         0    0.000       0      0
 Int      0/0    0.00 KB   0.0      0.0     0.0      0.0       0.0      0.0       0.0   0.0      0.0      0.0         0         0    0.000       0      0
Uptime(secs): 15.0 total, 0.0 interval
Flush(GB): cumulative 0.000, interval 0.000
AddFile(GB): cumulative 0.000, interval 0.000
AddFile(Total Files): cumulative 0, interval 0
AddFile(L0 Files): cumulative 0, interval 0
AddFile(Keys): cumulative 0, interval 0
Cumulative compaction: 0.00 GB write, 0.00 MB/s write, 0.00 GB read, 0.00 MB/s read, 0.0 seconds
Interval compaction: 0.00 GB write, 0.00 MB/s write, 0.00 GB read, 0.00 MB/s read, 0.0 seconds
Stalls(count): 0 level0_slowdown, 0 level0_slowdown_with_compaction, 0 level0_numfiles, 0 level0_numfiles_with_compaction, 0 stop for pending_compaction_bytes, 0 slowdown for pending_compaction_bytes, 0 memtable_compaction, 0 memtable_slowdown, interval 0 total count

** File Read Latency Histogram By Level [default] **

** Compaction Stats [usertable] **
Level    Files   Size     Score Read(GB)  Rn(GB) Rnp1(GB) Write(GB) Wnew(GB) Moved(GB) W-Amp Rd(MB/s) Wr(MB/s) Comp(sec) Comp(cnt) Avg(sec) KeyIn KeyDrop
----------------------------------------------------------------------------------------------------------------------------------------------------------
  L0      2/0   495.51 MB   1.0      0.0     0.0      0.0       0.5      0.5       0.0   1.0      0.0     46.3        11         2    5.348       0      0
 Sum      2/0   495.51 MB   0.0      0.0     0.0      0.0       0.5      0.5       0.0   1.0      0.0     46.3        11         2    5.348       0      0
 Int      0/0    0.00 KB   0.0      0.0     0.0      0.0       0.0      0.0       0.0   0.0      0.0      0.0         0         0    0.000       0      0
Uptime(secs): 14.9 total, 0.0 interval
Flush(GB): cumulative 0.484, interval 0.000
AddFile(GB): cumulative 0.000, interval 0.000
AddFile(Total Files): cumulative 0, interval 0
AddFile(L0 Files): cumulative 0, interval 0
AddFile(Keys): cumulative 0, interval 0
Cumulative compaction: 0.48 GB write, 33.17 MB/s write, 0.00 GB read, 0.00 MB/s read, 10.7 seconds
Interval compaction: 0.00 GB write, 0.00 MB/s write, 0.00 GB read, 0.00 MB/s read, 0.0 seconds
Stalls(count): 0 level0_slowdown, 0 level0_slowdown_with_compaction, 0 level0_numfiles, 0 level0_numfiles_with_compaction, 0 stop for pending_compaction_bytes, 0 slowdown for pending_compaction_bytes, 0 memtable_compaction, 0 memtable_slowdown, interval 0 total count

** File Read Latency Histogram By Level [usertable] **
2018/11/11-22:02:10.376853 7f9bedbfe700 [db/db_impl_write.cc:1373] [usertable] New memtable created with log file: #33. Immutable memtables: 12.
2018/11/11-22:02:10.819874 7f9b31ffb700 [db/db_impl_compaction_flush.cc:80] [JOB 5] Syncing log #18
2018/11/11-22:02:11.140782 7f9bedbfe700 [db/db_impl_write.cc:1373] [usertable] New memtable created with log file: #34. Immutable memtables: 13.
2018/11/11-22:02:11.972299 7f9bedbfe700 [db/db_impl_write.cc:1373] [usertable] New memtable created with log file: #36. Immutable memtables: 14.
2018/11/11-22:02:12.765696 7f9bedbfe700 [db/db_impl_write.cc:1373] [usertable] New memtable created with log file: #37. Immutable memtables: 15.
