2019/03/10-06:44:38.672751 7fd657bfb700 RocksDB version: 5.14.3
2019/03/10-06:44:38.672809 7fd657bfb700 Git sha rocksdb_build_git_sha:
2019/03/10-06:44:38.672812 7fd657bfb700 Compile date Dec 29 2018
2019/03/10-06:44:38.672815 7fd657bfb700 DB SUMMARY
2019/03/10-06:44:38.673448 7fd657bfb700 CURRENT file:  CURRENT
2019/03/10-06:44:38.673451 7fd657bfb700 IDENTITY file:  IDENTITY
2019/03/10-06:44:38.673461 7fd657bfb700 MANIFEST file:  MANIFEST-000004 size: 128778 Bytes
2019/03/10-06:44:38.673464 7fd657bfb700 SST files in /mnt/sda/ycsb-rocksdb-data dir, Total Num: 745, files: 000021.sst 000022.sst 000023.sst 000024.sst 000028.sst 000029.sst 000030.sst 000031.sst 000035.sst 
2019/03/10-06:44:38.673465 7fd657bfb700 Write Ahead Log file in /mnt/sda/ycsb-rocksdb-data: 001314.log size: 116590892 ; 001320.log size: 109904571 ; 001321.log size: 24356145 ; 
2019/03/10-06:44:38.673470 7fd657bfb700                         Options.error_if_exists: 0
2019/03/10-06:44:38.673471 7fd657bfb700                       Options.create_if_missing: 1
2019/03/10-06:44:38.673472 7fd657bfb700                         Options.paranoid_checks: 1
2019/03/10-06:44:38.673473 7fd657bfb700                                     Options.env: 0x7fd6572732c0
2019/03/10-06:44:38.673475 7fd657bfb700                                Options.info_log: 0x7fd5c83721f0
2019/03/10-06:44:38.673476 7fd657bfb700                Options.max_file_opening_threads: 16
2019/03/10-06:44:38.673477 7fd657bfb700                              Options.statistics: (nil)
2019/03/10-06:44:38.673478 7fd657bfb700                               Options.use_fsync: 0
2019/03/10-06:44:38.673479 7fd657bfb700                       Options.max_log_file_size: 0
2019/03/10-06:44:38.673480 7fd657bfb700                  Options.max_manifest_file_size: 18446744073709551615
2019/03/10-06:44:38.673481 7fd657bfb700                   Options.log_file_time_to_roll: 0
2019/03/10-06:44:38.673482 7fd657bfb700                       Options.keep_log_file_num: 1000
2019/03/10-06:44:38.673483 7fd657bfb700                    Options.recycle_log_file_num: 0
2019/03/10-06:44:38.673483 7fd657bfb700                         Options.allow_fallocate: 1
2019/03/10-06:44:38.673484 7fd657bfb700                        Options.allow_mmap_reads: 0
2019/03/10-06:44:38.673485 7fd657bfb700                       Options.allow_mmap_writes: 0
2019/03/10-06:44:38.673486 7fd657bfb700                        Options.use_direct_reads: 0
2019/03/10-06:44:38.673487 7fd657bfb700                        Options.use_direct_io_for_flush_and_compaction: 0
2019/03/10-06:44:38.673488 7fd657bfb700          Options.create_missing_column_families: 1
2019/03/10-06:44:38.673489 7fd657bfb700                              Options.db_log_dir: 
2019/03/10-06:44:38.673490 7fd657bfb700                                 Options.wal_dir: /mnt/sda/ycsb-rocksdb-data
2019/03/10-06:44:38.673491 7fd657bfb700                Options.table_cache_numshardbits: 6
2019/03/10-06:44:38.673492 7fd657bfb700                      Options.max_subcompactions: 4
2019/03/10-06:44:38.673493 7fd657bfb700                  Options.max_background_flushes: 24
2019/03/10-06:44:38.673494 7fd657bfb700                         Options.WAL_ttl_seconds: 0
2019/03/10-06:44:38.673495 7fd657bfb700                       Options.WAL_size_limit_MB: 0
2019/03/10-06:44:38.673496 7fd657bfb700             Options.manifest_preallocation_size: 4194304
2019/03/10-06:44:38.673497 7fd657bfb700                     Options.is_fd_close_on_exec: 1
2019/03/10-06:44:38.673498 7fd657bfb700                   Options.advise_random_on_open: 1
2019/03/10-06:44:38.673499 7fd657bfb700                    Options.db_write_buffer_size: 0
2019/03/10-06:44:38.673499 7fd657bfb700                    Options.write_buffer_manager: 0x7fd5c8371ee0
2019/03/10-06:44:38.673500 7fd657bfb700         Options.access_hint_on_compaction_start: 1
2019/03/10-06:44:38.673501 7fd657bfb700  Options.new_table_reader_for_compaction_inputs: 0
2019/03/10-06:44:38.673502 7fd657bfb700           Options.random_access_max_buffer_size: 1048576
2019/03/10-06:44:38.673503 7fd657bfb700                      Options.use_adaptive_mutex: 0
2019/03/10-06:44:38.673515 7fd657bfb700                            Options.rate_limiter: (nil)
2019/03/10-06:44:38.673517 7fd657bfb700     Options.sst_file_manager.rate_bytes_per_sec: 0
2019/03/10-06:44:38.673519 7fd657bfb700                       Options.wal_recovery_mode: 2
2019/03/10-06:44:38.673519 7fd657bfb700                  Options.enable_thread_tracking: 0
2019/03/10-06:44:38.673520 7fd657bfb700                  Options.enable_pipelined_write: 1
2019/03/10-06:44:38.673521 7fd657bfb700         Options.allow_concurrent_memtable_write: 1
2019/03/10-06:44:38.673522 7fd657bfb700      Options.enable_write_thread_adaptive_yield: 1
2019/03/10-06:44:38.673523 7fd657bfb700             Options.write_thread_max_yield_usec: 100
2019/03/10-06:44:38.673524 7fd657bfb700            Options.write_thread_slow_yield_usec: 3
2019/03/10-06:44:38.673525 7fd657bfb700                               Options.row_cache: None
2019/03/10-06:44:38.673526 7fd657bfb700                              Options.wal_filter: None
2019/03/10-06:44:38.673527 7fd657bfb700             Options.avoid_flush_during_recovery: 0
2019/03/10-06:44:38.673528 7fd657bfb700             Options.allow_ingest_behind: 0
2019/03/10-06:44:38.673529 7fd657bfb700             Options.preserve_deletes: 0
2019/03/10-06:44:38.673530 7fd657bfb700             Options.two_write_queues: 0
2019/03/10-06:44:38.673531 7fd657bfb700             Options.manual_wal_flush: 0
2019/03/10-06:44:38.673532 7fd657bfb700             Options.max_background_jobs: 24
2019/03/10-06:44:38.673533 7fd657bfb700             Options.max_background_compactions: 24
2019/03/10-06:44:38.673534 7fd657bfb700             Options.avoid_flush_during_shutdown: 0
2019/03/10-06:44:38.673535 7fd657bfb700           Options.writable_file_max_buffer_size: 1048576
2019/03/10-06:44:38.673536 7fd657bfb700             Options.delayed_write_rate : 16777216
2019/03/10-06:44:38.673537 7fd657bfb700             Options.max_total_wal_size: 0
2019/03/10-06:44:38.673538 7fd657bfb700             Options.delete_obsolete_files_period_micros: 21600000000
2019/03/10-06:44:38.673539 7fd657bfb700                   Options.stats_dump_period_sec: 60
2019/03/10-06:44:38.673540 7fd657bfb700                          Options.max_open_files: -1
2019/03/10-06:44:38.673541 7fd657bfb700                          Options.bytes_per_sync: 1048576
2019/03/10-06:44:38.673542 7fd657bfb700                      Options.wal_bytes_per_sync: 0
2019/03/10-06:44:38.673543 7fd657bfb700       Options.compaction_readahead_size: 0
2019/03/10-06:44:38.673544 7fd657bfb700 Compression algorithms supported:
2019/03/10-06:44:38.673545 7fd657bfb700 	kZSTDNotFinalCompression supported: 1
2019/03/10-06:44:38.673552 7fd657bfb700 	kZSTD supported: 1
2019/03/10-06:44:38.673554 7fd657bfb700 	kXpressCompression supported: 0
2019/03/10-06:44:38.673555 7fd657bfb700 	kLZ4HCCompression supported: 1
2019/03/10-06:44:38.673556 7fd657bfb700 	kLZ4Compression supported: 1
2019/03/10-06:44:38.673557 7fd657bfb700 	kBZip2Compression supported: 1
2019/03/10-06:44:38.673558 7fd657bfb700 	kZlibCompression supported: 1
2019/03/10-06:44:38.673559 7fd657bfb700 	kSnappyCompression supported: 1
2019/03/10-06:44:38.673562 7fd657bfb700 Fast CRC32 supported: Supported on x86
2019/03/10-06:44:38.673951 7fd657bfb700 [db/version_set.cc:3085] Recovering from manifest file: MANIFEST-000004
2019/03/10-06:44:38.674056 7fd657bfb700 [db/column_family.cc:475] --------------- Options for column family [default]:
2019/03/10-06:44:38.674060 7fd657bfb700               Options.comparator: leveldb.BytewiseComparator
2019/03/10-06:44:38.674061 7fd657bfb700           Options.merge_operator: None
2019/03/10-06:44:38.674062 7fd657bfb700        Options.compaction_filter: None
2019/03/10-06:44:38.674063 7fd657bfb700        Options.compaction_filter_factory: None
2019/03/10-06:44:38.674064 7fd657bfb700         Options.memtable_factory: SkipListFactory
2019/03/10-06:44:38.674065 7fd657bfb700            Options.table_factory: BlockBasedTable
2019/03/10-06:44:38.674090 7fd657bfb700            table_factory options:   flush_block_policy_factory: FlushBlockBySizePolicyFactory (0x7fd5c8373ab0)
  cache_index_and_filter_blocks: 0
  cache_index_and_filter_blocks_with_high_priority: 0
  pin_l0_filter_and_index_blocks_in_cache: 0
  index_type: 0
  hash_index_allow_collision: 1
  checksum: 1
  no_block_cache: 0
  block_cache: 0x7fd5c837f470
  block_cache_name: LRUCache
  block_cache_options:
    capacity : 8388608
    num_shard_bits : 4
    strict_capacity_limit : 0
    high_pri_pool_ratio: 0.000
  block_cache_compressed: (nil)
  persistent_cache: (nil)
  block_size: 8192
  block_size_deviation: 10
  block_restart_interval: 16
  index_block_restart_interval: 1
  metadata_block_size: 4096
  partition_filters: 0
  use_delta_encoding: 1
  filter_policy: nullptr
  whole_key_filtering: 1
  verify_compression: 0
  read_amp_bytes_per_bit: 0
  format_version: 2
  enable_index_compression: 1
  block_align: 0
2019/03/10-06:44:38.674106 7fd657bfb700        Options.write_buffer_size: 134217728
2019/03/10-06:44:38.674107 7fd657bfb700  Options.max_write_buffer_number: 24
2019/03/10-06:44:38.674109 7fd657bfb700        Options.compression[0]: NoCompression
2019/03/10-06:44:38.674110 7fd657bfb700        Options.compression[1]: NoCompression
2019/03/10-06:44:38.674111 7fd657bfb700        Options.compression[2]: LZ4
2019/03/10-06:44:38.674112 7fd657bfb700        Options.compression[3]: LZ4
2019/03/10-06:44:38.674113 7fd657bfb700        Options.compression[4]: LZ4
2019/03/10-06:44:38.674114 7fd657bfb700        Options.compression[5]: LZ4
2019/03/10-06:44:38.674115 7fd657bfb700        Options.compression[6]: LZ4
2019/03/10-06:44:38.674116 7fd657bfb700                  Options.bottommost_compression: Disabled
2019/03/10-06:44:38.674117 7fd657bfb700       Options.prefix_extractor: nullptr
2019/03/10-06:44:38.674118 7fd657bfb700   Options.memtable_insert_with_hint_prefix_extractor: nullptr
2019/03/10-06:44:38.674119 7fd657bfb700             Options.num_levels: 7
2019/03/10-06:44:38.674120 7fd657bfb700        Options.min_write_buffer_number_to_merge: 2
2019/03/10-06:44:38.674121 7fd657bfb700     Options.max_write_buffer_number_to_maintain: 0
2019/03/10-06:44:38.674122 7fd657bfb700            Options.compression_opts.window_bits: -14
2019/03/10-06:44:38.674123 7fd657bfb700                  Options.compression_opts.level: -1
2019/03/10-06:44:38.674124 7fd657bfb700               Options.compression_opts.strategy: 0
2019/03/10-06:44:38.674125 7fd657bfb700         Options.compression_opts.max_dict_bytes: 0
2019/03/10-06:44:38.674126 7fd657bfb700         Options.compression_opts.zstd_max_train_bytes: 0
2019/03/10-06:44:38.674127 7fd657bfb700      Options.level0_file_num_compaction_trigger: 2
2019/03/10-06:44:38.674128 7fd657bfb700          Options.level0_slowdown_writes_trigger: 20
2019/03/10-06:44:38.674128 7fd657bfb700              Options.level0_stop_writes_trigger: 36
2019/03/10-06:44:38.674129 7fd657bfb700                   Options.target_file_size_base: 67108864
2019/03/10-06:44:38.674130 7fd657bfb700             Options.target_file_size_multiplier: 1
2019/03/10-06:44:38.674131 7fd657bfb700                Options.max_bytes_for_level_base: 536870912
2019/03/10-06:44:38.674132 7fd657bfb700 Options.level_compaction_dynamic_level_bytes: 0
2019/03/10-06:44:38.674133 7fd657bfb700          Options.max_bytes_for_level_multiplier: 10.000000
2019/03/10-06:44:38.674136 7fd657bfb700 Options.max_bytes_for_level_multiplier_addtl[0]: 1
2019/03/10-06:44:38.674137 7fd657bfb700 Options.max_bytes_for_level_multiplier_addtl[1]: 1
2019/03/10-06:44:38.674138 7fd657bfb700 Options.max_bytes_for_level_multiplier_addtl[2]: 1
2019/03/10-06:44:38.674139 7fd657bfb700 Options.max_bytes_for_level_multiplier_addtl[3]: 1
2019/03/10-06:44:38.674140 7fd657bfb700 Options.max_bytes_for_level_multiplier_addtl[4]: 1
2019/03/10-06:44:38.674141 7fd657bfb700 Options.max_bytes_for_level_multiplier_addtl[5]: 1
2019/03/10-06:44:38.674142 7fd657bfb700 Options.max_bytes_for_level_multiplier_addtl[6]: 1
2019/03/10-06:44:38.674143 7fd657bfb700       Options.max_sequential_skip_in_iterations: 8
2019/03/10-06:44:38.674144 7fd657bfb700                    Options.max_compaction_bytes: 1677721600
2019/03/10-06:44:38.674151 7fd657bfb700                        Options.arena_block_size: 16777216
2019/03/10-06:44:38.674152 7fd657bfb700   Options.soft_pending_compaction_bytes_limit: 68719476736
2019/03/10-06:44:38.674153 7fd657bfb700   Options.hard_pending_compaction_bytes_limit: 274877906944
2019/03/10-06:44:38.674154 7fd657bfb700       Options.rate_limit_delay_max_milliseconds: 100
2019/03/10-06:44:38.674155 7fd657bfb700                Options.disable_auto_compactions: 0
2019/03/10-06:44:38.674157 7fd657bfb700                        Options.compaction_style: kCompactionStyleLevel
2019/03/10-06:44:38.674158 7fd657bfb700                          Options.compaction_pri: kByCompensatedSize
2019/03/10-06:44:38.674159 7fd657bfb700 Options.compaction_options_universal.size_ratio: 1
2019/03/10-06:44:38.674160 7fd657bfb700 Options.compaction_options_universal.min_merge_width: 2
2019/03/10-06:44:38.674161 7fd657bfb700 Options.compaction_options_universal.max_merge_width: 4294967295
2019/03/10-06:44:38.674162 7fd657bfb700 Options.compaction_options_universal.max_size_amplification_percent: 200
2019/03/10-06:44:38.674163 7fd657bfb700 Options.compaction_options_universal.compression_size_percent: -1
2019/03/10-06:44:38.674165 7fd657bfb700 Options.compaction_options_universal.stop_style: kCompactionStopStyleTotalSize
2019/03/10-06:44:38.674166 7fd657bfb700 Options.compaction_options_fifo.max_table_files_size: 1073741824
2019/03/10-06:44:38.674167 7fd657bfb700 Options.compaction_options_fifo.allow_compaction: 0
2019/03/10-06:44:38.674168 7fd657bfb700 Options.compaction_options_fifo.ttl: 0
2019/03/10-06:44:38.674169 7fd657bfb700                   Options.table_properties_collectors: 
2019/03/10-06:44:38.674170 7fd657bfb700                   Options.inplace_update_support: 0
2019/03/10-06:44:38.674171 7fd657bfb700                 Options.inplace_update_num_locks: 10000
2019/03/10-06:44:38.674172 7fd657bfb700               Options.memtable_prefix_bloom_size_ratio: 0.000000
2019/03/10-06:44:38.674173 7fd657bfb700   Options.memtable_huge_page_size: 0
2019/03/10-06:44:38.674174 7fd657bfb700                           Options.bloom_locality: 0
2019/03/10-06:44:38.674175 7fd657bfb700                    Options.max_successive_merges: 0
2019/03/10-06:44:38.674176 7fd657bfb700                Options.optimize_filters_for_hits: 0
2019/03/10-06:44:38.674177 7fd657bfb700                Options.paranoid_file_checks: 0
2019/03/10-06:44:38.674178 7fd657bfb700                Options.force_consistency_checks: 0
2019/03/10-06:44:38.674179 7fd657bfb700                Options.report_bg_io_stats: 0
2019/03/10-06:44:38.674180 7fd657bfb700                               Options.ttl: 0
2019/03/10-06:44:38.674674 7fd657bfb700 [db/column_family.cc:475] --------------- Options for column family [usertable]:
2019/03/10-06:44:38.674678 7fd657bfb700               Options.comparator: leveldb.BytewiseComparator
2019/03/10-06:44:38.674679 7fd657bfb700           Options.merge_operator: None
2019/03/10-06:44:38.674680 7fd657bfb700        Options.compaction_filter: None
2019/03/10-06:44:38.674681 7fd657bfb700        Options.compaction_filter_factory: None
2019/03/10-06:44:38.674682 7fd657bfb700         Options.memtable_factory: SkipListFactory
2019/03/10-06:44:38.674683 7fd657bfb700            Options.table_factory: BlockBasedTable
2019/03/10-06:44:38.674706 7fd657bfb700            table_factory options:   flush_block_policy_factory: FlushBlockBySizePolicyFactory (0x7fd5c8373880)
  cache_index_and_filter_blocks: 0
  cache_index_and_filter_blocks_with_high_priority: 0
  pin_l0_filter_and_index_blocks_in_cache: 0
  index_type: 0
  hash_index_allow_collision: 1
  checksum: 1
  no_block_cache: 0
  block_cache: 0x7fd5c83734e0
  block_cache_name: LRUCache
  block_cache_options:
    capacity : 8388608
    num_shard_bits : 4
    strict_capacity_limit : 0
    high_pri_pool_ratio: 0.000
  block_cache_compressed: (nil)
  persistent_cache: (nil)
  block_size: 8192
  block_size_deviation: 10
  block_restart_interval: 16
  index_block_restart_interval: 1
  metadata_block_size: 4096
  partition_filters: 0
  use_delta_encoding: 1
  filter_policy: nullptr
  whole_key_filtering: 1
  verify_compression: 0
  read_amp_bytes_per_bit: 0
  format_version: 2
  enable_index_compression: 1
  block_align: 0
2019/03/10-06:44:38.674718 7fd657bfb700        Options.write_buffer_size: 134217728
2019/03/10-06:44:38.674720 7fd657bfb700  Options.max_write_buffer_number: 24
2019/03/10-06:44:38.674721 7fd657bfb700        Options.compression[0]: NoCompression
2019/03/10-06:44:38.674722 7fd657bfb700        Options.compression[1]: NoCompression
2019/03/10-06:44:38.674723 7fd657bfb700        Options.compression[2]: LZ4
2019/03/10-06:44:38.674724 7fd657bfb700        Options.compression[3]: LZ4
2019/03/10-06:44:38.674725 7fd657bfb700        Options.compression[4]: LZ4
2019/03/10-06:44:38.674726 7fd657bfb700        Options.compression[5]: LZ4
2019/03/10-06:44:38.674727 7fd657bfb700        Options.compression[6]: LZ4
2019/03/10-06:44:38.674728 7fd657bfb700                  Options.bottommost_compression: Disabled
2019/03/10-06:44:38.674729 7fd657bfb700       Options.prefix_extractor: nullptr
2019/03/10-06:44:38.674730 7fd657bfb700   Options.memtable_insert_with_hint_prefix_extractor: nullptr
2019/03/10-06:44:38.674731 7fd657bfb700             Options.num_levels: 7
2019/03/10-06:44:38.674732 7fd657bfb700        Options.min_write_buffer_number_to_merge: 2
2019/03/10-06:44:38.674733 7fd657bfb700     Options.max_write_buffer_number_to_maintain: 0
2019/03/10-06:44:38.674734 7fd657bfb700            Options.compression_opts.window_bits: -14
2019/03/10-06:44:38.674735 7fd657bfb700                  Options.compression_opts.level: -1
2019/03/10-06:44:38.674736 7fd657bfb700               Options.compression_opts.strategy: 0
2019/03/10-06:44:38.674736 7fd657bfb700         Options.compression_opts.max_dict_bytes: 0
2019/03/10-06:44:38.674737 7fd657bfb700         Options.compression_opts.zstd_max_train_bytes: 0
2019/03/10-06:44:38.674738 7fd657bfb700      Options.level0_file_num_compaction_trigger: 2
2019/03/10-06:44:38.674739 7fd657bfb700          Options.level0_slowdown_writes_trigger: 20
2019/03/10-06:44:38.674740 7fd657bfb700              Options.level0_stop_writes_trigger: 36
2019/03/10-06:44:38.674741 7fd657bfb700                   Options.target_file_size_base: 67108864
2019/03/10-06:44:38.674742 7fd657bfb700             Options.target_file_size_multiplier: 1
2019/03/10-06:44:38.674743 7fd657bfb700                Options.max_bytes_for_level_base: 536870912
2019/03/10-06:44:38.674744 7fd657bfb700 Options.level_compaction_dynamic_level_bytes: 0
2019/03/10-06:44:38.674745 7fd657bfb700          Options.max_bytes_for_level_multiplier: 10.000000
2019/03/10-06:44:38.674747 7fd657bfb700 Options.max_bytes_for_level_multiplier_addtl[0]: 1
2019/03/10-06:44:38.674748 7fd657bfb700 Options.max_bytes_for_level_multiplier_addtl[1]: 1
2019/03/10-06:44:38.674749 7fd657bfb700 Options.max_bytes_for_level_multiplier_addtl[2]: 1
2019/03/10-06:44:38.674750 7fd657bfb700 Options.max_bytes_for_level_multiplier_addtl[3]: 1
2019/03/10-06:44:38.674751 7fd657bfb700 Options.max_bytes_for_level_multiplier_addtl[4]: 1
2019/03/10-06:44:38.674765 7fd657bfb700 Options.max_bytes_for_level_multiplier_addtl[5]: 1
2019/03/10-06:44:38.674766 7fd657bfb700 Options.max_bytes_for_level_multiplier_addtl[6]: 1
2019/03/10-06:44:38.674766 7fd657bfb700       Options.max_sequential_skip_in_iterations: 8
2019/03/10-06:44:38.674767 7fd657bfb700                    Options.max_compaction_bytes: 1677721600
2019/03/10-06:44:38.674768 7fd657bfb700                        Options.arena_block_size: 16777216
2019/03/10-06:44:38.674769 7fd657bfb700   Options.soft_pending_compaction_bytes_limit: 68719476736
2019/03/10-06:44:38.674770 7fd657bfb700   Options.hard_pending_compaction_bytes_limit: 274877906944
2019/03/10-06:44:38.674771 7fd657bfb700       Options.rate_limit_delay_max_milliseconds: 100
2019/03/10-06:44:38.674772 7fd657bfb700                Options.disable_auto_compactions: 0
2019/03/10-06:44:38.674773 7fd657bfb700                        Options.compaction_style: kCompactionStyleLevel
2019/03/10-06:44:38.674781 7fd657bfb700                          Options.compaction_pri: kByCompensatedSize
2019/03/10-06:44:38.674782 7fd657bfb700 Options.compaction_options_universal.size_ratio: 1
2019/03/10-06:44:38.674783 7fd657bfb700 Options.compaction_options_universal.min_merge_width: 2
2019/03/10-06:44:38.674784 7fd657bfb700 Options.compaction_options_universal.max_merge_width: 4294967295
2019/03/10-06:44:38.674785 7fd657bfb700 Options.compaction_options_universal.max_size_amplification_percent: 200
2019/03/10-06:44:38.674786 7fd657bfb700 Options.compaction_options_universal.compression_size_percent: -1
2019/03/10-06:44:38.674787 7fd657bfb700 Options.compaction_options_universal.stop_style: kCompactionStopStyleTotalSize
2019/03/10-06:44:38.674788 7fd657bfb700 Options.compaction_options_fifo.max_table_files_size: 1073741824
2019/03/10-06:44:38.674789 7fd657bfb700 Options.compaction_options_fifo.allow_compaction: 0
2019/03/10-06:44:38.674790 7fd657bfb700 Options.compaction_options_fifo.ttl: 0
2019/03/10-06:44:38.674791 7fd657bfb700                   Options.table_properties_collectors: 
2019/03/10-06:44:38.674792 7fd657bfb700                   Options.inplace_update_support: 0
2019/03/10-06:44:38.674793 7fd657bfb700                 Options.inplace_update_num_locks: 10000
2019/03/10-06:44:38.674794 7fd657bfb700               Options.memtable_prefix_bloom_size_ratio: 0.000000
2019/03/10-06:44:38.674795 7fd657bfb700   Options.memtable_huge_page_size: 0
2019/03/10-06:44:38.674796 7fd657bfb700                           Options.bloom_locality: 0
2019/03/10-06:44:38.674797 7fd657bfb700                    Options.max_successive_merges: 0
2019/03/10-06:44:38.674798 7fd657bfb700                Options.optimize_filters_for_hits: 0
2019/03/10-06:44:38.674799 7fd657bfb700                Options.paranoid_file_checks: 0
2019/03/10-06:44:38.674800 7fd657bfb700                Options.force_consistency_checks: 0
2019/03/10-06:44:38.674801 7fd657bfb700                Options.report_bg_io_stats: 0
2019/03/10-06:44:38.674801 7fd657bfb700                               Options.ttl: 0
2019/03/10-06:44:39.208731 7fd657bfb700 [db/version_set.cc:3361] Recovered from manifest file:/mnt/sda/ycsb-rocksdb-data/MANIFEST-000004 succeeded,manifest_file_number is 4, next_file_number is 1321, last_sequence is 10399020, log_number is 0,prev_log_number is 0,max_column_family is 1,min_log_number_to_keep is 0
2019/03/10-06:44:39.208741 7fd657bfb700 [db/version_set.cc:3369] Column family [default] (ID 0), log number is 0
2019/03/10-06:44:39.208743 7fd657bfb700 [db/version_set.cc:3369] Column family [usertable] (ID 1), log number is 1314
2019/03/10-06:44:39.210920 7fd657bfb700 EVENT_LOG_v1 {"time_micros": 1552225479210906, "job": 1, "event": "recovery_started", "log_files": [1314, 1320, 1321]}
2019/03/10-06:44:39.210929 7fd657bfb700 [db/db_impl_open.cc:551] Recovering log #1314 mode 2
2019/03/10-06:44:39.535934 7fd657bfb700 [db/db_impl_open.cc:551] Recovering log #1320 mode 2
2019/03/10-06:44:40.078233 7fd657bfb700 EVENT_LOG_v1 {"time_micros": 1552225480078209, "cf_name": "usertable", "job": 1, "event": "table_file_creation", "file_number": 1321, "file_size": 129895353, "table_properties": {"data_size": 129317909, "index_size": 576522, "filter_size": 0, "raw_key_size": 752760, "raw_average_key_size": 24, "raw_value_size": 128471040, "raw_average_value_size": 4096, "num_data_blocks": 15683, "num_entries": 31365, "filter_policy_name": "", "kDeletedKeys": "0", "kMergeOperands": "0"}}
2019/03/10-06:44:40.352891 7fd657bfb700 [db/db_impl_open.cc:551] Recovering log #1321 mode 2
2019/03/10-06:44:40.421666 7fd657bfb700 [db/version_set.cc:2847] Creating manifest 1323
2019/03/10-06:44:41.750593 7fd657bfb700 EVENT_LOG_v1 {"time_micros": 1552225481750571, "cf_name": "usertable", "job": 1, "event": "table_file_creation", "file_number": 1324, "file_size": 121258747, "table_properties": {"data_size": 120716446, "index_size": 541379, "filter_size": 0, "raw_key_size": 702672, "raw_average_key_size": 24, "raw_value_size": 119922688, "raw_average_value_size": 4096, "num_data_blocks": 14639, "num_entries": 29278, "filter_policy_name": "", "kDeletedKeys": "0", "kMergeOperands": "0"}}
2019/03/10-06:44:41.811338 7fd657bfb700 EVENT_LOG_v1 {"time_micros": 1552225481811336, "job": 1, "event": "recovery_finished"}
2019/03/10-06:44:41.937703 7fd657bfb700 [db/db_impl_open.cc:1219] DB pointer 0x7fd5c837f8e0
2019/03/10-06:44:41.937993 7fd56e7fc700 [WARN] [db/db_impl.cc:491] ------- DUMPING STATS -------
2019/03/10-06:44:41.938038 7fd56e7fc700 [WARN] [db/db_impl.cc:492] 
** DB Stats **
Uptime(secs): 3.3 total, 3.3 interval
Cumulative writes: 0 writes, 0 keys, 0 commit groups, 0.0 writes per commit group, ingest: 0.00 GB, 0.00 MB/s
Cumulative WAL: 0 writes, 0 syncs, 0.00 writes per sync, written: 0.00 GB, 0.00 MB/s
Cumulative stall: 00:00:0.000 H:M:S, 0.0 percent
Interval writes: 0 writes, 0 keys, 0 commit groups, 0.0 writes per commit group, ingest: 0.00 MB, 0.00 MB/s
Interval WAL: 0 writes, 0 syncs, 0.00 writes per sync, written: 0.00 MB, 0.00 MB/s
Interval stall: 00:00:0.000 H:M:S, 0.0 percent

** Compaction Stats [default] **
Level    Files   Size     Score Read(GB)  Rn(GB) Rnp1(GB) Write(GB) Wnew(GB) Moved(GB) W-Amp Rd(MB/s) Wr(MB/s) Comp(sec) Comp(cnt) Avg(sec) KeyIn KeyDrop
----------------------------------------------------------------------------------------------------------------------------------------------------------
 Sum      0/0    0.00 KB   0.0      0.0     0.0      0.0       0.0      0.0       0.0   0.0      0.0      0.0         0         0    0.000       0      0
 Int      0/0    0.00 KB   0.0      0.0     0.0      0.0       0.0      0.0       0.0   0.0      0.0      0.0         0         0    0.000       0      0
Uptime(secs): 3.3 total, 3.3 interval
Flush(GB): cumulative 0.000, interval 0.000
AddFile(GB): cumulative 0.000, interval 0.000
AddFile(Total Files): cumulative 0, interval 0
AddFile(L0 Files): cumulative 0, interval 0
AddFile(Keys): cumulative 0, interval 0
Cumulative compaction: 0.00 GB write, 0.00 MB/s write, 0.00 GB read, 0.00 MB/s read, 0.0 seconds
Interval compaction: 0.00 GB write, 0.00 MB/s write, 0.00 GB read, 0.00 MB/s read, 0.0 seconds
Stalls(count): 0 level0_slowdown, 0 level0_slowdown_with_compaction, 0 level0_numfiles, 0 level0_numfiles_with_compaction, 0 stop for pending_compaction_bytes, 0 slowdown for pending_compaction_bytes, 0 memtable_compaction, 0 memtable_slowdown, interval 0 total count

** File Read Latency Histogram By Level [default] **

** Compaction Stats [usertable] **
Level    Files   Size     Score Read(GB)  Rn(GB) Rnp1(GB) Write(GB) Wnew(GB) Moved(GB) W-Amp Rd(MB/s) Wr(MB/s) Comp(sec) Comp(cnt) Avg(sec) KeyIn KeyDrop
----------------------------------------------------------------------------------------------------------------------------------------------------------
  L0      3/0   448.20 MB   1.5      0.0     0.0      0.0       0.2      0.2       0.0   1.0      0.0    134.9         2         2    0.888       0      0
  L1      7/0   438.62 MB   0.9      0.0     0.0      0.0       0.0      0.0       0.0   0.0      0.0      0.0         0         0    0.000       0      0
  L2    189/0    5.00 GB   1.0      0.0     0.0      0.0       0.0      0.0       0.0   0.0      0.0      0.0         0         0    0.000       0      0
  L3    548/0   34.31 GB   0.7      0.0     0.0      0.0       0.0      0.0       0.0   0.0      0.0      0.0         0         0    0.000       0      0
 Sum    747/0   40.18 GB   0.0      0.0     0.0      0.0       0.2      0.2       0.0   1.0      0.0    134.9         2         2    0.888       0      0
 Int      0/0    0.00 KB   0.0      0.0     0.0      0.0       0.2      0.2       0.0   1.0      0.0    134.9         2         2    0.888       0      0
Uptime(secs): 3.3 total, 3.3 interval
Flush(GB): cumulative 0.234, interval 0.234
AddFile(GB): cumulative 0.000, interval 0.000
AddFile(Total Files): cumulative 0, interval 0
AddFile(L0 Files): cumulative 0, interval 0
AddFile(Keys): cumulative 0, interval 0
Cumulative compaction: 0.23 GB write, 73.40 MB/s write, 0.00 GB read, 0.00 MB/s read, 1.8 seconds
Interval compaction: 0.23 GB write, 73.40 MB/s write, 0.00 GB read, 0.00 MB/s read, 1.8 seconds
Stalls(count): 0 level0_slowdown, 0 level0_slowdown_with_compaction, 0 level0_numfiles, 0 level0_numfiles_with_compaction, 0 stop for pending_compaction_bytes, 0 slowdown for pending_compaction_bytes, 0 memtable_compaction, 0 memtable_slowdown, interval 0 total count

** File Read Latency Histogram By Level [usertable] **

** Compaction Stats [default] **
Level    Files   Size     Score Read(GB)  Rn(GB) Rnp1(GB) Write(GB) Wnew(GB) Moved(GB) W-Amp Rd(MB/s) Wr(MB/s) Comp(sec) Comp(cnt) Avg(sec) KeyIn KeyDrop
----------------------------------------------------------------------------------------------------------------------------------------------------------
 Sum      0/0    0.00 KB   0.0      0.0     0.0      0.0       0.0      0.0       0.0   0.0      0.0      0.0         0         0    0.000       0      0
 Int      0/0    0.00 KB   0.0      0.0     0.0      0.0       0.0      0.0       0.0   0.0      0.0      0.0         0         0    0.000       0      0
Uptime(secs): 3.3 total, 0.0 interval
Flush(GB): cumulative 0.000, interval 0.000
AddFile(GB): cumulative 0.000, interval 0.000
AddFile(Total Files): cumulative 0, interval 0
AddFile(L0 Files): cumulative 0, interval 0
AddFile(Keys): cumulative 0, interval 0
Cumulative compaction: 0.00 GB write, 0.00 MB/s write, 0.00 GB read, 0.00 MB/s read, 0.0 seconds
Interval compaction: 0.00 GB write, 0.00 MB/s write, 0.00 GB read, 0.00 MB/s read, 0.0 seconds
Stalls(count): 0 level0_slowdown, 0 level0_slowdown_with_compaction, 0 level0_numfiles, 0 level0_numfiles_with_compaction, 0 stop for pending_compaction_bytes, 0 slowdown for pending_compaction_bytes, 0 memtable_compaction, 0 memtable_slowdown, interval 0 total count

** File Read Latency Histogram By Level [default] **

** Compaction Stats [usertable] **
Level    Files   Size     Score Read(GB)  Rn(GB) Rnp1(GB) Write(GB) Wnew(GB) Moved(GB) W-Amp Rd(MB/s) Wr(MB/s) Comp(sec) Comp(cnt) Avg(sec) KeyIn KeyDrop
----------------------------------------------------------------------------------------------------------------------------------------------------------
  L0      3/0   448.20 MB   1.5      0.0     0.0      0.0       0.2      0.2       0.0   1.0      0.0    134.9         2         2    0.888       0      0
  L1      7/0   438.62 MB   0.9      0.0     0.0      0.0       0.0      0.0       0.0   0.0      0.0      0.0         0         0    0.000       0      0
  L2    189/0    5.00 GB   1.0      0.0     0.0      0.0       0.0      0.0       0.0   0.0      0.0      0.0         0         0    0.000       0      0
  L3    548/0   34.31 GB   0.7      0.0     0.0      0.0       0.0      0.0       0.0   0.0      0.0      0.0         0         0    0.000       0      0
 Sum    747/0   40.18 GB   0.0      0.0     0.0      0.0       0.2      0.2       0.0   1.0      0.0    134.9         2         2    0.888       0      0
 Int      0/0    0.00 KB   0.0      0.0     0.0      0.0       0.0      0.0       0.0   0.0      0.0      0.0         0         0    0.000       0      0
Uptime(secs): 3.3 total, 0.0 interval
Flush(GB): cumulative 0.234, interval 0.000
AddFile(GB): cumulative 0.000, interval 0.000
AddFile(Total Files): cumulative 0, interval 0
AddFile(L0 Files): cumulative 0, interval 0
AddFile(Keys): cumulative 0, interval 0
Cumulative compaction: 0.23 GB write, 73.40 MB/s write, 0.00 GB read, 0.00 MB/s read, 1.8 seconds
Interval compaction: 0.00 GB write, 0.00 MB/s write, 0.00 GB read, 0.00 MB/s read, 0.0 seconds
Stalls(count): 0 level0_slowdown, 0 level0_slowdown_with_compaction, 0 level0_numfiles, 0 level0_numfiles_with_compaction, 0 stop for pending_compaction_bytes, 0 slowdown for pending_compaction_bytes, 0 memtable_compaction, 0 memtable_slowdown, interval 0 total count

** File Read Latency Histogram By Level [usertable] **
2019/03/10-06:44:42.005583 7fd56e7fc700 (Original Log Time 2019/03/10-06:44:41.938146) [db/db_impl_compaction_flush.cc:1835] [usertable] Moving #146 to level-1 218814437 bytes
2019/03/10-06:44:42.005587 7fd56e7fc700 (Original Log Time 2019/03/10-06:44:42.005520) EVENT_LOG_v1 {"time_micros": 1552225482005512, "job": 3, "event": "trivial_move", "destination_level": 1, "files": 1, "total_files_size": 218814437}
2019/03/10-06:44:42.005589 7fd56e7fc700 (Original Log Time 2019/03/10-06:44:42.005531) [db/db_impl_compaction_flush.cc:1864] [usertable] Moved #1 files to level-1 218814437 bytes OK: base level 1 max bytes base 536870912 files[2 8 189 548 0 0 0] max score 1.26
2019/03/10-06:44:42.005662 7fd56e7fc700 [db/compaction_job.cc:1531] [usertable] [JOB 4] Compacting 1@1 + 1@2 files to L2, score 1.26
2019/03/10-06:44:42.005670 7fd56e7fc700 [db/compaction_job.cc:1535] [usertable] Compaction start summary: Base version 6 Base level 1, inputs: [146(208MB)], [143(30MB)]
2019/03/10-06:44:42.005697 7fd56e7fc700 EVENT_LOG_v1 {"time_micros": 1552225482005675, "job": 4, "event": "compaction_started", "compaction_reason": "LevelMaxLevelSize", "files_L1": [146], "files_L2": [143], "score": 1.26426, "input_data_size": 250410051}
2019/03/10-06:44:43.068433 7fd56e7fc700 [db/compaction_job.cc:1211] [usertable] [JOB 4] Generated table #1328: 16279 keys, 67233505 bytes
2019/03/10-06:44:43.068474 7fd56e7fc700 EVENT_LOG_v1 {"time_micros": 1552225483068460, "cf_name": "usertable", "job": 4, "event": "table_file_creation", "file_number": 1328, "file_size": 67233505, "table_properties": {"data_size": 67120139, "index_size": 300916, "filter_size": 0, "raw_key_size": 390696, "raw_average_key_size": 24, "raw_value_size": 66678784, "raw_average_value_size": 4096, "num_data_blocks": 8140, "num_entries": 16279, "filter_policy_name": "", "kDeletedKeys": "0", "kMergeOperands": "0"}}
2019/03/10-06:44:43.972330 7fd56e7fc700 [db/compaction_job.cc:1211] [usertable] [JOB 4] Generated table #1329: 16279 keys, 67233382 bytes
2019/03/10-06:44:43.972384 7fd56e7fc700 EVENT_LOG_v1 {"time_micros": 1552225483972364, "cf_name": "usertable", "job": 4, "event": "table_file_creation", "file_number": 1329, "file_size": 67233382, "table_properties": {"data_size": 67118331, "index_size": 299108, "filter_size": 0, "raw_key_size": 390696, "raw_average_key_size": 24, "raw_value_size": 66678784, "raw_average_value_size": 4096, "num_data_blocks": 8140, "num_entries": 16279, "filter_policy_name": "", "kDeletedKeys": "0", "kMergeOperands": "0"}}
2019/03/10-06:44:44.806707 7fd56e7fc700 [db/compaction_job.cc:1211] [usertable] [JOB 4] Generated table #1330: 16279 keys, 67233547 bytes
2019/03/10-06:44:44.806748 7fd56e7fc700 EVENT_LOG_v1 {"time_micros": 1552225484806734, "cf_name": "usertable", "job": 4, "event": "table_file_creation", "file_number": 1330, "file_size": 67233547, "table_properties": {"data_size": 67120140, "index_size": 300916, "filter_size": 0, "raw_key_size": 390696, "raw_average_key_size": 24, "raw_value_size": 66678784, "raw_average_value_size": 4096, "num_data_blocks": 8140, "num_entries": 16279, "filter_policy_name": "", "kDeletedKeys": "0", "kMergeOperands": "0"}}
2019/03/10-06:44:45.433931 7fd56e7fc700 [db/compaction_job.cc:1211] [usertable] [JOB 4] Generated table #1331: 11646 keys, 48099002 bytes
2019/03/10-06:44:45.433972 7fd56e7fc700 EVENT_LOG_v1 {"time_micros": 1552225485433956, "cf_name": "usertable", "job": 4, "event": "table_file_creation", "file_number": 1331, "file_size": 48099002, "table_properties": {"data_size": 48016458, "index_size": 213894, "filter_size": 0, "raw_key_size": 279504, "raw_average_key_size": 24, "raw_value_size": 47702016, "raw_average_value_size": 4096, "num_data_blocks": 5823, "num_entries": 11646, "filter_policy_name": "", "kDeletedKeys": "0", "kMergeOperands": "0"}}
2019/03/10-06:44:45.434029 7fd56e7fc700 [db/compaction_job.cc:1287] [usertable] [JOB 4] Compacted 1@1 + 1@2 files to L2 => 249799436 bytes
2019/03/10-06:44:45.467634 7fd56e7fc700 (Original Log Time 2019/03/10-06:44:45.467549) [db/compaction_job.cc:685] [usertable] compacted to: base level 1 max bytes base 536870912 files[2 7 192 548 0 0 0] max score 1.04, MB/sec: 73.0 rd, 72.9 wr, level 2, files in(1, 1) out(4) MB in(208.7, 30.1) out(238.2), read-write-amplify(2.3) write-amplify(1.1) OK, records in: 60483, records dropped: 0 output_compression: LZ4
2019/03/10-06:44:45.467641 7fd56e7fc700 (Original Log Time 2019/03/10-06:44:45.467579) EVENT_LOG_v1 {"time_micros": 1552225485467567, "job": 4, "event": "compaction_finished", "compaction_time_micros": 3428291, "output_level": 2, "num_output_files": 4, "total_output_size": 249799436, "num_input_records": 60483, "num_output_records": 60483, "num_subcompactions": 1, "output_compression": "LZ4", "num_single_delete_mismatches": 0, "num_single_delete_fallthrough": 0, "lsm_state": [2, 7, 192, 548, 0, 0, 0]}
2019/03/10-06:44:45.505733 7fd56e7fc700 (Original Log Time 2019/03/10-06:44:45.467817) [db/db_impl_compaction_flush.cc:1835] [usertable] Moving #1330 to level-3 67233547 bytes
2019/03/10-06:44:45.505737 7fd56e7fc700 (Original Log Time 2019/03/10-06:44:45.505686) EVENT_LOG_v1 {"time_micros": 1552225485505681, "job": 5, "event": "trivial_move", "destination_level": 3, "files": 1, "total_files_size": 67233547}
2019/03/10-06:44:45.505739 7fd56e7fc700 (Original Log Time 2019/03/10-06:44:45.505694) [db/db_impl_compaction_flush.cc:1864] [usertable] Moved #1 files to level-3 67233547 bytes OK: base level 1 max bytes base 536870912 files[2 7 191 549 0 0 0] max score 1.03
2019/03/10-06:44:45.524557 7fd56e7fc700 EVENT_LOG_v1 {"time_micros": 1552225485524550, "job": 5, "event": "table_file_deletion", "file_number": 146}
2019/03/10-06:44:45.527614 7fd56e7fc700 EVENT_LOG_v1 {"time_micros": 1552225485527610, "job": 5, "event": "table_file_deletion", "file_number": 143}
2019/03/10-06:44:45.563508 7fd6550f8700 (Original Log Time 2019/03/10-06:44:45.527793) [db/db_impl_compaction_flush.cc:1835] [usertable] Moving #1328 to level-3 67233505 bytes
2019/03/10-06:44:45.563512 7fd6550f8700 (Original Log Time 2019/03/10-06:44:45.563446) EVENT_LOG_v1 {"time_micros": 1552225485563442, "job": 6, "event": "trivial_move", "destination_level": 3, "files": 1, "total_files_size": 67233505}
2019/03/10-06:44:45.563514 7fd6550f8700 (Original Log Time 2019/03/10-06:44:45.563465) [db/db_impl_compaction_flush.cc:1864] [usertable] Moved #1 files to level-3 67233505 bytes OK: base level 1 max bytes base 536870912 files[2 7 190 550 0 0 0] max score 1.02
2019/03/10-06:44:45.600411 7fd6550f8700 (Original Log Time 2019/03/10-06:44:45.563682) [db/db_impl_compaction_flush.cc:1835] [usertable] Moving #1329 to level-3 67233382 bytes
2019/03/10-06:44:45.600414 7fd6550f8700 (Original Log Time 2019/03/10-06:44:45.600366) EVENT_LOG_v1 {"time_micros": 1552225485600363, "job": 7, "event": "trivial_move", "destination_level": 3, "files": 1, "total_files_size": 67233382}
2019/03/10-06:44:45.600416 7fd6550f8700 (Original Log Time 2019/03/10-06:44:45.600374) [db/db_impl_compaction_flush.cc:1864] [usertable] Moved #1 files to level-3 67233382 bytes OK: base level 1 max bytes base 536870912 files[2 7 189 551 0 0 0] max score 1.00
