2019/03/10-05:54:26.474284 7f5f297ec700 RocksDB version: 5.14.3
2019/03/10-05:54:26.474337 7f5f297ec700 Git sha rocksdb_build_git_sha:
2019/03/10-05:54:26.474340 7f5f297ec700 Compile date Dec 29 2018
2019/03/10-05:54:26.474344 7f5f297ec700 DB SUMMARY
2019/03/10-05:54:26.474365 7f5f297ec700 SST files in /mnt/sda/ycsb-rocksdb-data dir, Total Num: 0, files: 
2019/03/10-05:54:26.474367 7f5f297ec700 Write Ahead Log file in /mnt/sda/ycsb-rocksdb-data: 
2019/03/10-05:54:26.474369 7f5f297ec700                         Options.error_if_exists: 0
2019/03/10-05:54:26.474371 7f5f297ec700                       Options.create_if_missing: 1
2019/03/10-05:54:26.474372 7f5f297ec700                         Options.paranoid_checks: 1
2019/03/10-05:54:26.474373 7f5f297ec700                                     Options.env: 0x7f5f28e642c0
2019/03/10-05:54:26.474374 7f5f297ec700                                Options.info_log: 0x7f5e703aa6d0
2019/03/10-05:54:26.474375 7f5f297ec700                Options.max_file_opening_threads: 16
2019/03/10-05:54:26.474376 7f5f297ec700                              Options.statistics: (nil)
2019/03/10-05:54:26.474377 7f5f297ec700                               Options.use_fsync: 0
2019/03/10-05:54:26.474378 7f5f297ec700                       Options.max_log_file_size: 0
2019/03/10-05:54:26.474380 7f5f297ec700                  Options.max_manifest_file_size: 18446744073709551615
2019/03/10-05:54:26.474381 7f5f297ec700                   Options.log_file_time_to_roll: 0
2019/03/10-05:54:26.474382 7f5f297ec700                       Options.keep_log_file_num: 1000
2019/03/10-05:54:26.474383 7f5f297ec700                    Options.recycle_log_file_num: 0
2019/03/10-05:54:26.474384 7f5f297ec700                         Options.allow_fallocate: 1
2019/03/10-05:54:26.474385 7f5f297ec700                        Options.allow_mmap_reads: 0
2019/03/10-05:54:26.474386 7f5f297ec700                       Options.allow_mmap_writes: 0
2019/03/10-05:54:26.474387 7f5f297ec700                        Options.use_direct_reads: 0
2019/03/10-05:54:26.474388 7f5f297ec700                        Options.use_direct_io_for_flush_and_compaction: 0
2019/03/10-05:54:26.474389 7f5f297ec700          Options.create_missing_column_families: 1
2019/03/10-05:54:26.474390 7f5f297ec700                              Options.db_log_dir: 
2019/03/10-05:54:26.474391 7f5f297ec700                                 Options.wal_dir: /mnt/sda/ycsb-rocksdb-data
2019/03/10-05:54:26.474392 7f5f297ec700                Options.table_cache_numshardbits: 6
2019/03/10-05:54:26.474393 7f5f297ec700                      Options.max_subcompactions: 4
2019/03/10-05:54:26.474394 7f5f297ec700                  Options.max_background_flushes: 24
2019/03/10-05:54:26.474395 7f5f297ec700                         Options.WAL_ttl_seconds: 0
2019/03/10-05:54:26.474396 7f5f297ec700                       Options.WAL_size_limit_MB: 0
2019/03/10-05:54:26.474397 7f5f297ec700             Options.manifest_preallocation_size: 4194304
2019/03/10-05:54:26.474398 7f5f297ec700                     Options.is_fd_close_on_exec: 1
2019/03/10-05:54:26.474399 7f5f297ec700                   Options.advise_random_on_open: 1
2019/03/10-05:54:26.474400 7f5f297ec700                    Options.db_write_buffer_size: 0
2019/03/10-05:54:26.474401 7f5f297ec700                    Options.write_buffer_manager: 0x7f5e703b2d90
2019/03/10-05:54:26.474402 7f5f297ec700         Options.access_hint_on_compaction_start: 1
2019/03/10-05:54:26.474403 7f5f297ec700  Options.new_table_reader_for_compaction_inputs: 0
2019/03/10-05:54:26.474404 7f5f297ec700           Options.random_access_max_buffer_size: 1048576
2019/03/10-05:54:26.474405 7f5f297ec700                      Options.use_adaptive_mutex: 0
2019/03/10-05:54:26.474405 7f5f297ec700                            Options.rate_limiter: (nil)
2019/03/10-05:54:26.474407 7f5f297ec700     Options.sst_file_manager.rate_bytes_per_sec: 0
2019/03/10-05:54:26.474408 7f5f297ec700                       Options.wal_recovery_mode: 2
2019/03/10-05:54:26.474409 7f5f297ec700                  Options.enable_thread_tracking: 0
2019/03/10-05:54:26.474410 7f5f297ec700                  Options.enable_pipelined_write: 1
2019/03/10-05:54:26.474419 7f5f297ec700         Options.allow_concurrent_memtable_write: 1
2019/03/10-05:54:26.474421 7f5f297ec700      Options.enable_write_thread_adaptive_yield: 1
2019/03/10-05:54:26.474422 7f5f297ec700             Options.write_thread_max_yield_usec: 100
2019/03/10-05:54:26.474423 7f5f297ec700            Options.write_thread_slow_yield_usec: 3
2019/03/10-05:54:26.474424 7f5f297ec700                               Options.row_cache: None
2019/03/10-05:54:26.474425 7f5f297ec700                              Options.wal_filter: None
2019/03/10-05:54:26.474426 7f5f297ec700             Options.avoid_flush_during_recovery: 0
2019/03/10-05:54:26.474427 7f5f297ec700             Options.allow_ingest_behind: 0
2019/03/10-05:54:26.474428 7f5f297ec700             Options.preserve_deletes: 0
2019/03/10-05:54:26.474429 7f5f297ec700             Options.two_write_queues: 0
2019/03/10-05:54:26.474429 7f5f297ec700             Options.manual_wal_flush: 0
2019/03/10-05:54:26.474431 7f5f297ec700             Options.max_background_jobs: 24
2019/03/10-05:54:26.474432 7f5f297ec700             Options.max_background_compactions: 24
2019/03/10-05:54:26.474433 7f5f297ec700             Options.avoid_flush_during_shutdown: 0
2019/03/10-05:54:26.474434 7f5f297ec700           Options.writable_file_max_buffer_size: 1048576
2019/03/10-05:54:26.474435 7f5f297ec700             Options.delayed_write_rate : 16777216
2019/03/10-05:54:26.474436 7f5f297ec700             Options.max_total_wal_size: 0
2019/03/10-05:54:26.474437 7f5f297ec700             Options.delete_obsolete_files_period_micros: 21600000000
2019/03/10-05:54:26.474438 7f5f297ec700                   Options.stats_dump_period_sec: 60
2019/03/10-05:54:26.474439 7f5f297ec700                          Options.max_open_files: -1
2019/03/10-05:54:26.474440 7f5f297ec700                          Options.bytes_per_sync: 1048576
2019/03/10-05:54:26.474441 7f5f297ec700                      Options.wal_bytes_per_sync: 0
2019/03/10-05:54:26.474442 7f5f297ec700       Options.compaction_readahead_size: 0
2019/03/10-05:54:26.474443 7f5f297ec700 Compression algorithms supported:
2019/03/10-05:54:26.474444 7f5f297ec700 	kZSTDNotFinalCompression supported: 1
2019/03/10-05:54:26.474451 7f5f297ec700 	kZSTD supported: 1
2019/03/10-05:54:26.474453 7f5f297ec700 	kXpressCompression supported: 0
2019/03/10-05:54:26.474454 7f5f297ec700 	kLZ4HCCompression supported: 1
2019/03/10-05:54:26.474455 7f5f297ec700 	kLZ4Compression supported: 1
2019/03/10-05:54:26.474456 7f5f297ec700 	kBZip2Compression supported: 1
2019/03/10-05:54:26.474457 7f5f297ec700 	kZlibCompression supported: 1
2019/03/10-05:54:26.474458 7f5f297ec700 	kSnappyCompression supported: 1
2019/03/10-05:54:26.474461 7f5f297ec700 Fast CRC32 supported: Supported on x86
2019/03/10-05:54:26.474535 7f5f297ec700 [db/db_impl_open.cc:222] Creating manifest 1 
2019/03/10-05:54:26.574066 7f5f297ec700 [db/version_set.cc:3085] Recovering from manifest file: MANIFEST-000001
2019/03/10-05:54:26.574151 7f5f297ec700 [db/column_family.cc:475] --------------- Options for column family [default]:
2019/03/10-05:54:26.574155 7f5f297ec700               Options.comparator: leveldb.BytewiseComparator
2019/03/10-05:54:26.574156 7f5f297ec700           Options.merge_operator: None
2019/03/10-05:54:26.574157 7f5f297ec700        Options.compaction_filter: None
2019/03/10-05:54:26.574158 7f5f297ec700        Options.compaction_filter_factory: None
2019/03/10-05:54:26.574159 7f5f297ec700         Options.memtable_factory: SkipListFactory
2019/03/10-05:54:26.574160 7f5f297ec700            Options.table_factory: BlockBasedTable
2019/03/10-05:54:26.574192 7f5f297ec700            table_factory options:   flush_block_policy_factory: FlushBlockBySizePolicyFactory (0x7f5e703ab5c0)
  cache_index_and_filter_blocks: 0
  cache_index_and_filter_blocks_with_high_priority: 0
  pin_l0_filter_and_index_blocks_in_cache: 0
  index_type: 0
  hash_index_allow_collision: 1
  checksum: 1
  no_block_cache: 0
  block_cache: 0x7f5e703b7130
  block_cache_name: LRUCache
  block_cache_options:
    capacity : 8388608
    num_shard_bits : 4
    strict_capacity_limit : 0
    high_pri_pool_ratio: 0.000
  block_cache_compressed: (nil)
  persistent_cache: (nil)
  block_size: 8192
  block_size_deviation: 10
  block_restart_interval: 16
  index_block_restart_interval: 1
  metadata_block_size: 4096
  partition_filters: 0
  use_delta_encoding: 1
  filter_policy: nullptr
  whole_key_filtering: 1
  verify_compression: 0
  read_amp_bytes_per_bit: 0
  format_version: 2
  enable_index_compression: 1
  block_align: 0
2019/03/10-05:54:26.574207 7f5f297ec700        Options.write_buffer_size: 134217728
2019/03/10-05:54:26.574208 7f5f297ec700  Options.max_write_buffer_number: 24
2019/03/10-05:54:26.574210 7f5f297ec700        Options.compression[0]: NoCompression
2019/03/10-05:54:26.574211 7f5f297ec700        Options.compression[1]: NoCompression
2019/03/10-05:54:26.574212 7f5f297ec700        Options.compression[2]: LZ4
2019/03/10-05:54:26.574213 7f5f297ec700        Options.compression[3]: LZ4
2019/03/10-05:54:26.574214 7f5f297ec700        Options.compression[4]: LZ4
2019/03/10-05:54:26.574215 7f5f297ec700        Options.compression[5]: LZ4
2019/03/10-05:54:26.574216 7f5f297ec700        Options.compression[6]: LZ4
2019/03/10-05:54:26.574217 7f5f297ec700                  Options.bottommost_compression: Disabled
2019/03/10-05:54:26.574218 7f5f297ec700       Options.prefix_extractor: nullptr
2019/03/10-05:54:26.574219 7f5f297ec700   Options.memtable_insert_with_hint_prefix_extractor: nullptr
2019/03/10-05:54:26.574220 7f5f297ec700             Options.num_levels: 7
2019/03/10-05:54:26.574221 7f5f297ec700        Options.min_write_buffer_number_to_merge: 2
2019/03/10-05:54:26.574222 7f5f297ec700     Options.max_write_buffer_number_to_maintain: 0
2019/03/10-05:54:26.574223 7f5f297ec700            Options.compression_opts.window_bits: -14
2019/03/10-05:54:26.574224 7f5f297ec700                  Options.compression_opts.level: -1
2019/03/10-05:54:26.574225 7f5f297ec700               Options.compression_opts.strategy: 0
2019/03/10-05:54:26.574226 7f5f297ec700         Options.compression_opts.max_dict_bytes: 0
2019/03/10-05:54:26.574227 7f5f297ec700         Options.compression_opts.zstd_max_train_bytes: 0
2019/03/10-05:54:26.574228 7f5f297ec700      Options.level0_file_num_compaction_trigger: 2
2019/03/10-05:54:26.574229 7f5f297ec700          Options.level0_slowdown_writes_trigger: 20
2019/03/10-05:54:26.574230 7f5f297ec700              Options.level0_stop_writes_trigger: 36
2019/03/10-05:54:26.574231 7f5f297ec700                   Options.target_file_size_base: 67108864
2019/03/10-05:54:26.574232 7f5f297ec700             Options.target_file_size_multiplier: 1
2019/03/10-05:54:26.574233 7f5f297ec700                Options.max_bytes_for_level_base: 536870912
2019/03/10-05:54:26.574234 7f5f297ec700 Options.level_compaction_dynamic_level_bytes: 0
2019/03/10-05:54:26.574235 7f5f297ec700          Options.max_bytes_for_level_multiplier: 10.000000
2019/03/10-05:54:26.574238 7f5f297ec700 Options.max_bytes_for_level_multiplier_addtl[0]: 1
2019/03/10-05:54:26.574239 7f5f297ec700 Options.max_bytes_for_level_multiplier_addtl[1]: 1
2019/03/10-05:54:26.574240 7f5f297ec700 Options.max_bytes_for_level_multiplier_addtl[2]: 1
2019/03/10-05:54:26.574241 7f5f297ec700 Options.max_bytes_for_level_multiplier_addtl[3]: 1
2019/03/10-05:54:26.574242 7f5f297ec700 Options.max_bytes_for_level_multiplier_addtl[4]: 1
2019/03/10-05:54:26.574243 7f5f297ec700 Options.max_bytes_for_level_multiplier_addtl[5]: 1
2019/03/10-05:54:26.574244 7f5f297ec700 Options.max_bytes_for_level_multiplier_addtl[6]: 1
2019/03/10-05:54:26.574245 7f5f297ec700       Options.max_sequential_skip_in_iterations: 8
2019/03/10-05:54:26.574246 7f5f297ec700                    Options.max_compaction_bytes: 1677721600
2019/03/10-05:54:26.574247 7f5f297ec700                        Options.arena_block_size: 16777216
2019/03/10-05:54:26.574248 7f5f297ec700   Options.soft_pending_compaction_bytes_limit: 68719476736
2019/03/10-05:54:26.574249 7f5f297ec700   Options.hard_pending_compaction_bytes_limit: 274877906944
2019/03/10-05:54:26.574256 7f5f297ec700       Options.rate_limit_delay_max_milliseconds: 100
2019/03/10-05:54:26.574257 7f5f297ec700                Options.disable_auto_compactions: 0
2019/03/10-05:54:26.574259 7f5f297ec700                        Options.compaction_style: kCompactionStyleLevel
2019/03/10-05:54:26.574261 7f5f297ec700                          Options.compaction_pri: kByCompensatedSize
2019/03/10-05:54:26.574262 7f5f297ec700 Options.compaction_options_universal.size_ratio: 1
2019/03/10-05:54:26.574263 7f5f297ec700 Options.compaction_options_universal.min_merge_width: 2
2019/03/10-05:54:26.574264 7f5f297ec700 Options.compaction_options_universal.max_merge_width: 4294967295
2019/03/10-05:54:26.574265 7f5f297ec700 Options.compaction_options_universal.max_size_amplification_percent: 200
2019/03/10-05:54:26.574266 7f5f297ec700 Options.compaction_options_universal.compression_size_percent: -1
2019/03/10-05:54:26.574267 7f5f297ec700 Options.compaction_options_universal.stop_style: kCompactionStopStyleTotalSize
2019/03/10-05:54:26.574268 7f5f297ec700 Options.compaction_options_fifo.max_table_files_size: 1073741824
2019/03/10-05:54:26.574269 7f5f297ec700 Options.compaction_options_fifo.allow_compaction: 0
2019/03/10-05:54:26.574270 7f5f297ec700 Options.compaction_options_fifo.ttl: 0
2019/03/10-05:54:26.574271 7f5f297ec700                   Options.table_properties_collectors: 
2019/03/10-05:54:26.574272 7f5f297ec700                   Options.inplace_update_support: 0
2019/03/10-05:54:26.574273 7f5f297ec700                 Options.inplace_update_num_locks: 10000
2019/03/10-05:54:26.574274 7f5f297ec700               Options.memtable_prefix_bloom_size_ratio: 0.000000
2019/03/10-05:54:26.574275 7f5f297ec700   Options.memtable_huge_page_size: 0
2019/03/10-05:54:26.574276 7f5f297ec700                           Options.bloom_locality: 0
2019/03/10-05:54:26.574277 7f5f297ec700                    Options.max_successive_merges: 0
2019/03/10-05:54:26.574278 7f5f297ec700                Options.optimize_filters_for_hits: 0
2019/03/10-05:54:26.574279 7f5f297ec700                Options.paranoid_file_checks: 0
2019/03/10-05:54:26.574280 7f5f297ec700                Options.force_consistency_checks: 0
2019/03/10-05:54:26.574281 7f5f297ec700                Options.report_bg_io_stats: 0
2019/03/10-05:54:26.574282 7f5f297ec700                               Options.ttl: 0
2019/03/10-05:54:26.575062 7f5f297ec700 [db/version_set.cc:3361] Recovered from manifest file:/mnt/sda/ycsb-rocksdb-data/MANIFEST-000001 succeeded,manifest_file_number is 1, next_file_number is 3, last_sequence is 0, log_number is 0,prev_log_number is 0,max_column_family is 0,min_log_number_to_keep is 0
2019/03/10-05:54:26.575070 7f5f297ec700 [db/version_set.cc:3369] Column family [default] (ID 0), log number is 0
2019/03/10-05:54:26.575326 7f5f297ec700 [db/version_set.cc:2847] Creating manifest 4
2019/03/10-05:54:26.642136 7f5f297ec700 [db/column_family.cc:475] --------------- Options for column family [usertable]:
2019/03/10-05:54:26.642141 7f5f297ec700               Options.comparator: leveldb.BytewiseComparator
2019/03/10-05:54:26.642143 7f5f297ec700           Options.merge_operator: None
2019/03/10-05:54:26.642145 7f5f297ec700        Options.compaction_filter: None
2019/03/10-05:54:26.642145 7f5f297ec700        Options.compaction_filter_factory: None
2019/03/10-05:54:26.642147 7f5f297ec700         Options.memtable_factory: SkipListFactory
2019/03/10-05:54:26.642148 7f5f297ec700            Options.table_factory: BlockBasedTable
2019/03/10-05:54:26.642174 7f5f297ec700            table_factory options:   flush_block_policy_factory: FlushBlockBySizePolicyFactory (0x7f5e703ab6a0)
  cache_index_and_filter_blocks: 0
  cache_index_and_filter_blocks_with_high_priority: 0
  pin_l0_filter_and_index_blocks_in_cache: 0
  index_type: 0
  hash_index_allow_collision: 1
  checksum: 1
  no_block_cache: 0
  block_cache: 0x7f5e703b2fb0
  block_cache_name: LRUCache
  block_cache_options:
    capacity : 8388608
    num_shard_bits : 4
    strict_capacity_limit : 0
    high_pri_pool_ratio: 0.000
  block_cache_compressed: (nil)
  persistent_cache: (nil)
  block_size: 8192
  block_size_deviation: 10
  block_restart_interval: 16
  index_block_restart_interval: 1
  metadata_block_size: 4096
  partition_filters: 0
  use_delta_encoding: 1
  filter_policy: nullptr
  whole_key_filtering: 1
  verify_compression: 0
  read_amp_bytes_per_bit: 0
  format_version: 2
  enable_index_compression: 1
  block_align: 0
2019/03/10-05:54:26.642177 7f5f297ec700        Options.write_buffer_size: 134217728
2019/03/10-05:54:26.642178 7f5f297ec700  Options.max_write_buffer_number: 24
2019/03/10-05:54:26.642179 7f5f297ec700        Options.compression[0]: NoCompression
2019/03/10-05:54:26.642181 7f5f297ec700        Options.compression[1]: NoCompression
2019/03/10-05:54:26.642182 7f5f297ec700        Options.compression[2]: LZ4
2019/03/10-05:54:26.642183 7f5f297ec700        Options.compression[3]: LZ4
2019/03/10-05:54:26.642184 7f5f297ec700        Options.compression[4]: LZ4
2019/03/10-05:54:26.642185 7f5f297ec700        Options.compression[5]: LZ4
2019/03/10-05:54:26.642186 7f5f297ec700        Options.compression[6]: LZ4
2019/03/10-05:54:26.642187 7f5f297ec700                  Options.bottommost_compression: Disabled
2019/03/10-05:54:26.642188 7f5f297ec700       Options.prefix_extractor: nullptr
2019/03/10-05:54:26.642189 7f5f297ec700   Options.memtable_insert_with_hint_prefix_extractor: nullptr
2019/03/10-05:54:26.642190 7f5f297ec700             Options.num_levels: 7
2019/03/10-05:54:26.642191 7f5f297ec700        Options.min_write_buffer_number_to_merge: 2
2019/03/10-05:54:26.642192 7f5f297ec700     Options.max_write_buffer_number_to_maintain: 0
2019/03/10-05:54:26.642192 7f5f297ec700            Options.compression_opts.window_bits: -14
2019/03/10-05:54:26.642194 7f5f297ec700                  Options.compression_opts.level: -1
2019/03/10-05:54:26.642194 7f5f297ec700               Options.compression_opts.strategy: 0
2019/03/10-05:54:26.642195 7f5f297ec700         Options.compression_opts.max_dict_bytes: 0
2019/03/10-05:54:26.642196 7f5f297ec700         Options.compression_opts.zstd_max_train_bytes: 0
2019/03/10-05:54:26.642197 7f5f297ec700      Options.level0_file_num_compaction_trigger: 2
2019/03/10-05:54:26.642198 7f5f297ec700          Options.level0_slowdown_writes_trigger: 20
2019/03/10-05:54:26.642199 7f5f297ec700              Options.level0_stop_writes_trigger: 36
2019/03/10-05:54:26.642200 7f5f297ec700                   Options.target_file_size_base: 67108864
2019/03/10-05:54:26.642201 7f5f297ec700             Options.target_file_size_multiplier: 1
2019/03/10-05:54:26.642202 7f5f297ec700                Options.max_bytes_for_level_base: 536870912
2019/03/10-05:54:26.642203 7f5f297ec700 Options.level_compaction_dynamic_level_bytes: 0
2019/03/10-05:54:26.642204 7f5f297ec700          Options.max_bytes_for_level_multiplier: 10.000000
2019/03/10-05:54:26.642206 7f5f297ec700 Options.max_bytes_for_level_multiplier_addtl[0]: 1
2019/03/10-05:54:26.642222 7f5f297ec700 Options.max_bytes_for_level_multiplier_addtl[1]: 1
2019/03/10-05:54:26.642223 7f5f297ec700 Options.max_bytes_for_level_multiplier_addtl[2]: 1
2019/03/10-05:54:26.642224 7f5f297ec700 Options.max_bytes_for_level_multiplier_addtl[3]: 1
2019/03/10-05:54:26.642225 7f5f297ec700 Options.max_bytes_for_level_multiplier_addtl[4]: 1
2019/03/10-05:54:26.642226 7f5f297ec700 Options.max_bytes_for_level_multiplier_addtl[5]: 1
2019/03/10-05:54:26.642227 7f5f297ec700 Options.max_bytes_for_level_multiplier_addtl[6]: 1
2019/03/10-05:54:26.642228 7f5f297ec700       Options.max_sequential_skip_in_iterations: 8
2019/03/10-05:54:26.642229 7f5f297ec700                    Options.max_compaction_bytes: 1677721600
2019/03/10-05:54:26.642230 7f5f297ec700                        Options.arena_block_size: 16777216
2019/03/10-05:54:26.642231 7f5f297ec700   Options.soft_pending_compaction_bytes_limit: 68719476736
2019/03/10-05:54:26.642232 7f5f297ec700   Options.hard_pending_compaction_bytes_limit: 274877906944
2019/03/10-05:54:26.642233 7f5f297ec700       Options.rate_limit_delay_max_milliseconds: 100
2019/03/10-05:54:26.642234 7f5f297ec700                Options.disable_auto_compactions: 0
2019/03/10-05:54:26.642235 7f5f297ec700                        Options.compaction_style: kCompactionStyleLevel
2019/03/10-05:54:26.642237 7f5f297ec700                          Options.compaction_pri: kByCompensatedSize
2019/03/10-05:54:26.642238 7f5f297ec700 Options.compaction_options_universal.size_ratio: 1
2019/03/10-05:54:26.642239 7f5f297ec700 Options.compaction_options_universal.min_merge_width: 2
2019/03/10-05:54:26.642240 7f5f297ec700 Options.compaction_options_universal.max_merge_width: 4294967295
2019/03/10-05:54:26.642241 7f5f297ec700 Options.compaction_options_universal.max_size_amplification_percent: 200
2019/03/10-05:54:26.642242 7f5f297ec700 Options.compaction_options_universal.compression_size_percent: -1
2019/03/10-05:54:26.642243 7f5f297ec700 Options.compaction_options_universal.stop_style: kCompactionStopStyleTotalSize
2019/03/10-05:54:26.642244 7f5f297ec700 Options.compaction_options_fifo.max_table_files_size: 1073741824
2019/03/10-05:54:26.642245 7f5f297ec700 Options.compaction_options_fifo.allow_compaction: 0
2019/03/10-05:54:26.642246 7f5f297ec700 Options.compaction_options_fifo.ttl: 0
2019/03/10-05:54:26.642247 7f5f297ec700                   Options.table_properties_collectors: 
2019/03/10-05:54:26.642248 7f5f297ec700                   Options.inplace_update_support: 0
2019/03/10-05:54:26.642249 7f5f297ec700                 Options.inplace_update_num_locks: 10000
2019/03/10-05:54:26.642250 7f5f297ec700               Options.memtable_prefix_bloom_size_ratio: 0.000000
2019/03/10-05:54:26.642252 7f5f297ec700   Options.memtable_huge_page_size: 0
2019/03/10-05:54:26.642253 7f5f297ec700                           Options.bloom_locality: 0
2019/03/10-05:54:26.642254 7f5f297ec700                    Options.max_successive_merges: 0
2019/03/10-05:54:26.642255 7f5f297ec700                Options.optimize_filters_for_hits: 0
2019/03/10-05:54:26.642255 7f5f297ec700                Options.paranoid_file_checks: 0
2019/03/10-05:54:26.642256 7f5f297ec700                Options.force_consistency_checks: 0
2019/03/10-05:54:26.642257 7f5f297ec700                Options.report_bg_io_stats: 0
2019/03/10-05:54:26.642258 7f5f297ec700                               Options.ttl: 0
2019/03/10-05:54:26.642302 7f5f297ec700 [db/db_impl.cc:1396] Created column family [usertable] (ID 1)
2019/03/10-05:54:26.856400 7f5f297ec700 [db/db_impl_open.cc:1219] DB pointer 0x7f5e703b7c60
2019/03/10-05:54:35.825741 7f5f207fd700 [db/db_impl_write.cc:1373] [usertable] New memtable created with log file: #9. Immutable memtables: 0.
2019/03/10-05:54:44.545107 7f5f297ec700 [db/db_impl_write.cc:1373] [usertable] New memtable created with log file: #10. Immutable memtables: 1.
2019/03/10-05:54:44.545262 7f5dbaffd700 [db/db_impl_compaction_flush.cc:80] [JOB 2] Syncing log #3
2019/03/10-05:54:44.804012 7f5dbaffd700 [db/db_impl_compaction_flush.cc:80] [JOB 2] Syncing log #9
2019/03/10-05:54:45.654864 7f5dbaffd700 (Original Log Time 2019/03/10-05:54:44.545220) [db/db_impl_compaction_flush.cc:1424] Calling FlushMemTableToOutputFile with column family [usertable], flush slots available 24, compaction slots available 1, flush slots scheduled 1, compaction slots scheduled 0
2019/03/10-05:54:45.654882 7f5dbaffd700 [db/flush_job.cc:301] [usertable] [JOB 2] Flushing memtable with next log file: 9
2019/03/10-05:54:45.654894 7f5dbaffd700 [db/flush_job.cc:301] [usertable] [JOB 2] Flushing memtable with next log file: 10
2019/03/10-05:54:45.654942 7f5dbaffd700 EVENT_LOG_v1 {"time_micros": 1552222485654927, "job": 2, "event": "flush_started", "num_memtables": 2, "num_entries": 61901, "num_deletes": 0, "memory_usage": 256602568, "flush_reason": "Write Buffer Full"}
2019/03/10-05:54:45.654952 7f5dbaffd700 [db/flush_job.cc:331] [usertable] [JOB 2] Level-0 flush table #11: started
2019/03/10-05:54:48.003706 7f5dbaffd700 EVENT_LOG_v1 {"time_micros": 1552222488003677, "cf_name": "usertable", "job": 2, "event": "table_file_creation", "file_number": 11, "file_size": 256356811, "table_properties": {"data_size": 255217837, "index_size": 1138047, "filter_size": 0, "raw_key_size": 1485624, "raw_average_key_size": 24, "raw_value_size": 253546496, "raw_average_value_size": 4096, "num_data_blocks": 30951, "num_entries": 61901, "filter_policy_name": "", "kDeletedKeys": "0", "kMergeOperands": "0"}}
2019/03/10-05:54:48.003736 7f5dbaffd700 [db/flush_job.cc:371] [usertable] [JOB 2] Level-0 flush table #11: 256356811 bytes OK
2019/03/10-05:54:48.094009 7f5dbaffd700 (Original Log Time 2019/03/10-05:54:48.003754) [db/memtable_list.cc:377] [usertable] Level-0 commit table #11 started
2019/03/10-05:54:48.094015 7f5dbaffd700 (Original Log Time 2019/03/10-05:54:48.093907) [db/memtable_list.cc:409] [usertable] Level-0 commit table #11: memtable #1 done
2019/03/10-05:54:48.094018 7f5dbaffd700 (Original Log Time 2019/03/10-05:54:48.093918) [db/memtable_list.cc:409] [usertable] Level-0 commit table #11: memtable #2 done
2019/03/10-05:54:48.094022 7f5dbaffd700 (Original Log Time 2019/03/10-05:54:48.093946) EVENT_LOG_v1 {"time_micros": 1552222488093938, "job": 2, "event": "flush_finished", "output_compression": "NoCompression", "lsm_state": [1, 0, 0, 0, 0, 0, 0], "immutable_memtables": 0}
2019/03/10-05:54:48.094025 7f5dbaffd700 (Original Log Time 2019/03/10-05:54:48.093978) [db/db_impl_compaction_flush.cc:177] [usertable] Level summary: base level 1 max bytes base 536870912 files[1 0 0 0 0 0 0] max score 0.50
2019/03/10-05:54:48.094040 7f5dbaffd700 [db/db_impl_files.cc:347] [JOB 2] Try to delete WAL files size 255584549, prev total WAL file size 306849337, number of live WAL files 3.
2019/03/10-05:54:52.869785 7f5f205fb700 [db/db_impl_write.cc:1373] [usertable] New memtable created with log file: #12. Immutable memtables: 0.
2019/03/10-05:55:01.574693 7f5f203f9700 [db/db_impl_write.cc:1373] [usertable] New memtable created with log file: #13. Immutable memtables: 1.
2019/03/10-05:55:01.574848 7f5e477fe700 [db/db_impl_compaction_flush.cc:80] [JOB 3] Syncing log #10
2019/03/10-05:55:02.058965 7f5e477fe700 [db/db_impl_compaction_flush.cc:80] [JOB 3] Syncing log #12
2019/03/10-05:55:02.562572 7f5e477fe700 (Original Log Time 2019/03/10-05:55:01.574823) [db/db_impl_compaction_flush.cc:1424] Calling FlushMemTableToOutputFile with column family [usertable], flush slots available 24, compaction slots available 1, flush slots scheduled 1, compaction slots scheduled 0
2019/03/10-05:55:02.562590 7f5e477fe700 [db/flush_job.cc:301] [usertable] [JOB 3] Flushing memtable with next log file: 12
2019/03/10-05:55:02.562600 7f5e477fe700 [db/flush_job.cc:301] [usertable] [JOB 3] Flushing memtable with next log file: 13
2019/03/10-05:55:02.562630 7f5e477fe700 EVENT_LOG_v1 {"time_micros": 1552222502562622, "job": 3, "event": "flush_started", "num_memtables": 2, "num_entries": 59598, "num_deletes": 0, "memory_usage": 247006264, "flush_reason": "Write Buffer Full"}
2019/03/10-05:55:02.562636 7f5e477fe700 [db/flush_job.cc:331] [usertable] [JOB 3] Level-0 flush table #14: started
2019/03/10-05:55:03.445645 7f5e477fe700 EVENT_LOG_v1 {"time_micros": 1552222503445621, "cf_name": "usertable", "job": 3, "event": "table_file_creation", "file_number": 14, "file_size": 246832401, "table_properties": {"data_size": 245729175, "index_size": 1102299, "filter_size": 0, "raw_key_size": 1430352, "raw_average_key_size": 24, "raw_value_size": 244113408, "raw_average_value_size": 4096, "num_data_blocks": 29799, "num_entries": 59598, "filter_policy_name": "", "kDeletedKeys": "0", "kMergeOperands": "0"}}
2019/03/10-05:55:03.445665 7f5e477fe700 [db/flush_job.cc:371] [usertable] [JOB 3] Level-0 flush table #14: 246832401 bytes OK
2019/03/10-05:55:03.473990 7f5e477fe700 (Original Log Time 2019/03/10-05:55:03.445679) [db/memtable_list.cc:377] [usertable] Level-0 commit table #14 started
2019/03/10-05:55:03.473993 7f5e477fe700 (Original Log Time 2019/03/10-05:55:03.473919) [db/memtable_list.cc:409] [usertable] Level-0 commit table #14: memtable #1 done
2019/03/10-05:55:03.473995 7f5e477fe700 (Original Log Time 2019/03/10-05:55:03.473921) [db/memtable_list.cc:409] [usertable] Level-0 commit table #14: memtable #2 done
2019/03/10-05:55:03.473996 7f5e477fe700 (Original Log Time 2019/03/10-05:55:03.473934) EVENT_LOG_v1 {"time_micros": 1552222503473928, "job": 3, "event": "flush_finished", "output_compression": "NoCompression", "lsm_state": [2, 0, 0, 0, 0, 0, 0], "immutable_memtables": 0}
2019/03/10-05:55:03.473998 7f5e477fe700 (Original Log Time 2019/03/10-05:55:03.473971) [db/db_impl_compaction_flush.cc:177] [usertable] Level summary: base level 1 max bytes base 536870912 files[2 0 0 0 0 0 0] max score 1.00
2019/03/10-05:55:03.474007 7f5e477fe700 [db/db_impl_files.cc:347] [JOB 3] Try to delete WAL files size 246074298, prev total WAL file size 273552157, number of live WAL files 3.
2019/03/10-05:55:03.474213 7f5f20ffe700 [WARN] [db/db_impl.cc:491] ------- DUMPING STATS -------
2019/03/10-05:55:03.474254 7f5f20ffe700 [WARN] [db/db_impl.cc:492] 
** DB Stats **
Uptime(secs): 36.9 total, 36.9 interval
Cumulative writes: 128K writes, 128K keys, 127K commit groups, 1.0 writes per commit group, ingest: 0.49 GB, 13.68 MB/s
Cumulative WAL: 128K writes, 0 syncs, 128154.00 writes per sync, written: 0.49 GB, 13.68 MB/s
Cumulative stall: 00:00:0.000 H:M:S, 0.0 percent
Interval writes: 128K writes, 128K keys, 127K commit groups, 1.0 writes per commit group, ingest: 504.62 MB, 13.68 MB/s
Interval WAL: 128K writes, 0 syncs, 128154.00 writes per sync, written: 0.49 MB, 13.68 MB/s
Interval stall: 00:00:0.000 H:M:S, 0.0 percent

** Compaction Stats [default] **
Level    Files   Size     Score Read(GB)  Rn(GB) Rnp1(GB) Write(GB) Wnew(GB) Moved(GB) W-Amp Rd(MB/s) Wr(MB/s) Comp(sec) Comp(cnt) Avg(sec) KeyIn KeyDrop
----------------------------------------------------------------------------------------------------------------------------------------------------------
 Sum      0/0    0.00 KB   0.0      0.0     0.0      0.0       0.0      0.0       0.0   0.0      0.0      0.0         0         0    0.000       0      0
 Int      0/0    0.00 KB   0.0      0.0     0.0      0.0       0.0      0.0       0.0   0.0      0.0      0.0         0         0    0.000       0      0
Uptime(secs): 36.9 total, 36.9 interval
Flush(GB): cumulative 0.000, interval 0.000
AddFile(GB): cumulative 0.000, interval 0.000
AddFile(Total Files): cumulative 0, interval 0
AddFile(L0 Files): cumulative 0, interval 0
AddFile(Keys): cumulative 0, interval 0
Cumulative compaction: 0.00 GB write, 0.00 MB/s write, 0.00 GB read, 0.00 MB/s read, 0.0 seconds
Interval compaction: 0.00 GB write, 0.00 MB/s write, 0.00 GB read, 0.00 MB/s read, 0.0 seconds
Stalls(count): 0 level0_slowdown, 0 level0_slowdown_with_compaction, 0 level0_numfiles, 0 level0_numfiles_with_compaction, 0 stop for pending_compaction_bytes, 0 slowdown for pending_compaction_bytes, 0 memtable_compaction, 0 memtable_slowdown, interval 0 total count

** File Read Latency Histogram By Level [default] **

** Compaction Stats [usertable] **
Level    Files   Size     Score Read(GB)  Rn(GB) Rnp1(GB) Write(GB) Wnew(GB) Moved(GB) W-Amp Rd(MB/s) Wr(MB/s) Comp(sec) Comp(cnt) Avg(sec) KeyIn KeyDrop
----------------------------------------------------------------------------------------------------------------------------------------------------------
  L0      2/0   479.88 MB   1.0      0.0     0.0      0.0       0.5      0.5       0.0   1.0      0.0    148.5         3         2    1.616       0      0
 Sum      2/0   479.88 MB   0.0      0.0     0.0      0.0       0.5      0.5       0.0   1.0      0.0    148.5         3         2    1.616       0      0
 Int      0/0    0.00 KB   0.0      0.0     0.0      0.0       0.5      0.5       0.0   1.0      0.0    148.5         3         2    1.616       0      0
Uptime(secs): 36.8 total, 36.8 interval
Flush(GB): cumulative 0.469, interval 0.469
AddFile(GB): cumulative 0.000, interval 0.000
AddFile(Total Files): cumulative 0, interval 0
AddFile(L0 Files): cumulative 0, interval 0
AddFile(Keys): cumulative 0, interval 0
Cumulative compaction: 0.47 GB write, 13.03 MB/s write, 0.00 GB read, 0.00 MB/s read, 3.2 seconds
Interval compaction: 0.47 GB write, 13.03 MB/s write, 0.00 GB read, 0.00 MB/s read, 3.2 seconds
Stalls(count): 0 level0_slowdown, 0 level0_slowdown_with_compaction, 0 level0_numfiles, 0 level0_numfiles_with_compaction, 0 stop for pending_compaction_bytes, 0 slowdown for pending_compaction_bytes, 0 memtable_compaction, 0 memtable_slowdown, interval 0 total count

** File Read Latency Histogram By Level [usertable] **

** Compaction Stats [default] **
Level    Files   Size     Score Read(GB)  Rn(GB) Rnp1(GB) Write(GB) Wnew(GB) Moved(GB) W-Amp Rd(MB/s) Wr(MB/s) Comp(sec) Comp(cnt) Avg(sec) KeyIn KeyDrop
----------------------------------------------------------------------------------------------------------------------------------------------------------
 Sum      0/0    0.00 KB   0.0      0.0     0.0      0.0       0.0      0.0       0.0   0.0      0.0      0.0         0         0    0.000       0      0
 Int      0/0    0.00 KB   0.0      0.0     0.0      0.0       0.0      0.0       0.0   0.0      0.0      0.0         0         0    0.000       0      0
Uptime(secs): 36.9 total, 0.0 interval
Flush(GB): cumulative 0.000, interval 0.000
AddFile(GB): cumulative 0.000, interval 0.000
AddFile(Total Files): cumulative 0, interval 0
AddFile(L0 Files): cumulative 0, interval 0
AddFile(Keys): cumulative 0, interval 0
Cumulative compaction: 0.00 GB write, 0.00 MB/s write, 0.00 GB read, 0.00 MB/s read, 0.0 seconds
Interval compaction: 0.00 GB write, 0.00 MB/s write, 0.00 GB read, 0.00 MB/s read, 0.0 seconds
Stalls(count): 0 level0_slowdown, 0 level0_slowdown_with_compaction, 0 level0_numfiles, 0 level0_numfiles_with_compaction, 0 stop for pending_compaction_bytes, 0 slowdown for pending_compaction_bytes, 0 memtable_compaction, 0 memtable_slowdown, interval 0 total count

** File Read Latency Histogram By Level [default] **

** Compaction Stats [usertable] **
Level    Files   Size     Score Read(GB)  Rn(GB) Rnp1(GB) Write(GB) Wnew(GB) Moved(GB) W-Amp Rd(MB/s) Wr(MB/s) Comp(sec) Comp(cnt) Avg(sec) KeyIn KeyDrop
----------------------------------------------------------------------------------------------------------------------------------------------------------
  L0      2/0   479.88 MB   1.0      0.0     0.0      0.0       0.5      0.5       0.0   1.0      0.0    148.5         3         2    1.616       0      0
 Sum      2/0   479.88 MB   0.0      0.0     0.0      0.0       0.5      0.5       0.0   1.0      0.0    148.5         3         2    1.616       0      0
 Int      0/0    0.00 KB   0.0      0.0     0.0      0.0       0.0      0.0       0.0   0.0      0.0      0.0         0         0    0.000       0      0
Uptime(secs): 36.8 total, 0.0 interval
Flush(GB): cumulative 0.469, interval 0.000
AddFile(GB): cumulative 0.000, interval 0.000
AddFile(Total Files): cumulative 0, interval 0
AddFile(L0 Files): cumulative 0, interval 0
AddFile(Keys): cumulative 0, interval 0
Cumulative compaction: 0.47 GB write, 13.03 MB/s write, 0.00 GB read, 0.00 MB/s read, 3.2 seconds
Interval compaction: 0.00 GB write, 0.00 MB/s write, 0.00 GB read, 0.00 MB/s read, 0.0 seconds
Stalls(count): 0 level0_slowdown, 0 level0_slowdown_with_compaction, 0 level0_numfiles, 0 level0_numfiles_with_compaction, 0 stop for pending_compaction_bytes, 0 slowdown for pending_compaction_bytes, 0 memtable_compaction, 0 memtable_slowdown, interval 0 total count

** File Read Latency Histogram By Level [usertable] **
2019/03/10-05:55:03.502774 7f5f20ffe700 (Original Log Time 2019/03/10-05:55:03.474337) [db/db_impl_compaction_flush.cc:1835] [usertable] Moving #11 to level-1 256356811 bytes
2019/03/10-05:55:03.502778 7f5f20ffe700 (Original Log Time 2019/03/10-05:55:03.502730) EVENT_LOG_v1 {"time_micros": 1552222503502720, "job": 4, "event": "trivial_move", "destination_level": 1, "files": 1, "total_files_size": 256356811}
2019/03/10-05:55:03.502780 7f5f20ffe700 (Original Log Time 2019/03/10-05:55:03.502743) [db/db_impl_compaction_flush.cc:1864] [usertable] Moved #1 files to level-1 256356811 bytes OK: base level 1 max bytes base 536870912 files[1 1 0 0 0 0 0] max score 0.50
2019/03/10-05:55:10.378355 7f5f282ea700 [db/db_impl_write.cc:1373] [usertable] New memtable created with log file: #15. Immutable memtables: 0.
2019/03/10-05:55:18.677896 7f5f107f8700 [db/db_impl_write.cc:1373] [usertable] New memtable created with log file: #16. Immutable memtables: 1.
2019/03/10-05:55:18.678023 7f5e46ffd700 [db/db_impl_compaction_flush.cc:80] [JOB 5] Syncing log #13
2019/03/10-05:55:19.171587 7f5e46ffd700 [db/db_impl_compaction_flush.cc:80] [JOB 5] Syncing log #15
2019/03/10-05:55:19.648455 7f5e46ffd700 (Original Log Time 2019/03/10-05:55:18.678006) [db/db_impl_compaction_flush.cc:1424] Calling FlushMemTableToOutputFile with column family [usertable], flush slots available 24, compaction slots available 1, flush slots scheduled 1, compaction slots scheduled 0
2019/03/10-05:55:19.648472 7f5e46ffd700 [db/flush_job.cc:301] [usertable] [JOB 5] Flushing memtable with next log file: 15
2019/03/10-05:55:19.648479 7f5e46ffd700 [db/flush_job.cc:301] [usertable] [JOB 5] Flushing memtable with next log file: 16
2019/03/10-05:55:19.648520 7f5e46ffd700 EVENT_LOG_v1 {"time_micros": 1552222519648512, "job": 5, "event": "flush_started", "num_memtables": 2, "num_entries": 59861, "num_deletes": 0, "memory_usage": 252227736, "flush_reason": "Write Buffer Full"}
2019/03/10-05:55:19.648527 7f5e46ffd700 [db/flush_job.cc:331] [usertable] [JOB 5] Level-0 flush table #17: started
2019/03/10-05:55:21.202875 7f5e46ffd700 EVENT_LOG_v1 {"time_micros": 1552222521202849, "cf_name": "usertable", "job": 5, "event": "table_file_creation", "file_number": 17, "file_size": 247921678, "table_properties": {"data_size": 246813568, "index_size": 1107183, "filter_size": 0, "raw_key_size": 1436664, "raw_average_key_size": 24, "raw_value_size": 245190656, "raw_average_value_size": 4096, "num_data_blocks": 29931, "num_entries": 59861, "filter_policy_name": "", "kDeletedKeys": "0", "kMergeOperands": "0"}}
2019/03/10-05:55:21.202900 7f5e46ffd700 [db/flush_job.cc:371] [usertable] [JOB 5] Level-0 flush table #17: 247921678 bytes OK
2019/03/10-05:55:21.263251 7f5e46ffd700 (Original Log Time 2019/03/10-05:55:21.202917) [db/memtable_list.cc:377] [usertable] Level-0 commit table #17 started
2019/03/10-05:55:21.263256 7f5e46ffd700 (Original Log Time 2019/03/10-05:55:21.263175) [db/memtable_list.cc:409] [usertable] Level-0 commit table #17: memtable #1 done
2019/03/10-05:55:21.263259 7f5e46ffd700 (Original Log Time 2019/03/10-05:55:21.263178) [db/memtable_list.cc:409] [usertable] Level-0 commit table #17: memtable #2 done
2019/03/10-05:55:21.263262 7f5e46ffd700 (Original Log Time 2019/03/10-05:55:21.263192) EVENT_LOG_v1 {"time_micros": 1552222521263185, "job": 5, "event": "flush_finished", "output_compression": "NoCompression", "lsm_state": [2, 1, 0, 0, 0, 0, 0], "immutable_memtables": 0}
2019/03/10-05:55:21.263265 7f5e46ffd700 (Original Log Time 2019/03/10-05:55:21.263234) [db/db_impl_compaction_flush.cc:177] [usertable] Level summary: base level 1 max bytes base 536870912 files[2 1 0 0 0 0 0] max score 1.00
