2018/12/19-07:03:59.081181 7f00e82db700 RocksDB version: 5.14.3
2018/12/19-07:03:59.081251 7f00e82db700 Git sha rocksdb_build_git_sha:
2018/12/19-07:03:59.081254 7f00e82db700 Compile date Dec 16 2018
2018/12/19-07:03:59.081259 7f00e82db700 DB SUMMARY
2018/12/19-07:03:59.081282 7f00e82db700 SST files in /mnt/sdc/ycsb-rocksdb-data dir, Total Num: 0, files: 
2018/12/19-07:03:59.081285 7f00e82db700 Write Ahead Log file in /mnt/sdc/ycsb-rocksdb-data: 
2018/12/19-07:03:59.081288 7f00e82db700                         Options.error_if_exists: 0
2018/12/19-07:03:59.081289 7f00e82db700                       Options.create_if_missing: 1
2018/12/19-07:03:59.081290 7f00e82db700                         Options.paranoid_checks: 1
2018/12/19-07:03:59.081291 7f00e82db700                                     Options.env: 0x7f00e17502c0
2018/12/19-07:03:59.081293 7f00e82db700                                Options.info_log: 0x7f00203b8d40
2018/12/19-07:03:59.081294 7f00e82db700                Options.max_file_opening_threads: 16
2018/12/19-07:03:59.081295 7f00e82db700                              Options.statistics: (nil)
2018/12/19-07:03:59.081296 7f00e82db700                               Options.use_fsync: 0
2018/12/19-07:03:59.081298 7f00e82db700                       Options.max_log_file_size: 0
2018/12/19-07:03:59.081299 7f00e82db700                  Options.max_manifest_file_size: 18446744073709551615
2018/12/19-07:03:59.081300 7f00e82db700                   Options.log_file_time_to_roll: 0
2018/12/19-07:03:59.081301 7f00e82db700                       Options.keep_log_file_num: 1000
2018/12/19-07:03:59.081302 7f00e82db700                    Options.recycle_log_file_num: 0
2018/12/19-07:03:59.081303 7f00e82db700                         Options.allow_fallocate: 1
2018/12/19-07:03:59.081305 7f00e82db700                        Options.allow_mmap_reads: 0
2018/12/19-07:03:59.081306 7f00e82db700                       Options.allow_mmap_writes: 0
2018/12/19-07:03:59.081307 7f00e82db700                        Options.use_direct_reads: 0
2018/12/19-07:03:59.081308 7f00e82db700                        Options.use_direct_io_for_flush_and_compaction: 0
2018/12/19-07:03:59.081309 7f00e82db700          Options.create_missing_column_families: 1
2018/12/19-07:03:59.081310 7f00e82db700                              Options.db_log_dir: 
2018/12/19-07:03:59.081311 7f00e82db700                                 Options.wal_dir: /mnt/sdc/ycsb-rocksdb-data
2018/12/19-07:03:59.081313 7f00e82db700                Options.table_cache_numshardbits: 6
2018/12/19-07:03:59.081314 7f00e82db700                      Options.max_subcompactions: 4
2018/12/19-07:03:59.081315 7f00e82db700                  Options.max_background_flushes: 24
2018/12/19-07:03:59.081316 7f00e82db700                         Options.WAL_ttl_seconds: 0
2018/12/19-07:03:59.081317 7f00e82db700                       Options.WAL_size_limit_MB: 0
2018/12/19-07:03:59.081318 7f00e82db700             Options.manifest_preallocation_size: 4194304
2018/12/19-07:03:59.081319 7f00e82db700                     Options.is_fd_close_on_exec: 1
2018/12/19-07:03:59.081320 7f00e82db700                   Options.advise_random_on_open: 1
2018/12/19-07:03:59.081322 7f00e82db700                    Options.db_write_buffer_size: 0
2018/12/19-07:03:59.081323 7f00e82db700                    Options.write_buffer_manager: 0x7f00203b3640
2018/12/19-07:03:59.081324 7f00e82db700         Options.access_hint_on_compaction_start: 1
2018/12/19-07:03:59.081325 7f00e82db700  Options.new_table_reader_for_compaction_inputs: 0
2018/12/19-07:03:59.081327 7f00e82db700           Options.random_access_max_buffer_size: 1048576
2018/12/19-07:03:59.081328 7f00e82db700                      Options.use_adaptive_mutex: 0
2018/12/19-07:03:59.081329 7f00e82db700                            Options.rate_limiter: (nil)
2018/12/19-07:03:59.081331 7f00e82db700     Options.sst_file_manager.rate_bytes_per_sec: 0
2018/12/19-07:03:59.081333 7f00e82db700                       Options.wal_recovery_mode: 2
2018/12/19-07:03:59.081334 7f00e82db700                  Options.enable_thread_tracking: 0
2018/12/19-07:03:59.081335 7f00e82db700                  Options.enable_pipelined_write: 1
2018/12/19-07:03:59.081345 7f00e82db700         Options.allow_concurrent_memtable_write: 1
2018/12/19-07:03:59.081346 7f00e82db700      Options.enable_write_thread_adaptive_yield: 1
2018/12/19-07:03:59.081348 7f00e82db700             Options.write_thread_max_yield_usec: 100
2018/12/19-07:03:59.081349 7f00e82db700            Options.write_thread_slow_yield_usec: 3
2018/12/19-07:03:59.081350 7f00e82db700                               Options.row_cache: None
2018/12/19-07:03:59.081351 7f00e82db700                              Options.wal_filter: None
2018/12/19-07:03:59.081352 7f00e82db700             Options.avoid_flush_during_recovery: 0
2018/12/19-07:03:59.081353 7f00e82db700             Options.allow_ingest_behind: 0
2018/12/19-07:03:59.081355 7f00e82db700             Options.preserve_deletes: 0
2018/12/19-07:03:59.081356 7f00e82db700             Options.two_write_queues: 0
2018/12/19-07:03:59.081357 7f00e82db700             Options.manual_wal_flush: 0
2018/12/19-07:03:59.081359 7f00e82db700             Options.max_background_jobs: 24
2018/12/19-07:03:59.081361 7f00e82db700             Options.max_background_compactions: 24
2018/12/19-07:03:59.081362 7f00e82db700             Options.avoid_flush_during_shutdown: 0
2018/12/19-07:03:59.081363 7f00e82db700           Options.writable_file_max_buffer_size: 1048576
2018/12/19-07:03:59.081364 7f00e82db700             Options.delayed_write_rate : 16777216
2018/12/19-07:03:59.081365 7f00e82db700             Options.max_total_wal_size: 0
2018/12/19-07:03:59.081367 7f00e82db700             Options.delete_obsolete_files_period_micros: 21600000000
2018/12/19-07:03:59.081369 7f00e82db700                   Options.stats_dump_period_sec: 60
2018/12/19-07:03:59.081371 7f00e82db700                          Options.max_open_files: -1
2018/12/19-07:03:59.081373 7f00e82db700                          Options.bytes_per_sync: 1048576
2018/12/19-07:03:59.081375 7f00e82db700                      Options.wal_bytes_per_sync: 0
2018/12/19-07:03:59.081377 7f00e82db700       Options.compaction_readahead_size: 0
2018/12/19-07:03:59.081379 7f00e82db700 Compression algorithms supported:
2018/12/19-07:03:59.081381 7f00e82db700 	kZSTDNotFinalCompression supported: 1
2018/12/19-07:03:59.081392 7f00e82db700 	kZSTD supported: 1
2018/12/19-07:03:59.081394 7f00e82db700 	kXpressCompression supported: 0
2018/12/19-07:03:59.081395 7f00e82db700 	kLZ4HCCompression supported: 1
2018/12/19-07:03:59.081396 7f00e82db700 	kLZ4Compression supported: 1
2018/12/19-07:03:59.081398 7f00e82db700 	kBZip2Compression supported: 1
2018/12/19-07:03:59.081399 7f00e82db700 	kZlibCompression supported: 1
2018/12/19-07:03:59.081400 7f00e82db700 	kSnappyCompression supported: 1
2018/12/19-07:03:59.081405 7f00e82db700 Fast CRC32 supported: Supported on x86
2018/12/19-07:03:59.081490 7f00e82db700 [db/db_impl_open.cc:222] Creating manifest 1 
2018/12/19-07:03:59.184420 7f00e82db700 [db/version_set.cc:3085] Recovering from manifest file: MANIFEST-000001
2018/12/19-07:03:59.184539 7f00e82db700 [db/column_family.cc:475] --------------- Options for column family [default]:
2018/12/19-07:03:59.184544 7f00e82db700               Options.comparator: leveldb.BytewiseComparator
2018/12/19-07:03:59.184545 7f00e82db700           Options.merge_operator: None
2018/12/19-07:03:59.184547 7f00e82db700        Options.compaction_filter: None
2018/12/19-07:03:59.184548 7f00e82db700        Options.compaction_filter_factory: None
2018/12/19-07:03:59.184549 7f00e82db700         Options.memtable_factory: SkipListFactory
2018/12/19-07:03:59.184551 7f00e82db700            Options.table_factory: BlockBasedTable
2018/12/19-07:03:59.184580 7f00e82db700            table_factory options:   flush_block_policy_factory: FlushBlockBySizePolicyFactory (0x7f002037a8e0)
  cache_index_and_filter_blocks: 0
  cache_index_and_filter_blocks_with_high_priority: 0
  pin_l0_filter_and_index_blocks_in_cache: 0
  index_type: 0
  hash_index_allow_collision: 1
  checksum: 1
  no_block_cache: 0
  block_cache: 0x7f00203863e0
  block_cache_name: LRUCache
  block_cache_options:
    capacity : 8388608
    num_shard_bits : 4
    strict_capacity_limit : 0
    high_pri_pool_ratio: 0.000
  block_cache_compressed: (nil)
  persistent_cache: (nil)
  block_size: 8192
  block_size_deviation: 10
  block_restart_interval: 16
  index_block_restart_interval: 1
  metadata_block_size: 4096
  partition_filters: 0
  use_delta_encoding: 1
  filter_policy: nullptr
  whole_key_filtering: 1
  verify_compression: 0
  read_amp_bytes_per_bit: 0
  format_version: 2
  enable_index_compression: 1
  block_align: 0
2018/12/19-07:03:59.184598 7f00e82db700        Options.write_buffer_size: 134217728
2018/12/19-07:03:59.184600 7f00e82db700  Options.max_write_buffer_number: 24
2018/12/19-07:03:59.184601 7f00e82db700        Options.compression[0]: NoCompression
2018/12/19-07:03:59.184603 7f00e82db700        Options.compression[1]: NoCompression
2018/12/19-07:03:59.184604 7f00e82db700        Options.compression[2]: LZ4
2018/12/19-07:03:59.184605 7f00e82db700        Options.compression[3]: LZ4
2018/12/19-07:03:59.184606 7f00e82db700        Options.compression[4]: LZ4
2018/12/19-07:03:59.184607 7f00e82db700        Options.compression[5]: LZ4
2018/12/19-07:03:59.184608 7f00e82db700        Options.compression[6]: LZ4
2018/12/19-07:03:59.184610 7f00e82db700                  Options.bottommost_compression: Disabled
2018/12/19-07:03:59.184611 7f00e82db700       Options.prefix_extractor: nullptr
2018/12/19-07:03:59.184612 7f00e82db700   Options.memtable_insert_with_hint_prefix_extractor: nullptr
2018/12/19-07:03:59.184613 7f00e82db700             Options.num_levels: 7
2018/12/19-07:03:59.184615 7f00e82db700        Options.min_write_buffer_number_to_merge: 2
2018/12/19-07:03:59.184616 7f00e82db700     Options.max_write_buffer_number_to_maintain: 0
2018/12/19-07:03:59.184617 7f00e82db700            Options.compression_opts.window_bits: -14
2018/12/19-07:03:59.184618 7f00e82db700                  Options.compression_opts.level: -1
2018/12/19-07:03:59.184619 7f00e82db700               Options.compression_opts.strategy: 0
2018/12/19-07:03:59.184620 7f00e82db700         Options.compression_opts.max_dict_bytes: 0
2018/12/19-07:03:59.184621 7f00e82db700         Options.compression_opts.zstd_max_train_bytes: 0
2018/12/19-07:03:59.184623 7f00e82db700      Options.level0_file_num_compaction_trigger: 2
2018/12/19-07:03:59.184624 7f00e82db700          Options.level0_slowdown_writes_trigger: 20
2018/12/19-07:03:59.184625 7f00e82db700              Options.level0_stop_writes_trigger: 36
2018/12/19-07:03:59.184626 7f00e82db700                   Options.target_file_size_base: 67108864
2018/12/19-07:03:59.184627 7f00e82db700             Options.target_file_size_multiplier: 1
2018/12/19-07:03:59.184628 7f00e82db700                Options.max_bytes_for_level_base: 536870912
2018/12/19-07:03:59.184629 7f00e82db700 Options.level_compaction_dynamic_level_bytes: 0
2018/12/19-07:03:59.184630 7f00e82db700          Options.max_bytes_for_level_multiplier: 10.000000
2018/12/19-07:03:59.184633 7f00e82db700 Options.max_bytes_for_level_multiplier_addtl[0]: 1
2018/12/19-07:03:59.184634 7f00e82db700 Options.max_bytes_for_level_multiplier_addtl[1]: 1
2018/12/19-07:03:59.184635 7f00e82db700 Options.max_bytes_for_level_multiplier_addtl[2]: 1
2018/12/19-07:03:59.184637 7f00e82db700 Options.max_bytes_for_level_multiplier_addtl[3]: 1
2018/12/19-07:03:59.184638 7f00e82db700 Options.max_bytes_for_level_multiplier_addtl[4]: 1
2018/12/19-07:03:59.184639 7f00e82db700 Options.max_bytes_for_level_multiplier_addtl[5]: 1
2018/12/19-07:03:59.184640 7f00e82db700 Options.max_bytes_for_level_multiplier_addtl[6]: 1
2018/12/19-07:03:59.184641 7f00e82db700       Options.max_sequential_skip_in_iterations: 8
2018/12/19-07:03:59.184642 7f00e82db700                    Options.max_compaction_bytes: 1677721600
2018/12/19-07:03:59.184643 7f00e82db700                        Options.arena_block_size: 16777216
2018/12/19-07:03:59.184644 7f00e82db700   Options.soft_pending_compaction_bytes_limit: 68719476736
2018/12/19-07:03:59.184646 7f00e82db700   Options.hard_pending_compaction_bytes_limit: 274877906944
2018/12/19-07:03:59.184653 7f00e82db700       Options.rate_limit_delay_max_milliseconds: 100
2018/12/19-07:03:59.184654 7f00e82db700                Options.disable_auto_compactions: 0
2018/12/19-07:03:59.184657 7f00e82db700                        Options.compaction_style: kCompactionStyleLevel
2018/12/19-07:03:59.184658 7f00e82db700                          Options.compaction_pri: kByCompensatedSize
2018/12/19-07:03:59.184660 7f00e82db700 Options.compaction_options_universal.size_ratio: 1
2018/12/19-07:03:59.184661 7f00e82db700 Options.compaction_options_universal.min_merge_width: 2
2018/12/19-07:03:59.184662 7f00e82db700 Options.compaction_options_universal.max_merge_width: 4294967295
2018/12/19-07:03:59.184663 7f00e82db700 Options.compaction_options_universal.max_size_amplification_percent: 200
2018/12/19-07:03:59.184664 7f00e82db700 Options.compaction_options_universal.compression_size_percent: -1
2018/12/19-07:03:59.184666 7f00e82db700 Options.compaction_options_universal.stop_style: kCompactionStopStyleTotalSize
2018/12/19-07:03:59.184667 7f00e82db700 Options.compaction_options_fifo.max_table_files_size: 1073741824
2018/12/19-07:03:59.184668 7f00e82db700 Options.compaction_options_fifo.allow_compaction: 0
2018/12/19-07:03:59.184669 7f00e82db700 Options.compaction_options_fifo.ttl: 0
2018/12/19-07:03:59.184671 7f00e82db700                   Options.table_properties_collectors: 
2018/12/19-07:03:59.184672 7f00e82db700                   Options.inplace_update_support: 0
2018/12/19-07:03:59.184673 7f00e82db700                 Options.inplace_update_num_locks: 10000
2018/12/19-07:03:59.184674 7f00e82db700               Options.memtable_prefix_bloom_size_ratio: 0.000000
2018/12/19-07:03:59.184676 7f00e82db700   Options.memtable_huge_page_size: 0
2018/12/19-07:03:59.184677 7f00e82db700                           Options.bloom_locality: 0
2018/12/19-07:03:59.184678 7f00e82db700                    Options.max_successive_merges: 0
2018/12/19-07:03:59.184679 7f00e82db700                Options.optimize_filters_for_hits: 0
2018/12/19-07:03:59.184680 7f00e82db700                Options.paranoid_file_checks: 0
2018/12/19-07:03:59.184681 7f00e82db700                Options.force_consistency_checks: 0
2018/12/19-07:03:59.184682 7f00e82db700                Options.report_bg_io_stats: 0
2018/12/19-07:03:59.184684 7f00e82db700                               Options.ttl: 0
2018/12/19-07:03:59.185297 7f00e82db700 [db/version_set.cc:3361] Recovered from manifest file:/mnt/sdc/ycsb-rocksdb-data/MANIFEST-000001 succeeded,manifest_file_number is 1, next_file_number is 3, last_sequence is 0, log_number is 0,prev_log_number is 0,max_column_family is 0,min_log_number_to_keep is 0
2018/12/19-07:03:59.185305 7f00e82db700 [db/version_set.cc:3369] Column family [default] (ID 0), log number is 0
2018/12/19-07:03:59.185525 7f00e82db700 [db/version_set.cc:2847] Creating manifest 4
2018/12/19-07:03:59.259086 7f00e82db700 [db/column_family.cc:475] --------------- Options for column family [usertable]:
2018/12/19-07:03:59.259101 7f00e82db700               Options.comparator: leveldb.BytewiseComparator
2018/12/19-07:03:59.259103 7f00e82db700           Options.merge_operator: None
2018/12/19-07:03:59.259104 7f00e82db700        Options.compaction_filter: None
2018/12/19-07:03:59.259105 7f00e82db700        Options.compaction_filter_factory: None
2018/12/19-07:03:59.259118 7f00e82db700         Options.memtable_factory: SkipListFactory
2018/12/19-07:03:59.259120 7f00e82db700            Options.table_factory: BlockBasedTable
2018/12/19-07:03:59.259148 7f00e82db700            table_factory options:   flush_block_policy_factory: FlushBlockBySizePolicyFactory (0x7f002037a9c0)
  cache_index_and_filter_blocks: 0
  cache_index_and_filter_blocks_with_high_priority: 0
  pin_l0_filter_and_index_blocks_in_cache: 0
  index_type: 0
  hash_index_allow_collision: 1
  checksum: 1
  no_block_cache: 0
  block_cache: 0x7f0020389a10
  block_cache_name: LRUCache
  block_cache_options:
    capacity : 8388608
    num_shard_bits : 4
    strict_capacity_limit : 0
    high_pri_pool_ratio: 0.000
  block_cache_compressed: (nil)
  persistent_cache: (nil)
  block_size: 8192
  block_size_deviation: 10
  block_restart_interval: 16
  index_block_restart_interval: 1
  metadata_block_size: 4096
  partition_filters: 0
  use_delta_encoding: 1
  filter_policy: nullptr
  whole_key_filtering: 1
  verify_compression: 0
  read_amp_bytes_per_bit: 0
  format_version: 2
  enable_index_compression: 1
  block_align: 0
2018/12/19-07:03:59.259151 7f00e82db700        Options.write_buffer_size: 134217728
2018/12/19-07:03:59.259152 7f00e82db700  Options.max_write_buffer_number: 24
2018/12/19-07:03:59.259154 7f00e82db700        Options.compression[0]: NoCompression
2018/12/19-07:03:59.259155 7f00e82db700        Options.compression[1]: NoCompression
2018/12/19-07:03:59.259157 7f00e82db700        Options.compression[2]: LZ4
2018/12/19-07:03:59.259158 7f00e82db700        Options.compression[3]: LZ4
2018/12/19-07:03:59.259159 7f00e82db700        Options.compression[4]: LZ4
2018/12/19-07:03:59.259160 7f00e82db700        Options.compression[5]: LZ4
2018/12/19-07:03:59.259161 7f00e82db700        Options.compression[6]: LZ4
2018/12/19-07:03:59.259162 7f00e82db700                  Options.bottommost_compression: Disabled
2018/12/19-07:03:59.259163 7f00e82db700       Options.prefix_extractor: nullptr
2018/12/19-07:03:59.259164 7f00e82db700   Options.memtable_insert_with_hint_prefix_extractor: nullptr
2018/12/19-07:03:59.259165 7f00e82db700             Options.num_levels: 7
2018/12/19-07:03:59.259167 7f00e82db700        Options.min_write_buffer_number_to_merge: 2
2018/12/19-07:03:59.259168 7f00e82db700     Options.max_write_buffer_number_to_maintain: 0
2018/12/19-07:03:59.259169 7f00e82db700            Options.compression_opts.window_bits: -14
2018/12/19-07:03:59.259170 7f00e82db700                  Options.compression_opts.level: -1
2018/12/19-07:03:59.259171 7f00e82db700               Options.compression_opts.strategy: 0
2018/12/19-07:03:59.259172 7f00e82db700         Options.compression_opts.max_dict_bytes: 0
2018/12/19-07:03:59.259173 7f00e82db700         Options.compression_opts.zstd_max_train_bytes: 0
2018/12/19-07:03:59.259174 7f00e82db700      Options.level0_file_num_compaction_trigger: 2
2018/12/19-07:03:59.259175 7f00e82db700          Options.level0_slowdown_writes_trigger: 20
2018/12/19-07:03:59.259176 7f00e82db700              Options.level0_stop_writes_trigger: 36
2018/12/19-07:03:59.259177 7f00e82db700                   Options.target_file_size_base: 67108864
2018/12/19-07:03:59.259179 7f00e82db700             Options.target_file_size_multiplier: 1
2018/12/19-07:03:59.259180 7f00e82db700                Options.max_bytes_for_level_base: 536870912
2018/12/19-07:03:59.259181 7f00e82db700 Options.level_compaction_dynamic_level_bytes: 0
2018/12/19-07:03:59.259182 7f00e82db700          Options.max_bytes_for_level_multiplier: 10.000000
2018/12/19-07:03:59.259184 7f00e82db700 Options.max_bytes_for_level_multiplier_addtl[0]: 1
2018/12/19-07:03:59.259195 7f00e82db700 Options.max_bytes_for_level_multiplier_addtl[1]: 1
2018/12/19-07:03:59.259197 7f00e82db700 Options.max_bytes_for_level_multiplier_addtl[2]: 1
2018/12/19-07:03:59.259198 7f00e82db700 Options.max_bytes_for_level_multiplier_addtl[3]: 1
2018/12/19-07:03:59.259199 7f00e82db700 Options.max_bytes_for_level_multiplier_addtl[4]: 1
2018/12/19-07:03:59.259200 7f00e82db700 Options.max_bytes_for_level_multiplier_addtl[5]: 1
2018/12/19-07:03:59.259201 7f00e82db700 Options.max_bytes_for_level_multiplier_addtl[6]: 1
2018/12/19-07:03:59.259202 7f00e82db700       Options.max_sequential_skip_in_iterations: 8
2018/12/19-07:03:59.259203 7f00e82db700                    Options.max_compaction_bytes: 1677721600
2018/12/19-07:03:59.259204 7f00e82db700                        Options.arena_block_size: 16777216
2018/12/19-07:03:59.259205 7f00e82db700   Options.soft_pending_compaction_bytes_limit: 68719476736
2018/12/19-07:03:59.259206 7f00e82db700   Options.hard_pending_compaction_bytes_limit: 274877906944
2018/12/19-07:03:59.259207 7f00e82db700       Options.rate_limit_delay_max_milliseconds: 100
2018/12/19-07:03:59.259209 7f00e82db700                Options.disable_auto_compactions: 0
2018/12/19-07:03:59.259211 7f00e82db700                        Options.compaction_style: kCompactionStyleLevel
2018/12/19-07:03:59.259213 7f00e82db700                          Options.compaction_pri: kByCompensatedSize
2018/12/19-07:03:59.259214 7f00e82db700 Options.compaction_options_universal.size_ratio: 1
2018/12/19-07:03:59.259215 7f00e82db700 Options.compaction_options_universal.min_merge_width: 2
2018/12/19-07:03:59.259216 7f00e82db700 Options.compaction_options_universal.max_merge_width: 4294967295
2018/12/19-07:03:59.259217 7f00e82db700 Options.compaction_options_universal.max_size_amplification_percent: 200
2018/12/19-07:03:59.259219 7f00e82db700 Options.compaction_options_universal.compression_size_percent: -1
2018/12/19-07:03:59.259220 7f00e82db700 Options.compaction_options_universal.stop_style: kCompactionStopStyleTotalSize
2018/12/19-07:03:59.259221 7f00e82db700 Options.compaction_options_fifo.max_table_files_size: 1073741824
2018/12/19-07:03:59.259223 7f00e82db700 Options.compaction_options_fifo.allow_compaction: 0
2018/12/19-07:03:59.259224 7f00e82db700 Options.compaction_options_fifo.ttl: 0
2018/12/19-07:03:59.259225 7f00e82db700                   Options.table_properties_collectors: 
2018/12/19-07:03:59.259226 7f00e82db700                   Options.inplace_update_support: 0
2018/12/19-07:03:59.259227 7f00e82db700                 Options.inplace_update_num_locks: 10000
2018/12/19-07:03:59.259228 7f00e82db700               Options.memtable_prefix_bloom_size_ratio: 0.000000
2018/12/19-07:03:59.259230 7f00e82db700   Options.memtable_huge_page_size: 0
2018/12/19-07:03:59.259231 7f00e82db700                           Options.bloom_locality: 0
2018/12/19-07:03:59.259232 7f00e82db700                    Options.max_successive_merges: 0
2018/12/19-07:03:59.259233 7f00e82db700                Options.optimize_filters_for_hits: 0
2018/12/19-07:03:59.259234 7f00e82db700                Options.paranoid_file_checks: 0
2018/12/19-07:03:59.259235 7f00e82db700                Options.force_consistency_checks: 0
2018/12/19-07:03:59.259236 7f00e82db700                Options.report_bg_io_stats: 0
2018/12/19-07:03:59.259237 7f00e82db700                               Options.ttl: 0
2018/12/19-07:03:59.259312 7f00e82db700 [db/db_impl.cc:1396] Created column family [usertable] (ID 1)
2018/12/19-07:03:59.338469 7f00e82db700 [db/db_impl_open.cc:1219] DB pointer 0x7f00203b9490
2018/12/19-07:04:08.043707 7f00e2cdb700 [db/db_impl_write.cc:1373] [usertable] New memtable created with log file: #9. Immutable memtables: 0.
2018/12/19-07:04:17.008493 7f00e2edd700 [db/db_impl_write.cc:1373] [usertable] New memtable created with log file: #10. Immutable memtables: 1.
2018/12/19-07:04:17.008627 7f00c2ffd700 [db/db_impl_compaction_flush.cc:80] [JOB 2] Syncing log #3
2018/12/19-07:04:17.235126 7f00c2ffd700 [db/db_impl_compaction_flush.cc:80] [JOB 2] Syncing log #9
2018/12/19-07:04:18.498417 7f00c2ffd700 (Original Log Time 2018/12/19-07:04:17.008576) [db/db_impl_compaction_flush.cc:1424] Calling FlushMemTableToOutputFile with column family [usertable], flush slots available 24, compaction slots available 1, flush slots scheduled 1, compaction slots scheduled 0
2018/12/19-07:04:18.498436 7f00c2ffd700 [db/flush_job.cc:301] [usertable] [JOB 2] Flushing memtable with next log file: 9
2018/12/19-07:04:18.498448 7f00c2ffd700 [db/flush_job.cc:301] [usertable] [JOB 2] Flushing memtable with next log file: 10
2018/12/19-07:04:18.498491 7f00c2ffd700 EVENT_LOG_v1 {"time_micros": 1545231858498477, "job": 2, "event": "flush_started", "num_memtables": 2, "num_entries": 61836, "num_deletes": 0, "memory_usage": 256326736, "flush_reason": "Write Buffer Full"}
2018/12/19-07:04:18.498502 7f00c2ffd700 [db/flush_job.cc:331] [usertable] [JOB 2] Level-0 flush table #11: started
2018/12/19-07:04:20.961245 7f00c2ffd700 EVENT_LOG_v1 {"time_micros": 1545231860961221, "cf_name": "usertable", "job": 2, "event": "table_file_creation", "file_number": 11, "file_size": 256087589, "table_properties": {"data_size": 254949828, "index_size": 1136834, "filter_size": 0, "raw_key_size": 1484064, "raw_average_key_size": 24, "raw_value_size": 253280256, "raw_average_value_size": 4096, "num_data_blocks": 30918, "num_entries": 61836, "filter_policy_name": "", "kDeletedKeys": "0", "kMergeOperands": "0"}}
2018/12/19-07:04:20.961273 7f00c2ffd700 [db/flush_job.cc:371] [usertable] [JOB 2] Level-0 flush table #11: 256087589 bytes OK
2018/12/19-07:04:21.022317 7f00c2ffd700 (Original Log Time 2018/12/19-07:04:20.961303) [db/memtable_list.cc:377] [usertable] Level-0 commit table #11 started
2018/12/19-07:04:21.022321 7f00c2ffd700 (Original Log Time 2018/12/19-07:04:21.022224) [db/memtable_list.cc:409] [usertable] Level-0 commit table #11: memtable #1 done
2018/12/19-07:04:21.022323 7f00c2ffd700 (Original Log Time 2018/12/19-07:04:21.022246) [db/memtable_list.cc:409] [usertable] Level-0 commit table #11: memtable #2 done
2018/12/19-07:04:21.022325 7f00c2ffd700 (Original Log Time 2018/12/19-07:04:21.022266) EVENT_LOG_v1 {"time_micros": 1545231861022258, "job": 2, "event": "flush_finished", "output_compression": "NoCompression", "lsm_state": [1, 0, 0, 0, 0, 0, 0], "immutable_memtables": 0}
2018/12/19-07:04:21.022327 7f00c2ffd700 (Original Log Time 2018/12/19-07:04:21.022293) [db/db_impl_compaction_flush.cc:177] [usertable] Level summary: base level 1 max bytes base 536870912 files[1 0 0 0 0 0 0] max score 0.50
2018/12/19-07:04:21.022337 7f00c2ffd700 [db/db_impl_files.cc:347] [JOB 2] Try to delete WAL files size 255316860, prev total WAL file size 313333031, number of live WAL files 3.
2018/12/19-07:04:25.774917 7f00e37e6700 [db/db_impl_write.cc:1373] [usertable] New memtable created with log file: #12. Immutable memtables: 0.
2018/12/19-07:04:34.740720 7f00e23d2700 [db/db_impl_write.cc:1373] [usertable] New memtable created with log file: #13. Immutable memtables: 1.
2018/12/19-07:04:34.740838 7f00c27fc700 [db/db_impl_compaction_flush.cc:80] [JOB 3] Syncing log #10
2018/12/19-07:04:35.450649 7f00c27fc700 [db/db_impl_compaction_flush.cc:80] [JOB 3] Syncing log #12
2018/12/19-07:04:36.734782 7f00c27fc700 (Original Log Time 2018/12/19-07:04:34.740820) [db/db_impl_compaction_flush.cc:1424] Calling FlushMemTableToOutputFile with column family [usertable], flush slots available 24, compaction slots available 1, flush slots scheduled 1, compaction slots scheduled 0
2018/12/19-07:04:36.734799 7f00c27fc700 [db/flush_job.cc:301] [usertable] [JOB 3] Flushing memtable with next log file: 12
2018/12/19-07:04:36.734806 7f00c27fc700 [db/flush_job.cc:301] [usertable] [JOB 3] Flushing memtable with next log file: 13
2018/12/19-07:04:36.734834 7f00c27fc700 EVENT_LOG_v1 {"time_micros": 1545231876734826, "job": 3, "event": "flush_started", "num_memtables": 2, "num_entries": 62061, "num_deletes": 0, "memory_usage": 257189944, "flush_reason": "Write Buffer Full"}
2018/12/19-07:04:36.734841 7f00c27fc700 [db/flush_job.cc:331] [usertable] [JOB 3] Level-0 flush table #14: started
2018/12/19-07:04:38.062316 7f00c27fc700 EVENT_LOG_v1 {"time_micros": 1545231878062293, "cf_name": "usertable", "job": 3, "event": "table_file_creation", "file_number": 14, "file_size": 257019432, "table_properties": {"data_size": 255877517, "index_size": 1140988, "filter_size": 0, "raw_key_size": 1489464, "raw_average_key_size": 24, "raw_value_size": 254201856, "raw_average_value_size": 4096, "num_data_blocks": 31031, "num_entries": 62061, "filter_policy_name": "", "kDeletedKeys": "0", "kMergeOperands": "0"}}
2018/12/19-07:04:38.062336 7f00c27fc700 [db/flush_job.cc:371] [usertable] [JOB 3] Level-0 flush table #14: 257019432 bytes OK
2018/12/19-07:04:38.092376 7f00c27fc700 (Original Log Time 2018/12/19-07:04:38.062350) [db/memtable_list.cc:377] [usertable] Level-0 commit table #14 started
2018/12/19-07:04:38.092380 7f00c27fc700 (Original Log Time 2018/12/19-07:04:38.092299) [db/memtable_list.cc:409] [usertable] Level-0 commit table #14: memtable #1 done
2018/12/19-07:04:38.092381 7f00c27fc700 (Original Log Time 2018/12/19-07:04:38.092302) [db/memtable_list.cc:409] [usertable] Level-0 commit table #14: memtable #2 done
2018/12/19-07:04:38.092383 7f00c27fc700 (Original Log Time 2018/12/19-07:04:38.092317) EVENT_LOG_v1 {"time_micros": 1545231878092310, "job": 3, "event": "flush_finished", "output_compression": "NoCompression", "lsm_state": [2, 0, 0, 0, 0, 0, 0], "immutable_memtables": 0}
2018/12/19-07:04:38.092385 7f00c27fc700 (Original Log Time 2018/12/19-07:04:38.092360) [db/db_impl_compaction_flush.cc:177] [usertable] Level summary: base level 1 max bytes base 536870912 files[2 0 0 0 0 0 0] max score 1.00
2018/12/19-07:04:38.092395 7f00c27fc700 [db/db_impl_files.cc:347] [JOB 3] Try to delete WAL files size 256247097, prev total WAL file size 304700552, number of live WAL files 3.
2018/12/19-07:04:38.092659 7f00c37fe700 [WARN] [db/db_impl.cc:491] ------- DUMPING STATS -------
2018/12/19-07:04:38.092716 7f00c37fe700 [WARN] [db/db_impl.cc:492] 
** DB Stats **
Uptime(secs): 38.9 total, 38.9 interval
Cumulative writes: 135K writes, 135K keys, 135K commit groups, 1.0 writes per commit group, ingest: 0.52 GB, 13.73 MB/s
Cumulative WAL: 135K writes, 0 syncs, 135632.00 writes per sync, written: 0.52 GB, 13.73 MB/s
Cumulative stall: 00:00:0.000 H:M:S, 0.0 percent
Interval writes: 135K writes, 135K keys, 135K commit groups, 1.0 writes per commit group, ingest: 534.07 MB, 13.73 MB/s
Interval WAL: 135K writes, 0 syncs, 135632.00 writes per sync, written: 0.52 MB, 13.73 MB/s
Interval stall: 00:00:0.000 H:M:S, 0.0 percent

** Compaction Stats [default] **
Level    Files   Size     Score Read(GB)  Rn(GB) Rnp1(GB) Write(GB) Wnew(GB) Moved(GB) W-Amp Rd(MB/s) Wr(MB/s) Comp(sec) Comp(cnt) Avg(sec) KeyIn KeyDrop
----------------------------------------------------------------------------------------------------------------------------------------------------------
 Sum      0/0    0.00 KB   0.0      0.0     0.0      0.0       0.0      0.0       0.0   0.0      0.0      0.0         0         0    0.000       0      0
 Int      0/0    0.00 KB   0.0      0.0     0.0      0.0       0.0      0.0       0.0   0.0      0.0      0.0         0         0    0.000       0      0
Uptime(secs): 38.9 total, 38.9 interval
Flush(GB): cumulative 0.000, interval 0.000
AddFile(GB): cumulative 0.000, interval 0.000
AddFile(Total Files): cumulative 0, interval 0
AddFile(L0 Files): cumulative 0, interval 0
AddFile(Keys): cumulative 0, interval 0
Cumulative compaction: 0.00 GB write, 0.00 MB/s write, 0.00 GB read, 0.00 MB/s read, 0.0 seconds
Interval compaction: 0.00 GB write, 0.00 MB/s write, 0.00 GB read, 0.00 MB/s read, 0.0 seconds
Stalls(count): 0 level0_slowdown, 0 level0_slowdown_with_compaction, 0 level0_numfiles, 0 level0_numfiles_with_compaction, 0 stop for pending_compaction_bytes, 0 slowdown for pending_compaction_bytes, 0 memtable_compaction, 0 memtable_slowdown, interval 0 total count

** File Read Latency Histogram By Level [default] **

** Compaction Stats [usertable] **
Level    Files   Size     Score Read(GB)  Rn(GB) Rnp1(GB) Write(GB) Wnew(GB) Moved(GB) W-Amp Rd(MB/s) Wr(MB/s) Comp(sec) Comp(cnt) Avg(sec) KeyIn KeyDrop
----------------------------------------------------------------------------------------------------------------------------------------------------------
  L0      2/0   489.34 MB   1.0      0.0     0.0      0.0       0.5      0.5       0.0   1.0      0.0    129.1         4         2    1.895       0      0
 Sum      2/0   489.34 MB   0.0      0.0     0.0      0.0       0.5      0.5       0.0   1.0      0.0    129.1         4         2    1.895       0      0
 Int      0/0    0.00 KB   0.0      0.0     0.0      0.0       0.5      0.5       0.0   1.0      0.0    129.1         4         2    1.895       0      0
Uptime(secs): 38.8 total, 38.8 interval
Flush(GB): cumulative 0.478, interval 0.478
AddFile(GB): cumulative 0.000, interval 0.000
AddFile(Total Files): cumulative 0, interval 0
AddFile(L0 Files): cumulative 0, interval 0
AddFile(Keys): cumulative 0, interval 0
Cumulative compaction: 0.48 GB write, 12.60 MB/s write, 0.00 GB read, 0.00 MB/s read, 3.8 seconds
Interval compaction: 0.48 GB write, 12.60 MB/s write, 0.00 GB read, 0.00 MB/s read, 3.8 seconds
Stalls(count): 0 level0_slowdown, 0 level0_slowdown_with_compaction, 0 level0_numfiles, 0 level0_numfiles_with_compaction, 0 stop for pending_compaction_bytes, 0 slowdown for pending_compaction_bytes, 0 memtable_compaction, 0 memtable_slowdown, interval 0 total count

** File Read Latency Histogram By Level [usertable] **

** Compaction Stats [default] **
Level    Files   Size     Score Read(GB)  Rn(GB) Rnp1(GB) Write(GB) Wnew(GB) Moved(GB) W-Amp Rd(MB/s) Wr(MB/s) Comp(sec) Comp(cnt) Avg(sec) KeyIn KeyDrop
----------------------------------------------------------------------------------------------------------------------------------------------------------
 Sum      0/0    0.00 KB   0.0      0.0     0.0      0.0       0.0      0.0       0.0   0.0      0.0      0.0         0         0    0.000       0      0
 Int      0/0    0.00 KB   0.0      0.0     0.0      0.0       0.0      0.0       0.0   0.0      0.0      0.0         0         0    0.000       0      0
Uptime(secs): 38.9 total, 0.0 interval
Flush(GB): cumulative 0.000, interval 0.000
AddFile(GB): cumulative 0.000, interval 0.000
AddFile(Total Files): cumulative 0, interval 0
AddFile(L0 Files): cumulative 0, interval 0
AddFile(Keys): cumulative 0, interval 0
Cumulative compaction: 0.00 GB write, 0.00 MB/s write, 0.00 GB read, 0.00 MB/s read, 0.0 seconds
Interval compaction: 0.00 GB write, 0.00 MB/s write, 0.00 GB read, 0.00 MB/s read, 0.0 seconds
Stalls(count): 0 level0_slowdown, 0 level0_slowdown_with_compaction, 0 level0_numfiles, 0 level0_numfiles_with_compaction, 0 stop for pending_compaction_bytes, 0 slowdown for pending_compaction_bytes, 0 memtable_compaction, 0 memtable_slowdown, interval 0 total count

** File Read Latency Histogram By Level [default] **

** Compaction Stats [usertable] **
Level    Files   Size     Score Read(GB)  Rn(GB) Rnp1(GB) Write(GB) Wnew(GB) Moved(GB) W-Amp Rd(MB/s) Wr(MB/s) Comp(sec) Comp(cnt) Avg(sec) KeyIn KeyDrop
----------------------------------------------------------------------------------------------------------------------------------------------------------
  L0      2/0   489.34 MB   1.0      0.0     0.0      0.0       0.5      0.5       0.0   1.0      0.0    129.1         4         2    1.895       0      0
 Sum      2/0   489.34 MB   0.0      0.0     0.0      0.0       0.5      0.5       0.0   1.0      0.0    129.1         4         2    1.895       0      0
 Int      0/0    0.00 KB   0.0      0.0     0.0      0.0       0.0      0.0       0.0   0.0      0.0      0.0         0         0    0.000       0      0
Uptime(secs): 38.8 total, 0.0 interval
Flush(GB): cumulative 0.478, interval 0.000
AddFile(GB): cumulative 0.000, interval 0.000
AddFile(Total Files): cumulative 0, interval 0
AddFile(L0 Files): cumulative 0, interval 0
AddFile(Keys): cumulative 0, interval 0
Cumulative compaction: 0.48 GB write, 12.60 MB/s write, 0.00 GB read, 0.00 MB/s read, 3.8 seconds
Interval compaction: 0.00 GB write, 0.00 MB/s write, 0.00 GB read, 0.00 MB/s read, 0.0 seconds
Stalls(count): 0 level0_slowdown, 0 level0_slowdown_with_compaction, 0 level0_numfiles, 0 level0_numfiles_with_compaction, 0 stop for pending_compaction_bytes, 0 slowdown for pending_compaction_bytes, 0 memtable_compaction, 0 memtable_slowdown, interval 0 total count

** File Read Latency Histogram By Level [usertable] **
2018/12/19-07:04:38.122470 7f00c37fe700 (Original Log Time 2018/12/19-07:04:38.092856) [db/db_impl_compaction_flush.cc:1835] [usertable] Moving #14 to level-1 257019432 bytes
2018/12/19-07:04:38.122474 7f00c37fe700 (Original Log Time 2018/12/19-07:04:38.122420) EVENT_LOG_v1 {"time_micros": 1545231878122410, "job": 4, "event": "trivial_move", "destination_level": 1, "files": 1, "total_files_size": 257019432}
2018/12/19-07:04:38.122476 7f00c37fe700 (Original Log Time 2018/12/19-07:04:38.122431) [db/db_impl_compaction_flush.cc:1864] [usertable] Moved #1 files to level-1 257019432 bytes OK: base level 1 max bytes base 536870912 files[1 1 0 0 0 0 0] max score 0.50
2018/12/19-07:04:43.705669 7f00e82db700 [db/db_impl_write.cc:1373] [usertable] New memtable created with log file: #15. Immutable memtables: 0.
2018/12/19-07:04:52.384442 7f00e3bea700 [db/db_impl_write.cc:1373] [usertable] New memtable created with log file: #16. Immutable memtables: 1.
2018/12/19-07:04:52.384550 7f00c1ffb700 [db/db_impl_compaction_flush.cc:80] [JOB 5] Syncing log #13
2018/12/19-07:04:52.917313 7f00c1ffb700 [db/db_impl_compaction_flush.cc:80] [JOB 5] Syncing log #15
2018/12/19-07:04:53.425128 7f00c1ffb700 (Original Log Time 2018/12/19-07:04:52.384514) [db/db_impl_compaction_flush.cc:1424] Calling FlushMemTableToOutputFile with column family [usertable], flush slots available 24, compaction slots available 1, flush slots scheduled 1, compaction slots scheduled 0
2018/12/19-07:04:53.425140 7f00c1ffb700 [db/flush_job.cc:301] [usertable] [JOB 5] Flushing memtable with next log file: 15
2018/12/19-07:04:53.425148 7f00c1ffb700 [db/flush_job.cc:301] [usertable] [JOB 5] Flushing memtable with next log file: 16
2018/12/19-07:04:53.425184 7f00c1ffb700 EVENT_LOG_v1 {"time_micros": 1545231893425174, "job": 5, "event": "flush_started", "num_memtables": 2, "num_entries": 61754, "num_deletes": 0, "memory_usage": 260054008, "flush_reason": "Write Buffer Full"}
2018/12/19-07:04:53.425191 7f00c1ffb700 [db/flush_job.cc:331] [usertable] [JOB 5] Level-0 flush table #17: started
2018/12/19-07:04:55.658714 7f00c1ffb700 EVENT_LOG_v1 {"time_micros": 1545231895658689, "cf_name": "usertable", "job": 5, "event": "table_file_creation", "file_number": 17, "file_size": 255761716, "table_properties": {"data_size": 254618604, "index_size": 1142185, "filter_size": 0, "raw_key_size": 1482096, "raw_average_key_size": 24, "raw_value_size": 252944384, "raw_average_value_size": 4096, "num_data_blocks": 30877, "num_entries": 61754, "filter_policy_name": "", "kDeletedKeys": "0", "kMergeOperands": "0"}}
2018/12/19-07:04:55.658738 7f00c1ffb700 [db/flush_job.cc:371] [usertable] [JOB 5] Level-0 flush table #17: 255761716 bytes OK
2018/12/19-07:04:55.722603 7f00c1ffb700 (Original Log Time 2018/12/19-07:04:55.658768) [db/memtable_list.cc:377] [usertable] Level-0 commit table #17 started
2018/12/19-07:04:55.722609 7f00c1ffb700 (Original Log Time 2018/12/19-07:04:55.722497) [db/memtable_list.cc:409] [usertable] Level-0 commit table #17: memtable #1 done
2018/12/19-07:04:55.722611 7f00c1ffb700 (Original Log Time 2018/12/19-07:04:55.722501) [db/memtable_list.cc:409] [usertable] Level-0 commit table #17: memtable #2 done
2018/12/19-07:04:55.722614 7f00c1ffb700 (Original Log Time 2018/12/19-07:04:55.722525) EVENT_LOG_v1 {"time_micros": 1545231895722516, "job": 5, "event": "flush_finished", "output_compression": "NoCompression", "lsm_state": [2, 1, 0, 0, 0, 0, 0], "immutable_memtables": 0}
2018/12/19-07:04:55.722617 7f00c1ffb700 (Original Log Time 2018/12/19-07:04:55.722572) [db/db_impl_compaction_flush.cc:177] [usertable] Level summary: base level 1 max bytes base 536870912 files[2 1 0 0 0 0 0] max score 1.00
