2019/04/09-18:23:47.601453 7ff9cc1f8700 RocksDB version: 5.14.3
2019/04/09-18:23:47.601503 7ff9cc1f8700 Git sha rocksdb_build_git_sha:
2019/04/09-18:23:47.601506 7ff9cc1f8700 Compile date Apr  5 2019
2019/04/09-18:23:47.601510 7ff9cc1f8700 DB SUMMARY
2019/04/09-18:23:47.601529 7ff9cc1f8700 SST files in /mnt/nvme0n1/ycsb-rocksdb-data dir, Total Num: 0, files: 
2019/04/09-18:23:47.601532 7ff9cc1f8700 Write Ahead Log file in /mnt/nvme0n1/ycsb-rocksdb-data: 
2019/04/09-18:23:47.601534 7ff9cc1f8700                         Options.error_if_exists: 0
2019/04/09-18:23:47.601535 7ff9cc1f8700                       Options.create_if_missing: 1
2019/04/09-18:23:47.601536 7ff9cc1f8700                         Options.paranoid_checks: 1
2019/04/09-18:23:47.601537 7ff9cc1f8700                                     Options.env: 0x7ff9be9da3e0
2019/04/09-18:23:47.601538 7ff9cc1f8700                                Options.info_log: 0x7ff9083dc950
2019/04/09-18:23:47.601539 7ff9cc1f8700                Options.max_file_opening_threads: 16
2019/04/09-18:23:47.601540 7ff9cc1f8700                              Options.statistics: (nil)
2019/04/09-18:23:47.601541 7ff9cc1f8700                               Options.use_fsync: 0
2019/04/09-18:23:47.601542 7ff9cc1f8700                       Options.max_log_file_size: 0
2019/04/09-18:23:47.601543 7ff9cc1f8700                  Options.max_manifest_file_size: 18446744073709551615
2019/04/09-18:23:47.601544 7ff9cc1f8700                   Options.log_file_time_to_roll: 0
2019/04/09-18:23:47.601545 7ff9cc1f8700                       Options.keep_log_file_num: 1000
2019/04/09-18:23:47.601545 7ff9cc1f8700                    Options.recycle_log_file_num: 0
2019/04/09-18:23:47.601546 7ff9cc1f8700                         Options.allow_fallocate: 1
2019/04/09-18:23:47.601547 7ff9cc1f8700                        Options.allow_mmap_reads: 0
2019/04/09-18:23:47.601548 7ff9cc1f8700                       Options.allow_mmap_writes: 0
2019/04/09-18:23:47.601549 7ff9cc1f8700                        Options.use_direct_reads: 0
2019/04/09-18:23:47.601550 7ff9cc1f8700                        Options.use_direct_io_for_flush_and_compaction: 0
2019/04/09-18:23:47.601551 7ff9cc1f8700          Options.create_missing_column_families: 1
2019/04/09-18:23:47.601552 7ff9cc1f8700                              Options.db_log_dir: 
2019/04/09-18:23:47.601553 7ff9cc1f8700                                 Options.wal_dir: /mnt/nvme0n1/ycsb-rocksdb-data
2019/04/09-18:23:47.601553 7ff9cc1f8700                Options.table_cache_numshardbits: 6
2019/04/09-18:23:47.601554 7ff9cc1f8700                      Options.max_subcompactions: 4
2019/04/09-18:23:47.601555 7ff9cc1f8700                  Options.max_background_flushes: 24
2019/04/09-18:23:47.601556 7ff9cc1f8700                         Options.WAL_ttl_seconds: 0
2019/04/09-18:23:47.601557 7ff9cc1f8700                       Options.WAL_size_limit_MB: 0
2019/04/09-18:23:47.601558 7ff9cc1f8700             Options.manifest_preallocation_size: 4194304
2019/04/09-18:23:47.601559 7ff9cc1f8700                     Options.is_fd_close_on_exec: 1
2019/04/09-18:23:47.601559 7ff9cc1f8700                   Options.advise_random_on_open: 1
2019/04/09-18:23:47.601560 7ff9cc1f8700                    Options.db_write_buffer_size: 0
2019/04/09-18:23:47.601561 7ff9cc1f8700                    Options.write_buffer_manager: 0x7ff9083d8760
2019/04/09-18:23:47.601562 7ff9cc1f8700         Options.access_hint_on_compaction_start: 1
2019/04/09-18:23:47.601563 7ff9cc1f8700  Options.new_table_reader_for_compaction_inputs: 0
2019/04/09-18:23:47.601564 7ff9cc1f8700           Options.random_access_max_buffer_size: 1048576
2019/04/09-18:23:47.601565 7ff9cc1f8700                      Options.use_adaptive_mutex: 0
2019/04/09-18:23:47.601565 7ff9cc1f8700                            Options.rate_limiter: (nil)
2019/04/09-18:23:47.601567 7ff9cc1f8700     Options.sst_file_manager.rate_bytes_per_sec: 0
2019/04/09-18:23:47.601568 7ff9cc1f8700                       Options.wal_recovery_mode: 2
2019/04/09-18:23:47.601569 7ff9cc1f8700                  Options.enable_thread_tracking: 0
2019/04/09-18:23:47.601570 7ff9cc1f8700                  Options.enable_pipelined_write: 1
2019/04/09-18:23:47.601580 7ff9cc1f8700         Options.allow_concurrent_memtable_write: 1
2019/04/09-18:23:47.601581 7ff9cc1f8700      Options.enable_write_thread_adaptive_yield: 1
2019/04/09-18:23:47.601582 7ff9cc1f8700             Options.write_thread_max_yield_usec: 100
2019/04/09-18:23:47.601583 7ff9cc1f8700            Options.write_thread_slow_yield_usec: 3
2019/04/09-18:23:47.601584 7ff9cc1f8700                               Options.row_cache: None
2019/04/09-18:23:47.601585 7ff9cc1f8700                              Options.wal_filter: None
2019/04/09-18:23:47.601586 7ff9cc1f8700             Options.avoid_flush_during_recovery: 0
2019/04/09-18:23:47.601587 7ff9cc1f8700             Options.allow_ingest_behind: 0
2019/04/09-18:23:47.601587 7ff9cc1f8700             Options.preserve_deletes: 0
2019/04/09-18:23:47.601588 7ff9cc1f8700             Options.two_write_queues: 0
2019/04/09-18:23:47.601589 7ff9cc1f8700             Options.manual_wal_flush: 0
2019/04/09-18:23:47.601591 7ff9cc1f8700             Options.max_background_jobs: 24
2019/04/09-18:23:47.601592 7ff9cc1f8700             Options.max_background_compactions: 24
2019/04/09-18:23:47.601593 7ff9cc1f8700             Options.avoid_flush_during_shutdown: 0
2019/04/09-18:23:47.601594 7ff9cc1f8700           Options.writable_file_max_buffer_size: 1048576
2019/04/09-18:23:47.601595 7ff9cc1f8700             Options.delayed_write_rate : 16777216
2019/04/09-18:23:47.601596 7ff9cc1f8700             Options.max_total_wal_size: 0
2019/04/09-18:23:47.601596 7ff9cc1f8700             Options.delete_obsolete_files_period_micros: 21600000000
2019/04/09-18:23:47.601597 7ff9cc1f8700                   Options.stats_dump_period_sec: 60
2019/04/09-18:23:47.601598 7ff9cc1f8700                          Options.max_open_files: -1
2019/04/09-18:23:47.601599 7ff9cc1f8700                          Options.bytes_per_sync: 1048576
2019/04/09-18:23:47.601600 7ff9cc1f8700                      Options.wal_bytes_per_sync: 0
2019/04/09-18:23:47.601601 7ff9cc1f8700       Options.compaction_readahead_size: 0
2019/04/09-18:23:47.601602 7ff9cc1f8700 Compression algorithms supported:
2019/04/09-18:23:47.601603 7ff9cc1f8700 	kZSTDNotFinalCompression supported: 1
2019/04/09-18:23:47.601611 7ff9cc1f8700 	kZSTD supported: 1
2019/04/09-18:23:47.601612 7ff9cc1f8700 	kXpressCompression supported: 0
2019/04/09-18:23:47.601613 7ff9cc1f8700 	kLZ4HCCompression supported: 1
2019/04/09-18:23:47.601614 7ff9cc1f8700 	kLZ4Compression supported: 1
2019/04/09-18:23:47.601615 7ff9cc1f8700 	kBZip2Compression supported: 1
2019/04/09-18:23:47.601616 7ff9cc1f8700 	kZlibCompression supported: 1
2019/04/09-18:23:47.601617 7ff9cc1f8700 	kSnappyCompression supported: 1
2019/04/09-18:23:47.601621 7ff9cc1f8700 Fast CRC32 supported: Supported on x86
2019/04/09-18:23:47.601685 7ff9cc1f8700 [db/db_impl_open.cc:222] Creating manifest 1 
2019/04/09-18:23:47.602743 7ff9cc1f8700 [db/version_set.cc:3085] Recovering from manifest file: MANIFEST-000001
2019/04/09-18:23:47.602799 7ff9cc1f8700 [db/column_family.cc:475] --------------- Options for column family [default]:
2019/04/09-18:23:47.602802 7ff9cc1f8700               Options.comparator: leveldb.BytewiseComparator
2019/04/09-18:23:47.602804 7ff9cc1f8700           Options.merge_operator: None
2019/04/09-18:23:47.602805 7ff9cc1f8700        Options.compaction_filter: None
2019/04/09-18:23:47.602806 7ff9cc1f8700        Options.compaction_filter_factory: None
2019/04/09-18:23:47.602806 7ff9cc1f8700         Options.memtable_factory: SkipListFactory
2019/04/09-18:23:47.602808 7ff9cc1f8700            Options.table_factory: BlockBasedTable
2019/04/09-18:23:47.602837 7ff9cc1f8700            table_factory options:   flush_block_policy_factory: FlushBlockBySizePolicyFactory (0x7ff908386630)
  cache_index_and_filter_blocks: 0
  cache_index_and_filter_blocks_with_high_priority: 0
  pin_l0_filter_and_index_blocks_in_cache: 0
  index_type: 0
  hash_index_allow_collision: 1
  checksum: 1
  no_block_cache: 0
  block_cache: 0x7ff908392020
  block_cache_name: LRUCache
  block_cache_options:
    capacity : 8388608
    num_shard_bits : 4
    strict_capacity_limit : 0
    high_pri_pool_ratio: 0.000
  block_cache_compressed: (nil)
  persistent_cache: (nil)
  block_size: 8192
  block_size_deviation: 10
  block_restart_interval: 16
  index_block_restart_interval: 1
  metadata_block_size: 4096
  partition_filters: 0
  use_delta_encoding: 1
  filter_policy: nullptr
  whole_key_filtering: 1
  verify_compression: 0
  read_amp_bytes_per_bit: 0
  format_version: 2
  enable_index_compression: 1
  block_align: 0
2019/04/09-18:23:47.602850 7ff9cc1f8700        Options.write_buffer_size: 134217728
2019/04/09-18:23:47.602852 7ff9cc1f8700  Options.max_write_buffer_number: 24
2019/04/09-18:23:47.602853 7ff9cc1f8700        Options.compression[0]: NoCompression
2019/04/09-18:23:47.602854 7ff9cc1f8700        Options.compression[1]: NoCompression
2019/04/09-18:23:47.602855 7ff9cc1f8700        Options.compression[2]: LZ4
2019/04/09-18:23:47.602856 7ff9cc1f8700        Options.compression[3]: LZ4
2019/04/09-18:23:47.602857 7ff9cc1f8700        Options.compression[4]: LZ4
2019/04/09-18:23:47.602858 7ff9cc1f8700        Options.compression[5]: LZ4
2019/04/09-18:23:47.602859 7ff9cc1f8700        Options.compression[6]: LZ4
2019/04/09-18:23:47.602860 7ff9cc1f8700                  Options.bottommost_compression: Disabled
2019/04/09-18:23:47.602860 7ff9cc1f8700       Options.prefix_extractor: nullptr
2019/04/09-18:23:47.602861 7ff9cc1f8700   Options.memtable_insert_with_hint_prefix_extractor: nullptr
2019/04/09-18:23:47.602862 7ff9cc1f8700             Options.num_levels: 7
2019/04/09-18:23:47.602863 7ff9cc1f8700        Options.min_write_buffer_number_to_merge: 2
2019/04/09-18:23:47.602864 7ff9cc1f8700     Options.max_write_buffer_number_to_maintain: 0
2019/04/09-18:23:47.602865 7ff9cc1f8700            Options.compression_opts.window_bits: -14
2019/04/09-18:23:47.602866 7ff9cc1f8700                  Options.compression_opts.level: -1
2019/04/09-18:23:47.602867 7ff9cc1f8700               Options.compression_opts.strategy: 0
2019/04/09-18:23:47.602868 7ff9cc1f8700         Options.compression_opts.max_dict_bytes: 0
2019/04/09-18:23:47.602869 7ff9cc1f8700         Options.compression_opts.zstd_max_train_bytes: 0
2019/04/09-18:23:47.602869 7ff9cc1f8700      Options.level0_file_num_compaction_trigger: 2
2019/04/09-18:23:47.602870 7ff9cc1f8700          Options.level0_slowdown_writes_trigger: 20
2019/04/09-18:23:47.602871 7ff9cc1f8700              Options.level0_stop_writes_trigger: 36
2019/04/09-18:23:47.602872 7ff9cc1f8700                   Options.target_file_size_base: 67108864
2019/04/09-18:23:47.602873 7ff9cc1f8700             Options.target_file_size_multiplier: 1
2019/04/09-18:23:47.602874 7ff9cc1f8700                Options.max_bytes_for_level_base: 536870912
2019/04/09-18:23:47.602875 7ff9cc1f8700 Options.level_compaction_dynamic_level_bytes: 0
2019/04/09-18:23:47.602876 7ff9cc1f8700          Options.max_bytes_for_level_multiplier: 10.000000
2019/04/09-18:23:47.602879 7ff9cc1f8700 Options.max_bytes_for_level_multiplier_addtl[0]: 1
2019/04/09-18:23:47.602880 7ff9cc1f8700 Options.max_bytes_for_level_multiplier_addtl[1]: 1
2019/04/09-18:23:47.602881 7ff9cc1f8700 Options.max_bytes_for_level_multiplier_addtl[2]: 1
2019/04/09-18:23:47.602881 7ff9cc1f8700 Options.max_bytes_for_level_multiplier_addtl[3]: 1
2019/04/09-18:23:47.602882 7ff9cc1f8700 Options.max_bytes_for_level_multiplier_addtl[4]: 1
2019/04/09-18:23:47.602883 7ff9cc1f8700 Options.max_bytes_for_level_multiplier_addtl[5]: 1
2019/04/09-18:23:47.602884 7ff9cc1f8700 Options.max_bytes_for_level_multiplier_addtl[6]: 1
2019/04/09-18:23:47.602885 7ff9cc1f8700       Options.max_sequential_skip_in_iterations: 8
2019/04/09-18:23:47.602886 7ff9cc1f8700                    Options.max_compaction_bytes: 1677721600
2019/04/09-18:23:47.602887 7ff9cc1f8700                        Options.arena_block_size: 16777216
2019/04/09-18:23:47.602888 7ff9cc1f8700   Options.soft_pending_compaction_bytes_limit: 68719476736
2019/04/09-18:23:47.602889 7ff9cc1f8700   Options.hard_pending_compaction_bytes_limit: 274877906944
2019/04/09-18:23:47.602895 7ff9cc1f8700       Options.rate_limit_delay_max_milliseconds: 100
2019/04/09-18:23:47.602896 7ff9cc1f8700                Options.disable_auto_compactions: 0
2019/04/09-18:23:47.602911 7ff9cc1f8700                        Options.compaction_style: kCompactionStyleLevel
2019/04/09-18:23:47.602912 7ff9cc1f8700                          Options.compaction_pri: kByCompensatedSize
2019/04/09-18:23:47.602913 7ff9cc1f8700 Options.compaction_options_universal.size_ratio: 1
2019/04/09-18:23:47.602914 7ff9cc1f8700 Options.compaction_options_universal.min_merge_width: 2
2019/04/09-18:23:47.602915 7ff9cc1f8700 Options.compaction_options_universal.max_merge_width: 4294967295
2019/04/09-18:23:47.602916 7ff9cc1f8700 Options.compaction_options_universal.max_size_amplification_percent: 200
2019/04/09-18:23:47.602917 7ff9cc1f8700 Options.compaction_options_universal.compression_size_percent: -1
2019/04/09-18:23:47.602919 7ff9cc1f8700 Options.compaction_options_universal.stop_style: kCompactionStopStyleTotalSize
2019/04/09-18:23:47.602920 7ff9cc1f8700 Options.compaction_options_fifo.max_table_files_size: 1073741824
2019/04/09-18:23:47.602921 7ff9cc1f8700 Options.compaction_options_fifo.allow_compaction: 0
2019/04/09-18:23:47.602921 7ff9cc1f8700 Options.compaction_options_fifo.ttl: 0
2019/04/09-18:23:47.602923 7ff9cc1f8700                   Options.table_properties_collectors: 
2019/04/09-18:23:47.602924 7ff9cc1f8700                   Options.inplace_update_support: 0
2019/04/09-18:23:47.602924 7ff9cc1f8700                 Options.inplace_update_num_locks: 10000
2019/04/09-18:23:47.602926 7ff9cc1f8700               Options.memtable_prefix_bloom_size_ratio: 0.000000
2019/04/09-18:23:47.602927 7ff9cc1f8700   Options.memtable_huge_page_size: 0
2019/04/09-18:23:47.602928 7ff9cc1f8700                           Options.bloom_locality: 0
2019/04/09-18:23:47.602929 7ff9cc1f8700                    Options.max_successive_merges: 0
2019/04/09-18:23:47.602930 7ff9cc1f8700                Options.optimize_filters_for_hits: 0
2019/04/09-18:23:47.602931 7ff9cc1f8700                Options.paranoid_file_checks: 0
2019/04/09-18:23:47.602932 7ff9cc1f8700                Options.force_consistency_checks: 0
2019/04/09-18:23:47.602933 7ff9cc1f8700                Options.report_bg_io_stats: 0
2019/04/09-18:23:47.602934 7ff9cc1f8700                               Options.ttl: 0
2019/04/09-18:23:47.603462 7ff9cc1f8700 [db/version_set.cc:3361] Recovered from manifest file:/mnt/nvme0n1/ycsb-rocksdb-data/MANIFEST-000001 succeeded,manifest_file_number is 1, next_file_number is 3, last_sequence is 0, log_number is 0,prev_log_number is 0,max_column_family is 0,min_log_number_to_keep is 0
2019/04/09-18:23:47.603467 7ff9cc1f8700 [db/version_set.cc:3369] Column family [default] (ID 0), log number is 0
2019/04/09-18:23:47.603582 7ff9cc1f8700 [db/version_set.cc:2847] Creating manifest 4
2019/04/09-18:23:47.604252 7ff9cc1f8700 [db/column_family.cc:475] --------------- Options for column family [usertable]:
2019/04/09-18:23:47.604255 7ff9cc1f8700               Options.comparator: leveldb.BytewiseComparator
2019/04/09-18:23:47.604256 7ff9cc1f8700           Options.merge_operator: None
2019/04/09-18:23:47.604257 7ff9cc1f8700        Options.compaction_filter: None
2019/04/09-18:23:47.604258 7ff9cc1f8700        Options.compaction_filter_factory: None
2019/04/09-18:23:47.604259 7ff9cc1f8700         Options.memtable_factory: SkipListFactory
2019/04/09-18:23:47.604260 7ff9cc1f8700            Options.table_factory: BlockBasedTable
2019/04/09-18:23:47.604280 7ff9cc1f8700            table_factory options:   flush_block_policy_factory: FlushBlockBySizePolicyFactory (0x7ff908386710)
  cache_index_and_filter_blocks: 0
  cache_index_and_filter_blocks_with_high_priority: 0
  pin_l0_filter_and_index_blocks_in_cache: 0
  index_type: 0
  hash_index_allow_collision: 1
  checksum: 1
  no_block_cache: 0
  block_cache: 0x7ff908394ff0
  block_cache_name: LRUCache
  block_cache_options:
    capacity : 8388608
    num_shard_bits : 4
    strict_capacity_limit : 0
    high_pri_pool_ratio: 0.000
  block_cache_compressed: (nil)
  persistent_cache: (nil)
  block_size: 8192
  block_size_deviation: 10
  block_restart_interval: 16
  index_block_restart_interval: 1
  metadata_block_size: 4096
  partition_filters: 0
  use_delta_encoding: 1
  filter_policy: nullptr
  whole_key_filtering: 1
  verify_compression: 0
  read_amp_bytes_per_bit: 0
  format_version: 2
  enable_index_compression: 1
  block_align: 0
2019/04/09-18:23:47.604284 7ff9cc1f8700        Options.write_buffer_size: 134217728
2019/04/09-18:23:47.604285 7ff9cc1f8700  Options.max_write_buffer_number: 24
2019/04/09-18:23:47.604286 7ff9cc1f8700        Options.compression[0]: NoCompression
2019/04/09-18:23:47.604287 7ff9cc1f8700        Options.compression[1]: NoCompression
2019/04/09-18:23:47.604288 7ff9cc1f8700        Options.compression[2]: LZ4
2019/04/09-18:23:47.604289 7ff9cc1f8700        Options.compression[3]: LZ4
2019/04/09-18:23:47.604290 7ff9cc1f8700        Options.compression[4]: LZ4
2019/04/09-18:23:47.604291 7ff9cc1f8700        Options.compression[5]: LZ4
2019/04/09-18:23:47.604292 7ff9cc1f8700        Options.compression[6]: LZ4
2019/04/09-18:23:47.604293 7ff9cc1f8700                  Options.bottommost_compression: Disabled
2019/04/09-18:23:47.604294 7ff9cc1f8700       Options.prefix_extractor: nullptr
2019/04/09-18:23:47.604295 7ff9cc1f8700   Options.memtable_insert_with_hint_prefix_extractor: nullptr
2019/04/09-18:23:47.604295 7ff9cc1f8700             Options.num_levels: 7
2019/04/09-18:23:47.604296 7ff9cc1f8700        Options.min_write_buffer_number_to_merge: 2
2019/04/09-18:23:47.604297 7ff9cc1f8700     Options.max_write_buffer_number_to_maintain: 0
2019/04/09-18:23:47.604298 7ff9cc1f8700            Options.compression_opts.window_bits: -14
2019/04/09-18:23:47.604299 7ff9cc1f8700                  Options.compression_opts.level: -1
2019/04/09-18:23:47.604300 7ff9cc1f8700               Options.compression_opts.strategy: 0
2019/04/09-18:23:47.604301 7ff9cc1f8700         Options.compression_opts.max_dict_bytes: 0
2019/04/09-18:23:47.604302 7ff9cc1f8700         Options.compression_opts.zstd_max_train_bytes: 0
2019/04/09-18:23:47.604303 7ff9cc1f8700      Options.level0_file_num_compaction_trigger: 2
2019/04/09-18:23:47.604303 7ff9cc1f8700          Options.level0_slowdown_writes_trigger: 20
2019/04/09-18:23:47.604304 7ff9cc1f8700              Options.level0_stop_writes_trigger: 36
2019/04/09-18:23:47.604305 7ff9cc1f8700                   Options.target_file_size_base: 67108864
2019/04/09-18:23:47.604306 7ff9cc1f8700             Options.target_file_size_multiplier: 1
2019/04/09-18:23:47.604307 7ff9cc1f8700                Options.max_bytes_for_level_base: 536870912
2019/04/09-18:23:47.604308 7ff9cc1f8700 Options.level_compaction_dynamic_level_bytes: 0
2019/04/09-18:23:47.604309 7ff9cc1f8700          Options.max_bytes_for_level_multiplier: 10.000000
2019/04/09-18:23:47.604311 7ff9cc1f8700 Options.max_bytes_for_level_multiplier_addtl[0]: 1
2019/04/09-18:23:47.604319 7ff9cc1f8700 Options.max_bytes_for_level_multiplier_addtl[1]: 1
2019/04/09-18:23:47.604321 7ff9cc1f8700 Options.max_bytes_for_level_multiplier_addtl[2]: 1
2019/04/09-18:23:47.604322 7ff9cc1f8700 Options.max_bytes_for_level_multiplier_addtl[3]: 1
2019/04/09-18:23:47.604323 7ff9cc1f8700 Options.max_bytes_for_level_multiplier_addtl[4]: 1
2019/04/09-18:23:47.604323 7ff9cc1f8700 Options.max_bytes_for_level_multiplier_addtl[5]: 1
2019/04/09-18:23:47.604324 7ff9cc1f8700 Options.max_bytes_for_level_multiplier_addtl[6]: 1
2019/04/09-18:23:47.604325 7ff9cc1f8700       Options.max_sequential_skip_in_iterations: 8
2019/04/09-18:23:47.604326 7ff9cc1f8700                    Options.max_compaction_bytes: 1677721600
2019/04/09-18:23:47.604327 7ff9cc1f8700                        Options.arena_block_size: 16777216
2019/04/09-18:23:47.604328 7ff9cc1f8700   Options.soft_pending_compaction_bytes_limit: 68719476736
2019/04/09-18:23:47.604329 7ff9cc1f8700   Options.hard_pending_compaction_bytes_limit: 274877906944
2019/04/09-18:23:47.604330 7ff9cc1f8700       Options.rate_limit_delay_max_milliseconds: 100
2019/04/09-18:23:47.604331 7ff9cc1f8700                Options.disable_auto_compactions: 0
2019/04/09-18:23:47.604332 7ff9cc1f8700                        Options.compaction_style: kCompactionStyleLevel
2019/04/09-18:23:47.604333 7ff9cc1f8700                          Options.compaction_pri: kByCompensatedSize
2019/04/09-18:23:47.604334 7ff9cc1f8700 Options.compaction_options_universal.size_ratio: 1
2019/04/09-18:23:47.604335 7ff9cc1f8700 Options.compaction_options_universal.min_merge_width: 2
2019/04/09-18:23:47.604336 7ff9cc1f8700 Options.compaction_options_universal.max_merge_width: 4294967295
2019/04/09-18:23:47.604337 7ff9cc1f8700 Options.compaction_options_universal.max_size_amplification_percent: 200
2019/04/09-18:23:47.604338 7ff9cc1f8700 Options.compaction_options_universal.compression_size_percent: -1
2019/04/09-18:23:47.604339 7ff9cc1f8700 Options.compaction_options_universal.stop_style: kCompactionStopStyleTotalSize
2019/04/09-18:23:47.604340 7ff9cc1f8700 Options.compaction_options_fifo.max_table_files_size: 1073741824
2019/04/09-18:23:47.604341 7ff9cc1f8700 Options.compaction_options_fifo.allow_compaction: 0
2019/04/09-18:23:47.604343 7ff9cc1f8700 Options.compaction_options_fifo.ttl: 0
2019/04/09-18:23:47.604344 7ff9cc1f8700                   Options.table_properties_collectors: 
2019/04/09-18:23:47.604345 7ff9cc1f8700                   Options.inplace_update_support: 0
2019/04/09-18:23:47.604346 7ff9cc1f8700                 Options.inplace_update_num_locks: 10000
2019/04/09-18:23:47.604347 7ff9cc1f8700               Options.memtable_prefix_bloom_size_ratio: 0.000000
2019/04/09-18:23:47.604348 7ff9cc1f8700   Options.memtable_huge_page_size: 0
2019/04/09-18:23:47.604349 7ff9cc1f8700                           Options.bloom_locality: 0
2019/04/09-18:23:47.604350 7ff9cc1f8700                    Options.max_successive_merges: 0
2019/04/09-18:23:47.604351 7ff9cc1f8700                Options.optimize_filters_for_hits: 0
2019/04/09-18:23:47.604352 7ff9cc1f8700                Options.paranoid_file_checks: 0
2019/04/09-18:23:47.604353 7ff9cc1f8700                Options.force_consistency_checks: 0
2019/04/09-18:23:47.604354 7ff9cc1f8700                Options.report_bg_io_stats: 0
2019/04/09-18:23:47.604355 7ff9cc1f8700                               Options.ttl: 0
2019/04/09-18:23:47.604391 7ff9cc1f8700 [db/db_impl.cc:1396] Created column family [usertable] (ID 1)
2019/04/09-18:23:47.608685 7ff9cc1f8700 [db/db_impl_open.cc:1219] DB pointer 0x7ff9083dcfa0
2019/04/09-18:23:56.574201 7ff9bf5f5700 [db/db_impl_write.cc:1373] [usertable] New memtable created with log file: #9. Immutable memtables: 0.
2019/04/09-18:24:05.539646 7ff9bffff700 [db/db_impl_write.cc:1373] [usertable] New memtable created with log file: #10. Immutable memtables: 1.
2019/04/09-18:24:05.539846 7ff97effd700 [db/db_impl_compaction_flush.cc:80] [JOB 2] Syncing log #3
2019/04/09-18:24:05.707000 7ff97effd700 [db/db_impl_compaction_flush.cc:80] [JOB 2] Syncing log #9
2019/04/09-18:24:05.997792 7ff97effd700 (Original Log Time 2019/04/09-18:24:05.539784) [db/db_impl_compaction_flush.cc:1424] Calling FlushMemTableToOutputFile with column family [usertable], flush slots available 24, compaction slots available 1, flush slots scheduled 1, compaction slots scheduled 0
2019/04/09-18:24:05.997804 7ff97effd700 [db/flush_job.cc:301] [usertable] [JOB 2] Flushing memtable with next log file: 9
2019/04/09-18:24:05.997813 7ff97effd700 [db/flush_job.cc:301] [usertable] [JOB 2] Flushing memtable with next log file: 10
2019/04/09-18:24:05.997858 7ff97effd700 EVENT_LOG_v1 {"time_micros": 1554859445997838, "job": 2, "event": "flush_started", "num_memtables": 2, "num_entries": 62749, "num_deletes": 0, "memory_usage": 260121336, "flush_reason": "Write Buffer Full"}
2019/04/09-18:24:05.997868 7ff97effd700 [db/flush_job.cc:331] [usertable] [JOB 2] Level-0 flush table #11: started
2019/04/09-18:24:06.491956 7ff97effd700 EVENT_LOG_v1 {"time_micros": 1554859446491929, "cf_name": "usertable", "job": 2, "event": "table_file_creation", "file_number": 11, "file_size": 259868710, "table_properties": {"data_size": 258714141, "index_size": 1153642, "filter_size": 0, "raw_key_size": 1505976, "raw_average_key_size": 24, "raw_value_size": 257019904, "raw_average_value_size": 4096, "num_data_blocks": 31375, "num_entries": 62749, "filter_policy_name": "", "kDeletedKeys": "0", "kMergeOperands": "0"}}
2019/04/09-18:24:06.491991 7ff97effd700 [db/flush_job.cc:371] [usertable] [JOB 2] Level-0 flush table #11: 259868710 bytes OK
2019/04/09-18:24:06.493465 7ff97effd700 (Original Log Time 2019/04/09-18:24:06.492007) [db/memtable_list.cc:377] [usertable] Level-0 commit table #11 started
2019/04/09-18:24:06.493469 7ff97effd700 (Original Log Time 2019/04/09-18:24:06.493394) [db/memtable_list.cc:409] [usertable] Level-0 commit table #11: memtable #1 done
2019/04/09-18:24:06.493470 7ff97effd700 (Original Log Time 2019/04/09-18:24:06.493403) [db/memtable_list.cc:409] [usertable] Level-0 commit table #11: memtable #2 done
2019/04/09-18:24:06.493471 7ff97effd700 (Original Log Time 2019/04/09-18:24:06.493421) EVENT_LOG_v1 {"time_micros": 1554859446493412, "job": 2, "event": "flush_finished", "output_compression": "NoCompression", "lsm_state": [1, 0, 0, 0, 0, 0, 0], "immutable_memtables": 0}
2019/04/09-18:24:06.493473 7ff97effd700 (Original Log Time 2019/04/09-18:24:06.493444) [db/db_impl_compaction_flush.cc:177] [usertable] Level summary: base level 1 max bytes base 536870912 files[1 0 0 0 0 0 0] max score 0.50
2019/04/09-18:24:06.493482 7ff97effd700 [db/db_impl_files.cc:347] [JOB 2] Try to delete WAL files size 259086625, prev total WAL file size 272889692, number of live WAL files 3.
2019/04/09-18:24:14.503934 7ff9c48e2700 [db/db_impl_write.cc:1373] [usertable] New memtable created with log file: #12. Immutable memtables: 0.
2019/04/09-18:24:22.853415 7ff9c4ce6700 [db/db_impl_write.cc:1373] [usertable] New memtable created with log file: #13. Immutable memtables: 1.
2019/04/09-18:24:22.853518 7ff99ffff700 [db/db_impl_compaction_flush.cc:80] [JOB 3] Syncing log #10
2019/04/09-18:24:23.119606 7ff99ffff700 [db/db_impl_compaction_flush.cc:80] [JOB 3] Syncing log #12
2019/04/09-18:24:23.367306 7ff99ffff700 (Original Log Time 2019/04/09-18:24:22.853493) [db/db_impl_compaction_flush.cc:1424] Calling FlushMemTableToOutputFile with column family [usertable], flush slots available 24, compaction slots available 1, flush slots scheduled 1, compaction slots scheduled 0
2019/04/09-18:24:23.367316 7ff99ffff700 [db/flush_job.cc:301] [usertable] [JOB 3] Flushing memtable with next log file: 12
2019/04/09-18:24:23.367334 7ff99ffff700 [db/flush_job.cc:301] [usertable] [JOB 3] Flushing memtable with next log file: 13
2019/04/09-18:24:23.367366 7ff99ffff700 EVENT_LOG_v1 {"time_micros": 1554859463367355, "job": 3, "event": "flush_started", "num_memtables": 2, "num_entries": 60598, "num_deletes": 0, "memory_usage": 255234664, "flush_reason": "Write Buffer Full"}
2019/04/09-18:24:23.367373 7ff99ffff700 [db/flush_job.cc:331] [usertable] [JOB 3] Level-0 flush table #14: started
2019/04/09-18:24:23.824944 7ff99ffff700 EVENT_LOG_v1 {"time_micros": 1554859463824918, "cf_name": "usertable", "job": 3, "event": "table_file_creation", "file_number": 14, "file_size": 250974014, "table_properties": {"data_size": 249852288, "index_size": 1120799, "filter_size": 0, "raw_key_size": 1454352, "raw_average_key_size": 24, "raw_value_size": 248209408, "raw_average_value_size": 4096, "num_data_blocks": 30299, "num_entries": 60598, "filter_policy_name": "", "kDeletedKeys": "0", "kMergeOperands": "0"}}
2019/04/09-18:24:23.824964 7ff99ffff700 [db/flush_job.cc:371] [usertable] [JOB 3] Level-0 flush table #14: 250974014 bytes OK
2019/04/09-18:24:23.825333 7ff99ffff700 (Original Log Time 2019/04/09-18:24:23.824977) [db/memtable_list.cc:377] [usertable] Level-0 commit table #14 started
2019/04/09-18:24:23.825335 7ff99ffff700 (Original Log Time 2019/04/09-18:24:23.825267) [db/memtable_list.cc:409] [usertable] Level-0 commit table #14: memtable #1 done
2019/04/09-18:24:23.825337 7ff99ffff700 (Original Log Time 2019/04/09-18:24:23.825269) [db/memtable_list.cc:409] [usertable] Level-0 commit table #14: memtable #2 done
2019/04/09-18:24:23.825338 7ff99ffff700 (Original Log Time 2019/04/09-18:24:23.825282) EVENT_LOG_v1 {"time_micros": 1554859463825274, "job": 3, "event": "flush_finished", "output_compression": "NoCompression", "lsm_state": [2, 0, 0, 0, 0, 0, 0], "immutable_memtables": 0}
2019/04/09-18:24:23.825340 7ff99ffff700 (Original Log Time 2019/04/09-18:24:23.825315) [db/db_impl_compaction_flush.cc:177] [usertable] Level summary: base level 1 max bytes base 536870912 files[2 0 0 0 0 0 0] max score 1.00
2019/04/09-18:24:23.825348 7ff99ffff700 [db/db_impl_files.cc:347] [JOB 3] Try to delete WAL files size 250205146, prev total WAL file size 264260202, number of live WAL files 3.
2019/04/09-18:24:23.825597 7ff9a4ff9700 [WARN] [db/db_impl.cc:491] ------- DUMPING STATS -------
2019/04/09-18:24:23.825641 7ff9a4ff9700 [WARN] [db/db_impl.cc:492] 
** DB Stats **
Uptime(secs): 36.2 total, 36.2 interval
Cumulative writes: 126K writes, 126K keys, 126K commit groups, 1.0 writes per commit group, ingest: 0.49 GB, 13.78 MB/s
Cumulative WAL: 126K writes, 0 syncs, 126752.00 writes per sync, written: 0.49 GB, 13.78 MB/s
Cumulative stall: 00:00:0.000 H:M:S, 0.0 percent
Interval writes: 126K writes, 126K keys, 126K commit groups, 1.0 writes per commit group, ingest: 499.11 MB, 13.78 MB/s
Interval WAL: 126K writes, 0 syncs, 126752.00 writes per sync, written: 0.49 MB, 13.78 MB/s
Interval stall: 00:00:0.000 H:M:S, 0.0 percent

** Compaction Stats [default] **
Level    Files   Size     Score Read(GB)  Rn(GB) Rnp1(GB) Write(GB) Wnew(GB) Moved(GB) W-Amp Rd(MB/s) Wr(MB/s) Comp(sec) Comp(cnt) Avg(sec) KeyIn KeyDrop
----------------------------------------------------------------------------------------------------------------------------------------------------------
 Sum      0/0    0.00 KB   0.0      0.0     0.0      0.0       0.0      0.0       0.0   0.0      0.0      0.0         0         0    0.000       0      0
 Int      0/0    0.00 KB   0.0      0.0     0.0      0.0       0.0      0.0       0.0   0.0      0.0      0.0         0         0    0.000       0      0
Uptime(secs): 36.2 total, 36.2 interval
Flush(GB): cumulative 0.000, interval 0.000
AddFile(GB): cumulative 0.000, interval 0.000
AddFile(Total Files): cumulative 0, interval 0
AddFile(L0 Files): cumulative 0, interval 0
AddFile(Keys): cumulative 0, interval 0
Cumulative compaction: 0.00 GB write, 0.00 MB/s write, 0.00 GB read, 0.00 MB/s read, 0.0 seconds
Interval compaction: 0.00 GB write, 0.00 MB/s write, 0.00 GB read, 0.00 MB/s read, 0.0 seconds
Stalls(count): 0 level0_slowdown, 0 level0_slowdown_with_compaction, 0 level0_numfiles, 0 level0_numfiles_with_compaction, 0 stop for pending_compaction_bytes, 0 slowdown for pending_compaction_bytes, 0 memtable_compaction, 0 memtable_slowdown, interval 0 total count

** File Read Latency Histogram By Level [default] **

** Compaction Stats [usertable] **
Level    Files   Size     Score Read(GB)  Rn(GB) Rnp1(GB) Write(GB) Wnew(GB) Moved(GB) W-Amp Rd(MB/s) Wr(MB/s) Comp(sec) Comp(cnt) Avg(sec) KeyIn KeyDrop
----------------------------------------------------------------------------------------------------------------------------------------------------------
  L0      2/0   487.18 MB   1.0      0.0     0.0      0.0       0.5      0.5       0.0   1.0      0.0    511.8         1         2    0.476       0      0
 Sum      2/0   487.18 MB   0.0      0.0     0.0      0.0       0.5      0.5       0.0   1.0      0.0    511.8         1         2    0.476       0      0
 Int      0/0    0.00 KB   0.0      0.0     0.0      0.0       0.5      0.5       0.0   1.0      0.0    511.8         1         2    0.476       0      0
Uptime(secs): 36.2 total, 36.2 interval
Flush(GB): cumulative 0.476, interval 0.476
AddFile(GB): cumulative 0.000, interval 0.000
AddFile(Total Files): cumulative 0, interval 0
AddFile(L0 Files): cumulative 0, interval 0
AddFile(Keys): cumulative 0, interval 0
Cumulative compaction: 0.48 GB write, 13.45 MB/s write, 0.00 GB read, 0.00 MB/s read, 1.0 seconds
Interval compaction: 0.48 GB write, 13.45 MB/s write, 0.00 GB read, 0.00 MB/s read, 1.0 seconds
Stalls(count): 0 level0_slowdown, 0 level0_slowdown_with_compaction, 0 level0_numfiles, 0 level0_numfiles_with_compaction, 0 stop for pending_compaction_bytes, 0 slowdown for pending_compaction_bytes, 0 memtable_compaction, 0 memtable_slowdown, interval 0 total count

** File Read Latency Histogram By Level [usertable] **

** Compaction Stats [default] **
Level    Files   Size     Score Read(GB)  Rn(GB) Rnp1(GB) Write(GB) Wnew(GB) Moved(GB) W-Amp Rd(MB/s) Wr(MB/s) Comp(sec) Comp(cnt) Avg(sec) KeyIn KeyDrop
----------------------------------------------------------------------------------------------------------------------------------------------------------
 Sum      0/0    0.00 KB   0.0      0.0     0.0      0.0       0.0      0.0       0.0   0.0      0.0      0.0         0         0    0.000       0      0
 Int      0/0    0.00 KB   0.0      0.0     0.0      0.0       0.0      0.0       0.0   0.0      0.0      0.0         0         0    0.000       0      0
Uptime(secs): 36.2 total, 0.0 interval
Flush(GB): cumulative 0.000, interval 0.000
AddFile(GB): cumulative 0.000, interval 0.000
AddFile(Total Files): cumulative 0, interval 0
AddFile(L0 Files): cumulative 0, interval 0
AddFile(Keys): cumulative 0, interval 0
Cumulative compaction: 0.00 GB write, 0.00 MB/s write, 0.00 GB read, 0.00 MB/s read, 0.0 seconds
Interval compaction: 0.00 GB write, 0.00 MB/s write, 0.00 GB read, 0.00 MB/s read, 0.0 seconds
Stalls(count): 0 level0_slowdown, 0 level0_slowdown_with_compaction, 0 level0_numfiles, 0 level0_numfiles_with_compaction, 0 stop for pending_compaction_bytes, 0 slowdown for pending_compaction_bytes, 0 memtable_compaction, 0 memtable_slowdown, interval 0 total count

** File Read Latency Histogram By Level [default] **

** Compaction Stats [usertable] **
Level    Files   Size     Score Read(GB)  Rn(GB) Rnp1(GB) Write(GB) Wnew(GB) Moved(GB) W-Amp Rd(MB/s) Wr(MB/s) Comp(sec) Comp(cnt) Avg(sec) KeyIn KeyDrop
----------------------------------------------------------------------------------------------------------------------------------------------------------
  L0      2/0   487.18 MB   1.0      0.0     0.0      0.0       0.5      0.5       0.0   1.0      0.0    511.8         1         2    0.476       0      0
 Sum      2/0   487.18 MB   0.0      0.0     0.0      0.0       0.5      0.5       0.0   1.0      0.0    511.8         1         2    0.476       0      0
 Int      0/0    0.00 KB   0.0      0.0     0.0      0.0       0.0      0.0       0.0   0.0      0.0      0.0         0         0    0.000       0      0
Uptime(secs): 36.2 total, 0.0 interval
Flush(GB): cumulative 0.476, interval 0.000
AddFile(GB): cumulative 0.000, interval 0.000
AddFile(Total Files): cumulative 0, interval 0
AddFile(L0 Files): cumulative 0, interval 0
AddFile(Keys): cumulative 0, interval 0
Cumulative compaction: 0.48 GB write, 13.45 MB/s write, 0.00 GB read, 0.00 MB/s read, 1.0 seconds
Interval compaction: 0.00 GB write, 0.00 MB/s write, 0.00 GB read, 0.00 MB/s read, 0.0 seconds
Stalls(count): 0 level0_slowdown, 0 level0_slowdown_with_compaction, 0 level0_numfiles, 0 level0_numfiles_with_compaction, 0 stop for pending_compaction_bytes, 0 slowdown for pending_compaction_bytes, 0 memtable_compaction, 0 memtable_slowdown, interval 0 total count

** File Read Latency Histogram By Level [usertable] **
2019/04/09-18:24:23.826183 7ff9a4ff9700 (Original Log Time 2019/04/09-18:24:23.825778) [db/db_impl_compaction_flush.cc:1835] [usertable] Moving #11 to level-1 259868710 bytes
2019/04/09-18:24:23.826187 7ff9a4ff9700 (Original Log Time 2019/04/09-18:24:23.826140) EVENT_LOG_v1 {"time_micros": 1554859463826135, "job": 4, "event": "trivial_move", "destination_level": 1, "files": 1, "total_files_size": 259868710}
2019/04/09-18:24:23.826188 7ff9a4ff9700 (Original Log Time 2019/04/09-18:24:23.826157) [db/db_impl_compaction_flush.cc:1864] [usertable] Moved #1 files to level-1 259868710 bytes OK: base level 1 max bytes base 536870912 files[1 1 0 0 0 0 0] max score 0.50
2019/04/09-18:24:30.822684 7ff9c4ae4700 [db/db_impl_write.cc:1373] [usertable] New memtable created with log file: #15. Immutable memtables: 0.
2019/04/09-18:24:39.441048 7ff9cc1f8700 [db/db_impl_write.cc:1373] [usertable] New memtable created with log file: #16. Immutable memtables: 1.
2019/04/09-18:24:39.441147 7ff99f7fe700 [db/db_impl_compaction_flush.cc:80] [JOB 5] Syncing log #13
2019/04/09-18:24:39.671596 7ff99f7fe700 [db/db_impl_compaction_flush.cc:80] [JOB 5] Syncing log #15
2019/04/09-18:24:39.902491 7ff99f7fe700 (Original Log Time 2019/04/09-18:24:39.441122) [db/db_impl_compaction_flush.cc:1424] Calling FlushMemTableToOutputFile with column family [usertable], flush slots available 24, compaction slots available 1, flush slots scheduled 1, compaction slots scheduled 0
2019/04/09-18:24:39.902500 7ff99f7fe700 [db/flush_job.cc:301] [usertable] [JOB 5] Flushing memtable with next log file: 15
2019/04/09-18:24:39.902510 7ff99f7fe700 [db/flush_job.cc:301] [usertable] [JOB 5] Flushing memtable with next log file: 16
2019/04/09-18:24:39.902543 7ff99f7fe700 EVENT_LOG_v1 {"time_micros": 1554859479902532, "job": 5, "event": "flush_started", "num_memtables": 2, "num_entries": 58057, "num_deletes": 0, "memory_usage": 256060128, "flush_reason": "Write Buffer Full"}
2019/04/09-18:24:39.902559 7ff99f7fe700 [db/flush_job.cc:331] [usertable] [JOB 5] Level-0 flush table #17: started
2019/04/09-18:24:40.302111 7ff99f7fe700 EVENT_LOG_v1 {"time_micros": 1554859480302085, "cf_name": "usertable", "job": 5, "event": "table_file_creation", "file_number": 17, "file_size": 240450212, "table_properties": {"data_size": 239375476, "index_size": 1073809, "filter_size": 0, "raw_key_size": 1393368, "raw_average_key_size": 24, "raw_value_size": 237801472, "raw_average_value_size": 4096, "num_data_blocks": 29029, "num_entries": 58057, "filter_policy_name": "", "kDeletedKeys": "0", "kMergeOperands": "0"}}
2019/04/09-18:24:40.302130 7ff99f7fe700 [db/flush_job.cc:371] [usertable] [JOB 5] Level-0 flush table #17: 240450212 bytes OK
2019/04/09-18:24:40.302384 7ff99f7fe700 (Original Log Time 2019/04/09-18:24:40.302143) [db/memtable_list.cc:377] [usertable] Level-0 commit table #17 started
2019/04/09-18:24:40.302386 7ff99f7fe700 (Original Log Time 2019/04/09-18:24:40.302315) [db/memtable_list.cc:409] [usertable] Level-0 commit table #17: memtable #1 done
2019/04/09-18:24:40.302388 7ff99f7fe700 (Original Log Time 2019/04/09-18:24:40.302317) [db/memtable_list.cc:409] [usertable] Level-0 commit table #17: memtable #2 done
2019/04/09-18:24:40.302389 7ff99f7fe700 (Original Log Time 2019/04/09-18:24:40.302330) EVENT_LOG_v1 {"time_micros": 1554859480302322, "job": 5, "event": "flush_finished", "output_compression": "NoCompression", "lsm_state": [2, 1, 0, 0, 0, 0, 0], "immutable_memtables": 0}
2019/04/09-18:24:40.302391 7ff99f7fe700 (Original Log Time 2019/04/09-18:24:40.302358) [db/db_impl_compaction_flush.cc:177] [usertable] Level summary: base level 1 max bytes base 536870912 files[2 1 0 0 0 0 0] max score 1.00
