2019/07/08-13:34:39.512032 7f7df0ce1700 RocksDB version: 5.14.3
2019/07/08-13:34:39.512083 7f7df0ce1700 Git sha rocksdb_build_git_sha:
2019/07/08-13:34:39.512086 7f7df0ce1700 Compile date Oct  9 2018
2019/07/08-13:34:39.512096 7f7df0ce1700 DB SUMMARY
2019/07/08-13:34:39.512924 7f7df0ce1700 CURRENT file:  CURRENT
2019/07/08-13:34:39.512928 7f7df0ce1700 IDENTITY file:  IDENTITY
2019/07/08-13:34:39.512942 7f7df0ce1700 MANIFEST file:  MANIFEST-000004 size: 126910 Bytes
2019/07/08-13:34:39.512946 7f7df0ce1700 SST files in /mnt/sdb/ycsb-rocksdb-data dir, Total Num: 720, files: 000021.sst 000022.sst 000023.sst 000024.sst 000028.sst 000029.sst 000030.sst 000031.sst 000035.sst 
2019/07/08-13:34:39.512952 7f7df0ce1700 Write Ahead Log file in /mnt/sdb/ycsb-rocksdb-data: 001287.log size: 29106580 ; 
2019/07/08-13:34:39.512979 7f7df0ce1700                         Options.error_if_exists: 0
2019/07/08-13:34:39.512981 7f7df0ce1700                       Options.create_if_missing: 1
2019/07/08-13:34:39.512982 7f7df0ce1700                         Options.paranoid_checks: 1
2019/07/08-13:34:39.512983 7f7df0ce1700                                     Options.env: 0x7f7df09ca080
2019/07/08-13:34:39.512984 7f7df0ce1700                                Options.info_log: 0x7f7d603b6e40
2019/07/08-13:34:39.512985 7f7df0ce1700                Options.max_file_opening_threads: 16
2019/07/08-13:34:39.512985 7f7df0ce1700                              Options.statistics: (nil)
2019/07/08-13:34:39.512987 7f7df0ce1700                               Options.use_fsync: 0
2019/07/08-13:34:39.512987 7f7df0ce1700                       Options.max_log_file_size: 0
2019/07/08-13:34:39.512988 7f7df0ce1700                  Options.max_manifest_file_size: 18446744073709551615
2019/07/08-13:34:39.512989 7f7df0ce1700                   Options.log_file_time_to_roll: 0
2019/07/08-13:34:39.512990 7f7df0ce1700                       Options.keep_log_file_num: 1000
2019/07/08-13:34:39.512991 7f7df0ce1700                    Options.recycle_log_file_num: 0
2019/07/08-13:34:39.512992 7f7df0ce1700                         Options.allow_fallocate: 1
2019/07/08-13:34:39.512993 7f7df0ce1700                        Options.allow_mmap_reads: 0
2019/07/08-13:34:39.512994 7f7df0ce1700                       Options.allow_mmap_writes: 0
2019/07/08-13:34:39.512995 7f7df0ce1700                        Options.use_direct_reads: 0
2019/07/08-13:34:39.512995 7f7df0ce1700                        Options.use_direct_io_for_flush_and_compaction: 0
2019/07/08-13:34:39.512997 7f7df0ce1700          Options.create_missing_column_families: 1
2019/07/08-13:34:39.512997 7f7df0ce1700                              Options.db_log_dir: 
2019/07/08-13:34:39.512998 7f7df0ce1700                                 Options.wal_dir: /mnt/sdb/ycsb-rocksdb-data
2019/07/08-13:34:39.512999 7f7df0ce1700                Options.table_cache_numshardbits: 6
2019/07/08-13:34:39.513000 7f7df0ce1700                      Options.max_subcompactions: 4
2019/07/08-13:34:39.513001 7f7df0ce1700                  Options.max_background_flushes: 24
2019/07/08-13:34:39.513002 7f7df0ce1700                         Options.WAL_ttl_seconds: 0
2019/07/08-13:34:39.513003 7f7df0ce1700                       Options.WAL_size_limit_MB: 0
2019/07/08-13:34:39.513004 7f7df0ce1700             Options.manifest_preallocation_size: 4194304
2019/07/08-13:34:39.513005 7f7df0ce1700                     Options.is_fd_close_on_exec: 1
2019/07/08-13:34:39.513006 7f7df0ce1700                   Options.advise_random_on_open: 1
2019/07/08-13:34:39.513006 7f7df0ce1700                    Options.db_write_buffer_size: 0
2019/07/08-13:34:39.513007 7f7df0ce1700                    Options.write_buffer_manager: 0x7f7d603b72e0
2019/07/08-13:34:39.513008 7f7df0ce1700         Options.access_hint_on_compaction_start: 1
2019/07/08-13:34:39.513009 7f7df0ce1700  Options.new_table_reader_for_compaction_inputs: 0
2019/07/08-13:34:39.513010 7f7df0ce1700           Options.random_access_max_buffer_size: 1048576
2019/07/08-13:34:39.513011 7f7df0ce1700                      Options.use_adaptive_mutex: 0
2019/07/08-13:34:39.513012 7f7df0ce1700                            Options.rate_limiter: (nil)
2019/07/08-13:34:39.513026 7f7df0ce1700     Options.sst_file_manager.rate_bytes_per_sec: 0
2019/07/08-13:34:39.513028 7f7df0ce1700                       Options.wal_recovery_mode: 2
2019/07/08-13:34:39.513029 7f7df0ce1700                  Options.enable_thread_tracking: 0
2019/07/08-13:34:39.513030 7f7df0ce1700                  Options.enable_pipelined_write: 1
2019/07/08-13:34:39.513031 7f7df0ce1700         Options.allow_concurrent_memtable_write: 1
2019/07/08-13:34:39.513032 7f7df0ce1700      Options.enable_write_thread_adaptive_yield: 1
2019/07/08-13:34:39.513032 7f7df0ce1700             Options.write_thread_max_yield_usec: 100
2019/07/08-13:34:39.513033 7f7df0ce1700            Options.write_thread_slow_yield_usec: 3
2019/07/08-13:34:39.513034 7f7df0ce1700                               Options.row_cache: None
2019/07/08-13:34:39.513035 7f7df0ce1700                              Options.wal_filter: None
2019/07/08-13:34:39.513036 7f7df0ce1700             Options.avoid_flush_during_recovery: 0
2019/07/08-13:34:39.513037 7f7df0ce1700             Options.allow_ingest_behind: 0
2019/07/08-13:34:39.513038 7f7df0ce1700             Options.preserve_deletes: 0
2019/07/08-13:34:39.513039 7f7df0ce1700             Options.two_write_queues: 0
2019/07/08-13:34:39.513040 7f7df0ce1700             Options.manual_wal_flush: 0
2019/07/08-13:34:39.513042 7f7df0ce1700             Options.max_background_jobs: 24
2019/07/08-13:34:39.513043 7f7df0ce1700             Options.max_background_compactions: 24
2019/07/08-13:34:39.513044 7f7df0ce1700             Options.avoid_flush_during_shutdown: 0
2019/07/08-13:34:39.513045 7f7df0ce1700           Options.writable_file_max_buffer_size: 1048576
2019/07/08-13:34:39.513046 7f7df0ce1700             Options.delayed_write_rate : 16777216
2019/07/08-13:34:39.513047 7f7df0ce1700             Options.max_total_wal_size: 0
2019/07/08-13:34:39.513047 7f7df0ce1700             Options.delete_obsolete_files_period_micros: 21600000000
2019/07/08-13:34:39.513048 7f7df0ce1700                   Options.stats_dump_period_sec: 60
2019/07/08-13:34:39.513049 7f7df0ce1700                          Options.max_open_files: -1
2019/07/08-13:34:39.513050 7f7df0ce1700                          Options.bytes_per_sync: 1048576
2019/07/08-13:34:39.513051 7f7df0ce1700                      Options.wal_bytes_per_sync: 0
2019/07/08-13:34:39.513052 7f7df0ce1700       Options.compaction_readahead_size: 0
2019/07/08-13:34:39.513053 7f7df0ce1700 Compression algorithms supported:
2019/07/08-13:34:39.513054 7f7df0ce1700 	kZSTDNotFinalCompression supported: 1
2019/07/08-13:34:39.513063 7f7df0ce1700 	kZSTD supported: 1
2019/07/08-13:34:39.513065 7f7df0ce1700 	kXpressCompression supported: 0
2019/07/08-13:34:39.513066 7f7df0ce1700 	kLZ4HCCompression supported: 1
2019/07/08-13:34:39.513068 7f7df0ce1700 	kLZ4Compression supported: 1
2019/07/08-13:34:39.513069 7f7df0ce1700 	kBZip2Compression supported: 1
2019/07/08-13:34:39.513070 7f7df0ce1700 	kZlibCompression supported: 1
2019/07/08-13:34:39.513071 7f7df0ce1700 	kSnappyCompression supported: 1
2019/07/08-13:34:39.513074 7f7df0ce1700 Fast CRC32 supported: Not supported on x86
2019/07/08-13:34:39.513811 7f7df0ce1700 [db/version_set.cc:3085] Recovering from manifest file: MANIFEST-000004
2019/07/08-13:34:39.513919 7f7df0ce1700 [db/column_family.cc:475] --------------- Options for column family [default]:
2019/07/08-13:34:39.513923 7f7df0ce1700               Options.comparator: leveldb.BytewiseComparator
2019/07/08-13:34:39.513924 7f7df0ce1700           Options.merge_operator: None
2019/07/08-13:34:39.513925 7f7df0ce1700        Options.compaction_filter: None
2019/07/08-13:34:39.513926 7f7df0ce1700        Options.compaction_filter_factory: None
2019/07/08-13:34:39.513927 7f7df0ce1700         Options.memtable_factory: SkipListFactory
2019/07/08-13:34:39.513928 7f7df0ce1700            Options.table_factory: BlockBasedTable
2019/07/08-13:34:39.513951 7f7df0ce1700            table_factory options:   flush_block_policy_factory: FlushBlockBySizePolicyFactory (0x7f7d603a7af0)
  cache_index_and_filter_blocks: 0
  cache_index_and_filter_blocks_with_high_priority: 0
  pin_l0_filter_and_index_blocks_in_cache: 0
  index_type: 0
  hash_index_allow_collision: 1
  checksum: 1
  no_block_cache: 0
  block_cache: 0x7f7d603a7230
  block_cache_name: LRUCache
  block_cache_options:
    capacity : 8388608
    num_shard_bits : 4
    strict_capacity_limit : 0
    high_pri_pool_ratio: 0.000
  block_cache_compressed: (nil)
  persistent_cache: (nil)
  block_size: 8192
  block_size_deviation: 10
  block_restart_interval: 16
  index_block_restart_interval: 1
  metadata_block_size: 4096
  partition_filters: 0
  use_delta_encoding: 1
  filter_policy: nullptr
  whole_key_filtering: 1
  verify_compression: 0
  read_amp_bytes_per_bit: 0
  format_version: 2
  enable_index_compression: 1
  block_align: 0
2019/07/08-13:34:39.513965 7f7df0ce1700        Options.write_buffer_size: 134217728
2019/07/08-13:34:39.513967 7f7df0ce1700  Options.max_write_buffer_number: 24
2019/07/08-13:34:39.513968 7f7df0ce1700        Options.compression[0]: NoCompression
2019/07/08-13:34:39.513970 7f7df0ce1700        Options.compression[1]: NoCompression
2019/07/08-13:34:39.513971 7f7df0ce1700        Options.compression[2]: LZ4
2019/07/08-13:34:39.513972 7f7df0ce1700        Options.compression[3]: LZ4
2019/07/08-13:34:39.513973 7f7df0ce1700        Options.compression[4]: LZ4
2019/07/08-13:34:39.513974 7f7df0ce1700        Options.compression[5]: LZ4
2019/07/08-13:34:39.513974 7f7df0ce1700        Options.compression[6]: LZ4
2019/07/08-13:34:39.513975 7f7df0ce1700                  Options.bottommost_compression: Disabled
2019/07/08-13:34:39.513976 7f7df0ce1700       Options.prefix_extractor: nullptr
2019/07/08-13:34:39.513977 7f7df0ce1700   Options.memtable_insert_with_hint_prefix_extractor: nullptr
2019/07/08-13:34:39.513978 7f7df0ce1700             Options.num_levels: 7
2019/07/08-13:34:39.513979 7f7df0ce1700        Options.min_write_buffer_number_to_merge: 2
2019/07/08-13:34:39.513980 7f7df0ce1700     Options.max_write_buffer_number_to_maintain: 0
2019/07/08-13:34:39.513981 7f7df0ce1700            Options.compression_opts.window_bits: -14
2019/07/08-13:34:39.513982 7f7df0ce1700                  Options.compression_opts.level: -1
2019/07/08-13:34:39.513982 7f7df0ce1700               Options.compression_opts.strategy: 0
2019/07/08-13:34:39.513983 7f7df0ce1700         Options.compression_opts.max_dict_bytes: 0
2019/07/08-13:34:39.513984 7f7df0ce1700         Options.compression_opts.zstd_max_train_bytes: 0
2019/07/08-13:34:39.513985 7f7df0ce1700      Options.level0_file_num_compaction_trigger: 2
2019/07/08-13:34:39.513986 7f7df0ce1700          Options.level0_slowdown_writes_trigger: 20
2019/07/08-13:34:39.513987 7f7df0ce1700              Options.level0_stop_writes_trigger: 36
2019/07/08-13:34:39.513987 7f7df0ce1700                   Options.target_file_size_base: 67108864
2019/07/08-13:34:39.513988 7f7df0ce1700             Options.target_file_size_multiplier: 1
2019/07/08-13:34:39.513989 7f7df0ce1700                Options.max_bytes_for_level_base: 536870912
2019/07/08-13:34:39.513990 7f7df0ce1700 Options.level_compaction_dynamic_level_bytes: 0
2019/07/08-13:34:39.513991 7f7df0ce1700          Options.max_bytes_for_level_multiplier: 10.000000
2019/07/08-13:34:39.513993 7f7df0ce1700 Options.max_bytes_for_level_multiplier_addtl[0]: 1
2019/07/08-13:34:39.513994 7f7df0ce1700 Options.max_bytes_for_level_multiplier_addtl[1]: 1
2019/07/08-13:34:39.513995 7f7df0ce1700 Options.max_bytes_for_level_multiplier_addtl[2]: 1
2019/07/08-13:34:39.513996 7f7df0ce1700 Options.max_bytes_for_level_multiplier_addtl[3]: 1
2019/07/08-13:34:39.513997 7f7df0ce1700 Options.max_bytes_for_level_multiplier_addtl[4]: 1
2019/07/08-13:34:39.513998 7f7df0ce1700 Options.max_bytes_for_level_multiplier_addtl[5]: 1
2019/07/08-13:34:39.513999 7f7df0ce1700 Options.max_bytes_for_level_multiplier_addtl[6]: 1
2019/07/08-13:34:39.513999 7f7df0ce1700       Options.max_sequential_skip_in_iterations: 8
2019/07/08-13:34:39.514000 7f7df0ce1700                    Options.max_compaction_bytes: 1677721600
2019/07/08-13:34:39.514007 7f7df0ce1700                        Options.arena_block_size: 16777216
2019/07/08-13:34:39.514008 7f7df0ce1700   Options.soft_pending_compaction_bytes_limit: 68719476736
2019/07/08-13:34:39.514009 7f7df0ce1700   Options.hard_pending_compaction_bytes_limit: 274877906944
2019/07/08-13:34:39.514010 7f7df0ce1700       Options.rate_limit_delay_max_milliseconds: 100
2019/07/08-13:34:39.514011 7f7df0ce1700                Options.disable_auto_compactions: 0
2019/07/08-13:34:39.514013 7f7df0ce1700                        Options.compaction_style: kCompactionStyleLevel
2019/07/08-13:34:39.514014 7f7df0ce1700                          Options.compaction_pri: kByCompensatedSize
2019/07/08-13:34:39.514015 7f7df0ce1700 Options.compaction_options_universal.size_ratio: 1
2019/07/08-13:34:39.514016 7f7df0ce1700 Options.compaction_options_universal.min_merge_width: 2
2019/07/08-13:34:39.514017 7f7df0ce1700 Options.compaction_options_universal.max_merge_width: 4294967295
2019/07/08-13:34:39.514018 7f7df0ce1700 Options.compaction_options_universal.max_size_amplification_percent: 200
2019/07/08-13:34:39.514019 7f7df0ce1700 Options.compaction_options_universal.compression_size_percent: -1
2019/07/08-13:34:39.514020 7f7df0ce1700 Options.compaction_options_universal.stop_style: kCompactionStopStyleTotalSize
2019/07/08-13:34:39.514021 7f7df0ce1700 Options.compaction_options_fifo.max_table_files_size: 1073741824
2019/07/08-13:34:39.514022 7f7df0ce1700 Options.compaction_options_fifo.allow_compaction: 0
2019/07/08-13:34:39.514023 7f7df0ce1700 Options.compaction_options_fifo.ttl: 0
2019/07/08-13:34:39.514023 7f7df0ce1700                   Options.table_properties_collectors: 
2019/07/08-13:34:39.514024 7f7df0ce1700                   Options.inplace_update_support: 0
2019/07/08-13:34:39.514025 7f7df0ce1700                 Options.inplace_update_num_locks: 10000
2019/07/08-13:34:39.514026 7f7df0ce1700               Options.memtable_prefix_bloom_size_ratio: 0.000000
2019/07/08-13:34:39.514027 7f7df0ce1700   Options.memtable_huge_page_size: 0
2019/07/08-13:34:39.514028 7f7df0ce1700                           Options.bloom_locality: 0
2019/07/08-13:34:39.514029 7f7df0ce1700                    Options.max_successive_merges: 0
2019/07/08-13:34:39.514030 7f7df0ce1700                Options.optimize_filters_for_hits: 0
2019/07/08-13:34:39.514031 7f7df0ce1700                Options.paranoid_file_checks: 0
2019/07/08-13:34:39.514032 7f7df0ce1700                Options.force_consistency_checks: 0
2019/07/08-13:34:39.514033 7f7df0ce1700                Options.report_bg_io_stats: 0
2019/07/08-13:34:39.514033 7f7df0ce1700                               Options.ttl: 0
2019/07/08-13:34:39.514938 7f7df0ce1700 [db/column_family.cc:475] --------------- Options for column family [usertable]:
2019/07/08-13:34:39.514943 7f7df0ce1700               Options.comparator: leveldb.BytewiseComparator
2019/07/08-13:34:39.514944 7f7df0ce1700           Options.merge_operator: None
2019/07/08-13:34:39.514945 7f7df0ce1700        Options.compaction_filter: None
2019/07/08-13:34:39.514946 7f7df0ce1700        Options.compaction_filter_factory: None
2019/07/08-13:34:39.514947 7f7df0ce1700         Options.memtable_factory: SkipListFactory
2019/07/08-13:34:39.514948 7f7df0ce1700            Options.table_factory: BlockBasedTable
2019/07/08-13:34:39.514973 7f7df0ce1700            table_factory options:   flush_block_policy_factory: FlushBlockBySizePolicyFactory (0x7f7d603b5f20)
  cache_index_and_filter_blocks: 0
  cache_index_and_filter_blocks_with_high_priority: 0
  pin_l0_filter_and_index_blocks_in_cache: 0
  index_type: 0
  hash_index_allow_collision: 1
  checksum: 1
  no_block_cache: 0
  block_cache: 0x7f7d603b4d80
  block_cache_name: LRUCache
  block_cache_options:
    capacity : 8388608
    num_shard_bits : 4
    strict_capacity_limit : 0
    high_pri_pool_ratio: 0.000
  block_cache_compressed: (nil)
  persistent_cache: (nil)
  block_size: 8192
  block_size_deviation: 10
  block_restart_interval: 16
  index_block_restart_interval: 1
  metadata_block_size: 4096
  partition_filters: 0
  use_delta_encoding: 1
  filter_policy: nullptr
  whole_key_filtering: 1
  verify_compression: 0
  read_amp_bytes_per_bit: 0
  format_version: 2
  enable_index_compression: 1
  block_align: 0
2019/07/08-13:34:39.514987 7f7df0ce1700        Options.write_buffer_size: 134217728
2019/07/08-13:34:39.514989 7f7df0ce1700  Options.max_write_buffer_number: 24
2019/07/08-13:34:39.514990 7f7df0ce1700        Options.compression[0]: NoCompression
2019/07/08-13:34:39.514991 7f7df0ce1700        Options.compression[1]: NoCompression
2019/07/08-13:34:39.514993 7f7df0ce1700        Options.compression[2]: LZ4
2019/07/08-13:34:39.514994 7f7df0ce1700        Options.compression[3]: LZ4
2019/07/08-13:34:39.514994 7f7df0ce1700        Options.compression[4]: LZ4
2019/07/08-13:34:39.514995 7f7df0ce1700        Options.compression[5]: LZ4
2019/07/08-13:34:39.514996 7f7df0ce1700        Options.compression[6]: LZ4
2019/07/08-13:34:39.514997 7f7df0ce1700                  Options.bottommost_compression: Disabled
2019/07/08-13:34:39.514998 7f7df0ce1700       Options.prefix_extractor: nullptr
2019/07/08-13:34:39.514999 7f7df0ce1700   Options.memtable_insert_with_hint_prefix_extractor: nullptr
2019/07/08-13:34:39.515000 7f7df0ce1700             Options.num_levels: 7
2019/07/08-13:34:39.515001 7f7df0ce1700        Options.min_write_buffer_number_to_merge: 2
2019/07/08-13:34:39.515002 7f7df0ce1700     Options.max_write_buffer_number_to_maintain: 0
2019/07/08-13:34:39.515002 7f7df0ce1700            Options.compression_opts.window_bits: -14
2019/07/08-13:34:39.515003 7f7df0ce1700                  Options.compression_opts.level: -1
2019/07/08-13:34:39.515004 7f7df0ce1700               Options.compression_opts.strategy: 0
2019/07/08-13:34:39.515005 7f7df0ce1700         Options.compression_opts.max_dict_bytes: 0
2019/07/08-13:34:39.515006 7f7df0ce1700         Options.compression_opts.zstd_max_train_bytes: 0
2019/07/08-13:34:39.515007 7f7df0ce1700      Options.level0_file_num_compaction_trigger: 2
2019/07/08-13:34:39.515007 7f7df0ce1700          Options.level0_slowdown_writes_trigger: 20
2019/07/08-13:34:39.515008 7f7df0ce1700              Options.level0_stop_writes_trigger: 36
2019/07/08-13:34:39.515009 7f7df0ce1700                   Options.target_file_size_base: 67108864
2019/07/08-13:34:39.515010 7f7df0ce1700             Options.target_file_size_multiplier: 1
2019/07/08-13:34:39.515011 7f7df0ce1700                Options.max_bytes_for_level_base: 536870912
2019/07/08-13:34:39.515012 7f7df0ce1700 Options.level_compaction_dynamic_level_bytes: 0
2019/07/08-13:34:39.515013 7f7df0ce1700          Options.max_bytes_for_level_multiplier: 10.000000
2019/07/08-13:34:39.515015 7f7df0ce1700 Options.max_bytes_for_level_multiplier_addtl[0]: 1
2019/07/08-13:34:39.515016 7f7df0ce1700 Options.max_bytes_for_level_multiplier_addtl[1]: 1
2019/07/08-13:34:39.515017 7f7df0ce1700 Options.max_bytes_for_level_multiplier_addtl[2]: 1
2019/07/08-13:34:39.515018 7f7df0ce1700 Options.max_bytes_for_level_multiplier_addtl[3]: 1
2019/07/08-13:34:39.515018 7f7df0ce1700 Options.max_bytes_for_level_multiplier_addtl[4]: 1
2019/07/08-13:34:39.515019 7f7df0ce1700 Options.max_bytes_for_level_multiplier_addtl[5]: 1
2019/07/08-13:34:39.515020 7f7df0ce1700 Options.max_bytes_for_level_multiplier_addtl[6]: 1
2019/07/08-13:34:39.515021 7f7df0ce1700       Options.max_sequential_skip_in_iterations: 8
2019/07/08-13:34:39.515022 7f7df0ce1700                    Options.max_compaction_bytes: 1677721600
2019/07/08-13:34:39.515023 7f7df0ce1700                        Options.arena_block_size: 16777216
2019/07/08-13:34:39.515024 7f7df0ce1700   Options.soft_pending_compaction_bytes_limit: 68719476736
2019/07/08-13:34:39.515025 7f7df0ce1700   Options.hard_pending_compaction_bytes_limit: 274877906944
2019/07/08-13:34:39.515025 7f7df0ce1700       Options.rate_limit_delay_max_milliseconds: 100
2019/07/08-13:34:39.515026 7f7df0ce1700                Options.disable_auto_compactions: 0
2019/07/08-13:34:39.515027 7f7df0ce1700                        Options.compaction_style: kCompactionStyleLevel
2019/07/08-13:34:39.515034 7f7df0ce1700                          Options.compaction_pri: kByCompensatedSize
2019/07/08-13:34:39.515036 7f7df0ce1700 Options.compaction_options_universal.size_ratio: 1
2019/07/08-13:34:39.515036 7f7df0ce1700 Options.compaction_options_universal.min_merge_width: 2
2019/07/08-13:34:39.515037 7f7df0ce1700 Options.compaction_options_universal.max_merge_width: 4294967295
2019/07/08-13:34:39.515038 7f7df0ce1700 Options.compaction_options_universal.max_size_amplification_percent: 200
2019/07/08-13:34:39.515039 7f7df0ce1700 Options.compaction_options_universal.compression_size_percent: -1
2019/07/08-13:34:39.515040 7f7df0ce1700 Options.compaction_options_universal.stop_style: kCompactionStopStyleTotalSize
2019/07/08-13:34:39.515041 7f7df0ce1700 Options.compaction_options_fifo.max_table_files_size: 1073741824
2019/07/08-13:34:39.515042 7f7df0ce1700 Options.compaction_options_fifo.allow_compaction: 0
2019/07/08-13:34:39.515043 7f7df0ce1700 Options.compaction_options_fifo.ttl: 0
2019/07/08-13:34:39.515044 7f7df0ce1700                   Options.table_properties_collectors: 
2019/07/08-13:34:39.515045 7f7df0ce1700                   Options.inplace_update_support: 0
2019/07/08-13:34:39.515045 7f7df0ce1700                 Options.inplace_update_num_locks: 10000
2019/07/08-13:34:39.515046 7f7df0ce1700               Options.memtable_prefix_bloom_size_ratio: 0.000000
2019/07/08-13:34:39.515048 7f7df0ce1700   Options.memtable_huge_page_size: 0
2019/07/08-13:34:39.515049 7f7df0ce1700                           Options.bloom_locality: 0
2019/07/08-13:34:39.515049 7f7df0ce1700                    Options.max_successive_merges: 0
2019/07/08-13:34:39.515050 7f7df0ce1700                Options.optimize_filters_for_hits: 0
2019/07/08-13:34:39.515051 7f7df0ce1700                Options.paranoid_file_checks: 0
2019/07/08-13:34:39.515052 7f7df0ce1700                Options.force_consistency_checks: 0
2019/07/08-13:34:39.515053 7f7df0ce1700                Options.report_bg_io_stats: 0
2019/07/08-13:34:39.515054 7f7df0ce1700                               Options.ttl: 0
2019/07/08-13:34:40.069051 7f7df0ce1700 [db/version_set.cc:3361] Recovered from manifest file:/mnt/sdb/ycsb-rocksdb-data/MANIFEST-000004 succeeded,manifest_file_number is 4, next_file_number is 1290, last_sequence is 10444103, log_number is 0,prev_log_number is 0,max_column_family is 1,min_log_number_to_keep is 0
2019/07/08-13:34:40.069067 7f7df0ce1700 [db/version_set.cc:3369] Column family [default] (ID 0), log number is 0
2019/07/08-13:34:40.069070 7f7df0ce1700 [db/version_set.cc:3369] Column family [usertable] (ID 1), log number is 1287
2019/07/08-13:34:40.071178 7f7df0ce1700 EVENT_LOG_v1 {"time_micros": 1562618080071157, "job": 1, "event": "recovery_started", "log_files": [1287]}
2019/07/08-13:34:40.071186 7f7df0ce1700 [db/db_impl_open.cc:551] Recovering log #1287 mode 2
2019/07/08-13:34:40.224071 7f7df0ce1700 [db/version_set.cc:2847] Creating manifest 1290
2019/07/08-13:34:40.410795 7f7df0ce1700 EVENT_LOG_v1 {"time_micros": 1562618080410762, "cf_name": "usertable", "job": 1, "event": "table_file_creation", "file_number": 1291, "file_size": 29141032, "table_properties": {"data_size": 29010209, "index_size": 129902, "filter_size": 0, "raw_key_size": 168864, "raw_average_key_size": 24, "raw_value_size": 28819456, "raw_average_value_size": 4096, "num_data_blocks": 3518, "num_entries": 7036, "filter_policy_name": "", "kDeletedKeys": "0", "kMergeOperands": "0"}}
2019/07/08-13:34:40.428213 7f7df0ce1700 EVENT_LOG_v1 {"time_micros": 1562618080428205, "job": 1, "event": "recovery_finished"}
2019/07/08-13:34:40.465926 7f7df0ce1700 [db/db_impl_open.cc:1219] DB pointer 0x7f7d603a61c0
2019/07/08-13:34:40.466275 7f7cfb7fe700 [WARN] [db/db_impl.cc:491] ------- DUMPING STATS -------
2019/07/08-13:34:40.466320 7f7cfb7fe700 [WARN] [db/db_impl.cc:492] 
** DB Stats **
Uptime(secs): 1.0 total, 1.0 interval
Cumulative writes: 0 writes, 0 keys, 0 commit groups, 0.0 writes per commit group, ingest: 0.00 GB, 0.00 MB/s
Cumulative WAL: 0 writes, 0 syncs, 0.00 writes per sync, written: 0.00 GB, 0.00 MB/s
Cumulative stall: 00:00:0.000 H:M:S, 0.0 percent
Interval writes: 0 writes, 0 keys, 0 commit groups, 0.0 writes per commit group, ingest: 0.00 MB, 0.00 MB/s
Interval WAL: 0 writes, 0 syncs, 0.00 writes per sync, written: 0.00 MB, 0.00 MB/s
Interval stall: 00:00:0.000 H:M:S, 0.0 percent

** Compaction Stats [default] **
Level    Files   Size     Score Read(GB)  Rn(GB) Rnp1(GB) Write(GB) Wnew(GB) Moved(GB) W-Amp Rd(MB/s) Wr(MB/s) Comp(sec) Comp(cnt) Avg(sec) KeyIn KeyDrop
----------------------------------------------------------------------------------------------------------------------------------------------------------
 Sum      0/0    0.00 KB   0.0      0.0     0.0      0.0       0.0      0.0       0.0   0.0      0.0      0.0         0         0    0.000       0      0
 Int      0/0    0.00 KB   0.0      0.0     0.0      0.0       0.0      0.0       0.0   0.0      0.0      0.0         0         0    0.000       0      0
Uptime(secs): 1.0 total, 1.0 interval
Flush(GB): cumulative 0.000, interval 0.000
AddFile(GB): cumulative 0.000, interval 0.000
AddFile(Total Files): cumulative 0, interval 0
AddFile(L0 Files): cumulative 0, interval 0
AddFile(Keys): cumulative 0, interval 0
Cumulative compaction: 0.00 GB write, 0.00 MB/s write, 0.00 GB read, 0.00 MB/s read, 0.0 seconds
Interval compaction: 0.00 GB write, 0.00 MB/s write, 0.00 GB read, 0.00 MB/s read, 0.0 seconds
Stalls(count): 0 level0_slowdown, 0 level0_slowdown_with_compaction, 0 level0_numfiles, 0 level0_numfiles_with_compaction, 0 stop for pending_compaction_bytes, 0 slowdown for pending_compaction_bytes, 0 memtable_compaction, 0 memtable_slowdown, interval 0 total count

** File Read Latency Histogram By Level [default] **

** Compaction Stats [usertable] **
Level    Files   Size     Score Read(GB)  Rn(GB) Rnp1(GB) Write(GB) Wnew(GB) Moved(GB) W-Amp Rd(MB/s) Wr(MB/s) Comp(sec) Comp(cnt) Avg(sec) KeyIn KeyDrop
----------------------------------------------------------------------------------------------------------------------------------------------------------
  L0      2/0   228.48 MB   1.0      0.0     0.0      0.0       0.0      0.0       0.0   1.0      0.0    221.9         0         1    0.125       0      0
  L1      9/0   701.79 MB   1.4      0.0     0.0      0.0       0.0      0.0       0.0   0.0      0.0      0.0         0         0    0.000       0      0
  L2    162/0    4.98 GB   1.0      0.0     0.0      0.0       0.0      0.0       0.0   0.0      0.0      0.0         0         0    0.000       0      0
  L3    548/0   34.29 GB   0.7      0.0     0.0      0.0       0.0      0.0       0.0   0.0      0.0      0.0         0         0    0.000       0      0
 Sum    721/0   40.18 GB   0.0      0.0     0.0      0.0       0.0      0.0       0.0   1.0      0.0    221.9         0         1    0.125       0      0
 Int      0/0    0.00 KB   0.0      0.0     0.0      0.0       0.0      0.0       0.0   1.0      0.0    221.9         0         1    0.125       0      0
Uptime(secs): 1.0 total, 1.0 interval
Flush(GB): cumulative 0.027, interval 0.027
AddFile(GB): cumulative 0.000, interval 0.000
AddFile(Total Files): cumulative 0, interval 0
AddFile(L0 Files): cumulative 0, interval 0
AddFile(Keys): cumulative 0, interval 0
Cumulative compaction: 0.03 GB write, 29.22 MB/s write, 0.00 GB read, 0.00 MB/s read, 0.1 seconds
Interval compaction: 0.03 GB write, 29.22 MB/s write, 0.00 GB read, 0.00 MB/s read, 0.1 seconds
Stalls(count): 0 level0_slowdown, 0 level0_slowdown_with_compaction, 0 level0_numfiles, 0 level0_numfiles_with_compaction, 0 stop for pending_compaction_bytes, 0 slowdown for pending_compaction_bytes, 0 memtable_compaction, 0 memtable_slowdown, interval 0 total count

** File Read Latency Histogram By Level [usertable] **

** Compaction Stats [default] **
Level    Files   Size     Score Read(GB)  Rn(GB) Rnp1(GB) Write(GB) Wnew(GB) Moved(GB) W-Amp Rd(MB/s) Wr(MB/s) Comp(sec) Comp(cnt) Avg(sec) KeyIn KeyDrop
----------------------------------------------------------------------------------------------------------------------------------------------------------
 Sum      0/0    0.00 KB   0.0      0.0     0.0      0.0       0.0      0.0       0.0   0.0      0.0      0.0         0         0    0.000       0      0
 Int      0/0    0.00 KB   0.0      0.0     0.0      0.0       0.0      0.0       0.0   0.0      0.0      0.0         0         0    0.000       0      0
Uptime(secs): 1.0 total, 0.0 interval
Flush(GB): cumulative 0.000, interval 0.000
AddFile(GB): cumulative 0.000, interval 0.000
AddFile(Total Files): cumulative 0, interval 0
AddFile(L0 Files): cumulative 0, interval 0
AddFile(Keys): cumulative 0, interval 0
Cumulative compaction: 0.00 GB write, 0.00 MB/s write, 0.00 GB read, 0.00 MB/s read, 0.0 seconds
Interval compaction: 0.00 GB write, 0.00 MB/s write, 0.00 GB read, 0.00 MB/s read, 0.0 seconds
Stalls(count): 0 level0_slowdown, 0 level0_slowdown_with_compaction, 0 level0_numfiles, 0 level0_numfiles_with_compaction, 0 stop for pending_compaction_bytes, 0 slowdown for pending_compaction_bytes, 0 memtable_compaction, 0 memtable_slowdown, interval 0 total count

** File Read Latency Histogram By Level [default] **

** Compaction Stats [usertable] **
Level    Files   Size     Score Read(GB)  Rn(GB) Rnp1(GB) Write(GB) Wnew(GB) Moved(GB) W-Amp Rd(MB/s) Wr(MB/s) Comp(sec) Comp(cnt) Avg(sec) KeyIn KeyDrop
----------------------------------------------------------------------------------------------------------------------------------------------------------
  L0      2/0   228.48 MB   1.0      0.0     0.0      0.0       0.0      0.0       0.0   1.0      0.0    221.9         0         1    0.125       0      0
  L1      9/0   701.79 MB   1.4      0.0     0.0      0.0       0.0      0.0       0.0   0.0      0.0      0.0         0         0    0.000       0      0
  L2    162/0    4.98 GB   1.0      0.0     0.0      0.0       0.0      0.0       0.0   0.0      0.0      0.0         0         0    0.000       0      0
  L3    548/0   34.29 GB   0.7      0.0     0.0      0.0       0.0      0.0       0.0   0.0      0.0      0.0         0         0    0.000       0      0
 Sum    721/0   40.18 GB   0.0      0.0     0.0      0.0       0.0      0.0       0.0   1.0      0.0    221.9         0         1    0.125       0      0
 Int      0/0    0.00 KB   0.0      0.0     0.0      0.0       0.0      0.0       0.0   0.0      0.0      0.0         0         0    0.000       0      0
Uptime(secs): 1.0 total, 0.0 interval
Flush(GB): cumulative 0.027, interval 0.000
AddFile(GB): cumulative 0.000, interval 0.000
AddFile(Total Files): cumulative 0, interval 0
AddFile(L0 Files): cumulative 0, interval 0
AddFile(Keys): cumulative 0, interval 0
Cumulative compaction: 0.03 GB write, 29.21 MB/s write, 0.00 GB read, 0.00 MB/s read, 0.1 seconds
Interval compaction: 0.00 GB write, 0.00 MB/s write, 0.00 GB read, 0.00 MB/s read, 0.0 seconds
Stalls(count): 0 level0_slowdown, 0 level0_slowdown_with_compaction, 0 level0_numfiles, 0 level0_numfiles_with_compaction, 0 stop for pending_compaction_bytes, 0 slowdown for pending_compaction_bytes, 0 memtable_compaction, 0 memtable_slowdown, interval 0 total count

** File Read Latency Histogram By Level [usertable] **
2019/07/08-13:34:40.466484 7f7cfb7fe700 [db/compaction_job.cc:1531] [usertable] [JOB 3] Compacting 1@1 files to L2, score 1.37
2019/07/08-13:34:40.466491 7f7cfb7fe700 [db/compaction_job.cc:1535] [usertable] Compaction start summary: Base version 5 Base level 1, inputs: [1288(222MB)]
2019/07/08-13:34:40.466530 7f7cfb7fe700 EVENT_LOG_v1 {"time_micros": 1562618080466506, "job": 3, "event": "compaction_started", "compaction_reason": "LevelMaxLevelSize", "files_L1": [1288], "score": 1.37068, "input_data_size": 233504697}
2019/07/08-13:34:41.327973 7f7cfb7fe700 [db/compaction_job.cc:1211] [usertable] [JOB 3] Generated table #1295: 16279 keys, 67233516 bytes
2019/07/08-13:34:41.328017 7f7cfb7fe700 EVENT_LOG_v1 {"time_micros": 1562618081327998, "cf_name": "usertable", "job": 3, "event": "table_file_creation", "file_number": 1295, "file_size": 67233516, "table_properties": {"data_size": 67120139, "index_size": 300916, "filter_size": 0, "raw_key_size": 390696, "raw_average_key_size": 24, "raw_value_size": 66678784, "raw_average_value_size": 4096, "num_data_blocks": 8140, "num_entries": 16279, "filter_policy_name": "", "kDeletedKeys": "0", "kMergeOperands": "0"}}
2019/07/08-13:34:42.265455 7f7cfb7fe700 [db/compaction_job.cc:1211] [usertable] [JOB 3] Generated table #1296: 16279 keys, 67233367 bytes
2019/07/08-13:34:42.265503 7f7cfb7fe700 EVENT_LOG_v1 {"time_micros": 1562618082265483, "cf_name": "usertable", "job": 3, "event": "table_file_creation", "file_number": 1296, "file_size": 67233367, "table_properties": {"data_size": 67118331, "index_size": 299105, "filter_size": 0, "raw_key_size": 390696, "raw_average_key_size": 24, "raw_value_size": 66678784, "raw_average_value_size": 4096, "num_data_blocks": 8140, "num_entries": 16279, "filter_policy_name": "", "kDeletedKeys": "0", "kMergeOperands": "0"}}
2019/07/08-13:34:43.099484 7f7cfb7fe700 [db/compaction_job.cc:1211] [usertable] [JOB 3] Generated table #1297: 16279 keys, 67233547 bytes
2019/07/08-13:34:43.099529 7f7cfb7fe700 EVENT_LOG_v1 {"time_micros": 1562618083099510, "cf_name": "usertable", "job": 3, "event": "table_file_creation", "file_number": 1297, "file_size": 67233547, "table_properties": {"data_size": 67120138, "index_size": 300916, "filter_size": 0, "raw_key_size": 390696, "raw_average_key_size": 24, "raw_value_size": 66678784, "raw_average_value_size": 4096, "num_data_blocks": 8140, "num_entries": 16279, "filter_policy_name": "", "kDeletedKeys": "0", "kMergeOperands": "0"}}
2019/07/08-13:34:43.484169 7f7cfb7fe700 [db/compaction_job.cc:1211] [usertable] [JOB 3] Generated table #1298: 7543 keys, 31153636 bytes
2019/07/08-13:34:43.484213 7f7cfb7fe700 EVENT_LOG_v1 {"time_micros": 1562618083484193, "cf_name": "usertable", "job": 3, "event": "table_file_creation", "file_number": 1298, "file_size": 31153636, "table_properties": {"data_size": 31099803, "index_size": 138463, "filter_size": 0, "raw_key_size": 181032, "raw_average_key_size": 24, "raw_value_size": 30896128, "raw_average_value_size": 4096, "num_data_blocks": 3772, "num_entries": 7543, "filter_policy_name": "", "kDeletedKeys": "0", "kMergeOperands": "0"}}
2019/07/08-13:34:43.484278 7f7cfb7fe700 [db/compaction_job.cc:1287] [usertable] [JOB 3] Compacted 1@1 files to L2 => 232854066 bytes
2019/07/08-13:34:43.503106 7f7cfb7fe700 (Original Log Time 2019/07/08-13:34:43.502991) [db/compaction_job.cc:685] [usertable] compacted to: base level 1 max bytes base 536870912 files[2 8 166 548 0 0 0] max score 1.04, MB/sec: 77.4 rd, 77.2 wr, level 2, files in(1, 0) out(4) MB in(222.7, 0.0) out(222.1), read-write-amplify(2.0) write-amplify(1.0) OK, records in: 56380, records dropped: 0 output_compression: LZ4
2019/07/08-13:34:43.503113 7f7cfb7fe700 (Original Log Time 2019/07/08-13:34:43.503023) EVENT_LOG_v1 {"time_micros": 1562618083503009, "job": 3, "event": "compaction_finished", "compaction_time_micros": 3017707, "output_level": 2, "num_output_files": 4, "total_output_size": 232854066, "num_input_records": 56380, "num_output_records": 56380, "num_subcompactions": 1, "output_compression": "LZ4", "num_single_delete_mismatches": 0, "num_single_delete_fallthrough": 0, "lsm_state": [2, 8, 166, 548, 0, 0, 0]}
2019/07/08-13:34:43.520870 7f7cfb7fe700 (Original Log Time 2019/07/08-13:34:43.503176) [db/db_impl_compaction_flush.cc:1835] [usertable] Moving #1297 to level-3 67233547 bytes
2019/07/08-13:34:43.520873 7f7cfb7fe700 (Original Log Time 2019/07/08-13:34:43.520820) EVENT_LOG_v1 {"time_micros": 1562618083520810, "job": 4, "event": "trivial_move", "destination_level": 3, "files": 1, "total_files_size": 67233547}
2019/07/08-13:34:43.520875 7f7cfb7fe700 (Original Log Time 2019/07/08-13:34:43.520837) [db/db_impl_compaction_flush.cc:1864] [usertable] Moved #1 files to level-3 67233547 bytes OK: base level 1 max bytes base 536870912 files[2 8 165 549 0 0 0] max score 1.03
2019/07/08-13:34:43.540899 7f7cfb7fe700 EVENT_LOG_v1 {"time_micros": 1562618083540889, "job": 4, "event": "table_file_deletion", "file_number": 1288}
2019/07/08-13:34:43.559212 7f7cfb7fe700 (Original Log Time 2019/07/08-13:34:43.541066) [db/db_impl_compaction_flush.cc:1835] [usertable] Moving #1295 to level-3 67233516 bytes
2019/07/08-13:34:43.559216 7f7cfb7fe700 (Original Log Time 2019/07/08-13:34:43.559174) EVENT_LOG_v1 {"time_micros": 1562618083559167, "job": 5, "event": "trivial_move", "destination_level": 3, "files": 1, "total_files_size": 67233516}
2019/07/08-13:34:43.559218 7f7cfb7fe700 (Original Log Time 2019/07/08-13:34:43.559183) [db/db_impl_compaction_flush.cc:1864] [usertable] Moved #1 files to level-3 67233516 bytes OK: base level 1 max bytes base 536870912 files[2 8 164 550 0 0 0] max score 1.01
2019/07/08-13:34:43.577636 7f7d5b7fe700 (Original Log Time 2019/07/08-13:34:43.559384) [db/db_impl_compaction_flush.cc:1835] [usertable] Moving #1296 to level-3 67233367 bytes
2019/07/08-13:34:43.577640 7f7d5b7fe700 (Original Log Time 2019/07/08-13:34:43.577581) EVENT_LOG_v1 {"time_micros": 1562618083577575, "job": 6, "event": "trivial_move", "destination_level": 3, "files": 1, "total_files_size": 67233367}
2019/07/08-13:34:43.577642 7f7d5b7fe700 (Original Log Time 2019/07/08-13:34:43.577588) [db/db_impl_compaction_flush.cc:1864] [usertable] Moved #1 files to level-3 67233367 bytes OK: base level 1 max bytes base 536870912 files[2 8 163 551 0 0 0] max score 1.00
2019/07/08-13:34:43.598426 7f7d5b7fe700 (Original Log Time 2019/07/08-13:34:43.577806) [db/db_impl_compaction_flush.cc:1835] [usertable] Moving #202 to level-3 52575950 bytes
2019/07/08-13:34:43.598431 7f7d5b7fe700 (Original Log Time 2019/07/08-13:34:43.598362) EVENT_LOG_v1 {"time_micros": 1562618083598353, "job": 7, "event": "trivial_move", "destination_level": 3, "files": 1, "total_files_size": 52575950}
2019/07/08-13:34:43.598434 7f7d5b7fe700 (Original Log Time 2019/07/08-13:34:43.598369) [db/db_impl_compaction_flush.cc:1864] [usertable] Moved #1 files to level-3 52575950 bytes OK: base level 1 max bytes base 536870912 files[2 8 162 552 0 0 0] max score 1.00
2019/07/08-13:34:43.617943 7f7d5b7fe700 (Original Log Time 2019/07/08-13:34:43.598619) [db/db_impl_compaction_flush.cc:1835] [usertable] Moving #184 to level-1 210440098 bytes
2019/07/08-13:34:43.617949 7f7d5b7fe700 (Original Log Time 2019/07/08-13:34:43.617869) EVENT_LOG_v1 {"time_micros": 1562618083617860, "job": 8, "event": "trivial_move", "destination_level": 1, "files": 1, "total_files_size": 210440098}
2019/07/08-13:34:43.617951 7f7d5b7fe700 (Original Log Time 2019/07/08-13:34:43.617883) [db/db_impl_compaction_flush.cc:1864] [usertable] Moved #1 files to level-1 210440098 bytes OK: base level 1 max bytes base 536870912 files[1 9 162 552 0 0 0] max score 1.33
2019/07/08-13:34:43.618173 7f7d597fa700 [db/compaction_job.cc:1531] [usertable] [JOB 9] Compacting 1@1 files to L2, score 1.33
2019/07/08-13:34:43.618182 7f7d597fa700 [db/compaction_job.cc:1535] [usertable] Compaction start summary: Base version 11 Base level 1, inputs: [184(200MB)]
