2018/11/26-12:49:02.326855 7f77048b0700 RocksDB version: 5.14.3
2018/11/26-12:49:02.326927 7f77048b0700 Git sha rocksdb_build_git_sha:
2018/11/26-12:49:02.326930 7f77048b0700 Compile date Nov 22 2018
2018/11/26-12:49:02.326935 7f77048b0700 DB SUMMARY
2018/11/26-12:49:02.326959 7f77048b0700 SST files in /mnt/sda/ycsb-rocksdb-data dir, Total Num: 0, files: 
2018/11/26-12:49:02.326962 7f77048b0700 Write Ahead Log file in /mnt/sda/ycsb-rocksdb-data: 
2018/11/26-12:49:02.326965 7f77048b0700                         Options.error_if_exists: 0
2018/11/26-12:49:02.326966 7f77048b0700                       Options.create_if_missing: 1
2018/11/26-12:49:02.326967 7f77048b0700                         Options.paranoid_checks: 1
2018/11/26-12:49:02.326968 7f77048b0700                                     Options.env: 0x7f765255e2c0
2018/11/26-12:49:02.326969 7f77048b0700                                Options.info_log: 0x7f768c3d0510
2018/11/26-12:49:02.326970 7f77048b0700                Options.max_file_opening_threads: 16
2018/11/26-12:49:02.326971 7f77048b0700                              Options.statistics: (nil)
2018/11/26-12:49:02.326973 7f77048b0700                               Options.use_fsync: 0
2018/11/26-12:49:02.326974 7f77048b0700                       Options.max_log_file_size: 0
2018/11/26-12:49:02.326974 7f77048b0700                  Options.max_manifest_file_size: 18446744073709551615
2018/11/26-12:49:02.326976 7f77048b0700                   Options.log_file_time_to_roll: 0
2018/11/26-12:49:02.326977 7f77048b0700                       Options.keep_log_file_num: 1000
2018/11/26-12:49:02.326978 7f77048b0700                    Options.recycle_log_file_num: 0
2018/11/26-12:49:02.326978 7f77048b0700                         Options.allow_fallocate: 1
2018/11/26-12:49:02.326979 7f77048b0700                        Options.allow_mmap_reads: 0
2018/11/26-12:49:02.326980 7f77048b0700                       Options.allow_mmap_writes: 0
2018/11/26-12:49:02.326981 7f77048b0700                        Options.use_direct_reads: 0
2018/11/26-12:49:02.326982 7f77048b0700                        Options.use_direct_io_for_flush_and_compaction: 0
2018/11/26-12:49:02.326983 7f77048b0700          Options.create_missing_column_families: 1
2018/11/26-12:49:02.326984 7f77048b0700                              Options.db_log_dir: 
2018/11/26-12:49:02.326985 7f77048b0700                                 Options.wal_dir: /mnt/sda/ycsb-rocksdb-data
2018/11/26-12:49:02.326986 7f77048b0700                Options.table_cache_numshardbits: 6
2018/11/26-12:49:02.326987 7f77048b0700                      Options.max_subcompactions: 4
2018/11/26-12:49:02.326988 7f77048b0700                  Options.max_background_flushes: 24
2018/11/26-12:49:02.326989 7f77048b0700                         Options.WAL_ttl_seconds: 0
2018/11/26-12:49:02.326990 7f77048b0700                       Options.WAL_size_limit_MB: 0
2018/11/26-12:49:02.326990 7f77048b0700             Options.manifest_preallocation_size: 4194304
2018/11/26-12:49:02.326991 7f77048b0700                     Options.is_fd_close_on_exec: 1
2018/11/26-12:49:02.326992 7f77048b0700                   Options.advise_random_on_open: 1
2018/11/26-12:49:02.326994 7f77048b0700                    Options.db_write_buffer_size: 0
2018/11/26-12:49:02.326994 7f77048b0700                    Options.write_buffer_manager: 0x7f768c3d0430
2018/11/26-12:49:02.326996 7f77048b0700         Options.access_hint_on_compaction_start: 1
2018/11/26-12:49:02.326996 7f77048b0700  Options.new_table_reader_for_compaction_inputs: 0
2018/11/26-12:49:02.326997 7f77048b0700           Options.random_access_max_buffer_size: 1048576
2018/11/26-12:49:02.326998 7f77048b0700                      Options.use_adaptive_mutex: 0
2018/11/26-12:49:02.326999 7f77048b0700                            Options.rate_limiter: (nil)
2018/11/26-12:49:02.327002 7f77048b0700     Options.sst_file_manager.rate_bytes_per_sec: 0
2018/11/26-12:49:02.327003 7f77048b0700                       Options.wal_recovery_mode: 2
2018/11/26-12:49:02.327004 7f77048b0700                  Options.enable_thread_tracking: 0
2018/11/26-12:49:02.327005 7f77048b0700                  Options.enable_pipelined_write: 1
2018/11/26-12:49:02.327015 7f77048b0700         Options.allow_concurrent_memtable_write: 1
2018/11/26-12:49:02.327016 7f77048b0700      Options.enable_write_thread_adaptive_yield: 1
2018/11/26-12:49:02.327017 7f77048b0700             Options.write_thread_max_yield_usec: 100
2018/11/26-12:49:02.327018 7f77048b0700            Options.write_thread_slow_yield_usec: 3
2018/11/26-12:49:02.327019 7f77048b0700                               Options.row_cache: None
2018/11/26-12:49:02.327020 7f77048b0700                              Options.wal_filter: None
2018/11/26-12:49:02.327021 7f77048b0700             Options.avoid_flush_during_recovery: 0
2018/11/26-12:49:02.327022 7f77048b0700             Options.allow_ingest_behind: 0
2018/11/26-12:49:02.327023 7f77048b0700             Options.preserve_deletes: 0
2018/11/26-12:49:02.327024 7f77048b0700             Options.two_write_queues: 0
2018/11/26-12:49:02.327025 7f77048b0700             Options.manual_wal_flush: 0
2018/11/26-12:49:02.327027 7f77048b0700             Options.max_background_jobs: 24
2018/11/26-12:49:02.327028 7f77048b0700             Options.max_background_compactions: 24
2018/11/26-12:49:02.327029 7f77048b0700             Options.avoid_flush_during_shutdown: 0
2018/11/26-12:49:02.327030 7f77048b0700           Options.writable_file_max_buffer_size: 1048576
2018/11/26-12:49:02.327031 7f77048b0700             Options.delayed_write_rate : 16777216
2018/11/26-12:49:02.327032 7f77048b0700             Options.max_total_wal_size: 0
2018/11/26-12:49:02.327033 7f77048b0700             Options.delete_obsolete_files_period_micros: 21600000000
2018/11/26-12:49:02.327034 7f77048b0700                   Options.stats_dump_period_sec: 60
2018/11/26-12:49:02.327035 7f77048b0700                          Options.max_open_files: -1
2018/11/26-12:49:02.327036 7f77048b0700                          Options.bytes_per_sync: 1048576
2018/11/26-12:49:02.327037 7f77048b0700                      Options.wal_bytes_per_sync: 0
2018/11/26-12:49:02.327038 7f77048b0700       Options.compaction_readahead_size: 0
2018/11/26-12:49:02.327038 7f77048b0700 Compression algorithms supported:
2018/11/26-12:49:02.327040 7f77048b0700 	kZSTDNotFinalCompression supported: 1
2018/11/26-12:49:02.327052 7f77048b0700 	kZSTD supported: 1
2018/11/26-12:49:02.327053 7f77048b0700 	kXpressCompression supported: 0
2018/11/26-12:49:02.327054 7f77048b0700 	kLZ4HCCompression supported: 1
2018/11/26-12:49:02.327056 7f77048b0700 	kLZ4Compression supported: 1
2018/11/26-12:49:02.327057 7f77048b0700 	kBZip2Compression supported: 1
2018/11/26-12:49:02.327058 7f77048b0700 	kZlibCompression supported: 1
2018/11/26-12:49:02.327059 7f77048b0700 	kSnappyCompression supported: 1
2018/11/26-12:49:02.327064 7f77048b0700 Fast CRC32 supported: Supported on x86
2018/11/26-12:49:02.327160 7f77048b0700 [db/db_impl_open.cc:222] Creating manifest 1 
2018/11/26-12:49:02.427658 7f77048b0700 [db/version_set.cc:3085] Recovering from manifest file: MANIFEST-000001
2018/11/26-12:49:02.427751 7f77048b0700 [db/column_family.cc:475] --------------- Options for column family [default]:
2018/11/26-12:49:02.427755 7f77048b0700               Options.comparator: leveldb.BytewiseComparator
2018/11/26-12:49:02.427757 7f77048b0700           Options.merge_operator: None
2018/11/26-12:49:02.427758 7f77048b0700        Options.compaction_filter: None
2018/11/26-12:49:02.427759 7f77048b0700        Options.compaction_filter_factory: None
2018/11/26-12:49:02.427760 7f77048b0700         Options.memtable_factory: SkipListFactory
2018/11/26-12:49:02.427761 7f77048b0700            Options.table_factory: BlockBasedTable
2018/11/26-12:49:02.427795 7f77048b0700            table_factory options:   flush_block_policy_factory: FlushBlockBySizePolicyFactory (0x7f768c3721f0)
  cache_index_and_filter_blocks: 0
  cache_index_and_filter_blocks_with_high_priority: 0
  pin_l0_filter_and_index_blocks_in_cache: 0
  index_type: 0
  hash_index_allow_collision: 1
  checksum: 1
  no_block_cache: 0
  block_cache: 0x7f768c37dcb0
  block_cache_name: LRUCache
  block_cache_options:
    capacity : 8388608
    num_shard_bits : 4
    strict_capacity_limit : 0
    high_pri_pool_ratio: 0.000
  block_cache_compressed: (nil)
  persistent_cache: (nil)
  block_size: 8192
  block_size_deviation: 10
  block_restart_interval: 16
  index_block_restart_interval: 1
  metadata_block_size: 4096
  partition_filters: 0
  use_delta_encoding: 1
  filter_policy: nullptr
  whole_key_filtering: 1
  verify_compression: 0
  read_amp_bytes_per_bit: 0
  format_version: 2
  enable_index_compression: 1
  block_align: 0
2018/11/26-12:49:02.427810 7f77048b0700        Options.write_buffer_size: 134217728
2018/11/26-12:49:02.427812 7f77048b0700  Options.max_write_buffer_number: 24
2018/11/26-12:49:02.427814 7f77048b0700        Options.compression[0]: NoCompression
2018/11/26-12:49:02.427816 7f77048b0700        Options.compression[1]: NoCompression
2018/11/26-12:49:02.427817 7f77048b0700        Options.compression[2]: LZ4
2018/11/26-12:49:02.427818 7f77048b0700        Options.compression[3]: LZ4
2018/11/26-12:49:02.427819 7f77048b0700        Options.compression[4]: LZ4
2018/11/26-12:49:02.427820 7f77048b0700        Options.compression[5]: LZ4
2018/11/26-12:49:02.427821 7f77048b0700        Options.compression[6]: LZ4
2018/11/26-12:49:02.427822 7f77048b0700                  Options.bottommost_compression: Disabled
2018/11/26-12:49:02.427823 7f77048b0700       Options.prefix_extractor: nullptr
2018/11/26-12:49:02.427824 7f77048b0700   Options.memtable_insert_with_hint_prefix_extractor: nullptr
2018/11/26-12:49:02.427825 7f77048b0700             Options.num_levels: 7
2018/11/26-12:49:02.427826 7f77048b0700        Options.min_write_buffer_number_to_merge: 2
2018/11/26-12:49:02.427827 7f77048b0700     Options.max_write_buffer_number_to_maintain: 0
2018/11/26-12:49:02.427828 7f77048b0700            Options.compression_opts.window_bits: -14
2018/11/26-12:49:02.427829 7f77048b0700                  Options.compression_opts.level: -1
2018/11/26-12:49:02.427830 7f77048b0700               Options.compression_opts.strategy: 0
2018/11/26-12:49:02.427831 7f77048b0700         Options.compression_opts.max_dict_bytes: 0
2018/11/26-12:49:02.427832 7f77048b0700         Options.compression_opts.zstd_max_train_bytes: 0
2018/11/26-12:49:02.427833 7f77048b0700      Options.level0_file_num_compaction_trigger: 2
2018/11/26-12:49:02.427834 7f77048b0700          Options.level0_slowdown_writes_trigger: 20
2018/11/26-12:49:02.427835 7f77048b0700              Options.level0_stop_writes_trigger: 36
2018/11/26-12:49:02.427836 7f77048b0700                   Options.target_file_size_base: 67108864
2018/11/26-12:49:02.427837 7f77048b0700             Options.target_file_size_multiplier: 1
2018/11/26-12:49:02.427837 7f77048b0700                Options.max_bytes_for_level_base: 536870912
2018/11/26-12:49:02.427838 7f77048b0700 Options.level_compaction_dynamic_level_bytes: 0
2018/11/26-12:49:02.427839 7f77048b0700          Options.max_bytes_for_level_multiplier: 10.000000
2018/11/26-12:49:02.427842 7f77048b0700 Options.max_bytes_for_level_multiplier_addtl[0]: 1
2018/11/26-12:49:02.427843 7f77048b0700 Options.max_bytes_for_level_multiplier_addtl[1]: 1
2018/11/26-12:49:02.427844 7f77048b0700 Options.max_bytes_for_level_multiplier_addtl[2]: 1
2018/11/26-12:49:02.427845 7f77048b0700 Options.max_bytes_for_level_multiplier_addtl[3]: 1
2018/11/26-12:49:02.427846 7f77048b0700 Options.max_bytes_for_level_multiplier_addtl[4]: 1
2018/11/26-12:49:02.427846 7f77048b0700 Options.max_bytes_for_level_multiplier_addtl[5]: 1
2018/11/26-12:49:02.427847 7f77048b0700 Options.max_bytes_for_level_multiplier_addtl[6]: 1
2018/11/26-12:49:02.427848 7f77048b0700       Options.max_sequential_skip_in_iterations: 8
2018/11/26-12:49:02.427849 7f77048b0700                    Options.max_compaction_bytes: 1677721600
2018/11/26-12:49:02.427850 7f77048b0700                        Options.arena_block_size: 16777216
2018/11/26-12:49:02.427851 7f77048b0700   Options.soft_pending_compaction_bytes_limit: 68719476736
2018/11/26-12:49:02.427852 7f77048b0700   Options.hard_pending_compaction_bytes_limit: 274877906944
2018/11/26-12:49:02.427859 7f77048b0700       Options.rate_limit_delay_max_milliseconds: 100
2018/11/26-12:49:02.427861 7f77048b0700                Options.disable_auto_compactions: 0
2018/11/26-12:49:02.427863 7f77048b0700                        Options.compaction_style: kCompactionStyleLevel
2018/11/26-12:49:02.427865 7f77048b0700                          Options.compaction_pri: kByCompensatedSize
2018/11/26-12:49:02.427867 7f77048b0700 Options.compaction_options_universal.size_ratio: 1
2018/11/26-12:49:02.427868 7f77048b0700 Options.compaction_options_universal.min_merge_width: 2
2018/11/26-12:49:02.427869 7f77048b0700 Options.compaction_options_universal.max_merge_width: 4294967295
2018/11/26-12:49:02.427870 7f77048b0700 Options.compaction_options_universal.max_size_amplification_percent: 200
2018/11/26-12:49:02.427871 7f77048b0700 Options.compaction_options_universal.compression_size_percent: -1
2018/11/26-12:49:02.427872 7f77048b0700 Options.compaction_options_universal.stop_style: kCompactionStopStyleTotalSize
2018/11/26-12:49:02.427874 7f77048b0700 Options.compaction_options_fifo.max_table_files_size: 1073741824
2018/11/26-12:49:02.427874 7f77048b0700 Options.compaction_options_fifo.allow_compaction: 0
2018/11/26-12:49:02.427876 7f77048b0700 Options.compaction_options_fifo.ttl: 0
2018/11/26-12:49:02.427876 7f77048b0700                   Options.table_properties_collectors: 
2018/11/26-12:49:02.427878 7f77048b0700                   Options.inplace_update_support: 0
2018/11/26-12:49:02.427879 7f77048b0700                 Options.inplace_update_num_locks: 10000
2018/11/26-12:49:02.427880 7f77048b0700               Options.memtable_prefix_bloom_size_ratio: 0.000000
2018/11/26-12:49:02.427881 7f77048b0700   Options.memtable_huge_page_size: 0
2018/11/26-12:49:02.427882 7f77048b0700                           Options.bloom_locality: 0
2018/11/26-12:49:02.427883 7f77048b0700                    Options.max_successive_merges: 0
2018/11/26-12:49:02.427884 7f77048b0700                Options.optimize_filters_for_hits: 0
2018/11/26-12:49:02.427885 7f77048b0700                Options.paranoid_file_checks: 0
2018/11/26-12:49:02.427886 7f77048b0700                Options.force_consistency_checks: 0
2018/11/26-12:49:02.427887 7f77048b0700                Options.report_bg_io_stats: 0
2018/11/26-12:49:02.427887 7f77048b0700                               Options.ttl: 0
2018/11/26-12:49:02.428374 7f77048b0700 [db/version_set.cc:3361] Recovered from manifest file:/mnt/sda/ycsb-rocksdb-data/MANIFEST-000001 succeeded,manifest_file_number is 1, next_file_number is 3, last_sequence is 0, log_number is 0,prev_log_number is 0,max_column_family is 0,min_log_number_to_keep is 0
2018/11/26-12:49:02.428378 7f77048b0700 [db/version_set.cc:3369] Column family [default] (ID 0), log number is 0
2018/11/26-12:49:02.428540 7f77048b0700 [db/version_set.cc:2847] Creating manifest 4
2018/11/26-12:49:02.632984 7f77048b0700 [db/column_family.cc:475] --------------- Options for column family [usertable]:
2018/11/26-12:49:02.632988 7f77048b0700               Options.comparator: leveldb.BytewiseComparator
2018/11/26-12:49:02.632990 7f77048b0700           Options.merge_operator: None
2018/11/26-12:49:02.632991 7f77048b0700        Options.compaction_filter: None
2018/11/26-12:49:02.632991 7f77048b0700        Options.compaction_filter_factory: None
2018/11/26-12:49:02.632992 7f77048b0700         Options.memtable_factory: SkipListFactory
2018/11/26-12:49:02.632993 7f77048b0700            Options.table_factory: BlockBasedTable
2018/11/26-12:49:02.633017 7f77048b0700            table_factory options:   flush_block_policy_factory: FlushBlockBySizePolicyFactory (0x7f768c3722d0)
  cache_index_and_filter_blocks: 0
  cache_index_and_filter_blocks_with_high_priority: 0
  pin_l0_filter_and_index_blocks_in_cache: 0
  index_type: 0
  hash_index_allow_collision: 1
  checksum: 1
  no_block_cache: 0
  block_cache: 0x7f768c3733f0
  block_cache_name: LRUCache
  block_cache_options:
    capacity : 8388608
    num_shard_bits : 4
    strict_capacity_limit : 0
    high_pri_pool_ratio: 0.000
  block_cache_compressed: (nil)
  persistent_cache: (nil)
  block_size: 8192
  block_size_deviation: 10
  block_restart_interval: 16
  index_block_restart_interval: 1
  metadata_block_size: 4096
  partition_filters: 0
  use_delta_encoding: 1
  filter_policy: nullptr
  whole_key_filtering: 1
  verify_compression: 0
  read_amp_bytes_per_bit: 0
  format_version: 2
  enable_index_compression: 1
  block_align: 0
2018/11/26-12:49:02.633021 7f77048b0700        Options.write_buffer_size: 134217728
2018/11/26-12:49:02.633022 7f77048b0700  Options.max_write_buffer_number: 24
2018/11/26-12:49:02.633023 7f77048b0700        Options.compression[0]: NoCompression
2018/11/26-12:49:02.633025 7f77048b0700        Options.compression[1]: NoCompression
2018/11/26-12:49:02.633026 7f77048b0700        Options.compression[2]: LZ4
2018/11/26-12:49:02.633027 7f77048b0700        Options.compression[3]: LZ4
2018/11/26-12:49:02.633028 7f77048b0700        Options.compression[4]: LZ4
2018/11/26-12:49:02.633029 7f77048b0700        Options.compression[5]: LZ4
2018/11/26-12:49:02.633030 7f77048b0700        Options.compression[6]: LZ4
2018/11/26-12:49:02.633031 7f77048b0700                  Options.bottommost_compression: Disabled
2018/11/26-12:49:02.633032 7f77048b0700       Options.prefix_extractor: nullptr
2018/11/26-12:49:02.633033 7f77048b0700   Options.memtable_insert_with_hint_prefix_extractor: nullptr
2018/11/26-12:49:02.633034 7f77048b0700             Options.num_levels: 7
2018/11/26-12:49:02.633035 7f77048b0700        Options.min_write_buffer_number_to_merge: 2
2018/11/26-12:49:02.633036 7f77048b0700     Options.max_write_buffer_number_to_maintain: 0
2018/11/26-12:49:02.633036 7f77048b0700            Options.compression_opts.window_bits: -14
2018/11/26-12:49:02.633037 7f77048b0700                  Options.compression_opts.level: -1
2018/11/26-12:49:02.633038 7f77048b0700               Options.compression_opts.strategy: 0
2018/11/26-12:49:02.633039 7f77048b0700         Options.compression_opts.max_dict_bytes: 0
2018/11/26-12:49:02.633040 7f77048b0700         Options.compression_opts.zstd_max_train_bytes: 0
2018/11/26-12:49:02.633041 7f77048b0700      Options.level0_file_num_compaction_trigger: 2
2018/11/26-12:49:02.633042 7f77048b0700          Options.level0_slowdown_writes_trigger: 20
2018/11/26-12:49:02.633043 7f77048b0700              Options.level0_stop_writes_trigger: 36
2018/11/26-12:49:02.633044 7f77048b0700                   Options.target_file_size_base: 67108864
2018/11/26-12:49:02.633045 7f77048b0700             Options.target_file_size_multiplier: 1
2018/11/26-12:49:02.633046 7f77048b0700                Options.max_bytes_for_level_base: 536870912
2018/11/26-12:49:02.633047 7f77048b0700 Options.level_compaction_dynamic_level_bytes: 0
2018/11/26-12:49:02.633048 7f77048b0700          Options.max_bytes_for_level_multiplier: 10.000000
2018/11/26-12:49:02.633050 7f77048b0700 Options.max_bytes_for_level_multiplier_addtl[0]: 1
2018/11/26-12:49:02.633060 7f77048b0700 Options.max_bytes_for_level_multiplier_addtl[1]: 1
2018/11/26-12:49:02.633062 7f77048b0700 Options.max_bytes_for_level_multiplier_addtl[2]: 1
2018/11/26-12:49:02.633063 7f77048b0700 Options.max_bytes_for_level_multiplier_addtl[3]: 1
2018/11/26-12:49:02.633064 7f77048b0700 Options.max_bytes_for_level_multiplier_addtl[4]: 1
2018/11/26-12:49:02.633064 7f77048b0700 Options.max_bytes_for_level_multiplier_addtl[5]: 1
2018/11/26-12:49:02.633065 7f77048b0700 Options.max_bytes_for_level_multiplier_addtl[6]: 1
2018/11/26-12:49:02.633066 7f77048b0700       Options.max_sequential_skip_in_iterations: 8
2018/11/26-12:49:02.633067 7f77048b0700                    Options.max_compaction_bytes: 1677721600
2018/11/26-12:49:02.633068 7f77048b0700                        Options.arena_block_size: 16777216
2018/11/26-12:49:02.633069 7f77048b0700   Options.soft_pending_compaction_bytes_limit: 68719476736
2018/11/26-12:49:02.633070 7f77048b0700   Options.hard_pending_compaction_bytes_limit: 274877906944
2018/11/26-12:49:02.633071 7f77048b0700       Options.rate_limit_delay_max_milliseconds: 100
2018/11/26-12:49:02.633072 7f77048b0700                Options.disable_auto_compactions: 0
2018/11/26-12:49:02.633074 7f77048b0700                        Options.compaction_style: kCompactionStyleLevel
2018/11/26-12:49:02.633075 7f77048b0700                          Options.compaction_pri: kByCompensatedSize
2018/11/26-12:49:02.633076 7f77048b0700 Options.compaction_options_universal.size_ratio: 1
2018/11/26-12:49:02.633077 7f77048b0700 Options.compaction_options_universal.min_merge_width: 2
2018/11/26-12:49:02.633078 7f77048b0700 Options.compaction_options_universal.max_merge_width: 4294967295
2018/11/26-12:49:02.633079 7f77048b0700 Options.compaction_options_universal.max_size_amplification_percent: 200
2018/11/26-12:49:02.633080 7f77048b0700 Options.compaction_options_universal.compression_size_percent: -1
2018/11/26-12:49:02.633081 7f77048b0700 Options.compaction_options_universal.stop_style: kCompactionStopStyleTotalSize
2018/11/26-12:49:02.633082 7f77048b0700 Options.compaction_options_fifo.max_table_files_size: 1073741824
2018/11/26-12:49:02.633083 7f77048b0700 Options.compaction_options_fifo.allow_compaction: 0
2018/11/26-12:49:02.633084 7f77048b0700 Options.compaction_options_fifo.ttl: 0
2018/11/26-12:49:02.633085 7f77048b0700                   Options.table_properties_collectors: 
2018/11/26-12:49:02.633086 7f77048b0700                   Options.inplace_update_support: 0
2018/11/26-12:49:02.633087 7f77048b0700                 Options.inplace_update_num_locks: 10000
2018/11/26-12:49:02.633088 7f77048b0700               Options.memtable_prefix_bloom_size_ratio: 0.000000
2018/11/26-12:49:02.633089 7f77048b0700   Options.memtable_huge_page_size: 0
2018/11/26-12:49:02.633090 7f77048b0700                           Options.bloom_locality: 0
2018/11/26-12:49:02.633091 7f77048b0700                    Options.max_successive_merges: 0
2018/11/26-12:49:02.633092 7f77048b0700                Options.optimize_filters_for_hits: 0
2018/11/26-12:49:02.633093 7f77048b0700                Options.paranoid_file_checks: 0
2018/11/26-12:49:02.633094 7f77048b0700                Options.force_consistency_checks: 0
2018/11/26-12:49:02.633095 7f77048b0700                Options.report_bg_io_stats: 0
2018/11/26-12:49:02.633096 7f77048b0700                               Options.ttl: 0
2018/11/26-12:49:02.633142 7f77048b0700 [db/db_impl.cc:1396] Created column family [usertable] (ID 1)
2018/11/26-12:49:02.927179 7f77048b0700 [db/db_impl_open.cc:1219] DB pointer 0x7f768c3d0c00
2018/11/26-12:49:11.672875 7f77048b0700 [db/db_impl_write.cc:1373] [usertable] New memtable created with log file: #9. Immutable memtables: 0.
2018/11/26-12:49:20.439535 7f76531e0700 [db/db_impl_write.cc:1373] [usertable] New memtable created with log file: #10. Immutable memtables: 1.
2018/11/26-12:49:20.439719 7f75a3fff700 [db/db_impl_compaction_flush.cc:80] [JOB 2] Syncing log #3
2018/11/26-12:49:20.454035 7f75a3fff700 [db/db_impl_compaction_flush.cc:80] [JOB 2] Syncing log #9
2018/11/26-12:49:21.643109 7f75a3fff700 (Original Log Time 2018/11/26-12:49:20.439645) [db/db_impl_compaction_flush.cc:1424] Calling FlushMemTableToOutputFile with column family [usertable], flush slots available 24, compaction slots available 1, flush slots scheduled 1, compaction slots scheduled 0
2018/11/26-12:49:21.643122 7f75a3fff700 [db/flush_job.cc:301] [usertable] [JOB 2] Flushing memtable with next log file: 9
2018/11/26-12:49:21.643135 7f75a3fff700 [db/flush_job.cc:301] [usertable] [JOB 2] Flushing memtable with next log file: 10
2018/11/26-12:49:21.643188 7f75a3fff700 EVENT_LOG_v1 {"time_micros": 1543265361643169, "job": 2, "event": "flush_started", "num_memtables": 2, "num_entries": 61283, "num_deletes": 0, "memory_usage": 256917552, "flush_reason": "Write Buffer Full"}
2018/11/26-12:49:21.643200 7f75a3fff700 [db/flush_job.cc:331] [usertable] [JOB 2] Level-0 flush table #11: started
2018/11/26-12:49:23.993714 7f75a3fff700 EVENT_LOG_v1 {"time_micros": 1543265363993685, "cf_name": "usertable", "job": 2, "event": "table_file_creation", "file_number": 11, "file_size": 253797433, "table_properties": {"data_size": 252669823, "index_size": 1126683, "filter_size": 0, "raw_key_size": 1470792, "raw_average_key_size": 24, "raw_value_size": 251015168, "raw_average_value_size": 4096, "num_data_blocks": 30642, "num_entries": 61283, "filter_policy_name": "", "kDeletedKeys": "0", "kMergeOperands": "0"}}
2018/11/26-12:49:23.993749 7f75a3fff700 [db/flush_job.cc:371] [usertable] [JOB 2] Level-0 flush table #11: 253797433 bytes OK
2018/11/26-12:49:24.098565 7f75a3fff700 (Original Log Time 2018/11/26-12:49:23.993771) [db/memtable_list.cc:377] [usertable] Level-0 commit table #11 started
2018/11/26-12:49:24.098568 7f75a3fff700 (Original Log Time 2018/11/26-12:49:24.098471) [db/memtable_list.cc:409] [usertable] Level-0 commit table #11: memtable #1 done
2018/11/26-12:49:24.098570 7f75a3fff700 (Original Log Time 2018/11/26-12:49:24.098482) [db/memtable_list.cc:409] [usertable] Level-0 commit table #11: memtable #2 done
2018/11/26-12:49:24.098571 7f75a3fff700 (Original Log Time 2018/11/26-12:49:24.098501) EVENT_LOG_v1 {"time_micros": 1543265364098492, "job": 2, "event": "flush_finished", "output_compression": "NoCompression", "lsm_state": [1, 0, 0, 0, 0, 0, 0], "immutable_memtables": 0}
2018/11/26-12:49:24.098573 7f75a3fff700 (Original Log Time 2018/11/26-12:49:24.098531) [db/db_impl_compaction_flush.cc:177] [usertable] Level summary: base level 1 max bytes base 536870912 files[1 0 0 0 0 0 0] max score 0.50
2018/11/26-12:49:24.098587 7f75a3fff700 [db/db_impl_files.cc:347] [JOB 2] Try to delete WAL files size 253035047, prev total WAL file size 305926337, number of live WAL files 3.
2018/11/26-12:49:29.399657 7f76531e0700 [db/db_impl_write.cc:1373] [usertable] New memtable created with log file: #12. Immutable memtables: 0.
2018/11/26-12:49:38.363943 7f76530df700 [db/db_impl_write.cc:1373] [usertable] New memtable created with log file: #13. Immutable memtables: 1.
2018/11/26-12:49:38.364055 7f75a37fe700 [db/db_impl_compaction_flush.cc:80] [JOB 3] Syncing log #10
2018/11/26-12:49:38.886937 7f75a37fe700 [db/db_impl_compaction_flush.cc:80] [JOB 3] Syncing log #12
2018/11/26-12:49:40.584271 7f75a37fe700 (Original Log Time 2018/11/26-12:49:38.364038) [db/db_impl_compaction_flush.cc:1424] Calling FlushMemTableToOutputFile with column family [usertable], flush slots available 24, compaction slots available 1, flush slots scheduled 1, compaction slots scheduled 0
2018/11/26-12:49:40.584286 7f75a37fe700 [db/flush_job.cc:301] [usertable] [JOB 3] Flushing memtable with next log file: 12
2018/11/26-12:49:40.584296 7f75a37fe700 [db/flush_job.cc:301] [usertable] [JOB 3] Flushing memtable with next log file: 13
2018/11/26-12:49:40.584333 7f75a37fe700 EVENT_LOG_v1 {"time_micros": 1543265380584321, "job": 3, "event": "flush_started", "num_memtables": 2, "num_entries": 62740, "num_deletes": 0, "memory_usage": 259997368, "flush_reason": "Write Buffer Full"}
2018/11/26-12:49:40.584340 7f75a37fe700 [db/flush_job.cc:331] [usertable] [JOB 3] Level-0 flush table #14: started
2018/11/26-12:49:44.407616 7f75a37fe700 EVENT_LOG_v1 {"time_micros": 1543265384407592, "cf_name": "usertable", "job": 3, "event": "table_file_creation", "file_number": 14, "file_size": 259845345, "table_properties": {"data_size": 258683992, "index_size": 1160426, "filter_size": 0, "raw_key_size": 1505760, "raw_average_key_size": 24, "raw_value_size": 256983040, "raw_average_value_size": 4096, "num_data_blocks": 31370, "num_entries": 62740, "filter_policy_name": "", "kDeletedKeys": "0", "kMergeOperands": "0"}}
2018/11/26-12:49:44.407637 7f75a37fe700 [db/flush_job.cc:371] [usertable] [JOB 3] Level-0 flush table #14: 259845345 bytes OK
2018/11/26-12:49:44.436293 7f75a37fe700 (Original Log Time 2018/11/26-12:49:44.407654) [db/memtable_list.cc:377] [usertable] Level-0 commit table #14 started
2018/11/26-12:49:44.436297 7f75a37fe700 (Original Log Time 2018/11/26-12:49:44.436217) [db/memtable_list.cc:409] [usertable] Level-0 commit table #14: memtable #1 done
2018/11/26-12:49:44.436299 7f75a37fe700 (Original Log Time 2018/11/26-12:49:44.436219) [db/memtable_list.cc:409] [usertable] Level-0 commit table #14: memtable #2 done
2018/11/26-12:49:44.436302 7f75a37fe700 (Original Log Time 2018/11/26-12:49:44.436235) EVENT_LOG_v1 {"time_micros": 1543265384436227, "job": 3, "event": "flush_finished", "output_compression": "NoCompression", "lsm_state": [2, 0, 0, 0, 0, 0, 0], "immutable_memtables": 0}
2018/11/26-12:49:44.436305 7f75a37fe700 (Original Log Time 2018/11/26-12:49:44.436270) [db/db_impl_compaction_flush.cc:177] [usertable] Level summary: base level 1 max bytes base 536870912 files[2 0 0 0 0 0 0] max score 1.00
2018/11/26-12:49:44.436318 7f75a37fe700 [db/db_impl_files.cc:347] [JOB 3] Try to delete WAL files size 259048444, prev total WAL file size 346795744, number of live WAL files 3.
2018/11/26-12:49:44.436536 7f7651be6700 [WARN] [db/db_impl.cc:491] ------- DUMPING STATS -------
2018/11/26-12:49:44.438204 7f7651be6700 [WARN] [db/db_impl.cc:492] 
** DB Stats **
Uptime(secs): 42.0 total, 42.0 interval
Cumulative writes: 145K writes, 145K keys, 144K commit groups, 1.0 writes per commit group, ingest: 0.56 GB, 13.62 MB/s
Cumulative WAL: 145K writes, 0 syncs, 145275.00 writes per sync, written: 0.56 GB, 13.62 MB/s
Cumulative stall: 00:00:0.000 H:M:S, 0.0 percent
Interval writes: 145K writes, 145K keys, 144K commit groups, 1.0 writes per commit group, ingest: 572.04 MB, 13.62 MB/s
Interval WAL: 145K writes, 0 syncs, 145275.00 writes per sync, written: 0.56 MB, 13.62 MB/s
Interval stall: 00:00:0.000 H:M:S, 0.0 percent

** Compaction Stats [default] **
Level    Files   Size     Score Read(GB)  Rn(GB) Rnp1(GB) Write(GB) Wnew(GB) Moved(GB) W-Amp Rd(MB/s) Wr(MB/s) Comp(sec) Comp(cnt) Avg(sec) KeyIn KeyDrop
----------------------------------------------------------------------------------------------------------------------------------------------------------
 Sum      0/0    0.00 KB   0.0      0.0     0.0      0.0       0.0      0.0       0.0   0.0      0.0      0.0         0         0    0.000       0      0
 Int      0/0    0.00 KB   0.0      0.0     0.0      0.0       0.0      0.0       0.0   0.0      0.0      0.0         0         0    0.000       0      0
Uptime(secs): 42.0 total, 42.0 interval
Flush(GB): cumulative 0.000, interval 0.000
AddFile(GB): cumulative 0.000, interval 0.000
AddFile(Total Files): cumulative 0, interval 0
AddFile(L0 Files): cumulative 0, interval 0
AddFile(Keys): cumulative 0, interval 0
Cumulative compaction: 0.00 GB write, 0.00 MB/s write, 0.00 GB read, 0.00 MB/s read, 0.0 seconds
Interval compaction: 0.00 GB write, 0.00 MB/s write, 0.00 GB read, 0.00 MB/s read, 0.0 seconds
Stalls(count): 0 level0_slowdown, 0 level0_slowdown_with_compaction, 0 level0_numfiles, 0 level0_numfiles_with_compaction, 0 stop for pending_compaction_bytes, 0 slowdown for pending_compaction_bytes, 0 memtable_compaction, 0 memtable_slowdown, interval 0 total count

** File Read Latency Histogram By Level [default] **

** Compaction Stats [usertable] **
Level    Files   Size     Score Read(GB)  Rn(GB) Rnp1(GB) Write(GB) Wnew(GB) Moved(GB) W-Amp Rd(MB/s) Wr(MB/s) Comp(sec) Comp(cnt) Avg(sec) KeyIn KeyDrop
----------------------------------------------------------------------------------------------------------------------------------------------------------
  L0      2/0   489.85 MB   1.0      0.0     0.0      0.0       0.5      0.5       0.0   1.0      0.0     79.3         6         2    3.087       0      0
 Sum      2/0   489.85 MB   0.0      0.0     0.0      0.0       0.5      0.5       0.0   1.0      0.0     79.3         6         2    3.087       0      0
 Int      0/0    0.00 KB   0.0      0.0     0.0      0.0       0.5      0.5       0.0   1.0      0.0     79.3         6         2    3.087       0      0
Uptime(secs): 41.8 total, 41.8 interval
Flush(GB): cumulative 0.478, interval 0.478
AddFile(GB): cumulative 0.000, interval 0.000
AddFile(Total Files): cumulative 0, interval 0
AddFile(L0 Files): cumulative 0, interval 0
AddFile(Keys): cumulative 0, interval 0
Cumulative compaction: 0.48 GB write, 11.72 MB/s write, 0.00 GB read, 0.00 MB/s read, 6.2 seconds
Interval compaction: 0.48 GB write, 11.72 MB/s write, 0.00 GB read, 0.00 MB/s read, 6.2 seconds
Stalls(count): 0 level0_slowdown, 0 level0_slowdown_with_compaction, 0 level0_numfiles, 0 level0_numfiles_with_compaction, 0 stop for pending_compaction_bytes, 0 slowdown for pending_compaction_bytes, 0 memtable_compaction, 0 memtable_slowdown, interval 0 total count

** File Read Latency Histogram By Level [usertable] **

** Compaction Stats [default] **
Level    Files   Size     Score Read(GB)  Rn(GB) Rnp1(GB) Write(GB) Wnew(GB) Moved(GB) W-Amp Rd(MB/s) Wr(MB/s) Comp(sec) Comp(cnt) Avg(sec) KeyIn KeyDrop
----------------------------------------------------------------------------------------------------------------------------------------------------------
 Sum      0/0    0.00 KB   0.0      0.0     0.0      0.0       0.0      0.0       0.0   0.0      0.0      0.0         0         0    0.000       0      0
 Int      0/0    0.00 KB   0.0      0.0     0.0      0.0       0.0      0.0       0.0   0.0      0.0      0.0         0         0    0.000       0      0
Uptime(secs): 42.0 total, 0.0 interval
Flush(GB): cumulative 0.000, interval 0.000
AddFile(GB): cumulative 0.000, interval 0.000
AddFile(Total Files): cumulative 0, interval 0
AddFile(L0 Files): cumulative 0, interval 0
AddFile(Keys): cumulative 0, interval 0
Cumulative compaction: 0.00 GB write, 0.00 MB/s write, 0.00 GB read, 0.00 MB/s read, 0.0 seconds
Interval compaction: 0.00 GB write, 0.00 MB/s write, 0.00 GB read, 0.00 MB/s read, 0.0 seconds
Stalls(count): 0 level0_slowdown, 0 level0_slowdown_with_compaction, 0 level0_numfiles, 0 level0_numfiles_with_compaction, 0 stop for pending_compaction_bytes, 0 slowdown for pending_compaction_bytes, 0 memtable_compaction, 0 memtable_slowdown, interval 0 total count

** File Read Latency Histogram By Level [default] **

** Compaction Stats [usertable] **
Level    Files   Size     Score Read(GB)  Rn(GB) Rnp1(GB) Write(GB) Wnew(GB) Moved(GB) W-Amp Rd(MB/s) Wr(MB/s) Comp(sec) Comp(cnt) Avg(sec) KeyIn KeyDrop
----------------------------------------------------------------------------------------------------------------------------------------------------------
  L0      2/0   489.85 MB   1.0      0.0     0.0      0.0       0.5      0.5       0.0   1.0      0.0     79.3         6         2    3.087       0      0
 Sum      2/0   489.85 MB   0.0      0.0     0.0      0.0       0.5      0.5       0.0   1.0      0.0     79.3         6         2    3.087       0      0
 Int      0/0    0.00 KB   0.0      0.0     0.0      0.0       0.0      0.0       0.0   0.0      0.0      0.0         0         0    0.000       0      0
Uptime(secs): 41.8 total, 0.0 interval
Flush(GB): cumulative 0.478, interval 0.000
AddFile(GB): cumulative 0.000, interval 0.000
AddFile(Total Files): cumulative 0, interval 0
AddFile(L0 Files): cumulative 0, interval 0
AddFile(Keys): cumulative 0, interval 0
Cumulative compaction: 0.48 GB write, 11.72 MB/s write, 0.00 GB read, 0.00 MB/s read, 6.2 seconds
Interval compaction: 0.00 GB write, 0.00 MB/s write, 0.00 GB read, 0.00 MB/s read, 0.0 seconds
Stalls(count): 0 level0_slowdown, 0 level0_slowdown_with_compaction, 0 level0_numfiles, 0 level0_numfiles_with_compaction, 0 stop for pending_compaction_bytes, 0 slowdown for pending_compaction_bytes, 0 memtable_compaction, 0 memtable_slowdown, interval 0 total count

** File Read Latency Histogram By Level [usertable] **
2018/11/26-12:49:44.469189 7f7651be6700 (Original Log Time 2018/11/26-12:49:44.440450) [db/db_impl_compaction_flush.cc:1835] [usertable] Moving #14 to level-1 259845345 bytes
2018/11/26-12:49:44.469194 7f7651be6700 (Original Log Time 2018/11/26-12:49:44.469124) EVENT_LOG_v1 {"time_micros": 1543265384469109, "job": 4, "event": "trivial_move", "destination_level": 1, "files": 1, "total_files_size": 259845345}
2018/11/26-12:49:44.469198 7f7651be6700 (Original Log Time 2018/11/26-12:49:44.469138) [db/db_impl_compaction_flush.cc:1864] [usertable] Moved #1 files to level-1 259845345 bytes OK: base level 1 max bytes base 536870912 files[1 1 0 0 0 0 0] max score 0.50
2018/11/26-12:49:47.318703 7f76e03ea700 [db/db_impl_write.cc:1373] [usertable] New memtable created with log file: #15. Immutable memtables: 0.
2018/11/26-12:49:56.277587 7f77042aa700 [db/db_impl_write.cc:1373] [usertable] New memtable created with log file: #16. Immutable memtables: 1.
2018/11/26-12:49:56.277713 7f75a2ffd700 [db/db_impl_compaction_flush.cc:80] [JOB 5] Syncing log #13
2018/11/26-12:49:57.064184 7f75a2ffd700 [db/db_impl_compaction_flush.cc:80] [JOB 5] Syncing log #15
2018/11/26-12:49:58.243497 7f75a2ffd700 (Original Log Time 2018/11/26-12:49:56.277695) [db/db_impl_compaction_flush.cc:1424] Calling FlushMemTableToOutputFile with column family [usertable], flush slots available 24, compaction slots available 1, flush slots scheduled 1, compaction slots scheduled 0
2018/11/26-12:49:58.243512 7f75a2ffd700 [db/flush_job.cc:301] [usertable] [JOB 5] Flushing memtable with next log file: 15
2018/11/26-12:49:58.243518 7f75a2ffd700 [db/flush_job.cc:301] [usertable] [JOB 5] Flushing memtable with next log file: 16
2018/11/26-12:49:58.243545 7f75a2ffd700 EVENT_LOG_v1 {"time_micros": 1543265398243537, "job": 5, "event": "flush_started", "num_memtables": 2, "num_entries": 62695, "num_deletes": 0, "memory_usage": 259785672, "flush_reason": "Write Buffer Full"}
2018/11/26-12:49:58.243551 7f75a2ffd700 [db/flush_job.cc:331] [usertable] [JOB 5] Level-0 flush table #17: started
2018/11/26-12:50:00.632962 7f75a2ffd700 EVENT_LOG_v1 {"time_micros": 1543265400632939, "cf_name": "usertable", "job": 5, "event": "table_file_creation", "file_number": 17, "file_size": 259659002, "table_properties": {"data_size": 258498463, "index_size": 1159612, "filter_size": 0, "raw_key_size": 1504680, "raw_average_key_size": 24, "raw_value_size": 256798720, "raw_average_value_size": 4096, "num_data_blocks": 31348, "num_entries": 62695, "filter_policy_name": "", "kDeletedKeys": "0", "kMergeOperands": "0"}}
2018/11/26-12:50:00.632991 7f75a2ffd700 [db/flush_job.cc:371] [usertable] [JOB 5] Level-0 flush table #17: 259659002 bytes OK
2018/11/26-12:50:00.693257 7f75a2ffd700 (Original Log Time 2018/11/26-12:50:00.633017) [db/memtable_list.cc:377] [usertable] Level-0 commit table #17 started
2018/11/26-12:50:00.693261 7f75a2ffd700 (Original Log Time 2018/11/26-12:50:00.693133) [db/memtable_list.cc:409] [usertable] Level-0 commit table #17: memtable #1 done
2018/11/26-12:50:00.693263 7f75a2ffd700 (Original Log Time 2018/11/26-12:50:00.693136) [db/memtable_list.cc:409] [usertable] Level-0 commit table #17: memtable #2 done
2018/11/26-12:50:00.693265 7f75a2ffd700 (Original Log Time 2018/11/26-12:50:00.693172) EVENT_LOG_v1 {"time_micros": 1543265400693152, "job": 5, "event": "flush_finished", "output_compression": "NoCompression", "lsm_state": [2, 1, 0, 0, 0, 0, 0], "immutable_memtables": 0}
2018/11/26-12:50:00.693266 7f75a2ffd700 (Original Log Time 2018/11/26-12:50:00.693209) [db/db_impl_compaction_flush.cc:177] [usertable] Level summary: base level 1 max bytes base 536870912 files[2 1 0 0 0 0 0] max score 1.00
