2018/11/22-23:08:36.983481 7f862a51f0 RocksDB version: 5.14.3
2018/11/22-23:08:36.983657 7f862a51f0 Git sha rocksdb_build_git_sha:
2018/11/22-23:08:36.983665 7f862a51f0 Compile date Nov 15 2018
2018/11/22-23:08:36.983674 7f862a51f0 DB SUMMARY
2018/11/22-23:08:36.984542 7f862a51f0 CURRENT file:  CURRENT
2018/11/22-23:08:36.984555 7f862a51f0 IDENTITY file:  IDENTITY
2018/11/22-23:08:36.984579 7f862a51f0 MANIFEST file:  MANIFEST-000004 size: 122317 Bytes
2018/11/22-23:08:36.984587 7f862a51f0 SST files in /mnt/sda/ycsb-rocksdb-data dir, Total Num: 673, files: 000021.sst 000022.sst 000023.sst 000028.sst 000029.sst 000030.sst 000031.sst 000035.sst 000036.sst 
2018/11/22-23:08:36.984591 7f862a51f0 Write Ahead Log file in /mnt/sda/ycsb-rocksdb-data: 001213.log size: 127947070 ; 001215.log size: 124382258 ; 001219.log size: 105076818 ; 
2018/11/22-23:08:36.984604 7f862a51f0                         Options.error_if_exists: 0
2018/11/22-23:08:36.984608 7f862a51f0                       Options.create_if_missing: 1
2018/11/22-23:08:36.984611 7f862a51f0                         Options.paranoid_checks: 1
2018/11/22-23:08:36.984615 7f862a51f0                                     Options.env: 0x7f853a5f18
2018/11/22-23:08:36.984618 7f862a51f0                                Options.info_log: 0x7f543e37f0
2018/11/22-23:08:36.984621 7f862a51f0                Options.max_file_opening_threads: 16
2018/11/22-23:08:36.984624 7f862a51f0                              Options.statistics: (nil)
2018/11/22-23:08:36.984628 7f862a51f0                               Options.use_fsync: 0
2018/11/22-23:08:36.984631 7f862a51f0                       Options.max_log_file_size: 0
2018/11/22-23:08:36.984634 7f862a51f0                  Options.max_manifest_file_size: 18446744073709551615
2018/11/22-23:08:36.984637 7f862a51f0                   Options.log_file_time_to_roll: 0
2018/11/22-23:08:36.984640 7f862a51f0                       Options.keep_log_file_num: 1000
2018/11/22-23:08:36.984643 7f862a51f0                    Options.recycle_log_file_num: 0
2018/11/22-23:08:36.984646 7f862a51f0                         Options.allow_fallocate: 1
2018/11/22-23:08:36.984649 7f862a51f0                        Options.allow_mmap_reads: 0
2018/11/22-23:08:36.984652 7f862a51f0                       Options.allow_mmap_writes: 0
2018/11/22-23:08:36.984655 7f862a51f0                        Options.use_direct_reads: 0
2018/11/22-23:08:36.984658 7f862a51f0                        Options.use_direct_io_for_flush_and_compaction: 0
2018/11/22-23:08:36.984661 7f862a51f0          Options.create_missing_column_families: 1
2018/11/22-23:08:36.984663 7f862a51f0                              Options.db_log_dir: 
2018/11/22-23:08:36.984666 7f862a51f0                                 Options.wal_dir: /mnt/sda/ycsb-rocksdb-data
2018/11/22-23:08:36.984669 7f862a51f0                Options.table_cache_numshardbits: 6
2018/11/22-23:08:36.984672 7f862a51f0                      Options.max_subcompactions: 4
2018/11/22-23:08:36.984675 7f862a51f0                  Options.max_background_flushes: 6
2018/11/22-23:08:36.984678 7f862a51f0                         Options.WAL_ttl_seconds: 0
2018/11/22-23:08:36.984681 7f862a51f0                       Options.WAL_size_limit_MB: 0
2018/11/22-23:08:36.984684 7f862a51f0             Options.manifest_preallocation_size: 4194304
2018/11/22-23:08:36.984686 7f862a51f0                     Options.is_fd_close_on_exec: 1
2018/11/22-23:08:36.984689 7f862a51f0                   Options.advise_random_on_open: 1
2018/11/22-23:08:36.984692 7f862a51f0                    Options.db_write_buffer_size: 0
2018/11/22-23:08:36.984695 7f862a51f0                    Options.write_buffer_manager: 0x7f543e4b50
2018/11/22-23:08:36.984698 7f862a51f0         Options.access_hint_on_compaction_start: 1
2018/11/22-23:08:36.984701 7f862a51f0  Options.new_table_reader_for_compaction_inputs: 0
2018/11/22-23:08:36.984704 7f862a51f0           Options.random_access_max_buffer_size: 1048576
2018/11/22-23:08:36.984707 7f862a51f0                      Options.use_adaptive_mutex: 0
2018/11/22-23:08:36.984710 7f862a51f0                            Options.rate_limiter: (nil)
2018/11/22-23:08:36.984746 7f862a51f0     Options.sst_file_manager.rate_bytes_per_sec: 0
2018/11/22-23:08:36.984752 7f862a51f0                       Options.wal_recovery_mode: 2
2018/11/22-23:08:36.984755 7f862a51f0                  Options.enable_thread_tracking: 0
2018/11/22-23:08:36.984757 7f862a51f0                  Options.enable_pipelined_write: 1
2018/11/22-23:08:36.984761 7f862a51f0         Options.allow_concurrent_memtable_write: 1
2018/11/22-23:08:36.984764 7f862a51f0      Options.enable_write_thread_adaptive_yield: 1
2018/11/22-23:08:36.984766 7f862a51f0             Options.write_thread_max_yield_usec: 100
2018/11/22-23:08:36.984769 7f862a51f0            Options.write_thread_slow_yield_usec: 3
2018/11/22-23:08:36.984772 7f862a51f0                               Options.row_cache: None
2018/11/22-23:08:36.984775 7f862a51f0                              Options.wal_filter: None
2018/11/22-23:08:36.984778 7f862a51f0             Options.avoid_flush_during_recovery: 0
2018/11/22-23:08:36.984781 7f862a51f0             Options.allow_ingest_behind: 0
2018/11/22-23:08:36.984784 7f862a51f0             Options.preserve_deletes: 0
2018/11/22-23:08:36.984787 7f862a51f0             Options.two_write_queues: 0
2018/11/22-23:08:36.984790 7f862a51f0             Options.manual_wal_flush: 0
2018/11/22-23:08:36.984795 7f862a51f0             Options.max_background_jobs: 6
2018/11/22-23:08:36.984798 7f862a51f0             Options.max_background_compactions: 6
2018/11/22-23:08:36.984801 7f862a51f0             Options.avoid_flush_during_shutdown: 0
2018/11/22-23:08:36.984804 7f862a51f0           Options.writable_file_max_buffer_size: 1048576
2018/11/22-23:08:36.984807 7f862a51f0             Options.delayed_write_rate : 16777216
2018/11/22-23:08:36.984810 7f862a51f0             Options.max_total_wal_size: 0
2018/11/22-23:08:36.984813 7f862a51f0             Options.delete_obsolete_files_period_micros: 21600000000
2018/11/22-23:08:36.984816 7f862a51f0                   Options.stats_dump_period_sec: 60
2018/11/22-23:08:36.984819 7f862a51f0                          Options.max_open_files: -1
2018/11/22-23:08:36.984822 7f862a51f0                          Options.bytes_per_sync: 1048576
2018/11/22-23:08:36.984825 7f862a51f0                      Options.wal_bytes_per_sync: 0
2018/11/22-23:08:36.984828 7f862a51f0       Options.compaction_readahead_size: 0
2018/11/22-23:08:36.984831 7f862a51f0 Compression algorithms supported:
2018/11/22-23:08:36.984834 7f862a51f0 	kZSTDNotFinalCompression supported: 1
2018/11/22-23:08:36.984869 7f862a51f0 	kZSTD supported: 1
2018/11/22-23:08:36.984875 7f862a51f0 	kXpressCompression supported: 0
2018/11/22-23:08:36.984878 7f862a51f0 	kLZ4HCCompression supported: 1
2018/11/22-23:08:36.984882 7f862a51f0 	kLZ4Compression supported: 1
2018/11/22-23:08:36.984885 7f862a51f0 	kBZip2Compression supported: 1
2018/11/22-23:08:36.984888 7f862a51f0 	kZlibCompression supported: 1
2018/11/22-23:08:36.984891 7f862a51f0 	kSnappyCompression supported: 1
2018/11/22-23:08:36.984899 7f862a51f0 Fast CRC32 supported: Not supported on x86
2018/11/22-23:08:36.985570 7f862a51f0 [db/version_set.cc:3085] Recovering from manifest file: MANIFEST-000004
2018/11/22-23:08:36.985772 7f862a51f0 [db/column_family.cc:475] --------------- Options for column family [default]:
2018/11/22-23:08:36.985781 7f862a51f0               Options.comparator: leveldb.BytewiseComparator
2018/11/22-23:08:36.985785 7f862a51f0           Options.merge_operator: None
2018/11/22-23:08:36.985788 7f862a51f0        Options.compaction_filter: None
2018/11/22-23:08:36.985792 7f862a51f0        Options.compaction_filter_factory: None
2018/11/22-23:08:36.985795 7f862a51f0         Options.memtable_factory: SkipListFactory
2018/11/22-23:08:36.985798 7f862a51f0            Options.table_factory: BlockBasedTable
2018/11/22-23:08:36.985845 7f862a51f0            table_factory options:   flush_block_policy_factory: FlushBlockBySizePolicyFactory (0x7f54378950)
  cache_index_and_filter_blocks: 0
  cache_index_and_filter_blocks_with_high_priority: 0
  pin_l0_filter_and_index_blocks_in_cache: 0
  index_type: 0
  hash_index_allow_collision: 1
  checksum: 1
  no_block_cache: 0
  block_cache: 0x7f54385070
  block_cache_name: LRUCache
  block_cache_options:
    capacity : 8388608
    num_shard_bits : 4
    strict_capacity_limit : 0
    high_pri_pool_ratio: 0.000
  block_cache_compressed: (nil)
  persistent_cache: (nil)
  block_size: 8192
  block_size_deviation: 10
  block_restart_interval: 16
  index_block_restart_interval: 1
  metadata_block_size: 4096
  partition_filters: 0
  use_delta_encoding: 1
  filter_policy: nullptr
  whole_key_filtering: 1
  verify_compression: 0
  read_amp_bytes_per_bit: 0
  format_version: 2
  enable_index_compression: 1
  block_align: 0
2018/11/22-23:08:36.985878 7f862a51f0        Options.write_buffer_size: 134217728
2018/11/22-23:08:36.985884 7f862a51f0  Options.max_write_buffer_number: 24
2018/11/22-23:08:36.985887 7f862a51f0        Options.compression[0]: NoCompression
2018/11/22-23:08:36.985891 7f862a51f0        Options.compression[1]: NoCompression
2018/11/22-23:08:36.985894 7f862a51f0        Options.compression[2]: LZ4
2018/11/22-23:08:36.985897 7f862a51f0        Options.compression[3]: LZ4
2018/11/22-23:08:36.985900 7f862a51f0        Options.compression[4]: LZ4
2018/11/22-23:08:36.985903 7f862a51f0        Options.compression[5]: LZ4
2018/11/22-23:08:36.985905 7f862a51f0        Options.compression[6]: LZ4
2018/11/22-23:08:36.985908 7f862a51f0                  Options.bottommost_compression: Disabled
2018/11/22-23:08:36.985912 7f862a51f0       Options.prefix_extractor: nullptr
2018/11/22-23:08:36.985915 7f862a51f0   Options.memtable_insert_with_hint_prefix_extractor: nullptr
2018/11/22-23:08:36.985918 7f862a51f0             Options.num_levels: 7
2018/11/22-23:08:36.985921 7f862a51f0        Options.min_write_buffer_number_to_merge: 2
2018/11/22-23:08:36.985924 7f862a51f0     Options.max_write_buffer_number_to_maintain: 0
2018/11/22-23:08:36.985926 7f862a51f0            Options.compression_opts.window_bits: -14
2018/11/22-23:08:36.985930 7f862a51f0                  Options.compression_opts.level: -1
2018/11/22-23:08:36.985933 7f862a51f0               Options.compression_opts.strategy: 0
2018/11/22-23:08:36.985935 7f862a51f0         Options.compression_opts.max_dict_bytes: 0
2018/11/22-23:08:36.985939 7f862a51f0         Options.compression_opts.zstd_max_train_bytes: 0
2018/11/22-23:08:36.985942 7f862a51f0      Options.level0_file_num_compaction_trigger: 2
2018/11/22-23:08:36.985945 7f862a51f0          Options.level0_slowdown_writes_trigger: 20
2018/11/22-23:08:36.985947 7f862a51f0              Options.level0_stop_writes_trigger: 36
2018/11/22-23:08:36.985950 7f862a51f0                   Options.target_file_size_base: 67108864
2018/11/22-23:08:36.985953 7f862a51f0             Options.target_file_size_multiplier: 1
2018/11/22-23:08:36.985956 7f862a51f0                Options.max_bytes_for_level_base: 536870912
2018/11/22-23:08:36.985959 7f862a51f0 Options.level_compaction_dynamic_level_bytes: 0
2018/11/22-23:08:36.985962 7f862a51f0          Options.max_bytes_for_level_multiplier: 10.000000
2018/11/22-23:08:36.985968 7f862a51f0 Options.max_bytes_for_level_multiplier_addtl[0]: 1
2018/11/22-23:08:36.985972 7f862a51f0 Options.max_bytes_for_level_multiplier_addtl[1]: 1
2018/11/22-23:08:36.985975 7f862a51f0 Options.max_bytes_for_level_multiplier_addtl[2]: 1
2018/11/22-23:08:36.985977 7f862a51f0 Options.max_bytes_for_level_multiplier_addtl[3]: 1
2018/11/22-23:08:36.985980 7f862a51f0 Options.max_bytes_for_level_multiplier_addtl[4]: 1
2018/11/22-23:08:36.985983 7f862a51f0 Options.max_bytes_for_level_multiplier_addtl[5]: 1
2018/11/22-23:08:36.985986 7f862a51f0 Options.max_bytes_for_level_multiplier_addtl[6]: 1
2018/11/22-23:08:36.985989 7f862a51f0       Options.max_sequential_skip_in_iterations: 8
2018/11/22-23:08:36.985992 7f862a51f0                    Options.max_compaction_bytes: 1677721600
2018/11/22-23:08:36.986008 7f862a51f0                        Options.arena_block_size: 16777216
2018/11/22-23:08:36.986013 7f862a51f0   Options.soft_pending_compaction_bytes_limit: 68719476736
2018/11/22-23:08:36.986031 7f862a51f0   Options.hard_pending_compaction_bytes_limit: 274877906944
2018/11/22-23:08:36.986036 7f862a51f0       Options.rate_limit_delay_max_milliseconds: 100
2018/11/22-23:08:36.986039 7f862a51f0                Options.disable_auto_compactions: 0
2018/11/22-23:08:36.986045 7f862a51f0                        Options.compaction_style: kCompactionStyleLevel
2018/11/22-23:08:36.986050 7f862a51f0                          Options.compaction_pri: kByCompensatedSize
2018/11/22-23:08:36.986053 7f862a51f0 Options.compaction_options_universal.size_ratio: 1
2018/11/22-23:08:36.986056 7f862a51f0 Options.compaction_options_universal.min_merge_width: 2
2018/11/22-23:08:36.986059 7f862a51f0 Options.compaction_options_universal.max_merge_width: 4294967295
2018/11/22-23:08:36.986062 7f862a51f0 Options.compaction_options_universal.max_size_amplification_percent: 200
2018/11/22-23:08:36.986065 7f862a51f0 Options.compaction_options_universal.compression_size_percent: -1
2018/11/22-23:08:36.986069 7f862a51f0 Options.compaction_options_universal.stop_style: kCompactionStopStyleTotalSize
2018/11/22-23:08:36.986073 7f862a51f0 Options.compaction_options_fifo.max_table_files_size: 1073741824
2018/11/22-23:08:36.986076 7f862a51f0 Options.compaction_options_fifo.allow_compaction: 0
2018/11/22-23:08:36.986079 7f862a51f0 Options.compaction_options_fifo.ttl: 0
2018/11/22-23:08:36.986082 7f862a51f0                   Options.table_properties_collectors: 
2018/11/22-23:08:36.986085 7f862a51f0                   Options.inplace_update_support: 0
2018/11/22-23:08:36.986088 7f862a51f0                 Options.inplace_update_num_locks: 10000
2018/11/22-23:08:36.986091 7f862a51f0               Options.memtable_prefix_bloom_size_ratio: 0.000000
2018/11/22-23:08:36.986095 7f862a51f0   Options.memtable_huge_page_size: 0
2018/11/22-23:08:36.986098 7f862a51f0                           Options.bloom_locality: 0
2018/11/22-23:08:36.986101 7f862a51f0                    Options.max_successive_merges: 0
2018/11/22-23:08:36.986104 7f862a51f0                Options.optimize_filters_for_hits: 0
2018/11/22-23:08:36.986107 7f862a51f0                Options.paranoid_file_checks: 0
2018/11/22-23:08:36.986110 7f862a51f0                Options.force_consistency_checks: 0
2018/11/22-23:08:36.986113 7f862a51f0                Options.report_bg_io_stats: 0
2018/11/22-23:08:36.986116 7f862a51f0                               Options.ttl: 0
2018/11/22-23:08:36.986834 7f862a51f0 [db/column_family.cc:475] --------------- Options for column family [usertable]:
2018/11/22-23:08:36.986845 7f862a51f0               Options.comparator: leveldb.BytewiseComparator
2018/11/22-23:08:36.986849 7f862a51f0           Options.merge_operator: None
2018/11/22-23:08:36.986852 7f862a51f0        Options.compaction_filter: None
2018/11/22-23:08:36.986855 7f862a51f0        Options.compaction_filter_factory: None
2018/11/22-23:08:36.986858 7f862a51f0         Options.memtable_factory: SkipListFactory
2018/11/22-23:08:36.986861 7f862a51f0            Options.table_factory: BlockBasedTable
2018/11/22-23:08:36.986904 7f862a51f0            table_factory options:   flush_block_policy_factory: FlushBlockBySizePolicyFactory (0x7f54379980)
  cache_index_and_filter_blocks: 0
  cache_index_and_filter_blocks_with_high_priority: 0
  pin_l0_filter_and_index_blocks_in_cache: 0
  index_type: 0
  hash_index_allow_collision: 1
  checksum: 1
  no_block_cache: 0
  block_cache: 0x7f54389a90
  block_cache_name: LRUCache
  block_cache_options:
    capacity : 8388608
    num_shard_bits : 4
    strict_capacity_limit : 0
    high_pri_pool_ratio: 0.000
  block_cache_compressed: (nil)
  persistent_cache: (nil)
  block_size: 8192
  block_size_deviation: 10
  block_restart_interval: 16
  index_block_restart_interval: 1
  metadata_block_size: 4096
  partition_filters: 0
  use_delta_encoding: 1
  filter_policy: nullptr
  whole_key_filtering: 1
  verify_compression: 0
  read_amp_bytes_per_bit: 0
  format_version: 2
  enable_index_compression: 1
  block_align: 0
2018/11/22-23:08:36.986910 7f862a51f0        Options.write_buffer_size: 134217728
2018/11/22-23:08:36.986935 7f862a51f0  Options.max_write_buffer_number: 24
2018/11/22-23:08:36.986940 7f862a51f0        Options.compression[0]: NoCompression
2018/11/22-23:08:36.986943 7f862a51f0        Options.compression[1]: NoCompression
2018/11/22-23:08:36.986947 7f862a51f0        Options.compression[2]: LZ4
2018/11/22-23:08:36.986950 7f862a51f0        Options.compression[3]: LZ4
2018/11/22-23:08:36.986953 7f862a51f0        Options.compression[4]: LZ4
2018/11/22-23:08:36.986955 7f862a51f0        Options.compression[5]: LZ4
2018/11/22-23:08:36.986958 7f862a51f0        Options.compression[6]: LZ4
2018/11/22-23:08:36.986961 7f862a51f0                  Options.bottommost_compression: Disabled
2018/11/22-23:08:36.986964 7f862a51f0       Options.prefix_extractor: nullptr
2018/11/22-23:08:36.986967 7f862a51f0   Options.memtable_insert_with_hint_prefix_extractor: nullptr
2018/11/22-23:08:36.986970 7f862a51f0             Options.num_levels: 7
2018/11/22-23:08:36.986973 7f862a51f0        Options.min_write_buffer_number_to_merge: 2
2018/11/22-23:08:36.986976 7f862a51f0     Options.max_write_buffer_number_to_maintain: 0
2018/11/22-23:08:36.986979 7f862a51f0            Options.compression_opts.window_bits: -14
2018/11/22-23:08:36.986982 7f862a51f0                  Options.compression_opts.level: -1
2018/11/22-23:08:36.986984 7f862a51f0               Options.compression_opts.strategy: 0
2018/11/22-23:08:36.986988 7f862a51f0         Options.compression_opts.max_dict_bytes: 0
2018/11/22-23:08:36.986990 7f862a51f0         Options.compression_opts.zstd_max_train_bytes: 0
2018/11/22-23:08:36.986993 7f862a51f0      Options.level0_file_num_compaction_trigger: 2
2018/11/22-23:08:36.987011 7f862a51f0          Options.level0_slowdown_writes_trigger: 20
2018/11/22-23:08:36.987015 7f862a51f0              Options.level0_stop_writes_trigger: 36
2018/11/22-23:08:36.987018 7f862a51f0                   Options.target_file_size_base: 67108864
2018/11/22-23:08:36.987021 7f862a51f0             Options.target_file_size_multiplier: 1
2018/11/22-23:08:36.987024 7f862a51f0                Options.max_bytes_for_level_base: 536870912
2018/11/22-23:08:36.987027 7f862a51f0 Options.level_compaction_dynamic_level_bytes: 0
2018/11/22-23:08:36.987030 7f862a51f0          Options.max_bytes_for_level_multiplier: 10.000000
2018/11/22-23:08:36.987034 7f862a51f0 Options.max_bytes_for_level_multiplier_addtl[0]: 1
2018/11/22-23:08:36.987037 7f862a51f0 Options.max_bytes_for_level_multiplier_addtl[1]: 1
2018/11/22-23:08:36.987040 7f862a51f0 Options.max_bytes_for_level_multiplier_addtl[2]: 1
2018/11/22-23:08:36.987043 7f862a51f0 Options.max_bytes_for_level_multiplier_addtl[3]: 1
2018/11/22-23:08:36.987046 7f862a51f0 Options.max_bytes_for_level_multiplier_addtl[4]: 1
2018/11/22-23:08:36.987049 7f862a51f0 Options.max_bytes_for_level_multiplier_addtl[5]: 1
2018/11/22-23:08:36.987052 7f862a51f0 Options.max_bytes_for_level_multiplier_addtl[6]: 1
2018/11/22-23:08:36.987055 7f862a51f0       Options.max_sequential_skip_in_iterations: 8
2018/11/22-23:08:36.987057 7f862a51f0                    Options.max_compaction_bytes: 1677721600
2018/11/22-23:08:36.987060 7f862a51f0                        Options.arena_block_size: 16777216
2018/11/22-23:08:36.987063 7f862a51f0   Options.soft_pending_compaction_bytes_limit: 68719476736
2018/11/22-23:08:36.987067 7f862a51f0   Options.hard_pending_compaction_bytes_limit: 274877906944
2018/11/22-23:08:36.987069 7f862a51f0       Options.rate_limit_delay_max_milliseconds: 100
2018/11/22-23:08:36.987072 7f862a51f0                Options.disable_auto_compactions: 0
2018/11/22-23:08:36.987076 7f862a51f0                        Options.compaction_style: kCompactionStyleLevel
2018/11/22-23:08:36.987080 7f862a51f0                          Options.compaction_pri: kByCompensatedSize
2018/11/22-23:08:36.987083 7f862a51f0 Options.compaction_options_universal.size_ratio: 1
2018/11/22-23:08:36.987086 7f862a51f0 Options.compaction_options_universal.min_merge_width: 2
2018/11/22-23:08:36.987089 7f862a51f0 Options.compaction_options_universal.max_merge_width: 4294967295
2018/11/22-23:08:36.987106 7f862a51f0 Options.compaction_options_universal.max_size_amplification_percent: 200
2018/11/22-23:08:36.987111 7f862a51f0 Options.compaction_options_universal.compression_size_percent: -1
2018/11/22-23:08:36.987115 7f862a51f0 Options.compaction_options_universal.stop_style: kCompactionStopStyleTotalSize
2018/11/22-23:08:36.987118 7f862a51f0 Options.compaction_options_fifo.max_table_files_size: 1073741824
2018/11/22-23:08:36.987121 7f862a51f0 Options.compaction_options_fifo.allow_compaction: 0
2018/11/22-23:08:36.987124 7f862a51f0 Options.compaction_options_fifo.ttl: 0
2018/11/22-23:08:36.987127 7f862a51f0                   Options.table_properties_collectors: 
2018/11/22-23:08:36.987130 7f862a51f0                   Options.inplace_update_support: 0
2018/11/22-23:08:36.987133 7f862a51f0                 Options.inplace_update_num_locks: 10000
2018/11/22-23:08:36.987136 7f862a51f0               Options.memtable_prefix_bloom_size_ratio: 0.000000
2018/11/22-23:08:36.987139 7f862a51f0   Options.memtable_huge_page_size: 0
2018/11/22-23:08:36.987142 7f862a51f0                           Options.bloom_locality: 0
2018/11/22-23:08:36.987145 7f862a51f0                    Options.max_successive_merges: 0
2018/11/22-23:08:36.987148 7f862a51f0                Options.optimize_filters_for_hits: 0
2018/11/22-23:08:36.987151 7f862a51f0                Options.paranoid_file_checks: 0
2018/11/22-23:08:36.987153 7f862a51f0                Options.force_consistency_checks: 0
2018/11/22-23:08:36.987156 7f862a51f0                Options.report_bg_io_stats: 0
2018/11/22-23:08:36.987159 7f862a51f0                               Options.ttl: 0
2018/11/22-23:08:37.458152 7f862a51f0 [db/version_set.cc:3361] Recovered from manifest file:/mnt/sda/ycsb-rocksdb-data/MANIFEST-000004 succeeded,manifest_file_number is 4, next_file_number is 1223, last_sequence is 10438292, log_number is 0,prev_log_number is 0,max_column_family is 1,min_log_number_to_keep is 0
2018/11/22-23:08:37.458184 7f862a51f0 [db/version_set.cc:3369] Column family [default] (ID 0), log number is 0
2018/11/22-23:08:37.458188 7f862a51f0 [db/version_set.cc:3369] Column family [usertable] (ID 1), log number is 1213
2018/11/22-23:08:37.462345 7f862a51f0 EVENT_LOG_v1 {"time_micros": 1542928117462319, "job": 1, "event": "recovery_started", "log_files": [1213, 1215, 1219]}
2018/11/22-23:08:37.462382 7f862a51f0 [db/db_impl_open.cc:551] Recovering log #1213 mode 2
2018/11/22-23:08:38.035866 7f862a51f0 [db/db_impl_open.cc:551] Recovering log #1215 mode 2
2018/11/22-23:08:38.742135 7f862a51f0 EVENT_LOG_v1 {"time_micros": 1542928118742025, "cf_name": "usertable", "job": 1, "event": "table_file_creation", "file_number": 1223, "file_size": 129895354, "table_properties": {"data_size": 129317909, "index_size": 576523, "filter_size": 0, "raw_key_size": 752760, "raw_average_key_size": 24, "raw_value_size": 128471040, "raw_average_value_size": 4096, "num_data_blocks": 15683, "num_entries": 31365, "filter_policy_name": "", "kDeletedKeys": "0", "kMergeOperands": "0"}}
2018/11/22-23:08:39.300713 7f862a51f0 [db/db_impl_open.cc:551] Recovering log #1219 mode 2
2018/11/22-23:08:39.990964 7f862a51f0 EVENT_LOG_v1 {"time_micros": 1542928119990911, "cf_name": "usertable", "job": 1, "event": "table_file_creation", "file_number": 1224, "file_size": 129914717, "table_properties": {"data_size": 129333751, "index_size": 580044, "filter_size": 0, "raw_key_size": 752832, "raw_average_key_size": 24, "raw_value_size": 128483328, "raw_average_value_size": 4096, "num_data_blocks": 15684, "num_entries": 31368, "filter_policy_name": "", "kDeletedKeys": "0", "kMergeOperands": "0"}}
2018/11/22-23:08:40.349299 7f862a51f0 [db/version_set.cc:2847] Creating manifest 1225
2018/11/22-23:08:40.934825 7f862a51f0 EVENT_LOG_v1 {"time_micros": 1542928120934774, "cf_name": "usertable", "job": 1, "event": "table_file_creation", "file_number": 1226, "file_size": 98430186, "table_properties": {"data_size": 97989857, "index_size": 439407, "filter_size": 0, "raw_key_size": 570384, "raw_average_key_size": 24, "raw_value_size": 97345536, "raw_average_value_size": 4096, "num_data_blocks": 11883, "num_entries": 23766, "filter_policy_name": "", "kDeletedKeys": "0", "kMergeOperands": "0"}}
2018/11/22-23:08:40.965193 7f862a51f0 EVENT_LOG_v1 {"time_micros": 1542928120965176, "job": 1, "event": "recovery_finished"}
2018/11/22-23:08:40.966196 7f862a51f0 [db/column_family.cc:837] [usertable] Increasing compaction threads because we have 4 level-0 files 
2018/11/22-23:08:41.097072 7f84ca51f0 [WARN] [db/db_impl.cc:491] ------- DUMPING STATS -------
2018/11/22-23:08:41.097159 7f84ca51f0 [WARN] [db/db_impl.cc:492] 
** DB Stats **
Uptime(secs): 4.1 total, 4.1 interval
Cumulative writes: 0 writes, 0 keys, 0 commit groups, 0.0 writes per commit group, ingest: 0.00 GB, 0.00 MB/s
Cumulative WAL: 0 writes, 0 syncs, 0.00 writes per sync, written: 0.00 GB, 0.00 MB/s
Cumulative stall: 00:00:0.000 H:M:S, 0.0 percent
Interval writes: 0 writes, 0 keys, 0 commit groups, 0.0 writes per commit group, ingest: 0.00 MB, 0.00 MB/s
Interval WAL: 0 writes, 0 syncs, 0.00 writes per sync, written: 0.00 MB, 0.00 MB/s
Interval stall: 00:00:0.000 H:M:S, 0.0 percent

** Compaction Stats [default] **
Level    Files   Size     Score Read(GB)  Rn(GB) Rnp1(GB) Write(GB) Wnew(GB) Moved(GB) W-Amp Rd(MB/s) Wr(MB/s) Comp(sec) Comp(cnt) Avg(sec) KeyIn KeyDrop
----------------------------------------------------------------------------------------------------------------------------------------------------------
 Sum      0/0    0.00 KB   0.0      0.0     0.0      0.0       0.0      0.0       0.0   0.0      0.0      0.0         0         0    0.000       0      0
 Int      0/0    0.00 KB   0.0      0.0     0.0      0.0       0.0      0.0       0.0   0.0      0.0      0.0         0         0    0.000       0      0
Uptime(secs): 4.1 total, 4.1 interval
Flush(GB): cumulative 0.000, interval 0.000
AddFile(GB): cumulative 0.000, interval 0.000
AddFile(Total Files): cumulative 0, interval 0
AddFile(L0 Files): cumulative 0, interval 0
AddFile(Keys): cumulative 0, interval 0
Cumulative compaction: 0.00 GB write, 0.00 MB/s write, 0.00 GB read, 0.00 MB/s read, 0.0 seconds
Interval compaction: 0.00 GB write, 0.00 MB/s write, 0.00 GB read, 0.00 MB/s read, 0.0 seconds
Stalls(count): 0 level0_slowdown, 0 level0_slowdown_with_compaction, 0 level0_numfiles, 0 level0_numfiles_with_compaction, 0 stop for pending_compaction_bytes, 0 slowdown for pending_compaction_bytes, 0 memtable_compaction, 0 memtable_slowdown, interval 0 total count

** File Read Latency Histogram By Level [default] **

** Compaction Stats [usertable] **
Level    Files   Size     Score Read(GB)  Rn(GB) Rnp1(GB) Write(GB) Wnew(GB) Moved(GB) W-Amp Rd(MB/s) Wr(MB/s) Comp(sec) Comp(cnt) Avg(sec) KeyIn KeyDrop
----------------------------------------------------------------------------------------------------------------------------------------------------------
  L0      4/0   577.96 MB   2.0      0.0     0.0      0.0       0.3      0.3       0.0   1.0      0.0    181.5         2         3    0.627       0      0
  L1      8/0   465.14 MB   0.9      0.0     0.0      0.0       0.0      0.0       0.0   0.0      0.0      0.0         0         0    0.000       0      0
  L2    117/0    5.21 GB   1.0      0.0     0.0      0.0       0.0      0.0       0.0   0.0      0.0      0.0         0         0    0.000       0      0
  L3    547/0   33.95 GB   0.7      0.0     0.0      0.0       0.0      0.0       0.0   0.0      0.0      0.0         0         0    0.000       0      0
 Sum    676/0   40.18 GB   0.0      0.0     0.0      0.0       0.3      0.3       0.0   1.0      0.0    181.5         2         3    0.627       0      0
 Int      0/0    0.00 KB   0.0      0.0     0.0      0.0       0.3      0.3       0.0   1.0      0.0    181.5         2         3    0.627       0      0
Uptime(secs): 4.1 total, 4.1 interval
Flush(GB): cumulative 0.334, interval 0.334
AddFile(GB): cumulative 0.000, interval 0.000
AddFile(Total Files): cumulative 0, interval 0
AddFile(L0 Files): cumulative 0, interval 0
AddFile(Keys): cumulative 0, interval 0
Cumulative compaction: 0.33 GB write, 83.12 MB/s write, 0.00 GB read, 0.00 MB/s read, 1.9 seconds
Interval compaction: 0.33 GB write, 83.12 MB/s write, 0.00 GB read, 0.00 MB/s read, 1.9 seconds
Stalls(count): 0 level0_slowdown, 0 level0_slowdown_with_compaction, 0 level0_numfiles, 0 level0_numfiles_with_compaction, 0 stop for pending_compaction_bytes, 0 slowdown for pending_compaction_bytes, 0 memtable_compaction, 0 memtable_slowdown, interval 0 total count

** File Read Latency Histogram By Level [usertable] **

** Compaction Stats [default] **
Level    Files   Size     Score Read(GB)  Rn(GB) Rnp1(GB) Write(GB) Wnew(GB) Moved(GB) W-Amp Rd(MB/s) Wr(MB/s) Comp(sec) Comp(cnt) Avg(sec) KeyIn KeyDrop
----------------------------------------------------------------------------------------------------------------------------------------------------------
 Sum      0/0    0.00 KB   0.0      0.0     0.0      0.0       0.0      0.0       0.0   0.0      0.0      0.0         0         0    0.000       0      0
 Int      0/0    0.00 KB   0.0      0.0     0.0      0.0       0.0      0.0       0.0   0.0      0.0      0.0         0         0    0.000       0      0
Uptime(secs): 4.1 total, 0.0 interval
Flush(GB): cumulative 0.000, interval 0.000
AddFile(GB): cumulative 0.000, interval 0.000
AddFile(Total Files): cumulative 0, interval 0
AddFile(L0 Files): cumulative 0, interval 0
AddFile(Keys): cumulative 0, interval 0
Cumulative compaction: 0.00 GB write, 0.00 MB/s write, 0.00 GB read, 0.00 MB/s read, 0.0 seconds
Interval compaction: 0.00 GB write, 0.00 MB/s write, 0.00 GB read, 0.00 MB/s read, 0.0 seconds
Stalls(count): 0 level0_slowdown, 0 level0_slowdown_with_compaction, 0 level0_numfiles, 0 level0_numfiles_with_compaction, 0 stop for pending_compaction_bytes, 0 slowdown for pending_compaction_bytes, 0 memtable_compaction, 0 memtable_slowdown, interval 0 total count

** File Read Latency Histogram By Level [default] **

** Compaction Stats [usertable] **
Level    Files   Size     Score Read(GB)  Rn(GB) Rnp1(GB) Write(GB) Wnew(GB) Moved(GB) W-Amp Rd(MB/s) Wr(MB/s) Comp(sec) Comp(cnt) Avg(sec) KeyIn KeyDrop
----------------------------------------------------------------------------------------------------------------------------------------------------------
  L0      4/0   577.96 MB   2.0      0.0     0.0      0.0       0.3      0.3       0.0   1.0      0.0    181.5         2         3    0.627       0      0
  L1      8/0   465.14 MB   0.9      0.0     0.0      0.0       0.0      0.0       0.0   0.0      0.0      0.0         0         0    0.000       0      0
  L2    117/0    5.21 GB   1.0      0.0     0.0      0.0       0.0      0.0       0.0   0.0      0.0      0.0         0         0    0.000       0      0
  L3    547/0   33.95 GB   0.7      0.0     0.0      0.0       0.0      0.0       0.0   0.0      0.0      0.0         0         0    0.000       0      0
 Sum    676/0   40.18 GB   0.0      0.0     0.0      0.0       0.3      0.3       0.0   1.0      0.0    181.5         2         3    0.627       0      0
 Int      0/0    0.00 KB   0.0      0.0     0.0      0.0       0.0      0.0       0.0   0.0      0.0      0.0         0         0    0.000       0      0
Uptime(secs): 4.1 total, 0.0 interval
Flush(GB): cumulative 0.334, interval 0.000
AddFile(GB): cumulative 0.000, interval 0.000
AddFile(Total Files): cumulative 0, interval 0
AddFile(L0 Files): cumulative 0, interval 0
AddFile(Keys): cumulative 0, interval 0
Cumulative compaction: 0.33 GB write, 83.12 MB/s write, 0.00 GB read, 0.00 MB/s read, 1.9 seconds
Interval compaction: 0.00 GB write, 0.00 MB/s write, 0.00 GB read, 0.00 MB/s read, 0.0 seconds
Stalls(count): 0 level0_slowdown, 0 level0_slowdown_with_compaction, 0 level0_numfiles, 0 level0_numfiles_with_compaction, 0 stop for pending_compaction_bytes, 0 slowdown for pending_compaction_bytes, 0 memtable_compaction, 0 memtable_slowdown, interval 0 total count

** File Read Latency Histogram By Level [usertable] **
2018/11/22-23:08:41.097538 7f84ca51f0 [db/compaction_job.cc:1531] [usertable] [JOB 3] Compacting 1@0 files to L1, score 2.00
2018/11/22-23:08:41.097568 7f84ca51f0 [db/compaction_job.cc:1535] [usertable] Compaction start summary: Base version 5 Base level 0, inputs: [1149(236MB)]
2018/11/22-23:08:41.097661 7f84ca51f0 EVENT_LOG_v1 {"time_micros": 1542928121097596, "job": 3, "event": "compaction_started", "compaction_reason": "LevelL0FilesNum", "files_L0": [1149], "score": 2, "input_data_size": 247796526}
2018/11/22-23:08:41.097880 7f862a51f0 [db/db_impl_open.cc:1219] DB pointer 0x7f543e3db0
2018/11/22-23:08:41.099144 7f3a7fc1f0 (Original Log Time 2018/11/22-23:08:41.099095) [db/db_impl_compaction_flush.cc:1781] Compaction nothing to do
2018/11/22-23:08:41.133503 7f3bfff1f0 [db/column_family.cc:837] [usertable] Increasing compaction threads because we have 4 level-0 files 
2018/11/22-23:08:41.134306 7f3bfff1f0 (Original Log Time 2018/11/22-23:08:41.097681) [db/db_impl_compaction_flush.cc:1835] [usertable] Moving #1217 to level-3 67233530 bytes
2018/11/22-23:08:41.134328 7f3bfff1f0 (Original Log Time 2018/11/22-23:08:41.133766) EVENT_LOG_v1 {"time_micros": 1542928121133736, "job": 4, "event": "trivial_move", "destination_level": 3, "files": 1, "total_files_size": 67233530}
2018/11/22-23:08:41.134340 7f3bfff1f0 (Original Log Time 2018/11/22-23:08:41.133802) [db/db_impl_compaction_flush.cc:1864] [usertable] Moved #1 files to level-3 67233530 bytes OK: base level 1 max bytes base 536870912 files[4 8 116 548 0 0 0] max score 1.50
2018/11/22-23:08:41.134719 7f3a7fc1f0 (Original Log Time 2018/11/22-23:08:41.134653) [db/db_impl_compaction_flush.cc:1781] Compaction nothing to do
2018/11/22-23:08:41.168770 7f3b7fe1f0 [db/column_family.cc:837] [usertable] Increasing compaction threads because we have 4 level-0 files 
2018/11/22-23:08:41.169605 7f3b7fe1f0 (Original Log Time 2018/11/22-23:08:41.098790) [db/db_impl_compaction_flush.cc:1835] [usertable] Moving #1218 to level-3 67233357 bytes
2018/11/22-23:08:41.169631 7f3b7fe1f0 (Original Log Time 2018/11/22-23:08:41.169060) EVENT_LOG_v1 {"time_micros": 1542928121168987, "job": 5, "event": "trivial_move", "destination_level": 3, "files": 1, "total_files_size": 67233357}
2018/11/22-23:08:41.169643 7f3b7fe1f0 (Original Log Time 2018/11/22-23:08:41.169096) [db/db_impl_compaction_flush.cc:1864] [usertable] Moved #1 files to level-3 67233357 bytes OK: base level 1 max bytes base 536870912 files[4 8 113 551 0 0 0] max score 1.50
2018/11/22-23:08:41.169722 7f39ffb1f0 [db/column_family.cc:837] [usertable] Increasing compaction threads because we have 4 level-0 files 
2018/11/22-23:08:41.169985 7f39ffb1f0 (Original Log Time 2018/11/22-23:08:41.099071) [db/db_impl_compaction_flush.cc:1835] [usertable] Moving #110 to level-3 53030410 bytes
2018/11/22-23:08:41.169993 7f39ffb1f0 (Original Log Time 2018/11/22-23:08:41.169818) EVENT_LOG_v1 {"time_micros": 1542928121169806, "job": 7, "event": "trivial_move", "destination_level": 3, "files": 1, "total_files_size": 53030410}
2018/11/22-23:08:41.170029 7f39ffb1f0 (Original Log Time 2018/11/22-23:08:41.169835) [db/db_impl_compaction_flush.cc:1864] [usertable] Moved #1 files to level-3 53030410 bytes OK: base level 1 max bytes base 536870912 files[4 8 113 551 0 0 0] max score 1.50
2018/11/22-23:08:41.170056 7f3affd1f0 [db/column_family.cc:837] [usertable] Increasing compaction threads because we have 4 level-0 files 
2018/11/22-23:08:41.170167 7f3affd1f0 (Original Log Time 2018/11/22-23:08:41.098946) [db/db_impl_compaction_flush.cc:1835] [usertable] Moving #1216 to level-3 67233335 bytes
2018/11/22-23:08:41.170173 7f3affd1f0 (Original Log Time 2018/11/22-23:08:41.170081) EVENT_LOG_v1 {"time_micros": 1542928121170077, "job": 6, "event": "trivial_move", "destination_level": 3, "files": 1, "total_files_size": 67233335}
2018/11/22-23:08:41.170178 7f3affd1f0 (Original Log Time 2018/11/22-23:08:41.170088) [db/db_impl_compaction_flush.cc:1864] [usertable] Moved #1 files to level-3 67233335 bytes OK: base level 1 max bytes base 536870912 files[4 8 113 551 0 0 0] max score 1.50
2018/11/22-23:08:41.170482 7f3bfff1f0 (Original Log Time 2018/11/22-23:08:41.170209) [db/db_impl_compaction_flush.cc:1781] Compaction nothing to do
2018/11/22-23:08:42.600104 7f84ca51f0 [db/compaction_job.cc:1211] [usertable] [JOB 3] Generated table #1230: 16279 keys, 67418359 bytes
2018/11/22-23:08:42.600185 7f84ca51f0 EVENT_LOG_v1 {"time_micros": 1542928122600158, "cf_name": "usertable", "job": 3, "event": "table_file_creation", "file_number": 1230, "file_size": 67418359, "table_properties": {"data_size": 67118331, "index_size": 299107, "filter_size": 0, "raw_key_size": 390696, "raw_average_key_size": 24, "raw_value_size": 66678784, "raw_average_value_size": 4096, "num_data_blocks": 8140, "num_entries": 16279, "filter_policy_name": "", "kDeletedKeys": "0", "kMergeOperands": "0"}}
2018/11/22-23:08:43.658443 7f84ca51f0 [db/compaction_job.cc:1211] [usertable] [JOB 3] Generated table #1231: 16279 keys, 67421978 bytes
2018/11/22-23:08:43.658541 7f84ca51f0 EVENT_LOG_v1 {"time_micros": 1542928123658510, "cf_name": "usertable", "job": 3, "event": "table_file_creation", "file_number": 1231, "file_size": 67421978, "table_properties": {"data_size": 67120141, "index_size": 300916, "filter_size": 0, "raw_key_size": 390696, "raw_average_key_size": 24, "raw_value_size": 66678784, "raw_average_value_size": 4096, "num_data_blocks": 8140, "num_entries": 16279, "filter_policy_name": "", "kDeletedKeys": "0", "kMergeOperands": "0"}}
2018/11/22-23:08:44.664665 7f84ca51f0 [db/compaction_job.cc:1211] [usertable] [JOB 3] Generated table #1232: 16279 keys, 67418360 bytes
2018/11/22-23:08:44.664846 7f84ca51f0 EVENT_LOG_v1 {"time_micros": 1542928124664778, "cf_name": "usertable", "job": 3, "event": "table_file_creation", "file_number": 1232, "file_size": 67418360, "table_properties": {"data_size": 67118331, "index_size": 299108, "filter_size": 0, "raw_key_size": 390696, "raw_average_key_size": 24, "raw_value_size": 66678784, "raw_average_value_size": 4096, "num_data_blocks": 8140, "num_entries": 16279, "filter_policy_name": "", "kDeletedKeys": "0", "kMergeOperands": "0"}}
2018/11/22-23:08:45.445694 7f84ca51f0 [db/compaction_job.cc:1211] [usertable] [JOB 3] Generated table #1233: 10997 keys, 45545986 bytes
2018/11/22-23:08:45.445867 7f84ca51f0 EVENT_LOG_v1 {"time_micros": 1542928125445802, "cf_name": "usertable", "job": 3, "event": "table_file_creation", "file_number": 1233, "file_size": 45545986, "table_properties": {"data_size": 45341866, "index_size": 203199, "filter_size": 0, "raw_key_size": 263928, "raw_average_key_size": 24, "raw_value_size": 45043712, "raw_average_value_size": 4096, "num_data_blocks": 5499, "num_entries": 10997, "filter_policy_name": "", "kDeletedKeys": "0", "kMergeOperands": "0"}}
2018/11/22-23:08:45.446197 7f84ca51f0 [db/compaction_job.cc:1287] [usertable] [JOB 3] Compacted 1@0 files to L1 => 247804683 bytes
