2018/12/29-14:18:26.715292 7f0dcd7ec700 RocksDB version: 5.14.3
2018/12/29-14:18:26.715340 7f0dcd7ec700 Git sha rocksdb_build_git_sha:
2018/12/29-14:18:26.715343 7f0dcd7ec700 Compile date Dec 29 2018
2018/12/29-14:18:26.715348 7f0dcd7ec700 DB SUMMARY
2018/12/29-14:18:26.715373 7f0dcd7ec700 SST files in /mnt/sdb/ycsb-rocksdb-data dir, Total Num: 0, files: 
2018/12/29-14:18:26.715375 7f0dcd7ec700 Write Ahead Log file in /mnt/sdb/ycsb-rocksdb-data: 
2018/12/29-14:18:26.715378 7f0dcd7ec700                         Options.error_if_exists: 0
2018/12/29-14:18:26.715379 7f0dcd7ec700                       Options.create_if_missing: 1
2018/12/29-14:18:26.715380 7f0dcd7ec700                         Options.paranoid_checks: 1
2018/12/29-14:18:26.715381 7f0dcd7ec700                                     Options.env: 0x7f0d58ff72c0
2018/12/29-14:18:26.715383 7f0dcd7ec700                                Options.info_log: 0x7f0d543d50a0
2018/12/29-14:18:26.715384 7f0dcd7ec700                Options.max_file_opening_threads: 16
2018/12/29-14:18:26.715385 7f0dcd7ec700                              Options.statistics: (nil)
2018/12/29-14:18:26.715386 7f0dcd7ec700                               Options.use_fsync: 0
2018/12/29-14:18:26.715387 7f0dcd7ec700                       Options.max_log_file_size: 0
2018/12/29-14:18:26.715388 7f0dcd7ec700                  Options.max_manifest_file_size: 18446744073709551615
2018/12/29-14:18:26.715389 7f0dcd7ec700                   Options.log_file_time_to_roll: 0
2018/12/29-14:18:26.715390 7f0dcd7ec700                       Options.keep_log_file_num: 1000
2018/12/29-14:18:26.715391 7f0dcd7ec700                    Options.recycle_log_file_num: 0
2018/12/29-14:18:26.715392 7f0dcd7ec700                         Options.allow_fallocate: 1
2018/12/29-14:18:26.715393 7f0dcd7ec700                        Options.allow_mmap_reads: 0
2018/12/29-14:18:26.715394 7f0dcd7ec700                       Options.allow_mmap_writes: 0
2018/12/29-14:18:26.715395 7f0dcd7ec700                        Options.use_direct_reads: 0
2018/12/29-14:18:26.715396 7f0dcd7ec700                        Options.use_direct_io_for_flush_and_compaction: 0
2018/12/29-14:18:26.715397 7f0dcd7ec700          Options.create_missing_column_families: 1
2018/12/29-14:18:26.715398 7f0dcd7ec700                              Options.db_log_dir: 
2018/12/29-14:18:26.715399 7f0dcd7ec700                                 Options.wal_dir: /mnt/sdb/ycsb-rocksdb-data
2018/12/29-14:18:26.715400 7f0dcd7ec700                Options.table_cache_numshardbits: 6
2018/12/29-14:18:26.715401 7f0dcd7ec700                      Options.max_subcompactions: 4
2018/12/29-14:18:26.715402 7f0dcd7ec700                  Options.max_background_flushes: 24
2018/12/29-14:18:26.715403 7f0dcd7ec700                         Options.WAL_ttl_seconds: 0
2018/12/29-14:18:26.715404 7f0dcd7ec700                       Options.WAL_size_limit_MB: 0
2018/12/29-14:18:26.715405 7f0dcd7ec700             Options.manifest_preallocation_size: 4194304
2018/12/29-14:18:26.715406 7f0dcd7ec700                     Options.is_fd_close_on_exec: 1
2018/12/29-14:18:26.715407 7f0dcd7ec700                   Options.advise_random_on_open: 1
2018/12/29-14:18:26.715408 7f0dcd7ec700                    Options.db_write_buffer_size: 0
2018/12/29-14:18:26.715409 7f0dcd7ec700                    Options.write_buffer_manager: 0x7f0d543d20a0
2018/12/29-14:18:26.715410 7f0dcd7ec700         Options.access_hint_on_compaction_start: 1
2018/12/29-14:18:26.715411 7f0dcd7ec700  Options.new_table_reader_for_compaction_inputs: 0
2018/12/29-14:18:26.715412 7f0dcd7ec700           Options.random_access_max_buffer_size: 1048576
2018/12/29-14:18:26.715414 7f0dcd7ec700                      Options.use_adaptive_mutex: 0
2018/12/29-14:18:26.715414 7f0dcd7ec700                            Options.rate_limiter: (nil)
2018/12/29-14:18:26.715417 7f0dcd7ec700     Options.sst_file_manager.rate_bytes_per_sec: 0
2018/12/29-14:18:26.715418 7f0dcd7ec700                       Options.wal_recovery_mode: 2
2018/12/29-14:18:26.715419 7f0dcd7ec700                  Options.enable_thread_tracking: 0
2018/12/29-14:18:26.715420 7f0dcd7ec700                  Options.enable_pipelined_write: 1
2018/12/29-14:18:26.715429 7f0dcd7ec700         Options.allow_concurrent_memtable_write: 1
2018/12/29-14:18:26.715431 7f0dcd7ec700      Options.enable_write_thread_adaptive_yield: 1
2018/12/29-14:18:26.715432 7f0dcd7ec700             Options.write_thread_max_yield_usec: 100
2018/12/29-14:18:26.715433 7f0dcd7ec700            Options.write_thread_slow_yield_usec: 3
2018/12/29-14:18:26.715434 7f0dcd7ec700                               Options.row_cache: None
2018/12/29-14:18:26.715435 7f0dcd7ec700                              Options.wal_filter: None
2018/12/29-14:18:26.715436 7f0dcd7ec700             Options.avoid_flush_during_recovery: 0
2018/12/29-14:18:26.715437 7f0dcd7ec700             Options.allow_ingest_behind: 0
2018/12/29-14:18:26.715438 7f0dcd7ec700             Options.preserve_deletes: 0
2018/12/29-14:18:26.715439 7f0dcd7ec700             Options.two_write_queues: 0
2018/12/29-14:18:26.715440 7f0dcd7ec700             Options.manual_wal_flush: 0
2018/12/29-14:18:26.715442 7f0dcd7ec700             Options.max_background_jobs: 24
2018/12/29-14:18:26.715443 7f0dcd7ec700             Options.max_background_compactions: 24
2018/12/29-14:18:26.715444 7f0dcd7ec700             Options.avoid_flush_during_shutdown: 0
2018/12/29-14:18:26.715445 7f0dcd7ec700           Options.writable_file_max_buffer_size: 1048576
2018/12/29-14:18:26.715446 7f0dcd7ec700             Options.delayed_write_rate : 16777216
2018/12/29-14:18:26.715447 7f0dcd7ec700             Options.max_total_wal_size: 0
2018/12/29-14:18:26.715448 7f0dcd7ec700             Options.delete_obsolete_files_period_micros: 21600000000
2018/12/29-14:18:26.715450 7f0dcd7ec700                   Options.stats_dump_period_sec: 60
2018/12/29-14:18:26.715451 7f0dcd7ec700                          Options.max_open_files: -1
2018/12/29-14:18:26.715452 7f0dcd7ec700                          Options.bytes_per_sync: 1048576
2018/12/29-14:18:26.715453 7f0dcd7ec700                      Options.wal_bytes_per_sync: 0
2018/12/29-14:18:26.715454 7f0dcd7ec700       Options.compaction_readahead_size: 0
2018/12/29-14:18:26.715455 7f0dcd7ec700 Compression algorithms supported:
2018/12/29-14:18:26.715456 7f0dcd7ec700 	kZSTDNotFinalCompression supported: 1
2018/12/29-14:18:26.715465 7f0dcd7ec700 	kZSTD supported: 1
2018/12/29-14:18:26.715467 7f0dcd7ec700 	kXpressCompression supported: 0
2018/12/29-14:18:26.715468 7f0dcd7ec700 	kLZ4HCCompression supported: 1
2018/12/29-14:18:26.715469 7f0dcd7ec700 	kLZ4Compression supported: 1
2018/12/29-14:18:26.715470 7f0dcd7ec700 	kBZip2Compression supported: 1
2018/12/29-14:18:26.715471 7f0dcd7ec700 	kZlibCompression supported: 1
2018/12/29-14:18:26.715472 7f0dcd7ec700 	kSnappyCompression supported: 1
2018/12/29-14:18:26.715477 7f0dcd7ec700 Fast CRC32 supported: Supported on x86
2018/12/29-14:18:26.715551 7f0dcd7ec700 [db/db_impl_open.cc:222] Creating manifest 1 
2018/12/29-14:18:26.816685 7f0dcd7ec700 [db/version_set.cc:3085] Recovering from manifest file: MANIFEST-000001
2018/12/29-14:18:26.816874 7f0dcd7ec700 [db/column_family.cc:475] --------------- Options for column family [default]:
2018/12/29-14:18:26.816879 7f0dcd7ec700               Options.comparator: leveldb.BytewiseComparator
2018/12/29-14:18:26.816880 7f0dcd7ec700           Options.merge_operator: None
2018/12/29-14:18:26.816882 7f0dcd7ec700        Options.compaction_filter: None
2018/12/29-14:18:26.816883 7f0dcd7ec700        Options.compaction_filter_factory: None
2018/12/29-14:18:26.816884 7f0dcd7ec700         Options.memtable_factory: SkipListFactory
2018/12/29-14:18:26.816885 7f0dcd7ec700            Options.table_factory: BlockBasedTable
2018/12/29-14:18:26.816914 7f0dcd7ec700            table_factory options:   flush_block_policy_factory: FlushBlockBySizePolicyFactory (0x7f0d543762f0)
  cache_index_and_filter_blocks: 0
  cache_index_and_filter_blocks_with_high_priority: 0
  pin_l0_filter_and_index_blocks_in_cache: 0
  index_type: 0
  hash_index_allow_collision: 1
  checksum: 1
  no_block_cache: 0
  block_cache: 0x7f0d54381d30
  block_cache_name: LRUCache
  block_cache_options:
    capacity : 8388608
    num_shard_bits : 4
    strict_capacity_limit : 0
    high_pri_pool_ratio: 0.000
  block_cache_compressed: (nil)
  persistent_cache: (nil)
  block_size: 8192
  block_size_deviation: 10
  block_restart_interval: 16
  index_block_restart_interval: 1
  metadata_block_size: 4096
  partition_filters: 0
  use_delta_encoding: 1
  filter_policy: nullptr
  whole_key_filtering: 1
  verify_compression: 0
  read_amp_bytes_per_bit: 0
  format_version: 2
  enable_index_compression: 1
  block_align: 0
2018/12/29-14:18:26.816929 7f0dcd7ec700        Options.write_buffer_size: 134217728
2018/12/29-14:18:26.816930 7f0dcd7ec700  Options.max_write_buffer_number: 24
2018/12/29-14:18:26.816932 7f0dcd7ec700        Options.compression[0]: NoCompression
2018/12/29-14:18:26.816933 7f0dcd7ec700        Options.compression[1]: NoCompression
2018/12/29-14:18:26.816935 7f0dcd7ec700        Options.compression[2]: LZ4
2018/12/29-14:18:26.816936 7f0dcd7ec700        Options.compression[3]: LZ4
2018/12/29-14:18:26.816937 7f0dcd7ec700        Options.compression[4]: LZ4
2018/12/29-14:18:26.816938 7f0dcd7ec700        Options.compression[5]: LZ4
2018/12/29-14:18:26.816939 7f0dcd7ec700        Options.compression[6]: LZ4
2018/12/29-14:18:26.816940 7f0dcd7ec700                  Options.bottommost_compression: Disabled
2018/12/29-14:18:26.816941 7f0dcd7ec700       Options.prefix_extractor: nullptr
2018/12/29-14:18:26.816942 7f0dcd7ec700   Options.memtable_insert_with_hint_prefix_extractor: nullptr
2018/12/29-14:18:26.816944 7f0dcd7ec700             Options.num_levels: 7
2018/12/29-14:18:26.816945 7f0dcd7ec700        Options.min_write_buffer_number_to_merge: 2
2018/12/29-14:18:26.816946 7f0dcd7ec700     Options.max_write_buffer_number_to_maintain: 0
2018/12/29-14:18:26.816947 7f0dcd7ec700            Options.compression_opts.window_bits: -14
2018/12/29-14:18:26.816948 7f0dcd7ec700                  Options.compression_opts.level: -1
2018/12/29-14:18:26.816949 7f0dcd7ec700               Options.compression_opts.strategy: 0
2018/12/29-14:18:26.816950 7f0dcd7ec700         Options.compression_opts.max_dict_bytes: 0
2018/12/29-14:18:26.816951 7f0dcd7ec700         Options.compression_opts.zstd_max_train_bytes: 0
2018/12/29-14:18:26.816952 7f0dcd7ec700      Options.level0_file_num_compaction_trigger: 2
2018/12/29-14:18:26.816953 7f0dcd7ec700          Options.level0_slowdown_writes_trigger: 20
2018/12/29-14:18:26.816954 7f0dcd7ec700              Options.level0_stop_writes_trigger: 36
2018/12/29-14:18:26.816955 7f0dcd7ec700                   Options.target_file_size_base: 67108864
2018/12/29-14:18:26.816956 7f0dcd7ec700             Options.target_file_size_multiplier: 1
2018/12/29-14:18:26.816957 7f0dcd7ec700                Options.max_bytes_for_level_base: 536870912
2018/12/29-14:18:26.816958 7f0dcd7ec700 Options.level_compaction_dynamic_level_bytes: 0
2018/12/29-14:18:26.816959 7f0dcd7ec700          Options.max_bytes_for_level_multiplier: 10.000000
2018/12/29-14:18:26.816962 7f0dcd7ec700 Options.max_bytes_for_level_multiplier_addtl[0]: 1
2018/12/29-14:18:26.816963 7f0dcd7ec700 Options.max_bytes_for_level_multiplier_addtl[1]: 1
2018/12/29-14:18:26.816964 7f0dcd7ec700 Options.max_bytes_for_level_multiplier_addtl[2]: 1
2018/12/29-14:18:26.816965 7f0dcd7ec700 Options.max_bytes_for_level_multiplier_addtl[3]: 1
2018/12/29-14:18:26.816966 7f0dcd7ec700 Options.max_bytes_for_level_multiplier_addtl[4]: 1
2018/12/29-14:18:26.816967 7f0dcd7ec700 Options.max_bytes_for_level_multiplier_addtl[5]: 1
2018/12/29-14:18:26.816968 7f0dcd7ec700 Options.max_bytes_for_level_multiplier_addtl[6]: 1
2018/12/29-14:18:26.816969 7f0dcd7ec700       Options.max_sequential_skip_in_iterations: 8
2018/12/29-14:18:26.816970 7f0dcd7ec700                    Options.max_compaction_bytes: 1677721600
2018/12/29-14:18:26.816971 7f0dcd7ec700                        Options.arena_block_size: 16777216
2018/12/29-14:18:26.816972 7f0dcd7ec700   Options.soft_pending_compaction_bytes_limit: 68719476736
2018/12/29-14:18:26.816973 7f0dcd7ec700   Options.hard_pending_compaction_bytes_limit: 274877906944
2018/12/29-14:18:26.816980 7f0dcd7ec700       Options.rate_limit_delay_max_milliseconds: 100
2018/12/29-14:18:26.816981 7f0dcd7ec700                Options.disable_auto_compactions: 0
2018/12/29-14:18:26.816984 7f0dcd7ec700                        Options.compaction_style: kCompactionStyleLevel
2018/12/29-14:18:26.816986 7f0dcd7ec700                          Options.compaction_pri: kByCompensatedSize
2018/12/29-14:18:26.816987 7f0dcd7ec700 Options.compaction_options_universal.size_ratio: 1
2018/12/29-14:18:26.816988 7f0dcd7ec700 Options.compaction_options_universal.min_merge_width: 2
2018/12/29-14:18:26.816989 7f0dcd7ec700 Options.compaction_options_universal.max_merge_width: 4294967295
2018/12/29-14:18:26.816990 7f0dcd7ec700 Options.compaction_options_universal.max_size_amplification_percent: 200
2018/12/29-14:18:26.816992 7f0dcd7ec700 Options.compaction_options_universal.compression_size_percent: -1
2018/12/29-14:18:26.816994 7f0dcd7ec700 Options.compaction_options_universal.stop_style: kCompactionStopStyleTotalSize
2018/12/29-14:18:26.816995 7f0dcd7ec700 Options.compaction_options_fifo.max_table_files_size: 1073741824
2018/12/29-14:18:26.816996 7f0dcd7ec700 Options.compaction_options_fifo.allow_compaction: 0
2018/12/29-14:18:26.816997 7f0dcd7ec700 Options.compaction_options_fifo.ttl: 0
2018/12/29-14:18:26.816998 7f0dcd7ec700                   Options.table_properties_collectors: 
2018/12/29-14:18:26.816999 7f0dcd7ec700                   Options.inplace_update_support: 0
2018/12/29-14:18:26.817000 7f0dcd7ec700                 Options.inplace_update_num_locks: 10000
2018/12/29-14:18:26.817001 7f0dcd7ec700               Options.memtable_prefix_bloom_size_ratio: 0.000000
2018/12/29-14:18:26.817003 7f0dcd7ec700   Options.memtable_huge_page_size: 0
2018/12/29-14:18:26.817004 7f0dcd7ec700                           Options.bloom_locality: 0
2018/12/29-14:18:26.817005 7f0dcd7ec700                    Options.max_successive_merges: 0
2018/12/29-14:18:26.817006 7f0dcd7ec700                Options.optimize_filters_for_hits: 0
2018/12/29-14:18:26.817007 7f0dcd7ec700                Options.paranoid_file_checks: 0
2018/12/29-14:18:26.817008 7f0dcd7ec700                Options.force_consistency_checks: 0
2018/12/29-14:18:26.817009 7f0dcd7ec700                Options.report_bg_io_stats: 0
2018/12/29-14:18:26.817010 7f0dcd7ec700                               Options.ttl: 0
2018/12/29-14:18:26.817535 7f0dcd7ec700 [db/version_set.cc:3361] Recovered from manifest file:/mnt/sdb/ycsb-rocksdb-data/MANIFEST-000001 succeeded,manifest_file_number is 1, next_file_number is 3, last_sequence is 0, log_number is 0,prev_log_number is 0,max_column_family is 0,min_log_number_to_keep is 0
2018/12/29-14:18:26.817543 7f0dcd7ec700 [db/version_set.cc:3369] Column family [default] (ID 0), log number is 0
2018/12/29-14:18:26.817736 7f0dcd7ec700 [db/version_set.cc:2847] Creating manifest 4
2018/12/29-14:18:26.889964 7f0dcd7ec700 [db/column_family.cc:475] --------------- Options for column family [usertable]:
2018/12/29-14:18:26.889970 7f0dcd7ec700               Options.comparator: leveldb.BytewiseComparator
2018/12/29-14:18:26.889972 7f0dcd7ec700           Options.merge_operator: None
2018/12/29-14:18:26.889973 7f0dcd7ec700        Options.compaction_filter: None
2018/12/29-14:18:26.889974 7f0dcd7ec700        Options.compaction_filter_factory: None
2018/12/29-14:18:26.889976 7f0dcd7ec700         Options.memtable_factory: SkipListFactory
2018/12/29-14:18:26.889977 7f0dcd7ec700            Options.table_factory: BlockBasedTable
2018/12/29-14:18:26.890004 7f0dcd7ec700            table_factory options:   flush_block_policy_factory: FlushBlockBySizePolicyFactory (0x7f0d543763d0)
  cache_index_and_filter_blocks: 0
  cache_index_and_filter_blocks_with_high_priority: 0
  pin_l0_filter_and_index_blocks_in_cache: 0
  index_type: 0
  hash_index_allow_collision: 1
  checksum: 1
  no_block_cache: 0
  block_cache: 0x7f0d543774f0
  block_cache_name: LRUCache
  block_cache_options:
    capacity : 8388608
    num_shard_bits : 4
    strict_capacity_limit : 0
    high_pri_pool_ratio: 0.000
  block_cache_compressed: (nil)
  persistent_cache: (nil)
  block_size: 8192
  block_size_deviation: 10
  block_restart_interval: 16
  index_block_restart_interval: 1
  metadata_block_size: 4096
  partition_filters: 0
  use_delta_encoding: 1
  filter_policy: nullptr
  whole_key_filtering: 1
  verify_compression: 0
  read_amp_bytes_per_bit: 0
  format_version: 2
  enable_index_compression: 1
  block_align: 0
2018/12/29-14:18:26.890006 7f0dcd7ec700        Options.write_buffer_size: 134217728
2018/12/29-14:18:26.890007 7f0dcd7ec700  Options.max_write_buffer_number: 24
2018/12/29-14:18:26.890009 7f0dcd7ec700        Options.compression[0]: NoCompression
2018/12/29-14:18:26.890010 7f0dcd7ec700        Options.compression[1]: NoCompression
2018/12/29-14:18:26.890012 7f0dcd7ec700        Options.compression[2]: LZ4
2018/12/29-14:18:26.890013 7f0dcd7ec700        Options.compression[3]: LZ4
2018/12/29-14:18:26.890014 7f0dcd7ec700        Options.compression[4]: LZ4
2018/12/29-14:18:26.890015 7f0dcd7ec700        Options.compression[5]: LZ4
2018/12/29-14:18:26.890016 7f0dcd7ec700        Options.compression[6]: LZ4
2018/12/29-14:18:26.890017 7f0dcd7ec700                  Options.bottommost_compression: Disabled
2018/12/29-14:18:26.890018 7f0dcd7ec700       Options.prefix_extractor: nullptr
2018/12/29-14:18:26.890019 7f0dcd7ec700   Options.memtable_insert_with_hint_prefix_extractor: nullptr
2018/12/29-14:18:26.890020 7f0dcd7ec700             Options.num_levels: 7
2018/12/29-14:18:26.890021 7f0dcd7ec700        Options.min_write_buffer_number_to_merge: 2
2018/12/29-14:18:26.890022 7f0dcd7ec700     Options.max_write_buffer_number_to_maintain: 0
2018/12/29-14:18:26.890023 7f0dcd7ec700            Options.compression_opts.window_bits: -14
2018/12/29-14:18:26.890024 7f0dcd7ec700                  Options.compression_opts.level: -1
2018/12/29-14:18:26.890025 7f0dcd7ec700               Options.compression_opts.strategy: 0
2018/12/29-14:18:26.890026 7f0dcd7ec700         Options.compression_opts.max_dict_bytes: 0
2018/12/29-14:18:26.890027 7f0dcd7ec700         Options.compression_opts.zstd_max_train_bytes: 0
2018/12/29-14:18:26.890028 7f0dcd7ec700      Options.level0_file_num_compaction_trigger: 2
2018/12/29-14:18:26.890029 7f0dcd7ec700          Options.level0_slowdown_writes_trigger: 20
2018/12/29-14:18:26.890030 7f0dcd7ec700              Options.level0_stop_writes_trigger: 36
2018/12/29-14:18:26.890031 7f0dcd7ec700                   Options.target_file_size_base: 67108864
2018/12/29-14:18:26.890032 7f0dcd7ec700             Options.target_file_size_multiplier: 1
2018/12/29-14:18:26.890034 7f0dcd7ec700                Options.max_bytes_for_level_base: 536870912
2018/12/29-14:18:26.890035 7f0dcd7ec700 Options.level_compaction_dynamic_level_bytes: 0
2018/12/29-14:18:26.890036 7f0dcd7ec700          Options.max_bytes_for_level_multiplier: 10.000000
2018/12/29-14:18:26.890038 7f0dcd7ec700 Options.max_bytes_for_level_multiplier_addtl[0]: 1
2018/12/29-14:18:26.890049 7f0dcd7ec700 Options.max_bytes_for_level_multiplier_addtl[1]: 1
2018/12/29-14:18:26.890051 7f0dcd7ec700 Options.max_bytes_for_level_multiplier_addtl[2]: 1
2018/12/29-14:18:26.890052 7f0dcd7ec700 Options.max_bytes_for_level_multiplier_addtl[3]: 1
2018/12/29-14:18:26.890053 7f0dcd7ec700 Options.max_bytes_for_level_multiplier_addtl[4]: 1
2018/12/29-14:18:26.890054 7f0dcd7ec700 Options.max_bytes_for_level_multiplier_addtl[5]: 1
2018/12/29-14:18:26.890055 7f0dcd7ec700 Options.max_bytes_for_level_multiplier_addtl[6]: 1
2018/12/29-14:18:26.890056 7f0dcd7ec700       Options.max_sequential_skip_in_iterations: 8
2018/12/29-14:18:26.890057 7f0dcd7ec700                    Options.max_compaction_bytes: 1677721600
2018/12/29-14:18:26.890058 7f0dcd7ec700                        Options.arena_block_size: 16777216
2018/12/29-14:18:26.890059 7f0dcd7ec700   Options.soft_pending_compaction_bytes_limit: 68719476736
2018/12/29-14:18:26.890060 7f0dcd7ec700   Options.hard_pending_compaction_bytes_limit: 274877906944
2018/12/29-14:18:26.890061 7f0dcd7ec700       Options.rate_limit_delay_max_milliseconds: 100
2018/12/29-14:18:26.890062 7f0dcd7ec700                Options.disable_auto_compactions: 0
2018/12/29-14:18:26.890064 7f0dcd7ec700                        Options.compaction_style: kCompactionStyleLevel
2018/12/29-14:18:26.890066 7f0dcd7ec700                          Options.compaction_pri: kByCompensatedSize
2018/12/29-14:18:26.890067 7f0dcd7ec700 Options.compaction_options_universal.size_ratio: 1
2018/12/29-14:18:26.890068 7f0dcd7ec700 Options.compaction_options_universal.min_merge_width: 2
2018/12/29-14:18:26.890069 7f0dcd7ec700 Options.compaction_options_universal.max_merge_width: 4294967295
2018/12/29-14:18:26.890070 7f0dcd7ec700 Options.compaction_options_universal.max_size_amplification_percent: 200
2018/12/29-14:18:26.890071 7f0dcd7ec700 Options.compaction_options_universal.compression_size_percent: -1
2018/12/29-14:18:26.890073 7f0dcd7ec700 Options.compaction_options_universal.stop_style: kCompactionStopStyleTotalSize
2018/12/29-14:18:26.890074 7f0dcd7ec700 Options.compaction_options_fifo.max_table_files_size: 1073741824
2018/12/29-14:18:26.890075 7f0dcd7ec700 Options.compaction_options_fifo.allow_compaction: 0
2018/12/29-14:18:26.890076 7f0dcd7ec700 Options.compaction_options_fifo.ttl: 0
2018/12/29-14:18:26.890077 7f0dcd7ec700                   Options.table_properties_collectors: 
2018/12/29-14:18:26.890078 7f0dcd7ec700                   Options.inplace_update_support: 0
2018/12/29-14:18:26.890079 7f0dcd7ec700                 Options.inplace_update_num_locks: 10000
2018/12/29-14:18:26.890080 7f0dcd7ec700               Options.memtable_prefix_bloom_size_ratio: 0.000000
2018/12/29-14:18:26.890082 7f0dcd7ec700   Options.memtable_huge_page_size: 0
2018/12/29-14:18:26.890083 7f0dcd7ec700                           Options.bloom_locality: 0
2018/12/29-14:18:26.890084 7f0dcd7ec700                    Options.max_successive_merges: 0
2018/12/29-14:18:26.890085 7f0dcd7ec700                Options.optimize_filters_for_hits: 0
2018/12/29-14:18:26.890086 7f0dcd7ec700                Options.paranoid_file_checks: 0
2018/12/29-14:18:26.890087 7f0dcd7ec700                Options.force_consistency_checks: 0
2018/12/29-14:18:26.890088 7f0dcd7ec700                Options.report_bg_io_stats: 0
2018/12/29-14:18:26.890089 7f0dcd7ec700                               Options.ttl: 0
2018/12/29-14:18:26.890146 7f0dcd7ec700 [db/db_impl.cc:1396] Created column family [usertable] (ID 1)
2018/12/29-14:18:26.967610 7f0dcd7ec700 [db/db_impl_open.cc:1219] DB pointer 0x7f0d543d5820
2018/12/29-14:18:35.668015 7f0dcd3e8700 [db/db_impl_write.cc:1373] [usertable] New memtable created with log file: #9. Immutable memtables: 0.
2018/12/29-14:18:44.632587 7f0dccdd1700 [db/db_impl_write.cc:1373] [usertable] New memtable created with log file: #10. Immutable memtables: 1.
2018/12/29-14:18:44.632737 7f0cbaffd700 [db/db_impl_compaction_flush.cc:80] [JOB 2] Syncing log #3
2018/12/29-14:18:45.246929 7f0cbaffd700 [db/db_impl_compaction_flush.cc:80] [JOB 2] Syncing log #9
2018/12/29-14:18:46.703332 7f0cbaffd700 (Original Log Time 2018/12/29-14:18:44.632694) [db/db_impl_compaction_flush.cc:1424] Calling FlushMemTableToOutputFile with column family [usertable], flush slots available 24, compaction slots available 1, flush slots scheduled 1, compaction slots scheduled 0
2018/12/29-14:18:46.703347 7f0cbaffd700 [db/flush_job.cc:301] [usertable] [JOB 2] Flushing memtable with next log file: 9
2018/12/29-14:18:46.703358 7f0cbaffd700 [db/flush_job.cc:301] [usertable] [JOB 2] Flushing memtable with next log file: 10
2018/12/29-14:18:46.703402 7f0cbaffd700 EVENT_LOG_v1 {"time_micros": 1546121926703387, "job": 2, "event": "flush_started", "num_memtables": 2, "num_entries": 61819, "num_deletes": 0, "memory_usage": 256255376, "flush_reason": "Write Buffer Full"}
2018/12/29-14:18:46.703412 7f0cbaffd700 [db/flush_job.cc:331] [usertable] [JOB 2] Level-0 flush table #11: started
2018/12/29-14:18:48.958833 7f0cbaffd700 EVENT_LOG_v1 {"time_micros": 1546121928958797, "cf_name": "usertable", "job": 2, "event": "table_file_creation", "file_number": 11, "file_size": 256017218, "table_properties": {"data_size": 254879751, "index_size": 1136540, "filter_size": 0, "raw_key_size": 1483656, "raw_average_key_size": 24, "raw_value_size": 253210624, "raw_average_value_size": 4096, "num_data_blocks": 30910, "num_entries": 61819, "filter_policy_name": "", "kDeletedKeys": "0", "kMergeOperands": "0"}}
2018/12/29-14:18:48.958860 7f0cbaffd700 [db/flush_job.cc:371] [usertable] [JOB 2] Level-0 flush table #11: 256017218 bytes OK
2018/12/29-14:18:48.987323 7f0cbaffd700 (Original Log Time 2018/12/29-14:18:48.958890) [db/memtable_list.cc:377] [usertable] Level-0 commit table #11 started
2018/12/29-14:18:48.987327 7f0cbaffd700 (Original Log Time 2018/12/29-14:18:48.987250) [db/memtable_list.cc:409] [usertable] Level-0 commit table #11: memtable #1 done
2018/12/29-14:18:48.987329 7f0cbaffd700 (Original Log Time 2018/12/29-14:18:48.987259) [db/memtable_list.cc:409] [usertable] Level-0 commit table #11: memtable #2 done
2018/12/29-14:18:48.987330 7f0cbaffd700 (Original Log Time 2018/12/29-14:18:48.987276) EVENT_LOG_v1 {"time_micros": 1546121928987269, "job": 2, "event": "flush_finished", "output_compression": "NoCompression", "lsm_state": [1, 0, 0, 0, 0, 0, 0], "immutable_memtables": 0}
2018/12/29-14:18:48.987332 7f0cbaffd700 (Original Log Time 2018/12/29-14:18:48.987300) [db/db_impl_compaction_flush.cc:177] [usertable] Level summary: base level 1 max bytes base 536870912 files[1 0 0 0 0 0 0] max score 0.50
2018/12/29-14:18:48.987343 7f0cbaffd700 [db/db_impl_files.cc:347] [JOB 2] Try to delete WAL files size 255233935, prev total WAL file size 318166041, number of live WAL files 3.
2018/12/29-14:18:53.597265 7f0dccbcf700 [db/db_impl_write.cc:1373] [usertable] New memtable created with log file: #12. Immutable memtables: 0.
2018/12/29-14:19:02.562434 7f0dcccd0700 [db/db_impl_write.cc:1373] [usertable] New memtable created with log file: #13. Immutable memtables: 1.
2018/12/29-14:19:02.562534 7f0c597fa700 [db/db_impl_compaction_flush.cc:80] [JOB 3] Syncing log #10
2018/12/29-14:19:04.053368 7f0c597fa700 [db/db_impl_compaction_flush.cc:80] [JOB 3] Syncing log #12
2018/12/29-14:19:05.945360 7f0c597fa700 (Original Log Time 2018/12/29-14:19:02.562512) [db/db_impl_compaction_flush.cc:1424] Calling FlushMemTableToOutputFile with column family [usertable], flush slots available 24, compaction slots available 1, flush slots scheduled 1, compaction slots scheduled 0
2018/12/29-14:19:05.945378 7f0c597fa700 [db/flush_job.cc:301] [usertable] [JOB 3] Flushing memtable with next log file: 12
2018/12/29-14:19:05.945387 7f0c597fa700 [db/flush_job.cc:301] [usertable] [JOB 3] Flushing memtable with next log file: 13
2018/12/29-14:19:05.945420 7f0c597fa700 EVENT_LOG_v1 {"time_micros": 1546121945945410, "job": 3, "event": "flush_started", "num_memtables": 2, "num_entries": 62756, "num_deletes": 0, "memory_usage": 260075440, "flush_reason": "Write Buffer Full"}
2018/12/29-14:19:05.945428 7f0c597fa700 [db/flush_job.cc:331] [usertable] [JOB 3] Level-0 flush table #14: started
2018/12/29-14:19:09.559460 7f0c597fa700 EVENT_LOG_v1 {"time_micros": 1546121949559432, "cf_name": "usertable", "job": 3, "event": "table_file_creation", "file_number": 14, "file_size": 259911610, "table_properties": {"data_size": 258749961, "index_size": 1160722, "filter_size": 0, "raw_key_size": 1506144, "raw_average_key_size": 24, "raw_value_size": 257048576, "raw_average_value_size": 4096, "num_data_blocks": 31378, "num_entries": 62756, "filter_policy_name": "", "kDeletedKeys": "0", "kMergeOperands": "0"}}
2018/12/29-14:19:09.559494 7f0c597fa700 [db/flush_job.cc:371] [usertable] [JOB 3] Level-0 flush table #14: 259911610 bytes OK
2018/12/29-14:19:09.659229 7f0c597fa700 (Original Log Time 2018/12/29-14:19:09.559512) [db/memtable_list.cc:377] [usertable] Level-0 commit table #14 started
2018/12/29-14:19:09.659234 7f0c597fa700 (Original Log Time 2018/12/29-14:19:09.659091) [db/memtable_list.cc:409] [usertable] Level-0 commit table #14: memtable #1 done
2018/12/29-14:19:09.659235 7f0c597fa700 (Original Log Time 2018/12/29-14:19:09.659096) [db/memtable_list.cc:409] [usertable] Level-0 commit table #14: memtable #2 done
2018/12/29-14:19:09.659237 7f0c597fa700 (Original Log Time 2018/12/29-14:19:09.659142) EVENT_LOG_v1 {"time_micros": 1546121949659121, "job": 3, "event": "flush_finished", "output_compression": "NoCompression", "lsm_state": [2, 0, 0, 0, 0, 0, 0], "immutable_memtables": 0}
2018/12/29-14:19:09.659239 7f0c597fa700 (Original Log Time 2018/12/29-14:19:09.659190) [db/db_impl_compaction_flush.cc:177] [usertable] Level summary: base level 1 max bytes base 536870912 files[2 0 0 0 0 0 0] max score 1.00
2018/12/29-14:19:09.659252 7f0c597fa700 [db/db_impl_files.cc:347] [JOB 3] Try to delete WAL files size 259108328, prev total WAL file size 361653737, number of live WAL files 3.
2018/12/29-14:19:09.659487 7f0d1bfff700 [WARN] [db/db_impl.cc:491] ------- DUMPING STATS -------
2018/12/29-14:19:09.664200 7f0d1bfff700 [WARN] [db/db_impl.cc:492] 
** DB Stats **
Uptime(secs): 42.8 total, 42.8 interval
Cumulative writes: 149K writes, 149K keys, 146K commit groups, 1.0 writes per commit group, ingest: 0.57 GB, 13.73 MB/s
Cumulative WAL: 149K writes, 0 syncs, 149413.00 writes per sync, written: 0.57 GB, 13.73 MB/s
Cumulative stall: 00:00:0.000 H:M:S, 0.0 percent
Interval writes: 149K writes, 149K keys, 146K commit groups, 1.0 writes per commit group, ingest: 588.31 MB, 13.73 MB/s
Interval WAL: 149K writes, 0 syncs, 149413.00 writes per sync, written: 0.57 MB, 13.73 MB/s
Interval stall: 00:00:0.000 H:M:S, 0.0 percent

** Compaction Stats [default] **
Level    Files   Size     Score Read(GB)  Rn(GB) Rnp1(GB) Write(GB) Wnew(GB) Moved(GB) W-Amp Rd(MB/s) Wr(MB/s) Comp(sec) Comp(cnt) Avg(sec) KeyIn KeyDrop
----------------------------------------------------------------------------------------------------------------------------------------------------------
 Sum      0/0    0.00 KB   0.0      0.0     0.0      0.0       0.0      0.0       0.0   0.0      0.0      0.0         0         0    0.000       0      0
 Int      0/0    0.00 KB   0.0      0.0     0.0      0.0       0.0      0.0       0.0   0.0      0.0      0.0         0         0    0.000       0      0
Uptime(secs): 42.8 total, 42.8 interval
Flush(GB): cumulative 0.000, interval 0.000
AddFile(GB): cumulative 0.000, interval 0.000
AddFile(Total Files): cumulative 0, interval 0
AddFile(L0 Files): cumulative 0, interval 0
AddFile(Keys): cumulative 0, interval 0
Cumulative compaction: 0.00 GB write, 0.00 MB/s write, 0.00 GB read, 0.00 MB/s read, 0.0 seconds
Interval compaction: 0.00 GB write, 0.00 MB/s write, 0.00 GB read, 0.00 MB/s read, 0.0 seconds
Stalls(count): 0 level0_slowdown, 0 level0_slowdown_with_compaction, 0 level0_numfiles, 0 level0_numfiles_with_compaction, 0 stop for pending_compaction_bytes, 0 slowdown for pending_compaction_bytes, 0 memtable_compaction, 0 memtable_slowdown, interval 0 total count

** File Read Latency Histogram By Level [default] **

** Compaction Stats [usertable] **
Level    Files   Size     Score Read(GB)  Rn(GB) Rnp1(GB) Write(GB) Wnew(GB) Moved(GB) W-Amp Rd(MB/s) Wr(MB/s) Comp(sec) Comp(cnt) Avg(sec) KeyIn KeyDrop
----------------------------------------------------------------------------------------------------------------------------------------------------------
  L0      2/0   492.03 MB   1.0      0.0     0.0      0.0       0.5      0.5       0.0   1.0      0.0     83.8         6         2    2.935       0      0
 Sum      2/0   492.03 MB   0.0      0.0     0.0      0.0       0.5      0.5       0.0   1.0      0.0     83.8         6         2    2.935       0      0
 Int      0/0    0.00 KB   0.0      0.0     0.0      0.0       0.5      0.5       0.0   1.0      0.0     83.8         6         2    2.935       0      0
Uptime(secs): 42.8 total, 42.8 interval
Flush(GB): cumulative 0.480, interval 0.480
AddFile(GB): cumulative 0.000, interval 0.000
AddFile(Total Files): cumulative 0, interval 0
AddFile(L0 Files): cumulative 0, interval 0
AddFile(Keys): cumulative 0, interval 0
Cumulative compaction: 0.48 GB write, 11.50 MB/s write, 0.00 GB read, 0.00 MB/s read, 5.9 seconds
Interval compaction: 0.48 GB write, 11.50 MB/s write, 0.00 GB read, 0.00 MB/s read, 5.9 seconds
Stalls(count): 0 level0_slowdown, 0 level0_slowdown_with_compaction, 0 level0_numfiles, 0 level0_numfiles_with_compaction, 0 stop for pending_compaction_bytes, 0 slowdown for pending_compaction_bytes, 0 memtable_compaction, 0 memtable_slowdown, interval 0 total count

** File Read Latency Histogram By Level [usertable] **

** Compaction Stats [default] **
Level    Files   Size     Score Read(GB)  Rn(GB) Rnp1(GB) Write(GB) Wnew(GB) Moved(GB) W-Amp Rd(MB/s) Wr(MB/s) Comp(sec) Comp(cnt) Avg(sec) KeyIn KeyDrop
----------------------------------------------------------------------------------------------------------------------------------------------------------
 Sum      0/0    0.00 KB   0.0      0.0     0.0      0.0       0.0      0.0       0.0   0.0      0.0      0.0         0         0    0.000       0      0
 Int      0/0    0.00 KB   0.0      0.0     0.0      0.0       0.0      0.0       0.0   0.0      0.0      0.0         0         0    0.000       0      0
Uptime(secs): 42.8 total, 0.0 interval
Flush(GB): cumulative 0.000, interval 0.000
AddFile(GB): cumulative 0.000, interval 0.000
AddFile(Total Files): cumulative 0, interval 0
AddFile(L0 Files): cumulative 0, interval 0
AddFile(Keys): cumulative 0, interval 0
Cumulative compaction: 0.00 GB write, 0.00 MB/s write, 0.00 GB read, 0.00 MB/s read, 0.0 seconds
Interval compaction: 0.00 GB write, 0.00 MB/s write, 0.00 GB read, 0.00 MB/s read, 0.0 seconds
Stalls(count): 0 level0_slowdown, 0 level0_slowdown_with_compaction, 0 level0_numfiles, 0 level0_numfiles_with_compaction, 0 stop for pending_compaction_bytes, 0 slowdown for pending_compaction_bytes, 0 memtable_compaction, 0 memtable_slowdown, interval 0 total count

** File Read Latency Histogram By Level [default] **

** Compaction Stats [usertable] **
Level    Files   Size     Score Read(GB)  Rn(GB) Rnp1(GB) Write(GB) Wnew(GB) Moved(GB) W-Amp Rd(MB/s) Wr(MB/s) Comp(sec) Comp(cnt) Avg(sec) KeyIn KeyDrop
----------------------------------------------------------------------------------------------------------------------------------------------------------
  L0      2/0   492.03 MB   1.0      0.0     0.0      0.0       0.5      0.5       0.0   1.0      0.0     83.8         6         2    2.935       0      0
 Sum      2/0   492.03 MB   0.0      0.0     0.0      0.0       0.5      0.5       0.0   1.0      0.0     83.8         6         2    2.935       0      0
 Int      0/0    0.00 KB   0.0      0.0     0.0      0.0       0.0      0.0       0.0   0.0      0.0      0.0         0         0    0.000       0      0
Uptime(secs): 42.8 total, 0.0 interval
Flush(GB): cumulative 0.480, interval 0.000
AddFile(GB): cumulative 0.000, interval 0.000
AddFile(Total Files): cumulative 0, interval 0
AddFile(L0 Files): cumulative 0, interval 0
AddFile(Keys): cumulative 0, interval 0
Cumulative compaction: 0.48 GB write, 11.50 MB/s write, 0.00 GB read, 0.00 MB/s read, 5.9 seconds
Interval compaction: 0.00 GB write, 0.00 MB/s write, 0.00 GB read, 0.00 MB/s read, 0.0 seconds
Stalls(count): 0 level0_slowdown, 0 level0_slowdown_with_compaction, 0 level0_numfiles, 0 level0_numfiles_with_compaction, 0 stop for pending_compaction_bytes, 0 slowdown for pending_compaction_bytes, 0 memtable_compaction, 0 memtable_slowdown, interval 0 total count

** File Read Latency Histogram By Level [usertable] **
2018/12/29-14:19:09.738981 7f0d1bfff700 (Original Log Time 2018/12/29-14:19:09.665887) [db/db_impl_compaction_flush.cc:1835] [usertable] Moving #14 to level-1 259911610 bytes
2018/12/29-14:19:09.738987 7f0d1bfff700 (Original Log Time 2018/12/29-14:19:09.738907) EVENT_LOG_v1 {"time_micros": 1546121949738889, "job": 4, "event": "trivial_move", "destination_level": 1, "files": 1, "total_files_size": 259911610}
2018/12/29-14:19:09.738989 7f0d1bfff700 (Original Log Time 2018/12/29-14:19:09.738929) [db/db_impl_compaction_flush.cc:1864] [usertable] Moved #1 files to level-1 259911610 bytes OK: base level 1 max bytes base 536870912 files[1 1 0 0 0 0 0] max score 0.50
2018/12/29-14:19:11.425913 7f0dcc8cc700 [db/db_impl_write.cc:1373] [usertable] New memtable created with log file: #15. Immutable memtables: 0.
2018/12/29-14:19:20.392291 7f0dcc7cb700 [db/db_impl_write.cc:1373] [usertable] New memtable created with log file: #16. Immutable memtables: 1.
2018/12/29-14:19:20.392418 7f0cba7fc700 [db/db_impl_compaction_flush.cc:80] [JOB 5] Syncing log #13
2018/12/29-14:19:20.906266 7f0cba7fc700 [db/db_impl_compaction_flush.cc:80] [JOB 5] Syncing log #15
2018/12/29-14:19:21.440208 7f0cba7fc700 (Original Log Time 2018/12/29-14:19:20.392378) [db/db_impl_compaction_flush.cc:1424] Calling FlushMemTableToOutputFile with column family [usertable], flush slots available 24, compaction slots available 1, flush slots scheduled 1, compaction slots scheduled 0
2018/12/29-14:19:21.440224 7f0cba7fc700 [db/flush_job.cc:301] [usertable] [JOB 5] Flushing memtable with next log file: 15
2018/12/29-14:19:21.440232 7f0cba7fc700 [db/flush_job.cc:301] [usertable] [JOB 5] Flushing memtable with next log file: 16
2018/12/29-14:19:21.440272 7f0cba7fc700 EVENT_LOG_v1 {"time_micros": 1546121961440264, "job": 5, "event": "flush_started", "num_memtables": 2, "num_entries": 62403, "num_deletes": 0, "memory_usage": 258583120, "flush_reason": "Write Buffer Full"}
2018/12/29-14:19:21.440278 7f0cba7fc700 [db/flush_job.cc:331] [usertable] [JOB 5] Level-0 flush table #17: started
2018/12/29-14:19:22.370381 7f0cba7fc700 EVENT_LOG_v1 {"time_micros": 1546121962370347, "cf_name": "usertable", "job": 5, "event": "table_file_creation", "file_number": 17, "file_size": 258449652, "table_properties": {"data_size": 257294515, "index_size": 1154210, "filter_size": 0, "raw_key_size": 1497672, "raw_average_key_size": 24, "raw_value_size": 255602688, "raw_average_value_size": 4096, "num_data_blocks": 31202, "num_entries": 62403, "filter_policy_name": "", "kDeletedKeys": "0", "kMergeOperands": "0"}}
2018/12/29-14:19:22.370408 7f0cba7fc700 [db/flush_job.cc:371] [usertable] [JOB 5] Level-0 flush table #17: 258449652 bytes OK
2018/12/29-14:19:22.399437 7f0cba7fc700 (Original Log Time 2018/12/29-14:19:22.370433) [db/memtable_list.cc:377] [usertable] Level-0 commit table #17 started
2018/12/29-14:19:22.399441 7f0cba7fc700 (Original Log Time 2018/12/29-14:19:22.399336) [db/memtable_list.cc:409] [usertable] Level-0 commit table #17: memtable #1 done
2018/12/29-14:19:22.399443 7f0cba7fc700 (Original Log Time 2018/12/29-14:19:22.399340) [db/memtable_list.cc:409] [usertable] Level-0 commit table #17: memtable #2 done
2018/12/29-14:19:22.399444 7f0cba7fc700 (Original Log Time 2018/12/29-14:19:22.399368) EVENT_LOG_v1 {"time_micros": 1546121962399357, "job": 5, "event": "flush_finished", "output_compression": "NoCompression", "lsm_state": [2, 1, 0, 0, 0, 0, 0], "immutable_memtables": 0}
2018/12/29-14:19:22.399446 7f0cba7fc700 (Original Log Time 2018/12/29-14:19:22.399409) [db/db_impl_compaction_flush.cc:177] [usertable] Level summary: base level 1 max bytes base 536870912 files[2 1 0 0 0 0 0] max score 1.00
