2018/10/24-10:59:06.791285 7fbe601a3700 RocksDB version: 5.14.3
2018/10/24-10:59:06.791351 7fbe601a3700 Git sha rocksdb_build_git_sha:
2018/10/24-10:59:06.791354 7fbe601a3700 Compile date Oct 15 2018
2018/10/24-10:59:06.791358 7fbe601a3700 DB SUMMARY
2018/10/24-10:59:06.791853 7fbe601a3700 CURRENT file:  CURRENT
2018/10/24-10:59:06.791857 7fbe601a3700 IDENTITY file:  IDENTITY
2018/10/24-10:59:06.791874 7fbe601a3700 MANIFEST file:  MANIFEST-031951 size: 52512 Bytes
2018/10/24-10:59:06.791877 7fbe601a3700 SST files in /mnt/sdc1/ycsb-rocksdb-data dir, Total Num: 289, files: 022448.sst 027900.sst 028115.sst 028116.sst 029223.sst 029239.sst 029242.sst 029243.sst 029244.sst 
2018/10/24-10:59:06.791879 7fbe601a3700 Write Ahead Log file in /mnt/sdc1/ycsb-rocksdb-data: 032420.log size: 111772904 ; 032446.log size: 22497853 ; 
2018/10/24-10:59:06.791885 7fbe601a3700                         Options.error_if_exists: 0
2018/10/24-10:59:06.791886 7fbe601a3700                       Options.create_if_missing: 1
2018/10/24-10:59:06.791887 7fbe601a3700                         Options.paranoid_checks: 1
2018/10/24-10:59:06.791888 7fbe601a3700                                     Options.env: 0x7fbe3b7da3e0
2018/10/24-10:59:06.791889 7fbe601a3700                                Options.info_log: 0x7fbdbc3d93d0
2018/10/24-10:59:06.791890 7fbe601a3700                Options.max_file_opening_threads: 16
2018/10/24-10:59:06.791890 7fbe601a3700                              Options.statistics: (nil)
2018/10/24-10:59:06.791891 7fbe601a3700                               Options.use_fsync: 0
2018/10/24-10:59:06.791892 7fbe601a3700                       Options.max_log_file_size: 0
2018/10/24-10:59:06.791893 7fbe601a3700                  Options.max_manifest_file_size: 18446744073709551615
2018/10/24-10:59:06.791894 7fbe601a3700                   Options.log_file_time_to_roll: 0
2018/10/24-10:59:06.791895 7fbe601a3700                       Options.keep_log_file_num: 1000
2018/10/24-10:59:06.791896 7fbe601a3700                    Options.recycle_log_file_num: 0
2018/10/24-10:59:06.791897 7fbe601a3700                         Options.allow_fallocate: 1
2018/10/24-10:59:06.791898 7fbe601a3700                        Options.allow_mmap_reads: 0
2018/10/24-10:59:06.791899 7fbe601a3700                       Options.allow_mmap_writes: 0
2018/10/24-10:59:06.791899 7fbe601a3700                        Options.use_direct_reads: 0
2018/10/24-10:59:06.791900 7fbe601a3700                        Options.use_direct_io_for_flush_and_compaction: 0
2018/10/24-10:59:06.791901 7fbe601a3700          Options.create_missing_column_families: 1
2018/10/24-10:59:06.791902 7fbe601a3700                              Options.db_log_dir: 
2018/10/24-10:59:06.791903 7fbe601a3700                                 Options.wal_dir: /mnt/sdc1/ycsb-rocksdb-data
2018/10/24-10:59:06.791904 7fbe601a3700                Options.table_cache_numshardbits: 6
2018/10/24-10:59:06.791905 7fbe601a3700                      Options.max_subcompactions: 4
2018/10/24-10:59:06.791905 7fbe601a3700                  Options.max_background_flushes: 24
2018/10/24-10:59:06.791906 7fbe601a3700                         Options.WAL_ttl_seconds: 0
2018/10/24-10:59:06.791907 7fbe601a3700                       Options.WAL_size_limit_MB: 0
2018/10/24-10:59:06.791908 7fbe601a3700             Options.manifest_preallocation_size: 4194304
2018/10/24-10:59:06.791909 7fbe601a3700                     Options.is_fd_close_on_exec: 1
2018/10/24-10:59:06.791910 7fbe601a3700                   Options.advise_random_on_open: 1
2018/10/24-10:59:06.791910 7fbe601a3700                    Options.db_write_buffer_size: 0
2018/10/24-10:59:06.791911 7fbe601a3700                    Options.write_buffer_manager: 0x7fbdbc3d3d40
2018/10/24-10:59:06.791912 7fbe601a3700         Options.access_hint_on_compaction_start: 1
2018/10/24-10:59:06.791913 7fbe601a3700  Options.new_table_reader_for_compaction_inputs: 0
2018/10/24-10:59:06.791914 7fbe601a3700           Options.random_access_max_buffer_size: 1048576
2018/10/24-10:59:06.791915 7fbe601a3700                      Options.use_adaptive_mutex: 0
2018/10/24-10:59:06.791915 7fbe601a3700                            Options.rate_limiter: (nil)
2018/10/24-10:59:06.791932 7fbe601a3700     Options.sst_file_manager.rate_bytes_per_sec: 0
2018/10/24-10:59:06.791934 7fbe601a3700                       Options.wal_recovery_mode: 2
2018/10/24-10:59:06.791935 7fbe601a3700                  Options.enable_thread_tracking: 0
2018/10/24-10:59:06.791936 7fbe601a3700                  Options.enable_pipelined_write: 1
2018/10/24-10:59:06.791936 7fbe601a3700         Options.allow_concurrent_memtable_write: 1
2018/10/24-10:59:06.791937 7fbe601a3700      Options.enable_write_thread_adaptive_yield: 1
2018/10/24-10:59:06.791938 7fbe601a3700             Options.write_thread_max_yield_usec: 100
2018/10/24-10:59:06.791939 7fbe601a3700            Options.write_thread_slow_yield_usec: 3
2018/10/24-10:59:06.791940 7fbe601a3700                               Options.row_cache: None
2018/10/24-10:59:06.791941 7fbe601a3700                              Options.wal_filter: None
2018/10/24-10:59:06.791942 7fbe601a3700             Options.avoid_flush_during_recovery: 0
2018/10/24-10:59:06.791942 7fbe601a3700             Options.allow_ingest_behind: 0
2018/10/24-10:59:06.791943 7fbe601a3700             Options.preserve_deletes: 0
2018/10/24-10:59:06.791944 7fbe601a3700             Options.two_write_queues: 0
2018/10/24-10:59:06.791945 7fbe601a3700             Options.manual_wal_flush: 0
2018/10/24-10:59:06.791946 7fbe601a3700             Options.max_background_jobs: 24
2018/10/24-10:59:06.791947 7fbe601a3700             Options.max_background_compactions: 24
2018/10/24-10:59:06.791948 7fbe601a3700             Options.avoid_flush_during_shutdown: 0
2018/10/24-10:59:06.791949 7fbe601a3700           Options.writable_file_max_buffer_size: 1048576
2018/10/24-10:59:06.791950 7fbe601a3700             Options.delayed_write_rate : 16777216
2018/10/24-10:59:06.791951 7fbe601a3700             Options.max_total_wal_size: 0
2018/10/24-10:59:06.791952 7fbe601a3700             Options.delete_obsolete_files_period_micros: 21600000000
2018/10/24-10:59:06.791953 7fbe601a3700                   Options.stats_dump_period_sec: 60
2018/10/24-10:59:06.791954 7fbe601a3700                          Options.max_open_files: -1
2018/10/24-10:59:06.791954 7fbe601a3700                          Options.bytes_per_sync: 1048576
2018/10/24-10:59:06.791955 7fbe601a3700                      Options.wal_bytes_per_sync: 0
2018/10/24-10:59:06.791956 7fbe601a3700       Options.compaction_readahead_size: 0
2018/10/24-10:59:06.791957 7fbe601a3700 Compression algorithms supported:
2018/10/24-10:59:06.791958 7fbe601a3700 	kZSTDNotFinalCompression supported: 1
2018/10/24-10:59:06.791966 7fbe601a3700 	kZSTD supported: 1
2018/10/24-10:59:06.791968 7fbe601a3700 	kXpressCompression supported: 0
2018/10/24-10:59:06.791969 7fbe601a3700 	kLZ4HCCompression supported: 1
2018/10/24-10:59:06.791970 7fbe601a3700 	kLZ4Compression supported: 1
2018/10/24-10:59:06.791971 7fbe601a3700 	kBZip2Compression supported: 1
2018/10/24-10:59:06.791972 7fbe601a3700 	kZlibCompression supported: 1
2018/10/24-10:59:06.791973 7fbe601a3700 	kSnappyCompression supported: 1
2018/10/24-10:59:06.791976 7fbe601a3700 Fast CRC32 supported: Supported on x86
2018/10/24-10:59:06.792595 7fbe601a3700 [db/version_set.cc:3085] Recovering from manifest file: MANIFEST-031951
2018/10/24-10:59:06.792681 7fbe601a3700 [db/column_family.cc:475] --------------- Options for column family [default]:
2018/10/24-10:59:06.792685 7fbe601a3700               Options.comparator: leveldb.BytewiseComparator
2018/10/24-10:59:06.792686 7fbe601a3700           Options.merge_operator: None
2018/10/24-10:59:06.792687 7fbe601a3700        Options.compaction_filter: None
2018/10/24-10:59:06.792688 7fbe601a3700        Options.compaction_filter_factory: None
2018/10/24-10:59:06.792689 7fbe601a3700         Options.memtable_factory: SkipListFactory
2018/10/24-10:59:06.792690 7fbe601a3700            Options.table_factory: BlockBasedTable
2018/10/24-10:59:06.792719 7fbe601a3700            table_factory options:   flush_block_policy_factory: FlushBlockBySizePolicyFactory (0x7fbdbc382460)
  cache_index_and_filter_blocks: 0
  cache_index_and_filter_blocks_with_high_priority: 0
  pin_l0_filter_and_index_blocks_in_cache: 0
  index_type: 0
  hash_index_allow_collision: 1
  checksum: 1
  no_block_cache: 0
  block_cache: 0x7fbdbc38d6e0
  block_cache_name: LRUCache
  block_cache_options:
    capacity : 8388608
    num_shard_bits : 4
    strict_capacity_limit : 0
    high_pri_pool_ratio: 0.000
  block_cache_compressed: (nil)
  persistent_cache: (nil)
  block_size: 8192
  block_size_deviation: 10
  block_restart_interval: 16
  index_block_restart_interval: 1
  metadata_block_size: 4096
  partition_filters: 0
  use_delta_encoding: 1
  filter_policy: nullptr
  whole_key_filtering: 1
  verify_compression: 0
  read_amp_bytes_per_bit: 0
  format_version: 2
  enable_index_compression: 1
  block_align: 0
2018/10/24-10:59:06.792733 7fbe601a3700        Options.write_buffer_size: 134217728
2018/10/24-10:59:06.792735 7fbe601a3700  Options.max_write_buffer_number: 24
2018/10/24-10:59:06.792736 7fbe601a3700        Options.compression[0]: NoCompression
2018/10/24-10:59:06.792737 7fbe601a3700        Options.compression[1]: NoCompression
2018/10/24-10:59:06.792738 7fbe601a3700        Options.compression[2]: LZ4
2018/10/24-10:59:06.792739 7fbe601a3700        Options.compression[3]: LZ4
2018/10/24-10:59:06.792740 7fbe601a3700        Options.compression[4]: LZ4
2018/10/24-10:59:06.792741 7fbe601a3700        Options.compression[5]: LZ4
2018/10/24-10:59:06.792741 7fbe601a3700        Options.compression[6]: LZ4
2018/10/24-10:59:06.792742 7fbe601a3700                  Options.bottommost_compression: Disabled
2018/10/24-10:59:06.792743 7fbe601a3700       Options.prefix_extractor: nullptr
2018/10/24-10:59:06.792744 7fbe601a3700   Options.memtable_insert_with_hint_prefix_extractor: nullptr
2018/10/24-10:59:06.792745 7fbe601a3700             Options.num_levels: 7
2018/10/24-10:59:06.792746 7fbe601a3700        Options.min_write_buffer_number_to_merge: 2
2018/10/24-10:59:06.792747 7fbe601a3700     Options.max_write_buffer_number_to_maintain: 0
2018/10/24-10:59:06.792748 7fbe601a3700            Options.compression_opts.window_bits: -14
2018/10/24-10:59:06.792749 7fbe601a3700                  Options.compression_opts.level: -1
2018/10/24-10:59:06.792749 7fbe601a3700               Options.compression_opts.strategy: 0
2018/10/24-10:59:06.792750 7fbe601a3700         Options.compression_opts.max_dict_bytes: 0
2018/10/24-10:59:06.792751 7fbe601a3700         Options.compression_opts.zstd_max_train_bytes: 0
2018/10/24-10:59:06.792752 7fbe601a3700      Options.level0_file_num_compaction_trigger: 2
2018/10/24-10:59:06.792753 7fbe601a3700          Options.level0_slowdown_writes_trigger: 20
2018/10/24-10:59:06.792754 7fbe601a3700              Options.level0_stop_writes_trigger: 36
2018/10/24-10:59:06.792755 7fbe601a3700                   Options.target_file_size_base: 67108864
2018/10/24-10:59:06.792756 7fbe601a3700             Options.target_file_size_multiplier: 1
2018/10/24-10:59:06.792757 7fbe601a3700                Options.max_bytes_for_level_base: 536870912
2018/10/24-10:59:06.792758 7fbe601a3700 Options.level_compaction_dynamic_level_bytes: 0
2018/10/24-10:59:06.792758 7fbe601a3700          Options.max_bytes_for_level_multiplier: 10.000000
2018/10/24-10:59:06.792761 7fbe601a3700 Options.max_bytes_for_level_multiplier_addtl[0]: 1
2018/10/24-10:59:06.792763 7fbe601a3700 Options.max_bytes_for_level_multiplier_addtl[1]: 1
2018/10/24-10:59:06.792763 7fbe601a3700 Options.max_bytes_for_level_multiplier_addtl[2]: 1
2018/10/24-10:59:06.792764 7fbe601a3700 Options.max_bytes_for_level_multiplier_addtl[3]: 1
2018/10/24-10:59:06.792765 7fbe601a3700 Options.max_bytes_for_level_multiplier_addtl[4]: 1
2018/10/24-10:59:06.792766 7fbe601a3700 Options.max_bytes_for_level_multiplier_addtl[5]: 1
2018/10/24-10:59:06.792767 7fbe601a3700 Options.max_bytes_for_level_multiplier_addtl[6]: 1
2018/10/24-10:59:06.792768 7fbe601a3700       Options.max_sequential_skip_in_iterations: 8
2018/10/24-10:59:06.792769 7fbe601a3700                    Options.max_compaction_bytes: 1677721600
2018/10/24-10:59:06.792775 7fbe601a3700                        Options.arena_block_size: 16777216
2018/10/24-10:59:06.792777 7fbe601a3700   Options.soft_pending_compaction_bytes_limit: 68719476736
2018/10/24-10:59:06.792778 7fbe601a3700   Options.hard_pending_compaction_bytes_limit: 274877906944
2018/10/24-10:59:06.792779 7fbe601a3700       Options.rate_limit_delay_max_milliseconds: 100
2018/10/24-10:59:06.792780 7fbe601a3700                Options.disable_auto_compactions: 0
2018/10/24-10:59:06.792782 7fbe601a3700                        Options.compaction_style: kCompactionStyleLevel
2018/10/24-10:59:06.792783 7fbe601a3700                          Options.compaction_pri: kByCompensatedSize
2018/10/24-10:59:06.792784 7fbe601a3700 Options.compaction_options_universal.size_ratio: 1
2018/10/24-10:59:06.792785 7fbe601a3700 Options.compaction_options_universal.min_merge_width: 2
2018/10/24-10:59:06.792786 7fbe601a3700 Options.compaction_options_universal.max_merge_width: 4294967295
2018/10/24-10:59:06.792787 7fbe601a3700 Options.compaction_options_universal.max_size_amplification_percent: 200
2018/10/24-10:59:06.792788 7fbe601a3700 Options.compaction_options_universal.compression_size_percent: -1
2018/10/24-10:59:06.792789 7fbe601a3700 Options.compaction_options_universal.stop_style: kCompactionStopStyleTotalSize
2018/10/24-10:59:06.792790 7fbe601a3700 Options.compaction_options_fifo.max_table_files_size: 1073741824
2018/10/24-10:59:06.792791 7fbe601a3700 Options.compaction_options_fifo.allow_compaction: 0
2018/10/24-10:59:06.792792 7fbe601a3700 Options.compaction_options_fifo.ttl: 0
2018/10/24-10:59:06.792793 7fbe601a3700                   Options.table_properties_collectors: 
2018/10/24-10:59:06.792794 7fbe601a3700                   Options.inplace_update_support: 0
2018/10/24-10:59:06.792795 7fbe601a3700                 Options.inplace_update_num_locks: 10000
2018/10/24-10:59:06.792796 7fbe601a3700               Options.memtable_prefix_bloom_size_ratio: 0.000000
2018/10/24-10:59:06.792797 7fbe601a3700   Options.memtable_huge_page_size: 0
2018/10/24-10:59:06.792798 7fbe601a3700                           Options.bloom_locality: 0
2018/10/24-10:59:06.792799 7fbe601a3700                    Options.max_successive_merges: 0
2018/10/24-10:59:06.792800 7fbe601a3700                Options.optimize_filters_for_hits: 0
2018/10/24-10:59:06.792801 7fbe601a3700                Options.paranoid_file_checks: 0
2018/10/24-10:59:06.792802 7fbe601a3700                Options.force_consistency_checks: 0
2018/10/24-10:59:06.792802 7fbe601a3700                Options.report_bg_io_stats: 0
2018/10/24-10:59:06.792803 7fbe601a3700                               Options.ttl: 0
2018/10/24-10:59:06.793290 7fbe601a3700 [db/column_family.cc:475] --------------- Options for column family [usertable]:
2018/10/24-10:59:06.793293 7fbe601a3700               Options.comparator: leveldb.BytewiseComparator
2018/10/24-10:59:06.793294 7fbe601a3700           Options.merge_operator: None
2018/10/24-10:59:06.793295 7fbe601a3700        Options.compaction_filter: None
2018/10/24-10:59:06.793296 7fbe601a3700        Options.compaction_filter_factory: None
2018/10/24-10:59:06.793297 7fbe601a3700         Options.memtable_factory: SkipListFactory
2018/10/24-10:59:06.793298 7fbe601a3700            Options.table_factory: BlockBasedTable
2018/10/24-10:59:06.793320 7fbe601a3700            table_factory options:   flush_block_policy_factory: FlushBlockBySizePolicyFactory (0x7fbdbc382440)
  cache_index_and_filter_blocks: 0
  cache_index_and_filter_blocks_with_high_priority: 0
  pin_l0_filter_and_index_blocks_in_cache: 0
  index_type: 0
  hash_index_allow_collision: 1
  checksum: 1
  no_block_cache: 0
  block_cache: 0x7fbdbc38f3a0
  block_cache_name: LRUCache
  block_cache_options:
    capacity : 8388608
    num_shard_bits : 4
    strict_capacity_limit : 0
    high_pri_pool_ratio: 0.000
  block_cache_compressed: (nil)
  persistent_cache: (nil)
  block_size: 8192
  block_size_deviation: 10
  block_restart_interval: 16
  index_block_restart_interval: 1
  metadata_block_size: 4096
  partition_filters: 0
  use_delta_encoding: 1
  filter_policy: nullptr
  whole_key_filtering: 1
  verify_compression: 0
  read_amp_bytes_per_bit: 0
  format_version: 2
  enable_index_compression: 1
  block_align: 0
2018/10/24-10:59:06.793332 7fbe601a3700        Options.write_buffer_size: 134217728
2018/10/24-10:59:06.793333 7fbe601a3700  Options.max_write_buffer_number: 24
2018/10/24-10:59:06.793334 7fbe601a3700        Options.compression[0]: NoCompression
2018/10/24-10:59:06.793335 7fbe601a3700        Options.compression[1]: NoCompression
2018/10/24-10:59:06.793336 7fbe601a3700        Options.compression[2]: LZ4
2018/10/24-10:59:06.793337 7fbe601a3700        Options.compression[3]: LZ4
2018/10/24-10:59:06.793338 7fbe601a3700        Options.compression[4]: LZ4
2018/10/24-10:59:06.793339 7fbe601a3700        Options.compression[5]: LZ4
2018/10/24-10:59:06.793340 7fbe601a3700        Options.compression[6]: LZ4
2018/10/24-10:59:06.793341 7fbe601a3700                  Options.bottommost_compression: Disabled
2018/10/24-10:59:06.793341 7fbe601a3700       Options.prefix_extractor: nullptr
2018/10/24-10:59:06.793342 7fbe601a3700   Options.memtable_insert_with_hint_prefix_extractor: nullptr
2018/10/24-10:59:06.793343 7fbe601a3700             Options.num_levels: 7
2018/10/24-10:59:06.793344 7fbe601a3700        Options.min_write_buffer_number_to_merge: 2
2018/10/24-10:59:06.793345 7fbe601a3700     Options.max_write_buffer_number_to_maintain: 0
2018/10/24-10:59:06.793346 7fbe601a3700            Options.compression_opts.window_bits: -14
2018/10/24-10:59:06.793347 7fbe601a3700                  Options.compression_opts.level: -1
2018/10/24-10:59:06.793348 7fbe601a3700               Options.compression_opts.strategy: 0
2018/10/24-10:59:06.793348 7fbe601a3700         Options.compression_opts.max_dict_bytes: 0
2018/10/24-10:59:06.793349 7fbe601a3700         Options.compression_opts.zstd_max_train_bytes: 0
2018/10/24-10:59:06.793350 7fbe601a3700      Options.level0_file_num_compaction_trigger: 2
2018/10/24-10:59:06.793351 7fbe601a3700          Options.level0_slowdown_writes_trigger: 20
2018/10/24-10:59:06.793352 7fbe601a3700              Options.level0_stop_writes_trigger: 36
2018/10/24-10:59:06.793353 7fbe601a3700                   Options.target_file_size_base: 67108864
2018/10/24-10:59:06.793353 7fbe601a3700             Options.target_file_size_multiplier: 1
2018/10/24-10:59:06.793354 7fbe601a3700                Options.max_bytes_for_level_base: 536870912
2018/10/24-10:59:06.793355 7fbe601a3700 Options.level_compaction_dynamic_level_bytes: 0
2018/10/24-10:59:06.793356 7fbe601a3700          Options.max_bytes_for_level_multiplier: 10.000000
2018/10/24-10:59:06.793358 7fbe601a3700 Options.max_bytes_for_level_multiplier_addtl[0]: 1
2018/10/24-10:59:06.793359 7fbe601a3700 Options.max_bytes_for_level_multiplier_addtl[1]: 1
2018/10/24-10:59:06.793360 7fbe601a3700 Options.max_bytes_for_level_multiplier_addtl[2]: 1
2018/10/24-10:59:06.793361 7fbe601a3700 Options.max_bytes_for_level_multiplier_addtl[3]: 1
2018/10/24-10:59:06.793362 7fbe601a3700 Options.max_bytes_for_level_multiplier_addtl[4]: 1
2018/10/24-10:59:06.793363 7fbe601a3700 Options.max_bytes_for_level_multiplier_addtl[5]: 1
2018/10/24-10:59:06.793363 7fbe601a3700 Options.max_bytes_for_level_multiplier_addtl[6]: 1
2018/10/24-10:59:06.793364 7fbe601a3700       Options.max_sequential_skip_in_iterations: 8
2018/10/24-10:59:06.793365 7fbe601a3700                    Options.max_compaction_bytes: 1677721600
2018/10/24-10:59:06.793366 7fbe601a3700                        Options.arena_block_size: 16777216
2018/10/24-10:59:06.793367 7fbe601a3700   Options.soft_pending_compaction_bytes_limit: 68719476736
2018/10/24-10:59:06.793368 7fbe601a3700   Options.hard_pending_compaction_bytes_limit: 274877906944
2018/10/24-10:59:06.793369 7fbe601a3700       Options.rate_limit_delay_max_milliseconds: 100
2018/10/24-10:59:06.793370 7fbe601a3700                Options.disable_auto_compactions: 0
2018/10/24-10:59:06.793371 7fbe601a3700                        Options.compaction_style: kCompactionStyleLevel
2018/10/24-10:59:06.793378 7fbe601a3700                          Options.compaction_pri: kByCompensatedSize
2018/10/24-10:59:06.793379 7fbe601a3700 Options.compaction_options_universal.size_ratio: 1
2018/10/24-10:59:06.793380 7fbe601a3700 Options.compaction_options_universal.min_merge_width: 2
2018/10/24-10:59:06.793381 7fbe601a3700 Options.compaction_options_universal.max_merge_width: 4294967295
2018/10/24-10:59:06.793382 7fbe601a3700 Options.compaction_options_universal.max_size_amplification_percent: 200
2018/10/24-10:59:06.793383 7fbe601a3700 Options.compaction_options_universal.compression_size_percent: -1
2018/10/24-10:59:06.793384 7fbe601a3700 Options.compaction_options_universal.stop_style: kCompactionStopStyleTotalSize
2018/10/24-10:59:06.793385 7fbe601a3700 Options.compaction_options_fifo.max_table_files_size: 1073741824
2018/10/24-10:59:06.793386 7fbe601a3700 Options.compaction_options_fifo.allow_compaction: 0
2018/10/24-10:59:06.793387 7fbe601a3700 Options.compaction_options_fifo.ttl: 0
2018/10/24-10:59:06.793387 7fbe601a3700                   Options.table_properties_collectors: 
2018/10/24-10:59:06.793388 7fbe601a3700                   Options.inplace_update_support: 0
2018/10/24-10:59:06.793389 7fbe601a3700                 Options.inplace_update_num_locks: 10000
2018/10/24-10:59:06.793390 7fbe601a3700               Options.memtable_prefix_bloom_size_ratio: 0.000000
2018/10/24-10:59:06.793392 7fbe601a3700   Options.memtable_huge_page_size: 0
2018/10/24-10:59:06.793393 7fbe601a3700                           Options.bloom_locality: 0
2018/10/24-10:59:06.793393 7fbe601a3700                    Options.max_successive_merges: 0
2018/10/24-10:59:06.793394 7fbe601a3700                Options.optimize_filters_for_hits: 0
2018/10/24-10:59:06.793395 7fbe601a3700                Options.paranoid_file_checks: 0
2018/10/24-10:59:06.793396 7fbe601a3700                Options.force_consistency_checks: 0
2018/10/24-10:59:06.793397 7fbe601a3700                Options.report_bg_io_stats: 0
2018/10/24-10:59:06.793398 7fbe601a3700                               Options.ttl: 0
2018/10/24-10:59:07.055770 7fbe601a3700 [db/version_set.cc:3361] Recovered from manifest file:/mnt/sdc1/ycsb-rocksdb-data/MANIFEST-031951 succeeded,manifest_file_number is 31951, next_file_number is 32450, last_sequence is 73105440, log_number is 0,prev_log_number is 0,max_column_family is 1,min_log_number_to_keep is 0
2018/10/24-10:59:07.055777 7fbe601a3700 [db/version_set.cc:3369] Column family [default] (ID 0), log number is 31950
2018/10/24-10:59:07.055778 7fbe601a3700 [db/version_set.cc:3369] Column family [usertable] (ID 1), log number is 32420
2018/10/24-10:59:07.056703 7fbe601a3700 EVENT_LOG_v1 {"time_micros": 1540403947056691, "job": 1, "event": "recovery_started", "log_files": [32420, 32446]}
2018/10/24-10:59:07.056710 7fbe601a3700 [db/db_impl_open.cc:551] Recovering log #32420 mode 2
2018/10/24-10:59:07.404640 7fbe601a3700 [db/db_impl_open.cc:551] Recovering log #32446 mode 2
2018/10/24-10:59:08.544689 7fbe601a3700 EVENT_LOG_v1 {"time_micros": 1540403948544665, "cf_name": "usertable", "job": 1, "event": "table_file_creation", "file_number": 32450, "file_size": 92248491, "table_properties": {"data_size": 91855394, "index_size": 392175, "filter_size": 0, "raw_key_size": 534576, "raw_average_key_size": 24, "raw_value_size": 91234304, "raw_average_value_size": 4096, "num_data_blocks": 11137, "num_entries": 22274, "filter_policy_name": "", "kDeletedKeys": "0", "kMergeOperands": "0"}}
2018/10/24-10:59:08.593194 7fbe601a3700 [db/version_set.cc:2847] Creating manifest 32451
2018/10/24-10:59:09.036218 7fbe601a3700 EVENT_LOG_v1 {"time_micros": 1540403949036196, "cf_name": "usertable", "job": 1, "event": "table_file_creation", "file_number": 32452, "file_size": 3860541, "table_properties": {"data_size": 3844092, "index_size": 15529, "filter_size": 0, "raw_key_size": 22368, "raw_average_key_size": 24, "raw_value_size": 3817472, "raw_average_value_size": 4096, "num_data_blocks": 466, "num_entries": 932, "filter_policy_name": "", "kDeletedKeys": "0", "kMergeOperands": "0"}}
2018/10/24-10:59:09.140078 7fbe601a3700 EVENT_LOG_v1 {"time_micros": 1540403949140073, "job": 1, "event": "recovery_finished"}
2018/10/24-10:59:09.360933 7fbe601a3700 [db/db_impl_open.cc:1219] DB pointer 0x7fbdbc3d8460
2018/10/24-10:59:09.361246 7fbd1e7fc700 [WARN] [db/db_impl.cc:491] ------- DUMPING STATS -------
2018/10/24-10:59:09.361292 7fbd1e7fc700 [WARN] [db/db_impl.cc:492] 
** DB Stats **
Uptime(secs): 2.6 total, 2.6 interval
Cumulative writes: 0 writes, 0 keys, 0 commit groups, 0.0 writes per commit group, ingest: 0.00 GB, 0.00 MB/s
Cumulative WAL: 0 writes, 0 syncs, 0.00 writes per sync, written: 0.00 GB, 0.00 MB/s
Cumulative stall: 00:00:0.000 H:M:S, 0.0 percent
Interval writes: 0 writes, 0 keys, 0 commit groups, 0.0 writes per commit group, ingest: 0.00 MB, 0.00 MB/s
Interval WAL: 0 writes, 0 syncs, 0.00 writes per sync, written: 0.00 MB, 0.00 MB/s
Interval stall: 00:00:0.000 H:M:S, 0.0 percent

** Compaction Stats [default] **
Level    Files   Size     Score Read(GB)  Rn(GB) Rnp1(GB) Write(GB) Wnew(GB) Moved(GB) W-Amp Rd(MB/s) Wr(MB/s) Comp(sec) Comp(cnt) Avg(sec) KeyIn KeyDrop
----------------------------------------------------------------------------------------------------------------------------------------------------------
 Sum      0/0    0.00 KB   0.0      0.0     0.0      0.0       0.0      0.0       0.0   0.0      0.0      0.0         0         0    0.000       0      0
 Int      0/0    0.00 KB   0.0      0.0     0.0      0.0       0.0      0.0       0.0   0.0      0.0      0.0         0         0    0.000       0      0
Uptime(secs): 2.6 total, 2.6 interval
Flush(GB): cumulative 0.000, interval 0.000
AddFile(GB): cumulative 0.000, interval 0.000
AddFile(Total Files): cumulative 0, interval 0
AddFile(L0 Files): cumulative 0, interval 0
AddFile(Keys): cumulative 0, interval 0
Cumulative compaction: 0.00 GB write, 0.00 MB/s write, 0.00 GB read, 0.00 MB/s read, 0.0 seconds
Interval compaction: 0.00 GB write, 0.00 MB/s write, 0.00 GB read, 0.00 MB/s read, 0.0 seconds
Stalls(count): 0 level0_slowdown, 0 level0_slowdown_with_compaction, 0 level0_numfiles, 0 level0_numfiles_with_compaction, 0 stop for pending_compaction_bytes, 0 slowdown for pending_compaction_bytes, 0 memtable_compaction, 0 memtable_slowdown, interval 0 total count

** File Read Latency Histogram By Level [default] **

** Compaction Stats [usertable] **
Level    Files   Size     Score Read(GB)  Rn(GB) Rnp1(GB) Write(GB) Wnew(GB) Moved(GB) W-Amp Rd(MB/s) Wr(MB/s) Comp(sec) Comp(cnt) Avg(sec) KeyIn KeyDrop
----------------------------------------------------------------------------------------------------------------------------------------------------------
  L0      3/0   238.75 MB   1.5      0.0     0.0      0.0       0.1      0.1       0.0   1.0      0.0     71.9         1         2    0.638       0      0
  L1     19/0   1018.16 MB   2.0      0.0     0.0      0.0       0.0      0.0       0.0   0.0      0.0      0.0         0         0    0.000       0      0
  L2     94/0    5.28 GB   1.1      0.0     0.0      0.0       0.0      0.0       0.0   0.0      0.0      0.0         0         0    0.000       0      0
  L3    175/0   10.04 GB   0.2      0.0     0.0      0.0       0.0      0.0       0.0   0.0      0.0      0.0         0         0    0.000       0      0
 Sum    291/0   16.55 GB   0.0      0.0     0.0      0.0       0.1      0.1       0.0   1.0      0.0     71.9         1         2    0.638       0      0
 Int      0/0    0.00 KB   0.0      0.0     0.0      0.0       0.1      0.1       0.0   1.0      0.0     71.9         1         2    0.638       0      0
Uptime(secs): 2.6 total, 2.6 interval
Flush(GB): cumulative 0.090, interval 0.090
AddFile(GB): cumulative 0.000, interval 0.000
AddFile(Total Files): cumulative 0, interval 0
AddFile(L0 Files): cumulative 0, interval 0
AddFile(Keys): cumulative 0, interval 0
Cumulative compaction: 0.09 GB write, 35.69 MB/s write, 0.00 GB read, 0.00 MB/s read, 1.3 seconds
Interval compaction: 0.09 GB write, 35.69 MB/s write, 0.00 GB read, 0.00 MB/s read, 1.3 seconds
Stalls(count): 0 level0_slowdown, 0 level0_slowdown_with_compaction, 0 level0_numfiles, 0 level0_numfiles_with_compaction, 0 stop for pending_compaction_bytes, 0 slowdown for pending_compaction_bytes, 0 memtable_compaction, 0 memtable_slowdown, interval 0 total count

** File Read Latency Histogram By Level [usertable] **

** Compaction Stats [default] **
Level    Files   Size     Score Read(GB)  Rn(GB) Rnp1(GB) Write(GB) Wnew(GB) Moved(GB) W-Amp Rd(MB/s) Wr(MB/s) Comp(sec) Comp(cnt) Avg(sec) KeyIn KeyDrop
----------------------------------------------------------------------------------------------------------------------------------------------------------
 Sum      0/0    0.00 KB   0.0      0.0     0.0      0.0       0.0      0.0       0.0   0.0      0.0      0.0         0         0    0.000       0      0
 Int      0/0    0.00 KB   0.0      0.0     0.0      0.0       0.0      0.0       0.0   0.0      0.0      0.0         0         0    0.000       0      0
Uptime(secs): 2.6 total, 0.0 interval
Flush(GB): cumulative 0.000, interval 0.000
AddFile(GB): cumulative 0.000, interval 0.000
AddFile(Total Files): cumulative 0, interval 0
AddFile(L0 Files): cumulative 0, interval 0
AddFile(Keys): cumulative 0, interval 0
Cumulative compaction: 0.00 GB write, 0.00 MB/s write, 0.00 GB read, 0.00 MB/s read, 0.0 seconds
Interval compaction: 0.00 GB write, 0.00 MB/s write, 0.00 GB read, 0.00 MB/s read, 0.0 seconds
Stalls(count): 0 level0_slowdown, 0 level0_slowdown_with_compaction, 0 level0_numfiles, 0 level0_numfiles_with_compaction, 0 stop for pending_compaction_bytes, 0 slowdown for pending_compaction_bytes, 0 memtable_compaction, 0 memtable_slowdown, interval 0 total count

** File Read Latency Histogram By Level [default] **

** Compaction Stats [usertable] **
Level    Files   Size     Score Read(GB)  Rn(GB) Rnp1(GB) Write(GB) Wnew(GB) Moved(GB) W-Amp Rd(MB/s) Wr(MB/s) Comp(sec) Comp(cnt) Avg(sec) KeyIn KeyDrop
----------------------------------------------------------------------------------------------------------------------------------------------------------
  L0      3/0   238.75 MB   1.5      0.0     0.0      0.0       0.1      0.1       0.0   1.0      0.0     71.9         1         2    0.638       0      0
  L1     19/0   1018.16 MB   2.0      0.0     0.0      0.0       0.0      0.0       0.0   0.0      0.0      0.0         0         0    0.000       0      0
  L2     94/0    5.28 GB   1.1      0.0     0.0      0.0       0.0      0.0       0.0   0.0      0.0      0.0         0         0    0.000       0      0
  L3    175/0   10.04 GB   0.2      0.0     0.0      0.0       0.0      0.0       0.0   0.0      0.0      0.0         0         0    0.000       0      0
 Sum    291/0   16.55 GB   0.0      0.0     0.0      0.0       0.1      0.1       0.0   1.0      0.0     71.9         1         2    0.638       0      0
 Int      0/0    0.00 KB   0.0      0.0     0.0      0.0       0.0      0.0       0.0   0.0      0.0      0.0         0         0    0.000       0      0
Uptime(secs): 2.6 total, 0.0 interval
Flush(GB): cumulative 0.090, interval 0.000
AddFile(GB): cumulative 0.000, interval 0.000
AddFile(Total Files): cumulative 0, interval 0
AddFile(L0 Files): cumulative 0, interval 0
AddFile(Keys): cumulative 0, interval 0
Cumulative compaction: 0.09 GB write, 35.69 MB/s write, 0.00 GB read, 0.00 MB/s read, 1.3 seconds
Interval compaction: 0.00 GB write, 0.00 MB/s write, 0.00 GB read, 0.00 MB/s read, 0.0 seconds
Stalls(count): 0 level0_slowdown, 0 level0_slowdown_with_compaction, 0 level0_numfiles, 0 level0_numfiles_with_compaction, 0 stop for pending_compaction_bytes, 0 slowdown for pending_compaction_bytes, 0 memtable_compaction, 0 memtable_slowdown, interval 0 total count

** File Read Latency Histogram By Level [usertable] **
2018/10/24-10:59:09.361436 7fbd1e7fc700 [db/compaction_job.cc:1531] [usertable] [JOB 3] Compacting 1@1 + 7@2 files to L2, score 1.99
2018/10/24-10:59:09.361445 7fbd1e7fc700 [db/compaction_job.cc:1535] [usertable] Compaction start summary: Base version 5 Base level 1, inputs: [32438(64MB)], [32352(64MB) 32353(64MB) 32354(64MB) 32355(64MB) 32356(64MB) 32357(64MB) 32359(64MB)]
2018/10/24-10:59:09.361476 7fbd1e7fc700 EVENT_LOG_v1 {"time_micros": 1540403949361452, "job": 3, "event": "compaction_started", "compaction_reason": "LevelMaxLevelSize", "files_L1": [32438], "files_L2": [32352, 32353, 32354, 32355, 32356, 32357, 32359], "score": 1.98858, "input_data_size": 538230306}
2018/10/24-10:59:10.976935 7fbd1e7fc700 [db/compaction_job.cc:1211] [usertable] [JOB 3] Generated table #32456: 16279 keys, 67259608 bytes
2018/10/24-10:59:10.976975 7fbd1e7fc700 EVENT_LOG_v1 {"time_micros": 1540403950976959, "cf_name": "usertable", "job": 3, "event": "table_file_creation", "file_number": 32456, "file_size": 67259608, "table_properties": {"data_size": 67119861, "index_size": 299401, "filter_size": 0, "raw_key_size": 390696, "raw_average_key_size": 24, "raw_value_size": 66678784, "raw_average_value_size": 4096, "num_data_blocks": 8140, "num_entries": 16279, "filter_policy_name": "", "kDeletedKeys": "0", "kMergeOperands": "0"}}
2018/10/24-10:59:11.753371 7fbd1e7fc700 [db/compaction_job.cc:1211] [usertable] [JOB 3] Generated table #32457: 16279 keys, 67262408 bytes
2018/10/24-10:59:11.753412 7fbd1e7fc700 EVENT_LOG_v1 {"time_micros": 1540403951753396, "cf_name": "usertable", "job": 3, "event": "table_file_creation", "file_number": 32457, "file_size": 67262408, "table_properties": {"data_size": 67119604, "index_size": 299704, "filter_size": 0, "raw_key_size": 390696, "raw_average_key_size": 24, "raw_value_size": 66678784, "raw_average_value_size": 4096, "num_data_blocks": 8140, "num_entries": 16279, "filter_policy_name": "", "kDeletedKeys": "0", "kMergeOperands": "0"}}
2018/10/24-10:59:13.461610 7fbd1e7fc700 [db/compaction_job.cc:1211] [usertable] [JOB 3] Generated table #32458: 16279 keys, 67261964 bytes
2018/10/24-10:59:13.461658 7fbd1e7fc700 EVENT_LOG_v1 {"time_micros": 1540403953461641, "cf_name": "usertable", "job": 3, "event": "table_file_creation", "file_number": 32458, "file_size": 67261964, "table_properties": {"data_size": 67119629, "index_size": 299678, "filter_size": 0, "raw_key_size": 390696, "raw_average_key_size": 24, "raw_value_size": 66678784, "raw_average_value_size": 4096, "num_data_blocks": 8140, "num_entries": 16279, "filter_policy_name": "", "kDeletedKeys": "0", "kMergeOperands": "0"}}
2018/10/24-10:59:14.984503 7fbd1e7fc700 [db/compaction_job.cc:1211] [usertable] [JOB 3] Generated table #32459: 16279 keys, 67258459 bytes
2018/10/24-10:59:14.984621 7fbd1e7fc700 EVENT_LOG_v1 {"time_micros": 1540403954984604, "cf_name": "usertable", "job": 3, "event": "table_file_creation", "file_number": 32459, "file_size": 67258459, "table_properties": {"data_size": 67119864, "index_size": 299426, "filter_size": 0, "raw_key_size": 390696, "raw_average_key_size": 24, "raw_value_size": 66678784, "raw_average_value_size": 4096, "num_data_blocks": 8140, "num_entries": 16279, "filter_policy_name": "", "kDeletedKeys": "0", "kMergeOperands": "0"}}
2018/10/24-10:59:15.729827 7fbd1e7fc700 [db/compaction_job.cc:1211] [usertable] [JOB 3] Generated table #32460: 16279 keys, 67258642 bytes
2018/10/24-10:59:15.729868 7fbd1e7fc700 EVENT_LOG_v1 {"time_micros": 1540403955729851, "cf_name": "usertable", "job": 3, "event": "table_file_creation", "file_number": 32460, "file_size": 67258642, "table_properties": {"data_size": 67119896, "index_size": 299293, "filter_size": 0, "raw_key_size": 390696, "raw_average_key_size": 24, "raw_value_size": 66678784, "raw_average_value_size": 4096, "num_data_blocks": 8140, "num_entries": 16279, "filter_policy_name": "", "kDeletedKeys": "0", "kMergeOperands": "0"}}
2018/10/24-10:59:16.565025 7fbd1e7fc700 [db/compaction_job.cc:1211] [usertable] [JOB 3] Generated table #32461: 16279 keys, 67259584 bytes
2018/10/24-10:59:16.565064 7fbd1e7fc700 EVENT_LOG_v1 {"time_micros": 1540403956565047, "cf_name": "usertable", "job": 3, "event": "table_file_creation", "file_number": 32461, "file_size": 67259584, "table_properties": {"data_size": 67119663, "index_size": 299510, "filter_size": 0, "raw_key_size": 390696, "raw_average_key_size": 24, "raw_value_size": 66678784, "raw_average_value_size": 4096, "num_data_blocks": 8140, "num_entries": 16279, "filter_policy_name": "", "kDeletedKeys": "0", "kMergeOperands": "0"}}
2018/10/24-10:59:17.328263 7fbd1e7fc700 [db/compaction_job.cc:1211] [usertable] [JOB 3] Generated table #32462: 16279 keys, 67259283 bytes
2018/10/24-10:59:17.328302 7fbd1e7fc700 EVENT_LOG_v1 {"time_micros": 1540403957328285, "cf_name": "usertable", "job": 3, "event": "table_file_creation", "file_number": 32462, "file_size": 67259283, "table_properties": {"data_size": 67120150, "index_size": 299009, "filter_size": 0, "raw_key_size": 390696, "raw_average_key_size": 24, "raw_value_size": 66678784, "raw_average_value_size": 4096, "num_data_blocks": 8140, "num_entries": 16279, "filter_policy_name": "", "kDeletedKeys": "0", "kMergeOperands": "0"}}
2018/10/24-10:59:17.608252 7fbd1e7fc700 [db/compaction_job.cc:1211] [usertable] [JOB 3] Generated table #32463: 5643 keys, 23316886 bytes
2018/10/24-10:59:17.608289 7fbd1e7fc700 EVENT_LOG_v1 {"time_micros": 1540403957608272, "cf_name": "usertable", "job": 3, "event": "table_file_creation", "file_number": 32463, "file_size": 23316886, "table_properties": {"data_size": 23266488, "index_size": 103703, "filter_size": 0, "raw_key_size": 135432, "raw_average_key_size": 24, "raw_value_size": 23113728, "raw_average_value_size": 4096, "num_data_blocks": 2822, "num_entries": 5643, "filter_policy_name": "", "kDeletedKeys": "0", "kMergeOperands": "0"}}
2018/10/24-10:59:17.608365 7fbd1e7fc700 [db/compaction_job.cc:1287] [usertable] [JOB 3] Compacted 1@1 + 7@2 files to L2 => 494136834 bytes
2018/10/24-10:59:17.641216 7fbd1e7fc700 (Original Log Time 2018/10/24-10:59:17.641092) [db/compaction_job.cc:685] [usertable] compacted to: base level 1 max bytes base 536870912 files[3 18 95 175 0 0 0] max score 1.86, MB/sec: 65.3 rd, 59.9 wr, level 2, files in(1, 7) out(8) MB in(64.3, 449.0) out(471.2), read-write-amplify(15.3) write-amplify(7.3) OK, records in: 130230, records dropped: 10634 output_compression: LZ4
2018/10/24-10:59:17.641222 7fbd1e7fc700 (Original Log Time 2018/10/24-10:59:17.641121) EVENT_LOG_v1 {"time_micros": 1540403957641108, "job": 3, "event": "compaction_finished", "compaction_time_micros": 8246800, "output_level": 2, "num_output_files": 8, "total_output_size": 494136834, "num_input_records": 130230, "num_output_records": 119596, "num_subcompactions": 1, "output_compression": "LZ4", "num_single_delete_mismatches": 0, "num_single_delete_fallthrough": 0, "lsm_state": [3, 18, 95, 175, 0, 0, 0]}
2018/10/24-10:59:17.641318 7fbd1e7fc700 [db/compaction_job.cc:1531] [usertable] [JOB 4] Compacting 1@1 + 8@2 files to L2, score 1.86
2018/10/24-10:59:17.641326 7fbd1e7fc700 [db/compaction_job.cc:1535] [usertable] Compaction start summary: Base version 6 Base level 1, inputs: [32428(64MB)], [32260(64MB) 32265(64MB) 32269(64MB) 32273(28MB) 32375(64MB) 32383(64MB) 32389(64MB) 32392(64MB)]
