2019/03/23-13:21:42.446261 7fec38bfa700 RocksDB version: 5.14.3
2019/03/23-13:21:42.446301 7fec38bfa700 Git sha rocksdb_build_git_sha:
2019/03/23-13:21:42.446304 7fec38bfa700 Compile date Oct  9 2018
2019/03/23-13:21:42.446316 7fec38bfa700 DB SUMMARY
2019/03/23-13:21:42.446666 7fec38bfa700 CURRENT file:  CURRENT
2019/03/23-13:21:42.446668 7fec38bfa700 IDENTITY file:  IDENTITY
2019/03/23-13:21:42.446679 7fec38bfa700 MANIFEST file:  MANIFEST-000004 size: 130556 Bytes
2019/03/23-13:21:42.446682 7fec38bfa700 SST files in /mnt/sdd/ycsb-rocksdb-data dir, Total Num: 705, files: 000018.sst 000019.sst 000020.sst 000021.sst 000022.sst 000023.sst 000024.sst 000025.sst 000026.sst 
2019/03/23-13:21:42.446686 7fec38bfa700 Write Ahead Log file in /mnt/sdd/ycsb-rocksdb-data: 001335.log size: 114307307 ; 
2019/03/23-13:21:42.446710 7fec38bfa700                         Options.error_if_exists: 0
2019/03/23-13:21:42.446712 7fec38bfa700                       Options.create_if_missing: 1
2019/03/23-13:21:42.446712 7fec38bfa700                         Options.paranoid_checks: 1
2019/03/23-13:21:42.446713 7fec38bfa700                                     Options.env: 0x7fec33ffb080
2019/03/23-13:21:42.446714 7fec38bfa700                                Options.info_log: 0x7febc03b2f50
2019/03/23-13:21:42.446715 7fec38bfa700                Options.max_file_opening_threads: 16
2019/03/23-13:21:42.446716 7fec38bfa700                              Options.statistics: (nil)
2019/03/23-13:21:42.446717 7fec38bfa700                               Options.use_fsync: 0
2019/03/23-13:21:42.446718 7fec38bfa700                       Options.max_log_file_size: 0
2019/03/23-13:21:42.446719 7fec38bfa700                  Options.max_manifest_file_size: 18446744073709551615
2019/03/23-13:21:42.446720 7fec38bfa700                   Options.log_file_time_to_roll: 0
2019/03/23-13:21:42.446720 7fec38bfa700                       Options.keep_log_file_num: 1000
2019/03/23-13:21:42.446721 7fec38bfa700                    Options.recycle_log_file_num: 0
2019/03/23-13:21:42.446722 7fec38bfa700                         Options.allow_fallocate: 1
2019/03/23-13:21:42.446723 7fec38bfa700                        Options.allow_mmap_reads: 0
2019/03/23-13:21:42.446724 7fec38bfa700                       Options.allow_mmap_writes: 0
2019/03/23-13:21:42.446725 7fec38bfa700                        Options.use_direct_reads: 0
2019/03/23-13:21:42.446725 7fec38bfa700                        Options.use_direct_io_for_flush_and_compaction: 0
2019/03/23-13:21:42.446726 7fec38bfa700          Options.create_missing_column_families: 1
2019/03/23-13:21:42.446727 7fec38bfa700                              Options.db_log_dir: 
2019/03/23-13:21:42.446728 7fec38bfa700                                 Options.wal_dir: /mnt/sdd/ycsb-rocksdb-data
2019/03/23-13:21:42.446729 7fec38bfa700                Options.table_cache_numshardbits: 6
2019/03/23-13:21:42.446730 7fec38bfa700                      Options.max_subcompactions: 4
2019/03/23-13:21:42.446731 7fec38bfa700                  Options.max_background_flushes: 24
2019/03/23-13:21:42.446732 7fec38bfa700                         Options.WAL_ttl_seconds: 0
2019/03/23-13:21:42.446733 7fec38bfa700                       Options.WAL_size_limit_MB: 0
2019/03/23-13:21:42.446734 7fec38bfa700             Options.manifest_preallocation_size: 4194304
2019/03/23-13:21:42.446735 7fec38bfa700                     Options.is_fd_close_on_exec: 1
2019/03/23-13:21:42.446735 7fec38bfa700                   Options.advise_random_on_open: 1
2019/03/23-13:21:42.446736 7fec38bfa700                    Options.db_write_buffer_size: 0
2019/03/23-13:21:42.446737 7fec38bfa700                    Options.write_buffer_manager: 0x7febc03b7cc0
2019/03/23-13:21:42.446738 7fec38bfa700         Options.access_hint_on_compaction_start: 1
2019/03/23-13:21:42.446739 7fec38bfa700  Options.new_table_reader_for_compaction_inputs: 0
2019/03/23-13:21:42.446740 7fec38bfa700           Options.random_access_max_buffer_size: 1048576
2019/03/23-13:21:42.446741 7fec38bfa700                      Options.use_adaptive_mutex: 0
2019/03/23-13:21:42.446741 7fec38bfa700                            Options.rate_limiter: (nil)
2019/03/23-13:21:42.446754 7fec38bfa700     Options.sst_file_manager.rate_bytes_per_sec: 0
2019/03/23-13:21:42.446755 7fec38bfa700                       Options.wal_recovery_mode: 2
2019/03/23-13:21:42.446756 7fec38bfa700                  Options.enable_thread_tracking: 0
2019/03/23-13:21:42.446757 7fec38bfa700                  Options.enable_pipelined_write: 1
2019/03/23-13:21:42.446758 7fec38bfa700         Options.allow_concurrent_memtable_write: 1
2019/03/23-13:21:42.446759 7fec38bfa700      Options.enable_write_thread_adaptive_yield: 1
2019/03/23-13:21:42.446759 7fec38bfa700             Options.write_thread_max_yield_usec: 100
2019/03/23-13:21:42.446760 7fec38bfa700            Options.write_thread_slow_yield_usec: 3
2019/03/23-13:21:42.446761 7fec38bfa700                               Options.row_cache: None
2019/03/23-13:21:42.446762 7fec38bfa700                              Options.wal_filter: None
2019/03/23-13:21:42.446763 7fec38bfa700             Options.avoid_flush_during_recovery: 0
2019/03/23-13:21:42.446764 7fec38bfa700             Options.allow_ingest_behind: 0
2019/03/23-13:21:42.446765 7fec38bfa700             Options.preserve_deletes: 0
2019/03/23-13:21:42.446766 7fec38bfa700             Options.two_write_queues: 0
2019/03/23-13:21:42.446766 7fec38bfa700             Options.manual_wal_flush: 0
2019/03/23-13:21:42.446768 7fec38bfa700             Options.max_background_jobs: 24
2019/03/23-13:21:42.446769 7fec38bfa700             Options.max_background_compactions: 24
2019/03/23-13:21:42.446770 7fec38bfa700             Options.avoid_flush_during_shutdown: 0
2019/03/23-13:21:42.446771 7fec38bfa700           Options.writable_file_max_buffer_size: 1048576
2019/03/23-13:21:42.446772 7fec38bfa700             Options.delayed_write_rate : 16777216
2019/03/23-13:21:42.446773 7fec38bfa700             Options.max_total_wal_size: 0
2019/03/23-13:21:42.446774 7fec38bfa700             Options.delete_obsolete_files_period_micros: 21600000000
2019/03/23-13:21:42.446774 7fec38bfa700                   Options.stats_dump_period_sec: 60
2019/03/23-13:21:42.446775 7fec38bfa700                          Options.max_open_files: -1
2019/03/23-13:21:42.446776 7fec38bfa700                          Options.bytes_per_sync: 1048576
2019/03/23-13:21:42.446777 7fec38bfa700                      Options.wal_bytes_per_sync: 0
2019/03/23-13:21:42.446778 7fec38bfa700       Options.compaction_readahead_size: 0
2019/03/23-13:21:42.446779 7fec38bfa700 Compression algorithms supported:
2019/03/23-13:21:42.446780 7fec38bfa700 	kZSTDNotFinalCompression supported: 1
2019/03/23-13:21:42.446787 7fec38bfa700 	kZSTD supported: 1
2019/03/23-13:21:42.446788 7fec38bfa700 	kXpressCompression supported: 0
2019/03/23-13:21:42.446790 7fec38bfa700 	kLZ4HCCompression supported: 1
2019/03/23-13:21:42.446791 7fec38bfa700 	kLZ4Compression supported: 1
2019/03/23-13:21:42.446792 7fec38bfa700 	kBZip2Compression supported: 1
2019/03/23-13:21:42.446793 7fec38bfa700 	kZlibCompression supported: 1
2019/03/23-13:21:42.446794 7fec38bfa700 	kSnappyCompression supported: 1
2019/03/23-13:21:42.446797 7fec38bfa700 Fast CRC32 supported: Not supported on x86
2019/03/23-13:21:42.447202 7fec38bfa700 [db/version_set.cc:3085] Recovering from manifest file: MANIFEST-000004
2019/03/23-13:21:42.447292 7fec38bfa700 [db/column_family.cc:475] --------------- Options for column family [default]:
2019/03/23-13:21:42.447296 7fec38bfa700               Options.comparator: leveldb.BytewiseComparator
2019/03/23-13:21:42.447297 7fec38bfa700           Options.merge_operator: None
2019/03/23-13:21:42.447298 7fec38bfa700        Options.compaction_filter: None
2019/03/23-13:21:42.447299 7fec38bfa700        Options.compaction_filter_factory: None
2019/03/23-13:21:42.447300 7fec38bfa700         Options.memtable_factory: SkipListFactory
2019/03/23-13:21:42.447301 7fec38bfa700            Options.table_factory: BlockBasedTable
2019/03/23-13:21:42.447322 7fec38bfa700            table_factory options:   flush_block_policy_factory: FlushBlockBySizePolicyFactory (0x7febc03b44d0)
  cache_index_and_filter_blocks: 0
  cache_index_and_filter_blocks_with_high_priority: 0
  pin_l0_filter_and_index_blocks_in_cache: 0
  index_type: 0
  hash_index_allow_collision: 1
  checksum: 1
  no_block_cache: 0
  block_cache: 0x7febc03a63b0
  block_cache_name: LRUCache
  block_cache_options:
    capacity : 8388608
    num_shard_bits : 4
    strict_capacity_limit : 0
    high_pri_pool_ratio: 0.000
  block_cache_compressed: (nil)
  persistent_cache: (nil)
  block_size: 8192
  block_size_deviation: 10
  block_restart_interval: 16
  index_block_restart_interval: 1
  metadata_block_size: 4096
  partition_filters: 0
  use_delta_encoding: 1
  filter_policy: nullptr
  whole_key_filtering: 1
  verify_compression: 0
  read_amp_bytes_per_bit: 0
  format_version: 2
  enable_index_compression: 1
  block_align: 0
2019/03/23-13:21:42.447335 7fec38bfa700        Options.write_buffer_size: 134217728
2019/03/23-13:21:42.447337 7fec38bfa700  Options.max_write_buffer_number: 24
2019/03/23-13:21:42.447339 7fec38bfa700        Options.compression[0]: NoCompression
2019/03/23-13:21:42.447340 7fec38bfa700        Options.compression[1]: NoCompression
2019/03/23-13:21:42.447341 7fec38bfa700        Options.compression[2]: LZ4
2019/03/23-13:21:42.447343 7fec38bfa700        Options.compression[3]: LZ4
2019/03/23-13:21:42.447344 7fec38bfa700        Options.compression[4]: LZ4
2019/03/23-13:21:42.447345 7fec38bfa700        Options.compression[5]: LZ4
2019/03/23-13:21:42.447346 7fec38bfa700        Options.compression[6]: LZ4
2019/03/23-13:21:42.447347 7fec38bfa700                  Options.bottommost_compression: Disabled
2019/03/23-13:21:42.447348 7fec38bfa700       Options.prefix_extractor: nullptr
2019/03/23-13:21:42.447349 7fec38bfa700   Options.memtable_insert_with_hint_prefix_extractor: nullptr
2019/03/23-13:21:42.447350 7fec38bfa700             Options.num_levels: 7
2019/03/23-13:21:42.447351 7fec38bfa700        Options.min_write_buffer_number_to_merge: 2
2019/03/23-13:21:42.447352 7fec38bfa700     Options.max_write_buffer_number_to_maintain: 0
2019/03/23-13:21:42.447353 7fec38bfa700            Options.compression_opts.window_bits: -14
2019/03/23-13:21:42.447354 7fec38bfa700                  Options.compression_opts.level: -1
2019/03/23-13:21:42.447355 7fec38bfa700               Options.compression_opts.strategy: 0
2019/03/23-13:21:42.447355 7fec38bfa700         Options.compression_opts.max_dict_bytes: 0
2019/03/23-13:21:42.447356 7fec38bfa700         Options.compression_opts.zstd_max_train_bytes: 0
2019/03/23-13:21:42.447357 7fec38bfa700      Options.level0_file_num_compaction_trigger: 2
2019/03/23-13:21:42.447358 7fec38bfa700          Options.level0_slowdown_writes_trigger: 20
2019/03/23-13:21:42.447359 7fec38bfa700              Options.level0_stop_writes_trigger: 36
2019/03/23-13:21:42.447360 7fec38bfa700                   Options.target_file_size_base: 67108864
2019/03/23-13:21:42.447361 7fec38bfa700             Options.target_file_size_multiplier: 1
2019/03/23-13:21:42.447362 7fec38bfa700                Options.max_bytes_for_level_base: 536870912
2019/03/23-13:21:42.447363 7fec38bfa700 Options.level_compaction_dynamic_level_bytes: 0
2019/03/23-13:21:42.447364 7fec38bfa700          Options.max_bytes_for_level_multiplier: 10.000000
2019/03/23-13:21:42.447366 7fec38bfa700 Options.max_bytes_for_level_multiplier_addtl[0]: 1
2019/03/23-13:21:42.447367 7fec38bfa700 Options.max_bytes_for_level_multiplier_addtl[1]: 1
2019/03/23-13:21:42.447368 7fec38bfa700 Options.max_bytes_for_level_multiplier_addtl[2]: 1
2019/03/23-13:21:42.447369 7fec38bfa700 Options.max_bytes_for_level_multiplier_addtl[3]: 1
2019/03/23-13:21:42.447370 7fec38bfa700 Options.max_bytes_for_level_multiplier_addtl[4]: 1
2019/03/23-13:21:42.447371 7fec38bfa700 Options.max_bytes_for_level_multiplier_addtl[5]: 1
2019/03/23-13:21:42.447371 7fec38bfa700 Options.max_bytes_for_level_multiplier_addtl[6]: 1
2019/03/23-13:21:42.447372 7fec38bfa700       Options.max_sequential_skip_in_iterations: 8
2019/03/23-13:21:42.447373 7fec38bfa700                    Options.max_compaction_bytes: 1677721600
2019/03/23-13:21:42.447380 7fec38bfa700                        Options.arena_block_size: 16777216
2019/03/23-13:21:42.447381 7fec38bfa700   Options.soft_pending_compaction_bytes_limit: 68719476736
2019/03/23-13:21:42.447382 7fec38bfa700   Options.hard_pending_compaction_bytes_limit: 274877906944
2019/03/23-13:21:42.447383 7fec38bfa700       Options.rate_limit_delay_max_milliseconds: 100
2019/03/23-13:21:42.447384 7fec38bfa700                Options.disable_auto_compactions: 0
2019/03/23-13:21:42.447386 7fec38bfa700                        Options.compaction_style: kCompactionStyleLevel
2019/03/23-13:21:42.447387 7fec38bfa700                          Options.compaction_pri: kByCompensatedSize
2019/03/23-13:21:42.447388 7fec38bfa700 Options.compaction_options_universal.size_ratio: 1
2019/03/23-13:21:42.447389 7fec38bfa700 Options.compaction_options_universal.min_merge_width: 2
2019/03/23-13:21:42.447390 7fec38bfa700 Options.compaction_options_universal.max_merge_width: 4294967295
2019/03/23-13:21:42.447391 7fec38bfa700 Options.compaction_options_universal.max_size_amplification_percent: 200
2019/03/23-13:21:42.447392 7fec38bfa700 Options.compaction_options_universal.compression_size_percent: -1
2019/03/23-13:21:42.447393 7fec38bfa700 Options.compaction_options_universal.stop_style: kCompactionStopStyleTotalSize
2019/03/23-13:21:42.447394 7fec38bfa700 Options.compaction_options_fifo.max_table_files_size: 1073741824
2019/03/23-13:21:42.447395 7fec38bfa700 Options.compaction_options_fifo.allow_compaction: 0
2019/03/23-13:21:42.447395 7fec38bfa700 Options.compaction_options_fifo.ttl: 0
2019/03/23-13:21:42.447396 7fec38bfa700                   Options.table_properties_collectors: 
2019/03/23-13:21:42.447397 7fec38bfa700                   Options.inplace_update_support: 0
2019/03/23-13:21:42.447398 7fec38bfa700                 Options.inplace_update_num_locks: 10000
2019/03/23-13:21:42.447399 7fec38bfa700               Options.memtable_prefix_bloom_size_ratio: 0.000000
2019/03/23-13:21:42.447401 7fec38bfa700   Options.memtable_huge_page_size: 0
2019/03/23-13:21:42.447401 7fec38bfa700                           Options.bloom_locality: 0
2019/03/23-13:21:42.447402 7fec38bfa700                    Options.max_successive_merges: 0
2019/03/23-13:21:42.447403 7fec38bfa700                Options.optimize_filters_for_hits: 0
2019/03/23-13:21:42.447404 7fec38bfa700                Options.paranoid_file_checks: 0
2019/03/23-13:21:42.447405 7fec38bfa700                Options.force_consistency_checks: 0
2019/03/23-13:21:42.447406 7fec38bfa700                Options.report_bg_io_stats: 0
2019/03/23-13:21:42.447407 7fec38bfa700                               Options.ttl: 0
2019/03/23-13:21:42.447839 7fec38bfa700 [db/column_family.cc:475] --------------- Options for column family [usertable]:
2019/03/23-13:21:42.447843 7fec38bfa700               Options.comparator: leveldb.BytewiseComparator
2019/03/23-13:21:42.447844 7fec38bfa700           Options.merge_operator: None
2019/03/23-13:21:42.447845 7fec38bfa700        Options.compaction_filter: None
2019/03/23-13:21:42.447846 7fec38bfa700        Options.compaction_filter_factory: None
2019/03/23-13:21:42.447847 7fec38bfa700         Options.memtable_factory: SkipListFactory
2019/03/23-13:21:42.447847 7fec38bfa700            Options.table_factory: BlockBasedTable
2019/03/23-13:21:42.447872 7fec38bfa700            table_factory options:   flush_block_policy_factory: FlushBlockBySizePolicyFactory (0x7febc03b7cf0)
  cache_index_and_filter_blocks: 0
  cache_index_and_filter_blocks_with_high_priority: 0
  pin_l0_filter_and_index_blocks_in_cache: 0
  index_type: 0
  hash_index_allow_collision: 1
  checksum: 1
  no_block_cache: 0
  block_cache: 0x7febc03bc1d0
  block_cache_name: LRUCache
  block_cache_options:
    capacity : 8388608
    num_shard_bits : 4
    strict_capacity_limit : 0
    high_pri_pool_ratio: 0.000
  block_cache_compressed: (nil)
  persistent_cache: (nil)
  block_size: 8192
  block_size_deviation: 10
  block_restart_interval: 16
  index_block_restart_interval: 1
  metadata_block_size: 4096
  partition_filters: 0
  use_delta_encoding: 1
  filter_policy: nullptr
  whole_key_filtering: 1
  verify_compression: 0
  read_amp_bytes_per_bit: 0
  format_version: 2
  enable_index_compression: 1
  block_align: 0
2019/03/23-13:21:42.447885 7fec38bfa700        Options.write_buffer_size: 134217728
2019/03/23-13:21:42.447886 7fec38bfa700  Options.max_write_buffer_number: 24
2019/03/23-13:21:42.447888 7fec38bfa700        Options.compression[0]: NoCompression
2019/03/23-13:21:42.447889 7fec38bfa700        Options.compression[1]: NoCompression
2019/03/23-13:21:42.447890 7fec38bfa700        Options.compression[2]: LZ4
2019/03/23-13:21:42.447891 7fec38bfa700        Options.compression[3]: LZ4
2019/03/23-13:21:42.447893 7fec38bfa700        Options.compression[4]: LZ4
2019/03/23-13:21:42.447894 7fec38bfa700        Options.compression[5]: LZ4
2019/03/23-13:21:42.447895 7fec38bfa700        Options.compression[6]: LZ4
2019/03/23-13:21:42.447896 7fec38bfa700                  Options.bottommost_compression: Disabled
2019/03/23-13:21:42.447897 7fec38bfa700       Options.prefix_extractor: nullptr
2019/03/23-13:21:42.447898 7fec38bfa700   Options.memtable_insert_with_hint_prefix_extractor: nullptr
2019/03/23-13:21:42.447899 7fec38bfa700             Options.num_levels: 7
2019/03/23-13:21:42.447900 7fec38bfa700        Options.min_write_buffer_number_to_merge: 2
2019/03/23-13:21:42.447900 7fec38bfa700     Options.max_write_buffer_number_to_maintain: 0
2019/03/23-13:21:42.447901 7fec38bfa700            Options.compression_opts.window_bits: -14
2019/03/23-13:21:42.447902 7fec38bfa700                  Options.compression_opts.level: -1
2019/03/23-13:21:42.447903 7fec38bfa700               Options.compression_opts.strategy: 0
2019/03/23-13:21:42.447904 7fec38bfa700         Options.compression_opts.max_dict_bytes: 0
2019/03/23-13:21:42.447905 7fec38bfa700         Options.compression_opts.zstd_max_train_bytes: 0
2019/03/23-13:21:42.447906 7fec38bfa700      Options.level0_file_num_compaction_trigger: 2
2019/03/23-13:21:42.447906 7fec38bfa700          Options.level0_slowdown_writes_trigger: 20
2019/03/23-13:21:42.447907 7fec38bfa700              Options.level0_stop_writes_trigger: 36
2019/03/23-13:21:42.447908 7fec38bfa700                   Options.target_file_size_base: 67108864
2019/03/23-13:21:42.447909 7fec38bfa700             Options.target_file_size_multiplier: 1
2019/03/23-13:21:42.447910 7fec38bfa700                Options.max_bytes_for_level_base: 536870912
2019/03/23-13:21:42.447911 7fec38bfa700 Options.level_compaction_dynamic_level_bytes: 0
2019/03/23-13:21:42.447932 7fec38bfa700          Options.max_bytes_for_level_multiplier: 10.000000
2019/03/23-13:21:42.447937 7fec38bfa700 Options.max_bytes_for_level_multiplier_addtl[0]: 1
2019/03/23-13:21:42.447939 7fec38bfa700 Options.max_bytes_for_level_multiplier_addtl[1]: 1
2019/03/23-13:21:42.447941 7fec38bfa700 Options.max_bytes_for_level_multiplier_addtl[2]: 1
2019/03/23-13:21:42.447943 7fec38bfa700 Options.max_bytes_for_level_multiplier_addtl[3]: 1
2019/03/23-13:21:42.447945 7fec38bfa700 Options.max_bytes_for_level_multiplier_addtl[4]: 1
2019/03/23-13:21:42.447947 7fec38bfa700 Options.max_bytes_for_level_multiplier_addtl[5]: 1
2019/03/23-13:21:42.447948 7fec38bfa700 Options.max_bytes_for_level_multiplier_addtl[6]: 1
2019/03/23-13:21:42.447949 7fec38bfa700       Options.max_sequential_skip_in_iterations: 8
2019/03/23-13:21:42.447949 7fec38bfa700                    Options.max_compaction_bytes: 1677721600
2019/03/23-13:21:42.447950 7fec38bfa700                        Options.arena_block_size: 16777216
2019/03/23-13:21:42.447951 7fec38bfa700   Options.soft_pending_compaction_bytes_limit: 68719476736
2019/03/23-13:21:42.447952 7fec38bfa700   Options.hard_pending_compaction_bytes_limit: 274877906944
2019/03/23-13:21:42.447953 7fec38bfa700       Options.rate_limit_delay_max_milliseconds: 100
2019/03/23-13:21:42.447954 7fec38bfa700                Options.disable_auto_compactions: 0
2019/03/23-13:21:42.447955 7fec38bfa700                        Options.compaction_style: kCompactionStyleLevel
2019/03/23-13:21:42.447965 7fec38bfa700                          Options.compaction_pri: kByCompensatedSize
2019/03/23-13:21:42.447967 7fec38bfa700 Options.compaction_options_universal.size_ratio: 1
2019/03/23-13:21:42.447968 7fec38bfa700 Options.compaction_options_universal.min_merge_width: 2
2019/03/23-13:21:42.447968 7fec38bfa700 Options.compaction_options_universal.max_merge_width: 4294967295
2019/03/23-13:21:42.447969 7fec38bfa700 Options.compaction_options_universal.max_size_amplification_percent: 200
2019/03/23-13:21:42.447970 7fec38bfa700 Options.compaction_options_universal.compression_size_percent: -1
2019/03/23-13:21:42.447971 7fec38bfa700 Options.compaction_options_universal.stop_style: kCompactionStopStyleTotalSize
2019/03/23-13:21:42.447972 7fec38bfa700 Options.compaction_options_fifo.max_table_files_size: 1073741824
2019/03/23-13:21:42.447973 7fec38bfa700 Options.compaction_options_fifo.allow_compaction: 0
2019/03/23-13:21:42.447974 7fec38bfa700 Options.compaction_options_fifo.ttl: 0
2019/03/23-13:21:42.447975 7fec38bfa700                   Options.table_properties_collectors: 
2019/03/23-13:21:42.447976 7fec38bfa700                   Options.inplace_update_support: 0
2019/03/23-13:21:42.447977 7fec38bfa700                 Options.inplace_update_num_locks: 10000
2019/03/23-13:21:42.447977 7fec38bfa700               Options.memtable_prefix_bloom_size_ratio: 0.000000
2019/03/23-13:21:42.447979 7fec38bfa700   Options.memtable_huge_page_size: 0
2019/03/23-13:21:42.447980 7fec38bfa700                           Options.bloom_locality: 0
2019/03/23-13:21:42.447981 7fec38bfa700                    Options.max_successive_merges: 0
2019/03/23-13:21:42.447982 7fec38bfa700                Options.optimize_filters_for_hits: 0
2019/03/23-13:21:42.447983 7fec38bfa700                Options.paranoid_file_checks: 0
2019/03/23-13:21:42.447983 7fec38bfa700                Options.force_consistency_checks: 0
2019/03/23-13:21:42.447984 7fec38bfa700                Options.report_bg_io_stats: 0
2019/03/23-13:21:42.447985 7fec38bfa700                               Options.ttl: 0
2019/03/23-13:21:43.028135 7fec38bfa700 [db/version_set.cc:3361] Recovered from manifest file:/mnt/sdd/ycsb-rocksdb-data/MANIFEST-000004 succeeded,manifest_file_number is 4, next_file_number is 1342, last_sequence is 10431029, log_number is 0,prev_log_number is 0,max_column_family is 1,min_log_number_to_keep is 0
2019/03/23-13:21:43.028147 7fec38bfa700 [db/version_set.cc:3369] Column family [default] (ID 0), log number is 0
2019/03/23-13:21:43.028149 7fec38bfa700 [db/version_set.cc:3369] Column family [usertable] (ID 1), log number is 1335
2019/03/23-13:21:43.030196 7fec38bfa700 EVENT_LOG_v1 {"time_micros": 1553372503030180, "job": 1, "event": "recovery_started", "log_files": [1335]}
2019/03/23-13:21:43.030204 7fec38bfa700 [db/db_impl_open.cc:551] Recovering log #1335 mode 2
2019/03/23-13:21:43.357082 7fec38bfa700 [db/version_set.cc:2847] Creating manifest 1342
2019/03/23-13:21:43.899086 7fec38bfa700 EVENT_LOG_v1 {"time_micros": 1553372503899062, "cf_name": "usertable", "job": 1, "event": "table_file_creation", "file_number": 1343, "file_size": 114439691, "table_properties": {"data_size": 113930873, "index_size": 507896, "filter_size": 0, "raw_key_size": 663192, "raw_average_key_size": 24, "raw_value_size": 113184768, "raw_average_value_size": 4096, "num_data_blocks": 13817, "num_entries": 27633, "filter_policy_name": "", "kDeletedKeys": "0", "kMergeOperands": "0"}}
2019/03/23-13:21:43.935027 7fec38bfa700 EVENT_LOG_v1 {"time_micros": 1553372503935021, "job": 1, "event": "recovery_finished"}
2019/03/23-13:21:43.991113 7fec38bfa700 [db/db_impl_open.cc:1219] DB pointer 0x7febc03a6a50
2019/03/23-13:21:43.991399 7feb667fc700 [WARN] [db/db_impl.cc:491] ------- DUMPING STATS -------
2019/03/23-13:21:43.991445 7feb667fc700 [WARN] [db/db_impl.cc:492] 
** DB Stats **
Uptime(secs): 1.5 total, 1.5 interval
Cumulative writes: 0 writes, 0 keys, 0 commit groups, 0.0 writes per commit group, ingest: 0.00 GB, 0.00 MB/s
Cumulative WAL: 0 writes, 0 syncs, 0.00 writes per sync, written: 0.00 GB, 0.00 MB/s
Cumulative stall: 00:00:0.000 H:M:S, 0.0 percent
Interval writes: 0 writes, 0 keys, 0 commit groups, 0.0 writes per commit group, ingest: 0.00 MB, 0.00 MB/s
Interval WAL: 0 writes, 0 syncs, 0.00 writes per sync, written: 0.00 MB, 0.00 MB/s
Interval stall: 00:00:0.000 H:M:S, 0.0 percent

** Compaction Stats [default] **
Level    Files   Size     Score Read(GB)  Rn(GB) Rnp1(GB) Write(GB) Wnew(GB) Moved(GB) W-Amp Rd(MB/s) Wr(MB/s) Comp(sec) Comp(cnt) Avg(sec) KeyIn KeyDrop
----------------------------------------------------------------------------------------------------------------------------------------------------------
 Sum      0/0    0.00 KB   0.0      0.0     0.0      0.0       0.0      0.0       0.0   0.0      0.0      0.0         0         0    0.000       0      0
 Int      0/0    0.00 KB   0.0      0.0     0.0      0.0       0.0      0.0       0.0   0.0      0.0      0.0         0         0    0.000       0      0
Uptime(secs): 1.5 total, 1.5 interval
Flush(GB): cumulative 0.000, interval 0.000
AddFile(GB): cumulative 0.000, interval 0.000
AddFile(Total Files): cumulative 0, interval 0
AddFile(L0 Files): cumulative 0, interval 0
AddFile(Keys): cumulative 0, interval 0
Cumulative compaction: 0.00 GB write, 0.00 MB/s write, 0.00 GB read, 0.00 MB/s read, 0.0 seconds
Interval compaction: 0.00 GB write, 0.00 MB/s write, 0.00 GB read, 0.00 MB/s read, 0.0 seconds
Stalls(count): 0 level0_slowdown, 0 level0_slowdown_with_compaction, 0 level0_numfiles, 0 level0_numfiles_with_compaction, 0 stop for pending_compaction_bytes, 0 slowdown for pending_compaction_bytes, 0 memtable_compaction, 0 memtable_slowdown, interval 0 total count

** File Read Latency Histogram By Level [default] **

** Compaction Stats [usertable] **
Level    Files   Size     Score Read(GB)  Rn(GB) Rnp1(GB) Write(GB) Wnew(GB) Moved(GB) W-Amp Rd(MB/s) Wr(MB/s) Comp(sec) Comp(cnt) Avg(sec) KeyIn KeyDrop
----------------------------------------------------------------------------------------------------------------------------------------------------------
  L0      2/0   292.26 MB   1.0      0.0     0.0      0.0       0.1      0.1       0.0   1.0      0.0    240.4         0         1    0.454       0      0
  L1      8/0   453.83 MB   0.9      0.0     0.0      0.0       0.0      0.0       0.0   0.0      0.0      0.0         0         0    0.000       0      0
  L2    145/0    4.95 GB   1.0      0.0     0.0      0.0       0.0      0.0       0.0   0.0      0.0      0.0         0         0    0.000       0      0
  L3    551/0   34.50 GB   0.7      0.0     0.0      0.0       0.0      0.0       0.0   0.0      0.0      0.0         0         0    0.000       0      0
 Sum    706/0   40.18 GB   0.0      0.0     0.0      0.0       0.1      0.1       0.0   1.0      0.0    240.4         0         1    0.454       0      0
 Int      0/0    0.00 KB   0.0      0.0     0.0      0.0       0.1      0.1       0.0   1.0      0.0    240.4         0         1    0.454       0      0
Uptime(secs): 1.5 total, 1.5 interval
Flush(GB): cumulative 0.107, interval 0.107
AddFile(GB): cumulative 0.000, interval 0.000
AddFile(Total Files): cumulative 0, interval 0
AddFile(L0 Files): cumulative 0, interval 0
AddFile(Keys): cumulative 0, interval 0
Cumulative compaction: 0.11 GB write, 70.71 MB/s write, 0.00 GB read, 0.00 MB/s read, 0.5 seconds
Interval compaction: 0.11 GB write, 70.71 MB/s write, 0.00 GB read, 0.00 MB/s read, 0.5 seconds
Stalls(count): 0 level0_slowdown, 0 level0_slowdown_with_compaction, 0 level0_numfiles, 0 level0_numfiles_with_compaction, 0 stop for pending_compaction_bytes, 0 slowdown for pending_compaction_bytes, 0 memtable_compaction, 0 memtable_slowdown, interval 0 total count

** File Read Latency Histogram By Level [usertable] **

** Compaction Stats [default] **
Level    Files   Size     Score Read(GB)  Rn(GB) Rnp1(GB) Write(GB) Wnew(GB) Moved(GB) W-Amp Rd(MB/s) Wr(MB/s) Comp(sec) Comp(cnt) Avg(sec) KeyIn KeyDrop
----------------------------------------------------------------------------------------------------------------------------------------------------------
 Sum      0/0    0.00 KB   0.0      0.0     0.0      0.0       0.0      0.0       0.0   0.0      0.0      0.0         0         0    0.000       0      0
 Int      0/0    0.00 KB   0.0      0.0     0.0      0.0       0.0      0.0       0.0   0.0      0.0      0.0         0         0    0.000       0      0
Uptime(secs): 1.5 total, 0.0 interval
Flush(GB): cumulative 0.000, interval 0.000
AddFile(GB): cumulative 0.000, interval 0.000
AddFile(Total Files): cumulative 0, interval 0
AddFile(L0 Files): cumulative 0, interval 0
AddFile(Keys): cumulative 0, interval 0
Cumulative compaction: 0.00 GB write, 0.00 MB/s write, 0.00 GB read, 0.00 MB/s read, 0.0 seconds
Interval compaction: 0.00 GB write, 0.00 MB/s write, 0.00 GB read, 0.00 MB/s read, 0.0 seconds
Stalls(count): 0 level0_slowdown, 0 level0_slowdown_with_compaction, 0 level0_numfiles, 0 level0_numfiles_with_compaction, 0 stop for pending_compaction_bytes, 0 slowdown for pending_compaction_bytes, 0 memtable_compaction, 0 memtable_slowdown, interval 0 total count

** File Read Latency Histogram By Level [default] **

** Compaction Stats [usertable] **
Level    Files   Size     Score Read(GB)  Rn(GB) Rnp1(GB) Write(GB) Wnew(GB) Moved(GB) W-Amp Rd(MB/s) Wr(MB/s) Comp(sec) Comp(cnt) Avg(sec) KeyIn KeyDrop
----------------------------------------------------------------------------------------------------------------------------------------------------------
  L0      2/0   292.26 MB   1.0      0.0     0.0      0.0       0.1      0.1       0.0   1.0      0.0    240.4         0         1    0.454       0      0
  L1      8/0   453.83 MB   0.9      0.0     0.0      0.0       0.0      0.0       0.0   0.0      0.0      0.0         0         0    0.000       0      0
  L2    145/0    4.95 GB   1.0      0.0     0.0      0.0       0.0      0.0       0.0   0.0      0.0      0.0         0         0    0.000       0      0
  L3    551/0   34.50 GB   0.7      0.0     0.0      0.0       0.0      0.0       0.0   0.0      0.0      0.0         0         0    0.000       0      0
 Sum    706/0   40.18 GB   0.0      0.0     0.0      0.0       0.1      0.1       0.0   1.0      0.0    240.4         0         1    0.454       0      0
 Int      0/0    0.00 KB   0.0      0.0     0.0      0.0       0.0      0.0       0.0   0.0      0.0      0.0         0         0    0.000       0      0
Uptime(secs): 1.5 total, 0.0 interval
Flush(GB): cumulative 0.107, interval 0.000
AddFile(GB): cumulative 0.000, interval 0.000
AddFile(Total Files): cumulative 0, interval 0
AddFile(L0 Files): cumulative 0, interval 0
AddFile(Keys): cumulative 0, interval 0
Cumulative compaction: 0.11 GB write, 70.71 MB/s write, 0.00 GB read, 0.00 MB/s read, 0.5 seconds
Interval compaction: 0.00 GB write, 0.00 MB/s write, 0.00 GB read, 0.00 MB/s read, 0.0 seconds
Stalls(count): 0 level0_slowdown, 0 level0_slowdown_with_compaction, 0 level0_numfiles, 0 level0_numfiles_with_compaction, 0 stop for pending_compaction_bytes, 0 slowdown for pending_compaction_bytes, 0 memtable_compaction, 0 memtable_slowdown, interval 0 total count

** File Read Latency Histogram By Level [usertable] **
2019/03/23-13:21:44.021596 7feb667fc700 (Original Log Time 2019/03/23-13:21:43.991548) [db/db_impl_compaction_flush.cc:1835] [usertable] Moving #35 to level-1 192022320 bytes
2019/03/23-13:21:44.021600 7feb667fc700 (Original Log Time 2019/03/23-13:21:44.021538) EVENT_LOG_v1 {"time_micros": 1553372504021530, "job": 3, "event": "trivial_move", "destination_level": 1, "files": 1, "total_files_size": 192022320}
2019/03/23-13:21:44.021602 7feb667fc700 (Original Log Time 2019/03/23-13:21:44.021546) [db/db_impl_compaction_flush.cc:1864] [usertable] Moved #1 files to level-1 192022320 bytes OK: base level 1 max bytes base 536870912 files[1 9 145 551 0 0 0] max score 1.24
2019/03/23-13:21:44.021660 7feb667fc700 [db/compaction_job.cc:1531] [usertable] [JOB 4] Compacting 1@1 files to L2, score 1.24
2019/03/23-13:21:44.021666 7feb667fc700 [db/compaction_job.cc:1535] [usertable] Compaction start summary: Base version 6 Base level 1, inputs: [35(183MB)]
2019/03/23-13:21:44.021683 7feb667fc700 EVENT_LOG_v1 {"time_micros": 1553372504021671, "job": 4, "event": "compaction_started", "compaction_reason": "LevelMaxLevelSize", "files_L1": [35], "score": 1.24406, "input_data_size": 192022320}
2019/03/23-13:21:44.779696 7feb667fc700 [db/compaction_job.cc:1211] [usertable] [JOB 4] Generated table #1347: 16279 keys, 67233495 bytes
2019/03/23-13:21:44.779735 7feb667fc700 EVENT_LOG_v1 {"time_micros": 1553372504779719, "cf_name": "usertable", "job": 4, "event": "table_file_creation", "file_number": 1347, "file_size": 67233495, "table_properties": {"data_size": 67120139, "index_size": 300916, "filter_size": 0, "raw_key_size": 390696, "raw_average_key_size": 24, "raw_value_size": 66678784, "raw_average_value_size": 4096, "num_data_blocks": 8140, "num_entries": 16279, "filter_policy_name": "", "kDeletedKeys": "0", "kMergeOperands": "0"}}
2019/03/23-13:21:45.607200 7feb667fc700 [db/compaction_job.cc:1211] [usertable] [JOB 4] Generated table #1348: 16279 keys, 67233368 bytes
2019/03/23-13:21:45.607254 7feb667fc700 EVENT_LOG_v1 {"time_micros": 1553372505607229, "cf_name": "usertable", "job": 4, "event": "table_file_creation", "file_number": 1348, "file_size": 67233368, "table_properties": {"data_size": 67118331, "index_size": 299107, "filter_size": 0, "raw_key_size": 390696, "raw_average_key_size": 24, "raw_value_size": 66678784, "raw_average_value_size": 4096, "num_data_blocks": 8140, "num_entries": 16279, "filter_policy_name": "", "kDeletedKeys": "0", "kMergeOperands": "0"}}
2019/03/23-13:21:46.360012 7feb667fc700 [db/compaction_job.cc:1211] [usertable] [JOB 4] Generated table #1349: 13806 keys, 57020014 bytes
2019/03/23-13:21:46.360059 7feb667fc700 EVENT_LOG_v1 {"time_micros": 1553372506360035, "cf_name": "usertable", "job": 4, "event": "table_file_creation", "file_number": 1349, "file_size": 57020014, "table_properties": {"data_size": 56923672, "index_size": 255147, "filter_size": 0, "raw_key_size": 331344, "raw_average_key_size": 24, "raw_value_size": 56549376, "raw_average_value_size": 4096, "num_data_blocks": 6903, "num_entries": 13806, "filter_policy_name": "", "kDeletedKeys": "0", "kMergeOperands": "0"}}
2019/03/23-13:21:46.360134 7feb667fc700 [db/compaction_job.cc:1287] [usertable] [JOB 4] Compacted 1@1 files to L2 => 191486877 bytes
2019/03/23-13:21:46.393068 7feb667fc700 (Original Log Time 2019/03/23-13:21:46.392944) [db/compaction_job.cc:685] [usertable] compacted to: base level 1 max bytes base 536870912 files[1 8 148 551 0 0 0] max score 1.03, MB/sec: 82.1 rd, 81.9 wr, level 2, files in(1, 0) out(3) MB in(183.1, 0.0) out(182.6), read-write-amplify(2.0) write-amplify(1.0) OK, records in: 46364, records dropped: 0 output_compression: LZ4
2019/03/23-13:21:46.393075 7feb667fc700 (Original Log Time 2019/03/23-13:21:46.392989) EVENT_LOG_v1 {"time_micros": 1553372506392975, "job": 4, "event": "compaction_finished", "compaction_time_micros": 2338406, "output_level": 2, "num_output_files": 3, "total_output_size": 191486877, "num_input_records": 46364, "num_output_records": 46364, "num_subcompactions": 1, "output_compression": "LZ4", "num_single_delete_mismatches": 0, "num_single_delete_fallthrough": 0, "lsm_state": [1, 8, 148, 551, 0, 0, 0]}
2019/03/23-13:21:46.424567 7feb667fc700 (Original Log Time 2019/03/23-13:21:46.393247) [db/db_impl_compaction_flush.cc:1835] [usertable] Moving #1347 to level-3 67233495 bytes
2019/03/23-13:21:46.424572 7feb667fc700 (Original Log Time 2019/03/23-13:21:46.424516) EVENT_LOG_v1 {"time_micros": 1553372506424506, "job": 5, "event": "trivial_move", "destination_level": 3, "files": 1, "total_files_size": 67233495}
2019/03/23-13:21:46.424574 7feb667fc700 (Original Log Time 2019/03/23-13:21:46.424528) [db/db_impl_compaction_flush.cc:1864] [usertable] Moved #1 files to level-3 67233495 bytes OK: base level 1 max bytes base 536870912 files[1 8 147 552 0 0 0] max score 1.01
2019/03/23-13:21:46.442751 7feb667fc700 EVENT_LOG_v1 {"time_micros": 1553372506442740, "job": 5, "event": "table_file_deletion", "file_number": 35}
2019/03/23-13:21:46.476981 7fec326fe700 (Original Log Time 2019/03/23-13:21:46.442937) [db/db_impl_compaction_flush.cc:1835] [usertable] Moving #1348 to level-3 67233368 bytes
2019/03/23-13:21:46.476988 7fec326fe700 (Original Log Time 2019/03/23-13:21:46.476904) EVENT_LOG_v1 {"time_micros": 1553372506476895, "job": 6, "event": "trivial_move", "destination_level": 3, "files": 1, "total_files_size": 67233368}
2019/03/23-13:21:46.476992 7fec326fe700 (Original Log Time 2019/03/23-13:21:46.476917) [db/db_impl_compaction_flush.cc:1864] [usertable] Moved #1 files to level-3 67233368 bytes OK: base level 1 max bytes base 536870912 files[1 8 146 553 0 0 0] max score 1.00
2019/03/23-13:21:46.508845 7fec31efd700 (Original Log Time 2019/03/23-13:21:46.477202) [db/db_impl_compaction_flush.cc:1835] [usertable] Moving #559 to level-3 67233327 bytes
2019/03/23-13:21:46.508852 7fec31efd700 (Original Log Time 2019/03/23-13:21:46.508751) EVENT_LOG_v1 {"time_micros": 1553372506508742, "job": 7, "event": "trivial_move", "destination_level": 3, "files": 1, "total_files_size": 67233327}
2019/03/23-13:21:46.508855 7fec31efd700 (Original Log Time 2019/03/23-13:21:46.508769) [db/db_impl_compaction_flush.cc:1864] [usertable] Moved #1 files to level-3 67233327 bytes OK: base level 1 max bytes base 536870912 files[1 8 145 554 0 0 0] max score 0.99
2019/03/23-13:21:48.875861 7feb886f7700 [db/db_impl_write.cc:1373] [usertable] New memtable created with log file: #1350. Immutable memtables: 0.
2019/03/23-13:21:53.484738 7fec282f3700 [db/db_impl_write.cc:1373] [usertable] New memtable created with log file: #1351. Immutable memtables: 1.
2019/03/23-13:21:53.484882 7feb65ffb700 [db/db_impl_compaction_flush.cc:80] [JOB 8] Syncing log #1344
2019/03/23-13:21:54.646132 7feb65ffb700 [db/db_impl_compaction_flush.cc:80] [JOB 8] Syncing log #1350
2019/03/23-13:21:55.710338 7feb65ffb700 (Original Log Time 2019/03/23-13:21:53.484852) [db/db_impl_compaction_flush.cc:1424] Calling FlushMemTableToOutputFile with column family [usertable], flush slots available 24, compaction slots available 1, flush slots scheduled 1, compaction slots scheduled 0
2019/03/23-13:21:55.710350 7feb65ffb700 [db/flush_job.cc:301] [usertable] [JOB 8] Flushing memtable with next log file: 1350
2019/03/23-13:21:55.710359 7feb65ffb700 [db/flush_job.cc:301] [usertable] [JOB 8] Flushing memtable with next log file: 1351
2019/03/23-13:21:55.710394 7feb65ffb700 EVENT_LOG_v1 {"time_micros": 1553372515710382, "job": 8, "event": "flush_started", "num_memtables": 2, "num_entries": 58665, "num_deletes": 0, "memory_usage": 243095048, "flush_reason": "Write Buffer Full"}
2019/03/23-13:21:55.710402 7feb65ffb700 [db/flush_job.cc:331] [usertable] [JOB 8] Level-0 flush table #1352: started
