2019/03/23-01:55:20.879111 7f6bcce40700 RocksDB version: 5.14.3
2019/03/23-01:55:20.879165 7f6bcce40700 Git sha rocksdb_build_git_sha:
2019/03/23-01:55:20.879168 7f6bcce40700 Compile date Oct  9 2018
2019/03/23-01:55:20.879176 7f6bcce40700 DB SUMMARY
2019/03/23-01:55:20.879776 7f6bcce40700 CURRENT file:  CURRENT
2019/03/23-01:55:20.879779 7f6bcce40700 IDENTITY file:  IDENTITY
2019/03/23-01:55:20.879788 7f6bcce40700 MANIFEST file:  MANIFEST-000004 size: 130716 Bytes
2019/03/23-01:55:20.879791 7f6bcce40700 SST files in /mnt/sdf/ycsb-rocksdb-data dir, Total Num: 723, files: 000021.sst 000022.sst 000023.sst 000024.sst 000028.sst 000029.sst 000030.sst 000031.sst 000035.sst 
2019/03/23-01:55:20.879796 7f6bcce40700 Write Ahead Log file in /mnt/sdf/ycsb-rocksdb-data: 001336.log size: 109817255 ; 001342.log size: 95682381 ; 
2019/03/23-01:55:20.879822 7f6bcce40700                         Options.error_if_exists: 0
2019/03/23-01:55:20.879824 7f6bcce40700                       Options.create_if_missing: 1
2019/03/23-01:55:20.879824 7f6bcce40700                         Options.paranoid_checks: 1
2019/03/23-01:55:20.879825 7f6bcce40700                                     Options.env: 0x7f6b84ffa080
2019/03/23-01:55:20.879826 7f6bcce40700                                Options.info_log: 0x7f6b68401520
2019/03/23-01:55:20.879827 7f6bcce40700                Options.max_file_opening_threads: 16
2019/03/23-01:55:20.879828 7f6bcce40700                              Options.statistics: (nil)
2019/03/23-01:55:20.879829 7f6bcce40700                               Options.use_fsync: 0
2019/03/23-01:55:20.879830 7f6bcce40700                       Options.max_log_file_size: 0
2019/03/23-01:55:20.879831 7f6bcce40700                  Options.max_manifest_file_size: 18446744073709551615
2019/03/23-01:55:20.879832 7f6bcce40700                   Options.log_file_time_to_roll: 0
2019/03/23-01:55:20.879833 7f6bcce40700                       Options.keep_log_file_num: 1000
2019/03/23-01:55:20.879834 7f6bcce40700                    Options.recycle_log_file_num: 0
2019/03/23-01:55:20.879834 7f6bcce40700                         Options.allow_fallocate: 1
2019/03/23-01:55:20.879835 7f6bcce40700                        Options.allow_mmap_reads: 0
2019/03/23-01:55:20.879836 7f6bcce40700                       Options.allow_mmap_writes: 0
2019/03/23-01:55:20.879837 7f6bcce40700                        Options.use_direct_reads: 0
2019/03/23-01:55:20.879838 7f6bcce40700                        Options.use_direct_io_for_flush_and_compaction: 0
2019/03/23-01:55:20.879839 7f6bcce40700          Options.create_missing_column_families: 1
2019/03/23-01:55:20.879840 7f6bcce40700                              Options.db_log_dir: 
2019/03/23-01:55:20.879841 7f6bcce40700                                 Options.wal_dir: /mnt/sdf/ycsb-rocksdb-data
2019/03/23-01:55:20.879842 7f6bcce40700                Options.table_cache_numshardbits: 6
2019/03/23-01:55:20.879843 7f6bcce40700                      Options.max_subcompactions: 4
2019/03/23-01:55:20.879844 7f6bcce40700                  Options.max_background_flushes: 24
2019/03/23-01:55:20.879844 7f6bcce40700                         Options.WAL_ttl_seconds: 0
2019/03/23-01:55:20.879845 7f6bcce40700                       Options.WAL_size_limit_MB: 0
2019/03/23-01:55:20.879846 7f6bcce40700             Options.manifest_preallocation_size: 4194304
2019/03/23-01:55:20.879847 7f6bcce40700                     Options.is_fd_close_on_exec: 1
2019/03/23-01:55:20.879848 7f6bcce40700                   Options.advise_random_on_open: 1
2019/03/23-01:55:20.879849 7f6bcce40700                    Options.db_write_buffer_size: 0
2019/03/23-01:55:20.879850 7f6bcce40700                    Options.write_buffer_manager: 0x7f6b68400f10
2019/03/23-01:55:20.879850 7f6bcce40700         Options.access_hint_on_compaction_start: 1
2019/03/23-01:55:20.879851 7f6bcce40700  Options.new_table_reader_for_compaction_inputs: 0
2019/03/23-01:55:20.879852 7f6bcce40700           Options.random_access_max_buffer_size: 1048576
2019/03/23-01:55:20.879853 7f6bcce40700                      Options.use_adaptive_mutex: 0
2019/03/23-01:55:20.879854 7f6bcce40700                            Options.rate_limiter: (nil)
2019/03/23-01:55:20.879867 7f6bcce40700     Options.sst_file_manager.rate_bytes_per_sec: 0
2019/03/23-01:55:20.879869 7f6bcce40700                       Options.wal_recovery_mode: 2
2019/03/23-01:55:20.879870 7f6bcce40700                  Options.enable_thread_tracking: 0
2019/03/23-01:55:20.879871 7f6bcce40700                  Options.enable_pipelined_write: 1
2019/03/23-01:55:20.879871 7f6bcce40700         Options.allow_concurrent_memtable_write: 1
2019/03/23-01:55:20.879872 7f6bcce40700      Options.enable_write_thread_adaptive_yield: 1
2019/03/23-01:55:20.879873 7f6bcce40700             Options.write_thread_max_yield_usec: 100
2019/03/23-01:55:20.879874 7f6bcce40700            Options.write_thread_slow_yield_usec: 3
2019/03/23-01:55:20.879875 7f6bcce40700                               Options.row_cache: None
2019/03/23-01:55:20.879876 7f6bcce40700                              Options.wal_filter: None
2019/03/23-01:55:20.879877 7f6bcce40700             Options.avoid_flush_during_recovery: 0
2019/03/23-01:55:20.879878 7f6bcce40700             Options.allow_ingest_behind: 0
2019/03/23-01:55:20.879878 7f6bcce40700             Options.preserve_deletes: 0
2019/03/23-01:55:20.879879 7f6bcce40700             Options.two_write_queues: 0
2019/03/23-01:55:20.879880 7f6bcce40700             Options.manual_wal_flush: 0
2019/03/23-01:55:20.879882 7f6bcce40700             Options.max_background_jobs: 24
2019/03/23-01:55:20.879883 7f6bcce40700             Options.max_background_compactions: 24
2019/03/23-01:55:20.879884 7f6bcce40700             Options.avoid_flush_during_shutdown: 0
2019/03/23-01:55:20.879884 7f6bcce40700           Options.writable_file_max_buffer_size: 1048576
2019/03/23-01:55:20.879885 7f6bcce40700             Options.delayed_write_rate : 16777216
2019/03/23-01:55:20.879886 7f6bcce40700             Options.max_total_wal_size: 0
2019/03/23-01:55:20.879887 7f6bcce40700             Options.delete_obsolete_files_period_micros: 21600000000
2019/03/23-01:55:20.879888 7f6bcce40700                   Options.stats_dump_period_sec: 60
2019/03/23-01:55:20.879889 7f6bcce40700                          Options.max_open_files: -1
2019/03/23-01:55:20.879890 7f6bcce40700                          Options.bytes_per_sync: 1048576
2019/03/23-01:55:20.879891 7f6bcce40700                      Options.wal_bytes_per_sync: 0
2019/03/23-01:55:20.879892 7f6bcce40700       Options.compaction_readahead_size: 0
2019/03/23-01:55:20.879893 7f6bcce40700 Compression algorithms supported:
2019/03/23-01:55:20.879894 7f6bcce40700 	kZSTDNotFinalCompression supported: 1
2019/03/23-01:55:20.879901 7f6bcce40700 	kZSTD supported: 1
2019/03/23-01:55:20.879902 7f6bcce40700 	kXpressCompression supported: 0
2019/03/23-01:55:20.879903 7f6bcce40700 	kLZ4HCCompression supported: 1
2019/03/23-01:55:20.879905 7f6bcce40700 	kLZ4Compression supported: 1
2019/03/23-01:55:20.879906 7f6bcce40700 	kBZip2Compression supported: 1
2019/03/23-01:55:20.879907 7f6bcce40700 	kZlibCompression supported: 1
2019/03/23-01:55:20.879908 7f6bcce40700 	kSnappyCompression supported: 1
2019/03/23-01:55:20.879911 7f6bcce40700 Fast CRC32 supported: Not supported on x86
2019/03/23-01:55:20.880356 7f6bcce40700 [db/version_set.cc:3085] Recovering from manifest file: MANIFEST-000004
2019/03/23-01:55:20.880464 7f6bcce40700 [db/column_family.cc:475] --------------- Options for column family [default]:
2019/03/23-01:55:20.880468 7f6bcce40700               Options.comparator: leveldb.BytewiseComparator
2019/03/23-01:55:20.880470 7f6bcce40700           Options.merge_operator: None
2019/03/23-01:55:20.880471 7f6bcce40700        Options.compaction_filter: None
2019/03/23-01:55:20.880472 7f6bcce40700        Options.compaction_filter_factory: None
2019/03/23-01:55:20.880472 7f6bcce40700         Options.memtable_factory: SkipListFactory
2019/03/23-01:55:20.880474 7f6bcce40700            Options.table_factory: BlockBasedTable
2019/03/23-01:55:20.880499 7f6bcce40700            table_factory options:   flush_block_policy_factory: FlushBlockBySizePolicyFactory (0x7f6b68401be0)
  cache_index_and_filter_blocks: 0
  cache_index_and_filter_blocks_with_high_priority: 0
  pin_l0_filter_and_index_blocks_in_cache: 0
  index_type: 0
  hash_index_allow_collision: 1
  checksum: 1
  no_block_cache: 0
  block_cache: 0x7f6b683f3ab0
  block_cache_name: LRUCache
  block_cache_options:
    capacity : 8388608
    num_shard_bits : 4
    strict_capacity_limit : 0
    high_pri_pool_ratio: 0.000
  block_cache_compressed: (nil)
  persistent_cache: (nil)
  block_size: 8192
  block_size_deviation: 10
  block_restart_interval: 16
  index_block_restart_interval: 1
  metadata_block_size: 4096
  partition_filters: 0
  use_delta_encoding: 1
  filter_policy: nullptr
  whole_key_filtering: 1
  verify_compression: 0
  read_amp_bytes_per_bit: 0
  format_version: 2
  enable_index_compression: 1
  block_align: 0
2019/03/23-01:55:20.880515 7f6bcce40700        Options.write_buffer_size: 134217728
2019/03/23-01:55:20.880517 7f6bcce40700  Options.max_write_buffer_number: 24
2019/03/23-01:55:20.880518 7f6bcce40700        Options.compression[0]: NoCompression
2019/03/23-01:55:20.880519 7f6bcce40700        Options.compression[1]: NoCompression
2019/03/23-01:55:20.880521 7f6bcce40700        Options.compression[2]: LZ4
2019/03/23-01:55:20.880522 7f6bcce40700        Options.compression[3]: LZ4
2019/03/23-01:55:20.880523 7f6bcce40700        Options.compression[4]: LZ4
2019/03/23-01:55:20.880524 7f6bcce40700        Options.compression[5]: LZ4
2019/03/23-01:55:20.880525 7f6bcce40700        Options.compression[6]: LZ4
2019/03/23-01:55:20.880526 7f6bcce40700                  Options.bottommost_compression: Disabled
2019/03/23-01:55:20.880527 7f6bcce40700       Options.prefix_extractor: nullptr
2019/03/23-01:55:20.880528 7f6bcce40700   Options.memtable_insert_with_hint_prefix_extractor: nullptr
2019/03/23-01:55:20.880528 7f6bcce40700             Options.num_levels: 7
2019/03/23-01:55:20.880529 7f6bcce40700        Options.min_write_buffer_number_to_merge: 2
2019/03/23-01:55:20.880530 7f6bcce40700     Options.max_write_buffer_number_to_maintain: 0
2019/03/23-01:55:20.880531 7f6bcce40700            Options.compression_opts.window_bits: -14
2019/03/23-01:55:20.880532 7f6bcce40700                  Options.compression_opts.level: -1
2019/03/23-01:55:20.880533 7f6bcce40700               Options.compression_opts.strategy: 0
2019/03/23-01:55:20.880534 7f6bcce40700         Options.compression_opts.max_dict_bytes: 0
2019/03/23-01:55:20.880535 7f6bcce40700         Options.compression_opts.zstd_max_train_bytes: 0
2019/03/23-01:55:20.880536 7f6bcce40700      Options.level0_file_num_compaction_trigger: 2
2019/03/23-01:55:20.880537 7f6bcce40700          Options.level0_slowdown_writes_trigger: 20
2019/03/23-01:55:20.880537 7f6bcce40700              Options.level0_stop_writes_trigger: 36
2019/03/23-01:55:20.880538 7f6bcce40700                   Options.target_file_size_base: 67108864
2019/03/23-01:55:20.880539 7f6bcce40700             Options.target_file_size_multiplier: 1
2019/03/23-01:55:20.880540 7f6bcce40700                Options.max_bytes_for_level_base: 536870912
2019/03/23-01:55:20.880541 7f6bcce40700 Options.level_compaction_dynamic_level_bytes: 0
2019/03/23-01:55:20.880542 7f6bcce40700          Options.max_bytes_for_level_multiplier: 10.000000
2019/03/23-01:55:20.880545 7f6bcce40700 Options.max_bytes_for_level_multiplier_addtl[0]: 1
2019/03/23-01:55:20.880546 7f6bcce40700 Options.max_bytes_for_level_multiplier_addtl[1]: 1
2019/03/23-01:55:20.880547 7f6bcce40700 Options.max_bytes_for_level_multiplier_addtl[2]: 1
2019/03/23-01:55:20.880548 7f6bcce40700 Options.max_bytes_for_level_multiplier_addtl[3]: 1
2019/03/23-01:55:20.880549 7f6bcce40700 Options.max_bytes_for_level_multiplier_addtl[4]: 1
2019/03/23-01:55:20.880550 7f6bcce40700 Options.max_bytes_for_level_multiplier_addtl[5]: 1
2019/03/23-01:55:20.880551 7f6bcce40700 Options.max_bytes_for_level_multiplier_addtl[6]: 1
2019/03/23-01:55:20.880552 7f6bcce40700       Options.max_sequential_skip_in_iterations: 8
2019/03/23-01:55:20.880552 7f6bcce40700                    Options.max_compaction_bytes: 1677721600
2019/03/23-01:55:20.880559 7f6bcce40700                        Options.arena_block_size: 16777216
2019/03/23-01:55:20.880561 7f6bcce40700   Options.soft_pending_compaction_bytes_limit: 68719476736
2019/03/23-01:55:20.880562 7f6bcce40700   Options.hard_pending_compaction_bytes_limit: 274877906944
2019/03/23-01:55:20.880563 7f6bcce40700       Options.rate_limit_delay_max_milliseconds: 100
2019/03/23-01:55:20.880564 7f6bcce40700                Options.disable_auto_compactions: 0
2019/03/23-01:55:20.880565 7f6bcce40700                        Options.compaction_style: kCompactionStyleLevel
2019/03/23-01:55:20.880566 7f6bcce40700                          Options.compaction_pri: kByCompensatedSize
2019/03/23-01:55:20.880567 7f6bcce40700 Options.compaction_options_universal.size_ratio: 1
2019/03/23-01:55:20.880568 7f6bcce40700 Options.compaction_options_universal.min_merge_width: 2
2019/03/23-01:55:20.880569 7f6bcce40700 Options.compaction_options_universal.max_merge_width: 4294967295
2019/03/23-01:55:20.880570 7f6bcce40700 Options.compaction_options_universal.max_size_amplification_percent: 200
2019/03/23-01:55:20.880571 7f6bcce40700 Options.compaction_options_universal.compression_size_percent: -1
2019/03/23-01:55:20.880572 7f6bcce40700 Options.compaction_options_universal.stop_style: kCompactionStopStyleTotalSize
2019/03/23-01:55:20.880573 7f6bcce40700 Options.compaction_options_fifo.max_table_files_size: 1073741824
2019/03/23-01:55:20.880574 7f6bcce40700 Options.compaction_options_fifo.allow_compaction: 0
2019/03/23-01:55:20.880575 7f6bcce40700 Options.compaction_options_fifo.ttl: 0
2019/03/23-01:55:20.880576 7f6bcce40700                   Options.table_properties_collectors: 
2019/03/23-01:55:20.880577 7f6bcce40700                   Options.inplace_update_support: 0
2019/03/23-01:55:20.880577 7f6bcce40700                 Options.inplace_update_num_locks: 10000
2019/03/23-01:55:20.880578 7f6bcce40700               Options.memtable_prefix_bloom_size_ratio: 0.000000
2019/03/23-01:55:20.880580 7f6bcce40700   Options.memtable_huge_page_size: 0
2019/03/23-01:55:20.880581 7f6bcce40700                           Options.bloom_locality: 0
2019/03/23-01:55:20.880582 7f6bcce40700                    Options.max_successive_merges: 0
2019/03/23-01:55:20.880582 7f6bcce40700                Options.optimize_filters_for_hits: 0
2019/03/23-01:55:20.880583 7f6bcce40700                Options.paranoid_file_checks: 0
2019/03/23-01:55:20.880584 7f6bcce40700                Options.force_consistency_checks: 0
2019/03/23-01:55:20.880585 7f6bcce40700                Options.report_bg_io_stats: 0
2019/03/23-01:55:20.880586 7f6bcce40700                               Options.ttl: 0
2019/03/23-01:55:20.881071 7f6bcce40700 [db/column_family.cc:475] --------------- Options for column family [usertable]:
2019/03/23-01:55:20.881074 7f6bcce40700               Options.comparator: leveldb.BytewiseComparator
2019/03/23-01:55:20.881075 7f6bcce40700           Options.merge_operator: None
2019/03/23-01:55:20.881076 7f6bcce40700        Options.compaction_filter: None
2019/03/23-01:55:20.881077 7f6bcce40700        Options.compaction_filter_factory: None
2019/03/23-01:55:20.881078 7f6bcce40700         Options.memtable_factory: SkipListFactory
2019/03/23-01:55:20.881079 7f6bcce40700            Options.table_factory: BlockBasedTable
2019/03/23-01:55:20.881105 7f6bcce40700            table_factory options:   flush_block_policy_factory: FlushBlockBySizePolicyFactory (0x7f6b683fe490)
  cache_index_and_filter_blocks: 0
  cache_index_and_filter_blocks_with_high_priority: 0
  pin_l0_filter_and_index_blocks_in_cache: 0
  index_type: 0
  hash_index_allow_collision: 1
  checksum: 1
  no_block_cache: 0
  block_cache: 0x7f6b68403480
  block_cache_name: LRUCache
  block_cache_options:
    capacity : 8388608
    num_shard_bits : 4
    strict_capacity_limit : 0
    high_pri_pool_ratio: 0.000
  block_cache_compressed: (nil)
  persistent_cache: (nil)
  block_size: 8192
  block_size_deviation: 10
  block_restart_interval: 16
  index_block_restart_interval: 1
  metadata_block_size: 4096
  partition_filters: 0
  use_delta_encoding: 1
  filter_policy: nullptr
  whole_key_filtering: 1
  verify_compression: 0
  read_amp_bytes_per_bit: 0
  format_version: 2
  enable_index_compression: 1
  block_align: 0
2019/03/23-01:55:20.881116 7f6bcce40700        Options.write_buffer_size: 134217728
2019/03/23-01:55:20.881118 7f6bcce40700  Options.max_write_buffer_number: 24
2019/03/23-01:55:20.881119 7f6bcce40700        Options.compression[0]: NoCompression
2019/03/23-01:55:20.881120 7f6bcce40700        Options.compression[1]: NoCompression
2019/03/23-01:55:20.881121 7f6bcce40700        Options.compression[2]: LZ4
2019/03/23-01:55:20.881122 7f6bcce40700        Options.compression[3]: LZ4
2019/03/23-01:55:20.881123 7f6bcce40700        Options.compression[4]: LZ4
2019/03/23-01:55:20.881124 7f6bcce40700        Options.compression[5]: LZ4
2019/03/23-01:55:20.881125 7f6bcce40700        Options.compression[6]: LZ4
2019/03/23-01:55:20.881126 7f6bcce40700                  Options.bottommost_compression: Disabled
2019/03/23-01:55:20.881127 7f6bcce40700       Options.prefix_extractor: nullptr
2019/03/23-01:55:20.881128 7f6bcce40700   Options.memtable_insert_with_hint_prefix_extractor: nullptr
2019/03/23-01:55:20.881129 7f6bcce40700             Options.num_levels: 7
2019/03/23-01:55:20.881130 7f6bcce40700        Options.min_write_buffer_number_to_merge: 2
2019/03/23-01:55:20.881131 7f6bcce40700     Options.max_write_buffer_number_to_maintain: 0
2019/03/23-01:55:20.881131 7f6bcce40700            Options.compression_opts.window_bits: -14
2019/03/23-01:55:20.881132 7f6bcce40700                  Options.compression_opts.level: -1
2019/03/23-01:55:20.881133 7f6bcce40700               Options.compression_opts.strategy: 0
2019/03/23-01:55:20.881134 7f6bcce40700         Options.compression_opts.max_dict_bytes: 0
2019/03/23-01:55:20.881135 7f6bcce40700         Options.compression_opts.zstd_max_train_bytes: 0
2019/03/23-01:55:20.881136 7f6bcce40700      Options.level0_file_num_compaction_trigger: 2
2019/03/23-01:55:20.881137 7f6bcce40700          Options.level0_slowdown_writes_trigger: 20
2019/03/23-01:55:20.881137 7f6bcce40700              Options.level0_stop_writes_trigger: 36
2019/03/23-01:55:20.881138 7f6bcce40700                   Options.target_file_size_base: 67108864
2019/03/23-01:55:20.881139 7f6bcce40700             Options.target_file_size_multiplier: 1
2019/03/23-01:55:20.881140 7f6bcce40700                Options.max_bytes_for_level_base: 536870912
2019/03/23-01:55:20.881141 7f6bcce40700 Options.level_compaction_dynamic_level_bytes: 0
2019/03/23-01:55:20.881142 7f6bcce40700          Options.max_bytes_for_level_multiplier: 10.000000
2019/03/23-01:55:20.881144 7f6bcce40700 Options.max_bytes_for_level_multiplier_addtl[0]: 1
2019/03/23-01:55:20.881145 7f6bcce40700 Options.max_bytes_for_level_multiplier_addtl[1]: 1
2019/03/23-01:55:20.881146 7f6bcce40700 Options.max_bytes_for_level_multiplier_addtl[2]: 1
2019/03/23-01:55:20.881147 7f6bcce40700 Options.max_bytes_for_level_multiplier_addtl[3]: 1
2019/03/23-01:55:20.881148 7f6bcce40700 Options.max_bytes_for_level_multiplier_addtl[4]: 1
2019/03/23-01:55:20.881148 7f6bcce40700 Options.max_bytes_for_level_multiplier_addtl[5]: 1
2019/03/23-01:55:20.881149 7f6bcce40700 Options.max_bytes_for_level_multiplier_addtl[6]: 1
2019/03/23-01:55:20.881150 7f6bcce40700       Options.max_sequential_skip_in_iterations: 8
2019/03/23-01:55:20.881151 7f6bcce40700                    Options.max_compaction_bytes: 1677721600
2019/03/23-01:55:20.881152 7f6bcce40700                        Options.arena_block_size: 16777216
2019/03/23-01:55:20.881153 7f6bcce40700   Options.soft_pending_compaction_bytes_limit: 68719476736
2019/03/23-01:55:20.881154 7f6bcce40700   Options.hard_pending_compaction_bytes_limit: 274877906944
2019/03/23-01:55:20.881155 7f6bcce40700       Options.rate_limit_delay_max_milliseconds: 100
2019/03/23-01:55:20.881155 7f6bcce40700                Options.disable_auto_compactions: 0
2019/03/23-01:55:20.881156 7f6bcce40700                        Options.compaction_style: kCompactionStyleLevel
2019/03/23-01:55:20.881163 7f6bcce40700                          Options.compaction_pri: kByCompensatedSize
2019/03/23-01:55:20.881164 7f6bcce40700 Options.compaction_options_universal.size_ratio: 1
2019/03/23-01:55:20.881165 7f6bcce40700 Options.compaction_options_universal.min_merge_width: 2
2019/03/23-01:55:20.881166 7f6bcce40700 Options.compaction_options_universal.max_merge_width: 4294967295
2019/03/23-01:55:20.881167 7f6bcce40700 Options.compaction_options_universal.max_size_amplification_percent: 200
2019/03/23-01:55:20.881168 7f6bcce40700 Options.compaction_options_universal.compression_size_percent: -1
2019/03/23-01:55:20.881169 7f6bcce40700 Options.compaction_options_universal.stop_style: kCompactionStopStyleTotalSize
2019/03/23-01:55:20.881170 7f6bcce40700 Options.compaction_options_fifo.max_table_files_size: 1073741824
2019/03/23-01:55:20.881171 7f6bcce40700 Options.compaction_options_fifo.allow_compaction: 0
2019/03/23-01:55:20.881171 7f6bcce40700 Options.compaction_options_fifo.ttl: 0
2019/03/23-01:55:20.881172 7f6bcce40700                   Options.table_properties_collectors: 
2019/03/23-01:55:20.881173 7f6bcce40700                   Options.inplace_update_support: 0
2019/03/23-01:55:20.881174 7f6bcce40700                 Options.inplace_update_num_locks: 10000
2019/03/23-01:55:20.881175 7f6bcce40700               Options.memtable_prefix_bloom_size_ratio: 0.000000
2019/03/23-01:55:20.881176 7f6bcce40700   Options.memtable_huge_page_size: 0
2019/03/23-01:55:20.881177 7f6bcce40700                           Options.bloom_locality: 0
2019/03/23-01:55:20.881178 7f6bcce40700                    Options.max_successive_merges: 0
2019/03/23-01:55:20.881179 7f6bcce40700                Options.optimize_filters_for_hits: 0
2019/03/23-01:55:20.881180 7f6bcce40700                Options.paranoid_file_checks: 0
2019/03/23-01:55:20.881181 7f6bcce40700                Options.force_consistency_checks: 0
2019/03/23-01:55:20.881181 7f6bcce40700                Options.report_bg_io_stats: 0
2019/03/23-01:55:20.881182 7f6bcce40700                               Options.ttl: 0
2019/03/23-01:55:22.126611 7f6bcce40700 [db/version_set.cc:3361] Recovered from manifest file:/mnt/sdf/ycsb-rocksdb-data/MANIFEST-000004 succeeded,manifest_file_number is 4, next_file_number is 1343, last_sequence is 10411498, log_number is 0,prev_log_number is 0,max_column_family is 1,min_log_number_to_keep is 0
2019/03/23-01:55:22.126626 7f6bcce40700 [db/version_set.cc:3369] Column family [default] (ID 0), log number is 0
2019/03/23-01:55:22.126630 7f6bcce40700 [db/version_set.cc:3369] Column family [usertable] (ID 1), log number is 1336
2019/03/23-01:55:22.129536 7f6bcce40700 EVENT_LOG_v1 {"time_micros": 1553331322129511, "job": 1, "event": "recovery_started", "log_files": [1336, 1342]}
2019/03/23-01:55:22.129550 7f6bcce40700 [db/db_impl_open.cc:551] Recovering log #1336 mode 2
2019/03/23-01:55:22.501707 7f6bcce40700 [db/db_impl_open.cc:551] Recovering log #1342 mode 2
2019/03/23-01:55:23.073446 7f6bcce40700 EVENT_LOG_v1 {"time_micros": 1553331323073416, "cf_name": "usertable", "job": 1, "event": "table_file_creation", "file_number": 1343, "file_size": 129895353, "table_properties": {"data_size": 129317909, "index_size": 576522, "filter_size": 0, "raw_key_size": 752760, "raw_average_key_size": 24, "raw_value_size": 128471040, "raw_average_value_size": 4096, "num_data_blocks": 15683, "num_entries": 31365, "filter_policy_name": "", "kDeletedKeys": "0", "kMergeOperands": "0"}}
2019/03/23-01:55:23.304000 7f6bcce40700 [db/version_set.cc:2847] Creating manifest 1344
2019/03/23-01:55:23.743300 7f6bcce40700 EVENT_LOG_v1 {"time_micros": 1553331323743271, "cf_name": "usertable", "job": 1, "event": "table_file_creation", "file_number": 1345, "file_size": 75850123, "table_properties": {"data_size": 75510656, "index_size": 338545, "filter_size": 0, "raw_key_size": 439536, "raw_average_key_size": 24, "raw_value_size": 75014144, "raw_average_value_size": 4096, "num_data_blocks": 9157, "num_entries": 18314, "filter_policy_name": "", "kDeletedKeys": "0", "kMergeOperands": "0"}}
2019/03/23-01:55:23.846929 7f6bcce40700 EVENT_LOG_v1 {"time_micros": 1553331323846917, "job": 1, "event": "recovery_finished"}
2019/03/23-01:55:24.048469 7f6bcce40700 [db/db_impl_open.cc:1219] DB pointer 0x7f6b683f5c70
2019/03/23-01:55:24.050650 7f6b63fff700 [WARN] [db/db_impl.cc:491] ------- DUMPING STATS -------
2019/03/23-01:55:24.050727 7f6b63fff700 [WARN] [db/db_impl.cc:492] 
** DB Stats **
Uptime(secs): 3.2 total, 3.2 interval
Cumulative writes: 0 writes, 0 keys, 0 commit groups, 0.0 writes per commit group, ingest: 0.00 GB, 0.00 MB/s
Cumulative WAL: 0 writes, 0 syncs, 0.00 writes per sync, written: 0.00 GB, 0.00 MB/s
Cumulative stall: 00:00:0.000 H:M:S, 0.0 percent
Interval writes: 0 writes, 0 keys, 0 commit groups, 0.0 writes per commit group, ingest: 0.00 MB, 0.00 MB/s
Interval WAL: 0 writes, 0 syncs, 0.00 writes per sync, written: 0.00 MB, 0.00 MB/s
Interval stall: 00:00:0.000 H:M:S, 0.0 percent

** Compaction Stats [default] **
Level    Files   Size     Score Read(GB)  Rn(GB) Rnp1(GB) Write(GB) Wnew(GB) Moved(GB) W-Amp Rd(MB/s) Wr(MB/s) Comp(sec) Comp(cnt) Avg(sec) KeyIn KeyDrop
----------------------------------------------------------------------------------------------------------------------------------------------------------
 Sum      0/0    0.00 KB   0.0      0.0     0.0      0.0       0.0      0.0       0.0   0.0      0.0      0.0         0         0    0.000       0      0
 Int      0/0    0.00 KB   0.0      0.0     0.0      0.0       0.0      0.0       0.0   0.0      0.0      0.0         0         0    0.000       0      0
Uptime(secs): 3.2 total, 3.2 interval
Flush(GB): cumulative 0.000, interval 0.000
AddFile(GB): cumulative 0.000, interval 0.000
AddFile(Total Files): cumulative 0, interval 0
AddFile(L0 Files): cumulative 0, interval 0
AddFile(Keys): cumulative 0, interval 0
Cumulative compaction: 0.00 GB write, 0.00 MB/s write, 0.00 GB read, 0.00 MB/s read, 0.0 seconds
Interval compaction: 0.00 GB write, 0.00 MB/s write, 0.00 GB read, 0.00 MB/s read, 0.0 seconds
Stalls(count): 0 level0_slowdown, 0 level0_slowdown_with_compaction, 0 level0_numfiles, 0 level0_numfiles_with_compaction, 0 stop for pending_compaction_bytes, 0 slowdown for pending_compaction_bytes, 0 memtable_compaction, 0 memtable_slowdown, interval 0 total count

** File Read Latency Histogram By Level [default] **

** Compaction Stats [usertable] **
Level    Files   Size     Score Read(GB)  Rn(GB) Rnp1(GB) Write(GB) Wnew(GB) Moved(GB) W-Amp Rd(MB/s) Wr(MB/s) Comp(sec) Comp(cnt) Avg(sec) KeyIn KeyDrop
----------------------------------------------------------------------------------------------------------------------------------------------------------
  L0      3/0   375.49 MB   1.5      0.0     0.0      0.0       0.2      0.2       0.0   1.0      0.0    220.6         1         2    0.445       0      0
  L1      2/0   376.99 MB   0.7      0.0     0.0      0.0       0.0      0.0       0.0   0.0      0.0      0.0         0         0    0.000       0      0
  L2    169/0    4.94 GB   1.0      0.0     0.0      0.0       0.0      0.0       0.0   0.0      0.0      0.0         0         0    0.000       0      0
  L3    551/0   34.50 GB   0.7      0.0     0.0      0.0       0.0      0.0       0.0   0.0      0.0      0.0         0         0    0.000       0      0
 Sum    725/0   40.18 GB   0.0      0.0     0.0      0.0       0.2      0.2       0.0   1.0      0.0    220.6         1         2    0.445       0      0
 Int      0/0    0.00 KB   0.0      0.0     0.0      0.0       0.2      0.2       0.0   1.0      0.0    220.6         1         2    0.445       0      0
Uptime(secs): 3.2 total, 3.2 interval
Flush(GB): cumulative 0.192, interval 0.192
AddFile(GB): cumulative 0.000, interval 0.000
AddFile(Total Files): cumulative 0, interval 0
AddFile(L0 Files): cumulative 0, interval 0
AddFile(Keys): cumulative 0, interval 0
Cumulative compaction: 0.19 GB write, 61.91 MB/s write, 0.00 GB read, 0.00 MB/s read, 0.9 seconds
Interval compaction: 0.19 GB write, 61.91 MB/s write, 0.00 GB read, 0.00 MB/s read, 0.9 seconds
Stalls(count): 0 level0_slowdown, 0 level0_slowdown_with_compaction, 0 level0_numfiles, 0 level0_numfiles_with_compaction, 0 stop for pending_compaction_bytes, 0 slowdown for pending_compaction_bytes, 0 memtable_compaction, 0 memtable_slowdown, interval 0 total count

** File Read Latency Histogram By Level [usertable] **

** Compaction Stats [default] **
Level    Files   Size     Score Read(GB)  Rn(GB) Rnp1(GB) Write(GB) Wnew(GB) Moved(GB) W-Amp Rd(MB/s) Wr(MB/s) Comp(sec) Comp(cnt) Avg(sec) KeyIn KeyDrop
----------------------------------------------------------------------------------------------------------------------------------------------------------
 Sum      0/0    0.00 KB   0.0      0.0     0.0      0.0       0.0      0.0       0.0   0.0      0.0      0.0         0         0    0.000       0      0
 Int      0/0    0.00 KB   0.0      0.0     0.0      0.0       0.0      0.0       0.0   0.0      0.0      0.0         0         0    0.000       0      0
Uptime(secs): 3.2 total, 0.0 interval
Flush(GB): cumulative 0.000, interval 0.000
AddFile(GB): cumulative 0.000, interval 0.000
AddFile(Total Files): cumulative 0, interval 0
AddFile(L0 Files): cumulative 0, interval 0
AddFile(Keys): cumulative 0, interval 0
Cumulative compaction: 0.00 GB write, 0.00 MB/s write, 0.00 GB read, 0.00 MB/s read, 0.0 seconds
Interval compaction: 0.00 GB write, 0.00 MB/s write, 0.00 GB read, 0.00 MB/s read, 0.0 seconds
Stalls(count): 0 level0_slowdown, 0 level0_slowdown_with_compaction, 0 level0_numfiles, 0 level0_numfiles_with_compaction, 0 stop for pending_compaction_bytes, 0 slowdown for pending_compaction_bytes, 0 memtable_compaction, 0 memtable_slowdown, interval 0 total count

** File Read Latency Histogram By Level [default] **

** Compaction Stats [usertable] **
Level    Files   Size     Score Read(GB)  Rn(GB) Rnp1(GB) Write(GB) Wnew(GB) Moved(GB) W-Amp Rd(MB/s) Wr(MB/s) Comp(sec) Comp(cnt) Avg(sec) KeyIn KeyDrop
----------------------------------------------------------------------------------------------------------------------------------------------------------
  L0      3/0   375.49 MB   1.5      0.0     0.0      0.0       0.2      0.2       0.0   1.0      0.0    220.6         1         2    0.445       0      0
  L1      2/0   376.99 MB   0.7      0.0     0.0      0.0       0.0      0.0       0.0   0.0      0.0      0.0         0         0    0.000       0      0
  L2    169/0    4.94 GB   1.0      0.0     0.0      0.0       0.0      0.0       0.0   0.0      0.0      0.0         0         0    0.000       0      0
  L3    551/0   34.50 GB   0.7      0.0     0.0      0.0       0.0      0.0       0.0   0.0      0.0      0.0         0         0    0.000       0      0
 Sum    725/0   40.18 GB   0.0      0.0     0.0      0.0       0.2      0.2       0.0   1.0      0.0    220.6         1         2    0.445       0      0
 Int      0/0    0.00 KB   0.0      0.0     0.0      0.0       0.0      0.0       0.0   0.0      0.0      0.0         0         0    0.000       0      0
Uptime(secs): 3.2 total, 0.0 interval
Flush(GB): cumulative 0.192, interval 0.000
AddFile(GB): cumulative 0.000, interval 0.000
AddFile(Total Files): cumulative 0, interval 0
AddFile(L0 Files): cumulative 0, interval 0
AddFile(Keys): cumulative 0, interval 0
Cumulative compaction: 0.19 GB write, 61.91 MB/s write, 0.00 GB read, 0.00 MB/s read, 0.9 seconds
Interval compaction: 0.00 GB write, 0.00 MB/s write, 0.00 GB read, 0.00 MB/s read, 0.0 seconds
Stalls(count): 0 level0_slowdown, 0 level0_slowdown_with_compaction, 0 level0_numfiles, 0 level0_numfiles_with_compaction, 0 stop for pending_compaction_bytes, 0 slowdown for pending_compaction_bytes, 0 memtable_compaction, 0 memtable_slowdown, interval 0 total count

** File Read Latency Histogram By Level [usertable] **
2019/03/23-01:55:24.147122 7f6b63fff700 (Original Log Time 2019/03/23-01:55:24.050935) [db/db_impl_compaction_flush.cc:1835] [usertable] Moving #405 to level-1 187982478 bytes
2019/03/23-01:55:24.147127 7f6b63fff700 (Original Log Time 2019/03/23-01:55:24.147016) EVENT_LOG_v1 {"time_micros": 1553331324146997, "job": 3, "event": "trivial_move", "destination_level": 1, "files": 1, "total_files_size": 187982478}
2019/03/23-01:55:24.147129 7f6b63fff700 (Original Log Time 2019/03/23-01:55:24.147031) [db/db_impl_compaction_flush.cc:1864] [usertable] Moved #1 files to level-1 187982478 bytes OK: base level 1 max bytes base 536870912 files[2 3 169 551 0 0 0] max score 1.09
2019/03/23-01:55:24.147241 7f6b63fff700 [db/compaction_job.cc:1531] [usertable] [JOB 4] Compacting 1@1 files to L2, score 1.09
2019/03/23-01:55:24.147250 7f6b63fff700 [db/compaction_job.cc:1535] [usertable] Compaction start summary: Base version 6 Base level 1, inputs: [356(191MB)]
2019/03/23-01:55:24.147283 7f6b63fff700 EVENT_LOG_v1 {"time_micros": 1553331324147259, "job": 4, "event": "compaction_started", "compaction_reason": "LevelMaxLevelSize", "files_L1": [356], "score": 1.08645, "input_data_size": 200334566}
2019/03/23-01:55:25.459384 7f6b63fff700 [db/compaction_job.cc:1211] [usertable] [JOB 4] Generated table #1349: 16279 keys, 67233575 bytes
2019/03/23-01:55:25.459448 7f6b63fff700 EVENT_LOG_v1 {"time_micros": 1553331325459415, "cf_name": "usertable", "job": 4, "event": "table_file_creation", "file_number": 1349, "file_size": 67233575, "table_properties": {"data_size": 67120139, "index_size": 300916, "filter_size": 0, "raw_key_size": 390696, "raw_average_key_size": 24, "raw_value_size": 66678784, "raw_average_value_size": 4096, "num_data_blocks": 8140, "num_entries": 16279, "filter_policy_name": "", "kDeletedKeys": "0", "kMergeOperands": "0"}}
2019/03/23-01:55:26.358343 7f6b63fff700 [db/compaction_job.cc:1211] [usertable] [JOB 4] Generated table #1350: 16279 keys, 67233367 bytes
2019/03/23-01:55:26.358405 7f6b63fff700 EVENT_LOG_v1 {"time_micros": 1553331326358375, "cf_name": "usertable", "job": 4, "event": "table_file_creation", "file_number": 1350, "file_size": 67233367, "table_properties": {"data_size": 67118331, "index_size": 299109, "filter_size": 0, "raw_key_size": 390696, "raw_average_key_size": 24, "raw_value_size": 66678784, "raw_average_value_size": 4096, "num_data_blocks": 8140, "num_entries": 16279, "filter_policy_name": "", "kDeletedKeys": "0", "kMergeOperands": "0"}}
2019/03/23-01:55:27.144594 7f6b63fff700 [db/compaction_job.cc:1211] [usertable] [JOB 4] Generated table #1351: 15813 keys, 65308985 bytes
2019/03/23-01:55:27.144658 7f6b63fff700 EVENT_LOG_v1 {"time_micros": 1553331327144627, "cf_name": "usertable", "job": 4, "event": "table_file_creation", "file_number": 1351, "file_size": 65308985, "table_properties": {"data_size": 65198771, "index_size": 292295, "filter_size": 0, "raw_key_size": 379512, "raw_average_key_size": 24, "raw_value_size": 64770048, "raw_average_value_size": 4096, "num_data_blocks": 7907, "num_entries": 15813, "filter_policy_name": "", "kDeletedKeys": "0", "kMergeOperands": "0"}}
2019/03/23-01:55:27.144745 7f6b63fff700 [db/compaction_job.cc:1287] [usertable] [JOB 4] Compacted 1@1 files to L2 => 199775927 bytes
2019/03/23-01:55:27.222764 7f6b63fff700 (Original Log Time 2019/03/23-01:55:27.222560) [db/compaction_job.cc:685] [usertable] compacted to: base level 1 max bytes base 536870912 files[2 2 172 551 0 0 0] max score 1.03, MB/sec: 66.8 rd, 66.6 wr, level 2, files in(1, 0) out(3) MB in(191.1, 0.0) out(190.5), read-write-amplify(2.0) write-amplify(1.0) OK, records in: 48371, records dropped: 0 output_compression: LZ4
2019/03/23-01:55:27.222776 7f6b63fff700 (Original Log Time 2019/03/23-01:55:27.222631) EVENT_LOG_v1 {"time_micros": 1553331327222605, "job": 4, "event": "compaction_finished", "compaction_time_micros": 2997408, "output_level": 2, "num_output_files": 3, "total_output_size": 199775927, "num_input_records": 48371, "num_output_records": 48371, "num_subcompactions": 1, "output_compression": "LZ4", "num_single_delete_mismatches": 0, "num_single_delete_fallthrough": 0, "lsm_state": [2, 2, 172, 551, 0, 0, 0]}
2019/03/23-01:55:27.306084 7f6b63fff700 (Original Log Time 2019/03/23-01:55:27.222998) [db/db_impl_compaction_flush.cc:1835] [usertable] Moving #1349 to level-3 67233575 bytes
2019/03/23-01:55:27.306089 7f6b63fff700 (Original Log Time 2019/03/23-01:55:27.306011) EVENT_LOG_v1 {"time_micros": 1553331327305997, "job": 5, "event": "trivial_move", "destination_level": 3, "files": 1, "total_files_size": 67233575}
2019/03/23-01:55:27.306091 7f6b63fff700 (Original Log Time 2019/03/23-01:55:27.306028) [db/db_impl_compaction_flush.cc:1864] [usertable] Moved #1 files to level-3 67233575 bytes OK: base level 1 max bytes base 536870912 files[2 2 171 552 0 0 0] max score 1.01
2019/03/23-01:55:27.325142 7f6b63fff700 EVENT_LOG_v1 {"time_micros": 1553331327325129, "job": 5, "event": "table_file_deletion", "file_number": 356}
2019/03/23-01:55:27.405104 7f6b627fc700 (Original Log Time 2019/03/23-01:55:27.325398) [db/db_impl_compaction_flush.cc:1835] [usertable] Moving #1350 to level-3 67233367 bytes
2019/03/23-01:55:27.405112 7f6b627fc700 (Original Log Time 2019/03/23-01:55:27.405013) EVENT_LOG_v1 {"time_micros": 1553331327405001, "job": 6, "event": "trivial_move", "destination_level": 3, "files": 1, "total_files_size": 67233367}
2019/03/23-01:55:27.405115 7f6b627fc700 (Original Log Time 2019/03/23-01:55:27.405030) [db/db_impl_compaction_flush.cc:1864] [usertable] Moved #1 files to level-3 67233367 bytes OK: base level 1 max bytes base 536870912 files[2 2 170 553 0 0 0] max score 1.00
2019/03/23-01:55:27.491367 7f6b627fc700 (Original Log Time 2019/03/23-01:55:27.405375) [db/db_impl_compaction_flush.cc:1835] [usertable] Moving #799 to level-3 67233325 bytes
2019/03/23-01:55:27.491374 7f6b627fc700 (Original Log Time 2019/03/23-01:55:27.491248) EVENT_LOG_v1 {"time_micros": 1553331327491234, "job": 7, "event": "trivial_move", "destination_level": 3, "files": 1, "total_files_size": 67233325}
2019/03/23-01:55:27.491378 7f6b627fc700 (Original Log Time 2019/03/23-01:55:27.491267) [db/db_impl_compaction_flush.cc:1864] [usertable] Moved #1 files to level-3 67233325 bytes OK: base level 1 max bytes base 536870912 files[2 2 169 554 0 0 0] max score 1.00
2019/03/23-01:55:27.582426 7f6b627fc700 (Original Log Time 2019/03/23-01:55:27.491651) [db/db_impl_compaction_flush.cc:1835] [usertable] Moving #1343 to level-1 129895353 bytes
2019/03/23-01:55:27.582433 7f6b627fc700 (Original Log Time 2019/03/23-01:55:27.582327) EVENT_LOG_v1 {"time_micros": 1553331327582315, "job": 8, "event": "trivial_move", "destination_level": 1, "files": 1, "total_files_size": 129895353}
2019/03/23-01:55:27.582436 7f6b627fc700 (Original Log Time 2019/03/23-01:55:27.582354) [db/db_impl_compaction_flush.cc:1864] [usertable] Moved #1 files to level-1 129895353 bytes OK: base level 1 max bytes base 536870912 files[1 3 169 554 0 0 0] max score 0.99
2019/03/23-01:55:32.093576 7f6b606f7700 [db/db_impl_write.cc:1373] [usertable] New memtable created with log file: #1352. Immutable memtables: 0.
2019/03/23-01:55:37.121121 7f6b841fa700 [db/db_impl_write.cc:1373] [usertable] New memtable created with log file: #1353. Immutable memtables: 1.
2019/03/23-01:55:37.121288 7f6b0a7fc700 [db/db_impl_compaction_flush.cc:80] [JOB 9] Syncing log #1346
