2018/11/28-11:14:37.378254 7fcf354e9700 RocksDB version: 5.14.3
2018/11/28-11:14:37.378306 7fcf354e9700 Git sha rocksdb_build_git_sha:
2018/11/28-11:14:37.378309 7fcf354e9700 Compile date Nov 22 2018
2018/11/28-11:14:37.378313 7fcf354e9700 DB SUMMARY
2018/11/28-11:14:37.378333 7fcf354e9700 SST files in /mnt/sda/ycsb-rocksdb-data dir, Total Num: 0, files: 
2018/11/28-11:14:37.378335 7fcf354e9700 Write Ahead Log file in /mnt/sda/ycsb-rocksdb-data: 
2018/11/28-11:14:37.378338 7fcf354e9700                         Options.error_if_exists: 0
2018/11/28-11:14:37.378339 7fcf354e9700                       Options.create_if_missing: 1
2018/11/28-11:14:37.378340 7fcf354e9700                         Options.paranoid_checks: 1
2018/11/28-11:14:37.378341 7fcf354e9700                                     Options.env: 0x7fcf24ff72c0
2018/11/28-11:14:37.378342 7fcf354e9700                                Options.info_log: 0x7fce803badb0
2018/11/28-11:14:37.378343 7fcf354e9700                Options.max_file_opening_threads: 16
2018/11/28-11:14:37.378344 7fcf354e9700                              Options.statistics: (nil)
2018/11/28-11:14:37.378345 7fcf354e9700                               Options.use_fsync: 0
2018/11/28-11:14:37.378346 7fcf354e9700                       Options.max_log_file_size: 0
2018/11/28-11:14:37.378347 7fcf354e9700                  Options.max_manifest_file_size: 18446744073709551615
2018/11/28-11:14:37.378348 7fcf354e9700                   Options.log_file_time_to_roll: 0
2018/11/28-11:14:37.378349 7fcf354e9700                       Options.keep_log_file_num: 1000
2018/11/28-11:14:37.378350 7fcf354e9700                    Options.recycle_log_file_num: 0
2018/11/28-11:14:37.378351 7fcf354e9700                         Options.allow_fallocate: 1
2018/11/28-11:14:37.378352 7fcf354e9700                        Options.allow_mmap_reads: 0
2018/11/28-11:14:37.378353 7fcf354e9700                       Options.allow_mmap_writes: 0
2018/11/28-11:14:37.378354 7fcf354e9700                        Options.use_direct_reads: 0
2018/11/28-11:14:37.378355 7fcf354e9700                        Options.use_direct_io_for_flush_and_compaction: 0
2018/11/28-11:14:37.378356 7fcf354e9700          Options.create_missing_column_families: 1
2018/11/28-11:14:37.378357 7fcf354e9700                              Options.db_log_dir: 
2018/11/28-11:14:37.378358 7fcf354e9700                                 Options.wal_dir: /mnt/sda/ycsb-rocksdb-data
2018/11/28-11:14:37.378359 7fcf354e9700                Options.table_cache_numshardbits: 6
2018/11/28-11:14:37.378360 7fcf354e9700                      Options.max_subcompactions: 4
2018/11/28-11:14:37.378361 7fcf354e9700                  Options.max_background_flushes: 24
2018/11/28-11:14:37.378362 7fcf354e9700                         Options.WAL_ttl_seconds: 0
2018/11/28-11:14:37.378363 7fcf354e9700                       Options.WAL_size_limit_MB: 0
2018/11/28-11:14:37.378364 7fcf354e9700             Options.manifest_preallocation_size: 4194304
2018/11/28-11:14:37.378365 7fcf354e9700                     Options.is_fd_close_on_exec: 1
2018/11/28-11:14:37.378366 7fcf354e9700                   Options.advise_random_on_open: 1
2018/11/28-11:14:37.378367 7fcf354e9700                    Options.db_write_buffer_size: 0
2018/11/28-11:14:37.378368 7fcf354e9700                    Options.write_buffer_manager: 0x7fce803b6d00
2018/11/28-11:14:37.378369 7fcf354e9700         Options.access_hint_on_compaction_start: 1
2018/11/28-11:14:37.378369 7fcf354e9700  Options.new_table_reader_for_compaction_inputs: 0
2018/11/28-11:14:37.378370 7fcf354e9700           Options.random_access_max_buffer_size: 1048576
2018/11/28-11:14:37.378372 7fcf354e9700                      Options.use_adaptive_mutex: 0
2018/11/28-11:14:37.378372 7fcf354e9700                            Options.rate_limiter: (nil)
2018/11/28-11:14:37.378374 7fcf354e9700     Options.sst_file_manager.rate_bytes_per_sec: 0
2018/11/28-11:14:37.378375 7fcf354e9700                       Options.wal_recovery_mode: 2
2018/11/28-11:14:37.378376 7fcf354e9700                  Options.enable_thread_tracking: 0
2018/11/28-11:14:37.378377 7fcf354e9700                  Options.enable_pipelined_write: 1
2018/11/28-11:14:37.378390 7fcf354e9700         Options.allow_concurrent_memtable_write: 1
2018/11/28-11:14:37.378392 7fcf354e9700      Options.enable_write_thread_adaptive_yield: 1
2018/11/28-11:14:37.378393 7fcf354e9700             Options.write_thread_max_yield_usec: 100
2018/11/28-11:14:37.378394 7fcf354e9700            Options.write_thread_slow_yield_usec: 3
2018/11/28-11:14:37.378395 7fcf354e9700                               Options.row_cache: None
2018/11/28-11:14:37.378396 7fcf354e9700                              Options.wal_filter: None
2018/11/28-11:14:37.378397 7fcf354e9700             Options.avoid_flush_during_recovery: 0
2018/11/28-11:14:37.378398 7fcf354e9700             Options.allow_ingest_behind: 0
2018/11/28-11:14:37.378399 7fcf354e9700             Options.preserve_deletes: 0
2018/11/28-11:14:37.378400 7fcf354e9700             Options.two_write_queues: 0
2018/11/28-11:14:37.378401 7fcf354e9700             Options.manual_wal_flush: 0
2018/11/28-11:14:37.378403 7fcf354e9700             Options.max_background_jobs: 24
2018/11/28-11:14:37.378404 7fcf354e9700             Options.max_background_compactions: 24
2018/11/28-11:14:37.378405 7fcf354e9700             Options.avoid_flush_during_shutdown: 0
2018/11/28-11:14:37.378406 7fcf354e9700           Options.writable_file_max_buffer_size: 1048576
2018/11/28-11:14:37.378407 7fcf354e9700             Options.delayed_write_rate : 16777216
2018/11/28-11:14:37.378408 7fcf354e9700             Options.max_total_wal_size: 0
2018/11/28-11:14:37.378409 7fcf354e9700             Options.delete_obsolete_files_period_micros: 21600000000
2018/11/28-11:14:37.378410 7fcf354e9700                   Options.stats_dump_period_sec: 60
2018/11/28-11:14:37.378411 7fcf354e9700                          Options.max_open_files: -1
2018/11/28-11:14:37.378412 7fcf354e9700                          Options.bytes_per_sync: 1048576
2018/11/28-11:14:37.378413 7fcf354e9700                      Options.wal_bytes_per_sync: 0
2018/11/28-11:14:37.378414 7fcf354e9700       Options.compaction_readahead_size: 0
2018/11/28-11:14:37.378415 7fcf354e9700 Compression algorithms supported:
2018/11/28-11:14:37.378416 7fcf354e9700 	kZSTDNotFinalCompression supported: 1
2018/11/28-11:14:37.378423 7fcf354e9700 	kZSTD supported: 1
2018/11/28-11:14:37.378425 7fcf354e9700 	kXpressCompression supported: 0
2018/11/28-11:14:37.378426 7fcf354e9700 	kLZ4HCCompression supported: 1
2018/11/28-11:14:37.378427 7fcf354e9700 	kLZ4Compression supported: 1
2018/11/28-11:14:37.378428 7fcf354e9700 	kBZip2Compression supported: 1
2018/11/28-11:14:37.378429 7fcf354e9700 	kZlibCompression supported: 1
2018/11/28-11:14:37.378430 7fcf354e9700 	kSnappyCompression supported: 1
2018/11/28-11:14:37.378434 7fcf354e9700 Fast CRC32 supported: Supported on x86
2018/11/28-11:14:37.378501 7fcf354e9700 [db/db_impl_open.cc:222] Creating manifest 1 
2018/11/28-11:14:37.479342 7fcf354e9700 [db/version_set.cc:3085] Recovering from manifest file: MANIFEST-000001
2018/11/28-11:14:37.479425 7fcf354e9700 [db/column_family.cc:475] --------------- Options for column family [default]:
2018/11/28-11:14:37.479428 7fcf354e9700               Options.comparator: leveldb.BytewiseComparator
2018/11/28-11:14:37.479430 7fcf354e9700           Options.merge_operator: None
2018/11/28-11:14:37.479431 7fcf354e9700        Options.compaction_filter: None
2018/11/28-11:14:37.479432 7fcf354e9700        Options.compaction_filter_factory: None
2018/11/28-11:14:37.479433 7fcf354e9700         Options.memtable_factory: SkipListFactory
2018/11/28-11:14:37.479434 7fcf354e9700            Options.table_factory: BlockBasedTable
2018/11/28-11:14:37.479462 7fcf354e9700            table_factory options:   flush_block_policy_factory: FlushBlockBySizePolicyFactory (0x7fce8037c2b0)
  cache_index_and_filter_blocks: 0
  cache_index_and_filter_blocks_with_high_priority: 0
  pin_l0_filter_and_index_blocks_in_cache: 0
  index_type: 0
  hash_index_allow_collision: 1
  checksum: 1
  no_block_cache: 0
  block_cache: 0x7fce80388430
  block_cache_name: LRUCache
  block_cache_options:
    capacity : 8388608
    num_shard_bits : 4
    strict_capacity_limit : 0
    high_pri_pool_ratio: 0.000
  block_cache_compressed: (nil)
  persistent_cache: (nil)
  block_size: 8192
  block_size_deviation: 10
  block_restart_interval: 16
  index_block_restart_interval: 1
  metadata_block_size: 4096
  partition_filters: 0
  use_delta_encoding: 1
  filter_policy: nullptr
  whole_key_filtering: 1
  verify_compression: 0
  read_amp_bytes_per_bit: 0
  format_version: 2
  enable_index_compression: 1
  block_align: 0
2018/11/28-11:14:37.479478 7fcf354e9700        Options.write_buffer_size: 134217728
2018/11/28-11:14:37.479480 7fcf354e9700  Options.max_write_buffer_number: 24
2018/11/28-11:14:37.479481 7fcf354e9700        Options.compression[0]: NoCompression
2018/11/28-11:14:37.479482 7fcf354e9700        Options.compression[1]: NoCompression
2018/11/28-11:14:37.479484 7fcf354e9700        Options.compression[2]: LZ4
2018/11/28-11:14:37.479485 7fcf354e9700        Options.compression[3]: LZ4
2018/11/28-11:14:37.479486 7fcf354e9700        Options.compression[4]: LZ4
2018/11/28-11:14:37.479487 7fcf354e9700        Options.compression[5]: LZ4
2018/11/28-11:14:37.479488 7fcf354e9700        Options.compression[6]: LZ4
2018/11/28-11:14:37.479489 7fcf354e9700                  Options.bottommost_compression: Disabled
2018/11/28-11:14:37.479490 7fcf354e9700       Options.prefix_extractor: nullptr
2018/11/28-11:14:37.479491 7fcf354e9700   Options.memtable_insert_with_hint_prefix_extractor: nullptr
2018/11/28-11:14:37.479492 7fcf354e9700             Options.num_levels: 7
2018/11/28-11:14:37.479493 7fcf354e9700        Options.min_write_buffer_number_to_merge: 2
2018/11/28-11:14:37.479494 7fcf354e9700     Options.max_write_buffer_number_to_maintain: 0
2018/11/28-11:14:37.479495 7fcf354e9700            Options.compression_opts.window_bits: -14
2018/11/28-11:14:37.479496 7fcf354e9700                  Options.compression_opts.level: -1
2018/11/28-11:14:37.479497 7fcf354e9700               Options.compression_opts.strategy: 0
2018/11/28-11:14:37.479498 7fcf354e9700         Options.compression_opts.max_dict_bytes: 0
2018/11/28-11:14:37.479499 7fcf354e9700         Options.compression_opts.zstd_max_train_bytes: 0
2018/11/28-11:14:37.479500 7fcf354e9700      Options.level0_file_num_compaction_trigger: 2
2018/11/28-11:14:37.479501 7fcf354e9700          Options.level0_slowdown_writes_trigger: 20
2018/11/28-11:14:37.479502 7fcf354e9700              Options.level0_stop_writes_trigger: 36
2018/11/28-11:14:37.479503 7fcf354e9700                   Options.target_file_size_base: 67108864
2018/11/28-11:14:37.479504 7fcf354e9700             Options.target_file_size_multiplier: 1
2018/11/28-11:14:37.479505 7fcf354e9700                Options.max_bytes_for_level_base: 536870912
2018/11/28-11:14:37.479506 7fcf354e9700 Options.level_compaction_dynamic_level_bytes: 0
2018/11/28-11:14:37.479507 7fcf354e9700          Options.max_bytes_for_level_multiplier: 10.000000
2018/11/28-11:14:37.479510 7fcf354e9700 Options.max_bytes_for_level_multiplier_addtl[0]: 1
2018/11/28-11:14:37.479511 7fcf354e9700 Options.max_bytes_for_level_multiplier_addtl[1]: 1
2018/11/28-11:14:37.479512 7fcf354e9700 Options.max_bytes_for_level_multiplier_addtl[2]: 1
2018/11/28-11:14:37.479513 7fcf354e9700 Options.max_bytes_for_level_multiplier_addtl[3]: 1
2018/11/28-11:14:37.479514 7fcf354e9700 Options.max_bytes_for_level_multiplier_addtl[4]: 1
2018/11/28-11:14:37.479515 7fcf354e9700 Options.max_bytes_for_level_multiplier_addtl[5]: 1
2018/11/28-11:14:37.479516 7fcf354e9700 Options.max_bytes_for_level_multiplier_addtl[6]: 1
2018/11/28-11:14:37.479517 7fcf354e9700       Options.max_sequential_skip_in_iterations: 8
2018/11/28-11:14:37.479518 7fcf354e9700                    Options.max_compaction_bytes: 1677721600
2018/11/28-11:14:37.479519 7fcf354e9700                        Options.arena_block_size: 16777216
2018/11/28-11:14:37.479520 7fcf354e9700   Options.soft_pending_compaction_bytes_limit: 68719476736
2018/11/28-11:14:37.479521 7fcf354e9700   Options.hard_pending_compaction_bytes_limit: 274877906944
2018/11/28-11:14:37.479528 7fcf354e9700       Options.rate_limit_delay_max_milliseconds: 100
2018/11/28-11:14:37.479530 7fcf354e9700                Options.disable_auto_compactions: 0
2018/11/28-11:14:37.479532 7fcf354e9700                        Options.compaction_style: kCompactionStyleLevel
2018/11/28-11:14:37.479534 7fcf354e9700                          Options.compaction_pri: kByCompensatedSize
2018/11/28-11:14:37.479535 7fcf354e9700 Options.compaction_options_universal.size_ratio: 1
2018/11/28-11:14:37.479536 7fcf354e9700 Options.compaction_options_universal.min_merge_width: 2
2018/11/28-11:14:37.479537 7fcf354e9700 Options.compaction_options_universal.max_merge_width: 4294967295
2018/11/28-11:14:37.479538 7fcf354e9700 Options.compaction_options_universal.max_size_amplification_percent: 200
2018/11/28-11:14:37.479539 7fcf354e9700 Options.compaction_options_universal.compression_size_percent: -1
2018/11/28-11:14:37.479541 7fcf354e9700 Options.compaction_options_universal.stop_style: kCompactionStopStyleTotalSize
2018/11/28-11:14:37.479542 7fcf354e9700 Options.compaction_options_fifo.max_table_files_size: 1073741824
2018/11/28-11:14:37.479543 7fcf354e9700 Options.compaction_options_fifo.allow_compaction: 0
2018/11/28-11:14:37.479544 7fcf354e9700 Options.compaction_options_fifo.ttl: 0
2018/11/28-11:14:37.479545 7fcf354e9700                   Options.table_properties_collectors: 
2018/11/28-11:14:37.479546 7fcf354e9700                   Options.inplace_update_support: 0
2018/11/28-11:14:37.479547 7fcf354e9700                 Options.inplace_update_num_locks: 10000
2018/11/28-11:14:37.479548 7fcf354e9700               Options.memtable_prefix_bloom_size_ratio: 0.000000
2018/11/28-11:14:37.479549 7fcf354e9700   Options.memtable_huge_page_size: 0
2018/11/28-11:14:37.479551 7fcf354e9700                           Options.bloom_locality: 0
2018/11/28-11:14:37.479552 7fcf354e9700                    Options.max_successive_merges: 0
2018/11/28-11:14:37.479552 7fcf354e9700                Options.optimize_filters_for_hits: 0
2018/11/28-11:14:37.479553 7fcf354e9700                Options.paranoid_file_checks: 0
2018/11/28-11:14:37.479554 7fcf354e9700                Options.force_consistency_checks: 0
2018/11/28-11:14:37.479555 7fcf354e9700                Options.report_bg_io_stats: 0
2018/11/28-11:14:37.479556 7fcf354e9700                               Options.ttl: 0
2018/11/28-11:14:37.480358 7fcf354e9700 [db/version_set.cc:3361] Recovered from manifest file:/mnt/sda/ycsb-rocksdb-data/MANIFEST-000001 succeeded,manifest_file_number is 1, next_file_number is 3, last_sequence is 0, log_number is 0,prev_log_number is 0,max_column_family is 0,min_log_number_to_keep is 0
2018/11/28-11:14:37.480366 7fcf354e9700 [db/version_set.cc:3369] Column family [default] (ID 0), log number is 0
2018/11/28-11:14:37.480609 7fcf354e9700 [db/version_set.cc:2847] Creating manifest 4
2018/11/28-11:14:37.553493 7fcf354e9700 [db/column_family.cc:475] --------------- Options for column family [usertable]:
2018/11/28-11:14:37.553497 7fcf354e9700               Options.comparator: leveldb.BytewiseComparator
2018/11/28-11:14:37.553498 7fcf354e9700           Options.merge_operator: None
2018/11/28-11:14:37.553499 7fcf354e9700        Options.compaction_filter: None
2018/11/28-11:14:37.553500 7fcf354e9700        Options.compaction_filter_factory: None
2018/11/28-11:14:37.553501 7fcf354e9700         Options.memtable_factory: SkipListFactory
2018/11/28-11:14:37.553502 7fcf354e9700            Options.table_factory: BlockBasedTable
2018/11/28-11:14:37.553533 7fcf354e9700            table_factory options:   flush_block_policy_factory: FlushBlockBySizePolicyFactory (0x7fce8037c390)
  cache_index_and_filter_blocks: 0
  cache_index_and_filter_blocks_with_high_priority: 0
  pin_l0_filter_and_index_blocks_in_cache: 0
  index_type: 0
  hash_index_allow_collision: 1
  checksum: 1
  no_block_cache: 0
  block_cache: 0x7fce8037d4b0
  block_cache_name: LRUCache
  block_cache_options:
    capacity : 8388608
    num_shard_bits : 4
    strict_capacity_limit : 0
    high_pri_pool_ratio: 0.000
  block_cache_compressed: (nil)
  persistent_cache: (nil)
  block_size: 8192
  block_size_deviation: 10
  block_restart_interval: 16
  index_block_restart_interval: 1
  metadata_block_size: 4096
  partition_filters: 0
  use_delta_encoding: 1
  filter_policy: nullptr
  whole_key_filtering: 1
  verify_compression: 0
  read_amp_bytes_per_bit: 0
  format_version: 2
  enable_index_compression: 1
  block_align: 0
2018/11/28-11:14:37.553535 7fcf354e9700        Options.write_buffer_size: 134217728
2018/11/28-11:14:37.553536 7fcf354e9700  Options.max_write_buffer_number: 24
2018/11/28-11:14:37.553538 7fcf354e9700        Options.compression[0]: NoCompression
2018/11/28-11:14:37.553539 7fcf354e9700        Options.compression[1]: NoCompression
2018/11/28-11:14:37.553540 7fcf354e9700        Options.compression[2]: LZ4
2018/11/28-11:14:37.553541 7fcf354e9700        Options.compression[3]: LZ4
2018/11/28-11:14:37.553542 7fcf354e9700        Options.compression[4]: LZ4
2018/11/28-11:14:37.553543 7fcf354e9700        Options.compression[5]: LZ4
2018/11/28-11:14:37.553544 7fcf354e9700        Options.compression[6]: LZ4
2018/11/28-11:14:37.553545 7fcf354e9700                  Options.bottommost_compression: Disabled
2018/11/28-11:14:37.553546 7fcf354e9700       Options.prefix_extractor: nullptr
2018/11/28-11:14:37.553547 7fcf354e9700   Options.memtable_insert_with_hint_prefix_extractor: nullptr
2018/11/28-11:14:37.553548 7fcf354e9700             Options.num_levels: 7
2018/11/28-11:14:37.553549 7fcf354e9700        Options.min_write_buffer_number_to_merge: 2
2018/11/28-11:14:37.553550 7fcf354e9700     Options.max_write_buffer_number_to_maintain: 0
2018/11/28-11:14:37.553551 7fcf354e9700            Options.compression_opts.window_bits: -14
2018/11/28-11:14:37.553552 7fcf354e9700                  Options.compression_opts.level: -1
2018/11/28-11:14:37.553553 7fcf354e9700               Options.compression_opts.strategy: 0
2018/11/28-11:14:37.553554 7fcf354e9700         Options.compression_opts.max_dict_bytes: 0
2018/11/28-11:14:37.553555 7fcf354e9700         Options.compression_opts.zstd_max_train_bytes: 0
2018/11/28-11:14:37.553556 7fcf354e9700      Options.level0_file_num_compaction_trigger: 2
2018/11/28-11:14:37.553557 7fcf354e9700          Options.level0_slowdown_writes_trigger: 20
2018/11/28-11:14:37.553558 7fcf354e9700              Options.level0_stop_writes_trigger: 36
2018/11/28-11:14:37.553559 7fcf354e9700                   Options.target_file_size_base: 67108864
2018/11/28-11:14:37.553560 7fcf354e9700             Options.target_file_size_multiplier: 1
2018/11/28-11:14:37.553560 7fcf354e9700                Options.max_bytes_for_level_base: 536870912
2018/11/28-11:14:37.553561 7fcf354e9700 Options.level_compaction_dynamic_level_bytes: 0
2018/11/28-11:14:37.553562 7fcf354e9700          Options.max_bytes_for_level_multiplier: 10.000000
2018/11/28-11:14:37.553565 7fcf354e9700 Options.max_bytes_for_level_multiplier_addtl[0]: 1
2018/11/28-11:14:37.553577 7fcf354e9700 Options.max_bytes_for_level_multiplier_addtl[1]: 1
2018/11/28-11:14:37.553578 7fcf354e9700 Options.max_bytes_for_level_multiplier_addtl[2]: 1
2018/11/28-11:14:37.553579 7fcf354e9700 Options.max_bytes_for_level_multiplier_addtl[3]: 1
2018/11/28-11:14:37.553580 7fcf354e9700 Options.max_bytes_for_level_multiplier_addtl[4]: 1
2018/11/28-11:14:37.553581 7fcf354e9700 Options.max_bytes_for_level_multiplier_addtl[5]: 1
2018/11/28-11:14:37.553582 7fcf354e9700 Options.max_bytes_for_level_multiplier_addtl[6]: 1
2018/11/28-11:14:37.553583 7fcf354e9700       Options.max_sequential_skip_in_iterations: 8
2018/11/28-11:14:37.553584 7fcf354e9700                    Options.max_compaction_bytes: 1677721600
2018/11/28-11:14:37.553585 7fcf354e9700                        Options.arena_block_size: 16777216
2018/11/28-11:14:37.553586 7fcf354e9700   Options.soft_pending_compaction_bytes_limit: 68719476736
2018/11/28-11:14:37.553587 7fcf354e9700   Options.hard_pending_compaction_bytes_limit: 274877906944
2018/11/28-11:14:37.553588 7fcf354e9700       Options.rate_limit_delay_max_milliseconds: 100
2018/11/28-11:14:37.553589 7fcf354e9700                Options.disable_auto_compactions: 0
2018/11/28-11:14:37.553591 7fcf354e9700                        Options.compaction_style: kCompactionStyleLevel
2018/11/28-11:14:37.553592 7fcf354e9700                          Options.compaction_pri: kByCompensatedSize
2018/11/28-11:14:37.553593 7fcf354e9700 Options.compaction_options_universal.size_ratio: 1
2018/11/28-11:14:37.553594 7fcf354e9700 Options.compaction_options_universal.min_merge_width: 2
2018/11/28-11:14:37.553595 7fcf354e9700 Options.compaction_options_universal.max_merge_width: 4294967295
2018/11/28-11:14:37.553596 7fcf354e9700 Options.compaction_options_universal.max_size_amplification_percent: 200
2018/11/28-11:14:37.553597 7fcf354e9700 Options.compaction_options_universal.compression_size_percent: -1
2018/11/28-11:14:37.553599 7fcf354e9700 Options.compaction_options_universal.stop_style: kCompactionStopStyleTotalSize
2018/11/28-11:14:37.553600 7fcf354e9700 Options.compaction_options_fifo.max_table_files_size: 1073741824
2018/11/28-11:14:37.553601 7fcf354e9700 Options.compaction_options_fifo.allow_compaction: 0
2018/11/28-11:14:37.553602 7fcf354e9700 Options.compaction_options_fifo.ttl: 0
2018/11/28-11:14:37.553603 7fcf354e9700                   Options.table_properties_collectors: 
2018/11/28-11:14:37.553604 7fcf354e9700                   Options.inplace_update_support: 0
2018/11/28-11:14:37.553605 7fcf354e9700                 Options.inplace_update_num_locks: 10000
2018/11/28-11:14:37.553606 7fcf354e9700               Options.memtable_prefix_bloom_size_ratio: 0.000000
2018/11/28-11:14:37.553608 7fcf354e9700   Options.memtable_huge_page_size: 0
2018/11/28-11:14:37.553609 7fcf354e9700                           Options.bloom_locality: 0
2018/11/28-11:14:37.553610 7fcf354e9700                    Options.max_successive_merges: 0
2018/11/28-11:14:37.553610 7fcf354e9700                Options.optimize_filters_for_hits: 0
2018/11/28-11:14:37.553611 7fcf354e9700                Options.paranoid_file_checks: 0
2018/11/28-11:14:37.553612 7fcf354e9700                Options.force_consistency_checks: 0
2018/11/28-11:14:37.553613 7fcf354e9700                Options.report_bg_io_stats: 0
2018/11/28-11:14:37.553614 7fcf354e9700                               Options.ttl: 0
2018/11/28-11:14:37.553664 7fcf354e9700 [db/db_impl.cc:1396] Created column family [usertable] (ID 1)
2018/11/28-11:14:37.631141 7fcf354e9700 [db/db_impl_open.cc:1219] DB pointer 0x7fce803bb500
2018/11/28-11:14:46.597168 7fcf350e5700 [db/db_impl_write.cc:1373] [usertable] New memtable created with log file: #9. Immutable memtables: 0.
2018/11/28-11:14:55.561759 7fcf350e5700 [db/db_impl_write.cc:1373] [usertable] New memtable created with log file: #10. Immutable memtables: 1.
2018/11/28-11:14:55.561930 7fcdb1ffb700 [db/db_impl_compaction_flush.cc:80] [JOB 2] Syncing log #3
2018/11/28-11:14:55.815124 7fcdb1ffb700 [db/db_impl_compaction_flush.cc:80] [JOB 2] Syncing log #9
2018/11/28-11:14:56.386606 7fcdb1ffb700 (Original Log Time 2018/11/28-11:14:55.561876) [db/db_impl_compaction_flush.cc:1424] Calling FlushMemTableToOutputFile with column family [usertable], flush slots available 24, compaction slots available 1, flush slots scheduled 1, compaction slots scheduled 0
2018/11/28-11:14:56.386620 7fcdb1ffb700 [db/flush_job.cc:301] [usertable] [JOB 2] Flushing memtable with next log file: 9
2018/11/28-11:14:56.386631 7fcdb1ffb700 [db/flush_job.cc:301] [usertable] [JOB 2] Flushing memtable with next log file: 10
2018/11/28-11:14:56.386676 7fcdb1ffb700 EVENT_LOG_v1 {"time_micros": 1543432496386661, "job": 2, "event": "flush_started", "num_memtables": 2, "num_entries": 62753, "num_deletes": 0, "memory_usage": 260121472, "flush_reason": "Write Buffer Full"}
2018/11/28-11:14:56.386686 7fcdb1ffb700 [db/flush_job.cc:331] [usertable] [JOB 2] Level-0 flush table #11: started
2018/11/28-11:14:58.630781 7fcdb1ffb700 EVENT_LOG_v1 {"time_micros": 1543432498630759, "cf_name": "usertable", "job": 2, "event": "table_file_creation", "file_number": 11, "file_size": 259885275, "table_properties": {"data_size": 258730633, "index_size": 1153715, "filter_size": 0, "raw_key_size": 1506072, "raw_average_key_size": 24, "raw_value_size": 257036288, "raw_average_value_size": 4096, "num_data_blocks": 31377, "num_entries": 62753, "filter_policy_name": "", "kDeletedKeys": "0", "kMergeOperands": "0"}}
2018/11/28-11:14:58.630807 7fcdb1ffb700 [db/flush_job.cc:371] [usertable] [JOB 2] Level-0 flush table #11: 259885275 bytes OK
2018/11/28-11:14:58.665534 7fcdb1ffb700 (Original Log Time 2018/11/28-11:14:58.630823) [db/memtable_list.cc:377] [usertable] Level-0 commit table #11 started
2018/11/28-11:14:58.665537 7fcdb1ffb700 (Original Log Time 2018/11/28-11:14:58.665460) [db/memtable_list.cc:409] [usertable] Level-0 commit table #11: memtable #1 done
2018/11/28-11:14:58.665539 7fcdb1ffb700 (Original Log Time 2018/11/28-11:14:58.665469) [db/memtable_list.cc:409] [usertable] Level-0 commit table #11: memtable #2 done
2018/11/28-11:14:58.665540 7fcdb1ffb700 (Original Log Time 2018/11/28-11:14:58.665485) EVENT_LOG_v1 {"time_micros": 1543432498665477, "job": 2, "event": "flush_finished", "output_compression": "NoCompression", "lsm_state": [1, 0, 0, 0, 0, 0, 0], "immutable_memtables": 0}
2018/11/28-11:14:58.665542 7fcdb1ffb700 (Original Log Time 2018/11/28-11:14:58.665509) [db/db_impl_compaction_flush.cc:177] [usertable] Level summary: base level 1 max bytes base 536870912 files[1 0 0 0 0 0 0] max score 0.50
2018/11/28-11:14:58.665553 7fcdb1ffb700 [db/db_impl_files.cc:347] [JOB 2] Try to delete WAL files size 259078013, prev total WAL file size 303931233, number of live WAL files 3.
2018/11/28-11:15:04.463292 7fcf354e9700 [db/db_impl_write.cc:1373] [usertable] New memtable created with log file: #12. Immutable memtables: 0.
2018/11/28-11:15:13.426752 7fcf34ee3700 [db/db_impl_write.cc:1373] [usertable] New memtable created with log file: #13. Immutable memtables: 1.
2018/11/28-11:15:13.426851 7fcf067fc700 [db/db_impl_compaction_flush.cc:80] [JOB 3] Syncing log #10
2018/11/28-11:15:13.918638 7fcf067fc700 [db/db_impl_compaction_flush.cc:80] [JOB 3] Syncing log #12
2018/11/28-11:15:14.425065 7fcf067fc700 (Original Log Time 2018/11/28-11:15:13.426835) [db/db_impl_compaction_flush.cc:1424] Calling FlushMemTableToOutputFile with column family [usertable], flush slots available 24, compaction slots available 1, flush slots scheduled 1, compaction slots scheduled 0
2018/11/28-11:15:14.425082 7fcf067fc700 [db/flush_job.cc:301] [usertable] [JOB 3] Flushing memtable with next log file: 12
2018/11/28-11:15:14.425089 7fcf067fc700 [db/flush_job.cc:301] [usertable] [JOB 3] Flushing memtable with next log file: 13
2018/11/28-11:15:14.425121 7fcf067fc700 EVENT_LOG_v1 {"time_micros": 1543432514425113, "job": 3, "event": "flush_started", "num_memtables": 2, "num_entries": 62526, "num_deletes": 0, "memory_usage": 259173568, "flush_reason": "Write Buffer Full"}
2018/11/28-11:15:14.425128 7fcf067fc700 [db/flush_job.cc:331] [usertable] [JOB 3] Level-0 flush table #14: started
2018/11/28-11:15:15.349706 7fcf067fc700 EVENT_LOG_v1 {"time_micros": 1543432515349684, "cf_name": "usertable", "job": 3, "event": "table_file_creation", "file_number": 14, "file_size": 258959039, "table_properties": {"data_size": 257801645, "index_size": 1156467, "filter_size": 0, "raw_key_size": 1500624, "raw_average_key_size": 24, "raw_value_size": 256106496, "raw_average_value_size": 4096, "num_data_blocks": 31263, "num_entries": 62526, "filter_policy_name": "", "kDeletedKeys": "0", "kMergeOperands": "0"}}
2018/11/28-11:15:15.349726 7fcf067fc700 [db/flush_job.cc:371] [usertable] [JOB 3] Level-0 flush table #14: 258959039 bytes OK
2018/11/28-11:15:15.379037 7fcf067fc700 (Original Log Time 2018/11/28-11:15:15.349741) [db/memtable_list.cc:377] [usertable] Level-0 commit table #14 started
2018/11/28-11:15:15.379041 7fcf067fc700 (Original Log Time 2018/11/28-11:15:15.378972) [db/memtable_list.cc:409] [usertable] Level-0 commit table #14: memtable #1 done
2018/11/28-11:15:15.379042 7fcf067fc700 (Original Log Time 2018/11/28-11:15:15.378974) [db/memtable_list.cc:409] [usertable] Level-0 commit table #14: memtable #2 done
2018/11/28-11:15:15.379044 7fcf067fc700 (Original Log Time 2018/11/28-11:15:15.378988) EVENT_LOG_v1 {"time_micros": 1543432515378981, "job": 3, "event": "flush_finished", "output_compression": "NoCompression", "lsm_state": [2, 0, 0, 0, 0, 0, 0], "immutable_memtables": 0}
2018/11/28-11:15:15.379045 7fcf067fc700 (Original Log Time 2018/11/28-11:15:15.379023) [db/db_impl_compaction_flush.cc:177] [usertable] Level summary: base level 1 max bytes base 536870912 files[2 0 0 0 0 0 0] max score 1.00
2018/11/28-11:15:15.379055 7fcf067fc700 [db/db_impl_files.cc:347] [JOB 3] Try to delete WAL files size 258150150, prev total WAL file size 286370341, number of live WAL files 3.
2018/11/28-11:15:15.379261 7fcf06ffd700 [WARN] [db/db_impl.cc:491] ------- DUMPING STATS -------
2018/11/28-11:15:15.379302 7fcf06ffd700 [WARN] [db/db_impl.cc:492] 
** DB Stats **
Uptime(secs): 37.9 total, 37.9 interval
Cumulative writes: 132K writes, 132K keys, 127K commit groups, 1.0 writes per commit group, ingest: 0.51 GB, 13.73 MB/s
Cumulative WAL: 132K writes, 0 syncs, 132115.00 writes per sync, written: 0.51 GB, 13.73 MB/s
Cumulative stall: 00:00:0.000 H:M:S, 0.0 percent
Interval writes: 132K writes, 132K keys, 127K commit groups, 1.0 writes per commit group, ingest: 520.18 MB, 13.73 MB/s
Interval WAL: 132K writes, 0 syncs, 132115.00 writes per sync, written: 0.51 MB, 13.73 MB/s
Interval stall: 00:00:0.000 H:M:S, 0.0 percent

** Compaction Stats [default] **
Level    Files   Size     Score Read(GB)  Rn(GB) Rnp1(GB) Write(GB) Wnew(GB) Moved(GB) W-Amp Rd(MB/s) Wr(MB/s) Comp(sec) Comp(cnt) Avg(sec) KeyIn KeyDrop
----------------------------------------------------------------------------------------------------------------------------------------------------------
 Sum      0/0    0.00 KB   0.0      0.0     0.0      0.0       0.0      0.0       0.0   0.0      0.0      0.0         0         0    0.000       0      0
 Int      0/0    0.00 KB   0.0      0.0     0.0      0.0       0.0      0.0       0.0   0.0      0.0      0.0         0         0    0.000       0      0
Uptime(secs): 37.9 total, 37.9 interval
Flush(GB): cumulative 0.000, interval 0.000
AddFile(GB): cumulative 0.000, interval 0.000
AddFile(Total Files): cumulative 0, interval 0
AddFile(L0 Files): cumulative 0, interval 0
AddFile(Keys): cumulative 0, interval 0
Cumulative compaction: 0.00 GB write, 0.00 MB/s write, 0.00 GB read, 0.00 MB/s read, 0.0 seconds
Interval compaction: 0.00 GB write, 0.00 MB/s write, 0.00 GB read, 0.00 MB/s read, 0.0 seconds
Stalls(count): 0 level0_slowdown, 0 level0_slowdown_with_compaction, 0 level0_numfiles, 0 level0_numfiles_with_compaction, 0 stop for pending_compaction_bytes, 0 slowdown for pending_compaction_bytes, 0 memtable_compaction, 0 memtable_slowdown, interval 0 total count

** File Read Latency Histogram By Level [default] **

** Compaction Stats [usertable] **
Level    Files   Size     Score Read(GB)  Rn(GB) Rnp1(GB) Write(GB) Wnew(GB) Moved(GB) W-Amp Rd(MB/s) Wr(MB/s) Comp(sec) Comp(cnt) Avg(sec) KeyIn KeyDrop
----------------------------------------------------------------------------------------------------------------------------------------------------------
  L0      2/0   494.81 MB   1.0      0.0     0.0      0.0       0.5      0.5       0.0   1.0      0.0    156.1         3         2    1.584       0      0
 Sum      2/0   494.81 MB   0.0      0.0     0.0      0.0       0.5      0.5       0.0   1.0      0.0    156.1         3         2    1.584       0      0
 Int      0/0    0.00 KB   0.0      0.0     0.0      0.0       0.5      0.5       0.0   1.0      0.0    156.1         3         2    1.584       0      0
Uptime(secs): 37.8 total, 37.8 interval
Flush(GB): cumulative 0.483, interval 0.483
AddFile(GB): cumulative 0.000, interval 0.000
AddFile(Total Files): cumulative 0, interval 0
AddFile(L0 Files): cumulative 0, interval 0
AddFile(Keys): cumulative 0, interval 0
Cumulative compaction: 0.48 GB write, 13.08 MB/s write, 0.00 GB read, 0.00 MB/s read, 3.2 seconds
Interval compaction: 0.48 GB write, 13.08 MB/s write, 0.00 GB read, 0.00 MB/s read, 3.2 seconds
Stalls(count): 0 level0_slowdown, 0 level0_slowdown_with_compaction, 0 level0_numfiles, 0 level0_numfiles_with_compaction, 0 stop for pending_compaction_bytes, 0 slowdown for pending_compaction_bytes, 0 memtable_compaction, 0 memtable_slowdown, interval 0 total count

** File Read Latency Histogram By Level [usertable] **

** Compaction Stats [default] **
Level    Files   Size     Score Read(GB)  Rn(GB) Rnp1(GB) Write(GB) Wnew(GB) Moved(GB) W-Amp Rd(MB/s) Wr(MB/s) Comp(sec) Comp(cnt) Avg(sec) KeyIn KeyDrop
----------------------------------------------------------------------------------------------------------------------------------------------------------
 Sum      0/0    0.00 KB   0.0      0.0     0.0      0.0       0.0      0.0       0.0   0.0      0.0      0.0         0         0    0.000       0      0
 Int      0/0    0.00 KB   0.0      0.0     0.0      0.0       0.0      0.0       0.0   0.0      0.0      0.0         0         0    0.000       0      0
Uptime(secs): 37.9 total, 0.0 interval
Flush(GB): cumulative 0.000, interval 0.000
AddFile(GB): cumulative 0.000, interval 0.000
AddFile(Total Files): cumulative 0, interval 0
AddFile(L0 Files): cumulative 0, interval 0
AddFile(Keys): cumulative 0, interval 0
Cumulative compaction: 0.00 GB write, 0.00 MB/s write, 0.00 GB read, 0.00 MB/s read, 0.0 seconds
Interval compaction: 0.00 GB write, 0.00 MB/s write, 0.00 GB read, 0.00 MB/s read, 0.0 seconds
Stalls(count): 0 level0_slowdown, 0 level0_slowdown_with_compaction, 0 level0_numfiles, 0 level0_numfiles_with_compaction, 0 stop for pending_compaction_bytes, 0 slowdown for pending_compaction_bytes, 0 memtable_compaction, 0 memtable_slowdown, interval 0 total count

** File Read Latency Histogram By Level [default] **

** Compaction Stats [usertable] **
Level    Files   Size     Score Read(GB)  Rn(GB) Rnp1(GB) Write(GB) Wnew(GB) Moved(GB) W-Amp Rd(MB/s) Wr(MB/s) Comp(sec) Comp(cnt) Avg(sec) KeyIn KeyDrop
----------------------------------------------------------------------------------------------------------------------------------------------------------
  L0      2/0   494.81 MB   1.0      0.0     0.0      0.0       0.5      0.5       0.0   1.0      0.0    156.1         3         2    1.584       0      0
 Sum      2/0   494.81 MB   0.0      0.0     0.0      0.0       0.5      0.5       0.0   1.0      0.0    156.1         3         2    1.584       0      0
 Int      0/0    0.00 KB   0.0      0.0     0.0      0.0       0.0      0.0       0.0   0.0      0.0      0.0         0         0    0.000       0      0
Uptime(secs): 37.8 total, 0.0 interval
Flush(GB): cumulative 0.483, interval 0.000
AddFile(GB): cumulative 0.000, interval 0.000
AddFile(Total Files): cumulative 0, interval 0
AddFile(L0 Files): cumulative 0, interval 0
AddFile(Keys): cumulative 0, interval 0
Cumulative compaction: 0.48 GB write, 13.08 MB/s write, 0.00 GB read, 0.00 MB/s read, 3.2 seconds
Interval compaction: 0.00 GB write, 0.00 MB/s write, 0.00 GB read, 0.00 MB/s read, 0.0 seconds
Stalls(count): 0 level0_slowdown, 0 level0_slowdown_with_compaction, 0 level0_numfiles, 0 level0_numfiles_with_compaction, 0 stop for pending_compaction_bytes, 0 slowdown for pending_compaction_bytes, 0 memtable_compaction, 0 memtable_slowdown, interval 0 total count

** File Read Latency Histogram By Level [usertable] **
2018/11/28-11:15:15.408840 7fcf06ffd700 (Original Log Time 2018/11/28-11:15:15.379388) [db/db_impl_compaction_flush.cc:1835] [usertable] Moving #11 to level-1 259885275 bytes
2018/11/28-11:15:15.408844 7fcf06ffd700 (Original Log Time 2018/11/28-11:15:15.408779) EVENT_LOG_v1 {"time_micros": 1543432515408748, "job": 4, "event": "trivial_move", "destination_level": 1, "files": 1, "total_files_size": 259885275}
2018/11/28-11:15:15.408845 7fcf06ffd700 (Original Log Time 2018/11/28-11:15:15.408804) [db/db_impl_compaction_flush.cc:1864] [usertable] Moved #1 files to level-1 259885275 bytes OK: base level 1 max bytes base 536870912 files[1 1 0 0 0 0 0] max score 0.50
2018/11/28-11:15:22.391299 7fcf34ee3700 [db/db_impl_write.cc:1373] [usertable] New memtable created with log file: #15. Immutable memtables: 0.
2018/11/28-11:15:31.355870 7fcf34ee3700 [db/db_impl_write.cc:1373] [usertable] New memtable created with log file: #16. Immutable memtables: 1.
2018/11/28-11:15:31.355976 7fcf057fa700 [db/db_impl_compaction_flush.cc:80] [JOB 5] Syncing log #13
2018/11/28-11:15:31.854496 7fcf057fa700 [db/db_impl_compaction_flush.cc:80] [JOB 5] Syncing log #15
2018/11/28-11:15:32.971657 7fcf057fa700 (Original Log Time 2018/11/28-11:15:31.355951) [db/db_impl_compaction_flush.cc:1424] Calling FlushMemTableToOutputFile with column family [usertable], flush slots available 24, compaction slots available 1, flush slots scheduled 1, compaction slots scheduled 0
2018/11/28-11:15:32.971675 7fcf057fa700 [db/flush_job.cc:301] [usertable] [JOB 5] Flushing memtable with next log file: 15
2018/11/28-11:15:32.971684 7fcf057fa700 [db/flush_job.cc:301] [usertable] [JOB 5] Flushing memtable with next log file: 16
2018/11/28-11:15:32.971718 7fcf057fa700 EVENT_LOG_v1 {"time_micros": 1543432532971707, "job": 5, "event": "flush_started", "num_memtables": 2, "num_entries": 62752, "num_deletes": 0, "memory_usage": 260054032, "flush_reason": "Write Buffer Full"}
2018/11/28-11:15:32.971724 7fcf057fa700 [db/flush_job.cc:331] [usertable] [JOB 5] Level-0 flush table #17: started
2018/11/28-11:15:34.717737 7fcf057fa700 EVENT_LOG_v1 {"time_micros": 1543432534717709, "cf_name": "usertable", "job": 5, "event": "table_file_creation", "file_number": 17, "file_size": 259895044, "table_properties": {"data_size": 258733469, "index_size": 1160648, "filter_size": 0, "raw_key_size": 1506048, "raw_average_key_size": 24, "raw_value_size": 257032192, "raw_average_value_size": 4096, "num_data_blocks": 31376, "num_entries": 62752, "filter_policy_name": "", "kDeletedKeys": "0", "kMergeOperands": "0"}}
2018/11/28-11:15:34.717762 7fcf057fa700 [db/flush_job.cc:371] [usertable] [JOB 5] Level-0 flush table #17: 259895044 bytes OK
2018/11/28-11:15:34.746763 7fcf057fa700 (Original Log Time 2018/11/28-11:15:34.717782) [db/memtable_list.cc:377] [usertable] Level-0 commit table #17 started
2018/11/28-11:15:34.746766 7fcf057fa700 (Original Log Time 2018/11/28-11:15:34.746685) [db/memtable_list.cc:409] [usertable] Level-0 commit table #17: memtable #1 done
2018/11/28-11:15:34.746768 7fcf057fa700 (Original Log Time 2018/11/28-11:15:34.746688) [db/memtable_list.cc:409] [usertable] Level-0 commit table #17: memtable #2 done
2018/11/28-11:15:34.746770 7fcf057fa700 (Original Log Time 2018/11/28-11:15:34.746714) EVENT_LOG_v1 {"time_micros": 1543432534746706, "job": 5, "event": "flush_finished", "output_compression": "NoCompression", "lsm_state": [2, 1, 0, 0, 0, 0, 0], "immutable_memtables": 0}
2018/11/28-11:15:34.746771 7fcf057fa700 (Original Log Time 2018/11/28-11:15:34.746743) [db/db_impl_compaction_flush.cc:177] [usertable] Level summary: base level 1 max bytes base 536870912 files[2 1 0 0 0 0 0] max score 1.00
