2018/11/28-10:17:35.781432 7fb4ee2b0700 RocksDB version: 5.14.3
2018/11/28-10:17:35.781481 7fb4ee2b0700 Git sha rocksdb_build_git_sha:
2018/11/28-10:17:35.781484 7fb4ee2b0700 Compile date Nov 22 2018
2018/11/28-10:17:35.781487 7fb4ee2b0700 DB SUMMARY
2018/11/28-10:17:35.782212 7fb4ee2b0700 CURRENT file:  CURRENT
2018/11/28-10:17:35.782214 7fb4ee2b0700 IDENTITY file:  IDENTITY
2018/11/28-10:17:35.782224 7fb4ee2b0700 MANIFEST file:  MANIFEST-000004 size: 126176 Bytes
2018/11/28-10:17:35.782227 7fb4ee2b0700 SST files in /mnt/sda/ycsb-rocksdb-data dir, Total Num: 719, files: 000021.sst 000022.sst 000023.sst 000024.sst 000028.sst 000029.sst 000030.sst 000031.sst 000034.sst 
2018/11/28-10:17:35.782228 7fb4ee2b0700 Write Ahead Log file in /mnt/sda/ycsb-rocksdb-data: 001265.log size: 117218439 ; 001271.log size: 117217353 ; 001272.log size: 34883208 ; 
2018/11/28-10:17:35.782233 7fb4ee2b0700                         Options.error_if_exists: 0
2018/11/28-10:17:35.782235 7fb4ee2b0700                       Options.create_if_missing: 1
2018/11/28-10:17:35.782236 7fb4ee2b0700                         Options.paranoid_checks: 1
2018/11/28-10:17:35.782237 7fb4ee2b0700                                     Options.env: 0x7fb4ed0122c0
2018/11/28-10:17:35.782238 7fb4ee2b0700                                Options.info_log: 0x7fb42c3d8fd0
2018/11/28-10:17:35.782239 7fb4ee2b0700                Options.max_file_opening_threads: 16
2018/11/28-10:17:35.782240 7fb4ee2b0700                              Options.statistics: (nil)
2018/11/28-10:17:35.782242 7fb4ee2b0700                               Options.use_fsync: 0
2018/11/28-10:17:35.782243 7fb4ee2b0700                       Options.max_log_file_size: 0
2018/11/28-10:17:35.782244 7fb4ee2b0700                  Options.max_manifest_file_size: 18446744073709551615
2018/11/28-10:17:35.782245 7fb4ee2b0700                   Options.log_file_time_to_roll: 0
2018/11/28-10:17:35.782246 7fb4ee2b0700                       Options.keep_log_file_num: 1000
2018/11/28-10:17:35.782247 7fb4ee2b0700                    Options.recycle_log_file_num: 0
2018/11/28-10:17:35.782248 7fb4ee2b0700                         Options.allow_fallocate: 1
2018/11/28-10:17:35.782249 7fb4ee2b0700                        Options.allow_mmap_reads: 0
2018/11/28-10:17:35.782250 7fb4ee2b0700                       Options.allow_mmap_writes: 0
2018/11/28-10:17:35.782251 7fb4ee2b0700                        Options.use_direct_reads: 0
2018/11/28-10:17:35.782252 7fb4ee2b0700                        Options.use_direct_io_for_flush_and_compaction: 0
2018/11/28-10:17:35.782253 7fb4ee2b0700          Options.create_missing_column_families: 1
2018/11/28-10:17:35.782254 7fb4ee2b0700                              Options.db_log_dir: 
2018/11/28-10:17:35.782255 7fb4ee2b0700                                 Options.wal_dir: /mnt/sda/ycsb-rocksdb-data
2018/11/28-10:17:35.782256 7fb4ee2b0700                Options.table_cache_numshardbits: 6
2018/11/28-10:17:35.782257 7fb4ee2b0700                      Options.max_subcompactions: 4
2018/11/28-10:17:35.782258 7fb4ee2b0700                  Options.max_background_flushes: 24
2018/11/28-10:17:35.782259 7fb4ee2b0700                         Options.WAL_ttl_seconds: 0
2018/11/28-10:17:35.782260 7fb4ee2b0700                       Options.WAL_size_limit_MB: 0
2018/11/28-10:17:35.782261 7fb4ee2b0700             Options.manifest_preallocation_size: 4194304
2018/11/28-10:17:35.782262 7fb4ee2b0700                     Options.is_fd_close_on_exec: 1
2018/11/28-10:17:35.782263 7fb4ee2b0700                   Options.advise_random_on_open: 1
2018/11/28-10:17:35.782264 7fb4ee2b0700                    Options.db_write_buffer_size: 0
2018/11/28-10:17:35.782265 7fb4ee2b0700                    Options.write_buffer_manager: 0x7fb42c3d5000
2018/11/28-10:17:35.782266 7fb4ee2b0700         Options.access_hint_on_compaction_start: 1
2018/11/28-10:17:35.782267 7fb4ee2b0700  Options.new_table_reader_for_compaction_inputs: 0
2018/11/28-10:17:35.782268 7fb4ee2b0700           Options.random_access_max_buffer_size: 1048576
2018/11/28-10:17:35.782269 7fb4ee2b0700                      Options.use_adaptive_mutex: 0
2018/11/28-10:17:35.782281 7fb4ee2b0700                            Options.rate_limiter: (nil)
2018/11/28-10:17:35.782284 7fb4ee2b0700     Options.sst_file_manager.rate_bytes_per_sec: 0
2018/11/28-10:17:35.782285 7fb4ee2b0700                       Options.wal_recovery_mode: 2
2018/11/28-10:17:35.782286 7fb4ee2b0700                  Options.enable_thread_tracking: 0
2018/11/28-10:17:35.782287 7fb4ee2b0700                  Options.enable_pipelined_write: 1
2018/11/28-10:17:35.782288 7fb4ee2b0700         Options.allow_concurrent_memtable_write: 1
2018/11/28-10:17:35.782289 7fb4ee2b0700      Options.enable_write_thread_adaptive_yield: 1
2018/11/28-10:17:35.782290 7fb4ee2b0700             Options.write_thread_max_yield_usec: 100
2018/11/28-10:17:35.782291 7fb4ee2b0700            Options.write_thread_slow_yield_usec: 3
2018/11/28-10:17:35.782292 7fb4ee2b0700                               Options.row_cache: None
2018/11/28-10:17:35.782293 7fb4ee2b0700                              Options.wal_filter: None
2018/11/28-10:17:35.782294 7fb4ee2b0700             Options.avoid_flush_during_recovery: 0
2018/11/28-10:17:35.782295 7fb4ee2b0700             Options.allow_ingest_behind: 0
2018/11/28-10:17:35.782296 7fb4ee2b0700             Options.preserve_deletes: 0
2018/11/28-10:17:35.782297 7fb4ee2b0700             Options.two_write_queues: 0
2018/11/28-10:17:35.782298 7fb4ee2b0700             Options.manual_wal_flush: 0
2018/11/28-10:17:35.782300 7fb4ee2b0700             Options.max_background_jobs: 24
2018/11/28-10:17:35.782301 7fb4ee2b0700             Options.max_background_compactions: 24
2018/11/28-10:17:35.782302 7fb4ee2b0700             Options.avoid_flush_during_shutdown: 0
2018/11/28-10:17:35.782303 7fb4ee2b0700           Options.writable_file_max_buffer_size: 1048576
2018/11/28-10:17:35.782304 7fb4ee2b0700             Options.delayed_write_rate : 16777216
2018/11/28-10:17:35.782305 7fb4ee2b0700             Options.max_total_wal_size: 0
2018/11/28-10:17:35.782306 7fb4ee2b0700             Options.delete_obsolete_files_period_micros: 21600000000
2018/11/28-10:17:35.782307 7fb4ee2b0700                   Options.stats_dump_period_sec: 60
2018/11/28-10:17:35.782308 7fb4ee2b0700                          Options.max_open_files: -1
2018/11/28-10:17:35.782309 7fb4ee2b0700                          Options.bytes_per_sync: 1048576
2018/11/28-10:17:35.782310 7fb4ee2b0700                      Options.wal_bytes_per_sync: 0
2018/11/28-10:17:35.782311 7fb4ee2b0700       Options.compaction_readahead_size: 0
2018/11/28-10:17:35.782312 7fb4ee2b0700 Compression algorithms supported:
2018/11/28-10:17:35.782313 7fb4ee2b0700 	kZSTDNotFinalCompression supported: 1
2018/11/28-10:17:35.782322 7fb4ee2b0700 	kZSTD supported: 1
2018/11/28-10:17:35.782324 7fb4ee2b0700 	kXpressCompression supported: 0
2018/11/28-10:17:35.782325 7fb4ee2b0700 	kLZ4HCCompression supported: 1
2018/11/28-10:17:35.782326 7fb4ee2b0700 	kLZ4Compression supported: 1
2018/11/28-10:17:35.782327 7fb4ee2b0700 	kBZip2Compression supported: 1
2018/11/28-10:17:35.782328 7fb4ee2b0700 	kZlibCompression supported: 1
2018/11/28-10:17:35.782329 7fb4ee2b0700 	kSnappyCompression supported: 1
2018/11/28-10:17:35.782334 7fb4ee2b0700 Fast CRC32 supported: Supported on x86
2018/11/28-10:17:35.782752 7fb4ee2b0700 [db/version_set.cc:3085] Recovering from manifest file: MANIFEST-000004
2018/11/28-10:17:35.782834 7fb4ee2b0700 [db/column_family.cc:475] --------------- Options for column family [default]:
2018/11/28-10:17:35.782838 7fb4ee2b0700               Options.comparator: leveldb.BytewiseComparator
2018/11/28-10:17:35.782839 7fb4ee2b0700           Options.merge_operator: None
2018/11/28-10:17:35.782840 7fb4ee2b0700        Options.compaction_filter: None
2018/11/28-10:17:35.782841 7fb4ee2b0700        Options.compaction_filter_factory: None
2018/11/28-10:17:35.782842 7fb4ee2b0700         Options.memtable_factory: SkipListFactory
2018/11/28-10:17:35.782844 7fb4ee2b0700            Options.table_factory: BlockBasedTable
2018/11/28-10:17:35.782868 7fb4ee2b0700            table_factory options:   flush_block_policy_factory: FlushBlockBySizePolicyFactory (0x7fb42c37aaf0)
  cache_index_and_filter_blocks: 0
  cache_index_and_filter_blocks_with_high_priority: 0
  pin_l0_filter_and_index_blocks_in_cache: 0
  index_type: 0
  hash_index_allow_collision: 1
  checksum: 1
  no_block_cache: 0
  block_cache: 0x7fb42c386780
  block_cache_name: LRUCache
  block_cache_options:
    capacity : 8388608
    num_shard_bits : 4
    strict_capacity_limit : 0
    high_pri_pool_ratio: 0.000
  block_cache_compressed: (nil)
  persistent_cache: (nil)
  block_size: 8192
  block_size_deviation: 10
  block_restart_interval: 16
  index_block_restart_interval: 1
  metadata_block_size: 4096
  partition_filters: 0
  use_delta_encoding: 1
  filter_policy: nullptr
  whole_key_filtering: 1
  verify_compression: 0
  read_amp_bytes_per_bit: 0
  format_version: 2
  enable_index_compression: 1
  block_align: 0
2018/11/28-10:17:35.782883 7fb4ee2b0700        Options.write_buffer_size: 134217728
2018/11/28-10:17:35.782885 7fb4ee2b0700  Options.max_write_buffer_number: 24
2018/11/28-10:17:35.782887 7fb4ee2b0700        Options.compression[0]: NoCompression
2018/11/28-10:17:35.782888 7fb4ee2b0700        Options.compression[1]: NoCompression
2018/11/28-10:17:35.782889 7fb4ee2b0700        Options.compression[2]: LZ4
2018/11/28-10:17:35.782890 7fb4ee2b0700        Options.compression[3]: LZ4
2018/11/28-10:17:35.782891 7fb4ee2b0700        Options.compression[4]: LZ4
2018/11/28-10:17:35.782892 7fb4ee2b0700        Options.compression[5]: LZ4
2018/11/28-10:17:35.782893 7fb4ee2b0700        Options.compression[6]: LZ4
2018/11/28-10:17:35.782895 7fb4ee2b0700                  Options.bottommost_compression: Disabled
2018/11/28-10:17:35.782896 7fb4ee2b0700       Options.prefix_extractor: nullptr
2018/11/28-10:17:35.782897 7fb4ee2b0700   Options.memtable_insert_with_hint_prefix_extractor: nullptr
2018/11/28-10:17:35.782898 7fb4ee2b0700             Options.num_levels: 7
2018/11/28-10:17:35.782899 7fb4ee2b0700        Options.min_write_buffer_number_to_merge: 2
2018/11/28-10:17:35.782900 7fb4ee2b0700     Options.max_write_buffer_number_to_maintain: 0
2018/11/28-10:17:35.782901 7fb4ee2b0700            Options.compression_opts.window_bits: -14
2018/11/28-10:17:35.782902 7fb4ee2b0700                  Options.compression_opts.level: -1
2018/11/28-10:17:35.782903 7fb4ee2b0700               Options.compression_opts.strategy: 0
2018/11/28-10:17:35.782904 7fb4ee2b0700         Options.compression_opts.max_dict_bytes: 0
2018/11/28-10:17:35.782905 7fb4ee2b0700         Options.compression_opts.zstd_max_train_bytes: 0
2018/11/28-10:17:35.782906 7fb4ee2b0700      Options.level0_file_num_compaction_trigger: 2
2018/11/28-10:17:35.782907 7fb4ee2b0700          Options.level0_slowdown_writes_trigger: 20
2018/11/28-10:17:35.782908 7fb4ee2b0700              Options.level0_stop_writes_trigger: 36
2018/11/28-10:17:35.782909 7fb4ee2b0700                   Options.target_file_size_base: 67108864
2018/11/28-10:17:35.782910 7fb4ee2b0700             Options.target_file_size_multiplier: 1
2018/11/28-10:17:35.782911 7fb4ee2b0700                Options.max_bytes_for_level_base: 536870912
2018/11/28-10:17:35.782912 7fb4ee2b0700 Options.level_compaction_dynamic_level_bytes: 0
2018/11/28-10:17:35.782913 7fb4ee2b0700          Options.max_bytes_for_level_multiplier: 10.000000
2018/11/28-10:17:35.782916 7fb4ee2b0700 Options.max_bytes_for_level_multiplier_addtl[0]: 1
2018/11/28-10:17:35.782917 7fb4ee2b0700 Options.max_bytes_for_level_multiplier_addtl[1]: 1
2018/11/28-10:17:35.782918 7fb4ee2b0700 Options.max_bytes_for_level_multiplier_addtl[2]: 1
2018/11/28-10:17:35.782919 7fb4ee2b0700 Options.max_bytes_for_level_multiplier_addtl[3]: 1
2018/11/28-10:17:35.782920 7fb4ee2b0700 Options.max_bytes_for_level_multiplier_addtl[4]: 1
2018/11/28-10:17:35.782921 7fb4ee2b0700 Options.max_bytes_for_level_multiplier_addtl[5]: 1
2018/11/28-10:17:35.782922 7fb4ee2b0700 Options.max_bytes_for_level_multiplier_addtl[6]: 1
2018/11/28-10:17:35.782924 7fb4ee2b0700       Options.max_sequential_skip_in_iterations: 8
2018/11/28-10:17:35.782925 7fb4ee2b0700                    Options.max_compaction_bytes: 1677721600
2018/11/28-10:17:35.782932 7fb4ee2b0700                        Options.arena_block_size: 16777216
2018/11/28-10:17:35.782933 7fb4ee2b0700   Options.soft_pending_compaction_bytes_limit: 68719476736
2018/11/28-10:17:35.782934 7fb4ee2b0700   Options.hard_pending_compaction_bytes_limit: 274877906944
2018/11/28-10:17:35.782935 7fb4ee2b0700       Options.rate_limit_delay_max_milliseconds: 100
2018/11/28-10:17:35.782936 7fb4ee2b0700                Options.disable_auto_compactions: 0
2018/11/28-10:17:35.782938 7fb4ee2b0700                        Options.compaction_style: kCompactionStyleLevel
2018/11/28-10:17:35.782940 7fb4ee2b0700                          Options.compaction_pri: kByCompensatedSize
2018/11/28-10:17:35.782941 7fb4ee2b0700 Options.compaction_options_universal.size_ratio: 1
2018/11/28-10:17:35.782942 7fb4ee2b0700 Options.compaction_options_universal.min_merge_width: 2
2018/11/28-10:17:35.782943 7fb4ee2b0700 Options.compaction_options_universal.max_merge_width: 4294967295
2018/11/28-10:17:35.782944 7fb4ee2b0700 Options.compaction_options_universal.max_size_amplification_percent: 200
2018/11/28-10:17:35.782945 7fb4ee2b0700 Options.compaction_options_universal.compression_size_percent: -1
2018/11/28-10:17:35.782947 7fb4ee2b0700 Options.compaction_options_universal.stop_style: kCompactionStopStyleTotalSize
2018/11/28-10:17:35.782948 7fb4ee2b0700 Options.compaction_options_fifo.max_table_files_size: 1073741824
2018/11/28-10:17:35.782949 7fb4ee2b0700 Options.compaction_options_fifo.allow_compaction: 0
2018/11/28-10:17:35.782950 7fb4ee2b0700 Options.compaction_options_fifo.ttl: 0
2018/11/28-10:17:35.782951 7fb4ee2b0700                   Options.table_properties_collectors: 
2018/11/28-10:17:35.782952 7fb4ee2b0700                   Options.inplace_update_support: 0
2018/11/28-10:17:35.782953 7fb4ee2b0700                 Options.inplace_update_num_locks: 10000
2018/11/28-10:17:35.782955 7fb4ee2b0700               Options.memtable_prefix_bloom_size_ratio: 0.000000
2018/11/28-10:17:35.782956 7fb4ee2b0700   Options.memtable_huge_page_size: 0
2018/11/28-10:17:35.782957 7fb4ee2b0700                           Options.bloom_locality: 0
2018/11/28-10:17:35.782958 7fb4ee2b0700                    Options.max_successive_merges: 0
2018/11/28-10:17:35.782959 7fb4ee2b0700                Options.optimize_filters_for_hits: 0
2018/11/28-10:17:35.782960 7fb4ee2b0700                Options.paranoid_file_checks: 0
2018/11/28-10:17:35.782961 7fb4ee2b0700                Options.force_consistency_checks: 0
2018/11/28-10:17:35.782962 7fb4ee2b0700                Options.report_bg_io_stats: 0
2018/11/28-10:17:35.782963 7fb4ee2b0700                               Options.ttl: 0
2018/11/28-10:17:35.783485 7fb4ee2b0700 [db/column_family.cc:475] --------------- Options for column family [usertable]:
2018/11/28-10:17:35.783490 7fb4ee2b0700               Options.comparator: leveldb.BytewiseComparator
2018/11/28-10:17:35.783491 7fb4ee2b0700           Options.merge_operator: None
2018/11/28-10:17:35.783492 7fb4ee2b0700        Options.compaction_filter: None
2018/11/28-10:17:35.783493 7fb4ee2b0700        Options.compaction_filter_factory: None
2018/11/28-10:17:35.783494 7fb4ee2b0700         Options.memtable_factory: SkipListFactory
2018/11/28-10:17:35.783495 7fb4ee2b0700            Options.table_factory: BlockBasedTable
2018/11/28-10:17:35.783523 7fb4ee2b0700            table_factory options:   flush_block_policy_factory: FlushBlockBySizePolicyFactory (0x7fb42c37a8c0)
  cache_index_and_filter_blocks: 0
  cache_index_and_filter_blocks_with_high_priority: 0
  pin_l0_filter_and_index_blocks_in_cache: 0
  index_type: 0
  hash_index_allow_collision: 1
  checksum: 1
  no_block_cache: 0
  block_cache: 0x7fb42c37a380
  block_cache_name: LRUCache
  block_cache_options:
    capacity : 8388608
    num_shard_bits : 4
    strict_capacity_limit : 0
    high_pri_pool_ratio: 0.000
  block_cache_compressed: (nil)
  persistent_cache: (nil)
  block_size: 8192
  block_size_deviation: 10
  block_restart_interval: 16
  index_block_restart_interval: 1
  metadata_block_size: 4096
  partition_filters: 0
  use_delta_encoding: 1
  filter_policy: nullptr
  whole_key_filtering: 1
  verify_compression: 0
  read_amp_bytes_per_bit: 0
  format_version: 2
  enable_index_compression: 1
  block_align: 0
2018/11/28-10:17:35.783538 7fb4ee2b0700        Options.write_buffer_size: 134217728
2018/11/28-10:17:35.783540 7fb4ee2b0700  Options.max_write_buffer_number: 24
2018/11/28-10:17:35.783541 7fb4ee2b0700        Options.compression[0]: NoCompression
2018/11/28-10:17:35.783542 7fb4ee2b0700        Options.compression[1]: NoCompression
2018/11/28-10:17:35.783544 7fb4ee2b0700        Options.compression[2]: LZ4
2018/11/28-10:17:35.783545 7fb4ee2b0700        Options.compression[3]: LZ4
2018/11/28-10:17:35.783546 7fb4ee2b0700        Options.compression[4]: LZ4
2018/11/28-10:17:35.783547 7fb4ee2b0700        Options.compression[5]: LZ4
2018/11/28-10:17:35.783548 7fb4ee2b0700        Options.compression[6]: LZ4
2018/11/28-10:17:35.783549 7fb4ee2b0700                  Options.bottommost_compression: Disabled
2018/11/28-10:17:35.783550 7fb4ee2b0700       Options.prefix_extractor: nullptr
2018/11/28-10:17:35.783551 7fb4ee2b0700   Options.memtable_insert_with_hint_prefix_extractor: nullptr
2018/11/28-10:17:35.783552 7fb4ee2b0700             Options.num_levels: 7
2018/11/28-10:17:35.783553 7fb4ee2b0700        Options.min_write_buffer_number_to_merge: 2
2018/11/28-10:17:35.783554 7fb4ee2b0700     Options.max_write_buffer_number_to_maintain: 0
2018/11/28-10:17:35.783555 7fb4ee2b0700            Options.compression_opts.window_bits: -14
2018/11/28-10:17:35.783556 7fb4ee2b0700                  Options.compression_opts.level: -1
2018/11/28-10:17:35.783557 7fb4ee2b0700               Options.compression_opts.strategy: 0
2018/11/28-10:17:35.783558 7fb4ee2b0700         Options.compression_opts.max_dict_bytes: 0
2018/11/28-10:17:35.783559 7fb4ee2b0700         Options.compression_opts.zstd_max_train_bytes: 0
2018/11/28-10:17:35.783560 7fb4ee2b0700      Options.level0_file_num_compaction_trigger: 2
2018/11/28-10:17:35.783561 7fb4ee2b0700          Options.level0_slowdown_writes_trigger: 20
2018/11/28-10:17:35.783562 7fb4ee2b0700              Options.level0_stop_writes_trigger: 36
2018/11/28-10:17:35.783563 7fb4ee2b0700                   Options.target_file_size_base: 67108864
2018/11/28-10:17:35.783564 7fb4ee2b0700             Options.target_file_size_multiplier: 1
2018/11/28-10:17:35.783565 7fb4ee2b0700                Options.max_bytes_for_level_base: 536870912
2018/11/28-10:17:35.783566 7fb4ee2b0700 Options.level_compaction_dynamic_level_bytes: 0
2018/11/28-10:17:35.783567 7fb4ee2b0700          Options.max_bytes_for_level_multiplier: 10.000000
2018/11/28-10:17:35.783570 7fb4ee2b0700 Options.max_bytes_for_level_multiplier_addtl[0]: 1
2018/11/28-10:17:35.783571 7fb4ee2b0700 Options.max_bytes_for_level_multiplier_addtl[1]: 1
2018/11/28-10:17:35.783572 7fb4ee2b0700 Options.max_bytes_for_level_multiplier_addtl[2]: 1
2018/11/28-10:17:35.783573 7fb4ee2b0700 Options.max_bytes_for_level_multiplier_addtl[3]: 1
2018/11/28-10:17:35.783574 7fb4ee2b0700 Options.max_bytes_for_level_multiplier_addtl[4]: 1
2018/11/28-10:17:35.783575 7fb4ee2b0700 Options.max_bytes_for_level_multiplier_addtl[5]: 1
2018/11/28-10:17:35.783576 7fb4ee2b0700 Options.max_bytes_for_level_multiplier_addtl[6]: 1
2018/11/28-10:17:35.783577 7fb4ee2b0700       Options.max_sequential_skip_in_iterations: 8
2018/11/28-10:17:35.783578 7fb4ee2b0700                    Options.max_compaction_bytes: 1677721600
2018/11/28-10:17:35.783579 7fb4ee2b0700                        Options.arena_block_size: 16777216
2018/11/28-10:17:35.783580 7fb4ee2b0700   Options.soft_pending_compaction_bytes_limit: 68719476736
2018/11/28-10:17:35.783581 7fb4ee2b0700   Options.hard_pending_compaction_bytes_limit: 274877906944
2018/11/28-10:17:35.783582 7fb4ee2b0700       Options.rate_limit_delay_max_milliseconds: 100
2018/11/28-10:17:35.783583 7fb4ee2b0700                Options.disable_auto_compactions: 0
2018/11/28-10:17:35.783585 7fb4ee2b0700                        Options.compaction_style: kCompactionStyleLevel
2018/11/28-10:17:35.783592 7fb4ee2b0700                          Options.compaction_pri: kByCompensatedSize
2018/11/28-10:17:35.783594 7fb4ee2b0700 Options.compaction_options_universal.size_ratio: 1
2018/11/28-10:17:35.783595 7fb4ee2b0700 Options.compaction_options_universal.min_merge_width: 2
2018/11/28-10:17:35.783596 7fb4ee2b0700 Options.compaction_options_universal.max_merge_width: 4294967295
2018/11/28-10:17:35.783597 7fb4ee2b0700 Options.compaction_options_universal.max_size_amplification_percent: 200
2018/11/28-10:17:35.783598 7fb4ee2b0700 Options.compaction_options_universal.compression_size_percent: -1
2018/11/28-10:17:35.783599 7fb4ee2b0700 Options.compaction_options_universal.stop_style: kCompactionStopStyleTotalSize
2018/11/28-10:17:35.783601 7fb4ee2b0700 Options.compaction_options_fifo.max_table_files_size: 1073741824
2018/11/28-10:17:35.783602 7fb4ee2b0700 Options.compaction_options_fifo.allow_compaction: 0
2018/11/28-10:17:35.783603 7fb4ee2b0700 Options.compaction_options_fifo.ttl: 0
2018/11/28-10:17:35.783604 7fb4ee2b0700                   Options.table_properties_collectors: 
2018/11/28-10:17:35.783605 7fb4ee2b0700                   Options.inplace_update_support: 0
2018/11/28-10:17:35.783606 7fb4ee2b0700                 Options.inplace_update_num_locks: 10000
2018/11/28-10:17:35.783607 7fb4ee2b0700               Options.memtable_prefix_bloom_size_ratio: 0.000000
2018/11/28-10:17:35.783608 7fb4ee2b0700   Options.memtable_huge_page_size: 0
2018/11/28-10:17:35.783610 7fb4ee2b0700                           Options.bloom_locality: 0
2018/11/28-10:17:35.783611 7fb4ee2b0700                    Options.max_successive_merges: 0
2018/11/28-10:17:35.783612 7fb4ee2b0700                Options.optimize_filters_for_hits: 0
2018/11/28-10:17:35.783613 7fb4ee2b0700                Options.paranoid_file_checks: 0
2018/11/28-10:17:35.783614 7fb4ee2b0700                Options.force_consistency_checks: 0
2018/11/28-10:17:35.783614 7fb4ee2b0700                Options.report_bg_io_stats: 0
2018/11/28-10:17:35.783615 7fb4ee2b0700                               Options.ttl: 0
2018/11/28-10:17:36.315815 7fb4ee2b0700 [db/version_set.cc:3361] Recovered from manifest file:/mnt/sda/ycsb-rocksdb-data/MANIFEST-000004 succeeded,manifest_file_number is 4, next_file_number is 1272, last_sequence is 10399292, log_number is 0,prev_log_number is 0,max_column_family is 1,min_log_number_to_keep is 0
2018/11/28-10:17:36.315828 7fb4ee2b0700 [db/version_set.cc:3369] Column family [default] (ID 0), log number is 0
2018/11/28-10:17:36.315830 7fb4ee2b0700 [db/version_set.cc:3369] Column family [usertable] (ID 1), log number is 1265
2018/11/28-10:17:36.318064 7fb4ee2b0700 EVENT_LOG_v1 {"time_micros": 1543429056318050, "job": 1, "event": "recovery_started", "log_files": [1265, 1271, 1272]}
2018/11/28-10:17:36.318072 7fb4ee2b0700 [db/db_impl_open.cc:551] Recovering log #1265 mode 2
2018/11/28-10:17:36.642202 7fb4ee2b0700 [db/db_impl_open.cc:551] Recovering log #1271 mode 2
2018/11/28-10:17:37.181639 7fb4ee2b0700 EVENT_LOG_v1 {"time_micros": 1543429057181610, "cf_name": "usertable", "job": 1, "event": "table_file_creation", "file_number": 1272, "file_size": 129895351, "table_properties": {"data_size": 129317909, "index_size": 576520, "filter_size": 0, "raw_key_size": 752760, "raw_average_key_size": 24, "raw_value_size": 128471040, "raw_average_value_size": 4096, "num_data_blocks": 15683, "num_entries": 31365, "filter_policy_name": "", "kDeletedKeys": "0", "kMergeOperands": "0"}}
2018/11/28-10:17:37.475259 7fb4ee2b0700 [db/db_impl_open.cc:551] Recovering log #1272 mode 2
2018/11/28-10:17:38.559426 7fb4ee2b0700 EVENT_LOG_v1 {"time_micros": 1543429058559399, "cf_name": "usertable", "job": 1, "event": "table_file_creation", "file_number": 1273, "file_size": 129902322, "table_properties": {"data_size": 129321393, "index_size": 580007, "filter_size": 0, "raw_key_size": 752760, "raw_average_key_size": 24, "raw_value_size": 128471040, "raw_average_value_size": 4096, "num_data_blocks": 15683, "num_entries": 31365, "filter_policy_name": "", "kDeletedKeys": "0", "kMergeOperands": "0"}}
2018/11/28-10:17:38.633536 7fb4ee2b0700 [db/version_set.cc:2847] Creating manifest 1274
2018/11/28-10:17:38.903897 7fb4ee2b0700 EVENT_LOG_v1 {"time_micros": 1543429058903875, "cf_name": "usertable", "job": 1, "event": "table_file_creation", "file_number": 1275, "file_size": 9877903, "table_properties": {"data_size": 9833369, "index_size": 43613, "filter_size": 0, "raw_key_size": 57240, "raw_average_key_size": 24, "raw_value_size": 9768960, "raw_average_value_size": 4096, "num_data_blocks": 1193, "num_entries": 2385, "filter_policy_name": "", "kDeletedKeys": "0", "kMergeOperands": "0"}}
2018/11/28-10:17:38.964370 7fb4ee2b0700 EVENT_LOG_v1 {"time_micros": 1543429058964368, "job": 1, "event": "recovery_finished"}
2018/11/28-10:17:38.964555 7fb4ee2b0700 [db/column_family.cc:837] [usertable] Increasing compaction threads because we have 4 level-0 files 
2018/11/28-10:17:39.089864 7fb4ee2b0700 [db/db_impl_open.cc:1219] DB pointer 0x7fb42c3d9520
2018/11/28-10:17:39.090174 7fb4bffff700 [WARN] [db/db_impl.cc:491] ------- DUMPING STATS -------
2018/11/28-10:17:39.090220 7fb4bffff700 [WARN] [db/db_impl.cc:492] 
** DB Stats **
Uptime(secs): 3.3 total, 3.3 interval
Cumulative writes: 0 writes, 0 keys, 0 commit groups, 0.0 writes per commit group, ingest: 0.00 GB, 0.00 MB/s
Cumulative WAL: 0 writes, 0 syncs, 0.00 writes per sync, written: 0.00 GB, 0.00 MB/s
Cumulative stall: 00:00:0.000 H:M:S, 0.0 percent
Interval writes: 0 writes, 0 keys, 0 commit groups, 0.0 writes per commit group, ingest: 0.00 MB, 0.00 MB/s
Interval WAL: 0 writes, 0 syncs, 0.00 writes per sync, written: 0.00 MB, 0.00 MB/s
Interval stall: 00:00:0.000 H:M:S, 0.0 percent

** Compaction Stats [default] **
Level    Files   Size     Score Read(GB)  Rn(GB) Rnp1(GB) Write(GB) Wnew(GB) Moved(GB) W-Amp Rd(MB/s) Wr(MB/s) Comp(sec) Comp(cnt) Avg(sec) KeyIn KeyDrop
----------------------------------------------------------------------------------------------------------------------------------------------------------
 Sum      0/0    0.00 KB   0.0      0.0     0.0      0.0       0.0      0.0       0.0   0.0      0.0      0.0         0         0    0.000       0      0
 Int      0/0    0.00 KB   0.0      0.0     0.0      0.0       0.0      0.0       0.0   0.0      0.0      0.0         0         0    0.000       0      0
Uptime(secs): 3.3 total, 3.3 interval
Flush(GB): cumulative 0.000, interval 0.000
AddFile(GB): cumulative 0.000, interval 0.000
AddFile(Total Files): cumulative 0, interval 0
AddFile(L0 Files): cumulative 0, interval 0
AddFile(Keys): cumulative 0, interval 0
Cumulative compaction: 0.00 GB write, 0.00 MB/s write, 0.00 GB read, 0.00 MB/s read, 0.0 seconds
Interval compaction: 0.00 GB write, 0.00 MB/s write, 0.00 GB read, 0.00 MB/s read, 0.0 seconds
Stalls(count): 0 level0_slowdown, 0 level0_slowdown_with_compaction, 0 level0_numfiles, 0 level0_numfiles_with_compaction, 0 stop for pending_compaction_bytes, 0 slowdown for pending_compaction_bytes, 0 memtable_compaction, 0 memtable_slowdown, interval 0 total count

** File Read Latency Histogram By Level [default] **

** Compaction Stats [usertable] **
Level    Files   Size     Score Read(GB)  Rn(GB) Rnp1(GB) Write(GB) Wnew(GB) Moved(GB) W-Amp Rd(MB/s) Wr(MB/s) Comp(sec) Comp(cnt) Avg(sec) KeyIn KeyDrop
----------------------------------------------------------------------------------------------------------------------------------------------------------
  L0      4/0   473.07 MB   2.0      0.0     0.0      0.0       0.3      0.3       0.0   1.0      0.0    154.4         2         3    0.555       0      0
  L1      2/0   444.54 MB   0.9      0.0     0.0      0.0       0.0      0.0       0.0   0.0      0.0      0.0         0         0    0.000       0      0
  L2    164/0    5.00 GB   1.0      0.0     0.0      0.0       0.0      0.0       0.0   0.0      0.0      0.0         0         0    0.000       0      0
  L3    552/0   34.29 GB   0.7      0.0     0.0      0.0       0.0      0.0       0.0   0.0      0.0      0.0         0         0    0.000       0      0
 Sum    722/0   40.18 GB   0.0      0.0     0.0      0.0       0.3      0.3       0.0   1.0      0.0    154.4         2         3    0.555       0      0
 Int      0/0    0.00 KB   0.0      0.0     0.0      0.0       0.3      0.3       0.0   1.0      0.0    154.4         2         3    0.555       0      0
Uptime(secs): 3.3 total, 3.3 interval
Flush(GB): cumulative 0.251, interval 0.251
AddFile(GB): cumulative 0.000, interval 0.000
AddFile(Total Files): cumulative 0, interval 0
AddFile(L0 Files): cumulative 0, interval 0
AddFile(Keys): cumulative 0, interval 0
Cumulative compaction: 0.25 GB write, 77.78 MB/s write, 0.00 GB read, 0.00 MB/s read, 1.7 seconds
Interval compaction: 0.25 GB write, 77.78 MB/s write, 0.00 GB read, 0.00 MB/s read, 1.7 seconds
Stalls(count): 0 level0_slowdown, 0 level0_slowdown_with_compaction, 0 level0_numfiles, 0 level0_numfiles_with_compaction, 0 stop for pending_compaction_bytes, 0 slowdown for pending_compaction_bytes, 0 memtable_compaction, 0 memtable_slowdown, interval 0 total count

** File Read Latency Histogram By Level [usertable] **

** Compaction Stats [default] **
Level    Files   Size     Score Read(GB)  Rn(GB) Rnp1(GB) Write(GB) Wnew(GB) Moved(GB) W-Amp Rd(MB/s) Wr(MB/s) Comp(sec) Comp(cnt) Avg(sec) KeyIn KeyDrop
----------------------------------------------------------------------------------------------------------------------------------------------------------
 Sum      0/0    0.00 KB   0.0      0.0     0.0      0.0       0.0      0.0       0.0   0.0      0.0      0.0         0         0    0.000       0      0
 Int      0/0    0.00 KB   0.0      0.0     0.0      0.0       0.0      0.0       0.0   0.0      0.0      0.0         0         0    0.000       0      0
Uptime(secs): 3.3 total, 0.0 interval
Flush(GB): cumulative 0.000, interval 0.000
AddFile(GB): cumulative 0.000, interval 0.000
AddFile(Total Files): cumulative 0, interval 0
AddFile(L0 Files): cumulative 0, interval 0
AddFile(Keys): cumulative 0, interval 0
Cumulative compaction: 0.00 GB write, 0.00 MB/s write, 0.00 GB read, 0.00 MB/s read, 0.0 seconds
Interval compaction: 0.00 GB write, 0.00 MB/s write, 0.00 GB read, 0.00 MB/s read, 0.0 seconds
Stalls(count): 0 level0_slowdown, 0 level0_slowdown_with_compaction, 0 level0_numfiles, 0 level0_numfiles_with_compaction, 0 stop for pending_compaction_bytes, 0 slowdown for pending_compaction_bytes, 0 memtable_compaction, 0 memtable_slowdown, interval 0 total count

** File Read Latency Histogram By Level [default] **

** Compaction Stats [usertable] **
Level    Files   Size     Score Read(GB)  Rn(GB) Rnp1(GB) Write(GB) Wnew(GB) Moved(GB) W-Amp Rd(MB/s) Wr(MB/s) Comp(sec) Comp(cnt) Avg(sec) KeyIn KeyDrop
----------------------------------------------------------------------------------------------------------------------------------------------------------
  L0      4/0   473.07 MB   2.0      0.0     0.0      0.0       0.3      0.3       0.0   1.0      0.0    154.4         2         3    0.555       0      0
  L1      2/0   444.54 MB   0.9      0.0     0.0      0.0       0.0      0.0       0.0   0.0      0.0      0.0         0         0    0.000       0      0
  L2    164/0    5.00 GB   1.0      0.0     0.0      0.0       0.0      0.0       0.0   0.0      0.0      0.0         0         0    0.000       0      0
  L3    552/0   34.29 GB   0.7      0.0     0.0      0.0       0.0      0.0       0.0   0.0      0.0      0.0         0         0    0.000       0      0
 Sum    722/0   40.18 GB   0.0      0.0     0.0      0.0       0.3      0.3       0.0   1.0      0.0    154.4         2         3    0.555       0      0
 Int      0/0    0.00 KB   0.0      0.0     0.0      0.0       0.0      0.0       0.0   0.0      0.0      0.0         0         0    0.000       0      0
Uptime(secs): 3.3 total, 0.0 interval
Flush(GB): cumulative 0.251, interval 0.000
AddFile(GB): cumulative 0.000, interval 0.000
AddFile(Total Files): cumulative 0, interval 0
AddFile(L0 Files): cumulative 0, interval 0
AddFile(Keys): cumulative 0, interval 0
Cumulative compaction: 0.25 GB write, 77.78 MB/s write, 0.00 GB read, 0.00 MB/s read, 1.7 seconds
Interval compaction: 0.00 GB write, 0.00 MB/s write, 0.00 GB read, 0.00 MB/s read, 0.0 seconds
Stalls(count): 0 level0_slowdown, 0 level0_slowdown_with_compaction, 0 level0_numfiles, 0 level0_numfiles_with_compaction, 0 stop for pending_compaction_bytes, 0 slowdown for pending_compaction_bytes, 0 memtable_compaction, 0 memtable_slowdown, interval 0 total count

** File Read Latency Histogram By Level [usertable] **
2018/11/28-10:17:39.090408 7fb4dcffe700 (Original Log Time 2018/11/28-10:17:39.090383) [db/db_impl_compaction_flush.cc:1781] Compaction nothing to do
2018/11/28-10:17:39.164427 7fb4bffff700 (Original Log Time 2018/11/28-10:17:39.090341) [db/db_impl_compaction_flush.cc:1835] [usertable] Moving #34 to level-1 226372841 bytes
2018/11/28-10:17:39.164431 7fb4bffff700 (Original Log Time 2018/11/28-10:17:39.164374) EVENT_LOG_v1 {"time_micros": 1543429059164368, "job": 3, "event": "trivial_move", "destination_level": 1, "files": 1, "total_files_size": 226372841}
2018/11/28-10:17:39.164433 7fb4bffff700 (Original Log Time 2018/11/28-10:17:39.164383) [db/db_impl_compaction_flush.cc:1864] [usertable] Moved #1 files to level-1 226372841 bytes OK: base level 1 max bytes base 536870912 files[3 3 164 552 0 0 0] max score 1.50
2018/11/28-10:17:39.237621 7fb4bffff700 (Original Log Time 2018/11/28-10:17:39.164467) [db/db_impl_compaction_flush.cc:1835] [usertable] Moving #1273 to level-1 129902322 bytes
2018/11/28-10:17:39.237624 7fb4bffff700 (Original Log Time 2018/11/28-10:17:39.237572) EVENT_LOG_v1 {"time_micros": 1543429059237569, "job": 5, "event": "trivial_move", "destination_level": 1, "files": 1, "total_files_size": 129902322}
2018/11/28-10:17:39.237626 7fb4bffff700 (Original Log Time 2018/11/28-10:17:39.237579) [db/db_impl_compaction_flush.cc:1864] [usertable] Moved #1 files to level-1 129902322 bytes OK: base level 1 max bytes base 536870912 files[2 4 164 552 0 0 0] max score 1.53
2018/11/28-10:17:39.237816 7fb4bffff700 [db/compaction_job.cc:1531] [usertable] [JOB 6] Compacting 1@1 files to L2, score 1.53
2018/11/28-10:17:39.237823 7fb4bffff700 [db/compaction_job.cc:1535] [usertable] Compaction start summary: Base version 7 Base level 1, inputs: [41(222MB)]
2018/11/28-10:17:39.237840 7fb4bffff700 EVENT_LOG_v1 {"time_micros": 1543429059237828, "job": 6, "event": "compaction_started", "compaction_reason": "LevelMaxLevelSize", "files_L1": [41], "score": 1.53185, "input_data_size": 233463283}
2018/11/28-10:17:40.068392 7fb4bffff700 [db/compaction_job.cc:1211] [usertable] [JOB 6] Generated table #1279: 16279 keys, 67233556 bytes
2018/11/28-10:17:40.068429 7fb4bffff700 EVENT_LOG_v1 {"time_micros": 1543429060068415, "cf_name": "usertable", "job": 6, "event": "table_file_creation", "file_number": 1279, "file_size": 67233556, "table_properties": {"data_size": 67120141, "index_size": 300916, "filter_size": 0, "raw_key_size": 390696, "raw_average_key_size": 24, "raw_value_size": 66678784, "raw_average_value_size": 4096, "num_data_blocks": 8140, "num_entries": 16279, "filter_policy_name": "", "kDeletedKeys": "0", "kMergeOperands": "0"}}
2018/11/28-10:17:40.739434 7fb4bffff700 [db/compaction_job.cc:1211] [usertable] [JOB 6] Generated table #1280: 16279 keys, 67233344 bytes
2018/11/28-10:17:40.739477 7fb4bffff700 EVENT_LOG_v1 {"time_micros": 1543429060739460, "cf_name": "usertable", "job": 6, "event": "table_file_creation", "file_number": 1280, "file_size": 67233344, "table_properties": {"data_size": 67118331, "index_size": 299108, "filter_size": 0, "raw_key_size": 390696, "raw_average_key_size": 24, "raw_value_size": 66678784, "raw_average_value_size": 4096, "num_data_blocks": 8140, "num_entries": 16279, "filter_policy_name": "", "kDeletedKeys": "0", "kMergeOperands": "0"}}
2018/11/28-10:17:41.303187 7fb4bffff700 [db/compaction_job.cc:1211] [usertable] [JOB 6] Generated table #1281: 16279 keys, 67233534 bytes
2018/11/28-10:17:41.303239 7fb4bffff700 EVENT_LOG_v1 {"time_micros": 1543429061303223, "cf_name": "usertable", "job": 6, "event": "table_file_creation", "file_number": 1281, "file_size": 67233534, "table_properties": {"data_size": 67120140, "index_size": 300916, "filter_size": 0, "raw_key_size": 390696, "raw_average_key_size": 24, "raw_value_size": 66678784, "raw_average_value_size": 4096, "num_data_blocks": 8140, "num_entries": 16279, "filter_policy_name": "", "kDeletedKeys": "0", "kMergeOperands": "0"}}
2018/11/28-10:17:41.585732 7fb4bffff700 [db/compaction_job.cc:1211] [usertable] [JOB 6] Generated table #1282: 7533 keys, 31112342 bytes
2018/11/28-10:17:41.585772 7fb4bffff700 EVENT_LOG_v1 {"time_micros": 1543429061585756, "cf_name": "usertable", "job": 6, "event": "table_file_creation", "file_number": 1282, "file_size": 31112342, "table_properties": {"data_size": 31058573, "index_size": 138277, "filter_size": 0, "raw_key_size": 180792, "raw_average_key_size": 24, "raw_value_size": 30855168, "raw_average_value_size": 4096, "num_data_blocks": 3767, "num_entries": 7533, "filter_policy_name": "", "kDeletedKeys": "0", "kMergeOperands": "0"}}
2018/11/28-10:17:41.585817 7fb4bffff700 [db/compaction_job.cc:1287] [usertable] [JOB 6] Compacted 1@1 files to L2 => 232812776 bytes
2018/11/28-10:17:41.615796 7fb4bffff700 (Original Log Time 2018/11/28-10:17:41.615723) [db/compaction_job.cc:685] [usertable] compacted to: base level 1 max bytes base 536870912 files[2 3 168 552 0 0 0] max score 1.10, MB/sec: 99.4 rd, 99.2 wr, level 2, files in(1, 0) out(4) MB in(222.6, 0.0) out(222.0), read-write-amplify(2.0) write-amplify(1.0) OK, records in: 56370, records dropped: 0 output_compression: LZ4
2018/11/28-10:17:41.615802 7fb4bffff700 (Original Log Time 2018/11/28-10:17:41.615750) EVENT_LOG_v1 {"time_micros": 1543429061615739, "job": 6, "event": "compaction_finished", "compaction_time_micros": 2347943, "output_level": 2, "num_output_files": 4, "total_output_size": 232812776, "num_input_records": 56370, "num_output_records": 56370, "num_subcompactions": 1, "output_compression": "LZ4", "num_single_delete_mismatches": 0, "num_single_delete_fallthrough": 0, "lsm_state": [2, 3, 168, 552, 0, 0, 0]}
2018/11/28-10:17:41.616001 7fb4d6ffd700 [db/compaction_job.cc:1531] [usertable] [JOB 7] Compacting 1@1 files to L2, score 1.10
2018/11/28-10:17:41.616010 7fb4d6ffd700 [db/compaction_job.cc:1535] [usertable] Compaction start summary: Base version 8 Base level 1, inputs: [83(221MB)]
2018/11/28-10:17:41.616029 7fb4d6ffd700 EVENT_LOG_v1 {"time_micros": 1543429061616019, "job": 7, "event": "compaction_started", "compaction_reason": "LevelMaxLevelSize", "files_L1": [83], "score": 1.09699, "input_data_size": 232668092}
2018/11/28-10:17:42.190068 7fb4d6ffd700 [db/compaction_job.cc:1211] [usertable] [JOB 7] Generated table #1283: 16279 keys, 67233531 bytes
