2018/11/17-22:00:50.129103 7f7e9601f0 RocksDB version: 5.14.3
2018/11/17-22:00:50.129300 7f7e9601f0 Git sha rocksdb_build_git_sha:
2018/11/17-22:00:50.129307 7f7e9601f0 Compile date Nov 15 2018
2018/11/17-22:00:50.129316 7f7e9601f0 DB SUMMARY
2018/11/17-22:00:50.130167 7f7e9601f0 CURRENT file:  CURRENT
2018/11/17-22:00:50.130178 7f7e9601f0 IDENTITY file:  IDENTITY
2018/11/17-22:00:50.130202 7f7e9601f0 MANIFEST file:  MANIFEST-000004 size: 122664 Bytes
2018/11/17-22:00:50.130209 7f7e9601f0 SST files in /mnt/sda/ycsb-rocksdb-data dir, Total Num: 673, files: 000021.sst 000022.sst 000023.sst 000024.sst 000029.sst 000030.sst 000033.sst 000035.sst 000036.sst 
2018/11/17-22:00:50.130214 7f7e9601f0 Write Ahead Log file in /mnt/sda/ycsb-rocksdb-data: 001213.log size: 124119027 ; 001219.log size: 129339752 ; 001220.log size: 123009524 ; 001222.log size: 42878593 ; 
2018/11/17-22:00:50.130225 7f7e9601f0                         Options.error_if_exists: 0
2018/11/17-22:00:50.130229 7f7e9601f0                       Options.create_if_missing: 1
2018/11/17-22:00:50.130232 7f7e9601f0                         Options.paranoid_checks: 1
2018/11/17-22:00:50.130235 7f7e9601f0                                     Options.env: 0x7f7d860f18
2018/11/17-22:00:50.130238 7f7e9601f0                                Options.info_log: 0x7f483d5af0
2018/11/17-22:00:50.130241 7f7e9601f0                Options.max_file_opening_threads: 16
2018/11/17-22:00:50.130244 7f7e9601f0                              Options.statistics: (nil)
2018/11/17-22:00:50.130248 7f7e9601f0                               Options.use_fsync: 0
2018/11/17-22:00:50.130251 7f7e9601f0                       Options.max_log_file_size: 0
2018/11/17-22:00:50.130254 7f7e9601f0                  Options.max_manifest_file_size: 18446744073709551615
2018/11/17-22:00:50.130257 7f7e9601f0                   Options.log_file_time_to_roll: 0
2018/11/17-22:00:50.130260 7f7e9601f0                       Options.keep_log_file_num: 1000
2018/11/17-22:00:50.130263 7f7e9601f0                    Options.recycle_log_file_num: 0
2018/11/17-22:00:50.130267 7f7e9601f0                         Options.allow_fallocate: 1
2018/11/17-22:00:50.130270 7f7e9601f0                        Options.allow_mmap_reads: 0
2018/11/17-22:00:50.130273 7f7e9601f0                       Options.allow_mmap_writes: 0
2018/11/17-22:00:50.130276 7f7e9601f0                        Options.use_direct_reads: 0
2018/11/17-22:00:50.130279 7f7e9601f0                        Options.use_direct_io_for_flush_and_compaction: 0
2018/11/17-22:00:50.130282 7f7e9601f0          Options.create_missing_column_families: 1
2018/11/17-22:00:50.130285 7f7e9601f0                              Options.db_log_dir: 
2018/11/17-22:00:50.130288 7f7e9601f0                                 Options.wal_dir: /mnt/sda/ycsb-rocksdb-data
2018/11/17-22:00:50.130291 7f7e9601f0                Options.table_cache_numshardbits: 6
2018/11/17-22:00:50.130294 7f7e9601f0                      Options.max_subcompactions: 4
2018/11/17-22:00:50.130297 7f7e9601f0                  Options.max_background_flushes: 6
2018/11/17-22:00:50.130300 7f7e9601f0                         Options.WAL_ttl_seconds: 0
2018/11/17-22:00:50.130303 7f7e9601f0                       Options.WAL_size_limit_MB: 0
2018/11/17-22:00:50.130306 7f7e9601f0             Options.manifest_preallocation_size: 4194304
2018/11/17-22:00:50.130309 7f7e9601f0                     Options.is_fd_close_on_exec: 1
2018/11/17-22:00:50.130312 7f7e9601f0                   Options.advise_random_on_open: 1
2018/11/17-22:00:50.130315 7f7e9601f0                    Options.db_write_buffer_size: 0
2018/11/17-22:00:50.130318 7f7e9601f0                    Options.write_buffer_manager: 0x7f483d6ee0
2018/11/17-22:00:50.130321 7f7e9601f0         Options.access_hint_on_compaction_start: 1
2018/11/17-22:00:50.130324 7f7e9601f0  Options.new_table_reader_for_compaction_inputs: 0
2018/11/17-22:00:50.130327 7f7e9601f0           Options.random_access_max_buffer_size: 1048576
2018/11/17-22:00:50.130330 7f7e9601f0                      Options.use_adaptive_mutex: 0
2018/11/17-22:00:50.130333 7f7e9601f0                            Options.rate_limiter: (nil)
2018/11/17-22:00:50.130370 7f7e9601f0     Options.sst_file_manager.rate_bytes_per_sec: 0
2018/11/17-22:00:50.130375 7f7e9601f0                       Options.wal_recovery_mode: 2
2018/11/17-22:00:50.130378 7f7e9601f0                  Options.enable_thread_tracking: 0
2018/11/17-22:00:50.130381 7f7e9601f0                  Options.enable_pipelined_write: 1
2018/11/17-22:00:50.130384 7f7e9601f0         Options.allow_concurrent_memtable_write: 1
2018/11/17-22:00:50.130387 7f7e9601f0      Options.enable_write_thread_adaptive_yield: 1
2018/11/17-22:00:50.130390 7f7e9601f0             Options.write_thread_max_yield_usec: 100
2018/11/17-22:00:50.130393 7f7e9601f0            Options.write_thread_slow_yield_usec: 3
2018/11/17-22:00:50.130396 7f7e9601f0                               Options.row_cache: None
2018/11/17-22:00:50.130398 7f7e9601f0                              Options.wal_filter: None
2018/11/17-22:00:50.130402 7f7e9601f0             Options.avoid_flush_during_recovery: 0
2018/11/17-22:00:50.130405 7f7e9601f0             Options.allow_ingest_behind: 0
2018/11/17-22:00:50.130407 7f7e9601f0             Options.preserve_deletes: 0
2018/11/17-22:00:50.130410 7f7e9601f0             Options.two_write_queues: 0
2018/11/17-22:00:50.130413 7f7e9601f0             Options.manual_wal_flush: 0
2018/11/17-22:00:50.130418 7f7e9601f0             Options.max_background_jobs: 6
2018/11/17-22:00:50.130421 7f7e9601f0             Options.max_background_compactions: 6
2018/11/17-22:00:50.130424 7f7e9601f0             Options.avoid_flush_during_shutdown: 0
2018/11/17-22:00:50.130426 7f7e9601f0           Options.writable_file_max_buffer_size: 1048576
2018/11/17-22:00:50.130430 7f7e9601f0             Options.delayed_write_rate : 16777216
2018/11/17-22:00:50.130433 7f7e9601f0             Options.max_total_wal_size: 0
2018/11/17-22:00:50.130435 7f7e9601f0             Options.delete_obsolete_files_period_micros: 21600000000
2018/11/17-22:00:50.130438 7f7e9601f0                   Options.stats_dump_period_sec: 60
2018/11/17-22:00:50.130441 7f7e9601f0                          Options.max_open_files: -1
2018/11/17-22:00:50.130444 7f7e9601f0                          Options.bytes_per_sync: 1048576
2018/11/17-22:00:50.130447 7f7e9601f0                      Options.wal_bytes_per_sync: 0
2018/11/17-22:00:50.130449 7f7e9601f0       Options.compaction_readahead_size: 0
2018/11/17-22:00:50.130452 7f7e9601f0 Compression algorithms supported:
2018/11/17-22:00:50.130456 7f7e9601f0 	kZSTDNotFinalCompression supported: 1
2018/11/17-22:00:50.130492 7f7e9601f0 	kZSTD supported: 1
2018/11/17-22:00:50.130498 7f7e9601f0 	kXpressCompression supported: 0
2018/11/17-22:00:50.130501 7f7e9601f0 	kLZ4HCCompression supported: 1
2018/11/17-22:00:50.130504 7f7e9601f0 	kLZ4Compression supported: 1
2018/11/17-22:00:50.130508 7f7e9601f0 	kBZip2Compression supported: 1
2018/11/17-22:00:50.130510 7f7e9601f0 	kZlibCompression supported: 1
2018/11/17-22:00:50.130514 7f7e9601f0 	kSnappyCompression supported: 1
2018/11/17-22:00:50.130522 7f7e9601f0 Fast CRC32 supported: Not supported on x86
2018/11/17-22:00:50.131289 7f7e9601f0 [db/version_set.cc:3085] Recovering from manifest file: MANIFEST-000004
2018/11/17-22:00:50.131495 7f7e9601f0 [db/column_family.cc:475] --------------- Options for column family [default]:
2018/11/17-22:00:50.131505 7f7e9601f0               Options.comparator: leveldb.BytewiseComparator
2018/11/17-22:00:50.131509 7f7e9601f0           Options.merge_operator: None
2018/11/17-22:00:50.131512 7f7e9601f0        Options.compaction_filter: None
2018/11/17-22:00:50.131516 7f7e9601f0        Options.compaction_filter_factory: None
2018/11/17-22:00:50.131518 7f7e9601f0         Options.memtable_factory: SkipListFactory
2018/11/17-22:00:50.131522 7f7e9601f0            Options.table_factory: BlockBasedTable
2018/11/17-22:00:50.131571 7f7e9601f0            table_factory options:   flush_block_policy_factory: FlushBlockBySizePolicyFactory (0x7f48373110)
  cache_index_and_filter_blocks: 0
  cache_index_and_filter_blocks_with_high_priority: 0
  pin_l0_filter_and_index_blocks_in_cache: 0
  index_type: 0
  hash_index_allow_collision: 1
  checksum: 1
  no_block_cache: 0
  block_cache: 0x7f4837f250
  block_cache_name: LRUCache
  block_cache_options:
    capacity : 8388608
    num_shard_bits : 4
    strict_capacity_limit : 0
    high_pri_pool_ratio: 0.000
  block_cache_compressed: (nil)
  persistent_cache: (nil)
  block_size: 8192
  block_size_deviation: 10
  block_restart_interval: 16
  index_block_restart_interval: 1
  metadata_block_size: 4096
  partition_filters: 0
  use_delta_encoding: 1
  filter_policy: nullptr
  whole_key_filtering: 1
  verify_compression: 0
  read_amp_bytes_per_bit: 0
  format_version: 2
  enable_index_compression: 1
  block_align: 0
2018/11/17-22:00:50.131607 7f7e9601f0        Options.write_buffer_size: 134217728
2018/11/17-22:00:50.131613 7f7e9601f0  Options.max_write_buffer_number: 24
2018/11/17-22:00:50.131616 7f7e9601f0        Options.compression[0]: NoCompression
2018/11/17-22:00:50.131620 7f7e9601f0        Options.compression[1]: NoCompression
2018/11/17-22:00:50.131623 7f7e9601f0        Options.compression[2]: LZ4
2018/11/17-22:00:50.131626 7f7e9601f0        Options.compression[3]: LZ4
2018/11/17-22:00:50.131629 7f7e9601f0        Options.compression[4]: LZ4
2018/11/17-22:00:50.131632 7f7e9601f0        Options.compression[5]: LZ4
2018/11/17-22:00:50.131635 7f7e9601f0        Options.compression[6]: LZ4
2018/11/17-22:00:50.131638 7f7e9601f0                  Options.bottommost_compression: Disabled
2018/11/17-22:00:50.131641 7f7e9601f0       Options.prefix_extractor: nullptr
2018/11/17-22:00:50.131644 7f7e9601f0   Options.memtable_insert_with_hint_prefix_extractor: nullptr
2018/11/17-22:00:50.131646 7f7e9601f0             Options.num_levels: 7
2018/11/17-22:00:50.131649 7f7e9601f0        Options.min_write_buffer_number_to_merge: 2
2018/11/17-22:00:50.131652 7f7e9601f0     Options.max_write_buffer_number_to_maintain: 0
2018/11/17-22:00:50.131655 7f7e9601f0            Options.compression_opts.window_bits: -14
2018/11/17-22:00:50.131658 7f7e9601f0                  Options.compression_opts.level: -1
2018/11/17-22:00:50.131661 7f7e9601f0               Options.compression_opts.strategy: 0
2018/11/17-22:00:50.131664 7f7e9601f0         Options.compression_opts.max_dict_bytes: 0
2018/11/17-22:00:50.131667 7f7e9601f0         Options.compression_opts.zstd_max_train_bytes: 0
2018/11/17-22:00:50.131670 7f7e9601f0      Options.level0_file_num_compaction_trigger: 2
2018/11/17-22:00:50.131673 7f7e9601f0          Options.level0_slowdown_writes_trigger: 20
2018/11/17-22:00:50.131676 7f7e9601f0              Options.level0_stop_writes_trigger: 36
2018/11/17-22:00:50.131679 7f7e9601f0                   Options.target_file_size_base: 67108864
2018/11/17-22:00:50.131682 7f7e9601f0             Options.target_file_size_multiplier: 1
2018/11/17-22:00:50.131685 7f7e9601f0                Options.max_bytes_for_level_base: 536870912
2018/11/17-22:00:50.131688 7f7e9601f0 Options.level_compaction_dynamic_level_bytes: 0
2018/11/17-22:00:50.131691 7f7e9601f0          Options.max_bytes_for_level_multiplier: 10.000000
2018/11/17-22:00:50.131697 7f7e9601f0 Options.max_bytes_for_level_multiplier_addtl[0]: 1
2018/11/17-22:00:50.131700 7f7e9601f0 Options.max_bytes_for_level_multiplier_addtl[1]: 1
2018/11/17-22:00:50.131703 7f7e9601f0 Options.max_bytes_for_level_multiplier_addtl[2]: 1
2018/11/17-22:00:50.131706 7f7e9601f0 Options.max_bytes_for_level_multiplier_addtl[3]: 1
2018/11/17-22:00:50.131709 7f7e9601f0 Options.max_bytes_for_level_multiplier_addtl[4]: 1
2018/11/17-22:00:50.131712 7f7e9601f0 Options.max_bytes_for_level_multiplier_addtl[5]: 1
2018/11/17-22:00:50.131715 7f7e9601f0 Options.max_bytes_for_level_multiplier_addtl[6]: 1
2018/11/17-22:00:50.131718 7f7e9601f0       Options.max_sequential_skip_in_iterations: 8
2018/11/17-22:00:50.131721 7f7e9601f0                    Options.max_compaction_bytes: 1677721600
2018/11/17-22:00:50.131723 7f7e9601f0                        Options.arena_block_size: 16777216
2018/11/17-22:00:50.131726 7f7e9601f0   Options.soft_pending_compaction_bytes_limit: 68719476736
2018/11/17-22:00:50.131743 7f7e9601f0   Options.hard_pending_compaction_bytes_limit: 274877906944
2018/11/17-22:00:50.131748 7f7e9601f0       Options.rate_limit_delay_max_milliseconds: 100
2018/11/17-22:00:50.131751 7f7e9601f0                Options.disable_auto_compactions: 0
2018/11/17-22:00:50.131756 7f7e9601f0                        Options.compaction_style: kCompactionStyleLevel
2018/11/17-22:00:50.131761 7f7e9601f0                          Options.compaction_pri: kByCompensatedSize
2018/11/17-22:00:50.131764 7f7e9601f0 Options.compaction_options_universal.size_ratio: 1
2018/11/17-22:00:50.131767 7f7e9601f0 Options.compaction_options_universal.min_merge_width: 2
2018/11/17-22:00:50.131770 7f7e9601f0 Options.compaction_options_universal.max_merge_width: 4294967295
2018/11/17-22:00:50.131773 7f7e9601f0 Options.compaction_options_universal.max_size_amplification_percent: 200
2018/11/17-22:00:50.131776 7f7e9601f0 Options.compaction_options_universal.compression_size_percent: -1
2018/11/17-22:00:50.131780 7f7e9601f0 Options.compaction_options_universal.stop_style: kCompactionStopStyleTotalSize
2018/11/17-22:00:50.131784 7f7e9601f0 Options.compaction_options_fifo.max_table_files_size: 1073741824
2018/11/17-22:00:50.131787 7f7e9601f0 Options.compaction_options_fifo.allow_compaction: 0
2018/11/17-22:00:50.131790 7f7e9601f0 Options.compaction_options_fifo.ttl: 0
2018/11/17-22:00:50.131793 7f7e9601f0                   Options.table_properties_collectors: 
2018/11/17-22:00:50.131796 7f7e9601f0                   Options.inplace_update_support: 0
2018/11/17-22:00:50.131799 7f7e9601f0                 Options.inplace_update_num_locks: 10000
2018/11/17-22:00:50.131802 7f7e9601f0               Options.memtable_prefix_bloom_size_ratio: 0.000000
2018/11/17-22:00:50.131806 7f7e9601f0   Options.memtable_huge_page_size: 0
2018/11/17-22:00:50.131809 7f7e9601f0                           Options.bloom_locality: 0
2018/11/17-22:00:50.131812 7f7e9601f0                    Options.max_successive_merges: 0
2018/11/17-22:00:50.131814 7f7e9601f0                Options.optimize_filters_for_hits: 0
2018/11/17-22:00:50.131817 7f7e9601f0                Options.paranoid_file_checks: 0
2018/11/17-22:00:50.131820 7f7e9601f0                Options.force_consistency_checks: 0
2018/11/17-22:00:50.131823 7f7e9601f0                Options.report_bg_io_stats: 0
2018/11/17-22:00:50.131826 7f7e9601f0                               Options.ttl: 0
2018/11/17-22:00:50.132542 7f7e9601f0 [db/column_family.cc:475] --------------- Options for column family [usertable]:
2018/11/17-22:00:50.132554 7f7e9601f0               Options.comparator: leveldb.BytewiseComparator
2018/11/17-22:00:50.132558 7f7e9601f0           Options.merge_operator: None
2018/11/17-22:00:50.132561 7f7e9601f0        Options.compaction_filter: None
2018/11/17-22:00:50.132564 7f7e9601f0        Options.compaction_filter_factory: None
2018/11/17-22:00:50.132567 7f7e9601f0         Options.memtable_factory: SkipListFactory
2018/11/17-22:00:50.132570 7f7e9601f0            Options.table_factory: BlockBasedTable
2018/11/17-22:00:50.132612 7f7e9601f0            table_factory options:   flush_block_policy_factory: FlushBlockBySizePolicyFactory (0x7f48374140)
  cache_index_and_filter_blocks: 0
  cache_index_and_filter_blocks_with_high_priority: 0
  pin_l0_filter_and_index_blocks_in_cache: 0
  index_type: 0
  hash_index_allow_collision: 1
  checksum: 1
  no_block_cache: 0
  block_cache: 0x7f48381030
  block_cache_name: LRUCache
  block_cache_options:
    capacity : 8388608
    num_shard_bits : 4
    strict_capacity_limit : 0
    high_pri_pool_ratio: 0.000
  block_cache_compressed: (nil)
  persistent_cache: (nil)
  block_size: 8192
  block_size_deviation: 10
  block_restart_interval: 16
  index_block_restart_interval: 1
  metadata_block_size: 4096
  partition_filters: 0
  use_delta_encoding: 1
  filter_policy: nullptr
  whole_key_filtering: 1
  verify_compression: 0
  read_amp_bytes_per_bit: 0
  format_version: 2
  enable_index_compression: 1
  block_align: 0
2018/11/17-22:00:50.132616 7f7e9601f0        Options.write_buffer_size: 134217728
2018/11/17-22:00:50.132642 7f7e9601f0  Options.max_write_buffer_number: 24
2018/11/17-22:00:50.132647 7f7e9601f0        Options.compression[0]: NoCompression
2018/11/17-22:00:50.132651 7f7e9601f0        Options.compression[1]: NoCompression
2018/11/17-22:00:50.132654 7f7e9601f0        Options.compression[2]: LZ4
2018/11/17-22:00:50.132657 7f7e9601f0        Options.compression[3]: LZ4
2018/11/17-22:00:50.132660 7f7e9601f0        Options.compression[4]: LZ4
2018/11/17-22:00:50.132663 7f7e9601f0        Options.compression[5]: LZ4
2018/11/17-22:00:50.132666 7f7e9601f0        Options.compression[6]: LZ4
2018/11/17-22:00:50.132668 7f7e9601f0                  Options.bottommost_compression: Disabled
2018/11/17-22:00:50.132671 7f7e9601f0       Options.prefix_extractor: nullptr
2018/11/17-22:00:50.132675 7f7e9601f0   Options.memtable_insert_with_hint_prefix_extractor: nullptr
2018/11/17-22:00:50.132677 7f7e9601f0             Options.num_levels: 7
2018/11/17-22:00:50.132680 7f7e9601f0        Options.min_write_buffer_number_to_merge: 2
2018/11/17-22:00:50.132683 7f7e9601f0     Options.max_write_buffer_number_to_maintain: 0
2018/11/17-22:00:50.132686 7f7e9601f0            Options.compression_opts.window_bits: -14
2018/11/17-22:00:50.132689 7f7e9601f0                  Options.compression_opts.level: -1
2018/11/17-22:00:50.132692 7f7e9601f0               Options.compression_opts.strategy: 0
2018/11/17-22:00:50.132694 7f7e9601f0         Options.compression_opts.max_dict_bytes: 0
2018/11/17-22:00:50.132697 7f7e9601f0         Options.compression_opts.zstd_max_train_bytes: 0
2018/11/17-22:00:50.132700 7f7e9601f0      Options.level0_file_num_compaction_trigger: 2
2018/11/17-22:00:50.132703 7f7e9601f0          Options.level0_slowdown_writes_trigger: 20
2018/11/17-22:00:50.132706 7f7e9601f0              Options.level0_stop_writes_trigger: 36
2018/11/17-22:00:50.132709 7f7e9601f0                   Options.target_file_size_base: 67108864
2018/11/17-22:00:50.132712 7f7e9601f0             Options.target_file_size_multiplier: 1
2018/11/17-22:00:50.132715 7f7e9601f0                Options.max_bytes_for_level_base: 536870912
2018/11/17-22:00:50.132717 7f7e9601f0 Options.level_compaction_dynamic_level_bytes: 0
2018/11/17-22:00:50.132720 7f7e9601f0          Options.max_bytes_for_level_multiplier: 10.000000
2018/11/17-22:00:50.132725 7f7e9601f0 Options.max_bytes_for_level_multiplier_addtl[0]: 1
2018/11/17-22:00:50.132728 7f7e9601f0 Options.max_bytes_for_level_multiplier_addtl[1]: 1
2018/11/17-22:00:50.132731 7f7e9601f0 Options.max_bytes_for_level_multiplier_addtl[2]: 1
2018/11/17-22:00:50.132734 7f7e9601f0 Options.max_bytes_for_level_multiplier_addtl[3]: 1
2018/11/17-22:00:50.132736 7f7e9601f0 Options.max_bytes_for_level_multiplier_addtl[4]: 1
2018/11/17-22:00:50.132739 7f7e9601f0 Options.max_bytes_for_level_multiplier_addtl[5]: 1
2018/11/17-22:00:50.132742 7f7e9601f0 Options.max_bytes_for_level_multiplier_addtl[6]: 1
2018/11/17-22:00:50.132745 7f7e9601f0       Options.max_sequential_skip_in_iterations: 8
2018/11/17-22:00:50.132748 7f7e9601f0                    Options.max_compaction_bytes: 1677721600
2018/11/17-22:00:50.132751 7f7e9601f0                        Options.arena_block_size: 16777216
2018/11/17-22:00:50.132754 7f7e9601f0   Options.soft_pending_compaction_bytes_limit: 68719476736
2018/11/17-22:00:50.132757 7f7e9601f0   Options.hard_pending_compaction_bytes_limit: 274877906944
2018/11/17-22:00:50.132759 7f7e9601f0       Options.rate_limit_delay_max_milliseconds: 100
2018/11/17-22:00:50.132762 7f7e9601f0                Options.disable_auto_compactions: 0
2018/11/17-22:00:50.132767 7f7e9601f0                        Options.compaction_style: kCompactionStyleLevel
2018/11/17-22:00:50.132771 7f7e9601f0                          Options.compaction_pri: kByCompensatedSize
2018/11/17-22:00:50.132774 7f7e9601f0 Options.compaction_options_universal.size_ratio: 1
2018/11/17-22:00:50.132777 7f7e9601f0 Options.compaction_options_universal.min_merge_width: 2
2018/11/17-22:00:50.132780 7f7e9601f0 Options.compaction_options_universal.max_merge_width: 4294967295
2018/11/17-22:00:50.132796 7f7e9601f0 Options.compaction_options_universal.max_size_amplification_percent: 200
2018/11/17-22:00:50.132801 7f7e9601f0 Options.compaction_options_universal.compression_size_percent: -1
2018/11/17-22:00:50.132805 7f7e9601f0 Options.compaction_options_universal.stop_style: kCompactionStopStyleTotalSize
2018/11/17-22:00:50.132808 7f7e9601f0 Options.compaction_options_fifo.max_table_files_size: 1073741824
2018/11/17-22:00:50.132811 7f7e9601f0 Options.compaction_options_fifo.allow_compaction: 0
2018/11/17-22:00:50.132814 7f7e9601f0 Options.compaction_options_fifo.ttl: 0
2018/11/17-22:00:50.132817 7f7e9601f0                   Options.table_properties_collectors: 
2018/11/17-22:00:50.132820 7f7e9601f0                   Options.inplace_update_support: 0
2018/11/17-22:00:50.132822 7f7e9601f0                 Options.inplace_update_num_locks: 10000
2018/11/17-22:00:50.132825 7f7e9601f0               Options.memtable_prefix_bloom_size_ratio: 0.000000
2018/11/17-22:00:50.132829 7f7e9601f0   Options.memtable_huge_page_size: 0
2018/11/17-22:00:50.132832 7f7e9601f0                           Options.bloom_locality: 0
2018/11/17-22:00:50.132835 7f7e9601f0                    Options.max_successive_merges: 0
2018/11/17-22:00:50.132838 7f7e9601f0                Options.optimize_filters_for_hits: 0
2018/11/17-22:00:50.132841 7f7e9601f0                Options.paranoid_file_checks: 0
2018/11/17-22:00:50.132843 7f7e9601f0                Options.force_consistency_checks: 0
2018/11/17-22:00:50.132846 7f7e9601f0                Options.report_bg_io_stats: 0
2018/11/17-22:00:50.132849 7f7e9601f0                               Options.ttl: 0
2018/11/17-22:00:50.601348 7f7e9601f0 [db/version_set.cc:3361] Recovered from manifest file:/mnt/sda/ycsb-rocksdb-data/MANIFEST-000004 succeeded,manifest_file_number is 4, next_file_number is 1221, last_sequence is 10375014, log_number is 0,prev_log_number is 0,max_column_family is 1,min_log_number_to_keep is 0
2018/11/17-22:00:50.601380 7f7e9601f0 [db/version_set.cc:3369] Column family [default] (ID 0), log number is 0
2018/11/17-22:00:50.601385 7f7e9601f0 [db/version_set.cc:3369] Column family [usertable] (ID 1), log number is 1213
2018/11/17-22:00:50.605468 7f7e9601f0 EVENT_LOG_v1 {"time_micros": 1542492050605442, "job": 1, "event": "recovery_started", "log_files": [1213, 1219, 1220, 1222]}
2018/11/17-22:00:50.605503 7f7e9601f0 [db/db_impl_open.cc:551] Recovering log #1213 mode 2
2018/11/17-22:00:51.181045 7f7e9601f0 [db/db_impl_open.cc:551] Recovering log #1219 mode 2
2018/11/17-22:00:51.882631 7f7e9601f0 EVENT_LOG_v1 {"time_micros": 1542492051882571, "cf_name": "usertable", "job": 1, "event": "table_file_creation", "file_number": 1221, "file_size": 129932595, "table_properties": {"data_size": 129355002, "index_size": 576671, "filter_size": 0, "raw_key_size": 752976, "raw_average_key_size": 24, "raw_value_size": 128507904, "raw_average_value_size": 4096, "num_data_blocks": 15687, "num_entries": 31374, "filter_policy_name": "", "kDeletedKeys": "0", "kMergeOperands": "0"}}
2018/11/17-22:00:52.456200 7f7e9601f0 [db/db_impl_open.cc:551] Recovering log #1220 mode 2
2018/11/17-22:00:53.139979 7f7e9601f0 EVENT_LOG_v1 {"time_micros": 1542492053139926, "cf_name": "usertable", "job": 1, "event": "table_file_creation", "file_number": 1222, "file_size": 129911917, "table_properties": {"data_size": 129334401, "index_size": 576594, "filter_size": 0, "raw_key_size": 752856, "raw_average_key_size": 24, "raw_value_size": 128487424, "raw_average_value_size": 4096, "num_data_blocks": 15685, "num_entries": 31369, "filter_policy_name": "", "kDeletedKeys": "0", "kMergeOperands": "0"}}
2018/11/17-22:00:53.590858 7f7e9601f0 [db/db_impl_open.cc:551] Recovering log #1222 mode 2
2018/11/17-22:00:54.291860 7f7e9601f0 EVENT_LOG_v1 {"time_micros": 1542492054291807, "cf_name": "usertable", "job": 1, "event": "table_file_creation", "file_number": 1223, "file_size": 129902322, "table_properties": {"data_size": 129321393, "index_size": 580007, "filter_size": 0, "raw_key_size": 752760, "raw_average_key_size": 24, "raw_value_size": 128471040, "raw_average_value_size": 4096, "num_data_blocks": 15683, "num_entries": 31365, "filter_policy_name": "", "kDeletedKeys": "0", "kMergeOperands": "0"}}
2018/11/17-22:00:54.403758 7f7e9601f0 [db/version_set.cc:2847] Creating manifest 1224
2018/11/17-22:00:54.852342 7f7e9601f0 EVENT_LOG_v1 {"time_micros": 1542492054852255, "cf_name": "usertable", "job": 1, "event": "table_file_creation", "file_number": 1225, "file_size": 30849897, "table_properties": {"data_size": 30712241, "index_size": 136735, "filter_size": 0, "raw_key_size": 178776, "raw_average_key_size": 24, "raw_value_size": 30511104, "raw_average_value_size": 4096, "num_data_blocks": 3725, "num_entries": 7449, "filter_policy_name": "", "kDeletedKeys": "0", "kMergeOperands": "0"}}
2018/11/17-22:00:54.912684 7f7e9601f0 EVENT_LOG_v1 {"time_micros": 1542492054912667, "job": 1, "event": "recovery_finished"}
2018/11/17-22:00:54.913660 7f7e9601f0 [db/column_family.cc:837] [usertable] Increasing compaction threads because we have 5 level-0 files 
2018/11/17-22:00:55.146955 7f7e9601f0 [db/db_impl_open.cc:1219] DB pointer 0x7f483d6140
2018/11/17-22:00:55.147665 7f47fff1f0 [WARN] [db/db_impl.cc:491] ------- DUMPING STATS -------
2018/11/17-22:00:55.147750 7f47fff1f0 [WARN] [db/db_impl.cc:492] 
** DB Stats **
Uptime(secs): 5.0 total, 5.0 interval
Cumulative writes: 0 writes, 0 keys, 0 commit groups, 0.0 writes per commit group, ingest: 0.00 GB, 0.00 MB/s
Cumulative WAL: 0 writes, 0 syncs, 0.00 writes per sync, written: 0.00 GB, 0.00 MB/s
Cumulative stall: 00:00:0.000 H:M:S, 0.0 percent
Interval writes: 0 writes, 0 keys, 0 commit groups, 0.0 writes per commit group, ingest: 0.00 MB, 0.00 MB/s
Interval WAL: 0 writes, 0 syncs, 0.00 writes per sync, written: 0.00 MB, 0.00 MB/s
Interval stall: 00:00:0.000 H:M:S, 0.0 percent

** Compaction Stats [default] **
Level    Files   Size     Score Read(GB)  Rn(GB) Rnp1(GB) Write(GB) Wnew(GB) Moved(GB) W-Amp Rd(MB/s) Wr(MB/s) Comp(sec) Comp(cnt) Avg(sec) KeyIn KeyDrop
----------------------------------------------------------------------------------------------------------------------------------------------------------
 Sum      0/0    0.00 KB   0.0      0.0     0.0      0.0       0.0      0.0       0.0   0.0      0.0      0.0         0         0    0.000       0      0
 Int      0/0    0.00 KB   0.0      0.0     0.0      0.0       0.0      0.0       0.0   0.0      0.0      0.0         0         0    0.000       0      0
Uptime(secs): 5.0 total, 5.0 interval
Flush(GB): cumulative 0.000, interval 0.000
AddFile(GB): cumulative 0.000, interval 0.000
AddFile(Total Files): cumulative 0, interval 0
AddFile(L0 Files): cumulative 0, interval 0
AddFile(Keys): cumulative 0, interval 0
Cumulative compaction: 0.00 GB write, 0.00 MB/s write, 0.00 GB read, 0.00 MB/s read, 0.0 seconds
Interval compaction: 0.00 GB write, 0.00 MB/s write, 0.00 GB read, 0.00 MB/s read, 0.0 seconds
Stalls(count): 0 level0_slowdown, 0 level0_slowdown_with_compaction, 0 level0_numfiles, 0 level0_numfiles_with_compaction, 0 stop for pending_compaction_bytes, 0 slowdown for pending_compaction_bytes, 0 memtable_compaction, 0 memtable_slowdown, interval 0 total count

** File Read Latency Histogram By Level [default] **

** Compaction Stats [usertable] **
Level    Files   Size     Score Read(GB)  Rn(GB) Rnp1(GB) Write(GB) Wnew(GB) Moved(GB) W-Amp Rd(MB/s) Wr(MB/s) Comp(sec) Comp(cnt) Avg(sec) KeyIn KeyDrop
----------------------------------------------------------------------------------------------------------------------------------------------------------
  L0      5/0   636.27 MB   2.5      0.0     0.0      0.0       0.4      0.4       0.0   1.0      0.0    168.8         2         4    0.594       0      0
  L1      8/0   461.82 MB   0.9      0.0     0.0      0.0       0.0      0.0       0.0   0.0      0.0      0.0         0         0    0.000       0      0
  L2    114/0    4.95 GB   1.0      0.0     0.0      0.0       0.0      0.0       0.0   0.0      0.0      0.0         0         0    0.000       0      0
  L3    550/0   34.15 GB   0.7      0.0     0.0      0.0       0.0      0.0       0.0   0.0      0.0      0.0         0         0    0.000       0      0
 Sum    677/0   40.18 GB   0.0      0.0     0.0      0.0       0.4      0.4       0.0   1.0      0.0    168.8         2         4    0.594       0      0
 Int      0/0    0.00 KB   0.0      0.0     0.0      0.0       0.4      0.4       0.0   1.0      0.0    168.8         2         4    0.594       0      0
Uptime(secs): 5.0 total, 5.0 interval
Flush(GB): cumulative 0.392, interval 0.392
AddFile(GB): cumulative 0.000, interval 0.000
AddFile(Total Files): cumulative 0, interval 0
AddFile(L0 Files): cumulative 0, interval 0
AddFile(Keys): cumulative 0, interval 0
Cumulative compaction: 0.39 GB write, 79.98 MB/s write, 0.00 GB read, 0.00 MB/s read, 2.4 seconds
Interval compaction: 0.39 GB write, 79.98 MB/s write, 0.00 GB read, 0.00 MB/s read, 2.4 seconds
Stalls(count): 0 level0_slowdown, 0 level0_slowdown_with_compaction, 0 level0_numfiles, 0 level0_numfiles_with_compaction, 0 stop for pending_compaction_bytes, 0 slowdown for pending_compaction_bytes, 0 memtable_compaction, 0 memtable_slowdown, interval 0 total count

** File Read Latency Histogram By Level [usertable] **

** Compaction Stats [default] **
Level    Files   Size     Score Read(GB)  Rn(GB) Rnp1(GB) Write(GB) Wnew(GB) Moved(GB) W-Amp Rd(MB/s) Wr(MB/s) Comp(sec) Comp(cnt) Avg(sec) KeyIn KeyDrop
----------------------------------------------------------------------------------------------------------------------------------------------------------
 Sum      0/0    0.00 KB   0.0      0.0     0.0      0.0       0.0      0.0       0.0   0.0      0.0      0.0         0         0    0.000       0      0
 Int      0/0    0.00 KB   0.0      0.0     0.0      0.0       0.0      0.0       0.0   0.0      0.0      0.0         0         0    0.000       0      0
Uptime(secs): 5.0 total, 0.0 interval
Flush(GB): cumulative 0.000, interval 0.000
AddFile(GB): cumulative 0.000, interval 0.000
AddFile(Total Files): cumulative 0, interval 0
AddFile(L0 Files): cumulative 0, interval 0
AddFile(Keys): cumulative 0, interval 0
Cumulative compaction: 0.00 GB write, 0.00 MB/s write, 0.00 GB read, 0.00 MB/s read, 0.0 seconds
Interval compaction: 0.00 GB write, 0.00 MB/s write, 0.00 GB read, 0.00 MB/s read, 0.0 seconds
Stalls(count): 0 level0_slowdown, 0 level0_slowdown_with_compaction, 0 level0_numfiles, 0 level0_numfiles_with_compaction, 0 stop for pending_compaction_bytes, 0 slowdown for pending_compaction_bytes, 0 memtable_compaction, 0 memtable_slowdown, interval 0 total count

** File Read Latency Histogram By Level [default] **

** Compaction Stats [usertable] **
Level    Files   Size     Score Read(GB)  Rn(GB) Rnp1(GB) Write(GB) Wnew(GB) Moved(GB) W-Amp Rd(MB/s) Wr(MB/s) Comp(sec) Comp(cnt) Avg(sec) KeyIn KeyDrop
----------------------------------------------------------------------------------------------------------------------------------------------------------
  L0      5/0   636.27 MB   2.5      0.0     0.0      0.0       0.4      0.4       0.0   1.0      0.0    168.8         2         4    0.594       0      0
  L1      8/0   461.82 MB   0.9      0.0     0.0      0.0       0.0      0.0       0.0   0.0      0.0      0.0         0         0    0.000       0      0
  L2    114/0    4.95 GB   1.0      0.0     0.0      0.0       0.0      0.0       0.0   0.0      0.0      0.0         0         0    0.000       0      0
  L3    550/0   34.15 GB   0.7      0.0     0.0      0.0       0.0      0.0       0.0   0.0      0.0      0.0         0         0    0.000       0      0
 Sum    677/0   40.18 GB   0.0      0.0     0.0      0.0       0.4      0.4       0.0   1.0      0.0    168.8         2         4    0.594       0      0
 Int      0/0    0.00 KB   0.0      0.0     0.0      0.0       0.0      0.0       0.0   0.0      0.0      0.0         0         0    0.000       0      0
Uptime(secs): 5.0 total, 0.0 interval
Flush(GB): cumulative 0.392, interval 0.000
AddFile(GB): cumulative 0.000, interval 0.000
AddFile(Total Files): cumulative 0, interval 0
AddFile(L0 Files): cumulative 0, interval 0
AddFile(Keys): cumulative 0, interval 0
Cumulative compaction: 0.39 GB write, 79.98 MB/s write, 0.00 GB read, 0.00 MB/s read, 2.4 seconds
Interval compaction: 0.00 GB write, 0.00 MB/s write, 0.00 GB read, 0.00 MB/s read, 0.0 seconds
Stalls(count): 0 level0_slowdown, 0 level0_slowdown_with_compaction, 0 level0_numfiles, 0 level0_numfiles_with_compaction, 0 stop for pending_compaction_bytes, 0 slowdown for pending_compaction_bytes, 0 memtable_compaction, 0 memtable_slowdown, interval 0 total count

** File Read Latency Histogram By Level [usertable] **
2018/11/17-22:00:55.148664 7f7c95f1f0 [db/compaction_job.cc:1531] [usertable] [JOB 4] Compacting 4@0 files to L0, score 2.00
2018/11/17-22:00:55.148743 7f7c95f1f0 [db/compaction_job.cc:1535] [usertable] Compaction start summary: Base version 5 Base level 0, inputs: [1225(29MB) 1223(123MB) 1222(123MB) 1221(123MB)]
2018/11/17-22:00:55.149373 7f7c95f1f0 EVENT_LOG_v1 {"time_micros": 1542492055149286, "job": 4, "event": "compaction_started", "compaction_reason": "LevelL0FilesNum", "files_L0": [1225, 1223, 1222, 1221], "score": 2, "input_data_size": 420596731}
2018/11/17-22:00:55.206063 7f47fff1f0 [db/column_family.cc:837] [usertable] Increasing compaction threads because we have 4 level-0 files 
2018/11/17-22:00:55.206851 7f47fff1f0 (Original Log Time 2018/11/17-22:00:55.148110) [db/db_impl_compaction_flush.cc:1835] [usertable] Moving #74 to level-1 246579796 bytes
2018/11/17-22:00:55.206873 7f47fff1f0 (Original Log Time 2018/11/17-22:00:55.206305) EVENT_LOG_v1 {"time_micros": 1542492055206273, "job": 3, "event": "trivial_move", "destination_level": 1, "files": 1, "total_files_size": 246579796}
2018/11/17-22:00:55.206884 7f47fff1f0 (Original Log Time 2018/11/17-22:00:55.206346) [db/db_impl_compaction_flush.cc:1864] [usertable] Moved #1 files to level-1 246579796 bytes OK: base level 1 max bytes base 536870912 files[4 9 114 550 0 0 0] max score 1.36
2018/11/17-22:00:55.209351 7f46ffd1f0 [db/compaction_job.cc:1531] [usertable] [JOB 5] Compacting 1@1 files to L2, score 1.36
2018/11/17-22:00:55.209386 7f46ffd1f0 [db/compaction_job.cc:1535] [usertable] Compaction start summary: Base version 6 Base level 1, inputs: [74(235MB)]
2018/11/17-22:00:55.209444 7f46ffd1f0 EVENT_LOG_v1 {"time_micros": 1542492055209422, "job": 5, "event": "compaction_started", "compaction_reason": "LevelMaxLevelSize", "files_L1": [74], "score": 1.36129, "input_data_size": 246579796}
2018/11/17-22:00:58.014346 7f46ffd1f0 [db/compaction_job.cc:1211] [usertable] [JOB 5] Generated table #1230: 16279 keys, 67233548 bytes
2018/11/17-22:00:58.014440 7f46ffd1f0 EVENT_LOG_v1 {"time_micros": 1542492058014411, "cf_name": "usertable", "job": 5, "event": "table_file_creation", "file_number": 1230, "file_size": 67233548, "table_properties": {"data_size": 67120140, "index_size": 300916, "filter_size": 0, "raw_key_size": 390696, "raw_average_key_size": 24, "raw_value_size": 66678784, "raw_average_value_size": 4096, "num_data_blocks": 8140, "num_entries": 16279, "filter_policy_name": "", "kDeletedKeys": "0", "kMergeOperands": "0"}}
2018/11/17-22:00:59.096346 7f7c95f1f0 [db/compaction_job.cc:1211] [usertable] [JOB 4] Generated table #1229: 101557 keys, 420605954 bytes
2018/11/17-22:00:59.096716 7f7c95f1f0 EVENT_LOG_v1 {"time_micros": 1542492059096435, "cf_name": "usertable", "job": 4, "event": "table_file_creation", "file_number": 1229, "file_size": 420605954, "table_properties": {"data_size": 418719525, "index_size": 1885502, "filter_size": 0, "raw_key_size": 2437368, "raw_average_key_size": 24, "raw_value_size": 415977472, "raw_average_value_size": 4096, "num_data_blocks": 50779, "num_entries": 101557, "filter_policy_name": "", "kDeletedKeys": "0", "kMergeOperands": "0"}}
2018/11/17-22:00:59.117323 7f7c95f1f0 [db/compaction_job.cc:1287] [usertable] [JOB 4] Compacted 4@0 files to L0 => 420605954 bytes
2018/11/17-22:00:59.179084 7f7c95f1f0 (Original Log Time 2018/11/17-22:00:59.177888) [db/compaction_job.cc:685] [usertable] compacted to: base level 1 max bytes base 536870912 files[1 9 114 550 0 0 0] max score 0.99, MB/sec: 106.6 rd, 106.6 wr, level 0, files in(0, 4) out(1) MB in(0.0, 401.1) out(401.1), read-write-amplify(0.0) write-amplify(0.0) OK, records in: 101557, records dropped: 0 output_compression: NoCompression
2018/11/17-22:00:59.179123 7f7c95f1f0 (Original Log Time 2018/11/17-22:00:59.178473) EVENT_LOG_v1 {"time_micros": 1542492059178417, "job": 4, "event": "compaction_finished", "compaction_time_micros": 3947306, "output_level": 0, "num_output_files": 1, "total_output_size": 420605954, "num_input_records": 101557, "num_output_records": 101557, "num_subcompactions": 1, "output_compression": "NoCompression", "num_single_delete_mismatches": 0, "num_single_delete_fallthrough": 0, "lsm_state": [1, 9, 114, 550, 0, 0, 0]}
2018/11/17-22:01:00.489708 7f46ffd1f0 [db/compaction_job.cc:1211] [usertable] [JOB 5] Generated table #1231: 16279 keys, 67233342 bytes
2018/11/17-22:01:00.489898 7f46ffd1f0 EVENT_LOG_v1 {"time_micros": 1542492060489825, "cf_name": "usertable", "job": 5, "event": "table_file_creation", "file_number": 1231, "file_size": 67233342, "table_properties": {"data_size": 67118331, "index_size": 299107, "filter_size": 0, "raw_key_size": 390696, "raw_average_key_size": 24, "raw_value_size": 66678784, "raw_average_value_size": 4096, "num_data_blocks": 8140, "num_entries": 16279, "filter_policy_name": "", "kDeletedKeys": "0", "kMergeOperands": "0"}}
2018/11/17-22:01:01.819798 7f46ffd1f0 [db/compaction_job.cc:1211] [usertable] [JOB 5] Generated table #1232: 16279 keys, 67233490 bytes
2018/11/17-22:01:01.819896 7f46ffd1f0 EVENT_LOG_v1 {"time_micros": 1542492061819865, "cf_name": "usertable", "job": 5, "event": "table_file_creation", "file_number": 1232, "file_size": 67233490, "table_properties": {"data_size": 67120139, "index_size": 300916, "filter_size": 0, "raw_key_size": 390696, "raw_average_key_size": 24, "raw_value_size": 66678784, "raw_average_value_size": 4096, "num_data_blocks": 8140, "num_entries": 16279, "filter_policy_name": "", "kDeletedKeys": "0", "kMergeOperands": "0"}}
2018/11/17-22:01:02.925921 7f46ffd1f0 [db/compaction_job.cc:1211] [usertable] [JOB 5] Generated table #1233: 10700 keys, 44192011 bytes
2018/11/17-22:01:02.926087 7f46ffd1f0 EVENT_LOG_v1 {"time_micros": 1542492062926037, "cf_name": "usertable", "job": 5, "event": "table_file_creation", "file_number": 1233, "file_size": 44192011, "table_properties": {"data_size": 44116100, "index_size": 196497, "filter_size": 0, "raw_key_size": 256800, "raw_average_key_size": 24, "raw_value_size": 43827200, "raw_average_value_size": 4096, "num_data_blocks": 5350, "num_entries": 10700, "filter_policy_name": "", "kDeletedKeys": "0", "kMergeOperands": "0"}}
2018/11/17-22:01:02.926245 7f46ffd1f0 [db/compaction_job.cc:1287] [usertable] [JOB 5] Compacted 1@1 files to L2 => 245892391 bytes
