2018/11/30-00:15:54.078769 7f958ab1f0 RocksDB version: 5.14.3
2018/11/30-00:15:54.078919 7f958ab1f0 Git sha rocksdb_build_git_sha:
2018/11/30-00:15:54.078926 7f958ab1f0 Compile date Nov 24 2018
2018/11/30-00:15:54.078935 7f958ab1f0 DB SUMMARY
2018/11/30-00:15:54.078978 7f958ab1f0 SST files in /mnt/sda/ycsb-rocksdb-data dir, Total Num: 0, files: 
2018/11/30-00:15:54.078984 7f958ab1f0 Write Ahead Log file in /mnt/sda/ycsb-rocksdb-data: 
2018/11/30-00:15:54.078990 7f958ab1f0                         Options.error_if_exists: 0
2018/11/30-00:15:54.078994 7f958ab1f0                       Options.create_if_missing: 1
2018/11/30-00:15:54.078997 7f958ab1f0                         Options.paranoid_checks: 1
2018/11/30-00:15:54.079001 7f958ab1f0                                     Options.env: 0x7f950a4f70
2018/11/30-00:15:54.079004 7f958ab1f0                                Options.info_log: 0x7f483ce980
2018/11/30-00:15:54.079007 7f958ab1f0                Options.max_file_opening_threads: 16
2018/11/30-00:15:54.079010 7f958ab1f0                              Options.statistics: (nil)
2018/11/30-00:15:54.079014 7f958ab1f0                               Options.use_fsync: 0
2018/11/30-00:15:54.079017 7f958ab1f0                       Options.max_log_file_size: 0
2018/11/30-00:15:54.079019 7f958ab1f0                  Options.max_manifest_file_size: 18446744073709551615
2018/11/30-00:15:54.079022 7f958ab1f0                   Options.log_file_time_to_roll: 0
2018/11/30-00:15:54.079025 7f958ab1f0                       Options.keep_log_file_num: 1000
2018/11/30-00:15:54.079028 7f958ab1f0                    Options.recycle_log_file_num: 0
2018/11/30-00:15:54.079031 7f958ab1f0                         Options.allow_fallocate: 1
2018/11/30-00:15:54.079034 7f958ab1f0                        Options.allow_mmap_reads: 0
2018/11/30-00:15:54.079037 7f958ab1f0                       Options.allow_mmap_writes: 0
2018/11/30-00:15:54.079040 7f958ab1f0                        Options.use_direct_reads: 0
2018/11/30-00:15:54.079042 7f958ab1f0                        Options.use_direct_io_for_flush_and_compaction: 0
2018/11/30-00:15:54.079045 7f958ab1f0          Options.create_missing_column_families: 1
2018/11/30-00:15:54.079048 7f958ab1f0                              Options.db_log_dir: 
2018/11/30-00:15:54.079051 7f958ab1f0                                 Options.wal_dir: /mnt/sda/ycsb-rocksdb-data
2018/11/30-00:15:54.079053 7f958ab1f0                Options.table_cache_numshardbits: 6
2018/11/30-00:15:54.079056 7f958ab1f0                      Options.max_subcompactions: 4
2018/11/30-00:15:54.079059 7f958ab1f0                  Options.max_background_flushes: 6
2018/11/30-00:15:54.079062 7f958ab1f0                         Options.WAL_ttl_seconds: 0
2018/11/30-00:15:54.079065 7f958ab1f0                       Options.WAL_size_limit_MB: 0
2018/11/30-00:15:54.079068 7f958ab1f0             Options.manifest_preallocation_size: 4194304
2018/11/30-00:15:54.079071 7f958ab1f0                     Options.is_fd_close_on_exec: 1
2018/11/30-00:15:54.079073 7f958ab1f0                   Options.advise_random_on_open: 1
2018/11/30-00:15:54.079076 7f958ab1f0                    Options.db_write_buffer_size: 0
2018/11/30-00:15:54.079079 7f958ab1f0                    Options.write_buffer_manager: 0x7f483cfc60
2018/11/30-00:15:54.079082 7f958ab1f0         Options.access_hint_on_compaction_start: 1
2018/11/30-00:15:54.079085 7f958ab1f0  Options.new_table_reader_for_compaction_inputs: 0
2018/11/30-00:15:54.079088 7f958ab1f0           Options.random_access_max_buffer_size: 1048576
2018/11/30-00:15:54.079091 7f958ab1f0                      Options.use_adaptive_mutex: 0
2018/11/30-00:15:54.079094 7f958ab1f0                            Options.rate_limiter: (nil)
2018/11/30-00:15:54.079099 7f958ab1f0     Options.sst_file_manager.rate_bytes_per_sec: 0
2018/11/30-00:15:54.079102 7f958ab1f0                       Options.wal_recovery_mode: 2
2018/11/30-00:15:54.079105 7f958ab1f0                  Options.enable_thread_tracking: 0
2018/11/30-00:15:54.079108 7f958ab1f0                  Options.enable_pipelined_write: 1
2018/11/30-00:15:54.079111 7f958ab1f0         Options.allow_concurrent_memtable_write: 1
2018/11/30-00:15:54.079130 7f958ab1f0      Options.enable_write_thread_adaptive_yield: 1
2018/11/30-00:15:54.079135 7f958ab1f0             Options.write_thread_max_yield_usec: 100
2018/11/30-00:15:54.079138 7f958ab1f0            Options.write_thread_slow_yield_usec: 3
2018/11/30-00:15:54.079141 7f958ab1f0                               Options.row_cache: None
2018/11/30-00:15:54.079143 7f958ab1f0                              Options.wal_filter: None
2018/11/30-00:15:54.079147 7f958ab1f0             Options.avoid_flush_during_recovery: 0
2018/11/30-00:15:54.079150 7f958ab1f0             Options.allow_ingest_behind: 0
2018/11/30-00:15:54.079153 7f958ab1f0             Options.preserve_deletes: 0
2018/11/30-00:15:54.079155 7f958ab1f0             Options.two_write_queues: 0
2018/11/30-00:15:54.079158 7f958ab1f0             Options.manual_wal_flush: 0
2018/11/30-00:15:54.079164 7f958ab1f0             Options.max_background_jobs: 6
2018/11/30-00:15:54.079167 7f958ab1f0             Options.max_background_compactions: 6
2018/11/30-00:15:54.079170 7f958ab1f0             Options.avoid_flush_during_shutdown: 0
2018/11/30-00:15:54.079172 7f958ab1f0           Options.writable_file_max_buffer_size: 1048576
2018/11/30-00:15:54.079175 7f958ab1f0             Options.delayed_write_rate : 16777216
2018/11/30-00:15:54.079178 7f958ab1f0             Options.max_total_wal_size: 0
2018/11/30-00:15:54.079181 7f958ab1f0             Options.delete_obsolete_files_period_micros: 21600000000
2018/11/30-00:15:54.079184 7f958ab1f0                   Options.stats_dump_period_sec: 60
2018/11/30-00:15:54.079187 7f958ab1f0                          Options.max_open_files: -1
2018/11/30-00:15:54.079190 7f958ab1f0                          Options.bytes_per_sync: 1048576
2018/11/30-00:15:54.079193 7f958ab1f0                      Options.wal_bytes_per_sync: 0
2018/11/30-00:15:54.079196 7f958ab1f0       Options.compaction_readahead_size: 0
2018/11/30-00:15:54.079199 7f958ab1f0 Compression algorithms supported:
2018/11/30-00:15:54.079202 7f958ab1f0 	kZSTDNotFinalCompression supported: 1
2018/11/30-00:15:54.079235 7f958ab1f0 	kZSTD supported: 1
2018/11/30-00:15:54.079241 7f958ab1f0 	kXpressCompression supported: 0
2018/11/30-00:15:54.079244 7f958ab1f0 	kLZ4HCCompression supported: 1
2018/11/30-00:15:54.079247 7f958ab1f0 	kLZ4Compression supported: 1
2018/11/30-00:15:54.079250 7f958ab1f0 	kBZip2Compression supported: 1
2018/11/30-00:15:54.079253 7f958ab1f0 	kZlibCompression supported: 1
2018/11/30-00:15:54.079256 7f958ab1f0 	kSnappyCompression supported: 1
2018/11/30-00:15:54.079264 7f958ab1f0 Fast CRC32 supported: Not supported on x86
2018/11/30-00:15:54.079427 7f958ab1f0 [db/db_impl_open.cc:222] Creating manifest 1 
2018/11/30-00:15:54.182636 7f958ab1f0 [db/version_set.cc:3085] Recovering from manifest file: MANIFEST-000001
2018/11/30-00:15:54.182906 7f958ab1f0 [db/column_family.cc:475] --------------- Options for column family [default]:
2018/11/30-00:15:54.182916 7f958ab1f0               Options.comparator: leveldb.BytewiseComparator
2018/11/30-00:15:54.182920 7f958ab1f0           Options.merge_operator: None
2018/11/30-00:15:54.182923 7f958ab1f0        Options.compaction_filter: None
2018/11/30-00:15:54.182926 7f958ab1f0        Options.compaction_filter_factory: None
2018/11/30-00:15:54.182930 7f958ab1f0         Options.memtable_factory: SkipListFactory
2018/11/30-00:15:54.182933 7f958ab1f0            Options.table_factory: BlockBasedTable
2018/11/30-00:15:54.182989 7f958ab1f0            table_factory options:   flush_block_policy_factory: FlushBlockBySizePolicyFactory (0x7f48393dc0)
  cache_index_and_filter_blocks: 0
  cache_index_and_filter_blocks_with_high_priority: 0
  pin_l0_filter_and_index_blocks_in_cache: 0
  index_type: 0
  hash_index_allow_collision: 1
  checksum: 1
  no_block_cache: 0
  block_cache: 0x7f48398bc0
  block_cache_name: LRUCache
  block_cache_options:
    capacity : 8388608
    num_shard_bits : 4
    strict_capacity_limit : 0
    high_pri_pool_ratio: 0.000
  block_cache_compressed: (nil)
  persistent_cache: (nil)
  block_size: 8192
  block_size_deviation: 10
  block_restart_interval: 16
  index_block_restart_interval: 1
  metadata_block_size: 4096
  partition_filters: 0
  use_delta_encoding: 1
  filter_policy: nullptr
  whole_key_filtering: 1
  verify_compression: 0
  read_amp_bytes_per_bit: 0
  format_version: 2
  enable_index_compression: 1
  block_align: 0
2018/11/30-00:15:54.183032 7f958ab1f0        Options.write_buffer_size: 134217728
2018/11/30-00:15:54.183038 7f958ab1f0  Options.max_write_buffer_number: 24
2018/11/30-00:15:54.183041 7f958ab1f0        Options.compression[0]: NoCompression
2018/11/30-00:15:54.183044 7f958ab1f0        Options.compression[1]: NoCompression
2018/11/30-00:15:54.183047 7f958ab1f0        Options.compression[2]: LZ4
2018/11/30-00:15:54.183050 7f958ab1f0        Options.compression[3]: LZ4
2018/11/30-00:15:54.183053 7f958ab1f0        Options.compression[4]: LZ4
2018/11/30-00:15:54.183056 7f958ab1f0        Options.compression[5]: LZ4
2018/11/30-00:15:54.183059 7f958ab1f0        Options.compression[6]: LZ4
2018/11/30-00:15:54.183061 7f958ab1f0                  Options.bottommost_compression: Disabled
2018/11/30-00:15:54.183064 7f958ab1f0       Options.prefix_extractor: nullptr
2018/11/30-00:15:54.183067 7f958ab1f0   Options.memtable_insert_with_hint_prefix_extractor: nullptr
2018/11/30-00:15:54.183070 7f958ab1f0             Options.num_levels: 7
2018/11/30-00:15:54.183073 7f958ab1f0        Options.min_write_buffer_number_to_merge: 2
2018/11/30-00:15:54.183076 7f958ab1f0     Options.max_write_buffer_number_to_maintain: 0
2018/11/30-00:15:54.183078 7f958ab1f0            Options.compression_opts.window_bits: -14
2018/11/30-00:15:54.183081 7f958ab1f0                  Options.compression_opts.level: -1
2018/11/30-00:15:54.183084 7f958ab1f0               Options.compression_opts.strategy: 0
2018/11/30-00:15:54.183087 7f958ab1f0         Options.compression_opts.max_dict_bytes: 0
2018/11/30-00:15:54.183090 7f958ab1f0         Options.compression_opts.zstd_max_train_bytes: 0
2018/11/30-00:15:54.183092 7f958ab1f0      Options.level0_file_num_compaction_trigger: 2
2018/11/30-00:15:54.183095 7f958ab1f0          Options.level0_slowdown_writes_trigger: 20
2018/11/30-00:15:54.183098 7f958ab1f0              Options.level0_stop_writes_trigger: 36
2018/11/30-00:15:54.183100 7f958ab1f0                   Options.target_file_size_base: 67108864
2018/11/30-00:15:54.183103 7f958ab1f0             Options.target_file_size_multiplier: 1
2018/11/30-00:15:54.183106 7f958ab1f0                Options.max_bytes_for_level_base: 536870912
2018/11/30-00:15:54.183108 7f958ab1f0 Options.level_compaction_dynamic_level_bytes: 0
2018/11/30-00:15:54.183111 7f958ab1f0          Options.max_bytes_for_level_multiplier: 10.000000
2018/11/30-00:15:54.183117 7f958ab1f0 Options.max_bytes_for_level_multiplier_addtl[0]: 1
2018/11/30-00:15:54.183120 7f958ab1f0 Options.max_bytes_for_level_multiplier_addtl[1]: 1
2018/11/30-00:15:54.183123 7f958ab1f0 Options.max_bytes_for_level_multiplier_addtl[2]: 1
2018/11/30-00:15:54.183126 7f958ab1f0 Options.max_bytes_for_level_multiplier_addtl[3]: 1
2018/11/30-00:15:54.183129 7f958ab1f0 Options.max_bytes_for_level_multiplier_addtl[4]: 1
2018/11/30-00:15:54.183131 7f958ab1f0 Options.max_bytes_for_level_multiplier_addtl[5]: 1
2018/11/30-00:15:54.183134 7f958ab1f0 Options.max_bytes_for_level_multiplier_addtl[6]: 1
2018/11/30-00:15:54.183136 7f958ab1f0       Options.max_sequential_skip_in_iterations: 8
2018/11/30-00:15:54.183139 7f958ab1f0                    Options.max_compaction_bytes: 1677721600
2018/11/30-00:15:54.183142 7f958ab1f0                        Options.arena_block_size: 16777216
2018/11/30-00:15:54.183145 7f958ab1f0   Options.soft_pending_compaction_bytes_limit: 68719476736
2018/11/30-00:15:54.183148 7f958ab1f0   Options.hard_pending_compaction_bytes_limit: 274877906944
2018/11/30-00:15:54.183150 7f958ab1f0       Options.rate_limit_delay_max_milliseconds: 100
2018/11/30-00:15:54.183153 7f958ab1f0                Options.disable_auto_compactions: 0
2018/11/30-00:15:54.183157 7f958ab1f0                        Options.compaction_style: kCompactionStyleLevel
2018/11/30-00:15:54.183176 7f958ab1f0                          Options.compaction_pri: kByCompensatedSize
2018/11/30-00:15:54.183181 7f958ab1f0 Options.compaction_options_universal.size_ratio: 1
2018/11/30-00:15:54.183183 7f958ab1f0 Options.compaction_options_universal.min_merge_width: 2
2018/11/30-00:15:54.183186 7f958ab1f0 Options.compaction_options_universal.max_merge_width: 4294967295
2018/11/30-00:15:54.183189 7f958ab1f0 Options.compaction_options_universal.max_size_amplification_percent: 200
2018/11/30-00:15:54.183192 7f958ab1f0 Options.compaction_options_universal.compression_size_percent: -1
2018/11/30-00:15:54.183196 7f958ab1f0 Options.compaction_options_universal.stop_style: kCompactionStopStyleTotalSize
2018/11/30-00:15:54.183199 7f958ab1f0 Options.compaction_options_fifo.max_table_files_size: 1073741824
2018/11/30-00:15:54.183202 7f958ab1f0 Options.compaction_options_fifo.allow_compaction: 0
2018/11/30-00:15:54.183204 7f958ab1f0 Options.compaction_options_fifo.ttl: 0
2018/11/30-00:15:54.183207 7f958ab1f0                   Options.table_properties_collectors: 
2018/11/30-00:15:54.183210 7f958ab1f0                   Options.inplace_update_support: 0
2018/11/30-00:15:54.183213 7f958ab1f0                 Options.inplace_update_num_locks: 10000
2018/11/30-00:15:54.183215 7f958ab1f0               Options.memtable_prefix_bloom_size_ratio: 0.000000
2018/11/30-00:15:54.183219 7f958ab1f0   Options.memtable_huge_page_size: 0
2018/11/30-00:15:54.183222 7f958ab1f0                           Options.bloom_locality: 0
2018/11/30-00:15:54.183224 7f958ab1f0                    Options.max_successive_merges: 0
2018/11/30-00:15:54.183227 7f958ab1f0                Options.optimize_filters_for_hits: 0
2018/11/30-00:15:54.183230 7f958ab1f0                Options.paranoid_file_checks: 0
2018/11/30-00:15:54.183232 7f958ab1f0                Options.force_consistency_checks: 0
2018/11/30-00:15:54.183235 7f958ab1f0                Options.report_bg_io_stats: 0
2018/11/30-00:15:54.183237 7f958ab1f0                               Options.ttl: 0
2018/11/30-00:15:54.185591 7f958ab1f0 [db/version_set.cc:3361] Recovered from manifest file:/mnt/sda/ycsb-rocksdb-data/MANIFEST-000001 succeeded,manifest_file_number is 1, next_file_number is 3, last_sequence is 0, log_number is 0,prev_log_number is 0,max_column_family is 0,min_log_number_to_keep is 0
2018/11/30-00:15:54.185641 7f958ab1f0 [db/version_set.cc:3369] Column family [default] (ID 0), log number is 0
2018/11/30-00:15:54.186506 7f958ab1f0 [db/version_set.cc:2847] Creating manifest 4
2018/11/30-00:15:54.261011 7f958ab1f0 [db/column_family.cc:475] --------------- Options for column family [usertable]:
2018/11/30-00:15:54.261054 7f958ab1f0               Options.comparator: leveldb.BytewiseComparator
2018/11/30-00:15:54.261062 7f958ab1f0           Options.merge_operator: None
2018/11/30-00:15:54.261068 7f958ab1f0        Options.compaction_filter: None
2018/11/30-00:15:54.261075 7f958ab1f0        Options.compaction_filter_factory: None
2018/11/30-00:15:54.261081 7f958ab1f0         Options.memtable_factory: SkipListFactory
2018/11/30-00:15:54.261088 7f958ab1f0            Options.table_factory: BlockBasedTable
2018/11/30-00:15:54.261209 7f958ab1f0            table_factory options:   flush_block_policy_factory: FlushBlockBySizePolicyFactory (0x7f4838db30)
  cache_index_and_filter_blocks: 0
  cache_index_and_filter_blocks_with_high_priority: 0
  pin_l0_filter_and_index_blocks_in_cache: 0
  index_type: 0
  hash_index_allow_collision: 1
  checksum: 1
  no_block_cache: 0
  block_cache: 0x7f48398b50
  block_cache_name: LRUCache
  block_cache_options:
    capacity : 8388608
    num_shard_bits : 4
    strict_capacity_limit : 0
    high_pri_pool_ratio: 0.000
  block_cache_compressed: (nil)
  persistent_cache: (nil)
  block_size: 8192
  block_size_deviation: 10
  block_restart_interval: 16
  index_block_restart_interval: 1
  metadata_block_size: 4096
  partition_filters: 0
  use_delta_encoding: 1
  filter_policy: nullptr
  whole_key_filtering: 1
  verify_compression: 0
  read_amp_bytes_per_bit: 0
  format_version: 2
  enable_index_compression: 1
  block_align: 0
2018/11/30-00:15:54.261221 7f958ab1f0        Options.write_buffer_size: 134217728
2018/11/30-00:15:54.261229 7f958ab1f0  Options.max_write_buffer_number: 24
2018/11/30-00:15:54.261236 7f958ab1f0        Options.compression[0]: NoCompression
2018/11/30-00:15:54.261243 7f958ab1f0        Options.compression[1]: NoCompression
2018/11/30-00:15:54.261249 7f958ab1f0        Options.compression[2]: LZ4
2018/11/30-00:15:54.261255 7f958ab1f0        Options.compression[3]: LZ4
2018/11/30-00:15:54.261261 7f958ab1f0        Options.compression[4]: LZ4
2018/11/30-00:15:54.261267 7f958ab1f0        Options.compression[5]: LZ4
2018/11/30-00:15:54.261273 7f958ab1f0        Options.compression[6]: LZ4
2018/11/30-00:15:54.261280 7f958ab1f0                  Options.bottommost_compression: Disabled
2018/11/30-00:15:54.261286 7f958ab1f0       Options.prefix_extractor: nullptr
2018/11/30-00:15:54.261292 7f958ab1f0   Options.memtable_insert_with_hint_prefix_extractor: nullptr
2018/11/30-00:15:54.261298 7f958ab1f0             Options.num_levels: 7
2018/11/30-00:15:54.261304 7f958ab1f0        Options.min_write_buffer_number_to_merge: 2
2018/11/30-00:15:54.261310 7f958ab1f0     Options.max_write_buffer_number_to_maintain: 0
2018/11/30-00:15:54.261316 7f958ab1f0            Options.compression_opts.window_bits: -14
2018/11/30-00:15:54.261322 7f958ab1f0                  Options.compression_opts.level: -1
2018/11/30-00:15:54.261328 7f958ab1f0               Options.compression_opts.strategy: 0
2018/11/30-00:15:54.261334 7f958ab1f0         Options.compression_opts.max_dict_bytes: 0
2018/11/30-00:15:54.261339 7f958ab1f0         Options.compression_opts.zstd_max_train_bytes: 0
2018/11/30-00:15:54.261345 7f958ab1f0      Options.level0_file_num_compaction_trigger: 2
2018/11/30-00:15:54.261351 7f958ab1f0          Options.level0_slowdown_writes_trigger: 20
2018/11/30-00:15:54.261357 7f958ab1f0              Options.level0_stop_writes_trigger: 36
2018/11/30-00:15:54.261363 7f958ab1f0                   Options.target_file_size_base: 67108864
2018/11/30-00:15:54.261369 7f958ab1f0             Options.target_file_size_multiplier: 1
2018/11/30-00:15:54.261375 7f958ab1f0                Options.max_bytes_for_level_base: 536870912
2018/11/30-00:15:54.261382 7f958ab1f0 Options.level_compaction_dynamic_level_bytes: 0
2018/11/30-00:15:54.261388 7f958ab1f0          Options.max_bytes_for_level_multiplier: 10.000000
2018/11/30-00:15:54.261400 7f958ab1f0 Options.max_bytes_for_level_multiplier_addtl[0]: 1
2018/11/30-00:15:54.261407 7f958ab1f0 Options.max_bytes_for_level_multiplier_addtl[1]: 1
2018/11/30-00:15:54.261477 7f958ab1f0 Options.max_bytes_for_level_multiplier_addtl[2]: 1
2018/11/30-00:15:54.261486 7f958ab1f0 Options.max_bytes_for_level_multiplier_addtl[3]: 1
2018/11/30-00:15:54.261492 7f958ab1f0 Options.max_bytes_for_level_multiplier_addtl[4]: 1
2018/11/30-00:15:54.261498 7f958ab1f0 Options.max_bytes_for_level_multiplier_addtl[5]: 1
2018/11/30-00:15:54.261504 7f958ab1f0 Options.max_bytes_for_level_multiplier_addtl[6]: 1
2018/11/30-00:15:54.261510 7f958ab1f0       Options.max_sequential_skip_in_iterations: 8
2018/11/30-00:15:54.261516 7f958ab1f0                    Options.max_compaction_bytes: 1677721600
2018/11/30-00:15:54.261522 7f958ab1f0                        Options.arena_block_size: 16777216
2018/11/30-00:15:54.261528 7f958ab1f0   Options.soft_pending_compaction_bytes_limit: 68719476736
2018/11/30-00:15:54.261534 7f958ab1f0   Options.hard_pending_compaction_bytes_limit: 274877906944
2018/11/30-00:15:54.261540 7f958ab1f0       Options.rate_limit_delay_max_milliseconds: 100
2018/11/30-00:15:54.261546 7f958ab1f0                Options.disable_auto_compactions: 0
2018/11/30-00:15:54.261554 7f958ab1f0                        Options.compaction_style: kCompactionStyleLevel
2018/11/30-00:15:54.261563 7f958ab1f0                          Options.compaction_pri: kByCompensatedSize
2018/11/30-00:15:54.261569 7f958ab1f0 Options.compaction_options_universal.size_ratio: 1
2018/11/30-00:15:54.261575 7f958ab1f0 Options.compaction_options_universal.min_merge_width: 2
2018/11/30-00:15:54.261581 7f958ab1f0 Options.compaction_options_universal.max_merge_width: 4294967295
2018/11/30-00:15:54.261587 7f958ab1f0 Options.compaction_options_universal.max_size_amplification_percent: 200
2018/11/30-00:15:54.261593 7f958ab1f0 Options.compaction_options_universal.compression_size_percent: -1
2018/11/30-00:15:54.261601 7f958ab1f0 Options.compaction_options_universal.stop_style: kCompactionStopStyleTotalSize
2018/11/30-00:15:54.261607 7f958ab1f0 Options.compaction_options_fifo.max_table_files_size: 1073741824
2018/11/30-00:15:54.261613 7f958ab1f0 Options.compaction_options_fifo.allow_compaction: 0
2018/11/30-00:15:54.261619 7f958ab1f0 Options.compaction_options_fifo.ttl: 0
2018/11/30-00:15:54.261625 7f958ab1f0                   Options.table_properties_collectors: 
2018/11/30-00:15:54.261631 7f958ab1f0                   Options.inplace_update_support: 0
2018/11/30-00:15:54.261637 7f958ab1f0                 Options.inplace_update_num_locks: 10000
2018/11/30-00:15:54.261643 7f958ab1f0               Options.memtable_prefix_bloom_size_ratio: 0.000000
2018/11/30-00:15:54.261650 7f958ab1f0   Options.memtable_huge_page_size: 0
2018/11/30-00:15:54.261656 7f958ab1f0                           Options.bloom_locality: 0
2018/11/30-00:15:54.261662 7f958ab1f0                    Options.max_successive_merges: 0
2018/11/30-00:15:54.261668 7f958ab1f0                Options.optimize_filters_for_hits: 0
2018/11/30-00:15:54.261674 7f958ab1f0                Options.paranoid_file_checks: 0
2018/11/30-00:15:54.261679 7f958ab1f0                Options.force_consistency_checks: 0
2018/11/30-00:15:54.261685 7f958ab1f0                Options.report_bg_io_stats: 0
2018/11/30-00:15:54.261691 7f958ab1f0                               Options.ttl: 0
2018/11/30-00:15:54.261940 7f958ab1f0 [db/db_impl.cc:1396] Created column family [usertable] (ID 1)
2018/11/30-00:15:54.355954 7f958ab1f0 [db/db_impl_open.cc:1219] DB pointer 0x7f483ceec0
2018/11/30-00:16:05.514546 7f956ab1f0 [db/db_impl_write.cc:1373] [usertable] New memtable created with log file: #9. Immutable memtables: 0.
2018/11/30-00:16:14.707890 7f951ab1f0 [db/db_impl_write.cc:1373] [usertable] New memtable created with log file: #10. Immutable memtables: 1.
2018/11/30-00:16:14.708255 7f1ffff1f0 [db/db_impl_compaction_flush.cc:80] [JOB 2] Syncing log #3
2018/11/30-00:16:14.849067 7f1ffff1f0 [db/db_impl_compaction_flush.cc:80] [JOB 2] Syncing log #9
2018/11/30-00:16:15.236300 7f1ffff1f0 (Original Log Time 2018/11/30-00:16:14.708147) [db/db_impl_compaction_flush.cc:1424] Calling FlushMemTableToOutputFile with column family [usertable], flush slots available 6, compaction slots available 1, flush slots scheduled 1, compaction slots scheduled 0
2018/11/30-00:16:15.236327 7f1ffff1f0 [db/flush_job.cc:301] [usertable] [JOB 2] Flushing memtable with next log file: 9
2018/11/30-00:16:15.236351 7f1ffff1f0 [db/flush_job.cc:301] [usertable] [JOB 2] Flushing memtable with next log file: 10
2018/11/30-00:16:15.236449 7f1ffff1f0 EVENT_LOG_v1 {"time_micros": 1543536975236411, "job": 2, "event": "flush_started", "num_memtables": 2, "num_entries": 60966, "num_deletes": 0, "memory_usage": 252733080, "flush_reason": "Write Buffer Full"}
2018/11/30-00:16:15.236471 7f1ffff1f0 [db/flush_job.cc:331] [usertable] [JOB 2] Level-0 flush table #11: started
2018/11/30-00:16:17.697070 7f1ffff1f0 EVENT_LOG_v1 {"time_micros": 1543536977697014, "cf_name": "usertable", "job": 2, "event": "table_file_creation", "file_number": 11, "file_size": 252484581, "table_properties": {"data_size": 251362818, "index_size": 1120836, "filter_size": 0, "raw_key_size": 1463184, "raw_average_key_size": 24, "raw_value_size": 249716736, "raw_average_value_size": 4096, "num_data_blocks": 30483, "num_entries": 60966, "filter_policy_name": "", "kDeletedKeys": "0", "kMergeOperands": "0"}}
2018/11/30-00:16:17.697123 7f1ffff1f0 [db/flush_job.cc:371] [usertable] [JOB 2] Level-0 flush table #11: 252484581 bytes OK
2018/11/30-00:16:17.726413 7f1ffff1f0 (Original Log Time 2018/11/30-00:16:17.697162) [db/memtable_list.cc:377] [usertable] Level-0 commit table #11 started
2018/11/30-00:16:17.726422 7f1ffff1f0 (Original Log Time 2018/11/30-00:16:17.726218) [db/memtable_list.cc:409] [usertable] Level-0 commit table #11: memtable #1 done
2018/11/30-00:16:17.726427 7f1ffff1f0 (Original Log Time 2018/11/30-00:16:17.726247) [db/memtable_list.cc:409] [usertable] Level-0 commit table #11: memtable #2 done
2018/11/30-00:16:17.726432 7f1ffff1f0 (Original Log Time 2018/11/30-00:16:17.726297) EVENT_LOG_v1 {"time_micros": 1543536977726279, "job": 2, "event": "flush_finished", "output_compression": "NoCompression", "lsm_state": [1, 0, 0, 0, 0, 0, 0], "immutable_memtables": 0}
2018/11/30-00:16:17.726436 7f1ffff1f0 (Original Log Time 2018/11/30-00:16:17.726347) [db/db_impl_compaction_flush.cc:177] [usertable] Level summary: base level 1 max bytes base 536870912 files[1 0 0 0 0 0 0] max score 0.50
2018/11/30-00:16:17.726465 7f1ffff1f0 [db/db_impl_files.cc:347] [JOB 2] Try to delete WAL files size 251375442, prev total WAL file size 283483421, number of live WAL files 3.
2018/11/30-00:16:24.956117 7f953ab1f0 [db/db_impl_write.cc:1373] [usertable] New memtable created with log file: #12. Immutable memtables: 0.
2018/11/30-00:16:33.456593 7f952ab1f0 [db/db_impl_write.cc:1373] [usertable] New memtable created with log file: #13. Immutable memtables: 1.
2018/11/30-00:16:33.456805 7f1f7fe1f0 [db/db_impl_compaction_flush.cc:80] [JOB 3] Syncing log #10
2018/11/30-00:16:35.440579 7f1f7fe1f0 [db/db_impl_compaction_flush.cc:80] [JOB 3] Syncing log #12
2018/11/30-00:16:36.285034 7f1f7fe1f0 (Original Log Time 2018/11/30-00:16:33.456770) [db/db_impl_compaction_flush.cc:1424] Calling FlushMemTableToOutputFile with column family [usertable], flush slots available 6, compaction slots available 1, flush slots scheduled 1, compaction slots scheduled 0
2018/11/30-00:16:36.285079 7f1f7fe1f0 [db/flush_job.cc:301] [usertable] [JOB 3] Flushing memtable with next log file: 12
2018/11/30-00:16:36.285100 7f1f7fe1f0 [db/flush_job.cc:301] [usertable] [JOB 3] Flushing memtable with next log file: 13
2018/11/30-00:16:36.285177 7f1f7fe1f0 EVENT_LOG_v1 {"time_micros": 1543536996285151, "job": 3, "event": "flush_started", "num_memtables": 2, "num_entries": 61637, "num_deletes": 0, "memory_usage": 255452416, "flush_reason": "Write Buffer Full"}
2018/11/30-00:16:36.285195 7f1f7fe1f0 [db/flush_job.cc:331] [usertable] [JOB 3] Level-0 flush table #14: started
2018/11/30-00:16:39.735622 7f1f7fe1f0 EVENT_LOG_v1 {"time_micros": 1543536999735571, "cf_name": "usertable", "job": 3, "event": "table_file_creation", "file_number": 14, "file_size": 255263481, "table_properties": {"data_size": 254129365, "index_size": 1133189, "filter_size": 0, "raw_key_size": 1479288, "raw_average_key_size": 24, "raw_value_size": 252465152, "raw_average_value_size": 4096, "num_data_blocks": 30819, "num_entries": 61637, "filter_policy_name": "", "kDeletedKeys": "0", "kMergeOperands": "0"}}
2018/11/30-00:16:39.735679 7f1f7fe1f0 [db/flush_job.cc:371] [usertable] [JOB 3] Level-0 flush table #14: 255263481 bytes OK
2018/11/30-00:16:39.832040 7f1f7fe1f0 (Original Log Time 2018/11/30-00:16:39.735709) [db/memtable_list.cc:377] [usertable] Level-0 commit table #14 started
2018/11/30-00:16:39.832049 7f1f7fe1f0 (Original Log Time 2018/11/30-00:16:39.831861) [db/memtable_list.cc:409] [usertable] Level-0 commit table #14: memtable #1 done
2018/11/30-00:16:39.832054 7f1f7fe1f0 (Original Log Time 2018/11/30-00:16:39.831872) [db/memtable_list.cc:409] [usertable] Level-0 commit table #14: memtable #2 done
2018/11/30-00:16:39.832058 7f1f7fe1f0 (Original Log Time 2018/11/30-00:16:39.831919) EVENT_LOG_v1 {"time_micros": 1543536999831904, "job": 3, "event": "flush_finished", "output_compression": "NoCompression", "lsm_state": [2, 0, 0, 0, 0, 0, 0], "immutable_memtables": 0}
2018/11/30-00:16:39.832063 7f1f7fe1f0 (Original Log Time 2018/11/30-00:16:39.831996) [db/db_impl_compaction_flush.cc:177] [usertable] Level summary: base level 1 max bytes base 536870912 files[2 0 0 0 0 0 0] max score 1.00
2018/11/30-00:16:39.832084 7f1f7fe1f0 [db/db_impl_files.cc:347] [JOB 3] Try to delete WAL files size 254127653, prev total WAL file size 331122727, number of live WAL files 3.
2018/11/30-00:16:39.852460 7f87fff1f0 [WARN] [db/db_impl.cc:491] ------- DUMPING STATS -------
2018/11/30-00:16:39.852646 7f87fff1f0 [WARN] [db/db_impl.cc:492] 
** DB Stats **
Uptime(secs): 45.7 total, 45.7 interval
Cumulative writes: 141K writes, 141K keys, 71K commit groups, 2.0 writes per commit group, ingest: 0.54 GB, 12.17 MB/s
Cumulative WAL: 141K writes, 0 syncs, 141277.00 writes per sync, written: 0.54 GB, 12.17 MB/s
Cumulative stall: 00:00:0.000 H:M:S, 0.0 percent
Interval writes: 141K writes, 141K keys, 71K commit groups, 2.0 writes per commit group, ingest: 555.51 MB, 12.17 MB/s
Interval WAL: 141K writes, 0 syncs, 141277.00 writes per sync, written: 0.54 MB, 12.17 MB/s
Interval stall: 00:00:0.000 H:M:S, 0.0 percent

** Compaction Stats [default] **
Level    Files   Size     Score Read(GB)  Rn(GB) Rnp1(GB) Write(GB) Wnew(GB) Moved(GB) W-Amp Rd(MB/s) Wr(MB/s) Comp(sec) Comp(cnt) Avg(sec) KeyIn KeyDrop
----------------------------------------------------------------------------------------------------------------------------------------------------------
 Sum      0/0    0.00 KB   0.0      0.0     0.0      0.0       0.0      0.0       0.0   0.0      0.0      0.0         0         0    0.000       0      0
 Int      0/0    0.00 KB   0.0      0.0     0.0      0.0       0.0      0.0       0.0   0.0      0.0      0.0         0         0    0.000       0      0
Uptime(secs): 45.7 total, 45.7 interval
Flush(GB): cumulative 0.000, interval 0.000
AddFile(GB): cumulative 0.000, interval 0.000
AddFile(Total Files): cumulative 0, interval 0
AddFile(L0 Files): cumulative 0, interval 0
AddFile(Keys): cumulative 0, interval 0
Cumulative compaction: 0.00 GB write, 0.00 MB/s write, 0.00 GB read, 0.00 MB/s read, 0.0 seconds
Interval compaction: 0.00 GB write, 0.00 MB/s write, 0.00 GB read, 0.00 MB/s read, 0.0 seconds
Stalls(count): 0 level0_slowdown, 0 level0_slowdown_with_compaction, 0 level0_numfiles, 0 level0_numfiles_with_compaction, 0 stop for pending_compaction_bytes, 0 slowdown for pending_compaction_bytes, 0 memtable_compaction, 0 memtable_slowdown, interval 0 total count

** File Read Latency Histogram By Level [default] **

** Compaction Stats [usertable] **
Level    Files   Size     Score Read(GB)  Rn(GB) Rnp1(GB) Write(GB) Wnew(GB) Moved(GB) W-Amp Rd(MB/s) Wr(MB/s) Comp(sec) Comp(cnt) Avg(sec) KeyIn KeyDrop
----------------------------------------------------------------------------------------------------------------------------------------------------------
  L0      2/0   484.23 MB   1.0      0.0     0.0      0.0       0.5      0.5       0.0   1.0      0.0     81.9         6         2    2.956       0      0
 Sum      2/0   484.23 MB   0.0      0.0     0.0      0.0       0.5      0.5       0.0   1.0      0.0     81.9         6         2    2.956       0      0
 Int      0/0    0.00 KB   0.0      0.0     0.0      0.0       0.5      0.5       0.0   1.0      0.0     81.9         6         2    2.956       0      0
Uptime(secs): 45.6 total, 45.6 interval
Flush(GB): cumulative 0.473, interval 0.473
AddFile(GB): cumulative 0.000, interval 0.000
AddFile(Total Files): cumulative 0, interval 0
AddFile(L0 Files): cumulative 0, interval 0
AddFile(Keys): cumulative 0, interval 0
Cumulative compaction: 0.47 GB write, 10.62 MB/s write, 0.00 GB read, 0.00 MB/s read, 5.9 seconds
Interval compaction: 0.47 GB write, 10.62 MB/s write, 0.00 GB read, 0.00 MB/s read, 5.9 seconds
Stalls(count): 0 level0_slowdown, 0 level0_slowdown_with_compaction, 0 level0_numfiles, 0 level0_numfiles_with_compaction, 0 stop for pending_compaction_bytes, 0 slowdown for pending_compaction_bytes, 0 memtable_compaction, 0 memtable_slowdown, interval 0 total count

** File Read Latency Histogram By Level [usertable] **

** Compaction Stats [default] **
Level    Files   Size     Score Read(GB)  Rn(GB) Rnp1(GB) Write(GB) Wnew(GB) Moved(GB) W-Amp Rd(MB/s) Wr(MB/s) Comp(sec) Comp(cnt) Avg(sec) KeyIn KeyDrop
----------------------------------------------------------------------------------------------------------------------------------------------------------
 Sum      0/0    0.00 KB   0.0      0.0     0.0      0.0       0.0      0.0       0.0   0.0      0.0      0.0         0         0    0.000       0      0
 Int      0/0    0.00 KB   0.0      0.0     0.0      0.0       0.0      0.0       0.0   0.0      0.0      0.0         0         0    0.000       0      0
Uptime(secs): 45.7 total, 0.0 interval
Flush(GB): cumulative 0.000, interval 0.000
AddFile(GB): cumulative 0.000, interval 0.000
AddFile(Total Files): cumulative 0, interval 0
AddFile(L0 Files): cumulative 0, interval 0
AddFile(Keys): cumulative 0, interval 0
Cumulative compaction: 0.00 GB write, 0.00 MB/s write, 0.00 GB read, 0.00 MB/s read, 0.0 seconds
Interval compaction: 0.00 GB write, 0.00 MB/s write, 0.00 GB read, 0.00 MB/s read, 0.0 seconds
Stalls(count): 0 level0_slowdown, 0 level0_slowdown_with_compaction, 0 level0_numfiles, 0 level0_numfiles_with_compaction, 0 stop for pending_compaction_bytes, 0 slowdown for pending_compaction_bytes, 0 memtable_compaction, 0 memtable_slowdown, interval 0 total count

** File Read Latency Histogram By Level [default] **

** Compaction Stats [usertable] **
Level    Files   Size     Score Read(GB)  Rn(GB) Rnp1(GB) Write(GB) Wnew(GB) Moved(GB) W-Amp Rd(MB/s) Wr(MB/s) Comp(sec) Comp(cnt) Avg(sec) KeyIn KeyDrop
----------------------------------------------------------------------------------------------------------------------------------------------------------
  L0      2/0   484.23 MB   1.0      0.0     0.0      0.0       0.5      0.5       0.0   1.0      0.0     81.9         6         2    2.956       0      0
 Sum      2/0   484.23 MB   0.0      0.0     0.0      0.0       0.5      0.5       0.0   1.0      0.0     81.9         6         2    2.956       0      0
 Int      0/0    0.00 KB   0.0      0.0     0.0      0.0       0.0      0.0       0.0   0.0      0.0      0.0         0         0    0.000       0      0
Uptime(secs): 45.6 total, 0.0 interval
Flush(GB): cumulative 0.473, interval 0.000
AddFile(GB): cumulative 0.000, interval 0.000
AddFile(Total Files): cumulative 0, interval 0
AddFile(L0 Files): cumulative 0, interval 0
AddFile(Keys): cumulative 0, interval 0
Cumulative compaction: 0.47 GB write, 10.62 MB/s write, 0.00 GB read, 0.00 MB/s read, 5.9 seconds
Interval compaction: 0.00 GB write, 0.00 MB/s write, 0.00 GB read, 0.00 MB/s read, 0.0 seconds
Stalls(count): 0 level0_slowdown, 0 level0_slowdown_with_compaction, 0 level0_numfiles, 0 level0_numfiles_with_compaction, 0 stop for pending_compaction_bytes, 0 slowdown for pending_compaction_bytes, 0 memtable_compaction, 0 memtable_slowdown, interval 0 total count

** File Read Latency Histogram By Level [usertable] **
2018/11/30-00:16:39.946038 7f87fff1f0 (Original Log Time 2018/11/30-00:16:39.853041) [db/db_impl_compaction_flush.cc:1835] [usertable] Moving #14 to level-1 255263481 bytes
2018/11/30-00:16:39.946057 7f87fff1f0 (Original Log Time 2018/11/30-00:16:39.945834) EVENT_LOG_v1 {"time_micros": 1543536999945790, "job": 4, "event": "trivial_move", "destination_level": 1, "files": 1, "total_files_size": 255263481}
2018/11/30-00:16:39.946068 7f87fff1f0 (Original Log Time 2018/11/30-00:16:39.945883) [db/db_impl_compaction_flush.cc:1864] [usertable] Moved #1 files to level-1 255263481 bytes OK: base level 1 max bytes base 536870912 files[1 1 0 0 0 0 0] max score 0.50
2018/11/30-00:16:43.513154 7f952ab1f0 [db/db_impl_write.cc:1373] [usertable] New memtable created with log file: #15. Immutable memtables: 0.
2018/11/30-00:16:51.916129 7f955ab1f0 [db/db_impl_write.cc:1373] [usertable] New memtable created with log file: #16. Immutable memtables: 1.
2018/11/30-00:16:51.916328 7f1dffb1f0 [db/db_impl_compaction_flush.cc:80] [JOB 5] Syncing log #13
2018/11/30-00:16:52.545085 7f1dffb1f0 [db/db_impl_compaction_flush.cc:80] [JOB 5] Syncing log #15
2018/11/30-00:16:53.565588 7f1dffb1f0 (Original Log Time 2018/11/30-00:16:51.916274) [db/db_impl_compaction_flush.cc:1424] Calling FlushMemTableToOutputFile with column family [usertable], flush slots available 6, compaction slots available 1, flush slots scheduled 1, compaction slots scheduled 0
2018/11/30-00:16:53.565636 7f1dffb1f0 [db/flush_job.cc:301] [usertable] [JOB 5] Flushing memtable with next log file: 15
2018/11/30-00:16:53.565658 7f1dffb1f0 [db/flush_job.cc:301] [usertable] [JOB 5] Flushing memtable with next log file: 16
2018/11/30-00:16:53.565777 7f1dffb1f0 EVENT_LOG_v1 {"time_micros": 1543537013565718, "job": 5, "event": "flush_started", "num_memtables": 2, "num_entries": 61839, "num_deletes": 0, "memory_usage": 256276008, "flush_reason": "Write Buffer Full"}
2018/11/30-00:16:53.565800 7f1dffb1f0 [db/flush_job.cc:331] [usertable] [JOB 5] Level-0 flush table #17: started
2018/11/30-00:16:55.991001 7f1dffb1f0 EVENT_LOG_v1 {"time_micros": 1543537015990949, "cf_name": "usertable", "job": 5, "event": "table_file_creation", "file_number": 17, "file_size": 256113776, "table_properties": {"data_size": 254969077, "index_size": 1143772, "filter_size": 0, "raw_key_size": 1484136, "raw_average_key_size": 24, "raw_value_size": 253292544, "raw_average_value_size": 4096, "num_data_blocks": 30920, "num_entries": 61839, "filter_policy_name": "", "kDeletedKeys": "0", "kMergeOperands": "0"}}
2018/11/30-00:16:55.991074 7f1dffb1f0 [db/flush_job.cc:371] [usertable] [JOB 5] Level-0 flush table #17: 256113776 bytes OK
2018/11/30-00:16:56.060369 7f1dffb1f0 (Original Log Time 2018/11/30-00:16:55.991103) [db/memtable_list.cc:377] [usertable] Level-0 commit table #17 started
2018/11/30-00:16:56.060379 7f1dffb1f0 (Original Log Time 2018/11/30-00:16:56.060203) [db/memtable_list.cc:409] [usertable] Level-0 commit table #17: memtable #1 done
2018/11/30-00:16:56.060385 7f1dffb1f0 (Original Log Time 2018/11/30-00:16:56.060213) [db/memtable_list.cc:409] [usertable] Level-0 commit table #17: memtable #2 done
2018/11/30-00:16:56.060389 7f1dffb1f0 (Original Log Time 2018/11/30-00:16:56.060258) EVENT_LOG_v1 {"time_micros": 1543537016060244, "job": 5, "event": "flush_finished", "output_compression": "NoCompression", "lsm_state": [2, 1, 0, 0, 0, 0, 0], "immutable_memtables": 0}
2018/11/30-00:16:56.060394 7f1dffb1f0 (Original Log Time 2018/11/30-00:16:56.060321) [db/db_impl_compaction_flush.cc:177] [usertable] Level summary: base level 1 max bytes base 536870912 files[2 1 0 0 0 0 0] max score 1.00
2018/11/30-00:16:56.060417 7f1dffb1f0 [db/db_impl_files.cc:347] [JOB 5] Try to delete WAL files size 254960055, prev total WAL file size 299069781, number of live WAL files 3.
2018/11/30-00:16:56.133108 7f877fe1f0 (Original Log Time 2018/11/30-00:16:56.060419) [db/db_impl_compaction_flush.cc:1835] [usertable] Moving #17 to level-1 256113776 bytes
2018/11/30-00:16:56.133118 7f877fe1f0 (Original Log Time 2018/11/30-00:16:56.133028) EVENT_LOG_v1 {"time_micros": 1543537016133018, "job": 6, "event": "trivial_move", "destination_level": 1, "files": 1, "total_files_size": 256113776}
