2019/03/20-03:29:47.846584 7fe69d9d5700 RocksDB version: 5.14.3
2019/03/20-03:29:47.846652 7fe69d9d5700 Git sha rocksdb_build_git_sha:
2019/03/20-03:29:47.846655 7fe69d9d5700 Compile date Oct  9 2018
2019/03/20-03:29:47.846665 7fe69d9d5700 DB SUMMARY
2019/03/20-03:29:47.847295 7fe69d9d5700 CURRENT file:  CURRENT
2019/03/20-03:29:47.847300 7fe69d9d5700 IDENTITY file:  IDENTITY
2019/03/20-03:29:47.847310 7fe69d9d5700 MANIFEST file:  MANIFEST-000004 size: 134092 Bytes
2019/03/20-03:29:47.847314 7fe69d9d5700 SST files in /mnt/sdg/ycsb-rocksdb-data dir, Total Num: 717, files: 000026.sst 000028.sst 000029.sst 000030.sst 000031.sst 000032.sst 000033.sst 000034.sst 000036.sst 
2019/03/20-03:29:47.847319 7fe69d9d5700 Write Ahead Log file in /mnt/sdg/ycsb-rocksdb-data: 001400.log size: 110346168 ; 001406.log size: 113764676 ; 001407.log size: 30081328 ; 
2019/03/20-03:29:47.847348 7fe69d9d5700                         Options.error_if_exists: 0
2019/03/20-03:29:47.847349 7fe69d9d5700                       Options.create_if_missing: 1
2019/03/20-03:29:47.847350 7fe69d9d5700                         Options.paranoid_checks: 1
2019/03/20-03:29:47.847351 7fe69d9d5700                                     Options.env: 0x7fe69d050080
2019/03/20-03:29:47.847352 7fe69d9d5700                                Options.info_log: 0x7fe6383d2300
2019/03/20-03:29:47.847353 7fe69d9d5700                Options.max_file_opening_threads: 16
2019/03/20-03:29:47.847354 7fe69d9d5700                              Options.statistics: (nil)
2019/03/20-03:29:47.847355 7fe69d9d5700                               Options.use_fsync: 0
2019/03/20-03:29:47.847356 7fe69d9d5700                       Options.max_log_file_size: 0
2019/03/20-03:29:47.847357 7fe69d9d5700                  Options.max_manifest_file_size: 18446744073709551615
2019/03/20-03:29:47.847358 7fe69d9d5700                   Options.log_file_time_to_roll: 0
2019/03/20-03:29:47.847359 7fe69d9d5700                       Options.keep_log_file_num: 1000
2019/03/20-03:29:47.847360 7fe69d9d5700                    Options.recycle_log_file_num: 0
2019/03/20-03:29:47.847361 7fe69d9d5700                         Options.allow_fallocate: 1
2019/03/20-03:29:47.847362 7fe69d9d5700                        Options.allow_mmap_reads: 0
2019/03/20-03:29:47.847363 7fe69d9d5700                       Options.allow_mmap_writes: 0
2019/03/20-03:29:47.847364 7fe69d9d5700                        Options.use_direct_reads: 0
2019/03/20-03:29:47.847365 7fe69d9d5700                        Options.use_direct_io_for_flush_and_compaction: 0
2019/03/20-03:29:47.847366 7fe69d9d5700          Options.create_missing_column_families: 1
2019/03/20-03:29:47.847367 7fe69d9d5700                              Options.db_log_dir: 
2019/03/20-03:29:47.847368 7fe69d9d5700                                 Options.wal_dir: /mnt/sdg/ycsb-rocksdb-data
2019/03/20-03:29:47.847369 7fe69d9d5700                Options.table_cache_numshardbits: 6
2019/03/20-03:29:47.847370 7fe69d9d5700                      Options.max_subcompactions: 4
2019/03/20-03:29:47.847371 7fe69d9d5700                  Options.max_background_flushes: 24
2019/03/20-03:29:47.847372 7fe69d9d5700                         Options.WAL_ttl_seconds: 0
2019/03/20-03:29:47.847373 7fe69d9d5700                       Options.WAL_size_limit_MB: 0
2019/03/20-03:29:47.847374 7fe69d9d5700             Options.manifest_preallocation_size: 4194304
2019/03/20-03:29:47.847375 7fe69d9d5700                     Options.is_fd_close_on_exec: 1
2019/03/20-03:29:47.847376 7fe69d9d5700                   Options.advise_random_on_open: 1
2019/03/20-03:29:47.847377 7fe69d9d5700                    Options.db_write_buffer_size: 0
2019/03/20-03:29:47.847378 7fe69d9d5700                    Options.write_buffer_manager: 0x7fe6383d2590
2019/03/20-03:29:47.847379 7fe69d9d5700         Options.access_hint_on_compaction_start: 1
2019/03/20-03:29:47.847380 7fe69d9d5700  Options.new_table_reader_for_compaction_inputs: 0
2019/03/20-03:29:47.847381 7fe69d9d5700           Options.random_access_max_buffer_size: 1048576
2019/03/20-03:29:47.847382 7fe69d9d5700                      Options.use_adaptive_mutex: 0
2019/03/20-03:29:47.847397 7fe69d9d5700                            Options.rate_limiter: (nil)
2019/03/20-03:29:47.847400 7fe69d9d5700     Options.sst_file_manager.rate_bytes_per_sec: 0
2019/03/20-03:29:47.847401 7fe69d9d5700                       Options.wal_recovery_mode: 2
2019/03/20-03:29:47.847402 7fe69d9d5700                  Options.enable_thread_tracking: 0
2019/03/20-03:29:47.847403 7fe69d9d5700                  Options.enable_pipelined_write: 1
2019/03/20-03:29:47.847404 7fe69d9d5700         Options.allow_concurrent_memtable_write: 1
2019/03/20-03:29:47.847405 7fe69d9d5700      Options.enable_write_thread_adaptive_yield: 1
2019/03/20-03:29:47.847406 7fe69d9d5700             Options.write_thread_max_yield_usec: 100
2019/03/20-03:29:47.847407 7fe69d9d5700            Options.write_thread_slow_yield_usec: 3
2019/03/20-03:29:47.847408 7fe69d9d5700                               Options.row_cache: None
2019/03/20-03:29:47.847409 7fe69d9d5700                              Options.wal_filter: None
2019/03/20-03:29:47.847410 7fe69d9d5700             Options.avoid_flush_during_recovery: 0
2019/03/20-03:29:47.847411 7fe69d9d5700             Options.allow_ingest_behind: 0
2019/03/20-03:29:47.847412 7fe69d9d5700             Options.preserve_deletes: 0
2019/03/20-03:29:47.847413 7fe69d9d5700             Options.two_write_queues: 0
2019/03/20-03:29:47.847414 7fe69d9d5700             Options.manual_wal_flush: 0
2019/03/20-03:29:47.847417 7fe69d9d5700             Options.max_background_jobs: 24
2019/03/20-03:29:47.847418 7fe69d9d5700             Options.max_background_compactions: 24
2019/03/20-03:29:47.847419 7fe69d9d5700             Options.avoid_flush_during_shutdown: 0
2019/03/20-03:29:47.847420 7fe69d9d5700           Options.writable_file_max_buffer_size: 1048576
2019/03/20-03:29:47.847421 7fe69d9d5700             Options.delayed_write_rate : 16777216
2019/03/20-03:29:47.847430 7fe69d9d5700             Options.max_total_wal_size: 0
2019/03/20-03:29:47.847431 7fe69d9d5700             Options.delete_obsolete_files_period_micros: 21600000000
2019/03/20-03:29:47.847432 7fe69d9d5700                   Options.stats_dump_period_sec: 60
2019/03/20-03:29:47.847433 7fe69d9d5700                          Options.max_open_files: -1
2019/03/20-03:29:47.847434 7fe69d9d5700                          Options.bytes_per_sync: 1048576
2019/03/20-03:29:47.847435 7fe69d9d5700                      Options.wal_bytes_per_sync: 0
2019/03/20-03:29:47.847436 7fe69d9d5700       Options.compaction_readahead_size: 0
2019/03/20-03:29:47.847437 7fe69d9d5700 Compression algorithms supported:
2019/03/20-03:29:47.847438 7fe69d9d5700 	kZSTDNotFinalCompression supported: 1
2019/03/20-03:29:47.847447 7fe69d9d5700 	kZSTD supported: 1
2019/03/20-03:29:47.847449 7fe69d9d5700 	kXpressCompression supported: 0
2019/03/20-03:29:47.847450 7fe69d9d5700 	kLZ4HCCompression supported: 1
2019/03/20-03:29:47.847452 7fe69d9d5700 	kLZ4Compression supported: 1
2019/03/20-03:29:47.847453 7fe69d9d5700 	kBZip2Compression supported: 1
2019/03/20-03:29:47.847454 7fe69d9d5700 	kZlibCompression supported: 1
2019/03/20-03:29:47.847455 7fe69d9d5700 	kSnappyCompression supported: 1
2019/03/20-03:29:47.847459 7fe69d9d5700 Fast CRC32 supported: Not supported on x86
2019/03/20-03:29:47.847990 7fe69d9d5700 [db/version_set.cc:3085] Recovering from manifest file: MANIFEST-000004
2019/03/20-03:29:47.848104 7fe69d9d5700 [db/column_family.cc:475] --------------- Options for column family [default]:
2019/03/20-03:29:47.848108 7fe69d9d5700               Options.comparator: leveldb.BytewiseComparator
2019/03/20-03:29:47.848110 7fe69d9d5700           Options.merge_operator: None
2019/03/20-03:29:47.848111 7fe69d9d5700        Options.compaction_filter: None
2019/03/20-03:29:47.848112 7fe69d9d5700        Options.compaction_filter_factory: None
2019/03/20-03:29:47.848113 7fe69d9d5700         Options.memtable_factory: SkipListFactory
2019/03/20-03:29:47.848114 7fe69d9d5700            Options.table_factory: BlockBasedTable
2019/03/20-03:29:47.848137 7fe69d9d5700            table_factory options:   flush_block_policy_factory: FlushBlockBySizePolicyFactory (0x7fe6383cc7d0)
  cache_index_and_filter_blocks: 0
  cache_index_and_filter_blocks_with_high_priority: 0
  pin_l0_filter_and_index_blocks_in_cache: 0
  index_type: 0
  hash_index_allow_collision: 1
  checksum: 1
  no_block_cache: 0
  block_cache: 0x7fe6383be6b0
  block_cache_name: LRUCache
  block_cache_options:
    capacity : 8388608
    num_shard_bits : 4
    strict_capacity_limit : 0
    high_pri_pool_ratio: 0.000
  block_cache_compressed: (nil)
  persistent_cache: (nil)
  block_size: 8192
  block_size_deviation: 10
  block_restart_interval: 16
  index_block_restart_interval: 1
  metadata_block_size: 4096
  partition_filters: 0
  use_delta_encoding: 1
  filter_policy: nullptr
  whole_key_filtering: 1
  verify_compression: 0
  read_amp_bytes_per_bit: 0
  format_version: 2
  enable_index_compression: 1
  block_align: 0
2019/03/20-03:29:47.848150 7fe69d9d5700        Options.write_buffer_size: 134217728
2019/03/20-03:29:47.848151 7fe69d9d5700  Options.max_write_buffer_number: 24
2019/03/20-03:29:47.848153 7fe69d9d5700        Options.compression[0]: NoCompression
2019/03/20-03:29:47.848154 7fe69d9d5700        Options.compression[1]: NoCompression
2019/03/20-03:29:47.848156 7fe69d9d5700        Options.compression[2]: LZ4
2019/03/20-03:29:47.848157 7fe69d9d5700        Options.compression[3]: LZ4
2019/03/20-03:29:47.848158 7fe69d9d5700        Options.compression[4]: LZ4
2019/03/20-03:29:47.848159 7fe69d9d5700        Options.compression[5]: LZ4
2019/03/20-03:29:47.848160 7fe69d9d5700        Options.compression[6]: LZ4
2019/03/20-03:29:47.848161 7fe69d9d5700                  Options.bottommost_compression: Disabled
2019/03/20-03:29:47.848162 7fe69d9d5700       Options.prefix_extractor: nullptr
2019/03/20-03:29:47.848163 7fe69d9d5700   Options.memtable_insert_with_hint_prefix_extractor: nullptr
2019/03/20-03:29:47.848168 7fe69d9d5700             Options.num_levels: 7
2019/03/20-03:29:47.848169 7fe69d9d5700        Options.min_write_buffer_number_to_merge: 2
2019/03/20-03:29:47.848170 7fe69d9d5700     Options.max_write_buffer_number_to_maintain: 0
2019/03/20-03:29:47.848171 7fe69d9d5700            Options.compression_opts.window_bits: -14
2019/03/20-03:29:47.848172 7fe69d9d5700                  Options.compression_opts.level: -1
2019/03/20-03:29:47.848173 7fe69d9d5700               Options.compression_opts.strategy: 0
2019/03/20-03:29:47.848174 7fe69d9d5700         Options.compression_opts.max_dict_bytes: 0
2019/03/20-03:29:47.848175 7fe69d9d5700         Options.compression_opts.zstd_max_train_bytes: 0
2019/03/20-03:29:47.848176 7fe69d9d5700      Options.level0_file_num_compaction_trigger: 2
2019/03/20-03:29:47.848177 7fe69d9d5700          Options.level0_slowdown_writes_trigger: 20
2019/03/20-03:29:47.848178 7fe69d9d5700              Options.level0_stop_writes_trigger: 36
2019/03/20-03:29:47.848179 7fe69d9d5700                   Options.target_file_size_base: 67108864
2019/03/20-03:29:47.848180 7fe69d9d5700             Options.target_file_size_multiplier: 1
2019/03/20-03:29:47.848180 7fe69d9d5700                Options.max_bytes_for_level_base: 536870912
2019/03/20-03:29:47.848181 7fe69d9d5700 Options.level_compaction_dynamic_level_bytes: 0
2019/03/20-03:29:47.848182 7fe69d9d5700          Options.max_bytes_for_level_multiplier: 10.000000
2019/03/20-03:29:47.848185 7fe69d9d5700 Options.max_bytes_for_level_multiplier_addtl[0]: 1
2019/03/20-03:29:47.848186 7fe69d9d5700 Options.max_bytes_for_level_multiplier_addtl[1]: 1
2019/03/20-03:29:47.848187 7fe69d9d5700 Options.max_bytes_for_level_multiplier_addtl[2]: 1
2019/03/20-03:29:47.848188 7fe69d9d5700 Options.max_bytes_for_level_multiplier_addtl[3]: 1
2019/03/20-03:29:47.848189 7fe69d9d5700 Options.max_bytes_for_level_multiplier_addtl[4]: 1
2019/03/20-03:29:47.848190 7fe69d9d5700 Options.max_bytes_for_level_multiplier_addtl[5]: 1
2019/03/20-03:29:47.848191 7fe69d9d5700 Options.max_bytes_for_level_multiplier_addtl[6]: 1
2019/03/20-03:29:47.848192 7fe69d9d5700       Options.max_sequential_skip_in_iterations: 8
2019/03/20-03:29:47.848193 7fe69d9d5700                    Options.max_compaction_bytes: 1677721600
2019/03/20-03:29:47.848200 7fe69d9d5700                        Options.arena_block_size: 16777216
2019/03/20-03:29:47.848201 7fe69d9d5700   Options.soft_pending_compaction_bytes_limit: 68719476736
2019/03/20-03:29:47.848202 7fe69d9d5700   Options.hard_pending_compaction_bytes_limit: 274877906944
2019/03/20-03:29:47.848203 7fe69d9d5700       Options.rate_limit_delay_max_milliseconds: 100
2019/03/20-03:29:47.848204 7fe69d9d5700                Options.disable_auto_compactions: 0
2019/03/20-03:29:47.848206 7fe69d9d5700                        Options.compaction_style: kCompactionStyleLevel
2019/03/20-03:29:47.848207 7fe69d9d5700                          Options.compaction_pri: kByCompensatedSize
2019/03/20-03:29:47.848209 7fe69d9d5700 Options.compaction_options_universal.size_ratio: 1
2019/03/20-03:29:47.848210 7fe69d9d5700 Options.compaction_options_universal.min_merge_width: 2
2019/03/20-03:29:47.848211 7fe69d9d5700 Options.compaction_options_universal.max_merge_width: 4294967295
2019/03/20-03:29:47.848212 7fe69d9d5700 Options.compaction_options_universal.max_size_amplification_percent: 200
2019/03/20-03:29:47.848213 7fe69d9d5700 Options.compaction_options_universal.compression_size_percent: -1
2019/03/20-03:29:47.848214 7fe69d9d5700 Options.compaction_options_universal.stop_style: kCompactionStopStyleTotalSize
2019/03/20-03:29:47.848215 7fe69d9d5700 Options.compaction_options_fifo.max_table_files_size: 1073741824
2019/03/20-03:29:47.848216 7fe69d9d5700 Options.compaction_options_fifo.allow_compaction: 0
2019/03/20-03:29:47.848217 7fe69d9d5700 Options.compaction_options_fifo.ttl: 0
2019/03/20-03:29:47.848218 7fe69d9d5700                   Options.table_properties_collectors: 
2019/03/20-03:29:47.848219 7fe69d9d5700                   Options.inplace_update_support: 0
2019/03/20-03:29:47.848220 7fe69d9d5700                 Options.inplace_update_num_locks: 10000
2019/03/20-03:29:47.848221 7fe69d9d5700               Options.memtable_prefix_bloom_size_ratio: 0.000000
2019/03/20-03:29:47.848222 7fe69d9d5700   Options.memtable_huge_page_size: 0
2019/03/20-03:29:47.848223 7fe69d9d5700                           Options.bloom_locality: 0
2019/03/20-03:29:47.848224 7fe69d9d5700                    Options.max_successive_merges: 0
2019/03/20-03:29:47.848225 7fe69d9d5700                Options.optimize_filters_for_hits: 0
2019/03/20-03:29:47.848226 7fe69d9d5700                Options.paranoid_file_checks: 0
2019/03/20-03:29:47.848227 7fe69d9d5700                Options.force_consistency_checks: 0
2019/03/20-03:29:47.848228 7fe69d9d5700                Options.report_bg_io_stats: 0
2019/03/20-03:29:47.848229 7fe69d9d5700                               Options.ttl: 0
2019/03/20-03:29:47.848682 7fe69d9d5700 [db/column_family.cc:475] --------------- Options for column family [usertable]:
2019/03/20-03:29:47.848686 7fe69d9d5700               Options.comparator: leveldb.BytewiseComparator
2019/03/20-03:29:47.848687 7fe69d9d5700           Options.merge_operator: None
2019/03/20-03:29:47.848688 7fe69d9d5700        Options.compaction_filter: None
2019/03/20-03:29:47.848689 7fe69d9d5700        Options.compaction_filter_factory: None
2019/03/20-03:29:47.848690 7fe69d9d5700         Options.memtable_factory: SkipListFactory
2019/03/20-03:29:47.848691 7fe69d9d5700            Options.table_factory: BlockBasedTable
2019/03/20-03:29:47.848713 7fe69d9d5700            table_factory options:   flush_block_policy_factory: FlushBlockBySizePolicyFactory (0x7fe6383c8f80)
  cache_index_and_filter_blocks: 0
  cache_index_and_filter_blocks_with_high_priority: 0
  pin_l0_filter_and_index_blocks_in_cache: 0
  index_type: 0
  hash_index_allow_collision: 1
  checksum: 1
  no_block_cache: 0
  block_cache: 0x7fe6383cf0e0
  block_cache_name: LRUCache
  block_cache_options:
    capacity : 8388608
    num_shard_bits : 4
    strict_capacity_limit : 0
    high_pri_pool_ratio: 0.000
  block_cache_compressed: (nil)
  persistent_cache: (nil)
  block_size: 8192
  block_size_deviation: 10
  block_restart_interval: 16
  index_block_restart_interval: 1
  metadata_block_size: 4096
  partition_filters: 0
  use_delta_encoding: 1
  filter_policy: nullptr
  whole_key_filtering: 1
  verify_compression: 0
  read_amp_bytes_per_bit: 0
  format_version: 2
  enable_index_compression: 1
  block_align: 0
2019/03/20-03:29:47.848725 7fe69d9d5700        Options.write_buffer_size: 134217728
2019/03/20-03:29:47.848726 7fe69d9d5700  Options.max_write_buffer_number: 24
2019/03/20-03:29:47.848728 7fe69d9d5700        Options.compression[0]: NoCompression
2019/03/20-03:29:47.848729 7fe69d9d5700        Options.compression[1]: NoCompression
2019/03/20-03:29:47.848730 7fe69d9d5700        Options.compression[2]: LZ4
2019/03/20-03:29:47.848731 7fe69d9d5700        Options.compression[3]: LZ4
2019/03/20-03:29:47.848732 7fe69d9d5700        Options.compression[4]: LZ4
2019/03/20-03:29:47.848733 7fe69d9d5700        Options.compression[5]: LZ4
2019/03/20-03:29:47.848734 7fe69d9d5700        Options.compression[6]: LZ4
2019/03/20-03:29:47.848735 7fe69d9d5700                  Options.bottommost_compression: Disabled
2019/03/20-03:29:47.848736 7fe69d9d5700       Options.prefix_extractor: nullptr
2019/03/20-03:29:47.848737 7fe69d9d5700   Options.memtable_insert_with_hint_prefix_extractor: nullptr
2019/03/20-03:29:47.848738 7fe69d9d5700             Options.num_levels: 7
2019/03/20-03:29:47.848739 7fe69d9d5700        Options.min_write_buffer_number_to_merge: 2
2019/03/20-03:29:47.848740 7fe69d9d5700     Options.max_write_buffer_number_to_maintain: 0
2019/03/20-03:29:47.848741 7fe69d9d5700            Options.compression_opts.window_bits: -14
2019/03/20-03:29:47.848742 7fe69d9d5700                  Options.compression_opts.level: -1
2019/03/20-03:29:47.848743 7fe69d9d5700               Options.compression_opts.strategy: 0
2019/03/20-03:29:47.848743 7fe69d9d5700         Options.compression_opts.max_dict_bytes: 0
2019/03/20-03:29:47.848744 7fe69d9d5700         Options.compression_opts.zstd_max_train_bytes: 0
2019/03/20-03:29:47.848745 7fe69d9d5700      Options.level0_file_num_compaction_trigger: 2
2019/03/20-03:29:47.848746 7fe69d9d5700          Options.level0_slowdown_writes_trigger: 20
2019/03/20-03:29:47.848747 7fe69d9d5700              Options.level0_stop_writes_trigger: 36
2019/03/20-03:29:47.848748 7fe69d9d5700                   Options.target_file_size_base: 67108864
2019/03/20-03:29:47.848749 7fe69d9d5700             Options.target_file_size_multiplier: 1
2019/03/20-03:29:47.848750 7fe69d9d5700                Options.max_bytes_for_level_base: 536870912
2019/03/20-03:29:47.848751 7fe69d9d5700 Options.level_compaction_dynamic_level_bytes: 0
2019/03/20-03:29:47.848752 7fe69d9d5700          Options.max_bytes_for_level_multiplier: 10.000000
2019/03/20-03:29:47.848754 7fe69d9d5700 Options.max_bytes_for_level_multiplier_addtl[0]: 1
2019/03/20-03:29:47.848755 7fe69d9d5700 Options.max_bytes_for_level_multiplier_addtl[1]: 1
2019/03/20-03:29:47.848756 7fe69d9d5700 Options.max_bytes_for_level_multiplier_addtl[2]: 1
2019/03/20-03:29:47.848757 7fe69d9d5700 Options.max_bytes_for_level_multiplier_addtl[3]: 1
2019/03/20-03:29:47.848758 7fe69d9d5700 Options.max_bytes_for_level_multiplier_addtl[4]: 1
2019/03/20-03:29:47.848759 7fe69d9d5700 Options.max_bytes_for_level_multiplier_addtl[5]: 1
2019/03/20-03:29:47.848760 7fe69d9d5700 Options.max_bytes_for_level_multiplier_addtl[6]: 1
2019/03/20-03:29:47.848760 7fe69d9d5700       Options.max_sequential_skip_in_iterations: 8
2019/03/20-03:29:47.848761 7fe69d9d5700                    Options.max_compaction_bytes: 1677721600
2019/03/20-03:29:47.848762 7fe69d9d5700                        Options.arena_block_size: 16777216
2019/03/20-03:29:47.848763 7fe69d9d5700   Options.soft_pending_compaction_bytes_limit: 68719476736
2019/03/20-03:29:47.848764 7fe69d9d5700   Options.hard_pending_compaction_bytes_limit: 274877906944
2019/03/20-03:29:47.848765 7fe69d9d5700       Options.rate_limit_delay_max_milliseconds: 100
2019/03/20-03:29:47.848766 7fe69d9d5700                Options.disable_auto_compactions: 0
2019/03/20-03:29:47.848767 7fe69d9d5700                        Options.compaction_style: kCompactionStyleLevel
2019/03/20-03:29:47.848774 7fe69d9d5700                          Options.compaction_pri: kByCompensatedSize
2019/03/20-03:29:47.848775 7fe69d9d5700 Options.compaction_options_universal.size_ratio: 1
2019/03/20-03:29:47.848776 7fe69d9d5700 Options.compaction_options_universal.min_merge_width: 2
2019/03/20-03:29:47.848777 7fe69d9d5700 Options.compaction_options_universal.max_merge_width: 4294967295
2019/03/20-03:29:47.848778 7fe69d9d5700 Options.compaction_options_universal.max_size_amplification_percent: 200
2019/03/20-03:29:47.848779 7fe69d9d5700 Options.compaction_options_universal.compression_size_percent: -1
2019/03/20-03:29:47.848780 7fe69d9d5700 Options.compaction_options_universal.stop_style: kCompactionStopStyleTotalSize
2019/03/20-03:29:47.848781 7fe69d9d5700 Options.compaction_options_fifo.max_table_files_size: 1073741824
2019/03/20-03:29:47.848782 7fe69d9d5700 Options.compaction_options_fifo.allow_compaction: 0
2019/03/20-03:29:47.848783 7fe69d9d5700 Options.compaction_options_fifo.ttl: 0
2019/03/20-03:29:47.848784 7fe69d9d5700                   Options.table_properties_collectors: 
2019/03/20-03:29:47.848785 7fe69d9d5700                   Options.inplace_update_support: 0
2019/03/20-03:29:47.848786 7fe69d9d5700                 Options.inplace_update_num_locks: 10000
2019/03/20-03:29:47.848787 7fe69d9d5700               Options.memtable_prefix_bloom_size_ratio: 0.000000
2019/03/20-03:29:47.848788 7fe69d9d5700   Options.memtable_huge_page_size: 0
2019/03/20-03:29:47.848789 7fe69d9d5700                           Options.bloom_locality: 0
2019/03/20-03:29:47.848790 7fe69d9d5700                    Options.max_successive_merges: 0
2019/03/20-03:29:47.848791 7fe69d9d5700                Options.optimize_filters_for_hits: 0
2019/03/20-03:29:47.848792 7fe69d9d5700                Options.paranoid_file_checks: 0
2019/03/20-03:29:47.848793 7fe69d9d5700                Options.force_consistency_checks: 0
2019/03/20-03:29:47.848794 7fe69d9d5700                Options.report_bg_io_stats: 0
2019/03/20-03:29:47.848795 7fe69d9d5700                               Options.ttl: 0
2019/03/20-03:29:48.407326 7fe69d9d5700 [db/version_set.cc:3361] Recovered from manifest file:/mnt/sdg/ycsb-rocksdb-data/MANIFEST-000004 succeeded,manifest_file_number is 4, next_file_number is 1407, last_sequence is 10401279, log_number is 0,prev_log_number is 0,max_column_family is 1,min_log_number_to_keep is 0
2019/03/20-03:29:48.407338 7fe69d9d5700 [db/version_set.cc:3369] Column family [default] (ID 0), log number is 0
2019/03/20-03:29:48.407341 7fe69d9d5700 [db/version_set.cc:3369] Column family [usertable] (ID 1), log number is 1400
2019/03/20-03:29:48.409360 7fe69d9d5700 EVENT_LOG_v1 {"time_micros": 1553077788409343, "job": 1, "event": "recovery_started", "log_files": [1400, 1406, 1407]}
2019/03/20-03:29:48.409368 7fe69d9d5700 [db/db_impl_open.cc:551] Recovering log #1400 mode 2
2019/03/20-03:29:48.745219 7fe69d9d5700 [db/db_impl_open.cc:551] Recovering log #1406 mode 2
2019/03/20-03:29:49.581427 7fe69d9d5700 EVENT_LOG_v1 {"time_micros": 1553077789581397, "cf_name": "usertable", "job": 1, "event": "table_file_creation", "file_number": 1407, "file_size": 129902323, "table_properties": {"data_size": 129321394, "index_size": 580007, "filter_size": 0, "raw_key_size": 752760, "raw_average_key_size": 24, "raw_value_size": 128471040, "raw_average_value_size": 4096, "num_data_blocks": 15683, "num_entries": 31365, "filter_policy_name": "", "kDeletedKeys": "0", "kMergeOperands": "0"}}
2019/03/20-03:29:50.278401 7fe69d9d5700 [db/db_impl_open.cc:551] Recovering log #1407 mode 2
2019/03/20-03:29:50.474935 7fe69d9d5700 [db/version_set.cc:2847] Creating manifest 1409
2019/03/20-03:29:51.126079 7fe69d9d5700 EVENT_LOG_v1 {"time_micros": 1553077791126051, "cf_name": "usertable", "job": 1, "event": "table_file_creation", "file_number": 1410, "file_size": 124594376, "table_properties": {"data_size": 124040469, "index_size": 552985, "filter_size": 0, "raw_key_size": 722040, "raw_average_key_size": 24, "raw_value_size": 123228160, "raw_average_value_size": 4096, "num_data_blocks": 15043, "num_entries": 30085, "filter_policy_name": "", "kDeletedKeys": "0", "kMergeOperands": "0"}}
2019/03/20-03:29:51.155927 7fe69d9d5700 EVENT_LOG_v1 {"time_micros": 1553077791155915, "job": 1, "event": "recovery_finished"}
2019/03/20-03:29:51.245526 7fe69d9d5700 [db/db_impl_open.cc:1219] DB pointer 0x7fe6383cb1f0
2019/03/20-03:29:51.245935 7fe5cf7fe700 [WARN] [db/db_impl.cc:491] ------- DUMPING STATS -------
2019/03/20-03:29:51.246014 7fe5cf7fe700 [WARN] [db/db_impl.cc:492] 
** DB Stats **
Uptime(secs): 3.4 total, 3.4 interval
Cumulative writes: 0 writes, 0 keys, 0 commit groups, 0.0 writes per commit group, ingest: 0.00 GB, 0.00 MB/s
Cumulative WAL: 0 writes, 0 syncs, 0.00 writes per sync, written: 0.00 GB, 0.00 MB/s
Cumulative stall: 00:00:0.000 H:M:S, 0.0 percent
Interval writes: 0 writes, 0 keys, 0 commit groups, 0.0 writes per commit group, ingest: 0.00 MB, 0.00 MB/s
Interval WAL: 0 writes, 0 syncs, 0.00 writes per sync, written: 0.00 MB, 0.00 MB/s
Interval stall: 00:00:0.000 H:M:S, 0.0 percent

** Compaction Stats [default] **
Level    Files   Size     Score Read(GB)  Rn(GB) Rnp1(GB) Write(GB) Wnew(GB) Moved(GB) W-Amp Rd(MB/s) Wr(MB/s) Comp(sec) Comp(cnt) Avg(sec) KeyIn KeyDrop
----------------------------------------------------------------------------------------------------------------------------------------------------------
 Sum      0/0    0.00 KB   0.0      0.0     0.0      0.0       0.0      0.0       0.0   0.0      0.0      0.0         0         0    0.000       0      0
 Int      0/0    0.00 KB   0.0      0.0     0.0      0.0       0.0      0.0       0.0   0.0      0.0      0.0         0         0    0.000       0      0
Uptime(secs): 3.4 total, 3.4 interval
Flush(GB): cumulative 0.000, interval 0.000
AddFile(GB): cumulative 0.000, interval 0.000
AddFile(Total Files): cumulative 0, interval 0
AddFile(L0 Files): cumulative 0, interval 0
AddFile(Keys): cumulative 0, interval 0
Cumulative compaction: 0.00 GB write, 0.00 MB/s write, 0.00 GB read, 0.00 MB/s read, 0.0 seconds
Interval compaction: 0.00 GB write, 0.00 MB/s write, 0.00 GB read, 0.00 MB/s read, 0.0 seconds
Stalls(count): 0 level0_slowdown, 0 level0_slowdown_with_compaction, 0 level0_numfiles, 0 level0_numfiles_with_compaction, 0 stop for pending_compaction_bytes, 0 slowdown for pending_compaction_bytes, 0 memtable_compaction, 0 memtable_slowdown, interval 0 total count

** File Read Latency Histogram By Level [default] **

** Compaction Stats [usertable] **
Level    Files   Size     Score Read(GB)  Rn(GB) Rnp1(GB) Write(GB) Wnew(GB) Moved(GB) W-Amp Rd(MB/s) Wr(MB/s) Comp(sec) Comp(cnt) Avg(sec) KeyIn KeyDrop
----------------------------------------------------------------------------------------------------------------------------------------------------------
  L0      3/0   409.54 MB   1.5      0.0     0.0      0.0       0.2      0.2       0.0   1.0      0.0    182.2         1         2    0.666       0      0
  L1     11/0   460.54 MB   0.9      0.0     0.0      0.0       0.0      0.0       0.0   0.0      0.0      0.0         0         0    0.000       0      0
  L2    156/0    4.95 GB   1.0      0.0     0.0      0.0       0.0      0.0       0.0   0.0      0.0      0.0         0         0    0.000       0      0
  L3    549/0   34.38 GB   0.7      0.0     0.0      0.0       0.0      0.0       0.0   0.0      0.0      0.0         0         0    0.000       0      0
 Sum    719/0   40.18 GB   0.0      0.0     0.0      0.0       0.2      0.2       0.0   1.0      0.0    182.2         1         2    0.666       0      0
 Int      0/0    0.00 KB   0.0      0.0     0.0      0.0       0.2      0.2       0.0   1.0      0.0    182.2         1         2    0.666       0      0
Uptime(secs): 3.4 total, 3.4 interval
Flush(GB): cumulative 0.237, interval 0.237
AddFile(GB): cumulative 0.000, interval 0.000
AddFile(Total Files): cumulative 0, interval 0
AddFile(L0 Files): cumulative 0, interval 0
AddFile(Keys): cumulative 0, interval 0
Cumulative compaction: 0.24 GB write, 71.45 MB/s write, 0.00 GB read, 0.00 MB/s read, 1.3 seconds
Interval compaction: 0.24 GB write, 71.45 MB/s write, 0.00 GB read, 0.00 MB/s read, 1.3 seconds
Stalls(count): 0 level0_slowdown, 0 level0_slowdown_with_compaction, 0 level0_numfiles, 0 level0_numfiles_with_compaction, 0 stop for pending_compaction_bytes, 0 slowdown for pending_compaction_bytes, 0 memtable_compaction, 0 memtable_slowdown, interval 0 total count

** File Read Latency Histogram By Level [usertable] **

** Compaction Stats [default] **
Level    Files   Size     Score Read(GB)  Rn(GB) Rnp1(GB) Write(GB) Wnew(GB) Moved(GB) W-Amp Rd(MB/s) Wr(MB/s) Comp(sec) Comp(cnt) Avg(sec) KeyIn KeyDrop
----------------------------------------------------------------------------------------------------------------------------------------------------------
 Sum      0/0    0.00 KB   0.0      0.0     0.0      0.0       0.0      0.0       0.0   0.0      0.0      0.0         0         0    0.000       0      0
 Int      0/0    0.00 KB   0.0      0.0     0.0      0.0       0.0      0.0       0.0   0.0      0.0      0.0         0         0    0.000       0      0
Uptime(secs): 3.4 total, 0.0 interval
Flush(GB): cumulative 0.000, interval 0.000
AddFile(GB): cumulative 0.000, interval 0.000
AddFile(Total Files): cumulative 0, interval 0
AddFile(L0 Files): cumulative 0, interval 0
AddFile(Keys): cumulative 0, interval 0
Cumulative compaction: 0.00 GB write, 0.00 MB/s write, 0.00 GB read, 0.00 MB/s read, 0.0 seconds
Interval compaction: 0.00 GB write, 0.00 MB/s write, 0.00 GB read, 0.00 MB/s read, 0.0 seconds
Stalls(count): 0 level0_slowdown, 0 level0_slowdown_with_compaction, 0 level0_numfiles, 0 level0_numfiles_with_compaction, 0 stop for pending_compaction_bytes, 0 slowdown for pending_compaction_bytes, 0 memtable_compaction, 0 memtable_slowdown, interval 0 total count

** File Read Latency Histogram By Level [default] **

** Compaction Stats [usertable] **
Level    Files   Size     Score Read(GB)  Rn(GB) Rnp1(GB) Write(GB) Wnew(GB) Moved(GB) W-Amp Rd(MB/s) Wr(MB/s) Comp(sec) Comp(cnt) Avg(sec) KeyIn KeyDrop
----------------------------------------------------------------------------------------------------------------------------------------------------------
  L0      3/0   409.54 MB   1.5      0.0     0.0      0.0       0.2      0.2       0.0   1.0      0.0    182.2         1         2    0.666       0      0
  L1     11/0   460.54 MB   0.9      0.0     0.0      0.0       0.0      0.0       0.0   0.0      0.0      0.0         0         0    0.000       0      0
  L2    156/0    4.95 GB   1.0      0.0     0.0      0.0       0.0      0.0       0.0   0.0      0.0      0.0         0         0    0.000       0      0
  L3    549/0   34.38 GB   0.7      0.0     0.0      0.0       0.0      0.0       0.0   0.0      0.0      0.0         0         0    0.000       0      0
 Sum    719/0   40.18 GB   0.0      0.0     0.0      0.0       0.2      0.2       0.0   1.0      0.0    182.2         1         2    0.666       0      0
 Int      0/0    0.00 KB   0.0      0.0     0.0      0.0       0.0      0.0       0.0   0.0      0.0      0.0         0         0    0.000       0      0
Uptime(secs): 3.4 total, 0.0 interval
Flush(GB): cumulative 0.237, interval 0.000
AddFile(GB): cumulative 0.000, interval 0.000
AddFile(Total Files): cumulative 0, interval 0
AddFile(L0 Files): cumulative 0, interval 0
AddFile(Keys): cumulative 0, interval 0
Cumulative compaction: 0.24 GB write, 71.44 MB/s write, 0.00 GB read, 0.00 MB/s read, 1.3 seconds
Interval compaction: 0.00 GB write, 0.00 MB/s write, 0.00 GB read, 0.00 MB/s read, 0.0 seconds
Stalls(count): 0 level0_slowdown, 0 level0_slowdown_with_compaction, 0 level0_numfiles, 0 level0_numfiles_with_compaction, 0 stop for pending_compaction_bytes, 0 slowdown for pending_compaction_bytes, 0 memtable_compaction, 0 memtable_slowdown, interval 0 total count

** File Read Latency Histogram By Level [usertable] **
2019/03/20-03:29:51.276851 7fe5cf7fe700 (Original Log Time 2019/03/20-03:29:51.246196) [db/db_impl_compaction_flush.cc:1835] [usertable] Moving #873 to level-1 174937103 bytes
2019/03/20-03:29:51.276858 7fe5cf7fe700 (Original Log Time 2019/03/20-03:29:51.276727) EVENT_LOG_v1 {"time_micros": 1553077791276710, "job": 3, "event": "trivial_move", "destination_level": 1, "files": 1, "total_files_size": 174937103}
2019/03/20-03:29:51.276861 7fe5cf7fe700 (Original Log Time 2019/03/20-03:29:51.276748) [db/db_impl_compaction_flush.cc:1864] [usertable] Moved #1 files to level-1 174937103 bytes OK: base level 1 max bytes base 536870912 files[2 12 156 549 0 0 0] max score 1.23
2019/03/20-03:29:51.276994 7fe5cf7fe700 [db/compaction_job.cc:1531] [usertable] [JOB 4] Compacting 1@1 + 1@2 files to L2, score 1.23
2019/03/20-03:29:51.277006 7fe5cf7fe700 [db/compaction_job.cc:1535] [usertable] Compaction start summary: Base version 6 Base level 1, inputs: [873(166MB)], [870(5829KB)]
2019/03/20-03:29:51.277041 7fe5cf7fe700 EVENT_LOG_v1 {"time_micros": 1553077791277015, "job": 4, "event": "compaction_started", "compaction_reason": "LevelMaxLevelSize", "files_L1": [873], "files_L2": [870], "score": 1.22533, "input_data_size": 180906004}
2019/03/20-03:29:52.169780 7fe5cf7fe700 [db/compaction_job.cc:1211] [usertable] [JOB 4] Generated table #1414: 16279 keys, 67233529 bytes
2019/03/20-03:29:52.169823 7fe5cf7fe700 EVENT_LOG_v1 {"time_micros": 1553077792169804, "cf_name": "usertable", "job": 4, "event": "table_file_creation", "file_number": 1414, "file_size": 67233529, "table_properties": {"data_size": 67120139, "index_size": 300916, "filter_size": 0, "raw_key_size": 390696, "raw_average_key_size": 24, "raw_value_size": 66678784, "raw_average_value_size": 4096, "num_data_blocks": 8140, "num_entries": 16279, "filter_policy_name": "", "kDeletedKeys": "0", "kMergeOperands": "0"}}
2019/03/20-03:29:52.960810 7fe5cf7fe700 [db/compaction_job.cc:1211] [usertable] [JOB 4] Generated table #1415: 16279 keys, 67233365 bytes
2019/03/20-03:29:52.960860 7fe5cf7fe700 EVENT_LOG_v1 {"time_micros": 1553077792960834, "cf_name": "usertable", "job": 4, "event": "table_file_creation", "file_number": 1415, "file_size": 67233365, "table_properties": {"data_size": 67118331, "index_size": 299108, "filter_size": 0, "raw_key_size": 390696, "raw_average_key_size": 24, "raw_value_size": 66678784, "raw_average_value_size": 4096, "num_data_blocks": 8140, "num_entries": 16279, "filter_policy_name": "", "kDeletedKeys": "0", "kMergeOperands": "0"}}
2019/03/20-03:29:53.455637 7fe5cf7fe700 [db/compaction_job.cc:1211] [usertable] [JOB 4] Generated table #1416: 11128 keys, 45959830 bytes
2019/03/20-03:29:53.455706 7fe5cf7fe700 EVENT_LOG_v1 {"time_micros": 1553077793455678, "cf_name": "usertable", "job": 4, "event": "table_file_creation", "file_number": 1416, "file_size": 45959830, "table_properties": {"data_size": 45881981, "index_size": 205604, "filter_size": 0, "raw_key_size": 267072, "raw_average_key_size": 24, "raw_value_size": 45580288, "raw_average_value_size": 4096, "num_data_blocks": 5564, "num_entries": 11128, "filter_policy_name": "", "kDeletedKeys": "0", "kMergeOperands": "0"}}
2019/03/20-03:29:53.455781 7fe5cf7fe700 [db/compaction_job.cc:1287] [usertable] [JOB 4] Compacted 1@1 + 1@2 files to L2 => 180426724 bytes
2019/03/20-03:29:53.486650 7fe5cf7fe700 (Original Log Time 2019/03/20-03:29:53.486498) [db/compaction_job.cc:685] [usertable] compacted to: base level 1 max bytes base 536870912 files[2 11 158 549 0 0 0] max score 1.02, MB/sec: 83.0 rd, 82.8 wr, level 2, files in(1, 1) out(3) MB in(166.8, 5.7) out(172.1), read-write-amplify(2.1) write-amplify(1.0) OK, records in: 43686, records dropped: 0 output_compression: LZ4
2019/03/20-03:29:53.486658 7fe5cf7fe700 (Original Log Time 2019/03/20-03:29:53.486552) EVENT_LOG_v1 {"time_micros": 1553077793486534, "job": 4, "event": "compaction_finished", "compaction_time_micros": 2178696, "output_level": 2, "num_output_files": 3, "total_output_size": 180426724, "num_input_records": 43686, "num_output_records": 43686, "num_subcompactions": 1, "output_compression": "LZ4", "num_single_delete_mismatches": 0, "num_single_delete_fallthrough": 0, "lsm_state": [2, 11, 158, 549, 0, 0, 0]}
2019/03/20-03:29:53.519199 7fe5cf7fe700 (Original Log Time 2019/03/20-03:29:53.486865) [db/db_impl_compaction_flush.cc:1835] [usertable] Moving #1414 to level-3 67233529 bytes
2019/03/20-03:29:53.519204 7fe5cf7fe700 (Original Log Time 2019/03/20-03:29:53.519130) EVENT_LOG_v1 {"time_micros": 1553077793519108, "job": 5, "event": "trivial_move", "destination_level": 3, "files": 1, "total_files_size": 67233529}
2019/03/20-03:29:53.519206 7fe5cf7fe700 (Original Log Time 2019/03/20-03:29:53.519145) [db/db_impl_compaction_flush.cc:1864] [usertable] Moved #1 files to level-3 67233529 bytes OK: base level 1 max bytes base 536870912 files[2 11 157 550 0 0 0] max score 1.01
2019/03/20-03:29:53.533729 7fe5cf7fe700 EVENT_LOG_v1 {"time_micros": 1553077793533717, "job": 5, "event": "table_file_deletion", "file_number": 873}
2019/03/20-03:29:53.534506 7fe5cf7fe700 EVENT_LOG_v1 {"time_micros": 1553077793534502, "job": 5, "event": "table_file_deletion", "file_number": 870}
2019/03/20-03:29:53.564948 7fe6337fe700 (Original Log Time 2019/03/20-03:29:53.534682) [db/db_impl_compaction_flush.cc:1835] [usertable] Moving #1415 to level-3 67233365 bytes
2019/03/20-03:29:53.564955 7fe6337fe700 (Original Log Time 2019/03/20-03:29:53.564854) EVENT_LOG_v1 {"time_micros": 1553077793564843, "job": 6, "event": "trivial_move", "destination_level": 3, "files": 1, "total_files_size": 67233365}
2019/03/20-03:29:53.564958 7fe6337fe700 (Original Log Time 2019/03/20-03:29:53.564869) [db/db_impl_compaction_flush.cc:1864] [usertable] Moved #1 files to level-3 67233365 bytes OK: base level 1 max bytes base 536870912 files[2 11 156 551 0 0 0] max score 1.00
2019/03/20-03:29:53.595772 7fe6337fe700 (Original Log Time 2019/03/20-03:29:53.565217) [db/db_impl_compaction_flush.cc:1835] [usertable] Moving #1407 to level-1 129902323 bytes
2019/03/20-03:29:53.595778 7fe6337fe700 (Original Log Time 2019/03/20-03:29:53.595689) EVENT_LOG_v1 {"time_micros": 1553077793595661, "job": 7, "event": "trivial_move", "destination_level": 1, "files": 1, "total_files_size": 129902323}
2019/03/20-03:29:53.595780 7fe6337fe700 (Original Log Time 2019/03/20-03:29:53.595705) [db/db_impl_compaction_flush.cc:1864] [usertable] Moved #1 files to level-1 129902323 bytes OK: base level 1 max bytes base 536870912 files[1 12 156 551 0 0 0] max score 1.14
2019/03/20-03:29:53.596001 7fe6337fe700 [db/compaction_job.cc:1531] [usertable] [JOB 8] Compacting 1@1 files to L2, score 1.14
2019/03/20-03:29:53.596009 7fe6337fe700 [db/compaction_job.cc:1535] [usertable] Compaction start summary: Base version 10 Base level 1, inputs: [1407(123MB)]
2019/03/20-03:29:53.596036 7fe6337fe700 EVENT_LOG_v1 {"time_micros": 1553077793596023, "job": 8, "event": "compaction_started", "compaction_reason": "LevelMaxLevelSize", "files_L1": [1407], "score": 1.14145, "input_data_size": 129902323}
2019/03/20-03:29:54.105630 7fe6337fe700 [db/compaction_job.cc:1211] [usertable] [JOB 8] Generated table #1417: 16279 keys, 67233516 bytes
