2019/03/23-01:55:20.579169 7f77484d9700 RocksDB version: 5.14.3
2019/03/23-01:55:20.579222 7f77484d9700 Git sha rocksdb_build_git_sha:
2019/03/23-01:55:20.579225 7f77484d9700 Compile date Oct  9 2018
2019/03/23-01:55:20.579232 7f77484d9700 DB SUMMARY
2019/03/23-01:55:20.579825 7f77484d9700 CURRENT file:  CURRENT
2019/03/23-01:55:20.579828 7f77484d9700 IDENTITY file:  IDENTITY
2019/03/23-01:55:20.579836 7f77484d9700 MANIFEST file:  MANIFEST-000004 size: 131534 Bytes
2019/03/23-01:55:20.579839 7f77484d9700 SST files in /mnt/sdg/ycsb-rocksdb-data dir, Total Num: 721, files: 000021.sst 000022.sst 000023.sst 000024.sst 000025.sst 000026.sst 000027.sst 000028.sst 000029.sst 
2019/03/23-01:55:20.579843 7f77484d9700 Write Ahead Log file in /mnt/sdg/ycsb-rocksdb-data: 001353.log size: 115289209 ; 001359.log size: 111750037 ; 001360.log size: 11380356 ; 
2019/03/23-01:55:20.579869 7f77484d9700                         Options.error_if_exists: 0
2019/03/23-01:55:20.579870 7f77484d9700                       Options.create_if_missing: 1
2019/03/23-01:55:20.579871 7f77484d9700                         Options.paranoid_checks: 1
2019/03/23-01:55:20.579872 7f77484d9700                                     Options.env: 0x7f770098d080
2019/03/23-01:55:20.579873 7f77484d9700                                Options.info_log: 0x7f76e43f23d0
2019/03/23-01:55:20.579874 7f77484d9700                Options.max_file_opening_threads: 16
2019/03/23-01:55:20.579875 7f77484d9700                              Options.statistics: (nil)
2019/03/23-01:55:20.579876 7f77484d9700                               Options.use_fsync: 0
2019/03/23-01:55:20.579877 7f77484d9700                       Options.max_log_file_size: 0
2019/03/23-01:55:20.579878 7f77484d9700                  Options.max_manifest_file_size: 18446744073709551615
2019/03/23-01:55:20.579879 7f77484d9700                   Options.log_file_time_to_roll: 0
2019/03/23-01:55:20.579880 7f77484d9700                       Options.keep_log_file_num: 1000
2019/03/23-01:55:20.579881 7f77484d9700                    Options.recycle_log_file_num: 0
2019/03/23-01:55:20.579882 7f77484d9700                         Options.allow_fallocate: 1
2019/03/23-01:55:20.579883 7f77484d9700                        Options.allow_mmap_reads: 0
2019/03/23-01:55:20.579884 7f77484d9700                       Options.allow_mmap_writes: 0
2019/03/23-01:55:20.579885 7f77484d9700                        Options.use_direct_reads: 0
2019/03/23-01:55:20.579885 7f77484d9700                        Options.use_direct_io_for_flush_and_compaction: 0
2019/03/23-01:55:20.579887 7f77484d9700          Options.create_missing_column_families: 1
2019/03/23-01:55:20.579887 7f77484d9700                              Options.db_log_dir: 
2019/03/23-01:55:20.579889 7f77484d9700                                 Options.wal_dir: /mnt/sdg/ycsb-rocksdb-data
2019/03/23-01:55:20.579890 7f77484d9700                Options.table_cache_numshardbits: 6
2019/03/23-01:55:20.579890 7f77484d9700                      Options.max_subcompactions: 4
2019/03/23-01:55:20.579891 7f77484d9700                  Options.max_background_flushes: 24
2019/03/23-01:55:20.579892 7f77484d9700                         Options.WAL_ttl_seconds: 0
2019/03/23-01:55:20.579893 7f77484d9700                       Options.WAL_size_limit_MB: 0
2019/03/23-01:55:20.579894 7f77484d9700             Options.manifest_preallocation_size: 4194304
2019/03/23-01:55:20.579895 7f77484d9700                     Options.is_fd_close_on_exec: 1
2019/03/23-01:55:20.579896 7f77484d9700                   Options.advise_random_on_open: 1
2019/03/23-01:55:20.579897 7f77484d9700                    Options.db_write_buffer_size: 0
2019/03/23-01:55:20.579898 7f77484d9700                    Options.write_buffer_manager: 0x7f76e43f2660
2019/03/23-01:55:20.579899 7f77484d9700         Options.access_hint_on_compaction_start: 1
2019/03/23-01:55:20.579900 7f77484d9700  Options.new_table_reader_for_compaction_inputs: 0
2019/03/23-01:55:20.579901 7f77484d9700           Options.random_access_max_buffer_size: 1048576
2019/03/23-01:55:20.579902 7f77484d9700                      Options.use_adaptive_mutex: 0
2019/03/23-01:55:20.579914 7f77484d9700                            Options.rate_limiter: (nil)
2019/03/23-01:55:20.579917 7f77484d9700     Options.sst_file_manager.rate_bytes_per_sec: 0
2019/03/23-01:55:20.579918 7f77484d9700                       Options.wal_recovery_mode: 2
2019/03/23-01:55:20.579919 7f77484d9700                  Options.enable_thread_tracking: 0
2019/03/23-01:55:20.579920 7f77484d9700                  Options.enable_pipelined_write: 1
2019/03/23-01:55:20.579921 7f77484d9700         Options.allow_concurrent_memtable_write: 1
2019/03/23-01:55:20.579921 7f77484d9700      Options.enable_write_thread_adaptive_yield: 1
2019/03/23-01:55:20.579922 7f77484d9700             Options.write_thread_max_yield_usec: 100
2019/03/23-01:55:20.579923 7f77484d9700            Options.write_thread_slow_yield_usec: 3
2019/03/23-01:55:20.579924 7f77484d9700                               Options.row_cache: None
2019/03/23-01:55:20.579925 7f77484d9700                              Options.wal_filter: None
2019/03/23-01:55:20.579926 7f77484d9700             Options.avoid_flush_during_recovery: 0
2019/03/23-01:55:20.579927 7f77484d9700             Options.allow_ingest_behind: 0
2019/03/23-01:55:20.579928 7f77484d9700             Options.preserve_deletes: 0
2019/03/23-01:55:20.579929 7f77484d9700             Options.two_write_queues: 0
2019/03/23-01:55:20.579930 7f77484d9700             Options.manual_wal_flush: 0
2019/03/23-01:55:20.579932 7f77484d9700             Options.max_background_jobs: 24
2019/03/23-01:55:20.579933 7f77484d9700             Options.max_background_compactions: 24
2019/03/23-01:55:20.579934 7f77484d9700             Options.avoid_flush_during_shutdown: 0
2019/03/23-01:55:20.579935 7f77484d9700           Options.writable_file_max_buffer_size: 1048576
2019/03/23-01:55:20.579936 7f77484d9700             Options.delayed_write_rate : 16777216
2019/03/23-01:55:20.579937 7f77484d9700             Options.max_total_wal_size: 0
2019/03/23-01:55:20.579938 7f77484d9700             Options.delete_obsolete_files_period_micros: 21600000000
2019/03/23-01:55:20.579939 7f77484d9700                   Options.stats_dump_period_sec: 60
2019/03/23-01:55:20.579940 7f77484d9700                          Options.max_open_files: -1
2019/03/23-01:55:20.579941 7f77484d9700                          Options.bytes_per_sync: 1048576
2019/03/23-01:55:20.579942 7f77484d9700                      Options.wal_bytes_per_sync: 0
2019/03/23-01:55:20.579942 7f77484d9700       Options.compaction_readahead_size: 0
2019/03/23-01:55:20.579943 7f77484d9700 Compression algorithms supported:
2019/03/23-01:55:20.579945 7f77484d9700 	kZSTDNotFinalCompression supported: 1
2019/03/23-01:55:20.579952 7f77484d9700 	kZSTD supported: 1
2019/03/23-01:55:20.579953 7f77484d9700 	kXpressCompression supported: 0
2019/03/23-01:55:20.579954 7f77484d9700 	kLZ4HCCompression supported: 1
2019/03/23-01:55:20.579955 7f77484d9700 	kLZ4Compression supported: 1
2019/03/23-01:55:20.579956 7f77484d9700 	kBZip2Compression supported: 1
2019/03/23-01:55:20.579957 7f77484d9700 	kZlibCompression supported: 1
2019/03/23-01:55:20.579958 7f77484d9700 	kSnappyCompression supported: 1
2019/03/23-01:55:20.579962 7f77484d9700 Fast CRC32 supported: Not supported on x86
2019/03/23-01:55:20.580384 7f77484d9700 [db/version_set.cc:3085] Recovering from manifest file: MANIFEST-000004
2019/03/23-01:55:20.580484 7f77484d9700 [db/column_family.cc:475] --------------- Options for column family [default]:
2019/03/23-01:55:20.580488 7f77484d9700               Options.comparator: leveldb.BytewiseComparator
2019/03/23-01:55:20.580490 7f77484d9700           Options.merge_operator: None
2019/03/23-01:55:20.580491 7f77484d9700        Options.compaction_filter: None
2019/03/23-01:55:20.580492 7f77484d9700        Options.compaction_filter_factory: None
2019/03/23-01:55:20.580493 7f77484d9700         Options.memtable_factory: SkipListFactory
2019/03/23-01:55:20.580494 7f77484d9700            Options.table_factory: BlockBasedTable
2019/03/23-01:55:20.580520 7f77484d9700            table_factory options:   flush_block_policy_factory: FlushBlockBySizePolicyFactory (0x7f76e43ec910)
  cache_index_and_filter_blocks: 0
  cache_index_and_filter_blocks_with_high_priority: 0
  pin_l0_filter_and_index_blocks_in_cache: 0
  index_type: 0
  hash_index_allow_collision: 1
  checksum: 1
  no_block_cache: 0
  block_cache: 0x7f76e43de7f0
  block_cache_name: LRUCache
  block_cache_options:
    capacity : 8388608
    num_shard_bits : 4
    strict_capacity_limit : 0
    high_pri_pool_ratio: 0.000
  block_cache_compressed: (nil)
  persistent_cache: (nil)
  block_size: 8192
  block_size_deviation: 10
  block_restart_interval: 16
  index_block_restart_interval: 1
  metadata_block_size: 4096
  partition_filters: 0
  use_delta_encoding: 1
  filter_policy: nullptr
  whole_key_filtering: 1
  verify_compression: 0
  read_amp_bytes_per_bit: 0
  format_version: 2
  enable_index_compression: 1
  block_align: 0
2019/03/23-01:55:20.580534 7f77484d9700        Options.write_buffer_size: 134217728
2019/03/23-01:55:20.580535 7f77484d9700  Options.max_write_buffer_number: 24
2019/03/23-01:55:20.580537 7f77484d9700        Options.compression[0]: NoCompression
2019/03/23-01:55:20.580538 7f77484d9700        Options.compression[1]: NoCompression
2019/03/23-01:55:20.580539 7f77484d9700        Options.compression[2]: LZ4
2019/03/23-01:55:20.580540 7f77484d9700        Options.compression[3]: LZ4
2019/03/23-01:55:20.580541 7f77484d9700        Options.compression[4]: LZ4
2019/03/23-01:55:20.580542 7f77484d9700        Options.compression[5]: LZ4
2019/03/23-01:55:20.580543 7f77484d9700        Options.compression[6]: LZ4
2019/03/23-01:55:20.580544 7f77484d9700                  Options.bottommost_compression: Disabled
2019/03/23-01:55:20.580545 7f77484d9700       Options.prefix_extractor: nullptr
2019/03/23-01:55:20.580546 7f77484d9700   Options.memtable_insert_with_hint_prefix_extractor: nullptr
2019/03/23-01:55:20.580547 7f77484d9700             Options.num_levels: 7
2019/03/23-01:55:20.580548 7f77484d9700        Options.min_write_buffer_number_to_merge: 2
2019/03/23-01:55:20.580549 7f77484d9700     Options.max_write_buffer_number_to_maintain: 0
2019/03/23-01:55:20.580550 7f77484d9700            Options.compression_opts.window_bits: -14
2019/03/23-01:55:20.580551 7f77484d9700                  Options.compression_opts.level: -1
2019/03/23-01:55:20.580552 7f77484d9700               Options.compression_opts.strategy: 0
2019/03/23-01:55:20.580553 7f77484d9700         Options.compression_opts.max_dict_bytes: 0
2019/03/23-01:55:20.580554 7f77484d9700         Options.compression_opts.zstd_max_train_bytes: 0
2019/03/23-01:55:20.580555 7f77484d9700      Options.level0_file_num_compaction_trigger: 2
2019/03/23-01:55:20.580556 7f77484d9700          Options.level0_slowdown_writes_trigger: 20
2019/03/23-01:55:20.580557 7f77484d9700              Options.level0_stop_writes_trigger: 36
2019/03/23-01:55:20.580558 7f77484d9700                   Options.target_file_size_base: 67108864
2019/03/23-01:55:20.580559 7f77484d9700             Options.target_file_size_multiplier: 1
2019/03/23-01:55:20.580560 7f77484d9700                Options.max_bytes_for_level_base: 536870912
2019/03/23-01:55:20.580560 7f77484d9700 Options.level_compaction_dynamic_level_bytes: 0
2019/03/23-01:55:20.580561 7f77484d9700          Options.max_bytes_for_level_multiplier: 10.000000
2019/03/23-01:55:20.580565 7f77484d9700 Options.max_bytes_for_level_multiplier_addtl[0]: 1
2019/03/23-01:55:20.580566 7f77484d9700 Options.max_bytes_for_level_multiplier_addtl[1]: 1
2019/03/23-01:55:20.580567 7f77484d9700 Options.max_bytes_for_level_multiplier_addtl[2]: 1
2019/03/23-01:55:20.580568 7f77484d9700 Options.max_bytes_for_level_multiplier_addtl[3]: 1
2019/03/23-01:55:20.580569 7f77484d9700 Options.max_bytes_for_level_multiplier_addtl[4]: 1
2019/03/23-01:55:20.580570 7f77484d9700 Options.max_bytes_for_level_multiplier_addtl[5]: 1
2019/03/23-01:55:20.580571 7f77484d9700 Options.max_bytes_for_level_multiplier_addtl[6]: 1
2019/03/23-01:55:20.580572 7f77484d9700       Options.max_sequential_skip_in_iterations: 8
2019/03/23-01:55:20.580573 7f77484d9700                    Options.max_compaction_bytes: 1677721600
2019/03/23-01:55:20.580580 7f77484d9700                        Options.arena_block_size: 16777216
2019/03/23-01:55:20.580581 7f77484d9700   Options.soft_pending_compaction_bytes_limit: 68719476736
2019/03/23-01:55:20.580582 7f77484d9700   Options.hard_pending_compaction_bytes_limit: 274877906944
2019/03/23-01:55:20.580583 7f77484d9700       Options.rate_limit_delay_max_milliseconds: 100
2019/03/23-01:55:20.580584 7f77484d9700                Options.disable_auto_compactions: 0
2019/03/23-01:55:20.580586 7f77484d9700                        Options.compaction_style: kCompactionStyleLevel
2019/03/23-01:55:20.580587 7f77484d9700                          Options.compaction_pri: kByCompensatedSize
2019/03/23-01:55:20.580588 7f77484d9700 Options.compaction_options_universal.size_ratio: 1
2019/03/23-01:55:20.580589 7f77484d9700 Options.compaction_options_universal.min_merge_width: 2
2019/03/23-01:55:20.580590 7f77484d9700 Options.compaction_options_universal.max_merge_width: 4294967295
2019/03/23-01:55:20.580591 7f77484d9700 Options.compaction_options_universal.max_size_amplification_percent: 200
2019/03/23-01:55:20.580592 7f77484d9700 Options.compaction_options_universal.compression_size_percent: -1
2019/03/23-01:55:20.580593 7f77484d9700 Options.compaction_options_universal.stop_style: kCompactionStopStyleTotalSize
2019/03/23-01:55:20.580601 7f77484d9700 Options.compaction_options_fifo.max_table_files_size: 1073741824
2019/03/23-01:55:20.580602 7f77484d9700 Options.compaction_options_fifo.allow_compaction: 0
2019/03/23-01:55:20.580603 7f77484d9700 Options.compaction_options_fifo.ttl: 0
2019/03/23-01:55:20.580612 7f77484d9700                   Options.table_properties_collectors: 
2019/03/23-01:55:20.580613 7f77484d9700                   Options.inplace_update_support: 0
2019/03/23-01:55:20.580614 7f77484d9700                 Options.inplace_update_num_locks: 10000
2019/03/23-01:55:20.580615 7f77484d9700               Options.memtable_prefix_bloom_size_ratio: 0.000000
2019/03/23-01:55:20.580616 7f77484d9700   Options.memtable_huge_page_size: 0
2019/03/23-01:55:20.580617 7f77484d9700                           Options.bloom_locality: 0
2019/03/23-01:55:20.580618 7f77484d9700                    Options.max_successive_merges: 0
2019/03/23-01:55:20.580619 7f77484d9700                Options.optimize_filters_for_hits: 0
2019/03/23-01:55:20.580620 7f77484d9700                Options.paranoid_file_checks: 0
2019/03/23-01:55:20.580621 7f77484d9700                Options.force_consistency_checks: 0
2019/03/23-01:55:20.580622 7f77484d9700                Options.report_bg_io_stats: 0
2019/03/23-01:55:20.580623 7f77484d9700                               Options.ttl: 0
2019/03/23-01:55:20.581105 7f77484d9700 [db/column_family.cc:475] --------------- Options for column family [usertable]:
2019/03/23-01:55:20.581108 7f77484d9700               Options.comparator: leveldb.BytewiseComparator
2019/03/23-01:55:20.581109 7f77484d9700           Options.merge_operator: None
2019/03/23-01:55:20.581110 7f77484d9700        Options.compaction_filter: None
2019/03/23-01:55:20.581111 7f77484d9700        Options.compaction_filter_factory: None
2019/03/23-01:55:20.581112 7f77484d9700         Options.memtable_factory: SkipListFactory
2019/03/23-01:55:20.581113 7f77484d9700            Options.table_factory: BlockBasedTable
2019/03/23-01:55:20.581135 7f77484d9700            table_factory options:   flush_block_policy_factory: FlushBlockBySizePolicyFactory (0x7f76e43f0320)
  cache_index_and_filter_blocks: 0
  cache_index_and_filter_blocks_with_high_priority: 0
  pin_l0_filter_and_index_blocks_in_cache: 0
  index_type: 0
  hash_index_allow_collision: 1
  checksum: 1
  no_block_cache: 0
  block_cache: 0x7f76e43ef280
  block_cache_name: LRUCache
  block_cache_options:
    capacity : 8388608
    num_shard_bits : 4
    strict_capacity_limit : 0
    high_pri_pool_ratio: 0.000
  block_cache_compressed: (nil)
  persistent_cache: (nil)
  block_size: 8192
  block_size_deviation: 10
  block_restart_interval: 16
  index_block_restart_interval: 1
  metadata_block_size: 4096
  partition_filters: 0
  use_delta_encoding: 1
  filter_policy: nullptr
  whole_key_filtering: 1
  verify_compression: 0
  read_amp_bytes_per_bit: 0
  format_version: 2
  enable_index_compression: 1
  block_align: 0
2019/03/23-01:55:20.581147 7f77484d9700        Options.write_buffer_size: 134217728
2019/03/23-01:55:20.581148 7f77484d9700  Options.max_write_buffer_number: 24
2019/03/23-01:55:20.581150 7f77484d9700        Options.compression[0]: NoCompression
2019/03/23-01:55:20.581151 7f77484d9700        Options.compression[1]: NoCompression
2019/03/23-01:55:20.581152 7f77484d9700        Options.compression[2]: LZ4
2019/03/23-01:55:20.581153 7f77484d9700        Options.compression[3]: LZ4
2019/03/23-01:55:20.581154 7f77484d9700        Options.compression[4]: LZ4
2019/03/23-01:55:20.581155 7f77484d9700        Options.compression[5]: LZ4
2019/03/23-01:55:20.581156 7f77484d9700        Options.compression[6]: LZ4
2019/03/23-01:55:20.581157 7f77484d9700                  Options.bottommost_compression: Disabled
2019/03/23-01:55:20.581158 7f77484d9700       Options.prefix_extractor: nullptr
2019/03/23-01:55:20.581159 7f77484d9700   Options.memtable_insert_with_hint_prefix_extractor: nullptr
2019/03/23-01:55:20.581160 7f77484d9700             Options.num_levels: 7
2019/03/23-01:55:20.581161 7f77484d9700        Options.min_write_buffer_number_to_merge: 2
2019/03/23-01:55:20.581162 7f77484d9700     Options.max_write_buffer_number_to_maintain: 0
2019/03/23-01:55:20.581163 7f77484d9700            Options.compression_opts.window_bits: -14
2019/03/23-01:55:20.581164 7f77484d9700                  Options.compression_opts.level: -1
2019/03/23-01:55:20.581165 7f77484d9700               Options.compression_opts.strategy: 0
2019/03/23-01:55:20.581165 7f77484d9700         Options.compression_opts.max_dict_bytes: 0
2019/03/23-01:55:20.581166 7f77484d9700         Options.compression_opts.zstd_max_train_bytes: 0
2019/03/23-01:55:20.581167 7f77484d9700      Options.level0_file_num_compaction_trigger: 2
2019/03/23-01:55:20.581168 7f77484d9700          Options.level0_slowdown_writes_trigger: 20
2019/03/23-01:55:20.581169 7f77484d9700              Options.level0_stop_writes_trigger: 36
2019/03/23-01:55:20.581170 7f77484d9700                   Options.target_file_size_base: 67108864
2019/03/23-01:55:20.581171 7f77484d9700             Options.target_file_size_multiplier: 1
2019/03/23-01:55:20.581172 7f77484d9700                Options.max_bytes_for_level_base: 536870912
2019/03/23-01:55:20.581173 7f77484d9700 Options.level_compaction_dynamic_level_bytes: 0
2019/03/23-01:55:20.581174 7f77484d9700          Options.max_bytes_for_level_multiplier: 10.000000
2019/03/23-01:55:20.581176 7f77484d9700 Options.max_bytes_for_level_multiplier_addtl[0]: 1
2019/03/23-01:55:20.581177 7f77484d9700 Options.max_bytes_for_level_multiplier_addtl[1]: 1
2019/03/23-01:55:20.581178 7f77484d9700 Options.max_bytes_for_level_multiplier_addtl[2]: 1
2019/03/23-01:55:20.581179 7f77484d9700 Options.max_bytes_for_level_multiplier_addtl[3]: 1
2019/03/23-01:55:20.581179 7f77484d9700 Options.max_bytes_for_level_multiplier_addtl[4]: 1
2019/03/23-01:55:20.581180 7f77484d9700 Options.max_bytes_for_level_multiplier_addtl[5]: 1
2019/03/23-01:55:20.581181 7f77484d9700 Options.max_bytes_for_level_multiplier_addtl[6]: 1
2019/03/23-01:55:20.581182 7f77484d9700       Options.max_sequential_skip_in_iterations: 8
2019/03/23-01:55:20.581183 7f77484d9700                    Options.max_compaction_bytes: 1677721600
2019/03/23-01:55:20.581184 7f77484d9700                        Options.arena_block_size: 16777216
2019/03/23-01:55:20.581185 7f77484d9700   Options.soft_pending_compaction_bytes_limit: 68719476736
2019/03/23-01:55:20.581186 7f77484d9700   Options.hard_pending_compaction_bytes_limit: 274877906944
2019/03/23-01:55:20.581187 7f77484d9700       Options.rate_limit_delay_max_milliseconds: 100
2019/03/23-01:55:20.581188 7f77484d9700                Options.disable_auto_compactions: 0
2019/03/23-01:55:20.581189 7f77484d9700                        Options.compaction_style: kCompactionStyleLevel
2019/03/23-01:55:20.581196 7f77484d9700                          Options.compaction_pri: kByCompensatedSize
2019/03/23-01:55:20.581197 7f77484d9700 Options.compaction_options_universal.size_ratio: 1
2019/03/23-01:55:20.581198 7f77484d9700 Options.compaction_options_universal.min_merge_width: 2
2019/03/23-01:55:20.581199 7f77484d9700 Options.compaction_options_universal.max_merge_width: 4294967295
2019/03/23-01:55:20.581200 7f77484d9700 Options.compaction_options_universal.max_size_amplification_percent: 200
2019/03/23-01:55:20.581201 7f77484d9700 Options.compaction_options_universal.compression_size_percent: -1
2019/03/23-01:55:20.581202 7f77484d9700 Options.compaction_options_universal.stop_style: kCompactionStopStyleTotalSize
2019/03/23-01:55:20.581203 7f77484d9700 Options.compaction_options_fifo.max_table_files_size: 1073741824
2019/03/23-01:55:20.581204 7f77484d9700 Options.compaction_options_fifo.allow_compaction: 0
2019/03/23-01:55:20.581205 7f77484d9700 Options.compaction_options_fifo.ttl: 0
2019/03/23-01:55:20.581206 7f77484d9700                   Options.table_properties_collectors: 
2019/03/23-01:55:20.581207 7f77484d9700                   Options.inplace_update_support: 0
2019/03/23-01:55:20.581207 7f77484d9700                 Options.inplace_update_num_locks: 10000
2019/03/23-01:55:20.581208 7f77484d9700               Options.memtable_prefix_bloom_size_ratio: 0.000000
2019/03/23-01:55:20.581210 7f77484d9700   Options.memtable_huge_page_size: 0
2019/03/23-01:55:20.581211 7f77484d9700                           Options.bloom_locality: 0
2019/03/23-01:55:20.581212 7f77484d9700                    Options.max_successive_merges: 0
2019/03/23-01:55:20.581213 7f77484d9700                Options.optimize_filters_for_hits: 0
2019/03/23-01:55:20.581213 7f77484d9700                Options.paranoid_file_checks: 0
2019/03/23-01:55:20.581214 7f77484d9700                Options.force_consistency_checks: 0
2019/03/23-01:55:20.581215 7f77484d9700                Options.report_bg_io_stats: 0
2019/03/23-01:55:20.581216 7f77484d9700                               Options.ttl: 0
2019/03/23-01:55:21.757464 7f77484d9700 [db/version_set.cc:3361] Recovered from manifest file:/mnt/sdg/ycsb-rocksdb-data/MANIFEST-000004 succeeded,manifest_file_number is 4, next_file_number is 1360, last_sequence is 10400161, log_number is 0,prev_log_number is 0,max_column_family is 1,min_log_number_to_keep is 0
2019/03/23-01:55:21.757475 7f77484d9700 [db/version_set.cc:3369] Column family [default] (ID 0), log number is 0
2019/03/23-01:55:21.757477 7f77484d9700 [db/version_set.cc:3369] Column family [usertable] (ID 1), log number is 1353
2019/03/23-01:55:21.759513 7f77484d9700 EVENT_LOG_v1 {"time_micros": 1553331321759496, "job": 1, "event": "recovery_started", "log_files": [1353, 1359, 1360]}
2019/03/23-01:55:21.759522 7f77484d9700 [db/db_impl_open.cc:551] Recovering log #1353 mode 2
2019/03/23-01:55:22.126746 7f77484d9700 [db/db_impl_open.cc:551] Recovering log #1359 mode 2
2019/03/23-01:55:22.715596 7f77484d9700 EVENT_LOG_v1 {"time_micros": 1553331322715563, "cf_name": "usertable", "job": 1, "event": "table_file_creation", "file_number": 1360, "file_size": 129895354, "table_properties": {"data_size": 129317909, "index_size": 576523, "filter_size": 0, "raw_key_size": 752760, "raw_average_key_size": 24, "raw_value_size": 128471040, "raw_average_value_size": 4096, "num_data_blocks": 15683, "num_entries": 31365, "filter_policy_name": "", "kDeletedKeys": "0", "kMergeOperands": "0"}}
2019/03/23-01:55:23.033403 7f77484d9700 [db/db_impl_open.cc:551] Recovering log #1360 mode 2
2019/03/23-01:55:23.066488 7f77484d9700 [db/version_set.cc:2847] Creating manifest 1362
2019/03/23-01:55:23.526707 7f77484d9700 EVENT_LOG_v1 {"time_micros": 1553331323526677, "cf_name": "usertable", "job": 1, "event": "table_file_creation", "file_number": 1363, "file_size": 108809065, "table_properties": {"data_size": 108322375, "index_size": 485768, "filter_size": 0, "raw_key_size": 630528, "raw_average_key_size": 24, "raw_value_size": 107610112, "raw_average_value_size": 4096, "num_data_blocks": 13136, "num_entries": 26272, "filter_policy_name": "", "kDeletedKeys": "0", "kMergeOperands": "0"}}
2019/03/23-01:55:23.555265 7f77484d9700 EVENT_LOG_v1 {"time_micros": 1553331323555254, "job": 1, "event": "recovery_finished"}
2019/03/23-01:55:23.621207 7f77484d9700 [db/db_impl_open.cc:1219] DB pointer 0x7f76e43eb3f0
2019/03/23-01:55:23.621502 7f76dffff700 [WARN] [db/db_impl.cc:491] ------- DUMPING STATS -------
2019/03/23-01:55:23.621548 7f76dffff700 [WARN] [db/db_impl.cc:492] 
** DB Stats **
Uptime(secs): 3.0 total, 3.0 interval
Cumulative writes: 0 writes, 0 keys, 0 commit groups, 0.0 writes per commit group, ingest: 0.00 GB, 0.00 MB/s
Cumulative WAL: 0 writes, 0 syncs, 0.00 writes per sync, written: 0.00 GB, 0.00 MB/s
Cumulative stall: 00:00:0.000 H:M:S, 0.0 percent
Interval writes: 0 writes, 0 keys, 0 commit groups, 0.0 writes per commit group, ingest: 0.00 MB, 0.00 MB/s
Interval WAL: 0 writes, 0 syncs, 0.00 writes per sync, written: 0.00 MB, 0.00 MB/s
Interval stall: 00:00:0.000 H:M:S, 0.0 percent

** Compaction Stats [default] **
Level    Files   Size     Score Read(GB)  Rn(GB) Rnp1(GB) Write(GB) Wnew(GB) Moved(GB) W-Amp Rd(MB/s) Wr(MB/s) Comp(sec) Comp(cnt) Avg(sec) KeyIn KeyDrop
----------------------------------------------------------------------------------------------------------------------------------------------------------
 Sum      0/0    0.00 KB   0.0      0.0     0.0      0.0       0.0      0.0       0.0   0.0      0.0      0.0         0         0    0.000       0      0
 Int      0/0    0.00 KB   0.0      0.0     0.0      0.0       0.0      0.0       0.0   0.0      0.0      0.0         0         0    0.000       0      0
Uptime(secs): 3.0 total, 3.0 interval
Flush(GB): cumulative 0.000, interval 0.000
AddFile(GB): cumulative 0.000, interval 0.000
AddFile(Total Files): cumulative 0, interval 0
AddFile(L0 Files): cumulative 0, interval 0
AddFile(Keys): cumulative 0, interval 0
Cumulative compaction: 0.00 GB write, 0.00 MB/s write, 0.00 GB read, 0.00 MB/s read, 0.0 seconds
Interval compaction: 0.00 GB write, 0.00 MB/s write, 0.00 GB read, 0.00 MB/s read, 0.0 seconds
Stalls(count): 0 level0_slowdown, 0 level0_slowdown_with_compaction, 0 level0_numfiles, 0 level0_numfiles_with_compaction, 0 stop for pending_compaction_bytes, 0 slowdown for pending_compaction_bytes, 0 memtable_compaction, 0 memtable_slowdown, interval 0 total count

** File Read Latency Histogram By Level [default] **

** Compaction Stats [usertable] **
Level    Files   Size     Score Read(GB)  Rn(GB) Rnp1(GB) Write(GB) Wnew(GB) Moved(GB) W-Amp Rd(MB/s) Wr(MB/s) Comp(sec) Comp(cnt) Avg(sec) KeyIn KeyDrop
----------------------------------------------------------------------------------------------------------------------------------------------------------
  L0      3/0   405.23 MB   1.5      0.0     0.0      0.0       0.2      0.2       0.0   1.0      0.0    240.0         1         2    0.474       0      0
  L1      7/0   434.93 MB   0.8      0.0     0.0      0.0       0.0      0.0       0.0   0.0      0.0      0.0         0         0    0.000       0      0
  L2    164/0    4.98 GB   1.0      0.0     0.0      0.0       0.0      0.0       0.0   0.0      0.0      0.0         0         0    0.000       0      0
  L3    549/0   34.38 GB   0.7      0.0     0.0      0.0       0.0      0.0       0.0   0.0      0.0      0.0         0         0    0.000       0      0
 Sum    723/0   40.18 GB   0.0      0.0     0.0      0.0       0.2      0.2       0.0   1.0      0.0    240.0         1         2    0.474       0      0
 Int      0/0    0.00 KB   0.0      0.0     0.0      0.0       0.2      0.2       0.0   1.0      0.0    240.0         1         2    0.474       0      0
Uptime(secs): 3.0 total, 3.0 interval
Flush(GB): cumulative 0.222, interval 0.222
AddFile(GB): cumulative 0.000, interval 0.000
AddFile(Total Files): cumulative 0, interval 0
AddFile(L0 Files): cumulative 0, interval 0
AddFile(Keys): cumulative 0, interval 0
Cumulative compaction: 0.22 GB write, 74.88 MB/s write, 0.00 GB read, 0.00 MB/s read, 0.9 seconds
Interval compaction: 0.22 GB write, 74.88 MB/s write, 0.00 GB read, 0.00 MB/s read, 0.9 seconds
Stalls(count): 0 level0_slowdown, 0 level0_slowdown_with_compaction, 0 level0_numfiles, 0 level0_numfiles_with_compaction, 0 stop for pending_compaction_bytes, 0 slowdown for pending_compaction_bytes, 0 memtable_compaction, 0 memtable_slowdown, interval 0 total count

** File Read Latency Histogram By Level [usertable] **

** Compaction Stats [default] **
Level    Files   Size     Score Read(GB)  Rn(GB) Rnp1(GB) Write(GB) Wnew(GB) Moved(GB) W-Amp Rd(MB/s) Wr(MB/s) Comp(sec) Comp(cnt) Avg(sec) KeyIn KeyDrop
----------------------------------------------------------------------------------------------------------------------------------------------------------
 Sum      0/0    0.00 KB   0.0      0.0     0.0      0.0       0.0      0.0       0.0   0.0      0.0      0.0         0         0    0.000       0      0
 Int      0/0    0.00 KB   0.0      0.0     0.0      0.0       0.0      0.0       0.0   0.0      0.0      0.0         0         0    0.000       0      0
Uptime(secs): 3.0 total, 0.0 interval
Flush(GB): cumulative 0.000, interval 0.000
AddFile(GB): cumulative 0.000, interval 0.000
AddFile(Total Files): cumulative 0, interval 0
AddFile(L0 Files): cumulative 0, interval 0
AddFile(Keys): cumulative 0, interval 0
Cumulative compaction: 0.00 GB write, 0.00 MB/s write, 0.00 GB read, 0.00 MB/s read, 0.0 seconds
Interval compaction: 0.00 GB write, 0.00 MB/s write, 0.00 GB read, 0.00 MB/s read, 0.0 seconds
Stalls(count): 0 level0_slowdown, 0 level0_slowdown_with_compaction, 0 level0_numfiles, 0 level0_numfiles_with_compaction, 0 stop for pending_compaction_bytes, 0 slowdown for pending_compaction_bytes, 0 memtable_compaction, 0 memtable_slowdown, interval 0 total count

** File Read Latency Histogram By Level [default] **

** Compaction Stats [usertable] **
Level    Files   Size     Score Read(GB)  Rn(GB) Rnp1(GB) Write(GB) Wnew(GB) Moved(GB) W-Amp Rd(MB/s) Wr(MB/s) Comp(sec) Comp(cnt) Avg(sec) KeyIn KeyDrop
----------------------------------------------------------------------------------------------------------------------------------------------------------
  L0      3/0   405.23 MB   1.5      0.0     0.0      0.0       0.2      0.2       0.0   1.0      0.0    240.0         1         2    0.474       0      0
  L1      7/0   434.93 MB   0.8      0.0     0.0      0.0       0.0      0.0       0.0   0.0      0.0      0.0         0         0    0.000       0      0
  L2    164/0    4.98 GB   1.0      0.0     0.0      0.0       0.0      0.0       0.0   0.0      0.0      0.0         0         0    0.000       0      0
  L3    549/0   34.38 GB   0.7      0.0     0.0      0.0       0.0      0.0       0.0   0.0      0.0      0.0         0         0    0.000       0      0
 Sum    723/0   40.18 GB   0.0      0.0     0.0      0.0       0.2      0.2       0.0   1.0      0.0    240.0         1         2    0.474       0      0
 Int      0/0    0.00 KB   0.0      0.0     0.0      0.0       0.0      0.0       0.0   0.0      0.0      0.0         0         0    0.000       0      0
Uptime(secs): 3.0 total, 0.0 interval
Flush(GB): cumulative 0.222, interval 0.000
AddFile(GB): cumulative 0.000, interval 0.000
AddFile(Total Files): cumulative 0, interval 0
AddFile(L0 Files): cumulative 0, interval 0
AddFile(Keys): cumulative 0, interval 0
Cumulative compaction: 0.22 GB write, 74.87 MB/s write, 0.00 GB read, 0.00 MB/s read, 0.9 seconds
Interval compaction: 0.00 GB write, 0.00 MB/s write, 0.00 GB read, 0.00 MB/s read, 0.0 seconds
Stalls(count): 0 level0_slowdown, 0 level0_slowdown_with_compaction, 0 level0_numfiles, 0 level0_numfiles_with_compaction, 0 stop for pending_compaction_bytes, 0 slowdown for pending_compaction_bytes, 0 memtable_compaction, 0 memtable_slowdown, interval 0 total count

** File Read Latency Histogram By Level [usertable] **
2019/03/23-01:55:23.651928 7f76dffff700 (Original Log Time 2019/03/23-01:55:23.621695) [db/db_impl_compaction_flush.cc:1835] [usertable] Moving #712 to level-1 186214073 bytes
2019/03/23-01:55:23.651932 7f76dffff700 (Original Log Time 2019/03/23-01:55:23.651824) EVENT_LOG_v1 {"time_micros": 1553331323651811, "job": 3, "event": "trivial_move", "destination_level": 1, "files": 1, "total_files_size": 186214073}
2019/03/23-01:55:23.651934 7f76dffff700 (Original Log Time 2019/03/23-01:55:23.651836) [db/db_impl_compaction_flush.cc:1864] [usertable] Moved #1 files to level-1 186214073 bytes OK: base level 1 max bytes base 536870912 files[2 8 164 549 0 0 0] max score 1.20
2019/03/23-01:55:23.652052 7f76df7fe700 [db/compaction_job.cc:1531] [usertable] [JOB 4] Compacting 1@1 files to L2, score 1.20
2019/03/23-01:55:23.652065 7f76df7fe700 [db/compaction_job.cc:1535] [usertable] Compaction start summary: Base version 6 Base level 1, inputs: [712(177MB)]
2019/03/23-01:55:23.652093 7f76df7fe700 EVENT_LOG_v1 {"time_micros": 1553331323652075, "job": 4, "event": "compaction_started", "compaction_reason": "LevelMaxLevelSize", "files_L1": [712], "score": 1.19633, "input_data_size": 186214073}
2019/03/23-01:55:24.495158 7f76df7fe700 [db/compaction_job.cc:1211] [usertable] [JOB 4] Generated table #1367: 16279 keys, 67233384 bytes
2019/03/23-01:55:24.495219 7f76df7fe700 EVENT_LOG_v1 {"time_micros": 1553331324495189, "cf_name": "usertable", "job": 4, "event": "table_file_creation", "file_number": 1367, "file_size": 67233384, "table_properties": {"data_size": 67118331, "index_size": 299105, "filter_size": 0, "raw_key_size": 390696, "raw_average_key_size": 24, "raw_value_size": 66678784, "raw_average_value_size": 4096, "num_data_blocks": 8140, "num_entries": 16279, "filter_policy_name": "", "kDeletedKeys": "0", "kMergeOperands": "0"}}
2019/03/23-01:55:25.909083 7f76df7fe700 [db/compaction_job.cc:1211] [usertable] [JOB 4] Generated table #1368: 16279 keys, 67233524 bytes
2019/03/23-01:55:25.909132 7f76df7fe700 EVENT_LOG_v1 {"time_micros": 1553331325909110, "cf_name": "usertable", "job": 4, "event": "table_file_creation", "file_number": 1368, "file_size": 67233524, "table_properties": {"data_size": 67120138, "index_size": 300916, "filter_size": 0, "raw_key_size": 390696, "raw_average_key_size": 24, "raw_value_size": 66678784, "raw_average_value_size": 4096, "num_data_blocks": 8140, "num_entries": 16279, "filter_policy_name": "", "kDeletedKeys": "0", "kMergeOperands": "0"}}
2019/03/23-01:55:26.543172 7f76df7fe700 [db/compaction_job.cc:1211] [usertable] [JOB 4] Generated table #1369: 12406 keys, 51237844 bytes
2019/03/23-01:55:26.543217 7f76df7fe700 EVENT_LOG_v1 {"time_micros": 1553331326543197, "cf_name": "usertable", "job": 4, "event": "table_file_creation", "file_number": 1369, "file_size": 51237844, "table_properties": {"data_size": 51149938, "index_size": 227870, "filter_size": 0, "raw_key_size": 297744, "raw_average_key_size": 24, "raw_value_size": 50814976, "raw_average_value_size": 4096, "num_data_blocks": 6203, "num_entries": 12406, "filter_policy_name": "", "kDeletedKeys": "0", "kMergeOperands": "0"}}
2019/03/23-01:55:26.543284 7f76df7fe700 [db/compaction_job.cc:1287] [usertable] [JOB 4] Compacted 1@1 files to L2 => 185704752 bytes
2019/03/23-01:55:26.575691 7f76df7fe700 (Original Log Time 2019/03/23-01:55:26.575428) [db/compaction_job.cc:685] [usertable] compacted to: base level 1 max bytes base 536870912 files[2 7 167 549 0 0 0] max score 1.03, MB/sec: 64.4 rd, 64.2 wr, level 2, files in(1, 0) out(3) MB in(177.6, 0.0) out(177.1), read-write-amplify(2.0) write-amplify(1.0) OK, records in: 44964, records dropped: 0 output_compression: LZ4
2019/03/23-01:55:26.575703 7f76df7fe700 (Original Log Time 2019/03/23-01:55:26.575554) EVENT_LOG_v1 {"time_micros": 1553331326575528, "job": 4, "event": "compaction_finished", "compaction_time_micros": 2891151, "output_level": 2, "num_output_files": 3, "total_output_size": 185704752, "num_input_records": 44964, "num_output_records": 44964, "num_subcompactions": 1, "output_compression": "LZ4", "num_single_delete_mismatches": 0, "num_single_delete_fallthrough": 0, "lsm_state": [2, 7, 167, 549, 0, 0, 0]}
2019/03/23-01:55:26.607233 7f7677fff700 (Original Log Time 2019/03/23-01:55:26.576081) [db/db_impl_compaction_flush.cc:1835] [usertable] Moving #1368 to level-3 67233524 bytes
2019/03/23-01:55:26.607239 7f7677fff700 (Original Log Time 2019/03/23-01:55:26.607140) EVENT_LOG_v1 {"time_micros": 1553331326607127, "job": 5, "event": "trivial_move", "destination_level": 3, "files": 1, "total_files_size": 67233524}
2019/03/23-01:55:26.607241 7f7677fff700 (Original Log Time 2019/03/23-01:55:26.607158) [db/db_impl_compaction_flush.cc:1864] [usertable] Moved #1 files to level-3 67233524 bytes OK: base level 1 max bytes base 536870912 files[2 7 166 550 0 0 0] max score 1.02
2019/03/23-01:55:26.623154 7f7677fff700 EVENT_LOG_v1 {"time_micros": 1553331326623144, "job": 5, "event": "table_file_deletion", "file_number": 712}
2019/03/23-01:55:26.655583 7f7677fff700 (Original Log Time 2019/03/23-01:55:26.623329) [db/db_impl_compaction_flush.cc:1835] [usertable] Moving #1367 to level-3 67233384 bytes
2019/03/23-01:55:26.655589 7f7677fff700 (Original Log Time 2019/03/23-01:55:26.655494) EVENT_LOG_v1 {"time_micros": 1553331326655481, "job": 6, "event": "trivial_move", "destination_level": 3, "files": 1, "total_files_size": 67233384}
2019/03/23-01:55:26.655591 7f7677fff700 (Original Log Time 2019/03/23-01:55:26.655510) [db/db_impl_compaction_flush.cc:1864] [usertable] Moved #1 files to level-3 67233384 bytes OK: base level 1 max bytes base 536870912 files[2 7 165 551 0 0 0] max score 1.01
2019/03/23-01:55:26.687434 7f7677fff700 (Original Log Time 2019/03/23-01:55:26.655875) [db/db_impl_compaction_flush.cc:1835] [usertable] Moving #56 to level-3 67233323 bytes
2019/03/23-01:55:26.687441 7f7677fff700 (Original Log Time 2019/03/23-01:55:26.687336) EVENT_LOG_v1 {"time_micros": 1553331326687321, "job": 7, "event": "trivial_move", "destination_level": 3, "files": 1, "total_files_size": 67233323}
2019/03/23-01:55:26.687445 7f7677fff700 (Original Log Time 2019/03/23-01:55:26.687353) [db/db_impl_compaction_flush.cc:1864] [usertable] Moved #1 files to level-3 67233323 bytes OK: base level 1 max bytes base 536870912 files[2 7 164 552 0 0 0] max score 1.00
2019/03/23-01:55:26.719476 7f7677fff700 (Original Log Time 2019/03/23-01:55:26.687870) [db/db_impl_compaction_flush.cc:1835] [usertable] Moving #1360 to level-1 129895354 bytes
2019/03/23-01:55:26.719488 7f7677fff700 (Original Log Time 2019/03/23-01:55:26.719392) EVENT_LOG_v1 {"time_micros": 1553331326719380, "job": 8, "event": "trivial_move", "destination_level": 1, "files": 1, "total_files_size": 129895354}
2019/03/23-01:55:26.719491 7f7677fff700 (Original Log Time 2019/03/23-01:55:26.719406) [db/db_impl_compaction_flush.cc:1864] [usertable] Moved #1 files to level-1 129895354 bytes OK: base level 1 max bytes base 536870912 files[1 8 164 552 0 0 0] max score 1.09
2019/03/23-01:55:26.719805 7f7677fff700 [db/compaction_job.cc:1531] [usertable] [JOB 9] Compacting 1@1 files to L2, score 1.09
2019/03/23-01:55:26.719823 7f7677fff700 [db/compaction_job.cc:1535] [usertable] Compaction start summary: Base version 11 Base level 1, inputs: [1360(123MB)]
