2018/12/20-22:56:01.859357 7f5e543dc700 RocksDB version: 5.14.3
2018/12/20-22:56:01.859412 7f5e543dc700 Git sha rocksdb_build_git_sha:
2018/12/20-22:56:01.859416 7f5e543dc700 Compile date Dec 16 2018
2018/12/20-22:56:01.859420 7f5e543dc700 DB SUMMARY
2018/12/20-22:56:01.859441 7f5e543dc700 SST files in /mnt/sdc/ycsb-rocksdb-data dir, Total Num: 0, files: 
2018/12/20-22:56:01.859444 7f5e543dc700 Write Ahead Log file in /mnt/sdc/ycsb-rocksdb-data: 
2018/12/20-22:56:01.859446 7f5e543dc700                         Options.error_if_exists: 0
2018/12/20-22:56:01.859447 7f5e543dc700                       Options.create_if_missing: 1
2018/12/20-22:56:01.859448 7f5e543dc700                         Options.paranoid_checks: 1
2018/12/20-22:56:01.859449 7f5e543dc700                                     Options.env: 0x7f5e1e8612c0
2018/12/20-22:56:01.859451 7f5e543dc700                                Options.info_log: 0x7f5e2c3ca5b0
2018/12/20-22:56:01.859452 7f5e543dc700                Options.max_file_opening_threads: 16
2018/12/20-22:56:01.859453 7f5e543dc700                              Options.statistics: (nil)
2018/12/20-22:56:01.859454 7f5e543dc700                               Options.use_fsync: 0
2018/12/20-22:56:01.859455 7f5e543dc700                       Options.max_log_file_size: 0
2018/12/20-22:56:01.859456 7f5e543dc700                  Options.max_manifest_file_size: 18446744073709551615
2018/12/20-22:56:01.859457 7f5e543dc700                   Options.log_file_time_to_roll: 0
2018/12/20-22:56:01.859458 7f5e543dc700                       Options.keep_log_file_num: 1000
2018/12/20-22:56:01.859459 7f5e543dc700                    Options.recycle_log_file_num: 0
2018/12/20-22:56:01.859460 7f5e543dc700                         Options.allow_fallocate: 1
2018/12/20-22:56:01.859461 7f5e543dc700                        Options.allow_mmap_reads: 0
2018/12/20-22:56:01.859462 7f5e543dc700                       Options.allow_mmap_writes: 0
2018/12/20-22:56:01.859463 7f5e543dc700                        Options.use_direct_reads: 0
2018/12/20-22:56:01.859464 7f5e543dc700                        Options.use_direct_io_for_flush_and_compaction: 0
2018/12/20-22:56:01.859465 7f5e543dc700          Options.create_missing_column_families: 1
2018/12/20-22:56:01.859466 7f5e543dc700                              Options.db_log_dir: 
2018/12/20-22:56:01.859467 7f5e543dc700                                 Options.wal_dir: /mnt/sdc/ycsb-rocksdb-data
2018/12/20-22:56:01.859468 7f5e543dc700                Options.table_cache_numshardbits: 6
2018/12/20-22:56:01.859469 7f5e543dc700                      Options.max_subcompactions: 4
2018/12/20-22:56:01.859470 7f5e543dc700                  Options.max_background_flushes: 24
2018/12/20-22:56:01.859471 7f5e543dc700                         Options.WAL_ttl_seconds: 0
2018/12/20-22:56:01.859472 7f5e543dc700                       Options.WAL_size_limit_MB: 0
2018/12/20-22:56:01.859473 7f5e543dc700             Options.manifest_preallocation_size: 4194304
2018/12/20-22:56:01.859474 7f5e543dc700                     Options.is_fd_close_on_exec: 1
2018/12/20-22:56:01.859475 7f5e543dc700                   Options.advise_random_on_open: 1
2018/12/20-22:56:01.859476 7f5e543dc700                    Options.db_write_buffer_size: 0
2018/12/20-22:56:01.859477 7f5e543dc700                    Options.write_buffer_manager: 0x7f5e2c3c75d0
2018/12/20-22:56:01.859478 7f5e543dc700         Options.access_hint_on_compaction_start: 1
2018/12/20-22:56:01.859479 7f5e543dc700  Options.new_table_reader_for_compaction_inputs: 0
2018/12/20-22:56:01.859480 7f5e543dc700           Options.random_access_max_buffer_size: 1048576
2018/12/20-22:56:01.859481 7f5e543dc700                      Options.use_adaptive_mutex: 0
2018/12/20-22:56:01.859482 7f5e543dc700                            Options.rate_limiter: (nil)
2018/12/20-22:56:01.859484 7f5e543dc700     Options.sst_file_manager.rate_bytes_per_sec: 0
2018/12/20-22:56:01.859485 7f5e543dc700                       Options.wal_recovery_mode: 2
2018/12/20-22:56:01.859486 7f5e543dc700                  Options.enable_thread_tracking: 0
2018/12/20-22:56:01.859487 7f5e543dc700                  Options.enable_pipelined_write: 1
2018/12/20-22:56:01.859497 7f5e543dc700         Options.allow_concurrent_memtable_write: 1
2018/12/20-22:56:01.859498 7f5e543dc700      Options.enable_write_thread_adaptive_yield: 1
2018/12/20-22:56:01.859499 7f5e543dc700             Options.write_thread_max_yield_usec: 100
2018/12/20-22:56:01.859500 7f5e543dc700            Options.write_thread_slow_yield_usec: 3
2018/12/20-22:56:01.859501 7f5e543dc700                               Options.row_cache: None
2018/12/20-22:56:01.859502 7f5e543dc700                              Options.wal_filter: None
2018/12/20-22:56:01.859503 7f5e543dc700             Options.avoid_flush_during_recovery: 0
2018/12/20-22:56:01.859504 7f5e543dc700             Options.allow_ingest_behind: 0
2018/12/20-22:56:01.859505 7f5e543dc700             Options.preserve_deletes: 0
2018/12/20-22:56:01.859506 7f5e543dc700             Options.two_write_queues: 0
2018/12/20-22:56:01.859507 7f5e543dc700             Options.manual_wal_flush: 0
2018/12/20-22:56:01.859509 7f5e543dc700             Options.max_background_jobs: 24
2018/12/20-22:56:01.859510 7f5e543dc700             Options.max_background_compactions: 24
2018/12/20-22:56:01.859511 7f5e543dc700             Options.avoid_flush_during_shutdown: 0
2018/12/20-22:56:01.859512 7f5e543dc700           Options.writable_file_max_buffer_size: 1048576
2018/12/20-22:56:01.859513 7f5e543dc700             Options.delayed_write_rate : 16777216
2018/12/20-22:56:01.859514 7f5e543dc700             Options.max_total_wal_size: 0
2018/12/20-22:56:01.859515 7f5e543dc700             Options.delete_obsolete_files_period_micros: 21600000000
2018/12/20-22:56:01.859517 7f5e543dc700                   Options.stats_dump_period_sec: 60
2018/12/20-22:56:01.859518 7f5e543dc700                          Options.max_open_files: -1
2018/12/20-22:56:01.859519 7f5e543dc700                          Options.bytes_per_sync: 1048576
2018/12/20-22:56:01.859520 7f5e543dc700                      Options.wal_bytes_per_sync: 0
2018/12/20-22:56:01.859521 7f5e543dc700       Options.compaction_readahead_size: 0
2018/12/20-22:56:01.859522 7f5e543dc700 Compression algorithms supported:
2018/12/20-22:56:01.859523 7f5e543dc700 	kZSTDNotFinalCompression supported: 1
2018/12/20-22:56:01.859532 7f5e543dc700 	kZSTD supported: 1
2018/12/20-22:56:01.859533 7f5e543dc700 	kXpressCompression supported: 0
2018/12/20-22:56:01.859535 7f5e543dc700 	kLZ4HCCompression supported: 1
2018/12/20-22:56:01.859536 7f5e543dc700 	kLZ4Compression supported: 1
2018/12/20-22:56:01.859537 7f5e543dc700 	kBZip2Compression supported: 1
2018/12/20-22:56:01.859538 7f5e543dc700 	kZlibCompression supported: 1
2018/12/20-22:56:01.859540 7f5e543dc700 	kSnappyCompression supported: 1
2018/12/20-22:56:01.859544 7f5e543dc700 Fast CRC32 supported: Supported on x86
2018/12/20-22:56:01.859624 7f5e543dc700 [db/db_impl_open.cc:222] Creating manifest 1 
2018/12/20-22:56:02.248939 7f5e543dc700 [db/version_set.cc:3085] Recovering from manifest file: MANIFEST-000001
2018/12/20-22:56:02.249062 7f5e543dc700 [db/column_family.cc:475] --------------- Options for column family [default]:
2018/12/20-22:56:02.249067 7f5e543dc700               Options.comparator: leveldb.BytewiseComparator
2018/12/20-22:56:02.249069 7f5e543dc700           Options.merge_operator: None
2018/12/20-22:56:02.249070 7f5e543dc700        Options.compaction_filter: None
2018/12/20-22:56:02.249071 7f5e543dc700        Options.compaction_filter_factory: None
2018/12/20-22:56:02.249073 7f5e543dc700         Options.memtable_factory: SkipListFactory
2018/12/20-22:56:02.249074 7f5e543dc700            Options.table_factory: BlockBasedTable
2018/12/20-22:56:02.249110 7f5e543dc700            table_factory options:   flush_block_policy_factory: FlushBlockBySizePolicyFactory (0x7f5e2c373af0)
  cache_index_and_filter_blocks: 0
  cache_index_and_filter_blocks_with_high_priority: 0
  pin_l0_filter_and_index_blocks_in_cache: 0
  index_type: 0
  hash_index_allow_collision: 1
  checksum: 1
  no_block_cache: 0
  block_cache: 0x7f5e2c37fc40
  block_cache_name: LRUCache
  block_cache_options:
    capacity : 8388608
    num_shard_bits : 4
    strict_capacity_limit : 0
    high_pri_pool_ratio: 0.000
  block_cache_compressed: (nil)
  persistent_cache: (nil)
  block_size: 8192
  block_size_deviation: 10
  block_restart_interval: 16
  index_block_restart_interval: 1
  metadata_block_size: 4096
  partition_filters: 0
  use_delta_encoding: 1
  filter_policy: nullptr
  whole_key_filtering: 1
  verify_compression: 0
  read_amp_bytes_per_bit: 0
  format_version: 2
  enable_index_compression: 1
  block_align: 0
2018/12/20-22:56:02.249125 7f5e543dc700        Options.write_buffer_size: 134217728
2018/12/20-22:56:02.249127 7f5e543dc700  Options.max_write_buffer_number: 24
2018/12/20-22:56:02.249129 7f5e543dc700        Options.compression[0]: NoCompression
2018/12/20-22:56:02.249130 7f5e543dc700        Options.compression[1]: NoCompression
2018/12/20-22:56:02.249132 7f5e543dc700        Options.compression[2]: LZ4
2018/12/20-22:56:02.249133 7f5e543dc700        Options.compression[3]: LZ4
2018/12/20-22:56:02.249134 7f5e543dc700        Options.compression[4]: LZ4
2018/12/20-22:56:02.249135 7f5e543dc700        Options.compression[5]: LZ4
2018/12/20-22:56:02.249136 7f5e543dc700        Options.compression[6]: LZ4
2018/12/20-22:56:02.249137 7f5e543dc700                  Options.bottommost_compression: Disabled
2018/12/20-22:56:02.249138 7f5e543dc700       Options.prefix_extractor: nullptr
2018/12/20-22:56:02.249139 7f5e543dc700   Options.memtable_insert_with_hint_prefix_extractor: nullptr
2018/12/20-22:56:02.249140 7f5e543dc700             Options.num_levels: 7
2018/12/20-22:56:02.249142 7f5e543dc700        Options.min_write_buffer_number_to_merge: 2
2018/12/20-22:56:02.249143 7f5e543dc700     Options.max_write_buffer_number_to_maintain: 0
2018/12/20-22:56:02.249144 7f5e543dc700            Options.compression_opts.window_bits: -14
2018/12/20-22:56:02.249145 7f5e543dc700                  Options.compression_opts.level: -1
2018/12/20-22:56:02.249146 7f5e543dc700               Options.compression_opts.strategy: 0
2018/12/20-22:56:02.249147 7f5e543dc700         Options.compression_opts.max_dict_bytes: 0
2018/12/20-22:56:02.249148 7f5e543dc700         Options.compression_opts.zstd_max_train_bytes: 0
2018/12/20-22:56:02.249149 7f5e543dc700      Options.level0_file_num_compaction_trigger: 2
2018/12/20-22:56:02.249150 7f5e543dc700          Options.level0_slowdown_writes_trigger: 20
2018/12/20-22:56:02.249151 7f5e543dc700              Options.level0_stop_writes_trigger: 36
2018/12/20-22:56:02.249152 7f5e543dc700                   Options.target_file_size_base: 67108864
2018/12/20-22:56:02.249153 7f5e543dc700             Options.target_file_size_multiplier: 1
2018/12/20-22:56:02.249154 7f5e543dc700                Options.max_bytes_for_level_base: 536870912
2018/12/20-22:56:02.249155 7f5e543dc700 Options.level_compaction_dynamic_level_bytes: 0
2018/12/20-22:56:02.249156 7f5e543dc700          Options.max_bytes_for_level_multiplier: 10.000000
2018/12/20-22:56:02.249159 7f5e543dc700 Options.max_bytes_for_level_multiplier_addtl[0]: 1
2018/12/20-22:56:02.249161 7f5e543dc700 Options.max_bytes_for_level_multiplier_addtl[1]: 1
2018/12/20-22:56:02.249162 7f5e543dc700 Options.max_bytes_for_level_multiplier_addtl[2]: 1
2018/12/20-22:56:02.249163 7f5e543dc700 Options.max_bytes_for_level_multiplier_addtl[3]: 1
2018/12/20-22:56:02.249164 7f5e543dc700 Options.max_bytes_for_level_multiplier_addtl[4]: 1
2018/12/20-22:56:02.249165 7f5e543dc700 Options.max_bytes_for_level_multiplier_addtl[5]: 1
2018/12/20-22:56:02.249166 7f5e543dc700 Options.max_bytes_for_level_multiplier_addtl[6]: 1
2018/12/20-22:56:02.249167 7f5e543dc700       Options.max_sequential_skip_in_iterations: 8
2018/12/20-22:56:02.249168 7f5e543dc700                    Options.max_compaction_bytes: 1677721600
2018/12/20-22:56:02.249169 7f5e543dc700                        Options.arena_block_size: 16777216
2018/12/20-22:56:02.249170 7f5e543dc700   Options.soft_pending_compaction_bytes_limit: 68719476736
2018/12/20-22:56:02.249171 7f5e543dc700   Options.hard_pending_compaction_bytes_limit: 274877906944
2018/12/20-22:56:02.249178 7f5e543dc700       Options.rate_limit_delay_max_milliseconds: 100
2018/12/20-22:56:02.249179 7f5e543dc700                Options.disable_auto_compactions: 0
2018/12/20-22:56:02.249181 7f5e543dc700                        Options.compaction_style: kCompactionStyleLevel
2018/12/20-22:56:02.249183 7f5e543dc700                          Options.compaction_pri: kByCompensatedSize
2018/12/20-22:56:02.249184 7f5e543dc700 Options.compaction_options_universal.size_ratio: 1
2018/12/20-22:56:02.249185 7f5e543dc700 Options.compaction_options_universal.min_merge_width: 2
2018/12/20-22:56:02.249186 7f5e543dc700 Options.compaction_options_universal.max_merge_width: 4294967295
2018/12/20-22:56:02.249187 7f5e543dc700 Options.compaction_options_universal.max_size_amplification_percent: 200
2018/12/20-22:56:02.249188 7f5e543dc700 Options.compaction_options_universal.compression_size_percent: -1
2018/12/20-22:56:02.249190 7f5e543dc700 Options.compaction_options_universal.stop_style: kCompactionStopStyleTotalSize
2018/12/20-22:56:02.249191 7f5e543dc700 Options.compaction_options_fifo.max_table_files_size: 1073741824
2018/12/20-22:56:02.249192 7f5e543dc700 Options.compaction_options_fifo.allow_compaction: 0
2018/12/20-22:56:02.249193 7f5e543dc700 Options.compaction_options_fifo.ttl: 0
2018/12/20-22:56:02.249195 7f5e543dc700                   Options.table_properties_collectors: 
2018/12/20-22:56:02.249196 7f5e543dc700                   Options.inplace_update_support: 0
2018/12/20-22:56:02.249197 7f5e543dc700                 Options.inplace_update_num_locks: 10000
2018/12/20-22:56:02.249198 7f5e543dc700               Options.memtable_prefix_bloom_size_ratio: 0.000000
2018/12/20-22:56:02.249199 7f5e543dc700   Options.memtable_huge_page_size: 0
2018/12/20-22:56:02.249201 7f5e543dc700                           Options.bloom_locality: 0
2018/12/20-22:56:02.249202 7f5e543dc700                    Options.max_successive_merges: 0
2018/12/20-22:56:02.249203 7f5e543dc700                Options.optimize_filters_for_hits: 0
2018/12/20-22:56:02.249204 7f5e543dc700                Options.paranoid_file_checks: 0
2018/12/20-22:56:02.249205 7f5e543dc700                Options.force_consistency_checks: 0
2018/12/20-22:56:02.249205 7f5e543dc700                Options.report_bg_io_stats: 0
2018/12/20-22:56:02.249206 7f5e543dc700                               Options.ttl: 0
2018/12/20-22:56:02.249720 7f5e543dc700 [db/version_set.cc:3361] Recovered from manifest file:/mnt/sdc/ycsb-rocksdb-data/MANIFEST-000001 succeeded,manifest_file_number is 1, next_file_number is 3, last_sequence is 0, log_number is 0,prev_log_number is 0,max_column_family is 0,min_log_number_to_keep is 0
2018/12/20-22:56:02.249724 7f5e543dc700 [db/version_set.cc:3369] Column family [default] (ID 0), log number is 0
2018/12/20-22:56:02.249919 7f5e543dc700 [db/version_set.cc:2847] Creating manifest 4
2018/12/20-22:56:02.545623 7f5e543dc700 [db/column_family.cc:475] --------------- Options for column family [usertable]:
2018/12/20-22:56:02.545630 7f5e543dc700               Options.comparator: leveldb.BytewiseComparator
2018/12/20-22:56:02.545632 7f5e543dc700           Options.merge_operator: None
2018/12/20-22:56:02.545633 7f5e543dc700        Options.compaction_filter: None
2018/12/20-22:56:02.545634 7f5e543dc700        Options.compaction_filter_factory: None
2018/12/20-22:56:02.545635 7f5e543dc700         Options.memtable_factory: SkipListFactory
2018/12/20-22:56:02.545636 7f5e543dc700            Options.table_factory: BlockBasedTable
2018/12/20-22:56:02.545666 7f5e543dc700            table_factory options:   flush_block_policy_factory: FlushBlockBySizePolicyFactory (0x7f5e2c373bd0)
  cache_index_and_filter_blocks: 0
  cache_index_and_filter_blocks_with_high_priority: 0
  pin_l0_filter_and_index_blocks_in_cache: 0
  index_type: 0
  hash_index_allow_collision: 1
  checksum: 1
  no_block_cache: 0
  block_cache: 0x7f5e2c374cf0
  block_cache_name: LRUCache
  block_cache_options:
    capacity : 8388608
    num_shard_bits : 4
    strict_capacity_limit : 0
    high_pri_pool_ratio: 0.000
  block_cache_compressed: (nil)
  persistent_cache: (nil)
  block_size: 8192
  block_size_deviation: 10
  block_restart_interval: 16
  index_block_restart_interval: 1
  metadata_block_size: 4096
  partition_filters: 0
  use_delta_encoding: 1
  filter_policy: nullptr
  whole_key_filtering: 1
  verify_compression: 0
  read_amp_bytes_per_bit: 0
  format_version: 2
  enable_index_compression: 1
  block_align: 0
2018/12/20-22:56:02.545671 7f5e543dc700        Options.write_buffer_size: 134217728
2018/12/20-22:56:02.545672 7f5e543dc700  Options.max_write_buffer_number: 24
2018/12/20-22:56:02.545674 7f5e543dc700        Options.compression[0]: NoCompression
2018/12/20-22:56:02.545676 7f5e543dc700        Options.compression[1]: NoCompression
2018/12/20-22:56:02.545677 7f5e543dc700        Options.compression[2]: LZ4
2018/12/20-22:56:02.545678 7f5e543dc700        Options.compression[3]: LZ4
2018/12/20-22:56:02.545679 7f5e543dc700        Options.compression[4]: LZ4
2018/12/20-22:56:02.545680 7f5e543dc700        Options.compression[5]: LZ4
2018/12/20-22:56:02.545681 7f5e543dc700        Options.compression[6]: LZ4
2018/12/20-22:56:02.545682 7f5e543dc700                  Options.bottommost_compression: Disabled
2018/12/20-22:56:02.545683 7f5e543dc700       Options.prefix_extractor: nullptr
2018/12/20-22:56:02.545685 7f5e543dc700   Options.memtable_insert_with_hint_prefix_extractor: nullptr
2018/12/20-22:56:02.545686 7f5e543dc700             Options.num_levels: 7
2018/12/20-22:56:02.545687 7f5e543dc700        Options.min_write_buffer_number_to_merge: 2
2018/12/20-22:56:02.545688 7f5e543dc700     Options.max_write_buffer_number_to_maintain: 0
2018/12/20-22:56:02.545689 7f5e543dc700            Options.compression_opts.window_bits: -14
2018/12/20-22:56:02.545690 7f5e543dc700                  Options.compression_opts.level: -1
2018/12/20-22:56:02.545691 7f5e543dc700               Options.compression_opts.strategy: 0
2018/12/20-22:56:02.545692 7f5e543dc700         Options.compression_opts.max_dict_bytes: 0
2018/12/20-22:56:02.545693 7f5e543dc700         Options.compression_opts.zstd_max_train_bytes: 0
2018/12/20-22:56:02.545694 7f5e543dc700      Options.level0_file_num_compaction_trigger: 2
2018/12/20-22:56:02.545695 7f5e543dc700          Options.level0_slowdown_writes_trigger: 20
2018/12/20-22:56:02.545696 7f5e543dc700              Options.level0_stop_writes_trigger: 36
2018/12/20-22:56:02.545697 7f5e543dc700                   Options.target_file_size_base: 67108864
2018/12/20-22:56:02.545698 7f5e543dc700             Options.target_file_size_multiplier: 1
2018/12/20-22:56:02.545699 7f5e543dc700                Options.max_bytes_for_level_base: 536870912
2018/12/20-22:56:02.545700 7f5e543dc700 Options.level_compaction_dynamic_level_bytes: 0
2018/12/20-22:56:02.545701 7f5e543dc700          Options.max_bytes_for_level_multiplier: 10.000000
2018/12/20-22:56:02.545704 7f5e543dc700 Options.max_bytes_for_level_multiplier_addtl[0]: 1
2018/12/20-22:56:02.545716 7f5e543dc700 Options.max_bytes_for_level_multiplier_addtl[1]: 1
2018/12/20-22:56:02.545717 7f5e543dc700 Options.max_bytes_for_level_multiplier_addtl[2]: 1
2018/12/20-22:56:02.545718 7f5e543dc700 Options.max_bytes_for_level_multiplier_addtl[3]: 1
2018/12/20-22:56:02.545719 7f5e543dc700 Options.max_bytes_for_level_multiplier_addtl[4]: 1
2018/12/20-22:56:02.545720 7f5e543dc700 Options.max_bytes_for_level_multiplier_addtl[5]: 1
2018/12/20-22:56:02.545721 7f5e543dc700 Options.max_bytes_for_level_multiplier_addtl[6]: 1
2018/12/20-22:56:02.545722 7f5e543dc700       Options.max_sequential_skip_in_iterations: 8
2018/12/20-22:56:02.545723 7f5e543dc700                    Options.max_compaction_bytes: 1677721600
2018/12/20-22:56:02.545724 7f5e543dc700                        Options.arena_block_size: 16777216
2018/12/20-22:56:02.545725 7f5e543dc700   Options.soft_pending_compaction_bytes_limit: 68719476736
2018/12/20-22:56:02.545726 7f5e543dc700   Options.hard_pending_compaction_bytes_limit: 274877906944
2018/12/20-22:56:02.545727 7f5e543dc700       Options.rate_limit_delay_max_milliseconds: 100
2018/12/20-22:56:02.545728 7f5e543dc700                Options.disable_auto_compactions: 0
2018/12/20-22:56:02.545730 7f5e543dc700                        Options.compaction_style: kCompactionStyleLevel
2018/12/20-22:56:02.545732 7f5e543dc700                          Options.compaction_pri: kByCompensatedSize
2018/12/20-22:56:02.545733 7f5e543dc700 Options.compaction_options_universal.size_ratio: 1
2018/12/20-22:56:02.545734 7f5e543dc700 Options.compaction_options_universal.min_merge_width: 2
2018/12/20-22:56:02.545735 7f5e543dc700 Options.compaction_options_universal.max_merge_width: 4294967295
2018/12/20-22:56:02.545736 7f5e543dc700 Options.compaction_options_universal.max_size_amplification_percent: 200
2018/12/20-22:56:02.545738 7f5e543dc700 Options.compaction_options_universal.compression_size_percent: -1
2018/12/20-22:56:02.545739 7f5e543dc700 Options.compaction_options_universal.stop_style: kCompactionStopStyleTotalSize
2018/12/20-22:56:02.545741 7f5e543dc700 Options.compaction_options_fifo.max_table_files_size: 1073741824
2018/12/20-22:56:02.545742 7f5e543dc700 Options.compaction_options_fifo.allow_compaction: 0
2018/12/20-22:56:02.545743 7f5e543dc700 Options.compaction_options_fifo.ttl: 0
2018/12/20-22:56:02.545744 7f5e543dc700                   Options.table_properties_collectors: 
2018/12/20-22:56:02.545745 7f5e543dc700                   Options.inplace_update_support: 0
2018/12/20-22:56:02.545746 7f5e543dc700                 Options.inplace_update_num_locks: 10000
2018/12/20-22:56:02.545747 7f5e543dc700               Options.memtable_prefix_bloom_size_ratio: 0.000000
2018/12/20-22:56:02.545749 7f5e543dc700   Options.memtable_huge_page_size: 0
2018/12/20-22:56:02.545750 7f5e543dc700                           Options.bloom_locality: 0
2018/12/20-22:56:02.545751 7f5e543dc700                    Options.max_successive_merges: 0
2018/12/20-22:56:02.545752 7f5e543dc700                Options.optimize_filters_for_hits: 0
2018/12/20-22:56:02.545753 7f5e543dc700                Options.paranoid_file_checks: 0
2018/12/20-22:56:02.545754 7f5e543dc700                Options.force_consistency_checks: 0
2018/12/20-22:56:02.545755 7f5e543dc700                Options.report_bg_io_stats: 0
2018/12/20-22:56:02.545756 7f5e543dc700                               Options.ttl: 0
2018/12/20-22:56:02.545834 7f5e543dc700 [db/db_impl.cc:1396] Created column family [usertable] (ID 1)
2018/12/20-22:56:02.852758 7f5e543dc700 [db/db_impl_open.cc:1219] DB pointer 0x7f5e2c3cad00
2018/12/20-22:56:11.709814 7f5e1f8f8700 [db/db_impl_write.cc:1373] [usertable] New memtable created with log file: #9. Immutable memtables: 0.
2018/12/20-22:56:20.537689 7f5e1fcfc700 [db/db_impl_write.cc:1373] [usertable] New memtable created with log file: #10. Immutable memtables: 1.
2018/12/20-22:56:20.537876 7f5d7ffff700 [db/db_impl_compaction_flush.cc:80] [JOB 2] Syncing log #3
2018/12/20-22:56:20.839390 7f5d7ffff700 [db/db_impl_compaction_flush.cc:80] [JOB 2] Syncing log #9
2018/12/20-22:56:21.883137 7f5d7ffff700 (Original Log Time 2018/12/20-22:56:20.537820) [db/db_impl_compaction_flush.cc:1424] Calling FlushMemTableToOutputFile with column family [usertable], flush slots available 24, compaction slots available 1, flush slots scheduled 1, compaction slots scheduled 0
2018/12/20-22:56:21.883162 7f5d7ffff700 [db/flush_job.cc:301] [usertable] [JOB 2] Flushing memtable with next log file: 9
2018/12/20-22:56:21.883180 7f5d7ffff700 [db/flush_job.cc:301] [usertable] [JOB 2] Flushing memtable with next log file: 10
2018/12/20-22:56:21.883232 7f5d7ffff700 EVENT_LOG_v1 {"time_micros": 1545375381883213, "job": 2, "event": "flush_started", "num_memtables": 2, "num_entries": 61889, "num_deletes": 0, "memory_usage": 258535200, "flush_reason": "Write Buffer Full"}
2018/12/20-22:56:21.883245 7f5d7ffff700 [db/flush_job.cc:331] [usertable] [JOB 2] Level-0 flush table #11: started
2018/12/20-22:56:24.246041 7f5d7ffff700 EVENT_LOG_v1 {"time_micros": 1545375384246013, "cf_name": "usertable", "job": 2, "event": "table_file_creation", "file_number": 11, "file_size": 256307116, "table_properties": {"data_size": 255168361, "index_size": 1137828, "filter_size": 0, "raw_key_size": 1485336, "raw_average_key_size": 24, "raw_value_size": 253497344, "raw_average_value_size": 4096, "num_data_blocks": 30945, "num_entries": 61889, "filter_policy_name": "", "kDeletedKeys": "0", "kMergeOperands": "0"}}
2018/12/20-22:56:24.246075 7f5d7ffff700 [db/flush_job.cc:371] [usertable] [JOB 2] Level-0 flush table #11: 256307116 bytes OK
2018/12/20-22:56:24.304690 7f5d7ffff700 (Original Log Time 2018/12/20-22:56:24.246106) [db/memtable_list.cc:377] [usertable] Level-0 commit table #11 started
2018/12/20-22:56:24.304694 7f5d7ffff700 (Original Log Time 2018/12/20-22:56:24.304581) [db/memtable_list.cc:409] [usertable] Level-0 commit table #11: memtable #1 done
2018/12/20-22:56:24.304696 7f5d7ffff700 (Original Log Time 2018/12/20-22:56:24.304597) [db/memtable_list.cc:409] [usertable] Level-0 commit table #11: memtable #2 done
2018/12/20-22:56:24.304698 7f5d7ffff700 (Original Log Time 2018/12/20-22:56:24.304623) EVENT_LOG_v1 {"time_micros": 1545375384304612, "job": 2, "event": "flush_finished", "output_compression": "NoCompression", "lsm_state": [1, 0, 0, 0, 0, 0, 0], "immutable_memtables": 0}
2018/12/20-22:56:24.304700 7f5d7ffff700 (Original Log Time 2018/12/20-22:56:24.304656) [db/db_impl_compaction_flush.cc:177] [usertable] Level summary: base level 1 max bytes base 536870912 files[1 0 0 0 0 0 0] max score 0.50
2018/12/20-22:56:24.304714 7f5d7ffff700 [db/db_impl_files.cc:347] [JOB 2] Try to delete WAL files size 255508745, prev total WAL file size 309948843, number of live WAL files 3.
2018/12/20-22:56:29.185014 7f5e1f3f3700 [db/db_impl_write.cc:1373] [usertable] New memtable created with log file: #12. Immutable memtables: 0.
2018/12/20-22:56:38.149735 7f5e1fafa700 [db/db_impl_write.cc:1373] [usertable] New memtable created with log file: #13. Immutable memtables: 1.
2018/12/20-22:56:38.149832 7f5d7f7fe700 [db/db_impl_compaction_flush.cc:80] [JOB 3] Syncing log #10
2018/12/20-22:56:38.727964 7f5d7f7fe700 [db/db_impl_compaction_flush.cc:80] [JOB 3] Syncing log #12
2018/12/20-22:56:39.975442 7f5d7f7fe700 (Original Log Time 2018/12/20-22:56:38.149810) [db/db_impl_compaction_flush.cc:1424] Calling FlushMemTableToOutputFile with column family [usertable], flush slots available 24, compaction slots available 1, flush slots scheduled 1, compaction slots scheduled 0
2018/12/20-22:56:39.975458 7f5d7f7fe700 [db/flush_job.cc:301] [usertable] [JOB 3] Flushing memtable with next log file: 12
2018/12/20-22:56:39.975466 7f5d7f7fe700 [db/flush_job.cc:301] [usertable] [JOB 3] Flushing memtable with next log file: 13
2018/12/20-22:56:39.975498 7f5d7f7fe700 EVENT_LOG_v1 {"time_micros": 1545375399975487, "job": 3, "event": "flush_started", "num_memtables": 2, "num_entries": 61642, "num_deletes": 0, "memory_usage": 255474208, "flush_reason": "Write Buffer Full"}
2018/12/20-22:56:39.975505 7f5d7f7fe700 [db/flush_job.cc:331] [usertable] [JOB 3] Level-0 flush table #14: started
2018/12/20-22:56:41.291460 7f5d7f7fe700 EVENT_LOG_v1 {"time_micros": 1545375401291424, "cf_name": "usertable", "job": 3, "event": "table_file_creation", "file_number": 14, "file_size": 255297857, "table_properties": {"data_size": 254156817, "index_size": 1140113, "filter_size": 0, "raw_key_size": 1479408, "raw_average_key_size": 24, "raw_value_size": 252485632, "raw_average_value_size": 4096, "num_data_blocks": 30821, "num_entries": 61642, "filter_policy_name": "", "kDeletedKeys": "0", "kMergeOperands": "0"}}
2018/12/20-22:56:41.291483 7f5d7f7fe700 [db/flush_job.cc:371] [usertable] [JOB 3] Level-0 flush table #14: 255297857 bytes OK
2018/12/20-22:56:41.321775 7f5d7f7fe700 (Original Log Time 2018/12/20-22:56:41.291501) [db/memtable_list.cc:377] [usertable] Level-0 commit table #14 started
2018/12/20-22:56:41.321779 7f5d7f7fe700 (Original Log Time 2018/12/20-22:56:41.321673) [db/memtable_list.cc:409] [usertable] Level-0 commit table #14: memtable #1 done
2018/12/20-22:56:41.321781 7f5d7f7fe700 (Original Log Time 2018/12/20-22:56:41.321677) [db/memtable_list.cc:409] [usertable] Level-0 commit table #14: memtable #2 done
2018/12/20-22:56:41.321783 7f5d7f7fe700 (Original Log Time 2018/12/20-22:56:41.321698) EVENT_LOG_v1 {"time_micros": 1545375401321688, "job": 3, "event": "flush_finished", "output_compression": "NoCompression", "lsm_state": [2, 0, 0, 0, 0, 0, 0], "immutable_memtables": 0}
2018/12/20-22:56:41.321784 7f5d7f7fe700 (Original Log Time 2018/12/20-22:56:41.321751) [db/db_impl_compaction_flush.cc:177] [usertable] Level summary: base level 1 max bytes base 536870912 files[2 0 0 0 0 0 0] max score 1.00
2018/12/20-22:56:41.321804 7f5d7f7fe700 [db/db_impl_files.cc:347] [JOB 3] Try to delete WAL files size 254481010, prev total WAL file size 300308386, number of live WAL files 3.
2018/12/20-22:56:41.322033 7f5d9d7fa700 [WARN] [db/db_impl.cc:491] ------- DUMPING STATS -------
2018/12/20-22:56:41.323790 7f5d9d7fa700 [WARN] [db/db_impl.cc:492] 
** DB Stats **
Uptime(secs): 39.1 total, 39.1 interval
Cumulative writes: 134K writes, 134K keys, 128K commit groups, 1.0 writes per commit group, ingest: 0.52 GB, 13.57 MB/s
Cumulative WAL: 134K writes, 0 syncs, 134632.00 writes per sync, written: 0.52 GB, 13.57 MB/s
Cumulative stall: 00:00:0.000 H:M:S, 0.0 percent
Interval writes: 134K writes, 134K keys, 128K commit groups, 1.0 writes per commit group, ingest: 530.07 MB, 13.57 MB/s
Interval WAL: 134K writes, 0 syncs, 134632.00 writes per sync, written: 0.52 MB, 13.57 MB/s
Interval stall: 00:00:0.000 H:M:S, 0.0 percent

** Compaction Stats [default] **
Level    Files   Size     Score Read(GB)  Rn(GB) Rnp1(GB) Write(GB) Wnew(GB) Moved(GB) W-Amp Rd(MB/s) Wr(MB/s) Comp(sec) Comp(cnt) Avg(sec) KeyIn KeyDrop
----------------------------------------------------------------------------------------------------------------------------------------------------------
 Sum      0/0    0.00 KB   0.0      0.0     0.0      0.0       0.0      0.0       0.0   0.0      0.0      0.0         0         0    0.000       0      0
 Int      0/0    0.00 KB   0.0      0.0     0.0      0.0       0.0      0.0       0.0   0.0      0.0      0.0         0         0    0.000       0      0
Uptime(secs): 39.1 total, 39.1 interval
Flush(GB): cumulative 0.000, interval 0.000
AddFile(GB): cumulative 0.000, interval 0.000
AddFile(Total Files): cumulative 0, interval 0
AddFile(L0 Files): cumulative 0, interval 0
AddFile(Keys): cumulative 0, interval 0
Cumulative compaction: 0.00 GB write, 0.00 MB/s write, 0.00 GB read, 0.00 MB/s read, 0.0 seconds
Interval compaction: 0.00 GB write, 0.00 MB/s write, 0.00 GB read, 0.00 MB/s read, 0.0 seconds
Stalls(count): 0 level0_slowdown, 0 level0_slowdown_with_compaction, 0 level0_numfiles, 0 level0_numfiles_with_compaction, 0 stop for pending_compaction_bytes, 0 slowdown for pending_compaction_bytes, 0 memtable_compaction, 0 memtable_slowdown, interval 0 total count

** File Read Latency Histogram By Level [default] **

** Compaction Stats [usertable] **
Level    Files   Size     Score Read(GB)  Rn(GB) Rnp1(GB) Write(GB) Wnew(GB) Moved(GB) W-Amp Rd(MB/s) Wr(MB/s) Comp(sec) Comp(cnt) Avg(sec) KeyIn KeyDrop
----------------------------------------------------------------------------------------------------------------------------------------------------------
  L0      2/0   487.90 MB   1.0      0.0     0.0      0.0       0.5      0.5       0.0   1.0      0.0    132.6         4         2    1.840       0      0
 Sum      2/0   487.90 MB   0.0      0.0     0.0      0.0       0.5      0.5       0.0   1.0      0.0    132.6         4         2    1.840       0      0
 Int      0/0    0.00 KB   0.0      0.0     0.0      0.0       0.5      0.5       0.0   1.0      0.0    132.6         4         2    1.840       0      0
Uptime(secs): 38.8 total, 38.8 interval
Flush(GB): cumulative 0.476, interval 0.476
AddFile(GB): cumulative 0.000, interval 0.000
AddFile(Total Files): cumulative 0, interval 0
AddFile(L0 Files): cumulative 0, interval 0
AddFile(Keys): cumulative 0, interval 0
Cumulative compaction: 0.48 GB write, 12.58 MB/s write, 0.00 GB read, 0.00 MB/s read, 3.7 seconds
Interval compaction: 0.48 GB write, 12.58 MB/s write, 0.00 GB read, 0.00 MB/s read, 3.7 seconds
Stalls(count): 0 level0_slowdown, 0 level0_slowdown_with_compaction, 0 level0_numfiles, 0 level0_numfiles_with_compaction, 0 stop for pending_compaction_bytes, 0 slowdown for pending_compaction_bytes, 0 memtable_compaction, 0 memtable_slowdown, interval 0 total count

** File Read Latency Histogram By Level [usertable] **

** Compaction Stats [default] **
Level    Files   Size     Score Read(GB)  Rn(GB) Rnp1(GB) Write(GB) Wnew(GB) Moved(GB) W-Amp Rd(MB/s) Wr(MB/s) Comp(sec) Comp(cnt) Avg(sec) KeyIn KeyDrop
----------------------------------------------------------------------------------------------------------------------------------------------------------
 Sum      0/0    0.00 KB   0.0      0.0     0.0      0.0       0.0      0.0       0.0   0.0      0.0      0.0         0         0    0.000       0      0
 Int      0/0    0.00 KB   0.0      0.0     0.0      0.0       0.0      0.0       0.0   0.0      0.0      0.0         0         0    0.000       0      0
Uptime(secs): 39.1 total, 0.0 interval
Flush(GB): cumulative 0.000, interval 0.000
AddFile(GB): cumulative 0.000, interval 0.000
AddFile(Total Files): cumulative 0, interval 0
AddFile(L0 Files): cumulative 0, interval 0
AddFile(Keys): cumulative 0, interval 0
Cumulative compaction: 0.00 GB write, 0.00 MB/s write, 0.00 GB read, 0.00 MB/s read, 0.0 seconds
Interval compaction: 0.00 GB write, 0.00 MB/s write, 0.00 GB read, 0.00 MB/s read, 0.0 seconds
Stalls(count): 0 level0_slowdown, 0 level0_slowdown_with_compaction, 0 level0_numfiles, 0 level0_numfiles_with_compaction, 0 stop for pending_compaction_bytes, 0 slowdown for pending_compaction_bytes, 0 memtable_compaction, 0 memtable_slowdown, interval 0 total count

** File Read Latency Histogram By Level [default] **

** Compaction Stats [usertable] **
Level    Files   Size     Score Read(GB)  Rn(GB) Rnp1(GB) Write(GB) Wnew(GB) Moved(GB) W-Amp Rd(MB/s) Wr(MB/s) Comp(sec) Comp(cnt) Avg(sec) KeyIn KeyDrop
----------------------------------------------------------------------------------------------------------------------------------------------------------
  L0      2/0   487.90 MB   1.0      0.0     0.0      0.0       0.5      0.5       0.0   1.0      0.0    132.6         4         2    1.840       0      0
 Sum      2/0   487.90 MB   0.0      0.0     0.0      0.0       0.5      0.5       0.0   1.0      0.0    132.6         4         2    1.840       0      0
 Int      0/0    0.00 KB   0.0      0.0     0.0      0.0       0.0      0.0       0.0   0.0      0.0      0.0         0         0    0.000       0      0
Uptime(secs): 38.8 total, 0.0 interval
Flush(GB): cumulative 0.476, interval 0.000
AddFile(GB): cumulative 0.000, interval 0.000
AddFile(Total Files): cumulative 0, interval 0
AddFile(L0 Files): cumulative 0, interval 0
AddFile(Keys): cumulative 0, interval 0
Cumulative compaction: 0.48 GB write, 12.58 MB/s write, 0.00 GB read, 0.00 MB/s read, 3.7 seconds
Interval compaction: 0.00 GB write, 0.00 MB/s write, 0.00 GB read, 0.00 MB/s read, 0.0 seconds
Stalls(count): 0 level0_slowdown, 0 level0_slowdown_with_compaction, 0 level0_numfiles, 0 level0_numfiles_with_compaction, 0 stop for pending_compaction_bytes, 0 slowdown for pending_compaction_bytes, 0 memtable_compaction, 0 memtable_slowdown, interval 0 total count

** File Read Latency Histogram By Level [usertable] **
2018/12/20-22:56:41.354200 7f5d9d7fa700 (Original Log Time 2018/12/20-22:56:41.323899) [db/db_impl_compaction_flush.cc:1835] [usertable] Moving #11 to level-1 256307116 bytes
2018/12/20-22:56:41.354204 7f5d9d7fa700 (Original Log Time 2018/12/20-22:56:41.354148) EVENT_LOG_v1 {"time_micros": 1545375401354135, "job": 4, "event": "trivial_move", "destination_level": 1, "files": 1, "total_files_size": 256307116}
2018/12/20-22:56:41.354206 7f5d9d7fa700 (Original Log Time 2018/12/20-22:56:41.354161) [db/db_impl_compaction_flush.cc:1864] [usertable] Moved #1 files to level-1 256307116 bytes OK: base level 1 max bytes base 536870912 files[1 1 0 0 0 0 0] max score 0.50
2018/12/20-22:56:45.091902 7f5e542db700 [db/db_impl_write.cc:1373] [usertable] New memtable created with log file: #15. Immutable memtables: 0.
2018/12/20-22:56:54.057563 7f5e1f5f5700 [db/db_impl_write.cc:1373] [usertable] New memtable created with log file: #16. Immutable memtables: 1.
2018/12/20-22:56:54.057749 7f5d7effd700 [db/db_impl_compaction_flush.cc:80] [JOB 5] Syncing log #13
2018/12/20-22:56:54.672948 7f5d7effd700 [db/db_impl_compaction_flush.cc:80] [JOB 5] Syncing log #15
2018/12/20-22:56:55.967800 7f5d7effd700 (Original Log Time 2018/12/20-22:56:54.057728) [db/db_impl_compaction_flush.cc:1424] Calling FlushMemTableToOutputFile with column family [usertable], flush slots available 24, compaction slots available 1, flush slots scheduled 1, compaction slots scheduled 0
2018/12/20-22:56:55.967816 7f5d7effd700 [db/flush_job.cc:301] [usertable] [JOB 5] Flushing memtable with next log file: 15
2018/12/20-22:56:55.967824 7f5d7effd700 [db/flush_job.cc:301] [usertable] [JOB 5] Flushing memtable with next log file: 16
2018/12/20-22:56:55.967857 7f5d7effd700 EVENT_LOG_v1 {"time_micros": 1545375415967847, "job": 5, "event": "flush_started", "num_memtables": 2, "num_entries": 55675, "num_deletes": 0, "memory_usage": 250781696, "flush_reason": "Write Buffer Full"}
2018/12/20-22:56:55.967865 7f5d7effd700 [db/flush_job.cc:331] [usertable] [JOB 5] Level-0 flush table #17: started
2018/12/20-22:56:57.162314 7f5d7effd700 EVENT_LOG_v1 {"time_micros": 1545375417162287, "cf_name": "usertable", "job": 5, "event": "table_file_creation", "file_number": 17, "file_size": 230584893, "table_properties": {"data_size": 229554224, "index_size": 1029742, "filter_size": 0, "raw_key_size": 1336200, "raw_average_key_size": 24, "raw_value_size": 228044800, "raw_average_value_size": 4096, "num_data_blocks": 27838, "num_entries": 55675, "filter_policy_name": "", "kDeletedKeys": "0", "kMergeOperands": "0"}}
2018/12/20-22:56:57.162338 7f5d7effd700 [db/flush_job.cc:371] [usertable] [JOB 5] Level-0 flush table #17: 230584893 bytes OK
2018/12/20-22:56:57.192545 7f5d7effd700 (Original Log Time 2018/12/20-22:56:57.162355) [db/memtable_list.cc:377] [usertable] Level-0 commit table #17 started
2018/12/20-22:56:57.192549 7f5d7effd700 (Original Log Time 2018/12/20-22:56:57.192463) [db/memtable_list.cc:409] [usertable] Level-0 commit table #17: memtable #1 done
2018/12/20-22:56:57.192551 7f5d7effd700 (Original Log Time 2018/12/20-22:56:57.192466) [db/memtable_list.cc:409] [usertable] Level-0 commit table #17: memtable #2 done
2018/12/20-22:56:57.192552 7f5d7effd700 (Original Log Time 2018/12/20-22:56:57.192485) EVENT_LOG_v1 {"time_micros": 1545375417192476, "job": 5, "event": "flush_finished", "output_compression": "NoCompression", "lsm_state": [2, 1, 0, 0, 0, 0, 0], "immutable_memtables": 0}
2018/12/20-22:56:57.192554 7f5d7effd700 (Original Log Time 2018/12/20-22:56:57.192521) [db/db_impl_compaction_flush.cc:177] [usertable] Level summary: base level 1 max bytes base 536870912 files[2 1 0 0 0 0 0] max score 1.00
