2018/12/21-05:38:23.014666 7f7168ae3700 RocksDB version: 5.14.3
2018/12/21-05:38:23.014747 7f7168ae3700 Git sha rocksdb_build_git_sha:
2018/12/21-05:38:23.014751 7f7168ae3700 Compile date Dec 16 2018
2018/12/21-05:38:23.014758 7f7168ae3700 DB SUMMARY
2018/12/21-05:38:23.015450 7f7168ae3700 CURRENT file:  CURRENT
2018/12/21-05:38:23.015455 7f7168ae3700 IDENTITY file:  IDENTITY
2018/12/21-05:38:23.015471 7f7168ae3700 MANIFEST file:  MANIFEST-000004 size: 128760 Bytes
2018/12/21-05:38:23.015476 7f7168ae3700 SST files in /mnt/sdc/ycsb-rocksdb-data dir, Total Num: 692, files: 000021.sst 000022.sst 000023.sst 000024.sst 000028.sst 000029.sst 000030.sst 000031.sst 000035.sst 
2018/12/21-05:38:23.015479 7f7168ae3700 Write Ahead Log file in /mnt/sdc/ycsb-rocksdb-data: 001304.log size: 82885561 ; 
2018/12/21-05:38:23.015487 7f7168ae3700                         Options.error_if_exists: 0
2018/12/21-05:38:23.015490 7f7168ae3700                       Options.create_if_missing: 1
2018/12/21-05:38:23.015492 7f7168ae3700                         Options.paranoid_checks: 1
2018/12/21-05:38:23.015494 7f7168ae3700                                     Options.env: 0x7f715af792c0
2018/12/21-05:38:23.015496 7f7168ae3700                                Options.info_log: 0x7f70c03b6870
2018/12/21-05:38:23.015498 7f7168ae3700                Options.max_file_opening_threads: 16
2018/12/21-05:38:23.015500 7f7168ae3700                              Options.statistics: (nil)
2018/12/21-05:38:23.015502 7f7168ae3700                               Options.use_fsync: 0
2018/12/21-05:38:23.015504 7f7168ae3700                       Options.max_log_file_size: 0
2018/12/21-05:38:23.015506 7f7168ae3700                  Options.max_manifest_file_size: 18446744073709551615
2018/12/21-05:38:23.015508 7f7168ae3700                   Options.log_file_time_to_roll: 0
2018/12/21-05:38:23.015510 7f7168ae3700                       Options.keep_log_file_num: 1000
2018/12/21-05:38:23.015511 7f7168ae3700                    Options.recycle_log_file_num: 0
2018/12/21-05:38:23.015513 7f7168ae3700                         Options.allow_fallocate: 1
2018/12/21-05:38:23.015515 7f7168ae3700                        Options.allow_mmap_reads: 0
2018/12/21-05:38:23.015517 7f7168ae3700                       Options.allow_mmap_writes: 0
2018/12/21-05:38:23.015519 7f7168ae3700                        Options.use_direct_reads: 0
2018/12/21-05:38:23.015521 7f7168ae3700                        Options.use_direct_io_for_flush_and_compaction: 0
2018/12/21-05:38:23.015522 7f7168ae3700          Options.create_missing_column_families: 1
2018/12/21-05:38:23.015524 7f7168ae3700                              Options.db_log_dir: 
2018/12/21-05:38:23.015526 7f7168ae3700                                 Options.wal_dir: /mnt/sdc/ycsb-rocksdb-data
2018/12/21-05:38:23.015528 7f7168ae3700                Options.table_cache_numshardbits: 6
2018/12/21-05:38:23.015530 7f7168ae3700                      Options.max_subcompactions: 4
2018/12/21-05:38:23.015532 7f7168ae3700                  Options.max_background_flushes: 24
2018/12/21-05:38:23.015534 7f7168ae3700                         Options.WAL_ttl_seconds: 0
2018/12/21-05:38:23.015536 7f7168ae3700                       Options.WAL_size_limit_MB: 0
2018/12/21-05:38:23.015537 7f7168ae3700             Options.manifest_preallocation_size: 4194304
2018/12/21-05:38:23.015539 7f7168ae3700                     Options.is_fd_close_on_exec: 1
2018/12/21-05:38:23.015541 7f7168ae3700                   Options.advise_random_on_open: 1
2018/12/21-05:38:23.015543 7f7168ae3700                    Options.db_write_buffer_size: 0
2018/12/21-05:38:23.015545 7f7168ae3700                    Options.write_buffer_manager: 0x7f70c03b3640
2018/12/21-05:38:23.015547 7f7168ae3700         Options.access_hint_on_compaction_start: 1
2018/12/21-05:38:23.015549 7f7168ae3700  Options.new_table_reader_for_compaction_inputs: 0
2018/12/21-05:38:23.015551 7f7168ae3700           Options.random_access_max_buffer_size: 1048576
2018/12/21-05:38:23.015553 7f7168ae3700                      Options.use_adaptive_mutex: 0
2018/12/21-05:38:23.015554 7f7168ae3700                            Options.rate_limiter: (nil)
2018/12/21-05:38:23.015573 7f7168ae3700     Options.sst_file_manager.rate_bytes_per_sec: 0
2018/12/21-05:38:23.015576 7f7168ae3700                       Options.wal_recovery_mode: 2
2018/12/21-05:38:23.015578 7f7168ae3700                  Options.enable_thread_tracking: 0
2018/12/21-05:38:23.015580 7f7168ae3700                  Options.enable_pipelined_write: 1
2018/12/21-05:38:23.015582 7f7168ae3700         Options.allow_concurrent_memtable_write: 1
2018/12/21-05:38:23.015584 7f7168ae3700      Options.enable_write_thread_adaptive_yield: 1
2018/12/21-05:38:23.015586 7f7168ae3700             Options.write_thread_max_yield_usec: 100
2018/12/21-05:38:23.015588 7f7168ae3700            Options.write_thread_slow_yield_usec: 3
2018/12/21-05:38:23.015590 7f7168ae3700                               Options.row_cache: None
2018/12/21-05:38:23.015592 7f7168ae3700                              Options.wal_filter: None
2018/12/21-05:38:23.015594 7f7168ae3700             Options.avoid_flush_during_recovery: 0
2018/12/21-05:38:23.015595 7f7168ae3700             Options.allow_ingest_behind: 0
2018/12/21-05:38:23.015597 7f7168ae3700             Options.preserve_deletes: 0
2018/12/21-05:38:23.015599 7f7168ae3700             Options.two_write_queues: 0
2018/12/21-05:38:23.015601 7f7168ae3700             Options.manual_wal_flush: 0
2018/12/21-05:38:23.015604 7f7168ae3700             Options.max_background_jobs: 24
2018/12/21-05:38:23.015606 7f7168ae3700             Options.max_background_compactions: 24
2018/12/21-05:38:23.015608 7f7168ae3700             Options.avoid_flush_during_shutdown: 0
2018/12/21-05:38:23.015610 7f7168ae3700           Options.writable_file_max_buffer_size: 1048576
2018/12/21-05:38:23.015611 7f7168ae3700             Options.delayed_write_rate : 16777216
2018/12/21-05:38:23.015613 7f7168ae3700             Options.max_total_wal_size: 0
2018/12/21-05:38:23.015615 7f7168ae3700             Options.delete_obsolete_files_period_micros: 21600000000
2018/12/21-05:38:23.015617 7f7168ae3700                   Options.stats_dump_period_sec: 60
2018/12/21-05:38:23.015619 7f7168ae3700                          Options.max_open_files: -1
2018/12/21-05:38:23.015621 7f7168ae3700                          Options.bytes_per_sync: 1048576
2018/12/21-05:38:23.015623 7f7168ae3700                      Options.wal_bytes_per_sync: 0
2018/12/21-05:38:23.015625 7f7168ae3700       Options.compaction_readahead_size: 0
2018/12/21-05:38:23.015626 7f7168ae3700 Compression algorithms supported:
2018/12/21-05:38:23.015629 7f7168ae3700 	kZSTDNotFinalCompression supported: 1
2018/12/21-05:38:23.015641 7f7168ae3700 	kZSTD supported: 1
2018/12/21-05:38:23.015643 7f7168ae3700 	kXpressCompression supported: 0
2018/12/21-05:38:23.015645 7f7168ae3700 	kLZ4HCCompression supported: 1
2018/12/21-05:38:23.015647 7f7168ae3700 	kLZ4Compression supported: 1
2018/12/21-05:38:23.015650 7f7168ae3700 	kBZip2Compression supported: 1
2018/12/21-05:38:23.015652 7f7168ae3700 	kZlibCompression supported: 1
2018/12/21-05:38:23.015654 7f7168ae3700 	kSnappyCompression supported: 1
2018/12/21-05:38:23.015660 7f7168ae3700 Fast CRC32 supported: Supported on x86
2018/12/21-05:38:23.016248 7f7168ae3700 [db/version_set.cc:3085] Recovering from manifest file: MANIFEST-000004
2018/12/21-05:38:23.016446 7f7168ae3700 [db/column_family.cc:475] --------------- Options for column family [default]:
2018/12/21-05:38:23.016451 7f7168ae3700               Options.comparator: leveldb.BytewiseComparator
2018/12/21-05:38:23.016452 7f7168ae3700           Options.merge_operator: None
2018/12/21-05:38:23.016453 7f7168ae3700        Options.compaction_filter: None
2018/12/21-05:38:23.016454 7f7168ae3700        Options.compaction_filter_factory: None
2018/12/21-05:38:23.016455 7f7168ae3700         Options.memtable_factory: SkipListFactory
2018/12/21-05:38:23.016457 7f7168ae3700            Options.table_factory: BlockBasedTable
2018/12/21-05:38:23.016481 7f7168ae3700            table_factory options:   flush_block_policy_factory: FlushBlockBySizePolicyFactory (0x7f70c0377e40)
  cache_index_and_filter_blocks: 0
  cache_index_and_filter_blocks_with_high_priority: 0
  pin_l0_filter_and_index_blocks_in_cache: 0
  index_type: 0
  hash_index_allow_collision: 1
  checksum: 1
  no_block_cache: 0
  block_cache: 0x7f70c0383e40
  block_cache_name: LRUCache
  block_cache_options:
    capacity : 8388608
    num_shard_bits : 4
    strict_capacity_limit : 0
    high_pri_pool_ratio: 0.000
  block_cache_compressed: (nil)
  persistent_cache: (nil)
  block_size: 8192
  block_size_deviation: 10
  block_restart_interval: 16
  index_block_restart_interval: 1
  metadata_block_size: 4096
  partition_filters: 0
  use_delta_encoding: 1
  filter_policy: nullptr
  whole_key_filtering: 1
  verify_compression: 0
  read_amp_bytes_per_bit: 0
  format_version: 2
  enable_index_compression: 1
  block_align: 0
2018/12/21-05:38:23.016496 7f7168ae3700        Options.write_buffer_size: 134217728
2018/12/21-05:38:23.016498 7f7168ae3700  Options.max_write_buffer_number: 24
2018/12/21-05:38:23.016499 7f7168ae3700        Options.compression[0]: NoCompression
2018/12/21-05:38:23.016501 7f7168ae3700        Options.compression[1]: NoCompression
2018/12/21-05:38:23.016502 7f7168ae3700        Options.compression[2]: LZ4
2018/12/21-05:38:23.016503 7f7168ae3700        Options.compression[3]: LZ4
2018/12/21-05:38:23.016504 7f7168ae3700        Options.compression[4]: LZ4
2018/12/21-05:38:23.016505 7f7168ae3700        Options.compression[5]: LZ4
2018/12/21-05:38:23.016506 7f7168ae3700        Options.compression[6]: LZ4
2018/12/21-05:38:23.016507 7f7168ae3700                  Options.bottommost_compression: Disabled
2018/12/21-05:38:23.016508 7f7168ae3700       Options.prefix_extractor: nullptr
2018/12/21-05:38:23.016509 7f7168ae3700   Options.memtable_insert_with_hint_prefix_extractor: nullptr
2018/12/21-05:38:23.016510 7f7168ae3700             Options.num_levels: 7
2018/12/21-05:38:23.016511 7f7168ae3700        Options.min_write_buffer_number_to_merge: 2
2018/12/21-05:38:23.016512 7f7168ae3700     Options.max_write_buffer_number_to_maintain: 0
2018/12/21-05:38:23.016513 7f7168ae3700            Options.compression_opts.window_bits: -14
2018/12/21-05:38:23.016514 7f7168ae3700                  Options.compression_opts.level: -1
2018/12/21-05:38:23.016515 7f7168ae3700               Options.compression_opts.strategy: 0
2018/12/21-05:38:23.016516 7f7168ae3700         Options.compression_opts.max_dict_bytes: 0
2018/12/21-05:38:23.016517 7f7168ae3700         Options.compression_opts.zstd_max_train_bytes: 0
2018/12/21-05:38:23.016518 7f7168ae3700      Options.level0_file_num_compaction_trigger: 2
2018/12/21-05:38:23.016519 7f7168ae3700          Options.level0_slowdown_writes_trigger: 20
2018/12/21-05:38:23.016520 7f7168ae3700              Options.level0_stop_writes_trigger: 36
2018/12/21-05:38:23.016521 7f7168ae3700                   Options.target_file_size_base: 67108864
2018/12/21-05:38:23.016522 7f7168ae3700             Options.target_file_size_multiplier: 1
2018/12/21-05:38:23.016523 7f7168ae3700                Options.max_bytes_for_level_base: 536870912
2018/12/21-05:38:23.016524 7f7168ae3700 Options.level_compaction_dynamic_level_bytes: 0
2018/12/21-05:38:23.016525 7f7168ae3700          Options.max_bytes_for_level_multiplier: 10.000000
2018/12/21-05:38:23.016527 7f7168ae3700 Options.max_bytes_for_level_multiplier_addtl[0]: 1
2018/12/21-05:38:23.016528 7f7168ae3700 Options.max_bytes_for_level_multiplier_addtl[1]: 1
2018/12/21-05:38:23.016529 7f7168ae3700 Options.max_bytes_for_level_multiplier_addtl[2]: 1
2018/12/21-05:38:23.016530 7f7168ae3700 Options.max_bytes_for_level_multiplier_addtl[3]: 1
2018/12/21-05:38:23.016531 7f7168ae3700 Options.max_bytes_for_level_multiplier_addtl[4]: 1
2018/12/21-05:38:23.016532 7f7168ae3700 Options.max_bytes_for_level_multiplier_addtl[5]: 1
2018/12/21-05:38:23.016533 7f7168ae3700 Options.max_bytes_for_level_multiplier_addtl[6]: 1
2018/12/21-05:38:23.016534 7f7168ae3700       Options.max_sequential_skip_in_iterations: 8
2018/12/21-05:38:23.016535 7f7168ae3700                    Options.max_compaction_bytes: 1677721600
2018/12/21-05:38:23.016542 7f7168ae3700                        Options.arena_block_size: 16777216
2018/12/21-05:38:23.016544 7f7168ae3700   Options.soft_pending_compaction_bytes_limit: 68719476736
2018/12/21-05:38:23.016545 7f7168ae3700   Options.hard_pending_compaction_bytes_limit: 274877906944
2018/12/21-05:38:23.016546 7f7168ae3700       Options.rate_limit_delay_max_milliseconds: 100
2018/12/21-05:38:23.016547 7f7168ae3700                Options.disable_auto_compactions: 0
2018/12/21-05:38:23.016549 7f7168ae3700                        Options.compaction_style: kCompactionStyleLevel
2018/12/21-05:38:23.016551 7f7168ae3700                          Options.compaction_pri: kByCompensatedSize
2018/12/21-05:38:23.016552 7f7168ae3700 Options.compaction_options_universal.size_ratio: 1
2018/12/21-05:38:23.016553 7f7168ae3700 Options.compaction_options_universal.min_merge_width: 2
2018/12/21-05:38:23.016554 7f7168ae3700 Options.compaction_options_universal.max_merge_width: 4294967295
2018/12/21-05:38:23.016555 7f7168ae3700 Options.compaction_options_universal.max_size_amplification_percent: 200
2018/12/21-05:38:23.016556 7f7168ae3700 Options.compaction_options_universal.compression_size_percent: -1
2018/12/21-05:38:23.016557 7f7168ae3700 Options.compaction_options_universal.stop_style: kCompactionStopStyleTotalSize
2018/12/21-05:38:23.016559 7f7168ae3700 Options.compaction_options_fifo.max_table_files_size: 1073741824
2018/12/21-05:38:23.016560 7f7168ae3700 Options.compaction_options_fifo.allow_compaction: 0
2018/12/21-05:38:23.016561 7f7168ae3700 Options.compaction_options_fifo.ttl: 0
2018/12/21-05:38:23.016562 7f7168ae3700                   Options.table_properties_collectors: 
2018/12/21-05:38:23.016563 7f7168ae3700                   Options.inplace_update_support: 0
2018/12/21-05:38:23.016564 7f7168ae3700                 Options.inplace_update_num_locks: 10000
2018/12/21-05:38:23.016565 7f7168ae3700               Options.memtable_prefix_bloom_size_ratio: 0.000000
2018/12/21-05:38:23.016567 7f7168ae3700   Options.memtable_huge_page_size: 0
2018/12/21-05:38:23.016568 7f7168ae3700                           Options.bloom_locality: 0
2018/12/21-05:38:23.016569 7f7168ae3700                    Options.max_successive_merges: 0
2018/12/21-05:38:23.016570 7f7168ae3700                Options.optimize_filters_for_hits: 0
2018/12/21-05:38:23.016570 7f7168ae3700                Options.paranoid_file_checks: 0
2018/12/21-05:38:23.016571 7f7168ae3700                Options.force_consistency_checks: 0
2018/12/21-05:38:23.016572 7f7168ae3700                Options.report_bg_io_stats: 0
2018/12/21-05:38:23.016573 7f7168ae3700                               Options.ttl: 0
2018/12/21-05:38:23.017074 7f7168ae3700 [db/column_family.cc:475] --------------- Options for column family [usertable]:
2018/12/21-05:38:23.017078 7f7168ae3700               Options.comparator: leveldb.BytewiseComparator
2018/12/21-05:38:23.017079 7f7168ae3700           Options.merge_operator: None
2018/12/21-05:38:23.017080 7f7168ae3700        Options.compaction_filter: None
2018/12/21-05:38:23.017081 7f7168ae3700        Options.compaction_filter_factory: None
2018/12/21-05:38:23.017082 7f7168ae3700         Options.memtable_factory: SkipListFactory
2018/12/21-05:38:23.017083 7f7168ae3700            Options.table_factory: BlockBasedTable
2018/12/21-05:38:23.017110 7f7168ae3700            table_factory options:   flush_block_policy_factory: FlushBlockBySizePolicyFactory (0x7f70c0377c10)
  cache_index_and_filter_blocks: 0
  cache_index_and_filter_blocks_with_high_priority: 0
  pin_l0_filter_and_index_blocks_in_cache: 0
  index_type: 0
  hash_index_allow_collision: 1
  checksum: 1
  no_block_cache: 0
  block_cache: 0x7f70c03776d0
  block_cache_name: LRUCache
  block_cache_options:
    capacity : 8388608
    num_shard_bits : 4
    strict_capacity_limit : 0
    high_pri_pool_ratio: 0.000
  block_cache_compressed: (nil)
  persistent_cache: (nil)
  block_size: 8192
  block_size_deviation: 10
  block_restart_interval: 16
  index_block_restart_interval: 1
  metadata_block_size: 4096
  partition_filters: 0
  use_delta_encoding: 1
  filter_policy: nullptr
  whole_key_filtering: 1
  verify_compression: 0
  read_amp_bytes_per_bit: 0
  format_version: 2
  enable_index_compression: 1
  block_align: 0
2018/12/21-05:38:23.017123 7f7168ae3700        Options.write_buffer_size: 134217728
2018/12/21-05:38:23.017125 7f7168ae3700  Options.max_write_buffer_number: 24
2018/12/21-05:38:23.017126 7f7168ae3700        Options.compression[0]: NoCompression
2018/12/21-05:38:23.017127 7f7168ae3700        Options.compression[1]: NoCompression
2018/12/21-05:38:23.017128 7f7168ae3700        Options.compression[2]: LZ4
2018/12/21-05:38:23.017129 7f7168ae3700        Options.compression[3]: LZ4
2018/12/21-05:38:23.017130 7f7168ae3700        Options.compression[4]: LZ4
2018/12/21-05:38:23.017131 7f7168ae3700        Options.compression[5]: LZ4
2018/12/21-05:38:23.017132 7f7168ae3700        Options.compression[6]: LZ4
2018/12/21-05:38:23.017133 7f7168ae3700                  Options.bottommost_compression: Disabled
2018/12/21-05:38:23.017134 7f7168ae3700       Options.prefix_extractor: nullptr
2018/12/21-05:38:23.017135 7f7168ae3700   Options.memtable_insert_with_hint_prefix_extractor: nullptr
2018/12/21-05:38:23.017136 7f7168ae3700             Options.num_levels: 7
2018/12/21-05:38:23.017136 7f7168ae3700        Options.min_write_buffer_number_to_merge: 2
2018/12/21-05:38:23.017137 7f7168ae3700     Options.max_write_buffer_number_to_maintain: 0
2018/12/21-05:38:23.017138 7f7168ae3700            Options.compression_opts.window_bits: -14
2018/12/21-05:38:23.017139 7f7168ae3700                  Options.compression_opts.level: -1
2018/12/21-05:38:23.017140 7f7168ae3700               Options.compression_opts.strategy: 0
2018/12/21-05:38:23.017141 7f7168ae3700         Options.compression_opts.max_dict_bytes: 0
2018/12/21-05:38:23.017142 7f7168ae3700         Options.compression_opts.zstd_max_train_bytes: 0
2018/12/21-05:38:23.017143 7f7168ae3700      Options.level0_file_num_compaction_trigger: 2
2018/12/21-05:38:23.017144 7f7168ae3700          Options.level0_slowdown_writes_trigger: 20
2018/12/21-05:38:23.017145 7f7168ae3700              Options.level0_stop_writes_trigger: 36
2018/12/21-05:38:23.017146 7f7168ae3700                   Options.target_file_size_base: 67108864
2018/12/21-05:38:23.017147 7f7168ae3700             Options.target_file_size_multiplier: 1
2018/12/21-05:38:23.017148 7f7168ae3700                Options.max_bytes_for_level_base: 536870912
2018/12/21-05:38:23.017148 7f7168ae3700 Options.level_compaction_dynamic_level_bytes: 0
2018/12/21-05:38:23.017149 7f7168ae3700          Options.max_bytes_for_level_multiplier: 10.000000
2018/12/21-05:38:23.017152 7f7168ae3700 Options.max_bytes_for_level_multiplier_addtl[0]: 1
2018/12/21-05:38:23.017153 7f7168ae3700 Options.max_bytes_for_level_multiplier_addtl[1]: 1
2018/12/21-05:38:23.017154 7f7168ae3700 Options.max_bytes_for_level_multiplier_addtl[2]: 1
2018/12/21-05:38:23.017155 7f7168ae3700 Options.max_bytes_for_level_multiplier_addtl[3]: 1
2018/12/21-05:38:23.017156 7f7168ae3700 Options.max_bytes_for_level_multiplier_addtl[4]: 1
2018/12/21-05:38:23.017157 7f7168ae3700 Options.max_bytes_for_level_multiplier_addtl[5]: 1
2018/12/21-05:38:23.017157 7f7168ae3700 Options.max_bytes_for_level_multiplier_addtl[6]: 1
2018/12/21-05:38:23.017158 7f7168ae3700       Options.max_sequential_skip_in_iterations: 8
2018/12/21-05:38:23.017159 7f7168ae3700                    Options.max_compaction_bytes: 1677721600
2018/12/21-05:38:23.017160 7f7168ae3700                        Options.arena_block_size: 16777216
2018/12/21-05:38:23.017161 7f7168ae3700   Options.soft_pending_compaction_bytes_limit: 68719476736
2018/12/21-05:38:23.017162 7f7168ae3700   Options.hard_pending_compaction_bytes_limit: 274877906944
2018/12/21-05:38:23.017163 7f7168ae3700       Options.rate_limit_delay_max_milliseconds: 100
2018/12/21-05:38:23.017164 7f7168ae3700                Options.disable_auto_compactions: 0
2018/12/21-05:38:23.017166 7f7168ae3700                        Options.compaction_style: kCompactionStyleLevel
2018/12/21-05:38:23.017173 7f7168ae3700                          Options.compaction_pri: kByCompensatedSize
2018/12/21-05:38:23.017174 7f7168ae3700 Options.compaction_options_universal.size_ratio: 1
2018/12/21-05:38:23.017175 7f7168ae3700 Options.compaction_options_universal.min_merge_width: 2
2018/12/21-05:38:23.017176 7f7168ae3700 Options.compaction_options_universal.max_merge_width: 4294967295
2018/12/21-05:38:23.017177 7f7168ae3700 Options.compaction_options_universal.max_size_amplification_percent: 200
2018/12/21-05:38:23.017178 7f7168ae3700 Options.compaction_options_universal.compression_size_percent: -1
2018/12/21-05:38:23.017180 7f7168ae3700 Options.compaction_options_universal.stop_style: kCompactionStopStyleTotalSize
2018/12/21-05:38:23.017181 7f7168ae3700 Options.compaction_options_fifo.max_table_files_size: 1073741824
2018/12/21-05:38:23.017181 7f7168ae3700 Options.compaction_options_fifo.allow_compaction: 0
2018/12/21-05:38:23.017182 7f7168ae3700 Options.compaction_options_fifo.ttl: 0
2018/12/21-05:38:23.017183 7f7168ae3700                   Options.table_properties_collectors: 
2018/12/21-05:38:23.017184 7f7168ae3700                   Options.inplace_update_support: 0
2018/12/21-05:38:23.017185 7f7168ae3700                 Options.inplace_update_num_locks: 10000
2018/12/21-05:38:23.017186 7f7168ae3700               Options.memtable_prefix_bloom_size_ratio: 0.000000
2018/12/21-05:38:23.017188 7f7168ae3700   Options.memtable_huge_page_size: 0
2018/12/21-05:38:23.017189 7f7168ae3700                           Options.bloom_locality: 0
2018/12/21-05:38:23.017190 7f7168ae3700                    Options.max_successive_merges: 0
2018/12/21-05:38:23.017191 7f7168ae3700                Options.optimize_filters_for_hits: 0
2018/12/21-05:38:23.017192 7f7168ae3700                Options.paranoid_file_checks: 0
2018/12/21-05:38:23.017193 7f7168ae3700                Options.force_consistency_checks: 0
2018/12/21-05:38:23.017193 7f7168ae3700                Options.report_bg_io_stats: 0
2018/12/21-05:38:23.017194 7f7168ae3700                               Options.ttl: 0
2018/12/21-05:38:23.623200 7f7168ae3700 [db/version_set.cc:3361] Recovered from manifest file:/mnt/sdc/ycsb-rocksdb-data/MANIFEST-000004 succeeded,manifest_file_number is 4, next_file_number is 1307, last_sequence is 10443622, log_number is 0,prev_log_number is 0,max_column_family is 1,min_log_number_to_keep is 0
2018/12/21-05:38:23.623210 7f7168ae3700 [db/version_set.cc:3369] Column family [default] (ID 0), log number is 0
2018/12/21-05:38:23.623212 7f7168ae3700 [db/version_set.cc:3369] Column family [usertable] (ID 1), log number is 1304
2018/12/21-05:38:23.625381 7f7168ae3700 EVENT_LOG_v1 {"time_micros": 1545399503625367, "job": 1, "event": "recovery_started", "log_files": [1304]}
2018/12/21-05:38:23.625390 7f7168ae3700 [db/db_impl_open.cc:551] Recovering log #1304 mode 2
2018/12/21-05:38:23.864480 7f7168ae3700 [db/version_set.cc:2847] Creating manifest 1307
2018/12/21-05:38:24.287589 7f7168ae3700 EVENT_LOG_v1 {"time_micros": 1545399504287566, "cf_name": "usertable", "job": 1, "event": "table_file_creation", "file_number": 1308, "file_size": 82981977, "table_properties": {"data_size": 82610653, "index_size": 370402, "filter_size": 0, "raw_key_size": 480864, "raw_average_key_size": 24, "raw_value_size": 82067456, "raw_average_value_size": 4096, "num_data_blocks": 10018, "num_entries": 20036, "filter_policy_name": "", "kDeletedKeys": "0", "kMergeOperands": "0"}}
2018/12/21-05:38:24.323570 7f7168ae3700 EVENT_LOG_v1 {"time_micros": 1545399504323563, "job": 1, "event": "recovery_finished"}
2018/12/21-05:38:24.381992 7f7168ae3700 [db/db_impl_open.cc:1219] DB pointer 0x7f70c03b6dc0
2018/12/21-05:38:24.382338 7f715a601700 [WARN] [db/db_impl.cc:491] ------- DUMPING STATS -------
2018/12/21-05:38:24.382388 7f715a601700 [WARN] [db/db_impl.cc:492] 
** DB Stats **
Uptime(secs): 1.4 total, 1.4 interval
Cumulative writes: 0 writes, 0 keys, 0 commit groups, 0.0 writes per commit group, ingest: 0.00 GB, 0.00 MB/s
Cumulative WAL: 0 writes, 0 syncs, 0.00 writes per sync, written: 0.00 GB, 0.00 MB/s
Cumulative stall: 00:00:0.000 H:M:S, 0.0 percent
Interval writes: 0 writes, 0 keys, 0 commit groups, 0.0 writes per commit group, ingest: 0.00 MB, 0.00 MB/s
Interval WAL: 0 writes, 0 syncs, 0.00 writes per sync, written: 0.00 MB, 0.00 MB/s
Interval stall: 00:00:0.000 H:M:S, 0.0 percent

** Compaction Stats [default] **
Level    Files   Size     Score Read(GB)  Rn(GB) Rnp1(GB) Write(GB) Wnew(GB) Moved(GB) W-Amp Rd(MB/s) Wr(MB/s) Comp(sec) Comp(cnt) Avg(sec) KeyIn KeyDrop
----------------------------------------------------------------------------------------------------------------------------------------------------------
 Sum      0/0    0.00 KB   0.0      0.0     0.0      0.0       0.0      0.0       0.0   0.0      0.0      0.0         0         0    0.000       0      0
 Int      0/0    0.00 KB   0.0      0.0     0.0      0.0       0.0      0.0       0.0   0.0      0.0      0.0         0         0    0.000       0      0
Uptime(secs): 1.4 total, 1.4 interval
Flush(GB): cumulative 0.000, interval 0.000
AddFile(GB): cumulative 0.000, interval 0.000
AddFile(Total Files): cumulative 0, interval 0
AddFile(L0 Files): cumulative 0, interval 0
AddFile(Keys): cumulative 0, interval 0
Cumulative compaction: 0.00 GB write, 0.00 MB/s write, 0.00 GB read, 0.00 MB/s read, 0.0 seconds
Interval compaction: 0.00 GB write, 0.00 MB/s write, 0.00 GB read, 0.00 MB/s read, 0.0 seconds
Stalls(count): 0 level0_slowdown, 0 level0_slowdown_with_compaction, 0 level0_numfiles, 0 level0_numfiles_with_compaction, 0 stop for pending_compaction_bytes, 0 slowdown for pending_compaction_bytes, 0 memtable_compaction, 0 memtable_slowdown, interval 0 total count

** File Read Latency Histogram By Level [default] **

** Compaction Stats [usertable] **
Level    Files   Size     Score Read(GB)  Rn(GB) Rnp1(GB) Write(GB) Wnew(GB) Moved(GB) W-Amp Rd(MB/s) Wr(MB/s) Comp(sec) Comp(cnt) Avg(sec) KeyIn KeyDrop
----------------------------------------------------------------------------------------------------------------------------------------------------------
  L0      2/0   271.07 MB   1.0      0.0     0.0      0.0       0.1      0.1       0.0   1.0      0.0    239.8         0         1    0.330       0      0
  L1      3/0   575.93 MB   1.1      0.0     0.0      0.0       0.0      0.0       0.0   0.0      0.0      0.0         0         0    0.000       0      0
  L2    138/0    4.96 GB   1.0      0.0     0.0      0.0       0.0      0.0       0.0   0.0      0.0      0.0         0         0    0.000       0      0
  L3    550/0   34.39 GB   0.7      0.0     0.0      0.0       0.0      0.0       0.0   0.0      0.0      0.0         0         0    0.000       0      0
 Sum    693/0   40.18 GB   0.0      0.0     0.0      0.0       0.1      0.1       0.0   1.0      0.0    239.8         0         1    0.330       0      0
 Int      0/0    0.00 KB   0.0      0.0     0.0      0.0       0.1      0.1       0.0   1.0      0.0    239.8         0         1    0.330       0      0
Uptime(secs): 1.4 total, 1.4 interval
Flush(GB): cumulative 0.077, interval 0.077
AddFile(GB): cumulative 0.000, interval 0.000
AddFile(Total Files): cumulative 0, interval 0
AddFile(L0 Files): cumulative 0, interval 0
AddFile(Keys): cumulative 0, interval 0
Cumulative compaction: 0.08 GB write, 57.97 MB/s write, 0.00 GB read, 0.00 MB/s read, 0.3 seconds
Interval compaction: 0.08 GB write, 57.97 MB/s write, 0.00 GB read, 0.00 MB/s read, 0.3 seconds
Stalls(count): 0 level0_slowdown, 0 level0_slowdown_with_compaction, 0 level0_numfiles, 0 level0_numfiles_with_compaction, 0 stop for pending_compaction_bytes, 0 slowdown for pending_compaction_bytes, 0 memtable_compaction, 0 memtable_slowdown, interval 0 total count

** File Read Latency Histogram By Level [usertable] **

** Compaction Stats [default] **
Level    Files   Size     Score Read(GB)  Rn(GB) Rnp1(GB) Write(GB) Wnew(GB) Moved(GB) W-Amp Rd(MB/s) Wr(MB/s) Comp(sec) Comp(cnt) Avg(sec) KeyIn KeyDrop
----------------------------------------------------------------------------------------------------------------------------------------------------------
 Sum      0/0    0.00 KB   0.0      0.0     0.0      0.0       0.0      0.0       0.0   0.0      0.0      0.0         0         0    0.000       0      0
 Int      0/0    0.00 KB   0.0      0.0     0.0      0.0       0.0      0.0       0.0   0.0      0.0      0.0         0         0    0.000       0      0
Uptime(secs): 1.4 total, 0.0 interval
Flush(GB): cumulative 0.000, interval 0.000
AddFile(GB): cumulative 0.000, interval 0.000
AddFile(Total Files): cumulative 0, interval 0
AddFile(L0 Files): cumulative 0, interval 0
AddFile(Keys): cumulative 0, interval 0
Cumulative compaction: 0.00 GB write, 0.00 MB/s write, 0.00 GB read, 0.00 MB/s read, 0.0 seconds
Interval compaction: 0.00 GB write, 0.00 MB/s write, 0.00 GB read, 0.00 MB/s read, 0.0 seconds
Stalls(count): 0 level0_slowdown, 0 level0_slowdown_with_compaction, 0 level0_numfiles, 0 level0_numfiles_with_compaction, 0 stop for pending_compaction_bytes, 0 slowdown for pending_compaction_bytes, 0 memtable_compaction, 0 memtable_slowdown, interval 0 total count

** File Read Latency Histogram By Level [default] **

** Compaction Stats [usertable] **
Level    Files   Size     Score Read(GB)  Rn(GB) Rnp1(GB) Write(GB) Wnew(GB) Moved(GB) W-Amp Rd(MB/s) Wr(MB/s) Comp(sec) Comp(cnt) Avg(sec) KeyIn KeyDrop
----------------------------------------------------------------------------------------------------------------------------------------------------------
  L0      2/0   271.07 MB   1.0      0.0     0.0      0.0       0.1      0.1       0.0   1.0      0.0    239.8         0         1    0.330       0      0
  L1      3/0   575.93 MB   1.1      0.0     0.0      0.0       0.0      0.0       0.0   0.0      0.0      0.0         0         0    0.000       0      0
  L2    138/0    4.96 GB   1.0      0.0     0.0      0.0       0.0      0.0       0.0   0.0      0.0      0.0         0         0    0.000       0      0
  L3    550/0   34.39 GB   0.7      0.0     0.0      0.0       0.0      0.0       0.0   0.0      0.0      0.0         0         0    0.000       0      0
 Sum    693/0   40.18 GB   0.0      0.0     0.0      0.0       0.1      0.1       0.0   1.0      0.0    239.8         0         1    0.330       0      0
 Int      0/0    0.00 KB   0.0      0.0     0.0      0.0       0.0      0.0       0.0   0.0      0.0      0.0         0         0    0.000       0      0
Uptime(secs): 1.4 total, 0.0 interval
Flush(GB): cumulative 0.077, interval 0.000
AddFile(GB): cumulative 0.000, interval 0.000
AddFile(Total Files): cumulative 0, interval 0
AddFile(L0 Files): cumulative 0, interval 0
AddFile(Keys): cumulative 0, interval 0
Cumulative compaction: 0.08 GB write, 57.97 MB/s write, 0.00 GB read, 0.00 MB/s read, 0.3 seconds
Interval compaction: 0.00 GB write, 0.00 MB/s write, 0.00 GB read, 0.00 MB/s read, 0.0 seconds
Stalls(count): 0 level0_slowdown, 0 level0_slowdown_with_compaction, 0 level0_numfiles, 0 level0_numfiles_with_compaction, 0 stop for pending_compaction_bytes, 0 slowdown for pending_compaction_bytes, 0 memtable_compaction, 0 memtable_slowdown, interval 0 total count

** File Read Latency Histogram By Level [usertable] **
2018/12/21-05:38:24.382583 7f715a601700 [db/compaction_job.cc:1531] [usertable] [JOB 3] Compacting 1@1 files to L2, score 1.12
2018/12/21-05:38:24.382593 7f715a601700 [db/compaction_job.cc:1535] [usertable] Compaction start summary: Base version 5 Base level 1, inputs: [1305(191MB)]
2018/12/21-05:38:24.382627 7f715a601700 EVENT_LOG_v1 {"time_micros": 1545399504382608, "job": 3, "event": "compaction_started", "compaction_reason": "LevelMaxLevelSize", "files_L1": [1305], "score": 1.12486, "input_data_size": 201316096}
2018/12/21-05:38:25.148855 7f715a601700 [db/compaction_job.cc:1211] [usertable] [JOB 3] Generated table #1312: 16279 keys, 67233552 bytes
2018/12/21-05:38:25.148900 7f715a601700 EVENT_LOG_v1 {"time_micros": 1545399505148882, "cf_name": "usertable", "job": 3, "event": "table_file_creation", "file_number": 1312, "file_size": 67233552, "table_properties": {"data_size": 67120139, "index_size": 300916, "filter_size": 0, "raw_key_size": 390696, "raw_average_key_size": 24, "raw_value_size": 66678784, "raw_average_value_size": 4096, "num_data_blocks": 8140, "num_entries": 16279, "filter_policy_name": "", "kDeletedKeys": "0", "kMergeOperands": "0"}}
2018/12/21-05:38:26.690404 7f715a601700 [db/compaction_job.cc:1211] [usertable] [JOB 3] Generated table #1313: 16279 keys, 67233354 bytes
2018/12/21-05:38:26.690450 7f715a601700 EVENT_LOG_v1 {"time_micros": 1545399506690433, "cf_name": "usertable", "job": 3, "event": "table_file_creation", "file_number": 1313, "file_size": 67233354, "table_properties": {"data_size": 67118331, "index_size": 299107, "filter_size": 0, "raw_key_size": 390696, "raw_average_key_size": 24, "raw_value_size": 66678784, "raw_average_value_size": 4096, "num_data_blocks": 8140, "num_entries": 16279, "filter_policy_name": "", "kDeletedKeys": "0", "kMergeOperands": "0"}}
2018/12/21-05:38:28.282767 7f715a601700 [db/compaction_job.cc:1211] [usertable] [JOB 3] Generated table #1314: 16050 keys, 66287753 bytes
2018/12/21-05:38:28.282826 7f715a601700 EVENT_LOG_v1 {"time_micros": 1545399508282797, "cf_name": "usertable", "job": 3, "event": "table_file_creation", "file_number": 1314, "file_size": 66287753, "table_properties": {"data_size": 66175934, "index_size": 296661, "filter_size": 0, "raw_key_size": 385200, "raw_average_key_size": 24, "raw_value_size": 65740800, "raw_average_value_size": 4096, "num_data_blocks": 8025, "num_entries": 16050, "filter_policy_name": "", "kDeletedKeys": "0", "kMergeOperands": "0"}}
2018/12/21-05:38:28.282983 7f715a601700 [db/compaction_job.cc:1287] [usertable] [JOB 3] Compacted 1@1 files to L2 => 200754659 bytes
2018/12/21-05:38:28.314220 7f715a601700 (Original Log Time 2018/12/21-05:38:28.314066) [db/compaction_job.cc:685] [usertable] compacted to: base level 1 max bytes base 536870912 files[2 2 141 550 0 0 0] max score 1.03, MB/sec: 51.6 rd, 51.5 wr, level 2, files in(1, 0) out(3) MB in(192.0, 0.0) out(191.5), read-write-amplify(2.0) write-amplify(1.0) OK, records in: 48608, records dropped: 0 output_compression: LZ4
2018/12/21-05:38:28.314231 7f715a601700 (Original Log Time 2018/12/21-05:38:28.314111) EVENT_LOG_v1 {"time_micros": 1545399508314095, "job": 3, "event": "compaction_finished", "compaction_time_micros": 3900239, "output_level": 2, "num_output_files": 3, "total_output_size": 200754659, "num_input_records": 48608, "num_output_records": 48608, "num_subcompactions": 1, "output_compression": "LZ4", "num_single_delete_mismatches": 0, "num_single_delete_fallthrough": 0, "lsm_state": [2, 2, 141, 550, 0, 0, 0]}
2018/12/21-05:38:28.344391 7f715a601700 (Original Log Time 2018/12/21-05:38:28.314315) [db/db_impl_compaction_flush.cc:1835] [usertable] Moving #1312 to level-3 67233552 bytes
2018/12/21-05:38:28.344399 7f715a601700 (Original Log Time 2018/12/21-05:38:28.344320) EVENT_LOG_v1 {"time_micros": 1545399508344304, "job": 4, "event": "trivial_move", "destination_level": 3, "files": 1, "total_files_size": 67233552}
2018/12/21-05:38:28.344402 7f715a601700 (Original Log Time 2018/12/21-05:38:28.344339) [db/db_impl_compaction_flush.cc:1864] [usertable] Moved #1 files to level-3 67233552 bytes OK: base level 1 max bytes base 536870912 files[2 2 140 551 0 0 0] max score 1.02
2018/12/21-05:38:28.369674 7f715a601700 EVENT_LOG_v1 {"time_micros": 1545399508369666, "job": 4, "event": "table_file_deletion", "file_number": 1305}
2018/12/21-05:38:28.400458 7f715a601700 (Original Log Time 2018/12/21-05:38:28.369863) [db/db_impl_compaction_flush.cc:1835] [usertable] Moving #1313 to level-3 67233354 bytes
2018/12/21-05:38:28.400465 7f715a601700 (Original Log Time 2018/12/21-05:38:28.400387) EVENT_LOG_v1 {"time_micros": 1545399508400379, "job": 5, "event": "trivial_move", "destination_level": 3, "files": 1, "total_files_size": 67233354}
2018/12/21-05:38:28.400468 7f715a601700 (Original Log Time 2018/12/21-05:38:28.400403) [db/db_impl_compaction_flush.cc:1864] [usertable] Moved #1 files to level-3 67233354 bytes OK: base level 1 max bytes base 536870912 files[2 2 139 552 0 0 0] max score 1.01
2018/12/21-05:38:28.431345 7f715a601700 (Original Log Time 2018/12/21-05:38:28.400710) [db/db_impl_compaction_flush.cc:1835] [usertable] Moving #1051 to level-3 66287764 bytes
2018/12/21-05:38:28.431352 7f715a601700 (Original Log Time 2018/12/21-05:38:28.431252) EVENT_LOG_v1 {"time_micros": 1545399508431217, "job": 6, "event": "trivial_move", "destination_level": 3, "files": 1, "total_files_size": 66287764}
2018/12/21-05:38:28.431355 7f715a601700 (Original Log Time 2018/12/21-05:38:28.431274) [db/db_impl_compaction_flush.cc:1864] [usertable] Moved #1 files to level-3 66287764 bytes OK: base level 1 max bytes base 536870912 files[2 2 138 553 0 0 0] max score 1.00
2018/12/21-05:38:28.463464 7f714bfff700 (Original Log Time 2018/12/21-05:38:28.431804) [db/db_impl_compaction_flush.cc:1835] [usertable] Moving #118 to level-1 201259769 bytes
2018/12/21-05:38:28.463472 7f714bfff700 (Original Log Time 2018/12/21-05:38:28.463355) EVENT_LOG_v1 {"time_micros": 1545399508463346, "job": 7, "event": "trivial_move", "destination_level": 1, "files": 1, "total_files_size": 201259769}
2018/12/21-05:38:28.463476 7f714bfff700 (Original Log Time 2018/12/21-05:38:28.463381) [db/db_impl_compaction_flush.cc:1864] [usertable] Moved #1 files to level-1 201259769 bytes OK: base level 1 max bytes base 536870912 files[1 3 138 553 0 0 0] max score 1.12
2018/12/21-05:38:28.463781 7f714bfff700 [db/compaction_job.cc:1531] [usertable] [JOB 8] Compacting 1@1 files to L2, score 1.12
2018/12/21-05:38:28.463796 7f714bfff700 [db/compaction_job.cc:1535] [usertable] Compaction start summary: Base version 10 Base level 1, inputs: [55(191MB)]
2018/12/21-05:38:28.463820 7f714bfff700 EVENT_LOG_v1 {"time_micros": 1545399508463804, "job": 8, "event": "compaction_started", "compaction_reason": "LevelMaxLevelSize", "files_L1": [55], "score": 1.12475, "input_data_size": 201295420}
2018/12/21-05:38:29.519404 7f714bfff700 [db/compaction_job.cc:1211] [usertable] [JOB 8] Generated table #1315: 16279 keys, 67233544 bytes
2018/12/21-05:38:29.519450 7f714bfff700 EVENT_LOG_v1 {"time_micros": 1545399509519433, "cf_name": "usertable", "job": 8, "event": "table_file_creation", "file_number": 1315, "file_size": 67233544, "table_properties": {"data_size": 67120140, "index_size": 300916, "filter_size": 0, "raw_key_size": 390696, "raw_average_key_size": 24, "raw_value_size": 66678784, "raw_average_value_size": 4096, "num_data_blocks": 8140, "num_entries": 16279, "filter_policy_name": "", "kDeletedKeys": "0", "kMergeOperands": "0"}}
2018/12/21-05:38:31.261998 7f714bfff700 [db/compaction_job.cc:1211] [usertable] [JOB 8] Generated table #1316: 16279 keys, 67233358 bytes
