2019/03/23-01:55:20.347143 7f6544af9700 RocksDB version: 5.14.3
2019/03/23-01:55:20.347201 7f6544af9700 Git sha rocksdb_build_git_sha:
2019/03/23-01:55:20.347203 7f6544af9700 Compile date Oct  9 2018
2019/03/23-01:55:20.347211 7f6544af9700 DB SUMMARY
2019/03/23-01:55:20.347870 7f6544af9700 CURRENT file:  CURRENT
2019/03/23-01:55:20.347873 7f6544af9700 IDENTITY file:  IDENTITY
2019/03/23-01:55:20.347886 7f6544af9700 MANIFEST file:  MANIFEST-000004 size: 133206 Bytes
2019/03/23-01:55:20.347890 7f6544af9700 SST files in /mnt/sde/ycsb-rocksdb-data dir, Total Num: 731, files: 000024.sst 000025.sst 000026.sst 000027.sst 000028.sst 000035.sst 000036.sst 000037.sst 000042.sst 
2019/03/23-01:55:20.347894 7f6544af9700 Write Ahead Log file in /mnt/sde/ycsb-rocksdb-data: 001390.log size: 70563170 ; 
2019/03/23-01:55:20.347921 7f6544af9700                         Options.error_if_exists: 0
2019/03/23-01:55:20.347922 7f6544af9700                       Options.create_if_missing: 1
2019/03/23-01:55:20.347923 7f6544af9700                         Options.paranoid_checks: 1
2019/03/23-01:55:20.347924 7f6544af9700                                     Options.env: 0x7f6523ffb080
2019/03/23-01:55:20.347925 7f6544af9700                                Options.info_log: 0x7f65283b25b0
2019/03/23-01:55:20.347926 7f6544af9700                Options.max_file_opening_threads: 16
2019/03/23-01:55:20.347927 7f6544af9700                              Options.statistics: (nil)
2019/03/23-01:55:20.347928 7f6544af9700                               Options.use_fsync: 0
2019/03/23-01:55:20.347929 7f6544af9700                       Options.max_log_file_size: 0
2019/03/23-01:55:20.347930 7f6544af9700                  Options.max_manifest_file_size: 18446744073709551615
2019/03/23-01:55:20.347931 7f6544af9700                   Options.log_file_time_to_roll: 0
2019/03/23-01:55:20.347932 7f6544af9700                       Options.keep_log_file_num: 1000
2019/03/23-01:55:20.347933 7f6544af9700                    Options.recycle_log_file_num: 0
2019/03/23-01:55:20.347934 7f6544af9700                         Options.allow_fallocate: 1
2019/03/23-01:55:20.347935 7f6544af9700                        Options.allow_mmap_reads: 0
2019/03/23-01:55:20.347937 7f6544af9700                       Options.allow_mmap_writes: 0
2019/03/23-01:55:20.347938 7f6544af9700                        Options.use_direct_reads: 0
2019/03/23-01:55:20.347940 7f6544af9700                        Options.use_direct_io_for_flush_and_compaction: 0
2019/03/23-01:55:20.347942 7f6544af9700          Options.create_missing_column_families: 1
2019/03/23-01:55:20.347943 7f6544af9700                              Options.db_log_dir: 
2019/03/23-01:55:20.347945 7f6544af9700                                 Options.wal_dir: /mnt/sde/ycsb-rocksdb-data
2019/03/23-01:55:20.347946 7f6544af9700                Options.table_cache_numshardbits: 6
2019/03/23-01:55:20.347948 7f6544af9700                      Options.max_subcompactions: 4
2019/03/23-01:55:20.347950 7f6544af9700                  Options.max_background_flushes: 24
2019/03/23-01:55:20.347951 7f6544af9700                         Options.WAL_ttl_seconds: 0
2019/03/23-01:55:20.347952 7f6544af9700                       Options.WAL_size_limit_MB: 0
2019/03/23-01:55:20.347953 7f6544af9700             Options.manifest_preallocation_size: 4194304
2019/03/23-01:55:20.347954 7f6544af9700                     Options.is_fd_close_on_exec: 1
2019/03/23-01:55:20.347955 7f6544af9700                   Options.advise_random_on_open: 1
2019/03/23-01:55:20.347956 7f6544af9700                    Options.db_write_buffer_size: 0
2019/03/23-01:55:20.347957 7f6544af9700                    Options.write_buffer_manager: 0x7f65283b2840
2019/03/23-01:55:20.347958 7f6544af9700         Options.access_hint_on_compaction_start: 1
2019/03/23-01:55:20.347959 7f6544af9700  Options.new_table_reader_for_compaction_inputs: 0
2019/03/23-01:55:20.347960 7f6544af9700           Options.random_access_max_buffer_size: 1048576
2019/03/23-01:55:20.347961 7f6544af9700                      Options.use_adaptive_mutex: 0
2019/03/23-01:55:20.347962 7f6544af9700                            Options.rate_limiter: (nil)
2019/03/23-01:55:20.347977 7f6544af9700     Options.sst_file_manager.rate_bytes_per_sec: 0
2019/03/23-01:55:20.347978 7f6544af9700                       Options.wal_recovery_mode: 2
2019/03/23-01:55:20.347979 7f6544af9700                  Options.enable_thread_tracking: 0
2019/03/23-01:55:20.347980 7f6544af9700                  Options.enable_pipelined_write: 1
2019/03/23-01:55:20.347981 7f6544af9700         Options.allow_concurrent_memtable_write: 1
2019/03/23-01:55:20.347982 7f6544af9700      Options.enable_write_thread_adaptive_yield: 1
2019/03/23-01:55:20.347983 7f6544af9700             Options.write_thread_max_yield_usec: 100
2019/03/23-01:55:20.347984 7f6544af9700            Options.write_thread_slow_yield_usec: 3
2019/03/23-01:55:20.347985 7f6544af9700                               Options.row_cache: None
2019/03/23-01:55:20.347986 7f6544af9700                              Options.wal_filter: None
2019/03/23-01:55:20.347987 7f6544af9700             Options.avoid_flush_during_recovery: 0
2019/03/23-01:55:20.347988 7f6544af9700             Options.allow_ingest_behind: 0
2019/03/23-01:55:20.347989 7f6544af9700             Options.preserve_deletes: 0
2019/03/23-01:55:20.347990 7f6544af9700             Options.two_write_queues: 0
2019/03/23-01:55:20.347991 7f6544af9700             Options.manual_wal_flush: 0
2019/03/23-01:55:20.347993 7f6544af9700             Options.max_background_jobs: 24
2019/03/23-01:55:20.347994 7f6544af9700             Options.max_background_compactions: 24
2019/03/23-01:55:20.347995 7f6544af9700             Options.avoid_flush_during_shutdown: 0
2019/03/23-01:55:20.347996 7f6544af9700           Options.writable_file_max_buffer_size: 1048576
2019/03/23-01:55:20.347997 7f6544af9700             Options.delayed_write_rate : 16777216
2019/03/23-01:55:20.347998 7f6544af9700             Options.max_total_wal_size: 0
2019/03/23-01:55:20.347999 7f6544af9700             Options.delete_obsolete_files_period_micros: 21600000000
2019/03/23-01:55:20.348000 7f6544af9700                   Options.stats_dump_period_sec: 60
2019/03/23-01:55:20.348001 7f6544af9700                          Options.max_open_files: -1
2019/03/23-01:55:20.348002 7f6544af9700                          Options.bytes_per_sync: 1048576
2019/03/23-01:55:20.348003 7f6544af9700                      Options.wal_bytes_per_sync: 0
2019/03/23-01:55:20.348004 7f6544af9700       Options.compaction_readahead_size: 0
2019/03/23-01:55:20.348005 7f6544af9700 Compression algorithms supported:
2019/03/23-01:55:20.348006 7f6544af9700 	kZSTDNotFinalCompression supported: 1
2019/03/23-01:55:20.348013 7f6544af9700 	kZSTD supported: 1
2019/03/23-01:55:20.348015 7f6544af9700 	kXpressCompression supported: 0
2019/03/23-01:55:20.348016 7f6544af9700 	kLZ4HCCompression supported: 1
2019/03/23-01:55:20.348017 7f6544af9700 	kLZ4Compression supported: 1
2019/03/23-01:55:20.348018 7f6544af9700 	kBZip2Compression supported: 1
2019/03/23-01:55:20.348019 7f6544af9700 	kZlibCompression supported: 1
2019/03/23-01:55:20.348020 7f6544af9700 	kSnappyCompression supported: 1
2019/03/23-01:55:20.348024 7f6544af9700 Fast CRC32 supported: Not supported on x86
2019/03/23-01:55:20.348447 7f6544af9700 [db/version_set.cc:3085] Recovering from manifest file: MANIFEST-000004
2019/03/23-01:55:20.348543 7f6544af9700 [db/column_family.cc:475] --------------- Options for column family [default]:
2019/03/23-01:55:20.348546 7f6544af9700               Options.comparator: leveldb.BytewiseComparator
2019/03/23-01:55:20.348548 7f6544af9700           Options.merge_operator: None
2019/03/23-01:55:20.348549 7f6544af9700        Options.compaction_filter: None
2019/03/23-01:55:20.348550 7f6544af9700        Options.compaction_filter_factory: None
2019/03/23-01:55:20.348551 7f6544af9700         Options.memtable_factory: SkipListFactory
2019/03/23-01:55:20.348552 7f6544af9700            Options.table_factory: BlockBasedTable
2019/03/23-01:55:20.348585 7f6544af9700            table_factory options:   flush_block_policy_factory: FlushBlockBySizePolicyFactory (0x7f65283b1e90)
  cache_index_and_filter_blocks: 0
  cache_index_and_filter_blocks_with_high_priority: 0
  pin_l0_filter_and_index_blocks_in_cache: 0
  index_type: 0
  hash_index_allow_collision: 1
  checksum: 1
  no_block_cache: 0
  block_cache: 0x7f65283a3d70
  block_cache_name: LRUCache
  block_cache_options:
    capacity : 8388608
    num_shard_bits : 4
    strict_capacity_limit : 0
    high_pri_pool_ratio: 0.000
  block_cache_compressed: (nil)
  persistent_cache: (nil)
  block_size: 8192
  block_size_deviation: 10
  block_restart_interval: 16
  index_block_restart_interval: 1
  metadata_block_size: 4096
  partition_filters: 0
  use_delta_encoding: 1
  filter_policy: nullptr
  whole_key_filtering: 1
  verify_compression: 0
  read_amp_bytes_per_bit: 0
  format_version: 2
  enable_index_compression: 1
  block_align: 0
2019/03/23-01:55:20.348606 7f6544af9700        Options.write_buffer_size: 134217728
2019/03/23-01:55:20.348608 7f6544af9700  Options.max_write_buffer_number: 24
2019/03/23-01:55:20.348610 7f6544af9700        Options.compression[0]: NoCompression
2019/03/23-01:55:20.348611 7f6544af9700        Options.compression[1]: NoCompression
2019/03/23-01:55:20.348612 7f6544af9700        Options.compression[2]: LZ4
2019/03/23-01:55:20.348614 7f6544af9700        Options.compression[3]: LZ4
2019/03/23-01:55:20.348615 7f6544af9700        Options.compression[4]: LZ4
2019/03/23-01:55:20.348616 7f6544af9700        Options.compression[5]: LZ4
2019/03/23-01:55:20.348617 7f6544af9700        Options.compression[6]: LZ4
2019/03/23-01:55:20.348618 7f6544af9700                  Options.bottommost_compression: Disabled
2019/03/23-01:55:20.348619 7f6544af9700       Options.prefix_extractor: nullptr
2019/03/23-01:55:20.348620 7f6544af9700   Options.memtable_insert_with_hint_prefix_extractor: nullptr
2019/03/23-01:55:20.348621 7f6544af9700             Options.num_levels: 7
2019/03/23-01:55:20.348622 7f6544af9700        Options.min_write_buffer_number_to_merge: 2
2019/03/23-01:55:20.348623 7f6544af9700     Options.max_write_buffer_number_to_maintain: 0
2019/03/23-01:55:20.348624 7f6544af9700            Options.compression_opts.window_bits: -14
2019/03/23-01:55:20.348625 7f6544af9700                  Options.compression_opts.level: -1
2019/03/23-01:55:20.348626 7f6544af9700               Options.compression_opts.strategy: 0
2019/03/23-01:55:20.348627 7f6544af9700         Options.compression_opts.max_dict_bytes: 0
2019/03/23-01:55:20.348628 7f6544af9700         Options.compression_opts.zstd_max_train_bytes: 0
2019/03/23-01:55:20.348629 7f6544af9700      Options.level0_file_num_compaction_trigger: 2
2019/03/23-01:55:20.348630 7f6544af9700          Options.level0_slowdown_writes_trigger: 20
2019/03/23-01:55:20.348631 7f6544af9700              Options.level0_stop_writes_trigger: 36
2019/03/23-01:55:20.348632 7f6544af9700                   Options.target_file_size_base: 67108864
2019/03/23-01:55:20.348633 7f6544af9700             Options.target_file_size_multiplier: 1
2019/03/23-01:55:20.348634 7f6544af9700                Options.max_bytes_for_level_base: 536870912
2019/03/23-01:55:20.348635 7f6544af9700 Options.level_compaction_dynamic_level_bytes: 0
2019/03/23-01:55:20.348636 7f6544af9700          Options.max_bytes_for_level_multiplier: 10.000000
2019/03/23-01:55:20.348640 7f6544af9700 Options.max_bytes_for_level_multiplier_addtl[0]: 1
2019/03/23-01:55:20.348641 7f6544af9700 Options.max_bytes_for_level_multiplier_addtl[1]: 1
2019/03/23-01:55:20.348642 7f6544af9700 Options.max_bytes_for_level_multiplier_addtl[2]: 1
2019/03/23-01:55:20.348643 7f6544af9700 Options.max_bytes_for_level_multiplier_addtl[3]: 1
2019/03/23-01:55:20.348644 7f6544af9700 Options.max_bytes_for_level_multiplier_addtl[4]: 1
2019/03/23-01:55:20.348645 7f6544af9700 Options.max_bytes_for_level_multiplier_addtl[5]: 1
2019/03/23-01:55:20.348646 7f6544af9700 Options.max_bytes_for_level_multiplier_addtl[6]: 1
2019/03/23-01:55:20.348647 7f6544af9700       Options.max_sequential_skip_in_iterations: 8
2019/03/23-01:55:20.348648 7f6544af9700                    Options.max_compaction_bytes: 1677721600
2019/03/23-01:55:20.348655 7f6544af9700                        Options.arena_block_size: 16777216
2019/03/23-01:55:20.348657 7f6544af9700   Options.soft_pending_compaction_bytes_limit: 68719476736
2019/03/23-01:55:20.348658 7f6544af9700   Options.hard_pending_compaction_bytes_limit: 274877906944
2019/03/23-01:55:20.348659 7f6544af9700       Options.rate_limit_delay_max_milliseconds: 100
2019/03/23-01:55:20.348660 7f6544af9700                Options.disable_auto_compactions: 0
2019/03/23-01:55:20.348661 7f6544af9700                        Options.compaction_style: kCompactionStyleLevel
2019/03/23-01:55:20.348663 7f6544af9700                          Options.compaction_pri: kByCompensatedSize
2019/03/23-01:55:20.348664 7f6544af9700 Options.compaction_options_universal.size_ratio: 1
2019/03/23-01:55:20.348665 7f6544af9700 Options.compaction_options_universal.min_merge_width: 2
2019/03/23-01:55:20.348666 7f6544af9700 Options.compaction_options_universal.max_merge_width: 4294967295
2019/03/23-01:55:20.348667 7f6544af9700 Options.compaction_options_universal.max_size_amplification_percent: 200
2019/03/23-01:55:20.348668 7f6544af9700 Options.compaction_options_universal.compression_size_percent: -1
2019/03/23-01:55:20.348669 7f6544af9700 Options.compaction_options_universal.stop_style: kCompactionStopStyleTotalSize
2019/03/23-01:55:20.348670 7f6544af9700 Options.compaction_options_fifo.max_table_files_size: 1073741824
2019/03/23-01:55:20.348671 7f6544af9700 Options.compaction_options_fifo.allow_compaction: 0
2019/03/23-01:55:20.348672 7f6544af9700 Options.compaction_options_fifo.ttl: 0
2019/03/23-01:55:20.348673 7f6544af9700                   Options.table_properties_collectors: 
2019/03/23-01:55:20.348674 7f6544af9700                   Options.inplace_update_support: 0
2019/03/23-01:55:20.348675 7f6544af9700                 Options.inplace_update_num_locks: 10000
2019/03/23-01:55:20.348676 7f6544af9700               Options.memtable_prefix_bloom_size_ratio: 0.000000
2019/03/23-01:55:20.348678 7f6544af9700   Options.memtable_huge_page_size: 0
2019/03/23-01:55:20.348679 7f6544af9700                           Options.bloom_locality: 0
2019/03/23-01:55:20.348680 7f6544af9700                    Options.max_successive_merges: 0
2019/03/23-01:55:20.348681 7f6544af9700                Options.optimize_filters_for_hits: 0
2019/03/23-01:55:20.348682 7f6544af9700                Options.paranoid_file_checks: 0
2019/03/23-01:55:20.348683 7f6544af9700                Options.force_consistency_checks: 0
2019/03/23-01:55:20.348684 7f6544af9700                Options.report_bg_io_stats: 0
2019/03/23-01:55:20.348685 7f6544af9700                               Options.ttl: 0
2019/03/23-01:55:20.349186 7f6544af9700 [db/column_family.cc:475] --------------- Options for column family [usertable]:
2019/03/23-01:55:20.349190 7f6544af9700               Options.comparator: leveldb.BytewiseComparator
2019/03/23-01:55:20.349191 7f6544af9700           Options.merge_operator: None
2019/03/23-01:55:20.349192 7f6544af9700        Options.compaction_filter: None
2019/03/23-01:55:20.349193 7f6544af9700        Options.compaction_filter_factory: None
2019/03/23-01:55:20.349194 7f6544af9700         Options.memtable_factory: SkipListFactory
2019/03/23-01:55:20.349195 7f6544af9700            Options.table_factory: BlockBasedTable
2019/03/23-01:55:20.349224 7f6544af9700            table_factory options:   flush_block_policy_factory: FlushBlockBySizePolicyFactory (0x7f65283b4ad0)
  cache_index_and_filter_blocks: 0
  cache_index_and_filter_blocks_with_high_priority: 0
  pin_l0_filter_and_index_blocks_in_cache: 0
  index_type: 0
  hash_index_allow_collision: 1
  checksum: 1
  no_block_cache: 0
  block_cache: 0x7f65283b31a0
  block_cache_name: LRUCache
  block_cache_options:
    capacity : 8388608
    num_shard_bits : 4
    strict_capacity_limit : 0
    high_pri_pool_ratio: 0.000
  block_cache_compressed: (nil)
  persistent_cache: (nil)
  block_size: 8192
  block_size_deviation: 10
  block_restart_interval: 16
  index_block_restart_interval: 1
  metadata_block_size: 4096
  partition_filters: 0
  use_delta_encoding: 1
  filter_policy: nullptr
  whole_key_filtering: 1
  verify_compression: 0
  read_amp_bytes_per_bit: 0
  format_version: 2
  enable_index_compression: 1
  block_align: 0
2019/03/23-01:55:20.349236 7f6544af9700        Options.write_buffer_size: 134217728
2019/03/23-01:55:20.349237 7f6544af9700  Options.max_write_buffer_number: 24
2019/03/23-01:55:20.349239 7f6544af9700        Options.compression[0]: NoCompression
2019/03/23-01:55:20.349250 7f6544af9700        Options.compression[1]: NoCompression
2019/03/23-01:55:20.349251 7f6544af9700        Options.compression[2]: LZ4
2019/03/23-01:55:20.349252 7f6544af9700        Options.compression[3]: LZ4
2019/03/23-01:55:20.349253 7f6544af9700        Options.compression[4]: LZ4
2019/03/23-01:55:20.349255 7f6544af9700        Options.compression[5]: LZ4
2019/03/23-01:55:20.349256 7f6544af9700        Options.compression[6]: LZ4
2019/03/23-01:55:20.349257 7f6544af9700                  Options.bottommost_compression: Disabled
2019/03/23-01:55:20.349258 7f6544af9700       Options.prefix_extractor: nullptr
2019/03/23-01:55:20.349259 7f6544af9700   Options.memtable_insert_with_hint_prefix_extractor: nullptr
2019/03/23-01:55:20.349260 7f6544af9700             Options.num_levels: 7
2019/03/23-01:55:20.349261 7f6544af9700        Options.min_write_buffer_number_to_merge: 2
2019/03/23-01:55:20.349262 7f6544af9700     Options.max_write_buffer_number_to_maintain: 0
2019/03/23-01:55:20.349263 7f6544af9700            Options.compression_opts.window_bits: -14
2019/03/23-01:55:20.349264 7f6544af9700                  Options.compression_opts.level: -1
2019/03/23-01:55:20.349265 7f6544af9700               Options.compression_opts.strategy: 0
2019/03/23-01:55:20.349266 7f6544af9700         Options.compression_opts.max_dict_bytes: 0
2019/03/23-01:55:20.349266 7f6544af9700         Options.compression_opts.zstd_max_train_bytes: 0
2019/03/23-01:55:20.349267 7f6544af9700      Options.level0_file_num_compaction_trigger: 2
2019/03/23-01:55:20.349268 7f6544af9700          Options.level0_slowdown_writes_trigger: 20
2019/03/23-01:55:20.349269 7f6544af9700              Options.level0_stop_writes_trigger: 36
2019/03/23-01:55:20.349270 7f6544af9700                   Options.target_file_size_base: 67108864
2019/03/23-01:55:20.349271 7f6544af9700             Options.target_file_size_multiplier: 1
2019/03/23-01:55:20.349272 7f6544af9700                Options.max_bytes_for_level_base: 536870912
2019/03/23-01:55:20.349273 7f6544af9700 Options.level_compaction_dynamic_level_bytes: 0
2019/03/23-01:55:20.349274 7f6544af9700          Options.max_bytes_for_level_multiplier: 10.000000
2019/03/23-01:55:20.349276 7f6544af9700 Options.max_bytes_for_level_multiplier_addtl[0]: 1
2019/03/23-01:55:20.349277 7f6544af9700 Options.max_bytes_for_level_multiplier_addtl[1]: 1
2019/03/23-01:55:20.349278 7f6544af9700 Options.max_bytes_for_level_multiplier_addtl[2]: 1
2019/03/23-01:55:20.349279 7f6544af9700 Options.max_bytes_for_level_multiplier_addtl[3]: 1
2019/03/23-01:55:20.349280 7f6544af9700 Options.max_bytes_for_level_multiplier_addtl[4]: 1
2019/03/23-01:55:20.349281 7f6544af9700 Options.max_bytes_for_level_multiplier_addtl[5]: 1
2019/03/23-01:55:20.349282 7f6544af9700 Options.max_bytes_for_level_multiplier_addtl[6]: 1
2019/03/23-01:55:20.349283 7f6544af9700       Options.max_sequential_skip_in_iterations: 8
2019/03/23-01:55:20.349284 7f6544af9700                    Options.max_compaction_bytes: 1677721600
2019/03/23-01:55:20.349285 7f6544af9700                        Options.arena_block_size: 16777216
2019/03/23-01:55:20.349286 7f6544af9700   Options.soft_pending_compaction_bytes_limit: 68719476736
2019/03/23-01:55:20.349287 7f6544af9700   Options.hard_pending_compaction_bytes_limit: 274877906944
2019/03/23-01:55:20.349288 7f6544af9700       Options.rate_limit_delay_max_milliseconds: 100
2019/03/23-01:55:20.349289 7f6544af9700                Options.disable_auto_compactions: 0
2019/03/23-01:55:20.349291 7f6544af9700                        Options.compaction_style: kCompactionStyleLevel
2019/03/23-01:55:20.349298 7f6544af9700                          Options.compaction_pri: kByCompensatedSize
2019/03/23-01:55:20.349299 7f6544af9700 Options.compaction_options_universal.size_ratio: 1
2019/03/23-01:55:20.349300 7f6544af9700 Options.compaction_options_universal.min_merge_width: 2
2019/03/23-01:55:20.349301 7f6544af9700 Options.compaction_options_universal.max_merge_width: 4294967295
2019/03/23-01:55:20.349302 7f6544af9700 Options.compaction_options_universal.max_size_amplification_percent: 200
2019/03/23-01:55:20.349303 7f6544af9700 Options.compaction_options_universal.compression_size_percent: -1
2019/03/23-01:55:20.349305 7f6544af9700 Options.compaction_options_universal.stop_style: kCompactionStopStyleTotalSize
2019/03/23-01:55:20.349306 7f6544af9700 Options.compaction_options_fifo.max_table_files_size: 1073741824
2019/03/23-01:55:20.349306 7f6544af9700 Options.compaction_options_fifo.allow_compaction: 0
2019/03/23-01:55:20.349307 7f6544af9700 Options.compaction_options_fifo.ttl: 0
2019/03/23-01:55:20.349308 7f6544af9700                   Options.table_properties_collectors: 
2019/03/23-01:55:20.349310 7f6544af9700                   Options.inplace_update_support: 0
2019/03/23-01:55:20.349310 7f6544af9700                 Options.inplace_update_num_locks: 10000
2019/03/23-01:55:20.349311 7f6544af9700               Options.memtable_prefix_bloom_size_ratio: 0.000000
2019/03/23-01:55:20.349313 7f6544af9700   Options.memtable_huge_page_size: 0
2019/03/23-01:55:20.349314 7f6544af9700                           Options.bloom_locality: 0
2019/03/23-01:55:20.349315 7f6544af9700                    Options.max_successive_merges: 0
2019/03/23-01:55:20.349316 7f6544af9700                Options.optimize_filters_for_hits: 0
2019/03/23-01:55:20.349317 7f6544af9700                Options.paranoid_file_checks: 0
2019/03/23-01:55:20.349318 7f6544af9700                Options.force_consistency_checks: 0
2019/03/23-01:55:20.349319 7f6544af9700                Options.report_bg_io_stats: 0
2019/03/23-01:55:20.349320 7f6544af9700                               Options.ttl: 0
2019/03/23-01:55:20.928801 7f6544af9700 [db/version_set.cc:3361] Recovered from manifest file:/mnt/sde/ycsb-rocksdb-data/MANIFEST-000004 succeeded,manifest_file_number is 4, next_file_number is 1397, last_sequence is 10444760, log_number is 0,prev_log_number is 0,max_column_family is 1,min_log_number_to_keep is 0
2019/03/23-01:55:20.928812 7f6544af9700 [db/version_set.cc:3369] Column family [default] (ID 0), log number is 0
2019/03/23-01:55:20.928814 7f6544af9700 [db/version_set.cc:3369] Column family [usertable] (ID 1), log number is 1390
2019/03/23-01:55:20.930920 7f6544af9700 EVENT_LOG_v1 {"time_micros": 1553331320930902, "job": 1, "event": "recovery_started", "log_files": [1390]}
2019/03/23-01:55:20.930929 7f6544af9700 [db/db_impl_open.cc:551] Recovering log #1390 mode 2
2019/03/23-01:55:21.137135 7f6544af9700 [db/version_set.cc:2847] Creating manifest 1397
2019/03/23-01:55:21.527125 7f6544af9700 EVENT_LOG_v1 {"time_micros": 1553331321527094, "cf_name": "usertable", "job": 1, "event": "table_file_creation", "file_number": 1398, "file_size": 70648645, "table_properties": {"data_size": 70334271, "index_size": 313452, "filter_size": 0, "raw_key_size": 409416, "raw_average_key_size": 24, "raw_value_size": 69873664, "raw_average_value_size": 4096, "num_data_blocks": 8530, "num_entries": 17059, "filter_policy_name": "", "kDeletedKeys": "0", "kMergeOperands": "0"}}
2019/03/23-01:55:21.560472 7f6544af9700 EVENT_LOG_v1 {"time_micros": 1553331321560462, "job": 1, "event": "recovery_finished"}
2019/03/23-01:55:21.615049 7f6544af9700 [db/db_impl_open.cc:1219] DB pointer 0x7f65283b0970
2019/03/23-01:55:21.615373 7f64c67fc700 [WARN] [db/db_impl.cc:491] ------- DUMPING STATS -------
2019/03/23-01:55:21.615422 7f64c67fc700 [WARN] [db/db_impl.cc:492] 
** DB Stats **
Uptime(secs): 1.3 total, 1.3 interval
Cumulative writes: 0 writes, 0 keys, 0 commit groups, 0.0 writes per commit group, ingest: 0.00 GB, 0.00 MB/s
Cumulative WAL: 0 writes, 0 syncs, 0.00 writes per sync, written: 0.00 GB, 0.00 MB/s
Cumulative stall: 00:00:0.000 H:M:S, 0.0 percent
Interval writes: 0 writes, 0 keys, 0 commit groups, 0.0 writes per commit group, ingest: 0.00 MB, 0.00 MB/s
Interval WAL: 0 writes, 0 syncs, 0.00 writes per sync, written: 0.00 MB, 0.00 MB/s
Interval stall: 00:00:0.000 H:M:S, 0.0 percent

** Compaction Stats [default] **
Level    Files   Size     Score Read(GB)  Rn(GB) Rnp1(GB) Write(GB) Wnew(GB) Moved(GB) W-Amp Rd(MB/s) Wr(MB/s) Comp(sec) Comp(cnt) Avg(sec) KeyIn KeyDrop
----------------------------------------------------------------------------------------------------------------------------------------------------------
 Sum      0/0    0.00 KB   0.0      0.0     0.0      0.0       0.0      0.0       0.0   0.0      0.0      0.0         0         0    0.000       0      0
 Int      0/0    0.00 KB   0.0      0.0     0.0      0.0       0.0      0.0       0.0   0.0      0.0      0.0         0         0    0.000       0      0
Uptime(secs): 1.3 total, 1.3 interval
Flush(GB): cumulative 0.000, interval 0.000
AddFile(GB): cumulative 0.000, interval 0.000
AddFile(Total Files): cumulative 0, interval 0
AddFile(L0 Files): cumulative 0, interval 0
AddFile(Keys): cumulative 0, interval 0
Cumulative compaction: 0.00 GB write, 0.00 MB/s write, 0.00 GB read, 0.00 MB/s read, 0.0 seconds
Interval compaction: 0.00 GB write, 0.00 MB/s write, 0.00 GB read, 0.00 MB/s read, 0.0 seconds
Stalls(count): 0 level0_slowdown, 0 level0_slowdown_with_compaction, 0 level0_numfiles, 0 level0_numfiles_with_compaction, 0 stop for pending_compaction_bytes, 0 slowdown for pending_compaction_bytes, 0 memtable_compaction, 0 memtable_slowdown, interval 0 total count

** File Read Latency Histogram By Level [default] **

** Compaction Stats [usertable] **
Level    Files   Size     Score Read(GB)  Rn(GB) Rnp1(GB) Write(GB) Wnew(GB) Moved(GB) W-Amp Rd(MB/s) Wr(MB/s) Comp(sec) Comp(cnt) Avg(sec) KeyIn KeyDrop
----------------------------------------------------------------------------------------------------------------------------------------------------------
  L0      2/0   249.77 MB   1.0      0.0     0.0      0.0       0.1      0.1       0.0   1.0      0.0    224.5         0         1    0.300       0      0
  L1     11/0   505.07 MB   1.0      0.0     0.0      0.0       0.0      0.0       0.0   0.0      0.0      0.0         0         0    0.000       0      0
  L2    172/0    5.19 GB   1.0      0.0     0.0      0.0       0.0      0.0       0.0   0.0      0.0      0.0         0         0    0.000       0      0
  L3    547/0   34.25 GB   0.7      0.0     0.0      0.0       0.0      0.0       0.0   0.0      0.0      0.0         0         0    0.000       0      0
 Sum    732/0   40.18 GB   0.0      0.0     0.0      0.0       0.1      0.1       0.0   1.0      0.0    224.5         0         1    0.300       0      0
 Int      0/0    0.00 KB   0.0      0.0     0.0      0.0       0.1      0.1       0.0   1.0      0.0    224.5         0         1    0.300       0      0
Uptime(secs): 1.3 total, 1.3 interval
Flush(GB): cumulative 0.066, interval 0.066
AddFile(GB): cumulative 0.000, interval 0.000
AddFile(Total Files): cumulative 0, interval 0
AddFile(L0 Files): cumulative 0, interval 0
AddFile(Keys): cumulative 0, interval 0
Cumulative compaction: 0.07 GB write, 53.22 MB/s write, 0.00 GB read, 0.00 MB/s read, 0.3 seconds
Interval compaction: 0.07 GB write, 53.22 MB/s write, 0.00 GB read, 0.00 MB/s read, 0.3 seconds
Stalls(count): 0 level0_slowdown, 0 level0_slowdown_with_compaction, 0 level0_numfiles, 0 level0_numfiles_with_compaction, 0 stop for pending_compaction_bytes, 0 slowdown for pending_compaction_bytes, 0 memtable_compaction, 0 memtable_slowdown, interval 0 total count

** File Read Latency Histogram By Level [usertable] **

** Compaction Stats [default] **
Level    Files   Size     Score Read(GB)  Rn(GB) Rnp1(GB) Write(GB) Wnew(GB) Moved(GB) W-Amp Rd(MB/s) Wr(MB/s) Comp(sec) Comp(cnt) Avg(sec) KeyIn KeyDrop
----------------------------------------------------------------------------------------------------------------------------------------------------------
 Sum      0/0    0.00 KB   0.0      0.0     0.0      0.0       0.0      0.0       0.0   0.0      0.0      0.0         0         0    0.000       0      0
 Int      0/0    0.00 KB   0.0      0.0     0.0      0.0       0.0      0.0       0.0   0.0      0.0      0.0         0         0    0.000       0      0
Uptime(secs): 1.3 total, 0.0 interval
Flush(GB): cumulative 0.000, interval 0.000
AddFile(GB): cumulative 0.000, interval 0.000
AddFile(Total Files): cumulative 0, interval 0
AddFile(L0 Files): cumulative 0, interval 0
AddFile(Keys): cumulative 0, interval 0
Cumulative compaction: 0.00 GB write, 0.00 MB/s write, 0.00 GB read, 0.00 MB/s read, 0.0 seconds
Interval compaction: 0.00 GB write, 0.00 MB/s write, 0.00 GB read, 0.00 MB/s read, 0.0 seconds
Stalls(count): 0 level0_slowdown, 0 level0_slowdown_with_compaction, 0 level0_numfiles, 0 level0_numfiles_with_compaction, 0 stop for pending_compaction_bytes, 0 slowdown for pending_compaction_bytes, 0 memtable_compaction, 0 memtable_slowdown, interval 0 total count

** File Read Latency Histogram By Level [default] **

** Compaction Stats [usertable] **
Level    Files   Size     Score Read(GB)  Rn(GB) Rnp1(GB) Write(GB) Wnew(GB) Moved(GB) W-Amp Rd(MB/s) Wr(MB/s) Comp(sec) Comp(cnt) Avg(sec) KeyIn KeyDrop
----------------------------------------------------------------------------------------------------------------------------------------------------------
  L0      2/0   249.77 MB   1.0      0.0     0.0      0.0       0.1      0.1       0.0   1.0      0.0    224.5         0         1    0.300       0      0
  L1     11/0   505.07 MB   1.0      0.0     0.0      0.0       0.0      0.0       0.0   0.0      0.0      0.0         0         0    0.000       0      0
  L2    172/0    5.19 GB   1.0      0.0     0.0      0.0       0.0      0.0       0.0   0.0      0.0      0.0         0         0    0.000       0      0
  L3    547/0   34.25 GB   0.7      0.0     0.0      0.0       0.0      0.0       0.0   0.0      0.0      0.0         0         0    0.000       0      0
 Sum    732/0   40.18 GB   0.0      0.0     0.0      0.0       0.1      0.1       0.0   1.0      0.0    224.5         0         1    0.300       0      0
 Int      0/0    0.00 KB   0.0      0.0     0.0      0.0       0.0      0.0       0.0   0.0      0.0      0.0         0         0    0.000       0      0
Uptime(secs): 1.3 total, 0.0 interval
Flush(GB): cumulative 0.066, interval 0.000
AddFile(GB): cumulative 0.000, interval 0.000
AddFile(Total Files): cumulative 0, interval 0
AddFile(L0 Files): cumulative 0, interval 0
AddFile(Keys): cumulative 0, interval 0
Cumulative compaction: 0.07 GB write, 53.21 MB/s write, 0.00 GB read, 0.00 MB/s read, 0.3 seconds
Interval compaction: 0.00 GB write, 0.00 MB/s write, 0.00 GB read, 0.00 MB/s read, 0.0 seconds
Stalls(count): 0 level0_slowdown, 0 level0_slowdown_with_compaction, 0 level0_numfiles, 0 level0_numfiles_with_compaction, 0 stop for pending_compaction_bytes, 0 slowdown for pending_compaction_bytes, 0 memtable_compaction, 0 memtable_slowdown, interval 0 total count

** File Read Latency Histogram By Level [usertable] **
2019/03/23-01:55:21.647692 7f64c67fc700 (Original Log Time 2019/03/23-01:55:21.615551) [db/db_impl_compaction_flush.cc:1835] [usertable] Moving #1393 to level-3 67233544 bytes
2019/03/23-01:55:21.647696 7f64c67fc700 (Original Log Time 2019/03/23-01:55:21.647609) EVENT_LOG_v1 {"time_micros": 1553331321647599, "job": 3, "event": "trivial_move", "destination_level": 3, "files": 1, "total_files_size": 67233544}
2019/03/23-01:55:21.647698 7f64c67fc700 (Original Log Time 2019/03/23-01:55:21.647618) [db/db_impl_compaction_flush.cc:1864] [usertable] Moved #1 files to level-3 67233544 bytes OK: base level 1 max bytes base 536870912 files[2 11 171 548 0 0 0] max score 1.03
2019/03/23-01:55:21.680398 7f64c67fc700 (Original Log Time 2019/03/23-01:55:21.647748) [db/db_impl_compaction_flush.cc:1835] [usertable] Moving #1392 to level-3 67233344 bytes
2019/03/23-01:55:21.680404 7f64c67fc700 (Original Log Time 2019/03/23-01:55:21.680300) EVENT_LOG_v1 {"time_micros": 1553331321680289, "job": 4, "event": "trivial_move", "destination_level": 3, "files": 1, "total_files_size": 67233344}
2019/03/23-01:55:21.680407 7f64c67fc700 (Original Log Time 2019/03/23-01:55:21.680314) [db/db_impl_compaction_flush.cc:1864] [usertable] Moved #1 files to level-3 67233344 bytes OK: base level 1 max bytes base 536870912 files[2 11 170 549 0 0 0] max score 1.01
2019/03/23-01:55:21.713140 7f64c67fc700 (Original Log Time 2019/03/23-01:55:21.680646) [db/db_impl_compaction_flush.cc:1835] [usertable] Moving #941 to level-3 67233333 bytes
2019/03/23-01:55:21.713144 7f64c67fc700 (Original Log Time 2019/03/23-01:55:21.713090) EVENT_LOG_v1 {"time_micros": 1553331321713081, "job": 5, "event": "trivial_move", "destination_level": 3, "files": 1, "total_files_size": 67233333}
2019/03/23-01:55:21.713146 7f64c67fc700 (Original Log Time 2019/03/23-01:55:21.713101) [db/db_impl_compaction_flush.cc:1864] [usertable] Moved #1 files to level-3 67233333 bytes OK: base level 1 max bytes base 536870912 files[2 11 169 550 0 0 0] max score 1.00
2019/03/23-01:55:21.746996 7f65226fe700 (Original Log Time 2019/03/23-01:55:21.713329) [db/db_impl_compaction_flush.cc:1835] [usertable] Moving #25 to level-3 67233333 bytes
2019/03/23-01:55:21.747001 7f65226fe700 (Original Log Time 2019/03/23-01:55:21.746923) EVENT_LOG_v1 {"time_micros": 1553331321746915, "job": 6, "event": "trivial_move", "destination_level": 3, "files": 1, "total_files_size": 67233333}
2019/03/23-01:55:21.747003 7f65226fe700 (Original Log Time 2019/03/23-01:55:21.746935) [db/db_impl_compaction_flush.cc:1864] [usertable] Moved #1 files to level-3 67233333 bytes OK: base level 1 max bytes base 536870912 files[2 11 168 551 0 0 0] max score 1.00
2019/03/23-01:55:21.781199 7f65226fe700 (Original Log Time 2019/03/23-01:55:21.747256) [db/db_impl_compaction_flush.cc:1835] [usertable] Moving #646 to level-1 191254174 bytes
2019/03/23-01:55:21.781208 7f65226fe700 (Original Log Time 2019/03/23-01:55:21.781091) EVENT_LOG_v1 {"time_micros": 1553331321781081, "job": 7, "event": "trivial_move", "destination_level": 1, "files": 1, "total_files_size": 191254174}
2019/03/23-01:55:21.781211 7f65226fe700 (Original Log Time 2019/03/23-01:55:21.781111) [db/db_impl_compaction_flush.cc:1864] [usertable] Moved #1 files to level-1 191254174 bytes OK: base level 1 max bytes base 536870912 files[1 12 168 551 0 0 0] max score 1.34
2019/03/23-01:55:21.781493 7f65226fe700 [db/compaction_job.cc:1531] [usertable] [JOB 8] Compacting 1@1 files to L2, score 1.34
2019/03/23-01:55:21.781507 7f65226fe700 [db/compaction_job.cc:1535] [usertable] Compaction start summary: Base version 10 Base level 1, inputs: [646(182MB)]
2019/03/23-01:55:21.781543 7f65226fe700 EVENT_LOG_v1 {"time_micros": 1553331321781517, "job": 8, "event": "compaction_started", "compaction_reason": "LevelMaxLevelSize", "files_L1": [646], "score": 1.34271, "input_data_size": 191254174}
2019/03/23-01:55:22.628393 7f65226fe700 [db/compaction_job.cc:1211] [usertable] [JOB 8] Generated table #1402: 16279 keys, 67233375 bytes
2019/03/23-01:55:22.628437 7f65226fe700 EVENT_LOG_v1 {"time_micros": 1553331322628420, "cf_name": "usertable", "job": 8, "event": "table_file_creation", "file_number": 1402, "file_size": 67233375, "table_properties": {"data_size": 67118331, "index_size": 299106, "filter_size": 0, "raw_key_size": 390696, "raw_average_key_size": 24, "raw_value_size": 66678784, "raw_average_value_size": 4096, "num_data_blocks": 8140, "num_entries": 16279, "filter_policy_name": "", "kDeletedKeys": "0", "kMergeOperands": "0"}}
2019/03/23-01:55:23.504039 7f65226fe700 [db/compaction_job.cc:1211] [usertable] [JOB 8] Generated table #1403: 16279 keys, 67233555 bytes
2019/03/23-01:55:23.504097 7f65226fe700 EVENT_LOG_v1 {"time_micros": 1553331323504068, "cf_name": "usertable", "job": 8, "event": "table_file_creation", "file_number": 1403, "file_size": 67233555, "table_properties": {"data_size": 67120140, "index_size": 300916, "filter_size": 0, "raw_key_size": 390696, "raw_average_key_size": 24, "raw_value_size": 66678784, "raw_average_value_size": 4096, "num_data_blocks": 8140, "num_entries": 16279, "filter_policy_name": "", "kDeletedKeys": "0", "kMergeOperands": "0"}}
2019/03/23-01:55:24.176270 7f65226fe700 [db/compaction_job.cc:1211] [usertable] [JOB 8] Generated table #1404: 13623 keys, 56264075 bytes
2019/03/23-01:55:24.176333 7f65226fe700 EVENT_LOG_v1 {"time_micros": 1553331324176303, "cf_name": "usertable", "job": 8, "event": "table_file_creation", "file_number": 1404, "file_size": 56264075, "table_properties": {"data_size": 56167643, "index_size": 250267, "filter_size": 0, "raw_key_size": 326952, "raw_average_key_size": 24, "raw_value_size": 55799808, "raw_average_value_size": 4096, "num_data_blocks": 6812, "num_entries": 13623, "filter_policy_name": "", "kDeletedKeys": "0", "kMergeOperands": "0"}}
2019/03/23-01:55:24.176423 7f65226fe700 [db/compaction_job.cc:1287] [usertable] [JOB 8] Compacted 1@1 files to L2 => 190731005 bytes
2019/03/23-01:55:24.209340 7f65226fe700 (Original Log Time 2019/03/23-01:55:24.209177) [db/compaction_job.cc:685] [usertable] compacted to: base level 1 max bytes base 536870912 files[1 11 171 551 0 0 0] max score 1.02, MB/sec: 79.9 rd, 79.6 wr, level 2, files in(1, 0) out(3) MB in(182.4, 0.0) out(181.9), read-write-amplify(2.0) write-amplify(1.0) OK, records in: 46181, records dropped: 0 output_compression: LZ4
2019/03/23-01:55:24.209348 7f65226fe700 (Original Log Time 2019/03/23-01:55:24.209233) EVENT_LOG_v1 {"time_micros": 1553331324209214, "job": 8, "event": "compaction_finished", "compaction_time_micros": 2394826, "output_level": 2, "num_output_files": 3, "total_output_size": 190731005, "num_input_records": 46181, "num_output_records": 46181, "num_subcompactions": 1, "output_compression": "LZ4", "num_single_delete_mismatches": 0, "num_single_delete_fallthrough": 0, "lsm_state": [1, 11, 171, 551, 0, 0, 0]}
2019/03/23-01:55:24.243805 7f6520efb700 (Original Log Time 2019/03/23-01:55:24.209567) [db/db_impl_compaction_flush.cc:1835] [usertable] Moving #1403 to level-3 67233555 bytes
2019/03/23-01:55:24.243812 7f6520efb700 (Original Log Time 2019/03/23-01:55:24.243707) EVENT_LOG_v1 {"time_micros": 1553331324243692, "job": 9, "event": "trivial_move", "destination_level": 3, "files": 1, "total_files_size": 67233555}
2019/03/23-01:55:24.243815 7f6520efb700 (Original Log Time 2019/03/23-01:55:24.243723) [db/db_impl_compaction_flush.cc:1864] [usertable] Moved #1 files to level-3 67233555 bytes OK: base level 1 max bytes base 536870912 files[1 11 170 552 0 0 0] max score 1.01
2019/03/23-01:55:24.264621 7f6520efb700 EVENT_LOG_v1 {"time_micros": 1553331324264606, "job": 9, "event": "table_file_deletion", "file_number": 646}
2019/03/23-01:55:24.296949 7f650bfff700 (Original Log Time 2019/03/23-01:55:24.264868) [db/db_impl_compaction_flush.cc:1835] [usertable] Moving #1402 to level-3 67233375 bytes
