2019/03/20-03:29:47.963165 7f392a0f5700 RocksDB version: 5.14.3
2019/03/20-03:29:47.963239 7f392a0f5700 Git sha rocksdb_build_git_sha:
2019/03/20-03:29:47.963242 7f392a0f5700 Compile date Oct  9 2018
2019/03/20-03:29:47.963253 7f392a0f5700 DB SUMMARY
2019/03/20-03:29:47.963895 7f392a0f5700 CURRENT file:  CURRENT
2019/03/20-03:29:47.963899 7f392a0f5700 IDENTITY file:  IDENTITY
2019/03/20-03:29:47.963910 7f392a0f5700 MANIFEST file:  MANIFEST-000004 size: 131853 Bytes
2019/03/20-03:29:47.963915 7f392a0f5700 SST files in /mnt/sde/ycsb-rocksdb-data dir, Total Num: 732, files: 000024.sst 000025.sst 000026.sst 000027.sst 000028.sst 000035.sst 000036.sst 000037.sst 000038.sst 
2019/03/20-03:29:47.963920 7f392a0f5700 Write Ahead Log file in /mnt/sde/ycsb-rocksdb-data: 001364.log size: 115280166 ; 001370.log size: 12745104 ; 
2019/03/20-03:29:47.963947 7f392a0f5700                         Options.error_if_exists: 0
2019/03/20-03:29:47.963948 7f392a0f5700                       Options.create_if_missing: 1
2019/03/20-03:29:47.963949 7f392a0f5700                         Options.paranoid_checks: 1
2019/03/20-03:29:47.963950 7f392a0f5700                                     Options.env: 0x7f3929770080
2019/03/20-03:29:47.963951 7f392a0f5700                                Options.info_log: 0x7f38603dc270
2019/03/20-03:29:47.963952 7f392a0f5700                Options.max_file_opening_threads: 16
2019/03/20-03:29:47.963953 7f392a0f5700                              Options.statistics: (nil)
2019/03/20-03:29:47.963954 7f392a0f5700                               Options.use_fsync: 0
2019/03/20-03:29:47.963955 7f392a0f5700                       Options.max_log_file_size: 0
2019/03/20-03:29:47.963956 7f392a0f5700                  Options.max_manifest_file_size: 18446744073709551615
2019/03/20-03:29:47.963957 7f392a0f5700                   Options.log_file_time_to_roll: 0
2019/03/20-03:29:47.963958 7f392a0f5700                       Options.keep_log_file_num: 1000
2019/03/20-03:29:47.963959 7f392a0f5700                    Options.recycle_log_file_num: 0
2019/03/20-03:29:47.963960 7f392a0f5700                         Options.allow_fallocate: 1
2019/03/20-03:29:47.963961 7f392a0f5700                        Options.allow_mmap_reads: 0
2019/03/20-03:29:47.963962 7f392a0f5700                       Options.allow_mmap_writes: 0
2019/03/20-03:29:47.963962 7f392a0f5700                        Options.use_direct_reads: 0
2019/03/20-03:29:47.963963 7f392a0f5700                        Options.use_direct_io_for_flush_and_compaction: 0
2019/03/20-03:29:47.963964 7f392a0f5700          Options.create_missing_column_families: 1
2019/03/20-03:29:47.963965 7f392a0f5700                              Options.db_log_dir: 
2019/03/20-03:29:47.963966 7f392a0f5700                                 Options.wal_dir: /mnt/sde/ycsb-rocksdb-data
2019/03/20-03:29:47.963967 7f392a0f5700                Options.table_cache_numshardbits: 6
2019/03/20-03:29:47.963968 7f392a0f5700                      Options.max_subcompactions: 4
2019/03/20-03:29:47.963969 7f392a0f5700                  Options.max_background_flushes: 24
2019/03/20-03:29:47.963970 7f392a0f5700                         Options.WAL_ttl_seconds: 0
2019/03/20-03:29:47.963971 7f392a0f5700                       Options.WAL_size_limit_MB: 0
2019/03/20-03:29:47.963971 7f392a0f5700             Options.manifest_preallocation_size: 4194304
2019/03/20-03:29:47.963972 7f392a0f5700                     Options.is_fd_close_on_exec: 1
2019/03/20-03:29:47.963973 7f392a0f5700                   Options.advise_random_on_open: 1
2019/03/20-03:29:47.963974 7f392a0f5700                    Options.db_write_buffer_size: 0
2019/03/20-03:29:47.963975 7f392a0f5700                    Options.write_buffer_manager: 0x7f38603dbc60
2019/03/20-03:29:47.963976 7f392a0f5700         Options.access_hint_on_compaction_start: 1
2019/03/20-03:29:47.963977 7f392a0f5700  Options.new_table_reader_for_compaction_inputs: 0
2019/03/20-03:29:47.963978 7f392a0f5700           Options.random_access_max_buffer_size: 1048576
2019/03/20-03:29:47.963978 7f392a0f5700                      Options.use_adaptive_mutex: 0
2019/03/20-03:29:47.963979 7f392a0f5700                            Options.rate_limiter: (nil)
2019/03/20-03:29:47.963994 7f392a0f5700     Options.sst_file_manager.rate_bytes_per_sec: 0
2019/03/20-03:29:47.963996 7f392a0f5700                       Options.wal_recovery_mode: 2
2019/03/20-03:29:47.963997 7f392a0f5700                  Options.enable_thread_tracking: 0
2019/03/20-03:29:47.963998 7f392a0f5700                  Options.enable_pipelined_write: 1
2019/03/20-03:29:47.963999 7f392a0f5700         Options.allow_concurrent_memtable_write: 1
2019/03/20-03:29:47.963999 7f392a0f5700      Options.enable_write_thread_adaptive_yield: 1
2019/03/20-03:29:47.964000 7f392a0f5700             Options.write_thread_max_yield_usec: 100
2019/03/20-03:29:47.964001 7f392a0f5700            Options.write_thread_slow_yield_usec: 3
2019/03/20-03:29:47.964010 7f392a0f5700                               Options.row_cache: None
2019/03/20-03:29:47.964011 7f392a0f5700                              Options.wal_filter: None
2019/03/20-03:29:47.964012 7f392a0f5700             Options.avoid_flush_during_recovery: 0
2019/03/20-03:29:47.964013 7f392a0f5700             Options.allow_ingest_behind: 0
2019/03/20-03:29:47.964013 7f392a0f5700             Options.preserve_deletes: 0
2019/03/20-03:29:47.964014 7f392a0f5700             Options.two_write_queues: 0
2019/03/20-03:29:47.964015 7f392a0f5700             Options.manual_wal_flush: 0
2019/03/20-03:29:47.964017 7f392a0f5700             Options.max_background_jobs: 24
2019/03/20-03:29:47.964019 7f392a0f5700             Options.max_background_compactions: 24
2019/03/20-03:29:47.964020 7f392a0f5700             Options.avoid_flush_during_shutdown: 0
2019/03/20-03:29:47.964021 7f392a0f5700           Options.writable_file_max_buffer_size: 1048576
2019/03/20-03:29:47.964021 7f392a0f5700             Options.delayed_write_rate : 16777216
2019/03/20-03:29:47.964022 7f392a0f5700             Options.max_total_wal_size: 0
2019/03/20-03:29:47.964023 7f392a0f5700             Options.delete_obsolete_files_period_micros: 21600000000
2019/03/20-03:29:47.964024 7f392a0f5700                   Options.stats_dump_period_sec: 60
2019/03/20-03:29:47.964025 7f392a0f5700                          Options.max_open_files: -1
2019/03/20-03:29:47.964026 7f392a0f5700                          Options.bytes_per_sync: 1048576
2019/03/20-03:29:47.964027 7f392a0f5700                      Options.wal_bytes_per_sync: 0
2019/03/20-03:29:47.964028 7f392a0f5700       Options.compaction_readahead_size: 0
2019/03/20-03:29:47.964029 7f392a0f5700 Compression algorithms supported:
2019/03/20-03:29:47.964031 7f392a0f5700 	kZSTDNotFinalCompression supported: 1
2019/03/20-03:29:47.964040 7f392a0f5700 	kZSTD supported: 1
2019/03/20-03:29:47.964041 7f392a0f5700 	kXpressCompression supported: 0
2019/03/20-03:29:47.964042 7f392a0f5700 	kLZ4HCCompression supported: 1
2019/03/20-03:29:47.964044 7f392a0f5700 	kLZ4Compression supported: 1
2019/03/20-03:29:47.964051 7f392a0f5700 	kBZip2Compression supported: 1
2019/03/20-03:29:47.964052 7f392a0f5700 	kZlibCompression supported: 1
2019/03/20-03:29:47.964053 7f392a0f5700 	kSnappyCompression supported: 1
2019/03/20-03:29:47.964057 7f392a0f5700 Fast CRC32 supported: Not supported on x86
2019/03/20-03:29:47.964495 7f392a0f5700 [db/version_set.cc:3085] Recovering from manifest file: MANIFEST-000004
2019/03/20-03:29:47.964603 7f392a0f5700 [db/column_family.cc:475] --------------- Options for column family [default]:
2019/03/20-03:29:47.964607 7f392a0f5700               Options.comparator: leveldb.BytewiseComparator
2019/03/20-03:29:47.964608 7f392a0f5700           Options.merge_operator: None
2019/03/20-03:29:47.964609 7f392a0f5700        Options.compaction_filter: None
2019/03/20-03:29:47.964610 7f392a0f5700        Options.compaction_filter_factory: None
2019/03/20-03:29:47.964611 7f392a0f5700         Options.memtable_factory: SkipListFactory
2019/03/20-03:29:47.964612 7f392a0f5700            Options.table_factory: BlockBasedTable
2019/03/20-03:29:47.964637 7f392a0f5700            table_factory options:   flush_block_policy_factory: FlushBlockBySizePolicyFactory (0x7f38603dc800)
  cache_index_and_filter_blocks: 0
  cache_index_and_filter_blocks_with_high_priority: 0
  pin_l0_filter_and_index_blocks_in_cache: 0
  index_type: 0
  hash_index_allow_collision: 1
  checksum: 1
  no_block_cache: 0
  block_cache: 0x7f38603ce6f0
  block_cache_name: LRUCache
  block_cache_options:
    capacity : 8388608
    num_shard_bits : 4
    strict_capacity_limit : 0
    high_pri_pool_ratio: 0.000
  block_cache_compressed: (nil)
  persistent_cache: (nil)
  block_size: 8192
  block_size_deviation: 10
  block_restart_interval: 16
  index_block_restart_interval: 1
  metadata_block_size: 4096
  partition_filters: 0
  use_delta_encoding: 1
  filter_policy: nullptr
  whole_key_filtering: 1
  verify_compression: 0
  read_amp_bytes_per_bit: 0
  format_version: 2
  enable_index_compression: 1
  block_align: 0
2019/03/20-03:29:47.964651 7f392a0f5700        Options.write_buffer_size: 134217728
2019/03/20-03:29:47.964652 7f392a0f5700  Options.max_write_buffer_number: 24
2019/03/20-03:29:47.964654 7f392a0f5700        Options.compression[0]: NoCompression
2019/03/20-03:29:47.964655 7f392a0f5700        Options.compression[1]: NoCompression
2019/03/20-03:29:47.964656 7f392a0f5700        Options.compression[2]: LZ4
2019/03/20-03:29:47.964658 7f392a0f5700        Options.compression[3]: LZ4
2019/03/20-03:29:47.964659 7f392a0f5700        Options.compression[4]: LZ4
2019/03/20-03:29:47.964660 7f392a0f5700        Options.compression[5]: LZ4
2019/03/20-03:29:47.964661 7f392a0f5700        Options.compression[6]: LZ4
2019/03/20-03:29:47.964662 7f392a0f5700                  Options.bottommost_compression: Disabled
2019/03/20-03:29:47.964663 7f392a0f5700       Options.prefix_extractor: nullptr
2019/03/20-03:29:47.964664 7f392a0f5700   Options.memtable_insert_with_hint_prefix_extractor: nullptr
2019/03/20-03:29:47.964665 7f392a0f5700             Options.num_levels: 7
2019/03/20-03:29:47.964665 7f392a0f5700        Options.min_write_buffer_number_to_merge: 2
2019/03/20-03:29:47.964666 7f392a0f5700     Options.max_write_buffer_number_to_maintain: 0
2019/03/20-03:29:47.964667 7f392a0f5700            Options.compression_opts.window_bits: -14
2019/03/20-03:29:47.964668 7f392a0f5700                  Options.compression_opts.level: -1
2019/03/20-03:29:47.964669 7f392a0f5700               Options.compression_opts.strategy: 0
2019/03/20-03:29:47.964670 7f392a0f5700         Options.compression_opts.max_dict_bytes: 0
2019/03/20-03:29:47.964671 7f392a0f5700         Options.compression_opts.zstd_max_train_bytes: 0
2019/03/20-03:29:47.964672 7f392a0f5700      Options.level0_file_num_compaction_trigger: 2
2019/03/20-03:29:47.964672 7f392a0f5700          Options.level0_slowdown_writes_trigger: 20
2019/03/20-03:29:47.964673 7f392a0f5700              Options.level0_stop_writes_trigger: 36
2019/03/20-03:29:47.964674 7f392a0f5700                   Options.target_file_size_base: 67108864
2019/03/20-03:29:47.964675 7f392a0f5700             Options.target_file_size_multiplier: 1
2019/03/20-03:29:47.964676 7f392a0f5700                Options.max_bytes_for_level_base: 536870912
2019/03/20-03:29:47.964677 7f392a0f5700 Options.level_compaction_dynamic_level_bytes: 0
2019/03/20-03:29:47.964678 7f392a0f5700          Options.max_bytes_for_level_multiplier: 10.000000
2019/03/20-03:29:47.964681 7f392a0f5700 Options.max_bytes_for_level_multiplier_addtl[0]: 1
2019/03/20-03:29:47.964682 7f392a0f5700 Options.max_bytes_for_level_multiplier_addtl[1]: 1
2019/03/20-03:29:47.964683 7f392a0f5700 Options.max_bytes_for_level_multiplier_addtl[2]: 1
2019/03/20-03:29:47.964684 7f392a0f5700 Options.max_bytes_for_level_multiplier_addtl[3]: 1
2019/03/20-03:29:47.964685 7f392a0f5700 Options.max_bytes_for_level_multiplier_addtl[4]: 1
2019/03/20-03:29:47.964686 7f392a0f5700 Options.max_bytes_for_level_multiplier_addtl[5]: 1
2019/03/20-03:29:47.964687 7f392a0f5700 Options.max_bytes_for_level_multiplier_addtl[6]: 1
2019/03/20-03:29:47.964688 7f392a0f5700       Options.max_sequential_skip_in_iterations: 8
2019/03/20-03:29:47.964688 7f392a0f5700                    Options.max_compaction_bytes: 1677721600
2019/03/20-03:29:47.964695 7f392a0f5700                        Options.arena_block_size: 16777216
2019/03/20-03:29:47.964697 7f392a0f5700   Options.soft_pending_compaction_bytes_limit: 68719476736
2019/03/20-03:29:47.964698 7f392a0f5700   Options.hard_pending_compaction_bytes_limit: 274877906944
2019/03/20-03:29:47.964699 7f392a0f5700       Options.rate_limit_delay_max_milliseconds: 100
2019/03/20-03:29:47.964700 7f392a0f5700                Options.disable_auto_compactions: 0
2019/03/20-03:29:47.964701 7f392a0f5700                        Options.compaction_style: kCompactionStyleLevel
2019/03/20-03:29:47.964703 7f392a0f5700                          Options.compaction_pri: kByCompensatedSize
2019/03/20-03:29:47.964704 7f392a0f5700 Options.compaction_options_universal.size_ratio: 1
2019/03/20-03:29:47.964705 7f392a0f5700 Options.compaction_options_universal.min_merge_width: 2
2019/03/20-03:29:47.964706 7f392a0f5700 Options.compaction_options_universal.max_merge_width: 4294967295
2019/03/20-03:29:47.964707 7f392a0f5700 Options.compaction_options_universal.max_size_amplification_percent: 200
2019/03/20-03:29:47.964708 7f392a0f5700 Options.compaction_options_universal.compression_size_percent: -1
2019/03/20-03:29:47.964709 7f392a0f5700 Options.compaction_options_universal.stop_style: kCompactionStopStyleTotalSize
2019/03/20-03:29:47.964710 7f392a0f5700 Options.compaction_options_fifo.max_table_files_size: 1073741824
2019/03/20-03:29:47.964711 7f392a0f5700 Options.compaction_options_fifo.allow_compaction: 0
2019/03/20-03:29:47.964712 7f392a0f5700 Options.compaction_options_fifo.ttl: 0
2019/03/20-03:29:47.964712 7f392a0f5700                   Options.table_properties_collectors: 
2019/03/20-03:29:47.964713 7f392a0f5700                   Options.inplace_update_support: 0
2019/03/20-03:29:47.964714 7f392a0f5700                 Options.inplace_update_num_locks: 10000
2019/03/20-03:29:47.964715 7f392a0f5700               Options.memtable_prefix_bloom_size_ratio: 0.000000
2019/03/20-03:29:47.964717 7f392a0f5700   Options.memtable_huge_page_size: 0
2019/03/20-03:29:47.964717 7f392a0f5700                           Options.bloom_locality: 0
2019/03/20-03:29:47.964718 7f392a0f5700                    Options.max_successive_merges: 0
2019/03/20-03:29:47.964719 7f392a0f5700                Options.optimize_filters_for_hits: 0
2019/03/20-03:29:47.964720 7f392a0f5700                Options.paranoid_file_checks: 0
2019/03/20-03:29:47.964721 7f392a0f5700                Options.force_consistency_checks: 0
2019/03/20-03:29:47.964722 7f392a0f5700                Options.report_bg_io_stats: 0
2019/03/20-03:29:47.964722 7f392a0f5700                               Options.ttl: 0
2019/03/20-03:29:47.965207 7f392a0f5700 [db/column_family.cc:475] --------------- Options for column family [usertable]:
2019/03/20-03:29:47.965211 7f392a0f5700               Options.comparator: leveldb.BytewiseComparator
2019/03/20-03:29:47.965212 7f392a0f5700           Options.merge_operator: None
2019/03/20-03:29:47.965213 7f392a0f5700        Options.compaction_filter: None
2019/03/20-03:29:47.965214 7f392a0f5700        Options.compaction_filter_factory: None
2019/03/20-03:29:47.965215 7f392a0f5700         Options.memtable_factory: SkipListFactory
2019/03/20-03:29:47.965216 7f392a0f5700            Options.table_factory: BlockBasedTable
2019/03/20-03:29:47.965241 7f392a0f5700            table_factory options:   flush_block_policy_factory: FlushBlockBySizePolicyFactory (0x7f38603d90b0)
  cache_index_and_filter_blocks: 0
  cache_index_and_filter_blocks_with_high_priority: 0
  pin_l0_filter_and_index_blocks_in_cache: 0
  index_type: 0
  hash_index_allow_collision: 1
  checksum: 1
  no_block_cache: 0
  block_cache: 0x7f38603de0b0
  block_cache_name: LRUCache
  block_cache_options:
    capacity : 8388608
    num_shard_bits : 4
    strict_capacity_limit : 0
    high_pri_pool_ratio: 0.000
  block_cache_compressed: (nil)
  persistent_cache: (nil)
  block_size: 8192
  block_size_deviation: 10
  block_restart_interval: 16
  index_block_restart_interval: 1
  metadata_block_size: 4096
  partition_filters: 0
  use_delta_encoding: 1
  filter_policy: nullptr
  whole_key_filtering: 1
  verify_compression: 0
  read_amp_bytes_per_bit: 0
  format_version: 2
  enable_index_compression: 1
  block_align: 0
2019/03/20-03:29:47.965253 7f392a0f5700        Options.write_buffer_size: 134217728
2019/03/20-03:29:47.965255 7f392a0f5700  Options.max_write_buffer_number: 24
2019/03/20-03:29:47.965256 7f392a0f5700        Options.compression[0]: NoCompression
2019/03/20-03:29:47.965258 7f392a0f5700        Options.compression[1]: NoCompression
2019/03/20-03:29:47.965259 7f392a0f5700        Options.compression[2]: LZ4
2019/03/20-03:29:47.965260 7f392a0f5700        Options.compression[3]: LZ4
2019/03/20-03:29:47.965261 7f392a0f5700        Options.compression[4]: LZ4
2019/03/20-03:29:47.965262 7f392a0f5700        Options.compression[5]: LZ4
2019/03/20-03:29:47.965263 7f392a0f5700        Options.compression[6]: LZ4
2019/03/20-03:29:47.965264 7f392a0f5700                  Options.bottommost_compression: Disabled
2019/03/20-03:29:47.965265 7f392a0f5700       Options.prefix_extractor: nullptr
2019/03/20-03:29:47.965266 7f392a0f5700   Options.memtable_insert_with_hint_prefix_extractor: nullptr
2019/03/20-03:29:47.965267 7f392a0f5700             Options.num_levels: 7
2019/03/20-03:29:47.965268 7f392a0f5700        Options.min_write_buffer_number_to_merge: 2
2019/03/20-03:29:47.965269 7f392a0f5700     Options.max_write_buffer_number_to_maintain: 0
2019/03/20-03:29:47.965269 7f392a0f5700            Options.compression_opts.window_bits: -14
2019/03/20-03:29:47.965270 7f392a0f5700                  Options.compression_opts.level: -1
2019/03/20-03:29:47.965271 7f392a0f5700               Options.compression_opts.strategy: 0
2019/03/20-03:29:47.965272 7f392a0f5700         Options.compression_opts.max_dict_bytes: 0
2019/03/20-03:29:47.965273 7f392a0f5700         Options.compression_opts.zstd_max_train_bytes: 0
2019/03/20-03:29:47.965274 7f392a0f5700      Options.level0_file_num_compaction_trigger: 2
2019/03/20-03:29:47.965275 7f392a0f5700          Options.level0_slowdown_writes_trigger: 20
2019/03/20-03:29:47.965275 7f392a0f5700              Options.level0_stop_writes_trigger: 36
2019/03/20-03:29:47.965276 7f392a0f5700                   Options.target_file_size_base: 67108864
2019/03/20-03:29:47.965277 7f392a0f5700             Options.target_file_size_multiplier: 1
2019/03/20-03:29:47.965278 7f392a0f5700                Options.max_bytes_for_level_base: 536870912
2019/03/20-03:29:47.965279 7f392a0f5700 Options.level_compaction_dynamic_level_bytes: 0
2019/03/20-03:29:47.965280 7f392a0f5700          Options.max_bytes_for_level_multiplier: 10.000000
2019/03/20-03:29:47.965282 7f392a0f5700 Options.max_bytes_for_level_multiplier_addtl[0]: 1
2019/03/20-03:29:47.965283 7f392a0f5700 Options.max_bytes_for_level_multiplier_addtl[1]: 1
2019/03/20-03:29:47.965284 7f392a0f5700 Options.max_bytes_for_level_multiplier_addtl[2]: 1
2019/03/20-03:29:47.965285 7f392a0f5700 Options.max_bytes_for_level_multiplier_addtl[3]: 1
2019/03/20-03:29:47.965286 7f392a0f5700 Options.max_bytes_for_level_multiplier_addtl[4]: 1
2019/03/20-03:29:47.965286 7f392a0f5700 Options.max_bytes_for_level_multiplier_addtl[5]: 1
2019/03/20-03:29:47.965287 7f392a0f5700 Options.max_bytes_for_level_multiplier_addtl[6]: 1
2019/03/20-03:29:47.965288 7f392a0f5700       Options.max_sequential_skip_in_iterations: 8
2019/03/20-03:29:47.965289 7f392a0f5700                    Options.max_compaction_bytes: 1677721600
2019/03/20-03:29:47.965290 7f392a0f5700                        Options.arena_block_size: 16777216
2019/03/20-03:29:47.965291 7f392a0f5700   Options.soft_pending_compaction_bytes_limit: 68719476736
2019/03/20-03:29:47.965292 7f392a0f5700   Options.hard_pending_compaction_bytes_limit: 274877906944
2019/03/20-03:29:47.965293 7f392a0f5700       Options.rate_limit_delay_max_milliseconds: 100
2019/03/20-03:29:47.965294 7f392a0f5700                Options.disable_auto_compactions: 0
2019/03/20-03:29:47.965294 7f392a0f5700                        Options.compaction_style: kCompactionStyleLevel
2019/03/20-03:29:47.965301 7f392a0f5700                          Options.compaction_pri: kByCompensatedSize
2019/03/20-03:29:47.965303 7f392a0f5700 Options.compaction_options_universal.size_ratio: 1
2019/03/20-03:29:47.965304 7f392a0f5700 Options.compaction_options_universal.min_merge_width: 2
2019/03/20-03:29:47.965304 7f392a0f5700 Options.compaction_options_universal.max_merge_width: 4294967295
2019/03/20-03:29:47.965305 7f392a0f5700 Options.compaction_options_universal.max_size_amplification_percent: 200
2019/03/20-03:29:47.965306 7f392a0f5700 Options.compaction_options_universal.compression_size_percent: -1
2019/03/20-03:29:47.965307 7f392a0f5700 Options.compaction_options_universal.stop_style: kCompactionStopStyleTotalSize
2019/03/20-03:29:47.965308 7f392a0f5700 Options.compaction_options_fifo.max_table_files_size: 1073741824
2019/03/20-03:29:47.965309 7f392a0f5700 Options.compaction_options_fifo.allow_compaction: 0
2019/03/20-03:29:47.965310 7f392a0f5700 Options.compaction_options_fifo.ttl: 0
2019/03/20-03:29:47.965311 7f392a0f5700                   Options.table_properties_collectors: 
2019/03/20-03:29:47.965312 7f392a0f5700                   Options.inplace_update_support: 0
2019/03/20-03:29:47.965313 7f392a0f5700                 Options.inplace_update_num_locks: 10000
2019/03/20-03:29:47.965320 7f392a0f5700               Options.memtable_prefix_bloom_size_ratio: 0.000000
2019/03/20-03:29:47.965322 7f392a0f5700   Options.memtable_huge_page_size: 0
2019/03/20-03:29:47.965323 7f392a0f5700                           Options.bloom_locality: 0
2019/03/20-03:29:47.965324 7f392a0f5700                    Options.max_successive_merges: 0
2019/03/20-03:29:47.965325 7f392a0f5700                Options.optimize_filters_for_hits: 0
2019/03/20-03:29:47.965325 7f392a0f5700                Options.paranoid_file_checks: 0
2019/03/20-03:29:47.965326 7f392a0f5700                Options.force_consistency_checks: 0
2019/03/20-03:29:47.965327 7f392a0f5700                Options.report_bg_io_stats: 0
2019/03/20-03:29:47.965328 7f392a0f5700                               Options.ttl: 0
2019/03/20-03:29:48.520061 7f392a0f5700 [db/version_set.cc:3361] Recovered from manifest file:/mnt/sde/ycsb-rocksdb-data/MANIFEST-000004 succeeded,manifest_file_number is 4, next_file_number is 1371, last_sequence is 10434316, log_number is 0,prev_log_number is 0,max_column_family is 1,min_log_number_to_keep is 0
2019/03/20-03:29:48.520071 7f392a0f5700 [db/version_set.cc:3369] Column family [default] (ID 0), log number is 0
2019/03/20-03:29:48.520073 7f392a0f5700 [db/version_set.cc:3369] Column family [usertable] (ID 1), log number is 1364
2019/03/20-03:29:48.521966 7f392a0f5700 EVENT_LOG_v1 {"time_micros": 1553077788521947, "job": 1, "event": "recovery_started", "log_files": [1364, 1370]}
2019/03/20-03:29:48.521974 7f392a0f5700 [db/db_impl_open.cc:551] Recovering log #1364 mode 2
2019/03/20-03:29:48.855431 7f392a0f5700 [db/db_impl_open.cc:551] Recovering log #1370 mode 2
2019/03/20-03:29:48.894387 7f392a0f5700 [db/version_set.cc:2847] Creating manifest 1372
2019/03/20-03:29:49.978182 7f392a0f5700 EVENT_LOG_v1 {"time_micros": 1553077789978141, "cf_name": "usertable", "job": 1, "event": "table_file_creation", "file_number": 1373, "file_size": 128172538, "table_properties": {"data_size": 127602741, "index_size": 568875, "filter_size": 0, "raw_key_size": 742776, "raw_average_key_size": 24, "raw_value_size": 126767104, "raw_average_value_size": 4096, "num_data_blocks": 15475, "num_entries": 30949, "filter_policy_name": "", "kDeletedKeys": "0", "kMergeOperands": "0"}}
2019/03/20-03:29:50.082126 7f392a0f5700 EVENT_LOG_v1 {"time_micros": 1553077790082115, "job": 1, "event": "recovery_finished"}
2019/03/20-03:29:50.372127 7f392a0f5700 [db/db_impl_open.cc:1219] DB pointer 0x7f38603d0da0
2019/03/20-03:29:50.372529 7f3903fff700 [WARN] [db/db_impl.cc:491] ------- DUMPING STATS -------
2019/03/20-03:29:50.372592 7f3903fff700 [WARN] [db/db_impl.cc:492] 
** DB Stats **
Uptime(secs): 2.4 total, 2.4 interval
Cumulative writes: 0 writes, 0 keys, 0 commit groups, 0.0 writes per commit group, ingest: 0.00 GB, 0.00 MB/s
Cumulative WAL: 0 writes, 0 syncs, 0.00 writes per sync, written: 0.00 GB, 0.00 MB/s
Cumulative stall: 00:00:0.000 H:M:S, 0.0 percent
Interval writes: 0 writes, 0 keys, 0 commit groups, 0.0 writes per commit group, ingest: 0.00 MB, 0.00 MB/s
Interval WAL: 0 writes, 0 syncs, 0.00 writes per sync, written: 0.00 MB, 0.00 MB/s
Interval stall: 00:00:0.000 H:M:S, 0.0 percent

** Compaction Stats [default] **
Level    Files   Size     Score Read(GB)  Rn(GB) Rnp1(GB) Write(GB) Wnew(GB) Moved(GB) W-Amp Rd(MB/s) Wr(MB/s) Comp(sec) Comp(cnt) Avg(sec) KeyIn KeyDrop
----------------------------------------------------------------------------------------------------------------------------------------------------------
 Sum      0/0    0.00 KB   0.0      0.0     0.0      0.0       0.0      0.0       0.0   0.0      0.0      0.0         0         0    0.000       0      0
 Int      0/0    0.00 KB   0.0      0.0     0.0      0.0       0.0      0.0       0.0   0.0      0.0      0.0         0         0    0.000       0      0
Uptime(secs): 2.4 total, 2.4 interval
Flush(GB): cumulative 0.000, interval 0.000
AddFile(GB): cumulative 0.000, interval 0.000
AddFile(Total Files): cumulative 0, interval 0
AddFile(L0 Files): cumulative 0, interval 0
AddFile(Keys): cumulative 0, interval 0
Cumulative compaction: 0.00 GB write, 0.00 MB/s write, 0.00 GB read, 0.00 MB/s read, 0.0 seconds
Interval compaction: 0.00 GB write, 0.00 MB/s write, 0.00 GB read, 0.00 MB/s read, 0.0 seconds
Stalls(count): 0 level0_slowdown, 0 level0_slowdown_with_compaction, 0 level0_numfiles, 0 level0_numfiles_with_compaction, 0 stop for pending_compaction_bytes, 0 slowdown for pending_compaction_bytes, 0 memtable_compaction, 0 memtable_slowdown, interval 0 total count

** File Read Latency Histogram By Level [default] **

** Compaction Stats [usertable] **
Level    Files   Size     Score Read(GB)  Rn(GB) Rnp1(GB) Write(GB) Wnew(GB) Moved(GB) W-Amp Rd(MB/s) Wr(MB/s) Comp(sec) Comp(cnt) Avg(sec) KeyIn KeyDrop
----------------------------------------------------------------------------------------------------------------------------------------------------------
  L0      2/0   314.81 MB   1.0      0.0     0.0      0.0       0.1      0.1       0.0   1.0      0.0    123.2         1         1    0.992       0      0
  L1     11/0   493.34 MB   1.0      0.0     0.0      0.0       0.0      0.0       0.0   0.0      0.0      0.0         0         0    0.000       0      0
  L2    170/0    4.95 GB   1.0      0.0     0.0      0.0       0.0      0.0       0.0   0.0      0.0      0.0         0         0    0.000       0      0
  L3    550/0   34.44 GB   0.7      0.0     0.0      0.0       0.0      0.0       0.0   0.0      0.0      0.0         0         0    0.000       0      0
 Sum    733/0   40.18 GB   0.0      0.0     0.0      0.0       0.1      0.1       0.0   1.0      0.0    123.2         1         1    0.992       0      0
 Int      0/0    0.00 KB   0.0      0.0     0.0      0.0       0.1      0.1       0.0   1.0      0.0    123.2         1         1    0.992       0      0
Uptime(secs): 2.4 total, 2.4 interval
Flush(GB): cumulative 0.119, interval 0.119
AddFile(GB): cumulative 0.000, interval 0.000
AddFile(Total Files): cumulative 0, interval 0
AddFile(L0 Files): cumulative 0, interval 0
AddFile(Keys): cumulative 0, interval 0
Cumulative compaction: 0.12 GB write, 50.78 MB/s write, 0.00 GB read, 0.00 MB/s read, 1.0 seconds
Interval compaction: 0.12 GB write, 50.78 MB/s write, 0.00 GB read, 0.00 MB/s read, 1.0 seconds
Stalls(count): 0 level0_slowdown, 0 level0_slowdown_with_compaction, 0 level0_numfiles, 0 level0_numfiles_with_compaction, 0 stop for pending_compaction_bytes, 0 slowdown for pending_compaction_bytes, 0 memtable_compaction, 0 memtable_slowdown, interval 0 total count

** File Read Latency Histogram By Level [usertable] **

** Compaction Stats [default] **
Level    Files   Size     Score Read(GB)  Rn(GB) Rnp1(GB) Write(GB) Wnew(GB) Moved(GB) W-Amp Rd(MB/s) Wr(MB/s) Comp(sec) Comp(cnt) Avg(sec) KeyIn KeyDrop
----------------------------------------------------------------------------------------------------------------------------------------------------------
 Sum      0/0    0.00 KB   0.0      0.0     0.0      0.0       0.0      0.0       0.0   0.0      0.0      0.0         0         0    0.000       0      0
 Int      0/0    0.00 KB   0.0      0.0     0.0      0.0       0.0      0.0       0.0   0.0      0.0      0.0         0         0    0.000       0      0
Uptime(secs): 2.4 total, 0.0 interval
Flush(GB): cumulative 0.000, interval 0.000
AddFile(GB): cumulative 0.000, interval 0.000
AddFile(Total Files): cumulative 0, interval 0
AddFile(L0 Files): cumulative 0, interval 0
AddFile(Keys): cumulative 0, interval 0
Cumulative compaction: 0.00 GB write, 0.00 MB/s write, 0.00 GB read, 0.00 MB/s read, 0.0 seconds
Interval compaction: 0.00 GB write, 0.00 MB/s write, 0.00 GB read, 0.00 MB/s read, 0.0 seconds
Stalls(count): 0 level0_slowdown, 0 level0_slowdown_with_compaction, 0 level0_numfiles, 0 level0_numfiles_with_compaction, 0 stop for pending_compaction_bytes, 0 slowdown for pending_compaction_bytes, 0 memtable_compaction, 0 memtable_slowdown, interval 0 total count

** File Read Latency Histogram By Level [default] **

** Compaction Stats [usertable] **
Level    Files   Size     Score Read(GB)  Rn(GB) Rnp1(GB) Write(GB) Wnew(GB) Moved(GB) W-Amp Rd(MB/s) Wr(MB/s) Comp(sec) Comp(cnt) Avg(sec) KeyIn KeyDrop
----------------------------------------------------------------------------------------------------------------------------------------------------------
  L0      2/0   314.81 MB   1.0      0.0     0.0      0.0       0.1      0.1       0.0   1.0      0.0    123.2         1         1    0.992       0      0
  L1     11/0   493.34 MB   1.0      0.0     0.0      0.0       0.0      0.0       0.0   0.0      0.0      0.0         0         0    0.000       0      0
  L2    170/0    4.95 GB   1.0      0.0     0.0      0.0       0.0      0.0       0.0   0.0      0.0      0.0         0         0    0.000       0      0
  L3    550/0   34.44 GB   0.7      0.0     0.0      0.0       0.0      0.0       0.0   0.0      0.0      0.0         0         0    0.000       0      0
 Sum    733/0   40.18 GB   0.0      0.0     0.0      0.0       0.1      0.1       0.0   1.0      0.0    123.2         1         1    0.992       0      0
 Int      0/0    0.00 KB   0.0      0.0     0.0      0.0       0.0      0.0       0.0   0.0      0.0      0.0         0         0    0.000       0      0
Uptime(secs): 2.4 total, 0.0 interval
Flush(GB): cumulative 0.119, interval 0.000
AddFile(GB): cumulative 0.000, interval 0.000
AddFile(Total Files): cumulative 0, interval 0
AddFile(L0 Files): cumulative 0, interval 0
AddFile(Keys): cumulative 0, interval 0
Cumulative compaction: 0.12 GB write, 50.78 MB/s write, 0.00 GB read, 0.00 MB/s read, 1.0 seconds
Interval compaction: 0.00 GB write, 0.00 MB/s write, 0.00 GB read, 0.00 MB/s read, 0.0 seconds
Stalls(count): 0 level0_slowdown, 0 level0_slowdown_with_compaction, 0 level0_numfiles, 0 level0_numfiles_with_compaction, 0 stop for pending_compaction_bytes, 0 slowdown for pending_compaction_bytes, 0 memtable_compaction, 0 memtable_slowdown, interval 0 total count

** File Read Latency Histogram By Level [usertable] **
2019/03/20-03:29:50.534880 7f3903fff700 (Original Log Time 2019/03/20-03:29:50.372762) [db/db_impl_compaction_flush.cc:1835] [usertable] Moving #951 to level-1 201926501 bytes
2019/03/20-03:29:50.534887 7f3903fff700 (Original Log Time 2019/03/20-03:29:50.534769) EVENT_LOG_v1 {"time_micros": 1553077790534754, "job": 3, "event": "trivial_move", "destination_level": 1, "files": 1, "total_files_size": 201926501}
2019/03/20-03:29:50.534891 7f3903fff700 (Original Log Time 2019/03/20-03:29:50.534787) [db/db_impl_compaction_flush.cc:1864] [usertable] Moved #1 files to level-1 201926501 bytes OK: base level 1 max bytes base 536870912 files[1 12 170 550 0 0 0] max score 1.34
2019/03/20-03:29:50.535006 7f3920ffe700 [db/compaction_job.cc:1531] [usertable] [JOB 4] Compacting 1@1 files to L2, score 1.34
2019/03/20-03:29:50.535018 7f3920ffe700 [db/compaction_job.cc:1535] [usertable] Compaction start summary: Base version 6 Base level 1, inputs: [951(192MB)]
2019/03/20-03:29:50.535047 7f3920ffe700 EVENT_LOG_v1 {"time_micros": 1553077790535028, "job": 4, "event": "compaction_started", "compaction_reason": "LevelMaxLevelSize", "files_L1": [951], "score": 1.33968, "input_data_size": 201926501}
2019/03/20-03:29:51.600912 7f3920ffe700 [db/compaction_job.cc:1211] [usertable] [JOB 4] Generated table #1377: 16279 keys, 67233342 bytes
2019/03/20-03:29:51.600965 7f3920ffe700 EVENT_LOG_v1 {"time_micros": 1553077791600937, "cf_name": "usertable", "job": 4, "event": "table_file_creation", "file_number": 1377, "file_size": 67233342, "table_properties": {"data_size": 67118331, "index_size": 299106, "filter_size": 0, "raw_key_size": 390696, "raw_average_key_size": 24, "raw_value_size": 66678784, "raw_average_value_size": 4096, "num_data_blocks": 8140, "num_entries": 16279, "filter_policy_name": "", "kDeletedKeys": "0", "kMergeOperands": "0"}}
2019/03/20-03:29:52.438607 7f3920ffe700 [db/compaction_job.cc:1211] [usertable] [JOB 4] Generated table #1378: 16279 keys, 67233547 bytes
2019/03/20-03:29:52.438650 7f3920ffe700 EVENT_LOG_v1 {"time_micros": 1553077792438631, "cf_name": "usertable", "job": 4, "event": "table_file_creation", "file_number": 1378, "file_size": 67233547, "table_properties": {"data_size": 67120141, "index_size": 300916, "filter_size": 0, "raw_key_size": 390696, "raw_average_key_size": 24, "raw_value_size": 66678784, "raw_average_value_size": 4096, "num_data_blocks": 8140, "num_entries": 16279, "filter_policy_name": "", "kDeletedKeys": "0", "kMergeOperands": "0"}}
2019/03/20-03:29:53.830629 7f3920ffe700 [db/compaction_job.cc:1211] [usertable] [JOB 4] Generated table #1379: 16200 keys, 66907034 bytes
2019/03/20-03:29:53.830676 7f3920ffe700 EVENT_LOG_v1 {"time_micros": 1553077793830656, "cf_name": "usertable", "job": 4, "event": "table_file_creation", "file_number": 1379, "file_size": 66907034, "table_properties": {"data_size": 66792600, "index_size": 297637, "filter_size": 0, "raw_key_size": 388800, "raw_average_key_size": 24, "raw_value_size": 66355200, "raw_average_value_size": 4096, "num_data_blocks": 8100, "num_entries": 16200, "filter_policy_name": "", "kDeletedKeys": "0", "kMergeOperands": "0"}}
2019/03/20-03:29:53.830749 7f3920ffe700 [db/compaction_job.cc:1287] [usertable] [JOB 4] Compacted 1@1 files to L2 => 201373923 bytes
2019/03/20-03:29:53.940702 7f3920ffe700 (Original Log Time 2019/03/20-03:29:53.940503) [db/compaction_job.cc:685] [usertable] compacted to: base level 1 max bytes base 536870912 files[1 11 173 550 0 0 0] max score 1.03, MB/sec: 61.3 rd, 61.1 wr, level 2, files in(1, 0) out(3) MB in(192.6, 0.0) out(192.0), read-write-amplify(2.0) write-amplify(1.0) OK, records in: 48758, records dropped: 0 output_compression: LZ4
2019/03/20-03:29:53.940714 7f3920ffe700 (Original Log Time 2019/03/20-03:29:53.940565) EVENT_LOG_v1 {"time_micros": 1553077793940539, "job": 4, "event": "compaction_finished", "compaction_time_micros": 3295657, "output_level": 2, "num_output_files": 3, "total_output_size": 201373923, "num_input_records": 48758, "num_output_records": 48758, "num_subcompactions": 1, "output_compression": "LZ4", "num_single_delete_mismatches": 0, "num_single_delete_fallthrough": 0, "lsm_state": [1, 11, 173, 550, 0, 0, 0]}
2019/03/20-03:29:54.050325 7f391bfff700 (Original Log Time 2019/03/20-03:29:53.940967) [db/db_impl_compaction_flush.cc:1835] [usertable] Moving #1378 to level-3 67233547 bytes
2019/03/20-03:29:54.050331 7f391bfff700 (Original Log Time 2019/03/20-03:29:54.050240) EVENT_LOG_v1 {"time_micros": 1553077794050228, "job": 5, "event": "trivial_move", "destination_level": 3, "files": 1, "total_files_size": 67233547}
2019/03/20-03:29:54.050333 7f391bfff700 (Original Log Time 2019/03/20-03:29:54.050254) [db/db_impl_compaction_flush.cc:1864] [usertable] Moved #1 files to level-3 67233547 bytes OK: base level 1 max bytes base 536870912 files[1 11 172 551 0 0 0] max score 1.01
2019/03/20-03:29:54.067795 7f391bfff700 EVENT_LOG_v1 {"time_micros": 1553077794067771, "job": 5, "event": "table_file_deletion", "file_number": 951}
2019/03/20-03:29:54.173540 7f391bfff700 (Original Log Time 2019/03/20-03:29:54.067964) [db/db_impl_compaction_flush.cc:1835] [usertable] Moving #1377 to level-3 67233342 bytes
2019/03/20-03:29:54.173546 7f391bfff700 (Original Log Time 2019/03/20-03:29:54.173448) EVENT_LOG_v1 {"time_micros": 1553077794173438, "job": 6, "event": "trivial_move", "destination_level": 3, "files": 1, "total_files_size": 67233342}
2019/03/20-03:29:54.173549 7f391bfff700 (Original Log Time 2019/03/20-03:29:54.173465) [db/db_impl_compaction_flush.cc:1864] [usertable] Moved #1 files to level-3 67233342 bytes OK: base level 1 max bytes base 536870912 files[1 11 171 552 0 0 0] max score 1.00
2019/03/20-03:29:54.300473 7f391bfff700 (Original Log Time 2019/03/20-03:29:54.173761) [db/db_impl_compaction_flush.cc:1835] [usertable] Moving #1087 to level-3 67233323 bytes
2019/03/20-03:29:54.300482 7f391bfff700 (Original Log Time 2019/03/20-03:29:54.300366) EVENT_LOG_v1 {"time_micros": 1553077794300353, "job": 7, "event": "trivial_move", "destination_level": 3, "files": 1, "total_files_size": 67233323}
2019/03/20-03:29:54.300484 7f391bfff700 (Original Log Time 2019/03/20-03:29:54.300391) [db/db_impl_compaction_flush.cc:1864] [usertable] Moved #1 files to level-3 67233323 bytes OK: base level 1 max bytes base 536870912 files[1 11 170 553 0 0 0] max score 0.99
2019/03/20-03:29:57.877097 7f3928498700 [db/db_impl_write.cc:1373] [usertable] New memtable created with log file: #1380. Immutable memtables: 0.
2019/03/20-03:30:03.732720 7f39181f2700 [db/db_impl_write.cc:1373] [usertable] New memtable created with log file: #1381. Immutable memtables: 1.
2019/03/20-03:30:03.732907 7f37aaffd700 [db/db_impl_compaction_flush.cc:80] [JOB 8] Syncing log #1374
2019/03/20-03:30:04.059238 7f37aaffd700 [db/db_impl_compaction_flush.cc:80] [JOB 8] Syncing log #1380
2019/03/20-03:30:04.832322 7f37aaffd700 (Original Log Time 2019/03/20-03:30:03.732849) [db/db_impl_compaction_flush.cc:1424] Calling FlushMemTableToOutputFile with column family [usertable], flush slots available 24, compaction slots available 1, flush slots scheduled 1, compaction slots scheduled 0
2019/03/20-03:30:04.832332 7f37aaffd700 [db/flush_job.cc:301] [usertable] [JOB 8] Flushing memtable with next log file: 1380
2019/03/20-03:30:04.832343 7f37aaffd700 [db/flush_job.cc:301] [usertable] [JOB 8] Flushing memtable with next log file: 1381
2019/03/20-03:30:04.832375 7f37aaffd700 EVENT_LOG_v1 {"time_micros": 1553077804832361, "job": 8, "event": "flush_started", "num_memtables": 2, "num_entries": 58592, "num_deletes": 0, "memory_usage": 242786520, "flush_reason": "Write Buffer Full"}
2019/03/20-03:30:04.832390 7f37aaffd700 [db/flush_job.cc:331] [usertable] [JOB 8] Level-0 flush table #1382: started
