2018/11/22-15:06:55.758932 7fb0119ef700 RocksDB version: 5.14.3
2018/11/22-15:06:55.758983 7fb0119ef700 Git sha rocksdb_build_git_sha:
2018/11/22-15:06:55.758986 7fb0119ef700 Compile date Oct 15 2018
2018/11/22-15:06:55.758990 7fb0119ef700 DB SUMMARY
2018/11/22-15:06:55.759011 7fb0119ef700 SST files in /mnt/sdb/ycsb-rocksdb-data dir, Total Num: 0, files: 
2018/11/22-15:06:55.759013 7fb0119ef700 Write Ahead Log file in /mnt/sdb/ycsb-rocksdb-data: 
2018/11/22-15:06:55.759015 7fb0119ef700                         Options.error_if_exists: 0
2018/11/22-15:06:55.759017 7fb0119ef700                       Options.create_if_missing: 1
2018/11/22-15:06:55.759018 7fb0119ef700                         Options.paranoid_checks: 1
2018/11/22-15:06:55.759018 7fb0119ef700                                     Options.env: 0x7fb0111ca3e0
2018/11/22-15:06:55.759019 7fb0119ef700                                Options.info_log: 0x7faf483d8160
2018/11/22-15:06:55.759020 7fb0119ef700                Options.max_file_opening_threads: 16
2018/11/22-15:06:55.759021 7fb0119ef700                              Options.statistics: (nil)
2018/11/22-15:06:55.759022 7fb0119ef700                               Options.use_fsync: 0
2018/11/22-15:06:55.759023 7fb0119ef700                       Options.max_log_file_size: 0
2018/11/22-15:06:55.759024 7fb0119ef700                  Options.max_manifest_file_size: 18446744073709551615
2018/11/22-15:06:55.759025 7fb0119ef700                   Options.log_file_time_to_roll: 0
2018/11/22-15:06:55.759026 7fb0119ef700                       Options.keep_log_file_num: 1000
2018/11/22-15:06:55.759027 7fb0119ef700                    Options.recycle_log_file_num: 0
2018/11/22-15:06:55.759028 7fb0119ef700                         Options.allow_fallocate: 1
2018/11/22-15:06:55.759029 7fb0119ef700                        Options.allow_mmap_reads: 0
2018/11/22-15:06:55.759030 7fb0119ef700                       Options.allow_mmap_writes: 0
2018/11/22-15:06:55.759030 7fb0119ef700                        Options.use_direct_reads: 0
2018/11/22-15:06:55.759031 7fb0119ef700                        Options.use_direct_io_for_flush_and_compaction: 0
2018/11/22-15:06:55.759032 7fb0119ef700          Options.create_missing_column_families: 1
2018/11/22-15:06:55.759033 7fb0119ef700                              Options.db_log_dir: 
2018/11/22-15:06:55.759034 7fb0119ef700                                 Options.wal_dir: /mnt/sdb/ycsb-rocksdb-data
2018/11/22-15:06:55.759035 7fb0119ef700                Options.table_cache_numshardbits: 6
2018/11/22-15:06:55.759036 7fb0119ef700                      Options.max_subcompactions: 4
2018/11/22-15:06:55.759037 7fb0119ef700                  Options.max_background_flushes: 24
2018/11/22-15:06:55.759037 7fb0119ef700                         Options.WAL_ttl_seconds: 0
2018/11/22-15:06:55.759038 7fb0119ef700                       Options.WAL_size_limit_MB: 0
2018/11/22-15:06:55.759039 7fb0119ef700             Options.manifest_preallocation_size: 4194304
2018/11/22-15:06:55.759040 7fb0119ef700                     Options.is_fd_close_on_exec: 1
2018/11/22-15:06:55.759041 7fb0119ef700                   Options.advise_random_on_open: 1
2018/11/22-15:06:55.759042 7fb0119ef700                    Options.db_write_buffer_size: 0
2018/11/22-15:06:55.759043 7fb0119ef700                    Options.write_buffer_manager: 0x7faf483d6420
2018/11/22-15:06:55.759043 7fb0119ef700         Options.access_hint_on_compaction_start: 1
2018/11/22-15:06:55.759044 7fb0119ef700  Options.new_table_reader_for_compaction_inputs: 0
2018/11/22-15:06:55.759045 7fb0119ef700           Options.random_access_max_buffer_size: 1048576
2018/11/22-15:06:55.759046 7fb0119ef700                      Options.use_adaptive_mutex: 0
2018/11/22-15:06:55.759047 7fb0119ef700                            Options.rate_limiter: (nil)
2018/11/22-15:06:55.759048 7fb0119ef700     Options.sst_file_manager.rate_bytes_per_sec: 0
2018/11/22-15:06:55.759049 7fb0119ef700                       Options.wal_recovery_mode: 2
2018/11/22-15:06:55.759050 7fb0119ef700                  Options.enable_thread_tracking: 0
2018/11/22-15:06:55.759051 7fb0119ef700                  Options.enable_pipelined_write: 1
2018/11/22-15:06:55.759061 7fb0119ef700         Options.allow_concurrent_memtable_write: 1
2018/11/22-15:06:55.759062 7fb0119ef700      Options.enable_write_thread_adaptive_yield: 1
2018/11/22-15:06:55.759063 7fb0119ef700             Options.write_thread_max_yield_usec: 100
2018/11/22-15:06:55.759064 7fb0119ef700            Options.write_thread_slow_yield_usec: 3
2018/11/22-15:06:55.759065 7fb0119ef700                               Options.row_cache: None
2018/11/22-15:06:55.759065 7fb0119ef700                              Options.wal_filter: None
2018/11/22-15:06:55.759066 7fb0119ef700             Options.avoid_flush_during_recovery: 0
2018/11/22-15:06:55.759067 7fb0119ef700             Options.allow_ingest_behind: 0
2018/11/22-15:06:55.759068 7fb0119ef700             Options.preserve_deletes: 0
2018/11/22-15:06:55.759069 7fb0119ef700             Options.two_write_queues: 0
2018/11/22-15:06:55.759070 7fb0119ef700             Options.manual_wal_flush: 0
2018/11/22-15:06:55.759072 7fb0119ef700             Options.max_background_jobs: 24
2018/11/22-15:06:55.759072 7fb0119ef700             Options.max_background_compactions: 24
2018/11/22-15:06:55.759073 7fb0119ef700             Options.avoid_flush_during_shutdown: 0
2018/11/22-15:06:55.759074 7fb0119ef700           Options.writable_file_max_buffer_size: 1048576
2018/11/22-15:06:55.759075 7fb0119ef700             Options.delayed_write_rate : 16777216
2018/11/22-15:06:55.759076 7fb0119ef700             Options.max_total_wal_size: 0
2018/11/22-15:06:55.759077 7fb0119ef700             Options.delete_obsolete_files_period_micros: 21600000000
2018/11/22-15:06:55.759078 7fb0119ef700                   Options.stats_dump_period_sec: 60
2018/11/22-15:06:55.759079 7fb0119ef700                          Options.max_open_files: -1
2018/11/22-15:06:55.759080 7fb0119ef700                          Options.bytes_per_sync: 1048576
2018/11/22-15:06:55.759080 7fb0119ef700                      Options.wal_bytes_per_sync: 0
2018/11/22-15:06:55.759081 7fb0119ef700       Options.compaction_readahead_size: 0
2018/11/22-15:06:55.759082 7fb0119ef700 Compression algorithms supported:
2018/11/22-15:06:55.759083 7fb0119ef700 	kZSTDNotFinalCompression supported: 1
2018/11/22-15:06:55.759090 7fb0119ef700 	kZSTD supported: 1
2018/11/22-15:06:55.759092 7fb0119ef700 	kXpressCompression supported: 0
2018/11/22-15:06:55.759093 7fb0119ef700 	kLZ4HCCompression supported: 1
2018/11/22-15:06:55.759094 7fb0119ef700 	kLZ4Compression supported: 1
2018/11/22-15:06:55.759095 7fb0119ef700 	kBZip2Compression supported: 1
2018/11/22-15:06:55.759096 7fb0119ef700 	kZlibCompression supported: 1
2018/11/22-15:06:55.759097 7fb0119ef700 	kSnappyCompression supported: 1
2018/11/22-15:06:55.759100 7fb0119ef700 Fast CRC32 supported: Supported on x86
2018/11/22-15:06:55.759165 7fb0119ef700 [db/db_impl_open.cc:222] Creating manifest 1 
2018/11/22-15:06:55.875937 7fb0119ef700 [db/version_set.cc:3085] Recovering from manifest file: MANIFEST-000001
2018/11/22-15:06:55.876054 7fb0119ef700 [db/column_family.cc:475] --------------- Options for column family [default]:
2018/11/22-15:06:55.876058 7fb0119ef700               Options.comparator: leveldb.BytewiseComparator
2018/11/22-15:06:55.876060 7fb0119ef700           Options.merge_operator: None
2018/11/22-15:06:55.876061 7fb0119ef700        Options.compaction_filter: None
2018/11/22-15:06:55.876062 7fb0119ef700        Options.compaction_filter_factory: None
2018/11/22-15:06:55.876063 7fb0119ef700         Options.memtable_factory: SkipListFactory
2018/11/22-15:06:55.876064 7fb0119ef700            Options.table_factory: BlockBasedTable
2018/11/22-15:06:55.876094 7fb0119ef700            table_factory options:   flush_block_policy_factory: FlushBlockBySizePolicyFactory (0x7faf4838a760)
  cache_index_and_filter_blocks: 0
  cache_index_and_filter_blocks_with_high_priority: 0
  pin_l0_filter_and_index_blocks_in_cache: 0
  index_type: 0
  hash_index_allow_collision: 1
  checksum: 1
  no_block_cache: 0
  block_cache: 0x7faf48393a50
  block_cache_name: LRUCache
  block_cache_options:
    capacity : 8388608
    num_shard_bits : 4
    strict_capacity_limit : 0
    high_pri_pool_ratio: 0.000
  block_cache_compressed: (nil)
  persistent_cache: (nil)
  block_size: 8192
  block_size_deviation: 10
  block_restart_interval: 16
  index_block_restart_interval: 1
  metadata_block_size: 4096
  partition_filters: 0
  use_delta_encoding: 1
  filter_policy: nullptr
  whole_key_filtering: 1
  verify_compression: 0
  read_amp_bytes_per_bit: 0
  format_version: 2
  enable_index_compression: 1
  block_align: 0
2018/11/22-15:06:55.876109 7fb0119ef700        Options.write_buffer_size: 134217728
2018/11/22-15:06:55.876111 7fb0119ef700  Options.max_write_buffer_number: 24
2018/11/22-15:06:55.876112 7fb0119ef700        Options.compression[0]: NoCompression
2018/11/22-15:06:55.876113 7fb0119ef700        Options.compression[1]: NoCompression
2018/11/22-15:06:55.876114 7fb0119ef700        Options.compression[2]: LZ4
2018/11/22-15:06:55.876115 7fb0119ef700        Options.compression[3]: LZ4
2018/11/22-15:06:55.876116 7fb0119ef700        Options.compression[4]: LZ4
2018/11/22-15:06:55.876117 7fb0119ef700        Options.compression[5]: LZ4
2018/11/22-15:06:55.876117 7fb0119ef700        Options.compression[6]: LZ4
2018/11/22-15:06:55.876118 7fb0119ef700                  Options.bottommost_compression: Disabled
2018/11/22-15:06:55.876119 7fb0119ef700       Options.prefix_extractor: nullptr
2018/11/22-15:06:55.876120 7fb0119ef700   Options.memtable_insert_with_hint_prefix_extractor: nullptr
2018/11/22-15:06:55.876121 7fb0119ef700             Options.num_levels: 7
2018/11/22-15:06:55.876122 7fb0119ef700        Options.min_write_buffer_number_to_merge: 2
2018/11/22-15:06:55.876123 7fb0119ef700     Options.max_write_buffer_number_to_maintain: 0
2018/11/22-15:06:55.876124 7fb0119ef700            Options.compression_opts.window_bits: -14
2018/11/22-15:06:55.876125 7fb0119ef700                  Options.compression_opts.level: -1
2018/11/22-15:06:55.876126 7fb0119ef700               Options.compression_opts.strategy: 0
2018/11/22-15:06:55.876127 7fb0119ef700         Options.compression_opts.max_dict_bytes: 0
2018/11/22-15:06:55.876128 7fb0119ef700         Options.compression_opts.zstd_max_train_bytes: 0
2018/11/22-15:06:55.876128 7fb0119ef700      Options.level0_file_num_compaction_trigger: 2
2018/11/22-15:06:55.876129 7fb0119ef700          Options.level0_slowdown_writes_trigger: 20
2018/11/22-15:06:55.876130 7fb0119ef700              Options.level0_stop_writes_trigger: 36
2018/11/22-15:06:55.876131 7fb0119ef700                   Options.target_file_size_base: 67108864
2018/11/22-15:06:55.876132 7fb0119ef700             Options.target_file_size_multiplier: 1
2018/11/22-15:06:55.876133 7fb0119ef700                Options.max_bytes_for_level_base: 536870912
2018/11/22-15:06:55.876134 7fb0119ef700 Options.level_compaction_dynamic_level_bytes: 0
2018/11/22-15:06:55.876134 7fb0119ef700          Options.max_bytes_for_level_multiplier: 10.000000
2018/11/22-15:06:55.876137 7fb0119ef700 Options.max_bytes_for_level_multiplier_addtl[0]: 1
2018/11/22-15:06:55.876138 7fb0119ef700 Options.max_bytes_for_level_multiplier_addtl[1]: 1
2018/11/22-15:06:55.876139 7fb0119ef700 Options.max_bytes_for_level_multiplier_addtl[2]: 1
2018/11/22-15:06:55.876140 7fb0119ef700 Options.max_bytes_for_level_multiplier_addtl[3]: 1
2018/11/22-15:06:55.876141 7fb0119ef700 Options.max_bytes_for_level_multiplier_addtl[4]: 1
2018/11/22-15:06:55.876142 7fb0119ef700 Options.max_bytes_for_level_multiplier_addtl[5]: 1
2018/11/22-15:06:55.876143 7fb0119ef700 Options.max_bytes_for_level_multiplier_addtl[6]: 1
2018/11/22-15:06:55.876143 7fb0119ef700       Options.max_sequential_skip_in_iterations: 8
2018/11/22-15:06:55.876144 7fb0119ef700                    Options.max_compaction_bytes: 1677721600
2018/11/22-15:06:55.876145 7fb0119ef700                        Options.arena_block_size: 16777216
2018/11/22-15:06:55.876146 7fb0119ef700   Options.soft_pending_compaction_bytes_limit: 68719476736
2018/11/22-15:06:55.876147 7fb0119ef700   Options.hard_pending_compaction_bytes_limit: 274877906944
2018/11/22-15:06:55.876153 7fb0119ef700       Options.rate_limit_delay_max_milliseconds: 100
2018/11/22-15:06:55.876154 7fb0119ef700                Options.disable_auto_compactions: 0
2018/11/22-15:06:55.876156 7fb0119ef700                        Options.compaction_style: kCompactionStyleLevel
2018/11/22-15:06:55.876158 7fb0119ef700                          Options.compaction_pri: kByCompensatedSize
2018/11/22-15:06:55.876159 7fb0119ef700 Options.compaction_options_universal.size_ratio: 1
2018/11/22-15:06:55.876160 7fb0119ef700 Options.compaction_options_universal.min_merge_width: 2
2018/11/22-15:06:55.876161 7fb0119ef700 Options.compaction_options_universal.max_merge_width: 4294967295
2018/11/22-15:06:55.876162 7fb0119ef700 Options.compaction_options_universal.max_size_amplification_percent: 200
2018/11/22-15:06:55.876163 7fb0119ef700 Options.compaction_options_universal.compression_size_percent: -1
2018/11/22-15:06:55.876164 7fb0119ef700 Options.compaction_options_universal.stop_style: kCompactionStopStyleTotalSize
2018/11/22-15:06:55.876165 7fb0119ef700 Options.compaction_options_fifo.max_table_files_size: 1073741824
2018/11/22-15:06:55.876166 7fb0119ef700 Options.compaction_options_fifo.allow_compaction: 0
2018/11/22-15:06:55.876167 7fb0119ef700 Options.compaction_options_fifo.ttl: 0
2018/11/22-15:06:55.876168 7fb0119ef700                   Options.table_properties_collectors: 
2018/11/22-15:06:55.876169 7fb0119ef700                   Options.inplace_update_support: 0
2018/11/22-15:06:55.876170 7fb0119ef700                 Options.inplace_update_num_locks: 10000
2018/11/22-15:06:55.876171 7fb0119ef700               Options.memtable_prefix_bloom_size_ratio: 0.000000
2018/11/22-15:06:55.876172 7fb0119ef700   Options.memtable_huge_page_size: 0
2018/11/22-15:06:55.876173 7fb0119ef700                           Options.bloom_locality: 0
2018/11/22-15:06:55.876174 7fb0119ef700                    Options.max_successive_merges: 0
2018/11/22-15:06:55.876175 7fb0119ef700                Options.optimize_filters_for_hits: 0
2018/11/22-15:06:55.876176 7fb0119ef700                Options.paranoid_file_checks: 0
2018/11/22-15:06:55.876176 7fb0119ef700                Options.force_consistency_checks: 0
2018/11/22-15:06:55.876177 7fb0119ef700                Options.report_bg_io_stats: 0
2018/11/22-15:06:55.876178 7fb0119ef700                               Options.ttl: 0
2018/11/22-15:06:55.876964 7fb0119ef700 [db/version_set.cc:3361] Recovered from manifest file:/mnt/sdb/ycsb-rocksdb-data/MANIFEST-000001 succeeded,manifest_file_number is 1, next_file_number is 3, last_sequence is 0, log_number is 0,prev_log_number is 0,max_column_family is 0,min_log_number_to_keep is 0
2018/11/22-15:06:55.876970 7fb0119ef700 [db/version_set.cc:3369] Column family [default] (ID 0), log number is 0
2018/11/22-15:06:55.877148 7fb0119ef700 [db/version_set.cc:2847] Creating manifest 4
2018/11/22-15:06:55.975703 7fb0119ef700 [db/column_family.cc:475] --------------- Options for column family [usertable]:
2018/11/22-15:06:55.975707 7fb0119ef700               Options.comparator: leveldb.BytewiseComparator
2018/11/22-15:06:55.975708 7fb0119ef700           Options.merge_operator: None
2018/11/22-15:06:55.975709 7fb0119ef700        Options.compaction_filter: None
2018/11/22-15:06:55.975710 7fb0119ef700        Options.compaction_filter_factory: None
2018/11/22-15:06:55.975711 7fb0119ef700         Options.memtable_factory: SkipListFactory
2018/11/22-15:06:55.975712 7fb0119ef700            Options.table_factory: BlockBasedTable
2018/11/22-15:06:55.975742 7fb0119ef700            table_factory options:   flush_block_policy_factory: FlushBlockBySizePolicyFactory (0x7faf4838a740)
  cache_index_and_filter_blocks: 0
  cache_index_and_filter_blocks_with_high_priority: 0
  pin_l0_filter_and_index_blocks_in_cache: 0
  index_type: 0
  hash_index_allow_collision: 1
  checksum: 1
  no_block_cache: 0
  block_cache: 0x7faf48389a50
  block_cache_name: LRUCache
  block_cache_options:
    capacity : 8388608
    num_shard_bits : 4
    strict_capacity_limit : 0
    high_pri_pool_ratio: 0.000
  block_cache_compressed: (nil)
  persistent_cache: (nil)
  block_size: 8192
  block_size_deviation: 10
  block_restart_interval: 16
  index_block_restart_interval: 1
  metadata_block_size: 4096
  partition_filters: 0
  use_delta_encoding: 1
  filter_policy: nullptr
  whole_key_filtering: 1
  verify_compression: 0
  read_amp_bytes_per_bit: 0
  format_version: 2
  enable_index_compression: 1
  block_align: 0
2018/11/22-15:06:55.975744 7fb0119ef700        Options.write_buffer_size: 134217728
2018/11/22-15:06:55.975745 7fb0119ef700  Options.max_write_buffer_number: 24
2018/11/22-15:06:55.975746 7fb0119ef700        Options.compression[0]: NoCompression
2018/11/22-15:06:55.975747 7fb0119ef700        Options.compression[1]: NoCompression
2018/11/22-15:06:55.975748 7fb0119ef700        Options.compression[2]: LZ4
2018/11/22-15:06:55.975749 7fb0119ef700        Options.compression[3]: LZ4
2018/11/22-15:06:55.975750 7fb0119ef700        Options.compression[4]: LZ4
2018/11/22-15:06:55.975751 7fb0119ef700        Options.compression[5]: LZ4
2018/11/22-15:06:55.975752 7fb0119ef700        Options.compression[6]: LZ4
2018/11/22-15:06:55.975753 7fb0119ef700                  Options.bottommost_compression: Disabled
2018/11/22-15:06:55.975754 7fb0119ef700       Options.prefix_extractor: nullptr
2018/11/22-15:06:55.975755 7fb0119ef700   Options.memtable_insert_with_hint_prefix_extractor: nullptr
2018/11/22-15:06:55.975756 7fb0119ef700             Options.num_levels: 7
2018/11/22-15:06:55.975757 7fb0119ef700        Options.min_write_buffer_number_to_merge: 2
2018/11/22-15:06:55.975758 7fb0119ef700     Options.max_write_buffer_number_to_maintain: 0
2018/11/22-15:06:55.975758 7fb0119ef700            Options.compression_opts.window_bits: -14
2018/11/22-15:06:55.975759 7fb0119ef700                  Options.compression_opts.level: -1
2018/11/22-15:06:55.975760 7fb0119ef700               Options.compression_opts.strategy: 0
2018/11/22-15:06:55.975761 7fb0119ef700         Options.compression_opts.max_dict_bytes: 0
2018/11/22-15:06:55.975762 7fb0119ef700         Options.compression_opts.zstd_max_train_bytes: 0
2018/11/22-15:06:55.975763 7fb0119ef700      Options.level0_file_num_compaction_trigger: 2
2018/11/22-15:06:55.975764 7fb0119ef700          Options.level0_slowdown_writes_trigger: 20
2018/11/22-15:06:55.975765 7fb0119ef700              Options.level0_stop_writes_trigger: 36
2018/11/22-15:06:55.975765 7fb0119ef700                   Options.target_file_size_base: 67108864
2018/11/22-15:06:55.975766 7fb0119ef700             Options.target_file_size_multiplier: 1
2018/11/22-15:06:55.975767 7fb0119ef700                Options.max_bytes_for_level_base: 536870912
2018/11/22-15:06:55.975768 7fb0119ef700 Options.level_compaction_dynamic_level_bytes: 0
2018/11/22-15:06:55.975769 7fb0119ef700          Options.max_bytes_for_level_multiplier: 10.000000
2018/11/22-15:06:55.975771 7fb0119ef700 Options.max_bytes_for_level_multiplier_addtl[0]: 1
2018/11/22-15:06:55.975782 7fb0119ef700 Options.max_bytes_for_level_multiplier_addtl[1]: 1
2018/11/22-15:06:55.975784 7fb0119ef700 Options.max_bytes_for_level_multiplier_addtl[2]: 1
2018/11/22-15:06:55.975785 7fb0119ef700 Options.max_bytes_for_level_multiplier_addtl[3]: 1
2018/11/22-15:06:55.975786 7fb0119ef700 Options.max_bytes_for_level_multiplier_addtl[4]: 1
2018/11/22-15:06:55.975786 7fb0119ef700 Options.max_bytes_for_level_multiplier_addtl[5]: 1
2018/11/22-15:06:55.975787 7fb0119ef700 Options.max_bytes_for_level_multiplier_addtl[6]: 1
2018/11/22-15:06:55.975788 7fb0119ef700       Options.max_sequential_skip_in_iterations: 8
2018/11/22-15:06:55.975789 7fb0119ef700                    Options.max_compaction_bytes: 1677721600
2018/11/22-15:06:55.975790 7fb0119ef700                        Options.arena_block_size: 16777216
2018/11/22-15:06:55.975791 7fb0119ef700   Options.soft_pending_compaction_bytes_limit: 68719476736
2018/11/22-15:06:55.975792 7fb0119ef700   Options.hard_pending_compaction_bytes_limit: 274877906944
2018/11/22-15:06:55.975793 7fb0119ef700       Options.rate_limit_delay_max_milliseconds: 100
2018/11/22-15:06:55.975793 7fb0119ef700                Options.disable_auto_compactions: 0
2018/11/22-15:06:55.975795 7fb0119ef700                        Options.compaction_style: kCompactionStyleLevel
2018/11/22-15:06:55.975796 7fb0119ef700                          Options.compaction_pri: kByCompensatedSize
2018/11/22-15:06:55.975797 7fb0119ef700 Options.compaction_options_universal.size_ratio: 1
2018/11/22-15:06:55.975798 7fb0119ef700 Options.compaction_options_universal.min_merge_width: 2
2018/11/22-15:06:55.975799 7fb0119ef700 Options.compaction_options_universal.max_merge_width: 4294967295
2018/11/22-15:06:55.975800 7fb0119ef700 Options.compaction_options_universal.max_size_amplification_percent: 200
2018/11/22-15:06:55.975801 7fb0119ef700 Options.compaction_options_universal.compression_size_percent: -1
2018/11/22-15:06:55.975802 7fb0119ef700 Options.compaction_options_universal.stop_style: kCompactionStopStyleTotalSize
2018/11/22-15:06:55.975803 7fb0119ef700 Options.compaction_options_fifo.max_table_files_size: 1073741824
2018/11/22-15:06:55.975804 7fb0119ef700 Options.compaction_options_fifo.allow_compaction: 0
2018/11/22-15:06:55.975805 7fb0119ef700 Options.compaction_options_fifo.ttl: 0
2018/11/22-15:06:55.975806 7fb0119ef700                   Options.table_properties_collectors: 
2018/11/22-15:06:55.975807 7fb0119ef700                   Options.inplace_update_support: 0
2018/11/22-15:06:55.975808 7fb0119ef700                 Options.inplace_update_num_locks: 10000
2018/11/22-15:06:55.975809 7fb0119ef700               Options.memtable_prefix_bloom_size_ratio: 0.000000
2018/11/22-15:06:55.975810 7fb0119ef700   Options.memtable_huge_page_size: 0
2018/11/22-15:06:55.975811 7fb0119ef700                           Options.bloom_locality: 0
2018/11/22-15:06:55.975812 7fb0119ef700                    Options.max_successive_merges: 0
2018/11/22-15:06:55.975813 7fb0119ef700                Options.optimize_filters_for_hits: 0
2018/11/22-15:06:55.975814 7fb0119ef700                Options.paranoid_file_checks: 0
2018/11/22-15:06:55.975814 7fb0119ef700                Options.force_consistency_checks: 0
2018/11/22-15:06:55.975815 7fb0119ef700                Options.report_bg_io_stats: 0
2018/11/22-15:06:55.975816 7fb0119ef700                               Options.ttl: 0
2018/11/22-15:06:55.975862 7fb0119ef700 [db/db_impl.cc:1396] Created column family [usertable] (ID 1)
2018/11/22-15:06:56.048629 7fb0119ef700 [db/db_impl_open.cc:1219] DB pointer 0x7faf483d87d0
2018/11/22-15:07:02.324397 7fb0116ec700 [db/db_impl_write.cc:1373] [usertable] New memtable created with log file: #9. Immutable memtables: 0.
2018/11/22-15:07:07.993856 7fb0119ef700 [db/db_impl_write.cc:1373] [usertable] New memtable created with log file: #10. Immutable memtables: 1.
2018/11/22-15:07:07.994005 7fafae7fc700 [db/db_impl_compaction_flush.cc:80] [JOB 2] Syncing log #3
2018/11/22-15:07:08.131228 7fafae7fc700 [db/db_impl_compaction_flush.cc:80] [JOB 2] Syncing log #9
2018/11/22-15:07:08.991671 7fafae7fc700 (Original Log Time 2018/11/22-15:07:07.993968) [db/db_impl_compaction_flush.cc:1424] Calling FlushMemTableToOutputFile with column family [usertable], flush slots available 24, compaction slots available 1, flush slots scheduled 1, compaction slots scheduled 0
2018/11/22-15:07:08.991681 7fafae7fc700 [db/flush_job.cc:301] [usertable] [JOB 2] Flushing memtable with next log file: 9
2018/11/22-15:07:08.991692 7fafae7fc700 [db/flush_job.cc:301] [usertable] [JOB 2] Flushing memtable with next log file: 10
2018/11/22-15:07:08.991740 7fafae7fc700 EVENT_LOG_v1 {"time_micros": 1542928028991719, "job": 2, "event": "flush_started", "num_memtables": 2, "num_entries": 59720, "num_deletes": 0, "memory_usage": 255945304, "flush_reason": "Write Buffer Full"}
2018/11/22-15:07:08.991752 7fafae7fc700 [db/flush_job.cc:331] [usertable] [JOB 2] Level-0 flush table #11: started
2018/11/22-15:07:10.728432 7fafae7fc700 EVENT_LOG_v1 {"time_micros": 1542928030728392, "cf_name": "usertable", "job": 2, "event": "table_file_creation", "file_number": 11, "file_size": 247324411, "table_properties": {"data_size": 246225560, "index_size": 1097924, "filter_size": 0, "raw_key_size": 1433280, "raw_average_key_size": 24, "raw_value_size": 244613120, "raw_average_value_size": 4096, "num_data_blocks": 29860, "num_entries": 59720, "filter_policy_name": "", "kDeletedKeys": "0", "kMergeOperands": "0"}}
2018/11/22-15:07:10.728473 7fafae7fc700 [db/flush_job.cc:371] [usertable] [JOB 2] Level-0 flush table #11: 247324411 bytes OK
2018/11/22-15:07:10.756153 7fafae7fc700 (Original Log Time 2018/11/22-15:07:10.728494) [db/memtable_list.cc:377] [usertable] Level-0 commit table #11 started
2018/11/22-15:07:10.756157 7fafae7fc700 (Original Log Time 2018/11/22-15:07:10.756063) [db/memtable_list.cc:409] [usertable] Level-0 commit table #11: memtable #1 done
2018/11/22-15:07:10.756158 7fafae7fc700 (Original Log Time 2018/11/22-15:07:10.756072) [db/memtable_list.cc:409] [usertable] Level-0 commit table #11: memtable #2 done
2018/11/22-15:07:10.756160 7fafae7fc700 (Original Log Time 2018/11/22-15:07:10.756094) EVENT_LOG_v1 {"time_micros": 1542928030756082, "job": 2, "event": "flush_finished", "output_compression": "NoCompression", "lsm_state": [1, 0, 0, 0, 0, 0, 0], "immutable_memtables": 0}
2018/11/22-15:07:10.756161 7fafae7fc700 (Original Log Time 2018/11/22-15:07:10.756122) [db/db_impl_compaction_flush.cc:177] [usertable] Level summary: base level 1 max bytes base 536870912 files[1 0 0 0 0 0 0] max score 0.50
2018/11/22-15:07:10.756173 7fafae7fc700 [db/db_impl_files.cc:347] [JOB 2] Try to delete WAL files size 246579896, prev total WAL file size 303612777, number of live WAL files 3.
2018/11/22-15:07:13.662621 7fb0119ef700 [db/db_impl_write.cc:1373] [usertable] New memtable created with log file: #12. Immutable memtables: 0.
2018/11/22-15:07:19.937144 7fb0118ee700 [db/db_impl_write.cc:1373] [usertable] New memtable created with log file: #13. Immutable memtables: 1.
2018/11/22-15:07:19.937321 7fafc77fe700 [db/db_impl_compaction_flush.cc:80] [JOB 3] Syncing log #10
2018/11/22-15:07:20.381384 7fafc77fe700 [db/db_impl_compaction_flush.cc:80] [JOB 3] Syncing log #12
2018/11/22-15:07:21.403131 7fafc77fe700 (Original Log Time 2018/11/22-15:07:19.937299) [db/db_impl_compaction_flush.cc:1424] Calling FlushMemTableToOutputFile with column family [usertable], flush slots available 24, compaction slots available 1, flush slots scheduled 1, compaction slots scheduled 0
2018/11/22-15:07:21.403140 7fafc77fe700 [db/flush_job.cc:301] [usertable] [JOB 3] Flushing memtable with next log file: 12
2018/11/22-15:07:21.403160 7fafc77fe700 [db/flush_job.cc:301] [usertable] [JOB 3] Flushing memtable with next log file: 13
2018/11/22-15:07:21.403194 7fafc77fe700 EVENT_LOG_v1 {"time_micros": 1542928041403182, "job": 3, "event": "flush_started", "num_memtables": 2, "num_entries": 59718, "num_deletes": 0, "memory_usage": 260072608, "flush_reason": "Write Buffer Full"}
2018/11/22-15:07:21.403202 7fafc77fe700 [db/flush_job.cc:331] [usertable] [JOB 3] Level-0 flush table #14: started
2018/11/22-15:07:24.155362 7fafc77fe700 EVENT_LOG_v1 {"time_micros": 1542928044155335, "cf_name": "usertable", "job": 3, "event": "table_file_creation", "file_number": 14, "file_size": 247316125, "table_properties": {"data_size": 246217314, "index_size": 1097884, "filter_size": 0, "raw_key_size": 1433232, "raw_average_key_size": 24, "raw_value_size": 244604928, "raw_average_value_size": 4096, "num_data_blocks": 29859, "num_entries": 59718, "filter_policy_name": "", "kDeletedKeys": "0", "kMergeOperands": "0"}}
2018/11/22-15:07:24.155385 7fafc77fe700 [db/flush_job.cc:371] [usertable] [JOB 3] Level-0 flush table #14: 247316125 bytes OK
2018/11/22-15:07:24.257470 7fafc77fe700 (Original Log Time 2018/11/22-15:07:24.155402) [db/memtable_list.cc:377] [usertable] Level-0 commit table #14 started
2018/11/22-15:07:24.257474 7fafc77fe700 (Original Log Time 2018/11/22-15:07:24.257367) [db/memtable_list.cc:409] [usertable] Level-0 commit table #14: memtable #1 done
2018/11/22-15:07:24.257475 7fafc77fe700 (Original Log Time 2018/11/22-15:07:24.257370) [db/memtable_list.cc:409] [usertable] Level-0 commit table #14: memtable #2 done
2018/11/22-15:07:24.257477 7fafc77fe700 (Original Log Time 2018/11/22-15:07:24.257391) EVENT_LOG_v1 {"time_micros": 1542928044257381, "job": 3, "event": "flush_finished", "output_compression": "NoCompression", "lsm_state": [2, 0, 0, 0, 0, 0, 0], "immutable_memtables": 0}
2018/11/22-15:07:24.257479 7fafc77fe700 (Original Log Time 2018/11/22-15:07:24.257448) [db/db_impl_compaction_flush.cc:177] [usertable] Level summary: base level 1 max bytes base 536870912 files[2 0 0 0 0 0 0] max score 1.00
2018/11/22-15:07:24.257490 7fafc77fe700 [db/db_impl_files.cc:347] [JOB 3] Try to delete WAL files size 246570018, prev total WAL file size 335762372, number of live WAL files 3.
2018/11/22-15:07:24.257733 7fb008ffe700 [WARN] [db/db_impl.cc:491] ------- DUMPING STATS -------
2018/11/22-15:07:24.289334 7fb008ffe700 [WARN] [db/db_impl.cc:492] 
** DB Stats **
Uptime(secs): 28.4 total, 28.4 interval
Cumulative writes: 141K writes, 141K keys, 140K commit groups, 1.0 writes per commit group, ingest: 0.54 GB, 19.57 MB/s
Cumulative WAL: 141K writes, 0 syncs, 141040.00 writes per sync, written: 0.54 GB, 19.57 MB/s
Cumulative stall: 00:00:0.000 H:M:S, 0.0 percent
Interval writes: 141K writes, 141K keys, 140K commit groups, 1.0 writes per commit group, ingest: 555.36 MB, 19.57 MB/s
Interval WAL: 141K writes, 0 syncs, 141040.00 writes per sync, written: 0.54 MB, 19.57 MB/s
Interval stall: 00:00:0.000 H:M:S, 0.0 percent

** Compaction Stats [default] **
Level    Files   Size     Score Read(GB)  Rn(GB) Rnp1(GB) Write(GB) Wnew(GB) Moved(GB) W-Amp Rd(MB/s) Wr(MB/s) Comp(sec) Comp(cnt) Avg(sec) KeyIn KeyDrop
----------------------------------------------------------------------------------------------------------------------------------------------------------
 Sum      0/0    0.00 KB   0.0      0.0     0.0      0.0       0.0      0.0       0.0   0.0      0.0      0.0         0         0    0.000       0      0
 Int      0/0    0.00 KB   0.0      0.0     0.0      0.0       0.0      0.0       0.0   0.0      0.0      0.0         0         0    0.000       0      0
Uptime(secs): 28.4 total, 28.4 interval
Flush(GB): cumulative 0.000, interval 0.000
AddFile(GB): cumulative 0.000, interval 0.000
AddFile(Total Files): cumulative 0, interval 0
AddFile(L0 Files): cumulative 0, interval 0
AddFile(Keys): cumulative 0, interval 0
Cumulative compaction: 0.00 GB write, 0.00 MB/s write, 0.00 GB read, 0.00 MB/s read, 0.0 seconds
Interval compaction: 0.00 GB write, 0.00 MB/s write, 0.00 GB read, 0.00 MB/s read, 0.0 seconds
Stalls(count): 0 level0_slowdown, 0 level0_slowdown_with_compaction, 0 level0_numfiles, 0 level0_numfiles_with_compaction, 0 stop for pending_compaction_bytes, 0 slowdown for pending_compaction_bytes, 0 memtable_compaction, 0 memtable_slowdown, interval 0 total count

** File Read Latency Histogram By Level [default] **

** Compaction Stats [usertable] **
Level    Files   Size     Score Read(GB)  Rn(GB) Rnp1(GB) Write(GB) Wnew(GB) Moved(GB) W-Amp Rd(MB/s) Wr(MB/s) Comp(sec) Comp(cnt) Avg(sec) KeyIn KeyDrop
----------------------------------------------------------------------------------------------------------------------------------------------------------
  L0      2/0   471.73 MB   1.0      0.0     0.0      0.0       0.5      0.5       0.0   1.0      0.0    105.1         4         2    2.245       0      0
 Sum      2/0   471.73 MB   0.0      0.0     0.0      0.0       0.5      0.5       0.0   1.0      0.0    105.1         4         2    2.245       0      0
 Int      0/0    0.00 KB   0.0      0.0     0.0      0.0       0.5      0.5       0.0   1.0      0.0    105.1         4         2    2.245       0      0
Uptime(secs): 28.3 total, 28.3 interval
Flush(GB): cumulative 0.461, interval 0.461
AddFile(GB): cumulative 0.000, interval 0.000
AddFile(Total Files): cumulative 0, interval 0
AddFile(L0 Files): cumulative 0, interval 0
AddFile(Keys): cumulative 0, interval 0
Cumulative compaction: 0.46 GB write, 16.68 MB/s write, 0.00 GB read, 0.00 MB/s read, 4.5 seconds
Interval compaction: 0.46 GB write, 16.68 MB/s write, 0.00 GB read, 0.00 MB/s read, 4.5 seconds
Stalls(count): 0 level0_slowdown, 0 level0_slowdown_with_compaction, 0 level0_numfiles, 0 level0_numfiles_with_compaction, 0 stop for pending_compaction_bytes, 0 slowdown for pending_compaction_bytes, 0 memtable_compaction, 0 memtable_slowdown, interval 0 total count

** File Read Latency Histogram By Level [usertable] **

** Compaction Stats [default] **
Level    Files   Size     Score Read(GB)  Rn(GB) Rnp1(GB) Write(GB) Wnew(GB) Moved(GB) W-Amp Rd(MB/s) Wr(MB/s) Comp(sec) Comp(cnt) Avg(sec) KeyIn KeyDrop
----------------------------------------------------------------------------------------------------------------------------------------------------------
 Sum      0/0    0.00 KB   0.0      0.0     0.0      0.0       0.0      0.0       0.0   0.0      0.0      0.0         0         0    0.000       0      0
 Int      0/0    0.00 KB   0.0      0.0     0.0      0.0       0.0      0.0       0.0   0.0      0.0      0.0         0         0    0.000       0      0
Uptime(secs): 28.4 total, 0.0 interval
Flush(GB): cumulative 0.000, interval 0.000
AddFile(GB): cumulative 0.000, interval 0.000
AddFile(Total Files): cumulative 0, interval 0
AddFile(L0 Files): cumulative 0, interval 0
AddFile(Keys): cumulative 0, interval 0
Cumulative compaction: 0.00 GB write, 0.00 MB/s write, 0.00 GB read, 0.00 MB/s read, 0.0 seconds
Interval compaction: 0.00 GB write, 0.00 MB/s write, 0.00 GB read, 0.00 MB/s read, 0.0 seconds
Stalls(count): 0 level0_slowdown, 0 level0_slowdown_with_compaction, 0 level0_numfiles, 0 level0_numfiles_with_compaction, 0 stop for pending_compaction_bytes, 0 slowdown for pending_compaction_bytes, 0 memtable_compaction, 0 memtable_slowdown, interval 0 total count

** File Read Latency Histogram By Level [default] **

** Compaction Stats [usertable] **
Level    Files   Size     Score Read(GB)  Rn(GB) Rnp1(GB) Write(GB) Wnew(GB) Moved(GB) W-Amp Rd(MB/s) Wr(MB/s) Comp(sec) Comp(cnt) Avg(sec) KeyIn KeyDrop
----------------------------------------------------------------------------------------------------------------------------------------------------------
  L0      2/0   471.73 MB   1.0      0.0     0.0      0.0       0.5      0.5       0.0   1.0      0.0    105.1         4         2    2.245       0      0
 Sum      2/0   471.73 MB   0.0      0.0     0.0      0.0       0.5      0.5       0.0   1.0      0.0    105.1         4         2    2.245       0      0
 Int      0/0    0.00 KB   0.0      0.0     0.0      0.0       0.0      0.0       0.0   0.0      0.0      0.0         0         0    0.000       0      0
Uptime(secs): 28.3 total, 0.0 interval
Flush(GB): cumulative 0.461, interval 0.000
AddFile(GB): cumulative 0.000, interval 0.000
AddFile(Total Files): cumulative 0, interval 0
AddFile(L0 Files): cumulative 0, interval 0
AddFile(Keys): cumulative 0, interval 0
Cumulative compaction: 0.46 GB write, 16.68 MB/s write, 0.00 GB read, 0.00 MB/s read, 4.5 seconds
Interval compaction: 0.00 GB write, 0.00 MB/s write, 0.00 GB read, 0.00 MB/s read, 0.0 seconds
Stalls(count): 0 level0_slowdown, 0 level0_slowdown_with_compaction, 0 level0_numfiles, 0 level0_numfiles_with_compaction, 0 stop for pending_compaction_bytes, 0 slowdown for pending_compaction_bytes, 0 memtable_compaction, 0 memtable_slowdown, interval 0 total count

** File Read Latency Histogram By Level [usertable] **
2018/11/22-15:07:24.374729 7fb008ffe700 (Original Log Time 2018/11/22-15:07:24.297538) [db/db_impl_compaction_flush.cc:1835] [usertable] Moving #11 to level-1 247324411 bytes
2018/11/22-15:07:24.374732 7fb008ffe700 (Original Log Time 2018/11/22-15:07:24.374677) EVENT_LOG_v1 {"time_micros": 1542928044374659, "job": 4, "event": "trivial_move", "destination_level": 1, "files": 1, "total_files_size": 247324411}
2018/11/22-15:07:24.374734 7fb008ffe700 (Original Log Time 2018/11/22-15:07:24.374688) [db/db_impl_compaction_flush.cc:1864] [usertable] Moved #1 files to level-1 247324411 bytes OK: base level 1 max bytes base 536870912 files[1 1 0 0 0 0 0] max score 0.50
2018/11/22-15:07:26.212285 7fb0119ef700 [db/db_impl_write.cc:1373] [usertable] New memtable created with log file: #15. Immutable memtables: 0.
2018/11/22-15:07:32.486846 7fb0118ee700 [db/db_impl_write.cc:1373] [usertable] New memtable created with log file: #16. Immutable memtables: 1.
2018/11/22-15:07:32.487073 7fafc6ffd700 [db/db_impl_compaction_flush.cc:80] [JOB 5] Syncing log #13
2018/11/22-15:07:33.165400 7fafc6ffd700 [db/db_impl_compaction_flush.cc:80] [JOB 5] Syncing log #15
2018/11/22-15:07:34.280088 7fafc6ffd700 (Original Log Time 2018/11/22-15:07:32.487046) [db/db_impl_compaction_flush.cc:1424] Calling FlushMemTableToOutputFile with column family [usertable], flush slots available 24, compaction slots available 1, flush slots scheduled 1, compaction slots scheduled 0
2018/11/22-15:07:34.280099 7fafc6ffd700 [db/flush_job.cc:301] [usertable] [JOB 5] Flushing memtable with next log file: 15
2018/11/22-15:07:34.280106 7fafc6ffd700 [db/flush_job.cc:301] [usertable] [JOB 5] Flushing memtable with next log file: 16
2018/11/22-15:07:34.280138 7fafc6ffd700 EVENT_LOG_v1 {"time_micros": 1542928054280127, "job": 5, "event": "flush_started", "num_memtables": 2, "num_entries": 62748, "num_deletes": 0, "memory_usage": 260055968, "flush_reason": "Write Buffer Full"}
2018/11/22-15:07:34.280145 7fafc6ffd700 [db/flush_job.cc:331] [usertable] [JOB 5] Level-0 flush table #17: started
2018/11/22-15:07:36.512061 7fafc6ffd700 EVENT_LOG_v1 {"time_micros": 1542928056512037, "cf_name": "usertable", "job": 5, "event": "table_file_creation", "file_number": 17, "file_size": 259864533, "table_properties": {"data_size": 258710004, "index_size": 1153602, "filter_size": 0, "raw_key_size": 1505952, "raw_average_key_size": 24, "raw_value_size": 257015808, "raw_average_value_size": 4096, "num_data_blocks": 31374, "num_entries": 62748, "filter_policy_name": "", "kDeletedKeys": "0", "kMergeOperands": "0"}}
2018/11/22-15:07:36.512084 7fafc6ffd700 [db/flush_job.cc:371] [usertable] [JOB 5] Level-0 flush table #17: 259864533 bytes OK
2018/11/22-15:07:36.587958 7fafc6ffd700 (Original Log Time 2018/11/22-15:07:36.512100) [db/memtable_list.cc:377] [usertable] Level-0 commit table #17 started
2018/11/22-15:07:36.587963 7fafc6ffd700 (Original Log Time 2018/11/22-15:07:36.587862) [db/memtable_list.cc:409] [usertable] Level-0 commit table #17: memtable #1 done
2018/11/22-15:07:36.587965 7fafc6ffd700 (Original Log Time 2018/11/22-15:07:36.587864) [db/memtable_list.cc:409] [usertable] Level-0 commit table #17: memtable #2 done
2018/11/22-15:07:36.587968 7fafc6ffd700 (Original Log Time 2018/11/22-15:07:36.587884) EVENT_LOG_v1 {"time_micros": 1542928056587874, "job": 5, "event": "flush_finished", "output_compression": "NoCompression", "lsm_state": [2, 1, 0, 0, 0, 0, 0], "immutable_memtables": 0}
2018/11/22-15:07:36.587970 7fafc6ffd700 (Original Log Time 2018/11/22-15:07:36.587932) [db/db_impl_compaction_flush.cc:177] [usertable] Level summary: base level 1 max bytes base 536870912 files[2 1 0 0 0 0 0] max score 1.00
