2019/03/22-10:07:58.337957 7f88f4cfb700 RocksDB version: 5.14.3
2019/03/22-10:07:58.338011 7f88f4cfb700 Git sha rocksdb_build_git_sha:
2019/03/22-10:07:58.338014 7f88f4cfb700 Compile date Oct  9 2018
2019/03/22-10:07:58.338022 7f88f4cfb700 DB SUMMARY
2019/03/22-10:07:58.338529 7f88f4cfb700 CURRENT file:  CURRENT
2019/03/22-10:07:58.338532 7f88f4cfb700 IDENTITY file:  IDENTITY
2019/03/22-10:07:58.338542 7f88f4cfb700 MANIFEST file:  MANIFEST-000004 size: 137479 Bytes
2019/03/22-10:07:58.338546 7f88f4cfb700 SST files in /mnt/sde/ycsb-rocksdb-data dir, Total Num: 718, files: 000022.sst 000029.sst 000030.sst 000031.sst 000032.sst 000036.sst 000037.sst 000038.sst 000039.sst 
2019/03/22-10:07:58.338550 7f88f4cfb700 Write Ahead Log file in /mnt/sde/ycsb-rocksdb-data: 001468.log size: 113845461 ; 001474.log size: 23424482 ; 
2019/03/22-10:07:58.338575 7f88f4cfb700                         Options.error_if_exists: 0
2019/03/22-10:07:58.338577 7f88f4cfb700                       Options.create_if_missing: 1
2019/03/22-10:07:58.338578 7f88f4cfb700                         Options.paranoid_checks: 1
2019/03/22-10:07:58.338579 7f88f4cfb700                                     Options.env: 0x7f88d3ffb080
2019/03/22-10:07:58.338580 7f88f4cfb700                                Options.info_log: 0x7f88d83c3cb0
2019/03/22-10:07:58.338581 7f88f4cfb700                Options.max_file_opening_threads: 16
2019/03/22-10:07:58.338582 7f88f4cfb700                              Options.statistics: (nil)
2019/03/22-10:07:58.338583 7f88f4cfb700                               Options.use_fsync: 0
2019/03/22-10:07:58.338584 7f88f4cfb700                       Options.max_log_file_size: 0
2019/03/22-10:07:58.338585 7f88f4cfb700                  Options.max_manifest_file_size: 18446744073709551615
2019/03/22-10:07:58.338586 7f88f4cfb700                   Options.log_file_time_to_roll: 0
2019/03/22-10:07:58.338587 7f88f4cfb700                       Options.keep_log_file_num: 1000
2019/03/22-10:07:58.338588 7f88f4cfb700                    Options.recycle_log_file_num: 0
2019/03/22-10:07:58.338589 7f88f4cfb700                         Options.allow_fallocate: 1
2019/03/22-10:07:58.338590 7f88f4cfb700                        Options.allow_mmap_reads: 0
2019/03/22-10:07:58.338591 7f88f4cfb700                       Options.allow_mmap_writes: 0
2019/03/22-10:07:58.338592 7f88f4cfb700                        Options.use_direct_reads: 0
2019/03/22-10:07:58.338593 7f88f4cfb700                        Options.use_direct_io_for_flush_and_compaction: 0
2019/03/22-10:07:58.338594 7f88f4cfb700          Options.create_missing_column_families: 1
2019/03/22-10:07:58.338595 7f88f4cfb700                              Options.db_log_dir: 
2019/03/22-10:07:58.338596 7f88f4cfb700                                 Options.wal_dir: /mnt/sde/ycsb-rocksdb-data
2019/03/22-10:07:58.338597 7f88f4cfb700                Options.table_cache_numshardbits: 6
2019/03/22-10:07:58.338598 7f88f4cfb700                      Options.max_subcompactions: 4
2019/03/22-10:07:58.338599 7f88f4cfb700                  Options.max_background_flushes: 24
2019/03/22-10:07:58.338600 7f88f4cfb700                         Options.WAL_ttl_seconds: 0
2019/03/22-10:07:58.338601 7f88f4cfb700                       Options.WAL_size_limit_MB: 0
2019/03/22-10:07:58.338602 7f88f4cfb700             Options.manifest_preallocation_size: 4194304
2019/03/22-10:07:58.338603 7f88f4cfb700                     Options.is_fd_close_on_exec: 1
2019/03/22-10:07:58.338604 7f88f4cfb700                   Options.advise_random_on_open: 1
2019/03/22-10:07:58.338605 7f88f4cfb700                    Options.db_write_buffer_size: 0
2019/03/22-10:07:58.338606 7f88f4cfb700                    Options.write_buffer_manager: 0x7f88d83c3f40
2019/03/22-10:07:58.338607 7f88f4cfb700         Options.access_hint_on_compaction_start: 1
2019/03/22-10:07:58.338608 7f88f4cfb700  Options.new_table_reader_for_compaction_inputs: 0
2019/03/22-10:07:58.338609 7f88f4cfb700           Options.random_access_max_buffer_size: 1048576
2019/03/22-10:07:58.338610 7f88f4cfb700                      Options.use_adaptive_mutex: 0
2019/03/22-10:07:58.338611 7f88f4cfb700                            Options.rate_limiter: (nil)
2019/03/22-10:07:58.338625 7f88f4cfb700     Options.sst_file_manager.rate_bytes_per_sec: 0
2019/03/22-10:07:58.338626 7f88f4cfb700                       Options.wal_recovery_mode: 2
2019/03/22-10:07:58.338627 7f88f4cfb700                  Options.enable_thread_tracking: 0
2019/03/22-10:07:58.338628 7f88f4cfb700                  Options.enable_pipelined_write: 1
2019/03/22-10:07:58.338629 7f88f4cfb700         Options.allow_concurrent_memtable_write: 1
2019/03/22-10:07:58.338630 7f88f4cfb700      Options.enable_write_thread_adaptive_yield: 1
2019/03/22-10:07:58.338631 7f88f4cfb700             Options.write_thread_max_yield_usec: 100
2019/03/22-10:07:58.338632 7f88f4cfb700            Options.write_thread_slow_yield_usec: 3
2019/03/22-10:07:58.338633 7f88f4cfb700                               Options.row_cache: None
2019/03/22-10:07:58.338634 7f88f4cfb700                              Options.wal_filter: None
2019/03/22-10:07:58.338635 7f88f4cfb700             Options.avoid_flush_during_recovery: 0
2019/03/22-10:07:58.338636 7f88f4cfb700             Options.allow_ingest_behind: 0
2019/03/22-10:07:58.338637 7f88f4cfb700             Options.preserve_deletes: 0
2019/03/22-10:07:58.338638 7f88f4cfb700             Options.two_write_queues: 0
2019/03/22-10:07:58.338639 7f88f4cfb700             Options.manual_wal_flush: 0
2019/03/22-10:07:58.338641 7f88f4cfb700             Options.max_background_jobs: 24
2019/03/22-10:07:58.338642 7f88f4cfb700             Options.max_background_compactions: 24
2019/03/22-10:07:58.338643 7f88f4cfb700             Options.avoid_flush_during_shutdown: 0
2019/03/22-10:07:58.338644 7f88f4cfb700           Options.writable_file_max_buffer_size: 1048576
2019/03/22-10:07:58.338645 7f88f4cfb700             Options.delayed_write_rate : 16777216
2019/03/22-10:07:58.338646 7f88f4cfb700             Options.max_total_wal_size: 0
2019/03/22-10:07:58.338647 7f88f4cfb700             Options.delete_obsolete_files_period_micros: 21600000000
2019/03/22-10:07:58.338648 7f88f4cfb700                   Options.stats_dump_period_sec: 60
2019/03/22-10:07:58.338649 7f88f4cfb700                          Options.max_open_files: -1
2019/03/22-10:07:58.338650 7f88f4cfb700                          Options.bytes_per_sync: 1048576
2019/03/22-10:07:58.338651 7f88f4cfb700                      Options.wal_bytes_per_sync: 0
2019/03/22-10:07:58.338652 7f88f4cfb700       Options.compaction_readahead_size: 0
2019/03/22-10:07:58.338653 7f88f4cfb700 Compression algorithms supported:
2019/03/22-10:07:58.338654 7f88f4cfb700 	kZSTDNotFinalCompression supported: 1
2019/03/22-10:07:58.338661 7f88f4cfb700 	kZSTD supported: 1
2019/03/22-10:07:58.338662 7f88f4cfb700 	kXpressCompression supported: 0
2019/03/22-10:07:58.338664 7f88f4cfb700 	kLZ4HCCompression supported: 1
2019/03/22-10:07:58.338665 7f88f4cfb700 	kLZ4Compression supported: 1
2019/03/22-10:07:58.338666 7f88f4cfb700 	kBZip2Compression supported: 1
2019/03/22-10:07:58.338667 7f88f4cfb700 	kZlibCompression supported: 1
2019/03/22-10:07:58.338668 7f88f4cfb700 	kSnappyCompression supported: 1
2019/03/22-10:07:58.338672 7f88f4cfb700 Fast CRC32 supported: Not supported on x86
2019/03/22-10:07:58.339195 7f88f4cfb700 [db/version_set.cc:3085] Recovering from manifest file: MANIFEST-000004
2019/03/22-10:07:58.339355 7f88f4cfb700 [db/column_family.cc:475] --------------- Options for column family [default]:
2019/03/22-10:07:58.339359 7f88f4cfb700               Options.comparator: leveldb.BytewiseComparator
2019/03/22-10:07:58.339361 7f88f4cfb700           Options.merge_operator: None
2019/03/22-10:07:58.339362 7f88f4cfb700        Options.compaction_filter: None
2019/03/22-10:07:58.339363 7f88f4cfb700        Options.compaction_filter_factory: None
2019/03/22-10:07:58.339364 7f88f4cfb700         Options.memtable_factory: SkipListFactory
2019/03/22-10:07:58.339365 7f88f4cfb700            Options.table_factory: BlockBasedTable
2019/03/22-10:07:58.339391 7f88f4cfb700            table_factory options:   flush_block_policy_factory: FlushBlockBySizePolicyFactory (0x7f88d83ba4c0)
  cache_index_and_filter_blocks: 0
  cache_index_and_filter_blocks_with_high_priority: 0
  pin_l0_filter_and_index_blocks_in_cache: 0
  index_type: 0
  hash_index_allow_collision: 1
  checksum: 1
  no_block_cache: 0
  block_cache: 0x7f88d83b6330
  block_cache_name: LRUCache
  block_cache_options:
    capacity : 8388608
    num_shard_bits : 4
    strict_capacity_limit : 0
    high_pri_pool_ratio: 0.000
  block_cache_compressed: (nil)
  persistent_cache: (nil)
  block_size: 8192
  block_size_deviation: 10
  block_restart_interval: 16
  index_block_restart_interval: 1
  metadata_block_size: 4096
  partition_filters: 0
  use_delta_encoding: 1
  filter_policy: nullptr
  whole_key_filtering: 1
  verify_compression: 0
  read_amp_bytes_per_bit: 0
  format_version: 2
  enable_index_compression: 1
  block_align: 0
2019/03/22-10:07:58.339405 7f88f4cfb700        Options.write_buffer_size: 134217728
2019/03/22-10:07:58.339407 7f88f4cfb700  Options.max_write_buffer_number: 24
2019/03/22-10:07:58.339409 7f88f4cfb700        Options.compression[0]: NoCompression
2019/03/22-10:07:58.339410 7f88f4cfb700        Options.compression[1]: NoCompression
2019/03/22-10:07:58.339412 7f88f4cfb700        Options.compression[2]: LZ4
2019/03/22-10:07:58.339413 7f88f4cfb700        Options.compression[3]: LZ4
2019/03/22-10:07:58.339414 7f88f4cfb700        Options.compression[4]: LZ4
2019/03/22-10:07:58.339415 7f88f4cfb700        Options.compression[5]: LZ4
2019/03/22-10:07:58.339417 7f88f4cfb700        Options.compression[6]: LZ4
2019/03/22-10:07:58.339418 7f88f4cfb700                  Options.bottommost_compression: Disabled
2019/03/22-10:07:58.339419 7f88f4cfb700       Options.prefix_extractor: nullptr
2019/03/22-10:07:58.339420 7f88f4cfb700   Options.memtable_insert_with_hint_prefix_extractor: nullptr
2019/03/22-10:07:58.339421 7f88f4cfb700             Options.num_levels: 7
2019/03/22-10:07:58.339422 7f88f4cfb700        Options.min_write_buffer_number_to_merge: 2
2019/03/22-10:07:58.339423 7f88f4cfb700     Options.max_write_buffer_number_to_maintain: 0
2019/03/22-10:07:58.339424 7f88f4cfb700            Options.compression_opts.window_bits: -14
2019/03/22-10:07:58.339425 7f88f4cfb700                  Options.compression_opts.level: -1
2019/03/22-10:07:58.339426 7f88f4cfb700               Options.compression_opts.strategy: 0
2019/03/22-10:07:58.339427 7f88f4cfb700         Options.compression_opts.max_dict_bytes: 0
2019/03/22-10:07:58.339428 7f88f4cfb700         Options.compression_opts.zstd_max_train_bytes: 0
2019/03/22-10:07:58.339429 7f88f4cfb700      Options.level0_file_num_compaction_trigger: 2
2019/03/22-10:07:58.339430 7f88f4cfb700          Options.level0_slowdown_writes_trigger: 20
2019/03/22-10:07:58.339431 7f88f4cfb700              Options.level0_stop_writes_trigger: 36
2019/03/22-10:07:58.339432 7f88f4cfb700                   Options.target_file_size_base: 67108864
2019/03/22-10:07:58.339433 7f88f4cfb700             Options.target_file_size_multiplier: 1
2019/03/22-10:07:58.339434 7f88f4cfb700                Options.max_bytes_for_level_base: 536870912
2019/03/22-10:07:58.339435 7f88f4cfb700 Options.level_compaction_dynamic_level_bytes: 0
2019/03/22-10:07:58.339436 7f88f4cfb700          Options.max_bytes_for_level_multiplier: 10.000000
2019/03/22-10:07:58.339439 7f88f4cfb700 Options.max_bytes_for_level_multiplier_addtl[0]: 1
2019/03/22-10:07:58.339440 7f88f4cfb700 Options.max_bytes_for_level_multiplier_addtl[1]: 1
2019/03/22-10:07:58.339441 7f88f4cfb700 Options.max_bytes_for_level_multiplier_addtl[2]: 1
2019/03/22-10:07:58.339442 7f88f4cfb700 Options.max_bytes_for_level_multiplier_addtl[3]: 1
2019/03/22-10:07:58.339443 7f88f4cfb700 Options.max_bytes_for_level_multiplier_addtl[4]: 1
2019/03/22-10:07:58.339444 7f88f4cfb700 Options.max_bytes_for_level_multiplier_addtl[5]: 1
2019/03/22-10:07:58.339445 7f88f4cfb700 Options.max_bytes_for_level_multiplier_addtl[6]: 1
2019/03/22-10:07:58.339446 7f88f4cfb700       Options.max_sequential_skip_in_iterations: 8
2019/03/22-10:07:58.339447 7f88f4cfb700                    Options.max_compaction_bytes: 1677721600
2019/03/22-10:07:58.339455 7f88f4cfb700                        Options.arena_block_size: 16777216
2019/03/22-10:07:58.339456 7f88f4cfb700   Options.soft_pending_compaction_bytes_limit: 68719476736
2019/03/22-10:07:58.339457 7f88f4cfb700   Options.hard_pending_compaction_bytes_limit: 274877906944
2019/03/22-10:07:58.339458 7f88f4cfb700       Options.rate_limit_delay_max_milliseconds: 100
2019/03/22-10:07:58.339459 7f88f4cfb700                Options.disable_auto_compactions: 0
2019/03/22-10:07:58.339461 7f88f4cfb700                        Options.compaction_style: kCompactionStyleLevel
2019/03/22-10:07:58.339462 7f88f4cfb700                          Options.compaction_pri: kByCompensatedSize
2019/03/22-10:07:58.339463 7f88f4cfb700 Options.compaction_options_universal.size_ratio: 1
2019/03/22-10:07:58.339464 7f88f4cfb700 Options.compaction_options_universal.min_merge_width: 2
2019/03/22-10:07:58.339465 7f88f4cfb700 Options.compaction_options_universal.max_merge_width: 4294967295
2019/03/22-10:07:58.339466 7f88f4cfb700 Options.compaction_options_universal.max_size_amplification_percent: 200
2019/03/22-10:07:58.339468 7f88f4cfb700 Options.compaction_options_universal.compression_size_percent: -1
2019/03/22-10:07:58.339469 7f88f4cfb700 Options.compaction_options_universal.stop_style: kCompactionStopStyleTotalSize
2019/03/22-10:07:58.339470 7f88f4cfb700 Options.compaction_options_fifo.max_table_files_size: 1073741824
2019/03/22-10:07:58.339471 7f88f4cfb700 Options.compaction_options_fifo.allow_compaction: 0
2019/03/22-10:07:58.339472 7f88f4cfb700 Options.compaction_options_fifo.ttl: 0
2019/03/22-10:07:58.339473 7f88f4cfb700                   Options.table_properties_collectors: 
2019/03/22-10:07:58.339474 7f88f4cfb700                   Options.inplace_update_support: 0
2019/03/22-10:07:58.339475 7f88f4cfb700                 Options.inplace_update_num_locks: 10000
2019/03/22-10:07:58.339476 7f88f4cfb700               Options.memtable_prefix_bloom_size_ratio: 0.000000
2019/03/22-10:07:58.339478 7f88f4cfb700   Options.memtable_huge_page_size: 0
2019/03/22-10:07:58.339479 7f88f4cfb700                           Options.bloom_locality: 0
2019/03/22-10:07:58.339480 7f88f4cfb700                    Options.max_successive_merges: 0
2019/03/22-10:07:58.339481 7f88f4cfb700                Options.optimize_filters_for_hits: 0
2019/03/22-10:07:58.339482 7f88f4cfb700                Options.paranoid_file_checks: 0
2019/03/22-10:07:58.339483 7f88f4cfb700                Options.force_consistency_checks: 0
2019/03/22-10:07:58.339483 7f88f4cfb700                Options.report_bg_io_stats: 0
2019/03/22-10:07:58.339484 7f88f4cfb700                               Options.ttl: 0
2019/03/22-10:07:58.340001 7f88f4cfb700 [db/column_family.cc:475] --------------- Options for column family [usertable]:
2019/03/22-10:07:58.340005 7f88f4cfb700               Options.comparator: leveldb.BytewiseComparator
2019/03/22-10:07:58.340006 7f88f4cfb700           Options.merge_operator: None
2019/03/22-10:07:58.340007 7f88f4cfb700        Options.compaction_filter: None
2019/03/22-10:07:58.340008 7f88f4cfb700        Options.compaction_filter_factory: None
2019/03/22-10:07:58.340009 7f88f4cfb700         Options.memtable_factory: SkipListFactory
2019/03/22-10:07:58.340010 7f88f4cfb700            Options.table_factory: BlockBasedTable
2019/03/22-10:07:58.340036 7f88f4cfb700            table_factory options:   flush_block_policy_factory: FlushBlockBySizePolicyFactory (0x7f88d83c7cf0)
  cache_index_and_filter_blocks: 0
  cache_index_and_filter_blocks_with_high_priority: 0
  pin_l0_filter_and_index_blocks_in_cache: 0
  index_type: 0
  hash_index_allow_collision: 1
  checksum: 1
  no_block_cache: 0
  block_cache: 0x7f88d83c5d50
  block_cache_name: LRUCache
  block_cache_options:
    capacity : 8388608
    num_shard_bits : 4
    strict_capacity_limit : 0
    high_pri_pool_ratio: 0.000
  block_cache_compressed: (nil)
  persistent_cache: (nil)
  block_size: 8192
  block_size_deviation: 10
  block_restart_interval: 16
  index_block_restart_interval: 1
  metadata_block_size: 4096
  partition_filters: 0
  use_delta_encoding: 1
  filter_policy: nullptr
  whole_key_filtering: 1
  verify_compression: 0
  read_amp_bytes_per_bit: 0
  format_version: 2
  enable_index_compression: 1
  block_align: 0
2019/03/22-10:07:58.340051 7f88f4cfb700        Options.write_buffer_size: 134217728
2019/03/22-10:07:58.340053 7f88f4cfb700  Options.max_write_buffer_number: 24
2019/03/22-10:07:58.340054 7f88f4cfb700        Options.compression[0]: NoCompression
2019/03/22-10:07:58.340055 7f88f4cfb700        Options.compression[1]: NoCompression
2019/03/22-10:07:58.340057 7f88f4cfb700        Options.compression[2]: LZ4
2019/03/22-10:07:58.340058 7f88f4cfb700        Options.compression[3]: LZ4
2019/03/22-10:07:58.340059 7f88f4cfb700        Options.compression[4]: LZ4
2019/03/22-10:07:58.340060 7f88f4cfb700        Options.compression[5]: LZ4
2019/03/22-10:07:58.340061 7f88f4cfb700        Options.compression[6]: LZ4
2019/03/22-10:07:58.340063 7f88f4cfb700                  Options.bottommost_compression: Disabled
2019/03/22-10:07:58.340064 7f88f4cfb700       Options.prefix_extractor: nullptr
2019/03/22-10:07:58.340065 7f88f4cfb700   Options.memtable_insert_with_hint_prefix_extractor: nullptr
2019/03/22-10:07:58.340066 7f88f4cfb700             Options.num_levels: 7
2019/03/22-10:07:58.340067 7f88f4cfb700        Options.min_write_buffer_number_to_merge: 2
2019/03/22-10:07:58.340068 7f88f4cfb700     Options.max_write_buffer_number_to_maintain: 0
2019/03/22-10:07:58.340069 7f88f4cfb700            Options.compression_opts.window_bits: -14
2019/03/22-10:07:58.340070 7f88f4cfb700                  Options.compression_opts.level: -1
2019/03/22-10:07:58.340071 7f88f4cfb700               Options.compression_opts.strategy: 0
2019/03/22-10:07:58.340072 7f88f4cfb700         Options.compression_opts.max_dict_bytes: 0
2019/03/22-10:07:58.340072 7f88f4cfb700         Options.compression_opts.zstd_max_train_bytes: 0
2019/03/22-10:07:58.340073 7f88f4cfb700      Options.level0_file_num_compaction_trigger: 2
2019/03/22-10:07:58.340074 7f88f4cfb700          Options.level0_slowdown_writes_trigger: 20
2019/03/22-10:07:58.340075 7f88f4cfb700              Options.level0_stop_writes_trigger: 36
2019/03/22-10:07:58.340076 7f88f4cfb700                   Options.target_file_size_base: 67108864
2019/03/22-10:07:58.340077 7f88f4cfb700             Options.target_file_size_multiplier: 1
2019/03/22-10:07:58.340078 7f88f4cfb700                Options.max_bytes_for_level_base: 536870912
2019/03/22-10:07:58.340079 7f88f4cfb700 Options.level_compaction_dynamic_level_bytes: 0
2019/03/22-10:07:58.340080 7f88f4cfb700          Options.max_bytes_for_level_multiplier: 10.000000
2019/03/22-10:07:58.340083 7f88f4cfb700 Options.max_bytes_for_level_multiplier_addtl[0]: 1
2019/03/22-10:07:58.340084 7f88f4cfb700 Options.max_bytes_for_level_multiplier_addtl[1]: 1
2019/03/22-10:07:58.340085 7f88f4cfb700 Options.max_bytes_for_level_multiplier_addtl[2]: 1
2019/03/22-10:07:58.340086 7f88f4cfb700 Options.max_bytes_for_level_multiplier_addtl[3]: 1
2019/03/22-10:07:58.340087 7f88f4cfb700 Options.max_bytes_for_level_multiplier_addtl[4]: 1
2019/03/22-10:07:58.340088 7f88f4cfb700 Options.max_bytes_for_level_multiplier_addtl[5]: 1
2019/03/22-10:07:58.340089 7f88f4cfb700 Options.max_bytes_for_level_multiplier_addtl[6]: 1
2019/03/22-10:07:58.340090 7f88f4cfb700       Options.max_sequential_skip_in_iterations: 8
2019/03/22-10:07:58.340091 7f88f4cfb700                    Options.max_compaction_bytes: 1677721600
2019/03/22-10:07:58.340092 7f88f4cfb700                        Options.arena_block_size: 16777216
2019/03/22-10:07:58.340093 7f88f4cfb700   Options.soft_pending_compaction_bytes_limit: 68719476736
2019/03/22-10:07:58.340094 7f88f4cfb700   Options.hard_pending_compaction_bytes_limit: 274877906944
2019/03/22-10:07:58.340095 7f88f4cfb700       Options.rate_limit_delay_max_milliseconds: 100
2019/03/22-10:07:58.340096 7f88f4cfb700                Options.disable_auto_compactions: 0
2019/03/22-10:07:58.340097 7f88f4cfb700                        Options.compaction_style: kCompactionStyleLevel
2019/03/22-10:07:58.340104 7f88f4cfb700                          Options.compaction_pri: kByCompensatedSize
2019/03/22-10:07:58.340106 7f88f4cfb700 Options.compaction_options_universal.size_ratio: 1
2019/03/22-10:07:58.340107 7f88f4cfb700 Options.compaction_options_universal.min_merge_width: 2
2019/03/22-10:07:58.340108 7f88f4cfb700 Options.compaction_options_universal.max_merge_width: 4294967295
2019/03/22-10:07:58.340109 7f88f4cfb700 Options.compaction_options_universal.max_size_amplification_percent: 200
2019/03/22-10:07:58.340110 7f88f4cfb700 Options.compaction_options_universal.compression_size_percent: -1
2019/03/22-10:07:58.340111 7f88f4cfb700 Options.compaction_options_universal.stop_style: kCompactionStopStyleTotalSize
2019/03/22-10:07:58.340112 7f88f4cfb700 Options.compaction_options_fifo.max_table_files_size: 1073741824
2019/03/22-10:07:58.340113 7f88f4cfb700 Options.compaction_options_fifo.allow_compaction: 0
2019/03/22-10:07:58.340114 7f88f4cfb700 Options.compaction_options_fifo.ttl: 0
2019/03/22-10:07:58.340115 7f88f4cfb700                   Options.table_properties_collectors: 
2019/03/22-10:07:58.340116 7f88f4cfb700                   Options.inplace_update_support: 0
2019/03/22-10:07:58.340117 7f88f4cfb700                 Options.inplace_update_num_locks: 10000
2019/03/22-10:07:58.340118 7f88f4cfb700               Options.memtable_prefix_bloom_size_ratio: 0.000000
2019/03/22-10:07:58.340119 7f88f4cfb700   Options.memtable_huge_page_size: 0
2019/03/22-10:07:58.340121 7f88f4cfb700                           Options.bloom_locality: 0
2019/03/22-10:07:58.340122 7f88f4cfb700                    Options.max_successive_merges: 0
2019/03/22-10:07:58.340122 7f88f4cfb700                Options.optimize_filters_for_hits: 0
2019/03/22-10:07:58.340123 7f88f4cfb700                Options.paranoid_file_checks: 0
2019/03/22-10:07:58.340124 7f88f4cfb700                Options.force_consistency_checks: 0
2019/03/22-10:07:58.340125 7f88f4cfb700                Options.report_bg_io_stats: 0
2019/03/22-10:07:58.340126 7f88f4cfb700                               Options.ttl: 0
2019/03/22-10:07:58.892316 7f88f4cfb700 [db/version_set.cc:3361] Recovered from manifest file:/mnt/sde/ycsb-rocksdb-data/MANIFEST-000004 succeeded,manifest_file_number is 4, next_file_number is 1475, last_sequence is 10425536, log_number is 0,prev_log_number is 0,max_column_family is 1,min_log_number_to_keep is 0
2019/03/22-10:07:58.892326 7f88f4cfb700 [db/version_set.cc:3369] Column family [default] (ID 0), log number is 0
2019/03/22-10:07:58.892329 7f88f4cfb700 [db/version_set.cc:3369] Column family [usertable] (ID 1), log number is 1468
2019/03/22-10:07:58.894255 7f88f4cfb700 EVENT_LOG_v1 {"time_micros": 1553274478894236, "job": 1, "event": "recovery_started", "log_files": [1468, 1474]}
2019/03/22-10:07:58.894263 7f88f4cfb700 [db/db_impl_open.cc:551] Recovering log #1468 mode 2
2019/03/22-10:07:59.224546 7f88f4cfb700 [db/db_impl_open.cc:551] Recovering log #1474 mode 2
2019/03/22-10:07:59.787898 7f88f4cfb700 EVENT_LOG_v1 {"time_micros": 1553274479787869, "cf_name": "usertable", "job": 1, "event": "table_file_creation", "file_number": 1475, "file_size": 129902323, "table_properties": {"data_size": 129321394, "index_size": 580007, "filter_size": 0, "raw_key_size": 752760, "raw_average_key_size": 24, "raw_value_size": 128471040, "raw_average_value_size": 4096, "num_data_blocks": 15683, "num_entries": 31365, "filter_policy_name": "", "kDeletedKeys": "0", "kMergeOperands": "0"}}
2019/03/22-10:07:59.841948 7f88f4cfb700 [db/version_set.cc:2847] Creating manifest 1476
2019/03/22-10:08:00.076951 7f88f4cfb700 EVENT_LOG_v1 {"time_micros": 1553274480076926, "cf_name": "usertable", "job": 1, "event": "table_file_creation", "file_number": 1477, "file_size": 7542160, "table_properties": {"data_size": 7507997, "index_size": 33242, "filter_size": 0, "raw_key_size": 43704, "raw_average_key_size": 24, "raw_value_size": 7458816, "raw_average_value_size": 4096, "num_data_blocks": 911, "num_entries": 1821, "filter_policy_name": "", "kDeletedKeys": "0", "kMergeOperands": "0"}}
2019/03/22-10:08:00.178028 7f88f4cfb700 EVENT_LOG_v1 {"time_micros": 1553274480178020, "job": 1, "event": "recovery_finished"}
2019/03/22-10:08:00.311590 7f88f4cfb700 [db/db_impl_open.cc:1219] DB pointer 0x7f88d83b84f0
2019/03/22-10:08:00.311956 7f88d3700700 [WARN] [db/db_impl.cc:491] ------- DUMPING STATS -------
2019/03/22-10:08:00.312006 7f88d3700700 [WARN] [db/db_impl.cc:492] 
** DB Stats **
Uptime(secs): 2.0 total, 2.0 interval
Cumulative writes: 0 writes, 0 keys, 0 commit groups, 0.0 writes per commit group, ingest: 0.00 GB, 0.00 MB/s
Cumulative WAL: 0 writes, 0 syncs, 0.00 writes per sync, written: 0.00 GB, 0.00 MB/s
Cumulative stall: 00:00:0.000 H:M:S, 0.0 percent
Interval writes: 0 writes, 0 keys, 0 commit groups, 0.0 writes per commit group, ingest: 0.00 MB, 0.00 MB/s
Interval WAL: 0 writes, 0 syncs, 0.00 writes per sync, written: 0.00 MB, 0.00 MB/s
Interval stall: 00:00:0.000 H:M:S, 0.0 percent

** Compaction Stats [default] **
Level    Files   Size     Score Read(GB)  Rn(GB) Rnp1(GB) Write(GB) Wnew(GB) Moved(GB) W-Amp Rd(MB/s) Wr(MB/s) Comp(sec) Comp(cnt) Avg(sec) KeyIn KeyDrop
----------------------------------------------------------------------------------------------------------------------------------------------------------
 Sum      0/0    0.00 KB   0.0      0.0     0.0      0.0       0.0      0.0       0.0   0.0      0.0      0.0         0         0    0.000       0      0
 Int      0/0    0.00 KB   0.0      0.0     0.0      0.0       0.0      0.0       0.0   0.0      0.0      0.0         0         0    0.000       0      0
Uptime(secs): 2.0 total, 2.0 interval
Flush(GB): cumulative 0.000, interval 0.000
AddFile(GB): cumulative 0.000, interval 0.000
AddFile(Total Files): cumulative 0, interval 0
AddFile(L0 Files): cumulative 0, interval 0
AddFile(Keys): cumulative 0, interval 0
Cumulative compaction: 0.00 GB write, 0.00 MB/s write, 0.00 GB read, 0.00 MB/s read, 0.0 seconds
Interval compaction: 0.00 GB write, 0.00 MB/s write, 0.00 GB read, 0.00 MB/s read, 0.0 seconds
Stalls(count): 0 level0_slowdown, 0 level0_slowdown_with_compaction, 0 level0_numfiles, 0 level0_numfiles_with_compaction, 0 stop for pending_compaction_bytes, 0 slowdown for pending_compaction_bytes, 0 memtable_compaction, 0 memtable_slowdown, interval 0 total count

** File Read Latency Histogram By Level [default] **

** Compaction Stats [usertable] **
Level    Files   Size     Score Read(GB)  Rn(GB) Rnp1(GB) Write(GB) Wnew(GB) Moved(GB) W-Amp Rd(MB/s) Wr(MB/s) Comp(sec) Comp(cnt) Avg(sec) KeyIn KeyDrop
----------------------------------------------------------------------------------------------------------------------------------------------------------
  L0      3/0   339.53 MB   1.5      0.0     0.0      0.0       0.1      0.1       0.0   1.0      0.0    204.6         1         2    0.320       0      0
  L1     18/0   510.48 MB   1.0      0.0     0.0      0.0       0.0      0.0       0.0   0.0      0.0      0.0         0         0    0.000       0      0
  L2    150/0    4.97 GB   1.0      0.0     0.0      0.0       0.0      0.0       0.0   0.0      0.0      0.0         0         0    0.000       0      0
  L3    549/0   34.38 GB   0.7      0.0     0.0      0.0       0.0      0.0       0.0   0.0      0.0      0.0         0         0    0.000       0      0
 Sum    720/0   40.18 GB   0.0      0.0     0.0      0.0       0.1      0.1       0.0   1.0      0.0    204.6         1         2    0.320       0      0
 Int      0/0    0.00 KB   0.0      0.0     0.0      0.0       0.1      0.1       0.0   1.0      0.0    204.6         1         2    0.320       0      0
Uptime(secs): 2.0 total, 2.0 interval
Flush(GB): cumulative 0.128, interval 0.128
AddFile(GB): cumulative 0.000, interval 0.000
AddFile(Total Files): cumulative 0, interval 0
AddFile(L0 Files): cumulative 0, interval 0
AddFile(Keys): cumulative 0, interval 0
Cumulative compaction: 0.13 GB write, 66.47 MB/s write, 0.00 GB read, 0.00 MB/s read, 0.6 seconds
Interval compaction: 0.13 GB write, 66.47 MB/s write, 0.00 GB read, 0.00 MB/s read, 0.6 seconds
Stalls(count): 0 level0_slowdown, 0 level0_slowdown_with_compaction, 0 level0_numfiles, 0 level0_numfiles_with_compaction, 0 stop for pending_compaction_bytes, 0 slowdown for pending_compaction_bytes, 0 memtable_compaction, 0 memtable_slowdown, interval 0 total count

** File Read Latency Histogram By Level [usertable] **

** Compaction Stats [default] **
Level    Files   Size     Score Read(GB)  Rn(GB) Rnp1(GB) Write(GB) Wnew(GB) Moved(GB) W-Amp Rd(MB/s) Wr(MB/s) Comp(sec) Comp(cnt) Avg(sec) KeyIn KeyDrop
----------------------------------------------------------------------------------------------------------------------------------------------------------
 Sum      0/0    0.00 KB   0.0      0.0     0.0      0.0       0.0      0.0       0.0   0.0      0.0      0.0         0         0    0.000       0      0
 Int      0/0    0.00 KB   0.0      0.0     0.0      0.0       0.0      0.0       0.0   0.0      0.0      0.0         0         0    0.000       0      0
Uptime(secs): 2.0 total, 0.0 interval
Flush(GB): cumulative 0.000, interval 0.000
AddFile(GB): cumulative 0.000, interval 0.000
AddFile(Total Files): cumulative 0, interval 0
AddFile(L0 Files): cumulative 0, interval 0
AddFile(Keys): cumulative 0, interval 0
Cumulative compaction: 0.00 GB write, 0.00 MB/s write, 0.00 GB read, 0.00 MB/s read, 0.0 seconds
Interval compaction: 0.00 GB write, 0.00 MB/s write, 0.00 GB read, 0.00 MB/s read, 0.0 seconds
Stalls(count): 0 level0_slowdown, 0 level0_slowdown_with_compaction, 0 level0_numfiles, 0 level0_numfiles_with_compaction, 0 stop for pending_compaction_bytes, 0 slowdown for pending_compaction_bytes, 0 memtable_compaction, 0 memtable_slowdown, interval 0 total count

** File Read Latency Histogram By Level [default] **

** Compaction Stats [usertable] **
Level    Files   Size     Score Read(GB)  Rn(GB) Rnp1(GB) Write(GB) Wnew(GB) Moved(GB) W-Amp Rd(MB/s) Wr(MB/s) Comp(sec) Comp(cnt) Avg(sec) KeyIn KeyDrop
----------------------------------------------------------------------------------------------------------------------------------------------------------
  L0      3/0   339.53 MB   1.5      0.0     0.0      0.0       0.1      0.1       0.0   1.0      0.0    204.6         1         2    0.320       0      0
  L1     18/0   510.48 MB   1.0      0.0     0.0      0.0       0.0      0.0       0.0   0.0      0.0      0.0         0         0    0.000       0      0
  L2    150/0    4.97 GB   1.0      0.0     0.0      0.0       0.0      0.0       0.0   0.0      0.0      0.0         0         0    0.000       0      0
  L3    549/0   34.38 GB   0.7      0.0     0.0      0.0       0.0      0.0       0.0   0.0      0.0      0.0         0         0    0.000       0      0
 Sum    720/0   40.18 GB   0.0      0.0     0.0      0.0       0.1      0.1       0.0   1.0      0.0    204.6         1         2    0.320       0      0
 Int      0/0    0.00 KB   0.0      0.0     0.0      0.0       0.0      0.0       0.0   0.0      0.0      0.0         0         0    0.000       0      0
Uptime(secs): 2.0 total, 0.0 interval
Flush(GB): cumulative 0.128, interval 0.000
AddFile(GB): cumulative 0.000, interval 0.000
AddFile(Total Files): cumulative 0, interval 0
AddFile(L0 Files): cumulative 0, interval 0
AddFile(Keys): cumulative 0, interval 0
Cumulative compaction: 0.13 GB write, 66.47 MB/s write, 0.00 GB read, 0.00 MB/s read, 0.6 seconds
Interval compaction: 0.00 GB write, 0.00 MB/s write, 0.00 GB read, 0.00 MB/s read, 0.0 seconds
Stalls(count): 0 level0_slowdown, 0 level0_slowdown_with_compaction, 0 level0_numfiles, 0 level0_numfiles_with_compaction, 0 stop for pending_compaction_bytes, 0 slowdown for pending_compaction_bytes, 0 memtable_compaction, 0 memtable_slowdown, interval 0 total count

** File Read Latency Histogram By Level [usertable] **
2019/03/22-10:08:00.377099 7f88d3700700 (Original Log Time 2019/03/22-10:08:00.312163) [db/db_impl_compaction_flush.cc:1835] [usertable] Moving #1469 to level-1 218578333 bytes
2019/03/22-10:08:00.377104 7f88d3700700 (Original Log Time 2019/03/22-10:08:00.377005) EVENT_LOG_v1 {"time_micros": 1553274480376991, "job": 3, "event": "trivial_move", "destination_level": 1, "files": 1, "total_files_size": 218578333}
2019/03/22-10:08:00.377105 7f88d3700700 (Original Log Time 2019/03/22-10:08:00.377018) [db/db_impl_compaction_flush.cc:1864] [usertable] Moved #1 files to level-1 218578333 bytes OK: base level 1 max bytes base 536870912 files[2 19 150 549 0 0 0] max score 1.40
2019/03/22-10:08:00.377226 7f88d2eff700 [db/compaction_job.cc:1531] [usertable] [JOB 4] Compacting 1@1 files to L2, score 1.40
2019/03/22-10:08:00.377239 7f88d2eff700 [db/compaction_job.cc:1535] [usertable] Compaction start summary: Base version 6 Base level 1, inputs: [1469(208MB)]
2019/03/22-10:08:00.377268 7f88d2eff700 EVENT_LOG_v1 {"time_micros": 1553274480377248, "job": 4, "event": "compaction_started", "compaction_reason": "LevelMaxLevelSize", "files_L1": [1469], "score": 1.40416, "input_data_size": 218578333}
2019/03/22-10:08:01.737631 7f88d2eff700 [db/compaction_job.cc:1211] [usertable] [JOB 4] Generated table #1481: 16279 keys, 67233587 bytes
2019/03/22-10:08:01.737687 7f88d2eff700 EVENT_LOG_v1 {"time_micros": 1553274481737659, "cf_name": "usertable", "job": 4, "event": "table_file_creation", "file_number": 1481, "file_size": 67233587, "table_properties": {"data_size": 67120141, "index_size": 300916, "filter_size": 0, "raw_key_size": 390696, "raw_average_key_size": 24, "raw_value_size": 66678784, "raw_average_value_size": 4096, "num_data_blocks": 8140, "num_entries": 16279, "filter_policy_name": "", "kDeletedKeys": "0", "kMergeOperands": "0"}}
2019/03/22-10:08:02.526013 7f88d2eff700 [db/compaction_job.cc:1211] [usertable] [JOB 4] Generated table #1482: 16279 keys, 67233377 bytes
2019/03/22-10:08:02.526071 7f88d2eff700 EVENT_LOG_v1 {"time_micros": 1553274482526042, "cf_name": "usertable", "job": 4, "event": "table_file_creation", "file_number": 1482, "file_size": 67233377, "table_properties": {"data_size": 67118331, "index_size": 299107, "filter_size": 0, "raw_key_size": 390696, "raw_average_key_size": 24, "raw_value_size": 66678784, "raw_average_value_size": 4096, "num_data_blocks": 8140, "num_entries": 16279, "filter_policy_name": "", "kDeletedKeys": "0", "kMergeOperands": "0"}}
2019/03/22-10:08:04.222708 7f88d2eff700 [db/compaction_job.cc:1211] [usertable] [JOB 4] Generated table #1483: 16279 keys, 67233549 bytes
2019/03/22-10:08:04.222765 7f88d2eff700 EVENT_LOG_v1 {"time_micros": 1553274484222737, "cf_name": "usertable", "job": 4, "event": "table_file_creation", "file_number": 1483, "file_size": 67233549, "table_properties": {"data_size": 67120140, "index_size": 300916, "filter_size": 0, "raw_key_size": 390696, "raw_average_key_size": 24, "raw_value_size": 66678784, "raw_average_value_size": 4096, "num_data_blocks": 8140, "num_entries": 16279, "filter_policy_name": "", "kDeletedKeys": "0", "kMergeOperands": "0"}}
2019/03/22-10:08:04.797656 7f88d2eff700 [db/compaction_job.cc:1211] [usertable] [JOB 4] Generated table #1484: 3939 keys, 16269104 bytes
2019/03/22-10:08:04.797703 7f88d2eff700 EVENT_LOG_v1 {"time_micros": 1553274484797682, "cf_name": "usertable", "job": 4, "event": "table_file_creation", "file_number": 1484, "file_size": 16269104, "table_properties": {"data_size": 16240511, "index_size": 72188, "filter_size": 0, "raw_key_size": 94536, "raw_average_key_size": 24, "raw_value_size": 16134144, "raw_average_value_size": 4096, "num_data_blocks": 1970, "num_entries": 3939, "filter_policy_name": "", "kDeletedKeys": "0", "kMergeOperands": "0"}}
2019/03/22-10:08:04.797777 7f88d2eff700 [db/compaction_job.cc:1287] [usertable] [JOB 4] Compacted 1@1 files to L2 => 217969617 bytes
2019/03/22-10:08:04.860497 7f88d2eff700 (Original Log Time 2019/03/22-10:08:04.860337) [db/compaction_job.cc:685] [usertable] compacted to: base level 1 max bytes base 536870912 files[2 18 154 549 0 0 0] max score 1.03, MB/sec: 49.4 rd, 49.3 wr, level 2, files in(1, 0) out(4) MB in(208.5, 0.0) out(207.9), read-write-amplify(2.0) write-amplify(1.0) OK, records in: 52776, records dropped: 0 output_compression: LZ4
2019/03/22-10:08:04.860505 7f88d2eff700 (Original Log Time 2019/03/22-10:08:04.860393) EVENT_LOG_v1 {"time_micros": 1553274484860373, "job": 4, "event": "compaction_finished", "compaction_time_micros": 4420467, "output_level": 2, "num_output_files": 4, "total_output_size": 217969617, "num_input_records": 52776, "num_output_records": 52776, "num_subcompactions": 1, "output_compression": "LZ4", "num_single_delete_mismatches": 0, "num_single_delete_fallthrough": 0, "lsm_state": [2, 18, 154, 549, 0, 0, 0]}
2019/03/22-10:08:04.927159 7f88d2eff700 (Original Log Time 2019/03/22-10:08:04.860757) [db/db_impl_compaction_flush.cc:1835] [usertable] Moving #1481 to level-3 67233587 bytes
2019/03/22-10:08:04.927165 7f88d2eff700 (Original Log Time 2019/03/22-10:08:04.927091) EVENT_LOG_v1 {"time_micros": 1553274484927078, "job": 5, "event": "trivial_move", "destination_level": 3, "files": 1, "total_files_size": 67233587}
2019/03/22-10:08:04.927167 7f88d2eff700 (Original Log Time 2019/03/22-10:08:04.927104) [db/db_impl_compaction_flush.cc:1864] [usertable] Moved #1 files to level-3 67233587 bytes OK: base level 1 max bytes base 536870912 files[2 18 153 550 0 0 0] max score 1.02
2019/03/22-10:08:04.948389 7f88d2eff700 EVENT_LOG_v1 {"time_micros": 1553274484948378, "job": 5, "event": "table_file_deletion", "file_number": 1469}
2019/03/22-10:08:05.003031 7f88d1efd700 (Original Log Time 2019/03/22-10:08:04.948576) [db/db_impl_compaction_flush.cc:1835] [usertable] Moving #1483 to level-3 67233549 bytes
2019/03/22-10:08:05.003038 7f88d1efd700 (Original Log Time 2019/03/22-10:08:05.002928) EVENT_LOG_v1 {"time_micros": 1553274485002913, "job": 6, "event": "trivial_move", "destination_level": 3, "files": 1, "total_files_size": 67233549}
2019/03/22-10:08:05.003042 7f88d1efd700 (Original Log Time 2019/03/22-10:08:05.002946) [db/db_impl_compaction_flush.cc:1864] [usertable] Moved #1 files to level-3 67233549 bytes OK: base level 1 max bytes base 536870912 files[2 18 152 551 0 0 0] max score 1.01
2019/03/22-10:08:05.059426 7f88d1efd700 (Original Log Time 2019/03/22-10:08:05.003321) [db/db_impl_compaction_flush.cc:1835] [usertable] Moving #1482 to level-3 67233377 bytes
2019/03/22-10:08:05.059431 7f88d1efd700 (Original Log Time 2019/03/22-10:08:05.059339) EVENT_LOG_v1 {"time_micros": 1553274485059327, "job": 7, "event": "trivial_move", "destination_level": 3, "files": 1, "total_files_size": 67233377}
2019/03/22-10:08:05.059433 7f88d1efd700 (Original Log Time 2019/03/22-10:08:05.059354) [db/db_impl_compaction_flush.cc:1864] [usertable] Moved #1 files to level-3 67233377 bytes OK: base level 1 max bytes base 536870912 files[2 18 151 552 0 0 0] max score 1.00
2019/03/22-10:08:05.116397 7f88d1efd700 (Original Log Time 2019/03/22-10:08:05.059646) [db/db_impl_compaction_flush.cc:1835] [usertable] Moving #1475 to level-1 129902323 bytes
2019/03/22-10:08:05.116402 7f88d1efd700 (Original Log Time 2019/03/22-10:08:05.116329) EVENT_LOG_v1 {"time_micros": 1553274485116316, "job": 8, "event": "trivial_move", "destination_level": 1, "files": 1, "total_files_size": 129902323}
