2018/12/02-04:57:37.167548 7f3609238700 RocksDB version: 5.14.3
2018/12/02-04:57:37.167610 7f3609238700 Git sha rocksdb_build_git_sha:
2018/12/02-04:57:37.167613 7f3609238700 Compile date Nov 30 2018
2018/12/02-04:57:37.167617 7f3609238700 DB SUMMARY
2018/12/02-04:57:37.168270 7f3609238700 CURRENT file:  CURRENT
2018/12/02-04:57:37.168274 7f3609238700 IDENTITY file:  IDENTITY
2018/12/02-04:57:37.168288 7f3609238700 MANIFEST file:  MANIFEST-000004 size: 122302 Bytes
2018/12/02-04:57:37.168293 7f3609238700 SST files in /mnt/sda/ycsb-rocksdb-data dir, Total Num: 675, files: 000021.sst 000022.sst 000023.sst 000024.sst 000028.sst 000029.sst 000030.sst 000031.sst 000035.sst 
2018/12/02-04:57:37.168297 7f3609238700 Write Ahead Log file in /mnt/sda/ycsb-rocksdb-data: 001194.log size: 129810369 ; 001200.log size: 29898516 ; 
2018/12/02-04:57:37.168303 7f3609238700                         Options.error_if_exists: 0
2018/12/02-04:57:37.168305 7f3609238700                       Options.create_if_missing: 1
2018/12/02-04:57:37.168306 7f3609238700                         Options.paranoid_checks: 1
2018/12/02-04:57:37.168307 7f3609238700                                     Options.env: 0x7f353b6802c0
2018/12/02-04:57:37.168308 7f3609238700                                Options.info_log: 0x7f35b43b9470
2018/12/02-04:57:37.168309 7f3609238700                Options.max_file_opening_threads: 16
2018/12/02-04:57:37.168310 7f3609238700                              Options.statistics: (nil)
2018/12/02-04:57:37.168311 7f3609238700                               Options.use_fsync: 0
2018/12/02-04:57:37.168312 7f3609238700                       Options.max_log_file_size: 0
2018/12/02-04:57:37.168313 7f3609238700                  Options.max_manifest_file_size: 18446744073709551615
2018/12/02-04:57:37.168314 7f3609238700                   Options.log_file_time_to_roll: 0
2018/12/02-04:57:37.168315 7f3609238700                       Options.keep_log_file_num: 1000
2018/12/02-04:57:37.168316 7f3609238700                    Options.recycle_log_file_num: 0
2018/12/02-04:57:37.168317 7f3609238700                         Options.allow_fallocate: 1
2018/12/02-04:57:37.168318 7f3609238700                        Options.allow_mmap_reads: 0
2018/12/02-04:57:37.168319 7f3609238700                       Options.allow_mmap_writes: 0
2018/12/02-04:57:37.168320 7f3609238700                        Options.use_direct_reads: 0
2018/12/02-04:57:37.168321 7f3609238700                        Options.use_direct_io_for_flush_and_compaction: 0
2018/12/02-04:57:37.168322 7f3609238700          Options.create_missing_column_families: 1
2018/12/02-04:57:37.168322 7f3609238700                              Options.db_log_dir: 
2018/12/02-04:57:37.168324 7f3609238700                                 Options.wal_dir: /mnt/sda/ycsb-rocksdb-data
2018/12/02-04:57:37.168324 7f3609238700                Options.table_cache_numshardbits: 6
2018/12/02-04:57:37.168325 7f3609238700                      Options.max_subcompactions: 4
2018/12/02-04:57:37.168326 7f3609238700                  Options.max_background_flushes: 24
2018/12/02-04:57:37.168327 7f3609238700                         Options.WAL_ttl_seconds: 0
2018/12/02-04:57:37.168328 7f3609238700                       Options.WAL_size_limit_MB: 0
2018/12/02-04:57:37.168329 7f3609238700             Options.manifest_preallocation_size: 4194304
2018/12/02-04:57:37.168330 7f3609238700                     Options.is_fd_close_on_exec: 1
2018/12/02-04:57:37.168331 7f3609238700                   Options.advise_random_on_open: 1
2018/12/02-04:57:37.168332 7f3609238700                    Options.db_write_buffer_size: 0
2018/12/02-04:57:37.168333 7f3609238700                    Options.write_buffer_manager: 0x7f35b43b53c0
2018/12/02-04:57:37.168334 7f3609238700         Options.access_hint_on_compaction_start: 1
2018/12/02-04:57:37.168335 7f3609238700  Options.new_table_reader_for_compaction_inputs: 0
2018/12/02-04:57:37.168336 7f3609238700           Options.random_access_max_buffer_size: 1048576
2018/12/02-04:57:37.168337 7f3609238700                      Options.use_adaptive_mutex: 0
2018/12/02-04:57:37.168337 7f3609238700                            Options.rate_limiter: (nil)
2018/12/02-04:57:37.168353 7f3609238700     Options.sst_file_manager.rate_bytes_per_sec: 0
2018/12/02-04:57:37.168355 7f3609238700                       Options.wal_recovery_mode: 2
2018/12/02-04:57:37.168356 7f3609238700                  Options.enable_thread_tracking: 0
2018/12/02-04:57:37.168357 7f3609238700                  Options.enable_pipelined_write: 1
2018/12/02-04:57:37.168358 7f3609238700         Options.allow_concurrent_memtable_write: 1
2018/12/02-04:57:37.168359 7f3609238700      Options.enable_write_thread_adaptive_yield: 1
2018/12/02-04:57:37.168360 7f3609238700             Options.write_thread_max_yield_usec: 100
2018/12/02-04:57:37.168361 7f3609238700            Options.write_thread_slow_yield_usec: 3
2018/12/02-04:57:37.168362 7f3609238700                               Options.row_cache: None
2018/12/02-04:57:37.168363 7f3609238700                              Options.wal_filter: None
2018/12/02-04:57:37.168364 7f3609238700             Options.avoid_flush_during_recovery: 0
2018/12/02-04:57:37.168365 7f3609238700             Options.allow_ingest_behind: 0
2018/12/02-04:57:37.168365 7f3609238700             Options.preserve_deletes: 0
2018/12/02-04:57:37.168366 7f3609238700             Options.two_write_queues: 0
2018/12/02-04:57:37.168367 7f3609238700             Options.manual_wal_flush: 0
2018/12/02-04:57:37.168369 7f3609238700             Options.max_background_jobs: 24
2018/12/02-04:57:37.168370 7f3609238700             Options.max_background_compactions: 24
2018/12/02-04:57:37.168371 7f3609238700             Options.avoid_flush_during_shutdown: 0
2018/12/02-04:57:37.168372 7f3609238700           Options.writable_file_max_buffer_size: 1048576
2018/12/02-04:57:37.168373 7f3609238700             Options.delayed_write_rate : 16777216
2018/12/02-04:57:37.168374 7f3609238700             Options.max_total_wal_size: 0
2018/12/02-04:57:37.168375 7f3609238700             Options.delete_obsolete_files_period_micros: 21600000000
2018/12/02-04:57:37.168376 7f3609238700                   Options.stats_dump_period_sec: 60
2018/12/02-04:57:37.168377 7f3609238700                          Options.max_open_files: -1
2018/12/02-04:57:37.168378 7f3609238700                          Options.bytes_per_sync: 1048576
2018/12/02-04:57:37.168379 7f3609238700                      Options.wal_bytes_per_sync: 0
2018/12/02-04:57:37.168380 7f3609238700       Options.compaction_readahead_size: 0
2018/12/02-04:57:37.168380 7f3609238700 Compression algorithms supported:
2018/12/02-04:57:37.168382 7f3609238700 	kZSTDNotFinalCompression supported: 1
2018/12/02-04:57:37.168390 7f3609238700 	kZSTD supported: 1
2018/12/02-04:57:37.168391 7f3609238700 	kXpressCompression supported: 0
2018/12/02-04:57:37.168392 7f3609238700 	kLZ4HCCompression supported: 1
2018/12/02-04:57:37.168394 7f3609238700 	kLZ4Compression supported: 1
2018/12/02-04:57:37.168395 7f3609238700 	kBZip2Compression supported: 1
2018/12/02-04:57:37.168396 7f3609238700 	kZlibCompression supported: 1
2018/12/02-04:57:37.168397 7f3609238700 	kSnappyCompression supported: 1
2018/12/02-04:57:37.168401 7f3609238700 Fast CRC32 supported: Supported on x86
2018/12/02-04:57:37.168851 7f3609238700 [db/version_set.cc:3085] Recovering from manifest file: MANIFEST-000004
2018/12/02-04:57:37.168948 7f3609238700 [db/column_family.cc:475] --------------- Options for column family [default]:
2018/12/02-04:57:37.168951 7f3609238700               Options.comparator: leveldb.BytewiseComparator
2018/12/02-04:57:37.168952 7f3609238700           Options.merge_operator: None
2018/12/02-04:57:37.168953 7f3609238700        Options.compaction_filter: None
2018/12/02-04:57:37.168954 7f3609238700        Options.compaction_filter_factory: None
2018/12/02-04:57:37.168955 7f3609238700         Options.memtable_factory: SkipListFactory
2018/12/02-04:57:37.168956 7f3609238700            Options.table_factory: BlockBasedTable
2018/12/02-04:57:37.168982 7f3609238700            table_factory options:   flush_block_policy_factory: FlushBlockBySizePolicyFactory (0x7f35b437a900)
  cache_index_and_filter_blocks: 0
  cache_index_and_filter_blocks_with_high_priority: 0
  pin_l0_filter_and_index_blocks_in_cache: 0
  index_type: 0
  hash_index_allow_collision: 1
  checksum: 1
  no_block_cache: 0
  block_cache: 0x7f35b4386ad0
  block_cache_name: LRUCache
  block_cache_options:
    capacity : 8388608
    num_shard_bits : 4
    strict_capacity_limit : 0
    high_pri_pool_ratio: 0.000
  block_cache_compressed: (nil)
  persistent_cache: (nil)
  block_size: 8192
  block_size_deviation: 10
  block_restart_interval: 16
  index_block_restart_interval: 1
  metadata_block_size: 4096
  partition_filters: 0
  use_delta_encoding: 1
  filter_policy: nullptr
  whole_key_filtering: 1
  verify_compression: 0
  read_amp_bytes_per_bit: 0
  format_version: 2
  enable_index_compression: 1
  block_align: 0
2018/12/02-04:57:37.168995 7f3609238700        Options.write_buffer_size: 134217728
2018/12/02-04:57:37.168997 7f3609238700  Options.max_write_buffer_number: 24
2018/12/02-04:57:37.168998 7f3609238700        Options.compression[0]: NoCompression
2018/12/02-04:57:37.168999 7f3609238700        Options.compression[1]: NoCompression
2018/12/02-04:57:37.169000 7f3609238700        Options.compression[2]: LZ4
2018/12/02-04:57:37.169001 7f3609238700        Options.compression[3]: LZ4
2018/12/02-04:57:37.169002 7f3609238700        Options.compression[4]: LZ4
2018/12/02-04:57:37.169003 7f3609238700        Options.compression[5]: LZ4
2018/12/02-04:57:37.169004 7f3609238700        Options.compression[6]: LZ4
2018/12/02-04:57:37.169005 7f3609238700                  Options.bottommost_compression: Disabled
2018/12/02-04:57:37.169006 7f3609238700       Options.prefix_extractor: nullptr
2018/12/02-04:57:37.169007 7f3609238700   Options.memtable_insert_with_hint_prefix_extractor: nullptr
2018/12/02-04:57:37.169008 7f3609238700             Options.num_levels: 7
2018/12/02-04:57:37.169009 7f3609238700        Options.min_write_buffer_number_to_merge: 2
2018/12/02-04:57:37.169010 7f3609238700     Options.max_write_buffer_number_to_maintain: 0
2018/12/02-04:57:37.169011 7f3609238700            Options.compression_opts.window_bits: -14
2018/12/02-04:57:37.169011 7f3609238700                  Options.compression_opts.level: -1
2018/12/02-04:57:37.169012 7f3609238700               Options.compression_opts.strategy: 0
2018/12/02-04:57:37.169013 7f3609238700         Options.compression_opts.max_dict_bytes: 0
2018/12/02-04:57:37.169014 7f3609238700         Options.compression_opts.zstd_max_train_bytes: 0
2018/12/02-04:57:37.169015 7f3609238700      Options.level0_file_num_compaction_trigger: 2
2018/12/02-04:57:37.169016 7f3609238700          Options.level0_slowdown_writes_trigger: 20
2018/12/02-04:57:37.169017 7f3609238700              Options.level0_stop_writes_trigger: 36
2018/12/02-04:57:37.169018 7f3609238700                   Options.target_file_size_base: 67108864
2018/12/02-04:57:37.169019 7f3609238700             Options.target_file_size_multiplier: 1
2018/12/02-04:57:37.169019 7f3609238700                Options.max_bytes_for_level_base: 536870912
2018/12/02-04:57:37.169020 7f3609238700 Options.level_compaction_dynamic_level_bytes: 0
2018/12/02-04:57:37.169021 7f3609238700          Options.max_bytes_for_level_multiplier: 10.000000
2018/12/02-04:57:37.169025 7f3609238700 Options.max_bytes_for_level_multiplier_addtl[0]: 1
2018/12/02-04:57:37.169026 7f3609238700 Options.max_bytes_for_level_multiplier_addtl[1]: 1
2018/12/02-04:57:37.169027 7f3609238700 Options.max_bytes_for_level_multiplier_addtl[2]: 1
2018/12/02-04:57:37.169028 7f3609238700 Options.max_bytes_for_level_multiplier_addtl[3]: 1
2018/12/02-04:57:37.169028 7f3609238700 Options.max_bytes_for_level_multiplier_addtl[4]: 1
2018/12/02-04:57:37.169029 7f3609238700 Options.max_bytes_for_level_multiplier_addtl[5]: 1
2018/12/02-04:57:37.169030 7f3609238700 Options.max_bytes_for_level_multiplier_addtl[6]: 1
2018/12/02-04:57:37.169031 7f3609238700       Options.max_sequential_skip_in_iterations: 8
2018/12/02-04:57:37.169032 7f3609238700                    Options.max_compaction_bytes: 1677721600
2018/12/02-04:57:37.169040 7f3609238700                        Options.arena_block_size: 16777216
2018/12/02-04:57:37.169042 7f3609238700   Options.soft_pending_compaction_bytes_limit: 68719476736
2018/12/02-04:57:37.169043 7f3609238700   Options.hard_pending_compaction_bytes_limit: 274877906944
2018/12/02-04:57:37.169044 7f3609238700       Options.rate_limit_delay_max_milliseconds: 100
2018/12/02-04:57:37.169044 7f3609238700                Options.disable_auto_compactions: 0
2018/12/02-04:57:37.169046 7f3609238700                        Options.compaction_style: kCompactionStyleLevel
2018/12/02-04:57:37.169048 7f3609238700                          Options.compaction_pri: kByCompensatedSize
2018/12/02-04:57:37.169049 7f3609238700 Options.compaction_options_universal.size_ratio: 1
2018/12/02-04:57:37.169050 7f3609238700 Options.compaction_options_universal.min_merge_width: 2
2018/12/02-04:57:37.169051 7f3609238700 Options.compaction_options_universal.max_merge_width: 4294967295
2018/12/02-04:57:37.169052 7f3609238700 Options.compaction_options_universal.max_size_amplification_percent: 200
2018/12/02-04:57:37.169053 7f3609238700 Options.compaction_options_universal.compression_size_percent: -1
2018/12/02-04:57:37.169055 7f3609238700 Options.compaction_options_universal.stop_style: kCompactionStopStyleTotalSize
2018/12/02-04:57:37.169056 7f3609238700 Options.compaction_options_fifo.max_table_files_size: 1073741824
2018/12/02-04:57:37.169057 7f3609238700 Options.compaction_options_fifo.allow_compaction: 0
2018/12/02-04:57:37.169058 7f3609238700 Options.compaction_options_fifo.ttl: 0
2018/12/02-04:57:37.169058 7f3609238700                   Options.table_properties_collectors: 
2018/12/02-04:57:37.169059 7f3609238700                   Options.inplace_update_support: 0
2018/12/02-04:57:37.169060 7f3609238700                 Options.inplace_update_num_locks: 10000
2018/12/02-04:57:37.169061 7f3609238700               Options.memtable_prefix_bloom_size_ratio: 0.000000
2018/12/02-04:57:37.169063 7f3609238700   Options.memtable_huge_page_size: 0
2018/12/02-04:57:37.169064 7f3609238700                           Options.bloom_locality: 0
2018/12/02-04:57:37.169065 7f3609238700                    Options.max_successive_merges: 0
2018/12/02-04:57:37.169066 7f3609238700                Options.optimize_filters_for_hits: 0
2018/12/02-04:57:37.169066 7f3609238700                Options.paranoid_file_checks: 0
2018/12/02-04:57:37.169067 7f3609238700                Options.force_consistency_checks: 0
2018/12/02-04:57:37.169068 7f3609238700                Options.report_bg_io_stats: 0
2018/12/02-04:57:37.169069 7f3609238700                               Options.ttl: 0
2018/12/02-04:57:37.169576 7f3609238700 [db/column_family.cc:475] --------------- Options for column family [usertable]:
2018/12/02-04:57:37.169580 7f3609238700               Options.comparator: leveldb.BytewiseComparator
2018/12/02-04:57:37.169581 7f3609238700           Options.merge_operator: None
2018/12/02-04:57:37.169581 7f3609238700        Options.compaction_filter: None
2018/12/02-04:57:37.169582 7f3609238700        Options.compaction_filter_factory: None
2018/12/02-04:57:37.169583 7f3609238700         Options.memtable_factory: SkipListFactory
2018/12/02-04:57:37.169584 7f3609238700            Options.table_factory: BlockBasedTable
2018/12/02-04:57:37.169607 7f3609238700            table_factory options:   flush_block_policy_factory: FlushBlockBySizePolicyFactory (0x7f35b437a6d0)
  cache_index_and_filter_blocks: 0
  cache_index_and_filter_blocks_with_high_priority: 0
  pin_l0_filter_and_index_blocks_in_cache: 0
  index_type: 0
  hash_index_allow_collision: 1
  checksum: 1
  no_block_cache: 0
  block_cache: 0x7f35b437b170
  block_cache_name: LRUCache
  block_cache_options:
    capacity : 8388608
    num_shard_bits : 4
    strict_capacity_limit : 0
    high_pri_pool_ratio: 0.000
  block_cache_compressed: (nil)
  persistent_cache: (nil)
  block_size: 8192
  block_size_deviation: 10
  block_restart_interval: 16
  index_block_restart_interval: 1
  metadata_block_size: 4096
  partition_filters: 0
  use_delta_encoding: 1
  filter_policy: nullptr
  whole_key_filtering: 1
  verify_compression: 0
  read_amp_bytes_per_bit: 0
  format_version: 2
  enable_index_compression: 1
  block_align: 0
2018/12/02-04:57:37.169618 7f3609238700        Options.write_buffer_size: 134217728
2018/12/02-04:57:37.169619 7f3609238700  Options.max_write_buffer_number: 24
2018/12/02-04:57:37.169621 7f3609238700        Options.compression[0]: NoCompression
2018/12/02-04:57:37.169622 7f3609238700        Options.compression[1]: NoCompression
2018/12/02-04:57:37.169623 7f3609238700        Options.compression[2]: LZ4
2018/12/02-04:57:37.169624 7f3609238700        Options.compression[3]: LZ4
2018/12/02-04:57:37.169625 7f3609238700        Options.compression[4]: LZ4
2018/12/02-04:57:37.169626 7f3609238700        Options.compression[5]: LZ4
2018/12/02-04:57:37.169626 7f3609238700        Options.compression[6]: LZ4
2018/12/02-04:57:37.169627 7f3609238700                  Options.bottommost_compression: Disabled
2018/12/02-04:57:37.169628 7f3609238700       Options.prefix_extractor: nullptr
2018/12/02-04:57:37.169629 7f3609238700   Options.memtable_insert_with_hint_prefix_extractor: nullptr
2018/12/02-04:57:37.169630 7f3609238700             Options.num_levels: 7
2018/12/02-04:57:37.169631 7f3609238700        Options.min_write_buffer_number_to_merge: 2
2018/12/02-04:57:37.169632 7f3609238700     Options.max_write_buffer_number_to_maintain: 0
2018/12/02-04:57:37.169633 7f3609238700            Options.compression_opts.window_bits: -14
2018/12/02-04:57:37.169634 7f3609238700                  Options.compression_opts.level: -1
2018/12/02-04:57:37.169634 7f3609238700               Options.compression_opts.strategy: 0
2018/12/02-04:57:37.169635 7f3609238700         Options.compression_opts.max_dict_bytes: 0
2018/12/02-04:57:37.169636 7f3609238700         Options.compression_opts.zstd_max_train_bytes: 0
2018/12/02-04:57:37.169637 7f3609238700      Options.level0_file_num_compaction_trigger: 2
2018/12/02-04:57:37.169638 7f3609238700          Options.level0_slowdown_writes_trigger: 20
2018/12/02-04:57:37.169639 7f3609238700              Options.level0_stop_writes_trigger: 36
2018/12/02-04:57:37.169640 7f3609238700                   Options.target_file_size_base: 67108864
2018/12/02-04:57:37.169640 7f3609238700             Options.target_file_size_multiplier: 1
2018/12/02-04:57:37.169641 7f3609238700                Options.max_bytes_for_level_base: 536870912
2018/12/02-04:57:37.169642 7f3609238700 Options.level_compaction_dynamic_level_bytes: 0
2018/12/02-04:57:37.169643 7f3609238700          Options.max_bytes_for_level_multiplier: 10.000000
2018/12/02-04:57:37.169645 7f3609238700 Options.max_bytes_for_level_multiplier_addtl[0]: 1
2018/12/02-04:57:37.169646 7f3609238700 Options.max_bytes_for_level_multiplier_addtl[1]: 1
2018/12/02-04:57:37.169647 7f3609238700 Options.max_bytes_for_level_multiplier_addtl[2]: 1
2018/12/02-04:57:37.169648 7f3609238700 Options.max_bytes_for_level_multiplier_addtl[3]: 1
2018/12/02-04:57:37.169649 7f3609238700 Options.max_bytes_for_level_multiplier_addtl[4]: 1
2018/12/02-04:57:37.169650 7f3609238700 Options.max_bytes_for_level_multiplier_addtl[5]: 1
2018/12/02-04:57:37.169651 7f3609238700 Options.max_bytes_for_level_multiplier_addtl[6]: 1
2018/12/02-04:57:37.169652 7f3609238700       Options.max_sequential_skip_in_iterations: 8
2018/12/02-04:57:37.169653 7f3609238700                    Options.max_compaction_bytes: 1677721600
2018/12/02-04:57:37.169653 7f3609238700                        Options.arena_block_size: 16777216
2018/12/02-04:57:37.169654 7f3609238700   Options.soft_pending_compaction_bytes_limit: 68719476736
2018/12/02-04:57:37.169655 7f3609238700   Options.hard_pending_compaction_bytes_limit: 274877906944
2018/12/02-04:57:37.169656 7f3609238700       Options.rate_limit_delay_max_milliseconds: 100
2018/12/02-04:57:37.169657 7f3609238700                Options.disable_auto_compactions: 0
2018/12/02-04:57:37.169658 7f3609238700                        Options.compaction_style: kCompactionStyleLevel
2018/12/02-04:57:37.169665 7f3609238700                          Options.compaction_pri: kByCompensatedSize
2018/12/02-04:57:37.169667 7f3609238700 Options.compaction_options_universal.size_ratio: 1
2018/12/02-04:57:37.169667 7f3609238700 Options.compaction_options_universal.min_merge_width: 2
2018/12/02-04:57:37.169668 7f3609238700 Options.compaction_options_universal.max_merge_width: 4294967295
2018/12/02-04:57:37.169669 7f3609238700 Options.compaction_options_universal.max_size_amplification_percent: 200
2018/12/02-04:57:37.169670 7f3609238700 Options.compaction_options_universal.compression_size_percent: -1
2018/12/02-04:57:37.169671 7f3609238700 Options.compaction_options_universal.stop_style: kCompactionStopStyleTotalSize
2018/12/02-04:57:37.169672 7f3609238700 Options.compaction_options_fifo.max_table_files_size: 1073741824
2018/12/02-04:57:37.169673 7f3609238700 Options.compaction_options_fifo.allow_compaction: 0
2018/12/02-04:57:37.169674 7f3609238700 Options.compaction_options_fifo.ttl: 0
2018/12/02-04:57:37.169675 7f3609238700                   Options.table_properties_collectors: 
2018/12/02-04:57:37.169676 7f3609238700                   Options.inplace_update_support: 0
2018/12/02-04:57:37.169677 7f3609238700                 Options.inplace_update_num_locks: 10000
2018/12/02-04:57:37.169678 7f3609238700               Options.memtable_prefix_bloom_size_ratio: 0.000000
2018/12/02-04:57:37.169679 7f3609238700   Options.memtable_huge_page_size: 0
2018/12/02-04:57:37.169680 7f3609238700                           Options.bloom_locality: 0
2018/12/02-04:57:37.169681 7f3609238700                    Options.max_successive_merges: 0
2018/12/02-04:57:37.169682 7f3609238700                Options.optimize_filters_for_hits: 0
2018/12/02-04:57:37.169683 7f3609238700                Options.paranoid_file_checks: 0
2018/12/02-04:57:37.169684 7f3609238700                Options.force_consistency_checks: 0
2018/12/02-04:57:37.169684 7f3609238700                Options.report_bg_io_stats: 0
2018/12/02-04:57:37.169685 7f3609238700                               Options.ttl: 0
2018/12/02-04:57:37.712630 7f3609238700 [db/version_set.cc:3361] Recovered from manifest file:/mnt/sda/ycsb-rocksdb-data/MANIFEST-000004 succeeded,manifest_file_number is 4, next_file_number is 1201, last_sequence is 10426923, log_number is 0,prev_log_number is 0,max_column_family is 1,min_log_number_to_keep is 0
2018/12/02-04:57:37.712657 7f3609238700 [db/version_set.cc:3369] Column family [default] (ID 0), log number is 0
2018/12/02-04:57:37.712659 7f3609238700 [db/version_set.cc:3369] Column family [usertable] (ID 1), log number is 1194
2018/12/02-04:57:37.714712 7f3609238700 EVENT_LOG_v1 {"time_micros": 1543755457714702, "job": 1, "event": "recovery_started", "log_files": [1194, 1200]}
2018/12/02-04:57:37.714720 7f3609238700 [db/db_impl_open.cc:551] Recovering log #1194 mode 2
2018/12/02-04:57:38.588410 7f3609238700 EVENT_LOG_v1 {"time_micros": 1543755458588384, "cf_name": "usertable", "job": 1, "event": "table_file_creation", "file_number": 1201, "file_size": 129895354, "table_properties": {"data_size": 129317909, "index_size": 576523, "filter_size": 0, "raw_key_size": 752760, "raw_average_key_size": 24, "raw_value_size": 128471040, "raw_average_value_size": 4096, "num_data_blocks": 15683, "num_entries": 31365, "filter_policy_name": "", "kDeletedKeys": "0", "kMergeOperands": "0"}}
2018/12/02-04:57:38.594132 7f3609238700 [db/db_impl_open.cc:551] Recovering log #1200 mode 2
2018/12/02-04:57:38.677405 7f3609238700 [db/version_set.cc:2847] Creating manifest 1202
2018/12/02-04:57:38.873936 7f3609238700 EVENT_LOG_v1 {"time_micros": 1543755458873914, "cf_name": "usertable", "job": 1, "event": "table_file_creation", "file_number": 1203, "file_size": 30035620, "table_properties": {"data_size": 29900801, "index_size": 133898, "filter_size": 0, "raw_key_size": 174048, "raw_average_key_size": 24, "raw_value_size": 29704192, "raw_average_value_size": 4096, "num_data_blocks": 3626, "num_entries": 7252, "filter_policy_name": "", "kDeletedKeys": "0", "kMergeOperands": "0"}}
2018/12/02-04:57:38.903172 7f3609238700 EVENT_LOG_v1 {"time_micros": 1543755458903170, "job": 1, "event": "recovery_finished"}
2018/12/02-04:57:38.962778 7f3609238700 [db/db_impl_open.cc:1219] DB pointer 0x7f35b43b9990
2018/12/02-04:57:38.963056 7f353ad08700 [WARN] [db/db_impl.cc:491] ------- DUMPING STATS -------
2018/12/02-04:57:38.963101 7f353ad08700 [WARN] [db/db_impl.cc:492] 
** DB Stats **
Uptime(secs): 1.8 total, 1.8 interval
Cumulative writes: 0 writes, 0 keys, 0 commit groups, 0.0 writes per commit group, ingest: 0.00 GB, 0.00 MB/s
Cumulative WAL: 0 writes, 0 syncs, 0.00 writes per sync, written: 0.00 GB, 0.00 MB/s
Cumulative stall: 00:00:0.000 H:M:S, 0.0 percent
Interval writes: 0 writes, 0 keys, 0 commit groups, 0.0 writes per commit group, ingest: 0.00 MB, 0.00 MB/s
Interval WAL: 0 writes, 0 syncs, 0.00 writes per sync, written: 0.00 MB, 0.00 MB/s
Interval stall: 00:00:0.000 H:M:S, 0.0 percent

** Compaction Stats [default] **
Level    Files   Size     Score Read(GB)  Rn(GB) Rnp1(GB) Write(GB) Wnew(GB) Moved(GB) W-Amp Rd(MB/s) Wr(MB/s) Comp(sec) Comp(cnt) Avg(sec) KeyIn KeyDrop
----------------------------------------------------------------------------------------------------------------------------------------------------------
 Sum      0/0    0.00 KB   0.0      0.0     0.0      0.0       0.0      0.0       0.0   0.0      0.0      0.0         0         0    0.000       0      0
 Int      0/0    0.00 KB   0.0      0.0     0.0      0.0       0.0      0.0       0.0   0.0      0.0      0.0         0         0    0.000       0      0
Uptime(secs): 1.8 total, 1.8 interval
Flush(GB): cumulative 0.000, interval 0.000
AddFile(GB): cumulative 0.000, interval 0.000
AddFile(Total Files): cumulative 0, interval 0
AddFile(L0 Files): cumulative 0, interval 0
AddFile(Keys): cumulative 0, interval 0
Cumulative compaction: 0.00 GB write, 0.00 MB/s write, 0.00 GB read, 0.00 MB/s read, 0.0 seconds
Interval compaction: 0.00 GB write, 0.00 MB/s write, 0.00 GB read, 0.00 MB/s read, 0.0 seconds
Stalls(count): 0 level0_slowdown, 0 level0_slowdown_with_compaction, 0 level0_numfiles, 0 level0_numfiles_with_compaction, 0 stop for pending_compaction_bytes, 0 slowdown for pending_compaction_bytes, 0 memtable_compaction, 0 memtable_slowdown, interval 0 total count

** File Read Latency Histogram By Level [default] **

** Compaction Stats [usertable] **
Level    Files   Size     Score Read(GB)  Rn(GB) Rnp1(GB) Write(GB) Wnew(GB) Moved(GB) W-Amp Rd(MB/s) Wr(MB/s) Comp(sec) Comp(cnt) Avg(sec) KeyIn KeyDrop
----------------------------------------------------------------------------------------------------------------------------------------------------------
  L0      3/0   344.48 MB   1.5      0.0     0.0      0.0       0.1      0.1       0.0   1.0      0.0    232.9         1         2    0.327       0      0
  L1      2/0   383.94 MB   0.7      0.0     0.0      0.0       0.0      0.0       0.0   0.0      0.0      0.0         0         0    0.000       0      0
  L2    114/0    4.96 GB   1.0      0.0     0.0      0.0       0.0      0.0       0.0   0.0      0.0      0.0         0         0    0.000       0      0
  L3    558/0   34.50 GB   0.7      0.0     0.0      0.0       0.0      0.0       0.0   0.0      0.0      0.0         0         0    0.000       0      0
 Sum    677/0   40.18 GB   0.0      0.0     0.0      0.0       0.1      0.1       0.0   1.0      0.0    232.9         1         2    0.327       0      0
 Int      0/0    0.00 KB   0.0      0.0     0.0      0.0       0.1      0.1       0.0   1.0      0.0    232.9         1         2    0.327       0      0
Uptime(secs): 1.8 total, 1.8 interval
Flush(GB): cumulative 0.149, interval 0.149
AddFile(GB): cumulative 0.000, interval 0.000
AddFile(Total Files): cumulative 0, interval 0
AddFile(L0 Files): cumulative 0, interval 0
AddFile(Keys): cumulative 0, interval 0
Cumulative compaction: 0.15 GB write, 85.05 MB/s write, 0.00 GB read, 0.00 MB/s read, 0.7 seconds
Interval compaction: 0.15 GB write, 85.05 MB/s write, 0.00 GB read, 0.00 MB/s read, 0.7 seconds
Stalls(count): 0 level0_slowdown, 0 level0_slowdown_with_compaction, 0 level0_numfiles, 0 level0_numfiles_with_compaction, 0 stop for pending_compaction_bytes, 0 slowdown for pending_compaction_bytes, 0 memtable_compaction, 0 memtable_slowdown, interval 0 total count

** File Read Latency Histogram By Level [usertable] **

** Compaction Stats [default] **
Level    Files   Size     Score Read(GB)  Rn(GB) Rnp1(GB) Write(GB) Wnew(GB) Moved(GB) W-Amp Rd(MB/s) Wr(MB/s) Comp(sec) Comp(cnt) Avg(sec) KeyIn KeyDrop
----------------------------------------------------------------------------------------------------------------------------------------------------------
 Sum      0/0    0.00 KB   0.0      0.0     0.0      0.0       0.0      0.0       0.0   0.0      0.0      0.0         0         0    0.000       0      0
 Int      0/0    0.00 KB   0.0      0.0     0.0      0.0       0.0      0.0       0.0   0.0      0.0      0.0         0         0    0.000       0      0
Uptime(secs): 1.8 total, 0.0 interval
Flush(GB): cumulative 0.000, interval 0.000
AddFile(GB): cumulative 0.000, interval 0.000
AddFile(Total Files): cumulative 0, interval 0
AddFile(L0 Files): cumulative 0, interval 0
AddFile(Keys): cumulative 0, interval 0
Cumulative compaction: 0.00 GB write, 0.00 MB/s write, 0.00 GB read, 0.00 MB/s read, 0.0 seconds
Interval compaction: 0.00 GB write, 0.00 MB/s write, 0.00 GB read, 0.00 MB/s read, 0.0 seconds
Stalls(count): 0 level0_slowdown, 0 level0_slowdown_with_compaction, 0 level0_numfiles, 0 level0_numfiles_with_compaction, 0 stop for pending_compaction_bytes, 0 slowdown for pending_compaction_bytes, 0 memtable_compaction, 0 memtable_slowdown, interval 0 total count

** File Read Latency Histogram By Level [default] **

** Compaction Stats [usertable] **
Level    Files   Size     Score Read(GB)  Rn(GB) Rnp1(GB) Write(GB) Wnew(GB) Moved(GB) W-Amp Rd(MB/s) Wr(MB/s) Comp(sec) Comp(cnt) Avg(sec) KeyIn KeyDrop
----------------------------------------------------------------------------------------------------------------------------------------------------------
  L0      3/0   344.48 MB   1.5      0.0     0.0      0.0       0.1      0.1       0.0   1.0      0.0    232.9         1         2    0.327       0      0
  L1      2/0   383.94 MB   0.7      0.0     0.0      0.0       0.0      0.0       0.0   0.0      0.0      0.0         0         0    0.000       0      0
  L2    114/0    4.96 GB   1.0      0.0     0.0      0.0       0.0      0.0       0.0   0.0      0.0      0.0         0         0    0.000       0      0
  L3    558/0   34.50 GB   0.7      0.0     0.0      0.0       0.0      0.0       0.0   0.0      0.0      0.0         0         0    0.000       0      0
 Sum    677/0   40.18 GB   0.0      0.0     0.0      0.0       0.1      0.1       0.0   1.0      0.0    232.9         1         2    0.327       0      0
 Int      0/0    0.00 KB   0.0      0.0     0.0      0.0       0.0      0.0       0.0   0.0      0.0      0.0         0         0    0.000       0      0
Uptime(secs): 1.8 total, 0.0 interval
Flush(GB): cumulative 0.149, interval 0.000
AddFile(GB): cumulative 0.000, interval 0.000
AddFile(Total Files): cumulative 0, interval 0
AddFile(L0 Files): cumulative 0, interval 0
AddFile(Keys): cumulative 0, interval 0
Cumulative compaction: 0.15 GB write, 85.04 MB/s write, 0.00 GB read, 0.00 MB/s read, 0.7 seconds
Interval compaction: 0.00 GB write, 0.00 MB/s write, 0.00 GB read, 0.00 MB/s read, 0.0 seconds
Stalls(count): 0 level0_slowdown, 0 level0_slowdown_with_compaction, 0 level0_numfiles, 0 level0_numfiles_with_compaction, 0 stop for pending_compaction_bytes, 0 slowdown for pending_compaction_bytes, 0 memtable_compaction, 0 memtable_slowdown, interval 0 total count

** File Read Latency Histogram By Level [usertable] **
2018/12/02-04:57:38.994290 7f353ad08700 (Original Log Time 2018/12/02-04:57:38.963198) [db/db_impl_compaction_flush.cc:1835] [usertable] Moving #207 to level-1 201282963 bytes
2018/12/02-04:57:38.994294 7f353ad08700 (Original Log Time 2018/12/02-04:57:38.994229) EVENT_LOG_v1 {"time_micros": 1543755458994223, "job": 3, "event": "trivial_move", "destination_level": 1, "files": 1, "total_files_size": 201282963}
2018/12/02-04:57:38.994296 7f353ad08700 (Original Log Time 2018/12/02-04:57:38.994240) [db/db_impl_compaction_flush.cc:1864] [usertable] Moved #1 files to level-1 201282963 bytes OK: base level 1 max bytes base 536870912 files[2 3 114 558 0 0 0] max score 1.12
2018/12/02-04:57:38.994356 7f353ad08700 [db/compaction_job.cc:1531] [usertable] [JOB 4] Compacting 1@1 files to L2, score 1.12
2018/12/02-04:57:38.994362 7f353ad08700 [db/compaction_job.cc:1535] [usertable] Compaction start summary: Base version 6 Base level 1, inputs: [125(191MB)]
2018/12/02-04:57:38.994380 7f353ad08700 EVENT_LOG_v1 {"time_micros": 1543755458994368, "job": 4, "event": "compaction_started", "compaction_reason": "LevelMaxLevelSize", "files_L1": [125], "score": 1.1248, "input_data_size": 201299530}
2018/12/02-04:57:39.946722 7f353ad08700 [db/compaction_job.cc:1211] [usertable] [JOB 4] Generated table #1207: 16279 keys, 67233522 bytes
2018/12/02-04:57:39.946762 7f353ad08700 EVENT_LOG_v1 {"time_micros": 1543755459946747, "cf_name": "usertable", "job": 4, "event": "table_file_creation", "file_number": 1207, "file_size": 67233522, "table_properties": {"data_size": 67120138, "index_size": 300916, "filter_size": 0, "raw_key_size": 390696, "raw_average_key_size": 24, "raw_value_size": 66678784, "raw_average_value_size": 4096, "num_data_blocks": 8140, "num_entries": 16279, "filter_policy_name": "", "kDeletedKeys": "0", "kMergeOperands": "0"}}
2018/12/02-04:57:40.830163 7f353ad08700 [db/compaction_job.cc:1211] [usertable] [JOB 4] Generated table #1208: 16279 keys, 67233361 bytes
2018/12/02-04:57:40.830210 7f353ad08700 EVENT_LOG_v1 {"time_micros": 1543755460830192, "cf_name": "usertable", "job": 4, "event": "table_file_creation", "file_number": 1208, "file_size": 67233361, "table_properties": {"data_size": 67118331, "index_size": 299108, "filter_size": 0, "raw_key_size": 390696, "raw_average_key_size": 24, "raw_value_size": 66678784, "raw_average_value_size": 4096, "num_data_blocks": 8140, "num_entries": 16279, "filter_policy_name": "", "kDeletedKeys": "0", "kMergeOperands": "0"}}
2018/12/02-04:57:41.712071 7f353ad08700 [db/compaction_job.cc:1211] [usertable] [JOB 4] Generated table #1209: 16046 keys, 66271223 bytes
2018/12/02-04:57:41.712120 7f353ad08700 EVENT_LOG_v1 {"time_micros": 1543755461712097, "cf_name": "usertable", "job": 4, "event": "table_file_creation", "file_number": 1209, "file_size": 66271223, "table_properties": {"data_size": 66159443, "index_size": 296587, "filter_size": 0, "raw_key_size": 385104, "raw_average_key_size": 24, "raw_value_size": 65724416, "raw_average_value_size": 4096, "num_data_blocks": 8023, "num_entries": 16046, "filter_policy_name": "", "kDeletedKeys": "0", "kMergeOperands": "0"}}
2018/12/02-04:57:41.712168 7f353ad08700 [db/compaction_job.cc:1287] [usertable] [JOB 4] Compacted 1@1 files to L2 => 200738106 bytes
2018/12/02-04:57:41.756970 7f353ad08700 (Original Log Time 2018/12/02-04:57:41.756892) [db/compaction_job.cc:685] [usertable] compacted to: base level 1 max bytes base 536870912 files[2 2 117 558 0 0 0] max score 1.03, MB/sec: 74.1 rd, 73.9 wr, level 2, files in(1, 0) out(3) MB in(192.0, 0.0) out(191.4), read-write-amplify(2.0) write-amplify(1.0) OK, records in: 48604, records dropped: 0 output_compression: LZ4
2018/12/02-04:57:41.756977 7f353ad08700 (Original Log Time 2018/12/02-04:57:41.756921) EVENT_LOG_v1 {"time_micros": 1543755461756910, "job": 4, "event": "compaction_finished", "compaction_time_micros": 2717751, "output_level": 2, "num_output_files": 3, "total_output_size": 200738106, "num_input_records": 48604, "num_output_records": 48604, "num_subcompactions": 1, "output_compression": "LZ4", "num_single_delete_mismatches": 0, "num_single_delete_fallthrough": 0, "lsm_state": [2, 2, 117, 558, 0, 0, 0]}
2018/12/02-04:57:41.800832 7f3539d06700 (Original Log Time 2018/12/02-04:57:41.757155) [db/db_impl_compaction_flush.cc:1835] [usertable] Moving #1207 to level-3 67233522 bytes
2018/12/02-04:57:41.800836 7f3539d06700 (Original Log Time 2018/12/02-04:57:41.800788) EVENT_LOG_v1 {"time_micros": 1543755461800783, "job": 5, "event": "trivial_move", "destination_level": 3, "files": 1, "total_files_size": 67233522}
2018/12/02-04:57:41.800838 7f3539d06700 (Original Log Time 2018/12/02-04:57:41.800801) [db/db_impl_compaction_flush.cc:1864] [usertable] Moved #1 files to level-3 67233522 bytes OK: base level 1 max bytes base 536870912 files[2 2 116 559 0 0 0] max score 1.02
2018/12/02-04:57:41.817052 7f3539d06700 EVENT_LOG_v1 {"time_micros": 1543755461817047, "job": 5, "event": "table_file_deletion", "file_number": 125}
2018/12/02-04:57:41.863826 7f3539d06700 (Original Log Time 2018/12/02-04:57:41.817181) [db/db_impl_compaction_flush.cc:1835] [usertable] Moving #1208 to level-3 67233361 bytes
2018/12/02-04:57:41.863830 7f3539d06700 (Original Log Time 2018/12/02-04:57:41.863781) EVENT_LOG_v1 {"time_micros": 1543755461863777, "job": 6, "event": "trivial_move", "destination_level": 3, "files": 1, "total_files_size": 67233361}
2018/12/02-04:57:41.863832 7f3539d06700 (Original Log Time 2018/12/02-04:57:41.863790) [db/db_impl_compaction_flush.cc:1864] [usertable] Moved #1 files to level-3 67233361 bytes OK: base level 1 max bytes base 536870912 files[2 2 115 560 0 0 0] max score 1.01
2018/12/02-04:57:41.909568 7f3539d06700 (Original Log Time 2018/12/02-04:57:41.863976) [db/db_impl_compaction_flush.cc:1835] [usertable] Moving #1209 to level-3 66271223 bytes
2018/12/02-04:57:41.909572 7f3539d06700 (Original Log Time 2018/12/02-04:57:41.909536) EVENT_LOG_v1 {"time_micros": 1543755461909533, "job": 7, "event": "trivial_move", "destination_level": 3, "files": 1, "total_files_size": 66271223}
2018/12/02-04:57:41.909574 7f3539d06700 (Original Log Time 2018/12/02-04:57:41.909543) [db/db_impl_compaction_flush.cc:1864] [usertable] Moved #1 files to level-3 66271223 bytes OK: base level 1 max bytes base 536870912 files[2 2 114 561 0 0 0] max score 1.00
2018/12/02-04:57:41.953696 7f3539d06700 (Original Log Time 2018/12/02-04:57:41.909716) [db/db_impl_compaction_flush.cc:1835] [usertable] Moving #1201 to level-1 129895354 bytes
2018/12/02-04:57:41.953699 7f3539d06700 (Original Log Time 2018/12/02-04:57:41.953670) EVENT_LOG_v1 {"time_micros": 1543755461953666, "job": 8, "event": "trivial_move", "destination_level": 1, "files": 1, "total_files_size": 129895354}
2018/12/02-04:57:41.953701 7f3539d06700 (Original Log Time 2018/12/02-04:57:41.953677) [db/db_impl_compaction_flush.cc:1864] [usertable] Moved #1 files to level-1 129895354 bytes OK: base level 1 max bytes base 536870912 files[1 3 114 561 0 0 0] max score 0.99
2018/12/02-04:57:43.041941 7f360872d700 [db/db_impl_write.cc:1373] [usertable] New memtable created with log file: #1210. Immutable memtables: 0.
2018/12/02-04:57:44.620243 7f3609238700 [db/db_impl_write.cc:1373] [usertable] New memtable created with log file: #1211. Immutable memtables: 1.
2018/12/02-04:57:44.620352 7f345ffff700 [db/db_impl_compaction_flush.cc:80] [JOB 9] Syncing log #1204
