2018/10/19-23:45:02.839712 7f7bcd399700 RocksDB version: 5.14.3
2018/10/19-23:45:02.839778 7f7bcd399700 Git sha rocksdb_build_git_sha:
2018/10/19-23:45:02.839781 7f7bcd399700 Compile date Oct 15 2018
2018/10/19-23:45:02.839789 7f7bcd399700 DB SUMMARY
2018/10/19-23:45:02.839810 7f7bcd399700 SST files in /mnt/sdc1/ycsb-rocksdb-data dir, Total Num: 0, files: 
2018/10/19-23:45:02.839812 7f7bcd399700 Write Ahead Log file in /mnt/sdc1/ycsb-rocksdb-data: 
2018/10/19-23:45:02.839815 7f7bcd399700                         Options.error_if_exists: 0
2018/10/19-23:45:02.839816 7f7bcd399700                       Options.create_if_missing: 1
2018/10/19-23:45:02.839817 7f7bcd399700                         Options.paranoid_checks: 1
2018/10/19-23:45:02.839818 7f7bcd399700                                     Options.env: 0x7f7bccd763e0
2018/10/19-23:45:02.839819 7f7bcd399700                                Options.info_log: 0x7f7aec3dc900
2018/10/19-23:45:02.839819 7f7bcd399700                Options.max_file_opening_threads: 16
2018/10/19-23:45:02.839820 7f7bcd399700                              Options.statistics: (nil)
2018/10/19-23:45:02.839821 7f7bcd399700                               Options.use_fsync: 0
2018/10/19-23:45:02.839822 7f7bcd399700                       Options.max_log_file_size: 0
2018/10/19-23:45:02.839823 7f7bcd399700                  Options.max_manifest_file_size: 18446744073709551615
2018/10/19-23:45:02.839824 7f7bcd399700                   Options.log_file_time_to_roll: 0
2018/10/19-23:45:02.839825 7f7bcd399700                       Options.keep_log_file_num: 1000
2018/10/19-23:45:02.839826 7f7bcd399700                    Options.recycle_log_file_num: 0
2018/10/19-23:45:02.839827 7f7bcd399700                         Options.allow_fallocate: 1
2018/10/19-23:45:02.839828 7f7bcd399700                        Options.allow_mmap_reads: 0
2018/10/19-23:45:02.839828 7f7bcd399700                       Options.allow_mmap_writes: 0
2018/10/19-23:45:02.839829 7f7bcd399700                        Options.use_direct_reads: 0
2018/10/19-23:45:02.839830 7f7bcd399700                        Options.use_direct_io_for_flush_and_compaction: 0
2018/10/19-23:45:02.839831 7f7bcd399700          Options.create_missing_column_families: 1
2018/10/19-23:45:02.839832 7f7bcd399700                              Options.db_log_dir: 
2018/10/19-23:45:02.839833 7f7bcd399700                                 Options.wal_dir: /mnt/sdc1/ycsb-rocksdb-data
2018/10/19-23:45:02.839834 7f7bcd399700                Options.table_cache_numshardbits: 6
2018/10/19-23:45:02.839834 7f7bcd399700                      Options.max_subcompactions: 4
2018/10/19-23:45:02.839835 7f7bcd399700                  Options.max_background_flushes: 24
2018/10/19-23:45:02.839836 7f7bcd399700                         Options.WAL_ttl_seconds: 0
2018/10/19-23:45:02.839837 7f7bcd399700                       Options.WAL_size_limit_MB: 0
2018/10/19-23:45:02.839838 7f7bcd399700             Options.manifest_preallocation_size: 4194304
2018/10/19-23:45:02.839839 7f7bcd399700                     Options.is_fd_close_on_exec: 1
2018/10/19-23:45:02.839839 7f7bcd399700                   Options.advise_random_on_open: 1
2018/10/19-23:45:02.839840 7f7bcd399700                    Options.db_write_buffer_size: 0
2018/10/19-23:45:02.839841 7f7bcd399700                    Options.write_buffer_manager: 0x7f7aec3dab40
2018/10/19-23:45:02.839842 7f7bcd399700         Options.access_hint_on_compaction_start: 1
2018/10/19-23:45:02.839843 7f7bcd399700  Options.new_table_reader_for_compaction_inputs: 0
2018/10/19-23:45:02.839843 7f7bcd399700           Options.random_access_max_buffer_size: 1048576
2018/10/19-23:45:02.839844 7f7bcd399700                      Options.use_adaptive_mutex: 0
2018/10/19-23:45:02.839845 7f7bcd399700                            Options.rate_limiter: (nil)
2018/10/19-23:45:02.839847 7f7bcd399700     Options.sst_file_manager.rate_bytes_per_sec: 0
2018/10/19-23:45:02.839848 7f7bcd399700                       Options.wal_recovery_mode: 2
2018/10/19-23:45:02.839848 7f7bcd399700                  Options.enable_thread_tracking: 0
2018/10/19-23:45:02.839849 7f7bcd399700                  Options.enable_pipelined_write: 1
2018/10/19-23:45:02.839859 7f7bcd399700         Options.allow_concurrent_memtable_write: 1
2018/10/19-23:45:02.839860 7f7bcd399700      Options.enable_write_thread_adaptive_yield: 1
2018/10/19-23:45:02.839861 7f7bcd399700             Options.write_thread_max_yield_usec: 100
2018/10/19-23:45:02.839862 7f7bcd399700            Options.write_thread_slow_yield_usec: 3
2018/10/19-23:45:02.839862 7f7bcd399700                               Options.row_cache: None
2018/10/19-23:45:02.839863 7f7bcd399700                              Options.wal_filter: None
2018/10/19-23:45:02.839864 7f7bcd399700             Options.avoid_flush_during_recovery: 0
2018/10/19-23:45:02.839865 7f7bcd399700             Options.allow_ingest_behind: 0
2018/10/19-23:45:02.839866 7f7bcd399700             Options.preserve_deletes: 0
2018/10/19-23:45:02.839867 7f7bcd399700             Options.two_write_queues: 0
2018/10/19-23:45:02.839867 7f7bcd399700             Options.manual_wal_flush: 0
2018/10/19-23:45:02.839869 7f7bcd399700             Options.max_background_jobs: 24
2018/10/19-23:45:02.839870 7f7bcd399700             Options.max_background_compactions: 24
2018/10/19-23:45:02.839871 7f7bcd399700             Options.avoid_flush_during_shutdown: 0
2018/10/19-23:45:02.839872 7f7bcd399700           Options.writable_file_max_buffer_size: 1048576
2018/10/19-23:45:02.839873 7f7bcd399700             Options.delayed_write_rate : 16777216
2018/10/19-23:45:02.839874 7f7bcd399700             Options.max_total_wal_size: 0
2018/10/19-23:45:02.839874 7f7bcd399700             Options.delete_obsolete_files_period_micros: 21600000000
2018/10/19-23:45:02.839875 7f7bcd399700                   Options.stats_dump_period_sec: 60
2018/10/19-23:45:02.839876 7f7bcd399700                          Options.max_open_files: -1
2018/10/19-23:45:02.839877 7f7bcd399700                          Options.bytes_per_sync: 1048576
2018/10/19-23:45:02.839878 7f7bcd399700                      Options.wal_bytes_per_sync: 0
2018/10/19-23:45:02.839879 7f7bcd399700       Options.compaction_readahead_size: 0
2018/10/19-23:45:02.839880 7f7bcd399700 Compression algorithms supported:
2018/10/19-23:45:02.839881 7f7bcd399700 	kZSTDNotFinalCompression supported: 1
2018/10/19-23:45:02.839887 7f7bcd399700 	kZSTD supported: 1
2018/10/19-23:45:02.839888 7f7bcd399700 	kXpressCompression supported: 0
2018/10/19-23:45:02.839889 7f7bcd399700 	kLZ4HCCompression supported: 1
2018/10/19-23:45:02.839890 7f7bcd399700 	kLZ4Compression supported: 1
2018/10/19-23:45:02.839891 7f7bcd399700 	kBZip2Compression supported: 1
2018/10/19-23:45:02.839892 7f7bcd399700 	kZlibCompression supported: 1
2018/10/19-23:45:02.839893 7f7bcd399700 	kSnappyCompression supported: 1
2018/10/19-23:45:02.839896 7f7bcd399700 Fast CRC32 supported: Supported on x86
2018/10/19-23:45:02.839960 7f7bcd399700 [db/db_impl_open.cc:222] Creating manifest 1 
2018/10/19-23:45:02.943338 7f7bcd399700 [db/version_set.cc:3085] Recovering from manifest file: MANIFEST-000001
2018/10/19-23:45:02.943416 7f7bcd399700 [db/column_family.cc:475] --------------- Options for column family [default]:
2018/10/19-23:45:02.943419 7f7bcd399700               Options.comparator: leveldb.BytewiseComparator
2018/10/19-23:45:02.943420 7f7bcd399700           Options.merge_operator: None
2018/10/19-23:45:02.943421 7f7bcd399700        Options.compaction_filter: None
2018/10/19-23:45:02.943422 7f7bcd399700        Options.compaction_filter_factory: None
2018/10/19-23:45:02.943422 7f7bcd399700         Options.memtable_factory: SkipListFactory
2018/10/19-23:45:02.943424 7f7bcd399700            Options.table_factory: BlockBasedTable
2018/10/19-23:45:02.943453 7f7bcd399700            table_factory options:   flush_block_policy_factory: FlushBlockBySizePolicyFactory (0x7f7aec388f00)
  cache_index_and_filter_blocks: 0
  cache_index_and_filter_blocks_with_high_priority: 0
  pin_l0_filter_and_index_blocks_in_cache: 0
  index_type: 0
  hash_index_allow_collision: 1
  checksum: 1
  no_block_cache: 0
  block_cache: 0x7f7aec392090
  block_cache_name: LRUCache
  block_cache_options:
    capacity : 8388608
    num_shard_bits : 4
    strict_capacity_limit : 0
    high_pri_pool_ratio: 0.000
  block_cache_compressed: (nil)
  persistent_cache: (nil)
  block_size: 8192
  block_size_deviation: 10
  block_restart_interval: 16
  index_block_restart_interval: 1
  metadata_block_size: 4096
  partition_filters: 0
  use_delta_encoding: 1
  filter_policy: nullptr
  whole_key_filtering: 1
  verify_compression: 0
  read_amp_bytes_per_bit: 0
  format_version: 2
  enable_index_compression: 1
  block_align: 0
2018/10/19-23:45:02.943467 7f7bcd399700        Options.write_buffer_size: 134217728
2018/10/19-23:45:02.943468 7f7bcd399700  Options.max_write_buffer_number: 24
2018/10/19-23:45:02.943470 7f7bcd399700        Options.compression[0]: NoCompression
2018/10/19-23:45:02.943471 7f7bcd399700        Options.compression[1]: NoCompression
2018/10/19-23:45:02.943472 7f7bcd399700        Options.compression[2]: LZ4
2018/10/19-23:45:02.943472 7f7bcd399700        Options.compression[3]: LZ4
2018/10/19-23:45:02.943473 7f7bcd399700        Options.compression[4]: LZ4
2018/10/19-23:45:02.943474 7f7bcd399700        Options.compression[5]: LZ4
2018/10/19-23:45:02.943475 7f7bcd399700        Options.compression[6]: LZ4
2018/10/19-23:45:02.943476 7f7bcd399700                  Options.bottommost_compression: Disabled
2018/10/19-23:45:02.943477 7f7bcd399700       Options.prefix_extractor: nullptr
2018/10/19-23:45:02.943477 7f7bcd399700   Options.memtable_insert_with_hint_prefix_extractor: nullptr
2018/10/19-23:45:02.943478 7f7bcd399700             Options.num_levels: 7
2018/10/19-23:45:02.943479 7f7bcd399700        Options.min_write_buffer_number_to_merge: 2
2018/10/19-23:45:02.943480 7f7bcd399700     Options.max_write_buffer_number_to_maintain: 0
2018/10/19-23:45:02.943481 7f7bcd399700            Options.compression_opts.window_bits: -14
2018/10/19-23:45:02.943482 7f7bcd399700                  Options.compression_opts.level: -1
2018/10/19-23:45:02.943482 7f7bcd399700               Options.compression_opts.strategy: 0
2018/10/19-23:45:02.943483 7f7bcd399700         Options.compression_opts.max_dict_bytes: 0
2018/10/19-23:45:02.943484 7f7bcd399700         Options.compression_opts.zstd_max_train_bytes: 0
2018/10/19-23:45:02.943485 7f7bcd399700      Options.level0_file_num_compaction_trigger: 2
2018/10/19-23:45:02.943486 7f7bcd399700          Options.level0_slowdown_writes_trigger: 20
2018/10/19-23:45:02.943487 7f7bcd399700              Options.level0_stop_writes_trigger: 36
2018/10/19-23:45:02.943487 7f7bcd399700                   Options.target_file_size_base: 67108864
2018/10/19-23:45:02.943488 7f7bcd399700             Options.target_file_size_multiplier: 1
2018/10/19-23:45:02.943489 7f7bcd399700                Options.max_bytes_for_level_base: 536870912
2018/10/19-23:45:02.943490 7f7bcd399700 Options.level_compaction_dynamic_level_bytes: 0
2018/10/19-23:45:02.943491 7f7bcd399700          Options.max_bytes_for_level_multiplier: 10.000000
2018/10/19-23:45:02.943494 7f7bcd399700 Options.max_bytes_for_level_multiplier_addtl[0]: 1
2018/10/19-23:45:02.943495 7f7bcd399700 Options.max_bytes_for_level_multiplier_addtl[1]: 1
2018/10/19-23:45:02.943496 7f7bcd399700 Options.max_bytes_for_level_multiplier_addtl[2]: 1
2018/10/19-23:45:02.943497 7f7bcd399700 Options.max_bytes_for_level_multiplier_addtl[3]: 1
2018/10/19-23:45:02.943498 7f7bcd399700 Options.max_bytes_for_level_multiplier_addtl[4]: 1
2018/10/19-23:45:02.943499 7f7bcd399700 Options.max_bytes_for_level_multiplier_addtl[5]: 1
2018/10/19-23:45:02.943500 7f7bcd399700 Options.max_bytes_for_level_multiplier_addtl[6]: 1
2018/10/19-23:45:02.943500 7f7bcd399700       Options.max_sequential_skip_in_iterations: 8
2018/10/19-23:45:02.943501 7f7bcd399700                    Options.max_compaction_bytes: 1677721600
2018/10/19-23:45:02.943502 7f7bcd399700                        Options.arena_block_size: 16777216
2018/10/19-23:45:02.943503 7f7bcd399700   Options.soft_pending_compaction_bytes_limit: 68719476736
2018/10/19-23:45:02.943504 7f7bcd399700   Options.hard_pending_compaction_bytes_limit: 274877906944
2018/10/19-23:45:02.943510 7f7bcd399700       Options.rate_limit_delay_max_milliseconds: 100
2018/10/19-23:45:02.943512 7f7bcd399700                Options.disable_auto_compactions: 0
2018/10/19-23:45:02.943513 7f7bcd399700                        Options.compaction_style: kCompactionStyleLevel
2018/10/19-23:45:02.943515 7f7bcd399700                          Options.compaction_pri: kByCompensatedSize
2018/10/19-23:45:02.943516 7f7bcd399700 Options.compaction_options_universal.size_ratio: 1
2018/10/19-23:45:02.943516 7f7bcd399700 Options.compaction_options_universal.min_merge_width: 2
2018/10/19-23:45:02.943517 7f7bcd399700 Options.compaction_options_universal.max_merge_width: 4294967295
2018/10/19-23:45:02.943518 7f7bcd399700 Options.compaction_options_universal.max_size_amplification_percent: 200
2018/10/19-23:45:02.943519 7f7bcd399700 Options.compaction_options_universal.compression_size_percent: -1
2018/10/19-23:45:02.943520 7f7bcd399700 Options.compaction_options_universal.stop_style: kCompactionStopStyleTotalSize
2018/10/19-23:45:02.943521 7f7bcd399700 Options.compaction_options_fifo.max_table_files_size: 1073741824
2018/10/19-23:45:02.943522 7f7bcd399700 Options.compaction_options_fifo.allow_compaction: 0
2018/10/19-23:45:02.943523 7f7bcd399700 Options.compaction_options_fifo.ttl: 0
2018/10/19-23:45:02.943524 7f7bcd399700                   Options.table_properties_collectors: 
2018/10/19-23:45:02.943524 7f7bcd399700                   Options.inplace_update_support: 0
2018/10/19-23:45:02.943525 7f7bcd399700                 Options.inplace_update_num_locks: 10000
2018/10/19-23:45:02.943526 7f7bcd399700               Options.memtable_prefix_bloom_size_ratio: 0.000000
2018/10/19-23:45:02.943527 7f7bcd399700   Options.memtable_huge_page_size: 0
2018/10/19-23:45:02.943528 7f7bcd399700                           Options.bloom_locality: 0
2018/10/19-23:45:02.943529 7f7bcd399700                    Options.max_successive_merges: 0
2018/10/19-23:45:02.943530 7f7bcd399700                Options.optimize_filters_for_hits: 0
2018/10/19-23:45:02.943531 7f7bcd399700                Options.paranoid_file_checks: 0
2018/10/19-23:45:02.943532 7f7bcd399700                Options.force_consistency_checks: 0
2018/10/19-23:45:02.943532 7f7bcd399700                Options.report_bg_io_stats: 0
2018/10/19-23:45:02.943533 7f7bcd399700                               Options.ttl: 0
2018/10/19-23:45:02.944268 7f7bcd399700 [db/version_set.cc:3361] Recovered from manifest file:/mnt/sdc1/ycsb-rocksdb-data/MANIFEST-000001 succeeded,manifest_file_number is 1, next_file_number is 3, last_sequence is 0, log_number is 0,prev_log_number is 0,max_column_family is 0,min_log_number_to_keep is 0
2018/10/19-23:45:02.944277 7f7bcd399700 [db/version_set.cc:3369] Column family [default] (ID 0), log number is 0
2018/10/19-23:45:02.944566 7f7bcd399700 [db/version_set.cc:2847] Creating manifest 4
2018/10/19-23:45:03.017953 7f7bcd399700 [db/column_family.cc:475] --------------- Options for column family [usertable]:
2018/10/19-23:45:03.017957 7f7bcd399700               Options.comparator: leveldb.BytewiseComparator
2018/10/19-23:45:03.017959 7f7bcd399700           Options.merge_operator: None
2018/10/19-23:45:03.017960 7f7bcd399700        Options.compaction_filter: None
2018/10/19-23:45:03.017961 7f7bcd399700        Options.compaction_filter_factory: None
2018/10/19-23:45:03.017962 7f7bcd399700         Options.memtable_factory: SkipListFactory
2018/10/19-23:45:03.017963 7f7bcd399700            Options.table_factory: BlockBasedTable
2018/10/19-23:45:03.017992 7f7bcd399700            table_factory options:   flush_block_policy_factory: FlushBlockBySizePolicyFactory (0x7f7aec388ee0)
  cache_index_and_filter_blocks: 0
  cache_index_and_filter_blocks_with_high_priority: 0
  pin_l0_filter_and_index_blocks_in_cache: 0
  index_type: 0
  hash_index_allow_collision: 1
  checksum: 1
  no_block_cache: 0
  block_cache: 0x7f7aec3881f0
  block_cache_name: LRUCache
  block_cache_options:
    capacity : 8388608
    num_shard_bits : 4
    strict_capacity_limit : 0
    high_pri_pool_ratio: 0.000
  block_cache_compressed: (nil)
  persistent_cache: (nil)
  block_size: 8192
  block_size_deviation: 10
  block_restart_interval: 16
  index_block_restart_interval: 1
  metadata_block_size: 4096
  partition_filters: 0
  use_delta_encoding: 1
  filter_policy: nullptr
  whole_key_filtering: 1
  verify_compression: 0
  read_amp_bytes_per_bit: 0
  format_version: 2
  enable_index_compression: 1
  block_align: 0
2018/10/19-23:45:03.017995 7f7bcd399700        Options.write_buffer_size: 134217728
2018/10/19-23:45:03.017996 7f7bcd399700  Options.max_write_buffer_number: 24
2018/10/19-23:45:03.017997 7f7bcd399700        Options.compression[0]: NoCompression
2018/10/19-23:45:03.017998 7f7bcd399700        Options.compression[1]: NoCompression
2018/10/19-23:45:03.017999 7f7bcd399700        Options.compression[2]: LZ4
2018/10/19-23:45:03.018000 7f7bcd399700        Options.compression[3]: LZ4
2018/10/19-23:45:03.018001 7f7bcd399700        Options.compression[4]: LZ4
2018/10/19-23:45:03.018002 7f7bcd399700        Options.compression[5]: LZ4
2018/10/19-23:45:03.018003 7f7bcd399700        Options.compression[6]: LZ4
2018/10/19-23:45:03.018004 7f7bcd399700                  Options.bottommost_compression: Disabled
2018/10/19-23:45:03.018005 7f7bcd399700       Options.prefix_extractor: nullptr
2018/10/19-23:45:03.018006 7f7bcd399700   Options.memtable_insert_with_hint_prefix_extractor: nullptr
2018/10/19-23:45:03.018007 7f7bcd399700             Options.num_levels: 7
2018/10/19-23:45:03.018007 7f7bcd399700        Options.min_write_buffer_number_to_merge: 2
2018/10/19-23:45:03.018008 7f7bcd399700     Options.max_write_buffer_number_to_maintain: 0
2018/10/19-23:45:03.018009 7f7bcd399700            Options.compression_opts.window_bits: -14
2018/10/19-23:45:03.018010 7f7bcd399700                  Options.compression_opts.level: -1
2018/10/19-23:45:03.018011 7f7bcd399700               Options.compression_opts.strategy: 0
2018/10/19-23:45:03.018012 7f7bcd399700         Options.compression_opts.max_dict_bytes: 0
2018/10/19-23:45:03.018013 7f7bcd399700         Options.compression_opts.zstd_max_train_bytes: 0
2018/10/19-23:45:03.018014 7f7bcd399700      Options.level0_file_num_compaction_trigger: 2
2018/10/19-23:45:03.018015 7f7bcd399700          Options.level0_slowdown_writes_trigger: 20
2018/10/19-23:45:03.018016 7f7bcd399700              Options.level0_stop_writes_trigger: 36
2018/10/19-23:45:03.018017 7f7bcd399700                   Options.target_file_size_base: 67108864
2018/10/19-23:45:03.018017 7f7bcd399700             Options.target_file_size_multiplier: 1
2018/10/19-23:45:03.018018 7f7bcd399700                Options.max_bytes_for_level_base: 536870912
2018/10/19-23:45:03.018019 7f7bcd399700 Options.level_compaction_dynamic_level_bytes: 0
2018/10/19-23:45:03.018020 7f7bcd399700          Options.max_bytes_for_level_multiplier: 10.000000
2018/10/19-23:45:03.018023 7f7bcd399700 Options.max_bytes_for_level_multiplier_addtl[0]: 1
2018/10/19-23:45:03.018034 7f7bcd399700 Options.max_bytes_for_level_multiplier_addtl[1]: 1
2018/10/19-23:45:03.018035 7f7bcd399700 Options.max_bytes_for_level_multiplier_addtl[2]: 1
2018/10/19-23:45:03.018036 7f7bcd399700 Options.max_bytes_for_level_multiplier_addtl[3]: 1
2018/10/19-23:45:03.018037 7f7bcd399700 Options.max_bytes_for_level_multiplier_addtl[4]: 1
2018/10/19-23:45:03.018038 7f7bcd399700 Options.max_bytes_for_level_multiplier_addtl[5]: 1
2018/10/19-23:45:03.018039 7f7bcd399700 Options.max_bytes_for_level_multiplier_addtl[6]: 1
2018/10/19-23:45:03.018040 7f7bcd399700       Options.max_sequential_skip_in_iterations: 8
2018/10/19-23:45:03.018041 7f7bcd399700                    Options.max_compaction_bytes: 1677721600
2018/10/19-23:45:03.018042 7f7bcd399700                        Options.arena_block_size: 16777216
2018/10/19-23:45:03.018042 7f7bcd399700   Options.soft_pending_compaction_bytes_limit: 68719476736
2018/10/19-23:45:03.018043 7f7bcd399700   Options.hard_pending_compaction_bytes_limit: 274877906944
2018/10/19-23:45:03.018044 7f7bcd399700       Options.rate_limit_delay_max_milliseconds: 100
2018/10/19-23:45:03.018045 7f7bcd399700                Options.disable_auto_compactions: 0
2018/10/19-23:45:03.018047 7f7bcd399700                        Options.compaction_style: kCompactionStyleLevel
2018/10/19-23:45:03.018049 7f7bcd399700                          Options.compaction_pri: kByCompensatedSize
2018/10/19-23:45:03.018050 7f7bcd399700 Options.compaction_options_universal.size_ratio: 1
2018/10/19-23:45:03.018051 7f7bcd399700 Options.compaction_options_universal.min_merge_width: 2
2018/10/19-23:45:03.018052 7f7bcd399700 Options.compaction_options_universal.max_merge_width: 4294967295
2018/10/19-23:45:03.018053 7f7bcd399700 Options.compaction_options_universal.max_size_amplification_percent: 200
2018/10/19-23:45:03.018054 7f7bcd399700 Options.compaction_options_universal.compression_size_percent: -1
2018/10/19-23:45:03.018055 7f7bcd399700 Options.compaction_options_universal.stop_style: kCompactionStopStyleTotalSize
2018/10/19-23:45:03.018056 7f7bcd399700 Options.compaction_options_fifo.max_table_files_size: 1073741824
2018/10/19-23:45:03.018057 7f7bcd399700 Options.compaction_options_fifo.allow_compaction: 0
2018/10/19-23:45:03.018058 7f7bcd399700 Options.compaction_options_fifo.ttl: 0
2018/10/19-23:45:03.018059 7f7bcd399700                   Options.table_properties_collectors: 
2018/10/19-23:45:03.018060 7f7bcd399700                   Options.inplace_update_support: 0
2018/10/19-23:45:03.018061 7f7bcd399700                 Options.inplace_update_num_locks: 10000
2018/10/19-23:45:03.018062 7f7bcd399700               Options.memtable_prefix_bloom_size_ratio: 0.000000
2018/10/19-23:45:03.018064 7f7bcd399700   Options.memtable_huge_page_size: 0
2018/10/19-23:45:03.018065 7f7bcd399700                           Options.bloom_locality: 0
2018/10/19-23:45:03.018066 7f7bcd399700                    Options.max_successive_merges: 0
2018/10/19-23:45:03.018066 7f7bcd399700                Options.optimize_filters_for_hits: 0
2018/10/19-23:45:03.018067 7f7bcd399700                Options.paranoid_file_checks: 0
2018/10/19-23:45:03.018068 7f7bcd399700                Options.force_consistency_checks: 0
2018/10/19-23:45:03.018069 7f7bcd399700                Options.report_bg_io_stats: 0
2018/10/19-23:45:03.018070 7f7bcd399700                               Options.ttl: 0
2018/10/19-23:45:03.018140 7f7bcd399700 [db/db_impl.cc:1396] Created column family [usertable] (ID 1)
2018/10/19-23:45:03.095764 7f7bcd399700 [db/db_impl_open.cc:1219] DB pointer 0x7f7aec3dcf40
2018/10/19-23:45:03.725936 7f7bcd399700 [db/db_impl_write.cc:1373] [usertable] New memtable created with log file: #9. Immutable memtables: 0.
2018/10/19-23:45:04.181148 7f7bcd399700 [db/db_impl_write.cc:1373] [usertable] New memtable created with log file: #10. Immutable memtables: 1.
2018/10/19-23:45:04.181315 7f7b75ffb700 [db/db_impl_compaction_flush.cc:80] [JOB 2] Syncing log #3
2018/10/19-23:45:04.736160 7f7b75ffb700 [db/db_impl_compaction_flush.cc:80] [JOB 2] Syncing log #9
2018/10/19-23:45:04.794276 7f7bcd298700 [db/db_impl_write.cc:1373] [usertable] New memtable created with log file: #12. Immutable memtables: 2.
2018/10/19-23:45:05.189007 7f7b75ffb700 (Original Log Time 2018/10/19-23:45:04.181264) [db/db_impl_compaction_flush.cc:1424] Calling FlushMemTableToOutputFile with column family [usertable], flush slots available 24, compaction slots available 1, flush slots scheduled 1, compaction slots scheduled 0
2018/10/19-23:45:05.189020 7f7b75ffb700 [db/flush_job.cc:301] [usertable] [JOB 2] Flushing memtable with next log file: 9
2018/10/19-23:45:05.189032 7f7b75ffb700 [db/flush_job.cc:301] [usertable] [JOB 2] Flushing memtable with next log file: 10
2018/10/19-23:45:05.189081 7f7b75ffb700 EVENT_LOG_v1 {"time_micros": 1540017905189060, "job": 2, "event": "flush_started", "num_memtables": 2, "num_entries": 57695, "num_deletes": 0, "memory_usage": 260129768, "flush_reason": "Write Buffer Full"}
2018/10/19-23:45:05.189094 7f7b75ffb700 [db/flush_job.cc:331] [usertable] [JOB 2] Level-0 flush table #11: started
2018/10/19-23:45:05.334018 7f7bcd399700 [db/db_impl_write.cc:1373] [usertable] New memtable created with log file: #13. Immutable memtables: 3.
2018/10/19-23:45:05.334187 7f7b96ffd700 [db/db_impl_compaction_flush.cc:80] [JOB 3] Syncing log #10
2018/10/19-23:45:05.786375 7f7bcd298700 [db/db_impl_write.cc:1373] [usertable] New memtable created with log file: #15. Immutable memtables: 4.
2018/10/19-23:45:06.286147 7f7bcd399700 [db/db_impl_write.cc:1373] [usertable] New memtable created with log file: #16. Immutable memtables: 5.
2018/10/19-23:45:06.765951 7f7bcd399700 [db/db_impl_write.cc:1373] [usertable] New memtable created with log file: #18. Immutable memtables: 6.
2018/10/19-23:45:07.309709 7f7bcd298700 [db/db_impl_write.cc:1373] [usertable] New memtable created with log file: #19. Immutable memtables: 7.
2018/10/19-23:45:07.803067 7f7bcd298700 [db/db_impl_write.cc:1373] [usertable] New memtable created with log file: #21. Immutable memtables: 8.
2018/10/19-23:45:08.134212 7f7b96ffd700 [db/db_impl_compaction_flush.cc:80] [JOB 3] Syncing log #12
2018/10/19-23:45:08.278538 7f7bcd399700 [db/db_impl_write.cc:1373] [usertable] New memtable created with log file: #22. Immutable memtables: 9.
2018/10/19-23:45:08.682193 7f7bcd399700 [db/db_impl_write.cc:1373] [usertable] New memtable created with log file: #24. Immutable memtables: 10.
2018/10/19-23:45:08.940229 7f7b75ffb700 EVENT_LOG_v1 {"time_micros": 1540017908940204, "cf_name": "usertable", "job": 2, "event": "table_file_creation", "file_number": 11, "file_size": 238938131, "table_properties": {"data_size": 237876499, "index_size": 1060705, "filter_size": 0, "raw_key_size": 1384680, "raw_average_key_size": 24, "raw_value_size": 236318720, "raw_average_value_size": 4096, "num_data_blocks": 28848, "num_entries": 57695, "filter_policy_name": "", "kDeletedKeys": "0", "kMergeOperands": "0"}}
2018/10/19-23:45:08.940269 7f7b75ffb700 [db/flush_job.cc:371] [usertable] [JOB 2] Level-0 flush table #11: 238938131 bytes OK
2018/10/19-23:45:08.954674 7f7b96ffd700 (Original Log Time 2018/10/19-23:45:05.334148) [db/db_impl_compaction_flush.cc:1424] Calling FlushMemTableToOutputFile with column family [usertable], flush slots available 24, compaction slots available 1, flush slots scheduled 2, compaction slots scheduled 0
2018/10/19-23:45:08.954675 7f7b967fc700 [db/db_impl_compaction_flush.cc:80] [JOB 4] Syncing log #13
2018/10/19-23:45:08.954680 7f7b96ffd700 [db/flush_job.cc:301] [usertable] [JOB 3] Flushing memtable with next log file: 12
2018/10/19-23:45:08.954688 7f7b96ffd700 [db/flush_job.cc:301] [usertable] [JOB 3] Flushing memtable with next log file: 13
2018/10/19-23:45:08.954709 7f7b96ffd700 EVENT_LOG_v1 {"time_micros": 1540017908954701, "job": 3, "event": "flush_started", "num_memtables": 2, "num_entries": 59601, "num_deletes": 0, "memory_usage": 260125584, "flush_reason": "Write Buffer Full"}
2018/10/19-23:45:08.954715 7f7b96ffd700 [db/flush_job.cc:331] [usertable] [JOB 3] Level-0 flush table #14: started
2018/10/19-23:45:09.109335 7f7bcd399700 [db/db_impl_write.cc:1373] [usertable] New memtable created with log file: #25. Immutable memtables: 11.
2018/10/19-23:45:09.115665 7f7b75ffb700 (Original Log Time 2018/10/19-23:45:08.954605) [db/memtable_list.cc:377] [usertable] Level-0 commit table #11 started
2018/10/19-23:45:09.115672 7f7b75ffb700 (Original Log Time 2018/10/19-23:45:09.115526) [db/memtable_list.cc:409] [usertable] Level-0 commit table #11: memtable #1 done
2018/10/19-23:45:09.115673 7f7b75ffb700 (Original Log Time 2018/10/19-23:45:09.115543) [db/memtable_list.cc:409] [usertable] Level-0 commit table #11: memtable #2 done
2018/10/19-23:45:09.115675 7f7b75ffb700 (Original Log Time 2018/10/19-23:45:09.115587) EVENT_LOG_v1 {"time_micros": 1540017909115566, "job": 2, "event": "flush_finished", "output_compression": "NoCompression", "lsm_state": [1, 0, 0, 0, 0, 0, 0], "immutable_memtables": 10}
2018/10/19-23:45:09.115676 7f7b75ffb700 (Original Log Time 2018/10/19-23:45:09.115616) [db/db_impl_compaction_flush.cc:177] [usertable] Level summary: base level 1 max bytes base 536870912 files[1 0 0 0 0 0 0] max score 0.50
2018/10/19-23:45:09.115693 7f7b75ffb700 [db/db_impl_files.cc:347] [JOB 2] Try to delete WAL files size 238220927, prev total WAL file size 1463181369, number of live WAL files 13.
2018/10/19-23:45:09.513842 7f7bcd399700 [db/db_impl_write.cc:1373] [usertable] New memtable created with log file: #27. Immutable memtables: 10.
2018/10/19-23:45:09.747058 7f7b967fc700 [db/db_impl_compaction_flush.cc:80] [JOB 4] Syncing log #15
2018/10/19-23:45:09.989128 7f7bcd298700 [db/db_impl_write.cc:1373] [usertable] New memtable created with log file: #28. Immutable memtables: 11.
2018/10/19-23:45:10.421829 7f7bcd298700 [db/db_impl_write.cc:1373] [usertable] New memtable created with log file: #30. Immutable memtables: 12.
2018/10/19-23:45:10.787787 7f7b957fa700 [db/db_impl_compaction_flush.cc:80] [JOB 6] Syncing log #16
2018/10/19-23:45:10.787785 7f7b967fc700 (Original Log Time 2018/10/19-23:45:06.286240) [db/db_impl_compaction_flush.cc:1424] Calling FlushMemTableToOutputFile with column family [usertable], flush slots available 24, compaction slots available 1, flush slots scheduled 3, compaction slots scheduled 0
2018/10/19-23:45:10.787795 7f7b967fc700 [db/flush_job.cc:301] [usertable] [JOB 4] Flushing memtable with next log file: 15
2018/10/19-23:45:10.787803 7f7b967fc700 [db/flush_job.cc:301] [usertable] [JOB 4] Flushing memtable with next log file: 16
2018/10/19-23:45:10.787832 7f7b967fc700 EVENT_LOG_v1 {"time_micros": 1540017910787821, "job": 4, "event": "flush_started", "num_memtables": 2, "num_entries": 59655, "num_deletes": 0, "memory_usage": 260127248, "flush_reason": "Write Buffer Full"}
2018/10/19-23:45:10.787839 7f7b967fc700 [db/flush_job.cc:331] [usertable] [JOB 4] Level-0 flush table #17: started
2018/10/19-23:45:10.920845 7f7bcd399700 [db/db_impl_write.cc:1373] [usertable] New memtable created with log file: #31. Immutable memtables: 13.
2018/10/19-23:45:11.324892 7f7bcd298700 [db/db_impl_write.cc:1373] [usertable] New memtable created with log file: #33. Immutable memtables: 14.
2018/10/19-23:45:11.801682 7f7bcd298700 [db/db_impl_write.cc:1373] [usertable] New memtable created with log file: #34. Immutable memtables: 15.
2018/10/19-23:45:11.851227 7f7b957fa700 [db/db_impl_compaction_flush.cc:80] [JOB 6] Syncing log #18
2018/10/19-23:45:12.259765 7f7bcd399700 [db/db_impl_write.cc:1373] [usertable] New memtable created with log file: #36. Immutable memtables: 16.
2018/10/19-23:45:12.705614 7f7bcd399700 [db/db_impl_write.cc:1373] [usertable] New memtable created with log file: #37. Immutable memtables: 17.
2018/10/19-23:45:12.738795 7f7b96ffd700 EVENT_LOG_v1 {"time_micros": 1540017912738772, "cf_name": "usertable", "job": 3, "event": "table_file_creation", "file_number": 14, "file_size": 246844860, "table_properties": {"data_size": 245741560, "index_size": 1102373, "filter_size": 0, "raw_key_size": 1430424, "raw_average_key_size": 24, "raw_value_size": 244125696, "raw_average_value_size": 4096, "num_data_blocks": 29801, "num_entries": 59601, "filter_policy_name": "", "kDeletedKeys": "0", "kMergeOperands": "0"}}
2018/10/19-23:45:12.738816 7f7b96ffd700 [db/flush_job.cc:371] [usertable] [JOB 3] Level-0 flush table #14: 246844860 bytes OK
2018/10/19-23:45:13.080450 7f7b957fa700 [db/db_impl_compaction_flush.cc:80] [JOB 6] Syncing log #19
2018/10/19-23:45:13.081367 7f7b967fc700 EVENT_LOG_v1 {"time_micros": 1540017913081349, "cf_name": "usertable", "job": 4, "event": "table_file_creation", "file_number": 17, "file_size": 247055250, "table_properties": {"data_size": 245957579, "index_size": 1096744, "filter_size": 0, "raw_key_size": 1431720, "raw_average_key_size": 24, "raw_value_size": 244346880, "raw_average_value_size": 4096, "num_data_blocks": 29828, "num_entries": 59655, "filter_policy_name": "", "kDeletedKeys": "0", "kMergeOperands": "0"}}
2018/10/19-23:45:13.081385 7f7b967fc700 [db/flush_job.cc:371] [usertable] [JOB 4] Level-0 flush table #17: 247055250 bytes OK
2018/10/19-23:45:13.081445 7f7b967fc700 (Original Log Time 2018/10/19-23:45:13.081404) EVENT_LOG_v1 {"time_micros": 1540017913081397, "job": 4, "event": "flush_finished", "output_compression": "NoCompression", "lsm_state": [1, 0, 0, 0, 0, 0, 0], "immutable_memtables": 18}
2018/10/19-23:45:13.081448 7f7b967fc700 (Original Log Time 2018/10/19-23:45:13.081426) [db/db_impl_compaction_flush.cc:177] [usertable] Level summary: base level 1 max bytes base 536870912 files[1 0 0 0 0 0 0] max score 0.50
2018/10/19-23:45:13.097229 7f7bcd298700 [db/db_impl_write.cc:1373] [usertable] New memtable created with log file: #39. Immutable memtables: 16.
2018/10/19-23:45:13.115654 7f7bc4de8700 [WARN] [db/db_impl.cc:491] ------- DUMPING STATS -------
2018/10/19-23:45:13.116884 7f7bc4de8700 [WARN] [db/db_impl.cc:492] 
** DB Stats **
Uptime(secs): 10.2 total, 10.2 interval
Cumulative writes: 616K writes, 616K keys, 615K commit groups, 1.0 writes per commit group, ingest: 2.37 GB, 238.89 MB/s
Cumulative WAL: 616K writes, 0 syncs, 616091.00 writes per sync, written: 2.37 GB, 238.89 MB/s
Cumulative stall: 00:00:0.000 H:M:S, 0.0 percent
Interval writes: 616K writes, 616K keys, 615K commit groups, 1.0 writes per commit group, ingest: 2425.98 MB, 238.89 MB/s
Interval WAL: 616K writes, 0 syncs, 616091.00 writes per sync, written: 2.37 MB, 238.89 MB/s
Interval stall: 00:00:0.000 H:M:S, 0.0 percent

** Compaction Stats [default] **
Level    Files   Size     Score Read(GB)  Rn(GB) Rnp1(GB) Write(GB) Wnew(GB) Moved(GB) W-Amp Rd(MB/s) Wr(MB/s) Comp(sec) Comp(cnt) Avg(sec) KeyIn KeyDrop
----------------------------------------------------------------------------------------------------------------------------------------------------------
 Sum      0/0    0.00 KB   0.0      0.0     0.0      0.0       0.0      0.0       0.0   0.0      0.0      0.0         0         0    0.000       0      0
 Int      0/0    0.00 KB   0.0      0.0     0.0      0.0       0.0      0.0       0.0   0.0      0.0      0.0         0         0    0.000       0      0
Uptime(secs): 10.2 total, 10.2 interval
Flush(GB): cumulative 0.000, interval 0.000
AddFile(GB): cumulative 0.000, interval 0.000
AddFile(Total Files): cumulative 0, interval 0
AddFile(L0 Files): cumulative 0, interval 0
AddFile(Keys): cumulative 0, interval 0
Cumulative compaction: 0.00 GB write, 0.00 MB/s write, 0.00 GB read, 0.00 MB/s read, 0.0 seconds
Interval compaction: 0.00 GB write, 0.00 MB/s write, 0.00 GB read, 0.00 MB/s read, 0.0 seconds
Stalls(count): 0 level0_slowdown, 0 level0_slowdown_with_compaction, 0 level0_numfiles, 0 level0_numfiles_with_compaction, 0 stop for pending_compaction_bytes, 0 slowdown for pending_compaction_bytes, 0 memtable_compaction, 0 memtable_slowdown, interval 0 total count

** File Read Latency Histogram By Level [default] **

** Compaction Stats [usertable] **
Level    Files   Size     Score Read(GB)  Rn(GB) Rnp1(GB) Write(GB) Wnew(GB) Moved(GB) W-Amp Rd(MB/s) Wr(MB/s) Comp(sec) Comp(cnt) Avg(sec) KeyIn KeyDrop
----------------------------------------------------------------------------------------------------------------------------------------------------------
  L0      2/0   463.28 MB   1.0      0.0     0.0      0.0       0.7      0.7       0.0   1.0      0.0     68.8        10         3    3.384       0      0
 Sum      2/0   463.28 MB   0.0      0.0     0.0      0.0       0.7      0.7       0.0   1.0      0.0     68.8        10         3    3.384       0      0
 Int      0/0    0.00 KB   0.0      0.0     0.0      0.0       0.7      0.7       0.0   1.0      0.0     68.8        10         3    3.384       0      0
Uptime(secs): 10.1 total, 10.1 interval
Flush(GB): cumulative 0.683, interval 0.683
AddFile(GB): cumulative 0.000, interval 0.000
AddFile(Total Files): cumulative 0, interval 0
AddFile(L0 Files): cumulative 0, interval 0
AddFile(Keys): cumulative 0, interval 0
Cumulative compaction: 0.68 GB write, 69.25 MB/s write, 0.00 GB read, 0.00 MB/s read, 10.2 seconds
Interval compaction: 0.68 GB write, 69.25 MB/s write, 0.00 GB read, 0.00 MB/s read, 10.2 seconds
Stalls(count): 0 level0_slowdown, 0 level0_slowdown_with_compaction, 0 level0_numfiles, 0 level0_numfiles_with_compaction, 0 stop for pending_compaction_bytes, 0 slowdown for pending_compaction_bytes, 0 memtable_compaction, 0 memtable_slowdown, interval 0 total count

** File Read Latency Histogram By Level [usertable] **

** Compaction Stats [default] **
Level    Files   Size     Score Read(GB)  Rn(GB) Rnp1(GB) Write(GB) Wnew(GB) Moved(GB) W-Amp Rd(MB/s) Wr(MB/s) Comp(sec) Comp(cnt) Avg(sec) KeyIn KeyDrop
----------------------------------------------------------------------------------------------------------------------------------------------------------
 Sum      0/0    0.00 KB   0.0      0.0     0.0      0.0       0.0      0.0       0.0   0.0      0.0      0.0         0         0    0.000       0      0
 Int      0/0    0.00 KB   0.0      0.0     0.0      0.0       0.0      0.0       0.0   0.0      0.0      0.0         0         0    0.000       0      0
Uptime(secs): 10.2 total, 0.0 interval
Flush(GB): cumulative 0.000, interval 0.000
AddFile(GB): cumulative 0.000, interval 0.000
AddFile(Total Files): cumulative 0, interval 0
AddFile(L0 Files): cumulative 0, interval 0
AddFile(Keys): cumulative 0, interval 0
Cumulative compaction: 0.00 GB write, 0.00 MB/s write, 0.00 GB read, 0.00 MB/s read, 0.0 seconds
Interval compaction: 0.00 GB write, 0.00 MB/s write, 0.00 GB read, 0.00 MB/s read, 0.0 seconds
Stalls(count): 0 level0_slowdown, 0 level0_slowdown_with_compaction, 0 level0_numfiles, 0 level0_numfiles_with_compaction, 0 stop for pending_compaction_bytes, 0 slowdown for pending_compaction_bytes, 0 memtable_compaction, 0 memtable_slowdown, interval 0 total count

** File Read Latency Histogram By Level [default] **

** Compaction Stats [usertable] **
Level    Files   Size     Score Read(GB)  Rn(GB) Rnp1(GB) Write(GB) Wnew(GB) Moved(GB) W-Amp Rd(MB/s) Wr(MB/s) Comp(sec) Comp(cnt) Avg(sec) KeyIn KeyDrop
----------------------------------------------------------------------------------------------------------------------------------------------------------
  L0      2/0   463.28 MB   1.0      0.0     0.0      0.0       0.7      0.7       0.0   1.0      0.0     68.8        10         3    3.384       0      0
 Sum      2/0   463.28 MB   0.0      0.0     0.0      0.0       0.7      0.7       0.0   1.0      0.0     68.8        10         3    3.384       0      0
 Int      0/0    0.00 KB   0.0      0.0     0.0      0.0       0.0      0.0       0.0   0.0      0.0      0.0         0         0    0.000       0      0
Uptime(secs): 10.1 total, 0.0 interval
Flush(GB): cumulative 0.683, interval 0.000
AddFile(GB): cumulative 0.000, interval 0.000
AddFile(Total Files): cumulative 0, interval 0
AddFile(L0 Files): cumulative 0, interval 0
AddFile(Keys): cumulative 0, interval 0
Cumulative compaction: 0.68 GB write, 69.21 MB/s write, 0.00 GB read, 0.00 MB/s read, 10.2 seconds
Interval compaction: 0.00 GB write, 0.00 MB/s write, 0.00 GB read, 0.00 MB/s read, 0.0 seconds
