2018/10/20-00:16:52.891083 7f72cc7e1700 RocksDB version: 5.14.3
2018/10/20-00:16:52.891175 7f72cc7e1700 Git sha rocksdb_build_git_sha:
2018/10/20-00:16:52.891178 7f72cc7e1700 Compile date Oct 15 2018
2018/10/20-00:16:52.891183 7f72cc7e1700 DB SUMMARY
2018/10/20-00:16:52.891692 7f72cc7e1700 CURRENT file:  CURRENT
2018/10/20-00:16:52.891696 7f72cc7e1700 IDENTITY file:  IDENTITY
2018/10/20-00:16:52.891925 7f72cc7e1700 MANIFEST file:  MANIFEST-002323 size: 58761 Bytes
2018/10/20-00:16:52.891930 7f72cc7e1700 SST files in /mnt/sdc1/ycsb-rocksdb-data dir, Total Num: 245, files: 000272.sst 000279.sst 000280.sst 000295.sst 000303.sst 000359.sst 000580.sst 000594.sst 000666.sst 
2018/10/20-00:16:52.891931 7f72cc7e1700 Write Ahead Log file in /mnt/sdc1/ycsb-rocksdb-data: 002986.log size: 23505447 ; 
2018/10/20-00:16:52.891937 7f72cc7e1700                         Options.error_if_exists: 0
2018/10/20-00:16:52.891939 7f72cc7e1700                       Options.create_if_missing: 1
2018/10/20-00:16:52.891940 7f72cc7e1700                         Options.paranoid_checks: 1
2018/10/20-00:16:52.891941 7f72cc7e1700                                     Options.env: 0x7f72afff83e0
2018/10/20-00:16:52.891942 7f72cc7e1700                                Options.info_log: 0x7f72b43cb630
2018/10/20-00:16:52.891943 7f72cc7e1700                Options.max_file_opening_threads: 16
2018/10/20-00:16:52.891944 7f72cc7e1700                              Options.statistics: (nil)
2018/10/20-00:16:52.891945 7f72cc7e1700                               Options.use_fsync: 0
2018/10/20-00:16:52.891946 7f72cc7e1700                       Options.max_log_file_size: 0
2018/10/20-00:16:52.891947 7f72cc7e1700                  Options.max_manifest_file_size: 18446744073709551615
2018/10/20-00:16:52.891948 7f72cc7e1700                   Options.log_file_time_to_roll: 0
2018/10/20-00:16:52.891948 7f72cc7e1700                       Options.keep_log_file_num: 1000
2018/10/20-00:16:52.891949 7f72cc7e1700                    Options.recycle_log_file_num: 0
2018/10/20-00:16:52.891950 7f72cc7e1700                         Options.allow_fallocate: 1
2018/10/20-00:16:52.891951 7f72cc7e1700                        Options.allow_mmap_reads: 0
2018/10/20-00:16:52.891952 7f72cc7e1700                       Options.allow_mmap_writes: 0
2018/10/20-00:16:52.891953 7f72cc7e1700                        Options.use_direct_reads: 0
2018/10/20-00:16:52.891953 7f72cc7e1700                        Options.use_direct_io_for_flush_and_compaction: 0
2018/10/20-00:16:52.891954 7f72cc7e1700          Options.create_missing_column_families: 1
2018/10/20-00:16:52.891955 7f72cc7e1700                              Options.db_log_dir: 
2018/10/20-00:16:52.891956 7f72cc7e1700                                 Options.wal_dir: /mnt/sdc1/ycsb-rocksdb-data
2018/10/20-00:16:52.891957 7f72cc7e1700                Options.table_cache_numshardbits: 6
2018/10/20-00:16:52.891958 7f72cc7e1700                      Options.max_subcompactions: 4
2018/10/20-00:16:52.891959 7f72cc7e1700                  Options.max_background_flushes: 24
2018/10/20-00:16:52.891960 7f72cc7e1700                         Options.WAL_ttl_seconds: 0
2018/10/20-00:16:52.891960 7f72cc7e1700                       Options.WAL_size_limit_MB: 0
2018/10/20-00:16:52.891961 7f72cc7e1700             Options.manifest_preallocation_size: 4194304
2018/10/20-00:16:52.891962 7f72cc7e1700                     Options.is_fd_close_on_exec: 1
2018/10/20-00:16:52.891963 7f72cc7e1700                   Options.advise_random_on_open: 1
2018/10/20-00:16:52.891964 7f72cc7e1700                    Options.db_write_buffer_size: 0
2018/10/20-00:16:52.891965 7f72cc7e1700                    Options.write_buffer_manager: 0x7f72b43c82c0
2018/10/20-00:16:52.891965 7f72cc7e1700         Options.access_hint_on_compaction_start: 1
2018/10/20-00:16:52.891966 7f72cc7e1700  Options.new_table_reader_for_compaction_inputs: 0
2018/10/20-00:16:52.891967 7f72cc7e1700           Options.random_access_max_buffer_size: 1048576
2018/10/20-00:16:52.891968 7f72cc7e1700                      Options.use_adaptive_mutex: 0
2018/10/20-00:16:52.891969 7f72cc7e1700                            Options.rate_limiter: (nil)
2018/10/20-00:16:52.891986 7f72cc7e1700     Options.sst_file_manager.rate_bytes_per_sec: 0
2018/10/20-00:16:52.891987 7f72cc7e1700                       Options.wal_recovery_mode: 2
2018/10/20-00:16:52.891988 7f72cc7e1700                  Options.enable_thread_tracking: 0
2018/10/20-00:16:52.891989 7f72cc7e1700                  Options.enable_pipelined_write: 1
2018/10/20-00:16:52.891990 7f72cc7e1700         Options.allow_concurrent_memtable_write: 1
2018/10/20-00:16:52.891991 7f72cc7e1700      Options.enable_write_thread_adaptive_yield: 1
2018/10/20-00:16:52.891991 7f72cc7e1700             Options.write_thread_max_yield_usec: 100
2018/10/20-00:16:52.891992 7f72cc7e1700            Options.write_thread_slow_yield_usec: 3
2018/10/20-00:16:52.891993 7f72cc7e1700                               Options.row_cache: None
2018/10/20-00:16:52.891994 7f72cc7e1700                              Options.wal_filter: None
2018/10/20-00:16:52.891995 7f72cc7e1700             Options.avoid_flush_during_recovery: 0
2018/10/20-00:16:52.891996 7f72cc7e1700             Options.allow_ingest_behind: 0
2018/10/20-00:16:52.891997 7f72cc7e1700             Options.preserve_deletes: 0
2018/10/20-00:16:52.891997 7f72cc7e1700             Options.two_write_queues: 0
2018/10/20-00:16:52.891998 7f72cc7e1700             Options.manual_wal_flush: 0
2018/10/20-00:16:52.892000 7f72cc7e1700             Options.max_background_jobs: 24
2018/10/20-00:16:52.892001 7f72cc7e1700             Options.max_background_compactions: 24
2018/10/20-00:16:52.892002 7f72cc7e1700             Options.avoid_flush_during_shutdown: 0
2018/10/20-00:16:52.892003 7f72cc7e1700           Options.writable_file_max_buffer_size: 1048576
2018/10/20-00:16:52.892004 7f72cc7e1700             Options.delayed_write_rate : 16777216
2018/10/20-00:16:52.892005 7f72cc7e1700             Options.max_total_wal_size: 0
2018/10/20-00:16:52.892006 7f72cc7e1700             Options.delete_obsolete_files_period_micros: 21600000000
2018/10/20-00:16:52.892007 7f72cc7e1700                   Options.stats_dump_period_sec: 60
2018/10/20-00:16:52.892008 7f72cc7e1700                          Options.max_open_files: -1
2018/10/20-00:16:52.892008 7f72cc7e1700                          Options.bytes_per_sync: 1048576
2018/10/20-00:16:52.892009 7f72cc7e1700                      Options.wal_bytes_per_sync: 0
2018/10/20-00:16:52.892010 7f72cc7e1700       Options.compaction_readahead_size: 0
2018/10/20-00:16:52.892011 7f72cc7e1700 Compression algorithms supported:
2018/10/20-00:16:52.892013 7f72cc7e1700 	kZSTDNotFinalCompression supported: 1
2018/10/20-00:16:52.892023 7f72cc7e1700 	kZSTD supported: 1
2018/10/20-00:16:52.892025 7f72cc7e1700 	kXpressCompression supported: 0
2018/10/20-00:16:52.892026 7f72cc7e1700 	kLZ4HCCompression supported: 1
2018/10/20-00:16:52.892027 7f72cc7e1700 	kLZ4Compression supported: 1
2018/10/20-00:16:52.892028 7f72cc7e1700 	kBZip2Compression supported: 1
2018/10/20-00:16:52.892029 7f72cc7e1700 	kZlibCompression supported: 1
2018/10/20-00:16:52.892030 7f72cc7e1700 	kSnappyCompression supported: 1
2018/10/20-00:16:52.892035 7f72cc7e1700 Fast CRC32 supported: Supported on x86
2018/10/20-00:16:52.892711 7f72cc7e1700 [db/version_set.cc:3085] Recovering from manifest file: MANIFEST-002323
2018/10/20-00:16:52.892817 7f72cc7e1700 [db/column_family.cc:475] --------------- Options for column family [default]:
2018/10/20-00:16:52.892821 7f72cc7e1700               Options.comparator: leveldb.BytewiseComparator
2018/10/20-00:16:52.892822 7f72cc7e1700           Options.merge_operator: None
2018/10/20-00:16:52.892823 7f72cc7e1700        Options.compaction_filter: None
2018/10/20-00:16:52.892824 7f72cc7e1700        Options.compaction_filter_factory: None
2018/10/20-00:16:52.892825 7f72cc7e1700         Options.memtable_factory: SkipListFactory
2018/10/20-00:16:52.892826 7f72cc7e1700            Options.table_factory: BlockBasedTable
2018/10/20-00:16:52.892855 7f72cc7e1700            table_factory options:   flush_block_policy_factory: FlushBlockBySizePolicyFactory (0x7f72b43845a0)
  cache_index_and_filter_blocks: 0
  cache_index_and_filter_blocks_with_high_priority: 0
  pin_l0_filter_and_index_blocks_in_cache: 0
  index_type: 0
  hash_index_allow_collision: 1
  checksum: 1
  no_block_cache: 0
  block_cache: 0x7f72b4384cd0
  block_cache_name: LRUCache
  block_cache_options:
    capacity : 8388608
    num_shard_bits : 4
    strict_capacity_limit : 0
    high_pri_pool_ratio: 0.000
  block_cache_compressed: (nil)
  persistent_cache: (nil)
  block_size: 8192
  block_size_deviation: 10
  block_restart_interval: 16
  index_block_restart_interval: 1
  metadata_block_size: 4096
  partition_filters: 0
  use_delta_encoding: 1
  filter_policy: nullptr
  whole_key_filtering: 1
  verify_compression: 0
  read_amp_bytes_per_bit: 0
  format_version: 2
  enable_index_compression: 1
  block_align: 0
2018/10/20-00:16:52.892868 7f72cc7e1700        Options.write_buffer_size: 134217728
2018/10/20-00:16:52.892870 7f72cc7e1700  Options.max_write_buffer_number: 24
2018/10/20-00:16:52.892871 7f72cc7e1700        Options.compression[0]: NoCompression
2018/10/20-00:16:52.892872 7f72cc7e1700        Options.compression[1]: NoCompression
2018/10/20-00:16:52.892873 7f72cc7e1700        Options.compression[2]: LZ4
2018/10/20-00:16:52.892874 7f72cc7e1700        Options.compression[3]: LZ4
2018/10/20-00:16:52.892875 7f72cc7e1700        Options.compression[4]: LZ4
2018/10/20-00:16:52.892876 7f72cc7e1700        Options.compression[5]: LZ4
2018/10/20-00:16:52.892877 7f72cc7e1700        Options.compression[6]: LZ4
2018/10/20-00:16:52.892878 7f72cc7e1700                  Options.bottommost_compression: Disabled
2018/10/20-00:16:52.892879 7f72cc7e1700       Options.prefix_extractor: nullptr
2018/10/20-00:16:52.892880 7f72cc7e1700   Options.memtable_insert_with_hint_prefix_extractor: nullptr
2018/10/20-00:16:52.892881 7f72cc7e1700             Options.num_levels: 7
2018/10/20-00:16:52.892882 7f72cc7e1700        Options.min_write_buffer_number_to_merge: 2
2018/10/20-00:16:52.892883 7f72cc7e1700     Options.max_write_buffer_number_to_maintain: 0
2018/10/20-00:16:52.892884 7f72cc7e1700            Options.compression_opts.window_bits: -14
2018/10/20-00:16:52.892885 7f72cc7e1700                  Options.compression_opts.level: -1
2018/10/20-00:16:52.892885 7f72cc7e1700               Options.compression_opts.strategy: 0
2018/10/20-00:16:52.892886 7f72cc7e1700         Options.compression_opts.max_dict_bytes: 0
2018/10/20-00:16:52.892887 7f72cc7e1700         Options.compression_opts.zstd_max_train_bytes: 0
2018/10/20-00:16:52.892888 7f72cc7e1700      Options.level0_file_num_compaction_trigger: 2
2018/10/20-00:16:52.892889 7f72cc7e1700          Options.level0_slowdown_writes_trigger: 20
2018/10/20-00:16:52.892890 7f72cc7e1700              Options.level0_stop_writes_trigger: 36
2018/10/20-00:16:52.892891 7f72cc7e1700                   Options.target_file_size_base: 67108864
2018/10/20-00:16:52.892892 7f72cc7e1700             Options.target_file_size_multiplier: 1
2018/10/20-00:16:52.892893 7f72cc7e1700                Options.max_bytes_for_level_base: 536870912
2018/10/20-00:16:52.892894 7f72cc7e1700 Options.level_compaction_dynamic_level_bytes: 0
2018/10/20-00:16:52.892895 7f72cc7e1700          Options.max_bytes_for_level_multiplier: 10.000000
2018/10/20-00:16:52.892897 7f72cc7e1700 Options.max_bytes_for_level_multiplier_addtl[0]: 1
2018/10/20-00:16:52.892898 7f72cc7e1700 Options.max_bytes_for_level_multiplier_addtl[1]: 1
2018/10/20-00:16:52.892899 7f72cc7e1700 Options.max_bytes_for_level_multiplier_addtl[2]: 1
2018/10/20-00:16:52.892900 7f72cc7e1700 Options.max_bytes_for_level_multiplier_addtl[3]: 1
2018/10/20-00:16:52.892901 7f72cc7e1700 Options.max_bytes_for_level_multiplier_addtl[4]: 1
2018/10/20-00:16:52.892902 7f72cc7e1700 Options.max_bytes_for_level_multiplier_addtl[5]: 1
2018/10/20-00:16:52.892903 7f72cc7e1700 Options.max_bytes_for_level_multiplier_addtl[6]: 1
2018/10/20-00:16:52.892904 7f72cc7e1700       Options.max_sequential_skip_in_iterations: 8
2018/10/20-00:16:52.892904 7f72cc7e1700                    Options.max_compaction_bytes: 1677721600
2018/10/20-00:16:52.892912 7f72cc7e1700                        Options.arena_block_size: 16777216
2018/10/20-00:16:52.892913 7f72cc7e1700   Options.soft_pending_compaction_bytes_limit: 68719476736
2018/10/20-00:16:52.892914 7f72cc7e1700   Options.hard_pending_compaction_bytes_limit: 274877906944
2018/10/20-00:16:52.892915 7f72cc7e1700       Options.rate_limit_delay_max_milliseconds: 100
2018/10/20-00:16:52.892916 7f72cc7e1700                Options.disable_auto_compactions: 0
2018/10/20-00:16:52.892918 7f72cc7e1700                        Options.compaction_style: kCompactionStyleLevel
2018/10/20-00:16:52.892920 7f72cc7e1700                          Options.compaction_pri: kByCompensatedSize
2018/10/20-00:16:52.892921 7f72cc7e1700 Options.compaction_options_universal.size_ratio: 1
2018/10/20-00:16:52.892922 7f72cc7e1700 Options.compaction_options_universal.min_merge_width: 2
2018/10/20-00:16:52.892923 7f72cc7e1700 Options.compaction_options_universal.max_merge_width: 4294967295
2018/10/20-00:16:52.892924 7f72cc7e1700 Options.compaction_options_universal.max_size_amplification_percent: 200
2018/10/20-00:16:52.892925 7f72cc7e1700 Options.compaction_options_universal.compression_size_percent: -1
2018/10/20-00:16:52.892926 7f72cc7e1700 Options.compaction_options_universal.stop_style: kCompactionStopStyleTotalSize
2018/10/20-00:16:52.892927 7f72cc7e1700 Options.compaction_options_fifo.max_table_files_size: 1073741824
2018/10/20-00:16:52.892928 7f72cc7e1700 Options.compaction_options_fifo.allow_compaction: 0
2018/10/20-00:16:52.892929 7f72cc7e1700 Options.compaction_options_fifo.ttl: 0
2018/10/20-00:16:52.892930 7f72cc7e1700                   Options.table_properties_collectors: 
2018/10/20-00:16:52.892931 7f72cc7e1700                   Options.inplace_update_support: 0
2018/10/20-00:16:52.892932 7f72cc7e1700                 Options.inplace_update_num_locks: 10000
2018/10/20-00:16:52.892933 7f72cc7e1700               Options.memtable_prefix_bloom_size_ratio: 0.000000
2018/10/20-00:16:52.892935 7f72cc7e1700   Options.memtable_huge_page_size: 0
2018/10/20-00:16:52.892936 7f72cc7e1700                           Options.bloom_locality: 0
2018/10/20-00:16:52.892936 7f72cc7e1700                    Options.max_successive_merges: 0
2018/10/20-00:16:52.892937 7f72cc7e1700                Options.optimize_filters_for_hits: 0
2018/10/20-00:16:52.892938 7f72cc7e1700                Options.paranoid_file_checks: 0
2018/10/20-00:16:52.892939 7f72cc7e1700                Options.force_consistency_checks: 0
2018/10/20-00:16:52.892940 7f72cc7e1700                Options.report_bg_io_stats: 0
2018/10/20-00:16:52.892941 7f72cc7e1700                               Options.ttl: 0
2018/10/20-00:16:52.893512 7f72cc7e1700 [db/column_family.cc:475] --------------- Options for column family [usertable]:
2018/10/20-00:16:52.893517 7f72cc7e1700               Options.comparator: leveldb.BytewiseComparator
2018/10/20-00:16:52.893518 7f72cc7e1700           Options.merge_operator: None
2018/10/20-00:16:52.893519 7f72cc7e1700        Options.compaction_filter: None
2018/10/20-00:16:52.893520 7f72cc7e1700        Options.compaction_filter_factory: None
2018/10/20-00:16:52.893521 7f72cc7e1700         Options.memtable_factory: SkipListFactory
2018/10/20-00:16:52.893522 7f72cc7e1700            Options.table_factory: BlockBasedTable
2018/10/20-00:16:52.893547 7f72cc7e1700            table_factory options:   flush_block_policy_factory: FlushBlockBySizePolicyFactory (0x7f72b4384580)
  cache_index_and_filter_blocks: 0
  cache_index_and_filter_blocks_with_high_priority: 0
  pin_l0_filter_and_index_blocks_in_cache: 0
  index_type: 0
  hash_index_allow_collision: 1
  checksum: 1
  no_block_cache: 0
  block_cache: 0x7f72b4384e50
  block_cache_name: LRUCache
  block_cache_options:
    capacity : 8388608
    num_shard_bits : 4
    strict_capacity_limit : 0
    high_pri_pool_ratio: 0.000
  block_cache_compressed: (nil)
  persistent_cache: (nil)
  block_size: 8192
  block_size_deviation: 10
  block_restart_interval: 16
  index_block_restart_interval: 1
  metadata_block_size: 4096
  partition_filters: 0
  use_delta_encoding: 1
  filter_policy: nullptr
  whole_key_filtering: 1
  verify_compression: 0
  read_amp_bytes_per_bit: 0
  format_version: 2
  enable_index_compression: 1
  block_align: 0
2018/10/20-00:16:52.893563 7f72cc7e1700        Options.write_buffer_size: 134217728
2018/10/20-00:16:52.893565 7f72cc7e1700  Options.max_write_buffer_number: 24
2018/10/20-00:16:52.893566 7f72cc7e1700        Options.compression[0]: NoCompression
2018/10/20-00:16:52.893567 7f72cc7e1700        Options.compression[1]: NoCompression
2018/10/20-00:16:52.893568 7f72cc7e1700        Options.compression[2]: LZ4
2018/10/20-00:16:52.893569 7f72cc7e1700        Options.compression[3]: LZ4
2018/10/20-00:16:52.893570 7f72cc7e1700        Options.compression[4]: LZ4
2018/10/20-00:16:52.893571 7f72cc7e1700        Options.compression[5]: LZ4
2018/10/20-00:16:52.893572 7f72cc7e1700        Options.compression[6]: LZ4
2018/10/20-00:16:52.893573 7f72cc7e1700                  Options.bottommost_compression: Disabled
2018/10/20-00:16:52.893574 7f72cc7e1700       Options.prefix_extractor: nullptr
2018/10/20-00:16:52.893575 7f72cc7e1700   Options.memtable_insert_with_hint_prefix_extractor: nullptr
2018/10/20-00:16:52.893575 7f72cc7e1700             Options.num_levels: 7
2018/10/20-00:16:52.893576 7f72cc7e1700        Options.min_write_buffer_number_to_merge: 2
2018/10/20-00:16:52.893577 7f72cc7e1700     Options.max_write_buffer_number_to_maintain: 0
2018/10/20-00:16:52.893578 7f72cc7e1700            Options.compression_opts.window_bits: -14
2018/10/20-00:16:52.893579 7f72cc7e1700                  Options.compression_opts.level: -1
2018/10/20-00:16:52.893580 7f72cc7e1700               Options.compression_opts.strategy: 0
2018/10/20-00:16:52.893581 7f72cc7e1700         Options.compression_opts.max_dict_bytes: 0
2018/10/20-00:16:52.893582 7f72cc7e1700         Options.compression_opts.zstd_max_train_bytes: 0
2018/10/20-00:16:52.893583 7f72cc7e1700      Options.level0_file_num_compaction_trigger: 2
2018/10/20-00:16:52.893583 7f72cc7e1700          Options.level0_slowdown_writes_trigger: 20
2018/10/20-00:16:52.893584 7f72cc7e1700              Options.level0_stop_writes_trigger: 36
2018/10/20-00:16:52.893585 7f72cc7e1700                   Options.target_file_size_base: 67108864
2018/10/20-00:16:52.893586 7f72cc7e1700             Options.target_file_size_multiplier: 1
2018/10/20-00:16:52.893587 7f72cc7e1700                Options.max_bytes_for_level_base: 536870912
2018/10/20-00:16:52.893588 7f72cc7e1700 Options.level_compaction_dynamic_level_bytes: 0
2018/10/20-00:16:52.893589 7f72cc7e1700          Options.max_bytes_for_level_multiplier: 10.000000
2018/10/20-00:16:52.893591 7f72cc7e1700 Options.max_bytes_for_level_multiplier_addtl[0]: 1
2018/10/20-00:16:52.893592 7f72cc7e1700 Options.max_bytes_for_level_multiplier_addtl[1]: 1
2018/10/20-00:16:52.893593 7f72cc7e1700 Options.max_bytes_for_level_multiplier_addtl[2]: 1
2018/10/20-00:16:52.893594 7f72cc7e1700 Options.max_bytes_for_level_multiplier_addtl[3]: 1
2018/10/20-00:16:52.893595 7f72cc7e1700 Options.max_bytes_for_level_multiplier_addtl[4]: 1
2018/10/20-00:16:52.893595 7f72cc7e1700 Options.max_bytes_for_level_multiplier_addtl[5]: 1
2018/10/20-00:16:52.893596 7f72cc7e1700 Options.max_bytes_for_level_multiplier_addtl[6]: 1
2018/10/20-00:16:52.893597 7f72cc7e1700       Options.max_sequential_skip_in_iterations: 8
2018/10/20-00:16:52.893598 7f72cc7e1700                    Options.max_compaction_bytes: 1677721600
2018/10/20-00:16:52.893599 7f72cc7e1700                        Options.arena_block_size: 16777216
2018/10/20-00:16:52.893600 7f72cc7e1700   Options.soft_pending_compaction_bytes_limit: 68719476736
2018/10/20-00:16:52.893601 7f72cc7e1700   Options.hard_pending_compaction_bytes_limit: 274877906944
2018/10/20-00:16:52.893602 7f72cc7e1700       Options.rate_limit_delay_max_milliseconds: 100
2018/10/20-00:16:52.893602 7f72cc7e1700                Options.disable_auto_compactions: 0
2018/10/20-00:16:52.893604 7f72cc7e1700                        Options.compaction_style: kCompactionStyleLevel
2018/10/20-00:16:52.893611 7f72cc7e1700                          Options.compaction_pri: kByCompensatedSize
2018/10/20-00:16:52.893612 7f72cc7e1700 Options.compaction_options_universal.size_ratio: 1
2018/10/20-00:16:52.893613 7f72cc7e1700 Options.compaction_options_universal.min_merge_width: 2
2018/10/20-00:16:52.893614 7f72cc7e1700 Options.compaction_options_universal.max_merge_width: 4294967295
2018/10/20-00:16:52.893615 7f72cc7e1700 Options.compaction_options_universal.max_size_amplification_percent: 200
2018/10/20-00:16:52.893616 7f72cc7e1700 Options.compaction_options_universal.compression_size_percent: -1
2018/10/20-00:16:52.893617 7f72cc7e1700 Options.compaction_options_universal.stop_style: kCompactionStopStyleTotalSize
2018/10/20-00:16:52.893618 7f72cc7e1700 Options.compaction_options_fifo.max_table_files_size: 1073741824
2018/10/20-00:16:52.893619 7f72cc7e1700 Options.compaction_options_fifo.allow_compaction: 0
2018/10/20-00:16:52.893620 7f72cc7e1700 Options.compaction_options_fifo.ttl: 0
2018/10/20-00:16:52.893621 7f72cc7e1700                   Options.table_properties_collectors: 
2018/10/20-00:16:52.893622 7f72cc7e1700                   Options.inplace_update_support: 0
2018/10/20-00:16:52.893623 7f72cc7e1700                 Options.inplace_update_num_locks: 10000
2018/10/20-00:16:52.893624 7f72cc7e1700               Options.memtable_prefix_bloom_size_ratio: 0.000000
2018/10/20-00:16:52.893625 7f72cc7e1700   Options.memtable_huge_page_size: 0
2018/10/20-00:16:52.893626 7f72cc7e1700                           Options.bloom_locality: 0
2018/10/20-00:16:52.893627 7f72cc7e1700                    Options.max_successive_merges: 0
2018/10/20-00:16:52.893628 7f72cc7e1700                Options.optimize_filters_for_hits: 0
2018/10/20-00:16:52.893628 7f72cc7e1700                Options.paranoid_file_checks: 0
2018/10/20-00:16:52.893629 7f72cc7e1700                Options.force_consistency_checks: 0
2018/10/20-00:16:52.893630 7f72cc7e1700                Options.report_bg_io_stats: 0
2018/10/20-00:16:52.893631 7f72cc7e1700                               Options.ttl: 0
2018/10/20-00:16:53.099483 7f72cc7e1700 [db/version_set.cc:3361] Recovered from manifest file:/mnt/sdc1/ycsb-rocksdb-data/MANIFEST-002323 succeeded,manifest_file_number is 2323, next_file_number is 2989, last_sequence is 7828370, log_number is 0,prev_log_number is 0,max_column_family is 1,min_log_number_to_keep is 0
2018/10/20-00:16:53.099493 7f72cc7e1700 [db/version_set.cc:3369] Column family [default] (ID 0), log number is 2299
2018/10/20-00:16:53.099495 7f72cc7e1700 [db/version_set.cc:3369] Column family [usertable] (ID 1), log number is 2986
2018/10/20-00:16:53.100253 7f72cc7e1700 EVENT_LOG_v1 {"time_micros": 1540019813100240, "job": 1, "event": "recovery_started", "log_files": [2986]}
2018/10/20-00:16:53.100260 7f72cc7e1700 [db/db_impl_open.cc:551] Recovering log #2986 mode 2
2018/10/20-00:16:53.171972 7f72cc7e1700 [db/version_set.cc:2847] Creating manifest 2989
2018/10/20-00:16:53.340947 7f72cc7e1700 EVENT_LOG_v1 {"time_micros": 1540019813340919, "cf_name": "usertable", "job": 1, "event": "table_file_creation", "file_number": 2990, "file_size": 18227381, "table_properties": {"data_size": 18150746, "index_size": 75714, "filter_size": 0, "raw_key_size": 105624, "raw_average_key_size": 24, "raw_value_size": 18026496, "raw_average_value_size": 4096, "num_data_blocks": 2201, "num_entries": 4401, "filter_policy_name": "", "kDeletedKeys": "0", "kMergeOperands": "0"}}
2018/10/20-00:16:53.375032 7f72cc7e1700 EVENT_LOG_v1 {"time_micros": 1540019813375028, "job": 1, "event": "recovery_finished"}
2018/10/20-00:16:53.428560 7f72cc7e1700 [db/db_impl_open.cc:1219] DB pointer 0x7f72b43ca6c0
2018/10/20-00:16:53.428874 7f72af0f0700 [WARN] [db/db_impl.cc:491] ------- DUMPING STATS -------
2018/10/20-00:16:53.428920 7f72af0f0700 [WARN] [db/db_impl.cc:492] 
** DB Stats **
Uptime(secs): 0.5 total, 0.5 interval
Cumulative writes: 0 writes, 0 keys, 0 commit groups, 0.0 writes per commit group, ingest: 0.00 GB, 0.00 MB/s
Cumulative WAL: 0 writes, 0 syncs, 0.00 writes per sync, written: 0.00 GB, 0.00 MB/s
Cumulative stall: 00:00:0.000 H:M:S, 0.0 percent
Interval writes: 0 writes, 0 keys, 0 commit groups, 0.0 writes per commit group, ingest: 0.00 MB, 0.00 MB/s
Interval WAL: 0 writes, 0 syncs, 0.00 writes per sync, written: 0.00 MB, 0.00 MB/s
Interval stall: 00:00:0.000 H:M:S, 0.0 percent

** Compaction Stats [default] **
Level    Files   Size     Score Read(GB)  Rn(GB) Rnp1(GB) Write(GB) Wnew(GB) Moved(GB) W-Amp Rd(MB/s) Wr(MB/s) Comp(sec) Comp(cnt) Avg(sec) KeyIn KeyDrop
----------------------------------------------------------------------------------------------------------------------------------------------------------
 Sum      0/0    0.00 KB   0.0      0.0     0.0      0.0       0.0      0.0       0.0   0.0      0.0      0.0         0         0    0.000       0      0
 Int      0/0    0.00 KB   0.0      0.0     0.0      0.0       0.0      0.0       0.0   0.0      0.0      0.0         0         0    0.000       0      0
Uptime(secs): 0.5 total, 0.5 interval
Flush(GB): cumulative 0.000, interval 0.000
AddFile(GB): cumulative 0.000, interval 0.000
AddFile(Total Files): cumulative 0, interval 0
AddFile(L0 Files): cumulative 0, interval 0
AddFile(Keys): cumulative 0, interval 0
Cumulative compaction: 0.00 GB write, 0.00 MB/s write, 0.00 GB read, 0.00 MB/s read, 0.0 seconds
Interval compaction: 0.00 GB write, 0.00 MB/s write, 0.00 GB read, 0.00 MB/s read, 0.0 seconds
Stalls(count): 0 level0_slowdown, 0 level0_slowdown_with_compaction, 0 level0_numfiles, 0 level0_numfiles_with_compaction, 0 stop for pending_compaction_bytes, 0 slowdown for pending_compaction_bytes, 0 memtable_compaction, 0 memtable_slowdown, interval 0 total count

** File Read Latency Histogram By Level [default] **

** Compaction Stats [usertable] **
Level    Files   Size     Score Read(GB)  Rn(GB) Rnp1(GB) Write(GB) Wnew(GB) Moved(GB) W-Amp Rd(MB/s) Wr(MB/s) Comp(sec) Comp(cnt) Avg(sec) KeyIn KeyDrop
----------------------------------------------------------------------------------------------------------------------------------------------------------
  L0      2/0   183.19 MB   1.0      0.0     0.0      0.0       0.0      0.0       0.0   1.0      0.0    167.1         0         1    0.104       0      0
  L1     10/0   487.23 MB   1.0      0.0     0.0      0.0       0.0      0.0       0.0   0.0      0.0      0.0         0         0    0.000       0      0
  L2     82/0    4.83 GB   1.0      0.0     0.0      0.0       0.0      0.0       0.0   0.0      0.0      0.0         0         0    0.000       0      0
  L3    152/0    8.17 GB   0.2      0.0     0.0      0.0       0.0      0.0       0.0   0.0      0.0      0.0         0         0    0.000       0      0
 Sum    246/0   13.65 GB   0.0      0.0     0.0      0.0       0.0      0.0       0.0   1.0      0.0    167.1         0         1    0.104       0      0
 Int      0/0    0.00 KB   0.0      0.0     0.0      0.0       0.0      0.0       0.0   1.0      0.0    167.1         0         1    0.104       0      0
Uptime(secs): 0.5 total, 0.5 interval
Flush(GB): cumulative 0.017, interval 0.017
AddFile(GB): cumulative 0.000, interval 0.000
AddFile(Total Files): cumulative 0, interval 0
AddFile(L0 Files): cumulative 0, interval 0
AddFile(Keys): cumulative 0, interval 0
Cumulative compaction: 0.02 GB write, 32.48 MB/s write, 0.00 GB read, 0.00 MB/s read, 0.1 seconds
Interval compaction: 0.02 GB write, 32.48 MB/s write, 0.00 GB read, 0.00 MB/s read, 0.1 seconds
Stalls(count): 0 level0_slowdown, 0 level0_slowdown_with_compaction, 0 level0_numfiles, 0 level0_numfiles_with_compaction, 0 stop for pending_compaction_bytes, 0 slowdown for pending_compaction_bytes, 0 memtable_compaction, 0 memtable_slowdown, interval 0 total count

** File Read Latency Histogram By Level [usertable] **

** Compaction Stats [default] **
Level    Files   Size     Score Read(GB)  Rn(GB) Rnp1(GB) Write(GB) Wnew(GB) Moved(GB) W-Amp Rd(MB/s) Wr(MB/s) Comp(sec) Comp(cnt) Avg(sec) KeyIn KeyDrop
----------------------------------------------------------------------------------------------------------------------------------------------------------
 Sum      0/0    0.00 KB   0.0      0.0     0.0      0.0       0.0      0.0       0.0   0.0      0.0      0.0         0         0    0.000       0      0
 Int      0/0    0.00 KB   0.0      0.0     0.0      0.0       0.0      0.0       0.0   0.0      0.0      0.0         0         0    0.000       0      0
Uptime(secs): 0.5 total, 0.0 interval
Flush(GB): cumulative 0.000, interval 0.000
AddFile(GB): cumulative 0.000, interval 0.000
AddFile(Total Files): cumulative 0, interval 0
AddFile(L0 Files): cumulative 0, interval 0
AddFile(Keys): cumulative 0, interval 0
Cumulative compaction: 0.00 GB write, 0.00 MB/s write, 0.00 GB read, 0.00 MB/s read, 0.0 seconds
Interval compaction: 0.00 GB write, 0.00 MB/s write, 0.00 GB read, 0.00 MB/s read, 0.0 seconds
Stalls(count): 0 level0_slowdown, 0 level0_slowdown_with_compaction, 0 level0_numfiles, 0 level0_numfiles_with_compaction, 0 stop for pending_compaction_bytes, 0 slowdown for pending_compaction_bytes, 0 memtable_compaction, 0 memtable_slowdown, interval 0 total count

** File Read Latency Histogram By Level [default] **

** Compaction Stats [usertable] **
Level    Files   Size     Score Read(GB)  Rn(GB) Rnp1(GB) Write(GB) Wnew(GB) Moved(GB) W-Amp Rd(MB/s) Wr(MB/s) Comp(sec) Comp(cnt) Avg(sec) KeyIn KeyDrop
----------------------------------------------------------------------------------------------------------------------------------------------------------
  L0      2/0   183.19 MB   1.0      0.0     0.0      0.0       0.0      0.0       0.0   1.0      0.0    167.1         0         1    0.104       0      0
  L1     10/0   487.23 MB   1.0      0.0     0.0      0.0       0.0      0.0       0.0   0.0      0.0      0.0         0         0    0.000       0      0
  L2     82/0    4.83 GB   1.0      0.0     0.0      0.0       0.0      0.0       0.0   0.0      0.0      0.0         0         0    0.000       0      0
  L3    152/0    8.17 GB   0.2      0.0     0.0      0.0       0.0      0.0       0.0   0.0      0.0      0.0         0         0    0.000       0      0
 Sum    246/0   13.65 GB   0.0      0.0     0.0      0.0       0.0      0.0       0.0   1.0      0.0    167.1         0         1    0.104       0      0
 Int      0/0    0.00 KB   0.0      0.0     0.0      0.0       0.0      0.0       0.0   0.0      0.0      0.0         0         0    0.000       0      0
Uptime(secs): 0.5 total, 0.0 interval
Flush(GB): cumulative 0.017, interval 0.000
AddFile(GB): cumulative 0.000, interval 0.000
AddFile(Total Files): cumulative 0, interval 0
AddFile(L0 Files): cumulative 0, interval 0
AddFile(Keys): cumulative 0, interval 0
Cumulative compaction: 0.02 GB write, 32.47 MB/s write, 0.00 GB read, 0.00 MB/s read, 0.1 seconds
Interval compaction: 0.00 GB write, 0.00 MB/s write, 0.00 GB read, 0.00 MB/s read, 0.0 seconds
Stalls(count): 0 level0_slowdown, 0 level0_slowdown_with_compaction, 0 level0_numfiles, 0 level0_numfiles_with_compaction, 0 stop for pending_compaction_bytes, 0 slowdown for pending_compaction_bytes, 0 memtable_compaction, 0 memtable_slowdown, interval 0 total count

** File Read Latency Histogram By Level [usertable] **
2018/10/20-00:16:53.429217 7f72af0f0700 [db/compaction_job.cc:1531] [usertable] [JOB 3] Compacting 2@0 + 10@1 files to L1, score 1.00
2018/10/20-00:16:53.429227 7f72af0f0700 [db/compaction_job.cc:1535] [usertable] Compaction start summary: Base version 5 Base level 0, inputs: [2990(17MB) 2987(165MB)], [2930(64MB) 2938(49MB) 2940(61MB) 2929(64MB) 2941(39MB) 2942(28MB) 2931(64MB) 2933(64MB) 2939(11MB) 2932(39MB)]
2018/10/20-00:16:53.429258 7f72af0f0700 EVENT_LOG_v1 {"time_micros": 1540019813429234, "job": 3, "event": "compaction_started", "compaction_reason": "LevelL0FilesNum", "files_L0": [2990, 2987], "files_L1": [2930, 2938, 2940, 2929, 2941, 2942, 2931, 2933, 2939, 2932], "score": 1, "input_data_size": 702981933}
2018/10/20-00:16:56.189607 7f71cb7f6700 [db/compaction_job.cc:1211] [usertable] [JOB 3] Generated table #2997: 13519 keys, 55989495 bytes
2018/10/20-00:16:56.189643 7f71cb7f6700 EVENT_LOG_v1 {"time_micros": 1540019816189630, "cf_name": "usertable", "job": 3, "event": "table_file_creation", "file_number": 2997, "file_size": 55989495, "table_properties": {"data_size": 55741731, "index_size": 246843, "filter_size": 0, "raw_key_size": 324456, "raw_average_key_size": 24, "raw_value_size": 55373824, "raw_average_value_size": 4096, "num_data_blocks": 6760, "num_entries": 13519, "filter_policy_name": "", "kDeletedKeys": "0", "kMergeOperands": "0"}}
2018/10/20-00:16:56.208525 7f72af0f0700 [db/compaction_job.cc:1211] [usertable] [JOB 3] Generated table #2994: 16277 keys, 67411938 bytes
2018/10/20-00:16:56.208561 7f72af0f0700 EVENT_LOG_v1 {"time_micros": 1540019816208546, "cf_name": "usertable", "job": 3, "event": "table_file_creation", "file_number": 2994, "file_size": 67411938, "table_properties": {"data_size": 67117366, "index_size": 293651, "filter_size": 0, "raw_key_size": 390648, "raw_average_key_size": 24, "raw_value_size": 66670592, "raw_average_value_size": 4096, "num_data_blocks": 8139, "num_entries": 16277, "filter_policy_name": "", "kDeletedKeys": "0", "kMergeOperands": "0"}}
2018/10/20-00:16:56.330703 7f71caff5700 [db/compaction_job.cc:1211] [usertable] [JOB 3] Generated table #2995: 16277 keys, 67412079 bytes
2018/10/20-00:16:56.330737 7f71caff5700 EVENT_LOG_v1 {"time_micros": 1540019816330724, "cf_name": "usertable", "job": 3, "event": "table_file_creation", "file_number": 2995, "file_size": 67412079, "table_properties": {"data_size": 67116600, "index_size": 294558, "filter_size": 0, "raw_key_size": 390648, "raw_average_key_size": 24, "raw_value_size": 66670592, "raw_average_value_size": 4096, "num_data_blocks": 8139, "num_entries": 16277, "filter_policy_name": "", "kDeletedKeys": "0", "kMergeOperands": "0"}}
2018/10/20-00:16:56.467327 7f71ca7f4700 [db/compaction_job.cc:1211] [usertable] [JOB 3] Generated table #2996: 16277 keys, 67411844 bytes
2018/10/20-00:16:56.467363 7f71ca7f4700 EVENT_LOG_v1 {"time_micros": 1540019816467349, "cf_name": "usertable", "job": 3, "event": "table_file_creation", "file_number": 2996, "file_size": 67411844, "table_properties": {"data_size": 67115634, "index_size": 295289, "filter_size": 0, "raw_key_size": 390648, "raw_average_key_size": 24, "raw_value_size": 66670592, "raw_average_value_size": 4096, "num_data_blocks": 8139, "num_entries": 16277, "filter_policy_name": "", "kDeletedKeys": "0", "kMergeOperands": "0"}}
2018/10/20-00:16:57.668224 7f72af0f0700 [db/compaction_job.cc:1211] [usertable] [JOB 3] Generated table #2998: 16277 keys, 67411922 bytes
2018/10/20-00:16:57.668261 7f72af0f0700 EVENT_LOG_v1 {"time_micros": 1540019817668246, "cf_name": "usertable", "job": 3, "event": "table_file_creation", "file_number": 2998, "file_size": 67411922, "table_properties": {"data_size": 67118656, "index_size": 292345, "filter_size": 0, "raw_key_size": 390648, "raw_average_key_size": 24, "raw_value_size": 66670592, "raw_average_value_size": 4096, "num_data_blocks": 8139, "num_entries": 16277, "filter_policy_name": "", "kDeletedKeys": "0", "kMergeOperands": "0"}}
2018/10/20-00:16:57.812711 7f71caff5700 [db/compaction_job.cc:1211] [usertable] [JOB 3] Generated table #2999: 16277 keys, 67411770 bytes
2018/10/20-00:16:57.812764 7f71caff5700 EVENT_LOG_v1 {"time_micros": 1540019817812734, "cf_name": "usertable", "job": 3, "event": "table_file_creation", "file_number": 2999, "file_size": 67411770, "table_properties": {"data_size": 67116266, "index_size": 294583, "filter_size": 0, "raw_key_size": 390648, "raw_average_key_size": 24, "raw_value_size": 66670592, "raw_average_value_size": 4096, "num_data_blocks": 8139, "num_entries": 16277, "filter_policy_name": "", "kDeletedKeys": "0", "kMergeOperands": "0"}}
2018/10/20-00:16:57.967780 7f71ca7f4700 [db/compaction_job.cc:1211] [usertable] [JOB 3] Generated table #3000: 16277 keys, 67411828 bytes
2018/10/20-00:16:57.967816 7f71ca7f4700 EVENT_LOG_v1 {"time_micros": 1540019817967802, "cf_name": "usertable", "job": 3, "event": "table_file_creation", "file_number": 3000, "file_size": 67411828, "table_properties": {"data_size": 67119352, "index_size": 291555, "filter_size": 0, "raw_key_size": 390648, "raw_average_key_size": 24, "raw_value_size": 66670592, "raw_average_value_size": 4096, "num_data_blocks": 8139, "num_entries": 16277, "filter_policy_name": "", "kDeletedKeys": "0", "kMergeOperands": "0"}}
2018/10/20-00:16:58.392376 7f72af0f0700 [db/compaction_job.cc:1211] [usertable] [JOB 3] Generated table #3001: 7041 keys, 29160960 bytes
2018/10/20-00:16:58.392412 7f72af0f0700 EVENT_LOG_v1 {"time_micros": 1540019818392398, "cf_name": "usertable", "job": 3, "event": "table_file_creation", "file_number": 3001, "file_size": 29160960, "table_properties": {"data_size": 29032304, "index_size": 127735, "filter_size": 0, "raw_key_size": 168984, "raw_average_key_size": 24, "raw_value_size": 28839936, "raw_average_value_size": 4096, "num_data_blocks": 3521, "num_entries": 7041, "filter_policy_name": "", "kDeletedKeys": "0", "kMergeOperands": "0"}}
2018/10/20-00:16:58.675626 7f71caff5700 [db/compaction_job.cc:1211] [usertable] [JOB 3] Generated table #3002: 9140 keys, 37854076 bytes
2018/10/20-00:16:58.675670 7f71caff5700 EVENT_LOG_v1 {"time_micros": 1540019818675651, "cf_name": "usertable", "job": 3, "event": "table_file_creation", "file_number": 3002, "file_size": 37854076, "table_properties": {"data_size": 37689403, "index_size": 163752, "filter_size": 0, "raw_key_size": 219360, "raw_average_key_size": 24, "raw_value_size": 37437440, "raw_average_value_size": 4096, "num_data_blocks": 4570, "num_entries": 9140, "filter_policy_name": "", "kDeletedKeys": "0", "kMergeOperands": "0"}}
2018/10/20-00:16:58.933069 7f71ca7f4700 [db/compaction_job.cc:1211] [usertable] [JOB 3] Generated table #3003: 12445 keys, 51541613 bytes
2018/10/20-00:16:58.933096 7f71ca7f4700 EVENT_LOG_v1 {"time_micros": 1540019818933082, "cf_name": "usertable", "job": 3, "event": "table_file_creation", "file_number": 3003, "file_size": 51541613, "table_properties": {"data_size": 51316072, "index_size": 224620, "filter_size": 0, "raw_key_size": 298680, "raw_average_key_size": 24, "raw_value_size": 50974720, "raw_average_value_size": 4096, "num_data_blocks": 6223, "num_entries": 12445, "filter_policy_name": "", "kDeletedKeys": "0", "kMergeOperands": "0"}}
2018/10/20-00:16:59.230846 7f71ca7f4700 [db/compaction_job.cc:1211] [usertable] [JOB 3] Generated table #3005: 4758 keys, 19705898 bytes
2018/10/20-00:16:59.230890 7f71ca7f4700 EVENT_LOG_v1 {"time_micros": 1540019819230872, "cf_name": "usertable", "job": 3, "event": "table_file_creation", "file_number": 3005, "file_size": 19705898, "table_properties": {"data_size": 19619783, "index_size": 85194, "filter_size": 0, "raw_key_size": 114192, "raw_average_key_size": 24, "raw_value_size": 19488768, "raw_average_value_size": 4096, "num_data_blocks": 2379, "num_entries": 4758, "filter_policy_name": "", "kDeletedKeys": "0", "kMergeOperands": "0"}}
2018/10/20-00:16:59.417702 7f72af0f0700 [db/compaction_job.cc:1211] [usertable] [JOB 3] Generated table #3004: 16277 keys, 67412027 bytes
