2019/03/22-02:40:36.275612 7f60d4c1f0 RocksDB version: 5.14.3
2019/03/22-02:40:36.275766 7f60d4c1f0 Git sha rocksdb_build_git_sha:
2019/03/22-02:40:36.275773 7f60d4c1f0 Compile date Mar 11 2019
2019/03/22-02:40:36.275782 7f60d4c1f0 DB SUMMARY
2019/03/22-02:40:36.275831 7f60d4c1f0 SST files in /mnt/sda/ycsb-rocksdb-data dir, Total Num: 0, files: 
2019/03/22-02:40:36.275838 7f60d4c1f0 Write Ahead Log file in /mnt/sda/ycsb-rocksdb-data: 
2019/03/22-02:40:36.275844 7f60d4c1f0                         Options.error_if_exists: 0
2019/03/22-02:40:36.275848 7f60d4c1f0                       Options.create_if_missing: 1
2019/03/22-02:40:36.275851 7f60d4c1f0                         Options.paranoid_checks: 1
2019/03/22-02:40:36.275855 7f60d4c1f0                                     Options.env: 0x7f60a6af18
2019/03/22-02:40:36.275858 7f60d4c1f0                                Options.info_log: 0x7efc381c90
2019/03/22-02:40:36.275861 7f60d4c1f0                Options.max_file_opening_threads: 16
2019/03/22-02:40:36.275865 7f60d4c1f0                              Options.statistics: (nil)
2019/03/22-02:40:36.275868 7f60d4c1f0                               Options.use_fsync: 0
2019/03/22-02:40:36.275871 7f60d4c1f0                       Options.max_log_file_size: 0
2019/03/22-02:40:36.275875 7f60d4c1f0                  Options.max_manifest_file_size: 18446744073709551615
2019/03/22-02:40:36.275878 7f60d4c1f0                   Options.log_file_time_to_roll: 0
2019/03/22-02:40:36.275881 7f60d4c1f0                       Options.keep_log_file_num: 1000
2019/03/22-02:40:36.275884 7f60d4c1f0                    Options.recycle_log_file_num: 0
2019/03/22-02:40:36.275887 7f60d4c1f0                         Options.allow_fallocate: 1
2019/03/22-02:40:36.275890 7f60d4c1f0                        Options.allow_mmap_reads: 0
2019/03/22-02:40:36.275893 7f60d4c1f0                       Options.allow_mmap_writes: 0
2019/03/22-02:40:36.275896 7f60d4c1f0                        Options.use_direct_reads: 0
2019/03/22-02:40:36.275898 7f60d4c1f0                        Options.use_direct_io_for_flush_and_compaction: 0
2019/03/22-02:40:36.275901 7f60d4c1f0          Options.create_missing_column_families: 1
2019/03/22-02:40:36.275904 7f60d4c1f0                              Options.db_log_dir: 
2019/03/22-02:40:36.275907 7f60d4c1f0                                 Options.wal_dir: /mnt/sda/ycsb-rocksdb-data
2019/03/22-02:40:36.275910 7f60d4c1f0                Options.table_cache_numshardbits: 6
2019/03/22-02:40:36.275913 7f60d4c1f0                      Options.max_subcompactions: 4
2019/03/22-02:40:36.275916 7f60d4c1f0                  Options.max_background_flushes: 6
2019/03/22-02:40:36.275919 7f60d4c1f0                         Options.WAL_ttl_seconds: 0
2019/03/22-02:40:36.275921 7f60d4c1f0                       Options.WAL_size_limit_MB: 0
2019/03/22-02:40:36.275924 7f60d4c1f0             Options.manifest_preallocation_size: 4194304
2019/03/22-02:40:36.275927 7f60d4c1f0                     Options.is_fd_close_on_exec: 1
2019/03/22-02:40:36.275930 7f60d4c1f0                   Options.advise_random_on_open: 1
2019/03/22-02:40:36.275933 7f60d4c1f0                    Options.db_write_buffer_size: 0
2019/03/22-02:40:36.275936 7f60d4c1f0                    Options.write_buffer_manager: 0x7efc37c090
2019/03/22-02:40:36.275939 7f60d4c1f0         Options.access_hint_on_compaction_start: 1
2019/03/22-02:40:36.275942 7f60d4c1f0  Options.new_table_reader_for_compaction_inputs: 0
2019/03/22-02:40:36.275945 7f60d4c1f0           Options.random_access_max_buffer_size: 1048576
2019/03/22-02:40:36.275948 7f60d4c1f0                      Options.use_adaptive_mutex: 0
2019/03/22-02:40:36.275951 7f60d4c1f0                            Options.rate_limiter: (nil)
2019/03/22-02:40:36.275956 7f60d4c1f0     Options.sst_file_manager.rate_bytes_per_sec: 0
2019/03/22-02:40:36.275981 7f60d4c1f0                       Options.wal_recovery_mode: 2
2019/03/22-02:40:36.275984 7f60d4c1f0                  Options.enable_thread_tracking: 0
2019/03/22-02:40:36.275988 7f60d4c1f0                  Options.enable_pipelined_write: 1
2019/03/22-02:40:36.275991 7f60d4c1f0         Options.allow_concurrent_memtable_write: 1
2019/03/22-02:40:36.276010 7f60d4c1f0      Options.enable_write_thread_adaptive_yield: 1
2019/03/22-02:40:36.276015 7f60d4c1f0             Options.write_thread_max_yield_usec: 100
2019/03/22-02:40:36.276018 7f60d4c1f0            Options.write_thread_slow_yield_usec: 3
2019/03/22-02:40:36.276021 7f60d4c1f0                               Options.row_cache: None
2019/03/22-02:40:36.276024 7f60d4c1f0                              Options.wal_filter: None
2019/03/22-02:40:36.276027 7f60d4c1f0             Options.avoid_flush_during_recovery: 0
2019/03/22-02:40:36.276030 7f60d4c1f0             Options.allow_ingest_behind: 0
2019/03/22-02:40:36.276033 7f60d4c1f0             Options.preserve_deletes: 0
2019/03/22-02:40:36.276036 7f60d4c1f0             Options.two_write_queues: 0
2019/03/22-02:40:36.276039 7f60d4c1f0             Options.manual_wal_flush: 0
2019/03/22-02:40:36.276044 7f60d4c1f0             Options.max_background_jobs: 6
2019/03/22-02:40:36.276047 7f60d4c1f0             Options.max_background_compactions: 6
2019/03/22-02:40:36.276050 7f60d4c1f0             Options.avoid_flush_during_shutdown: 0
2019/03/22-02:40:36.276053 7f60d4c1f0           Options.writable_file_max_buffer_size: 1048576
2019/03/22-02:40:36.276056 7f60d4c1f0             Options.delayed_write_rate : 16777216
2019/03/22-02:40:36.276059 7f60d4c1f0             Options.max_total_wal_size: 0
2019/03/22-02:40:36.276061 7f60d4c1f0             Options.delete_obsolete_files_period_micros: 21600000000
2019/03/22-02:40:36.276065 7f60d4c1f0                   Options.stats_dump_period_sec: 60
2019/03/22-02:40:36.276068 7f60d4c1f0                          Options.max_open_files: -1
2019/03/22-02:40:36.276071 7f60d4c1f0                          Options.bytes_per_sync: 1048576
2019/03/22-02:40:36.276074 7f60d4c1f0                      Options.wal_bytes_per_sync: 0
2019/03/22-02:40:36.276076 7f60d4c1f0       Options.compaction_readahead_size: 0
2019/03/22-02:40:36.276080 7f60d4c1f0 Compression algorithms supported:
2019/03/22-02:40:36.276083 7f60d4c1f0 	kZSTDNotFinalCompression supported: 1
2019/03/22-02:40:36.276120 7f60d4c1f0 	kZSTD supported: 1
2019/03/22-02:40:36.276126 7f60d4c1f0 	kXpressCompression supported: 0
2019/03/22-02:40:36.276129 7f60d4c1f0 	kLZ4HCCompression supported: 1
2019/03/22-02:40:36.276133 7f60d4c1f0 	kLZ4Compression supported: 1
2019/03/22-02:40:36.276136 7f60d4c1f0 	kBZip2Compression supported: 1
2019/03/22-02:40:36.276139 7f60d4c1f0 	kZlibCompression supported: 1
2019/03/22-02:40:36.276142 7f60d4c1f0 	kSnappyCompression supported: 1
2019/03/22-02:40:36.276150 7f60d4c1f0 Fast CRC32 supported: Not supported on x86
2019/03/22-02:40:36.276313 7f60d4c1f0 [db/db_impl_open.cc:222] Creating manifest 1 
2019/03/22-02:40:36.385056 7f60d4c1f0 [db/version_set.cc:3085] Recovering from manifest file: MANIFEST-000001
2019/03/22-02:40:36.385277 7f60d4c1f0 [db/column_family.cc:475] --------------- Options for column family [default]:
2019/03/22-02:40:36.385286 7f60d4c1f0               Options.comparator: leveldb.BytewiseComparator
2019/03/22-02:40:36.385291 7f60d4c1f0           Options.merge_operator: None
2019/03/22-02:40:36.385294 7f60d4c1f0        Options.compaction_filter: None
2019/03/22-02:40:36.385298 7f60d4c1f0        Options.compaction_filter_factory: None
2019/03/22-02:40:36.385301 7f60d4c1f0         Options.memtable_factory: SkipListFactory
2019/03/22-02:40:36.385304 7f60d4c1f0            Options.table_factory: BlockBasedTable
2019/03/22-02:40:36.385358 7f60d4c1f0            table_factory options:   flush_block_policy_factory: FlushBlockBySizePolicyFactory (0x7efc37bd40)
  cache_index_and_filter_blocks: 0
  cache_index_and_filter_blocks_with_high_priority: 0
  pin_l0_filter_and_index_blocks_in_cache: 0
  index_type: 0
  hash_index_allow_collision: 1
  checksum: 1
  no_block_cache: 0
  block_cache: 0x7efc380b10
  block_cache_name: LRUCache
  block_cache_options:
    capacity : 8388608
    num_shard_bits : 4
    strict_capacity_limit : 0
    high_pri_pool_ratio: 0.000
  block_cache_compressed: (nil)
  persistent_cache: (nil)
  block_size: 8192
  block_size_deviation: 10
  block_restart_interval: 16
  index_block_restart_interval: 1
  metadata_block_size: 4096
  partition_filters: 0
  use_delta_encoding: 1
  filter_policy: nullptr
  whole_key_filtering: 1
  verify_compression: 0
  read_amp_bytes_per_bit: 0
  format_version: 2
  enable_index_compression: 1
  block_align: 0
2019/03/22-02:40:36.385403 7f60d4c1f0        Options.write_buffer_size: 134217728
2019/03/22-02:40:36.385408 7f60d4c1f0  Options.max_write_buffer_number: 24
2019/03/22-02:40:36.385411 7f60d4c1f0        Options.compression[0]: NoCompression
2019/03/22-02:40:36.385414 7f60d4c1f0        Options.compression[1]: NoCompression
2019/03/22-02:40:36.385418 7f60d4c1f0        Options.compression[2]: LZ4
2019/03/22-02:40:36.385421 7f60d4c1f0        Options.compression[3]: LZ4
2019/03/22-02:40:36.385424 7f60d4c1f0        Options.compression[4]: LZ4
2019/03/22-02:40:36.385426 7f60d4c1f0        Options.compression[5]: LZ4
2019/03/22-02:40:36.385429 7f60d4c1f0        Options.compression[6]: LZ4
2019/03/22-02:40:36.385432 7f60d4c1f0                  Options.bottommost_compression: Disabled
2019/03/22-02:40:36.385435 7f60d4c1f0       Options.prefix_extractor: nullptr
2019/03/22-02:40:36.385438 7f60d4c1f0   Options.memtable_insert_with_hint_prefix_extractor: nullptr
2019/03/22-02:40:36.385441 7f60d4c1f0             Options.num_levels: 7
2019/03/22-02:40:36.385444 7f60d4c1f0        Options.min_write_buffer_number_to_merge: 2
2019/03/22-02:40:36.385447 7f60d4c1f0     Options.max_write_buffer_number_to_maintain: 0
2019/03/22-02:40:36.385450 7f60d4c1f0            Options.compression_opts.window_bits: -14
2019/03/22-02:40:36.385453 7f60d4c1f0                  Options.compression_opts.level: -1
2019/03/22-02:40:36.385456 7f60d4c1f0               Options.compression_opts.strategy: 0
2019/03/22-02:40:36.385459 7f60d4c1f0         Options.compression_opts.max_dict_bytes: 0
2019/03/22-02:40:36.385462 7f60d4c1f0         Options.compression_opts.zstd_max_train_bytes: 0
2019/03/22-02:40:36.385465 7f60d4c1f0      Options.level0_file_num_compaction_trigger: 2
2019/03/22-02:40:36.385468 7f60d4c1f0          Options.level0_slowdown_writes_trigger: 20
2019/03/22-02:40:36.385471 7f60d4c1f0              Options.level0_stop_writes_trigger: 36
2019/03/22-02:40:36.385473 7f60d4c1f0                   Options.target_file_size_base: 67108864
2019/03/22-02:40:36.385477 7f60d4c1f0             Options.target_file_size_multiplier: 1
2019/03/22-02:40:36.385480 7f60d4c1f0                Options.max_bytes_for_level_base: 536870912
2019/03/22-02:40:36.385483 7f60d4c1f0 Options.level_compaction_dynamic_level_bytes: 0
2019/03/22-02:40:36.385486 7f60d4c1f0          Options.max_bytes_for_level_multiplier: 10.000000
2019/03/22-02:40:36.385492 7f60d4c1f0 Options.max_bytes_for_level_multiplier_addtl[0]: 1
2019/03/22-02:40:36.385495 7f60d4c1f0 Options.max_bytes_for_level_multiplier_addtl[1]: 1
2019/03/22-02:40:36.385498 7f60d4c1f0 Options.max_bytes_for_level_multiplier_addtl[2]: 1
2019/03/22-02:40:36.385501 7f60d4c1f0 Options.max_bytes_for_level_multiplier_addtl[3]: 1
2019/03/22-02:40:36.385504 7f60d4c1f0 Options.max_bytes_for_level_multiplier_addtl[4]: 1
2019/03/22-02:40:36.385507 7f60d4c1f0 Options.max_bytes_for_level_multiplier_addtl[5]: 1
2019/03/22-02:40:36.385510 7f60d4c1f0 Options.max_bytes_for_level_multiplier_addtl[6]: 1
2019/03/22-02:40:36.385512 7f60d4c1f0       Options.max_sequential_skip_in_iterations: 8
2019/03/22-02:40:36.385515 7f60d4c1f0                    Options.max_compaction_bytes: 1677721600
2019/03/22-02:40:36.385518 7f60d4c1f0                        Options.arena_block_size: 16777216
2019/03/22-02:40:36.385521 7f60d4c1f0   Options.soft_pending_compaction_bytes_limit: 68719476736
2019/03/22-02:40:36.385524 7f60d4c1f0   Options.hard_pending_compaction_bytes_limit: 274877906944
2019/03/22-02:40:36.385527 7f60d4c1f0       Options.rate_limit_delay_max_milliseconds: 100
2019/03/22-02:40:36.385530 7f60d4c1f0                Options.disable_auto_compactions: 0
2019/03/22-02:40:36.385535 7f60d4c1f0                        Options.compaction_style: kCompactionStyleLevel
2019/03/22-02:40:36.385554 7f60d4c1f0                          Options.compaction_pri: kByCompensatedSize
2019/03/22-02:40:36.385559 7f60d4c1f0 Options.compaction_options_universal.size_ratio: 1
2019/03/22-02:40:36.385562 7f60d4c1f0 Options.compaction_options_universal.min_merge_width: 2
2019/03/22-02:40:36.385565 7f60d4c1f0 Options.compaction_options_universal.max_merge_width: 4294967295
2019/03/22-02:40:36.385568 7f60d4c1f0 Options.compaction_options_universal.max_size_amplification_percent: 200
2019/03/22-02:40:36.385571 7f60d4c1f0 Options.compaction_options_universal.compression_size_percent: -1
2019/03/22-02:40:36.385575 7f60d4c1f0 Options.compaction_options_universal.stop_style: kCompactionStopStyleTotalSize
2019/03/22-02:40:36.385578 7f60d4c1f0 Options.compaction_options_fifo.max_table_files_size: 1073741824
2019/03/22-02:40:36.385581 7f60d4c1f0 Options.compaction_options_fifo.allow_compaction: 0
2019/03/22-02:40:36.385585 7f60d4c1f0 Options.compaction_options_fifo.ttl: 0
2019/03/22-02:40:36.385587 7f60d4c1f0                   Options.table_properties_collectors: 
2019/03/22-02:40:36.385590 7f60d4c1f0                   Options.inplace_update_support: 0
2019/03/22-02:40:36.385593 7f60d4c1f0                 Options.inplace_update_num_locks: 10000
2019/03/22-02:40:36.385596 7f60d4c1f0               Options.memtable_prefix_bloom_size_ratio: 0.000000
2019/03/22-02:40:36.385600 7f60d4c1f0   Options.memtable_huge_page_size: 0
2019/03/22-02:40:36.385603 7f60d4c1f0                           Options.bloom_locality: 0
2019/03/22-02:40:36.385606 7f60d4c1f0                    Options.max_successive_merges: 0
2019/03/22-02:40:36.385609 7f60d4c1f0                Options.optimize_filters_for_hits: 0
2019/03/22-02:40:36.385612 7f60d4c1f0                Options.paranoid_file_checks: 0
2019/03/22-02:40:36.385615 7f60d4c1f0                Options.force_consistency_checks: 0
2019/03/22-02:40:36.385617 7f60d4c1f0                Options.report_bg_io_stats: 0
2019/03/22-02:40:36.385620 7f60d4c1f0                               Options.ttl: 0
2019/03/22-02:40:36.387807 7f60d4c1f0 [db/version_set.cc:3361] Recovered from manifest file:/mnt/sda/ycsb-rocksdb-data/MANIFEST-000001 succeeded,manifest_file_number is 1, next_file_number is 3, last_sequence is 0, log_number is 0,prev_log_number is 0,max_column_family is 0,min_log_number_to_keep is 0
2019/03/22-02:40:36.387856 7f60d4c1f0 [db/version_set.cc:3369] Column family [default] (ID 0), log number is 0
2019/03/22-02:40:36.388714 7f60d4c1f0 [db/version_set.cc:2847] Creating manifest 4
2019/03/22-02:40:36.467456 7f60d4c1f0 [db/column_family.cc:475] --------------- Options for column family [usertable]:
2019/03/22-02:40:36.467498 7f60d4c1f0               Options.comparator: leveldb.BytewiseComparator
2019/03/22-02:40:36.467505 7f60d4c1f0           Options.merge_operator: None
2019/03/22-02:40:36.467513 7f60d4c1f0        Options.compaction_filter: None
2019/03/22-02:40:36.467519 7f60d4c1f0        Options.compaction_filter_factory: None
2019/03/22-02:40:36.467526 7f60d4c1f0         Options.memtable_factory: SkipListFactory
2019/03/22-02:40:36.467533 7f60d4c1f0            Options.table_factory: BlockBasedTable
2019/03/22-02:40:36.467632 7f60d4c1f0            table_factory options:   flush_block_policy_factory: FlushBlockBySizePolicyFactory (0x7efc3745a0)
  cache_index_and_filter_blocks: 0
  cache_index_and_filter_blocks_with_high_priority: 0
  pin_l0_filter_and_index_blocks_in_cache: 0
  index_type: 0
  hash_index_allow_collision: 1
  checksum: 1
  no_block_cache: 0
  block_cache: 0x7efc371650
  block_cache_name: LRUCache
  block_cache_options:
    capacity : 8388608
    num_shard_bits : 4
    strict_capacity_limit : 0
    high_pri_pool_ratio: 0.000
  block_cache_compressed: (nil)
  persistent_cache: (nil)
  block_size: 8192
  block_size_deviation: 10
  block_restart_interval: 16
  index_block_restart_interval: 1
  metadata_block_size: 4096
  partition_filters: 0
  use_delta_encoding: 1
  filter_policy: nullptr
  whole_key_filtering: 1
  verify_compression: 0
  read_amp_bytes_per_bit: 0
  format_version: 2
  enable_index_compression: 1
  block_align: 0
2019/03/22-02:40:36.467646 7f60d4c1f0        Options.write_buffer_size: 134217728
2019/03/22-02:40:36.467653 7f60d4c1f0  Options.max_write_buffer_number: 24
2019/03/22-02:40:36.467660 7f60d4c1f0        Options.compression[0]: NoCompression
2019/03/22-02:40:36.467667 7f60d4c1f0        Options.compression[1]: NoCompression
2019/03/22-02:40:36.467674 7f60d4c1f0        Options.compression[2]: LZ4
2019/03/22-02:40:36.467680 7f60d4c1f0        Options.compression[3]: LZ4
2019/03/22-02:40:36.467687 7f60d4c1f0        Options.compression[4]: LZ4
2019/03/22-02:40:36.467693 7f60d4c1f0        Options.compression[5]: LZ4
2019/03/22-02:40:36.467699 7f60d4c1f0        Options.compression[6]: LZ4
2019/03/22-02:40:36.467706 7f60d4c1f0                  Options.bottommost_compression: Disabled
2019/03/22-02:40:36.467713 7f60d4c1f0       Options.prefix_extractor: nullptr
2019/03/22-02:40:36.467719 7f60d4c1f0   Options.memtable_insert_with_hint_prefix_extractor: nullptr
2019/03/22-02:40:36.467725 7f60d4c1f0             Options.num_levels: 7
2019/03/22-02:40:36.467731 7f60d4c1f0        Options.min_write_buffer_number_to_merge: 2
2019/03/22-02:40:36.467737 7f60d4c1f0     Options.max_write_buffer_number_to_maintain: 0
2019/03/22-02:40:36.467743 7f60d4c1f0            Options.compression_opts.window_bits: -14
2019/03/22-02:40:36.467750 7f60d4c1f0                  Options.compression_opts.level: -1
2019/03/22-02:40:36.467756 7f60d4c1f0               Options.compression_opts.strategy: 0
2019/03/22-02:40:36.467762 7f60d4c1f0         Options.compression_opts.max_dict_bytes: 0
2019/03/22-02:40:36.467769 7f60d4c1f0         Options.compression_opts.zstd_max_train_bytes: 0
2019/03/22-02:40:36.467775 7f60d4c1f0      Options.level0_file_num_compaction_trigger: 2
2019/03/22-02:40:36.467781 7f60d4c1f0          Options.level0_slowdown_writes_trigger: 20
2019/03/22-02:40:36.467788 7f60d4c1f0              Options.level0_stop_writes_trigger: 36
2019/03/22-02:40:36.467794 7f60d4c1f0                   Options.target_file_size_base: 67108864
2019/03/22-02:40:36.467800 7f60d4c1f0             Options.target_file_size_multiplier: 1
2019/03/22-02:40:36.467807 7f60d4c1f0                Options.max_bytes_for_level_base: 536870912
2019/03/22-02:40:36.467813 7f60d4c1f0 Options.level_compaction_dynamic_level_bytes: 0
2019/03/22-02:40:36.467820 7f60d4c1f0          Options.max_bytes_for_level_multiplier: 10.000000
2019/03/22-02:40:36.467832 7f60d4c1f0 Options.max_bytes_for_level_multiplier_addtl[0]: 1
2019/03/22-02:40:36.467839 7f60d4c1f0 Options.max_bytes_for_level_multiplier_addtl[1]: 1
2019/03/22-02:40:36.467892 7f60d4c1f0 Options.max_bytes_for_level_multiplier_addtl[2]: 1
2019/03/22-02:40:36.467901 7f60d4c1f0 Options.max_bytes_for_level_multiplier_addtl[3]: 1
2019/03/22-02:40:36.467908 7f60d4c1f0 Options.max_bytes_for_level_multiplier_addtl[4]: 1
2019/03/22-02:40:36.467914 7f60d4c1f0 Options.max_bytes_for_level_multiplier_addtl[5]: 1
2019/03/22-02:40:36.467920 7f60d4c1f0 Options.max_bytes_for_level_multiplier_addtl[6]: 1
2019/03/22-02:40:36.467927 7f60d4c1f0       Options.max_sequential_skip_in_iterations: 8
2019/03/22-02:40:36.467933 7f60d4c1f0                    Options.max_compaction_bytes: 1677721600
2019/03/22-02:40:36.467939 7f60d4c1f0                        Options.arena_block_size: 16777216
2019/03/22-02:40:36.467946 7f60d4c1f0   Options.soft_pending_compaction_bytes_limit: 68719476736
2019/03/22-02:40:36.467952 7f60d4c1f0   Options.hard_pending_compaction_bytes_limit: 274877906944
2019/03/22-02:40:36.468009 7f60d4c1f0       Options.rate_limit_delay_max_milliseconds: 100
2019/03/22-02:40:36.468016 7f60d4c1f0                Options.disable_auto_compactions: 0
2019/03/22-02:40:36.468026 7f60d4c1f0                        Options.compaction_style: kCompactionStyleLevel
2019/03/22-02:40:36.468035 7f60d4c1f0                          Options.compaction_pri: kByCompensatedSize
2019/03/22-02:40:36.468041 7f60d4c1f0 Options.compaction_options_universal.size_ratio: 1
2019/03/22-02:40:36.468047 7f60d4c1f0 Options.compaction_options_universal.min_merge_width: 2
2019/03/22-02:40:36.468054 7f60d4c1f0 Options.compaction_options_universal.max_merge_width: 4294967295
2019/03/22-02:40:36.468060 7f60d4c1f0 Options.compaction_options_universal.max_size_amplification_percent: 200
2019/03/22-02:40:36.468066 7f60d4c1f0 Options.compaction_options_universal.compression_size_percent: -1
2019/03/22-02:40:36.468074 7f60d4c1f0 Options.compaction_options_universal.stop_style: kCompactionStopStyleTotalSize
2019/03/22-02:40:36.468081 7f60d4c1f0 Options.compaction_options_fifo.max_table_files_size: 1073741824
2019/03/22-02:40:36.468087 7f60d4c1f0 Options.compaction_options_fifo.allow_compaction: 0
2019/03/22-02:40:36.468094 7f60d4c1f0 Options.compaction_options_fifo.ttl: 0
2019/03/22-02:40:36.468100 7f60d4c1f0                   Options.table_properties_collectors: 
2019/03/22-02:40:36.468106 7f60d4c1f0                   Options.inplace_update_support: 0
2019/03/22-02:40:36.468113 7f60d4c1f0                 Options.inplace_update_num_locks: 10000
2019/03/22-02:40:36.468119 7f60d4c1f0               Options.memtable_prefix_bloom_size_ratio: 0.000000
2019/03/22-02:40:36.468127 7f60d4c1f0   Options.memtable_huge_page_size: 0
2019/03/22-02:40:36.468133 7f60d4c1f0                           Options.bloom_locality: 0
2019/03/22-02:40:36.468140 7f60d4c1f0                    Options.max_successive_merges: 0
2019/03/22-02:40:36.468146 7f60d4c1f0                Options.optimize_filters_for_hits: 0
2019/03/22-02:40:36.468152 7f60d4c1f0                Options.paranoid_file_checks: 0
2019/03/22-02:40:36.468158 7f60d4c1f0                Options.force_consistency_checks: 0
2019/03/22-02:40:36.468164 7f60d4c1f0                Options.report_bg_io_stats: 0
2019/03/22-02:40:36.468171 7f60d4c1f0                               Options.ttl: 0
2019/03/22-02:40:36.468385 7f60d4c1f0 [db/db_impl.cc:1396] Created column family [usertable] (ID 1)
2019/03/22-02:40:36.564207 7f60d4c1f0 [db/db_impl_open.cc:1219] DB pointer 0x7efc386500
2019/03/22-02:40:56.323441 7f507fe1f0 [db/db_impl_write.cc:1373] [usertable] New memtable created with log file: #9. Immutable memtables: 0.
2019/03/22-02:41:17.668676 7f287f91f0 [db/db_impl_write.cc:1373] [usertable] New memtable created with log file: #10. Immutable memtables: 1.
2019/03/22-02:41:17.669202 7f48ff91f0 [db/db_impl_compaction_flush.cc:80] [JOB 2] Syncing log #3
2019/03/22-02:41:17.679952 7f48ff91f0 [db/db_impl_compaction_flush.cc:80] [JOB 2] Syncing log #9
2019/03/22-02:41:19.539943 7f48ff91f0 (Original Log Time 2019/03/22-02:41:17.669068) [db/db_impl_compaction_flush.cc:1424] Calling FlushMemTableToOutputFile with column family [usertable], flush slots available 6, compaction slots available 1, flush slots scheduled 1, compaction slots scheduled 0
2019/03/22-02:41:19.539980 7f48ff91f0 [db/flush_job.cc:301] [usertable] [JOB 2] Flushing memtable with next log file: 9
2019/03/22-02:41:19.540005 7f48ff91f0 [db/flush_job.cc:301] [usertable] [JOB 2] Flushing memtable with next log file: 10
2019/03/22-02:41:19.540089 7f48ff91f0 EVENT_LOG_v1 {"time_micros": 1553222479540061, "job": 2, "event": "flush_started", "num_memtables": 2, "num_entries": 61446, "num_deletes": 0, "memory_usage": 254718816, "flush_reason": "Write Buffer Full"}
2019/03/22-02:41:19.540110 7f48ff91f0 [db/flush_job.cc:331] [usertable] [JOB 2] Level-0 flush table #11: started
2019/03/22-02:41:22.111887 7f48ff91f0 EVENT_LOG_v1 {"time_micros": 1553222482111833, "cf_name": "usertable", "job": 2, "event": "table_file_creation", "file_number": 11, "file_size": 254472447, "table_properties": {"data_size": 253341858, "index_size": 1129662, "filter_size": 0, "raw_key_size": 1474704, "raw_average_key_size": 24, "raw_value_size": 251682816, "raw_average_value_size": 4096, "num_data_blocks": 30723, "num_entries": 61446, "filter_policy_name": "", "kDeletedKeys": "0", "kMergeOperands": "0"}}
2019/03/22-02:41:22.111952 7f48ff91f0 [db/flush_job.cc:371] [usertable] [JOB 2] Level-0 flush table #11: 254472447 bytes OK
2019/03/22-02:41:22.142444 7f48ff91f0 (Original Log Time 2019/03/22-02:41:22.112065) [db/memtable_list.cc:377] [usertable] Level-0 commit table #11 started
2019/03/22-02:41:22.142453 7f48ff91f0 (Original Log Time 2019/03/22-02:41:22.142253) [db/memtable_list.cc:409] [usertable] Level-0 commit table #11: memtable #1 done
2019/03/22-02:41:22.142459 7f48ff91f0 (Original Log Time 2019/03/22-02:41:22.142282) [db/memtable_list.cc:409] [usertable] Level-0 commit table #11: memtable #2 done
2019/03/22-02:41:22.142463 7f48ff91f0 (Original Log Time 2019/03/22-02:41:22.142334) EVENT_LOG_v1 {"time_micros": 1553222482142316, "job": 2, "event": "flush_finished", "output_compression": "NoCompression", "lsm_state": [1, 0, 0, 0, 0, 0, 0], "immutable_memtables": 0}
2019/03/22-02:41:22.142468 7f48ff91f0 (Original Log Time 2019/03/22-02:41:22.142383) [db/db_impl_compaction_flush.cc:177] [usertable] Level summary: base level 1 max bytes base 536870912 files[1 0 0 0 0 0 0] max score 0.50
2019/03/22-02:41:22.142493 7f48ff91f0 [db/db_impl_files.cc:347] [JOB 2] Try to delete WAL files size 253345422, prev total WAL file size 281822593, number of live WAL files 3.
2019/03/22-02:41:36.718858 7f503fe1f0 [db/db_impl_write.cc:1373] [usertable] New memtable created with log file: #12. Immutable memtables: 0.
2019/03/22-02:41:58.254420 7f505fe1f0 [db/db_impl_write.cc:1373] [usertable] New memtable created with log file: #13. Immutable memtables: 1.
2019/03/22-02:41:58.254696 7f2bfff1f0 [db/db_impl_compaction_flush.cc:80] [JOB 3] Syncing log #10
2019/03/22-02:41:58.255001 7f2bfff1f0 [db/db_impl_compaction_flush.cc:80] [JOB 3] Syncing log #12
2019/03/22-02:41:58.841975 7f2bfff1f0 (Original Log Time 2019/03/22-02:41:58.254653) [db/db_impl_compaction_flush.cc:1424] Calling FlushMemTableToOutputFile with column family [usertable], flush slots available 6, compaction slots available 1, flush slots scheduled 1, compaction slots scheduled 0
2019/03/22-02:41:58.842000 7f2bfff1f0 [db/flush_job.cc:301] [usertable] [JOB 3] Flushing memtable with next log file: 12
2019/03/22-02:41:58.842013 7f2bfff1f0 [db/flush_job.cc:301] [usertable] [JOB 3] Flushing memtable with next log file: 13
2019/03/22-02:41:58.842063 7f2bfff1f0 EVENT_LOG_v1 {"time_micros": 1553222518842049, "job": 3, "event": "flush_started", "num_memtables": 2, "num_entries": 61646, "num_deletes": 0, "memory_usage": 255485448, "flush_reason": "Write Buffer Full"}
2019/03/22-02:41:58.842074 7f2bfff1f0 [db/flush_job.cc:331] [usertable] [JOB 3] Level-0 flush table #14: started
2019/03/22-02:42:00.387160 7f2bfff1f0 EVENT_LOG_v1 {"time_micros": 1553222520387107, "cf_name": "usertable", "job": 3, "event": "table_file_creation", "file_number": 14, "file_size": 255300722, "table_properties": {"data_size": 254166458, "index_size": 1133337, "filter_size": 0, "raw_key_size": 1479504, "raw_average_key_size": 24, "raw_value_size": 252502016, "raw_average_value_size": 4096, "num_data_blocks": 30823, "num_entries": 61646, "filter_policy_name": "", "kDeletedKeys": "0", "kMergeOperands": "0"}}
2019/03/22-02:42:00.387215 7f2bfff1f0 [db/flush_job.cc:371] [usertable] [JOB 3] Level-0 flush table #14: 255300722 bytes OK
2019/03/22-02:42:00.417043 7f2bfff1f0 (Original Log Time 2019/03/22-02:42:00.387245) [db/memtable_list.cc:377] [usertable] Level-0 commit table #14 started
2019/03/22-02:42:00.417053 7f2bfff1f0 (Original Log Time 2019/03/22-02:42:00.416851) [db/memtable_list.cc:409] [usertable] Level-0 commit table #14: memtable #1 done
2019/03/22-02:42:00.417058 7f2bfff1f0 (Original Log Time 2019/03/22-02:42:00.416861) [db/memtable_list.cc:409] [usertable] Level-0 commit table #14: memtable #2 done
2019/03/22-02:42:00.417063 7f2bfff1f0 (Original Log Time 2019/03/22-02:42:00.416908) EVENT_LOG_v1 {"time_micros": 1553222520416893, "job": 3, "event": "flush_finished", "output_compression": "NoCompression", "lsm_state": [2, 0, 0, 0, 0, 0, 0], "immutable_memtables": 0}
2019/03/22-02:42:00.417068 7f2bfff1f0 (Original Log Time 2019/03/22-02:42:00.416991) [db/db_impl_compaction_flush.cc:177] [usertable] Level summary: base level 1 max bytes base 536870912 files[2 0 0 0 0 0 0] max score 1.00
2019/03/22-02:42:00.417089 7f2bfff1f0 [db/db_impl_files.cc:347] [JOB 3] Try to delete WAL files size 254169134, prev total WAL file size 264984189, number of live WAL files 3.
2019/03/22-02:42:00.423290 7f4affd1f0 [WARN] [db/db_impl.cc:491] ------- DUMPING STATS -------
2019/03/22-02:42:00.423369 7f4affd1f0 [WARN] [db/db_impl.cc:492] 
** DB Stats **
Uptime(secs): 84.0 total, 84.0 interval
Cumulative writes: 125K writes, 125K keys, 63K commit groups, 2.0 writes per commit group, ingest: 0.48 GB, 5.88 MB/s
Cumulative WAL: 125K writes, 0 syncs, 125719.00 writes per sync, written: 0.48 GB, 5.88 MB/s
Cumulative stall: 00:00:0.000 H:M:S, 0.0 percent
Interval writes: 125K writes, 125K keys, 63K commit groups, 2.0 writes per commit group, ingest: 494.33 MB, 5.88 MB/s
Interval WAL: 125K writes, 0 syncs, 125719.00 writes per sync, written: 0.48 MB, 5.88 MB/s
Interval stall: 00:00:0.000 H:M:S, 0.0 percent

** Compaction Stats [default] **
Level    Files   Size     Score Read(GB)  Rn(GB) Rnp1(GB) Write(GB) Wnew(GB) Moved(GB) W-Amp Rd(MB/s) Wr(MB/s) Comp(sec) Comp(cnt) Avg(sec) KeyIn KeyDrop
----------------------------------------------------------------------------------------------------------------------------------------------------------
 Sum      0/0    0.00 KB   0.0      0.0     0.0      0.0       0.0      0.0       0.0   0.0      0.0      0.0         0         0    0.000       0      0
 Int      0/0    0.00 KB   0.0      0.0     0.0      0.0       0.0      0.0       0.0   0.0      0.0      0.0         0         0    0.000       0      0
Uptime(secs): 84.0 total, 84.0 interval
Flush(GB): cumulative 0.000, interval 0.000
AddFile(GB): cumulative 0.000, interval 0.000
AddFile(Total Files): cumulative 0, interval 0
AddFile(L0 Files): cumulative 0, interval 0
AddFile(Keys): cumulative 0, interval 0
Cumulative compaction: 0.00 GB write, 0.00 MB/s write, 0.00 GB read, 0.00 MB/s read, 0.0 seconds
Interval compaction: 0.00 GB write, 0.00 MB/s write, 0.00 GB read, 0.00 MB/s read, 0.0 seconds
Stalls(count): 0 level0_slowdown, 0 level0_slowdown_with_compaction, 0 level0_numfiles, 0 level0_numfiles_with_compaction, 0 stop for pending_compaction_bytes, 0 slowdown for pending_compaction_bytes, 0 memtable_compaction, 0 memtable_slowdown, interval 0 total count

** File Read Latency Histogram By Level [default] **

** Compaction Stats [usertable] **
Level    Files   Size     Score Read(GB)  Rn(GB) Rnp1(GB) Write(GB) Wnew(GB) Moved(GB) W-Amp Rd(MB/s) Wr(MB/s) Comp(sec) Comp(cnt) Avg(sec) KeyIn KeyDrop
----------------------------------------------------------------------------------------------------------------------------------------------------------
  L0      2/0   486.16 MB   1.0      0.0     0.0      0.0       0.5      0.5       0.0   1.0      0.0    118.1         4         2    2.059       0      0
 Sum      2/0   486.16 MB   0.0      0.0     0.0      0.0       0.5      0.5       0.0   1.0      0.0    118.1         4         2    2.059       0      0
 Int      0/0    0.00 KB   0.0      0.0     0.0      0.0       0.5      0.5       0.0   1.0      0.0    118.1         4         2    2.059       0      0
Uptime(secs): 84.0 total, 84.0 interval
Flush(GB): cumulative 0.475, interval 0.475
AddFile(GB): cumulative 0.000, interval 0.000
AddFile(Total Files): cumulative 0, interval 0
AddFile(L0 Files): cumulative 0, interval 0
AddFile(Keys): cumulative 0, interval 0
Cumulative compaction: 0.47 GB write, 5.79 MB/s write, 0.00 GB read, 0.00 MB/s read, 4.1 seconds
Interval compaction: 0.47 GB write, 5.79 MB/s write, 0.00 GB read, 0.00 MB/s read, 4.1 seconds
Stalls(count): 0 level0_slowdown, 0 level0_slowdown_with_compaction, 0 level0_numfiles, 0 level0_numfiles_with_compaction, 0 stop for pending_compaction_bytes, 0 slowdown for pending_compaction_bytes, 0 memtable_compaction, 0 memtable_slowdown, interval 0 total count

** File Read Latency Histogram By Level [usertable] **

** Compaction Stats [default] **
Level    Files   Size     Score Read(GB)  Rn(GB) Rnp1(GB) Write(GB) Wnew(GB) Moved(GB) W-Amp Rd(MB/s) Wr(MB/s) Comp(sec) Comp(cnt) Avg(sec) KeyIn KeyDrop
----------------------------------------------------------------------------------------------------------------------------------------------------------
 Sum      0/0    0.00 KB   0.0      0.0     0.0      0.0       0.0      0.0       0.0   0.0      0.0      0.0         0         0    0.000       0      0
 Int      0/0    0.00 KB   0.0      0.0     0.0      0.0       0.0      0.0       0.0   0.0      0.0      0.0         0         0    0.000       0      0
Uptime(secs): 84.0 total, 0.0 interval
Flush(GB): cumulative 0.000, interval 0.000
AddFile(GB): cumulative 0.000, interval 0.000
AddFile(Total Files): cumulative 0, interval 0
AddFile(L0 Files): cumulative 0, interval 0
AddFile(Keys): cumulative 0, interval 0
Cumulative compaction: 0.00 GB write, 0.00 MB/s write, 0.00 GB read, 0.00 MB/s read, 0.0 seconds
Interval compaction: 0.00 GB write, 0.00 MB/s write, 0.00 GB read, 0.00 MB/s read, 0.0 seconds
Stalls(count): 0 level0_slowdown, 0 level0_slowdown_with_compaction, 0 level0_numfiles, 0 level0_numfiles_with_compaction, 0 stop for pending_compaction_bytes, 0 slowdown for pending_compaction_bytes, 0 memtable_compaction, 0 memtable_slowdown, interval 0 total count

** File Read Latency Histogram By Level [default] **

** Compaction Stats [usertable] **
Level    Files   Size     Score Read(GB)  Rn(GB) Rnp1(GB) Write(GB) Wnew(GB) Moved(GB) W-Amp Rd(MB/s) Wr(MB/s) Comp(sec) Comp(cnt) Avg(sec) KeyIn KeyDrop
----------------------------------------------------------------------------------------------------------------------------------------------------------
  L0      2/0   486.16 MB   1.0      0.0     0.0      0.0       0.5      0.5       0.0   1.0      0.0    118.1         4         2    2.059       0      0
 Sum      2/0   486.16 MB   0.0      0.0     0.0      0.0       0.5      0.5       0.0   1.0      0.0    118.1         4         2    2.059       0      0
 Int      0/0    0.00 KB   0.0      0.0     0.0      0.0       0.0      0.0       0.0   0.0      0.0      0.0         0         0    0.000       0      0
Uptime(secs): 84.0 total, 0.0 interval
Flush(GB): cumulative 0.475, interval 0.000
AddFile(GB): cumulative 0.000, interval 0.000
AddFile(Total Files): cumulative 0, interval 0
AddFile(L0 Files): cumulative 0, interval 0
AddFile(Keys): cumulative 0, interval 0
Cumulative compaction: 0.47 GB write, 5.79 MB/s write, 0.00 GB read, 0.00 MB/s read, 4.1 seconds
Interval compaction: 0.00 GB write, 0.00 MB/s write, 0.00 GB read, 0.00 MB/s read, 0.0 seconds
Stalls(count): 0 level0_slowdown, 0 level0_slowdown_with_compaction, 0 level0_numfiles, 0 level0_numfiles_with_compaction, 0 stop for pending_compaction_bytes, 0 slowdown for pending_compaction_bytes, 0 memtable_compaction, 0 memtable_slowdown, interval 0 total count

** File Read Latency Histogram By Level [usertable] **
2019/03/22-02:42:00.423594 7f4affd1f0 [db/compaction_job.cc:1531] [usertable] [JOB 4] Compacting 2@0 files to L1, score 1.00
2019/03/22-02:42:00.423609 7f4affd1f0 [db/compaction_job.cc:1535] [usertable] Compaction start summary: Base version 4 Base level 0, inputs: [14(243MB) 11(242MB)]
2019/03/22-02:42:00.423660 7f4affd1f0 EVENT_LOG_v1 {"time_micros": 1553222520423634, "job": 4, "event": "compaction_started", "compaction_reason": "LevelL0FilesNum", "files_L0": [14, 11], "score": 1, "input_data_size": 509773169}
2019/03/22-02:42:01.164229 7f4affd1f0 [db/compaction_job.cc:1211] [usertable] [JOB 4] Generated table #15: 16279 keys, 67418362 bytes
2019/03/22-02:42:01.164304 7f4affd1f0 EVENT_LOG_v1 {"time_micros": 1553222521164279, "cf_name": "usertable", "job": 4, "event": "table_file_creation", "file_number": 15, "file_size": 67418362, "table_properties": {"data_size": 67118331, "index_size": 299110, "filter_size": 0, "raw_key_size": 390696, "raw_average_key_size": 24, "raw_value_size": 66678784, "raw_average_value_size": 4096, "num_data_blocks": 8140, "num_entries": 16279, "filter_policy_name": "", "kDeletedKeys": "0", "kMergeOperands": "0"}}
2019/03/22-02:42:01.885942 7f4affd1f0 [db/compaction_job.cc:1211] [usertable] [JOB 4] Generated table #16: 16279 keys, 67421977 bytes
2019/03/22-02:42:01.886038 7f4affd1f0 EVENT_LOG_v1 {"time_micros": 1553222521886012, "cf_name": "usertable", "job": 4, "event": "table_file_creation", "file_number": 16, "file_size": 67421977, "table_properties": {"data_size": 67120140, "index_size": 300916, "filter_size": 0, "raw_key_size": 390696, "raw_average_key_size": 24, "raw_value_size": 66678784, "raw_average_value_size": 4096, "num_data_blocks": 8140, "num_entries": 16279, "filter_policy_name": "", "kDeletedKeys": "0", "kMergeOperands": "0"}}
2019/03/22-02:42:02.654034 7f4affd1f0 [db/compaction_job.cc:1211] [usertable] [JOB 4] Generated table #17: 16279 keys, 67418360 bytes
2019/03/22-02:42:02.654107 7f4affd1f0 EVENT_LOG_v1 {"time_micros": 1553222522654083, "cf_name": "usertable", "job": 4, "event": "table_file_creation", "file_number": 17, "file_size": 67418360, "table_properties": {"data_size": 67118331, "index_size": 299108, "filter_size": 0, "raw_key_size": 390696, "raw_average_key_size": 24, "raw_value_size": 66678784, "raw_average_value_size": 4096, "num_data_blocks": 8140, "num_entries": 16279, "filter_policy_name": "", "kDeletedKeys": "0", "kMergeOperands": "0"}}
2019/03/22-02:42:03.373624 7f4affd1f0 [db/compaction_job.cc:1211] [usertable] [JOB 4] Generated table #18: 16279 keys, 67421978 bytes
2019/03/22-02:42:03.373698 7f4affd1f0 EVENT_LOG_v1 {"time_micros": 1553222523373672, "cf_name": "usertable", "job": 4, "event": "table_file_creation", "file_number": 18, "file_size": 67421978, "table_properties": {"data_size": 67120141, "index_size": 300916, "filter_size": 0, "raw_key_size": 390696, "raw_average_key_size": 24, "raw_value_size": 66678784, "raw_average_value_size": 4096, "num_data_blocks": 8140, "num_entries": 16279, "filter_policy_name": "", "kDeletedKeys": "0", "kMergeOperands": "0"}}
2019/03/22-02:42:03.978956 7f4affd1f0 [db/compaction_job.cc:1211] [usertable] [JOB 4] Generated table #19: 16279 keys, 67418360 bytes
2019/03/22-02:42:03.979055 7f4affd1f0 EVENT_LOG_v1 {"time_micros": 1553222523979031, "cf_name": "usertable", "job": 4, "event": "table_file_creation", "file_number": 19, "file_size": 67418360, "table_properties": {"data_size": 67118331, "index_size": 299108, "filter_size": 0, "raw_key_size": 390696, "raw_average_key_size": 24, "raw_value_size": 66678784, "raw_average_value_size": 4096, "num_data_blocks": 8140, "num_entries": 16279, "filter_policy_name": "", "kDeletedKeys": "0", "kMergeOperands": "0"}}
2019/03/22-02:42:04.640439 7f4affd1f0 [db/compaction_job.cc:1211] [usertable] [JOB 4] Generated table #20: 16279 keys, 67421976 bytes
