2019/03/18-23:54:01.042362 7f4925ef3700 RocksDB version: 5.14.3
2019/03/18-23:54:01.042431 7f4925ef3700 Git sha rocksdb_build_git_sha:
2019/03/18-23:54:01.042435 7f4925ef3700 Compile date Oct  9 2018
2019/03/18-23:54:01.042444 7f4925ef3700 DB SUMMARY
2019/03/18-23:54:01.042994 7f4925ef3700 CURRENT file:  CURRENT
2019/03/18-23:54:01.042997 7f4925ef3700 IDENTITY file:  IDENTITY
2019/03/18-23:54:01.043006 7f4925ef3700 MANIFEST file:  MANIFEST-000004 size: 130169 Bytes
2019/03/18-23:54:01.043010 7f4925ef3700 SST files in /mnt/sda/ycsb-rocksdb-data dir, Total Num: 727, files: 000021.sst 000022.sst 000023.sst 000024.sst 000028.sst 000030.sst 000032.sst 000035.sst 000036.sst 
2019/03/18-23:54:01.043015 7f4925ef3700 Write Ahead Log file in /mnt/sda/ycsb-rocksdb-data: 001333.log size: 120812241 ; 001339.log size: 23902701 ; 
2019/03/18-23:54:01.043042 7f4925ef3700                         Options.error_if_exists: 0
2019/03/18-23:54:01.043044 7f4925ef3700                       Options.create_if_missing: 1
2019/03/18-23:54:01.043045 7f4925ef3700                         Options.paranoid_checks: 1
2019/03/18-23:54:01.043046 7f4925ef3700                                     Options.env: 0x7f492556e080
2019/03/18-23:54:01.043047 7f4925ef3700                                Options.info_log: 0x7f48943cc090
2019/03/18-23:54:01.043048 7f4925ef3700                Options.max_file_opening_threads: 16
2019/03/18-23:54:01.043049 7f4925ef3700                              Options.statistics: (nil)
2019/03/18-23:54:01.043050 7f4925ef3700                               Options.use_fsync: 0
2019/03/18-23:54:01.043051 7f4925ef3700                       Options.max_log_file_size: 0
2019/03/18-23:54:01.043052 7f4925ef3700                  Options.max_manifest_file_size: 18446744073709551615
2019/03/18-23:54:01.043053 7f4925ef3700                   Options.log_file_time_to_roll: 0
2019/03/18-23:54:01.043054 7f4925ef3700                       Options.keep_log_file_num: 1000
2019/03/18-23:54:01.043055 7f4925ef3700                    Options.recycle_log_file_num: 0
2019/03/18-23:54:01.043056 7f4925ef3700                         Options.allow_fallocate: 1
2019/03/18-23:54:01.043057 7f4925ef3700                        Options.allow_mmap_reads: 0
2019/03/18-23:54:01.043058 7f4925ef3700                       Options.allow_mmap_writes: 0
2019/03/18-23:54:01.043059 7f4925ef3700                        Options.use_direct_reads: 0
2019/03/18-23:54:01.043060 7f4925ef3700                        Options.use_direct_io_for_flush_and_compaction: 0
2019/03/18-23:54:01.043061 7f4925ef3700          Options.create_missing_column_families: 1
2019/03/18-23:54:01.043062 7f4925ef3700                              Options.db_log_dir: 
2019/03/18-23:54:01.043063 7f4925ef3700                                 Options.wal_dir: /mnt/sda/ycsb-rocksdb-data
2019/03/18-23:54:01.043064 7f4925ef3700                Options.table_cache_numshardbits: 6
2019/03/18-23:54:01.043065 7f4925ef3700                      Options.max_subcompactions: 4
2019/03/18-23:54:01.043066 7f4925ef3700                  Options.max_background_flushes: 24
2019/03/18-23:54:01.043067 7f4925ef3700                         Options.WAL_ttl_seconds: 0
2019/03/18-23:54:01.043068 7f4925ef3700                       Options.WAL_size_limit_MB: 0
2019/03/18-23:54:01.043069 7f4925ef3700             Options.manifest_preallocation_size: 4194304
2019/03/18-23:54:01.043070 7f4925ef3700                     Options.is_fd_close_on_exec: 1
2019/03/18-23:54:01.043071 7f4925ef3700                   Options.advise_random_on_open: 1
2019/03/18-23:54:01.043072 7f4925ef3700                    Options.db_write_buffer_size: 0
2019/03/18-23:54:01.043073 7f4925ef3700                    Options.write_buffer_manager: 0x7f48943cba80
2019/03/18-23:54:01.043074 7f4925ef3700         Options.access_hint_on_compaction_start: 1
2019/03/18-23:54:01.043075 7f4925ef3700  Options.new_table_reader_for_compaction_inputs: 0
2019/03/18-23:54:01.043076 7f4925ef3700           Options.random_access_max_buffer_size: 1048576
2019/03/18-23:54:01.043077 7f4925ef3700                      Options.use_adaptive_mutex: 0
2019/03/18-23:54:01.043078 7f4925ef3700                            Options.rate_limiter: (nil)
2019/03/18-23:54:01.043091 7f4925ef3700     Options.sst_file_manager.rate_bytes_per_sec: 0
2019/03/18-23:54:01.043093 7f4925ef3700                       Options.wal_recovery_mode: 2
2019/03/18-23:54:01.043094 7f4925ef3700                  Options.enable_thread_tracking: 0
2019/03/18-23:54:01.043095 7f4925ef3700                  Options.enable_pipelined_write: 1
2019/03/18-23:54:01.043096 7f4925ef3700         Options.allow_concurrent_memtable_write: 1
2019/03/18-23:54:01.043097 7f4925ef3700      Options.enable_write_thread_adaptive_yield: 1
2019/03/18-23:54:01.043098 7f4925ef3700             Options.write_thread_max_yield_usec: 100
2019/03/18-23:54:01.043099 7f4925ef3700            Options.write_thread_slow_yield_usec: 3
2019/03/18-23:54:01.043100 7f4925ef3700                               Options.row_cache: None
2019/03/18-23:54:01.043101 7f4925ef3700                              Options.wal_filter: None
2019/03/18-23:54:01.043102 7f4925ef3700             Options.avoid_flush_during_recovery: 0
2019/03/18-23:54:01.043103 7f4925ef3700             Options.allow_ingest_behind: 0
2019/03/18-23:54:01.043104 7f4925ef3700             Options.preserve_deletes: 0
2019/03/18-23:54:01.043105 7f4925ef3700             Options.two_write_queues: 0
2019/03/18-23:54:01.043106 7f4925ef3700             Options.manual_wal_flush: 0
2019/03/18-23:54:01.043108 7f4925ef3700             Options.max_background_jobs: 24
2019/03/18-23:54:01.043109 7f4925ef3700             Options.max_background_compactions: 24
2019/03/18-23:54:01.043110 7f4925ef3700             Options.avoid_flush_during_shutdown: 0
2019/03/18-23:54:01.043111 7f4925ef3700           Options.writable_file_max_buffer_size: 1048576
2019/03/18-23:54:01.043112 7f4925ef3700             Options.delayed_write_rate : 16777216
2019/03/18-23:54:01.043113 7f4925ef3700             Options.max_total_wal_size: 0
2019/03/18-23:54:01.043114 7f4925ef3700             Options.delete_obsolete_files_period_micros: 21600000000
2019/03/18-23:54:01.043115 7f4925ef3700                   Options.stats_dump_period_sec: 60
2019/03/18-23:54:01.043116 7f4925ef3700                          Options.max_open_files: -1
2019/03/18-23:54:01.043117 7f4925ef3700                          Options.bytes_per_sync: 1048576
2019/03/18-23:54:01.043118 7f4925ef3700                      Options.wal_bytes_per_sync: 0
2019/03/18-23:54:01.043119 7f4925ef3700       Options.compaction_readahead_size: 0
2019/03/18-23:54:01.043120 7f4925ef3700 Compression algorithms supported:
2019/03/18-23:54:01.043122 7f4925ef3700 	kZSTDNotFinalCompression supported: 1
2019/03/18-23:54:01.043132 7f4925ef3700 	kZSTD supported: 1
2019/03/18-23:54:01.043133 7f4925ef3700 	kXpressCompression supported: 0
2019/03/18-23:54:01.043135 7f4925ef3700 	kLZ4HCCompression supported: 1
2019/03/18-23:54:01.043136 7f4925ef3700 	kLZ4Compression supported: 1
2019/03/18-23:54:01.043137 7f4925ef3700 	kBZip2Compression supported: 1
2019/03/18-23:54:01.043138 7f4925ef3700 	kZlibCompression supported: 1
2019/03/18-23:54:01.043139 7f4925ef3700 	kSnappyCompression supported: 1
2019/03/18-23:54:01.043143 7f4925ef3700 Fast CRC32 supported: Not supported on x86
2019/03/18-23:54:01.043586 7f4925ef3700 [db/version_set.cc:3085] Recovering from manifest file: MANIFEST-000004
2019/03/18-23:54:01.043715 7f4925ef3700 [db/column_family.cc:475] --------------- Options for column family [default]:
2019/03/18-23:54:01.043720 7f4925ef3700               Options.comparator: leveldb.BytewiseComparator
2019/03/18-23:54:01.043721 7f4925ef3700           Options.merge_operator: None
2019/03/18-23:54:01.043722 7f4925ef3700        Options.compaction_filter: None
2019/03/18-23:54:01.043723 7f4925ef3700        Options.compaction_filter_factory: None
2019/03/18-23:54:01.043724 7f4925ef3700         Options.memtable_factory: SkipListFactory
2019/03/18-23:54:01.043726 7f4925ef3700            Options.table_factory: BlockBasedTable
2019/03/18-23:54:01.043755 7f4925ef3700            table_factory options:   flush_block_policy_factory: FlushBlockBySizePolicyFactory (0x7f48943cc660)
  cache_index_and_filter_blocks: 0
  cache_index_and_filter_blocks_with_high_priority: 0
  pin_l0_filter_and_index_blocks_in_cache: 0
  index_type: 0
  hash_index_allow_collision: 1
  checksum: 1
  no_block_cache: 0
  block_cache: 0x7f48943be550
  block_cache_name: LRUCache
  block_cache_options:
    capacity : 8388608
    num_shard_bits : 4
    strict_capacity_limit : 0
    high_pri_pool_ratio: 0.000
  block_cache_compressed: (nil)
  persistent_cache: (nil)
  block_size: 8192
  block_size_deviation: 10
  block_restart_interval: 16
  index_block_restart_interval: 1
  metadata_block_size: 4096
  partition_filters: 0
  use_delta_encoding: 1
  filter_policy: nullptr
  whole_key_filtering: 1
  verify_compression: 0
  read_amp_bytes_per_bit: 0
  format_version: 2
  enable_index_compression: 1
  block_align: 0
2019/03/18-23:54:01.043770 7f4925ef3700        Options.write_buffer_size: 134217728
2019/03/18-23:54:01.043772 7f4925ef3700  Options.max_write_buffer_number: 24
2019/03/18-23:54:01.043773 7f4925ef3700        Options.compression[0]: NoCompression
2019/03/18-23:54:01.043775 7f4925ef3700        Options.compression[1]: NoCompression
2019/03/18-23:54:01.043776 7f4925ef3700        Options.compression[2]: LZ4
2019/03/18-23:54:01.043777 7f4925ef3700        Options.compression[3]: LZ4
2019/03/18-23:54:01.043778 7f4925ef3700        Options.compression[4]: LZ4
2019/03/18-23:54:01.043780 7f4925ef3700        Options.compression[5]: LZ4
2019/03/18-23:54:01.043781 7f4925ef3700        Options.compression[6]: LZ4
2019/03/18-23:54:01.043782 7f4925ef3700                  Options.bottommost_compression: Disabled
2019/03/18-23:54:01.043783 7f4925ef3700       Options.prefix_extractor: nullptr
2019/03/18-23:54:01.043784 7f4925ef3700   Options.memtable_insert_with_hint_prefix_extractor: nullptr
2019/03/18-23:54:01.043785 7f4925ef3700             Options.num_levels: 7
2019/03/18-23:54:01.043786 7f4925ef3700        Options.min_write_buffer_number_to_merge: 2
2019/03/18-23:54:01.043787 7f4925ef3700     Options.max_write_buffer_number_to_maintain: 0
2019/03/18-23:54:01.043788 7f4925ef3700            Options.compression_opts.window_bits: -14
2019/03/18-23:54:01.043789 7f4925ef3700                  Options.compression_opts.level: -1
2019/03/18-23:54:01.043790 7f4925ef3700               Options.compression_opts.strategy: 0
2019/03/18-23:54:01.043791 7f4925ef3700         Options.compression_opts.max_dict_bytes: 0
2019/03/18-23:54:01.043792 7f4925ef3700         Options.compression_opts.zstd_max_train_bytes: 0
2019/03/18-23:54:01.043793 7f4925ef3700      Options.level0_file_num_compaction_trigger: 2
2019/03/18-23:54:01.043794 7f4925ef3700          Options.level0_slowdown_writes_trigger: 20
2019/03/18-23:54:01.043795 7f4925ef3700              Options.level0_stop_writes_trigger: 36
2019/03/18-23:54:01.043796 7f4925ef3700                   Options.target_file_size_base: 67108864
2019/03/18-23:54:01.043797 7f4925ef3700             Options.target_file_size_multiplier: 1
2019/03/18-23:54:01.043798 7f4925ef3700                Options.max_bytes_for_level_base: 536870912
2019/03/18-23:54:01.043799 7f4925ef3700 Options.level_compaction_dynamic_level_bytes: 0
2019/03/18-23:54:01.043800 7f4925ef3700          Options.max_bytes_for_level_multiplier: 10.000000
2019/03/18-23:54:01.043803 7f4925ef3700 Options.max_bytes_for_level_multiplier_addtl[0]: 1
2019/03/18-23:54:01.043805 7f4925ef3700 Options.max_bytes_for_level_multiplier_addtl[1]: 1
2019/03/18-23:54:01.043806 7f4925ef3700 Options.max_bytes_for_level_multiplier_addtl[2]: 1
2019/03/18-23:54:01.043807 7f4925ef3700 Options.max_bytes_for_level_multiplier_addtl[3]: 1
2019/03/18-23:54:01.043808 7f4925ef3700 Options.max_bytes_for_level_multiplier_addtl[4]: 1
2019/03/18-23:54:01.043809 7f4925ef3700 Options.max_bytes_for_level_multiplier_addtl[5]: 1
2019/03/18-23:54:01.043810 7f4925ef3700 Options.max_bytes_for_level_multiplier_addtl[6]: 1
2019/03/18-23:54:01.043811 7f4925ef3700       Options.max_sequential_skip_in_iterations: 8
2019/03/18-23:54:01.043812 7f4925ef3700                    Options.max_compaction_bytes: 1677721600
2019/03/18-23:54:01.043820 7f4925ef3700                        Options.arena_block_size: 16777216
2019/03/18-23:54:01.043822 7f4925ef3700   Options.soft_pending_compaction_bytes_limit: 68719476736
2019/03/18-23:54:01.043823 7f4925ef3700   Options.hard_pending_compaction_bytes_limit: 274877906944
2019/03/18-23:54:01.043824 7f4925ef3700       Options.rate_limit_delay_max_milliseconds: 100
2019/03/18-23:54:01.043825 7f4925ef3700                Options.disable_auto_compactions: 0
2019/03/18-23:54:01.043827 7f4925ef3700                        Options.compaction_style: kCompactionStyleLevel
2019/03/18-23:54:01.043828 7f4925ef3700                          Options.compaction_pri: kByCompensatedSize
2019/03/18-23:54:01.043829 7f4925ef3700 Options.compaction_options_universal.size_ratio: 1
2019/03/18-23:54:01.043831 7f4925ef3700 Options.compaction_options_universal.min_merge_width: 2
2019/03/18-23:54:01.043832 7f4925ef3700 Options.compaction_options_universal.max_merge_width: 4294967295
2019/03/18-23:54:01.043833 7f4925ef3700 Options.compaction_options_universal.max_size_amplification_percent: 200
2019/03/18-23:54:01.043834 7f4925ef3700 Options.compaction_options_universal.compression_size_percent: -1
2019/03/18-23:54:01.043835 7f4925ef3700 Options.compaction_options_universal.stop_style: kCompactionStopStyleTotalSize
2019/03/18-23:54:01.043836 7f4925ef3700 Options.compaction_options_fifo.max_table_files_size: 1073741824
2019/03/18-23:54:01.043837 7f4925ef3700 Options.compaction_options_fifo.allow_compaction: 0
2019/03/18-23:54:01.043838 7f4925ef3700 Options.compaction_options_fifo.ttl: 0
2019/03/18-23:54:01.043839 7f4925ef3700                   Options.table_properties_collectors: 
2019/03/18-23:54:01.043840 7f4925ef3700                   Options.inplace_update_support: 0
2019/03/18-23:54:01.043841 7f4925ef3700                 Options.inplace_update_num_locks: 10000
2019/03/18-23:54:01.043842 7f4925ef3700               Options.memtable_prefix_bloom_size_ratio: 0.000000
2019/03/18-23:54:01.043844 7f4925ef3700   Options.memtable_huge_page_size: 0
2019/03/18-23:54:01.043845 7f4925ef3700                           Options.bloom_locality: 0
2019/03/18-23:54:01.043846 7f4925ef3700                    Options.max_successive_merges: 0
2019/03/18-23:54:01.043847 7f4925ef3700                Options.optimize_filters_for_hits: 0
2019/03/18-23:54:01.043848 7f4925ef3700                Options.paranoid_file_checks: 0
2019/03/18-23:54:01.043849 7f4925ef3700                Options.force_consistency_checks: 0
2019/03/18-23:54:01.043850 7f4925ef3700                Options.report_bg_io_stats: 0
2019/03/18-23:54:01.043851 7f4925ef3700                               Options.ttl: 0
2019/03/18-23:54:01.044352 7f4925ef3700 [db/column_family.cc:475] --------------- Options for column family [usertable]:
2019/03/18-23:54:01.044357 7f4925ef3700               Options.comparator: leveldb.BytewiseComparator
2019/03/18-23:54:01.044358 7f4925ef3700           Options.merge_operator: None
2019/03/18-23:54:01.044359 7f4925ef3700        Options.compaction_filter: None
2019/03/18-23:54:01.044360 7f4925ef3700        Options.compaction_filter_factory: None
2019/03/18-23:54:01.044361 7f4925ef3700         Options.memtable_factory: SkipListFactory
2019/03/18-23:54:01.044362 7f4925ef3700            Options.table_factory: BlockBasedTable
2019/03/18-23:54:01.044391 7f4925ef3700            table_factory options:   flush_block_policy_factory: FlushBlockBySizePolicyFactory (0x7f48943cff00)
  cache_index_and_filter_blocks: 0
  cache_index_and_filter_blocks_with_high_priority: 0
  pin_l0_filter_and_index_blocks_in_cache: 0
  index_type: 0
  hash_index_allow_collision: 1
  checksum: 1
  no_block_cache: 0
  block_cache: 0x7f48943cdf50
  block_cache_name: LRUCache
  block_cache_options:
    capacity : 8388608
    num_shard_bits : 4
    strict_capacity_limit : 0
    high_pri_pool_ratio: 0.000
  block_cache_compressed: (nil)
  persistent_cache: (nil)
  block_size: 8192
  block_size_deviation: 10
  block_restart_interval: 16
  index_block_restart_interval: 1
  metadata_block_size: 4096
  partition_filters: 0
  use_delta_encoding: 1
  filter_policy: nullptr
  whole_key_filtering: 1
  verify_compression: 0
  read_amp_bytes_per_bit: 0
  format_version: 2
  enable_index_compression: 1
  block_align: 0
2019/03/18-23:54:01.044406 7f4925ef3700        Options.write_buffer_size: 134217728
2019/03/18-23:54:01.044408 7f4925ef3700  Options.max_write_buffer_number: 24
2019/03/18-23:54:01.044409 7f4925ef3700        Options.compression[0]: NoCompression
2019/03/18-23:54:01.044410 7f4925ef3700        Options.compression[1]: NoCompression
2019/03/18-23:54:01.044411 7f4925ef3700        Options.compression[2]: LZ4
2019/03/18-23:54:01.044413 7f4925ef3700        Options.compression[3]: LZ4
2019/03/18-23:54:01.044414 7f4925ef3700        Options.compression[4]: LZ4
2019/03/18-23:54:01.044415 7f4925ef3700        Options.compression[5]: LZ4
2019/03/18-23:54:01.044416 7f4925ef3700        Options.compression[6]: LZ4
2019/03/18-23:54:01.044417 7f4925ef3700                  Options.bottommost_compression: Disabled
2019/03/18-23:54:01.044418 7f4925ef3700       Options.prefix_extractor: nullptr
2019/03/18-23:54:01.044419 7f4925ef3700   Options.memtable_insert_with_hint_prefix_extractor: nullptr
2019/03/18-23:54:01.044420 7f4925ef3700             Options.num_levels: 7
2019/03/18-23:54:01.044421 7f4925ef3700        Options.min_write_buffer_number_to_merge: 2
2019/03/18-23:54:01.044422 7f4925ef3700     Options.max_write_buffer_number_to_maintain: 0
2019/03/18-23:54:01.044423 7f4925ef3700            Options.compression_opts.window_bits: -14
2019/03/18-23:54:01.044424 7f4925ef3700                  Options.compression_opts.level: -1
2019/03/18-23:54:01.044425 7f4925ef3700               Options.compression_opts.strategy: 0
2019/03/18-23:54:01.044426 7f4925ef3700         Options.compression_opts.max_dict_bytes: 0
2019/03/18-23:54:01.044427 7f4925ef3700         Options.compression_opts.zstd_max_train_bytes: 0
2019/03/18-23:54:01.044428 7f4925ef3700      Options.level0_file_num_compaction_trigger: 2
2019/03/18-23:54:01.044429 7f4925ef3700          Options.level0_slowdown_writes_trigger: 20
2019/03/18-23:54:01.044430 7f4925ef3700              Options.level0_stop_writes_trigger: 36
2019/03/18-23:54:01.044431 7f4925ef3700                   Options.target_file_size_base: 67108864
2019/03/18-23:54:01.044432 7f4925ef3700             Options.target_file_size_multiplier: 1
2019/03/18-23:54:01.044433 7f4925ef3700                Options.max_bytes_for_level_base: 536870912
2019/03/18-23:54:01.044434 7f4925ef3700 Options.level_compaction_dynamic_level_bytes: 0
2019/03/18-23:54:01.044435 7f4925ef3700          Options.max_bytes_for_level_multiplier: 10.000000
2019/03/18-23:54:01.044437 7f4925ef3700 Options.max_bytes_for_level_multiplier_addtl[0]: 1
2019/03/18-23:54:01.044438 7f4925ef3700 Options.max_bytes_for_level_multiplier_addtl[1]: 1
2019/03/18-23:54:01.044439 7f4925ef3700 Options.max_bytes_for_level_multiplier_addtl[2]: 1
2019/03/18-23:54:01.044440 7f4925ef3700 Options.max_bytes_for_level_multiplier_addtl[3]: 1
2019/03/18-23:54:01.044441 7f4925ef3700 Options.max_bytes_for_level_multiplier_addtl[4]: 1
2019/03/18-23:54:01.044442 7f4925ef3700 Options.max_bytes_for_level_multiplier_addtl[5]: 1
2019/03/18-23:54:01.044443 7f4925ef3700 Options.max_bytes_for_level_multiplier_addtl[6]: 1
2019/03/18-23:54:01.044444 7f4925ef3700       Options.max_sequential_skip_in_iterations: 8
2019/03/18-23:54:01.044445 7f4925ef3700                    Options.max_compaction_bytes: 1677721600
2019/03/18-23:54:01.044446 7f4925ef3700                        Options.arena_block_size: 16777216
2019/03/18-23:54:01.044447 7f4925ef3700   Options.soft_pending_compaction_bytes_limit: 68719476736
2019/03/18-23:54:01.044448 7f4925ef3700   Options.hard_pending_compaction_bytes_limit: 274877906944
2019/03/18-23:54:01.044449 7f4925ef3700       Options.rate_limit_delay_max_milliseconds: 100
2019/03/18-23:54:01.044450 7f4925ef3700                Options.disable_auto_compactions: 0
2019/03/18-23:54:01.044451 7f4925ef3700                        Options.compaction_style: kCompactionStyleLevel
2019/03/18-23:54:01.044458 7f4925ef3700                          Options.compaction_pri: kByCompensatedSize
2019/03/18-23:54:01.044460 7f4925ef3700 Options.compaction_options_universal.size_ratio: 1
2019/03/18-23:54:01.044461 7f4925ef3700 Options.compaction_options_universal.min_merge_width: 2
2019/03/18-23:54:01.044462 7f4925ef3700 Options.compaction_options_universal.max_merge_width: 4294967295
2019/03/18-23:54:01.044463 7f4925ef3700 Options.compaction_options_universal.max_size_amplification_percent: 200
2019/03/18-23:54:01.044464 7f4925ef3700 Options.compaction_options_universal.compression_size_percent: -1
2019/03/18-23:54:01.044465 7f4925ef3700 Options.compaction_options_universal.stop_style: kCompactionStopStyleTotalSize
2019/03/18-23:54:01.044466 7f4925ef3700 Options.compaction_options_fifo.max_table_files_size: 1073741824
2019/03/18-23:54:01.044467 7f4925ef3700 Options.compaction_options_fifo.allow_compaction: 0
2019/03/18-23:54:01.044468 7f4925ef3700 Options.compaction_options_fifo.ttl: 0
2019/03/18-23:54:01.044469 7f4925ef3700                   Options.table_properties_collectors: 
2019/03/18-23:54:01.044470 7f4925ef3700                   Options.inplace_update_support: 0
2019/03/18-23:54:01.044471 7f4925ef3700                 Options.inplace_update_num_locks: 10000
2019/03/18-23:54:01.044472 7f4925ef3700               Options.memtable_prefix_bloom_size_ratio: 0.000000
2019/03/18-23:54:01.044474 7f4925ef3700   Options.memtable_huge_page_size: 0
2019/03/18-23:54:01.044475 7f4925ef3700                           Options.bloom_locality: 0
2019/03/18-23:54:01.044476 7f4925ef3700                    Options.max_successive_merges: 0
2019/03/18-23:54:01.044477 7f4925ef3700                Options.optimize_filters_for_hits: 0
2019/03/18-23:54:01.044478 7f4925ef3700                Options.paranoid_file_checks: 0
2019/03/18-23:54:01.044479 7f4925ef3700                Options.force_consistency_checks: 0
2019/03/18-23:54:01.044480 7f4925ef3700                Options.report_bg_io_stats: 0
2019/03/18-23:54:01.044481 7f4925ef3700                               Options.ttl: 0
2019/03/18-23:54:01.732088 7f4925ef3700 [db/version_set.cc:3361] Recovered from manifest file:/mnt/sda/ycsb-rocksdb-data/MANIFEST-000004 succeeded,manifest_file_number is 4, next_file_number is 1340, last_sequence is 10426094, log_number is 0,prev_log_number is 0,max_column_family is 1,min_log_number_to_keep is 0
2019/03/18-23:54:01.732101 7f4925ef3700 [db/version_set.cc:3369] Column family [default] (ID 0), log number is 0
2019/03/18-23:54:01.732105 7f4925ef3700 [db/version_set.cc:3369] Column family [usertable] (ID 1), log number is 1333
2019/03/18-23:54:01.735249 7f4925ef3700 EVENT_LOG_v1 {"time_micros": 1552978441735208, "job": 1, "event": "recovery_started", "log_files": [1333, 1339]}
2019/03/18-23:54:01.735262 7f4925ef3700 [db/db_impl_open.cc:551] Recovering log #1333 mode 2
2019/03/18-23:54:02.085902 7f4925ef3700 [db/db_impl_open.cc:551] Recovering log #1339 mode 2
2019/03/18-23:54:02.934479 7f4925ef3700 EVENT_LOG_v1 {"time_micros": 1552978442934445, "cf_name": "usertable", "job": 1, "event": "table_file_creation", "file_number": 1340, "file_size": 129902325, "table_properties": {"data_size": 129321396, "index_size": 580007, "filter_size": 0, "raw_key_size": 752760, "raw_average_key_size": 24, "raw_value_size": 128471040, "raw_average_value_size": 4096, "num_data_blocks": 15683, "num_entries": 31365, "filter_policy_name": "", "kDeletedKeys": "0", "kMergeOperands": "0"}}
2019/03/18-23:54:03.040585 7f4925ef3700 [db/version_set.cc:2847] Creating manifest 1341
2019/03/18-23:54:03.322501 7f4925ef3700 EVENT_LOG_v1 {"time_micros": 1552978443322464, "cf_name": "usertable", "job": 1, "event": "table_file_creation", "file_number": 1342, "file_size": 14980095, "table_properties": {"data_size": 14912905, "index_size": 66269, "filter_size": 0, "raw_key_size": 86808, "raw_average_key_size": 24, "raw_value_size": 14815232, "raw_average_value_size": 4096, "num_data_blocks": 1809, "num_entries": 3617, "filter_policy_name": "", "kDeletedKeys": "0", "kMergeOperands": "0"}}
2019/03/18-23:54:03.381216 7f4925ef3700 EVENT_LOG_v1 {"time_micros": 1552978443381204, "job": 1, "event": "recovery_finished"}
2019/03/18-23:54:03.509485 7f4925ef3700 [db/db_impl_open.cc:1219] DB pointer 0x7f48943d1dd0
2019/03/18-23:54:03.509773 7f4924c73700 [WARN] [db/db_impl.cc:491] ------- DUMPING STATS -------
2019/03/18-23:54:03.509820 7f4924c73700 [WARN] [db/db_impl.cc:492] 
** DB Stats **
Uptime(secs): 2.5 total, 2.5 interval
Cumulative writes: 0 writes, 0 keys, 0 commit groups, 0.0 writes per commit group, ingest: 0.00 GB, 0.00 MB/s
Cumulative WAL: 0 writes, 0 syncs, 0.00 writes per sync, written: 0.00 GB, 0.00 MB/s
Cumulative stall: 00:00:0.000 H:M:S, 0.0 percent
Interval writes: 0 writes, 0 keys, 0 commit groups, 0.0 writes per commit group, ingest: 0.00 MB, 0.00 MB/s
Interval WAL: 0 writes, 0 syncs, 0.00 writes per sync, written: 0.00 MB, 0.00 MB/s
Interval stall: 00:00:0.000 H:M:S, 0.0 percent

** Compaction Stats [default] **
Level    Files   Size     Score Read(GB)  Rn(GB) Rnp1(GB) Write(GB) Wnew(GB) Moved(GB) W-Amp Rd(MB/s) Wr(MB/s) Comp(sec) Comp(cnt) Avg(sec) KeyIn KeyDrop
----------------------------------------------------------------------------------------------------------------------------------------------------------
 Sum      0/0    0.00 KB   0.0      0.0     0.0      0.0       0.0      0.0       0.0   0.0      0.0      0.0         0         0    0.000       0      0
 Int      0/0    0.00 KB   0.0      0.0     0.0      0.0       0.0      0.0       0.0   0.0      0.0      0.0         0         0    0.000       0      0
Uptime(secs): 2.5 total, 2.5 interval
Flush(GB): cumulative 0.000, interval 0.000
AddFile(GB): cumulative 0.000, interval 0.000
AddFile(Total Files): cumulative 0, interval 0
AddFile(L0 Files): cumulative 0, interval 0
AddFile(Keys): cumulative 0, interval 0
Cumulative compaction: 0.00 GB write, 0.00 MB/s write, 0.00 GB read, 0.00 MB/s read, 0.0 seconds
Interval compaction: 0.00 GB write, 0.00 MB/s write, 0.00 GB read, 0.00 MB/s read, 0.0 seconds
Stalls(count): 0 level0_slowdown, 0 level0_slowdown_with_compaction, 0 level0_numfiles, 0 level0_numfiles_with_compaction, 0 stop for pending_compaction_bytes, 0 slowdown for pending_compaction_bytes, 0 memtable_compaction, 0 memtable_slowdown, interval 0 total count

** File Read Latency Histogram By Level [default] **

** Compaction Stats [usertable] **
Level    Files   Size     Score Read(GB)  Rn(GB) Rnp1(GB) Write(GB) Wnew(GB) Moved(GB) W-Amp Rd(MB/s) Wr(MB/s) Comp(sec) Comp(cnt) Avg(sec) KeyIn KeyDrop
----------------------------------------------------------------------------------------------------------------------------------------------------------
  L0      3/0   314.85 MB   1.5      0.0     0.0      0.0       0.1      0.1       0.0   1.0      0.0    139.4         1         2    0.496       0      0
  L1      9/0   505.26 MB   1.0      0.0     0.0      0.0       0.0      0.0       0.0   0.0      0.0      0.0         0         0    0.000       0      0
  L2    167/0    4.94 GB   1.0      0.0     0.0      0.0       0.0      0.0       0.0   0.0      0.0      0.0         0         0    0.000       0      0
  L3    550/0   34.44 GB   0.7      0.0     0.0      0.0       0.0      0.0       0.0   0.0      0.0      0.0         0         0    0.000       0      0
 Sum    729/0   40.18 GB   0.0      0.0     0.0      0.0       0.1      0.1       0.0   1.0      0.0    139.4         1         2    0.496       0      0
 Int      0/0    0.00 KB   0.0      0.0     0.0      0.0       0.1      0.1       0.0   1.0      0.0    139.4         1         2    0.496       0      0
Uptime(secs): 2.5 total, 2.5 interval
Flush(GB): cumulative 0.135, interval 0.135
AddFile(GB): cumulative 0.000, interval 0.000
AddFile(Total Files): cumulative 0, interval 0
AddFile(L0 Files): cumulative 0, interval 0
AddFile(Keys): cumulative 0, interval 0
Cumulative compaction: 0.13 GB write, 56.05 MB/s write, 0.00 GB read, 0.00 MB/s read, 1.0 seconds
Interval compaction: 0.13 GB write, 56.05 MB/s write, 0.00 GB read, 0.00 MB/s read, 1.0 seconds
Stalls(count): 0 level0_slowdown, 0 level0_slowdown_with_compaction, 0 level0_numfiles, 0 level0_numfiles_with_compaction, 0 stop for pending_compaction_bytes, 0 slowdown for pending_compaction_bytes, 0 memtable_compaction, 0 memtable_slowdown, interval 0 total count

** File Read Latency Histogram By Level [usertable] **

** Compaction Stats [default] **
Level    Files   Size     Score Read(GB)  Rn(GB) Rnp1(GB) Write(GB) Wnew(GB) Moved(GB) W-Amp Rd(MB/s) Wr(MB/s) Comp(sec) Comp(cnt) Avg(sec) KeyIn KeyDrop
----------------------------------------------------------------------------------------------------------------------------------------------------------
 Sum      0/0    0.00 KB   0.0      0.0     0.0      0.0       0.0      0.0       0.0   0.0      0.0      0.0         0         0    0.000       0      0
 Int      0/0    0.00 KB   0.0      0.0     0.0      0.0       0.0      0.0       0.0   0.0      0.0      0.0         0         0    0.000       0      0
Uptime(secs): 2.5 total, 0.0 interval
Flush(GB): cumulative 0.000, interval 0.000
AddFile(GB): cumulative 0.000, interval 0.000
AddFile(Total Files): cumulative 0, interval 0
AddFile(L0 Files): cumulative 0, interval 0
AddFile(Keys): cumulative 0, interval 0
Cumulative compaction: 0.00 GB write, 0.00 MB/s write, 0.00 GB read, 0.00 MB/s read, 0.0 seconds
Interval compaction: 0.00 GB write, 0.00 MB/s write, 0.00 GB read, 0.00 MB/s read, 0.0 seconds
Stalls(count): 0 level0_slowdown, 0 level0_slowdown_with_compaction, 0 level0_numfiles, 0 level0_numfiles_with_compaction, 0 stop for pending_compaction_bytes, 0 slowdown for pending_compaction_bytes, 0 memtable_compaction, 0 memtable_slowdown, interval 0 total count

** File Read Latency Histogram By Level [default] **

** Compaction Stats [usertable] **
Level    Files   Size     Score Read(GB)  Rn(GB) Rnp1(GB) Write(GB) Wnew(GB) Moved(GB) W-Amp Rd(MB/s) Wr(MB/s) Comp(sec) Comp(cnt) Avg(sec) KeyIn KeyDrop
----------------------------------------------------------------------------------------------------------------------------------------------------------
  L0      3/0   314.85 MB   1.5      0.0     0.0      0.0       0.1      0.1       0.0   1.0      0.0    139.4         1         2    0.496       0      0
  L1      9/0   505.26 MB   1.0      0.0     0.0      0.0       0.0      0.0       0.0   0.0      0.0      0.0         0         0    0.000       0      0
  L2    167/0    4.94 GB   1.0      0.0     0.0      0.0       0.0      0.0       0.0   0.0      0.0      0.0         0         0    0.000       0      0
  L3    550/0   34.44 GB   0.7      0.0     0.0      0.0       0.0      0.0       0.0   0.0      0.0      0.0         0         0    0.000       0      0
 Sum    729/0   40.18 GB   0.0      0.0     0.0      0.0       0.1      0.1       0.0   1.0      0.0    139.4         1         2    0.496       0      0
 Int      0/0    0.00 KB   0.0      0.0     0.0      0.0       0.0      0.0       0.0   0.0      0.0      0.0         0         0    0.000       0      0
Uptime(secs): 2.5 total, 0.0 interval
Flush(GB): cumulative 0.135, interval 0.000
AddFile(GB): cumulative 0.000, interval 0.000
AddFile(Total Files): cumulative 0, interval 0
AddFile(L0 Files): cumulative 0, interval 0
AddFile(Keys): cumulative 0, interval 0
Cumulative compaction: 0.13 GB write, 56.04 MB/s write, 0.00 GB read, 0.00 MB/s read, 1.0 seconds
Interval compaction: 0.00 GB write, 0.00 MB/s write, 0.00 GB read, 0.00 MB/s read, 0.0 seconds
Stalls(count): 0 level0_slowdown, 0 level0_slowdown_with_compaction, 0 level0_numfiles, 0 level0_numfiles_with_compaction, 0 stop for pending_compaction_bytes, 0 slowdown for pending_compaction_bytes, 0 memtable_compaction, 0 memtable_slowdown, interval 0 total count

** File Read Latency Histogram By Level [usertable] **
2019/03/18-23:54:03.574414 7f4924c73700 (Original Log Time 2019/03/18-23:54:03.509951) [db/db_impl_compaction_flush.cc:1835] [usertable] Moving #894 to level-1 185261554 bytes
2019/03/18-23:54:03.574419 7f4924c73700 (Original Log Time 2019/03/18-23:54:03.574260) EVENT_LOG_v1 {"time_micros": 1552978443574246, "job": 3, "event": "trivial_move", "destination_level": 1, "files": 1, "total_files_size": 185261554}
2019/03/18-23:54:03.574421 7f4924c73700 (Original Log Time 2019/03/18-23:54:03.574284) [db/db_impl_compaction_flush.cc:1864] [usertable] Moved #1 files to level-1 185261554 bytes OK: base level 1 max bytes base 536870912 files[2 10 167 550 0 0 0] max score 1.33
2019/03/18-23:54:03.574531 7f4924c73700 [db/compaction_job.cc:1531] [usertable] [JOB 4] Compacting 1@1 files to L2, score 1.33
2019/03/18-23:54:03.574540 7f4924c73700 [db/compaction_job.cc:1535] [usertable] Compaction start summary: Base version 6 Base level 1, inputs: [894(176MB)]
2019/03/18-23:54:03.574565 7f4924c73700 EVENT_LOG_v1 {"time_micros": 1552978443574547, "job": 4, "event": "compaction_started", "compaction_reason": "LevelMaxLevelSize", "files_L1": [894], "score": 1.3319, "input_data_size": 185261554}
2019/03/18-23:54:04.881531 7f4924c73700 [db/compaction_job.cc:1211] [usertable] [JOB 4] Generated table #1346: 16279 keys, 67233342 bytes
2019/03/18-23:54:04.881588 7f4924c73700 EVENT_LOG_v1 {"time_micros": 1552978444881563, "cf_name": "usertable", "job": 4, "event": "table_file_creation", "file_number": 1346, "file_size": 67233342, "table_properties": {"data_size": 67118331, "index_size": 299106, "filter_size": 0, "raw_key_size": 390696, "raw_average_key_size": 24, "raw_value_size": 66678784, "raw_average_value_size": 4096, "num_data_blocks": 8140, "num_entries": 16279, "filter_policy_name": "", "kDeletedKeys": "0", "kMergeOperands": "0"}}
2019/03/18-23:54:06.106745 7f4924c73700 [db/compaction_job.cc:1211] [usertable] [JOB 4] Generated table #1347: 16279 keys, 67233568 bytes
2019/03/18-23:54:06.106798 7f4924c73700 EVENT_LOG_v1 {"time_micros": 1552978446106775, "cf_name": "usertable", "job": 4, "event": "table_file_creation", "file_number": 1347, "file_size": 67233568, "table_properties": {"data_size": 67120139, "index_size": 300916, "filter_size": 0, "raw_key_size": 390696, "raw_average_key_size": 24, "raw_value_size": 66678784, "raw_average_value_size": 4096, "num_data_blocks": 8140, "num_entries": 16279, "filter_policy_name": "", "kDeletedKeys": "0", "kMergeOperands": "0"}}
2019/03/18-23:54:06.711292 7f4924c73700 [db/compaction_job.cc:1211] [usertable] [JOB 4] Generated table #1348: 12176 keys, 50287906 bytes
2019/03/18-23:54:06.711346 7f4924c73700 EVENT_LOG_v1 {"time_micros": 1552978446711322, "cf_name": "usertable", "job": 4, "event": "table_file_creation", "file_number": 1348, "file_size": 50287906, "table_properties": {"data_size": 50201648, "index_size": 223640, "filter_size": 0, "raw_key_size": 292224, "raw_average_key_size": 24, "raw_value_size": 49872896, "raw_average_value_size": 4096, "num_data_blocks": 6088, "num_entries": 12176, "filter_policy_name": "", "kDeletedKeys": "0", "kMergeOperands": "0"}}
2019/03/18-23:54:06.711434 7f4924c73700 [db/compaction_job.cc:1287] [usertable] [JOB 4] Compacted 1@1 files to L2 => 184754816 bytes
2019/03/18-23:54:06.742692 7f4924c73700 (Original Log Time 2019/03/18-23:54:06.742516) [db/compaction_job.cc:685] [usertable] compacted to: base level 1 max bytes base 536870912 files[2 9 170 550 0 0 0] max score 1.02, MB/sec: 59.1 rd, 58.9 wr, level 2, files in(1, 0) out(3) MB in(176.7, 0.0) out(176.2), read-write-amplify(2.0) write-amplify(1.0) OK, records in: 44734, records dropped: 0 output_compression: LZ4
2019/03/18-23:54:06.742703 7f4924c73700 (Original Log Time 2019/03/18-23:54:06.742581) EVENT_LOG_v1 {"time_micros": 1552978446742558, "job": 4, "event": "compaction_finished", "compaction_time_micros": 3136816, "output_level": 2, "num_output_files": 3, "total_output_size": 184754816, "num_input_records": 44734, "num_output_records": 44734, "num_subcompactions": 1, "output_compression": "LZ4", "num_single_delete_mismatches": 0, "num_single_delete_fallthrough": 0, "lsm_state": [2, 9, 170, 550, 0, 0, 0]}
2019/03/18-23:54:06.774026 7f48b0ffe700 (Original Log Time 2019/03/18-23:54:06.742972) [db/db_impl_compaction_flush.cc:1835] [usertable] Moving #1347 to level-3 67233568 bytes
2019/03/18-23:54:06.774033 7f48b0ffe700 (Original Log Time 2019/03/18-23:54:06.773926) EVENT_LOG_v1 {"time_micros": 1552978446773915, "job": 5, "event": "trivial_move", "destination_level": 3, "files": 1, "total_files_size": 67233568}
2019/03/18-23:54:06.774036 7f48b0ffe700 (Original Log Time 2019/03/18-23:54:06.773942) [db/db_impl_compaction_flush.cc:1864] [usertable] Moved #1 files to level-3 67233568 bytes OK: base level 1 max bytes base 536870912 files[2 9 169 551 0 0 0] max score 1.01
2019/03/18-23:54:06.792293 7f48b0ffe700 EVENT_LOG_v1 {"time_micros": 1552978446792282, "job": 5, "event": "table_file_deletion", "file_number": 894}
2019/03/18-23:54:06.823066 7f48b0ffe700 (Original Log Time 2019/03/18-23:54:06.792481) [db/db_impl_compaction_flush.cc:1835] [usertable] Moving #1346 to level-3 67233342 bytes
2019/03/18-23:54:06.823073 7f48b0ffe700 (Original Log Time 2019/03/18-23:54:06.822971) EVENT_LOG_v1 {"time_micros": 1552978446822958, "job": 6, "event": "trivial_move", "destination_level": 3, "files": 1, "total_files_size": 67233342}
2019/03/18-23:54:06.823076 7f48b0ffe700 (Original Log Time 2019/03/18-23:54:06.822986) [db/db_impl_compaction_flush.cc:1864] [usertable] Moved #1 files to level-3 67233342 bytes OK: base level 1 max bytes base 536870912 files[2 9 168 552 0 0 0] max score 1.00
2019/03/18-23:54:06.854500 7f48877fe700 (Original Log Time 2019/03/18-23:54:06.823448) [db/db_impl_compaction_flush.cc:1835] [usertable] Moving #1340 to level-1 129902325 bytes
2019/03/18-23:54:06.854505 7f48877fe700 (Original Log Time 2019/03/18-23:54:06.854426) EVENT_LOG_v1 {"time_micros": 1552978446854416, "job": 7, "event": "trivial_move", "destination_level": 1, "files": 1, "total_files_size": 129902325}
2019/03/18-23:54:06.854507 7f48877fe700 (Original Log Time 2019/03/18-23:54:06.854442) [db/db_impl_compaction_flush.cc:1864] [usertable] Moved #1 files to level-1 129902325 bytes OK: base level 1 max bytes base 536870912 files[1 10 168 552 0 0 0] max score 1.23
2019/03/18-23:54:06.854721 7f48877fe700 [db/compaction_job.cc:1531] [usertable] [JOB 8] Compacting 1@1 files to L2, score 1.23
2019/03/18-23:54:06.854731 7f48877fe700 [db/compaction_job.cc:1535] [usertable] Compaction start summary: Base version 10 Base level 1, inputs: [1340(123MB)]
2019/03/18-23:54:06.854753 7f48877fe700 EVENT_LOG_v1 {"time_micros": 1552978446854738, "job": 8, "event": "compaction_started", "compaction_reason": "LevelMaxLevelSize", "files_L1": [1340], "score": 1.22879, "input_data_size": 129902325}
2019/03/18-23:54:07.440424 7f48877fe700 [db/compaction_job.cc:1211] [usertable] [JOB 8] Generated table #1349: 16279 keys, 67233590 bytes
