2019/03/23-13:21:41.227357 7f9bca9d3700 RocksDB version: 5.14.3
2019/03/23-13:21:41.227434 7f9bca9d3700 Git sha rocksdb_build_git_sha:
2019/03/23-13:21:41.227437 7f9bca9d3700 Compile date Oct  9 2018
2019/03/23-13:21:41.227447 7f9bca9d3700 DB SUMMARY
2019/03/23-13:21:41.228067 7f9bca9d3700 CURRENT file:  CURRENT
2019/03/23-13:21:41.228071 7f9bca9d3700 IDENTITY file:  IDENTITY
2019/03/23-13:21:41.228081 7f9bca9d3700 MANIFEST file:  MANIFEST-000004 size: 131680 Bytes
2019/03/23-13:21:41.228086 7f9bca9d3700 SST files in /mnt/sdh/ycsb-rocksdb-data dir, Total Num: 727, files: 000021.sst 000022.sst 000023.sst 000024.sst 000028.sst 000029.sst 000030.sst 000031.sst 000035.sst 
2019/03/23-13:21:41.228091 7f9bca9d3700 Write Ahead Log file in /mnt/sdh/ycsb-rocksdb-data: 001357.log size: 108442902 ; 001363.log size: 88392850 ; 
2019/03/23-13:21:41.228118 7f9bca9d3700                         Options.error_if_exists: 0
2019/03/23-13:21:41.228119 7f9bca9d3700                       Options.create_if_missing: 1
2019/03/23-13:21:41.228120 7f9bca9d3700                         Options.paranoid_checks: 1
2019/03/23-13:21:41.228121 7f9bca9d3700                                     Options.env: 0x7f9bca04e080
2019/03/23-13:21:41.228122 7f9bca9d3700                                Options.info_log: 0x7f9ad03d2670
2019/03/23-13:21:41.228123 7f9bca9d3700                Options.max_file_opening_threads: 16
2019/03/23-13:21:41.228124 7f9bca9d3700                              Options.statistics: (nil)
2019/03/23-13:21:41.228125 7f9bca9d3700                               Options.use_fsync: 0
2019/03/23-13:21:41.228125 7f9bca9d3700                       Options.max_log_file_size: 0
2019/03/23-13:21:41.228126 7f9bca9d3700                  Options.max_manifest_file_size: 18446744073709551615
2019/03/23-13:21:41.228127 7f9bca9d3700                   Options.log_file_time_to_roll: 0
2019/03/23-13:21:41.228128 7f9bca9d3700                       Options.keep_log_file_num: 1000
2019/03/23-13:21:41.228129 7f9bca9d3700                    Options.recycle_log_file_num: 0
2019/03/23-13:21:41.228130 7f9bca9d3700                         Options.allow_fallocate: 1
2019/03/23-13:21:41.228131 7f9bca9d3700                        Options.allow_mmap_reads: 0
2019/03/23-13:21:41.228132 7f9bca9d3700                       Options.allow_mmap_writes: 0
2019/03/23-13:21:41.228132 7f9bca9d3700                        Options.use_direct_reads: 0
2019/03/23-13:21:41.228133 7f9bca9d3700                        Options.use_direct_io_for_flush_and_compaction: 0
2019/03/23-13:21:41.228134 7f9bca9d3700          Options.create_missing_column_families: 1
2019/03/23-13:21:41.228135 7f9bca9d3700                              Options.db_log_dir: 
2019/03/23-13:21:41.228136 7f9bca9d3700                                 Options.wal_dir: /mnt/sdh/ycsb-rocksdb-data
2019/03/23-13:21:41.228137 7f9bca9d3700                Options.table_cache_numshardbits: 6
2019/03/23-13:21:41.228138 7f9bca9d3700                      Options.max_subcompactions: 4
2019/03/23-13:21:41.228139 7f9bca9d3700                  Options.max_background_flushes: 24
2019/03/23-13:21:41.228140 7f9bca9d3700                         Options.WAL_ttl_seconds: 0
2019/03/23-13:21:41.228141 7f9bca9d3700                       Options.WAL_size_limit_MB: 0
2019/03/23-13:21:41.228142 7f9bca9d3700             Options.manifest_preallocation_size: 4194304
2019/03/23-13:21:41.228142 7f9bca9d3700                     Options.is_fd_close_on_exec: 1
2019/03/23-13:21:41.228143 7f9bca9d3700                   Options.advise_random_on_open: 1
2019/03/23-13:21:41.228144 7f9bca9d3700                    Options.db_write_buffer_size: 0
2019/03/23-13:21:41.228145 7f9bca9d3700                    Options.write_buffer_manager: 0x7f9ad03d2900
2019/03/23-13:21:41.228146 7f9bca9d3700         Options.access_hint_on_compaction_start: 1
2019/03/23-13:21:41.228147 7f9bca9d3700  Options.new_table_reader_for_compaction_inputs: 0
2019/03/23-13:21:41.228148 7f9bca9d3700           Options.random_access_max_buffer_size: 1048576
2019/03/23-13:21:41.228149 7f9bca9d3700                      Options.use_adaptive_mutex: 0
2019/03/23-13:21:41.228150 7f9bca9d3700                            Options.rate_limiter: (nil)
2019/03/23-13:21:41.228164 7f9bca9d3700     Options.sst_file_manager.rate_bytes_per_sec: 0
2019/03/23-13:21:41.228166 7f9bca9d3700                       Options.wal_recovery_mode: 2
2019/03/23-13:21:41.228166 7f9bca9d3700                  Options.enable_thread_tracking: 0
2019/03/23-13:21:41.228167 7f9bca9d3700                  Options.enable_pipelined_write: 1
2019/03/23-13:21:41.228168 7f9bca9d3700         Options.allow_concurrent_memtable_write: 1
2019/03/23-13:21:41.228169 7f9bca9d3700      Options.enable_write_thread_adaptive_yield: 1
2019/03/23-13:21:41.228170 7f9bca9d3700             Options.write_thread_max_yield_usec: 100
2019/03/23-13:21:41.228171 7f9bca9d3700            Options.write_thread_slow_yield_usec: 3
2019/03/23-13:21:41.228171 7f9bca9d3700                               Options.row_cache: None
2019/03/23-13:21:41.228172 7f9bca9d3700                              Options.wal_filter: None
2019/03/23-13:21:41.228173 7f9bca9d3700             Options.avoid_flush_during_recovery: 0
2019/03/23-13:21:41.228174 7f9bca9d3700             Options.allow_ingest_behind: 0
2019/03/23-13:21:41.228175 7f9bca9d3700             Options.preserve_deletes: 0
2019/03/23-13:21:41.228176 7f9bca9d3700             Options.two_write_queues: 0
2019/03/23-13:21:41.228177 7f9bca9d3700             Options.manual_wal_flush: 0
2019/03/23-13:21:41.228179 7f9bca9d3700             Options.max_background_jobs: 24
2019/03/23-13:21:41.228180 7f9bca9d3700             Options.max_background_compactions: 24
2019/03/23-13:21:41.228181 7f9bca9d3700             Options.avoid_flush_during_shutdown: 0
2019/03/23-13:21:41.228182 7f9bca9d3700           Options.writable_file_max_buffer_size: 1048576
2019/03/23-13:21:41.228183 7f9bca9d3700             Options.delayed_write_rate : 16777216
2019/03/23-13:21:41.228184 7f9bca9d3700             Options.max_total_wal_size: 0
2019/03/23-13:21:41.228185 7f9bca9d3700             Options.delete_obsolete_files_period_micros: 21600000000
2019/03/23-13:21:41.228186 7f9bca9d3700                   Options.stats_dump_period_sec: 60
2019/03/23-13:21:41.228186 7f9bca9d3700                          Options.max_open_files: -1
2019/03/23-13:21:41.228187 7f9bca9d3700                          Options.bytes_per_sync: 1048576
2019/03/23-13:21:41.228188 7f9bca9d3700                      Options.wal_bytes_per_sync: 0
2019/03/23-13:21:41.228189 7f9bca9d3700       Options.compaction_readahead_size: 0
2019/03/23-13:21:41.228190 7f9bca9d3700 Compression algorithms supported:
2019/03/23-13:21:41.228192 7f9bca9d3700 	kZSTDNotFinalCompression supported: 1
2019/03/23-13:21:41.228201 7f9bca9d3700 	kZSTD supported: 1
2019/03/23-13:21:41.228203 7f9bca9d3700 	kXpressCompression supported: 0
2019/03/23-13:21:41.228204 7f9bca9d3700 	kLZ4HCCompression supported: 1
2019/03/23-13:21:41.228205 7f9bca9d3700 	kLZ4Compression supported: 1
2019/03/23-13:21:41.228206 7f9bca9d3700 	kBZip2Compression supported: 1
2019/03/23-13:21:41.228208 7f9bca9d3700 	kZlibCompression supported: 1
2019/03/23-13:21:41.228208 7f9bca9d3700 	kSnappyCompression supported: 1
2019/03/23-13:21:41.228213 7f9bca9d3700 Fast CRC32 supported: Not supported on x86
2019/03/23-13:21:41.228659 7f9bca9d3700 [db/version_set.cc:3085] Recovering from manifest file: MANIFEST-000004
2019/03/23-13:21:41.228770 7f9bca9d3700 [db/column_family.cc:475] --------------- Options for column family [default]:
2019/03/23-13:21:41.228774 7f9bca9d3700               Options.comparator: leveldb.BytewiseComparator
2019/03/23-13:21:41.228775 7f9bca9d3700           Options.merge_operator: None
2019/03/23-13:21:41.228776 7f9bca9d3700        Options.compaction_filter: None
2019/03/23-13:21:41.228777 7f9bca9d3700        Options.compaction_filter_factory: None
2019/03/23-13:21:41.228778 7f9bca9d3700         Options.memtable_factory: SkipListFactory
2019/03/23-13:21:41.228779 7f9bca9d3700            Options.table_factory: BlockBasedTable
2019/03/23-13:21:41.228809 7f9bca9d3700            table_factory options:   flush_block_policy_factory: FlushBlockBySizePolicyFactory (0x7f9ad03d1f50)
  cache_index_and_filter_blocks: 0
  cache_index_and_filter_blocks_with_high_priority: 0
  pin_l0_filter_and_index_blocks_in_cache: 0
  index_type: 0
  hash_index_allow_collision: 1
  checksum: 1
  no_block_cache: 0
  block_cache: 0x7f9ad03c3e40
  block_cache_name: LRUCache
  block_cache_options:
    capacity : 8388608
    num_shard_bits : 4
    strict_capacity_limit : 0
    high_pri_pool_ratio: 0.000
  block_cache_compressed: (nil)
  persistent_cache: (nil)
  block_size: 8192
  block_size_deviation: 10
  block_restart_interval: 16
  index_block_restart_interval: 1
  metadata_block_size: 4096
  partition_filters: 0
  use_delta_encoding: 1
  filter_policy: nullptr
  whole_key_filtering: 1
  verify_compression: 0
  read_amp_bytes_per_bit: 0
  format_version: 2
  enable_index_compression: 1
  block_align: 0
2019/03/23-13:21:41.228822 7f9bca9d3700        Options.write_buffer_size: 134217728
2019/03/23-13:21:41.228824 7f9bca9d3700  Options.max_write_buffer_number: 24
2019/03/23-13:21:41.228825 7f9bca9d3700        Options.compression[0]: NoCompression
2019/03/23-13:21:41.228827 7f9bca9d3700        Options.compression[1]: NoCompression
2019/03/23-13:21:41.228828 7f9bca9d3700        Options.compression[2]: LZ4
2019/03/23-13:21:41.228829 7f9bca9d3700        Options.compression[3]: LZ4
2019/03/23-13:21:41.228830 7f9bca9d3700        Options.compression[4]: LZ4
2019/03/23-13:21:41.228831 7f9bca9d3700        Options.compression[5]: LZ4
2019/03/23-13:21:41.228832 7f9bca9d3700        Options.compression[6]: LZ4
2019/03/23-13:21:41.228833 7f9bca9d3700                  Options.bottommost_compression: Disabled
2019/03/23-13:21:41.228834 7f9bca9d3700       Options.prefix_extractor: nullptr
2019/03/23-13:21:41.228834 7f9bca9d3700   Options.memtable_insert_with_hint_prefix_extractor: nullptr
2019/03/23-13:21:41.228835 7f9bca9d3700             Options.num_levels: 7
2019/03/23-13:21:41.228836 7f9bca9d3700        Options.min_write_buffer_number_to_merge: 2
2019/03/23-13:21:41.228837 7f9bca9d3700     Options.max_write_buffer_number_to_maintain: 0
2019/03/23-13:21:41.228838 7f9bca9d3700            Options.compression_opts.window_bits: -14
2019/03/23-13:21:41.228839 7f9bca9d3700                  Options.compression_opts.level: -1
2019/03/23-13:21:41.228840 7f9bca9d3700               Options.compression_opts.strategy: 0
2019/03/23-13:21:41.228841 7f9bca9d3700         Options.compression_opts.max_dict_bytes: 0
2019/03/23-13:21:41.228841 7f9bca9d3700         Options.compression_opts.zstd_max_train_bytes: 0
2019/03/23-13:21:41.228842 7f9bca9d3700      Options.level0_file_num_compaction_trigger: 2
2019/03/23-13:21:41.228843 7f9bca9d3700          Options.level0_slowdown_writes_trigger: 20
2019/03/23-13:21:41.228844 7f9bca9d3700              Options.level0_stop_writes_trigger: 36
2019/03/23-13:21:41.228845 7f9bca9d3700                   Options.target_file_size_base: 67108864
2019/03/23-13:21:41.228846 7f9bca9d3700             Options.target_file_size_multiplier: 1
2019/03/23-13:21:41.228847 7f9bca9d3700                Options.max_bytes_for_level_base: 536870912
2019/03/23-13:21:41.228847 7f9bca9d3700 Options.level_compaction_dynamic_level_bytes: 0
2019/03/23-13:21:41.228848 7f9bca9d3700          Options.max_bytes_for_level_multiplier: 10.000000
2019/03/23-13:21:41.228852 7f9bca9d3700 Options.max_bytes_for_level_multiplier_addtl[0]: 1
2019/03/23-13:21:41.228854 7f9bca9d3700 Options.max_bytes_for_level_multiplier_addtl[1]: 1
2019/03/23-13:21:41.228855 7f9bca9d3700 Options.max_bytes_for_level_multiplier_addtl[2]: 1
2019/03/23-13:21:41.228855 7f9bca9d3700 Options.max_bytes_for_level_multiplier_addtl[3]: 1
2019/03/23-13:21:41.228856 7f9bca9d3700 Options.max_bytes_for_level_multiplier_addtl[4]: 1
2019/03/23-13:21:41.228857 7f9bca9d3700 Options.max_bytes_for_level_multiplier_addtl[5]: 1
2019/03/23-13:21:41.228858 7f9bca9d3700 Options.max_bytes_for_level_multiplier_addtl[6]: 1
2019/03/23-13:21:41.228859 7f9bca9d3700       Options.max_sequential_skip_in_iterations: 8
2019/03/23-13:21:41.228860 7f9bca9d3700                    Options.max_compaction_bytes: 1677721600
2019/03/23-13:21:41.228867 7f9bca9d3700                        Options.arena_block_size: 16777216
2019/03/23-13:21:41.228869 7f9bca9d3700   Options.soft_pending_compaction_bytes_limit: 68719476736
2019/03/23-13:21:41.228870 7f9bca9d3700   Options.hard_pending_compaction_bytes_limit: 274877906944
2019/03/23-13:21:41.228871 7f9bca9d3700       Options.rate_limit_delay_max_milliseconds: 100
2019/03/23-13:21:41.228872 7f9bca9d3700                Options.disable_auto_compactions: 0
2019/03/23-13:21:41.228873 7f9bca9d3700                        Options.compaction_style: kCompactionStyleLevel
2019/03/23-13:21:41.228875 7f9bca9d3700                          Options.compaction_pri: kByCompensatedSize
2019/03/23-13:21:41.228876 7f9bca9d3700 Options.compaction_options_universal.size_ratio: 1
2019/03/23-13:21:41.228877 7f9bca9d3700 Options.compaction_options_universal.min_merge_width: 2
2019/03/23-13:21:41.228878 7f9bca9d3700 Options.compaction_options_universal.max_merge_width: 4294967295
2019/03/23-13:21:41.228879 7f9bca9d3700 Options.compaction_options_universal.max_size_amplification_percent: 200
2019/03/23-13:21:41.228879 7f9bca9d3700 Options.compaction_options_universal.compression_size_percent: -1
2019/03/23-13:21:41.228881 7f9bca9d3700 Options.compaction_options_universal.stop_style: kCompactionStopStyleTotalSize
2019/03/23-13:21:41.228882 7f9bca9d3700 Options.compaction_options_fifo.max_table_files_size: 1073741824
2019/03/23-13:21:41.228883 7f9bca9d3700 Options.compaction_options_fifo.allow_compaction: 0
2019/03/23-13:21:41.228884 7f9bca9d3700 Options.compaction_options_fifo.ttl: 0
2019/03/23-13:21:41.228885 7f9bca9d3700                   Options.table_properties_collectors: 
2019/03/23-13:21:41.228886 7f9bca9d3700                   Options.inplace_update_support: 0
2019/03/23-13:21:41.228887 7f9bca9d3700                 Options.inplace_update_num_locks: 10000
2019/03/23-13:21:41.228887 7f9bca9d3700               Options.memtable_prefix_bloom_size_ratio: 0.000000
2019/03/23-13:21:41.228889 7f9bca9d3700   Options.memtable_huge_page_size: 0
2019/03/23-13:21:41.228890 7f9bca9d3700                           Options.bloom_locality: 0
2019/03/23-13:21:41.228891 7f9bca9d3700                    Options.max_successive_merges: 0
2019/03/23-13:21:41.228892 7f9bca9d3700                Options.optimize_filters_for_hits: 0
2019/03/23-13:21:41.228892 7f9bca9d3700                Options.paranoid_file_checks: 0
2019/03/23-13:21:41.228893 7f9bca9d3700                Options.force_consistency_checks: 0
2019/03/23-13:21:41.228894 7f9bca9d3700                Options.report_bg_io_stats: 0
2019/03/23-13:21:41.228895 7f9bca9d3700                               Options.ttl: 0
2019/03/23-13:21:41.229212 7f9bca9d3700 [db/column_family.cc:475] --------------- Options for column family [usertable]:
2019/03/23-13:21:41.229215 7f9bca9d3700               Options.comparator: leveldb.BytewiseComparator
2019/03/23-13:21:41.229216 7f9bca9d3700           Options.merge_operator: None
2019/03/23-13:21:41.229217 7f9bca9d3700        Options.compaction_filter: None
2019/03/23-13:21:41.229218 7f9bca9d3700        Options.compaction_filter_factory: None
2019/03/23-13:21:41.229219 7f9bca9d3700         Options.memtable_factory: SkipListFactory
2019/03/23-13:21:41.229220 7f9bca9d3700            Options.table_factory: BlockBasedTable
2019/03/23-13:21:41.229247 7f9bca9d3700            table_factory options:   flush_block_policy_factory: FlushBlockBySizePolicyFactory (0x7f9ad03d4b90)
  cache_index_and_filter_blocks: 0
  cache_index_and_filter_blocks_with_high_priority: 0
  pin_l0_filter_and_index_blocks_in_cache: 0
  index_type: 0
  hash_index_allow_collision: 1
  checksum: 1
  no_block_cache: 0
  block_cache: 0x7f9ad03d3260
  block_cache_name: LRUCache
  block_cache_options:
    capacity : 8388608
    num_shard_bits : 4
    strict_capacity_limit : 0
    high_pri_pool_ratio: 0.000
  block_cache_compressed: (nil)
  persistent_cache: (nil)
  block_size: 8192
  block_size_deviation: 10
  block_restart_interval: 16
  index_block_restart_interval: 1
  metadata_block_size: 4096
  partition_filters: 0
  use_delta_encoding: 1
  filter_policy: nullptr
  whole_key_filtering: 1
  verify_compression: 0
  read_amp_bytes_per_bit: 0
  format_version: 2
  enable_index_compression: 1
  block_align: 0
2019/03/23-13:21:41.229260 7f9bca9d3700        Options.write_buffer_size: 134217728
2019/03/23-13:21:41.229262 7f9bca9d3700  Options.max_write_buffer_number: 24
2019/03/23-13:21:41.229263 7f9bca9d3700        Options.compression[0]: NoCompression
2019/03/23-13:21:41.229264 7f9bca9d3700        Options.compression[1]: NoCompression
2019/03/23-13:21:41.229265 7f9bca9d3700        Options.compression[2]: LZ4
2019/03/23-13:21:41.229266 7f9bca9d3700        Options.compression[3]: LZ4
2019/03/23-13:21:41.229267 7f9bca9d3700        Options.compression[4]: LZ4
2019/03/23-13:21:41.229268 7f9bca9d3700        Options.compression[5]: LZ4
2019/03/23-13:21:41.229269 7f9bca9d3700        Options.compression[6]: LZ4
2019/03/23-13:21:41.229270 7f9bca9d3700                  Options.bottommost_compression: Disabled
2019/03/23-13:21:41.229271 7f9bca9d3700       Options.prefix_extractor: nullptr
2019/03/23-13:21:41.229272 7f9bca9d3700   Options.memtable_insert_with_hint_prefix_extractor: nullptr
2019/03/23-13:21:41.229273 7f9bca9d3700             Options.num_levels: 7
2019/03/23-13:21:41.229274 7f9bca9d3700        Options.min_write_buffer_number_to_merge: 2
2019/03/23-13:21:41.229274 7f9bca9d3700     Options.max_write_buffer_number_to_maintain: 0
2019/03/23-13:21:41.229275 7f9bca9d3700            Options.compression_opts.window_bits: -14
2019/03/23-13:21:41.229276 7f9bca9d3700                  Options.compression_opts.level: -1
2019/03/23-13:21:41.229277 7f9bca9d3700               Options.compression_opts.strategy: 0
2019/03/23-13:21:41.229278 7f9bca9d3700         Options.compression_opts.max_dict_bytes: 0
2019/03/23-13:21:41.229279 7f9bca9d3700         Options.compression_opts.zstd_max_train_bytes: 0
2019/03/23-13:21:41.229280 7f9bca9d3700      Options.level0_file_num_compaction_trigger: 2
2019/03/23-13:21:41.229280 7f9bca9d3700          Options.level0_slowdown_writes_trigger: 20
2019/03/23-13:21:41.229281 7f9bca9d3700              Options.level0_stop_writes_trigger: 36
2019/03/23-13:21:41.229282 7f9bca9d3700                   Options.target_file_size_base: 67108864
2019/03/23-13:21:41.229283 7f9bca9d3700             Options.target_file_size_multiplier: 1
2019/03/23-13:21:41.229284 7f9bca9d3700                Options.max_bytes_for_level_base: 536870912
2019/03/23-13:21:41.229285 7f9bca9d3700 Options.level_compaction_dynamic_level_bytes: 0
2019/03/23-13:21:41.229286 7f9bca9d3700          Options.max_bytes_for_level_multiplier: 10.000000
2019/03/23-13:21:41.229288 7f9bca9d3700 Options.max_bytes_for_level_multiplier_addtl[0]: 1
2019/03/23-13:21:41.229289 7f9bca9d3700 Options.max_bytes_for_level_multiplier_addtl[1]: 1
2019/03/23-13:21:41.229290 7f9bca9d3700 Options.max_bytes_for_level_multiplier_addtl[2]: 1
2019/03/23-13:21:41.229291 7f9bca9d3700 Options.max_bytes_for_level_multiplier_addtl[3]: 1
2019/03/23-13:21:41.229292 7f9bca9d3700 Options.max_bytes_for_level_multiplier_addtl[4]: 1
2019/03/23-13:21:41.229292 7f9bca9d3700 Options.max_bytes_for_level_multiplier_addtl[5]: 1
2019/03/23-13:21:41.229293 7f9bca9d3700 Options.max_bytes_for_level_multiplier_addtl[6]: 1
2019/03/23-13:21:41.229294 7f9bca9d3700       Options.max_sequential_skip_in_iterations: 8
2019/03/23-13:21:41.229295 7f9bca9d3700                    Options.max_compaction_bytes: 1677721600
2019/03/23-13:21:41.229296 7f9bca9d3700                        Options.arena_block_size: 16777216
2019/03/23-13:21:41.229297 7f9bca9d3700   Options.soft_pending_compaction_bytes_limit: 68719476736
2019/03/23-13:21:41.229298 7f9bca9d3700   Options.hard_pending_compaction_bytes_limit: 274877906944
2019/03/23-13:21:41.229299 7f9bca9d3700       Options.rate_limit_delay_max_milliseconds: 100
2019/03/23-13:21:41.229299 7f9bca9d3700                Options.disable_auto_compactions: 0
2019/03/23-13:21:41.229301 7f9bca9d3700                        Options.compaction_style: kCompactionStyleLevel
2019/03/23-13:21:41.229308 7f9bca9d3700                          Options.compaction_pri: kByCompensatedSize
2019/03/23-13:21:41.229309 7f9bca9d3700 Options.compaction_options_universal.size_ratio: 1
2019/03/23-13:21:41.229310 7f9bca9d3700 Options.compaction_options_universal.min_merge_width: 2
2019/03/23-13:21:41.229311 7f9bca9d3700 Options.compaction_options_universal.max_merge_width: 4294967295
2019/03/23-13:21:41.229312 7f9bca9d3700 Options.compaction_options_universal.max_size_amplification_percent: 200
2019/03/23-13:21:41.229313 7f9bca9d3700 Options.compaction_options_universal.compression_size_percent: -1
2019/03/23-13:21:41.229314 7f9bca9d3700 Options.compaction_options_universal.stop_style: kCompactionStopStyleTotalSize
2019/03/23-13:21:41.229315 7f9bca9d3700 Options.compaction_options_fifo.max_table_files_size: 1073741824
2019/03/23-13:21:41.229316 7f9bca9d3700 Options.compaction_options_fifo.allow_compaction: 0
2019/03/23-13:21:41.229317 7f9bca9d3700 Options.compaction_options_fifo.ttl: 0
2019/03/23-13:21:41.229317 7f9bca9d3700                   Options.table_properties_collectors: 
2019/03/23-13:21:41.229318 7f9bca9d3700                   Options.inplace_update_support: 0
2019/03/23-13:21:41.229319 7f9bca9d3700                 Options.inplace_update_num_locks: 10000
2019/03/23-13:21:41.229320 7f9bca9d3700               Options.memtable_prefix_bloom_size_ratio: 0.000000
2019/03/23-13:21:41.229322 7f9bca9d3700   Options.memtable_huge_page_size: 0
2019/03/23-13:21:41.229323 7f9bca9d3700                           Options.bloom_locality: 0
2019/03/23-13:21:41.229323 7f9bca9d3700                    Options.max_successive_merges: 0
2019/03/23-13:21:41.229324 7f9bca9d3700                Options.optimize_filters_for_hits: 0
2019/03/23-13:21:41.229325 7f9bca9d3700                Options.paranoid_file_checks: 0
2019/03/23-13:21:41.229326 7f9bca9d3700                Options.force_consistency_checks: 0
2019/03/23-13:21:41.229327 7f9bca9d3700                Options.report_bg_io_stats: 0
2019/03/23-13:21:41.229328 7f9bca9d3700                               Options.ttl: 0
2019/03/23-13:21:41.735875 7f9bca9d3700 [db/version_set.cc:3361] Recovered from manifest file:/mnt/sdh/ycsb-rocksdb-data/MANIFEST-000004 succeeded,manifest_file_number is 4, next_file_number is 1364, last_sequence is 10415522, log_number is 0,prev_log_number is 0,max_column_family is 1,min_log_number_to_keep is 0
2019/03/23-13:21:41.735886 7f9bca9d3700 [db/version_set.cc:3369] Column family [default] (ID 0), log number is 0
2019/03/23-13:21:41.735888 7f9bca9d3700 [db/version_set.cc:3369] Column family [usertable] (ID 1), log number is 1357
2019/03/23-13:21:41.738058 7f9bca9d3700 EVENT_LOG_v1 {"time_micros": 1553372501738039, "job": 1, "event": "recovery_started", "log_files": [1357, 1363]}
2019/03/23-13:21:41.738065 7f9bca9d3700 [db/db_impl_open.cc:551] Recovering log #1357 mode 2
2019/03/23-13:21:42.047913 7f9bca9d3700 [db/db_impl_open.cc:551] Recovering log #1363 mode 2
2019/03/23-13:21:43.346841 7f9bca9d3700 EVENT_LOG_v1 {"time_micros": 1553372503346810, "cf_name": "usertable", "job": 1, "event": "table_file_creation", "file_number": 1364, "file_size": 129899461, "table_properties": {"data_size": 129322018, "index_size": 576521, "filter_size": 0, "raw_key_size": 752784, "raw_average_key_size": 24, "raw_value_size": 128475136, "raw_average_value_size": 4096, "num_data_blocks": 15683, "num_entries": 31366, "filter_policy_name": "", "kDeletedKeys": "0", "kMergeOperands": "0"}}
2019/03/23-13:21:43.965253 7f9bca9d3700 [db/version_set.cc:2847] Creating manifest 1365
2019/03/23-13:21:44.415312 7f9bca9d3700 EVENT_LOG_v1 {"time_micros": 1553372504415280, "cf_name": "usertable", "job": 1, "event": "table_file_creation", "file_number": 1366, "file_size": 67161594, "table_properties": {"data_size": 66862705, "index_size": 297968, "filter_size": 0, "raw_key_size": 389208, "raw_average_key_size": 24, "raw_value_size": 66424832, "raw_average_value_size": 4096, "num_data_blocks": 8109, "num_entries": 16217, "filter_policy_name": "", "kDeletedKeys": "0", "kMergeOperands": "0"}}
2019/03/23-13:21:44.446233 7f9bca9d3700 EVENT_LOG_v1 {"time_micros": 1553372504446224, "job": 1, "event": "recovery_finished"}
2019/03/23-13:21:44.519303 7f9bca9d3700 [db/db_impl_open.cc:1219] DB pointer 0x7f9ad03d0a10
2019/03/23-13:21:44.519785 7f9bc9753700 [WARN] [db/db_impl.cc:491] ------- DUMPING STATS -------
2019/03/23-13:21:44.519836 7f9bc9753700 [WARN] [db/db_impl.cc:492] 
** DB Stats **
Uptime(secs): 3.3 total, 3.3 interval
Cumulative writes: 0 writes, 0 keys, 0 commit groups, 0.0 writes per commit group, ingest: 0.00 GB, 0.00 MB/s
Cumulative WAL: 0 writes, 0 syncs, 0.00 writes per sync, written: 0.00 GB, 0.00 MB/s
Cumulative stall: 00:00:0.000 H:M:S, 0.0 percent
Interval writes: 0 writes, 0 keys, 0 commit groups, 0.0 writes per commit group, ingest: 0.00 MB, 0.00 MB/s
Interval WAL: 0 writes, 0 syncs, 0.00 writes per sync, written: 0.00 MB, 0.00 MB/s
Interval stall: 00:00:0.000 H:M:S, 0.0 percent

** Compaction Stats [default] **
Level    Files   Size     Score Read(GB)  Rn(GB) Rnp1(GB) Write(GB) Wnew(GB) Moved(GB) W-Amp Rd(MB/s) Wr(MB/s) Comp(sec) Comp(cnt) Avg(sec) KeyIn KeyDrop
----------------------------------------------------------------------------------------------------------------------------------------------------------
 Sum      0/0    0.00 KB   0.0      0.0     0.0      0.0       0.0      0.0       0.0   0.0      0.0      0.0         0         0    0.000       0      0
 Int      0/0    0.00 KB   0.0      0.0     0.0      0.0       0.0      0.0       0.0   0.0      0.0      0.0         0         0    0.000       0      0
Uptime(secs): 3.3 total, 3.3 interval
Flush(GB): cumulative 0.000, interval 0.000
AddFile(GB): cumulative 0.000, interval 0.000
AddFile(Total Files): cumulative 0, interval 0
AddFile(L0 Files): cumulative 0, interval 0
AddFile(Keys): cumulative 0, interval 0
Cumulative compaction: 0.00 GB write, 0.00 MB/s write, 0.00 GB read, 0.00 MB/s read, 0.0 seconds
Interval compaction: 0.00 GB write, 0.00 MB/s write, 0.00 GB read, 0.00 MB/s read, 0.0 seconds
Stalls(count): 0 level0_slowdown, 0 level0_slowdown_with_compaction, 0 level0_numfiles, 0 level0_numfiles_with_compaction, 0 stop for pending_compaction_bytes, 0 slowdown for pending_compaction_bytes, 0 memtable_compaction, 0 memtable_slowdown, interval 0 total count

** File Read Latency Histogram By Level [default] **

** Compaction Stats [usertable] **
Level    Files   Size     Score Read(GB)  Rn(GB) Rnp1(GB) Write(GB) Wnew(GB) Moved(GB) W-Amp Rd(MB/s) Wr(MB/s) Comp(sec) Comp(cnt) Avg(sec) KeyIn KeyDrop
----------------------------------------------------------------------------------------------------------------------------------------------------------
  L0      3/0   363.30 MB   1.5      0.0     0.0      0.0       0.2      0.2       0.0   1.0      0.0    119.0         2         2    0.790       0      0
  L1      8/0   472.33 MB   0.9      0.0     0.0      0.0       0.0      0.0       0.0   0.0      0.0      0.0         0         0    0.000       0      0
  L2    169/0    4.99 GB   1.0      0.0     0.0      0.0       0.0      0.0       0.0   0.0      0.0      0.0         0         0    0.000       0      0
  L3    549/0   34.38 GB   0.7      0.0     0.0      0.0       0.0      0.0       0.0   0.0      0.0      0.0         0         0    0.000       0      0
 Sum    729/0   40.18 GB   0.0      0.0     0.0      0.0       0.2      0.2       0.0   1.0      0.0    119.0         2         2    0.790       0      0
 Int      0/0    0.00 KB   0.0      0.0     0.0      0.0       0.2      0.2       0.0   1.0      0.0    119.0         2         2    0.790       0      0
Uptime(secs): 3.3 total, 3.3 interval
Flush(GB): cumulative 0.184, interval 0.184
AddFile(GB): cumulative 0.000, interval 0.000
AddFile(Total Files): cumulative 0, interval 0
AddFile(L0 Files): cumulative 0, interval 0
AddFile(Keys): cumulative 0, interval 0
Cumulative compaction: 0.18 GB write, 57.11 MB/s write, 0.00 GB read, 0.00 MB/s read, 1.6 seconds
Interval compaction: 0.18 GB write, 57.11 MB/s write, 0.00 GB read, 0.00 MB/s read, 1.6 seconds
Stalls(count): 0 level0_slowdown, 0 level0_slowdown_with_compaction, 0 level0_numfiles, 0 level0_numfiles_with_compaction, 0 stop for pending_compaction_bytes, 0 slowdown for pending_compaction_bytes, 0 memtable_compaction, 0 memtable_slowdown, interval 0 total count

** File Read Latency Histogram By Level [usertable] **

** Compaction Stats [default] **
Level    Files   Size     Score Read(GB)  Rn(GB) Rnp1(GB) Write(GB) Wnew(GB) Moved(GB) W-Amp Rd(MB/s) Wr(MB/s) Comp(sec) Comp(cnt) Avg(sec) KeyIn KeyDrop
----------------------------------------------------------------------------------------------------------------------------------------------------------
 Sum      0/0    0.00 KB   0.0      0.0     0.0      0.0       0.0      0.0       0.0   0.0      0.0      0.0         0         0    0.000       0      0
 Int      0/0    0.00 KB   0.0      0.0     0.0      0.0       0.0      0.0       0.0   0.0      0.0      0.0         0         0    0.000       0      0
Uptime(secs): 3.3 total, 0.0 interval
Flush(GB): cumulative 0.000, interval 0.000
AddFile(GB): cumulative 0.000, interval 0.000
AddFile(Total Files): cumulative 0, interval 0
AddFile(L0 Files): cumulative 0, interval 0
AddFile(Keys): cumulative 0, interval 0
Cumulative compaction: 0.00 GB write, 0.00 MB/s write, 0.00 GB read, 0.00 MB/s read, 0.0 seconds
Interval compaction: 0.00 GB write, 0.00 MB/s write, 0.00 GB read, 0.00 MB/s read, 0.0 seconds
Stalls(count): 0 level0_slowdown, 0 level0_slowdown_with_compaction, 0 level0_numfiles, 0 level0_numfiles_with_compaction, 0 stop for pending_compaction_bytes, 0 slowdown for pending_compaction_bytes, 0 memtable_compaction, 0 memtable_slowdown, interval 0 total count

** File Read Latency Histogram By Level [default] **

** Compaction Stats [usertable] **
Level    Files   Size     Score Read(GB)  Rn(GB) Rnp1(GB) Write(GB) Wnew(GB) Moved(GB) W-Amp Rd(MB/s) Wr(MB/s) Comp(sec) Comp(cnt) Avg(sec) KeyIn KeyDrop
----------------------------------------------------------------------------------------------------------------------------------------------------------
  L0      3/0   363.30 MB   1.5      0.0     0.0      0.0       0.2      0.2       0.0   1.0      0.0    119.0         2         2    0.790       0      0
  L1      8/0   472.33 MB   0.9      0.0     0.0      0.0       0.0      0.0       0.0   0.0      0.0      0.0         0         0    0.000       0      0
  L2    169/0    4.99 GB   1.0      0.0     0.0      0.0       0.0      0.0       0.0   0.0      0.0      0.0         0         0    0.000       0      0
  L3    549/0   34.38 GB   0.7      0.0     0.0      0.0       0.0      0.0       0.0   0.0      0.0      0.0         0         0    0.000       0      0
 Sum    729/0   40.18 GB   0.0      0.0     0.0      0.0       0.2      0.2       0.0   1.0      0.0    119.0         2         2    0.790       0      0
 Int      0/0    0.00 KB   0.0      0.0     0.0      0.0       0.0      0.0       0.0   0.0      0.0      0.0         0         0    0.000       0      0
Uptime(secs): 3.3 total, 0.0 interval
Flush(GB): cumulative 0.184, interval 0.000
AddFile(GB): cumulative 0.000, interval 0.000
AddFile(Total Files): cumulative 0, interval 0
AddFile(L0 Files): cumulative 0, interval 0
AddFile(Keys): cumulative 0, interval 0
Cumulative compaction: 0.18 GB write, 57.11 MB/s write, 0.00 GB read, 0.00 MB/s read, 1.6 seconds
Interval compaction: 0.00 GB write, 0.00 MB/s write, 0.00 GB read, 0.00 MB/s read, 0.0 seconds
Stalls(count): 0 level0_slowdown, 0 level0_slowdown_with_compaction, 0 level0_numfiles, 0 level0_numfiles_with_compaction, 0 stop for pending_compaction_bytes, 0 slowdown for pending_compaction_bytes, 0 memtable_compaction, 0 memtable_slowdown, interval 0 total count

** File Read Latency Histogram By Level [usertable] **
2019/03/23-13:21:44.551804 7f9bc9753700 (Original Log Time 2019/03/23-13:21:44.519999) [db/db_impl_compaction_flush.cc:1835] [usertable] Moving #990 to level-1 183884087 bytes
2019/03/23-13:21:44.551809 7f9bc9753700 (Original Log Time 2019/03/23-13:21:44.551707) EVENT_LOG_v1 {"time_micros": 1553372504551695, "job": 3, "event": "trivial_move", "destination_level": 1, "files": 1, "total_files_size": 183884087}
2019/03/23-13:21:44.551811 7f9bc9753700 (Original Log Time 2019/03/23-13:21:44.551722) [db/db_impl_compaction_flush.cc:1864] [usertable] Moved #1 files to level-1 183884087 bytes OK: base level 1 max bytes base 536870912 files[2 9 169 549 0 0 0] max score 1.27
2019/03/23-13:21:44.551912 7f9bc9753700 [db/compaction_job.cc:1531] [usertable] [JOB 4] Compacting 1@1 files to L2, score 1.27
2019/03/23-13:21:44.551920 7f9bc9753700 [db/compaction_job.cc:1535] [usertable] Compaction start summary: Base version 6 Base level 1, inputs: [990(175MB)]
2019/03/23-13:21:44.551942 7f9bc9753700 EVENT_LOG_v1 {"time_micros": 1553372504551926, "job": 4, "event": "compaction_started", "compaction_reason": "LevelMaxLevelSize", "files_L1": [990], "score": 1.26503, "input_data_size": 183884087}
2019/03/23-13:21:45.419646 7f9bc9753700 [db/compaction_job.cc:1211] [usertable] [JOB 4] Generated table #1370: 16279 keys, 67233575 bytes
2019/03/23-13:21:45.419721 7f9bc9753700 EVENT_LOG_v1 {"time_micros": 1553372505419694, "cf_name": "usertable", "job": 4, "event": "table_file_creation", "file_number": 1370, "file_size": 67233575, "table_properties": {"data_size": 67120140, "index_size": 300916, "filter_size": 0, "raw_key_size": 390696, "raw_average_key_size": 24, "raw_value_size": 66678784, "raw_average_value_size": 4096, "num_data_blocks": 8140, "num_entries": 16279, "filter_policy_name": "", "kDeletedKeys": "0", "kMergeOperands": "0"}}
2019/03/23-13:21:46.296792 7f9bc9753700 [db/compaction_job.cc:1211] [usertable] [JOB 4] Generated table #1371: 16279 keys, 67233380 bytes
2019/03/23-13:21:46.296836 7f9bc9753700 EVENT_LOG_v1 {"time_micros": 1553372506296818, "cf_name": "usertable", "job": 4, "event": "table_file_creation", "file_number": 1371, "file_size": 67233380, "table_properties": {"data_size": 67118331, "index_size": 299106, "filter_size": 0, "raw_key_size": 390696, "raw_average_key_size": 24, "raw_value_size": 66678784, "raw_average_value_size": 4096, "num_data_blocks": 8140, "num_entries": 16279, "filter_policy_name": "", "kDeletedKeys": "0", "kMergeOperands": "0"}}
2019/03/23-13:21:46.845638 7f9bc9753700 [db/compaction_job.cc:1211] [usertable] [JOB 4] Generated table #1372: 11841 keys, 48904547 bytes
2019/03/23-13:21:46.845680 7f9bc9753700 EVENT_LOG_v1 {"time_micros": 1553372506845663, "cf_name": "usertable", "job": 4, "event": "table_file_creation", "file_number": 1372, "file_size": 48904547, "table_properties": {"data_size": 48821771, "index_size": 218813, "filter_size": 0, "raw_key_size": 284184, "raw_average_key_size": 24, "raw_value_size": 48500736, "raw_average_value_size": 4096, "num_data_blocks": 5921, "num_entries": 11841, "filter_policy_name": "", "kDeletedKeys": "0", "kMergeOperands": "0"}}
2019/03/23-13:21:46.845742 7f9bc9753700 [db/compaction_job.cc:1287] [usertable] [JOB 4] Compacted 1@1 files to L2 => 183371502 bytes
2019/03/23-13:21:46.880776 7f9bc9753700 (Original Log Time 2019/03/23-13:21:46.880629) [db/compaction_job.cc:685] [usertable] compacted to: base level 1 max bytes base 536870912 files[2 8 172 549 0 0 0] max score 1.03, MB/sec: 80.2 rd, 79.9 wr, level 2, files in(1, 0) out(3) MB in(175.4, 0.0) out(174.9), read-write-amplify(2.0) write-amplify(1.0) OK, records in: 44399, records dropped: 0 output_compression: LZ4
2019/03/23-13:21:46.880785 7f9bc9753700 (Original Log Time 2019/03/23-13:21:46.880682) EVENT_LOG_v1 {"time_micros": 1553372506880665, "job": 4, "event": "compaction_finished", "compaction_time_micros": 2293764, "output_level": 2, "num_output_files": 3, "total_output_size": 183371502, "num_input_records": 44399, "num_output_records": 44399, "num_subcompactions": 1, "output_compression": "LZ4", "num_single_delete_mismatches": 0, "num_single_delete_fallthrough": 0, "lsm_state": [2, 8, 172, 549, 0, 0, 0]}
2019/03/23-13:21:46.913073 7f9bc9753700 (Original Log Time 2019/03/23-13:21:46.881010) [db/db_impl_compaction_flush.cc:1835] [usertable] Moving #1370 to level-3 67233575 bytes
2019/03/23-13:21:46.913089 7f9bc9753700 (Original Log Time 2019/03/23-13:21:46.913011) EVENT_LOG_v1 {"time_micros": 1553372506913001, "job": 5, "event": "trivial_move", "destination_level": 3, "files": 1, "total_files_size": 67233575}
2019/03/23-13:21:46.913091 7f9bc9753700 (Original Log Time 2019/03/23-13:21:46.913025) [db/db_impl_compaction_flush.cc:1864] [usertable] Moved #1 files to level-3 67233575 bytes OK: base level 1 max bytes base 536870912 files[2 8 171 550 0 0 0] max score 1.02
2019/03/23-13:21:46.931267 7f9bc9753700 EVENT_LOG_v1 {"time_micros": 1553372506931258, "job": 5, "event": "table_file_deletion", "file_number": 990}
2019/03/23-13:21:46.963615 7f9bb3fff700 (Original Log Time 2019/03/23-13:21:46.931469) [db/db_impl_compaction_flush.cc:1835] [usertable] Moving #1371 to level-3 67233380 bytes
2019/03/23-13:21:46.963620 7f9bb3fff700 (Original Log Time 2019/03/23-13:21:46.963516) EVENT_LOG_v1 {"time_micros": 1553372506963504, "job": 6, "event": "trivial_move", "destination_level": 3, "files": 1, "total_files_size": 67233380}
2019/03/23-13:21:46.963623 7f9bb3fff700 (Original Log Time 2019/03/23-13:21:46.963540) [db/db_impl_compaction_flush.cc:1864] [usertable] Moved #1 files to level-3 67233380 bytes OK: base level 1 max bytes base 536870912 files[2 8 170 551 0 0 0] max score 1.01
2019/03/23-13:21:46.997845 7f9bb3fff700 (Original Log Time 2019/03/23-13:21:46.963896) [db/db_impl_compaction_flush.cc:1835] [usertable] Moving #96 to level-3 67233319 bytes
2019/03/23-13:21:46.997853 7f9bb3fff700 (Original Log Time 2019/03/23-13:21:46.997747) EVENT_LOG_v1 {"time_micros": 1553372506997734, "job": 7, "event": "trivial_move", "destination_level": 3, "files": 1, "total_files_size": 67233319}
2019/03/23-13:21:46.997856 7f9bb3fff700 (Original Log Time 2019/03/23-13:21:46.997765) [db/db_impl_compaction_flush.cc:1864] [usertable] Moved #1 files to level-3 67233319 bytes OK: base level 1 max bytes base 536870912 files[2 8 169 552 0 0 0] max score 1.00
2019/03/23-13:21:47.030902 7f9bb3fff700 (Original Log Time 2019/03/23-13:21:46.998119) [db/db_impl_compaction_flush.cc:1835] [usertable] Moving #1364 to level-1 129899461 bytes
2019/03/23-13:21:47.030907 7f9bb3fff700 (Original Log Time 2019/03/23-13:21:47.030841) EVENT_LOG_v1 {"time_micros": 1553372507030831, "job": 8, "event": "trivial_move", "destination_level": 1, "files": 1, "total_files_size": 129899461}
2019/03/23-13:21:47.030909 7f9bb3fff700 (Original Log Time 2019/03/23-13:21:47.030855) [db/db_impl_compaction_flush.cc:1864] [usertable] Moved #1 files to level-1 129899461 bytes OK: base level 1 max bytes base 536870912 files[1 9 169 552 0 0 0] max score 1.16
2019/03/23-13:21:47.031134 7f9bb2ffd700 [db/compaction_job.cc:1531] [usertable] [JOB 9] Compacting 1@1 files to L2, score 1.16
2019/03/23-13:21:47.031145 7f9bb2ffd700 [db/compaction_job.cc:1535] [usertable] Compaction start summary: Base version 11 Base level 1, inputs: [1364(123MB)]
