2019/03/23-11:21:40.903736 7fa2901bd700 RocksDB version: 5.14.3
2019/03/23-11:21:40.903805 7fa2901bd700 Git sha rocksdb_build_git_sha:
2019/03/23-11:21:40.903808 7fa2901bd700 Compile date Oct  9 2018
2019/03/23-11:21:40.903817 7fa2901bd700 DB SUMMARY
2019/03/23-11:21:40.904419 7fa2901bd700 CURRENT file:  CURRENT
2019/03/23-11:21:40.904422 7fa2901bd700 IDENTITY file:  IDENTITY
2019/03/23-11:21:40.904432 7fa2901bd700 MANIFEST file:  MANIFEST-000004 size: 132546 Bytes
2019/03/23-11:21:40.904435 7fa2901bd700 SST files in /mnt/sdh/ycsb-rocksdb-data dir, Total Num: 729, files: 000021.sst 000022.sst 000023.sst 000024.sst 000028.sst 000029.sst 000030.sst 000031.sst 000035.sst 
2019/03/23-11:21:40.904440 7fa2901bd700 Write Ahead Log file in /mnt/sdh/ycsb-rocksdb-data: 001368.log size: 113454999 ; 001374.log size: 28443368 ; 
2019/03/23-11:21:40.904466 7fa2901bd700                         Options.error_if_exists: 0
2019/03/23-11:21:40.904467 7fa2901bd700                       Options.create_if_missing: 1
2019/03/23-11:21:40.904468 7fa2901bd700                         Options.paranoid_checks: 1
2019/03/23-11:21:40.904469 7fa2901bd700                                     Options.env: 0x7fa227ffb080
2019/03/23-11:21:40.904470 7fa2901bd700                                Options.info_log: 0x7fa22c3f8aa0
2019/03/23-11:21:40.904471 7fa2901bd700                Options.max_file_opening_threads: 16
2019/03/23-11:21:40.904472 7fa2901bd700                              Options.statistics: (nil)
2019/03/23-11:21:40.904473 7fa2901bd700                               Options.use_fsync: 0
2019/03/23-11:21:40.904474 7fa2901bd700                       Options.max_log_file_size: 0
2019/03/23-11:21:40.904475 7fa2901bd700                  Options.max_manifest_file_size: 18446744073709551615
2019/03/23-11:21:40.904476 7fa2901bd700                   Options.log_file_time_to_roll: 0
2019/03/23-11:21:40.904477 7fa2901bd700                       Options.keep_log_file_num: 1000
2019/03/23-11:21:40.904477 7fa2901bd700                    Options.recycle_log_file_num: 0
2019/03/23-11:21:40.904478 7fa2901bd700                         Options.allow_fallocate: 1
2019/03/23-11:21:40.904479 7fa2901bd700                        Options.allow_mmap_reads: 0
2019/03/23-11:21:40.904480 7fa2901bd700                       Options.allow_mmap_writes: 0
2019/03/23-11:21:40.904481 7fa2901bd700                        Options.use_direct_reads: 0
2019/03/23-11:21:40.904482 7fa2901bd700                        Options.use_direct_io_for_flush_and_compaction: 0
2019/03/23-11:21:40.904483 7fa2901bd700          Options.create_missing_column_families: 1
2019/03/23-11:21:40.904484 7fa2901bd700                              Options.db_log_dir: 
2019/03/23-11:21:40.904485 7fa2901bd700                                 Options.wal_dir: /mnt/sdh/ycsb-rocksdb-data
2019/03/23-11:21:40.904486 7fa2901bd700                Options.table_cache_numshardbits: 6
2019/03/23-11:21:40.904487 7fa2901bd700                      Options.max_subcompactions: 4
2019/03/23-11:21:40.904487 7fa2901bd700                  Options.max_background_flushes: 24
2019/03/23-11:21:40.904488 7fa2901bd700                         Options.WAL_ttl_seconds: 0
2019/03/23-11:21:40.904489 7fa2901bd700                       Options.WAL_size_limit_MB: 0
2019/03/23-11:21:40.904490 7fa2901bd700             Options.manifest_preallocation_size: 4194304
2019/03/23-11:21:40.904491 7fa2901bd700                     Options.is_fd_close_on_exec: 1
2019/03/23-11:21:40.904492 7fa2901bd700                   Options.advise_random_on_open: 1
2019/03/23-11:21:40.904493 7fa2901bd700                    Options.db_write_buffer_size: 0
2019/03/23-11:21:40.904494 7fa2901bd700                    Options.write_buffer_manager: 0x7fa22c3fcfa0
2019/03/23-11:21:40.904494 7fa2901bd700         Options.access_hint_on_compaction_start: 1
2019/03/23-11:21:40.904495 7fa2901bd700  Options.new_table_reader_for_compaction_inputs: 0
2019/03/23-11:21:40.904496 7fa2901bd700           Options.random_access_max_buffer_size: 1048576
2019/03/23-11:21:40.904497 7fa2901bd700                      Options.use_adaptive_mutex: 0
2019/03/23-11:21:40.904498 7fa2901bd700                            Options.rate_limiter: (nil)
2019/03/23-11:21:40.904511 7fa2901bd700     Options.sst_file_manager.rate_bytes_per_sec: 0
2019/03/23-11:21:40.904513 7fa2901bd700                       Options.wal_recovery_mode: 2
2019/03/23-11:21:40.904514 7fa2901bd700                  Options.enable_thread_tracking: 0
2019/03/23-11:21:40.904515 7fa2901bd700                  Options.enable_pipelined_write: 1
2019/03/23-11:21:40.904516 7fa2901bd700         Options.allow_concurrent_memtable_write: 1
2019/03/23-11:21:40.904517 7fa2901bd700      Options.enable_write_thread_adaptive_yield: 1
2019/03/23-11:21:40.904517 7fa2901bd700             Options.write_thread_max_yield_usec: 100
2019/03/23-11:21:40.904518 7fa2901bd700            Options.write_thread_slow_yield_usec: 3
2019/03/23-11:21:40.904519 7fa2901bd700                               Options.row_cache: None
2019/03/23-11:21:40.904520 7fa2901bd700                              Options.wal_filter: None
2019/03/23-11:21:40.904521 7fa2901bd700             Options.avoid_flush_during_recovery: 0
2019/03/23-11:21:40.904522 7fa2901bd700             Options.allow_ingest_behind: 0
2019/03/23-11:21:40.904523 7fa2901bd700             Options.preserve_deletes: 0
2019/03/23-11:21:40.904524 7fa2901bd700             Options.two_write_queues: 0
2019/03/23-11:21:40.904525 7fa2901bd700             Options.manual_wal_flush: 0
2019/03/23-11:21:40.904526 7fa2901bd700             Options.max_background_jobs: 24
2019/03/23-11:21:40.904527 7fa2901bd700             Options.max_background_compactions: 24
2019/03/23-11:21:40.904528 7fa2901bd700             Options.avoid_flush_during_shutdown: 0
2019/03/23-11:21:40.904529 7fa2901bd700           Options.writable_file_max_buffer_size: 1048576
2019/03/23-11:21:40.904530 7fa2901bd700             Options.delayed_write_rate : 16777216
2019/03/23-11:21:40.904531 7fa2901bd700             Options.max_total_wal_size: 0
2019/03/23-11:21:40.904532 7fa2901bd700             Options.delete_obsolete_files_period_micros: 21600000000
2019/03/23-11:21:40.904533 7fa2901bd700                   Options.stats_dump_period_sec: 60
2019/03/23-11:21:40.904534 7fa2901bd700                          Options.max_open_files: -1
2019/03/23-11:21:40.904535 7fa2901bd700                          Options.bytes_per_sync: 1048576
2019/03/23-11:21:40.904536 7fa2901bd700                      Options.wal_bytes_per_sync: 0
2019/03/23-11:21:40.904537 7fa2901bd700       Options.compaction_readahead_size: 0
2019/03/23-11:21:40.904537 7fa2901bd700 Compression algorithms supported:
2019/03/23-11:21:40.904539 7fa2901bd700 	kZSTDNotFinalCompression supported: 1
2019/03/23-11:21:40.904548 7fa2901bd700 	kZSTD supported: 1
2019/03/23-11:21:40.904549 7fa2901bd700 	kXpressCompression supported: 0
2019/03/23-11:21:40.904551 7fa2901bd700 	kLZ4HCCompression supported: 1
2019/03/23-11:21:40.904552 7fa2901bd700 	kLZ4Compression supported: 1
2019/03/23-11:21:40.904553 7fa2901bd700 	kBZip2Compression supported: 1
2019/03/23-11:21:40.904554 7fa2901bd700 	kZlibCompression supported: 1
2019/03/23-11:21:40.904555 7fa2901bd700 	kSnappyCompression supported: 1
2019/03/23-11:21:40.904559 7fa2901bd700 Fast CRC32 supported: Not supported on x86
2019/03/23-11:21:40.905008 7fa2901bd700 [db/version_set.cc:3085] Recovering from manifest file: MANIFEST-000004
2019/03/23-11:21:40.905105 7fa2901bd700 [db/column_family.cc:475] --------------- Options for column family [default]:
2019/03/23-11:21:40.905109 7fa2901bd700               Options.comparator: leveldb.BytewiseComparator
2019/03/23-11:21:40.905110 7fa2901bd700           Options.merge_operator: None
2019/03/23-11:21:40.905111 7fa2901bd700        Options.compaction_filter: None
2019/03/23-11:21:40.905112 7fa2901bd700        Options.compaction_filter_factory: None
2019/03/23-11:21:40.905113 7fa2901bd700         Options.memtable_factory: SkipListFactory
2019/03/23-11:21:40.905115 7fa2901bd700            Options.table_factory: BlockBasedTable
2019/03/23-11:21:40.905146 7fa2901bd700            table_factory options:   flush_block_policy_factory: FlushBlockBySizePolicyFactory (0x7fa22c3f4a60)
  cache_index_and_filter_blocks: 0
  cache_index_and_filter_blocks_with_high_priority: 0
  pin_l0_filter_and_index_blocks_in_cache: 0
  index_type: 0
  hash_index_allow_collision: 1
  checksum: 1
  no_block_cache: 0
  block_cache: 0x7fa22c3e6930
  block_cache_name: LRUCache
  block_cache_options:
    capacity : 8388608
    num_shard_bits : 4
    strict_capacity_limit : 0
    high_pri_pool_ratio: 0.000
  block_cache_compressed: (nil)
  persistent_cache: (nil)
  block_size: 8192
  block_size_deviation: 10
  block_restart_interval: 16
  index_block_restart_interval: 1
  metadata_block_size: 4096
  partition_filters: 0
  use_delta_encoding: 1
  filter_policy: nullptr
  whole_key_filtering: 1
  verify_compression: 0
  read_amp_bytes_per_bit: 0
  format_version: 2
  enable_index_compression: 1
  block_align: 0
2019/03/23-11:21:40.905159 7fa2901bd700        Options.write_buffer_size: 134217728
2019/03/23-11:21:40.905161 7fa2901bd700  Options.max_write_buffer_number: 24
2019/03/23-11:21:40.905163 7fa2901bd700        Options.compression[0]: NoCompression
2019/03/23-11:21:40.905164 7fa2901bd700        Options.compression[1]: NoCompression
2019/03/23-11:21:40.905166 7fa2901bd700        Options.compression[2]: LZ4
2019/03/23-11:21:40.905167 7fa2901bd700        Options.compression[3]: LZ4
2019/03/23-11:21:40.905168 7fa2901bd700        Options.compression[4]: LZ4
2019/03/23-11:21:40.905169 7fa2901bd700        Options.compression[5]: LZ4
2019/03/23-11:21:40.905170 7fa2901bd700        Options.compression[6]: LZ4
2019/03/23-11:21:40.905172 7fa2901bd700                  Options.bottommost_compression: Disabled
2019/03/23-11:21:40.905173 7fa2901bd700       Options.prefix_extractor: nullptr
2019/03/23-11:21:40.905174 7fa2901bd700   Options.memtable_insert_with_hint_prefix_extractor: nullptr
2019/03/23-11:21:40.905175 7fa2901bd700             Options.num_levels: 7
2019/03/23-11:21:40.905176 7fa2901bd700        Options.min_write_buffer_number_to_merge: 2
2019/03/23-11:21:40.905177 7fa2901bd700     Options.max_write_buffer_number_to_maintain: 0
2019/03/23-11:21:40.905178 7fa2901bd700            Options.compression_opts.window_bits: -14
2019/03/23-11:21:40.905179 7fa2901bd700                  Options.compression_opts.level: -1
2019/03/23-11:21:40.905180 7fa2901bd700               Options.compression_opts.strategy: 0
2019/03/23-11:21:40.905181 7fa2901bd700         Options.compression_opts.max_dict_bytes: 0
2019/03/23-11:21:40.905182 7fa2901bd700         Options.compression_opts.zstd_max_train_bytes: 0
2019/03/23-11:21:40.905183 7fa2901bd700      Options.level0_file_num_compaction_trigger: 2
2019/03/23-11:21:40.905184 7fa2901bd700          Options.level0_slowdown_writes_trigger: 20
2019/03/23-11:21:40.905185 7fa2901bd700              Options.level0_stop_writes_trigger: 36
2019/03/23-11:21:40.905186 7fa2901bd700                   Options.target_file_size_base: 67108864
2019/03/23-11:21:40.905187 7fa2901bd700             Options.target_file_size_multiplier: 1
2019/03/23-11:21:40.905188 7fa2901bd700                Options.max_bytes_for_level_base: 536870912
2019/03/23-11:21:40.905189 7fa2901bd700 Options.level_compaction_dynamic_level_bytes: 0
2019/03/23-11:21:40.905190 7fa2901bd700          Options.max_bytes_for_level_multiplier: 10.000000
2019/03/23-11:21:40.905194 7fa2901bd700 Options.max_bytes_for_level_multiplier_addtl[0]: 1
2019/03/23-11:21:40.905195 7fa2901bd700 Options.max_bytes_for_level_multiplier_addtl[1]: 1
2019/03/23-11:21:40.905196 7fa2901bd700 Options.max_bytes_for_level_multiplier_addtl[2]: 1
2019/03/23-11:21:40.905197 7fa2901bd700 Options.max_bytes_for_level_multiplier_addtl[3]: 1
2019/03/23-11:21:40.905198 7fa2901bd700 Options.max_bytes_for_level_multiplier_addtl[4]: 1
2019/03/23-11:21:40.905199 7fa2901bd700 Options.max_bytes_for_level_multiplier_addtl[5]: 1
2019/03/23-11:21:40.905200 7fa2901bd700 Options.max_bytes_for_level_multiplier_addtl[6]: 1
2019/03/23-11:21:40.905201 7fa2901bd700       Options.max_sequential_skip_in_iterations: 8
2019/03/23-11:21:40.905202 7fa2901bd700                    Options.max_compaction_bytes: 1677721600
2019/03/23-11:21:40.905209 7fa2901bd700                        Options.arena_block_size: 16777216
2019/03/23-11:21:40.905210 7fa2901bd700   Options.soft_pending_compaction_bytes_limit: 68719476736
2019/03/23-11:21:40.905211 7fa2901bd700   Options.hard_pending_compaction_bytes_limit: 274877906944
2019/03/23-11:21:40.905212 7fa2901bd700       Options.rate_limit_delay_max_milliseconds: 100
2019/03/23-11:21:40.905213 7fa2901bd700                Options.disable_auto_compactions: 0
2019/03/23-11:21:40.905215 7fa2901bd700                        Options.compaction_style: kCompactionStyleLevel
2019/03/23-11:21:40.905217 7fa2901bd700                          Options.compaction_pri: kByCompensatedSize
2019/03/23-11:21:40.905218 7fa2901bd700 Options.compaction_options_universal.size_ratio: 1
2019/03/23-11:21:40.905219 7fa2901bd700 Options.compaction_options_universal.min_merge_width: 2
2019/03/23-11:21:40.905220 7fa2901bd700 Options.compaction_options_universal.max_merge_width: 4294967295
2019/03/23-11:21:40.905221 7fa2901bd700 Options.compaction_options_universal.max_size_amplification_percent: 200
2019/03/23-11:21:40.905222 7fa2901bd700 Options.compaction_options_universal.compression_size_percent: -1
2019/03/23-11:21:40.905224 7fa2901bd700 Options.compaction_options_universal.stop_style: kCompactionStopStyleTotalSize
2019/03/23-11:21:40.905225 7fa2901bd700 Options.compaction_options_fifo.max_table_files_size: 1073741824
2019/03/23-11:21:40.905226 7fa2901bd700 Options.compaction_options_fifo.allow_compaction: 0
2019/03/23-11:21:40.905227 7fa2901bd700 Options.compaction_options_fifo.ttl: 0
2019/03/23-11:21:40.905228 7fa2901bd700                   Options.table_properties_collectors: 
2019/03/23-11:21:40.905229 7fa2901bd700                   Options.inplace_update_support: 0
2019/03/23-11:21:40.905230 7fa2901bd700                 Options.inplace_update_num_locks: 10000
2019/03/23-11:21:40.905231 7fa2901bd700               Options.memtable_prefix_bloom_size_ratio: 0.000000
2019/03/23-11:21:40.905232 7fa2901bd700   Options.memtable_huge_page_size: 0
2019/03/23-11:21:40.905233 7fa2901bd700                           Options.bloom_locality: 0
2019/03/23-11:21:40.905234 7fa2901bd700                    Options.max_successive_merges: 0
2019/03/23-11:21:40.905235 7fa2901bd700                Options.optimize_filters_for_hits: 0
2019/03/23-11:21:40.905236 7fa2901bd700                Options.paranoid_file_checks: 0
2019/03/23-11:21:40.905237 7fa2901bd700                Options.force_consistency_checks: 0
2019/03/23-11:21:40.905238 7fa2901bd700                Options.report_bg_io_stats: 0
2019/03/23-11:21:40.905239 7fa2901bd700                               Options.ttl: 0
2019/03/23-11:21:40.905708 7fa2901bd700 [db/column_family.cc:475] --------------- Options for column family [usertable]:
2019/03/23-11:21:40.905712 7fa2901bd700               Options.comparator: leveldb.BytewiseComparator
2019/03/23-11:21:40.905713 7fa2901bd700           Options.merge_operator: None
2019/03/23-11:21:40.905714 7fa2901bd700        Options.compaction_filter: None
2019/03/23-11:21:40.905715 7fa2901bd700        Options.compaction_filter_factory: None
2019/03/23-11:21:40.905716 7fa2901bd700         Options.memtable_factory: SkipListFactory
2019/03/23-11:21:40.905717 7fa2901bd700            Options.table_factory: BlockBasedTable
2019/03/23-11:21:40.905740 7fa2901bd700            table_factory options:   flush_block_policy_factory: FlushBlockBySizePolicyFactory (0x7fa22c3f8b60)
  cache_index_and_filter_blocks: 0
  cache_index_and_filter_blocks_with_high_priority: 0
  pin_l0_filter_and_index_blocks_in_cache: 0
  index_type: 0
  hash_index_allow_collision: 1
  checksum: 1
  no_block_cache: 0
  block_cache: 0x7fa22c3f5da0
  block_cache_name: LRUCache
  block_cache_options:
    capacity : 8388608
    num_shard_bits : 4
    strict_capacity_limit : 0
    high_pri_pool_ratio: 0.000
  block_cache_compressed: (nil)
  persistent_cache: (nil)
  block_size: 8192
  block_size_deviation: 10
  block_restart_interval: 16
  index_block_restart_interval: 1
  metadata_block_size: 4096
  partition_filters: 0
  use_delta_encoding: 1
  filter_policy: nullptr
  whole_key_filtering: 1
  verify_compression: 0
  read_amp_bytes_per_bit: 0
  format_version: 2
  enable_index_compression: 1
  block_align: 0
2019/03/23-11:21:40.905752 7fa2901bd700        Options.write_buffer_size: 134217728
2019/03/23-11:21:40.905753 7fa2901bd700  Options.max_write_buffer_number: 24
2019/03/23-11:21:40.905755 7fa2901bd700        Options.compression[0]: NoCompression
2019/03/23-11:21:40.905756 7fa2901bd700        Options.compression[1]: NoCompression
2019/03/23-11:21:40.905757 7fa2901bd700        Options.compression[2]: LZ4
2019/03/23-11:21:40.905758 7fa2901bd700        Options.compression[3]: LZ4
2019/03/23-11:21:40.905760 7fa2901bd700        Options.compression[4]: LZ4
2019/03/23-11:21:40.905761 7fa2901bd700        Options.compression[5]: LZ4
2019/03/23-11:21:40.905762 7fa2901bd700        Options.compression[6]: LZ4
2019/03/23-11:21:40.905763 7fa2901bd700                  Options.bottommost_compression: Disabled
2019/03/23-11:21:40.905764 7fa2901bd700       Options.prefix_extractor: nullptr
2019/03/23-11:21:40.905765 7fa2901bd700   Options.memtable_insert_with_hint_prefix_extractor: nullptr
2019/03/23-11:21:40.905766 7fa2901bd700             Options.num_levels: 7
2019/03/23-11:21:40.905767 7fa2901bd700        Options.min_write_buffer_number_to_merge: 2
2019/03/23-11:21:40.905768 7fa2901bd700     Options.max_write_buffer_number_to_maintain: 0
2019/03/23-11:21:40.905769 7fa2901bd700            Options.compression_opts.window_bits: -14
2019/03/23-11:21:40.905770 7fa2901bd700                  Options.compression_opts.level: -1
2019/03/23-11:21:40.905771 7fa2901bd700               Options.compression_opts.strategy: 0
2019/03/23-11:21:40.905772 7fa2901bd700         Options.compression_opts.max_dict_bytes: 0
2019/03/23-11:21:40.905773 7fa2901bd700         Options.compression_opts.zstd_max_train_bytes: 0
2019/03/23-11:21:40.905774 7fa2901bd700      Options.level0_file_num_compaction_trigger: 2
2019/03/23-11:21:40.905775 7fa2901bd700          Options.level0_slowdown_writes_trigger: 20
2019/03/23-11:21:40.905776 7fa2901bd700              Options.level0_stop_writes_trigger: 36
2019/03/23-11:21:40.905777 7fa2901bd700                   Options.target_file_size_base: 67108864
2019/03/23-11:21:40.905778 7fa2901bd700             Options.target_file_size_multiplier: 1
2019/03/23-11:21:40.905779 7fa2901bd700                Options.max_bytes_for_level_base: 536870912
2019/03/23-11:21:40.905780 7fa2901bd700 Options.level_compaction_dynamic_level_bytes: 0
2019/03/23-11:21:40.905781 7fa2901bd700          Options.max_bytes_for_level_multiplier: 10.000000
2019/03/23-11:21:40.905783 7fa2901bd700 Options.max_bytes_for_level_multiplier_addtl[0]: 1
2019/03/23-11:21:40.905784 7fa2901bd700 Options.max_bytes_for_level_multiplier_addtl[1]: 1
2019/03/23-11:21:40.905785 7fa2901bd700 Options.max_bytes_for_level_multiplier_addtl[2]: 1
2019/03/23-11:21:40.905786 7fa2901bd700 Options.max_bytes_for_level_multiplier_addtl[3]: 1
2019/03/23-11:21:40.905787 7fa2901bd700 Options.max_bytes_for_level_multiplier_addtl[4]: 1
2019/03/23-11:21:40.905788 7fa2901bd700 Options.max_bytes_for_level_multiplier_addtl[5]: 1
2019/03/23-11:21:40.905789 7fa2901bd700 Options.max_bytes_for_level_multiplier_addtl[6]: 1
2019/03/23-11:21:40.905790 7fa2901bd700       Options.max_sequential_skip_in_iterations: 8
2019/03/23-11:21:40.905791 7fa2901bd700                    Options.max_compaction_bytes: 1677721600
2019/03/23-11:21:40.905792 7fa2901bd700                        Options.arena_block_size: 16777216
2019/03/23-11:21:40.905793 7fa2901bd700   Options.soft_pending_compaction_bytes_limit: 68719476736
2019/03/23-11:21:40.905794 7fa2901bd700   Options.hard_pending_compaction_bytes_limit: 274877906944
2019/03/23-11:21:40.905795 7fa2901bd700       Options.rate_limit_delay_max_milliseconds: 100
2019/03/23-11:21:40.905796 7fa2901bd700                Options.disable_auto_compactions: 0
2019/03/23-11:21:40.905797 7fa2901bd700                        Options.compaction_style: kCompactionStyleLevel
2019/03/23-11:21:40.905809 7fa2901bd700                          Options.compaction_pri: kByCompensatedSize
2019/03/23-11:21:40.905810 7fa2901bd700 Options.compaction_options_universal.size_ratio: 1
2019/03/23-11:21:40.905811 7fa2901bd700 Options.compaction_options_universal.min_merge_width: 2
2019/03/23-11:21:40.905812 7fa2901bd700 Options.compaction_options_universal.max_merge_width: 4294967295
2019/03/23-11:21:40.905813 7fa2901bd700 Options.compaction_options_universal.max_size_amplification_percent: 200
2019/03/23-11:21:40.905814 7fa2901bd700 Options.compaction_options_universal.compression_size_percent: -1
2019/03/23-11:21:40.905816 7fa2901bd700 Options.compaction_options_universal.stop_style: kCompactionStopStyleTotalSize
2019/03/23-11:21:40.905817 7fa2901bd700 Options.compaction_options_fifo.max_table_files_size: 1073741824
2019/03/23-11:21:40.905818 7fa2901bd700 Options.compaction_options_fifo.allow_compaction: 0
2019/03/23-11:21:40.905819 7fa2901bd700 Options.compaction_options_fifo.ttl: 0
2019/03/23-11:21:40.905820 7fa2901bd700                   Options.table_properties_collectors: 
2019/03/23-11:21:40.905821 7fa2901bd700                   Options.inplace_update_support: 0
2019/03/23-11:21:40.905822 7fa2901bd700                 Options.inplace_update_num_locks: 10000
2019/03/23-11:21:40.905823 7fa2901bd700               Options.memtable_prefix_bloom_size_ratio: 0.000000
2019/03/23-11:21:40.905824 7fa2901bd700   Options.memtable_huge_page_size: 0
2019/03/23-11:21:40.905825 7fa2901bd700                           Options.bloom_locality: 0
2019/03/23-11:21:40.905826 7fa2901bd700                    Options.max_successive_merges: 0
2019/03/23-11:21:40.905827 7fa2901bd700                Options.optimize_filters_for_hits: 0
2019/03/23-11:21:40.905828 7fa2901bd700                Options.paranoid_file_checks: 0
2019/03/23-11:21:40.905829 7fa2901bd700                Options.force_consistency_checks: 0
2019/03/23-11:21:40.905830 7fa2901bd700                Options.report_bg_io_stats: 0
2019/03/23-11:21:40.905831 7fa2901bd700                               Options.ttl: 0
2019/03/23-11:21:41.504749 7fa2901bd700 [db/version_set.cc:3361] Recovered from manifest file:/mnt/sdh/ycsb-rocksdb-data/MANIFEST-000004 succeeded,manifest_file_number is 4, next_file_number is 1375, last_sequence is 10427988, log_number is 0,prev_log_number is 0,max_column_family is 1,min_log_number_to_keep is 0
2019/03/23-11:21:41.504761 7fa2901bd700 [db/version_set.cc:3369] Column family [default] (ID 0), log number is 0
2019/03/23-11:21:41.504763 7fa2901bd700 [db/version_set.cc:3369] Column family [usertable] (ID 1), log number is 1368
2019/03/23-11:21:41.506824 7fa2901bd700 EVENT_LOG_v1 {"time_micros": 1553365301506806, "job": 1, "event": "recovery_started", "log_files": [1368, 1374]}
2019/03/23-11:21:41.506832 7fa2901bd700 [db/db_impl_open.cc:551] Recovering log #1368 mode 2
2019/03/23-11:21:41.843278 7fa2901bd700 [db/db_impl_open.cc:551] Recovering log #1374 mode 2
2019/03/23-11:21:42.398027 7fa2901bd700 EVENT_LOG_v1 {"time_micros": 1553365302397986, "cf_name": "usertable", "job": 1, "event": "table_file_creation", "file_number": 1375, "file_size": 129895352, "table_properties": {"data_size": 129317909, "index_size": 576521, "filter_size": 0, "raw_key_size": 752760, "raw_average_key_size": 24, "raw_value_size": 128471040, "raw_average_value_size": 4096, "num_data_blocks": 15683, "num_entries": 31365, "filter_policy_name": "", "kDeletedKeys": "0", "kMergeOperands": "0"}}
2019/03/23-11:21:42.448202 7fa2901bd700 [db/version_set.cc:2847] Creating manifest 1376
2019/03/23-11:21:42.584720 7fa2901bd700 EVENT_LOG_v1 {"time_micros": 1553365302584673, "cf_name": "usertable", "job": 1, "event": "table_file_creation", "file_number": 1377, "file_size": 12168708, "table_properties": {"data_size": 12113698, "index_size": 54089, "filter_size": 0, "raw_key_size": 70512, "raw_average_key_size": 24, "raw_value_size": 12034048, "raw_average_value_size": 4096, "num_data_blocks": 1469, "num_entries": 2938, "filter_policy_name": "", "kDeletedKeys": "0", "kMergeOperands": "0"}}
2019/03/23-11:21:42.613794 7fa2901bd700 EVENT_LOG_v1 {"time_micros": 1553365302613785, "job": 1, "event": "recovery_finished"}
2019/03/23-11:21:42.674606 7fa2901bd700 [db/db_impl_open.cc:1219] DB pointer 0x7fa22c3f3540
2019/03/23-11:21:42.675017 7fa227700700 [WARN] [db/db_impl.cc:491] ------- DUMPING STATS -------
2019/03/23-11:21:42.675080 7fa227700700 [WARN] [db/db_impl.cc:492] 
** DB Stats **
Uptime(secs): 1.8 total, 1.8 interval
Cumulative writes: 0 writes, 0 keys, 0 commit groups, 0.0 writes per commit group, ingest: 0.00 GB, 0.00 MB/s
Cumulative WAL: 0 writes, 0 syncs, 0.00 writes per sync, written: 0.00 GB, 0.00 MB/s
Cumulative stall: 00:00:0.000 H:M:S, 0.0 percent
Interval writes: 0 writes, 0 keys, 0 commit groups, 0.0 writes per commit group, ingest: 0.00 MB, 0.00 MB/s
Interval WAL: 0 writes, 0 syncs, 0.00 writes per sync, written: 0.00 MB, 0.00 MB/s
Interval stall: 00:00:0.000 H:M:S, 0.0 percent

** Compaction Stats [default] **
Level    Files   Size     Score Read(GB)  Rn(GB) Rnp1(GB) Write(GB) Wnew(GB) Moved(GB) W-Amp Rd(MB/s) Wr(MB/s) Comp(sec) Comp(cnt) Avg(sec) KeyIn KeyDrop
----------------------------------------------------------------------------------------------------------------------------------------------------------
 Sum      0/0    0.00 KB   0.0      0.0     0.0      0.0       0.0      0.0       0.0   0.0      0.0      0.0         0         0    0.000       0      0
 Int      0/0    0.00 KB   0.0      0.0     0.0      0.0       0.0      0.0       0.0   0.0      0.0      0.0         0         0    0.000       0      0
Uptime(secs): 1.8 total, 1.8 interval
Flush(GB): cumulative 0.000, interval 0.000
AddFile(GB): cumulative 0.000, interval 0.000
AddFile(Total Files): cumulative 0, interval 0
AddFile(L0 Files): cumulative 0, interval 0
AddFile(Keys): cumulative 0, interval 0
Cumulative compaction: 0.00 GB write, 0.00 MB/s write, 0.00 GB read, 0.00 MB/s read, 0.0 seconds
Interval compaction: 0.00 GB write, 0.00 MB/s write, 0.00 GB read, 0.00 MB/s read, 0.0 seconds
Stalls(count): 0 level0_slowdown, 0 level0_slowdown_with_compaction, 0 level0_numfiles, 0 level0_numfiles_with_compaction, 0 stop for pending_compaction_bytes, 0 slowdown for pending_compaction_bytes, 0 memtable_compaction, 0 memtable_slowdown, interval 0 total count

** File Read Latency Histogram By Level [default] **

** Compaction Stats [usertable] **
Level    Files   Size     Score Read(GB)  Rn(GB) Rnp1(GB) Write(GB) Wnew(GB) Moved(GB) W-Amp Rd(MB/s) Wr(MB/s) Comp(sec) Comp(cnt) Avg(sec) KeyIn KeyDrop
----------------------------------------------------------------------------------------------------------------------------------------------------------
  L0      3/0   302.36 MB   1.5      0.0     0.0      0.0       0.1      0.1       0.0   1.0      0.0    230.9         1         2    0.293       0      0
  L1      8/0   510.79 MB   1.0      0.0     0.0      0.0       0.0      0.0       0.0   0.0      0.0      0.0         0         0    0.000       0      0
  L2    170/0    4.95 GB   1.0      0.0     0.0      0.0       0.0      0.0       0.0   0.0      0.0      0.0         0         0    0.000       0      0
  L3    550/0   34.44 GB   0.7      0.0     0.0      0.0       0.0      0.0       0.0   0.0      0.0      0.0         0         0    0.000       0      0
 Sum    731/0   40.18 GB   0.0      0.0     0.0      0.0       0.1      0.1       0.0   1.0      0.0    230.9         1         2    0.293       0      0
 Int      0/0    0.00 KB   0.0      0.0     0.0      0.0       0.1      0.1       0.0   1.0      0.0    230.9         1         2    0.293       0      0
Uptime(secs): 1.8 total, 1.8 interval
Flush(GB): cumulative 0.132, interval 0.132
AddFile(GB): cumulative 0.000, interval 0.000
AddFile(Total Files): cumulative 0, interval 0
AddFile(L0 Files): cumulative 0, interval 0
AddFile(Keys): cumulative 0, interval 0
Cumulative compaction: 0.13 GB write, 76.58 MB/s write, 0.00 GB read, 0.00 MB/s read, 0.6 seconds
Interval compaction: 0.13 GB write, 76.58 MB/s write, 0.00 GB read, 0.00 MB/s read, 0.6 seconds
Stalls(count): 0 level0_slowdown, 0 level0_slowdown_with_compaction, 0 level0_numfiles, 0 level0_numfiles_with_compaction, 0 stop for pending_compaction_bytes, 0 slowdown for pending_compaction_bytes, 0 memtable_compaction, 0 memtable_slowdown, interval 0 total count

** File Read Latency Histogram By Level [usertable] **

** Compaction Stats [default] **
Level    Files   Size     Score Read(GB)  Rn(GB) Rnp1(GB) Write(GB) Wnew(GB) Moved(GB) W-Amp Rd(MB/s) Wr(MB/s) Comp(sec) Comp(cnt) Avg(sec) KeyIn KeyDrop
----------------------------------------------------------------------------------------------------------------------------------------------------------
 Sum      0/0    0.00 KB   0.0      0.0     0.0      0.0       0.0      0.0       0.0   0.0      0.0      0.0         0         0    0.000       0      0
 Int      0/0    0.00 KB   0.0      0.0     0.0      0.0       0.0      0.0       0.0   0.0      0.0      0.0         0         0    0.000       0      0
Uptime(secs): 1.8 total, 0.0 interval
Flush(GB): cumulative 0.000, interval 0.000
AddFile(GB): cumulative 0.000, interval 0.000
AddFile(Total Files): cumulative 0, interval 0
AddFile(L0 Files): cumulative 0, interval 0
AddFile(Keys): cumulative 0, interval 0
Cumulative compaction: 0.00 GB write, 0.00 MB/s write, 0.00 GB read, 0.00 MB/s read, 0.0 seconds
Interval compaction: 0.00 GB write, 0.00 MB/s write, 0.00 GB read, 0.00 MB/s read, 0.0 seconds
Stalls(count): 0 level0_slowdown, 0 level0_slowdown_with_compaction, 0 level0_numfiles, 0 level0_numfiles_with_compaction, 0 stop for pending_compaction_bytes, 0 slowdown for pending_compaction_bytes, 0 memtable_compaction, 0 memtable_slowdown, interval 0 total count

** File Read Latency Histogram By Level [default] **

** Compaction Stats [usertable] **
Level    Files   Size     Score Read(GB)  Rn(GB) Rnp1(GB) Write(GB) Wnew(GB) Moved(GB) W-Amp Rd(MB/s) Wr(MB/s) Comp(sec) Comp(cnt) Avg(sec) KeyIn KeyDrop
----------------------------------------------------------------------------------------------------------------------------------------------------------
  L0      3/0   302.36 MB   1.5      0.0     0.0      0.0       0.1      0.1       0.0   1.0      0.0    230.9         1         2    0.293       0      0
  L1      8/0   510.79 MB   1.0      0.0     0.0      0.0       0.0      0.0       0.0   0.0      0.0      0.0         0         0    0.000       0      0
  L2    170/0    4.95 GB   1.0      0.0     0.0      0.0       0.0      0.0       0.0   0.0      0.0      0.0         0         0    0.000       0      0
  L3    550/0   34.44 GB   0.7      0.0     0.0      0.0       0.0      0.0       0.0   0.0      0.0      0.0         0         0    0.000       0      0
 Sum    731/0   40.18 GB   0.0      0.0     0.0      0.0       0.1      0.1       0.0   1.0      0.0    230.9         1         2    0.293       0      0
 Int      0/0    0.00 KB   0.0      0.0     0.0      0.0       0.0      0.0       0.0   0.0      0.0      0.0         0         0    0.000       0      0
Uptime(secs): 1.8 total, 0.0 interval
Flush(GB): cumulative 0.132, interval 0.000
AddFile(GB): cumulative 0.000, interval 0.000
AddFile(Total Files): cumulative 0, interval 0
AddFile(L0 Files): cumulative 0, interval 0
AddFile(Keys): cumulative 0, interval 0
Cumulative compaction: 0.13 GB write, 76.57 MB/s write, 0.00 GB read, 0.00 MB/s read, 0.6 seconds
Interval compaction: 0.00 GB write, 0.00 MB/s write, 0.00 GB read, 0.00 MB/s read, 0.0 seconds
Stalls(count): 0 level0_slowdown, 0 level0_slowdown_with_compaction, 0 level0_numfiles, 0 level0_numfiles_with_compaction, 0 stop for pending_compaction_bytes, 0 slowdown for pending_compaction_bytes, 0 memtable_compaction, 0 memtable_slowdown, interval 0 total count

** File Read Latency Histogram By Level [usertable] **
2019/03/23-11:21:42.704954 7fa227700700 (Original Log Time 2019/03/23-11:21:42.675245) [db/db_impl_compaction_flush.cc:1835] [usertable] Moving #325 to level-1 174978517 bytes
2019/03/23-11:21:42.704960 7fa227700700 (Original Log Time 2019/03/23-11:21:42.704835) EVENT_LOG_v1 {"time_micros": 1553365302704821, "job": 3, "event": "trivial_move", "destination_level": 1, "files": 1, "total_files_size": 174978517}
2019/03/23-11:21:42.704963 7fa227700700 (Original Log Time 2019/03/23-11:21:42.704850) [db/db_impl_compaction_flush.cc:1864] [usertable] Moved #1 files to level-1 174978517 bytes OK: base level 1 max bytes base 536870912 files[2 9 170 550 0 0 0] max score 1.32
2019/03/23-11:21:42.705077 7fa227700700 [db/compaction_job.cc:1531] [usertable] [JOB 4] Compacting 1@1 files to L2, score 1.32
2019/03/23-11:21:42.705088 7fa227700700 [db/compaction_job.cc:1535] [usertable] Compaction start summary: Base version 6 Base level 1, inputs: [325(166MB)]
2019/03/23-11:21:42.705120 7fa227700700 EVENT_LOG_v1 {"time_micros": 1553365302705097, "job": 4, "event": "compaction_started", "compaction_reason": "LevelMaxLevelSize", "files_L1": [325], "score": 1.32357, "input_data_size": 174978517}
2019/03/23-11:21:43.995086 7fa227700700 [db/compaction_job.cc:1211] [usertable] [JOB 4] Generated table #1381: 16279 keys, 67233358 bytes
2019/03/23-11:21:43.995141 7fa227700700 EVENT_LOG_v1 {"time_micros": 1553365303995115, "cf_name": "usertable", "job": 4, "event": "table_file_creation", "file_number": 1381, "file_size": 67233358, "table_properties": {"data_size": 67118331, "index_size": 299106, "filter_size": 0, "raw_key_size": 390696, "raw_average_key_size": 24, "raw_value_size": 66678784, "raw_average_value_size": 4096, "num_data_blocks": 8140, "num_entries": 16279, "filter_policy_name": "", "kDeletedKeys": "0", "kMergeOperands": "0"}}
2019/03/23-11:21:45.030999 7fa227700700 [db/compaction_job.cc:1211] [usertable] [JOB 4] Generated table #1382: 16279 keys, 67233548 bytes
2019/03/23-11:21:45.031044 7fa227700700 EVENT_LOG_v1 {"time_micros": 1553365305031026, "cf_name": "usertable", "job": 4, "event": "table_file_creation", "file_number": 1382, "file_size": 67233548, "table_properties": {"data_size": 67120139, "index_size": 300916, "filter_size": 0, "raw_key_size": 390696, "raw_average_key_size": 24, "raw_value_size": 66678784, "raw_average_value_size": 4096, "num_data_blocks": 8140, "num_entries": 16279, "filter_policy_name": "", "kDeletedKeys": "0", "kMergeOperands": "0"}}
2019/03/23-11:21:45.489706 7fa227700700 [db/compaction_job.cc:1211] [usertable] [JOB 4] Generated table #1383: 9693 keys, 40033142 bytes
2019/03/23-11:21:45.489781 7fa227700700 EVENT_LOG_v1 {"time_micros": 1553365305489755, "cf_name": "usertable", "job": 4, "event": "table_file_creation", "file_number": 1383, "file_size": 40033142, "table_properties": {"data_size": 39964253, "index_size": 177998, "filter_size": 0, "raw_key_size": 232632, "raw_average_key_size": 24, "raw_value_size": 39702528, "raw_average_value_size": 4096, "num_data_blocks": 4847, "num_entries": 9693, "filter_policy_name": "", "kDeletedKeys": "0", "kMergeOperands": "0"}}
2019/03/23-11:21:45.489876 7fa227700700 [db/compaction_job.cc:1287] [usertable] [JOB 4] Compacted 1@1 files to L2 => 174500048 bytes
2019/03/23-11:21:45.521781 7fa227700700 (Original Log Time 2019/03/23-11:21:45.521663) [db/compaction_job.cc:685] [usertable] compacted to: base level 1 max bytes base 536870912 files[2 8 173 550 0 0 0] max score 1.02, MB/sec: 62.8 rd, 62.7 wr, level 2, files in(1, 0) out(3) MB in(166.9, 0.0) out(166.4), read-write-amplify(2.0) write-amplify(1.0) OK, records in: 42251, records dropped: 0 output_compression: LZ4
2019/03/23-11:21:45.521788 7fa227700700 (Original Log Time 2019/03/23-11:21:45.521710) EVENT_LOG_v1 {"time_micros": 1553365305521695, "job": 4, "event": "compaction_finished", "compaction_time_micros": 2784703, "output_level": 2, "num_output_files": 3, "total_output_size": 174500048, "num_input_records": 42251, "num_output_records": 42251, "num_subcompactions": 1, "output_compression": "LZ4", "num_single_delete_mismatches": 0, "num_single_delete_fallthrough": 0, "lsm_state": [2, 8, 173, 550, 0, 0, 0]}
2019/03/23-11:21:45.554563 7fa2266fe700 (Original Log Time 2019/03/23-11:21:45.521985) [db/db_impl_compaction_flush.cc:1835] [usertable] Moving #1382 to level-3 67233548 bytes
2019/03/23-11:21:45.554568 7fa2266fe700 (Original Log Time 2019/03/23-11:21:45.554483) EVENT_LOG_v1 {"time_micros": 1553365305554474, "job": 5, "event": "trivial_move", "destination_level": 3, "files": 1, "total_files_size": 67233548}
2019/03/23-11:21:45.554570 7fa2266fe700 (Original Log Time 2019/03/23-11:21:45.554497) [db/db_impl_compaction_flush.cc:1864] [usertable] Moved #1 files to level-3 67233548 bytes OK: base level 1 max bytes base 536870912 files[2 8 172 551 0 0 0] max score 1.01
2019/03/23-11:21:45.569196 7fa2266fe700 EVENT_LOG_v1 {"time_micros": 1553365305569188, "job": 5, "event": "table_file_deletion", "file_number": 325}
2019/03/23-11:21:45.600825 7fa2266fe700 (Original Log Time 2019/03/23-11:21:45.569343) [db/db_impl_compaction_flush.cc:1835] [usertable] Moving #1381 to level-3 67233358 bytes
2019/03/23-11:21:45.600832 7fa2266fe700 (Original Log Time 2019/03/23-11:21:45.600739) EVENT_LOG_v1 {"time_micros": 1553365305600729, "job": 6, "event": "trivial_move", "destination_level": 3, "files": 1, "total_files_size": 67233358}
2019/03/23-11:21:45.600836 7fa2266fe700 (Original Log Time 2019/03/23-11:21:45.600751) [db/db_impl_compaction_flush.cc:1864] [usertable] Moved #1 files to level-3 67233358 bytes OK: base level 1 max bytes base 536870912 files[2 8 171 552 0 0 0] max score 1.00
2019/03/23-11:21:45.635441 7fa2266fe700 (Original Log Time 2019/03/23-11:21:45.601063) [db/db_impl_compaction_flush.cc:1835] [usertable] Moving #1375 to level-1 129895352 bytes
2019/03/23-11:21:45.635446 7fa2266fe700 (Original Log Time 2019/03/23-11:21:45.635383) EVENT_LOG_v1 {"time_micros": 1553365305635373, "job": 7, "event": "trivial_move", "destination_level": 1, "files": 1, "total_files_size": 129895352}
2019/03/23-11:21:45.635448 7fa2266fe700 (Original Log Time 2019/03/23-11:21:45.635397) [db/db_impl_compaction_flush.cc:1864] [usertable] Moved #1 files to level-1 129895352 bytes OK: base level 1 max bytes base 536870912 files[1 9 171 552 0 0 0] max score 1.24
2019/03/23-11:21:45.635660 7fa224efb700 [db/compaction_job.cc:1531] [usertable] [JOB 8] Compacting 1@1 files to L2, score 1.24
2019/03/23-11:21:45.635677 7fa224efb700 [db/compaction_job.cc:1535] [usertable] Compaction start summary: Base version 10 Base level 1, inputs: [1375(123MB)]
2019/03/23-11:21:45.635698 7fa224efb700 EVENT_LOG_v1 {"time_micros": 1553365305635685, "job": 8, "event": "compaction_started", "compaction_reason": "LevelMaxLevelSize", "files_L1": [1375], "score": 1.23959, "input_data_size": 129895352}
2019/03/23-11:21:46.300812 7fa224efb700 [db/compaction_job.cc:1211] [usertable] [JOB 8] Generated table #1384: 16279 keys, 67233336 bytes
