2019/03/23-11:21:40.546994 7fe6802db700 RocksDB version: 5.14.3
2019/03/23-11:21:40.547066 7fe6802db700 Git sha rocksdb_build_git_sha:
2019/03/23-11:21:40.547069 7fe6802db700 Compile date Oct  9 2018
2019/03/23-11:21:40.547079 7fe6802db700 DB SUMMARY
2019/03/23-11:21:40.547726 7fe6802db700 CURRENT file:  CURRENT
2019/03/23-11:21:40.547729 7fe6802db700 IDENTITY file:  IDENTITY
2019/03/23-11:21:40.547739 7fe6802db700 MANIFEST file:  MANIFEST-000004 size: 130697 Bytes
2019/03/23-11:21:40.547742 7fe6802db700 SST files in /mnt/sdd/ycsb-rocksdb-data dir, Total Num: 717, files: 000021.sst 000022.sst 000023.sst 000024.sst 000028.sst 000029.sst 000030.sst 000031.sst 000035.sst 
2019/03/23-11:21:40.547747 7fe6802db700 Write Ahead Log file in /mnt/sdd/ycsb-rocksdb-data: 001339.log size: 120368342 ; 001345.log size: 65006893 ; 
2019/03/23-11:21:40.547774 7fe6802db700                         Options.error_if_exists: 0
2019/03/23-11:21:40.547775 7fe6802db700                       Options.create_if_missing: 1
2019/03/23-11:21:40.547776 7fe6802db700                         Options.paranoid_checks: 1
2019/03/23-11:21:40.547777 7fe6802db700                                     Options.env: 0x7fe67b77b080
2019/03/23-11:21:40.547779 7fe6802db700                                Options.info_log: 0x7fe59c3da200
2019/03/23-11:21:40.547779 7fe6802db700                Options.max_file_opening_threads: 16
2019/03/23-11:21:40.547781 7fe6802db700                              Options.statistics: (nil)
2019/03/23-11:21:40.547782 7fe6802db700                               Options.use_fsync: 0
2019/03/23-11:21:40.547783 7fe6802db700                       Options.max_log_file_size: 0
2019/03/23-11:21:40.547784 7fe6802db700                  Options.max_manifest_file_size: 18446744073709551615
2019/03/23-11:21:40.547785 7fe6802db700                   Options.log_file_time_to_roll: 0
2019/03/23-11:21:40.547786 7fe6802db700                       Options.keep_log_file_num: 1000
2019/03/23-11:21:40.547787 7fe6802db700                    Options.recycle_log_file_num: 0
2019/03/23-11:21:40.547788 7fe6802db700                         Options.allow_fallocate: 1
2019/03/23-11:21:40.547789 7fe6802db700                        Options.allow_mmap_reads: 0
2019/03/23-11:21:40.547790 7fe6802db700                       Options.allow_mmap_writes: 0
2019/03/23-11:21:40.547791 7fe6802db700                        Options.use_direct_reads: 0
2019/03/23-11:21:40.547792 7fe6802db700                        Options.use_direct_io_for_flush_and_compaction: 0
2019/03/23-11:21:40.547793 7fe6802db700          Options.create_missing_column_families: 1
2019/03/23-11:21:40.547794 7fe6802db700                              Options.db_log_dir: 
2019/03/23-11:21:40.547795 7fe6802db700                                 Options.wal_dir: /mnt/sdd/ycsb-rocksdb-data
2019/03/23-11:21:40.547796 7fe6802db700                Options.table_cache_numshardbits: 6
2019/03/23-11:21:40.547797 7fe6802db700                      Options.max_subcompactions: 4
2019/03/23-11:21:40.547798 7fe6802db700                  Options.max_background_flushes: 24
2019/03/23-11:21:40.547799 7fe6802db700                         Options.WAL_ttl_seconds: 0
2019/03/23-11:21:40.547800 7fe6802db700                       Options.WAL_size_limit_MB: 0
2019/03/23-11:21:40.547801 7fe6802db700             Options.manifest_preallocation_size: 4194304
2019/03/23-11:21:40.547802 7fe6802db700                     Options.is_fd_close_on_exec: 1
2019/03/23-11:21:40.547803 7fe6802db700                   Options.advise_random_on_open: 1
2019/03/23-11:21:40.547804 7fe6802db700                    Options.db_write_buffer_size: 0
2019/03/23-11:21:40.547805 7fe6802db700                    Options.write_buffer_manager: 0x7fe59c3da490
2019/03/23-11:21:40.547806 7fe6802db700         Options.access_hint_on_compaction_start: 1
2019/03/23-11:21:40.547807 7fe6802db700  Options.new_table_reader_for_compaction_inputs: 0
2019/03/23-11:21:40.547808 7fe6802db700           Options.random_access_max_buffer_size: 1048576
2019/03/23-11:21:40.547809 7fe6802db700                      Options.use_adaptive_mutex: 0
2019/03/23-11:21:40.547810 7fe6802db700                            Options.rate_limiter: (nil)
2019/03/23-11:21:40.547824 7fe6802db700     Options.sst_file_manager.rate_bytes_per_sec: 0
2019/03/23-11:21:40.547826 7fe6802db700                       Options.wal_recovery_mode: 2
2019/03/23-11:21:40.547827 7fe6802db700                  Options.enable_thread_tracking: 0
2019/03/23-11:21:40.547828 7fe6802db700                  Options.enable_pipelined_write: 1
2019/03/23-11:21:40.547829 7fe6802db700         Options.allow_concurrent_memtable_write: 1
2019/03/23-11:21:40.547830 7fe6802db700      Options.enable_write_thread_adaptive_yield: 1
2019/03/23-11:21:40.547831 7fe6802db700             Options.write_thread_max_yield_usec: 100
2019/03/23-11:21:40.547832 7fe6802db700            Options.write_thread_slow_yield_usec: 3
2019/03/23-11:21:40.547833 7fe6802db700                               Options.row_cache: None
2019/03/23-11:21:40.547834 7fe6802db700                              Options.wal_filter: None
2019/03/23-11:21:40.547835 7fe6802db700             Options.avoid_flush_during_recovery: 0
2019/03/23-11:21:40.547836 7fe6802db700             Options.allow_ingest_behind: 0
2019/03/23-11:21:40.547837 7fe6802db700             Options.preserve_deletes: 0
2019/03/23-11:21:40.547838 7fe6802db700             Options.two_write_queues: 0
2019/03/23-11:21:40.547839 7fe6802db700             Options.manual_wal_flush: 0
2019/03/23-11:21:40.547841 7fe6802db700             Options.max_background_jobs: 24
2019/03/23-11:21:40.547842 7fe6802db700             Options.max_background_compactions: 24
2019/03/23-11:21:40.547843 7fe6802db700             Options.avoid_flush_during_shutdown: 0
2019/03/23-11:21:40.547844 7fe6802db700           Options.writable_file_max_buffer_size: 1048576
2019/03/23-11:21:40.547845 7fe6802db700             Options.delayed_write_rate : 16777216
2019/03/23-11:21:40.547846 7fe6802db700             Options.max_total_wal_size: 0
2019/03/23-11:21:40.547847 7fe6802db700             Options.delete_obsolete_files_period_micros: 21600000000
2019/03/23-11:21:40.547848 7fe6802db700                   Options.stats_dump_period_sec: 60
2019/03/23-11:21:40.547850 7fe6802db700                          Options.max_open_files: -1
2019/03/23-11:21:40.547851 7fe6802db700                          Options.bytes_per_sync: 1048576
2019/03/23-11:21:40.547852 7fe6802db700                      Options.wal_bytes_per_sync: 0
2019/03/23-11:21:40.547853 7fe6802db700       Options.compaction_readahead_size: 0
2019/03/23-11:21:40.547854 7fe6802db700 Compression algorithms supported:
2019/03/23-11:21:40.547855 7fe6802db700 	kZSTDNotFinalCompression supported: 1
2019/03/23-11:21:40.547865 7fe6802db700 	kZSTD supported: 1
2019/03/23-11:21:40.547867 7fe6802db700 	kXpressCompression supported: 0
2019/03/23-11:21:40.547868 7fe6802db700 	kLZ4HCCompression supported: 1
2019/03/23-11:21:40.547869 7fe6802db700 	kLZ4Compression supported: 1
2019/03/23-11:21:40.547871 7fe6802db700 	kBZip2Compression supported: 1
2019/03/23-11:21:40.547872 7fe6802db700 	kZlibCompression supported: 1
2019/03/23-11:21:40.547873 7fe6802db700 	kSnappyCompression supported: 1
2019/03/23-11:21:40.547877 7fe6802db700 Fast CRC32 supported: Not supported on x86
2019/03/23-11:21:40.548329 7fe6802db700 [db/version_set.cc:3085] Recovering from manifest file: MANIFEST-000004
2019/03/23-11:21:40.548437 7fe6802db700 [db/column_family.cc:475] --------------- Options for column family [default]:
2019/03/23-11:21:40.548441 7fe6802db700               Options.comparator: leveldb.BytewiseComparator
2019/03/23-11:21:40.548442 7fe6802db700           Options.merge_operator: None
2019/03/23-11:21:40.548443 7fe6802db700        Options.compaction_filter: None
2019/03/23-11:21:40.548444 7fe6802db700        Options.compaction_filter_factory: None
2019/03/23-11:21:40.548445 7fe6802db700         Options.memtable_factory: SkipListFactory
2019/03/23-11:21:40.548447 7fe6802db700            Options.table_factory: BlockBasedTable
2019/03/23-11:21:40.548473 7fe6802db700            table_factory options:   flush_block_policy_factory: FlushBlockBySizePolicyFactory (0x7fe59c3d46d0)
  cache_index_and_filter_blocks: 0
  cache_index_and_filter_blocks_with_high_priority: 0
  pin_l0_filter_and_index_blocks_in_cache: 0
  index_type: 0
  hash_index_allow_collision: 1
  checksum: 1
  no_block_cache: 0
  block_cache: 0x7fe59c3c65b0
  block_cache_name: LRUCache
  block_cache_options:
    capacity : 8388608
    num_shard_bits : 4
    strict_capacity_limit : 0
    high_pri_pool_ratio: 0.000
  block_cache_compressed: (nil)
  persistent_cache: (nil)
  block_size: 8192
  block_size_deviation: 10
  block_restart_interval: 16
  index_block_restart_interval: 1
  metadata_block_size: 4096
  partition_filters: 0
  use_delta_encoding: 1
  filter_policy: nullptr
  whole_key_filtering: 1
  verify_compression: 0
  read_amp_bytes_per_bit: 0
  format_version: 2
  enable_index_compression: 1
  block_align: 0
2019/03/23-11:21:40.548487 7fe6802db700        Options.write_buffer_size: 134217728
2019/03/23-11:21:40.548488 7fe6802db700  Options.max_write_buffer_number: 24
2019/03/23-11:21:40.548490 7fe6802db700        Options.compression[0]: NoCompression
2019/03/23-11:21:40.548491 7fe6802db700        Options.compression[1]: NoCompression
2019/03/23-11:21:40.548493 7fe6802db700        Options.compression[2]: LZ4
2019/03/23-11:21:40.548494 7fe6802db700        Options.compression[3]: LZ4
2019/03/23-11:21:40.548495 7fe6802db700        Options.compression[4]: LZ4
2019/03/23-11:21:40.548496 7fe6802db700        Options.compression[5]: LZ4
2019/03/23-11:21:40.548497 7fe6802db700        Options.compression[6]: LZ4
2019/03/23-11:21:40.548498 7fe6802db700                  Options.bottommost_compression: Disabled
2019/03/23-11:21:40.548499 7fe6802db700       Options.prefix_extractor: nullptr
2019/03/23-11:21:40.548500 7fe6802db700   Options.memtable_insert_with_hint_prefix_extractor: nullptr
2019/03/23-11:21:40.548501 7fe6802db700             Options.num_levels: 7
2019/03/23-11:21:40.548502 7fe6802db700        Options.min_write_buffer_number_to_merge: 2
2019/03/23-11:21:40.548503 7fe6802db700     Options.max_write_buffer_number_to_maintain: 0
2019/03/23-11:21:40.548504 7fe6802db700            Options.compression_opts.window_bits: -14
2019/03/23-11:21:40.548505 7fe6802db700                  Options.compression_opts.level: -1
2019/03/23-11:21:40.548506 7fe6802db700               Options.compression_opts.strategy: 0
2019/03/23-11:21:40.548507 7fe6802db700         Options.compression_opts.max_dict_bytes: 0
2019/03/23-11:21:40.548508 7fe6802db700         Options.compression_opts.zstd_max_train_bytes: 0
2019/03/23-11:21:40.548509 7fe6802db700      Options.level0_file_num_compaction_trigger: 2
2019/03/23-11:21:40.548510 7fe6802db700          Options.level0_slowdown_writes_trigger: 20
2019/03/23-11:21:40.548511 7fe6802db700              Options.level0_stop_writes_trigger: 36
2019/03/23-11:21:40.548512 7fe6802db700                   Options.target_file_size_base: 67108864
2019/03/23-11:21:40.548513 7fe6802db700             Options.target_file_size_multiplier: 1
2019/03/23-11:21:40.548514 7fe6802db700                Options.max_bytes_for_level_base: 536870912
2019/03/23-11:21:40.548515 7fe6802db700 Options.level_compaction_dynamic_level_bytes: 0
2019/03/23-11:21:40.548516 7fe6802db700          Options.max_bytes_for_level_multiplier: 10.000000
2019/03/23-11:21:40.548520 7fe6802db700 Options.max_bytes_for_level_multiplier_addtl[0]: 1
2019/03/23-11:21:40.548521 7fe6802db700 Options.max_bytes_for_level_multiplier_addtl[1]: 1
2019/03/23-11:21:40.548522 7fe6802db700 Options.max_bytes_for_level_multiplier_addtl[2]: 1
2019/03/23-11:21:40.548523 7fe6802db700 Options.max_bytes_for_level_multiplier_addtl[3]: 1
2019/03/23-11:21:40.548524 7fe6802db700 Options.max_bytes_for_level_multiplier_addtl[4]: 1
2019/03/23-11:21:40.548525 7fe6802db700 Options.max_bytes_for_level_multiplier_addtl[5]: 1
2019/03/23-11:21:40.548526 7fe6802db700 Options.max_bytes_for_level_multiplier_addtl[6]: 1
2019/03/23-11:21:40.548527 7fe6802db700       Options.max_sequential_skip_in_iterations: 8
2019/03/23-11:21:40.548528 7fe6802db700                    Options.max_compaction_bytes: 1677721600
2019/03/23-11:21:40.548535 7fe6802db700                        Options.arena_block_size: 16777216
2019/03/23-11:21:40.548536 7fe6802db700   Options.soft_pending_compaction_bytes_limit: 68719476736
2019/03/23-11:21:40.548537 7fe6802db700   Options.hard_pending_compaction_bytes_limit: 274877906944
2019/03/23-11:21:40.548538 7fe6802db700       Options.rate_limit_delay_max_milliseconds: 100
2019/03/23-11:21:40.548539 7fe6802db700                Options.disable_auto_compactions: 0
2019/03/23-11:21:40.548541 7fe6802db700                        Options.compaction_style: kCompactionStyleLevel
2019/03/23-11:21:40.548543 7fe6802db700                          Options.compaction_pri: kByCompensatedSize
2019/03/23-11:21:40.548544 7fe6802db700 Options.compaction_options_universal.size_ratio: 1
2019/03/23-11:21:40.548545 7fe6802db700 Options.compaction_options_universal.min_merge_width: 2
2019/03/23-11:21:40.548546 7fe6802db700 Options.compaction_options_universal.max_merge_width: 4294967295
2019/03/23-11:21:40.548547 7fe6802db700 Options.compaction_options_universal.max_size_amplification_percent: 200
2019/03/23-11:21:40.548548 7fe6802db700 Options.compaction_options_universal.compression_size_percent: -1
2019/03/23-11:21:40.548550 7fe6802db700 Options.compaction_options_universal.stop_style: kCompactionStopStyleTotalSize
2019/03/23-11:21:40.548551 7fe6802db700 Options.compaction_options_fifo.max_table_files_size: 1073741824
2019/03/23-11:21:40.548552 7fe6802db700 Options.compaction_options_fifo.allow_compaction: 0
2019/03/23-11:21:40.548553 7fe6802db700 Options.compaction_options_fifo.ttl: 0
2019/03/23-11:21:40.548554 7fe6802db700                   Options.table_properties_collectors: 
2019/03/23-11:21:40.548555 7fe6802db700                   Options.inplace_update_support: 0
2019/03/23-11:21:40.548556 7fe6802db700                 Options.inplace_update_num_locks: 10000
2019/03/23-11:21:40.548557 7fe6802db700               Options.memtable_prefix_bloom_size_ratio: 0.000000
2019/03/23-11:21:40.548558 7fe6802db700   Options.memtable_huge_page_size: 0
2019/03/23-11:21:40.548559 7fe6802db700                           Options.bloom_locality: 0
2019/03/23-11:21:40.548560 7fe6802db700                    Options.max_successive_merges: 0
2019/03/23-11:21:40.548561 7fe6802db700                Options.optimize_filters_for_hits: 0
2019/03/23-11:21:40.548562 7fe6802db700                Options.paranoid_file_checks: 0
2019/03/23-11:21:40.548563 7fe6802db700                Options.force_consistency_checks: 0
2019/03/23-11:21:40.548564 7fe6802db700                Options.report_bg_io_stats: 0
2019/03/23-11:21:40.548565 7fe6802db700                               Options.ttl: 0
2019/03/23-11:21:40.549075 7fe6802db700 [db/column_family.cc:475] --------------- Options for column family [usertable]:
2019/03/23-11:21:40.549080 7fe6802db700               Options.comparator: leveldb.BytewiseComparator
2019/03/23-11:21:40.549082 7fe6802db700           Options.merge_operator: None
2019/03/23-11:21:40.549083 7fe6802db700        Options.compaction_filter: None
2019/03/23-11:21:40.549084 7fe6802db700        Options.compaction_filter_factory: None
2019/03/23-11:21:40.549085 7fe6802db700         Options.memtable_factory: SkipListFactory
2019/03/23-11:21:40.549086 7fe6802db700            Options.table_factory: BlockBasedTable
2019/03/23-11:21:40.549111 7fe6802db700            table_factory options:   flush_block_policy_factory: FlushBlockBySizePolicyFactory (0x7fe59c3d0e80)
  cache_index_and_filter_blocks: 0
  cache_index_and_filter_blocks_with_high_priority: 0
  pin_l0_filter_and_index_blocks_in_cache: 0
  index_type: 0
  hash_index_allow_collision: 1
  checksum: 1
  no_block_cache: 0
  block_cache: 0x7fe59c3d6fe0
  block_cache_name: LRUCache
  block_cache_options:
    capacity : 8388608
    num_shard_bits : 4
    strict_capacity_limit : 0
    high_pri_pool_ratio: 0.000
  block_cache_compressed: (nil)
  persistent_cache: (nil)
  block_size: 8192
  block_size_deviation: 10
  block_restart_interval: 16
  index_block_restart_interval: 1
  metadata_block_size: 4096
  partition_filters: 0
  use_delta_encoding: 1
  filter_policy: nullptr
  whole_key_filtering: 1
  verify_compression: 0
  read_amp_bytes_per_bit: 0
  format_version: 2
  enable_index_compression: 1
  block_align: 0
2019/03/23-11:21:40.549130 7fe6802db700        Options.write_buffer_size: 134217728
2019/03/23-11:21:40.549132 7fe6802db700  Options.max_write_buffer_number: 24
2019/03/23-11:21:40.549133 7fe6802db700        Options.compression[0]: NoCompression
2019/03/23-11:21:40.549135 7fe6802db700        Options.compression[1]: NoCompression
2019/03/23-11:21:40.549136 7fe6802db700        Options.compression[2]: LZ4
2019/03/23-11:21:40.549137 7fe6802db700        Options.compression[3]: LZ4
2019/03/23-11:21:40.549138 7fe6802db700        Options.compression[4]: LZ4
2019/03/23-11:21:40.549139 7fe6802db700        Options.compression[5]: LZ4
2019/03/23-11:21:40.549140 7fe6802db700        Options.compression[6]: LZ4
2019/03/23-11:21:40.549141 7fe6802db700                  Options.bottommost_compression: Disabled
2019/03/23-11:21:40.549142 7fe6802db700       Options.prefix_extractor: nullptr
2019/03/23-11:21:40.549143 7fe6802db700   Options.memtable_insert_with_hint_prefix_extractor: nullptr
2019/03/23-11:21:40.549144 7fe6802db700             Options.num_levels: 7
2019/03/23-11:21:40.549145 7fe6802db700        Options.min_write_buffer_number_to_merge: 2
2019/03/23-11:21:40.549146 7fe6802db700     Options.max_write_buffer_number_to_maintain: 0
2019/03/23-11:21:40.549147 7fe6802db700            Options.compression_opts.window_bits: -14
2019/03/23-11:21:40.549148 7fe6802db700                  Options.compression_opts.level: -1
2019/03/23-11:21:40.549149 7fe6802db700               Options.compression_opts.strategy: 0
2019/03/23-11:21:40.549150 7fe6802db700         Options.compression_opts.max_dict_bytes: 0
2019/03/23-11:21:40.549151 7fe6802db700         Options.compression_opts.zstd_max_train_bytes: 0
2019/03/23-11:21:40.549152 7fe6802db700      Options.level0_file_num_compaction_trigger: 2
2019/03/23-11:21:40.549153 7fe6802db700          Options.level0_slowdown_writes_trigger: 20
2019/03/23-11:21:40.549154 7fe6802db700              Options.level0_stop_writes_trigger: 36
2019/03/23-11:21:40.549155 7fe6802db700                   Options.target_file_size_base: 67108864
2019/03/23-11:21:40.549156 7fe6802db700             Options.target_file_size_multiplier: 1
2019/03/23-11:21:40.549157 7fe6802db700                Options.max_bytes_for_level_base: 536870912
2019/03/23-11:21:40.549158 7fe6802db700 Options.level_compaction_dynamic_level_bytes: 0
2019/03/23-11:21:40.549159 7fe6802db700          Options.max_bytes_for_level_multiplier: 10.000000
2019/03/23-11:21:40.549162 7fe6802db700 Options.max_bytes_for_level_multiplier_addtl[0]: 1
2019/03/23-11:21:40.549163 7fe6802db700 Options.max_bytes_for_level_multiplier_addtl[1]: 1
2019/03/23-11:21:40.549164 7fe6802db700 Options.max_bytes_for_level_multiplier_addtl[2]: 1
2019/03/23-11:21:40.549165 7fe6802db700 Options.max_bytes_for_level_multiplier_addtl[3]: 1
2019/03/23-11:21:40.549166 7fe6802db700 Options.max_bytes_for_level_multiplier_addtl[4]: 1
2019/03/23-11:21:40.549167 7fe6802db700 Options.max_bytes_for_level_multiplier_addtl[5]: 1
2019/03/23-11:21:40.549168 7fe6802db700 Options.max_bytes_for_level_multiplier_addtl[6]: 1
2019/03/23-11:21:40.549169 7fe6802db700       Options.max_sequential_skip_in_iterations: 8
2019/03/23-11:21:40.549170 7fe6802db700                    Options.max_compaction_bytes: 1677721600
2019/03/23-11:21:40.549171 7fe6802db700                        Options.arena_block_size: 16777216
2019/03/23-11:21:40.549172 7fe6802db700   Options.soft_pending_compaction_bytes_limit: 68719476736
2019/03/23-11:21:40.549173 7fe6802db700   Options.hard_pending_compaction_bytes_limit: 274877906944
2019/03/23-11:21:40.549174 7fe6802db700       Options.rate_limit_delay_max_milliseconds: 100
2019/03/23-11:21:40.549175 7fe6802db700                Options.disable_auto_compactions: 0
2019/03/23-11:21:40.549176 7fe6802db700                        Options.compaction_style: kCompactionStyleLevel
2019/03/23-11:21:40.549184 7fe6802db700                          Options.compaction_pri: kByCompensatedSize
2019/03/23-11:21:40.549185 7fe6802db700 Options.compaction_options_universal.size_ratio: 1
2019/03/23-11:21:40.549186 7fe6802db700 Options.compaction_options_universal.min_merge_width: 2
2019/03/23-11:21:40.549187 7fe6802db700 Options.compaction_options_universal.max_merge_width: 4294967295
2019/03/23-11:21:40.549188 7fe6802db700 Options.compaction_options_universal.max_size_amplification_percent: 200
2019/03/23-11:21:40.549189 7fe6802db700 Options.compaction_options_universal.compression_size_percent: -1
2019/03/23-11:21:40.549190 7fe6802db700 Options.compaction_options_universal.stop_style: kCompactionStopStyleTotalSize
2019/03/23-11:21:40.549191 7fe6802db700 Options.compaction_options_fifo.max_table_files_size: 1073741824
2019/03/23-11:21:40.549192 7fe6802db700 Options.compaction_options_fifo.allow_compaction: 0
2019/03/23-11:21:40.549193 7fe6802db700 Options.compaction_options_fifo.ttl: 0
2019/03/23-11:21:40.549194 7fe6802db700                   Options.table_properties_collectors: 
2019/03/23-11:21:40.549195 7fe6802db700                   Options.inplace_update_support: 0
2019/03/23-11:21:40.549196 7fe6802db700                 Options.inplace_update_num_locks: 10000
2019/03/23-11:21:40.549197 7fe6802db700               Options.memtable_prefix_bloom_size_ratio: 0.000000
2019/03/23-11:21:40.549199 7fe6802db700   Options.memtable_huge_page_size: 0
2019/03/23-11:21:40.549200 7fe6802db700                           Options.bloom_locality: 0
2019/03/23-11:21:40.549201 7fe6802db700                    Options.max_successive_merges: 0
2019/03/23-11:21:40.549202 7fe6802db700                Options.optimize_filters_for_hits: 0
2019/03/23-11:21:40.549203 7fe6802db700                Options.paranoid_file_checks: 0
2019/03/23-11:21:40.549204 7fe6802db700                Options.force_consistency_checks: 0
2019/03/23-11:21:40.549205 7fe6802db700                Options.report_bg_io_stats: 0
2019/03/23-11:21:40.549206 7fe6802db700                               Options.ttl: 0
2019/03/23-11:21:41.118106 7fe6802db700 [db/version_set.cc:3361] Recovered from manifest file:/mnt/sdd/ycsb-rocksdb-data/MANIFEST-000004 succeeded,manifest_file_number is 4, next_file_number is 1346, last_sequence is 10415996, log_number is 0,prev_log_number is 0,max_column_family is 1,min_log_number_to_keep is 0
2019/03/23-11:21:41.118116 7fe6802db700 [db/version_set.cc:3369] Column family [default] (ID 0), log number is 0
2019/03/23-11:21:41.118118 7fe6802db700 [db/version_set.cc:3369] Column family [usertable] (ID 1), log number is 1339
2019/03/23-11:21:41.120173 7fe6802db700 EVENT_LOG_v1 {"time_micros": 1553365301120148, "job": 1, "event": "recovery_started", "log_files": [1339, 1345]}
2019/03/23-11:21:41.120181 7fe6802db700 [db/db_impl_open.cc:551] Recovering log #1339 mode 2
2019/03/23-11:21:41.483877 7fe6802db700 [db/db_impl_open.cc:551] Recovering log #1345 mode 2
2019/03/23-11:21:42.051904 7fe6802db700 EVENT_LOG_v1 {"time_micros": 1553365302051871, "cf_name": "usertable", "job": 1, "event": "table_file_creation", "file_number": 1346, "file_size": 129895355, "table_properties": {"data_size": 129317910, "index_size": 576523, "filter_size": 0, "raw_key_size": 752760, "raw_average_key_size": 24, "raw_value_size": 128471040, "raw_average_value_size": 4096, "num_data_blocks": 15683, "num_entries": 31365, "filter_policy_name": "", "kDeletedKeys": "0", "kMergeOperands": "0"}}
2019/03/23-11:21:42.222054 7fe6802db700 [db/version_set.cc:2847] Creating manifest 1347
2019/03/23-11:21:42.531699 7fe6802db700 EVENT_LOG_v1 {"time_micros": 1553365302531676, "cf_name": "usertable", "job": 1, "event": "table_file_creation", "file_number": 1348, "file_size": 55697042, "table_properties": {"data_size": 55447597, "index_size": 248524, "filter_size": 0, "raw_key_size": 322752, "raw_average_key_size": 24, "raw_value_size": 55083008, "raw_average_value_size": 4096, "num_data_blocks": 6724, "num_entries": 13448, "filter_policy_name": "", "kDeletedKeys": "0", "kMergeOperands": "0"}}
2019/03/23-11:21:42.564970 7fe6802db700 EVENT_LOG_v1 {"time_micros": 1553365302564960, "job": 1, "event": "recovery_finished"}
2019/03/23-11:21:42.643227 7fe6802db700 [db/db_impl_open.cc:1219] DB pointer 0x7fe59c3d30f0
2019/03/23-11:21:42.643506 7fe67ae80700 [WARN] [db/db_impl.cc:491] ------- DUMPING STATS -------
2019/03/23-11:21:42.643552 7fe67ae80700 [WARN] [db/db_impl.cc:492] 
** DB Stats **
Uptime(secs): 2.1 total, 2.1 interval
Cumulative writes: 0 writes, 0 keys, 0 commit groups, 0.0 writes per commit group, ingest: 0.00 GB, 0.00 MB/s
Cumulative WAL: 0 writes, 0 syncs, 0.00 writes per sync, written: 0.00 GB, 0.00 MB/s
Cumulative stall: 00:00:0.000 H:M:S, 0.0 percent
Interval writes: 0 writes, 0 keys, 0 commit groups, 0.0 writes per commit group, ingest: 0.00 MB, 0.00 MB/s
Interval WAL: 0 writes, 0 syncs, 0.00 writes per sync, written: 0.00 MB, 0.00 MB/s
Interval stall: 00:00:0.000 H:M:S, 0.0 percent

** Compaction Stats [default] **
Level    Files   Size     Score Read(GB)  Rn(GB) Rnp1(GB) Write(GB) Wnew(GB) Moved(GB) W-Amp Rd(MB/s) Wr(MB/s) Comp(sec) Comp(cnt) Avg(sec) KeyIn KeyDrop
----------------------------------------------------------------------------------------------------------------------------------------------------------
 Sum      0/0    0.00 KB   0.0      0.0     0.0      0.0       0.0      0.0       0.0   0.0      0.0      0.0         0         0    0.000       0      0
 Int      0/0    0.00 KB   0.0      0.0     0.0      0.0       0.0      0.0       0.0   0.0      0.0      0.0         0         0    0.000       0      0
Uptime(secs): 2.1 total, 2.1 interval
Flush(GB): cumulative 0.000, interval 0.000
AddFile(GB): cumulative 0.000, interval 0.000
AddFile(Total Files): cumulative 0, interval 0
AddFile(L0 Files): cumulative 0, interval 0
AddFile(Keys): cumulative 0, interval 0
Cumulative compaction: 0.00 GB write, 0.00 MB/s write, 0.00 GB read, 0.00 MB/s read, 0.0 seconds
Interval compaction: 0.00 GB write, 0.00 MB/s write, 0.00 GB read, 0.00 MB/s read, 0.0 seconds
Stalls(count): 0 level0_slowdown, 0 level0_slowdown_with_compaction, 0 level0_numfiles, 0 level0_numfiles_with_compaction, 0 stop for pending_compaction_bytes, 0 slowdown for pending_compaction_bytes, 0 memtable_compaction, 0 memtable_slowdown, interval 0 total count

** File Read Latency Histogram By Level [default] **

** Compaction Stats [usertable] **
Level    Files   Size     Score Read(GB)  Rn(GB) Rnp1(GB) Write(GB) Wnew(GB) Moved(GB) W-Amp Rd(MB/s) Wr(MB/s) Comp(sec) Comp(cnt) Avg(sec) KeyIn KeyDrop
----------------------------------------------------------------------------------------------------------------------------------------------------------
  L0      3/0   360.63 MB   1.5      0.0     0.0      0.0       0.2      0.2       0.0   1.0      0.0    224.3         1         2    0.395       0      0
  L1      7/0   428.01 MB   0.8      0.0     0.0      0.0       0.0      0.0       0.0   0.0      0.0      0.0         0         0    0.000       0      0
  L2    159/0    4.97 GB   1.0      0.0     0.0      0.0       0.0      0.0       0.0   0.0      0.0      0.0         0         0    0.000       0      0
  L3    550/0   34.44 GB   0.7      0.0     0.0      0.0       0.0      0.0       0.0   0.0      0.0      0.0         0         0    0.000       0      0
 Sum    719/0   40.18 GB   0.0      0.0     0.0      0.0       0.2      0.2       0.0   1.0      0.0    224.3         1         2    0.395       0      0
 Int      0/0    0.00 KB   0.0      0.0     0.0      0.0       0.2      0.2       0.0   1.0      0.0    224.3         1         2    0.395       0      0
Uptime(secs): 2.1 total, 2.1 interval
Flush(GB): cumulative 0.173, interval 0.173
AddFile(GB): cumulative 0.000, interval 0.000
AddFile(Total Files): cumulative 0, interval 0
AddFile(L0 Files): cumulative 0, interval 0
AddFile(Keys): cumulative 0, interval 0
Cumulative compaction: 0.17 GB write, 84.51 MB/s write, 0.00 GB read, 0.00 MB/s read, 0.8 seconds
Interval compaction: 0.17 GB write, 84.51 MB/s write, 0.00 GB read, 0.00 MB/s read, 0.8 seconds
Stalls(count): 0 level0_slowdown, 0 level0_slowdown_with_compaction, 0 level0_numfiles, 0 level0_numfiles_with_compaction, 0 stop for pending_compaction_bytes, 0 slowdown for pending_compaction_bytes, 0 memtable_compaction, 0 memtable_slowdown, interval 0 total count

** File Read Latency Histogram By Level [usertable] **

** Compaction Stats [default] **
Level    Files   Size     Score Read(GB)  Rn(GB) Rnp1(GB) Write(GB) Wnew(GB) Moved(GB) W-Amp Rd(MB/s) Wr(MB/s) Comp(sec) Comp(cnt) Avg(sec) KeyIn KeyDrop
----------------------------------------------------------------------------------------------------------------------------------------------------------
 Sum      0/0    0.00 KB   0.0      0.0     0.0      0.0       0.0      0.0       0.0   0.0      0.0      0.0         0         0    0.000       0      0
 Int      0/0    0.00 KB   0.0      0.0     0.0      0.0       0.0      0.0       0.0   0.0      0.0      0.0         0         0    0.000       0      0
Uptime(secs): 2.1 total, 0.0 interval
Flush(GB): cumulative 0.000, interval 0.000
AddFile(GB): cumulative 0.000, interval 0.000
AddFile(Total Files): cumulative 0, interval 0
AddFile(L0 Files): cumulative 0, interval 0
AddFile(Keys): cumulative 0, interval 0
Cumulative compaction: 0.00 GB write, 0.00 MB/s write, 0.00 GB read, 0.00 MB/s read, 0.0 seconds
Interval compaction: 0.00 GB write, 0.00 MB/s write, 0.00 GB read, 0.00 MB/s read, 0.0 seconds
Stalls(count): 0 level0_slowdown, 0 level0_slowdown_with_compaction, 0 level0_numfiles, 0 level0_numfiles_with_compaction, 0 stop for pending_compaction_bytes, 0 slowdown for pending_compaction_bytes, 0 memtable_compaction, 0 memtable_slowdown, interval 0 total count

** File Read Latency Histogram By Level [default] **

** Compaction Stats [usertable] **
Level    Files   Size     Score Read(GB)  Rn(GB) Rnp1(GB) Write(GB) Wnew(GB) Moved(GB) W-Amp Rd(MB/s) Wr(MB/s) Comp(sec) Comp(cnt) Avg(sec) KeyIn KeyDrop
----------------------------------------------------------------------------------------------------------------------------------------------------------
  L0      3/0   360.63 MB   1.5      0.0     0.0      0.0       0.2      0.2       0.0   1.0      0.0    224.3         1         2    0.395       0      0
  L1      7/0   428.01 MB   0.8      0.0     0.0      0.0       0.0      0.0       0.0   0.0      0.0      0.0         0         0    0.000       0      0
  L2    159/0    4.97 GB   1.0      0.0     0.0      0.0       0.0      0.0       0.0   0.0      0.0      0.0         0         0    0.000       0      0
  L3    550/0   34.44 GB   0.7      0.0     0.0      0.0       0.0      0.0       0.0   0.0      0.0      0.0         0         0    0.000       0      0
 Sum    719/0   40.18 GB   0.0      0.0     0.0      0.0       0.2      0.2       0.0   1.0      0.0    224.3         1         2    0.395       0      0
 Int      0/0    0.00 KB   0.0      0.0     0.0      0.0       0.0      0.0       0.0   0.0      0.0      0.0         0         0    0.000       0      0
Uptime(secs): 2.1 total, 0.0 interval
Flush(GB): cumulative 0.173, interval 0.000
AddFile(GB): cumulative 0.000, interval 0.000
AddFile(Total Files): cumulative 0, interval 0
AddFile(L0 Files): cumulative 0, interval 0
AddFile(Keys): cumulative 0, interval 0
Cumulative compaction: 0.17 GB write, 84.51 MB/s write, 0.00 GB read, 0.00 MB/s read, 0.8 seconds
Interval compaction: 0.00 GB write, 0.00 MB/s write, 0.00 GB read, 0.00 MB/s read, 0.0 seconds
Stalls(count): 0 level0_slowdown, 0 level0_slowdown_with_compaction, 0 level0_numfiles, 0 level0_numfiles_with_compaction, 0 stop for pending_compaction_bytes, 0 slowdown for pending_compaction_bytes, 0 memtable_compaction, 0 memtable_slowdown, interval 0 total count

** File Read Latency Histogram By Level [usertable] **
2019/03/23-11:21:42.643714 7fe67ae80700 [db/compaction_job.cc:1531] [usertable] [JOB 3] Compacting 1@0 files to L1, score 1.50
2019/03/23-11:21:42.643722 7fe67ae80700 [db/compaction_job.cc:1535] [usertable] Compaction start summary: Base version 5 Base level 0, inputs: [1285(183MB)]
2019/03/23-11:21:42.643748 7fe67ae80700 EVENT_LOG_v1 {"time_micros": 1553365302643732, "job": 3, "event": "compaction_started", "compaction_reason": "LevelL0FilesNum", "files_L0": [1285], "score": 1.5, "input_data_size": 192550400}
2019/03/23-11:21:43.313255 7fe67ae80700 [db/compaction_job.cc:1211] [usertable] [JOB 3] Generated table #1352: 16279 keys, 67418360 bytes
2019/03/23-11:21:43.313340 7fe67ae80700 EVENT_LOG_v1 {"time_micros": 1553365303313292, "cf_name": "usertable", "job": 3, "event": "table_file_creation", "file_number": 1352, "file_size": 67418360, "table_properties": {"data_size": 67118331, "index_size": 299108, "filter_size": 0, "raw_key_size": 390696, "raw_average_key_size": 24, "raw_value_size": 66678784, "raw_average_value_size": 4096, "num_data_blocks": 8140, "num_entries": 16279, "filter_policy_name": "", "kDeletedKeys": "0", "kMergeOperands": "0"}}
2019/03/23-11:21:43.956291 7fe67ae80700 [db/compaction_job.cc:1211] [usertable] [JOB 3] Generated table #1353: 16279 keys, 67421976 bytes
2019/03/23-11:21:43.956333 7fe67ae80700 EVENT_LOG_v1 {"time_micros": 1553365303956316, "cf_name": "usertable", "job": 3, "event": "table_file_creation", "file_number": 1353, "file_size": 67421976, "table_properties": {"data_size": 67120139, "index_size": 300916, "filter_size": 0, "raw_key_size": 390696, "raw_average_key_size": 24, "raw_value_size": 66678784, "raw_average_value_size": 4096, "num_data_blocks": 8140, "num_entries": 16279, "filter_policy_name": "", "kDeletedKeys": "0", "kMergeOperands": "0"}}
2019/03/23-11:21:44.545146 7fe67ae80700 [db/compaction_job.cc:1211] [usertable] [JOB 3] Generated table #1354: 13936 keys, 57715053 bytes
2019/03/23-11:21:44.545189 7fe67ae80700 EVENT_LOG_v1 {"time_micros": 1553365304545172, "cf_name": "usertable", "job": 3, "event": "table_file_creation", "file_number": 1354, "file_size": 57715053, "table_properties": {"data_size": 57458128, "index_size": 256004, "filter_size": 0, "raw_key_size": 334464, "raw_average_key_size": 24, "raw_value_size": 57081856, "raw_average_value_size": 4096, "num_data_blocks": 6968, "num_entries": 13936, "filter_policy_name": "", "kDeletedKeys": "0", "kMergeOperands": "0"}}
2019/03/23-11:21:44.545249 7fe67ae80700 [db/compaction_job.cc:1287] [usertable] [JOB 3] Compacted 1@0 files to L1 => 192555389 bytes
2019/03/23-11:21:44.628671 7fe67ae80700 (Original Log Time 2019/03/23-11:21:44.628492) [db/compaction_job.cc:685] [usertable] compacted to: base level 1 max bytes base 536870912 files[2 10 159 550 0 0 0] max score 1.19, MB/sec: 101.3 rd, 101.3 wr, level 1, files in(1, 0) out(3) MB in(183.6, 0.0) out(183.6), read-write-amplify(2.0) write-amplify(1.0) OK, records in: 46494, records dropped: 0 output_compression: NoCompression
2019/03/23-11:21:44.628682 7fe67ae80700 (Original Log Time 2019/03/23-11:21:44.628547) EVENT_LOG_v1 {"time_micros": 1553365304628526, "job": 3, "event": "compaction_finished", "compaction_time_micros": 1901465, "output_level": 1, "num_output_files": 3, "total_output_size": 192555389, "num_input_records": 46494, "num_output_records": 46494, "num_subcompactions": 1, "output_compression": "NoCompression", "num_single_delete_mismatches": 0, "num_single_delete_fallthrough": 0, "lsm_state": [2, 10, 159, 550, 0, 0, 0]}
2019/03/23-11:21:44.628769 7fe67ae80700 [db/compaction_job.cc:1531] [usertable] [JOB 4] Compacting 1@1 files to L2, score 1.19
2019/03/23-11:21:44.628777 7fe67ae80700 [db/compaction_job.cc:1535] [usertable] Compaction start summary: Base version 6 Base level 1, inputs: [129(64MB)]
2019/03/23-11:21:44.628798 7fe67ae80700 EVENT_LOG_v1 {"time_micros": 1553365304628784, "job": 4, "event": "compaction_started", "compaction_reason": "LevelMaxLevelSize", "files_L1": [129], "score": 1.19462, "input_data_size": 67421980}
2019/03/23-11:21:46.216474 7fe67ae80700 [db/compaction_job.cc:1211] [usertable] [JOB 4] Generated table #1355: 16279 keys, 67233566 bytes
2019/03/23-11:21:46.216517 7fe67ae80700 EVENT_LOG_v1 {"time_micros": 1553365306216500, "cf_name": "usertable", "job": 4, "event": "table_file_creation", "file_number": 1355, "file_size": 67233566, "table_properties": {"data_size": 67120143, "index_size": 300916, "filter_size": 0, "raw_key_size": 390696, "raw_average_key_size": 24, "raw_value_size": 66678784, "raw_average_value_size": 4096, "num_data_blocks": 8140, "num_entries": 16279, "filter_policy_name": "", "kDeletedKeys": "0", "kMergeOperands": "0"}}
2019/03/23-11:21:46.216564 7fe67ae80700 [db/compaction_job.cc:1287] [usertable] [JOB 4] Compacted 1@1 files to L2 => 67233566 bytes
2019/03/23-11:21:46.250236 7fe67ae80700 (Original Log Time 2019/03/23-11:21:46.250094) [db/compaction_job.cc:685] [usertable] compacted to: base level 1 max bytes base 536870912 files[2 9 160 550 0 0 0] max score 1.07, MB/sec: 42.5 rd, 42.3 wr, level 2, files in(1, 0) out(1) MB in(64.3, 0.0) out(64.1), read-write-amplify(2.0) write-amplify(1.0) OK, records in: 16279, records dropped: 0 output_compression: LZ4
2019/03/23-11:21:46.250248 7fe67ae80700 (Original Log Time 2019/03/23-11:21:46.250138) EVENT_LOG_v1 {"time_micros": 1553365306250124, "job": 4, "event": "compaction_finished", "compaction_time_micros": 1587738, "output_level": 2, "num_output_files": 1, "total_output_size": 67233566, "num_input_records": 16279, "num_output_records": 16279, "num_subcompactions": 1, "output_compression": "LZ4", "num_single_delete_mismatches": 0, "num_single_delete_fallthrough": 0, "lsm_state": [2, 9, 160, 550, 0, 0, 0]}
2019/03/23-11:21:46.268182 7fe67ae80700 EVENT_LOG_v1 {"time_micros": 1553365306268174, "job": 4, "event": "table_file_deletion", "file_number": 1285}
2019/03/23-11:21:46.268376 7fe679e7e700 [db/compaction_job.cc:1531] [usertable] [JOB 5] Compacting 1@1 files to L2, score 1.07
2019/03/23-11:21:46.268390 7fe679e7e700 [db/compaction_job.cc:1535] [usertable] Compaction start summary: Base version 7 Base level 1, inputs: [131(64MB)]
2019/03/23-11:21:46.268410 7fe679e7e700 EVENT_LOG_v1 {"time_micros": 1553365306268398, "job": 5, "event": "compaction_started", "compaction_reason": "LevelMaxLevelSize", "files_L1": [131], "score": 1.06903, "input_data_size": 67421977}
2019/03/23-11:21:47.029960 7fe679e7e700 [db/compaction_job.cc:1211] [usertable] [JOB 5] Generated table #1356: 16279 keys, 67233550 bytes
2019/03/23-11:21:47.030013 7fe679e7e700 EVENT_LOG_v1 {"time_micros": 1553365307029989, "cf_name": "usertable", "job": 5, "event": "table_file_creation", "file_number": 1356, "file_size": 67233550, "table_properties": {"data_size": 67120140, "index_size": 300916, "filter_size": 0, "raw_key_size": 390696, "raw_average_key_size": 24, "raw_value_size": 66678784, "raw_average_value_size": 4096, "num_data_blocks": 8140, "num_entries": 16279, "filter_policy_name": "", "kDeletedKeys": "0", "kMergeOperands": "0"}}
2019/03/23-11:21:47.030057 7fe679e7e700 [db/compaction_job.cc:1287] [usertable] [JOB 5] Compacted 1@1 files to L2 => 67233550 bytes
