2018/11/14-21:22:43.688609 7fbe001f9700 RocksDB version: 5.14.3
2018/11/14-21:22:43.688662 7fbe001f9700 Git sha rocksdb_build_git_sha:
2018/11/14-21:22:43.688664 7fbe001f9700 Compile date Oct 15 2018
2018/11/14-21:22:43.688673 7fbe001f9700 DB SUMMARY
2018/11/14-21:22:43.688695 7fbe001f9700 SST files in /mnt/sdb/ycsb-rocksdb-data dir, Total Num: 0, files: 
2018/11/14-21:22:43.688698 7fbe001f9700 Write Ahead Log file in /mnt/sdb/ycsb-rocksdb-data: 
2018/11/14-21:22:43.688700 7fbe001f9700                         Options.error_if_exists: 0
2018/11/14-21:22:43.688701 7fbe001f9700                       Options.create_if_missing: 1
2018/11/14-21:22:43.688702 7fbe001f9700                         Options.paranoid_checks: 1
2018/11/14-21:22:43.688703 7fbe001f9700                                     Options.env: 0x7fbdabef73e0
2018/11/14-21:22:43.688704 7fbe001f9700                                Options.info_log: 0x7fbdac3dc5e0
2018/11/14-21:22:43.688705 7fbe001f9700                Options.max_file_opening_threads: 16
2018/11/14-21:22:43.688706 7fbe001f9700                              Options.statistics: (nil)
2018/11/14-21:22:43.688707 7fbe001f9700                               Options.use_fsync: 0
2018/11/14-21:22:43.688708 7fbe001f9700                       Options.max_log_file_size: 0
2018/11/14-21:22:43.688709 7fbe001f9700                  Options.max_manifest_file_size: 18446744073709551615
2018/11/14-21:22:43.688710 7fbe001f9700                   Options.log_file_time_to_roll: 0
2018/11/14-21:22:43.688711 7fbe001f9700                       Options.keep_log_file_num: 1000
2018/11/14-21:22:43.688712 7fbe001f9700                    Options.recycle_log_file_num: 0
2018/11/14-21:22:43.688712 7fbe001f9700                         Options.allow_fallocate: 1
2018/11/14-21:22:43.688713 7fbe001f9700                        Options.allow_mmap_reads: 0
2018/11/14-21:22:43.688714 7fbe001f9700                       Options.allow_mmap_writes: 0
2018/11/14-21:22:43.688715 7fbe001f9700                        Options.use_direct_reads: 0
2018/11/14-21:22:43.688716 7fbe001f9700                        Options.use_direct_io_for_flush_and_compaction: 0
2018/11/14-21:22:43.688717 7fbe001f9700          Options.create_missing_column_families: 1
2018/11/14-21:22:43.688718 7fbe001f9700                              Options.db_log_dir: 
2018/11/14-21:22:43.688719 7fbe001f9700                                 Options.wal_dir: /mnt/sdb/ycsb-rocksdb-data
2018/11/14-21:22:43.688719 7fbe001f9700                Options.table_cache_numshardbits: 6
2018/11/14-21:22:43.688720 7fbe001f9700                      Options.max_subcompactions: 4
2018/11/14-21:22:43.688721 7fbe001f9700                  Options.max_background_flushes: 24
2018/11/14-21:22:43.688722 7fbe001f9700                         Options.WAL_ttl_seconds: 0
2018/11/14-21:22:43.688723 7fbe001f9700                       Options.WAL_size_limit_MB: 0
2018/11/14-21:22:43.688724 7fbe001f9700             Options.manifest_preallocation_size: 4194304
2018/11/14-21:22:43.688724 7fbe001f9700                     Options.is_fd_close_on_exec: 1
2018/11/14-21:22:43.688725 7fbe001f9700                   Options.advise_random_on_open: 1
2018/11/14-21:22:43.688726 7fbe001f9700                    Options.db_write_buffer_size: 0
2018/11/14-21:22:43.688727 7fbe001f9700                    Options.write_buffer_manager: 0x7fbdac3da820
2018/11/14-21:22:43.688728 7fbe001f9700         Options.access_hint_on_compaction_start: 1
2018/11/14-21:22:43.688729 7fbe001f9700  Options.new_table_reader_for_compaction_inputs: 0
2018/11/14-21:22:43.688729 7fbe001f9700           Options.random_access_max_buffer_size: 1048576
2018/11/14-21:22:43.688730 7fbe001f9700                      Options.use_adaptive_mutex: 0
2018/11/14-21:22:43.688731 7fbe001f9700                            Options.rate_limiter: (nil)
2018/11/14-21:22:43.688733 7fbe001f9700     Options.sst_file_manager.rate_bytes_per_sec: 0
2018/11/14-21:22:43.688734 7fbe001f9700                       Options.wal_recovery_mode: 2
2018/11/14-21:22:43.688734 7fbe001f9700                  Options.enable_thread_tracking: 0
2018/11/14-21:22:43.688735 7fbe001f9700                  Options.enable_pipelined_write: 1
2018/11/14-21:22:43.688745 7fbe001f9700         Options.allow_concurrent_memtable_write: 1
2018/11/14-21:22:43.688746 7fbe001f9700      Options.enable_write_thread_adaptive_yield: 1
2018/11/14-21:22:43.688747 7fbe001f9700             Options.write_thread_max_yield_usec: 100
2018/11/14-21:22:43.688748 7fbe001f9700            Options.write_thread_slow_yield_usec: 3
2018/11/14-21:22:43.688749 7fbe001f9700                               Options.row_cache: None
2018/11/14-21:22:43.688749 7fbe001f9700                              Options.wal_filter: None
2018/11/14-21:22:43.688750 7fbe001f9700             Options.avoid_flush_during_recovery: 0
2018/11/14-21:22:43.688751 7fbe001f9700             Options.allow_ingest_behind: 0
2018/11/14-21:22:43.688752 7fbe001f9700             Options.preserve_deletes: 0
2018/11/14-21:22:43.688753 7fbe001f9700             Options.two_write_queues: 0
2018/11/14-21:22:43.688754 7fbe001f9700             Options.manual_wal_flush: 0
2018/11/14-21:22:43.688756 7fbe001f9700             Options.max_background_jobs: 24
2018/11/14-21:22:43.688756 7fbe001f9700             Options.max_background_compactions: 24
2018/11/14-21:22:43.688757 7fbe001f9700             Options.avoid_flush_during_shutdown: 0
2018/11/14-21:22:43.688758 7fbe001f9700           Options.writable_file_max_buffer_size: 1048576
2018/11/14-21:22:43.688759 7fbe001f9700             Options.delayed_write_rate : 16777216
2018/11/14-21:22:43.688760 7fbe001f9700             Options.max_total_wal_size: 0
2018/11/14-21:22:43.688761 7fbe001f9700             Options.delete_obsolete_files_period_micros: 21600000000
2018/11/14-21:22:43.688762 7fbe001f9700                   Options.stats_dump_period_sec: 60
2018/11/14-21:22:43.688762 7fbe001f9700                          Options.max_open_files: -1
2018/11/14-21:22:43.688763 7fbe001f9700                          Options.bytes_per_sync: 1048576
2018/11/14-21:22:43.688764 7fbe001f9700                      Options.wal_bytes_per_sync: 0
2018/11/14-21:22:43.688765 7fbe001f9700       Options.compaction_readahead_size: 0
2018/11/14-21:22:43.688766 7fbe001f9700 Compression algorithms supported:
2018/11/14-21:22:43.688767 7fbe001f9700 	kZSTDNotFinalCompression supported: 1
2018/11/14-21:22:43.688774 7fbe001f9700 	kZSTD supported: 1
2018/11/14-21:22:43.688776 7fbe001f9700 	kXpressCompression supported: 0
2018/11/14-21:22:43.688777 7fbe001f9700 	kLZ4HCCompression supported: 1
2018/11/14-21:22:43.688778 7fbe001f9700 	kLZ4Compression supported: 1
2018/11/14-21:22:43.688779 7fbe001f9700 	kBZip2Compression supported: 1
2018/11/14-21:22:43.688780 7fbe001f9700 	kZlibCompression supported: 1
2018/11/14-21:22:43.688781 7fbe001f9700 	kSnappyCompression supported: 1
2018/11/14-21:22:43.688784 7fbe001f9700 Fast CRC32 supported: Supported on x86
2018/11/14-21:22:43.688851 7fbe001f9700 [db/db_impl_open.cc:222] Creating manifest 1 
2018/11/14-21:22:43.786844 7fbe001f9700 [db/version_set.cc:3085] Recovering from manifest file: MANIFEST-000001
2018/11/14-21:22:43.786923 7fbe001f9700 [db/column_family.cc:475] --------------- Options for column family [default]:
2018/11/14-21:22:43.786927 7fbe001f9700               Options.comparator: leveldb.BytewiseComparator
2018/11/14-21:22:43.786928 7fbe001f9700           Options.merge_operator: None
2018/11/14-21:22:43.786929 7fbe001f9700        Options.compaction_filter: None
2018/11/14-21:22:43.786929 7fbe001f9700        Options.compaction_filter_factory: None
2018/11/14-21:22:43.786930 7fbe001f9700         Options.memtable_factory: SkipListFactory
2018/11/14-21:22:43.786931 7fbe001f9700            Options.table_factory: BlockBasedTable
2018/11/14-21:22:43.786962 7fbe001f9700            table_factory options:   flush_block_policy_factory: FlushBlockBySizePolicyFactory (0x7fbdac386be0)
  cache_index_and_filter_blocks: 0
  cache_index_and_filter_blocks_with_high_priority: 0
  pin_l0_filter_and_index_blocks_in_cache: 0
  index_type: 0
  hash_index_allow_collision: 1
  checksum: 1
  no_block_cache: 0
  block_cache: 0x7fbdac38fe50
  block_cache_name: LRUCache
  block_cache_options:
    capacity : 8388608
    num_shard_bits : 4
    strict_capacity_limit : 0
    high_pri_pool_ratio: 0.000
  block_cache_compressed: (nil)
  persistent_cache: (nil)
  block_size: 8192
  block_size_deviation: 10
  block_restart_interval: 16
  index_block_restart_interval: 1
  metadata_block_size: 4096
  partition_filters: 0
  use_delta_encoding: 1
  filter_policy: nullptr
  whole_key_filtering: 1
  verify_compression: 0
  read_amp_bytes_per_bit: 0
  format_version: 2
  enable_index_compression: 1
  block_align: 0
2018/11/14-21:22:43.786991 7fbe001f9700        Options.write_buffer_size: 134217728
2018/11/14-21:22:43.786993 7fbe001f9700  Options.max_write_buffer_number: 24
2018/11/14-21:22:43.786994 7fbe001f9700        Options.compression[0]: NoCompression
2018/11/14-21:22:43.786995 7fbe001f9700        Options.compression[1]: NoCompression
2018/11/14-21:22:43.786996 7fbe001f9700        Options.compression[2]: LZ4
2018/11/14-21:22:43.786997 7fbe001f9700        Options.compression[3]: LZ4
2018/11/14-21:22:43.786998 7fbe001f9700        Options.compression[4]: LZ4
2018/11/14-21:22:43.786999 7fbe001f9700        Options.compression[5]: LZ4
2018/11/14-21:22:43.787000 7fbe001f9700        Options.compression[6]: LZ4
2018/11/14-21:22:43.787000 7fbe001f9700                  Options.bottommost_compression: Disabled
2018/11/14-21:22:43.787001 7fbe001f9700       Options.prefix_extractor: nullptr
2018/11/14-21:22:43.787003 7fbe001f9700   Options.memtable_insert_with_hint_prefix_extractor: nullptr
2018/11/14-21:22:43.787003 7fbe001f9700             Options.num_levels: 7
2018/11/14-21:22:43.787005 7fbe001f9700        Options.min_write_buffer_number_to_merge: 2
2018/11/14-21:22:43.787005 7fbe001f9700     Options.max_write_buffer_number_to_maintain: 0
2018/11/14-21:22:43.787006 7fbe001f9700            Options.compression_opts.window_bits: -14
2018/11/14-21:22:43.787007 7fbe001f9700                  Options.compression_opts.level: -1
2018/11/14-21:22:43.787008 7fbe001f9700               Options.compression_opts.strategy: 0
2018/11/14-21:22:43.787009 7fbe001f9700         Options.compression_opts.max_dict_bytes: 0
2018/11/14-21:22:43.787010 7fbe001f9700         Options.compression_opts.zstd_max_train_bytes: 0
2018/11/14-21:22:43.787011 7fbe001f9700      Options.level0_file_num_compaction_trigger: 2
2018/11/14-21:22:43.787012 7fbe001f9700          Options.level0_slowdown_writes_trigger: 20
2018/11/14-21:22:43.787013 7fbe001f9700              Options.level0_stop_writes_trigger: 36
2018/11/14-21:22:43.787013 7fbe001f9700                   Options.target_file_size_base: 67108864
2018/11/14-21:22:43.787014 7fbe001f9700             Options.target_file_size_multiplier: 1
2018/11/14-21:22:43.787015 7fbe001f9700                Options.max_bytes_for_level_base: 536870912
2018/11/14-21:22:43.787016 7fbe001f9700 Options.level_compaction_dynamic_level_bytes: 0
2018/11/14-21:22:43.787017 7fbe001f9700          Options.max_bytes_for_level_multiplier: 10.000000
2018/11/14-21:22:43.787020 7fbe001f9700 Options.max_bytes_for_level_multiplier_addtl[0]: 1
2018/11/14-21:22:43.787021 7fbe001f9700 Options.max_bytes_for_level_multiplier_addtl[1]: 1
2018/11/14-21:22:43.787022 7fbe001f9700 Options.max_bytes_for_level_multiplier_addtl[2]: 1
2018/11/14-21:22:43.787023 7fbe001f9700 Options.max_bytes_for_level_multiplier_addtl[3]: 1
2018/11/14-21:22:43.787023 7fbe001f9700 Options.max_bytes_for_level_multiplier_addtl[4]: 1
2018/11/14-21:22:43.787024 7fbe001f9700 Options.max_bytes_for_level_multiplier_addtl[5]: 1
2018/11/14-21:22:43.787025 7fbe001f9700 Options.max_bytes_for_level_multiplier_addtl[6]: 1
2018/11/14-21:22:43.787026 7fbe001f9700       Options.max_sequential_skip_in_iterations: 8
2018/11/14-21:22:43.787027 7fbe001f9700                    Options.max_compaction_bytes: 1677721600
2018/11/14-21:22:43.787027 7fbe001f9700                        Options.arena_block_size: 16777216
2018/11/14-21:22:43.787028 7fbe001f9700   Options.soft_pending_compaction_bytes_limit: 68719476736
2018/11/14-21:22:43.787029 7fbe001f9700   Options.hard_pending_compaction_bytes_limit: 274877906944
2018/11/14-21:22:43.787036 7fbe001f9700       Options.rate_limit_delay_max_milliseconds: 100
2018/11/14-21:22:43.787037 7fbe001f9700                Options.disable_auto_compactions: 0
2018/11/14-21:22:43.787040 7fbe001f9700                        Options.compaction_style: kCompactionStyleLevel
2018/11/14-21:22:43.787041 7fbe001f9700                          Options.compaction_pri: kByCompensatedSize
2018/11/14-21:22:43.787042 7fbe001f9700 Options.compaction_options_universal.size_ratio: 1
2018/11/14-21:22:43.787043 7fbe001f9700 Options.compaction_options_universal.min_merge_width: 2
2018/11/14-21:22:43.787043 7fbe001f9700 Options.compaction_options_universal.max_merge_width: 4294967295
2018/11/14-21:22:43.787044 7fbe001f9700 Options.compaction_options_universal.max_size_amplification_percent: 200
2018/11/14-21:22:43.787045 7fbe001f9700 Options.compaction_options_universal.compression_size_percent: -1
2018/11/14-21:22:43.787047 7fbe001f9700 Options.compaction_options_universal.stop_style: kCompactionStopStyleTotalSize
2018/11/14-21:22:43.787048 7fbe001f9700 Options.compaction_options_fifo.max_table_files_size: 1073741824
2018/11/14-21:22:43.787048 7fbe001f9700 Options.compaction_options_fifo.allow_compaction: 0
2018/11/14-21:22:43.787049 7fbe001f9700 Options.compaction_options_fifo.ttl: 0
2018/11/14-21:22:43.787050 7fbe001f9700                   Options.table_properties_collectors: 
2018/11/14-21:22:43.787051 7fbe001f9700                   Options.inplace_update_support: 0
2018/11/14-21:22:43.787052 7fbe001f9700                 Options.inplace_update_num_locks: 10000
2018/11/14-21:22:43.787053 7fbe001f9700               Options.memtable_prefix_bloom_size_ratio: 0.000000
2018/11/14-21:22:43.787055 7fbe001f9700   Options.memtable_huge_page_size: 0
2018/11/14-21:22:43.787056 7fbe001f9700                           Options.bloom_locality: 0
2018/11/14-21:22:43.787056 7fbe001f9700                    Options.max_successive_merges: 0
2018/11/14-21:22:43.787057 7fbe001f9700                Options.optimize_filters_for_hits: 0
2018/11/14-21:22:43.787058 7fbe001f9700                Options.paranoid_file_checks: 0
2018/11/14-21:22:43.787059 7fbe001f9700                Options.force_consistency_checks: 0
2018/11/14-21:22:43.787060 7fbe001f9700                Options.report_bg_io_stats: 0
2018/11/14-21:22:43.787061 7fbe001f9700                               Options.ttl: 0
2018/11/14-21:22:43.787924 7fbe001f9700 [db/version_set.cc:3361] Recovered from manifest file:/mnt/sdb/ycsb-rocksdb-data/MANIFEST-000001 succeeded,manifest_file_number is 1, next_file_number is 3, last_sequence is 0, log_number is 0,prev_log_number is 0,max_column_family is 0,min_log_number_to_keep is 0
2018/11/14-21:22:43.787933 7fbe001f9700 [db/version_set.cc:3369] Column family [default] (ID 0), log number is 0
2018/11/14-21:22:43.788178 7fbe001f9700 [db/version_set.cc:2847] Creating manifest 4
2018/11/14-21:22:43.858871 7fbe001f9700 [db/column_family.cc:475] --------------- Options for column family [usertable]:
2018/11/14-21:22:43.858875 7fbe001f9700               Options.comparator: leveldb.BytewiseComparator
2018/11/14-21:22:43.858877 7fbe001f9700           Options.merge_operator: None
2018/11/14-21:22:43.858878 7fbe001f9700        Options.compaction_filter: None
2018/11/14-21:22:43.858878 7fbe001f9700        Options.compaction_filter_factory: None
2018/11/14-21:22:43.858879 7fbe001f9700         Options.memtable_factory: SkipListFactory
2018/11/14-21:22:43.858880 7fbe001f9700            Options.table_factory: BlockBasedTable
2018/11/14-21:22:43.858908 7fbe001f9700            table_factory options:   flush_block_policy_factory: FlushBlockBySizePolicyFactory (0x7fbdac386bc0)
  cache_index_and_filter_blocks: 0
  cache_index_and_filter_blocks_with_high_priority: 0
  pin_l0_filter_and_index_blocks_in_cache: 0
  index_type: 0
  hash_index_allow_collision: 1
  checksum: 1
  no_block_cache: 0
  block_cache: 0x7fbdac392d10
  block_cache_name: LRUCache
  block_cache_options:
    capacity : 8388608
    num_shard_bits : 4
    strict_capacity_limit : 0
    high_pri_pool_ratio: 0.000
  block_cache_compressed: (nil)
  persistent_cache: (nil)
  block_size: 8192
  block_size_deviation: 10
  block_restart_interval: 16
  index_block_restart_interval: 1
  metadata_block_size: 4096
  partition_filters: 0
  use_delta_encoding: 1
  filter_policy: nullptr
  whole_key_filtering: 1
  verify_compression: 0
  read_amp_bytes_per_bit: 0
  format_version: 2
  enable_index_compression: 1
  block_align: 0
2018/11/14-21:22:43.858912 7fbe001f9700        Options.write_buffer_size: 134217728
2018/11/14-21:22:43.858913 7fbe001f9700  Options.max_write_buffer_number: 24
2018/11/14-21:22:43.858914 7fbe001f9700        Options.compression[0]: NoCompression
2018/11/14-21:22:43.858915 7fbe001f9700        Options.compression[1]: NoCompression
2018/11/14-21:22:43.858916 7fbe001f9700        Options.compression[2]: LZ4
2018/11/14-21:22:43.858917 7fbe001f9700        Options.compression[3]: LZ4
2018/11/14-21:22:43.858918 7fbe001f9700        Options.compression[4]: LZ4
2018/11/14-21:22:43.858919 7fbe001f9700        Options.compression[5]: LZ4
2018/11/14-21:22:43.858920 7fbe001f9700        Options.compression[6]: LZ4
2018/11/14-21:22:43.858920 7fbe001f9700                  Options.bottommost_compression: Disabled
2018/11/14-21:22:43.858921 7fbe001f9700       Options.prefix_extractor: nullptr
2018/11/14-21:22:43.858922 7fbe001f9700   Options.memtable_insert_with_hint_prefix_extractor: nullptr
2018/11/14-21:22:43.858923 7fbe001f9700             Options.num_levels: 7
2018/11/14-21:22:43.858924 7fbe001f9700        Options.min_write_buffer_number_to_merge: 2
2018/11/14-21:22:43.858925 7fbe001f9700     Options.max_write_buffer_number_to_maintain: 0
2018/11/14-21:22:43.858926 7fbe001f9700            Options.compression_opts.window_bits: -14
2018/11/14-21:22:43.858927 7fbe001f9700                  Options.compression_opts.level: -1
2018/11/14-21:22:43.858927 7fbe001f9700               Options.compression_opts.strategy: 0
2018/11/14-21:22:43.858928 7fbe001f9700         Options.compression_opts.max_dict_bytes: 0
2018/11/14-21:22:43.858929 7fbe001f9700         Options.compression_opts.zstd_max_train_bytes: 0
2018/11/14-21:22:43.858930 7fbe001f9700      Options.level0_file_num_compaction_trigger: 2
2018/11/14-21:22:43.858931 7fbe001f9700          Options.level0_slowdown_writes_trigger: 20
2018/11/14-21:22:43.858932 7fbe001f9700              Options.level0_stop_writes_trigger: 36
2018/11/14-21:22:43.858933 7fbe001f9700                   Options.target_file_size_base: 67108864
2018/11/14-21:22:43.858934 7fbe001f9700             Options.target_file_size_multiplier: 1
2018/11/14-21:22:43.858934 7fbe001f9700                Options.max_bytes_for_level_base: 536870912
2018/11/14-21:22:43.858935 7fbe001f9700 Options.level_compaction_dynamic_level_bytes: 0
2018/11/14-21:22:43.858936 7fbe001f9700          Options.max_bytes_for_level_multiplier: 10.000000
2018/11/14-21:22:43.858951 7fbe001f9700 Options.max_bytes_for_level_multiplier_addtl[0]: 1
2018/11/14-21:22:43.858963 7fbe001f9700 Options.max_bytes_for_level_multiplier_addtl[1]: 1
2018/11/14-21:22:43.858965 7fbe001f9700 Options.max_bytes_for_level_multiplier_addtl[2]: 1
2018/11/14-21:22:43.858965 7fbe001f9700 Options.max_bytes_for_level_multiplier_addtl[3]: 1
2018/11/14-21:22:43.858966 7fbe001f9700 Options.max_bytes_for_level_multiplier_addtl[4]: 1
2018/11/14-21:22:43.858967 7fbe001f9700 Options.max_bytes_for_level_multiplier_addtl[5]: 1
2018/11/14-21:22:43.858968 7fbe001f9700 Options.max_bytes_for_level_multiplier_addtl[6]: 1
2018/11/14-21:22:43.858968 7fbe001f9700       Options.max_sequential_skip_in_iterations: 8
2018/11/14-21:22:43.858969 7fbe001f9700                    Options.max_compaction_bytes: 1677721600
2018/11/14-21:22:43.858970 7fbe001f9700                        Options.arena_block_size: 16777216
2018/11/14-21:22:43.858971 7fbe001f9700   Options.soft_pending_compaction_bytes_limit: 68719476736
2018/11/14-21:22:43.858972 7fbe001f9700   Options.hard_pending_compaction_bytes_limit: 274877906944
2018/11/14-21:22:43.858973 7fbe001f9700       Options.rate_limit_delay_max_milliseconds: 100
2018/11/14-21:22:43.858973 7fbe001f9700                Options.disable_auto_compactions: 0
2018/11/14-21:22:43.858975 7fbe001f9700                        Options.compaction_style: kCompactionStyleLevel
2018/11/14-21:22:43.858977 7fbe001f9700                          Options.compaction_pri: kByCompensatedSize
2018/11/14-21:22:43.858977 7fbe001f9700 Options.compaction_options_universal.size_ratio: 1
2018/11/14-21:22:43.858978 7fbe001f9700 Options.compaction_options_universal.min_merge_width: 2
2018/11/14-21:22:43.858979 7fbe001f9700 Options.compaction_options_universal.max_merge_width: 4294967295
2018/11/14-21:22:43.858980 7fbe001f9700 Options.compaction_options_universal.max_size_amplification_percent: 200
2018/11/14-21:22:43.858981 7fbe001f9700 Options.compaction_options_universal.compression_size_percent: -1
2018/11/14-21:22:43.858982 7fbe001f9700 Options.compaction_options_universal.stop_style: kCompactionStopStyleTotalSize
2018/11/14-21:22:43.858983 7fbe001f9700 Options.compaction_options_fifo.max_table_files_size: 1073741824
2018/11/14-21:22:43.858984 7fbe001f9700 Options.compaction_options_fifo.allow_compaction: 0
2018/11/14-21:22:43.858985 7fbe001f9700 Options.compaction_options_fifo.ttl: 0
2018/11/14-21:22:43.858985 7fbe001f9700                   Options.table_properties_collectors: 
2018/11/14-21:22:43.858986 7fbe001f9700                   Options.inplace_update_support: 0
2018/11/14-21:22:43.858987 7fbe001f9700                 Options.inplace_update_num_locks: 10000
2018/11/14-21:22:43.858988 7fbe001f9700               Options.memtable_prefix_bloom_size_ratio: 0.000000
2018/11/14-21:22:43.858989 7fbe001f9700   Options.memtable_huge_page_size: 0
2018/11/14-21:22:43.858990 7fbe001f9700                           Options.bloom_locality: 0
2018/11/14-21:22:43.858991 7fbe001f9700                    Options.max_successive_merges: 0
2018/11/14-21:22:43.858992 7fbe001f9700                Options.optimize_filters_for_hits: 0
2018/11/14-21:22:43.858993 7fbe001f9700                Options.paranoid_file_checks: 0
2018/11/14-21:22:43.858993 7fbe001f9700                Options.force_consistency_checks: 0
2018/11/14-21:22:43.858994 7fbe001f9700                Options.report_bg_io_stats: 0
2018/11/14-21:22:43.858995 7fbe001f9700                               Options.ttl: 0
2018/11/14-21:22:43.859035 7fbe001f9700 [db/db_impl.cc:1396] Created column family [usertable] (ID 1)
2018/11/14-21:22:43.933037 7fbe001f9700 [db/db_impl_open.cc:1219] DB pointer 0x7fbdac3dcc20
2018/11/14-21:22:44.323143 7fbdb0ce6700 [db/db_impl_write.cc:1373] [usertable] New memtable created with log file: #9. Immutable memtables: 0.
2018/11/14-21:22:44.614011 7fbdb0ce6700 [db/db_impl_write.cc:1373] [usertable] New memtable created with log file: #10. Immutable memtables: 1.
2018/11/14-21:22:44.614180 7fbcdcff9700 [db/db_impl_compaction_flush.cc:80] [JOB 2] Syncing log #3
2018/11/14-21:22:44.855833 7fbe001f9700 [db/db_impl_write.cc:1373] [usertable] New memtable created with log file: #12. Immutable memtables: 2.
2018/11/14-21:22:45.171623 7fbe001f9700 [db/db_impl_write.cc:1373] [usertable] New memtable created with log file: #13. Immutable memtables: 3.
2018/11/14-21:22:45.355717 7fbcdcff9700 [db/db_impl_compaction_flush.cc:80] [JOB 2] Syncing log #9
2018/11/14-21:22:45.519550 7fbe001f9700 [db/db_impl_write.cc:1373] [usertable] New memtable created with log file: #15. Immutable memtables: 4.
2018/11/14-21:22:45.909917 7fbe001f9700 [db/db_impl_write.cc:1373] [usertable] New memtable created with log file: #16. Immutable memtables: 5.
2018/11/14-21:22:46.233352 7fbdb0de7700 [db/db_impl_write.cc:1373] [usertable] New memtable created with log file: #18. Immutable memtables: 6.
2018/11/14-21:22:46.457646 7fbd41ffb700 [db/db_impl_compaction_flush.cc:80] [JOB 3] Syncing log #10
2018/11/14-21:22:46.457642 7fbcdcff9700 (Original Log Time 2018/11/14-21:22:44.614131) [db/db_impl_compaction_flush.cc:1424] Calling FlushMemTableToOutputFile with column family [usertable], flush slots available 24, compaction slots available 1, flush slots scheduled 1, compaction slots scheduled 0
2018/11/14-21:22:46.457662 7fbcdcff9700 [db/flush_job.cc:301] [usertable] [JOB 2] Flushing memtable with next log file: 9
2018/11/14-21:22:46.457674 7fbcdcff9700 [db/flush_job.cc:301] [usertable] [JOB 2] Flushing memtable with next log file: 10
2018/11/14-21:22:46.457726 7fbcdcff9700 EVENT_LOG_v1 {"time_micros": 1542259366457705, "job": 2, "event": "flush_started", "num_memtables": 2, "num_entries": 61543, "num_deletes": 0, "memory_usage": 257232488, "flush_reason": "Write Buffer Full"}
2018/11/14-21:22:46.457737 7fbcdcff9700 [db/flush_job.cc:331] [usertable] [JOB 2] Level-0 flush table #11: started
2018/11/14-21:22:46.560016 7fbdb0be5700 [db/db_impl_write.cc:1373] [usertable] New memtable created with log file: #19. Immutable memtables: 7.
2018/11/14-21:22:46.842983 7fbe001f9700 [db/db_impl_write.cc:1373] [usertable] New memtable created with log file: #21. Immutable memtables: 8.
2018/11/14-21:22:47.139788 7fbdb0ce6700 [db/db_impl_write.cc:1373] [usertable] New memtable created with log file: #22. Immutable memtables: 9.
2018/11/14-21:22:47.426465 7fbe001f9700 [db/db_impl_write.cc:1373] [usertable] New memtable created with log file: #24. Immutable memtables: 10.
2018/11/14-21:22:47.711129 7fbdb0be5700 [db/db_impl_write.cc:1373] [usertable] New memtable created with log file: #25. Immutable memtables: 11.
2018/11/14-21:22:48.000122 7fbe001f9700 [db/db_impl_write.cc:1373] [usertable] New memtable created with log file: #27. Immutable memtables: 12.
2018/11/14-21:22:48.312052 7fbdb0de7700 [db/db_impl_write.cc:1373] [usertable] New memtable created with log file: #28. Immutable memtables: 13.
2018/11/14-21:22:48.461782 7fbd41ffb700 [db/db_impl_compaction_flush.cc:80] [JOB 3] Syncing log #12
2018/11/14-21:22:48.615289 7fbe001f9700 [db/db_impl_write.cc:1373] [usertable] New memtable created with log file: #30. Immutable memtables: 14.
2018/11/14-21:22:48.918427 7fbe001f9700 [db/db_impl_write.cc:1373] [usertable] New memtable created with log file: #31. Immutable memtables: 15.
2018/11/14-21:22:49.215464 7fbdabfff700 [db/db_impl_write.cc:1373] [usertable] New memtable created with log file: #33. Immutable memtables: 16.
2018/11/14-21:22:49.508735 7fbe001f9700 [db/db_impl_write.cc:1373] [usertable] New memtable created with log file: #34. Immutable memtables: 17.
2018/11/14-21:22:49.800539 7fbe001f9700 [db/db_impl_write.cc:1373] [usertable] New memtable created with log file: #36. Immutable memtables: 18.
2018/11/14-21:22:50.097148 7fbe001f9700 [db/db_impl_write.cc:1373] [usertable] New memtable created with log file: #37. Immutable memtables: 19.
2018/11/14-21:22:50.407586 7fbdb0be5700 [db/db_impl_write.cc:1373] [usertable] New memtable created with log file: #39. Immutable memtables: 20.
2018/11/14-21:22:50.692353 7fbdb0ce6700 [db/db_impl_write.cc:1373] [usertable] New memtable created with log file: #40. Immutable memtables: 21.
2018/11/14-21:22:50.982602 7fbe001f9700 [db/db_impl_write.cc:1373] [usertable] New memtable created with log file: #42. Immutable memtables: 22.
2018/11/14-21:22:50.982631 7fbe001f9700 [WARN] [db/column_family.cc:779] [usertable] Stalling writes because we have 23 immutable memtables (waiting for flush), max_write_buffer_number is set to 24 rate 16777216
2018/11/14-21:22:51.226150 7fbd41ffb700 (Original Log Time 2018/11/14-21:22:45.171709) [db/db_impl_compaction_flush.cc:1424] Calling FlushMemTableToOutputFile with column family [usertable], flush slots available 24, compaction slots available 1, flush slots scheduled 2, compaction slots scheduled 0
2018/11/14-21:22:51.226159 7fbd41ffb700 [db/flush_job.cc:301] [usertable] [JOB 3] Flushing memtable with next log file: 12
2018/11/14-21:22:51.226160 7fbd417fa700 [db/db_impl_compaction_flush.cc:80] [JOB 4] Syncing log #13
2018/11/14-21:22:51.226165 7fbd41ffb700 [db/flush_job.cc:301] [usertable] [JOB 3] Flushing memtable with next log file: 13
2018/11/14-21:22:51.226200 7fbd41ffb700 EVENT_LOG_v1 {"time_micros": 1542259371226190, "job": 3, "event": "flush_started", "num_memtables": 2, "num_entries": 56566, "num_deletes": 0, "memory_usage": 255277096, "flush_reason": "Write Buffer Full"}
2018/11/14-21:22:51.226206 7fbd41ffb700 [db/flush_job.cc:331] [usertable] [JOB 3] Level-0 flush table #14: started
2018/11/14-21:22:51.227088 7fbcdcff9700 EVENT_LOG_v1 {"time_micros": 1542259371227067, "cf_name": "usertable", "job": 2, "event": "table_file_creation", "file_number": 11, "file_size": 254874194, "table_properties": {"data_size": 253741803, "index_size": 1131464, "filter_size": 0, "raw_key_size": 1477032, "raw_average_key_size": 24, "raw_value_size": 252080128, "raw_average_value_size": 4096, "num_data_blocks": 30772, "num_entries": 61543, "filter_policy_name": "", "kDeletedKeys": "0", "kMergeOperands": "0"}}
2018/11/14-21:22:51.227124 7fbcdcff9700 [db/flush_job.cc:371] [usertable] [JOB 2] Level-0 flush table #11: 254874194 bytes OK
2018/11/14-21:22:53.305846 7fbd417fa700 [db/db_impl_compaction_flush.cc:80] [JOB 4] Syncing log #15
2018/11/14-21:22:56.456292 7fbcdcff9700 (Original Log Time 2018/11/14-21:22:51.241685) [db/memtable_list.cc:377] [usertable] Level-0 commit table #11 started
2018/11/14-21:22:56.456296 7fbcdcff9700 (Original Log Time 2018/11/14-21:22:56.456151) [db/memtable_list.cc:409] [usertable] Level-0 commit table #11: memtable #1 done
2018/11/14-21:22:56.456297 7fbcdcff9700 (Original Log Time 2018/11/14-21:22:56.456176) [db/memtable_list.cc:409] [usertable] Level-0 commit table #11: memtable #2 done
2018/11/14-21:22:56.456299 7fbcdcff9700 (Original Log Time 2018/11/14-21:22:56.456223) EVENT_LOG_v1 {"time_micros": 1542259376456199, "job": 2, "event": "flush_finished", "output_compression": "NoCompression", "lsm_state": [1, 0, 0, 0, 0, 0, 0], "immutable_memtables": 21}
2018/11/14-21:22:56.456300 7fbcdcff9700 (Original Log Time 2018/11/14-21:22:56.456257) [db/db_impl_compaction_flush.cc:177] [usertable] Level summary: base level 1 max bytes base 536870912 files[1 0 0 0 0 0 0] max score 0.50
2018/11/14-21:22:56.456313 7fbcdcff9700 [db/db_impl_files.cc:347] [JOB 2] Try to delete WAL files size 253786255, prev total WAL file size 2977678785, number of live WAL files 24.
2018/11/14-21:22:56.547065 7fbdb0ce6700 [db/db_impl_write.cc:1373] [usertable] New memtable created with log file: #43. Immutable memtables: 21.
2018/11/14-21:22:56.654855 7fbd41ffb700 EVENT_LOG_v1 {"time_micros": 1542259376654829, "cf_name": "usertable", "job": 3, "event": "table_file_creation", "file_number": 14, "file_size": 234275037, "table_properties": {"data_size": 233227903, "index_size": 1046207, "filter_size": 0, "raw_key_size": 1357584, "raw_average_key_size": 24, "raw_value_size": 231694336, "raw_average_value_size": 4096, "num_data_blocks": 28283, "num_entries": 56566, "filter_policy_name": "", "kDeletedKeys": "0", "kMergeOperands": "0"}}
2018/11/14-21:22:56.654879 7fbd41ffb700 [db/flush_job.cc:371] [usertable] [JOB 3] Level-0 flush table #14: 234275037 bytes OK
2018/11/14-21:22:56.712403 7fbd417fa700 (Original Log Time 2018/11/14-21:22:45.909977) [db/db_impl_compaction_flush.cc:1424] Calling FlushMemTableToOutputFile with column family [usertable], flush slots available 24, compaction slots available 1, flush slots scheduled 3, compaction slots scheduled 0
2018/11/14-21:22:56.712412 7fbd417fa700 [db/flush_job.cc:301] [usertable] [JOB 4] Flushing memtable with next log file: 15
2018/11/14-21:22:56.712422 7fbd417fa700 [db/flush_job.cc:301] [usertable] [JOB 4] Flushing memtable with next log file: 16
2018/11/14-21:22:56.712454 7fbd417fa700 EVENT_LOG_v1 {"time_micros": 1542259376712442, "job": 4, "event": "flush_started", "num_memtables": 2, "num_entries": 61590, "num_deletes": 0, "memory_usage": 259435024, "flush_reason": "Write Buffer Full"}
2018/11/14-21:22:56.712460 7fbd417fa700 [db/flush_job.cc:331] [usertable] [JOB 4] Level-0 flush table #17: started
2018/11/14-21:22:56.712474 7fbd1f7fe700 [db/db_impl_compaction_flush.cc:80] [JOB 7] Syncing log #16
2018/11/14-21:22:56.835163 7fbdb0ce6700 [db/db_impl_write.cc:1373] [usertable] New memtable created with log file: #45. Immutable memtables: 22.
2018/11/14-21:22:56.835191 7fbdb0ce6700 [WARN] [db/column_family.cc:779] [usertable] Stalling writes because we have 23 immutable memtables (waiting for flush), max_write_buffer_number is set to 24 rate 16777216
2018/11/14-21:22:57.012325 7fbd41ffb700 (Original Log Time 2018/11/14-21:22:56.712400) [db/memtable_list.cc:377] [usertable] Level-0 commit table #14 started
2018/11/14-21:22:57.012328 7fbd41ffb700 (Original Log Time 2018/11/14-21:22:57.012222) [db/memtable_list.cc:409] [usertable] Level-0 commit table #14: memtable #1 done
2018/11/14-21:22:57.012330 7fbd41ffb700 (Original Log Time 2018/11/14-21:22:57.012226) [db/memtable_list.cc:409] [usertable] Level-0 commit table #14: memtable #2 done
2018/11/14-21:22:57.012331 7fbd41ffb700 (Original Log Time 2018/11/14-21:22:57.012266) EVENT_LOG_v1 {"time_micros": 1542259377012253, "job": 3, "event": "flush_finished", "output_compression": "NoCompression", "lsm_state": [2, 0, 0, 0, 0, 0, 0], "immutable_memtables": 21}
2018/11/14-21:22:57.012333 7fbd41ffb700 (Original Log Time 2018/11/14-21:22:57.012301) [db/db_impl_compaction_flush.cc:177] [usertable] Level summary: base level 1 max bytes base 536870912 files[2 0 0 0 0 0 0] max score 1.00
2018/11/14-21:22:57.012347 7fbd41ffb700 [db/db_impl_files.cc:347] [JOB 3] Try to delete WAL files size 233256910, prev total WAL file size 2888192279, number of live WAL files 24.
2018/11/14-21:22:57.012625 7fbdab587700 [WARN] [db/db_impl.cc:491] ------- DUMPING STATS -------
2018/11/14-21:22:57.012666 7fbdab587700 [WARN] [db/db_impl.cc:492] 
** DB Stats **
Uptime(secs): 13.2 total, 13.2 interval
Cumulative writes: 762K writes, 762K keys, 387K commit groups, 2.0 writes per commit group, ingest: 2.93 GB, 226.57 MB/s
Cumulative WAL: 762K writes, 0 syncs, 762047.00 writes per sync, written: 2.93 GB, 226.57 MB/s
Cumulative stall: 00:00:5.066 H:M:S, 38.3 percent
Interval writes: 762K writes, 762K keys, 387K commit groups, 2.0 writes per commit group, ingest: 2996.44 MB, 226.57 MB/s
Interval WAL: 762K writes, 0 syncs, 762047.00 writes per sync, written: 2.93 MB, 226.57 MB/s
Interval stall: 00:00:5.066 H:M:S, 38.3 percent

** Compaction Stats [default] **
Level    Files   Size     Score Read(GB)  Rn(GB) Rnp1(GB) Write(GB) Wnew(GB) Moved(GB) W-Amp Rd(MB/s) Wr(MB/s) Comp(sec) Comp(cnt) Avg(sec) KeyIn KeyDrop
----------------------------------------------------------------------------------------------------------------------------------------------------------
 Sum      0/0    0.00 KB   0.0      0.0     0.0      0.0       0.0      0.0       0.0   0.0      0.0      0.0         0         0    0.000       0      0
 Int      0/0    0.00 KB   0.0      0.0     0.0      0.0       0.0      0.0       0.0   0.0      0.0      0.0         0         0    0.000       0      0
Uptime(secs): 13.2 total, 13.2 interval
Flush(GB): cumulative 0.000, interval 0.000
AddFile(GB): cumulative 0.000, interval 0.000
AddFile(Total Files): cumulative 0, interval 0
AddFile(L0 Files): cumulative 0, interval 0
AddFile(Keys): cumulative 0, interval 0
Cumulative compaction: 0.00 GB write, 0.00 MB/s write, 0.00 GB read, 0.00 MB/s read, 0.0 seconds
Interval compaction: 0.00 GB write, 0.00 MB/s write, 0.00 GB read, 0.00 MB/s read, 0.0 seconds
Stalls(count): 0 level0_slowdown, 0 level0_slowdown_with_compaction, 0 level0_numfiles, 0 level0_numfiles_with_compaction, 0 stop for pending_compaction_bytes, 0 slowdown for pending_compaction_bytes, 0 memtable_compaction, 0 memtable_slowdown, interval 0 total count

** File Read Latency Histogram By Level [default] **

** Compaction Stats [usertable] **
Level    Files   Size     Score Read(GB)  Rn(GB) Rnp1(GB) Write(GB) Wnew(GB) Moved(GB) W-Amp Rd(MB/s) Wr(MB/s) Comp(sec) Comp(cnt) Avg(sec) KeyIn KeyDrop
----------------------------------------------------------------------------------------------------------------------------------------------------------
  L0      2/0   466.49 MB   1.0      0.0     0.0      0.0       0.5      0.5       0.0   1.0      0.0     45.4        10         2    5.135       0      0
 Sum      2/0   466.49 MB   0.0      0.0     0.0      0.0       0.5      0.5       0.0   1.0      0.0     45.4        10         2    5.135       0      0
 Int      0/0    0.00 KB   0.0      0.0     0.0      0.0       0.5      0.5       0.0   1.0      0.0     45.4        10         2    5.135       0      0
Uptime(secs): 13.2 total, 13.2 interval
Flush(GB): cumulative 0.456, interval 0.456
AddFile(GB): cumulative 0.000, interval 0.000
AddFile(Total Files): cumulative 0, interval 0
AddFile(L0 Files): cumulative 0, interval 0
AddFile(Keys): cumulative 0, interval 0
Cumulative compaction: 0.46 GB write, 35.46 MB/s write, 0.00 GB read, 0.00 MB/s read, 10.3 seconds
Interval compaction: 0.46 GB write, 35.46 MB/s write, 0.00 GB read, 0.00 MB/s read, 10.3 seconds
Stalls(count): 0 level0_slowdown, 0 level0_slowdown_with_compaction, 0 level0_numfiles, 0 level0_numfiles_with_compaction, 0 stop for pending_compaction_bytes, 0 slowdown for pending_compaction_bytes, 0 memtable_compaction, 2 memtable_slowdown, interval 2 total count

** File Read Latency Histogram By Level [usertable] **

** Compaction Stats [default] **
Level    Files   Size     Score Read(GB)  Rn(GB) Rnp1(GB) Write(GB) Wnew(GB) Moved(GB) W-Amp Rd(MB/s) Wr(MB/s) Comp(sec) Comp(cnt) Avg(sec) KeyIn KeyDrop
----------------------------------------------------------------------------------------------------------------------------------------------------------
 Sum      0/0    0.00 KB   0.0      0.0     0.0      0.0       0.0      0.0       0.0   0.0      0.0      0.0         0         0    0.000       0      0
 Int      0/0    0.00 KB   0.0      0.0     0.0      0.0       0.0      0.0       0.0   0.0      0.0      0.0         0         0    0.000       0      0
Uptime(secs): 13.2 total, 0.0 interval
Flush(GB): cumulative 0.000, interval 0.000
AddFile(GB): cumulative 0.000, interval 0.000
AddFile(Total Files): cumulative 0, interval 0
AddFile(L0 Files): cumulative 0, interval 0
AddFile(Keys): cumulative 0, interval 0
Cumulative compaction: 0.00 GB write, 0.00 MB/s write, 0.00 GB read, 0.00 MB/s read, 0.0 seconds
Interval compaction: 0.00 GB write, 0.00 MB/s write, 0.00 GB read, 0.00 MB/s read, 0.0 seconds
Stalls(count): 0 level0_slowdown, 0 level0_slowdown_with_compaction, 0 level0_numfiles, 0 level0_numfiles_with_compaction, 0 stop for pending_compaction_bytes, 0 slowdown for pending_compaction_bytes, 0 memtable_compaction, 0 memtable_slowdown, interval 0 total count

** File Read Latency Histogram By Level [default] **

** Compaction Stats [usertable] **
Level    Files   Size     Score Read(GB)  Rn(GB) Rnp1(GB) Write(GB) Wnew(GB) Moved(GB) W-Amp Rd(MB/s) Wr(MB/s) Comp(sec) Comp(cnt) Avg(sec) KeyIn KeyDrop
----------------------------------------------------------------------------------------------------------------------------------------------------------
  L0      2/0   466.49 MB   1.0      0.0     0.0      0.0       0.5      0.5       0.0   1.0      0.0     45.4        10         2    5.135       0      0
