2018/12/26-16:28:17.732857 7f1808914700 RocksDB version: 5.14.3
2018/12/26-16:28:17.732935 7f1808914700 Git sha rocksdb_build_git_sha:
2018/12/26-16:28:17.732940 7f1808914700 Compile date Dec 26 2018
2018/12/26-16:28:17.732947 7f1808914700 DB SUMMARY
2018/12/26-16:28:17.732982 7f1808914700 SST files in /mnt/sda/ycsb-rocksdb-data dir, Total Num: 0, files: 
2018/12/26-16:28:17.732986 7f1808914700 Write Ahead Log file in /mnt/sda/ycsb-rocksdb-data: 
2018/12/26-16:28:17.732991 7f1808914700                         Options.error_if_exists: 0
2018/12/26-16:28:17.732993 7f1808914700                       Options.create_if_missing: 1
2018/12/26-16:28:17.732995 7f1808914700                         Options.paranoid_checks: 1
2018/12/26-16:28:17.732997 7f1808914700                                     Options.env: 0x7f177bdee2c0
2018/12/26-16:28:17.732999 7f1808914700                                Options.info_log: 0x7f17b43d0ea0
2018/12/26-16:28:17.733001 7f1808914700                Options.max_file_opening_threads: 16
2018/12/26-16:28:17.733004 7f1808914700                              Options.statistics: (nil)
2018/12/26-16:28:17.733006 7f1808914700                               Options.use_fsync: 0
2018/12/26-16:28:17.733008 7f1808914700                       Options.max_log_file_size: 0
2018/12/26-16:28:17.733009 7f1808914700                  Options.max_manifest_file_size: 18446744073709551615
2018/12/26-16:28:17.733011 7f1808914700                   Options.log_file_time_to_roll: 0
2018/12/26-16:28:17.733013 7f1808914700                       Options.keep_log_file_num: 1000
2018/12/26-16:28:17.733014 7f1808914700                    Options.recycle_log_file_num: 0
2018/12/26-16:28:17.733016 7f1808914700                         Options.allow_fallocate: 1
2018/12/26-16:28:17.733018 7f1808914700                        Options.allow_mmap_reads: 0
2018/12/26-16:28:17.733019 7f1808914700                       Options.allow_mmap_writes: 0
2018/12/26-16:28:17.733021 7f1808914700                        Options.use_direct_reads: 0
2018/12/26-16:28:17.733023 7f1808914700                        Options.use_direct_io_for_flush_and_compaction: 0
2018/12/26-16:28:17.733025 7f1808914700          Options.create_missing_column_families: 1
2018/12/26-16:28:17.733027 7f1808914700                              Options.db_log_dir: 
2018/12/26-16:28:17.733028 7f1808914700                                 Options.wal_dir: /mnt/sda/ycsb-rocksdb-data
2018/12/26-16:28:17.733030 7f1808914700                Options.table_cache_numshardbits: 6
2018/12/26-16:28:17.733032 7f1808914700                      Options.max_subcompactions: 4
2018/12/26-16:28:17.733033 7f1808914700                  Options.max_background_flushes: 24
2018/12/26-16:28:17.733035 7f1808914700                         Options.WAL_ttl_seconds: 0
2018/12/26-16:28:17.733037 7f1808914700                       Options.WAL_size_limit_MB: 0
2018/12/26-16:28:17.733039 7f1808914700             Options.manifest_preallocation_size: 4194304
2018/12/26-16:28:17.733040 7f1808914700                     Options.is_fd_close_on_exec: 1
2018/12/26-16:28:17.733042 7f1808914700                   Options.advise_random_on_open: 1
2018/12/26-16:28:17.733044 7f1808914700                    Options.db_write_buffer_size: 0
2018/12/26-16:28:17.733045 7f1808914700                    Options.write_buffer_manager: 0x7f17b43cdea0
2018/12/26-16:28:17.733047 7f1808914700         Options.access_hint_on_compaction_start: 1
2018/12/26-16:28:17.733049 7f1808914700  Options.new_table_reader_for_compaction_inputs: 0
2018/12/26-16:28:17.733051 7f1808914700           Options.random_access_max_buffer_size: 1048576
2018/12/26-16:28:17.733053 7f1808914700                      Options.use_adaptive_mutex: 0
2018/12/26-16:28:17.733055 7f1808914700                            Options.rate_limiter: (nil)
2018/12/26-16:28:17.733059 7f1808914700     Options.sst_file_manager.rate_bytes_per_sec: 0
2018/12/26-16:28:17.733061 7f1808914700                       Options.wal_recovery_mode: 2
2018/12/26-16:28:17.733063 7f1808914700                  Options.enable_thread_tracking: 0
2018/12/26-16:28:17.733065 7f1808914700                  Options.enable_pipelined_write: 1
2018/12/26-16:28:17.733080 7f1808914700         Options.allow_concurrent_memtable_write: 1
2018/12/26-16:28:17.733082 7f1808914700      Options.enable_write_thread_adaptive_yield: 1
2018/12/26-16:28:17.733084 7f1808914700             Options.write_thread_max_yield_usec: 100
2018/12/26-16:28:17.733085 7f1808914700            Options.write_thread_slow_yield_usec: 3
2018/12/26-16:28:17.733087 7f1808914700                               Options.row_cache: None
2018/12/26-16:28:17.733089 7f1808914700                              Options.wal_filter: None
2018/12/26-16:28:17.733091 7f1808914700             Options.avoid_flush_during_recovery: 0
2018/12/26-16:28:17.733093 7f1808914700             Options.allow_ingest_behind: 0
2018/12/26-16:28:17.733095 7f1808914700             Options.preserve_deletes: 0
2018/12/26-16:28:17.733097 7f1808914700             Options.two_write_queues: 0
2018/12/26-16:28:17.733098 7f1808914700             Options.manual_wal_flush: 0
2018/12/26-16:28:17.733102 7f1808914700             Options.max_background_jobs: 24
2018/12/26-16:28:17.733104 7f1808914700             Options.max_background_compactions: 24
2018/12/26-16:28:17.733106 7f1808914700             Options.avoid_flush_during_shutdown: 0
2018/12/26-16:28:17.733107 7f1808914700           Options.writable_file_max_buffer_size: 1048576
2018/12/26-16:28:17.733109 7f1808914700             Options.delayed_write_rate : 16777216
2018/12/26-16:28:17.733111 7f1808914700             Options.max_total_wal_size: 0
2018/12/26-16:28:17.733112 7f1808914700             Options.delete_obsolete_files_period_micros: 21600000000
2018/12/26-16:28:17.733114 7f1808914700                   Options.stats_dump_period_sec: 60
2018/12/26-16:28:17.733116 7f1808914700                          Options.max_open_files: -1
2018/12/26-16:28:17.733118 7f1808914700                          Options.bytes_per_sync: 1048576
2018/12/26-16:28:17.733120 7f1808914700                      Options.wal_bytes_per_sync: 0
2018/12/26-16:28:17.733121 7f1808914700       Options.compaction_readahead_size: 0
2018/12/26-16:28:17.733123 7f1808914700 Compression algorithms supported:
2018/12/26-16:28:17.733126 7f1808914700 	kZSTDNotFinalCompression supported: 1
2018/12/26-16:28:17.733138 7f1808914700 	kZSTD supported: 1
2018/12/26-16:28:17.733140 7f1808914700 	kXpressCompression supported: 0
2018/12/26-16:28:17.733142 7f1808914700 	kLZ4HCCompression supported: 1
2018/12/26-16:28:17.733144 7f1808914700 	kLZ4Compression supported: 1
2018/12/26-16:28:17.733146 7f1808914700 	kBZip2Compression supported: 1
2018/12/26-16:28:17.733148 7f1808914700 	kZlibCompression supported: 1
2018/12/26-16:28:17.733150 7f1808914700 	kSnappyCompression supported: 1
2018/12/26-16:28:17.733155 7f1808914700 Fast CRC32 supported: Supported on x86
2018/12/26-16:28:17.733258 7f1808914700 [db/db_impl_open.cc:222] Creating manifest 1 
2018/12/26-16:28:17.834465 7f1808914700 [db/version_set.cc:3085] Recovering from manifest file: MANIFEST-000001
2018/12/26-16:28:17.834587 7f1808914700 [db/column_family.cc:475] --------------- Options for column family [default]:
2018/12/26-16:28:17.834592 7f1808914700               Options.comparator: leveldb.BytewiseComparator
2018/12/26-16:28:17.834593 7f1808914700           Options.merge_operator: None
2018/12/26-16:28:17.834595 7f1808914700        Options.compaction_filter: None
2018/12/26-16:28:17.834596 7f1808914700        Options.compaction_filter_factory: None
2018/12/26-16:28:17.834597 7f1808914700         Options.memtable_factory: SkipListFactory
2018/12/26-16:28:17.834598 7f1808914700            Options.table_factory: BlockBasedTable
2018/12/26-16:28:17.834635 7f1808914700            table_factory options:   flush_block_policy_factory: FlushBlockBySizePolicyFactory (0x7f17b437a7d0)
  cache_index_and_filter_blocks: 0
  cache_index_and_filter_blocks_with_high_priority: 0
  pin_l0_filter_and_index_blocks_in_cache: 0
  index_type: 0
  hash_index_allow_collision: 1
  checksum: 1
  no_block_cache: 0
  block_cache: 0x7f17b4386590
  block_cache_name: LRUCache
  block_cache_options:
    capacity : 8388608
    num_shard_bits : 4
    strict_capacity_limit : 0
    high_pri_pool_ratio: 0.000
  block_cache_compressed: (nil)
  persistent_cache: (nil)
  block_size: 8192
  block_size_deviation: 10
  block_restart_interval: 16
  index_block_restart_interval: 1
  metadata_block_size: 4096
  partition_filters: 0
  use_delta_encoding: 1
  filter_policy: nullptr
  whole_key_filtering: 1
  verify_compression: 0
  read_amp_bytes_per_bit: 0
  format_version: 2
  enable_index_compression: 1
  block_align: 0
2018/12/26-16:28:17.834658 7f1808914700        Options.write_buffer_size: 134217728
2018/12/26-16:28:17.834660 7f1808914700  Options.max_write_buffer_number: 24
2018/12/26-16:28:17.834661 7f1808914700        Options.compression[0]: NoCompression
2018/12/26-16:28:17.834663 7f1808914700        Options.compression[1]: NoCompression
2018/12/26-16:28:17.834664 7f1808914700        Options.compression[2]: LZ4
2018/12/26-16:28:17.834665 7f1808914700        Options.compression[3]: LZ4
2018/12/26-16:28:17.834666 7f1808914700        Options.compression[4]: LZ4
2018/12/26-16:28:17.834667 7f1808914700        Options.compression[5]: LZ4
2018/12/26-16:28:17.834668 7f1808914700        Options.compression[6]: LZ4
2018/12/26-16:28:17.834669 7f1808914700                  Options.bottommost_compression: Disabled
2018/12/26-16:28:17.834670 7f1808914700       Options.prefix_extractor: nullptr
2018/12/26-16:28:17.834671 7f1808914700   Options.memtable_insert_with_hint_prefix_extractor: nullptr
2018/12/26-16:28:17.834672 7f1808914700             Options.num_levels: 7
2018/12/26-16:28:17.834673 7f1808914700        Options.min_write_buffer_number_to_merge: 2
2018/12/26-16:28:17.834675 7f1808914700     Options.max_write_buffer_number_to_maintain: 0
2018/12/26-16:28:17.834676 7f1808914700            Options.compression_opts.window_bits: -14
2018/12/26-16:28:17.834677 7f1808914700                  Options.compression_opts.level: -1
2018/12/26-16:28:17.834678 7f1808914700               Options.compression_opts.strategy: 0
2018/12/26-16:28:17.834679 7f1808914700         Options.compression_opts.max_dict_bytes: 0
2018/12/26-16:28:17.834680 7f1808914700         Options.compression_opts.zstd_max_train_bytes: 0
2018/12/26-16:28:17.834681 7f1808914700      Options.level0_file_num_compaction_trigger: 2
2018/12/26-16:28:17.834682 7f1808914700          Options.level0_slowdown_writes_trigger: 20
2018/12/26-16:28:17.834683 7f1808914700              Options.level0_stop_writes_trigger: 36
2018/12/26-16:28:17.834684 7f1808914700                   Options.target_file_size_base: 67108864
2018/12/26-16:28:17.834685 7f1808914700             Options.target_file_size_multiplier: 1
2018/12/26-16:28:17.834686 7f1808914700                Options.max_bytes_for_level_base: 536870912
2018/12/26-16:28:17.834687 7f1808914700 Options.level_compaction_dynamic_level_bytes: 0
2018/12/26-16:28:17.834688 7f1808914700          Options.max_bytes_for_level_multiplier: 10.000000
2018/12/26-16:28:17.834691 7f1808914700 Options.max_bytes_for_level_multiplier_addtl[0]: 1
2018/12/26-16:28:17.834692 7f1808914700 Options.max_bytes_for_level_multiplier_addtl[1]: 1
2018/12/26-16:28:17.834693 7f1808914700 Options.max_bytes_for_level_multiplier_addtl[2]: 1
2018/12/26-16:28:17.834694 7f1808914700 Options.max_bytes_for_level_multiplier_addtl[3]: 1
2018/12/26-16:28:17.834695 7f1808914700 Options.max_bytes_for_level_multiplier_addtl[4]: 1
2018/12/26-16:28:17.834696 7f1808914700 Options.max_bytes_for_level_multiplier_addtl[5]: 1
2018/12/26-16:28:17.834697 7f1808914700 Options.max_bytes_for_level_multiplier_addtl[6]: 1
2018/12/26-16:28:17.834698 7f1808914700       Options.max_sequential_skip_in_iterations: 8
2018/12/26-16:28:17.834699 7f1808914700                    Options.max_compaction_bytes: 1677721600
2018/12/26-16:28:17.834701 7f1808914700                        Options.arena_block_size: 16777216
2018/12/26-16:28:17.834702 7f1808914700   Options.soft_pending_compaction_bytes_limit: 68719476736
2018/12/26-16:28:17.834703 7f1808914700   Options.hard_pending_compaction_bytes_limit: 274877906944
2018/12/26-16:28:17.834710 7f1808914700       Options.rate_limit_delay_max_milliseconds: 100
2018/12/26-16:28:17.834711 7f1808914700                Options.disable_auto_compactions: 0
2018/12/26-16:28:17.834714 7f1808914700                        Options.compaction_style: kCompactionStyleLevel
2018/12/26-16:28:17.834715 7f1808914700                          Options.compaction_pri: kByCompensatedSize
2018/12/26-16:28:17.834716 7f1808914700 Options.compaction_options_universal.size_ratio: 1
2018/12/26-16:28:17.834717 7f1808914700 Options.compaction_options_universal.min_merge_width: 2
2018/12/26-16:28:17.834719 7f1808914700 Options.compaction_options_universal.max_merge_width: 4294967295
2018/12/26-16:28:17.834720 7f1808914700 Options.compaction_options_universal.max_size_amplification_percent: 200
2018/12/26-16:28:17.834721 7f1808914700 Options.compaction_options_universal.compression_size_percent: -1
2018/12/26-16:28:17.834722 7f1808914700 Options.compaction_options_universal.stop_style: kCompactionStopStyleTotalSize
2018/12/26-16:28:17.834723 7f1808914700 Options.compaction_options_fifo.max_table_files_size: 1073741824
2018/12/26-16:28:17.834725 7f1808914700 Options.compaction_options_fifo.allow_compaction: 0
2018/12/26-16:28:17.834726 7f1808914700 Options.compaction_options_fifo.ttl: 0
2018/12/26-16:28:17.834727 7f1808914700                   Options.table_properties_collectors: 
2018/12/26-16:28:17.834728 7f1808914700                   Options.inplace_update_support: 0
2018/12/26-16:28:17.834729 7f1808914700                 Options.inplace_update_num_locks: 10000
2018/12/26-16:28:17.834730 7f1808914700               Options.memtable_prefix_bloom_size_ratio: 0.000000
2018/12/26-16:28:17.834732 7f1808914700   Options.memtable_huge_page_size: 0
2018/12/26-16:28:17.834733 7f1808914700                           Options.bloom_locality: 0
2018/12/26-16:28:17.834734 7f1808914700                    Options.max_successive_merges: 0
2018/12/26-16:28:17.834735 7f1808914700                Options.optimize_filters_for_hits: 0
2018/12/26-16:28:17.834736 7f1808914700                Options.paranoid_file_checks: 0
2018/12/26-16:28:17.834737 7f1808914700                Options.force_consistency_checks: 0
2018/12/26-16:28:17.834738 7f1808914700                Options.report_bg_io_stats: 0
2018/12/26-16:28:17.834739 7f1808914700                               Options.ttl: 0
2018/12/26-16:28:17.835331 7f1808914700 [db/version_set.cc:3361] Recovered from manifest file:/mnt/sda/ycsb-rocksdb-data/MANIFEST-000001 succeeded,manifest_file_number is 1, next_file_number is 3, last_sequence is 0, log_number is 0,prev_log_number is 0,max_column_family is 0,min_log_number_to_keep is 0
2018/12/26-16:28:17.835338 7f1808914700 [db/version_set.cc:3369] Column family [default] (ID 0), log number is 0
2018/12/26-16:28:17.835520 7f1808914700 [db/version_set.cc:2847] Creating manifest 4
2018/12/26-16:28:17.907586 7f1808914700 [db/column_family.cc:475] --------------- Options for column family [usertable]:
2018/12/26-16:28:17.907591 7f1808914700               Options.comparator: leveldb.BytewiseComparator
2018/12/26-16:28:17.907592 7f1808914700           Options.merge_operator: None
2018/12/26-16:28:17.907594 7f1808914700        Options.compaction_filter: None
2018/12/26-16:28:17.907595 7f1808914700        Options.compaction_filter_factory: None
2018/12/26-16:28:17.907596 7f1808914700         Options.memtable_factory: SkipListFactory
2018/12/26-16:28:17.907597 7f1808914700            Options.table_factory: BlockBasedTable
2018/12/26-16:28:17.907624 7f1808914700            table_factory options:   flush_block_policy_factory: FlushBlockBySizePolicyFactory (0x7f17b437a8b0)
  cache_index_and_filter_blocks: 0
  cache_index_and_filter_blocks_with_high_priority: 0
  pin_l0_filter_and_index_blocks_in_cache: 0
  index_type: 0
  hash_index_allow_collision: 1
  checksum: 1
  no_block_cache: 0
  block_cache: 0x7f17b437b350
  block_cache_name: LRUCache
  block_cache_options:
    capacity : 8388608
    num_shard_bits : 4
    strict_capacity_limit : 0
    high_pri_pool_ratio: 0.000
  block_cache_compressed: (nil)
  persistent_cache: (nil)
  block_size: 8192
  block_size_deviation: 10
  block_restart_interval: 16
  index_block_restart_interval: 1
  metadata_block_size: 4096
  partition_filters: 0
  use_delta_encoding: 1
  filter_policy: nullptr
  whole_key_filtering: 1
  verify_compression: 0
  read_amp_bytes_per_bit: 0
  format_version: 2
  enable_index_compression: 1
  block_align: 0
2018/12/26-16:28:17.907627 7f1808914700        Options.write_buffer_size: 134217728
2018/12/26-16:28:17.907628 7f1808914700  Options.max_write_buffer_number: 24
2018/12/26-16:28:17.907630 7f1808914700        Options.compression[0]: NoCompression
2018/12/26-16:28:17.907631 7f1808914700        Options.compression[1]: NoCompression
2018/12/26-16:28:17.907632 7f1808914700        Options.compression[2]: LZ4
2018/12/26-16:28:17.907633 7f1808914700        Options.compression[3]: LZ4
2018/12/26-16:28:17.907635 7f1808914700        Options.compression[4]: LZ4
2018/12/26-16:28:17.907636 7f1808914700        Options.compression[5]: LZ4
2018/12/26-16:28:17.907637 7f1808914700        Options.compression[6]: LZ4
2018/12/26-16:28:17.907638 7f1808914700                  Options.bottommost_compression: Disabled
2018/12/26-16:28:17.907639 7f1808914700       Options.prefix_extractor: nullptr
2018/12/26-16:28:17.907640 7f1808914700   Options.memtable_insert_with_hint_prefix_extractor: nullptr
2018/12/26-16:28:17.907641 7f1808914700             Options.num_levels: 7
2018/12/26-16:28:17.907642 7f1808914700        Options.min_write_buffer_number_to_merge: 2
2018/12/26-16:28:17.907643 7f1808914700     Options.max_write_buffer_number_to_maintain: 0
2018/12/26-16:28:17.907644 7f1808914700            Options.compression_opts.window_bits: -14
2018/12/26-16:28:17.907645 7f1808914700                  Options.compression_opts.level: -1
2018/12/26-16:28:17.907647 7f1808914700               Options.compression_opts.strategy: 0
2018/12/26-16:28:17.907648 7f1808914700         Options.compression_opts.max_dict_bytes: 0
2018/12/26-16:28:17.907649 7f1808914700         Options.compression_opts.zstd_max_train_bytes: 0
2018/12/26-16:28:17.907650 7f1808914700      Options.level0_file_num_compaction_trigger: 2
2018/12/26-16:28:17.907651 7f1808914700          Options.level0_slowdown_writes_trigger: 20
2018/12/26-16:28:17.907652 7f1808914700              Options.level0_stop_writes_trigger: 36
2018/12/26-16:28:17.907653 7f1808914700                   Options.target_file_size_base: 67108864
2018/12/26-16:28:17.907654 7f1808914700             Options.target_file_size_multiplier: 1
2018/12/26-16:28:17.907655 7f1808914700                Options.max_bytes_for_level_base: 536870912
2018/12/26-16:28:17.907656 7f1808914700 Options.level_compaction_dynamic_level_bytes: 0
2018/12/26-16:28:17.907657 7f1808914700          Options.max_bytes_for_level_multiplier: 10.000000
2018/12/26-16:28:17.907659 7f1808914700 Options.max_bytes_for_level_multiplier_addtl[0]: 1
2018/12/26-16:28:17.907670 7f1808914700 Options.max_bytes_for_level_multiplier_addtl[1]: 1
2018/12/26-16:28:17.907672 7f1808914700 Options.max_bytes_for_level_multiplier_addtl[2]: 1
2018/12/26-16:28:17.907673 7f1808914700 Options.max_bytes_for_level_multiplier_addtl[3]: 1
2018/12/26-16:28:17.907674 7f1808914700 Options.max_bytes_for_level_multiplier_addtl[4]: 1
2018/12/26-16:28:17.907675 7f1808914700 Options.max_bytes_for_level_multiplier_addtl[5]: 1
2018/12/26-16:28:17.907676 7f1808914700 Options.max_bytes_for_level_multiplier_addtl[6]: 1
2018/12/26-16:28:17.907677 7f1808914700       Options.max_sequential_skip_in_iterations: 8
2018/12/26-16:28:17.907678 7f1808914700                    Options.max_compaction_bytes: 1677721600
2018/12/26-16:28:17.907679 7f1808914700                        Options.arena_block_size: 16777216
2018/12/26-16:28:17.907680 7f1808914700   Options.soft_pending_compaction_bytes_limit: 68719476736
2018/12/26-16:28:17.907681 7f1808914700   Options.hard_pending_compaction_bytes_limit: 274877906944
2018/12/26-16:28:17.907682 7f1808914700       Options.rate_limit_delay_max_milliseconds: 100
2018/12/26-16:28:17.907683 7f1808914700                Options.disable_auto_compactions: 0
2018/12/26-16:28:17.907686 7f1808914700                        Options.compaction_style: kCompactionStyleLevel
2018/12/26-16:28:17.907688 7f1808914700                          Options.compaction_pri: kByCompensatedSize
2018/12/26-16:28:17.907689 7f1808914700 Options.compaction_options_universal.size_ratio: 1
2018/12/26-16:28:17.907690 7f1808914700 Options.compaction_options_universal.min_merge_width: 2
2018/12/26-16:28:17.907691 7f1808914700 Options.compaction_options_universal.max_merge_width: 4294967295
2018/12/26-16:28:17.907693 7f1808914700 Options.compaction_options_universal.max_size_amplification_percent: 200
2018/12/26-16:28:17.907694 7f1808914700 Options.compaction_options_universal.compression_size_percent: -1
2018/12/26-16:28:17.907696 7f1808914700 Options.compaction_options_universal.stop_style: kCompactionStopStyleTotalSize
2018/12/26-16:28:17.907697 7f1808914700 Options.compaction_options_fifo.max_table_files_size: 1073741824
2018/12/26-16:28:17.907698 7f1808914700 Options.compaction_options_fifo.allow_compaction: 0
2018/12/26-16:28:17.907699 7f1808914700 Options.compaction_options_fifo.ttl: 0
2018/12/26-16:28:17.907700 7f1808914700                   Options.table_properties_collectors: 
2018/12/26-16:28:17.907702 7f1808914700                   Options.inplace_update_support: 0
2018/12/26-16:28:17.907703 7f1808914700                 Options.inplace_update_num_locks: 10000
2018/12/26-16:28:17.907704 7f1808914700               Options.memtable_prefix_bloom_size_ratio: 0.000000
2018/12/26-16:28:17.907705 7f1808914700   Options.memtable_huge_page_size: 0
2018/12/26-16:28:17.907706 7f1808914700                           Options.bloom_locality: 0
2018/12/26-16:28:17.907707 7f1808914700                    Options.max_successive_merges: 0
2018/12/26-16:28:17.907708 7f1808914700                Options.optimize_filters_for_hits: 0
2018/12/26-16:28:17.907709 7f1808914700                Options.paranoid_file_checks: 0
2018/12/26-16:28:17.907710 7f1808914700                Options.force_consistency_checks: 0
2018/12/26-16:28:17.907711 7f1808914700                Options.report_bg_io_stats: 0
2018/12/26-16:28:17.907712 7f1808914700                               Options.ttl: 0
2018/12/26-16:28:17.907780 7f1808914700 [db/db_impl.cc:1396] Created column family [usertable] (ID 1)
2018/12/26-16:28:17.985550 7f1808914700 [db/db_impl_open.cc:1219] DB pointer 0x7f17b43d1620
2018/12/26-16:28:26.952578 7f180820d700 [db/db_impl_write.cc:1373] [usertable] New memtable created with log file: #9. Immutable memtables: 0.
2018/12/26-16:28:35.917181 7f180820d700 [db/db_impl_write.cc:1373] [usertable] New memtable created with log file: #10. Immutable memtables: 1.
2018/12/26-16:28:35.917317 7f171dffb700 [db/db_impl_compaction_flush.cc:80] [JOB 2] Syncing log #3
2018/12/26-16:28:35.931660 7f171dffb700 [db/db_impl_compaction_flush.cc:80] [JOB 2] Syncing log #9
2018/12/26-16:28:36.459366 7f171dffb700 (Original Log Time 2018/12/26-16:28:35.917270) [db/db_impl_compaction_flush.cc:1424] Calling FlushMemTableToOutputFile with column family [usertable], flush slots available 24, compaction slots available 1, flush slots scheduled 1, compaction slots scheduled 0
2018/12/26-16:28:36.459386 7f171dffb700 [db/flush_job.cc:301] [usertable] [JOB 2] Flushing memtable with next log file: 9
2018/12/26-16:28:36.459398 7f171dffb700 [db/flush_job.cc:301] [usertable] [JOB 2] Flushing memtable with next log file: 10
2018/12/26-16:28:36.459456 7f171dffb700 EVENT_LOG_v1 {"time_micros": 1545870516459441, "job": 2, "event": "flush_started", "num_memtables": 2, "num_entries": 62750, "num_deletes": 0, "memory_usage": 260121232, "flush_reason": "Write Buffer Full"}
2018/12/26-16:28:36.459466 7f171dffb700 [db/flush_job.cc:331] [usertable] [JOB 2] Level-0 flush table #11: started
2018/12/26-16:28:38.761200 7f171dffb700 EVENT_LOG_v1 {"time_micros": 1545870518761168, "cf_name": "usertable", "job": 2, "event": "table_file_creation", "file_number": 11, "file_size": 259872819, "table_properties": {"data_size": 258718250, "index_size": 1153642, "filter_size": 0, "raw_key_size": 1506000, "raw_average_key_size": 24, "raw_value_size": 257024000, "raw_average_value_size": 4096, "num_data_blocks": 31375, "num_entries": 62750, "filter_policy_name": "", "kDeletedKeys": "0", "kMergeOperands": "0"}}
2018/12/26-16:28:38.761234 7f171dffb700 [db/flush_job.cc:371] [usertable] [JOB 2] Level-0 flush table #11: 259872819 bytes OK
2018/12/26-16:28:38.789947 7f171dffb700 (Original Log Time 2018/12/26-16:28:38.761256) [db/memtable_list.cc:377] [usertable] Level-0 commit table #11 started
2018/12/26-16:28:38.789952 7f171dffb700 (Original Log Time 2018/12/26-16:28:38.789819) [db/memtable_list.cc:409] [usertable] Level-0 commit table #11: memtable #1 done
2018/12/26-16:28:38.789954 7f171dffb700 (Original Log Time 2018/12/26-16:28:38.789849) [db/memtable_list.cc:409] [usertable] Level-0 commit table #11: memtable #2 done
2018/12/26-16:28:38.789955 7f171dffb700 (Original Log Time 2018/12/26-16:28:38.789881) EVENT_LOG_v1 {"time_micros": 1545870518789870, "job": 2, "event": "flush_finished", "output_compression": "NoCompression", "lsm_state": [1, 0, 0, 0, 0, 0, 0], "immutable_memtables": 0}
2018/12/26-16:28:38.789957 7f171dffb700 (Original Log Time 2018/12/26-16:28:38.789913) [db/db_impl_compaction_flush.cc:177] [usertable] Level summary: base level 1 max bytes base 536870912 files[1 0 0 0 0 0 0] max score 0.50
2018/12/26-16:28:38.789971 7f171dffb700 [db/db_impl_files.cc:347] [JOB 2] Try to delete WAL files size 259090370, prev total WAL file size 300598955, number of live WAL files 3.
2018/12/26-16:28:44.881759 7f180820d700 [db/db_impl_write.cc:1373] [usertable] New memtable created with log file: #12. Immutable memtables: 0.
2018/12/26-16:28:53.846460 7f1808510700 [db/db_impl_write.cc:1373] [usertable] New memtable created with log file: #13. Immutable memtables: 1.
2018/12/26-16:28:53.846557 7f171d7fa700 [db/db_impl_compaction_flush.cc:80] [JOB 3] Syncing log #10
2018/12/26-16:28:55.543536 7f171d7fa700 [db/db_impl_compaction_flush.cc:80] [JOB 3] Syncing log #12
2018/12/26-16:28:57.427034 7f171d7fa700 (Original Log Time 2018/12/26-16:28:53.846530) [db/db_impl_compaction_flush.cc:1424] Calling FlushMemTableToOutputFile with column family [usertable], flush slots available 24, compaction slots available 1, flush slots scheduled 1, compaction slots scheduled 0
2018/12/26-16:28:57.427052 7f171d7fa700 [db/flush_job.cc:301] [usertable] [JOB 3] Flushing memtable with next log file: 12
2018/12/26-16:28:57.427060 7f171d7fa700 [db/flush_job.cc:301] [usertable] [JOB 3] Flushing memtable with next log file: 13
2018/12/26-16:28:57.427093 7f171d7fa700 EVENT_LOG_v1 {"time_micros": 1545870537427082, "job": 3, "event": "flush_started", "num_memtables": 2, "num_entries": 62753, "num_deletes": 0, "memory_usage": 260065784, "flush_reason": "Write Buffer Full"}
2018/12/26-16:28:57.427101 7f171d7fa700 [db/flush_job.cc:331] [usertable] [JOB 3] Level-0 flush table #14: started
2018/12/26-16:28:59.729403 7f171d7fa700 EVENT_LOG_v1 {"time_micros": 1545870539729369, "cf_name": "usertable", "job": 3, "event": "table_file_creation", "file_number": 14, "file_size": 259885272, "table_properties": {"data_size": 258730633, "index_size": 1153712, "filter_size": 0, "raw_key_size": 1506072, "raw_average_key_size": 24, "raw_value_size": 257036288, "raw_average_value_size": 4096, "num_data_blocks": 31377, "num_entries": 62753, "filter_policy_name": "", "kDeletedKeys": "0", "kMergeOperands": "0"}}
2018/12/26-16:28:59.729427 7f171d7fa700 [db/flush_job.cc:371] [usertable] [JOB 3] Level-0 flush table #14: 259885272 bytes OK
2018/12/26-16:28:59.793955 7f171d7fa700 (Original Log Time 2018/12/26-16:28:59.729443) [db/memtable_list.cc:377] [usertable] Level-0 commit table #14 started
2018/12/26-16:28:59.793959 7f171d7fa700 (Original Log Time 2018/12/26-16:28:59.793838) [db/memtable_list.cc:409] [usertable] Level-0 commit table #14: memtable #1 done
2018/12/26-16:28:59.793961 7f171d7fa700 (Original Log Time 2018/12/26-16:28:59.793842) [db/memtable_list.cc:409] [usertable] Level-0 commit table #14: memtable #2 done
2018/12/26-16:28:59.793962 7f171d7fa700 (Original Log Time 2018/12/26-16:28:59.793880) EVENT_LOG_v1 {"time_micros": 1545870539793869, "job": 3, "event": "flush_finished", "output_compression": "NoCompression", "lsm_state": [2, 0, 0, 0, 0, 0, 0], "immutable_memtables": 0}
2018/12/26-16:28:59.793964 7f171d7fa700 (Original Log Time 2018/12/26-16:28:59.793932) [db/db_impl_compaction_flush.cc:177] [usertable] Level summary: base level 1 max bytes base 536870912 files[2 0 0 0 0 0 0] max score 1.00
2018/12/26-16:28:59.793985 7f171d7fa700 [db/db_impl_files.cc:347] [JOB 3] Try to delete WAL files size 259100645, prev total WAL file size 345051050, number of live WAL files 3.
2018/12/26-16:28:59.799331 7f177b476700 [WARN] [db/db_impl.cc:491] ------- DUMPING STATS -------
2018/12/26-16:28:59.799384 7f177b476700 [WARN] [db/db_impl.cc:492] 
** DB Stats **
Uptime(secs): 42.0 total, 42.0 interval
Cumulative writes: 146K writes, 146K keys, 145K commit groups, 1.0 writes per commit group, ingest: 0.56 GB, 13.73 MB/s
Cumulative WAL: 146K writes, 0 syncs, 146320.00 writes per sync, written: 0.56 GB, 13.73 MB/s
Cumulative stall: 00:00:0.000 H:M:S, 0.0 percent
Interval writes: 146K writes, 146K keys, 145K commit groups, 1.0 writes per commit group, ingest: 576.15 MB, 13.73 MB/s
Interval WAL: 146K writes, 0 syncs, 146320.00 writes per sync, written: 0.56 MB, 13.73 MB/s
Interval stall: 00:00:0.000 H:M:S, 0.0 percent

** Compaction Stats [default] **
Level    Files   Size     Score Read(GB)  Rn(GB) Rnp1(GB) Write(GB) Wnew(GB) Moved(GB) W-Amp Rd(MB/s) Wr(MB/s) Comp(sec) Comp(cnt) Avg(sec) KeyIn KeyDrop
----------------------------------------------------------------------------------------------------------------------------------------------------------
 Sum      0/0    0.00 KB   0.0      0.0     0.0      0.0       0.0      0.0       0.0   0.0      0.0      0.0         0         0    0.000       0      0
 Int      0/0    0.00 KB   0.0      0.0     0.0      0.0       0.0      0.0       0.0   0.0      0.0      0.0         0         0    0.000       0      0
Uptime(secs): 42.0 total, 42.0 interval
Flush(GB): cumulative 0.000, interval 0.000
AddFile(GB): cumulative 0.000, interval 0.000
AddFile(Total Files): cumulative 0, interval 0
AddFile(L0 Files): cumulative 0, interval 0
AddFile(Keys): cumulative 0, interval 0
Cumulative compaction: 0.00 GB write, 0.00 MB/s write, 0.00 GB read, 0.00 MB/s read, 0.0 seconds
Interval compaction: 0.00 GB write, 0.00 MB/s write, 0.00 GB read, 0.00 MB/s read, 0.0 seconds
Stalls(count): 0 level0_slowdown, 0 level0_slowdown_with_compaction, 0 level0_numfiles, 0 level0_numfiles_with_compaction, 0 stop for pending_compaction_bytes, 0 slowdown for pending_compaction_bytes, 0 memtable_compaction, 0 memtable_slowdown, interval 0 total count

** File Read Latency Histogram By Level [default] **

** Compaction Stats [usertable] **
Level    Files   Size     Score Read(GB)  Rn(GB) Rnp1(GB) Write(GB) Wnew(GB) Moved(GB) W-Amp Rd(MB/s) Wr(MB/s) Comp(sec) Comp(cnt) Avg(sec) KeyIn KeyDrop
----------------------------------------------------------------------------------------------------------------------------------------------------------
  L0      2/0   495.68 MB   1.0      0.0     0.0      0.0       0.5      0.5       0.0   1.0      0.0    107.7         5         2    2.302       0      0
 Sum      2/0   495.68 MB   0.0      0.0     0.0      0.0       0.5      0.5       0.0   1.0      0.0    107.7         5         2    2.302       0      0
 Int      0/0    0.00 KB   0.0      0.0     0.0      0.0       0.5      0.5       0.0   1.0      0.0    107.7         5         2    2.302       0      0
Uptime(secs): 41.9 total, 41.9 interval
Flush(GB): cumulative 0.484, interval 0.484
AddFile(GB): cumulative 0.000, interval 0.000
AddFile(Total Files): cumulative 0, interval 0
AddFile(L0 Files): cumulative 0, interval 0
AddFile(Keys): cumulative 0, interval 0
Cumulative compaction: 0.48 GB write, 11.83 MB/s write, 0.00 GB read, 0.00 MB/s read, 4.6 seconds
Interval compaction: 0.48 GB write, 11.83 MB/s write, 0.00 GB read, 0.00 MB/s read, 4.6 seconds
Stalls(count): 0 level0_slowdown, 0 level0_slowdown_with_compaction, 0 level0_numfiles, 0 level0_numfiles_with_compaction, 0 stop for pending_compaction_bytes, 0 slowdown for pending_compaction_bytes, 0 memtable_compaction, 0 memtable_slowdown, interval 0 total count

** File Read Latency Histogram By Level [usertable] **

** Compaction Stats [default] **
Level    Files   Size     Score Read(GB)  Rn(GB) Rnp1(GB) Write(GB) Wnew(GB) Moved(GB) W-Amp Rd(MB/s) Wr(MB/s) Comp(sec) Comp(cnt) Avg(sec) KeyIn KeyDrop
----------------------------------------------------------------------------------------------------------------------------------------------------------
 Sum      0/0    0.00 KB   0.0      0.0     0.0      0.0       0.0      0.0       0.0   0.0      0.0      0.0         0         0    0.000       0      0
 Int      0/0    0.00 KB   0.0      0.0     0.0      0.0       0.0      0.0       0.0   0.0      0.0      0.0         0         0    0.000       0      0
Uptime(secs): 42.0 total, 0.0 interval
Flush(GB): cumulative 0.000, interval 0.000
AddFile(GB): cumulative 0.000, interval 0.000
AddFile(Total Files): cumulative 0, interval 0
AddFile(L0 Files): cumulative 0, interval 0
AddFile(Keys): cumulative 0, interval 0
Cumulative compaction: 0.00 GB write, 0.00 MB/s write, 0.00 GB read, 0.00 MB/s read, 0.0 seconds
Interval compaction: 0.00 GB write, 0.00 MB/s write, 0.00 GB read, 0.00 MB/s read, 0.0 seconds
Stalls(count): 0 level0_slowdown, 0 level0_slowdown_with_compaction, 0 level0_numfiles, 0 level0_numfiles_with_compaction, 0 stop for pending_compaction_bytes, 0 slowdown for pending_compaction_bytes, 0 memtable_compaction, 0 memtable_slowdown, interval 0 total count

** File Read Latency Histogram By Level [default] **

** Compaction Stats [usertable] **
Level    Files   Size     Score Read(GB)  Rn(GB) Rnp1(GB) Write(GB) Wnew(GB) Moved(GB) W-Amp Rd(MB/s) Wr(MB/s) Comp(sec) Comp(cnt) Avg(sec) KeyIn KeyDrop
----------------------------------------------------------------------------------------------------------------------------------------------------------
  L0      2/0   495.68 MB   1.0      0.0     0.0      0.0       0.5      0.5       0.0   1.0      0.0    107.7         5         2    2.302       0      0
 Sum      2/0   495.68 MB   0.0      0.0     0.0      0.0       0.5      0.5       0.0   1.0      0.0    107.7         5         2    2.302       0      0
 Int      0/0    0.00 KB   0.0      0.0     0.0      0.0       0.0      0.0       0.0   0.0      0.0      0.0         0         0    0.000       0      0
Uptime(secs): 41.9 total, 0.0 interval
Flush(GB): cumulative 0.484, interval 0.000
AddFile(GB): cumulative 0.000, interval 0.000
AddFile(Total Files): cumulative 0, interval 0
AddFile(L0 Files): cumulative 0, interval 0
AddFile(Keys): cumulative 0, interval 0
Cumulative compaction: 0.48 GB write, 11.83 MB/s write, 0.00 GB read, 0.00 MB/s read, 4.6 seconds
Interval compaction: 0.00 GB write, 0.00 MB/s write, 0.00 GB read, 0.00 MB/s read, 0.0 seconds
Stalls(count): 0 level0_slowdown, 0 level0_slowdown_with_compaction, 0 level0_numfiles, 0 level0_numfiles_with_compaction, 0 stop for pending_compaction_bytes, 0 slowdown for pending_compaction_bytes, 0 memtable_compaction, 0 memtable_slowdown, interval 0 total count

** File Read Latency Histogram By Level [usertable] **
2018/12/26-16:28:59.870324 7f177b476700 (Original Log Time 2018/12/26-16:28:59.799531) [db/db_impl_compaction_flush.cc:1835] [usertable] Moving #14 to level-1 259885272 bytes
2018/12/26-16:28:59.870328 7f177b476700 (Original Log Time 2018/12/26-16:28:59.870273) EVENT_LOG_v1 {"time_micros": 1545870539870257, "job": 4, "event": "trivial_move", "destination_level": 1, "files": 1, "total_files_size": 259885272}
2018/12/26-16:28:59.870330 7f177b476700 (Original Log Time 2018/12/26-16:28:59.870283) [db/db_impl_compaction_flush.cc:1864] [usertable] Moved #1 files to level-1 259885272 bytes OK: base level 1 max bytes base 536870912 files[1 1 0 0 0 0 0] max score 0.50
2018/12/26-16:29:02.810120 7f1808914700 [db/db_impl_write.cc:1373] [usertable] New memtable created with log file: #15. Immutable memtables: 0.
2018/12/26-16:29:10.319284 7f180810c700 [db/db_impl_write.cc:1373] [usertable] New memtable created with log file: #16. Immutable memtables: 1.
2018/12/26-16:29:10.319402 7f171cff9700 [db/db_impl_compaction_flush.cc:80] [JOB 5] Syncing log #13
2018/12/26-16:29:10.849120 7f171cff9700 [db/db_impl_compaction_flush.cc:80] [JOB 5] Syncing log #15
2018/12/26-16:29:11.312659 7f171cff9700 (Original Log Time 2018/12/26-16:29:10.319380) [db/db_impl_compaction_flush.cc:1424] Calling FlushMemTableToOutputFile with column family [usertable], flush slots available 24, compaction slots available 1, flush slots scheduled 1, compaction slots scheduled 0
2018/12/26-16:29:11.312675 7f171cff9700 [db/flush_job.cc:301] [usertable] [JOB 5] Flushing memtable with next log file: 15
2018/12/26-16:29:11.312683 7f171cff9700 [db/flush_job.cc:301] [usertable] [JOB 5] Flushing memtable with next log file: 16
2018/12/26-16:29:11.312717 7f171cff9700 EVENT_LOG_v1 {"time_micros": 1545870551312706, "job": 5, "event": "flush_started", "num_memtables": 2, "num_entries": 57653, "num_deletes": 0, "memory_usage": 253650248, "flush_reason": "Write Buffer Full"}
2018/12/26-16:29:11.312725 7f171cff9700 [db/flush_job.cc:331] [usertable] [JOB 5] Level-0 flush table #17: started
2018/12/26-16:29:12.322135 7f171cff9700 EVENT_LOG_v1 {"time_micros": 1545870552322110, "cf_name": "usertable", "job": 5, "event": "table_file_creation", "file_number": 17, "file_size": 238777000, "table_properties": {"data_size": 237709738, "index_size": 1066335, "filter_size": 0, "raw_key_size": 1383672, "raw_average_key_size": 24, "raw_value_size": 236146688, "raw_average_value_size": 4096, "num_data_blocks": 28827, "num_entries": 57653, "filter_policy_name": "", "kDeletedKeys": "0", "kMergeOperands": "0"}}
2018/12/26-16:29:12.322157 7f171cff9700 [db/flush_job.cc:371] [usertable] [JOB 5] Level-0 flush table #17: 238777000 bytes OK
2018/12/26-16:29:12.380332 7f171cff9700 (Original Log Time 2018/12/26-16:29:12.322173) [db/memtable_list.cc:377] [usertable] Level-0 commit table #17 started
2018/12/26-16:29:12.380337 7f171cff9700 (Original Log Time 2018/12/26-16:29:12.380236) [db/memtable_list.cc:409] [usertable] Level-0 commit table #17: memtable #1 done
2018/12/26-16:29:12.380339 7f171cff9700 (Original Log Time 2018/12/26-16:29:12.380241) [db/memtable_list.cc:409] [usertable] Level-0 commit table #17: memtable #2 done
2018/12/26-16:29:12.380340 7f171cff9700 (Original Log Time 2018/12/26-16:29:12.380273) EVENT_LOG_v1 {"time_micros": 1545870552380263, "job": 5, "event": "flush_finished", "output_compression": "NoCompression", "lsm_state": [2, 1, 0, 0, 0, 0, 0], "immutable_memtables": 0}
2018/12/26-16:29:12.380342 7f171cff9700 (Original Log Time 2018/12/26-16:29:12.380307) [db/db_impl_compaction_flush.cc:177] [usertable] Level summary: base level 1 max bytes base 536870912 files[2 1 0 0 0 0 0] max score 1.00
