2018/12/26-16:28:18.280431 7f8c284dd700 RocksDB version: 5.14.3
2018/12/26-16:28:18.280479 7f8c284dd700 Git sha rocksdb_build_git_sha:
2018/12/26-16:28:18.280482 7f8c284dd700 Compile date Dec 26 2018
2018/12/26-16:28:18.280486 7f8c284dd700 DB SUMMARY
2018/12/26-16:28:18.280506 7f8c284dd700 SST files in /mnt/sdg/ycsb-rocksdb-data dir, Total Num: 0, files: 
2018/12/26-16:28:18.280508 7f8c284dd700 Write Ahead Log file in /mnt/sdg/ycsb-rocksdb-data: 
2018/12/26-16:28:18.280511 7f8c284dd700                         Options.error_if_exists: 0
2018/12/26-16:28:18.280512 7f8c284dd700                       Options.create_if_missing: 1
2018/12/26-16:28:18.280513 7f8c284dd700                         Options.paranoid_checks: 1
2018/12/26-16:28:18.280514 7f8c284dd700                                     Options.env: 0x7f8c229622c0
2018/12/26-16:28:18.280516 7f8c284dd700                                Options.info_log: 0x7f8b783d4700
2018/12/26-16:28:18.280517 7f8c284dd700                Options.max_file_opening_threads: 16
2018/12/26-16:28:18.280518 7f8c284dd700                              Options.statistics: (nil)
2018/12/26-16:28:18.280519 7f8c284dd700                               Options.use_fsync: 0
2018/12/26-16:28:18.280520 7f8c284dd700                       Options.max_log_file_size: 0
2018/12/26-16:28:18.280521 7f8c284dd700                  Options.max_manifest_file_size: 18446744073709551615
2018/12/26-16:28:18.280523 7f8c284dd700                   Options.log_file_time_to_roll: 0
2018/12/26-16:28:18.280524 7f8c284dd700                       Options.keep_log_file_num: 1000
2018/12/26-16:28:18.280525 7f8c284dd700                    Options.recycle_log_file_num: 0
2018/12/26-16:28:18.280526 7f8c284dd700                         Options.allow_fallocate: 1
2018/12/26-16:28:18.280527 7f8c284dd700                        Options.allow_mmap_reads: 0
2018/12/26-16:28:18.280528 7f8c284dd700                       Options.allow_mmap_writes: 0
2018/12/26-16:28:18.280529 7f8c284dd700                        Options.use_direct_reads: 0
2018/12/26-16:28:18.280530 7f8c284dd700                        Options.use_direct_io_for_flush_and_compaction: 0
2018/12/26-16:28:18.280531 7f8c284dd700          Options.create_missing_column_families: 1
2018/12/26-16:28:18.280532 7f8c284dd700                              Options.db_log_dir: 
2018/12/26-16:28:18.280533 7f8c284dd700                                 Options.wal_dir: /mnt/sdg/ycsb-rocksdb-data
2018/12/26-16:28:18.280534 7f8c284dd700                Options.table_cache_numshardbits: 6
2018/12/26-16:28:18.280535 7f8c284dd700                      Options.max_subcompactions: 4
2018/12/26-16:28:18.280537 7f8c284dd700                  Options.max_background_flushes: 24
2018/12/26-16:28:18.280538 7f8c284dd700                         Options.WAL_ttl_seconds: 0
2018/12/26-16:28:18.280539 7f8c284dd700                       Options.WAL_size_limit_MB: 0
2018/12/26-16:28:18.280540 7f8c284dd700             Options.manifest_preallocation_size: 4194304
2018/12/26-16:28:18.280541 7f8c284dd700                     Options.is_fd_close_on_exec: 1
2018/12/26-16:28:18.280542 7f8c284dd700                   Options.advise_random_on_open: 1
2018/12/26-16:28:18.280543 7f8c284dd700                    Options.db_write_buffer_size: 0
2018/12/26-16:28:18.280544 7f8c284dd700                    Options.write_buffer_manager: 0x7f8b783d1720
2018/12/26-16:28:18.280545 7f8c284dd700         Options.access_hint_on_compaction_start: 1
2018/12/26-16:28:18.280546 7f8c284dd700  Options.new_table_reader_for_compaction_inputs: 0
2018/12/26-16:28:18.280547 7f8c284dd700           Options.random_access_max_buffer_size: 1048576
2018/12/26-16:28:18.280549 7f8c284dd700                      Options.use_adaptive_mutex: 0
2018/12/26-16:28:18.280550 7f8c284dd700                            Options.rate_limiter: (nil)
2018/12/26-16:28:18.280552 7f8c284dd700     Options.sst_file_manager.rate_bytes_per_sec: 0
2018/12/26-16:28:18.280553 7f8c284dd700                       Options.wal_recovery_mode: 2
2018/12/26-16:28:18.280554 7f8c284dd700                  Options.enable_thread_tracking: 0
2018/12/26-16:28:18.280555 7f8c284dd700                  Options.enable_pipelined_write: 1
2018/12/26-16:28:18.280564 7f8c284dd700         Options.allow_concurrent_memtable_write: 1
2018/12/26-16:28:18.280566 7f8c284dd700      Options.enable_write_thread_adaptive_yield: 1
2018/12/26-16:28:18.280567 7f8c284dd700             Options.write_thread_max_yield_usec: 100
2018/12/26-16:28:18.280568 7f8c284dd700            Options.write_thread_slow_yield_usec: 3
2018/12/26-16:28:18.280569 7f8c284dd700                               Options.row_cache: None
2018/12/26-16:28:18.280570 7f8c284dd700                              Options.wal_filter: None
2018/12/26-16:28:18.280571 7f8c284dd700             Options.avoid_flush_during_recovery: 0
2018/12/26-16:28:18.280572 7f8c284dd700             Options.allow_ingest_behind: 0
2018/12/26-16:28:18.280574 7f8c284dd700             Options.preserve_deletes: 0
2018/12/26-16:28:18.280575 7f8c284dd700             Options.two_write_queues: 0
2018/12/26-16:28:18.280576 7f8c284dd700             Options.manual_wal_flush: 0
2018/12/26-16:28:18.280578 7f8c284dd700             Options.max_background_jobs: 24
2018/12/26-16:28:18.280579 7f8c284dd700             Options.max_background_compactions: 24
2018/12/26-16:28:18.280580 7f8c284dd700             Options.avoid_flush_during_shutdown: 0
2018/12/26-16:28:18.280581 7f8c284dd700           Options.writable_file_max_buffer_size: 1048576
2018/12/26-16:28:18.280582 7f8c284dd700             Options.delayed_write_rate : 16777216
2018/12/26-16:28:18.280583 7f8c284dd700             Options.max_total_wal_size: 0
2018/12/26-16:28:18.280584 7f8c284dd700             Options.delete_obsolete_files_period_micros: 21600000000
2018/12/26-16:28:18.280585 7f8c284dd700                   Options.stats_dump_period_sec: 60
2018/12/26-16:28:18.280587 7f8c284dd700                          Options.max_open_files: -1
2018/12/26-16:28:18.280588 7f8c284dd700                          Options.bytes_per_sync: 1048576
2018/12/26-16:28:18.280589 7f8c284dd700                      Options.wal_bytes_per_sync: 0
2018/12/26-16:28:18.280590 7f8c284dd700       Options.compaction_readahead_size: 0
2018/12/26-16:28:18.280591 7f8c284dd700 Compression algorithms supported:
2018/12/26-16:28:18.280593 7f8c284dd700 	kZSTDNotFinalCompression supported: 1
2018/12/26-16:28:18.280601 7f8c284dd700 	kZSTD supported: 1
2018/12/26-16:28:18.280602 7f8c284dd700 	kXpressCompression supported: 0
2018/12/26-16:28:18.280603 7f8c284dd700 	kLZ4HCCompression supported: 1
2018/12/26-16:28:18.280604 7f8c284dd700 	kLZ4Compression supported: 1
2018/12/26-16:28:18.280606 7f8c284dd700 	kBZip2Compression supported: 1
2018/12/26-16:28:18.280607 7f8c284dd700 	kZlibCompression supported: 1
2018/12/26-16:28:18.280608 7f8c284dd700 	kSnappyCompression supported: 1
2018/12/26-16:28:18.280612 7f8c284dd700 Fast CRC32 supported: Supported on x86
2018/12/26-16:28:18.280681 7f8c284dd700 [db/db_impl_open.cc:222] Creating manifest 1 
2018/12/26-16:28:18.377616 7f8c284dd700 [db/version_set.cc:3085] Recovering from manifest file: MANIFEST-000001
2018/12/26-16:28:18.377727 7f8c284dd700 [db/column_family.cc:475] --------------- Options for column family [default]:
2018/12/26-16:28:18.377731 7f8c284dd700               Options.comparator: leveldb.BytewiseComparator
2018/12/26-16:28:18.377732 7f8c284dd700           Options.merge_operator: None
2018/12/26-16:28:18.377734 7f8c284dd700        Options.compaction_filter: None
2018/12/26-16:28:18.377735 7f8c284dd700        Options.compaction_filter_factory: None
2018/12/26-16:28:18.377736 7f8c284dd700         Options.memtable_factory: SkipListFactory
2018/12/26-16:28:18.377737 7f8c284dd700            Options.table_factory: BlockBasedTable
2018/12/26-16:28:18.377773 7f8c284dd700            table_factory options:   flush_block_policy_factory: FlushBlockBySizePolicyFactory (0x7f8b783761f0)
  cache_index_and_filter_blocks: 0
  cache_index_and_filter_blocks_with_high_priority: 0
  pin_l0_filter_and_index_blocks_in_cache: 0
  index_type: 0
  hash_index_allow_collision: 1
  checksum: 1
  no_block_cache: 0
  block_cache: 0x7f8b78381cb0
  block_cache_name: LRUCache
  block_cache_options:
    capacity : 8388608
    num_shard_bits : 4
    strict_capacity_limit : 0
    high_pri_pool_ratio: 0.000
  block_cache_compressed: (nil)
  persistent_cache: (nil)
  block_size: 8192
  block_size_deviation: 10
  block_restart_interval: 16
  index_block_restart_interval: 1
  metadata_block_size: 4096
  partition_filters: 0
  use_delta_encoding: 1
  filter_policy: nullptr
  whole_key_filtering: 1
  verify_compression: 0
  read_amp_bytes_per_bit: 0
  format_version: 2
  enable_index_compression: 1
  block_align: 0
2018/12/26-16:28:18.377790 7f8c284dd700        Options.write_buffer_size: 134217728
2018/12/26-16:28:18.377791 7f8c284dd700  Options.max_write_buffer_number: 24
2018/12/26-16:28:18.377793 7f8c284dd700        Options.compression[0]: NoCompression
2018/12/26-16:28:18.377794 7f8c284dd700        Options.compression[1]: NoCompression
2018/12/26-16:28:18.377796 7f8c284dd700        Options.compression[2]: LZ4
2018/12/26-16:28:18.377797 7f8c284dd700        Options.compression[3]: LZ4
2018/12/26-16:28:18.377798 7f8c284dd700        Options.compression[4]: LZ4
2018/12/26-16:28:18.377799 7f8c284dd700        Options.compression[5]: LZ4
2018/12/26-16:28:18.377800 7f8c284dd700        Options.compression[6]: LZ4
2018/12/26-16:28:18.377801 7f8c284dd700                  Options.bottommost_compression: Disabled
2018/12/26-16:28:18.377802 7f8c284dd700       Options.prefix_extractor: nullptr
2018/12/26-16:28:18.377803 7f8c284dd700   Options.memtable_insert_with_hint_prefix_extractor: nullptr
2018/12/26-16:28:18.377805 7f8c284dd700             Options.num_levels: 7
2018/12/26-16:28:18.377806 7f8c284dd700        Options.min_write_buffer_number_to_merge: 2
2018/12/26-16:28:18.377807 7f8c284dd700     Options.max_write_buffer_number_to_maintain: 0
2018/12/26-16:28:18.377808 7f8c284dd700            Options.compression_opts.window_bits: -14
2018/12/26-16:28:18.377809 7f8c284dd700                  Options.compression_opts.level: -1
2018/12/26-16:28:18.377810 7f8c284dd700               Options.compression_opts.strategy: 0
2018/12/26-16:28:18.377811 7f8c284dd700         Options.compression_opts.max_dict_bytes: 0
2018/12/26-16:28:18.377812 7f8c284dd700         Options.compression_opts.zstd_max_train_bytes: 0
2018/12/26-16:28:18.377814 7f8c284dd700      Options.level0_file_num_compaction_trigger: 2
2018/12/26-16:28:18.377815 7f8c284dd700          Options.level0_slowdown_writes_trigger: 20
2018/12/26-16:28:18.377816 7f8c284dd700              Options.level0_stop_writes_trigger: 36
2018/12/26-16:28:18.377817 7f8c284dd700                   Options.target_file_size_base: 67108864
2018/12/26-16:28:18.377818 7f8c284dd700             Options.target_file_size_multiplier: 1
2018/12/26-16:28:18.377819 7f8c284dd700                Options.max_bytes_for_level_base: 536870912
2018/12/26-16:28:18.377820 7f8c284dd700 Options.level_compaction_dynamic_level_bytes: 0
2018/12/26-16:28:18.377821 7f8c284dd700          Options.max_bytes_for_level_multiplier: 10.000000
2018/12/26-16:28:18.377824 7f8c284dd700 Options.max_bytes_for_level_multiplier_addtl[0]: 1
2018/12/26-16:28:18.377825 7f8c284dd700 Options.max_bytes_for_level_multiplier_addtl[1]: 1
2018/12/26-16:28:18.377827 7f8c284dd700 Options.max_bytes_for_level_multiplier_addtl[2]: 1
2018/12/26-16:28:18.377828 7f8c284dd700 Options.max_bytes_for_level_multiplier_addtl[3]: 1
2018/12/26-16:28:18.377829 7f8c284dd700 Options.max_bytes_for_level_multiplier_addtl[4]: 1
2018/12/26-16:28:18.377830 7f8c284dd700 Options.max_bytes_for_level_multiplier_addtl[5]: 1
2018/12/26-16:28:18.377831 7f8c284dd700 Options.max_bytes_for_level_multiplier_addtl[6]: 1
2018/12/26-16:28:18.377832 7f8c284dd700       Options.max_sequential_skip_in_iterations: 8
2018/12/26-16:28:18.377833 7f8c284dd700                    Options.max_compaction_bytes: 1677721600
2018/12/26-16:28:18.377834 7f8c284dd700                        Options.arena_block_size: 16777216
2018/12/26-16:28:18.377835 7f8c284dd700   Options.soft_pending_compaction_bytes_limit: 68719476736
2018/12/26-16:28:18.377836 7f8c284dd700   Options.hard_pending_compaction_bytes_limit: 274877906944
2018/12/26-16:28:18.377843 7f8c284dd700       Options.rate_limit_delay_max_milliseconds: 100
2018/12/26-16:28:18.377845 7f8c284dd700                Options.disable_auto_compactions: 0
2018/12/26-16:28:18.377847 7f8c284dd700                        Options.compaction_style: kCompactionStyleLevel
2018/12/26-16:28:18.377848 7f8c284dd700                          Options.compaction_pri: kByCompensatedSize
2018/12/26-16:28:18.377850 7f8c284dd700 Options.compaction_options_universal.size_ratio: 1
2018/12/26-16:28:18.377851 7f8c284dd700 Options.compaction_options_universal.min_merge_width: 2
2018/12/26-16:28:18.377852 7f8c284dd700 Options.compaction_options_universal.max_merge_width: 4294967295
2018/12/26-16:28:18.377853 7f8c284dd700 Options.compaction_options_universal.max_size_amplification_percent: 200
2018/12/26-16:28:18.377854 7f8c284dd700 Options.compaction_options_universal.compression_size_percent: -1
2018/12/26-16:28:18.377856 7f8c284dd700 Options.compaction_options_universal.stop_style: kCompactionStopStyleTotalSize
2018/12/26-16:28:18.377857 7f8c284dd700 Options.compaction_options_fifo.max_table_files_size: 1073741824
2018/12/26-16:28:18.377858 7f8c284dd700 Options.compaction_options_fifo.allow_compaction: 0
2018/12/26-16:28:18.377859 7f8c284dd700 Options.compaction_options_fifo.ttl: 0
2018/12/26-16:28:18.377860 7f8c284dd700                   Options.table_properties_collectors: 
2018/12/26-16:28:18.377862 7f8c284dd700                   Options.inplace_update_support: 0
2018/12/26-16:28:18.377863 7f8c284dd700                 Options.inplace_update_num_locks: 10000
2018/12/26-16:28:18.377864 7f8c284dd700               Options.memtable_prefix_bloom_size_ratio: 0.000000
2018/12/26-16:28:18.377865 7f8c284dd700   Options.memtable_huge_page_size: 0
2018/12/26-16:28:18.377867 7f8c284dd700                           Options.bloom_locality: 0
2018/12/26-16:28:18.377868 7f8c284dd700                    Options.max_successive_merges: 0
2018/12/26-16:28:18.377869 7f8c284dd700                Options.optimize_filters_for_hits: 0
2018/12/26-16:28:18.377870 7f8c284dd700                Options.paranoid_file_checks: 0
2018/12/26-16:28:18.377871 7f8c284dd700                Options.force_consistency_checks: 0
2018/12/26-16:28:18.377872 7f8c284dd700                Options.report_bg_io_stats: 0
2018/12/26-16:28:18.377873 7f8c284dd700                               Options.ttl: 0
2018/12/26-16:28:18.378343 7f8c284dd700 [db/version_set.cc:3361] Recovered from manifest file:/mnt/sdg/ycsb-rocksdb-data/MANIFEST-000001 succeeded,manifest_file_number is 1, next_file_number is 3, last_sequence is 0, log_number is 0,prev_log_number is 0,max_column_family is 0,min_log_number_to_keep is 0
2018/12/26-16:28:18.378347 7f8c284dd700 [db/version_set.cc:3369] Column family [default] (ID 0), log number is 0
2018/12/26-16:28:18.378519 7f8c284dd700 [db/version_set.cc:2847] Creating manifest 4
2018/12/26-16:28:18.447363 7f8c284dd700 [db/column_family.cc:475] --------------- Options for column family [usertable]:
2018/12/26-16:28:18.447372 7f8c284dd700               Options.comparator: leveldb.BytewiseComparator
2018/12/26-16:28:18.447374 7f8c284dd700           Options.merge_operator: None
2018/12/26-16:28:18.447376 7f8c284dd700        Options.compaction_filter: None
2018/12/26-16:28:18.447377 7f8c284dd700        Options.compaction_filter_factory: None
2018/12/26-16:28:18.447378 7f8c284dd700         Options.memtable_factory: SkipListFactory
2018/12/26-16:28:18.447379 7f8c284dd700            Options.table_factory: BlockBasedTable
2018/12/26-16:28:18.447409 7f8c284dd700            table_factory options:   flush_block_policy_factory: FlushBlockBySizePolicyFactory (0x7f8b783762d0)
  cache_index_and_filter_blocks: 0
  cache_index_and_filter_blocks_with_high_priority: 0
  pin_l0_filter_and_index_blocks_in_cache: 0
  index_type: 0
  hash_index_allow_collision: 1
  checksum: 1
  no_block_cache: 0
  block_cache: 0x7f8b783773f0
  block_cache_name: LRUCache
  block_cache_options:
    capacity : 8388608
    num_shard_bits : 4
    strict_capacity_limit : 0
    high_pri_pool_ratio: 0.000
  block_cache_compressed: (nil)
  persistent_cache: (nil)
  block_size: 8192
  block_size_deviation: 10
  block_restart_interval: 16
  index_block_restart_interval: 1
  metadata_block_size: 4096
  partition_filters: 0
  use_delta_encoding: 1
  filter_policy: nullptr
  whole_key_filtering: 1
  verify_compression: 0
  read_amp_bytes_per_bit: 0
  format_version: 2
  enable_index_compression: 1
  block_align: 0
2018/12/26-16:28:18.447412 7f8c284dd700        Options.write_buffer_size: 134217728
2018/12/26-16:28:18.447413 7f8c284dd700  Options.max_write_buffer_number: 24
2018/12/26-16:28:18.447414 7f8c284dd700        Options.compression[0]: NoCompression
2018/12/26-16:28:18.447416 7f8c284dd700        Options.compression[1]: NoCompression
2018/12/26-16:28:18.447417 7f8c284dd700        Options.compression[2]: LZ4
2018/12/26-16:28:18.447418 7f8c284dd700        Options.compression[3]: LZ4
2018/12/26-16:28:18.447423 7f8c284dd700        Options.compression[4]: LZ4
2018/12/26-16:28:18.447424 7f8c284dd700        Options.compression[5]: LZ4
2018/12/26-16:28:18.447425 7f8c284dd700        Options.compression[6]: LZ4
2018/12/26-16:28:18.447427 7f8c284dd700                  Options.bottommost_compression: Disabled
2018/12/26-16:28:18.447428 7f8c284dd700       Options.prefix_extractor: nullptr
2018/12/26-16:28:18.447429 7f8c284dd700   Options.memtable_insert_with_hint_prefix_extractor: nullptr
2018/12/26-16:28:18.447430 7f8c284dd700             Options.num_levels: 7
2018/12/26-16:28:18.447431 7f8c284dd700        Options.min_write_buffer_number_to_merge: 2
2018/12/26-16:28:18.447432 7f8c284dd700     Options.max_write_buffer_number_to_maintain: 0
2018/12/26-16:28:18.447433 7f8c284dd700            Options.compression_opts.window_bits: -14
2018/12/26-16:28:18.447435 7f8c284dd700                  Options.compression_opts.level: -1
2018/12/26-16:28:18.447436 7f8c284dd700               Options.compression_opts.strategy: 0
2018/12/26-16:28:18.447437 7f8c284dd700         Options.compression_opts.max_dict_bytes: 0
2018/12/26-16:28:18.447438 7f8c284dd700         Options.compression_opts.zstd_max_train_bytes: 0
2018/12/26-16:28:18.447439 7f8c284dd700      Options.level0_file_num_compaction_trigger: 2
2018/12/26-16:28:18.447440 7f8c284dd700          Options.level0_slowdown_writes_trigger: 20
2018/12/26-16:28:18.447441 7f8c284dd700              Options.level0_stop_writes_trigger: 36
2018/12/26-16:28:18.447442 7f8c284dd700                   Options.target_file_size_base: 67108864
2018/12/26-16:28:18.447443 7f8c284dd700             Options.target_file_size_multiplier: 1
2018/12/26-16:28:18.447444 7f8c284dd700                Options.max_bytes_for_level_base: 536870912
2018/12/26-16:28:18.447445 7f8c284dd700 Options.level_compaction_dynamic_level_bytes: 0
2018/12/26-16:28:18.447447 7f8c284dd700          Options.max_bytes_for_level_multiplier: 10.000000
2018/12/26-16:28:18.447450 7f8c284dd700 Options.max_bytes_for_level_multiplier_addtl[0]: 1
2018/12/26-16:28:18.447461 7f8c284dd700 Options.max_bytes_for_level_multiplier_addtl[1]: 1
2018/12/26-16:28:18.447462 7f8c284dd700 Options.max_bytes_for_level_multiplier_addtl[2]: 1
2018/12/26-16:28:18.447463 7f8c284dd700 Options.max_bytes_for_level_multiplier_addtl[3]: 1
2018/12/26-16:28:18.447464 7f8c284dd700 Options.max_bytes_for_level_multiplier_addtl[4]: 1
2018/12/26-16:28:18.447465 7f8c284dd700 Options.max_bytes_for_level_multiplier_addtl[5]: 1
2018/12/26-16:28:18.447466 7f8c284dd700 Options.max_bytes_for_level_multiplier_addtl[6]: 1
2018/12/26-16:28:18.447468 7f8c284dd700       Options.max_sequential_skip_in_iterations: 8
2018/12/26-16:28:18.447469 7f8c284dd700                    Options.max_compaction_bytes: 1677721600
2018/12/26-16:28:18.447470 7f8c284dd700                        Options.arena_block_size: 16777216
2018/12/26-16:28:18.447471 7f8c284dd700   Options.soft_pending_compaction_bytes_limit: 68719476736
2018/12/26-16:28:18.447472 7f8c284dd700   Options.hard_pending_compaction_bytes_limit: 274877906944
2018/12/26-16:28:18.447473 7f8c284dd700       Options.rate_limit_delay_max_milliseconds: 100
2018/12/26-16:28:18.447474 7f8c284dd700                Options.disable_auto_compactions: 0
2018/12/26-16:28:18.447477 7f8c284dd700                        Options.compaction_style: kCompactionStyleLevel
2018/12/26-16:28:18.447479 7f8c284dd700                          Options.compaction_pri: kByCompensatedSize
2018/12/26-16:28:18.447480 7f8c284dd700 Options.compaction_options_universal.size_ratio: 1
2018/12/26-16:28:18.447481 7f8c284dd700 Options.compaction_options_universal.min_merge_width: 2
2018/12/26-16:28:18.447482 7f8c284dd700 Options.compaction_options_universal.max_merge_width: 4294967295
2018/12/26-16:28:18.447483 7f8c284dd700 Options.compaction_options_universal.max_size_amplification_percent: 200
2018/12/26-16:28:18.447484 7f8c284dd700 Options.compaction_options_universal.compression_size_percent: -1
2018/12/26-16:28:18.447486 7f8c284dd700 Options.compaction_options_universal.stop_style: kCompactionStopStyleTotalSize
2018/12/26-16:28:18.447487 7f8c284dd700 Options.compaction_options_fifo.max_table_files_size: 1073741824
2018/12/26-16:28:18.447488 7f8c284dd700 Options.compaction_options_fifo.allow_compaction: 0
2018/12/26-16:28:18.447489 7f8c284dd700 Options.compaction_options_fifo.ttl: 0
2018/12/26-16:28:18.447490 7f8c284dd700                   Options.table_properties_collectors: 
2018/12/26-16:28:18.447492 7f8c284dd700                   Options.inplace_update_support: 0
2018/12/26-16:28:18.447493 7f8c284dd700                 Options.inplace_update_num_locks: 10000
2018/12/26-16:28:18.447494 7f8c284dd700               Options.memtable_prefix_bloom_size_ratio: 0.000000
2018/12/26-16:28:18.447496 7f8c284dd700   Options.memtable_huge_page_size: 0
2018/12/26-16:28:18.447497 7f8c284dd700                           Options.bloom_locality: 0
2018/12/26-16:28:18.447498 7f8c284dd700                    Options.max_successive_merges: 0
2018/12/26-16:28:18.447499 7f8c284dd700                Options.optimize_filters_for_hits: 0
2018/12/26-16:28:18.447500 7f8c284dd700                Options.paranoid_file_checks: 0
2018/12/26-16:28:18.447501 7f8c284dd700                Options.force_consistency_checks: 0
2018/12/26-16:28:18.447502 7f8c284dd700                Options.report_bg_io_stats: 0
2018/12/26-16:28:18.447503 7f8c284dd700                               Options.ttl: 0
2018/12/26-16:28:18.447568 7f8c284dd700 [db/db_impl.cc:1396] Created column family [usertable] (ID 1)
2018/12/26-16:28:18.602875 7f8c284dd700 [db/db_impl_open.cc:1219] DB pointer 0x7f8b783d4e50
2018/12/26-16:28:27.540579 7f8c23bfb700 [db/db_impl_write.cc:1373] [usertable] New memtable created with log file: #9. Immutable memtables: 0.
2018/12/26-16:28:36.307402 7f8c235f5700 [db/db_impl_write.cc:1373] [usertable] New memtable created with log file: #10. Immutable memtables: 1.
2018/12/26-16:28:36.307569 7f8af4ff9700 [db/db_impl_compaction_flush.cc:80] [JOB 2] Syncing log #3
2018/12/26-16:28:36.569521 7f8af4ff9700 [db/db_impl_compaction_flush.cc:80] [JOB 2] Syncing log #9
2018/12/26-16:28:37.414001 7f8af4ff9700 (Original Log Time 2018/12/26-16:28:36.307507) [db/db_impl_compaction_flush.cc:1424] Calling FlushMemTableToOutputFile with column family [usertable], flush slots available 24, compaction slots available 1, flush slots scheduled 1, compaction slots scheduled 0
2018/12/26-16:28:37.414018 7f8af4ff9700 [db/flush_job.cc:301] [usertable] [JOB 2] Flushing memtable with next log file: 9
2018/12/26-16:28:37.414032 7f8af4ff9700 [db/flush_job.cc:301] [usertable] [JOB 2] Flushing memtable with next log file: 10
2018/12/26-16:28:37.414080 7f8af4ff9700 EVENT_LOG_v1 {"time_micros": 1545870517414062, "job": 2, "event": "flush_started", "num_memtables": 2, "num_entries": 61958, "num_deletes": 0, "memory_usage": 259701048, "flush_reason": "Write Buffer Full"}
2018/12/26-16:28:37.414092 7f8af4ff9700 [db/flush_job.cc:331] [usertable] [JOB 2] Level-0 flush table #11: started
2018/12/26-16:28:39.832924 7f8af4ff9700 EVENT_LOG_v1 {"time_micros": 1545870519832892, "cf_name": "usertable", "job": 2, "event": "table_file_creation", "file_number": 11, "file_size": 256592839, "table_properties": {"data_size": 255452834, "index_size": 1139078, "filter_size": 0, "raw_key_size": 1486992, "raw_average_key_size": 24, "raw_value_size": 253779968, "raw_average_value_size": 4096, "num_data_blocks": 30979, "num_entries": 61958, "filter_policy_name": "", "kDeletedKeys": "0", "kMergeOperands": "0"}}
2018/12/26-16:28:39.832962 7f8af4ff9700 [db/flush_job.cc:371] [usertable] [JOB 2] Level-0 flush table #11: 256592839 bytes OK
2018/12/26-16:28:39.946366 7f8af4ff9700 (Original Log Time 2018/12/26-16:28:39.832989) [db/memtable_list.cc:377] [usertable] Level-0 commit table #11 started
2018/12/26-16:28:39.946370 7f8af4ff9700 (Original Log Time 2018/12/26-16:28:39.946221) [db/memtable_list.cc:409] [usertable] Level-0 commit table #11: memtable #1 done
2018/12/26-16:28:39.946372 7f8af4ff9700 (Original Log Time 2018/12/26-16:28:39.946237) [db/memtable_list.cc:409] [usertable] Level-0 commit table #11: memtable #2 done
2018/12/26-16:28:39.946374 7f8af4ff9700 (Original Log Time 2018/12/26-16:28:39.946281) EVENT_LOG_v1 {"time_micros": 1545870519946259, "job": 2, "event": "flush_finished", "output_compression": "NoCompression", "lsm_state": [1, 0, 0, 0, 0, 0, 0], "immutable_memtables": 0}
2018/12/26-16:28:39.946376 7f8af4ff9700 (Original Log Time 2018/12/26-16:28:39.946318) [db/db_impl_compaction_flush.cc:177] [usertable] Level summary: base level 1 max bytes base 536870912 files[1 0 0 0 0 0 0] max score 0.50
2018/12/26-16:28:39.946392 7f8af4ff9700 [db/db_impl_files.cc:347] [JOB 2] Try to delete WAL files size 255819998, prev total WAL file size 308414732, number of live WAL files 3.
2018/12/26-16:28:45.069831 7f8c23cfc700 [db/db_impl_write.cc:1373] [usertable] New memtable created with log file: #12. Immutable memtables: 0.
2018/12/26-16:28:54.034840 7f8c236f6700 [db/db_impl_write.cc:1373] [usertable] New memtable created with log file: #13. Immutable memtables: 1.
2018/12/26-16:28:54.034984 7f8ad7fff700 [db/db_impl_compaction_flush.cc:80] [JOB 3] Syncing log #10
2018/12/26-16:28:54.547885 7f8ad7fff700 [db/db_impl_compaction_flush.cc:80] [JOB 3] Syncing log #12
2018/12/26-16:28:55.882402 7f8ad7fff700 (Original Log Time 2018/12/26-16:28:54.034947) [db/db_impl_compaction_flush.cc:1424] Calling FlushMemTableToOutputFile with column family [usertable], flush slots available 24, compaction slots available 1, flush slots scheduled 1, compaction slots scheduled 0
2018/12/26-16:28:55.882423 7f8ad7fff700 [db/flush_job.cc:301] [usertable] [JOB 3] Flushing memtable with next log file: 12
2018/12/26-16:28:55.882432 7f8ad7fff700 [db/flush_job.cc:301] [usertable] [JOB 3] Flushing memtable with next log file: 13
2018/12/26-16:28:55.882463 7f8ad7fff700 EVENT_LOG_v1 {"time_micros": 1545870535882453, "job": 3, "event": "flush_started", "num_memtables": 2, "num_entries": 62046, "num_deletes": 0, "memory_usage": 257136312, "flush_reason": "Write Buffer Full"}
2018/12/26-16:28:55.882471 7f8ad7fff700 [db/flush_job.cc:331] [usertable] [JOB 3] Level-0 flush table #14: started
2018/12/26-16:28:58.570392 7f8ad7fff700 EVENT_LOG_v1 {"time_micros": 1545870538570367, "cf_name": "usertable", "job": 3, "event": "table_file_creation", "file_number": 14, "file_size": 256957276, "table_properties": {"data_size": 255815658, "index_size": 1140691, "filter_size": 0, "raw_key_size": 1489104, "raw_average_key_size": 24, "raw_value_size": 254140416, "raw_average_value_size": 4096, "num_data_blocks": 31023, "num_entries": 62046, "filter_policy_name": "", "kDeletedKeys": "0", "kMergeOperands": "0"}}
2018/12/26-16:28:58.570425 7f8ad7fff700 [db/flush_job.cc:371] [usertable] [JOB 3] Level-0 flush table #14: 256957276 bytes OK
2018/12/26-16:28:58.597951 7f8ad7fff700 (Original Log Time 2018/12/26-16:28:58.570443) [db/memtable_list.cc:377] [usertable] Level-0 commit table #14 started
2018/12/26-16:28:58.597955 7f8ad7fff700 (Original Log Time 2018/12/26-16:28:58.597838) [db/memtable_list.cc:409] [usertable] Level-0 commit table #14: memtable #1 done
2018/12/26-16:28:58.597957 7f8ad7fff700 (Original Log Time 2018/12/26-16:28:58.597843) [db/memtable_list.cc:409] [usertable] Level-0 commit table #14: memtable #2 done
2018/12/26-16:28:58.597959 7f8ad7fff700 (Original Log Time 2018/12/26-16:28:58.597868) EVENT_LOG_v1 {"time_micros": 1545870538597857, "job": 3, "event": "flush_finished", "output_compression": "NoCompression", "lsm_state": [2, 0, 0, 0, 0, 0, 0], "immutable_memtables": 0}
2018/12/26-16:28:58.597960 7f8ad7fff700 (Original Log Time 2018/12/26-16:28:58.597927) [db/db_impl_compaction_flush.cc:177] [usertable] Level summary: base level 1 max bytes base 536870912 files[2 0 0 0 0 0 0] max score 1.00
2018/12/26-16:28:58.597972 7f8ad7fff700 [db/db_impl_files.cc:347] [JOB 3] Try to delete WAL files size 256184058, prev total WAL file size 322129326, number of live WAL files 3.
2018/12/26-16:28:58.598224 7f8c21fea700 [WARN] [db/db_impl.cc:491] ------- DUMPING STATS -------
2018/12/26-16:28:58.600163 7f8c21fea700 [WARN] [db/db_impl.cc:492] 
** DB Stats **
Uptime(secs): 40.2 total, 40.2 interval
Cumulative writes: 139K writes, 139K keys, 139K commit groups, 1.0 writes per commit group, ingest: 0.54 GB, 13.70 MB/s
Cumulative WAL: 139K writes, 0 syncs, 139976.00 writes per sync, written: 0.54 GB, 13.70 MB/s
Cumulative stall: 00:00:0.000 H:M:S, 0.0 percent
Interval writes: 139K writes, 139K keys, 139K commit groups, 1.0 writes per commit group, ingest: 551.18 MB, 13.70 MB/s
Interval WAL: 139K writes, 0 syncs, 139976.00 writes per sync, written: 0.54 MB, 13.70 MB/s
Interval stall: 00:00:0.000 H:M:S, 0.0 percent

** Compaction Stats [default] **
Level    Files   Size     Score Read(GB)  Rn(GB) Rnp1(GB) Write(GB) Wnew(GB) Moved(GB) W-Amp Rd(MB/s) Wr(MB/s) Comp(sec) Comp(cnt) Avg(sec) KeyIn KeyDrop
----------------------------------------------------------------------------------------------------------------------------------------------------------
 Sum      0/0    0.00 KB   0.0      0.0     0.0      0.0       0.0      0.0       0.0   0.0      0.0      0.0         0         0    0.000       0      0
 Int      0/0    0.00 KB   0.0      0.0     0.0      0.0       0.0      0.0       0.0   0.0      0.0      0.0         0         0    0.000       0      0
Uptime(secs): 40.2 total, 40.2 interval
Flush(GB): cumulative 0.000, interval 0.000
AddFile(GB): cumulative 0.000, interval 0.000
AddFile(Total Files): cumulative 0, interval 0
AddFile(L0 Files): cumulative 0, interval 0
AddFile(Keys): cumulative 0, interval 0
Cumulative compaction: 0.00 GB write, 0.00 MB/s write, 0.00 GB read, 0.00 MB/s read, 0.0 seconds
Interval compaction: 0.00 GB write, 0.00 MB/s write, 0.00 GB read, 0.00 MB/s read, 0.0 seconds
Stalls(count): 0 level0_slowdown, 0 level0_slowdown_with_compaction, 0 level0_numfiles, 0 level0_numfiles_with_compaction, 0 stop for pending_compaction_bytes, 0 slowdown for pending_compaction_bytes, 0 memtable_compaction, 0 memtable_slowdown, interval 0 total count

** File Read Latency Histogram By Level [default] **

** Compaction Stats [usertable] **
Level    Files   Size     Score Read(GB)  Rn(GB) Rnp1(GB) Write(GB) Wnew(GB) Moved(GB) W-Amp Rd(MB/s) Wr(MB/s) Comp(sec) Comp(cnt) Avg(sec) KeyIn KeyDrop
----------------------------------------------------------------------------------------------------------------------------------------------------------
  L0      2/0   489.76 MB   1.0      0.0     0.0      0.0       0.5      0.5       0.0   1.0      0.0     95.9         5         2    2.554       0      0
 Sum      2/0   489.76 MB   0.0      0.0     0.0      0.0       0.5      0.5       0.0   1.0      0.0     95.9         5         2    2.554       0      0
 Int      0/0    0.00 KB   0.0      0.0     0.0      0.0       0.5      0.5       0.0   1.0      0.0     95.9         5         2    2.554       0      0
Uptime(secs): 40.2 total, 40.2 interval
Flush(GB): cumulative 0.478, interval 0.478
AddFile(GB): cumulative 0.000, interval 0.000
AddFile(Total Files): cumulative 0, interval 0
AddFile(L0 Files): cumulative 0, interval 0
AddFile(Keys): cumulative 0, interval 0
Cumulative compaction: 0.48 GB write, 12.20 MB/s write, 0.00 GB read, 0.00 MB/s read, 5.1 seconds
Interval compaction: 0.48 GB write, 12.20 MB/s write, 0.00 GB read, 0.00 MB/s read, 5.1 seconds
Stalls(count): 0 level0_slowdown, 0 level0_slowdown_with_compaction, 0 level0_numfiles, 0 level0_numfiles_with_compaction, 0 stop for pending_compaction_bytes, 0 slowdown for pending_compaction_bytes, 0 memtable_compaction, 0 memtable_slowdown, interval 0 total count

** File Read Latency Histogram By Level [usertable] **

** Compaction Stats [default] **
Level    Files   Size     Score Read(GB)  Rn(GB) Rnp1(GB) Write(GB) Wnew(GB) Moved(GB) W-Amp Rd(MB/s) Wr(MB/s) Comp(sec) Comp(cnt) Avg(sec) KeyIn KeyDrop
----------------------------------------------------------------------------------------------------------------------------------------------------------
 Sum      0/0    0.00 KB   0.0      0.0     0.0      0.0       0.0      0.0       0.0   0.0      0.0      0.0         0         0    0.000       0      0
 Int      0/0    0.00 KB   0.0      0.0     0.0      0.0       0.0      0.0       0.0   0.0      0.0      0.0         0         0    0.000       0      0
Uptime(secs): 40.2 total, 0.0 interval
Flush(GB): cumulative 0.000, interval 0.000
AddFile(GB): cumulative 0.000, interval 0.000
AddFile(Total Files): cumulative 0, interval 0
AddFile(L0 Files): cumulative 0, interval 0
AddFile(Keys): cumulative 0, interval 0
Cumulative compaction: 0.00 GB write, 0.00 MB/s write, 0.00 GB read, 0.00 MB/s read, 0.0 seconds
Interval compaction: 0.00 GB write, 0.00 MB/s write, 0.00 GB read, 0.00 MB/s read, 0.0 seconds
Stalls(count): 0 level0_slowdown, 0 level0_slowdown_with_compaction, 0 level0_numfiles, 0 level0_numfiles_with_compaction, 0 stop for pending_compaction_bytes, 0 slowdown for pending_compaction_bytes, 0 memtable_compaction, 0 memtable_slowdown, interval 0 total count

** File Read Latency Histogram By Level [default] **

** Compaction Stats [usertable] **
Level    Files   Size     Score Read(GB)  Rn(GB) Rnp1(GB) Write(GB) Wnew(GB) Moved(GB) W-Amp Rd(MB/s) Wr(MB/s) Comp(sec) Comp(cnt) Avg(sec) KeyIn KeyDrop
----------------------------------------------------------------------------------------------------------------------------------------------------------
  L0      2/0   489.76 MB   1.0      0.0     0.0      0.0       0.5      0.5       0.0   1.0      0.0     95.9         5         2    2.554       0      0
 Sum      2/0   489.76 MB   0.0      0.0     0.0      0.0       0.5      0.5       0.0   1.0      0.0     95.9         5         2    2.554       0      0
 Int      0/0    0.00 KB   0.0      0.0     0.0      0.0       0.0      0.0       0.0   0.0      0.0      0.0         0         0    0.000       0      0
Uptime(secs): 40.2 total, 0.0 interval
Flush(GB): cumulative 0.478, interval 0.000
AddFile(GB): cumulative 0.000, interval 0.000
AddFile(Total Files): cumulative 0, interval 0
AddFile(L0 Files): cumulative 0, interval 0
AddFile(Keys): cumulative 0, interval 0
Cumulative compaction: 0.48 GB write, 12.20 MB/s write, 0.00 GB read, 0.00 MB/s read, 5.1 seconds
Interval compaction: 0.00 GB write, 0.00 MB/s write, 0.00 GB read, 0.00 MB/s read, 0.0 seconds
Stalls(count): 0 level0_slowdown, 0 level0_slowdown_with_compaction, 0 level0_numfiles, 0 level0_numfiles_with_compaction, 0 stop for pending_compaction_bytes, 0 slowdown for pending_compaction_bytes, 0 memtable_compaction, 0 memtable_slowdown, interval 0 total count

** File Read Latency Histogram By Level [usertable] **
2018/12/26-16:28:58.631749 7f8c21fea700 (Original Log Time 2018/12/26-16:28:58.604251) [db/db_impl_compaction_flush.cc:1835] [usertable] Moving #14 to level-1 256957276 bytes
2018/12/26-16:28:58.631753 7f8c21fea700 (Original Log Time 2018/12/26-16:28:58.631686) EVENT_LOG_v1 {"time_micros": 1545870538631672, "job": 4, "event": "trivial_move", "destination_level": 1, "files": 1, "total_files_size": 256957276}
2018/12/26-16:28:58.631755 7f8c21fea700 (Original Log Time 2018/12/26-16:28:58.631702) [db/db_impl_compaction_flush.cc:1864] [usertable] Moved #1 files to level-1 256957276 bytes OK: base level 1 max bytes base 536870912 files[1 1 0 0 0 0 0] max score 0.50
2018/12/26-16:29:02.487074 7f8c23cfc700 [db/db_impl_write.cc:1373] [usertable] New memtable created with log file: #15. Immutable memtables: 0.
2018/12/26-16:29:11.452480 7f8c235f5700 [db/db_impl_write.cc:1373] [usertable] New memtable created with log file: #16. Immutable memtables: 1.
2018/12/26-16:29:11.452560 7f8ad77fe700 [db/db_impl_compaction_flush.cc:80] [JOB 5] Syncing log #13
2018/12/26-16:29:11.937624 7f8ad77fe700 [db/db_impl_compaction_flush.cc:80] [JOB 5] Syncing log #15
2018/12/26-16:29:13.164006 7f8ad77fe700 (Original Log Time 2018/12/26-16:29:11.452541) [db/db_impl_compaction_flush.cc:1424] Calling FlushMemTableToOutputFile with column family [usertable], flush slots available 24, compaction slots available 1, flush slots scheduled 1, compaction slots scheduled 0
2018/12/26-16:29:13.164024 7f8ad77fe700 [db/flush_job.cc:301] [usertable] [JOB 5] Flushing memtable with next log file: 15
2018/12/26-16:29:13.164031 7f8ad77fe700 [db/flush_job.cc:301] [usertable] [JOB 5] Flushing memtable with next log file: 16
2018/12/26-16:29:13.164068 7f8ad77fe700 EVENT_LOG_v1 {"time_micros": 1545870553164054, "job": 5, "event": "flush_started", "num_memtables": 2, "num_entries": 60962, "num_deletes": 0, "memory_usage": 256796200, "flush_reason": "Write Buffer Full"}
2018/12/26-16:29:13.164075 7f8ad77fe700 [db/flush_job.cc:331] [usertable] [JOB 5] Level-0 flush table #17: started
2018/12/26-16:29:15.462948 7f8ad77fe700 EVENT_LOG_v1 {"time_micros": 1545870555462926, "cf_name": "usertable", "job": 5, "event": "table_file_creation", "file_number": 17, "file_size": 252468015, "table_properties": {"data_size": 251346326, "index_size": 1120762, "filter_size": 0, "raw_key_size": 1463088, "raw_average_key_size": 24, "raw_value_size": 249700352, "raw_average_value_size": 4096, "num_data_blocks": 30481, "num_entries": 60962, "filter_policy_name": "", "kDeletedKeys": "0", "kMergeOperands": "0"}}
2018/12/26-16:29:15.462967 7f8ad77fe700 [db/flush_job.cc:371] [usertable] [JOB 5] Level-0 flush table #17: 252468015 bytes OK
2018/12/26-16:29:15.526106 7f8ad77fe700 (Original Log Time 2018/12/26-16:29:15.462994) [db/memtable_list.cc:377] [usertable] Level-0 commit table #17 started
2018/12/26-16:29:15.526110 7f8ad77fe700 (Original Log Time 2018/12/26-16:29:15.526006) [db/memtable_list.cc:409] [usertable] Level-0 commit table #17: memtable #1 done
2018/12/26-16:29:15.526112 7f8ad77fe700 (Original Log Time 2018/12/26-16:29:15.526010) [db/memtable_list.cc:409] [usertable] Level-0 commit table #17: memtable #2 done
2018/12/26-16:29:15.526114 7f8ad77fe700 (Original Log Time 2018/12/26-16:29:15.526046) EVENT_LOG_v1 {"time_micros": 1545870555526033, "job": 5, "event": "flush_finished", "output_compression": "NoCompression", "lsm_state": [2, 1, 0, 0, 0, 0, 0], "immutable_memtables": 0}
2018/12/26-16:29:15.526116 7f8ad77fe700 (Original Log Time 2018/12/26-16:29:15.526085) [db/db_impl_compaction_flush.cc:177] [usertable] Level summary: base level 1 max bytes base 536870912 files[2 1 0 0 0 0 0] max score 1.00
