2018/11/23-14:18:34.150354 7fa501c42700 RocksDB version: 5.14.3
2018/11/23-14:18:34.150413 7fa501c42700 Git sha rocksdb_build_git_sha:
2018/11/23-14:18:34.150416 7fa501c42700 Compile date Nov 22 2018
2018/11/23-14:18:34.150420 7fa501c42700 DB SUMMARY
2018/11/23-14:18:34.151033 7fa501c42700 CURRENT file:  CURRENT
2018/11/23-14:18:34.151036 7fa501c42700 IDENTITY file:  IDENTITY
2018/11/23-14:18:34.151043 7fa501c42700 MANIFEST file:  MANIFEST-000004 size: 126242 Bytes
2018/11/23-14:18:34.151046 7fa501c42700 SST files in /mnt/sda/ycsb-rocksdb-data dir, Total Num: 719, files: 000021.sst 000022.sst 000023.sst 000024.sst 000028.sst 000029.sst 000030.sst 000031.sst 000035.sst 
2018/11/23-14:18:34.151048 7fa501c42700 Write Ahead Log file in /mnt/sda/ycsb-rocksdb-data: 001265.log size: 129738268 ; 001271.log size: 40901768 ; 
2018/11/23-14:18:34.151053 7fa501c42700                         Options.error_if_exists: 0
2018/11/23-14:18:34.151054 7fa501c42700                       Options.create_if_missing: 1
2018/11/23-14:18:34.151055 7fa501c42700                         Options.paranoid_checks: 1
2018/11/23-14:18:34.151056 7fa501c42700                                     Options.env: 0x7fa5009a42c0
2018/11/23-14:18:34.151057 7fa501c42700                                Options.info_log: 0x7fa4ac3c5e00
2018/11/23-14:18:34.151058 7fa501c42700                Options.max_file_opening_threads: 16
2018/11/23-14:18:34.151059 7fa501c42700                              Options.statistics: (nil)
2018/11/23-14:18:34.151060 7fa501c42700                               Options.use_fsync: 0
2018/11/23-14:18:34.151061 7fa501c42700                       Options.max_log_file_size: 0
2018/11/23-14:18:34.151062 7fa501c42700                  Options.max_manifest_file_size: 18446744073709551615
2018/11/23-14:18:34.151063 7fa501c42700                   Options.log_file_time_to_roll: 0
2018/11/23-14:18:34.151064 7fa501c42700                       Options.keep_log_file_num: 1000
2018/11/23-14:18:34.151065 7fa501c42700                    Options.recycle_log_file_num: 0
2018/11/23-14:18:34.151065 7fa501c42700                         Options.allow_fallocate: 1
2018/11/23-14:18:34.151066 7fa501c42700                        Options.allow_mmap_reads: 0
2018/11/23-14:18:34.151067 7fa501c42700                       Options.allow_mmap_writes: 0
2018/11/23-14:18:34.151068 7fa501c42700                        Options.use_direct_reads: 0
2018/11/23-14:18:34.151069 7fa501c42700                        Options.use_direct_io_for_flush_and_compaction: 0
2018/11/23-14:18:34.151070 7fa501c42700          Options.create_missing_column_families: 1
2018/11/23-14:18:34.151071 7fa501c42700                              Options.db_log_dir: 
2018/11/23-14:18:34.151072 7fa501c42700                                 Options.wal_dir: /mnt/sda/ycsb-rocksdb-data
2018/11/23-14:18:34.151073 7fa501c42700                Options.table_cache_numshardbits: 6
2018/11/23-14:18:34.151074 7fa501c42700                      Options.max_subcompactions: 4
2018/11/23-14:18:34.151074 7fa501c42700                  Options.max_background_flushes: 24
2018/11/23-14:18:34.151075 7fa501c42700                         Options.WAL_ttl_seconds: 0
2018/11/23-14:18:34.151076 7fa501c42700                       Options.WAL_size_limit_MB: 0
2018/11/23-14:18:34.151077 7fa501c42700             Options.manifest_preallocation_size: 4194304
2018/11/23-14:18:34.151078 7fa501c42700                     Options.is_fd_close_on_exec: 1
2018/11/23-14:18:34.151079 7fa501c42700                   Options.advise_random_on_open: 1
2018/11/23-14:18:34.151080 7fa501c42700                    Options.db_write_buffer_size: 0
2018/11/23-14:18:34.151081 7fa501c42700                    Options.write_buffer_manager: 0x7fa4ac3c1b20
2018/11/23-14:18:34.151082 7fa501c42700         Options.access_hint_on_compaction_start: 1
2018/11/23-14:18:34.151083 7fa501c42700  Options.new_table_reader_for_compaction_inputs: 0
2018/11/23-14:18:34.151084 7fa501c42700           Options.random_access_max_buffer_size: 1048576
2018/11/23-14:18:34.151085 7fa501c42700                      Options.use_adaptive_mutex: 0
2018/11/23-14:18:34.151085 7fa501c42700                            Options.rate_limiter: (nil)
2018/11/23-14:18:34.151099 7fa501c42700     Options.sst_file_manager.rate_bytes_per_sec: 0
2018/11/23-14:18:34.151100 7fa501c42700                       Options.wal_recovery_mode: 2
2018/11/23-14:18:34.151101 7fa501c42700                  Options.enable_thread_tracking: 0
2018/11/23-14:18:34.151102 7fa501c42700                  Options.enable_pipelined_write: 1
2018/11/23-14:18:34.151103 7fa501c42700         Options.allow_concurrent_memtable_write: 1
2018/11/23-14:18:34.151104 7fa501c42700      Options.enable_write_thread_adaptive_yield: 1
2018/11/23-14:18:34.151105 7fa501c42700             Options.write_thread_max_yield_usec: 100
2018/11/23-14:18:34.151106 7fa501c42700            Options.write_thread_slow_yield_usec: 3
2018/11/23-14:18:34.151107 7fa501c42700                               Options.row_cache: None
2018/11/23-14:18:34.151108 7fa501c42700                              Options.wal_filter: None
2018/11/23-14:18:34.151109 7fa501c42700             Options.avoid_flush_during_recovery: 0
2018/11/23-14:18:34.151110 7fa501c42700             Options.allow_ingest_behind: 0
2018/11/23-14:18:34.151111 7fa501c42700             Options.preserve_deletes: 0
2018/11/23-14:18:34.151111 7fa501c42700             Options.two_write_queues: 0
2018/11/23-14:18:34.151112 7fa501c42700             Options.manual_wal_flush: 0
2018/11/23-14:18:34.151114 7fa501c42700             Options.max_background_jobs: 24
2018/11/23-14:18:34.151115 7fa501c42700             Options.max_background_compactions: 24
2018/11/23-14:18:34.151116 7fa501c42700             Options.avoid_flush_during_shutdown: 0
2018/11/23-14:18:34.151117 7fa501c42700           Options.writable_file_max_buffer_size: 1048576
2018/11/23-14:18:34.151118 7fa501c42700             Options.delayed_write_rate : 16777216
2018/11/23-14:18:34.151119 7fa501c42700             Options.max_total_wal_size: 0
2018/11/23-14:18:34.151119 7fa501c42700             Options.delete_obsolete_files_period_micros: 21600000000
2018/11/23-14:18:34.151120 7fa501c42700                   Options.stats_dump_period_sec: 60
2018/11/23-14:18:34.151121 7fa501c42700                          Options.max_open_files: -1
2018/11/23-14:18:34.151122 7fa501c42700                          Options.bytes_per_sync: 1048576
2018/11/23-14:18:34.151123 7fa501c42700                      Options.wal_bytes_per_sync: 0
2018/11/23-14:18:34.151124 7fa501c42700       Options.compaction_readahead_size: 0
2018/11/23-14:18:34.151125 7fa501c42700 Compression algorithms supported:
2018/11/23-14:18:34.151126 7fa501c42700 	kZSTDNotFinalCompression supported: 1
2018/11/23-14:18:34.151135 7fa501c42700 	kZSTD supported: 1
2018/11/23-14:18:34.151136 7fa501c42700 	kXpressCompression supported: 0
2018/11/23-14:18:34.151137 7fa501c42700 	kLZ4HCCompression supported: 1
2018/11/23-14:18:34.151139 7fa501c42700 	kLZ4Compression supported: 1
2018/11/23-14:18:34.151140 7fa501c42700 	kBZip2Compression supported: 1
2018/11/23-14:18:34.151141 7fa501c42700 	kZlibCompression supported: 1
2018/11/23-14:18:34.151142 7fa501c42700 	kSnappyCompression supported: 1
2018/11/23-14:18:34.151146 7fa501c42700 Fast CRC32 supported: Supported on x86
2018/11/23-14:18:34.151509 7fa501c42700 [db/version_set.cc:3085] Recovering from manifest file: MANIFEST-000004
2018/11/23-14:18:34.151614 7fa501c42700 [db/column_family.cc:475] --------------- Options for column family [default]:
2018/11/23-14:18:34.151618 7fa501c42700               Options.comparator: leveldb.BytewiseComparator
2018/11/23-14:18:34.151619 7fa501c42700           Options.merge_operator: None
2018/11/23-14:18:34.151620 7fa501c42700        Options.compaction_filter: None
2018/11/23-14:18:34.151621 7fa501c42700        Options.compaction_filter_factory: None
2018/11/23-14:18:34.151622 7fa501c42700         Options.memtable_factory: SkipListFactory
2018/11/23-14:18:34.151623 7fa501c42700            Options.table_factory: BlockBasedTable
2018/11/23-14:18:34.151648 7fa501c42700            table_factory options:   flush_block_policy_factory: FlushBlockBySizePolicyFactory (0x7fa4ac377b00)
  cache_index_and_filter_blocks: 0
  cache_index_and_filter_blocks_with_high_priority: 0
  pin_l0_filter_and_index_blocks_in_cache: 0
  index_type: 0
  hash_index_allow_collision: 1
  checksum: 1
  no_block_cache: 0
  block_cache: 0x7fa4ac383510
  block_cache_name: LRUCache
  block_cache_options:
    capacity : 8388608
    num_shard_bits : 4
    strict_capacity_limit : 0
    high_pri_pool_ratio: 0.000
  block_cache_compressed: (nil)
  persistent_cache: (nil)
  block_size: 8192
  block_size_deviation: 10
  block_restart_interval: 16
  index_block_restart_interval: 1
  metadata_block_size: 4096
  partition_filters: 0
  use_delta_encoding: 1
  filter_policy: nullptr
  whole_key_filtering: 1
  verify_compression: 0
  read_amp_bytes_per_bit: 0
  format_version: 2
  enable_index_compression: 1
  block_align: 0
2018/11/23-14:18:34.151664 7fa501c42700        Options.write_buffer_size: 134217728
2018/11/23-14:18:34.151665 7fa501c42700  Options.max_write_buffer_number: 24
2018/11/23-14:18:34.151667 7fa501c42700        Options.compression[0]: NoCompression
2018/11/23-14:18:34.151668 7fa501c42700        Options.compression[1]: NoCompression
2018/11/23-14:18:34.151669 7fa501c42700        Options.compression[2]: LZ4
2018/11/23-14:18:34.151670 7fa501c42700        Options.compression[3]: LZ4
2018/11/23-14:18:34.151671 7fa501c42700        Options.compression[4]: LZ4
2018/11/23-14:18:34.151672 7fa501c42700        Options.compression[5]: LZ4
2018/11/23-14:18:34.151673 7fa501c42700        Options.compression[6]: LZ4
2018/11/23-14:18:34.151674 7fa501c42700                  Options.bottommost_compression: Disabled
2018/11/23-14:18:34.151675 7fa501c42700       Options.prefix_extractor: nullptr
2018/11/23-14:18:34.151676 7fa501c42700   Options.memtable_insert_with_hint_prefix_extractor: nullptr
2018/11/23-14:18:34.151677 7fa501c42700             Options.num_levels: 7
2018/11/23-14:18:34.151678 7fa501c42700        Options.min_write_buffer_number_to_merge: 2
2018/11/23-14:18:34.151679 7fa501c42700     Options.max_write_buffer_number_to_maintain: 0
2018/11/23-14:18:34.151679 7fa501c42700            Options.compression_opts.window_bits: -14
2018/11/23-14:18:34.151680 7fa501c42700                  Options.compression_opts.level: -1
2018/11/23-14:18:34.151681 7fa501c42700               Options.compression_opts.strategy: 0
2018/11/23-14:18:34.151682 7fa501c42700         Options.compression_opts.max_dict_bytes: 0
2018/11/23-14:18:34.151683 7fa501c42700         Options.compression_opts.zstd_max_train_bytes: 0
2018/11/23-14:18:34.151684 7fa501c42700      Options.level0_file_num_compaction_trigger: 2
2018/11/23-14:18:34.151685 7fa501c42700          Options.level0_slowdown_writes_trigger: 20
2018/11/23-14:18:34.151686 7fa501c42700              Options.level0_stop_writes_trigger: 36
2018/11/23-14:18:34.151687 7fa501c42700                   Options.target_file_size_base: 67108864
2018/11/23-14:18:34.151688 7fa501c42700             Options.target_file_size_multiplier: 1
2018/11/23-14:18:34.151688 7fa501c42700                Options.max_bytes_for_level_base: 536870912
2018/11/23-14:18:34.151689 7fa501c42700 Options.level_compaction_dynamic_level_bytes: 0
2018/11/23-14:18:34.151690 7fa501c42700          Options.max_bytes_for_level_multiplier: 10.000000
2018/11/23-14:18:34.151693 7fa501c42700 Options.max_bytes_for_level_multiplier_addtl[0]: 1
2018/11/23-14:18:34.151694 7fa501c42700 Options.max_bytes_for_level_multiplier_addtl[1]: 1
2018/11/23-14:18:34.151695 7fa501c42700 Options.max_bytes_for_level_multiplier_addtl[2]: 1
2018/11/23-14:18:34.151696 7fa501c42700 Options.max_bytes_for_level_multiplier_addtl[3]: 1
2018/11/23-14:18:34.151697 7fa501c42700 Options.max_bytes_for_level_multiplier_addtl[4]: 1
2018/11/23-14:18:34.151698 7fa501c42700 Options.max_bytes_for_level_multiplier_addtl[5]: 1
2018/11/23-14:18:34.151699 7fa501c42700 Options.max_bytes_for_level_multiplier_addtl[6]: 1
2018/11/23-14:18:34.151700 7fa501c42700       Options.max_sequential_skip_in_iterations: 8
2018/11/23-14:18:34.151701 7fa501c42700                    Options.max_compaction_bytes: 1677721600
2018/11/23-14:18:34.151708 7fa501c42700                        Options.arena_block_size: 16777216
2018/11/23-14:18:34.151709 7fa501c42700   Options.soft_pending_compaction_bytes_limit: 68719476736
2018/11/23-14:18:34.151710 7fa501c42700   Options.hard_pending_compaction_bytes_limit: 274877906944
2018/11/23-14:18:34.151711 7fa501c42700       Options.rate_limit_delay_max_milliseconds: 100
2018/11/23-14:18:34.151712 7fa501c42700                Options.disable_auto_compactions: 0
2018/11/23-14:18:34.151714 7fa501c42700                        Options.compaction_style: kCompactionStyleLevel
2018/11/23-14:18:34.151715 7fa501c42700                          Options.compaction_pri: kByCompensatedSize
2018/11/23-14:18:34.151716 7fa501c42700 Options.compaction_options_universal.size_ratio: 1
2018/11/23-14:18:34.151717 7fa501c42700 Options.compaction_options_universal.min_merge_width: 2
2018/11/23-14:18:34.151718 7fa501c42700 Options.compaction_options_universal.max_merge_width: 4294967295
2018/11/23-14:18:34.151719 7fa501c42700 Options.compaction_options_universal.max_size_amplification_percent: 200
2018/11/23-14:18:34.151720 7fa501c42700 Options.compaction_options_universal.compression_size_percent: -1
2018/11/23-14:18:34.151721 7fa501c42700 Options.compaction_options_universal.stop_style: kCompactionStopStyleTotalSize
2018/11/23-14:18:34.151722 7fa501c42700 Options.compaction_options_fifo.max_table_files_size: 1073741824
2018/11/23-14:18:34.151723 7fa501c42700 Options.compaction_options_fifo.allow_compaction: 0
2018/11/23-14:18:34.151725 7fa501c42700 Options.compaction_options_fifo.ttl: 0
2018/11/23-14:18:34.151725 7fa501c42700                   Options.table_properties_collectors: 
2018/11/23-14:18:34.151727 7fa501c42700                   Options.inplace_update_support: 0
2018/11/23-14:18:34.151727 7fa501c42700                 Options.inplace_update_num_locks: 10000
2018/11/23-14:18:34.151728 7fa501c42700               Options.memtable_prefix_bloom_size_ratio: 0.000000
2018/11/23-14:18:34.151730 7fa501c42700   Options.memtable_huge_page_size: 0
2018/11/23-14:18:34.151731 7fa501c42700                           Options.bloom_locality: 0
2018/11/23-14:18:34.151732 7fa501c42700                    Options.max_successive_merges: 0
2018/11/23-14:18:34.151733 7fa501c42700                Options.optimize_filters_for_hits: 0
2018/11/23-14:18:34.151734 7fa501c42700                Options.paranoid_file_checks: 0
2018/11/23-14:18:34.151734 7fa501c42700                Options.force_consistency_checks: 0
2018/11/23-14:18:34.151735 7fa501c42700                Options.report_bg_io_stats: 0
2018/11/23-14:18:34.151736 7fa501c42700                               Options.ttl: 0
2018/11/23-14:18:34.152242 7fa501c42700 [db/column_family.cc:475] --------------- Options for column family [usertable]:
2018/11/23-14:18:34.152246 7fa501c42700               Options.comparator: leveldb.BytewiseComparator
2018/11/23-14:18:34.152247 7fa501c42700           Options.merge_operator: None
2018/11/23-14:18:34.152248 7fa501c42700        Options.compaction_filter: None
2018/11/23-14:18:34.152248 7fa501c42700        Options.compaction_filter_factory: None
2018/11/23-14:18:34.152249 7fa501c42700         Options.memtable_factory: SkipListFactory
2018/11/23-14:18:34.152250 7fa501c42700            Options.table_factory: BlockBasedTable
2018/11/23-14:18:34.152274 7fa501c42700            table_factory options:   flush_block_policy_factory: FlushBlockBySizePolicyFactory (0x7fa4ac3778d0)
  cache_index_and_filter_blocks: 0
  cache_index_and_filter_blocks_with_high_priority: 0
  pin_l0_filter_and_index_blocks_in_cache: 0
  index_type: 0
  hash_index_allow_collision: 1
  checksum: 1
  no_block_cache: 0
  block_cache: 0x7fa4ac378370
  block_cache_name: LRUCache
  block_cache_options:
    capacity : 8388608
    num_shard_bits : 4
    strict_capacity_limit : 0
    high_pri_pool_ratio: 0.000
  block_cache_compressed: (nil)
  persistent_cache: (nil)
  block_size: 8192
  block_size_deviation: 10
  block_restart_interval: 16
  index_block_restart_interval: 1
  metadata_block_size: 4096
  partition_filters: 0
  use_delta_encoding: 1
  filter_policy: nullptr
  whole_key_filtering: 1
  verify_compression: 0
  read_amp_bytes_per_bit: 0
  format_version: 2
  enable_index_compression: 1
  block_align: 0
2018/11/23-14:18:34.152287 7fa501c42700        Options.write_buffer_size: 134217728
2018/11/23-14:18:34.152289 7fa501c42700  Options.max_write_buffer_number: 24
2018/11/23-14:18:34.152290 7fa501c42700        Options.compression[0]: NoCompression
2018/11/23-14:18:34.152291 7fa501c42700        Options.compression[1]: NoCompression
2018/11/23-14:18:34.152292 7fa501c42700        Options.compression[2]: LZ4
2018/11/23-14:18:34.152293 7fa501c42700        Options.compression[3]: LZ4
2018/11/23-14:18:34.152294 7fa501c42700        Options.compression[4]: LZ4
2018/11/23-14:18:34.152295 7fa501c42700        Options.compression[5]: LZ4
2018/11/23-14:18:34.152296 7fa501c42700        Options.compression[6]: LZ4
2018/11/23-14:18:34.152297 7fa501c42700                  Options.bottommost_compression: Disabled
2018/11/23-14:18:34.152297 7fa501c42700       Options.prefix_extractor: nullptr
2018/11/23-14:18:34.152298 7fa501c42700   Options.memtable_insert_with_hint_prefix_extractor: nullptr
2018/11/23-14:18:34.152299 7fa501c42700             Options.num_levels: 7
2018/11/23-14:18:34.152300 7fa501c42700        Options.min_write_buffer_number_to_merge: 2
2018/11/23-14:18:34.152301 7fa501c42700     Options.max_write_buffer_number_to_maintain: 0
2018/11/23-14:18:34.152302 7fa501c42700            Options.compression_opts.window_bits: -14
2018/11/23-14:18:34.152303 7fa501c42700                  Options.compression_opts.level: -1
2018/11/23-14:18:34.152304 7fa501c42700               Options.compression_opts.strategy: 0
2018/11/23-14:18:34.152305 7fa501c42700         Options.compression_opts.max_dict_bytes: 0
2018/11/23-14:18:34.152306 7fa501c42700         Options.compression_opts.zstd_max_train_bytes: 0
2018/11/23-14:18:34.152306 7fa501c42700      Options.level0_file_num_compaction_trigger: 2
2018/11/23-14:18:34.152307 7fa501c42700          Options.level0_slowdown_writes_trigger: 20
2018/11/23-14:18:34.152308 7fa501c42700              Options.level0_stop_writes_trigger: 36
2018/11/23-14:18:34.152309 7fa501c42700                   Options.target_file_size_base: 67108864
2018/11/23-14:18:34.152310 7fa501c42700             Options.target_file_size_multiplier: 1
2018/11/23-14:18:34.152311 7fa501c42700                Options.max_bytes_for_level_base: 536870912
2018/11/23-14:18:34.152312 7fa501c42700 Options.level_compaction_dynamic_level_bytes: 0
2018/11/23-14:18:34.152313 7fa501c42700          Options.max_bytes_for_level_multiplier: 10.000000
2018/11/23-14:18:34.152315 7fa501c42700 Options.max_bytes_for_level_multiplier_addtl[0]: 1
2018/11/23-14:18:34.152316 7fa501c42700 Options.max_bytes_for_level_multiplier_addtl[1]: 1
2018/11/23-14:18:34.152317 7fa501c42700 Options.max_bytes_for_level_multiplier_addtl[2]: 1
2018/11/23-14:18:34.152318 7fa501c42700 Options.max_bytes_for_level_multiplier_addtl[3]: 1
2018/11/23-14:18:34.152319 7fa501c42700 Options.max_bytes_for_level_multiplier_addtl[4]: 1
2018/11/23-14:18:34.152319 7fa501c42700 Options.max_bytes_for_level_multiplier_addtl[5]: 1
2018/11/23-14:18:34.152320 7fa501c42700 Options.max_bytes_for_level_multiplier_addtl[6]: 1
2018/11/23-14:18:34.152321 7fa501c42700       Options.max_sequential_skip_in_iterations: 8
2018/11/23-14:18:34.152322 7fa501c42700                    Options.max_compaction_bytes: 1677721600
2018/11/23-14:18:34.152323 7fa501c42700                        Options.arena_block_size: 16777216
2018/11/23-14:18:34.152324 7fa501c42700   Options.soft_pending_compaction_bytes_limit: 68719476736
2018/11/23-14:18:34.152325 7fa501c42700   Options.hard_pending_compaction_bytes_limit: 274877906944
2018/11/23-14:18:34.152326 7fa501c42700       Options.rate_limit_delay_max_milliseconds: 100
2018/11/23-14:18:34.152327 7fa501c42700                Options.disable_auto_compactions: 0
2018/11/23-14:18:34.152328 7fa501c42700                        Options.compaction_style: kCompactionStyleLevel
2018/11/23-14:18:34.152335 7fa501c42700                          Options.compaction_pri: kByCompensatedSize
2018/11/23-14:18:34.152337 7fa501c42700 Options.compaction_options_universal.size_ratio: 1
2018/11/23-14:18:34.152338 7fa501c42700 Options.compaction_options_universal.min_merge_width: 2
2018/11/23-14:18:34.152339 7fa501c42700 Options.compaction_options_universal.max_merge_width: 4294967295
2018/11/23-14:18:34.152340 7fa501c42700 Options.compaction_options_universal.max_size_amplification_percent: 200
2018/11/23-14:18:34.152341 7fa501c42700 Options.compaction_options_universal.compression_size_percent: -1
2018/11/23-14:18:34.152342 7fa501c42700 Options.compaction_options_universal.stop_style: kCompactionStopStyleTotalSize
2018/11/23-14:18:34.152343 7fa501c42700 Options.compaction_options_fifo.max_table_files_size: 1073741824
2018/11/23-14:18:34.152344 7fa501c42700 Options.compaction_options_fifo.allow_compaction: 0
2018/11/23-14:18:34.152344 7fa501c42700 Options.compaction_options_fifo.ttl: 0
2018/11/23-14:18:34.152345 7fa501c42700                   Options.table_properties_collectors: 
2018/11/23-14:18:34.152346 7fa501c42700                   Options.inplace_update_support: 0
2018/11/23-14:18:34.152347 7fa501c42700                 Options.inplace_update_num_locks: 10000
2018/11/23-14:18:34.152348 7fa501c42700               Options.memtable_prefix_bloom_size_ratio: 0.000000
2018/11/23-14:18:34.152350 7fa501c42700   Options.memtable_huge_page_size: 0
2018/11/23-14:18:34.152351 7fa501c42700                           Options.bloom_locality: 0
2018/11/23-14:18:34.152351 7fa501c42700                    Options.max_successive_merges: 0
2018/11/23-14:18:34.152352 7fa501c42700                Options.optimize_filters_for_hits: 0
2018/11/23-14:18:34.152353 7fa501c42700                Options.paranoid_file_checks: 0
2018/11/23-14:18:34.152354 7fa501c42700                Options.force_consistency_checks: 0
2018/11/23-14:18:34.152355 7fa501c42700                Options.report_bg_io_stats: 0
2018/11/23-14:18:34.152356 7fa501c42700                               Options.ttl: 0
2018/11/23-14:18:34.666753 7fa501c42700 [db/version_set.cc:3361] Recovered from manifest file:/mnt/sda/ycsb-rocksdb-data/MANIFEST-000004 succeeded,manifest_file_number is 4, next_file_number is 1272, last_sequence is 10421522, log_number is 0,prev_log_number is 0,max_column_family is 1,min_log_number_to_keep is 0
2018/11/23-14:18:34.666763 7fa501c42700 [db/version_set.cc:3369] Column family [default] (ID 0), log number is 0
2018/11/23-14:18:34.666765 7fa501c42700 [db/version_set.cc:3369] Column family [usertable] (ID 1), log number is 1265
2018/11/23-14:18:34.668810 7fa501c42700 EVENT_LOG_v1 {"time_micros": 1543011514668790, "job": 1, "event": "recovery_started", "log_files": [1265, 1271]}
2018/11/23-14:18:34.668817 7fa501c42700 [db/db_impl_open.cc:551] Recovering log #1265 mode 2
2018/11/23-14:18:35.531419 7fa501c42700 EVENT_LOG_v1 {"time_micros": 1543011515531400, "cf_name": "usertable", "job": 1, "event": "table_file_creation", "file_number": 1272, "file_size": 129895353, "table_properties": {"data_size": 129317909, "index_size": 576522, "filter_size": 0, "raw_key_size": 752760, "raw_average_key_size": 24, "raw_value_size": 128471040, "raw_average_value_size": 4096, "num_data_blocks": 15683, "num_entries": 31365, "filter_policy_name": "", "kDeletedKeys": "0", "kMergeOperands": "0"}}
2018/11/23-14:18:35.536068 7fa501c42700 [db/db_impl_open.cc:551] Recovering log #1271 mode 2
2018/11/23-14:18:35.648330 7fa501c42700 [db/version_set.cc:2847] Creating manifest 1273
2018/11/23-14:18:35.879341 7fa501c42700 EVENT_LOG_v1 {"time_micros": 1543011515879321, "cf_name": "usertable", "job": 1, "event": "table_file_creation", "file_number": 1274, "file_size": 41010889, "table_properties": {"data_size": 40827045, "index_size": 182923, "filter_size": 0, "raw_key_size": 237648, "raw_average_key_size": 24, "raw_value_size": 40558592, "raw_average_value_size": 4096, "num_data_blocks": 4951, "num_entries": 9902, "filter_policy_name": "", "kDeletedKeys": "0", "kMergeOperands": "0"}}
2018/11/23-14:18:35.908332 7fa501c42700 EVENT_LOG_v1 {"time_micros": 1543011515908330, "job": 1, "event": "recovery_finished"}
2018/11/23-14:18:35.967933 7fa501c42700 [db/db_impl_open.cc:1219] DB pointer 0x7fa4ac3c6320
2018/11/23-14:18:35.968256 7fa4b0ffe700 [WARN] [db/db_impl.cc:491] ------- DUMPING STATS -------
2018/11/23-14:18:35.968303 7fa4b0ffe700 [WARN] [db/db_impl.cc:492] 
** DB Stats **
Uptime(secs): 1.8 total, 1.8 interval
Cumulative writes: 0 writes, 0 keys, 0 commit groups, 0.0 writes per commit group, ingest: 0.00 GB, 0.00 MB/s
Cumulative WAL: 0 writes, 0 syncs, 0.00 writes per sync, written: 0.00 GB, 0.00 MB/s
Cumulative stall: 00:00:0.000 H:M:S, 0.0 percent
Interval writes: 0 writes, 0 keys, 0 commit groups, 0.0 writes per commit group, ingest: 0.00 MB, 0.00 MB/s
Interval WAL: 0 writes, 0 syncs, 0.00 writes per sync, written: 0.00 MB, 0.00 MB/s
Interval stall: 00:00:0.000 H:M:S, 0.0 percent

** Compaction Stats [default] **
Level    Files   Size     Score Read(GB)  Rn(GB) Rnp1(GB) Write(GB) Wnew(GB) Moved(GB) W-Amp Rd(MB/s) Wr(MB/s) Comp(sec) Comp(cnt) Avg(sec) KeyIn KeyDrop
----------------------------------------------------------------------------------------------------------------------------------------------------------
 Sum      0/0    0.00 KB   0.0      0.0     0.0      0.0       0.0      0.0       0.0   0.0      0.0      0.0         0         0    0.000       0      0
 Int      0/0    0.00 KB   0.0      0.0     0.0      0.0       0.0      0.0       0.0   0.0      0.0      0.0         0         0    0.000       0      0
Uptime(secs): 1.8 total, 1.8 interval
Flush(GB): cumulative 0.000, interval 0.000
AddFile(GB): cumulative 0.000, interval 0.000
AddFile(Total Files): cumulative 0, interval 0
AddFile(L0 Files): cumulative 0, interval 0
AddFile(Keys): cumulative 0, interval 0
Cumulative compaction: 0.00 GB write, 0.00 MB/s write, 0.00 GB read, 0.00 MB/s read, 0.0 seconds
Interval compaction: 0.00 GB write, 0.00 MB/s write, 0.00 GB read, 0.00 MB/s read, 0.0 seconds
Stalls(count): 0 level0_slowdown, 0 level0_slowdown_with_compaction, 0 level0_numfiles, 0 level0_numfiles_with_compaction, 0 stop for pending_compaction_bytes, 0 slowdown for pending_compaction_bytes, 0 memtable_compaction, 0 memtable_slowdown, interval 0 total count

** File Read Latency Histogram By Level [default] **

** Compaction Stats [usertable] **
Level    Files   Size     Score Read(GB)  Rn(GB) Rnp1(GB) Write(GB) Wnew(GB) Moved(GB) W-Amp Rd(MB/s) Wr(MB/s) Comp(sec) Comp(cnt) Avg(sec) KeyIn KeyDrop
----------------------------------------------------------------------------------------------------------------------------------------------------------
  L0      3/0   386.84 MB   1.5      0.0     0.0      0.0       0.2      0.2       0.0   1.0      0.0    240.1         1         2    0.339       0      0
  L1      2/0   447.71 MB   0.9      0.0     0.0      0.0       0.0      0.0       0.0   0.0      0.0      0.0         0         0    0.000       0      0
  L2    163/0    4.97 GB   1.0      0.0     0.0      0.0       0.0      0.0       0.0   0.0      0.0      0.0         0         0    0.000       0      0
  L3    553/0   34.39 GB   0.7      0.0     0.0      0.0       0.0      0.0       0.0   0.0      0.0      0.0         0         0    0.000       0      0
 Sum    721/0   40.18 GB   0.0      0.0     0.0      0.0       0.2      0.2       0.0   1.0      0.0    240.1         1         2    0.339       0      0
 Int      0/0    0.00 KB   0.0      0.0     0.0      0.0       0.2      0.2       0.0   1.0      0.0    240.1         1         2    0.339       0      0
Uptime(secs): 1.8 total, 1.8 interval
Flush(GB): cumulative 0.159, interval 0.159
AddFile(GB): cumulative 0.000, interval 0.000
AddFile(Total Files): cumulative 0, interval 0
AddFile(L0 Files): cumulative 0, interval 0
AddFile(Keys): cumulative 0, interval 0
Cumulative compaction: 0.16 GB write, 89.76 MB/s write, 0.00 GB read, 0.00 MB/s read, 0.7 seconds
Interval compaction: 0.16 GB write, 89.76 MB/s write, 0.00 GB read, 0.00 MB/s read, 0.7 seconds
Stalls(count): 0 level0_slowdown, 0 level0_slowdown_with_compaction, 0 level0_numfiles, 0 level0_numfiles_with_compaction, 0 stop for pending_compaction_bytes, 0 slowdown for pending_compaction_bytes, 0 memtable_compaction, 0 memtable_slowdown, interval 0 total count

** File Read Latency Histogram By Level [usertable] **

** Compaction Stats [default] **
Level    Files   Size     Score Read(GB)  Rn(GB) Rnp1(GB) Write(GB) Wnew(GB) Moved(GB) W-Amp Rd(MB/s) Wr(MB/s) Comp(sec) Comp(cnt) Avg(sec) KeyIn KeyDrop
----------------------------------------------------------------------------------------------------------------------------------------------------------
 Sum      0/0    0.00 KB   0.0      0.0     0.0      0.0       0.0      0.0       0.0   0.0      0.0      0.0         0         0    0.000       0      0
 Int      0/0    0.00 KB   0.0      0.0     0.0      0.0       0.0      0.0       0.0   0.0      0.0      0.0         0         0    0.000       0      0
Uptime(secs): 1.8 total, 0.0 interval
Flush(GB): cumulative 0.000, interval 0.000
AddFile(GB): cumulative 0.000, interval 0.000
AddFile(Total Files): cumulative 0, interval 0
AddFile(L0 Files): cumulative 0, interval 0
AddFile(Keys): cumulative 0, interval 0
Cumulative compaction: 0.00 GB write, 0.00 MB/s write, 0.00 GB read, 0.00 MB/s read, 0.0 seconds
Interval compaction: 0.00 GB write, 0.00 MB/s write, 0.00 GB read, 0.00 MB/s read, 0.0 seconds
Stalls(count): 0 level0_slowdown, 0 level0_slowdown_with_compaction, 0 level0_numfiles, 0 level0_numfiles_with_compaction, 0 stop for pending_compaction_bytes, 0 slowdown for pending_compaction_bytes, 0 memtable_compaction, 0 memtable_slowdown, interval 0 total count

** File Read Latency Histogram By Level [default] **

** Compaction Stats [usertable] **
Level    Files   Size     Score Read(GB)  Rn(GB) Rnp1(GB) Write(GB) Wnew(GB) Moved(GB) W-Amp Rd(MB/s) Wr(MB/s) Comp(sec) Comp(cnt) Avg(sec) KeyIn KeyDrop
----------------------------------------------------------------------------------------------------------------------------------------------------------
  L0      3/0   386.84 MB   1.5      0.0     0.0      0.0       0.2      0.2       0.0   1.0      0.0    240.1         1         2    0.339       0      0
  L1      2/0   447.71 MB   0.9      0.0     0.0      0.0       0.0      0.0       0.0   0.0      0.0      0.0         0         0    0.000       0      0
  L2    163/0    4.97 GB   1.0      0.0     0.0      0.0       0.0      0.0       0.0   0.0      0.0      0.0         0         0    0.000       0      0
  L3    553/0   34.39 GB   0.7      0.0     0.0      0.0       0.0      0.0       0.0   0.0      0.0      0.0         0         0    0.000       0      0
 Sum    721/0   40.18 GB   0.0      0.0     0.0      0.0       0.2      0.2       0.0   1.0      0.0    240.1         1         2    0.339       0      0
 Int      0/0    0.00 KB   0.0      0.0     0.0      0.0       0.0      0.0       0.0   0.0      0.0      0.0         0         0    0.000       0      0
Uptime(secs): 1.8 total, 0.0 interval
Flush(GB): cumulative 0.159, interval 0.000
AddFile(GB): cumulative 0.000, interval 0.000
AddFile(Total Files): cumulative 0, interval 0
AddFile(L0 Files): cumulative 0, interval 0
AddFile(Keys): cumulative 0, interval 0
Cumulative compaction: 0.16 GB write, 89.75 MB/s write, 0.00 GB read, 0.00 MB/s read, 0.7 seconds
Interval compaction: 0.00 GB write, 0.00 MB/s write, 0.00 GB read, 0.00 MB/s read, 0.0 seconds
Stalls(count): 0 level0_slowdown, 0 level0_slowdown_with_compaction, 0 level0_numfiles, 0 level0_numfiles_with_compaction, 0 stop for pending_compaction_bytes, 0 slowdown for pending_compaction_bytes, 0 memtable_compaction, 0 memtable_slowdown, interval 0 total count

** File Read Latency Histogram By Level [usertable] **
2018/11/23-14:18:35.997326 7fa4b0ffe700 (Original Log Time 2018/11/23-14:18:35.968446) [db/db_impl_compaction_flush.cc:1835] [usertable] Moving #237 to level-1 234726301 bytes
2018/11/23-14:18:35.997329 7fa4b0ffe700 (Original Log Time 2018/11/23-14:18:35.997251) EVENT_LOG_v1 {"time_micros": 1543011515997242, "job": 3, "event": "trivial_move", "destination_level": 1, "files": 1, "total_files_size": 234726301}
2018/11/23-14:18:35.997331 7fa4b0ffe700 (Original Log Time 2018/11/23-14:18:35.997262) [db/db_impl_compaction_flush.cc:1864] [usertable] Moved #1 files to level-1 234726301 bytes OK: base level 1 max bytes base 536870912 files[2 3 163 553 0 0 0] max score 1.31
2018/11/23-14:18:35.997403 7fa4b0ffe700 [db/compaction_job.cc:1531] [usertable] [JOB 4] Compacting 1@1 files to L2, score 1.31
2018/11/23-14:18:35.997410 7fa4b0ffe700 [db/compaction_job.cc:1535] [usertable] Compaction start summary: Base version 6 Base level 1, inputs: [713(223MB)]
2018/11/23-14:18:35.997428 7fa4b0ffe700 EVENT_LOG_v1 {"time_micros": 1543011515997415, "job": 4, "event": "compaction_started", "compaction_reason": "LevelMaxLevelSize", "files_L1": [713], "score": 1.31165, "input_data_size": 234730476}
2018/11/23-14:18:36.869390 7fa4b0ffe700 [db/compaction_job.cc:1211] [usertable] [JOB 4] Generated table #1278: 16279 keys, 67233383 bytes
2018/11/23-14:18:36.869430 7fa4b0ffe700 EVENT_LOG_v1 {"time_micros": 1543011516869415, "cf_name": "usertable", "job": 4, "event": "table_file_creation", "file_number": 1278, "file_size": 67233383, "table_properties": {"data_size": 67118331, "index_size": 299108, "filter_size": 0, "raw_key_size": 390696, "raw_average_key_size": 24, "raw_value_size": 66678784, "raw_average_value_size": 4096, "num_data_blocks": 8140, "num_entries": 16279, "filter_policy_name": "", "kDeletedKeys": "0", "kMergeOperands": "0"}}
2018/11/23-14:18:38.052340 7fa4b0ffe700 [db/compaction_job.cc:1211] [usertable] [JOB 4] Generated table #1279: 16279 keys, 67233551 bytes
2018/11/23-14:18:38.052380 7fa4b0ffe700 EVENT_LOG_v1 {"time_micros": 1543011518052367, "cf_name": "usertable", "job": 4, "event": "table_file_creation", "file_number": 1279, "file_size": 67233551, "table_properties": {"data_size": 67120140, "index_size": 300916, "filter_size": 0, "raw_key_size": 390696, "raw_average_key_size": 24, "raw_value_size": 66678784, "raw_average_value_size": 4096, "num_data_blocks": 8140, "num_entries": 16279, "filter_policy_name": "", "kDeletedKeys": "0", "kMergeOperands": "0"}}
2018/11/23-14:18:38.629313 7fa4b0ffe700 [db/compaction_job.cc:1211] [usertable] [JOB 4] Generated table #1280: 16279 keys, 67233397 bytes
2018/11/23-14:18:38.629359 7fa4b0ffe700 EVENT_LOG_v1 {"time_micros": 1543011518629343, "cf_name": "usertable", "job": 4, "event": "table_file_creation", "file_number": 1280, "file_size": 67233397, "table_properties": {"data_size": 67118331, "index_size": 299107, "filter_size": 0, "raw_key_size": 390696, "raw_average_key_size": 24, "raw_value_size": 66678784, "raw_average_value_size": 4096, "num_data_blocks": 8140, "num_entries": 16279, "filter_policy_name": "", "kDeletedKeys": "0", "kMergeOperands": "0"}}
2018/11/23-14:18:39.002370 7fa4b0ffe700 [db/compaction_job.cc:1211] [usertable] [JOB 4] Generated table #1281: 7842 keys, 32388610 bytes
2018/11/23-14:18:39.002424 7fa4b0ffe700 EVENT_LOG_v1 {"time_micros": 1543011519002401, "cf_name": "usertable", "job": 4, "event": "table_file_creation", "file_number": 1281, "file_size": 32388610, "table_properties": {"data_size": 32333437, "index_size": 144813, "filter_size": 0, "raw_key_size": 188208, "raw_average_key_size": 24, "raw_value_size": 32120832, "raw_average_value_size": 4096, "num_data_blocks": 3921, "num_entries": 7842, "filter_policy_name": "", "kDeletedKeys": "0", "kMergeOperands": "0"}}
2018/11/23-14:18:39.002484 7fa4b0ffe700 [db/compaction_job.cc:1287] [usertable] [JOB 4] Compacted 1@1 files to L2 => 234088941 bytes
2018/11/23-14:18:39.032839 7fa4b0ffe700 (Original Log Time 2018/11/23-14:18:39.032765) [db/compaction_job.cc:685] [usertable] compacted to: base level 1 max bytes base 536870912 files[2 2 167 553 0 0 0] max score 1.04, MB/sec: 78.1 rd, 77.9 wr, level 2, files in(1, 0) out(4) MB in(223.9, 0.0) out(223.2), read-write-amplify(2.0) write-amplify(1.0) OK, records in: 56679, records dropped: 0 output_compression: LZ4
2018/11/23-14:18:39.032845 7fa4b0ffe700 (Original Log Time 2018/11/23-14:18:39.032791) EVENT_LOG_v1 {"time_micros": 1543011519032780, "job": 4, "event": "compaction_finished", "compaction_time_micros": 3005013, "output_level": 2, "num_output_files": 4, "total_output_size": 234088941, "num_input_records": 56679, "num_output_records": 56679, "num_subcompactions": 1, "output_compression": "LZ4", "num_single_delete_mismatches": 0, "num_single_delete_fallthrough": 0, "lsm_state": [2, 2, 167, 553, 0, 0, 0]}
2018/11/23-14:18:39.063086 7fa4b0ffe700 (Original Log Time 2018/11/23-14:18:39.033038) [db/db_impl_compaction_flush.cc:1835] [usertable] Moving #1279 to level-3 67233551 bytes
2018/11/23-14:18:39.063089 7fa4b0ffe700 (Original Log Time 2018/11/23-14:18:39.063045) EVENT_LOG_v1 {"time_micros": 1543011519063041, "job": 5, "event": "trivial_move", "destination_level": 3, "files": 1, "total_files_size": 67233551}
2018/11/23-14:18:39.063091 7fa4b0ffe700 (Original Log Time 2018/11/23-14:18:39.063051) [db/db_impl_compaction_flush.cc:1864] [usertable] Moved #1 files to level-3 67233551 bytes OK: base level 1 max bytes base 536870912 files[2 2 166 554 0 0 0] max score 1.02
2018/11/23-14:18:39.082501 7fa4b0ffe700 EVENT_LOG_v1 {"time_micros": 1543011519082493, "job": 5, "event": "table_file_deletion", "file_number": 713}
2018/11/23-14:18:39.112843 7fa48affd700 (Original Log Time 2018/11/23-14:18:39.082690) [db/db_impl_compaction_flush.cc:1835] [usertable] Moving #1280 to level-3 67233397 bytes
2018/11/23-14:18:39.112847 7fa48affd700 (Original Log Time 2018/11/23-14:18:39.112777) EVENT_LOG_v1 {"time_micros": 1543011519112770, "job": 6, "event": "trivial_move", "destination_level": 3, "files": 1, "total_files_size": 67233397}
2018/11/23-14:18:39.112849 7fa48affd700 (Original Log Time 2018/11/23-14:18:39.112797) [db/db_impl_compaction_flush.cc:1864] [usertable] Moved #1 files to level-3 67233397 bytes OK: base level 1 max bytes base 536870912 files[2 2 165 555 0 0 0] max score 1.01
2018/11/23-14:18:39.143088 7fa48affd700 (Original Log Time 2018/11/23-14:18:39.113036) [db/db_impl_compaction_flush.cc:1835] [usertable] Moving #1278 to level-3 67233383 bytes
2018/11/23-14:18:39.143091 7fa48affd700 (Original Log Time 2018/11/23-14:18:39.143044) EVENT_LOG_v1 {"time_micros": 1543011519143041, "job": 7, "event": "trivial_move", "destination_level": 3, "files": 1, "total_files_size": 67233383}
2018/11/23-14:18:39.143093 7fa48affd700 (Original Log Time 2018/11/23-14:18:39.143050) [db/db_impl_compaction_flush.cc:1864] [usertable] Moved #1 files to level-3 67233383 bytes OK: base level 1 max bytes base 536870912 files[2 2 164 556 0 0 0] max score 1.00
2018/11/23-14:18:39.172982 7fa48affd700 (Original Log Time 2018/11/23-14:18:39.143250) [db/db_impl_compaction_flush.cc:1835] [usertable] Moving #1272 to level-1 129895353 bytes
2018/11/23-14:18:39.172985 7fa48affd700 (Original Log Time 2018/11/23-14:18:39.172947) EVENT_LOG_v1 {"time_micros": 1543011519172944, "job": 8, "event": "trivial_move", "destination_level": 1, "files": 1, "total_files_size": 129895353}
