2018/11/28-13:01:58.611482 7fea7ca8d700 RocksDB version: 5.14.3
2018/11/28-13:01:58.611550 7fea7ca8d700 Git sha rocksdb_build_git_sha:
2018/11/28-13:01:58.611553 7fea7ca8d700 Compile date Nov 22 2018
2018/11/28-13:01:58.611558 7fea7ca8d700 DB SUMMARY
2018/11/28-13:01:58.611580 7fea7ca8d700 SST files in /mnt/sda/ycsb-rocksdb-data dir, Total Num: 0, files: 
2018/11/28-13:01:58.611583 7fea7ca8d700 Write Ahead Log file in /mnt/sda/ycsb-rocksdb-data: 
2018/11/28-13:01:58.611586 7fea7ca8d700                         Options.error_if_exists: 0
2018/11/28-13:01:58.611587 7fea7ca8d700                       Options.create_if_missing: 1
2018/11/28-13:01:58.611589 7fea7ca8d700                         Options.paranoid_checks: 1
2018/11/28-13:01:58.611590 7fea7ca8d700                                     Options.env: 0x7fea4b7812c0
2018/11/28-13:01:58.611591 7fea7ca8d700                                Options.info_log: 0x7fea643c0be0
2018/11/28-13:01:58.611592 7fea7ca8d700                Options.max_file_opening_threads: 16
2018/11/28-13:01:58.611593 7fea7ca8d700                              Options.statistics: (nil)
2018/11/28-13:01:58.611594 7fea7ca8d700                               Options.use_fsync: 0
2018/11/28-13:01:58.611596 7fea7ca8d700                       Options.max_log_file_size: 0
2018/11/28-13:01:58.611597 7fea7ca8d700                  Options.max_manifest_file_size: 18446744073709551615
2018/11/28-13:01:58.611598 7fea7ca8d700                   Options.log_file_time_to_roll: 0
2018/11/28-13:01:58.611599 7fea7ca8d700                       Options.keep_log_file_num: 1000
2018/11/28-13:01:58.611600 7fea7ca8d700                    Options.recycle_log_file_num: 0
2018/11/28-13:01:58.611601 7fea7ca8d700                         Options.allow_fallocate: 1
2018/11/28-13:01:58.611602 7fea7ca8d700                        Options.allow_mmap_reads: 0
2018/11/28-13:01:58.611603 7fea7ca8d700                       Options.allow_mmap_writes: 0
2018/11/28-13:01:58.611604 7fea7ca8d700                        Options.use_direct_reads: 0
2018/11/28-13:01:58.611605 7fea7ca8d700                        Options.use_direct_io_for_flush_and_compaction: 0
2018/11/28-13:01:58.611607 7fea7ca8d700          Options.create_missing_column_families: 1
2018/11/28-13:01:58.611608 7fea7ca8d700                              Options.db_log_dir: 
2018/11/28-13:01:58.611609 7fea7ca8d700                                 Options.wal_dir: /mnt/sda/ycsb-rocksdb-data
2018/11/28-13:01:58.611610 7fea7ca8d700                Options.table_cache_numshardbits: 6
2018/11/28-13:01:58.611611 7fea7ca8d700                      Options.max_subcompactions: 4
2018/11/28-13:01:58.611612 7fea7ca8d700                  Options.max_background_flushes: 24
2018/11/28-13:01:58.611613 7fea7ca8d700                         Options.WAL_ttl_seconds: 0
2018/11/28-13:01:58.611614 7fea7ca8d700                       Options.WAL_size_limit_MB: 0
2018/11/28-13:01:58.611615 7fea7ca8d700             Options.manifest_preallocation_size: 4194304
2018/11/28-13:01:58.611616 7fea7ca8d700                     Options.is_fd_close_on_exec: 1
2018/11/28-13:01:58.611617 7fea7ca8d700                   Options.advise_random_on_open: 1
2018/11/28-13:01:58.611619 7fea7ca8d700                    Options.db_write_buffer_size: 0
2018/11/28-13:01:58.611620 7fea7ca8d700                    Options.write_buffer_manager: 0x7fea643bcd10
2018/11/28-13:01:58.611621 7fea7ca8d700         Options.access_hint_on_compaction_start: 1
2018/11/28-13:01:58.611622 7fea7ca8d700  Options.new_table_reader_for_compaction_inputs: 0
2018/11/28-13:01:58.611623 7fea7ca8d700           Options.random_access_max_buffer_size: 1048576
2018/11/28-13:01:58.611624 7fea7ca8d700                      Options.use_adaptive_mutex: 0
2018/11/28-13:01:58.611625 7fea7ca8d700                            Options.rate_limiter: (nil)
2018/11/28-13:01:58.611628 7fea7ca8d700     Options.sst_file_manager.rate_bytes_per_sec: 0
2018/11/28-13:01:58.611629 7fea7ca8d700                       Options.wal_recovery_mode: 2
2018/11/28-13:01:58.611630 7fea7ca8d700                  Options.enable_thread_tracking: 0
2018/11/28-13:01:58.611631 7fea7ca8d700                  Options.enable_pipelined_write: 1
2018/11/28-13:01:58.611641 7fea7ca8d700         Options.allow_concurrent_memtable_write: 1
2018/11/28-13:01:58.611643 7fea7ca8d700      Options.enable_write_thread_adaptive_yield: 1
2018/11/28-13:01:58.611644 7fea7ca8d700             Options.write_thread_max_yield_usec: 100
2018/11/28-13:01:58.611645 7fea7ca8d700            Options.write_thread_slow_yield_usec: 3
2018/11/28-13:01:58.611646 7fea7ca8d700                               Options.row_cache: None
2018/11/28-13:01:58.611647 7fea7ca8d700                              Options.wal_filter: None
2018/11/28-13:01:58.611648 7fea7ca8d700             Options.avoid_flush_during_recovery: 0
2018/11/28-13:01:58.611649 7fea7ca8d700             Options.allow_ingest_behind: 0
2018/11/28-13:01:58.611651 7fea7ca8d700             Options.preserve_deletes: 0
2018/11/28-13:01:58.611652 7fea7ca8d700             Options.two_write_queues: 0
2018/11/28-13:01:58.611653 7fea7ca8d700             Options.manual_wal_flush: 0
2018/11/28-13:01:58.611655 7fea7ca8d700             Options.max_background_jobs: 24
2018/11/28-13:01:58.611656 7fea7ca8d700             Options.max_background_compactions: 24
2018/11/28-13:01:58.611657 7fea7ca8d700             Options.avoid_flush_during_shutdown: 0
2018/11/28-13:01:58.611658 7fea7ca8d700           Options.writable_file_max_buffer_size: 1048576
2018/11/28-13:01:58.611659 7fea7ca8d700             Options.delayed_write_rate : 16777216
2018/11/28-13:01:58.611661 7fea7ca8d700             Options.max_total_wal_size: 0
2018/11/28-13:01:58.611662 7fea7ca8d700             Options.delete_obsolete_files_period_micros: 21600000000
2018/11/28-13:01:58.611663 7fea7ca8d700                   Options.stats_dump_period_sec: 60
2018/11/28-13:01:58.611664 7fea7ca8d700                          Options.max_open_files: -1
2018/11/28-13:01:58.611665 7fea7ca8d700                          Options.bytes_per_sync: 1048576
2018/11/28-13:01:58.611667 7fea7ca8d700                      Options.wal_bytes_per_sync: 0
2018/11/28-13:01:58.611668 7fea7ca8d700       Options.compaction_readahead_size: 0
2018/11/28-13:01:58.611669 7fea7ca8d700 Compression algorithms supported:
2018/11/28-13:01:58.611670 7fea7ca8d700 	kZSTDNotFinalCompression supported: 1
2018/11/28-13:01:58.611681 7fea7ca8d700 	kZSTD supported: 1
2018/11/28-13:01:58.611683 7fea7ca8d700 	kXpressCompression supported: 0
2018/11/28-13:01:58.611684 7fea7ca8d700 	kLZ4HCCompression supported: 1
2018/11/28-13:01:58.611685 7fea7ca8d700 	kLZ4Compression supported: 1
2018/11/28-13:01:58.611686 7fea7ca8d700 	kBZip2Compression supported: 1
2018/11/28-13:01:58.611688 7fea7ca8d700 	kZlibCompression supported: 1
2018/11/28-13:01:58.611689 7fea7ca8d700 	kSnappyCompression supported: 1
2018/11/28-13:01:58.611694 7fea7ca8d700 Fast CRC32 supported: Supported on x86
2018/11/28-13:01:58.611783 7fea7ca8d700 [db/db_impl_open.cc:222] Creating manifest 1 
2018/11/28-13:01:58.714147 7fea7ca8d700 [db/version_set.cc:3085] Recovering from manifest file: MANIFEST-000001
2018/11/28-13:01:58.714248 7fea7ca8d700 [db/column_family.cc:475] --------------- Options for column family [default]:
2018/11/28-13:01:58.714252 7fea7ca8d700               Options.comparator: leveldb.BytewiseComparator
2018/11/28-13:01:58.714254 7fea7ca8d700           Options.merge_operator: None
2018/11/28-13:01:58.714255 7fea7ca8d700        Options.compaction_filter: None
2018/11/28-13:01:58.714256 7fea7ca8d700        Options.compaction_filter_factory: None
2018/11/28-13:01:58.714257 7fea7ca8d700         Options.memtable_factory: SkipListFactory
2018/11/28-13:01:58.714258 7fea7ca8d700            Options.table_factory: BlockBasedTable
2018/11/28-13:01:58.714289 7fea7ca8d700            table_factory options:   flush_block_policy_factory: FlushBlockBySizePolicyFactory (0x7fea6437a820)
  cache_index_and_filter_blocks: 0
  cache_index_and_filter_blocks_with_high_priority: 0
  pin_l0_filter_and_index_blocks_in_cache: 0
  index_type: 0
  hash_index_allow_collision: 1
  checksum: 1
  no_block_cache: 0
  block_cache: 0x7fea643862c0
  block_cache_name: LRUCache
  block_cache_options:
    capacity : 8388608
    num_shard_bits : 4
    strict_capacity_limit : 0
    high_pri_pool_ratio: 0.000
  block_cache_compressed: (nil)
  persistent_cache: (nil)
  block_size: 8192
  block_size_deviation: 10
  block_restart_interval: 16
  index_block_restart_interval: 1
  metadata_block_size: 4096
  partition_filters: 0
  use_delta_encoding: 1
  filter_policy: nullptr
  whole_key_filtering: 1
  verify_compression: 0
  read_amp_bytes_per_bit: 0
  format_version: 2
  enable_index_compression: 1
  block_align: 0
2018/11/28-13:01:58.714303 7fea7ca8d700        Options.write_buffer_size: 134217728
2018/11/28-13:01:58.714305 7fea7ca8d700  Options.max_write_buffer_number: 24
2018/11/28-13:01:58.714306 7fea7ca8d700        Options.compression[0]: NoCompression
2018/11/28-13:01:58.714308 7fea7ca8d700        Options.compression[1]: NoCompression
2018/11/28-13:01:58.714309 7fea7ca8d700        Options.compression[2]: LZ4
2018/11/28-13:01:58.714310 7fea7ca8d700        Options.compression[3]: LZ4
2018/11/28-13:01:58.714311 7fea7ca8d700        Options.compression[4]: LZ4
2018/11/28-13:01:58.714312 7fea7ca8d700        Options.compression[5]: LZ4
2018/11/28-13:01:58.714313 7fea7ca8d700        Options.compression[6]: LZ4
2018/11/28-13:01:58.714315 7fea7ca8d700                  Options.bottommost_compression: Disabled
2018/11/28-13:01:58.714316 7fea7ca8d700       Options.prefix_extractor: nullptr
2018/11/28-13:01:58.714317 7fea7ca8d700   Options.memtable_insert_with_hint_prefix_extractor: nullptr
2018/11/28-13:01:58.714318 7fea7ca8d700             Options.num_levels: 7
2018/11/28-13:01:58.714319 7fea7ca8d700        Options.min_write_buffer_number_to_merge: 2
2018/11/28-13:01:58.714320 7fea7ca8d700     Options.max_write_buffer_number_to_maintain: 0
2018/11/28-13:01:58.714322 7fea7ca8d700            Options.compression_opts.window_bits: -14
2018/11/28-13:01:58.714323 7fea7ca8d700                  Options.compression_opts.level: -1
2018/11/28-13:01:58.714324 7fea7ca8d700               Options.compression_opts.strategy: 0
2018/11/28-13:01:58.714325 7fea7ca8d700         Options.compression_opts.max_dict_bytes: 0
2018/11/28-13:01:58.714326 7fea7ca8d700         Options.compression_opts.zstd_max_train_bytes: 0
2018/11/28-13:01:58.714327 7fea7ca8d700      Options.level0_file_num_compaction_trigger: 2
2018/11/28-13:01:58.714328 7fea7ca8d700          Options.level0_slowdown_writes_trigger: 20
2018/11/28-13:01:58.714329 7fea7ca8d700              Options.level0_stop_writes_trigger: 36
2018/11/28-13:01:58.714330 7fea7ca8d700                   Options.target_file_size_base: 67108864
2018/11/28-13:01:58.714331 7fea7ca8d700             Options.target_file_size_multiplier: 1
2018/11/28-13:01:58.714332 7fea7ca8d700                Options.max_bytes_for_level_base: 536870912
2018/11/28-13:01:58.714333 7fea7ca8d700 Options.level_compaction_dynamic_level_bytes: 0
2018/11/28-13:01:58.714335 7fea7ca8d700          Options.max_bytes_for_level_multiplier: 10.000000
2018/11/28-13:01:58.714337 7fea7ca8d700 Options.max_bytes_for_level_multiplier_addtl[0]: 1
2018/11/28-13:01:58.714338 7fea7ca8d700 Options.max_bytes_for_level_multiplier_addtl[1]: 1
2018/11/28-13:01:58.714339 7fea7ca8d700 Options.max_bytes_for_level_multiplier_addtl[2]: 1
2018/11/28-13:01:58.714340 7fea7ca8d700 Options.max_bytes_for_level_multiplier_addtl[3]: 1
2018/11/28-13:01:58.714342 7fea7ca8d700 Options.max_bytes_for_level_multiplier_addtl[4]: 1
2018/11/28-13:01:58.714343 7fea7ca8d700 Options.max_bytes_for_level_multiplier_addtl[5]: 1
2018/11/28-13:01:58.714344 7fea7ca8d700 Options.max_bytes_for_level_multiplier_addtl[6]: 1
2018/11/28-13:01:58.714345 7fea7ca8d700       Options.max_sequential_skip_in_iterations: 8
2018/11/28-13:01:58.714346 7fea7ca8d700                    Options.max_compaction_bytes: 1677721600
2018/11/28-13:01:58.714347 7fea7ca8d700                        Options.arena_block_size: 16777216
2018/11/28-13:01:58.714348 7fea7ca8d700   Options.soft_pending_compaction_bytes_limit: 68719476736
2018/11/28-13:01:58.714349 7fea7ca8d700   Options.hard_pending_compaction_bytes_limit: 274877906944
2018/11/28-13:01:58.714356 7fea7ca8d700       Options.rate_limit_delay_max_milliseconds: 100
2018/11/28-13:01:58.714357 7fea7ca8d700                Options.disable_auto_compactions: 0
2018/11/28-13:01:58.714360 7fea7ca8d700                        Options.compaction_style: kCompactionStyleLevel
2018/11/28-13:01:58.714362 7fea7ca8d700                          Options.compaction_pri: kByCompensatedSize
2018/11/28-13:01:58.714363 7fea7ca8d700 Options.compaction_options_universal.size_ratio: 1
2018/11/28-13:01:58.714364 7fea7ca8d700 Options.compaction_options_universal.min_merge_width: 2
2018/11/28-13:01:58.714365 7fea7ca8d700 Options.compaction_options_universal.max_merge_width: 4294967295
2018/11/28-13:01:58.714366 7fea7ca8d700 Options.compaction_options_universal.max_size_amplification_percent: 200
2018/11/28-13:01:58.714367 7fea7ca8d700 Options.compaction_options_universal.compression_size_percent: -1
2018/11/28-13:01:58.714369 7fea7ca8d700 Options.compaction_options_universal.stop_style: kCompactionStopStyleTotalSize
2018/11/28-13:01:58.714370 7fea7ca8d700 Options.compaction_options_fifo.max_table_files_size: 1073741824
2018/11/28-13:01:58.714371 7fea7ca8d700 Options.compaction_options_fifo.allow_compaction: 0
2018/11/28-13:01:58.714373 7fea7ca8d700 Options.compaction_options_fifo.ttl: 0
2018/11/28-13:01:58.714374 7fea7ca8d700                   Options.table_properties_collectors: 
2018/11/28-13:01:58.714375 7fea7ca8d700                   Options.inplace_update_support: 0
2018/11/28-13:01:58.714376 7fea7ca8d700                 Options.inplace_update_num_locks: 10000
2018/11/28-13:01:58.714377 7fea7ca8d700               Options.memtable_prefix_bloom_size_ratio: 0.000000
2018/11/28-13:01:58.714379 7fea7ca8d700   Options.memtable_huge_page_size: 0
2018/11/28-13:01:58.714380 7fea7ca8d700                           Options.bloom_locality: 0
2018/11/28-13:01:58.714381 7fea7ca8d700                    Options.max_successive_merges: 0
2018/11/28-13:01:58.714382 7fea7ca8d700                Options.optimize_filters_for_hits: 0
2018/11/28-13:01:58.714383 7fea7ca8d700                Options.paranoid_file_checks: 0
2018/11/28-13:01:58.714384 7fea7ca8d700                Options.force_consistency_checks: 0
2018/11/28-13:01:58.714385 7fea7ca8d700                Options.report_bg_io_stats: 0
2018/11/28-13:01:58.714386 7fea7ca8d700                               Options.ttl: 0
2018/11/28-13:01:58.715195 7fea7ca8d700 [db/version_set.cc:3361] Recovered from manifest file:/mnt/sda/ycsb-rocksdb-data/MANIFEST-000001 succeeded,manifest_file_number is 1, next_file_number is 3, last_sequence is 0, log_number is 0,prev_log_number is 0,max_column_family is 0,min_log_number_to_keep is 0
2018/11/28-13:01:58.715200 7fea7ca8d700 [db/version_set.cc:3369] Column family [default] (ID 0), log number is 0
2018/11/28-13:01:58.715364 7fea7ca8d700 [db/version_set.cc:2847] Creating manifest 4
2018/11/28-13:01:58.788435 7fea7ca8d700 [db/column_family.cc:475] --------------- Options for column family [usertable]:
2018/11/28-13:01:58.788439 7fea7ca8d700               Options.comparator: leveldb.BytewiseComparator
2018/11/28-13:01:58.788440 7fea7ca8d700           Options.merge_operator: None
2018/11/28-13:01:58.788442 7fea7ca8d700        Options.compaction_filter: None
2018/11/28-13:01:58.788443 7fea7ca8d700        Options.compaction_filter_factory: None
2018/11/28-13:01:58.788444 7fea7ca8d700         Options.memtable_factory: SkipListFactory
2018/11/28-13:01:58.788445 7fea7ca8d700            Options.table_factory: BlockBasedTable
2018/11/28-13:01:58.788469 7fea7ca8d700            table_factory options:   flush_block_policy_factory: FlushBlockBySizePolicyFactory (0x7fea6437a900)
  cache_index_and_filter_blocks: 0
  cache_index_and_filter_blocks_with_high_priority: 0
  pin_l0_filter_and_index_blocks_in_cache: 0
  index_type: 0
  hash_index_allow_collision: 1
  checksum: 1
  no_block_cache: 0
  block_cache: 0x7fea6437ba20
  block_cache_name: LRUCache
  block_cache_options:
    capacity : 8388608
    num_shard_bits : 4
    strict_capacity_limit : 0
    high_pri_pool_ratio: 0.000
  block_cache_compressed: (nil)
  persistent_cache: (nil)
  block_size: 8192
  block_size_deviation: 10
  block_restart_interval: 16
  index_block_restart_interval: 1
  metadata_block_size: 4096
  partition_filters: 0
  use_delta_encoding: 1
  filter_policy: nullptr
  whole_key_filtering: 1
  verify_compression: 0
  read_amp_bytes_per_bit: 0
  format_version: 2
  enable_index_compression: 1
  block_align: 0
2018/11/28-13:01:58.788471 7fea7ca8d700        Options.write_buffer_size: 134217728
2018/11/28-13:01:58.788473 7fea7ca8d700  Options.max_write_buffer_number: 24
2018/11/28-13:01:58.788474 7fea7ca8d700        Options.compression[0]: NoCompression
2018/11/28-13:01:58.788475 7fea7ca8d700        Options.compression[1]: NoCompression
2018/11/28-13:01:58.788476 7fea7ca8d700        Options.compression[2]: LZ4
2018/11/28-13:01:58.788478 7fea7ca8d700        Options.compression[3]: LZ4
2018/11/28-13:01:58.788479 7fea7ca8d700        Options.compression[4]: LZ4
2018/11/28-13:01:58.788480 7fea7ca8d700        Options.compression[5]: LZ4
2018/11/28-13:01:58.788481 7fea7ca8d700        Options.compression[6]: LZ4
2018/11/28-13:01:58.788482 7fea7ca8d700                  Options.bottommost_compression: Disabled
2018/11/28-13:01:58.788483 7fea7ca8d700       Options.prefix_extractor: nullptr
2018/11/28-13:01:58.788484 7fea7ca8d700   Options.memtable_insert_with_hint_prefix_extractor: nullptr
2018/11/28-13:01:58.788485 7fea7ca8d700             Options.num_levels: 7
2018/11/28-13:01:58.788486 7fea7ca8d700        Options.min_write_buffer_number_to_merge: 2
2018/11/28-13:01:58.788488 7fea7ca8d700     Options.max_write_buffer_number_to_maintain: 0
2018/11/28-13:01:58.788489 7fea7ca8d700            Options.compression_opts.window_bits: -14
2018/11/28-13:01:58.788490 7fea7ca8d700                  Options.compression_opts.level: -1
2018/11/28-13:01:58.788491 7fea7ca8d700               Options.compression_opts.strategy: 0
2018/11/28-13:01:58.788492 7fea7ca8d700         Options.compression_opts.max_dict_bytes: 0
2018/11/28-13:01:58.788493 7fea7ca8d700         Options.compression_opts.zstd_max_train_bytes: 0
2018/11/28-13:01:58.788494 7fea7ca8d700      Options.level0_file_num_compaction_trigger: 2
2018/11/28-13:01:58.788495 7fea7ca8d700          Options.level0_slowdown_writes_trigger: 20
2018/11/28-13:01:58.788496 7fea7ca8d700              Options.level0_stop_writes_trigger: 36
2018/11/28-13:01:58.788497 7fea7ca8d700                   Options.target_file_size_base: 67108864
2018/11/28-13:01:58.788498 7fea7ca8d700             Options.target_file_size_multiplier: 1
2018/11/28-13:01:58.788499 7fea7ca8d700                Options.max_bytes_for_level_base: 536870912
2018/11/28-13:01:58.788501 7fea7ca8d700 Options.level_compaction_dynamic_level_bytes: 0
2018/11/28-13:01:58.788502 7fea7ca8d700          Options.max_bytes_for_level_multiplier: 10.000000
2018/11/28-13:01:58.788504 7fea7ca8d700 Options.max_bytes_for_level_multiplier_addtl[0]: 1
2018/11/28-13:01:58.788515 7fea7ca8d700 Options.max_bytes_for_level_multiplier_addtl[1]: 1
2018/11/28-13:01:58.788516 7fea7ca8d700 Options.max_bytes_for_level_multiplier_addtl[2]: 1
2018/11/28-13:01:58.788517 7fea7ca8d700 Options.max_bytes_for_level_multiplier_addtl[3]: 1
2018/11/28-13:01:58.788518 7fea7ca8d700 Options.max_bytes_for_level_multiplier_addtl[4]: 1
2018/11/28-13:01:58.788520 7fea7ca8d700 Options.max_bytes_for_level_multiplier_addtl[5]: 1
2018/11/28-13:01:58.788521 7fea7ca8d700 Options.max_bytes_for_level_multiplier_addtl[6]: 1
2018/11/28-13:01:58.788522 7fea7ca8d700       Options.max_sequential_skip_in_iterations: 8
2018/11/28-13:01:58.788523 7fea7ca8d700                    Options.max_compaction_bytes: 1677721600
2018/11/28-13:01:58.788524 7fea7ca8d700                        Options.arena_block_size: 16777216
2018/11/28-13:01:58.788525 7fea7ca8d700   Options.soft_pending_compaction_bytes_limit: 68719476736
2018/11/28-13:01:58.788526 7fea7ca8d700   Options.hard_pending_compaction_bytes_limit: 274877906944
2018/11/28-13:01:58.788527 7fea7ca8d700       Options.rate_limit_delay_max_milliseconds: 100
2018/11/28-13:01:58.788528 7fea7ca8d700                Options.disable_auto_compactions: 0
2018/11/28-13:01:58.788530 7fea7ca8d700                        Options.compaction_style: kCompactionStyleLevel
2018/11/28-13:01:58.788531 7fea7ca8d700                          Options.compaction_pri: kByCompensatedSize
2018/11/28-13:01:58.788533 7fea7ca8d700 Options.compaction_options_universal.size_ratio: 1
2018/11/28-13:01:58.788534 7fea7ca8d700 Options.compaction_options_universal.min_merge_width: 2
2018/11/28-13:01:58.788535 7fea7ca8d700 Options.compaction_options_universal.max_merge_width: 4294967295
2018/11/28-13:01:58.788536 7fea7ca8d700 Options.compaction_options_universal.max_size_amplification_percent: 200
2018/11/28-13:01:58.788537 7fea7ca8d700 Options.compaction_options_universal.compression_size_percent: -1
2018/11/28-13:01:58.788539 7fea7ca8d700 Options.compaction_options_universal.stop_style: kCompactionStopStyleTotalSize
2018/11/28-13:01:58.788540 7fea7ca8d700 Options.compaction_options_fifo.max_table_files_size: 1073741824
2018/11/28-13:01:58.788541 7fea7ca8d700 Options.compaction_options_fifo.allow_compaction: 0
2018/11/28-13:01:58.788542 7fea7ca8d700 Options.compaction_options_fifo.ttl: 0
2018/11/28-13:01:58.788543 7fea7ca8d700                   Options.table_properties_collectors: 
2018/11/28-13:01:58.788544 7fea7ca8d700                   Options.inplace_update_support: 0
2018/11/28-13:01:58.788545 7fea7ca8d700                 Options.inplace_update_num_locks: 10000
2018/11/28-13:01:58.788546 7fea7ca8d700               Options.memtable_prefix_bloom_size_ratio: 0.000000
2018/11/28-13:01:58.788548 7fea7ca8d700   Options.memtable_huge_page_size: 0
2018/11/28-13:01:58.788549 7fea7ca8d700                           Options.bloom_locality: 0
2018/11/28-13:01:58.788550 7fea7ca8d700                    Options.max_successive_merges: 0
2018/11/28-13:01:58.788551 7fea7ca8d700                Options.optimize_filters_for_hits: 0
2018/11/28-13:01:58.788552 7fea7ca8d700                Options.paranoid_file_checks: 0
2018/11/28-13:01:58.788553 7fea7ca8d700                Options.force_consistency_checks: 0
2018/11/28-13:01:58.788554 7fea7ca8d700                Options.report_bg_io_stats: 0
2018/11/28-13:01:58.788555 7fea7ca8d700                               Options.ttl: 0
2018/11/28-13:01:58.788598 7fea7ca8d700 [db/db_impl.cc:1396] Created column family [usertable] (ID 1)
2018/11/28-13:01:58.866543 7fea7ca8d700 [db/db_impl_open.cc:1219] DB pointer 0x7fea643c1300
2018/11/28-13:02:07.832702 7fea7c78a700 [db/db_impl_write.cc:1373] [usertable] New memtable created with log file: #9. Immutable memtables: 0.
2018/11/28-13:02:16.797232 7fea7c689700 [db/db_impl_write.cc:1373] [usertable] New memtable created with log file: #10. Immutable memtables: 1.
2018/11/28-13:02:16.797402 7fe973fff700 [db/db_impl_compaction_flush.cc:80] [JOB 2] Syncing log #3
2018/11/28-13:02:17.293757 7fe973fff700 [db/db_impl_compaction_flush.cc:80] [JOB 2] Syncing log #9
2018/11/28-13:02:18.426857 7fe973fff700 (Original Log Time 2018/11/28-13:02:16.797349) [db/db_impl_compaction_flush.cc:1424] Calling FlushMemTableToOutputFile with column family [usertable], flush slots available 24, compaction slots available 1, flush slots scheduled 1, compaction slots scheduled 0
2018/11/28-13:02:18.426877 7fe973fff700 [db/flush_job.cc:301] [usertable] [JOB 2] Flushing memtable with next log file: 9
2018/11/28-13:02:18.426892 7fe973fff700 [db/flush_job.cc:301] [usertable] [JOB 2] Flushing memtable with next log file: 10
2018/11/28-13:02:18.426956 7fe973fff700 EVENT_LOG_v1 {"time_micros": 1543438938426933, "job": 2, "event": "flush_started", "num_memtables": 2, "num_entries": 62752, "num_deletes": 0, "memory_usage": 260123256, "flush_reason": "Write Buffer Full"}
2018/11/28-13:02:18.426970 7fe973fff700 [db/flush_job.cc:331] [usertable] [JOB 2] Level-0 flush table #11: started
2018/11/28-13:02:20.813595 7fe973fff700 EVENT_LOG_v1 {"time_micros": 1543438940813568, "cf_name": "usertable", "job": 2, "event": "table_file_creation", "file_number": 11, "file_size": 259881101, "table_properties": {"data_size": 258726496, "index_size": 1153678, "filter_size": 0, "raw_key_size": 1506048, "raw_average_key_size": 24, "raw_value_size": 257032192, "raw_average_value_size": 4096, "num_data_blocks": 31376, "num_entries": 62752, "filter_policy_name": "", "kDeletedKeys": "0", "kMergeOperands": "0"}}
2018/11/28-13:02:20.813628 7fe973fff700 [db/flush_job.cc:371] [usertable] [JOB 2] Level-0 flush table #11: 259881101 bytes OK
2018/11/28-13:02:20.875160 7fe973fff700 (Original Log Time 2018/11/28-13:02:20.813649) [db/memtable_list.cc:377] [usertable] Level-0 commit table #11 started
2018/11/28-13:02:20.875164 7fe973fff700 (Original Log Time 2018/11/28-13:02:20.875061) [db/memtable_list.cc:409] [usertable] Level-0 commit table #11: memtable #1 done
2018/11/28-13:02:20.875165 7fe973fff700 (Original Log Time 2018/11/28-13:02:20.875071) [db/memtable_list.cc:409] [usertable] Level-0 commit table #11: memtable #2 done
2018/11/28-13:02:20.875167 7fe973fff700 (Original Log Time 2018/11/28-13:02:20.875089) EVENT_LOG_v1 {"time_micros": 1543438940875079, "job": 2, "event": "flush_finished", "output_compression": "NoCompression", "lsm_state": [1, 0, 0, 0, 0, 0, 0], "immutable_memtables": 0}
2018/11/28-13:02:20.875169 7fe973fff700 (Original Log Time 2018/11/28-13:02:20.875129) [db/db_impl_compaction_flush.cc:177] [usertable] Level summary: base level 1 max bytes base 536870912 files[1 0 0 0 0 0 0] max score 0.50
2018/11/28-13:02:20.875183 7fe973fff700 [db/db_impl_files.cc:347] [JOB 2] Try to delete WAL files size 259071292, prev total WAL file size 318000118, number of live WAL files 3.
2018/11/28-13:02:25.761798 7fea7c78a700 [db/db_impl_write.cc:1373] [usertable] New memtable created with log file: #12. Immutable memtables: 0.
2018/11/28-13:02:34.726400 7fea7c689700 [db/db_impl_write.cc:1373] [usertable] New memtable created with log file: #13. Immutable memtables: 1.
2018/11/28-13:02:34.726488 7fe9f17fa700 [db/db_impl_compaction_flush.cc:80] [JOB 3] Syncing log #10
2018/11/28-13:02:35.246530 7fe9f17fa700 [db/db_impl_compaction_flush.cc:80] [JOB 3] Syncing log #12
2018/11/28-13:02:35.743427 7fe9f17fa700 (Original Log Time 2018/11/28-13:02:34.726470) [db/db_impl_compaction_flush.cc:1424] Calling FlushMemTableToOutputFile with column family [usertable], flush slots available 24, compaction slots available 1, flush slots scheduled 1, compaction slots scheduled 0
2018/11/28-13:02:35.743452 7fe9f17fa700 [db/flush_job.cc:301] [usertable] [JOB 3] Flushing memtable with next log file: 12
2018/11/28-13:02:35.743459 7fe9f17fa700 [db/flush_job.cc:301] [usertable] [JOB 3] Flushing memtable with next log file: 13
2018/11/28-13:02:35.743487 7fe9f17fa700 EVENT_LOG_v1 {"time_micros": 1543438955743478, "job": 3, "event": "flush_started", "num_memtables": 2, "num_entries": 62752, "num_deletes": 0, "memory_usage": 260074496, "flush_reason": "Write Buffer Full"}
2018/11/28-13:02:35.743493 7fe9f17fa700 [db/flush_job.cc:331] [usertable] [JOB 3] Level-0 flush table #14: started
2018/11/28-13:02:37.939438 7fe9f17fa700 EVENT_LOG_v1 {"time_micros": 1543438957939414, "cf_name": "usertable", "job": 3, "event": "table_file_creation", "file_number": 14, "file_size": 259881098, "table_properties": {"data_size": 258726496, "index_size": 1153675, "filter_size": 0, "raw_key_size": 1506048, "raw_average_key_size": 24, "raw_value_size": 257032192, "raw_average_value_size": 4096, "num_data_blocks": 31376, "num_entries": 62752, "filter_policy_name": "", "kDeletedKeys": "0", "kMergeOperands": "0"}}
2018/11/28-13:02:37.939473 7fe9f17fa700 [db/flush_job.cc:371] [usertable] [JOB 3] Level-0 flush table #14: 259881098 bytes OK
2018/11/28-13:02:37.998425 7fe9f17fa700 (Original Log Time 2018/11/28-13:02:37.939487) [db/memtable_list.cc:377] [usertable] Level-0 commit table #14 started
2018/11/28-13:02:37.998430 7fe9f17fa700 (Original Log Time 2018/11/28-13:02:37.998323) [db/memtable_list.cc:409] [usertable] Level-0 commit table #14: memtable #1 done
2018/11/28-13:02:37.998433 7fe9f17fa700 (Original Log Time 2018/11/28-13:02:37.998326) [db/memtable_list.cc:409] [usertable] Level-0 commit table #14: memtable #2 done
2018/11/28-13:02:37.998435 7fe9f17fa700 (Original Log Time 2018/11/28-13:02:37.998355) EVENT_LOG_v1 {"time_micros": 1543438957998345, "job": 3, "event": "flush_finished", "output_compression": "NoCompression", "lsm_state": [2, 0, 0, 0, 0, 0, 0], "immutable_memtables": 0}
2018/11/28-13:02:37.998438 7fe9f17fa700 (Original Log Time 2018/11/28-13:02:37.998397) [db/db_impl_compaction_flush.cc:177] [usertable] Level summary: base level 1 max bytes base 536870912 files[2 0 0 0 0 0 0] max score 1.00
2018/11/28-13:02:37.998454 7fe9f17fa700 [db/db_impl_files.cc:347] [JOB 3] Try to delete WAL files size 259059892, prev total WAL file size 306346773, number of live WAL files 3.
2018/11/28-13:02:37.998679 7fe9f1ffb700 [WARN] [db/db_impl.cc:491] ------- DUMPING STATS -------
2018/11/28-13:02:37.999692 7fe9f1ffb700 [WARN] [db/db_impl.cc:492] 
** DB Stats **
Uptime(secs): 39.3 total, 39.3 interval
Cumulative writes: 136K writes, 136K keys, 130K commit groups, 1.0 writes per commit group, ingest: 0.53 GB, 13.73 MB/s
Cumulative WAL: 136K writes, 0 syncs, 136957.00 writes per sync, written: 0.53 GB, 13.73 MB/s
Cumulative stall: 00:00:0.000 H:M:S, 0.0 percent
Interval writes: 136K writes, 136K keys, 130K commit groups, 1.0 writes per commit group, ingest: 539.22 MB, 13.73 MB/s
Interval WAL: 136K writes, 0 syncs, 136957.00 writes per sync, written: 0.53 MB, 13.73 MB/s
Interval stall: 00:00:0.000 H:M:S, 0.0 percent

** Compaction Stats [default] **
Level    Files   Size     Score Read(GB)  Rn(GB) Rnp1(GB) Write(GB) Wnew(GB) Moved(GB) W-Amp Rd(MB/s) Wr(MB/s) Comp(sec) Comp(cnt) Avg(sec) KeyIn KeyDrop
----------------------------------------------------------------------------------------------------------------------------------------------------------
 Sum      0/0    0.00 KB   0.0      0.0     0.0      0.0       0.0      0.0       0.0   0.0      0.0      0.0         0         0    0.000       0      0
 Int      0/0    0.00 KB   0.0      0.0     0.0      0.0       0.0      0.0       0.0   0.0      0.0      0.0         0         0    0.000       0      0
Uptime(secs): 39.3 total, 39.3 interval
Flush(GB): cumulative 0.000, interval 0.000
AddFile(GB): cumulative 0.000, interval 0.000
AddFile(Total Files): cumulative 0, interval 0
AddFile(L0 Files): cumulative 0, interval 0
AddFile(Keys): cumulative 0, interval 0
Cumulative compaction: 0.00 GB write, 0.00 MB/s write, 0.00 GB read, 0.00 MB/s read, 0.0 seconds
Interval compaction: 0.00 GB write, 0.00 MB/s write, 0.00 GB read, 0.00 MB/s read, 0.0 seconds
Stalls(count): 0 level0_slowdown, 0 level0_slowdown_with_compaction, 0 level0_numfiles, 0 level0_numfiles_with_compaction, 0 stop for pending_compaction_bytes, 0 slowdown for pending_compaction_bytes, 0 memtable_compaction, 0 memtable_slowdown, interval 0 total count

** File Read Latency Histogram By Level [default] **

** Compaction Stats [usertable] **
Level    Files   Size     Score Read(GB)  Rn(GB) Rnp1(GB) Write(GB) Wnew(GB) Moved(GB) W-Amp Rd(MB/s) Wr(MB/s) Comp(sec) Comp(cnt) Avg(sec) KeyIn KeyDrop
----------------------------------------------------------------------------------------------------------------------------------------------------------
  L0      2/0   495.68 MB   1.0      0.0     0.0      0.0       0.5      0.5       0.0   1.0      0.0    108.2         5         2    2.291       0      0
 Sum      2/0   495.68 MB   0.0      0.0     0.0      0.0       0.5      0.5       0.0   1.0      0.0    108.2         5         2    2.291       0      0
 Int      0/0    0.00 KB   0.0      0.0     0.0      0.0       0.5      0.5       0.0   1.0      0.0    108.2         5         2    2.291       0      0
Uptime(secs): 39.2 total, 39.2 interval
Flush(GB): cumulative 0.484, interval 0.484
AddFile(GB): cumulative 0.000, interval 0.000
AddFile(Total Files): cumulative 0, interval 0
AddFile(L0 Files): cumulative 0, interval 0
AddFile(Keys): cumulative 0, interval 0
Cumulative compaction: 0.48 GB write, 12.64 MB/s write, 0.00 GB read, 0.00 MB/s read, 4.6 seconds
Interval compaction: 0.48 GB write, 12.64 MB/s write, 0.00 GB read, 0.00 MB/s read, 4.6 seconds
Stalls(count): 0 level0_slowdown, 0 level0_slowdown_with_compaction, 0 level0_numfiles, 0 level0_numfiles_with_compaction, 0 stop for pending_compaction_bytes, 0 slowdown for pending_compaction_bytes, 0 memtable_compaction, 0 memtable_slowdown, interval 0 total count

** File Read Latency Histogram By Level [usertable] **

** Compaction Stats [default] **
Level    Files   Size     Score Read(GB)  Rn(GB) Rnp1(GB) Write(GB) Wnew(GB) Moved(GB) W-Amp Rd(MB/s) Wr(MB/s) Comp(sec) Comp(cnt) Avg(sec) KeyIn KeyDrop
----------------------------------------------------------------------------------------------------------------------------------------------------------
 Sum      0/0    0.00 KB   0.0      0.0     0.0      0.0       0.0      0.0       0.0   0.0      0.0      0.0         0         0    0.000       0      0
 Int      0/0    0.00 KB   0.0      0.0     0.0      0.0       0.0      0.0       0.0   0.0      0.0      0.0         0         0    0.000       0      0
Uptime(secs): 39.3 total, 0.0 interval
Flush(GB): cumulative 0.000, interval 0.000
AddFile(GB): cumulative 0.000, interval 0.000
AddFile(Total Files): cumulative 0, interval 0
AddFile(L0 Files): cumulative 0, interval 0
AddFile(Keys): cumulative 0, interval 0
Cumulative compaction: 0.00 GB write, 0.00 MB/s write, 0.00 GB read, 0.00 MB/s read, 0.0 seconds
Interval compaction: 0.00 GB write, 0.00 MB/s write, 0.00 GB read, 0.00 MB/s read, 0.0 seconds
Stalls(count): 0 level0_slowdown, 0 level0_slowdown_with_compaction, 0 level0_numfiles, 0 level0_numfiles_with_compaction, 0 stop for pending_compaction_bytes, 0 slowdown for pending_compaction_bytes, 0 memtable_compaction, 0 memtable_slowdown, interval 0 total count

** File Read Latency Histogram By Level [default] **

** Compaction Stats [usertable] **
Level    Files   Size     Score Read(GB)  Rn(GB) Rnp1(GB) Write(GB) Wnew(GB) Moved(GB) W-Amp Rd(MB/s) Wr(MB/s) Comp(sec) Comp(cnt) Avg(sec) KeyIn KeyDrop
----------------------------------------------------------------------------------------------------------------------------------------------------------
  L0      2/0   495.68 MB   1.0      0.0     0.0      0.0       0.5      0.5       0.0   1.0      0.0    108.2         5         2    2.291       0      0
 Sum      2/0   495.68 MB   0.0      0.0     0.0      0.0       0.5      0.5       0.0   1.0      0.0    108.2         5         2    2.291       0      0
 Int      0/0    0.00 KB   0.0      0.0     0.0      0.0       0.0      0.0       0.0   0.0      0.0      0.0         0         0    0.000       0      0
Uptime(secs): 39.2 total, 0.0 interval
Flush(GB): cumulative 0.484, interval 0.000
AddFile(GB): cumulative 0.000, interval 0.000
AddFile(Total Files): cumulative 0, interval 0
AddFile(L0 Files): cumulative 0, interval 0
AddFile(Keys): cumulative 0, interval 0
Cumulative compaction: 0.48 GB write, 12.64 MB/s write, 0.00 GB read, 0.00 MB/s read, 4.6 seconds
Interval compaction: 0.00 GB write, 0.00 MB/s write, 0.00 GB read, 0.00 MB/s read, 0.0 seconds
Stalls(count): 0 level0_slowdown, 0 level0_slowdown_with_compaction, 0 level0_numfiles, 0 level0_numfiles_with_compaction, 0 stop for pending_compaction_bytes, 0 slowdown for pending_compaction_bytes, 0 memtable_compaction, 0 memtable_slowdown, interval 0 total count

** File Read Latency Histogram By Level [usertable] **
2018/11/28-13:02:38.062095 7fe9f1ffb700 (Original Log Time 2018/11/28-13:02:38.001698) [db/db_impl_compaction_flush.cc:1835] [usertable] Moving #11 to level-1 259881101 bytes
2018/11/28-13:02:38.062099 7fe9f1ffb700 (Original Log Time 2018/11/28-13:02:38.062028) EVENT_LOG_v1 {"time_micros": 1543438958062012, "job": 4, "event": "trivial_move", "destination_level": 1, "files": 1, "total_files_size": 259881101}
2018/11/28-13:02:38.062101 7fe9f1ffb700 (Original Log Time 2018/11/28-13:02:38.062042) [db/db_impl_compaction_flush.cc:1864] [usertable] Moved #1 files to level-1 259881101 bytes OK: base level 1 max bytes base 536870912 files[1 1 0 0 0 0 0] max score 0.50
2018/11/28-13:02:43.601740 7fea7c88b700 [db/db_impl_write.cc:1373] [usertable] New memtable created with log file: #15. Immutable memtables: 0.
2018/11/28-13:02:52.566252 7fea7c88b700 [db/db_impl_write.cc:1373] [usertable] New memtable created with log file: #16. Immutable memtables: 1.
2018/11/28-13:02:52.566362 7fe9f0ff9700 [db/db_impl_compaction_flush.cc:80] [JOB 5] Syncing log #13
2018/11/28-13:02:53.096336 7fe9f0ff9700 [db/db_impl_compaction_flush.cc:80] [JOB 5] Syncing log #15
2018/11/28-13:02:53.657933 7fe9f0ff9700 (Original Log Time 2018/11/28-13:02:52.566344) [db/db_impl_compaction_flush.cc:1424] Calling FlushMemTableToOutputFile with column family [usertable], flush slots available 24, compaction slots available 1, flush slots scheduled 1, compaction slots scheduled 0
2018/11/28-13:02:53.657949 7fe9f0ff9700 [db/flush_job.cc:301] [usertable] [JOB 5] Flushing memtable with next log file: 15
2018/11/28-13:02:53.657958 7fe9f0ff9700 [db/flush_job.cc:301] [usertable] [JOB 5] Flushing memtable with next log file: 16
2018/11/28-13:02:53.658004 7fe9f0ff9700 EVENT_LOG_v1 {"time_micros": 1543438973657992, "job": 5, "event": "flush_started", "num_memtables": 2, "num_entries": 62439, "num_deletes": 0, "memory_usage": 258761160, "flush_reason": "Write Buffer Full"}
2018/11/28-13:02:53.658012 7fe9f0ff9700 [db/flush_job.cc:331] [usertable] [JOB 5] Level-0 flush table #17: started
2018/11/28-13:02:56.053281 7fe9f0ff9700 EVENT_LOG_v1 {"time_micros": 1543438976053253, "cf_name": "usertable", "job": 5, "event": "table_file_creation", "file_number": 17, "file_size": 258584878, "table_properties": {"data_size": 257436011, "index_size": 1147940, "filter_size": 0, "raw_key_size": 1498536, "raw_average_key_size": 24, "raw_value_size": 255750144, "raw_average_value_size": 4096, "num_data_blocks": 31220, "num_entries": 62439, "filter_policy_name": "", "kDeletedKeys": "0", "kMergeOperands": "0"}}
2018/11/28-13:02:56.053307 7fe9f0ff9700 [db/flush_job.cc:371] [usertable] [JOB 5] Level-0 flush table #17: 258584878 bytes OK
2018/11/28-13:02:56.087286 7fe9f0ff9700 (Original Log Time 2018/11/28-13:02:56.053326) [db/memtable_list.cc:377] [usertable] Level-0 commit table #17 started
2018/11/28-13:02:56.087290 7fe9f0ff9700 (Original Log Time 2018/11/28-13:02:56.087206) [db/memtable_list.cc:409] [usertable] Level-0 commit table #17: memtable #1 done
2018/11/28-13:02:56.087292 7fe9f0ff9700 (Original Log Time 2018/11/28-13:02:56.087209) [db/memtable_list.cc:409] [usertable] Level-0 commit table #17: memtable #2 done
2018/11/28-13:02:56.087293 7fe9f0ff9700 (Original Log Time 2018/11/28-13:02:56.087225) EVENT_LOG_v1 {"time_micros": 1543438976087216, "job": 5, "event": "flush_finished", "output_compression": "NoCompression", "lsm_state": [2, 1, 0, 0, 0, 0, 0], "immutable_memtables": 0}
2018/11/28-13:02:56.087295 7fe9f0ff9700 (Original Log Time 2018/11/28-13:02:56.087261) [db/db_impl_compaction_flush.cc:177] [usertable] Level summary: base level 1 max bytes base 536870912 files[2 1 0 0 0 0 0] max score 1.00
