2019/04/20-19:51:06.095417 7f9d69df2700 RocksDB version: 5.14.3
2019/04/20-19:51:06.095472 7f9d69df2700 Git sha rocksdb_build_git_sha:
2019/04/20-19:51:06.095476 7f9d69df2700 Compile date Oct  9 2018
2019/04/20-19:51:06.095486 7f9d69df2700 DB SUMMARY
2019/04/20-19:51:06.096253 7f9d69df2700 CURRENT file:  CURRENT
2019/04/20-19:51:06.096257 7f9d69df2700 IDENTITY file:  IDENTITY
2019/04/20-19:51:06.096267 7f9d69df2700 MANIFEST file:  MANIFEST-000004 size: 129819 Bytes
2019/04/20-19:51:06.096271 7f9d69df2700 SST files in /mnt/sdc/ycsb-rocksdb-data dir, Total Num: 749, files: 000021.sst 000022.sst 000023.sst 000024.sst 000028.sst 000029.sst 000030.sst 000031.sst 000035.sst 
2019/04/20-19:51:06.096277 7f9d69df2700 Write Ahead Log file in /mnt/sdc/ycsb-rocksdb-data: 001330.log size: 121577584 ; 001336.log size: 117043532 ; 001337.log size: 18251651 ; 
2019/04/20-19:51:06.096306 7f9d69df2700                         Options.error_if_exists: 0
2019/04/20-19:51:06.096307 7f9d69df2700                       Options.create_if_missing: 1
2019/04/20-19:51:06.096308 7f9d69df2700                         Options.paranoid_checks: 1
2019/04/20-19:51:06.096309 7f9d69df2700                                     Options.env: 0x7f9d69adb080
2019/04/20-19:51:06.096310 7f9d69df2700                                Options.info_log: 0x7f9c983bd250
2019/04/20-19:51:06.096311 7f9d69df2700                Options.max_file_opening_threads: 16
2019/04/20-19:51:06.096312 7f9d69df2700                              Options.statistics: (nil)
2019/04/20-19:51:06.096313 7f9d69df2700                               Options.use_fsync: 0
2019/04/20-19:51:06.096314 7f9d69df2700                       Options.max_log_file_size: 0
2019/04/20-19:51:06.096315 7f9d69df2700                  Options.max_manifest_file_size: 18446744073709551615
2019/04/20-19:51:06.096317 7f9d69df2700                   Options.log_file_time_to_roll: 0
2019/04/20-19:51:06.096317 7f9d69df2700                       Options.keep_log_file_num: 1000
2019/04/20-19:51:06.096318 7f9d69df2700                    Options.recycle_log_file_num: 0
2019/04/20-19:51:06.096319 7f9d69df2700                         Options.allow_fallocate: 1
2019/04/20-19:51:06.096320 7f9d69df2700                        Options.allow_mmap_reads: 0
2019/04/20-19:51:06.096321 7f9d69df2700                       Options.allow_mmap_writes: 0
2019/04/20-19:51:06.096322 7f9d69df2700                        Options.use_direct_reads: 0
2019/04/20-19:51:06.096323 7f9d69df2700                        Options.use_direct_io_for_flush_and_compaction: 0
2019/04/20-19:51:06.096325 7f9d69df2700          Options.create_missing_column_families: 1
2019/04/20-19:51:06.096325 7f9d69df2700                              Options.db_log_dir: 
2019/04/20-19:51:06.096327 7f9d69df2700                                 Options.wal_dir: /mnt/sdc/ycsb-rocksdb-data
2019/04/20-19:51:06.096328 7f9d69df2700                Options.table_cache_numshardbits: 6
2019/04/20-19:51:06.096328 7f9d69df2700                      Options.max_subcompactions: 4
2019/04/20-19:51:06.096330 7f9d69df2700                  Options.max_background_flushes: 24
2019/04/20-19:51:06.096331 7f9d69df2700                         Options.WAL_ttl_seconds: 0
2019/04/20-19:51:06.096332 7f9d69df2700                       Options.WAL_size_limit_MB: 0
2019/04/20-19:51:06.096333 7f9d69df2700             Options.manifest_preallocation_size: 4194304
2019/04/20-19:51:06.096334 7f9d69df2700                     Options.is_fd_close_on_exec: 1
2019/04/20-19:51:06.096335 7f9d69df2700                   Options.advise_random_on_open: 1
2019/04/20-19:51:06.096336 7f9d69df2700                    Options.db_write_buffer_size: 0
2019/04/20-19:51:06.096337 7f9d69df2700                    Options.write_buffer_manager: 0x7f9c983b1880
2019/04/20-19:51:06.096338 7f9d69df2700         Options.access_hint_on_compaction_start: 1
2019/04/20-19:51:06.096338 7f9d69df2700  Options.new_table_reader_for_compaction_inputs: 0
2019/04/20-19:51:06.096339 7f9d69df2700           Options.random_access_max_buffer_size: 1048576
2019/04/20-19:51:06.096340 7f9d69df2700                      Options.use_adaptive_mutex: 0
2019/04/20-19:51:06.096355 7f9d69df2700                            Options.rate_limiter: (nil)
2019/04/20-19:51:06.096358 7f9d69df2700     Options.sst_file_manager.rate_bytes_per_sec: 0
2019/04/20-19:51:06.096359 7f9d69df2700                       Options.wal_recovery_mode: 2
2019/04/20-19:51:06.096360 7f9d69df2700                  Options.enable_thread_tracking: 0
2019/04/20-19:51:06.096361 7f9d69df2700                  Options.enable_pipelined_write: 1
2019/04/20-19:51:06.096362 7f9d69df2700         Options.allow_concurrent_memtable_write: 1
2019/04/20-19:51:06.096363 7f9d69df2700      Options.enable_write_thread_adaptive_yield: 1
2019/04/20-19:51:06.096364 7f9d69df2700             Options.write_thread_max_yield_usec: 100
2019/04/20-19:51:06.096365 7f9d69df2700            Options.write_thread_slow_yield_usec: 3
2019/04/20-19:51:06.096366 7f9d69df2700                               Options.row_cache: None
2019/04/20-19:51:06.096367 7f9d69df2700                              Options.wal_filter: None
2019/04/20-19:51:06.096368 7f9d69df2700             Options.avoid_flush_during_recovery: 0
2019/04/20-19:51:06.096369 7f9d69df2700             Options.allow_ingest_behind: 0
2019/04/20-19:51:06.096370 7f9d69df2700             Options.preserve_deletes: 0
2019/04/20-19:51:06.096371 7f9d69df2700             Options.two_write_queues: 0
2019/04/20-19:51:06.096372 7f9d69df2700             Options.manual_wal_flush: 0
2019/04/20-19:51:06.096374 7f9d69df2700             Options.max_background_jobs: 24
2019/04/20-19:51:06.096376 7f9d69df2700             Options.max_background_compactions: 24
2019/04/20-19:51:06.096377 7f9d69df2700             Options.avoid_flush_during_shutdown: 0
2019/04/20-19:51:06.096378 7f9d69df2700           Options.writable_file_max_buffer_size: 1048576
2019/04/20-19:51:06.096379 7f9d69df2700             Options.delayed_write_rate : 16777216
2019/04/20-19:51:06.096380 7f9d69df2700             Options.max_total_wal_size: 0
2019/04/20-19:51:06.096381 7f9d69df2700             Options.delete_obsolete_files_period_micros: 21600000000
2019/04/20-19:51:06.096382 7f9d69df2700                   Options.stats_dump_period_sec: 60
2019/04/20-19:51:06.096383 7f9d69df2700                          Options.max_open_files: -1
2019/04/20-19:51:06.096384 7f9d69df2700                          Options.bytes_per_sync: 1048576
2019/04/20-19:51:06.096385 7f9d69df2700                      Options.wal_bytes_per_sync: 0
2019/04/20-19:51:06.096386 7f9d69df2700       Options.compaction_readahead_size: 0
2019/04/20-19:51:06.096387 7f9d69df2700 Compression algorithms supported:
2019/04/20-19:51:06.096389 7f9d69df2700 	kZSTDNotFinalCompression supported: 1
2019/04/20-19:51:06.096398 7f9d69df2700 	kZSTD supported: 1
2019/04/20-19:51:06.096400 7f9d69df2700 	kXpressCompression supported: 0
2019/04/20-19:51:06.096401 7f9d69df2700 	kLZ4HCCompression supported: 1
2019/04/20-19:51:06.096403 7f9d69df2700 	kLZ4Compression supported: 1
2019/04/20-19:51:06.096404 7f9d69df2700 	kBZip2Compression supported: 1
2019/04/20-19:51:06.096405 7f9d69df2700 	kZlibCompression supported: 1
2019/04/20-19:51:06.096406 7f9d69df2700 	kSnappyCompression supported: 1
2019/04/20-19:51:06.096410 7f9d69df2700 Fast CRC32 supported: Not supported on x86
2019/04/20-19:51:06.097017 7f9d69df2700 [db/version_set.cc:3085] Recovering from manifest file: MANIFEST-000004
2019/04/20-19:51:06.097107 7f9d69df2700 [db/column_family.cc:475] --------------- Options for column family [default]:
2019/04/20-19:51:06.097112 7f9d69df2700               Options.comparator: leveldb.BytewiseComparator
2019/04/20-19:51:06.097113 7f9d69df2700           Options.merge_operator: None
2019/04/20-19:51:06.097114 7f9d69df2700        Options.compaction_filter: None
2019/04/20-19:51:06.097115 7f9d69df2700        Options.compaction_filter_factory: None
2019/04/20-19:51:06.097116 7f9d69df2700         Options.memtable_factory: SkipListFactory
2019/04/20-19:51:06.097117 7f9d69df2700            Options.table_factory: BlockBasedTable
2019/04/20-19:51:06.097143 7f9d69df2700            table_factory options:   flush_block_policy_factory: FlushBlockBySizePolicyFactory (0x7f9c983b2320)
  cache_index_and_filter_blocks: 0
  cache_index_and_filter_blocks_with_high_priority: 0
  pin_l0_filter_and_index_blocks_in_cache: 0
  index_type: 0
  hash_index_allow_collision: 1
  checksum: 1
  no_block_cache: 0
  block_cache: 0x7f9c983b1a60
  block_cache_name: LRUCache
  block_cache_options:
    capacity : 8388608
    num_shard_bits : 4
    strict_capacity_limit : 0
    high_pri_pool_ratio: 0.000
  block_cache_compressed: (nil)
  persistent_cache: (nil)
  block_size: 8192
  block_size_deviation: 10
  block_restart_interval: 16
  index_block_restart_interval: 1
  metadata_block_size: 4096
  partition_filters: 0
  use_delta_encoding: 1
  filter_policy: nullptr
  whole_key_filtering: 1
  verify_compression: 0
  read_amp_bytes_per_bit: 0
  format_version: 2
  enable_index_compression: 1
  block_align: 0
2019/04/20-19:51:06.097156 7f9d69df2700        Options.write_buffer_size: 134217728
2019/04/20-19:51:06.097158 7f9d69df2700  Options.max_write_buffer_number: 24
2019/04/20-19:51:06.097160 7f9d69df2700        Options.compression[0]: NoCompression
2019/04/20-19:51:06.097162 7f9d69df2700        Options.compression[1]: NoCompression
2019/04/20-19:51:06.097163 7f9d69df2700        Options.compression[2]: LZ4
2019/04/20-19:51:06.097164 7f9d69df2700        Options.compression[3]: LZ4
2019/04/20-19:51:06.097165 7f9d69df2700        Options.compression[4]: LZ4
2019/04/20-19:51:06.097166 7f9d69df2700        Options.compression[5]: LZ4
2019/04/20-19:51:06.097167 7f9d69df2700        Options.compression[6]: LZ4
2019/04/20-19:51:06.097168 7f9d69df2700                  Options.bottommost_compression: Disabled
2019/04/20-19:51:06.097169 7f9d69df2700       Options.prefix_extractor: nullptr
2019/04/20-19:51:06.097171 7f9d69df2700   Options.memtable_insert_with_hint_prefix_extractor: nullptr
2019/04/20-19:51:06.097172 7f9d69df2700             Options.num_levels: 7
2019/04/20-19:51:06.097173 7f9d69df2700        Options.min_write_buffer_number_to_merge: 2
2019/04/20-19:51:06.097174 7f9d69df2700     Options.max_write_buffer_number_to_maintain: 0
2019/04/20-19:51:06.097175 7f9d69df2700            Options.compression_opts.window_bits: -14
2019/04/20-19:51:06.097176 7f9d69df2700                  Options.compression_opts.level: -1
2019/04/20-19:51:06.097177 7f9d69df2700               Options.compression_opts.strategy: 0
2019/04/20-19:51:06.097178 7f9d69df2700         Options.compression_opts.max_dict_bytes: 0
2019/04/20-19:51:06.097179 7f9d69df2700         Options.compression_opts.zstd_max_train_bytes: 0
2019/04/20-19:51:06.097180 7f9d69df2700      Options.level0_file_num_compaction_trigger: 2
2019/04/20-19:51:06.097181 7f9d69df2700          Options.level0_slowdown_writes_trigger: 20
2019/04/20-19:51:06.097182 7f9d69df2700              Options.level0_stop_writes_trigger: 36
2019/04/20-19:51:06.097183 7f9d69df2700                   Options.target_file_size_base: 67108864
2019/04/20-19:51:06.097184 7f9d69df2700             Options.target_file_size_multiplier: 1
2019/04/20-19:51:06.097185 7f9d69df2700                Options.max_bytes_for_level_base: 536870912
2019/04/20-19:51:06.097186 7f9d69df2700 Options.level_compaction_dynamic_level_bytes: 0
2019/04/20-19:51:06.097187 7f9d69df2700          Options.max_bytes_for_level_multiplier: 10.000000
2019/04/20-19:51:06.097190 7f9d69df2700 Options.max_bytes_for_level_multiplier_addtl[0]: 1
2019/04/20-19:51:06.097191 7f9d69df2700 Options.max_bytes_for_level_multiplier_addtl[1]: 1
2019/04/20-19:51:06.097192 7f9d69df2700 Options.max_bytes_for_level_multiplier_addtl[2]: 1
2019/04/20-19:51:06.097193 7f9d69df2700 Options.max_bytes_for_level_multiplier_addtl[3]: 1
2019/04/20-19:51:06.097194 7f9d69df2700 Options.max_bytes_for_level_multiplier_addtl[4]: 1
2019/04/20-19:51:06.097195 7f9d69df2700 Options.max_bytes_for_level_multiplier_addtl[5]: 1
2019/04/20-19:51:06.097196 7f9d69df2700 Options.max_bytes_for_level_multiplier_addtl[6]: 1
2019/04/20-19:51:06.097197 7f9d69df2700       Options.max_sequential_skip_in_iterations: 8
2019/04/20-19:51:06.097198 7f9d69df2700                    Options.max_compaction_bytes: 1677721600
2019/04/20-19:51:06.097206 7f9d69df2700                        Options.arena_block_size: 16777216
2019/04/20-19:51:06.097207 7f9d69df2700   Options.soft_pending_compaction_bytes_limit: 68719476736
2019/04/20-19:51:06.097208 7f9d69df2700   Options.hard_pending_compaction_bytes_limit: 274877906944
2019/04/20-19:51:06.097209 7f9d69df2700       Options.rate_limit_delay_max_milliseconds: 100
2019/04/20-19:51:06.097210 7f9d69df2700                Options.disable_auto_compactions: 0
2019/04/20-19:51:06.097212 7f9d69df2700                        Options.compaction_style: kCompactionStyleLevel
2019/04/20-19:51:06.097214 7f9d69df2700                          Options.compaction_pri: kByCompensatedSize
2019/04/20-19:51:06.097215 7f9d69df2700 Options.compaction_options_universal.size_ratio: 1
2019/04/20-19:51:06.097216 7f9d69df2700 Options.compaction_options_universal.min_merge_width: 2
2019/04/20-19:51:06.097217 7f9d69df2700 Options.compaction_options_universal.max_merge_width: 4294967295
2019/04/20-19:51:06.097218 7f9d69df2700 Options.compaction_options_universal.max_size_amplification_percent: 200
2019/04/20-19:51:06.097219 7f9d69df2700 Options.compaction_options_universal.compression_size_percent: -1
2019/04/20-19:51:06.097221 7f9d69df2700 Options.compaction_options_universal.stop_style: kCompactionStopStyleTotalSize
2019/04/20-19:51:06.097222 7f9d69df2700 Options.compaction_options_fifo.max_table_files_size: 1073741824
2019/04/20-19:51:06.097223 7f9d69df2700 Options.compaction_options_fifo.allow_compaction: 0
2019/04/20-19:51:06.097224 7f9d69df2700 Options.compaction_options_fifo.ttl: 0
2019/04/20-19:51:06.097225 7f9d69df2700                   Options.table_properties_collectors: 
2019/04/20-19:51:06.097226 7f9d69df2700                   Options.inplace_update_support: 0
2019/04/20-19:51:06.097227 7f9d69df2700                 Options.inplace_update_num_locks: 10000
2019/04/20-19:51:06.097228 7f9d69df2700               Options.memtable_prefix_bloom_size_ratio: 0.000000
2019/04/20-19:51:06.097229 7f9d69df2700   Options.memtable_huge_page_size: 0
2019/04/20-19:51:06.097230 7f9d69df2700                           Options.bloom_locality: 0
2019/04/20-19:51:06.097231 7f9d69df2700                    Options.max_successive_merges: 0
2019/04/20-19:51:06.097232 7f9d69df2700                Options.optimize_filters_for_hits: 0
2019/04/20-19:51:06.097233 7f9d69df2700                Options.paranoid_file_checks: 0
2019/04/20-19:51:06.097234 7f9d69df2700                Options.force_consistency_checks: 0
2019/04/20-19:51:06.097235 7f9d69df2700                Options.report_bg_io_stats: 0
2019/04/20-19:51:06.097236 7f9d69df2700                               Options.ttl: 0
2019/04/20-19:51:06.098076 7f9d69df2700 [db/column_family.cc:475] --------------- Options for column family [usertable]:
2019/04/20-19:51:06.098079 7f9d69df2700               Options.comparator: leveldb.BytewiseComparator
2019/04/20-19:51:06.098080 7f9d69df2700           Options.merge_operator: None
2019/04/20-19:51:06.098081 7f9d69df2700        Options.compaction_filter: None
2019/04/20-19:51:06.098082 7f9d69df2700        Options.compaction_filter_factory: None
2019/04/20-19:51:06.098083 7f9d69df2700         Options.memtable_factory: SkipListFactory
2019/04/20-19:51:06.098084 7f9d69df2700            Options.table_factory: BlockBasedTable
2019/04/20-19:51:06.098110 7f9d69df2700            table_factory options:   flush_block_policy_factory: FlushBlockBySizePolicyFactory (0x7f9c983c0740)
  cache_index_and_filter_blocks: 0
  cache_index_and_filter_blocks_with_high_priority: 0
  pin_l0_filter_and_index_blocks_in_cache: 0
  index_type: 0
  hash_index_allow_collision: 1
  checksum: 1
  no_block_cache: 0
  block_cache: 0x7f9c983bf5c0
  block_cache_name: LRUCache
  block_cache_options:
    capacity : 8388608
    num_shard_bits : 4
    strict_capacity_limit : 0
    high_pri_pool_ratio: 0.000
  block_cache_compressed: (nil)
  persistent_cache: (nil)
  block_size: 8192
  block_size_deviation: 10
  block_restart_interval: 16
  index_block_restart_interval: 1
  metadata_block_size: 4096
  partition_filters: 0
  use_delta_encoding: 1
  filter_policy: nullptr
  whole_key_filtering: 1
  verify_compression: 0
  read_amp_bytes_per_bit: 0
  format_version: 2
  enable_index_compression: 1
  block_align: 0
2019/04/20-19:51:06.098125 7f9d69df2700        Options.write_buffer_size: 134217728
2019/04/20-19:51:06.098127 7f9d69df2700  Options.max_write_buffer_number: 24
2019/04/20-19:51:06.098128 7f9d69df2700        Options.compression[0]: NoCompression
2019/04/20-19:51:06.098130 7f9d69df2700        Options.compression[1]: NoCompression
2019/04/20-19:51:06.098131 7f9d69df2700        Options.compression[2]: LZ4
2019/04/20-19:51:06.098132 7f9d69df2700        Options.compression[3]: LZ4
2019/04/20-19:51:06.098133 7f9d69df2700        Options.compression[4]: LZ4
2019/04/20-19:51:06.098134 7f9d69df2700        Options.compression[5]: LZ4
2019/04/20-19:51:06.098135 7f9d69df2700        Options.compression[6]: LZ4
2019/04/20-19:51:06.098136 7f9d69df2700                  Options.bottommost_compression: Disabled
2019/04/20-19:51:06.098137 7f9d69df2700       Options.prefix_extractor: nullptr
2019/04/20-19:51:06.098138 7f9d69df2700   Options.memtable_insert_with_hint_prefix_extractor: nullptr
2019/04/20-19:51:06.098139 7f9d69df2700             Options.num_levels: 7
2019/04/20-19:51:06.098140 7f9d69df2700        Options.min_write_buffer_number_to_merge: 2
2019/04/20-19:51:06.098141 7f9d69df2700     Options.max_write_buffer_number_to_maintain: 0
2019/04/20-19:51:06.098142 7f9d69df2700            Options.compression_opts.window_bits: -14
2019/04/20-19:51:06.098143 7f9d69df2700                  Options.compression_opts.level: -1
2019/04/20-19:51:06.098144 7f9d69df2700               Options.compression_opts.strategy: 0
2019/04/20-19:51:06.098145 7f9d69df2700         Options.compression_opts.max_dict_bytes: 0
2019/04/20-19:51:06.098146 7f9d69df2700         Options.compression_opts.zstd_max_train_bytes: 0
2019/04/20-19:51:06.098147 7f9d69df2700      Options.level0_file_num_compaction_trigger: 2
2019/04/20-19:51:06.098148 7f9d69df2700          Options.level0_slowdown_writes_trigger: 20
2019/04/20-19:51:06.098149 7f9d69df2700              Options.level0_stop_writes_trigger: 36
2019/04/20-19:51:06.098150 7f9d69df2700                   Options.target_file_size_base: 67108864
2019/04/20-19:51:06.098151 7f9d69df2700             Options.target_file_size_multiplier: 1
2019/04/20-19:51:06.098152 7f9d69df2700                Options.max_bytes_for_level_base: 536870912
2019/04/20-19:51:06.098153 7f9d69df2700 Options.level_compaction_dynamic_level_bytes: 0
2019/04/20-19:51:06.098154 7f9d69df2700          Options.max_bytes_for_level_multiplier: 10.000000
2019/04/20-19:51:06.098156 7f9d69df2700 Options.max_bytes_for_level_multiplier_addtl[0]: 1
2019/04/20-19:51:06.098157 7f9d69df2700 Options.max_bytes_for_level_multiplier_addtl[1]: 1
2019/04/20-19:51:06.098158 7f9d69df2700 Options.max_bytes_for_level_multiplier_addtl[2]: 1
2019/04/20-19:51:06.098159 7f9d69df2700 Options.max_bytes_for_level_multiplier_addtl[3]: 1
2019/04/20-19:51:06.098160 7f9d69df2700 Options.max_bytes_for_level_multiplier_addtl[4]: 1
2019/04/20-19:51:06.098161 7f9d69df2700 Options.max_bytes_for_level_multiplier_addtl[5]: 1
2019/04/20-19:51:06.098162 7f9d69df2700 Options.max_bytes_for_level_multiplier_addtl[6]: 1
2019/04/20-19:51:06.098163 7f9d69df2700       Options.max_sequential_skip_in_iterations: 8
2019/04/20-19:51:06.098164 7f9d69df2700                    Options.max_compaction_bytes: 1677721600
2019/04/20-19:51:06.098165 7f9d69df2700                        Options.arena_block_size: 16777216
2019/04/20-19:51:06.098166 7f9d69df2700   Options.soft_pending_compaction_bytes_limit: 68719476736
2019/04/20-19:51:06.098167 7f9d69df2700   Options.hard_pending_compaction_bytes_limit: 274877906944
2019/04/20-19:51:06.098168 7f9d69df2700       Options.rate_limit_delay_max_milliseconds: 100
2019/04/20-19:51:06.098169 7f9d69df2700                Options.disable_auto_compactions: 0
2019/04/20-19:51:06.098170 7f9d69df2700                        Options.compaction_style: kCompactionStyleLevel
2019/04/20-19:51:06.098177 7f9d69df2700                          Options.compaction_pri: kByCompensatedSize
2019/04/20-19:51:06.098179 7f9d69df2700 Options.compaction_options_universal.size_ratio: 1
2019/04/20-19:51:06.098180 7f9d69df2700 Options.compaction_options_universal.min_merge_width: 2
2019/04/20-19:51:06.098181 7f9d69df2700 Options.compaction_options_universal.max_merge_width: 4294967295
2019/04/20-19:51:06.098182 7f9d69df2700 Options.compaction_options_universal.max_size_amplification_percent: 200
2019/04/20-19:51:06.098183 7f9d69df2700 Options.compaction_options_universal.compression_size_percent: -1
2019/04/20-19:51:06.098184 7f9d69df2700 Options.compaction_options_universal.stop_style: kCompactionStopStyleTotalSize
2019/04/20-19:51:06.098185 7f9d69df2700 Options.compaction_options_fifo.max_table_files_size: 1073741824
2019/04/20-19:51:06.098186 7f9d69df2700 Options.compaction_options_fifo.allow_compaction: 0
2019/04/20-19:51:06.098187 7f9d69df2700 Options.compaction_options_fifo.ttl: 0
2019/04/20-19:51:06.098188 7f9d69df2700                   Options.table_properties_collectors: 
2019/04/20-19:51:06.098189 7f9d69df2700                   Options.inplace_update_support: 0
2019/04/20-19:51:06.098190 7f9d69df2700                 Options.inplace_update_num_locks: 10000
2019/04/20-19:51:06.098191 7f9d69df2700               Options.memtable_prefix_bloom_size_ratio: 0.000000
2019/04/20-19:51:06.098193 7f9d69df2700   Options.memtable_huge_page_size: 0
2019/04/20-19:51:06.098194 7f9d69df2700                           Options.bloom_locality: 0
2019/04/20-19:51:06.098195 7f9d69df2700                    Options.max_successive_merges: 0
2019/04/20-19:51:06.098196 7f9d69df2700                Options.optimize_filters_for_hits: 0
2019/04/20-19:51:06.098196 7f9d69df2700                Options.paranoid_file_checks: 0
2019/04/20-19:51:06.098197 7f9d69df2700                Options.force_consistency_checks: 0
2019/04/20-19:51:06.098198 7f9d69df2700                Options.report_bg_io_stats: 0
2019/04/20-19:51:06.098199 7f9d69df2700                               Options.ttl: 0
2019/04/20-19:51:06.796213 7f9d69df2700 [db/version_set.cc:3361] Recovered from manifest file:/mnt/sdc/ycsb-rocksdb-data/MANIFEST-000004 succeeded,manifest_file_number is 4, next_file_number is 1337, last_sequence is 10397460, log_number is 0,prev_log_number is 0,max_column_family is 1,min_log_number_to_keep is 0
2019/04/20-19:51:06.796225 7f9d69df2700 [db/version_set.cc:3369] Column family [default] (ID 0), log number is 0
2019/04/20-19:51:06.796229 7f9d69df2700 [db/version_set.cc:3369] Column family [usertable] (ID 1), log number is 1330
2019/04/20-19:51:06.798622 7f9d69df2700 EVENT_LOG_v1 {"time_micros": 1555815066798596, "job": 1, "event": "recovery_started", "log_files": [1330, 1336, 1337]}
2019/04/20-19:51:06.798631 7f9d69df2700 [db/db_impl_open.cc:551] Recovering log #1330 mode 2
2019/04/20-19:51:07.327872 7f9d69df2700 [db/db_impl_open.cc:551] Recovering log #1336 mode 2
2019/04/20-19:51:07.883997 7f9d69df2700 EVENT_LOG_v1 {"time_micros": 1555815067883969, "cf_name": "usertable", "job": 1, "event": "table_file_creation", "file_number": 1337, "file_size": 129902324, "table_properties": {"data_size": 129321395, "index_size": 580007, "filter_size": 0, "raw_key_size": 752760, "raw_average_key_size": 24, "raw_value_size": 128471040, "raw_average_value_size": 4096, "num_data_blocks": 15683, "num_entries": 31365, "filter_policy_name": "", "kDeletedKeys": "0", "kMergeOperands": "0"}}
2019/04/20-19:51:08.384872 7f9d69df2700 [db/db_impl_open.cc:551] Recovering log #1337 mode 2
2019/04/20-19:51:08.473075 7f9d69df2700 [db/version_set.cc:2847] Creating manifest 1339
2019/04/20-19:51:08.990141 7f9d69df2700 EVENT_LOG_v1 {"time_micros": 1555815068990112, "cf_name": "usertable", "job": 1, "event": "table_file_creation", "file_number": 1340, "file_size": 127261432, "table_properties": {"data_size": 126695681, "index_size": 564829, "filter_size": 0, "raw_key_size": 737496, "raw_average_key_size": 24, "raw_value_size": 125865984, "raw_average_value_size": 4096, "num_data_blocks": 15365, "num_entries": 30729, "filter_policy_name": "", "kDeletedKeys": "0", "kMergeOperands": "0"}}
2019/04/20-19:51:09.006677 7f9d69df2700 EVENT_LOG_v1 {"time_micros": 1555815069006668, "job": 1, "event": "recovery_finished"}
2019/04/20-19:51:09.072324 7f9d69df2700 [db/db_impl_open.cc:1219] DB pointer 0x7f9c983b09f0
2019/04/20-19:51:09.072750 7f9d43fff700 [WARN] [db/db_impl.cc:491] ------- DUMPING STATS -------
2019/04/20-19:51:09.072817 7f9d43fff700 [WARN] [db/db_impl.cc:492] 
** DB Stats **
Uptime(secs): 3.0 total, 3.0 interval
Cumulative writes: 0 writes, 0 keys, 0 commit groups, 0.0 writes per commit group, ingest: 0.00 GB, 0.00 MB/s
Cumulative WAL: 0 writes, 0 syncs, 0.00 writes per sync, written: 0.00 GB, 0.00 MB/s
Cumulative stall: 00:00:0.000 H:M:S, 0.0 percent
Interval writes: 0 writes, 0 keys, 0 commit groups, 0.0 writes per commit group, ingest: 0.00 MB, 0.00 MB/s
Interval WAL: 0 writes, 0 syncs, 0.00 writes per sync, written: 0.00 MB, 0.00 MB/s
Interval stall: 00:00:0.000 H:M:S, 0.0 percent

** Compaction Stats [default] **
Level    Files   Size     Score Read(GB)  Rn(GB) Rnp1(GB) Write(GB) Wnew(GB) Moved(GB) W-Amp Rd(MB/s) Wr(MB/s) Comp(sec) Comp(cnt) Avg(sec) KeyIn KeyDrop
----------------------------------------------------------------------------------------------------------------------------------------------------------
 Sum      0/0    0.00 KB   0.0      0.0     0.0      0.0       0.0      0.0       0.0   0.0      0.0      0.0         0         0    0.000       0      0
 Int      0/0    0.00 KB   0.0      0.0     0.0      0.0       0.0      0.0       0.0   0.0      0.0      0.0         0         0    0.000       0      0
Uptime(secs): 3.0 total, 3.0 interval
Flush(GB): cumulative 0.000, interval 0.000
AddFile(GB): cumulative 0.000, interval 0.000
AddFile(Total Files): cumulative 0, interval 0
AddFile(L0 Files): cumulative 0, interval 0
AddFile(Keys): cumulative 0, interval 0
Cumulative compaction: 0.00 GB write, 0.00 MB/s write, 0.00 GB read, 0.00 MB/s read, 0.0 seconds
Interval compaction: 0.00 GB write, 0.00 MB/s write, 0.00 GB read, 0.00 MB/s read, 0.0 seconds
Stalls(count): 0 level0_slowdown, 0 level0_slowdown_with_compaction, 0 level0_numfiles, 0 level0_numfiles_with_compaction, 0 stop for pending_compaction_bytes, 0 slowdown for pending_compaction_bytes, 0 memtable_compaction, 0 memtable_slowdown, interval 0 total count

** File Read Latency Histogram By Level [default] **

** Compaction Stats [usertable] **
Level    Files   Size     Score Read(GB)  Rn(GB) Rnp1(GB) Write(GB) Wnew(GB) Moved(GB) W-Amp Rd(MB/s) Wr(MB/s) Comp(sec) Comp(cnt) Avg(sec) KeyIn KeyDrop
----------------------------------------------------------------------------------------------------------------------------------------------------------
  L0      3/0   440.35 MB   1.5      0.0     0.0      0.0       0.2      0.2       0.0   1.0      0.0    244.8         1         2    0.501       0      0
  L1      8/0   459.63 MB   0.9      0.0     0.0      0.0       0.0      0.0       0.0   0.0      0.0      0.0         0         0    0.000       0      0
  L2    192/0    4.99 GB   1.0      0.0     0.0      0.0       0.0      0.0       0.0   0.0      0.0      0.0         0         0    0.000       0      0
  L3    548/0   34.31 GB   0.7      0.0     0.0      0.0       0.0      0.0       0.0   0.0      0.0      0.0         0         0    0.000       0      0
 Sum    751/0   40.18 GB   0.0      0.0     0.0      0.0       0.2      0.2       0.0   1.0      0.0    244.8         1         2    0.501       0      0
 Int      0/0    0.00 KB   0.0      0.0     0.0      0.0       0.2      0.2       0.0   1.0      0.0    244.8         1         2    0.501       0      0
Uptime(secs): 3.0 total, 3.0 interval
Flush(GB): cumulative 0.240, interval 0.240
AddFile(GB): cumulative 0.000, interval 0.000
AddFile(Total Files): cumulative 0, interval 0
AddFile(L0 Files): cumulative 0, interval 0
AddFile(Keys): cumulative 0, interval 0
Cumulative compaction: 0.24 GB write, 82.45 MB/s write, 0.00 GB read, 0.00 MB/s read, 1.0 seconds
Interval compaction: 0.24 GB write, 82.45 MB/s write, 0.00 GB read, 0.00 MB/s read, 1.0 seconds
Stalls(count): 0 level0_slowdown, 0 level0_slowdown_with_compaction, 0 level0_numfiles, 0 level0_numfiles_with_compaction, 0 stop for pending_compaction_bytes, 0 slowdown for pending_compaction_bytes, 0 memtable_compaction, 0 memtable_slowdown, interval 0 total count

** File Read Latency Histogram By Level [usertable] **

** Compaction Stats [default] **
Level    Files   Size     Score Read(GB)  Rn(GB) Rnp1(GB) Write(GB) Wnew(GB) Moved(GB) W-Amp Rd(MB/s) Wr(MB/s) Comp(sec) Comp(cnt) Avg(sec) KeyIn KeyDrop
----------------------------------------------------------------------------------------------------------------------------------------------------------
 Sum      0/0    0.00 KB   0.0      0.0     0.0      0.0       0.0      0.0       0.0   0.0      0.0      0.0         0         0    0.000       0      0
 Int      0/0    0.00 KB   0.0      0.0     0.0      0.0       0.0      0.0       0.0   0.0      0.0      0.0         0         0    0.000       0      0
Uptime(secs): 3.0 total, 0.0 interval
Flush(GB): cumulative 0.000, interval 0.000
AddFile(GB): cumulative 0.000, interval 0.000
AddFile(Total Files): cumulative 0, interval 0
AddFile(L0 Files): cumulative 0, interval 0
AddFile(Keys): cumulative 0, interval 0
Cumulative compaction: 0.00 GB write, 0.00 MB/s write, 0.00 GB read, 0.00 MB/s read, 0.0 seconds
Interval compaction: 0.00 GB write, 0.00 MB/s write, 0.00 GB read, 0.00 MB/s read, 0.0 seconds
Stalls(count): 0 level0_slowdown, 0 level0_slowdown_with_compaction, 0 level0_numfiles, 0 level0_numfiles_with_compaction, 0 stop for pending_compaction_bytes, 0 slowdown for pending_compaction_bytes, 0 memtable_compaction, 0 memtable_slowdown, interval 0 total count

** File Read Latency Histogram By Level [default] **

** Compaction Stats [usertable] **
Level    Files   Size     Score Read(GB)  Rn(GB) Rnp1(GB) Write(GB) Wnew(GB) Moved(GB) W-Amp Rd(MB/s) Wr(MB/s) Comp(sec) Comp(cnt) Avg(sec) KeyIn KeyDrop
----------------------------------------------------------------------------------------------------------------------------------------------------------
  L0      3/0   440.35 MB   1.5      0.0     0.0      0.0       0.2      0.2       0.0   1.0      0.0    244.8         1         2    0.501       0      0
  L1      8/0   459.63 MB   0.9      0.0     0.0      0.0       0.0      0.0       0.0   0.0      0.0      0.0         0         0    0.000       0      0
  L2    192/0    4.99 GB   1.0      0.0     0.0      0.0       0.0      0.0       0.0   0.0      0.0      0.0         0         0    0.000       0      0
  L3    548/0   34.31 GB   0.7      0.0     0.0      0.0       0.0      0.0       0.0   0.0      0.0      0.0         0         0    0.000       0      0
 Sum    751/0   40.18 GB   0.0      0.0     0.0      0.0       0.2      0.2       0.0   1.0      0.0    244.8         1         2    0.501       0      0
 Int      0/0    0.00 KB   0.0      0.0     0.0      0.0       0.0      0.0       0.0   0.0      0.0      0.0         0         0    0.000       0      0
Uptime(secs): 3.0 total, 0.0 interval
Flush(GB): cumulative 0.240, interval 0.000
AddFile(GB): cumulative 0.000, interval 0.000
AddFile(Total Files): cumulative 0, interval 0
AddFile(L0 Files): cumulative 0, interval 0
AddFile(Keys): cumulative 0, interval 0
Cumulative compaction: 0.24 GB write, 82.45 MB/s write, 0.00 GB read, 0.00 MB/s read, 1.0 seconds
Interval compaction: 0.00 GB write, 0.00 MB/s write, 0.00 GB read, 0.00 MB/s read, 0.0 seconds
Stalls(count): 0 level0_slowdown, 0 level0_slowdown_with_compaction, 0 level0_numfiles, 0 level0_numfiles_with_compaction, 0 stop for pending_compaction_bytes, 0 slowdown for pending_compaction_bytes, 0 memtable_compaction, 0 memtable_slowdown, interval 0 total count

** File Read Latency Histogram By Level [usertable] **
2019/04/20-19:51:09.090664 7f9d43fff700 (Original Log Time 2019/04/20-19:51:09.072978) [db/db_impl_compaction_flush.cc:1835] [usertable] Moving #1247 to level-1 204575577 bytes
2019/04/20-19:51:09.090670 7f9d43fff700 (Original Log Time 2019/04/20-19:51:09.090568) EVENT_LOG_v1 {"time_micros": 1555815069090554, "job": 3, "event": "trivial_move", "destination_level": 1, "files": 1, "total_files_size": 204575577}
2019/04/20-19:51:09.090673 7f9d43fff700 (Original Log Time 2019/04/20-19:51:09.090587) [db/db_impl_compaction_flush.cc:1864] [usertable] Moved #1 files to level-1 204575577 bytes OK: base level 1 max bytes base 536870912 files[2 9 192 548 0 0 0] max score 1.28
2019/04/20-19:51:09.090763 7f9d43fff700 [db/compaction_job.cc:1531] [usertable] [JOB 4] Compacting 1@1 files to L2, score 1.28
2019/04/20-19:51:09.090771 7f9d43fff700 [db/compaction_job.cc:1535] [usertable] Compaction start summary: Base version 6 Base level 1, inputs: [1247(195MB)]
2019/04/20-19:51:09.090800 7f9d43fff700 EVENT_LOG_v1 {"time_micros": 1555815069090778, "job": 4, "event": "compaction_started", "compaction_reason": "LevelMaxLevelSize", "files_L1": [1247], "score": 1.27878, "input_data_size": 204575577}
2019/04/20-19:51:09.954217 7f9d43fff700 [db/compaction_job.cc:1211] [usertable] [JOB 4] Generated table #1344: 16279 keys, 67233526 bytes
2019/04/20-19:51:09.954287 7f9d43fff700 EVENT_LOG_v1 {"time_micros": 1555815069954252, "cf_name": "usertable", "job": 4, "event": "table_file_creation", "file_number": 1344, "file_size": 67233526, "table_properties": {"data_size": 67120141, "index_size": 300916, "filter_size": 0, "raw_key_size": 390696, "raw_average_key_size": 24, "raw_value_size": 66678784, "raw_average_value_size": 4096, "num_data_blocks": 8140, "num_entries": 16279, "filter_policy_name": "", "kDeletedKeys": "0", "kMergeOperands": "0"}}
2019/04/20-19:51:10.989701 7f9d43fff700 [db/compaction_job.cc:1211] [usertable] [JOB 4] Generated table #1345: 16279 keys, 67233341 bytes
2019/04/20-19:51:10.989758 7f9d43fff700 EVENT_LOG_v1 {"time_micros": 1555815070989733, "cf_name": "usertable", "job": 4, "event": "table_file_creation", "file_number": 1345, "file_size": 67233341, "table_properties": {"data_size": 67118331, "index_size": 299108, "filter_size": 0, "raw_key_size": 390696, "raw_average_key_size": 24, "raw_value_size": 66678784, "raw_average_value_size": 4096, "num_data_blocks": 8140, "num_entries": 16279, "filter_policy_name": "", "kDeletedKeys": "0", "kMergeOperands": "0"}}
2019/04/20-19:51:12.523380 7f9d43fff700 [db/compaction_job.cc:1211] [usertable] [JOB 4] Generated table #1346: 16279 keys, 67233545 bytes
2019/04/20-19:51:12.523438 7f9d43fff700 EVENT_LOG_v1 {"time_micros": 1555815072523409, "cf_name": "usertable", "job": 4, "event": "table_file_creation", "file_number": 1346, "file_size": 67233545, "table_properties": {"data_size": 67120140, "index_size": 300916, "filter_size": 0, "raw_key_size": 390696, "raw_average_key_size": 24, "raw_value_size": 66678784, "raw_average_value_size": 4096, "num_data_blocks": 8140, "num_entries": 16279, "filter_policy_name": "", "kDeletedKeys": "0", "kMergeOperands": "0"}}
2019/04/20-19:51:12.601846 7f9d43fff700 [db/compaction_job.cc:1211] [usertable] [JOB 4] Generated table #1347: 558 keys, 2305468 bytes
2019/04/20-19:51:12.601901 7f9d43fff700 EVENT_LOG_v1 {"time_micros": 1555815072601879, "cf_name": "usertable", "job": 4, "event": "table_file_creation", "file_number": 1347, "file_size": 2305468, "table_properties": {"data_size": 2300634, "index_size": 9997, "filter_size": 0, "raw_key_size": 13392, "raw_average_key_size": 24, "raw_value_size": 2285568, "raw_average_value_size": 4096, "num_data_blocks": 279, "num_entries": 558, "filter_policy_name": "", "kDeletedKeys": "0", "kMergeOperands": "0"}}
2019/04/20-19:51:12.601982 7f9d43fff700 [db/compaction_job.cc:1287] [usertable] [JOB 4] Compacted 1@1 files to L2 => 204005880 bytes
2019/04/20-19:51:12.620174 7f9d43fff700 (Original Log Time 2019/04/20-19:51:12.620026) [db/compaction_job.cc:685] [usertable] compacted to: base level 1 max bytes base 536870912 files[2 8 196 548 0 0 0] max score 1.04, MB/sec: 58.3 rd, 58.1 wr, level 2, files in(1, 0) out(4) MB in(195.1, 0.0) out(194.6), read-write-amplify(2.0) write-amplify(1.0) OK, records in: 49395, records dropped: 0 output_compression: LZ4
2019/04/20-19:51:12.620183 7f9d43fff700 (Original Log Time 2019/04/20-19:51:12.620079) EVENT_LOG_v1 {"time_micros": 1555815072620058, "job": 4, "event": "compaction_finished", "compaction_time_micros": 3511137, "output_level": 2, "num_output_files": 4, "total_output_size": 204005880, "num_input_records": 49395, "num_output_records": 49395, "num_subcompactions": 1, "output_compression": "LZ4", "num_single_delete_mismatches": 0, "num_single_delete_fallthrough": 0, "lsm_state": [2, 8, 196, 548, 0, 0, 0]}
2019/04/20-19:51:12.639930 7f9d5bfff700 (Original Log Time 2019/04/20-19:51:12.620391) [db/db_impl_compaction_flush.cc:1835] [usertable] Moving #1346 to level-3 67233545 bytes
2019/04/20-19:51:12.639936 7f9d5bfff700 (Original Log Time 2019/04/20-19:51:12.639831) EVENT_LOG_v1 {"time_micros": 1555815072639818, "job": 5, "event": "trivial_move", "destination_level": 3, "files": 1, "total_files_size": 67233545}
2019/04/20-19:51:12.639938 7f9d5bfff700 (Original Log Time 2019/04/20-19:51:12.639849) [db/db_impl_compaction_flush.cc:1864] [usertable] Moved #1 files to level-3 67233545 bytes OK: base level 1 max bytes base 536870912 files[2 8 195 549 0 0 0] max score 1.02
2019/04/20-19:51:12.659891 7f9d5bfff700 EVENT_LOG_v1 {"time_micros": 1555815072659877, "job": 5, "event": "table_file_deletion", "file_number": 1247}
2019/04/20-19:51:12.677737 7f9d5bfff700 (Original Log Time 2019/04/20-19:51:12.660059) [db/db_impl_compaction_flush.cc:1835] [usertable] Moving #1344 to level-3 67233526 bytes
2019/04/20-19:51:12.677743 7f9d5bfff700 (Original Log Time 2019/04/20-19:51:12.677660) EVENT_LOG_v1 {"time_micros": 1555815072677649, "job": 6, "event": "trivial_move", "destination_level": 3, "files": 1, "total_files_size": 67233526}
2019/04/20-19:51:12.677745 7f9d5bfff700 (Original Log Time 2019/04/20-19:51:12.677672) [db/db_impl_compaction_flush.cc:1864] [usertable] Moved #1 files to level-3 67233526 bytes OK: base level 1 max bytes base 536870912 files[2 8 194 550 0 0 0] max score 1.01
2019/04/20-19:51:12.695317 7f9d5bfff700 (Original Log Time 2019/04/20-19:51:12.678057) [db/db_impl_compaction_flush.cc:1835] [usertable] Moving #1345 to level-3 67233341 bytes
2019/04/20-19:51:12.695324 7f9d5bfff700 (Original Log Time 2019/04/20-19:51:12.695227) EVENT_LOG_v1 {"time_micros": 1555815072695215, "job": 7, "event": "trivial_move", "destination_level": 3, "files": 1, "total_files_size": 67233341}
2019/04/20-19:51:12.695328 7f9d5bfff700 (Original Log Time 2019/04/20-19:51:12.695244) [db/db_impl_compaction_flush.cc:1864] [usertable] Moved #1 files to level-3 67233341 bytes OK: base level 1 max bytes base 536870912 files[2 8 193 551 0 0 0] max score 1.00
2019/04/20-19:51:12.713985 7f9d5a7fc700 (Original Log Time 2019/04/20-19:51:12.695608) [db/db_impl_compaction_flush.cc:1835] [usertable] Moving #1337 to level-1 129902324 bytes
