2019/04/20-21:01:57.253671 7fd8811e6700 RocksDB version: 5.14.3
2019/04/20-21:01:57.253729 7fd8811e6700 Git sha rocksdb_build_git_sha:
2019/04/20-21:01:57.253733 7fd8811e6700 Compile date Oct  9 2018
2019/04/20-21:01:57.253742 7fd8811e6700 DB SUMMARY
2019/04/20-21:01:57.253769 7fd8811e6700 SST files in /mnt/sdc/ycsb-rocksdb-data dir, Total Num: 0, files: 
2019/04/20-21:01:57.253774 7fd8811e6700 Write Ahead Log file in /mnt/sdc/ycsb-rocksdb-data: 
2019/04/20-21:01:57.253777 7fd8811e6700                         Options.error_if_exists: 0
2019/04/20-21:01:57.253778 7fd8811e6700                       Options.create_if_missing: 1
2019/04/20-21:01:57.253779 7fd8811e6700                         Options.paranoid_checks: 1
2019/04/20-21:01:57.253780 7fd8811e6700                                     Options.env: 0x7fd880ecf080
2019/04/20-21:01:57.253781 7fd8811e6700                                Options.info_log: 0x7fd7d03bb8a0
2019/04/20-21:01:57.253782 7fd8811e6700                Options.max_file_opening_threads: 16
2019/04/20-21:01:57.253783 7fd8811e6700                              Options.statistics: (nil)
2019/04/20-21:01:57.253784 7fd8811e6700                               Options.use_fsync: 0
2019/04/20-21:01:57.253785 7fd8811e6700                       Options.max_log_file_size: 0
2019/04/20-21:01:57.253786 7fd8811e6700                  Options.max_manifest_file_size: 18446744073709551615
2019/04/20-21:01:57.253787 7fd8811e6700                   Options.log_file_time_to_roll: 0
2019/04/20-21:01:57.253788 7fd8811e6700                       Options.keep_log_file_num: 1000
2019/04/20-21:01:57.253789 7fd8811e6700                    Options.recycle_log_file_num: 0
2019/04/20-21:01:57.253790 7fd8811e6700                         Options.allow_fallocate: 1
2019/04/20-21:01:57.253790 7fd8811e6700                        Options.allow_mmap_reads: 0
2019/04/20-21:01:57.253791 7fd8811e6700                       Options.allow_mmap_writes: 0
2019/04/20-21:01:57.253792 7fd8811e6700                        Options.use_direct_reads: 0
2019/04/20-21:01:57.253793 7fd8811e6700                        Options.use_direct_io_for_flush_and_compaction: 0
2019/04/20-21:01:57.253794 7fd8811e6700          Options.create_missing_column_families: 1
2019/04/20-21:01:57.253795 7fd8811e6700                              Options.db_log_dir: 
2019/04/20-21:01:57.253796 7fd8811e6700                                 Options.wal_dir: /mnt/sdc/ycsb-rocksdb-data
2019/04/20-21:01:57.253797 7fd8811e6700                Options.table_cache_numshardbits: 6
2019/04/20-21:01:57.253798 7fd8811e6700                      Options.max_subcompactions: 4
2019/04/20-21:01:57.253799 7fd8811e6700                  Options.max_background_flushes: 24
2019/04/20-21:01:57.253799 7fd8811e6700                         Options.WAL_ttl_seconds: 0
2019/04/20-21:01:57.253800 7fd8811e6700                       Options.WAL_size_limit_MB: 0
2019/04/20-21:01:57.253801 7fd8811e6700             Options.manifest_preallocation_size: 4194304
2019/04/20-21:01:57.253802 7fd8811e6700                     Options.is_fd_close_on_exec: 1
2019/04/20-21:01:57.253803 7fd8811e6700                   Options.advise_random_on_open: 1
2019/04/20-21:01:57.253804 7fd8811e6700                    Options.db_write_buffer_size: 0
2019/04/20-21:01:57.253805 7fd8811e6700                    Options.write_buffer_manager: 0x7fd7d03bb900
2019/04/20-21:01:57.253806 7fd8811e6700         Options.access_hint_on_compaction_start: 1
2019/04/20-21:01:57.253807 7fd8811e6700  Options.new_table_reader_for_compaction_inputs: 0
2019/04/20-21:01:57.253807 7fd8811e6700           Options.random_access_max_buffer_size: 1048576
2019/04/20-21:01:57.253808 7fd8811e6700                      Options.use_adaptive_mutex: 0
2019/04/20-21:01:57.253809 7fd8811e6700                            Options.rate_limiter: (nil)
2019/04/20-21:01:57.253811 7fd8811e6700     Options.sst_file_manager.rate_bytes_per_sec: 0
2019/04/20-21:01:57.253812 7fd8811e6700                       Options.wal_recovery_mode: 2
2019/04/20-21:01:57.253813 7fd8811e6700                  Options.enable_thread_tracking: 0
2019/04/20-21:01:57.253814 7fd8811e6700                  Options.enable_pipelined_write: 1
2019/04/20-21:01:57.253824 7fd8811e6700         Options.allow_concurrent_memtable_write: 1
2019/04/20-21:01:57.253825 7fd8811e6700      Options.enable_write_thread_adaptive_yield: 1
2019/04/20-21:01:57.253826 7fd8811e6700             Options.write_thread_max_yield_usec: 100
2019/04/20-21:01:57.253827 7fd8811e6700            Options.write_thread_slow_yield_usec: 3
2019/04/20-21:01:57.253828 7fd8811e6700                               Options.row_cache: None
2019/04/20-21:01:57.253828 7fd8811e6700                              Options.wal_filter: None
2019/04/20-21:01:57.253830 7fd8811e6700             Options.avoid_flush_during_recovery: 0
2019/04/20-21:01:57.253830 7fd8811e6700             Options.allow_ingest_behind: 0
2019/04/20-21:01:57.253831 7fd8811e6700             Options.preserve_deletes: 0
2019/04/20-21:01:57.253832 7fd8811e6700             Options.two_write_queues: 0
2019/04/20-21:01:57.253833 7fd8811e6700             Options.manual_wal_flush: 0
2019/04/20-21:01:57.253835 7fd8811e6700             Options.max_background_jobs: 24
2019/04/20-21:01:57.253836 7fd8811e6700             Options.max_background_compactions: 24
2019/04/20-21:01:57.253837 7fd8811e6700             Options.avoid_flush_during_shutdown: 0
2019/04/20-21:01:57.253838 7fd8811e6700           Options.writable_file_max_buffer_size: 1048576
2019/04/20-21:01:57.253839 7fd8811e6700             Options.delayed_write_rate : 16777216
2019/04/20-21:01:57.253840 7fd8811e6700             Options.max_total_wal_size: 0
2019/04/20-21:01:57.253841 7fd8811e6700             Options.delete_obsolete_files_period_micros: 21600000000
2019/04/20-21:01:57.253842 7fd8811e6700                   Options.stats_dump_period_sec: 60
2019/04/20-21:01:57.253843 7fd8811e6700                          Options.max_open_files: -1
2019/04/20-21:01:57.253844 7fd8811e6700                          Options.bytes_per_sync: 1048576
2019/04/20-21:01:57.253845 7fd8811e6700                      Options.wal_bytes_per_sync: 0
2019/04/20-21:01:57.253845 7fd8811e6700       Options.compaction_readahead_size: 0
2019/04/20-21:01:57.253846 7fd8811e6700 Compression algorithms supported:
2019/04/20-21:01:57.253848 7fd8811e6700 	kZSTDNotFinalCompression supported: 1
2019/04/20-21:01:57.253856 7fd8811e6700 	kZSTD supported: 1
2019/04/20-21:01:57.253858 7fd8811e6700 	kXpressCompression supported: 0
2019/04/20-21:01:57.253859 7fd8811e6700 	kLZ4HCCompression supported: 1
2019/04/20-21:01:57.253860 7fd8811e6700 	kLZ4Compression supported: 1
2019/04/20-21:01:57.253861 7fd8811e6700 	kBZip2Compression supported: 1
2019/04/20-21:01:57.253862 7fd8811e6700 	kZlibCompression supported: 1
2019/04/20-21:01:57.253863 7fd8811e6700 	kSnappyCompression supported: 1
2019/04/20-21:01:57.253868 7fd8811e6700 Fast CRC32 supported: Not supported on x86
2019/04/20-21:01:57.253942 7fd8811e6700 [db/db_impl_open.cc:222] Creating manifest 1 
2019/04/20-21:01:57.313734 7fd8811e6700 [db/version_set.cc:3085] Recovering from manifest file: MANIFEST-000001
2019/04/20-21:01:57.313810 7fd8811e6700 [db/column_family.cc:475] --------------- Options for column family [default]:
2019/04/20-21:01:57.313831 7fd8811e6700               Options.comparator: leveldb.BytewiseComparator
2019/04/20-21:01:57.313833 7fd8811e6700           Options.merge_operator: None
2019/04/20-21:01:57.313834 7fd8811e6700        Options.compaction_filter: None
2019/04/20-21:01:57.313835 7fd8811e6700        Options.compaction_filter_factory: None
2019/04/20-21:01:57.313836 7fd8811e6700         Options.memtable_factory: SkipListFactory
2019/04/20-21:01:57.313837 7fd8811e6700            Options.table_factory: BlockBasedTable
2019/04/20-21:01:57.313866 7fd8811e6700            table_factory options:   flush_block_policy_factory: FlushBlockBySizePolicyFactory (0x7fd7d03b5a00)
  cache_index_and_filter_blocks: 0
  cache_index_and_filter_blocks_with_high_priority: 0
  pin_l0_filter_and_index_blocks_in_cache: 0
  index_type: 0
  hash_index_allow_collision: 1
  checksum: 1
  no_block_cache: 0
  block_cache: 0x7fd7d03a7cf0
  block_cache_name: LRUCache
  block_cache_options:
    capacity : 8388608
    num_shard_bits : 4
    strict_capacity_limit : 0
    high_pri_pool_ratio: 0.000
  block_cache_compressed: (nil)
  persistent_cache: (nil)
  block_size: 8192
  block_size_deviation: 10
  block_restart_interval: 16
  index_block_restart_interval: 1
  metadata_block_size: 4096
  partition_filters: 0
  use_delta_encoding: 1
  filter_policy: nullptr
  whole_key_filtering: 1
  verify_compression: 0
  read_amp_bytes_per_bit: 0
  format_version: 2
  enable_index_compression: 1
  block_align: 0
2019/04/20-21:01:57.313893 7fd8811e6700        Options.write_buffer_size: 134217728
2019/04/20-21:01:57.313895 7fd8811e6700  Options.max_write_buffer_number: 24
2019/04/20-21:01:57.313897 7fd8811e6700        Options.compression[0]: NoCompression
2019/04/20-21:01:57.313899 7fd8811e6700        Options.compression[1]: NoCompression
2019/04/20-21:01:57.313900 7fd8811e6700        Options.compression[2]: LZ4
2019/04/20-21:01:57.313901 7fd8811e6700        Options.compression[3]: LZ4
2019/04/20-21:01:57.313902 7fd8811e6700        Options.compression[4]: LZ4
2019/04/20-21:01:57.313903 7fd8811e6700        Options.compression[5]: LZ4
2019/04/20-21:01:57.313903 7fd8811e6700        Options.compression[6]: LZ4
2019/04/20-21:01:57.313904 7fd8811e6700                  Options.bottommost_compression: Disabled
2019/04/20-21:01:57.313905 7fd8811e6700       Options.prefix_extractor: nullptr
2019/04/20-21:01:57.313906 7fd8811e6700   Options.memtable_insert_with_hint_prefix_extractor: nullptr
2019/04/20-21:01:57.313907 7fd8811e6700             Options.num_levels: 7
2019/04/20-21:01:57.313908 7fd8811e6700        Options.min_write_buffer_number_to_merge: 2
2019/04/20-21:01:57.313909 7fd8811e6700     Options.max_write_buffer_number_to_maintain: 0
2019/04/20-21:01:57.313910 7fd8811e6700            Options.compression_opts.window_bits: -14
2019/04/20-21:01:57.313911 7fd8811e6700                  Options.compression_opts.level: -1
2019/04/20-21:01:57.313911 7fd8811e6700               Options.compression_opts.strategy: 0
2019/04/20-21:01:57.313912 7fd8811e6700         Options.compression_opts.max_dict_bytes: 0
2019/04/20-21:01:57.313913 7fd8811e6700         Options.compression_opts.zstd_max_train_bytes: 0
2019/04/20-21:01:57.313914 7fd8811e6700      Options.level0_file_num_compaction_trigger: 2
2019/04/20-21:01:57.313915 7fd8811e6700          Options.level0_slowdown_writes_trigger: 20
2019/04/20-21:01:57.313916 7fd8811e6700              Options.level0_stop_writes_trigger: 36
2019/04/20-21:01:57.313916 7fd8811e6700                   Options.target_file_size_base: 67108864
2019/04/20-21:01:57.313917 7fd8811e6700             Options.target_file_size_multiplier: 1
2019/04/20-21:01:57.313918 7fd8811e6700                Options.max_bytes_for_level_base: 536870912
2019/04/20-21:01:57.313919 7fd8811e6700 Options.level_compaction_dynamic_level_bytes: 0
2019/04/20-21:01:57.313920 7fd8811e6700          Options.max_bytes_for_level_multiplier: 10.000000
2019/04/20-21:01:57.313922 7fd8811e6700 Options.max_bytes_for_level_multiplier_addtl[0]: 1
2019/04/20-21:01:57.313923 7fd8811e6700 Options.max_bytes_for_level_multiplier_addtl[1]: 1
2019/04/20-21:01:57.313924 7fd8811e6700 Options.max_bytes_for_level_multiplier_addtl[2]: 1
2019/04/20-21:01:57.313925 7fd8811e6700 Options.max_bytes_for_level_multiplier_addtl[3]: 1
2019/04/20-21:01:57.313926 7fd8811e6700 Options.max_bytes_for_level_multiplier_addtl[4]: 1
2019/04/20-21:01:57.313927 7fd8811e6700 Options.max_bytes_for_level_multiplier_addtl[5]: 1
2019/04/20-21:01:57.313927 7fd8811e6700 Options.max_bytes_for_level_multiplier_addtl[6]: 1
2019/04/20-21:01:57.313928 7fd8811e6700       Options.max_sequential_skip_in_iterations: 8
2019/04/20-21:01:57.313929 7fd8811e6700                    Options.max_compaction_bytes: 1677721600
2019/04/20-21:01:57.313930 7fd8811e6700                        Options.arena_block_size: 16777216
2019/04/20-21:01:57.313931 7fd8811e6700   Options.soft_pending_compaction_bytes_limit: 68719476736
2019/04/20-21:01:57.313932 7fd8811e6700   Options.hard_pending_compaction_bytes_limit: 274877906944
2019/04/20-21:01:57.313983 7fd8811e6700       Options.rate_limit_delay_max_milliseconds: 100
2019/04/20-21:01:57.313985 7fd8811e6700                Options.disable_auto_compactions: 0
2019/04/20-21:01:57.313987 7fd8811e6700                        Options.compaction_style: kCompactionStyleLevel
2019/04/20-21:01:57.313988 7fd8811e6700                          Options.compaction_pri: kByCompensatedSize
2019/04/20-21:01:57.313989 7fd8811e6700 Options.compaction_options_universal.size_ratio: 1
2019/04/20-21:01:57.313990 7fd8811e6700 Options.compaction_options_universal.min_merge_width: 2
2019/04/20-21:01:57.313991 7fd8811e6700 Options.compaction_options_universal.max_merge_width: 4294967295
2019/04/20-21:01:57.313992 7fd8811e6700 Options.compaction_options_universal.max_size_amplification_percent: 200
2019/04/20-21:01:57.313993 7fd8811e6700 Options.compaction_options_universal.compression_size_percent: -1
2019/04/20-21:01:57.314006 7fd8811e6700 Options.compaction_options_universal.stop_style: kCompactionStopStyleTotalSize
2019/04/20-21:01:57.314008 7fd8811e6700 Options.compaction_options_fifo.max_table_files_size: 1073741824
2019/04/20-21:01:57.314009 7fd8811e6700 Options.compaction_options_fifo.allow_compaction: 0
2019/04/20-21:01:57.314009 7fd8811e6700 Options.compaction_options_fifo.ttl: 0
2019/04/20-21:01:57.314010 7fd8811e6700                   Options.table_properties_collectors: 
2019/04/20-21:01:57.314011 7fd8811e6700                   Options.inplace_update_support: 0
2019/04/20-21:01:57.314012 7fd8811e6700                 Options.inplace_update_num_locks: 10000
2019/04/20-21:01:57.314013 7fd8811e6700               Options.memtable_prefix_bloom_size_ratio: 0.000000
2019/04/20-21:01:57.314015 7fd8811e6700   Options.memtable_huge_page_size: 0
2019/04/20-21:01:57.314016 7fd8811e6700                           Options.bloom_locality: 0
2019/04/20-21:01:57.314016 7fd8811e6700                    Options.max_successive_merges: 0
2019/04/20-21:01:57.314017 7fd8811e6700                Options.optimize_filters_for_hits: 0
2019/04/20-21:01:57.314018 7fd8811e6700                Options.paranoid_file_checks: 0
2019/04/20-21:01:57.314019 7fd8811e6700                Options.force_consistency_checks: 0
2019/04/20-21:01:57.314020 7fd8811e6700                Options.report_bg_io_stats: 0
2019/04/20-21:01:57.314021 7fd8811e6700                               Options.ttl: 0
2019/04/20-21:01:57.314545 7fd8811e6700 [db/version_set.cc:3361] Recovered from manifest file:/mnt/sdc/ycsb-rocksdb-data/MANIFEST-000001 succeeded,manifest_file_number is 1, next_file_number is 3, last_sequence is 0, log_number is 0,prev_log_number is 0,max_column_family is 0,min_log_number_to_keep is 0
2019/04/20-21:01:57.314552 7fd8811e6700 [db/version_set.cc:3369] Column family [default] (ID 0), log number is 0
2019/04/20-21:01:57.314722 7fd8811e6700 [db/version_set.cc:2847] Creating manifest 4
2019/04/20-21:01:57.360202 7fd8811e6700 [db/column_family.cc:475] --------------- Options for column family [usertable]:
2019/04/20-21:01:57.360206 7fd8811e6700               Options.comparator: leveldb.BytewiseComparator
2019/04/20-21:01:57.360207 7fd8811e6700           Options.merge_operator: None
2019/04/20-21:01:57.360208 7fd8811e6700        Options.compaction_filter: None
2019/04/20-21:01:57.360209 7fd8811e6700        Options.compaction_filter_factory: None
2019/04/20-21:01:57.360210 7fd8811e6700         Options.memtable_factory: SkipListFactory
2019/04/20-21:01:57.360211 7fd8811e6700            Options.table_factory: BlockBasedTable
2019/04/20-21:01:57.360237 7fd8811e6700            table_factory options:   flush_block_policy_factory: FlushBlockBySizePolicyFactory (0x7fd7d03b7110)
  cache_index_and_filter_blocks: 0
  cache_index_and_filter_blocks_with_high_priority: 0
  pin_l0_filter_and_index_blocks_in_cache: 0
  index_type: 0
  hash_index_allow_collision: 1
  checksum: 1
  no_block_cache: 0
  block_cache: 0x7fd7d03b7600
  block_cache_name: LRUCache
  block_cache_options:
    capacity : 8388608
    num_shard_bits : 4
    strict_capacity_limit : 0
    high_pri_pool_ratio: 0.000
  block_cache_compressed: (nil)
  persistent_cache: (nil)
  block_size: 8192
  block_size_deviation: 10
  block_restart_interval: 16
  index_block_restart_interval: 1
  metadata_block_size: 4096
  partition_filters: 0
  use_delta_encoding: 1
  filter_policy: nullptr
  whole_key_filtering: 1
  verify_compression: 0
  read_amp_bytes_per_bit: 0
  format_version: 2
  enable_index_compression: 1
  block_align: 0
2019/04/20-21:01:57.360240 7fd8811e6700        Options.write_buffer_size: 134217728
2019/04/20-21:01:57.360241 7fd8811e6700  Options.max_write_buffer_number: 24
2019/04/20-21:01:57.360242 7fd8811e6700        Options.compression[0]: NoCompression
2019/04/20-21:01:57.360243 7fd8811e6700        Options.compression[1]: NoCompression
2019/04/20-21:01:57.360245 7fd8811e6700        Options.compression[2]: LZ4
2019/04/20-21:01:57.360246 7fd8811e6700        Options.compression[3]: LZ4
2019/04/20-21:01:57.360247 7fd8811e6700        Options.compression[4]: LZ4
2019/04/20-21:01:57.360247 7fd8811e6700        Options.compression[5]: LZ4
2019/04/20-21:01:57.360248 7fd8811e6700        Options.compression[6]: LZ4
2019/04/20-21:01:57.360249 7fd8811e6700                  Options.bottommost_compression: Disabled
2019/04/20-21:01:57.360250 7fd8811e6700       Options.prefix_extractor: nullptr
2019/04/20-21:01:57.360251 7fd8811e6700   Options.memtable_insert_with_hint_prefix_extractor: nullptr
2019/04/20-21:01:57.360252 7fd8811e6700             Options.num_levels: 7
2019/04/20-21:01:57.360253 7fd8811e6700        Options.min_write_buffer_number_to_merge: 2
2019/04/20-21:01:57.360254 7fd8811e6700     Options.max_write_buffer_number_to_maintain: 0
2019/04/20-21:01:57.360255 7fd8811e6700            Options.compression_opts.window_bits: -14
2019/04/20-21:01:57.360255 7fd8811e6700                  Options.compression_opts.level: -1
2019/04/20-21:01:57.360256 7fd8811e6700               Options.compression_opts.strategy: 0
2019/04/20-21:01:57.360257 7fd8811e6700         Options.compression_opts.max_dict_bytes: 0
2019/04/20-21:01:57.360258 7fd8811e6700         Options.compression_opts.zstd_max_train_bytes: 0
2019/04/20-21:01:57.360259 7fd8811e6700      Options.level0_file_num_compaction_trigger: 2
2019/04/20-21:01:57.360260 7fd8811e6700          Options.level0_slowdown_writes_trigger: 20
2019/04/20-21:01:57.360261 7fd8811e6700              Options.level0_stop_writes_trigger: 36
2019/04/20-21:01:57.360261 7fd8811e6700                   Options.target_file_size_base: 67108864
2019/04/20-21:01:57.360262 7fd8811e6700             Options.target_file_size_multiplier: 1
2019/04/20-21:01:57.360263 7fd8811e6700                Options.max_bytes_for_level_base: 536870912
2019/04/20-21:01:57.360264 7fd8811e6700 Options.level_compaction_dynamic_level_bytes: 0
2019/04/20-21:01:57.360265 7fd8811e6700          Options.max_bytes_for_level_multiplier: 10.000000
2019/04/20-21:01:57.360267 7fd8811e6700 Options.max_bytes_for_level_multiplier_addtl[0]: 1
2019/04/20-21:01:57.360277 7fd8811e6700 Options.max_bytes_for_level_multiplier_addtl[1]: 1
2019/04/20-21:01:57.360279 7fd8811e6700 Options.max_bytes_for_level_multiplier_addtl[2]: 1
2019/04/20-21:01:57.360280 7fd8811e6700 Options.max_bytes_for_level_multiplier_addtl[3]: 1
2019/04/20-21:01:57.360281 7fd8811e6700 Options.max_bytes_for_level_multiplier_addtl[4]: 1
2019/04/20-21:01:57.360282 7fd8811e6700 Options.max_bytes_for_level_multiplier_addtl[5]: 1
2019/04/20-21:01:57.360283 7fd8811e6700 Options.max_bytes_for_level_multiplier_addtl[6]: 1
2019/04/20-21:01:57.360283 7fd8811e6700       Options.max_sequential_skip_in_iterations: 8
2019/04/20-21:01:57.360284 7fd8811e6700                    Options.max_compaction_bytes: 1677721600
2019/04/20-21:01:57.360285 7fd8811e6700                        Options.arena_block_size: 16777216
2019/04/20-21:01:57.360286 7fd8811e6700   Options.soft_pending_compaction_bytes_limit: 68719476736
2019/04/20-21:01:57.360287 7fd8811e6700   Options.hard_pending_compaction_bytes_limit: 274877906944
2019/04/20-21:01:57.360288 7fd8811e6700       Options.rate_limit_delay_max_milliseconds: 100
2019/04/20-21:01:57.360289 7fd8811e6700                Options.disable_auto_compactions: 0
2019/04/20-21:01:57.360291 7fd8811e6700                        Options.compaction_style: kCompactionStyleLevel
2019/04/20-21:01:57.360292 7fd8811e6700                          Options.compaction_pri: kByCompensatedSize
2019/04/20-21:01:57.360293 7fd8811e6700 Options.compaction_options_universal.size_ratio: 1
2019/04/20-21:01:57.360294 7fd8811e6700 Options.compaction_options_universal.min_merge_width: 2
2019/04/20-21:01:57.360295 7fd8811e6700 Options.compaction_options_universal.max_merge_width: 4294967295
2019/04/20-21:01:57.360296 7fd8811e6700 Options.compaction_options_universal.max_size_amplification_percent: 200
2019/04/20-21:01:57.360297 7fd8811e6700 Options.compaction_options_universal.compression_size_percent: -1
2019/04/20-21:01:57.360298 7fd8811e6700 Options.compaction_options_universal.stop_style: kCompactionStopStyleTotalSize
2019/04/20-21:01:57.360299 7fd8811e6700 Options.compaction_options_fifo.max_table_files_size: 1073741824
2019/04/20-21:01:57.360300 7fd8811e6700 Options.compaction_options_fifo.allow_compaction: 0
2019/04/20-21:01:57.360301 7fd8811e6700 Options.compaction_options_fifo.ttl: 0
2019/04/20-21:01:57.360301 7fd8811e6700                   Options.table_properties_collectors: 
2019/04/20-21:01:57.360302 7fd8811e6700                   Options.inplace_update_support: 0
2019/04/20-21:01:57.360303 7fd8811e6700                 Options.inplace_update_num_locks: 10000
2019/04/20-21:01:57.360304 7fd8811e6700               Options.memtable_prefix_bloom_size_ratio: 0.000000
2019/04/20-21:01:57.360306 7fd8811e6700   Options.memtable_huge_page_size: 0
2019/04/20-21:01:57.360307 7fd8811e6700                           Options.bloom_locality: 0
2019/04/20-21:01:57.360307 7fd8811e6700                    Options.max_successive_merges: 0
2019/04/20-21:01:57.360308 7fd8811e6700                Options.optimize_filters_for_hits: 0
2019/04/20-21:01:57.360309 7fd8811e6700                Options.paranoid_file_checks: 0
2019/04/20-21:01:57.360310 7fd8811e6700                Options.force_consistency_checks: 0
2019/04/20-21:01:57.360311 7fd8811e6700                Options.report_bg_io_stats: 0
2019/04/20-21:01:57.360312 7fd8811e6700                               Options.ttl: 0
2019/04/20-21:01:57.360354 7fd8811e6700 [db/db_impl.cc:1396] Created column family [usertable] (ID 1)
2019/04/20-21:01:57.409388 7fd8811e6700 [db/db_impl_open.cc:1219] DB pointer 0x7fd7d03b8f50
2019/04/20-21:02:06.268671 7fd8687f8700 [db/db_impl_write.cc:1373] [usertable] New memtable created with log file: #9. Immutable memtables: 0.
2019/04/20-21:02:15.083548 7fd8783f9700 [db/db_impl_write.cc:1373] [usertable] New memtable created with log file: #10. Immutable memtables: 1.
2019/04/20-21:02:15.083698 7fd77f7fe700 [db/db_impl_compaction_flush.cc:80] [JOB 2] Syncing log #3
2019/04/20-21:02:15.335237 7fd77f7fe700 [db/db_impl_compaction_flush.cc:80] [JOB 2] Syncing log #9
2019/04/20-21:02:15.854146 7fd77f7fe700 (Original Log Time 2019/04/20-21:02:15.083653) [db/db_impl_compaction_flush.cc:1424] Calling FlushMemTableToOutputFile with column family [usertable], flush slots available 24, compaction slots available 1, flush slots scheduled 1, compaction slots scheduled 0
2019/04/20-21:02:15.854159 7fd77f7fe700 [db/flush_job.cc:301] [usertable] [JOB 2] Flushing memtable with next log file: 9
2019/04/20-21:02:15.854170 7fd77f7fe700 [db/flush_job.cc:301] [usertable] [JOB 2] Flushing memtable with next log file: 10
2019/04/20-21:02:15.854220 7fd77f7fe700 EVENT_LOG_v1 {"time_micros": 1555819335854195, "job": 2, "event": "flush_started", "num_memtables": 2, "num_entries": 61850, "num_deletes": 0, "memory_usage": 256385144, "flush_reason": "Write Buffer Full"}
2019/04/20-21:02:15.854229 7fd77f7fe700 [db/flush_job.cc:331] [usertable] [JOB 2] Level-0 flush table #11: started
2019/04/20-21:02:18.215741 7fd77f7fe700 EVENT_LOG_v1 {"time_micros": 1555819338215717, "cf_name": "usertable", "job": 2, "event": "table_file_creation", "file_number": 11, "file_size": 256145569, "table_properties": {"data_size": 255007550, "index_size": 1137092, "filter_size": 0, "raw_key_size": 1484400, "raw_average_key_size": 24, "raw_value_size": 253337600, "raw_average_value_size": 4096, "num_data_blocks": 30925, "num_entries": 61850, "filter_policy_name": "", "kDeletedKeys": "0", "kMergeOperands": "0"}}
2019/04/20-21:02:18.215771 7fd77f7fe700 [db/flush_job.cc:371] [usertable] [JOB 2] Level-0 flush table #11: 256145569 bytes OK
2019/04/20-21:02:18.260252 7fd77f7fe700 (Original Log Time 2019/04/20-21:02:18.215788) [db/memtable_list.cc:377] [usertable] Level-0 commit table #11 started
2019/04/20-21:02:18.260255 7fd77f7fe700 (Original Log Time 2019/04/20-21:02:18.260189) [db/memtable_list.cc:409] [usertable] Level-0 commit table #11: memtable #1 done
2019/04/20-21:02:18.260257 7fd77f7fe700 (Original Log Time 2019/04/20-21:02:18.260194) [db/memtable_list.cc:409] [usertable] Level-0 commit table #11: memtable #2 done
2019/04/20-21:02:18.260258 7fd77f7fe700 (Original Log Time 2019/04/20-21:02:18.260211) EVENT_LOG_v1 {"time_micros": 1555819338260202, "job": 2, "event": "flush_finished", "output_compression": "NoCompression", "lsm_state": [1, 0, 0, 0, 0, 0, 0], "immutable_memtables": 0}
2019/04/20-21:02:18.260260 7fd77f7fe700 (Original Log Time 2019/04/20-21:02:18.260230) [db/db_impl_compaction_flush.cc:177] [usertable] Level summary: base level 1 max bytes base 536870912 files[1 0 0 0 0 0 0] max score 0.50
2019/04/20-21:02:18.260268 7fd77f7fe700 [db/db_impl_files.cc:347] [JOB 2] Try to delete WAL files size 255375710, prev total WAL file size 301297968, number of live WAL files 3.
2019/04/20-21:02:23.072941 7fd8601f2700 [db/db_impl_write.cc:1373] [usertable] New memtable created with log file: #12. Immutable memtables: 0.
2019/04/20-21:02:31.896780 7fd77c6f7700 [db/db_impl_write.cc:1373] [usertable] New memtable created with log file: #13. Immutable memtables: 1.
2019/04/20-21:02:31.896924 7fd77e7fc700 [db/db_impl_compaction_flush.cc:80] [JOB 3] Syncing log #10
2019/04/20-21:02:32.357401 7fd77e7fc700 [db/db_impl_compaction_flush.cc:80] [JOB 3] Syncing log #12
2019/04/20-21:02:32.882774 7fd77e7fc700 (Original Log Time 2019/04/20-21:02:31.896902) [db/db_impl_compaction_flush.cc:1424] Calling FlushMemTableToOutputFile with column family [usertable], flush slots available 24, compaction slots available 1, flush slots scheduled 1, compaction slots scheduled 0
2019/04/20-21:02:32.882785 7fd77e7fc700 [db/flush_job.cc:301] [usertable] [JOB 3] Flushing memtable with next log file: 12
2019/04/20-21:02:32.882791 7fd77e7fc700 [db/flush_job.cc:301] [usertable] [JOB 3] Flushing memtable with next log file: 13
2019/04/20-21:02:32.882826 7fd77e7fc700 EVENT_LOG_v1 {"time_micros": 1555819352882813, "job": 3, "event": "flush_started", "num_memtables": 2, "num_entries": 58847, "num_deletes": 0, "memory_usage": 251582880, "flush_reason": "Write Buffer Full"}
2019/04/20-21:02:32.882832 7fd77e7fc700 [db/flush_job.cc:331] [usertable] [JOB 3] Level-0 flush table #14: started
2019/04/20-21:02:33.743694 7fd77e7fc700 EVENT_LOG_v1 {"time_micros": 1555819353743667, "cf_name": "usertable", "job": 3, "event": "table_file_creation", "file_number": 14, "file_size": 243709008, "table_properties": {"data_size": 242626195, "index_size": 1081886, "filter_size": 0, "raw_key_size": 1412328, "raw_average_key_size": 24, "raw_value_size": 241037312, "raw_average_value_size": 4096, "num_data_blocks": 29424, "num_entries": 58847, "filter_policy_name": "", "kDeletedKeys": "0", "kMergeOperands": "0"}}
2019/04/20-21:02:33.743714 7fd77e7fc700 [db/flush_job.cc:371] [usertable] [JOB 3] Level-0 flush table #14: 243709008 bytes OK
2019/04/20-21:02:33.758561 7fd77e7fc700 (Original Log Time 2019/04/20-21:02:33.743728) [db/memtable_list.cc:377] [usertable] Level-0 commit table #14 started
2019/04/20-21:02:33.758565 7fd77e7fc700 (Original Log Time 2019/04/20-21:02:33.758484) [db/memtable_list.cc:409] [usertable] Level-0 commit table #14: memtable #1 done
2019/04/20-21:02:33.758567 7fd77e7fc700 (Original Log Time 2019/04/20-21:02:33.758487) [db/memtable_list.cc:409] [usertable] Level-0 commit table #14: memtable #2 done
2019/04/20-21:02:33.758568 7fd77e7fc700 (Original Log Time 2019/04/20-21:02:33.758510) EVENT_LOG_v1 {"time_micros": 1555819353758499, "job": 3, "event": "flush_finished", "output_compression": "NoCompression", "lsm_state": [2, 0, 0, 0, 0, 0, 0], "immutable_memtables": 0}
2019/04/20-21:02:33.758570 7fd77e7fc700 (Original Log Time 2019/04/20-21:02:33.758545) [db/db_impl_compaction_flush.cc:177] [usertable] Level summary: base level 1 max bytes base 536870912 files[2 0 0 0 0 0 0] max score 1.00
2019/04/20-21:02:33.758579 7fd77e7fc700 [db/db_impl_files.cc:347] [JOB 3] Try to delete WAL files size 242976419, prev total WAL file size 269892998, number of live WAL files 3.
2019/04/20-21:02:33.758809 7fd8348ef700 [WARN] [db/db_impl.cc:491] ------- DUMPING STATS -------
2019/04/20-21:02:33.758889 7fd8348ef700 [WARN] [db/db_impl.cc:492] 
** DB Stats **
Uptime(secs): 36.4 total, 36.4 interval
Cumulative writes: 127K writes, 127K keys, 126K commit groups, 1.0 writes per commit group, ingest: 0.49 GB, 13.75 MB/s
Cumulative WAL: 127K writes, 0 syncs, 127216.00 writes per sync, written: 0.49 GB, 13.75 MB/s
Cumulative stall: 00:00:0.000 H:M:S, 0.0 percent
Interval writes: 127K writes, 127K keys, 126K commit groups, 1.0 writes per commit group, ingest: 500.94 MB, 13.75 MB/s
Interval WAL: 127K writes, 0 syncs, 127216.00 writes per sync, written: 0.49 MB, 13.75 MB/s
Interval stall: 00:00:0.000 H:M:S, 0.0 percent

** Compaction Stats [default] **
Level    Files   Size     Score Read(GB)  Rn(GB) Rnp1(GB) Write(GB) Wnew(GB) Moved(GB) W-Amp Rd(MB/s) Wr(MB/s) Comp(sec) Comp(cnt) Avg(sec) KeyIn KeyDrop
----------------------------------------------------------------------------------------------------------------------------------------------------------
 Sum      0/0    0.00 KB   0.0      0.0     0.0      0.0       0.0      0.0       0.0   0.0      0.0      0.0         0         0    0.000       0      0
 Int      0/0    0.00 KB   0.0      0.0     0.0      0.0       0.0      0.0       0.0   0.0      0.0      0.0         0         0    0.000       0      0
Uptime(secs): 36.4 total, 36.4 interval
Flush(GB): cumulative 0.000, interval 0.000
AddFile(GB): cumulative 0.000, interval 0.000
AddFile(Total Files): cumulative 0, interval 0
AddFile(L0 Files): cumulative 0, interval 0
AddFile(Keys): cumulative 0, interval 0
Cumulative compaction: 0.00 GB write, 0.00 MB/s write, 0.00 GB read, 0.00 MB/s read, 0.0 seconds
Interval compaction: 0.00 GB write, 0.00 MB/s write, 0.00 GB read, 0.00 MB/s read, 0.0 seconds
Stalls(count): 0 level0_slowdown, 0 level0_slowdown_with_compaction, 0 level0_numfiles, 0 level0_numfiles_with_compaction, 0 stop for pending_compaction_bytes, 0 slowdown for pending_compaction_bytes, 0 memtable_compaction, 0 memtable_slowdown, interval 0 total count

** File Read Latency Histogram By Level [default] **

** Compaction Stats [usertable] **
Level    Files   Size     Score Read(GB)  Rn(GB) Rnp1(GB) Write(GB) Wnew(GB) Moved(GB) W-Amp Rd(MB/s) Wr(MB/s) Comp(sec) Comp(cnt) Avg(sec) KeyIn KeyDrop
----------------------------------------------------------------------------------------------------------------------------------------------------------
  L0      2/0   476.70 MB   1.0      0.0     0.0      0.0       0.5      0.5       0.0   1.0      0.0    147.9         3         2    1.611       0      0
 Sum      2/0   476.70 MB   0.0      0.0     0.0      0.0       0.5      0.5       0.0   1.0      0.0    147.9         3         2    1.611       0      0
 Int      0/0    0.00 KB   0.0      0.0     0.0      0.0       0.5      0.5       0.0   1.0      0.0    147.9         3         2    1.611       0      0
Uptime(secs): 36.4 total, 36.4 interval
Flush(GB): cumulative 0.466, interval 0.466
AddFile(GB): cumulative 0.000, interval 0.000
AddFile(Total Files): cumulative 0, interval 0
AddFile(L0 Files): cumulative 0, interval 0
AddFile(Keys): cumulative 0, interval 0
Cumulative compaction: 0.47 GB write, 13.10 MB/s write, 0.00 GB read, 0.00 MB/s read, 3.2 seconds
Interval compaction: 0.47 GB write, 13.10 MB/s write, 0.00 GB read, 0.00 MB/s read, 3.2 seconds
Stalls(count): 0 level0_slowdown, 0 level0_slowdown_with_compaction, 0 level0_numfiles, 0 level0_numfiles_with_compaction, 0 stop for pending_compaction_bytes, 0 slowdown for pending_compaction_bytes, 0 memtable_compaction, 0 memtable_slowdown, interval 0 total count

** File Read Latency Histogram By Level [usertable] **

** Compaction Stats [default] **
Level    Files   Size     Score Read(GB)  Rn(GB) Rnp1(GB) Write(GB) Wnew(GB) Moved(GB) W-Amp Rd(MB/s) Wr(MB/s) Comp(sec) Comp(cnt) Avg(sec) KeyIn KeyDrop
----------------------------------------------------------------------------------------------------------------------------------------------------------
 Sum      0/0    0.00 KB   0.0      0.0     0.0      0.0       0.0      0.0       0.0   0.0      0.0      0.0         0         0    0.000       0      0
 Int      0/0    0.00 KB   0.0      0.0     0.0      0.0       0.0      0.0       0.0   0.0      0.0      0.0         0         0    0.000       0      0
Uptime(secs): 36.4 total, 0.0 interval
Flush(GB): cumulative 0.000, interval 0.000
AddFile(GB): cumulative 0.000, interval 0.000
AddFile(Total Files): cumulative 0, interval 0
AddFile(L0 Files): cumulative 0, interval 0
AddFile(Keys): cumulative 0, interval 0
Cumulative compaction: 0.00 GB write, 0.00 MB/s write, 0.00 GB read, 0.00 MB/s read, 0.0 seconds
Interval compaction: 0.00 GB write, 0.00 MB/s write, 0.00 GB read, 0.00 MB/s read, 0.0 seconds
Stalls(count): 0 level0_slowdown, 0 level0_slowdown_with_compaction, 0 level0_numfiles, 0 level0_numfiles_with_compaction, 0 stop for pending_compaction_bytes, 0 slowdown for pending_compaction_bytes, 0 memtable_compaction, 0 memtable_slowdown, interval 0 total count

** File Read Latency Histogram By Level [default] **

** Compaction Stats [usertable] **
Level    Files   Size     Score Read(GB)  Rn(GB) Rnp1(GB) Write(GB) Wnew(GB) Moved(GB) W-Amp Rd(MB/s) Wr(MB/s) Comp(sec) Comp(cnt) Avg(sec) KeyIn KeyDrop
----------------------------------------------------------------------------------------------------------------------------------------------------------
  L0      2/0   476.70 MB   1.0      0.0     0.0      0.0       0.5      0.5       0.0   1.0      0.0    147.9         3         2    1.611       0      0
 Sum      2/0   476.70 MB   0.0      0.0     0.0      0.0       0.5      0.5       0.0   1.0      0.0    147.9         3         2    1.611       0      0
 Int      0/0    0.00 KB   0.0      0.0     0.0      0.0       0.0      0.0       0.0   0.0      0.0      0.0         0         0    0.000       0      0
Uptime(secs): 36.4 total, 0.0 interval
Flush(GB): cumulative 0.466, interval 0.000
AddFile(GB): cumulative 0.000, interval 0.000
AddFile(Total Files): cumulative 0, interval 0
AddFile(L0 Files): cumulative 0, interval 0
AddFile(Keys): cumulative 0, interval 0
Cumulative compaction: 0.47 GB write, 13.10 MB/s write, 0.00 GB read, 0.00 MB/s read, 3.2 seconds
Interval compaction: 0.00 GB write, 0.00 MB/s write, 0.00 GB read, 0.00 MB/s read, 0.0 seconds
Stalls(count): 0 level0_slowdown, 0 level0_slowdown_with_compaction, 0 level0_numfiles, 0 level0_numfiles_with_compaction, 0 stop for pending_compaction_bytes, 0 slowdown for pending_compaction_bytes, 0 memtable_compaction, 0 memtable_slowdown, interval 0 total count

** File Read Latency Histogram By Level [usertable] **
2019/04/20-21:02:33.773546 7fd8348ef700 (Original Log Time 2019/04/20-21:02:33.758998) [db/db_impl_compaction_flush.cc:1835] [usertable] Moving #11 to level-1 256145569 bytes
2019/04/20-21:02:33.773550 7fd8348ef700 (Original Log Time 2019/04/20-21:02:33.773476) EVENT_LOG_v1 {"time_micros": 1555819353773459, "job": 4, "event": "trivial_move", "destination_level": 1, "files": 1, "total_files_size": 256145569}
2019/04/20-21:02:33.773552 7fd8348ef700 (Original Log Time 2019/04/20-21:02:33.773492) [db/db_impl_compaction_flush.cc:1864] [usertable] Moved #1 files to level-1 256145569 bytes OK: base level 1 max bytes base 536870912 files[1 1 0 0 0 0 0] max score 0.50
2019/04/20-21:02:40.420342 7fd77c7f8700 [db/db_impl_write.cc:1373] [usertable] New memtable created with log file: #15. Immutable memtables: 0.
2019/04/20-21:02:48.731585 7fd8704f5700 [db/db_impl_write.cc:1373] [usertable] New memtable created with log file: #16. Immutable memtables: 1.
2019/04/20-21:02:48.731736 7fd77dffb700 [db/db_impl_compaction_flush.cc:80] [JOB 5] Syncing log #13
2019/04/20-21:02:49.226573 7fd77dffb700 [db/db_impl_compaction_flush.cc:80] [JOB 5] Syncing log #15
2019/04/20-21:02:49.718405 7fd77dffb700 (Original Log Time 2019/04/20-21:02:48.731704) [db/db_impl_compaction_flush.cc:1424] Calling FlushMemTableToOutputFile with column family [usertable], flush slots available 24, compaction slots available 1, flush slots scheduled 1, compaction slots scheduled 0
2019/04/20-21:02:49.718415 7fd77dffb700 [db/flush_job.cc:301] [usertable] [JOB 5] Flushing memtable with next log file: 15
2019/04/20-21:02:49.718422 7fd77dffb700 [db/flush_job.cc:301] [usertable] [JOB 5] Flushing memtable with next log file: 16
2019/04/20-21:02:49.718455 7fd77dffb700 EVENT_LOG_v1 {"time_micros": 1555819369718444, "job": 5, "event": "flush_started", "num_memtables": 2, "num_entries": 58918, "num_deletes": 0, "memory_usage": 247855536, "flush_reason": "Write Buffer Full"}
2019/04/20-21:02:49.718461 7fd77dffb700 [db/flush_job.cc:331] [usertable] [JOB 5] Level-0 flush table #17: started
2019/04/20-21:02:52.035087 7fd77dffb700 EVENT_LOG_v1 {"time_micros": 1555819372035062, "cf_name": "usertable", "job": 5, "event": "table_file_creation", "file_number": 17, "file_size": 244016106, "table_properties": {"data_size": 242925460, "index_size": 1089719, "filter_size": 0, "raw_key_size": 1414032, "raw_average_key_size": 24, "raw_value_size": 241328128, "raw_average_value_size": 4096, "num_data_blocks": 29459, "num_entries": 58918, "filter_policy_name": "", "kDeletedKeys": "0", "kMergeOperands": "0"}}
2019/04/20-21:02:52.035109 7fd77dffb700 [db/flush_job.cc:371] [usertable] [JOB 5] Level-0 flush table #17: 244016106 bytes OK
2019/04/20-21:02:52.062380 7fd77dffb700 (Original Log Time 2019/04/20-21:02:52.035123) [db/memtable_list.cc:377] [usertable] Level-0 commit table #17 started
2019/04/20-21:02:52.062383 7fd77dffb700 (Original Log Time 2019/04/20-21:02:52.062318) [db/memtable_list.cc:409] [usertable] Level-0 commit table #17: memtable #1 done
2019/04/20-21:02:52.062384 7fd77dffb700 (Original Log Time 2019/04/20-21:02:52.062320) [db/memtable_list.cc:409] [usertable] Level-0 commit table #17: memtable #2 done
2019/04/20-21:02:52.062386 7fd77dffb700 (Original Log Time 2019/04/20-21:02:52.062336) EVENT_LOG_v1 {"time_micros": 1555819372062327, "job": 5, "event": "flush_finished", "output_compression": "NoCompression", "lsm_state": [2, 1, 0, 0, 0, 0, 0], "immutable_memtables": 0}
2019/04/20-21:02:52.062387 7fd77dffb700 (Original Log Time 2019/04/20-21:02:52.062364) [db/db_impl_compaction_flush.cc:177] [usertable] Level summary: base level 1 max bytes base 536870912 files[2 1 0 0 0 0 0] max score 1.00
