2019/04/18-16:42:25.342438 7f2ab1cf1700 RocksDB version: 5.14.3
2019/04/18-16:42:25.342508 7f2ab1cf1700 Git sha rocksdb_build_git_sha:
2019/04/18-16:42:25.342511 7f2ab1cf1700 Compile date Oct  9 2018
2019/04/18-16:42:25.342519 7f2ab1cf1700 DB SUMMARY
2019/04/18-16:42:25.344706 7f2ab1cf1700 CURRENT file:  CURRENT
2019/04/18-16:42:25.344709 7f2ab1cf1700 IDENTITY file:  IDENTITY
2019/04/18-16:42:25.344719 7f2ab1cf1700 MANIFEST file:  MANIFEST-000004 size: 119796 Bytes
2019/04/18-16:42:25.344722 7f2ab1cf1700 SST files in /mnt/sdc/ycsb-rocksdb-data dir, Total Num: 655, files: 000021.sst 000022.sst 000023.sst 000024.sst 000028.sst 000029.sst 000030.sst 000031.sst 000035.sst 
2019/04/18-16:42:25.344727 7f2ab1cf1700 Write Ahead Log file in /mnt/sdc/ycsb-rocksdb-data: 001153.log size: 129753321 ; 001159.log size: 1712668 ; 
2019/04/18-16:42:25.344751 7f2ab1cf1700                         Options.error_if_exists: 0
2019/04/18-16:42:25.344753 7f2ab1cf1700                       Options.create_if_missing: 1
2019/04/18-16:42:25.344753 7f2ab1cf1700                         Options.paranoid_checks: 1
2019/04/18-16:42:25.344754 7f2ab1cf1700                                     Options.env: 0x7f2ab19da080
2019/04/18-16:42:25.344755 7f2ab1cf1700                                Options.info_log: 0x7f29d83ba650
2019/04/18-16:42:25.344756 7f2ab1cf1700                Options.max_file_opening_threads: 16
2019/04/18-16:42:25.344757 7f2ab1cf1700                              Options.statistics: (nil)
2019/04/18-16:42:25.344758 7f2ab1cf1700                               Options.use_fsync: 0
2019/04/18-16:42:25.344759 7f2ab1cf1700                       Options.max_log_file_size: 0
2019/04/18-16:42:25.344760 7f2ab1cf1700                  Options.max_manifest_file_size: 18446744073709551615
2019/04/18-16:42:25.344761 7f2ab1cf1700                   Options.log_file_time_to_roll: 0
2019/04/18-16:42:25.344762 7f2ab1cf1700                       Options.keep_log_file_num: 1000
2019/04/18-16:42:25.344763 7f2ab1cf1700                    Options.recycle_log_file_num: 0
2019/04/18-16:42:25.344764 7f2ab1cf1700                         Options.allow_fallocate: 1
2019/04/18-16:42:25.344765 7f2ab1cf1700                        Options.allow_mmap_reads: 0
2019/04/18-16:42:25.344765 7f2ab1cf1700                       Options.allow_mmap_writes: 0
2019/04/18-16:42:25.344766 7f2ab1cf1700                        Options.use_direct_reads: 0
2019/04/18-16:42:25.344767 7f2ab1cf1700                        Options.use_direct_io_for_flush_and_compaction: 0
2019/04/18-16:42:25.344768 7f2ab1cf1700          Options.create_missing_column_families: 1
2019/04/18-16:42:25.344769 7f2ab1cf1700                              Options.db_log_dir: 
2019/04/18-16:42:25.344770 7f2ab1cf1700                                 Options.wal_dir: /mnt/sdc/ycsb-rocksdb-data
2019/04/18-16:42:25.344771 7f2ab1cf1700                Options.table_cache_numshardbits: 6
2019/04/18-16:42:25.344772 7f2ab1cf1700                      Options.max_subcompactions: 4
2019/04/18-16:42:25.344772 7f2ab1cf1700                  Options.max_background_flushes: 24
2019/04/18-16:42:25.344773 7f2ab1cf1700                         Options.WAL_ttl_seconds: 0
2019/04/18-16:42:25.344774 7f2ab1cf1700                       Options.WAL_size_limit_MB: 0
2019/04/18-16:42:25.344775 7f2ab1cf1700             Options.manifest_preallocation_size: 4194304
2019/04/18-16:42:25.344776 7f2ab1cf1700                     Options.is_fd_close_on_exec: 1
2019/04/18-16:42:25.344777 7f2ab1cf1700                   Options.advise_random_on_open: 1
2019/04/18-16:42:25.344778 7f2ab1cf1700                    Options.db_write_buffer_size: 0
2019/04/18-16:42:25.344778 7f2ab1cf1700                    Options.write_buffer_manager: 0x7f29d83aeeb0
2019/04/18-16:42:25.344779 7f2ab1cf1700         Options.access_hint_on_compaction_start: 1
2019/04/18-16:42:25.344780 7f2ab1cf1700  Options.new_table_reader_for_compaction_inputs: 0
2019/04/18-16:42:25.344781 7f2ab1cf1700           Options.random_access_max_buffer_size: 1048576
2019/04/18-16:42:25.344782 7f2ab1cf1700                      Options.use_adaptive_mutex: 0
2019/04/18-16:42:25.344783 7f2ab1cf1700                            Options.rate_limiter: (nil)
2019/04/18-16:42:25.344797 7f2ab1cf1700     Options.sst_file_manager.rate_bytes_per_sec: 0
2019/04/18-16:42:25.344799 7f2ab1cf1700                       Options.wal_recovery_mode: 2
2019/04/18-16:42:25.344800 7f2ab1cf1700                  Options.enable_thread_tracking: 0
2019/04/18-16:42:25.344800 7f2ab1cf1700                  Options.enable_pipelined_write: 1
2019/04/18-16:42:25.344801 7f2ab1cf1700         Options.allow_concurrent_memtable_write: 1
2019/04/18-16:42:25.344802 7f2ab1cf1700      Options.enable_write_thread_adaptive_yield: 1
2019/04/18-16:42:25.344803 7f2ab1cf1700             Options.write_thread_max_yield_usec: 100
2019/04/18-16:42:25.344804 7f2ab1cf1700            Options.write_thread_slow_yield_usec: 3
2019/04/18-16:42:25.344805 7f2ab1cf1700                               Options.row_cache: None
2019/04/18-16:42:25.344805 7f2ab1cf1700                              Options.wal_filter: None
2019/04/18-16:42:25.344807 7f2ab1cf1700             Options.avoid_flush_during_recovery: 0
2019/04/18-16:42:25.344807 7f2ab1cf1700             Options.allow_ingest_behind: 0
2019/04/18-16:42:25.344808 7f2ab1cf1700             Options.preserve_deletes: 0
2019/04/18-16:42:25.344809 7f2ab1cf1700             Options.two_write_queues: 0
2019/04/18-16:42:25.344810 7f2ab1cf1700             Options.manual_wal_flush: 0
2019/04/18-16:42:25.344812 7f2ab1cf1700             Options.max_background_jobs: 24
2019/04/18-16:42:25.344813 7f2ab1cf1700             Options.max_background_compactions: 24
2019/04/18-16:42:25.344814 7f2ab1cf1700             Options.avoid_flush_during_shutdown: 0
2019/04/18-16:42:25.344814 7f2ab1cf1700           Options.writable_file_max_buffer_size: 1048576
2019/04/18-16:42:25.344815 7f2ab1cf1700             Options.delayed_write_rate : 16777216
2019/04/18-16:42:25.344816 7f2ab1cf1700             Options.max_total_wal_size: 0
2019/04/18-16:42:25.344817 7f2ab1cf1700             Options.delete_obsolete_files_period_micros: 21600000000
2019/04/18-16:42:25.344818 7f2ab1cf1700                   Options.stats_dump_period_sec: 60
2019/04/18-16:42:25.344819 7f2ab1cf1700                          Options.max_open_files: -1
2019/04/18-16:42:25.344820 7f2ab1cf1700                          Options.bytes_per_sync: 1048576
2019/04/18-16:42:25.344821 7f2ab1cf1700                      Options.wal_bytes_per_sync: 0
2019/04/18-16:42:25.344822 7f2ab1cf1700       Options.compaction_readahead_size: 0
2019/04/18-16:42:25.344822 7f2ab1cf1700 Compression algorithms supported:
2019/04/18-16:42:25.344824 7f2ab1cf1700 	kZSTDNotFinalCompression supported: 1
2019/04/18-16:42:25.344839 7f2ab1cf1700 	kZSTD supported: 1
2019/04/18-16:42:25.344841 7f2ab1cf1700 	kXpressCompression supported: 0
2019/04/18-16:42:25.344842 7f2ab1cf1700 	kLZ4HCCompression supported: 1
2019/04/18-16:42:25.344843 7f2ab1cf1700 	kLZ4Compression supported: 1
2019/04/18-16:42:25.344844 7f2ab1cf1700 	kBZip2Compression supported: 1
2019/04/18-16:42:25.344845 7f2ab1cf1700 	kZlibCompression supported: 1
2019/04/18-16:42:25.344846 7f2ab1cf1700 	kSnappyCompression supported: 1
2019/04/18-16:42:25.344849 7f2ab1cf1700 Fast CRC32 supported: Not supported on x86
2019/04/18-16:42:25.346989 7f2ab1cf1700 [db/version_set.cc:3085] Recovering from manifest file: MANIFEST-000004
2019/04/18-16:42:25.347787 7f2ab1cf1700 [db/column_family.cc:475] --------------- Options for column family [default]:
2019/04/18-16:42:25.348289 7f2ab1cf1700               Options.comparator: leveldb.BytewiseComparator
2019/04/18-16:42:25.348292 7f2ab1cf1700           Options.merge_operator: None
2019/04/18-16:42:25.348293 7f2ab1cf1700        Options.compaction_filter: None
2019/04/18-16:42:25.348294 7f2ab1cf1700        Options.compaction_filter_factory: None
2019/04/18-16:42:25.348295 7f2ab1cf1700         Options.memtable_factory: SkipListFactory
2019/04/18-16:42:25.348296 7f2ab1cf1700            Options.table_factory: BlockBasedTable
2019/04/18-16:42:25.349862 7f2ab1cf1700            table_factory options:   flush_block_policy_factory: FlushBlockBySizePolicyFactory (0x7f29d83af960)
  cache_index_and_filter_blocks: 0
  cache_index_and_filter_blocks_with_high_priority: 0
  pin_l0_filter_and_index_blocks_in_cache: 0
  index_type: 0
  hash_index_allow_collision: 1
  checksum: 1
  no_block_cache: 0
  block_cache: 0x7f29d83af0a0
  block_cache_name: LRUCache
  block_cache_options:
    capacity : 8388608
    num_shard_bits : 4
    strict_capacity_limit : 0
    high_pri_pool_ratio: 0.000
  block_cache_compressed: (nil)
  persistent_cache: (nil)
  block_size: 8192
  block_size_deviation: 10
  block_restart_interval: 16
  index_block_restart_interval: 1
  metadata_block_size: 4096
  partition_filters: 0
  use_delta_encoding: 1
  filter_policy: nullptr
  whole_key_filtering: 1
  verify_compression: 0
  read_amp_bytes_per_bit: 0
  format_version: 2
  enable_index_compression: 1
  block_align: 0
2019/04/18-16:42:25.349882 7f2ab1cf1700        Options.write_buffer_size: 134217728
2019/04/18-16:42:25.349883 7f2ab1cf1700  Options.max_write_buffer_number: 24
2019/04/18-16:42:25.349885 7f2ab1cf1700        Options.compression[0]: NoCompression
2019/04/18-16:42:25.349887 7f2ab1cf1700        Options.compression[1]: NoCompression
2019/04/18-16:42:25.349888 7f2ab1cf1700        Options.compression[2]: LZ4
2019/04/18-16:42:25.349889 7f2ab1cf1700        Options.compression[3]: LZ4
2019/04/18-16:42:25.350371 7f2ab1cf1700        Options.compression[4]: LZ4
2019/04/18-16:42:25.350372 7f2ab1cf1700        Options.compression[5]: LZ4
2019/04/18-16:42:25.350373 7f2ab1cf1700        Options.compression[6]: LZ4
2019/04/18-16:42:25.350374 7f2ab1cf1700                  Options.bottommost_compression: Disabled
2019/04/18-16:42:25.350375 7f2ab1cf1700       Options.prefix_extractor: nullptr
2019/04/18-16:42:25.350376 7f2ab1cf1700   Options.memtable_insert_with_hint_prefix_extractor: nullptr
2019/04/18-16:42:25.350377 7f2ab1cf1700             Options.num_levels: 7
2019/04/18-16:42:25.350378 7f2ab1cf1700        Options.min_write_buffer_number_to_merge: 2
2019/04/18-16:42:25.350396 7f2ab1cf1700     Options.max_write_buffer_number_to_maintain: 0
2019/04/18-16:42:25.350396 7f2ab1cf1700            Options.compression_opts.window_bits: -14
2019/04/18-16:42:25.350397 7f2ab1cf1700                  Options.compression_opts.level: -1
2019/04/18-16:42:25.350398 7f2ab1cf1700               Options.compression_opts.strategy: 0
2019/04/18-16:42:25.350399 7f2ab1cf1700         Options.compression_opts.max_dict_bytes: 0
2019/04/18-16:42:25.350400 7f2ab1cf1700         Options.compression_opts.zstd_max_train_bytes: 0
2019/04/18-16:42:25.350401 7f2ab1cf1700      Options.level0_file_num_compaction_trigger: 2
2019/04/18-16:42:25.350402 7f2ab1cf1700          Options.level0_slowdown_writes_trigger: 20
2019/04/18-16:42:25.350402 7f2ab1cf1700              Options.level0_stop_writes_trigger: 36
2019/04/18-16:42:25.350403 7f2ab1cf1700                   Options.target_file_size_base: 67108864
2019/04/18-16:42:25.350404 7f2ab1cf1700             Options.target_file_size_multiplier: 1
2019/04/18-16:42:25.350405 7f2ab1cf1700                Options.max_bytes_for_level_base: 536870912
2019/04/18-16:42:25.350406 7f2ab1cf1700 Options.level_compaction_dynamic_level_bytes: 0
2019/04/18-16:42:25.350420 7f2ab1cf1700          Options.max_bytes_for_level_multiplier: 10.000000
2019/04/18-16:42:25.350424 7f2ab1cf1700 Options.max_bytes_for_level_multiplier_addtl[0]: 1
2019/04/18-16:42:25.350425 7f2ab1cf1700 Options.max_bytes_for_level_multiplier_addtl[1]: 1
2019/04/18-16:42:25.350426 7f2ab1cf1700 Options.max_bytes_for_level_multiplier_addtl[2]: 1
2019/04/18-16:42:25.350427 7f2ab1cf1700 Options.max_bytes_for_level_multiplier_addtl[3]: 1
2019/04/18-16:42:25.350428 7f2ab1cf1700 Options.max_bytes_for_level_multiplier_addtl[4]: 1
2019/04/18-16:42:25.350429 7f2ab1cf1700 Options.max_bytes_for_level_multiplier_addtl[5]: 1
2019/04/18-16:42:25.350429 7f2ab1cf1700 Options.max_bytes_for_level_multiplier_addtl[6]: 1
2019/04/18-16:42:25.350439 7f2ab1cf1700       Options.max_sequential_skip_in_iterations: 8
2019/04/18-16:42:25.350440 7f2ab1cf1700                    Options.max_compaction_bytes: 1677721600
2019/04/18-16:42:25.350450 7f2ab1cf1700                        Options.arena_block_size: 16777216
2019/04/18-16:42:25.350452 7f2ab1cf1700   Options.soft_pending_compaction_bytes_limit: 68719476736
2019/04/18-16:42:25.350453 7f2ab1cf1700   Options.hard_pending_compaction_bytes_limit: 274877906944
2019/04/18-16:42:25.350454 7f2ab1cf1700       Options.rate_limit_delay_max_milliseconds: 100
2019/04/18-16:42:25.350455 7f2ab1cf1700                Options.disable_auto_compactions: 0
2019/04/18-16:42:25.350456 7f2ab1cf1700                        Options.compaction_style: kCompactionStyleLevel
2019/04/18-16:42:25.350457 7f2ab1cf1700                          Options.compaction_pri: kByCompensatedSize
2019/04/18-16:42:25.350458 7f2ab1cf1700 Options.compaction_options_universal.size_ratio: 1
2019/04/18-16:42:25.350459 7f2ab1cf1700 Options.compaction_options_universal.min_merge_width: 2
2019/04/18-16:42:25.350460 7f2ab1cf1700 Options.compaction_options_universal.max_merge_width: 4294967295
2019/04/18-16:42:25.350461 7f2ab1cf1700 Options.compaction_options_universal.max_size_amplification_percent: 200
2019/04/18-16:42:25.350462 7f2ab1cf1700 Options.compaction_options_universal.compression_size_percent: -1
2019/04/18-16:42:25.350463 7f2ab1cf1700 Options.compaction_options_universal.stop_style: kCompactionStopStyleTotalSize
2019/04/18-16:42:25.350464 7f2ab1cf1700 Options.compaction_options_fifo.max_table_files_size: 1073741824
2019/04/18-16:42:25.350465 7f2ab1cf1700 Options.compaction_options_fifo.allow_compaction: 0
2019/04/18-16:42:25.350465 7f2ab1cf1700 Options.compaction_options_fifo.ttl: 0
2019/04/18-16:42:25.350466 7f2ab1cf1700                   Options.table_properties_collectors: 
2019/04/18-16:42:25.350467 7f2ab1cf1700                   Options.inplace_update_support: 0
2019/04/18-16:42:25.350468 7f2ab1cf1700                 Options.inplace_update_num_locks: 10000
2019/04/18-16:42:25.350469 7f2ab1cf1700               Options.memtable_prefix_bloom_size_ratio: 0.000000
2019/04/18-16:42:25.350470 7f2ab1cf1700   Options.memtable_huge_page_size: 0
2019/04/18-16:42:25.350471 7f2ab1cf1700                           Options.bloom_locality: 0
2019/04/18-16:42:25.350472 7f2ab1cf1700                    Options.max_successive_merges: 0
2019/04/18-16:42:25.350473 7f2ab1cf1700                Options.optimize_filters_for_hits: 0
2019/04/18-16:42:25.350474 7f2ab1cf1700                Options.paranoid_file_checks: 0
2019/04/18-16:42:25.350474 7f2ab1cf1700                Options.force_consistency_checks: 0
2019/04/18-16:42:25.350475 7f2ab1cf1700                Options.report_bg_io_stats: 0
2019/04/18-16:42:25.350476 7f2ab1cf1700                               Options.ttl: 0
2019/04/18-16:42:25.352585 7f2ab1cf1700 [db/column_family.cc:475] --------------- Options for column family [usertable]:
2019/04/18-16:42:25.352588 7f2ab1cf1700               Options.comparator: leveldb.BytewiseComparator
2019/04/18-16:42:25.352590 7f2ab1cf1700           Options.merge_operator: None
2019/04/18-16:42:25.352590 7f2ab1cf1700        Options.compaction_filter: None
2019/04/18-16:42:25.352591 7f2ab1cf1700        Options.compaction_filter_factory: None
2019/04/18-16:42:25.352592 7f2ab1cf1700         Options.memtable_factory: SkipListFactory
2019/04/18-16:42:25.352593 7f2ab1cf1700            Options.table_factory: BlockBasedTable
2019/04/18-16:42:25.352616 7f2ab1cf1700            table_factory options:   flush_block_policy_factory: FlushBlockBySizePolicyFactory (0x7f29d83c2030)
  cache_index_and_filter_blocks: 0
  cache_index_and_filter_blocks_with_high_priority: 0
  pin_l0_filter_and_index_blocks_in_cache: 0
  index_type: 0
  hash_index_allow_collision: 1
  checksum: 1
  no_block_cache: 0
  block_cache: 0x7f29d83bcc20
  block_cache_name: LRUCache
  block_cache_options:
    capacity : 8388608
    num_shard_bits : 4
    strict_capacity_limit : 0
    high_pri_pool_ratio: 0.000
  block_cache_compressed: (nil)
  persistent_cache: (nil)
  block_size: 8192
  block_size_deviation: 10
  block_restart_interval: 16
  index_block_restart_interval: 1
  metadata_block_size: 4096
  partition_filters: 0
  use_delta_encoding: 1
  filter_policy: nullptr
  whole_key_filtering: 1
  verify_compression: 0
  read_amp_bytes_per_bit: 0
  format_version: 2
  enable_index_compression: 1
  block_align: 0
2019/04/18-16:42:25.352628 7f2ab1cf1700        Options.write_buffer_size: 134217728
2019/04/18-16:42:25.352630 7f2ab1cf1700  Options.max_write_buffer_number: 24
2019/04/18-16:42:25.352631 7f2ab1cf1700        Options.compression[0]: NoCompression
2019/04/18-16:42:25.352632 7f2ab1cf1700        Options.compression[1]: NoCompression
2019/04/18-16:42:25.352633 7f2ab1cf1700        Options.compression[2]: LZ4
2019/04/18-16:42:25.352634 7f2ab1cf1700        Options.compression[3]: LZ4
2019/04/18-16:42:25.352635 7f2ab1cf1700        Options.compression[4]: LZ4
2019/04/18-16:42:25.352636 7f2ab1cf1700        Options.compression[5]: LZ4
2019/04/18-16:42:25.352637 7f2ab1cf1700        Options.compression[6]: LZ4
2019/04/18-16:42:25.352638 7f2ab1cf1700                  Options.bottommost_compression: Disabled
2019/04/18-16:42:25.352639 7f2ab1cf1700       Options.prefix_extractor: nullptr
2019/04/18-16:42:25.352640 7f2ab1cf1700   Options.memtable_insert_with_hint_prefix_extractor: nullptr
2019/04/18-16:42:25.352640 7f2ab1cf1700             Options.num_levels: 7
2019/04/18-16:42:25.352641 7f2ab1cf1700        Options.min_write_buffer_number_to_merge: 2
2019/04/18-16:42:25.352642 7f2ab1cf1700     Options.max_write_buffer_number_to_maintain: 0
2019/04/18-16:42:25.352643 7f2ab1cf1700            Options.compression_opts.window_bits: -14
2019/04/18-16:42:25.352644 7f2ab1cf1700                  Options.compression_opts.level: -1
2019/04/18-16:42:25.352645 7f2ab1cf1700               Options.compression_opts.strategy: 0
2019/04/18-16:42:25.352645 7f2ab1cf1700         Options.compression_opts.max_dict_bytes: 0
2019/04/18-16:42:25.352646 7f2ab1cf1700         Options.compression_opts.zstd_max_train_bytes: 0
2019/04/18-16:42:25.352647 7f2ab1cf1700      Options.level0_file_num_compaction_trigger: 2
2019/04/18-16:42:25.352648 7f2ab1cf1700          Options.level0_slowdown_writes_trigger: 20
2019/04/18-16:42:25.352649 7f2ab1cf1700              Options.level0_stop_writes_trigger: 36
2019/04/18-16:42:25.352650 7f2ab1cf1700                   Options.target_file_size_base: 67108864
2019/04/18-16:42:25.352650 7f2ab1cf1700             Options.target_file_size_multiplier: 1
2019/04/18-16:42:25.352651 7f2ab1cf1700                Options.max_bytes_for_level_base: 536870912
2019/04/18-16:42:25.352652 7f2ab1cf1700 Options.level_compaction_dynamic_level_bytes: 0
2019/04/18-16:42:25.352653 7f2ab1cf1700          Options.max_bytes_for_level_multiplier: 10.000000
2019/04/18-16:42:25.352655 7f2ab1cf1700 Options.max_bytes_for_level_multiplier_addtl[0]: 1
2019/04/18-16:42:25.352656 7f2ab1cf1700 Options.max_bytes_for_level_multiplier_addtl[1]: 1
2019/04/18-16:42:25.353395 7f2ab1cf1700 Options.max_bytes_for_level_multiplier_addtl[2]: 1
2019/04/18-16:42:25.353397 7f2ab1cf1700 Options.max_bytes_for_level_multiplier_addtl[3]: 1
2019/04/18-16:42:25.353398 7f2ab1cf1700 Options.max_bytes_for_level_multiplier_addtl[4]: 1
2019/04/18-16:42:25.353399 7f2ab1cf1700 Options.max_bytes_for_level_multiplier_addtl[5]: 1
2019/04/18-16:42:25.353400 7f2ab1cf1700 Options.max_bytes_for_level_multiplier_addtl[6]: 1
2019/04/18-16:42:25.353401 7f2ab1cf1700       Options.max_sequential_skip_in_iterations: 8
2019/04/18-16:42:25.353402 7f2ab1cf1700                    Options.max_compaction_bytes: 1677721600
2019/04/18-16:42:25.353402 7f2ab1cf1700                        Options.arena_block_size: 16777216
2019/04/18-16:42:25.353403 7f2ab1cf1700   Options.soft_pending_compaction_bytes_limit: 68719476736
2019/04/18-16:42:25.353404 7f2ab1cf1700   Options.hard_pending_compaction_bytes_limit: 274877906944
2019/04/18-16:42:25.353405 7f2ab1cf1700       Options.rate_limit_delay_max_milliseconds: 100
2019/04/18-16:42:25.353406 7f2ab1cf1700                Options.disable_auto_compactions: 0
2019/04/18-16:42:25.353407 7f2ab1cf1700                        Options.compaction_style: kCompactionStyleLevel
2019/04/18-16:42:25.353418 7f2ab1cf1700                          Options.compaction_pri: kByCompensatedSize
2019/04/18-16:42:25.353419 7f2ab1cf1700 Options.compaction_options_universal.size_ratio: 1
2019/04/18-16:42:25.353420 7f2ab1cf1700 Options.compaction_options_universal.min_merge_width: 2
2019/04/18-16:42:25.353421 7f2ab1cf1700 Options.compaction_options_universal.max_merge_width: 4294967295
2019/04/18-16:42:25.353422 7f2ab1cf1700 Options.compaction_options_universal.max_size_amplification_percent: 200
2019/04/18-16:42:25.353423 7f2ab1cf1700 Options.compaction_options_universal.compression_size_percent: -1
2019/04/18-16:42:25.353483 7f2ab1cf1700 Options.compaction_options_universal.stop_style: kCompactionStopStyleTotalSize
2019/04/18-16:42:25.353485 7f2ab1cf1700 Options.compaction_options_fifo.max_table_files_size: 1073741824
2019/04/18-16:42:25.353486 7f2ab1cf1700 Options.compaction_options_fifo.allow_compaction: 0
2019/04/18-16:42:25.353487 7f2ab1cf1700 Options.compaction_options_fifo.ttl: 0
2019/04/18-16:42:25.353488 7f2ab1cf1700                   Options.table_properties_collectors: 
2019/04/18-16:42:25.353489 7f2ab1cf1700                   Options.inplace_update_support: 0
2019/04/18-16:42:25.353489 7f2ab1cf1700                 Options.inplace_update_num_locks: 10000
2019/04/18-16:42:25.353490 7f2ab1cf1700               Options.memtable_prefix_bloom_size_ratio: 0.000000
2019/04/18-16:42:25.353505 7f2ab1cf1700   Options.memtable_huge_page_size: 0
2019/04/18-16:42:25.353506 7f2ab1cf1700                           Options.bloom_locality: 0
2019/04/18-16:42:25.353507 7f2ab1cf1700                    Options.max_successive_merges: 0
2019/04/18-16:42:25.353508 7f2ab1cf1700                Options.optimize_filters_for_hits: 0
2019/04/18-16:42:25.353509 7f2ab1cf1700                Options.paranoid_file_checks: 0
2019/04/18-16:42:25.353510 7f2ab1cf1700                Options.force_consistency_checks: 0
2019/04/18-16:42:25.353510 7f2ab1cf1700                Options.report_bg_io_stats: 0
2019/04/18-16:42:25.353511 7f2ab1cf1700                               Options.ttl: 0
2019/04/18-16:42:26.049115 7f2ab1cf1700 [db/version_set.cc:3361] Recovered from manifest file:/mnt/sdc/ycsb-rocksdb-data/MANIFEST-000004 succeeded,manifest_file_number is 4, next_file_number is 1160, last_sequence is 10433418, log_number is 0,prev_log_number is 0,max_column_family is 1,min_log_number_to_keep is 0
2019/04/18-16:42:26.049130 7f2ab1cf1700 [db/version_set.cc:3369] Column family [default] (ID 0), log number is 0
2019/04/18-16:42:26.049132 7f2ab1cf1700 [db/version_set.cc:3369] Column family [usertable] (ID 1), log number is 1153
2019/04/18-16:42:26.051076 7f2ab1cf1700 EVENT_LOG_v1 {"time_micros": 1555630946051055, "job": 1, "event": "recovery_started", "log_files": [1153, 1159]}
2019/04/18-16:42:26.051084 7f2ab1cf1700 [db/db_impl_open.cc:551] Recovering log #1153 mode 2
2019/04/18-16:42:28.037622 7f2ab1cf1700 EVENT_LOG_v1 {"time_micros": 1555630948037593, "cf_name": "usertable", "job": 1, "event": "table_file_creation", "file_number": 1160, "file_size": 129895354, "table_properties": {"data_size": 129317909, "index_size": 576523, "filter_size": 0, "raw_key_size": 752760, "raw_average_key_size": 24, "raw_value_size": 128471040, "raw_average_value_size": 4096, "num_data_blocks": 15683, "num_entries": 31365, "filter_policy_name": "", "kDeletedKeys": "0", "kMergeOperands": "0"}}
2019/04/18-16:42:28.043367 7f2ab1cf1700 [db/db_impl_open.cc:551] Recovering log #1159 mode 2
2019/04/18-16:42:28.066224 7f2ab1cf1700 [db/version_set.cc:2847] Creating manifest 1161
2019/04/18-16:42:28.160583 7f2ab1cf1700 EVENT_LOG_v1 {"time_micros": 1555630948160537, "cf_name": "usertable", "job": 1, "event": "table_file_creation", "file_number": 1162, "file_size": 1715326, "table_properties": {"data_size": 1706967, "index_size": 7443, "filter_size": 0, "raw_key_size": 9936, "raw_average_key_size": 24, "raw_value_size": 1695744, "raw_average_value_size": 4096, "num_data_blocks": 207, "num_entries": 414, "filter_policy_name": "", "kDeletedKeys": "0", "kMergeOperands": "0"}}
2019/04/18-16:42:28.188677 7f2ab1cf1700 EVENT_LOG_v1 {"time_micros": 1555630948188672, "job": 1, "event": "recovery_finished"}
2019/04/18-16:42:28.260973 7f2ab1cf1700 [db/db_impl_open.cc:1219] DB pointer 0x7f29d83ae020
2019/04/18-16:42:28.261421 7f2ab0b3b700 [WARN] [db/db_impl.cc:491] ------- DUMPING STATS -------
2019/04/18-16:42:28.261495 7f2ab0b3b700 [WARN] [db/db_impl.cc:492] 
** DB Stats **
Uptime(secs): 2.9 total, 2.9 interval
Cumulative writes: 0 writes, 0 keys, 0 commit groups, 0.0 writes per commit group, ingest: 0.00 GB, 0.00 MB/s
Cumulative WAL: 0 writes, 0 syncs, 0.00 writes per sync, written: 0.00 GB, 0.00 MB/s
Cumulative stall: 00:00:0.000 H:M:S, 0.0 percent
Interval writes: 0 writes, 0 keys, 0 commit groups, 0.0 writes per commit group, ingest: 0.00 MB, 0.00 MB/s
Interval WAL: 0 writes, 0 syncs, 0.00 writes per sync, written: 0.00 MB, 0.00 MB/s
Interval stall: 00:00:0.000 H:M:S, 0.0 percent

** Compaction Stats [default] **
Level    Files   Size     Score Read(GB)  Rn(GB) Rnp1(GB) Write(GB) Wnew(GB) Moved(GB) W-Amp Rd(MB/s) Wr(MB/s) Comp(sec) Comp(cnt) Avg(sec) KeyIn KeyDrop
----------------------------------------------------------------------------------------------------------------------------------------------------------
 Sum      0/0    0.00 KB   0.0      0.0     0.0      0.0       0.0      0.0       0.0   0.0      0.0      0.0         0         0    0.000       0      0
 Int      0/0    0.00 KB   0.0      0.0     0.0      0.0       0.0      0.0       0.0   0.0      0.0      0.0         0         0    0.000       0      0
Uptime(secs): 2.9 total, 2.9 interval
Flush(GB): cumulative 0.000, interval 0.000
AddFile(GB): cumulative 0.000, interval 0.000
AddFile(Total Files): cumulative 0, interval 0
AddFile(L0 Files): cumulative 0, interval 0
AddFile(Keys): cumulative 0, interval 0
Cumulative compaction: 0.00 GB write, 0.00 MB/s write, 0.00 GB read, 0.00 MB/s read, 0.0 seconds
Interval compaction: 0.00 GB write, 0.00 MB/s write, 0.00 GB read, 0.00 MB/s read, 0.0 seconds
Stalls(count): 0 level0_slowdown, 0 level0_slowdown_with_compaction, 0 level0_numfiles, 0 level0_numfiles_with_compaction, 0 stop for pending_compaction_bytes, 0 slowdown for pending_compaction_bytes, 0 memtable_compaction, 0 memtable_slowdown, interval 0 total count

** File Read Latency Histogram By Level [default] **

** Compaction Stats [usertable] **
Level    Files   Size     Score Read(GB)  Rn(GB) Rnp1(GB) Write(GB) Wnew(GB) Moved(GB) W-Amp Rd(MB/s) Wr(MB/s) Comp(sec) Comp(cnt) Avg(sec) KeyIn KeyDrop
----------------------------------------------------------------------------------------------------------------------------------------------------------
  L0      3/0   373.27 MB   1.5      0.0     0.0      0.0       0.1      0.1       0.0   1.0      0.0    155.1         1         2    0.405       0      0
  L1      2/0   495.51 MB   1.0      0.0     0.0      0.0       0.0      0.0       0.0   0.0      0.0      0.0         0         0    0.000       0      0
  L2     93/0    4.97 GB   1.0      0.0     0.0      0.0       0.0      0.0       0.0   0.0      0.0      0.0         0         0    0.000       0      0
  L3    559/0   34.36 GB   0.7      0.0     0.0      0.0       0.0      0.0       0.0   0.0      0.0      0.0         0         0    0.000       0      0
 Sum    657/0   40.18 GB   0.0      0.0     0.0      0.0       0.1      0.1       0.0   1.0      0.0    155.1         1         2    0.405       0      0
 Int      0/0    0.00 KB   0.0      0.0     0.0      0.0       0.1      0.1       0.0   1.0      0.0    155.1         1         2    0.405       0      0
Uptime(secs): 2.9 total, 2.9 interval
Flush(GB): cumulative 0.123, interval 0.123
AddFile(GB): cumulative 0.000, interval 0.000
AddFile(Total Files): cumulative 0, interval 0
AddFile(L0 Files): cumulative 0, interval 0
AddFile(Keys): cumulative 0, interval 0
Cumulative compaction: 0.12 GB write, 43.15 MB/s write, 0.00 GB read, 0.00 MB/s read, 0.8 seconds
Interval compaction: 0.12 GB write, 43.15 MB/s write, 0.00 GB read, 0.00 MB/s read, 0.8 seconds
Stalls(count): 0 level0_slowdown, 0 level0_slowdown_with_compaction, 0 level0_numfiles, 0 level0_numfiles_with_compaction, 0 stop for pending_compaction_bytes, 0 slowdown for pending_compaction_bytes, 0 memtable_compaction, 0 memtable_slowdown, interval 0 total count

** File Read Latency Histogram By Level [usertable] **

** Compaction Stats [default] **
Level    Files   Size     Score Read(GB)  Rn(GB) Rnp1(GB) Write(GB) Wnew(GB) Moved(GB) W-Amp Rd(MB/s) Wr(MB/s) Comp(sec) Comp(cnt) Avg(sec) KeyIn KeyDrop
----------------------------------------------------------------------------------------------------------------------------------------------------------
 Sum      0/0    0.00 KB   0.0      0.0     0.0      0.0       0.0      0.0       0.0   0.0      0.0      0.0         0         0    0.000       0      0
 Int      0/0    0.00 KB   0.0      0.0     0.0      0.0       0.0      0.0       0.0   0.0      0.0      0.0         0         0    0.000       0      0
Uptime(secs): 2.9 total, 0.0 interval
Flush(GB): cumulative 0.000, interval 0.000
AddFile(GB): cumulative 0.000, interval 0.000
AddFile(Total Files): cumulative 0, interval 0
AddFile(L0 Files): cumulative 0, interval 0
AddFile(Keys): cumulative 0, interval 0
Cumulative compaction: 0.00 GB write, 0.00 MB/s write, 0.00 GB read, 0.00 MB/s read, 0.0 seconds
Interval compaction: 0.00 GB write, 0.00 MB/s write, 0.00 GB read, 0.00 MB/s read, 0.0 seconds
Stalls(count): 0 level0_slowdown, 0 level0_slowdown_with_compaction, 0 level0_numfiles, 0 level0_numfiles_with_compaction, 0 stop for pending_compaction_bytes, 0 slowdown for pending_compaction_bytes, 0 memtable_compaction, 0 memtable_slowdown, interval 0 total count

** File Read Latency Histogram By Level [default] **

** Compaction Stats [usertable] **
Level    Files   Size     Score Read(GB)  Rn(GB) Rnp1(GB) Write(GB) Wnew(GB) Moved(GB) W-Amp Rd(MB/s) Wr(MB/s) Comp(sec) Comp(cnt) Avg(sec) KeyIn KeyDrop
----------------------------------------------------------------------------------------------------------------------------------------------------------
  L0      3/0   373.27 MB   1.5      0.0     0.0      0.0       0.1      0.1       0.0   1.0      0.0    155.1         1         2    0.405       0      0
  L1      2/0   495.51 MB   1.0      0.0     0.0      0.0       0.0      0.0       0.0   0.0      0.0      0.0         0         0    0.000       0      0
  L2     93/0    4.97 GB   1.0      0.0     0.0      0.0       0.0      0.0       0.0   0.0      0.0      0.0         0         0    0.000       0      0
  L3    559/0   34.36 GB   0.7      0.0     0.0      0.0       0.0      0.0       0.0   0.0      0.0      0.0         0         0    0.000       0      0
 Sum    657/0   40.18 GB   0.0      0.0     0.0      0.0       0.1      0.1       0.0   1.0      0.0    155.1         1         2    0.405       0      0
 Int      0/0    0.00 KB   0.0      0.0     0.0      0.0       0.0      0.0       0.0   0.0      0.0      0.0         0         0    0.000       0      0
Uptime(secs): 2.9 total, 0.0 interval
Flush(GB): cumulative 0.123, interval 0.000
AddFile(GB): cumulative 0.000, interval 0.000
AddFile(Total Files): cumulative 0, interval 0
AddFile(L0 Files): cumulative 0, interval 0
AddFile(Keys): cumulative 0, interval 0
Cumulative compaction: 0.12 GB write, 43.15 MB/s write, 0.00 GB read, 0.00 MB/s read, 0.8 seconds
Interval compaction: 0.00 GB write, 0.00 MB/s write, 0.00 GB read, 0.00 MB/s read, 0.0 seconds
Stalls(count): 0 level0_slowdown, 0 level0_slowdown_with_compaction, 0 level0_numfiles, 0 level0_numfiles_with_compaction, 0 stop for pending_compaction_bytes, 0 slowdown for pending_compaction_bytes, 0 memtable_compaction, 0 memtable_slowdown, interval 0 total count

** File Read Latency Histogram By Level [usertable] **
2019/04/18-16:42:28.289702 7f2ab0b3b700 (Original Log Time 2019/04/18-16:42:28.261655) [db/db_impl_compaction_flush.cc:1835] [usertable] Moving #251 to level-1 259789987 bytes
2019/04/18-16:42:28.289709 7f2ab0b3b700 (Original Log Time 2019/04/18-16:42:28.289584) EVENT_LOG_v1 {"time_micros": 1555630948289572, "job": 3, "event": "trivial_move", "destination_level": 1, "files": 1, "total_files_size": 259789987}
2019/04/18-16:42:28.289712 7f2ab0b3b700 (Original Log Time 2019/04/18-16:42:28.289599) [db/db_impl_compaction_flush.cc:1864] [usertable] Moved #1 files to level-1 259789987 bytes OK: base level 1 max bytes base 536870912 files[2 3 93 559 0 0 0] max score 1.45
2019/04/18-16:42:28.289952 7f2ab0b3b700 [db/compaction_job.cc:1531] [usertable] [JOB 4] Compacting 1@1 files to L2, score 1.45
2019/04/18-16:42:28.289963 7f2ab0b3b700 [db/compaction_job.cc:1535] [usertable] Compaction start summary: Base version 6 Base level 1, inputs: [251(247MB)]
2019/04/18-16:42:28.290011 7f2ab0b3b700 EVENT_LOG_v1 {"time_micros": 1555630948289972, "job": 4, "event": "compaction_started", "compaction_reason": "LevelMaxLevelSize", "files_L1": [251], "score": 1.45169, "input_data_size": 259789987}
2019/04/18-16:42:29.547198 7f2ab0b3b700 [db/compaction_job.cc:1211] [usertable] [JOB 4] Generated table #1166: 16279 keys, 67233388 bytes
2019/04/18-16:42:29.547239 7f2ab0b3b700 EVENT_LOG_v1 {"time_micros": 1555630949547221, "cf_name": "usertable", "job": 4, "event": "table_file_creation", "file_number": 1166, "file_size": 67233388, "table_properties": {"data_size": 67118331, "index_size": 299108, "filter_size": 0, "raw_key_size": 390696, "raw_average_key_size": 24, "raw_value_size": 66678784, "raw_average_value_size": 4096, "num_data_blocks": 8140, "num_entries": 16279, "filter_policy_name": "", "kDeletedKeys": "0", "kMergeOperands": "0"}}
2019/04/18-16:42:30.338763 7f2ab0b3b700 [db/compaction_job.cc:1211] [usertable] [JOB 4] Generated table #1167: 16279 keys, 67233549 bytes
2019/04/18-16:42:30.338811 7f2ab0b3b700 EVENT_LOG_v1 {"time_micros": 1555630950338791, "cf_name": "usertable", "job": 4, "event": "table_file_creation", "file_number": 1167, "file_size": 67233549, "table_properties": {"data_size": 67120140, "index_size": 300916, "filter_size": 0, "raw_key_size": 390696, "raw_average_key_size": 24, "raw_value_size": 66678784, "raw_average_value_size": 4096, "num_data_blocks": 8140, "num_entries": 16279, "filter_policy_name": "", "kDeletedKeys": "0", "kMergeOperands": "0"}}
2019/04/18-16:42:31.170499 7f2ab0b3b700 [db/compaction_job.cc:1211] [usertable] [JOB 4] Generated table #1168: 16279 keys, 67233363 bytes
2019/04/18-16:42:31.170538 7f2ab0b3b700 EVENT_LOG_v1 {"time_micros": 1555630951170520, "cf_name": "usertable", "job": 4, "event": "table_file_creation", "file_number": 1168, "file_size": 67233363, "table_properties": {"data_size": 67118331, "index_size": 299106, "filter_size": 0, "raw_key_size": 390696, "raw_average_key_size": 24, "raw_value_size": 66678784, "raw_average_value_size": 4096, "num_data_blocks": 8140, "num_entries": 16279, "filter_policy_name": "", "kDeletedKeys": "0", "kMergeOperands": "0"}}
2019/04/18-16:42:31.814138 7f2ab0b3b700 [db/compaction_job.cc:1211] [usertable] [JOB 4] Generated table #1169: 13893 keys, 57379348 bytes
2019/04/18-16:42:31.814184 7f2ab0b3b700 EVENT_LOG_v1 {"time_micros": 1555630951814164, "cf_name": "usertable", "job": 4, "event": "table_file_creation", "file_number": 1169, "file_size": 57379348, "table_properties": {"data_size": 57282397, "index_size": 256775, "filter_size": 0, "raw_key_size": 333432, "raw_average_key_size": 24, "raw_value_size": 56905728, "raw_average_value_size": 4096, "num_data_blocks": 6947, "num_entries": 13893, "filter_policy_name": "", "kDeletedKeys": "0", "kMergeOperands": "0"}}
2019/04/18-16:42:31.814236 7f2ab0b3b700 [db/compaction_job.cc:1287] [usertable] [JOB 4] Compacted 1@1 files to L2 => 259079648 bytes
2019/04/18-16:42:31.830023 7f2ab0b3b700 (Original Log Time 2019/04/18-16:42:31.829923) [db/compaction_job.cc:685] [usertable] compacted to: base level 1 max bytes base 536870912 files[2 2 97 559 0 0 0] max score 1.04, MB/sec: 73.7 rd, 73.5 wr, level 2, files in(1, 0) out(4) MB in(247.8, 0.0) out(247.1), read-write-amplify(2.0) write-amplify(1.0) OK, records in: 62730, records dropped: 0 output_compression: LZ4
2019/04/18-16:42:31.830030 7f2ab0b3b700 (Original Log Time 2019/04/18-16:42:31.829953) EVENT_LOG_v1 {"time_micros": 1555630951829940, "job": 4, "event": "compaction_finished", "compaction_time_micros": 3524187, "output_level": 2, "num_output_files": 4, "total_output_size": 259079648, "num_input_records": 62730, "num_output_records": 62730, "num_subcompactions": 1, "output_compression": "LZ4", "num_single_delete_mismatches": 0, "num_single_delete_fallthrough": 0, "lsm_state": [2, 2, 97, 559, 0, 0, 0]}
2019/04/18-16:42:31.850315 7f2ab0b3b700 EVENT_LOG_v1 {"time_micros": 1555630951850305, "job": 4, "event": "table_file_deletion", "file_number": 251}
2019/04/18-16:42:31.867381 7f2ab0b3b700 (Original Log Time 2019/04/18-16:42:31.850478) [db/db_impl_compaction_flush.cc:1835] [usertable] Moving #1167 to level-3 67233549 bytes
2019/04/18-16:42:31.867385 7f2ab0b3b700 (Original Log Time 2019/04/18-16:42:31.867340) EVENT_LOG_v1 {"time_micros": 1555630951867333, "job": 5, "event": "trivial_move", "destination_level": 3, "files": 1, "total_files_size": 67233549}
2019/04/18-16:42:31.867386 7f2ab0b3b700 (Original Log Time 2019/04/18-16:42:31.867350) [db/db_impl_compaction_flush.cc:1864] [usertable] Moved #1 files to level-3 67233549 bytes OK: base level 1 max bytes base 536870912 files[2 2 96 560 0 0 0] max score 1.03
2019/04/18-16:42:31.882635 7f2ab0b3b700 (Original Log Time 2019/04/18-16:42:31.867426) [db/db_impl_compaction_flush.cc:1835] [usertable] Moving #1166 to level-3 67233388 bytes
2019/04/18-16:42:31.882638 7f2ab0b3b700 (Original Log Time 2019/04/18-16:42:31.882600) EVENT_LOG_v1 {"time_micros": 1555630951882594, "job": 6, "event": "trivial_move", "destination_level": 3, "files": 1, "total_files_size": 67233388}
2019/04/18-16:42:31.882640 7f2ab0b3b700 (Original Log Time 2019/04/18-16:42:31.882606) [db/db_impl_compaction_flush.cc:1864] [usertable] Moved #1 files to level-3 67233388 bytes OK: base level 1 max bytes base 536870912 files[2 2 95 561 0 0 0] max score 1.02
2019/04/18-16:42:31.897908 7f2ab0b3b700 (Original Log Time 2019/04/18-16:42:31.882779) [db/db_impl_compaction_flush.cc:1835] [usertable] Moving #1168 to level-3 67233363 bytes
2019/04/18-16:42:31.897911 7f2ab0b3b700 (Original Log Time 2019/04/18-16:42:31.897873) EVENT_LOG_v1 {"time_micros": 1555630951897866, "job": 7, "event": "trivial_move", "destination_level": 3, "files": 1, "total_files_size": 67233363}
2019/04/18-16:42:31.897913 7f2ab0b3b700 (Original Log Time 2019/04/18-16:42:31.897880) [db/db_impl_compaction_flush.cc:1864] [usertable] Moved #1 files to level-3 67233363 bytes OK: base level 1 max bytes base 536870912 files[2 2 94 562 0 0 0] max score 1.00
2019/04/18-16:42:31.913615 7f2ab0b3b700 (Original Log Time 2019/04/18-16:42:31.897949) [db/db_impl_compaction_flush.cc:1835] [usertable] Moving #1169 to level-3 57379348 bytes
2019/04/18-16:42:31.913618 7f2ab0b3b700 (Original Log Time 2019/04/18-16:42:31.913584) EVENT_LOG_v1 {"time_micros": 1555630951913579, "job": 8, "event": "trivial_move", "destination_level": 3, "files": 1, "total_files_size": 57379348}
