2018/12/29-14:18:26.715416 7f6935cf1700 RocksDB version: 5.14.3
2018/12/29-14:18:26.715460 7f6935cf1700 Git sha rocksdb_build_git_sha:
2018/12/29-14:18:26.715463 7f6935cf1700 Compile date Dec 29 2018
2018/12/29-14:18:26.715466 7f6935cf1700 DB SUMMARY
2018/12/29-14:18:26.715488 7f6935cf1700 SST files in /mnt/sdg/ycsb-rocksdb-data dir, Total Num: 0, files: 
2018/12/29-14:18:26.715491 7f6935cf1700 Write Ahead Log file in /mnt/sdg/ycsb-rocksdb-data: 
2018/12/29-14:18:26.715493 7f6935cf1700                         Options.error_if_exists: 0
2018/12/29-14:18:26.715495 7f6935cf1700                       Options.create_if_missing: 1
2018/12/29-14:18:26.715496 7f6935cf1700                         Options.paranoid_checks: 1
2018/12/29-14:18:26.715497 7f6935cf1700                                     Options.env: 0x7f68e4ff72c0
2018/12/29-14:18:26.715498 7f6935cf1700                                Options.info_log: 0x7f68e03c87a0
2018/12/29-14:18:26.715499 7f6935cf1700                Options.max_file_opening_threads: 16
2018/12/29-14:18:26.715500 7f6935cf1700                              Options.statistics: (nil)
2018/12/29-14:18:26.715501 7f6935cf1700                               Options.use_fsync: 0
2018/12/29-14:18:26.715502 7f6935cf1700                       Options.max_log_file_size: 0
2018/12/29-14:18:26.715504 7f6935cf1700                  Options.max_manifest_file_size: 18446744073709551615
2018/12/29-14:18:26.715505 7f6935cf1700                   Options.log_file_time_to_roll: 0
2018/12/29-14:18:26.715506 7f6935cf1700                       Options.keep_log_file_num: 1000
2018/12/29-14:18:26.715507 7f6935cf1700                    Options.recycle_log_file_num: 0
2018/12/29-14:18:26.715508 7f6935cf1700                         Options.allow_fallocate: 1
2018/12/29-14:18:26.715509 7f6935cf1700                        Options.allow_mmap_reads: 0
2018/12/29-14:18:26.715510 7f6935cf1700                       Options.allow_mmap_writes: 0
2018/12/29-14:18:26.715511 7f6935cf1700                        Options.use_direct_reads: 0
2018/12/29-14:18:26.715512 7f6935cf1700                        Options.use_direct_io_for_flush_and_compaction: 0
2018/12/29-14:18:26.715513 7f6935cf1700          Options.create_missing_column_families: 1
2018/12/29-14:18:26.715514 7f6935cf1700                              Options.db_log_dir: 
2018/12/29-14:18:26.715515 7f6935cf1700                                 Options.wal_dir: /mnt/sdg/ycsb-rocksdb-data
2018/12/29-14:18:26.715517 7f6935cf1700                Options.table_cache_numshardbits: 6
2018/12/29-14:18:26.715518 7f6935cf1700                      Options.max_subcompactions: 4
2018/12/29-14:18:26.715519 7f6935cf1700                  Options.max_background_flushes: 24
2018/12/29-14:18:26.715520 7f6935cf1700                         Options.WAL_ttl_seconds: 0
2018/12/29-14:18:26.715521 7f6935cf1700                       Options.WAL_size_limit_MB: 0
2018/12/29-14:18:26.715522 7f6935cf1700             Options.manifest_preallocation_size: 4194304
2018/12/29-14:18:26.715523 7f6935cf1700                     Options.is_fd_close_on_exec: 1
2018/12/29-14:18:26.715524 7f6935cf1700                   Options.advise_random_on_open: 1
2018/12/29-14:18:26.715525 7f6935cf1700                    Options.db_write_buffer_size: 0
2018/12/29-14:18:26.715526 7f6935cf1700                    Options.write_buffer_manager: 0x7f68e03c57c0
2018/12/29-14:18:26.715527 7f6935cf1700         Options.access_hint_on_compaction_start: 1
2018/12/29-14:18:26.715529 7f6935cf1700  Options.new_table_reader_for_compaction_inputs: 0
2018/12/29-14:18:26.715530 7f6935cf1700           Options.random_access_max_buffer_size: 1048576
2018/12/29-14:18:26.715531 7f6935cf1700                      Options.use_adaptive_mutex: 0
2018/12/29-14:18:26.715532 7f6935cf1700                            Options.rate_limiter: (nil)
2018/12/29-14:18:26.715534 7f6935cf1700     Options.sst_file_manager.rate_bytes_per_sec: 0
2018/12/29-14:18:26.715535 7f6935cf1700                       Options.wal_recovery_mode: 2
2018/12/29-14:18:26.715536 7f6935cf1700                  Options.enable_thread_tracking: 0
2018/12/29-14:18:26.715537 7f6935cf1700                  Options.enable_pipelined_write: 1
2018/12/29-14:18:26.715547 7f6935cf1700         Options.allow_concurrent_memtable_write: 1
2018/12/29-14:18:26.715548 7f6935cf1700      Options.enable_write_thread_adaptive_yield: 1
2018/12/29-14:18:26.715549 7f6935cf1700             Options.write_thread_max_yield_usec: 100
2018/12/29-14:18:26.715550 7f6935cf1700            Options.write_thread_slow_yield_usec: 3
2018/12/29-14:18:26.715551 7f6935cf1700                               Options.row_cache: None
2018/12/29-14:18:26.715553 7f6935cf1700                              Options.wal_filter: None
2018/12/29-14:18:26.715554 7f6935cf1700             Options.avoid_flush_during_recovery: 0
2018/12/29-14:18:26.715555 7f6935cf1700             Options.allow_ingest_behind: 0
2018/12/29-14:18:26.715556 7f6935cf1700             Options.preserve_deletes: 0
2018/12/29-14:18:26.715557 7f6935cf1700             Options.two_write_queues: 0
2018/12/29-14:18:26.715558 7f6935cf1700             Options.manual_wal_flush: 0
2018/12/29-14:18:26.715560 7f6935cf1700             Options.max_background_jobs: 24
2018/12/29-14:18:26.715561 7f6935cf1700             Options.max_background_compactions: 24
2018/12/29-14:18:26.715562 7f6935cf1700             Options.avoid_flush_during_shutdown: 0
2018/12/29-14:18:26.715563 7f6935cf1700           Options.writable_file_max_buffer_size: 1048576
2018/12/29-14:18:26.715564 7f6935cf1700             Options.delayed_write_rate : 16777216
2018/12/29-14:18:26.715566 7f6935cf1700             Options.max_total_wal_size: 0
2018/12/29-14:18:26.715567 7f6935cf1700             Options.delete_obsolete_files_period_micros: 21600000000
2018/12/29-14:18:26.715568 7f6935cf1700                   Options.stats_dump_period_sec: 60
2018/12/29-14:18:26.715569 7f6935cf1700                          Options.max_open_files: -1
2018/12/29-14:18:26.715570 7f6935cf1700                          Options.bytes_per_sync: 1048576
2018/12/29-14:18:26.715571 7f6935cf1700                      Options.wal_bytes_per_sync: 0
2018/12/29-14:18:26.715572 7f6935cf1700       Options.compaction_readahead_size: 0
2018/12/29-14:18:26.715573 7f6935cf1700 Compression algorithms supported:
2018/12/29-14:18:26.715575 7f6935cf1700 	kZSTDNotFinalCompression supported: 1
2018/12/29-14:18:26.715582 7f6935cf1700 	kZSTD supported: 1
2018/12/29-14:18:26.715583 7f6935cf1700 	kXpressCompression supported: 0
2018/12/29-14:18:26.715585 7f6935cf1700 	kLZ4HCCompression supported: 1
2018/12/29-14:18:26.715586 7f6935cf1700 	kLZ4Compression supported: 1
2018/12/29-14:18:26.715587 7f6935cf1700 	kBZip2Compression supported: 1
2018/12/29-14:18:26.715588 7f6935cf1700 	kZlibCompression supported: 1
2018/12/29-14:18:26.715590 7f6935cf1700 	kSnappyCompression supported: 1
2018/12/29-14:18:26.715594 7f6935cf1700 Fast CRC32 supported: Supported on x86
2018/12/29-14:18:26.715654 7f6935cf1700 [db/db_impl_open.cc:222] Creating manifest 1 
2018/12/29-14:18:26.816172 7f6935cf1700 [db/version_set.cc:3085] Recovering from manifest file: MANIFEST-000001
2018/12/29-14:18:26.816267 7f6935cf1700 [db/column_family.cc:475] --------------- Options for column family [default]:
2018/12/29-14:18:26.816271 7f6935cf1700               Options.comparator: leveldb.BytewiseComparator
2018/12/29-14:18:26.816273 7f6935cf1700           Options.merge_operator: None
2018/12/29-14:18:26.816274 7f6935cf1700        Options.compaction_filter: None
2018/12/29-14:18:26.816275 7f6935cf1700        Options.compaction_filter_factory: None
2018/12/29-14:18:26.816276 7f6935cf1700         Options.memtable_factory: SkipListFactory
2018/12/29-14:18:26.816278 7f6935cf1700            Options.table_factory: BlockBasedTable
2018/12/29-14:18:26.816307 7f6935cf1700            table_factory options:   flush_block_policy_factory: FlushBlockBySizePolicyFactory (0x7f68e037a3e0)
  cache_index_and_filter_blocks: 0
  cache_index_and_filter_blocks_with_high_priority: 0
  pin_l0_filter_and_index_blocks_in_cache: 0
  index_type: 0
  hash_index_allow_collision: 1
  checksum: 1
  no_block_cache: 0
  block_cache: 0x7f68e0385e10
  block_cache_name: LRUCache
  block_cache_options:
    capacity : 8388608
    num_shard_bits : 4
    strict_capacity_limit : 0
    high_pri_pool_ratio: 0.000
  block_cache_compressed: (nil)
  persistent_cache: (nil)
  block_size: 8192
  block_size_deviation: 10
  block_restart_interval: 16
  index_block_restart_interval: 1
  metadata_block_size: 4096
  partition_filters: 0
  use_delta_encoding: 1
  filter_policy: nullptr
  whole_key_filtering: 1
  verify_compression: 0
  read_amp_bytes_per_bit: 0
  format_version: 2
  enable_index_compression: 1
  block_align: 0
2018/12/29-14:18:26.816322 7f6935cf1700        Options.write_buffer_size: 134217728
2018/12/29-14:18:26.816324 7f6935cf1700  Options.max_write_buffer_number: 24
2018/12/29-14:18:26.816325 7f6935cf1700        Options.compression[0]: NoCompression
2018/12/29-14:18:26.816327 7f6935cf1700        Options.compression[1]: NoCompression
2018/12/29-14:18:26.816328 7f6935cf1700        Options.compression[2]: LZ4
2018/12/29-14:18:26.816329 7f6935cf1700        Options.compression[3]: LZ4
2018/12/29-14:18:26.816330 7f6935cf1700        Options.compression[4]: LZ4
2018/12/29-14:18:26.816331 7f6935cf1700        Options.compression[5]: LZ4
2018/12/29-14:18:26.816333 7f6935cf1700        Options.compression[6]: LZ4
2018/12/29-14:18:26.816334 7f6935cf1700                  Options.bottommost_compression: Disabled
2018/12/29-14:18:26.816335 7f6935cf1700       Options.prefix_extractor: nullptr
2018/12/29-14:18:26.816336 7f6935cf1700   Options.memtable_insert_with_hint_prefix_extractor: nullptr
2018/12/29-14:18:26.816337 7f6935cf1700             Options.num_levels: 7
2018/12/29-14:18:26.816338 7f6935cf1700        Options.min_write_buffer_number_to_merge: 2
2018/12/29-14:18:26.816340 7f6935cf1700     Options.max_write_buffer_number_to_maintain: 0
2018/12/29-14:18:26.816341 7f6935cf1700            Options.compression_opts.window_bits: -14
2018/12/29-14:18:26.816342 7f6935cf1700                  Options.compression_opts.level: -1
2018/12/29-14:18:26.816343 7f6935cf1700               Options.compression_opts.strategy: 0
2018/12/29-14:18:26.816344 7f6935cf1700         Options.compression_opts.max_dict_bytes: 0
2018/12/29-14:18:26.816345 7f6935cf1700         Options.compression_opts.zstd_max_train_bytes: 0
2018/12/29-14:18:26.816346 7f6935cf1700      Options.level0_file_num_compaction_trigger: 2
2018/12/29-14:18:26.816348 7f6935cf1700          Options.level0_slowdown_writes_trigger: 20
2018/12/29-14:18:26.816349 7f6935cf1700              Options.level0_stop_writes_trigger: 36
2018/12/29-14:18:26.816350 7f6935cf1700                   Options.target_file_size_base: 67108864
2018/12/29-14:18:26.816351 7f6935cf1700             Options.target_file_size_multiplier: 1
2018/12/29-14:18:26.816352 7f6935cf1700                Options.max_bytes_for_level_base: 536870912
2018/12/29-14:18:26.816353 7f6935cf1700 Options.level_compaction_dynamic_level_bytes: 0
2018/12/29-14:18:26.816354 7f6935cf1700          Options.max_bytes_for_level_multiplier: 10.000000
2018/12/29-14:18:26.816357 7f6935cf1700 Options.max_bytes_for_level_multiplier_addtl[0]: 1
2018/12/29-14:18:26.816358 7f6935cf1700 Options.max_bytes_for_level_multiplier_addtl[1]: 1
2018/12/29-14:18:26.816359 7f6935cf1700 Options.max_bytes_for_level_multiplier_addtl[2]: 1
2018/12/29-14:18:26.816360 7f6935cf1700 Options.max_bytes_for_level_multiplier_addtl[3]: 1
2018/12/29-14:18:26.816361 7f6935cf1700 Options.max_bytes_for_level_multiplier_addtl[4]: 1
2018/12/29-14:18:26.816362 7f6935cf1700 Options.max_bytes_for_level_multiplier_addtl[5]: 1
2018/12/29-14:18:26.816363 7f6935cf1700 Options.max_bytes_for_level_multiplier_addtl[6]: 1
2018/12/29-14:18:26.816364 7f6935cf1700       Options.max_sequential_skip_in_iterations: 8
2018/12/29-14:18:26.816366 7f6935cf1700                    Options.max_compaction_bytes: 1677721600
2018/12/29-14:18:26.816367 7f6935cf1700                        Options.arena_block_size: 16777216
2018/12/29-14:18:26.816368 7f6935cf1700   Options.soft_pending_compaction_bytes_limit: 68719476736
2018/12/29-14:18:26.816369 7f6935cf1700   Options.hard_pending_compaction_bytes_limit: 274877906944
2018/12/29-14:18:26.816376 7f6935cf1700       Options.rate_limit_delay_max_milliseconds: 100
2018/12/29-14:18:26.816377 7f6935cf1700                Options.disable_auto_compactions: 0
2018/12/29-14:18:26.816380 7f6935cf1700                        Options.compaction_style: kCompactionStyleLevel
2018/12/29-14:18:26.816382 7f6935cf1700                          Options.compaction_pri: kByCompensatedSize
2018/12/29-14:18:26.816383 7f6935cf1700 Options.compaction_options_universal.size_ratio: 1
2018/12/29-14:18:26.816384 7f6935cf1700 Options.compaction_options_universal.min_merge_width: 2
2018/12/29-14:18:26.816385 7f6935cf1700 Options.compaction_options_universal.max_merge_width: 4294967295
2018/12/29-14:18:26.816386 7f6935cf1700 Options.compaction_options_universal.max_size_amplification_percent: 200
2018/12/29-14:18:26.816388 7f6935cf1700 Options.compaction_options_universal.compression_size_percent: -1
2018/12/29-14:18:26.816390 7f6935cf1700 Options.compaction_options_universal.stop_style: kCompactionStopStyleTotalSize
2018/12/29-14:18:26.816391 7f6935cf1700 Options.compaction_options_fifo.max_table_files_size: 1073741824
2018/12/29-14:18:26.816392 7f6935cf1700 Options.compaction_options_fifo.allow_compaction: 0
2018/12/29-14:18:26.816393 7f6935cf1700 Options.compaction_options_fifo.ttl: 0
2018/12/29-14:18:26.816403 7f6935cf1700                   Options.table_properties_collectors: 
2018/12/29-14:18:26.816405 7f6935cf1700                   Options.inplace_update_support: 0
2018/12/29-14:18:26.816406 7f6935cf1700                 Options.inplace_update_num_locks: 10000
2018/12/29-14:18:26.816407 7f6935cf1700               Options.memtable_prefix_bloom_size_ratio: 0.000000
2018/12/29-14:18:26.816409 7f6935cf1700   Options.memtable_huge_page_size: 0
2018/12/29-14:18:26.816410 7f6935cf1700                           Options.bloom_locality: 0
2018/12/29-14:18:26.816411 7f6935cf1700                    Options.max_successive_merges: 0
2018/12/29-14:18:26.816412 7f6935cf1700                Options.optimize_filters_for_hits: 0
2018/12/29-14:18:26.816413 7f6935cf1700                Options.paranoid_file_checks: 0
2018/12/29-14:18:26.816414 7f6935cf1700                Options.force_consistency_checks: 0
2018/12/29-14:18:26.816415 7f6935cf1700                Options.report_bg_io_stats: 0
2018/12/29-14:18:26.816416 7f6935cf1700                               Options.ttl: 0
2018/12/29-14:18:26.817029 7f6935cf1700 [db/version_set.cc:3361] Recovered from manifest file:/mnt/sdg/ycsb-rocksdb-data/MANIFEST-000001 succeeded,manifest_file_number is 1, next_file_number is 3, last_sequence is 0, log_number is 0,prev_log_number is 0,max_column_family is 0,min_log_number_to_keep is 0
2018/12/29-14:18:26.817034 7f6935cf1700 [db/version_set.cc:3369] Column family [default] (ID 0), log number is 0
2018/12/29-14:18:26.817187 7f6935cf1700 [db/version_set.cc:2847] Creating manifest 4
2018/12/29-14:18:26.888854 7f6935cf1700 [db/column_family.cc:475] --------------- Options for column family [usertable]:
2018/12/29-14:18:26.888860 7f6935cf1700               Options.comparator: leveldb.BytewiseComparator
2018/12/29-14:18:26.888862 7f6935cf1700           Options.merge_operator: None
2018/12/29-14:18:26.888863 7f6935cf1700        Options.compaction_filter: None
2018/12/29-14:18:26.888864 7f6935cf1700        Options.compaction_filter_factory: None
2018/12/29-14:18:26.888865 7f6935cf1700         Options.memtable_factory: SkipListFactory
2018/12/29-14:18:26.888867 7f6935cf1700            Options.table_factory: BlockBasedTable
2018/12/29-14:18:26.888895 7f6935cf1700            table_factory options:   flush_block_policy_factory: FlushBlockBySizePolicyFactory (0x7f68e037a4c0)
  cache_index_and_filter_blocks: 0
  cache_index_and_filter_blocks_with_high_priority: 0
  pin_l0_filter_and_index_blocks_in_cache: 0
  index_type: 0
  hash_index_allow_collision: 1
  checksum: 1
  no_block_cache: 0
  block_cache: 0x7f68e037af60
  block_cache_name: LRUCache
  block_cache_options:
    capacity : 8388608
    num_shard_bits : 4
    strict_capacity_limit : 0
    high_pri_pool_ratio: 0.000
  block_cache_compressed: (nil)
  persistent_cache: (nil)
  block_size: 8192
  block_size_deviation: 10
  block_restart_interval: 16
  index_block_restart_interval: 1
  metadata_block_size: 4096
  partition_filters: 0
  use_delta_encoding: 1
  filter_policy: nullptr
  whole_key_filtering: 1
  verify_compression: 0
  read_amp_bytes_per_bit: 0
  format_version: 2
  enable_index_compression: 1
  block_align: 0
2018/12/29-14:18:26.888897 7f6935cf1700        Options.write_buffer_size: 134217728
2018/12/29-14:18:26.888898 7f6935cf1700  Options.max_write_buffer_number: 24
2018/12/29-14:18:26.888900 7f6935cf1700        Options.compression[0]: NoCompression
2018/12/29-14:18:26.888901 7f6935cf1700        Options.compression[1]: NoCompression
2018/12/29-14:18:26.888903 7f6935cf1700        Options.compression[2]: LZ4
2018/12/29-14:18:26.888904 7f6935cf1700        Options.compression[3]: LZ4
2018/12/29-14:18:26.888905 7f6935cf1700        Options.compression[4]: LZ4
2018/12/29-14:18:26.888906 7f6935cf1700        Options.compression[5]: LZ4
2018/12/29-14:18:26.888907 7f6935cf1700        Options.compression[6]: LZ4
2018/12/29-14:18:26.888908 7f6935cf1700                  Options.bottommost_compression: Disabled
2018/12/29-14:18:26.888910 7f6935cf1700       Options.prefix_extractor: nullptr
2018/12/29-14:18:26.888911 7f6935cf1700   Options.memtable_insert_with_hint_prefix_extractor: nullptr
2018/12/29-14:18:26.888912 7f6935cf1700             Options.num_levels: 7
2018/12/29-14:18:26.888913 7f6935cf1700        Options.min_write_buffer_number_to_merge: 2
2018/12/29-14:18:26.888914 7f6935cf1700     Options.max_write_buffer_number_to_maintain: 0
2018/12/29-14:18:26.888915 7f6935cf1700            Options.compression_opts.window_bits: -14
2018/12/29-14:18:26.888916 7f6935cf1700                  Options.compression_opts.level: -1
2018/12/29-14:18:26.888918 7f6935cf1700               Options.compression_opts.strategy: 0
2018/12/29-14:18:26.888919 7f6935cf1700         Options.compression_opts.max_dict_bytes: 0
2018/12/29-14:18:26.888920 7f6935cf1700         Options.compression_opts.zstd_max_train_bytes: 0
2018/12/29-14:18:26.888921 7f6935cf1700      Options.level0_file_num_compaction_trigger: 2
2018/12/29-14:18:26.888922 7f6935cf1700          Options.level0_slowdown_writes_trigger: 20
2018/12/29-14:18:26.888923 7f6935cf1700              Options.level0_stop_writes_trigger: 36
2018/12/29-14:18:26.888924 7f6935cf1700                   Options.target_file_size_base: 67108864
2018/12/29-14:18:26.888925 7f6935cf1700             Options.target_file_size_multiplier: 1
2018/12/29-14:18:26.888926 7f6935cf1700                Options.max_bytes_for_level_base: 536870912
2018/12/29-14:18:26.888927 7f6935cf1700 Options.level_compaction_dynamic_level_bytes: 0
2018/12/29-14:18:26.888928 7f6935cf1700          Options.max_bytes_for_level_multiplier: 10.000000
2018/12/29-14:18:26.888931 7f6935cf1700 Options.max_bytes_for_level_multiplier_addtl[0]: 1
2018/12/29-14:18:26.888942 7f6935cf1700 Options.max_bytes_for_level_multiplier_addtl[1]: 1
2018/12/29-14:18:26.888944 7f6935cf1700 Options.max_bytes_for_level_multiplier_addtl[2]: 1
2018/12/29-14:18:26.888945 7f6935cf1700 Options.max_bytes_for_level_multiplier_addtl[3]: 1
2018/12/29-14:18:26.888946 7f6935cf1700 Options.max_bytes_for_level_multiplier_addtl[4]: 1
2018/12/29-14:18:26.888947 7f6935cf1700 Options.max_bytes_for_level_multiplier_addtl[5]: 1
2018/12/29-14:18:26.888948 7f6935cf1700 Options.max_bytes_for_level_multiplier_addtl[6]: 1
2018/12/29-14:18:26.888949 7f6935cf1700       Options.max_sequential_skip_in_iterations: 8
2018/12/29-14:18:26.888950 7f6935cf1700                    Options.max_compaction_bytes: 1677721600
2018/12/29-14:18:26.888951 7f6935cf1700                        Options.arena_block_size: 16777216
2018/12/29-14:18:26.888952 7f6935cf1700   Options.soft_pending_compaction_bytes_limit: 68719476736
2018/12/29-14:18:26.888954 7f6935cf1700   Options.hard_pending_compaction_bytes_limit: 274877906944
2018/12/29-14:18:26.888955 7f6935cf1700       Options.rate_limit_delay_max_milliseconds: 100
2018/12/29-14:18:26.888956 7f6935cf1700                Options.disable_auto_compactions: 0
2018/12/29-14:18:26.888958 7f6935cf1700                        Options.compaction_style: kCompactionStyleLevel
2018/12/29-14:18:26.888961 7f6935cf1700                          Options.compaction_pri: kByCompensatedSize
2018/12/29-14:18:26.888962 7f6935cf1700 Options.compaction_options_universal.size_ratio: 1
2018/12/29-14:18:26.888963 7f6935cf1700 Options.compaction_options_universal.min_merge_width: 2
2018/12/29-14:18:26.888964 7f6935cf1700 Options.compaction_options_universal.max_merge_width: 4294967295
2018/12/29-14:18:26.888965 7f6935cf1700 Options.compaction_options_universal.max_size_amplification_percent: 200
2018/12/29-14:18:26.888966 7f6935cf1700 Options.compaction_options_universal.compression_size_percent: -1
2018/12/29-14:18:26.888969 7f6935cf1700 Options.compaction_options_universal.stop_style: kCompactionStopStyleTotalSize
2018/12/29-14:18:26.888970 7f6935cf1700 Options.compaction_options_fifo.max_table_files_size: 1073741824
2018/12/29-14:18:26.888971 7f6935cf1700 Options.compaction_options_fifo.allow_compaction: 0
2018/12/29-14:18:26.888972 7f6935cf1700 Options.compaction_options_fifo.ttl: 0
2018/12/29-14:18:26.888973 7f6935cf1700                   Options.table_properties_collectors: 
2018/12/29-14:18:26.888974 7f6935cf1700                   Options.inplace_update_support: 0
2018/12/29-14:18:26.888975 7f6935cf1700                 Options.inplace_update_num_locks: 10000
2018/12/29-14:18:26.888977 7f6935cf1700               Options.memtable_prefix_bloom_size_ratio: 0.000000
2018/12/29-14:18:26.888978 7f6935cf1700   Options.memtable_huge_page_size: 0
2018/12/29-14:18:26.888979 7f6935cf1700                           Options.bloom_locality: 0
2018/12/29-14:18:26.888980 7f6935cf1700                    Options.max_successive_merges: 0
2018/12/29-14:18:26.888981 7f6935cf1700                Options.optimize_filters_for_hits: 0
2018/12/29-14:18:26.888983 7f6935cf1700                Options.paranoid_file_checks: 0
2018/12/29-14:18:26.888984 7f6935cf1700                Options.force_consistency_checks: 0
2018/12/29-14:18:26.888985 7f6935cf1700                Options.report_bg_io_stats: 0
2018/12/29-14:18:26.888986 7f6935cf1700                               Options.ttl: 0
2018/12/29-14:18:26.889042 7f6935cf1700 [db/db_impl.cc:1396] Created column family [usertable] (ID 1)
2018/12/29-14:18:26.967545 7f6935cf1700 [db/db_impl_open.cc:1219] DB pointer 0x7f68e03c8ef0
2018/12/29-14:18:35.933663 7f69351e6700 [db/db_impl_write.cc:1373] [usertable] New memtable created with log file: #9. Immutable memtables: 0.
2018/12/29-14:18:44.731358 7f6934dd1700 [db/db_impl_write.cc:1373] [usertable] New memtable created with log file: #10. Immutable memtables: 1.
2018/12/29-14:18:44.731539 7f67e57fa700 [db/db_impl_compaction_flush.cc:80] [JOB 2] Syncing log #3
2018/12/29-14:18:45.008460 7f67e57fa700 [db/db_impl_compaction_flush.cc:80] [JOB 2] Syncing log #9
2018/12/29-14:18:45.507976 7f67e57fa700 (Original Log Time 2018/12/29-14:18:44.731481) [db/db_impl_compaction_flush.cc:1424] Calling FlushMemTableToOutputFile with column family [usertable], flush slots available 24, compaction slots available 1, flush slots scheduled 1, compaction slots scheduled 0
2018/12/29-14:18:45.507993 7f67e57fa700 [db/flush_job.cc:301] [usertable] [JOB 2] Flushing memtable with next log file: 9
2018/12/29-14:18:45.508007 7f67e57fa700 [db/flush_job.cc:301] [usertable] [JOB 2] Flushing memtable with next log file: 10
2018/12/29-14:18:45.508062 7f67e57fa700 EVENT_LOG_v1 {"time_micros": 1546121925508038, "job": 2, "event": "flush_started", "num_memtables": 2, "num_entries": 62164, "num_deletes": 0, "memory_usage": 260121888, "flush_reason": "Write Buffer Full"}
2018/12/29-14:18:45.508078 7f67e57fa700 [db/flush_job.cc:331] [usertable] [JOB 2] Level-0 flush table #11: started
2018/12/29-14:18:47.578462 7f67e57fa700 EVENT_LOG_v1 {"time_micros": 1546121927578438, "cf_name": "usertable", "job": 2, "event": "table_file_creation", "file_number": 11, "file_size": 257445964, "table_properties": {"data_size": 256302172, "index_size": 1142865, "filter_size": 0, "raw_key_size": 1491936, "raw_average_key_size": 24, "raw_value_size": 254623744, "raw_average_value_size": 4096, "num_data_blocks": 31082, "num_entries": 62164, "filter_policy_name": "", "kDeletedKeys": "0", "kMergeOperands": "0"}}
2018/12/29-14:18:47.578496 7f67e57fa700 [db/flush_job.cc:371] [usertable] [JOB 2] Level-0 flush table #11: 257445964 bytes OK
2018/12/29-14:18:47.639880 7f67e57fa700 (Original Log Time 2018/12/29-14:18:47.578518) [db/memtable_list.cc:377] [usertable] Level-0 commit table #11 started
2018/12/29-14:18:47.639885 7f67e57fa700 (Original Log Time 2018/12/29-14:18:47.639727) [db/memtable_list.cc:409] [usertable] Level-0 commit table #11: memtable #1 done
2018/12/29-14:18:47.639887 7f67e57fa700 (Original Log Time 2018/12/29-14:18:47.639746) [db/memtable_list.cc:409] [usertable] Level-0 commit table #11: memtable #2 done
2018/12/29-14:18:47.639888 7f67e57fa700 (Original Log Time 2018/12/29-14:18:47.639808) EVENT_LOG_v1 {"time_micros": 1546121927639794, "job": 2, "event": "flush_finished", "output_compression": "NoCompression", "lsm_state": [1, 0, 0, 0, 0, 0, 0], "immutable_memtables": 0}
2018/12/29-14:18:47.639890 7f67e57fa700 (Original Log Time 2018/12/29-14:18:47.639842) [db/db_impl_compaction_flush.cc:177] [usertable] Level summary: base level 1 max bytes base 536870912 files[1 0 0 0 0 0 0] max score 0.50
2018/12/29-14:18:47.639907 7f67e57fa700 [db/db_impl_files.cc:347] [JOB 2] Try to delete WAL files size 256668484, prev total WAL file size 298705101, number of live WAL files 3.
2018/12/29-14:18:53.522199 7f6934dd1700 [db/db_impl_write.cc:1373] [usertable] New memtable created with log file: #12. Immutable memtables: 0.
2018/12/29-14:19:02.486564 7f6935cf1700 [db/db_impl_write.cc:1373] [usertable] New memtable created with log file: #13. Immutable memtables: 1.
2018/12/29-14:19:02.486652 7f6842ffd700 [db/db_impl_compaction_flush.cc:80] [JOB 3] Syncing log #10
2018/12/29-14:19:03.004505 7f6842ffd700 [db/db_impl_compaction_flush.cc:80] [JOB 3] Syncing log #12
2018/12/29-14:19:03.512494 7f6842ffd700 (Original Log Time 2018/12/29-14:19:02.486633) [db/db_impl_compaction_flush.cc:1424] Calling FlushMemTableToOutputFile with column family [usertable], flush slots available 24, compaction slots available 1, flush slots scheduled 1, compaction slots scheduled 0
2018/12/29-14:19:03.512513 7f6842ffd700 [db/flush_job.cc:301] [usertable] [JOB 3] Flushing memtable with next log file: 12
2018/12/29-14:19:03.512521 7f6842ffd700 [db/flush_job.cc:301] [usertable] [JOB 3] Flushing memtable with next log file: 13
2018/12/29-14:19:03.512564 7f6842ffd700 EVENT_LOG_v1 {"time_micros": 1546121943512555, "job": 3, "event": "flush_started", "num_memtables": 2, "num_entries": 62143, "num_deletes": 0, "memory_usage": 257550456, "flush_reason": "Write Buffer Full"}
2018/12/29-14:19:03.512570 7f6842ffd700 [db/flush_job.cc:331] [usertable] [JOB 3] Level-0 flush table #14: started
2018/12/29-14:19:05.831696 7f6842ffd700 EVENT_LOG_v1 {"time_micros": 1546121945831668, "cf_name": "usertable", "job": 3, "event": "table_file_creation", "file_number": 14, "file_size": 257359025, "table_properties": {"data_size": 256215603, "index_size": 1142495, "filter_size": 0, "raw_key_size": 1491432, "raw_average_key_size": 24, "raw_value_size": 254537728, "raw_average_value_size": 4096, "num_data_blocks": 31072, "num_entries": 62143, "filter_policy_name": "", "kDeletedKeys": "0", "kMergeOperands": "0"}}
2018/12/29-14:19:05.831719 7f6842ffd700 [db/flush_job.cc:371] [usertable] [JOB 3] Level-0 flush table #14: 257359025 bytes OK
2018/12/29-14:19:05.868140 7f6842ffd700 (Original Log Time 2018/12/29-14:19:05.831738) [db/memtable_list.cc:377] [usertable] Level-0 commit table #14 started
2018/12/29-14:19:05.868145 7f6842ffd700 (Original Log Time 2018/12/29-14:19:05.868031) [db/memtable_list.cc:409] [usertable] Level-0 commit table #14: memtable #1 done
2018/12/29-14:19:05.868147 7f6842ffd700 (Original Log Time 2018/12/29-14:19:05.868036) [db/memtable_list.cc:409] [usertable] Level-0 commit table #14: memtable #2 done
2018/12/29-14:19:05.868149 7f6842ffd700 (Original Log Time 2018/12/29-14:19:05.868067) EVENT_LOG_v1 {"time_micros": 1546121945868056, "job": 3, "event": "flush_finished", "output_compression": "NoCompression", "lsm_state": [2, 0, 0, 0, 0, 0, 0], "immutable_memtables": 0}
2018/12/29-14:19:05.868151 7f6842ffd700 (Original Log Time 2018/12/29-14:19:05.868111) [db/db_impl_compaction_flush.cc:177] [usertable] Level summary: base level 1 max bytes base 536870912 files[2 0 0 0 0 0 0] max score 1.00
2018/12/29-14:19:05.868164 7f6842ffd700 [db/db_impl_files.cc:347] [JOB 3] Try to delete WAL files size 256582807, prev total WAL file size 305457108, number of live WAL files 3.
2018/12/29-14:19:05.868358 7f68a7fff700 [WARN] [db/db_impl.cc:491] ------- DUMPING STATS -------
2018/12/29-14:19:05.868452 7f68a7fff700 [WARN] [db/db_impl.cc:492] 
** DB Stats **
Uptime(secs): 39.1 total, 39.1 interval
Cumulative writes: 136K writes, 136K keys, 135K commit groups, 1.0 writes per commit group, ingest: 0.52 GB, 13.73 MB/s
Cumulative WAL: 136K writes, 0 syncs, 136144.00 writes per sync, written: 0.52 GB, 13.73 MB/s
Cumulative stall: 00:00:0.000 H:M:S, 0.0 percent
Interval writes: 136K writes, 136K keys, 135K commit groups, 1.0 writes per commit group, ingest: 536.08 MB, 13.73 MB/s
Interval WAL: 136K writes, 0 syncs, 136144.00 writes per sync, written: 0.52 MB, 13.73 MB/s
Interval stall: 00:00:0.000 H:M:S, 0.0 percent

** Compaction Stats [default] **
Level    Files   Size     Score Read(GB)  Rn(GB) Rnp1(GB) Write(GB) Wnew(GB) Moved(GB) W-Amp Rd(MB/s) Wr(MB/s) Comp(sec) Comp(cnt) Avg(sec) KeyIn KeyDrop
----------------------------------------------------------------------------------------------------------------------------------------------------------
 Sum      0/0    0.00 KB   0.0      0.0     0.0      0.0       0.0      0.0       0.0   0.0      0.0      0.0         0         0    0.000       0      0
 Int      0/0    0.00 KB   0.0      0.0     0.0      0.0       0.0      0.0       0.0   0.0      0.0      0.0         0         0    0.000       0      0
Uptime(secs): 39.1 total, 39.1 interval
Flush(GB): cumulative 0.000, interval 0.000
AddFile(GB): cumulative 0.000, interval 0.000
AddFile(Total Files): cumulative 0, interval 0
AddFile(L0 Files): cumulative 0, interval 0
AddFile(Keys): cumulative 0, interval 0
Cumulative compaction: 0.00 GB write, 0.00 MB/s write, 0.00 GB read, 0.00 MB/s read, 0.0 seconds
Interval compaction: 0.00 GB write, 0.00 MB/s write, 0.00 GB read, 0.00 MB/s read, 0.0 seconds
Stalls(count): 0 level0_slowdown, 0 level0_slowdown_with_compaction, 0 level0_numfiles, 0 level0_numfiles_with_compaction, 0 stop for pending_compaction_bytes, 0 slowdown for pending_compaction_bytes, 0 memtable_compaction, 0 memtable_slowdown, interval 0 total count

** File Read Latency Histogram By Level [default] **

** Compaction Stats [usertable] **
Level    Files   Size     Score Read(GB)  Rn(GB) Rnp1(GB) Write(GB) Wnew(GB) Moved(GB) W-Amp Rd(MB/s) Wr(MB/s) Comp(sec) Comp(cnt) Avg(sec) KeyIn KeyDrop
----------------------------------------------------------------------------------------------------------------------------------------------------------
  L0      2/0   490.96 MB   1.0      0.0     0.0      0.0       0.5      0.5       0.0   1.0      0.0    111.8         4         2    2.195       0      0
 Sum      2/0   490.96 MB   0.0      0.0     0.0      0.0       0.5      0.5       0.0   1.0      0.0    111.8         4         2    2.195       0      0
 Int      0/0    0.00 KB   0.0      0.0     0.0      0.0       0.5      0.5       0.0   1.0      0.0    111.8         4         2    2.195       0      0
Uptime(secs): 39.0 total, 39.0 interval
Flush(GB): cumulative 0.479, interval 0.479
AddFile(GB): cumulative 0.000, interval 0.000
AddFile(Total Files): cumulative 0, interval 0
AddFile(L0 Files): cumulative 0, interval 0
AddFile(Keys): cumulative 0, interval 0
Cumulative compaction: 0.48 GB write, 12.60 MB/s write, 0.00 GB read, 0.00 MB/s read, 4.4 seconds
Interval compaction: 0.48 GB write, 12.60 MB/s write, 0.00 GB read, 0.00 MB/s read, 4.4 seconds
Stalls(count): 0 level0_slowdown, 0 level0_slowdown_with_compaction, 0 level0_numfiles, 0 level0_numfiles_with_compaction, 0 stop for pending_compaction_bytes, 0 slowdown for pending_compaction_bytes, 0 memtable_compaction, 0 memtable_slowdown, interval 0 total count

** File Read Latency Histogram By Level [usertable] **

** Compaction Stats [default] **
Level    Files   Size     Score Read(GB)  Rn(GB) Rnp1(GB) Write(GB) Wnew(GB) Moved(GB) W-Amp Rd(MB/s) Wr(MB/s) Comp(sec) Comp(cnt) Avg(sec) KeyIn KeyDrop
----------------------------------------------------------------------------------------------------------------------------------------------------------
 Sum      0/0    0.00 KB   0.0      0.0     0.0      0.0       0.0      0.0       0.0   0.0      0.0      0.0         0         0    0.000       0      0
 Int      0/0    0.00 KB   0.0      0.0     0.0      0.0       0.0      0.0       0.0   0.0      0.0      0.0         0         0    0.000       0      0
Uptime(secs): 39.1 total, 0.0 interval
Flush(GB): cumulative 0.000, interval 0.000
AddFile(GB): cumulative 0.000, interval 0.000
AddFile(Total Files): cumulative 0, interval 0
AddFile(L0 Files): cumulative 0, interval 0
AddFile(Keys): cumulative 0, interval 0
Cumulative compaction: 0.00 GB write, 0.00 MB/s write, 0.00 GB read, 0.00 MB/s read, 0.0 seconds
Interval compaction: 0.00 GB write, 0.00 MB/s write, 0.00 GB read, 0.00 MB/s read, 0.0 seconds
Stalls(count): 0 level0_slowdown, 0 level0_slowdown_with_compaction, 0 level0_numfiles, 0 level0_numfiles_with_compaction, 0 stop for pending_compaction_bytes, 0 slowdown for pending_compaction_bytes, 0 memtable_compaction, 0 memtable_slowdown, interval 0 total count

** File Read Latency Histogram By Level [default] **

** Compaction Stats [usertable] **
Level    Files   Size     Score Read(GB)  Rn(GB) Rnp1(GB) Write(GB) Wnew(GB) Moved(GB) W-Amp Rd(MB/s) Wr(MB/s) Comp(sec) Comp(cnt) Avg(sec) KeyIn KeyDrop
----------------------------------------------------------------------------------------------------------------------------------------------------------
  L0      2/0   490.96 MB   1.0      0.0     0.0      0.0       0.5      0.5       0.0   1.0      0.0    111.8         4         2    2.195       0      0
 Sum      2/0   490.96 MB   0.0      0.0     0.0      0.0       0.5      0.5       0.0   1.0      0.0    111.8         4         2    2.195       0      0
 Int      0/0    0.00 KB   0.0      0.0     0.0      0.0       0.0      0.0       0.0   0.0      0.0      0.0         0         0    0.000       0      0
Uptime(secs): 39.0 total, 0.0 interval
Flush(GB): cumulative 0.479, interval 0.000
AddFile(GB): cumulative 0.000, interval 0.000
AddFile(Total Files): cumulative 0, interval 0
AddFile(L0 Files): cumulative 0, interval 0
AddFile(Keys): cumulative 0, interval 0
Cumulative compaction: 0.48 GB write, 12.60 MB/s write, 0.00 GB read, 0.00 MB/s read, 4.4 seconds
Interval compaction: 0.00 GB write, 0.00 MB/s write, 0.00 GB read, 0.00 MB/s read, 0.0 seconds
Stalls(count): 0 level0_slowdown, 0 level0_slowdown_with_compaction, 0 level0_numfiles, 0 level0_numfiles_with_compaction, 0 stop for pending_compaction_bytes, 0 slowdown for pending_compaction_bytes, 0 memtable_compaction, 0 memtable_slowdown, interval 0 total count

** File Read Latency Histogram By Level [usertable] **
2018/12/29-14:19:05.900533 7f68a7fff700 (Original Log Time 2018/12/29-14:19:05.868545) [db/db_impl_compaction_flush.cc:1835] [usertable] Moving #11 to level-1 257445964 bytes
2018/12/29-14:19:05.900539 7f68a7fff700 (Original Log Time 2018/12/29-14:19:05.900463) EVENT_LOG_v1 {"time_micros": 1546121945900439, "job": 4, "event": "trivial_move", "destination_level": 1, "files": 1, "total_files_size": 257445964}
2018/12/29-14:19:05.900541 7f68a7fff700 (Original Log Time 2018/12/29-14:19:05.900484) [db/db_impl_compaction_flush.cc:1864] [usertable] Moved #1 files to level-1 257445964 bytes OK: base level 1 max bytes base 536870912 files[1 1 0 0 0 0 0] max score 0.50
2018/12/29-14:19:11.030574 7f6935cf1700 [db/db_impl_write.cc:1373] [usertable] New memtable created with log file: #15. Immutable memtables: 0.
2018/12/29-14:19:19.224915 7f69351e6700 [db/db_impl_write.cc:1373] [usertable] New memtable created with log file: #16. Immutable memtables: 1.
2018/12/29-14:19:19.225037 7f68427fc700 [db/db_impl_compaction_flush.cc:80] [JOB 5] Syncing log #13
2018/12/29-14:19:19.704617 7f68427fc700 [db/db_impl_compaction_flush.cc:80] [JOB 5] Syncing log #15
2018/12/29-14:19:20.358541 7f68427fc700 (Original Log Time 2018/12/29-14:19:19.225002) [db/db_impl_compaction_flush.cc:1424] Calling FlushMemTableToOutputFile with column family [usertable], flush slots available 24, compaction slots available 1, flush slots scheduled 1, compaction slots scheduled 0
2018/12/29-14:19:20.358554 7f68427fc700 [db/flush_job.cc:301] [usertable] [JOB 5] Flushing memtable with next log file: 15
2018/12/29-14:19:20.358562 7f68427fc700 [db/flush_job.cc:301] [usertable] [JOB 5] Flushing memtable with next log file: 16
2018/12/29-14:19:20.358594 7f68427fc700 EVENT_LOG_v1 {"time_micros": 1546121960358585, "job": 5, "event": "flush_started", "num_memtables": 2, "num_entries": 58587, "num_deletes": 0, "memory_usage": 257504504, "flush_reason": "Write Buffer Full"}
2018/12/29-14:19:20.358600 7f68427fc700 [db/flush_job.cc:331] [usertable] [JOB 5] Level-0 flush table #17: started
2018/12/29-14:19:22.801612 7f68427fc700 EVENT_LOG_v1 {"time_micros": 1546121962801587, "cf_name": "usertable", "job": 5, "event": "table_file_creation", "file_number": 17, "file_size": 242645264, "table_properties": {"data_size": 241560723, "index_size": 1083614, "filter_size": 0, "raw_key_size": 1406088, "raw_average_key_size": 24, "raw_value_size": 239972352, "raw_average_value_size": 4096, "num_data_blocks": 29294, "num_entries": 58587, "filter_policy_name": "", "kDeletedKeys": "0", "kMergeOperands": "0"}}
2018/12/29-14:19:22.801633 7f68427fc700 [db/flush_job.cc:371] [usertable] [JOB 5] Level-0 flush table #17: 242645264 bytes OK
2018/12/29-14:19:22.967972 7f68427fc700 (Original Log Time 2018/12/29-14:19:22.801647) [db/memtable_list.cc:377] [usertable] Level-0 commit table #17 started
2018/12/29-14:19:22.967976 7f68427fc700 (Original Log Time 2018/12/29-14:19:22.967874) [db/memtable_list.cc:409] [usertable] Level-0 commit table #17: memtable #1 done
2018/12/29-14:19:22.967978 7f68427fc700 (Original Log Time 2018/12/29-14:19:22.967881) [db/memtable_list.cc:409] [usertable] Level-0 commit table #17: memtable #2 done
2018/12/29-14:19:22.967979 7f68427fc700 (Original Log Time 2018/12/29-14:19:22.967911) EVENT_LOG_v1 {"time_micros": 1546121962967901, "job": 5, "event": "flush_finished", "output_compression": "NoCompression", "lsm_state": [2, 1, 0, 0, 0, 0, 0], "immutable_memtables": 0}
2018/12/29-14:19:22.967981 7f68427fc700 (Original Log Time 2018/12/29-14:19:22.967948) [db/db_impl_compaction_flush.cc:177] [usertable] Level summary: base level 1 max bytes base 536870912 files[2 1 0 0 0 0 0] max score 1.00
