2018/12/19-07:03:59.081214 7f3b64388700 RocksDB version: 5.14.3
2018/12/19-07:03:59.081265 7f3b64388700 Git sha rocksdb_build_git_sha:
2018/12/19-07:03:59.081268 7f3b64388700 Compile date Dec 16 2018
2018/12/19-07:03:59.081272 7f3b64388700 DB SUMMARY
2018/12/19-07:03:59.081293 7f3b64388700 SST files in /mnt/sdb/ycsb-rocksdb-data dir, Total Num: 0, files: 
2018/12/19-07:03:59.081296 7f3b64388700 Write Ahead Log file in /mnt/sdb/ycsb-rocksdb-data: 
2018/12/19-07:03:59.081298 7f3b64388700                         Options.error_if_exists: 0
2018/12/19-07:03:59.081300 7f3b64388700                       Options.create_if_missing: 1
2018/12/19-07:03:59.081301 7f3b64388700                         Options.paranoid_checks: 1
2018/12/19-07:03:59.081302 7f3b64388700                                     Options.env: 0x7f3aca8612c0
2018/12/19-07:03:59.081303 7f3b64388700                                Options.info_log: 0x7f3b103c4bf0
2018/12/19-07:03:59.081304 7f3b64388700                Options.max_file_opening_threads: 16
2018/12/19-07:03:59.081305 7f3b64388700                              Options.statistics: (nil)
2018/12/19-07:03:59.081306 7f3b64388700                               Options.use_fsync: 0
2018/12/19-07:03:59.081307 7f3b64388700                       Options.max_log_file_size: 0
2018/12/19-07:03:59.081308 7f3b64388700                  Options.max_manifest_file_size: 18446744073709551615
2018/12/19-07:03:59.081309 7f3b64388700                   Options.log_file_time_to_roll: 0
2018/12/19-07:03:59.081310 7f3b64388700                       Options.keep_log_file_num: 1000
2018/12/19-07:03:59.081311 7f3b64388700                    Options.recycle_log_file_num: 0
2018/12/19-07:03:59.081312 7f3b64388700                         Options.allow_fallocate: 1
2018/12/19-07:03:59.081313 7f3b64388700                        Options.allow_mmap_reads: 0
2018/12/19-07:03:59.081314 7f3b64388700                       Options.allow_mmap_writes: 0
2018/12/19-07:03:59.081315 7f3b64388700                        Options.use_direct_reads: 0
2018/12/19-07:03:59.081316 7f3b64388700                        Options.use_direct_io_for_flush_and_compaction: 0
2018/12/19-07:03:59.081317 7f3b64388700          Options.create_missing_column_families: 1
2018/12/19-07:03:59.081318 7f3b64388700                              Options.db_log_dir: 
2018/12/19-07:03:59.081319 7f3b64388700                                 Options.wal_dir: /mnt/sdb/ycsb-rocksdb-data
2018/12/19-07:03:59.081320 7f3b64388700                Options.table_cache_numshardbits: 6
2018/12/19-07:03:59.081321 7f3b64388700                      Options.max_subcompactions: 4
2018/12/19-07:03:59.081322 7f3b64388700                  Options.max_background_flushes: 24
2018/12/19-07:03:59.081323 7f3b64388700                         Options.WAL_ttl_seconds: 0
2018/12/19-07:03:59.081324 7f3b64388700                       Options.WAL_size_limit_MB: 0
2018/12/19-07:03:59.081325 7f3b64388700             Options.manifest_preallocation_size: 4194304
2018/12/19-07:03:59.081326 7f3b64388700                     Options.is_fd_close_on_exec: 1
2018/12/19-07:03:59.081327 7f3b64388700                   Options.advise_random_on_open: 1
2018/12/19-07:03:59.081328 7f3b64388700                    Options.db_write_buffer_size: 0
2018/12/19-07:03:59.081329 7f3b64388700                    Options.write_buffer_manager: 0x7f3b103c1c10
2018/12/19-07:03:59.081330 7f3b64388700         Options.access_hint_on_compaction_start: 1
2018/12/19-07:03:59.081331 7f3b64388700  Options.new_table_reader_for_compaction_inputs: 0
2018/12/19-07:03:59.081332 7f3b64388700           Options.random_access_max_buffer_size: 1048576
2018/12/19-07:03:59.081333 7f3b64388700                      Options.use_adaptive_mutex: 0
2018/12/19-07:03:59.081334 7f3b64388700                            Options.rate_limiter: (nil)
2018/12/19-07:03:59.081336 7f3b64388700     Options.sst_file_manager.rate_bytes_per_sec: 0
2018/12/19-07:03:59.081337 7f3b64388700                       Options.wal_recovery_mode: 2
2018/12/19-07:03:59.081338 7f3b64388700                  Options.enable_thread_tracking: 0
2018/12/19-07:03:59.081339 7f3b64388700                  Options.enable_pipelined_write: 1
2018/12/19-07:03:59.081349 7f3b64388700         Options.allow_concurrent_memtable_write: 1
2018/12/19-07:03:59.081350 7f3b64388700      Options.enable_write_thread_adaptive_yield: 1
2018/12/19-07:03:59.081351 7f3b64388700             Options.write_thread_max_yield_usec: 100
2018/12/19-07:03:59.081352 7f3b64388700            Options.write_thread_slow_yield_usec: 3
2018/12/19-07:03:59.081353 7f3b64388700                               Options.row_cache: None
2018/12/19-07:03:59.081354 7f3b64388700                              Options.wal_filter: None
2018/12/19-07:03:59.081355 7f3b64388700             Options.avoid_flush_during_recovery: 0
2018/12/19-07:03:59.081356 7f3b64388700             Options.allow_ingest_behind: 0
2018/12/19-07:03:59.081357 7f3b64388700             Options.preserve_deletes: 0
2018/12/19-07:03:59.081358 7f3b64388700             Options.two_write_queues: 0
2018/12/19-07:03:59.081359 7f3b64388700             Options.manual_wal_flush: 0
2018/12/19-07:03:59.081362 7f3b64388700             Options.max_background_jobs: 24
2018/12/19-07:03:59.081363 7f3b64388700             Options.max_background_compactions: 24
2018/12/19-07:03:59.081364 7f3b64388700             Options.avoid_flush_during_shutdown: 0
2018/12/19-07:03:59.081365 7f3b64388700           Options.writable_file_max_buffer_size: 1048576
2018/12/19-07:03:59.081366 7f3b64388700             Options.delayed_write_rate : 16777216
2018/12/19-07:03:59.081367 7f3b64388700             Options.max_total_wal_size: 0
2018/12/19-07:03:59.081368 7f3b64388700             Options.delete_obsolete_files_period_micros: 21600000000
2018/12/19-07:03:59.081369 7f3b64388700                   Options.stats_dump_period_sec: 60
2018/12/19-07:03:59.081370 7f3b64388700                          Options.max_open_files: -1
2018/12/19-07:03:59.081371 7f3b64388700                          Options.bytes_per_sync: 1048576
2018/12/19-07:03:59.081372 7f3b64388700                      Options.wal_bytes_per_sync: 0
2018/12/19-07:03:59.081373 7f3b64388700       Options.compaction_readahead_size: 0
2018/12/19-07:03:59.081374 7f3b64388700 Compression algorithms supported:
2018/12/19-07:03:59.081376 7f3b64388700 	kZSTDNotFinalCompression supported: 1
2018/12/19-07:03:59.081384 7f3b64388700 	kZSTD supported: 1
2018/12/19-07:03:59.081386 7f3b64388700 	kXpressCompression supported: 0
2018/12/19-07:03:59.081387 7f3b64388700 	kLZ4HCCompression supported: 1
2018/12/19-07:03:59.081389 7f3b64388700 	kLZ4Compression supported: 1
2018/12/19-07:03:59.081391 7f3b64388700 	kBZip2Compression supported: 1
2018/12/19-07:03:59.081393 7f3b64388700 	kZlibCompression supported: 1
2018/12/19-07:03:59.081394 7f3b64388700 	kSnappyCompression supported: 1
2018/12/19-07:03:59.081401 7f3b64388700 Fast CRC32 supported: Supported on x86
2018/12/19-07:03:59.081489 7f3b64388700 [db/db_impl_open.cc:222] Creating manifest 1 
2018/12/19-07:03:59.186153 7f3b64388700 [db/version_set.cc:3085] Recovering from manifest file: MANIFEST-000001
2018/12/19-07:03:59.186261 7f3b64388700 [db/column_family.cc:475] --------------- Options for column family [default]:
2018/12/19-07:03:59.186266 7f3b64388700               Options.comparator: leveldb.BytewiseComparator
2018/12/19-07:03:59.186267 7f3b64388700           Options.merge_operator: None
2018/12/19-07:03:59.186269 7f3b64388700        Options.compaction_filter: None
2018/12/19-07:03:59.186270 7f3b64388700        Options.compaction_filter_factory: None
2018/12/19-07:03:59.186271 7f3b64388700         Options.memtable_factory: SkipListFactory
2018/12/19-07:03:59.186272 7f3b64388700            Options.table_factory: BlockBasedTable
2018/12/19-07:03:59.186305 7f3b64388700            table_factory options:   flush_block_policy_factory: FlushBlockBySizePolicyFactory (0x7f3b1037e670)
  cache_index_and_filter_blocks: 0
  cache_index_and_filter_blocks_with_high_priority: 0
  pin_l0_filter_and_index_blocks_in_cache: 0
  index_type: 0
  hash_index_allow_collision: 1
  checksum: 1
  no_block_cache: 0
  block_cache: 0x7f3b1038a0d0
  block_cache_name: LRUCache
  block_cache_options:
    capacity : 8388608
    num_shard_bits : 4
    strict_capacity_limit : 0
    high_pri_pool_ratio: 0.000
  block_cache_compressed: (nil)
  persistent_cache: (nil)
  block_size: 8192
  block_size_deviation: 10
  block_restart_interval: 16
  index_block_restart_interval: 1
  metadata_block_size: 4096
  partition_filters: 0
  use_delta_encoding: 1
  filter_policy: nullptr
  whole_key_filtering: 1
  verify_compression: 0
  read_amp_bytes_per_bit: 0
  format_version: 2
  enable_index_compression: 1
  block_align: 0
2018/12/19-07:03:59.186322 7f3b64388700        Options.write_buffer_size: 134217728
2018/12/19-07:03:59.186324 7f3b64388700  Options.max_write_buffer_number: 24
2018/12/19-07:03:59.186326 7f3b64388700        Options.compression[0]: NoCompression
2018/12/19-07:03:59.186327 7f3b64388700        Options.compression[1]: NoCompression
2018/12/19-07:03:59.186328 7f3b64388700        Options.compression[2]: LZ4
2018/12/19-07:03:59.186329 7f3b64388700        Options.compression[3]: LZ4
2018/12/19-07:03:59.186330 7f3b64388700        Options.compression[4]: LZ4
2018/12/19-07:03:59.186331 7f3b64388700        Options.compression[5]: LZ4
2018/12/19-07:03:59.186332 7f3b64388700        Options.compression[6]: LZ4
2018/12/19-07:03:59.186333 7f3b64388700                  Options.bottommost_compression: Disabled
2018/12/19-07:03:59.186335 7f3b64388700       Options.prefix_extractor: nullptr
2018/12/19-07:03:59.186336 7f3b64388700   Options.memtable_insert_with_hint_prefix_extractor: nullptr
2018/12/19-07:03:59.186337 7f3b64388700             Options.num_levels: 7
2018/12/19-07:03:59.186338 7f3b64388700        Options.min_write_buffer_number_to_merge: 2
2018/12/19-07:03:59.186339 7f3b64388700     Options.max_write_buffer_number_to_maintain: 0
2018/12/19-07:03:59.186340 7f3b64388700            Options.compression_opts.window_bits: -14
2018/12/19-07:03:59.186341 7f3b64388700                  Options.compression_opts.level: -1
2018/12/19-07:03:59.186342 7f3b64388700               Options.compression_opts.strategy: 0
2018/12/19-07:03:59.186343 7f3b64388700         Options.compression_opts.max_dict_bytes: 0
2018/12/19-07:03:59.186344 7f3b64388700         Options.compression_opts.zstd_max_train_bytes: 0
2018/12/19-07:03:59.186345 7f3b64388700      Options.level0_file_num_compaction_trigger: 2
2018/12/19-07:03:59.186346 7f3b64388700          Options.level0_slowdown_writes_trigger: 20
2018/12/19-07:03:59.186347 7f3b64388700              Options.level0_stop_writes_trigger: 36
2018/12/19-07:03:59.186348 7f3b64388700                   Options.target_file_size_base: 67108864
2018/12/19-07:03:59.186349 7f3b64388700             Options.target_file_size_multiplier: 1
2018/12/19-07:03:59.186350 7f3b64388700                Options.max_bytes_for_level_base: 536870912
2018/12/19-07:03:59.186351 7f3b64388700 Options.level_compaction_dynamic_level_bytes: 0
2018/12/19-07:03:59.186352 7f3b64388700          Options.max_bytes_for_level_multiplier: 10.000000
2018/12/19-07:03:59.186355 7f3b64388700 Options.max_bytes_for_level_multiplier_addtl[0]: 1
2018/12/19-07:03:59.186356 7f3b64388700 Options.max_bytes_for_level_multiplier_addtl[1]: 1
2018/12/19-07:03:59.186357 7f3b64388700 Options.max_bytes_for_level_multiplier_addtl[2]: 1
2018/12/19-07:03:59.186358 7f3b64388700 Options.max_bytes_for_level_multiplier_addtl[3]: 1
2018/12/19-07:03:59.186359 7f3b64388700 Options.max_bytes_for_level_multiplier_addtl[4]: 1
2018/12/19-07:03:59.186360 7f3b64388700 Options.max_bytes_for_level_multiplier_addtl[5]: 1
2018/12/19-07:03:59.186361 7f3b64388700 Options.max_bytes_for_level_multiplier_addtl[6]: 1
2018/12/19-07:03:59.186362 7f3b64388700       Options.max_sequential_skip_in_iterations: 8
2018/12/19-07:03:59.186363 7f3b64388700                    Options.max_compaction_bytes: 1677721600
2018/12/19-07:03:59.186364 7f3b64388700                        Options.arena_block_size: 16777216
2018/12/19-07:03:59.186365 7f3b64388700   Options.soft_pending_compaction_bytes_limit: 68719476736
2018/12/19-07:03:59.186366 7f3b64388700   Options.hard_pending_compaction_bytes_limit: 274877906944
2018/12/19-07:03:59.186373 7f3b64388700       Options.rate_limit_delay_max_milliseconds: 100
2018/12/19-07:03:59.186375 7f3b64388700                Options.disable_auto_compactions: 0
2018/12/19-07:03:59.186377 7f3b64388700                        Options.compaction_style: kCompactionStyleLevel
2018/12/19-07:03:59.186379 7f3b64388700                          Options.compaction_pri: kByCompensatedSize
2018/12/19-07:03:59.186380 7f3b64388700 Options.compaction_options_universal.size_ratio: 1
2018/12/19-07:03:59.186381 7f3b64388700 Options.compaction_options_universal.min_merge_width: 2
2018/12/19-07:03:59.186382 7f3b64388700 Options.compaction_options_universal.max_merge_width: 4294967295
2018/12/19-07:03:59.186383 7f3b64388700 Options.compaction_options_universal.max_size_amplification_percent: 200
2018/12/19-07:03:59.186385 7f3b64388700 Options.compaction_options_universal.compression_size_percent: -1
2018/12/19-07:03:59.186386 7f3b64388700 Options.compaction_options_universal.stop_style: kCompactionStopStyleTotalSize
2018/12/19-07:03:59.186387 7f3b64388700 Options.compaction_options_fifo.max_table_files_size: 1073741824
2018/12/19-07:03:59.186388 7f3b64388700 Options.compaction_options_fifo.allow_compaction: 0
2018/12/19-07:03:59.186389 7f3b64388700 Options.compaction_options_fifo.ttl: 0
2018/12/19-07:03:59.186390 7f3b64388700                   Options.table_properties_collectors: 
2018/12/19-07:03:59.186392 7f3b64388700                   Options.inplace_update_support: 0
2018/12/19-07:03:59.186393 7f3b64388700                 Options.inplace_update_num_locks: 10000
2018/12/19-07:03:59.186394 7f3b64388700               Options.memtable_prefix_bloom_size_ratio: 0.000000
2018/12/19-07:03:59.186395 7f3b64388700   Options.memtable_huge_page_size: 0
2018/12/19-07:03:59.186396 7f3b64388700                           Options.bloom_locality: 0
2018/12/19-07:03:59.186397 7f3b64388700                    Options.max_successive_merges: 0
2018/12/19-07:03:59.186398 7f3b64388700                Options.optimize_filters_for_hits: 0
2018/12/19-07:03:59.186399 7f3b64388700                Options.paranoid_file_checks: 0
2018/12/19-07:03:59.186400 7f3b64388700                Options.force_consistency_checks: 0
2018/12/19-07:03:59.186401 7f3b64388700                Options.report_bg_io_stats: 0
2018/12/19-07:03:59.186402 7f3b64388700                               Options.ttl: 0
2018/12/19-07:03:59.186926 7f3b64388700 [db/version_set.cc:3361] Recovered from manifest file:/mnt/sdb/ycsb-rocksdb-data/MANIFEST-000001 succeeded,manifest_file_number is 1, next_file_number is 3, last_sequence is 0, log_number is 0,prev_log_number is 0,max_column_family is 0,min_log_number_to_keep is 0
2018/12/19-07:03:59.186934 7f3b64388700 [db/version_set.cc:3369] Column family [default] (ID 0), log number is 0
2018/12/19-07:03:59.187156 7f3b64388700 [db/version_set.cc:2847] Creating manifest 4
2018/12/19-07:03:59.261778 7f3b64388700 [db/column_family.cc:475] --------------- Options for column family [usertable]:
2018/12/19-07:03:59.261784 7f3b64388700               Options.comparator: leveldb.BytewiseComparator
2018/12/19-07:03:59.261786 7f3b64388700           Options.merge_operator: None
2018/12/19-07:03:59.261787 7f3b64388700        Options.compaction_filter: None
2018/12/19-07:03:59.261788 7f3b64388700        Options.compaction_filter_factory: None
2018/12/19-07:03:59.261789 7f3b64388700         Options.memtable_factory: SkipListFactory
2018/12/19-07:03:59.261790 7f3b64388700            Options.table_factory: BlockBasedTable
2018/12/19-07:03:59.261817 7f3b64388700            table_factory options:   flush_block_policy_factory: FlushBlockBySizePolicyFactory (0x7f3b1037e750)
  cache_index_and_filter_blocks: 0
  cache_index_and_filter_blocks_with_high_priority: 0
  pin_l0_filter_and_index_blocks_in_cache: 0
  index_type: 0
  hash_index_allow_collision: 1
  checksum: 1
  no_block_cache: 0
  block_cache: 0x7f3b1037f1f0
  block_cache_name: LRUCache
  block_cache_options:
    capacity : 8388608
    num_shard_bits : 4
    strict_capacity_limit : 0
    high_pri_pool_ratio: 0.000
  block_cache_compressed: (nil)
  persistent_cache: (nil)
  block_size: 8192
  block_size_deviation: 10
  block_restart_interval: 16
  index_block_restart_interval: 1
  metadata_block_size: 4096
  partition_filters: 0
  use_delta_encoding: 1
  filter_policy: nullptr
  whole_key_filtering: 1
  verify_compression: 0
  read_amp_bytes_per_bit: 0
  format_version: 2
  enable_index_compression: 1
  block_align: 0
2018/12/19-07:03:59.261820 7f3b64388700        Options.write_buffer_size: 134217728
2018/12/19-07:03:59.261821 7f3b64388700  Options.max_write_buffer_number: 24
2018/12/19-07:03:59.261822 7f3b64388700        Options.compression[0]: NoCompression
2018/12/19-07:03:59.261824 7f3b64388700        Options.compression[1]: NoCompression
2018/12/19-07:03:59.261825 7f3b64388700        Options.compression[2]: LZ4
2018/12/19-07:03:59.261826 7f3b64388700        Options.compression[3]: LZ4
2018/12/19-07:03:59.261827 7f3b64388700        Options.compression[4]: LZ4
2018/12/19-07:03:59.261828 7f3b64388700        Options.compression[5]: LZ4
2018/12/19-07:03:59.261829 7f3b64388700        Options.compression[6]: LZ4
2018/12/19-07:03:59.261830 7f3b64388700                  Options.bottommost_compression: Disabled
2018/12/19-07:03:59.261831 7f3b64388700       Options.prefix_extractor: nullptr
2018/12/19-07:03:59.261832 7f3b64388700   Options.memtable_insert_with_hint_prefix_extractor: nullptr
2018/12/19-07:03:59.261833 7f3b64388700             Options.num_levels: 7
2018/12/19-07:03:59.261834 7f3b64388700        Options.min_write_buffer_number_to_merge: 2
2018/12/19-07:03:59.261835 7f3b64388700     Options.max_write_buffer_number_to_maintain: 0
2018/12/19-07:03:59.261836 7f3b64388700            Options.compression_opts.window_bits: -14
2018/12/19-07:03:59.261837 7f3b64388700                  Options.compression_opts.level: -1
2018/12/19-07:03:59.261838 7f3b64388700               Options.compression_opts.strategy: 0
2018/12/19-07:03:59.261839 7f3b64388700         Options.compression_opts.max_dict_bytes: 0
2018/12/19-07:03:59.261840 7f3b64388700         Options.compression_opts.zstd_max_train_bytes: 0
2018/12/19-07:03:59.261841 7f3b64388700      Options.level0_file_num_compaction_trigger: 2
2018/12/19-07:03:59.261842 7f3b64388700          Options.level0_slowdown_writes_trigger: 20
2018/12/19-07:03:59.261843 7f3b64388700              Options.level0_stop_writes_trigger: 36
2018/12/19-07:03:59.261844 7f3b64388700                   Options.target_file_size_base: 67108864
2018/12/19-07:03:59.261845 7f3b64388700             Options.target_file_size_multiplier: 1
2018/12/19-07:03:59.261846 7f3b64388700                Options.max_bytes_for_level_base: 536870912
2018/12/19-07:03:59.261847 7f3b64388700 Options.level_compaction_dynamic_level_bytes: 0
2018/12/19-07:03:59.261848 7f3b64388700          Options.max_bytes_for_level_multiplier: 10.000000
2018/12/19-07:03:59.261850 7f3b64388700 Options.max_bytes_for_level_multiplier_addtl[0]: 1
2018/12/19-07:03:59.261861 7f3b64388700 Options.max_bytes_for_level_multiplier_addtl[1]: 1
2018/12/19-07:03:59.261862 7f3b64388700 Options.max_bytes_for_level_multiplier_addtl[2]: 1
2018/12/19-07:03:59.261863 7f3b64388700 Options.max_bytes_for_level_multiplier_addtl[3]: 1
2018/12/19-07:03:59.261864 7f3b64388700 Options.max_bytes_for_level_multiplier_addtl[4]: 1
2018/12/19-07:03:59.261865 7f3b64388700 Options.max_bytes_for_level_multiplier_addtl[5]: 1
2018/12/19-07:03:59.261866 7f3b64388700 Options.max_bytes_for_level_multiplier_addtl[6]: 1
2018/12/19-07:03:59.261867 7f3b64388700       Options.max_sequential_skip_in_iterations: 8
2018/12/19-07:03:59.261868 7f3b64388700                    Options.max_compaction_bytes: 1677721600
2018/12/19-07:03:59.261869 7f3b64388700                        Options.arena_block_size: 16777216
2018/12/19-07:03:59.261870 7f3b64388700   Options.soft_pending_compaction_bytes_limit: 68719476736
2018/12/19-07:03:59.261871 7f3b64388700   Options.hard_pending_compaction_bytes_limit: 274877906944
2018/12/19-07:03:59.261872 7f3b64388700       Options.rate_limit_delay_max_milliseconds: 100
2018/12/19-07:03:59.261873 7f3b64388700                Options.disable_auto_compactions: 0
2018/12/19-07:03:59.261876 7f3b64388700                        Options.compaction_style: kCompactionStyleLevel
2018/12/19-07:03:59.261878 7f3b64388700                          Options.compaction_pri: kByCompensatedSize
2018/12/19-07:03:59.261879 7f3b64388700 Options.compaction_options_universal.size_ratio: 1
2018/12/19-07:03:59.261880 7f3b64388700 Options.compaction_options_universal.min_merge_width: 2
2018/12/19-07:03:59.261881 7f3b64388700 Options.compaction_options_universal.max_merge_width: 4294967295
2018/12/19-07:03:59.261882 7f3b64388700 Options.compaction_options_universal.max_size_amplification_percent: 200
2018/12/19-07:03:59.261883 7f3b64388700 Options.compaction_options_universal.compression_size_percent: -1
2018/12/19-07:03:59.261897 7f3b64388700 Options.compaction_options_universal.stop_style: kCompactionStopStyleTotalSize
2018/12/19-07:03:59.261898 7f3b64388700 Options.compaction_options_fifo.max_table_files_size: 1073741824
2018/12/19-07:03:59.261899 7f3b64388700 Options.compaction_options_fifo.allow_compaction: 0
2018/12/19-07:03:59.261900 7f3b64388700 Options.compaction_options_fifo.ttl: 0
2018/12/19-07:03:59.261901 7f3b64388700                   Options.table_properties_collectors: 
2018/12/19-07:03:59.261902 7f3b64388700                   Options.inplace_update_support: 0
2018/12/19-07:03:59.261903 7f3b64388700                 Options.inplace_update_num_locks: 10000
2018/12/19-07:03:59.261904 7f3b64388700               Options.memtable_prefix_bloom_size_ratio: 0.000000
2018/12/19-07:03:59.261905 7f3b64388700   Options.memtable_huge_page_size: 0
2018/12/19-07:03:59.261906 7f3b64388700                           Options.bloom_locality: 0
2018/12/19-07:03:59.261907 7f3b64388700                    Options.max_successive_merges: 0
2018/12/19-07:03:59.261908 7f3b64388700                Options.optimize_filters_for_hits: 0
2018/12/19-07:03:59.261909 7f3b64388700                Options.paranoid_file_checks: 0
2018/12/19-07:03:59.261910 7f3b64388700                Options.force_consistency_checks: 0
2018/12/19-07:03:59.261911 7f3b64388700                Options.report_bg_io_stats: 0
2018/12/19-07:03:59.261912 7f3b64388700                               Options.ttl: 0
2018/12/19-07:03:59.261969 7f3b64388700 [db/db_impl.cc:1396] Created column family [usertable] (ID 1)
2018/12/19-07:03:59.342407 7f3b64388700 [db/db_impl_open.cc:1219] DB pointer 0x7f3b103c5340
2018/12/19-07:04:08.311679 7f3b145f4700 [db/db_impl_write.cc:1373] [usertable] New memtable created with log file: #9. Immutable memtables: 0.
2018/12/19-07:04:16.365909 7f3acb7f7700 [db/db_impl_write.cc:1373] [usertable] New memtable created with log file: #10. Immutable memtables: 1.
2018/12/19-07:04:16.366082 7f39c37fe700 [db/db_impl_compaction_flush.cc:80] [JOB 2] Syncing log #3
2018/12/19-07:04:16.631393 7f39c37fe700 [db/db_impl_compaction_flush.cc:80] [JOB 2] Syncing log #9
2018/12/19-07:04:17.107969 7f39c37fe700 (Original Log Time 2018/12/19-07:04:16.366032) [db/db_impl_compaction_flush.cc:1424] Calling FlushMemTableToOutputFile with column family [usertable], flush slots available 24, compaction slots available 1, flush slots scheduled 1, compaction slots scheduled 0
2018/12/19-07:04:17.108000 7f39c37fe700 [db/flush_job.cc:301] [usertable] [JOB 2] Flushing memtable with next log file: 9
2018/12/19-07:04:17.108013 7f39c37fe700 [db/flush_job.cc:301] [usertable] [JOB 2] Flushing memtable with next log file: 10
2018/12/19-07:04:17.108062 7f39c37fe700 EVENT_LOG_v1 {"time_micros": 1545231857108045, "job": 2, "event": "flush_started", "num_memtables": 2, "num_entries": 59568, "num_deletes": 0, "memory_usage": 258406240, "flush_reason": "Write Buffer Full"}
2018/12/19-07:04:17.108074 7f39c37fe700 [db/flush_job.cc:331] [usertable] [JOB 2] Level-0 flush table #11: started
2018/12/19-07:04:19.398697 7f39c37fe700 EVENT_LOG_v1 {"time_micros": 1545231859398672, "cf_name": "usertable", "job": 2, "event": "table_file_creation", "file_number": 11, "file_size": 246694920, "table_properties": {"data_size": 245598864, "index_size": 1095129, "filter_size": 0, "raw_key_size": 1429632, "raw_average_key_size": 24, "raw_value_size": 243990528, "raw_average_value_size": 4096, "num_data_blocks": 29784, "num_entries": 59568, "filter_policy_name": "", "kDeletedKeys": "0", "kMergeOperands": "0"}}
2018/12/19-07:04:19.398726 7f39c37fe700 [db/flush_job.cc:371] [usertable] [JOB 2] Level-0 flush table #11: 246694920 bytes OK
2018/12/19-07:04:19.461268 7f39c37fe700 (Original Log Time 2018/12/19-07:04:19.398744) [db/memtable_list.cc:377] [usertable] Level-0 commit table #11 started
2018/12/19-07:04:19.461272 7f39c37fe700 (Original Log Time 2018/12/19-07:04:19.461154) [db/memtable_list.cc:409] [usertable] Level-0 commit table #11: memtable #1 done
2018/12/19-07:04:19.461274 7f39c37fe700 (Original Log Time 2018/12/19-07:04:19.461165) [db/memtable_list.cc:409] [usertable] Level-0 commit table #11: memtable #2 done
2018/12/19-07:04:19.461275 7f39c37fe700 (Original Log Time 2018/12/19-07:04:19.461187) EVENT_LOG_v1 {"time_micros": 1545231859461177, "job": 2, "event": "flush_finished", "output_compression": "NoCompression", "lsm_state": [1, 0, 0, 0, 0, 0, 0], "immutable_memtables": 0}
2018/12/19-07:04:19.461277 7f39c37fe700 (Original Log Time 2018/12/19-07:04:19.461224) [db/db_impl_compaction_flush.cc:177] [usertable] Level summary: base level 1 max bytes base 536870912 files[1 0 0 0 0 0 0] max score 0.50
2018/12/19-07:04:19.461289 7f39c37fe700 [db/db_impl_files.cc:347] [JOB 2] Try to delete WAL files size 245949588, prev total WAL file size 290690592, number of live WAL files 3.
2018/12/19-07:04:25.251302 7f3b64388700 [db/db_impl_write.cc:1373] [usertable] New memtable created with log file: #12. Immutable memtables: 0.
2018/12/19-07:04:34.073719 7f3b14efd700 [db/db_impl_write.cc:1373] [usertable] New memtable created with log file: #13. Immutable memtables: 1.
2018/12/19-07:04:34.073822 7f3a23fff700 [db/db_impl_compaction_flush.cc:80] [JOB 3] Syncing log #10
2018/12/19-07:04:34.611851 7f3a23fff700 [db/db_impl_compaction_flush.cc:80] [JOB 3] Syncing log #12
2018/12/19-07:04:35.165432 7f3a23fff700 (Original Log Time 2018/12/19-07:04:34.073801) [db/db_impl_compaction_flush.cc:1424] Calling FlushMemTableToOutputFile with column family [usertable], flush slots available 24, compaction slots available 1, flush slots scheduled 1, compaction slots scheduled 0
2018/12/19-07:04:35.165451 7f3a23fff700 [db/flush_job.cc:301] [usertable] [JOB 3] Flushing memtable with next log file: 12
2018/12/19-07:04:35.165460 7f3a23fff700 [db/flush_job.cc:301] [usertable] [JOB 3] Flushing memtable with next log file: 13
2018/12/19-07:04:35.165494 7f3a23fff700 EVENT_LOG_v1 {"time_micros": 1545231875165485, "job": 3, "event": "flush_started", "num_memtables": 2, "num_entries": 61978, "num_deletes": 0, "memory_usage": 256842744, "flush_reason": "Write Buffer Full"}
2018/12/19-07:04:35.165501 7f3a23fff700 [db/flush_job.cc:331] [usertable] [JOB 3] Level-0 flush table #14: started
2018/12/19-07:04:36.275080 7f3a23fff700 EVENT_LOG_v1 {"time_micros": 1545231876275043, "cf_name": "usertable", "job": 3, "event": "table_file_creation", "file_number": 14, "file_size": 256675662, "table_properties": {"data_size": 255535294, "index_size": 1139441, "filter_size": 0, "raw_key_size": 1487472, "raw_average_key_size": 24, "raw_value_size": 253861888, "raw_average_value_size": 4096, "num_data_blocks": 30989, "num_entries": 61978, "filter_policy_name": "", "kDeletedKeys": "0", "kMergeOperands": "0"}}
2018/12/19-07:04:36.275104 7f3a23fff700 [db/flush_job.cc:371] [usertable] [JOB 3] Level-0 flush table #14: 256675662 bytes OK
2018/12/19-07:04:36.360863 7f3a23fff700 (Original Log Time 2018/12/19-07:04:36.275120) [db/memtable_list.cc:377] [usertable] Level-0 commit table #14 started
2018/12/19-07:04:36.360869 7f3a23fff700 (Original Log Time 2018/12/19-07:04:36.360734) [db/memtable_list.cc:409] [usertable] Level-0 commit table #14: memtable #1 done
2018/12/19-07:04:36.360871 7f3a23fff700 (Original Log Time 2018/12/19-07:04:36.360743) [db/memtable_list.cc:409] [usertable] Level-0 commit table #14: memtable #2 done
2018/12/19-07:04:36.360873 7f3a23fff700 (Original Log Time 2018/12/19-07:04:36.360777) EVENT_LOG_v1 {"time_micros": 1545231876360764, "job": 3, "event": "flush_finished", "output_compression": "NoCompression", "lsm_state": [2, 0, 0, 0, 0, 0, 0], "immutable_memtables": 0}
2018/12/19-07:04:36.360875 7f3a23fff700 (Original Log Time 2018/12/19-07:04:36.360832) [db/db_impl_compaction_flush.cc:177] [usertable] Level summary: base level 1 max bytes base 536870912 files[2 0 0 0 0 0 0] max score 1.00
2018/12/19-07:04:36.360890 7f3a23fff700 [db/db_impl_files.cc:347] [JOB 3] Try to delete WAL files size 255897922, prev total WAL file size 288953244, number of live WAL files 3.
2018/12/19-07:04:36.361167 7f3a40ff9700 [WARN] [db/db_impl.cc:491] ------- DUMPING STATS -------
2018/12/19-07:04:36.361214 7f3a40ff9700 [WARN] [db/db_impl.cc:492] 
** DB Stats **
Uptime(secs): 37.2 total, 37.2 interval
Cumulative writes: 129K writes, 129K keys, 128K commit groups, 1.0 writes per commit group, ingest: 0.50 GB, 13.72 MB/s
Cumulative WAL: 129K writes, 0 syncs, 129552.00 writes per sync, written: 0.50 GB, 13.72 MB/s
Cumulative stall: 00:00:0.000 H:M:S, 0.0 percent
Interval writes: 129K writes, 129K keys, 128K commit groups, 1.0 writes per commit group, ingest: 510.12 MB, 13.72 MB/s
Interval WAL: 129K writes, 0 syncs, 129552.00 writes per sync, written: 0.50 MB, 13.72 MB/s
Interval stall: 00:00:0.000 H:M:S, 0.0 percent

** Compaction Stats [default] **
Level    Files   Size     Score Read(GB)  Rn(GB) Rnp1(GB) Write(GB) Wnew(GB) Moved(GB) W-Amp Rd(MB/s) Wr(MB/s) Comp(sec) Comp(cnt) Avg(sec) KeyIn KeyDrop
----------------------------------------------------------------------------------------------------------------------------------------------------------
 Sum      0/0    0.00 KB   0.0      0.0     0.0      0.0       0.0      0.0       0.0   0.0      0.0      0.0         0         0    0.000       0      0
 Int      0/0    0.00 KB   0.0      0.0     0.0      0.0       0.0      0.0       0.0   0.0      0.0      0.0         0         0    0.000       0      0
Uptime(secs): 37.2 total, 37.2 interval
Flush(GB): cumulative 0.000, interval 0.000
AddFile(GB): cumulative 0.000, interval 0.000
AddFile(Total Files): cumulative 0, interval 0
AddFile(L0 Files): cumulative 0, interval 0
AddFile(Keys): cumulative 0, interval 0
Cumulative compaction: 0.00 GB write, 0.00 MB/s write, 0.00 GB read, 0.00 MB/s read, 0.0 seconds
Interval compaction: 0.00 GB write, 0.00 MB/s write, 0.00 GB read, 0.00 MB/s read, 0.0 seconds
Stalls(count): 0 level0_slowdown, 0 level0_slowdown_with_compaction, 0 level0_numfiles, 0 level0_numfiles_with_compaction, 0 stop for pending_compaction_bytes, 0 slowdown for pending_compaction_bytes, 0 memtable_compaction, 0 memtable_slowdown, interval 0 total count

** File Read Latency Histogram By Level [default] **

** Compaction Stats [usertable] **
Level    Files   Size     Score Read(GB)  Rn(GB) Rnp1(GB) Write(GB) Wnew(GB) Moved(GB) W-Amp Rd(MB/s) Wr(MB/s) Comp(sec) Comp(cnt) Avg(sec) KeyIn KeyDrop
----------------------------------------------------------------------------------------------------------------------------------------------------------
  L0      2/0   480.05 MB   1.0      0.0     0.0      0.0       0.5      0.5       0.0   1.0      0.0    141.2         3         2    1.700       0      0
 Sum      2/0   480.05 MB   0.0      0.0     0.0      0.0       0.5      0.5       0.0   1.0      0.0    141.2         3         2    1.700       0      0
 Int      0/0    0.00 KB   0.0      0.0     0.0      0.0       0.5      0.5       0.0   1.0      0.0    141.2         3         2    1.700       0      0
Uptime(secs): 37.1 total, 37.1 interval
Flush(GB): cumulative 0.469, interval 0.469
AddFile(GB): cumulative 0.000, interval 0.000
AddFile(Total Files): cumulative 0, interval 0
AddFile(L0 Files): cumulative 0, interval 0
AddFile(Keys): cumulative 0, interval 0
Cumulative compaction: 0.47 GB write, 12.94 MB/s write, 0.00 GB read, 0.00 MB/s read, 3.4 seconds
Interval compaction: 0.47 GB write, 12.94 MB/s write, 0.00 GB read, 0.00 MB/s read, 3.4 seconds
Stalls(count): 0 level0_slowdown, 0 level0_slowdown_with_compaction, 0 level0_numfiles, 0 level0_numfiles_with_compaction, 0 stop for pending_compaction_bytes, 0 slowdown for pending_compaction_bytes, 0 memtable_compaction, 0 memtable_slowdown, interval 0 total count

** File Read Latency Histogram By Level [usertable] **

** Compaction Stats [default] **
Level    Files   Size     Score Read(GB)  Rn(GB) Rnp1(GB) Write(GB) Wnew(GB) Moved(GB) W-Amp Rd(MB/s) Wr(MB/s) Comp(sec) Comp(cnt) Avg(sec) KeyIn KeyDrop
----------------------------------------------------------------------------------------------------------------------------------------------------------
 Sum      0/0    0.00 KB   0.0      0.0     0.0      0.0       0.0      0.0       0.0   0.0      0.0      0.0         0         0    0.000       0      0
 Int      0/0    0.00 KB   0.0      0.0     0.0      0.0       0.0      0.0       0.0   0.0      0.0      0.0         0         0    0.000       0      0
Uptime(secs): 37.2 total, 0.0 interval
Flush(GB): cumulative 0.000, interval 0.000
AddFile(GB): cumulative 0.000, interval 0.000
AddFile(Total Files): cumulative 0, interval 0
AddFile(L0 Files): cumulative 0, interval 0
AddFile(Keys): cumulative 0, interval 0
Cumulative compaction: 0.00 GB write, 0.00 MB/s write, 0.00 GB read, 0.00 MB/s read, 0.0 seconds
Interval compaction: 0.00 GB write, 0.00 MB/s write, 0.00 GB read, 0.00 MB/s read, 0.0 seconds
Stalls(count): 0 level0_slowdown, 0 level0_slowdown_with_compaction, 0 level0_numfiles, 0 level0_numfiles_with_compaction, 0 stop for pending_compaction_bytes, 0 slowdown for pending_compaction_bytes, 0 memtable_compaction, 0 memtable_slowdown, interval 0 total count

** File Read Latency Histogram By Level [default] **

** Compaction Stats [usertable] **
Level    Files   Size     Score Read(GB)  Rn(GB) Rnp1(GB) Write(GB) Wnew(GB) Moved(GB) W-Amp Rd(MB/s) Wr(MB/s) Comp(sec) Comp(cnt) Avg(sec) KeyIn KeyDrop
----------------------------------------------------------------------------------------------------------------------------------------------------------
  L0      2/0   480.05 MB   1.0      0.0     0.0      0.0       0.5      0.5       0.0   1.0      0.0    141.2         3         2    1.700       0      0
 Sum      2/0   480.05 MB   0.0      0.0     0.0      0.0       0.5      0.5       0.0   1.0      0.0    141.2         3         2    1.700       0      0
 Int      0/0    0.00 KB   0.0      0.0     0.0      0.0       0.0      0.0       0.0   0.0      0.0      0.0         0         0    0.000       0      0
Uptime(secs): 37.1 total, 0.0 interval
Flush(GB): cumulative 0.469, interval 0.000
AddFile(GB): cumulative 0.000, interval 0.000
AddFile(Total Files): cumulative 0, interval 0
AddFile(L0 Files): cumulative 0, interval 0
AddFile(Keys): cumulative 0, interval 0
Cumulative compaction: 0.47 GB write, 12.94 MB/s write, 0.00 GB read, 0.00 MB/s read, 3.4 seconds
Interval compaction: 0.00 GB write, 0.00 MB/s write, 0.00 GB read, 0.00 MB/s read, 0.0 seconds
Stalls(count): 0 level0_slowdown, 0 level0_slowdown_with_compaction, 0 level0_numfiles, 0 level0_numfiles_with_compaction, 0 stop for pending_compaction_bytes, 0 slowdown for pending_compaction_bytes, 0 memtable_compaction, 0 memtable_slowdown, interval 0 total count

** File Read Latency Histogram By Level [usertable] **
2018/12/19-07:04:36.424881 7f3a40ff9700 (Original Log Time 2018/12/19-07:04:36.361322) [db/db_impl_compaction_flush.cc:1835] [usertable] Moving #14 to level-1 256675662 bytes
2018/12/19-07:04:36.424885 7f3a40ff9700 (Original Log Time 2018/12/19-07:04:36.424831) EVENT_LOG_v1 {"time_micros": 1545231876424818, "job": 4, "event": "trivial_move", "destination_level": 1, "files": 1, "total_files_size": 256675662}
2018/12/19-07:04:36.424887 7f3a40ff9700 (Original Log Time 2018/12/19-07:04:36.424844) [db/db_impl_compaction_flush.cc:1864] [usertable] Moved #1 files to level-1 256675662 bytes OK: base level 1 max bytes base 536870912 files[1 1 0 0 0 0 0] max score 0.50
2018/12/19-07:04:42.895262 7f3acb6f6700 [db/db_impl_write.cc:1373] [usertable] New memtable created with log file: #15. Immutable memtables: 0.
2018/12/19-07:04:50.604783 7f3b141f0700 [db/db_impl_write.cc:1373] [usertable] New memtable created with log file: #16. Immutable memtables: 1.
2018/12/19-07:04:50.604894 7f3a237fe700 [db/db_impl_compaction_flush.cc:80] [JOB 5] Syncing log #13
2018/12/19-07:04:51.143565 7f3a237fe700 [db/db_impl_compaction_flush.cc:80] [JOB 5] Syncing log #15
2018/12/19-07:04:51.627955 7f3a237fe700 (Original Log Time 2018/12/19-07:04:50.604877) [db/db_impl_compaction_flush.cc:1424] Calling FlushMemTableToOutputFile with column family [usertable], flush slots available 24, compaction slots available 1, flush slots scheduled 1, compaction slots scheduled 0
2018/12/19-07:04:51.627967 7f3a237fe700 [db/flush_job.cc:301] [usertable] [JOB 5] Flushing memtable with next log file: 15
2018/12/19-07:04:51.627975 7f3a237fe700 [db/flush_job.cc:301] [usertable] [JOB 5] Flushing memtable with next log file: 16
2018/12/19-07:04:51.628021 7f3a237fe700 EVENT_LOG_v1 {"time_micros": 1545231891628010, "job": 5, "event": "flush_started", "num_memtables": 2, "num_entries": 57860, "num_deletes": 0, "memory_usage": 252324872, "flush_reason": "Write Buffer Full"}
2018/12/19-07:04:51.628030 7f3a237fe700 [db/flush_job.cc:331] [usertable] [JOB 5] Level-0 flush table #17: started
2018/12/19-07:04:52.757721 7f3a237fe700 EVENT_LOG_v1 {"time_micros": 1545231892757699, "cf_name": "usertable", "job": 5, "event": "table_file_creation", "file_number": 17, "file_size": 239621425, "table_properties": {"data_size": 238556780, "index_size": 1063718, "filter_size": 0, "raw_key_size": 1388640, "raw_average_key_size": 24, "raw_value_size": 236994560, "raw_average_value_size": 4096, "num_data_blocks": 28930, "num_entries": 57860, "filter_policy_name": "", "kDeletedKeys": "0", "kMergeOperands": "0"}}
2018/12/19-07:04:52.757742 7f3a237fe700 [db/flush_job.cc:371] [usertable] [JOB 5] Level-0 flush table #17: 239621425 bytes OK
2018/12/19-07:04:52.823150 7f3a237fe700 (Original Log Time 2018/12/19-07:04:52.757757) [db/memtable_list.cc:377] [usertable] Level-0 commit table #17 started
2018/12/19-07:04:52.823155 7f3a237fe700 (Original Log Time 2018/12/19-07:04:52.823022) [db/memtable_list.cc:409] [usertable] Level-0 commit table #17: memtable #1 done
2018/12/19-07:04:52.823157 7f3a237fe700 (Original Log Time 2018/12/19-07:04:52.823028) [db/memtable_list.cc:409] [usertable] Level-0 commit table #17: memtable #2 done
2018/12/19-07:04:52.823159 7f3a237fe700 (Original Log Time 2018/12/19-07:04:52.823071) EVENT_LOG_v1 {"time_micros": 1545231892823055, "job": 5, "event": "flush_finished", "output_compression": "NoCompression", "lsm_state": [2, 1, 0, 0, 0, 0, 0], "immutable_memtables": 0}
2018/12/19-07:04:52.823161 7f3a237fe700 (Original Log Time 2018/12/19-07:04:52.823120) [db/db_impl_compaction_flush.cc:177] [usertable] Level summary: base level 1 max bytes base 536870912 files[2 1 0 0 0 0 0] max score 1.00
