2019/03/21-10:18:52.096616 7f70b1cf1700 RocksDB version: 5.14.3
2019/03/21-10:18:52.096678 7f70b1cf1700 Git sha rocksdb_build_git_sha:
2019/03/21-10:18:52.096681 7f70b1cf1700 Compile date Oct  9 2018
2019/03/21-10:18:52.096691 7f70b1cf1700 DB SUMMARY
2019/03/21-10:18:52.097038 7f70b1cf1700 CURRENT file:  CURRENT
2019/03/21-10:18:52.097040 7f70b1cf1700 IDENTITY file:  IDENTITY
2019/03/21-10:18:52.097053 7f70b1cf1700 MANIFEST file:  MANIFEST-000004 size: 126855 Bytes
2019/03/21-10:18:52.097056 7f70b1cf1700 SST files in /mnt/sdg/ycsb-rocksdb-data dir, Total Num: 715, files: 000021.sst 000022.sst 000023.sst 000024.sst 000028.sst 000029.sst 000030.sst 000031.sst 000035.sst 
2019/03/21-10:18:52.097060 7f70b1cf1700 Write Ahead Log file in /mnt/sdg/ycsb-rocksdb-data: 001278.log size: 103488952 ; 
2019/03/21-10:18:52.097086 7f70b1cf1700                         Options.error_if_exists: 0
2019/03/21-10:18:52.097088 7f70b1cf1700                       Options.create_if_missing: 1
2019/03/21-10:18:52.097089 7f70b1cf1700                         Options.paranoid_checks: 1
2019/03/21-10:18:52.097089 7f70b1cf1700                                     Options.env: 0x7f70b136c080
2019/03/21-10:18:52.097091 7f70b1cf1700                                Options.info_log: 0x7f70183ba3c0
2019/03/21-10:18:52.097092 7f70b1cf1700                Options.max_file_opening_threads: 16
2019/03/21-10:18:52.097093 7f70b1cf1700                              Options.statistics: (nil)
2019/03/21-10:18:52.097094 7f70b1cf1700                               Options.use_fsync: 0
2019/03/21-10:18:52.097095 7f70b1cf1700                       Options.max_log_file_size: 0
2019/03/21-10:18:52.097096 7f70b1cf1700                  Options.max_manifest_file_size: 18446744073709551615
2019/03/21-10:18:52.097097 7f70b1cf1700                   Options.log_file_time_to_roll: 0
2019/03/21-10:18:52.097098 7f70b1cf1700                       Options.keep_log_file_num: 1000
2019/03/21-10:18:52.097099 7f70b1cf1700                    Options.recycle_log_file_num: 0
2019/03/21-10:18:52.097100 7f70b1cf1700                         Options.allow_fallocate: 1
2019/03/21-10:18:52.097101 7f70b1cf1700                        Options.allow_mmap_reads: 0
2019/03/21-10:18:52.097102 7f70b1cf1700                       Options.allow_mmap_writes: 0
2019/03/21-10:18:52.097103 7f70b1cf1700                        Options.use_direct_reads: 0
2019/03/21-10:18:52.097104 7f70b1cf1700                        Options.use_direct_io_for_flush_and_compaction: 0
2019/03/21-10:18:52.097105 7f70b1cf1700          Options.create_missing_column_families: 1
2019/03/21-10:18:52.097106 7f70b1cf1700                              Options.db_log_dir: 
2019/03/21-10:18:52.097108 7f70b1cf1700                                 Options.wal_dir: /mnt/sdg/ycsb-rocksdb-data
2019/03/21-10:18:52.097109 7f70b1cf1700                Options.table_cache_numshardbits: 6
2019/03/21-10:18:52.097110 7f70b1cf1700                      Options.max_subcompactions: 4
2019/03/21-10:18:52.097111 7f70b1cf1700                  Options.max_background_flushes: 24
2019/03/21-10:18:52.097112 7f70b1cf1700                         Options.WAL_ttl_seconds: 0
2019/03/21-10:18:52.097113 7f70b1cf1700                       Options.WAL_size_limit_MB: 0
2019/03/21-10:18:52.097114 7f70b1cf1700             Options.manifest_preallocation_size: 4194304
2019/03/21-10:18:52.097115 7f70b1cf1700                     Options.is_fd_close_on_exec: 1
2019/03/21-10:18:52.097116 7f70b1cf1700                   Options.advise_random_on_open: 1
2019/03/21-10:18:52.097117 7f70b1cf1700                    Options.db_write_buffer_size: 0
2019/03/21-10:18:52.097118 7f70b1cf1700                    Options.write_buffer_manager: 0x7f70183ba650
2019/03/21-10:18:52.097119 7f70b1cf1700         Options.access_hint_on_compaction_start: 1
2019/03/21-10:18:52.097120 7f70b1cf1700  Options.new_table_reader_for_compaction_inputs: 0
2019/03/21-10:18:52.097121 7f70b1cf1700           Options.random_access_max_buffer_size: 1048576
2019/03/21-10:18:52.097122 7f70b1cf1700                      Options.use_adaptive_mutex: 0
2019/03/21-10:18:52.097123 7f70b1cf1700                            Options.rate_limiter: (nil)
2019/03/21-10:18:52.097136 7f70b1cf1700     Options.sst_file_manager.rate_bytes_per_sec: 0
2019/03/21-10:18:52.097138 7f70b1cf1700                       Options.wal_recovery_mode: 2
2019/03/21-10:18:52.097139 7f70b1cf1700                  Options.enable_thread_tracking: 0
2019/03/21-10:18:52.097140 7f70b1cf1700                  Options.enable_pipelined_write: 1
2019/03/21-10:18:52.097140 7f70b1cf1700         Options.allow_concurrent_memtable_write: 1
2019/03/21-10:18:52.097141 7f70b1cf1700      Options.enable_write_thread_adaptive_yield: 1
2019/03/21-10:18:52.097142 7f70b1cf1700             Options.write_thread_max_yield_usec: 100
2019/03/21-10:18:52.097143 7f70b1cf1700            Options.write_thread_slow_yield_usec: 3
2019/03/21-10:18:52.097144 7f70b1cf1700                               Options.row_cache: None
2019/03/21-10:18:52.097145 7f70b1cf1700                              Options.wal_filter: None
2019/03/21-10:18:52.097146 7f70b1cf1700             Options.avoid_flush_during_recovery: 0
2019/03/21-10:18:52.097147 7f70b1cf1700             Options.allow_ingest_behind: 0
2019/03/21-10:18:52.097148 7f70b1cf1700             Options.preserve_deletes: 0
2019/03/21-10:18:52.097149 7f70b1cf1700             Options.two_write_queues: 0
2019/03/21-10:18:52.097150 7f70b1cf1700             Options.manual_wal_flush: 0
2019/03/21-10:18:52.097152 7f70b1cf1700             Options.max_background_jobs: 24
2019/03/21-10:18:52.097153 7f70b1cf1700             Options.max_background_compactions: 24
2019/03/21-10:18:52.097154 7f70b1cf1700             Options.avoid_flush_during_shutdown: 0
2019/03/21-10:18:52.097155 7f70b1cf1700           Options.writable_file_max_buffer_size: 1048576
2019/03/21-10:18:52.097156 7f70b1cf1700             Options.delayed_write_rate : 16777216
2019/03/21-10:18:52.097157 7f70b1cf1700             Options.max_total_wal_size: 0
2019/03/21-10:18:52.097158 7f70b1cf1700             Options.delete_obsolete_files_period_micros: 21600000000
2019/03/21-10:18:52.097159 7f70b1cf1700                   Options.stats_dump_period_sec: 60
2019/03/21-10:18:52.097160 7f70b1cf1700                          Options.max_open_files: -1
2019/03/21-10:18:52.097161 7f70b1cf1700                          Options.bytes_per_sync: 1048576
2019/03/21-10:18:52.097162 7f70b1cf1700                      Options.wal_bytes_per_sync: 0
2019/03/21-10:18:52.097163 7f70b1cf1700       Options.compaction_readahead_size: 0
2019/03/21-10:18:52.097164 7f70b1cf1700 Compression algorithms supported:
2019/03/21-10:18:52.097166 7f70b1cf1700 	kZSTDNotFinalCompression supported: 1
2019/03/21-10:18:52.097174 7f70b1cf1700 	kZSTD supported: 1
2019/03/21-10:18:52.097176 7f70b1cf1700 	kXpressCompression supported: 0
2019/03/21-10:18:52.097177 7f70b1cf1700 	kLZ4HCCompression supported: 1
2019/03/21-10:18:52.097178 7f70b1cf1700 	kLZ4Compression supported: 1
2019/03/21-10:18:52.097179 7f70b1cf1700 	kBZip2Compression supported: 1
2019/03/21-10:18:52.097180 7f70b1cf1700 	kZlibCompression supported: 1
2019/03/21-10:18:52.097182 7f70b1cf1700 	kSnappyCompression supported: 1
2019/03/21-10:18:52.097185 7f70b1cf1700 Fast CRC32 supported: Not supported on x86
2019/03/21-10:18:52.097628 7f70b1cf1700 [db/version_set.cc:3085] Recovering from manifest file: MANIFEST-000004
2019/03/21-10:18:52.097724 7f70b1cf1700 [db/column_family.cc:475] --------------- Options for column family [default]:
2019/03/21-10:18:52.097729 7f70b1cf1700               Options.comparator: leveldb.BytewiseComparator
2019/03/21-10:18:52.097730 7f70b1cf1700           Options.merge_operator: None
2019/03/21-10:18:52.097731 7f70b1cf1700        Options.compaction_filter: None
2019/03/21-10:18:52.097732 7f70b1cf1700        Options.compaction_filter_factory: None
2019/03/21-10:18:52.097733 7f70b1cf1700         Options.memtable_factory: SkipListFactory
2019/03/21-10:18:52.097734 7f70b1cf1700            Options.table_factory: BlockBasedTable
2019/03/21-10:18:52.097757 7f70b1cf1700            table_factory options:   flush_block_policy_factory: FlushBlockBySizePolicyFactory (0x7f70183b4890)
  cache_index_and_filter_blocks: 0
  cache_index_and_filter_blocks_with_high_priority: 0
  pin_l0_filter_and_index_blocks_in_cache: 0
  index_type: 0
  hash_index_allow_collision: 1
  checksum: 1
  no_block_cache: 0
  block_cache: 0x7f70183a6770
  block_cache_name: LRUCache
  block_cache_options:
    capacity : 8388608
    num_shard_bits : 4
    strict_capacity_limit : 0
    high_pri_pool_ratio: 0.000
  block_cache_compressed: (nil)
  persistent_cache: (nil)
  block_size: 8192
  block_size_deviation: 10
  block_restart_interval: 16
  index_block_restart_interval: 1
  metadata_block_size: 4096
  partition_filters: 0
  use_delta_encoding: 1
  filter_policy: nullptr
  whole_key_filtering: 1
  verify_compression: 0
  read_amp_bytes_per_bit: 0
  format_version: 2
  enable_index_compression: 1
  block_align: 0
2019/03/21-10:18:52.097772 7f70b1cf1700        Options.write_buffer_size: 134217728
2019/03/21-10:18:52.097773 7f70b1cf1700  Options.max_write_buffer_number: 24
2019/03/21-10:18:52.097775 7f70b1cf1700        Options.compression[0]: NoCompression
2019/03/21-10:18:52.097776 7f70b1cf1700        Options.compression[1]: NoCompression
2019/03/21-10:18:52.097778 7f70b1cf1700        Options.compression[2]: LZ4
2019/03/21-10:18:52.097779 7f70b1cf1700        Options.compression[3]: LZ4
2019/03/21-10:18:52.097780 7f70b1cf1700        Options.compression[4]: LZ4
2019/03/21-10:18:52.097781 7f70b1cf1700        Options.compression[5]: LZ4
2019/03/21-10:18:52.097783 7f70b1cf1700        Options.compression[6]: LZ4
2019/03/21-10:18:52.097784 7f70b1cf1700                  Options.bottommost_compression: Disabled
2019/03/21-10:18:52.097785 7f70b1cf1700       Options.prefix_extractor: nullptr
2019/03/21-10:18:52.097786 7f70b1cf1700   Options.memtable_insert_with_hint_prefix_extractor: nullptr
2019/03/21-10:18:52.097787 7f70b1cf1700             Options.num_levels: 7
2019/03/21-10:18:52.097788 7f70b1cf1700        Options.min_write_buffer_number_to_merge: 2
2019/03/21-10:18:52.097789 7f70b1cf1700     Options.max_write_buffer_number_to_maintain: 0
2019/03/21-10:18:52.097790 7f70b1cf1700            Options.compression_opts.window_bits: -14
2019/03/21-10:18:52.097791 7f70b1cf1700                  Options.compression_opts.level: -1
2019/03/21-10:18:52.097792 7f70b1cf1700               Options.compression_opts.strategy: 0
2019/03/21-10:18:52.097793 7f70b1cf1700         Options.compression_opts.max_dict_bytes: 0
2019/03/21-10:18:52.097794 7f70b1cf1700         Options.compression_opts.zstd_max_train_bytes: 0
2019/03/21-10:18:52.097795 7f70b1cf1700      Options.level0_file_num_compaction_trigger: 2
2019/03/21-10:18:52.097796 7f70b1cf1700          Options.level0_slowdown_writes_trigger: 20
2019/03/21-10:18:52.097797 7f70b1cf1700              Options.level0_stop_writes_trigger: 36
2019/03/21-10:18:52.097798 7f70b1cf1700                   Options.target_file_size_base: 67108864
2019/03/21-10:18:52.097799 7f70b1cf1700             Options.target_file_size_multiplier: 1
2019/03/21-10:18:52.097800 7f70b1cf1700                Options.max_bytes_for_level_base: 536870912
2019/03/21-10:18:52.097801 7f70b1cf1700 Options.level_compaction_dynamic_level_bytes: 0
2019/03/21-10:18:52.097802 7f70b1cf1700          Options.max_bytes_for_level_multiplier: 10.000000
2019/03/21-10:18:52.097804 7f70b1cf1700 Options.max_bytes_for_level_multiplier_addtl[0]: 1
2019/03/21-10:18:52.097805 7f70b1cf1700 Options.max_bytes_for_level_multiplier_addtl[1]: 1
2019/03/21-10:18:52.097806 7f70b1cf1700 Options.max_bytes_for_level_multiplier_addtl[2]: 1
2019/03/21-10:18:52.097807 7f70b1cf1700 Options.max_bytes_for_level_multiplier_addtl[3]: 1
2019/03/21-10:18:52.097808 7f70b1cf1700 Options.max_bytes_for_level_multiplier_addtl[4]: 1
2019/03/21-10:18:52.097809 7f70b1cf1700 Options.max_bytes_for_level_multiplier_addtl[5]: 1
2019/03/21-10:18:52.097810 7f70b1cf1700 Options.max_bytes_for_level_multiplier_addtl[6]: 1
2019/03/21-10:18:52.097811 7f70b1cf1700       Options.max_sequential_skip_in_iterations: 8
2019/03/21-10:18:52.097812 7f70b1cf1700                    Options.max_compaction_bytes: 1677721600
2019/03/21-10:18:52.097819 7f70b1cf1700                        Options.arena_block_size: 16777216
2019/03/21-10:18:52.097821 7f70b1cf1700   Options.soft_pending_compaction_bytes_limit: 68719476736
2019/03/21-10:18:52.097822 7f70b1cf1700   Options.hard_pending_compaction_bytes_limit: 274877906944
2019/03/21-10:18:52.097823 7f70b1cf1700       Options.rate_limit_delay_max_milliseconds: 100
2019/03/21-10:18:52.097824 7f70b1cf1700                Options.disable_auto_compactions: 0
2019/03/21-10:18:52.097825 7f70b1cf1700                        Options.compaction_style: kCompactionStyleLevel
2019/03/21-10:18:52.097827 7f70b1cf1700                          Options.compaction_pri: kByCompensatedSize
2019/03/21-10:18:52.097828 7f70b1cf1700 Options.compaction_options_universal.size_ratio: 1
2019/03/21-10:18:52.097829 7f70b1cf1700 Options.compaction_options_universal.min_merge_width: 2
2019/03/21-10:18:52.097830 7f70b1cf1700 Options.compaction_options_universal.max_merge_width: 4294967295
2019/03/21-10:18:52.097831 7f70b1cf1700 Options.compaction_options_universal.max_size_amplification_percent: 200
2019/03/21-10:18:52.097832 7f70b1cf1700 Options.compaction_options_universal.compression_size_percent: -1
2019/03/21-10:18:52.097833 7f70b1cf1700 Options.compaction_options_universal.stop_style: kCompactionStopStyleTotalSize
2019/03/21-10:18:52.097834 7f70b1cf1700 Options.compaction_options_fifo.max_table_files_size: 1073741824
2019/03/21-10:18:52.097835 7f70b1cf1700 Options.compaction_options_fifo.allow_compaction: 0
2019/03/21-10:18:52.097836 7f70b1cf1700 Options.compaction_options_fifo.ttl: 0
2019/03/21-10:18:52.097837 7f70b1cf1700                   Options.table_properties_collectors: 
2019/03/21-10:18:52.097838 7f70b1cf1700                   Options.inplace_update_support: 0
2019/03/21-10:18:52.097839 7f70b1cf1700                 Options.inplace_update_num_locks: 10000
2019/03/21-10:18:52.097840 7f70b1cf1700               Options.memtable_prefix_bloom_size_ratio: 0.000000
2019/03/21-10:18:52.097842 7f70b1cf1700   Options.memtable_huge_page_size: 0
2019/03/21-10:18:52.097843 7f70b1cf1700                           Options.bloom_locality: 0
2019/03/21-10:18:52.097844 7f70b1cf1700                    Options.max_successive_merges: 0
2019/03/21-10:18:52.097845 7f70b1cf1700                Options.optimize_filters_for_hits: 0
2019/03/21-10:18:52.097846 7f70b1cf1700                Options.paranoid_file_checks: 0
2019/03/21-10:18:52.097847 7f70b1cf1700                Options.force_consistency_checks: 0
2019/03/21-10:18:52.097848 7f70b1cf1700                Options.report_bg_io_stats: 0
2019/03/21-10:18:52.097849 7f70b1cf1700                               Options.ttl: 0
2019/03/21-10:18:52.098356 7f70b1cf1700 [db/column_family.cc:475] --------------- Options for column family [usertable]:
2019/03/21-10:18:52.098360 7f70b1cf1700               Options.comparator: leveldb.BytewiseComparator
2019/03/21-10:18:52.098362 7f70b1cf1700           Options.merge_operator: None
2019/03/21-10:18:52.098363 7f70b1cf1700        Options.compaction_filter: None
2019/03/21-10:18:52.098364 7f70b1cf1700        Options.compaction_filter_factory: None
2019/03/21-10:18:52.098365 7f70b1cf1700         Options.memtable_factory: SkipListFactory
2019/03/21-10:18:52.098366 7f70b1cf1700            Options.table_factory: BlockBasedTable
2019/03/21-10:18:52.098391 7f70b1cf1700            table_factory options:   flush_block_policy_factory: FlushBlockBySizePolicyFactory (0x7f70183b82a0)
  cache_index_and_filter_blocks: 0
  cache_index_and_filter_blocks_with_high_priority: 0
  pin_l0_filter_and_index_blocks_in_cache: 0
  index_type: 0
  hash_index_allow_collision: 1
  checksum: 1
  no_block_cache: 0
  block_cache: 0x7f70183b7180
  block_cache_name: LRUCache
  block_cache_options:
    capacity : 8388608
    num_shard_bits : 4
    strict_capacity_limit : 0
    high_pri_pool_ratio: 0.000
  block_cache_compressed: (nil)
  persistent_cache: (nil)
  block_size: 8192
  block_size_deviation: 10
  block_restart_interval: 16
  index_block_restart_interval: 1
  metadata_block_size: 4096
  partition_filters: 0
  use_delta_encoding: 1
  filter_policy: nullptr
  whole_key_filtering: 1
  verify_compression: 0
  read_amp_bytes_per_bit: 0
  format_version: 2
  enable_index_compression: 1
  block_align: 0
2019/03/21-10:18:52.098405 7f70b1cf1700        Options.write_buffer_size: 134217728
2019/03/21-10:18:52.098407 7f70b1cf1700  Options.max_write_buffer_number: 24
2019/03/21-10:18:52.098409 7f70b1cf1700        Options.compression[0]: NoCompression
2019/03/21-10:18:52.098410 7f70b1cf1700        Options.compression[1]: NoCompression
2019/03/21-10:18:52.098411 7f70b1cf1700        Options.compression[2]: LZ4
2019/03/21-10:18:52.098412 7f70b1cf1700        Options.compression[3]: LZ4
2019/03/21-10:18:52.098414 7f70b1cf1700        Options.compression[4]: LZ4
2019/03/21-10:18:52.098415 7f70b1cf1700        Options.compression[5]: LZ4
2019/03/21-10:18:52.098416 7f70b1cf1700        Options.compression[6]: LZ4
2019/03/21-10:18:52.098417 7f70b1cf1700                  Options.bottommost_compression: Disabled
2019/03/21-10:18:52.098418 7f70b1cf1700       Options.prefix_extractor: nullptr
2019/03/21-10:18:52.098419 7f70b1cf1700   Options.memtable_insert_with_hint_prefix_extractor: nullptr
2019/03/21-10:18:52.098420 7f70b1cf1700             Options.num_levels: 7
2019/03/21-10:18:52.098421 7f70b1cf1700        Options.min_write_buffer_number_to_merge: 2
2019/03/21-10:18:52.098422 7f70b1cf1700     Options.max_write_buffer_number_to_maintain: 0
2019/03/21-10:18:52.098423 7f70b1cf1700            Options.compression_opts.window_bits: -14
2019/03/21-10:18:52.098424 7f70b1cf1700                  Options.compression_opts.level: -1
2019/03/21-10:18:52.098425 7f70b1cf1700               Options.compression_opts.strategy: 0
2019/03/21-10:18:52.098426 7f70b1cf1700         Options.compression_opts.max_dict_bytes: 0
2019/03/21-10:18:52.098427 7f70b1cf1700         Options.compression_opts.zstd_max_train_bytes: 0
2019/03/21-10:18:52.098428 7f70b1cf1700      Options.level0_file_num_compaction_trigger: 2
2019/03/21-10:18:52.098429 7f70b1cf1700          Options.level0_slowdown_writes_trigger: 20
2019/03/21-10:18:52.098430 7f70b1cf1700              Options.level0_stop_writes_trigger: 36
2019/03/21-10:18:52.098431 7f70b1cf1700                   Options.target_file_size_base: 67108864
2019/03/21-10:18:52.098432 7f70b1cf1700             Options.target_file_size_multiplier: 1
2019/03/21-10:18:52.098433 7f70b1cf1700                Options.max_bytes_for_level_base: 536870912
2019/03/21-10:18:52.098434 7f70b1cf1700 Options.level_compaction_dynamic_level_bytes: 0
2019/03/21-10:18:52.098435 7f70b1cf1700          Options.max_bytes_for_level_multiplier: 10.000000
2019/03/21-10:18:52.098438 7f70b1cf1700 Options.max_bytes_for_level_multiplier_addtl[0]: 1
2019/03/21-10:18:52.098439 7f70b1cf1700 Options.max_bytes_for_level_multiplier_addtl[1]: 1
2019/03/21-10:18:52.098440 7f70b1cf1700 Options.max_bytes_for_level_multiplier_addtl[2]: 1
2019/03/21-10:18:52.098441 7f70b1cf1700 Options.max_bytes_for_level_multiplier_addtl[3]: 1
2019/03/21-10:18:52.098442 7f70b1cf1700 Options.max_bytes_for_level_multiplier_addtl[4]: 1
2019/03/21-10:18:52.098443 7f70b1cf1700 Options.max_bytes_for_level_multiplier_addtl[5]: 1
2019/03/21-10:18:52.098444 7f70b1cf1700 Options.max_bytes_for_level_multiplier_addtl[6]: 1
2019/03/21-10:18:52.098445 7f70b1cf1700       Options.max_sequential_skip_in_iterations: 8
2019/03/21-10:18:52.098446 7f70b1cf1700                    Options.max_compaction_bytes: 1677721600
2019/03/21-10:18:52.098447 7f70b1cf1700                        Options.arena_block_size: 16777216
2019/03/21-10:18:52.098448 7f70b1cf1700   Options.soft_pending_compaction_bytes_limit: 68719476736
2019/03/21-10:18:52.098449 7f70b1cf1700   Options.hard_pending_compaction_bytes_limit: 274877906944
2019/03/21-10:18:52.098450 7f70b1cf1700       Options.rate_limit_delay_max_milliseconds: 100
2019/03/21-10:18:52.098451 7f70b1cf1700                Options.disable_auto_compactions: 0
2019/03/21-10:18:52.098452 7f70b1cf1700                        Options.compaction_style: kCompactionStyleLevel
2019/03/21-10:18:52.098459 7f70b1cf1700                          Options.compaction_pri: kByCompensatedSize
2019/03/21-10:18:52.098461 7f70b1cf1700 Options.compaction_options_universal.size_ratio: 1
2019/03/21-10:18:52.098462 7f70b1cf1700 Options.compaction_options_universal.min_merge_width: 2
2019/03/21-10:18:52.098463 7f70b1cf1700 Options.compaction_options_universal.max_merge_width: 4294967295
2019/03/21-10:18:52.098464 7f70b1cf1700 Options.compaction_options_universal.max_size_amplification_percent: 200
2019/03/21-10:18:52.098465 7f70b1cf1700 Options.compaction_options_universal.compression_size_percent: -1
2019/03/21-10:18:52.098466 7f70b1cf1700 Options.compaction_options_universal.stop_style: kCompactionStopStyleTotalSize
2019/03/21-10:18:52.098467 7f70b1cf1700 Options.compaction_options_fifo.max_table_files_size: 1073741824
2019/03/21-10:18:52.098468 7f70b1cf1700 Options.compaction_options_fifo.allow_compaction: 0
2019/03/21-10:18:52.098469 7f70b1cf1700 Options.compaction_options_fifo.ttl: 0
2019/03/21-10:18:52.098470 7f70b1cf1700                   Options.table_properties_collectors: 
2019/03/21-10:18:52.098471 7f70b1cf1700                   Options.inplace_update_support: 0
2019/03/21-10:18:52.098472 7f70b1cf1700                 Options.inplace_update_num_locks: 10000
2019/03/21-10:18:52.098473 7f70b1cf1700               Options.memtable_prefix_bloom_size_ratio: 0.000000
2019/03/21-10:18:52.098474 7f70b1cf1700   Options.memtable_huge_page_size: 0
2019/03/21-10:18:52.098475 7f70b1cf1700                           Options.bloom_locality: 0
2019/03/21-10:18:52.098476 7f70b1cf1700                    Options.max_successive_merges: 0
2019/03/21-10:18:52.098477 7f70b1cf1700                Options.optimize_filters_for_hits: 0
2019/03/21-10:18:52.098478 7f70b1cf1700                Options.paranoid_file_checks: 0
2019/03/21-10:18:52.098479 7f70b1cf1700                Options.force_consistency_checks: 0
2019/03/21-10:18:52.098480 7f70b1cf1700                Options.report_bg_io_stats: 0
2019/03/21-10:18:52.098481 7f70b1cf1700                               Options.ttl: 0
2019/03/21-10:18:52.638085 7f70b1cf1700 [db/version_set.cc:3361] Recovered from manifest file:/mnt/sdg/ycsb-rocksdb-data/MANIFEST-000004 succeeded,manifest_file_number is 4, next_file_number is 1285, last_sequence is 10434762, log_number is 0,prev_log_number is 0,max_column_family is 1,min_log_number_to_keep is 0
2019/03/21-10:18:52.638096 7f70b1cf1700 [db/version_set.cc:3369] Column family [default] (ID 0), log number is 0
2019/03/21-10:18:52.638098 7f70b1cf1700 [db/version_set.cc:3369] Column family [usertable] (ID 1), log number is 1278
2019/03/21-10:18:52.640125 7f70b1cf1700 EVENT_LOG_v1 {"time_micros": 1553188732640105, "job": 1, "event": "recovery_started", "log_files": [1278]}
2019/03/21-10:18:52.640133 7f70b1cf1700 [db/db_impl_open.cc:551] Recovering log #1278 mode 2
2019/03/21-10:18:52.933793 7f70b1cf1700 [db/version_set.cc:2847] Creating manifest 1285
2019/03/21-10:18:54.055472 7f70b1cf1700 EVENT_LOG_v1 {"time_micros": 1553188734055448, "cf_name": "usertable", "job": 1, "event": "table_file_creation", "file_number": 1286, "file_size": 103605817, "table_properties": {"data_size": 103145105, "index_size": 459790, "filter_size": 0, "raw_key_size": 600408, "raw_average_key_size": 24, "raw_value_size": 102469632, "raw_average_value_size": 4096, "num_data_blocks": 12509, "num_entries": 25017, "filter_policy_name": "", "kDeletedKeys": "0", "kMergeOperands": "0"}}
2019/03/21-10:18:54.114649 7f70b1cf1700 EVENT_LOG_v1 {"time_micros": 1553188734114645, "job": 1, "event": "recovery_finished"}
2019/03/21-10:18:54.233258 7f70b1cf1700 [db/db_impl_open.cc:1219] DB pointer 0x7f70183b3370
2019/03/21-10:18:54.233536 7f6fd4ff9700 [WARN] [db/db_impl.cc:491] ------- DUMPING STATS -------
2019/03/21-10:18:54.233581 7f6fd4ff9700 [WARN] [db/db_impl.cc:492] 
** DB Stats **
Uptime(secs): 2.1 total, 2.1 interval
Cumulative writes: 0 writes, 0 keys, 0 commit groups, 0.0 writes per commit group, ingest: 0.00 GB, 0.00 MB/s
Cumulative WAL: 0 writes, 0 syncs, 0.00 writes per sync, written: 0.00 GB, 0.00 MB/s
Cumulative stall: 00:00:0.000 H:M:S, 0.0 percent
Interval writes: 0 writes, 0 keys, 0 commit groups, 0.0 writes per commit group, ingest: 0.00 MB, 0.00 MB/s
Interval WAL: 0 writes, 0 syncs, 0.00 writes per sync, written: 0.00 MB, 0.00 MB/s
Interval stall: 00:00:0.000 H:M:S, 0.0 percent

** Compaction Stats [default] **
Level    Files   Size     Score Read(GB)  Rn(GB) Rnp1(GB) Write(GB) Wnew(GB) Moved(GB) W-Amp Rd(MB/s) Wr(MB/s) Comp(sec) Comp(cnt) Avg(sec) KeyIn KeyDrop
----------------------------------------------------------------------------------------------------------------------------------------------------------
 Sum      0/0    0.00 KB   0.0      0.0     0.0      0.0       0.0      0.0       0.0   0.0      0.0      0.0         0         0    0.000       0      0
 Int      0/0    0.00 KB   0.0      0.0     0.0      0.0       0.0      0.0       0.0   0.0      0.0      0.0         0         0    0.000       0      0
Uptime(secs): 2.1 total, 2.1 interval
Flush(GB): cumulative 0.000, interval 0.000
AddFile(GB): cumulative 0.000, interval 0.000
AddFile(Total Files): cumulative 0, interval 0
AddFile(L0 Files): cumulative 0, interval 0
AddFile(Keys): cumulative 0, interval 0
Cumulative compaction: 0.00 GB write, 0.00 MB/s write, 0.00 GB read, 0.00 MB/s read, 0.0 seconds
Interval compaction: 0.00 GB write, 0.00 MB/s write, 0.00 GB read, 0.00 MB/s read, 0.0 seconds
Stalls(count): 0 level0_slowdown, 0 level0_slowdown_with_compaction, 0 level0_numfiles, 0 level0_numfiles_with_compaction, 0 stop for pending_compaction_bytes, 0 slowdown for pending_compaction_bytes, 0 memtable_compaction, 0 memtable_slowdown, interval 0 total count

** File Read Latency Histogram By Level [default] **

** Compaction Stats [usertable] **
Level    Files   Size     Score Read(GB)  Rn(GB) Rnp1(GB) Write(GB) Wnew(GB) Moved(GB) W-Amp Rd(MB/s) Wr(MB/s) Comp(sec) Comp(cnt) Avg(sec) KeyIn KeyDrop
----------------------------------------------------------------------------------------------------------------------------------------------------------
  L0      2/0   313.09 MB   1.0      0.0     0.0      0.0       0.1      0.1       0.0   1.0      0.0    100.1         1         1    0.987       0      0
  L1      8/0   451.98 MB   0.9      0.0     0.0      0.0       0.0      0.0       0.0   0.0      0.0      0.0         0         0    0.000       0      0
  L2    155/0    4.96 GB   1.0      0.0     0.0      0.0       0.0      0.0       0.0   0.0      0.0      0.0         0         0    0.000       0      0
  L3    551/0   34.47 GB   0.7      0.0     0.0      0.0       0.0      0.0       0.0   0.0      0.0      0.0         0         0    0.000       0      0
 Sum    716/0   40.18 GB   0.0      0.0     0.0      0.0       0.1      0.1       0.0   1.0      0.0    100.1         1         1    0.987       0      0
 Int      0/0    0.00 KB   0.0      0.0     0.0      0.0       0.1      0.1       0.0   1.0      0.0    100.1         1         1    0.987       0      0
Uptime(secs): 2.1 total, 2.1 interval
Flush(GB): cumulative 0.096, interval 0.096
AddFile(GB): cumulative 0.000, interval 0.000
AddFile(Total Files): cumulative 0, interval 0
AddFile(L0 Files): cumulative 0, interval 0
AddFile(Keys): cumulative 0, interval 0
Cumulative compaction: 0.10 GB write, 46.28 MB/s write, 0.00 GB read, 0.00 MB/s read, 1.0 seconds
Interval compaction: 0.10 GB write, 46.28 MB/s write, 0.00 GB read, 0.00 MB/s read, 1.0 seconds
Stalls(count): 0 level0_slowdown, 0 level0_slowdown_with_compaction, 0 level0_numfiles, 0 level0_numfiles_with_compaction, 0 stop for pending_compaction_bytes, 0 slowdown for pending_compaction_bytes, 0 memtable_compaction, 0 memtable_slowdown, interval 0 total count

** File Read Latency Histogram By Level [usertable] **

** Compaction Stats [default] **
Level    Files   Size     Score Read(GB)  Rn(GB) Rnp1(GB) Write(GB) Wnew(GB) Moved(GB) W-Amp Rd(MB/s) Wr(MB/s) Comp(sec) Comp(cnt) Avg(sec) KeyIn KeyDrop
----------------------------------------------------------------------------------------------------------------------------------------------------------
 Sum      0/0    0.00 KB   0.0      0.0     0.0      0.0       0.0      0.0       0.0   0.0      0.0      0.0         0         0    0.000       0      0
 Int      0/0    0.00 KB   0.0      0.0     0.0      0.0       0.0      0.0       0.0   0.0      0.0      0.0         0         0    0.000       0      0
Uptime(secs): 2.1 total, 0.0 interval
Flush(GB): cumulative 0.000, interval 0.000
AddFile(GB): cumulative 0.000, interval 0.000
AddFile(Total Files): cumulative 0, interval 0
AddFile(L0 Files): cumulative 0, interval 0
AddFile(Keys): cumulative 0, interval 0
Cumulative compaction: 0.00 GB write, 0.00 MB/s write, 0.00 GB read, 0.00 MB/s read, 0.0 seconds
Interval compaction: 0.00 GB write, 0.00 MB/s write, 0.00 GB read, 0.00 MB/s read, 0.0 seconds
Stalls(count): 0 level0_slowdown, 0 level0_slowdown_with_compaction, 0 level0_numfiles, 0 level0_numfiles_with_compaction, 0 stop for pending_compaction_bytes, 0 slowdown for pending_compaction_bytes, 0 memtable_compaction, 0 memtable_slowdown, interval 0 total count

** File Read Latency Histogram By Level [default] **

** Compaction Stats [usertable] **
Level    Files   Size     Score Read(GB)  Rn(GB) Rnp1(GB) Write(GB) Wnew(GB) Moved(GB) W-Amp Rd(MB/s) Wr(MB/s) Comp(sec) Comp(cnt) Avg(sec) KeyIn KeyDrop
----------------------------------------------------------------------------------------------------------------------------------------------------------
  L0      2/0   313.09 MB   1.0      0.0     0.0      0.0       0.1      0.1       0.0   1.0      0.0    100.1         1         1    0.987       0      0
  L1      8/0   451.98 MB   0.9      0.0     0.0      0.0       0.0      0.0       0.0   0.0      0.0      0.0         0         0    0.000       0      0
  L2    155/0    4.96 GB   1.0      0.0     0.0      0.0       0.0      0.0       0.0   0.0      0.0      0.0         0         0    0.000       0      0
  L3    551/0   34.47 GB   0.7      0.0     0.0      0.0       0.0      0.0       0.0   0.0      0.0      0.0         0         0    0.000       0      0
 Sum    716/0   40.18 GB   0.0      0.0     0.0      0.0       0.1      0.1       0.0   1.0      0.0    100.1         1         1    0.987       0      0
 Int      0/0    0.00 KB   0.0      0.0     0.0      0.0       0.0      0.0       0.0   0.0      0.0      0.0         0         0    0.000       0      0
Uptime(secs): 2.1 total, 0.0 interval
Flush(GB): cumulative 0.096, interval 0.000
AddFile(GB): cumulative 0.000, interval 0.000
AddFile(Total Files): cumulative 0, interval 0
AddFile(L0 Files): cumulative 0, interval 0
AddFile(Keys): cumulative 0, interval 0
Cumulative compaction: 0.10 GB write, 46.28 MB/s write, 0.00 GB read, 0.00 MB/s read, 1.0 seconds
Interval compaction: 0.00 GB write, 0.00 MB/s write, 0.00 GB read, 0.00 MB/s read, 0.0 seconds
Stalls(count): 0 level0_slowdown, 0 level0_slowdown_with_compaction, 0 level0_numfiles, 0 level0_numfiles_with_compaction, 0 stop for pending_compaction_bytes, 0 slowdown for pending_compaction_bytes, 0 memtable_compaction, 0 memtable_slowdown, interval 0 total count

** File Read Latency Histogram By Level [usertable] **
2019/03/21-10:18:54.292102 7f6fd4ff9700 (Original Log Time 2019/03/21-10:18:54.233689) [db/db_impl_compaction_flush.cc:1835] [usertable] Moving #1223 to level-1 224691751 bytes
2019/03/21-10:18:54.292107 7f6fd4ff9700 (Original Log Time 2019/03/21-10:18:54.292037) EVENT_LOG_v1 {"time_micros": 1553188734292029, "job": 3, "event": "trivial_move", "destination_level": 1, "files": 1, "total_files_size": 224691751}
2019/03/21-10:18:54.292109 7f6fd4ff9700 (Original Log Time 2019/03/21-10:18:54.292047) [db/db_impl_compaction_flush.cc:1864] [usertable] Moved #1 files to level-1 224691751 bytes OK: base level 1 max bytes base 536870912 files[1 9 155 551 0 0 0] max score 1.30
2019/03/21-10:18:54.292168 7f6fd4ff9700 [db/compaction_job.cc:1531] [usertable] [JOB 4] Compacting 1@1 files to L2, score 1.30
2019/03/21-10:18:54.292175 7f6fd4ff9700 [db/compaction_job.cc:1535] [usertable] Compaction start summary: Base version 6 Base level 1, inputs: [1223(214MB)]
2019/03/21-10:18:54.292194 7f6fd4ff9700 EVENT_LOG_v1 {"time_micros": 1553188734292180, "job": 4, "event": "compaction_started", "compaction_reason": "LevelMaxLevelSize", "files_L1": [1223], "score": 1.3013, "input_data_size": 224691751}
2019/03/21-10:18:55.416570 7f6fd4ff9700 [db/compaction_job.cc:1211] [usertable] [JOB 4] Generated table #1290: 16279 keys, 67233337 bytes
2019/03/21-10:18:55.416618 7f6fd4ff9700 EVENT_LOG_v1 {"time_micros": 1553188735416594, "cf_name": "usertable", "job": 4, "event": "table_file_creation", "file_number": 1290, "file_size": 67233337, "table_properties": {"data_size": 67118331, "index_size": 299108, "filter_size": 0, "raw_key_size": 390696, "raw_average_key_size": 24, "raw_value_size": 66678784, "raw_average_value_size": 4096, "num_data_blocks": 8140, "num_entries": 16279, "filter_policy_name": "", "kDeletedKeys": "0", "kMergeOperands": "0"}}
2019/03/21-10:18:56.339369 7f6fd4ff9700 [db/compaction_job.cc:1211] [usertable] [JOB 4] Generated table #1291: 16279 keys, 67233569 bytes
2019/03/21-10:18:56.339409 7f6fd4ff9700 EVENT_LOG_v1 {"time_micros": 1553188736339393, "cf_name": "usertable", "job": 4, "event": "table_file_creation", "file_number": 1291, "file_size": 67233569, "table_properties": {"data_size": 67120139, "index_size": 300916, "filter_size": 0, "raw_key_size": 390696, "raw_average_key_size": 24, "raw_value_size": 66678784, "raw_average_value_size": 4096, "num_data_blocks": 8140, "num_entries": 16279, "filter_policy_name": "", "kDeletedKeys": "0", "kMergeOperands": "0"}}
2019/03/21-10:18:57.177960 7f6fd4ff9700 [db/compaction_job.cc:1211] [usertable] [JOB 4] Generated table #1292: 16279 keys, 67233389 bytes
2019/03/21-10:18:57.178000 7f6fd4ff9700 EVENT_LOG_v1 {"time_micros": 1553188737177981, "cf_name": "usertable", "job": 4, "event": "table_file_creation", "file_number": 1292, "file_size": 67233389, "table_properties": {"data_size": 67118331, "index_size": 299107, "filter_size": 0, "raw_key_size": 390696, "raw_average_key_size": 24, "raw_value_size": 66678784, "raw_average_value_size": 4096, "num_data_blocks": 8140, "num_entries": 16279, "filter_policy_name": "", "kDeletedKeys": "0", "kMergeOperands": "0"}}
2019/03/21-10:18:57.469012 7f6fd4ff9700 [db/compaction_job.cc:1211] [usertable] [JOB 4] Generated table #1293: 5418 keys, 22377450 bytes
2019/03/21-10:18:57.469053 7f6fd4ff9700 EVENT_LOG_v1 {"time_micros": 1553188737469036, "cf_name": "usertable", "job": 4, "event": "table_file_creation", "file_number": 1293, "file_size": 22377450, "table_properties": {"data_size": 22339015, "index_size": 99969, "filter_size": 0, "raw_key_size": 130032, "raw_average_key_size": 24, "raw_value_size": 22192128, "raw_average_value_size": 4096, "num_data_blocks": 2709, "num_entries": 5418, "filter_policy_name": "", "kDeletedKeys": "0", "kMergeOperands": "0"}}
2019/03/21-10:18:57.469104 7f6fd4ff9700 [db/compaction_job.cc:1287] [usertable] [JOB 4] Compacted 1@1 files to L2 => 224077745 bytes
2019/03/21-10:18:57.502991 7f6fd4ff9700 (Original Log Time 2019/03/21-10:18:57.502906) [db/compaction_job.cc:685] [usertable] compacted to: base level 1 max bytes base 536870912 files[1 8 159 551 0 0 0] max score 1.03, MB/sec: 70.7 rd, 70.5 wr, level 2, files in(1, 0) out(4) MB in(214.3, 0.0) out(213.7), read-write-amplify(2.0) write-amplify(1.0) OK, records in: 54255, records dropped: 0 output_compression: LZ4
2019/03/21-10:18:57.502997 7f6fd4ff9700 (Original Log Time 2019/03/21-10:18:57.502934) EVENT_LOG_v1 {"time_micros": 1553188737502923, "job": 4, "event": "compaction_finished", "compaction_time_micros": 3176877, "output_level": 2, "num_output_files": 4, "total_output_size": 224077745, "num_input_records": 54255, "num_output_records": 54255, "num_subcompactions": 1, "output_compression": "LZ4", "num_single_delete_mismatches": 0, "num_single_delete_fallthrough": 0, "lsm_state": [1, 8, 159, 551, 0, 0, 0]}
2019/03/21-10:18:57.537390 7f707c8ef700 (Original Log Time 2019/03/21-10:18:57.503169) [db/db_impl_compaction_flush.cc:1835] [usertable] Moving #1291 to level-3 67233569 bytes
2019/03/21-10:18:57.537394 7f707c8ef700 (Original Log Time 2019/03/21-10:18:57.537346) EVENT_LOG_v1 {"time_micros": 1553188737537341, "job": 5, "event": "trivial_move", "destination_level": 3, "files": 1, "total_files_size": 67233569}
2019/03/21-10:18:57.537396 7f707c8ef700 (Original Log Time 2019/03/21-10:18:57.537353) [db/db_impl_compaction_flush.cc:1864] [usertable] Moved #1 files to level-3 67233569 bytes OK: base level 1 max bytes base 536870912 files[1 8 158 552 0 0 0] max score 1.02
2019/03/21-10:18:57.559914 7f707c8ef700 EVENT_LOG_v1 {"time_micros": 1553188737559904, "job": 5, "event": "table_file_deletion", "file_number": 1223}
2019/03/21-10:18:57.593362 7f707c8ef700 (Original Log Time 2019/03/21-10:18:57.560131) [db/db_impl_compaction_flush.cc:1835] [usertable] Moving #1292 to level-3 67233389 bytes
2019/03/21-10:18:57.593366 7f707c8ef700 (Original Log Time 2019/03/21-10:18:57.593313) EVENT_LOG_v1 {"time_micros": 1553188737593308, "job": 6, "event": "trivial_move", "destination_level": 3, "files": 1, "total_files_size": 67233389}
2019/03/21-10:18:57.593368 7f707c8ef700 (Original Log Time 2019/03/21-10:18:57.593321) [db/db_impl_compaction_flush.cc:1864] [usertable] Moved #1 files to level-3 67233389 bytes OK: base level 1 max bytes base 536870912 files[1 8 157 553 0 0 0] max score 1.01
2019/03/21-10:18:57.629406 7f707c8ef700 (Original Log Time 2019/03/21-10:18:57.593516) [db/db_impl_compaction_flush.cc:1835] [usertable] Moving #1290 to level-3 67233337 bytes
2019/03/21-10:18:57.629410 7f707c8ef700 (Original Log Time 2019/03/21-10:18:57.629373) EVENT_LOG_v1 {"time_micros": 1553188737629369, "job": 7, "event": "trivial_move", "destination_level": 3, "files": 1, "total_files_size": 67233337}
2019/03/21-10:18:57.629412 7f707c8ef700 (Original Log Time 2019/03/21-10:18:57.629380) [db/db_impl_compaction_flush.cc:1864] [usertable] Moved #1 files to level-3 67233337 bytes OK: base level 1 max bytes base 536870912 files[1 8 156 554 0 0 0] max score 1.00
2019/03/21-10:18:58.260632 7f6ff07f8700 [db/db_impl_write.cc:1373] [usertable] New memtable created with log file: #1294. Immutable memtables: 0.
2019/03/21-10:19:00.628138 7f6fc87f8700 [db/db_impl_write.cc:1373] [usertable] New memtable created with log file: #1295. Immutable memtables: 1.
2019/03/21-10:19:00.628240 7f6f4effd700 [db/db_impl_compaction_flush.cc:80] [JOB 8] Syncing log #1287
2019/03/21-10:19:01.422054 7f6f4effd700 [db/db_impl_compaction_flush.cc:80] [JOB 8] Syncing log #1294
2019/03/21-10:19:02.501359 7f6f4effd700 (Original Log Time 2019/03/21-10:19:00.628206) [db/db_impl_compaction_flush.cc:1424] Calling FlushMemTableToOutputFile with column family [usertable], flush slots available 24, compaction slots available 1, flush slots scheduled 1, compaction slots scheduled 0
2019/03/21-10:19:02.501368 7f6f4effd700 [db/flush_job.cc:301] [usertable] [JOB 8] Flushing memtable with next log file: 1294
2019/03/21-10:19:02.501375 7f6f4effd700 [db/flush_job.cc:301] [usertable] [JOB 8] Flushing memtable with next log file: 1295
