2018/12/29-20:39:12.627673 7fab6a6d8700 RocksDB version: 5.14.3
2018/12/29-20:39:12.627733 7fab6a6d8700 Git sha rocksdb_build_git_sha:
2018/12/29-20:39:12.627737 7fab6a6d8700 Compile date Dec 29 2018
2018/12/29-20:39:12.627743 7fab6a6d8700 DB SUMMARY
2018/12/29-20:39:12.627772 7fab6a6d8700 SST files in /mnt/sdd/ycsb-rocksdb-data dir, Total Num: 0, files: 
2018/12/29-20:39:12.627776 7fab6a6d8700 Write Ahead Log file in /mnt/sdd/ycsb-rocksdb-data: 
2018/12/29-20:39:12.627780 7fab6a6d8700                         Options.error_if_exists: 0
2018/12/29-20:39:12.627782 7fab6a6d8700                       Options.create_if_missing: 1
2018/12/29-20:39:12.627784 7fab6a6d8700                         Options.paranoid_checks: 1
2018/12/29-20:39:12.627786 7fab6a6d8700                                     Options.env: 0x7fab18ba02c0
2018/12/29-20:39:12.627788 7fab6a6d8700                                Options.info_log: 0x7fab143bb6a0
2018/12/29-20:39:12.627790 7fab6a6d8700                Options.max_file_opening_threads: 16
2018/12/29-20:39:12.627792 7fab6a6d8700                              Options.statistics: (nil)
2018/12/29-20:39:12.627794 7fab6a6d8700                               Options.use_fsync: 0
2018/12/29-20:39:12.627795 7fab6a6d8700                       Options.max_log_file_size: 0
2018/12/29-20:39:12.627797 7fab6a6d8700                  Options.max_manifest_file_size: 18446744073709551615
2018/12/29-20:39:12.627799 7fab6a6d8700                   Options.log_file_time_to_roll: 0
2018/12/29-20:39:12.627801 7fab6a6d8700                       Options.keep_log_file_num: 1000
2018/12/29-20:39:12.627803 7fab6a6d8700                    Options.recycle_log_file_num: 0
2018/12/29-20:39:12.627805 7fab6a6d8700                         Options.allow_fallocate: 1
2018/12/29-20:39:12.627807 7fab6a6d8700                        Options.allow_mmap_reads: 0
2018/12/29-20:39:12.627808 7fab6a6d8700                       Options.allow_mmap_writes: 0
2018/12/29-20:39:12.627810 7fab6a6d8700                        Options.use_direct_reads: 0
2018/12/29-20:39:12.627811 7fab6a6d8700                        Options.use_direct_io_for_flush_and_compaction: 0
2018/12/29-20:39:12.627813 7fab6a6d8700          Options.create_missing_column_families: 1
2018/12/29-20:39:12.627815 7fab6a6d8700                              Options.db_log_dir: 
2018/12/29-20:39:12.627817 7fab6a6d8700                                 Options.wal_dir: /mnt/sdd/ycsb-rocksdb-data
2018/12/29-20:39:12.627819 7fab6a6d8700                Options.table_cache_numshardbits: 6
2018/12/29-20:39:12.627821 7fab6a6d8700                      Options.max_subcompactions: 4
2018/12/29-20:39:12.627822 7fab6a6d8700                  Options.max_background_flushes: 24
2018/12/29-20:39:12.627825 7fab6a6d8700                         Options.WAL_ttl_seconds: 0
2018/12/29-20:39:12.627827 7fab6a6d8700                       Options.WAL_size_limit_MB: 0
2018/12/29-20:39:12.627828 7fab6a6d8700             Options.manifest_preallocation_size: 4194304
2018/12/29-20:39:12.627830 7fab6a6d8700                     Options.is_fd_close_on_exec: 1
2018/12/29-20:39:12.627832 7fab6a6d8700                   Options.advise_random_on_open: 1
2018/12/29-20:39:12.627834 7fab6a6d8700                    Options.db_write_buffer_size: 0
2018/12/29-20:39:12.627836 7fab6a6d8700                    Options.write_buffer_manager: 0x7fab143b1a40
2018/12/29-20:39:12.627838 7fab6a6d8700         Options.access_hint_on_compaction_start: 1
2018/12/29-20:39:12.627839 7fab6a6d8700  Options.new_table_reader_for_compaction_inputs: 0
2018/12/29-20:39:12.627841 7fab6a6d8700           Options.random_access_max_buffer_size: 1048576
2018/12/29-20:39:12.627843 7fab6a6d8700                      Options.use_adaptive_mutex: 0
2018/12/29-20:39:12.627844 7fab6a6d8700                            Options.rate_limiter: (nil)
2018/12/29-20:39:12.627848 7fab6a6d8700     Options.sst_file_manager.rate_bytes_per_sec: 0
2018/12/29-20:39:12.627850 7fab6a6d8700                       Options.wal_recovery_mode: 2
2018/12/29-20:39:12.627852 7fab6a6d8700                  Options.enable_thread_tracking: 0
2018/12/29-20:39:12.627854 7fab6a6d8700                  Options.enable_pipelined_write: 1
2018/12/29-20:39:12.627869 7fab6a6d8700         Options.allow_concurrent_memtable_write: 1
2018/12/29-20:39:12.627872 7fab6a6d8700      Options.enable_write_thread_adaptive_yield: 1
2018/12/29-20:39:12.627874 7fab6a6d8700             Options.write_thread_max_yield_usec: 100
2018/12/29-20:39:12.627877 7fab6a6d8700            Options.write_thread_slow_yield_usec: 3
2018/12/29-20:39:12.627879 7fab6a6d8700                               Options.row_cache: None
2018/12/29-20:39:12.627880 7fab6a6d8700                              Options.wal_filter: None
2018/12/29-20:39:12.627882 7fab6a6d8700             Options.avoid_flush_during_recovery: 0
2018/12/29-20:39:12.627884 7fab6a6d8700             Options.allow_ingest_behind: 0
2018/12/29-20:39:12.627886 7fab6a6d8700             Options.preserve_deletes: 0
2018/12/29-20:39:12.627887 7fab6a6d8700             Options.two_write_queues: 0
2018/12/29-20:39:12.627889 7fab6a6d8700             Options.manual_wal_flush: 0
2018/12/29-20:39:12.627893 7fab6a6d8700             Options.max_background_jobs: 24
2018/12/29-20:39:12.627895 7fab6a6d8700             Options.max_background_compactions: 24
2018/12/29-20:39:12.627897 7fab6a6d8700             Options.avoid_flush_during_shutdown: 0
2018/12/29-20:39:12.627899 7fab6a6d8700           Options.writable_file_max_buffer_size: 1048576
2018/12/29-20:39:12.627900 7fab6a6d8700             Options.delayed_write_rate : 16777216
2018/12/29-20:39:12.627902 7fab6a6d8700             Options.max_total_wal_size: 0
2018/12/29-20:39:12.627904 7fab6a6d8700             Options.delete_obsolete_files_period_micros: 21600000000
2018/12/29-20:39:12.627906 7fab6a6d8700                   Options.stats_dump_period_sec: 60
2018/12/29-20:39:12.627908 7fab6a6d8700                          Options.max_open_files: -1
2018/12/29-20:39:12.627910 7fab6a6d8700                          Options.bytes_per_sync: 1048576
2018/12/29-20:39:12.627912 7fab6a6d8700                      Options.wal_bytes_per_sync: 0
2018/12/29-20:39:12.627913 7fab6a6d8700       Options.compaction_readahead_size: 0
2018/12/29-20:39:12.627915 7fab6a6d8700 Compression algorithms supported:
2018/12/29-20:39:12.627918 7fab6a6d8700 	kZSTDNotFinalCompression supported: 1
2018/12/29-20:39:12.627931 7fab6a6d8700 	kZSTD supported: 1
2018/12/29-20:39:12.627934 7fab6a6d8700 	kXpressCompression supported: 0
2018/12/29-20:39:12.627936 7fab6a6d8700 	kLZ4HCCompression supported: 1
2018/12/29-20:39:12.627937 7fab6a6d8700 	kLZ4Compression supported: 1
2018/12/29-20:39:12.627938 7fab6a6d8700 	kBZip2Compression supported: 1
2018/12/29-20:39:12.627939 7fab6a6d8700 	kZlibCompression supported: 1
2018/12/29-20:39:12.627940 7fab6a6d8700 	kSnappyCompression supported: 1
2018/12/29-20:39:12.627946 7fab6a6d8700 Fast CRC32 supported: Supported on x86
2018/12/29-20:39:12.628026 7fab6a6d8700 [db/db_impl_open.cc:222] Creating manifest 1 
2018/12/29-20:39:12.727637 7fab6a6d8700 [db/version_set.cc:3085] Recovering from manifest file: MANIFEST-000001
2018/12/29-20:39:12.727741 7fab6a6d8700 [db/column_family.cc:475] --------------- Options for column family [default]:
2018/12/29-20:39:12.727745 7fab6a6d8700               Options.comparator: leveldb.BytewiseComparator
2018/12/29-20:39:12.727746 7fab6a6d8700           Options.merge_operator: None
2018/12/29-20:39:12.727748 7fab6a6d8700        Options.compaction_filter: None
2018/12/29-20:39:12.727749 7fab6a6d8700        Options.compaction_filter_factory: None
2018/12/29-20:39:12.727750 7fab6a6d8700         Options.memtable_factory: SkipListFactory
2018/12/29-20:39:12.727751 7fab6a6d8700            Options.table_factory: BlockBasedTable
2018/12/29-20:39:12.727783 7fab6a6d8700            table_factory options:   flush_block_policy_factory: FlushBlockBySizePolicyFactory (0x7fab1437d330)
  cache_index_and_filter_blocks: 0
  cache_index_and_filter_blocks_with_high_priority: 0
  pin_l0_filter_and_index_blocks_in_cache: 0
  index_type: 0
  hash_index_allow_collision: 1
  checksum: 1
  no_block_cache: 0
  block_cache: 0x7fab14388df0
  block_cache_name: LRUCache
  block_cache_options:
    capacity : 8388608
    num_shard_bits : 4
    strict_capacity_limit : 0
    high_pri_pool_ratio: 0.000
  block_cache_compressed: (nil)
  persistent_cache: (nil)
  block_size: 8192
  block_size_deviation: 10
  block_restart_interval: 16
  index_block_restart_interval: 1
  metadata_block_size: 4096
  partition_filters: 0
  use_delta_encoding: 1
  filter_policy: nullptr
  whole_key_filtering: 1
  verify_compression: 0
  read_amp_bytes_per_bit: 0
  format_version: 2
  enable_index_compression: 1
  block_align: 0
2018/12/29-20:39:12.727800 7fab6a6d8700        Options.write_buffer_size: 134217728
2018/12/29-20:39:12.727802 7fab6a6d8700  Options.max_write_buffer_number: 24
2018/12/29-20:39:12.727803 7fab6a6d8700        Options.compression[0]: NoCompression
2018/12/29-20:39:12.727804 7fab6a6d8700        Options.compression[1]: NoCompression
2018/12/29-20:39:12.727805 7fab6a6d8700        Options.compression[2]: LZ4
2018/12/29-20:39:12.727806 7fab6a6d8700        Options.compression[3]: LZ4
2018/12/29-20:39:12.727807 7fab6a6d8700        Options.compression[4]: LZ4
2018/12/29-20:39:12.727808 7fab6a6d8700        Options.compression[5]: LZ4
2018/12/29-20:39:12.727809 7fab6a6d8700        Options.compression[6]: LZ4
2018/12/29-20:39:12.727810 7fab6a6d8700                  Options.bottommost_compression: Disabled
2018/12/29-20:39:12.727811 7fab6a6d8700       Options.prefix_extractor: nullptr
2018/12/29-20:39:12.727812 7fab6a6d8700   Options.memtable_insert_with_hint_prefix_extractor: nullptr
2018/12/29-20:39:12.727813 7fab6a6d8700             Options.num_levels: 7
2018/12/29-20:39:12.727814 7fab6a6d8700        Options.min_write_buffer_number_to_merge: 2
2018/12/29-20:39:12.727815 7fab6a6d8700     Options.max_write_buffer_number_to_maintain: 0
2018/12/29-20:39:12.727816 7fab6a6d8700            Options.compression_opts.window_bits: -14
2018/12/29-20:39:12.727817 7fab6a6d8700                  Options.compression_opts.level: -1
2018/12/29-20:39:12.727818 7fab6a6d8700               Options.compression_opts.strategy: 0
2018/12/29-20:39:12.727819 7fab6a6d8700         Options.compression_opts.max_dict_bytes: 0
2018/12/29-20:39:12.727820 7fab6a6d8700         Options.compression_opts.zstd_max_train_bytes: 0
2018/12/29-20:39:12.727821 7fab6a6d8700      Options.level0_file_num_compaction_trigger: 2
2018/12/29-20:39:12.727822 7fab6a6d8700          Options.level0_slowdown_writes_trigger: 20
2018/12/29-20:39:12.727823 7fab6a6d8700              Options.level0_stop_writes_trigger: 36
2018/12/29-20:39:12.727823 7fab6a6d8700                   Options.target_file_size_base: 67108864
2018/12/29-20:39:12.727824 7fab6a6d8700             Options.target_file_size_multiplier: 1
2018/12/29-20:39:12.727825 7fab6a6d8700                Options.max_bytes_for_level_base: 536870912
2018/12/29-20:39:12.727826 7fab6a6d8700 Options.level_compaction_dynamic_level_bytes: 0
2018/12/29-20:39:12.727827 7fab6a6d8700          Options.max_bytes_for_level_multiplier: 10.000000
2018/12/29-20:39:12.727830 7fab6a6d8700 Options.max_bytes_for_level_multiplier_addtl[0]: 1
2018/12/29-20:39:12.727831 7fab6a6d8700 Options.max_bytes_for_level_multiplier_addtl[1]: 1
2018/12/29-20:39:12.727832 7fab6a6d8700 Options.max_bytes_for_level_multiplier_addtl[2]: 1
2018/12/29-20:39:12.727833 7fab6a6d8700 Options.max_bytes_for_level_multiplier_addtl[3]: 1
2018/12/29-20:39:12.727834 7fab6a6d8700 Options.max_bytes_for_level_multiplier_addtl[4]: 1
2018/12/29-20:39:12.727835 7fab6a6d8700 Options.max_bytes_for_level_multiplier_addtl[5]: 1
2018/12/29-20:39:12.727836 7fab6a6d8700 Options.max_bytes_for_level_multiplier_addtl[6]: 1
2018/12/29-20:39:12.727837 7fab6a6d8700       Options.max_sequential_skip_in_iterations: 8
2018/12/29-20:39:12.727838 7fab6a6d8700                    Options.max_compaction_bytes: 1677721600
2018/12/29-20:39:12.727839 7fab6a6d8700                        Options.arena_block_size: 16777216
2018/12/29-20:39:12.727840 7fab6a6d8700   Options.soft_pending_compaction_bytes_limit: 68719476736
2018/12/29-20:39:12.727841 7fab6a6d8700   Options.hard_pending_compaction_bytes_limit: 274877906944
2018/12/29-20:39:12.727848 7fab6a6d8700       Options.rate_limit_delay_max_milliseconds: 100
2018/12/29-20:39:12.727849 7fab6a6d8700                Options.disable_auto_compactions: 0
2018/12/29-20:39:12.727851 7fab6a6d8700                        Options.compaction_style: kCompactionStyleLevel
2018/12/29-20:39:12.727853 7fab6a6d8700                          Options.compaction_pri: kByCompensatedSize
2018/12/29-20:39:12.727854 7fab6a6d8700 Options.compaction_options_universal.size_ratio: 1
2018/12/29-20:39:12.727855 7fab6a6d8700 Options.compaction_options_universal.min_merge_width: 2
2018/12/29-20:39:12.727856 7fab6a6d8700 Options.compaction_options_universal.max_merge_width: 4294967295
2018/12/29-20:39:12.727857 7fab6a6d8700 Options.compaction_options_universal.max_size_amplification_percent: 200
2018/12/29-20:39:12.727858 7fab6a6d8700 Options.compaction_options_universal.compression_size_percent: -1
2018/12/29-20:39:12.727860 7fab6a6d8700 Options.compaction_options_universal.stop_style: kCompactionStopStyleTotalSize
2018/12/29-20:39:12.727861 7fab6a6d8700 Options.compaction_options_fifo.max_table_files_size: 1073741824
2018/12/29-20:39:12.727862 7fab6a6d8700 Options.compaction_options_fifo.allow_compaction: 0
2018/12/29-20:39:12.727863 7fab6a6d8700 Options.compaction_options_fifo.ttl: 0
2018/12/29-20:39:12.727863 7fab6a6d8700                   Options.table_properties_collectors: 
2018/12/29-20:39:12.727865 7fab6a6d8700                   Options.inplace_update_support: 0
2018/12/29-20:39:12.727865 7fab6a6d8700                 Options.inplace_update_num_locks: 10000
2018/12/29-20:39:12.727866 7fab6a6d8700               Options.memtable_prefix_bloom_size_ratio: 0.000000
2018/12/29-20:39:12.727868 7fab6a6d8700   Options.memtable_huge_page_size: 0
2018/12/29-20:39:12.727869 7fab6a6d8700                           Options.bloom_locality: 0
2018/12/29-20:39:12.727870 7fab6a6d8700                    Options.max_successive_merges: 0
2018/12/29-20:39:12.727871 7fab6a6d8700                Options.optimize_filters_for_hits: 0
2018/12/29-20:39:12.727872 7fab6a6d8700                Options.paranoid_file_checks: 0
2018/12/29-20:39:12.727873 7fab6a6d8700                Options.force_consistency_checks: 0
2018/12/29-20:39:12.727873 7fab6a6d8700                Options.report_bg_io_stats: 0
2018/12/29-20:39:12.727874 7fab6a6d8700                               Options.ttl: 0
2018/12/29-20:39:12.728416 7fab6a6d8700 [db/version_set.cc:3361] Recovered from manifest file:/mnt/sdd/ycsb-rocksdb-data/MANIFEST-000001 succeeded,manifest_file_number is 1, next_file_number is 3, last_sequence is 0, log_number is 0,prev_log_number is 0,max_column_family is 0,min_log_number_to_keep is 0
2018/12/29-20:39:12.728423 7fab6a6d8700 [db/version_set.cc:3369] Column family [default] (ID 0), log number is 0
2018/12/29-20:39:12.728610 7fab6a6d8700 [db/version_set.cc:2847] Creating manifest 4
2018/12/29-20:39:12.799856 7fab6a6d8700 [db/column_family.cc:475] --------------- Options for column family [usertable]:
2018/12/29-20:39:12.799861 7fab6a6d8700               Options.comparator: leveldb.BytewiseComparator
2018/12/29-20:39:12.799862 7fab6a6d8700           Options.merge_operator: None
2018/12/29-20:39:12.799863 7fab6a6d8700        Options.compaction_filter: None
2018/12/29-20:39:12.799864 7fab6a6d8700        Options.compaction_filter_factory: None
2018/12/29-20:39:12.799865 7fab6a6d8700         Options.memtable_factory: SkipListFactory
2018/12/29-20:39:12.799866 7fab6a6d8700            Options.table_factory: BlockBasedTable
2018/12/29-20:39:12.799895 7fab6a6d8700            table_factory options:   flush_block_policy_factory: FlushBlockBySizePolicyFactory (0x7fab1437d410)
  cache_index_and_filter_blocks: 0
  cache_index_and_filter_blocks_with_high_priority: 0
  pin_l0_filter_and_index_blocks_in_cache: 0
  index_type: 0
  hash_index_allow_collision: 1
  checksum: 1
  no_block_cache: 0
  block_cache: 0x7fab1438bb90
  block_cache_name: LRUCache
  block_cache_options:
    capacity : 8388608
    num_shard_bits : 4
    strict_capacity_limit : 0
    high_pri_pool_ratio: 0.000
  block_cache_compressed: (nil)
  persistent_cache: (nil)
  block_size: 8192
  block_size_deviation: 10
  block_restart_interval: 16
  index_block_restart_interval: 1
  metadata_block_size: 4096
  partition_filters: 0
  use_delta_encoding: 1
  filter_policy: nullptr
  whole_key_filtering: 1
  verify_compression: 0
  read_amp_bytes_per_bit: 0
  format_version: 2
  enable_index_compression: 1
  block_align: 0
2018/12/29-20:39:12.799897 7fab6a6d8700        Options.write_buffer_size: 134217728
2018/12/29-20:39:12.799899 7fab6a6d8700  Options.max_write_buffer_number: 24
2018/12/29-20:39:12.799900 7fab6a6d8700        Options.compression[0]: NoCompression
2018/12/29-20:39:12.799901 7fab6a6d8700        Options.compression[1]: NoCompression
2018/12/29-20:39:12.799903 7fab6a6d8700        Options.compression[2]: LZ4
2018/12/29-20:39:12.799904 7fab6a6d8700        Options.compression[3]: LZ4
2018/12/29-20:39:12.799904 7fab6a6d8700        Options.compression[4]: LZ4
2018/12/29-20:39:12.799905 7fab6a6d8700        Options.compression[5]: LZ4
2018/12/29-20:39:12.799906 7fab6a6d8700        Options.compression[6]: LZ4
2018/12/29-20:39:12.799907 7fab6a6d8700                  Options.bottommost_compression: Disabled
2018/12/29-20:39:12.799908 7fab6a6d8700       Options.prefix_extractor: nullptr
2018/12/29-20:39:12.799910 7fab6a6d8700   Options.memtable_insert_with_hint_prefix_extractor: nullptr
2018/12/29-20:39:12.799910 7fab6a6d8700             Options.num_levels: 7
2018/12/29-20:39:12.799911 7fab6a6d8700        Options.min_write_buffer_number_to_merge: 2
2018/12/29-20:39:12.799912 7fab6a6d8700     Options.max_write_buffer_number_to_maintain: 0
2018/12/29-20:39:12.799913 7fab6a6d8700            Options.compression_opts.window_bits: -14
2018/12/29-20:39:12.799914 7fab6a6d8700                  Options.compression_opts.level: -1
2018/12/29-20:39:12.799915 7fab6a6d8700               Options.compression_opts.strategy: 0
2018/12/29-20:39:12.799916 7fab6a6d8700         Options.compression_opts.max_dict_bytes: 0
2018/12/29-20:39:12.799917 7fab6a6d8700         Options.compression_opts.zstd_max_train_bytes: 0
2018/12/29-20:39:12.799918 7fab6a6d8700      Options.level0_file_num_compaction_trigger: 2
2018/12/29-20:39:12.799919 7fab6a6d8700          Options.level0_slowdown_writes_trigger: 20
2018/12/29-20:39:12.799920 7fab6a6d8700              Options.level0_stop_writes_trigger: 36
2018/12/29-20:39:12.799921 7fab6a6d8700                   Options.target_file_size_base: 67108864
2018/12/29-20:39:12.799921 7fab6a6d8700             Options.target_file_size_multiplier: 1
2018/12/29-20:39:12.799922 7fab6a6d8700                Options.max_bytes_for_level_base: 536870912
2018/12/29-20:39:12.799923 7fab6a6d8700 Options.level_compaction_dynamic_level_bytes: 0
2018/12/29-20:39:12.799924 7fab6a6d8700          Options.max_bytes_for_level_multiplier: 10.000000
2018/12/29-20:39:12.799927 7fab6a6d8700 Options.max_bytes_for_level_multiplier_addtl[0]: 1
2018/12/29-20:39:12.799939 7fab6a6d8700 Options.max_bytes_for_level_multiplier_addtl[1]: 1
2018/12/29-20:39:12.799940 7fab6a6d8700 Options.max_bytes_for_level_multiplier_addtl[2]: 1
2018/12/29-20:39:12.799941 7fab6a6d8700 Options.max_bytes_for_level_multiplier_addtl[3]: 1
2018/12/29-20:39:12.799942 7fab6a6d8700 Options.max_bytes_for_level_multiplier_addtl[4]: 1
2018/12/29-20:39:12.799943 7fab6a6d8700 Options.max_bytes_for_level_multiplier_addtl[5]: 1
2018/12/29-20:39:12.799944 7fab6a6d8700 Options.max_bytes_for_level_multiplier_addtl[6]: 1
2018/12/29-20:39:12.799945 7fab6a6d8700       Options.max_sequential_skip_in_iterations: 8
2018/12/29-20:39:12.799946 7fab6a6d8700                    Options.max_compaction_bytes: 1677721600
2018/12/29-20:39:12.799947 7fab6a6d8700                        Options.arena_block_size: 16777216
2018/12/29-20:39:12.799948 7fab6a6d8700   Options.soft_pending_compaction_bytes_limit: 68719476736
2018/12/29-20:39:12.799949 7fab6a6d8700   Options.hard_pending_compaction_bytes_limit: 274877906944
2018/12/29-20:39:12.799950 7fab6a6d8700       Options.rate_limit_delay_max_milliseconds: 100
2018/12/29-20:39:12.799951 7fab6a6d8700                Options.disable_auto_compactions: 0
2018/12/29-20:39:12.799953 7fab6a6d8700                        Options.compaction_style: kCompactionStyleLevel
2018/12/29-20:39:12.799955 7fab6a6d8700                          Options.compaction_pri: kByCompensatedSize
2018/12/29-20:39:12.799956 7fab6a6d8700 Options.compaction_options_universal.size_ratio: 1
2018/12/29-20:39:12.799957 7fab6a6d8700 Options.compaction_options_universal.min_merge_width: 2
2018/12/29-20:39:12.799958 7fab6a6d8700 Options.compaction_options_universal.max_merge_width: 4294967295
2018/12/29-20:39:12.799959 7fab6a6d8700 Options.compaction_options_universal.max_size_amplification_percent: 200
2018/12/29-20:39:12.799960 7fab6a6d8700 Options.compaction_options_universal.compression_size_percent: -1
2018/12/29-20:39:12.799962 7fab6a6d8700 Options.compaction_options_universal.stop_style: kCompactionStopStyleTotalSize
2018/12/29-20:39:12.799963 7fab6a6d8700 Options.compaction_options_fifo.max_table_files_size: 1073741824
2018/12/29-20:39:12.799964 7fab6a6d8700 Options.compaction_options_fifo.allow_compaction: 0
2018/12/29-20:39:12.799965 7fab6a6d8700 Options.compaction_options_fifo.ttl: 0
2018/12/29-20:39:12.799966 7fab6a6d8700                   Options.table_properties_collectors: 
2018/12/29-20:39:12.799967 7fab6a6d8700                   Options.inplace_update_support: 0
2018/12/29-20:39:12.799968 7fab6a6d8700                 Options.inplace_update_num_locks: 10000
2018/12/29-20:39:12.799969 7fab6a6d8700               Options.memtable_prefix_bloom_size_ratio: 0.000000
2018/12/29-20:39:12.799970 7fab6a6d8700   Options.memtable_huge_page_size: 0
2018/12/29-20:39:12.799971 7fab6a6d8700                           Options.bloom_locality: 0
2018/12/29-20:39:12.799972 7fab6a6d8700                    Options.max_successive_merges: 0
2018/12/29-20:39:12.799973 7fab6a6d8700                Options.optimize_filters_for_hits: 0
2018/12/29-20:39:12.799974 7fab6a6d8700                Options.paranoid_file_checks: 0
2018/12/29-20:39:12.799975 7fab6a6d8700                Options.force_consistency_checks: 0
2018/12/29-20:39:12.799976 7fab6a6d8700                Options.report_bg_io_stats: 0
2018/12/29-20:39:12.799977 7fab6a6d8700                               Options.ttl: 0
2018/12/29-20:39:12.800032 7fab6a6d8700 [db/db_impl.cc:1396] Created column family [usertable] (ID 1)
2018/12/29-20:39:12.876875 7fab6a6d8700 [db/db_impl_open.cc:1219] DB pointer 0x7fab143bbdf0
2018/12/29-20:39:21.734267 7fab69ed0700 [db/db_impl_write.cc:1373] [usertable] New memtable created with log file: #9. Immutable memtables: 0.
2018/12/29-20:39:30.698544 7fab69dcf700 [db/db_impl_write.cc:1373] [usertable] New memtable created with log file: #10. Immutable memtables: 1.
2018/12/29-20:39:30.698695 7faa3a7fc700 [db/db_impl_compaction_flush.cc:80] [JOB 2] Syncing log #3
2018/12/29-20:39:30.954616 7faa3a7fc700 [db/db_impl_compaction_flush.cc:80] [JOB 2] Syncing log #9
2018/12/29-20:39:31.479879 7faa3a7fc700 (Original Log Time 2018/12/29-20:39:30.698636) [db/db_impl_compaction_flush.cc:1424] Calling FlushMemTableToOutputFile with column family [usertable], flush slots available 24, compaction slots available 1, flush slots scheduled 1, compaction slots scheduled 0
2018/12/29-20:39:31.479898 7faa3a7fc700 [db/flush_job.cc:301] [usertable] [JOB 2] Flushing memtable with next log file: 9
2018/12/29-20:39:31.479910 7faa3a7fc700 [db/flush_job.cc:301] [usertable] [JOB 2] Flushing memtable with next log file: 10
2018/12/29-20:39:31.479963 7faa3a7fc700 EVENT_LOG_v1 {"time_micros": 1546144771479946, "job": 2, "event": "flush_started", "num_memtables": 2, "num_entries": 62366, "num_deletes": 0, "memory_usage": 258519200, "flush_reason": "Write Buffer Full"}
2018/12/29-20:39:31.479974 7faa3a7fc700 [db/flush_job.cc:331] [usertable] [JOB 2] Level-0 flush table #11: started
2018/12/29-20:39:33.857971 7faa3a7fc700 EVENT_LOG_v1 {"time_micros": 1546144773857946, "cf_name": "usertable", "job": 2, "event": "table_file_creation", "file_number": 11, "file_size": 258282525, "table_properties": {"data_size": 257135018, "index_size": 1146580, "filter_size": 0, "raw_key_size": 1496784, "raw_average_key_size": 24, "raw_value_size": 255451136, "raw_average_value_size": 4096, "num_data_blocks": 31183, "num_entries": 62366, "filter_policy_name": "", "kDeletedKeys": "0", "kMergeOperands": "0"}}
2018/12/29-20:39:33.858000 7faa3a7fc700 [db/flush_job.cc:371] [usertable] [JOB 2] Level-0 flush table #11: 258282525 bytes OK
2018/12/29-20:39:33.978559 7faa3a7fc700 (Original Log Time 2018/12/29-20:39:33.858030) [db/memtable_list.cc:377] [usertable] Level-0 commit table #11 started
2018/12/29-20:39:33.978564 7faa3a7fc700 (Original Log Time 2018/12/29-20:39:33.978437) [db/memtable_list.cc:409] [usertable] Level-0 commit table #11: memtable #1 done
2018/12/29-20:39:33.978566 7faa3a7fc700 (Original Log Time 2018/12/29-20:39:33.978456) [db/memtable_list.cc:409] [usertable] Level-0 commit table #11: memtable #2 done
2018/12/29-20:39:33.978567 7faa3a7fc700 (Original Log Time 2018/12/29-20:39:33.978491) EVENT_LOG_v1 {"time_micros": 1546144773978480, "job": 2, "event": "flush_finished", "output_compression": "NoCompression", "lsm_state": [1, 0, 0, 0, 0, 0, 0], "immutable_memtables": 0}
2018/12/29-20:39:33.978569 7faa3a7fc700 (Original Log Time 2018/12/29-20:39:33.978523) [db/db_impl_compaction_flush.cc:177] [usertable] Level summary: base level 1 max bytes base 536870912 files[1 0 0 0 0 0 0] max score 0.50
2018/12/29-20:39:33.978582 7faa3a7fc700 [db/db_impl_files.cc:347] [JOB 2] Try to delete WAL files size 257492546, prev total WAL file size 304882472, number of live WAL files 3.
2018/12/29-20:39:39.665171 7fab69fd1700 [db/db_impl_write.cc:1373] [usertable] New memtable created with log file: #12. Immutable memtables: 0.
2018/12/29-20:39:48.629494 7fab69acc700 [db/db_impl_write.cc:1373] [usertable] New memtable created with log file: #13. Immutable memtables: 1.
2018/12/29-20:39:48.629581 7faa39ffb700 [db/db_impl_compaction_flush.cc:80] [JOB 3] Syncing log #10
2018/12/29-20:39:49.154181 7faa39ffb700 [db/db_impl_compaction_flush.cc:80] [JOB 3] Syncing log #12
2018/12/29-20:39:49.703126 7faa39ffb700 (Original Log Time 2018/12/29-20:39:48.629564) [db/db_impl_compaction_flush.cc:1424] Calling FlushMemTableToOutputFile with column family [usertable], flush slots available 24, compaction slots available 1, flush slots scheduled 1, compaction slots scheduled 0
2018/12/29-20:39:49.703144 7faa39ffb700 [db/flush_job.cc:301] [usertable] [JOB 3] Flushing memtable with next log file: 12
2018/12/29-20:39:49.703152 7faa39ffb700 [db/flush_job.cc:301] [usertable] [JOB 3] Flushing memtable with next log file: 13
2018/12/29-20:39:49.703187 7faa39ffb700 EVENT_LOG_v1 {"time_micros": 1546144789703177, "job": 3, "event": "flush_started", "num_memtables": 2, "num_entries": 62758, "num_deletes": 0, "memory_usage": 260075256, "flush_reason": "Write Buffer Full"}
2018/12/29-20:39:49.703194 7faa39ffb700 [db/flush_job.cc:331] [usertable] [JOB 3] Level-0 flush table #14: started
2018/12/29-20:39:50.812765 7faa39ffb700 EVENT_LOG_v1 {"time_micros": 1546144790812740, "cf_name": "usertable", "job": 3, "event": "table_file_creation", "file_number": 14, "file_size": 259905946, "table_properties": {"data_size": 258751234, "index_size": 1153785, "filter_size": 0, "raw_key_size": 1506192, "raw_average_key_size": 24, "raw_value_size": 257056768, "raw_average_value_size": 4096, "num_data_blocks": 31379, "num_entries": 62758, "filter_policy_name": "", "kDeletedKeys": "0", "kMergeOperands": "0"}}
2018/12/29-20:39:50.812787 7faa39ffb700 [db/flush_job.cc:371] [usertable] [JOB 3] Level-0 flush table #14: 259905946 bytes OK
2018/12/29-20:39:50.919681 7faa39ffb700 (Original Log Time 2018/12/29-20:39:50.812802) [db/memtable_list.cc:377] [usertable] Level-0 commit table #14 started
2018/12/29-20:39:50.919686 7faa39ffb700 (Original Log Time 2018/12/29-20:39:50.919574) [db/memtable_list.cc:409] [usertable] Level-0 commit table #14: memtable #1 done
2018/12/29-20:39:50.919688 7faa39ffb700 (Original Log Time 2018/12/29-20:39:50.919582) [db/memtable_list.cc:409] [usertable] Level-0 commit table #14: memtable #2 done
2018/12/29-20:39:50.919689 7faa39ffb700 (Original Log Time 2018/12/29-20:39:50.919616) EVENT_LOG_v1 {"time_micros": 1546144790919605, "job": 3, "event": "flush_finished", "output_compression": "NoCompression", "lsm_state": [2, 0, 0, 0, 0, 0, 0], "immutable_memtables": 0}
2018/12/29-20:39:50.919691 7faa39ffb700 (Original Log Time 2018/12/29-20:39:50.919659) [db/db_impl_compaction_flush.cc:177] [usertable] Level summary: base level 1 max bytes base 536870912 files[2 0 0 0 0 0 0] max score 1.00
2018/12/29-20:39:50.919703 7faa39ffb700 [db/db_impl_files.cc:347] [JOB 3] Try to delete WAL files size 259111930, prev total WAL file size 292200260, number of live WAL files 3.
2018/12/29-20:39:50.919953 7faa97fff700 [WARN] [db/db_impl.cc:491] ------- DUMPING STATS -------
2018/12/29-20:39:50.921744 7faa97fff700 [WARN] [db/db_impl.cc:492] 
** DB Stats **
Uptime(secs): 38.2 total, 38.2 interval
Cumulative writes: 133K writes, 133K keys, 130K commit groups, 1.0 writes per commit group, ingest: 0.51 GB, 13.73 MB/s
Cumulative WAL: 133K writes, 0 syncs, 133138.00 writes per sync, written: 0.51 GB, 13.73 MB/s
Cumulative stall: 00:00:0.000 H:M:S, 0.0 percent
Interval writes: 133K writes, 133K keys, 130K commit groups, 1.0 writes per commit group, ingest: 524.23 MB, 13.73 MB/s
Interval WAL: 133K writes, 0 syncs, 133138.00 writes per sync, written: 0.51 MB, 13.73 MB/s
Interval stall: 00:00:0.000 H:M:S, 0.0 percent

** Compaction Stats [default] **
Level    Files   Size     Score Read(GB)  Rn(GB) Rnp1(GB) Write(GB) Wnew(GB) Moved(GB) W-Amp Rd(MB/s) Wr(MB/s) Comp(sec) Comp(cnt) Avg(sec) KeyIn KeyDrop
----------------------------------------------------------------------------------------------------------------------------------------------------------
 Sum      0/0    0.00 KB   0.0      0.0     0.0      0.0       0.0      0.0       0.0   0.0      0.0      0.0         0         0    0.000       0      0
 Int      0/0    0.00 KB   0.0      0.0     0.0      0.0       0.0      0.0       0.0   0.0      0.0      0.0         0         0    0.000       0      0
Uptime(secs): 38.2 total, 38.2 interval
Flush(GB): cumulative 0.000, interval 0.000
AddFile(GB): cumulative 0.000, interval 0.000
AddFile(Total Files): cumulative 0, interval 0
AddFile(L0 Files): cumulative 0, interval 0
AddFile(Keys): cumulative 0, interval 0
Cumulative compaction: 0.00 GB write, 0.00 MB/s write, 0.00 GB read, 0.00 MB/s read, 0.0 seconds
Interval compaction: 0.00 GB write, 0.00 MB/s write, 0.00 GB read, 0.00 MB/s read, 0.0 seconds
Stalls(count): 0 level0_slowdown, 0 level0_slowdown_with_compaction, 0 level0_numfiles, 0 level0_numfiles_with_compaction, 0 stop for pending_compaction_bytes, 0 slowdown for pending_compaction_bytes, 0 memtable_compaction, 0 memtable_slowdown, interval 0 total count

** File Read Latency Histogram By Level [default] **

** Compaction Stats [usertable] **
Level    Files   Size     Score Read(GB)  Rn(GB) Rnp1(GB) Write(GB) Wnew(GB) Moved(GB) W-Amp Rd(MB/s) Wr(MB/s) Comp(sec) Comp(cnt) Avg(sec) KeyIn KeyDrop
----------------------------------------------------------------------------------------------------------------------------------------------------------
  L0      2/0   494.18 MB   1.0      0.0     0.0      0.0       0.5      0.5       0.0   1.0      0.0    141.7         3         2    1.744       0      0
 Sum      2/0   494.18 MB   0.0      0.0     0.0      0.0       0.5      0.5       0.0   1.0      0.0    141.7         3         2    1.744       0      0
 Int      0/0    0.00 KB   0.0      0.0     0.0      0.0       0.5      0.5       0.0   1.0      0.0    141.7         3         2    1.744       0      0
Uptime(secs): 38.1 total, 38.1 interval
Flush(GB): cumulative 0.483, interval 0.483
AddFile(GB): cumulative 0.000, interval 0.000
AddFile(Total Files): cumulative 0, interval 0
AddFile(L0 Files): cumulative 0, interval 0
AddFile(Keys): cumulative 0, interval 0
Cumulative compaction: 0.48 GB write, 12.96 MB/s write, 0.00 GB read, 0.00 MB/s read, 3.5 seconds
Interval compaction: 0.48 GB write, 12.96 MB/s write, 0.00 GB read, 0.00 MB/s read, 3.5 seconds
Stalls(count): 0 level0_slowdown, 0 level0_slowdown_with_compaction, 0 level0_numfiles, 0 level0_numfiles_with_compaction, 0 stop for pending_compaction_bytes, 0 slowdown for pending_compaction_bytes, 0 memtable_compaction, 0 memtable_slowdown, interval 0 total count

** File Read Latency Histogram By Level [usertable] **

** Compaction Stats [default] **
Level    Files   Size     Score Read(GB)  Rn(GB) Rnp1(GB) Write(GB) Wnew(GB) Moved(GB) W-Amp Rd(MB/s) Wr(MB/s) Comp(sec) Comp(cnt) Avg(sec) KeyIn KeyDrop
----------------------------------------------------------------------------------------------------------------------------------------------------------
 Sum      0/0    0.00 KB   0.0      0.0     0.0      0.0       0.0      0.0       0.0   0.0      0.0      0.0         0         0    0.000       0      0
 Int      0/0    0.00 KB   0.0      0.0     0.0      0.0       0.0      0.0       0.0   0.0      0.0      0.0         0         0    0.000       0      0
Uptime(secs): 38.2 total, 0.0 interval
Flush(GB): cumulative 0.000, interval 0.000
AddFile(GB): cumulative 0.000, interval 0.000
AddFile(Total Files): cumulative 0, interval 0
AddFile(L0 Files): cumulative 0, interval 0
AddFile(Keys): cumulative 0, interval 0
Cumulative compaction: 0.00 GB write, 0.00 MB/s write, 0.00 GB read, 0.00 MB/s read, 0.0 seconds
Interval compaction: 0.00 GB write, 0.00 MB/s write, 0.00 GB read, 0.00 MB/s read, 0.0 seconds
Stalls(count): 0 level0_slowdown, 0 level0_slowdown_with_compaction, 0 level0_numfiles, 0 level0_numfiles_with_compaction, 0 stop for pending_compaction_bytes, 0 slowdown for pending_compaction_bytes, 0 memtable_compaction, 0 memtable_slowdown, interval 0 total count

** File Read Latency Histogram By Level [default] **

** Compaction Stats [usertable] **
Level    Files   Size     Score Read(GB)  Rn(GB) Rnp1(GB) Write(GB) Wnew(GB) Moved(GB) W-Amp Rd(MB/s) Wr(MB/s) Comp(sec) Comp(cnt) Avg(sec) KeyIn KeyDrop
----------------------------------------------------------------------------------------------------------------------------------------------------------
  L0      2/0   494.18 MB   1.0      0.0     0.0      0.0       0.5      0.5       0.0   1.0      0.0    141.7         3         2    1.744       0      0
 Sum      2/0   494.18 MB   0.0      0.0     0.0      0.0       0.5      0.5       0.0   1.0      0.0    141.7         3         2    1.744       0      0
 Int      0/0    0.00 KB   0.0      0.0     0.0      0.0       0.0      0.0       0.0   0.0      0.0      0.0         0         0    0.000       0      0
Uptime(secs): 38.1 total, 0.0 interval
Flush(GB): cumulative 0.483, interval 0.000
AddFile(GB): cumulative 0.000, interval 0.000
AddFile(Total Files): cumulative 0, interval 0
AddFile(L0 Files): cumulative 0, interval 0
AddFile(Keys): cumulative 0, interval 0
Cumulative compaction: 0.48 GB write, 12.96 MB/s write, 0.00 GB read, 0.00 MB/s read, 3.5 seconds
Interval compaction: 0.00 GB write, 0.00 MB/s write, 0.00 GB read, 0.00 MB/s read, 0.0 seconds
Stalls(count): 0 level0_slowdown, 0 level0_slowdown_with_compaction, 0 level0_numfiles, 0 level0_numfiles_with_compaction, 0 stop for pending_compaction_bytes, 0 slowdown for pending_compaction_bytes, 0 memtable_compaction, 0 memtable_slowdown, interval 0 total count

** File Read Latency Histogram By Level [usertable] **
2018/12/29-20:39:50.983646 7faa97fff700 (Original Log Time 2018/12/29-20:39:50.921865) [db/db_impl_compaction_flush.cc:1835] [usertable] Moving #14 to level-1 259905946 bytes
2018/12/29-20:39:50.983650 7faa97fff700 (Original Log Time 2018/12/29-20:39:50.983590) EVENT_LOG_v1 {"time_micros": 1546144790983575, "job": 4, "event": "trivial_move", "destination_level": 1, "files": 1, "total_files_size": 259905946}
2018/12/29-20:39:50.983652 7faa97fff700 (Original Log Time 2018/12/29-20:39:50.983603) [db/db_impl_compaction_flush.cc:1864] [usertable] Moved #1 files to level-1 259905946 bytes OK: base level 1 max bytes base 536870912 files[1 1 0 0 0 0 0] max score 0.50
2018/12/29-20:39:57.310859 7fab69fd1700 [db/db_impl_write.cc:1373] [usertable] New memtable created with log file: #15. Immutable memtables: 0.
2018/12/29-20:40:05.989134 7fab6a4d6700 [db/db_impl_write.cc:1373] [usertable] New memtable created with log file: #16. Immutable memtables: 1.
2018/12/29-20:40:05.989209 7faa397fa700 [db/db_impl_compaction_flush.cc:80] [JOB 5] Syncing log #13
2018/12/29-20:40:06.502867 7faa397fa700 [db/db_impl_compaction_flush.cc:80] [JOB 5] Syncing log #15
2018/12/29-20:40:07.018950 7faa397fa700 (Original Log Time 2018/12/29-20:40:05.989192) [db/db_impl_compaction_flush.cc:1424] Calling FlushMemTableToOutputFile with column family [usertable], flush slots available 24, compaction slots available 1, flush slots scheduled 1, compaction slots scheduled 0
2018/12/29-20:40:07.018968 7faa397fa700 [db/flush_job.cc:301] [usertable] [JOB 5] Flushing memtable with next log file: 15
2018/12/29-20:40:07.018976 7faa397fa700 [db/flush_job.cc:301] [usertable] [JOB 5] Flushing memtable with next log file: 16
2018/12/29-20:40:07.019010 7faa397fa700 EVENT_LOG_v1 {"time_micros": 1546144807019001, "job": 5, "event": "flush_started", "num_memtables": 2, "num_entries": 60758, "num_deletes": 0, "memory_usage": 260055168, "flush_reason": "Write Buffer Full"}
2018/12/29-20:40:07.019017 7faa397fa700 [db/flush_job.cc:331] [usertable] [JOB 5] Level-0 flush table #17: started
2018/12/29-20:40:08.391165 7faa397fa700 EVENT_LOG_v1 {"time_micros": 1546144808391131, "cf_name": "usertable", "job": 5, "event": "table_file_creation", "file_number": 17, "file_size": 251623171, "table_properties": {"data_size": 250505234, "index_size": 1117010, "filter_size": 0, "raw_key_size": 1458192, "raw_average_key_size": 24, "raw_value_size": 248864768, "raw_average_value_size": 4096, "num_data_blocks": 30379, "num_entries": 60758, "filter_policy_name": "", "kDeletedKeys": "0", "kMergeOperands": "0"}}
2018/12/29-20:40:08.391187 7faa397fa700 [db/flush_job.cc:371] [usertable] [JOB 5] Level-0 flush table #17: 251623171 bytes OK
2018/12/29-20:40:08.453040 7faa397fa700 (Original Log Time 2018/12/29-20:40:08.391201) [db/memtable_list.cc:377] [usertable] Level-0 commit table #17 started
2018/12/29-20:40:08.453046 7faa397fa700 (Original Log Time 2018/12/29-20:40:08.452936) [db/memtable_list.cc:409] [usertable] Level-0 commit table #17: memtable #1 done
2018/12/29-20:40:08.453049 7faa397fa700 (Original Log Time 2018/12/29-20:40:08.452941) [db/memtable_list.cc:409] [usertable] Level-0 commit table #17: memtable #2 done
2018/12/29-20:40:08.453052 7faa397fa700 (Original Log Time 2018/12/29-20:40:08.452974) EVENT_LOG_v1 {"time_micros": 1546144808452963, "job": 5, "event": "flush_finished", "output_compression": "NoCompression", "lsm_state": [2, 1, 0, 0, 0, 0, 0], "immutable_memtables": 0}
2018/12/29-20:40:08.453056 7faa397fa700 (Original Log Time 2018/12/29-20:40:08.453012) [db/db_impl_compaction_flush.cc:177] [usertable] Level summary: base level 1 max bytes base 536870912 files[2 1 0 0 0 0 0] max score 1.00
