2018/12/30-01:21:35.043117 7f897cbc1700 RocksDB version: 5.14.3
2018/12/30-01:21:35.043163 7f897cbc1700 Git sha rocksdb_build_git_sha:
2018/12/30-01:21:35.043166 7f897cbc1700 Compile date Dec 29 2018
2018/12/30-01:21:35.043170 7f897cbc1700 DB SUMMARY
2018/12/30-01:21:35.043787 7f897cbc1700 CURRENT file:  CURRENT
2018/12/30-01:21:35.043789 7f897cbc1700 IDENTITY file:  IDENTITY
2018/12/30-01:21:35.043800 7f897cbc1700 MANIFEST file:  MANIFEST-000004 size: 125511 Bytes
2018/12/30-01:21:35.043802 7f897cbc1700 SST files in /mnt/sdd/ycsb-rocksdb-data dir, Total Num: 687, files: 000021.sst 000022.sst 000023.sst 000024.sst 000028.sst 000029.sst 000030.sst 000031.sst 000035.sst 
2018/12/30-01:21:35.043804 7f897cbc1700 Write Ahead Log file in /mnt/sdd/ycsb-rocksdb-data: 001252.log size: 100518702 ; 001257.log size: 72705624 ; 
2018/12/30-01:21:35.043809 7f897cbc1700                         Options.error_if_exists: 0
2018/12/30-01:21:35.043811 7f897cbc1700                       Options.create_if_missing: 1
2018/12/30-01:21:35.043812 7f897cbc1700                         Options.paranoid_checks: 1
2018/12/30-01:21:35.043813 7f897cbc1700                                     Options.env: 0x7f896ef792c0
2018/12/30-01:21:35.043814 7f897cbc1700                                Options.info_log: 0x7f88c43c0d30
2018/12/30-01:21:35.043815 7f897cbc1700                Options.max_file_opening_threads: 16
2018/12/30-01:21:35.043816 7f897cbc1700                              Options.statistics: (nil)
2018/12/30-01:21:35.043817 7f897cbc1700                               Options.use_fsync: 0
2018/12/30-01:21:35.043818 7f897cbc1700                       Options.max_log_file_size: 0
2018/12/30-01:21:35.043819 7f897cbc1700                  Options.max_manifest_file_size: 18446744073709551615
2018/12/30-01:21:35.043821 7f897cbc1700                   Options.log_file_time_to_roll: 0
2018/12/30-01:21:35.043822 7f897cbc1700                       Options.keep_log_file_num: 1000
2018/12/30-01:21:35.043823 7f897cbc1700                    Options.recycle_log_file_num: 0
2018/12/30-01:21:35.043824 7f897cbc1700                         Options.allow_fallocate: 1
2018/12/30-01:21:35.043825 7f897cbc1700                        Options.allow_mmap_reads: 0
2018/12/30-01:21:35.043826 7f897cbc1700                       Options.allow_mmap_writes: 0
2018/12/30-01:21:35.043827 7f897cbc1700                        Options.use_direct_reads: 0
2018/12/30-01:21:35.043828 7f897cbc1700                        Options.use_direct_io_for_flush_and_compaction: 0
2018/12/30-01:21:35.043829 7f897cbc1700          Options.create_missing_column_families: 1
2018/12/30-01:21:35.043830 7f897cbc1700                              Options.db_log_dir: 
2018/12/30-01:21:35.043831 7f897cbc1700                                 Options.wal_dir: /mnt/sdd/ycsb-rocksdb-data
2018/12/30-01:21:35.043832 7f897cbc1700                Options.table_cache_numshardbits: 6
2018/12/30-01:21:35.043833 7f897cbc1700                      Options.max_subcompactions: 4
2018/12/30-01:21:35.043834 7f897cbc1700                  Options.max_background_flushes: 24
2018/12/30-01:21:35.043835 7f897cbc1700                         Options.WAL_ttl_seconds: 0
2018/12/30-01:21:35.043836 7f897cbc1700                       Options.WAL_size_limit_MB: 0
2018/12/30-01:21:35.043837 7f897cbc1700             Options.manifest_preallocation_size: 4194304
2018/12/30-01:21:35.043838 7f897cbc1700                     Options.is_fd_close_on_exec: 1
2018/12/30-01:21:35.043839 7f897cbc1700                   Options.advise_random_on_open: 1
2018/12/30-01:21:35.043841 7f897cbc1700                    Options.db_write_buffer_size: 0
2018/12/30-01:21:35.043842 7f897cbc1700                    Options.write_buffer_manager: 0x7f88c43bdb20
2018/12/30-01:21:35.043843 7f897cbc1700         Options.access_hint_on_compaction_start: 1
2018/12/30-01:21:35.043844 7f897cbc1700  Options.new_table_reader_for_compaction_inputs: 0
2018/12/30-01:21:35.043845 7f897cbc1700           Options.random_access_max_buffer_size: 1048576
2018/12/30-01:21:35.043846 7f897cbc1700                      Options.use_adaptive_mutex: 0
2018/12/30-01:21:35.043847 7f897cbc1700                            Options.rate_limiter: (nil)
2018/12/30-01:21:35.043860 7f897cbc1700     Options.sst_file_manager.rate_bytes_per_sec: 0
2018/12/30-01:21:35.043862 7f897cbc1700                       Options.wal_recovery_mode: 2
2018/12/30-01:21:35.043863 7f897cbc1700                  Options.enable_thread_tracking: 0
2018/12/30-01:21:35.043864 7f897cbc1700                  Options.enable_pipelined_write: 1
2018/12/30-01:21:35.043865 7f897cbc1700         Options.allow_concurrent_memtable_write: 1
2018/12/30-01:21:35.043866 7f897cbc1700      Options.enable_write_thread_adaptive_yield: 1
2018/12/30-01:21:35.043867 7f897cbc1700             Options.write_thread_max_yield_usec: 100
2018/12/30-01:21:35.043868 7f897cbc1700            Options.write_thread_slow_yield_usec: 3
2018/12/30-01:21:35.043869 7f897cbc1700                               Options.row_cache: None
2018/12/30-01:21:35.043871 7f897cbc1700                              Options.wal_filter: None
2018/12/30-01:21:35.043872 7f897cbc1700             Options.avoid_flush_during_recovery: 0
2018/12/30-01:21:35.043873 7f897cbc1700             Options.allow_ingest_behind: 0
2018/12/30-01:21:35.043874 7f897cbc1700             Options.preserve_deletes: 0
2018/12/30-01:21:35.043875 7f897cbc1700             Options.two_write_queues: 0
2018/12/30-01:21:35.043876 7f897cbc1700             Options.manual_wal_flush: 0
2018/12/30-01:21:35.043878 7f897cbc1700             Options.max_background_jobs: 24
2018/12/30-01:21:35.043879 7f897cbc1700             Options.max_background_compactions: 24
2018/12/30-01:21:35.043880 7f897cbc1700             Options.avoid_flush_during_shutdown: 0
2018/12/30-01:21:35.043881 7f897cbc1700           Options.writable_file_max_buffer_size: 1048576
2018/12/30-01:21:35.043882 7f897cbc1700             Options.delayed_write_rate : 16777216
2018/12/30-01:21:35.043883 7f897cbc1700             Options.max_total_wal_size: 0
2018/12/30-01:21:35.043884 7f897cbc1700             Options.delete_obsolete_files_period_micros: 21600000000
2018/12/30-01:21:35.043885 7f897cbc1700                   Options.stats_dump_period_sec: 60
2018/12/30-01:21:35.043886 7f897cbc1700                          Options.max_open_files: -1
2018/12/30-01:21:35.043887 7f897cbc1700                          Options.bytes_per_sync: 1048576
2018/12/30-01:21:35.043888 7f897cbc1700                      Options.wal_bytes_per_sync: 0
2018/12/30-01:21:35.043889 7f897cbc1700       Options.compaction_readahead_size: 0
2018/12/30-01:21:35.043890 7f897cbc1700 Compression algorithms supported:
2018/12/30-01:21:35.043892 7f897cbc1700 	kZSTDNotFinalCompression supported: 1
2018/12/30-01:21:35.043900 7f897cbc1700 	kZSTD supported: 1
2018/12/30-01:21:35.043901 7f897cbc1700 	kXpressCompression supported: 0
2018/12/30-01:21:35.043903 7f897cbc1700 	kLZ4HCCompression supported: 1
2018/12/30-01:21:35.043904 7f897cbc1700 	kLZ4Compression supported: 1
2018/12/30-01:21:35.043905 7f897cbc1700 	kBZip2Compression supported: 1
2018/12/30-01:21:35.043906 7f897cbc1700 	kZlibCompression supported: 1
2018/12/30-01:21:35.043907 7f897cbc1700 	kSnappyCompression supported: 1
2018/12/30-01:21:35.043911 7f897cbc1700 Fast CRC32 supported: Supported on x86
2018/12/30-01:21:35.044577 7f897cbc1700 [db/version_set.cc:3085] Recovering from manifest file: MANIFEST-000004
2018/12/30-01:21:35.044894 7f897cbc1700 [db/column_family.cc:475] --------------- Options for column family [default]:
2018/12/30-01:21:35.044897 7f897cbc1700               Options.comparator: leveldb.BytewiseComparator
2018/12/30-01:21:35.044899 7f897cbc1700           Options.merge_operator: None
2018/12/30-01:21:35.044900 7f897cbc1700        Options.compaction_filter: None
2018/12/30-01:21:35.044901 7f897cbc1700        Options.compaction_filter_factory: None
2018/12/30-01:21:35.044902 7f897cbc1700         Options.memtable_factory: SkipListFactory
2018/12/30-01:21:35.044903 7f897cbc1700            Options.table_factory: BlockBasedTable
2018/12/30-01:21:35.044927 7f897cbc1700            table_factory options:   flush_block_policy_factory: FlushBlockBySizePolicyFactory (0x7f88c437aa80)
  cache_index_and_filter_blocks: 0
  cache_index_and_filter_blocks_with_high_priority: 0
  pin_l0_filter_and_index_blocks_in_cache: 0
  index_type: 0
  hash_index_allow_collision: 1
  checksum: 1
  no_block_cache: 0
  block_cache: 0x7f88c4386470
  block_cache_name: LRUCache
  block_cache_options:
    capacity : 8388608
    num_shard_bits : 4
    strict_capacity_limit : 0
    high_pri_pool_ratio: 0.000
  block_cache_compressed: (nil)
  persistent_cache: (nil)
  block_size: 8192
  block_size_deviation: 10
  block_restart_interval: 16
  index_block_restart_interval: 1
  metadata_block_size: 4096
  partition_filters: 0
  use_delta_encoding: 1
  filter_policy: nullptr
  whole_key_filtering: 1
  verify_compression: 0
  read_amp_bytes_per_bit: 0
  format_version: 2
  enable_index_compression: 1
  block_align: 0
2018/12/30-01:21:35.044943 7f897cbc1700        Options.write_buffer_size: 134217728
2018/12/30-01:21:35.044945 7f897cbc1700  Options.max_write_buffer_number: 24
2018/12/30-01:21:35.044946 7f897cbc1700        Options.compression[0]: NoCompression
2018/12/30-01:21:35.044948 7f897cbc1700        Options.compression[1]: NoCompression
2018/12/30-01:21:35.044949 7f897cbc1700        Options.compression[2]: LZ4
2018/12/30-01:21:35.044950 7f897cbc1700        Options.compression[3]: LZ4
2018/12/30-01:21:35.044951 7f897cbc1700        Options.compression[4]: LZ4
2018/12/30-01:21:35.044952 7f897cbc1700        Options.compression[5]: LZ4
2018/12/30-01:21:35.044953 7f897cbc1700        Options.compression[6]: LZ4
2018/12/30-01:21:35.044954 7f897cbc1700                  Options.bottommost_compression: Disabled
2018/12/30-01:21:35.044956 7f897cbc1700       Options.prefix_extractor: nullptr
2018/12/30-01:21:35.044957 7f897cbc1700   Options.memtable_insert_with_hint_prefix_extractor: nullptr
2018/12/30-01:21:35.044958 7f897cbc1700             Options.num_levels: 7
2018/12/30-01:21:35.044959 7f897cbc1700        Options.min_write_buffer_number_to_merge: 2
2018/12/30-01:21:35.044960 7f897cbc1700     Options.max_write_buffer_number_to_maintain: 0
2018/12/30-01:21:35.044961 7f897cbc1700            Options.compression_opts.window_bits: -14
2018/12/30-01:21:35.044962 7f897cbc1700                  Options.compression_opts.level: -1
2018/12/30-01:21:35.044963 7f897cbc1700               Options.compression_opts.strategy: 0
2018/12/30-01:21:35.044964 7f897cbc1700         Options.compression_opts.max_dict_bytes: 0
2018/12/30-01:21:35.044965 7f897cbc1700         Options.compression_opts.zstd_max_train_bytes: 0
2018/12/30-01:21:35.044966 7f897cbc1700      Options.level0_file_num_compaction_trigger: 2
2018/12/30-01:21:35.044967 7f897cbc1700          Options.level0_slowdown_writes_trigger: 20
2018/12/30-01:21:35.044968 7f897cbc1700              Options.level0_stop_writes_trigger: 36
2018/12/30-01:21:35.044969 7f897cbc1700                   Options.target_file_size_base: 67108864
2018/12/30-01:21:35.044971 7f897cbc1700             Options.target_file_size_multiplier: 1
2018/12/30-01:21:35.044972 7f897cbc1700                Options.max_bytes_for_level_base: 536870912
2018/12/30-01:21:35.044973 7f897cbc1700 Options.level_compaction_dynamic_level_bytes: 0
2018/12/30-01:21:35.044974 7f897cbc1700          Options.max_bytes_for_level_multiplier: 10.000000
2018/12/30-01:21:35.044976 7f897cbc1700 Options.max_bytes_for_level_multiplier_addtl[0]: 1
2018/12/30-01:21:35.044977 7f897cbc1700 Options.max_bytes_for_level_multiplier_addtl[1]: 1
2018/12/30-01:21:35.044979 7f897cbc1700 Options.max_bytes_for_level_multiplier_addtl[2]: 1
2018/12/30-01:21:35.044980 7f897cbc1700 Options.max_bytes_for_level_multiplier_addtl[3]: 1
2018/12/30-01:21:35.044981 7f897cbc1700 Options.max_bytes_for_level_multiplier_addtl[4]: 1
2018/12/30-01:21:35.044982 7f897cbc1700 Options.max_bytes_for_level_multiplier_addtl[5]: 1
2018/12/30-01:21:35.044983 7f897cbc1700 Options.max_bytes_for_level_multiplier_addtl[6]: 1
2018/12/30-01:21:35.044984 7f897cbc1700       Options.max_sequential_skip_in_iterations: 8
2018/12/30-01:21:35.044985 7f897cbc1700                    Options.max_compaction_bytes: 1677721600
2018/12/30-01:21:35.044992 7f897cbc1700                        Options.arena_block_size: 16777216
2018/12/30-01:21:35.044993 7f897cbc1700   Options.soft_pending_compaction_bytes_limit: 68719476736
2018/12/30-01:21:35.044995 7f897cbc1700   Options.hard_pending_compaction_bytes_limit: 274877906944
2018/12/30-01:21:35.044996 7f897cbc1700       Options.rate_limit_delay_max_milliseconds: 100
2018/12/30-01:21:35.044997 7f897cbc1700                Options.disable_auto_compactions: 0
2018/12/30-01:21:35.044999 7f897cbc1700                        Options.compaction_style: kCompactionStyleLevel
2018/12/30-01:21:35.045001 7f897cbc1700                          Options.compaction_pri: kByCompensatedSize
2018/12/30-01:21:35.045002 7f897cbc1700 Options.compaction_options_universal.size_ratio: 1
2018/12/30-01:21:35.045003 7f897cbc1700 Options.compaction_options_universal.min_merge_width: 2
2018/12/30-01:21:35.045004 7f897cbc1700 Options.compaction_options_universal.max_merge_width: 4294967295
2018/12/30-01:21:35.045005 7f897cbc1700 Options.compaction_options_universal.max_size_amplification_percent: 200
2018/12/30-01:21:35.045006 7f897cbc1700 Options.compaction_options_universal.compression_size_percent: -1
2018/12/30-01:21:35.045008 7f897cbc1700 Options.compaction_options_universal.stop_style: kCompactionStopStyleTotalSize
2018/12/30-01:21:35.045009 7f897cbc1700 Options.compaction_options_fifo.max_table_files_size: 1073741824
2018/12/30-01:21:35.045010 7f897cbc1700 Options.compaction_options_fifo.allow_compaction: 0
2018/12/30-01:21:35.045011 7f897cbc1700 Options.compaction_options_fifo.ttl: 0
2018/12/30-01:21:35.045012 7f897cbc1700                   Options.table_properties_collectors: 
2018/12/30-01:21:35.045013 7f897cbc1700                   Options.inplace_update_support: 0
2018/12/30-01:21:35.045014 7f897cbc1700                 Options.inplace_update_num_locks: 10000
2018/12/30-01:21:35.045015 7f897cbc1700               Options.memtable_prefix_bloom_size_ratio: 0.000000
2018/12/30-01:21:35.045017 7f897cbc1700   Options.memtable_huge_page_size: 0
2018/12/30-01:21:35.045018 7f897cbc1700                           Options.bloom_locality: 0
2018/12/30-01:21:35.045019 7f897cbc1700                    Options.max_successive_merges: 0
2018/12/30-01:21:35.045020 7f897cbc1700                Options.optimize_filters_for_hits: 0
2018/12/30-01:21:35.045021 7f897cbc1700                Options.paranoid_file_checks: 0
2018/12/30-01:21:35.045022 7f897cbc1700                Options.force_consistency_checks: 0
2018/12/30-01:21:35.045023 7f897cbc1700                Options.report_bg_io_stats: 0
2018/12/30-01:21:35.045025 7f897cbc1700                               Options.ttl: 0
2018/12/30-01:21:35.045473 7f897cbc1700 [db/column_family.cc:475] --------------- Options for column family [usertable]:
2018/12/30-01:21:35.045476 7f897cbc1700               Options.comparator: leveldb.BytewiseComparator
2018/12/30-01:21:35.045477 7f897cbc1700           Options.merge_operator: None
2018/12/30-01:21:35.045479 7f897cbc1700        Options.compaction_filter: None
2018/12/30-01:21:35.045480 7f897cbc1700        Options.compaction_filter_factory: None
2018/12/30-01:21:35.045481 7f897cbc1700         Options.memtable_factory: SkipListFactory
2018/12/30-01:21:35.045482 7f897cbc1700            Options.table_factory: BlockBasedTable
2018/12/30-01:21:35.045505 7f897cbc1700            table_factory options:   flush_block_policy_factory: FlushBlockBySizePolicyFactory (0x7f88c437a850)
  cache_index_and_filter_blocks: 0
  cache_index_and_filter_blocks_with_high_priority: 0
  pin_l0_filter_and_index_blocks_in_cache: 0
  index_type: 0
  hash_index_allow_collision: 1
  checksum: 1
  no_block_cache: 0
  block_cache: 0x7f88c437a4b0
  block_cache_name: LRUCache
  block_cache_options:
    capacity : 8388608
    num_shard_bits : 4
    strict_capacity_limit : 0
    high_pri_pool_ratio: 0.000
  block_cache_compressed: (nil)
  persistent_cache: (nil)
  block_size: 8192
  block_size_deviation: 10
  block_restart_interval: 16
  index_block_restart_interval: 1
  metadata_block_size: 4096
  partition_filters: 0
  use_delta_encoding: 1
  filter_policy: nullptr
  whole_key_filtering: 1
  verify_compression: 0
  read_amp_bytes_per_bit: 0
  format_version: 2
  enable_index_compression: 1
  block_align: 0
2018/12/30-01:21:35.045517 7f897cbc1700        Options.write_buffer_size: 134217728
2018/12/30-01:21:35.045519 7f897cbc1700  Options.max_write_buffer_number: 24
2018/12/30-01:21:35.045520 7f897cbc1700        Options.compression[0]: NoCompression
2018/12/30-01:21:35.045521 7f897cbc1700        Options.compression[1]: NoCompression
2018/12/30-01:21:35.045522 7f897cbc1700        Options.compression[2]: LZ4
2018/12/30-01:21:35.045523 7f897cbc1700        Options.compression[3]: LZ4
2018/12/30-01:21:35.045524 7f897cbc1700        Options.compression[4]: LZ4
2018/12/30-01:21:35.045526 7f897cbc1700        Options.compression[5]: LZ4
2018/12/30-01:21:35.045527 7f897cbc1700        Options.compression[6]: LZ4
2018/12/30-01:21:35.045528 7f897cbc1700                  Options.bottommost_compression: Disabled
2018/12/30-01:21:35.045529 7f897cbc1700       Options.prefix_extractor: nullptr
2018/12/30-01:21:35.045530 7f897cbc1700   Options.memtable_insert_with_hint_prefix_extractor: nullptr
2018/12/30-01:21:35.045531 7f897cbc1700             Options.num_levels: 7
2018/12/30-01:21:35.045532 7f897cbc1700        Options.min_write_buffer_number_to_merge: 2
2018/12/30-01:21:35.045533 7f897cbc1700     Options.max_write_buffer_number_to_maintain: 0
2018/12/30-01:21:35.045534 7f897cbc1700            Options.compression_opts.window_bits: -14
2018/12/30-01:21:35.045535 7f897cbc1700                  Options.compression_opts.level: -1
2018/12/30-01:21:35.045536 7f897cbc1700               Options.compression_opts.strategy: 0
2018/12/30-01:21:35.045537 7f897cbc1700         Options.compression_opts.max_dict_bytes: 0
2018/12/30-01:21:35.045538 7f897cbc1700         Options.compression_opts.zstd_max_train_bytes: 0
2018/12/30-01:21:35.045539 7f897cbc1700      Options.level0_file_num_compaction_trigger: 2
2018/12/30-01:21:35.045540 7f897cbc1700          Options.level0_slowdown_writes_trigger: 20
2018/12/30-01:21:35.045541 7f897cbc1700              Options.level0_stop_writes_trigger: 36
2018/12/30-01:21:35.045542 7f897cbc1700                   Options.target_file_size_base: 67108864
2018/12/30-01:21:35.045544 7f897cbc1700             Options.target_file_size_multiplier: 1
2018/12/30-01:21:35.045545 7f897cbc1700                Options.max_bytes_for_level_base: 536870912
2018/12/30-01:21:35.045546 7f897cbc1700 Options.level_compaction_dynamic_level_bytes: 0
2018/12/30-01:21:35.045547 7f897cbc1700          Options.max_bytes_for_level_multiplier: 10.000000
2018/12/30-01:21:35.045549 7f897cbc1700 Options.max_bytes_for_level_multiplier_addtl[0]: 1
2018/12/30-01:21:35.045550 7f897cbc1700 Options.max_bytes_for_level_multiplier_addtl[1]: 1
2018/12/30-01:21:35.045551 7f897cbc1700 Options.max_bytes_for_level_multiplier_addtl[2]: 1
2018/12/30-01:21:35.045552 7f897cbc1700 Options.max_bytes_for_level_multiplier_addtl[3]: 1
2018/12/30-01:21:35.045553 7f897cbc1700 Options.max_bytes_for_level_multiplier_addtl[4]: 1
2018/12/30-01:21:35.045554 7f897cbc1700 Options.max_bytes_for_level_multiplier_addtl[5]: 1
2018/12/30-01:21:35.045555 7f897cbc1700 Options.max_bytes_for_level_multiplier_addtl[6]: 1
2018/12/30-01:21:35.045556 7f897cbc1700       Options.max_sequential_skip_in_iterations: 8
2018/12/30-01:21:35.045557 7f897cbc1700                    Options.max_compaction_bytes: 1677721600
2018/12/30-01:21:35.045558 7f897cbc1700                        Options.arena_block_size: 16777216
2018/12/30-01:21:35.045559 7f897cbc1700   Options.soft_pending_compaction_bytes_limit: 68719476736
2018/12/30-01:21:35.045561 7f897cbc1700   Options.hard_pending_compaction_bytes_limit: 274877906944
2018/12/30-01:21:35.045562 7f897cbc1700       Options.rate_limit_delay_max_milliseconds: 100
2018/12/30-01:21:35.045563 7f897cbc1700                Options.disable_auto_compactions: 0
2018/12/30-01:21:35.045564 7f897cbc1700                        Options.compaction_style: kCompactionStyleLevel
2018/12/30-01:21:35.045572 7f897cbc1700                          Options.compaction_pri: kByCompensatedSize
2018/12/30-01:21:35.045573 7f897cbc1700 Options.compaction_options_universal.size_ratio: 1
2018/12/30-01:21:35.045575 7f897cbc1700 Options.compaction_options_universal.min_merge_width: 2
2018/12/30-01:21:35.045576 7f897cbc1700 Options.compaction_options_universal.max_merge_width: 4294967295
2018/12/30-01:21:35.045577 7f897cbc1700 Options.compaction_options_universal.max_size_amplification_percent: 200
2018/12/30-01:21:35.045578 7f897cbc1700 Options.compaction_options_universal.compression_size_percent: -1
2018/12/30-01:21:35.045579 7f897cbc1700 Options.compaction_options_universal.stop_style: kCompactionStopStyleTotalSize
2018/12/30-01:21:35.045580 7f897cbc1700 Options.compaction_options_fifo.max_table_files_size: 1073741824
2018/12/30-01:21:35.045581 7f897cbc1700 Options.compaction_options_fifo.allow_compaction: 0
2018/12/30-01:21:35.045582 7f897cbc1700 Options.compaction_options_fifo.ttl: 0
2018/12/30-01:21:35.045583 7f897cbc1700                   Options.table_properties_collectors: 
2018/12/30-01:21:35.045584 7f897cbc1700                   Options.inplace_update_support: 0
2018/12/30-01:21:35.045586 7f897cbc1700                 Options.inplace_update_num_locks: 10000
2018/12/30-01:21:35.045587 7f897cbc1700               Options.memtable_prefix_bloom_size_ratio: 0.000000
2018/12/30-01:21:35.045588 7f897cbc1700   Options.memtable_huge_page_size: 0
2018/12/30-01:21:35.045589 7f897cbc1700                           Options.bloom_locality: 0
2018/12/30-01:21:35.045590 7f897cbc1700                    Options.max_successive_merges: 0
2018/12/30-01:21:35.045591 7f897cbc1700                Options.optimize_filters_for_hits: 0
2018/12/30-01:21:35.045592 7f897cbc1700                Options.paranoid_file_checks: 0
2018/12/30-01:21:35.045593 7f897cbc1700                Options.force_consistency_checks: 0
2018/12/30-01:21:35.045594 7f897cbc1700                Options.report_bg_io_stats: 0
2018/12/30-01:21:35.045596 7f897cbc1700                               Options.ttl: 0
2018/12/30-01:21:35.680600 7f897cbc1700 [db/version_set.cc:3361] Recovered from manifest file:/mnt/sdd/ycsb-rocksdb-data/MANIFEST-000004 succeeded,manifest_file_number is 4, next_file_number is 1258, last_sequence is 10414624, log_number is 0,prev_log_number is 0,max_column_family is 1,min_log_number_to_keep is 0
2018/12/30-01:21:35.680609 7f897cbc1700 [db/version_set.cc:3369] Column family [default] (ID 0), log number is 0
2018/12/30-01:21:35.680611 7f897cbc1700 [db/version_set.cc:3369] Column family [usertable] (ID 1), log number is 1252
2018/12/30-01:21:35.683223 7f897cbc1700 EVENT_LOG_v1 {"time_micros": 1546161695683209, "job": 1, "event": "recovery_started", "log_files": [1252, 1257]}
2018/12/30-01:21:35.683235 7f897cbc1700 [db/db_impl_open.cc:551] Recovering log #1252 mode 2
2018/12/30-01:21:35.973945 7f897cbc1700 [db/db_impl_open.cc:551] Recovering log #1257 mode 2
2018/12/30-01:21:36.565908 7f897cbc1700 EVENT_LOG_v1 {"time_micros": 1546161696565881, "cf_name": "usertable", "job": 1, "event": "table_file_creation", "file_number": 1258, "file_size": 129902322, "table_properties": {"data_size": 129321393, "index_size": 580007, "filter_size": 0, "raw_key_size": 752760, "raw_average_key_size": 24, "raw_value_size": 128471040, "raw_average_value_size": 4096, "num_data_blocks": 15683, "num_entries": 31365, "filter_policy_name": "", "kDeletedKeys": "0", "kMergeOperands": "0"}}
2018/12/30-01:21:36.698157 7f897cbc1700 [db/version_set.cc:2847] Creating manifest 1259
2018/12/30-01:21:36.936162 7f897cbc1700 EVENT_LOG_v1 {"time_micros": 1546161696936137, "cf_name": "usertable", "job": 1, "event": "table_file_creation", "file_number": 1260, "file_size": 43530829, "table_properties": {"data_size": 43336867, "index_size": 193041, "filter_size": 0, "raw_key_size": 252264, "raw_average_key_size": 24, "raw_value_size": 43053056, "raw_average_value_size": 4096, "num_data_blocks": 5256, "num_entries": 10511, "filter_policy_name": "", "kDeletedKeys": "0", "kMergeOperands": "0"}}
2018/12/30-01:21:36.965584 7f897cbc1700 EVENT_LOG_v1 {"time_micros": 1546161696965577, "job": 1, "event": "recovery_finished"}
2018/12/30-01:21:37.033135 7f897cbc1700 [db/db_impl_open.cc:1219] DB pointer 0x7f88c43c1250
2018/12/30-01:21:37.033436 7f896e601700 [WARN] [db/db_impl.cc:491] ------- DUMPING STATS -------
2018/12/30-01:21:37.033482 7f896e601700 [WARN] [db/db_impl.cc:492] 
** DB Stats **
Uptime(secs): 2.0 total, 2.0 interval
Cumulative writes: 0 writes, 0 keys, 0 commit groups, 0.0 writes per commit group, ingest: 0.00 GB, 0.00 MB/s
Cumulative WAL: 0 writes, 0 syncs, 0.00 writes per sync, written: 0.00 GB, 0.00 MB/s
Cumulative stall: 00:00:0.000 H:M:S, 0.0 percent
Interval writes: 0 writes, 0 keys, 0 commit groups, 0.0 writes per commit group, ingest: 0.00 MB, 0.00 MB/s
Interval WAL: 0 writes, 0 syncs, 0.00 writes per sync, written: 0.00 MB, 0.00 MB/s
Interval stall: 00:00:0.000 H:M:S, 0.0 percent

** Compaction Stats [default] **
Level    Files   Size     Score Read(GB)  Rn(GB) Rnp1(GB) Write(GB) Wnew(GB) Moved(GB) W-Amp Rd(MB/s) Wr(MB/s) Comp(sec) Comp(cnt) Avg(sec) KeyIn KeyDrop
----------------------------------------------------------------------------------------------------------------------------------------------------------
 Sum      0/0    0.00 KB   0.0      0.0     0.0      0.0       0.0      0.0       0.0   0.0      0.0      0.0         0         0    0.000       0      0
 Int      0/0    0.00 KB   0.0      0.0     0.0      0.0       0.0      0.0       0.0   0.0      0.0      0.0         0         0    0.000       0      0
Uptime(secs): 2.0 total, 2.0 interval
Flush(GB): cumulative 0.000, interval 0.000
AddFile(GB): cumulative 0.000, interval 0.000
AddFile(Total Files): cumulative 0, interval 0
AddFile(L0 Files): cumulative 0, interval 0
AddFile(Keys): cumulative 0, interval 0
Cumulative compaction: 0.00 GB write, 0.00 MB/s write, 0.00 GB read, 0.00 MB/s read, 0.0 seconds
Interval compaction: 0.00 GB write, 0.00 MB/s write, 0.00 GB read, 0.00 MB/s read, 0.0 seconds
Stalls(count): 0 level0_slowdown, 0 level0_slowdown_with_compaction, 0 level0_numfiles, 0 level0_numfiles_with_compaction, 0 stop for pending_compaction_bytes, 0 slowdown for pending_compaction_bytes, 0 memtable_compaction, 0 memtable_slowdown, interval 0 total count

** File Read Latency Histogram By Level [default] **

** Compaction Stats [usertable] **
Level    Files   Size     Score Read(GB)  Rn(GB) Rnp1(GB) Write(GB) Wnew(GB) Moved(GB) W-Amp Rd(MB/s) Wr(MB/s) Comp(sec) Comp(cnt) Avg(sec) KeyIn KeyDrop
----------------------------------------------------------------------------------------------------------------------------------------------------------
  L0      3/0   357.31 MB   1.5      0.0     0.0      0.0       0.2      0.2       0.0   1.0      0.0    239.8         1         2    0.345       0      0
  L1      2/0   383.84 MB   0.7      0.0     0.0      0.0       0.0      0.0       0.0   0.0      0.0      0.0         0         0    0.000       0      0
  L2    133/0    5.00 GB   1.0      0.0     0.0      0.0       0.0      0.0       0.0   0.0      0.0      0.0         0         0    0.000       0      0
  L3    551/0   34.46 GB   0.7      0.0     0.0      0.0       0.0      0.0       0.0   0.0      0.0      0.0         0         0    0.000       0      0
 Sum    689/0   40.18 GB   0.0      0.0     0.0      0.0       0.2      0.2       0.0   1.0      0.0    239.8         1         2    0.345       0      0
 Int      0/0    0.00 KB   0.0      0.0     0.0      0.0       0.2      0.2       0.0   1.0      0.0    239.8         1         2    0.345       0      0
Uptime(secs): 2.0 total, 2.0 interval
Flush(GB): cumulative 0.162, interval 0.162
AddFile(GB): cumulative 0.000, interval 0.000
AddFile(Total Files): cumulative 0, interval 0
AddFile(L0 Files): cumulative 0, interval 0
AddFile(Keys): cumulative 0, interval 0
Cumulative compaction: 0.16 GB write, 83.20 MB/s write, 0.00 GB read, 0.00 MB/s read, 0.7 seconds
Interval compaction: 0.16 GB write, 83.20 MB/s write, 0.00 GB read, 0.00 MB/s read, 0.7 seconds
Stalls(count): 0 level0_slowdown, 0 level0_slowdown_with_compaction, 0 level0_numfiles, 0 level0_numfiles_with_compaction, 0 stop for pending_compaction_bytes, 0 slowdown for pending_compaction_bytes, 0 memtable_compaction, 0 memtable_slowdown, interval 0 total count

** File Read Latency Histogram By Level [usertable] **

** Compaction Stats [default] **
Level    Files   Size     Score Read(GB)  Rn(GB) Rnp1(GB) Write(GB) Wnew(GB) Moved(GB) W-Amp Rd(MB/s) Wr(MB/s) Comp(sec) Comp(cnt) Avg(sec) KeyIn KeyDrop
----------------------------------------------------------------------------------------------------------------------------------------------------------
 Sum      0/0    0.00 KB   0.0      0.0     0.0      0.0       0.0      0.0       0.0   0.0      0.0      0.0         0         0    0.000       0      0
 Int      0/0    0.00 KB   0.0      0.0     0.0      0.0       0.0      0.0       0.0   0.0      0.0      0.0         0         0    0.000       0      0
Uptime(secs): 2.0 total, 0.0 interval
Flush(GB): cumulative 0.000, interval 0.000
AddFile(GB): cumulative 0.000, interval 0.000
AddFile(Total Files): cumulative 0, interval 0
AddFile(L0 Files): cumulative 0, interval 0
AddFile(Keys): cumulative 0, interval 0
Cumulative compaction: 0.00 GB write, 0.00 MB/s write, 0.00 GB read, 0.00 MB/s read, 0.0 seconds
Interval compaction: 0.00 GB write, 0.00 MB/s write, 0.00 GB read, 0.00 MB/s read, 0.0 seconds
Stalls(count): 0 level0_slowdown, 0 level0_slowdown_with_compaction, 0 level0_numfiles, 0 level0_numfiles_with_compaction, 0 stop for pending_compaction_bytes, 0 slowdown for pending_compaction_bytes, 0 memtable_compaction, 0 memtable_slowdown, interval 0 total count

** File Read Latency Histogram By Level [default] **

** Compaction Stats [usertable] **
Level    Files   Size     Score Read(GB)  Rn(GB) Rnp1(GB) Write(GB) Wnew(GB) Moved(GB) W-Amp Rd(MB/s) Wr(MB/s) Comp(sec) Comp(cnt) Avg(sec) KeyIn KeyDrop
----------------------------------------------------------------------------------------------------------------------------------------------------------
  L0      3/0   357.31 MB   1.5      0.0     0.0      0.0       0.2      0.2       0.0   1.0      0.0    239.8         1         2    0.345       0      0
  L1      2/0   383.84 MB   0.7      0.0     0.0      0.0       0.0      0.0       0.0   0.0      0.0      0.0         0         0    0.000       0      0
  L2    133/0    5.00 GB   1.0      0.0     0.0      0.0       0.0      0.0       0.0   0.0      0.0      0.0         0         0    0.000       0      0
  L3    551/0   34.46 GB   0.7      0.0     0.0      0.0       0.0      0.0       0.0   0.0      0.0      0.0         0         0    0.000       0      0
 Sum    689/0   40.18 GB   0.0      0.0     0.0      0.0       0.2      0.2       0.0   1.0      0.0    239.8         1         2    0.345       0      0
 Int      0/0    0.00 KB   0.0      0.0     0.0      0.0       0.0      0.0       0.0   0.0      0.0      0.0         0         0    0.000       0      0
Uptime(secs): 2.0 total, 0.0 interval
Flush(GB): cumulative 0.162, interval 0.000
AddFile(GB): cumulative 0.000, interval 0.000
AddFile(Total Files): cumulative 0, interval 0
AddFile(L0 Files): cumulative 0, interval 0
AddFile(Keys): cumulative 0, interval 0
Cumulative compaction: 0.16 GB write, 83.20 MB/s write, 0.00 GB read, 0.00 MB/s read, 0.7 seconds
Interval compaction: 0.00 GB write, 0.00 MB/s write, 0.00 GB read, 0.00 MB/s read, 0.0 seconds
Stalls(count): 0 level0_slowdown, 0 level0_slowdown_with_compaction, 0 level0_numfiles, 0 level0_numfiles_with_compaction, 0 stop for pending_compaction_bytes, 0 slowdown for pending_compaction_bytes, 0 memtable_compaction, 0 memtable_slowdown, interval 0 total count

** File Read Latency Histogram By Level [usertable] **
2018/12/30-01:21:37.066149 7f896e601700 (Original Log Time 2018/12/30-01:21:37.033625) [db/db_impl_compaction_flush.cc:1835] [usertable] Moving #1071 to level-1 201234924 bytes
2018/12/30-01:21:37.066158 7f896e601700 (Original Log Time 2018/12/30-01:21:37.064953) EVENT_LOG_v1 {"time_micros": 1546161697064939, "job": 3, "event": "trivial_move", "destination_level": 1, "files": 1, "total_files_size": 201234924}
2018/12/30-01:21:37.066162 7f896e601700 (Original Log Time 2018/12/30-01:21:37.064975) [db/db_impl_compaction_flush.cc:1864] [usertable] Moved #1 files to level-1 201234924 bytes OK: base level 1 max bytes base 536870912 files[2 3 133 551 0 0 0] max score 1.12
2018/12/30-01:21:37.066351 7f896e601700 [db/compaction_job.cc:1531] [usertable] [JOB 4] Compacting 1@1 files to L2, score 1.12
2018/12/30-01:21:37.066365 7f896e601700 [db/compaction_job.cc:1535] [usertable] Compaction start summary: Base version 6 Base level 1, inputs: [265(191MB)]
2018/12/30-01:21:37.066406 7f896e601700 EVENT_LOG_v1 {"time_micros": 1546161697066380, "job": 4, "event": "compaction_started", "compaction_reason": "LevelMaxLevelSize", "files_L1": [265], "score": 1.12452, "input_data_size": 201247315}
2018/12/30-01:21:37.986066 7f896e601700 [db/compaction_job.cc:1211] [usertable] [JOB 4] Generated table #1264: 16279 keys, 67233350 bytes
2018/12/30-01:21:37.986126 7f896e601700 EVENT_LOG_v1 {"time_micros": 1546161697986104, "cf_name": "usertable", "job": 4, "event": "table_file_creation", "file_number": 1264, "file_size": 67233350, "table_properties": {"data_size": 67118331, "index_size": 299106, "filter_size": 0, "raw_key_size": 390696, "raw_average_key_size": 24, "raw_value_size": 66678784, "raw_average_value_size": 4096, "num_data_blocks": 8140, "num_entries": 16279, "filter_policy_name": "", "kDeletedKeys": "0", "kMergeOperands": "0"}}
2018/12/30-01:21:39.206983 7f896e601700 [db/compaction_job.cc:1211] [usertable] [JOB 4] Generated table #1265: 16279 keys, 67233526 bytes
2018/12/30-01:21:39.207041 7f896e601700 EVENT_LOG_v1 {"time_micros": 1546161699207015, "cf_name": "usertable", "job": 4, "event": "table_file_creation", "file_number": 1265, "file_size": 67233526, "table_properties": {"data_size": 67120139, "index_size": 300916, "filter_size": 0, "raw_key_size": 390696, "raw_average_key_size": 24, "raw_value_size": 66678784, "raw_average_value_size": 4096, "num_data_blocks": 8140, "num_entries": 16279, "filter_policy_name": "", "kDeletedKeys": "0", "kMergeOperands": "0"}}
2018/12/30-01:21:41.382229 7f896e601700 [db/compaction_job.cc:1211] [usertable] [JOB 4] Generated table #1266: 16036 keys, 66229748 bytes
2018/12/30-01:21:41.382288 7f896e601700 EVENT_LOG_v1 {"time_micros": 1546161701382263, "cf_name": "usertable", "job": 4, "event": "table_file_creation", "file_number": 1266, "file_size": 66229748, "table_properties": {"data_size": 66116428, "index_size": 294621, "filter_size": 0, "raw_key_size": 384864, "raw_average_key_size": 24, "raw_value_size": 65683456, "raw_average_value_size": 4096, "num_data_blocks": 8018, "num_entries": 16036, "filter_policy_name": "", "kDeletedKeys": "0", "kMergeOperands": "0"}}
2018/12/30-01:21:41.382370 7f896e601700 [db/compaction_job.cc:1287] [usertable] [JOB 4] Compacted 1@1 files to L2 => 200696624 bytes
2018/12/30-01:21:41.415469 7f896e601700 (Original Log Time 2018/12/30-01:21:41.415249) [db/compaction_job.cc:685] [usertable] compacted to: base level 1 max bytes base 536870912 files[2 2 136 551 0 0 0] max score 1.04, MB/sec: 46.6 rd, 46.5 wr, level 2, files in(1, 0) out(3) MB in(191.9, 0.0) out(191.4), read-write-amplify(2.0) write-amplify(1.0) OK, records in: 48594, records dropped: 0 output_compression: LZ4
2018/12/30-01:21:41.415480 7f896e601700 (Original Log Time 2018/12/30-01:21:41.415307) EVENT_LOG_v1 {"time_micros": 1546161701415283, "job": 4, "event": "compaction_finished", "compaction_time_micros": 4315907, "output_level": 2, "num_output_files": 3, "total_output_size": 200696624, "num_input_records": 48594, "num_output_records": 48594, "num_subcompactions": 1, "output_compression": "LZ4", "num_single_delete_mismatches": 0, "num_single_delete_fallthrough": 0, "lsm_state": [2, 2, 136, 551, 0, 0, 0]}
2018/12/30-01:21:41.451197 7f896e601700 (Original Log Time 2018/12/30-01:21:41.415785) [db/db_impl_compaction_flush.cc:1835] [usertable] Moving #1265 to level-3 67233526 bytes
2018/12/30-01:21:41.451205 7f896e601700 (Original Log Time 2018/12/30-01:21:41.451099) EVENT_LOG_v1 {"time_micros": 1546161701451088, "job": 5, "event": "trivial_move", "destination_level": 3, "files": 1, "total_files_size": 67233526}
2018/12/30-01:21:41.451208 7f896e601700 (Original Log Time 2018/12/30-01:21:41.451117) [db/db_impl_compaction_flush.cc:1864] [usertable] Moved #1 files to level-3 67233526 bytes OK: base level 1 max bytes base 536870912 files[2 2 135 552 0 0 0] max score 1.02
2018/12/30-01:21:41.615717 7f896e601700 EVENT_LOG_v1 {"time_micros": 1546161701615705, "job": 5, "event": "table_file_deletion", "file_number": 265}
2018/12/30-01:21:41.655516 7f896e601700 (Original Log Time 2018/12/30-01:21:41.615973) [db/db_impl_compaction_flush.cc:1835] [usertable] Moving #1264 to level-3 67233350 bytes
2018/12/30-01:21:41.655524 7f896e601700 (Original Log Time 2018/12/30-01:21:41.655432) EVENT_LOG_v1 {"time_micros": 1546161701655421, "job": 6, "event": "trivial_move", "destination_level": 3, "files": 1, "total_files_size": 67233350}
2018/12/30-01:21:41.655528 7f896e601700 (Original Log Time 2018/12/30-01:21:41.655455) [db/db_impl_compaction_flush.cc:1864] [usertable] Moved #1 files to level-3 67233350 bytes OK: base level 1 max bytes base 536870912 files[2 2 134 553 0 0 0] max score 1.01
2018/12/30-01:21:41.689421 7f896e601700 (Original Log Time 2018/12/30-01:21:41.655825) [db/db_impl_compaction_flush.cc:1835] [usertable] Moving #1104 to level-3 66267134 bytes
2018/12/30-01:21:41.689429 7f896e601700 (Original Log Time 2018/12/30-01:21:41.689316) EVENT_LOG_v1 {"time_micros": 1546161701689306, "job": 7, "event": "trivial_move", "destination_level": 3, "files": 1, "total_files_size": 66267134}
2018/12/30-01:21:41.689433 7f896e601700 (Original Log Time 2018/12/30-01:21:41.689335) [db/db_impl_compaction_flush.cc:1864] [usertable] Moved #1 files to level-3 66267134 bytes OK: base level 1 max bytes base 536870912 files[2 2 133 554 0 0 0] max score 1.00
2018/12/30-01:21:41.723997 7f896e601700 (Original Log Time 2018/12/30-01:21:41.689742) [db/db_impl_compaction_flush.cc:1835] [usertable] Moving #1258 to level-1 129902322 bytes
2018/12/30-01:21:41.724005 7f896e601700 (Original Log Time 2018/12/30-01:21:41.723926) EVENT_LOG_v1 {"time_micros": 1546161701723916, "job": 8, "event": "trivial_move", "destination_level": 1, "files": 1, "total_files_size": 129902322}
2018/12/30-01:21:41.724009 7f896e601700 (Original Log Time 2018/12/30-01:21:41.723945) [db/db_impl_compaction_flush.cc:1864] [usertable] Moved #1 files to level-1 129902322 bytes OK: base level 1 max bytes base 536870912 files[1 3 133 554 0 0 0] max score 1.00
2018/12/30-01:21:42.045767 7f89743e1700 [db/db_impl_write.cc:1373] [usertable] New memtable created with log file: #1267. Immutable memtables: 0.
2018/12/30-01:21:44.365893 7f897c8be700 [db/db_impl_write.cc:1373] [usertable] New memtable created with log file: #1268. Immutable memtables: 1.
2018/12/30-01:21:44.366371 7f892bfff700 [db/db_impl_compaction_flush.cc:80] [JOB 9] Syncing log #1261
