2019/03/23-11:21:40.130929 7fba3604a700 RocksDB version: 5.14.3
2019/03/23-11:21:40.130995 7fba3604a700 Git sha rocksdb_build_git_sha:
2019/03/23-11:21:40.130998 7fba3604a700 Compile date Oct  9 2018
2019/03/23-11:21:40.131006 7fba3604a700 DB SUMMARY
2019/03/23-11:21:40.131561 7fba3604a700 CURRENT file:  CURRENT
2019/03/23-11:21:40.131563 7fba3604a700 IDENTITY file:  IDENTITY
2019/03/23-11:21:40.131574 7fba3604a700 MANIFEST file:  MANIFEST-000004 size: 134850 Bytes
2019/03/23-11:21:40.131578 7fba3604a700 SST files in /mnt/sdg/ycsb-rocksdb-data dir, Total Num: 727, files: 000021.sst 000022.sst 000023.sst 000024.sst 000028.sst 000029.sst 000030.sst 000031.sst 000035.sst 
2019/03/23-11:21:40.131582 7fba3604a700 Write Ahead Log file in /mnt/sdg/ycsb-rocksdb-data: 001424.log size: 43169836 ; 
2019/03/23-11:21:40.131608 7fba3604a700                         Options.error_if_exists: 0
2019/03/23-11:21:40.131609 7fba3604a700                       Options.create_if_missing: 1
2019/03/23-11:21:40.131610 7fba3604a700                         Options.paranoid_checks: 1
2019/03/23-11:21:40.131611 7fba3604a700                                     Options.env: 0x7fba356c5080
2019/03/23-11:21:40.131612 7fba3604a700                                Options.info_log: 0x7fb9d03dadb0
2019/03/23-11:21:40.131613 7fba3604a700                Options.max_file_opening_threads: 16
2019/03/23-11:21:40.131614 7fba3604a700                              Options.statistics: (nil)
2019/03/23-11:21:40.131615 7fba3604a700                               Options.use_fsync: 0
2019/03/23-11:21:40.131616 7fba3604a700                       Options.max_log_file_size: 0
2019/03/23-11:21:40.131617 7fba3604a700                  Options.max_manifest_file_size: 18446744073709551615
2019/03/23-11:21:40.131618 7fba3604a700                   Options.log_file_time_to_roll: 0
2019/03/23-11:21:40.131619 7fba3604a700                       Options.keep_log_file_num: 1000
2019/03/23-11:21:40.131619 7fba3604a700                    Options.recycle_log_file_num: 0
2019/03/23-11:21:40.131620 7fba3604a700                         Options.allow_fallocate: 1
2019/03/23-11:21:40.131621 7fba3604a700                        Options.allow_mmap_reads: 0
2019/03/23-11:21:40.131622 7fba3604a700                       Options.allow_mmap_writes: 0
2019/03/23-11:21:40.131623 7fba3604a700                        Options.use_direct_reads: 0
2019/03/23-11:21:40.131624 7fba3604a700                        Options.use_direct_io_for_flush_and_compaction: 0
2019/03/23-11:21:40.131625 7fba3604a700          Options.create_missing_column_families: 1
2019/03/23-11:21:40.131626 7fba3604a700                              Options.db_log_dir: 
2019/03/23-11:21:40.131627 7fba3604a700                                 Options.wal_dir: /mnt/sdg/ycsb-rocksdb-data
2019/03/23-11:21:40.131628 7fba3604a700                Options.table_cache_numshardbits: 6
2019/03/23-11:21:40.131629 7fba3604a700                      Options.max_subcompactions: 4
2019/03/23-11:21:40.131630 7fba3604a700                  Options.max_background_flushes: 24
2019/03/23-11:21:40.131630 7fba3604a700                         Options.WAL_ttl_seconds: 0
2019/03/23-11:21:40.131631 7fba3604a700                       Options.WAL_size_limit_MB: 0
2019/03/23-11:21:40.131632 7fba3604a700             Options.manifest_preallocation_size: 4194304
2019/03/23-11:21:40.131633 7fba3604a700                     Options.is_fd_close_on_exec: 1
2019/03/23-11:21:40.131634 7fba3604a700                   Options.advise_random_on_open: 1
2019/03/23-11:21:40.131635 7fba3604a700                    Options.db_write_buffer_size: 0
2019/03/23-11:21:40.131636 7fba3604a700                    Options.write_buffer_manager: 0x7fb9d03da7a0
2019/03/23-11:21:40.131637 7fba3604a700         Options.access_hint_on_compaction_start: 1
2019/03/23-11:21:40.131638 7fba3604a700  Options.new_table_reader_for_compaction_inputs: 0
2019/03/23-11:21:40.131639 7fba3604a700           Options.random_access_max_buffer_size: 1048576
2019/03/23-11:21:40.131639 7fba3604a700                      Options.use_adaptive_mutex: 0
2019/03/23-11:21:40.131640 7fba3604a700                            Options.rate_limiter: (nil)
2019/03/23-11:21:40.131653 7fba3604a700     Options.sst_file_manager.rate_bytes_per_sec: 0
2019/03/23-11:21:40.131655 7fba3604a700                       Options.wal_recovery_mode: 2
2019/03/23-11:21:40.131656 7fba3604a700                  Options.enable_thread_tracking: 0
2019/03/23-11:21:40.131657 7fba3604a700                  Options.enable_pipelined_write: 1
2019/03/23-11:21:40.131658 7fba3604a700         Options.allow_concurrent_memtable_write: 1
2019/03/23-11:21:40.131658 7fba3604a700      Options.enable_write_thread_adaptive_yield: 1
2019/03/23-11:21:40.131659 7fba3604a700             Options.write_thread_max_yield_usec: 100
2019/03/23-11:21:40.131660 7fba3604a700            Options.write_thread_slow_yield_usec: 3
2019/03/23-11:21:40.131661 7fba3604a700                               Options.row_cache: None
2019/03/23-11:21:40.131662 7fba3604a700                              Options.wal_filter: None
2019/03/23-11:21:40.131663 7fba3604a700             Options.avoid_flush_during_recovery: 0
2019/03/23-11:21:40.131664 7fba3604a700             Options.allow_ingest_behind: 0
2019/03/23-11:21:40.131675 7fba3604a700             Options.preserve_deletes: 0
2019/03/23-11:21:40.131677 7fba3604a700             Options.two_write_queues: 0
2019/03/23-11:21:40.131679 7fba3604a700             Options.manual_wal_flush: 0
2019/03/23-11:21:40.131681 7fba3604a700             Options.max_background_jobs: 24
2019/03/23-11:21:40.131682 7fba3604a700             Options.max_background_compactions: 24
2019/03/23-11:21:40.131682 7fba3604a700             Options.avoid_flush_during_shutdown: 0
2019/03/23-11:21:40.131683 7fba3604a700           Options.writable_file_max_buffer_size: 1048576
2019/03/23-11:21:40.131684 7fba3604a700             Options.delayed_write_rate : 16777216
2019/03/23-11:21:40.131685 7fba3604a700             Options.max_total_wal_size: 0
2019/03/23-11:21:40.131686 7fba3604a700             Options.delete_obsolete_files_period_micros: 21600000000
2019/03/23-11:21:40.131687 7fba3604a700                   Options.stats_dump_period_sec: 60
2019/03/23-11:21:40.131688 7fba3604a700                          Options.max_open_files: -1
2019/03/23-11:21:40.131689 7fba3604a700                          Options.bytes_per_sync: 1048576
2019/03/23-11:21:40.131690 7fba3604a700                      Options.wal_bytes_per_sync: 0
2019/03/23-11:21:40.131691 7fba3604a700       Options.compaction_readahead_size: 0
2019/03/23-11:21:40.131692 7fba3604a700 Compression algorithms supported:
2019/03/23-11:21:40.131693 7fba3604a700 	kZSTDNotFinalCompression supported: 1
2019/03/23-11:21:40.131700 7fba3604a700 	kZSTD supported: 1
2019/03/23-11:21:40.131702 7fba3604a700 	kXpressCompression supported: 0
2019/03/23-11:21:40.131703 7fba3604a700 	kLZ4HCCompression supported: 1
2019/03/23-11:21:40.131704 7fba3604a700 	kLZ4Compression supported: 1
2019/03/23-11:21:40.131705 7fba3604a700 	kBZip2Compression supported: 1
2019/03/23-11:21:40.131706 7fba3604a700 	kZlibCompression supported: 1
2019/03/23-11:21:40.131707 7fba3604a700 	kSnappyCompression supported: 1
2019/03/23-11:21:40.131710 7fba3604a700 Fast CRC32 supported: Not supported on x86
2019/03/23-11:21:40.132142 7fba3604a700 [db/version_set.cc:3085] Recovering from manifest file: MANIFEST-000004
2019/03/23-11:21:40.132241 7fba3604a700 [db/column_family.cc:475] --------------- Options for column family [default]:
2019/03/23-11:21:40.132245 7fba3604a700               Options.comparator: leveldb.BytewiseComparator
2019/03/23-11:21:40.132247 7fba3604a700           Options.merge_operator: None
2019/03/23-11:21:40.132248 7fba3604a700        Options.compaction_filter: None
2019/03/23-11:21:40.132249 7fba3604a700        Options.compaction_filter_factory: None
2019/03/23-11:21:40.132250 7fba3604a700         Options.memtable_factory: SkipListFactory
2019/03/23-11:21:40.132251 7fba3604a700            Options.table_factory: BlockBasedTable
2019/03/23-11:21:40.132277 7fba3604a700            table_factory options:   flush_block_policy_factory: FlushBlockBySizePolicyFactory (0x7fb9d03d4810)
  cache_index_and_filter_blocks: 0
  cache_index_and_filter_blocks_with_high_priority: 0
  pin_l0_filter_and_index_blocks_in_cache: 0
  index_type: 0
  hash_index_allow_collision: 1
  checksum: 1
  no_block_cache: 0
  block_cache: 0x7fb9d03c66f0
  block_cache_name: LRUCache
  block_cache_options:
    capacity : 8388608
    num_shard_bits : 4
    strict_capacity_limit : 0
    high_pri_pool_ratio: 0.000
  block_cache_compressed: (nil)
  persistent_cache: (nil)
  block_size: 8192
  block_size_deviation: 10
  block_restart_interval: 16
  index_block_restart_interval: 1
  metadata_block_size: 4096
  partition_filters: 0
  use_delta_encoding: 1
  filter_policy: nullptr
  whole_key_filtering: 1
  verify_compression: 0
  read_amp_bytes_per_bit: 0
  format_version: 2
  enable_index_compression: 1
  block_align: 0
2019/03/23-11:21:40.132291 7fba3604a700        Options.write_buffer_size: 134217728
2019/03/23-11:21:40.132293 7fba3604a700  Options.max_write_buffer_number: 24
2019/03/23-11:21:40.132294 7fba3604a700        Options.compression[0]: NoCompression
2019/03/23-11:21:40.132296 7fba3604a700        Options.compression[1]: NoCompression
2019/03/23-11:21:40.132297 7fba3604a700        Options.compression[2]: LZ4
2019/03/23-11:21:40.132298 7fba3604a700        Options.compression[3]: LZ4
2019/03/23-11:21:40.132299 7fba3604a700        Options.compression[4]: LZ4
2019/03/23-11:21:40.132300 7fba3604a700        Options.compression[5]: LZ4
2019/03/23-11:21:40.132301 7fba3604a700        Options.compression[6]: LZ4
2019/03/23-11:21:40.132302 7fba3604a700                  Options.bottommost_compression: Disabled
2019/03/23-11:21:40.132303 7fba3604a700       Options.prefix_extractor: nullptr
2019/03/23-11:21:40.132304 7fba3604a700   Options.memtable_insert_with_hint_prefix_extractor: nullptr
2019/03/23-11:21:40.132305 7fba3604a700             Options.num_levels: 7
2019/03/23-11:21:40.132306 7fba3604a700        Options.min_write_buffer_number_to_merge: 2
2019/03/23-11:21:40.132307 7fba3604a700     Options.max_write_buffer_number_to_maintain: 0
2019/03/23-11:21:40.132308 7fba3604a700            Options.compression_opts.window_bits: -14
2019/03/23-11:21:40.132309 7fba3604a700                  Options.compression_opts.level: -1
2019/03/23-11:21:40.132310 7fba3604a700               Options.compression_opts.strategy: 0
2019/03/23-11:21:40.132310 7fba3604a700         Options.compression_opts.max_dict_bytes: 0
2019/03/23-11:21:40.132311 7fba3604a700         Options.compression_opts.zstd_max_train_bytes: 0
2019/03/23-11:21:40.132312 7fba3604a700      Options.level0_file_num_compaction_trigger: 2
2019/03/23-11:21:40.132313 7fba3604a700          Options.level0_slowdown_writes_trigger: 20
2019/03/23-11:21:40.132314 7fba3604a700              Options.level0_stop_writes_trigger: 36
2019/03/23-11:21:40.132315 7fba3604a700                   Options.target_file_size_base: 67108864
2019/03/23-11:21:40.132324 7fba3604a700             Options.target_file_size_multiplier: 1
2019/03/23-11:21:40.132325 7fba3604a700                Options.max_bytes_for_level_base: 536870912
2019/03/23-11:21:40.132326 7fba3604a700 Options.level_compaction_dynamic_level_bytes: 0
2019/03/23-11:21:40.132327 7fba3604a700          Options.max_bytes_for_level_multiplier: 10.000000
2019/03/23-11:21:40.132331 7fba3604a700 Options.max_bytes_for_level_multiplier_addtl[0]: 1
2019/03/23-11:21:40.132332 7fba3604a700 Options.max_bytes_for_level_multiplier_addtl[1]: 1
2019/03/23-11:21:40.132333 7fba3604a700 Options.max_bytes_for_level_multiplier_addtl[2]: 1
2019/03/23-11:21:40.132334 7fba3604a700 Options.max_bytes_for_level_multiplier_addtl[3]: 1
2019/03/23-11:21:40.132334 7fba3604a700 Options.max_bytes_for_level_multiplier_addtl[4]: 1
2019/03/23-11:21:40.132335 7fba3604a700 Options.max_bytes_for_level_multiplier_addtl[5]: 1
2019/03/23-11:21:40.132336 7fba3604a700 Options.max_bytes_for_level_multiplier_addtl[6]: 1
2019/03/23-11:21:40.132337 7fba3604a700       Options.max_sequential_skip_in_iterations: 8
2019/03/23-11:21:40.132338 7fba3604a700                    Options.max_compaction_bytes: 1677721600
2019/03/23-11:21:40.132346 7fba3604a700                        Options.arena_block_size: 16777216
2019/03/23-11:21:40.132347 7fba3604a700   Options.soft_pending_compaction_bytes_limit: 68719476736
2019/03/23-11:21:40.132348 7fba3604a700   Options.hard_pending_compaction_bytes_limit: 274877906944
2019/03/23-11:21:40.132349 7fba3604a700       Options.rate_limit_delay_max_milliseconds: 100
2019/03/23-11:21:40.132350 7fba3604a700                Options.disable_auto_compactions: 0
2019/03/23-11:21:40.132351 7fba3604a700                        Options.compaction_style: kCompactionStyleLevel
2019/03/23-11:21:40.132353 7fba3604a700                          Options.compaction_pri: kByCompensatedSize
2019/03/23-11:21:40.132365 7fba3604a700 Options.compaction_options_universal.size_ratio: 1
2019/03/23-11:21:40.132366 7fba3604a700 Options.compaction_options_universal.min_merge_width: 2
2019/03/23-11:21:40.132367 7fba3604a700 Options.compaction_options_universal.max_merge_width: 4294967295
2019/03/23-11:21:40.132368 7fba3604a700 Options.compaction_options_universal.max_size_amplification_percent: 200
2019/03/23-11:21:40.132369 7fba3604a700 Options.compaction_options_universal.compression_size_percent: -1
2019/03/23-11:21:40.132370 7fba3604a700 Options.compaction_options_universal.stop_style: kCompactionStopStyleTotalSize
2019/03/23-11:21:40.132371 7fba3604a700 Options.compaction_options_fifo.max_table_files_size: 1073741824
2019/03/23-11:21:40.132372 7fba3604a700 Options.compaction_options_fifo.allow_compaction: 0
2019/03/23-11:21:40.132373 7fba3604a700 Options.compaction_options_fifo.ttl: 0
2019/03/23-11:21:40.132374 7fba3604a700                   Options.table_properties_collectors: 
2019/03/23-11:21:40.132375 7fba3604a700                   Options.inplace_update_support: 0
2019/03/23-11:21:40.132383 7fba3604a700                 Options.inplace_update_num_locks: 10000
2019/03/23-11:21:40.132384 7fba3604a700               Options.memtable_prefix_bloom_size_ratio: 0.000000
2019/03/23-11:21:40.132386 7fba3604a700   Options.memtable_huge_page_size: 0
2019/03/23-11:21:40.132386 7fba3604a700                           Options.bloom_locality: 0
2019/03/23-11:21:40.132387 7fba3604a700                    Options.max_successive_merges: 0
2019/03/23-11:21:40.132388 7fba3604a700                Options.optimize_filters_for_hits: 0
2019/03/23-11:21:40.132389 7fba3604a700                Options.paranoid_file_checks: 0
2019/03/23-11:21:40.132390 7fba3604a700                Options.force_consistency_checks: 0
2019/03/23-11:21:40.132391 7fba3604a700                Options.report_bg_io_stats: 0
2019/03/23-11:21:40.132392 7fba3604a700                               Options.ttl: 0
2019/03/23-11:21:40.132869 7fba3604a700 [db/column_family.cc:475] --------------- Options for column family [usertable]:
2019/03/23-11:21:40.132888 7fba3604a700               Options.comparator: leveldb.BytewiseComparator
2019/03/23-11:21:40.132889 7fba3604a700           Options.merge_operator: None
2019/03/23-11:21:40.132890 7fba3604a700        Options.compaction_filter: None
2019/03/23-11:21:40.132891 7fba3604a700        Options.compaction_filter_factory: None
2019/03/23-11:21:40.132891 7fba3604a700         Options.memtable_factory: SkipListFactory
2019/03/23-11:21:40.132892 7fba3604a700            Options.table_factory: BlockBasedTable
2019/03/23-11:21:40.132949 7fba3604a700            table_factory options:   flush_block_policy_factory: FlushBlockBySizePolicyFactory (0x7fb9d03d81d0)
  cache_index_and_filter_blocks: 0
  cache_index_and_filter_blocks_with_high_priority: 0
  pin_l0_filter_and_index_blocks_in_cache: 0
  index_type: 0
  hash_index_allow_collision: 1
  checksum: 1
  no_block_cache: 0
  block_cache: 0x7fb9d03d70c0
  block_cache_name: LRUCache
  block_cache_options:
    capacity : 8388608
    num_shard_bits : 4
    strict_capacity_limit : 0
    high_pri_pool_ratio: 0.000
  block_cache_compressed: (nil)
  persistent_cache: (nil)
  block_size: 8192
  block_size_deviation: 10
  block_restart_interval: 16
  index_block_restart_interval: 1
  metadata_block_size: 4096
  partition_filters: 0
  use_delta_encoding: 1
  filter_policy: nullptr
  whole_key_filtering: 1
  verify_compression: 0
  read_amp_bytes_per_bit: 0
  format_version: 2
  enable_index_compression: 1
  block_align: 0
2019/03/23-11:21:40.132962 7fba3604a700        Options.write_buffer_size: 134217728
2019/03/23-11:21:40.132963 7fba3604a700  Options.max_write_buffer_number: 24
2019/03/23-11:21:40.132964 7fba3604a700        Options.compression[0]: NoCompression
2019/03/23-11:21:40.132966 7fba3604a700        Options.compression[1]: NoCompression
2019/03/23-11:21:40.132967 7fba3604a700        Options.compression[2]: LZ4
2019/03/23-11:21:40.132968 7fba3604a700        Options.compression[3]: LZ4
2019/03/23-11:21:40.132969 7fba3604a700        Options.compression[4]: LZ4
2019/03/23-11:21:40.132970 7fba3604a700        Options.compression[5]: LZ4
2019/03/23-11:21:40.132971 7fba3604a700        Options.compression[6]: LZ4
2019/03/23-11:21:40.132971 7fba3604a700                  Options.bottommost_compression: Disabled
2019/03/23-11:21:40.132972 7fba3604a700       Options.prefix_extractor: nullptr
2019/03/23-11:21:40.132973 7fba3604a700   Options.memtable_insert_with_hint_prefix_extractor: nullptr
2019/03/23-11:21:40.132974 7fba3604a700             Options.num_levels: 7
2019/03/23-11:21:40.132975 7fba3604a700        Options.min_write_buffer_number_to_merge: 2
2019/03/23-11:21:40.132976 7fba3604a700     Options.max_write_buffer_number_to_maintain: 0
2019/03/23-11:21:40.132977 7fba3604a700            Options.compression_opts.window_bits: -14
2019/03/23-11:21:40.132978 7fba3604a700                  Options.compression_opts.level: -1
2019/03/23-11:21:40.132979 7fba3604a700               Options.compression_opts.strategy: 0
2019/03/23-11:21:40.132979 7fba3604a700         Options.compression_opts.max_dict_bytes: 0
2019/03/23-11:21:40.132980 7fba3604a700         Options.compression_opts.zstd_max_train_bytes: 0
2019/03/23-11:21:40.132981 7fba3604a700      Options.level0_file_num_compaction_trigger: 2
2019/03/23-11:21:40.132982 7fba3604a700          Options.level0_slowdown_writes_trigger: 20
2019/03/23-11:21:40.132983 7fba3604a700              Options.level0_stop_writes_trigger: 36
2019/03/23-11:21:40.132984 7fba3604a700                   Options.target_file_size_base: 67108864
2019/03/23-11:21:40.132985 7fba3604a700             Options.target_file_size_multiplier: 1
2019/03/23-11:21:40.132986 7fba3604a700                Options.max_bytes_for_level_base: 536870912
2019/03/23-11:21:40.132986 7fba3604a700 Options.level_compaction_dynamic_level_bytes: 0
2019/03/23-11:21:40.132987 7fba3604a700          Options.max_bytes_for_level_multiplier: 10.000000
2019/03/23-11:21:40.132989 7fba3604a700 Options.max_bytes_for_level_multiplier_addtl[0]: 1
2019/03/23-11:21:40.132991 7fba3604a700 Options.max_bytes_for_level_multiplier_addtl[1]: 1
2019/03/23-11:21:40.132991 7fba3604a700 Options.max_bytes_for_level_multiplier_addtl[2]: 1
2019/03/23-11:21:40.132992 7fba3604a700 Options.max_bytes_for_level_multiplier_addtl[3]: 1
2019/03/23-11:21:40.132993 7fba3604a700 Options.max_bytes_for_level_multiplier_addtl[4]: 1
2019/03/23-11:21:40.132994 7fba3604a700 Options.max_bytes_for_level_multiplier_addtl[5]: 1
2019/03/23-11:21:40.132995 7fba3604a700 Options.max_bytes_for_level_multiplier_addtl[6]: 1
2019/03/23-11:21:40.132996 7fba3604a700       Options.max_sequential_skip_in_iterations: 8
2019/03/23-11:21:40.132997 7fba3604a700                    Options.max_compaction_bytes: 1677721600
2019/03/23-11:21:40.132998 7fba3604a700                        Options.arena_block_size: 16777216
2019/03/23-11:21:40.132998 7fba3604a700   Options.soft_pending_compaction_bytes_limit: 68719476736
2019/03/23-11:21:40.132999 7fba3604a700   Options.hard_pending_compaction_bytes_limit: 274877906944
2019/03/23-11:21:40.133000 7fba3604a700       Options.rate_limit_delay_max_milliseconds: 100
2019/03/23-11:21:40.133001 7fba3604a700                Options.disable_auto_compactions: 0
2019/03/23-11:21:40.133002 7fba3604a700                        Options.compaction_style: kCompactionStyleLevel
2019/03/23-11:21:40.133009 7fba3604a700                          Options.compaction_pri: kByCompensatedSize
2019/03/23-11:21:40.133011 7fba3604a700 Options.compaction_options_universal.size_ratio: 1
2019/03/23-11:21:40.133012 7fba3604a700 Options.compaction_options_universal.min_merge_width: 2
2019/03/23-11:21:40.133012 7fba3604a700 Options.compaction_options_universal.max_merge_width: 4294967295
2019/03/23-11:21:40.133013 7fba3604a700 Options.compaction_options_universal.max_size_amplification_percent: 200
2019/03/23-11:21:40.133014 7fba3604a700 Options.compaction_options_universal.compression_size_percent: -1
2019/03/23-11:21:40.133015 7fba3604a700 Options.compaction_options_universal.stop_style: kCompactionStopStyleTotalSize
2019/03/23-11:21:40.133016 7fba3604a700 Options.compaction_options_fifo.max_table_files_size: 1073741824
2019/03/23-11:21:40.133017 7fba3604a700 Options.compaction_options_fifo.allow_compaction: 0
2019/03/23-11:21:40.133018 7fba3604a700 Options.compaction_options_fifo.ttl: 0
2019/03/23-11:21:40.133019 7fba3604a700                   Options.table_properties_collectors: 
2019/03/23-11:21:40.133020 7fba3604a700                   Options.inplace_update_support: 0
2019/03/23-11:21:40.133021 7fba3604a700                 Options.inplace_update_num_locks: 10000
2019/03/23-11:21:40.133022 7fba3604a700               Options.memtable_prefix_bloom_size_ratio: 0.000000
2019/03/23-11:21:40.133023 7fba3604a700   Options.memtable_huge_page_size: 0
2019/03/23-11:21:40.133024 7fba3604a700                           Options.bloom_locality: 0
2019/03/23-11:21:40.133025 7fba3604a700                    Options.max_successive_merges: 0
2019/03/23-11:21:40.133026 7fba3604a700                Options.optimize_filters_for_hits: 0
2019/03/23-11:21:40.133026 7fba3604a700                Options.paranoid_file_checks: 0
2019/03/23-11:21:40.133027 7fba3604a700                Options.force_consistency_checks: 0
2019/03/23-11:21:40.133028 7fba3604a700                Options.report_bg_io_stats: 0
2019/03/23-11:21:40.133029 7fba3604a700                               Options.ttl: 0
2019/03/23-11:21:40.701524 7fba3604a700 [db/version_set.cc:3361] Recovered from manifest file:/mnt/sdg/ycsb-rocksdb-data/MANIFEST-000004 succeeded,manifest_file_number is 4, next_file_number is 1427, last_sequence is 10444119, log_number is 0,prev_log_number is 0,max_column_family is 1,min_log_number_to_keep is 0
2019/03/23-11:21:40.701537 7fba3604a700 [db/version_set.cc:3369] Column family [default] (ID 0), log number is 0
2019/03/23-11:21:40.701540 7fba3604a700 [db/version_set.cc:3369] Column family [usertable] (ID 1), log number is 1424
2019/03/23-11:21:40.704568 7fba3604a700 EVENT_LOG_v1 {"time_micros": 1553365300704543, "job": 1, "event": "recovery_started", "log_files": [1424]}
2019/03/23-11:21:40.704580 7fba3604a700 [db/db_impl_open.cc:551] Recovering log #1424 mode 2
2019/03/23-11:21:40.831914 7fba3604a700 [db/version_set.cc:2847] Creating manifest 1427
2019/03/23-11:21:41.089544 7fba3604a700 EVENT_LOG_v1 {"time_micros": 1553365301089515, "cf_name": "usertable", "job": 1, "event": "table_file_creation", "file_number": 1428, "file_size": 43222509, "table_properties": {"data_size": 43028786, "index_size": 192802, "filter_size": 0, "raw_key_size": 250464, "raw_average_key_size": 24, "raw_value_size": 42745856, "raw_average_value_size": 4096, "num_data_blocks": 5218, "num_entries": 10436, "filter_policy_name": "", "kDeletedKeys": "0", "kMergeOperands": "0"}}
2019/03/23-11:21:41.120268 7fba3604a700 EVENT_LOG_v1 {"time_micros": 1553365301120260, "job": 1, "event": "recovery_finished"}
2019/03/23-11:21:41.170466 7fba3604a700 [db/db_impl_open.cc:1219] DB pointer 0x7fb9d03d32f0
2019/03/23-11:21:41.170806 7fb963fff700 [WARN] [db/db_impl.cc:491] ------- DUMPING STATS -------
2019/03/23-11:21:41.170856 7fb963fff700 [WARN] [db/db_impl.cc:492] 
** DB Stats **
Uptime(secs): 1.0 total, 1.0 interval
Cumulative writes: 0 writes, 0 keys, 0 commit groups, 0.0 writes per commit group, ingest: 0.00 GB, 0.00 MB/s
Cumulative WAL: 0 writes, 0 syncs, 0.00 writes per sync, written: 0.00 GB, 0.00 MB/s
Cumulative stall: 00:00:0.000 H:M:S, 0.0 percent
Interval writes: 0 writes, 0 keys, 0 commit groups, 0.0 writes per commit group, ingest: 0.00 MB, 0.00 MB/s
Interval WAL: 0 writes, 0 syncs, 0.00 writes per sync, written: 0.00 MB, 0.00 MB/s
Interval stall: 00:00:0.000 H:M:S, 0.0 percent

** Compaction Stats [default] **
Level    Files   Size     Score Read(GB)  Rn(GB) Rnp1(GB) Write(GB) Wnew(GB) Moved(GB) W-Amp Rd(MB/s) Wr(MB/s) Comp(sec) Comp(cnt) Avg(sec) KeyIn KeyDrop
----------------------------------------------------------------------------------------------------------------------------------------------------------
 Sum      0/0    0.00 KB   0.0      0.0     0.0      0.0       0.0      0.0       0.0   0.0      0.0      0.0         0         0    0.000       0      0
 Int      0/0    0.00 KB   0.0      0.0     0.0      0.0       0.0      0.0       0.0   0.0      0.0      0.0         0         0    0.000       0      0
Uptime(secs): 1.0 total, 1.0 interval
Flush(GB): cumulative 0.000, interval 0.000
AddFile(GB): cumulative 0.000, interval 0.000
AddFile(Total Files): cumulative 0, interval 0
AddFile(L0 Files): cumulative 0, interval 0
AddFile(Keys): cumulative 0, interval 0
Cumulative compaction: 0.00 GB write, 0.00 MB/s write, 0.00 GB read, 0.00 MB/s read, 0.0 seconds
Interval compaction: 0.00 GB write, 0.00 MB/s write, 0.00 GB read, 0.00 MB/s read, 0.0 seconds
Stalls(count): 0 level0_slowdown, 0 level0_slowdown_with_compaction, 0 level0_numfiles, 0 level0_numfiles_with_compaction, 0 stop for pending_compaction_bytes, 0 slowdown for pending_compaction_bytes, 0 memtable_compaction, 0 memtable_slowdown, interval 0 total count

** File Read Latency Histogram By Level [default] **

** Compaction Stats [usertable] **
Level    Files   Size     Score Read(GB)  Rn(GB) Rnp1(GB) Write(GB) Wnew(GB) Moved(GB) W-Amp Rd(MB/s) Wr(MB/s) Comp(sec) Comp(cnt) Avg(sec) KeyIn KeyDrop
----------------------------------------------------------------------------------------------------------------------------------------------------------
  L0      2/0   225.50 MB   1.0      0.0     0.0      0.0       0.0      0.0       0.0   1.0      0.0    240.2         0         1    0.172       0      0
  L1     15/0   675.78 MB   1.3      0.0     0.0      0.0       0.0      0.0       0.0   0.0      0.0      0.0         0         0    0.000       0      0
  L2    163/0    4.98 GB   1.0      0.0     0.0      0.0       0.0      0.0       0.0   0.0      0.0      0.0         0         0    0.000       0      0
  L3    548/0   34.31 GB   0.7      0.0     0.0      0.0       0.0      0.0       0.0   0.0      0.0      0.0         0         0    0.000       0      0
 Sum    728/0   40.18 GB   0.0      0.0     0.0      0.0       0.0      0.0       0.0   1.0      0.0    240.2         0         1    0.172       0      0
 Int      0/0    0.00 KB   0.0      0.0     0.0      0.0       0.0      0.0       0.0   1.0      0.0    240.2         0         1    0.172       0      0
Uptime(secs): 1.0 total, 1.0 interval
Flush(GB): cumulative 0.040, interval 0.040
AddFile(GB): cumulative 0.000, interval 0.000
AddFile(Total Files): cumulative 0, interval 0
AddFile(L0 Files): cumulative 0, interval 0
AddFile(Keys): cumulative 0, interval 0
Cumulative compaction: 0.04 GB write, 39.72 MB/s write, 0.00 GB read, 0.00 MB/s read, 0.2 seconds
Interval compaction: 0.04 GB write, 39.72 MB/s write, 0.00 GB read, 0.00 MB/s read, 0.2 seconds
Stalls(count): 0 level0_slowdown, 0 level0_slowdown_with_compaction, 0 level0_numfiles, 0 level0_numfiles_with_compaction, 0 stop for pending_compaction_bytes, 0 slowdown for pending_compaction_bytes, 0 memtable_compaction, 0 memtable_slowdown, interval 0 total count

** File Read Latency Histogram By Level [usertable] **

** Compaction Stats [default] **
Level    Files   Size     Score Read(GB)  Rn(GB) Rnp1(GB) Write(GB) Wnew(GB) Moved(GB) W-Amp Rd(MB/s) Wr(MB/s) Comp(sec) Comp(cnt) Avg(sec) KeyIn KeyDrop
----------------------------------------------------------------------------------------------------------------------------------------------------------
 Sum      0/0    0.00 KB   0.0      0.0     0.0      0.0       0.0      0.0       0.0   0.0      0.0      0.0         0         0    0.000       0      0
 Int      0/0    0.00 KB   0.0      0.0     0.0      0.0       0.0      0.0       0.0   0.0      0.0      0.0         0         0    0.000       0      0
Uptime(secs): 1.0 total, 0.0 interval
Flush(GB): cumulative 0.000, interval 0.000
AddFile(GB): cumulative 0.000, interval 0.000
AddFile(Total Files): cumulative 0, interval 0
AddFile(L0 Files): cumulative 0, interval 0
AddFile(Keys): cumulative 0, interval 0
Cumulative compaction: 0.00 GB write, 0.00 MB/s write, 0.00 GB read, 0.00 MB/s read, 0.0 seconds
Interval compaction: 0.00 GB write, 0.00 MB/s write, 0.00 GB read, 0.00 MB/s read, 0.0 seconds
Stalls(count): 0 level0_slowdown, 0 level0_slowdown_with_compaction, 0 level0_numfiles, 0 level0_numfiles_with_compaction, 0 stop for pending_compaction_bytes, 0 slowdown for pending_compaction_bytes, 0 memtable_compaction, 0 memtable_slowdown, interval 0 total count

** File Read Latency Histogram By Level [default] **

** Compaction Stats [usertable] **
Level    Files   Size     Score Read(GB)  Rn(GB) Rnp1(GB) Write(GB) Wnew(GB) Moved(GB) W-Amp Rd(MB/s) Wr(MB/s) Comp(sec) Comp(cnt) Avg(sec) KeyIn KeyDrop
----------------------------------------------------------------------------------------------------------------------------------------------------------
  L0      2/0   225.50 MB   1.0      0.0     0.0      0.0       0.0      0.0       0.0   1.0      0.0    240.2         0         1    0.172       0      0
  L1     15/0   675.78 MB   1.3      0.0     0.0      0.0       0.0      0.0       0.0   0.0      0.0      0.0         0         0    0.000       0      0
  L2    163/0    4.98 GB   1.0      0.0     0.0      0.0       0.0      0.0       0.0   0.0      0.0      0.0         0         0    0.000       0      0
  L3    548/0   34.31 GB   0.7      0.0     0.0      0.0       0.0      0.0       0.0   0.0      0.0      0.0         0         0    0.000       0      0
 Sum    728/0   40.18 GB   0.0      0.0     0.0      0.0       0.0      0.0       0.0   1.0      0.0    240.2         0         1    0.172       0      0
 Int      0/0    0.00 KB   0.0      0.0     0.0      0.0       0.0      0.0       0.0   0.0      0.0      0.0         0         0    0.000       0      0
Uptime(secs): 1.0 total, 0.0 interval
Flush(GB): cumulative 0.040, interval 0.000
AddFile(GB): cumulative 0.000, interval 0.000
AddFile(Total Files): cumulative 0, interval 0
AddFile(L0 Files): cumulative 0, interval 0
AddFile(Keys): cumulative 0, interval 0
Cumulative compaction: 0.04 GB write, 39.71 MB/s write, 0.00 GB read, 0.00 MB/s read, 0.2 seconds
Interval compaction: 0.00 GB write, 0.00 MB/s write, 0.00 GB read, 0.00 MB/s read, 0.0 seconds
Stalls(count): 0 level0_slowdown, 0 level0_slowdown_with_compaction, 0 level0_numfiles, 0 level0_numfiles_with_compaction, 0 stop for pending_compaction_bytes, 0 slowdown for pending_compaction_bytes, 0 memtable_compaction, 0 memtable_slowdown, interval 0 total count

** File Read Latency Histogram By Level [usertable] **
2019/03/23-11:21:41.171038 7fb963fff700 [db/compaction_job.cc:1531] [usertable] [JOB 3] Compacting 1@1 files to L2, score 1.32
2019/03/23-11:21:41.171046 7fb963fff700 [db/compaction_job.cc:1535] [usertable] Compaction start summary: Base version 5 Base level 1, inputs: [1425(192MB)]
2019/03/23-11:21:41.171079 7fb963fff700 EVENT_LOG_v1 {"time_micros": 1553365301171061, "job": 3, "event": "compaction_started", "compaction_reason": "LevelMaxLevelSize", "files_L1": [1425], "score": 1.31989, "input_data_size": 201781586}
2019/03/23-11:21:42.324409 7fb963fff700 [db/compaction_job.cc:1211] [usertable] [JOB 3] Generated table #1432: 16279 keys, 67233371 bytes
2019/03/23-11:21:42.324453 7fb963fff700 EVENT_LOG_v1 {"time_micros": 1553365302324434, "cf_name": "usertable", "job": 3, "event": "table_file_creation", "file_number": 1432, "file_size": 67233371, "table_properties": {"data_size": 67118331, "index_size": 299107, "filter_size": 0, "raw_key_size": 390696, "raw_average_key_size": 24, "raw_value_size": 66678784, "raw_average_value_size": 4096, "num_data_blocks": 8140, "num_entries": 16279, "filter_policy_name": "", "kDeletedKeys": "0", "kMergeOperands": "0"}}
2019/03/23-11:21:43.470736 7fb963fff700 [db/compaction_job.cc:1211] [usertable] [JOB 3] Generated table #1433: 16279 keys, 67233482 bytes
2019/03/23-11:21:43.470781 7fb963fff700 EVENT_LOG_v1 {"time_micros": 1553365303470761, "cf_name": "usertable", "job": 3, "event": "table_file_creation", "file_number": 1433, "file_size": 67233482, "table_properties": {"data_size": 67120139, "index_size": 300916, "filter_size": 0, "raw_key_size": 390696, "raw_average_key_size": 24, "raw_value_size": 66678784, "raw_average_value_size": 4096, "num_data_blocks": 8140, "num_entries": 16279, "filter_policy_name": "", "kDeletedKeys": "0", "kMergeOperands": "0"}}
2019/03/23-11:21:44.234629 7fb963fff700 [db/compaction_job.cc:1211] [usertable] [JOB 3] Generated table #1434: 16165 keys, 66762520 bytes
2019/03/23-11:21:44.234671 7fb963fff700 EVENT_LOG_v1 {"time_micros": 1553365304234651, "cf_name": "usertable", "job": 3, "event": "table_file_creation", "file_number": 1434, "file_size": 66762520, "table_properties": {"data_size": 66648309, "index_size": 297010, "filter_size": 0, "raw_key_size": 387960, "raw_average_key_size": 24, "raw_value_size": 66211840, "raw_average_value_size": 4096, "num_data_blocks": 8083, "num_entries": 16165, "filter_policy_name": "", "kDeletedKeys": "0", "kMergeOperands": "0"}}
2019/03/23-11:21:44.234742 7fb963fff700 [db/compaction_job.cc:1287] [usertable] [JOB 3] Compacted 1@1 files to L2 => 201229373 bytes
2019/03/23-11:21:44.266102 7fb963fff700 (Original Log Time 2019/03/23-11:21:44.265879) [db/compaction_job.cc:685] [usertable] compacted to: base level 1 max bytes base 536870912 files[2 14 166 548 0 0 0] max score 1.03, MB/sec: 65.9 rd, 65.7 wr, level 2, files in(1, 0) out(3) MB in(192.4, 0.0) out(191.9), read-write-amplify(2.0) write-amplify(1.0) OK, records in: 48723, records dropped: 0 output_compression: LZ4
2019/03/23-11:21:44.266114 7fb963fff700 (Original Log Time 2019/03/23-11:21:44.265958) EVENT_LOG_v1 {"time_micros": 1553365304265913, "job": 3, "event": "compaction_finished", "compaction_time_micros": 3063620, "output_level": 2, "num_output_files": 3, "total_output_size": 201229373, "num_input_records": 48723, "num_output_records": 48723, "num_subcompactions": 1, "output_compression": "LZ4", "num_single_delete_mismatches": 0, "num_single_delete_fallthrough": 0, "lsm_state": [2, 14, 166, 548, 0, 0, 0]}
2019/03/23-11:21:44.300150 7fba34dca700 (Original Log Time 2019/03/23-11:21:44.266207) [db/db_impl_compaction_flush.cc:1835] [usertable] Moving #1433 to level-3 67233482 bytes
2019/03/23-11:21:44.300157 7fba34dca700 (Original Log Time 2019/03/23-11:21:44.300036) EVENT_LOG_v1 {"time_micros": 1553365304300013, "job": 4, "event": "trivial_move", "destination_level": 3, "files": 1, "total_files_size": 67233482}
2019/03/23-11:21:44.300160 7fba34dca700 (Original Log Time 2019/03/23-11:21:44.300056) [db/db_impl_compaction_flush.cc:1864] [usertable] Moved #1 files to level-3 67233482 bytes OK: base level 1 max bytes base 536870912 files[2 14 165 549 0 0 0] max score 1.02
2019/03/23-11:21:44.318233 7fba34dca700 EVENT_LOG_v1 {"time_micros": 1553365304318222, "job": 4, "event": "table_file_deletion", "file_number": 1425}
2019/03/23-11:21:44.349448 7fba34dca700 (Original Log Time 2019/03/23-11:21:44.318448) [db/db_impl_compaction_flush.cc:1835] [usertable] Moving #1432 to level-3 67233371 bytes
2019/03/23-11:21:44.349453 7fba34dca700 (Original Log Time 2019/03/23-11:21:44.349364) EVENT_LOG_v1 {"time_micros": 1553365304349353, "job": 5, "event": "trivial_move", "destination_level": 3, "files": 1, "total_files_size": 67233371}
2019/03/23-11:21:44.349455 7fba34dca700 (Original Log Time 2019/03/23-11:21:44.349379) [db/db_impl_compaction_flush.cc:1864] [usertable] Moved #1 files to level-3 67233371 bytes OK: base level 1 max bytes base 536870912 files[2 14 164 550 0 0 0] max score 1.01
2019/03/23-11:21:44.381654 7fba34dca700 (Original Log Time 2019/03/23-11:21:44.349668) [db/db_impl_compaction_flush.cc:1835] [usertable] Moving #137 to level-3 67233330 bytes
2019/03/23-11:21:44.381658 7fba34dca700 (Original Log Time 2019/03/23-11:21:44.381591) EVENT_LOG_v1 {"time_micros": 1553365304381579, "job": 6, "event": "trivial_move", "destination_level": 3, "files": 1, "total_files_size": 67233330}
2019/03/23-11:21:44.381660 7fba34dca700 (Original Log Time 2019/03/23-11:21:44.381605) [db/db_impl_compaction_flush.cc:1864] [usertable] Moved #1 files to level-3 67233330 bytes OK: base level 1 max bytes base 536870912 files[2 14 163 551 0 0 0] max score 1.00
2019/03/23-11:21:44.414258 7fb9c37fe700 (Original Log Time 2019/03/23-11:21:44.381892) [db/db_impl_compaction_flush.cc:1835] [usertable] Moving #1376 to level-1 193227563 bytes
2019/03/23-11:21:44.414266 7fb9c37fe700 (Original Log Time 2019/03/23-11:21:44.414137) EVENT_LOG_v1 {"time_micros": 1553365304414125, "job": 7, "event": "trivial_move", "destination_level": 1, "files": 1, "total_files_size": 193227563}
2019/03/23-11:21:44.414269 7fb9c37fe700 (Original Log Time 2019/03/23-11:21:44.414155) [db/db_impl_compaction_flush.cc:1864] [usertable] Moved #1 files to level-1 193227563 bytes OK: base level 1 max bytes base 536870912 files[1 15 163 551 0 0 0] max score 1.30
2019/03/23-11:21:44.414573 7fb9c37fe700 [db/compaction_job.cc:1531] [usertable] [JOB 8] Compacting 1@1 files to L2, score 1.30
2019/03/23-11:21:44.414585 7fb9c37fe700 [db/compaction_job.cc:1535] [usertable] Compaction start summary: Base version 10 Base level 1, inputs: [1376(184MB)]
2019/03/23-11:21:44.414610 7fb9c37fe700 EVENT_LOG_v1 {"time_micros": 1553365304414593, "job": 8, "event": "compaction_started", "compaction_reason": "LevelMaxLevelSize", "files_L1": [1376], "score": 1.30396, "input_data_size": 193227563}
2019/03/23-11:21:45.261682 7fb9c37fe700 [db/compaction_job.cc:1211] [usertable] [JOB 8] Generated table #1435: 16279 keys, 67233562 bytes
2019/03/23-11:21:45.261743 7fb9c37fe700 EVENT_LOG_v1 {"time_micros": 1553365305261714, "cf_name": "usertable", "job": 8, "event": "table_file_creation", "file_number": 1435, "file_size": 67233562, "table_properties": {"data_size": 67120140, "index_size": 300916, "filter_size": 0, "raw_key_size": 390696, "raw_average_key_size": 24, "raw_value_size": 66678784, "raw_average_value_size": 4096, "num_data_blocks": 8140, "num_entries": 16279, "filter_policy_name": "", "kDeletedKeys": "0", "kMergeOperands": "0"}}
2019/03/23-11:21:46.031426 7fb9c37fe700 [db/compaction_job.cc:1211] [usertable] [JOB 8] Generated table #1436: 16279 keys, 67233320 bytes
