2019/03/23-13:21:42.443530 7f4a31fdb700 RocksDB version: 5.14.3
2019/03/23-13:21:42.443590 7f4a31fdb700 Git sha rocksdb_build_git_sha:
2019/03/23-13:21:42.443593 7f4a31fdb700 Compile date Oct  9 2018
2019/03/23-13:21:42.443596 7f4a31fdb700 DB SUMMARY
2019/03/23-13:21:42.444130 7f4a31fdb700 CURRENT file:  CURRENT
2019/03/23-13:21:42.444134 7f4a31fdb700 IDENTITY file:  IDENTITY
2019/03/23-13:21:42.444144 7f4a31fdb700 MANIFEST file:  MANIFEST-000004 size: 131012 Bytes
2019/03/23-13:21:42.444147 7f4a31fdb700 SST files in /mnt/sdg/ycsb-rocksdb-data dir, Total Num: 728, files: 000021.sst 000022.sst 000023.sst 000024.sst 000028.sst 000029.sst 000030.sst 000031.sst 000035.sst 
2019/03/23-13:21:42.444152 7f4a31fdb700 Write Ahead Log file in /mnt/sdg/ycsb-rocksdb-data: 001344.log size: 105651317 ; 001349.log size: 92377023 ; 001350.log size: 719773 ; 
2019/03/23-13:21:42.444180 7f4a31fdb700                         Options.error_if_exists: 0
2019/03/23-13:21:42.444181 7f4a31fdb700                       Options.create_if_missing: 1
2019/03/23-13:21:42.444182 7f4a31fdb700                         Options.paranoid_checks: 1
2019/03/23-13:21:42.444183 7f4a31fdb700                                     Options.env: 0x7f4a31656080
2019/03/23-13:21:42.444184 7f4a31fdb700                                Options.info_log: 0x7f49cc3cfee0
2019/03/23-13:21:42.444185 7f4a31fdb700                Options.max_file_opening_threads: 16
2019/03/23-13:21:42.444186 7f4a31fdb700                              Options.statistics: (nil)
2019/03/23-13:21:42.444187 7f4a31fdb700                               Options.use_fsync: 0
2019/03/23-13:21:42.444188 7f4a31fdb700                       Options.max_log_file_size: 0
2019/03/23-13:21:42.444189 7f4a31fdb700                  Options.max_manifest_file_size: 18446744073709551615
2019/03/23-13:21:42.444190 7f4a31fdb700                   Options.log_file_time_to_roll: 0
2019/03/23-13:21:42.444190 7f4a31fdb700                       Options.keep_log_file_num: 1000
2019/03/23-13:21:42.444191 7f4a31fdb700                    Options.recycle_log_file_num: 0
2019/03/23-13:21:42.444192 7f4a31fdb700                         Options.allow_fallocate: 1
2019/03/23-13:21:42.444193 7f4a31fdb700                        Options.allow_mmap_reads: 0
2019/03/23-13:21:42.444194 7f4a31fdb700                       Options.allow_mmap_writes: 0
2019/03/23-13:21:42.444195 7f4a31fdb700                        Options.use_direct_reads: 0
2019/03/23-13:21:42.444196 7f4a31fdb700                        Options.use_direct_io_for_flush_and_compaction: 0
2019/03/23-13:21:42.444197 7f4a31fdb700          Options.create_missing_column_families: 1
2019/03/23-13:21:42.444198 7f4a31fdb700                              Options.db_log_dir: 
2019/03/23-13:21:42.444199 7f4a31fdb700                                 Options.wal_dir: /mnt/sdg/ycsb-rocksdb-data
2019/03/23-13:21:42.444200 7f4a31fdb700                Options.table_cache_numshardbits: 6
2019/03/23-13:21:42.444200 7f4a31fdb700                      Options.max_subcompactions: 4
2019/03/23-13:21:42.444201 7f4a31fdb700                  Options.max_background_flushes: 24
2019/03/23-13:21:42.444202 7f4a31fdb700                         Options.WAL_ttl_seconds: 0
2019/03/23-13:21:42.444203 7f4a31fdb700                       Options.WAL_size_limit_MB: 0
2019/03/23-13:21:42.444204 7f4a31fdb700             Options.manifest_preallocation_size: 4194304
2019/03/23-13:21:42.444205 7f4a31fdb700                     Options.is_fd_close_on_exec: 1
2019/03/23-13:21:42.444206 7f4a31fdb700                   Options.advise_random_on_open: 1
2019/03/23-13:21:42.444207 7f4a31fdb700                    Options.db_write_buffer_size: 0
2019/03/23-13:21:42.444208 7f4a31fdb700                    Options.write_buffer_manager: 0x7f49cc3cf8d0
2019/03/23-13:21:42.444209 7f4a31fdb700         Options.access_hint_on_compaction_start: 1
2019/03/23-13:21:42.444209 7f4a31fdb700  Options.new_table_reader_for_compaction_inputs: 0
2019/03/23-13:21:42.444210 7f4a31fdb700           Options.random_access_max_buffer_size: 1048576
2019/03/23-13:21:42.444211 7f4a31fdb700                      Options.use_adaptive_mutex: 0
2019/03/23-13:21:42.444225 7f4a31fdb700                            Options.rate_limiter: (nil)
2019/03/23-13:21:42.444228 7f4a31fdb700     Options.sst_file_manager.rate_bytes_per_sec: 0
2019/03/23-13:21:42.444229 7f4a31fdb700                       Options.wal_recovery_mode: 2
2019/03/23-13:21:42.444230 7f4a31fdb700                  Options.enable_thread_tracking: 0
2019/03/23-13:21:42.444231 7f4a31fdb700                  Options.enable_pipelined_write: 1
2019/03/23-13:21:42.444231 7f4a31fdb700         Options.allow_concurrent_memtable_write: 1
2019/03/23-13:21:42.444232 7f4a31fdb700      Options.enable_write_thread_adaptive_yield: 1
2019/03/23-13:21:42.444233 7f4a31fdb700             Options.write_thread_max_yield_usec: 100
2019/03/23-13:21:42.444234 7f4a31fdb700            Options.write_thread_slow_yield_usec: 3
2019/03/23-13:21:42.444235 7f4a31fdb700                               Options.row_cache: None
2019/03/23-13:21:42.444236 7f4a31fdb700                              Options.wal_filter: None
2019/03/23-13:21:42.444237 7f4a31fdb700             Options.avoid_flush_during_recovery: 0
2019/03/23-13:21:42.444238 7f4a31fdb700             Options.allow_ingest_behind: 0
2019/03/23-13:21:42.444238 7f4a31fdb700             Options.preserve_deletes: 0
2019/03/23-13:21:42.444239 7f4a31fdb700             Options.two_write_queues: 0
2019/03/23-13:21:42.444240 7f4a31fdb700             Options.manual_wal_flush: 0
2019/03/23-13:21:42.444242 7f4a31fdb700             Options.max_background_jobs: 24
2019/03/23-13:21:42.444243 7f4a31fdb700             Options.max_background_compactions: 24
2019/03/23-13:21:42.444244 7f4a31fdb700             Options.avoid_flush_during_shutdown: 0
2019/03/23-13:21:42.444245 7f4a31fdb700           Options.writable_file_max_buffer_size: 1048576
2019/03/23-13:21:42.444245 7f4a31fdb700             Options.delayed_write_rate : 16777216
2019/03/23-13:21:42.444246 7f4a31fdb700             Options.max_total_wal_size: 0
2019/03/23-13:21:42.444247 7f4a31fdb700             Options.delete_obsolete_files_period_micros: 21600000000
2019/03/23-13:21:42.444248 7f4a31fdb700                   Options.stats_dump_period_sec: 60
2019/03/23-13:21:42.444249 7f4a31fdb700                          Options.max_open_files: -1
2019/03/23-13:21:42.444250 7f4a31fdb700                          Options.bytes_per_sync: 1048576
2019/03/23-13:21:42.444251 7f4a31fdb700                      Options.wal_bytes_per_sync: 0
2019/03/23-13:21:42.444252 7f4a31fdb700       Options.compaction_readahead_size: 0
2019/03/23-13:21:42.444253 7f4a31fdb700 Compression algorithms supported:
2019/03/23-13:21:42.444254 7f4a31fdb700 	kZSTDNotFinalCompression supported: 1
2019/03/23-13:21:42.444261 7f4a31fdb700 	kZSTD supported: 1
2019/03/23-13:21:42.444262 7f4a31fdb700 	kXpressCompression supported: 0
2019/03/23-13:21:42.444264 7f4a31fdb700 	kLZ4HCCompression supported: 1
2019/03/23-13:21:42.444265 7f4a31fdb700 	kLZ4Compression supported: 1
2019/03/23-13:21:42.444266 7f4a31fdb700 	kBZip2Compression supported: 1
2019/03/23-13:21:42.444267 7f4a31fdb700 	kZlibCompression supported: 1
2019/03/23-13:21:42.444268 7f4a31fdb700 	kSnappyCompression supported: 1
2019/03/23-13:21:42.444271 7f4a31fdb700 Fast CRC32 supported: Not supported on x86
2019/03/23-13:21:42.445544 7f4a31fdb700 [db/version_set.cc:3085] Recovering from manifest file: MANIFEST-000004
2019/03/23-13:21:42.446157 7f4a31fdb700 [db/column_family.cc:475] --------------- Options for column family [default]:
2019/03/23-13:21:42.446162 7f4a31fdb700               Options.comparator: leveldb.BytewiseComparator
2019/03/23-13:21:42.446163 7f4a31fdb700           Options.merge_operator: None
2019/03/23-13:21:42.446164 7f4a31fdb700        Options.compaction_filter: None
2019/03/23-13:21:42.446165 7f4a31fdb700        Options.compaction_filter_factory: None
2019/03/23-13:21:42.446166 7f4a31fdb700         Options.memtable_factory: SkipListFactory
2019/03/23-13:21:42.446167 7f4a31fdb700            Options.table_factory: BlockBasedTable
2019/03/23-13:21:42.446192 7f4a31fdb700            table_factory options:   flush_block_policy_factory: FlushBlockBySizePolicyFactory (0x7f49cc3cc4b0)
  cache_index_and_filter_blocks: 0
  cache_index_and_filter_blocks_with_high_priority: 0
  pin_l0_filter_and_index_blocks_in_cache: 0
  index_type: 0
  hash_index_allow_collision: 1
  checksum: 1
  no_block_cache: 0
  block_cache: 0x7f49cc3be3a0
  block_cache_name: LRUCache
  block_cache_options:
    capacity : 8388608
    num_shard_bits : 4
    strict_capacity_limit : 0
    high_pri_pool_ratio: 0.000
  block_cache_compressed: (nil)
  persistent_cache: (nil)
  block_size: 8192
  block_size_deviation: 10
  block_restart_interval: 16
  index_block_restart_interval: 1
  metadata_block_size: 4096
  partition_filters: 0
  use_delta_encoding: 1
  filter_policy: nullptr
  whole_key_filtering: 1
  verify_compression: 0
  read_amp_bytes_per_bit: 0
  format_version: 2
  enable_index_compression: 1
  block_align: 0
2019/03/23-13:21:42.446211 7f4a31fdb700        Options.write_buffer_size: 134217728
2019/03/23-13:21:42.446213 7f4a31fdb700  Options.max_write_buffer_number: 24
2019/03/23-13:21:42.446215 7f4a31fdb700        Options.compression[0]: NoCompression
2019/03/23-13:21:42.446216 7f4a31fdb700        Options.compression[1]: NoCompression
2019/03/23-13:21:42.446217 7f4a31fdb700        Options.compression[2]: LZ4
2019/03/23-13:21:42.446218 7f4a31fdb700        Options.compression[3]: LZ4
2019/03/23-13:21:42.446220 7f4a31fdb700        Options.compression[4]: LZ4
2019/03/23-13:21:42.446221 7f4a31fdb700        Options.compression[5]: LZ4
2019/03/23-13:21:42.446222 7f4a31fdb700        Options.compression[6]: LZ4
2019/03/23-13:21:42.446223 7f4a31fdb700                  Options.bottommost_compression: Disabled
2019/03/23-13:21:42.446224 7f4a31fdb700       Options.prefix_extractor: nullptr
2019/03/23-13:21:42.446225 7f4a31fdb700   Options.memtable_insert_with_hint_prefix_extractor: nullptr
2019/03/23-13:21:42.446225 7f4a31fdb700             Options.num_levels: 7
2019/03/23-13:21:42.446226 7f4a31fdb700        Options.min_write_buffer_number_to_merge: 2
2019/03/23-13:21:42.446227 7f4a31fdb700     Options.max_write_buffer_number_to_maintain: 0
2019/03/23-13:21:42.446228 7f4a31fdb700            Options.compression_opts.window_bits: -14
2019/03/23-13:21:42.446229 7f4a31fdb700                  Options.compression_opts.level: -1
2019/03/23-13:21:42.446230 7f4a31fdb700               Options.compression_opts.strategy: 0
2019/03/23-13:21:42.446231 7f4a31fdb700         Options.compression_opts.max_dict_bytes: 0
2019/03/23-13:21:42.446232 7f4a31fdb700         Options.compression_opts.zstd_max_train_bytes: 0
2019/03/23-13:21:42.446232 7f4a31fdb700      Options.level0_file_num_compaction_trigger: 2
2019/03/23-13:21:42.446233 7f4a31fdb700          Options.level0_slowdown_writes_trigger: 20
2019/03/23-13:21:42.446234 7f4a31fdb700              Options.level0_stop_writes_trigger: 36
2019/03/23-13:21:42.446235 7f4a31fdb700                   Options.target_file_size_base: 67108864
2019/03/23-13:21:42.446236 7f4a31fdb700             Options.target_file_size_multiplier: 1
2019/03/23-13:21:42.446237 7f4a31fdb700                Options.max_bytes_for_level_base: 536870912
2019/03/23-13:21:42.446238 7f4a31fdb700 Options.level_compaction_dynamic_level_bytes: 0
2019/03/23-13:21:42.446239 7f4a31fdb700          Options.max_bytes_for_level_multiplier: 10.000000
2019/03/23-13:21:42.446242 7f4a31fdb700 Options.max_bytes_for_level_multiplier_addtl[0]: 1
2019/03/23-13:21:42.446243 7f4a31fdb700 Options.max_bytes_for_level_multiplier_addtl[1]: 1
2019/03/23-13:21:42.446244 7f4a31fdb700 Options.max_bytes_for_level_multiplier_addtl[2]: 1
2019/03/23-13:21:42.446245 7f4a31fdb700 Options.max_bytes_for_level_multiplier_addtl[3]: 1
2019/03/23-13:21:42.446246 7f4a31fdb700 Options.max_bytes_for_level_multiplier_addtl[4]: 1
2019/03/23-13:21:42.446246 7f4a31fdb700 Options.max_bytes_for_level_multiplier_addtl[5]: 1
2019/03/23-13:21:42.446247 7f4a31fdb700 Options.max_bytes_for_level_multiplier_addtl[6]: 1
2019/03/23-13:21:42.446248 7f4a31fdb700       Options.max_sequential_skip_in_iterations: 8
2019/03/23-13:21:42.446249 7f4a31fdb700                    Options.max_compaction_bytes: 1677721600
2019/03/23-13:21:42.446256 7f4a31fdb700                        Options.arena_block_size: 16777216
2019/03/23-13:21:42.446258 7f4a31fdb700   Options.soft_pending_compaction_bytes_limit: 68719476736
2019/03/23-13:21:42.446259 7f4a31fdb700   Options.hard_pending_compaction_bytes_limit: 274877906944
2019/03/23-13:21:42.446260 7f4a31fdb700       Options.rate_limit_delay_max_milliseconds: 100
2019/03/23-13:21:42.446261 7f4a31fdb700                Options.disable_auto_compactions: 0
2019/03/23-13:21:42.446262 7f4a31fdb700                        Options.compaction_style: kCompactionStyleLevel
2019/03/23-13:21:42.446264 7f4a31fdb700                          Options.compaction_pri: kByCompensatedSize
2019/03/23-13:21:42.446265 7f4a31fdb700 Options.compaction_options_universal.size_ratio: 1
2019/03/23-13:21:42.446265 7f4a31fdb700 Options.compaction_options_universal.min_merge_width: 2
2019/03/23-13:21:42.446266 7f4a31fdb700 Options.compaction_options_universal.max_merge_width: 4294967295
2019/03/23-13:21:42.446267 7f4a31fdb700 Options.compaction_options_universal.max_size_amplification_percent: 200
2019/03/23-13:21:42.446268 7f4a31fdb700 Options.compaction_options_universal.compression_size_percent: -1
2019/03/23-13:21:42.446269 7f4a31fdb700 Options.compaction_options_universal.stop_style: kCompactionStopStyleTotalSize
2019/03/23-13:21:42.446270 7f4a31fdb700 Options.compaction_options_fifo.max_table_files_size: 1073741824
2019/03/23-13:21:42.446271 7f4a31fdb700 Options.compaction_options_fifo.allow_compaction: 0
2019/03/23-13:21:42.446272 7f4a31fdb700 Options.compaction_options_fifo.ttl: 0
2019/03/23-13:21:42.446273 7f4a31fdb700                   Options.table_properties_collectors: 
2019/03/23-13:21:42.446274 7f4a31fdb700                   Options.inplace_update_support: 0
2019/03/23-13:21:42.446275 7f4a31fdb700                 Options.inplace_update_num_locks: 10000
2019/03/23-13:21:42.446276 7f4a31fdb700               Options.memtable_prefix_bloom_size_ratio: 0.000000
2019/03/23-13:21:42.446277 7f4a31fdb700   Options.memtable_huge_page_size: 0
2019/03/23-13:21:42.446278 7f4a31fdb700                           Options.bloom_locality: 0
2019/03/23-13:21:42.446279 7f4a31fdb700                    Options.max_successive_merges: 0
2019/03/23-13:21:42.446280 7f4a31fdb700                Options.optimize_filters_for_hits: 0
2019/03/23-13:21:42.446280 7f4a31fdb700                Options.paranoid_file_checks: 0
2019/03/23-13:21:42.446281 7f4a31fdb700                Options.force_consistency_checks: 0
2019/03/23-13:21:42.446282 7f4a31fdb700                Options.report_bg_io_stats: 0
2019/03/23-13:21:42.446283 7f4a31fdb700                               Options.ttl: 0
2019/03/23-13:21:42.446724 7f4a31fdb700 [db/column_family.cc:475] --------------- Options for column family [usertable]:
2019/03/23-13:21:42.446727 7f4a31fdb700               Options.comparator: leveldb.BytewiseComparator
2019/03/23-13:21:42.446728 7f4a31fdb700           Options.merge_operator: None
2019/03/23-13:21:42.446729 7f4a31fdb700        Options.compaction_filter: None
2019/03/23-13:21:42.446730 7f4a31fdb700        Options.compaction_filter_factory: None
2019/03/23-13:21:42.446731 7f4a31fdb700         Options.memtable_factory: SkipListFactory
2019/03/23-13:21:42.446732 7f4a31fdb700            Options.table_factory: BlockBasedTable
2019/03/23-13:21:42.446757 7f4a31fdb700            table_factory options:   flush_block_policy_factory: FlushBlockBySizePolicyFactory (0x7f49cc3d0260)
  cache_index_and_filter_blocks: 0
  cache_index_and_filter_blocks_with_high_priority: 0
  pin_l0_filter_and_index_blocks_in_cache: 0
  index_type: 0
  hash_index_allow_collision: 1
  checksum: 1
  no_block_cache: 0
  block_cache: 0x7f49cc3cd700
  block_cache_name: LRUCache
  block_cache_options:
    capacity : 8388608
    num_shard_bits : 4
    strict_capacity_limit : 0
    high_pri_pool_ratio: 0.000
  block_cache_compressed: (nil)
  persistent_cache: (nil)
  block_size: 8192
  block_size_deviation: 10
  block_restart_interval: 16
  index_block_restart_interval: 1
  metadata_block_size: 4096
  partition_filters: 0
  use_delta_encoding: 1
  filter_policy: nullptr
  whole_key_filtering: 1
  verify_compression: 0
  read_amp_bytes_per_bit: 0
  format_version: 2
  enable_index_compression: 1
  block_align: 0
2019/03/23-13:21:42.446771 7f4a31fdb700        Options.write_buffer_size: 134217728
2019/03/23-13:21:42.446773 7f4a31fdb700  Options.max_write_buffer_number: 24
2019/03/23-13:21:42.446774 7f4a31fdb700        Options.compression[0]: NoCompression
2019/03/23-13:21:42.446775 7f4a31fdb700        Options.compression[1]: NoCompression
2019/03/23-13:21:42.446777 7f4a31fdb700        Options.compression[2]: LZ4
2019/03/23-13:21:42.446778 7f4a31fdb700        Options.compression[3]: LZ4
2019/03/23-13:21:42.446779 7f4a31fdb700        Options.compression[4]: LZ4
2019/03/23-13:21:42.446780 7f4a31fdb700        Options.compression[5]: LZ4
2019/03/23-13:21:42.446781 7f4a31fdb700        Options.compression[6]: LZ4
2019/03/23-13:21:42.446782 7f4a31fdb700                  Options.bottommost_compression: Disabled
2019/03/23-13:21:42.446783 7f4a31fdb700       Options.prefix_extractor: nullptr
2019/03/23-13:21:42.446784 7f4a31fdb700   Options.memtable_insert_with_hint_prefix_extractor: nullptr
2019/03/23-13:21:42.446785 7f4a31fdb700             Options.num_levels: 7
2019/03/23-13:21:42.446785 7f4a31fdb700        Options.min_write_buffer_number_to_merge: 2
2019/03/23-13:21:42.446786 7f4a31fdb700     Options.max_write_buffer_number_to_maintain: 0
2019/03/23-13:21:42.446787 7f4a31fdb700            Options.compression_opts.window_bits: -14
2019/03/23-13:21:42.446788 7f4a31fdb700                  Options.compression_opts.level: -1
2019/03/23-13:21:42.446789 7f4a31fdb700               Options.compression_opts.strategy: 0
2019/03/23-13:21:42.446790 7f4a31fdb700         Options.compression_opts.max_dict_bytes: 0
2019/03/23-13:21:42.446791 7f4a31fdb700         Options.compression_opts.zstd_max_train_bytes: 0
2019/03/23-13:21:42.446791 7f4a31fdb700      Options.level0_file_num_compaction_trigger: 2
2019/03/23-13:21:42.446792 7f4a31fdb700          Options.level0_slowdown_writes_trigger: 20
2019/03/23-13:21:42.446793 7f4a31fdb700              Options.level0_stop_writes_trigger: 36
2019/03/23-13:21:42.446794 7f4a31fdb700                   Options.target_file_size_base: 67108864
2019/03/23-13:21:42.446795 7f4a31fdb700             Options.target_file_size_multiplier: 1
2019/03/23-13:21:42.446796 7f4a31fdb700                Options.max_bytes_for_level_base: 536870912
2019/03/23-13:21:42.446796 7f4a31fdb700 Options.level_compaction_dynamic_level_bytes: 0
2019/03/23-13:21:42.446797 7f4a31fdb700          Options.max_bytes_for_level_multiplier: 10.000000
2019/03/23-13:21:42.446799 7f4a31fdb700 Options.max_bytes_for_level_multiplier_addtl[0]: 1
2019/03/23-13:21:42.446801 7f4a31fdb700 Options.max_bytes_for_level_multiplier_addtl[1]: 1
2019/03/23-13:21:42.446801 7f4a31fdb700 Options.max_bytes_for_level_multiplier_addtl[2]: 1
2019/03/23-13:21:42.446802 7f4a31fdb700 Options.max_bytes_for_level_multiplier_addtl[3]: 1
2019/03/23-13:21:42.446803 7f4a31fdb700 Options.max_bytes_for_level_multiplier_addtl[4]: 1
2019/03/23-13:21:42.446804 7f4a31fdb700 Options.max_bytes_for_level_multiplier_addtl[5]: 1
2019/03/23-13:21:42.446805 7f4a31fdb700 Options.max_bytes_for_level_multiplier_addtl[6]: 1
2019/03/23-13:21:42.446806 7f4a31fdb700       Options.max_sequential_skip_in_iterations: 8
2019/03/23-13:21:42.446807 7f4a31fdb700                    Options.max_compaction_bytes: 1677721600
2019/03/23-13:21:42.446807 7f4a31fdb700                        Options.arena_block_size: 16777216
2019/03/23-13:21:42.446808 7f4a31fdb700   Options.soft_pending_compaction_bytes_limit: 68719476736
2019/03/23-13:21:42.446809 7f4a31fdb700   Options.hard_pending_compaction_bytes_limit: 274877906944
2019/03/23-13:21:42.446810 7f4a31fdb700       Options.rate_limit_delay_max_milliseconds: 100
2019/03/23-13:21:42.446811 7f4a31fdb700                Options.disable_auto_compactions: 0
2019/03/23-13:21:42.446812 7f4a31fdb700                        Options.compaction_style: kCompactionStyleLevel
2019/03/23-13:21:42.446819 7f4a31fdb700                          Options.compaction_pri: kByCompensatedSize
2019/03/23-13:21:42.446820 7f4a31fdb700 Options.compaction_options_universal.size_ratio: 1
2019/03/23-13:21:42.446821 7f4a31fdb700 Options.compaction_options_universal.min_merge_width: 2
2019/03/23-13:21:42.446822 7f4a31fdb700 Options.compaction_options_universal.max_merge_width: 4294967295
2019/03/23-13:21:42.446823 7f4a31fdb700 Options.compaction_options_universal.max_size_amplification_percent: 200
2019/03/23-13:21:42.446824 7f4a31fdb700 Options.compaction_options_universal.compression_size_percent: -1
2019/03/23-13:21:42.446825 7f4a31fdb700 Options.compaction_options_universal.stop_style: kCompactionStopStyleTotalSize
2019/03/23-13:21:42.446826 7f4a31fdb700 Options.compaction_options_fifo.max_table_files_size: 1073741824
2019/03/23-13:21:42.446827 7f4a31fdb700 Options.compaction_options_fifo.allow_compaction: 0
2019/03/23-13:21:42.446828 7f4a31fdb700 Options.compaction_options_fifo.ttl: 0
2019/03/23-13:21:42.446828 7f4a31fdb700                   Options.table_properties_collectors: 
2019/03/23-13:21:42.446829 7f4a31fdb700                   Options.inplace_update_support: 0
2019/03/23-13:21:42.446830 7f4a31fdb700                 Options.inplace_update_num_locks: 10000
2019/03/23-13:21:42.446831 7f4a31fdb700               Options.memtable_prefix_bloom_size_ratio: 0.000000
2019/03/23-13:21:42.446832 7f4a31fdb700   Options.memtable_huge_page_size: 0
2019/03/23-13:21:42.446833 7f4a31fdb700                           Options.bloom_locality: 0
2019/03/23-13:21:42.446834 7f4a31fdb700                    Options.max_successive_merges: 0
2019/03/23-13:21:42.446835 7f4a31fdb700                Options.optimize_filters_for_hits: 0
2019/03/23-13:21:42.446836 7f4a31fdb700                Options.paranoid_file_checks: 0
2019/03/23-13:21:42.446837 7f4a31fdb700                Options.force_consistency_checks: 0
2019/03/23-13:21:42.446838 7f4a31fdb700                Options.report_bg_io_stats: 0
2019/03/23-13:21:42.446838 7f4a31fdb700                               Options.ttl: 0
2019/03/23-13:21:42.995864 7f4a31fdb700 [db/version_set.cc:3361] Recovered from manifest file:/mnt/sdg/ycsb-rocksdb-data/MANIFEST-000004 succeeded,manifest_file_number is 4, next_file_number is 1350, last_sequence is 10411017, log_number is 0,prev_log_number is 0,max_column_family is 1,min_log_number_to_keep is 0
2019/03/23-13:21:42.995877 7f4a31fdb700 [db/version_set.cc:3369] Column family [default] (ID 0), log number is 0
2019/03/23-13:21:42.995880 7f4a31fdb700 [db/version_set.cc:3369] Column family [usertable] (ID 1), log number is 1344
2019/03/23-13:21:42.997947 7f4a31fdb700 EVENT_LOG_v1 {"time_micros": 1553372502997926, "job": 1, "event": "recovery_started", "log_files": [1344, 1349, 1350]}
2019/03/23-13:21:42.997957 7f4a31fdb700 [db/db_impl_open.cc:551] Recovering log #1344 mode 2
2019/03/23-13:21:43.314147 7f4a31fdb700 [db/db_impl_open.cc:551] Recovering log #1349 mode 2
2019/03/23-13:21:43.918169 7f4a31fdb700 EVENT_LOG_v1 {"time_micros": 1553372503918130, "cf_name": "usertable", "job": 1, "event": "table_file_creation", "file_number": 1350, "file_size": 129895353, "table_properties": {"data_size": 129317909, "index_size": 576522, "filter_size": 0, "raw_key_size": 752760, "raw_average_key_size": 24, "raw_value_size": 128471040, "raw_average_value_size": 4096, "num_data_blocks": 15683, "num_entries": 31365, "filter_policy_name": "", "kDeletedKeys": "0", "kMergeOperands": "0"}}
2019/03/23-13:21:44.132306 7f4a31fdb700 [db/db_impl_open.cc:551] Recovering log #1350 mode 2
2019/03/23-13:21:44.136163 7f4a31fdb700 [db/version_set.cc:2847] Creating manifest 1352
2019/03/23-13:21:44.604144 7f4a31fdb700 EVENT_LOG_v1 {"time_micros": 1553372504604112, "cf_name": "usertable", "job": 1, "event": "table_file_creation", "file_number": 1353, "file_size": 69082731, "table_properties": {"data_size": 68773493, "index_size": 308316, "filter_size": 0, "raw_key_size": 400320, "raw_average_key_size": 24, "raw_value_size": 68321280, "raw_average_value_size": 4096, "num_data_blocks": 8340, "num_entries": 16680, "filter_policy_name": "", "kDeletedKeys": "0", "kMergeOperands": "0"}}
2019/03/23-13:21:44.679203 7f4a31fdb700 EVENT_LOG_v1 {"time_micros": 1553372504679190, "job": 1, "event": "recovery_finished"}
2019/03/23-13:21:44.900256 7f4a31fdb700 [db/db_impl_open.cc:1219] DB pointer 0x7f49cc3caec0
2019/03/23-13:21:44.900572 7f495ffff700 [WARN] [db/db_impl.cc:491] ------- DUMPING STATS -------
2019/03/23-13:21:44.900618 7f495ffff700 [WARN] [db/db_impl.cc:492] 
** DB Stats **
Uptime(secs): 2.5 total, 2.5 interval
Cumulative writes: 0 writes, 0 keys, 0 commit groups, 0.0 writes per commit group, ingest: 0.00 GB, 0.00 MB/s
Cumulative WAL: 0 writes, 0 syncs, 0.00 writes per sync, written: 0.00 GB, 0.00 MB/s
Cumulative stall: 00:00:0.000 H:M:S, 0.0 percent
Interval writes: 0 writes, 0 keys, 0 commit groups, 0.0 writes per commit group, ingest: 0.00 MB, 0.00 MB/s
Interval WAL: 0 writes, 0 syncs, 0.00 writes per sync, written: 0.00 MB, 0.00 MB/s
Interval stall: 00:00:0.000 H:M:S, 0.0 percent

** Compaction Stats [default] **
Level    Files   Size     Score Read(GB)  Rn(GB) Rnp1(GB) Write(GB) Wnew(GB) Moved(GB) W-Amp Rd(MB/s) Wr(MB/s) Comp(sec) Comp(cnt) Avg(sec) KeyIn KeyDrop
----------------------------------------------------------------------------------------------------------------------------------------------------------
 Sum      0/0    0.00 KB   0.0      0.0     0.0      0.0       0.0      0.0       0.0   0.0      0.0      0.0         0         0    0.000       0      0
 Int      0/0    0.00 KB   0.0      0.0     0.0      0.0       0.0      0.0       0.0   0.0      0.0      0.0         0         0    0.000       0      0
Uptime(secs): 2.5 total, 2.5 interval
Flush(GB): cumulative 0.000, interval 0.000
AddFile(GB): cumulative 0.000, interval 0.000
AddFile(Total Files): cumulative 0, interval 0
AddFile(L0 Files): cumulative 0, interval 0
AddFile(Keys): cumulative 0, interval 0
Cumulative compaction: 0.00 GB write, 0.00 MB/s write, 0.00 GB read, 0.00 MB/s read, 0.0 seconds
Interval compaction: 0.00 GB write, 0.00 MB/s write, 0.00 GB read, 0.00 MB/s read, 0.0 seconds
Stalls(count): 0 level0_slowdown, 0 level0_slowdown_with_compaction, 0 level0_numfiles, 0 level0_numfiles_with_compaction, 0 stop for pending_compaction_bytes, 0 slowdown for pending_compaction_bytes, 0 memtable_compaction, 0 memtable_slowdown, interval 0 total count

** File Read Latency Histogram By Level [default] **

** Compaction Stats [usertable] **
Level    Files   Size     Score Read(GB)  Rn(GB) Rnp1(GB) Write(GB) Wnew(GB) Moved(GB) W-Amp Rd(MB/s) Wr(MB/s) Comp(sec) Comp(cnt) Avg(sec) KeyIn KeyDrop
----------------------------------------------------------------------------------------------------------------------------------------------------------
  L0      3/0   372.50 MB   1.5      0.0     0.0      0.0       0.2      0.2       0.0   1.0      0.0    201.2         1         2    0.471       0      0
  L1      8/0   443.77 MB   0.9      0.0     0.0      0.0       0.0      0.0       0.0   0.0      0.0      0.0         0         0    0.000       0      0
  L2    169/0    4.94 GB   1.0      0.0     0.0      0.0       0.0      0.0       0.0   0.0      0.0      0.0         0         0    0.000       0      0
  L3    550/0   34.44 GB   0.7      0.0     0.0      0.0       0.0      0.0       0.0   0.0      0.0      0.0         0         0    0.000       0      0
 Sum    730/0   40.18 GB   0.0      0.0     0.0      0.0       0.2      0.2       0.0   1.0      0.0    201.2         1         2    0.471       0      0
 Int      0/0    0.00 KB   0.0      0.0     0.0      0.0       0.2      0.2       0.0   1.0      0.0    201.2         1         2    0.471       0      0
Uptime(secs): 2.5 total, 2.5 interval
Flush(GB): cumulative 0.185, interval 0.185
AddFile(GB): cumulative 0.000, interval 0.000
AddFile(Total Files): cumulative 0, interval 0
AddFile(L0 Files): cumulative 0, interval 0
AddFile(Keys): cumulative 0, interval 0
Cumulative compaction: 0.19 GB write, 77.33 MB/s write, 0.00 GB read, 0.00 MB/s read, 0.9 seconds
Interval compaction: 0.19 GB write, 77.33 MB/s write, 0.00 GB read, 0.00 MB/s read, 0.9 seconds
Stalls(count): 0 level0_slowdown, 0 level0_slowdown_with_compaction, 0 level0_numfiles, 0 level0_numfiles_with_compaction, 0 stop for pending_compaction_bytes, 0 slowdown for pending_compaction_bytes, 0 memtable_compaction, 0 memtable_slowdown, interval 0 total count

** File Read Latency Histogram By Level [usertable] **

** Compaction Stats [default] **
Level    Files   Size     Score Read(GB)  Rn(GB) Rnp1(GB) Write(GB) Wnew(GB) Moved(GB) W-Amp Rd(MB/s) Wr(MB/s) Comp(sec) Comp(cnt) Avg(sec) KeyIn KeyDrop
----------------------------------------------------------------------------------------------------------------------------------------------------------
 Sum      0/0    0.00 KB   0.0      0.0     0.0      0.0       0.0      0.0       0.0   0.0      0.0      0.0         0         0    0.000       0      0
 Int      0/0    0.00 KB   0.0      0.0     0.0      0.0       0.0      0.0       0.0   0.0      0.0      0.0         0         0    0.000       0      0
Uptime(secs): 2.5 total, 0.0 interval
Flush(GB): cumulative 0.000, interval 0.000
AddFile(GB): cumulative 0.000, interval 0.000
AddFile(Total Files): cumulative 0, interval 0
AddFile(L0 Files): cumulative 0, interval 0
AddFile(Keys): cumulative 0, interval 0
Cumulative compaction: 0.00 GB write, 0.00 MB/s write, 0.00 GB read, 0.00 MB/s read, 0.0 seconds
Interval compaction: 0.00 GB write, 0.00 MB/s write, 0.00 GB read, 0.00 MB/s read, 0.0 seconds
Stalls(count): 0 level0_slowdown, 0 level0_slowdown_with_compaction, 0 level0_numfiles, 0 level0_numfiles_with_compaction, 0 stop for pending_compaction_bytes, 0 slowdown for pending_compaction_bytes, 0 memtable_compaction, 0 memtable_slowdown, interval 0 total count

** File Read Latency Histogram By Level [default] **

** Compaction Stats [usertable] **
Level    Files   Size     Score Read(GB)  Rn(GB) Rnp1(GB) Write(GB) Wnew(GB) Moved(GB) W-Amp Rd(MB/s) Wr(MB/s) Comp(sec) Comp(cnt) Avg(sec) KeyIn KeyDrop
----------------------------------------------------------------------------------------------------------------------------------------------------------
  L0      3/0   372.50 MB   1.5      0.0     0.0      0.0       0.2      0.2       0.0   1.0      0.0    201.2         1         2    0.471       0      0
  L1      8/0   443.77 MB   0.9      0.0     0.0      0.0       0.0      0.0       0.0   0.0      0.0      0.0         0         0    0.000       0      0
  L2    169/0    4.94 GB   1.0      0.0     0.0      0.0       0.0      0.0       0.0   0.0      0.0      0.0         0         0    0.000       0      0
  L3    550/0   34.44 GB   0.7      0.0     0.0      0.0       0.0      0.0       0.0   0.0      0.0      0.0         0         0    0.000       0      0
 Sum    730/0   40.18 GB   0.0      0.0     0.0      0.0       0.2      0.2       0.0   1.0      0.0    201.2         1         2    0.471       0      0
 Int      0/0    0.00 KB   0.0      0.0     0.0      0.0       0.0      0.0       0.0   0.0      0.0      0.0         0         0    0.000       0      0
Uptime(secs): 2.5 total, 0.0 interval
Flush(GB): cumulative 0.185, interval 0.000
AddFile(GB): cumulative 0.000, interval 0.000
AddFile(Total Files): cumulative 0, interval 0
AddFile(L0 Files): cumulative 0, interval 0
AddFile(Keys): cumulative 0, interval 0
Cumulative compaction: 0.19 GB write, 77.33 MB/s write, 0.00 GB read, 0.00 MB/s read, 0.9 seconds
Interval compaction: 0.00 GB write, 0.00 MB/s write, 0.00 GB read, 0.00 MB/s read, 0.0 seconds
Stalls(count): 0 level0_slowdown, 0 level0_slowdown_with_compaction, 0 level0_numfiles, 0 level0_numfiles_with_compaction, 0 stop for pending_compaction_bytes, 0 slowdown for pending_compaction_bytes, 0 memtable_compaction, 0 memtable_slowdown, interval 0 total count

** File Read Latency Histogram By Level [usertable] **
2019/03/23-13:21:45.005269 7f495ffff700 (Original Log Time 2019/03/23-13:21:44.900758) [db/db_impl_compaction_flush.cc:1835] [usertable] Moving #1277 to level-1 191614445 bytes
2019/03/23-13:21:45.005274 7f495ffff700 (Original Log Time 2019/03/23-13:21:45.005175) EVENT_LOG_v1 {"time_micros": 1553372505005163, "job": 3, "event": "trivial_move", "destination_level": 1, "files": 1, "total_files_size": 191614445}
2019/03/23-13:21:45.005276 7f495ffff700 (Original Log Time 2019/03/23-13:21:45.005187) [db/db_impl_compaction_flush.cc:1864] [usertable] Moved #1 files to level-1 191614445 bytes OK: base level 1 max bytes base 536870912 files[2 9 169 550 0 0 0] max score 1.22
2019/03/23-13:21:45.005361 7f495ffff700 [db/compaction_job.cc:1531] [usertable] [JOB 4] Compacting 1@1 files to L2, score 1.22
2019/03/23-13:21:45.005368 7f495ffff700 [db/compaction_job.cc:1535] [usertable] Compaction start summary: Base version 6 Base level 1, inputs: [1277(182MB)]
2019/03/23-13:21:45.005391 7f495ffff700 EVENT_LOG_v1 {"time_micros": 1553372505005374, "job": 4, "event": "compaction_started", "compaction_reason": "LevelMaxLevelSize", "files_L1": [1277], "score": 1.22364, "input_data_size": 191614445}
2019/03/23-13:21:46.348700 7f495ffff700 [db/compaction_job.cc:1211] [usertable] [JOB 4] Generated table #1357: 16279 keys, 67233328 bytes
2019/03/23-13:21:46.348740 7f495ffff700 EVENT_LOG_v1 {"time_micros": 1553372506348723, "cf_name": "usertable", "job": 4, "event": "table_file_creation", "file_number": 1357, "file_size": 67233328, "table_properties": {"data_size": 67118331, "index_size": 299107, "filter_size": 0, "raw_key_size": 390696, "raw_average_key_size": 24, "raw_value_size": 66678784, "raw_average_value_size": 4096, "num_data_blocks": 8140, "num_entries": 16279, "filter_policy_name": "", "kDeletedKeys": "0", "kMergeOperands": "0"}}
2019/03/23-13:21:47.056555 7f495ffff700 [db/compaction_job.cc:1211] [usertable] [JOB 4] Generated table #1358: 16279 keys, 67233533 bytes
2019/03/23-13:21:47.056595 7f495ffff700 EVENT_LOG_v1 {"time_micros": 1553372507056577, "cf_name": "usertable", "job": 4, "event": "table_file_creation", "file_number": 1358, "file_size": 67233533, "table_properties": {"data_size": 67120139, "index_size": 300916, "filter_size": 0, "raw_key_size": 390696, "raw_average_key_size": 24, "raw_value_size": 66678784, "raw_average_value_size": 4096, "num_data_blocks": 8140, "num_entries": 16279, "filter_policy_name": "", "kDeletedKeys": "0", "kMergeOperands": "0"}}
2019/03/23-13:21:47.709228 7f495ffff700 [db/compaction_job.cc:1211] [usertable] [JOB 4] Generated table #1359: 13710 keys, 56623344 bytes
2019/03/23-13:21:47.709258 7f495ffff700 EVENT_LOG_v1 {"time_micros": 1553372507709243, "cf_name": "usertable", "job": 4, "event": "table_file_creation", "file_number": 1359, "file_size": 56623344, "table_properties": {"data_size": 56526330, "index_size": 251848, "filter_size": 0, "raw_key_size": 329040, "raw_average_key_size": 24, "raw_value_size": 56156160, "raw_average_value_size": 4096, "num_data_blocks": 6855, "num_entries": 13710, "filter_policy_name": "", "kDeletedKeys": "0", "kMergeOperands": "0"}}
2019/03/23-13:21:47.709314 7f495ffff700 [db/compaction_job.cc:1287] [usertable] [JOB 4] Compacted 1@1 files to L2 => 191090205 bytes
2019/03/23-13:21:47.824484 7f495ffff700 (Original Log Time 2019/03/23-13:21:47.824357) [db/compaction_job.cc:685] [usertable] compacted to: base level 1 max bytes base 536870912 files[2 8 172 550 0 0 0] max score 1.02, MB/sec: 70.9 rd, 70.7 wr, level 2, files in(1, 0) out(3) MB in(182.7, 0.0) out(182.2), read-write-amplify(2.0) write-amplify(1.0) OK, records in: 46268, records dropped: 0 output_compression: LZ4
2019/03/23-13:21:47.824492 7f495ffff700 (Original Log Time 2019/03/23-13:21:47.824404) EVENT_LOG_v1 {"time_micros": 1553372507824388, "job": 4, "event": "compaction_finished", "compaction_time_micros": 2703890, "output_level": 2, "num_output_files": 3, "total_output_size": 191090205, "num_input_records": 46268, "num_output_records": 46268, "num_subcompactions": 1, "output_compression": "LZ4", "num_single_delete_mismatches": 0, "num_single_delete_fallthrough": 0, "lsm_state": [2, 8, 172, 550, 0, 0, 0]}
2019/03/23-13:21:47.855766 7f495ffff700 (Original Log Time 2019/03/23-13:21:47.824675) [db/db_impl_compaction_flush.cc:1835] [usertable] Moving #1358 to level-3 67233533 bytes
2019/03/23-13:21:47.855771 7f495ffff700 (Original Log Time 2019/03/23-13:21:47.855709) EVENT_LOG_v1 {"time_micros": 1553372507855700, "job": 5, "event": "trivial_move", "destination_level": 3, "files": 1, "total_files_size": 67233533}
2019/03/23-13:21:47.855773 7f495ffff700 (Original Log Time 2019/03/23-13:21:47.855724) [db/db_impl_compaction_flush.cc:1864] [usertable] Moved #1 files to level-3 67233533 bytes OK: base level 1 max bytes base 536870912 files[2 8 171 551 0 0 0] max score 1.01
2019/03/23-13:21:47.875861 7f495ffff700 EVENT_LOG_v1 {"time_micros": 1553372507875853, "job": 5, "event": "table_file_deletion", "file_number": 1277}
2019/03/23-13:21:47.907758 7f49bf7fe700 (Original Log Time 2019/03/23-13:21:47.876008) [db/db_impl_compaction_flush.cc:1835] [usertable] Moving #1357 to level-3 67233328 bytes
2019/03/23-13:21:47.907765 7f49bf7fe700 (Original Log Time 2019/03/23-13:21:47.907615) EVENT_LOG_v1 {"time_micros": 1553372507907605, "job": 6, "event": "trivial_move", "destination_level": 3, "files": 1, "total_files_size": 67233328}
2019/03/23-13:21:47.907768 7f49bf7fe700 (Original Log Time 2019/03/23-13:21:47.907648) [db/db_impl_compaction_flush.cc:1864] [usertable] Moved #1 files to level-3 67233328 bytes OK: base level 1 max bytes base 536870912 files[2 8 170 552 0 0 0] max score 1.00
2019/03/23-13:21:47.941738 7f49bf7fe700 (Original Log Time 2019/03/23-13:21:47.907974) [db/db_impl_compaction_flush.cc:1835] [usertable] Moving #1350 to level-1 129895353 bytes
2019/03/23-13:21:47.941743 7f49bf7fe700 (Original Log Time 2019/03/23-13:21:47.941661) EVENT_LOG_v1 {"time_micros": 1553372507941652, "job": 7, "event": "trivial_move", "destination_level": 1, "files": 1, "total_files_size": 129895353}
2019/03/23-13:21:47.941745 7f49bf7fe700 (Original Log Time 2019/03/23-13:21:47.941676) [db/db_impl_compaction_flush.cc:1864] [usertable] Moved #1 files to level-1 129895353 bytes OK: base level 1 max bytes base 536870912 files[1 9 170 552 0 0 0] max score 1.11
2019/03/23-13:21:47.941952 7f49bf7fe700 [db/compaction_job.cc:1531] [usertable] [JOB 8] Compacting 1@1 files to L2, score 1.11
2019/03/23-13:21:47.941961 7f49bf7fe700 [db/compaction_job.cc:1535] [usertable] Compaction start summary: Base version 10 Base level 1, inputs: [1350(123MB)]
2019/03/23-13:21:47.941984 7f49bf7fe700 EVENT_LOG_v1 {"time_micros": 1553372507941969, "job": 8, "event": "compaction_started", "compaction_reason": "LevelMaxLevelSize", "files_L1": [1350], "score": 1.10868, "input_data_size": 129895353}
2019/03/23-13:21:48.377369 7f49bf7fe700 [db/compaction_job.cc:1211] [usertable] [JOB 8] Generated table #1360: 16279 keys, 67233353 bytes
