2019/03/23-12:27:33.656161 7fc4cd6eb700 RocksDB version: 5.14.3
2019/03/23-12:27:33.656232 7fc4cd6eb700 Git sha rocksdb_build_git_sha:
2019/03/23-12:27:33.656235 7fc4cd6eb700 Compile date Oct  9 2018
2019/03/23-12:27:33.656240 7fc4cd6eb700 DB SUMMARY
2019/03/23-12:27:33.656268 7fc4cd6eb700 SST files in /mnt/sdg/ycsb-rocksdb-data dir, Total Num: 0, files: 
2019/03/23-12:27:33.656273 7fc4cd6eb700 Write Ahead Log file in /mnt/sdg/ycsb-rocksdb-data: 
2019/03/23-12:27:33.656276 7fc4cd6eb700                         Options.error_if_exists: 0
2019/03/23-12:27:33.656278 7fc4cd6eb700                       Options.create_if_missing: 1
2019/03/23-12:27:33.656279 7fc4cd6eb700                         Options.paranoid_checks: 1
2019/03/23-12:27:33.656279 7fc4cd6eb700                                     Options.env: 0x7fc4ccd66080
2019/03/23-12:27:33.656280 7fc4cd6eb700                                Options.info_log: 0x7fc3dc3b4c00
2019/03/23-12:27:33.656281 7fc4cd6eb700                Options.max_file_opening_threads: 16
2019/03/23-12:27:33.656282 7fc4cd6eb700                              Options.statistics: (nil)
2019/03/23-12:27:33.656284 7fc4cd6eb700                               Options.use_fsync: 0
2019/03/23-12:27:33.656284 7fc4cd6eb700                       Options.max_log_file_size: 0
2019/03/23-12:27:33.656285 7fc4cd6eb700                  Options.max_manifest_file_size: 18446744073709551615
2019/03/23-12:27:33.656286 7fc4cd6eb700                   Options.log_file_time_to_roll: 0
2019/03/23-12:27:33.656287 7fc4cd6eb700                       Options.keep_log_file_num: 1000
2019/03/23-12:27:33.656288 7fc4cd6eb700                    Options.recycle_log_file_num: 0
2019/03/23-12:27:33.656289 7fc4cd6eb700                         Options.allow_fallocate: 1
2019/03/23-12:27:33.656290 7fc4cd6eb700                        Options.allow_mmap_reads: 0
2019/03/23-12:27:33.656291 7fc4cd6eb700                       Options.allow_mmap_writes: 0
2019/03/23-12:27:33.656291 7fc4cd6eb700                        Options.use_direct_reads: 0
2019/03/23-12:27:33.656293 7fc4cd6eb700                        Options.use_direct_io_for_flush_and_compaction: 0
2019/03/23-12:27:33.656294 7fc4cd6eb700          Options.create_missing_column_families: 1
2019/03/23-12:27:33.656295 7fc4cd6eb700                              Options.db_log_dir: 
2019/03/23-12:27:33.656295 7fc4cd6eb700                                 Options.wal_dir: /mnt/sdg/ycsb-rocksdb-data
2019/03/23-12:27:33.656296 7fc4cd6eb700                Options.table_cache_numshardbits: 6
2019/03/23-12:27:33.656297 7fc4cd6eb700                      Options.max_subcompactions: 4
2019/03/23-12:27:33.656298 7fc4cd6eb700                  Options.max_background_flushes: 24
2019/03/23-12:27:33.656299 7fc4cd6eb700                         Options.WAL_ttl_seconds: 0
2019/03/23-12:27:33.656300 7fc4cd6eb700                       Options.WAL_size_limit_MB: 0
2019/03/23-12:27:33.656301 7fc4cd6eb700             Options.manifest_preallocation_size: 4194304
2019/03/23-12:27:33.656302 7fc4cd6eb700                     Options.is_fd_close_on_exec: 1
2019/03/23-12:27:33.656303 7fc4cd6eb700                   Options.advise_random_on_open: 1
2019/03/23-12:27:33.656304 7fc4cd6eb700                    Options.db_write_buffer_size: 0
2019/03/23-12:27:33.656305 7fc4cd6eb700                    Options.write_buffer_manager: 0x7fc3dc3a6a30
2019/03/23-12:27:33.656305 7fc4cd6eb700         Options.access_hint_on_compaction_start: 1
2019/03/23-12:27:33.656306 7fc4cd6eb700  Options.new_table_reader_for_compaction_inputs: 0
2019/03/23-12:27:33.656307 7fc4cd6eb700           Options.random_access_max_buffer_size: 1048576
2019/03/23-12:27:33.656308 7fc4cd6eb700                      Options.use_adaptive_mutex: 0
2019/03/23-12:27:33.656309 7fc4cd6eb700                            Options.rate_limiter: (nil)
2019/03/23-12:27:33.656311 7fc4cd6eb700     Options.sst_file_manager.rate_bytes_per_sec: 0
2019/03/23-12:27:33.656312 7fc4cd6eb700                       Options.wal_recovery_mode: 2
2019/03/23-12:27:33.656313 7fc4cd6eb700                  Options.enable_thread_tracking: 0
2019/03/23-12:27:33.656313 7fc4cd6eb700                  Options.enable_pipelined_write: 1
2019/03/23-12:27:33.656323 7fc4cd6eb700         Options.allow_concurrent_memtable_write: 1
2019/03/23-12:27:33.656324 7fc4cd6eb700      Options.enable_write_thread_adaptive_yield: 1
2019/03/23-12:27:33.656325 7fc4cd6eb700             Options.write_thread_max_yield_usec: 100
2019/03/23-12:27:33.656326 7fc4cd6eb700            Options.write_thread_slow_yield_usec: 3
2019/03/23-12:27:33.656327 7fc4cd6eb700                               Options.row_cache: None
2019/03/23-12:27:33.656328 7fc4cd6eb700                              Options.wal_filter: None
2019/03/23-12:27:33.656329 7fc4cd6eb700             Options.avoid_flush_during_recovery: 0
2019/03/23-12:27:33.656330 7fc4cd6eb700             Options.allow_ingest_behind: 0
2019/03/23-12:27:33.656331 7fc4cd6eb700             Options.preserve_deletes: 0
2019/03/23-12:27:33.656331 7fc4cd6eb700             Options.two_write_queues: 0
2019/03/23-12:27:33.656332 7fc4cd6eb700             Options.manual_wal_flush: 0
2019/03/23-12:27:33.656335 7fc4cd6eb700             Options.max_background_jobs: 24
2019/03/23-12:27:33.656336 7fc4cd6eb700             Options.max_background_compactions: 24
2019/03/23-12:27:33.656336 7fc4cd6eb700             Options.avoid_flush_during_shutdown: 0
2019/03/23-12:27:33.656337 7fc4cd6eb700           Options.writable_file_max_buffer_size: 1048576
2019/03/23-12:27:33.656338 7fc4cd6eb700             Options.delayed_write_rate : 16777216
2019/03/23-12:27:33.656339 7fc4cd6eb700             Options.max_total_wal_size: 0
2019/03/23-12:27:33.656340 7fc4cd6eb700             Options.delete_obsolete_files_period_micros: 21600000000
2019/03/23-12:27:33.656341 7fc4cd6eb700                   Options.stats_dump_period_sec: 60
2019/03/23-12:27:33.656342 7fc4cd6eb700                          Options.max_open_files: -1
2019/03/23-12:27:33.656343 7fc4cd6eb700                          Options.bytes_per_sync: 1048576
2019/03/23-12:27:33.656344 7fc4cd6eb700                      Options.wal_bytes_per_sync: 0
2019/03/23-12:27:33.656345 7fc4cd6eb700       Options.compaction_readahead_size: 0
2019/03/23-12:27:33.656346 7fc4cd6eb700 Compression algorithms supported:
2019/03/23-12:27:33.656348 7fc4cd6eb700 	kZSTDNotFinalCompression supported: 1
2019/03/23-12:27:33.656357 7fc4cd6eb700 	kZSTD supported: 1
2019/03/23-12:27:33.656358 7fc4cd6eb700 	kXpressCompression supported: 0
2019/03/23-12:27:33.656360 7fc4cd6eb700 	kLZ4HCCompression supported: 1
2019/03/23-12:27:33.656361 7fc4cd6eb700 	kLZ4Compression supported: 1
2019/03/23-12:27:33.656363 7fc4cd6eb700 	kBZip2Compression supported: 1
2019/03/23-12:27:33.656364 7fc4cd6eb700 	kZlibCompression supported: 1
2019/03/23-12:27:33.656365 7fc4cd6eb700 	kSnappyCompression supported: 1
2019/03/23-12:27:33.656370 7fc4cd6eb700 Fast CRC32 supported: Not supported on x86
2019/03/23-12:27:33.656471 7fc4cd6eb700 [db/db_impl_open.cc:222] Creating manifest 1 
2019/03/23-12:27:33.754565 7fc4cd6eb700 [db/version_set.cc:3085] Recovering from manifest file: MANIFEST-000001
2019/03/23-12:27:33.754689 7fc4cd6eb700 [db/column_family.cc:475] --------------- Options for column family [default]:
2019/03/23-12:27:33.754694 7fc4cd6eb700               Options.comparator: leveldb.BytewiseComparator
2019/03/23-12:27:33.754696 7fc4cd6eb700           Options.merge_operator: None
2019/03/23-12:27:33.754697 7fc4cd6eb700        Options.compaction_filter: None
2019/03/23-12:27:33.754698 7fc4cd6eb700        Options.compaction_filter_factory: None
2019/03/23-12:27:33.754699 7fc4cd6eb700         Options.memtable_factory: SkipListFactory
2019/03/23-12:27:33.754700 7fc4cd6eb700            Options.table_factory: BlockBasedTable
2019/03/23-12:27:33.754736 7fc4cd6eb700            table_factory options:   flush_block_policy_factory: FlushBlockBySizePolicyFactory (0x7fc3dc3b57d0)
  cache_index_and_filter_blocks: 0
  cache_index_and_filter_blocks_with_high_priority: 0
  pin_l0_filter_and_index_blocks_in_cache: 0
  index_type: 0
  hash_index_allow_collision: 1
  checksum: 1
  no_block_cache: 0
  block_cache: 0x7fc3dc3a61e0
  block_cache_name: LRUCache
  block_cache_options:
    capacity : 8388608
    num_shard_bits : 4
    strict_capacity_limit : 0
    high_pri_pool_ratio: 0.000
  block_cache_compressed: (nil)
  persistent_cache: (nil)
  block_size: 8192
  block_size_deviation: 10
  block_restart_interval: 16
  index_block_restart_interval: 1
  metadata_block_size: 4096
  partition_filters: 0
  use_delta_encoding: 1
  filter_policy: nullptr
  whole_key_filtering: 1
  verify_compression: 0
  read_amp_bytes_per_bit: 0
  format_version: 2
  enable_index_compression: 1
  block_align: 0
2019/03/23-12:27:33.754756 7fc4cd6eb700        Options.write_buffer_size: 134217728
2019/03/23-12:27:33.754758 7fc4cd6eb700  Options.max_write_buffer_number: 24
2019/03/23-12:27:33.754760 7fc4cd6eb700        Options.compression[0]: NoCompression
2019/03/23-12:27:33.754761 7fc4cd6eb700        Options.compression[1]: NoCompression
2019/03/23-12:27:33.754762 7fc4cd6eb700        Options.compression[2]: LZ4
2019/03/23-12:27:33.754763 7fc4cd6eb700        Options.compression[3]: LZ4
2019/03/23-12:27:33.754764 7fc4cd6eb700        Options.compression[4]: LZ4
2019/03/23-12:27:33.754765 7fc4cd6eb700        Options.compression[5]: LZ4
2019/03/23-12:27:33.754766 7fc4cd6eb700        Options.compression[6]: LZ4
2019/03/23-12:27:33.754767 7fc4cd6eb700                  Options.bottommost_compression: Disabled
2019/03/23-12:27:33.754768 7fc4cd6eb700       Options.prefix_extractor: nullptr
2019/03/23-12:27:33.754769 7fc4cd6eb700   Options.memtable_insert_with_hint_prefix_extractor: nullptr
2019/03/23-12:27:33.754770 7fc4cd6eb700             Options.num_levels: 7
2019/03/23-12:27:33.754771 7fc4cd6eb700        Options.min_write_buffer_number_to_merge: 2
2019/03/23-12:27:33.754772 7fc4cd6eb700     Options.max_write_buffer_number_to_maintain: 0
2019/03/23-12:27:33.754773 7fc4cd6eb700            Options.compression_opts.window_bits: -14
2019/03/23-12:27:33.754774 7fc4cd6eb700                  Options.compression_opts.level: -1
2019/03/23-12:27:33.754775 7fc4cd6eb700               Options.compression_opts.strategy: 0
2019/03/23-12:27:33.754775 7fc4cd6eb700         Options.compression_opts.max_dict_bytes: 0
2019/03/23-12:27:33.754776 7fc4cd6eb700         Options.compression_opts.zstd_max_train_bytes: 0
2019/03/23-12:27:33.754777 7fc4cd6eb700      Options.level0_file_num_compaction_trigger: 2
2019/03/23-12:27:33.754778 7fc4cd6eb700          Options.level0_slowdown_writes_trigger: 20
2019/03/23-12:27:33.754779 7fc4cd6eb700              Options.level0_stop_writes_trigger: 36
2019/03/23-12:27:33.754780 7fc4cd6eb700                   Options.target_file_size_base: 67108864
2019/03/23-12:27:33.754781 7fc4cd6eb700             Options.target_file_size_multiplier: 1
2019/03/23-12:27:33.754781 7fc4cd6eb700                Options.max_bytes_for_level_base: 536870912
2019/03/23-12:27:33.754782 7fc4cd6eb700 Options.level_compaction_dynamic_level_bytes: 0
2019/03/23-12:27:33.754783 7fc4cd6eb700          Options.max_bytes_for_level_multiplier: 10.000000
2019/03/23-12:27:33.754787 7fc4cd6eb700 Options.max_bytes_for_level_multiplier_addtl[0]: 1
2019/03/23-12:27:33.754788 7fc4cd6eb700 Options.max_bytes_for_level_multiplier_addtl[1]: 1
2019/03/23-12:27:33.754789 7fc4cd6eb700 Options.max_bytes_for_level_multiplier_addtl[2]: 1
2019/03/23-12:27:33.754790 7fc4cd6eb700 Options.max_bytes_for_level_multiplier_addtl[3]: 1
2019/03/23-12:27:33.754790 7fc4cd6eb700 Options.max_bytes_for_level_multiplier_addtl[4]: 1
2019/03/23-12:27:33.754791 7fc4cd6eb700 Options.max_bytes_for_level_multiplier_addtl[5]: 1
2019/03/23-12:27:33.754792 7fc4cd6eb700 Options.max_bytes_for_level_multiplier_addtl[6]: 1
2019/03/23-12:27:33.754793 7fc4cd6eb700       Options.max_sequential_skip_in_iterations: 8
2019/03/23-12:27:33.754794 7fc4cd6eb700                    Options.max_compaction_bytes: 1677721600
2019/03/23-12:27:33.754795 7fc4cd6eb700                        Options.arena_block_size: 16777216
2019/03/23-12:27:33.754796 7fc4cd6eb700   Options.soft_pending_compaction_bytes_limit: 68719476736
2019/03/23-12:27:33.754797 7fc4cd6eb700   Options.hard_pending_compaction_bytes_limit: 274877906944
2019/03/23-12:27:33.754804 7fc4cd6eb700       Options.rate_limit_delay_max_milliseconds: 100
2019/03/23-12:27:33.754806 7fc4cd6eb700                Options.disable_auto_compactions: 0
2019/03/23-12:27:33.754807 7fc4cd6eb700                        Options.compaction_style: kCompactionStyleLevel
2019/03/23-12:27:33.754809 7fc4cd6eb700                          Options.compaction_pri: kByCompensatedSize
2019/03/23-12:27:33.754810 7fc4cd6eb700 Options.compaction_options_universal.size_ratio: 1
2019/03/23-12:27:33.754811 7fc4cd6eb700 Options.compaction_options_universal.min_merge_width: 2
2019/03/23-12:27:33.754812 7fc4cd6eb700 Options.compaction_options_universal.max_merge_width: 4294967295
2019/03/23-12:27:33.754813 7fc4cd6eb700 Options.compaction_options_universal.max_size_amplification_percent: 200
2019/03/23-12:27:33.754814 7fc4cd6eb700 Options.compaction_options_universal.compression_size_percent: -1
2019/03/23-12:27:33.754816 7fc4cd6eb700 Options.compaction_options_universal.stop_style: kCompactionStopStyleTotalSize
2019/03/23-12:27:33.754816 7fc4cd6eb700 Options.compaction_options_fifo.max_table_files_size: 1073741824
2019/03/23-12:27:33.754817 7fc4cd6eb700 Options.compaction_options_fifo.allow_compaction: 0
2019/03/23-12:27:33.754819 7fc4cd6eb700 Options.compaction_options_fifo.ttl: 0
2019/03/23-12:27:33.754819 7fc4cd6eb700                   Options.table_properties_collectors: 
2019/03/23-12:27:33.754821 7fc4cd6eb700                   Options.inplace_update_support: 0
2019/03/23-12:27:33.754821 7fc4cd6eb700                 Options.inplace_update_num_locks: 10000
2019/03/23-12:27:33.754823 7fc4cd6eb700               Options.memtable_prefix_bloom_size_ratio: 0.000000
2019/03/23-12:27:33.754824 7fc4cd6eb700   Options.memtable_huge_page_size: 0
2019/03/23-12:27:33.754825 7fc4cd6eb700                           Options.bloom_locality: 0
2019/03/23-12:27:33.754826 7fc4cd6eb700                    Options.max_successive_merges: 0
2019/03/23-12:27:33.754827 7fc4cd6eb700                Options.optimize_filters_for_hits: 0
2019/03/23-12:27:33.754828 7fc4cd6eb700                Options.paranoid_file_checks: 0
2019/03/23-12:27:33.754828 7fc4cd6eb700                Options.force_consistency_checks: 0
2019/03/23-12:27:33.754829 7fc4cd6eb700                Options.report_bg_io_stats: 0
2019/03/23-12:27:33.754830 7fc4cd6eb700                               Options.ttl: 0
2019/03/23-12:27:33.755339 7fc4cd6eb700 [db/version_set.cc:3361] Recovered from manifest file:/mnt/sdg/ycsb-rocksdb-data/MANIFEST-000001 succeeded,manifest_file_number is 1, next_file_number is 3, last_sequence is 0, log_number is 0,prev_log_number is 0,max_column_family is 0,min_log_number_to_keep is 0
2019/03/23-12:27:33.755344 7fc4cd6eb700 [db/version_set.cc:3369] Column family [default] (ID 0), log number is 0
2019/03/23-12:27:33.755533 7fc4cd6eb700 [db/version_set.cc:2847] Creating manifest 4
2019/03/23-12:27:33.825886 7fc4cd6eb700 [db/column_family.cc:475] --------------- Options for column family [usertable]:
2019/03/23-12:27:33.825899 7fc4cd6eb700               Options.comparator: leveldb.BytewiseComparator
2019/03/23-12:27:33.825902 7fc4cd6eb700           Options.merge_operator: None
2019/03/23-12:27:33.825904 7fc4cd6eb700        Options.compaction_filter: None
2019/03/23-12:27:33.825905 7fc4cd6eb700        Options.compaction_filter_factory: None
2019/03/23-12:27:33.825907 7fc4cd6eb700         Options.memtable_factory: SkipListFactory
2019/03/23-12:27:33.825909 7fc4cd6eb700            Options.table_factory: BlockBasedTable
2019/03/23-12:27:33.825959 7fc4cd6eb700            table_factory options:   flush_block_policy_factory: FlushBlockBySizePolicyFactory (0x7fc3dc3b6870)
  cache_index_and_filter_blocks: 0
  cache_index_and_filter_blocks_with_high_priority: 0
  pin_l0_filter_and_index_blocks_in_cache: 0
  index_type: 0
  hash_index_allow_collision: 1
  checksum: 1
  no_block_cache: 0
  block_cache: 0x7fc3dc3bc310
  block_cache_name: LRUCache
  block_cache_options:
    capacity : 8388608
    num_shard_bits : 4
    strict_capacity_limit : 0
    high_pri_pool_ratio: 0.000
  block_cache_compressed: (nil)
  persistent_cache: (nil)
  block_size: 8192
  block_size_deviation: 10
  block_restart_interval: 16
  index_block_restart_interval: 1
  metadata_block_size: 4096
  partition_filters: 0
  use_delta_encoding: 1
  filter_policy: nullptr
  whole_key_filtering: 1
  verify_compression: 0
  read_amp_bytes_per_bit: 0
  format_version: 2
  enable_index_compression: 1
  block_align: 0
2019/03/23-12:27:33.825964 7fc4cd6eb700        Options.write_buffer_size: 134217728
2019/03/23-12:27:33.825966 7fc4cd6eb700  Options.max_write_buffer_number: 24
2019/03/23-12:27:33.825968 7fc4cd6eb700        Options.compression[0]: NoCompression
2019/03/23-12:27:33.825972 7fc4cd6eb700        Options.compression[1]: NoCompression
2019/03/23-12:27:33.825974 7fc4cd6eb700        Options.compression[2]: LZ4
2019/03/23-12:27:33.825976 7fc4cd6eb700        Options.compression[3]: LZ4
2019/03/23-12:27:33.825978 7fc4cd6eb700        Options.compression[4]: LZ4
2019/03/23-12:27:33.825980 7fc4cd6eb700        Options.compression[5]: LZ4
2019/03/23-12:27:33.825982 7fc4cd6eb700        Options.compression[6]: LZ4
2019/03/23-12:27:33.825984 7fc4cd6eb700                  Options.bottommost_compression: Disabled
2019/03/23-12:27:33.825986 7fc4cd6eb700       Options.prefix_extractor: nullptr
2019/03/23-12:27:33.825988 7fc4cd6eb700   Options.memtable_insert_with_hint_prefix_extractor: nullptr
2019/03/23-12:27:33.825989 7fc4cd6eb700             Options.num_levels: 7
2019/03/23-12:27:33.825991 7fc4cd6eb700        Options.min_write_buffer_number_to_merge: 2
2019/03/23-12:27:33.825993 7fc4cd6eb700     Options.max_write_buffer_number_to_maintain: 0
2019/03/23-12:27:33.825995 7fc4cd6eb700            Options.compression_opts.window_bits: -14
2019/03/23-12:27:33.825996 7fc4cd6eb700                  Options.compression_opts.level: -1
2019/03/23-12:27:33.825998 7fc4cd6eb700               Options.compression_opts.strategy: 0
2019/03/23-12:27:33.826000 7fc4cd6eb700         Options.compression_opts.max_dict_bytes: 0
2019/03/23-12:27:33.826001 7fc4cd6eb700         Options.compression_opts.zstd_max_train_bytes: 0
2019/03/23-12:27:33.826003 7fc4cd6eb700      Options.level0_file_num_compaction_trigger: 2
2019/03/23-12:27:33.826005 7fc4cd6eb700          Options.level0_slowdown_writes_trigger: 20
2019/03/23-12:27:33.826006 7fc4cd6eb700              Options.level0_stop_writes_trigger: 36
2019/03/23-12:27:33.826008 7fc4cd6eb700                   Options.target_file_size_base: 67108864
2019/03/23-12:27:33.826010 7fc4cd6eb700             Options.target_file_size_multiplier: 1
2019/03/23-12:27:33.826012 7fc4cd6eb700                Options.max_bytes_for_level_base: 536870912
2019/03/23-12:27:33.826013 7fc4cd6eb700 Options.level_compaction_dynamic_level_bytes: 0
2019/03/23-12:27:33.826015 7fc4cd6eb700          Options.max_bytes_for_level_multiplier: 10.000000
2019/03/23-12:27:33.826020 7fc4cd6eb700 Options.max_bytes_for_level_multiplier_addtl[0]: 1
2019/03/23-12:27:33.826043 7fc4cd6eb700 Options.max_bytes_for_level_multiplier_addtl[1]: 1
2019/03/23-12:27:33.826046 7fc4cd6eb700 Options.max_bytes_for_level_multiplier_addtl[2]: 1
2019/03/23-12:27:33.826047 7fc4cd6eb700 Options.max_bytes_for_level_multiplier_addtl[3]: 1
2019/03/23-12:27:33.826049 7fc4cd6eb700 Options.max_bytes_for_level_multiplier_addtl[4]: 1
2019/03/23-12:27:33.826051 7fc4cd6eb700 Options.max_bytes_for_level_multiplier_addtl[5]: 1
2019/03/23-12:27:33.826053 7fc4cd6eb700 Options.max_bytes_for_level_multiplier_addtl[6]: 1
2019/03/23-12:27:33.826054 7fc4cd6eb700       Options.max_sequential_skip_in_iterations: 8
2019/03/23-12:27:33.826056 7fc4cd6eb700                    Options.max_compaction_bytes: 1677721600
2019/03/23-12:27:33.826057 7fc4cd6eb700                        Options.arena_block_size: 16777216
2019/03/23-12:27:33.826059 7fc4cd6eb700   Options.soft_pending_compaction_bytes_limit: 68719476736
2019/03/23-12:27:33.826061 7fc4cd6eb700   Options.hard_pending_compaction_bytes_limit: 274877906944
2019/03/23-12:27:33.826063 7fc4cd6eb700       Options.rate_limit_delay_max_milliseconds: 100
2019/03/23-12:27:33.826064 7fc4cd6eb700                Options.disable_auto_compactions: 0
2019/03/23-12:27:33.826067 7fc4cd6eb700                        Options.compaction_style: kCompactionStyleLevel
2019/03/23-12:27:33.826070 7fc4cd6eb700                          Options.compaction_pri: kByCompensatedSize
2019/03/23-12:27:33.826072 7fc4cd6eb700 Options.compaction_options_universal.size_ratio: 1
2019/03/23-12:27:33.826073 7fc4cd6eb700 Options.compaction_options_universal.min_merge_width: 2
2019/03/23-12:27:33.826075 7fc4cd6eb700 Options.compaction_options_universal.max_merge_width: 4294967295
2019/03/23-12:27:33.826077 7fc4cd6eb700 Options.compaction_options_universal.max_size_amplification_percent: 200
2019/03/23-12:27:33.826079 7fc4cd6eb700 Options.compaction_options_universal.compression_size_percent: -1
2019/03/23-12:27:33.826081 7fc4cd6eb700 Options.compaction_options_universal.stop_style: kCompactionStopStyleTotalSize
2019/03/23-12:27:33.826083 7fc4cd6eb700 Options.compaction_options_fifo.max_table_files_size: 1073741824
2019/03/23-12:27:33.826084 7fc4cd6eb700 Options.compaction_options_fifo.allow_compaction: 0
2019/03/23-12:27:33.826086 7fc4cd6eb700 Options.compaction_options_fifo.ttl: 0
2019/03/23-12:27:33.826088 7fc4cd6eb700                   Options.table_properties_collectors: 
2019/03/23-12:27:33.826089 7fc4cd6eb700                   Options.inplace_update_support: 0
2019/03/23-12:27:33.826091 7fc4cd6eb700                 Options.inplace_update_num_locks: 10000
2019/03/23-12:27:33.826093 7fc4cd6eb700               Options.memtable_prefix_bloom_size_ratio: 0.000000
2019/03/23-12:27:33.826096 7fc4cd6eb700   Options.memtable_huge_page_size: 0
2019/03/23-12:27:33.826097 7fc4cd6eb700                           Options.bloom_locality: 0
2019/03/23-12:27:33.826099 7fc4cd6eb700                    Options.max_successive_merges: 0
2019/03/23-12:27:33.826100 7fc4cd6eb700                Options.optimize_filters_for_hits: 0
2019/03/23-12:27:33.826102 7fc4cd6eb700                Options.paranoid_file_checks: 0
2019/03/23-12:27:33.826104 7fc4cd6eb700                Options.force_consistency_checks: 0
2019/03/23-12:27:33.826105 7fc4cd6eb700                Options.report_bg_io_stats: 0
2019/03/23-12:27:33.826107 7fc4cd6eb700                               Options.ttl: 0
2019/03/23-12:27:33.826214 7fc4cd6eb700 [db/db_impl.cc:1396] Created column family [usertable] (ID 1)
2019/03/23-12:27:33.900343 7fc4cd6eb700 [db/db_impl_open.cc:1219] DB pointer 0x7fc3dc3a80d0
2019/03/23-12:27:42.330840 7fc4a47f8700 [db/db_impl_write.cc:1373] [usertable] New memtable created with log file: #9. Immutable memtables: 0.
2019/03/23-12:27:50.954507 7fc4a42f3700 [db/db_impl_write.cc:1373] [usertable] New memtable created with log file: #10. Immutable memtables: 1.
2019/03/23-12:27:50.954701 7fc496ffd700 [db/db_impl_compaction_flush.cc:80] [JOB 2] Syncing log #3
2019/03/23-12:27:51.183029 7fc496ffd700 [db/db_impl_compaction_flush.cc:80] [JOB 2] Syncing log #9
2019/03/23-12:27:51.717642 7fc496ffd700 (Original Log Time 2019/03/23-12:27:50.954645) [db/db_impl_compaction_flush.cc:1424] Calling FlushMemTableToOutputFile with column family [usertable], flush slots available 24, compaction slots available 1, flush slots scheduled 1, compaction slots scheduled 0
2019/03/23-12:27:51.717659 7fc496ffd700 [db/flush_job.cc:301] [usertable] [JOB 2] Flushing memtable with next log file: 9
2019/03/23-12:27:51.717678 7fc496ffd700 [db/flush_job.cc:301] [usertable] [JOB 2] Flushing memtable with next log file: 10
2019/03/23-12:27:51.717741 7fc496ffd700 EVENT_LOG_v1 {"time_micros": 1553369271717715, "job": 2, "event": "flush_started", "num_memtables": 2, "num_entries": 59636, "num_deletes": 0, "memory_usage": 247219264, "flush_reason": "Write Buffer Full"}
2019/03/23-12:27:51.717754 7fc496ffd700 [db/flush_job.cc:331] [usertable] [JOB 2] Level-0 flush table #11: started
2019/03/23-12:27:53.885325 7fc496ffd700 EVENT_LOG_v1 {"time_micros": 1553369273885297, "cf_name": "usertable", "job": 2, "event": "table_file_creation", "file_number": 11, "file_size": 246976534, "table_properties": {"data_size": 245879228, "index_size": 1096379, "filter_size": 0, "raw_key_size": 1431264, "raw_average_key_size": 24, "raw_value_size": 244269056, "raw_average_value_size": 4096, "num_data_blocks": 29818, "num_entries": 59636, "filter_policy_name": "", "kDeletedKeys": "0", "kMergeOperands": "0"}}
2019/03/23-12:27:53.885359 7fc496ffd700 [db/flush_job.cc:371] [usertable] [JOB 2] Level-0 flush table #11: 246976534 bytes OK
2019/03/23-12:27:54.013466 7fc496ffd700 (Original Log Time 2019/03/23-12:27:53.885379) [db/memtable_list.cc:377] [usertable] Level-0 commit table #11 started
2019/03/23-12:27:54.013470 7fc496ffd700 (Original Log Time 2019/03/23-12:27:54.013357) [db/memtable_list.cc:409] [usertable] Level-0 commit table #11: memtable #1 done
2019/03/23-12:27:54.013471 7fc496ffd700 (Original Log Time 2019/03/23-12:27:54.013368) [db/memtable_list.cc:409] [usertable] Level-0 commit table #11: memtable #2 done
2019/03/23-12:27:54.013473 7fc496ffd700 (Original Log Time 2019/03/23-12:27:54.013400) EVENT_LOG_v1 {"time_micros": 1553369274013386, "job": 2, "event": "flush_finished", "output_compression": "NoCompression", "lsm_state": [1, 0, 0, 0, 0, 0, 0], "immutable_memtables": 0}
2019/03/23-12:27:54.013474 7fc496ffd700 (Original Log Time 2019/03/23-12:27:54.013431) [db/db_impl_compaction_flush.cc:177] [usertable] Level summary: base level 1 max bytes base 536870912 files[1 0 0 0 0 0 0] max score 0.50
2019/03/23-12:27:54.013487 7fc496ffd700 [db/db_impl_files.cc:347] [JOB 2] Try to delete WAL files size 246228836, prev total WAL file size 290440896, number of live WAL files 3.
2019/03/23-12:27:58.687062 7fc4c42f8700 [db/db_impl_write.cc:1373] [usertable] New memtable created with log file: #12. Immutable memtables: 0.
2019/03/23-12:28:06.328759 7fc4ac3f4700 [db/db_impl_write.cc:1373] [usertable] New memtable created with log file: #13. Immutable memtables: 1.
2019/03/23-12:28:06.328860 7fc4967fc700 [db/db_impl_compaction_flush.cc:80] [JOB 3] Syncing log #10
2019/03/23-12:28:06.788792 7fc4967fc700 [db/db_impl_compaction_flush.cc:80] [JOB 3] Syncing log #12
2019/03/23-12:28:07.234061 7fc4967fc700 (Original Log Time 2019/03/23-12:28:06.328837) [db/db_impl_compaction_flush.cc:1424] Calling FlushMemTableToOutputFile with column family [usertable], flush slots available 24, compaction slots available 1, flush slots scheduled 1, compaction slots scheduled 0
2019/03/23-12:28:07.234075 7fc4967fc700 [db/flush_job.cc:301] [usertable] [JOB 3] Flushing memtable with next log file: 12
2019/03/23-12:28:07.234082 7fc4967fc700 [db/flush_job.cc:301] [usertable] [JOB 3] Flushing memtable with next log file: 13
2019/03/23-12:28:07.234111 7fc4967fc700 EVENT_LOG_v1 {"time_micros": 1553369287234101, "job": 3, "event": "flush_started", "num_memtables": 2, "num_entries": 53808, "num_deletes": 0, "memory_usage": 233528040, "flush_reason": "Write Buffer Full"}
2019/03/23-12:28:07.234117 7fc4967fc700 [db/flush_job.cc:331] [usertable] [JOB 3] Level-0 flush table #14: started
2019/03/23-12:28:08.046172 7fc4967fc700 EVENT_LOG_v1 {"time_micros": 1553369288046148, "cf_name": "usertable", "job": 3, "event": "table_file_creation", "file_number": 14, "file_size": 222840515, "table_properties": {"data_size": 221850384, "index_size": 989204, "filter_size": 0, "raw_key_size": 1291392, "raw_average_key_size": 24, "raw_value_size": 220397568, "raw_average_value_size": 4096, "num_data_blocks": 26904, "num_entries": 53808, "filter_policy_name": "", "kDeletedKeys": "0", "kMergeOperands": "0"}}
2019/03/23-12:28:08.046193 7fc4967fc700 [db/flush_job.cc:371] [usertable] [JOB 3] Level-0 flush table #14: 222840515 bytes OK
2019/03/23-12:28:08.074724 7fc4967fc700 (Original Log Time 2019/03/23-12:28:08.046207) [db/memtable_list.cc:377] [usertable] Level-0 commit table #14 started
2019/03/23-12:28:08.074730 7fc4967fc700 (Original Log Time 2019/03/23-12:28:08.074622) [db/memtable_list.cc:409] [usertable] Level-0 commit table #14: memtable #1 done
2019/03/23-12:28:08.074734 7fc4967fc700 (Original Log Time 2019/03/23-12:28:08.074628) [db/memtable_list.cc:409] [usertable] Level-0 commit table #14: memtable #2 done
2019/03/23-12:28:08.074737 7fc4967fc700 (Original Log Time 2019/03/23-12:28:08.074655) EVENT_LOG_v1 {"time_micros": 1553369288074644, "job": 3, "event": "flush_finished", "output_compression": "NoCompression", "lsm_state": [2, 0, 0, 0, 0, 0, 0], "immutable_memtables": 0}
2019/03/23-12:28:08.074740 7fc4967fc700 (Original Log Time 2019/03/23-12:28:08.074697) [db/db_impl_compaction_flush.cc:177] [usertable] Level summary: base level 1 max bytes base 536870912 files[2 0 0 0 0 0 0] max score 1.00
2019/03/23-12:28:08.074752 7fc4967fc700 [db/db_impl_files.cc:347] [JOB 3] Try to delete WAL files size 222168792, prev total WAL file size 247408637, number of live WAL files 3.
2019/03/23-12:28:08.074964 7fc4977fe700 [WARN] [db/db_impl.cc:491] ------- DUMPING STATS -------
2019/03/23-12:28:08.075008 7fc4977fe700 [WARN] [db/db_impl.cc:492] 
** DB Stats **
Uptime(secs): 34.3 total, 34.3 interval
Cumulative writes: 119K writes, 119K keys, 118K commit groups, 1.0 writes per commit group, ingest: 0.46 GB, 13.72 MB/s
Cumulative WAL: 119K writes, 0 syncs, 119557.00 writes per sync, written: 0.46 GB, 13.72 MB/s
Cumulative stall: 00:00:0.000 H:M:S, 0.0 percent
Interval writes: 119K writes, 119K keys, 118K commit groups, 1.0 writes per commit group, ingest: 470.77 MB, 13.72 MB/s
Interval WAL: 119K writes, 0 syncs, 119557.00 writes per sync, written: 0.46 MB, 13.72 MB/s
Interval stall: 00:00:0.000 H:M:S, 0.0 percent

** Compaction Stats [default] **
Level    Files   Size     Score Read(GB)  Rn(GB) Rnp1(GB) Write(GB) Wnew(GB) Moved(GB) W-Amp Rd(MB/s) Wr(MB/s) Comp(sec) Comp(cnt) Avg(sec) KeyIn KeyDrop
----------------------------------------------------------------------------------------------------------------------------------------------------------
 Sum      0/0    0.00 KB   0.0      0.0     0.0      0.0       0.0      0.0       0.0   0.0      0.0      0.0         0         0    0.000       0      0
 Int      0/0    0.00 KB   0.0      0.0     0.0      0.0       0.0      0.0       0.0   0.0      0.0      0.0         0         0    0.000       0      0
Uptime(secs): 34.3 total, 34.3 interval
Flush(GB): cumulative 0.000, interval 0.000
AddFile(GB): cumulative 0.000, interval 0.000
AddFile(Total Files): cumulative 0, interval 0
AddFile(L0 Files): cumulative 0, interval 0
AddFile(Keys): cumulative 0, interval 0
Cumulative compaction: 0.00 GB write, 0.00 MB/s write, 0.00 GB read, 0.00 MB/s read, 0.0 seconds
Interval compaction: 0.00 GB write, 0.00 MB/s write, 0.00 GB read, 0.00 MB/s read, 0.0 seconds
Stalls(count): 0 level0_slowdown, 0 level0_slowdown_with_compaction, 0 level0_numfiles, 0 level0_numfiles_with_compaction, 0 stop for pending_compaction_bytes, 0 slowdown for pending_compaction_bytes, 0 memtable_compaction, 0 memtable_slowdown, interval 0 total count

** File Read Latency Histogram By Level [default] **

** Compaction Stats [usertable] **
Level    Files   Size     Score Read(GB)  Rn(GB) Rnp1(GB) Write(GB) Wnew(GB) Moved(GB) W-Amp Rd(MB/s) Wr(MB/s) Comp(sec) Comp(cnt) Avg(sec) KeyIn KeyDrop
----------------------------------------------------------------------------------------------------------------------------------------------------------
  L0      2/0   448.05 MB   1.0      0.0     0.0      0.0       0.4      0.4       0.0   1.0      0.0    150.4         3         2    1.490       0      0
 Sum      2/0   448.05 MB   0.0      0.0     0.0      0.0       0.4      0.4       0.0   1.0      0.0    150.4         3         2    1.490       0      0
 Int      0/0    0.00 KB   0.0      0.0     0.0      0.0       0.4      0.4       0.0   1.0      0.0    150.4         3         2    1.490       0      0
Uptime(secs): 34.2 total, 34.2 interval
Flush(GB): cumulative 0.438, interval 0.438
AddFile(GB): cumulative 0.000, interval 0.000
AddFile(Total Files): cumulative 0, interval 0
AddFile(L0 Files): cumulative 0, interval 0
AddFile(Keys): cumulative 0, interval 0
Cumulative compaction: 0.44 GB write, 13.08 MB/s write, 0.00 GB read, 0.00 MB/s read, 3.0 seconds
Interval compaction: 0.44 GB write, 13.08 MB/s write, 0.00 GB read, 0.00 MB/s read, 3.0 seconds
Stalls(count): 0 level0_slowdown, 0 level0_slowdown_with_compaction, 0 level0_numfiles, 0 level0_numfiles_with_compaction, 0 stop for pending_compaction_bytes, 0 slowdown for pending_compaction_bytes, 0 memtable_compaction, 0 memtable_slowdown, interval 0 total count

** File Read Latency Histogram By Level [usertable] **

** Compaction Stats [default] **
Level    Files   Size     Score Read(GB)  Rn(GB) Rnp1(GB) Write(GB) Wnew(GB) Moved(GB) W-Amp Rd(MB/s) Wr(MB/s) Comp(sec) Comp(cnt) Avg(sec) KeyIn KeyDrop
----------------------------------------------------------------------------------------------------------------------------------------------------------
 Sum      0/0    0.00 KB   0.0      0.0     0.0      0.0       0.0      0.0       0.0   0.0      0.0      0.0         0         0    0.000       0      0
 Int      0/0    0.00 KB   0.0      0.0     0.0      0.0       0.0      0.0       0.0   0.0      0.0      0.0         0         0    0.000       0      0
Uptime(secs): 34.3 total, 0.0 interval
Flush(GB): cumulative 0.000, interval 0.000
AddFile(GB): cumulative 0.000, interval 0.000
AddFile(Total Files): cumulative 0, interval 0
AddFile(L0 Files): cumulative 0, interval 0
AddFile(Keys): cumulative 0, interval 0
Cumulative compaction: 0.00 GB write, 0.00 MB/s write, 0.00 GB read, 0.00 MB/s read, 0.0 seconds
Interval compaction: 0.00 GB write, 0.00 MB/s write, 0.00 GB read, 0.00 MB/s read, 0.0 seconds
Stalls(count): 0 level0_slowdown, 0 level0_slowdown_with_compaction, 0 level0_numfiles, 0 level0_numfiles_with_compaction, 0 stop for pending_compaction_bytes, 0 slowdown for pending_compaction_bytes, 0 memtable_compaction, 0 memtable_slowdown, interval 0 total count

** File Read Latency Histogram By Level [default] **

** Compaction Stats [usertable] **
Level    Files   Size     Score Read(GB)  Rn(GB) Rnp1(GB) Write(GB) Wnew(GB) Moved(GB) W-Amp Rd(MB/s) Wr(MB/s) Comp(sec) Comp(cnt) Avg(sec) KeyIn KeyDrop
----------------------------------------------------------------------------------------------------------------------------------------------------------
  L0      2/0   448.05 MB   1.0      0.0     0.0      0.0       0.4      0.4       0.0   1.0      0.0    150.4         3         2    1.490       0      0
 Sum      2/0   448.05 MB   0.0      0.0     0.0      0.0       0.4      0.4       0.0   1.0      0.0    150.4         3         2    1.490       0      0
 Int      0/0    0.00 KB   0.0      0.0     0.0      0.0       0.0      0.0       0.0   0.0      0.0      0.0         0         0    0.000       0      0
Uptime(secs): 34.2 total, 0.0 interval
Flush(GB): cumulative 0.438, interval 0.000
AddFile(GB): cumulative 0.000, interval 0.000
AddFile(Total Files): cumulative 0, interval 0
AddFile(L0 Files): cumulative 0, interval 0
AddFile(Keys): cumulative 0, interval 0
Cumulative compaction: 0.44 GB write, 13.08 MB/s write, 0.00 GB read, 0.00 MB/s read, 3.0 seconds
Interval compaction: 0.00 GB write, 0.00 MB/s write, 0.00 GB read, 0.00 MB/s read, 0.0 seconds
Stalls(count): 0 level0_slowdown, 0 level0_slowdown_with_compaction, 0 level0_numfiles, 0 level0_numfiles_with_compaction, 0 stop for pending_compaction_bytes, 0 slowdown for pending_compaction_bytes, 0 memtable_compaction, 0 memtable_slowdown, interval 0 total count

** File Read Latency Histogram By Level [usertable] **
2019/03/23-12:28:08.112818 7fc4977fe700 (Original Log Time 2019/03/23-12:28:08.075095) [db/db_impl_compaction_flush.cc:1835] [usertable] Moving #11 to level-1 246976534 bytes
2019/03/23-12:28:08.112823 7fc4977fe700 (Original Log Time 2019/03/23-12:28:08.112758) EVENT_LOG_v1 {"time_micros": 1553369288112741, "job": 4, "event": "trivial_move", "destination_level": 1, "files": 1, "total_files_size": 246976534}
2019/03/23-12:28:08.112824 7fc4977fe700 (Original Log Time 2019/03/23-12:28:08.112775) [db/db_impl_compaction_flush.cc:1864] [usertable] Moved #1 files to level-1 246976534 bytes OK: base level 1 max bytes base 536870912 files[1 1 0 0 0 0 0] max score 0.50
2019/03/23-12:28:14.527573 7fc4ac7f8700 [db/db_impl_write.cc:1373] [usertable] New memtable created with log file: #15. Immutable memtables: 0.
2019/03/23-12:28:22.790618 7fc4cd6eb700 [db/db_impl_write.cc:1373] [usertable] New memtable created with log file: #16. Immutable memtables: 1.
2019/03/23-12:28:22.790725 7fc495ffb700 [db/db_impl_compaction_flush.cc:80] [JOB 5] Syncing log #13
2019/03/23-12:28:24.204790 7fc495ffb700 [db/db_impl_compaction_flush.cc:80] [JOB 5] Syncing log #15
2019/03/23-12:28:24.944802 7fc495ffb700 (Original Log Time 2019/03/23-12:28:22.790694) [db/db_impl_compaction_flush.cc:1424] Calling FlushMemTableToOutputFile with column family [usertable], flush slots available 24, compaction slots available 1, flush slots scheduled 1, compaction slots scheduled 0
2019/03/23-12:28:24.944814 7fc495ffb700 [db/flush_job.cc:301] [usertable] [JOB 5] Flushing memtable with next log file: 15
2019/03/23-12:28:24.944822 7fc495ffb700 [db/flush_job.cc:301] [usertable] [JOB 5] Flushing memtable with next log file: 16
2019/03/23-12:28:24.944871 7fc495ffb700 EVENT_LOG_v1 {"time_micros": 1553369304944858, "job": 5, "event": "flush_started", "num_memtables": 2, "num_entries": 57619, "num_deletes": 0, "memory_usage": 242217400, "flush_reason": "Write Buffer Full"}
2019/03/23-12:28:24.944878 7fc495ffb700 [db/flush_job.cc:331] [usertable] [JOB 5] Level-0 flush table #17: started
2019/03/23-12:28:27.076432 7fc495ffb700 EVENT_LOG_v1 {"time_micros": 1553369307076405, "cf_name": "usertable", "job": 5, "event": "table_file_creation", "file_number": 17, "file_size": 238623382, "table_properties": {"data_size": 237563151, "index_size": 1059304, "filter_size": 0, "raw_key_size": 1382856, "raw_average_key_size": 24, "raw_value_size": 236007424, "raw_average_value_size": 4096, "num_data_blocks": 28810, "num_entries": 57619, "filter_policy_name": "", "kDeletedKeys": "0", "kMergeOperands": "0"}}
2019/03/23-12:28:27.076465 7fc495ffb700 [db/flush_job.cc:371] [usertable] [JOB 5] Level-0 flush table #17: 238623382 bytes OK
2019/03/23-12:28:27.135610 7fc495ffb700 (Original Log Time 2019/03/23-12:28:27.076492) [db/memtable_list.cc:377] [usertable] Level-0 commit table #17 started
2019/03/23-12:28:27.135618 7fc495ffb700 (Original Log Time 2019/03/23-12:28:27.135482) [db/memtable_list.cc:409] [usertable] Level-0 commit table #17: memtable #1 done
2019/03/23-12:28:27.135619 7fc495ffb700 (Original Log Time 2019/03/23-12:28:27.135487) [db/memtable_list.cc:409] [usertable] Level-0 commit table #17: memtable #2 done
2019/03/23-12:28:27.135621 7fc495ffb700 (Original Log Time 2019/03/23-12:28:27.135525) EVENT_LOG_v1 {"time_micros": 1553369307135508, "job": 5, "event": "flush_finished", "output_compression": "NoCompression", "lsm_state": [2, 1, 0, 0, 0, 0, 0], "immutable_memtables": 0}
2019/03/23-12:28:27.135623 7fc495ffb700 (Original Log Time 2019/03/23-12:28:27.135582) [db/db_impl_compaction_flush.cc:177] [usertable] Level summary: base level 1 max bytes base 536870912 files[2 1 0 0 0 0 0] max score 1.00
