2018/11/25-14:39:10.027850 7f7e80121700 RocksDB version: 5.14.3
2018/11/25-14:39:10.027900 7f7e80121700 Git sha rocksdb_build_git_sha:
2018/11/25-14:39:10.027903 7f7e80121700 Compile date Nov 22 2018
2018/11/25-14:39:10.027907 7f7e80121700 DB SUMMARY
2018/11/25-14:39:10.027926 7f7e80121700 SST files in /mnt/sda/ycsb-rocksdb-data dir, Total Num: 0, files: 
2018/11/25-14:39:10.027929 7f7e80121700 Write Ahead Log file in /mnt/sda/ycsb-rocksdb-data: 
2018/11/25-14:39:10.027931 7f7e80121700                         Options.error_if_exists: 0
2018/11/25-14:39:10.027932 7f7e80121700                       Options.create_if_missing: 1
2018/11/25-14:39:10.027933 7f7e80121700                         Options.paranoid_checks: 1
2018/11/25-14:39:10.027934 7f7e80121700                                     Options.env: 0x7f7e039892c0
2018/11/25-14:39:10.027935 7f7e80121700                                Options.info_log: 0x7f7e2c3c4360
2018/11/25-14:39:10.027936 7f7e80121700                Options.max_file_opening_threads: 16
2018/11/25-14:39:10.027937 7f7e80121700                              Options.statistics: (nil)
2018/11/25-14:39:10.027938 7f7e80121700                               Options.use_fsync: 0
2018/11/25-14:39:10.027939 7f7e80121700                       Options.max_log_file_size: 0
2018/11/25-14:39:10.027940 7f7e80121700                  Options.max_manifest_file_size: 18446744073709551615
2018/11/25-14:39:10.027941 7f7e80121700                   Options.log_file_time_to_roll: 0
2018/11/25-14:39:10.027942 7f7e80121700                       Options.keep_log_file_num: 1000
2018/11/25-14:39:10.027943 7f7e80121700                    Options.recycle_log_file_num: 0
2018/11/25-14:39:10.027944 7f7e80121700                         Options.allow_fallocate: 1
2018/11/25-14:39:10.027945 7f7e80121700                        Options.allow_mmap_reads: 0
2018/11/25-14:39:10.027946 7f7e80121700                       Options.allow_mmap_writes: 0
2018/11/25-14:39:10.027947 7f7e80121700                        Options.use_direct_reads: 0
2018/11/25-14:39:10.027947 7f7e80121700                        Options.use_direct_io_for_flush_and_compaction: 0
2018/11/25-14:39:10.027948 7f7e80121700          Options.create_missing_column_families: 1
2018/11/25-14:39:10.027949 7f7e80121700                              Options.db_log_dir: 
2018/11/25-14:39:10.027950 7f7e80121700                                 Options.wal_dir: /mnt/sda/ycsb-rocksdb-data
2018/11/25-14:39:10.027951 7f7e80121700                Options.table_cache_numshardbits: 6
2018/11/25-14:39:10.027952 7f7e80121700                      Options.max_subcompactions: 4
2018/11/25-14:39:10.027953 7f7e80121700                  Options.max_background_flushes: 24
2018/11/25-14:39:10.027954 7f7e80121700                         Options.WAL_ttl_seconds: 0
2018/11/25-14:39:10.027955 7f7e80121700                       Options.WAL_size_limit_MB: 0
2018/11/25-14:39:10.027956 7f7e80121700             Options.manifest_preallocation_size: 4194304
2018/11/25-14:39:10.027957 7f7e80121700                     Options.is_fd_close_on_exec: 1
2018/11/25-14:39:10.027958 7f7e80121700                   Options.advise_random_on_open: 1
2018/11/25-14:39:10.027959 7f7e80121700                    Options.db_write_buffer_size: 0
2018/11/25-14:39:10.027960 7f7e80121700                    Options.write_buffer_manager: 0x7f7e2c3c0490
2018/11/25-14:39:10.027961 7f7e80121700         Options.access_hint_on_compaction_start: 1
2018/11/25-14:39:10.027961 7f7e80121700  Options.new_table_reader_for_compaction_inputs: 0
2018/11/25-14:39:10.027962 7f7e80121700           Options.random_access_max_buffer_size: 1048576
2018/11/25-14:39:10.027963 7f7e80121700                      Options.use_adaptive_mutex: 0
2018/11/25-14:39:10.027964 7f7e80121700                            Options.rate_limiter: (nil)
2018/11/25-14:39:10.027966 7f7e80121700     Options.sst_file_manager.rate_bytes_per_sec: 0
2018/11/25-14:39:10.027967 7f7e80121700                       Options.wal_recovery_mode: 2
2018/11/25-14:39:10.027968 7f7e80121700                  Options.enable_thread_tracking: 0
2018/11/25-14:39:10.027969 7f7e80121700                  Options.enable_pipelined_write: 1
2018/11/25-14:39:10.027978 7f7e80121700         Options.allow_concurrent_memtable_write: 1
2018/11/25-14:39:10.027979 7f7e80121700      Options.enable_write_thread_adaptive_yield: 1
2018/11/25-14:39:10.027980 7f7e80121700             Options.write_thread_max_yield_usec: 100
2018/11/25-14:39:10.027981 7f7e80121700            Options.write_thread_slow_yield_usec: 3
2018/11/25-14:39:10.027982 7f7e80121700                               Options.row_cache: None
2018/11/25-14:39:10.027983 7f7e80121700                              Options.wal_filter: None
2018/11/25-14:39:10.027984 7f7e80121700             Options.avoid_flush_during_recovery: 0
2018/11/25-14:39:10.027985 7f7e80121700             Options.allow_ingest_behind: 0
2018/11/25-14:39:10.027986 7f7e80121700             Options.preserve_deletes: 0
2018/11/25-14:39:10.027987 7f7e80121700             Options.two_write_queues: 0
2018/11/25-14:39:10.027988 7f7e80121700             Options.manual_wal_flush: 0
2018/11/25-14:39:10.027989 7f7e80121700             Options.max_background_jobs: 24
2018/11/25-14:39:10.027990 7f7e80121700             Options.max_background_compactions: 24
2018/11/25-14:39:10.027991 7f7e80121700             Options.avoid_flush_during_shutdown: 0
2018/11/25-14:39:10.027992 7f7e80121700           Options.writable_file_max_buffer_size: 1048576
2018/11/25-14:39:10.027993 7f7e80121700             Options.delayed_write_rate : 16777216
2018/11/25-14:39:10.027994 7f7e80121700             Options.max_total_wal_size: 0
2018/11/25-14:39:10.027995 7f7e80121700             Options.delete_obsolete_files_period_micros: 21600000000
2018/11/25-14:39:10.027996 7f7e80121700                   Options.stats_dump_period_sec: 60
2018/11/25-14:39:10.027997 7f7e80121700                          Options.max_open_files: -1
2018/11/25-14:39:10.027998 7f7e80121700                          Options.bytes_per_sync: 1048576
2018/11/25-14:39:10.027999 7f7e80121700                      Options.wal_bytes_per_sync: 0
2018/11/25-14:39:10.028000 7f7e80121700       Options.compaction_readahead_size: 0
2018/11/25-14:39:10.028001 7f7e80121700 Compression algorithms supported:
2018/11/25-14:39:10.028002 7f7e80121700 	kZSTDNotFinalCompression supported: 1
2018/11/25-14:39:10.028010 7f7e80121700 	kZSTD supported: 1
2018/11/25-14:39:10.028012 7f7e80121700 	kXpressCompression supported: 0
2018/11/25-14:39:10.028013 7f7e80121700 	kLZ4HCCompression supported: 1
2018/11/25-14:39:10.028014 7f7e80121700 	kLZ4Compression supported: 1
2018/11/25-14:39:10.028015 7f7e80121700 	kBZip2Compression supported: 1
2018/11/25-14:39:10.028016 7f7e80121700 	kZlibCompression supported: 1
2018/11/25-14:39:10.028017 7f7e80121700 	kSnappyCompression supported: 1
2018/11/25-14:39:10.028020 7f7e80121700 Fast CRC32 supported: Supported on x86
2018/11/25-14:39:10.028086 7f7e80121700 [db/db_impl_open.cc:222] Creating manifest 1 
2018/11/25-14:39:10.129394 7f7e80121700 [db/version_set.cc:3085] Recovering from manifest file: MANIFEST-000001
2018/11/25-14:39:10.129475 7f7e80121700 [db/column_family.cc:475] --------------- Options for column family [default]:
2018/11/25-14:39:10.129490 7f7e80121700               Options.comparator: leveldb.BytewiseComparator
2018/11/25-14:39:10.129491 7f7e80121700           Options.merge_operator: None
2018/11/25-14:39:10.129493 7f7e80121700        Options.compaction_filter: None
2018/11/25-14:39:10.129493 7f7e80121700        Options.compaction_filter_factory: None
2018/11/25-14:39:10.129495 7f7e80121700         Options.memtable_factory: SkipListFactory
2018/11/25-14:39:10.129496 7f7e80121700            Options.table_factory: BlockBasedTable
2018/11/25-14:39:10.129523 7f7e80121700            table_factory options:   flush_block_policy_factory: FlushBlockBySizePolicyFactory (0x7f7e2c375a50)
  cache_index_and_filter_blocks: 0
  cache_index_and_filter_blocks_with_high_priority: 0
  pin_l0_filter_and_index_blocks_in_cache: 0
  index_type: 0
  hash_index_allow_collision: 1
  checksum: 1
  no_block_cache: 0
  block_cache: 0x7f7e2c381a80
  block_cache_name: LRUCache
  block_cache_options:
    capacity : 8388608
    num_shard_bits : 4
    strict_capacity_limit : 0
    high_pri_pool_ratio: 0.000
  block_cache_compressed: (nil)
  persistent_cache: (nil)
  block_size: 8192
  block_size_deviation: 10
  block_restart_interval: 16
  index_block_restart_interval: 1
  metadata_block_size: 4096
  partition_filters: 0
  use_delta_encoding: 1
  filter_policy: nullptr
  whole_key_filtering: 1
  verify_compression: 0
  read_amp_bytes_per_bit: 0
  format_version: 2
  enable_index_compression: 1
  block_align: 0
2018/11/25-14:39:10.129537 7f7e80121700        Options.write_buffer_size: 134217728
2018/11/25-14:39:10.129539 7f7e80121700  Options.max_write_buffer_number: 24
2018/11/25-14:39:10.129540 7f7e80121700        Options.compression[0]: NoCompression
2018/11/25-14:39:10.129541 7f7e80121700        Options.compression[1]: NoCompression
2018/11/25-14:39:10.129542 7f7e80121700        Options.compression[2]: LZ4
2018/11/25-14:39:10.129543 7f7e80121700        Options.compression[3]: LZ4
2018/11/25-14:39:10.129544 7f7e80121700        Options.compression[4]: LZ4
2018/11/25-14:39:10.129545 7f7e80121700        Options.compression[5]: LZ4
2018/11/25-14:39:10.129546 7f7e80121700        Options.compression[6]: LZ4
2018/11/25-14:39:10.129547 7f7e80121700                  Options.bottommost_compression: Disabled
2018/11/25-14:39:10.129548 7f7e80121700       Options.prefix_extractor: nullptr
2018/11/25-14:39:10.129549 7f7e80121700   Options.memtable_insert_with_hint_prefix_extractor: nullptr
2018/11/25-14:39:10.129550 7f7e80121700             Options.num_levels: 7
2018/11/25-14:39:10.129551 7f7e80121700        Options.min_write_buffer_number_to_merge: 2
2018/11/25-14:39:10.129552 7f7e80121700     Options.max_write_buffer_number_to_maintain: 0
2018/11/25-14:39:10.129553 7f7e80121700            Options.compression_opts.window_bits: -14
2018/11/25-14:39:10.129554 7f7e80121700                  Options.compression_opts.level: -1
2018/11/25-14:39:10.129555 7f7e80121700               Options.compression_opts.strategy: 0
2018/11/25-14:39:10.129556 7f7e80121700         Options.compression_opts.max_dict_bytes: 0
2018/11/25-14:39:10.129557 7f7e80121700         Options.compression_opts.zstd_max_train_bytes: 0
2018/11/25-14:39:10.129558 7f7e80121700      Options.level0_file_num_compaction_trigger: 2
2018/11/25-14:39:10.129558 7f7e80121700          Options.level0_slowdown_writes_trigger: 20
2018/11/25-14:39:10.129559 7f7e80121700              Options.level0_stop_writes_trigger: 36
2018/11/25-14:39:10.129560 7f7e80121700                   Options.target_file_size_base: 67108864
2018/11/25-14:39:10.129561 7f7e80121700             Options.target_file_size_multiplier: 1
2018/11/25-14:39:10.129562 7f7e80121700                Options.max_bytes_for_level_base: 536870912
2018/11/25-14:39:10.129563 7f7e80121700 Options.level_compaction_dynamic_level_bytes: 0
2018/11/25-14:39:10.129564 7f7e80121700          Options.max_bytes_for_level_multiplier: 10.000000
2018/11/25-14:39:10.129567 7f7e80121700 Options.max_bytes_for_level_multiplier_addtl[0]: 1
2018/11/25-14:39:10.129568 7f7e80121700 Options.max_bytes_for_level_multiplier_addtl[1]: 1
2018/11/25-14:39:10.129569 7f7e80121700 Options.max_bytes_for_level_multiplier_addtl[2]: 1
2018/11/25-14:39:10.129569 7f7e80121700 Options.max_bytes_for_level_multiplier_addtl[3]: 1
2018/11/25-14:39:10.129570 7f7e80121700 Options.max_bytes_for_level_multiplier_addtl[4]: 1
2018/11/25-14:39:10.129571 7f7e80121700 Options.max_bytes_for_level_multiplier_addtl[5]: 1
2018/11/25-14:39:10.129572 7f7e80121700 Options.max_bytes_for_level_multiplier_addtl[6]: 1
2018/11/25-14:39:10.129573 7f7e80121700       Options.max_sequential_skip_in_iterations: 8
2018/11/25-14:39:10.129574 7f7e80121700                    Options.max_compaction_bytes: 1677721600
2018/11/25-14:39:10.129574 7f7e80121700                        Options.arena_block_size: 16777216
2018/11/25-14:39:10.129575 7f7e80121700   Options.soft_pending_compaction_bytes_limit: 68719476736
2018/11/25-14:39:10.129576 7f7e80121700   Options.hard_pending_compaction_bytes_limit: 274877906944
2018/11/25-14:39:10.129583 7f7e80121700       Options.rate_limit_delay_max_milliseconds: 100
2018/11/25-14:39:10.129584 7f7e80121700                Options.disable_auto_compactions: 0
2018/11/25-14:39:10.129586 7f7e80121700                        Options.compaction_style: kCompactionStyleLevel
2018/11/25-14:39:10.129588 7f7e80121700                          Options.compaction_pri: kByCompensatedSize
2018/11/25-14:39:10.129589 7f7e80121700 Options.compaction_options_universal.size_ratio: 1
2018/11/25-14:39:10.129590 7f7e80121700 Options.compaction_options_universal.min_merge_width: 2
2018/11/25-14:39:10.129591 7f7e80121700 Options.compaction_options_universal.max_merge_width: 4294967295
2018/11/25-14:39:10.129592 7f7e80121700 Options.compaction_options_universal.max_size_amplification_percent: 200
2018/11/25-14:39:10.129593 7f7e80121700 Options.compaction_options_universal.compression_size_percent: -1
2018/11/25-14:39:10.129594 7f7e80121700 Options.compaction_options_universal.stop_style: kCompactionStopStyleTotalSize
2018/11/25-14:39:10.129595 7f7e80121700 Options.compaction_options_fifo.max_table_files_size: 1073741824
2018/11/25-14:39:10.129596 7f7e80121700 Options.compaction_options_fifo.allow_compaction: 0
2018/11/25-14:39:10.129597 7f7e80121700 Options.compaction_options_fifo.ttl: 0
2018/11/25-14:39:10.129598 7f7e80121700                   Options.table_properties_collectors: 
2018/11/25-14:39:10.129598 7f7e80121700                   Options.inplace_update_support: 0
2018/11/25-14:39:10.129599 7f7e80121700                 Options.inplace_update_num_locks: 10000
2018/11/25-14:39:10.129600 7f7e80121700               Options.memtable_prefix_bloom_size_ratio: 0.000000
2018/11/25-14:39:10.129602 7f7e80121700   Options.memtable_huge_page_size: 0
2018/11/25-14:39:10.129603 7f7e80121700                           Options.bloom_locality: 0
2018/11/25-14:39:10.129603 7f7e80121700                    Options.max_successive_merges: 0
2018/11/25-14:39:10.129604 7f7e80121700                Options.optimize_filters_for_hits: 0
2018/11/25-14:39:10.129605 7f7e80121700                Options.paranoid_file_checks: 0
2018/11/25-14:39:10.129606 7f7e80121700                Options.force_consistency_checks: 0
2018/11/25-14:39:10.129607 7f7e80121700                Options.report_bg_io_stats: 0
2018/11/25-14:39:10.129607 7f7e80121700                               Options.ttl: 0
2018/11/25-14:39:10.130428 7f7e80121700 [db/version_set.cc:3361] Recovered from manifest file:/mnt/sda/ycsb-rocksdb-data/MANIFEST-000001 succeeded,manifest_file_number is 1, next_file_number is 3, last_sequence is 0, log_number is 0,prev_log_number is 0,max_column_family is 0,min_log_number_to_keep is 0
2018/11/25-14:39:10.130434 7f7e80121700 [db/version_set.cc:3369] Column family [default] (ID 0), log number is 0
2018/11/25-14:39:10.130612 7f7e80121700 [db/version_set.cc:2847] Creating manifest 4
2018/11/25-14:39:10.203085 7f7e80121700 [db/column_family.cc:475] --------------- Options for column family [usertable]:
2018/11/25-14:39:10.203089 7f7e80121700               Options.comparator: leveldb.BytewiseComparator
2018/11/25-14:39:10.203090 7f7e80121700           Options.merge_operator: None
2018/11/25-14:39:10.203091 7f7e80121700        Options.compaction_filter: None
2018/11/25-14:39:10.203092 7f7e80121700        Options.compaction_filter_factory: None
2018/11/25-14:39:10.203093 7f7e80121700         Options.memtable_factory: SkipListFactory
2018/11/25-14:39:10.203094 7f7e80121700            Options.table_factory: BlockBasedTable
2018/11/25-14:39:10.203121 7f7e80121700            table_factory options:   flush_block_policy_factory: FlushBlockBySizePolicyFactory (0x7f7e2c375b30)
  cache_index_and_filter_blocks: 0
  cache_index_and_filter_blocks_with_high_priority: 0
  pin_l0_filter_and_index_blocks_in_cache: 0
  index_type: 0
  hash_index_allow_collision: 1
  checksum: 1
  no_block_cache: 0
  block_cache: 0x7f7e2c376c50
  block_cache_name: LRUCache
  block_cache_options:
    capacity : 8388608
    num_shard_bits : 4
    strict_capacity_limit : 0
    high_pri_pool_ratio: 0.000
  block_cache_compressed: (nil)
  persistent_cache: (nil)
  block_size: 8192
  block_size_deviation: 10
  block_restart_interval: 16
  index_block_restart_interval: 1
  metadata_block_size: 4096
  partition_filters: 0
  use_delta_encoding: 1
  filter_policy: nullptr
  whole_key_filtering: 1
  verify_compression: 0
  read_amp_bytes_per_bit: 0
  format_version: 2
  enable_index_compression: 1
  block_align: 0
2018/11/25-14:39:10.203125 7f7e80121700        Options.write_buffer_size: 134217728
2018/11/25-14:39:10.203126 7f7e80121700  Options.max_write_buffer_number: 24
2018/11/25-14:39:10.203128 7f7e80121700        Options.compression[0]: NoCompression
2018/11/25-14:39:10.203129 7f7e80121700        Options.compression[1]: NoCompression
2018/11/25-14:39:10.203130 7f7e80121700        Options.compression[2]: LZ4
2018/11/25-14:39:10.203131 7f7e80121700        Options.compression[3]: LZ4
2018/11/25-14:39:10.203132 7f7e80121700        Options.compression[4]: LZ4
2018/11/25-14:39:10.203133 7f7e80121700        Options.compression[5]: LZ4
2018/11/25-14:39:10.203134 7f7e80121700        Options.compression[6]: LZ4
2018/11/25-14:39:10.203135 7f7e80121700                  Options.bottommost_compression: Disabled
2018/11/25-14:39:10.203137 7f7e80121700       Options.prefix_extractor: nullptr
2018/11/25-14:39:10.203137 7f7e80121700   Options.memtable_insert_with_hint_prefix_extractor: nullptr
2018/11/25-14:39:10.203138 7f7e80121700             Options.num_levels: 7
2018/11/25-14:39:10.203139 7f7e80121700        Options.min_write_buffer_number_to_merge: 2
2018/11/25-14:39:10.203140 7f7e80121700     Options.max_write_buffer_number_to_maintain: 0
2018/11/25-14:39:10.203141 7f7e80121700            Options.compression_opts.window_bits: -14
2018/11/25-14:39:10.203142 7f7e80121700                  Options.compression_opts.level: -1
2018/11/25-14:39:10.203143 7f7e80121700               Options.compression_opts.strategy: 0
2018/11/25-14:39:10.203144 7f7e80121700         Options.compression_opts.max_dict_bytes: 0
2018/11/25-14:39:10.203145 7f7e80121700         Options.compression_opts.zstd_max_train_bytes: 0
2018/11/25-14:39:10.203146 7f7e80121700      Options.level0_file_num_compaction_trigger: 2
2018/11/25-14:39:10.203147 7f7e80121700          Options.level0_slowdown_writes_trigger: 20
2018/11/25-14:39:10.203148 7f7e80121700              Options.level0_stop_writes_trigger: 36
2018/11/25-14:39:10.203148 7f7e80121700                   Options.target_file_size_base: 67108864
2018/11/25-14:39:10.203149 7f7e80121700             Options.target_file_size_multiplier: 1
2018/11/25-14:39:10.203150 7f7e80121700                Options.max_bytes_for_level_base: 536870912
2018/11/25-14:39:10.203151 7f7e80121700 Options.level_compaction_dynamic_level_bytes: 0
2018/11/25-14:39:10.203152 7f7e80121700          Options.max_bytes_for_level_multiplier: 10.000000
2018/11/25-14:39:10.203154 7f7e80121700 Options.max_bytes_for_level_multiplier_addtl[0]: 1
2018/11/25-14:39:10.203178 7f7e80121700 Options.max_bytes_for_level_multiplier_addtl[1]: 1
2018/11/25-14:39:10.203180 7f7e80121700 Options.max_bytes_for_level_multiplier_addtl[2]: 1
2018/11/25-14:39:10.203181 7f7e80121700 Options.max_bytes_for_level_multiplier_addtl[3]: 1
2018/11/25-14:39:10.203182 7f7e80121700 Options.max_bytes_for_level_multiplier_addtl[4]: 1
2018/11/25-14:39:10.203183 7f7e80121700 Options.max_bytes_for_level_multiplier_addtl[5]: 1
2018/11/25-14:39:10.203184 7f7e80121700 Options.max_bytes_for_level_multiplier_addtl[6]: 1
2018/11/25-14:39:10.203184 7f7e80121700       Options.max_sequential_skip_in_iterations: 8
2018/11/25-14:39:10.203185 7f7e80121700                    Options.max_compaction_bytes: 1677721600
2018/11/25-14:39:10.203186 7f7e80121700                        Options.arena_block_size: 16777216
2018/11/25-14:39:10.203187 7f7e80121700   Options.soft_pending_compaction_bytes_limit: 68719476736
2018/11/25-14:39:10.203188 7f7e80121700   Options.hard_pending_compaction_bytes_limit: 274877906944
2018/11/25-14:39:10.203189 7f7e80121700       Options.rate_limit_delay_max_milliseconds: 100
2018/11/25-14:39:10.203190 7f7e80121700                Options.disable_auto_compactions: 0
2018/11/25-14:39:10.203191 7f7e80121700                        Options.compaction_style: kCompactionStyleLevel
2018/11/25-14:39:10.203193 7f7e80121700                          Options.compaction_pri: kByCompensatedSize
2018/11/25-14:39:10.203194 7f7e80121700 Options.compaction_options_universal.size_ratio: 1
2018/11/25-14:39:10.203195 7f7e80121700 Options.compaction_options_universal.min_merge_width: 2
2018/11/25-14:39:10.203195 7f7e80121700 Options.compaction_options_universal.max_merge_width: 4294967295
2018/11/25-14:39:10.203196 7f7e80121700 Options.compaction_options_universal.max_size_amplification_percent: 200
2018/11/25-14:39:10.203197 7f7e80121700 Options.compaction_options_universal.compression_size_percent: -1
2018/11/25-14:39:10.203199 7f7e80121700 Options.compaction_options_universal.stop_style: kCompactionStopStyleTotalSize
2018/11/25-14:39:10.203200 7f7e80121700 Options.compaction_options_fifo.max_table_files_size: 1073741824
2018/11/25-14:39:10.203201 7f7e80121700 Options.compaction_options_fifo.allow_compaction: 0
2018/11/25-14:39:10.203201 7f7e80121700 Options.compaction_options_fifo.ttl: 0
2018/11/25-14:39:10.203202 7f7e80121700                   Options.table_properties_collectors: 
2018/11/25-14:39:10.203203 7f7e80121700                   Options.inplace_update_support: 0
2018/11/25-14:39:10.203204 7f7e80121700                 Options.inplace_update_num_locks: 10000
2018/11/25-14:39:10.203205 7f7e80121700               Options.memtable_prefix_bloom_size_ratio: 0.000000
2018/11/25-14:39:10.203207 7f7e80121700   Options.memtable_huge_page_size: 0
2018/11/25-14:39:10.203208 7f7e80121700                           Options.bloom_locality: 0
2018/11/25-14:39:10.203208 7f7e80121700                    Options.max_successive_merges: 0
2018/11/25-14:39:10.203209 7f7e80121700                Options.optimize_filters_for_hits: 0
2018/11/25-14:39:10.203210 7f7e80121700                Options.paranoid_file_checks: 0
2018/11/25-14:39:10.203211 7f7e80121700                Options.force_consistency_checks: 0
2018/11/25-14:39:10.203212 7f7e80121700                Options.report_bg_io_stats: 0
2018/11/25-14:39:10.203213 7f7e80121700                               Options.ttl: 0
2018/11/25-14:39:10.203252 7f7e80121700 [db/db_impl.cc:1396] Created column family [usertable] (ID 1)
2018/11/25-14:39:10.280607 7f7e80121700 [db/db_impl_open.cc:1219] DB pointer 0x7f7e2c3c4a80
2018/11/25-14:39:19.246707 7f7e30dfc700 [db/db_impl_write.cc:1373] [usertable] New memtable created with log file: #9. Immutable memtables: 0.
2018/11/25-14:39:28.124403 7f7e307f6700 [db/db_impl_write.cc:1373] [usertable] New memtable created with log file: #10. Immutable memtables: 1.
2018/11/25-14:39:28.124612 7f7d40ff9700 [db/db_impl_compaction_flush.cc:80] [JOB 2] Syncing log #3
2018/11/25-14:39:28.385237 7f7d40ff9700 [db/db_impl_compaction_flush.cc:80] [JOB 2] Syncing log #9
2018/11/25-14:39:28.909087 7f7d40ff9700 (Original Log Time 2018/11/25-14:39:28.124546) [db/db_impl_compaction_flush.cc:1424] Calling FlushMemTableToOutputFile with column family [usertable], flush slots available 24, compaction slots available 1, flush slots scheduled 1, compaction slots scheduled 0
2018/11/25-14:39:28.909105 7f7d40ff9700 [db/flush_job.cc:301] [usertable] [JOB 2] Flushing memtable with next log file: 9
2018/11/25-14:39:28.909119 7f7d40ff9700 [db/flush_job.cc:301] [usertable] [JOB 2] Flushing memtable with next log file: 10
2018/11/25-14:39:28.909184 7f7d40ff9700 EVENT_LOG_v1 {"time_micros": 1543185568909153, "job": 2, "event": "flush_started", "num_memtables": 2, "num_entries": 62448, "num_deletes": 0, "memory_usage": 258875504, "flush_reason": "Write Buffer Full"}
2018/11/25-14:39:28.909197 7f7d40ff9700 [db/flush_job.cc:331] [usertable] [JOB 2] Level-0 flush table #11: started
2018/11/25-14:39:31.185149 7f7d40ff9700 EVENT_LOG_v1 {"time_micros": 1543185571185122, "cf_name": "usertable", "job": 2, "event": "table_file_creation", "file_number": 11, "file_size": 258622119, "table_properties": {"data_size": 257473104, "index_size": 1148088, "filter_size": 0, "raw_key_size": 1498752, "raw_average_key_size": 24, "raw_value_size": 255787008, "raw_average_value_size": 4096, "num_data_blocks": 31224, "num_entries": 62448, "filter_policy_name": "", "kDeletedKeys": "0", "kMergeOperands": "0"}}
2018/11/25-14:39:31.185179 7f7d40ff9700 [db/flush_job.cc:371] [usertable] [JOB 2] Level-0 flush table #11: 258622119 bytes OK
2018/11/25-14:39:31.214168 7f7d40ff9700 (Original Log Time 2018/11/25-14:39:31.185198) [db/memtable_list.cc:377] [usertable] Level-0 commit table #11 started
2018/11/25-14:39:31.214172 7f7d40ff9700 (Original Log Time 2018/11/25-14:39:31.214073) [db/memtable_list.cc:409] [usertable] Level-0 commit table #11: memtable #1 done
2018/11/25-14:39:31.214173 7f7d40ff9700 (Original Log Time 2018/11/25-14:39:31.214086) [db/memtable_list.cc:409] [usertable] Level-0 commit table #11: memtable #2 done
2018/11/25-14:39:31.214175 7f7d40ff9700 (Original Log Time 2018/11/25-14:39:31.214115) EVENT_LOG_v1 {"time_micros": 1543185571214105, "job": 2, "event": "flush_finished", "output_compression": "NoCompression", "lsm_state": [1, 0, 0, 0, 0, 0, 0], "immutable_memtables": 0}
2018/11/25-14:39:31.214177 7f7d40ff9700 (Original Log Time 2018/11/25-14:39:31.214140) [db/db_impl_compaction_flush.cc:177] [usertable] Level summary: base level 1 max bytes base 536870912 files[1 0 0 0 0 0 0] max score 0.50
2018/11/25-14:39:31.214188 7f7d40ff9700 [db/db_impl_files.cc:347] [JOB 2] Try to delete WAL files size 257846472, prev total WAL file size 302505616, number of live WAL files 3.
2018/11/25-14:39:36.780942 7f7e30cfb700 [db/db_impl_write.cc:1373] [usertable] New memtable created with log file: #12. Immutable memtables: 0.
2018/11/25-14:39:45.455783 7f7e30bfa700 [db/db_impl_write.cc:1373] [usertable] New memtable created with log file: #13. Immutable memtables: 1.
2018/11/25-14:39:45.455893 7f7da1ffb700 [db/db_impl_compaction_flush.cc:80] [JOB 3] Syncing log #10
2018/11/25-14:39:47.188102 7f7da1ffb700 [db/db_impl_compaction_flush.cc:80] [JOB 3] Syncing log #12
2018/11/25-14:39:49.043478 7f7da1ffb700 (Original Log Time 2018/11/25-14:39:45.455875) [db/db_impl_compaction_flush.cc:1424] Calling FlushMemTableToOutputFile with column family [usertable], flush slots available 24, compaction slots available 1, flush slots scheduled 1, compaction slots scheduled 0
2018/11/25-14:39:49.043494 7f7da1ffb700 [db/flush_job.cc:301] [usertable] [JOB 3] Flushing memtable with next log file: 12
2018/11/25-14:39:49.043501 7f7da1ffb700 [db/flush_job.cc:301] [usertable] [JOB 3] Flushing memtable with next log file: 13
2018/11/25-14:39:49.043531 7f7da1ffb700 EVENT_LOG_v1 {"time_micros": 1543185589043522, "job": 3, "event": "flush_started", "num_memtables": 2, "num_entries": 60659, "num_deletes": 0, "memory_usage": 259657240, "flush_reason": "Write Buffer Full"}
2018/11/25-14:39:49.043537 7f7da1ffb700 [db/flush_job.cc:331] [usertable] [JOB 3] Level-0 flush table #14: started
2018/11/25-14:39:50.006827 7f7da1ffb700 EVENT_LOG_v1 {"time_micros": 1543185590006806, "cf_name": "usertable", "job": 3, "event": "table_file_creation", "file_number": 14, "file_size": 251213203, "table_properties": {"data_size": 250097071, "index_size": 1115205, "filter_size": 0, "raw_key_size": 1455816, "raw_average_key_size": 24, "raw_value_size": 248459264, "raw_average_value_size": 4096, "num_data_blocks": 30330, "num_entries": 60659, "filter_policy_name": "", "kDeletedKeys": "0", "kMergeOperands": "0"}}
2018/11/25-14:39:50.006860 7f7da1ffb700 [db/flush_job.cc:371] [usertable] [JOB 3] Level-0 flush table #14: 251213203 bytes OK
2018/11/25-14:39:50.124049 7f7da1ffb700 (Original Log Time 2018/11/25-14:39:50.006874) [db/memtable_list.cc:377] [usertable] Level-0 commit table #14 started
2018/11/25-14:39:50.124053 7f7da1ffb700 (Original Log Time 2018/11/25-14:39:50.123971) [db/memtable_list.cc:409] [usertable] Level-0 commit table #14: memtable #1 done
2018/11/25-14:39:50.124054 7f7da1ffb700 (Original Log Time 2018/11/25-14:39:50.123973) [db/memtable_list.cc:409] [usertable] Level-0 commit table #14: memtable #2 done
2018/11/25-14:39:50.124056 7f7da1ffb700 (Original Log Time 2018/11/25-14:39:50.123998) EVENT_LOG_v1 {"time_micros": 1543185590123991, "job": 3, "event": "flush_finished", "output_compression": "NoCompression", "lsm_state": [2, 0, 0, 0, 0, 0, 0], "immutable_memtables": 0}
2018/11/25-14:39:50.124057 7f7da1ffb700 (Original Log Time 2018/11/25-14:39:50.124032) [db/db_impl_compaction_flush.cc:177] [usertable] Level summary: base level 1 max bytes base 536870912 files[2 0 0 0 0 0 0] max score 1.00
2018/11/25-14:39:50.124066 7f7da1ffb700 [db/db_impl_files.cc:347] [JOB 3] Try to delete WAL files size 250459007, prev total WAL file size 317922498, number of live WAL files 3.
2018/11/25-14:39:50.124252 7f7e03011700 [WARN] [db/db_impl.cc:491] ------- DUMPING STATS -------
2018/11/25-14:39:50.125759 7f7e03011700 [WARN] [db/db_impl.cc:492] 
** DB Stats **
Uptime(secs): 40.0 total, 40.0 interval
Cumulative writes: 139K writes, 139K keys, 139K commit groups, 1.0 writes per commit group, ingest: 0.54 GB, 13.73 MB/s
Cumulative WAL: 139K writes, 0 syncs, 139446.00 writes per sync, written: 0.54 GB, 13.73 MB/s
Cumulative stall: 00:00:0.000 H:M:S, 0.0 percent
Interval writes: 139K writes, 139K keys, 139K commit groups, 1.0 writes per commit group, ingest: 549.10 MB, 13.73 MB/s
Interval WAL: 139K writes, 0 syncs, 139446.00 writes per sync, written: 0.54 MB, 13.73 MB/s
Interval stall: 00:00:0.000 H:M:S, 0.0 percent

** Compaction Stats [default] **
Level    Files   Size     Score Read(GB)  Rn(GB) Rnp1(GB) Write(GB) Wnew(GB) Moved(GB) W-Amp Rd(MB/s) Wr(MB/s) Comp(sec) Comp(cnt) Avg(sec) KeyIn KeyDrop
----------------------------------------------------------------------------------------------------------------------------------------------------------
 Sum      0/0    0.00 KB   0.0      0.0     0.0      0.0       0.0      0.0       0.0   0.0      0.0      0.0         0         0    0.000       0      0
 Int      0/0    0.00 KB   0.0      0.0     0.0      0.0       0.0      0.0       0.0   0.0      0.0      0.0         0         0    0.000       0      0
Uptime(secs): 40.0 total, 40.0 interval
Flush(GB): cumulative 0.000, interval 0.000
AddFile(GB): cumulative 0.000, interval 0.000
AddFile(Total Files): cumulative 0, interval 0
AddFile(L0 Files): cumulative 0, interval 0
AddFile(Keys): cumulative 0, interval 0
Cumulative compaction: 0.00 GB write, 0.00 MB/s write, 0.00 GB read, 0.00 MB/s read, 0.0 seconds
Interval compaction: 0.00 GB write, 0.00 MB/s write, 0.00 GB read, 0.00 MB/s read, 0.0 seconds
Stalls(count): 0 level0_slowdown, 0 level0_slowdown_with_compaction, 0 level0_numfiles, 0 level0_numfiles_with_compaction, 0 stop for pending_compaction_bytes, 0 slowdown for pending_compaction_bytes, 0 memtable_compaction, 0 memtable_slowdown, interval 0 total count

** File Read Latency Histogram By Level [default] **

** Compaction Stats [usertable] **
Level    Files   Size     Score Read(GB)  Rn(GB) Rnp1(GB) Write(GB) Wnew(GB) Moved(GB) W-Amp Rd(MB/s) Wr(MB/s) Comp(sec) Comp(cnt) Avg(sec) KeyIn KeyDrop
----------------------------------------------------------------------------------------------------------------------------------------------------------
  L0      2/0   486.22 MB   1.0      0.0     0.0      0.0       0.5      0.5       0.0   1.0      0.0    150.1         3         2    1.620       0      0
 Sum      2/0   486.22 MB   0.0      0.0     0.0      0.0       0.5      0.5       0.0   1.0      0.0    150.1         3         2    1.620       0      0
 Int      0/0    0.00 KB   0.0      0.0     0.0      0.0       0.5      0.5       0.0   1.0      0.0    150.1         3         2    1.620       0      0
Uptime(secs): 39.9 total, 39.9 interval
Flush(GB): cumulative 0.475, interval 0.475
AddFile(GB): cumulative 0.000, interval 0.000
AddFile(Total Files): cumulative 0, interval 0
AddFile(L0 Files): cumulative 0, interval 0
AddFile(Keys): cumulative 0, interval 0
Cumulative compaction: 0.47 GB write, 12.18 MB/s write, 0.00 GB read, 0.00 MB/s read, 3.2 seconds
Interval compaction: 0.47 GB write, 12.18 MB/s write, 0.00 GB read, 0.00 MB/s read, 3.2 seconds
Stalls(count): 0 level0_slowdown, 0 level0_slowdown_with_compaction, 0 level0_numfiles, 0 level0_numfiles_with_compaction, 0 stop for pending_compaction_bytes, 0 slowdown for pending_compaction_bytes, 0 memtable_compaction, 0 memtable_slowdown, interval 0 total count

** File Read Latency Histogram By Level [usertable] **

** Compaction Stats [default] **
Level    Files   Size     Score Read(GB)  Rn(GB) Rnp1(GB) Write(GB) Wnew(GB) Moved(GB) W-Amp Rd(MB/s) Wr(MB/s) Comp(sec) Comp(cnt) Avg(sec) KeyIn KeyDrop
----------------------------------------------------------------------------------------------------------------------------------------------------------
 Sum      0/0    0.00 KB   0.0      0.0     0.0      0.0       0.0      0.0       0.0   0.0      0.0      0.0         0         0    0.000       0      0
 Int      0/0    0.00 KB   0.0      0.0     0.0      0.0       0.0      0.0       0.0   0.0      0.0      0.0         0         0    0.000       0      0
Uptime(secs): 40.0 total, 0.0 interval
Flush(GB): cumulative 0.000, interval 0.000
AddFile(GB): cumulative 0.000, interval 0.000
AddFile(Total Files): cumulative 0, interval 0
AddFile(L0 Files): cumulative 0, interval 0
AddFile(Keys): cumulative 0, interval 0
Cumulative compaction: 0.00 GB write, 0.00 MB/s write, 0.00 GB read, 0.00 MB/s read, 0.0 seconds
Interval compaction: 0.00 GB write, 0.00 MB/s write, 0.00 GB read, 0.00 MB/s read, 0.0 seconds
Stalls(count): 0 level0_slowdown, 0 level0_slowdown_with_compaction, 0 level0_numfiles, 0 level0_numfiles_with_compaction, 0 stop for pending_compaction_bytes, 0 slowdown for pending_compaction_bytes, 0 memtable_compaction, 0 memtable_slowdown, interval 0 total count

** File Read Latency Histogram By Level [default] **

** Compaction Stats [usertable] **
Level    Files   Size     Score Read(GB)  Rn(GB) Rnp1(GB) Write(GB) Wnew(GB) Moved(GB) W-Amp Rd(MB/s) Wr(MB/s) Comp(sec) Comp(cnt) Avg(sec) KeyIn KeyDrop
----------------------------------------------------------------------------------------------------------------------------------------------------------
  L0      2/0   486.22 MB   1.0      0.0     0.0      0.0       0.5      0.5       0.0   1.0      0.0    150.1         3         2    1.620       0      0
 Sum      2/0   486.22 MB   0.0      0.0     0.0      0.0       0.5      0.5       0.0   1.0      0.0    150.1         3         2    1.620       0      0
 Int      0/0    0.00 KB   0.0      0.0     0.0      0.0       0.0      0.0       0.0   0.0      0.0      0.0         0         0    0.000       0      0
Uptime(secs): 39.9 total, 0.0 interval
Flush(GB): cumulative 0.475, interval 0.000
AddFile(GB): cumulative 0.000, interval 0.000
AddFile(Total Files): cumulative 0, interval 0
AddFile(L0 Files): cumulative 0, interval 0
AddFile(Keys): cumulative 0, interval 0
Cumulative compaction: 0.47 GB write, 12.18 MB/s write, 0.00 GB read, 0.00 MB/s read, 3.2 seconds
Interval compaction: 0.00 GB write, 0.00 MB/s write, 0.00 GB read, 0.00 MB/s read, 0.0 seconds
Stalls(count): 0 level0_slowdown, 0 level0_slowdown_with_compaction, 0 level0_numfiles, 0 level0_numfiles_with_compaction, 0 stop for pending_compaction_bytes, 0 slowdown for pending_compaction_bytes, 0 memtable_compaction, 0 memtable_slowdown, interval 0 total count

** File Read Latency Histogram By Level [usertable] **
2018/11/25-14:39:50.185605 7f7e03011700 (Original Log Time 2018/11/25-14:39:50.128212) [db/db_impl_compaction_flush.cc:1835] [usertable] Moving #11 to level-1 258622119 bytes
2018/11/25-14:39:50.185609 7f7e03011700 (Original Log Time 2018/11/25-14:39:50.185556) EVENT_LOG_v1 {"time_micros": 1543185590185545, "job": 4, "event": "trivial_move", "destination_level": 1, "files": 1, "total_files_size": 258622119}
2018/11/25-14:39:50.185610 7f7e03011700 (Original Log Time 2018/11/25-14:39:50.185571) [db/db_impl_compaction_flush.cc:1864] [usertable] Moved #1 files to level-1 258622119 bytes OK: base level 1 max bytes base 536870912 files[1 1 0 0 0 0 0] max score 0.50
2018/11/25-14:39:54.130261 7f7e306f5700 [db/db_impl_write.cc:1373] [usertable] New memtable created with log file: #15. Immutable memtables: 0.
2018/11/25-14:40:02.805395 7f7e309f8700 [db/db_impl_write.cc:1373] [usertable] New memtable created with log file: #16. Immutable memtables: 1.
2018/11/25-14:40:02.805504 7f7da17fa700 [db/db_impl_compaction_flush.cc:80] [JOB 5] Syncing log #13
2018/11/25-14:40:03.311875 7f7da17fa700 [db/db_impl_compaction_flush.cc:80] [JOB 5] Syncing log #15
2018/11/25-14:40:04.129925 7f7da17fa700 (Original Log Time 2018/11/25-14:40:02.805478) [db/db_impl_compaction_flush.cc:1424] Calling FlushMemTableToOutputFile with column family [usertable], flush slots available 24, compaction slots available 1, flush slots scheduled 1, compaction slots scheduled 0
2018/11/25-14:40:04.129941 7f7da17fa700 [db/flush_job.cc:301] [usertable] [JOB 5] Flushing memtable with next log file: 15
2018/11/25-14:40:04.129948 7f7da17fa700 [db/flush_job.cc:301] [usertable] [JOB 5] Flushing memtable with next log file: 16
2018/11/25-14:40:04.129976 7f7da17fa700 EVENT_LOG_v1 {"time_micros": 1543185604129967, "job": 5, "event": "flush_started", "num_memtables": 2, "num_entries": 60725, "num_deletes": 0, "memory_usage": 255816200, "flush_reason": "Write Buffer Full"}
2018/11/25-14:40:04.129982 7f7da17fa700 [db/flush_job.cc:331] [usertable] [JOB 5] Level-0 flush table #17: started
2018/11/25-14:40:06.641219 7f7da17fa700 EVENT_LOG_v1 {"time_micros": 1543185606641198, "cf_name": "usertable", "job": 5, "event": "table_file_creation", "file_number": 17, "file_size": 251500029, "table_properties": {"data_size": 250375935, "index_size": 1123167, "filter_size": 0, "raw_key_size": 1457400, "raw_average_key_size": 24, "raw_value_size": 248729600, "raw_average_value_size": 4096, "num_data_blocks": 30363, "num_entries": 60725, "filter_policy_name": "", "kDeletedKeys": "0", "kMergeOperands": "0"}}
2018/11/25-14:40:06.641239 7f7da17fa700 [db/flush_job.cc:371] [usertable] [JOB 5] Level-0 flush table #17: 251500029 bytes OK
2018/11/25-14:40:06.763429 7f7da17fa700 (Original Log Time 2018/11/25-14:40:06.641252) [db/memtable_list.cc:377] [usertable] Level-0 commit table #17 started
2018/11/25-14:40:06.763433 7f7da17fa700 (Original Log Time 2018/11/25-14:40:06.763362) [db/memtable_list.cc:409] [usertable] Level-0 commit table #17: memtable #1 done
2018/11/25-14:40:06.763434 7f7da17fa700 (Original Log Time 2018/11/25-14:40:06.763366) [db/memtable_list.cc:409] [usertable] Level-0 commit table #17: memtable #2 done
2018/11/25-14:40:06.763436 7f7da17fa700 (Original Log Time 2018/11/25-14:40:06.763382) EVENT_LOG_v1 {"time_micros": 1543185606763375, "job": 5, "event": "flush_finished", "output_compression": "NoCompression", "lsm_state": [2, 1, 0, 0, 0, 0, 0], "immutable_memtables": 0}
2018/11/25-14:40:06.763438 7f7da17fa700 (Original Log Time 2018/11/25-14:40:06.763411) [db/db_impl_compaction_flush.cc:177] [usertable] Level summary: base level 1 max bytes base 536870912 files[2 1 0 0 0 0 0] max score 1.00
