2018/11/19-20:19:42.475602 7f21a46d5700 RocksDB version: 5.14.3
2018/11/19-20:19:42.475684 7f21a46d5700 Git sha rocksdb_build_git_sha:
2018/11/19-20:19:42.475687 7f21a46d5700 Compile date Oct 15 2018
2018/11/19-20:19:42.475691 7f21a46d5700 DB SUMMARY
2018/11/19-20:19:42.476014 7f21a46d5700 CURRENT file:  CURRENT
2018/11/19-20:19:42.476016 7f21a46d5700 IDENTITY file:  IDENTITY
2018/11/19-20:19:42.476025 7f21a46d5700 MANIFEST file:  MANIFEST-000004 size: 13670 Bytes
2018/11/19-20:19:42.476028 7f21a46d5700 SST files in /mnt/sdb/ycsb-rocksdb-data dir, Total Num: 99, files: 000011.sst 000023.sst 000061.sst 000062.sst 000063.sst 000065.sst 000067.sst 000069.sst 000071.sst 
2018/11/19-20:19:42.476029 7f21a46d5700 Write Ahead Log file in /mnt/sdb/ycsb-rocksdb-data: 000298.log size: 115625023 ; 000305.log size: 119779484 ; 000306.log size: 113389175 ; 000308.log size: 109053045 ; 000309.log size: 118856320 ; 000311.log size: 115395664 ; 000312.log size: 51777912 ; 
2018/11/19-20:19:42.476034 7f21a46d5700                         Options.error_if_exists: 0
2018/11/19-20:19:42.476035 7f21a46d5700                       Options.create_if_missing: 1
2018/11/19-20:19:42.476036 7f21a46d5700                         Options.paranoid_checks: 1
2018/11/19-20:19:42.476037 7f21a46d5700                                     Options.env: 0x7f21970d33e0
2018/11/19-20:19:42.476038 7f21a46d5700                                Options.info_log: 0x7f21103d37e0
2018/11/19-20:19:42.476039 7f21a46d5700                Options.max_file_opening_threads: 16
2018/11/19-20:19:42.476040 7f21a46d5700                              Options.statistics: (nil)
2018/11/19-20:19:42.476041 7f21a46d5700                               Options.use_fsync: 0
2018/11/19-20:19:42.476042 7f21a46d5700                       Options.max_log_file_size: 0
2018/11/19-20:19:42.476043 7f21a46d5700                  Options.max_manifest_file_size: 18446744073709551615
2018/11/19-20:19:42.476044 7f21a46d5700                   Options.log_file_time_to_roll: 0
2018/11/19-20:19:42.476044 7f21a46d5700                       Options.keep_log_file_num: 1000
2018/11/19-20:19:42.476045 7f21a46d5700                    Options.recycle_log_file_num: 0
2018/11/19-20:19:42.476046 7f21a46d5700                         Options.allow_fallocate: 1
2018/11/19-20:19:42.476047 7f21a46d5700                        Options.allow_mmap_reads: 0
2018/11/19-20:19:42.476048 7f21a46d5700                       Options.allow_mmap_writes: 0
2018/11/19-20:19:42.476049 7f21a46d5700                        Options.use_direct_reads: 0
2018/11/19-20:19:42.476050 7f21a46d5700                        Options.use_direct_io_for_flush_and_compaction: 0
2018/11/19-20:19:42.476050 7f21a46d5700          Options.create_missing_column_families: 1
2018/11/19-20:19:42.476051 7f21a46d5700                              Options.db_log_dir: 
2018/11/19-20:19:42.476052 7f21a46d5700                                 Options.wal_dir: /mnt/sdb/ycsb-rocksdb-data
2018/11/19-20:19:42.476053 7f21a46d5700                Options.table_cache_numshardbits: 6
2018/11/19-20:19:42.476054 7f21a46d5700                      Options.max_subcompactions: 4
2018/11/19-20:19:42.476055 7f21a46d5700                  Options.max_background_flushes: 24
2018/11/19-20:19:42.476056 7f21a46d5700                         Options.WAL_ttl_seconds: 0
2018/11/19-20:19:42.476056 7f21a46d5700                       Options.WAL_size_limit_MB: 0
2018/11/19-20:19:42.476057 7f21a46d5700             Options.manifest_preallocation_size: 4194304
2018/11/19-20:19:42.476058 7f21a46d5700                     Options.is_fd_close_on_exec: 1
2018/11/19-20:19:42.476059 7f21a46d5700                   Options.advise_random_on_open: 1
2018/11/19-20:19:42.476060 7f21a46d5700                    Options.db_write_buffer_size: 0
2018/11/19-20:19:42.476061 7f21a46d5700                    Options.write_buffer_manager: 0x7f21103ce430
2018/11/19-20:19:42.476061 7f21a46d5700         Options.access_hint_on_compaction_start: 1
2018/11/19-20:19:42.476062 7f21a46d5700  Options.new_table_reader_for_compaction_inputs: 0
2018/11/19-20:19:42.476063 7f21a46d5700           Options.random_access_max_buffer_size: 1048576
2018/11/19-20:19:42.476075 7f21a46d5700                      Options.use_adaptive_mutex: 0
2018/11/19-20:19:42.476076 7f21a46d5700                            Options.rate_limiter: (nil)
2018/11/19-20:19:42.476078 7f21a46d5700     Options.sst_file_manager.rate_bytes_per_sec: 0
2018/11/19-20:19:42.476079 7f21a46d5700                       Options.wal_recovery_mode: 2
2018/11/19-20:19:42.476080 7f21a46d5700                  Options.enable_thread_tracking: 0
2018/11/19-20:19:42.476081 7f21a46d5700                  Options.enable_pipelined_write: 1
2018/11/19-20:19:42.476082 7f21a46d5700         Options.allow_concurrent_memtable_write: 1
2018/11/19-20:19:42.476082 7f21a46d5700      Options.enable_write_thread_adaptive_yield: 1
2018/11/19-20:19:42.476083 7f21a46d5700             Options.write_thread_max_yield_usec: 100
2018/11/19-20:19:42.476084 7f21a46d5700            Options.write_thread_slow_yield_usec: 3
2018/11/19-20:19:42.476085 7f21a46d5700                               Options.row_cache: None
2018/11/19-20:19:42.476086 7f21a46d5700                              Options.wal_filter: None
2018/11/19-20:19:42.476087 7f21a46d5700             Options.avoid_flush_during_recovery: 0
2018/11/19-20:19:42.476088 7f21a46d5700             Options.allow_ingest_behind: 0
2018/11/19-20:19:42.476088 7f21a46d5700             Options.preserve_deletes: 0
2018/11/19-20:19:42.476089 7f21a46d5700             Options.two_write_queues: 0
2018/11/19-20:19:42.476090 7f21a46d5700             Options.manual_wal_flush: 0
2018/11/19-20:19:42.476092 7f21a46d5700             Options.max_background_jobs: 24
2018/11/19-20:19:42.476093 7f21a46d5700             Options.max_background_compactions: 24
2018/11/19-20:19:42.476094 7f21a46d5700             Options.avoid_flush_during_shutdown: 0
2018/11/19-20:19:42.476095 7f21a46d5700           Options.writable_file_max_buffer_size: 1048576
2018/11/19-20:19:42.476096 7f21a46d5700             Options.delayed_write_rate : 16777216
2018/11/19-20:19:42.476096 7f21a46d5700             Options.max_total_wal_size: 0
2018/11/19-20:19:42.476097 7f21a46d5700             Options.delete_obsolete_files_period_micros: 21600000000
2018/11/19-20:19:42.476098 7f21a46d5700                   Options.stats_dump_period_sec: 60
2018/11/19-20:19:42.476099 7f21a46d5700                          Options.max_open_files: -1
2018/11/19-20:19:42.476100 7f21a46d5700                          Options.bytes_per_sync: 1048576
2018/11/19-20:19:42.476101 7f21a46d5700                      Options.wal_bytes_per_sync: 0
2018/11/19-20:19:42.476102 7f21a46d5700       Options.compaction_readahead_size: 0
2018/11/19-20:19:42.476103 7f21a46d5700 Compression algorithms supported:
2018/11/19-20:19:42.476104 7f21a46d5700 	kZSTDNotFinalCompression supported: 1
2018/11/19-20:19:42.476115 7f21a46d5700 	kZSTD supported: 1
2018/11/19-20:19:42.476116 7f21a46d5700 	kXpressCompression supported: 0
2018/11/19-20:19:42.476117 7f21a46d5700 	kLZ4HCCompression supported: 1
2018/11/19-20:19:42.476119 7f21a46d5700 	kLZ4Compression supported: 1
2018/11/19-20:19:42.476120 7f21a46d5700 	kBZip2Compression supported: 1
2018/11/19-20:19:42.476121 7f21a46d5700 	kZlibCompression supported: 1
2018/11/19-20:19:42.476121 7f21a46d5700 	kSnappyCompression supported: 1
2018/11/19-20:19:42.476125 7f21a46d5700 Fast CRC32 supported: Supported on x86
2018/11/19-20:19:42.476575 7f21a46d5700 [db/version_set.cc:3085] Recovering from manifest file: MANIFEST-000004
2018/11/19-20:19:42.476680 7f21a46d5700 [db/column_family.cc:475] --------------- Options for column family [default]:
2018/11/19-20:19:42.476684 7f21a46d5700               Options.comparator: leveldb.BytewiseComparator
2018/11/19-20:19:42.476685 7f21a46d5700           Options.merge_operator: None
2018/11/19-20:19:42.476686 7f21a46d5700        Options.compaction_filter: None
2018/11/19-20:19:42.476687 7f21a46d5700        Options.compaction_filter_factory: None
2018/11/19-20:19:42.476688 7f21a46d5700         Options.memtable_factory: SkipListFactory
2018/11/19-20:19:42.476689 7f21a46d5700            Options.table_factory: BlockBasedTable
2018/11/19-20:19:42.476741 7f21a46d5700            table_factory options:   flush_block_policy_factory: FlushBlockBySizePolicyFactory (0x7f211038c690)
  cache_index_and_filter_blocks: 0
  cache_index_and_filter_blocks_with_high_priority: 0
  pin_l0_filter_and_index_blocks_in_cache: 0
  index_type: 0
  hash_index_allow_collision: 1
  checksum: 1
  no_block_cache: 0
  block_cache: 0x7f21103979c0
  block_cache_name: LRUCache
  block_cache_options:
    capacity : 8388608
    num_shard_bits : 4
    strict_capacity_limit : 0
    high_pri_pool_ratio: 0.000
  block_cache_compressed: (nil)
  persistent_cache: (nil)
  block_size: 8192
  block_size_deviation: 10
  block_restart_interval: 16
  index_block_restart_interval: 1
  metadata_block_size: 4096
  partition_filters: 0
  use_delta_encoding: 1
  filter_policy: nullptr
  whole_key_filtering: 1
  verify_compression: 0
  read_amp_bytes_per_bit: 0
  format_version: 2
  enable_index_compression: 1
  block_align: 0
2018/11/19-20:19:42.476743 7f21a46d5700        Options.write_buffer_size: 134217728
2018/11/19-20:19:42.476744 7f21a46d5700  Options.max_write_buffer_number: 24
2018/11/19-20:19:42.476745 7f21a46d5700        Options.compression[0]: NoCompression
2018/11/19-20:19:42.476746 7f21a46d5700        Options.compression[1]: NoCompression
2018/11/19-20:19:42.476747 7f21a46d5700        Options.compression[2]: LZ4
2018/11/19-20:19:42.476748 7f21a46d5700        Options.compression[3]: LZ4
2018/11/19-20:19:42.476749 7f21a46d5700        Options.compression[4]: LZ4
2018/11/19-20:19:42.476750 7f21a46d5700        Options.compression[5]: LZ4
2018/11/19-20:19:42.476751 7f21a46d5700        Options.compression[6]: LZ4
2018/11/19-20:19:42.476752 7f21a46d5700                  Options.bottommost_compression: Disabled
2018/11/19-20:19:42.476753 7f21a46d5700       Options.prefix_extractor: nullptr
2018/11/19-20:19:42.476754 7f21a46d5700   Options.memtable_insert_with_hint_prefix_extractor: nullptr
2018/11/19-20:19:42.476755 7f21a46d5700             Options.num_levels: 7
2018/11/19-20:19:42.476756 7f21a46d5700        Options.min_write_buffer_number_to_merge: 2
2018/11/19-20:19:42.476757 7f21a46d5700     Options.max_write_buffer_number_to_maintain: 0
2018/11/19-20:19:42.476757 7f21a46d5700            Options.compression_opts.window_bits: -14
2018/11/19-20:19:42.476758 7f21a46d5700                  Options.compression_opts.level: -1
2018/11/19-20:19:42.476759 7f21a46d5700               Options.compression_opts.strategy: 0
2018/11/19-20:19:42.476760 7f21a46d5700         Options.compression_opts.max_dict_bytes: 0
2018/11/19-20:19:42.476761 7f21a46d5700         Options.compression_opts.zstd_max_train_bytes: 0
2018/11/19-20:19:42.476762 7f21a46d5700      Options.level0_file_num_compaction_trigger: 2
2018/11/19-20:19:42.476763 7f21a46d5700          Options.level0_slowdown_writes_trigger: 20
2018/11/19-20:19:42.476764 7f21a46d5700              Options.level0_stop_writes_trigger: 36
2018/11/19-20:19:42.476765 7f21a46d5700                   Options.target_file_size_base: 67108864
2018/11/19-20:19:42.476766 7f21a46d5700             Options.target_file_size_multiplier: 1
2018/11/19-20:19:42.476766 7f21a46d5700                Options.max_bytes_for_level_base: 536870912
2018/11/19-20:19:42.476767 7f21a46d5700 Options.level_compaction_dynamic_level_bytes: 0
2018/11/19-20:19:42.476768 7f21a46d5700          Options.max_bytes_for_level_multiplier: 10.000000
2018/11/19-20:19:42.476771 7f21a46d5700 Options.max_bytes_for_level_multiplier_addtl[0]: 1
2018/11/19-20:19:42.476772 7f21a46d5700 Options.max_bytes_for_level_multiplier_addtl[1]: 1
2018/11/19-20:19:42.476773 7f21a46d5700 Options.max_bytes_for_level_multiplier_addtl[2]: 1
2018/11/19-20:19:42.476774 7f21a46d5700 Options.max_bytes_for_level_multiplier_addtl[3]: 1
2018/11/19-20:19:42.476775 7f21a46d5700 Options.max_bytes_for_level_multiplier_addtl[4]: 1
2018/11/19-20:19:42.476776 7f21a46d5700 Options.max_bytes_for_level_multiplier_addtl[5]: 1
2018/11/19-20:19:42.476777 7f21a46d5700 Options.max_bytes_for_level_multiplier_addtl[6]: 1
2018/11/19-20:19:42.476778 7f21a46d5700       Options.max_sequential_skip_in_iterations: 8
2018/11/19-20:19:42.476786 7f21a46d5700                    Options.max_compaction_bytes: 1677721600
2018/11/19-20:19:42.476787 7f21a46d5700                        Options.arena_block_size: 16777216
2018/11/19-20:19:42.476788 7f21a46d5700   Options.soft_pending_compaction_bytes_limit: 68719476736
2018/11/19-20:19:42.476789 7f21a46d5700   Options.hard_pending_compaction_bytes_limit: 274877906944
2018/11/19-20:19:42.476790 7f21a46d5700       Options.rate_limit_delay_max_milliseconds: 100
2018/11/19-20:19:42.476791 7f21a46d5700                Options.disable_auto_compactions: 0
2018/11/19-20:19:42.476793 7f21a46d5700                        Options.compaction_style: kCompactionStyleLevel
2018/11/19-20:19:42.476795 7f21a46d5700                          Options.compaction_pri: kByCompensatedSize
2018/11/19-20:19:42.476796 7f21a46d5700 Options.compaction_options_universal.size_ratio: 1
2018/11/19-20:19:42.476797 7f21a46d5700 Options.compaction_options_universal.min_merge_width: 2
2018/11/19-20:19:42.476797 7f21a46d5700 Options.compaction_options_universal.max_merge_width: 4294967295
2018/11/19-20:19:42.476798 7f21a46d5700 Options.compaction_options_universal.max_size_amplification_percent: 200
2018/11/19-20:19:42.476799 7f21a46d5700 Options.compaction_options_universal.compression_size_percent: -1
2018/11/19-20:19:42.476801 7f21a46d5700 Options.compaction_options_universal.stop_style: kCompactionStopStyleTotalSize
2018/11/19-20:19:42.476802 7f21a46d5700 Options.compaction_options_fifo.max_table_files_size: 1073741824
2018/11/19-20:19:42.476803 7f21a46d5700 Options.compaction_options_fifo.allow_compaction: 0
2018/11/19-20:19:42.476804 7f21a46d5700 Options.compaction_options_fifo.ttl: 0
2018/11/19-20:19:42.476805 7f21a46d5700                   Options.table_properties_collectors: 
2018/11/19-20:19:42.476806 7f21a46d5700                   Options.inplace_update_support: 0
2018/11/19-20:19:42.476807 7f21a46d5700                 Options.inplace_update_num_locks: 10000
2018/11/19-20:19:42.476808 7f21a46d5700               Options.memtable_prefix_bloom_size_ratio: 0.000000
2018/11/19-20:19:42.476809 7f21a46d5700   Options.memtable_huge_page_size: 0
2018/11/19-20:19:42.476810 7f21a46d5700                           Options.bloom_locality: 0
2018/11/19-20:19:42.476811 7f21a46d5700                    Options.max_successive_merges: 0
2018/11/19-20:19:42.476812 7f21a46d5700                Options.optimize_filters_for_hits: 0
2018/11/19-20:19:42.476813 7f21a46d5700                Options.paranoid_file_checks: 0
2018/11/19-20:19:42.476814 7f21a46d5700                Options.force_consistency_checks: 0
2018/11/19-20:19:42.476815 7f21a46d5700                Options.report_bg_io_stats: 0
2018/11/19-20:19:42.476815 7f21a46d5700                               Options.ttl: 0
2018/11/19-20:19:42.477167 7f21a46d5700 [db/column_family.cc:475] --------------- Options for column family [usertable]:
2018/11/19-20:19:42.477170 7f21a46d5700               Options.comparator: leveldb.BytewiseComparator
2018/11/19-20:19:42.477171 7f21a46d5700           Options.merge_operator: None
2018/11/19-20:19:42.477172 7f21a46d5700        Options.compaction_filter: None
2018/11/19-20:19:42.477173 7f21a46d5700        Options.compaction_filter_factory: None
2018/11/19-20:19:42.477174 7f21a46d5700         Options.memtable_factory: SkipListFactory
2018/11/19-20:19:42.477175 7f21a46d5700            Options.table_factory: BlockBasedTable
2018/11/19-20:19:42.477197 7f21a46d5700            table_factory options:   flush_block_policy_factory: FlushBlockBySizePolicyFactory (0x7f211038c670)
  cache_index_and_filter_blocks: 0
  cache_index_and_filter_blocks_with_high_priority: 0
  pin_l0_filter_and_index_blocks_in_cache: 0
  index_type: 0
  hash_index_allow_collision: 1
  checksum: 1
  no_block_cache: 0
  block_cache: 0x7f211038d1d0
  block_cache_name: LRUCache
  block_cache_options:
    capacity : 8388608
    num_shard_bits : 4
    strict_capacity_limit : 0
    high_pri_pool_ratio: 0.000
  block_cache_compressed: (nil)
  persistent_cache: (nil)
  block_size: 8192
  block_size_deviation: 10
  block_restart_interval: 16
  index_block_restart_interval: 1
  metadata_block_size: 4096
  partition_filters: 0
  use_delta_encoding: 1
  filter_policy: nullptr
  whole_key_filtering: 1
  verify_compression: 0
  read_amp_bytes_per_bit: 0
  format_version: 2
  enable_index_compression: 1
  block_align: 0
2018/11/19-20:19:42.477210 7f21a46d5700        Options.write_buffer_size: 134217728
2018/11/19-20:19:42.477212 7f21a46d5700  Options.max_write_buffer_number: 24
2018/11/19-20:19:42.477213 7f21a46d5700        Options.compression[0]: NoCompression
2018/11/19-20:19:42.477214 7f21a46d5700        Options.compression[1]: NoCompression
2018/11/19-20:19:42.477215 7f21a46d5700        Options.compression[2]: LZ4
2018/11/19-20:19:42.477216 7f21a46d5700        Options.compression[3]: LZ4
2018/11/19-20:19:42.477217 7f21a46d5700        Options.compression[4]: LZ4
2018/11/19-20:19:42.477218 7f21a46d5700        Options.compression[5]: LZ4
2018/11/19-20:19:42.477219 7f21a46d5700        Options.compression[6]: LZ4
2018/11/19-20:19:42.477220 7f21a46d5700                  Options.bottommost_compression: Disabled
2018/11/19-20:19:42.477220 7f21a46d5700       Options.prefix_extractor: nullptr
2018/11/19-20:19:42.477221 7f21a46d5700   Options.memtable_insert_with_hint_prefix_extractor: nullptr
2018/11/19-20:19:42.477222 7f21a46d5700             Options.num_levels: 7
2018/11/19-20:19:42.477223 7f21a46d5700        Options.min_write_buffer_number_to_merge: 2
2018/11/19-20:19:42.477224 7f21a46d5700     Options.max_write_buffer_number_to_maintain: 0
2018/11/19-20:19:42.477225 7f21a46d5700            Options.compression_opts.window_bits: -14
2018/11/19-20:19:42.477226 7f21a46d5700                  Options.compression_opts.level: -1
2018/11/19-20:19:42.477226 7f21a46d5700               Options.compression_opts.strategy: 0
2018/11/19-20:19:42.477227 7f21a46d5700         Options.compression_opts.max_dict_bytes: 0
2018/11/19-20:19:42.477228 7f21a46d5700         Options.compression_opts.zstd_max_train_bytes: 0
2018/11/19-20:19:42.477229 7f21a46d5700      Options.level0_file_num_compaction_trigger: 2
2018/11/19-20:19:42.477230 7f21a46d5700          Options.level0_slowdown_writes_trigger: 20
2018/11/19-20:19:42.477231 7f21a46d5700              Options.level0_stop_writes_trigger: 36
2018/11/19-20:19:42.477231 7f21a46d5700                   Options.target_file_size_base: 67108864
2018/11/19-20:19:42.477232 7f21a46d5700             Options.target_file_size_multiplier: 1
2018/11/19-20:19:42.477233 7f21a46d5700                Options.max_bytes_for_level_base: 536870912
2018/11/19-20:19:42.477234 7f21a46d5700 Options.level_compaction_dynamic_level_bytes: 0
2018/11/19-20:19:42.477235 7f21a46d5700          Options.max_bytes_for_level_multiplier: 10.000000
2018/11/19-20:19:42.477237 7f21a46d5700 Options.max_bytes_for_level_multiplier_addtl[0]: 1
2018/11/19-20:19:42.477238 7f21a46d5700 Options.max_bytes_for_level_multiplier_addtl[1]: 1
2018/11/19-20:19:42.477239 7f21a46d5700 Options.max_bytes_for_level_multiplier_addtl[2]: 1
2018/11/19-20:19:42.477240 7f21a46d5700 Options.max_bytes_for_level_multiplier_addtl[3]: 1
2018/11/19-20:19:42.477241 7f21a46d5700 Options.max_bytes_for_level_multiplier_addtl[4]: 1
2018/11/19-20:19:42.477242 7f21a46d5700 Options.max_bytes_for_level_multiplier_addtl[5]: 1
2018/11/19-20:19:42.477242 7f21a46d5700 Options.max_bytes_for_level_multiplier_addtl[6]: 1
2018/11/19-20:19:42.477243 7f21a46d5700       Options.max_sequential_skip_in_iterations: 8
2018/11/19-20:19:42.477244 7f21a46d5700                    Options.max_compaction_bytes: 1677721600
2018/11/19-20:19:42.477245 7f21a46d5700                        Options.arena_block_size: 16777216
2018/11/19-20:19:42.477246 7f21a46d5700   Options.soft_pending_compaction_bytes_limit: 68719476736
2018/11/19-20:19:42.477247 7f21a46d5700   Options.hard_pending_compaction_bytes_limit: 274877906944
2018/11/19-20:19:42.477248 7f21a46d5700       Options.rate_limit_delay_max_milliseconds: 100
2018/11/19-20:19:42.477248 7f21a46d5700                Options.disable_auto_compactions: 0
2018/11/19-20:19:42.477256 7f21a46d5700                        Options.compaction_style: kCompactionStyleLevel
2018/11/19-20:19:42.477257 7f21a46d5700                          Options.compaction_pri: kByCompensatedSize
2018/11/19-20:19:42.477258 7f21a46d5700 Options.compaction_options_universal.size_ratio: 1
2018/11/19-20:19:42.477259 7f21a46d5700 Options.compaction_options_universal.min_merge_width: 2
2018/11/19-20:19:42.477260 7f21a46d5700 Options.compaction_options_universal.max_merge_width: 4294967295
2018/11/19-20:19:42.477261 7f21a46d5700 Options.compaction_options_universal.max_size_amplification_percent: 200
2018/11/19-20:19:42.477262 7f21a46d5700 Options.compaction_options_universal.compression_size_percent: -1
2018/11/19-20:19:42.477263 7f21a46d5700 Options.compaction_options_universal.stop_style: kCompactionStopStyleTotalSize
2018/11/19-20:19:42.477264 7f21a46d5700 Options.compaction_options_fifo.max_table_files_size: 1073741824
2018/11/19-20:19:42.477264 7f21a46d5700 Options.compaction_options_fifo.allow_compaction: 0
2018/11/19-20:19:42.477265 7f21a46d5700 Options.compaction_options_fifo.ttl: 0
2018/11/19-20:19:42.477266 7f21a46d5700                   Options.table_properties_collectors: 
2018/11/19-20:19:42.477267 7f21a46d5700                   Options.inplace_update_support: 0
2018/11/19-20:19:42.477268 7f21a46d5700                 Options.inplace_update_num_locks: 10000
2018/11/19-20:19:42.477269 7f21a46d5700               Options.memtable_prefix_bloom_size_ratio: 0.000000
2018/11/19-20:19:42.477270 7f21a46d5700   Options.memtable_huge_page_size: 0
2018/11/19-20:19:42.477271 7f21a46d5700                           Options.bloom_locality: 0
2018/11/19-20:19:42.477272 7f21a46d5700                    Options.max_successive_merges: 0
2018/11/19-20:19:42.477273 7f21a46d5700                Options.optimize_filters_for_hits: 0
2018/11/19-20:19:42.477274 7f21a46d5700                Options.paranoid_file_checks: 0
2018/11/19-20:19:42.477274 7f21a46d5700                Options.force_consistency_checks: 0
2018/11/19-20:19:42.477275 7f21a46d5700                Options.report_bg_io_stats: 0
2018/11/19-20:19:42.477276 7f21a46d5700                               Options.ttl: 0
2018/11/19-20:19:42.667787 7f21a46d5700 [db/version_set.cc:3361] Recovered from manifest file:/mnt/sdb/ycsb-rocksdb-data/MANIFEST-000004 succeeded,manifest_file_number is 4, next_file_number is 306, last_sequence is 3738876, log_number is 0,prev_log_number is 0,max_column_family is 1,min_log_number_to_keep is 0
2018/11/19-20:19:42.667799 7f21a46d5700 [db/version_set.cc:3369] Column family [default] (ID 0), log number is 0
2018/11/19-20:19:42.667812 7f21a46d5700 [db/version_set.cc:3369] Column family [usertable] (ID 1), log number is 298
2018/11/19-20:19:42.690829 7f21a46d5700 EVENT_LOG_v1 {"time_micros": 1542687582690814, "job": 1, "event": "recovery_started", "log_files": [298, 305, 306, 308, 309, 311, 312]}
2018/11/19-20:19:42.690838 7f21a46d5700 [db/db_impl_open.cc:551] Recovering log #298 mode 2
2018/11/19-20:19:43.011556 7f21a46d5700 [db/db_impl_open.cc:551] Recovering log #305 mode 2
2018/11/19-20:19:43.762582 7f21a46d5700 EVENT_LOG_v1 {"time_micros": 1542687583762559, "cf_name": "usertable", "job": 1, "event": "table_file_creation", "file_number": 306, "file_size": 129907746, "table_properties": {"data_size": 129330264, "index_size": 576560, "filter_size": 0, "raw_key_size": 752832, "raw_average_key_size": 24, "raw_value_size": 128483328, "raw_average_value_size": 4096, "num_data_blocks": 15684, "num_entries": 31368, "filter_policy_name": "", "kDeletedKeys": "0", "kMergeOperands": "0"}}
2018/11/19-20:19:44.518913 7f21a46d5700 [db/db_impl_open.cc:551] Recovering log #306 mode 2
2018/11/19-20:19:45.282157 7f21a46d5700 EVENT_LOG_v1 {"time_micros": 1542687585282138, "cf_name": "usertable", "job": 1, "event": "table_file_creation", "file_number": 307, "file_size": 129924310, "table_properties": {"data_size": 129346756, "index_size": 576632, "filter_size": 0, "raw_key_size": 752928, "raw_average_key_size": 24, "raw_value_size": 128499712, "raw_average_value_size": 4096, "num_data_blocks": 15686, "num_entries": 31372, "filter_policy_name": "", "kDeletedKeys": "0", "kMergeOperands": "0"}}
2018/11/19-20:19:45.528978 7f21a46d5700 [db/db_impl_open.cc:551] Recovering log #308 mode 2
2018/11/19-20:19:46.609114 7f21a46d5700 EVENT_LOG_v1 {"time_micros": 1542687586609091, "cf_name": "usertable", "job": 1, "event": "table_file_creation", "file_number": 309, "file_size": 129903636, "table_properties": {"data_size": 129326155, "index_size": 576559, "filter_size": 0, "raw_key_size": 752808, "raw_average_key_size": 24, "raw_value_size": 128479232, "raw_average_value_size": 4096, "num_data_blocks": 15684, "num_entries": 31367, "filter_policy_name": "", "kDeletedKeys": "0", "kMergeOperands": "0"}}
2018/11/19-20:19:47.105600 7f21a46d5700 [db/db_impl_open.cc:551] Recovering log #309 mode 2
2018/11/19-20:19:49.899223 7f21a46d5700 EVENT_LOG_v1 {"time_micros": 1542687589899201, "cf_name": "usertable", "job": 1, "event": "table_file_creation", "file_number": 310, "file_size": 129918889, "table_properties": {"data_size": 129337886, "index_size": 580081, "filter_size": 0, "raw_key_size": 752856, "raw_average_key_size": 24, "raw_value_size": 128487424, "raw_average_value_size": 4096, "num_data_blocks": 15685, "num_entries": 31369, "filter_policy_name": "", "kDeletedKeys": "0", "kMergeOperands": "0"}}
2018/11/19-20:19:50.325575 7f21a46d5700 [db/db_impl_open.cc:551] Recovering log #311 mode 2
2018/11/19-20:19:51.564284 7f21a46d5700 EVENT_LOG_v1 {"time_micros": 1542687591564264, "cf_name": "usertable", "job": 1, "event": "table_file_creation", "file_number": 312, "file_size": 129895352, "table_properties": {"data_size": 129317909, "index_size": 576521, "filter_size": 0, "raw_key_size": 752760, "raw_average_key_size": 24, "raw_value_size": 128471040, "raw_average_value_size": 4096, "num_data_blocks": 15683, "num_entries": 31365, "filter_policy_name": "", "kDeletedKeys": "0", "kMergeOperands": "0"}}
2018/11/19-20:19:51.880170 7f21a46d5700 [db/db_impl_open.cc:551] Recovering log #312 mode 2
2018/11/19-20:19:52.267428 7f21a46d5700 [db/version_set.cc:2847] Creating manifest 314
2018/11/19-20:19:53.714261 7f21a46d5700 EVENT_LOG_v1 {"time_micros": 1542687593714239, "cf_name": "usertable", "job": 1, "event": "table_file_creation", "file_number": 315, "file_size": 98305938, "table_properties": {"data_size": 97866164, "index_size": 438852, "filter_size": 0, "raw_key_size": 569664, "raw_average_key_size": 24, "raw_value_size": 97222656, "raw_average_value_size": 4096, "num_data_blocks": 11868, "num_entries": 23736, "filter_policy_name": "", "kDeletedKeys": "0", "kMergeOperands": "0"}}
2018/11/19-20:19:53.815511 7f21a46d5700 EVENT_LOG_v1 {"time_micros": 1542687593815507, "job": 1, "event": "recovery_finished"}
2018/11/19-20:19:53.815714 7f21a46d5700 [WARN] [db/column_family.cc:799] [usertable] Stalling writes because we have 22 level-0 files rate 16777216
2018/11/19-20:19:53.970152 7f21a46d5700 [db/db_impl_open.cc:1219] DB pointer 0x7f21103d2870
2018/11/19-20:19:53.970532 7f21961cb700 [WARN] [db/db_impl.cc:491] ------- DUMPING STATS -------
2018/11/19-20:19:53.970595 7f21961cb700 [WARN] [db/db_impl.cc:492] 
** DB Stats **
Uptime(secs): 11.5 total, 11.5 interval
Cumulative writes: 0 writes, 0 keys, 0 commit groups, 0.0 writes per commit group, ingest: 0.00 GB, 0.00 MB/s
Cumulative WAL: 0 writes, 0 syncs, 0.00 writes per sync, written: 0.00 GB, 0.00 MB/s
Cumulative stall: 00:00:0.000 H:M:S, 0.0 percent
Interval writes: 0 writes, 0 keys, 0 commit groups, 0.0 writes per commit group, ingest: 0.00 MB, 0.00 MB/s
Interval WAL: 0 writes, 0 syncs, 0.00 writes per sync, written: 0.00 MB, 0.00 MB/s
Interval stall: 00:00:0.000 H:M:S, 0.0 percent

** Compaction Stats [default] **
Level    Files   Size     Score Read(GB)  Rn(GB) Rnp1(GB) Write(GB) Wnew(GB) Moved(GB) W-Amp Rd(MB/s) Wr(MB/s) Comp(sec) Comp(cnt) Avg(sec) KeyIn KeyDrop
----------------------------------------------------------------------------------------------------------------------------------------------------------
 Sum      0/0    0.00 KB   0.0      0.0     0.0      0.0       0.0      0.0       0.0   0.0      0.0      0.0         0         0    0.000       0      0
 Int      0/0    0.00 KB   0.0      0.0     0.0      0.0       0.0      0.0       0.0   0.0      0.0      0.0         0         0    0.000       0      0
Uptime(secs): 11.5 total, 11.5 interval
Flush(GB): cumulative 0.000, interval 0.000
AddFile(GB): cumulative 0.000, interval 0.000
AddFile(Total Files): cumulative 0, interval 0
AddFile(L0 Files): cumulative 0, interval 0
AddFile(Keys): cumulative 0, interval 0
Cumulative compaction: 0.00 GB write, 0.00 MB/s write, 0.00 GB read, 0.00 MB/s read, 0.0 seconds
Interval compaction: 0.00 GB write, 0.00 MB/s write, 0.00 GB read, 0.00 MB/s read, 0.0 seconds
Stalls(count): 0 level0_slowdown, 0 level0_slowdown_with_compaction, 0 level0_numfiles, 0 level0_numfiles_with_compaction, 0 stop for pending_compaction_bytes, 0 slowdown for pending_compaction_bytes, 0 memtable_compaction, 0 memtable_slowdown, interval 0 total count

** File Read Latency Histogram By Level [default] **

** Compaction Stats [usertable] **
Level    Files   Size     Score Read(GB)  Rn(GB) Rnp1(GB) Write(GB) Wnew(GB) Moved(GB) W-Amp Rd(MB/s) Wr(MB/s) Comp(sec) Comp(cnt) Avg(sec) KeyIn KeyDrop
----------------------------------------------------------------------------------------------------------------------------------------------------------
  L0     22/0   10.20 GB  20.4      0.0     0.0      0.0       0.7      0.7       0.0   1.0      0.0    102.4         7         6    1.161       0      0
  L1     23/0    1.70 GB   3.4      0.0     0.0      0.0       0.0      0.0       0.0   0.0      0.0      0.0         0         0    0.000       0      0
  L2     60/0    3.20 GB   0.6      0.0     0.0      0.0       0.0      0.0       0.0   0.0      0.0      0.0         0         0    0.000       0      0
 Sum    105/0   15.10 GB   0.0      0.0     0.0      0.0       0.7      0.7       0.0   1.0      0.0    102.4         7         6    1.161       0      0
 Int      0/0    0.00 KB   0.0      0.0     0.0      0.0       0.7      0.7       0.0   1.0      0.0    102.4         7         6    1.161       0      0
Uptime(secs): 11.5 total, 11.5 interval
Flush(GB): cumulative 0.696, interval 0.696
AddFile(GB): cumulative 0.000, interval 0.000
AddFile(Total Files): cumulative 0, interval 0
AddFile(L0 Files): cumulative 0, interval 0
AddFile(Keys): cumulative 0, interval 0
Cumulative compaction: 0.70 GB write, 62.05 MB/s write, 0.00 GB read, 0.00 MB/s read, 7.0 seconds
Interval compaction: 0.70 GB write, 62.05 MB/s write, 0.00 GB read, 0.00 MB/s read, 7.0 seconds
Stalls(count): 1 level0_slowdown, 0 level0_slowdown_with_compaction, 0 level0_numfiles, 0 level0_numfiles_with_compaction, 0 stop for pending_compaction_bytes, 0 slowdown for pending_compaction_bytes, 0 memtable_compaction, 0 memtable_slowdown, interval 1 total count

** File Read Latency Histogram By Level [usertable] **

** Compaction Stats [default] **
Level    Files   Size     Score Read(GB)  Rn(GB) Rnp1(GB) Write(GB) Wnew(GB) Moved(GB) W-Amp Rd(MB/s) Wr(MB/s) Comp(sec) Comp(cnt) Avg(sec) KeyIn KeyDrop
----------------------------------------------------------------------------------------------------------------------------------------------------------
 Sum      0/0    0.00 KB   0.0      0.0     0.0      0.0       0.0      0.0       0.0   0.0      0.0      0.0         0         0    0.000       0      0
 Int      0/0    0.00 KB   0.0      0.0     0.0      0.0       0.0      0.0       0.0   0.0      0.0      0.0         0         0    0.000       0      0
Uptime(secs): 11.5 total, 0.0 interval
Flush(GB): cumulative 0.000, interval 0.000
AddFile(GB): cumulative 0.000, interval 0.000
AddFile(Total Files): cumulative 0, interval 0
AddFile(L0 Files): cumulative 0, interval 0
AddFile(Keys): cumulative 0, interval 0
Cumulative compaction: 0.00 GB write, 0.00 MB/s write, 0.00 GB read, 0.00 MB/s read, 0.0 seconds
Interval compaction: 0.00 GB write, 0.00 MB/s write, 0.00 GB read, 0.00 MB/s read, 0.0 seconds
Stalls(count): 0 level0_slowdown, 0 level0_slowdown_with_compaction, 0 level0_numfiles, 0 level0_numfiles_with_compaction, 0 stop for pending_compaction_bytes, 0 slowdown for pending_compaction_bytes, 0 memtable_compaction, 0 memtable_slowdown, interval 0 total count

** File Read Latency Histogram By Level [default] **

** Compaction Stats [usertable] **
Level    Files   Size     Score Read(GB)  Rn(GB) Rnp1(GB) Write(GB) Wnew(GB) Moved(GB) W-Amp Rd(MB/s) Wr(MB/s) Comp(sec) Comp(cnt) Avg(sec) KeyIn KeyDrop
----------------------------------------------------------------------------------------------------------------------------------------------------------
  L0     22/0   10.20 GB  20.4      0.0     0.0      0.0       0.7      0.7       0.0   1.0      0.0    102.4         7         6    1.161       0      0
  L1     23/0    1.70 GB   3.4      0.0     0.0      0.0       0.0      0.0       0.0   0.0      0.0      0.0         0         0    0.000       0      0
  L2     60/0    3.20 GB   0.6      0.0     0.0      0.0       0.0      0.0       0.0   0.0      0.0      0.0         0         0    0.000       0      0
 Sum    105/0   15.10 GB   0.0      0.0     0.0      0.0       0.7      0.7       0.0   1.0      0.0    102.4         7         6    1.161       0      0
 Int      0/0    0.00 KB   0.0      0.0     0.0      0.0       0.0      0.0       0.0   0.0      0.0      0.0         0         0    0.000       0      0
Uptime(secs): 11.5 total, 0.0 interval
Flush(GB): cumulative 0.696, interval 0.000
AddFile(GB): cumulative 0.000, interval 0.000
AddFile(Total Files): cumulative 0, interval 0
AddFile(L0 Files): cumulative 0, interval 0
AddFile(Keys): cumulative 0, interval 0
Cumulative compaction: 0.70 GB write, 62.05 MB/s write, 0.00 GB read, 0.00 MB/s read, 7.0 seconds
Interval compaction: 0.00 GB write, 0.00 MB/s write, 0.00 GB read, 0.00 MB/s read, 0.0 seconds
Stalls(count): 1 level0_slowdown, 0 level0_slowdown_with_compaction, 0 level0_numfiles, 0 level0_numfiles_with_compaction, 0 stop for pending_compaction_bytes, 0 slowdown for pending_compaction_bytes, 0 memtable_compaction, 0 memtable_slowdown, interval 0 total count

** File Read Latency Histogram By Level [usertable] **
2018/11/19-20:19:53.970846 7f21961cb700 [db/compaction_job.cc:1531] [usertable] [JOB 3] Compacting 1@0 files to L1, score 20.40
2018/11/19-20:19:53.970863 7f21961cb700 [db/compaction_job.cc:1535] [usertable] Compaction start summary: Base version 5 Base level 0, inputs: [217(1081MB)]
2018/11/19-20:19:53.970893 7f21959ca700 [db/compaction_job.cc:1531] [usertable] [JOB 4] Compacting 6@0 files to L0, score 18.29
2018/11/19-20:19:53.970904 7f21959ca700 [db/compaction_job.cc:1535] [usertable] Compaction start summary: Base version 5 Base level 0, inputs: [315(93MB) 312(123MB) 310(123MB) 309(123MB) 307(123MB) 306(123MB)]
2018/11/19-20:19:53.970916 7f21961cb700 EVENT_LOG_v1 {"time_micros": 1542687593970886, "job": 3, "event": "compaction_started", "compaction_reason": "LevelL0FilesNum", "files_L0": [217], "score": 20.3984, "input_data_size": 1133982898}
2018/11/19-20:19:53.970934 7f21951c9700 (Original Log Time 2018/11/19-20:19:53.970918) [db/db_impl_compaction_flush.cc:1781] Compaction nothing to do
2018/11/19-20:19:53.970921 7f21959ca700 EVENT_LOG_v1 {"time_micros": 1542687593970912, "job": 4, "event": "compaction_started", "compaction_reason": "LevelL0FilesNum", "files_L0": [315, 312, 310, 309, 307, 306], "score": 18.2862, "input_data_size": 747855871}
2018/11/19-20:20:02.036767 7f21959ca700 [db/compaction_job.cc:1211] [usertable] [JOB 4] Generated table #319: 180577 keys, 747898014 bytes
2018/11/19-20:20:02.036819 7f21959ca700 EVENT_LOG_v1 {"time_micros": 1542687602036801, "cf_name": "usertable", "job": 4, "event": "table_file_creation", "file_number": 319, "file_size": 747898014, "table_properties": {"data_size": 744518985, "index_size": 3378101, "filter_size": 0, "raw_key_size": 4333848, "raw_average_key_size": 24, "raw_value_size": 739643392, "raw_average_value_size": 4096, "num_data_blocks": 90289, "num_entries": 180577, "filter_policy_name": "", "kDeletedKeys": "0", "kMergeOperands": "0"}}
2018/11/19-20:20:02.036884 7f21959ca700 [db/compaction_job.cc:1287] [usertable] [JOB 4] Compacted 6@0 files to L0 => 747898014 bytes
2018/11/19-20:20:02.088343 7f21959ca700 [db/column_family.cc:837] [usertable] Increasing compaction threads because we have 17 level-0 files 
2018/11/19-20:20:02.088461 7f21959ca700 (Original Log Time 2018/11/19-20:20:02.088305) [db/compaction_job.cc:685] [usertable] compacted to: base level 1 max bytes base 536870912 files[17 23 60 0 0 0 0] max score 18.29, MB/sec: 92.7 rd, 92.7 wr, level 0, files in(0, 6) out(1) MB in(0.0, 713.2) out(713.3), read-write-amplify(0.0) write-amplify(0.0) OK, records in: 180577, records dropped: 0 output_compression: NoCompression
2018/11/19-20:20:02.088469 7f21959ca700 (Original Log Time 2018/11/19-20:20:02.088332) EVENT_LOG_v1 {"time_micros": 1542687602088318, "job": 4, "event": "compaction_finished", "compaction_time_micros": 8065899, "output_level": 0, "num_output_files": 1, "total_output_size": 747898014, "num_input_records": 180577, "num_output_records": 180577, "num_subcompactions": 1, "output_compression": "NoCompression", "num_single_delete_mismatches": 0, "num_single_delete_fallthrough": 0, "lsm_state": [17, 23, 60, 0, 0, 0, 0]}
2018/11/19-20:20:02.088515 7f21949c8700 [db/compaction_job.cc:1531] [usertable] [JOB 6] Compacting 5@0 files to L0, score 18.29
2018/11/19-20:20:02.088539 7f21949c8700 [db/compaction_job.cc:1535] [usertable] Compaction start summary: Base version 6 Base level 0, inputs: [319(713MB) 299(216MB) 293(214MB) 288(221MB) 284(213MB)]
2018/11/19-20:20:02.088550 7f218ffff700 (Original Log Time 2018/11/19-20:20:02.088532) [db/db_impl_compaction_flush.cc:1781] Compaction nothing to do
2018/11/19-20:20:02.088563 7f21949c8700 EVENT_LOG_v1 {"time_micros": 1542687602088549, "job": 6, "event": "compaction_started", "compaction_reason": "LevelL0FilesNum", "files_L0": [319, 299, 293, 288, 284], "score": 18.2863, "input_data_size": 1657345249}
2018/11/19-20:20:03.553413 7f21961cb700 [db/compaction_job.cc:1211] [usertable] [JOB 3] Generated table #320: 16279 keys, 67421977 bytes
2018/11/19-20:20:03.553485 7f21961cb700 EVENT_LOG_v1 {"time_micros": 1542687603553468, "cf_name": "usertable", "job": 3, "event": "table_file_creation", "file_number": 320, "file_size": 67421977, "table_properties": {"data_size": 67120140, "index_size": 300916, "filter_size": 0, "raw_key_size": 390696, "raw_average_key_size": 24, "raw_value_size": 66678784, "raw_average_value_size": 4096, "num_data_blocks": 8140, "num_entries": 16279, "filter_policy_name": "", "kDeletedKeys": "0", "kMergeOperands": "0"}}
2018/11/19-20:20:06.918392 7f21961cb700 [db/compaction_job.cc:1211] [usertable] [JOB 3] Generated table #322: 16279 keys, 67418360 bytes
