2018/12/30-01:21:35.043223 7f66f199d700 RocksDB version: 5.14.3
2018/12/30-01:21:35.043266 7f66f199d700 Git sha rocksdb_build_git_sha:
2018/12/30-01:21:35.043269 7f66f199d700 Compile date Dec 29 2018
2018/12/30-01:21:35.043273 7f66f199d700 DB SUMMARY
2018/12/30-01:21:35.043918 7f66f199d700 CURRENT file:  CURRENT
2018/12/30-01:21:35.043922 7f66f199d700 IDENTITY file:  IDENTITY
2018/12/30-01:21:35.043932 7f66f199d700 MANIFEST file:  MANIFEST-000004 size: 122693 Bytes
2018/12/30-01:21:35.043936 7f66f199d700 SST files in /mnt/sdg/ycsb-rocksdb-data dir, Total Num: 681, files: 000021.sst 000022.sst 000023.sst 000024.sst 000028.sst 000029.sst 000030.sst 000031.sst 000035.sst 
2018/12/30-01:21:35.043937 7f66f199d700 Write Ahead Log file in /mnt/sdg/ycsb-rocksdb-data: 001203.log size: 129829908 ; 001209.log size: 129831538 ; 001210.log size: 10238271 ; 
2018/12/30-01:21:35.043943 7f66f199d700                         Options.error_if_exists: 0
2018/12/30-01:21:35.043944 7f66f199d700                       Options.create_if_missing: 1
2018/12/30-01:21:35.043945 7f66f199d700                         Options.paranoid_checks: 1
2018/12/30-01:21:35.043946 7f66f199d700                                     Options.env: 0x7f6623dab2c0
2018/12/30-01:21:35.043948 7f66f199d700                                Options.info_log: 0x7f669c3ddcd0
2018/12/30-01:21:35.043949 7f66f199d700                Options.max_file_opening_threads: 16
2018/12/30-01:21:35.043950 7f66f199d700                              Options.statistics: (nil)
2018/12/30-01:21:35.043951 7f66f199d700                               Options.use_fsync: 0
2018/12/30-01:21:35.043952 7f66f199d700                       Options.max_log_file_size: 0
2018/12/30-01:21:35.043953 7f66f199d700                  Options.max_manifest_file_size: 18446744073709551615
2018/12/30-01:21:35.043954 7f66f199d700                   Options.log_file_time_to_roll: 0
2018/12/30-01:21:35.043955 7f66f199d700                       Options.keep_log_file_num: 1000
2018/12/30-01:21:35.043956 7f66f199d700                    Options.recycle_log_file_num: 0
2018/12/30-01:21:35.043957 7f66f199d700                         Options.allow_fallocate: 1
2018/12/30-01:21:35.043958 7f66f199d700                        Options.allow_mmap_reads: 0
2018/12/30-01:21:35.043959 7f66f199d700                       Options.allow_mmap_writes: 0
2018/12/30-01:21:35.043960 7f66f199d700                        Options.use_direct_reads: 0
2018/12/30-01:21:35.043961 7f66f199d700                        Options.use_direct_io_for_flush_and_compaction: 0
2018/12/30-01:21:35.043962 7f66f199d700          Options.create_missing_column_families: 1
2018/12/30-01:21:35.043963 7f66f199d700                              Options.db_log_dir: 
2018/12/30-01:21:35.043965 7f66f199d700                                 Options.wal_dir: /mnt/sdg/ycsb-rocksdb-data
2018/12/30-01:21:35.043966 7f66f199d700                Options.table_cache_numshardbits: 6
2018/12/30-01:21:35.043967 7f66f199d700                      Options.max_subcompactions: 4
2018/12/30-01:21:35.043968 7f66f199d700                  Options.max_background_flushes: 24
2018/12/30-01:21:35.043968 7f66f199d700                         Options.WAL_ttl_seconds: 0
2018/12/30-01:21:35.043969 7f66f199d700                       Options.WAL_size_limit_MB: 0
2018/12/30-01:21:35.043970 7f66f199d700             Options.manifest_preallocation_size: 4194304
2018/12/30-01:21:35.043971 7f66f199d700                     Options.is_fd_close_on_exec: 1
2018/12/30-01:21:35.043972 7f66f199d700                   Options.advise_random_on_open: 1
2018/12/30-01:21:35.043973 7f66f199d700                    Options.db_write_buffer_size: 0
2018/12/30-01:21:35.043974 7f66f199d700                    Options.write_buffer_manager: 0x7f669c3daac0
2018/12/30-01:21:35.043975 7f66f199d700         Options.access_hint_on_compaction_start: 1
2018/12/30-01:21:35.043976 7f66f199d700  Options.new_table_reader_for_compaction_inputs: 0
2018/12/30-01:21:35.043977 7f66f199d700           Options.random_access_max_buffer_size: 1048576
2018/12/30-01:21:35.043978 7f66f199d700                      Options.use_adaptive_mutex: 0
2018/12/30-01:21:35.043990 7f66f199d700                            Options.rate_limiter: (nil)
2018/12/30-01:21:35.043993 7f66f199d700     Options.sst_file_manager.rate_bytes_per_sec: 0
2018/12/30-01:21:35.043994 7f66f199d700                       Options.wal_recovery_mode: 2
2018/12/30-01:21:35.043995 7f66f199d700                  Options.enable_thread_tracking: 0
2018/12/30-01:21:35.043996 7f66f199d700                  Options.enable_pipelined_write: 1
2018/12/30-01:21:35.043997 7f66f199d700         Options.allow_concurrent_memtable_write: 1
2018/12/30-01:21:35.043998 7f66f199d700      Options.enable_write_thread_adaptive_yield: 1
2018/12/30-01:21:35.043999 7f66f199d700             Options.write_thread_max_yield_usec: 100
2018/12/30-01:21:35.044000 7f66f199d700            Options.write_thread_slow_yield_usec: 3
2018/12/30-01:21:35.044001 7f66f199d700                               Options.row_cache: None
2018/12/30-01:21:35.044002 7f66f199d700                              Options.wal_filter: None
2018/12/30-01:21:35.044003 7f66f199d700             Options.avoid_flush_during_recovery: 0
2018/12/30-01:21:35.044004 7f66f199d700             Options.allow_ingest_behind: 0
2018/12/30-01:21:35.044005 7f66f199d700             Options.preserve_deletes: 0
2018/12/30-01:21:35.044006 7f66f199d700             Options.two_write_queues: 0
2018/12/30-01:21:35.044007 7f66f199d700             Options.manual_wal_flush: 0
2018/12/30-01:21:35.044008 7f66f199d700             Options.max_background_jobs: 24
2018/12/30-01:21:35.044009 7f66f199d700             Options.max_background_compactions: 24
2018/12/30-01:21:35.044010 7f66f199d700             Options.avoid_flush_during_shutdown: 0
2018/12/30-01:21:35.044011 7f66f199d700           Options.writable_file_max_buffer_size: 1048576
2018/12/30-01:21:35.044012 7f66f199d700             Options.delayed_write_rate : 16777216
2018/12/30-01:21:35.044013 7f66f199d700             Options.max_total_wal_size: 0
2018/12/30-01:21:35.044014 7f66f199d700             Options.delete_obsolete_files_period_micros: 21600000000
2018/12/30-01:21:35.044015 7f66f199d700                   Options.stats_dump_period_sec: 60
2018/12/30-01:21:35.044016 7f66f199d700                          Options.max_open_files: -1
2018/12/30-01:21:35.044017 7f66f199d700                          Options.bytes_per_sync: 1048576
2018/12/30-01:21:35.044018 7f66f199d700                      Options.wal_bytes_per_sync: 0
2018/12/30-01:21:35.044019 7f66f199d700       Options.compaction_readahead_size: 0
2018/12/30-01:21:35.044020 7f66f199d700 Compression algorithms supported:
2018/12/30-01:21:35.044021 7f66f199d700 	kZSTDNotFinalCompression supported: 1
2018/12/30-01:21:35.044029 7f66f199d700 	kZSTD supported: 1
2018/12/30-01:21:35.044030 7f66f199d700 	kXpressCompression supported: 0
2018/12/30-01:21:35.044031 7f66f199d700 	kLZ4HCCompression supported: 1
2018/12/30-01:21:35.044033 7f66f199d700 	kLZ4Compression supported: 1
2018/12/30-01:21:35.044034 7f66f199d700 	kBZip2Compression supported: 1
2018/12/30-01:21:35.044035 7f66f199d700 	kZlibCompression supported: 1
2018/12/30-01:21:35.044036 7f66f199d700 	kSnappyCompression supported: 1
2018/12/30-01:21:35.044040 7f66f199d700 Fast CRC32 supported: Supported on x86
2018/12/30-01:21:35.044672 7f66f199d700 [db/version_set.cc:3085] Recovering from manifest file: MANIFEST-000004
2018/12/30-01:21:35.044979 7f66f199d700 [db/column_family.cc:475] --------------- Options for column family [default]:
2018/12/30-01:21:35.044982 7f66f199d700               Options.comparator: leveldb.BytewiseComparator
2018/12/30-01:21:35.044984 7f66f199d700           Options.merge_operator: None
2018/12/30-01:21:35.044985 7f66f199d700        Options.compaction_filter: None
2018/12/30-01:21:35.044986 7f66f199d700        Options.compaction_filter_factory: None
2018/12/30-01:21:35.044987 7f66f199d700         Options.memtable_factory: SkipListFactory
2018/12/30-01:21:35.044988 7f66f199d700            Options.table_factory: BlockBasedTable
2018/12/30-01:21:35.045011 7f66f199d700            table_factory options:   flush_block_policy_factory: FlushBlockBySizePolicyFactory (0x7f669c37fa80)
  cache_index_and_filter_blocks: 0
  cache_index_and_filter_blocks_with_high_priority: 0
  pin_l0_filter_and_index_blocks_in_cache: 0
  index_type: 0
  hash_index_allow_collision: 1
  checksum: 1
  no_block_cache: 0
  block_cache: 0x7f669c38b470
  block_cache_name: LRUCache
  block_cache_options:
    capacity : 8388608
    num_shard_bits : 4
    strict_capacity_limit : 0
    high_pri_pool_ratio: 0.000
  block_cache_compressed: (nil)
  persistent_cache: (nil)
  block_size: 8192
  block_size_deviation: 10
  block_restart_interval: 16
  index_block_restart_interval: 1
  metadata_block_size: 4096
  partition_filters: 0
  use_delta_encoding: 1
  filter_policy: nullptr
  whole_key_filtering: 1
  verify_compression: 0
  read_amp_bytes_per_bit: 0
  format_version: 2
  enable_index_compression: 1
  block_align: 0
2018/12/30-01:21:35.045024 7f66f199d700        Options.write_buffer_size: 134217728
2018/12/30-01:21:35.045026 7f66f199d700  Options.max_write_buffer_number: 24
2018/12/30-01:21:35.045027 7f66f199d700        Options.compression[0]: NoCompression
2018/12/30-01:21:35.045029 7f66f199d700        Options.compression[1]: NoCompression
2018/12/30-01:21:35.045030 7f66f199d700        Options.compression[2]: LZ4
2018/12/30-01:21:35.045031 7f66f199d700        Options.compression[3]: LZ4
2018/12/30-01:21:35.045032 7f66f199d700        Options.compression[4]: LZ4
2018/12/30-01:21:35.045033 7f66f199d700        Options.compression[5]: LZ4
2018/12/30-01:21:35.045034 7f66f199d700        Options.compression[6]: LZ4
2018/12/30-01:21:35.045034 7f66f199d700                  Options.bottommost_compression: Disabled
2018/12/30-01:21:35.045035 7f66f199d700       Options.prefix_extractor: nullptr
2018/12/30-01:21:35.045037 7f66f199d700   Options.memtable_insert_with_hint_prefix_extractor: nullptr
2018/12/30-01:21:35.045037 7f66f199d700             Options.num_levels: 7
2018/12/30-01:21:35.045038 7f66f199d700        Options.min_write_buffer_number_to_merge: 2
2018/12/30-01:21:35.045039 7f66f199d700     Options.max_write_buffer_number_to_maintain: 0
2018/12/30-01:21:35.045040 7f66f199d700            Options.compression_opts.window_bits: -14
2018/12/30-01:21:35.045041 7f66f199d700                  Options.compression_opts.level: -1
2018/12/30-01:21:35.045042 7f66f199d700               Options.compression_opts.strategy: 0
2018/12/30-01:21:35.045043 7f66f199d700         Options.compression_opts.max_dict_bytes: 0
2018/12/30-01:21:35.045044 7f66f199d700         Options.compression_opts.zstd_max_train_bytes: 0
2018/12/30-01:21:35.045045 7f66f199d700      Options.level0_file_num_compaction_trigger: 2
2018/12/30-01:21:35.045046 7f66f199d700          Options.level0_slowdown_writes_trigger: 20
2018/12/30-01:21:35.045047 7f66f199d700              Options.level0_stop_writes_trigger: 36
2018/12/30-01:21:35.045048 7f66f199d700                   Options.target_file_size_base: 67108864
2018/12/30-01:21:35.045049 7f66f199d700             Options.target_file_size_multiplier: 1
2018/12/30-01:21:35.045050 7f66f199d700                Options.max_bytes_for_level_base: 536870912
2018/12/30-01:21:35.045051 7f66f199d700 Options.level_compaction_dynamic_level_bytes: 0
2018/12/30-01:21:35.045052 7f66f199d700          Options.max_bytes_for_level_multiplier: 10.000000
2018/12/30-01:21:35.045054 7f66f199d700 Options.max_bytes_for_level_multiplier_addtl[0]: 1
2018/12/30-01:21:35.045055 7f66f199d700 Options.max_bytes_for_level_multiplier_addtl[1]: 1
2018/12/30-01:21:35.045056 7f66f199d700 Options.max_bytes_for_level_multiplier_addtl[2]: 1
2018/12/30-01:21:35.045057 7f66f199d700 Options.max_bytes_for_level_multiplier_addtl[3]: 1
2018/12/30-01:21:35.045058 7f66f199d700 Options.max_bytes_for_level_multiplier_addtl[4]: 1
2018/12/30-01:21:35.045059 7f66f199d700 Options.max_bytes_for_level_multiplier_addtl[5]: 1
2018/12/30-01:21:35.045060 7f66f199d700 Options.max_bytes_for_level_multiplier_addtl[6]: 1
2018/12/30-01:21:35.045061 7f66f199d700       Options.max_sequential_skip_in_iterations: 8
2018/12/30-01:21:35.045062 7f66f199d700                    Options.max_compaction_bytes: 1677721600
2018/12/30-01:21:35.045069 7f66f199d700                        Options.arena_block_size: 16777216
2018/12/30-01:21:35.045070 7f66f199d700   Options.soft_pending_compaction_bytes_limit: 68719476736
2018/12/30-01:21:35.045071 7f66f199d700   Options.hard_pending_compaction_bytes_limit: 274877906944
2018/12/30-01:21:35.045072 7f66f199d700       Options.rate_limit_delay_max_milliseconds: 100
2018/12/30-01:21:35.045073 7f66f199d700                Options.disable_auto_compactions: 0
2018/12/30-01:21:35.045075 7f66f199d700                        Options.compaction_style: kCompactionStyleLevel
2018/12/30-01:21:35.045077 7f66f199d700                          Options.compaction_pri: kByCompensatedSize
2018/12/30-01:21:35.045078 7f66f199d700 Options.compaction_options_universal.size_ratio: 1
2018/12/30-01:21:35.045079 7f66f199d700 Options.compaction_options_universal.min_merge_width: 2
2018/12/30-01:21:35.045080 7f66f199d700 Options.compaction_options_universal.max_merge_width: 4294967295
2018/12/30-01:21:35.045081 7f66f199d700 Options.compaction_options_universal.max_size_amplification_percent: 200
2018/12/30-01:21:35.045082 7f66f199d700 Options.compaction_options_universal.compression_size_percent: -1
2018/12/30-01:21:35.045083 7f66f199d700 Options.compaction_options_universal.stop_style: kCompactionStopStyleTotalSize
2018/12/30-01:21:35.045084 7f66f199d700 Options.compaction_options_fifo.max_table_files_size: 1073741824
2018/12/30-01:21:35.045085 7f66f199d700 Options.compaction_options_fifo.allow_compaction: 0
2018/12/30-01:21:35.045086 7f66f199d700 Options.compaction_options_fifo.ttl: 0
2018/12/30-01:21:35.045087 7f66f199d700                   Options.table_properties_collectors: 
2018/12/30-01:21:35.045089 7f66f199d700                   Options.inplace_update_support: 0
2018/12/30-01:21:35.045089 7f66f199d700                 Options.inplace_update_num_locks: 10000
2018/12/30-01:21:35.045090 7f66f199d700               Options.memtable_prefix_bloom_size_ratio: 0.000000
2018/12/30-01:21:35.045092 7f66f199d700   Options.memtable_huge_page_size: 0
2018/12/30-01:21:35.045093 7f66f199d700                           Options.bloom_locality: 0
2018/12/30-01:21:35.045094 7f66f199d700                    Options.max_successive_merges: 0
2018/12/30-01:21:35.045095 7f66f199d700                Options.optimize_filters_for_hits: 0
2018/12/30-01:21:35.045096 7f66f199d700                Options.paranoid_file_checks: 0
2018/12/30-01:21:35.045097 7f66f199d700                Options.force_consistency_checks: 0
2018/12/30-01:21:35.045098 7f66f199d700                Options.report_bg_io_stats: 0
2018/12/30-01:21:35.045099 7f66f199d700                               Options.ttl: 0
2018/12/30-01:21:35.045549 7f66f199d700 [db/column_family.cc:475] --------------- Options for column family [usertable]:
2018/12/30-01:21:35.045553 7f66f199d700               Options.comparator: leveldb.BytewiseComparator
2018/12/30-01:21:35.045555 7f66f199d700           Options.merge_operator: None
2018/12/30-01:21:35.045556 7f66f199d700        Options.compaction_filter: None
2018/12/30-01:21:35.045557 7f66f199d700        Options.compaction_filter_factory: None
2018/12/30-01:21:35.045558 7f66f199d700         Options.memtable_factory: SkipListFactory
2018/12/30-01:21:35.045559 7f66f199d700            Options.table_factory: BlockBasedTable
2018/12/30-01:21:35.045586 7f66f199d700            table_factory options:   flush_block_policy_factory: FlushBlockBySizePolicyFactory (0x7f669c37f850)
  cache_index_and_filter_blocks: 0
  cache_index_and_filter_blocks_with_high_priority: 0
  pin_l0_filter_and_index_blocks_in_cache: 0
  index_type: 0
  hash_index_allow_collision: 1
  checksum: 1
  no_block_cache: 0
  block_cache: 0x7f669c37f4b0
  block_cache_name: LRUCache
  block_cache_options:
    capacity : 8388608
    num_shard_bits : 4
    strict_capacity_limit : 0
    high_pri_pool_ratio: 0.000
  block_cache_compressed: (nil)
  persistent_cache: (nil)
  block_size: 8192
  block_size_deviation: 10
  block_restart_interval: 16
  index_block_restart_interval: 1
  metadata_block_size: 4096
  partition_filters: 0
  use_delta_encoding: 1
  filter_policy: nullptr
  whole_key_filtering: 1
  verify_compression: 0
  read_amp_bytes_per_bit: 0
  format_version: 2
  enable_index_compression: 1
  block_align: 0
2018/12/30-01:21:35.045601 7f66f199d700        Options.write_buffer_size: 134217728
2018/12/30-01:21:35.045603 7f66f199d700  Options.max_write_buffer_number: 24
2018/12/30-01:21:35.045606 7f66f199d700        Options.compression[0]: NoCompression
2018/12/30-01:21:35.045607 7f66f199d700        Options.compression[1]: NoCompression
2018/12/30-01:21:35.045608 7f66f199d700        Options.compression[2]: LZ4
2018/12/30-01:21:35.045609 7f66f199d700        Options.compression[3]: LZ4
2018/12/30-01:21:35.045610 7f66f199d700        Options.compression[4]: LZ4
2018/12/30-01:21:35.045611 7f66f199d700        Options.compression[5]: LZ4
2018/12/30-01:21:35.045612 7f66f199d700        Options.compression[6]: LZ4
2018/12/30-01:21:35.045613 7f66f199d700                  Options.bottommost_compression: Disabled
2018/12/30-01:21:35.045614 7f66f199d700       Options.prefix_extractor: nullptr
2018/12/30-01:21:35.045616 7f66f199d700   Options.memtable_insert_with_hint_prefix_extractor: nullptr
2018/12/30-01:21:35.045619 7f66f199d700             Options.num_levels: 7
2018/12/30-01:21:35.045620 7f66f199d700        Options.min_write_buffer_number_to_merge: 2
2018/12/30-01:21:35.045622 7f66f199d700     Options.max_write_buffer_number_to_maintain: 0
2018/12/30-01:21:35.045624 7f66f199d700            Options.compression_opts.window_bits: -14
2018/12/30-01:21:35.045626 7f66f199d700                  Options.compression_opts.level: -1
2018/12/30-01:21:35.045627 7f66f199d700               Options.compression_opts.strategy: 0
2018/12/30-01:21:35.045629 7f66f199d700         Options.compression_opts.max_dict_bytes: 0
2018/12/30-01:21:35.045631 7f66f199d700         Options.compression_opts.zstd_max_train_bytes: 0
2018/12/30-01:21:35.045633 7f66f199d700      Options.level0_file_num_compaction_trigger: 2
2018/12/30-01:21:35.045635 7f66f199d700          Options.level0_slowdown_writes_trigger: 20
2018/12/30-01:21:35.045637 7f66f199d700              Options.level0_stop_writes_trigger: 36
2018/12/30-01:21:35.045638 7f66f199d700                   Options.target_file_size_base: 67108864
2018/12/30-01:21:35.045640 7f66f199d700             Options.target_file_size_multiplier: 1
2018/12/30-01:21:35.045642 7f66f199d700                Options.max_bytes_for_level_base: 536870912
2018/12/30-01:21:35.045644 7f66f199d700 Options.level_compaction_dynamic_level_bytes: 0
2018/12/30-01:21:35.045646 7f66f199d700          Options.max_bytes_for_level_multiplier: 10.000000
2018/12/30-01:21:35.045649 7f66f199d700 Options.max_bytes_for_level_multiplier_addtl[0]: 1
2018/12/30-01:21:35.045651 7f66f199d700 Options.max_bytes_for_level_multiplier_addtl[1]: 1
2018/12/30-01:21:35.045653 7f66f199d700 Options.max_bytes_for_level_multiplier_addtl[2]: 1
2018/12/30-01:21:35.045655 7f66f199d700 Options.max_bytes_for_level_multiplier_addtl[3]: 1
2018/12/30-01:21:35.045656 7f66f199d700 Options.max_bytes_for_level_multiplier_addtl[4]: 1
2018/12/30-01:21:35.045658 7f66f199d700 Options.max_bytes_for_level_multiplier_addtl[5]: 1
2018/12/30-01:21:35.045660 7f66f199d700 Options.max_bytes_for_level_multiplier_addtl[6]: 1
2018/12/30-01:21:35.045661 7f66f199d700       Options.max_sequential_skip_in_iterations: 8
2018/12/30-01:21:35.045663 7f66f199d700                    Options.max_compaction_bytes: 1677721600
2018/12/30-01:21:35.045665 7f66f199d700                        Options.arena_block_size: 16777216
2018/12/30-01:21:35.045666 7f66f199d700   Options.soft_pending_compaction_bytes_limit: 68719476736
2018/12/30-01:21:35.045669 7f66f199d700   Options.hard_pending_compaction_bytes_limit: 274877906944
2018/12/30-01:21:35.045671 7f66f199d700       Options.rate_limit_delay_max_milliseconds: 100
2018/12/30-01:21:35.045673 7f66f199d700                Options.disable_auto_compactions: 0
2018/12/30-01:21:35.045675 7f66f199d700                        Options.compaction_style: kCompactionStyleLevel
2018/12/30-01:21:35.045691 7f66f199d700                          Options.compaction_pri: kByCompensatedSize
2018/12/30-01:21:35.045693 7f66f199d700 Options.compaction_options_universal.size_ratio: 1
2018/12/30-01:21:35.045695 7f66f199d700 Options.compaction_options_universal.min_merge_width: 2
2018/12/30-01:21:35.045697 7f66f199d700 Options.compaction_options_universal.max_merge_width: 4294967295
2018/12/30-01:21:35.045699 7f66f199d700 Options.compaction_options_universal.max_size_amplification_percent: 200
2018/12/30-01:21:35.045701 7f66f199d700 Options.compaction_options_universal.compression_size_percent: -1
2018/12/30-01:21:35.045704 7f66f199d700 Options.compaction_options_universal.stop_style: kCompactionStopStyleTotalSize
2018/12/30-01:21:35.045706 7f66f199d700 Options.compaction_options_fifo.max_table_files_size: 1073741824
2018/12/30-01:21:35.045708 7f66f199d700 Options.compaction_options_fifo.allow_compaction: 0
2018/12/30-01:21:35.045709 7f66f199d700 Options.compaction_options_fifo.ttl: 0
2018/12/30-01:21:35.045711 7f66f199d700                   Options.table_properties_collectors: 
2018/12/30-01:21:35.045713 7f66f199d700                   Options.inplace_update_support: 0
2018/12/30-01:21:35.045715 7f66f199d700                 Options.inplace_update_num_locks: 10000
2018/12/30-01:21:35.045717 7f66f199d700               Options.memtable_prefix_bloom_size_ratio: 0.000000
2018/12/30-01:21:35.045720 7f66f199d700   Options.memtable_huge_page_size: 0
2018/12/30-01:21:35.045722 7f66f199d700                           Options.bloom_locality: 0
2018/12/30-01:21:35.045724 7f66f199d700                    Options.max_successive_merges: 0
2018/12/30-01:21:35.045725 7f66f199d700                Options.optimize_filters_for_hits: 0
2018/12/30-01:21:35.045727 7f66f199d700                Options.paranoid_file_checks: 0
2018/12/30-01:21:35.045728 7f66f199d700                Options.force_consistency_checks: 0
2018/12/30-01:21:35.045733 7f66f199d700                Options.report_bg_io_stats: 0
2018/12/30-01:21:35.045735 7f66f199d700                               Options.ttl: 0
2018/12/30-01:21:35.657463 7f66f199d700 [db/version_set.cc:3361] Recovered from manifest file:/mnt/sdg/ycsb-rocksdb-data/MANIFEST-000004 succeeded,manifest_file_number is 4, next_file_number is 1210, last_sequence is 10394264, log_number is 0,prev_log_number is 0,max_column_family is 1,min_log_number_to_keep is 0
2018/12/30-01:21:35.657476 7f66f199d700 [db/version_set.cc:3369] Column family [default] (ID 0), log number is 0
2018/12/30-01:21:35.657479 7f66f199d700 [db/version_set.cc:3369] Column family [usertable] (ID 1), log number is 1203
2018/12/30-01:21:35.660167 7f66f199d700 EVENT_LOG_v1 {"time_micros": 1546161695660151, "job": 1, "event": "recovery_started", "log_files": [1203, 1209, 1210]}
2018/12/30-01:21:35.660177 7f66f199d700 [db/db_impl_open.cc:551] Recovering log #1203 mode 2
2018/12/30-01:21:37.258662 7f66f199d700 EVENT_LOG_v1 {"time_micros": 1546161697258632, "cf_name": "usertable", "job": 1, "event": "table_file_creation", "file_number": 1210, "file_size": 129902324, "table_properties": {"data_size": 129321395, "index_size": 580007, "filter_size": 0, "raw_key_size": 752760, "raw_average_key_size": 24, "raw_value_size": 128471040, "raw_average_value_size": 4096, "num_data_blocks": 15683, "num_entries": 31365, "filter_policy_name": "", "kDeletedKeys": "0", "kMergeOperands": "0"}}
2018/12/30-01:21:37.268386 7f66f199d700 [db/db_impl_open.cc:551] Recovering log #1209 mode 2
2018/12/30-01:21:38.677736 7f66f199d700 EVENT_LOG_v1 {"time_micros": 1546161698677697, "cf_name": "usertable", "job": 1, "event": "table_file_creation", "file_number": 1211, "file_size": 129895353, "table_properties": {"data_size": 129317909, "index_size": 576522, "filter_size": 0, "raw_key_size": 752760, "raw_average_key_size": 24, "raw_value_size": 128471040, "raw_average_value_size": 4096, "num_data_blocks": 15683, "num_entries": 31365, "filter_policy_name": "", "kDeletedKeys": "0", "kMergeOperands": "0"}}
2018/12/30-01:21:38.679471 7f66f199d700 [db/db_impl_open.cc:551] Recovering log #1210 mode 2
2018/12/30-01:21:38.779311 7f66f199d700 [db/version_set.cc:2847] Creating manifest 1212
2018/12/30-01:21:38.987831 7f66f199d700 EVENT_LOG_v1 {"time_micros": 1546161698987803, "cf_name": "usertable", "job": 1, "event": "table_file_creation", "file_number": 1213, "file_size": 10420949, "table_properties": {"data_size": 10373746, "index_size": 46282, "filter_size": 0, "raw_key_size": 60384, "raw_average_key_size": 24, "raw_value_size": 10305536, "raw_average_value_size": 4096, "num_data_blocks": 1258, "num_entries": 2516, "filter_policy_name": "", "kDeletedKeys": "0", "kMergeOperands": "0"}}
2018/12/30-01:21:39.017308 7f66f199d700 EVENT_LOG_v1 {"time_micros": 1546161699017298, "job": 1, "event": "recovery_finished"}
2018/12/30-01:21:39.018363 7f66f199d700 [db/column_family.cc:837] [usertable] Increasing compaction threads because we have 4 level-0 files 
2018/12/30-01:21:39.162256 7f66f199d700 [db/db_impl_open.cc:1219] DB pointer 0x7f669c3de1f0
2018/12/30-01:21:39.162770 7f6623433700 [WARN] [db/db_impl.cc:491] ------- DUMPING STATS -------
2018/12/30-01:21:39.162840 7f6623433700 [WARN] [db/db_impl.cc:492] 
** DB Stats **
Uptime(secs): 4.1 total, 4.1 interval
Cumulative writes: 0 writes, 0 keys, 0 commit groups, 0.0 writes per commit group, ingest: 0.00 GB, 0.00 MB/s
Cumulative WAL: 0 writes, 0 syncs, 0.00 writes per sync, written: 0.00 GB, 0.00 MB/s
Cumulative stall: 00:00:0.000 H:M:S, 0.0 percent
Interval writes: 0 writes, 0 keys, 0 commit groups, 0.0 writes per commit group, ingest: 0.00 MB, 0.00 MB/s
Interval WAL: 0 writes, 0 syncs, 0.00 writes per sync, written: 0.00 MB, 0.00 MB/s
Interval stall: 00:00:0.000 H:M:S, 0.0 percent

** Compaction Stats [default] **
Level    Files   Size     Score Read(GB)  Rn(GB) Rnp1(GB) Write(GB) Wnew(GB) Moved(GB) W-Amp Rd(MB/s) Wr(MB/s) Comp(sec) Comp(cnt) Avg(sec) KeyIn KeyDrop
----------------------------------------------------------------------------------------------------------------------------------------------------------
 Sum      0/0    0.00 KB   0.0      0.0     0.0      0.0       0.0      0.0       0.0   0.0      0.0      0.0         0         0    0.000       0      0
 Int      0/0    0.00 KB   0.0      0.0     0.0      0.0       0.0      0.0       0.0   0.0      0.0      0.0         0         0    0.000       0      0
Uptime(secs): 4.1 total, 4.1 interval
Flush(GB): cumulative 0.000, interval 0.000
AddFile(GB): cumulative 0.000, interval 0.000
AddFile(Total Files): cumulative 0, interval 0
AddFile(L0 Files): cumulative 0, interval 0
AddFile(Keys): cumulative 0, interval 0
Cumulative compaction: 0.00 GB write, 0.00 MB/s write, 0.00 GB read, 0.00 MB/s read, 0.0 seconds
Interval compaction: 0.00 GB write, 0.00 MB/s write, 0.00 GB read, 0.00 MB/s read, 0.0 seconds
Stalls(count): 0 level0_slowdown, 0 level0_slowdown_with_compaction, 0 level0_numfiles, 0 level0_numfiles_with_compaction, 0 stop for pending_compaction_bytes, 0 slowdown for pending_compaction_bytes, 0 memtable_compaction, 0 memtable_slowdown, interval 0 total count

** File Read Latency Histogram By Level [default] **

** Compaction Stats [usertable] **
Level    Files   Size     Score Read(GB)  Rn(GB) Rnp1(GB) Write(GB) Wnew(GB) Moved(GB) W-Amp Rd(MB/s) Wr(MB/s) Comp(sec) Comp(cnt) Avg(sec) KeyIn KeyDrop
----------------------------------------------------------------------------------------------------------------------------------------------------------
  L0      4/0   442.76 MB   2.0      0.0     0.0      0.0       0.3      0.3       0.0   1.0      0.0    136.4         2         3    0.630       0      0
  L1      2/0   380.51 MB   0.7      0.0     0.0      0.0       0.0      0.0       0.0   0.0      0.0      0.0         0         0    0.000       0      0
  L2    122/0    4.95 GB   1.0      0.0     0.0      0.0       0.0      0.0       0.0   0.0      0.0      0.0         0         0    0.000       0      0
  L3    556/0   34.42 GB   0.7      0.0     0.0      0.0       0.0      0.0       0.0   0.0      0.0      0.0         0         0    0.000       0      0
 Sum    684/0   40.18 GB   0.0      0.0     0.0      0.0       0.3      0.3       0.0   1.0      0.0    136.4         2         3    0.630       0      0
 Int      0/0    0.00 KB   0.0      0.0     0.0      0.0       0.3      0.3       0.0   1.0      0.0    136.4         2         3    0.630       0      0
Uptime(secs): 4.1 total, 4.1 interval
Flush(GB): cumulative 0.252, interval 0.252
AddFile(GB): cumulative 0.000, interval 0.000
AddFile(Total Files): cumulative 0, interval 0
AddFile(L0 Files): cumulative 0, interval 0
AddFile(Keys): cumulative 0, interval 0
Cumulative compaction: 0.25 GB write, 62.59 MB/s write, 0.00 GB read, 0.00 MB/s read, 1.9 seconds
Interval compaction: 0.25 GB write, 62.59 MB/s write, 0.00 GB read, 0.00 MB/s read, 1.9 seconds
Stalls(count): 0 level0_slowdown, 0 level0_slowdown_with_compaction, 0 level0_numfiles, 0 level0_numfiles_with_compaction, 0 stop for pending_compaction_bytes, 0 slowdown for pending_compaction_bytes, 0 memtable_compaction, 0 memtable_slowdown, interval 0 total count

** File Read Latency Histogram By Level [usertable] **

** Compaction Stats [default] **
Level    Files   Size     Score Read(GB)  Rn(GB) Rnp1(GB) Write(GB) Wnew(GB) Moved(GB) W-Amp Rd(MB/s) Wr(MB/s) Comp(sec) Comp(cnt) Avg(sec) KeyIn KeyDrop
----------------------------------------------------------------------------------------------------------------------------------------------------------
 Sum      0/0    0.00 KB   0.0      0.0     0.0      0.0       0.0      0.0       0.0   0.0      0.0      0.0         0         0    0.000       0      0
 Int      0/0    0.00 KB   0.0      0.0     0.0      0.0       0.0      0.0       0.0   0.0      0.0      0.0         0         0    0.000       0      0
Uptime(secs): 4.1 total, 0.0 interval
Flush(GB): cumulative 0.000, interval 0.000
AddFile(GB): cumulative 0.000, interval 0.000
AddFile(Total Files): cumulative 0, interval 0
AddFile(L0 Files): cumulative 0, interval 0
AddFile(Keys): cumulative 0, interval 0
Cumulative compaction: 0.00 GB write, 0.00 MB/s write, 0.00 GB read, 0.00 MB/s read, 0.0 seconds
Interval compaction: 0.00 GB write, 0.00 MB/s write, 0.00 GB read, 0.00 MB/s read, 0.0 seconds
Stalls(count): 0 level0_slowdown, 0 level0_slowdown_with_compaction, 0 level0_numfiles, 0 level0_numfiles_with_compaction, 0 stop for pending_compaction_bytes, 0 slowdown for pending_compaction_bytes, 0 memtable_compaction, 0 memtable_slowdown, interval 0 total count

** File Read Latency Histogram By Level [default] **

** Compaction Stats [usertable] **
Level    Files   Size     Score Read(GB)  Rn(GB) Rnp1(GB) Write(GB) Wnew(GB) Moved(GB) W-Amp Rd(MB/s) Wr(MB/s) Comp(sec) Comp(cnt) Avg(sec) KeyIn KeyDrop
----------------------------------------------------------------------------------------------------------------------------------------------------------
  L0      4/0   442.76 MB   2.0      0.0     0.0      0.0       0.3      0.3       0.0   1.0      0.0    136.4         2         3    0.630       0      0
  L1      2/0   380.51 MB   0.7      0.0     0.0      0.0       0.0      0.0       0.0   0.0      0.0      0.0         0         0    0.000       0      0
  L2    122/0    4.95 GB   1.0      0.0     0.0      0.0       0.0      0.0       0.0   0.0      0.0      0.0         0         0    0.000       0      0
  L3    556/0   34.42 GB   0.7      0.0     0.0      0.0       0.0      0.0       0.0   0.0      0.0      0.0         0         0    0.000       0      0
 Sum    684/0   40.18 GB   0.0      0.0     0.0      0.0       0.3      0.3       0.0   1.0      0.0    136.4         2         3    0.630       0      0
 Int      0/0    0.00 KB   0.0      0.0     0.0      0.0       0.0      0.0       0.0   0.0      0.0      0.0         0         0    0.000       0      0
Uptime(secs): 4.1 total, 0.0 interval
Flush(GB): cumulative 0.252, interval 0.000
AddFile(GB): cumulative 0.000, interval 0.000
AddFile(Total Files): cumulative 0, interval 0
AddFile(L0 Files): cumulative 0, interval 0
AddFile(Keys): cumulative 0, interval 0
Cumulative compaction: 0.25 GB write, 62.59 MB/s write, 0.00 GB read, 0.00 MB/s read, 1.9 seconds
Interval compaction: 0.00 GB write, 0.00 MB/s write, 0.00 GB read, 0.00 MB/s read, 0.0 seconds
Stalls(count): 0 level0_slowdown, 0 level0_slowdown_with_compaction, 0 level0_numfiles, 0 level0_numfiles_with_compaction, 0 stop for pending_compaction_bytes, 0 slowdown for pending_compaction_bytes, 0 memtable_compaction, 0 memtable_slowdown, interval 0 total count

** File Read Latency Histogram By Level [usertable] **
2018/12/30-01:21:39.163602 7f6622431700 (Original Log Time 2018/12/30-01:21:39.163575) [db/db_impl_compaction_flush.cc:1781] Compaction nothing to do
2018/12/30-01:21:39.192810 7f6623433700 (Original Log Time 2018/12/30-01:21:39.163032) [db/db_impl_compaction_flush.cc:1835] [usertable] Moving #327 to level-1 194045471 bytes
2018/12/30-01:21:39.192817 7f6623433700 (Original Log Time 2018/12/30-01:21:39.192643) EVENT_LOG_v1 {"time_micros": 1546161699192629, "job": 3, "event": "trivial_move", "destination_level": 1, "files": 1, "total_files_size": 194045471}
2018/12/30-01:21:39.192819 7f6623433700 (Original Log Time 2018/12/30-01:21:39.192668) [db/db_impl_compaction_flush.cc:1864] [usertable] Moved #1 files to level-1 194045471 bytes OK: base level 1 max bytes base 536870912 files[3 3 122 556 0 0 0] max score 1.50
2018/12/30-01:21:39.224143 7f6623433700 (Original Log Time 2018/12/30-01:21:39.192899) [db/db_impl_compaction_flush.cc:1835] [usertable] Moving #1210 to level-1 129902324 bytes
2018/12/30-01:21:39.224151 7f6623433700 (Original Log Time 2018/12/30-01:21:39.224058) EVENT_LOG_v1 {"time_micros": 1546161699224049, "job": 5, "event": "trivial_move", "destination_level": 1, "files": 1, "total_files_size": 129902324}
2018/12/30-01:21:39.224154 7f6623433700 (Original Log Time 2018/12/30-01:21:39.224072) [db/db_impl_compaction_flush.cc:1864] [usertable] Moved #1 files to level-1 129902324 bytes OK: base level 1 max bytes base 536870912 files[2 4 122 556 0 0 0] max score 1.35
2018/12/30-01:21:39.224444 7f6623433700 [db/compaction_job.cc:1531] [usertable] [JOB 6] Compacting 1@1 files to L2, score 1.35
2018/12/30-01:21:39.224456 7f6623433700 [db/compaction_job.cc:1535] [usertable] Compaction start summary: Base version 7 Base level 1, inputs: [382(191MB)]
2018/12/30-01:21:39.224495 7f6623433700 EVENT_LOG_v1 {"time_micros": 1546161699224465, "job": 6, "event": "compaction_started", "compaction_reason": "LevelMaxLevelSize", "files_L1": [382], "score": 1.34658, "input_data_size": 201287137}
2018/12/30-01:21:40.662591 7f6623433700 [db/compaction_job.cc:1211] [usertable] [JOB 6] Generated table #1217: 16279 keys, 67233536 bytes
2018/12/30-01:21:40.662648 7f6623433700 EVENT_LOG_v1 {"time_micros": 1546161700662624, "cf_name": "usertable", "job": 6, "event": "table_file_creation", "file_number": 1217, "file_size": 67233536, "table_properties": {"data_size": 67120139, "index_size": 300916, "filter_size": 0, "raw_key_size": 390696, "raw_average_key_size": 24, "raw_value_size": 66678784, "raw_average_value_size": 4096, "num_data_blocks": 8140, "num_entries": 16279, "filter_policy_name": "", "kDeletedKeys": "0", "kMergeOperands": "0"}}
2018/12/30-01:21:42.648127 7f6623433700 [db/compaction_job.cc:1211] [usertable] [JOB 6] Generated table #1218: 16279 keys, 67233335 bytes
2018/12/30-01:21:42.648183 7f6623433700 EVENT_LOG_v1 {"time_micros": 1546161702648159, "cf_name": "usertable", "job": 6, "event": "table_file_creation", "file_number": 1218, "file_size": 67233335, "table_properties": {"data_size": 67118331, "index_size": 299106, "filter_size": 0, "raw_key_size": 390696, "raw_average_key_size": 24, "raw_value_size": 66678784, "raw_average_value_size": 4096, "num_data_blocks": 8140, "num_entries": 16279, "filter_policy_name": "", "kDeletedKeys": "0", "kMergeOperands": "0"}}
2018/12/30-01:21:45.105686 7f66f0e92700 [db/db_impl_write.cc:1373] [usertable] New memtable created with log file: #1220. Immutable memtables: 0.
2018/12/30-01:21:45.169931 7f6623433700 [db/compaction_job.cc:1211] [usertable] [JOB 6] Generated table #1219: 16043 keys, 66258841 bytes
2018/12/30-01:21:45.170001 7f6623433700 EVENT_LOG_v1 {"time_micros": 1546161705169975, "cf_name": "usertable", "job": 6, "event": "table_file_creation", "file_number": 1219, "file_size": 66258841, "table_properties": {"data_size": 66147085, "index_size": 296550, "filter_size": 0, "raw_key_size": 385032, "raw_average_key_size": 24, "raw_value_size": 65712128, "raw_average_value_size": 4096, "num_data_blocks": 8022, "num_entries": 16043, "filter_policy_name": "", "kDeletedKeys": "0", "kMergeOperands": "0"}}
2018/12/30-01:21:45.170092 7f6623433700 [db/compaction_job.cc:1287] [usertable] [JOB 6] Compacted 1@1 files to L2 => 200725712 bytes
2018/12/30-01:21:45.221895 7f6623433700 (Original Log Time 2018/12/30-01:21:45.221683) [db/compaction_job.cc:685] [usertable] compacted to: base level 1 max bytes base 536870912 files[2 3 125 556 0 0 0] max score 1.03, MB/sec: 33.9 rd, 33.8 wr, level 2, files in(1, 0) out(3) MB in(192.0, 0.0) out(191.4), read-write-amplify(2.0) write-amplify(1.0) OK, records in: 48601, records dropped: 0 output_compression: LZ4
2018/12/30-01:21:45.221907 7f6623433700 (Original Log Time 2018/12/30-01:21:45.221745) EVENT_LOG_v1 {"time_micros": 1546161705221720, "job": 6, "event": "compaction_finished", "compaction_time_micros": 5945531, "output_level": 2, "num_output_files": 3, "total_output_size": 200725712, "num_input_records": 48601, "num_output_records": 48601, "num_subcompactions": 1, "output_compression": "LZ4", "num_single_delete_mismatches": 0, "num_single_delete_fallthrough": 0, "lsm_state": [2, 3, 125, 556, 0, 0, 0]}
2018/12/30-01:21:45.281596 7f65e2ffd700 (Original Log Time 2018/12/30-01:21:45.222218) [db/db_impl_compaction_flush.cc:1835] [usertable] Moving #1217 to level-3 67233536 bytes
2018/12/30-01:21:45.281604 7f65e2ffd700 (Original Log Time 2018/12/30-01:21:45.281502) EVENT_LOG_v1 {"time_micros": 1546161705281493, "job": 7, "event": "trivial_move", "destination_level": 3, "files": 1, "total_files_size": 67233536}
2018/12/30-01:21:45.281608 7f65e2ffd700 (Original Log Time 2018/12/30-01:21:45.281527) [db/db_impl_compaction_flush.cc:1864] [usertable] Moved #1 files to level-3 67233536 bytes OK: base level 1 max bytes base 536870912 files[2 3 124 557 0 0 0] max score 1.02
2018/12/30-01:21:45.321221 7f65e2ffd700 EVENT_LOG_v1 {"time_micros": 1546161705321211, "job": 7, "event": "table_file_deletion", "file_number": 382}
2018/12/30-01:21:45.355570 7f6620c2e700 (Original Log Time 2018/12/30-01:21:45.321419) [db/db_impl_compaction_flush.cc:1835] [usertable] Moving #1218 to level-3 67233335 bytes
2018/12/30-01:21:45.355575 7f6620c2e700 (Original Log Time 2018/12/30-01:21:45.355482) EVENT_LOG_v1 {"time_micros": 1546161705355473, "job": 8, "event": "trivial_move", "destination_level": 3, "files": 1, "total_files_size": 67233335}
2018/12/30-01:21:45.355578 7f6620c2e700 (Original Log Time 2018/12/30-01:21:45.355508) [db/db_impl_compaction_flush.cc:1864] [usertable] Moved #1 files to level-3 67233335 bytes OK: base level 1 max bytes base 536870912 files[2 3 123 558 0 0 0] max score 1.00
