2018/12/29-20:39:12.628256 7f498917c700 RocksDB version: 5.14.3
2018/12/29-20:39:12.628314 7f498917c700 Git sha rocksdb_build_git_sha:
2018/12/29-20:39:12.628318 7f498917c700 Compile date Dec 29 2018
2018/12/29-20:39:12.628323 7f498917c700 DB SUMMARY
2018/12/29-20:39:12.628349 7f498917c700 SST files in /mnt/sdg/ycsb-rocksdb-data dir, Total Num: 0, files: 
2018/12/29-20:39:12.628354 7f498917c700 Write Ahead Log file in /mnt/sdg/ycsb-rocksdb-data: 
2018/12/29-20:39:12.628358 7f498917c700                         Options.error_if_exists: 0
2018/12/29-20:39:12.628361 7f498917c700                       Options.create_if_missing: 1
2018/12/29-20:39:12.628363 7f498917c700                         Options.paranoid_checks: 1
2018/12/29-20:39:12.628365 7f498917c700                                     Options.env: 0x7f48c36802c0
2018/12/29-20:39:12.628367 7f498917c700                                Options.info_log: 0x7f49343d4950
2018/12/29-20:39:12.628369 7f498917c700                Options.max_file_opening_threads: 16
2018/12/29-20:39:12.628371 7f498917c700                              Options.statistics: (nil)
2018/12/29-20:39:12.628374 7f498917c700                               Options.use_fsync: 0
2018/12/29-20:39:12.628375 7f498917c700                       Options.max_log_file_size: 0
2018/12/29-20:39:12.628377 7f498917c700                  Options.max_manifest_file_size: 18446744073709551615
2018/12/29-20:39:12.628379 7f498917c700                   Options.log_file_time_to_roll: 0
2018/12/29-20:39:12.628381 7f498917c700                       Options.keep_log_file_num: 1000
2018/12/29-20:39:12.628383 7f498917c700                    Options.recycle_log_file_num: 0
2018/12/29-20:39:12.628385 7f498917c700                         Options.allow_fallocate: 1
2018/12/29-20:39:12.628387 7f498917c700                        Options.allow_mmap_reads: 0
2018/12/29-20:39:12.628390 7f498917c700                       Options.allow_mmap_writes: 0
2018/12/29-20:39:12.628392 7f498917c700                        Options.use_direct_reads: 0
2018/12/29-20:39:12.628402 7f498917c700                        Options.use_direct_io_for_flush_and_compaction: 0
2018/12/29-20:39:12.628405 7f498917c700          Options.create_missing_column_families: 1
2018/12/29-20:39:12.628407 7f498917c700                              Options.db_log_dir: 
2018/12/29-20:39:12.628409 7f498917c700                                 Options.wal_dir: /mnt/sdg/ycsb-rocksdb-data
2018/12/29-20:39:12.628412 7f498917c700                Options.table_cache_numshardbits: 6
2018/12/29-20:39:12.628414 7f498917c700                      Options.max_subcompactions: 4
2018/12/29-20:39:12.628416 7f498917c700                  Options.max_background_flushes: 24
2018/12/29-20:39:12.628418 7f498917c700                         Options.WAL_ttl_seconds: 0
2018/12/29-20:39:12.628420 7f498917c700                       Options.WAL_size_limit_MB: 0
2018/12/29-20:39:12.628422 7f498917c700             Options.manifest_preallocation_size: 4194304
2018/12/29-20:39:12.628424 7f498917c700                     Options.is_fd_close_on_exec: 1
2018/12/29-20:39:12.628426 7f498917c700                   Options.advise_random_on_open: 1
2018/12/29-20:39:12.628428 7f498917c700                    Options.db_write_buffer_size: 0
2018/12/29-20:39:12.628430 7f498917c700                    Options.write_buffer_manager: 0x7f49343d1970
2018/12/29-20:39:12.628432 7f498917c700         Options.access_hint_on_compaction_start: 1
2018/12/29-20:39:12.628435 7f498917c700  Options.new_table_reader_for_compaction_inputs: 0
2018/12/29-20:39:12.628437 7f498917c700           Options.random_access_max_buffer_size: 1048576
2018/12/29-20:39:12.628439 7f498917c700                      Options.use_adaptive_mutex: 0
2018/12/29-20:39:12.628441 7f498917c700                            Options.rate_limiter: (nil)
2018/12/29-20:39:12.628445 7f498917c700     Options.sst_file_manager.rate_bytes_per_sec: 0
2018/12/29-20:39:12.628447 7f498917c700                       Options.wal_recovery_mode: 2
2018/12/29-20:39:12.628450 7f498917c700                  Options.enable_thread_tracking: 0
2018/12/29-20:39:12.628452 7f498917c700                  Options.enable_pipelined_write: 1
2018/12/29-20:39:12.628468 7f498917c700         Options.allow_concurrent_memtable_write: 1
2018/12/29-20:39:12.628471 7f498917c700      Options.enable_write_thread_adaptive_yield: 1
2018/12/29-20:39:12.628474 7f498917c700             Options.write_thread_max_yield_usec: 100
2018/12/29-20:39:12.628476 7f498917c700            Options.write_thread_slow_yield_usec: 3
2018/12/29-20:39:12.628478 7f498917c700                               Options.row_cache: None
2018/12/29-20:39:12.628480 7f498917c700                              Options.wal_filter: None
2018/12/29-20:39:12.628482 7f498917c700             Options.avoid_flush_during_recovery: 0
2018/12/29-20:39:12.628484 7f498917c700             Options.allow_ingest_behind: 0
2018/12/29-20:39:12.628486 7f498917c700             Options.preserve_deletes: 0
2018/12/29-20:39:12.628488 7f498917c700             Options.two_write_queues: 0
2018/12/29-20:39:12.628491 7f498917c700             Options.manual_wal_flush: 0
2018/12/29-20:39:12.628494 7f498917c700             Options.max_background_jobs: 24
2018/12/29-20:39:12.628497 7f498917c700             Options.max_background_compactions: 24
2018/12/29-20:39:12.628498 7f498917c700             Options.avoid_flush_during_shutdown: 0
2018/12/29-20:39:12.628500 7f498917c700           Options.writable_file_max_buffer_size: 1048576
2018/12/29-20:39:12.628502 7f498917c700             Options.delayed_write_rate : 16777216
2018/12/29-20:39:12.628504 7f498917c700             Options.max_total_wal_size: 0
2018/12/29-20:39:12.628507 7f498917c700             Options.delete_obsolete_files_period_micros: 21600000000
2018/12/29-20:39:12.628509 7f498917c700                   Options.stats_dump_period_sec: 60
2018/12/29-20:39:12.628511 7f498917c700                          Options.max_open_files: -1
2018/12/29-20:39:12.628513 7f498917c700                          Options.bytes_per_sync: 1048576
2018/12/29-20:39:12.628516 7f498917c700                      Options.wal_bytes_per_sync: 0
2018/12/29-20:39:12.628518 7f498917c700       Options.compaction_readahead_size: 0
2018/12/29-20:39:12.628520 7f498917c700 Compression algorithms supported:
2018/12/29-20:39:12.628522 7f498917c700 	kZSTDNotFinalCompression supported: 1
2018/12/29-20:39:12.628533 7f498917c700 	kZSTD supported: 1
2018/12/29-20:39:12.628536 7f498917c700 	kXpressCompression supported: 0
2018/12/29-20:39:12.628538 7f498917c700 	kLZ4HCCompression supported: 1
2018/12/29-20:39:12.628540 7f498917c700 	kLZ4Compression supported: 1
2018/12/29-20:39:12.628543 7f498917c700 	kBZip2Compression supported: 1
2018/12/29-20:39:12.628545 7f498917c700 	kZlibCompression supported: 1
2018/12/29-20:39:12.628547 7f498917c700 	kSnappyCompression supported: 1
2018/12/29-20:39:12.628553 7f498917c700 Fast CRC32 supported: Supported on x86
2018/12/29-20:39:12.628638 7f498917c700 [db/db_impl_open.cc:222] Creating manifest 1 
2018/12/29-20:39:12.729960 7f498917c700 [db/version_set.cc:3085] Recovering from manifest file: MANIFEST-000001
2018/12/29-20:39:12.730058 7f498917c700 [db/column_family.cc:475] --------------- Options for column family [default]:
2018/12/29-20:39:12.730062 7f498917c700               Options.comparator: leveldb.BytewiseComparator
2018/12/29-20:39:12.730064 7f498917c700           Options.merge_operator: None
2018/12/29-20:39:12.730065 7f498917c700        Options.compaction_filter: None
2018/12/29-20:39:12.730066 7f498917c700        Options.compaction_filter_factory: None
2018/12/29-20:39:12.730068 7f498917c700         Options.memtable_factory: SkipListFactory
2018/12/29-20:39:12.730069 7f498917c700            Options.table_factory: BlockBasedTable
2018/12/29-20:39:12.730099 7f498917c700            table_factory options:   flush_block_policy_factory: FlushBlockBySizePolicyFactory (0x7f493437e650)
  cache_index_and_filter_blocks: 0
  cache_index_and_filter_blocks_with_high_priority: 0
  pin_l0_filter_and_index_blocks_in_cache: 0
  index_type: 0
  hash_index_allow_collision: 1
  checksum: 1
  no_block_cache: 0
  block_cache: 0x7f493438a100
  block_cache_name: LRUCache
  block_cache_options:
    capacity : 8388608
    num_shard_bits : 4
    strict_capacity_limit : 0
    high_pri_pool_ratio: 0.000
  block_cache_compressed: (nil)
  persistent_cache: (nil)
  block_size: 8192
  block_size_deviation: 10
  block_restart_interval: 16
  index_block_restart_interval: 1
  metadata_block_size: 4096
  partition_filters: 0
  use_delta_encoding: 1
  filter_policy: nullptr
  whole_key_filtering: 1
  verify_compression: 0
  read_amp_bytes_per_bit: 0
  format_version: 2
  enable_index_compression: 1
  block_align: 0
2018/12/29-20:39:12.730115 7f498917c700        Options.write_buffer_size: 134217728
2018/12/29-20:39:12.730117 7f498917c700  Options.max_write_buffer_number: 24
2018/12/29-20:39:12.730118 7f498917c700        Options.compression[0]: NoCompression
2018/12/29-20:39:12.730120 7f498917c700        Options.compression[1]: NoCompression
2018/12/29-20:39:12.730121 7f498917c700        Options.compression[2]: LZ4
2018/12/29-20:39:12.730122 7f498917c700        Options.compression[3]: LZ4
2018/12/29-20:39:12.730123 7f498917c700        Options.compression[4]: LZ4
2018/12/29-20:39:12.730125 7f498917c700        Options.compression[5]: LZ4
2018/12/29-20:39:12.730126 7f498917c700        Options.compression[6]: LZ4
2018/12/29-20:39:12.730127 7f498917c700                  Options.bottommost_compression: Disabled
2018/12/29-20:39:12.730128 7f498917c700       Options.prefix_extractor: nullptr
2018/12/29-20:39:12.730129 7f498917c700   Options.memtable_insert_with_hint_prefix_extractor: nullptr
2018/12/29-20:39:12.730131 7f498917c700             Options.num_levels: 7
2018/12/29-20:39:12.730132 7f498917c700        Options.min_write_buffer_number_to_merge: 2
2018/12/29-20:39:12.730133 7f498917c700     Options.max_write_buffer_number_to_maintain: 0
2018/12/29-20:39:12.730134 7f498917c700            Options.compression_opts.window_bits: -14
2018/12/29-20:39:12.730135 7f498917c700                  Options.compression_opts.level: -1
2018/12/29-20:39:12.730136 7f498917c700               Options.compression_opts.strategy: 0
2018/12/29-20:39:12.730137 7f498917c700         Options.compression_opts.max_dict_bytes: 0
2018/12/29-20:39:12.730139 7f498917c700         Options.compression_opts.zstd_max_train_bytes: 0
2018/12/29-20:39:12.730140 7f498917c700      Options.level0_file_num_compaction_trigger: 2
2018/12/29-20:39:12.730141 7f498917c700          Options.level0_slowdown_writes_trigger: 20
2018/12/29-20:39:12.730142 7f498917c700              Options.level0_stop_writes_trigger: 36
2018/12/29-20:39:12.730143 7f498917c700                   Options.target_file_size_base: 67108864
2018/12/29-20:39:12.730144 7f498917c700             Options.target_file_size_multiplier: 1
2018/12/29-20:39:12.730145 7f498917c700                Options.max_bytes_for_level_base: 536870912
2018/12/29-20:39:12.730146 7f498917c700 Options.level_compaction_dynamic_level_bytes: 0
2018/12/29-20:39:12.730148 7f498917c700          Options.max_bytes_for_level_multiplier: 10.000000
2018/12/29-20:39:12.730150 7f498917c700 Options.max_bytes_for_level_multiplier_addtl[0]: 1
2018/12/29-20:39:12.730151 7f498917c700 Options.max_bytes_for_level_multiplier_addtl[1]: 1
2018/12/29-20:39:12.730153 7f498917c700 Options.max_bytes_for_level_multiplier_addtl[2]: 1
2018/12/29-20:39:12.730154 7f498917c700 Options.max_bytes_for_level_multiplier_addtl[3]: 1
2018/12/29-20:39:12.730155 7f498917c700 Options.max_bytes_for_level_multiplier_addtl[4]: 1
2018/12/29-20:39:12.730156 7f498917c700 Options.max_bytes_for_level_multiplier_addtl[5]: 1
2018/12/29-20:39:12.730157 7f498917c700 Options.max_bytes_for_level_multiplier_addtl[6]: 1
2018/12/29-20:39:12.730158 7f498917c700       Options.max_sequential_skip_in_iterations: 8
2018/12/29-20:39:12.730159 7f498917c700                    Options.max_compaction_bytes: 1677721600
2018/12/29-20:39:12.730160 7f498917c700                        Options.arena_block_size: 16777216
2018/12/29-20:39:12.730162 7f498917c700   Options.soft_pending_compaction_bytes_limit: 68719476736
2018/12/29-20:39:12.730163 7f498917c700   Options.hard_pending_compaction_bytes_limit: 274877906944
2018/12/29-20:39:12.730170 7f498917c700       Options.rate_limit_delay_max_milliseconds: 100
2018/12/29-20:39:12.730171 7f498917c700                Options.disable_auto_compactions: 0
2018/12/29-20:39:12.730174 7f498917c700                        Options.compaction_style: kCompactionStyleLevel
2018/12/29-20:39:12.730176 7f498917c700                          Options.compaction_pri: kByCompensatedSize
2018/12/29-20:39:12.730177 7f498917c700 Options.compaction_options_universal.size_ratio: 1
2018/12/29-20:39:12.730178 7f498917c700 Options.compaction_options_universal.min_merge_width: 2
2018/12/29-20:39:12.730179 7f498917c700 Options.compaction_options_universal.max_merge_width: 4294967295
2018/12/29-20:39:12.730180 7f498917c700 Options.compaction_options_universal.max_size_amplification_percent: 200
2018/12/29-20:39:12.730182 7f498917c700 Options.compaction_options_universal.compression_size_percent: -1
2018/12/29-20:39:12.730183 7f498917c700 Options.compaction_options_universal.stop_style: kCompactionStopStyleTotalSize
2018/12/29-20:39:12.730184 7f498917c700 Options.compaction_options_fifo.max_table_files_size: 1073741824
2018/12/29-20:39:12.730186 7f498917c700 Options.compaction_options_fifo.allow_compaction: 0
2018/12/29-20:39:12.730187 7f498917c700 Options.compaction_options_fifo.ttl: 0
2018/12/29-20:39:12.730188 7f498917c700                   Options.table_properties_collectors: 
2018/12/29-20:39:12.730189 7f498917c700                   Options.inplace_update_support: 0
2018/12/29-20:39:12.730190 7f498917c700                 Options.inplace_update_num_locks: 10000
2018/12/29-20:39:12.730192 7f498917c700               Options.memtable_prefix_bloom_size_ratio: 0.000000
2018/12/29-20:39:12.730193 7f498917c700   Options.memtable_huge_page_size: 0
2018/12/29-20:39:12.730195 7f498917c700                           Options.bloom_locality: 0
2018/12/29-20:39:12.730196 7f498917c700                    Options.max_successive_merges: 0
2018/12/29-20:39:12.730197 7f498917c700                Options.optimize_filters_for_hits: 0
2018/12/29-20:39:12.730198 7f498917c700                Options.paranoid_file_checks: 0
2018/12/29-20:39:12.730199 7f498917c700                Options.force_consistency_checks: 0
2018/12/29-20:39:12.730200 7f498917c700                Options.report_bg_io_stats: 0
2018/12/29-20:39:12.730201 7f498917c700                               Options.ttl: 0
2018/12/29-20:39:12.730712 7f498917c700 [db/version_set.cc:3361] Recovered from manifest file:/mnt/sdg/ycsb-rocksdb-data/MANIFEST-000001 succeeded,manifest_file_number is 1, next_file_number is 3, last_sequence is 0, log_number is 0,prev_log_number is 0,max_column_family is 0,min_log_number_to_keep is 0
2018/12/29-20:39:12.730720 7f498917c700 [db/version_set.cc:3369] Column family [default] (ID 0), log number is 0
2018/12/29-20:39:12.730934 7f498917c700 [db/version_set.cc:2847] Creating manifest 4
2018/12/29-20:39:12.803262 7f498917c700 [db/column_family.cc:475] --------------- Options for column family [usertable]:
2018/12/29-20:39:12.803266 7f498917c700               Options.comparator: leveldb.BytewiseComparator
2018/12/29-20:39:12.803268 7f498917c700           Options.merge_operator: None
2018/12/29-20:39:12.803269 7f498917c700        Options.compaction_filter: None
2018/12/29-20:39:12.803270 7f498917c700        Options.compaction_filter_factory: None
2018/12/29-20:39:12.803271 7f498917c700         Options.memtable_factory: SkipListFactory
2018/12/29-20:39:12.803273 7f498917c700            Options.table_factory: BlockBasedTable
2018/12/29-20:39:12.803301 7f498917c700            table_factory options:   flush_block_policy_factory: FlushBlockBySizePolicyFactory (0x7f493437e730)
  cache_index_and_filter_blocks: 0
  cache_index_and_filter_blocks_with_high_priority: 0
  pin_l0_filter_and_index_blocks_in_cache: 0
  index_type: 0
  hash_index_allow_collision: 1
  checksum: 1
  no_block_cache: 0
  block_cache: 0x7f493438bef0
  block_cache_name: LRUCache
  block_cache_options:
    capacity : 8388608
    num_shard_bits : 4
    strict_capacity_limit : 0
    high_pri_pool_ratio: 0.000
  block_cache_compressed: (nil)
  persistent_cache: (nil)
  block_size: 8192
  block_size_deviation: 10
  block_restart_interval: 16
  index_block_restart_interval: 1
  metadata_block_size: 4096
  partition_filters: 0
  use_delta_encoding: 1
  filter_policy: nullptr
  whole_key_filtering: 1
  verify_compression: 0
  read_amp_bytes_per_bit: 0
  format_version: 2
  enable_index_compression: 1
  block_align: 0
2018/12/29-20:39:12.803303 7f498917c700        Options.write_buffer_size: 134217728
2018/12/29-20:39:12.803305 7f498917c700  Options.max_write_buffer_number: 24
2018/12/29-20:39:12.803307 7f498917c700        Options.compression[0]: NoCompression
2018/12/29-20:39:12.803308 7f498917c700        Options.compression[1]: NoCompression
2018/12/29-20:39:12.803309 7f498917c700        Options.compression[2]: LZ4
2018/12/29-20:39:12.803311 7f498917c700        Options.compression[3]: LZ4
2018/12/29-20:39:12.803312 7f498917c700        Options.compression[4]: LZ4
2018/12/29-20:39:12.803313 7f498917c700        Options.compression[5]: LZ4
2018/12/29-20:39:12.803314 7f498917c700        Options.compression[6]: LZ4
2018/12/29-20:39:12.803315 7f498917c700                  Options.bottommost_compression: Disabled
2018/12/29-20:39:12.803316 7f498917c700       Options.prefix_extractor: nullptr
2018/12/29-20:39:12.803318 7f498917c700   Options.memtable_insert_with_hint_prefix_extractor: nullptr
2018/12/29-20:39:12.803319 7f498917c700             Options.num_levels: 7
2018/12/29-20:39:12.803320 7f498917c700        Options.min_write_buffer_number_to_merge: 2
2018/12/29-20:39:12.803321 7f498917c700     Options.max_write_buffer_number_to_maintain: 0
2018/12/29-20:39:12.803323 7f498917c700            Options.compression_opts.window_bits: -14
2018/12/29-20:39:12.803324 7f498917c700                  Options.compression_opts.level: -1
2018/12/29-20:39:12.803325 7f498917c700               Options.compression_opts.strategy: 0
2018/12/29-20:39:12.803326 7f498917c700         Options.compression_opts.max_dict_bytes: 0
2018/12/29-20:39:12.803327 7f498917c700         Options.compression_opts.zstd_max_train_bytes: 0
2018/12/29-20:39:12.803328 7f498917c700      Options.level0_file_num_compaction_trigger: 2
2018/12/29-20:39:12.803329 7f498917c700          Options.level0_slowdown_writes_trigger: 20
2018/12/29-20:39:12.803330 7f498917c700              Options.level0_stop_writes_trigger: 36
2018/12/29-20:39:12.803331 7f498917c700                   Options.target_file_size_base: 67108864
2018/12/29-20:39:12.803333 7f498917c700             Options.target_file_size_multiplier: 1
2018/12/29-20:39:12.803334 7f498917c700                Options.max_bytes_for_level_base: 536870912
2018/12/29-20:39:12.803335 7f498917c700 Options.level_compaction_dynamic_level_bytes: 0
2018/12/29-20:39:12.803336 7f498917c700          Options.max_bytes_for_level_multiplier: 10.000000
2018/12/29-20:39:12.803338 7f498917c700 Options.max_bytes_for_level_multiplier_addtl[0]: 1
2018/12/29-20:39:12.803349 7f498917c700 Options.max_bytes_for_level_multiplier_addtl[1]: 1
2018/12/29-20:39:12.803351 7f498917c700 Options.max_bytes_for_level_multiplier_addtl[2]: 1
2018/12/29-20:39:12.803352 7f498917c700 Options.max_bytes_for_level_multiplier_addtl[3]: 1
2018/12/29-20:39:12.803353 7f498917c700 Options.max_bytes_for_level_multiplier_addtl[4]: 1
2018/12/29-20:39:12.803354 7f498917c700 Options.max_bytes_for_level_multiplier_addtl[5]: 1
2018/12/29-20:39:12.803355 7f498917c700 Options.max_bytes_for_level_multiplier_addtl[6]: 1
2018/12/29-20:39:12.803356 7f498917c700       Options.max_sequential_skip_in_iterations: 8
2018/12/29-20:39:12.803357 7f498917c700                    Options.max_compaction_bytes: 1677721600
2018/12/29-20:39:12.803358 7f498917c700                        Options.arena_block_size: 16777216
2018/12/29-20:39:12.803360 7f498917c700   Options.soft_pending_compaction_bytes_limit: 68719476736
2018/12/29-20:39:12.803361 7f498917c700   Options.hard_pending_compaction_bytes_limit: 274877906944
2018/12/29-20:39:12.803362 7f498917c700       Options.rate_limit_delay_max_milliseconds: 100
2018/12/29-20:39:12.803363 7f498917c700                Options.disable_auto_compactions: 0
2018/12/29-20:39:12.803366 7f498917c700                        Options.compaction_style: kCompactionStyleLevel
2018/12/29-20:39:12.803368 7f498917c700                          Options.compaction_pri: kByCompensatedSize
2018/12/29-20:39:12.803369 7f498917c700 Options.compaction_options_universal.size_ratio: 1
2018/12/29-20:39:12.803371 7f498917c700 Options.compaction_options_universal.min_merge_width: 2
2018/12/29-20:39:12.803372 7f498917c700 Options.compaction_options_universal.max_merge_width: 4294967295
2018/12/29-20:39:12.803373 7f498917c700 Options.compaction_options_universal.max_size_amplification_percent: 200
2018/12/29-20:39:12.803374 7f498917c700 Options.compaction_options_universal.compression_size_percent: -1
2018/12/29-20:39:12.803376 7f498917c700 Options.compaction_options_universal.stop_style: kCompactionStopStyleTotalSize
2018/12/29-20:39:12.803377 7f498917c700 Options.compaction_options_fifo.max_table_files_size: 1073741824
2018/12/29-20:39:12.803379 7f498917c700 Options.compaction_options_fifo.allow_compaction: 0
2018/12/29-20:39:12.803380 7f498917c700 Options.compaction_options_fifo.ttl: 0
2018/12/29-20:39:12.803381 7f498917c700                   Options.table_properties_collectors: 
2018/12/29-20:39:12.803382 7f498917c700                   Options.inplace_update_support: 0
2018/12/29-20:39:12.803383 7f498917c700                 Options.inplace_update_num_locks: 10000
2018/12/29-20:39:12.803385 7f498917c700               Options.memtable_prefix_bloom_size_ratio: 0.000000
2018/12/29-20:39:12.803386 7f498917c700   Options.memtable_huge_page_size: 0
2018/12/29-20:39:12.803388 7f498917c700                           Options.bloom_locality: 0
2018/12/29-20:39:12.803389 7f498917c700                    Options.max_successive_merges: 0
2018/12/29-20:39:12.803390 7f498917c700                Options.optimize_filters_for_hits: 0
2018/12/29-20:39:12.803391 7f498917c700                Options.paranoid_file_checks: 0
2018/12/29-20:39:12.803392 7f498917c700                Options.force_consistency_checks: 0
2018/12/29-20:39:12.803393 7f498917c700                Options.report_bg_io_stats: 0
2018/12/29-20:39:12.803394 7f498917c700                               Options.ttl: 0
2018/12/29-20:39:12.803449 7f498917c700 [db/db_impl.cc:1396] Created column family [usertable] (ID 1)
2018/12/29-20:39:12.882000 7f498917c700 [db/db_impl_open.cc:1219] DB pointer 0x7f49343d50a0
2018/12/29-20:39:21.732850 7f4988974700 [db/db_impl_write.cc:1373] [usertable] New memtable created with log file: #9. Immutable memtables: 0.
2018/12/29-20:39:30.697447 7f498826d700 [db/db_impl_write.cc:1373] [usertable] New memtable created with log file: #10. Immutable memtables: 1.
2018/12/29-20:39:30.697621 7f485dffb700 [db/db_impl_compaction_flush.cc:80] [JOB 2] Syncing log #3
2018/12/29-20:39:30.974752 7f485dffb700 [db/db_impl_compaction_flush.cc:80] [JOB 2] Syncing log #9
2018/12/29-20:39:31.504393 7f485dffb700 (Original Log Time 2018/12/29-20:39:30.697569) [db/db_impl_compaction_flush.cc:1424] Calling FlushMemTableToOutputFile with column family [usertable], flush slots available 24, compaction slots available 1, flush slots scheduled 1, compaction slots scheduled 0
2018/12/29-20:39:31.504423 7f485dffb700 [db/flush_job.cc:301] [usertable] [JOB 2] Flushing memtable with next log file: 9
2018/12/29-20:39:31.504437 7f485dffb700 [db/flush_job.cc:301] [usertable] [JOB 2] Flushing memtable with next log file: 10
2018/12/29-20:39:31.504488 7f485dffb700 EVENT_LOG_v1 {"time_micros": 1546144771504470, "job": 2, "event": "flush_started", "num_memtables": 2, "num_entries": 62342, "num_deletes": 0, "memory_usage": 258402960, "flush_reason": "Write Buffer Full"}
2018/12/29-20:39:31.504502 7f485dffb700 [db/flush_job.cc:331] [usertable] [JOB 2] Level-0 flush table #11: started
2018/12/29-20:39:32.432795 7f485dffb700 EVENT_LOG_v1 {"time_micros": 1546144772432768, "cf_name": "usertable", "job": 2, "event": "table_file_creation", "file_number": 11, "file_size": 258183131, "table_properties": {"data_size": 257036066, "index_size": 1146138, "filter_size": 0, "raw_key_size": 1496208, "raw_average_key_size": 24, "raw_value_size": 255352832, "raw_average_value_size": 4096, "num_data_blocks": 31171, "num_entries": 62342, "filter_policy_name": "", "kDeletedKeys": "0", "kMergeOperands": "0"}}
2018/12/29-20:39:32.432829 7f485dffb700 [db/flush_job.cc:371] [usertable] [JOB 2] Level-0 flush table #11: 258183131 bytes OK
2018/12/29-20:39:32.462170 7f485dffb700 (Original Log Time 2018/12/29-20:39:32.432857) [db/memtable_list.cc:377] [usertable] Level-0 commit table #11 started
2018/12/29-20:39:32.462175 7f485dffb700 (Original Log Time 2018/12/29-20:39:32.462017) [db/memtable_list.cc:409] [usertable] Level-0 commit table #11: memtable #1 done
2018/12/29-20:39:32.462177 7f485dffb700 (Original Log Time 2018/12/29-20:39:32.462034) [db/memtable_list.cc:409] [usertable] Level-0 commit table #11: memtable #2 done
2018/12/29-20:39:32.462179 7f485dffb700 (Original Log Time 2018/12/29-20:39:32.462086) EVENT_LOG_v1 {"time_micros": 1546144772462073, "job": 2, "event": "flush_finished", "output_compression": "NoCompression", "lsm_state": [1, 0, 0, 0, 0, 0, 0], "immutable_memtables": 0}
2018/12/29-20:39:32.462181 7f485dffb700 (Original Log Time 2018/12/29-20:39:32.462132) [db/db_impl_compaction_flush.cc:177] [usertable] Level summary: base level 1 max bytes base 536870912 files[1 0 0 0 0 0 0] max score 0.50
2018/12/29-20:39:32.462197 7f485dffb700 [db/db_impl_files.cc:347] [JOB 2] Try to delete WAL files size 257392802, prev total WAL file size 282900432, number of live WAL files 3.
2018/12/29-20:39:39.225260 7f4988d78700 [db/db_impl_write.cc:1373] [usertable] New memtable created with log file: #12. Immutable memtables: 0.
2018/12/29-20:39:48.190247 7f49388e6700 [db/db_impl_write.cc:1373] [usertable] New memtable created with log file: #13. Immutable memtables: 1.
2018/12/29-20:39:48.190332 7f485d7fa700 [db/db_impl_compaction_flush.cc:80] [JOB 3] Syncing log #10
2018/12/29-20:39:49.329443 7f485d7fa700 [db/db_impl_compaction_flush.cc:80] [JOB 3] Syncing log #12
2018/12/29-20:39:50.553830 7f485d7fa700 (Original Log Time 2018/12/29-20:39:48.190314) [db/db_impl_compaction_flush.cc:1424] Calling FlushMemTableToOutputFile with column family [usertable], flush slots available 24, compaction slots available 1, flush slots scheduled 1, compaction slots scheduled 0
2018/12/29-20:39:50.553847 7f485d7fa700 [db/flush_job.cc:301] [usertable] [JOB 3] Flushing memtable with next log file: 12
2018/12/29-20:39:50.553855 7f485d7fa700 [db/flush_job.cc:301] [usertable] [JOB 3] Flushing memtable with next log file: 13
2018/12/29-20:39:50.553891 7f485d7fa700 EVENT_LOG_v1 {"time_micros": 1546144790553882, "job": 3, "event": "flush_started", "num_memtables": 2, "num_entries": 61229, "num_deletes": 0, "memory_usage": 257880768, "flush_reason": "Write Buffer Full"}
2018/12/29-20:39:50.553898 7f485d7fa700 [db/flush_job.cc:331] [usertable] [JOB 3] Level-0 flush table #14: started
2018/12/29-20:39:51.512559 7f485d7fa700 EVENT_LOG_v1 {"time_micros": 1546144791512535, "cf_name": "usertable", "job": 3, "event": "table_file_creation", "file_number": 14, "file_size": 253573796, "table_properties": {"data_size": 252447181, "index_size": 1125688, "filter_size": 0, "raw_key_size": 1469496, "raw_average_key_size": 24, "raw_value_size": 250793984, "raw_average_value_size": 4096, "num_data_blocks": 30615, "num_entries": 61229, "filter_policy_name": "", "kDeletedKeys": "0", "kMergeOperands": "0"}}
2018/12/29-20:39:51.512580 7f485d7fa700 [db/flush_job.cc:371] [usertable] [JOB 3] Level-0 flush table #14: 253573796 bytes OK
2018/12/29-20:39:51.551178 7f485d7fa700 (Original Log Time 2018/12/29-20:39:51.512595) [db/memtable_list.cc:377] [usertable] Level-0 commit table #14 started
2018/12/29-20:39:51.551183 7f485d7fa700 (Original Log Time 2018/12/29-20:39:51.551072) [db/memtable_list.cc:409] [usertable] Level-0 commit table #14: memtable #1 done
2018/12/29-20:39:51.551185 7f485d7fa700 (Original Log Time 2018/12/29-20:39:51.551077) [db/memtable_list.cc:409] [usertable] Level-0 commit table #14: memtable #2 done
2018/12/29-20:39:51.551187 7f485d7fa700 (Original Log Time 2018/12/29-20:39:51.551113) EVENT_LOG_v1 {"time_micros": 1546144791551103, "job": 3, "event": "flush_finished", "output_compression": "NoCompression", "lsm_state": [2, 0, 0, 0, 0, 0, 0], "immutable_memtables": 0}
2018/12/29-20:39:51.551189 7f485d7fa700 (Original Log Time 2018/12/29-20:39:51.551157) [db/db_impl_compaction_flush.cc:177] [usertable] Level summary: base level 1 max bytes base 536870912 files[2 0 0 0 0 0 0] max score 1.00
2018/12/29-20:39:51.551199 7f485d7fa700 [db/db_impl_files.cc:347] [JOB 3] Try to delete WAL files size 252801425, prev total WAL file size 301360830, number of live WAL files 3.
2018/12/29-20:39:51.551389 7f48c2d08700 [WARN] [db/db_impl.cc:491] ------- DUMPING STATS -------
2018/12/29-20:39:51.551434 7f48c2d08700 [WARN] [db/db_impl.cc:492] 
** DB Stats **
Uptime(secs): 38.8 total, 38.8 interval
Cumulative writes: 135K writes, 135K keys, 132K commit groups, 1.0 writes per commit group, ingest: 0.52 GB, 13.73 MB/s
Cumulative WAL: 135K writes, 0 syncs, 135332.00 writes per sync, written: 0.52 GB, 13.73 MB/s
Cumulative stall: 00:00:0.000 H:M:S, 0.0 percent
Interval writes: 135K writes, 135K keys, 132K commit groups, 1.0 writes per commit group, ingest: 532.87 MB, 13.73 MB/s
Interval WAL: 135K writes, 0 syncs, 135332.00 writes per sync, written: 0.52 MB, 13.73 MB/s
Interval stall: 00:00:0.000 H:M:S, 0.0 percent

** Compaction Stats [default] **
Level    Files   Size     Score Read(GB)  Rn(GB) Rnp1(GB) Write(GB) Wnew(GB) Moved(GB) W-Amp Rd(MB/s) Wr(MB/s) Comp(sec) Comp(cnt) Avg(sec) KeyIn KeyDrop
----------------------------------------------------------------------------------------------------------------------------------------------------------
 Sum      0/0    0.00 KB   0.0      0.0     0.0      0.0       0.0      0.0       0.0   0.0      0.0      0.0         0         0    0.000       0      0
 Int      0/0    0.00 KB   0.0      0.0     0.0      0.0       0.0      0.0       0.0   0.0      0.0      0.0         0         0    0.000       0      0
Uptime(secs): 38.8 total, 38.8 interval
Flush(GB): cumulative 0.000, interval 0.000
AddFile(GB): cumulative 0.000, interval 0.000
AddFile(Total Files): cumulative 0, interval 0
AddFile(L0 Files): cumulative 0, interval 0
AddFile(Keys): cumulative 0, interval 0
Cumulative compaction: 0.00 GB write, 0.00 MB/s write, 0.00 GB read, 0.00 MB/s read, 0.0 seconds
Interval compaction: 0.00 GB write, 0.00 MB/s write, 0.00 GB read, 0.00 MB/s read, 0.0 seconds
Stalls(count): 0 level0_slowdown, 0 level0_slowdown_with_compaction, 0 level0_numfiles, 0 level0_numfiles_with_compaction, 0 stop for pending_compaction_bytes, 0 slowdown for pending_compaction_bytes, 0 memtable_compaction, 0 memtable_slowdown, interval 0 total count

** File Read Latency Histogram By Level [default] **

** Compaction Stats [usertable] **
Level    Files   Size     Score Read(GB)  Rn(GB) Rnp1(GB) Write(GB) Wnew(GB) Moved(GB) W-Amp Rd(MB/s) Wr(MB/s) Comp(sec) Comp(cnt) Avg(sec) KeyIn KeyDrop
----------------------------------------------------------------------------------------------------------------------------------------------------------
  L0      2/0   488.05 MB   1.0      0.0     0.0      0.0       0.5      0.5       0.0   1.0      0.0    258.6         2         2    0.944       0      0
 Sum      2/0   488.05 MB   0.0      0.0     0.0      0.0       0.5      0.5       0.0   1.0      0.0    258.6         2         2    0.944       0      0
 Int      0/0    0.00 KB   0.0      0.0     0.0      0.0       0.5      0.5       0.0   1.0      0.0    258.6         2         2    0.944       0      0
Uptime(secs): 38.7 total, 38.7 interval
Flush(GB): cumulative 0.477, interval 0.477
AddFile(GB): cumulative 0.000, interval 0.000
AddFile(Total Files): cumulative 0, interval 0
AddFile(L0 Files): cumulative 0, interval 0
AddFile(Keys): cumulative 0, interval 0
Cumulative compaction: 0.48 GB write, 12.60 MB/s write, 0.00 GB read, 0.00 MB/s read, 1.9 seconds
Interval compaction: 0.48 GB write, 12.60 MB/s write, 0.00 GB read, 0.00 MB/s read, 1.9 seconds
Stalls(count): 0 level0_slowdown, 0 level0_slowdown_with_compaction, 0 level0_numfiles, 0 level0_numfiles_with_compaction, 0 stop for pending_compaction_bytes, 0 slowdown for pending_compaction_bytes, 0 memtable_compaction, 0 memtable_slowdown, interval 0 total count

** File Read Latency Histogram By Level [usertable] **

** Compaction Stats [default] **
Level    Files   Size     Score Read(GB)  Rn(GB) Rnp1(GB) Write(GB) Wnew(GB) Moved(GB) W-Amp Rd(MB/s) Wr(MB/s) Comp(sec) Comp(cnt) Avg(sec) KeyIn KeyDrop
----------------------------------------------------------------------------------------------------------------------------------------------------------
 Sum      0/0    0.00 KB   0.0      0.0     0.0      0.0       0.0      0.0       0.0   0.0      0.0      0.0         0         0    0.000       0      0
 Int      0/0    0.00 KB   0.0      0.0     0.0      0.0       0.0      0.0       0.0   0.0      0.0      0.0         0         0    0.000       0      0
Uptime(secs): 38.8 total, 0.0 interval
Flush(GB): cumulative 0.000, interval 0.000
AddFile(GB): cumulative 0.000, interval 0.000
AddFile(Total Files): cumulative 0, interval 0
AddFile(L0 Files): cumulative 0, interval 0
AddFile(Keys): cumulative 0, interval 0
Cumulative compaction: 0.00 GB write, 0.00 MB/s write, 0.00 GB read, 0.00 MB/s read, 0.0 seconds
Interval compaction: 0.00 GB write, 0.00 MB/s write, 0.00 GB read, 0.00 MB/s read, 0.0 seconds
Stalls(count): 0 level0_slowdown, 0 level0_slowdown_with_compaction, 0 level0_numfiles, 0 level0_numfiles_with_compaction, 0 stop for pending_compaction_bytes, 0 slowdown for pending_compaction_bytes, 0 memtable_compaction, 0 memtable_slowdown, interval 0 total count

** File Read Latency Histogram By Level [default] **

** Compaction Stats [usertable] **
Level    Files   Size     Score Read(GB)  Rn(GB) Rnp1(GB) Write(GB) Wnew(GB) Moved(GB) W-Amp Rd(MB/s) Wr(MB/s) Comp(sec) Comp(cnt) Avg(sec) KeyIn KeyDrop
----------------------------------------------------------------------------------------------------------------------------------------------------------
  L0      2/0   488.05 MB   1.0      0.0     0.0      0.0       0.5      0.5       0.0   1.0      0.0    258.6         2         2    0.944       0      0
 Sum      2/0   488.05 MB   0.0      0.0     0.0      0.0       0.5      0.5       0.0   1.0      0.0    258.6         2         2    0.944       0      0
 Int      0/0    0.00 KB   0.0      0.0     0.0      0.0       0.0      0.0       0.0   0.0      0.0      0.0         0         0    0.000       0      0
Uptime(secs): 38.7 total, 0.0 interval
Flush(GB): cumulative 0.477, interval 0.000
AddFile(GB): cumulative 0.000, interval 0.000
AddFile(Total Files): cumulative 0, interval 0
AddFile(L0 Files): cumulative 0, interval 0
AddFile(Keys): cumulative 0, interval 0
Cumulative compaction: 0.48 GB write, 12.60 MB/s write, 0.00 GB read, 0.00 MB/s read, 1.9 seconds
Interval compaction: 0.00 GB write, 0.00 MB/s write, 0.00 GB read, 0.00 MB/s read, 0.0 seconds
Stalls(count): 0 level0_slowdown, 0 level0_slowdown_with_compaction, 0 level0_numfiles, 0 level0_numfiles_with_compaction, 0 stop for pending_compaction_bytes, 0 slowdown for pending_compaction_bytes, 0 memtable_compaction, 0 memtable_slowdown, interval 0 total count

** File Read Latency Histogram By Level [usertable] **
2018/12/29-20:39:51.580059 7f48c2d08700 (Original Log Time 2018/12/29-20:39:51.551520) [db/db_impl_compaction_flush.cc:1835] [usertable] Moving #11 to level-1 258183131 bytes
2018/12/29-20:39:51.580063 7f48c2d08700 (Original Log Time 2018/12/29-20:39:51.580007) EVENT_LOG_v1 {"time_micros": 1546144791579992, "job": 4, "event": "trivial_move", "destination_level": 1, "files": 1, "total_files_size": 258183131}
2018/12/29-20:39:51.580065 7f48c2d08700 (Original Log Time 2018/12/29-20:39:51.580022) [db/db_impl_compaction_flush.cc:1864] [usertable] Moved #1 files to level-1 258183131 bytes OK: base level 1 max bytes base 536870912 files[1 1 0 0 0 0 0] max score 0.50
2018/12/29-20:39:57.157702 7f49385e3700 [db/db_impl_write.cc:1373] [usertable] New memtable created with log file: #15. Immutable memtables: 0.
2018/12/29-20:40:06.123043 7f4988c77700 [db/db_impl_write.cc:1373] [usertable] New memtable created with log file: #16. Immutable memtables: 1.
2018/12/29-20:40:06.123118 7f485cff9700 [db/db_impl_compaction_flush.cc:80] [JOB 5] Syncing log #13
2018/12/29-20:40:06.629395 7f485cff9700 [db/db_impl_compaction_flush.cc:80] [JOB 5] Syncing log #15
2018/12/29-20:40:07.138721 7f485cff9700 (Original Log Time 2018/12/29-20:40:06.123102) [db/db_impl_compaction_flush.cc:1424] Calling FlushMemTableToOutputFile with column family [usertable], flush slots available 24, compaction slots available 1, flush slots scheduled 1, compaction slots scheduled 0
2018/12/29-20:40:07.138740 7f485cff9700 [db/flush_job.cc:301] [usertable] [JOB 5] Flushing memtable with next log file: 15
2018/12/29-20:40:07.138747 7f485cff9700 [db/flush_job.cc:301] [usertable] [JOB 5] Flushing memtable with next log file: 16
2018/12/29-20:40:07.138782 7f485cff9700 EVENT_LOG_v1 {"time_micros": 1546144807138773, "job": 5, "event": "flush_started", "num_memtables": 2, "num_entries": 62762, "num_deletes": 0, "memory_usage": 260056952, "flush_reason": "Write Buffer Full"}
2018/12/29-20:40:07.138790 7f485cff9700 [db/flush_job.cc:331] [usertable] [JOB 5] Level-0 flush table #17: started
2018/12/29-20:40:08.437362 7f485cff9700 EVENT_LOG_v1 {"time_micros": 1546144808437336, "cf_name": "usertable", "job": 5, "event": "table_file_creation", "file_number": 17, "file_size": 259936459, "table_properties": {"data_size": 258774699, "index_size": 1160833, "filter_size": 0, "raw_key_size": 1506288, "raw_average_key_size": 24, "raw_value_size": 257073152, "raw_average_value_size": 4096, "num_data_blocks": 31381, "num_entries": 62762, "filter_policy_name": "", "kDeletedKeys": "0", "kMergeOperands": "0"}}
2018/12/29-20:40:08.437387 7f485cff9700 [db/flush_job.cc:371] [usertable] [JOB 5] Level-0 flush table #17: 259936459 bytes OK
2018/12/29-20:40:08.538497 7f485cff9700 (Original Log Time 2018/12/29-20:40:08.437407) [db/memtable_list.cc:377] [usertable] Level-0 commit table #17 started
2018/12/29-20:40:08.538502 7f485cff9700 (Original Log Time 2018/12/29-20:40:08.538392) [db/memtable_list.cc:409] [usertable] Level-0 commit table #17: memtable #1 done
2018/12/29-20:40:08.538504 7f485cff9700 (Original Log Time 2018/12/29-20:40:08.538397) [db/memtable_list.cc:409] [usertable] Level-0 commit table #17: memtable #2 done
2018/12/29-20:40:08.538506 7f485cff9700 (Original Log Time 2018/12/29-20:40:08.538427) EVENT_LOG_v1 {"time_micros": 1546144808538416, "job": 5, "event": "flush_finished", "output_compression": "NoCompression", "lsm_state": [2, 1, 0, 0, 0, 0, 0], "immutable_memtables": 0}
2018/12/29-20:40:08.538508 7f485cff9700 (Original Log Time 2018/12/29-20:40:08.538467) [db/db_impl_compaction_flush.cc:177] [usertable] Level summary: base level 1 max bytes base 536870912 files[2 1 0 0 0 0 0] max score 1.00
