2018/11/29-20:04:47.667171 7f70e6e1f0 RocksDB version: 5.14.3
2018/11/29-20:04:47.667375 7f70e6e1f0 Git sha rocksdb_build_git_sha:
2018/11/29-20:04:47.667382 7f70e6e1f0 Compile date Nov 24 2018
2018/11/29-20:04:47.667391 7f70e6e1f0 DB SUMMARY
2018/11/29-20:04:47.668374 7f70e6e1f0 CURRENT file:  CURRENT
2018/11/29-20:04:47.668386 7f70e6e1f0 IDENTITY file:  IDENTITY
2018/11/29-20:04:47.668410 7f70e6e1f0 MANIFEST file:  MANIFEST-000004 size: 121982 Bytes
2018/11/29-20:04:47.668417 7f70e6e1f0 SST files in /mnt/sda/ycsb-rocksdb-data dir, Total Num: 667, files: 000021.sst 000022.sst 000023.sst 000024.sst 000028.sst 000029.sst 000030.sst 000031.sst 000035.sst 
2018/11/29-20:04:47.668422 7f70e6e1f0 Write Ahead Log file in /mnt/sda/ycsb-rocksdb-data: 001201.log size: 123979747 ; 001207.log size: 124813860 ; 001208.log size: 125975286 ; 001210.log size: 53401778 ; 
2018/11/29-20:04:47.668433 7f70e6e1f0                         Options.error_if_exists: 0
2018/11/29-20:04:47.668437 7f70e6e1f0                       Options.create_if_missing: 1
2018/11/29-20:04:47.668440 7f70e6e1f0                         Options.paranoid_checks: 1
2018/11/29-20:04:47.668444 7f70e6e1f0                                     Options.env: 0x7f387f7f70
2018/11/29-20:04:47.668447 7f70e6e1f0                                Options.info_log: 0x7f303cbee0
2018/11/29-20:04:47.668450 7f70e6e1f0                Options.max_file_opening_threads: 16
2018/11/29-20:04:47.668453 7f70e6e1f0                              Options.statistics: (nil)
2018/11/29-20:04:47.668456 7f70e6e1f0                               Options.use_fsync: 0
2018/11/29-20:04:47.668460 7f70e6e1f0                       Options.max_log_file_size: 0
2018/11/29-20:04:47.668463 7f70e6e1f0                  Options.max_manifest_file_size: 18446744073709551615
2018/11/29-20:04:47.668466 7f70e6e1f0                   Options.log_file_time_to_roll: 0
2018/11/29-20:04:47.668469 7f70e6e1f0                       Options.keep_log_file_num: 1000
2018/11/29-20:04:47.668472 7f70e6e1f0                    Options.recycle_log_file_num: 0
2018/11/29-20:04:47.668475 7f70e6e1f0                         Options.allow_fallocate: 1
2018/11/29-20:04:47.668478 7f70e6e1f0                        Options.allow_mmap_reads: 0
2018/11/29-20:04:47.668481 7f70e6e1f0                       Options.allow_mmap_writes: 0
2018/11/29-20:04:47.668485 7f70e6e1f0                        Options.use_direct_reads: 0
2018/11/29-20:04:47.668487 7f70e6e1f0                        Options.use_direct_io_for_flush_and_compaction: 0
2018/11/29-20:04:47.668491 7f70e6e1f0          Options.create_missing_column_families: 1
2018/11/29-20:04:47.668493 7f70e6e1f0                              Options.db_log_dir: 
2018/11/29-20:04:47.668496 7f70e6e1f0                                 Options.wal_dir: /mnt/sda/ycsb-rocksdb-data
2018/11/29-20:04:47.668499 7f70e6e1f0                Options.table_cache_numshardbits: 6
2018/11/29-20:04:47.668502 7f70e6e1f0                      Options.max_subcompactions: 4
2018/11/29-20:04:47.668505 7f70e6e1f0                  Options.max_background_flushes: 6
2018/11/29-20:04:47.668508 7f70e6e1f0                         Options.WAL_ttl_seconds: 0
2018/11/29-20:04:47.668511 7f70e6e1f0                       Options.WAL_size_limit_MB: 0
2018/11/29-20:04:47.668514 7f70e6e1f0             Options.manifest_preallocation_size: 4194304
2018/11/29-20:04:47.668517 7f70e6e1f0                     Options.is_fd_close_on_exec: 1
2018/11/29-20:04:47.668520 7f70e6e1f0                   Options.advise_random_on_open: 1
2018/11/29-20:04:47.668523 7f70e6e1f0                    Options.db_write_buffer_size: 0
2018/11/29-20:04:47.668526 7f70e6e1f0                    Options.write_buffer_manager: 0x7f303cbe40
2018/11/29-20:04:47.668529 7f70e6e1f0         Options.access_hint_on_compaction_start: 1
2018/11/29-20:04:47.668532 7f70e6e1f0  Options.new_table_reader_for_compaction_inputs: 0
2018/11/29-20:04:47.668535 7f70e6e1f0           Options.random_access_max_buffer_size: 1048576
2018/11/29-20:04:47.668538 7f70e6e1f0                      Options.use_adaptive_mutex: 0
2018/11/29-20:04:47.668541 7f70e6e1f0                            Options.rate_limiter: (nil)
2018/11/29-20:04:47.668583 7f70e6e1f0     Options.sst_file_manager.rate_bytes_per_sec: 0
2018/11/29-20:04:47.668588 7f70e6e1f0                       Options.wal_recovery_mode: 2
2018/11/29-20:04:47.668591 7f70e6e1f0                  Options.enable_thread_tracking: 0
2018/11/29-20:04:47.668594 7f70e6e1f0                  Options.enable_pipelined_write: 1
2018/11/29-20:04:47.668597 7f70e6e1f0         Options.allow_concurrent_memtable_write: 1
2018/11/29-20:04:47.668599 7f70e6e1f0      Options.enable_write_thread_adaptive_yield: 1
2018/11/29-20:04:47.668602 7f70e6e1f0             Options.write_thread_max_yield_usec: 100
2018/11/29-20:04:47.668605 7f70e6e1f0            Options.write_thread_slow_yield_usec: 3
2018/11/29-20:04:47.668607 7f70e6e1f0                               Options.row_cache: None
2018/11/29-20:04:47.668610 7f70e6e1f0                              Options.wal_filter: None
2018/11/29-20:04:47.668613 7f70e6e1f0             Options.avoid_flush_during_recovery: 0
2018/11/29-20:04:47.668617 7f70e6e1f0             Options.allow_ingest_behind: 0
2018/11/29-20:04:47.668619 7f70e6e1f0             Options.preserve_deletes: 0
2018/11/29-20:04:47.668622 7f70e6e1f0             Options.two_write_queues: 0
2018/11/29-20:04:47.668624 7f70e6e1f0             Options.manual_wal_flush: 0
2018/11/29-20:04:47.668630 7f70e6e1f0             Options.max_background_jobs: 6
2018/11/29-20:04:47.668633 7f70e6e1f0             Options.max_background_compactions: 6
2018/11/29-20:04:47.668635 7f70e6e1f0             Options.avoid_flush_during_shutdown: 0
2018/11/29-20:04:47.668638 7f70e6e1f0           Options.writable_file_max_buffer_size: 1048576
2018/11/29-20:04:47.668641 7f70e6e1f0             Options.delayed_write_rate : 16777216
2018/11/29-20:04:47.668644 7f70e6e1f0             Options.max_total_wal_size: 0
2018/11/29-20:04:47.668647 7f70e6e1f0             Options.delete_obsolete_files_period_micros: 21600000000
2018/11/29-20:04:47.668650 7f70e6e1f0                   Options.stats_dump_period_sec: 60
2018/11/29-20:04:47.668652 7f70e6e1f0                          Options.max_open_files: -1
2018/11/29-20:04:47.668655 7f70e6e1f0                          Options.bytes_per_sync: 1048576
2018/11/29-20:04:47.668658 7f70e6e1f0                      Options.wal_bytes_per_sync: 0
2018/11/29-20:04:47.668661 7f70e6e1f0       Options.compaction_readahead_size: 0
2018/11/29-20:04:47.668664 7f70e6e1f0 Compression algorithms supported:
2018/11/29-20:04:47.668667 7f70e6e1f0 	kZSTDNotFinalCompression supported: 1
2018/11/29-20:04:47.668705 7f70e6e1f0 	kZSTD supported: 1
2018/11/29-20:04:47.668710 7f70e6e1f0 	kXpressCompression supported: 0
2018/11/29-20:04:47.668713 7f70e6e1f0 	kLZ4HCCompression supported: 1
2018/11/29-20:04:47.668717 7f70e6e1f0 	kLZ4Compression supported: 1
2018/11/29-20:04:47.668720 7f70e6e1f0 	kBZip2Compression supported: 1
2018/11/29-20:04:47.668723 7f70e6e1f0 	kZlibCompression supported: 1
2018/11/29-20:04:47.668726 7f70e6e1f0 	kSnappyCompression supported: 1
2018/11/29-20:04:47.668734 7f70e6e1f0 Fast CRC32 supported: Not supported on x86
2018/11/29-20:04:47.669505 7f70e6e1f0 [db/version_set.cc:3085] Recovering from manifest file: MANIFEST-000004
2018/11/29-20:04:47.669719 7f70e6e1f0 [db/column_family.cc:475] --------------- Options for column family [default]:
2018/11/29-20:04:47.669728 7f70e6e1f0               Options.comparator: leveldb.BytewiseComparator
2018/11/29-20:04:47.669732 7f70e6e1f0           Options.merge_operator: None
2018/11/29-20:04:47.669735 7f70e6e1f0        Options.compaction_filter: None
2018/11/29-20:04:47.669738 7f70e6e1f0        Options.compaction_filter_factory: None
2018/11/29-20:04:47.669759 7f70e6e1f0         Options.memtable_factory: SkipListFactory
2018/11/29-20:04:47.669765 7f70e6e1f0            Options.table_factory: BlockBasedTable
2018/11/29-20:04:47.669815 7f70e6e1f0            table_factory options:   flush_block_policy_factory: FlushBlockBySizePolicyFactory (0x7f303977b0)
  cache_index_and_filter_blocks: 0
  cache_index_and_filter_blocks_with_high_priority: 0
  pin_l0_filter_and_index_blocks_in_cache: 0
  index_type: 0
  hash_index_allow_collision: 1
  checksum: 1
  no_block_cache: 0
  block_cache: 0x7f3039d0e0
  block_cache_name: LRUCache
  block_cache_options:
    capacity : 8388608
    num_shard_bits : 4
    strict_capacity_limit : 0
    high_pri_pool_ratio: 0.000
  block_cache_compressed: (nil)
  persistent_cache: (nil)
  block_size: 8192
  block_size_deviation: 10
  block_restart_interval: 16
  index_block_restart_interval: 1
  metadata_block_size: 4096
  partition_filters: 0
  use_delta_encoding: 1
  filter_policy: nullptr
  whole_key_filtering: 1
  verify_compression: 0
  read_amp_bytes_per_bit: 0
  format_version: 2
  enable_index_compression: 1
  block_align: 0
2018/11/29-20:04:47.669852 7f70e6e1f0        Options.write_buffer_size: 134217728
2018/11/29-20:04:47.669857 7f70e6e1f0  Options.max_write_buffer_number: 24
2018/11/29-20:04:47.669860 7f70e6e1f0        Options.compression[0]: NoCompression
2018/11/29-20:04:47.669863 7f70e6e1f0        Options.compression[1]: NoCompression
2018/11/29-20:04:47.669867 7f70e6e1f0        Options.compression[2]: LZ4
2018/11/29-20:04:47.669870 7f70e6e1f0        Options.compression[3]: LZ4
2018/11/29-20:04:47.669873 7f70e6e1f0        Options.compression[4]: LZ4
2018/11/29-20:04:47.669875 7f70e6e1f0        Options.compression[5]: LZ4
2018/11/29-20:04:47.669878 7f70e6e1f0        Options.compression[6]: LZ4
2018/11/29-20:04:47.669881 7f70e6e1f0                  Options.bottommost_compression: Disabled
2018/11/29-20:04:47.669884 7f70e6e1f0       Options.prefix_extractor: nullptr
2018/11/29-20:04:47.669887 7f70e6e1f0   Options.memtable_insert_with_hint_prefix_extractor: nullptr
2018/11/29-20:04:47.669890 7f70e6e1f0             Options.num_levels: 7
2018/11/29-20:04:47.669893 7f70e6e1f0        Options.min_write_buffer_number_to_merge: 2
2018/11/29-20:04:47.669896 7f70e6e1f0     Options.max_write_buffer_number_to_maintain: 0
2018/11/29-20:04:47.669898 7f70e6e1f0            Options.compression_opts.window_bits: -14
2018/11/29-20:04:47.669901 7f70e6e1f0                  Options.compression_opts.level: -1
2018/11/29-20:04:47.669904 7f70e6e1f0               Options.compression_opts.strategy: 0
2018/11/29-20:04:47.669907 7f70e6e1f0         Options.compression_opts.max_dict_bytes: 0
2018/11/29-20:04:47.669910 7f70e6e1f0         Options.compression_opts.zstd_max_train_bytes: 0
2018/11/29-20:04:47.669913 7f70e6e1f0      Options.level0_file_num_compaction_trigger: 2
2018/11/29-20:04:47.669916 7f70e6e1f0          Options.level0_slowdown_writes_trigger: 20
2018/11/29-20:04:47.669919 7f70e6e1f0              Options.level0_stop_writes_trigger: 36
2018/11/29-20:04:47.669921 7f70e6e1f0                   Options.target_file_size_base: 67108864
2018/11/29-20:04:47.669924 7f70e6e1f0             Options.target_file_size_multiplier: 1
2018/11/29-20:04:47.669927 7f70e6e1f0                Options.max_bytes_for_level_base: 536870912
2018/11/29-20:04:47.669930 7f70e6e1f0 Options.level_compaction_dynamic_level_bytes: 0
2018/11/29-20:04:47.669933 7f70e6e1f0          Options.max_bytes_for_level_multiplier: 10.000000
2018/11/29-20:04:47.669939 7f70e6e1f0 Options.max_bytes_for_level_multiplier_addtl[0]: 1
2018/11/29-20:04:47.669942 7f70e6e1f0 Options.max_bytes_for_level_multiplier_addtl[1]: 1
2018/11/29-20:04:47.669945 7f70e6e1f0 Options.max_bytes_for_level_multiplier_addtl[2]: 1
2018/11/29-20:04:47.669948 7f70e6e1f0 Options.max_bytes_for_level_multiplier_addtl[3]: 1
2018/11/29-20:04:47.669951 7f70e6e1f0 Options.max_bytes_for_level_multiplier_addtl[4]: 1
2018/11/29-20:04:47.669954 7f70e6e1f0 Options.max_bytes_for_level_multiplier_addtl[5]: 1
2018/11/29-20:04:47.669956 7f70e6e1f0 Options.max_bytes_for_level_multiplier_addtl[6]: 1
2018/11/29-20:04:47.669959 7f70e6e1f0       Options.max_sequential_skip_in_iterations: 8
2018/11/29-20:04:47.669962 7f70e6e1f0                    Options.max_compaction_bytes: 1677721600
2018/11/29-20:04:47.669965 7f70e6e1f0                        Options.arena_block_size: 16777216
2018/11/29-20:04:47.669968 7f70e6e1f0   Options.soft_pending_compaction_bytes_limit: 68719476736
2018/11/29-20:04:47.669984 7f70e6e1f0   Options.hard_pending_compaction_bytes_limit: 274877906944
2018/11/29-20:04:47.669989 7f70e6e1f0       Options.rate_limit_delay_max_milliseconds: 100
2018/11/29-20:04:47.669992 7f70e6e1f0                Options.disable_auto_compactions: 0
2018/11/29-20:04:47.669996 7f70e6e1f0                        Options.compaction_style: kCompactionStyleLevel
2018/11/29-20:04:47.670001 7f70e6e1f0                          Options.compaction_pri: kByCompensatedSize
2018/11/29-20:04:47.670004 7f70e6e1f0 Options.compaction_options_universal.size_ratio: 1
2018/11/29-20:04:47.670007 7f70e6e1f0 Options.compaction_options_universal.min_merge_width: 2
2018/11/29-20:04:47.670010 7f70e6e1f0 Options.compaction_options_universal.max_merge_width: 4294967295
2018/11/29-20:04:47.670013 7f70e6e1f0 Options.compaction_options_universal.max_size_amplification_percent: 200
2018/11/29-20:04:47.670016 7f70e6e1f0 Options.compaction_options_universal.compression_size_percent: -1
2018/11/29-20:04:47.670020 7f70e6e1f0 Options.compaction_options_universal.stop_style: kCompactionStopStyleTotalSize
2018/11/29-20:04:47.670024 7f70e6e1f0 Options.compaction_options_fifo.max_table_files_size: 1073741824
2018/11/29-20:04:47.670026 7f70e6e1f0 Options.compaction_options_fifo.allow_compaction: 0
2018/11/29-20:04:47.670029 7f70e6e1f0 Options.compaction_options_fifo.ttl: 0
2018/11/29-20:04:47.670032 7f70e6e1f0                   Options.table_properties_collectors: 
2018/11/29-20:04:47.670035 7f70e6e1f0                   Options.inplace_update_support: 0
2018/11/29-20:04:47.670038 7f70e6e1f0                 Options.inplace_update_num_locks: 10000
2018/11/29-20:04:47.670040 7f70e6e1f0               Options.memtable_prefix_bloom_size_ratio: 0.000000
2018/11/29-20:04:47.670044 7f70e6e1f0   Options.memtable_huge_page_size: 0
2018/11/29-20:04:47.670047 7f70e6e1f0                           Options.bloom_locality: 0
2018/11/29-20:04:47.670050 7f70e6e1f0                    Options.max_successive_merges: 0
2018/11/29-20:04:47.670052 7f70e6e1f0                Options.optimize_filters_for_hits: 0
2018/11/29-20:04:47.670055 7f70e6e1f0                Options.paranoid_file_checks: 0
2018/11/29-20:04:47.670058 7f70e6e1f0                Options.force_consistency_checks: 0
2018/11/29-20:04:47.670061 7f70e6e1f0                Options.report_bg_io_stats: 0
2018/11/29-20:04:47.670064 7f70e6e1f0                               Options.ttl: 0
2018/11/29-20:04:47.670816 7f70e6e1f0 [db/column_family.cc:475] --------------- Options for column family [usertable]:
2018/11/29-20:04:47.670830 7f70e6e1f0               Options.comparator: leveldb.BytewiseComparator
2018/11/29-20:04:47.670834 7f70e6e1f0           Options.merge_operator: None
2018/11/29-20:04:47.670837 7f70e6e1f0        Options.compaction_filter: None
2018/11/29-20:04:47.670840 7f70e6e1f0        Options.compaction_filter_factory: None
2018/11/29-20:04:47.670843 7f70e6e1f0         Options.memtable_factory: SkipListFactory
2018/11/29-20:04:47.670846 7f70e6e1f0            Options.table_factory: BlockBasedTable
2018/11/29-20:04:47.670892 7f70e6e1f0            table_factory options:   flush_block_policy_factory: FlushBlockBySizePolicyFactory (0x7f303987e0)
  cache_index_and_filter_blocks: 0
  cache_index_and_filter_blocks_with_high_priority: 0
  pin_l0_filter_and_index_blocks_in_cache: 0
  index_type: 0
  hash_index_allow_collision: 1
  checksum: 1
  no_block_cache: 0
  block_cache: 0x7f3039ea90
  block_cache_name: LRUCache
  block_cache_options:
    capacity : 8388608
    num_shard_bits : 4
    strict_capacity_limit : 0
    high_pri_pool_ratio: 0.000
  block_cache_compressed: (nil)
  persistent_cache: (nil)
  block_size: 8192
  block_size_deviation: 10
  block_restart_interval: 16
  index_block_restart_interval: 1
  metadata_block_size: 4096
  partition_filters: 0
  use_delta_encoding: 1
  filter_policy: nullptr
  whole_key_filtering: 1
  verify_compression: 0
  read_amp_bytes_per_bit: 0
  format_version: 2
  enable_index_compression: 1
  block_align: 0
2018/11/29-20:04:47.670897 7f70e6e1f0        Options.write_buffer_size: 134217728
2018/11/29-20:04:47.670929 7f70e6e1f0  Options.max_write_buffer_number: 24
2018/11/29-20:04:47.670934 7f70e6e1f0        Options.compression[0]: NoCompression
2018/11/29-20:04:47.670938 7f70e6e1f0        Options.compression[1]: NoCompression
2018/11/29-20:04:47.670941 7f70e6e1f0        Options.compression[2]: LZ4
2018/11/29-20:04:47.670944 7f70e6e1f0        Options.compression[3]: LZ4
2018/11/29-20:04:47.670947 7f70e6e1f0        Options.compression[4]: LZ4
2018/11/29-20:04:47.670949 7f70e6e1f0        Options.compression[5]: LZ4
2018/11/29-20:04:47.670952 7f70e6e1f0        Options.compression[6]: LZ4
2018/11/29-20:04:47.670955 7f70e6e1f0                  Options.bottommost_compression: Disabled
2018/11/29-20:04:47.670958 7f70e6e1f0       Options.prefix_extractor: nullptr
2018/11/29-20:04:47.670961 7f70e6e1f0   Options.memtable_insert_with_hint_prefix_extractor: nullptr
2018/11/29-20:04:47.670964 7f70e6e1f0             Options.num_levels: 7
2018/11/29-20:04:47.670967 7f70e6e1f0        Options.min_write_buffer_number_to_merge: 2
2018/11/29-20:04:47.670969 7f70e6e1f0     Options.max_write_buffer_number_to_maintain: 0
2018/11/29-20:04:47.670972 7f70e6e1f0            Options.compression_opts.window_bits: -14
2018/11/29-20:04:47.670975 7f70e6e1f0                  Options.compression_opts.level: -1
2018/11/29-20:04:47.670978 7f70e6e1f0               Options.compression_opts.strategy: 0
2018/11/29-20:04:47.670981 7f70e6e1f0         Options.compression_opts.max_dict_bytes: 0
2018/11/29-20:04:47.670983 7f70e6e1f0         Options.compression_opts.zstd_max_train_bytes: 0
2018/11/29-20:04:47.670986 7f70e6e1f0      Options.level0_file_num_compaction_trigger: 2
2018/11/29-20:04:47.670989 7f70e6e1f0          Options.level0_slowdown_writes_trigger: 20
2018/11/29-20:04:47.670992 7f70e6e1f0              Options.level0_stop_writes_trigger: 36
2018/11/29-20:04:47.670995 7f70e6e1f0                   Options.target_file_size_base: 67108864
2018/11/29-20:04:47.670997 7f70e6e1f0             Options.target_file_size_multiplier: 1
2018/11/29-20:04:47.671000 7f70e6e1f0                Options.max_bytes_for_level_base: 536870912
2018/11/29-20:04:47.671003 7f70e6e1f0 Options.level_compaction_dynamic_level_bytes: 0
2018/11/29-20:04:47.671006 7f70e6e1f0          Options.max_bytes_for_level_multiplier: 10.000000
2018/11/29-20:04:47.671011 7f70e6e1f0 Options.max_bytes_for_level_multiplier_addtl[0]: 1
2018/11/29-20:04:47.671013 7f70e6e1f0 Options.max_bytes_for_level_multiplier_addtl[1]: 1
2018/11/29-20:04:47.671016 7f70e6e1f0 Options.max_bytes_for_level_multiplier_addtl[2]: 1
2018/11/29-20:04:47.671019 7f70e6e1f0 Options.max_bytes_for_level_multiplier_addtl[3]: 1
2018/11/29-20:04:47.671022 7f70e6e1f0 Options.max_bytes_for_level_multiplier_addtl[4]: 1
2018/11/29-20:04:47.671025 7f70e6e1f0 Options.max_bytes_for_level_multiplier_addtl[5]: 1
2018/11/29-20:04:47.671027 7f70e6e1f0 Options.max_bytes_for_level_multiplier_addtl[6]: 1
2018/11/29-20:04:47.671030 7f70e6e1f0       Options.max_sequential_skip_in_iterations: 8
2018/11/29-20:04:47.671033 7f70e6e1f0                    Options.max_compaction_bytes: 1677721600
2018/11/29-20:04:47.671035 7f70e6e1f0                        Options.arena_block_size: 16777216
2018/11/29-20:04:47.671038 7f70e6e1f0   Options.soft_pending_compaction_bytes_limit: 68719476736
2018/11/29-20:04:47.671041 7f70e6e1f0   Options.hard_pending_compaction_bytes_limit: 274877906944
2018/11/29-20:04:47.671044 7f70e6e1f0       Options.rate_limit_delay_max_milliseconds: 100
2018/11/29-20:04:47.671046 7f70e6e1f0                Options.disable_auto_compactions: 0
2018/11/29-20:04:47.671051 7f70e6e1f0                        Options.compaction_style: kCompactionStyleLevel
2018/11/29-20:04:47.671055 7f70e6e1f0                          Options.compaction_pri: kByCompensatedSize
2018/11/29-20:04:47.671058 7f70e6e1f0 Options.compaction_options_universal.size_ratio: 1
2018/11/29-20:04:47.671061 7f70e6e1f0 Options.compaction_options_universal.min_merge_width: 2
2018/11/29-20:04:47.671064 7f70e6e1f0 Options.compaction_options_universal.max_merge_width: 4294967295
2018/11/29-20:04:47.671080 7f70e6e1f0 Options.compaction_options_universal.max_size_amplification_percent: 200
2018/11/29-20:04:47.671085 7f70e6e1f0 Options.compaction_options_universal.compression_size_percent: -1
2018/11/29-20:04:47.671089 7f70e6e1f0 Options.compaction_options_universal.stop_style: kCompactionStopStyleTotalSize
2018/11/29-20:04:47.671092 7f70e6e1f0 Options.compaction_options_fifo.max_table_files_size: 1073741824
2018/11/29-20:04:47.671095 7f70e6e1f0 Options.compaction_options_fifo.allow_compaction: 0
2018/11/29-20:04:47.671097 7f70e6e1f0 Options.compaction_options_fifo.ttl: 0
2018/11/29-20:04:47.671100 7f70e6e1f0                   Options.table_properties_collectors: 
2018/11/29-20:04:47.671103 7f70e6e1f0                   Options.inplace_update_support: 0
2018/11/29-20:04:47.671106 7f70e6e1f0                 Options.inplace_update_num_locks: 10000
2018/11/29-20:04:47.671109 7f70e6e1f0               Options.memtable_prefix_bloom_size_ratio: 0.000000
2018/11/29-20:04:47.671113 7f70e6e1f0   Options.memtable_huge_page_size: 0
2018/11/29-20:04:47.671116 7f70e6e1f0                           Options.bloom_locality: 0
2018/11/29-20:04:47.671118 7f70e6e1f0                    Options.max_successive_merges: 0
2018/11/29-20:04:47.671121 7f70e6e1f0                Options.optimize_filters_for_hits: 0
2018/11/29-20:04:47.671124 7f70e6e1f0                Options.paranoid_file_checks: 0
2018/11/29-20:04:47.671126 7f70e6e1f0                Options.force_consistency_checks: 0
2018/11/29-20:04:47.671129 7f70e6e1f0                Options.report_bg_io_stats: 0
2018/11/29-20:04:47.671132 7f70e6e1f0                               Options.ttl: 0
2018/11/29-20:04:48.138272 7f70e6e1f0 [db/version_set.cc:3361] Recovered from manifest file:/mnt/sda/ycsb-rocksdb-data/MANIFEST-000004 succeeded,manifest_file_number is 4, next_file_number is 1208, last_sequence is 10370527, log_number is 0,prev_log_number is 0,max_column_family is 1,min_log_number_to_keep is 0
2018/11/29-20:04:48.138303 7f70e6e1f0 [db/version_set.cc:3369] Column family [default] (ID 0), log number is 0
2018/11/29-20:04:48.138308 7f70e6e1f0 [db/version_set.cc:3369] Column family [usertable] (ID 1), log number is 1201
2018/11/29-20:04:48.142497 7f70e6e1f0 EVENT_LOG_v1 {"time_micros": 1543521888142466, "job": 1, "event": "recovery_started", "log_files": [1201, 1207, 1208, 1210]}
2018/11/29-20:04:48.142533 7f70e6e1f0 [db/db_impl_open.cc:551] Recovering log #1201 mode 2
2018/11/29-20:04:48.720376 7f70e6e1f0 [db/db_impl_open.cc:551] Recovering log #1207 mode 2
2018/11/29-20:04:50.657043 7f70e6e1f0 EVENT_LOG_v1 {"time_micros": 1543521890656936, "cf_name": "usertable", "job": 1, "event": "table_file_creation", "file_number": 1208, "file_size": 129907745, "table_properties": {"data_size": 129330264, "index_size": 576559, "filter_size": 0, "raw_key_size": 752832, "raw_average_key_size": 24, "raw_value_size": 128483328, "raw_average_value_size": 4096, "num_data_blocks": 15684, "num_entries": 31368, "filter_policy_name": "", "kDeletedKeys": "0", "kMergeOperands": "0"}}
2018/11/29-20:04:52.049457 7f70e6e1f0 [db/db_impl_open.cc:551] Recovering log #1208 mode 2
2018/11/29-20:04:52.838133 7f70e6e1f0 EVENT_LOG_v1 {"time_micros": 1543521892838031, "cf_name": "usertable", "job": 1, "event": "table_file_creation", "file_number": 1209, "file_size": 129899463, "table_properties": {"data_size": 129322018, "index_size": 576523, "filter_size": 0, "raw_key_size": 752784, "raw_average_key_size": 24, "raw_value_size": 128475136, "raw_average_value_size": 4096, "num_data_blocks": 15683, "num_entries": 31366, "filter_policy_name": "", "kDeletedKeys": "0", "kMergeOperands": "0"}}
2018/11/29-20:04:54.115411 7f70e6e1f0 [db/db_impl_open.cc:551] Recovering log #1210 mode 2
2018/11/29-20:04:54.827000 7f70e6e1f0 EVENT_LOG_v1 {"time_micros": 1543521894826949, "cf_name": "usertable", "job": 1, "event": "table_file_creation", "file_number": 1211, "file_size": 129907745, "table_properties": {"data_size": 129330264, "index_size": 576559, "filter_size": 0, "raw_key_size": 752832, "raw_average_key_size": 24, "raw_value_size": 128483328, "raw_average_value_size": 4096, "num_data_blocks": 15684, "num_entries": 31368, "filter_policy_name": "", "kDeletedKeys": "0", "kMergeOperands": "0"}}
2018/11/29-20:04:54.967238 7f70e6e1f0 [db/version_set.cc:2847] Creating manifest 1212
2018/11/29-20:04:55.264658 7f70e6e1f0 EVENT_LOG_v1 {"time_micros": 1543521895264619, "cf_name": "usertable", "job": 1, "event": "table_file_creation", "file_number": 1213, "file_size": 39803579, "table_properties": {"data_size": 39626167, "index_size": 176491, "filter_size": 0, "raw_key_size": 230664, "raw_average_key_size": 24, "raw_value_size": 39366656, "raw_average_value_size": 4096, "num_data_blocks": 4806, "num_entries": 9611, "filter_policy_name": "", "kDeletedKeys": "0", "kMergeOperands": "0"}}
2018/11/29-20:04:55.295111 7f70e6e1f0 EVENT_LOG_v1 {"time_micros": 1543521895295090, "job": 1, "event": "recovery_finished"}
2018/11/29-20:04:55.296074 7f70e6e1f0 [db/column_family.cc:837] [usertable] Increasing compaction threads because we have 5 level-0 files 
2018/11/29-20:04:55.452242 7f70e6e1f0 [db/db_impl_open.cc:1219] DB pointer 0x7f303cb0a0
2018/11/29-20:04:55.452990 7f157fa1f0 [WARN] [db/db_impl.cc:491] ------- DUMPING STATS -------
2018/11/29-20:04:55.453078 7f157fa1f0 [WARN] [db/db_impl.cc:492] 
** DB Stats **
Uptime(secs): 7.8 total, 7.8 interval
Cumulative writes: 0 writes, 0 keys, 0 commit groups, 0.0 writes per commit group, ingest: 0.00 GB, 0.00 MB/s
Cumulative WAL: 0 writes, 0 syncs, 0.00 writes per sync, written: 0.00 GB, 0.00 MB/s
Cumulative stall: 00:00:0.000 H:M:S, 0.0 percent
Interval writes: 0 writes, 0 keys, 0 commit groups, 0.0 writes per commit group, ingest: 0.00 MB, 0.00 MB/s
Interval WAL: 0 writes, 0 syncs, 0.00 writes per sync, written: 0.00 MB, 0.00 MB/s
Interval stall: 00:00:0.000 H:M:S, 0.0 percent

** Compaction Stats [default] **
Level    Files   Size     Score Read(GB)  Rn(GB) Rnp1(GB) Write(GB) Wnew(GB) Moved(GB) W-Amp Rd(MB/s) Wr(MB/s) Comp(sec) Comp(cnt) Avg(sec) KeyIn KeyDrop
----------------------------------------------------------------------------------------------------------------------------------------------------------
 Sum      0/0    0.00 KB   0.0      0.0     0.0      0.0       0.0      0.0       0.0   0.0      0.0      0.0         0         0    0.000       0      0
 Int      0/0    0.00 KB   0.0      0.0     0.0      0.0       0.0      0.0       0.0   0.0      0.0      0.0         0         0    0.000       0      0
Uptime(secs): 7.8 total, 7.8 interval
Flush(GB): cumulative 0.000, interval 0.000
AddFile(GB): cumulative 0.000, interval 0.000
AddFile(Total Files): cumulative 0, interval 0
AddFile(L0 Files): cumulative 0, interval 0
AddFile(Keys): cumulative 0, interval 0
Cumulative compaction: 0.00 GB write, 0.00 MB/s write, 0.00 GB read, 0.00 MB/s read, 0.0 seconds
Interval compaction: 0.00 GB write, 0.00 MB/s write, 0.00 GB read, 0.00 MB/s read, 0.0 seconds
Stalls(count): 0 level0_slowdown, 0 level0_slowdown_with_compaction, 0 level0_numfiles, 0 level0_numfiles_with_compaction, 0 stop for pending_compaction_bytes, 0 slowdown for pending_compaction_bytes, 0 memtable_compaction, 0 memtable_slowdown, interval 0 total count

** File Read Latency Histogram By Level [default] **

** Compaction Stats [usertable] **
Level    Files   Size     Score Read(GB)  Rn(GB) Rnp1(GB) Write(GB) Wnew(GB) Moved(GB) W-Amp Rd(MB/s) Wr(MB/s) Comp(sec) Comp(cnt) Avg(sec) KeyIn KeyDrop
----------------------------------------------------------------------------------------------------------------------------------------------------------
  L0      5/0   645.85 MB   2.5      0.0     0.0      0.0       0.4      0.4       0.0   1.0      0.0    115.4         4         4    0.888       0      0
  L1      2/0   473.29 MB   0.9      0.0     0.0      0.0       0.0      0.0       0.0   0.0      0.0      0.0         0         0    0.000       0      0
  L2    114/0    4.96 GB   1.0      0.0     0.0      0.0       0.0      0.0       0.0   0.0      0.0      0.0         0         0    0.000       0      0
  L3    550/0   34.13 GB   0.7      0.0     0.0      0.0       0.0      0.0       0.0   0.0      0.0      0.0         0         0    0.000       0      0
 Sum    671/0   40.18 GB   0.0      0.0     0.0      0.0       0.4      0.4       0.0   1.0      0.0    115.4         4         4    0.888       0      0
 Int      0/0    0.00 KB   0.0      0.0     0.0      0.0       0.4      0.4       0.0   1.0      0.0    115.4         4         4    0.888       0      0
Uptime(secs): 7.8 total, 7.8 interval
Flush(GB): cumulative 0.400, interval 0.400
AddFile(GB): cumulative 0.000, interval 0.000
AddFile(Total Files): cumulative 0, interval 0
AddFile(L0 Files): cumulative 0, interval 0
AddFile(Keys): cumulative 0, interval 0
Cumulative compaction: 0.40 GB write, 52.64 MB/s write, 0.00 GB read, 0.00 MB/s read, 3.6 seconds
Interval compaction: 0.40 GB write, 52.64 MB/s write, 0.00 GB read, 0.00 MB/s read, 3.6 seconds
Stalls(count): 0 level0_slowdown, 0 level0_slowdown_with_compaction, 0 level0_numfiles, 0 level0_numfiles_with_compaction, 0 stop for pending_compaction_bytes, 0 slowdown for pending_compaction_bytes, 0 memtable_compaction, 0 memtable_slowdown, interval 0 total count

** File Read Latency Histogram By Level [usertable] **

** Compaction Stats [default] **
Level    Files   Size     Score Read(GB)  Rn(GB) Rnp1(GB) Write(GB) Wnew(GB) Moved(GB) W-Amp Rd(MB/s) Wr(MB/s) Comp(sec) Comp(cnt) Avg(sec) KeyIn KeyDrop
----------------------------------------------------------------------------------------------------------------------------------------------------------
 Sum      0/0    0.00 KB   0.0      0.0     0.0      0.0       0.0      0.0       0.0   0.0      0.0      0.0         0         0    0.000       0      0
 Int      0/0    0.00 KB   0.0      0.0     0.0      0.0       0.0      0.0       0.0   0.0      0.0      0.0         0         0    0.000       0      0
Uptime(secs): 7.8 total, 0.0 interval
Flush(GB): cumulative 0.000, interval 0.000
AddFile(GB): cumulative 0.000, interval 0.000
AddFile(Total Files): cumulative 0, interval 0
AddFile(L0 Files): cumulative 0, interval 0
AddFile(Keys): cumulative 0, interval 0
Cumulative compaction: 0.00 GB write, 0.00 MB/s write, 0.00 GB read, 0.00 MB/s read, 0.0 seconds
Interval compaction: 0.00 GB write, 0.00 MB/s write, 0.00 GB read, 0.00 MB/s read, 0.0 seconds
Stalls(count): 0 level0_slowdown, 0 level0_slowdown_with_compaction, 0 level0_numfiles, 0 level0_numfiles_with_compaction, 0 stop for pending_compaction_bytes, 0 slowdown for pending_compaction_bytes, 0 memtable_compaction, 0 memtable_slowdown, interval 0 total count

** File Read Latency Histogram By Level [default] **

** Compaction Stats [usertable] **
Level    Files   Size     Score Read(GB)  Rn(GB) Rnp1(GB) Write(GB) Wnew(GB) Moved(GB) W-Amp Rd(MB/s) Wr(MB/s) Comp(sec) Comp(cnt) Avg(sec) KeyIn KeyDrop
----------------------------------------------------------------------------------------------------------------------------------------------------------
  L0      5/0   645.85 MB   2.5      0.0     0.0      0.0       0.4      0.4       0.0   1.0      0.0    115.4         4         4    0.888       0      0
  L1      2/0   473.29 MB   0.9      0.0     0.0      0.0       0.0      0.0       0.0   0.0      0.0      0.0         0         0    0.000       0      0
  L2    114/0    4.96 GB   1.0      0.0     0.0      0.0       0.0      0.0       0.0   0.0      0.0      0.0         0         0    0.000       0      0
  L3    550/0   34.13 GB   0.7      0.0     0.0      0.0       0.0      0.0       0.0   0.0      0.0      0.0         0         0    0.000       0      0
 Sum    671/0   40.18 GB   0.0      0.0     0.0      0.0       0.4      0.4       0.0   1.0      0.0    115.4         4         4    0.888       0      0
 Int      0/0    0.00 KB   0.0      0.0     0.0      0.0       0.0      0.0       0.0   0.0      0.0      0.0         0         0    0.000       0      0
Uptime(secs): 7.8 total, 0.0 interval
Flush(GB): cumulative 0.400, interval 0.000
AddFile(GB): cumulative 0.000, interval 0.000
AddFile(Total Files): cumulative 0, interval 0
AddFile(L0 Files): cumulative 0, interval 0
AddFile(Keys): cumulative 0, interval 0
Cumulative compaction: 0.40 GB write, 52.64 MB/s write, 0.00 GB read, 0.00 MB/s read, 3.6 seconds
Interval compaction: 0.00 GB write, 0.00 MB/s write, 0.00 GB read, 0.00 MB/s read, 0.0 seconds
Stalls(count): 0 level0_slowdown, 0 level0_slowdown_with_compaction, 0 level0_numfiles, 0 level0_numfiles_with_compaction, 0 stop for pending_compaction_bytes, 0 slowdown for pending_compaction_bytes, 0 memtable_compaction, 0 memtable_slowdown, interval 0 total count

** File Read Latency Histogram By Level [usertable] **
2018/11/29-20:04:55.454088 7f17fff1f0 [db/compaction_job.cc:1531] [usertable] [JOB 4] Compacting 4@0 files to L0, score 2.00
2018/11/29-20:04:55.454182 7f17fff1f0 [db/compaction_job.cc:1535] [usertable] Compaction start summary: Base version 5 Base level 0, inputs: [1213(37MB) 1211(123MB) 1209(123MB) 1208(123MB)]
2018/11/29-20:04:55.457050 7f17fff1f0 EVENT_LOG_v1 {"time_micros": 1543521895454244, "job": 4, "event": "compaction_started", "compaction_reason": "LevelL0FilesNum", "files_L0": [1213, 1211, 1209, 1208], "score": 2, "input_data_size": 429518532}
2018/11/29-20:04:55.486226 7f157fa1f0 [db/column_family.cc:837] [usertable] Increasing compaction threads because we have 4 level-0 files 
2018/11/29-20:04:55.487017 7f157fa1f0 (Original Log Time 2018/11/29-20:04:55.453490) [db/db_impl_compaction_flush.cc:1835] [usertable] Moving #1037 to level-1 247701306 bytes
2018/11/29-20:04:55.487039 7f157fa1f0 (Original Log Time 2018/11/29-20:04:55.486491) EVENT_LOG_v1 {"time_micros": 1543521895486456, "job": 3, "event": "trivial_move", "destination_level": 1, "files": 1, "total_files_size": 247701306}
2018/11/29-20:04:55.487050 7f157fa1f0 (Original Log Time 2018/11/29-20:04:55.486531) [db/db_impl_compaction_flush.cc:1864] [usertable] Moved #1 files to level-1 247701306 bytes OK: base level 1 max bytes base 536870912 files[4 3 114 550 0 0 0] max score 1.39
2018/11/29-20:04:55.487395 7f15ffb1f0 [db/compaction_job.cc:1531] [usertable] [JOB 5] Compacting 1@1 files to L2, score 1.39
2018/11/29-20:04:55.487421 7f15ffb1f0 [db/compaction_job.cc:1535] [usertable] Compaction start summary: Base version 6 Base level 1, inputs: [534(236MB)]
2018/11/29-20:04:55.487469 7f15ffb1f0 EVENT_LOG_v1 {"time_micros": 1543521895487451, "job": 5, "event": "compaction_started", "compaction_reason": "LevelMaxLevelSize", "files_L1": [534], "score": 1.38578, "input_data_size": 248261291}
2018/11/29-20:05:00.862162 7f17fff1f0 [db/compaction_job.cc:1211] [usertable] [JOB 4] Generated table #1217: 103713 keys, 429535866 bytes
2018/11/29-20:05:00.862417 7f17fff1f0 EVENT_LOG_v1 {"time_micros": 1543521900862352, "cf_name": "usertable", "job": 4, "event": "table_file_creation", "file_number": 1217, "file_size": 429535866, "table_properties": {"data_size": 427608713, "index_size": 1926226, "filter_size": 0, "raw_key_size": 2489112, "raw_average_key_size": 24, "raw_value_size": 424808448, "raw_average_value_size": 4096, "num_data_blocks": 51857, "num_entries": 103713, "filter_policy_name": "", "kDeletedKeys": "0", "kMergeOperands": "0"}}
2018/11/29-20:05:00.862633 7f17fff1f0 [db/compaction_job.cc:1287] [usertable] [JOB 4] Compacted 4@0 files to L0 => 429535866 bytes
2018/11/29-20:05:00.960247 7f17fff1f0 (Original Log Time 2018/11/29-20:05:00.959799) [db/compaction_job.cc:685] [usertable] compacted to: base level 1 max bytes base 536870912 files[1 3 114 550 0 0 0] max score 0.99, MB/sec: 79.5 rd, 79.5 wr, level 0, files in(0, 4) out(1) MB in(0.0, 409.6) out(409.6), read-write-amplify(0.0) write-amplify(0.0) OK, records in: 103713, records dropped: 0 output_compression: NoCompression
2018/11/29-20:05:00.960279 7f17fff1f0 (Original Log Time 2018/11/29-20:05:00.959914) EVENT_LOG_v1 {"time_micros": 1543521900959868, "job": 4, "event": "compaction_finished", "compaction_time_micros": 5405294, "output_level": 0, "num_output_files": 1, "total_output_size": 429535866, "num_input_records": 103713, "num_output_records": 103713, "num_subcompactions": 1, "output_compression": "NoCompression", "num_single_delete_mismatches": 0, "num_single_delete_fallthrough": 0, "lsm_state": [1, 3, 114, 550, 0, 0, 0]}
2018/11/29-20:05:01.935451 7f15ffb1f0 [db/compaction_job.cc:1211] [usertable] [JOB 5] Generated table #1218: 16279 keys, 67233554 bytes
2018/11/29-20:05:01.935547 7f15ffb1f0 EVENT_LOG_v1 {"time_micros": 1543521901935518, "cf_name": "usertable", "job": 5, "event": "table_file_creation", "file_number": 1218, "file_size": 67233554, "table_properties": {"data_size": 67120141, "index_size": 300916, "filter_size": 0, "raw_key_size": 390696, "raw_average_key_size": 24, "raw_value_size": 66678784, "raw_average_value_size": 4096, "num_data_blocks": 8140, "num_entries": 16279, "filter_policy_name": "", "kDeletedKeys": "0", "kMergeOperands": "0"}}
2018/11/29-20:05:03.136883 7f15ffb1f0 [db/compaction_job.cc:1211] [usertable] [JOB 5] Generated table #1219: 16279 keys, 67233360 bytes
2018/11/29-20:05:03.136975 7f15ffb1f0 EVENT_LOG_v1 {"time_micros": 1543521903136946, "cf_name": "usertable", "job": 5, "event": "table_file_creation", "file_number": 1219, "file_size": 67233360, "table_properties": {"data_size": 67118331, "index_size": 299107, "filter_size": 0, "raw_key_size": 390696, "raw_average_key_size": 24, "raw_value_size": 66678784, "raw_average_value_size": 4096, "num_data_blocks": 8140, "num_entries": 16279, "filter_policy_name": "", "kDeletedKeys": "0", "kMergeOperands": "0"}}
2018/11/29-20:05:04.325897 7f15ffb1f0 [db/compaction_job.cc:1211] [usertable] [JOB 5] Generated table #1220: 16279 keys, 67233548 bytes
2018/11/29-20:05:04.325993 7f15ffb1f0 EVENT_LOG_v1 {"time_micros": 1543521904325963, "cf_name": "usertable", "job": 5, "event": "table_file_creation", "file_number": 1220, "file_size": 67233548, "table_properties": {"data_size": 67120139, "index_size": 300916, "filter_size": 0, "raw_key_size": 390696, "raw_average_key_size": 24, "raw_value_size": 66678784, "raw_average_value_size": 4096, "num_data_blocks": 8140, "num_entries": 16279, "filter_policy_name": "", "kDeletedKeys": "0", "kMergeOperands": "0"}}
2018/11/29-20:05:05.148600 7f15ffb1f0 [db/compaction_job.cc:1211] [usertable] [JOB 5] Generated table #1221: 11106 keys, 45868817 bytes
2018/11/29-20:05:05.148691 7f15ffb1f0 EVENT_LOG_v1 {"time_micros": 1543521905148661, "cf_name": "usertable", "job": 5, "event": "table_file_creation", "file_number": 1221, "file_size": 45868817, "table_properties": {"data_size": 45790038, "index_size": 203964, "filter_size": 0, "raw_key_size": 266544, "raw_average_key_size": 24, "raw_value_size": 45490176, "raw_average_value_size": 4096, "num_data_blocks": 5553, "num_entries": 11106, "filter_policy_name": "", "kDeletedKeys": "0", "kMergeOperands": "0"}}
2018/11/29-20:05:05.148838 7f15ffb1f0 [db/compaction_job.cc:1287] [usertable] [JOB 5] Compacted 1@1 files to L2 => 247569279 bytes
