2018/11/18-00:43:38.886779 7f90f4c8e700 RocksDB version: 5.14.3
2018/11/18-00:43:38.886845 7f90f4c8e700 Git sha rocksdb_build_git_sha:
2018/11/18-00:43:38.886848 7f90f4c8e700 Compile date Oct 15 2018
2018/11/18-00:43:38.886852 7f90f4c8e700 DB SUMMARY
2018/11/18-00:43:38.889034 7f90f4c8e700 CURRENT file:  CURRENT
2018/11/18-00:43:38.889037 7f90f4c8e700 IDENTITY file:  IDENTITY
2018/11/18-00:43:38.889046 7f90f4c8e700 MANIFEST file:  MANIFEST-000004 size: 14376 Bytes
2018/11/18-00:43:38.889049 7f90f4c8e700 SST files in /mnt/sdb/ycsb-rocksdb-data dir, Total Num: 116, files: 000052.sst 000061.sst 000068.sst 000070.sst 000080.sst 000120.sst 000124.sst 000128.sst 000152.sst 
2018/11/18-00:43:38.889050 7f90f4c8e700 Write Ahead Log file in /mnt/sdb/ycsb-rocksdb-data: 000294.log size: 129319159 ; 000335.log size: 129376371 ; 000336.log size: 100078918 ; 000339.log size: 102835675 ; 000343.log size: 124810690 ; 000345.log size: 44535806 ; 
2018/11/18-00:43:38.889054 7f90f4c8e700                         Options.error_if_exists: 0
2018/11/18-00:43:38.889055 7f90f4c8e700                       Options.create_if_missing: 1
2018/11/18-00:43:38.889056 7f90f4c8e700                         Options.paranoid_checks: 1
2018/11/18-00:43:38.889057 7f90f4c8e700                                     Options.env: 0x7f90e7ff83e0
2018/11/18-00:43:38.889058 7f90f4c8e700                                Options.info_log: 0x7f90603cba10
2018/11/18-00:43:38.889059 7f90f4c8e700                Options.max_file_opening_threads: 16
2018/11/18-00:43:38.889060 7f90f4c8e700                              Options.statistics: (nil)
2018/11/18-00:43:38.889061 7f90f4c8e700                               Options.use_fsync: 0
2018/11/18-00:43:38.889062 7f90f4c8e700                       Options.max_log_file_size: 0
2018/11/18-00:43:38.889063 7f90f4c8e700                  Options.max_manifest_file_size: 18446744073709551615
2018/11/18-00:43:38.889064 7f90f4c8e700                   Options.log_file_time_to_roll: 0
2018/11/18-00:43:38.889064 7f90f4c8e700                       Options.keep_log_file_num: 1000
2018/11/18-00:43:38.889065 7f90f4c8e700                    Options.recycle_log_file_num: 0
2018/11/18-00:43:38.889066 7f90f4c8e700                         Options.allow_fallocate: 1
2018/11/18-00:43:38.889067 7f90f4c8e700                        Options.allow_mmap_reads: 0
2018/11/18-00:43:38.889068 7f90f4c8e700                       Options.allow_mmap_writes: 0
2018/11/18-00:43:38.889069 7f90f4c8e700                        Options.use_direct_reads: 0
2018/11/18-00:43:38.889070 7f90f4c8e700                        Options.use_direct_io_for_flush_and_compaction: 0
2018/11/18-00:43:38.889071 7f90f4c8e700          Options.create_missing_column_families: 1
2018/11/18-00:43:38.889071 7f90f4c8e700                              Options.db_log_dir: 
2018/11/18-00:43:38.889072 7f90f4c8e700                                 Options.wal_dir: /mnt/sdb/ycsb-rocksdb-data
2018/11/18-00:43:38.889073 7f90f4c8e700                Options.table_cache_numshardbits: 6
2018/11/18-00:43:38.889074 7f90f4c8e700                      Options.max_subcompactions: 4
2018/11/18-00:43:38.889075 7f90f4c8e700                  Options.max_background_flushes: 24
2018/11/18-00:43:38.889076 7f90f4c8e700                         Options.WAL_ttl_seconds: 0
2018/11/18-00:43:38.889077 7f90f4c8e700                       Options.WAL_size_limit_MB: 0
2018/11/18-00:43:38.889078 7f90f4c8e700             Options.manifest_preallocation_size: 4194304
2018/11/18-00:43:38.889078 7f90f4c8e700                     Options.is_fd_close_on_exec: 1
2018/11/18-00:43:38.889079 7f90f4c8e700                   Options.advise_random_on_open: 1
2018/11/18-00:43:38.889080 7f90f4c8e700                    Options.db_write_buffer_size: 0
2018/11/18-00:43:38.889081 7f90f4c8e700                    Options.write_buffer_manager: 0x7f90603c6380
2018/11/18-00:43:38.889082 7f90f4c8e700         Options.access_hint_on_compaction_start: 1
2018/11/18-00:43:38.889083 7f90f4c8e700  Options.new_table_reader_for_compaction_inputs: 0
2018/11/18-00:43:38.889083 7f90f4c8e700           Options.random_access_max_buffer_size: 1048576
2018/11/18-00:43:38.889099 7f90f4c8e700                      Options.use_adaptive_mutex: 0
2018/11/18-00:43:38.889100 7f90f4c8e700                            Options.rate_limiter: (nil)
2018/11/18-00:43:38.889102 7f90f4c8e700     Options.sst_file_manager.rate_bytes_per_sec: 0
2018/11/18-00:43:38.889103 7f90f4c8e700                       Options.wal_recovery_mode: 2
2018/11/18-00:43:38.889104 7f90f4c8e700                  Options.enable_thread_tracking: 0
2018/11/18-00:43:38.889105 7f90f4c8e700                  Options.enable_pipelined_write: 1
2018/11/18-00:43:38.889106 7f90f4c8e700         Options.allow_concurrent_memtable_write: 1
2018/11/18-00:43:38.889106 7f90f4c8e700      Options.enable_write_thread_adaptive_yield: 1
2018/11/18-00:43:38.889107 7f90f4c8e700             Options.write_thread_max_yield_usec: 100
2018/11/18-00:43:38.889108 7f90f4c8e700            Options.write_thread_slow_yield_usec: 3
2018/11/18-00:43:38.889109 7f90f4c8e700                               Options.row_cache: None
2018/11/18-00:43:38.889110 7f90f4c8e700                              Options.wal_filter: None
2018/11/18-00:43:38.889117 7f90f4c8e700             Options.avoid_flush_during_recovery: 0
2018/11/18-00:43:38.889118 7f90f4c8e700             Options.allow_ingest_behind: 0
2018/11/18-00:43:38.889119 7f90f4c8e700             Options.preserve_deletes: 0
2018/11/18-00:43:38.889120 7f90f4c8e700             Options.two_write_queues: 0
2018/11/18-00:43:38.889121 7f90f4c8e700             Options.manual_wal_flush: 0
2018/11/18-00:43:38.889122 7f90f4c8e700             Options.max_background_jobs: 24
2018/11/18-00:43:38.889123 7f90f4c8e700             Options.max_background_compactions: 24
2018/11/18-00:43:38.889124 7f90f4c8e700             Options.avoid_flush_during_shutdown: 0
2018/11/18-00:43:38.889125 7f90f4c8e700           Options.writable_file_max_buffer_size: 1048576
2018/11/18-00:43:38.889126 7f90f4c8e700             Options.delayed_write_rate : 16777216
2018/11/18-00:43:38.889127 7f90f4c8e700             Options.max_total_wal_size: 0
2018/11/18-00:43:38.889128 7f90f4c8e700             Options.delete_obsolete_files_period_micros: 21600000000
2018/11/18-00:43:38.889129 7f90f4c8e700                   Options.stats_dump_period_sec: 60
2018/11/18-00:43:38.889130 7f90f4c8e700                          Options.max_open_files: -1
2018/11/18-00:43:38.889131 7f90f4c8e700                          Options.bytes_per_sync: 1048576
2018/11/18-00:43:38.889132 7f90f4c8e700                      Options.wal_bytes_per_sync: 0
2018/11/18-00:43:38.889133 7f90f4c8e700       Options.compaction_readahead_size: 0
2018/11/18-00:43:38.889133 7f90f4c8e700 Compression algorithms supported:
2018/11/18-00:43:38.889135 7f90f4c8e700 	kZSTDNotFinalCompression supported: 1
2018/11/18-00:43:38.889144 7f90f4c8e700 	kZSTD supported: 1
2018/11/18-00:43:38.889146 7f90f4c8e700 	kXpressCompression supported: 0
2018/11/18-00:43:38.889147 7f90f4c8e700 	kLZ4HCCompression supported: 1
2018/11/18-00:43:38.889148 7f90f4c8e700 	kLZ4Compression supported: 1
2018/11/18-00:43:38.889149 7f90f4c8e700 	kBZip2Compression supported: 1
2018/11/18-00:43:38.889150 7f90f4c8e700 	kZlibCompression supported: 1
2018/11/18-00:43:38.889151 7f90f4c8e700 	kSnappyCompression supported: 1
2018/11/18-00:43:38.889155 7f90f4c8e700 Fast CRC32 supported: Supported on x86
2018/11/18-00:43:38.889600 7f90f4c8e700 [db/version_set.cc:3085] Recovering from manifest file: MANIFEST-000004
2018/11/18-00:43:38.889688 7f90f4c8e700 [db/column_family.cc:475] --------------- Options for column family [default]:
2018/11/18-00:43:38.889692 7f90f4c8e700               Options.comparator: leveldb.BytewiseComparator
2018/11/18-00:43:38.889693 7f90f4c8e700           Options.merge_operator: None
2018/11/18-00:43:38.889694 7f90f4c8e700        Options.compaction_filter: None
2018/11/18-00:43:38.889695 7f90f4c8e700        Options.compaction_filter_factory: None
2018/11/18-00:43:38.889696 7f90f4c8e700         Options.memtable_factory: SkipListFactory
2018/11/18-00:43:38.889697 7f90f4c8e700            Options.table_factory: BlockBasedTable
2018/11/18-00:43:38.889743 7f90f4c8e700            table_factory options:   flush_block_policy_factory: FlushBlockBySizePolicyFactory (0x7f906037cb80)
  cache_index_and_filter_blocks: 0
  cache_index_and_filter_blocks_with_high_priority: 0
  pin_l0_filter_and_index_blocks_in_cache: 0
  index_type: 0
  hash_index_allow_collision: 1
  checksum: 1
  no_block_cache: 0
  block_cache: 0x7f9060387de0
  block_cache_name: LRUCache
  block_cache_options:
    capacity : 8388608
    num_shard_bits : 4
    strict_capacity_limit : 0
    high_pri_pool_ratio: 0.000
  block_cache_compressed: (nil)
  persistent_cache: (nil)
  block_size: 8192
  block_size_deviation: 10
  block_restart_interval: 16
  index_block_restart_interval: 1
  metadata_block_size: 4096
  partition_filters: 0
  use_delta_encoding: 1
  filter_policy: nullptr
  whole_key_filtering: 1
  verify_compression: 0
  read_amp_bytes_per_bit: 0
  format_version: 2
  enable_index_compression: 1
  block_align: 0
2018/11/18-00:43:38.889745 7f90f4c8e700        Options.write_buffer_size: 134217728
2018/11/18-00:43:38.889746 7f90f4c8e700  Options.max_write_buffer_number: 24
2018/11/18-00:43:38.889748 7f90f4c8e700        Options.compression[0]: NoCompression
2018/11/18-00:43:38.889749 7f90f4c8e700        Options.compression[1]: NoCompression
2018/11/18-00:43:38.889750 7f90f4c8e700        Options.compression[2]: LZ4
2018/11/18-00:43:38.889751 7f90f4c8e700        Options.compression[3]: LZ4
2018/11/18-00:43:38.889751 7f90f4c8e700        Options.compression[4]: LZ4
2018/11/18-00:43:38.889752 7f90f4c8e700        Options.compression[5]: LZ4
2018/11/18-00:43:38.889753 7f90f4c8e700        Options.compression[6]: LZ4
2018/11/18-00:43:38.889754 7f90f4c8e700                  Options.bottommost_compression: Disabled
2018/11/18-00:43:38.889755 7f90f4c8e700       Options.prefix_extractor: nullptr
2018/11/18-00:43:38.889756 7f90f4c8e700   Options.memtable_insert_with_hint_prefix_extractor: nullptr
2018/11/18-00:43:38.889757 7f90f4c8e700             Options.num_levels: 7
2018/11/18-00:43:38.889758 7f90f4c8e700        Options.min_write_buffer_number_to_merge: 2
2018/11/18-00:43:38.889759 7f90f4c8e700     Options.max_write_buffer_number_to_maintain: 0
2018/11/18-00:43:38.889760 7f90f4c8e700            Options.compression_opts.window_bits: -14
2018/11/18-00:43:38.889761 7f90f4c8e700                  Options.compression_opts.level: -1
2018/11/18-00:43:38.889762 7f90f4c8e700               Options.compression_opts.strategy: 0
2018/11/18-00:43:38.889763 7f90f4c8e700         Options.compression_opts.max_dict_bytes: 0
2018/11/18-00:43:38.889764 7f90f4c8e700         Options.compression_opts.zstd_max_train_bytes: 0
2018/11/18-00:43:38.889765 7f90f4c8e700      Options.level0_file_num_compaction_trigger: 2
2018/11/18-00:43:38.889765 7f90f4c8e700          Options.level0_slowdown_writes_trigger: 20
2018/11/18-00:43:38.889766 7f90f4c8e700              Options.level0_stop_writes_trigger: 36
2018/11/18-00:43:38.889767 7f90f4c8e700                   Options.target_file_size_base: 67108864
2018/11/18-00:43:38.889768 7f90f4c8e700             Options.target_file_size_multiplier: 1
2018/11/18-00:43:38.889769 7f90f4c8e700                Options.max_bytes_for_level_base: 536870912
2018/11/18-00:43:38.889770 7f90f4c8e700 Options.level_compaction_dynamic_level_bytes: 0
2018/11/18-00:43:38.889771 7f90f4c8e700          Options.max_bytes_for_level_multiplier: 10.000000
2018/11/18-00:43:38.889774 7f90f4c8e700 Options.max_bytes_for_level_multiplier_addtl[0]: 1
2018/11/18-00:43:38.889775 7f90f4c8e700 Options.max_bytes_for_level_multiplier_addtl[1]: 1
2018/11/18-00:43:38.889776 7f90f4c8e700 Options.max_bytes_for_level_multiplier_addtl[2]: 1
2018/11/18-00:43:38.889777 7f90f4c8e700 Options.max_bytes_for_level_multiplier_addtl[3]: 1
2018/11/18-00:43:38.889778 7f90f4c8e700 Options.max_bytes_for_level_multiplier_addtl[4]: 1
2018/11/18-00:43:38.889779 7f90f4c8e700 Options.max_bytes_for_level_multiplier_addtl[5]: 1
2018/11/18-00:43:38.889779 7f90f4c8e700 Options.max_bytes_for_level_multiplier_addtl[6]: 1
2018/11/18-00:43:38.889780 7f90f4c8e700       Options.max_sequential_skip_in_iterations: 8
2018/11/18-00:43:38.889789 7f90f4c8e700                    Options.max_compaction_bytes: 1677721600
2018/11/18-00:43:38.889790 7f90f4c8e700                        Options.arena_block_size: 16777216
2018/11/18-00:43:38.889791 7f90f4c8e700   Options.soft_pending_compaction_bytes_limit: 68719476736
2018/11/18-00:43:38.889792 7f90f4c8e700   Options.hard_pending_compaction_bytes_limit: 274877906944
2018/11/18-00:43:38.889793 7f90f4c8e700       Options.rate_limit_delay_max_milliseconds: 100
2018/11/18-00:43:38.889794 7f90f4c8e700                Options.disable_auto_compactions: 0
2018/11/18-00:43:38.889796 7f90f4c8e700                        Options.compaction_style: kCompactionStyleLevel
2018/11/18-00:43:38.889798 7f90f4c8e700                          Options.compaction_pri: kByCompensatedSize
2018/11/18-00:43:38.889799 7f90f4c8e700 Options.compaction_options_universal.size_ratio: 1
2018/11/18-00:43:38.889800 7f90f4c8e700 Options.compaction_options_universal.min_merge_width: 2
2018/11/18-00:43:38.889801 7f90f4c8e700 Options.compaction_options_universal.max_merge_width: 4294967295
2018/11/18-00:43:38.889801 7f90f4c8e700 Options.compaction_options_universal.max_size_amplification_percent: 200
2018/11/18-00:43:38.889802 7f90f4c8e700 Options.compaction_options_universal.compression_size_percent: -1
2018/11/18-00:43:38.889804 7f90f4c8e700 Options.compaction_options_universal.stop_style: kCompactionStopStyleTotalSize
2018/11/18-00:43:38.889805 7f90f4c8e700 Options.compaction_options_fifo.max_table_files_size: 1073741824
2018/11/18-00:43:38.889806 7f90f4c8e700 Options.compaction_options_fifo.allow_compaction: 0
2018/11/18-00:43:38.889807 7f90f4c8e700 Options.compaction_options_fifo.ttl: 0
2018/11/18-00:43:38.889808 7f90f4c8e700                   Options.table_properties_collectors: 
2018/11/18-00:43:38.889809 7f90f4c8e700                   Options.inplace_update_support: 0
2018/11/18-00:43:38.889810 7f90f4c8e700                 Options.inplace_update_num_locks: 10000
2018/11/18-00:43:38.889811 7f90f4c8e700               Options.memtable_prefix_bloom_size_ratio: 0.000000
2018/11/18-00:43:38.889813 7f90f4c8e700   Options.memtable_huge_page_size: 0
2018/11/18-00:43:38.889814 7f90f4c8e700                           Options.bloom_locality: 0
2018/11/18-00:43:38.889815 7f90f4c8e700                    Options.max_successive_merges: 0
2018/11/18-00:43:38.889815 7f90f4c8e700                Options.optimize_filters_for_hits: 0
2018/11/18-00:43:38.889816 7f90f4c8e700                Options.paranoid_file_checks: 0
2018/11/18-00:43:38.889817 7f90f4c8e700                Options.force_consistency_checks: 0
2018/11/18-00:43:38.889818 7f90f4c8e700                Options.report_bg_io_stats: 0
2018/11/18-00:43:38.889819 7f90f4c8e700                               Options.ttl: 0
2018/11/18-00:43:38.890119 7f90f4c8e700 [db/column_family.cc:475] --------------- Options for column family [usertable]:
2018/11/18-00:43:38.890122 7f90f4c8e700               Options.comparator: leveldb.BytewiseComparator
2018/11/18-00:43:38.890123 7f90f4c8e700           Options.merge_operator: None
2018/11/18-00:43:38.890124 7f90f4c8e700        Options.compaction_filter: None
2018/11/18-00:43:38.890125 7f90f4c8e700        Options.compaction_filter_factory: None
2018/11/18-00:43:38.890126 7f90f4c8e700         Options.memtable_factory: SkipListFactory
2018/11/18-00:43:38.890127 7f90f4c8e700            Options.table_factory: BlockBasedTable
2018/11/18-00:43:38.890151 7f90f4c8e700            table_factory options:   flush_block_policy_factory: FlushBlockBySizePolicyFactory (0x7f906037cb60)
  cache_index_and_filter_blocks: 0
  cache_index_and_filter_blocks_with_high_priority: 0
  pin_l0_filter_and_index_blocks_in_cache: 0
  index_type: 0
  hash_index_allow_collision: 1
  checksum: 1
  no_block_cache: 0
  block_cache: 0x7f90603885b0
  block_cache_name: LRUCache
  block_cache_options:
    capacity : 8388608
    num_shard_bits : 4
    strict_capacity_limit : 0
    high_pri_pool_ratio: 0.000
  block_cache_compressed: (nil)
  persistent_cache: (nil)
  block_size: 8192
  block_size_deviation: 10
  block_restart_interval: 16
  index_block_restart_interval: 1
  metadata_block_size: 4096
  partition_filters: 0
  use_delta_encoding: 1
  filter_policy: nullptr
  whole_key_filtering: 1
  verify_compression: 0
  read_amp_bytes_per_bit: 0
  format_version: 2
  enable_index_compression: 1
  block_align: 0
2018/11/18-00:43:38.890162 7f90f4c8e700        Options.write_buffer_size: 134217728
2018/11/18-00:43:38.890164 7f90f4c8e700  Options.max_write_buffer_number: 24
2018/11/18-00:43:38.890165 7f90f4c8e700        Options.compression[0]: NoCompression
2018/11/18-00:43:38.890166 7f90f4c8e700        Options.compression[1]: NoCompression
2018/11/18-00:43:38.890167 7f90f4c8e700        Options.compression[2]: LZ4
2018/11/18-00:43:38.890168 7f90f4c8e700        Options.compression[3]: LZ4
2018/11/18-00:43:38.890169 7f90f4c8e700        Options.compression[4]: LZ4
2018/11/18-00:43:38.890170 7f90f4c8e700        Options.compression[5]: LZ4
2018/11/18-00:43:38.890170 7f90f4c8e700        Options.compression[6]: LZ4
2018/11/18-00:43:38.890171 7f90f4c8e700                  Options.bottommost_compression: Disabled
2018/11/18-00:43:38.890172 7f90f4c8e700       Options.prefix_extractor: nullptr
2018/11/18-00:43:38.890173 7f90f4c8e700   Options.memtable_insert_with_hint_prefix_extractor: nullptr
2018/11/18-00:43:38.890174 7f90f4c8e700             Options.num_levels: 7
2018/11/18-00:43:38.890175 7f90f4c8e700        Options.min_write_buffer_number_to_merge: 2
2018/11/18-00:43:38.890176 7f90f4c8e700     Options.max_write_buffer_number_to_maintain: 0
2018/11/18-00:43:38.890177 7f90f4c8e700            Options.compression_opts.window_bits: -14
2018/11/18-00:43:38.890177 7f90f4c8e700                  Options.compression_opts.level: -1
2018/11/18-00:43:38.890178 7f90f4c8e700               Options.compression_opts.strategy: 0
2018/11/18-00:43:38.890179 7f90f4c8e700         Options.compression_opts.max_dict_bytes: 0
2018/11/18-00:43:38.890180 7f90f4c8e700         Options.compression_opts.zstd_max_train_bytes: 0
2018/11/18-00:43:38.890181 7f90f4c8e700      Options.level0_file_num_compaction_trigger: 2
2018/11/18-00:43:38.890182 7f90f4c8e700          Options.level0_slowdown_writes_trigger: 20
2018/11/18-00:43:38.890183 7f90f4c8e700              Options.level0_stop_writes_trigger: 36
2018/11/18-00:43:38.890183 7f90f4c8e700                   Options.target_file_size_base: 67108864
2018/11/18-00:43:38.890184 7f90f4c8e700             Options.target_file_size_multiplier: 1
2018/11/18-00:43:38.890185 7f90f4c8e700                Options.max_bytes_for_level_base: 536870912
2018/11/18-00:43:38.890186 7f90f4c8e700 Options.level_compaction_dynamic_level_bytes: 0
2018/11/18-00:43:38.890187 7f90f4c8e700          Options.max_bytes_for_level_multiplier: 10.000000
2018/11/18-00:43:38.890189 7f90f4c8e700 Options.max_bytes_for_level_multiplier_addtl[0]: 1
2018/11/18-00:43:38.890190 7f90f4c8e700 Options.max_bytes_for_level_multiplier_addtl[1]: 1
2018/11/18-00:43:38.890191 7f90f4c8e700 Options.max_bytes_for_level_multiplier_addtl[2]: 1
2018/11/18-00:43:38.890192 7f90f4c8e700 Options.max_bytes_for_level_multiplier_addtl[3]: 1
2018/11/18-00:43:38.890192 7f90f4c8e700 Options.max_bytes_for_level_multiplier_addtl[4]: 1
2018/11/18-00:43:38.890193 7f90f4c8e700 Options.max_bytes_for_level_multiplier_addtl[5]: 1
2018/11/18-00:43:38.890194 7f90f4c8e700 Options.max_bytes_for_level_multiplier_addtl[6]: 1
2018/11/18-00:43:38.890195 7f90f4c8e700       Options.max_sequential_skip_in_iterations: 8
2018/11/18-00:43:38.890196 7f90f4c8e700                    Options.max_compaction_bytes: 1677721600
2018/11/18-00:43:38.890197 7f90f4c8e700                        Options.arena_block_size: 16777216
2018/11/18-00:43:38.890198 7f90f4c8e700   Options.soft_pending_compaction_bytes_limit: 68719476736
2018/11/18-00:43:38.890199 7f90f4c8e700   Options.hard_pending_compaction_bytes_limit: 274877906944
2018/11/18-00:43:38.890199 7f90f4c8e700       Options.rate_limit_delay_max_milliseconds: 100
2018/11/18-00:43:38.890200 7f90f4c8e700                Options.disable_auto_compactions: 0
2018/11/18-00:43:38.890208 7f90f4c8e700                        Options.compaction_style: kCompactionStyleLevel
2018/11/18-00:43:38.890209 7f90f4c8e700                          Options.compaction_pri: kByCompensatedSize
2018/11/18-00:43:38.890210 7f90f4c8e700 Options.compaction_options_universal.size_ratio: 1
2018/11/18-00:43:38.890211 7f90f4c8e700 Options.compaction_options_universal.min_merge_width: 2
2018/11/18-00:43:38.890212 7f90f4c8e700 Options.compaction_options_universal.max_merge_width: 4294967295
2018/11/18-00:43:38.890213 7f90f4c8e700 Options.compaction_options_universal.max_size_amplification_percent: 200
2018/11/18-00:43:38.890214 7f90f4c8e700 Options.compaction_options_universal.compression_size_percent: -1
2018/11/18-00:43:38.890215 7f90f4c8e700 Options.compaction_options_universal.stop_style: kCompactionStopStyleTotalSize
2018/11/18-00:43:38.890216 7f90f4c8e700 Options.compaction_options_fifo.max_table_files_size: 1073741824
2018/11/18-00:43:38.890217 7f90f4c8e700 Options.compaction_options_fifo.allow_compaction: 0
2018/11/18-00:43:38.890217 7f90f4c8e700 Options.compaction_options_fifo.ttl: 0
2018/11/18-00:43:38.890218 7f90f4c8e700                   Options.table_properties_collectors: 
2018/11/18-00:43:38.890219 7f90f4c8e700                   Options.inplace_update_support: 0
2018/11/18-00:43:38.890220 7f90f4c8e700                 Options.inplace_update_num_locks: 10000
2018/11/18-00:43:38.890221 7f90f4c8e700               Options.memtable_prefix_bloom_size_ratio: 0.000000
2018/11/18-00:43:38.890223 7f90f4c8e700   Options.memtable_huge_page_size: 0
2018/11/18-00:43:38.890223 7f90f4c8e700                           Options.bloom_locality: 0
2018/11/18-00:43:38.890224 7f90f4c8e700                    Options.max_successive_merges: 0
2018/11/18-00:43:38.890225 7f90f4c8e700                Options.optimize_filters_for_hits: 0
2018/11/18-00:43:38.890226 7f90f4c8e700                Options.paranoid_file_checks: 0
2018/11/18-00:43:38.890227 7f90f4c8e700                Options.force_consistency_checks: 0
2018/11/18-00:43:38.890228 7f90f4c8e700                Options.report_bg_io_stats: 0
2018/11/18-00:43:38.890228 7f90f4c8e700                               Options.ttl: 0
2018/11/18-00:43:39.074742 7f90f4c8e700 [db/version_set.cc:3361] Recovered from manifest file:/mnt/sdb/ycsb-rocksdb-data/MANIFEST-000004 succeeded,manifest_file_number is 4, next_file_number is 347, last_sequence is 3916859, log_number is 0,prev_log_number is 0,max_column_family is 1,min_log_number_to_keep is 0
2018/11/18-00:43:39.074753 7f90f4c8e700 [db/version_set.cc:3369] Column family [default] (ID 0), log number is 0
2018/11/18-00:43:39.074755 7f90f4c8e700 [db/version_set.cc:3369] Column family [usertable] (ID 1), log number is 294
2018/11/18-00:43:39.075233 7f90f4c8e700 EVENT_LOG_v1 {"time_micros": 1542530619075217, "job": 1, "event": "recovery_started", "log_files": [294, 335, 336, 339, 343, 345]}
2018/11/18-00:43:39.075240 7f90f4c8e700 [db/db_impl_open.cc:551] Recovering log #294 mode 2
2018/11/18-00:43:39.932723 7f90f4c8e700 EVENT_LOG_v1 {"time_micros": 1542530619932700, "cf_name": "usertable", "job": 1, "event": "table_file_creation", "file_number": 347, "file_size": 129907745, "table_properties": {"data_size": 129330264, "index_size": 576559, "filter_size": 0, "raw_key_size": 752832, "raw_average_key_size": 24, "raw_value_size": 128483328, "raw_average_value_size": 4096, "num_data_blocks": 15684, "num_entries": 31368, "filter_policy_name": "", "kDeletedKeys": "0", "kMergeOperands": "0"}}
2018/11/18-00:43:39.939325 7f90f4c8e700 [db/db_impl_open.cc:551] Recovering log #335 mode 2
2018/11/18-00:43:41.901011 7f90f4c8e700 EVENT_LOG_v1 {"time_micros": 1542530621900987, "cf_name": "usertable", "job": 1, "event": "table_file_creation", "file_number": 348, "file_size": 129920202, "table_properties": {"data_size": 129342647, "index_size": 576633, "filter_size": 0, "raw_key_size": 752904, "raw_average_key_size": 24, "raw_value_size": 128495616, "raw_average_value_size": 4096, "num_data_blocks": 15686, "num_entries": 31371, "filter_policy_name": "", "kDeletedKeys": "0", "kMergeOperands": "0"}}
2018/11/18-00:43:41.901274 7f90f4c8e700 [db/db_impl_open.cc:551] Recovering log #336 mode 2
2018/11/18-00:43:42.625568 7f90f4c8e700 [db/db_impl_open.cc:551] Recovering log #339 mode 2
2018/11/18-00:43:44.638935 7f90f4c8e700 EVENT_LOG_v1 {"time_micros": 1542530624638913, "cf_name": "usertable", "job": 1, "event": "table_file_creation", "file_number": 349, "file_size": 129922998, "table_properties": {"data_size": 129341995, "index_size": 580081, "filter_size": 0, "raw_key_size": 752880, "raw_average_key_size": 24, "raw_value_size": 128491520, "raw_average_value_size": 4096, "num_data_blocks": 15685, "num_entries": 31370, "filter_policy_name": "", "kDeletedKeys": "0", "kMergeOperands": "0"}}
2018/11/18-00:43:45.091734 7f90f4c8e700 [db/db_impl_open.cc:551] Recovering log #343 mode 2
2018/11/18-00:43:46.957060 7f90f4c8e700 EVENT_LOG_v1 {"time_micros": 1542530626957038, "cf_name": "usertable", "job": 1, "event": "table_file_creation", "file_number": 350, "file_size": 129922999, "table_properties": {"data_size": 129341996, "index_size": 580081, "filter_size": 0, "raw_key_size": 752880, "raw_average_key_size": 24, "raw_value_size": 128491520, "raw_average_value_size": 4096, "num_data_blocks": 15685, "num_entries": 31370, "filter_policy_name": "", "kDeletedKeys": "0", "kMergeOperands": "0"}}
2018/11/18-00:43:47.160498 7f90f4c8e700 [db/db_impl_open.cc:551] Recovering log #345 mode 2
2018/11/18-00:43:47.280564 7f90f4c8e700 [db/version_set.cc:2847] Creating manifest 351
2018/11/18-00:43:47.764996 7f90f4c8e700 EVENT_LOG_v1 {"time_micros": 1542530627764970, "cf_name": "usertable", "job": 1, "event": "table_file_creation", "file_number": 352, "file_size": 114474789, "table_properties": {"data_size": 113962791, "index_size": 511076, "filter_size": 0, "raw_key_size": 663360, "raw_average_key_size": 24, "raw_value_size": 113213440, "raw_average_value_size": 4096, "num_data_blocks": 13820, "num_entries": 27640, "filter_policy_name": "", "kDeletedKeys": "0", "kMergeOperands": "0"}}
2018/11/18-00:43:47.793960 7f90f4c8e700 EVENT_LOG_v1 {"time_micros": 1542530627793956, "job": 1, "event": "recovery_finished"}
2018/11/18-00:43:47.794136 7f90f4c8e700 [db/column_family.cc:837] [usertable] Increasing compaction threads because we have 15 level-0 files 
2018/11/18-00:43:47.888294 7f90f4c8e700 [db/db_impl_open.cc:1219] DB pointer 0x7f90603caaa0
2018/11/18-00:43:47.888597 7f8fcb7fe700 [WARN] [db/db_impl.cc:491] ------- DUMPING STATS -------
2018/11/18-00:43:47.888645 7f8fcb7fe700 [WARN] [db/db_impl.cc:492] 
** DB Stats **
Uptime(secs): 9.0 total, 9.0 interval
Cumulative writes: 0 writes, 0 keys, 0 commit groups, 0.0 writes per commit group, ingest: 0.00 GB, 0.00 MB/s
Cumulative WAL: 0 writes, 0 syncs, 0.00 writes per sync, written: 0.00 GB, 0.00 MB/s
Cumulative stall: 00:00:0.000 H:M:S, 0.0 percent
Interval writes: 0 writes, 0 keys, 0 commit groups, 0.0 writes per commit group, ingest: 0.00 MB, 0.00 MB/s
Interval WAL: 0 writes, 0 syncs, 0.00 writes per sync, written: 0.00 MB, 0.00 MB/s
Interval stall: 00:00:0.000 H:M:S, 0.0 percent

** Compaction Stats [default] **
Level    Files   Size     Score Read(GB)  Rn(GB) Rnp1(GB) Write(GB) Wnew(GB) Moved(GB) W-Amp Rd(MB/s) Wr(MB/s) Comp(sec) Comp(cnt) Avg(sec) KeyIn KeyDrop
----------------------------------------------------------------------------------------------------------------------------------------------------------
 Sum      0/0    0.00 KB   0.0      0.0     0.0      0.0       0.0      0.0       0.0   0.0      0.0      0.0         0         0    0.000       0      0
 Int      0/0    0.00 KB   0.0      0.0     0.0      0.0       0.0      0.0       0.0   0.0      0.0      0.0         0         0    0.000       0      0
Uptime(secs): 9.0 total, 9.0 interval
Flush(GB): cumulative 0.000, interval 0.000
AddFile(GB): cumulative 0.000, interval 0.000
AddFile(Total Files): cumulative 0, interval 0
AddFile(L0 Files): cumulative 0, interval 0
AddFile(Keys): cumulative 0, interval 0
Cumulative compaction: 0.00 GB write, 0.00 MB/s write, 0.00 GB read, 0.00 MB/s read, 0.0 seconds
Interval compaction: 0.00 GB write, 0.00 MB/s write, 0.00 GB read, 0.00 MB/s read, 0.0 seconds
Stalls(count): 0 level0_slowdown, 0 level0_slowdown_with_compaction, 0 level0_numfiles, 0 level0_numfiles_with_compaction, 0 stop for pending_compaction_bytes, 0 slowdown for pending_compaction_bytes, 0 memtable_compaction, 0 memtable_slowdown, interval 0 total count

** File Read Latency Histogram By Level [default] **

** Compaction Stats [usertable] **
Level    Files   Size     Score Read(GB)  Rn(GB) Rnp1(GB) Write(GB) Wnew(GB) Moved(GB) W-Amp Rd(MB/s) Wr(MB/s) Comp(sec) Comp(cnt) Avg(sec) KeyIn KeyDrop
----------------------------------------------------------------------------------------------------------------------------------------------------------
  L0     15/0    7.38 GB  14.8      0.0     0.0      0.0       0.6      0.6       0.0   1.0      0.0    100.3         6         5    1.206       0      0
  L1      9/0    1.90 GB   3.8      0.0     0.0      0.0       0.0      0.0       0.0   0.0      0.0      0.0         0         0    0.000       0      0
  L2     97/0    5.82 GB   1.2      0.0     0.0      0.0       0.0      0.0       0.0   0.0      0.0      0.0         0         0    0.000       0      0
 Sum    121/0   15.09 GB   0.0      0.0     0.0      0.0       0.6      0.6       0.0   1.0      0.0    100.3         6         5    1.206       0      0
 Int      0/0    0.00 KB   0.0      0.0     0.0      0.0       0.6      0.6       0.0   1.0      0.0    100.3         6         5    1.206       0      0
Uptime(secs): 9.0 total, 9.0 interval
Flush(GB): cumulative 0.591, interval 0.591
AddFile(GB): cumulative 0.000, interval 0.000
AddFile(Total Files): cumulative 0, interval 0
AddFile(L0 Files): cumulative 0, interval 0
AddFile(Keys): cumulative 0, interval 0
Cumulative compaction: 0.59 GB write, 67.21 MB/s write, 0.00 GB read, 0.00 MB/s read, 6.0 seconds
Interval compaction: 0.59 GB write, 67.21 MB/s write, 0.00 GB read, 0.00 MB/s read, 6.0 seconds
Stalls(count): 0 level0_slowdown, 0 level0_slowdown_with_compaction, 0 level0_numfiles, 0 level0_numfiles_with_compaction, 0 stop for pending_compaction_bytes, 0 slowdown for pending_compaction_bytes, 0 memtable_compaction, 0 memtable_slowdown, interval 0 total count

** File Read Latency Histogram By Level [usertable] **

** Compaction Stats [default] **
Level    Files   Size     Score Read(GB)  Rn(GB) Rnp1(GB) Write(GB) Wnew(GB) Moved(GB) W-Amp Rd(MB/s) Wr(MB/s) Comp(sec) Comp(cnt) Avg(sec) KeyIn KeyDrop
----------------------------------------------------------------------------------------------------------------------------------------------------------
 Sum      0/0    0.00 KB   0.0      0.0     0.0      0.0       0.0      0.0       0.0   0.0      0.0      0.0         0         0    0.000       0      0
 Int      0/0    0.00 KB   0.0      0.0     0.0      0.0       0.0      0.0       0.0   0.0      0.0      0.0         0         0    0.000       0      0
Uptime(secs): 9.0 total, 0.0 interval
Flush(GB): cumulative 0.000, interval 0.000
AddFile(GB): cumulative 0.000, interval 0.000
AddFile(Total Files): cumulative 0, interval 0
AddFile(L0 Files): cumulative 0, interval 0
AddFile(Keys): cumulative 0, interval 0
Cumulative compaction: 0.00 GB write, 0.00 MB/s write, 0.00 GB read, 0.00 MB/s read, 0.0 seconds
Interval compaction: 0.00 GB write, 0.00 MB/s write, 0.00 GB read, 0.00 MB/s read, 0.0 seconds
Stalls(count): 0 level0_slowdown, 0 level0_slowdown_with_compaction, 0 level0_numfiles, 0 level0_numfiles_with_compaction, 0 stop for pending_compaction_bytes, 0 slowdown for pending_compaction_bytes, 0 memtable_compaction, 0 memtable_slowdown, interval 0 total count

** File Read Latency Histogram By Level [default] **

** Compaction Stats [usertable] **
Level    Files   Size     Score Read(GB)  Rn(GB) Rnp1(GB) Write(GB) Wnew(GB) Moved(GB) W-Amp Rd(MB/s) Wr(MB/s) Comp(sec) Comp(cnt) Avg(sec) KeyIn KeyDrop
----------------------------------------------------------------------------------------------------------------------------------------------------------
  L0     15/0    7.38 GB  14.8      0.0     0.0      0.0       0.6      0.6       0.0   1.0      0.0    100.3         6         5    1.206       0      0
  L1      9/0    1.90 GB   3.8      0.0     0.0      0.0       0.0      0.0       0.0   0.0      0.0      0.0         0         0    0.000       0      0
  L2     97/0    5.82 GB   1.2      0.0     0.0      0.0       0.0      0.0       0.0   0.0      0.0      0.0         0         0    0.000       0      0
 Sum    121/0   15.09 GB   0.0      0.0     0.0      0.0       0.6      0.6       0.0   1.0      0.0    100.3         6         5    1.206       0      0
 Int      0/0    0.00 KB   0.0      0.0     0.0      0.0       0.0      0.0       0.0   0.0      0.0      0.0         0         0    0.000       0      0
Uptime(secs): 9.0 total, 0.0 interval
Flush(GB): cumulative 0.591, interval 0.000
AddFile(GB): cumulative 0.000, interval 0.000
AddFile(Total Files): cumulative 0, interval 0
AddFile(L0 Files): cumulative 0, interval 0
AddFile(Keys): cumulative 0, interval 0
Cumulative compaction: 0.59 GB write, 67.21 MB/s write, 0.00 GB read, 0.00 MB/s read, 6.0 seconds
Interval compaction: 0.00 GB write, 0.00 MB/s write, 0.00 GB read, 0.00 MB/s read, 0.0 seconds
Stalls(count): 0 level0_slowdown, 0 level0_slowdown_with_compaction, 0 level0_numfiles, 0 level0_numfiles_with_compaction, 0 stop for pending_compaction_bytes, 0 slowdown for pending_compaction_bytes, 0 memtable_compaction, 0 memtable_slowdown, interval 0 total count

** File Read Latency Histogram By Level [usertable] **
2018/11/18-00:43:47.888800 7f8fcb7fe700 [db/compaction_job.cc:1531] [usertable] [JOB 3] Compacting 1@0 files to L1, score 14.76
2018/11/18-00:43:47.888809 7f8fcb7fe700 [db/compaction_job.cc:1535] [usertable] Compaction start summary: Base version 5 Base level 0, inputs: [230(1178MB)]
2018/11/18-00:43:47.888842 7f8fcb7fe700 EVENT_LOG_v1 {"time_micros": 1542530627888819, "job": 3, "event": "compaction_started", "compaction_reason": "LevelL0FilesNum", "files_L0": [230], "score": 14.7616, "input_data_size": 1236230823}
2018/11/18-00:43:47.888846 7f90e7688700 [db/compaction_job.cc:1531] [usertable] [JOB 4] Compacting 5@0 files to L0, score 12.46
2018/11/18-00:43:47.888864 7f90e7688700 [db/compaction_job.cc:1535] [usertable] Compaction start summary: Base version 5 Base level 0, inputs: [352(109MB) 350(123MB) 349(123MB) 348(123MB) 347(123MB)]
2018/11/18-00:43:47.888890 7f90e7688700 EVENT_LOG_v1 {"time_micros": 1542530627888876, "job": 4, "event": "compaction_started", "compaction_reason": "LevelL0FilesNum", "files_L0": [352, 350, 349, 348, 347], "score": 12.4589, "input_data_size": 634148733}
2018/11/18-00:43:47.889446 7f8ff37fe700 (Original Log Time 2018/11/18-00:43:47.889435) [db/db_impl_compaction_flush.cc:1781] Compaction nothing to do
2018/11/18-00:43:48.078651 7f90e6e87700 [db/column_family.cc:837] [usertable] Increasing compaction threads because we have 15 level-0 files 
2018/11/18-00:43:48.078801 7f90e6e87700 (Original Log Time 2018/11/18-00:43:47.888917) [db/db_impl_compaction_flush.cc:1835] [usertable] Moving #272 to level-3 67233585 bytes
2018/11/18-00:43:48.078804 7f90e6e87700 (Original Log Time 2018/11/18-00:43:48.078749) EVENT_LOG_v1 {"time_micros": 1542530628078737, "job": 5, "event": "trivial_move", "destination_level": 3, "files": 1, "total_files_size": 67233585}
2018/11/18-00:43:48.078806 7f90e6e87700 (Original Log Time 2018/11/18-00:43:48.078763) [db/db_impl_compaction_flush.cc:1864] [usertable] Moved #1 files to level-3 67233585 bytes OK: base level 1 max bytes base 536870912 files[15 9 96 1 0 0 0] max score 11.28
2018/11/18-00:43:48.078901 7f8ff2ffd700 (Original Log Time 2018/11/18-00:43:48.078883) [db/db_impl_compaction_flush.cc:1781] Compaction nothing to do
2018/11/18-00:43:50.344352 7f90e6686700 [db/column_family.cc:837] [usertable] Increasing compaction threads because we have 15 level-0 files 
2018/11/18-00:43:50.344450 7f90e6686700 (Original Log Time 2018/11/18-00:43:47.888983) [db/db_impl_compaction_flush.cc:1835] [usertable] Moving #200 to level-3 67233584 bytes
2018/11/18-00:43:50.344453 7f90e6686700 (Original Log Time 2018/11/18-00:43:50.344407) EVENT_LOG_v1 {"time_micros": 1542530630344397, "job": 6, "event": "trivial_move", "destination_level": 3, "files": 1, "total_files_size": 67233584}
2018/11/18-00:43:50.344455 7f90e6686700 (Original Log Time 2018/11/18-00:43:50.344419) [db/db_impl_compaction_flush.cc:1864] [usertable] Moved #1 files to level-3 67233584 bytes OK: base level 1 max bytes base 536870912 files[15 9 83 14 0 0 0] max score 11.28
2018/11/18-00:43:50.344458 7f90e4e83700 [db/column_family.cc:837] [usertable] Increasing compaction threads because we have 15 level-0 files 
2018/11/18-00:43:50.344508 7f90e4e83700 (Original Log Time 2018/11/18-00:43:47.889113) [db/db_impl_compaction_flush.cc:1835] [usertable] Moving #184 to level-3 67233576 bytes
2018/11/18-00:43:50.344511 7f90e4e83700 (Original Log Time 2018/11/18-00:43:50.344483) EVENT_LOG_v1 {"time_micros": 1542530630344479, "job": 9, "event": "trivial_move", "destination_level": 3, "files": 1, "total_files_size": 67233576}
2018/11/18-00:43:50.344513 7f90e4e83700 (Original Log Time 2018/11/18-00:43:50.344490) [db/db_impl_compaction_flush.cc:1864] [usertable] Moved #1 files to level-3 67233576 bytes OK: base level 1 max bytes base 536870912 files[15 9 83 14 0 0 0] max score 11.28
2018/11/18-00:43:50.344515 7f90deffd700 [db/column_family.cc:837] [usertable] Increasing compaction threads because we have 15 level-0 files 
2018/11/18-00:43:50.344564 7f90deffd700 (Original Log Time 2018/11/18-00:43:47.889227) [db/db_impl_compaction_flush.cc:1835] [usertable] Moving #159 to level-3 67233570 bytes
2018/11/18-00:43:50.344567 7f90deffd700 (Original Log Time 2018/11/18-00:43:50.344540) EVENT_LOG_v1 {"time_micros": 1542530630344536, "job": 12, "event": "trivial_move", "destination_level": 3, "files": 1, "total_files_size": 67233570}
2018/11/18-00:43:50.344569 7f90deffd700 (Original Log Time 2018/11/18-00:43:50.344546) [db/db_impl_compaction_flush.cc:1864] [usertable] Moved #1 files to level-3 67233570 bytes OK: base level 1 max bytes base 536870912 files[15 9 83 14 0 0 0] max score 11.28
2018/11/18-00:43:50.344572 7f90df7fe700 [db/column_family.cc:837] [usertable] Increasing compaction threads because we have 15 level-0 files 
2018/11/18-00:43:50.344622 7f90df7fe700 (Original Log Time 2018/11/18-00:43:47.889198) [db/db_impl_compaction_flush.cc:1835] [usertable] Moving #193 to level-3 67233573 bytes
2018/11/18-00:43:50.344626 7f90df7fe700 (Original Log Time 2018/11/18-00:43:50.344598) EVENT_LOG_v1 {"time_micros": 1542530630344594, "job": 11, "event": "trivial_move", "destination_level": 3, "files": 1, "total_files_size": 67233573}
2018/11/18-00:43:50.344629 7f90df7fe700 (Original Log Time 2018/11/18-00:43:50.344604) [db/db_impl_compaction_flush.cc:1864] [usertable] Moved #1 files to level-3 67233573 bytes OK: base level 1 max bytes base 536870912 files[15 9 83 14 0 0 0] max score 11.28
