2018/11/17-21:59:03.034940 7f45ea3f9700 RocksDB version: 5.14.3
2018/11/17-21:59:03.035018 7f45ea3f9700 Git sha rocksdb_build_git_sha:
2018/11/17-21:59:03.035021 7f45ea3f9700 Compile date Oct 15 2018
2018/11/17-21:59:03.035025 7f45ea3f9700 DB SUMMARY
2018/11/17-21:59:03.036217 7f45ea3f9700 CURRENT file:  CURRENT
2018/11/17-21:59:03.036221 7f45ea3f9700 IDENTITY file:  IDENTITY
2018/11/17-21:59:03.036227 7f45ea3f9700 MANIFEST file:  MANIFEST-000004 size: 6491 Bytes
2018/11/17-21:59:03.036230 7f45ea3f9700 SST files in /mnt/sdb/ycsb-rocksdb-data dir, Total Num: 17, files: 000046.sst 000050.sst 000051.sst 000057.sst 000062.sst 000065.sst 000066.sst 000073.sst 000081.sst 
2018/11/17-21:59:03.036241 7f45ea3f9700 Write Ahead Log file in /mnt/sdb/ycsb-rocksdb-data: 000189.log size: 129351498 ; 000191.log size: 129321938 ; 000195.log size: 118841251 ; 000199.log size: 126314264 ; 000200.log size: 129368670 ; 000202.log size: 126959244 ; 000203.log size: 128085051 ; 000205.log size: 129353322 ; 000206.log size: 127493312 ; 000208.log size: 129197540 ; 000209.log size: 128877242 ; 000211.log size: 129367036 ; 000212.log size: 129354389 ; 000214.log size: 129366617 ; 000215.log size: 129363883 ; 000217.log size: 59972590 ; 
2018/11/17-21:59:03.036247 7f45ea3f9700                         Options.error_if_exists: 0
2018/11/17-21:59:03.036248 7f45ea3f9700                       Options.create_if_missing: 1
2018/11/17-21:59:03.036249 7f45ea3f9700                         Options.paranoid_checks: 1
2018/11/17-21:59:03.036250 7f45ea3f9700                                     Options.env: 0x7f45e8fc83e0
2018/11/17-21:59:03.036251 7f45ea3f9700                                Options.info_log: 0x7f45703d5b60
2018/11/17-21:59:03.036252 7f45ea3f9700                Options.max_file_opening_threads: 16
2018/11/17-21:59:03.036253 7f45ea3f9700                              Options.statistics: (nil)
2018/11/17-21:59:03.036254 7f45ea3f9700                               Options.use_fsync: 0
2018/11/17-21:59:03.036255 7f45ea3f9700                       Options.max_log_file_size: 0
2018/11/17-21:59:03.036256 7f45ea3f9700                  Options.max_manifest_file_size: 18446744073709551615
2018/11/17-21:59:03.036257 7f45ea3f9700                   Options.log_file_time_to_roll: 0
2018/11/17-21:59:03.036258 7f45ea3f9700                       Options.keep_log_file_num: 1000
2018/11/17-21:59:03.036259 7f45ea3f9700                    Options.recycle_log_file_num: 0
2018/11/17-21:59:03.036260 7f45ea3f9700                         Options.allow_fallocate: 1
2018/11/17-21:59:03.036260 7f45ea3f9700                        Options.allow_mmap_reads: 0
2018/11/17-21:59:03.036261 7f45ea3f9700                       Options.allow_mmap_writes: 0
2018/11/17-21:59:03.036262 7f45ea3f9700                        Options.use_direct_reads: 0
2018/11/17-21:59:03.036263 7f45ea3f9700                        Options.use_direct_io_for_flush_and_compaction: 0
2018/11/17-21:59:03.036264 7f45ea3f9700          Options.create_missing_column_families: 1
2018/11/17-21:59:03.036265 7f45ea3f9700                              Options.db_log_dir: 
2018/11/17-21:59:03.036266 7f45ea3f9700                                 Options.wal_dir: /mnt/sdb/ycsb-rocksdb-data
2018/11/17-21:59:03.036267 7f45ea3f9700                Options.table_cache_numshardbits: 6
2018/11/17-21:59:03.036267 7f45ea3f9700                      Options.max_subcompactions: 4
2018/11/17-21:59:03.036268 7f45ea3f9700                  Options.max_background_flushes: 24
2018/11/17-21:59:03.036269 7f45ea3f9700                         Options.WAL_ttl_seconds: 0
2018/11/17-21:59:03.036270 7f45ea3f9700                       Options.WAL_size_limit_MB: 0
2018/11/17-21:59:03.036271 7f45ea3f9700             Options.manifest_preallocation_size: 4194304
2018/11/17-21:59:03.036272 7f45ea3f9700                     Options.is_fd_close_on_exec: 1
2018/11/17-21:59:03.036272 7f45ea3f9700                   Options.advise_random_on_open: 1
2018/11/17-21:59:03.036273 7f45ea3f9700                    Options.db_write_buffer_size: 0
2018/11/17-21:59:03.036274 7f45ea3f9700                    Options.write_buffer_manager: 0x7f45703d04d0
2018/11/17-21:59:03.036288 7f45ea3f9700         Options.access_hint_on_compaction_start: 1
2018/11/17-21:59:03.036289 7f45ea3f9700  Options.new_table_reader_for_compaction_inputs: 0
2018/11/17-21:59:03.036290 7f45ea3f9700           Options.random_access_max_buffer_size: 1048576
2018/11/17-21:59:03.036291 7f45ea3f9700                      Options.use_adaptive_mutex: 0
2018/11/17-21:59:03.036292 7f45ea3f9700                            Options.rate_limiter: (nil)
2018/11/17-21:59:03.036294 7f45ea3f9700     Options.sst_file_manager.rate_bytes_per_sec: 0
2018/11/17-21:59:03.036295 7f45ea3f9700                       Options.wal_recovery_mode: 2
2018/11/17-21:59:03.036296 7f45ea3f9700                  Options.enable_thread_tracking: 0
2018/11/17-21:59:03.036297 7f45ea3f9700                  Options.enable_pipelined_write: 1
2018/11/17-21:59:03.036298 7f45ea3f9700         Options.allow_concurrent_memtable_write: 1
2018/11/17-21:59:03.036298 7f45ea3f9700      Options.enable_write_thread_adaptive_yield: 1
2018/11/17-21:59:03.036299 7f45ea3f9700             Options.write_thread_max_yield_usec: 100
2018/11/17-21:59:03.036300 7f45ea3f9700            Options.write_thread_slow_yield_usec: 3
2018/11/17-21:59:03.036301 7f45ea3f9700                               Options.row_cache: None
2018/11/17-21:59:03.036302 7f45ea3f9700                              Options.wal_filter: None
2018/11/17-21:59:03.036303 7f45ea3f9700             Options.avoid_flush_during_recovery: 0
2018/11/17-21:59:03.036304 7f45ea3f9700             Options.allow_ingest_behind: 0
2018/11/17-21:59:03.036304 7f45ea3f9700             Options.preserve_deletes: 0
2018/11/17-21:59:03.036305 7f45ea3f9700             Options.two_write_queues: 0
2018/11/17-21:59:03.036306 7f45ea3f9700             Options.manual_wal_flush: 0
2018/11/17-21:59:03.036308 7f45ea3f9700             Options.max_background_jobs: 24
2018/11/17-21:59:03.036309 7f45ea3f9700             Options.max_background_compactions: 24
2018/11/17-21:59:03.036310 7f45ea3f9700             Options.avoid_flush_during_shutdown: 0
2018/11/17-21:59:03.036311 7f45ea3f9700           Options.writable_file_max_buffer_size: 1048576
2018/11/17-21:59:03.036312 7f45ea3f9700             Options.delayed_write_rate : 16777216
2018/11/17-21:59:03.036313 7f45ea3f9700             Options.max_total_wal_size: 0
2018/11/17-21:59:03.036314 7f45ea3f9700             Options.delete_obsolete_files_period_micros: 21600000000
2018/11/17-21:59:03.036315 7f45ea3f9700                   Options.stats_dump_period_sec: 60
2018/11/17-21:59:03.036316 7f45ea3f9700                          Options.max_open_files: -1
2018/11/17-21:59:03.036317 7f45ea3f9700                          Options.bytes_per_sync: 1048576
2018/11/17-21:59:03.036318 7f45ea3f9700                      Options.wal_bytes_per_sync: 0
2018/11/17-21:59:03.036318 7f45ea3f9700       Options.compaction_readahead_size: 0
2018/11/17-21:59:03.036319 7f45ea3f9700 Compression algorithms supported:
2018/11/17-21:59:03.036321 7f45ea3f9700 	kZSTDNotFinalCompression supported: 1
2018/11/17-21:59:03.036329 7f45ea3f9700 	kZSTD supported: 1
2018/11/17-21:59:03.036331 7f45ea3f9700 	kXpressCompression supported: 0
2018/11/17-21:59:03.036332 7f45ea3f9700 	kLZ4HCCompression supported: 1
2018/11/17-21:59:03.036333 7f45ea3f9700 	kLZ4Compression supported: 1
2018/11/17-21:59:03.036334 7f45ea3f9700 	kBZip2Compression supported: 1
2018/11/17-21:59:03.036335 7f45ea3f9700 	kZlibCompression supported: 1
2018/11/17-21:59:03.036336 7f45ea3f9700 	kSnappyCompression supported: 1
2018/11/17-21:59:03.036340 7f45ea3f9700 Fast CRC32 supported: Supported on x86
2018/11/17-21:59:03.036765 7f45ea3f9700 [db/version_set.cc:3085] Recovering from manifest file: MANIFEST-000004
2018/11/17-21:59:03.036853 7f45ea3f9700 [db/column_family.cc:475] --------------- Options for column family [default]:
2018/11/17-21:59:03.036857 7f45ea3f9700               Options.comparator: leveldb.BytewiseComparator
2018/11/17-21:59:03.036858 7f45ea3f9700           Options.merge_operator: None
2018/11/17-21:59:03.036859 7f45ea3f9700        Options.compaction_filter: None
2018/11/17-21:59:03.036875 7f45ea3f9700        Options.compaction_filter_factory: None
2018/11/17-21:59:03.036876 7f45ea3f9700         Options.memtable_factory: SkipListFactory
2018/11/17-21:59:03.036877 7f45ea3f9700            Options.table_factory: BlockBasedTable
2018/11/17-21:59:03.036904 7f45ea3f9700            table_factory options:   flush_block_policy_factory: FlushBlockBySizePolicyFactory (0x7f45703864f0)
  cache_index_and_filter_blocks: 0
  cache_index_and_filter_blocks_with_high_priority: 0
  pin_l0_filter_and_index_blocks_in_cache: 0
  index_type: 0
  hash_index_allow_collision: 1
  checksum: 1
  no_block_cache: 0
  block_cache: 0x7f4570391e40
  block_cache_name: LRUCache
  block_cache_options:
    capacity : 8388608
    num_shard_bits : 4
    strict_capacity_limit : 0
    high_pri_pool_ratio: 0.000
  block_cache_compressed: (nil)
  persistent_cache: (nil)
  block_size: 8192
  block_size_deviation: 10
  block_restart_interval: 16
  index_block_restart_interval: 1
  metadata_block_size: 4096
  partition_filters: 0
  use_delta_encoding: 1
  filter_policy: nullptr
  whole_key_filtering: 1
  verify_compression: 0
  read_amp_bytes_per_bit: 0
  format_version: 2
  enable_index_compression: 1
  block_align: 0
2018/11/17-21:59:03.036908 7f45ea3f9700        Options.write_buffer_size: 134217728
2018/11/17-21:59:03.036909 7f45ea3f9700  Options.max_write_buffer_number: 24
2018/11/17-21:59:03.036910 7f45ea3f9700        Options.compression[0]: NoCompression
2018/11/17-21:59:03.036912 7f45ea3f9700        Options.compression[1]: NoCompression
2018/11/17-21:59:03.036913 7f45ea3f9700        Options.compression[2]: LZ4
2018/11/17-21:59:03.036914 7f45ea3f9700        Options.compression[3]: LZ4
2018/11/17-21:59:03.036915 7f45ea3f9700        Options.compression[4]: LZ4
2018/11/17-21:59:03.036916 7f45ea3f9700        Options.compression[5]: LZ4
2018/11/17-21:59:03.036916 7f45ea3f9700        Options.compression[6]: LZ4
2018/11/17-21:59:03.036917 7f45ea3f9700                  Options.bottommost_compression: Disabled
2018/11/17-21:59:03.036918 7f45ea3f9700       Options.prefix_extractor: nullptr
2018/11/17-21:59:03.036919 7f45ea3f9700   Options.memtable_insert_with_hint_prefix_extractor: nullptr
2018/11/17-21:59:03.036920 7f45ea3f9700             Options.num_levels: 7
2018/11/17-21:59:03.036921 7f45ea3f9700        Options.min_write_buffer_number_to_merge: 2
2018/11/17-21:59:03.036922 7f45ea3f9700     Options.max_write_buffer_number_to_maintain: 0
2018/11/17-21:59:03.036923 7f45ea3f9700            Options.compression_opts.window_bits: -14
2018/11/17-21:59:03.036924 7f45ea3f9700                  Options.compression_opts.level: -1
2018/11/17-21:59:03.036925 7f45ea3f9700               Options.compression_opts.strategy: 0
2018/11/17-21:59:03.036926 7f45ea3f9700         Options.compression_opts.max_dict_bytes: 0
2018/11/17-21:59:03.036927 7f45ea3f9700         Options.compression_opts.zstd_max_train_bytes: 0
2018/11/17-21:59:03.036928 7f45ea3f9700      Options.level0_file_num_compaction_trigger: 2
2018/11/17-21:59:03.036929 7f45ea3f9700          Options.level0_slowdown_writes_trigger: 20
2018/11/17-21:59:03.036929 7f45ea3f9700              Options.level0_stop_writes_trigger: 36
2018/11/17-21:59:03.036930 7f45ea3f9700                   Options.target_file_size_base: 67108864
2018/11/17-21:59:03.036931 7f45ea3f9700             Options.target_file_size_multiplier: 1
2018/11/17-21:59:03.036932 7f45ea3f9700                Options.max_bytes_for_level_base: 536870912
2018/11/17-21:59:03.036933 7f45ea3f9700 Options.level_compaction_dynamic_level_bytes: 0
2018/11/17-21:59:03.036934 7f45ea3f9700          Options.max_bytes_for_level_multiplier: 10.000000
2018/11/17-21:59:03.036937 7f45ea3f9700 Options.max_bytes_for_level_multiplier_addtl[0]: 1
2018/11/17-21:59:03.036938 7f45ea3f9700 Options.max_bytes_for_level_multiplier_addtl[1]: 1
2018/11/17-21:59:03.036939 7f45ea3f9700 Options.max_bytes_for_level_multiplier_addtl[2]: 1
2018/11/17-21:59:03.036940 7f45ea3f9700 Options.max_bytes_for_level_multiplier_addtl[3]: 1
2018/11/17-21:59:03.036941 7f45ea3f9700 Options.max_bytes_for_level_multiplier_addtl[4]: 1
2018/11/17-21:59:03.036949 7f45ea3f9700 Options.max_bytes_for_level_multiplier_addtl[5]: 1
2018/11/17-21:59:03.036950 7f45ea3f9700 Options.max_bytes_for_level_multiplier_addtl[6]: 1
2018/11/17-21:59:03.036951 7f45ea3f9700       Options.max_sequential_skip_in_iterations: 8
2018/11/17-21:59:03.036952 7f45ea3f9700                    Options.max_compaction_bytes: 1677721600
2018/11/17-21:59:03.036953 7f45ea3f9700                        Options.arena_block_size: 16777216
2018/11/17-21:59:03.036954 7f45ea3f9700   Options.soft_pending_compaction_bytes_limit: 68719476736
2018/11/17-21:59:03.036955 7f45ea3f9700   Options.hard_pending_compaction_bytes_limit: 274877906944
2018/11/17-21:59:03.036955 7f45ea3f9700       Options.rate_limit_delay_max_milliseconds: 100
2018/11/17-21:59:03.036956 7f45ea3f9700                Options.disable_auto_compactions: 0
2018/11/17-21:59:03.036958 7f45ea3f9700                        Options.compaction_style: kCompactionStyleLevel
2018/11/17-21:59:03.036960 7f45ea3f9700                          Options.compaction_pri: kByCompensatedSize
2018/11/17-21:59:03.036961 7f45ea3f9700 Options.compaction_options_universal.size_ratio: 1
2018/11/17-21:59:03.036962 7f45ea3f9700 Options.compaction_options_universal.min_merge_width: 2
2018/11/17-21:59:03.036963 7f45ea3f9700 Options.compaction_options_universal.max_merge_width: 4294967295
2018/11/17-21:59:03.036964 7f45ea3f9700 Options.compaction_options_universal.max_size_amplification_percent: 200
2018/11/17-21:59:03.036965 7f45ea3f9700 Options.compaction_options_universal.compression_size_percent: -1
2018/11/17-21:59:03.036966 7f45ea3f9700 Options.compaction_options_universal.stop_style: kCompactionStopStyleTotalSize
2018/11/17-21:59:03.036967 7f45ea3f9700 Options.compaction_options_fifo.max_table_files_size: 1073741824
2018/11/17-21:59:03.036968 7f45ea3f9700 Options.compaction_options_fifo.allow_compaction: 0
2018/11/17-21:59:03.036969 7f45ea3f9700 Options.compaction_options_fifo.ttl: 0
2018/11/17-21:59:03.036970 7f45ea3f9700                   Options.table_properties_collectors: 
2018/11/17-21:59:03.036971 7f45ea3f9700                   Options.inplace_update_support: 0
2018/11/17-21:59:03.036972 7f45ea3f9700                 Options.inplace_update_num_locks: 10000
2018/11/17-21:59:03.036973 7f45ea3f9700               Options.memtable_prefix_bloom_size_ratio: 0.000000
2018/11/17-21:59:03.036975 7f45ea3f9700   Options.memtable_huge_page_size: 0
2018/11/17-21:59:03.036976 7f45ea3f9700                           Options.bloom_locality: 0
2018/11/17-21:59:03.036977 7f45ea3f9700                    Options.max_successive_merges: 0
2018/11/17-21:59:03.036977 7f45ea3f9700                Options.optimize_filters_for_hits: 0
2018/11/17-21:59:03.036978 7f45ea3f9700                Options.paranoid_file_checks: 0
2018/11/17-21:59:03.036979 7f45ea3f9700                Options.force_consistency_checks: 0
2018/11/17-21:59:03.036980 7f45ea3f9700                Options.report_bg_io_stats: 0
2018/11/17-21:59:03.036981 7f45ea3f9700                               Options.ttl: 0
2018/11/17-21:59:03.037284 7f45ea3f9700 [db/column_family.cc:475] --------------- Options for column family [usertable]:
2018/11/17-21:59:03.037288 7f45ea3f9700               Options.comparator: leveldb.BytewiseComparator
2018/11/17-21:59:03.037289 7f45ea3f9700           Options.merge_operator: None
2018/11/17-21:59:03.037289 7f45ea3f9700        Options.compaction_filter: None
2018/11/17-21:59:03.037290 7f45ea3f9700        Options.compaction_filter_factory: None
2018/11/17-21:59:03.037291 7f45ea3f9700         Options.memtable_factory: SkipListFactory
2018/11/17-21:59:03.037292 7f45ea3f9700            Options.table_factory: BlockBasedTable
2018/11/17-21:59:03.037313 7f45ea3f9700            table_factory options:   flush_block_policy_factory: FlushBlockBySizePolicyFactory (0x7f45703864d0)
  cache_index_and_filter_blocks: 0
  cache_index_and_filter_blocks_with_high_priority: 0
  pin_l0_filter_and_index_blocks_in_cache: 0
  index_type: 0
  hash_index_allow_collision: 1
  checksum: 1
  no_block_cache: 0
  block_cache: 0x7f4570387030
  block_cache_name: LRUCache
  block_cache_options:
    capacity : 8388608
    num_shard_bits : 4
    strict_capacity_limit : 0
    high_pri_pool_ratio: 0.000
  block_cache_compressed: (nil)
  persistent_cache: (nil)
  block_size: 8192
  block_size_deviation: 10
  block_restart_interval: 16
  index_block_restart_interval: 1
  metadata_block_size: 4096
  partition_filters: 0
  use_delta_encoding: 1
  filter_policy: nullptr
  whole_key_filtering: 1
  verify_compression: 0
  read_amp_bytes_per_bit: 0
  format_version: 2
  enable_index_compression: 1
  block_align: 0
2018/11/17-21:59:03.037325 7f45ea3f9700        Options.write_buffer_size: 134217728
2018/11/17-21:59:03.037326 7f45ea3f9700  Options.max_write_buffer_number: 24
2018/11/17-21:59:03.037327 7f45ea3f9700        Options.compression[0]: NoCompression
2018/11/17-21:59:03.037328 7f45ea3f9700        Options.compression[1]: NoCompression
2018/11/17-21:59:03.037329 7f45ea3f9700        Options.compression[2]: LZ4
2018/11/17-21:59:03.037330 7f45ea3f9700        Options.compression[3]: LZ4
2018/11/17-21:59:03.037331 7f45ea3f9700        Options.compression[4]: LZ4
2018/11/17-21:59:03.037332 7f45ea3f9700        Options.compression[5]: LZ4
2018/11/17-21:59:03.037333 7f45ea3f9700        Options.compression[6]: LZ4
2018/11/17-21:59:03.037334 7f45ea3f9700                  Options.bottommost_compression: Disabled
2018/11/17-21:59:03.037335 7f45ea3f9700       Options.prefix_extractor: nullptr
2018/11/17-21:59:03.037336 7f45ea3f9700   Options.memtable_insert_with_hint_prefix_extractor: nullptr
2018/11/17-21:59:03.037337 7f45ea3f9700             Options.num_levels: 7
2018/11/17-21:59:03.037337 7f45ea3f9700        Options.min_write_buffer_number_to_merge: 2
2018/11/17-21:59:03.037338 7f45ea3f9700     Options.max_write_buffer_number_to_maintain: 0
2018/11/17-21:59:03.037339 7f45ea3f9700            Options.compression_opts.window_bits: -14
2018/11/17-21:59:03.037340 7f45ea3f9700                  Options.compression_opts.level: -1
2018/11/17-21:59:03.037341 7f45ea3f9700               Options.compression_opts.strategy: 0
2018/11/17-21:59:03.037342 7f45ea3f9700         Options.compression_opts.max_dict_bytes: 0
2018/11/17-21:59:03.037343 7f45ea3f9700         Options.compression_opts.zstd_max_train_bytes: 0
2018/11/17-21:59:03.037343 7f45ea3f9700      Options.level0_file_num_compaction_trigger: 2
2018/11/17-21:59:03.037344 7f45ea3f9700          Options.level0_slowdown_writes_trigger: 20
2018/11/17-21:59:03.037345 7f45ea3f9700              Options.level0_stop_writes_trigger: 36
2018/11/17-21:59:03.037346 7f45ea3f9700                   Options.target_file_size_base: 67108864
2018/11/17-21:59:03.037347 7f45ea3f9700             Options.target_file_size_multiplier: 1
2018/11/17-21:59:03.037348 7f45ea3f9700                Options.max_bytes_for_level_base: 536870912
2018/11/17-21:59:03.037349 7f45ea3f9700 Options.level_compaction_dynamic_level_bytes: 0
2018/11/17-21:59:03.037350 7f45ea3f9700          Options.max_bytes_for_level_multiplier: 10.000000
2018/11/17-21:59:03.037352 7f45ea3f9700 Options.max_bytes_for_level_multiplier_addtl[0]: 1
2018/11/17-21:59:03.037353 7f45ea3f9700 Options.max_bytes_for_level_multiplier_addtl[1]: 1
2018/11/17-21:59:03.037353 7f45ea3f9700 Options.max_bytes_for_level_multiplier_addtl[2]: 1
2018/11/17-21:59:03.037354 7f45ea3f9700 Options.max_bytes_for_level_multiplier_addtl[3]: 1
2018/11/17-21:59:03.037355 7f45ea3f9700 Options.max_bytes_for_level_multiplier_addtl[4]: 1
2018/11/17-21:59:03.037356 7f45ea3f9700 Options.max_bytes_for_level_multiplier_addtl[5]: 1
2018/11/17-21:59:03.037357 7f45ea3f9700 Options.max_bytes_for_level_multiplier_addtl[6]: 1
2018/11/17-21:59:03.037358 7f45ea3f9700       Options.max_sequential_skip_in_iterations: 8
2018/11/17-21:59:03.037359 7f45ea3f9700                    Options.max_compaction_bytes: 1677721600
2018/11/17-21:59:03.037360 7f45ea3f9700                        Options.arena_block_size: 16777216
2018/11/17-21:59:03.037360 7f45ea3f9700   Options.soft_pending_compaction_bytes_limit: 68719476736
2018/11/17-21:59:03.037367 7f45ea3f9700   Options.hard_pending_compaction_bytes_limit: 274877906944
2018/11/17-21:59:03.037368 7f45ea3f9700       Options.rate_limit_delay_max_milliseconds: 100
2018/11/17-21:59:03.037369 7f45ea3f9700                Options.disable_auto_compactions: 0
2018/11/17-21:59:03.037370 7f45ea3f9700                        Options.compaction_style: kCompactionStyleLevel
2018/11/17-21:59:03.037371 7f45ea3f9700                          Options.compaction_pri: kByCompensatedSize
2018/11/17-21:59:03.037372 7f45ea3f9700 Options.compaction_options_universal.size_ratio: 1
2018/11/17-21:59:03.037373 7f45ea3f9700 Options.compaction_options_universal.min_merge_width: 2
2018/11/17-21:59:03.037374 7f45ea3f9700 Options.compaction_options_universal.max_merge_width: 4294967295
2018/11/17-21:59:03.037375 7f45ea3f9700 Options.compaction_options_universal.max_size_amplification_percent: 200
2018/11/17-21:59:03.037376 7f45ea3f9700 Options.compaction_options_universal.compression_size_percent: -1
2018/11/17-21:59:03.037377 7f45ea3f9700 Options.compaction_options_universal.stop_style: kCompactionStopStyleTotalSize
2018/11/17-21:59:03.037377 7f45ea3f9700 Options.compaction_options_fifo.max_table_files_size: 1073741824
2018/11/17-21:59:03.037378 7f45ea3f9700 Options.compaction_options_fifo.allow_compaction: 0
2018/11/17-21:59:03.037379 7f45ea3f9700 Options.compaction_options_fifo.ttl: 0
2018/11/17-21:59:03.037380 7f45ea3f9700                   Options.table_properties_collectors: 
2018/11/17-21:59:03.037381 7f45ea3f9700                   Options.inplace_update_support: 0
2018/11/17-21:59:03.037382 7f45ea3f9700                 Options.inplace_update_num_locks: 10000
2018/11/17-21:59:03.037383 7f45ea3f9700               Options.memtable_prefix_bloom_size_ratio: 0.000000
2018/11/17-21:59:03.037384 7f45ea3f9700   Options.memtable_huge_page_size: 0
2018/11/17-21:59:03.037385 7f45ea3f9700                           Options.bloom_locality: 0
2018/11/17-21:59:03.037386 7f45ea3f9700                    Options.max_successive_merges: 0
2018/11/17-21:59:03.037387 7f45ea3f9700                Options.optimize_filters_for_hits: 0
2018/11/17-21:59:03.037387 7f45ea3f9700                Options.paranoid_file_checks: 0
2018/11/17-21:59:03.037388 7f45ea3f9700                Options.force_consistency_checks: 0
2018/11/17-21:59:03.037389 7f45ea3f9700                Options.report_bg_io_stats: 0
2018/11/17-21:59:03.037390 7f45ea3f9700                               Options.ttl: 0
2018/11/17-21:59:03.227775 7f45ea3f9700 [db/version_set.cc:3361] Recovered from manifest file:/mnt/sdb/ycsb-rocksdb-data/MANIFEST-000004 succeeded,manifest_file_number is 4, next_file_number is 196, last_sequence is 3495529, log_number is 0,prev_log_number is 0,max_column_family is 1,min_log_number_to_keep is 0
2018/11/17-21:59:03.227789 7f45ea3f9700 [db/version_set.cc:3369] Column family [default] (ID 0), log number is 0
2018/11/17-21:59:03.227790 7f45ea3f9700 [db/version_set.cc:3369] Column family [usertable] (ID 1), log number is 189
2018/11/17-21:59:03.228039 7f45ea3f9700 EVENT_LOG_v1 {"time_micros": 1542520743228015, "job": 1, "event": "recovery_started", "log_files": [189, 191, 195, 199, 200, 202, 203, 205, 206, 208, 209, 211, 212, 214, 215, 217]}
2018/11/17-21:59:03.228045 7f45ea3f9700 [db/db_impl_open.cc:551] Recovering log #189 mode 2
2018/11/17-21:59:04.052247 7f45ea3f9700 EVENT_LOG_v1 {"time_micros": 1542520744052226, "cf_name": "usertable", "job": 1, "event": "table_file_creation", "file_number": 196, "file_size": 129911919, "table_properties": {"data_size": 129334401, "index_size": 576596, "filter_size": 0, "raw_key_size": 752856, "raw_average_key_size": 24, "raw_value_size": 128487424, "raw_average_value_size": 4096, "num_data_blocks": 15685, "num_entries": 31369, "filter_policy_name": "", "kDeletedKeys": "0", "kMergeOperands": "0"}}
2018/11/17-21:59:04.059638 7f45ea3f9700 [db/db_impl_open.cc:551] Recovering log #191 mode 2
2018/11/17-21:59:05.939211 7f45ea3f9700 EVENT_LOG_v1 {"time_micros": 1542520745939181, "cf_name": "usertable", "job": 1, "event": "table_file_creation", "file_number": 197, "file_size": 129918887, "table_properties": {"data_size": 129337885, "index_size": 580080, "filter_size": 0, "raw_key_size": 752856, "raw_average_key_size": 24, "raw_value_size": 128487424, "raw_average_value_size": 4096, "num_data_blocks": 15685, "num_entries": 31369, "filter_policy_name": "", "kDeletedKeys": "0", "kMergeOperands": "0"}}
2018/11/17-21:59:05.944054 7f45ea3f9700 [db/db_impl_open.cc:551] Recovering log #195 mode 2
2018/11/17-21:59:06.800266 7f45ea3f9700 [db/db_impl_open.cc:551] Recovering log #199 mode 2
2018/11/17-21:59:07.853707 7f45ea3f9700 EVENT_LOG_v1 {"time_micros": 1542520747853687, "cf_name": "usertable", "job": 1, "event": "table_file_creation", "file_number": 200, "file_size": 129903634, "table_properties": {"data_size": 129326156, "index_size": 576556, "filter_size": 0, "raw_key_size": 752808, "raw_average_key_size": 24, "raw_value_size": 128479232, "raw_average_value_size": 4096, "num_data_blocks": 15684, "num_entries": 31367, "filter_policy_name": "", "kDeletedKeys": "0", "kMergeOperands": "0"}}
2018/11/17-21:59:08.166198 7f45ea3f9700 [db/db_impl_open.cc:551] Recovering log #200 mode 2
2018/11/17-21:59:09.861889 7f45ea3f9700 EVENT_LOG_v1 {"time_micros": 1542520749861860, "cf_name": "usertable", "job": 1, "event": "table_file_creation", "file_number": 201, "file_size": 129927171, "table_properties": {"data_size": 129346131, "index_size": 580118, "filter_size": 0, "raw_key_size": 752904, "raw_average_key_size": 24, "raw_value_size": 128495616, "raw_average_value_size": 4096, "num_data_blocks": 15686, "num_entries": 31371, "filter_policy_name": "", "kDeletedKeys": "0", "kMergeOperands": "0"}}
2018/11/17-21:59:10.230057 7f45ea3f9700 [db/db_impl_open.cc:551] Recovering log #202 mode 2
2018/11/17-21:59:10.762951 7f45ea3f9700 EVENT_LOG_v1 {"time_micros": 1542520750762926, "cf_name": "usertable", "job": 1, "event": "table_file_creation", "file_number": 203, "file_size": 129928484, "table_properties": {"data_size": 129350893, "index_size": 576669, "filter_size": 0, "raw_key_size": 752952, "raw_average_key_size": 24, "raw_value_size": 128503808, "raw_average_value_size": 4096, "num_data_blocks": 15687, "num_entries": 31373, "filter_policy_name": "", "kDeletedKeys": "0", "kMergeOperands": "0"}}
2018/11/17-21:59:11.073985 7f45ea3f9700 [db/db_impl_open.cc:551] Recovering log #203 mode 2
2018/11/17-21:59:13.026117 7f45ea3f9700 EVENT_LOG_v1 {"time_micros": 1542520753026098, "cf_name": "usertable", "job": 1, "event": "table_file_creation", "file_number": 204, "file_size": 129922999, "table_properties": {"data_size": 129341996, "index_size": 580081, "filter_size": 0, "raw_key_size": 752880, "raw_average_key_size": 24, "raw_value_size": 128491520, "raw_average_value_size": 4096, "num_data_blocks": 15685, "num_entries": 31370, "filter_policy_name": "", "kDeletedKeys": "0", "kMergeOperands": "0"}}
2018/11/17-21:59:13.855898 7f45ea3f9700 [db/db_impl_open.cc:551] Recovering log #205 mode 2
2018/11/17-21:59:15.077695 7f45ea3f9700 EVENT_LOG_v1 {"time_micros": 1542520755077674, "cf_name": "usertable", "job": 1, "event": "table_file_creation", "file_number": 206, "file_size": 129910605, "table_properties": {"data_size": 129329639, "index_size": 580044, "filter_size": 0, "raw_key_size": 752808, "raw_average_key_size": 24, "raw_value_size": 128479232, "raw_average_value_size": 4096, "num_data_blocks": 15684, "num_entries": 31367, "filter_policy_name": "", "kDeletedKeys": "0", "kMergeOperands": "0"}}
2018/11/17-21:59:15.936341 7f45ea3f9700 [db/db_impl_open.cc:551] Recovering log #206 mode 2
2018/11/17-21:59:16.481181 7f45ea3f9700 EVENT_LOG_v1 {"time_micros": 1542520756481160, "cf_name": "usertable", "job": 1, "event": "table_file_creation", "file_number": 207, "file_size": 129903636, "table_properties": {"data_size": 129326155, "index_size": 576559, "filter_size": 0, "raw_key_size": 752808, "raw_average_key_size": 24, "raw_value_size": 128479232, "raw_average_value_size": 4096, "num_data_blocks": 15684, "num_entries": 31367, "filter_policy_name": "", "kDeletedKeys": "0", "kMergeOperands": "0"}}
2018/11/17-21:59:16.781995 7f45ea3f9700 [db/db_impl_open.cc:551] Recovering log #208 mode 2
2018/11/17-21:59:17.846261 7f45ea3f9700 EVENT_LOG_v1 {"time_micros": 1542520757846230, "cf_name": "usertable", "job": 1, "event": "table_file_creation", "file_number": 209, "file_size": 129931283, "table_properties": {"data_size": 129350243, "index_size": 580118, "filter_size": 0, "raw_key_size": 752928, "raw_average_key_size": 24, "raw_value_size": 128499712, "raw_average_value_size": 4096, "num_data_blocks": 15686, "num_entries": 31372, "filter_policy_name": "", "kDeletedKeys": "0", "kMergeOperands": "0"}}
2018/11/17-21:59:18.627136 7f45ea3f9700 [db/db_impl_open.cc:551] Recovering log #209 mode 2
2018/11/17-21:59:19.991189 7f45ea3f9700 EVENT_LOG_v1 {"time_micros": 1542520759991161, "cf_name": "usertable", "job": 1, "event": "table_file_creation", "file_number": 210, "file_size": 129906430, "table_properties": {"data_size": 129325501, "index_size": 580007, "filter_size": 0, "raw_key_size": 752784, "raw_average_key_size": 24, "raw_value_size": 128475136, "raw_average_value_size": 4096, "num_data_blocks": 15683, "num_entries": 31366, "filter_policy_name": "", "kDeletedKeys": "0", "kMergeOperands": "0"}}
2018/11/17-21:59:20.490350 7f45ea3f9700 [db/db_impl_open.cc:551] Recovering log #211 mode 2
2018/11/17-21:59:22.029292 7f45ea3f9700 EVENT_LOG_v1 {"time_micros": 1542520762029273, "cf_name": "usertable", "job": 1, "event": "table_file_creation", "file_number": 212, "file_size": 129910608, "table_properties": {"data_size": 129329642, "index_size": 580044, "filter_size": 0, "raw_key_size": 752808, "raw_average_key_size": 24, "raw_value_size": 128479232, "raw_average_value_size": 4096, "num_data_blocks": 15684, "num_entries": 31367, "filter_policy_name": "", "kDeletedKeys": "0", "kMergeOperands": "0"}}
2018/11/17-21:59:22.520529 7f45ea3f9700 [db/db_impl_open.cc:551] Recovering log #212 mode 2
2018/11/17-21:59:23.058292 7f45ea3f9700 EVENT_LOG_v1 {"time_micros": 1542520763058271, "cf_name": "usertable", "job": 1, "event": "table_file_creation", "file_number": 213, "file_size": 129916027, "table_properties": {"data_size": 129338510, "index_size": 576595, "filter_size": 0, "raw_key_size": 752880, "raw_average_key_size": 24, "raw_value_size": 128491520, "raw_average_value_size": 4096, "num_data_blocks": 15685, "num_entries": 31370, "filter_policy_name": "", "kDeletedKeys": "0", "kMergeOperands": "0"}}
2018/11/17-21:59:23.359420 7f45ea3f9700 [db/db_impl_open.cc:551] Recovering log #214 mode 2
2018/11/17-21:59:24.710866 7f45ea3f9700 EVENT_LOG_v1 {"time_micros": 1542520764710846, "cf_name": "usertable", "job": 1, "event": "table_file_creation", "file_number": 215, "file_size": 129903637, "table_properties": {"data_size": 129326155, "index_size": 576560, "filter_size": 0, "raw_key_size": 752808, "raw_average_key_size": 24, "raw_value_size": 128479232, "raw_average_value_size": 4096, "num_data_blocks": 15684, "num_entries": 31367, "filter_policy_name": "", "kDeletedKeys": "0", "kMergeOperands": "0"}}
2018/11/17-21:59:25.425811 7f45ea3f9700 [db/db_impl_open.cc:551] Recovering log #215 mode 2
2018/11/17-21:59:26.902141 7f45ea3f9700 EVENT_LOG_v1 {"time_micros": 1542520766902120, "cf_name": "usertable", "job": 1, "event": "table_file_creation", "file_number": 216, "file_size": 129914715, "table_properties": {"data_size": 129333749, "index_size": 580044, "filter_size": 0, "raw_key_size": 752832, "raw_average_key_size": 24, "raw_value_size": 128483328, "raw_average_value_size": 4096, "num_data_blocks": 15684, "num_entries": 31368, "filter_policy_name": "", "kDeletedKeys": "0", "kMergeOperands": "0"}}
2018/11/17-21:59:27.239925 7f45ea3f9700 [db/db_impl_open.cc:551] Recovering log #217 mode 2
2018/11/17-21:59:28.340465 7f45ea3f9700 EVENT_LOG_v1 {"time_micros": 1542520768340446, "cf_name": "usertable", "job": 1, "event": "table_file_creation", "file_number": 218, "file_size": 129918890, "table_properties": {"data_size": 129337887, "index_size": 580081, "filter_size": 0, "raw_key_size": 752856, "raw_average_key_size": 24, "raw_value_size": 128487424, "raw_average_value_size": 4096, "num_data_blocks": 15685, "num_entries": 31369, "filter_policy_name": "", "kDeletedKeys": "0", "kMergeOperands": "0"}}
2018/11/17-21:59:28.639334 7f45ea3f9700 [db/version_set.cc:2847] Creating manifest 219
2018/11/17-21:59:29.233988 7f45ea3f9700 EVENT_LOG_v1 {"time_micros": 1542520769233968, "cf_name": "usertable", "job": 1, "event": "table_file_creation", "file_number": 220, "file_size": 41957101, "table_properties": {"data_size": 41770127, "index_size": 186053, "filter_size": 0, "raw_key_size": 243144, "raw_average_key_size": 24, "raw_value_size": 41496576, "raw_average_value_size": 4096, "num_data_blocks": 5066, "num_entries": 10131, "filter_policy_name": "", "kDeletedKeys": "0", "kMergeOperands": "0"}}
2018/11/17-21:59:29.277761 7f45ea3f9700 EVENT_LOG_v1 {"time_micros": 1542520769277758, "job": 1, "event": "recovery_finished"}
2018/11/17-21:59:29.290874 7f45ea3f9700 [WARN] [db/column_family.cc:799] [usertable] Stalling writes because we have 25 level-0 files rate 16777216
2018/11/17-21:59:29.475589 7f45ea3f9700 [db/db_impl_open.cc:1219] DB pointer 0x7f45703d4bf0
2018/11/17-21:59:29.475988 7f45c48ef700 [WARN] [db/db_impl.cc:491] ------- DUMPING STATS -------
2018/11/17-21:59:29.476034 7f45c48ef700 [WARN] [db/db_impl.cc:492] 
** DB Stats **
Uptime(secs): 26.4 total, 26.4 interval
Cumulative writes: 0 writes, 0 keys, 0 commit groups, 0.0 writes per commit group, ingest: 0.00 GB, 0.00 MB/s
Cumulative WAL: 0 writes, 0 syncs, 0.00 writes per sync, written: 0.00 GB, 0.00 MB/s
Cumulative stall: 00:00:0.000 H:M:S, 0.0 percent
Interval writes: 0 writes, 0 keys, 0 commit groups, 0.0 writes per commit group, ingest: 0.00 MB, 0.00 MB/s
Interval WAL: 0 writes, 0 syncs, 0.00 writes per sync, written: 0.00 MB, 0.00 MB/s
Interval stall: 00:00:0.000 H:M:S, 0.0 percent

** Compaction Stats [default] **
Level    Files   Size     Score Read(GB)  Rn(GB) Rnp1(GB) Write(GB) Wnew(GB) Moved(GB) W-Amp Rd(MB/s) Wr(MB/s) Comp(sec) Comp(cnt) Avg(sec) KeyIn KeyDrop
----------------------------------------------------------------------------------------------------------------------------------------------------------
 Sum      0/0    0.00 KB   0.0      0.0     0.0      0.0       0.0      0.0       0.0   0.0      0.0      0.0         0         0    0.000       0      0
 Int      0/0    0.00 KB   0.0      0.0     0.0      0.0       0.0      0.0       0.0   0.0      0.0      0.0         0         0    0.000       0      0
Uptime(secs): 26.4 total, 26.4 interval
Flush(GB): cumulative 0.000, interval 0.000
AddFile(GB): cumulative 0.000, interval 0.000
AddFile(Total Files): cumulative 0, interval 0
AddFile(L0 Files): cumulative 0, interval 0
AddFile(Keys): cumulative 0, interval 0
Cumulative compaction: 0.00 GB write, 0.00 MB/s write, 0.00 GB read, 0.00 MB/s read, 0.0 seconds
Interval compaction: 0.00 GB write, 0.00 MB/s write, 0.00 GB read, 0.00 MB/s read, 0.0 seconds
Stalls(count): 0 level0_slowdown, 0 level0_slowdown_with_compaction, 0 level0_numfiles, 0 level0_numfiles_with_compaction, 0 stop for pending_compaction_bytes, 0 slowdown for pending_compaction_bytes, 0 memtable_compaction, 0 memtable_slowdown, interval 0 total count

** File Read Latency Histogram By Level [default] **

** Compaction Stats [usertable] **
Level    Files   Size     Score Read(GB)  Rn(GB) Rnp1(GB) Write(GB) Wnew(GB) Moved(GB) W-Amp Rd(MB/s) Wr(MB/s) Comp(sec) Comp(cnt) Avg(sec) KeyIn KeyDrop
----------------------------------------------------------------------------------------------------------------------------------------------------------
  L0     25/0   14.65 GB  29.3      0.0     0.0      0.0       1.9      1.9       0.0   1.0      0.0    112.0        17        16    1.060       0      0
  L1      8/0   470.43 MB   0.9      0.0     0.0      0.0       0.0      0.0       0.0   0.0      0.0      0.0         0         0    0.000       0      0
 Sum     33/0   15.11 GB   0.0      0.0     0.0      0.0       1.9      1.9       0.0   1.0      0.0    112.0        17        16    1.060       0      0
 Int      0/0    0.00 KB   0.0      0.0     0.0      0.0       1.9      1.9       0.0   1.0      0.0    112.0        17        16    1.060       0      0
Uptime(secs): 26.4 total, 26.4 interval
Flush(GB): cumulative 1.854, interval 1.854
AddFile(GB): cumulative 0.000, interval 0.000
AddFile(Total Files): cumulative 0, interval 0
AddFile(L0 Files): cumulative 0, interval 0
AddFile(Keys): cumulative 0, interval 0
Cumulative compaction: 1.85 GB write, 71.81 MB/s write, 0.00 GB read, 0.00 MB/s read, 17.0 seconds
Interval compaction: 1.85 GB write, 71.81 MB/s write, 0.00 GB read, 0.00 MB/s read, 17.0 seconds
Stalls(count): 1 level0_slowdown, 0 level0_slowdown_with_compaction, 0 level0_numfiles, 0 level0_numfiles_with_compaction, 0 stop for pending_compaction_bytes, 0 slowdown for pending_compaction_bytes, 0 memtable_compaction, 0 memtable_slowdown, interval 1 total count

** File Read Latency Histogram By Level [usertable] **

** Compaction Stats [default] **
Level    Files   Size     Score Read(GB)  Rn(GB) Rnp1(GB) Write(GB) Wnew(GB) Moved(GB) W-Amp Rd(MB/s) Wr(MB/s) Comp(sec) Comp(cnt) Avg(sec) KeyIn KeyDrop
----------------------------------------------------------------------------------------------------------------------------------------------------------
 Sum      0/0    0.00 KB   0.0      0.0     0.0      0.0       0.0      0.0       0.0   0.0      0.0      0.0         0         0    0.000       0      0
 Int      0/0    0.00 KB   0.0      0.0     0.0      0.0       0.0      0.0       0.0   0.0      0.0      0.0         0         0    0.000       0      0
Uptime(secs): 26.4 total, 0.0 interval
Flush(GB): cumulative 0.000, interval 0.000
AddFile(GB): cumulative 0.000, interval 0.000
AddFile(Total Files): cumulative 0, interval 0
AddFile(L0 Files): cumulative 0, interval 0
AddFile(Keys): cumulative 0, interval 0
Cumulative compaction: 0.00 GB write, 0.00 MB/s write, 0.00 GB read, 0.00 MB/s read, 0.0 seconds
Interval compaction: 0.00 GB write, 0.00 MB/s write, 0.00 GB read, 0.00 MB/s read, 0.0 seconds
Stalls(count): 0 level0_slowdown, 0 level0_slowdown_with_compaction, 0 level0_numfiles, 0 level0_numfiles_with_compaction, 0 stop for pending_compaction_bytes, 0 slowdown for pending_compaction_bytes, 0 memtable_compaction, 0 memtable_slowdown, interval 0 total count

** File Read Latency Histogram By Level [default] **

** Compaction Stats [usertable] **
Level    Files   Size     Score Read(GB)  Rn(GB) Rnp1(GB) Write(GB) Wnew(GB) Moved(GB) W-Amp Rd(MB/s) Wr(MB/s) Comp(sec) Comp(cnt) Avg(sec) KeyIn KeyDrop
----------------------------------------------------------------------------------------------------------------------------------------------------------
  L0     25/0   14.65 GB  29.3      0.0     0.0      0.0       1.9      1.9       0.0   1.0      0.0    112.0        17        16    1.060       0      0
  L1      8/0   470.43 MB   0.9      0.0     0.0      0.0       0.0      0.0       0.0   0.0      0.0      0.0         0         0    0.000       0      0
