2018/10/20-09:35:24.832132 7f62f8fe5700 RocksDB version: 5.14.3
2018/10/20-09:35:24.832207 7f62f8fe5700 Git sha rocksdb_build_git_sha:
2018/10/20-09:35:24.832210 7f62f8fe5700 Compile date Oct 15 2018
2018/10/20-09:35:24.832218 7f62f8fe5700 DB SUMMARY
2018/10/20-09:35:24.832380 7f62f8fe5700 CURRENT file:  CURRENT
2018/10/20-09:35:24.832382 7f62f8fe5700 IDENTITY file:  IDENTITY
2018/10/20-09:35:24.832402 7f62f8fe5700 MANIFEST file:  MANIFEST-004347 size: 58376 Bytes
2018/10/20-09:35:24.832405 7f62f8fe5700 SST files in /mnt/sdc1/ycsb-rocksdb-data dir, Total Num: 278, files: 000668.sst 001174.sst 001175.sst 001176.sst 001418.sst 001419.sst 001424.sst 001426.sst 001427.sst 
2018/10/20-09:35:24.832406 7f62f8fe5700 Write Ahead Log file in /mnt/sdc1/ycsb-rocksdb-data: 004970.log size: 61209451 ; 
2018/10/20-09:35:24.832409 7f62f8fe5700                         Options.error_if_exists: 0
2018/10/20-09:35:24.832411 7f62f8fe5700                       Options.create_if_missing: 1
2018/10/20-09:35:24.832411 7f62f8fe5700                         Options.paranoid_checks: 1
2018/10/20-09:35:24.832412 7f62f8fe5700                                     Options.env: 0x7f62e8ff73e0
2018/10/20-09:35:24.832413 7f62f8fe5700                                Options.info_log: 0x7f62703c8e90
2018/10/20-09:35:24.832414 7f62f8fe5700                Options.max_file_opening_threads: 16
2018/10/20-09:35:24.832415 7f62f8fe5700                              Options.statistics: (nil)
2018/10/20-09:35:24.832416 7f62f8fe5700                               Options.use_fsync: 0
2018/10/20-09:35:24.832417 7f62f8fe5700                       Options.max_log_file_size: 0
2018/10/20-09:35:24.832418 7f62f8fe5700                  Options.max_manifest_file_size: 18446744073709551615
2018/10/20-09:35:24.832419 7f62f8fe5700                   Options.log_file_time_to_roll: 0
2018/10/20-09:35:24.832420 7f62f8fe5700                       Options.keep_log_file_num: 1000
2018/10/20-09:35:24.832421 7f62f8fe5700                    Options.recycle_log_file_num: 0
2018/10/20-09:35:24.832422 7f62f8fe5700                         Options.allow_fallocate: 1
2018/10/20-09:35:24.832422 7f62f8fe5700                        Options.allow_mmap_reads: 0
2018/10/20-09:35:24.832423 7f62f8fe5700                       Options.allow_mmap_writes: 0
2018/10/20-09:35:24.832424 7f62f8fe5700                        Options.use_direct_reads: 0
2018/10/20-09:35:24.832425 7f62f8fe5700                        Options.use_direct_io_for_flush_and_compaction: 0
2018/10/20-09:35:24.832426 7f62f8fe5700          Options.create_missing_column_families: 1
2018/10/20-09:35:24.832427 7f62f8fe5700                              Options.db_log_dir: 
2018/10/20-09:35:24.832428 7f62f8fe5700                                 Options.wal_dir: /mnt/sdc1/ycsb-rocksdb-data
2018/10/20-09:35:24.832429 7f62f8fe5700                Options.table_cache_numshardbits: 6
2018/10/20-09:35:24.832430 7f62f8fe5700                      Options.max_subcompactions: 4
2018/10/20-09:35:24.832430 7f62f8fe5700                  Options.max_background_flushes: 24
2018/10/20-09:35:24.832431 7f62f8fe5700                         Options.WAL_ttl_seconds: 0
2018/10/20-09:35:24.832432 7f62f8fe5700                       Options.WAL_size_limit_MB: 0
2018/10/20-09:35:24.832433 7f62f8fe5700             Options.manifest_preallocation_size: 4194304
2018/10/20-09:35:24.832434 7f62f8fe5700                     Options.is_fd_close_on_exec: 1
2018/10/20-09:35:24.832435 7f62f8fe5700                   Options.advise_random_on_open: 1
2018/10/20-09:35:24.832435 7f62f8fe5700                    Options.db_write_buffer_size: 0
2018/10/20-09:35:24.832436 7f62f8fe5700                    Options.write_buffer_manager: 0x7f62703c5b20
2018/10/20-09:35:24.832437 7f62f8fe5700         Options.access_hint_on_compaction_start: 1
2018/10/20-09:35:24.832438 7f62f8fe5700  Options.new_table_reader_for_compaction_inputs: 0
2018/10/20-09:35:24.832439 7f62f8fe5700           Options.random_access_max_buffer_size: 1048576
2018/10/20-09:35:24.832440 7f62f8fe5700                      Options.use_adaptive_mutex: 0
2018/10/20-09:35:24.832440 7f62f8fe5700                            Options.rate_limiter: (nil)
2018/10/20-09:35:24.832453 7f62f8fe5700     Options.sst_file_manager.rate_bytes_per_sec: 0
2018/10/20-09:35:24.832455 7f62f8fe5700                       Options.wal_recovery_mode: 2
2018/10/20-09:35:24.832456 7f62f8fe5700                  Options.enable_thread_tracking: 0
2018/10/20-09:35:24.832457 7f62f8fe5700                  Options.enable_pipelined_write: 1
2018/10/20-09:35:24.832458 7f62f8fe5700         Options.allow_concurrent_memtable_write: 1
2018/10/20-09:35:24.832458 7f62f8fe5700      Options.enable_write_thread_adaptive_yield: 1
2018/10/20-09:35:24.832459 7f62f8fe5700             Options.write_thread_max_yield_usec: 100
2018/10/20-09:35:24.832460 7f62f8fe5700            Options.write_thread_slow_yield_usec: 3
2018/10/20-09:35:24.832461 7f62f8fe5700                               Options.row_cache: None
2018/10/20-09:35:24.832462 7f62f8fe5700                              Options.wal_filter: None
2018/10/20-09:35:24.832463 7f62f8fe5700             Options.avoid_flush_during_recovery: 0
2018/10/20-09:35:24.832464 7f62f8fe5700             Options.allow_ingest_behind: 0
2018/10/20-09:35:24.832464 7f62f8fe5700             Options.preserve_deletes: 0
2018/10/20-09:35:24.832465 7f62f8fe5700             Options.two_write_queues: 0
2018/10/20-09:35:24.832466 7f62f8fe5700             Options.manual_wal_flush: 0
2018/10/20-09:35:24.832468 7f62f8fe5700             Options.max_background_jobs: 24
2018/10/20-09:35:24.832469 7f62f8fe5700             Options.max_background_compactions: 24
2018/10/20-09:35:24.832469 7f62f8fe5700             Options.avoid_flush_during_shutdown: 0
2018/10/20-09:35:24.832470 7f62f8fe5700           Options.writable_file_max_buffer_size: 1048576
2018/10/20-09:35:24.832471 7f62f8fe5700             Options.delayed_write_rate : 16777216
2018/10/20-09:35:24.832472 7f62f8fe5700             Options.max_total_wal_size: 0
2018/10/20-09:35:24.832473 7f62f8fe5700             Options.delete_obsolete_files_period_micros: 21600000000
2018/10/20-09:35:24.832474 7f62f8fe5700                   Options.stats_dump_period_sec: 60
2018/10/20-09:35:24.832475 7f62f8fe5700                          Options.max_open_files: -1
2018/10/20-09:35:24.832476 7f62f8fe5700                          Options.bytes_per_sync: 1048576
2018/10/20-09:35:24.832477 7f62f8fe5700                      Options.wal_bytes_per_sync: 0
2018/10/20-09:35:24.832477 7f62f8fe5700       Options.compaction_readahead_size: 0
2018/10/20-09:35:24.832478 7f62f8fe5700 Compression algorithms supported:
2018/10/20-09:35:24.832480 7f62f8fe5700 	kZSTDNotFinalCompression supported: 1
2018/10/20-09:35:24.832486 7f62f8fe5700 	kZSTD supported: 1
2018/10/20-09:35:24.832488 7f62f8fe5700 	kXpressCompression supported: 0
2018/10/20-09:35:24.832489 7f62f8fe5700 	kLZ4HCCompression supported: 1
2018/10/20-09:35:24.832490 7f62f8fe5700 	kLZ4Compression supported: 1
2018/10/20-09:35:24.832491 7f62f8fe5700 	kBZip2Compression supported: 1
2018/10/20-09:35:24.832492 7f62f8fe5700 	kZlibCompression supported: 1
2018/10/20-09:35:24.832493 7f62f8fe5700 	kSnappyCompression supported: 1
2018/10/20-09:35:24.832496 7f62f8fe5700 Fast CRC32 supported: Supported on x86
2018/10/20-09:35:24.832922 7f62f8fe5700 [db/version_set.cc:3085] Recovering from manifest file: MANIFEST-004347
2018/10/20-09:35:24.833018 7f62f8fe5700 [db/column_family.cc:475] --------------- Options for column family [default]:
2018/10/20-09:35:24.833022 7f62f8fe5700               Options.comparator: leveldb.BytewiseComparator
2018/10/20-09:35:24.833024 7f62f8fe5700           Options.merge_operator: None
2018/10/20-09:35:24.833025 7f62f8fe5700        Options.compaction_filter: None
2018/10/20-09:35:24.833026 7f62f8fe5700        Options.compaction_filter_factory: None
2018/10/20-09:35:24.833027 7f62f8fe5700         Options.memtable_factory: SkipListFactory
2018/10/20-09:35:24.833028 7f62f8fe5700            Options.table_factory: BlockBasedTable
2018/10/20-09:35:24.833059 7f62f8fe5700            table_factory options:   flush_block_policy_factory: FlushBlockBySizePolicyFactory (0x7f6270390650)
  cache_index_and_filter_blocks: 0
  cache_index_and_filter_blocks_with_high_priority: 0
  pin_l0_filter_and_index_blocks_in_cache: 0
  index_type: 0
  hash_index_allow_collision: 1
  checksum: 1
  no_block_cache: 0
  block_cache: 0x7f6270395190
  block_cache_name: LRUCache
  block_cache_options:
    capacity : 8388608
    num_shard_bits : 4
    strict_capacity_limit : 0
    high_pri_pool_ratio: 0.000
  block_cache_compressed: (nil)
  persistent_cache: (nil)
  block_size: 8192
  block_size_deviation: 10
  block_restart_interval: 16
  index_block_restart_interval: 1
  metadata_block_size: 4096
  partition_filters: 0
  use_delta_encoding: 1
  filter_policy: nullptr
  whole_key_filtering: 1
  verify_compression: 0
  read_amp_bytes_per_bit: 0
  format_version: 2
  enable_index_compression: 1
  block_align: 0
2018/10/20-09:35:24.833074 7f62f8fe5700        Options.write_buffer_size: 134217728
2018/10/20-09:35:24.833075 7f62f8fe5700  Options.max_write_buffer_number: 24
2018/10/20-09:35:24.833076 7f62f8fe5700        Options.compression[0]: NoCompression
2018/10/20-09:35:24.833078 7f62f8fe5700        Options.compression[1]: NoCompression
2018/10/20-09:35:24.833079 7f62f8fe5700        Options.compression[2]: LZ4
2018/10/20-09:35:24.833079 7f62f8fe5700        Options.compression[3]: LZ4
2018/10/20-09:35:24.833080 7f62f8fe5700        Options.compression[4]: LZ4
2018/10/20-09:35:24.833081 7f62f8fe5700        Options.compression[5]: LZ4
2018/10/20-09:35:24.833082 7f62f8fe5700        Options.compression[6]: LZ4
2018/10/20-09:35:24.833083 7f62f8fe5700                  Options.bottommost_compression: Disabled
2018/10/20-09:35:24.833084 7f62f8fe5700       Options.prefix_extractor: nullptr
2018/10/20-09:35:24.833085 7f62f8fe5700   Options.memtable_insert_with_hint_prefix_extractor: nullptr
2018/10/20-09:35:24.833086 7f62f8fe5700             Options.num_levels: 7
2018/10/20-09:35:24.833087 7f62f8fe5700        Options.min_write_buffer_number_to_merge: 2
2018/10/20-09:35:24.833088 7f62f8fe5700     Options.max_write_buffer_number_to_maintain: 0
2018/10/20-09:35:24.833088 7f62f8fe5700            Options.compression_opts.window_bits: -14
2018/10/20-09:35:24.833089 7f62f8fe5700                  Options.compression_opts.level: -1
2018/10/20-09:35:24.833090 7f62f8fe5700               Options.compression_opts.strategy: 0
2018/10/20-09:35:24.833091 7f62f8fe5700         Options.compression_opts.max_dict_bytes: 0
2018/10/20-09:35:24.833092 7f62f8fe5700         Options.compression_opts.zstd_max_train_bytes: 0
2018/10/20-09:35:24.833093 7f62f8fe5700      Options.level0_file_num_compaction_trigger: 2
2018/10/20-09:35:24.833094 7f62f8fe5700          Options.level0_slowdown_writes_trigger: 20
2018/10/20-09:35:24.833095 7f62f8fe5700              Options.level0_stop_writes_trigger: 36
2018/10/20-09:35:24.833096 7f62f8fe5700                   Options.target_file_size_base: 67108864
2018/10/20-09:35:24.833097 7f62f8fe5700             Options.target_file_size_multiplier: 1
2018/10/20-09:35:24.833098 7f62f8fe5700                Options.max_bytes_for_level_base: 536870912
2018/10/20-09:35:24.833099 7f62f8fe5700 Options.level_compaction_dynamic_level_bytes: 0
2018/10/20-09:35:24.833100 7f62f8fe5700          Options.max_bytes_for_level_multiplier: 10.000000
2018/10/20-09:35:24.833103 7f62f8fe5700 Options.max_bytes_for_level_multiplier_addtl[0]: 1
2018/10/20-09:35:24.833104 7f62f8fe5700 Options.max_bytes_for_level_multiplier_addtl[1]: 1
2018/10/20-09:35:24.833105 7f62f8fe5700 Options.max_bytes_for_level_multiplier_addtl[2]: 1
2018/10/20-09:35:24.833106 7f62f8fe5700 Options.max_bytes_for_level_multiplier_addtl[3]: 1
2018/10/20-09:35:24.833106 7f62f8fe5700 Options.max_bytes_for_level_multiplier_addtl[4]: 1
2018/10/20-09:35:24.833107 7f62f8fe5700 Options.max_bytes_for_level_multiplier_addtl[5]: 1
2018/10/20-09:35:24.833108 7f62f8fe5700 Options.max_bytes_for_level_multiplier_addtl[6]: 1
2018/10/20-09:35:24.833109 7f62f8fe5700       Options.max_sequential_skip_in_iterations: 8
2018/10/20-09:35:24.833110 7f62f8fe5700                    Options.max_compaction_bytes: 1677721600
2018/10/20-09:35:24.833116 7f62f8fe5700                        Options.arena_block_size: 16777216
2018/10/20-09:35:24.833118 7f62f8fe5700   Options.soft_pending_compaction_bytes_limit: 68719476736
2018/10/20-09:35:24.833119 7f62f8fe5700   Options.hard_pending_compaction_bytes_limit: 274877906944
2018/10/20-09:35:24.833120 7f62f8fe5700       Options.rate_limit_delay_max_milliseconds: 100
2018/10/20-09:35:24.833121 7f62f8fe5700                Options.disable_auto_compactions: 0
2018/10/20-09:35:24.833122 7f62f8fe5700                        Options.compaction_style: kCompactionStyleLevel
2018/10/20-09:35:24.833124 7f62f8fe5700                          Options.compaction_pri: kByCompensatedSize
2018/10/20-09:35:24.833125 7f62f8fe5700 Options.compaction_options_universal.size_ratio: 1
2018/10/20-09:35:24.833126 7f62f8fe5700 Options.compaction_options_universal.min_merge_width: 2
2018/10/20-09:35:24.833127 7f62f8fe5700 Options.compaction_options_universal.max_merge_width: 4294967295
2018/10/20-09:35:24.833127 7f62f8fe5700 Options.compaction_options_universal.max_size_amplification_percent: 200
2018/10/20-09:35:24.833128 7f62f8fe5700 Options.compaction_options_universal.compression_size_percent: -1
2018/10/20-09:35:24.833130 7f62f8fe5700 Options.compaction_options_universal.stop_style: kCompactionStopStyleTotalSize
2018/10/20-09:35:24.833131 7f62f8fe5700 Options.compaction_options_fifo.max_table_files_size: 1073741824
2018/10/20-09:35:24.833132 7f62f8fe5700 Options.compaction_options_fifo.allow_compaction: 0
2018/10/20-09:35:24.833133 7f62f8fe5700 Options.compaction_options_fifo.ttl: 0
2018/10/20-09:35:24.833134 7f62f8fe5700                   Options.table_properties_collectors: 
2018/10/20-09:35:24.833134 7f62f8fe5700                   Options.inplace_update_support: 0
2018/10/20-09:35:24.833135 7f62f8fe5700                 Options.inplace_update_num_locks: 10000
2018/10/20-09:35:24.833136 7f62f8fe5700               Options.memtable_prefix_bloom_size_ratio: 0.000000
2018/10/20-09:35:24.833138 7f62f8fe5700   Options.memtable_huge_page_size: 0
2018/10/20-09:35:24.833139 7f62f8fe5700                           Options.bloom_locality: 0
2018/10/20-09:35:24.833140 7f62f8fe5700                    Options.max_successive_merges: 0
2018/10/20-09:35:24.833140 7f62f8fe5700                Options.optimize_filters_for_hits: 0
2018/10/20-09:35:24.833141 7f62f8fe5700                Options.paranoid_file_checks: 0
2018/10/20-09:35:24.833142 7f62f8fe5700                Options.force_consistency_checks: 0
2018/10/20-09:35:24.833143 7f62f8fe5700                Options.report_bg_io_stats: 0
2018/10/20-09:35:24.833144 7f62f8fe5700                               Options.ttl: 0
2018/10/20-09:35:24.833763 7f62f8fe5700 [db/column_family.cc:475] --------------- Options for column family [usertable]:
2018/10/20-09:35:24.833766 7f62f8fe5700               Options.comparator: leveldb.BytewiseComparator
2018/10/20-09:35:24.833767 7f62f8fe5700           Options.merge_operator: None
2018/10/20-09:35:24.833768 7f62f8fe5700        Options.compaction_filter: None
2018/10/20-09:35:24.833769 7f62f8fe5700        Options.compaction_filter_factory: None
2018/10/20-09:35:24.833770 7f62f8fe5700         Options.memtable_factory: SkipListFactory
2018/10/20-09:35:24.833771 7f62f8fe5700            Options.table_factory: BlockBasedTable
2018/10/20-09:35:24.833792 7f62f8fe5700            table_factory options:   flush_block_policy_factory: FlushBlockBySizePolicyFactory (0x7f6270390630)
  cache_index_and_filter_blocks: 0
  cache_index_and_filter_blocks_with_high_priority: 0
  pin_l0_filter_and_index_blocks_in_cache: 0
  index_type: 0
  hash_index_allow_collision: 1
  checksum: 1
  no_block_cache: 0
  block_cache: 0x7f6270396e80
  block_cache_name: LRUCache
  block_cache_options:
    capacity : 8388608
    num_shard_bits : 4
    strict_capacity_limit : 0
    high_pri_pool_ratio: 0.000
  block_cache_compressed: (nil)
  persistent_cache: (nil)
  block_size: 8192
  block_size_deviation: 10
  block_restart_interval: 16
  index_block_restart_interval: 1
  metadata_block_size: 4096
  partition_filters: 0
  use_delta_encoding: 1
  filter_policy: nullptr
  whole_key_filtering: 1
  verify_compression: 0
  read_amp_bytes_per_bit: 0
  format_version: 2
  enable_index_compression: 1
  block_align: 0
2018/10/20-09:35:24.833804 7f62f8fe5700        Options.write_buffer_size: 134217728
2018/10/20-09:35:24.833806 7f62f8fe5700  Options.max_write_buffer_number: 24
2018/10/20-09:35:24.833807 7f62f8fe5700        Options.compression[0]: NoCompression
2018/10/20-09:35:24.833808 7f62f8fe5700        Options.compression[1]: NoCompression
2018/10/20-09:35:24.833809 7f62f8fe5700        Options.compression[2]: LZ4
2018/10/20-09:35:24.833810 7f62f8fe5700        Options.compression[3]: LZ4
2018/10/20-09:35:24.833810 7f62f8fe5700        Options.compression[4]: LZ4
2018/10/20-09:35:24.833811 7f62f8fe5700        Options.compression[5]: LZ4
2018/10/20-09:35:24.833812 7f62f8fe5700        Options.compression[6]: LZ4
2018/10/20-09:35:24.833813 7f62f8fe5700                  Options.bottommost_compression: Disabled
2018/10/20-09:35:24.833814 7f62f8fe5700       Options.prefix_extractor: nullptr
2018/10/20-09:35:24.833815 7f62f8fe5700   Options.memtable_insert_with_hint_prefix_extractor: nullptr
2018/10/20-09:35:24.833816 7f62f8fe5700             Options.num_levels: 7
2018/10/20-09:35:24.833817 7f62f8fe5700        Options.min_write_buffer_number_to_merge: 2
2018/10/20-09:35:24.833818 7f62f8fe5700     Options.max_write_buffer_number_to_maintain: 0
2018/10/20-09:35:24.833818 7f62f8fe5700            Options.compression_opts.window_bits: -14
2018/10/20-09:35:24.833819 7f62f8fe5700                  Options.compression_opts.level: -1
2018/10/20-09:35:24.833820 7f62f8fe5700               Options.compression_opts.strategy: 0
2018/10/20-09:35:24.833821 7f62f8fe5700         Options.compression_opts.max_dict_bytes: 0
2018/10/20-09:35:24.833822 7f62f8fe5700         Options.compression_opts.zstd_max_train_bytes: 0
2018/10/20-09:35:24.833823 7f62f8fe5700      Options.level0_file_num_compaction_trigger: 2
2018/10/20-09:35:24.833824 7f62f8fe5700          Options.level0_slowdown_writes_trigger: 20
2018/10/20-09:35:24.833824 7f62f8fe5700              Options.level0_stop_writes_trigger: 36
2018/10/20-09:35:24.833825 7f62f8fe5700                   Options.target_file_size_base: 67108864
2018/10/20-09:35:24.833826 7f62f8fe5700             Options.target_file_size_multiplier: 1
2018/10/20-09:35:24.833827 7f62f8fe5700                Options.max_bytes_for_level_base: 536870912
2018/10/20-09:35:24.833828 7f62f8fe5700 Options.level_compaction_dynamic_level_bytes: 0
2018/10/20-09:35:24.833829 7f62f8fe5700          Options.max_bytes_for_level_multiplier: 10.000000
2018/10/20-09:35:24.833831 7f62f8fe5700 Options.max_bytes_for_level_multiplier_addtl[0]: 1
2018/10/20-09:35:24.833832 7f62f8fe5700 Options.max_bytes_for_level_multiplier_addtl[1]: 1
2018/10/20-09:35:24.833833 7f62f8fe5700 Options.max_bytes_for_level_multiplier_addtl[2]: 1
2018/10/20-09:35:24.833833 7f62f8fe5700 Options.max_bytes_for_level_multiplier_addtl[3]: 1
2018/10/20-09:35:24.833834 7f62f8fe5700 Options.max_bytes_for_level_multiplier_addtl[4]: 1
2018/10/20-09:35:24.833835 7f62f8fe5700 Options.max_bytes_for_level_multiplier_addtl[5]: 1
2018/10/20-09:35:24.833836 7f62f8fe5700 Options.max_bytes_for_level_multiplier_addtl[6]: 1
2018/10/20-09:35:24.833837 7f62f8fe5700       Options.max_sequential_skip_in_iterations: 8
2018/10/20-09:35:24.833838 7f62f8fe5700                    Options.max_compaction_bytes: 1677721600
2018/10/20-09:35:24.833839 7f62f8fe5700                        Options.arena_block_size: 16777216
2018/10/20-09:35:24.833840 7f62f8fe5700   Options.soft_pending_compaction_bytes_limit: 68719476736
2018/10/20-09:35:24.833840 7f62f8fe5700   Options.hard_pending_compaction_bytes_limit: 274877906944
2018/10/20-09:35:24.833841 7f62f8fe5700       Options.rate_limit_delay_max_milliseconds: 100
2018/10/20-09:35:24.833842 7f62f8fe5700                Options.disable_auto_compactions: 0
2018/10/20-09:35:24.833844 7f62f8fe5700                        Options.compaction_style: kCompactionStyleLevel
2018/10/20-09:35:24.833851 7f62f8fe5700                          Options.compaction_pri: kByCompensatedSize
2018/10/20-09:35:24.833852 7f62f8fe5700 Options.compaction_options_universal.size_ratio: 1
2018/10/20-09:35:24.833853 7f62f8fe5700 Options.compaction_options_universal.min_merge_width: 2
2018/10/20-09:35:24.833854 7f62f8fe5700 Options.compaction_options_universal.max_merge_width: 4294967295
2018/10/20-09:35:24.833855 7f62f8fe5700 Options.compaction_options_universal.max_size_amplification_percent: 200
2018/10/20-09:35:24.833856 7f62f8fe5700 Options.compaction_options_universal.compression_size_percent: -1
2018/10/20-09:35:24.833857 7f62f8fe5700 Options.compaction_options_universal.stop_style: kCompactionStopStyleTotalSize
2018/10/20-09:35:24.833858 7f62f8fe5700 Options.compaction_options_fifo.max_table_files_size: 1073741824
2018/10/20-09:35:24.833858 7f62f8fe5700 Options.compaction_options_fifo.allow_compaction: 0
2018/10/20-09:35:24.833859 7f62f8fe5700 Options.compaction_options_fifo.ttl: 0
2018/10/20-09:35:24.833860 7f62f8fe5700                   Options.table_properties_collectors: 
2018/10/20-09:35:24.833861 7f62f8fe5700                   Options.inplace_update_support: 0
2018/10/20-09:35:24.833862 7f62f8fe5700                 Options.inplace_update_num_locks: 10000
2018/10/20-09:35:24.833863 7f62f8fe5700               Options.memtable_prefix_bloom_size_ratio: 0.000000
2018/10/20-09:35:24.833864 7f62f8fe5700   Options.memtable_huge_page_size: 0
2018/10/20-09:35:24.833865 7f62f8fe5700                           Options.bloom_locality: 0
2018/10/20-09:35:24.833866 7f62f8fe5700                    Options.max_successive_merges: 0
2018/10/20-09:35:24.833867 7f62f8fe5700                Options.optimize_filters_for_hits: 0
2018/10/20-09:35:24.833868 7f62f8fe5700                Options.paranoid_file_checks: 0
2018/10/20-09:35:24.833869 7f62f8fe5700                Options.force_consistency_checks: 0
2018/10/20-09:35:24.833869 7f62f8fe5700                Options.report_bg_io_stats: 0
2018/10/20-09:35:24.833870 7f62f8fe5700                               Options.ttl: 0
2018/10/20-09:35:25.068042 7f62f8fe5700 [db/version_set.cc:3361] Recovered from manifest file:/mnt/sdc1/ycsb-rocksdb-data/MANIFEST-004347 succeeded,manifest_file_number is 4347, next_file_number is 4973, last_sequence is 11737545, log_number is 0,prev_log_number is 0,max_column_family is 1,min_log_number_to_keep is 0
2018/10/20-09:35:25.068053 7f62f8fe5700 [db/version_set.cc:3369] Column family [default] (ID 0), log number is 4298
2018/10/20-09:35:25.068055 7f62f8fe5700 [db/version_set.cc:3369] Column family [usertable] (ID 1), log number is 4970
2018/10/20-09:35:25.068960 7f62f8fe5700 EVENT_LOG_v1 {"time_micros": 1540053325068946, "job": 1, "event": "recovery_started", "log_files": [4970]}
2018/10/20-09:35:25.068967 7f62f8fe5700 [db/db_impl_open.cc:551] Recovering log #4970 mode 2
2018/10/20-09:35:25.253399 7f62f8fe5700 [db/version_set.cc:2847] Creating manifest 4973
2018/10/20-09:35:25.523952 7f62f8fe5700 EVENT_LOG_v1 {"time_micros": 1540053325523931, "cf_name": "usertable", "job": 1, "event": "table_file_creation", "file_number": 4974, "file_size": 44666749, "table_properties": {"data_size": 44477710, "index_size": 188118, "filter_size": 0, "raw_key_size": 258840, "raw_average_key_size": 24, "raw_value_size": 44175360, "raw_average_value_size": 4096, "num_data_blocks": 5393, "num_entries": 10785, "filter_policy_name": "", "kDeletedKeys": "0", "kMergeOperands": "0"}}
2018/10/20-09:35:25.556396 7f62f8fe5700 EVENT_LOG_v1 {"time_micros": 1540053325556393, "job": 1, "event": "recovery_finished"}
2018/10/20-09:35:25.607405 7f62f8fe5700 [db/db_impl_open.cc:1219] DB pointer 0x7f62703c7f20
2018/10/20-09:35:25.607693 7f620f7fe700 [WARN] [db/db_impl.cc:491] ------- DUMPING STATS -------
2018/10/20-09:35:25.607738 7f620f7fe700 [WARN] [db/db_impl.cc:492] 
** DB Stats **
Uptime(secs): 0.8 total, 0.8 interval
Cumulative writes: 0 writes, 0 keys, 0 commit groups, 0.0 writes per commit group, ingest: 0.00 GB, 0.00 MB/s
Cumulative WAL: 0 writes, 0 syncs, 0.00 writes per sync, written: 0.00 GB, 0.00 MB/s
Cumulative stall: 00:00:0.000 H:M:S, 0.0 percent
Interval writes: 0 writes, 0 keys, 0 commit groups, 0.0 writes per commit group, ingest: 0.00 MB, 0.00 MB/s
Interval WAL: 0 writes, 0 syncs, 0.00 writes per sync, written: 0.00 MB, 0.00 MB/s
Interval stall: 00:00:0.000 H:M:S, 0.0 percent

** Compaction Stats [default] **
Level    Files   Size     Score Read(GB)  Rn(GB) Rnp1(GB) Write(GB) Wnew(GB) Moved(GB) W-Amp Rd(MB/s) Wr(MB/s) Comp(sec) Comp(cnt) Avg(sec) KeyIn KeyDrop
----------------------------------------------------------------------------------------------------------------------------------------------------------
 Sum      0/0    0.00 KB   0.0      0.0     0.0      0.0       0.0      0.0       0.0   0.0      0.0      0.0         0         0    0.000       0      0
 Int      0/0    0.00 KB   0.0      0.0     0.0      0.0       0.0      0.0       0.0   0.0      0.0      0.0         0         0    0.000       0      0
Uptime(secs): 0.8 total, 0.8 interval
Flush(GB): cumulative 0.000, interval 0.000
AddFile(GB): cumulative 0.000, interval 0.000
AddFile(Total Files): cumulative 0, interval 0
AddFile(L0 Files): cumulative 0, interval 0
AddFile(Keys): cumulative 0, interval 0
Cumulative compaction: 0.00 GB write, 0.00 MB/s write, 0.00 GB read, 0.00 MB/s read, 0.0 seconds
Interval compaction: 0.00 GB write, 0.00 MB/s write, 0.00 GB read, 0.00 MB/s read, 0.0 seconds
Stalls(count): 0 level0_slowdown, 0 level0_slowdown_with_compaction, 0 level0_numfiles, 0 level0_numfiles_with_compaction, 0 stop for pending_compaction_bytes, 0 slowdown for pending_compaction_bytes, 0 memtable_compaction, 0 memtable_slowdown, interval 0 total count

** File Read Latency Histogram By Level [default] **

** Compaction Stats [usertable] **
Level    Files   Size     Score Read(GB)  Rn(GB) Rnp1(GB) Write(GB) Wnew(GB) Moved(GB) W-Amp Rd(MB/s) Wr(MB/s) Comp(sec) Comp(cnt) Avg(sec) KeyIn KeyDrop
----------------------------------------------------------------------------------------------------------------------------------------------------------
  L0      2/0   208.91 MB   1.0      0.0     0.0      0.0       0.0      0.0       0.0   1.0      0.0    201.3         0         1    0.212       0      0
  L1     11/0   467.57 MB   0.9      0.0     0.0      0.0       0.0      0.0       0.0   0.0      0.0      0.0         0         0    0.000       0      0
  L2     83/0    4.95 GB   1.0      0.0     0.0      0.0       0.0      0.0       0.0   0.0      0.0      0.0         0         0    0.000       0      0
  L3    183/0    9.51 GB   0.2      0.0     0.0      0.0       0.0      0.0       0.0   0.0      0.0      0.0         0         0    0.000       0      0
 Sum    279/0   15.11 GB   0.0      0.0     0.0      0.0       0.0      0.0       0.0   1.0      0.0    201.3         0         1    0.212       0      0
 Int      0/0    0.00 KB   0.0      0.0     0.0      0.0       0.0      0.0       0.0   1.0      0.0    201.3         0         1    0.212       0      0
Uptime(secs): 0.8 total, 0.8 interval
Flush(GB): cumulative 0.042, interval 0.042
AddFile(GB): cumulative 0.000, interval 0.000
AddFile(Total Files): cumulative 0, interval 0
AddFile(L0 Files): cumulative 0, interval 0
AddFile(Keys): cumulative 0, interval 0
Cumulative compaction: 0.04 GB write, 55.05 MB/s write, 0.00 GB read, 0.00 MB/s read, 0.2 seconds
Interval compaction: 0.04 GB write, 55.05 MB/s write, 0.00 GB read, 0.00 MB/s read, 0.2 seconds
Stalls(count): 0 level0_slowdown, 0 level0_slowdown_with_compaction, 0 level0_numfiles, 0 level0_numfiles_with_compaction, 0 stop for pending_compaction_bytes, 0 slowdown for pending_compaction_bytes, 0 memtable_compaction, 0 memtable_slowdown, interval 0 total count

** File Read Latency Histogram By Level [usertable] **

** Compaction Stats [default] **
Level    Files   Size     Score Read(GB)  Rn(GB) Rnp1(GB) Write(GB) Wnew(GB) Moved(GB) W-Amp Rd(MB/s) Wr(MB/s) Comp(sec) Comp(cnt) Avg(sec) KeyIn KeyDrop
----------------------------------------------------------------------------------------------------------------------------------------------------------
 Sum      0/0    0.00 KB   0.0      0.0     0.0      0.0       0.0      0.0       0.0   0.0      0.0      0.0         0         0    0.000       0      0
 Int      0/0    0.00 KB   0.0      0.0     0.0      0.0       0.0      0.0       0.0   0.0      0.0      0.0         0         0    0.000       0      0
Uptime(secs): 0.8 total, 0.0 interval
Flush(GB): cumulative 0.000, interval 0.000
AddFile(GB): cumulative 0.000, interval 0.000
AddFile(Total Files): cumulative 0, interval 0
AddFile(L0 Files): cumulative 0, interval 0
AddFile(Keys): cumulative 0, interval 0
Cumulative compaction: 0.00 GB write, 0.00 MB/s write, 0.00 GB read, 0.00 MB/s read, 0.0 seconds
Interval compaction: 0.00 GB write, 0.00 MB/s write, 0.00 GB read, 0.00 MB/s read, 0.0 seconds
Stalls(count): 0 level0_slowdown, 0 level0_slowdown_with_compaction, 0 level0_numfiles, 0 level0_numfiles_with_compaction, 0 stop for pending_compaction_bytes, 0 slowdown for pending_compaction_bytes, 0 memtable_compaction, 0 memtable_slowdown, interval 0 total count

** File Read Latency Histogram By Level [default] **

** Compaction Stats [usertable] **
Level    Files   Size     Score Read(GB)  Rn(GB) Rnp1(GB) Write(GB) Wnew(GB) Moved(GB) W-Amp Rd(MB/s) Wr(MB/s) Comp(sec) Comp(cnt) Avg(sec) KeyIn KeyDrop
----------------------------------------------------------------------------------------------------------------------------------------------------------
  L0      2/0   208.91 MB   1.0      0.0     0.0      0.0       0.0      0.0       0.0   1.0      0.0    201.3         0         1    0.212       0      0
  L1     11/0   467.57 MB   0.9      0.0     0.0      0.0       0.0      0.0       0.0   0.0      0.0      0.0         0         0    0.000       0      0
  L2     83/0    4.95 GB   1.0      0.0     0.0      0.0       0.0      0.0       0.0   0.0      0.0      0.0         0         0    0.000       0      0
  L3    183/0    9.51 GB   0.2      0.0     0.0      0.0       0.0      0.0       0.0   0.0      0.0      0.0         0         0    0.000       0      0
 Sum    279/0   15.11 GB   0.0      0.0     0.0      0.0       0.0      0.0       0.0   1.0      0.0    201.3         0         1    0.212       0      0
 Int      0/0    0.00 KB   0.0      0.0     0.0      0.0       0.0      0.0       0.0   0.0      0.0      0.0         0         0    0.000       0      0
Uptime(secs): 0.8 total, 0.0 interval
Flush(GB): cumulative 0.042, interval 0.000
AddFile(GB): cumulative 0.000, interval 0.000
AddFile(Total Files): cumulative 0, interval 0
AddFile(L0 Files): cumulative 0, interval 0
AddFile(Keys): cumulative 0, interval 0
Cumulative compaction: 0.04 GB write, 55.04 MB/s write, 0.00 GB read, 0.00 MB/s read, 0.2 seconds
Interval compaction: 0.00 GB write, 0.00 MB/s write, 0.00 GB read, 0.00 MB/s read, 0.0 seconds
Stalls(count): 0 level0_slowdown, 0 level0_slowdown_with_compaction, 0 level0_numfiles, 0 level0_numfiles_with_compaction, 0 stop for pending_compaction_bytes, 0 slowdown for pending_compaction_bytes, 0 memtable_compaction, 0 memtable_slowdown, interval 0 total count

** File Read Latency Histogram By Level [usertable] **
2018/10/20-09:35:25.608026 7f620f7fe700 [db/compaction_job.cc:1531] [usertable] [JOB 3] Compacting 2@0 + 11@1 files to L1, score 1.00
2018/10/20-09:35:25.608035 7f620f7fe700 [db/compaction_job.cc:1535] [usertable] Compaction start summary: Base version 5 Base level 0, inputs: [4974(42MB) 4971(166MB)], [4915(64MB) 4921(64MB) 4924(11MB) 4918(64MB) 4922(31MB) 4925(64MB) 4927(15MB) 4920(64MB) 4923(64MB) 4917(22MB) 4855(114KB)]
2018/10/20-09:35:25.608065 7f620f7fe700 EVENT_LOG_v1 {"time_micros": 1540053325608041, "job": 3, "event": "compaction_started", "compaction_reason": "LevelL0FilesNum", "files_L0": [4974, 4971], "files_L1": [4915, 4921, 4924, 4918, 4922, 4925, 4927, 4920, 4923, 4917, 4855], "score": 1, "input_data_size": 709336544}
2018/10/20-09:35:27.404275 7f6185ffb700 [db/compaction_job.cc:1211] [usertable] [JOB 3] Generated table #4979: 16277 keys, 67411788 bytes
2018/10/20-09:35:27.404324 7f6185ffb700 EVENT_LOG_v1 {"time_micros": 1540053327404305, "cf_name": "usertable", "job": 3, "event": "table_file_creation", "file_number": 4979, "file_size": 67411788, "table_properties": {"data_size": 67116596, "index_size": 294271, "filter_size": 0, "raw_key_size": 390648, "raw_average_key_size": 24, "raw_value_size": 66670592, "raw_average_value_size": 4096, "num_data_blocks": 8139, "num_entries": 16277, "filter_policy_name": "", "kDeletedKeys": "0", "kMergeOperands": "0"}}
2018/10/20-09:35:27.461613 7f620f7fe700 [db/compaction_job.cc:1211] [usertable] [JOB 3] Generated table #4978: 16277 keys, 67411846 bytes
2018/10/20-09:35:27.461647 7f620f7fe700 EVENT_LOG_v1 {"time_micros": 1540053327461633, "cf_name": "usertable", "job": 3, "event": "table_file_creation", "file_number": 4978, "file_size": 67411846, "table_properties": {"data_size": 67116350, "index_size": 294575, "filter_size": 0, "raw_key_size": 390648, "raw_average_key_size": 24, "raw_value_size": 66670592, "raw_average_value_size": 4096, "num_data_blocks": 8139, "num_entries": 16277, "filter_policy_name": "", "kDeletedKeys": "0", "kMergeOperands": "0"}}
2018/10/20-09:35:27.483061 7f6184ff9700 [db/compaction_job.cc:1211] [usertable] [JOB 3] Generated table #4980: 16277 keys, 67411888 bytes
2018/10/20-09:35:27.483096 7f6184ff9700 EVENT_LOG_v1 {"time_micros": 1540053327483084, "cf_name": "usertable", "job": 3, "event": "table_file_creation", "file_number": 4980, "file_size": 67411888, "table_properties": {"data_size": 67117965, "index_size": 293002, "filter_size": 0, "raw_key_size": 390648, "raw_average_key_size": 24, "raw_value_size": 66670592, "raw_average_value_size": 4096, "num_data_blocks": 8139, "num_entries": 16277, "filter_policy_name": "", "kDeletedKeys": "0", "kMergeOperands": "0"}}
2018/10/20-09:35:27.571603 7f61857fa700 [db/compaction_job.cc:1211] [usertable] [JOB 3] Generated table #4981: 16277 keys, 67411959 bytes
2018/10/20-09:35:27.571632 7f61857fa700 EVENT_LOG_v1 {"time_micros": 1540053327571619, "cf_name": "usertable", "job": 3, "event": "table_file_creation", "file_number": 4981, "file_size": 67411959, "table_properties": {"data_size": 67115456, "index_size": 295582, "filter_size": 0, "raw_key_size": 390648, "raw_average_key_size": 24, "raw_value_size": 66670592, "raw_average_value_size": 4096, "num_data_blocks": 8139, "num_entries": 16277, "filter_policy_name": "", "kDeletedKeys": "0", "kMergeOperands": "0"}}
2018/10/20-09:35:30.108348 7f6185ffb700 [db/compaction_job.cc:1211] [usertable] [JOB 3] Generated table #4982: 15740 keys, 65187752 bytes
2018/10/20-09:35:30.108396 7f6185ffb700 EVENT_LOG_v1 {"time_micros": 1540053330108378, "cf_name": "usertable", "job": 3, "event": "table_file_creation", "file_number": 4982, "file_size": 65187752, "table_properties": {"data_size": 64902960, "index_size": 283871, "filter_size": 0, "raw_key_size": 377760, "raw_average_key_size": 24, "raw_value_size": 64471040, "raw_average_value_size": 4096, "num_data_blocks": 7870, "num_entries": 15740, "filter_policy_name": "", "kDeletedKeys": "0", "kMergeOperands": "0"}}
2018/10/20-09:35:30.274778 7f6184ff9700 [db/compaction_job.cc:1211] [usertable] [JOB 3] Generated table #4984: 16277 keys, 67411986 bytes
2018/10/20-09:35:30.274820 7f6184ff9700 EVENT_LOG_v1 {"time_micros": 1540053330274809, "cf_name": "usertable", "job": 3, "event": "table_file_creation", "file_number": 4984, "file_size": 67411986, "table_properties": {"data_size": 67117707, "index_size": 293358, "filter_size": 0, "raw_key_size": 390648, "raw_average_key_size": 24, "raw_value_size": 66670592, "raw_average_value_size": 4096, "num_data_blocks": 8139, "num_entries": 16277, "filter_policy_name": "", "kDeletedKeys": "0", "kMergeOperands": "0"}}
2018/10/20-09:35:30.340670 7f620f7fe700 [db/compaction_job.cc:1211] [usertable] [JOB 3] Generated table #4983: 16277 keys, 67411723 bytes
2018/10/20-09:35:30.340704 7f620f7fe700 EVENT_LOG_v1 {"time_micros": 1540053330340690, "cf_name": "usertable", "job": 3, "event": "table_file_creation", "file_number": 4983, "file_size": 67411723, "table_properties": {"data_size": 67118727, "index_size": 292075, "filter_size": 0, "raw_key_size": 390648, "raw_average_key_size": 24, "raw_value_size": 66670592, "raw_average_value_size": 4096, "num_data_blocks": 8139, "num_entries": 16277, "filter_policy_name": "", "kDeletedKeys": "0", "kMergeOperands": "0"}}
2018/10/20-09:35:30.574491 7f61857fa700 [db/compaction_job.cc:1211] [usertable] [JOB 3] Generated table #4985: 16277 keys, 67411827 bytes
2018/10/20-09:35:30.574534 7f61857fa700 EVENT_LOG_v1 {"time_micros": 1540053330574517, "cf_name": "usertable", "job": 3, "event": "table_file_creation", "file_number": 4985, "file_size": 67411827, "table_properties": {"data_size": 67116293, "index_size": 294613, "filter_size": 0, "raw_key_size": 390648, "raw_average_key_size": 24, "raw_value_size": 66670592, "raw_average_value_size": 4096, "num_data_blocks": 8139, "num_entries": 16277, "filter_policy_name": "", "kDeletedKeys": "0", "kMergeOperands": "0"}}
2018/10/20-09:35:31.109774 7f6184ff9700 [db/compaction_job.cc:1211] [usertable] [JOB 3] Generated table #4986: 6702 keys, 27757016 bytes
2018/10/20-09:35:31.109817 7f6184ff9700 EVENT_LOG_v1 {"time_micros": 1540053331109800, "cf_name": "usertable", "job": 3, "event": "table_file_creation", "file_number": 4986, "file_size": 27757016, "table_properties": {"data_size": 27635879, "index_size": 120216, "filter_size": 0, "raw_key_size": 160848, "raw_average_key_size": 24, "raw_value_size": 27451392, "raw_average_value_size": 4096, "num_data_blocks": 3351, "num_entries": 6702, "filter_policy_name": "", "kDeletedKeys": "0", "kMergeOperands": "0"}}
2018/10/20-09:35:31.342284 7f6184ff9700 [db/compaction_job.cc:1211] [usertable] [JOB 3] Generated table #4989: 2264 keys, 9376979 bytes
2018/10/20-09:35:31.342324 7f6184ff9700 EVENT_LOG_v1 {"time_micros": 1540053331342307, "cf_name": "usertable", "job": 3, "event": "table_file_creation", "file_number": 4989, "file_size": 9376979, "table_properties": {"data_size": 9335620, "index_size": 40438, "filter_size": 0, "raw_key_size": 54336, "raw_average_key_size": 24, "raw_value_size": 9273344, "raw_average_value_size": 4096, "num_data_blocks": 1132, "num_entries": 2264, "filter_policy_name": "", "kDeletedKeys": "0", "kMergeOperands": "0"}}
2018/10/20-09:35:31.612981 7f61857fa700 [db/compaction_job.cc:1211] [usertable] [JOB 3] Generated table #4988: 10993 keys, 45528266 bytes
2018/10/20-09:35:31.613023 7f61857fa700 EVENT_LOG_v1 {"time_micros": 1540053331613005, "cf_name": "usertable", "job": 3, "event": "table_file_creation", "file_number": 4988, "file_size": 45528266, "table_properties": {"data_size": 45327674, "index_size": 199671, "filter_size": 0, "raw_key_size": 263832, "raw_average_key_size": 24, "raw_value_size": 45027328, "raw_average_value_size": 4096, "num_data_blocks": 5497, "num_entries": 10993, "filter_policy_name": "", "kDeletedKeys": "0", "kMergeOperands": "0"}}
2018/10/20-09:35:31.670893 7f620f7fe700 [db/compaction_job.cc:1211] [usertable] [JOB 3] Generated table #4987: 12960 keys, 53674541 bytes
