2018/12/16-06:52:27.093285 7f7582aff700 RocksDB version: 5.14.3
2018/12/16-06:52:27.093354 7f7582aff700 Git sha rocksdb_build_git_sha:
2018/12/16-06:52:27.093357 7f7582aff700 Compile date Dec 15 2018
2018/12/16-06:52:27.093360 7f7582aff700 DB SUMMARY
2018/12/16-06:52:27.093960 7f7582aff700 CURRENT file:  CURRENT
2018/12/16-06:52:27.093963 7f7582aff700 IDENTITY file:  IDENTITY
2018/12/16-06:52:27.093973 7f7582aff700 MANIFEST file:  MANIFEST-000004 size: 128674 Bytes
2018/12/16-06:52:27.093976 7f7582aff700 SST files in /mnt/sda/ycsb-rocksdb-data dir, Total Num: 670, files: 000021.sst 000022.sst 000023.sst 000024.sst 000028.sst 000029.sst 000030.sst 000031.sst 000035.sst 
2018/12/16-06:52:27.093978 7f7582aff700 Write Ahead Log file in /mnt/sda/ycsb-rocksdb-data: 001292.log size: 100524978 ; 001297.log size: 16755201 ; 
2018/12/16-06:52:27.093983 7f7582aff700                         Options.error_if_exists: 0
2018/12/16-06:52:27.093984 7f7582aff700                       Options.create_if_missing: 1
2018/12/16-06:52:27.093985 7f7582aff700                         Options.paranoid_checks: 1
2018/12/16-06:52:27.093986 7f7582aff700                                     Options.env: 0x7f758105e2c0
2018/12/16-06:52:27.093987 7f7582aff700                                Options.info_log: 0x7f74bc3d1160
2018/12/16-06:52:27.093988 7f7582aff700                Options.max_file_opening_threads: 16
2018/12/16-06:52:27.093989 7f7582aff700                              Options.statistics: (nil)
2018/12/16-06:52:27.093991 7f7582aff700                               Options.use_fsync: 0
2018/12/16-06:52:27.093992 7f7582aff700                       Options.max_log_file_size: 0
2018/12/16-06:52:27.093993 7f7582aff700                  Options.max_manifest_file_size: 18446744073709551615
2018/12/16-06:52:27.093994 7f7582aff700                   Options.log_file_time_to_roll: 0
2018/12/16-06:52:27.093995 7f7582aff700                       Options.keep_log_file_num: 1000
2018/12/16-06:52:27.093996 7f7582aff700                    Options.recycle_log_file_num: 0
2018/12/16-06:52:27.093996 7f7582aff700                         Options.allow_fallocate: 1
2018/12/16-06:52:27.093997 7f7582aff700                        Options.allow_mmap_reads: 0
2018/12/16-06:52:27.093998 7f7582aff700                       Options.allow_mmap_writes: 0
2018/12/16-06:52:27.093999 7f7582aff700                        Options.use_direct_reads: 0
2018/12/16-06:52:27.094000 7f7582aff700                        Options.use_direct_io_for_flush_and_compaction: 0
2018/12/16-06:52:27.094001 7f7582aff700          Options.create_missing_column_families: 1
2018/12/16-06:52:27.094002 7f7582aff700                              Options.db_log_dir: 
2018/12/16-06:52:27.094004 7f7582aff700                                 Options.wal_dir: /mnt/sda/ycsb-rocksdb-data
2018/12/16-06:52:27.094005 7f7582aff700                Options.table_cache_numshardbits: 6
2018/12/16-06:52:27.094007 7f7582aff700                      Options.max_subcompactions: 4
2018/12/16-06:52:27.094009 7f7582aff700                  Options.max_background_flushes: 24
2018/12/16-06:52:27.094011 7f7582aff700                         Options.WAL_ttl_seconds: 0
2018/12/16-06:52:27.094012 7f7582aff700                       Options.WAL_size_limit_MB: 0
2018/12/16-06:52:27.094014 7f7582aff700             Options.manifest_preallocation_size: 4194304
2018/12/16-06:52:27.094016 7f7582aff700                     Options.is_fd_close_on_exec: 1
2018/12/16-06:52:27.094018 7f7582aff700                   Options.advise_random_on_open: 1
2018/12/16-06:52:27.094020 7f7582aff700                    Options.db_write_buffer_size: 0
2018/12/16-06:52:27.094022 7f7582aff700                    Options.write_buffer_manager: 0x7f74bc3cdf50
2018/12/16-06:52:27.094024 7f7582aff700         Options.access_hint_on_compaction_start: 1
2018/12/16-06:52:27.094026 7f7582aff700  Options.new_table_reader_for_compaction_inputs: 0
2018/12/16-06:52:27.094028 7f7582aff700           Options.random_access_max_buffer_size: 1048576
2018/12/16-06:52:27.094030 7f7582aff700                      Options.use_adaptive_mutex: 0
2018/12/16-06:52:27.094031 7f7582aff700                            Options.rate_limiter: (nil)
2018/12/16-06:52:27.094054 7f7582aff700     Options.sst_file_manager.rate_bytes_per_sec: 0
2018/12/16-06:52:27.094056 7f7582aff700                       Options.wal_recovery_mode: 2
2018/12/16-06:52:27.094057 7f7582aff700                  Options.enable_thread_tracking: 0
2018/12/16-06:52:27.094058 7f7582aff700                  Options.enable_pipelined_write: 1
2018/12/16-06:52:27.094059 7f7582aff700         Options.allow_concurrent_memtable_write: 1
2018/12/16-06:52:27.094060 7f7582aff700      Options.enable_write_thread_adaptive_yield: 1
2018/12/16-06:52:27.094061 7f7582aff700             Options.write_thread_max_yield_usec: 100
2018/12/16-06:52:27.094062 7f7582aff700            Options.write_thread_slow_yield_usec: 3
2018/12/16-06:52:27.094063 7f7582aff700                               Options.row_cache: None
2018/12/16-06:52:27.094064 7f7582aff700                              Options.wal_filter: None
2018/12/16-06:52:27.094065 7f7582aff700             Options.avoid_flush_during_recovery: 0
2018/12/16-06:52:27.094065 7f7582aff700             Options.allow_ingest_behind: 0
2018/12/16-06:52:27.094066 7f7582aff700             Options.preserve_deletes: 0
2018/12/16-06:52:27.094067 7f7582aff700             Options.two_write_queues: 0
2018/12/16-06:52:27.094068 7f7582aff700             Options.manual_wal_flush: 0
2018/12/16-06:52:27.094070 7f7582aff700             Options.max_background_jobs: 24
2018/12/16-06:52:27.094071 7f7582aff700             Options.max_background_compactions: 24
2018/12/16-06:52:27.094072 7f7582aff700             Options.avoid_flush_during_shutdown: 0
2018/12/16-06:52:27.094073 7f7582aff700           Options.writable_file_max_buffer_size: 1048576
2018/12/16-06:52:27.094074 7f7582aff700             Options.delayed_write_rate : 16777216
2018/12/16-06:52:27.094075 7f7582aff700             Options.max_total_wal_size: 0
2018/12/16-06:52:27.094076 7f7582aff700             Options.delete_obsolete_files_period_micros: 21600000000
2018/12/16-06:52:27.094077 7f7582aff700                   Options.stats_dump_period_sec: 60
2018/12/16-06:52:27.094077 7f7582aff700                          Options.max_open_files: -1
2018/12/16-06:52:27.094078 7f7582aff700                          Options.bytes_per_sync: 1048576
2018/12/16-06:52:27.094079 7f7582aff700                      Options.wal_bytes_per_sync: 0
2018/12/16-06:52:27.094080 7f7582aff700       Options.compaction_readahead_size: 0
2018/12/16-06:52:27.094081 7f7582aff700 Compression algorithms supported:
2018/12/16-06:52:27.094083 7f7582aff700 	kZSTDNotFinalCompression supported: 1
2018/12/16-06:52:27.094092 7f7582aff700 	kZSTD supported: 1
2018/12/16-06:52:27.094093 7f7582aff700 	kXpressCompression supported: 0
2018/12/16-06:52:27.094094 7f7582aff700 	kLZ4HCCompression supported: 1
2018/12/16-06:52:27.094095 7f7582aff700 	kLZ4Compression supported: 1
2018/12/16-06:52:27.094096 7f7582aff700 	kBZip2Compression supported: 1
2018/12/16-06:52:27.094097 7f7582aff700 	kZlibCompression supported: 1
2018/12/16-06:52:27.094098 7f7582aff700 	kSnappyCompression supported: 1
2018/12/16-06:52:27.094103 7f7582aff700 Fast CRC32 supported: Supported on x86
2018/12/16-06:52:27.094589 7f7582aff700 [db/version_set.cc:3085] Recovering from manifest file: MANIFEST-000004
2018/12/16-06:52:27.094762 7f7582aff700 [db/column_family.cc:475] --------------- Options for column family [default]:
2018/12/16-06:52:27.094768 7f7582aff700               Options.comparator: leveldb.BytewiseComparator
2018/12/16-06:52:27.094770 7f7582aff700           Options.merge_operator: None
2018/12/16-06:52:27.094772 7f7582aff700        Options.compaction_filter: None
2018/12/16-06:52:27.094773 7f7582aff700        Options.compaction_filter_factory: None
2018/12/16-06:52:27.094775 7f7582aff700         Options.memtable_factory: SkipListFactory
2018/12/16-06:52:27.094778 7f7582aff700            Options.table_factory: BlockBasedTable
2018/12/16-06:52:27.094809 7f7582aff700            table_factory options:   flush_block_policy_factory: FlushBlockBySizePolicyFactory (0x7f74bc37a9f0)
  cache_index_and_filter_blocks: 0
  cache_index_and_filter_blocks_with_high_priority: 0
  pin_l0_filter_and_index_blocks_in_cache: 0
  index_type: 0
  hash_index_allow_collision: 1
  checksum: 1
  no_block_cache: 0
  block_cache: 0x7f74bc386350
  block_cache_name: LRUCache
  block_cache_options:
    capacity : 8388608
    num_shard_bits : 4
    strict_capacity_limit : 0
    high_pri_pool_ratio: 0.000
  block_cache_compressed: (nil)
  persistent_cache: (nil)
  block_size: 8192
  block_size_deviation: 10
  block_restart_interval: 16
  index_block_restart_interval: 1
  metadata_block_size: 4096
  partition_filters: 0
  use_delta_encoding: 1
  filter_policy: nullptr
  whole_key_filtering: 1
  verify_compression: 0
  read_amp_bytes_per_bit: 0
  format_version: 2
  enable_index_compression: 1
  block_align: 0
2018/12/16-06:52:27.094825 7f7582aff700        Options.write_buffer_size: 134217728
2018/12/16-06:52:27.094827 7f7582aff700  Options.max_write_buffer_number: 24
2018/12/16-06:52:27.094829 7f7582aff700        Options.compression[0]: NoCompression
2018/12/16-06:52:27.094830 7f7582aff700        Options.compression[1]: NoCompression
2018/12/16-06:52:27.094831 7f7582aff700        Options.compression[2]: LZ4
2018/12/16-06:52:27.094832 7f7582aff700        Options.compression[3]: LZ4
2018/12/16-06:52:27.094834 7f7582aff700        Options.compression[4]: LZ4
2018/12/16-06:52:27.094835 7f7582aff700        Options.compression[5]: LZ4
2018/12/16-06:52:27.094836 7f7582aff700        Options.compression[6]: LZ4
2018/12/16-06:52:27.094837 7f7582aff700                  Options.bottommost_compression: Disabled
2018/12/16-06:52:27.094838 7f7582aff700       Options.prefix_extractor: nullptr
2018/12/16-06:52:27.094839 7f7582aff700   Options.memtable_insert_with_hint_prefix_extractor: nullptr
2018/12/16-06:52:27.094840 7f7582aff700             Options.num_levels: 7
2018/12/16-06:52:27.094841 7f7582aff700        Options.min_write_buffer_number_to_merge: 2
2018/12/16-06:52:27.094842 7f7582aff700     Options.max_write_buffer_number_to_maintain: 0
2018/12/16-06:52:27.094843 7f7582aff700            Options.compression_opts.window_bits: -14
2018/12/16-06:52:27.094844 7f7582aff700                  Options.compression_opts.level: -1
2018/12/16-06:52:27.094845 7f7582aff700               Options.compression_opts.strategy: 0
2018/12/16-06:52:27.094846 7f7582aff700         Options.compression_opts.max_dict_bytes: 0
2018/12/16-06:52:27.094847 7f7582aff700         Options.compression_opts.zstd_max_train_bytes: 0
2018/12/16-06:52:27.094848 7f7582aff700      Options.level0_file_num_compaction_trigger: 2
2018/12/16-06:52:27.094849 7f7582aff700          Options.level0_slowdown_writes_trigger: 20
2018/12/16-06:52:27.094849 7f7582aff700              Options.level0_stop_writes_trigger: 36
2018/12/16-06:52:27.094850 7f7582aff700                   Options.target_file_size_base: 67108864
2018/12/16-06:52:27.094851 7f7582aff700             Options.target_file_size_multiplier: 1
2018/12/16-06:52:27.094852 7f7582aff700                Options.max_bytes_for_level_base: 536870912
2018/12/16-06:52:27.094853 7f7582aff700 Options.level_compaction_dynamic_level_bytes: 0
2018/12/16-06:52:27.094854 7f7582aff700          Options.max_bytes_for_level_multiplier: 10.000000
2018/12/16-06:52:27.094857 7f7582aff700 Options.max_bytes_for_level_multiplier_addtl[0]: 1
2018/12/16-06:52:27.094858 7f7582aff700 Options.max_bytes_for_level_multiplier_addtl[1]: 1
2018/12/16-06:52:27.094859 7f7582aff700 Options.max_bytes_for_level_multiplier_addtl[2]: 1
2018/12/16-06:52:27.094860 7f7582aff700 Options.max_bytes_for_level_multiplier_addtl[3]: 1
2018/12/16-06:52:27.094861 7f7582aff700 Options.max_bytes_for_level_multiplier_addtl[4]: 1
2018/12/16-06:52:27.094862 7f7582aff700 Options.max_bytes_for_level_multiplier_addtl[5]: 1
2018/12/16-06:52:27.094863 7f7582aff700 Options.max_bytes_for_level_multiplier_addtl[6]: 1
2018/12/16-06:52:27.094864 7f7582aff700       Options.max_sequential_skip_in_iterations: 8
2018/12/16-06:52:27.094864 7f7582aff700                    Options.max_compaction_bytes: 1677721600
2018/12/16-06:52:27.094872 7f7582aff700                        Options.arena_block_size: 16777216
2018/12/16-06:52:27.094873 7f7582aff700   Options.soft_pending_compaction_bytes_limit: 68719476736
2018/12/16-06:52:27.094874 7f7582aff700   Options.hard_pending_compaction_bytes_limit: 274877906944
2018/12/16-06:52:27.094875 7f7582aff700       Options.rate_limit_delay_max_milliseconds: 100
2018/12/16-06:52:27.094876 7f7582aff700                Options.disable_auto_compactions: 0
2018/12/16-06:52:27.094878 7f7582aff700                        Options.compaction_style: kCompactionStyleLevel
2018/12/16-06:52:27.094880 7f7582aff700                          Options.compaction_pri: kByCompensatedSize
2018/12/16-06:52:27.094881 7f7582aff700 Options.compaction_options_universal.size_ratio: 1
2018/12/16-06:52:27.094882 7f7582aff700 Options.compaction_options_universal.min_merge_width: 2
2018/12/16-06:52:27.094883 7f7582aff700 Options.compaction_options_universal.max_merge_width: 4294967295
2018/12/16-06:52:27.094884 7f7582aff700 Options.compaction_options_universal.max_size_amplification_percent: 200
2018/12/16-06:52:27.094885 7f7582aff700 Options.compaction_options_universal.compression_size_percent: -1
2018/12/16-06:52:27.094887 7f7582aff700 Options.compaction_options_universal.stop_style: kCompactionStopStyleTotalSize
2018/12/16-06:52:27.094888 7f7582aff700 Options.compaction_options_fifo.max_table_files_size: 1073741824
2018/12/16-06:52:27.094889 7f7582aff700 Options.compaction_options_fifo.allow_compaction: 0
2018/12/16-06:52:27.094890 7f7582aff700 Options.compaction_options_fifo.ttl: 0
2018/12/16-06:52:27.094891 7f7582aff700                   Options.table_properties_collectors: 
2018/12/16-06:52:27.094892 7f7582aff700                   Options.inplace_update_support: 0
2018/12/16-06:52:27.094893 7f7582aff700                 Options.inplace_update_num_locks: 10000
2018/12/16-06:52:27.094894 7f7582aff700               Options.memtable_prefix_bloom_size_ratio: 0.000000
2018/12/16-06:52:27.094895 7f7582aff700   Options.memtable_huge_page_size: 0
2018/12/16-06:52:27.094896 7f7582aff700                           Options.bloom_locality: 0
2018/12/16-06:52:27.094897 7f7582aff700                    Options.max_successive_merges: 0
2018/12/16-06:52:27.094898 7f7582aff700                Options.optimize_filters_for_hits: 0
2018/12/16-06:52:27.094899 7f7582aff700                Options.paranoid_file_checks: 0
2018/12/16-06:52:27.094900 7f7582aff700                Options.force_consistency_checks: 0
2018/12/16-06:52:27.094901 7f7582aff700                Options.report_bg_io_stats: 0
2018/12/16-06:52:27.094902 7f7582aff700                               Options.ttl: 0
2018/12/16-06:52:27.095385 7f7582aff700 [db/column_family.cc:475] --------------- Options for column family [usertable]:
2018/12/16-06:52:27.095390 7f7582aff700               Options.comparator: leveldb.BytewiseComparator
2018/12/16-06:52:27.095391 7f7582aff700           Options.merge_operator: None
2018/12/16-06:52:27.095393 7f7582aff700        Options.compaction_filter: None
2018/12/16-06:52:27.095394 7f7582aff700        Options.compaction_filter_factory: None
2018/12/16-06:52:27.095395 7f7582aff700         Options.memtable_factory: SkipListFactory
2018/12/16-06:52:27.095396 7f7582aff700            Options.table_factory: BlockBasedTable
2018/12/16-06:52:27.095422 7f7582aff700            table_factory options:   flush_block_policy_factory: FlushBlockBySizePolicyFactory (0x7f74bc37a7c0)
  cache_index_and_filter_blocks: 0
  cache_index_and_filter_blocks_with_high_priority: 0
  pin_l0_filter_and_index_blocks_in_cache: 0
  index_type: 0
  hash_index_allow_collision: 1
  checksum: 1
  no_block_cache: 0
  block_cache: 0x7f74bc37b260
  block_cache_name: LRUCache
  block_cache_options:
    capacity : 8388608
    num_shard_bits : 4
    strict_capacity_limit : 0
    high_pri_pool_ratio: 0.000
  block_cache_compressed: (nil)
  persistent_cache: (nil)
  block_size: 8192
  block_size_deviation: 10
  block_restart_interval: 16
  index_block_restart_interval: 1
  metadata_block_size: 4096
  partition_filters: 0
  use_delta_encoding: 1
  filter_policy: nullptr
  whole_key_filtering: 1
  verify_compression: 0
  read_amp_bytes_per_bit: 0
  format_version: 2
  enable_index_compression: 1
  block_align: 0
2018/12/16-06:52:27.095438 7f7582aff700        Options.write_buffer_size: 134217728
2018/12/16-06:52:27.095439 7f7582aff700  Options.max_write_buffer_number: 24
2018/12/16-06:52:27.095441 7f7582aff700        Options.compression[0]: NoCompression
2018/12/16-06:52:27.095442 7f7582aff700        Options.compression[1]: NoCompression
2018/12/16-06:52:27.095443 7f7582aff700        Options.compression[2]: LZ4
2018/12/16-06:52:27.095444 7f7582aff700        Options.compression[3]: LZ4
2018/12/16-06:52:27.095446 7f7582aff700        Options.compression[4]: LZ4
2018/12/16-06:52:27.095447 7f7582aff700        Options.compression[5]: LZ4
2018/12/16-06:52:27.095448 7f7582aff700        Options.compression[6]: LZ4
2018/12/16-06:52:27.095449 7f7582aff700                  Options.bottommost_compression: Disabled
2018/12/16-06:52:27.095450 7f7582aff700       Options.prefix_extractor: nullptr
2018/12/16-06:52:27.095451 7f7582aff700   Options.memtable_insert_with_hint_prefix_extractor: nullptr
2018/12/16-06:52:27.095452 7f7582aff700             Options.num_levels: 7
2018/12/16-06:52:27.095453 7f7582aff700        Options.min_write_buffer_number_to_merge: 2
2018/12/16-06:52:27.095454 7f7582aff700     Options.max_write_buffer_number_to_maintain: 0
2018/12/16-06:52:27.095455 7f7582aff700            Options.compression_opts.window_bits: -14
2018/12/16-06:52:27.095456 7f7582aff700                  Options.compression_opts.level: -1
2018/12/16-06:52:27.095457 7f7582aff700               Options.compression_opts.strategy: 0
2018/12/16-06:52:27.095457 7f7582aff700         Options.compression_opts.max_dict_bytes: 0
2018/12/16-06:52:27.095458 7f7582aff700         Options.compression_opts.zstd_max_train_bytes: 0
2018/12/16-06:52:27.095459 7f7582aff700      Options.level0_file_num_compaction_trigger: 2
2018/12/16-06:52:27.095460 7f7582aff700          Options.level0_slowdown_writes_trigger: 20
2018/12/16-06:52:27.095461 7f7582aff700              Options.level0_stop_writes_trigger: 36
2018/12/16-06:52:27.095462 7f7582aff700                   Options.target_file_size_base: 67108864
2018/12/16-06:52:27.095463 7f7582aff700             Options.target_file_size_multiplier: 1
2018/12/16-06:52:27.095464 7f7582aff700                Options.max_bytes_for_level_base: 536870912
2018/12/16-06:52:27.095465 7f7582aff700 Options.level_compaction_dynamic_level_bytes: 0
2018/12/16-06:52:27.095466 7f7582aff700          Options.max_bytes_for_level_multiplier: 10.000000
2018/12/16-06:52:27.095468 7f7582aff700 Options.max_bytes_for_level_multiplier_addtl[0]: 1
2018/12/16-06:52:27.095469 7f7582aff700 Options.max_bytes_for_level_multiplier_addtl[1]: 1
2018/12/16-06:52:27.095470 7f7582aff700 Options.max_bytes_for_level_multiplier_addtl[2]: 1
2018/12/16-06:52:27.095471 7f7582aff700 Options.max_bytes_for_level_multiplier_addtl[3]: 1
2018/12/16-06:52:27.095472 7f7582aff700 Options.max_bytes_for_level_multiplier_addtl[4]: 1
2018/12/16-06:52:27.095473 7f7582aff700 Options.max_bytes_for_level_multiplier_addtl[5]: 1
2018/12/16-06:52:27.095474 7f7582aff700 Options.max_bytes_for_level_multiplier_addtl[6]: 1
2018/12/16-06:52:27.095475 7f7582aff700       Options.max_sequential_skip_in_iterations: 8
2018/12/16-06:52:27.095476 7f7582aff700                    Options.max_compaction_bytes: 1677721600
2018/12/16-06:52:27.095477 7f7582aff700                        Options.arena_block_size: 16777216
2018/12/16-06:52:27.095478 7f7582aff700   Options.soft_pending_compaction_bytes_limit: 68719476736
2018/12/16-06:52:27.095479 7f7582aff700   Options.hard_pending_compaction_bytes_limit: 274877906944
2018/12/16-06:52:27.095480 7f7582aff700       Options.rate_limit_delay_max_milliseconds: 100
2018/12/16-06:52:27.095481 7f7582aff700                Options.disable_auto_compactions: 0
2018/12/16-06:52:27.095483 7f7582aff700                        Options.compaction_style: kCompactionStyleLevel
2018/12/16-06:52:27.095490 7f7582aff700                          Options.compaction_pri: kByCompensatedSize
2018/12/16-06:52:27.095492 7f7582aff700 Options.compaction_options_universal.size_ratio: 1
2018/12/16-06:52:27.095493 7f7582aff700 Options.compaction_options_universal.min_merge_width: 2
2018/12/16-06:52:27.095494 7f7582aff700 Options.compaction_options_universal.max_merge_width: 4294967295
2018/12/16-06:52:27.095495 7f7582aff700 Options.compaction_options_universal.max_size_amplification_percent: 200
2018/12/16-06:52:27.095496 7f7582aff700 Options.compaction_options_universal.compression_size_percent: -1
2018/12/16-06:52:27.095497 7f7582aff700 Options.compaction_options_universal.stop_style: kCompactionStopStyleTotalSize
2018/12/16-06:52:27.095498 7f7582aff700 Options.compaction_options_fifo.max_table_files_size: 1073741824
2018/12/16-06:52:27.095499 7f7582aff700 Options.compaction_options_fifo.allow_compaction: 0
2018/12/16-06:52:27.095500 7f7582aff700 Options.compaction_options_fifo.ttl: 0
2018/12/16-06:52:27.095501 7f7582aff700                   Options.table_properties_collectors: 
2018/12/16-06:52:27.095502 7f7582aff700                   Options.inplace_update_support: 0
2018/12/16-06:52:27.095503 7f7582aff700                 Options.inplace_update_num_locks: 10000
2018/12/16-06:52:27.095504 7f7582aff700               Options.memtable_prefix_bloom_size_ratio: 0.000000
2018/12/16-06:52:27.095506 7f7582aff700   Options.memtable_huge_page_size: 0
2018/12/16-06:52:27.095507 7f7582aff700                           Options.bloom_locality: 0
2018/12/16-06:52:27.095508 7f7582aff700                    Options.max_successive_merges: 0
2018/12/16-06:52:27.095509 7f7582aff700                Options.optimize_filters_for_hits: 0
2018/12/16-06:52:27.095510 7f7582aff700                Options.paranoid_file_checks: 0
2018/12/16-06:52:27.095511 7f7582aff700                Options.force_consistency_checks: 0
2018/12/16-06:52:27.095512 7f7582aff700                Options.report_bg_io_stats: 0
2018/12/16-06:52:27.095513 7f7582aff700                               Options.ttl: 0
2018/12/16-06:52:27.630145 7f7582aff700 [db/version_set.cc:3361] Recovered from manifest file:/mnt/sda/ycsb-rocksdb-data/MANIFEST-000004 succeeded,manifest_file_number is 4, next_file_number is 1298, last_sequence is 10440783, log_number is 0,prev_log_number is 0,max_column_family is 1,min_log_number_to_keep is 0
2018/12/16-06:52:27.630156 7f7582aff700 [db/version_set.cc:3369] Column family [default] (ID 0), log number is 0
2018/12/16-06:52:27.630158 7f7582aff700 [db/version_set.cc:3369] Column family [usertable] (ID 1), log number is 1292
2018/12/16-06:52:27.632367 7f7582aff700 EVENT_LOG_v1 {"time_micros": 1544971947632353, "job": 1, "event": "recovery_started", "log_files": [1292, 1297]}
2018/12/16-06:52:27.632376 7f7582aff700 [db/db_impl_open.cc:551] Recovering log #1292 mode 2
2018/12/16-06:52:27.911848 7f7582aff700 [db/db_impl_open.cc:551] Recovering log #1297 mode 2
2018/12/16-06:52:27.959482 7f7582aff700 [db/version_set.cc:2847] Creating manifest 1299
2018/12/16-06:52:28.502254 7f7582aff700 EVENT_LOG_v1 {"time_micros": 1544971948502228, "cf_name": "usertable", "job": 1, "event": "table_file_creation", "file_number": 1300, "file_size": 117429774, "table_properties": {"data_size": 116907679, "index_size": 521173, "filter_size": 0, "raw_key_size": 680520, "raw_average_key_size": 24, "raw_value_size": 116142080, "raw_average_value_size": 4096, "num_data_blocks": 14178, "num_entries": 28355, "filter_policy_name": "", "kDeletedKeys": "0", "kMergeOperands": "0"}}
2018/12/16-06:52:28.538056 7f7582aff700 EVENT_LOG_v1 {"time_micros": 1544971948538053, "job": 1, "event": "recovery_finished"}
2018/12/16-06:52:28.595722 7f7582aff700 [db/db_impl_open.cc:1219] DB pointer 0x7f74bc3d1680
2018/12/16-06:52:28.596003 7f755b7fe700 [WARN] [db/db_impl.cc:491] ------- DUMPING STATS -------
2018/12/16-06:52:28.596047 7f755b7fe700 [WARN] [db/db_impl.cc:492] 
** DB Stats **
Uptime(secs): 1.5 total, 1.5 interval
Cumulative writes: 0 writes, 0 keys, 0 commit groups, 0.0 writes per commit group, ingest: 0.00 GB, 0.00 MB/s
Cumulative WAL: 0 writes, 0 syncs, 0.00 writes per sync, written: 0.00 GB, 0.00 MB/s
Cumulative stall: 00:00:0.000 H:M:S, 0.0 percent
Interval writes: 0 writes, 0 keys, 0 commit groups, 0.0 writes per commit group, ingest: 0.00 MB, 0.00 MB/s
Interval WAL: 0 writes, 0 syncs, 0.00 writes per sync, written: 0.00 MB, 0.00 MB/s
Interval stall: 00:00:0.000 H:M:S, 0.0 percent

** Compaction Stats [default] **
Level    Files   Size     Score Read(GB)  Rn(GB) Rnp1(GB) Write(GB) Wnew(GB) Moved(GB) W-Amp Rd(MB/s) Wr(MB/s) Comp(sec) Comp(cnt) Avg(sec) KeyIn KeyDrop
----------------------------------------------------------------------------------------------------------------------------------------------------------
 Sum      0/0    0.00 KB   0.0      0.0     0.0      0.0       0.0      0.0       0.0   0.0      0.0      0.0         0         0    0.000       0      0
 Int      0/0    0.00 KB   0.0      0.0     0.0      0.0       0.0      0.0       0.0   0.0      0.0      0.0         0         0    0.000       0      0
Uptime(secs): 1.5 total, 1.5 interval
Flush(GB): cumulative 0.000, interval 0.000
AddFile(GB): cumulative 0.000, interval 0.000
AddFile(Total Files): cumulative 0, interval 0
AddFile(L0 Files): cumulative 0, interval 0
AddFile(Keys): cumulative 0, interval 0
Cumulative compaction: 0.00 GB write, 0.00 MB/s write, 0.00 GB read, 0.00 MB/s read, 0.0 seconds
Interval compaction: 0.00 GB write, 0.00 MB/s write, 0.00 GB read, 0.00 MB/s read, 0.0 seconds
Stalls(count): 0 level0_slowdown, 0 level0_slowdown_with_compaction, 0 level0_numfiles, 0 level0_numfiles_with_compaction, 0 stop for pending_compaction_bytes, 0 slowdown for pending_compaction_bytes, 0 memtable_compaction, 0 memtable_slowdown, interval 0 total count

** File Read Latency Histogram By Level [default] **

** Compaction Stats [usertable] **
Level    Files   Size     Score Read(GB)  Rn(GB) Rnp1(GB) Write(GB) Wnew(GB) Moved(GB) W-Amp Rd(MB/s) Wr(MB/s) Comp(sec) Comp(cnt) Avg(sec) KeyIn KeyDrop
----------------------------------------------------------------------------------------------------------------------------------------------------------
  L0      2/0   303.94 MB   1.0      0.0     0.0      0.0       0.1      0.1       0.0   1.0      0.0    248.0         0         1    0.452       0      0
  L1      2/0   383.95 MB   0.7      0.0     0.0      0.0       0.0      0.0       0.0   0.0      0.0      0.0         0         0    0.000       0      0
  L2    114/0    4.96 GB   1.0      0.0     0.0      0.0       0.0      0.0       0.0   0.0      0.0      0.0         0         0    0.000       0      0
  L3    553/0   34.55 GB   0.7      0.0     0.0      0.0       0.0      0.0       0.0   0.0      0.0      0.0         0         0    0.000       0      0
 Sum    671/0   40.18 GB   0.0      0.0     0.0      0.0       0.1      0.1       0.0   1.0      0.0    248.0         0         1    0.452       0      0
 Int      0/0    0.00 KB   0.0      0.0     0.0      0.0       0.1      0.1       0.0   1.0      0.0    248.0         0         1    0.452       0      0
Uptime(secs): 1.5 total, 1.5 interval
Flush(GB): cumulative 0.109, interval 0.109
AddFile(GB): cumulative 0.000, interval 0.000
AddFile(Total Files): cumulative 0, interval 0
AddFile(L0 Files): cumulative 0, interval 0
AddFile(Keys): cumulative 0, interval 0
Cumulative compaction: 0.11 GB write, 74.63 MB/s write, 0.00 GB read, 0.00 MB/s read, 0.5 seconds
Interval compaction: 0.11 GB write, 74.63 MB/s write, 0.00 GB read, 0.00 MB/s read, 0.5 seconds
Stalls(count): 0 level0_slowdown, 0 level0_slowdown_with_compaction, 0 level0_numfiles, 0 level0_numfiles_with_compaction, 0 stop for pending_compaction_bytes, 0 slowdown for pending_compaction_bytes, 0 memtable_compaction, 0 memtable_slowdown, interval 0 total count

** File Read Latency Histogram By Level [usertable] **

** Compaction Stats [default] **
Level    Files   Size     Score Read(GB)  Rn(GB) Rnp1(GB) Write(GB) Wnew(GB) Moved(GB) W-Amp Rd(MB/s) Wr(MB/s) Comp(sec) Comp(cnt) Avg(sec) KeyIn KeyDrop
----------------------------------------------------------------------------------------------------------------------------------------------------------
 Sum      0/0    0.00 KB   0.0      0.0     0.0      0.0       0.0      0.0       0.0   0.0      0.0      0.0         0         0    0.000       0      0
 Int      0/0    0.00 KB   0.0      0.0     0.0      0.0       0.0      0.0       0.0   0.0      0.0      0.0         0         0    0.000       0      0
Uptime(secs): 1.5 total, 0.0 interval
Flush(GB): cumulative 0.000, interval 0.000
AddFile(GB): cumulative 0.000, interval 0.000
AddFile(Total Files): cumulative 0, interval 0
AddFile(L0 Files): cumulative 0, interval 0
AddFile(Keys): cumulative 0, interval 0
Cumulative compaction: 0.00 GB write, 0.00 MB/s write, 0.00 GB read, 0.00 MB/s read, 0.0 seconds
Interval compaction: 0.00 GB write, 0.00 MB/s write, 0.00 GB read, 0.00 MB/s read, 0.0 seconds
Stalls(count): 0 level0_slowdown, 0 level0_slowdown_with_compaction, 0 level0_numfiles, 0 level0_numfiles_with_compaction, 0 stop for pending_compaction_bytes, 0 slowdown for pending_compaction_bytes, 0 memtable_compaction, 0 memtable_slowdown, interval 0 total count

** File Read Latency Histogram By Level [default] **

** Compaction Stats [usertable] **
Level    Files   Size     Score Read(GB)  Rn(GB) Rnp1(GB) Write(GB) Wnew(GB) Moved(GB) W-Amp Rd(MB/s) Wr(MB/s) Comp(sec) Comp(cnt) Avg(sec) KeyIn KeyDrop
----------------------------------------------------------------------------------------------------------------------------------------------------------
  L0      2/0   303.94 MB   1.0      0.0     0.0      0.0       0.1      0.1       0.0   1.0      0.0    248.0         0         1    0.452       0      0
  L1      2/0   383.95 MB   0.7      0.0     0.0      0.0       0.0      0.0       0.0   0.0      0.0      0.0         0         0    0.000       0      0
  L2    114/0    4.96 GB   1.0      0.0     0.0      0.0       0.0      0.0       0.0   0.0      0.0      0.0         0         0    0.000       0      0
  L3    553/0   34.55 GB   0.7      0.0     0.0      0.0       0.0      0.0       0.0   0.0      0.0      0.0         0         0    0.000       0      0
 Sum    671/0   40.18 GB   0.0      0.0     0.0      0.0       0.1      0.1       0.0   1.0      0.0    248.0         0         1    0.452       0      0
 Int      0/0    0.00 KB   0.0      0.0     0.0      0.0       0.0      0.0       0.0   0.0      0.0      0.0         0         0    0.000       0      0
Uptime(secs): 1.5 total, 0.0 interval
Flush(GB): cumulative 0.109, interval 0.000
AddFile(GB): cumulative 0.000, interval 0.000
AddFile(Total Files): cumulative 0, interval 0
AddFile(L0 Files): cumulative 0, interval 0
AddFile(Keys): cumulative 0, interval 0
Cumulative compaction: 0.11 GB write, 74.63 MB/s write, 0.00 GB read, 0.00 MB/s read, 0.5 seconds
Interval compaction: 0.00 GB write, 0.00 MB/s write, 0.00 GB read, 0.00 MB/s read, 0.0 seconds
Stalls(count): 0 level0_slowdown, 0 level0_slowdown_with_compaction, 0 level0_numfiles, 0 level0_numfiles_with_compaction, 0 stop for pending_compaction_bytes, 0 slowdown for pending_compaction_bytes, 0 memtable_compaction, 0 memtable_slowdown, interval 0 total count

** File Read Latency Histogram By Level [usertable] **
2018/12/16-06:52:28.625436 7f755b7fe700 (Original Log Time 2018/12/16-06:52:28.596146) [db/db_impl_compaction_flush.cc:1835] [usertable] Moving #125 to level-1 201276337 bytes
2018/12/16-06:52:28.625440 7f755b7fe700 (Original Log Time 2018/12/16-06:52:28.625375) EVENT_LOG_v1 {"time_micros": 1544971948625368, "job": 3, "event": "trivial_move", "destination_level": 1, "files": 1, "total_files_size": 201276337}
2018/12/16-06:52:28.625442 7f755b7fe700 (Original Log Time 2018/12/16-06:52:28.625387) [db/db_impl_compaction_flush.cc:1864] [usertable] Moved #1 files to level-1 201276337 bytes OK: base level 1 max bytes base 536870912 files[1 3 114 553 0 0 0] max score 1.12
2018/12/16-06:52:28.625513 7f755b7fe700 [db/compaction_job.cc:1531] [usertable] [JOB 4] Compacting 1@1 files to L2, score 1.12
2018/12/16-06:52:28.625520 7f755b7fe700 [db/compaction_job.cc:1535] [usertable] Compaction start summary: Base version 6 Base level 1, inputs: [369(191MB)]
2018/12/16-06:52:28.625546 7f755b7fe700 EVENT_LOG_v1 {"time_micros": 1544971948625525, "job": 4, "event": "compaction_started", "compaction_reason": "LevelMaxLevelSize", "files_L1": [369], "score": 1.1248, "input_data_size": 201301184}
2018/12/16-06:52:29.306344 7f755b7fe700 [db/compaction_job.cc:1211] [usertable] [JOB 4] Generated table #1304: 16279 keys, 67233311 bytes
2018/12/16-06:52:29.306383 7f755b7fe700 EVENT_LOG_v1 {"time_micros": 1544971949306369, "cf_name": "usertable", "job": 4, "event": "table_file_creation", "file_number": 1304, "file_size": 67233311, "table_properties": {"data_size": 67118331, "index_size": 299107, "filter_size": 0, "raw_key_size": 390696, "raw_average_key_size": 24, "raw_value_size": 66678784, "raw_average_value_size": 4096, "num_data_blocks": 8140, "num_entries": 16279, "filter_policy_name": "", "kDeletedKeys": "0", "kMergeOperands": "0"}}
2018/12/16-06:52:30.766666 7f755b7fe700 [db/compaction_job.cc:1211] [usertable] [JOB 4] Generated table #1305: 16279 keys, 67233568 bytes
2018/12/16-06:52:30.766708 7f755b7fe700 EVENT_LOG_v1 {"time_micros": 1544971950766692, "cf_name": "usertable", "job": 4, "event": "table_file_creation", "file_number": 1305, "file_size": 67233568, "table_properties": {"data_size": 67120141, "index_size": 300916, "filter_size": 0, "raw_key_size": 390696, "raw_average_key_size": 24, "raw_value_size": 66678784, "raw_average_value_size": 4096, "num_data_blocks": 8140, "num_entries": 16279, "filter_policy_name": "", "kDeletedKeys": "0", "kMergeOperands": "0"}}
2018/12/16-06:52:32.179601 7f755b7fe700 [db/compaction_job.cc:1211] [usertable] [JOB 4] Generated table #1306: 16049 keys, 66283455 bytes
2018/12/16-06:52:32.179643 7f755b7fe700 EVENT_LOG_v1 {"time_micros": 1544971952179628, "cf_name": "usertable", "job": 4, "event": "table_file_creation", "file_number": 1306, "file_size": 66283455, "table_properties": {"data_size": 66170041, "index_size": 294878, "filter_size": 0, "raw_key_size": 385176, "raw_average_key_size": 24, "raw_value_size": 65736704, "raw_average_value_size": 4096, "num_data_blocks": 8025, "num_entries": 16049, "filter_policy_name": "", "kDeletedKeys": "0", "kMergeOperands": "0"}}
2018/12/16-06:52:32.179712 7f755b7fe700 [db/compaction_job.cc:1287] [usertable] [JOB 4] Compacted 1@1 files to L2 => 200750334 bytes
2018/12/16-06:52:32.315326 7f755b7fe700 (Original Log Time 2018/12/16-06:52:32.315247) [db/compaction_job.cc:685] [usertable] compacted to: base level 1 max bytes base 536870912 files[1 2 117 553 0 0 0] max score 1.03, MB/sec: 56.6 rd, 56.5 wr, level 2, files in(1, 0) out(3) MB in(192.0, 0.0) out(191.5), read-write-amplify(2.0) write-amplify(1.0) OK, records in: 48607, records dropped: 0 output_compression: LZ4
2018/12/16-06:52:32.315333 7f755b7fe700 (Original Log Time 2018/12/16-06:52:32.315277) EVENT_LOG_v1 {"time_micros": 1544971952315266, "job": 4, "event": "compaction_finished", "compaction_time_micros": 3554117, "output_level": 2, "num_output_files": 3, "total_output_size": 200750334, "num_input_records": 48607, "num_output_records": 48607, "num_subcompactions": 1, "output_compression": "LZ4", "num_single_delete_mismatches": 0, "num_single_delete_fallthrough": 0, "lsm_state": [1, 2, 117, 553, 0, 0, 0]}
2018/12/16-06:52:32.451308 7f7573fff700 (Original Log Time 2018/12/16-06:52:32.315509) [db/db_impl_compaction_flush.cc:1835] [usertable] Moving #1305 to level-3 67233568 bytes
2018/12/16-06:52:32.451313 7f7573fff700 (Original Log Time 2018/12/16-06:52:32.451239) EVENT_LOG_v1 {"time_micros": 1544971952451232, "job": 5, "event": "trivial_move", "destination_level": 3, "files": 1, "total_files_size": 67233568}
2018/12/16-06:52:32.451315 7f7573fff700 (Original Log Time 2018/12/16-06:52:32.451260) [db/db_impl_compaction_flush.cc:1864] [usertable] Moved #1 files to level-3 67233568 bytes OK: base level 1 max bytes base 536870912 files[1 2 116 554 0 0 0] max score 1.02
2018/12/16-06:52:32.468145 7f7573fff700 EVENT_LOG_v1 {"time_micros": 1544971952468141, "job": 5, "event": "table_file_deletion", "file_number": 369}
2018/12/16-06:52:32.510796 7f7573fff700 (Original Log Time 2018/12/16-06:52:32.468273) [db/db_impl_compaction_flush.cc:1835] [usertable] Moving #1304 to level-3 67233311 bytes
2018/12/16-06:52:32.510799 7f7573fff700 (Original Log Time 2018/12/16-06:52:32.510754) EVENT_LOG_v1 {"time_micros": 1544971952510750, "job": 6, "event": "trivial_move", "destination_level": 3, "files": 1, "total_files_size": 67233311}
2018/12/16-06:52:32.510801 7f7573fff700 (Original Log Time 2018/12/16-06:52:32.510763) [db/db_impl_compaction_flush.cc:1864] [usertable] Moved #1 files to level-3 67233311 bytes OK: base level 1 max bytes base 536870912 files[1 2 115 555 0 0 0] max score 1.00
2018/12/16-06:52:32.542525 7f7573fff700 (Original Log Time 2018/12/16-06:52:32.510952) [db/db_impl_compaction_flush.cc:1835] [usertable] Moving #983 to level-3 66287570 bytes
2018/12/16-06:52:32.542530 7f7573fff700 (Original Log Time 2018/12/16-06:52:32.542475) EVENT_LOG_v1 {"time_micros": 1544971952542469, "job": 7, "event": "trivial_move", "destination_level": 3, "files": 1, "total_files_size": 66287570}
2018/12/16-06:52:32.542532 7f7573fff700 (Original Log Time 2018/12/16-06:52:32.542490) [db/db_impl_compaction_flush.cc:1864] [usertable] Moved #1 files to level-3 66287570 bytes OK: base level 1 max bytes base 536870912 files[1 2 114 556 0 0 0] max score 0.99
2018/12/16-06:52:33.523118 7f75828fd700 [db/db_impl_write.cc:1373] [usertable] New memtable created with log file: #1307. Immutable memtables: 0.
2018/12/16-06:52:34.725959 7f7581ff4700 [db/db_impl_write.cc:1373] [usertable] New memtable created with log file: #1308. Immutable memtables: 1.
2018/12/16-06:52:34.726074 7f755affd700 [db/db_impl_compaction_flush.cc:80] [JOB 8] Syncing log #1301
2018/12/16-06:52:35.886034 7f755affd700 [db/db_impl_compaction_flush.cc:80] [JOB 8] Syncing log #1307
2018/12/16-06:52:37.334894 7f755affd700 (Original Log Time 2018/12/16-06:52:34.726035) [db/db_impl_compaction_flush.cc:1424] Calling FlushMemTableToOutputFile with column family [usertable], flush slots available 24, compaction slots available 1, flush slots scheduled 1, compaction slots scheduled 0
2018/12/16-06:52:37.334910 7f755affd700 [db/flush_job.cc:301] [usertable] [JOB 8] Flushing memtable with next log file: 1307
2018/12/16-06:52:37.334918 7f755affd700 [db/flush_job.cc:301] [usertable] [JOB 8] Flushing memtable with next log file: 1308
2018/12/16-06:52:37.334951 7f755affd700 EVENT_LOG_v1 {"time_micros": 1544971957334940, "job": 8, "event": "flush_started", "num_memtables": 2, "num_entries": 53453, "num_deletes": 0, "memory_usage": 240305592, "flush_reason": "Write Buffer Full"}
2018/12/16-06:52:37.334962 7f755affd700 [db/flush_job.cc:331] [usertable] [JOB 8] Level-0 flush table #1309: started
