2018/12/16-02:33:48.543266 7f597c7d2700 RocksDB version: 5.14.3
2018/12/16-02:33:48.543314 7f597c7d2700 Git sha rocksdb_build_git_sha:
2018/12/16-02:33:48.543317 7f597c7d2700 Compile date Dec 15 2018
2018/12/16-02:33:48.543321 7f597c7d2700 DB SUMMARY
2018/12/16-02:33:48.543949 7f597c7d2700 CURRENT file:  CURRENT
2018/12/16-02:33:48.543953 7f597c7d2700 IDENTITY file:  IDENTITY
2018/12/16-02:33:48.543963 7f597c7d2700 MANIFEST file:  MANIFEST-000004 size: 129371 Bytes
2018/12/16-02:33:48.543966 7f597c7d2700 SST files in /mnt/sda/ycsb-rocksdb-data dir, Total Num: 678, files: 000021.sst 000022.sst 000023.sst 000024.sst 000028.sst 000029.sst 000030.sst 000031.sst 000035.sst 
2018/12/16-02:33:48.543967 7f597c7d2700 Write Ahead Log file in /mnt/sda/ycsb-rocksdb-data: 001306.log size: 100541987 ; 001309.log size: 98477428 ; 
2018/12/16-02:33:48.543973 7f597c7d2700                         Options.error_if_exists: 0
2018/12/16-02:33:48.543974 7f597c7d2700                       Options.create_if_missing: 1
2018/12/16-02:33:48.543976 7f597c7d2700                         Options.paranoid_checks: 1
2018/12/16-02:33:48.543977 7f597c7d2700                                     Options.env: 0x7f5976c762c0
2018/12/16-02:33:48.543978 7f597c7d2700                                Options.info_log: 0x7f58ec3c0e30
2018/12/16-02:33:48.543979 7f597c7d2700                Options.max_file_opening_threads: 16
2018/12/16-02:33:48.543980 7f597c7d2700                              Options.statistics: (nil)
2018/12/16-02:33:48.543981 7f597c7d2700                               Options.use_fsync: 0
2018/12/16-02:33:48.543982 7f597c7d2700                       Options.max_log_file_size: 0
2018/12/16-02:33:48.543983 7f597c7d2700                  Options.max_manifest_file_size: 18446744073709551615
2018/12/16-02:33:48.543984 7f597c7d2700                   Options.log_file_time_to_roll: 0
2018/12/16-02:33:48.543985 7f597c7d2700                       Options.keep_log_file_num: 1000
2018/12/16-02:33:48.543986 7f597c7d2700                    Options.recycle_log_file_num: 0
2018/12/16-02:33:48.543987 7f597c7d2700                         Options.allow_fallocate: 1
2018/12/16-02:33:48.543987 7f597c7d2700                        Options.allow_mmap_reads: 0
2018/12/16-02:33:48.543988 7f597c7d2700                       Options.allow_mmap_writes: 0
2018/12/16-02:33:48.543989 7f597c7d2700                        Options.use_direct_reads: 0
2018/12/16-02:33:48.543990 7f597c7d2700                        Options.use_direct_io_for_flush_and_compaction: 0
2018/12/16-02:33:48.543991 7f597c7d2700          Options.create_missing_column_families: 1
2018/12/16-02:33:48.543992 7f597c7d2700                              Options.db_log_dir: 
2018/12/16-02:33:48.543993 7f597c7d2700                                 Options.wal_dir: /mnt/sda/ycsb-rocksdb-data
2018/12/16-02:33:48.543994 7f597c7d2700                Options.table_cache_numshardbits: 6
2018/12/16-02:33:48.543995 7f597c7d2700                      Options.max_subcompactions: 4
2018/12/16-02:33:48.543996 7f597c7d2700                  Options.max_background_flushes: 24
2018/12/16-02:33:48.543997 7f597c7d2700                         Options.WAL_ttl_seconds: 0
2018/12/16-02:33:48.543998 7f597c7d2700                       Options.WAL_size_limit_MB: 0
2018/12/16-02:33:48.543999 7f597c7d2700             Options.manifest_preallocation_size: 4194304
2018/12/16-02:33:48.544000 7f597c7d2700                     Options.is_fd_close_on_exec: 1
2018/12/16-02:33:48.544001 7f597c7d2700                   Options.advise_random_on_open: 1
2018/12/16-02:33:48.544003 7f597c7d2700                    Options.db_write_buffer_size: 0
2018/12/16-02:33:48.544004 7f597c7d2700                    Options.write_buffer_manager: 0x7f58ec3bdc20
2018/12/16-02:33:48.544005 7f597c7d2700         Options.access_hint_on_compaction_start: 1
2018/12/16-02:33:48.544006 7f597c7d2700  Options.new_table_reader_for_compaction_inputs: 0
2018/12/16-02:33:48.544007 7f597c7d2700           Options.random_access_max_buffer_size: 1048576
2018/12/16-02:33:48.544008 7f597c7d2700                      Options.use_adaptive_mutex: 0
2018/12/16-02:33:48.544009 7f597c7d2700                            Options.rate_limiter: (nil)
2018/12/16-02:33:48.544027 7f597c7d2700     Options.sst_file_manager.rate_bytes_per_sec: 0
2018/12/16-02:33:48.544029 7f597c7d2700                       Options.wal_recovery_mode: 2
2018/12/16-02:33:48.544030 7f597c7d2700                  Options.enable_thread_tracking: 0
2018/12/16-02:33:48.544031 7f597c7d2700                  Options.enable_pipelined_write: 1
2018/12/16-02:33:48.544032 7f597c7d2700         Options.allow_concurrent_memtable_write: 1
2018/12/16-02:33:48.544033 7f597c7d2700      Options.enable_write_thread_adaptive_yield: 1
2018/12/16-02:33:48.544034 7f597c7d2700             Options.write_thread_max_yield_usec: 100
2018/12/16-02:33:48.544035 7f597c7d2700            Options.write_thread_slow_yield_usec: 3
2018/12/16-02:33:48.544036 7f597c7d2700                               Options.row_cache: None
2018/12/16-02:33:48.544037 7f597c7d2700                              Options.wal_filter: None
2018/12/16-02:33:48.544038 7f597c7d2700             Options.avoid_flush_during_recovery: 0
2018/12/16-02:33:48.544039 7f597c7d2700             Options.allow_ingest_behind: 0
2018/12/16-02:33:48.544040 7f597c7d2700             Options.preserve_deletes: 0
2018/12/16-02:33:48.544041 7f597c7d2700             Options.two_write_queues: 0
2018/12/16-02:33:48.544042 7f597c7d2700             Options.manual_wal_flush: 0
2018/12/16-02:33:48.544044 7f597c7d2700             Options.max_background_jobs: 24
2018/12/16-02:33:48.544045 7f597c7d2700             Options.max_background_compactions: 24
2018/12/16-02:33:48.544046 7f597c7d2700             Options.avoid_flush_during_shutdown: 0
2018/12/16-02:33:48.544047 7f597c7d2700           Options.writable_file_max_buffer_size: 1048576
2018/12/16-02:33:48.544048 7f597c7d2700             Options.delayed_write_rate : 16777216
2018/12/16-02:33:48.544049 7f597c7d2700             Options.max_total_wal_size: 0
2018/12/16-02:33:48.544050 7f597c7d2700             Options.delete_obsolete_files_period_micros: 21600000000
2018/12/16-02:33:48.544052 7f597c7d2700                   Options.stats_dump_period_sec: 60
2018/12/16-02:33:48.544053 7f597c7d2700                          Options.max_open_files: -1
2018/12/16-02:33:48.544054 7f597c7d2700                          Options.bytes_per_sync: 1048576
2018/12/16-02:33:48.544055 7f597c7d2700                      Options.wal_bytes_per_sync: 0
2018/12/16-02:33:48.544056 7f597c7d2700       Options.compaction_readahead_size: 0
2018/12/16-02:33:48.544057 7f597c7d2700 Compression algorithms supported:
2018/12/16-02:33:48.544058 7f597c7d2700 	kZSTDNotFinalCompression supported: 1
2018/12/16-02:33:48.544066 7f597c7d2700 	kZSTD supported: 1
2018/12/16-02:33:48.544067 7f597c7d2700 	kXpressCompression supported: 0
2018/12/16-02:33:48.544068 7f597c7d2700 	kLZ4HCCompression supported: 1
2018/12/16-02:33:48.544069 7f597c7d2700 	kLZ4Compression supported: 1
2018/12/16-02:33:48.544070 7f597c7d2700 	kBZip2Compression supported: 1
2018/12/16-02:33:48.544071 7f597c7d2700 	kZlibCompression supported: 1
2018/12/16-02:33:48.544072 7f597c7d2700 	kSnappyCompression supported: 1
2018/12/16-02:33:48.544077 7f597c7d2700 Fast CRC32 supported: Supported on x86
2018/12/16-02:33:48.544507 7f597c7d2700 [db/version_set.cc:3085] Recovering from manifest file: MANIFEST-000004
2018/12/16-02:33:48.544631 7f597c7d2700 [db/column_family.cc:475] --------------- Options for column family [default]:
2018/12/16-02:33:48.544634 7f597c7d2700               Options.comparator: leveldb.BytewiseComparator
2018/12/16-02:33:48.544636 7f597c7d2700           Options.merge_operator: None
2018/12/16-02:33:48.544637 7f597c7d2700        Options.compaction_filter: None
2018/12/16-02:33:48.544637 7f597c7d2700        Options.compaction_filter_factory: None
2018/12/16-02:33:48.544638 7f597c7d2700         Options.memtable_factory: SkipListFactory
2018/12/16-02:33:48.544640 7f597c7d2700            Options.table_factory: BlockBasedTable
2018/12/16-02:33:48.544664 7f597c7d2700            table_factory options:   flush_block_policy_factory: FlushBlockBySizePolicyFactory (0x7f58ec37ab70)
  cache_index_and_filter_blocks: 0
  cache_index_and_filter_blocks_with_high_priority: 0
  pin_l0_filter_and_index_blocks_in_cache: 0
  index_type: 0
  hash_index_allow_collision: 1
  checksum: 1
  no_block_cache: 0
  block_cache: 0x7f58ec3864d0
  block_cache_name: LRUCache
  block_cache_options:
    capacity : 8388608
    num_shard_bits : 4
    strict_capacity_limit : 0
    high_pri_pool_ratio: 0.000
  block_cache_compressed: (nil)
  persistent_cache: (nil)
  block_size: 8192
  block_size_deviation: 10
  block_restart_interval: 16
  index_block_restart_interval: 1
  metadata_block_size: 4096
  partition_filters: 0
  use_delta_encoding: 1
  filter_policy: nullptr
  whole_key_filtering: 1
  verify_compression: 0
  read_amp_bytes_per_bit: 0
  format_version: 2
  enable_index_compression: 1
  block_align: 0
2018/12/16-02:33:48.544677 7f597c7d2700        Options.write_buffer_size: 134217728
2018/12/16-02:33:48.544679 7f597c7d2700  Options.max_write_buffer_number: 24
2018/12/16-02:33:48.544681 7f597c7d2700        Options.compression[0]: NoCompression
2018/12/16-02:33:48.544682 7f597c7d2700        Options.compression[1]: NoCompression
2018/12/16-02:33:48.544683 7f597c7d2700        Options.compression[2]: LZ4
2018/12/16-02:33:48.544684 7f597c7d2700        Options.compression[3]: LZ4
2018/12/16-02:33:48.544685 7f597c7d2700        Options.compression[4]: LZ4
2018/12/16-02:33:48.544686 7f597c7d2700        Options.compression[5]: LZ4
2018/12/16-02:33:48.544687 7f597c7d2700        Options.compression[6]: LZ4
2018/12/16-02:33:48.544688 7f597c7d2700                  Options.bottommost_compression: Disabled
2018/12/16-02:33:48.544689 7f597c7d2700       Options.prefix_extractor: nullptr
2018/12/16-02:33:48.544690 7f597c7d2700   Options.memtable_insert_with_hint_prefix_extractor: nullptr
2018/12/16-02:33:48.544691 7f597c7d2700             Options.num_levels: 7
2018/12/16-02:33:48.544692 7f597c7d2700        Options.min_write_buffer_number_to_merge: 2
2018/12/16-02:33:48.544693 7f597c7d2700     Options.max_write_buffer_number_to_maintain: 0
2018/12/16-02:33:48.544693 7f597c7d2700            Options.compression_opts.window_bits: -14
2018/12/16-02:33:48.544694 7f597c7d2700                  Options.compression_opts.level: -1
2018/12/16-02:33:48.544695 7f597c7d2700               Options.compression_opts.strategy: 0
2018/12/16-02:33:48.544696 7f597c7d2700         Options.compression_opts.max_dict_bytes: 0
2018/12/16-02:33:48.544697 7f597c7d2700         Options.compression_opts.zstd_max_train_bytes: 0
2018/12/16-02:33:48.544698 7f597c7d2700      Options.level0_file_num_compaction_trigger: 2
2018/12/16-02:33:48.544699 7f597c7d2700          Options.level0_slowdown_writes_trigger: 20
2018/12/16-02:33:48.544700 7f597c7d2700              Options.level0_stop_writes_trigger: 36
2018/12/16-02:33:48.544701 7f597c7d2700                   Options.target_file_size_base: 67108864
2018/12/16-02:33:48.544702 7f597c7d2700             Options.target_file_size_multiplier: 1
2018/12/16-02:33:48.544703 7f597c7d2700                Options.max_bytes_for_level_base: 536870912
2018/12/16-02:33:48.544704 7f597c7d2700 Options.level_compaction_dynamic_level_bytes: 0
2018/12/16-02:33:48.544705 7f597c7d2700          Options.max_bytes_for_level_multiplier: 10.000000
2018/12/16-02:33:48.544708 7f597c7d2700 Options.max_bytes_for_level_multiplier_addtl[0]: 1
2018/12/16-02:33:48.544709 7f597c7d2700 Options.max_bytes_for_level_multiplier_addtl[1]: 1
2018/12/16-02:33:48.544710 7f597c7d2700 Options.max_bytes_for_level_multiplier_addtl[2]: 1
2018/12/16-02:33:48.544711 7f597c7d2700 Options.max_bytes_for_level_multiplier_addtl[3]: 1
2018/12/16-02:33:48.544712 7f597c7d2700 Options.max_bytes_for_level_multiplier_addtl[4]: 1
2018/12/16-02:33:48.544713 7f597c7d2700 Options.max_bytes_for_level_multiplier_addtl[5]: 1
2018/12/16-02:33:48.544714 7f597c7d2700 Options.max_bytes_for_level_multiplier_addtl[6]: 1
2018/12/16-02:33:48.544715 7f597c7d2700       Options.max_sequential_skip_in_iterations: 8
2018/12/16-02:33:48.544716 7f597c7d2700                    Options.max_compaction_bytes: 1677721600
2018/12/16-02:33:48.544723 7f597c7d2700                        Options.arena_block_size: 16777216
2018/12/16-02:33:48.544724 7f597c7d2700   Options.soft_pending_compaction_bytes_limit: 68719476736
2018/12/16-02:33:48.544725 7f597c7d2700   Options.hard_pending_compaction_bytes_limit: 274877906944
2018/12/16-02:33:48.544726 7f597c7d2700       Options.rate_limit_delay_max_milliseconds: 100
2018/12/16-02:33:48.544727 7f597c7d2700                Options.disable_auto_compactions: 0
2018/12/16-02:33:48.544729 7f597c7d2700                        Options.compaction_style: kCompactionStyleLevel
2018/12/16-02:33:48.544730 7f597c7d2700                          Options.compaction_pri: kByCompensatedSize
2018/12/16-02:33:48.544731 7f597c7d2700 Options.compaction_options_universal.size_ratio: 1
2018/12/16-02:33:48.544732 7f597c7d2700 Options.compaction_options_universal.min_merge_width: 2
2018/12/16-02:33:48.544733 7f597c7d2700 Options.compaction_options_universal.max_merge_width: 4294967295
2018/12/16-02:33:48.544734 7f597c7d2700 Options.compaction_options_universal.max_size_amplification_percent: 200
2018/12/16-02:33:48.544735 7f597c7d2700 Options.compaction_options_universal.compression_size_percent: -1
2018/12/16-02:33:48.544737 7f597c7d2700 Options.compaction_options_universal.stop_style: kCompactionStopStyleTotalSize
2018/12/16-02:33:48.544738 7f597c7d2700 Options.compaction_options_fifo.max_table_files_size: 1073741824
2018/12/16-02:33:48.544739 7f597c7d2700 Options.compaction_options_fifo.allow_compaction: 0
2018/12/16-02:33:48.544740 7f597c7d2700 Options.compaction_options_fifo.ttl: 0
2018/12/16-02:33:48.544741 7f597c7d2700                   Options.table_properties_collectors: 
2018/12/16-02:33:48.544742 7f597c7d2700                   Options.inplace_update_support: 0
2018/12/16-02:33:48.544743 7f597c7d2700                 Options.inplace_update_num_locks: 10000
2018/12/16-02:33:48.544744 7f597c7d2700               Options.memtable_prefix_bloom_size_ratio: 0.000000
2018/12/16-02:33:48.544746 7f597c7d2700   Options.memtable_huge_page_size: 0
2018/12/16-02:33:48.544747 7f597c7d2700                           Options.bloom_locality: 0
2018/12/16-02:33:48.544748 7f597c7d2700                    Options.max_successive_merges: 0
2018/12/16-02:33:48.544748 7f597c7d2700                Options.optimize_filters_for_hits: 0
2018/12/16-02:33:48.544749 7f597c7d2700                Options.paranoid_file_checks: 0
2018/12/16-02:33:48.544750 7f597c7d2700                Options.force_consistency_checks: 0
2018/12/16-02:33:48.544751 7f597c7d2700                Options.report_bg_io_stats: 0
2018/12/16-02:33:48.544752 7f597c7d2700                               Options.ttl: 0
2018/12/16-02:33:48.545152 7f597c7d2700 [db/column_family.cc:475] --------------- Options for column family [usertable]:
2018/12/16-02:33:48.545155 7f597c7d2700               Options.comparator: leveldb.BytewiseComparator
2018/12/16-02:33:48.545156 7f597c7d2700           Options.merge_operator: None
2018/12/16-02:33:48.545157 7f597c7d2700        Options.compaction_filter: None
2018/12/16-02:33:48.545158 7f597c7d2700        Options.compaction_filter_factory: None
2018/12/16-02:33:48.545159 7f597c7d2700         Options.memtable_factory: SkipListFactory
2018/12/16-02:33:48.545160 7f597c7d2700            Options.table_factory: BlockBasedTable
2018/12/16-02:33:48.545186 7f597c7d2700            table_factory options:   flush_block_policy_factory: FlushBlockBySizePolicyFactory (0x7f58ec37a940)
  cache_index_and_filter_blocks: 0
  cache_index_and_filter_blocks_with_high_priority: 0
  pin_l0_filter_and_index_blocks_in_cache: 0
  index_type: 0
  hash_index_allow_collision: 1
  checksum: 1
  no_block_cache: 0
  block_cache: 0x7f58ec37b3e0
  block_cache_name: LRUCache
  block_cache_options:
    capacity : 8388608
    num_shard_bits : 4
    strict_capacity_limit : 0
    high_pri_pool_ratio: 0.000
  block_cache_compressed: (nil)
  persistent_cache: (nil)
  block_size: 8192
  block_size_deviation: 10
  block_restart_interval: 16
  index_block_restart_interval: 1
  metadata_block_size: 4096
  partition_filters: 0
  use_delta_encoding: 1
  filter_policy: nullptr
  whole_key_filtering: 1
  verify_compression: 0
  read_amp_bytes_per_bit: 0
  format_version: 2
  enable_index_compression: 1
  block_align: 0
2018/12/16-02:33:48.545197 7f597c7d2700        Options.write_buffer_size: 134217728
2018/12/16-02:33:48.545199 7f597c7d2700  Options.max_write_buffer_number: 24
2018/12/16-02:33:48.545200 7f597c7d2700        Options.compression[0]: NoCompression
2018/12/16-02:33:48.545201 7f597c7d2700        Options.compression[1]: NoCompression
2018/12/16-02:33:48.545202 7f597c7d2700        Options.compression[2]: LZ4
2018/12/16-02:33:48.545203 7f597c7d2700        Options.compression[3]: LZ4
2018/12/16-02:33:48.545204 7f597c7d2700        Options.compression[4]: LZ4
2018/12/16-02:33:48.545205 7f597c7d2700        Options.compression[5]: LZ4
2018/12/16-02:33:48.545206 7f597c7d2700        Options.compression[6]: LZ4
2018/12/16-02:33:48.545207 7f597c7d2700                  Options.bottommost_compression: Disabled
2018/12/16-02:33:48.545208 7f597c7d2700       Options.prefix_extractor: nullptr
2018/12/16-02:33:48.545209 7f597c7d2700   Options.memtable_insert_with_hint_prefix_extractor: nullptr
2018/12/16-02:33:48.545210 7f597c7d2700             Options.num_levels: 7
2018/12/16-02:33:48.545211 7f597c7d2700        Options.min_write_buffer_number_to_merge: 2
2018/12/16-02:33:48.545212 7f597c7d2700     Options.max_write_buffer_number_to_maintain: 0
2018/12/16-02:33:48.545212 7f597c7d2700            Options.compression_opts.window_bits: -14
2018/12/16-02:33:48.545213 7f597c7d2700                  Options.compression_opts.level: -1
2018/12/16-02:33:48.545214 7f597c7d2700               Options.compression_opts.strategy: 0
2018/12/16-02:33:48.545215 7f597c7d2700         Options.compression_opts.max_dict_bytes: 0
2018/12/16-02:33:48.545216 7f597c7d2700         Options.compression_opts.zstd_max_train_bytes: 0
2018/12/16-02:33:48.545217 7f597c7d2700      Options.level0_file_num_compaction_trigger: 2
2018/12/16-02:33:48.545218 7f597c7d2700          Options.level0_slowdown_writes_trigger: 20
2018/12/16-02:33:48.545219 7f597c7d2700              Options.level0_stop_writes_trigger: 36
2018/12/16-02:33:48.545220 7f597c7d2700                   Options.target_file_size_base: 67108864
2018/12/16-02:33:48.545221 7f597c7d2700             Options.target_file_size_multiplier: 1
2018/12/16-02:33:48.545222 7f597c7d2700                Options.max_bytes_for_level_base: 536870912
2018/12/16-02:33:48.545223 7f597c7d2700 Options.level_compaction_dynamic_level_bytes: 0
2018/12/16-02:33:48.545223 7f597c7d2700          Options.max_bytes_for_level_multiplier: 10.000000
2018/12/16-02:33:48.545226 7f597c7d2700 Options.max_bytes_for_level_multiplier_addtl[0]: 1
2018/12/16-02:33:48.545227 7f597c7d2700 Options.max_bytes_for_level_multiplier_addtl[1]: 1
2018/12/16-02:33:48.545228 7f597c7d2700 Options.max_bytes_for_level_multiplier_addtl[2]: 1
2018/12/16-02:33:48.545228 7f597c7d2700 Options.max_bytes_for_level_multiplier_addtl[3]: 1
2018/12/16-02:33:48.545229 7f597c7d2700 Options.max_bytes_for_level_multiplier_addtl[4]: 1
2018/12/16-02:33:48.545230 7f597c7d2700 Options.max_bytes_for_level_multiplier_addtl[5]: 1
2018/12/16-02:33:48.545231 7f597c7d2700 Options.max_bytes_for_level_multiplier_addtl[6]: 1
2018/12/16-02:33:48.545232 7f597c7d2700       Options.max_sequential_skip_in_iterations: 8
2018/12/16-02:33:48.545233 7f597c7d2700                    Options.max_compaction_bytes: 1677721600
2018/12/16-02:33:48.545234 7f597c7d2700                        Options.arena_block_size: 16777216
2018/12/16-02:33:48.545235 7f597c7d2700   Options.soft_pending_compaction_bytes_limit: 68719476736
2018/12/16-02:33:48.545236 7f597c7d2700   Options.hard_pending_compaction_bytes_limit: 274877906944
2018/12/16-02:33:48.545237 7f597c7d2700       Options.rate_limit_delay_max_milliseconds: 100
2018/12/16-02:33:48.545238 7f597c7d2700                Options.disable_auto_compactions: 0
2018/12/16-02:33:48.545239 7f597c7d2700                        Options.compaction_style: kCompactionStyleLevel
2018/12/16-02:33:48.545246 7f597c7d2700                          Options.compaction_pri: kByCompensatedSize
2018/12/16-02:33:48.545248 7f597c7d2700 Options.compaction_options_universal.size_ratio: 1
2018/12/16-02:33:48.545249 7f597c7d2700 Options.compaction_options_universal.min_merge_width: 2
2018/12/16-02:33:48.545250 7f597c7d2700 Options.compaction_options_universal.max_merge_width: 4294967295
2018/12/16-02:33:48.545251 7f597c7d2700 Options.compaction_options_universal.max_size_amplification_percent: 200
2018/12/16-02:33:48.545252 7f597c7d2700 Options.compaction_options_universal.compression_size_percent: -1
2018/12/16-02:33:48.545253 7f597c7d2700 Options.compaction_options_universal.stop_style: kCompactionStopStyleTotalSize
2018/12/16-02:33:48.545254 7f597c7d2700 Options.compaction_options_fifo.max_table_files_size: 1073741824
2018/12/16-02:33:48.545255 7f597c7d2700 Options.compaction_options_fifo.allow_compaction: 0
2018/12/16-02:33:48.545256 7f597c7d2700 Options.compaction_options_fifo.ttl: 0
2018/12/16-02:33:48.545257 7f597c7d2700                   Options.table_properties_collectors: 
2018/12/16-02:33:48.545258 7f597c7d2700                   Options.inplace_update_support: 0
2018/12/16-02:33:48.545258 7f597c7d2700                 Options.inplace_update_num_locks: 10000
2018/12/16-02:33:48.545259 7f597c7d2700               Options.memtable_prefix_bloom_size_ratio: 0.000000
2018/12/16-02:33:48.545261 7f597c7d2700   Options.memtable_huge_page_size: 0
2018/12/16-02:33:48.545262 7f597c7d2700                           Options.bloom_locality: 0
2018/12/16-02:33:48.545263 7f597c7d2700                    Options.max_successive_merges: 0
2018/12/16-02:33:48.545264 7f597c7d2700                Options.optimize_filters_for_hits: 0
2018/12/16-02:33:48.545265 7f597c7d2700                Options.paranoid_file_checks: 0
2018/12/16-02:33:48.545266 7f597c7d2700                Options.force_consistency_checks: 0
2018/12/16-02:33:48.545267 7f597c7d2700                Options.report_bg_io_stats: 0
2018/12/16-02:33:48.545267 7f597c7d2700                               Options.ttl: 0
2018/12/16-02:33:49.126501 7f597c7d2700 [db/version_set.cc:3361] Recovered from manifest file:/mnt/sda/ycsb-rocksdb-data/MANIFEST-000004 succeeded,manifest_file_number is 4, next_file_number is 1313, last_sequence is 10426546, log_number is 0,prev_log_number is 0,max_column_family is 1,min_log_number_to_keep is 0
2018/12/16-02:33:49.126510 7f597c7d2700 [db/version_set.cc:3369] Column family [default] (ID 0), log number is 0
2018/12/16-02:33:49.126512 7f597c7d2700 [db/version_set.cc:3369] Column family [usertable] (ID 1), log number is 1306
2018/12/16-02:33:49.128585 7f597c7d2700 EVENT_LOG_v1 {"time_micros": 1544956429128574, "job": 1, "event": "recovery_started", "log_files": [1306, 1309]}
2018/12/16-02:33:49.128592 7f597c7d2700 [db/db_impl_open.cc:551] Recovering log #1306 mode 2
2018/12/16-02:33:49.411616 7f597c7d2700 [db/db_impl_open.cc:551] Recovering log #1309 mode 2
2018/12/16-02:33:50.150236 7f597c7d2700 EVENT_LOG_v1 {"time_micros": 1544956430150211, "cf_name": "usertable", "job": 1, "event": "table_file_creation", "file_number": 1313, "file_size": 129895352, "table_properties": {"data_size": 129317909, "index_size": 576521, "filter_size": 0, "raw_key_size": 752760, "raw_average_key_size": 24, "raw_value_size": 128471040, "raw_average_value_size": 4096, "num_data_blocks": 15683, "num_entries": 31365, "filter_policy_name": "", "kDeletedKeys": "0", "kMergeOperands": "0"}}
2018/12/16-02:33:50.607977 7f597c7d2700 [db/version_set.cc:2847] Creating manifest 1314
2018/12/16-02:33:52.198538 7f597c7d2700 EVENT_LOG_v1 {"time_micros": 1544956432198513, "cf_name": "usertable", "job": 1, "event": "table_file_creation", "file_number": 1315, "file_size": 69347793, "table_properties": {"data_size": 69037371, "index_size": 309500, "filter_size": 0, "raw_key_size": 401856, "raw_average_key_size": 24, "raw_value_size": 68583424, "raw_average_value_size": 4096, "num_data_blocks": 8372, "num_entries": 16744, "filter_policy_name": "", "kDeletedKeys": "0", "kMergeOperands": "0"}}
2018/12/16-02:33:52.359657 7f597c7d2700 EVENT_LOG_v1 {"time_micros": 1544956432359649, "job": 1, "event": "recovery_finished"}
2018/12/16-02:33:52.676979 7f597c7d2700 [db/db_impl_open.cc:1219] DB pointer 0x7f58ec3c1350
2018/12/16-02:33:52.677283 7f5871ffb700 [WARN] [db/db_impl.cc:491] ------- DUMPING STATS -------
2018/12/16-02:33:52.677330 7f5871ffb700 [WARN] [db/db_impl.cc:492] 
** DB Stats **
Uptime(secs): 4.1 total, 4.1 interval
Cumulative writes: 0 writes, 0 keys, 0 commit groups, 0.0 writes per commit group, ingest: 0.00 GB, 0.00 MB/s
Cumulative WAL: 0 writes, 0 syncs, 0.00 writes per sync, written: 0.00 GB, 0.00 MB/s
Cumulative stall: 00:00:0.000 H:M:S, 0.0 percent
Interval writes: 0 writes, 0 keys, 0 commit groups, 0.0 writes per commit group, ingest: 0.00 MB, 0.00 MB/s
Interval WAL: 0 writes, 0 syncs, 0.00 writes per sync, written: 0.00 MB, 0.00 MB/s
Interval stall: 00:00:0.000 H:M:S, 0.0 percent

** Compaction Stats [default] **
Level    Files   Size     Score Read(GB)  Rn(GB) Rnp1(GB) Write(GB) Wnew(GB) Moved(GB) W-Amp Rd(MB/s) Wr(MB/s) Comp(sec) Comp(cnt) Avg(sec) KeyIn KeyDrop
----------------------------------------------------------------------------------------------------------------------------------------------------------
 Sum      0/0    0.00 KB   0.0      0.0     0.0      0.0       0.0      0.0       0.0   0.0      0.0      0.0         0         0    0.000       0      0
 Int      0/0    0.00 KB   0.0      0.0     0.0      0.0       0.0      0.0       0.0   0.0      0.0      0.0         0         0    0.000       0      0
Uptime(secs): 4.1 total, 4.1 interval
Flush(GB): cumulative 0.000, interval 0.000
AddFile(GB): cumulative 0.000, interval 0.000
AddFile(Total Files): cumulative 0, interval 0
AddFile(L0 Files): cumulative 0, interval 0
AddFile(Keys): cumulative 0, interval 0
Cumulative compaction: 0.00 GB write, 0.00 MB/s write, 0.00 GB read, 0.00 MB/s read, 0.0 seconds
Interval compaction: 0.00 GB write, 0.00 MB/s write, 0.00 GB read, 0.00 MB/s read, 0.0 seconds
Stalls(count): 0 level0_slowdown, 0 level0_slowdown_with_compaction, 0 level0_numfiles, 0 level0_numfiles_with_compaction, 0 stop for pending_compaction_bytes, 0 slowdown for pending_compaction_bytes, 0 memtable_compaction, 0 memtable_slowdown, interval 0 total count

** File Read Latency Histogram By Level [default] **

** Compaction Stats [usertable] **
Level    Files   Size     Score Read(GB)  Rn(GB) Rnp1(GB) Write(GB) Wnew(GB) Moved(GB) W-Amp Rd(MB/s) Wr(MB/s) Comp(sec) Comp(cnt) Avg(sec) KeyIn KeyDrop
----------------------------------------------------------------------------------------------------------------------------------------------------------
  L0      3/0   381.95 MB   1.5      0.0     0.0      0.0       0.2      0.2       0.0   1.0      0.0     98.9         2         2    0.961       0      0
  L1      2/0   383.95 MB   0.7      0.0     0.0      0.0       0.0      0.0       0.0   0.0      0.0      0.0         0         0    0.000       0      0
  L2    124/0    5.00 GB   1.0      0.0     0.0      0.0       0.0      0.0       0.0   0.0      0.0      0.0         0         0    0.000       0      0
  L3    551/0   34.43 GB   0.7      0.0     0.0      0.0       0.0      0.0       0.0   0.0      0.0      0.0         0         0    0.000       0      0
 Sum    680/0   40.18 GB   0.0      0.0     0.0      0.0       0.2      0.2       0.0   1.0      0.0     98.9         2         2    0.961       0      0
 Int      0/0    0.00 KB   0.0      0.0     0.0      0.0       0.2      0.2       0.0   1.0      0.0     98.9         2         2    0.961       0      0
Uptime(secs): 4.1 total, 4.1 interval
Flush(GB): cumulative 0.186, interval 0.186
AddFile(GB): cumulative 0.000, interval 0.000
AddFile(Total Files): cumulative 0, interval 0
AddFile(L0 Files): cumulative 0, interval 0
AddFile(Keys): cumulative 0, interval 0
Cumulative compaction: 0.19 GB write, 45.99 MB/s write, 0.00 GB read, 0.00 MB/s read, 1.9 seconds
Interval compaction: 0.19 GB write, 45.99 MB/s write, 0.00 GB read, 0.00 MB/s read, 1.9 seconds
Stalls(count): 0 level0_slowdown, 0 level0_slowdown_with_compaction, 0 level0_numfiles, 0 level0_numfiles_with_compaction, 0 stop for pending_compaction_bytes, 0 slowdown for pending_compaction_bytes, 0 memtable_compaction, 0 memtable_slowdown, interval 0 total count

** File Read Latency Histogram By Level [usertable] **

** Compaction Stats [default] **
Level    Files   Size     Score Read(GB)  Rn(GB) Rnp1(GB) Write(GB) Wnew(GB) Moved(GB) W-Amp Rd(MB/s) Wr(MB/s) Comp(sec) Comp(cnt) Avg(sec) KeyIn KeyDrop
----------------------------------------------------------------------------------------------------------------------------------------------------------
 Sum      0/0    0.00 KB   0.0      0.0     0.0      0.0       0.0      0.0       0.0   0.0      0.0      0.0         0         0    0.000       0      0
 Int      0/0    0.00 KB   0.0      0.0     0.0      0.0       0.0      0.0       0.0   0.0      0.0      0.0         0         0    0.000       0      0
Uptime(secs): 4.1 total, 0.0 interval
Flush(GB): cumulative 0.000, interval 0.000
AddFile(GB): cumulative 0.000, interval 0.000
AddFile(Total Files): cumulative 0, interval 0
AddFile(L0 Files): cumulative 0, interval 0
AddFile(Keys): cumulative 0, interval 0
Cumulative compaction: 0.00 GB write, 0.00 MB/s write, 0.00 GB read, 0.00 MB/s read, 0.0 seconds
Interval compaction: 0.00 GB write, 0.00 MB/s write, 0.00 GB read, 0.00 MB/s read, 0.0 seconds
Stalls(count): 0 level0_slowdown, 0 level0_slowdown_with_compaction, 0 level0_numfiles, 0 level0_numfiles_with_compaction, 0 stop for pending_compaction_bytes, 0 slowdown for pending_compaction_bytes, 0 memtable_compaction, 0 memtable_slowdown, interval 0 total count

** File Read Latency Histogram By Level [default] **

** Compaction Stats [usertable] **
Level    Files   Size     Score Read(GB)  Rn(GB) Rnp1(GB) Write(GB) Wnew(GB) Moved(GB) W-Amp Rd(MB/s) Wr(MB/s) Comp(sec) Comp(cnt) Avg(sec) KeyIn KeyDrop
----------------------------------------------------------------------------------------------------------------------------------------------------------
  L0      3/0   381.95 MB   1.5      0.0     0.0      0.0       0.2      0.2       0.0   1.0      0.0     98.9         2         2    0.961       0      0
  L1      2/0   383.95 MB   0.7      0.0     0.0      0.0       0.0      0.0       0.0   0.0      0.0      0.0         0         0    0.000       0      0
  L2    124/0    5.00 GB   1.0      0.0     0.0      0.0       0.0      0.0       0.0   0.0      0.0      0.0         0         0    0.000       0      0
  L3    551/0   34.43 GB   0.7      0.0     0.0      0.0       0.0      0.0       0.0   0.0      0.0      0.0         0         0    0.000       0      0
 Sum    680/0   40.18 GB   0.0      0.0     0.0      0.0       0.2      0.2       0.0   1.0      0.0     98.9         2         2    0.961       0      0
 Int      0/0    0.00 KB   0.0      0.0     0.0      0.0       0.0      0.0       0.0   0.0      0.0      0.0         0         0    0.000       0      0
Uptime(secs): 4.1 total, 0.0 interval
Flush(GB): cumulative 0.186, interval 0.000
AddFile(GB): cumulative 0.000, interval 0.000
AddFile(Total Files): cumulative 0, interval 0
AddFile(L0 Files): cumulative 0, interval 0
AddFile(Keys): cumulative 0, interval 0
Cumulative compaction: 0.19 GB write, 45.98 MB/s write, 0.00 GB read, 0.00 MB/s read, 1.9 seconds
Interval compaction: 0.00 GB write, 0.00 MB/s write, 0.00 GB read, 0.00 MB/s read, 0.0 seconds
Stalls(count): 0 level0_slowdown, 0 level0_slowdown_with_compaction, 0 level0_numfiles, 0 level0_numfiles_with_compaction, 0 stop for pending_compaction_bytes, 0 slowdown for pending_compaction_bytes, 0 memtable_compaction, 0 memtable_slowdown, interval 0 total count

** File Read Latency Histogram By Level [usertable] **
2018/12/16-02:33:52.817414 7f5871ffb700 (Original Log Time 2018/12/16-02:33:52.677475) [db/db_impl_compaction_flush.cc:1835] [usertable] Moving #62 to level-1 201259772 bytes
2018/12/16-02:33:52.817419 7f5871ffb700 (Original Log Time 2018/12/16-02:33:52.817322) EVENT_LOG_v1 {"time_micros": 1544956432817311, "job": 3, "event": "trivial_move", "destination_level": 1, "files": 1, "total_files_size": 201259772}
2018/12/16-02:33:52.817421 7f5871ffb700 (Original Log Time 2018/12/16-02:33:52.817341) [db/db_impl_compaction_flush.cc:1864] [usertable] Moved #1 files to level-1 201259772 bytes OK: base level 1 max bytes base 536870912 files[2 3 124 551 0 0 0] max score 1.12
2018/12/16-02:33:52.817520 7f5871ffb700 [db/compaction_job.cc:1531] [usertable] [JOB 4] Compacting 1@1 files to L2, score 1.12
2018/12/16-02:33:52.817529 7f5871ffb700 [db/compaction_job.cc:1535] [usertable] Compaction start summary: Base version 6 Base level 1, inputs: [579(191MB)]
2018/12/16-02:33:52.817551 7f5871ffb700 EVENT_LOG_v1 {"time_micros": 1544956432817534, "job": 4, "event": "compaction_started", "compaction_reason": "LevelMaxLevelSize", "files_L1": [579], "score": 1.12479, "input_data_size": 201303703}
2018/12/16-02:33:53.603069 7f5871ffb700 [db/compaction_job.cc:1211] [usertable] [JOB 4] Generated table #1319: 16279 keys, 67233541 bytes
2018/12/16-02:33:53.603108 7f5871ffb700 EVENT_LOG_v1 {"time_micros": 1544956433603094, "cf_name": "usertable", "job": 4, "event": "table_file_creation", "file_number": 1319, "file_size": 67233541, "table_properties": {"data_size": 67120141, "index_size": 300916, "filter_size": 0, "raw_key_size": 390696, "raw_average_key_size": 24, "raw_value_size": 66678784, "raw_average_value_size": 4096, "num_data_blocks": 8140, "num_entries": 16279, "filter_policy_name": "", "kDeletedKeys": "0", "kMergeOperands": "0"}}
2018/12/16-02:33:54.583886 7f5871ffb700 [db/compaction_job.cc:1211] [usertable] [JOB 4] Generated table #1320: 16279 keys, 67233351 bytes
2018/12/16-02:33:54.583935 7f5871ffb700 EVENT_LOG_v1 {"time_micros": 1544956434583918, "cf_name": "usertable", "job": 4, "event": "table_file_creation", "file_number": 1320, "file_size": 67233351, "table_properties": {"data_size": 67118331, "index_size": 299109, "filter_size": 0, "raw_key_size": 390696, "raw_average_key_size": 24, "raw_value_size": 66678784, "raw_average_value_size": 4096, "num_data_blocks": 8140, "num_entries": 16279, "filter_policy_name": "", "kDeletedKeys": "0", "kMergeOperands": "0"}}
2018/12/16-02:33:56.252234 7f5871ffb700 [db/compaction_job.cc:1211] [usertable] [JOB 4] Generated table #1321: 16047 keys, 66275412 bytes
2018/12/16-02:33:56.252303 7f5871ffb700 EVENT_LOG_v1 {"time_micros": 1544956436252273, "cf_name": "usertable", "job": 4, "event": "table_file_creation", "file_number": 1321, "file_size": 66275412, "table_properties": {"data_size": 66163578, "index_size": 296624, "filter_size": 0, "raw_key_size": 385128, "raw_average_key_size": 24, "raw_value_size": 65728512, "raw_average_value_size": 4096, "num_data_blocks": 8024, "num_entries": 16047, "filter_policy_name": "", "kDeletedKeys": "0", "kMergeOperands": "0"}}
2018/12/16-02:33:56.252400 7f5871ffb700 [db/compaction_job.cc:1287] [usertable] [JOB 4] Compacted 1@1 files to L2 => 200742304 bytes
2018/12/16-02:33:56.428936 7f5871ffb700 (Original Log Time 2018/12/16-02:33:56.428602) [db/compaction_job.cc:685] [usertable] compacted to: base level 1 max bytes base 536870912 files[2 2 127 551 0 0 0] max score 1.04, MB/sec: 58.6 rd, 58.4 wr, level 2, files in(1, 0) out(3) MB in(192.0, 0.0) out(191.4), read-write-amplify(2.0) write-amplify(1.0) OK, records in: 48605, records dropped: 0 output_compression: LZ4
2018/12/16-02:33:56.428945 7f5871ffb700 (Original Log Time 2018/12/16-02:33:56.428667) EVENT_LOG_v1 {"time_micros": 1544956436428649, "job": 4, "event": "compaction_finished", "compaction_time_micros": 3434772, "output_level": 2, "num_output_files": 3, "total_output_size": 200742304, "num_input_records": 48605, "num_output_records": 48605, "num_subcompactions": 1, "output_compression": "LZ4", "num_single_delete_mismatches": 0, "num_single_delete_fallthrough": 0, "lsm_state": [2, 2, 127, 551, 0, 0, 0]}
2018/12/16-02:33:56.620317 7f59752fc700 (Original Log Time 2018/12/16-02:33:56.429284) [db/db_impl_compaction_flush.cc:1835] [usertable] Moving #1319 to level-3 67233541 bytes
2018/12/16-02:33:56.620323 7f59752fc700 (Original Log Time 2018/12/16-02:33:56.620235) EVENT_LOG_v1 {"time_micros": 1544956436620226, "job": 5, "event": "trivial_move", "destination_level": 3, "files": 1, "total_files_size": 67233541}
2018/12/16-02:33:56.620325 7f59752fc700 (Original Log Time 2018/12/16-02:33:56.620259) [db/db_impl_compaction_flush.cc:1864] [usertable] Moved #1 files to level-3 67233541 bytes OK: base level 1 max bytes base 536870912 files[2 2 126 552 0 0 0] max score 1.02
2018/12/16-02:33:56.636923 7f59752fc700 EVENT_LOG_v1 {"time_micros": 1544956436636916, "job": 5, "event": "table_file_deletion", "file_number": 579}
2018/12/16-02:33:56.823165 7f59752fc700 (Original Log Time 2018/12/16-02:33:56.637079) [db/db_impl_compaction_flush.cc:1835] [usertable] Moving #1320 to level-3 67233351 bytes
2018/12/16-02:33:56.823171 7f59752fc700 (Original Log Time 2018/12/16-02:33:56.823079) EVENT_LOG_v1 {"time_micros": 1544956436823070, "job": 6, "event": "trivial_move", "destination_level": 3, "files": 1, "total_files_size": 67233351}
2018/12/16-02:33:56.823173 7f59752fc700 (Original Log Time 2018/12/16-02:33:56.823100) [db/db_impl_compaction_flush.cc:1864] [usertable] Moved #1 files to level-3 67233351 bytes OK: base level 1 max bytes base 536870912 files[2 2 125 553 0 0 0] max score 1.01
2018/12/16-02:33:57.023753 7f59752fc700 (Original Log Time 2018/12/16-02:33:56.823378) [db/db_impl_compaction_flush.cc:1835] [usertable] Moving #715 to level-3 66287578 bytes
2018/12/16-02:33:57.023760 7f59752fc700 (Original Log Time 2018/12/16-02:33:57.023682) EVENT_LOG_v1 {"time_micros": 1544956437023673, "job": 7, "event": "trivial_move", "destination_level": 3, "files": 1, "total_files_size": 66287578}
2018/12/16-02:33:57.023762 7f59752fc700 (Original Log Time 2018/12/16-02:33:57.023703) [db/db_impl_compaction_flush.cc:1864] [usertable] Moved #1 files to level-3 66287578 bytes OK: base level 1 max bytes base 536870912 files[2 2 124 554 0 0 0] max score 1.00
2018/12/16-02:33:57.227979 7f596f7fe700 (Original Log Time 2018/12/16-02:33:57.023999) [db/db_impl_compaction_flush.cc:1835] [usertable] Moving #1313 to level-1 129895352 bytes
2018/12/16-02:33:57.227986 7f596f7fe700 (Original Log Time 2018/12/16-02:33:57.227886) EVENT_LOG_v1 {"time_micros": 1544956437227877, "job": 8, "event": "trivial_move", "destination_level": 1, "files": 1, "total_files_size": 129895352}
2018/12/16-02:33:57.227988 7f596f7fe700 (Original Log Time 2018/12/16-02:33:57.227913) [db/db_impl_compaction_flush.cc:1864] [usertable] Moved #1 files to level-1 129895352 bytes OK: base level 1 max bytes base 536870912 files[1 3 124 554 0 0 0] max score 1.00
2018/12/16-02:33:58.872721 7f59779f9700 [db/db_impl_write.cc:1373] [usertable] New memtable created with log file: #1322. Immutable memtables: 0.
2018/12/16-02:34:00.083161 7f597c6d1700 [db/db_impl_write.cc:1373] [usertable] New memtable created with log file: #1323. Immutable memtables: 1.
2018/12/16-02:34:00.083251 7f5870ff9700 [db/db_impl_compaction_flush.cc:80] [JOB 9] Syncing log #1316
