2019/03/22-13:27:33.008460 7f0e088e1700 RocksDB version: 5.14.3
2019/03/22-13:27:33.008517 7f0e088e1700 Git sha rocksdb_build_git_sha:
2019/03/22-13:27:33.008520 7f0e088e1700 Compile date Oct  9 2018
2019/03/22-13:27:33.008530 7f0e088e1700 DB SUMMARY
2019/03/22-13:27:33.008559 7f0e088e1700 SST files in /mnt/sdb/ycsb-rocksdb-data dir, Total Num: 0, files: 
2019/03/22-13:27:33.008564 7f0e088e1700 Write Ahead Log file in /mnt/sdb/ycsb-rocksdb-data: 
2019/03/22-13:27:33.008567 7f0e088e1700                         Options.error_if_exists: 0
2019/03/22-13:27:33.008568 7f0e088e1700                       Options.create_if_missing: 1
2019/03/22-13:27:33.008569 7f0e088e1700                         Options.paranoid_checks: 1
2019/03/22-13:27:33.008570 7f0e088e1700                                     Options.env: 0x7f0dfbdae080
2019/03/22-13:27:33.008571 7f0e088e1700                                Options.info_log: 0x7f0d743d82d0
2019/03/22-13:27:33.008572 7f0e088e1700                Options.max_file_opening_threads: 16
2019/03/22-13:27:33.008573 7f0e088e1700                              Options.statistics: (nil)
2019/03/22-13:27:33.008574 7f0e088e1700                               Options.use_fsync: 0
2019/03/22-13:27:33.008575 7f0e088e1700                       Options.max_log_file_size: 0
2019/03/22-13:27:33.008576 7f0e088e1700                  Options.max_manifest_file_size: 18446744073709551615
2019/03/22-13:27:33.008577 7f0e088e1700                   Options.log_file_time_to_roll: 0
2019/03/22-13:27:33.008578 7f0e088e1700                       Options.keep_log_file_num: 1000
2019/03/22-13:27:33.008579 7f0e088e1700                    Options.recycle_log_file_num: 0
2019/03/22-13:27:33.008580 7f0e088e1700                         Options.allow_fallocate: 1
2019/03/22-13:27:33.008580 7f0e088e1700                        Options.allow_mmap_reads: 0
2019/03/22-13:27:33.008581 7f0e088e1700                       Options.allow_mmap_writes: 0
2019/03/22-13:27:33.008582 7f0e088e1700                        Options.use_direct_reads: 0
2019/03/22-13:27:33.008583 7f0e088e1700                        Options.use_direct_io_for_flush_and_compaction: 0
2019/03/22-13:27:33.008584 7f0e088e1700          Options.create_missing_column_families: 1
2019/03/22-13:27:33.008585 7f0e088e1700                              Options.db_log_dir: 
2019/03/22-13:27:33.008586 7f0e088e1700                                 Options.wal_dir: /mnt/sdb/ycsb-rocksdb-data
2019/03/22-13:27:33.008587 7f0e088e1700                Options.table_cache_numshardbits: 6
2019/03/22-13:27:33.008588 7f0e088e1700                      Options.max_subcompactions: 4
2019/03/22-13:27:33.008589 7f0e088e1700                  Options.max_background_flushes: 24
2019/03/22-13:27:33.008590 7f0e088e1700                         Options.WAL_ttl_seconds: 0
2019/03/22-13:27:33.008591 7f0e088e1700                       Options.WAL_size_limit_MB: 0
2019/03/22-13:27:33.008592 7f0e088e1700             Options.manifest_preallocation_size: 4194304
2019/03/22-13:27:33.008593 7f0e088e1700                     Options.is_fd_close_on_exec: 1
2019/03/22-13:27:33.008593 7f0e088e1700                   Options.advise_random_on_open: 1
2019/03/22-13:27:33.008594 7f0e088e1700                    Options.db_write_buffer_size: 0
2019/03/22-13:27:33.008595 7f0e088e1700                    Options.write_buffer_manager: 0x7f0d743d8500
2019/03/22-13:27:33.008596 7f0e088e1700         Options.access_hint_on_compaction_start: 1
2019/03/22-13:27:33.008597 7f0e088e1700  Options.new_table_reader_for_compaction_inputs: 0
2019/03/22-13:27:33.008598 7f0e088e1700           Options.random_access_max_buffer_size: 1048576
2019/03/22-13:27:33.008599 7f0e088e1700                      Options.use_adaptive_mutex: 0
2019/03/22-13:27:33.008599 7f0e088e1700                            Options.rate_limiter: (nil)
2019/03/22-13:27:33.008601 7f0e088e1700     Options.sst_file_manager.rate_bytes_per_sec: 0
2019/03/22-13:27:33.008602 7f0e088e1700                       Options.wal_recovery_mode: 2
2019/03/22-13:27:33.008603 7f0e088e1700                  Options.enable_thread_tracking: 0
2019/03/22-13:27:33.008604 7f0e088e1700                  Options.enable_pipelined_write: 1
2019/03/22-13:27:33.008614 7f0e088e1700         Options.allow_concurrent_memtable_write: 1
2019/03/22-13:27:33.008615 7f0e088e1700      Options.enable_write_thread_adaptive_yield: 1
2019/03/22-13:27:33.008616 7f0e088e1700             Options.write_thread_max_yield_usec: 100
2019/03/22-13:27:33.008617 7f0e088e1700            Options.write_thread_slow_yield_usec: 3
2019/03/22-13:27:33.008618 7f0e088e1700                               Options.row_cache: None
2019/03/22-13:27:33.008619 7f0e088e1700                              Options.wal_filter: None
2019/03/22-13:27:33.008620 7f0e088e1700             Options.avoid_flush_during_recovery: 0
2019/03/22-13:27:33.008621 7f0e088e1700             Options.allow_ingest_behind: 0
2019/03/22-13:27:33.008622 7f0e088e1700             Options.preserve_deletes: 0
2019/03/22-13:27:33.008622 7f0e088e1700             Options.two_write_queues: 0
2019/03/22-13:27:33.008623 7f0e088e1700             Options.manual_wal_flush: 0
2019/03/22-13:27:33.008626 7f0e088e1700             Options.max_background_jobs: 24
2019/03/22-13:27:33.008626 7f0e088e1700             Options.max_background_compactions: 24
2019/03/22-13:27:33.008627 7f0e088e1700             Options.avoid_flush_during_shutdown: 0
2019/03/22-13:27:33.008628 7f0e088e1700           Options.writable_file_max_buffer_size: 1048576
2019/03/22-13:27:33.008629 7f0e088e1700             Options.delayed_write_rate : 16777216
2019/03/22-13:27:33.008630 7f0e088e1700             Options.max_total_wal_size: 0
2019/03/22-13:27:33.008631 7f0e088e1700             Options.delete_obsolete_files_period_micros: 21600000000
2019/03/22-13:27:33.008632 7f0e088e1700                   Options.stats_dump_period_sec: 60
2019/03/22-13:27:33.008633 7f0e088e1700                          Options.max_open_files: -1
2019/03/22-13:27:33.008634 7f0e088e1700                          Options.bytes_per_sync: 1048576
2019/03/22-13:27:33.008635 7f0e088e1700                      Options.wal_bytes_per_sync: 0
2019/03/22-13:27:33.008636 7f0e088e1700       Options.compaction_readahead_size: 0
2019/03/22-13:27:33.008637 7f0e088e1700 Compression algorithms supported:
2019/03/22-13:27:33.008638 7f0e088e1700 	kZSTDNotFinalCompression supported: 1
2019/03/22-13:27:33.008647 7f0e088e1700 	kZSTD supported: 1
2019/03/22-13:27:33.008648 7f0e088e1700 	kXpressCompression supported: 0
2019/03/22-13:27:33.008650 7f0e088e1700 	kLZ4HCCompression supported: 1
2019/03/22-13:27:33.008651 7f0e088e1700 	kLZ4Compression supported: 1
2019/03/22-13:27:33.008652 7f0e088e1700 	kBZip2Compression supported: 1
2019/03/22-13:27:33.008653 7f0e088e1700 	kZlibCompression supported: 1
2019/03/22-13:27:33.008654 7f0e088e1700 	kSnappyCompression supported: 1
2019/03/22-13:27:33.008658 7f0e088e1700 Fast CRC32 supported: Not supported on x86
2019/03/22-13:27:33.008744 7f0e088e1700 [db/db_impl_open.cc:222] Creating manifest 1 
2019/03/22-13:27:33.387211 7f0e088e1700 [db/version_set.cc:3085] Recovering from manifest file: MANIFEST-000001
2019/03/22-13:27:33.387350 7f0e088e1700 [db/column_family.cc:475] --------------- Options for column family [default]:
2019/03/22-13:27:33.387355 7f0e088e1700               Options.comparator: leveldb.BytewiseComparator
2019/03/22-13:27:33.387357 7f0e088e1700           Options.merge_operator: None
2019/03/22-13:27:33.387358 7f0e088e1700        Options.compaction_filter: None
2019/03/22-13:27:33.387359 7f0e088e1700        Options.compaction_filter_factory: None
2019/03/22-13:27:33.387360 7f0e088e1700         Options.memtable_factory: SkipListFactory
2019/03/22-13:27:33.387361 7f0e088e1700            Options.table_factory: BlockBasedTable
2019/03/22-13:27:33.387393 7f0e088e1700            table_factory options:   flush_block_policy_factory: FlushBlockBySizePolicyFactory (0x7f0d743d1f20)
  cache_index_and_filter_blocks: 0
  cache_index_and_filter_blocks_with_high_priority: 0
  pin_l0_filter_and_index_blocks_in_cache: 0
  index_type: 0
  hash_index_allow_collision: 1
  checksum: 1
  no_block_cache: 0
  block_cache: 0x7f0d743c64e0
  block_cache_name: LRUCache
  block_cache_options:
    capacity : 8388608
    num_shard_bits : 4
    strict_capacity_limit : 0
    high_pri_pool_ratio: 0.000
  block_cache_compressed: (nil)
  persistent_cache: (nil)
  block_size: 8192
  block_size_deviation: 10
  block_restart_interval: 16
  index_block_restart_interval: 1
  metadata_block_size: 4096
  partition_filters: 0
  use_delta_encoding: 1
  filter_policy: nullptr
  whole_key_filtering: 1
  verify_compression: 0
  read_amp_bytes_per_bit: 0
  format_version: 2
  enable_index_compression: 1
  block_align: 0
2019/03/22-13:27:33.387411 7f0e088e1700        Options.write_buffer_size: 134217728
2019/03/22-13:27:33.387412 7f0e088e1700  Options.max_write_buffer_number: 24
2019/03/22-13:27:33.387414 7f0e088e1700        Options.compression[0]: NoCompression
2019/03/22-13:27:33.387415 7f0e088e1700        Options.compression[1]: NoCompression
2019/03/22-13:27:33.387416 7f0e088e1700        Options.compression[2]: LZ4
2019/03/22-13:27:33.387417 7f0e088e1700        Options.compression[3]: LZ4
2019/03/22-13:27:33.387418 7f0e088e1700        Options.compression[4]: LZ4
2019/03/22-13:27:33.387419 7f0e088e1700        Options.compression[5]: LZ4
2019/03/22-13:27:33.387420 7f0e088e1700        Options.compression[6]: LZ4
2019/03/22-13:27:33.387421 7f0e088e1700                  Options.bottommost_compression: Disabled
2019/03/22-13:27:33.387422 7f0e088e1700       Options.prefix_extractor: nullptr
2019/03/22-13:27:33.387423 7f0e088e1700   Options.memtable_insert_with_hint_prefix_extractor: nullptr
2019/03/22-13:27:33.387424 7f0e088e1700             Options.num_levels: 7
2019/03/22-13:27:33.387425 7f0e088e1700        Options.min_write_buffer_number_to_merge: 2
2019/03/22-13:27:33.387426 7f0e088e1700     Options.max_write_buffer_number_to_maintain: 0
2019/03/22-13:27:33.387427 7f0e088e1700            Options.compression_opts.window_bits: -14
2019/03/22-13:27:33.387428 7f0e088e1700                  Options.compression_opts.level: -1
2019/03/22-13:27:33.387429 7f0e088e1700               Options.compression_opts.strategy: 0
2019/03/22-13:27:33.387430 7f0e088e1700         Options.compression_opts.max_dict_bytes: 0
2019/03/22-13:27:33.387430 7f0e088e1700         Options.compression_opts.zstd_max_train_bytes: 0
2019/03/22-13:27:33.387431 7f0e088e1700      Options.level0_file_num_compaction_trigger: 2
2019/03/22-13:27:33.387432 7f0e088e1700          Options.level0_slowdown_writes_trigger: 20
2019/03/22-13:27:33.387433 7f0e088e1700              Options.level0_stop_writes_trigger: 36
2019/03/22-13:27:33.387434 7f0e088e1700                   Options.target_file_size_base: 67108864
2019/03/22-13:27:33.387435 7f0e088e1700             Options.target_file_size_multiplier: 1
2019/03/22-13:27:33.387436 7f0e088e1700                Options.max_bytes_for_level_base: 536870912
2019/03/22-13:27:33.387437 7f0e088e1700 Options.level_compaction_dynamic_level_bytes: 0
2019/03/22-13:27:33.387438 7f0e088e1700          Options.max_bytes_for_level_multiplier: 10.000000
2019/03/22-13:27:33.387441 7f0e088e1700 Options.max_bytes_for_level_multiplier_addtl[0]: 1
2019/03/22-13:27:33.387442 7f0e088e1700 Options.max_bytes_for_level_multiplier_addtl[1]: 1
2019/03/22-13:27:33.387443 7f0e088e1700 Options.max_bytes_for_level_multiplier_addtl[2]: 1
2019/03/22-13:27:33.387444 7f0e088e1700 Options.max_bytes_for_level_multiplier_addtl[3]: 1
2019/03/22-13:27:33.387444 7f0e088e1700 Options.max_bytes_for_level_multiplier_addtl[4]: 1
2019/03/22-13:27:33.387445 7f0e088e1700 Options.max_bytes_for_level_multiplier_addtl[5]: 1
2019/03/22-13:27:33.387446 7f0e088e1700 Options.max_bytes_for_level_multiplier_addtl[6]: 1
2019/03/22-13:27:33.387447 7f0e088e1700       Options.max_sequential_skip_in_iterations: 8
2019/03/22-13:27:33.387448 7f0e088e1700                    Options.max_compaction_bytes: 1677721600
2019/03/22-13:27:33.387449 7f0e088e1700                        Options.arena_block_size: 16777216
2019/03/22-13:27:33.387450 7f0e088e1700   Options.soft_pending_compaction_bytes_limit: 68719476736
2019/03/22-13:27:33.387451 7f0e088e1700   Options.hard_pending_compaction_bytes_limit: 274877906944
2019/03/22-13:27:33.387458 7f0e088e1700       Options.rate_limit_delay_max_milliseconds: 100
2019/03/22-13:27:33.387460 7f0e088e1700                Options.disable_auto_compactions: 0
2019/03/22-13:27:33.387462 7f0e088e1700                        Options.compaction_style: kCompactionStyleLevel
2019/03/22-13:27:33.387464 7f0e088e1700                          Options.compaction_pri: kByCompensatedSize
2019/03/22-13:27:33.387465 7f0e088e1700 Options.compaction_options_universal.size_ratio: 1
2019/03/22-13:27:33.387466 7f0e088e1700 Options.compaction_options_universal.min_merge_width: 2
2019/03/22-13:27:33.387467 7f0e088e1700 Options.compaction_options_universal.max_merge_width: 4294967295
2019/03/22-13:27:33.387468 7f0e088e1700 Options.compaction_options_universal.max_size_amplification_percent: 200
2019/03/22-13:27:33.387469 7f0e088e1700 Options.compaction_options_universal.compression_size_percent: -1
2019/03/22-13:27:33.387470 7f0e088e1700 Options.compaction_options_universal.stop_style: kCompactionStopStyleTotalSize
2019/03/22-13:27:33.387471 7f0e088e1700 Options.compaction_options_fifo.max_table_files_size: 1073741824
2019/03/22-13:27:33.387472 7f0e088e1700 Options.compaction_options_fifo.allow_compaction: 0
2019/03/22-13:27:33.387473 7f0e088e1700 Options.compaction_options_fifo.ttl: 0
2019/03/22-13:27:33.387474 7f0e088e1700                   Options.table_properties_collectors: 
2019/03/22-13:27:33.387475 7f0e088e1700                   Options.inplace_update_support: 0
2019/03/22-13:27:33.387476 7f0e088e1700                 Options.inplace_update_num_locks: 10000
2019/03/22-13:27:33.387477 7f0e088e1700               Options.memtable_prefix_bloom_size_ratio: 0.000000
2019/03/22-13:27:33.387478 7f0e088e1700   Options.memtable_huge_page_size: 0
2019/03/22-13:27:33.387479 7f0e088e1700                           Options.bloom_locality: 0
2019/03/22-13:27:33.387480 7f0e088e1700                    Options.max_successive_merges: 0
2019/03/22-13:27:33.387481 7f0e088e1700                Options.optimize_filters_for_hits: 0
2019/03/22-13:27:33.387482 7f0e088e1700                Options.paranoid_file_checks: 0
2019/03/22-13:27:33.387483 7f0e088e1700                Options.force_consistency_checks: 0
2019/03/22-13:27:33.387483 7f0e088e1700                Options.report_bg_io_stats: 0
2019/03/22-13:27:33.387484 7f0e088e1700                               Options.ttl: 0
2019/03/22-13:27:33.388152 7f0e088e1700 [db/version_set.cc:3361] Recovered from manifest file:/mnt/sdb/ycsb-rocksdb-data/MANIFEST-000001 succeeded,manifest_file_number is 1, next_file_number is 3, last_sequence is 0, log_number is 0,prev_log_number is 0,max_column_family is 0,min_log_number_to_keep is 0
2019/03/22-13:27:33.388163 7f0e088e1700 [db/version_set.cc:3369] Column family [default] (ID 0), log number is 0
2019/03/22-13:27:33.388427 7f0e088e1700 [db/version_set.cc:2847] Creating manifest 4
2019/03/22-13:27:33.682654 7f0e088e1700 [db/column_family.cc:475] --------------- Options for column family [usertable]:
2019/03/22-13:27:33.682664 7f0e088e1700               Options.comparator: leveldb.BytewiseComparator
2019/03/22-13:27:33.682665 7f0e088e1700           Options.merge_operator: None
2019/03/22-13:27:33.682667 7f0e088e1700        Options.compaction_filter: None
2019/03/22-13:27:33.682668 7f0e088e1700        Options.compaction_filter_factory: None
2019/03/22-13:27:33.682669 7f0e088e1700         Options.memtable_factory: SkipListFactory
2019/03/22-13:27:33.682670 7f0e088e1700            Options.table_factory: BlockBasedTable
2019/03/22-13:27:33.682704 7f0e088e1700            table_factory options:   flush_block_policy_factory: FlushBlockBySizePolicyFactory (0x7f0d743db5a0)
  cache_index_and_filter_blocks: 0
  cache_index_and_filter_blocks_with_high_priority: 0
  pin_l0_filter_and_index_blocks_in_cache: 0
  index_type: 0
  hash_index_allow_collision: 1
  checksum: 1
  no_block_cache: 0
  block_cache: 0x7f0d743d71a0
  block_cache_name: LRUCache
  block_cache_options:
    capacity : 8388608
    num_shard_bits : 4
    strict_capacity_limit : 0
    high_pri_pool_ratio: 0.000
  block_cache_compressed: (nil)
  persistent_cache: (nil)
  block_size: 8192
  block_size_deviation: 10
  block_restart_interval: 16
  index_block_restart_interval: 1
  metadata_block_size: 4096
  partition_filters: 0
  use_delta_encoding: 1
  filter_policy: nullptr
  whole_key_filtering: 1
  verify_compression: 0
  read_amp_bytes_per_bit: 0
  format_version: 2
  enable_index_compression: 1
  block_align: 0
2019/03/22-13:27:33.682709 7f0e088e1700        Options.write_buffer_size: 134217728
2019/03/22-13:27:33.682710 7f0e088e1700  Options.max_write_buffer_number: 24
2019/03/22-13:27:33.682711 7f0e088e1700        Options.compression[0]: NoCompression
2019/03/22-13:27:33.682712 7f0e088e1700        Options.compression[1]: NoCompression
2019/03/22-13:27:33.682714 7f0e088e1700        Options.compression[2]: LZ4
2019/03/22-13:27:33.682715 7f0e088e1700        Options.compression[3]: LZ4
2019/03/22-13:27:33.682716 7f0e088e1700        Options.compression[4]: LZ4
2019/03/22-13:27:33.682717 7f0e088e1700        Options.compression[5]: LZ4
2019/03/22-13:27:33.682718 7f0e088e1700        Options.compression[6]: LZ4
2019/03/22-13:27:33.682719 7f0e088e1700                  Options.bottommost_compression: Disabled
2019/03/22-13:27:33.682719 7f0e088e1700       Options.prefix_extractor: nullptr
2019/03/22-13:27:33.682720 7f0e088e1700   Options.memtable_insert_with_hint_prefix_extractor: nullptr
2019/03/22-13:27:33.682721 7f0e088e1700             Options.num_levels: 7
2019/03/22-13:27:33.682722 7f0e088e1700        Options.min_write_buffer_number_to_merge: 2
2019/03/22-13:27:33.682723 7f0e088e1700     Options.max_write_buffer_number_to_maintain: 0
2019/03/22-13:27:33.682724 7f0e088e1700            Options.compression_opts.window_bits: -14
2019/03/22-13:27:33.682725 7f0e088e1700                  Options.compression_opts.level: -1
2019/03/22-13:27:33.682726 7f0e088e1700               Options.compression_opts.strategy: 0
2019/03/22-13:27:33.682727 7f0e088e1700         Options.compression_opts.max_dict_bytes: 0
2019/03/22-13:27:33.682728 7f0e088e1700         Options.compression_opts.zstd_max_train_bytes: 0
2019/03/22-13:27:33.682728 7f0e088e1700      Options.level0_file_num_compaction_trigger: 2
2019/03/22-13:27:33.682729 7f0e088e1700          Options.level0_slowdown_writes_trigger: 20
2019/03/22-13:27:33.682730 7f0e088e1700              Options.level0_stop_writes_trigger: 36
2019/03/22-13:27:33.682731 7f0e088e1700                   Options.target_file_size_base: 67108864
2019/03/22-13:27:33.682732 7f0e088e1700             Options.target_file_size_multiplier: 1
2019/03/22-13:27:33.682733 7f0e088e1700                Options.max_bytes_for_level_base: 536870912
2019/03/22-13:27:33.682734 7f0e088e1700 Options.level_compaction_dynamic_level_bytes: 0
2019/03/22-13:27:33.682735 7f0e088e1700          Options.max_bytes_for_level_multiplier: 10.000000
2019/03/22-13:27:33.682739 7f0e088e1700 Options.max_bytes_for_level_multiplier_addtl[0]: 1
2019/03/22-13:27:33.682750 7f0e088e1700 Options.max_bytes_for_level_multiplier_addtl[1]: 1
2019/03/22-13:27:33.682752 7f0e088e1700 Options.max_bytes_for_level_multiplier_addtl[2]: 1
2019/03/22-13:27:33.682753 7f0e088e1700 Options.max_bytes_for_level_multiplier_addtl[3]: 1
2019/03/22-13:27:33.682754 7f0e088e1700 Options.max_bytes_for_level_multiplier_addtl[4]: 1
2019/03/22-13:27:33.682755 7f0e088e1700 Options.max_bytes_for_level_multiplier_addtl[5]: 1
2019/03/22-13:27:33.682756 7f0e088e1700 Options.max_bytes_for_level_multiplier_addtl[6]: 1
2019/03/22-13:27:33.682756 7f0e088e1700       Options.max_sequential_skip_in_iterations: 8
2019/03/22-13:27:33.682757 7f0e088e1700                    Options.max_compaction_bytes: 1677721600
2019/03/22-13:27:33.682758 7f0e088e1700                        Options.arena_block_size: 16777216
2019/03/22-13:27:33.682759 7f0e088e1700   Options.soft_pending_compaction_bytes_limit: 68719476736
2019/03/22-13:27:33.682760 7f0e088e1700   Options.hard_pending_compaction_bytes_limit: 274877906944
2019/03/22-13:27:33.682761 7f0e088e1700       Options.rate_limit_delay_max_milliseconds: 100
2019/03/22-13:27:33.682762 7f0e088e1700                Options.disable_auto_compactions: 0
2019/03/22-13:27:33.682764 7f0e088e1700                        Options.compaction_style: kCompactionStyleLevel
2019/03/22-13:27:33.682765 7f0e088e1700                          Options.compaction_pri: kByCompensatedSize
2019/03/22-13:27:33.682766 7f0e088e1700 Options.compaction_options_universal.size_ratio: 1
2019/03/22-13:27:33.682767 7f0e088e1700 Options.compaction_options_universal.min_merge_width: 2
2019/03/22-13:27:33.682768 7f0e088e1700 Options.compaction_options_universal.max_merge_width: 4294967295
2019/03/22-13:27:33.682769 7f0e088e1700 Options.compaction_options_universal.max_size_amplification_percent: 200
2019/03/22-13:27:33.682770 7f0e088e1700 Options.compaction_options_universal.compression_size_percent: -1
2019/03/22-13:27:33.682771 7f0e088e1700 Options.compaction_options_universal.stop_style: kCompactionStopStyleTotalSize
2019/03/22-13:27:33.682772 7f0e088e1700 Options.compaction_options_fifo.max_table_files_size: 1073741824
2019/03/22-13:27:33.682773 7f0e088e1700 Options.compaction_options_fifo.allow_compaction: 0
2019/03/22-13:27:33.682774 7f0e088e1700 Options.compaction_options_fifo.ttl: 0
2019/03/22-13:27:33.682775 7f0e088e1700                   Options.table_properties_collectors: 
2019/03/22-13:27:33.682776 7f0e088e1700                   Options.inplace_update_support: 0
2019/03/22-13:27:33.682777 7f0e088e1700                 Options.inplace_update_num_locks: 10000
2019/03/22-13:27:33.682777 7f0e088e1700               Options.memtable_prefix_bloom_size_ratio: 0.000000
2019/03/22-13:27:33.682779 7f0e088e1700   Options.memtable_huge_page_size: 0
2019/03/22-13:27:33.682780 7f0e088e1700                           Options.bloom_locality: 0
2019/03/22-13:27:33.682781 7f0e088e1700                    Options.max_successive_merges: 0
2019/03/22-13:27:33.682782 7f0e088e1700                Options.optimize_filters_for_hits: 0
2019/03/22-13:27:33.682782 7f0e088e1700                Options.paranoid_file_checks: 0
2019/03/22-13:27:33.682783 7f0e088e1700                Options.force_consistency_checks: 0
2019/03/22-13:27:33.682784 7f0e088e1700                Options.report_bg_io_stats: 0
2019/03/22-13:27:33.682785 7f0e088e1700                               Options.ttl: 0
2019/03/22-13:27:33.682860 7f0e088e1700 [db/db_impl.cc:1396] Created column family [usertable] (ID 1)
2019/03/22-13:27:34.033951 7f0e088e1700 [db/db_impl_open.cc:1219] DB pointer 0x7f0d743d0c20
2019/03/22-13:27:42.400799 7f0d105f6700 [db/db_impl_write.cc:1373] [usertable] New memtable created with log file: #9. Immutable memtables: 0.
2019/03/22-13:27:51.052917 7f0d301f2700 [db/db_impl_write.cc:1373] [usertable] New memtable created with log file: #10. Immutable memtables: 1.
2019/03/22-13:27:51.053068 7f0d127fc700 [db/db_impl_compaction_flush.cc:80] [JOB 2] Syncing log #3
2019/03/22-13:27:51.322278 7f0d127fc700 [db/db_impl_compaction_flush.cc:80] [JOB 2] Syncing log #9
2019/03/22-13:27:52.281860 7f0d127fc700 (Original Log Time 2019/03/22-13:27:51.053015) [db/db_impl_compaction_flush.cc:1424] Calling FlushMemTableToOutputFile with column family [usertable], flush slots available 24, compaction slots available 1, flush slots scheduled 1, compaction slots scheduled 0
2019/03/22-13:27:52.281872 7f0d127fc700 [db/flush_job.cc:301] [usertable] [JOB 2] Flushing memtable with next log file: 9
2019/03/22-13:27:52.281888 7f0d127fc700 [db/flush_job.cc:301] [usertable] [JOB 2] Flushing memtable with next log file: 10
2019/03/22-13:27:52.281943 7f0d127fc700 EVENT_LOG_v1 {"time_micros": 1553286472281919, "job": 2, "event": "flush_started", "num_memtables": 2, "num_entries": 59521, "num_deletes": 0, "memory_usage": 246721024, "flush_reason": "Write Buffer Full"}
2019/03/22-13:27:52.281955 7f0d127fc700 [db/flush_job.cc:331] [usertable] [JOB 2] Level-0 flush table #11: started
2019/03/22-13:27:54.002167 7f0d127fc700 EVENT_LOG_v1 {"time_micros": 1553286474002139, "cf_name": "usertable", "job": 2, "event": "table_file_creation", "file_number": 11, "file_size": 246500306, "table_properties": {"data_size": 245405097, "index_size": 1094282, "filter_size": 0, "raw_key_size": 1428504, "raw_average_key_size": 24, "raw_value_size": 243798016, "raw_average_value_size": 4096, "num_data_blocks": 29761, "num_entries": 59521, "filter_policy_name": "", "kDeletedKeys": "0", "kMergeOperands": "0"}}
2019/03/22-13:27:54.002198 7f0d127fc700 [db/flush_job.cc:371] [usertable] [JOB 2] Level-0 flush table #11: 246500306 bytes OK
2019/03/22-13:27:54.030805 7f0d127fc700 (Original Log Time 2019/03/22-13:27:54.002219) [db/memtable_list.cc:377] [usertable] Level-0 commit table #11 started
2019/03/22-13:27:54.030809 7f0d127fc700 (Original Log Time 2019/03/22-13:27:54.030683) [db/memtable_list.cc:409] [usertable] Level-0 commit table #11: memtable #1 done
2019/03/22-13:27:54.030810 7f0d127fc700 (Original Log Time 2019/03/22-13:27:54.030697) [db/memtable_list.cc:409] [usertable] Level-0 commit table #11: memtable #2 done
2019/03/22-13:27:54.030812 7f0d127fc700 (Original Log Time 2019/03/22-13:27:54.030736) EVENT_LOG_v1 {"time_micros": 1553286474030719, "job": 2, "event": "flush_finished", "output_compression": "NoCompression", "lsm_state": [1, 0, 0, 0, 0, 0, 0], "immutable_memtables": 0}
2019/03/22-13:27:54.030813 7f0d127fc700 (Original Log Time 2019/03/22-13:27:54.030766) [db/db_impl_compaction_flush.cc:177] [usertable] Level summary: base level 1 max bytes base 536870912 files[1 0 0 0 0 0 0] max score 0.50
2019/03/22-13:27:54.030825 7f0d127fc700 [db/db_impl_files.cc:347] [JOB 2] Try to delete WAL files size 245752021, prev total WAL file size 288815595, number of live WAL files 3.
2019/03/22-13:27:59.450523 7f0d307f8700 [db/db_impl_write.cc:1373] [usertable] New memtable created with log file: #12. Immutable memtables: 0.
2019/03/22-13:28:07.638207 7f0df84ad700 [db/db_impl_write.cc:1373] [usertable] New memtable created with log file: #13. Immutable memtables: 1.
2019/03/22-13:28:07.638297 7f0d11ffb700 [db/db_impl_compaction_flush.cc:80] [JOB 3] Syncing log #10
2019/03/22-13:28:08.114119 7f0d11ffb700 [db/db_impl_compaction_flush.cc:80] [JOB 3] Syncing log #12
2019/03/22-13:28:08.597778 7f0d11ffb700 (Original Log Time 2019/03/22-13:28:07.638276) [db/db_impl_compaction_flush.cc:1424] Calling FlushMemTableToOutputFile with column family [usertable], flush slots available 24, compaction slots available 1, flush slots scheduled 1, compaction slots scheduled 0
2019/03/22-13:28:08.597790 7f0d11ffb700 [db/flush_job.cc:301] [usertable] [JOB 3] Flushing memtable with next log file: 12
2019/03/22-13:28:08.597798 7f0d11ffb700 [db/flush_job.cc:301] [usertable] [JOB 3] Flushing memtable with next log file: 13
2019/03/22-13:28:08.597835 7f0d11ffb700 EVENT_LOG_v1 {"time_micros": 1553286488597821, "job": 3, "event": "flush_started", "num_memtables": 2, "num_entries": 58052, "num_deletes": 0, "memory_usage": 240583696, "flush_reason": "Write Buffer Full"}
2019/03/22-13:28:08.597841 7f0d11ffb700 [db/flush_job.cc:331] [usertable] [JOB 3] Level-0 flush table #14: started
2019/03/22-13:28:09.458556 7f0d11ffb700 EVENT_LOG_v1 {"time_micros": 1553286489458529, "cf_name": "usertable", "job": 3, "event": "table_file_creation", "file_number": 14, "file_size": 240429471, "table_properties": {"data_size": 239354846, "index_size": 1073698, "filter_size": 0, "raw_key_size": 1393248, "raw_average_key_size": 24, "raw_value_size": 237780992, "raw_average_value_size": 4096, "num_data_blocks": 29026, "num_entries": 58052, "filter_policy_name": "", "kDeletedKeys": "0", "kMergeOperands": "0"}}
2019/03/22-13:28:09.458579 7f0d11ffb700 [db/flush_job.cc:371] [usertable] [JOB 3] Level-0 flush table #14: 240429471 bytes OK
2019/03/22-13:28:09.487251 7f0d11ffb700 (Original Log Time 2019/03/22-13:28:09.458597) [db/memtable_list.cc:377] [usertable] Level-0 commit table #14 started
2019/03/22-13:28:09.487255 7f0d11ffb700 (Original Log Time 2019/03/22-13:28:09.487129) [db/memtable_list.cc:409] [usertable] Level-0 commit table #14: memtable #1 done
2019/03/22-13:28:09.487257 7f0d11ffb700 (Original Log Time 2019/03/22-13:28:09.487132) [db/memtable_list.cc:409] [usertable] Level-0 commit table #14: memtable #2 done
2019/03/22-13:28:09.487258 7f0d11ffb700 (Original Log Time 2019/03/22-13:28:09.487156) EVENT_LOG_v1 {"time_micros": 1553286489487145, "job": 3, "event": "flush_finished", "output_compression": "NoCompression", "lsm_state": [2, 0, 0, 0, 0, 0, 0], "immutable_memtables": 0}
2019/03/22-13:28:09.487260 7f0d11ffb700 (Original Log Time 2019/03/22-13:28:09.487209) [db/db_impl_compaction_flush.cc:177] [usertable] Level summary: base level 1 max bytes base 536870912 files[2 0 0 0 0 0 0] max score 1.00
2019/03/22-13:28:09.487271 7f0d11ffb700 [db/db_impl_files.cc:347] [JOB 3] Try to delete WAL files size 239686424, prev total WAL file size 266412133, number of live WAL files 3.
2019/03/22-13:28:09.487510 7f0d12ffd700 [WARN] [db/db_impl.cc:491] ------- DUMPING STATS -------
2019/03/22-13:28:09.489510 7f0d12ffd700 [WARN] [db/db_impl.cc:492] 
** DB Stats **
Uptime(secs): 36.1 total, 36.1 interval
Cumulative writes: 124K writes, 124K keys, 122K commit groups, 1.0 writes per commit group, ingest: 0.48 GB, 13.53 MB/s
Cumulative WAL: 124K writes, 0 syncs, 124046.00 writes per sync, written: 0.48 GB, 13.53 MB/s
Cumulative stall: 00:00:0.000 H:M:S, 0.0 percent
Interval writes: 124K writes, 124K keys, 122K commit groups, 1.0 writes per commit group, ingest: 488.45 MB, 13.53 MB/s
Interval WAL: 124K writes, 0 syncs, 124046.00 writes per sync, written: 0.48 MB, 13.53 MB/s
Interval stall: 00:00:0.000 H:M:S, 0.0 percent

** Compaction Stats [default] **
Level    Files   Size     Score Read(GB)  Rn(GB) Rnp1(GB) Write(GB) Wnew(GB) Moved(GB) W-Amp Rd(MB/s) Wr(MB/s) Comp(sec) Comp(cnt) Avg(sec) KeyIn KeyDrop
----------------------------------------------------------------------------------------------------------------------------------------------------------
 Sum      0/0    0.00 KB   0.0      0.0     0.0      0.0       0.0      0.0       0.0   0.0      0.0      0.0         0         0    0.000       0      0
 Int      0/0    0.00 KB   0.0      0.0     0.0      0.0       0.0      0.0       0.0   0.0      0.0      0.0         0         0    0.000       0      0
Uptime(secs): 36.1 total, 36.1 interval
Flush(GB): cumulative 0.000, interval 0.000
AddFile(GB): cumulative 0.000, interval 0.000
AddFile(Total Files): cumulative 0, interval 0
AddFile(L0 Files): cumulative 0, interval 0
AddFile(Keys): cumulative 0, interval 0
Cumulative compaction: 0.00 GB write, 0.00 MB/s write, 0.00 GB read, 0.00 MB/s read, 0.0 seconds
Interval compaction: 0.00 GB write, 0.00 MB/s write, 0.00 GB read, 0.00 MB/s read, 0.0 seconds
Stalls(count): 0 level0_slowdown, 0 level0_slowdown_with_compaction, 0 level0_numfiles, 0 level0_numfiles_with_compaction, 0 stop for pending_compaction_bytes, 0 slowdown for pending_compaction_bytes, 0 memtable_compaction, 0 memtable_slowdown, interval 0 total count

** File Read Latency Histogram By Level [default] **

** Compaction Stats [usertable] **
Level    Files   Size     Score Read(GB)  Rn(GB) Rnp1(GB) Write(GB) Wnew(GB) Moved(GB) W-Amp Rd(MB/s) Wr(MB/s) Comp(sec) Comp(cnt) Avg(sec) KeyIn KeyDrop
----------------------------------------------------------------------------------------------------------------------------------------------------------
  L0      2/0   464.37 MB   1.0      0.0     0.0      0.0       0.5      0.5       0.0   1.0      0.0    179.9         3         2    1.291       0      0
 Sum      2/0   464.37 MB   0.0      0.0     0.0      0.0       0.5      0.5       0.0   1.0      0.0    179.9         3         2    1.291       0      0
 Int      0/0    0.00 KB   0.0      0.0     0.0      0.0       0.5      0.5       0.0   1.0      0.0    179.9         3         2    1.291       0      0
Uptime(secs): 35.8 total, 35.8 interval
Flush(GB): cumulative 0.453, interval 0.453
AddFile(GB): cumulative 0.000, interval 0.000
AddFile(Total Files): cumulative 0, interval 0
AddFile(L0 Files): cumulative 0, interval 0
AddFile(Keys): cumulative 0, interval 0
Cumulative compaction: 0.45 GB write, 12.97 MB/s write, 0.00 GB read, 0.00 MB/s read, 2.6 seconds
Interval compaction: 0.45 GB write, 12.97 MB/s write, 0.00 GB read, 0.00 MB/s read, 2.6 seconds
Stalls(count): 0 level0_slowdown, 0 level0_slowdown_with_compaction, 0 level0_numfiles, 0 level0_numfiles_with_compaction, 0 stop for pending_compaction_bytes, 0 slowdown for pending_compaction_bytes, 0 memtable_compaction, 0 memtable_slowdown, interval 0 total count

** File Read Latency Histogram By Level [usertable] **

** Compaction Stats [default] **
Level    Files   Size     Score Read(GB)  Rn(GB) Rnp1(GB) Write(GB) Wnew(GB) Moved(GB) W-Amp Rd(MB/s) Wr(MB/s) Comp(sec) Comp(cnt) Avg(sec) KeyIn KeyDrop
----------------------------------------------------------------------------------------------------------------------------------------------------------
 Sum      0/0    0.00 KB   0.0      0.0     0.0      0.0       0.0      0.0       0.0   0.0      0.0      0.0         0         0    0.000       0      0
 Int      0/0    0.00 KB   0.0      0.0     0.0      0.0       0.0      0.0       0.0   0.0      0.0      0.0         0         0    0.000       0      0
Uptime(secs): 36.1 total, 0.0 interval
Flush(GB): cumulative 0.000, interval 0.000
AddFile(GB): cumulative 0.000, interval 0.000
AddFile(Total Files): cumulative 0, interval 0
AddFile(L0 Files): cumulative 0, interval 0
AddFile(Keys): cumulative 0, interval 0
Cumulative compaction: 0.00 GB write, 0.00 MB/s write, 0.00 GB read, 0.00 MB/s read, 0.0 seconds
Interval compaction: 0.00 GB write, 0.00 MB/s write, 0.00 GB read, 0.00 MB/s read, 0.0 seconds
Stalls(count): 0 level0_slowdown, 0 level0_slowdown_with_compaction, 0 level0_numfiles, 0 level0_numfiles_with_compaction, 0 stop for pending_compaction_bytes, 0 slowdown for pending_compaction_bytes, 0 memtable_compaction, 0 memtable_slowdown, interval 0 total count

** File Read Latency Histogram By Level [default] **

** Compaction Stats [usertable] **
Level    Files   Size     Score Read(GB)  Rn(GB) Rnp1(GB) Write(GB) Wnew(GB) Moved(GB) W-Amp Rd(MB/s) Wr(MB/s) Comp(sec) Comp(cnt) Avg(sec) KeyIn KeyDrop
----------------------------------------------------------------------------------------------------------------------------------------------------------
  L0      2/0   464.37 MB   1.0      0.0     0.0      0.0       0.5      0.5       0.0   1.0      0.0    179.9         3         2    1.291       0      0
 Sum      2/0   464.37 MB   0.0      0.0     0.0      0.0       0.5      0.5       0.0   1.0      0.0    179.9         3         2    1.291       0      0
 Int      0/0    0.00 KB   0.0      0.0     0.0      0.0       0.0      0.0       0.0   0.0      0.0      0.0         0         0    0.000       0      0
Uptime(secs): 35.8 total, 0.0 interval
Flush(GB): cumulative 0.453, interval 0.000
AddFile(GB): cumulative 0.000, interval 0.000
AddFile(Total Files): cumulative 0, interval 0
AddFile(L0 Files): cumulative 0, interval 0
AddFile(Keys): cumulative 0, interval 0
Cumulative compaction: 0.45 GB write, 12.97 MB/s write, 0.00 GB read, 0.00 MB/s read, 2.6 seconds
Interval compaction: 0.00 GB write, 0.00 MB/s write, 0.00 GB read, 0.00 MB/s read, 0.0 seconds
Stalls(count): 0 level0_slowdown, 0 level0_slowdown_with_compaction, 0 level0_numfiles, 0 level0_numfiles_with_compaction, 0 stop for pending_compaction_bytes, 0 slowdown for pending_compaction_bytes, 0 memtable_compaction, 0 memtable_slowdown, interval 0 total count

** File Read Latency Histogram By Level [usertable] **
2019/03/22-13:28:09.522456 7f0d12ffd700 (Original Log Time 2019/03/22-13:28:09.493501) [db/db_impl_compaction_flush.cc:1835] [usertable] Moving #11 to level-1 246500306 bytes
2019/03/22-13:28:09.522460 7f0d12ffd700 (Original Log Time 2019/03/22-13:28:09.522390) EVENT_LOG_v1 {"time_micros": 1553286489522370, "job": 4, "event": "trivial_move", "destination_level": 1, "files": 1, "total_files_size": 246500306}
2019/03/22-13:28:09.522462 7f0d12ffd700 (Original Log Time 2019/03/22-13:28:09.522404) [db/db_impl_compaction_flush.cc:1864] [usertable] Moved #1 files to level-1 246500306 bytes OK: base level 1 max bytes base 536870912 files[1 1 0 0 0 0 0] max score 0.50
2019/03/22-13:28:16.009897 7f0d103f4700 [db/db_impl_write.cc:1373] [usertable] New memtable created with log file: #15. Immutable memtables: 0.
2019/03/22-13:28:22.814765 7f0df81aa700 [db/db_impl_write.cc:1373] [usertable] New memtable created with log file: #16. Immutable memtables: 1.
2019/03/22-13:28:22.814853 7f0d117fa700 [db/db_impl_compaction_flush.cc:80] [JOB 5] Syncing log #13
2019/03/22-13:28:23.447328 7f0d117fa700 [db/db_impl_compaction_flush.cc:80] [JOB 5] Syncing log #15
2019/03/22-13:28:23.662963 7f0d117fa700 (Original Log Time 2019/03/22-13:28:22.814832) [db/db_impl_compaction_flush.cc:1424] Calling FlushMemTableToOutputFile with column family [usertable], flush slots available 24, compaction slots available 1, flush slots scheduled 1, compaction slots scheduled 0
2019/03/22-13:28:23.662974 7f0d117fa700 [db/flush_job.cc:301] [usertable] [JOB 5] Flushing memtable with next log file: 15
2019/03/22-13:28:23.662982 7f0d117fa700 [db/flush_job.cc:301] [usertable] [JOB 5] Flushing memtable with next log file: 16
2019/03/22-13:28:23.663021 7f0d117fa700 EVENT_LOG_v1 {"time_micros": 1553286503663008, "job": 5, "event": "flush_started", "num_memtables": 2, "num_entries": 53115, "num_deletes": 0, "memory_usage": 243353928, "flush_reason": "Write Buffer Full"}
2019/03/22-13:28:23.663028 7f0d117fa700 [db/flush_job.cc:331] [usertable] [JOB 5] Level-0 flush table #17: started
2019/03/22-13:28:24.776411 7f0d117fa700 EVENT_LOG_v1 {"time_micros": 1553286504776383, "cf_name": "usertable", "job": 5, "event": "table_file_creation", "file_number": 17, "file_size": 219982369, "table_properties": {"data_size": 218999060, "index_size": 982382, "filter_size": 0, "raw_key_size": 1274760, "raw_average_key_size": 24, "raw_value_size": 217559040, "raw_average_value_size": 4096, "num_data_blocks": 26558, "num_entries": 53115, "filter_policy_name": "", "kDeletedKeys": "0", "kMergeOperands": "0"}}
2019/03/22-13:28:24.776436 7f0d117fa700 [db/flush_job.cc:371] [usertable] [JOB 5] Level-0 flush table #17: 219982369 bytes OK
2019/03/22-13:28:24.835120 7f0d117fa700 (Original Log Time 2019/03/22-13:28:24.776454) [db/memtable_list.cc:377] [usertable] Level-0 commit table #17 started
2019/03/22-13:28:24.835127 7f0d117fa700 (Original Log Time 2019/03/22-13:28:24.835025) [db/memtable_list.cc:409] [usertable] Level-0 commit table #17: memtable #1 done
2019/03/22-13:28:24.835130 7f0d117fa700 (Original Log Time 2019/03/22-13:28:24.835033) [db/memtable_list.cc:409] [usertable] Level-0 commit table #17: memtable #2 done
2019/03/22-13:28:24.835133 7f0d117fa700 (Original Log Time 2019/03/22-13:28:24.835062) EVENT_LOG_v1 {"time_micros": 1553286504835050, "job": 5, "event": "flush_finished", "output_compression": "NoCompression", "lsm_state": [2, 1, 0, 0, 0, 0, 0], "immutable_memtables": 0}
2019/03/22-13:28:24.835136 7f0d117fa700 (Original Log Time 2019/03/22-13:28:24.835095) [db/db_impl_compaction_flush.cc:177] [usertable] Level summary: base level 1 max bytes base 536870912 files[2 1 0 0 0 0 0] max score 1.00
