2019/03/13-09:53:25.291586 7f7ca471f0 RocksDB version: 5.14.3
2019/03/13-09:53:25.291737 7f7ca471f0 Git sha rocksdb_build_git_sha:
2019/03/13-09:53:25.291744 7f7ca471f0 Compile date Mar 11 2019
2019/03/13-09:53:25.291753 7f7ca471f0 DB SUMMARY
2019/03/13-09:53:25.291803 7f7ca471f0 SST files in /mnt/sda/ycsb-rocksdb-data dir, Total Num: 0, files: 
2019/03/13-09:53:25.291810 7f7ca471f0 Write Ahead Log file in /mnt/sda/ycsb-rocksdb-data: 
2019/03/13-09:53:25.291817 7f7ca471f0                         Options.error_if_exists: 0
2019/03/13-09:53:25.291820 7f7ca471f0                       Options.create_if_missing: 1
2019/03/13-09:53:25.291824 7f7ca471f0                         Options.paranoid_checks: 1
2019/03/13-09:53:25.291827 7f7ca471f0                                     Options.env: 0x7f7c765f18
2019/03/13-09:53:25.291830 7f7ca471f0                                Options.info_log: 0x7f3c3e1850
2019/03/13-09:53:25.291833 7f7ca471f0                Options.max_file_opening_threads: 16
2019/03/13-09:53:25.291837 7f7ca471f0                              Options.statistics: (nil)
2019/03/13-09:53:25.291840 7f7ca471f0                               Options.use_fsync: 0
2019/03/13-09:53:25.291843 7f7ca471f0                       Options.max_log_file_size: 0
2019/03/13-09:53:25.291846 7f7ca471f0                  Options.max_manifest_file_size: 18446744073709551615
2019/03/13-09:53:25.291849 7f7ca471f0                   Options.log_file_time_to_roll: 0
2019/03/13-09:53:25.291852 7f7ca471f0                       Options.keep_log_file_num: 1000
2019/03/13-09:53:25.291855 7f7ca471f0                    Options.recycle_log_file_num: 0
2019/03/13-09:53:25.291858 7f7ca471f0                         Options.allow_fallocate: 1
2019/03/13-09:53:25.291861 7f7ca471f0                        Options.allow_mmap_reads: 0
2019/03/13-09:53:25.291864 7f7ca471f0                       Options.allow_mmap_writes: 0
2019/03/13-09:53:25.291867 7f7ca471f0                        Options.use_direct_reads: 0
2019/03/13-09:53:25.291870 7f7ca471f0                        Options.use_direct_io_for_flush_and_compaction: 0
2019/03/13-09:53:25.291873 7f7ca471f0          Options.create_missing_column_families: 1
2019/03/13-09:53:25.291876 7f7ca471f0                              Options.db_log_dir: 
2019/03/13-09:53:25.291879 7f7ca471f0                                 Options.wal_dir: /mnt/sda/ycsb-rocksdb-data
2019/03/13-09:53:25.291882 7f7ca471f0                Options.table_cache_numshardbits: 6
2019/03/13-09:53:25.291884 7f7ca471f0                      Options.max_subcompactions: 4
2019/03/13-09:53:25.291888 7f7ca471f0                  Options.max_background_flushes: 6
2019/03/13-09:53:25.291891 7f7ca471f0                         Options.WAL_ttl_seconds: 0
2019/03/13-09:53:25.291894 7f7ca471f0                       Options.WAL_size_limit_MB: 0
2019/03/13-09:53:25.291897 7f7ca471f0             Options.manifest_preallocation_size: 4194304
2019/03/13-09:53:25.291900 7f7ca471f0                     Options.is_fd_close_on_exec: 1
2019/03/13-09:53:25.291903 7f7ca471f0                   Options.advise_random_on_open: 1
2019/03/13-09:53:25.291906 7f7ca471f0                    Options.db_write_buffer_size: 0
2019/03/13-09:53:25.291909 7f7ca471f0                    Options.write_buffer_manager: 0x7f3c3e2c90
2019/03/13-09:53:25.291935 7f7ca471f0         Options.access_hint_on_compaction_start: 1
2019/03/13-09:53:25.291939 7f7ca471f0  Options.new_table_reader_for_compaction_inputs: 0
2019/03/13-09:53:25.291943 7f7ca471f0           Options.random_access_max_buffer_size: 1048576
2019/03/13-09:53:25.291946 7f7ca471f0                      Options.use_adaptive_mutex: 0
2019/03/13-09:53:25.291949 7f7ca471f0                            Options.rate_limiter: (nil)
2019/03/13-09:53:25.291955 7f7ca471f0     Options.sst_file_manager.rate_bytes_per_sec: 0
2019/03/13-09:53:25.291958 7f7ca471f0                       Options.wal_recovery_mode: 2
2019/03/13-09:53:25.291961 7f7ca471f0                  Options.enable_thread_tracking: 0
2019/03/13-09:53:25.291965 7f7ca471f0                  Options.enable_pipelined_write: 1
2019/03/13-09:53:25.291968 7f7ca471f0         Options.allow_concurrent_memtable_write: 1
2019/03/13-09:53:25.291988 7f7ca471f0      Options.enable_write_thread_adaptive_yield: 1
2019/03/13-09:53:25.291993 7f7ca471f0             Options.write_thread_max_yield_usec: 100
2019/03/13-09:53:25.291997 7f7ca471f0            Options.write_thread_slow_yield_usec: 3
2019/03/13-09:53:25.292000 7f7ca471f0                               Options.row_cache: None
2019/03/13-09:53:25.292003 7f7ca471f0                              Options.wal_filter: None
2019/03/13-09:53:25.292006 7f7ca471f0             Options.avoid_flush_during_recovery: 0
2019/03/13-09:53:25.292009 7f7ca471f0             Options.allow_ingest_behind: 0
2019/03/13-09:53:25.292012 7f7ca471f0             Options.preserve_deletes: 0
2019/03/13-09:53:25.292015 7f7ca471f0             Options.two_write_queues: 0
2019/03/13-09:53:25.292018 7f7ca471f0             Options.manual_wal_flush: 0
2019/03/13-09:53:25.292023 7f7ca471f0             Options.max_background_jobs: 6
2019/03/13-09:53:25.292026 7f7ca471f0             Options.max_background_compactions: 6
2019/03/13-09:53:25.292029 7f7ca471f0             Options.avoid_flush_during_shutdown: 0
2019/03/13-09:53:25.292032 7f7ca471f0           Options.writable_file_max_buffer_size: 1048576
2019/03/13-09:53:25.292035 7f7ca471f0             Options.delayed_write_rate : 16777216
2019/03/13-09:53:25.292038 7f7ca471f0             Options.max_total_wal_size: 0
2019/03/13-09:53:25.292041 7f7ca471f0             Options.delete_obsolete_files_period_micros: 21600000000
2019/03/13-09:53:25.292044 7f7ca471f0                   Options.stats_dump_period_sec: 60
2019/03/13-09:53:25.292048 7f7ca471f0                          Options.max_open_files: -1
2019/03/13-09:53:25.292050 7f7ca471f0                          Options.bytes_per_sync: 1048576
2019/03/13-09:53:25.292053 7f7ca471f0                      Options.wal_bytes_per_sync: 0
2019/03/13-09:53:25.292056 7f7ca471f0       Options.compaction_readahead_size: 0
2019/03/13-09:53:25.292059 7f7ca471f0 Compression algorithms supported:
2019/03/13-09:53:25.292063 7f7ca471f0 	kZSTDNotFinalCompression supported: 1
2019/03/13-09:53:25.292097 7f7ca471f0 	kZSTD supported: 1
2019/03/13-09:53:25.292103 7f7ca471f0 	kXpressCompression supported: 0
2019/03/13-09:53:25.292106 7f7ca471f0 	kLZ4HCCompression supported: 1
2019/03/13-09:53:25.292110 7f7ca471f0 	kLZ4Compression supported: 1
2019/03/13-09:53:25.292113 7f7ca471f0 	kBZip2Compression supported: 1
2019/03/13-09:53:25.292116 7f7ca471f0 	kZlibCompression supported: 1
2019/03/13-09:53:25.292119 7f7ca471f0 	kSnappyCompression supported: 1
2019/03/13-09:53:25.292128 7f7ca471f0 Fast CRC32 supported: Not supported on x86
2019/03/13-09:53:25.292290 7f7ca471f0 [db/db_impl_open.cc:222] Creating manifest 1 
2019/03/13-09:53:25.399995 7f7ca471f0 [db/version_set.cc:3085] Recovering from manifest file: MANIFEST-000001
2019/03/13-09:53:25.400399 7f7ca471f0 [db/column_family.cc:475] --------------- Options for column family [default]:
2019/03/13-09:53:25.400417 7f7ca471f0               Options.comparator: leveldb.BytewiseComparator
2019/03/13-09:53:25.400425 7f7ca471f0           Options.merge_operator: None
2019/03/13-09:53:25.400431 7f7ca471f0        Options.compaction_filter: None
2019/03/13-09:53:25.400438 7f7ca471f0        Options.compaction_filter_factory: None
2019/03/13-09:53:25.400445 7f7ca471f0         Options.memtable_factory: SkipListFactory
2019/03/13-09:53:25.400452 7f7ca471f0            Options.table_factory: BlockBasedTable
2019/03/13-09:53:25.400558 7f7ca471f0            table_factory options:   flush_block_policy_factory: FlushBlockBySizePolicyFactory (0x7f3c3dbd80)
  cache_index_and_filter_blocks: 0
  cache_index_and_filter_blocks_with_high_priority: 0
  pin_l0_filter_and_index_blocks_in_cache: 0
  index_type: 0
  hash_index_allow_collision: 1
  checksum: 1
  no_block_cache: 0
  block_cache: 0x7f3c3e0b60
  block_cache_name: LRUCache
  block_cache_options:
    capacity : 8388608
    num_shard_bits : 4
    strict_capacity_limit : 0
    high_pri_pool_ratio: 0.000
  block_cache_compressed: (nil)
  persistent_cache: (nil)
  block_size: 8192
  block_size_deviation: 10
  block_restart_interval: 16
  index_block_restart_interval: 1
  metadata_block_size: 4096
  partition_filters: 0
  use_delta_encoding: 1
  filter_policy: nullptr
  whole_key_filtering: 1
  verify_compression: 0
  read_amp_bytes_per_bit: 0
  format_version: 2
  enable_index_compression: 1
  block_align: 0
2019/03/13-09:53:25.400637 7f7ca471f0        Options.write_buffer_size: 134217728
2019/03/13-09:53:25.400645 7f7ca471f0  Options.max_write_buffer_number: 24
2019/03/13-09:53:25.400653 7f7ca471f0        Options.compression[0]: NoCompression
2019/03/13-09:53:25.400659 7f7ca471f0        Options.compression[1]: NoCompression
2019/03/13-09:53:25.400666 7f7ca471f0        Options.compression[2]: LZ4
2019/03/13-09:53:25.400672 7f7ca471f0        Options.compression[3]: LZ4
2019/03/13-09:53:25.400679 7f7ca471f0        Options.compression[4]: LZ4
2019/03/13-09:53:25.400685 7f7ca471f0        Options.compression[5]: LZ4
2019/03/13-09:53:25.400691 7f7ca471f0        Options.compression[6]: LZ4
2019/03/13-09:53:25.400698 7f7ca471f0                  Options.bottommost_compression: Disabled
2019/03/13-09:53:25.400704 7f7ca471f0       Options.prefix_extractor: nullptr
2019/03/13-09:53:25.400711 7f7ca471f0   Options.memtable_insert_with_hint_prefix_extractor: nullptr
2019/03/13-09:53:25.400717 7f7ca471f0             Options.num_levels: 7
2019/03/13-09:53:25.400722 7f7ca471f0        Options.min_write_buffer_number_to_merge: 2
2019/03/13-09:53:25.400729 7f7ca471f0     Options.max_write_buffer_number_to_maintain: 0
2019/03/13-09:53:25.400735 7f7ca471f0            Options.compression_opts.window_bits: -14
2019/03/13-09:53:25.400741 7f7ca471f0                  Options.compression_opts.level: -1
2019/03/13-09:53:25.400747 7f7ca471f0               Options.compression_opts.strategy: 0
2019/03/13-09:53:25.400753 7f7ca471f0         Options.compression_opts.max_dict_bytes: 0
2019/03/13-09:53:25.400759 7f7ca471f0         Options.compression_opts.zstd_max_train_bytes: 0
2019/03/13-09:53:25.400765 7f7ca471f0      Options.level0_file_num_compaction_trigger: 2
2019/03/13-09:53:25.400771 7f7ca471f0          Options.level0_slowdown_writes_trigger: 20
2019/03/13-09:53:25.400777 7f7ca471f0              Options.level0_stop_writes_trigger: 36
2019/03/13-09:53:25.400783 7f7ca471f0                   Options.target_file_size_base: 67108864
2019/03/13-09:53:25.400789 7f7ca471f0             Options.target_file_size_multiplier: 1
2019/03/13-09:53:25.400795 7f7ca471f0                Options.max_bytes_for_level_base: 536870912
2019/03/13-09:53:25.400801 7f7ca471f0 Options.level_compaction_dynamic_level_bytes: 0
2019/03/13-09:53:25.400807 7f7ca471f0          Options.max_bytes_for_level_multiplier: 10.000000
2019/03/13-09:53:25.400820 7f7ca471f0 Options.max_bytes_for_level_multiplier_addtl[0]: 1
2019/03/13-09:53:25.400826 7f7ca471f0 Options.max_bytes_for_level_multiplier_addtl[1]: 1
2019/03/13-09:53:25.400832 7f7ca471f0 Options.max_bytes_for_level_multiplier_addtl[2]: 1
2019/03/13-09:53:25.400838 7f7ca471f0 Options.max_bytes_for_level_multiplier_addtl[3]: 1
2019/03/13-09:53:25.400844 7f7ca471f0 Options.max_bytes_for_level_multiplier_addtl[4]: 1
2019/03/13-09:53:25.400851 7f7ca471f0 Options.max_bytes_for_level_multiplier_addtl[5]: 1
2019/03/13-09:53:25.400856 7f7ca471f0 Options.max_bytes_for_level_multiplier_addtl[6]: 1
2019/03/13-09:53:25.400862 7f7ca471f0       Options.max_sequential_skip_in_iterations: 8
2019/03/13-09:53:25.400868 7f7ca471f0                    Options.max_compaction_bytes: 1677721600
2019/03/13-09:53:25.400874 7f7ca471f0                        Options.arena_block_size: 16777216
2019/03/13-09:53:25.400881 7f7ca471f0   Options.soft_pending_compaction_bytes_limit: 68719476736
2019/03/13-09:53:25.400887 7f7ca471f0   Options.hard_pending_compaction_bytes_limit: 274877906944
2019/03/13-09:53:25.400893 7f7ca471f0       Options.rate_limit_delay_max_milliseconds: 100
2019/03/13-09:53:25.400899 7f7ca471f0                Options.disable_auto_compactions: 0
2019/03/13-09:53:25.400907 7f7ca471f0                        Options.compaction_style: kCompactionStyleLevel
2019/03/13-09:53:25.400960 7f7ca471f0                          Options.compaction_pri: kByCompensatedSize
2019/03/13-09:53:25.400968 7f7ca471f0 Options.compaction_options_universal.size_ratio: 1
2019/03/13-09:53:25.400975 7f7ca471f0 Options.compaction_options_universal.min_merge_width: 2
2019/03/13-09:53:25.400981 7f7ca471f0 Options.compaction_options_universal.max_merge_width: 4294967295
2019/03/13-09:53:25.400988 7f7ca471f0 Options.compaction_options_universal.max_size_amplification_percent: 200
2019/03/13-09:53:25.400994 7f7ca471f0 Options.compaction_options_universal.compression_size_percent: -1
2019/03/13-09:53:25.401001 7f7ca471f0 Options.compaction_options_universal.stop_style: kCompactionStopStyleTotalSize
2019/03/13-09:53:25.401008 7f7ca471f0 Options.compaction_options_fifo.max_table_files_size: 1073741824
2019/03/13-09:53:25.401014 7f7ca471f0 Options.compaction_options_fifo.allow_compaction: 0
2019/03/13-09:53:25.401020 7f7ca471f0 Options.compaction_options_fifo.ttl: 0
2019/03/13-09:53:25.401026 7f7ca471f0                   Options.table_properties_collectors: 
2019/03/13-09:53:25.401033 7f7ca471f0                   Options.inplace_update_support: 0
2019/03/13-09:53:25.401038 7f7ca471f0                 Options.inplace_update_num_locks: 10000
2019/03/13-09:53:25.401044 7f7ca471f0               Options.memtable_prefix_bloom_size_ratio: 0.000000
2019/03/13-09:53:25.401052 7f7ca471f0   Options.memtable_huge_page_size: 0
2019/03/13-09:53:25.401059 7f7ca471f0                           Options.bloom_locality: 0
2019/03/13-09:53:25.401065 7f7ca471f0                    Options.max_successive_merges: 0
2019/03/13-09:53:25.401071 7f7ca471f0                Options.optimize_filters_for_hits: 0
2019/03/13-09:53:25.401077 7f7ca471f0                Options.paranoid_file_checks: 0
2019/03/13-09:53:25.401083 7f7ca471f0                Options.force_consistency_checks: 0
2019/03/13-09:53:25.401089 7f7ca471f0                Options.report_bg_io_stats: 0
2019/03/13-09:53:25.401095 7f7ca471f0                               Options.ttl: 0
2019/03/13-09:53:25.403736 7f7ca471f0 [db/version_set.cc:3361] Recovered from manifest file:/mnt/sda/ycsb-rocksdb-data/MANIFEST-000001 succeeded,manifest_file_number is 1, next_file_number is 3, last_sequence is 0, log_number is 0,prev_log_number is 0,max_column_family is 0,min_log_number_to_keep is 0
2019/03/13-09:53:25.403788 7f7ca471f0 [db/version_set.cc:3369] Column family [default] (ID 0), log number is 0
2019/03/13-09:53:25.404662 7f7ca471f0 [db/version_set.cc:2847] Creating manifest 4
2019/03/13-09:53:25.483215 7f7ca471f0 [db/column_family.cc:475] --------------- Options for column family [usertable]:
2019/03/13-09:53:25.483255 7f7ca471f0               Options.comparator: leveldb.BytewiseComparator
2019/03/13-09:53:25.483264 7f7ca471f0           Options.merge_operator: None
2019/03/13-09:53:25.483270 7f7ca471f0        Options.compaction_filter: None
2019/03/13-09:53:25.483276 7f7ca471f0        Options.compaction_filter_factory: None
2019/03/13-09:53:25.483283 7f7ca471f0         Options.memtable_factory: SkipListFactory
2019/03/13-09:53:25.483290 7f7ca471f0            Options.table_factory: BlockBasedTable
2019/03/13-09:53:25.483385 7f7ca471f0            table_factory options:   flush_block_policy_factory: FlushBlockBySizePolicyFactory (0x7f3c3d45e0)
  cache_index_and_filter_blocks: 0
  cache_index_and_filter_blocks_with_high_priority: 0
  pin_l0_filter_and_index_blocks_in_cache: 0
  index_type: 0
  hash_index_allow_collision: 1
  checksum: 1
  no_block_cache: 0
  block_cache: 0x7f3c3d5110
  block_cache_name: LRUCache
  block_cache_options:
    capacity : 8388608
    num_shard_bits : 4
    strict_capacity_limit : 0
    high_pri_pool_ratio: 0.000
  block_cache_compressed: (nil)
  persistent_cache: (nil)
  block_size: 8192
  block_size_deviation: 10
  block_restart_interval: 16
  index_block_restart_interval: 1
  metadata_block_size: 4096
  partition_filters: 0
  use_delta_encoding: 1
  filter_policy: nullptr
  whole_key_filtering: 1
  verify_compression: 0
  read_amp_bytes_per_bit: 0
  format_version: 2
  enable_index_compression: 1
  block_align: 0
2019/03/13-09:53:25.483399 7f7ca471f0        Options.write_buffer_size: 134217728
2019/03/13-09:53:25.483406 7f7ca471f0  Options.max_write_buffer_number: 24
2019/03/13-09:53:25.483413 7f7ca471f0        Options.compression[0]: NoCompression
2019/03/13-09:53:25.483420 7f7ca471f0        Options.compression[1]: NoCompression
2019/03/13-09:53:25.483427 7f7ca471f0        Options.compression[2]: LZ4
2019/03/13-09:53:25.483433 7f7ca471f0        Options.compression[3]: LZ4
2019/03/13-09:53:25.483439 7f7ca471f0        Options.compression[4]: LZ4
2019/03/13-09:53:25.483445 7f7ca471f0        Options.compression[5]: LZ4
2019/03/13-09:53:25.483452 7f7ca471f0        Options.compression[6]: LZ4
2019/03/13-09:53:25.483458 7f7ca471f0                  Options.bottommost_compression: Disabled
2019/03/13-09:53:25.483465 7f7ca471f0       Options.prefix_extractor: nullptr
2019/03/13-09:53:25.483471 7f7ca471f0   Options.memtable_insert_with_hint_prefix_extractor: nullptr
2019/03/13-09:53:25.483477 7f7ca471f0             Options.num_levels: 7
2019/03/13-09:53:25.483483 7f7ca471f0        Options.min_write_buffer_number_to_merge: 2
2019/03/13-09:53:25.483489 7f7ca471f0     Options.max_write_buffer_number_to_maintain: 0
2019/03/13-09:53:25.483495 7f7ca471f0            Options.compression_opts.window_bits: -14
2019/03/13-09:53:25.483501 7f7ca471f0                  Options.compression_opts.level: -1
2019/03/13-09:53:25.483507 7f7ca471f0               Options.compression_opts.strategy: 0
2019/03/13-09:53:25.483513 7f7ca471f0         Options.compression_opts.max_dict_bytes: 0
2019/03/13-09:53:25.483519 7f7ca471f0         Options.compression_opts.zstd_max_train_bytes: 0
2019/03/13-09:53:25.483525 7f7ca471f0      Options.level0_file_num_compaction_trigger: 2
2019/03/13-09:53:25.483532 7f7ca471f0          Options.level0_slowdown_writes_trigger: 20
2019/03/13-09:53:25.483537 7f7ca471f0              Options.level0_stop_writes_trigger: 36
2019/03/13-09:53:25.483544 7f7ca471f0                   Options.target_file_size_base: 67108864
2019/03/13-09:53:25.483550 7f7ca471f0             Options.target_file_size_multiplier: 1
2019/03/13-09:53:25.483556 7f7ca471f0                Options.max_bytes_for_level_base: 536870912
2019/03/13-09:53:25.483562 7f7ca471f0 Options.level_compaction_dynamic_level_bytes: 0
2019/03/13-09:53:25.483569 7f7ca471f0          Options.max_bytes_for_level_multiplier: 10.000000
2019/03/13-09:53:25.483581 7f7ca471f0 Options.max_bytes_for_level_multiplier_addtl[0]: 1
2019/03/13-09:53:25.483588 7f7ca471f0 Options.max_bytes_for_level_multiplier_addtl[1]: 1
2019/03/13-09:53:25.483642 7f7ca471f0 Options.max_bytes_for_level_multiplier_addtl[2]: 1
2019/03/13-09:53:25.483650 7f7ca471f0 Options.max_bytes_for_level_multiplier_addtl[3]: 1
2019/03/13-09:53:25.483657 7f7ca471f0 Options.max_bytes_for_level_multiplier_addtl[4]: 1
2019/03/13-09:53:25.483663 7f7ca471f0 Options.max_bytes_for_level_multiplier_addtl[5]: 1
2019/03/13-09:53:25.483669 7f7ca471f0 Options.max_bytes_for_level_multiplier_addtl[6]: 1
2019/03/13-09:53:25.483675 7f7ca471f0       Options.max_sequential_skip_in_iterations: 8
2019/03/13-09:53:25.483681 7f7ca471f0                    Options.max_compaction_bytes: 1677721600
2019/03/13-09:53:25.483687 7f7ca471f0                        Options.arena_block_size: 16777216
2019/03/13-09:53:25.483693 7f7ca471f0   Options.soft_pending_compaction_bytes_limit: 68719476736
2019/03/13-09:53:25.483700 7f7ca471f0   Options.hard_pending_compaction_bytes_limit: 274877906944
2019/03/13-09:53:25.483706 7f7ca471f0       Options.rate_limit_delay_max_milliseconds: 100
2019/03/13-09:53:25.483712 7f7ca471f0                Options.disable_auto_compactions: 0
2019/03/13-09:53:25.483721 7f7ca471f0                        Options.compaction_style: kCompactionStyleLevel
2019/03/13-09:53:25.483729 7f7ca471f0                          Options.compaction_pri: kByCompensatedSize
2019/03/13-09:53:25.483736 7f7ca471f0 Options.compaction_options_universal.size_ratio: 1
2019/03/13-09:53:25.483742 7f7ca471f0 Options.compaction_options_universal.min_merge_width: 2
2019/03/13-09:53:25.483748 7f7ca471f0 Options.compaction_options_universal.max_merge_width: 4294967295
2019/03/13-09:53:25.483754 7f7ca471f0 Options.compaction_options_universal.max_size_amplification_percent: 200
2019/03/13-09:53:25.483760 7f7ca471f0 Options.compaction_options_universal.compression_size_percent: -1
2019/03/13-09:53:25.483768 7f7ca471f0 Options.compaction_options_universal.stop_style: kCompactionStopStyleTotalSize
2019/03/13-09:53:25.483774 7f7ca471f0 Options.compaction_options_fifo.max_table_files_size: 1073741824
2019/03/13-09:53:25.483780 7f7ca471f0 Options.compaction_options_fifo.allow_compaction: 0
2019/03/13-09:53:25.483786 7f7ca471f0 Options.compaction_options_fifo.ttl: 0
2019/03/13-09:53:25.483792 7f7ca471f0                   Options.table_properties_collectors: 
2019/03/13-09:53:25.483798 7f7ca471f0                   Options.inplace_update_support: 0
2019/03/13-09:53:25.483805 7f7ca471f0                 Options.inplace_update_num_locks: 10000
2019/03/13-09:53:25.483811 7f7ca471f0               Options.memtable_prefix_bloom_size_ratio: 0.000000
2019/03/13-09:53:25.483818 7f7ca471f0   Options.memtable_huge_page_size: 0
2019/03/13-09:53:25.483825 7f7ca471f0                           Options.bloom_locality: 0
2019/03/13-09:53:25.483831 7f7ca471f0                    Options.max_successive_merges: 0
2019/03/13-09:53:25.483837 7f7ca471f0                Options.optimize_filters_for_hits: 0
2019/03/13-09:53:25.483843 7f7ca471f0                Options.paranoid_file_checks: 0
2019/03/13-09:53:25.483849 7f7ca471f0                Options.force_consistency_checks: 0
2019/03/13-09:53:25.483855 7f7ca471f0                Options.report_bg_io_stats: 0
2019/03/13-09:53:25.483861 7f7ca471f0                               Options.ttl: 0
2019/03/13-09:53:25.484083 7f7ca471f0 [db/db_impl.cc:1396] Created column family [usertable] (ID 1)
2019/03/13-09:53:25.579132 7f7ca471f0 [db/db_impl_open.cc:1219] DB pointer 0x7f3c3d3550
2019/03/13-09:53:41.141086 7f547fe1f0 [db/db_impl_write.cc:1373] [usertable] New memtable created with log file: #9. Immutable memtables: 0.
2019/03/13-09:53:55.773578 7f2c7f91f0 [db/db_impl_write.cc:1373] [usertable] New memtable created with log file: #10. Immutable memtables: 1.
2019/03/13-09:53:55.773837 7f34ff91f0 [db/db_impl_compaction_flush.cc:80] [JOB 2] Syncing log #3
2019/03/13-09:53:56.577380 7f34ff91f0 [db/db_impl_compaction_flush.cc:80] [JOB 2] Syncing log #9
2019/03/13-09:53:57.691726 7f34ff91f0 (Original Log Time 2019/03/13-09:53:55.773754) [db/db_impl_compaction_flush.cc:1424] Calling FlushMemTableToOutputFile with column family [usertable], flush slots available 6, compaction slots available 1, flush slots scheduled 1, compaction slots scheduled 0
2019/03/13-09:53:57.691757 7f34ff91f0 [db/flush_job.cc:301] [usertable] [JOB 2] Flushing memtable with next log file: 9
2019/03/13-09:53:57.691780 7f34ff91f0 [db/flush_job.cc:301] [usertable] [JOB 2] Flushing memtable with next log file: 10
2019/03/13-09:53:57.691860 7f34ff91f0 EVENT_LOG_v1 {"time_micros": 1552470837691831, "job": 2, "event": "flush_started", "num_memtables": 2, "num_entries": 61246, "num_deletes": 0, "memory_usage": 253890512, "flush_reason": "Write Buffer Full"}
2019/03/13-09:53:57.691881 7f34ff91f0 [db/flush_job.cc:331] [usertable] [JOB 2] Level-0 flush table #11: started
2019/03/13-09:53:59.495493 7f34ff91f0 EVENT_LOG_v1 {"time_micros": 1552470839495439, "cf_name": "usertable", "job": 2, "event": "table_file_creation", "file_number": 11, "file_size": 253644169, "table_properties": {"data_size": 252517258, "index_size": 1125984, "filter_size": 0, "raw_key_size": 1469904, "raw_average_key_size": 24, "raw_value_size": 250863616, "raw_average_value_size": 4096, "num_data_blocks": 30623, "num_entries": 61246, "filter_policy_name": "", "kDeletedKeys": "0", "kMergeOperands": "0"}}
2019/03/13-09:53:59.495555 7f34ff91f0 [db/flush_job.cc:371] [usertable] [JOB 2] Level-0 flush table #11: 253644169 bytes OK
2019/03/13-09:53:59.526148 7f34ff91f0 (Original Log Time 2019/03/13-09:53:59.495592) [db/memtable_list.cc:377] [usertable] Level-0 commit table #11 started
2019/03/13-09:53:59.526157 7f34ff91f0 (Original Log Time 2019/03/13-09:53:59.525957) [db/memtable_list.cc:409] [usertable] Level-0 commit table #11: memtable #1 done
2019/03/13-09:53:59.526162 7f34ff91f0 (Original Log Time 2019/03/13-09:53:59.525986) [db/memtable_list.cc:409] [usertable] Level-0 commit table #11: memtable #2 done
2019/03/13-09:53:59.526167 7f34ff91f0 (Original Log Time 2019/03/13-09:53:59.526037) EVENT_LOG_v1 {"time_micros": 1552470839526019, "job": 2, "event": "flush_finished", "output_compression": "NoCompression", "lsm_state": [1, 0, 0, 0, 0, 0, 0], "immutable_memtables": 0}
2019/03/13-09:53:59.526172 7f34ff91f0 (Original Log Time 2019/03/13-09:53:59.526088) [db/db_impl_compaction_flush.cc:177] [usertable] Level summary: base level 1 max bytes base 536870912 files[1 0 0 0 0 0 0] max score 0.50
2019/03/13-09:53:59.526196 7f34ff91f0 [db/db_impl_files.cc:347] [JOB 2] Try to delete WAL files size 252520138, prev total WAL file size 275878907, number of live WAL files 3.
2019/03/13-09:54:13.039214 7f347f81f0 [db/db_impl_write.cc:1373] [usertable] New memtable created with log file: #12. Immutable memtables: 0.
2019/03/13-09:54:30.356250 7f547fe1f0 [db/db_impl_write.cc:1373] [usertable] New memtable created with log file: #13. Immutable memtables: 1.
2019/03/13-09:54:30.356411 7f2dffb1f0 [db/db_impl_compaction_flush.cc:80] [JOB 3] Syncing log #10
2019/03/13-09:54:31.550045 7f2dffb1f0 [db/db_impl_compaction_flush.cc:80] [JOB 3] Syncing log #12
2019/03/13-09:54:32.779097 7f2dffb1f0 (Original Log Time 2019/03/13-09:54:30.356386) [db/db_impl_compaction_flush.cc:1424] Calling FlushMemTableToOutputFile with column family [usertable], flush slots available 6, compaction slots available 1, flush slots scheduled 1, compaction slots scheduled 0
2019/03/13-09:54:32.779124 7f2dffb1f0 [db/flush_job.cc:301] [usertable] [JOB 3] Flushing memtable with next log file: 12
2019/03/13-09:54:32.779137 7f2dffb1f0 [db/flush_job.cc:301] [usertable] [JOB 3] Flushing memtable with next log file: 13
2019/03/13-09:54:32.779188 7f2dffb1f0 EVENT_LOG_v1 {"time_micros": 1552470872779174, "job": 3, "event": "flush_started", "num_memtables": 2, "num_entries": 60970, "num_deletes": 0, "memory_usage": 252687824, "flush_reason": "Write Buffer Full"}
2019/03/13-09:54:32.779199 7f2dffb1f0 [db/flush_job.cc:331] [usertable] [JOB 3] Level-0 flush table #14: started
2019/03/13-09:54:35.153270 7f2dffb1f0 EVENT_LOG_v1 {"time_micros": 1552470875153219, "cf_name": "usertable", "job": 3, "event": "table_file_creation", "file_number": 14, "file_size": 252501143, "table_properties": {"data_size": 251379310, "index_size": 1120906, "filter_size": 0, "raw_key_size": 1463280, "raw_average_key_size": 24, "raw_value_size": 249733120, "raw_average_value_size": 4096, "num_data_blocks": 30485, "num_entries": 60970, "filter_policy_name": "", "kDeletedKeys": "0", "kMergeOperands": "0"}}
2019/03/13-09:54:35.153327 7f2dffb1f0 [db/flush_job.cc:371] [usertable] [JOB 3] Level-0 flush table #14: 252501143 bytes OK
2019/03/13-09:54:35.183400 7f2dffb1f0 (Original Log Time 2019/03/13-09:54:35.153356) [db/memtable_list.cc:377] [usertable] Level-0 commit table #14 started
2019/03/13-09:54:35.183411 7f2dffb1f0 (Original Log Time 2019/03/13-09:54:35.183224) [db/memtable_list.cc:409] [usertable] Level-0 commit table #14: memtable #1 done
2019/03/13-09:54:35.183416 7f2dffb1f0 (Original Log Time 2019/03/13-09:54:35.183234) [db/memtable_list.cc:409] [usertable] Level-0 commit table #14: memtable #2 done
2019/03/13-09:54:35.183421 7f2dffb1f0 (Original Log Time 2019/03/13-09:54:35.183279) EVENT_LOG_v1 {"time_micros": 1552470875183264, "job": 3, "event": "flush_finished", "output_compression": "NoCompression", "lsm_state": [2, 0, 0, 0, 0, 0, 0], "immutable_memtables": 0}
2019/03/13-09:54:35.183426 7f2dffb1f0 (Original Log Time 2019/03/13-09:54:35.183353) [db/db_impl_compaction_flush.cc:177] [usertable] Level summary: base level 1 max bytes base 536870912 files[2 0 0 0 0 0 0] max score 1.00
2019/03/13-09:54:35.183446 7f2dffb1f0 [db/db_impl_files.cc:347] [JOB 3] Try to delete WAL files size 251383558, prev total WAL file size 290632753, number of live WAL files 3.
2019/03/13-09:54:35.183780 7f357fa1f0 [WARN] [db/db_impl.cc:491] ------- DUMPING STATS -------
2019/03/13-09:54:35.186731 7f357fa1f0 [WARN] [db/db_impl.cc:492] 
** DB Stats **
Uptime(secs): 69.8 total, 69.8 interval
Cumulative writes: 131K writes, 131K keys, 66K commit groups, 2.0 writes per commit group, ingest: 0.51 GB, 7.42 MB/s
Cumulative WAL: 131K writes, 0 syncs, 131735.00 writes per sync, written: 0.51 GB, 7.42 MB/s
Cumulative stall: 00:00:0.000 H:M:S, 0.0 percent
Interval writes: 131K writes, 131K keys, 66K commit groups, 2.0 writes per commit group, ingest: 517.99 MB, 7.42 MB/s
Interval WAL: 131K writes, 0 syncs, 131735.00 writes per sync, written: 0.51 MB, 7.42 MB/s
Interval stall: 00:00:0.000 H:M:S, 0.0 percent

** Compaction Stats [default] **
Level    Files   Size     Score Read(GB)  Rn(GB) Rnp1(GB) Write(GB) Wnew(GB) Moved(GB) W-Amp Rd(MB/s) Wr(MB/s) Comp(sec) Comp(cnt) Avg(sec) KeyIn KeyDrop
----------------------------------------------------------------------------------------------------------------------------------------------------------
 Sum      0/0    0.00 KB   0.0      0.0     0.0      0.0       0.0      0.0       0.0   0.0      0.0      0.0         0         0    0.000       0      0
 Int      0/0    0.00 KB   0.0      0.0     0.0      0.0       0.0      0.0       0.0   0.0      0.0      0.0         0         0    0.000       0      0
Uptime(secs): 69.8 total, 69.8 interval
Flush(GB): cumulative 0.000, interval 0.000
AddFile(GB): cumulative 0.000, interval 0.000
AddFile(Total Files): cumulative 0, interval 0
AddFile(L0 Files): cumulative 0, interval 0
AddFile(Keys): cumulative 0, interval 0
Cumulative compaction: 0.00 GB write, 0.00 MB/s write, 0.00 GB read, 0.00 MB/s read, 0.0 seconds
Interval compaction: 0.00 GB write, 0.00 MB/s write, 0.00 GB read, 0.00 MB/s read, 0.0 seconds
Stalls(count): 0 level0_slowdown, 0 level0_slowdown_with_compaction, 0 level0_numfiles, 0 level0_numfiles_with_compaction, 0 stop for pending_compaction_bytes, 0 slowdown for pending_compaction_bytes, 0 memtable_compaction, 0 memtable_slowdown, interval 0 total count

** File Read Latency Histogram By Level [default] **

** Compaction Stats [usertable] **
Level    Files   Size     Score Read(GB)  Rn(GB) Rnp1(GB) Write(GB) Wnew(GB) Moved(GB) W-Amp Rd(MB/s) Wr(MB/s) Comp(sec) Comp(cnt) Avg(sec) KeyIn KeyDrop
----------------------------------------------------------------------------------------------------------------------------------------------------------
  L0      2/0   482.70 MB   1.0      0.0     0.0      0.0       0.5      0.5       0.0   1.0      0.0    115.5         4         2    2.089       0      0
 Sum      2/0   482.70 MB   0.0      0.0     0.0      0.0       0.5      0.5       0.0   1.0      0.0    115.5         4         2    2.089       0      0
 Int      0/0    0.00 KB   0.0      0.0     0.0      0.0       0.5      0.5       0.0   1.0      0.0    115.5         4         2    2.089       0      0
Uptime(secs): 69.7 total, 69.7 interval
Flush(GB): cumulative 0.471, interval 0.471
AddFile(GB): cumulative 0.000, interval 0.000
AddFile(Total Files): cumulative 0, interval 0
AddFile(L0 Files): cumulative 0, interval 0
AddFile(Keys): cumulative 0, interval 0
Cumulative compaction: 0.47 GB write, 6.93 MB/s write, 0.00 GB read, 0.00 MB/s read, 4.2 seconds
Interval compaction: 0.47 GB write, 6.93 MB/s write, 0.00 GB read, 0.00 MB/s read, 4.2 seconds
Stalls(count): 0 level0_slowdown, 0 level0_slowdown_with_compaction, 0 level0_numfiles, 0 level0_numfiles_with_compaction, 0 stop for pending_compaction_bytes, 0 slowdown for pending_compaction_bytes, 0 memtable_compaction, 0 memtable_slowdown, interval 0 total count

** File Read Latency Histogram By Level [usertable] **

** Compaction Stats [default] **
Level    Files   Size     Score Read(GB)  Rn(GB) Rnp1(GB) Write(GB) Wnew(GB) Moved(GB) W-Amp Rd(MB/s) Wr(MB/s) Comp(sec) Comp(cnt) Avg(sec) KeyIn KeyDrop
----------------------------------------------------------------------------------------------------------------------------------------------------------
 Sum      0/0    0.00 KB   0.0      0.0     0.0      0.0       0.0      0.0       0.0   0.0      0.0      0.0         0         0    0.000       0      0
 Int      0/0    0.00 KB   0.0      0.0     0.0      0.0       0.0      0.0       0.0   0.0      0.0      0.0         0         0    0.000       0      0
Uptime(secs): 69.8 total, 0.0 interval
Flush(GB): cumulative 0.000, interval 0.000
AddFile(GB): cumulative 0.000, interval 0.000
AddFile(Total Files): cumulative 0, interval 0
AddFile(L0 Files): cumulative 0, interval 0
AddFile(Keys): cumulative 0, interval 0
Cumulative compaction: 0.00 GB write, 0.00 MB/s write, 0.00 GB read, 0.00 MB/s read, 0.0 seconds
Interval compaction: 0.00 GB write, 0.00 MB/s write, 0.00 GB read, 0.00 MB/s read, 0.0 seconds
Stalls(count): 0 level0_slowdown, 0 level0_slowdown_with_compaction, 0 level0_numfiles, 0 level0_numfiles_with_compaction, 0 stop for pending_compaction_bytes, 0 slowdown for pending_compaction_bytes, 0 memtable_compaction, 0 memtable_slowdown, interval 0 total count

** File Read Latency Histogram By Level [default] **

** Compaction Stats [usertable] **
Level    Files   Size     Score Read(GB)  Rn(GB) Rnp1(GB) Write(GB) Wnew(GB) Moved(GB) W-Amp Rd(MB/s) Wr(MB/s) Comp(sec) Comp(cnt) Avg(sec) KeyIn KeyDrop
----------------------------------------------------------------------------------------------------------------------------------------------------------
  L0      2/0   482.70 MB   1.0      0.0     0.0      0.0       0.5      0.5       0.0   1.0      0.0    115.5         4         2    2.089       0      0
 Sum      2/0   482.70 MB   0.0      0.0     0.0      0.0       0.5      0.5       0.0   1.0      0.0    115.5         4         2    2.089       0      0
 Int      0/0    0.00 KB   0.0      0.0     0.0      0.0       0.0      0.0       0.0   0.0      0.0      0.0         0         0    0.000       0      0
Uptime(secs): 69.7 total, 0.0 interval
Flush(GB): cumulative 0.471, interval 0.000
AddFile(GB): cumulative 0.000, interval 0.000
AddFile(Total Files): cumulative 0, interval 0
AddFile(L0 Files): cumulative 0, interval 0
AddFile(Keys): cumulative 0, interval 0
Cumulative compaction: 0.47 GB write, 6.93 MB/s write, 0.00 GB read, 0.00 MB/s read, 4.2 seconds
Interval compaction: 0.00 GB write, 0.00 MB/s write, 0.00 GB read, 0.00 MB/s read, 0.0 seconds
Stalls(count): 0 level0_slowdown, 0 level0_slowdown_with_compaction, 0 level0_numfiles, 0 level0_numfiles_with_compaction, 0 stop for pending_compaction_bytes, 0 slowdown for pending_compaction_bytes, 0 memtable_compaction, 0 memtable_slowdown, interval 0 total count

** File Read Latency Histogram By Level [usertable] **
2019/03/13-09:54:35.193007 7f357fa1f0 [db/compaction_job.cc:1531] [usertable] [JOB 4] Compacting 2@0 files to L1, score 1.00
2019/03/13-09:54:35.193040 7f357fa1f0 [db/compaction_job.cc:1535] [usertable] Compaction start summary: Base version 4 Base level 0, inputs: [14(240MB) 11(241MB)]
2019/03/13-09:54:35.193101 7f357fa1f0 EVENT_LOG_v1 {"time_micros": 1552470875193069, "job": 4, "event": "compaction_started", "compaction_reason": "LevelL0FilesNum", "files_L0": [14, 11], "score": 1, "input_data_size": 506145312}
2019/03/13-09:54:36.161267 7f357fa1f0 [db/compaction_job.cc:1211] [usertable] [JOB 4] Generated table #15: 16279 keys, 67418362 bytes
2019/03/13-09:54:36.161341 7f357fa1f0 EVENT_LOG_v1 {"time_micros": 1552470876161317, "cf_name": "usertable", "job": 4, "event": "table_file_creation", "file_number": 15, "file_size": 67418362, "table_properties": {"data_size": 67118331, "index_size": 299110, "filter_size": 0, "raw_key_size": 390696, "raw_average_key_size": 24, "raw_value_size": 66678784, "raw_average_value_size": 4096, "num_data_blocks": 8140, "num_entries": 16279, "filter_policy_name": "", "kDeletedKeys": "0", "kMergeOperands": "0"}}
2019/03/13-09:54:37.171289 7f357fa1f0 [db/compaction_job.cc:1211] [usertable] [JOB 4] Generated table #16: 16279 keys, 67421977 bytes
2019/03/13-09:54:37.171361 7f357fa1f0 EVENT_LOG_v1 {"time_micros": 1552470877171338, "cf_name": "usertable", "job": 4, "event": "table_file_creation", "file_number": 16, "file_size": 67421977, "table_properties": {"data_size": 67120140, "index_size": 300916, "filter_size": 0, "raw_key_size": 390696, "raw_average_key_size": 24, "raw_value_size": 66678784, "raw_average_value_size": 4096, "num_data_blocks": 8140, "num_entries": 16279, "filter_policy_name": "", "kDeletedKeys": "0", "kMergeOperands": "0"}}
2019/03/13-09:54:37.957680 7f357fa1f0 [db/compaction_job.cc:1211] [usertable] [JOB 4] Generated table #17: 16279 keys, 67418360 bytes
2019/03/13-09:54:37.957755 7f357fa1f0 EVENT_LOG_v1 {"time_micros": 1552470877957731, "cf_name": "usertable", "job": 4, "event": "table_file_creation", "file_number": 17, "file_size": 67418360, "table_properties": {"data_size": 67118331, "index_size": 299108, "filter_size": 0, "raw_key_size": 390696, "raw_average_key_size": 24, "raw_value_size": 66678784, "raw_average_value_size": 4096, "num_data_blocks": 8140, "num_entries": 16279, "filter_policy_name": "", "kDeletedKeys": "0", "kMergeOperands": "0"}}
2019/03/13-09:54:39.221250 7f357fa1f0 [db/compaction_job.cc:1211] [usertable] [JOB 4] Generated table #18: 16279 keys, 67421978 bytes
2019/03/13-09:54:39.221324 7f357fa1f0 EVENT_LOG_v1 {"time_micros": 1552470879221298, "cf_name": "usertable", "job": 4, "event": "table_file_creation", "file_number": 18, "file_size": 67421978, "table_properties": {"data_size": 67120141, "index_size": 300916, "filter_size": 0, "raw_key_size": 390696, "raw_average_key_size": 24, "raw_value_size": 66678784, "raw_average_value_size": 4096, "num_data_blocks": 8140, "num_entries": 16279, "filter_policy_name": "", "kDeletedKeys": "0", "kMergeOperands": "0"}}
2019/03/13-09:54:40.086407 7f357fa1f0 [db/compaction_job.cc:1211] [usertable] [JOB 4] Generated table #19: 16279 keys, 67418360 bytes
2019/03/13-09:54:40.086479 7f357fa1f0 EVENT_LOG_v1 {"time_micros": 1552470880086455, "cf_name": "usertable", "job": 4, "event": "table_file_creation", "file_number": 19, "file_size": 67418360, "table_properties": {"data_size": 67118331, "index_size": 299108, "filter_size": 0, "raw_key_size": 390696, "raw_average_key_size": 24, "raw_value_size": 66678784, "raw_average_value_size": 4096, "num_data_blocks": 8140, "num_entries": 16279, "filter_policy_name": "", "kDeletedKeys": "0", "kMergeOperands": "0"}}
2019/03/13-09:54:41.073772 7f357fa1f0 [db/compaction_job.cc:1211] [usertable] [JOB 4] Generated table #20: 16279 keys, 67421976 bytes
