2018/12/14-03:27:43.970199 7f8f9c6df700 RocksDB version: 5.14.3
2018/12/14-03:27:43.970251 7f8f9c6df700 Git sha rocksdb_build_git_sha:
2018/12/14-03:27:43.970254 7f8f9c6df700 Compile date Nov 30 2018
2018/12/14-03:27:43.970257 7f8f9c6df700 DB SUMMARY
2018/12/14-03:27:43.970313 7f8f9c6df700 SST files in /mnt/sda/ycsb-rocksdb-data dir, Total Num: 0, files: 
2018/12/14-03:27:43.970323 7f8f9c6df700 Write Ahead Log file in /mnt/sda/ycsb-rocksdb-data: 
2018/12/14-03:27:43.970327 7f8f9c6df700                         Options.error_if_exists: 0
2018/12/14-03:27:43.970329 7f8f9c6df700                       Options.create_if_missing: 1
2018/12/14-03:27:43.970330 7f8f9c6df700                         Options.paranoid_checks: 1
2018/12/14-03:27:43.970331 7f8f9c6df700                                     Options.env: 0x7f8f65b542c0
2018/12/14-03:27:43.970333 7f8f9c6df700                                Options.info_log: 0x7f8f783cf0b0
2018/12/14-03:27:43.970334 7f8f9c6df700                Options.max_file_opening_threads: 16
2018/12/14-03:27:43.970335 7f8f9c6df700                              Options.statistics: (nil)
2018/12/14-03:27:43.970336 7f8f9c6df700                               Options.use_fsync: 0
2018/12/14-03:27:43.970337 7f8f9c6df700                       Options.max_log_file_size: 0
2018/12/14-03:27:43.970338 7f8f9c6df700                  Options.max_manifest_file_size: 18446744073709551615
2018/12/14-03:27:43.970339 7f8f9c6df700                   Options.log_file_time_to_roll: 0
2018/12/14-03:27:43.970340 7f8f9c6df700                       Options.keep_log_file_num: 1000
2018/12/14-03:27:43.970341 7f8f9c6df700                    Options.recycle_log_file_num: 0
2018/12/14-03:27:43.970342 7f8f9c6df700                         Options.allow_fallocate: 1
2018/12/14-03:27:43.970343 7f8f9c6df700                        Options.allow_mmap_reads: 0
2018/12/14-03:27:43.970344 7f8f9c6df700                       Options.allow_mmap_writes: 0
2018/12/14-03:27:43.970345 7f8f9c6df700                        Options.use_direct_reads: 0
2018/12/14-03:27:43.970346 7f8f9c6df700                        Options.use_direct_io_for_flush_and_compaction: 0
2018/12/14-03:27:43.970347 7f8f9c6df700          Options.create_missing_column_families: 1
2018/12/14-03:27:43.970348 7f8f9c6df700                              Options.db_log_dir: 
2018/12/14-03:27:43.970349 7f8f9c6df700                                 Options.wal_dir: /mnt/sda/ycsb-rocksdb-data
2018/12/14-03:27:43.970350 7f8f9c6df700                Options.table_cache_numshardbits: 6
2018/12/14-03:27:43.970351 7f8f9c6df700                      Options.max_subcompactions: 4
2018/12/14-03:27:43.970352 7f8f9c6df700                  Options.max_background_flushes: 24
2018/12/14-03:27:43.970353 7f8f9c6df700                         Options.WAL_ttl_seconds: 0
2018/12/14-03:27:43.970354 7f8f9c6df700                       Options.WAL_size_limit_MB: 0
2018/12/14-03:27:43.970355 7f8f9c6df700             Options.manifest_preallocation_size: 4194304
2018/12/14-03:27:43.970356 7f8f9c6df700                     Options.is_fd_close_on_exec: 1
2018/12/14-03:27:43.970357 7f8f9c6df700                   Options.advise_random_on_open: 1
2018/12/14-03:27:43.970358 7f8f9c6df700                    Options.db_write_buffer_size: 0
2018/12/14-03:27:43.970359 7f8f9c6df700                    Options.write_buffer_manager: 0x7f8f783cc0b0
2018/12/14-03:27:43.970360 7f8f9c6df700         Options.access_hint_on_compaction_start: 1
2018/12/14-03:27:43.970361 7f8f9c6df700  Options.new_table_reader_for_compaction_inputs: 0
2018/12/14-03:27:43.970362 7f8f9c6df700           Options.random_access_max_buffer_size: 1048576
2018/12/14-03:27:43.970363 7f8f9c6df700                      Options.use_adaptive_mutex: 0
2018/12/14-03:27:43.970365 7f8f9c6df700                            Options.rate_limiter: (nil)
2018/12/14-03:27:43.970367 7f8f9c6df700     Options.sst_file_manager.rate_bytes_per_sec: 0
2018/12/14-03:27:43.970368 7f8f9c6df700                       Options.wal_recovery_mode: 2
2018/12/14-03:27:43.970369 7f8f9c6df700                  Options.enable_thread_tracking: 0
2018/12/14-03:27:43.970370 7f8f9c6df700                  Options.enable_pipelined_write: 1
2018/12/14-03:27:43.970399 7f8f9c6df700         Options.allow_concurrent_memtable_write: 1
2018/12/14-03:27:43.970401 7f8f9c6df700      Options.enable_write_thread_adaptive_yield: 1
2018/12/14-03:27:43.970402 7f8f9c6df700             Options.write_thread_max_yield_usec: 100
2018/12/14-03:27:43.970403 7f8f9c6df700            Options.write_thread_slow_yield_usec: 3
2018/12/14-03:27:43.970404 7f8f9c6df700                               Options.row_cache: None
2018/12/14-03:27:43.970405 7f8f9c6df700                              Options.wal_filter: None
2018/12/14-03:27:43.970406 7f8f9c6df700             Options.avoid_flush_during_recovery: 0
2018/12/14-03:27:43.970407 7f8f9c6df700             Options.allow_ingest_behind: 0
2018/12/14-03:27:43.970408 7f8f9c6df700             Options.preserve_deletes: 0
2018/12/14-03:27:43.970409 7f8f9c6df700             Options.two_write_queues: 0
2018/12/14-03:27:43.970410 7f8f9c6df700             Options.manual_wal_flush: 0
2018/12/14-03:27:43.970412 7f8f9c6df700             Options.max_background_jobs: 24
2018/12/14-03:27:43.970413 7f8f9c6df700             Options.max_background_compactions: 24
2018/12/14-03:27:43.970414 7f8f9c6df700             Options.avoid_flush_during_shutdown: 0
2018/12/14-03:27:43.970416 7f8f9c6df700           Options.writable_file_max_buffer_size: 1048576
2018/12/14-03:27:43.970417 7f8f9c6df700             Options.delayed_write_rate : 16777216
2018/12/14-03:27:43.970418 7f8f9c6df700             Options.max_total_wal_size: 0
2018/12/14-03:27:43.970419 7f8f9c6df700             Options.delete_obsolete_files_period_micros: 21600000000
2018/12/14-03:27:43.970420 7f8f9c6df700                   Options.stats_dump_period_sec: 60
2018/12/14-03:27:43.970421 7f8f9c6df700                          Options.max_open_files: -1
2018/12/14-03:27:43.970422 7f8f9c6df700                          Options.bytes_per_sync: 1048576
2018/12/14-03:27:43.970423 7f8f9c6df700                      Options.wal_bytes_per_sync: 0
2018/12/14-03:27:43.970424 7f8f9c6df700       Options.compaction_readahead_size: 0
2018/12/14-03:27:43.970425 7f8f9c6df700 Compression algorithms supported:
2018/12/14-03:27:43.970426 7f8f9c6df700 	kZSTDNotFinalCompression supported: 1
2018/12/14-03:27:43.970437 7f8f9c6df700 	kZSTD supported: 1
2018/12/14-03:27:43.970439 7f8f9c6df700 	kXpressCompression supported: 0
2018/12/14-03:27:43.970440 7f8f9c6df700 	kLZ4HCCompression supported: 1
2018/12/14-03:27:43.970441 7f8f9c6df700 	kLZ4Compression supported: 1
2018/12/14-03:27:43.970442 7f8f9c6df700 	kBZip2Compression supported: 1
2018/12/14-03:27:43.970443 7f8f9c6df700 	kZlibCompression supported: 1
2018/12/14-03:27:43.970444 7f8f9c6df700 	kSnappyCompression supported: 1
2018/12/14-03:27:43.970451 7f8f9c6df700 Fast CRC32 supported: Supported on x86
2018/12/14-03:27:43.970560 7f8f9c6df700 [db/db_impl_open.cc:222] Creating manifest 1 
2018/12/14-03:27:44.069845 7f8f9c6df700 [db/version_set.cc:3085] Recovering from manifest file: MANIFEST-000001
2018/12/14-03:27:44.069969 7f8f9c6df700 [db/column_family.cc:475] --------------- Options for column family [default]:
2018/12/14-03:27:44.069974 7f8f9c6df700               Options.comparator: leveldb.BytewiseComparator
2018/12/14-03:27:44.069976 7f8f9c6df700           Options.merge_operator: None
2018/12/14-03:27:44.069977 7f8f9c6df700        Options.compaction_filter: None
2018/12/14-03:27:44.069978 7f8f9c6df700        Options.compaction_filter_factory: None
2018/12/14-03:27:44.069980 7f8f9c6df700         Options.memtable_factory: SkipListFactory
2018/12/14-03:27:44.069981 7f8f9c6df700            Options.table_factory: BlockBasedTable
2018/12/14-03:27:44.070017 7f8f9c6df700            table_factory options:   flush_block_policy_factory: FlushBlockBySizePolicyFactory (0x7f8f783789d0)
  cache_index_and_filter_blocks: 0
  cache_index_and_filter_blocks_with_high_priority: 0
  pin_l0_filter_and_index_blocks_in_cache: 0
  index_type: 0
  hash_index_allow_collision: 1
  checksum: 1
  no_block_cache: 0
  block_cache: 0x7f8f783846b0
  block_cache_name: LRUCache
  block_cache_options:
    capacity : 8388608
    num_shard_bits : 4
    strict_capacity_limit : 0
    high_pri_pool_ratio: 0.000
  block_cache_compressed: (nil)
  persistent_cache: (nil)
  block_size: 8192
  block_size_deviation: 10
  block_restart_interval: 16
  index_block_restart_interval: 1
  metadata_block_size: 4096
  partition_filters: 0
  use_delta_encoding: 1
  filter_policy: nullptr
  whole_key_filtering: 1
  verify_compression: 0
  read_amp_bytes_per_bit: 0
  format_version: 2
  enable_index_compression: 1
  block_align: 0
2018/12/14-03:27:44.070036 7f8f9c6df700        Options.write_buffer_size: 134217728
2018/12/14-03:27:44.070038 7f8f9c6df700  Options.max_write_buffer_number: 24
2018/12/14-03:27:44.070039 7f8f9c6df700        Options.compression[0]: NoCompression
2018/12/14-03:27:44.070041 7f8f9c6df700        Options.compression[1]: NoCompression
2018/12/14-03:27:44.070042 7f8f9c6df700        Options.compression[2]: LZ4
2018/12/14-03:27:44.070043 7f8f9c6df700        Options.compression[3]: LZ4
2018/12/14-03:27:44.070044 7f8f9c6df700        Options.compression[4]: LZ4
2018/12/14-03:27:44.070045 7f8f9c6df700        Options.compression[5]: LZ4
2018/12/14-03:27:44.070046 7f8f9c6df700        Options.compression[6]: LZ4
2018/12/14-03:27:44.070047 7f8f9c6df700                  Options.bottommost_compression: Disabled
2018/12/14-03:27:44.070048 7f8f9c6df700       Options.prefix_extractor: nullptr
2018/12/14-03:27:44.070050 7f8f9c6df700   Options.memtable_insert_with_hint_prefix_extractor: nullptr
2018/12/14-03:27:44.070051 7f8f9c6df700             Options.num_levels: 7
2018/12/14-03:27:44.070052 7f8f9c6df700        Options.min_write_buffer_number_to_merge: 2
2018/12/14-03:27:44.070053 7f8f9c6df700     Options.max_write_buffer_number_to_maintain: 0
2018/12/14-03:27:44.070054 7f8f9c6df700            Options.compression_opts.window_bits: -14
2018/12/14-03:27:44.070055 7f8f9c6df700                  Options.compression_opts.level: -1
2018/12/14-03:27:44.070056 7f8f9c6df700               Options.compression_opts.strategy: 0
2018/12/14-03:27:44.070057 7f8f9c6df700         Options.compression_opts.max_dict_bytes: 0
2018/12/14-03:27:44.070058 7f8f9c6df700         Options.compression_opts.zstd_max_train_bytes: 0
2018/12/14-03:27:44.070059 7f8f9c6df700      Options.level0_file_num_compaction_trigger: 2
2018/12/14-03:27:44.070060 7f8f9c6df700          Options.level0_slowdown_writes_trigger: 20
2018/12/14-03:27:44.070061 7f8f9c6df700              Options.level0_stop_writes_trigger: 36
2018/12/14-03:27:44.070061 7f8f9c6df700                   Options.target_file_size_base: 67108864
2018/12/14-03:27:44.070062 7f8f9c6df700             Options.target_file_size_multiplier: 1
2018/12/14-03:27:44.070063 7f8f9c6df700                Options.max_bytes_for_level_base: 536870912
2018/12/14-03:27:44.070064 7f8f9c6df700 Options.level_compaction_dynamic_level_bytes: 0
2018/12/14-03:27:44.070065 7f8f9c6df700          Options.max_bytes_for_level_multiplier: 10.000000
2018/12/14-03:27:44.070068 7f8f9c6df700 Options.max_bytes_for_level_multiplier_addtl[0]: 1
2018/12/14-03:27:44.070069 7f8f9c6df700 Options.max_bytes_for_level_multiplier_addtl[1]: 1
2018/12/14-03:27:44.070070 7f8f9c6df700 Options.max_bytes_for_level_multiplier_addtl[2]: 1
2018/12/14-03:27:44.070071 7f8f9c6df700 Options.max_bytes_for_level_multiplier_addtl[3]: 1
2018/12/14-03:27:44.070072 7f8f9c6df700 Options.max_bytes_for_level_multiplier_addtl[4]: 1
2018/12/14-03:27:44.070073 7f8f9c6df700 Options.max_bytes_for_level_multiplier_addtl[5]: 1
2018/12/14-03:27:44.070074 7f8f9c6df700 Options.max_bytes_for_level_multiplier_addtl[6]: 1
2018/12/14-03:27:44.070075 7f8f9c6df700       Options.max_sequential_skip_in_iterations: 8
2018/12/14-03:27:44.070076 7f8f9c6df700                    Options.max_compaction_bytes: 1677721600
2018/12/14-03:27:44.070077 7f8f9c6df700                        Options.arena_block_size: 16777216
2018/12/14-03:27:44.070078 7f8f9c6df700   Options.soft_pending_compaction_bytes_limit: 68719476736
2018/12/14-03:27:44.070079 7f8f9c6df700   Options.hard_pending_compaction_bytes_limit: 274877906944
2018/12/14-03:27:44.070087 7f8f9c6df700       Options.rate_limit_delay_max_milliseconds: 100
2018/12/14-03:27:44.070088 7f8f9c6df700                Options.disable_auto_compactions: 0
2018/12/14-03:27:44.070091 7f8f9c6df700                        Options.compaction_style: kCompactionStyleLevel
2018/12/14-03:27:44.070093 7f8f9c6df700                          Options.compaction_pri: kByCompensatedSize
2018/12/14-03:27:44.070094 7f8f9c6df700 Options.compaction_options_universal.size_ratio: 1
2018/12/14-03:27:44.070095 7f8f9c6df700 Options.compaction_options_universal.min_merge_width: 2
2018/12/14-03:27:44.070097 7f8f9c6df700 Options.compaction_options_universal.max_merge_width: 4294967295
2018/12/14-03:27:44.070098 7f8f9c6df700 Options.compaction_options_universal.max_size_amplification_percent: 200
2018/12/14-03:27:44.070099 7f8f9c6df700 Options.compaction_options_universal.compression_size_percent: -1
2018/12/14-03:27:44.070101 7f8f9c6df700 Options.compaction_options_universal.stop_style: kCompactionStopStyleTotalSize
2018/12/14-03:27:44.070102 7f8f9c6df700 Options.compaction_options_fifo.max_table_files_size: 1073741824
2018/12/14-03:27:44.070103 7f8f9c6df700 Options.compaction_options_fifo.allow_compaction: 0
2018/12/14-03:27:44.070105 7f8f9c6df700 Options.compaction_options_fifo.ttl: 0
2018/12/14-03:27:44.070106 7f8f9c6df700                   Options.table_properties_collectors: 
2018/12/14-03:27:44.070107 7f8f9c6df700                   Options.inplace_update_support: 0
2018/12/14-03:27:44.070108 7f8f9c6df700                 Options.inplace_update_num_locks: 10000
2018/12/14-03:27:44.070109 7f8f9c6df700               Options.memtable_prefix_bloom_size_ratio: 0.000000
2018/12/14-03:27:44.070110 7f8f9c6df700   Options.memtable_huge_page_size: 0
2018/12/14-03:27:44.070112 7f8f9c6df700                           Options.bloom_locality: 0
2018/12/14-03:27:44.070113 7f8f9c6df700                    Options.max_successive_merges: 0
2018/12/14-03:27:44.070114 7f8f9c6df700                Options.optimize_filters_for_hits: 0
2018/12/14-03:27:44.070114 7f8f9c6df700                Options.paranoid_file_checks: 0
2018/12/14-03:27:44.070115 7f8f9c6df700                Options.force_consistency_checks: 0
2018/12/14-03:27:44.070116 7f8f9c6df700                Options.report_bg_io_stats: 0
2018/12/14-03:27:44.070117 7f8f9c6df700                               Options.ttl: 0
2018/12/14-03:27:44.070846 7f8f9c6df700 [db/version_set.cc:3361] Recovered from manifest file:/mnt/sda/ycsb-rocksdb-data/MANIFEST-000001 succeeded,manifest_file_number is 1, next_file_number is 3, last_sequence is 0, log_number is 0,prev_log_number is 0,max_column_family is 0,min_log_number_to_keep is 0
2018/12/14-03:27:44.070854 7f8f9c6df700 [db/version_set.cc:3369] Column family [default] (ID 0), log number is 0
2018/12/14-03:27:44.071079 7f8f9c6df700 [db/version_set.cc:2847] Creating manifest 4
2018/12/14-03:27:44.142073 7f8f9c6df700 [db/column_family.cc:475] --------------- Options for column family [usertable]:
2018/12/14-03:27:44.142078 7f8f9c6df700               Options.comparator: leveldb.BytewiseComparator
2018/12/14-03:27:44.142080 7f8f9c6df700           Options.merge_operator: None
2018/12/14-03:27:44.142081 7f8f9c6df700        Options.compaction_filter: None
2018/12/14-03:27:44.142082 7f8f9c6df700        Options.compaction_filter_factory: None
2018/12/14-03:27:44.142083 7f8f9c6df700         Options.memtable_factory: SkipListFactory
2018/12/14-03:27:44.142084 7f8f9c6df700            Options.table_factory: BlockBasedTable
2018/12/14-03:27:44.142118 7f8f9c6df700            table_factory options:   flush_block_policy_factory: FlushBlockBySizePolicyFactory (0x7f8f78378ab0)
  cache_index_and_filter_blocks: 0
  cache_index_and_filter_blocks_with_high_priority: 0
  pin_l0_filter_and_index_blocks_in_cache: 0
  index_type: 0
  hash_index_allow_collision: 1
  checksum: 1
  no_block_cache: 0
  block_cache: 0x7f8f78379bd0
  block_cache_name: LRUCache
  block_cache_options:
    capacity : 8388608
    num_shard_bits : 4
    strict_capacity_limit : 0
    high_pri_pool_ratio: 0.000
  block_cache_compressed: (nil)
  persistent_cache: (nil)
  block_size: 8192
  block_size_deviation: 10
  block_restart_interval: 16
  index_block_restart_interval: 1
  metadata_block_size: 4096
  partition_filters: 0
  use_delta_encoding: 1
  filter_policy: nullptr
  whole_key_filtering: 1
  verify_compression: 0
  read_amp_bytes_per_bit: 0
  format_version: 2
  enable_index_compression: 1
  block_align: 0
2018/12/14-03:27:44.142120 7f8f9c6df700        Options.write_buffer_size: 134217728
2018/12/14-03:27:44.142122 7f8f9c6df700  Options.max_write_buffer_number: 24
2018/12/14-03:27:44.142123 7f8f9c6df700        Options.compression[0]: NoCompression
2018/12/14-03:27:44.142124 7f8f9c6df700        Options.compression[1]: NoCompression
2018/12/14-03:27:44.142126 7f8f9c6df700        Options.compression[2]: LZ4
2018/12/14-03:27:44.142127 7f8f9c6df700        Options.compression[3]: LZ4
2018/12/14-03:27:44.142128 7f8f9c6df700        Options.compression[4]: LZ4
2018/12/14-03:27:44.142129 7f8f9c6df700        Options.compression[5]: LZ4
2018/12/14-03:27:44.142130 7f8f9c6df700        Options.compression[6]: LZ4
2018/12/14-03:27:44.142131 7f8f9c6df700                  Options.bottommost_compression: Disabled
2018/12/14-03:27:44.142132 7f8f9c6df700       Options.prefix_extractor: nullptr
2018/12/14-03:27:44.142133 7f8f9c6df700   Options.memtable_insert_with_hint_prefix_extractor: nullptr
2018/12/14-03:27:44.142134 7f8f9c6df700             Options.num_levels: 7
2018/12/14-03:27:44.142135 7f8f9c6df700        Options.min_write_buffer_number_to_merge: 2
2018/12/14-03:27:44.142136 7f8f9c6df700     Options.max_write_buffer_number_to_maintain: 0
2018/12/14-03:27:44.142137 7f8f9c6df700            Options.compression_opts.window_bits: -14
2018/12/14-03:27:44.142139 7f8f9c6df700                  Options.compression_opts.level: -1
2018/12/14-03:27:44.142140 7f8f9c6df700               Options.compression_opts.strategy: 0
2018/12/14-03:27:44.142141 7f8f9c6df700         Options.compression_opts.max_dict_bytes: 0
2018/12/14-03:27:44.142142 7f8f9c6df700         Options.compression_opts.zstd_max_train_bytes: 0
2018/12/14-03:27:44.142143 7f8f9c6df700      Options.level0_file_num_compaction_trigger: 2
2018/12/14-03:27:44.142144 7f8f9c6df700          Options.level0_slowdown_writes_trigger: 20
2018/12/14-03:27:44.142145 7f8f9c6df700              Options.level0_stop_writes_trigger: 36
2018/12/14-03:27:44.142146 7f8f9c6df700                   Options.target_file_size_base: 67108864
2018/12/14-03:27:44.142147 7f8f9c6df700             Options.target_file_size_multiplier: 1
2018/12/14-03:27:44.142148 7f8f9c6df700                Options.max_bytes_for_level_base: 536870912
2018/12/14-03:27:44.142149 7f8f9c6df700 Options.level_compaction_dynamic_level_bytes: 0
2018/12/14-03:27:44.142151 7f8f9c6df700          Options.max_bytes_for_level_multiplier: 10.000000
2018/12/14-03:27:44.142154 7f8f9c6df700 Options.max_bytes_for_level_multiplier_addtl[0]: 1
2018/12/14-03:27:44.142167 7f8f9c6df700 Options.max_bytes_for_level_multiplier_addtl[1]: 1
2018/12/14-03:27:44.142168 7f8f9c6df700 Options.max_bytes_for_level_multiplier_addtl[2]: 1
2018/12/14-03:27:44.142169 7f8f9c6df700 Options.max_bytes_for_level_multiplier_addtl[3]: 1
2018/12/14-03:27:44.142170 7f8f9c6df700 Options.max_bytes_for_level_multiplier_addtl[4]: 1
2018/12/14-03:27:44.142171 7f8f9c6df700 Options.max_bytes_for_level_multiplier_addtl[5]: 1
2018/12/14-03:27:44.142172 7f8f9c6df700 Options.max_bytes_for_level_multiplier_addtl[6]: 1
2018/12/14-03:27:44.142173 7f8f9c6df700       Options.max_sequential_skip_in_iterations: 8
2018/12/14-03:27:44.142174 7f8f9c6df700                    Options.max_compaction_bytes: 1677721600
2018/12/14-03:27:44.142175 7f8f9c6df700                        Options.arena_block_size: 16777216
2018/12/14-03:27:44.142176 7f8f9c6df700   Options.soft_pending_compaction_bytes_limit: 68719476736
2018/12/14-03:27:44.142178 7f8f9c6df700   Options.hard_pending_compaction_bytes_limit: 274877906944
2018/12/14-03:27:44.142179 7f8f9c6df700       Options.rate_limit_delay_max_milliseconds: 100
2018/12/14-03:27:44.142180 7f8f9c6df700                Options.disable_auto_compactions: 0
2018/12/14-03:27:44.142182 7f8f9c6df700                        Options.compaction_style: kCompactionStyleLevel
2018/12/14-03:27:44.142184 7f8f9c6df700                          Options.compaction_pri: kByCompensatedSize
2018/12/14-03:27:44.142185 7f8f9c6df700 Options.compaction_options_universal.size_ratio: 1
2018/12/14-03:27:44.142186 7f8f9c6df700 Options.compaction_options_universal.min_merge_width: 2
2018/12/14-03:27:44.142187 7f8f9c6df700 Options.compaction_options_universal.max_merge_width: 4294967295
2018/12/14-03:27:44.142188 7f8f9c6df700 Options.compaction_options_universal.max_size_amplification_percent: 200
2018/12/14-03:27:44.142189 7f8f9c6df700 Options.compaction_options_universal.compression_size_percent: -1
2018/12/14-03:27:44.142191 7f8f9c6df700 Options.compaction_options_universal.stop_style: kCompactionStopStyleTotalSize
2018/12/14-03:27:44.142192 7f8f9c6df700 Options.compaction_options_fifo.max_table_files_size: 1073741824
2018/12/14-03:27:44.142193 7f8f9c6df700 Options.compaction_options_fifo.allow_compaction: 0
2018/12/14-03:27:44.142194 7f8f9c6df700 Options.compaction_options_fifo.ttl: 0
2018/12/14-03:27:44.142195 7f8f9c6df700                   Options.table_properties_collectors: 
2018/12/14-03:27:44.142196 7f8f9c6df700                   Options.inplace_update_support: 0
2018/12/14-03:27:44.142197 7f8f9c6df700                 Options.inplace_update_num_locks: 10000
2018/12/14-03:27:44.142198 7f8f9c6df700               Options.memtable_prefix_bloom_size_ratio: 0.000000
2018/12/14-03:27:44.142200 7f8f9c6df700   Options.memtable_huge_page_size: 0
2018/12/14-03:27:44.142201 7f8f9c6df700                           Options.bloom_locality: 0
2018/12/14-03:27:44.142202 7f8f9c6df700                    Options.max_successive_merges: 0
2018/12/14-03:27:44.142203 7f8f9c6df700                Options.optimize_filters_for_hits: 0
2018/12/14-03:27:44.142204 7f8f9c6df700                Options.paranoid_file_checks: 0
2018/12/14-03:27:44.142205 7f8f9c6df700                Options.force_consistency_checks: 0
2018/12/14-03:27:44.142206 7f8f9c6df700                Options.report_bg_io_stats: 0
2018/12/14-03:27:44.142207 7f8f9c6df700                               Options.ttl: 0
2018/12/14-03:27:44.142258 7f8f9c6df700 [db/db_impl.cc:1396] Created column family [usertable] (ID 1)
2018/12/14-03:27:44.218644 7f8f9c6df700 [db/db_impl_open.cc:1219] DB pointer 0x7f8f783cf830
2018/12/14-03:27:52.719785 7f8f679f9700 [db/db_impl_write.cc:1373] [usertable] New memtable created with log file: #9. Immutable memtables: 0.
2018/12/14-03:28:01.683660 7f8f67afa700 [db/db_impl_write.cc:1373] [usertable] New memtable created with log file: #10. Immutable memtables: 1.
2018/12/14-03:28:01.683814 7f8e937fe700 [db/db_impl_compaction_flush.cc:80] [JOB 2] Syncing log #3
2018/12/14-03:28:02.227539 7f8e937fe700 [db/db_impl_compaction_flush.cc:80] [JOB 2] Syncing log #9
2018/12/14-03:28:03.394278 7f8e937fe700 (Original Log Time 2018/12/14-03:28:01.683750) [db/db_impl_compaction_flush.cc:1424] Calling FlushMemTableToOutputFile with column family [usertable], flush slots available 24, compaction slots available 1, flush slots scheduled 1, compaction slots scheduled 0
2018/12/14-03:28:03.394294 7f8e937fe700 [db/flush_job.cc:301] [usertable] [JOB 2] Flushing memtable with next log file: 9
2018/12/14-03:28:03.394309 7f8e937fe700 [db/flush_job.cc:301] [usertable] [JOB 2] Flushing memtable with next log file: 10
2018/12/14-03:28:03.394363 7f8e937fe700 EVENT_LOG_v1 {"time_micros": 1544786883394341, "job": 2, "event": "flush_started", "num_memtables": 2, "num_entries": 61117, "num_deletes": 0, "memory_usage": 253337504, "flush_reason": "Write Buffer Full"}
2018/12/14-03:28:03.394377 7f8e937fe700 [db/flush_job.cc:331] [usertable] [JOB 2] Level-0 flush table #11: started
2018/12/14-03:28:05.876064 7f8e937fe700 EVENT_LOG_v1 {"time_micros": 1544786885876028, "cf_name": "usertable", "job": 2, "event": "table_file_creation", "file_number": 11, "file_size": 253109962, "table_properties": {"data_size": 251985405, "index_size": 1123630, "filter_size": 0, "raw_key_size": 1466808, "raw_average_key_size": 24, "raw_value_size": 250335232, "raw_average_value_size": 4096, "num_data_blocks": 30559, "num_entries": 61117, "filter_policy_name": "", "kDeletedKeys": "0", "kMergeOperands": "0"}}
2018/12/14-03:28:05.876093 7f8e937fe700 [db/flush_job.cc:371] [usertable] [JOB 2] Level-0 flush table #11: 253109962 bytes OK
2018/12/14-03:28:05.904448 7f8e937fe700 (Original Log Time 2018/12/14-03:28:05.876124) [db/memtable_list.cc:377] [usertable] Level-0 commit table #11 started
2018/12/14-03:28:05.904451 7f8e937fe700 (Original Log Time 2018/12/14-03:28:05.904365) [db/memtable_list.cc:409] [usertable] Level-0 commit table #11: memtable #1 done
2018/12/14-03:28:05.904453 7f8e937fe700 (Original Log Time 2018/12/14-03:28:05.904374) [db/memtable_list.cc:409] [usertable] Level-0 commit table #11: memtable #2 done
2018/12/14-03:28:05.904454 7f8e937fe700 (Original Log Time 2018/12/14-03:28:05.904391) EVENT_LOG_v1 {"time_micros": 1544786885904382, "job": 2, "event": "flush_finished", "output_compression": "NoCompression", "lsm_state": [1, 0, 0, 0, 0, 0, 0], "immutable_memtables": 0}
2018/12/14-03:28:05.904456 7f8e937fe700 (Original Log Time 2018/12/14-03:28:05.904420) [db/db_impl_compaction_flush.cc:177] [usertable] Level summary: base level 1 max bytes base 536870912 files[1 0 0 0 0 0 0] max score 0.50
2018/12/14-03:28:05.904469 7f8e937fe700 [db/db_impl_files.cc:347] [JOB 2] Try to delete WAL files size 252304009, prev total WAL file size 313278360, number of live WAL files 3.
2018/12/14-03:28:10.203749 7f8f669d8700 [db/db_impl_write.cc:1373] [usertable] New memtable created with log file: #12. Immutable memtables: 0.
2018/12/14-03:28:19.170749 7f8f67dfd700 [db/db_impl_write.cc:1373] [usertable] New memtable created with log file: #13. Immutable memtables: 1.
2018/12/14-03:28:19.170851 7f8e92ffd700 [db/db_impl_compaction_flush.cc:80] [JOB 3] Syncing log #10
2018/12/14-03:28:20.670996 7f8e92ffd700 [db/db_impl_compaction_flush.cc:80] [JOB 3] Syncing log #12
2018/12/14-03:28:22.560038 7f8e92ffd700 (Original Log Time 2018/12/14-03:28:19.170834) [db/db_impl_compaction_flush.cc:1424] Calling FlushMemTableToOutputFile with column family [usertable], flush slots available 24, compaction slots available 1, flush slots scheduled 1, compaction slots scheduled 0
2018/12/14-03:28:22.560057 7f8e92ffd700 [db/flush_job.cc:301] [usertable] [JOB 3] Flushing memtable with next log file: 12
2018/12/14-03:28:22.560064 7f8e92ffd700 [db/flush_job.cc:301] [usertable] [JOB 3] Flushing memtable with next log file: 13
2018/12/14-03:28:22.560107 7f8e92ffd700 EVENT_LOG_v1 {"time_micros": 1544786902560098, "job": 3, "event": "flush_started", "num_memtables": 2, "num_entries": 61200, "num_deletes": 0, "memory_usage": 257777248, "flush_reason": "Write Buffer Full"}
2018/12/14-03:28:22.560114 7f8e92ffd700 [db/flush_job.cc:331] [usertable] [JOB 3] Level-0 flush table #14: started
2018/12/14-03:28:26.111148 7f8f677f7700 [db/db_impl_write.cc:1373] [usertable] New memtable created with log file: #15. Immutable memtables: 2.
2018/12/14-03:28:26.194531 7f8e92ffd700 EVENT_LOG_v1 {"time_micros": 1544786906194507, "cf_name": "usertable", "job": 3, "event": "table_file_creation", "file_number": 14, "file_size": 253467263, "table_properties": {"data_size": 252334400, "index_size": 1131936, "filter_size": 0, "raw_key_size": 1468800, "raw_average_key_size": 24, "raw_value_size": 250675200, "raw_average_value_size": 4096, "num_data_blocks": 30600, "num_entries": 61200, "filter_policy_name": "", "kDeletedKeys": "0", "kMergeOperands": "0"}}
2018/12/14-03:28:26.194562 7f8e92ffd700 [db/flush_job.cc:371] [usertable] [JOB 3] Level-0 flush table #14: 253467263 bytes OK
2018/12/14-03:28:26.289562 7f8e92ffd700 (Original Log Time 2018/12/14-03:28:26.250920) [db/memtable_list.cc:377] [usertable] Level-0 commit table #14 started
2018/12/14-03:28:26.289566 7f8e92ffd700 (Original Log Time 2018/12/14-03:28:26.289475) [db/memtable_list.cc:409] [usertable] Level-0 commit table #14: memtable #1 done
2018/12/14-03:28:26.289567 7f8e92ffd700 (Original Log Time 2018/12/14-03:28:26.289477) [db/memtable_list.cc:409] [usertable] Level-0 commit table #14: memtable #2 done
2018/12/14-03:28:26.289569 7f8e92ffd700 (Original Log Time 2018/12/14-03:28:26.289492) EVENT_LOG_v1 {"time_micros": 1544786906289485, "job": 3, "event": "flush_finished", "output_compression": "NoCompression", "lsm_state": [2, 0, 0, 0, 0, 0, 0], "immutable_memtables": 1}
2018/12/14-03:28:26.289571 7f8e92ffd700 (Original Log Time 2018/12/14-03:28:26.289542) [db/db_impl_compaction_flush.cc:177] [usertable] Level summary: base level 1 max bytes base 536870912 files[2 0 0 0 0 0 0] max score 1.00
2018/12/14-03:28:26.289582 7f8e92ffd700 [db/db_impl_files.cc:347] [JOB 3] Try to delete WAL files size 252633324, prev total WAL file size 355506463, number of live WAL files 4.
2018/12/14-03:28:26.289786 7f8e93fff700 [WARN] [db/db_impl.cc:491] ------- DUMPING STATS -------
2018/12/14-03:28:26.289827 7f8e93fff700 [WARN] [db/db_impl.cc:492] 
** DB Stats **
Uptime(secs): 42.2 total, 42.2 interval
Cumulative writes: 147K writes, 147K keys, 136K commit groups, 1.1 writes per commit group, ingest: 0.57 GB, 13.73 MB/s
Cumulative WAL: 147K writes, 0 syncs, 147236.00 writes per sync, written: 0.57 GB, 13.73 MB/s
Cumulative stall: 00:00:0.000 H:M:S, 0.0 percent
Interval writes: 147K writes, 147K keys, 136K commit groups, 1.1 writes per commit group, ingest: 579.65 MB, 13.73 MB/s
Interval WAL: 147K writes, 0 syncs, 147236.00 writes per sync, written: 0.57 MB, 13.73 MB/s
Interval stall: 00:00:0.000 H:M:S, 0.0 percent

** Compaction Stats [default] **
Level    Files   Size     Score Read(GB)  Rn(GB) Rnp1(GB) Write(GB) Wnew(GB) Moved(GB) W-Amp Rd(MB/s) Wr(MB/s) Comp(sec) Comp(cnt) Avg(sec) KeyIn KeyDrop
----------------------------------------------------------------------------------------------------------------------------------------------------------
 Sum      0/0    0.00 KB   0.0      0.0     0.0      0.0       0.0      0.0       0.0   0.0      0.0      0.0         0         0    0.000       0      0
 Int      0/0    0.00 KB   0.0      0.0     0.0      0.0       0.0      0.0       0.0   0.0      0.0      0.0         0         0    0.000       0      0
Uptime(secs): 42.2 total, 42.2 interval
Flush(GB): cumulative 0.000, interval 0.000
AddFile(GB): cumulative 0.000, interval 0.000
AddFile(Total Files): cumulative 0, interval 0
AddFile(L0 Files): cumulative 0, interval 0
AddFile(Keys): cumulative 0, interval 0
Cumulative compaction: 0.00 GB write, 0.00 MB/s write, 0.00 GB read, 0.00 MB/s read, 0.0 seconds
Interval compaction: 0.00 GB write, 0.00 MB/s write, 0.00 GB read, 0.00 MB/s read, 0.0 seconds
Stalls(count): 0 level0_slowdown, 0 level0_slowdown_with_compaction, 0 level0_numfiles, 0 level0_numfiles_with_compaction, 0 stop for pending_compaction_bytes, 0 slowdown for pending_compaction_bytes, 0 memtable_compaction, 0 memtable_slowdown, interval 0 total count

** File Read Latency Histogram By Level [default] **

** Compaction Stats [usertable] **
Level    Files   Size     Score Read(GB)  Rn(GB) Rnp1(GB) Write(GB) Wnew(GB) Moved(GB) W-Amp Rd(MB/s) Wr(MB/s) Comp(sec) Comp(cnt) Avg(sec) KeyIn KeyDrop
----------------------------------------------------------------------------------------------------------------------------------------------------------
  L0      2/0   483.11 MB   1.0      0.0     0.0      0.0       0.5      0.5       0.0   1.0      0.0     78.3         6         2    3.086       0      0
 Sum      2/0   483.11 MB   0.0      0.0     0.0      0.0       0.5      0.5       0.0   1.0      0.0     78.3         6         2    3.086       0      0
 Int      0/0    0.00 KB   0.0      0.0     0.0      0.0       0.5      0.5       0.0   1.0      0.0     78.3         6         2    3.086       0      0
Uptime(secs): 42.1 total, 42.1 interval
Flush(GB): cumulative 0.472, interval 0.472
AddFile(GB): cumulative 0.000, interval 0.000
AddFile(Total Files): cumulative 0, interval 0
AddFile(L0 Files): cumulative 0, interval 0
AddFile(Keys): cumulative 0, interval 0
Cumulative compaction: 0.47 GB write, 11.46 MB/s write, 0.00 GB read, 0.00 MB/s read, 6.2 seconds
Interval compaction: 0.47 GB write, 11.46 MB/s write, 0.00 GB read, 0.00 MB/s read, 6.2 seconds
Stalls(count): 0 level0_slowdown, 0 level0_slowdown_with_compaction, 0 level0_numfiles, 0 level0_numfiles_with_compaction, 0 stop for pending_compaction_bytes, 0 slowdown for pending_compaction_bytes, 0 memtable_compaction, 0 memtable_slowdown, interval 0 total count

** File Read Latency Histogram By Level [usertable] **

** Compaction Stats [default] **
Level    Files   Size     Score Read(GB)  Rn(GB) Rnp1(GB) Write(GB) Wnew(GB) Moved(GB) W-Amp Rd(MB/s) Wr(MB/s) Comp(sec) Comp(cnt) Avg(sec) KeyIn KeyDrop
----------------------------------------------------------------------------------------------------------------------------------------------------------
 Sum      0/0    0.00 KB   0.0      0.0     0.0      0.0       0.0      0.0       0.0   0.0      0.0      0.0         0         0    0.000       0      0
 Int      0/0    0.00 KB   0.0      0.0     0.0      0.0       0.0      0.0       0.0   0.0      0.0      0.0         0         0    0.000       0      0
Uptime(secs): 42.2 total, 0.0 interval
Flush(GB): cumulative 0.000, interval 0.000
AddFile(GB): cumulative 0.000, interval 0.000
AddFile(Total Files): cumulative 0, interval 0
AddFile(L0 Files): cumulative 0, interval 0
AddFile(Keys): cumulative 0, interval 0
Cumulative compaction: 0.00 GB write, 0.00 MB/s write, 0.00 GB read, 0.00 MB/s read, 0.0 seconds
Interval compaction: 0.00 GB write, 0.00 MB/s write, 0.00 GB read, 0.00 MB/s read, 0.0 seconds
Stalls(count): 0 level0_slowdown, 0 level0_slowdown_with_compaction, 0 level0_numfiles, 0 level0_numfiles_with_compaction, 0 stop for pending_compaction_bytes, 0 slowdown for pending_compaction_bytes, 0 memtable_compaction, 0 memtable_slowdown, interval 0 total count

** File Read Latency Histogram By Level [default] **

** Compaction Stats [usertable] **
Level    Files   Size     Score Read(GB)  Rn(GB) Rnp1(GB) Write(GB) Wnew(GB) Moved(GB) W-Amp Rd(MB/s) Wr(MB/s) Comp(sec) Comp(cnt) Avg(sec) KeyIn KeyDrop
----------------------------------------------------------------------------------------------------------------------------------------------------------
  L0      2/0   483.11 MB   1.0      0.0     0.0      0.0       0.5      0.5       0.0   1.0      0.0     78.3         6         2    3.086       0      0
 Sum      2/0   483.11 MB   0.0      0.0     0.0      0.0       0.5      0.5       0.0   1.0      0.0     78.3         6         2    3.086       0      0
 Int      0/0    0.00 KB   0.0      0.0     0.0      0.0       0.0      0.0       0.0   0.0      0.0      0.0         0         0    0.000       0      0
Uptime(secs): 42.1 total, 0.0 interval
Flush(GB): cumulative 0.472, interval 0.000
AddFile(GB): cumulative 0.000, interval 0.000
AddFile(Total Files): cumulative 0, interval 0
AddFile(L0 Files): cumulative 0, interval 0
AddFile(Keys): cumulative 0, interval 0
Cumulative compaction: 0.47 GB write, 11.46 MB/s write, 0.00 GB read, 0.00 MB/s read, 6.2 seconds
Interval compaction: 0.00 GB write, 0.00 MB/s write, 0.00 GB read, 0.00 MB/s read, 0.0 seconds
Stalls(count): 0 level0_slowdown, 0 level0_slowdown_with_compaction, 0 level0_numfiles, 0 level0_numfiles_with_compaction, 0 stop for pending_compaction_bytes, 0 slowdown for pending_compaction_bytes, 0 memtable_compaction, 0 memtable_slowdown, interval 0 total count

** File Read Latency Histogram By Level [usertable] **
2018/12/14-03:28:26.323010 7f8e93fff700 (Original Log Time 2018/12/14-03:28:26.289944) [db/db_impl_compaction_flush.cc:1835] [usertable] Moving #14 to level-1 253467263 bytes
2018/12/14-03:28:26.323013 7f8e93fff700 (Original Log Time 2018/12/14-03:28:26.322973) EVENT_LOG_v1 {"time_micros": 1544786906322966, "job": 4, "event": "trivial_move", "destination_level": 1, "files": 1, "total_files_size": 253467263}
2018/12/14-03:28:26.323015 7f8e93fff700 (Original Log Time 2018/12/14-03:28:26.322980) [db/db_impl_compaction_flush.cc:1864] [usertable] Moved #1 files to level-1 253467263 bytes OK: base level 1 max bytes base 536870912 files[1 1 0 0 0 0 0] max score 0.50
2018/12/14-03:28:34.934360 7f8f666d5700 [db/db_impl_write.cc:1373] [usertable] New memtable created with log file: #16. Immutable memtables: 1.
2018/12/14-03:28:34.934485 7f8e927fc700 [db/db_impl_compaction_flush.cc:80] [JOB 5] Syncing log #13
2018/12/14-03:28:35.335245 7f8e927fc700 [db/db_impl_compaction_flush.cc:80] [JOB 5] Syncing log #15
2018/12/14-03:28:35.829175 7f8e927fc700 (Original Log Time 2018/12/14-03:28:34.934456) [db/db_impl_compaction_flush.cc:1424] Calling FlushMemTableToOutputFile with column family [usertable], flush slots available 24, compaction slots available 1, flush slots scheduled 1, compaction slots scheduled 0
2018/12/14-03:28:35.829189 7f8e927fc700 [db/flush_job.cc:301] [usertable] [JOB 5] Flushing memtable with next log file: 15
2018/12/14-03:28:35.829196 7f8e927fc700 [db/flush_job.cc:301] [usertable] [JOB 5] Flushing memtable with next log file: 16
2018/12/14-03:28:35.829241 7f8e927fc700 EVENT_LOG_v1 {"time_micros": 1544786915829232, "job": 5, "event": "flush_started", "num_memtables": 2, "num_entries": 55177, "num_deletes": 0, "memory_usage": 249266336, "flush_reason": "Write Buffer Full"}
2018/12/14-03:28:35.829247 7f8e927fc700 [db/flush_job.cc:331] [usertable] [JOB 5] Level-0 flush table #17: started
2018/12/14-03:28:37.917654 7f8e927fc700 EVENT_LOG_v1 {"time_micros": 1544786917917620, "cf_name": "usertable", "job": 5, "event": "table_file_creation", "file_number": 17, "file_size": 228522370, "table_properties": {"data_size": 227500914, "index_size": 1020529, "filter_size": 0, "raw_key_size": 1324248, "raw_average_key_size": 24, "raw_value_size": 226004992, "raw_average_value_size": 4096, "num_data_blocks": 27589, "num_entries": 55177, "filter_policy_name": "", "kDeletedKeys": "0", "kMergeOperands": "0"}}
2018/12/14-03:28:37.917675 7f8e927fc700 [db/flush_job.cc:371] [usertable] [JOB 5] Level-0 flush table #17: 228522370 bytes OK
2018/12/14-03:28:37.976782 7f8e927fc700 (Original Log Time 2018/12/14-03:28:37.917690) [db/memtable_list.cc:377] [usertable] Level-0 commit table #17 started
2018/12/14-03:28:37.976786 7f8e927fc700 (Original Log Time 2018/12/14-03:28:37.976656) [db/memtable_list.cc:409] [usertable] Level-0 commit table #17: memtable #1 done
2018/12/14-03:28:37.976788 7f8e927fc700 (Original Log Time 2018/12/14-03:28:37.976659) [db/memtable_list.cc:409] [usertable] Level-0 commit table #17: memtable #2 done
2018/12/14-03:28:37.976790 7f8e927fc700 (Original Log Time 2018/12/14-03:28:37.976695) EVENT_LOG_v1 {"time_micros": 1544786917976685, "job": 5, "event": "flush_finished", "output_compression": "NoCompression", "lsm_state": [2, 1, 0, 0, 0, 0, 0], "immutable_memtables": 0}
2018/12/14-03:28:37.976792 7f8e927fc700 (Original Log Time 2018/12/14-03:28:37.976744) [db/db_impl_compaction_flush.cc:177] [usertable] Level summary: base level 1 max bytes base 536870912 files[2 1 0 0 0 0 0] max score 1.00
