2018/10/23-20:50:06.032841 7f30947d3700 RocksDB version: 5.14.3
2018/10/23-20:50:06.032913 7f30947d3700 Git sha rocksdb_build_git_sha:
2018/10/23-20:50:06.032916 7f30947d3700 Compile date Oct 15 2018
2018/10/23-20:50:06.032920 7f30947d3700 DB SUMMARY
2018/10/23-20:50:06.033096 7f30947d3700 CURRENT file:  CURRENT
2018/10/23-20:50:06.033098 7f30947d3700 IDENTITY file:  IDENTITY
2018/10/23-20:50:06.033355 7f30947d3700 MANIFEST file:  MANIFEST-012673 size: 61308 Bytes
2018/10/23-20:50:06.033363 7f30947d3700 SST files in /mnt/sdc1/ycsb-rocksdb-data dir, Total Num: 282, files: 009210.sst 009483.sst 009698.sst 009763.sst 009824.sst 009877.sst 009879.sst 009938.sst 010017.sst 
2018/10/23-20:50:06.033365 7f30947d3700 Write Ahead Log file in /mnt/sdc1/ycsb-rocksdb-data: 013292.log size: 110328475 ; 
2018/10/23-20:50:06.033370 7f30947d3700                         Options.error_if_exists: 0
2018/10/23-20:50:06.033372 7f30947d3700                       Options.create_if_missing: 1
2018/10/23-20:50:06.033373 7f30947d3700                         Options.paranoid_checks: 1
2018/10/23-20:50:06.033373 7f30947d3700                                     Options.env: 0x7f308fadd3e0
2018/10/23-20:50:06.033374 7f30947d3700                                Options.info_log: 0x7f30004032e0
2018/10/23-20:50:06.033375 7f30947d3700                Options.max_file_opening_threads: 16
2018/10/23-20:50:06.033376 7f30947d3700                              Options.statistics: (nil)
2018/10/23-20:50:06.033377 7f30947d3700                               Options.use_fsync: 0
2018/10/23-20:50:06.033378 7f30947d3700                       Options.max_log_file_size: 0
2018/10/23-20:50:06.033379 7f30947d3700                  Options.max_manifest_file_size: 18446744073709551615
2018/10/23-20:50:06.033380 7f30947d3700                   Options.log_file_time_to_roll: 0
2018/10/23-20:50:06.033381 7f30947d3700                       Options.keep_log_file_num: 1000
2018/10/23-20:50:06.033382 7f30947d3700                    Options.recycle_log_file_num: 0
2018/10/23-20:50:06.033383 7f30947d3700                         Options.allow_fallocate: 1
2018/10/23-20:50:06.033384 7f30947d3700                        Options.allow_mmap_reads: 0
2018/10/23-20:50:06.033385 7f30947d3700                       Options.allow_mmap_writes: 0
2018/10/23-20:50:06.033386 7f30947d3700                        Options.use_direct_reads: 0
2018/10/23-20:50:06.033386 7f30947d3700                        Options.use_direct_io_for_flush_and_compaction: 0
2018/10/23-20:50:06.033387 7f30947d3700          Options.create_missing_column_families: 1
2018/10/23-20:50:06.033388 7f30947d3700                              Options.db_log_dir: 
2018/10/23-20:50:06.033389 7f30947d3700                                 Options.wal_dir: /mnt/sdc1/ycsb-rocksdb-data
2018/10/23-20:50:06.033390 7f30947d3700                Options.table_cache_numshardbits: 6
2018/10/23-20:50:06.033391 7f30947d3700                      Options.max_subcompactions: 4
2018/10/23-20:50:06.033392 7f30947d3700                  Options.max_background_flushes: 24
2018/10/23-20:50:06.033393 7f30947d3700                         Options.WAL_ttl_seconds: 0
2018/10/23-20:50:06.033393 7f30947d3700                       Options.WAL_size_limit_MB: 0
2018/10/23-20:50:06.033394 7f30947d3700             Options.manifest_preallocation_size: 4194304
2018/10/23-20:50:06.033395 7f30947d3700                     Options.is_fd_close_on_exec: 1
2018/10/23-20:50:06.033396 7f30947d3700                   Options.advise_random_on_open: 1
2018/10/23-20:50:06.033397 7f30947d3700                    Options.db_write_buffer_size: 0
2018/10/23-20:50:06.033398 7f30947d3700                    Options.write_buffer_manager: 0x7f30003ffff0
2018/10/23-20:50:06.033399 7f30947d3700         Options.access_hint_on_compaction_start: 1
2018/10/23-20:50:06.033399 7f30947d3700  Options.new_table_reader_for_compaction_inputs: 0
2018/10/23-20:50:06.033400 7f30947d3700           Options.random_access_max_buffer_size: 1048576
2018/10/23-20:50:06.033401 7f30947d3700                      Options.use_adaptive_mutex: 0
2018/10/23-20:50:06.033402 7f30947d3700                            Options.rate_limiter: (nil)
2018/10/23-20:50:06.033419 7f30947d3700     Options.sst_file_manager.rate_bytes_per_sec: 0
2018/10/23-20:50:06.033421 7f30947d3700                       Options.wal_recovery_mode: 2
2018/10/23-20:50:06.033422 7f30947d3700                  Options.enable_thread_tracking: 0
2018/10/23-20:50:06.033423 7f30947d3700                  Options.enable_pipelined_write: 1
2018/10/23-20:50:06.033424 7f30947d3700         Options.allow_concurrent_memtable_write: 1
2018/10/23-20:50:06.033424 7f30947d3700      Options.enable_write_thread_adaptive_yield: 1
2018/10/23-20:50:06.033425 7f30947d3700             Options.write_thread_max_yield_usec: 100
2018/10/23-20:50:06.033426 7f30947d3700            Options.write_thread_slow_yield_usec: 3
2018/10/23-20:50:06.033427 7f30947d3700                               Options.row_cache: None
2018/10/23-20:50:06.033428 7f30947d3700                              Options.wal_filter: None
2018/10/23-20:50:06.033429 7f30947d3700             Options.avoid_flush_during_recovery: 0
2018/10/23-20:50:06.033430 7f30947d3700             Options.allow_ingest_behind: 0
2018/10/23-20:50:06.033431 7f30947d3700             Options.preserve_deletes: 0
2018/10/23-20:50:06.033431 7f30947d3700             Options.two_write_queues: 0
2018/10/23-20:50:06.033432 7f30947d3700             Options.manual_wal_flush: 0
2018/10/23-20:50:06.033434 7f30947d3700             Options.max_background_jobs: 24
2018/10/23-20:50:06.033435 7f30947d3700             Options.max_background_compactions: 24
2018/10/23-20:50:06.033436 7f30947d3700             Options.avoid_flush_during_shutdown: 0
2018/10/23-20:50:06.033437 7f30947d3700           Options.writable_file_max_buffer_size: 1048576
2018/10/23-20:50:06.033437 7f30947d3700             Options.delayed_write_rate : 16777216
2018/10/23-20:50:06.033438 7f30947d3700             Options.max_total_wal_size: 0
2018/10/23-20:50:06.033439 7f30947d3700             Options.delete_obsolete_files_period_micros: 21600000000
2018/10/23-20:50:06.033440 7f30947d3700                   Options.stats_dump_period_sec: 60
2018/10/23-20:50:06.033441 7f30947d3700                          Options.max_open_files: -1
2018/10/23-20:50:06.033442 7f30947d3700                          Options.bytes_per_sync: 1048576
2018/10/23-20:50:06.033443 7f30947d3700                      Options.wal_bytes_per_sync: 0
2018/10/23-20:50:06.033444 7f30947d3700       Options.compaction_readahead_size: 0
2018/10/23-20:50:06.033445 7f30947d3700 Compression algorithms supported:
2018/10/23-20:50:06.033446 7f30947d3700 	kZSTDNotFinalCompression supported: 1
2018/10/23-20:50:06.033455 7f30947d3700 	kZSTD supported: 1
2018/10/23-20:50:06.033456 7f30947d3700 	kXpressCompression supported: 0
2018/10/23-20:50:06.033457 7f30947d3700 	kLZ4HCCompression supported: 1
2018/10/23-20:50:06.033459 7f30947d3700 	kLZ4Compression supported: 1
2018/10/23-20:50:06.033460 7f30947d3700 	kBZip2Compression supported: 1
2018/10/23-20:50:06.033461 7f30947d3700 	kZlibCompression supported: 1
2018/10/23-20:50:06.033462 7f30947d3700 	kSnappyCompression supported: 1
2018/10/23-20:50:06.033466 7f30947d3700 Fast CRC32 supported: Supported on x86
2018/10/23-20:50:06.034007 7f30947d3700 [db/version_set.cc:3085] Recovering from manifest file: MANIFEST-012673
2018/10/23-20:50:06.034096 7f30947d3700 [db/column_family.cc:475] --------------- Options for column family [default]:
2018/10/23-20:50:06.034100 7f30947d3700               Options.comparator: leveldb.BytewiseComparator
2018/10/23-20:50:06.034101 7f30947d3700           Options.merge_operator: None
2018/10/23-20:50:06.034102 7f30947d3700        Options.compaction_filter: None
2018/10/23-20:50:06.034103 7f30947d3700        Options.compaction_filter_factory: None
2018/10/23-20:50:06.034104 7f30947d3700         Options.memtable_factory: SkipListFactory
2018/10/23-20:50:06.034105 7f30947d3700            Options.table_factory: BlockBasedTable
2018/10/23-20:50:06.034133 7f30947d3700            table_factory options:   flush_block_policy_factory: FlushBlockBySizePolicyFactory (0x7f3000392b00)
  cache_index_and_filter_blocks: 0
  cache_index_and_filter_blocks_with_high_priority: 0
  pin_l0_filter_and_index_blocks_in_cache: 0
  index_type: 0
  hash_index_allow_collision: 1
  checksum: 1
  no_block_cache: 0
  block_cache: 0x7f3000397650
  block_cache_name: LRUCache
  block_cache_options:
    capacity : 8388608
    num_shard_bits : 4
    strict_capacity_limit : 0
    high_pri_pool_ratio: 0.000
  block_cache_compressed: (nil)
  persistent_cache: (nil)
  block_size: 8192
  block_size_deviation: 10
  block_restart_interval: 16
  index_block_restart_interval: 1
  metadata_block_size: 4096
  partition_filters: 0
  use_delta_encoding: 1
  filter_policy: nullptr
  whole_key_filtering: 1
  verify_compression: 0
  read_amp_bytes_per_bit: 0
  format_version: 2
  enable_index_compression: 1
  block_align: 0
2018/10/23-20:50:06.034146 7f30947d3700        Options.write_buffer_size: 134217728
2018/10/23-20:50:06.034148 7f30947d3700  Options.max_write_buffer_number: 24
2018/10/23-20:50:06.034149 7f30947d3700        Options.compression[0]: NoCompression
2018/10/23-20:50:06.034150 7f30947d3700        Options.compression[1]: NoCompression
2018/10/23-20:50:06.034151 7f30947d3700        Options.compression[2]: LZ4
2018/10/23-20:50:06.034152 7f30947d3700        Options.compression[3]: LZ4
2018/10/23-20:50:06.034153 7f30947d3700        Options.compression[4]: LZ4
2018/10/23-20:50:06.034154 7f30947d3700        Options.compression[5]: LZ4
2018/10/23-20:50:06.034155 7f30947d3700        Options.compression[6]: LZ4
2018/10/23-20:50:06.034156 7f30947d3700                  Options.bottommost_compression: Disabled
2018/10/23-20:50:06.034157 7f30947d3700       Options.prefix_extractor: nullptr
2018/10/23-20:50:06.034158 7f30947d3700   Options.memtable_insert_with_hint_prefix_extractor: nullptr
2018/10/23-20:50:06.034158 7f30947d3700             Options.num_levels: 7
2018/10/23-20:50:06.034159 7f30947d3700        Options.min_write_buffer_number_to_merge: 2
2018/10/23-20:50:06.034160 7f30947d3700     Options.max_write_buffer_number_to_maintain: 0
2018/10/23-20:50:06.034161 7f30947d3700            Options.compression_opts.window_bits: -14
2018/10/23-20:50:06.034162 7f30947d3700                  Options.compression_opts.level: -1
2018/10/23-20:50:06.034163 7f30947d3700               Options.compression_opts.strategy: 0
2018/10/23-20:50:06.034164 7f30947d3700         Options.compression_opts.max_dict_bytes: 0
2018/10/23-20:50:06.034165 7f30947d3700         Options.compression_opts.zstd_max_train_bytes: 0
2018/10/23-20:50:06.034166 7f30947d3700      Options.level0_file_num_compaction_trigger: 2
2018/10/23-20:50:06.034166 7f30947d3700          Options.level0_slowdown_writes_trigger: 20
2018/10/23-20:50:06.034167 7f30947d3700              Options.level0_stop_writes_trigger: 36
2018/10/23-20:50:06.034168 7f30947d3700                   Options.target_file_size_base: 67108864
2018/10/23-20:50:06.034169 7f30947d3700             Options.target_file_size_multiplier: 1
2018/10/23-20:50:06.034170 7f30947d3700                Options.max_bytes_for_level_base: 536870912
2018/10/23-20:50:06.034171 7f30947d3700 Options.level_compaction_dynamic_level_bytes: 0
2018/10/23-20:50:06.034172 7f30947d3700          Options.max_bytes_for_level_multiplier: 10.000000
2018/10/23-20:50:06.034174 7f30947d3700 Options.max_bytes_for_level_multiplier_addtl[0]: 1
2018/10/23-20:50:06.034175 7f30947d3700 Options.max_bytes_for_level_multiplier_addtl[1]: 1
2018/10/23-20:50:06.034176 7f30947d3700 Options.max_bytes_for_level_multiplier_addtl[2]: 1
2018/10/23-20:50:06.034177 7f30947d3700 Options.max_bytes_for_level_multiplier_addtl[3]: 1
2018/10/23-20:50:06.034178 7f30947d3700 Options.max_bytes_for_level_multiplier_addtl[4]: 1
2018/10/23-20:50:06.034179 7f30947d3700 Options.max_bytes_for_level_multiplier_addtl[5]: 1
2018/10/23-20:50:06.034180 7f30947d3700 Options.max_bytes_for_level_multiplier_addtl[6]: 1
2018/10/23-20:50:06.034181 7f30947d3700       Options.max_sequential_skip_in_iterations: 8
2018/10/23-20:50:06.034181 7f30947d3700                    Options.max_compaction_bytes: 1677721600
2018/10/23-20:50:06.034188 7f30947d3700                        Options.arena_block_size: 16777216
2018/10/23-20:50:06.034189 7f30947d3700   Options.soft_pending_compaction_bytes_limit: 68719476736
2018/10/23-20:50:06.034190 7f30947d3700   Options.hard_pending_compaction_bytes_limit: 274877906944
2018/10/23-20:50:06.034191 7f30947d3700       Options.rate_limit_delay_max_milliseconds: 100
2018/10/23-20:50:06.034192 7f30947d3700                Options.disable_auto_compactions: 0
2018/10/23-20:50:06.034194 7f30947d3700                        Options.compaction_style: kCompactionStyleLevel
2018/10/23-20:50:06.034196 7f30947d3700                          Options.compaction_pri: kByCompensatedSize
2018/10/23-20:50:06.034197 7f30947d3700 Options.compaction_options_universal.size_ratio: 1
2018/10/23-20:50:06.034198 7f30947d3700 Options.compaction_options_universal.min_merge_width: 2
2018/10/23-20:50:06.034199 7f30947d3700 Options.compaction_options_universal.max_merge_width: 4294967295
2018/10/23-20:50:06.034200 7f30947d3700 Options.compaction_options_universal.max_size_amplification_percent: 200
2018/10/23-20:50:06.034200 7f30947d3700 Options.compaction_options_universal.compression_size_percent: -1
2018/10/23-20:50:06.034202 7f30947d3700 Options.compaction_options_universal.stop_style: kCompactionStopStyleTotalSize
2018/10/23-20:50:06.034203 7f30947d3700 Options.compaction_options_fifo.max_table_files_size: 1073741824
2018/10/23-20:50:06.034204 7f30947d3700 Options.compaction_options_fifo.allow_compaction: 0
2018/10/23-20:50:06.034205 7f30947d3700 Options.compaction_options_fifo.ttl: 0
2018/10/23-20:50:06.034206 7f30947d3700                   Options.table_properties_collectors: 
2018/10/23-20:50:06.034207 7f30947d3700                   Options.inplace_update_support: 0
2018/10/23-20:50:06.034208 7f30947d3700                 Options.inplace_update_num_locks: 10000
2018/10/23-20:50:06.034209 7f30947d3700               Options.memtable_prefix_bloom_size_ratio: 0.000000
2018/10/23-20:50:06.034211 7f30947d3700   Options.memtable_huge_page_size: 0
2018/10/23-20:50:06.034212 7f30947d3700                           Options.bloom_locality: 0
2018/10/23-20:50:06.034213 7f30947d3700                    Options.max_successive_merges: 0
2018/10/23-20:50:06.034214 7f30947d3700                Options.optimize_filters_for_hits: 0
2018/10/23-20:50:06.034214 7f30947d3700                Options.paranoid_file_checks: 0
2018/10/23-20:50:06.034215 7f30947d3700                Options.force_consistency_checks: 0
2018/10/23-20:50:06.034216 7f30947d3700                Options.report_bg_io_stats: 0
2018/10/23-20:50:06.034217 7f30947d3700                               Options.ttl: 0
2018/10/23-20:50:06.034763 7f30947d3700 [db/column_family.cc:475] --------------- Options for column family [usertable]:
2018/10/23-20:50:06.034767 7f30947d3700               Options.comparator: leveldb.BytewiseComparator
2018/10/23-20:50:06.034768 7f30947d3700           Options.merge_operator: None
2018/10/23-20:50:06.034768 7f30947d3700        Options.compaction_filter: None
2018/10/23-20:50:06.034769 7f30947d3700        Options.compaction_filter_factory: None
2018/10/23-20:50:06.034770 7f30947d3700         Options.memtable_factory: SkipListFactory
2018/10/23-20:50:06.034771 7f30947d3700            Options.table_factory: BlockBasedTable
2018/10/23-20:50:06.034791 7f30947d3700            table_factory options:   flush_block_policy_factory: FlushBlockBySizePolicyFactory (0x7f3000392ae0)
  cache_index_and_filter_blocks: 0
  cache_index_and_filter_blocks_with_high_priority: 0
  pin_l0_filter_and_index_blocks_in_cache: 0
  index_type: 0
  hash_index_allow_collision: 1
  checksum: 1
  no_block_cache: 0
  block_cache: 0x7f3000397ee0
  block_cache_name: LRUCache
  block_cache_options:
    capacity : 8388608
    num_shard_bits : 4
    strict_capacity_limit : 0
    high_pri_pool_ratio: 0.000
  block_cache_compressed: (nil)
  persistent_cache: (nil)
  block_size: 8192
  block_size_deviation: 10
  block_restart_interval: 16
  index_block_restart_interval: 1
  metadata_block_size: 4096
  partition_filters: 0
  use_delta_encoding: 1
  filter_policy: nullptr
  whole_key_filtering: 1
  verify_compression: 0
  read_amp_bytes_per_bit: 0
  format_version: 2
  enable_index_compression: 1
  block_align: 0
2018/10/23-20:50:06.034803 7f30947d3700        Options.write_buffer_size: 134217728
2018/10/23-20:50:06.034805 7f30947d3700  Options.max_write_buffer_number: 24
2018/10/23-20:50:06.034806 7f30947d3700        Options.compression[0]: NoCompression
2018/10/23-20:50:06.034807 7f30947d3700        Options.compression[1]: NoCompression
2018/10/23-20:50:06.034808 7f30947d3700        Options.compression[2]: LZ4
2018/10/23-20:50:06.034809 7f30947d3700        Options.compression[3]: LZ4
2018/10/23-20:50:06.034809 7f30947d3700        Options.compression[4]: LZ4
2018/10/23-20:50:06.034810 7f30947d3700        Options.compression[5]: LZ4
2018/10/23-20:50:06.034811 7f30947d3700        Options.compression[6]: LZ4
2018/10/23-20:50:06.034812 7f30947d3700                  Options.bottommost_compression: Disabled
2018/10/23-20:50:06.034813 7f30947d3700       Options.prefix_extractor: nullptr
2018/10/23-20:50:06.034814 7f30947d3700   Options.memtable_insert_with_hint_prefix_extractor: nullptr
2018/10/23-20:50:06.034815 7f30947d3700             Options.num_levels: 7
2018/10/23-20:50:06.034816 7f30947d3700        Options.min_write_buffer_number_to_merge: 2
2018/10/23-20:50:06.034817 7f30947d3700     Options.max_write_buffer_number_to_maintain: 0
2018/10/23-20:50:06.034817 7f30947d3700            Options.compression_opts.window_bits: -14
2018/10/23-20:50:06.034818 7f30947d3700                  Options.compression_opts.level: -1
2018/10/23-20:50:06.034819 7f30947d3700               Options.compression_opts.strategy: 0
2018/10/23-20:50:06.034820 7f30947d3700         Options.compression_opts.max_dict_bytes: 0
2018/10/23-20:50:06.034821 7f30947d3700         Options.compression_opts.zstd_max_train_bytes: 0
2018/10/23-20:50:06.034822 7f30947d3700      Options.level0_file_num_compaction_trigger: 2
2018/10/23-20:50:06.034823 7f30947d3700          Options.level0_slowdown_writes_trigger: 20
2018/10/23-20:50:06.034824 7f30947d3700              Options.level0_stop_writes_trigger: 36
2018/10/23-20:50:06.034824 7f30947d3700                   Options.target_file_size_base: 67108864
2018/10/23-20:50:06.034825 7f30947d3700             Options.target_file_size_multiplier: 1
2018/10/23-20:50:06.034826 7f30947d3700                Options.max_bytes_for_level_base: 536870912
2018/10/23-20:50:06.034827 7f30947d3700 Options.level_compaction_dynamic_level_bytes: 0
2018/10/23-20:50:06.034828 7f30947d3700          Options.max_bytes_for_level_multiplier: 10.000000
2018/10/23-20:50:06.034830 7f30947d3700 Options.max_bytes_for_level_multiplier_addtl[0]: 1
2018/10/23-20:50:06.034831 7f30947d3700 Options.max_bytes_for_level_multiplier_addtl[1]: 1
2018/10/23-20:50:06.034832 7f30947d3700 Options.max_bytes_for_level_multiplier_addtl[2]: 1
2018/10/23-20:50:06.034833 7f30947d3700 Options.max_bytes_for_level_multiplier_addtl[3]: 1
2018/10/23-20:50:06.034834 7f30947d3700 Options.max_bytes_for_level_multiplier_addtl[4]: 1
2018/10/23-20:50:06.034834 7f30947d3700 Options.max_bytes_for_level_multiplier_addtl[5]: 1
2018/10/23-20:50:06.034835 7f30947d3700 Options.max_bytes_for_level_multiplier_addtl[6]: 1
2018/10/23-20:50:06.034836 7f30947d3700       Options.max_sequential_skip_in_iterations: 8
2018/10/23-20:50:06.034837 7f30947d3700                    Options.max_compaction_bytes: 1677721600
2018/10/23-20:50:06.034838 7f30947d3700                        Options.arena_block_size: 16777216
2018/10/23-20:50:06.034839 7f30947d3700   Options.soft_pending_compaction_bytes_limit: 68719476736
2018/10/23-20:50:06.034840 7f30947d3700   Options.hard_pending_compaction_bytes_limit: 274877906944
2018/10/23-20:50:06.034841 7f30947d3700       Options.rate_limit_delay_max_milliseconds: 100
2018/10/23-20:50:06.034842 7f30947d3700                Options.disable_auto_compactions: 0
2018/10/23-20:50:06.034843 7f30947d3700                        Options.compaction_style: kCompactionStyleLevel
2018/10/23-20:50:06.034850 7f30947d3700                          Options.compaction_pri: kByCompensatedSize
2018/10/23-20:50:06.034851 7f30947d3700 Options.compaction_options_universal.size_ratio: 1
2018/10/23-20:50:06.034852 7f30947d3700 Options.compaction_options_universal.min_merge_width: 2
2018/10/23-20:50:06.034853 7f30947d3700 Options.compaction_options_universal.max_merge_width: 4294967295
2018/10/23-20:50:06.034854 7f30947d3700 Options.compaction_options_universal.max_size_amplification_percent: 200
2018/10/23-20:50:06.034855 7f30947d3700 Options.compaction_options_universal.compression_size_percent: -1
2018/10/23-20:50:06.034856 7f30947d3700 Options.compaction_options_universal.stop_style: kCompactionStopStyleTotalSize
2018/10/23-20:50:06.034857 7f30947d3700 Options.compaction_options_fifo.max_table_files_size: 1073741824
2018/10/23-20:50:06.034858 7f30947d3700 Options.compaction_options_fifo.allow_compaction: 0
2018/10/23-20:50:06.034859 7f30947d3700 Options.compaction_options_fifo.ttl: 0
2018/10/23-20:50:06.034860 7f30947d3700                   Options.table_properties_collectors: 
2018/10/23-20:50:06.034861 7f30947d3700                   Options.inplace_update_support: 0
2018/10/23-20:50:06.034861 7f30947d3700                 Options.inplace_update_num_locks: 10000
2018/10/23-20:50:06.034862 7f30947d3700               Options.memtable_prefix_bloom_size_ratio: 0.000000
2018/10/23-20:50:06.034864 7f30947d3700   Options.memtable_huge_page_size: 0
2018/10/23-20:50:06.034865 7f30947d3700                           Options.bloom_locality: 0
2018/10/23-20:50:06.034866 7f30947d3700                    Options.max_successive_merges: 0
2018/10/23-20:50:06.034866 7f30947d3700                Options.optimize_filters_for_hits: 0
2018/10/23-20:50:06.034867 7f30947d3700                Options.paranoid_file_checks: 0
2018/10/23-20:50:06.034868 7f30947d3700                Options.force_consistency_checks: 0
2018/10/23-20:50:06.034869 7f30947d3700                Options.report_bg_io_stats: 0
2018/10/23-20:50:06.034870 7f30947d3700                               Options.ttl: 0
2018/10/23-20:50:06.284269 7f30947d3700 [db/version_set.cc:3361] Recovered from manifest file:/mnt/sdc1/ycsb-rocksdb-data/MANIFEST-012673 succeeded,manifest_file_number is 12673, next_file_number is 13324, last_sequence is 28721966, log_number is 0,prev_log_number is 0,max_column_family is 1,min_log_number_to_keep is 0
2018/10/23-20:50:06.284279 7f30947d3700 [db/version_set.cc:3369] Column family [default] (ID 0), log number is 12672
2018/10/23-20:50:06.284281 7f30947d3700 [db/version_set.cc:3369] Column family [usertable] (ID 1), log number is 13292
2018/10/23-20:50:06.285219 7f30947d3700 EVENT_LOG_v1 {"time_micros": 1540353006285190, "job": 1, "event": "recovery_started", "log_files": [13292]}
2018/10/23-20:50:06.285227 7f30947d3700 [db/db_impl_open.cc:551] Recovering log #13292 mode 2
2018/10/23-20:50:06.618843 7f30947d3700 [db/version_set.cc:2847] Creating manifest 13324
2018/10/23-20:50:07.452892 7f30947d3700 EVENT_LOG_v1 {"time_micros": 1540353007452871, "cf_name": "usertable", "job": 1, "event": "table_file_creation", "file_number": 13325, "file_size": 78473836, "table_properties": {"data_size": 78139967, "index_size": 332947, "filter_size": 0, "raw_key_size": 454752, "raw_average_key_size": 24, "raw_value_size": 77611008, "raw_average_value_size": 4096, "num_data_blocks": 9474, "num_entries": 18948, "filter_policy_name": "", "kDeletedKeys": "0", "kMergeOperands": "0"}}
2018/10/23-20:50:07.587444 7f30947d3700 EVENT_LOG_v1 {"time_micros": 1540353007587440, "job": 1, "event": "recovery_finished"}
2018/10/23-20:50:07.790887 7f30947d3700 [db/db_impl_open.cc:1219] DB pointer 0x7f3000402370
2018/10/23-20:50:07.791194 7f3075ffb700 [WARN] [db/db_impl.cc:491] ------- DUMPING STATS -------
2018/10/23-20:50:07.791237 7f3075ffb700 [WARN] [db/db_impl.cc:492] 
** DB Stats **
Uptime(secs): 1.8 total, 1.8 interval
Cumulative writes: 0 writes, 0 keys, 0 commit groups, 0.0 writes per commit group, ingest: 0.00 GB, 0.00 MB/s
Cumulative WAL: 0 writes, 0 syncs, 0.00 writes per sync, written: 0.00 GB, 0.00 MB/s
Cumulative stall: 00:00:0.000 H:M:S, 0.0 percent
Interval writes: 0 writes, 0 keys, 0 commit groups, 0.0 writes per commit group, ingest: 0.00 MB, 0.00 MB/s
Interval WAL: 0 writes, 0 syncs, 0.00 writes per sync, written: 0.00 MB, 0.00 MB/s
Interval stall: 00:00:0.000 H:M:S, 0.0 percent

** Compaction Stats [default] **
Level    Files   Size     Score Read(GB)  Rn(GB) Rnp1(GB) Write(GB) Wnew(GB) Moved(GB) W-Amp Rd(MB/s) Wr(MB/s) Comp(sec) Comp(cnt) Avg(sec) KeyIn KeyDrop
----------------------------------------------------------------------------------------------------------------------------------------------------------
 Sum      0/0    0.00 KB   0.0      0.0     0.0      0.0       0.0      0.0       0.0   0.0      0.0      0.0         0         0    0.000       0      0
 Int      0/0    0.00 KB   0.0      0.0     0.0      0.0       0.0      0.0       0.0   0.0      0.0      0.0         0         0    0.000       0      0
Uptime(secs): 1.8 total, 1.8 interval
Flush(GB): cumulative 0.000, interval 0.000
AddFile(GB): cumulative 0.000, interval 0.000
AddFile(Total Files): cumulative 0, interval 0
AddFile(L0 Files): cumulative 0, interval 0
AddFile(Keys): cumulative 0, interval 0
Cumulative compaction: 0.00 GB write, 0.00 MB/s write, 0.00 GB read, 0.00 MB/s read, 0.0 seconds
Interval compaction: 0.00 GB write, 0.00 MB/s write, 0.00 GB read, 0.00 MB/s read, 0.0 seconds
Stalls(count): 0 level0_slowdown, 0 level0_slowdown_with_compaction, 0 level0_numfiles, 0 level0_numfiles_with_compaction, 0 stop for pending_compaction_bytes, 0 slowdown for pending_compaction_bytes, 0 memtable_compaction, 0 memtable_slowdown, interval 0 total count

** File Read Latency Histogram By Level [default] **

** Compaction Stats [usertable] **
Level    Files   Size     Score Read(GB)  Rn(GB) Rnp1(GB) Write(GB) Wnew(GB) Moved(GB) W-Amp Rd(MB/s) Wr(MB/s) Comp(sec) Comp(cnt) Avg(sec) KeyIn KeyDrop
----------------------------------------------------------------------------------------------------------------------------------------------------------
  L0      1/0   74.84 MB   0.5      0.0     0.0      0.0       0.1      0.1       0.0   1.0      0.0     96.8         1         1    0.773       0      0
  L1     13/0   606.59 MB   1.2      0.0     0.0      0.0       0.0      0.0       0.0   0.0      0.0      0.0         0         0    0.000       0      0
  L2     86/0    5.00 GB   1.0      0.0     0.0      0.0       0.0      0.0       0.0   0.0      0.0      0.0         0         0    0.000       0      0
  L3    183/0   10.04 GB   0.2      0.0     0.0      0.0       0.0      0.0       0.0   0.0      0.0      0.0         0         0    0.000       0      0
 Sum    283/0   15.71 GB   0.0      0.0     0.0      0.0       0.1      0.1       0.0   1.0      0.0     96.8         1         1    0.773       0      0
 Int      0/0    0.00 KB   0.0      0.0     0.0      0.0       0.1      0.1       0.0   1.0      0.0     96.8         1         1    0.773       0      0
Uptime(secs): 1.8 total, 1.8 interval
Flush(GB): cumulative 0.073, interval 0.073
AddFile(GB): cumulative 0.000, interval 0.000
AddFile(Total Files): cumulative 0, interval 0
AddFile(L0 Files): cumulative 0, interval 0
AddFile(Keys): cumulative 0, interval 0
Cumulative compaction: 0.07 GB write, 42.61 MB/s write, 0.00 GB read, 0.00 MB/s read, 0.8 seconds
Interval compaction: 0.07 GB write, 42.61 MB/s write, 0.00 GB read, 0.00 MB/s read, 0.8 seconds
Stalls(count): 0 level0_slowdown, 0 level0_slowdown_with_compaction, 0 level0_numfiles, 0 level0_numfiles_with_compaction, 0 stop for pending_compaction_bytes, 0 slowdown for pending_compaction_bytes, 0 memtable_compaction, 0 memtable_slowdown, interval 0 total count

** File Read Latency Histogram By Level [usertable] **

** Compaction Stats [default] **
Level    Files   Size     Score Read(GB)  Rn(GB) Rnp1(GB) Write(GB) Wnew(GB) Moved(GB) W-Amp Rd(MB/s) Wr(MB/s) Comp(sec) Comp(cnt) Avg(sec) KeyIn KeyDrop
----------------------------------------------------------------------------------------------------------------------------------------------------------
 Sum      0/0    0.00 KB   0.0      0.0     0.0      0.0       0.0      0.0       0.0   0.0      0.0      0.0         0         0    0.000       0      0
 Int      0/0    0.00 KB   0.0      0.0     0.0      0.0       0.0      0.0       0.0   0.0      0.0      0.0         0         0    0.000       0      0
Uptime(secs): 1.8 total, 0.0 interval
Flush(GB): cumulative 0.000, interval 0.000
AddFile(GB): cumulative 0.000, interval 0.000
AddFile(Total Files): cumulative 0, interval 0
AddFile(L0 Files): cumulative 0, interval 0
AddFile(Keys): cumulative 0, interval 0
Cumulative compaction: 0.00 GB write, 0.00 MB/s write, 0.00 GB read, 0.00 MB/s read, 0.0 seconds
Interval compaction: 0.00 GB write, 0.00 MB/s write, 0.00 GB read, 0.00 MB/s read, 0.0 seconds
Stalls(count): 0 level0_slowdown, 0 level0_slowdown_with_compaction, 0 level0_numfiles, 0 level0_numfiles_with_compaction, 0 stop for pending_compaction_bytes, 0 slowdown for pending_compaction_bytes, 0 memtable_compaction, 0 memtable_slowdown, interval 0 total count

** File Read Latency Histogram By Level [default] **

** Compaction Stats [usertable] **
Level    Files   Size     Score Read(GB)  Rn(GB) Rnp1(GB) Write(GB) Wnew(GB) Moved(GB) W-Amp Rd(MB/s) Wr(MB/s) Comp(sec) Comp(cnt) Avg(sec) KeyIn KeyDrop
----------------------------------------------------------------------------------------------------------------------------------------------------------
  L0      1/0   74.84 MB   0.5      0.0     0.0      0.0       0.1      0.1       0.0   1.0      0.0     96.8         1         1    0.773       0      0
  L1     13/0   606.59 MB   1.2      0.0     0.0      0.0       0.0      0.0       0.0   0.0      0.0      0.0         0         0    0.000       0      0
  L2     86/0    5.00 GB   1.0      0.0     0.0      0.0       0.0      0.0       0.0   0.0      0.0      0.0         0         0    0.000       0      0
  L3    183/0   10.04 GB   0.2      0.0     0.0      0.0       0.0      0.0       0.0   0.0      0.0      0.0         0         0    0.000       0      0
 Sum    283/0   15.71 GB   0.0      0.0     0.0      0.0       0.1      0.1       0.0   1.0      0.0     96.8         1         1    0.773       0      0
 Int      0/0    0.00 KB   0.0      0.0     0.0      0.0       0.0      0.0       0.0   0.0      0.0      0.0         0         0    0.000       0      0
Uptime(secs): 1.8 total, 0.0 interval
Flush(GB): cumulative 0.073, interval 0.000
AddFile(GB): cumulative 0.000, interval 0.000
AddFile(Total Files): cumulative 0, interval 0
AddFile(L0 Files): cumulative 0, interval 0
AddFile(Keys): cumulative 0, interval 0
Cumulative compaction: 0.07 GB write, 42.61 MB/s write, 0.00 GB read, 0.00 MB/s read, 0.8 seconds
Interval compaction: 0.00 GB write, 0.00 MB/s write, 0.00 GB read, 0.00 MB/s read, 0.0 seconds
Stalls(count): 0 level0_slowdown, 0 level0_slowdown_with_compaction, 0 level0_numfiles, 0 level0_numfiles_with_compaction, 0 stop for pending_compaction_bytes, 0 slowdown for pending_compaction_bytes, 0 memtable_compaction, 0 memtable_slowdown, interval 0 total count

** File Read Latency Histogram By Level [usertable] **
2018/10/23-20:50:07.791380 7f3075ffb700 [db/compaction_job.cc:1531] [usertable] [JOB 3] Compacting 1@1 + 5@2 files to L2, score 1.18
2018/10/23-20:50:07.791388 7f3075ffb700 [db/compaction_job.cc:1535] [usertable] Compaction start summary: Base version 5 Base level 1, inputs: [13297(64MB)], [13216(63MB) 13040(64MB) 13096(64MB) 13098(64MB) 13099(64MB)]
2018/10/23-20:50:07.791421 7f3075ffb700 EVENT_LOG_v1 {"time_micros": 1540353007791400, "job": 3, "event": "compaction_started", "compaction_reason": "LevelMaxLevelSize", "files_L1": [13297], "files_L2": [13216, 13040, 13096, 13098, 13099], "score": 1.18474, "input_data_size": 403538693}
2018/10/23-20:50:08.869942 7f3075ffb700 [db/compaction_job.cc:1211] [usertable] [JOB 3] Generated table #13329: 16279 keys, 67261059 bytes
2018/10/23-20:50:08.869969 7f3075ffb700 EVENT_LOG_v1 {"time_micros": 1540353008869956, "cf_name": "usertable", "job": 3, "event": "table_file_creation", "file_number": 13329, "file_size": 67261059, "table_properties": {"data_size": 67119575, "index_size": 299607, "filter_size": 0, "raw_key_size": 390696, "raw_average_key_size": 24, "raw_value_size": 66678784, "raw_average_value_size": 4096, "num_data_blocks": 8140, "num_entries": 16279, "filter_policy_name": "", "kDeletedKeys": "0", "kMergeOperands": "0"}}
2018/10/23-20:50:09.509331 7f3075ffb700 [db/compaction_job.cc:1211] [usertable] [JOB 3] Generated table #13330: 16279 keys, 67259570 bytes
2018/10/23-20:50:09.509370 7f3075ffb700 EVENT_LOG_v1 {"time_micros": 1540353009509354, "cf_name": "usertable", "job": 3, "event": "table_file_creation", "file_number": 13330, "file_size": 67259570, "table_properties": {"data_size": 67119629, "index_size": 299452, "filter_size": 0, "raw_key_size": 390696, "raw_average_key_size": 24, "raw_value_size": 66678784, "raw_average_value_size": 4096, "num_data_blocks": 8140, "num_entries": 16279, "filter_policy_name": "", "kDeletedKeys": "0", "kMergeOperands": "0"}}
2018/10/23-20:50:10.846397 7f3075ffb700 [db/compaction_job.cc:1211] [usertable] [JOB 3] Generated table #13331: 16279 keys, 67258698 bytes
2018/10/23-20:50:10.846428 7f3075ffb700 EVENT_LOG_v1 {"time_micros": 1540353010846415, "cf_name": "usertable", "job": 3, "event": "table_file_creation", "file_number": 13331, "file_size": 67258698, "table_properties": {"data_size": 67120014, "index_size": 299266, "filter_size": 0, "raw_key_size": 390696, "raw_average_key_size": 24, "raw_value_size": 66678784, "raw_average_value_size": 4096, "num_data_blocks": 8140, "num_entries": 16279, "filter_policy_name": "", "kDeletedKeys": "0", "kMergeOperands": "0"}}
2018/10/23-20:50:11.740647 7f3075ffb700 [db/compaction_job.cc:1211] [usertable] [JOB 3] Generated table #13332: 16279 keys, 67257129 bytes
2018/10/23-20:50:11.740698 7f3075ffb700 EVENT_LOG_v1 {"time_micros": 1540353011740674, "cf_name": "usertable", "job": 3, "event": "table_file_creation", "file_number": 13332, "file_size": 67257129, "table_properties": {"data_size": 67120908, "index_size": 298352, "filter_size": 0, "raw_key_size": 390696, "raw_average_key_size": 24, "raw_value_size": 66678784, "raw_average_value_size": 4096, "num_data_blocks": 8140, "num_entries": 16279, "filter_policy_name": "", "kDeletedKeys": "0", "kMergeOperands": "0"}}
2018/10/23-20:50:12.376980 7f3075ffb700 [db/compaction_job.cc:1211] [usertable] [JOB 3] Generated table #13333: 16279 keys, 67260860 bytes
2018/10/23-20:50:12.377023 7f3075ffb700 EVENT_LOG_v1 {"time_micros": 1540353012377006, "cf_name": "usertable", "job": 3, "event": "table_file_creation", "file_number": 13333, "file_size": 67260860, "table_properties": {"data_size": 67119712, "index_size": 299555, "filter_size": 0, "raw_key_size": 390696, "raw_average_key_size": 24, "raw_value_size": 66678784, "raw_average_value_size": 4096, "num_data_blocks": 8140, "num_entries": 16279, "filter_policy_name": "", "kDeletedKeys": "0", "kMergeOperands": "0"}}
2018/10/23-20:50:12.686559 7f3075ffb700 [db/compaction_job.cc:1211] [usertable] [JOB 3] Generated table #13334: 7781 keys, 32146922 bytes
2018/10/23-20:50:12.686594 7f3075ffb700 EVENT_LOG_v1 {"time_micros": 1540353012686580, "cf_name": "usertable", "job": 3, "event": "table_file_creation", "file_number": 13334, "file_size": 32146922, "table_properties": {"data_size": 32082189, "index_size": 142450, "filter_size": 0, "raw_key_size": 186744, "raw_average_key_size": 24, "raw_value_size": 31870976, "raw_average_value_size": 4096, "num_data_blocks": 3891, "num_entries": 7781, "filter_policy_name": "", "kDeletedKeys": "0", "kMergeOperands": "0"}}
2018/10/23-20:50:12.686649 7f3075ffb700 [db/compaction_job.cc:1287] [usertable] [JOB 3] Compacted 1@1 + 5@2 files to L2 => 368444238 bytes
2018/10/23-20:50:12.721975 7f3075ffb700 (Original Log Time 2018/10/23-20:50:12.721891) [db/compaction_job.cc:685] [usertable] compacted to: base level 1 max bytes base 536870912 files[1 12 87 183 0 0 0] max score 1.06, MB/sec: 82.4 rd, 75.3 wr, level 2, files in(1, 5) out(6) MB in(64.3, 320.6) out(351.4), read-write-amplify(11.5) write-amplify(5.5) OK, records in: 97631, records dropped: 8455 output_compression: LZ4
2018/10/23-20:50:12.721981 7f3075ffb700 (Original Log Time 2018/10/23-20:50:12.721919) EVENT_LOG_v1 {"time_micros": 1540353012721906, "job": 3, "event": "compaction_finished", "compaction_time_micros": 4895174, "output_level": 2, "num_output_files": 6, "total_output_size": 368444238, "num_input_records": 97631, "num_output_records": 89176, "num_subcompactions": 1, "output_compression": "LZ4", "num_single_delete_mismatches": 0, "num_single_delete_fallthrough": 0, "lsm_state": [1, 12, 87, 183, 0, 0, 0]}
2018/10/23-20:50:12.722049 7f3075ffb700 [db/compaction_job.cc:1531] [usertable] [JOB 4] Compacting 1@1 + 6@2 files to L2, score 1.06
2018/10/23-20:50:12.722055 7f3075ffb700 [db/compaction_job.cc:1535] [usertable] Compaction start summary: Base version 6 Base level 1, inputs: [13295(64MB)], [13281(26MB) 13163(64MB) 13165(64MB) 13166(64MB) 13168(23MB) 12822(64MB)]
2018/10/23-20:50:12.722068 7f3075ffb700 EVENT_LOG_v1 {"time_micros": 1540353012722060, "job": 4, "event": "compaction_started", "compaction_reason": "LevelMaxLevelSize", "files_L1": [13295], "files_L2": [13281, 13163, 13165, 13166, 13168, 12822], "score": 1.05918, "input_data_size": 388339431}
2018/10/23-20:50:13.456926 7f3075ffb700 [db/compaction_job.cc:1211] [usertable] [JOB 4] Generated table #13335: 16279 keys, 67257147 bytes
2018/10/23-20:50:13.456972 7f3075ffb700 EVENT_LOG_v1 {"time_micros": 1540353013456953, "cf_name": "usertable", "job": 4, "event": "table_file_creation", "file_number": 13335, "file_size": 67257147, "table_properties": {"data_size": 67120115, "index_size": 299069, "filter_size": 0, "raw_key_size": 390696, "raw_average_key_size": 24, "raw_value_size": 66678784, "raw_average_value_size": 4096, "num_data_blocks": 8140, "num_entries": 16279, "filter_policy_name": "", "kDeletedKeys": "0", "kMergeOperands": "0"}}
2018/10/23-20:50:14.096718 7f3075ffb700 [db/compaction_job.cc:1211] [usertable] [JOB 4] Generated table #13336: 16279 keys, 67255581 bytes
2018/10/23-20:50:14.096795 7f3075ffb700 EVENT_LOG_v1 {"time_micros": 1540353014096776, "cf_name": "usertable", "job": 4, "event": "table_file_creation", "file_number": 13336, "file_size": 67255581, "table_properties": {"data_size": 67120579, "index_size": 298756, "filter_size": 0, "raw_key_size": 390696, "raw_average_key_size": 24, "raw_value_size": 66678784, "raw_average_value_size": 4096, "num_data_blocks": 8140, "num_entries": 16279, "filter_policy_name": "", "kDeletedKeys": "0", "kMergeOperands": "0"}}
2018/10/23-20:50:14.738039 7f3075ffb700 [db/compaction_job.cc:1211] [usertable] [JOB 4] Generated table #13337: 16279 keys, 67260819 bytes
