2019/03/23-18:19:41.131075 7f3a1a0f5700 RocksDB version: 5.14.3
2019/03/23-18:19:41.131138 7f3a1a0f5700 Git sha rocksdb_build_git_sha:
2019/03/23-18:19:41.131141 7f3a1a0f5700 Compile date Oct  9 2018
2019/03/23-18:19:41.131150 7f3a1a0f5700 DB SUMMARY
2019/03/23-18:19:41.131972 7f3a1a0f5700 CURRENT file:  CURRENT
2019/03/23-18:19:41.131975 7f3a1a0f5700 IDENTITY file:  IDENTITY
2019/03/23-18:19:41.131988 7f3a1a0f5700 MANIFEST file:  MANIFEST-000004 size: 128854 Bytes
2019/03/23-18:19:41.131991 7f3a1a0f5700 SST files in /mnt/sdg/ycsb-rocksdb-data dir, Total Num: 725, files: 000021.sst 000022.sst 000023.sst 000024.sst 000028.sst 000029.sst 000030.sst 000031.sst 000035.sst 
2019/03/23-18:19:41.131996 7f3a1a0f5700 Write Ahead Log file in /mnt/sdg/ycsb-rocksdb-data: 001308.log size: 109579607 ; 001314.log size: 22719250 ; 
2019/03/23-18:19:41.132022 7f3a1a0f5700                         Options.error_if_exists: 0
2019/03/23-18:19:41.132024 7f3a1a0f5700                       Options.create_if_missing: 1
2019/03/23-18:19:41.132025 7f3a1a0f5700                         Options.paranoid_checks: 1
2019/03/23-18:19:41.132026 7f3a1a0f5700                                     Options.env: 0x7f3a19770080
2019/03/23-18:19:41.132027 7f3a1a0f5700                                Options.info_log: 0x7f39b43db970
2019/03/23-18:19:41.132028 7f3a1a0f5700                Options.max_file_opening_threads: 16
2019/03/23-18:19:41.132029 7f3a1a0f5700                              Options.statistics: (nil)
2019/03/23-18:19:41.132030 7f3a1a0f5700                               Options.use_fsync: 0
2019/03/23-18:19:41.132031 7f3a1a0f5700                       Options.max_log_file_size: 0
2019/03/23-18:19:41.132032 7f3a1a0f5700                  Options.max_manifest_file_size: 18446744073709551615
2019/03/23-18:19:41.132033 7f3a1a0f5700                   Options.log_file_time_to_roll: 0
2019/03/23-18:19:41.132034 7f3a1a0f5700                       Options.keep_log_file_num: 1000
2019/03/23-18:19:41.132035 7f3a1a0f5700                    Options.recycle_log_file_num: 0
2019/03/23-18:19:41.132036 7f3a1a0f5700                         Options.allow_fallocate: 1
2019/03/23-18:19:41.132037 7f3a1a0f5700                        Options.allow_mmap_reads: 0
2019/03/23-18:19:41.132038 7f3a1a0f5700                       Options.allow_mmap_writes: 0
2019/03/23-18:19:41.132039 7f3a1a0f5700                        Options.use_direct_reads: 0
2019/03/23-18:19:41.132040 7f3a1a0f5700                        Options.use_direct_io_for_flush_and_compaction: 0
2019/03/23-18:19:41.132041 7f3a1a0f5700          Options.create_missing_column_families: 1
2019/03/23-18:19:41.132042 7f3a1a0f5700                              Options.db_log_dir: 
2019/03/23-18:19:41.132043 7f3a1a0f5700                                 Options.wal_dir: /mnt/sdg/ycsb-rocksdb-data
2019/03/23-18:19:41.132044 7f3a1a0f5700                Options.table_cache_numshardbits: 6
2019/03/23-18:19:41.132045 7f3a1a0f5700                      Options.max_subcompactions: 4
2019/03/23-18:19:41.132046 7f3a1a0f5700                  Options.max_background_flushes: 24
2019/03/23-18:19:41.132047 7f3a1a0f5700                         Options.WAL_ttl_seconds: 0
2019/03/23-18:19:41.132048 7f3a1a0f5700                       Options.WAL_size_limit_MB: 0
2019/03/23-18:19:41.132049 7f3a1a0f5700             Options.manifest_preallocation_size: 4194304
2019/03/23-18:19:41.132050 7f3a1a0f5700                     Options.is_fd_close_on_exec: 1
2019/03/23-18:19:41.132051 7f3a1a0f5700                   Options.advise_random_on_open: 1
2019/03/23-18:19:41.132052 7f3a1a0f5700                    Options.db_write_buffer_size: 0
2019/03/23-18:19:41.132053 7f3a1a0f5700                    Options.write_buffer_manager: 0x7f39b43dbc00
2019/03/23-18:19:41.132054 7f3a1a0f5700         Options.access_hint_on_compaction_start: 1
2019/03/23-18:19:41.132055 7f3a1a0f5700  Options.new_table_reader_for_compaction_inputs: 0
2019/03/23-18:19:41.132056 7f3a1a0f5700           Options.random_access_max_buffer_size: 1048576
2019/03/23-18:19:41.132057 7f3a1a0f5700                      Options.use_adaptive_mutex: 0
2019/03/23-18:19:41.132058 7f3a1a0f5700                            Options.rate_limiter: (nil)
2019/03/23-18:19:41.132073 7f3a1a0f5700     Options.sst_file_manager.rate_bytes_per_sec: 0
2019/03/23-18:19:41.132074 7f3a1a0f5700                       Options.wal_recovery_mode: 2
2019/03/23-18:19:41.132075 7f3a1a0f5700                  Options.enable_thread_tracking: 0
2019/03/23-18:19:41.132076 7f3a1a0f5700                  Options.enable_pipelined_write: 1
2019/03/23-18:19:41.132077 7f3a1a0f5700         Options.allow_concurrent_memtable_write: 1
2019/03/23-18:19:41.132078 7f3a1a0f5700      Options.enable_write_thread_adaptive_yield: 1
2019/03/23-18:19:41.132079 7f3a1a0f5700             Options.write_thread_max_yield_usec: 100
2019/03/23-18:19:41.132080 7f3a1a0f5700            Options.write_thread_slow_yield_usec: 3
2019/03/23-18:19:41.132081 7f3a1a0f5700                               Options.row_cache: None
2019/03/23-18:19:41.132082 7f3a1a0f5700                              Options.wal_filter: None
2019/03/23-18:19:41.132083 7f3a1a0f5700             Options.avoid_flush_during_recovery: 0
2019/03/23-18:19:41.132084 7f3a1a0f5700             Options.allow_ingest_behind: 0
2019/03/23-18:19:41.132085 7f3a1a0f5700             Options.preserve_deletes: 0
2019/03/23-18:19:41.132086 7f3a1a0f5700             Options.two_write_queues: 0
2019/03/23-18:19:41.132087 7f3a1a0f5700             Options.manual_wal_flush: 0
2019/03/23-18:19:41.132089 7f3a1a0f5700             Options.max_background_jobs: 24
2019/03/23-18:19:41.132090 7f3a1a0f5700             Options.max_background_compactions: 24
2019/03/23-18:19:41.132091 7f3a1a0f5700             Options.avoid_flush_during_shutdown: 0
2019/03/23-18:19:41.132092 7f3a1a0f5700           Options.writable_file_max_buffer_size: 1048576
2019/03/23-18:19:41.132093 7f3a1a0f5700             Options.delayed_write_rate : 16777216
2019/03/23-18:19:41.132095 7f3a1a0f5700             Options.max_total_wal_size: 0
2019/03/23-18:19:41.132096 7f3a1a0f5700             Options.delete_obsolete_files_period_micros: 21600000000
2019/03/23-18:19:41.132097 7f3a1a0f5700                   Options.stats_dump_period_sec: 60
2019/03/23-18:19:41.132098 7f3a1a0f5700                          Options.max_open_files: -1
2019/03/23-18:19:41.132099 7f3a1a0f5700                          Options.bytes_per_sync: 1048576
2019/03/23-18:19:41.132100 7f3a1a0f5700                      Options.wal_bytes_per_sync: 0
2019/03/23-18:19:41.132101 7f3a1a0f5700       Options.compaction_readahead_size: 0
2019/03/23-18:19:41.132102 7f3a1a0f5700 Compression algorithms supported:
2019/03/23-18:19:41.132103 7f3a1a0f5700 	kZSTDNotFinalCompression supported: 1
2019/03/23-18:19:41.132112 7f3a1a0f5700 	kZSTD supported: 1
2019/03/23-18:19:41.132113 7f3a1a0f5700 	kXpressCompression supported: 0
2019/03/23-18:19:41.132115 7f3a1a0f5700 	kLZ4HCCompression supported: 1
2019/03/23-18:19:41.132116 7f3a1a0f5700 	kLZ4Compression supported: 1
2019/03/23-18:19:41.132117 7f3a1a0f5700 	kBZip2Compression supported: 1
2019/03/23-18:19:41.132118 7f3a1a0f5700 	kZlibCompression supported: 1
2019/03/23-18:19:41.132120 7f3a1a0f5700 	kSnappyCompression supported: 1
2019/03/23-18:19:41.132124 7f3a1a0f5700 Fast CRC32 supported: Not supported on x86
2019/03/23-18:19:41.132571 7f3a1a0f5700 [db/version_set.cc:3085] Recovering from manifest file: MANIFEST-000004
2019/03/23-18:19:41.132685 7f3a1a0f5700 [db/column_family.cc:475] --------------- Options for column family [default]:
2019/03/23-18:19:41.132689 7f3a1a0f5700               Options.comparator: leveldb.BytewiseComparator
2019/03/23-18:19:41.132690 7f3a1a0f5700           Options.merge_operator: None
2019/03/23-18:19:41.132691 7f3a1a0f5700        Options.compaction_filter: None
2019/03/23-18:19:41.132692 7f3a1a0f5700        Options.compaction_filter_factory: None
2019/03/23-18:19:41.132693 7f3a1a0f5700         Options.memtable_factory: SkipListFactory
2019/03/23-18:19:41.132695 7f3a1a0f5700            Options.table_factory: BlockBasedTable
2019/03/23-18:19:41.132719 7f3a1a0f5700            table_factory options:   flush_block_policy_factory: FlushBlockBySizePolicyFactory (0x7f39b43dc920)
  cache_index_and_filter_blocks: 0
  cache_index_and_filter_blocks_with_high_priority: 0
  pin_l0_filter_and_index_blocks_in_cache: 0
  index_type: 0
  hash_index_allow_collision: 1
  checksum: 1
  no_block_cache: 0
  block_cache: 0x7f39b43ce800
  block_cache_name: LRUCache
  block_cache_options:
    capacity : 8388608
    num_shard_bits : 4
    strict_capacity_limit : 0
    high_pri_pool_ratio: 0.000
  block_cache_compressed: (nil)
  persistent_cache: (nil)
  block_size: 8192
  block_size_deviation: 10
  block_restart_interval: 16
  index_block_restart_interval: 1
  metadata_block_size: 4096
  partition_filters: 0
  use_delta_encoding: 1
  filter_policy: nullptr
  whole_key_filtering: 1
  verify_compression: 0
  read_amp_bytes_per_bit: 0
  format_version: 2
  enable_index_compression: 1
  block_align: 0
2019/03/23-18:19:41.132732 7f3a1a0f5700        Options.write_buffer_size: 134217728
2019/03/23-18:19:41.132734 7f3a1a0f5700  Options.max_write_buffer_number: 24
2019/03/23-18:19:41.132736 7f3a1a0f5700        Options.compression[0]: NoCompression
2019/03/23-18:19:41.132737 7f3a1a0f5700        Options.compression[1]: NoCompression
2019/03/23-18:19:41.132738 7f3a1a0f5700        Options.compression[2]: LZ4
2019/03/23-18:19:41.132739 7f3a1a0f5700        Options.compression[3]: LZ4
2019/03/23-18:19:41.132740 7f3a1a0f5700        Options.compression[4]: LZ4
2019/03/23-18:19:41.132742 7f3a1a0f5700        Options.compression[5]: LZ4
2019/03/23-18:19:41.132743 7f3a1a0f5700        Options.compression[6]: LZ4
2019/03/23-18:19:41.132744 7f3a1a0f5700                  Options.bottommost_compression: Disabled
2019/03/23-18:19:41.132745 7f3a1a0f5700       Options.prefix_extractor: nullptr
2019/03/23-18:19:41.132746 7f3a1a0f5700   Options.memtable_insert_with_hint_prefix_extractor: nullptr
2019/03/23-18:19:41.132747 7f3a1a0f5700             Options.num_levels: 7
2019/03/23-18:19:41.132748 7f3a1a0f5700        Options.min_write_buffer_number_to_merge: 2
2019/03/23-18:19:41.132749 7f3a1a0f5700     Options.max_write_buffer_number_to_maintain: 0
2019/03/23-18:19:41.132750 7f3a1a0f5700            Options.compression_opts.window_bits: -14
2019/03/23-18:19:41.132751 7f3a1a0f5700                  Options.compression_opts.level: -1
2019/03/23-18:19:41.132752 7f3a1a0f5700               Options.compression_opts.strategy: 0
2019/03/23-18:19:41.132753 7f3a1a0f5700         Options.compression_opts.max_dict_bytes: 0
2019/03/23-18:19:41.132754 7f3a1a0f5700         Options.compression_opts.zstd_max_train_bytes: 0
2019/03/23-18:19:41.132755 7f3a1a0f5700      Options.level0_file_num_compaction_trigger: 2
2019/03/23-18:19:41.132756 7f3a1a0f5700          Options.level0_slowdown_writes_trigger: 20
2019/03/23-18:19:41.132757 7f3a1a0f5700              Options.level0_stop_writes_trigger: 36
2019/03/23-18:19:41.132758 7f3a1a0f5700                   Options.target_file_size_base: 67108864
2019/03/23-18:19:41.132759 7f3a1a0f5700             Options.target_file_size_multiplier: 1
2019/03/23-18:19:41.132760 7f3a1a0f5700                Options.max_bytes_for_level_base: 536870912
2019/03/23-18:19:41.132761 7f3a1a0f5700 Options.level_compaction_dynamic_level_bytes: 0
2019/03/23-18:19:41.132762 7f3a1a0f5700          Options.max_bytes_for_level_multiplier: 10.000000
2019/03/23-18:19:41.132765 7f3a1a0f5700 Options.max_bytes_for_level_multiplier_addtl[0]: 1
2019/03/23-18:19:41.132766 7f3a1a0f5700 Options.max_bytes_for_level_multiplier_addtl[1]: 1
2019/03/23-18:19:41.132767 7f3a1a0f5700 Options.max_bytes_for_level_multiplier_addtl[2]: 1
2019/03/23-18:19:41.132768 7f3a1a0f5700 Options.max_bytes_for_level_multiplier_addtl[3]: 1
2019/03/23-18:19:41.132769 7f3a1a0f5700 Options.max_bytes_for_level_multiplier_addtl[4]: 1
2019/03/23-18:19:41.132770 7f3a1a0f5700 Options.max_bytes_for_level_multiplier_addtl[5]: 1
2019/03/23-18:19:41.132771 7f3a1a0f5700 Options.max_bytes_for_level_multiplier_addtl[6]: 1
2019/03/23-18:19:41.132772 7f3a1a0f5700       Options.max_sequential_skip_in_iterations: 8
2019/03/23-18:19:41.132773 7f3a1a0f5700                    Options.max_compaction_bytes: 1677721600
2019/03/23-18:19:41.132779 7f3a1a0f5700                        Options.arena_block_size: 16777216
2019/03/23-18:19:41.132781 7f3a1a0f5700   Options.soft_pending_compaction_bytes_limit: 68719476736
2019/03/23-18:19:41.132782 7f3a1a0f5700   Options.hard_pending_compaction_bytes_limit: 274877906944
2019/03/23-18:19:41.132783 7f3a1a0f5700       Options.rate_limit_delay_max_milliseconds: 100
2019/03/23-18:19:41.132784 7f3a1a0f5700                Options.disable_auto_compactions: 0
2019/03/23-18:19:41.132786 7f3a1a0f5700                        Options.compaction_style: kCompactionStyleLevel
2019/03/23-18:19:41.132787 7f3a1a0f5700                          Options.compaction_pri: kByCompensatedSize
2019/03/23-18:19:41.132788 7f3a1a0f5700 Options.compaction_options_universal.size_ratio: 1
2019/03/23-18:19:41.132789 7f3a1a0f5700 Options.compaction_options_universal.min_merge_width: 2
2019/03/23-18:19:41.132790 7f3a1a0f5700 Options.compaction_options_universal.max_merge_width: 4294967295
2019/03/23-18:19:41.132791 7f3a1a0f5700 Options.compaction_options_universal.max_size_amplification_percent: 200
2019/03/23-18:19:41.132793 7f3a1a0f5700 Options.compaction_options_universal.compression_size_percent: -1
2019/03/23-18:19:41.132794 7f3a1a0f5700 Options.compaction_options_universal.stop_style: kCompactionStopStyleTotalSize
2019/03/23-18:19:41.132795 7f3a1a0f5700 Options.compaction_options_fifo.max_table_files_size: 1073741824
2019/03/23-18:19:41.132796 7f3a1a0f5700 Options.compaction_options_fifo.allow_compaction: 0
2019/03/23-18:19:41.132797 7f3a1a0f5700 Options.compaction_options_fifo.ttl: 0
2019/03/23-18:19:41.132798 7f3a1a0f5700                   Options.table_properties_collectors: 
2019/03/23-18:19:41.132799 7f3a1a0f5700                   Options.inplace_update_support: 0
2019/03/23-18:19:41.132800 7f3a1a0f5700                 Options.inplace_update_num_locks: 10000
2019/03/23-18:19:41.132801 7f3a1a0f5700               Options.memtable_prefix_bloom_size_ratio: 0.000000
2019/03/23-18:19:41.132802 7f3a1a0f5700   Options.memtable_huge_page_size: 0
2019/03/23-18:19:41.132804 7f3a1a0f5700                           Options.bloom_locality: 0
2019/03/23-18:19:41.132804 7f3a1a0f5700                    Options.max_successive_merges: 0
2019/03/23-18:19:41.132805 7f3a1a0f5700                Options.optimize_filters_for_hits: 0
2019/03/23-18:19:41.132806 7f3a1a0f5700                Options.paranoid_file_checks: 0
2019/03/23-18:19:41.132807 7f3a1a0f5700                Options.force_consistency_checks: 0
2019/03/23-18:19:41.132808 7f3a1a0f5700                Options.report_bg_io_stats: 0
2019/03/23-18:19:41.132809 7f3a1a0f5700                               Options.ttl: 0
2019/03/23-18:19:41.133282 7f3a1a0f5700 [db/column_family.cc:475] --------------- Options for column family [usertable]:
2019/03/23-18:19:41.133285 7f3a1a0f5700               Options.comparator: leveldb.BytewiseComparator
2019/03/23-18:19:41.133286 7f3a1a0f5700           Options.merge_operator: None
2019/03/23-18:19:41.133287 7f3a1a0f5700        Options.compaction_filter: None
2019/03/23-18:19:41.133288 7f3a1a0f5700        Options.compaction_filter_factory: None
2019/03/23-18:19:41.133289 7f3a1a0f5700         Options.memtable_factory: SkipListFactory
2019/03/23-18:19:41.133290 7f3a1a0f5700            Options.table_factory: BlockBasedTable
2019/03/23-18:19:41.133313 7f3a1a0f5700            table_factory options:   flush_block_policy_factory: FlushBlockBySizePolicyFactory (0x7f39b43df800)
  cache_index_and_filter_blocks: 0
  cache_index_and_filter_blocks_with_high_priority: 0
  pin_l0_filter_and_index_blocks_in_cache: 0
  index_type: 0
  hash_index_allow_collision: 1
  checksum: 1
  no_block_cache: 0
  block_cache: 0x7f39b43de290
  block_cache_name: LRUCache
  block_cache_options:
    capacity : 8388608
    num_shard_bits : 4
    strict_capacity_limit : 0
    high_pri_pool_ratio: 0.000
  block_cache_compressed: (nil)
  persistent_cache: (nil)
  block_size: 8192
  block_size_deviation: 10
  block_restart_interval: 16
  index_block_restart_interval: 1
  metadata_block_size: 4096
  partition_filters: 0
  use_delta_encoding: 1
  filter_policy: nullptr
  whole_key_filtering: 1
  verify_compression: 0
  read_amp_bytes_per_bit: 0
  format_version: 2
  enable_index_compression: 1
  block_align: 0
2019/03/23-18:19:41.133324 7f3a1a0f5700        Options.write_buffer_size: 134217728
2019/03/23-18:19:41.133326 7f3a1a0f5700  Options.max_write_buffer_number: 24
2019/03/23-18:19:41.133327 7f3a1a0f5700        Options.compression[0]: NoCompression
2019/03/23-18:19:41.133328 7f3a1a0f5700        Options.compression[1]: NoCompression
2019/03/23-18:19:41.133330 7f3a1a0f5700        Options.compression[2]: LZ4
2019/03/23-18:19:41.133331 7f3a1a0f5700        Options.compression[3]: LZ4
2019/03/23-18:19:41.133332 7f3a1a0f5700        Options.compression[4]: LZ4
2019/03/23-18:19:41.133333 7f3a1a0f5700        Options.compression[5]: LZ4
2019/03/23-18:19:41.133334 7f3a1a0f5700        Options.compression[6]: LZ4
2019/03/23-18:19:41.133335 7f3a1a0f5700                  Options.bottommost_compression: Disabled
2019/03/23-18:19:41.133336 7f3a1a0f5700       Options.prefix_extractor: nullptr
2019/03/23-18:19:41.133337 7f3a1a0f5700   Options.memtable_insert_with_hint_prefix_extractor: nullptr
2019/03/23-18:19:41.133338 7f3a1a0f5700             Options.num_levels: 7
2019/03/23-18:19:41.133339 7f3a1a0f5700        Options.min_write_buffer_number_to_merge: 2
2019/03/23-18:19:41.133340 7f3a1a0f5700     Options.max_write_buffer_number_to_maintain: 0
2019/03/23-18:19:41.133341 7f3a1a0f5700            Options.compression_opts.window_bits: -14
2019/03/23-18:19:41.133342 7f3a1a0f5700                  Options.compression_opts.level: -1
2019/03/23-18:19:41.133343 7f3a1a0f5700               Options.compression_opts.strategy: 0
2019/03/23-18:19:41.133344 7f3a1a0f5700         Options.compression_opts.max_dict_bytes: 0
2019/03/23-18:19:41.133345 7f3a1a0f5700         Options.compression_opts.zstd_max_train_bytes: 0
2019/03/23-18:19:41.133346 7f3a1a0f5700      Options.level0_file_num_compaction_trigger: 2
2019/03/23-18:19:41.133347 7f3a1a0f5700          Options.level0_slowdown_writes_trigger: 20
2019/03/23-18:19:41.133348 7f3a1a0f5700              Options.level0_stop_writes_trigger: 36
2019/03/23-18:19:41.133349 7f3a1a0f5700                   Options.target_file_size_base: 67108864
2019/03/23-18:19:41.133350 7f3a1a0f5700             Options.target_file_size_multiplier: 1
2019/03/23-18:19:41.133350 7f3a1a0f5700                Options.max_bytes_for_level_base: 536870912
2019/03/23-18:19:41.133351 7f3a1a0f5700 Options.level_compaction_dynamic_level_bytes: 0
2019/03/23-18:19:41.133352 7f3a1a0f5700          Options.max_bytes_for_level_multiplier: 10.000000
2019/03/23-18:19:41.133355 7f3a1a0f5700 Options.max_bytes_for_level_multiplier_addtl[0]: 1
2019/03/23-18:19:41.133356 7f3a1a0f5700 Options.max_bytes_for_level_multiplier_addtl[1]: 1
2019/03/23-18:19:41.133357 7f3a1a0f5700 Options.max_bytes_for_level_multiplier_addtl[2]: 1
2019/03/23-18:19:41.133358 7f3a1a0f5700 Options.max_bytes_for_level_multiplier_addtl[3]: 1
2019/03/23-18:19:41.133359 7f3a1a0f5700 Options.max_bytes_for_level_multiplier_addtl[4]: 1
2019/03/23-18:19:41.133360 7f3a1a0f5700 Options.max_bytes_for_level_multiplier_addtl[5]: 1
2019/03/23-18:19:41.133361 7f3a1a0f5700 Options.max_bytes_for_level_multiplier_addtl[6]: 1
2019/03/23-18:19:41.133362 7f3a1a0f5700       Options.max_sequential_skip_in_iterations: 8
2019/03/23-18:19:41.133363 7f3a1a0f5700                    Options.max_compaction_bytes: 1677721600
2019/03/23-18:19:41.133364 7f3a1a0f5700                        Options.arena_block_size: 16777216
2019/03/23-18:19:41.133365 7f3a1a0f5700   Options.soft_pending_compaction_bytes_limit: 68719476736
2019/03/23-18:19:41.133366 7f3a1a0f5700   Options.hard_pending_compaction_bytes_limit: 274877906944
2019/03/23-18:19:41.133367 7f3a1a0f5700       Options.rate_limit_delay_max_milliseconds: 100
2019/03/23-18:19:41.133368 7f3a1a0f5700                Options.disable_auto_compactions: 0
2019/03/23-18:19:41.133369 7f3a1a0f5700                        Options.compaction_style: kCompactionStyleLevel
2019/03/23-18:19:41.133375 7f3a1a0f5700                          Options.compaction_pri: kByCompensatedSize
2019/03/23-18:19:41.133377 7f3a1a0f5700 Options.compaction_options_universal.size_ratio: 1
2019/03/23-18:19:41.133378 7f3a1a0f5700 Options.compaction_options_universal.min_merge_width: 2
2019/03/23-18:19:41.133379 7f3a1a0f5700 Options.compaction_options_universal.max_merge_width: 4294967295
2019/03/23-18:19:41.133380 7f3a1a0f5700 Options.compaction_options_universal.max_size_amplification_percent: 200
2019/03/23-18:19:41.133381 7f3a1a0f5700 Options.compaction_options_universal.compression_size_percent: -1
2019/03/23-18:19:41.133382 7f3a1a0f5700 Options.compaction_options_universal.stop_style: kCompactionStopStyleTotalSize
2019/03/23-18:19:41.133383 7f3a1a0f5700 Options.compaction_options_fifo.max_table_files_size: 1073741824
2019/03/23-18:19:41.133384 7f3a1a0f5700 Options.compaction_options_fifo.allow_compaction: 0
2019/03/23-18:19:41.133385 7f3a1a0f5700 Options.compaction_options_fifo.ttl: 0
2019/03/23-18:19:41.133386 7f3a1a0f5700                   Options.table_properties_collectors: 
2019/03/23-18:19:41.133387 7f3a1a0f5700                   Options.inplace_update_support: 0
2019/03/23-18:19:41.133388 7f3a1a0f5700                 Options.inplace_update_num_locks: 10000
2019/03/23-18:19:41.133389 7f3a1a0f5700               Options.memtable_prefix_bloom_size_ratio: 0.000000
2019/03/23-18:19:41.133390 7f3a1a0f5700   Options.memtable_huge_page_size: 0
2019/03/23-18:19:41.133391 7f3a1a0f5700                           Options.bloom_locality: 0
2019/03/23-18:19:41.133392 7f3a1a0f5700                    Options.max_successive_merges: 0
2019/03/23-18:19:41.133393 7f3a1a0f5700                Options.optimize_filters_for_hits: 0
2019/03/23-18:19:41.133394 7f3a1a0f5700                Options.paranoid_file_checks: 0
2019/03/23-18:19:41.133395 7f3a1a0f5700                Options.force_consistency_checks: 0
2019/03/23-18:19:41.133396 7f3a1a0f5700                Options.report_bg_io_stats: 0
2019/03/23-18:19:41.133397 7f3a1a0f5700                               Options.ttl: 0
2019/03/23-18:19:41.683443 7f3a1a0f5700 [db/version_set.cc:3361] Recovered from manifest file:/mnt/sdg/ycsb-rocksdb-data/MANIFEST-000004 succeeded,manifest_file_number is 4, next_file_number is 1315, last_sequence is 10428608, log_number is 0,prev_log_number is 0,max_column_family is 1,min_log_number_to_keep is 0
2019/03/23-18:19:41.683451 7f3a1a0f5700 [db/version_set.cc:3369] Column family [default] (ID 0), log number is 0
2019/03/23-18:19:41.683453 7f3a1a0f5700 [db/version_set.cc:3369] Column family [usertable] (ID 1), log number is 1308
2019/03/23-18:19:41.685439 7f3a1a0f5700 EVENT_LOG_v1 {"time_micros": 1553390381685426, "job": 1, "event": "recovery_started", "log_files": [1308, 1314]}
2019/03/23-18:19:41.685446 7f3a1a0f5700 [db/db_impl_open.cc:551] Recovering log #1308 mode 2
2019/03/23-18:19:42.003444 7f3a1a0f5700 [db/db_impl_open.cc:551] Recovering log #1314 mode 2
2019/03/23-18:19:42.593818 7f3a1a0f5700 EVENT_LOG_v1 {"time_micros": 1553390382593791, "cf_name": "usertable", "job": 1, "event": "table_file_creation", "file_number": 1315, "file_size": 129895352, "table_properties": {"data_size": 129317909, "index_size": 576521, "filter_size": 0, "raw_key_size": 752760, "raw_average_key_size": 24, "raw_value_size": 128471040, "raw_average_value_size": 4096, "num_data_blocks": 15683, "num_entries": 31365, "filter_policy_name": "", "kDeletedKeys": "0", "kMergeOperands": "0"}}
2019/03/23-18:19:42.607681 7f3a1a0f5700 [db/version_set.cc:2847] Creating manifest 1316
2019/03/23-18:19:42.706726 7f3a1a0f5700 EVENT_LOG_v1 {"time_micros": 1553390382706700, "cf_name": "usertable", "job": 1, "event": "table_file_creation", "file_number": 1317, "file_size": 2551886, "table_properties": {"data_size": 2539835, "index_size": 11132, "filter_size": 0, "raw_key_size": 14784, "raw_average_key_size": 24, "raw_value_size": 2523136, "raw_average_value_size": 4096, "num_data_blocks": 308, "num_entries": 616, "filter_policy_name": "", "kDeletedKeys": "0", "kMergeOperands": "0"}}
2019/03/23-18:19:42.735367 7f3a1a0f5700 EVENT_LOG_v1 {"time_micros": 1553390382735359, "job": 1, "event": "recovery_finished"}
2019/03/23-18:19:42.793020 7f3a1a0f5700 [db/db_impl_open.cc:1219] DB pointer 0x7f39b43e22b0
2019/03/23-18:19:42.793328 7f3a18e75700 [WARN] [db/db_impl.cc:491] ------- DUMPING STATS -------
2019/03/23-18:19:42.793374 7f3a18e75700 [WARN] [db/db_impl.cc:492] 
** DB Stats **
Uptime(secs): 1.7 total, 1.7 interval
Cumulative writes: 0 writes, 0 keys, 0 commit groups, 0.0 writes per commit group, ingest: 0.00 GB, 0.00 MB/s
Cumulative WAL: 0 writes, 0 syncs, 0.00 writes per sync, written: 0.00 GB, 0.00 MB/s
Cumulative stall: 00:00:0.000 H:M:S, 0.0 percent
Interval writes: 0 writes, 0 keys, 0 commit groups, 0.0 writes per commit group, ingest: 0.00 MB, 0.00 MB/s
Interval WAL: 0 writes, 0 syncs, 0.00 writes per sync, written: 0.00 MB, 0.00 MB/s
Interval stall: 00:00:0.000 H:M:S, 0.0 percent

** Compaction Stats [default] **
Level    Files   Size     Score Read(GB)  Rn(GB) Rnp1(GB) Write(GB) Wnew(GB) Moved(GB) W-Amp Rd(MB/s) Wr(MB/s) Comp(sec) Comp(cnt) Avg(sec) KeyIn KeyDrop
----------------------------------------------------------------------------------------------------------------------------------------------------------
 Sum      0/0    0.00 KB   0.0      0.0     0.0      0.0       0.0      0.0       0.0   0.0      0.0      0.0         0         0    0.000       0      0
 Int      0/0    0.00 KB   0.0      0.0     0.0      0.0       0.0      0.0       0.0   0.0      0.0      0.0         0         0    0.000       0      0
Uptime(secs): 1.7 total, 1.7 interval
Flush(GB): cumulative 0.000, interval 0.000
AddFile(GB): cumulative 0.000, interval 0.000
AddFile(Total Files): cumulative 0, interval 0
AddFile(L0 Files): cumulative 0, interval 0
AddFile(Keys): cumulative 0, interval 0
Cumulative compaction: 0.00 GB write, 0.00 MB/s write, 0.00 GB read, 0.00 MB/s read, 0.0 seconds
Interval compaction: 0.00 GB write, 0.00 MB/s write, 0.00 GB read, 0.00 MB/s read, 0.0 seconds
Stalls(count): 0 level0_slowdown, 0 level0_slowdown_with_compaction, 0 level0_numfiles, 0 level0_numfiles_with_compaction, 0 stop for pending_compaction_bytes, 0 slowdown for pending_compaction_bytes, 0 memtable_compaction, 0 memtable_slowdown, interval 0 total count

** File Read Latency Histogram By Level [default] **

** Compaction Stats [usertable] **
Level    Files   Size     Score Read(GB)  Rn(GB) Rnp1(GB) Write(GB) Wnew(GB) Moved(GB) W-Amp Rd(MB/s) Wr(MB/s) Comp(sec) Comp(cnt) Avg(sec) KeyIn KeyDrop
----------------------------------------------------------------------------------------------------------------------------------------------------------
  L0      3/0   313.79 MB   1.5      0.0     0.0      0.0       0.1      0.1       0.0   1.0      0.0    220.9         1         2    0.286       0      0
  L1      2/0   394.91 MB   0.8      0.0     0.0      0.0       0.0      0.0       0.0   0.0      0.0      0.0         0         0    0.000       0      0
  L2    171/0    4.98 GB   1.0      0.0     0.0      0.0       0.0      0.0       0.0   0.0      0.0      0.0         0         0    0.000       0      0
  L3    551/0   34.50 GB   0.7      0.0     0.0      0.0       0.0      0.0       0.0   0.0      0.0      0.0         0         0    0.000       0      0
 Sum    727/0   40.18 GB   0.0      0.0     0.0      0.0       0.1      0.1       0.0   1.0      0.0    220.9         1         2    0.286       0      0
 Int      0/0    0.00 KB   0.0      0.0     0.0      0.0       0.1      0.1       0.0   1.0      0.0    220.9         1         2    0.286       0      0
Uptime(secs): 1.7 total, 1.7 interval
Flush(GB): cumulative 0.123, interval 0.123
AddFile(GB): cumulative 0.000, interval 0.000
AddFile(Total Files): cumulative 0, interval 0
AddFile(L0 Files): cumulative 0, interval 0
AddFile(Keys): cumulative 0, interval 0
Cumulative compaction: 0.12 GB write, 76.09 MB/s write, 0.00 GB read, 0.00 MB/s read, 0.6 seconds
Interval compaction: 0.12 GB write, 76.09 MB/s write, 0.00 GB read, 0.00 MB/s read, 0.6 seconds
Stalls(count): 0 level0_slowdown, 0 level0_slowdown_with_compaction, 0 level0_numfiles, 0 level0_numfiles_with_compaction, 0 stop for pending_compaction_bytes, 0 slowdown for pending_compaction_bytes, 0 memtable_compaction, 0 memtable_slowdown, interval 0 total count

** File Read Latency Histogram By Level [usertable] **

** Compaction Stats [default] **
Level    Files   Size     Score Read(GB)  Rn(GB) Rnp1(GB) Write(GB) Wnew(GB) Moved(GB) W-Amp Rd(MB/s) Wr(MB/s) Comp(sec) Comp(cnt) Avg(sec) KeyIn KeyDrop
----------------------------------------------------------------------------------------------------------------------------------------------------------
 Sum      0/0    0.00 KB   0.0      0.0     0.0      0.0       0.0      0.0       0.0   0.0      0.0      0.0         0         0    0.000       0      0
 Int      0/0    0.00 KB   0.0      0.0     0.0      0.0       0.0      0.0       0.0   0.0      0.0      0.0         0         0    0.000       0      0
Uptime(secs): 1.7 total, 0.0 interval
Flush(GB): cumulative 0.000, interval 0.000
AddFile(GB): cumulative 0.000, interval 0.000
AddFile(Total Files): cumulative 0, interval 0
AddFile(L0 Files): cumulative 0, interval 0
AddFile(Keys): cumulative 0, interval 0
Cumulative compaction: 0.00 GB write, 0.00 MB/s write, 0.00 GB read, 0.00 MB/s read, 0.0 seconds
Interval compaction: 0.00 GB write, 0.00 MB/s write, 0.00 GB read, 0.00 MB/s read, 0.0 seconds
Stalls(count): 0 level0_slowdown, 0 level0_slowdown_with_compaction, 0 level0_numfiles, 0 level0_numfiles_with_compaction, 0 stop for pending_compaction_bytes, 0 slowdown for pending_compaction_bytes, 0 memtable_compaction, 0 memtable_slowdown, interval 0 total count

** File Read Latency Histogram By Level [default] **

** Compaction Stats [usertable] **
Level    Files   Size     Score Read(GB)  Rn(GB) Rnp1(GB) Write(GB) Wnew(GB) Moved(GB) W-Amp Rd(MB/s) Wr(MB/s) Comp(sec) Comp(cnt) Avg(sec) KeyIn KeyDrop
----------------------------------------------------------------------------------------------------------------------------------------------------------
  L0      3/0   313.79 MB   1.5      0.0     0.0      0.0       0.1      0.1       0.0   1.0      0.0    220.9         1         2    0.286       0      0
  L1      2/0   394.91 MB   0.8      0.0     0.0      0.0       0.0      0.0       0.0   0.0      0.0      0.0         0         0    0.000       0      0
  L2    171/0    4.98 GB   1.0      0.0     0.0      0.0       0.0      0.0       0.0   0.0      0.0      0.0         0         0    0.000       0      0
  L3    551/0   34.50 GB   0.7      0.0     0.0      0.0       0.0      0.0       0.0   0.0      0.0      0.0         0         0    0.000       0      0
 Sum    727/0   40.18 GB   0.0      0.0     0.0      0.0       0.1      0.1       0.0   1.0      0.0    220.9         1         2    0.286       0      0
 Int      0/0    0.00 KB   0.0      0.0     0.0      0.0       0.0      0.0       0.0   0.0      0.0      0.0         0         0    0.000       0      0
Uptime(secs): 1.7 total, 0.0 interval
Flush(GB): cumulative 0.123, interval 0.000
AddFile(GB): cumulative 0.000, interval 0.000
AddFile(Total Files): cumulative 0, interval 0
AddFile(L0 Files): cumulative 0, interval 0
AddFile(Keys): cumulative 0, interval 0
Cumulative compaction: 0.12 GB write, 76.09 MB/s write, 0.00 GB read, 0.00 MB/s read, 0.6 seconds
Interval compaction: 0.00 GB write, 0.00 MB/s write, 0.00 GB read, 0.00 MB/s read, 0.0 seconds
Stalls(count): 0 level0_slowdown, 0 level0_slowdown_with_compaction, 0 level0_numfiles, 0 level0_numfiles_with_compaction, 0 stop for pending_compaction_bytes, 0 slowdown for pending_compaction_bytes, 0 memtable_compaction, 0 memtable_slowdown, interval 0 total count

** File Read Latency Histogram By Level [usertable] **
2019/03/23-18:19:42.823716 7f3a18e75700 (Original Log Time 2019/03/23-18:19:42.793493) [db/db_impl_compaction_flush.cc:1835] [usertable] Moving #818 to level-1 196590551 bytes
2019/03/23-18:19:42.823721 7f3a18e75700 (Original Log Time 2019/03/23-18:19:42.823613) EVENT_LOG_v1 {"time_micros": 1553390382823601, "job": 3, "event": "trivial_move", "destination_level": 1, "files": 1, "total_files_size": 196590551}
2019/03/23-18:19:42.823723 7f3a18e75700 (Original Log Time 2019/03/23-18:19:42.823628) [db/db_impl_compaction_flush.cc:1864] [usertable] Moved #1 files to level-1 196590551 bytes OK: base level 1 max bytes base 536870912 files[2 3 171 551 0 0 0] max score 1.14
2019/03/23-18:19:42.823808 7f3a18e75700 [db/compaction_job.cc:1531] [usertable] [JOB 4] Compacting 1@1 files to L2, score 1.14
2019/03/23-18:19:42.823814 7f3a18e75700 [db/compaction_job.cc:1535] [usertable] Compaction start summary: Base version 6 Base level 1, inputs: [783(199MB)]
2019/03/23-18:19:42.823836 7f3a18e75700 EVENT_LOG_v1 {"time_micros": 1553390382823820, "job": 4, "event": "compaction_started", "compaction_reason": "LevelMaxLevelSize", "files_L1": [783], "score": 1.13749, "input_data_size": 209215346}
2019/03/23-18:19:43.573981 7f3a18e75700 [db/compaction_job.cc:1211] [usertable] [JOB 4] Generated table #1321: 16279 keys, 67233351 bytes
2019/03/23-18:19:43.574020 7f3a18e75700 EVENT_LOG_v1 {"time_micros": 1553390383574004, "cf_name": "usertable", "job": 4, "event": "table_file_creation", "file_number": 1321, "file_size": 67233351, "table_properties": {"data_size": 67118331, "index_size": 299108, "filter_size": 0, "raw_key_size": 390696, "raw_average_key_size": 24, "raw_value_size": 66678784, "raw_average_value_size": 4096, "num_data_blocks": 8140, "num_entries": 16279, "filter_policy_name": "", "kDeletedKeys": "0", "kMergeOperands": "0"}}
2019/03/23-18:19:45.092620 7f3a18e75700 [db/compaction_job.cc:1211] [usertable] [JOB 4] Generated table #1322: 16279 keys, 67233581 bytes
2019/03/23-18:19:45.092661 7f3a18e75700 EVENT_LOG_v1 {"time_micros": 1553390385092643, "cf_name": "usertable", "job": 4, "event": "table_file_creation", "file_number": 1322, "file_size": 67233581, "table_properties": {"data_size": 67120141, "index_size": 300916, "filter_size": 0, "raw_key_size": 390696, "raw_average_key_size": 24, "raw_value_size": 66678784, "raw_average_value_size": 4096, "num_data_blocks": 8140, "num_entries": 16279, "filter_policy_name": "", "kDeletedKeys": "0", "kMergeOperands": "0"}}
2019/03/23-18:19:45.843209 7f3a18e75700 [db/compaction_job.cc:1211] [usertable] [JOB 4] Generated table #1323: 16279 keys, 67233317 bytes
2019/03/23-18:19:45.843251 7f3a18e75700 EVENT_LOG_v1 {"time_micros": 1553390385843234, "cf_name": "usertable", "job": 4, "event": "table_file_creation", "file_number": 1323, "file_size": 67233317, "table_properties": {"data_size": 67118331, "index_size": 299108, "filter_size": 0, "raw_key_size": 390696, "raw_average_key_size": 24, "raw_value_size": 66678784, "raw_average_value_size": 4096, "num_data_blocks": 8140, "num_entries": 16279, "filter_policy_name": "", "kDeletedKeys": "0", "kMergeOperands": "0"}}
2019/03/23-18:19:45.945761 7f3a18e75700 [db/compaction_job.cc:1211] [usertable] [JOB 4] Generated table #1324: 1681 keys, 6943592 bytes
2019/03/23-18:19:45.945814 7f3a18e75700 EVENT_LOG_v1 {"time_micros": 1553390385945789, "cf_name": "usertable", "job": 4, "event": "table_file_creation", "file_number": 1324, "file_size": 6943592, "table_properties": {"data_size": 6930965, "index_size": 30853, "filter_size": 0, "raw_key_size": 40344, "raw_average_key_size": 24, "raw_value_size": 6885376, "raw_average_value_size": 4096, "num_data_blocks": 841, "num_entries": 1681, "filter_policy_name": "", "kDeletedKeys": "0", "kMergeOperands": "0"}}
2019/03/23-18:19:45.945889 7f3a18e75700 [db/compaction_job.cc:1287] [usertable] [JOB 4] Compacted 1@1 files to L2 => 208643841 bytes
2019/03/23-18:19:45.977786 7f3a18e75700 (Original Log Time 2019/03/23-18:19:45.977649) [db/compaction_job.cc:685] [usertable] compacted to: base level 1 max bytes base 536870912 files[2 2 175 551 0 0 0] max score 1.04, MB/sec: 67.0 rd, 66.8 wr, level 2, files in(1, 0) out(4) MB in(199.5, 0.0) out(199.0), read-write-amplify(2.0) write-amplify(1.0) OK, records in: 50518, records dropped: 0 output_compression: LZ4
2019/03/23-18:19:45.977794 7f3a18e75700 (Original Log Time 2019/03/23-18:19:45.977696) EVENT_LOG_v1 {"time_micros": 1553390385977680, "job": 4, "event": "compaction_finished", "compaction_time_micros": 3122007, "output_level": 2, "num_output_files": 4, "total_output_size": 208643841, "num_input_records": 50518, "num_output_records": 50518, "num_subcompactions": 1, "output_compression": "LZ4", "num_single_delete_mismatches": 0, "num_single_delete_fallthrough": 0, "lsm_state": [2, 2, 175, 551, 0, 0, 0]}
2019/03/23-18:19:46.009034 7f39a7fff700 (Original Log Time 2019/03/23-18:19:45.978053) [db/db_impl_compaction_flush.cc:1835] [usertable] Moving #1322 to level-3 67233581 bytes
2019/03/23-18:19:46.009039 7f39a7fff700 (Original Log Time 2019/03/23-18:19:46.008928) EVENT_LOG_v1 {"time_micros": 1553390386008915, "job": 5, "event": "trivial_move", "destination_level": 3, "files": 1, "total_files_size": 67233581}
2019/03/23-18:19:46.009042 7f39a7fff700 (Original Log Time 2019/03/23-18:19:46.008946) [db/db_impl_compaction_flush.cc:1864] [usertable] Moved #1 files to level-3 67233581 bytes OK: base level 1 max bytes base 536870912 files[2 2 174 552 0 0 0] max score 1.02
2019/03/23-18:19:46.032213 7f39a7fff700 EVENT_LOG_v1 {"time_micros": 1553390386032202, "job": 5, "event": "table_file_deletion", "file_number": 783}
2019/03/23-18:19:46.064782 7f39a7fff700 (Original Log Time 2019/03/23-18:19:46.032418) [db/db_impl_compaction_flush.cc:1835] [usertable] Moving #1321 to level-3 67233351 bytes
2019/03/23-18:19:46.064790 7f39a7fff700 (Original Log Time 2019/03/23-18:19:46.064669) EVENT_LOG_v1 {"time_micros": 1553390386064656, "job": 6, "event": "trivial_move", "destination_level": 3, "files": 1, "total_files_size": 67233351}
2019/03/23-18:19:46.064793 7f39a7fff700 (Original Log Time 2019/03/23-18:19:46.064693) [db/db_impl_compaction_flush.cc:1864] [usertable] Moved #1 files to level-3 67233351 bytes OK: base level 1 max bytes base 536870912 files[2 2 173 553 0 0 0] max score 1.01
2019/03/23-18:19:46.096467 7f39a7fff700 (Original Log Time 2019/03/23-18:19:46.065068) [db/db_impl_compaction_flush.cc:1835] [usertable] Moving #101 to level-3 67233317 bytes
2019/03/23-18:19:46.096472 7f39a7fff700 (Original Log Time 2019/03/23-18:19:46.096397) EVENT_LOG_v1 {"time_micros": 1553390386096387, "job": 7, "event": "trivial_move", "destination_level": 3, "files": 1, "total_files_size": 67233317}
2019/03/23-18:19:46.096474 7f39a7fff700 (Original Log Time 2019/03/23-18:19:46.096414) [db/db_impl_compaction_flush.cc:1864] [usertable] Moved #1 files to level-3 67233317 bytes OK: base level 1 max bytes base 536870912 files[2 2 172 554 0 0 0] max score 1.00
2019/03/23-18:19:46.128792 7f39a6ffd700 (Original Log Time 2019/03/23-18:19:46.096682) [db/db_impl_compaction_flush.cc:1835] [usertable] Moving #1315 to level-1 129895352 bytes
2019/03/23-18:19:46.128798 7f39a6ffd700 (Original Log Time 2019/03/23-18:19:46.128699) EVENT_LOG_v1 {"time_micros": 1553390386128689, "job": 8, "event": "trivial_move", "destination_level": 1, "files": 1, "total_files_size": 129895352}
