2019/03/22-13:27:33.064539 7f68f03bf700 RocksDB version: 5.14.3
2019/03/22-13:27:33.064585 7f68f03bf700 Git sha rocksdb_build_git_sha:
2019/03/22-13:27:33.064588 7f68f03bf700 Compile date Oct  9 2018
2019/03/22-13:27:33.064596 7f68f03bf700 DB SUMMARY
2019/03/22-13:27:33.064618 7f68f03bf700 SST files in /mnt/sdf/ycsb-rocksdb-data dir, Total Num: 0, files: 
2019/03/22-13:27:33.064622 7f68f03bf700 Write Ahead Log file in /mnt/sdf/ycsb-rocksdb-data: 
2019/03/22-13:27:33.064625 7f68f03bf700                         Options.error_if_exists: 0
2019/03/22-13:27:33.064626 7f68f03bf700                       Options.create_if_missing: 1
2019/03/22-13:27:33.064627 7f68f03bf700                         Options.paranoid_checks: 1
2019/03/22-13:27:33.064628 7f68f03bf700                                     Options.env: 0x7f68a898d080
2019/03/22-13:27:33.064629 7f68f03bf700                                Options.info_log: 0x7f688c394cb0
2019/03/22-13:27:33.064630 7f68f03bf700                Options.max_file_opening_threads: 16
2019/03/22-13:27:33.064631 7f68f03bf700                              Options.statistics: (nil)
2019/03/22-13:27:33.064632 7f68f03bf700                               Options.use_fsync: 0
2019/03/22-13:27:33.064633 7f68f03bf700                       Options.max_log_file_size: 0
2019/03/22-13:27:33.064634 7f68f03bf700                  Options.max_manifest_file_size: 18446744073709551615
2019/03/22-13:27:33.064635 7f68f03bf700                   Options.log_file_time_to_roll: 0
2019/03/22-13:27:33.064636 7f68f03bf700                       Options.keep_log_file_num: 1000
2019/03/22-13:27:33.064637 7f68f03bf700                    Options.recycle_log_file_num: 0
2019/03/22-13:27:33.064638 7f68f03bf700                         Options.allow_fallocate: 1
2019/03/22-13:27:33.064639 7f68f03bf700                        Options.allow_mmap_reads: 0
2019/03/22-13:27:33.064640 7f68f03bf700                       Options.allow_mmap_writes: 0
2019/03/22-13:27:33.064641 7f68f03bf700                        Options.use_direct_reads: 0
2019/03/22-13:27:33.064642 7f68f03bf700                        Options.use_direct_io_for_flush_and_compaction: 0
2019/03/22-13:27:33.064643 7f68f03bf700          Options.create_missing_column_families: 1
2019/03/22-13:27:33.064644 7f68f03bf700                              Options.db_log_dir: 
2019/03/22-13:27:33.064645 7f68f03bf700                                 Options.wal_dir: /mnt/sdf/ycsb-rocksdb-data
2019/03/22-13:27:33.064646 7f68f03bf700                Options.table_cache_numshardbits: 6
2019/03/22-13:27:33.064647 7f68f03bf700                      Options.max_subcompactions: 4
2019/03/22-13:27:33.064648 7f68f03bf700                  Options.max_background_flushes: 24
2019/03/22-13:27:33.064649 7f68f03bf700                         Options.WAL_ttl_seconds: 0
2019/03/22-13:27:33.064650 7f68f03bf700                       Options.WAL_size_limit_MB: 0
2019/03/22-13:27:33.064651 7f68f03bf700             Options.manifest_preallocation_size: 4194304
2019/03/22-13:27:33.064652 7f68f03bf700                     Options.is_fd_close_on_exec: 1
2019/03/22-13:27:33.064654 7f68f03bf700                   Options.advise_random_on_open: 1
2019/03/22-13:27:33.064654 7f68f03bf700                    Options.db_write_buffer_size: 0
2019/03/22-13:27:33.064655 7f68f03bf700                    Options.write_buffer_manager: 0x7f688c386ba0
2019/03/22-13:27:33.064656 7f68f03bf700         Options.access_hint_on_compaction_start: 1
2019/03/22-13:27:33.064657 7f68f03bf700  Options.new_table_reader_for_compaction_inputs: 0
2019/03/22-13:27:33.064658 7f68f03bf700           Options.random_access_max_buffer_size: 1048576
2019/03/22-13:27:33.064659 7f68f03bf700                      Options.use_adaptive_mutex: 0
2019/03/22-13:27:33.064660 7f68f03bf700                            Options.rate_limiter: (nil)
2019/03/22-13:27:33.064662 7f68f03bf700     Options.sst_file_manager.rate_bytes_per_sec: 0
2019/03/22-13:27:33.064663 7f68f03bf700                       Options.wal_recovery_mode: 2
2019/03/22-13:27:33.064664 7f68f03bf700                  Options.enable_thread_tracking: 0
2019/03/22-13:27:33.064665 7f68f03bf700                  Options.enable_pipelined_write: 1
2019/03/22-13:27:33.064676 7f68f03bf700         Options.allow_concurrent_memtable_write: 1
2019/03/22-13:27:33.064677 7f68f03bf700      Options.enable_write_thread_adaptive_yield: 1
2019/03/22-13:27:33.064678 7f68f03bf700             Options.write_thread_max_yield_usec: 100
2019/03/22-13:27:33.064679 7f68f03bf700            Options.write_thread_slow_yield_usec: 3
2019/03/22-13:27:33.064680 7f68f03bf700                               Options.row_cache: None
2019/03/22-13:27:33.064681 7f68f03bf700                              Options.wal_filter: None
2019/03/22-13:27:33.064682 7f68f03bf700             Options.avoid_flush_during_recovery: 0
2019/03/22-13:27:33.064683 7f68f03bf700             Options.allow_ingest_behind: 0
2019/03/22-13:27:33.064684 7f68f03bf700             Options.preserve_deletes: 0
2019/03/22-13:27:33.064685 7f68f03bf700             Options.two_write_queues: 0
2019/03/22-13:27:33.064686 7f68f03bf700             Options.manual_wal_flush: 0
2019/03/22-13:27:33.064688 7f68f03bf700             Options.max_background_jobs: 24
2019/03/22-13:27:33.064689 7f68f03bf700             Options.max_background_compactions: 24
2019/03/22-13:27:33.064690 7f68f03bf700             Options.avoid_flush_during_shutdown: 0
2019/03/22-13:27:33.064691 7f68f03bf700           Options.writable_file_max_buffer_size: 1048576
2019/03/22-13:27:33.064692 7f68f03bf700             Options.delayed_write_rate : 16777216
2019/03/22-13:27:33.064693 7f68f03bf700             Options.max_total_wal_size: 0
2019/03/22-13:27:33.064694 7f68f03bf700             Options.delete_obsolete_files_period_micros: 21600000000
2019/03/22-13:27:33.064695 7f68f03bf700                   Options.stats_dump_period_sec: 60
2019/03/22-13:27:33.064696 7f68f03bf700                          Options.max_open_files: -1
2019/03/22-13:27:33.064697 7f68f03bf700                          Options.bytes_per_sync: 1048576
2019/03/22-13:27:33.064698 7f68f03bf700                      Options.wal_bytes_per_sync: 0
2019/03/22-13:27:33.064699 7f68f03bf700       Options.compaction_readahead_size: 0
2019/03/22-13:27:33.064700 7f68f03bf700 Compression algorithms supported:
2019/03/22-13:27:33.064702 7f68f03bf700 	kZSTDNotFinalCompression supported: 1
2019/03/22-13:27:33.064708 7f68f03bf700 	kZSTD supported: 1
2019/03/22-13:27:33.064710 7f68f03bf700 	kXpressCompression supported: 0
2019/03/22-13:27:33.064711 7f68f03bf700 	kLZ4HCCompression supported: 1
2019/03/22-13:27:33.064712 7f68f03bf700 	kLZ4Compression supported: 1
2019/03/22-13:27:33.064713 7f68f03bf700 	kBZip2Compression supported: 1
2019/03/22-13:27:33.064714 7f68f03bf700 	kZlibCompression supported: 1
2019/03/22-13:27:33.064716 7f68f03bf700 	kSnappyCompression supported: 1
2019/03/22-13:27:33.064719 7f68f03bf700 Fast CRC32 supported: Not supported on x86
2019/03/22-13:27:33.064782 7f68f03bf700 [db/db_impl_open.cc:222] Creating manifest 1 
2019/03/22-13:27:33.162829 7f68f03bf700 [db/version_set.cc:3085] Recovering from manifest file: MANIFEST-000001
2019/03/22-13:27:33.162917 7f68f03bf700 [db/column_family.cc:475] --------------- Options for column family [default]:
2019/03/22-13:27:33.162921 7f68f03bf700               Options.comparator: leveldb.BytewiseComparator
2019/03/22-13:27:33.162923 7f68f03bf700           Options.merge_operator: None
2019/03/22-13:27:33.162924 7f68f03bf700        Options.compaction_filter: None
2019/03/22-13:27:33.162925 7f68f03bf700        Options.compaction_filter_factory: None
2019/03/22-13:27:33.162926 7f68f03bf700         Options.memtable_factory: SkipListFactory
2019/03/22-13:27:33.162927 7f68f03bf700            Options.table_factory: BlockBasedTable
2019/03/22-13:27:33.162955 7f68f03bf700            table_factory options:   flush_block_policy_factory: FlushBlockBySizePolicyFactory (0x7f688c395810)
  cache_index_and_filter_blocks: 0
  cache_index_and_filter_blocks_with_high_priority: 0
  pin_l0_filter_and_index_blocks_in_cache: 0
  index_type: 0
  hash_index_allow_collision: 1
  checksum: 1
  no_block_cache: 0
  block_cache: 0x7f688c386220
  block_cache_name: LRUCache
  block_cache_options:
    capacity : 8388608
    num_shard_bits : 4
    strict_capacity_limit : 0
    high_pri_pool_ratio: 0.000
  block_cache_compressed: (nil)
  persistent_cache: (nil)
  block_size: 8192
  block_size_deviation: 10
  block_restart_interval: 16
  index_block_restart_interval: 1
  metadata_block_size: 4096
  partition_filters: 0
  use_delta_encoding: 1
  filter_policy: nullptr
  whole_key_filtering: 1
  verify_compression: 0
  read_amp_bytes_per_bit: 0
  format_version: 2
  enable_index_compression: 1
  block_align: 0
2019/03/22-13:27:33.162972 7f68f03bf700        Options.write_buffer_size: 134217728
2019/03/22-13:27:33.162974 7f68f03bf700  Options.max_write_buffer_number: 24
2019/03/22-13:27:33.162975 7f68f03bf700        Options.compression[0]: NoCompression
2019/03/22-13:27:33.162977 7f68f03bf700        Options.compression[1]: NoCompression
2019/03/22-13:27:33.162978 7f68f03bf700        Options.compression[2]: LZ4
2019/03/22-13:27:33.162979 7f68f03bf700        Options.compression[3]: LZ4
2019/03/22-13:27:33.162980 7f68f03bf700        Options.compression[4]: LZ4
2019/03/22-13:27:33.162981 7f68f03bf700        Options.compression[5]: LZ4
2019/03/22-13:27:33.162982 7f68f03bf700        Options.compression[6]: LZ4
2019/03/22-13:27:33.162983 7f68f03bf700                  Options.bottommost_compression: Disabled
2019/03/22-13:27:33.162985 7f68f03bf700       Options.prefix_extractor: nullptr
2019/03/22-13:27:33.162986 7f68f03bf700   Options.memtable_insert_with_hint_prefix_extractor: nullptr
2019/03/22-13:27:33.162987 7f68f03bf700             Options.num_levels: 7
2019/03/22-13:27:33.162988 7f68f03bf700        Options.min_write_buffer_number_to_merge: 2
2019/03/22-13:27:33.162989 7f68f03bf700     Options.max_write_buffer_number_to_maintain: 0
2019/03/22-13:27:33.162990 7f68f03bf700            Options.compression_opts.window_bits: -14
2019/03/22-13:27:33.162991 7f68f03bf700                  Options.compression_opts.level: -1
2019/03/22-13:27:33.162992 7f68f03bf700               Options.compression_opts.strategy: 0
2019/03/22-13:27:33.162993 7f68f03bf700         Options.compression_opts.max_dict_bytes: 0
2019/03/22-13:27:33.162994 7f68f03bf700         Options.compression_opts.zstd_max_train_bytes: 0
2019/03/22-13:27:33.162995 7f68f03bf700      Options.level0_file_num_compaction_trigger: 2
2019/03/22-13:27:33.162996 7f68f03bf700          Options.level0_slowdown_writes_trigger: 20
2019/03/22-13:27:33.162997 7f68f03bf700              Options.level0_stop_writes_trigger: 36
2019/03/22-13:27:33.162998 7f68f03bf700                   Options.target_file_size_base: 67108864
2019/03/22-13:27:33.162999 7f68f03bf700             Options.target_file_size_multiplier: 1
2019/03/22-13:27:33.163000 7f68f03bf700                Options.max_bytes_for_level_base: 536870912
2019/03/22-13:27:33.163001 7f68f03bf700 Options.level_compaction_dynamic_level_bytes: 0
2019/03/22-13:27:33.163002 7f68f03bf700          Options.max_bytes_for_level_multiplier: 10.000000
2019/03/22-13:27:33.163004 7f68f03bf700 Options.max_bytes_for_level_multiplier_addtl[0]: 1
2019/03/22-13:27:33.163005 7f68f03bf700 Options.max_bytes_for_level_multiplier_addtl[1]: 1
2019/03/22-13:27:33.163006 7f68f03bf700 Options.max_bytes_for_level_multiplier_addtl[2]: 1
2019/03/22-13:27:33.163007 7f68f03bf700 Options.max_bytes_for_level_multiplier_addtl[3]: 1
2019/03/22-13:27:33.163008 7f68f03bf700 Options.max_bytes_for_level_multiplier_addtl[4]: 1
2019/03/22-13:27:33.163009 7f68f03bf700 Options.max_bytes_for_level_multiplier_addtl[5]: 1
2019/03/22-13:27:33.163010 7f68f03bf700 Options.max_bytes_for_level_multiplier_addtl[6]: 1
2019/03/22-13:27:33.163011 7f68f03bf700       Options.max_sequential_skip_in_iterations: 8
2019/03/22-13:27:33.163012 7f68f03bf700                    Options.max_compaction_bytes: 1677721600
2019/03/22-13:27:33.163013 7f68f03bf700                        Options.arena_block_size: 16777216
2019/03/22-13:27:33.163014 7f68f03bf700   Options.soft_pending_compaction_bytes_limit: 68719476736
2019/03/22-13:27:33.163015 7f68f03bf700   Options.hard_pending_compaction_bytes_limit: 274877906944
2019/03/22-13:27:33.163035 7f68f03bf700       Options.rate_limit_delay_max_milliseconds: 100
2019/03/22-13:27:33.163037 7f68f03bf700                Options.disable_auto_compactions: 0
2019/03/22-13:27:33.163038 7f68f03bf700                        Options.compaction_style: kCompactionStyleLevel
2019/03/22-13:27:33.163039 7f68f03bf700                          Options.compaction_pri: kByCompensatedSize
2019/03/22-13:27:33.163041 7f68f03bf700 Options.compaction_options_universal.size_ratio: 1
2019/03/22-13:27:33.163042 7f68f03bf700 Options.compaction_options_universal.min_merge_width: 2
2019/03/22-13:27:33.163042 7f68f03bf700 Options.compaction_options_universal.max_merge_width: 4294967295
2019/03/22-13:27:33.163043 7f68f03bf700 Options.compaction_options_universal.max_size_amplification_percent: 200
2019/03/22-13:27:33.163045 7f68f03bf700 Options.compaction_options_universal.compression_size_percent: -1
2019/03/22-13:27:33.163046 7f68f03bf700 Options.compaction_options_universal.stop_style: kCompactionStopStyleTotalSize
2019/03/22-13:27:33.163047 7f68f03bf700 Options.compaction_options_fifo.max_table_files_size: 1073741824
2019/03/22-13:27:33.163048 7f68f03bf700 Options.compaction_options_fifo.allow_compaction: 0
2019/03/22-13:27:33.163049 7f68f03bf700 Options.compaction_options_fifo.ttl: 0
2019/03/22-13:27:33.163050 7f68f03bf700                   Options.table_properties_collectors: 
2019/03/22-13:27:33.163051 7f68f03bf700                   Options.inplace_update_support: 0
2019/03/22-13:27:33.163052 7f68f03bf700                 Options.inplace_update_num_locks: 10000
2019/03/22-13:27:33.163053 7f68f03bf700               Options.memtable_prefix_bloom_size_ratio: 0.000000
2019/03/22-13:27:33.163055 7f68f03bf700   Options.memtable_huge_page_size: 0
2019/03/22-13:27:33.163056 7f68f03bf700                           Options.bloom_locality: 0
2019/03/22-13:27:33.163057 7f68f03bf700                    Options.max_successive_merges: 0
2019/03/22-13:27:33.163058 7f68f03bf700                Options.optimize_filters_for_hits: 0
2019/03/22-13:27:33.163058 7f68f03bf700                Options.paranoid_file_checks: 0
2019/03/22-13:27:33.163059 7f68f03bf700                Options.force_consistency_checks: 0
2019/03/22-13:27:33.163060 7f68f03bf700                Options.report_bg_io_stats: 0
2019/03/22-13:27:33.163061 7f68f03bf700                               Options.ttl: 0
2019/03/22-13:27:33.163681 7f68f03bf700 [db/version_set.cc:3361] Recovered from manifest file:/mnt/sdf/ycsb-rocksdb-data/MANIFEST-000001 succeeded,manifest_file_number is 1, next_file_number is 3, last_sequence is 0, log_number is 0,prev_log_number is 0,max_column_family is 0,min_log_number_to_keep is 0
2019/03/22-13:27:33.163686 7f68f03bf700 [db/version_set.cc:3369] Column family [default] (ID 0), log number is 0
2019/03/22-13:27:33.163840 7f68f03bf700 [db/version_set.cc:2847] Creating manifest 4
2019/03/22-13:27:33.233734 7f68f03bf700 [db/column_family.cc:475] --------------- Options for column family [usertable]:
2019/03/22-13:27:33.233743 7f68f03bf700               Options.comparator: leveldb.BytewiseComparator
2019/03/22-13:27:33.233746 7f68f03bf700           Options.merge_operator: None
2019/03/22-13:27:33.233748 7f68f03bf700        Options.compaction_filter: None
2019/03/22-13:27:33.233750 7f68f03bf700        Options.compaction_filter_factory: None
2019/03/22-13:27:33.233752 7f68f03bf700         Options.memtable_factory: SkipListFactory
2019/03/22-13:27:33.233754 7f68f03bf700            Options.table_factory: BlockBasedTable
2019/03/22-13:27:33.233799 7f68f03bf700            table_factory options:   flush_block_policy_factory: FlushBlockBySizePolicyFactory (0x7f688c3968b0)
  cache_index_and_filter_blocks: 0
  cache_index_and_filter_blocks_with_high_priority: 0
  pin_l0_filter_and_index_blocks_in_cache: 0
  index_type: 0
  hash_index_allow_collision: 1
  checksum: 1
  no_block_cache: 0
  block_cache: 0x7f688c39c350
  block_cache_name: LRUCache
  block_cache_options:
    capacity : 8388608
    num_shard_bits : 4
    strict_capacity_limit : 0
    high_pri_pool_ratio: 0.000
  block_cache_compressed: (nil)
  persistent_cache: (nil)
  block_size: 8192
  block_size_deviation: 10
  block_restart_interval: 16
  index_block_restart_interval: 1
  metadata_block_size: 4096
  partition_filters: 0
  use_delta_encoding: 1
  filter_policy: nullptr
  whole_key_filtering: 1
  verify_compression: 0
  read_amp_bytes_per_bit: 0
  format_version: 2
  enable_index_compression: 1
  block_align: 0
2019/03/22-13:27:33.233804 7f68f03bf700        Options.write_buffer_size: 134217728
2019/03/22-13:27:33.233807 7f68f03bf700  Options.max_write_buffer_number: 24
2019/03/22-13:27:33.233809 7f68f03bf700        Options.compression[0]: NoCompression
2019/03/22-13:27:33.233812 7f68f03bf700        Options.compression[1]: NoCompression
2019/03/22-13:27:33.233814 7f68f03bf700        Options.compression[2]: LZ4
2019/03/22-13:27:33.233817 7f68f03bf700        Options.compression[3]: LZ4
2019/03/22-13:27:33.233819 7f68f03bf700        Options.compression[4]: LZ4
2019/03/22-13:27:33.233821 7f68f03bf700        Options.compression[5]: LZ4
2019/03/22-13:27:33.233823 7f68f03bf700        Options.compression[6]: LZ4
2019/03/22-13:27:33.233825 7f68f03bf700                  Options.bottommost_compression: Disabled
2019/03/22-13:27:33.233827 7f68f03bf700       Options.prefix_extractor: nullptr
2019/03/22-13:27:33.233829 7f68f03bf700   Options.memtable_insert_with_hint_prefix_extractor: nullptr
2019/03/22-13:27:33.233831 7f68f03bf700             Options.num_levels: 7
2019/03/22-13:27:33.233833 7f68f03bf700        Options.min_write_buffer_number_to_merge: 2
2019/03/22-13:27:33.233834 7f68f03bf700     Options.max_write_buffer_number_to_maintain: 0
2019/03/22-13:27:33.233836 7f68f03bf700            Options.compression_opts.window_bits: -14
2019/03/22-13:27:33.233838 7f68f03bf700                  Options.compression_opts.level: -1
2019/03/22-13:27:33.233840 7f68f03bf700               Options.compression_opts.strategy: 0
2019/03/22-13:27:33.233841 7f68f03bf700         Options.compression_opts.max_dict_bytes: 0
2019/03/22-13:27:33.233843 7f68f03bf700         Options.compression_opts.zstd_max_train_bytes: 0
2019/03/22-13:27:33.233845 7f68f03bf700      Options.level0_file_num_compaction_trigger: 2
2019/03/22-13:27:33.233847 7f68f03bf700          Options.level0_slowdown_writes_trigger: 20
2019/03/22-13:27:33.233848 7f68f03bf700              Options.level0_stop_writes_trigger: 36
2019/03/22-13:27:33.233850 7f68f03bf700                   Options.target_file_size_base: 67108864
2019/03/22-13:27:33.233852 7f68f03bf700             Options.target_file_size_multiplier: 1
2019/03/22-13:27:33.233854 7f68f03bf700                Options.max_bytes_for_level_base: 536870912
2019/03/22-13:27:33.233856 7f68f03bf700 Options.level_compaction_dynamic_level_bytes: 0
2019/03/22-13:27:33.233857 7f68f03bf700          Options.max_bytes_for_level_multiplier: 10.000000
2019/03/22-13:27:33.233861 7f68f03bf700 Options.max_bytes_for_level_multiplier_addtl[0]: 1
2019/03/22-13:27:33.233880 7f68f03bf700 Options.max_bytes_for_level_multiplier_addtl[1]: 1
2019/03/22-13:27:33.233883 7f68f03bf700 Options.max_bytes_for_level_multiplier_addtl[2]: 1
2019/03/22-13:27:33.233884 7f68f03bf700 Options.max_bytes_for_level_multiplier_addtl[3]: 1
2019/03/22-13:27:33.233886 7f68f03bf700 Options.max_bytes_for_level_multiplier_addtl[4]: 1
2019/03/22-13:27:33.233888 7f68f03bf700 Options.max_bytes_for_level_multiplier_addtl[5]: 1
2019/03/22-13:27:33.233889 7f68f03bf700 Options.max_bytes_for_level_multiplier_addtl[6]: 1
2019/03/22-13:27:33.233891 7f68f03bf700       Options.max_sequential_skip_in_iterations: 8
2019/03/22-13:27:33.233893 7f68f03bf700                    Options.max_compaction_bytes: 1677721600
2019/03/22-13:27:33.233895 7f68f03bf700                        Options.arena_block_size: 16777216
2019/03/22-13:27:33.233898 7f68f03bf700   Options.soft_pending_compaction_bytes_limit: 68719476736
2019/03/22-13:27:33.233900 7f68f03bf700   Options.hard_pending_compaction_bytes_limit: 274877906944
2019/03/22-13:27:33.233901 7f68f03bf700       Options.rate_limit_delay_max_milliseconds: 100
2019/03/22-13:27:33.233903 7f68f03bf700                Options.disable_auto_compactions: 0
2019/03/22-13:27:33.233906 7f68f03bf700                        Options.compaction_style: kCompactionStyleLevel
2019/03/22-13:27:33.233908 7f68f03bf700                          Options.compaction_pri: kByCompensatedSize
2019/03/22-13:27:33.233910 7f68f03bf700 Options.compaction_options_universal.size_ratio: 1
2019/03/22-13:27:33.233912 7f68f03bf700 Options.compaction_options_universal.min_merge_width: 2
2019/03/22-13:27:33.233914 7f68f03bf700 Options.compaction_options_universal.max_merge_width: 4294967295
2019/03/22-13:27:33.233915 7f68f03bf700 Options.compaction_options_universal.max_size_amplification_percent: 200
2019/03/22-13:27:33.233917 7f68f03bf700 Options.compaction_options_universal.compression_size_percent: -1
2019/03/22-13:27:33.233920 7f68f03bf700 Options.compaction_options_universal.stop_style: kCompactionStopStyleTotalSize
2019/03/22-13:27:33.233921 7f68f03bf700 Options.compaction_options_fifo.max_table_files_size: 1073741824
2019/03/22-13:27:33.233923 7f68f03bf700 Options.compaction_options_fifo.allow_compaction: 0
2019/03/22-13:27:33.233925 7f68f03bf700 Options.compaction_options_fifo.ttl: 0
2019/03/22-13:27:33.233927 7f68f03bf700                   Options.table_properties_collectors: 
2019/03/22-13:27:33.233929 7f68f03bf700                   Options.inplace_update_support: 0
2019/03/22-13:27:33.233931 7f68f03bf700                 Options.inplace_update_num_locks: 10000
2019/03/22-13:27:33.233933 7f68f03bf700               Options.memtable_prefix_bloom_size_ratio: 0.000000
2019/03/22-13:27:33.233936 7f68f03bf700   Options.memtable_huge_page_size: 0
2019/03/22-13:27:33.233938 7f68f03bf700                           Options.bloom_locality: 0
2019/03/22-13:27:33.233940 7f68f03bf700                    Options.max_successive_merges: 0
2019/03/22-13:27:33.233942 7f68f03bf700                Options.optimize_filters_for_hits: 0
2019/03/22-13:27:33.233943 7f68f03bf700                Options.paranoid_file_checks: 0
2019/03/22-13:27:33.233945 7f68f03bf700                Options.force_consistency_checks: 0
2019/03/22-13:27:33.233947 7f68f03bf700                Options.report_bg_io_stats: 0
2019/03/22-13:27:33.233949 7f68f03bf700                               Options.ttl: 0
2019/03/22-13:27:33.234033 7f68f03bf700 [db/db_impl.cc:1396] Created column family [usertable] (ID 1)
2019/03/22-13:27:33.308119 7f68f03bf700 [db/db_impl_open.cc:1219] DB pointer 0x7f688c388110
2019/03/22-13:27:41.799960 7f68245f6700 [db/db_impl_write.cc:1373] [usertable] New memtable created with log file: #9. Immutable memtables: 0.
2019/03/22-13:27:49.633927 7f68642f3700 [db/db_impl_write.cc:1373] [usertable] New memtable created with log file: #10. Immutable memtables: 1.
2019/03/22-13:27:49.634106 7f67cdffb700 [db/db_impl_compaction_flush.cc:80] [JOB 2] Syncing log #3
2019/03/22-13:27:50.044302 7f67cdffb700 [db/db_impl_compaction_flush.cc:80] [JOB 2] Syncing log #9
2019/03/22-13:27:51.591888 7f67cdffb700 (Original Log Time 2019/03/22-13:27:49.634033) [db/db_impl_compaction_flush.cc:1424] Calling FlushMemTableToOutputFile with column family [usertable], flush slots available 24, compaction slots available 1, flush slots scheduled 1, compaction slots scheduled 0
2019/03/22-13:27:51.591899 7f67cdffb700 [db/flush_job.cc:301] [usertable] [JOB 2] Flushing memtable with next log file: 9
2019/03/22-13:27:51.591911 7f67cdffb700 [db/flush_job.cc:301] [usertable] [JOB 2] Flushing memtable with next log file: 10
2019/03/22-13:27:51.591962 7f67cdffb700 EVENT_LOG_v1 {"time_micros": 1553286471591942, "job": 2, "event": "flush_started", "num_memtables": 2, "num_entries": 57106, "num_deletes": 0, "memory_usage": 236704416, "flush_reason": "Write Buffer Full"}
2019/03/22-13:27:51.591971 7f67cdffb700 [db/flush_job.cc:331] [usertable] [JOB 2] Level-0 flush table #11: started
2019/03/22-13:27:53.711029 7f67cdffb700 EVENT_LOG_v1 {"time_micros": 1553286473711004, "cf_name": "usertable", "job": 2, "event": "table_file_creation", "file_number": 11, "file_size": 236498819, "table_properties": {"data_size": 235448038, "index_size": 1049854, "filter_size": 0, "raw_key_size": 1370544, "raw_average_key_size": 24, "raw_value_size": 233906176, "raw_average_value_size": 4096, "num_data_blocks": 28553, "num_entries": 57106, "filter_policy_name": "", "kDeletedKeys": "0", "kMergeOperands": "0"}}
2019/03/22-13:27:53.711057 7f67cdffb700 [db/flush_job.cc:371] [usertable] [JOB 2] Level-0 flush table #11: 236498819 bytes OK
2019/03/22-13:27:53.823060 7f67cdffb700 (Original Log Time 2019/03/22-13:27:53.711074) [db/memtable_list.cc:377] [usertable] Level-0 commit table #11 started
2019/03/22-13:27:53.823065 7f67cdffb700 (Original Log Time 2019/03/22-13:27:53.822947) [db/memtable_list.cc:409] [usertable] Level-0 commit table #11: memtable #1 done
2019/03/22-13:27:53.823067 7f67cdffb700 (Original Log Time 2019/03/22-13:27:53.822962) [db/memtable_list.cc:409] [usertable] Level-0 commit table #11: memtable #2 done
2019/03/22-13:27:53.823068 7f67cdffb700 (Original Log Time 2019/03/22-13:27:53.822999) EVENT_LOG_v1 {"time_micros": 1553286473822984, "job": 2, "event": "flush_finished", "output_compression": "NoCompression", "lsm_state": [1, 0, 0, 0, 0, 0, 0], "immutable_memtables": 0}
2019/03/22-13:27:53.823070 7f67cdffb700 (Original Log Time 2019/03/22-13:27:53.823024) [db/db_impl_compaction_flush.cc:177] [usertable] Level summary: base level 1 max bytes base 536870912 files[1 0 0 0 0 0 0] max score 0.50
2019/03/22-13:27:53.823079 7f67cdffb700 [db/db_impl_files.cc:347] [JOB 2] Try to delete WAL files size 235774054, prev total WAL file size 296313909, number of live WAL files 3.
2019/03/22-13:27:56.979215 7f68445f6700 [db/db_impl_write.cc:1373] [usertable] New memtable created with log file: #12. Immutable memtables: 0.
2019/03/22-13:28:04.558155 7f68444f5700 [db/db_impl_write.cc:1373] [usertable] New memtable created with log file: #13. Immutable memtables: 1.
2019/03/22-13:28:04.558262 7f68267fc700 [db/db_impl_compaction_flush.cc:80] [JOB 3] Syncing log #10
2019/03/22-13:28:04.999187 7f68267fc700 [db/db_impl_compaction_flush.cc:80] [JOB 3] Syncing log #12
2019/03/22-13:28:06.098571 7f68267fc700 (Original Log Time 2019/03/22-13:28:04.558242) [db/db_impl_compaction_flush.cc:1424] Calling FlushMemTableToOutputFile with column family [usertable], flush slots available 24, compaction slots available 1, flush slots scheduled 1, compaction slots scheduled 0
2019/03/22-13:28:06.098589 7f68267fc700 [db/flush_job.cc:301] [usertable] [JOB 3] Flushing memtable with next log file: 12
2019/03/22-13:28:06.098599 7f68267fc700 [db/flush_job.cc:301] [usertable] [JOB 3] Flushing memtable with next log file: 13
2019/03/22-13:28:06.098680 7f68267fc700 EVENT_LOG_v1 {"time_micros": 1553286486098668, "job": 3, "event": "flush_started", "num_memtables": 2, "num_entries": 52235, "num_deletes": 0, "memory_usage": 230646376, "flush_reason": "Write Buffer Full"}
2019/03/22-13:28:06.098688 7f68267fc700 [db/flush_job.cc:331] [usertable] [JOB 3] Level-0 flush table #14: started
2019/03/22-13:28:07.534331 7f68267fc700 EVENT_LOG_v1 {"time_micros": 1553286487534306, "cf_name": "usertable", "job": 3, "event": "table_file_creation", "file_number": 14, "file_size": 216326144, "table_properties": {"data_size": 215364919, "index_size": 960298, "filter_size": 0, "raw_key_size": 1253640, "raw_average_key_size": 24, "raw_value_size": 213954560, "raw_average_value_size": 4096, "num_data_blocks": 26118, "num_entries": 52235, "filter_policy_name": "", "kDeletedKeys": "0", "kMergeOperands": "0"}}
2019/03/22-13:28:07.534351 7f68267fc700 [db/flush_job.cc:371] [usertable] [JOB 3] Level-0 flush table #14: 216326144 bytes OK
2019/03/22-13:28:07.562581 7f68267fc700 (Original Log Time 2019/03/22-13:28:07.534364) [db/memtable_list.cc:377] [usertable] Level-0 commit table #14 started
2019/03/22-13:28:07.562587 7f68267fc700 (Original Log Time 2019/03/22-13:28:07.562467) [db/memtable_list.cc:409] [usertable] Level-0 commit table #14: memtable #1 done
2019/03/22-13:28:07.562591 7f68267fc700 (Original Log Time 2019/03/22-13:28:07.562474) [db/memtable_list.cc:409] [usertable] Level-0 commit table #14: memtable #2 done
2019/03/22-13:28:07.562594 7f68267fc700 (Original Log Time 2019/03/22-13:28:07.562512) EVENT_LOG_v1 {"time_micros": 1553286487562497, "job": 3, "event": "flush_finished", "output_compression": "NoCompression", "lsm_state": [2, 0, 0, 0, 0, 0, 0], "immutable_memtables": 0}
2019/03/22-13:28:07.562597 7f68267fc700 (Original Log Time 2019/03/22-13:28:07.562553) [db/db_impl_compaction_flush.cc:177] [usertable] Level summary: base level 1 max bytes base 536870912 files[2 0 0 0 0 0 0] max score 1.00
2019/03/22-13:28:07.562610 7f68267fc700 [db/db_impl_files.cc:347] [JOB 3] Try to delete WAL files size 215666375, prev total WAL file size 259058961, number of live WAL files 3.
2019/03/22-13:28:07.562801 7f6887fff700 [WARN] [db/db_impl.cc:491] ------- DUMPING STATS -------
2019/03/22-13:28:07.562853 7f6887fff700 [WARN] [db/db_impl.cc:492] 
** DB Stats **
Uptime(secs): 34.4 total, 34.4 interval
Cumulative writes: 119K writes, 119K keys, 117K commit groups, 1.0 writes per commit group, ingest: 0.46 GB, 13.72 MB/s
Cumulative WAL: 119K writes, 0 syncs, 119851.00 writes per sync, written: 0.46 GB, 13.72 MB/s
Cumulative stall: 00:00:0.000 H:M:S, 0.0 percent
Interval writes: 119K writes, 119K keys, 117K commit groups, 1.0 writes per commit group, ingest: 471.92 MB, 13.72 MB/s
Interval WAL: 119K writes, 0 syncs, 119851.00 writes per sync, written: 0.46 MB, 13.72 MB/s
Interval stall: 00:00:0.000 H:M:S, 0.0 percent

** Compaction Stats [default] **
Level    Files   Size     Score Read(GB)  Rn(GB) Rnp1(GB) Write(GB) Wnew(GB) Moved(GB) W-Amp Rd(MB/s) Wr(MB/s) Comp(sec) Comp(cnt) Avg(sec) KeyIn KeyDrop
----------------------------------------------------------------------------------------------------------------------------------------------------------
 Sum      0/0    0.00 KB   0.0      0.0     0.0      0.0       0.0      0.0       0.0   0.0      0.0      0.0         0         0    0.000       0      0
 Int      0/0    0.00 KB   0.0      0.0     0.0      0.0       0.0      0.0       0.0   0.0      0.0      0.0         0         0    0.000       0      0
Uptime(secs): 34.4 total, 34.4 interval
Flush(GB): cumulative 0.000, interval 0.000
AddFile(GB): cumulative 0.000, interval 0.000
AddFile(Total Files): cumulative 0, interval 0
AddFile(L0 Files): cumulative 0, interval 0
AddFile(Keys): cumulative 0, interval 0
Cumulative compaction: 0.00 GB write, 0.00 MB/s write, 0.00 GB read, 0.00 MB/s read, 0.0 seconds
Interval compaction: 0.00 GB write, 0.00 MB/s write, 0.00 GB read, 0.00 MB/s read, 0.0 seconds
Stalls(count): 0 level0_slowdown, 0 level0_slowdown_with_compaction, 0 level0_numfiles, 0 level0_numfiles_with_compaction, 0 stop for pending_compaction_bytes, 0 slowdown for pending_compaction_bytes, 0 memtable_compaction, 0 memtable_slowdown, interval 0 total count

** File Read Latency Histogram By Level [default] **

** Compaction Stats [usertable] **
Level    Files   Size     Score Read(GB)  Rn(GB) Rnp1(GB) Write(GB) Wnew(GB) Moved(GB) W-Amp Rd(MB/s) Wr(MB/s) Comp(sec) Comp(cnt) Avg(sec) KeyIn KeyDrop
----------------------------------------------------------------------------------------------------------------------------------------------------------
  L0      2/0   431.85 MB   1.0      0.0     0.0      0.0       0.4      0.4       0.0   1.0      0.0    121.5         4         2    1.777       0      0
 Sum      2/0   431.85 MB   0.0      0.0     0.0      0.0       0.4      0.4       0.0   1.0      0.0    121.5         4         2    1.777       0      0
 Int      0/0    0.00 KB   0.0      0.0     0.0      0.0       0.4      0.4       0.0   1.0      0.0    121.5         4         2    1.777       0      0
Uptime(secs): 34.3 total, 34.3 interval
Flush(GB): cumulative 0.422, interval 0.422
AddFile(GB): cumulative 0.000, interval 0.000
AddFile(Total Files): cumulative 0, interval 0
AddFile(L0 Files): cumulative 0, interval 0
AddFile(Keys): cumulative 0, interval 0
Cumulative compaction: 0.42 GB write, 12.58 MB/s write, 0.00 GB read, 0.00 MB/s read, 3.6 seconds
Interval compaction: 0.42 GB write, 12.58 MB/s write, 0.00 GB read, 0.00 MB/s read, 3.6 seconds
Stalls(count): 0 level0_slowdown, 0 level0_slowdown_with_compaction, 0 level0_numfiles, 0 level0_numfiles_with_compaction, 0 stop for pending_compaction_bytes, 0 slowdown for pending_compaction_bytes, 0 memtable_compaction, 0 memtable_slowdown, interval 0 total count

** File Read Latency Histogram By Level [usertable] **

** Compaction Stats [default] **
Level    Files   Size     Score Read(GB)  Rn(GB) Rnp1(GB) Write(GB) Wnew(GB) Moved(GB) W-Amp Rd(MB/s) Wr(MB/s) Comp(sec) Comp(cnt) Avg(sec) KeyIn KeyDrop
----------------------------------------------------------------------------------------------------------------------------------------------------------
 Sum      0/0    0.00 KB   0.0      0.0     0.0      0.0       0.0      0.0       0.0   0.0      0.0      0.0         0         0    0.000       0      0
 Int      0/0    0.00 KB   0.0      0.0     0.0      0.0       0.0      0.0       0.0   0.0      0.0      0.0         0         0    0.000       0      0
Uptime(secs): 34.4 total, 0.0 interval
Flush(GB): cumulative 0.000, interval 0.000
AddFile(GB): cumulative 0.000, interval 0.000
AddFile(Total Files): cumulative 0, interval 0
AddFile(L0 Files): cumulative 0, interval 0
AddFile(Keys): cumulative 0, interval 0
Cumulative compaction: 0.00 GB write, 0.00 MB/s write, 0.00 GB read, 0.00 MB/s read, 0.0 seconds
Interval compaction: 0.00 GB write, 0.00 MB/s write, 0.00 GB read, 0.00 MB/s read, 0.0 seconds
Stalls(count): 0 level0_slowdown, 0 level0_slowdown_with_compaction, 0 level0_numfiles, 0 level0_numfiles_with_compaction, 0 stop for pending_compaction_bytes, 0 slowdown for pending_compaction_bytes, 0 memtable_compaction, 0 memtable_slowdown, interval 0 total count

** File Read Latency Histogram By Level [default] **

** Compaction Stats [usertable] **
Level    Files   Size     Score Read(GB)  Rn(GB) Rnp1(GB) Write(GB) Wnew(GB) Moved(GB) W-Amp Rd(MB/s) Wr(MB/s) Comp(sec) Comp(cnt) Avg(sec) KeyIn KeyDrop
----------------------------------------------------------------------------------------------------------------------------------------------------------
  L0      2/0   431.85 MB   1.0      0.0     0.0      0.0       0.4      0.4       0.0   1.0      0.0    121.5         4         2    1.777       0      0
 Sum      2/0   431.85 MB   0.0      0.0     0.0      0.0       0.4      0.4       0.0   1.0      0.0    121.5         4         2    1.777       0      0
 Int      0/0    0.00 KB   0.0      0.0     0.0      0.0       0.0      0.0       0.0   0.0      0.0      0.0         0         0    0.000       0      0
Uptime(secs): 34.3 total, 0.0 interval
Flush(GB): cumulative 0.422, interval 0.000
AddFile(GB): cumulative 0.000, interval 0.000
AddFile(Total Files): cumulative 0, interval 0
AddFile(L0 Files): cumulative 0, interval 0
AddFile(Keys): cumulative 0, interval 0
Cumulative compaction: 0.42 GB write, 12.58 MB/s write, 0.00 GB read, 0.00 MB/s read, 3.6 seconds
Interval compaction: 0.00 GB write, 0.00 MB/s write, 0.00 GB read, 0.00 MB/s read, 0.0 seconds
Stalls(count): 0 level0_slowdown, 0 level0_slowdown_with_compaction, 0 level0_numfiles, 0 level0_numfiles_with_compaction, 0 stop for pending_compaction_bytes, 0 slowdown for pending_compaction_bytes, 0 memtable_compaction, 0 memtable_slowdown, interval 0 total count

** File Read Latency Histogram By Level [usertable] **
2019/03/22-13:28:07.590992 7f6887fff700 (Original Log Time 2019/03/22-13:28:07.562956) [db/db_impl_compaction_flush.cc:1835] [usertable] Moving #11 to level-1 236498819 bytes
2019/03/22-13:28:07.590996 7f6887fff700 (Original Log Time 2019/03/22-13:28:07.590936) EVENT_LOG_v1 {"time_micros": 1553286487590919, "job": 4, "event": "trivial_move", "destination_level": 1, "files": 1, "total_files_size": 236498819}
2019/03/22-13:28:07.590998 7f6887fff700 (Original Log Time 2019/03/22-13:28:07.590951) [db/db_impl_compaction_flush.cc:1864] [usertable] Moved #1 files to level-1 236498819 bytes OK: base level 1 max bytes base 536870912 files[1 1 0 0 0 0 0] max score 0.50
2019/03/22-13:28:12.219167 7f68845f6700 [db/db_impl_write.cc:1373] [usertable] New memtable created with log file: #15. Immutable memtables: 0.
2019/03/22-13:28:20.083408 7f68246f7700 [db/db_impl_write.cc:1373] [usertable] New memtable created with log file: #16. Immutable memtables: 1.
2019/03/22-13:28:20.083502 7f6825ffb700 [db/db_impl_compaction_flush.cc:80] [JOB 5] Syncing log #13
2019/03/22-13:28:20.524570 7f6825ffb700 [db/db_impl_compaction_flush.cc:80] [JOB 5] Syncing log #15
2019/03/22-13:28:21.498899 7f6825ffb700 (Original Log Time 2019/03/22-13:28:20.083481) [db/db_impl_compaction_flush.cc:1424] Calling FlushMemTableToOutputFile with column family [usertable], flush slots available 24, compaction slots available 1, flush slots scheduled 1, compaction slots scheduled 0
2019/03/22-13:28:21.498910 7f6825ffb700 [db/flush_job.cc:301] [usertable] [JOB 5] Flushing memtable with next log file: 15
2019/03/22-13:28:21.498918 7f6825ffb700 [db/flush_job.cc:301] [usertable] [JOB 5] Flushing memtable with next log file: 16
2019/03/22-13:28:21.498953 7f6825ffb700 EVENT_LOG_v1 {"time_micros": 1553286501498941, "job": 5, "event": "flush_started", "num_memtables": 2, "num_entries": 54331, "num_deletes": 0, "memory_usage": 229022032, "flush_reason": "Write Buffer Full"}
2019/03/22-13:28:21.498960 7f6825ffb700 [db/flush_job.cc:331] [usertable] [JOB 5] Level-0 flush table #17: started
2019/03/22-13:28:23.201606 7f6825ffb700 EVENT_LOG_v1 {"time_micros": 1553286503201582, "cf_name": "usertable", "job": 5, "event": "table_file_creation", "file_number": 17, "file_size": 225018568, "table_properties": {"data_size": 224012763, "index_size": 1004878, "filter_size": 0, "raw_key_size": 1303944, "raw_average_key_size": 24, "raw_value_size": 222539776, "raw_average_value_size": 4096, "num_data_blocks": 27166, "num_entries": 54331, "filter_policy_name": "", "kDeletedKeys": "0", "kMergeOperands": "0"}}
2019/03/22-13:28:23.201628 7f6825ffb700 [db/flush_job.cc:371] [usertable] [JOB 5] Level-0 flush table #17: 225018568 bytes OK
2019/03/22-13:28:23.230550 7f6825ffb700 (Original Log Time 2019/03/22-13:28:23.201642) [db/memtable_list.cc:377] [usertable] Level-0 commit table #17 started
2019/03/22-13:28:23.230555 7f6825ffb700 (Original Log Time 2019/03/22-13:28:23.230452) [db/memtable_list.cc:409] [usertable] Level-0 commit table #17: memtable #1 done
2019/03/22-13:28:23.230556 7f6825ffb700 (Original Log Time 2019/03/22-13:28:23.230457) [db/memtable_list.cc:409] [usertable] Level-0 commit table #17: memtable #2 done
2019/03/22-13:28:23.230558 7f6825ffb700 (Original Log Time 2019/03/22-13:28:23.230493) EVENT_LOG_v1 {"time_micros": 1553286503230479, "job": 5, "event": "flush_finished", "output_compression": "NoCompression", "lsm_state": [2, 1, 0, 0, 0, 0, 0], "immutable_memtables": 0}
2019/03/22-13:28:23.230560 7f6825ffb700 (Original Log Time 2019/03/22-13:28:23.230528) [db/db_impl_compaction_flush.cc:177] [usertable] Level summary: base level 1 max bytes base 536870912 files[2 1 0 0 0 0 0] max score 1.00
