2018/11/27-22:45:06.815473 7fbaadcf1700 RocksDB version: 5.14.3
2018/11/27-22:45:06.815543 7fbaadcf1700 Git sha rocksdb_build_git_sha:
2018/11/27-22:45:06.815546 7fbaadcf1700 Compile date Nov 22 2018
2018/11/27-22:45:06.815551 7fbaadcf1700 DB SUMMARY
2018/11/27-22:45:06.815574 7fbaadcf1700 SST files in /mnt/sda/ycsb-rocksdb-data dir, Total Num: 0, files: 
2018/11/27-22:45:06.815577 7fbaadcf1700 Write Ahead Log file in /mnt/sda/ycsb-rocksdb-data: 
2018/11/27-22:45:06.815580 7fbaadcf1700                         Options.error_if_exists: 0
2018/11/27-22:45:06.815581 7fbaadcf1700                       Options.create_if_missing: 1
2018/11/27-22:45:06.815582 7fbaadcf1700                         Options.paranoid_checks: 1
2018/11/27-22:45:06.815583 7fbaadcf1700                                     Options.env: 0x7fba97ff82c0
2018/11/27-22:45:06.815584 7fbaadcf1700                                Options.info_log: 0x7fba203cbed0
2018/11/27-22:45:06.815585 7fbaadcf1700                Options.max_file_opening_threads: 16
2018/11/27-22:45:06.815586 7fbaadcf1700                              Options.statistics: (nil)
2018/11/27-22:45:06.815587 7fbaadcf1700                               Options.use_fsync: 0
2018/11/27-22:45:06.815588 7fbaadcf1700                       Options.max_log_file_size: 0
2018/11/27-22:45:06.815589 7fbaadcf1700                  Options.max_manifest_file_size: 18446744073709551615
2018/11/27-22:45:06.815590 7fbaadcf1700                   Options.log_file_time_to_roll: 0
2018/11/27-22:45:06.815591 7fbaadcf1700                       Options.keep_log_file_num: 1000
2018/11/27-22:45:06.815592 7fbaadcf1700                    Options.recycle_log_file_num: 0
2018/11/27-22:45:06.815593 7fbaadcf1700                         Options.allow_fallocate: 1
2018/11/27-22:45:06.815594 7fbaadcf1700                        Options.allow_mmap_reads: 0
2018/11/27-22:45:06.815595 7fbaadcf1700                       Options.allow_mmap_writes: 0
2018/11/27-22:45:06.815595 7fbaadcf1700                        Options.use_direct_reads: 0
2018/11/27-22:45:06.815596 7fbaadcf1700                        Options.use_direct_io_for_flush_and_compaction: 0
2018/11/27-22:45:06.815597 7fbaadcf1700          Options.create_missing_column_families: 1
2018/11/27-22:45:06.815598 7fbaadcf1700                              Options.db_log_dir: 
2018/11/27-22:45:06.815599 7fbaadcf1700                                 Options.wal_dir: /mnt/sda/ycsb-rocksdb-data
2018/11/27-22:45:06.815600 7fbaadcf1700                Options.table_cache_numshardbits: 6
2018/11/27-22:45:06.815601 7fbaadcf1700                      Options.max_subcompactions: 4
2018/11/27-22:45:06.815602 7fbaadcf1700                  Options.max_background_flushes: 24
2018/11/27-22:45:06.815603 7fbaadcf1700                         Options.WAL_ttl_seconds: 0
2018/11/27-22:45:06.815604 7fbaadcf1700                       Options.WAL_size_limit_MB: 0
2018/11/27-22:45:06.815605 7fbaadcf1700             Options.manifest_preallocation_size: 4194304
2018/11/27-22:45:06.815606 7fbaadcf1700                     Options.is_fd_close_on_exec: 1
2018/11/27-22:45:06.815607 7fbaadcf1700                   Options.advise_random_on_open: 1
2018/11/27-22:45:06.815608 7fbaadcf1700                    Options.db_write_buffer_size: 0
2018/11/27-22:45:06.815609 7fbaadcf1700                    Options.write_buffer_manager: 0x7fba203c8050
2018/11/27-22:45:06.815610 7fbaadcf1700         Options.access_hint_on_compaction_start: 1
2018/11/27-22:45:06.815611 7fbaadcf1700  Options.new_table_reader_for_compaction_inputs: 0
2018/11/27-22:45:06.815612 7fbaadcf1700           Options.random_access_max_buffer_size: 1048576
2018/11/27-22:45:06.815613 7fbaadcf1700                      Options.use_adaptive_mutex: 0
2018/11/27-22:45:06.815614 7fbaadcf1700                            Options.rate_limiter: (nil)
2018/11/27-22:45:06.815616 7fbaadcf1700     Options.sst_file_manager.rate_bytes_per_sec: 0
2018/11/27-22:45:06.815617 7fbaadcf1700                       Options.wal_recovery_mode: 2
2018/11/27-22:45:06.815618 7fbaadcf1700                  Options.enable_thread_tracking: 0
2018/11/27-22:45:06.815619 7fbaadcf1700                  Options.enable_pipelined_write: 1
2018/11/27-22:45:06.815628 7fbaadcf1700         Options.allow_concurrent_memtable_write: 1
2018/11/27-22:45:06.815630 7fbaadcf1700      Options.enable_write_thread_adaptive_yield: 1
2018/11/27-22:45:06.815631 7fbaadcf1700             Options.write_thread_max_yield_usec: 100
2018/11/27-22:45:06.815632 7fbaadcf1700            Options.write_thread_slow_yield_usec: 3
2018/11/27-22:45:06.815633 7fbaadcf1700                               Options.row_cache: None
2018/11/27-22:45:06.815634 7fbaadcf1700                              Options.wal_filter: None
2018/11/27-22:45:06.815635 7fbaadcf1700             Options.avoid_flush_during_recovery: 0
2018/11/27-22:45:06.815636 7fbaadcf1700             Options.allow_ingest_behind: 0
2018/11/27-22:45:06.815637 7fbaadcf1700             Options.preserve_deletes: 0
2018/11/27-22:45:06.815638 7fbaadcf1700             Options.two_write_queues: 0
2018/11/27-22:45:06.815639 7fbaadcf1700             Options.manual_wal_flush: 0
2018/11/27-22:45:06.815641 7fbaadcf1700             Options.max_background_jobs: 24
2018/11/27-22:45:06.815642 7fbaadcf1700             Options.max_background_compactions: 24
2018/11/27-22:45:06.815643 7fbaadcf1700             Options.avoid_flush_during_shutdown: 0
2018/11/27-22:45:06.815644 7fbaadcf1700           Options.writable_file_max_buffer_size: 1048576
2018/11/27-22:45:06.815645 7fbaadcf1700             Options.delayed_write_rate : 16777216
2018/11/27-22:45:06.815646 7fbaadcf1700             Options.max_total_wal_size: 0
2018/11/27-22:45:06.815647 7fbaadcf1700             Options.delete_obsolete_files_period_micros: 21600000000
2018/11/27-22:45:06.815648 7fbaadcf1700                   Options.stats_dump_period_sec: 60
2018/11/27-22:45:06.815649 7fbaadcf1700                          Options.max_open_files: -1
2018/11/27-22:45:06.815650 7fbaadcf1700                          Options.bytes_per_sync: 1048576
2018/11/27-22:45:06.815651 7fbaadcf1700                      Options.wal_bytes_per_sync: 0
2018/11/27-22:45:06.815652 7fbaadcf1700       Options.compaction_readahead_size: 0
2018/11/27-22:45:06.815653 7fbaadcf1700 Compression algorithms supported:
2018/11/27-22:45:06.815654 7fbaadcf1700 	kZSTDNotFinalCompression supported: 1
2018/11/27-22:45:06.815663 7fbaadcf1700 	kZSTD supported: 1
2018/11/27-22:45:06.815664 7fbaadcf1700 	kXpressCompression supported: 0
2018/11/27-22:45:06.815665 7fbaadcf1700 	kLZ4HCCompression supported: 1
2018/11/27-22:45:06.815666 7fbaadcf1700 	kLZ4Compression supported: 1
2018/11/27-22:45:06.815667 7fbaadcf1700 	kBZip2Compression supported: 1
2018/11/27-22:45:06.815668 7fbaadcf1700 	kZlibCompression supported: 1
2018/11/27-22:45:06.815669 7fbaadcf1700 	kSnappyCompression supported: 1
2018/11/27-22:45:06.815674 7fbaadcf1700 Fast CRC32 supported: Supported on x86
2018/11/27-22:45:06.815763 7fbaadcf1700 [db/db_impl_open.cc:222] Creating manifest 1 
2018/11/27-22:45:06.916709 7fbaadcf1700 [db/version_set.cc:3085] Recovering from manifest file: MANIFEST-000001
2018/11/27-22:45:06.916805 7fbaadcf1700 [db/column_family.cc:475] --------------- Options for column family [default]:
2018/11/27-22:45:06.916809 7fbaadcf1700               Options.comparator: leveldb.BytewiseComparator
2018/11/27-22:45:06.916810 7fbaadcf1700           Options.merge_operator: None
2018/11/27-22:45:06.916812 7fbaadcf1700        Options.compaction_filter: None
2018/11/27-22:45:06.916812 7fbaadcf1700        Options.compaction_filter_factory: None
2018/11/27-22:45:06.916813 7fbaadcf1700         Options.memtable_factory: SkipListFactory
2018/11/27-22:45:06.916815 7fbaadcf1700            Options.table_factory: BlockBasedTable
2018/11/27-22:45:06.916843 7fbaadcf1700            table_factory options:   flush_block_policy_factory: FlushBlockBySizePolicyFactory (0x7fba20375a50)
  cache_index_and_filter_blocks: 0
  cache_index_and_filter_blocks_with_high_priority: 0
  pin_l0_filter_and_index_blocks_in_cache: 0
  index_type: 0
  hash_index_allow_collision: 1
  checksum: 1
  no_block_cache: 0
  block_cache: 0x7fba203816e0
  block_cache_name: LRUCache
  block_cache_options:
    capacity : 8388608
    num_shard_bits : 4
    strict_capacity_limit : 0
    high_pri_pool_ratio: 0.000
  block_cache_compressed: (nil)
  persistent_cache: (nil)
  block_size: 8192
  block_size_deviation: 10
  block_restart_interval: 16
  index_block_restart_interval: 1
  metadata_block_size: 4096
  partition_filters: 0
  use_delta_encoding: 1
  filter_policy: nullptr
  whole_key_filtering: 1
  verify_compression: 0
  read_amp_bytes_per_bit: 0
  format_version: 2
  enable_index_compression: 1
  block_align: 0
2018/11/27-22:45:06.916860 7fbaadcf1700        Options.write_buffer_size: 134217728
2018/11/27-22:45:06.916862 7fbaadcf1700  Options.max_write_buffer_number: 24
2018/11/27-22:45:06.916863 7fbaadcf1700        Options.compression[0]: NoCompression
2018/11/27-22:45:06.916865 7fbaadcf1700        Options.compression[1]: NoCompression
2018/11/27-22:45:06.916866 7fbaadcf1700        Options.compression[2]: LZ4
2018/11/27-22:45:06.916867 7fbaadcf1700        Options.compression[3]: LZ4
2018/11/27-22:45:06.916868 7fbaadcf1700        Options.compression[4]: LZ4
2018/11/27-22:45:06.916869 7fbaadcf1700        Options.compression[5]: LZ4
2018/11/27-22:45:06.916870 7fbaadcf1700        Options.compression[6]: LZ4
2018/11/27-22:45:06.916871 7fbaadcf1700                  Options.bottommost_compression: Disabled
2018/11/27-22:45:06.916872 7fbaadcf1700       Options.prefix_extractor: nullptr
2018/11/27-22:45:06.916873 7fbaadcf1700   Options.memtable_insert_with_hint_prefix_extractor: nullptr
2018/11/27-22:45:06.916874 7fbaadcf1700             Options.num_levels: 7
2018/11/27-22:45:06.916875 7fbaadcf1700        Options.min_write_buffer_number_to_merge: 2
2018/11/27-22:45:06.916876 7fbaadcf1700     Options.max_write_buffer_number_to_maintain: 0
2018/11/27-22:45:06.916877 7fbaadcf1700            Options.compression_opts.window_bits: -14
2018/11/27-22:45:06.916878 7fbaadcf1700                  Options.compression_opts.level: -1
2018/11/27-22:45:06.916879 7fbaadcf1700               Options.compression_opts.strategy: 0
2018/11/27-22:45:06.916880 7fbaadcf1700         Options.compression_opts.max_dict_bytes: 0
2018/11/27-22:45:06.916881 7fbaadcf1700         Options.compression_opts.zstd_max_train_bytes: 0
2018/11/27-22:45:06.916882 7fbaadcf1700      Options.level0_file_num_compaction_trigger: 2
2018/11/27-22:45:06.916883 7fbaadcf1700          Options.level0_slowdown_writes_trigger: 20
2018/11/27-22:45:06.916884 7fbaadcf1700              Options.level0_stop_writes_trigger: 36
2018/11/27-22:45:06.916884 7fbaadcf1700                   Options.target_file_size_base: 67108864
2018/11/27-22:45:06.916885 7fbaadcf1700             Options.target_file_size_multiplier: 1
2018/11/27-22:45:06.916886 7fbaadcf1700                Options.max_bytes_for_level_base: 536870912
2018/11/27-22:45:06.916887 7fbaadcf1700 Options.level_compaction_dynamic_level_bytes: 0
2018/11/27-22:45:06.916888 7fbaadcf1700          Options.max_bytes_for_level_multiplier: 10.000000
2018/11/27-22:45:06.916891 7fbaadcf1700 Options.max_bytes_for_level_multiplier_addtl[0]: 1
2018/11/27-22:45:06.916892 7fbaadcf1700 Options.max_bytes_for_level_multiplier_addtl[1]: 1
2018/11/27-22:45:06.916893 7fbaadcf1700 Options.max_bytes_for_level_multiplier_addtl[2]: 1
2018/11/27-22:45:06.916894 7fbaadcf1700 Options.max_bytes_for_level_multiplier_addtl[3]: 1
2018/11/27-22:45:06.916895 7fbaadcf1700 Options.max_bytes_for_level_multiplier_addtl[4]: 1
2018/11/27-22:45:06.916896 7fbaadcf1700 Options.max_bytes_for_level_multiplier_addtl[5]: 1
2018/11/27-22:45:06.916897 7fbaadcf1700 Options.max_bytes_for_level_multiplier_addtl[6]: 1
2018/11/27-22:45:06.916898 7fbaadcf1700       Options.max_sequential_skip_in_iterations: 8
2018/11/27-22:45:06.916898 7fbaadcf1700                    Options.max_compaction_bytes: 1677721600
2018/11/27-22:45:06.916899 7fbaadcf1700                        Options.arena_block_size: 16777216
2018/11/27-22:45:06.916900 7fbaadcf1700   Options.soft_pending_compaction_bytes_limit: 68719476736
2018/11/27-22:45:06.916901 7fbaadcf1700   Options.hard_pending_compaction_bytes_limit: 274877906944
2018/11/27-22:45:06.916909 7fbaadcf1700       Options.rate_limit_delay_max_milliseconds: 100
2018/11/27-22:45:06.916910 7fbaadcf1700                Options.disable_auto_compactions: 0
2018/11/27-22:45:06.916913 7fbaadcf1700                        Options.compaction_style: kCompactionStyleLevel
2018/11/27-22:45:06.916914 7fbaadcf1700                          Options.compaction_pri: kByCompensatedSize
2018/11/27-22:45:06.916915 7fbaadcf1700 Options.compaction_options_universal.size_ratio: 1
2018/11/27-22:45:06.916916 7fbaadcf1700 Options.compaction_options_universal.min_merge_width: 2
2018/11/27-22:45:06.916918 7fbaadcf1700 Options.compaction_options_universal.max_merge_width: 4294967295
2018/11/27-22:45:06.916919 7fbaadcf1700 Options.compaction_options_universal.max_size_amplification_percent: 200
2018/11/27-22:45:06.916920 7fbaadcf1700 Options.compaction_options_universal.compression_size_percent: -1
2018/11/27-22:45:06.916921 7fbaadcf1700 Options.compaction_options_universal.stop_style: kCompactionStopStyleTotalSize
2018/11/27-22:45:06.916922 7fbaadcf1700 Options.compaction_options_fifo.max_table_files_size: 1073741824
2018/11/27-22:45:06.916923 7fbaadcf1700 Options.compaction_options_fifo.allow_compaction: 0
2018/11/27-22:45:06.916924 7fbaadcf1700 Options.compaction_options_fifo.ttl: 0
2018/11/27-22:45:06.916925 7fbaadcf1700                   Options.table_properties_collectors: 
2018/11/27-22:45:06.916926 7fbaadcf1700                   Options.inplace_update_support: 0
2018/11/27-22:45:06.916927 7fbaadcf1700                 Options.inplace_update_num_locks: 10000
2018/11/27-22:45:06.916928 7fbaadcf1700               Options.memtable_prefix_bloom_size_ratio: 0.000000
2018/11/27-22:45:06.916930 7fbaadcf1700   Options.memtable_huge_page_size: 0
2018/11/27-22:45:06.916931 7fbaadcf1700                           Options.bloom_locality: 0
2018/11/27-22:45:06.916932 7fbaadcf1700                    Options.max_successive_merges: 0
2018/11/27-22:45:06.916932 7fbaadcf1700                Options.optimize_filters_for_hits: 0
2018/11/27-22:45:06.916933 7fbaadcf1700                Options.paranoid_file_checks: 0
2018/11/27-22:45:06.916934 7fbaadcf1700                Options.force_consistency_checks: 0
2018/11/27-22:45:06.916935 7fbaadcf1700                Options.report_bg_io_stats: 0
2018/11/27-22:45:06.916936 7fbaadcf1700                               Options.ttl: 0
2018/11/27-22:45:06.917636 7fbaadcf1700 [db/version_set.cc:3361] Recovered from manifest file:/mnt/sda/ycsb-rocksdb-data/MANIFEST-000001 succeeded,manifest_file_number is 1, next_file_number is 3, last_sequence is 0, log_number is 0,prev_log_number is 0,max_column_family is 0,min_log_number_to_keep is 0
2018/11/27-22:45:06.917646 7fbaadcf1700 [db/version_set.cc:3369] Column family [default] (ID 0), log number is 0
2018/11/27-22:45:06.917851 7fbaadcf1700 [db/version_set.cc:2847] Creating manifest 4
2018/11/27-22:45:06.990084 7fbaadcf1700 [db/column_family.cc:475] --------------- Options for column family [usertable]:
2018/11/27-22:45:06.990089 7fbaadcf1700               Options.comparator: leveldb.BytewiseComparator
2018/11/27-22:45:06.990091 7fbaadcf1700           Options.merge_operator: None
2018/11/27-22:45:06.990092 7fbaadcf1700        Options.compaction_filter: None
2018/11/27-22:45:06.990093 7fbaadcf1700        Options.compaction_filter_factory: None
2018/11/27-22:45:06.990094 7fbaadcf1700         Options.memtable_factory: SkipListFactory
2018/11/27-22:45:06.990095 7fbaadcf1700            Options.table_factory: BlockBasedTable
2018/11/27-22:45:06.990121 7fbaadcf1700            table_factory options:   flush_block_policy_factory: FlushBlockBySizePolicyFactory (0x7fba20375b30)
  cache_index_and_filter_blocks: 0
  cache_index_and_filter_blocks_with_high_priority: 0
  pin_l0_filter_and_index_blocks_in_cache: 0
  index_type: 0
  hash_index_allow_collision: 1
  checksum: 1
  no_block_cache: 0
  block_cache: 0x7fba20384d10
  block_cache_name: LRUCache
  block_cache_options:
    capacity : 8388608
    num_shard_bits : 4
    strict_capacity_limit : 0
    high_pri_pool_ratio: 0.000
  block_cache_compressed: (nil)
  persistent_cache: (nil)
  block_size: 8192
  block_size_deviation: 10
  block_restart_interval: 16
  index_block_restart_interval: 1
  metadata_block_size: 4096
  partition_filters: 0
  use_delta_encoding: 1
  filter_policy: nullptr
  whole_key_filtering: 1
  verify_compression: 0
  read_amp_bytes_per_bit: 0
  format_version: 2
  enable_index_compression: 1
  block_align: 0
2018/11/27-22:45:06.990123 7fbaadcf1700        Options.write_buffer_size: 134217728
2018/11/27-22:45:06.990124 7fbaadcf1700  Options.max_write_buffer_number: 24
2018/11/27-22:45:06.990126 7fbaadcf1700        Options.compression[0]: NoCompression
2018/11/27-22:45:06.990127 7fbaadcf1700        Options.compression[1]: NoCompression
2018/11/27-22:45:06.990128 7fbaadcf1700        Options.compression[2]: LZ4
2018/11/27-22:45:06.990129 7fbaadcf1700        Options.compression[3]: LZ4
2018/11/27-22:45:06.990130 7fbaadcf1700        Options.compression[4]: LZ4
2018/11/27-22:45:06.990131 7fbaadcf1700        Options.compression[5]: LZ4
2018/11/27-22:45:06.990132 7fbaadcf1700        Options.compression[6]: LZ4
2018/11/27-22:45:06.990133 7fbaadcf1700                  Options.bottommost_compression: Disabled
2018/11/27-22:45:06.990134 7fbaadcf1700       Options.prefix_extractor: nullptr
2018/11/27-22:45:06.990135 7fbaadcf1700   Options.memtable_insert_with_hint_prefix_extractor: nullptr
2018/11/27-22:45:06.990135 7fbaadcf1700             Options.num_levels: 7
2018/11/27-22:45:06.990136 7fbaadcf1700        Options.min_write_buffer_number_to_merge: 2
2018/11/27-22:45:06.990137 7fbaadcf1700     Options.max_write_buffer_number_to_maintain: 0
2018/11/27-22:45:06.990138 7fbaadcf1700            Options.compression_opts.window_bits: -14
2018/11/27-22:45:06.990139 7fbaadcf1700                  Options.compression_opts.level: -1
2018/11/27-22:45:06.990140 7fbaadcf1700               Options.compression_opts.strategy: 0
2018/11/27-22:45:06.990141 7fbaadcf1700         Options.compression_opts.max_dict_bytes: 0
2018/11/27-22:45:06.990142 7fbaadcf1700         Options.compression_opts.zstd_max_train_bytes: 0
2018/11/27-22:45:06.990143 7fbaadcf1700      Options.level0_file_num_compaction_trigger: 2
2018/11/27-22:45:06.990144 7fbaadcf1700          Options.level0_slowdown_writes_trigger: 20
2018/11/27-22:45:06.990145 7fbaadcf1700              Options.level0_stop_writes_trigger: 36
2018/11/27-22:45:06.990146 7fbaadcf1700                   Options.target_file_size_base: 67108864
2018/11/27-22:45:06.990147 7fbaadcf1700             Options.target_file_size_multiplier: 1
2018/11/27-22:45:06.990147 7fbaadcf1700                Options.max_bytes_for_level_base: 536870912
2018/11/27-22:45:06.990148 7fbaadcf1700 Options.level_compaction_dynamic_level_bytes: 0
2018/11/27-22:45:06.990149 7fbaadcf1700          Options.max_bytes_for_level_multiplier: 10.000000
2018/11/27-22:45:06.990152 7fbaadcf1700 Options.max_bytes_for_level_multiplier_addtl[0]: 1
2018/11/27-22:45:06.990164 7fbaadcf1700 Options.max_bytes_for_level_multiplier_addtl[1]: 1
2018/11/27-22:45:06.990165 7fbaadcf1700 Options.max_bytes_for_level_multiplier_addtl[2]: 1
2018/11/27-22:45:06.990166 7fbaadcf1700 Options.max_bytes_for_level_multiplier_addtl[3]: 1
2018/11/27-22:45:06.990167 7fbaadcf1700 Options.max_bytes_for_level_multiplier_addtl[4]: 1
2018/11/27-22:45:06.990168 7fbaadcf1700 Options.max_bytes_for_level_multiplier_addtl[5]: 1
2018/11/27-22:45:06.990169 7fbaadcf1700 Options.max_bytes_for_level_multiplier_addtl[6]: 1
2018/11/27-22:45:06.990170 7fbaadcf1700       Options.max_sequential_skip_in_iterations: 8
2018/11/27-22:45:06.990171 7fbaadcf1700                    Options.max_compaction_bytes: 1677721600
2018/11/27-22:45:06.990172 7fbaadcf1700                        Options.arena_block_size: 16777216
2018/11/27-22:45:06.990173 7fbaadcf1700   Options.soft_pending_compaction_bytes_limit: 68719476736
2018/11/27-22:45:06.990174 7fbaadcf1700   Options.hard_pending_compaction_bytes_limit: 274877906944
2018/11/27-22:45:06.990175 7fbaadcf1700       Options.rate_limit_delay_max_milliseconds: 100
2018/11/27-22:45:06.990176 7fbaadcf1700                Options.disable_auto_compactions: 0
2018/11/27-22:45:06.990177 7fbaadcf1700                        Options.compaction_style: kCompactionStyleLevel
2018/11/27-22:45:06.990178 7fbaadcf1700                          Options.compaction_pri: kByCompensatedSize
2018/11/27-22:45:06.990179 7fbaadcf1700 Options.compaction_options_universal.size_ratio: 1
2018/11/27-22:45:06.990180 7fbaadcf1700 Options.compaction_options_universal.min_merge_width: 2
2018/11/27-22:45:06.990181 7fbaadcf1700 Options.compaction_options_universal.max_merge_width: 4294967295
2018/11/27-22:45:06.990182 7fbaadcf1700 Options.compaction_options_universal.max_size_amplification_percent: 200
2018/11/27-22:45:06.990183 7fbaadcf1700 Options.compaction_options_universal.compression_size_percent: -1
2018/11/27-22:45:06.990184 7fbaadcf1700 Options.compaction_options_universal.stop_style: kCompactionStopStyleTotalSize
2018/11/27-22:45:06.990185 7fbaadcf1700 Options.compaction_options_fifo.max_table_files_size: 1073741824
2018/11/27-22:45:06.990186 7fbaadcf1700 Options.compaction_options_fifo.allow_compaction: 0
2018/11/27-22:45:06.990187 7fbaadcf1700 Options.compaction_options_fifo.ttl: 0
2018/11/27-22:45:06.990188 7fbaadcf1700                   Options.table_properties_collectors: 
2018/11/27-22:45:06.990189 7fbaadcf1700                   Options.inplace_update_support: 0
2018/11/27-22:45:06.990190 7fbaadcf1700                 Options.inplace_update_num_locks: 10000
2018/11/27-22:45:06.990191 7fbaadcf1700               Options.memtable_prefix_bloom_size_ratio: 0.000000
2018/11/27-22:45:06.990193 7fbaadcf1700   Options.memtable_huge_page_size: 0
2018/11/27-22:45:06.990194 7fbaadcf1700                           Options.bloom_locality: 0
2018/11/27-22:45:06.990195 7fbaadcf1700                    Options.max_successive_merges: 0
2018/11/27-22:45:06.990195 7fbaadcf1700                Options.optimize_filters_for_hits: 0
2018/11/27-22:45:06.990196 7fbaadcf1700                Options.paranoid_file_checks: 0
2018/11/27-22:45:06.990197 7fbaadcf1700                Options.force_consistency_checks: 0
2018/11/27-22:45:06.990198 7fbaadcf1700                Options.report_bg_io_stats: 0
2018/11/27-22:45:06.990199 7fbaadcf1700                               Options.ttl: 0
2018/11/27-22:45:06.990254 7fbaadcf1700 [db/db_impl.cc:1396] Created column family [usertable] (ID 1)
2018/11/27-22:45:07.069061 7fbaadcf1700 [db/db_impl_open.cc:1219] DB pointer 0x7fba203cc690
2018/11/27-22:45:15.877338 7fbaac6ca700 [db/db_impl_write.cc:1373] [usertable] New memtable created with log file: #9. Immutable memtables: 0.
2018/11/27-22:45:24.842401 7fbaad5ea700 [db/db_impl_write.cc:1373] [usertable] New memtable created with log file: #10. Immutable memtables: 1.
2018/11/27-22:45:24.842604 7fb8e17fa700 [db/db_impl_compaction_flush.cc:80] [JOB 2] Syncing log #3
2018/11/27-22:45:25.094691 7fb8e17fa700 [db/db_impl_compaction_flush.cc:80] [JOB 2] Syncing log #9
2018/11/27-22:45:25.623540 7fb8e17fa700 (Original Log Time 2018/11/27-22:45:24.842549) [db/db_impl_compaction_flush.cc:1424] Calling FlushMemTableToOutputFile with column family [usertable], flush slots available 24, compaction slots available 1, flush slots scheduled 1, compaction slots scheduled 0
2018/11/27-22:45:25.623557 7fb8e17fa700 [db/flush_job.cc:301] [usertable] [JOB 2] Flushing memtable with next log file: 9
2018/11/27-22:45:25.623570 7fb8e17fa700 [db/flush_job.cc:301] [usertable] [JOB 2] Flushing memtable with next log file: 10
2018/11/27-22:45:25.623625 7fb8e17fa700 EVENT_LOG_v1 {"time_micros": 1543387525623606, "job": 2, "event": "flush_started", "num_memtables": 2, "num_entries": 62200, "num_deletes": 0, "memory_usage": 257829016, "flush_reason": "Write Buffer Full"}
2018/11/27-22:45:25.623638 7fb8e17fa700 [db/flush_job.cc:331] [usertable] [JOB 2] Level-0 flush table #11: started
2018/11/27-22:45:26.732028 7fb8e17fa700 EVENT_LOG_v1 {"time_micros": 1543387526732003, "cf_name": "usertable", "job": 2, "event": "table_file_creation", "file_number": 11, "file_size": 257595055, "table_properties": {"data_size": 256450600, "index_size": 1143528, "filter_size": 0, "raw_key_size": 1492800, "raw_average_key_size": 24, "raw_value_size": 254771200, "raw_average_value_size": 4096, "num_data_blocks": 31100, "num_entries": 62200, "filter_policy_name": "", "kDeletedKeys": "0", "kMergeOperands": "0"}}
2018/11/27-22:45:26.732057 7fb8e17fa700 [db/flush_job.cc:371] [usertable] [JOB 2] Level-0 flush table #11: 257595055 bytes OK
2018/11/27-22:45:26.838430 7fb8e17fa700 (Original Log Time 2018/11/27-22:45:26.732089) [db/memtable_list.cc:377] [usertable] Level-0 commit table #11 started
2018/11/27-22:45:26.838433 7fb8e17fa700 (Original Log Time 2018/11/27-22:45:26.838347) [db/memtable_list.cc:409] [usertable] Level-0 commit table #11: memtable #1 done
2018/11/27-22:45:26.838434 7fb8e17fa700 (Original Log Time 2018/11/27-22:45:26.838356) [db/memtable_list.cc:409] [usertable] Level-0 commit table #11: memtable #2 done
2018/11/27-22:45:26.838436 7fb8e17fa700 (Original Log Time 2018/11/27-22:45:26.838374) EVENT_LOG_v1 {"time_micros": 1543387526838365, "job": 2, "event": "flush_finished", "output_compression": "NoCompression", "lsm_state": [1, 0, 0, 0, 0, 0, 0], "immutable_memtables": 0}
2018/11/27-22:45:26.838437 7fb8e17fa700 (Original Log Time 2018/11/27-22:45:26.838402) [db/db_impl_compaction_flush.cc:177] [usertable] Level summary: base level 1 max bytes base 536870912 files[1 0 0 0 0 0 0] max score 0.50
2018/11/27-22:45:26.838451 7fb8e17fa700 [db/db_impl_files.cc:347] [JOB 2] Try to delete WAL files size 256792444, prev total WAL file size 285643808, number of live WAL files 3.
2018/11/27-22:45:33.808785 7fbaad6eb700 [db/db_impl_write.cc:1373] [usertable] New memtable created with log file: #12. Immutable memtables: 0.
2018/11/27-22:45:42.773967 7fbaac8cc700 [db/db_impl_write.cc:1373] [usertable] New memtable created with log file: #13. Immutable memtables: 1.
2018/11/27-22:45:42.774054 7fb9427fc700 [db/db_impl_compaction_flush.cc:80] [JOB 3] Syncing log #10
2018/11/27-22:45:43.287683 7fb9427fc700 [db/db_impl_compaction_flush.cc:80] [JOB 3] Syncing log #12
2018/11/27-22:45:43.815219 7fb9427fc700 (Original Log Time 2018/11/27-22:45:42.774033) [db/db_impl_compaction_flush.cc:1424] Calling FlushMemTableToOutputFile with column family [usertable], flush slots available 24, compaction slots available 1, flush slots scheduled 1, compaction slots scheduled 0
2018/11/27-22:45:43.815232 7fb9427fc700 [db/flush_job.cc:301] [usertable] [JOB 3] Flushing memtable with next log file: 12
2018/11/27-22:45:43.815241 7fb9427fc700 [db/flush_job.cc:301] [usertable] [JOB 3] Flushing memtable with next log file: 13
2018/11/27-22:45:43.815282 7fb9427fc700 EVENT_LOG_v1 {"time_micros": 1543387543815268, "job": 3, "event": "flush_started", "num_memtables": 2, "num_entries": 62760, "num_deletes": 0, "memory_usage": 260069792, "flush_reason": "Write Buffer Full"}
2018/11/27-22:45:43.815290 7fb9427fc700 [db/flush_job.cc:331] [usertable] [JOB 3] Level-0 flush table #14: started
2018/11/27-22:45:44.735008 7fb9427fc700 EVENT_LOG_v1 {"time_micros": 1543387544734984, "cf_name": "usertable", "job": 3, "event": "table_file_creation", "file_number": 14, "file_size": 259914232, "table_properties": {"data_size": 258759480, "index_size": 1153825, "filter_size": 0, "raw_key_size": 1506240, "raw_average_key_size": 24, "raw_value_size": 257064960, "raw_average_value_size": 4096, "num_data_blocks": 31380, "num_entries": 62760, "filter_policy_name": "", "kDeletedKeys": "0", "kMergeOperands": "0"}}
2018/11/27-22:45:44.735030 7fb9427fc700 [db/flush_job.cc:371] [usertable] [JOB 3] Level-0 flush table #14: 259914232 bytes OK
2018/11/27-22:45:44.763782 7fb9427fc700 (Original Log Time 2018/11/27-22:45:44.735047) [db/memtable_list.cc:377] [usertable] Level-0 commit table #14 started
2018/11/27-22:45:44.763786 7fb9427fc700 (Original Log Time 2018/11/27-22:45:44.763697) [db/memtable_list.cc:409] [usertable] Level-0 commit table #14: memtable #1 done
2018/11/27-22:45:44.763789 7fb9427fc700 (Original Log Time 2018/11/27-22:45:44.763700) [db/memtable_list.cc:409] [usertable] Level-0 commit table #14: memtable #2 done
2018/11/27-22:45:44.763791 7fb9427fc700 (Original Log Time 2018/11/27-22:45:44.763715) EVENT_LOG_v1 {"time_micros": 1543387544763707, "job": 3, "event": "flush_finished", "output_compression": "NoCompression", "lsm_state": [2, 0, 0, 0, 0, 0, 0], "immutable_memtables": 0}
2018/11/27-22:45:44.763794 7fb9427fc700 (Original Log Time 2018/11/27-22:45:44.763757) [db/db_impl_compaction_flush.cc:177] [usertable] Level summary: base level 1 max bytes base 536870912 files[2 0 0 0 0 0 0] max score 1.00
2018/11/27-22:45:44.763807 7fb9427fc700 [db/db_impl_files.cc:347] [JOB 3] Try to delete WAL files size 259114860, prev total WAL file size 287863719, number of live WAL files 3.
2018/11/27-22:45:44.764018 7fba97680700 [WARN] [db/db_impl.cc:491] ------- DUMPING STATS -------
2018/11/27-22:45:44.764079 7fba97680700 [WARN] [db/db_impl.cc:492] 
** DB Stats **
Uptime(secs): 37.8 total, 37.8 interval
Cumulative writes: 131K writes, 131K keys, 127K commit groups, 1.0 writes per commit group, ingest: 0.51 GB, 13.72 MB/s
Cumulative WAL: 131K writes, 0 syncs, 131924.00 writes per sync, written: 0.51 GB, 13.72 MB/s
Cumulative stall: 00:00:0.000 H:M:S, 0.0 percent
Interval writes: 131K writes, 131K keys, 127K commit groups, 1.0 writes per commit group, ingest: 519.43 MB, 13.72 MB/s
Interval WAL: 131K writes, 0 syncs, 131924.00 writes per sync, written: 0.51 MB, 13.72 MB/s
Interval stall: 00:00:0.000 H:M:S, 0.0 percent

** Compaction Stats [default] **
Level    Files   Size     Score Read(GB)  Rn(GB) Rnp1(GB) Write(GB) Wnew(GB) Moved(GB) W-Amp Rd(MB/s) Wr(MB/s) Comp(sec) Comp(cnt) Avg(sec) KeyIn KeyDrop
----------------------------------------------------------------------------------------------------------------------------------------------------------
 Sum      0/0    0.00 KB   0.0      0.0     0.0      0.0       0.0      0.0       0.0   0.0      0.0      0.0         0         0    0.000       0      0
 Int      0/0    0.00 KB   0.0      0.0     0.0      0.0       0.0      0.0       0.0   0.0      0.0      0.0         0         0    0.000       0      0
Uptime(secs): 37.8 total, 37.8 interval
Flush(GB): cumulative 0.000, interval 0.000
AddFile(GB): cumulative 0.000, interval 0.000
AddFile(Total Files): cumulative 0, interval 0
AddFile(L0 Files): cumulative 0, interval 0
AddFile(Keys): cumulative 0, interval 0
Cumulative compaction: 0.00 GB write, 0.00 MB/s write, 0.00 GB read, 0.00 MB/s read, 0.0 seconds
Interval compaction: 0.00 GB write, 0.00 MB/s write, 0.00 GB read, 0.00 MB/s read, 0.0 seconds
Stalls(count): 0 level0_slowdown, 0 level0_slowdown_with_compaction, 0 level0_numfiles, 0 level0_numfiles_with_compaction, 0 stop for pending_compaction_bytes, 0 slowdown for pending_compaction_bytes, 0 memtable_compaction, 0 memtable_slowdown, interval 0 total count

** File Read Latency Histogram By Level [default] **

** Compaction Stats [usertable] **
Level    Files   Size     Score Read(GB)  Rn(GB) Rnp1(GB) Write(GB) Wnew(GB) Moved(GB) W-Amp Rd(MB/s) Wr(MB/s) Comp(sec) Comp(cnt) Avg(sec) KeyIn KeyDrop
----------------------------------------------------------------------------------------------------------------------------------------------------------
  L0      2/0   493.54 MB   1.0      0.0     0.0      0.0       0.5      0.5       0.0   1.0      0.0    243.3         2         2    1.014       0      0
 Sum      2/0   493.54 MB   0.0      0.0     0.0      0.0       0.5      0.5       0.0   1.0      0.0    243.3         2         2    1.014       0      0
 Int      0/0    0.00 KB   0.0      0.0     0.0      0.0       0.5      0.5       0.0   1.0      0.0    243.3         2         2    1.014       0      0
Uptime(secs): 37.8 total, 37.8 interval
Flush(GB): cumulative 0.482, interval 0.482
AddFile(GB): cumulative 0.000, interval 0.000
AddFile(Total Files): cumulative 0, interval 0
AddFile(L0 Files): cumulative 0, interval 0
AddFile(Keys): cumulative 0, interval 0
Cumulative compaction: 0.48 GB write, 13.07 MB/s write, 0.00 GB read, 0.00 MB/s read, 2.0 seconds
Interval compaction: 0.48 GB write, 13.07 MB/s write, 0.00 GB read, 0.00 MB/s read, 2.0 seconds
Stalls(count): 0 level0_slowdown, 0 level0_slowdown_with_compaction, 0 level0_numfiles, 0 level0_numfiles_with_compaction, 0 stop for pending_compaction_bytes, 0 slowdown for pending_compaction_bytes, 0 memtable_compaction, 0 memtable_slowdown, interval 0 total count

** File Read Latency Histogram By Level [usertable] **

** Compaction Stats [default] **
Level    Files   Size     Score Read(GB)  Rn(GB) Rnp1(GB) Write(GB) Wnew(GB) Moved(GB) W-Amp Rd(MB/s) Wr(MB/s) Comp(sec) Comp(cnt) Avg(sec) KeyIn KeyDrop
----------------------------------------------------------------------------------------------------------------------------------------------------------
 Sum      0/0    0.00 KB   0.0      0.0     0.0      0.0       0.0      0.0       0.0   0.0      0.0      0.0         0         0    0.000       0      0
 Int      0/0    0.00 KB   0.0      0.0     0.0      0.0       0.0      0.0       0.0   0.0      0.0      0.0         0         0    0.000       0      0
Uptime(secs): 37.8 total, 0.0 interval
Flush(GB): cumulative 0.000, interval 0.000
AddFile(GB): cumulative 0.000, interval 0.000
AddFile(Total Files): cumulative 0, interval 0
AddFile(L0 Files): cumulative 0, interval 0
AddFile(Keys): cumulative 0, interval 0
Cumulative compaction: 0.00 GB write, 0.00 MB/s write, 0.00 GB read, 0.00 MB/s read, 0.0 seconds
Interval compaction: 0.00 GB write, 0.00 MB/s write, 0.00 GB read, 0.00 MB/s read, 0.0 seconds
Stalls(count): 0 level0_slowdown, 0 level0_slowdown_with_compaction, 0 level0_numfiles, 0 level0_numfiles_with_compaction, 0 stop for pending_compaction_bytes, 0 slowdown for pending_compaction_bytes, 0 memtable_compaction, 0 memtable_slowdown, interval 0 total count

** File Read Latency Histogram By Level [default] **

** Compaction Stats [usertable] **
Level    Files   Size     Score Read(GB)  Rn(GB) Rnp1(GB) Write(GB) Wnew(GB) Moved(GB) W-Amp Rd(MB/s) Wr(MB/s) Comp(sec) Comp(cnt) Avg(sec) KeyIn KeyDrop
----------------------------------------------------------------------------------------------------------------------------------------------------------
  L0      2/0   493.54 MB   1.0      0.0     0.0      0.0       0.5      0.5       0.0   1.0      0.0    243.3         2         2    1.014       0      0
 Sum      2/0   493.54 MB   0.0      0.0     0.0      0.0       0.5      0.5       0.0   1.0      0.0    243.3         2         2    1.014       0      0
 Int      0/0    0.00 KB   0.0      0.0     0.0      0.0       0.0      0.0       0.0   0.0      0.0      0.0         0         0    0.000       0      0
Uptime(secs): 37.8 total, 0.0 interval
Flush(GB): cumulative 0.482, interval 0.000
AddFile(GB): cumulative 0.000, interval 0.000
AddFile(Total Files): cumulative 0, interval 0
AddFile(L0 Files): cumulative 0, interval 0
AddFile(Keys): cumulative 0, interval 0
Cumulative compaction: 0.48 GB write, 13.07 MB/s write, 0.00 GB read, 0.00 MB/s read, 2.0 seconds
Interval compaction: 0.00 GB write, 0.00 MB/s write, 0.00 GB read, 0.00 MB/s read, 0.0 seconds
Stalls(count): 0 level0_slowdown, 0 level0_slowdown_with_compaction, 0 level0_numfiles, 0 level0_numfiles_with_compaction, 0 stop for pending_compaction_bytes, 0 slowdown for pending_compaction_bytes, 0 memtable_compaction, 0 memtable_slowdown, interval 0 total count

** File Read Latency Histogram By Level [usertable] **
2018/11/27-22:45:44.792774 7fba97680700 (Original Log Time 2018/11/27-22:45:44.764194) [db/db_impl_compaction_flush.cc:1835] [usertable] Moving #14 to level-1 259914232 bytes
2018/11/27-22:45:44.792779 7fba97680700 (Original Log Time 2018/11/27-22:45:44.792716) EVENT_LOG_v1 {"time_micros": 1543387544792701, "job": 4, "event": "trivial_move", "destination_level": 1, "files": 1, "total_files_size": 259914232}
2018/11/27-22:45:44.792782 7fba97680700 (Original Log Time 2018/11/27-22:45:44.792731) [db/db_impl_compaction_flush.cc:1864] [usertable] Moved #1 files to level-1 259914232 bytes OK: base level 1 max bytes base 536870912 files[1 1 0 0 0 0 0] max score 0.50
2018/11/27-22:45:51.454104 7fbaad4e9700 [db/db_impl_write.cc:1373] [usertable] New memtable created with log file: #15. Immutable memtables: 0.
2018/11/27-22:46:00.419659 7fbaacace700 [db/db_impl_write.cc:1373] [usertable] New memtable created with log file: #16. Immutable memtables: 1.
2018/11/27-22:46:00.419765 7fb941ffb700 [db/db_impl_compaction_flush.cc:80] [JOB 5] Syncing log #13
2018/11/27-22:46:00.908101 7fb941ffb700 [db/db_impl_compaction_flush.cc:80] [JOB 5] Syncing log #15
2018/11/27-22:46:01.422577 7fb941ffb700 (Original Log Time 2018/11/27-22:46:00.419748) [db/db_impl_compaction_flush.cc:1424] Calling FlushMemTableToOutputFile with column family [usertable], flush slots available 24, compaction slots available 1, flush slots scheduled 1, compaction slots scheduled 0
2018/11/27-22:46:01.422593 7fb941ffb700 [db/flush_job.cc:301] [usertable] [JOB 5] Flushing memtable with next log file: 15
2018/11/27-22:46:01.422600 7fb941ffb700 [db/flush_job.cc:301] [usertable] [JOB 5] Flushing memtable with next log file: 16
2018/11/27-22:46:01.422636 7fb941ffb700 EVENT_LOG_v1 {"time_micros": 1543387561422628, "job": 5, "event": "flush_started", "num_memtables": 2, "num_entries": 61760, "num_deletes": 0, "memory_usage": 260054672, "flush_reason": "Write Buffer Full"}
2018/11/27-22:46:01.422642 7fb941ffb700 [db/flush_job.cc:331] [usertable] [JOB 5] Level-0 flush table #17: started
2018/11/27-22:46:03.082625 7fb941ffb700 EVENT_LOG_v1 {"time_micros": 1543387563082593, "cf_name": "usertable", "job": 5, "event": "table_file_creation", "file_number": 17, "file_size": 255772842, "table_properties": {"data_size": 254636480, "index_size": 1135435, "filter_size": 0, "raw_key_size": 1482240, "raw_average_key_size": 24, "raw_value_size": 252968960, "raw_average_value_size": 4096, "num_data_blocks": 30880, "num_entries": 61760, "filter_policy_name": "", "kDeletedKeys": "0", "kMergeOperands": "0"}}
2018/11/27-22:46:03.082645 7fb941ffb700 [db/flush_job.cc:371] [usertable] [JOB 5] Level-0 flush table #17: 255772842 bytes OK
2018/11/27-22:46:03.154110 7fb941ffb700 (Original Log Time 2018/11/27-22:46:03.082660) [db/memtable_list.cc:377] [usertable] Level-0 commit table #17 started
2018/11/27-22:46:03.154114 7fb941ffb700 (Original Log Time 2018/11/27-22:46:03.154016) [db/memtable_list.cc:409] [usertable] Level-0 commit table #17: memtable #1 done
2018/11/27-22:46:03.154116 7fb941ffb700 (Original Log Time 2018/11/27-22:46:03.154022) [db/memtable_list.cc:409] [usertable] Level-0 commit table #17: memtable #2 done
2018/11/27-22:46:03.154117 7fb941ffb700 (Original Log Time 2018/11/27-22:46:03.154049) EVENT_LOG_v1 {"time_micros": 1543387563154038, "job": 5, "event": "flush_finished", "output_compression": "NoCompression", "lsm_state": [2, 1, 0, 0, 0, 0, 0], "immutable_memtables": 0}
2018/11/27-22:46:03.154119 7fb941ffb700 (Original Log Time 2018/11/27-22:46:03.154086) [db/db_impl_compaction_flush.cc:177] [usertable] Level summary: base level 1 max bytes base 536870912 files[2 1 0 0 0 0 0] max score 1.00
