2018/12/30-01:21:35.733830 7ff2b84bf700 RocksDB version: 5.14.3
2018/12/30-01:21:35.733883 7ff2b84bf700 Git sha rocksdb_build_git_sha:
2018/12/30-01:21:35.733886 7ff2b84bf700 Compile date Dec 29 2018
2018/12/30-01:21:35.733890 7ff2b84bf700 DB SUMMARY
2018/12/30-01:21:35.734502 7ff2b84bf700 CURRENT file:  CURRENT
2018/12/30-01:21:35.734504 7ff2b84bf700 IDENTITY file:  IDENTITY
2018/12/30-01:21:35.734532 7ff2b84bf700 MANIFEST file:  MANIFEST-000004 size: 123066 Bytes
2018/12/30-01:21:35.734535 7ff2b84bf700 SST files in /mnt/sda/ycsb-rocksdb-data dir, Total Num: 682, files: 000021.sst 000022.sst 000023.sst 000024.sst 000028.sst 000029.sst 000030.sst 000031.sst 000035.sst 
2018/12/30-01:21:35.734537 7ff2b84bf700 Write Ahead Log file in /mnt/sda/ycsb-rocksdb-data: 001210.log size: 129844512 ; 001216.log size: 92612250 ; 
2018/12/30-01:21:35.734542 7ff2b84bf700                         Options.error_if_exists: 0
2018/12/30-01:21:35.734544 7ff2b84bf700                       Options.create_if_missing: 1
2018/12/30-01:21:35.734545 7ff2b84bf700                         Options.paranoid_checks: 1
2018/12/30-01:21:35.734546 7ff2b84bf700                                     Options.env: 0x7ff2b1a532c0
2018/12/30-01:21:35.734547 7ff2b84bf700                                Options.info_log: 0x7ff1ec3cd2f0
2018/12/30-01:21:35.734548 7ff2b84bf700                Options.max_file_opening_threads: 16
2018/12/30-01:21:35.734549 7ff2b84bf700                              Options.statistics: (nil)
2018/12/30-01:21:35.734550 7ff2b84bf700                               Options.use_fsync: 0
2018/12/30-01:21:35.734551 7ff2b84bf700                       Options.max_log_file_size: 0
2018/12/30-01:21:35.734552 7ff2b84bf700                  Options.max_manifest_file_size: 18446744073709551615
2018/12/30-01:21:35.734553 7ff2b84bf700                   Options.log_file_time_to_roll: 0
2018/12/30-01:21:35.734554 7ff2b84bf700                       Options.keep_log_file_num: 1000
2018/12/30-01:21:35.734555 7ff2b84bf700                    Options.recycle_log_file_num: 0
2018/12/30-01:21:35.734556 7ff2b84bf700                         Options.allow_fallocate: 1
2018/12/30-01:21:35.734557 7ff2b84bf700                        Options.allow_mmap_reads: 0
2018/12/30-01:21:35.734558 7ff2b84bf700                       Options.allow_mmap_writes: 0
2018/12/30-01:21:35.734559 7ff2b84bf700                        Options.use_direct_reads: 0
2018/12/30-01:21:35.734560 7ff2b84bf700                        Options.use_direct_io_for_flush_and_compaction: 0
2018/12/30-01:21:35.734562 7ff2b84bf700          Options.create_missing_column_families: 1
2018/12/30-01:21:35.734562 7ff2b84bf700                              Options.db_log_dir: 
2018/12/30-01:21:35.734564 7ff2b84bf700                                 Options.wal_dir: /mnt/sda/ycsb-rocksdb-data
2018/12/30-01:21:35.734565 7ff2b84bf700                Options.table_cache_numshardbits: 6
2018/12/30-01:21:35.734566 7ff2b84bf700                      Options.max_subcompactions: 4
2018/12/30-01:21:35.734567 7ff2b84bf700                  Options.max_background_flushes: 24
2018/12/30-01:21:35.734568 7ff2b84bf700                         Options.WAL_ttl_seconds: 0
2018/12/30-01:21:35.734569 7ff2b84bf700                       Options.WAL_size_limit_MB: 0
2018/12/30-01:21:35.734570 7ff2b84bf700             Options.manifest_preallocation_size: 4194304
2018/12/30-01:21:35.734571 7ff2b84bf700                     Options.is_fd_close_on_exec: 1
2018/12/30-01:21:35.734572 7ff2b84bf700                   Options.advise_random_on_open: 1
2018/12/30-01:21:35.734573 7ff2b84bf700                    Options.db_write_buffer_size: 0
2018/12/30-01:21:35.734574 7ff2b84bf700                    Options.write_buffer_manager: 0x7ff1ec3ca0c0
2018/12/30-01:21:35.734575 7ff2b84bf700         Options.access_hint_on_compaction_start: 1
2018/12/30-01:21:35.734576 7ff2b84bf700  Options.new_table_reader_for_compaction_inputs: 0
2018/12/30-01:21:35.734577 7ff2b84bf700           Options.random_access_max_buffer_size: 1048576
2018/12/30-01:21:35.734578 7ff2b84bf700                      Options.use_adaptive_mutex: 0
2018/12/30-01:21:35.734579 7ff2b84bf700                            Options.rate_limiter: (nil)
2018/12/30-01:21:35.734595 7ff2b84bf700     Options.sst_file_manager.rate_bytes_per_sec: 0
2018/12/30-01:21:35.734597 7ff2b84bf700                       Options.wal_recovery_mode: 2
2018/12/30-01:21:35.734598 7ff2b84bf700                  Options.enable_thread_tracking: 0
2018/12/30-01:21:35.734599 7ff2b84bf700                  Options.enable_pipelined_write: 1
2018/12/30-01:21:35.734600 7ff2b84bf700         Options.allow_concurrent_memtable_write: 1
2018/12/30-01:21:35.734601 7ff2b84bf700      Options.enable_write_thread_adaptive_yield: 1
2018/12/30-01:21:35.734602 7ff2b84bf700             Options.write_thread_max_yield_usec: 100
2018/12/30-01:21:35.734603 7ff2b84bf700            Options.write_thread_slow_yield_usec: 3
2018/12/30-01:21:35.734604 7ff2b84bf700                               Options.row_cache: None
2018/12/30-01:21:35.734605 7ff2b84bf700                              Options.wal_filter: None
2018/12/30-01:21:35.734606 7ff2b84bf700             Options.avoid_flush_during_recovery: 0
2018/12/30-01:21:35.734607 7ff2b84bf700             Options.allow_ingest_behind: 0
2018/12/30-01:21:35.734608 7ff2b84bf700             Options.preserve_deletes: 0
2018/12/30-01:21:35.734609 7ff2b84bf700             Options.two_write_queues: 0
2018/12/30-01:21:35.734610 7ff2b84bf700             Options.manual_wal_flush: 0
2018/12/30-01:21:35.734612 7ff2b84bf700             Options.max_background_jobs: 24
2018/12/30-01:21:35.734613 7ff2b84bf700             Options.max_background_compactions: 24
2018/12/30-01:21:35.734614 7ff2b84bf700             Options.avoid_flush_during_shutdown: 0
2018/12/30-01:21:35.734615 7ff2b84bf700           Options.writable_file_max_buffer_size: 1048576
2018/12/30-01:21:35.734616 7ff2b84bf700             Options.delayed_write_rate : 16777216
2018/12/30-01:21:35.734617 7ff2b84bf700             Options.max_total_wal_size: 0
2018/12/30-01:21:35.734618 7ff2b84bf700             Options.delete_obsolete_files_period_micros: 21600000000
2018/12/30-01:21:35.734619 7ff2b84bf700                   Options.stats_dump_period_sec: 60
2018/12/30-01:21:35.734620 7ff2b84bf700                          Options.max_open_files: -1
2018/12/30-01:21:35.734621 7ff2b84bf700                          Options.bytes_per_sync: 1048576
2018/12/30-01:21:35.734622 7ff2b84bf700                      Options.wal_bytes_per_sync: 0
2018/12/30-01:21:35.734623 7ff2b84bf700       Options.compaction_readahead_size: 0
2018/12/30-01:21:35.734624 7ff2b84bf700 Compression algorithms supported:
2018/12/30-01:21:35.734626 7ff2b84bf700 	kZSTDNotFinalCompression supported: 1
2018/12/30-01:21:35.734634 7ff2b84bf700 	kZSTD supported: 1
2018/12/30-01:21:35.734635 7ff2b84bf700 	kXpressCompression supported: 0
2018/12/30-01:21:35.734636 7ff2b84bf700 	kLZ4HCCompression supported: 1
2018/12/30-01:21:35.734638 7ff2b84bf700 	kLZ4Compression supported: 1
2018/12/30-01:21:35.734639 7ff2b84bf700 	kBZip2Compression supported: 1
2018/12/30-01:21:35.734640 7ff2b84bf700 	kZlibCompression supported: 1
2018/12/30-01:21:35.734641 7ff2b84bf700 	kSnappyCompression supported: 1
2018/12/30-01:21:35.734646 7ff2b84bf700 Fast CRC32 supported: Supported on x86
2018/12/30-01:21:35.735077 7ff2b84bf700 [db/version_set.cc:3085] Recovering from manifest file: MANIFEST-000004
2018/12/30-01:21:35.735168 7ff2b84bf700 [db/column_family.cc:475] --------------- Options for column family [default]:
2018/12/30-01:21:35.735172 7ff2b84bf700               Options.comparator: leveldb.BytewiseComparator
2018/12/30-01:21:35.735173 7ff2b84bf700           Options.merge_operator: None
2018/12/30-01:21:35.735174 7ff2b84bf700        Options.compaction_filter: None
2018/12/30-01:21:35.735175 7ff2b84bf700        Options.compaction_filter_factory: None
2018/12/30-01:21:35.735176 7ff2b84bf700         Options.memtable_factory: SkipListFactory
2018/12/30-01:21:35.735177 7ff2b84bf700            Options.table_factory: BlockBasedTable
2018/12/30-01:21:35.735204 7ff2b84bf700            table_factory options:   flush_block_policy_factory: FlushBlockBySizePolicyFactory (0x7ff1ec376e20)
  cache_index_and_filter_blocks: 0
  cache_index_and_filter_blocks_with_high_priority: 0
  pin_l0_filter_and_index_blocks_in_cache: 0
  index_type: 0
  hash_index_allow_collision: 1
  checksum: 1
  no_block_cache: 0
  block_cache: 0x7ff1ec3829d0
  block_cache_name: LRUCache
  block_cache_options:
    capacity : 8388608
    num_shard_bits : 4
    strict_capacity_limit : 0
    high_pri_pool_ratio: 0.000
  block_cache_compressed: (nil)
  persistent_cache: (nil)
  block_size: 8192
  block_size_deviation: 10
  block_restart_interval: 16
  index_block_restart_interval: 1
  metadata_block_size: 4096
  partition_filters: 0
  use_delta_encoding: 1
  filter_policy: nullptr
  whole_key_filtering: 1
  verify_compression: 0
  read_amp_bytes_per_bit: 0
  format_version: 2
  enable_index_compression: 1
  block_align: 0
2018/12/30-01:21:35.735217 7ff2b84bf700        Options.write_buffer_size: 134217728
2018/12/30-01:21:35.735219 7ff2b84bf700  Options.max_write_buffer_number: 24
2018/12/30-01:21:35.735221 7ff2b84bf700        Options.compression[0]: NoCompression
2018/12/30-01:21:35.735222 7ff2b84bf700        Options.compression[1]: NoCompression
2018/12/30-01:21:35.735223 7ff2b84bf700        Options.compression[2]: LZ4
2018/12/30-01:21:35.735224 7ff2b84bf700        Options.compression[3]: LZ4
2018/12/30-01:21:35.735225 7ff2b84bf700        Options.compression[4]: LZ4
2018/12/30-01:21:35.735226 7ff2b84bf700        Options.compression[5]: LZ4
2018/12/30-01:21:35.735228 7ff2b84bf700        Options.compression[6]: LZ4
2018/12/30-01:21:35.735229 7ff2b84bf700                  Options.bottommost_compression: Disabled
2018/12/30-01:21:35.735230 7ff2b84bf700       Options.prefix_extractor: nullptr
2018/12/30-01:21:35.735231 7ff2b84bf700   Options.memtable_insert_with_hint_prefix_extractor: nullptr
2018/12/30-01:21:35.735232 7ff2b84bf700             Options.num_levels: 7
2018/12/30-01:21:35.735233 7ff2b84bf700        Options.min_write_buffer_number_to_merge: 2
2018/12/30-01:21:35.735234 7ff2b84bf700     Options.max_write_buffer_number_to_maintain: 0
2018/12/30-01:21:35.735235 7ff2b84bf700            Options.compression_opts.window_bits: -14
2018/12/30-01:21:35.735236 7ff2b84bf700                  Options.compression_opts.level: -1
2018/12/30-01:21:35.735237 7ff2b84bf700               Options.compression_opts.strategy: 0
2018/12/30-01:21:35.735238 7ff2b84bf700         Options.compression_opts.max_dict_bytes: 0
2018/12/30-01:21:35.735239 7ff2b84bf700         Options.compression_opts.zstd_max_train_bytes: 0
2018/12/30-01:21:35.735240 7ff2b84bf700      Options.level0_file_num_compaction_trigger: 2
2018/12/30-01:21:35.735241 7ff2b84bf700          Options.level0_slowdown_writes_trigger: 20
2018/12/30-01:21:35.735242 7ff2b84bf700              Options.level0_stop_writes_trigger: 36
2018/12/30-01:21:35.735243 7ff2b84bf700                   Options.target_file_size_base: 67108864
2018/12/30-01:21:35.735244 7ff2b84bf700             Options.target_file_size_multiplier: 1
2018/12/30-01:21:35.735245 7ff2b84bf700                Options.max_bytes_for_level_base: 536870912
2018/12/30-01:21:35.735246 7ff2b84bf700 Options.level_compaction_dynamic_level_bytes: 0
2018/12/30-01:21:35.735247 7ff2b84bf700          Options.max_bytes_for_level_multiplier: 10.000000
2018/12/30-01:21:35.735251 7ff2b84bf700 Options.max_bytes_for_level_multiplier_addtl[0]: 1
2018/12/30-01:21:35.735252 7ff2b84bf700 Options.max_bytes_for_level_multiplier_addtl[1]: 1
2018/12/30-01:21:35.735253 7ff2b84bf700 Options.max_bytes_for_level_multiplier_addtl[2]: 1
2018/12/30-01:21:35.735254 7ff2b84bf700 Options.max_bytes_for_level_multiplier_addtl[3]: 1
2018/12/30-01:21:35.735255 7ff2b84bf700 Options.max_bytes_for_level_multiplier_addtl[4]: 1
2018/12/30-01:21:35.735256 7ff2b84bf700 Options.max_bytes_for_level_multiplier_addtl[5]: 1
2018/12/30-01:21:35.735257 7ff2b84bf700 Options.max_bytes_for_level_multiplier_addtl[6]: 1
2018/12/30-01:21:35.735258 7ff2b84bf700       Options.max_sequential_skip_in_iterations: 8
2018/12/30-01:21:35.735260 7ff2b84bf700                    Options.max_compaction_bytes: 1677721600
2018/12/30-01:21:35.735266 7ff2b84bf700                        Options.arena_block_size: 16777216
2018/12/30-01:21:35.735268 7ff2b84bf700   Options.soft_pending_compaction_bytes_limit: 68719476736
2018/12/30-01:21:35.735269 7ff2b84bf700   Options.hard_pending_compaction_bytes_limit: 274877906944
2018/12/30-01:21:35.735270 7ff2b84bf700       Options.rate_limit_delay_max_milliseconds: 100
2018/12/30-01:21:35.735271 7ff2b84bf700                Options.disable_auto_compactions: 0
2018/12/30-01:21:35.735273 7ff2b84bf700                        Options.compaction_style: kCompactionStyleLevel
2018/12/30-01:21:35.735275 7ff2b84bf700                          Options.compaction_pri: kByCompensatedSize
2018/12/30-01:21:35.735276 7ff2b84bf700 Options.compaction_options_universal.size_ratio: 1
2018/12/30-01:21:35.735277 7ff2b84bf700 Options.compaction_options_universal.min_merge_width: 2
2018/12/30-01:21:35.735278 7ff2b84bf700 Options.compaction_options_universal.max_merge_width: 4294967295
2018/12/30-01:21:35.735279 7ff2b84bf700 Options.compaction_options_universal.max_size_amplification_percent: 200
2018/12/30-01:21:35.735281 7ff2b84bf700 Options.compaction_options_universal.compression_size_percent: -1
2018/12/30-01:21:35.735282 7ff2b84bf700 Options.compaction_options_universal.stop_style: kCompactionStopStyleTotalSize
2018/12/30-01:21:35.735284 7ff2b84bf700 Options.compaction_options_fifo.max_table_files_size: 1073741824
2018/12/30-01:21:35.735285 7ff2b84bf700 Options.compaction_options_fifo.allow_compaction: 0
2018/12/30-01:21:35.735286 7ff2b84bf700 Options.compaction_options_fifo.ttl: 0
2018/12/30-01:21:35.735287 7ff2b84bf700                   Options.table_properties_collectors: 
2018/12/30-01:21:35.735288 7ff2b84bf700                   Options.inplace_update_support: 0
2018/12/30-01:21:35.735289 7ff2b84bf700                 Options.inplace_update_num_locks: 10000
2018/12/30-01:21:35.735290 7ff2b84bf700               Options.memtable_prefix_bloom_size_ratio: 0.000000
2018/12/30-01:21:35.735292 7ff2b84bf700   Options.memtable_huge_page_size: 0
2018/12/30-01:21:35.735293 7ff2b84bf700                           Options.bloom_locality: 0
2018/12/30-01:21:35.735294 7ff2b84bf700                    Options.max_successive_merges: 0
2018/12/30-01:21:35.735295 7ff2b84bf700                Options.optimize_filters_for_hits: 0
2018/12/30-01:21:35.735296 7ff2b84bf700                Options.paranoid_file_checks: 0
2018/12/30-01:21:35.735297 7ff2b84bf700                Options.force_consistency_checks: 0
2018/12/30-01:21:35.735298 7ff2b84bf700                Options.report_bg_io_stats: 0
2018/12/30-01:21:35.735299 7ff2b84bf700                               Options.ttl: 0
2018/12/30-01:21:35.735802 7ff2b84bf700 [db/column_family.cc:475] --------------- Options for column family [usertable]:
2018/12/30-01:21:35.735805 7ff2b84bf700               Options.comparator: leveldb.BytewiseComparator
2018/12/30-01:21:35.735806 7ff2b84bf700           Options.merge_operator: None
2018/12/30-01:21:35.735807 7ff2b84bf700        Options.compaction_filter: None
2018/12/30-01:21:35.735808 7ff2b84bf700        Options.compaction_filter_factory: None
2018/12/30-01:21:35.735809 7ff2b84bf700         Options.memtable_factory: SkipListFactory
2018/12/30-01:21:35.735810 7ff2b84bf700            Options.table_factory: BlockBasedTable
2018/12/30-01:21:35.735835 7ff2b84bf700            table_factory options:   flush_block_policy_factory: FlushBlockBySizePolicyFactory (0x7ff1ec376bf0)
  cache_index_and_filter_blocks: 0
  cache_index_and_filter_blocks_with_high_priority: 0
  pin_l0_filter_and_index_blocks_in_cache: 0
  index_type: 0
  hash_index_allow_collision: 1
  checksum: 1
  no_block_cache: 0
  block_cache: 0x7ff1ec377690
  block_cache_name: LRUCache
  block_cache_options:
    capacity : 8388608
    num_shard_bits : 4
    strict_capacity_limit : 0
    high_pri_pool_ratio: 0.000
  block_cache_compressed: (nil)
  persistent_cache: (nil)
  block_size: 8192
  block_size_deviation: 10
  block_restart_interval: 16
  index_block_restart_interval: 1
  metadata_block_size: 4096
  partition_filters: 0
  use_delta_encoding: 1
  filter_policy: nullptr
  whole_key_filtering: 1
  verify_compression: 0
  read_amp_bytes_per_bit: 0
  format_version: 2
  enable_index_compression: 1
  block_align: 0
2018/12/30-01:21:35.735847 7ff2b84bf700        Options.write_buffer_size: 134217728
2018/12/30-01:21:35.735848 7ff2b84bf700  Options.max_write_buffer_number: 24
2018/12/30-01:21:35.735850 7ff2b84bf700        Options.compression[0]: NoCompression
2018/12/30-01:21:35.735851 7ff2b84bf700        Options.compression[1]: NoCompression
2018/12/30-01:21:35.735852 7ff2b84bf700        Options.compression[2]: LZ4
2018/12/30-01:21:35.735853 7ff2b84bf700        Options.compression[3]: LZ4
2018/12/30-01:21:35.735854 7ff2b84bf700        Options.compression[4]: LZ4
2018/12/30-01:21:35.735855 7ff2b84bf700        Options.compression[5]: LZ4
2018/12/30-01:21:35.735856 7ff2b84bf700        Options.compression[6]: LZ4
2018/12/30-01:21:35.735857 7ff2b84bf700                  Options.bottommost_compression: Disabled
2018/12/30-01:21:35.735859 7ff2b84bf700       Options.prefix_extractor: nullptr
2018/12/30-01:21:35.735860 7ff2b84bf700   Options.memtable_insert_with_hint_prefix_extractor: nullptr
2018/12/30-01:21:35.735861 7ff2b84bf700             Options.num_levels: 7
2018/12/30-01:21:35.735862 7ff2b84bf700        Options.min_write_buffer_number_to_merge: 2
2018/12/30-01:21:35.735863 7ff2b84bf700     Options.max_write_buffer_number_to_maintain: 0
2018/12/30-01:21:35.735864 7ff2b84bf700            Options.compression_opts.window_bits: -14
2018/12/30-01:21:35.735865 7ff2b84bf700                  Options.compression_opts.level: -1
2018/12/30-01:21:35.735866 7ff2b84bf700               Options.compression_opts.strategy: 0
2018/12/30-01:21:35.735867 7ff2b84bf700         Options.compression_opts.max_dict_bytes: 0
2018/12/30-01:21:35.735868 7ff2b84bf700         Options.compression_opts.zstd_max_train_bytes: 0
2018/12/30-01:21:35.735869 7ff2b84bf700      Options.level0_file_num_compaction_trigger: 2
2018/12/30-01:21:35.735870 7ff2b84bf700          Options.level0_slowdown_writes_trigger: 20
2018/12/30-01:21:35.735871 7ff2b84bf700              Options.level0_stop_writes_trigger: 36
2018/12/30-01:21:35.735872 7ff2b84bf700                   Options.target_file_size_base: 67108864
2018/12/30-01:21:35.735873 7ff2b84bf700             Options.target_file_size_multiplier: 1
2018/12/30-01:21:35.735874 7ff2b84bf700                Options.max_bytes_for_level_base: 536870912
2018/12/30-01:21:35.735875 7ff2b84bf700 Options.level_compaction_dynamic_level_bytes: 0
2018/12/30-01:21:35.735876 7ff2b84bf700          Options.max_bytes_for_level_multiplier: 10.000000
2018/12/30-01:21:35.735878 7ff2b84bf700 Options.max_bytes_for_level_multiplier_addtl[0]: 1
2018/12/30-01:21:35.735879 7ff2b84bf700 Options.max_bytes_for_level_multiplier_addtl[1]: 1
2018/12/30-01:21:35.735881 7ff2b84bf700 Options.max_bytes_for_level_multiplier_addtl[2]: 1
2018/12/30-01:21:35.735882 7ff2b84bf700 Options.max_bytes_for_level_multiplier_addtl[3]: 1
2018/12/30-01:21:35.735883 7ff2b84bf700 Options.max_bytes_for_level_multiplier_addtl[4]: 1
2018/12/30-01:21:35.735884 7ff2b84bf700 Options.max_bytes_for_level_multiplier_addtl[5]: 1
2018/12/30-01:21:35.735885 7ff2b84bf700 Options.max_bytes_for_level_multiplier_addtl[6]: 1
2018/12/30-01:21:35.735886 7ff2b84bf700       Options.max_sequential_skip_in_iterations: 8
2018/12/30-01:21:35.735887 7ff2b84bf700                    Options.max_compaction_bytes: 1677721600
2018/12/30-01:21:35.735888 7ff2b84bf700                        Options.arena_block_size: 16777216
2018/12/30-01:21:35.735889 7ff2b84bf700   Options.soft_pending_compaction_bytes_limit: 68719476736
2018/12/30-01:21:35.735890 7ff2b84bf700   Options.hard_pending_compaction_bytes_limit: 274877906944
2018/12/30-01:21:35.735891 7ff2b84bf700       Options.rate_limit_delay_max_milliseconds: 100
2018/12/30-01:21:35.735892 7ff2b84bf700                Options.disable_auto_compactions: 0
2018/12/30-01:21:35.735893 7ff2b84bf700                        Options.compaction_style: kCompactionStyleLevel
2018/12/30-01:21:35.735900 7ff2b84bf700                          Options.compaction_pri: kByCompensatedSize
2018/12/30-01:21:35.735902 7ff2b84bf700 Options.compaction_options_universal.size_ratio: 1
2018/12/30-01:21:35.735903 7ff2b84bf700 Options.compaction_options_universal.min_merge_width: 2
2018/12/30-01:21:35.735904 7ff2b84bf700 Options.compaction_options_universal.max_merge_width: 4294967295
2018/12/30-01:21:35.735905 7ff2b84bf700 Options.compaction_options_universal.max_size_amplification_percent: 200
2018/12/30-01:21:35.735906 7ff2b84bf700 Options.compaction_options_universal.compression_size_percent: -1
2018/12/30-01:21:35.735908 7ff2b84bf700 Options.compaction_options_universal.stop_style: kCompactionStopStyleTotalSize
2018/12/30-01:21:35.735909 7ff2b84bf700 Options.compaction_options_fifo.max_table_files_size: 1073741824
2018/12/30-01:21:35.735910 7ff2b84bf700 Options.compaction_options_fifo.allow_compaction: 0
2018/12/30-01:21:35.735911 7ff2b84bf700 Options.compaction_options_fifo.ttl: 0
2018/12/30-01:21:35.735912 7ff2b84bf700                   Options.table_properties_collectors: 
2018/12/30-01:21:35.735913 7ff2b84bf700                   Options.inplace_update_support: 0
2018/12/30-01:21:35.735914 7ff2b84bf700                 Options.inplace_update_num_locks: 10000
2018/12/30-01:21:35.735915 7ff2b84bf700               Options.memtable_prefix_bloom_size_ratio: 0.000000
2018/12/30-01:21:35.735917 7ff2b84bf700   Options.memtable_huge_page_size: 0
2018/12/30-01:21:35.735918 7ff2b84bf700                           Options.bloom_locality: 0
2018/12/30-01:21:35.735919 7ff2b84bf700                    Options.max_successive_merges: 0
2018/12/30-01:21:35.735920 7ff2b84bf700                Options.optimize_filters_for_hits: 0
2018/12/30-01:21:35.735921 7ff2b84bf700                Options.paranoid_file_checks: 0
2018/12/30-01:21:35.735922 7ff2b84bf700                Options.force_consistency_checks: 0
2018/12/30-01:21:35.735923 7ff2b84bf700                Options.report_bg_io_stats: 0
2018/12/30-01:21:35.735924 7ff2b84bf700                               Options.ttl: 0
2018/12/30-01:21:36.374931 7ff2b84bf700 [db/version_set.cc:3361] Recovered from manifest file:/mnt/sda/ycsb-rocksdb-data/MANIFEST-000004 succeeded,manifest_file_number is 4, next_file_number is 1217, last_sequence is 10407103, log_number is 0,prev_log_number is 0,max_column_family is 1,min_log_number_to_keep is 0
2018/12/30-01:21:36.374943 7ff2b84bf700 [db/version_set.cc:3369] Column family [default] (ID 0), log number is 0
2018/12/30-01:21:36.374945 7ff2b84bf700 [db/version_set.cc:3369] Column family [usertable] (ID 1), log number is 1210
2018/12/30-01:21:36.377262 7ff2b84bf700 EVENT_LOG_v1 {"time_micros": 1546161696377249, "job": 1, "event": "recovery_started", "log_files": [1210, 1216]}
2018/12/30-01:21:36.377271 7ff2b84bf700 [db/db_impl_open.cc:551] Recovering log #1210 mode 2
2018/12/30-01:21:37.257096 7ff2b84bf700 EVENT_LOG_v1 {"time_micros": 1546161697257071, "cf_name": "usertable", "job": 1, "event": "table_file_creation", "file_number": 1217, "file_size": 129902323, "table_properties": {"data_size": 129321394, "index_size": 580007, "filter_size": 0, "raw_key_size": 752760, "raw_average_key_size": 24, "raw_value_size": 128471040, "raw_average_value_size": 4096, "num_data_blocks": 15683, "num_entries": 31365, "filter_policy_name": "", "kDeletedKeys": "0", "kMergeOperands": "0"}}
2018/12/30-01:21:37.266482 7ff2b84bf700 [db/db_impl_open.cc:551] Recovering log #1216 mode 2
2018/12/30-01:21:37.535053 7ff2b84bf700 [db/version_set.cc:2847] Creating manifest 1218
2018/12/30-01:21:38.414160 7ff2b84bf700 EVENT_LOG_v1 {"time_micros": 1546161698414128, "cf_name": "usertable", "job": 1, "event": "table_file_creation", "file_number": 1219, "file_size": 92813358, "table_properties": {"data_size": 92400567, "index_size": 411869, "filter_size": 0, "raw_key_size": 537864, "raw_average_key_size": 24, "raw_value_size": 91795456, "raw_average_value_size": 4096, "num_data_blocks": 11206, "num_entries": 22411, "filter_policy_name": "", "kDeletedKeys": "0", "kMergeOperands": "0"}}
2018/12/30-01:21:38.476584 7ff2b84bf700 EVENT_LOG_v1 {"time_micros": 1546161698476577, "job": 1, "event": "recovery_finished"}
2018/12/30-01:21:38.629426 7ff2b84bf700 [db/db_impl_open.cc:1219] DB pointer 0x7ff1ec3cd840
2018/12/30-01:21:38.629941 7ff2b10db700 [WARN] [db/db_impl.cc:491] ------- DUMPING STATS -------
2018/12/30-01:21:38.629992 7ff2b10db700 [WARN] [db/db_impl.cc:492] 
** DB Stats **
Uptime(secs): 2.9 total, 2.9 interval
Cumulative writes: 0 writes, 0 keys, 0 commit groups, 0.0 writes per commit group, ingest: 0.00 GB, 0.00 MB/s
Cumulative WAL: 0 writes, 0 syncs, 0.00 writes per sync, written: 0.00 GB, 0.00 MB/s
Cumulative stall: 00:00:0.000 H:M:S, 0.0 percent
Interval writes: 0 writes, 0 keys, 0 commit groups, 0.0 writes per commit group, ingest: 0.00 MB, 0.00 MB/s
Interval WAL: 0 writes, 0 syncs, 0.00 writes per sync, written: 0.00 MB, 0.00 MB/s
Interval stall: 00:00:0.000 H:M:S, 0.0 percent

** Compaction Stats [default] **
Level    Files   Size     Score Read(GB)  Rn(GB) Rnp1(GB) Write(GB) Wnew(GB) Moved(GB) W-Amp Rd(MB/s) Wr(MB/s) Comp(sec) Comp(cnt) Avg(sec) KeyIn KeyDrop
----------------------------------------------------------------------------------------------------------------------------------------------------------
 Sum      0/0    0.00 KB   0.0      0.0     0.0      0.0       0.0      0.0       0.0   0.0      0.0      0.0         0         0    0.000       0      0
 Int      0/0    0.00 KB   0.0      0.0     0.0      0.0       0.0      0.0       0.0   0.0      0.0      0.0         0         0    0.000       0      0
Uptime(secs): 2.9 total, 2.9 interval
Flush(GB): cumulative 0.000, interval 0.000
AddFile(GB): cumulative 0.000, interval 0.000
AddFile(Total Files): cumulative 0, interval 0
AddFile(L0 Files): cumulative 0, interval 0
AddFile(Keys): cumulative 0, interval 0
Cumulative compaction: 0.00 GB write, 0.00 MB/s write, 0.00 GB read, 0.00 MB/s read, 0.0 seconds
Interval compaction: 0.00 GB write, 0.00 MB/s write, 0.00 GB read, 0.00 MB/s read, 0.0 seconds
Stalls(count): 0 level0_slowdown, 0 level0_slowdown_with_compaction, 0 level0_numfiles, 0 level0_numfiles_with_compaction, 0 stop for pending_compaction_bytes, 0 slowdown for pending_compaction_bytes, 0 memtable_compaction, 0 memtable_slowdown, interval 0 total count

** File Read Latency Histogram By Level [default] **

** Compaction Stats [usertable] **
Level    Files   Size     Score Read(GB)  Rn(GB) Rnp1(GB) Write(GB) Wnew(GB) Moved(GB) W-Amp Rd(MB/s) Wr(MB/s) Comp(sec) Comp(cnt) Avg(sec) KeyIn KeyDrop
----------------------------------------------------------------------------------------------------------------------------------------------------------
  L0      3/0   404.33 MB   1.5      0.0     0.0      0.0       0.2      0.2       0.0   1.0      0.0    159.4         1         2    0.666       0      0
  L1      2/0   383.91 MB   0.7      0.0     0.0      0.0       0.0      0.0       0.0   0.0      0.0      0.0         0         0    0.000       0      0
  L2    124/0    4.99 GB   1.0      0.0     0.0      0.0       0.0      0.0       0.0   0.0      0.0      0.0         0         0    0.000       0      0
  L3    555/0   34.42 GB   0.7      0.0     0.0      0.0       0.0      0.0       0.0   0.0      0.0      0.0         0         0    0.000       0      0
 Sum    684/0   40.18 GB   0.0      0.0     0.0      0.0       0.2      0.2       0.0   1.0      0.0    159.4         1         2    0.666       0      0
 Int      0/0    0.00 KB   0.0      0.0     0.0      0.0       0.2      0.2       0.0   1.0      0.0    159.4         1         2    0.666       0      0
Uptime(secs): 2.9 total, 2.9 interval
Flush(GB): cumulative 0.207, interval 0.207
AddFile(GB): cumulative 0.000, interval 0.000
AddFile(Total Files): cumulative 0, interval 0
AddFile(L0 Files): cumulative 0, interval 0
AddFile(Keys): cumulative 0, interval 0
Cumulative compaction: 0.21 GB write, 73.39 MB/s write, 0.00 GB read, 0.00 MB/s read, 1.3 seconds
Interval compaction: 0.21 GB write, 73.39 MB/s write, 0.00 GB read, 0.00 MB/s read, 1.3 seconds
Stalls(count): 0 level0_slowdown, 0 level0_slowdown_with_compaction, 0 level0_numfiles, 0 level0_numfiles_with_compaction, 0 stop for pending_compaction_bytes, 0 slowdown for pending_compaction_bytes, 0 memtable_compaction, 0 memtable_slowdown, interval 0 total count

** File Read Latency Histogram By Level [usertable] **

** Compaction Stats [default] **
Level    Files   Size     Score Read(GB)  Rn(GB) Rnp1(GB) Write(GB) Wnew(GB) Moved(GB) W-Amp Rd(MB/s) Wr(MB/s) Comp(sec) Comp(cnt) Avg(sec) KeyIn KeyDrop
----------------------------------------------------------------------------------------------------------------------------------------------------------
 Sum      0/0    0.00 KB   0.0      0.0     0.0      0.0       0.0      0.0       0.0   0.0      0.0      0.0         0         0    0.000       0      0
 Int      0/0    0.00 KB   0.0      0.0     0.0      0.0       0.0      0.0       0.0   0.0      0.0      0.0         0         0    0.000       0      0
Uptime(secs): 2.9 total, 0.0 interval
Flush(GB): cumulative 0.000, interval 0.000
AddFile(GB): cumulative 0.000, interval 0.000
AddFile(Total Files): cumulative 0, interval 0
AddFile(L0 Files): cumulative 0, interval 0
AddFile(Keys): cumulative 0, interval 0
Cumulative compaction: 0.00 GB write, 0.00 MB/s write, 0.00 GB read, 0.00 MB/s read, 0.0 seconds
Interval compaction: 0.00 GB write, 0.00 MB/s write, 0.00 GB read, 0.00 MB/s read, 0.0 seconds
Stalls(count): 0 level0_slowdown, 0 level0_slowdown_with_compaction, 0 level0_numfiles, 0 level0_numfiles_with_compaction, 0 stop for pending_compaction_bytes, 0 slowdown for pending_compaction_bytes, 0 memtable_compaction, 0 memtable_slowdown, interval 0 total count

** File Read Latency Histogram By Level [default] **

** Compaction Stats [usertable] **
Level    Files   Size     Score Read(GB)  Rn(GB) Rnp1(GB) Write(GB) Wnew(GB) Moved(GB) W-Amp Rd(MB/s) Wr(MB/s) Comp(sec) Comp(cnt) Avg(sec) KeyIn KeyDrop
----------------------------------------------------------------------------------------------------------------------------------------------------------
  L0      3/0   404.33 MB   1.5      0.0     0.0      0.0       0.2      0.2       0.0   1.0      0.0    159.4         1         2    0.666       0      0
  L1      2/0   383.91 MB   0.7      0.0     0.0      0.0       0.0      0.0       0.0   0.0      0.0      0.0         0         0    0.000       0      0
  L2    124/0    4.99 GB   1.0      0.0     0.0      0.0       0.0      0.0       0.0   0.0      0.0      0.0         0         0    0.000       0      0
  L3    555/0   34.42 GB   0.7      0.0     0.0      0.0       0.0      0.0       0.0   0.0      0.0      0.0         0         0    0.000       0      0
 Sum    684/0   40.18 GB   0.0      0.0     0.0      0.0       0.2      0.2       0.0   1.0      0.0    159.4         1         2    0.666       0      0
 Int      0/0    0.00 KB   0.0      0.0     0.0      0.0       0.0      0.0       0.0   0.0      0.0      0.0         0         0    0.000       0      0
Uptime(secs): 2.9 total, 0.0 interval
Flush(GB): cumulative 0.207, interval 0.000
AddFile(GB): cumulative 0.000, interval 0.000
AddFile(Total Files): cumulative 0, interval 0
AddFile(L0 Files): cumulative 0, interval 0
AddFile(Keys): cumulative 0, interval 0
Cumulative compaction: 0.21 GB write, 73.39 MB/s write, 0.00 GB read, 0.00 MB/s read, 1.3 seconds
Interval compaction: 0.00 GB write, 0.00 MB/s write, 0.00 GB read, 0.00 MB/s read, 0.0 seconds
Stalls(count): 0 level0_slowdown, 0 level0_slowdown_with_compaction, 0 level0_numfiles, 0 level0_numfiles_with_compaction, 0 stop for pending_compaction_bytes, 0 slowdown for pending_compaction_bytes, 0 memtable_compaction, 0 memtable_slowdown, interval 0 total count

** File Read Latency Histogram By Level [usertable] **
2018/12/30-01:21:38.687185 7ff2b10db700 (Original Log Time 2018/12/30-01:21:38.630166) [db/db_impl_compaction_flush.cc:1835] [usertable] Moving #356 to level-1 201255598 bytes
2018/12/30-01:21:38.687193 7ff2b10db700 (Original Log Time 2018/12/30-01:21:38.687051) EVENT_LOG_v1 {"time_micros": 1546161698687036, "job": 3, "event": "trivial_move", "destination_level": 1, "files": 1, "total_files_size": 201255598}
2018/12/30-01:21:38.687196 7ff2b10db700 (Original Log Time 2018/12/30-01:21:38.687077) [db/db_impl_compaction_flush.cc:1864] [usertable] Moved #1 files to level-1 201255598 bytes OK: base level 1 max bytes base 536870912 files[2 3 124 555 0 0 0] max score 1.12
2018/12/30-01:21:38.687343 7ff2b10db700 [db/compaction_job.cc:1531] [usertable] [JOB 4] Compacting 1@1 files to L2, score 1.12
2018/12/30-01:21:38.687356 7ff2b10db700 [db/compaction_job.cc:1535] [usertable] Compaction start summary: Base version 6 Base level 1, inputs: [450(191MB)]
2018/12/30-01:21:38.687388 7ff2b10db700 EVENT_LOG_v1 {"time_micros": 1546161698687365, "job": 4, "event": "compaction_started", "compaction_reason": "LevelMaxLevelSize", "files_L1": [450], "score": 1.12469, "input_data_size": 201284619}
2018/12/30-01:21:40.662598 7ff2b10db700 [db/compaction_job.cc:1211] [usertable] [JOB 4] Generated table #1223: 16279 keys, 67233367 bytes
2018/12/30-01:21:40.662654 7ff2b10db700 EVENT_LOG_v1 {"time_micros": 1546161700662633, "cf_name": "usertable", "job": 4, "event": "table_file_creation", "file_number": 1223, "file_size": 67233367, "table_properties": {"data_size": 67118331, "index_size": 299108, "filter_size": 0, "raw_key_size": 390696, "raw_average_key_size": 24, "raw_value_size": 66678784, "raw_average_value_size": 4096, "num_data_blocks": 8140, "num_entries": 16279, "filter_policy_name": "", "kDeletedKeys": "0", "kMergeOperands": "0"}}
2018/12/30-01:21:43.042859 7ff2b10db700 [db/compaction_job.cc:1211] [usertable] [JOB 4] Generated table #1224: 16279 keys, 67233552 bytes
2018/12/30-01:21:43.042946 7ff2b10db700 EVENT_LOG_v1 {"time_micros": 1546161703042923, "cf_name": "usertable", "job": 4, "event": "table_file_creation", "file_number": 1224, "file_size": 67233552, "table_properties": {"data_size": 67120140, "index_size": 300916, "filter_size": 0, "raw_key_size": 390696, "raw_average_key_size": 24, "raw_value_size": 66678784, "raw_average_value_size": 4096, "num_data_blocks": 8140, "num_entries": 16279, "filter_policy_name": "", "kDeletedKeys": "0", "kMergeOperands": "0"}}
2018/12/30-01:21:44.295394 7ff2b84bf700 [db/db_impl_write.cc:1373] [usertable] New memtable created with log file: #1226. Immutable memtables: 0.
2018/12/30-01:21:45.206917 7ff2b10db700 [db/compaction_job.cc:1211] [usertable] [JOB 4] Generated table #1225: 16045 keys, 66266960 bytes
2018/12/30-01:21:45.206991 7ff2b10db700 EVENT_LOG_v1 {"time_micros": 1546161705206955, "cf_name": "usertable", "job": 4, "event": "table_file_creation", "file_number": 1225, "file_size": 66266960, "table_properties": {"data_size": 66153549, "index_size": 294804, "filter_size": 0, "raw_key_size": 385080, "raw_average_key_size": 24, "raw_value_size": 65720320, "raw_average_value_size": 4096, "num_data_blocks": 8023, "num_entries": 16045, "filter_policy_name": "", "kDeletedKeys": "0", "kMergeOperands": "0"}}
2018/12/30-01:21:45.207067 7ff2b10db700 [db/compaction_job.cc:1287] [usertable] [JOB 4] Compacted 1@1 files to L2 => 200733879 bytes
2018/12/30-01:21:45.243454 7ff2b10db700 (Original Log Time 2018/12/30-01:21:45.242746) [db/compaction_job.cc:685] [usertable] compacted to: base level 1 max bytes base 536870912 files[2 2 127 555 0 0 0] max score 1.04, MB/sec: 30.9 rd, 30.8 wr, level 2, files in(1, 0) out(3) MB in(192.0, 0.0) out(191.4), read-write-amplify(2.0) write-amplify(1.0) OK, records in: 48603, records dropped: 0 output_compression: LZ4
2018/12/30-01:21:45.243468 7ff2b10db700 (Original Log Time 2018/12/30-01:21:45.242801) EVENT_LOG_v1 {"time_micros": 1546161705242782, "job": 4, "event": "compaction_finished", "compaction_time_micros": 6519626, "output_level": 2, "num_output_files": 3, "total_output_size": 200733879, "num_input_records": 48603, "num_output_records": 48603, "num_subcompactions": 1, "output_compression": "LZ4", "num_single_delete_mismatches": 0, "num_single_delete_fallthrough": 0, "lsm_state": [2, 2, 127, 555, 0, 0, 0]}
2018/12/30-01:21:45.277836 7ff2abfff700 (Original Log Time 2018/12/30-01:21:45.243734) [db/db_impl_compaction_flush.cc:1835] [usertable] Moving #1224 to level-3 67233552 bytes
2018/12/30-01:21:45.277842 7ff2abfff700 (Original Log Time 2018/12/30-01:21:45.277731) EVENT_LOG_v1 {"time_micros": 1546161705277722, "job": 5, "event": "trivial_move", "destination_level": 3, "files": 1, "total_files_size": 67233552}
2018/12/30-01:21:45.277846 7ff2abfff700 (Original Log Time 2018/12/30-01:21:45.277759) [db/db_impl_compaction_flush.cc:1864] [usertable] Moved #1 files to level-3 67233552 bytes OK: base level 1 max bytes base 536870912 files[2 2 126 556 0 0 0] max score 1.02
2018/12/30-01:21:45.308461 7ff2abfff700 EVENT_LOG_v1 {"time_micros": 1546161705308453, "job": 5, "event": "table_file_deletion", "file_number": 450}
2018/12/30-01:21:45.342141 7ff2ab7fe700 (Original Log Time 2018/12/30-01:21:45.308722) [db/db_impl_compaction_flush.cc:1835] [usertable] Moving #1223 to level-3 67233367 bytes
2018/12/30-01:21:45.342149 7ff2ab7fe700 (Original Log Time 2018/12/30-01:21:45.341990) EVENT_LOG_v1 {"time_micros": 1546161705341981, "job": 6, "event": "trivial_move", "destination_level": 3, "files": 1, "total_files_size": 67233367}
2018/12/30-01:21:45.342152 7ff2ab7fe700 (Original Log Time 2018/12/30-01:21:45.342029) [db/db_impl_compaction_flush.cc:1864] [usertable] Moved #1 files to level-3 67233367 bytes OK: base level 1 max bytes base 536870912 files[2 2 125 557 0 0 0] max score 1.01
2018/12/30-01:21:45.379983 7ff2ab7fe700 (Original Log Time 2018/12/30-01:21:45.342458) [db/db_impl_compaction_flush.cc:1835] [usertable] Moving #1225 to level-3 66266960 bytes
2018/12/30-01:21:45.380006 7ff2ab7fe700 (Original Log Time 2018/12/30-01:21:45.379805) EVENT_LOG_v1 {"time_micros": 1546161705379781, "job": 7, "event": "trivial_move", "destination_level": 3, "files": 1, "total_files_size": 66266960}
2018/12/30-01:21:45.380009 7ff2ab7fe700 (Original Log Time 2018/12/30-01:21:45.379829) [db/db_impl_compaction_flush.cc:1864] [usertable] Moved #1 files to level-3 66266960 bytes OK: base level 1 max bytes base 536870912 files[2 2 124 558 0 0 0] max score 1.00
2018/12/30-01:21:45.417044 7ff2ab7fe700 (Original Log Time 2018/12/30-01:21:45.380461) [db/db_impl_compaction_flush.cc:1835] [usertable] Moving #1217 to level-1 129902323 bytes
2018/12/30-01:21:45.417051 7ff2ab7fe700 (Original Log Time 2018/12/30-01:21:45.416975) EVENT_LOG_v1 {"time_micros": 1546161705416967, "job": 8, "event": "trivial_move", "destination_level": 1, "files": 1, "total_files_size": 129902323}
2018/12/30-01:21:45.417055 7ff2ab7fe700 (Original Log Time 2018/12/30-01:21:45.416995) [db/db_impl_compaction_flush.cc:1864] [usertable] Moved #1 files to level-1 129902323 bytes OK: base level 1 max bytes base 536870912 files[1 3 124 558 0 0 0] max score 1.00
2018/12/30-01:21:46.680726 7ff2b37f7700 [db/db_impl_write.cc:1373] [usertable] New memtable created with log file: #1227. Immutable memtables: 1.
2018/12/30-01:21:46.680943 7ff0beffd700 [db/db_impl_compaction_flush.cc:80] [JOB 9] Syncing log #1220
