2018/12/29-20:39:13.172829 7fef258ed700 RocksDB version: 5.14.3
2018/12/29-20:39:13.172875 7fef258ed700 Git sha rocksdb_build_git_sha:
2018/12/29-20:39:13.172877 7fef258ed700 Compile date Dec 29 2018
2018/12/29-20:39:13.172881 7fef258ed700 DB SUMMARY
2018/12/29-20:39:13.172901 7fef258ed700 SST files in /mnt/sda/ycsb-rocksdb-data dir, Total Num: 0, files: 
2018/12/29-20:39:13.172904 7fef258ed700 Write Ahead Log file in /mnt/sda/ycsb-rocksdb-data: 
2018/12/29-20:39:13.172906 7fef258ed700                         Options.error_if_exists: 0
2018/12/29-20:39:13.172907 7fef258ed700                       Options.create_if_missing: 1
2018/12/29-20:39:13.172908 7fef258ed700                         Options.paranoid_checks: 1
2018/12/29-20:39:13.172909 7fef258ed700                                     Options.env: 0x7fee57ba12c0
2018/12/29-20:39:13.172910 7fef258ed700                                Options.info_log: 0x7feed03b6470
2018/12/29-20:39:13.172911 7fef258ed700                Options.max_file_opening_threads: 16
2018/12/29-20:39:13.172912 7fef258ed700                              Options.statistics: (nil)
2018/12/29-20:39:13.172913 7fef258ed700                               Options.use_fsync: 0
2018/12/29-20:39:13.172918 7fef258ed700                       Options.max_log_file_size: 0
2018/12/29-20:39:13.172919 7fef258ed700                  Options.max_manifest_file_size: 18446744073709551615
2018/12/29-20:39:13.172920 7fef258ed700                   Options.log_file_time_to_roll: 0
2018/12/29-20:39:13.172921 7fef258ed700                       Options.keep_log_file_num: 1000
2018/12/29-20:39:13.172922 7fef258ed700                    Options.recycle_log_file_num: 0
2018/12/29-20:39:13.172923 7fef258ed700                         Options.allow_fallocate: 1
2018/12/29-20:39:13.172924 7fef258ed700                        Options.allow_mmap_reads: 0
2018/12/29-20:39:13.172925 7fef258ed700                       Options.allow_mmap_writes: 0
2018/12/29-20:39:13.172926 7fef258ed700                        Options.use_direct_reads: 0
2018/12/29-20:39:13.172926 7fef258ed700                        Options.use_direct_io_for_flush_and_compaction: 0
2018/12/29-20:39:13.172927 7fef258ed700          Options.create_missing_column_families: 1
2018/12/29-20:39:13.172928 7fef258ed700                              Options.db_log_dir: 
2018/12/29-20:39:13.172929 7fef258ed700                                 Options.wal_dir: /mnt/sda/ycsb-rocksdb-data
2018/12/29-20:39:13.172930 7fef258ed700                Options.table_cache_numshardbits: 6
2018/12/29-20:39:13.172931 7fef258ed700                      Options.max_subcompactions: 4
2018/12/29-20:39:13.172932 7fef258ed700                  Options.max_background_flushes: 24
2018/12/29-20:39:13.172933 7fef258ed700                         Options.WAL_ttl_seconds: 0
2018/12/29-20:39:13.172934 7fef258ed700                       Options.WAL_size_limit_MB: 0
2018/12/29-20:39:13.172935 7fef258ed700             Options.manifest_preallocation_size: 4194304
2018/12/29-20:39:13.172936 7fef258ed700                     Options.is_fd_close_on_exec: 1
2018/12/29-20:39:13.172937 7fef258ed700                   Options.advise_random_on_open: 1
2018/12/29-20:39:13.172938 7fef258ed700                    Options.db_write_buffer_size: 0
2018/12/29-20:39:13.172939 7fef258ed700                    Options.write_buffer_manager: 0x7feed03b3470
2018/12/29-20:39:13.172940 7fef258ed700         Options.access_hint_on_compaction_start: 1
2018/12/29-20:39:13.172941 7fef258ed700  Options.new_table_reader_for_compaction_inputs: 0
2018/12/29-20:39:13.172942 7fef258ed700           Options.random_access_max_buffer_size: 1048576
2018/12/29-20:39:13.172943 7fef258ed700                      Options.use_adaptive_mutex: 0
2018/12/29-20:39:13.172944 7fef258ed700                            Options.rate_limiter: (nil)
2018/12/29-20:39:13.172945 7fef258ed700     Options.sst_file_manager.rate_bytes_per_sec: 0
2018/12/29-20:39:13.172947 7fef258ed700                       Options.wal_recovery_mode: 2
2018/12/29-20:39:13.172947 7fef258ed700                  Options.enable_thread_tracking: 0
2018/12/29-20:39:13.172948 7fef258ed700                  Options.enable_pipelined_write: 1
2018/12/29-20:39:13.172958 7fef258ed700         Options.allow_concurrent_memtable_write: 1
2018/12/29-20:39:13.172959 7fef258ed700      Options.enable_write_thread_adaptive_yield: 1
2018/12/29-20:39:13.172960 7fef258ed700             Options.write_thread_max_yield_usec: 100
2018/12/29-20:39:13.172961 7fef258ed700            Options.write_thread_slow_yield_usec: 3
2018/12/29-20:39:13.172962 7fef258ed700                               Options.row_cache: None
2018/12/29-20:39:13.172963 7fef258ed700                              Options.wal_filter: None
2018/12/29-20:39:13.172964 7fef258ed700             Options.avoid_flush_during_recovery: 0
2018/12/29-20:39:13.172965 7fef258ed700             Options.allow_ingest_behind: 0
2018/12/29-20:39:13.172966 7fef258ed700             Options.preserve_deletes: 0
2018/12/29-20:39:13.172967 7fef258ed700             Options.two_write_queues: 0
2018/12/29-20:39:13.172968 7fef258ed700             Options.manual_wal_flush: 0
2018/12/29-20:39:13.172970 7fef258ed700             Options.max_background_jobs: 24
2018/12/29-20:39:13.172971 7fef258ed700             Options.max_background_compactions: 24
2018/12/29-20:39:13.172972 7fef258ed700             Options.avoid_flush_during_shutdown: 0
2018/12/29-20:39:13.172972 7fef258ed700           Options.writable_file_max_buffer_size: 1048576
2018/12/29-20:39:13.172973 7fef258ed700             Options.delayed_write_rate : 16777216
2018/12/29-20:39:13.172974 7fef258ed700             Options.max_total_wal_size: 0
2018/12/29-20:39:13.172975 7fef258ed700             Options.delete_obsolete_files_period_micros: 21600000000
2018/12/29-20:39:13.172977 7fef258ed700                   Options.stats_dump_period_sec: 60
2018/12/29-20:39:13.172977 7fef258ed700                          Options.max_open_files: -1
2018/12/29-20:39:13.172978 7fef258ed700                          Options.bytes_per_sync: 1048576
2018/12/29-20:39:13.172979 7fef258ed700                      Options.wal_bytes_per_sync: 0
2018/12/29-20:39:13.172980 7fef258ed700       Options.compaction_readahead_size: 0
2018/12/29-20:39:13.172981 7fef258ed700 Compression algorithms supported:
2018/12/29-20:39:13.172983 7fef258ed700 	kZSTDNotFinalCompression supported: 1
2018/12/29-20:39:13.172993 7fef258ed700 	kZSTD supported: 1
2018/12/29-20:39:13.172994 7fef258ed700 	kXpressCompression supported: 0
2018/12/29-20:39:13.172995 7fef258ed700 	kLZ4HCCompression supported: 1
2018/12/29-20:39:13.172996 7fef258ed700 	kLZ4Compression supported: 1
2018/12/29-20:39:13.172997 7fef258ed700 	kBZip2Compression supported: 1
2018/12/29-20:39:13.172999 7fef258ed700 	kZlibCompression supported: 1
2018/12/29-20:39:13.173000 7fef258ed700 	kSnappyCompression supported: 1
2018/12/29-20:39:13.173004 7fef258ed700 Fast CRC32 supported: Supported on x86
2018/12/29-20:39:13.173075 7fef258ed700 [db/db_impl_open.cc:222] Creating manifest 1 
2018/12/29-20:39:13.274515 7fef258ed700 [db/version_set.cc:3085] Recovering from manifest file: MANIFEST-000001
2018/12/29-20:39:13.274624 7fef258ed700 [db/column_family.cc:475] --------------- Options for column family [default]:
2018/12/29-20:39:13.274628 7fef258ed700               Options.comparator: leveldb.BytewiseComparator
2018/12/29-20:39:13.274629 7fef258ed700           Options.merge_operator: None
2018/12/29-20:39:13.274630 7fef258ed700        Options.compaction_filter: None
2018/12/29-20:39:13.274631 7fef258ed700        Options.compaction_filter_factory: None
2018/12/29-20:39:13.274632 7fef258ed700         Options.memtable_factory: SkipListFactory
2018/12/29-20:39:13.274634 7fef258ed700            Options.table_factory: BlockBasedTable
2018/12/29-20:39:13.274668 7fef258ed700            table_factory options:   flush_block_policy_factory: FlushBlockBySizePolicyFactory (0x7feed0377c60)
  cache_index_and_filter_blocks: 0
  cache_index_and_filter_blocks_with_high_priority: 0
  pin_l0_filter_and_index_blocks_in_cache: 0
  index_type: 0
  hash_index_allow_collision: 1
  checksum: 1
  no_block_cache: 0
  block_cache: 0x7feed0383970
  block_cache_name: LRUCache
  block_cache_options:
    capacity : 8388608
    num_shard_bits : 4
    strict_capacity_limit : 0
    high_pri_pool_ratio: 0.000
  block_cache_compressed: (nil)
  persistent_cache: (nil)
  block_size: 8192
  block_size_deviation: 10
  block_restart_interval: 16
  index_block_restart_interval: 1
  metadata_block_size: 4096
  partition_filters: 0
  use_delta_encoding: 1
  filter_policy: nullptr
  whole_key_filtering: 1
  verify_compression: 0
  read_amp_bytes_per_bit: 0
  format_version: 2
  enable_index_compression: 1
  block_align: 0
2018/12/29-20:39:13.274686 7fef258ed700        Options.write_buffer_size: 134217728
2018/12/29-20:39:13.274688 7fef258ed700  Options.max_write_buffer_number: 24
2018/12/29-20:39:13.274689 7fef258ed700        Options.compression[0]: NoCompression
2018/12/29-20:39:13.274691 7fef258ed700        Options.compression[1]: NoCompression
2018/12/29-20:39:13.274692 7fef258ed700        Options.compression[2]: LZ4
2018/12/29-20:39:13.274693 7fef258ed700        Options.compression[3]: LZ4
2018/12/29-20:39:13.274694 7fef258ed700        Options.compression[4]: LZ4
2018/12/29-20:39:13.274695 7fef258ed700        Options.compression[5]: LZ4
2018/12/29-20:39:13.274696 7fef258ed700        Options.compression[6]: LZ4
2018/12/29-20:39:13.274697 7fef258ed700                  Options.bottommost_compression: Disabled
2018/12/29-20:39:13.274698 7fef258ed700       Options.prefix_extractor: nullptr
2018/12/29-20:39:13.274699 7fef258ed700   Options.memtable_insert_with_hint_prefix_extractor: nullptr
2018/12/29-20:39:13.274700 7fef258ed700             Options.num_levels: 7
2018/12/29-20:39:13.274701 7fef258ed700        Options.min_write_buffer_number_to_merge: 2
2018/12/29-20:39:13.274702 7fef258ed700     Options.max_write_buffer_number_to_maintain: 0
2018/12/29-20:39:13.274703 7fef258ed700            Options.compression_opts.window_bits: -14
2018/12/29-20:39:13.274704 7fef258ed700                  Options.compression_opts.level: -1
2018/12/29-20:39:13.274705 7fef258ed700               Options.compression_opts.strategy: 0
2018/12/29-20:39:13.274705 7fef258ed700         Options.compression_opts.max_dict_bytes: 0
2018/12/29-20:39:13.274706 7fef258ed700         Options.compression_opts.zstd_max_train_bytes: 0
2018/12/29-20:39:13.274707 7fef258ed700      Options.level0_file_num_compaction_trigger: 2
2018/12/29-20:39:13.274708 7fef258ed700          Options.level0_slowdown_writes_trigger: 20
2018/12/29-20:39:13.274709 7fef258ed700              Options.level0_stop_writes_trigger: 36
2018/12/29-20:39:13.274710 7fef258ed700                   Options.target_file_size_base: 67108864
2018/12/29-20:39:13.274711 7fef258ed700             Options.target_file_size_multiplier: 1
2018/12/29-20:39:13.274712 7fef258ed700                Options.max_bytes_for_level_base: 536870912
2018/12/29-20:39:13.274713 7fef258ed700 Options.level_compaction_dynamic_level_bytes: 0
2018/12/29-20:39:13.274714 7fef258ed700          Options.max_bytes_for_level_multiplier: 10.000000
2018/12/29-20:39:13.274717 7fef258ed700 Options.max_bytes_for_level_multiplier_addtl[0]: 1
2018/12/29-20:39:13.274718 7fef258ed700 Options.max_bytes_for_level_multiplier_addtl[1]: 1
2018/12/29-20:39:13.274719 7fef258ed700 Options.max_bytes_for_level_multiplier_addtl[2]: 1
2018/12/29-20:39:13.274720 7fef258ed700 Options.max_bytes_for_level_multiplier_addtl[3]: 1
2018/12/29-20:39:13.274721 7fef258ed700 Options.max_bytes_for_level_multiplier_addtl[4]: 1
2018/12/29-20:39:13.274721 7fef258ed700 Options.max_bytes_for_level_multiplier_addtl[5]: 1
2018/12/29-20:39:13.274722 7fef258ed700 Options.max_bytes_for_level_multiplier_addtl[6]: 1
2018/12/29-20:39:13.274723 7fef258ed700       Options.max_sequential_skip_in_iterations: 8
2018/12/29-20:39:13.274724 7fef258ed700                    Options.max_compaction_bytes: 1677721600
2018/12/29-20:39:13.274725 7fef258ed700                        Options.arena_block_size: 16777216
2018/12/29-20:39:13.274726 7fef258ed700   Options.soft_pending_compaction_bytes_limit: 68719476736
2018/12/29-20:39:13.274727 7fef258ed700   Options.hard_pending_compaction_bytes_limit: 274877906944
2018/12/29-20:39:13.274734 7fef258ed700       Options.rate_limit_delay_max_milliseconds: 100
2018/12/29-20:39:13.274736 7fef258ed700                Options.disable_auto_compactions: 0
2018/12/29-20:39:13.274738 7fef258ed700                        Options.compaction_style: kCompactionStyleLevel
2018/12/29-20:39:13.274739 7fef258ed700                          Options.compaction_pri: kByCompensatedSize
2018/12/29-20:39:13.274740 7fef258ed700 Options.compaction_options_universal.size_ratio: 1
2018/12/29-20:39:13.274741 7fef258ed700 Options.compaction_options_universal.min_merge_width: 2
2018/12/29-20:39:13.274742 7fef258ed700 Options.compaction_options_universal.max_merge_width: 4294967295
2018/12/29-20:39:13.274743 7fef258ed700 Options.compaction_options_universal.max_size_amplification_percent: 200
2018/12/29-20:39:13.274744 7fef258ed700 Options.compaction_options_universal.compression_size_percent: -1
2018/12/29-20:39:13.274746 7fef258ed700 Options.compaction_options_universal.stop_style: kCompactionStopStyleTotalSize
2018/12/29-20:39:13.274747 7fef258ed700 Options.compaction_options_fifo.max_table_files_size: 1073741824
2018/12/29-20:39:13.274748 7fef258ed700 Options.compaction_options_fifo.allow_compaction: 0
2018/12/29-20:39:13.274749 7fef258ed700 Options.compaction_options_fifo.ttl: 0
2018/12/29-20:39:13.274750 7fef258ed700                   Options.table_properties_collectors: 
2018/12/29-20:39:13.274751 7fef258ed700                   Options.inplace_update_support: 0
2018/12/29-20:39:13.274752 7fef258ed700                 Options.inplace_update_num_locks: 10000
2018/12/29-20:39:13.274753 7fef258ed700               Options.memtable_prefix_bloom_size_ratio: 0.000000
2018/12/29-20:39:13.274754 7fef258ed700   Options.memtable_huge_page_size: 0
2018/12/29-20:39:13.274755 7fef258ed700                           Options.bloom_locality: 0
2018/12/29-20:39:13.274756 7fef258ed700                    Options.max_successive_merges: 0
2018/12/29-20:39:13.274757 7fef258ed700                Options.optimize_filters_for_hits: 0
2018/12/29-20:39:13.274758 7fef258ed700                Options.paranoid_file_checks: 0
2018/12/29-20:39:13.274759 7fef258ed700                Options.force_consistency_checks: 0
2018/12/29-20:39:13.274759 7fef258ed700                Options.report_bg_io_stats: 0
2018/12/29-20:39:13.274760 7fef258ed700                               Options.ttl: 0
2018/12/29-20:39:13.275241 7fef258ed700 [db/version_set.cc:3361] Recovered from manifest file:/mnt/sda/ycsb-rocksdb-data/MANIFEST-000001 succeeded,manifest_file_number is 1, next_file_number is 3, last_sequence is 0, log_number is 0,prev_log_number is 0,max_column_family is 0,min_log_number_to_keep is 0
2018/12/29-20:39:13.275246 7fef258ed700 [db/version_set.cc:3369] Column family [default] (ID 0), log number is 0
2018/12/29-20:39:13.275432 7fef258ed700 [db/version_set.cc:2847] Creating manifest 4
2018/12/29-20:39:13.347519 7fef258ed700 [db/column_family.cc:475] --------------- Options for column family [usertable]:
2018/12/29-20:39:13.347527 7fef258ed700               Options.comparator: leveldb.BytewiseComparator
2018/12/29-20:39:13.347529 7fef258ed700           Options.merge_operator: None
2018/12/29-20:39:13.347530 7fef258ed700        Options.compaction_filter: None
2018/12/29-20:39:13.347531 7fef258ed700        Options.compaction_filter_factory: None
2018/12/29-20:39:13.347532 7fef258ed700         Options.memtable_factory: SkipListFactory
2018/12/29-20:39:13.347533 7fef258ed700            Options.table_factory: BlockBasedTable
2018/12/29-20:39:13.347568 7fef258ed700            table_factory options:   flush_block_policy_factory: FlushBlockBySizePolicyFactory (0x7feed0377d40)
  cache_index_and_filter_blocks: 0
  cache_index_and_filter_blocks_with_high_priority: 0
  pin_l0_filter_and_index_blocks_in_cache: 0
  index_type: 0
  hash_index_allow_collision: 1
  checksum: 1
  no_block_cache: 0
  block_cache: 0x7feed0378e60
  block_cache_name: LRUCache
  block_cache_options:
    capacity : 8388608
    num_shard_bits : 4
    strict_capacity_limit : 0
    high_pri_pool_ratio: 0.000
  block_cache_compressed: (nil)
  persistent_cache: (nil)
  block_size: 8192
  block_size_deviation: 10
  block_restart_interval: 16
  index_block_restart_interval: 1
  metadata_block_size: 4096
  partition_filters: 0
  use_delta_encoding: 1
  filter_policy: nullptr
  whole_key_filtering: 1
  verify_compression: 0
  read_amp_bytes_per_bit: 0
  format_version: 2
  enable_index_compression: 1
  block_align: 0
2018/12/29-20:39:13.347572 7fef258ed700        Options.write_buffer_size: 134217728
2018/12/29-20:39:13.347573 7fef258ed700  Options.max_write_buffer_number: 24
2018/12/29-20:39:13.347575 7fef258ed700        Options.compression[0]: NoCompression
2018/12/29-20:39:13.347576 7fef258ed700        Options.compression[1]: NoCompression
2018/12/29-20:39:13.347577 7fef258ed700        Options.compression[2]: LZ4
2018/12/29-20:39:13.347578 7fef258ed700        Options.compression[3]: LZ4
2018/12/29-20:39:13.347579 7fef258ed700        Options.compression[4]: LZ4
2018/12/29-20:39:13.347580 7fef258ed700        Options.compression[5]: LZ4
2018/12/29-20:39:13.347581 7fef258ed700        Options.compression[6]: LZ4
2018/12/29-20:39:13.347582 7fef258ed700                  Options.bottommost_compression: Disabled
2018/12/29-20:39:13.347583 7fef258ed700       Options.prefix_extractor: nullptr
2018/12/29-20:39:13.347584 7fef258ed700   Options.memtable_insert_with_hint_prefix_extractor: nullptr
2018/12/29-20:39:13.347585 7fef258ed700             Options.num_levels: 7
2018/12/29-20:39:13.347586 7fef258ed700        Options.min_write_buffer_number_to_merge: 2
2018/12/29-20:39:13.347587 7fef258ed700     Options.max_write_buffer_number_to_maintain: 0
2018/12/29-20:39:13.347588 7fef258ed700            Options.compression_opts.window_bits: -14
2018/12/29-20:39:13.347589 7fef258ed700                  Options.compression_opts.level: -1
2018/12/29-20:39:13.347590 7fef258ed700               Options.compression_opts.strategy: 0
2018/12/29-20:39:13.347591 7fef258ed700         Options.compression_opts.max_dict_bytes: 0
2018/12/29-20:39:13.347592 7fef258ed700         Options.compression_opts.zstd_max_train_bytes: 0
2018/12/29-20:39:13.347593 7fef258ed700      Options.level0_file_num_compaction_trigger: 2
2018/12/29-20:39:13.347594 7fef258ed700          Options.level0_slowdown_writes_trigger: 20
2018/12/29-20:39:13.347595 7fef258ed700              Options.level0_stop_writes_trigger: 36
2018/12/29-20:39:13.347596 7fef258ed700                   Options.target_file_size_base: 67108864
2018/12/29-20:39:13.347597 7fef258ed700             Options.target_file_size_multiplier: 1
2018/12/29-20:39:13.347598 7fef258ed700                Options.max_bytes_for_level_base: 536870912
2018/12/29-20:39:13.347598 7fef258ed700 Options.level_compaction_dynamic_level_bytes: 0
2018/12/29-20:39:13.347599 7fef258ed700          Options.max_bytes_for_level_multiplier: 10.000000
2018/12/29-20:39:13.347602 7fef258ed700 Options.max_bytes_for_level_multiplier_addtl[0]: 1
2018/12/29-20:39:13.347615 7fef258ed700 Options.max_bytes_for_level_multiplier_addtl[1]: 1
2018/12/29-20:39:13.347616 7fef258ed700 Options.max_bytes_for_level_multiplier_addtl[2]: 1
2018/12/29-20:39:13.347617 7fef258ed700 Options.max_bytes_for_level_multiplier_addtl[3]: 1
2018/12/29-20:39:13.347618 7fef258ed700 Options.max_bytes_for_level_multiplier_addtl[4]: 1
2018/12/29-20:39:13.347619 7fef258ed700 Options.max_bytes_for_level_multiplier_addtl[5]: 1
2018/12/29-20:39:13.347620 7fef258ed700 Options.max_bytes_for_level_multiplier_addtl[6]: 1
2018/12/29-20:39:13.347621 7fef258ed700       Options.max_sequential_skip_in_iterations: 8
2018/12/29-20:39:13.347622 7fef258ed700                    Options.max_compaction_bytes: 1677721600
2018/12/29-20:39:13.347623 7fef258ed700                        Options.arena_block_size: 16777216
2018/12/29-20:39:13.347624 7fef258ed700   Options.soft_pending_compaction_bytes_limit: 68719476736
2018/12/29-20:39:13.347624 7fef258ed700   Options.hard_pending_compaction_bytes_limit: 274877906944
2018/12/29-20:39:13.347625 7fef258ed700       Options.rate_limit_delay_max_milliseconds: 100
2018/12/29-20:39:13.347626 7fef258ed700                Options.disable_auto_compactions: 0
2018/12/29-20:39:13.347629 7fef258ed700                        Options.compaction_style: kCompactionStyleLevel
2018/12/29-20:39:13.347631 7fef258ed700                          Options.compaction_pri: kByCompensatedSize
2018/12/29-20:39:13.347632 7fef258ed700 Options.compaction_options_universal.size_ratio: 1
2018/12/29-20:39:13.347633 7fef258ed700 Options.compaction_options_universal.min_merge_width: 2
2018/12/29-20:39:13.347634 7fef258ed700 Options.compaction_options_universal.max_merge_width: 4294967295
2018/12/29-20:39:13.347635 7fef258ed700 Options.compaction_options_universal.max_size_amplification_percent: 200
2018/12/29-20:39:13.347636 7fef258ed700 Options.compaction_options_universal.compression_size_percent: -1
2018/12/29-20:39:13.347637 7fef258ed700 Options.compaction_options_universal.stop_style: kCompactionStopStyleTotalSize
2018/12/29-20:39:13.347638 7fef258ed700 Options.compaction_options_fifo.max_table_files_size: 1073741824
2018/12/29-20:39:13.347639 7fef258ed700 Options.compaction_options_fifo.allow_compaction: 0
2018/12/29-20:39:13.347640 7fef258ed700 Options.compaction_options_fifo.ttl: 0
2018/12/29-20:39:13.347641 7fef258ed700                   Options.table_properties_collectors: 
2018/12/29-20:39:13.347642 7fef258ed700                   Options.inplace_update_support: 0
2018/12/29-20:39:13.347643 7fef258ed700                 Options.inplace_update_num_locks: 10000
2018/12/29-20:39:13.347644 7fef258ed700               Options.memtable_prefix_bloom_size_ratio: 0.000000
2018/12/29-20:39:13.347646 7fef258ed700   Options.memtable_huge_page_size: 0
2018/12/29-20:39:13.347647 7fef258ed700                           Options.bloom_locality: 0
2018/12/29-20:39:13.347648 7fef258ed700                    Options.max_successive_merges: 0
2018/12/29-20:39:13.347648 7fef258ed700                Options.optimize_filters_for_hits: 0
2018/12/29-20:39:13.347649 7fef258ed700                Options.paranoid_file_checks: 0
2018/12/29-20:39:13.347650 7fef258ed700                Options.force_consistency_checks: 0
2018/12/29-20:39:13.347651 7fef258ed700                Options.report_bg_io_stats: 0
2018/12/29-20:39:13.347652 7fef258ed700                               Options.ttl: 0
2018/12/29-20:39:13.347732 7fef258ed700 [db/db_impl.cc:1396] Created column family [usertable] (ID 1)
2018/12/29-20:39:13.435272 7fef258ed700 [db/db_impl_open.cc:1219] DB pointer 0x7feed03b6bf0
2018/12/29-20:39:22.357646 7fef24de2700 [db/db_impl_write.cc:1373] [usertable] New memtable created with log file: #9. Immutable memtables: 0.
2018/12/29-20:39:31.320054 7fef256eb700 [db/db_impl_write.cc:1373] [usertable] New memtable created with log file: #10. Immutable memtables: 1.
2018/12/29-20:39:31.320188 7fedf5ffb700 [db/db_impl_compaction_flush.cc:80] [JOB 2] Syncing log #3
2018/12/29-20:39:31.567239 7fedf5ffb700 [db/db_impl_compaction_flush.cc:80] [JOB 2] Syncing log #9
2018/12/29-20:39:32.338535 7fedf5ffb700 (Original Log Time 2018/12/29-20:39:31.320136) [db/db_impl_compaction_flush.cc:1424] Calling FlushMemTableToOutputFile with column family [usertable], flush slots available 24, compaction slots available 1, flush slots scheduled 1, compaction slots scheduled 0
2018/12/29-20:39:32.338551 7fedf5ffb700 [db/flush_job.cc:301] [usertable] [JOB 2] Flushing memtable with next log file: 9
2018/12/29-20:39:32.338562 7fedf5ffb700 [db/flush_job.cc:301] [usertable] [JOB 2] Flushing memtable with next log file: 10
2018/12/29-20:39:32.338608 7fedf5ffb700 EVENT_LOG_v1 {"time_micros": 1546144772338594, "job": 2, "event": "flush_started", "num_memtables": 2, "num_entries": 62587, "num_deletes": 0, "memory_usage": 259456256, "flush_reason": "Write Buffer Full"}
2018/12/29-20:39:32.338619 7fedf5ffb700 [db/flush_job.cc:331] [usertable] [JOB 2] Level-0 flush table #11: started
2018/12/29-20:39:34.426025 7fedf5ffb700 EVENT_LOG_v1 {"time_micros": 1546144774425967, "cf_name": "usertable", "job": 2, "event": "table_file_creation", "file_number": 11, "file_size": 259197805, "table_properties": {"data_size": 258046215, "index_size": 1150663, "filter_size": 0, "raw_key_size": 1502088, "raw_average_key_size": 24, "raw_value_size": 256356352, "raw_average_value_size": 4096, "num_data_blocks": 31294, "num_entries": 62587, "filter_policy_name": "", "kDeletedKeys": "0", "kMergeOperands": "0"}}
2018/12/29-20:39:34.426058 7fedf5ffb700 [db/flush_job.cc:371] [usertable] [JOB 2] Level-0 flush table #11: 259197805 bytes OK
2018/12/29-20:39:34.456757 7fedf5ffb700 (Original Log Time 2018/12/29-20:39:34.426082) [db/memtable_list.cc:377] [usertable] Level-0 commit table #11 started
2018/12/29-20:39:34.456761 7fedf5ffb700 (Original Log Time 2018/12/29-20:39:34.456639) [db/memtable_list.cc:409] [usertable] Level-0 commit table #11: memtable #1 done
2018/12/29-20:39:34.456763 7fedf5ffb700 (Original Log Time 2018/12/29-20:39:34.456654) [db/memtable_list.cc:409] [usertable] Level-0 commit table #11: memtable #2 done
2018/12/29-20:39:34.456764 7fedf5ffb700 (Original Log Time 2018/12/29-20:39:34.456683) EVENT_LOG_v1 {"time_micros": 1546144774456672, "job": 2, "event": "flush_finished", "output_compression": "NoCompression", "lsm_state": [1, 0, 0, 0, 0, 0, 0], "immutable_memtables": 0}
2018/12/29-20:39:34.456766 7fedf5ffb700 (Original Log Time 2018/12/29-20:39:34.456720) [db/db_impl_compaction_flush.cc:177] [usertable] Level summary: base level 1 max bytes base 536870912 files[1 0 0 0 0 0 0] max score 0.50
2018/12/29-20:39:34.456782 7fedf5ffb700 [db/db_impl_files.cc:347] [JOB 2] Try to delete WAL files size 258415375, prev total WAL file size 303746322, number of live WAL files 3.
2018/12/29-20:39:40.169844 7fef257ec700 [db/db_impl_write.cc:1373] [usertable] New memtable created with log file: #12. Immutable memtables: 0.
2018/12/29-20:39:48.400005 7fef242d7700 [db/db_impl_write.cc:1373] [usertable] New memtable created with log file: #13. Immutable memtables: 1.
2018/12/29-20:39:48.400133 7fedf57fa700 [db/db_impl_compaction_flush.cc:80] [JOB 3] Syncing log #10
2018/12/29-20:39:48.896563 7fedf57fa700 [db/db_impl_compaction_flush.cc:80] [JOB 3] Syncing log #12
2018/12/29-20:39:49.379132 7fedf57fa700 (Original Log Time 2018/12/29-20:39:48.400105) [db/db_impl_compaction_flush.cc:1424] Calling FlushMemTableToOutputFile with column family [usertable], flush slots available 24, compaction slots available 1, flush slots scheduled 1, compaction slots scheduled 0
2018/12/29-20:39:49.379148 7fedf57fa700 [db/flush_job.cc:301] [usertable] [JOB 3] Flushing memtable with next log file: 12
2018/12/29-20:39:49.379158 7fedf57fa700 [db/flush_job.cc:301] [usertable] [JOB 3] Flushing memtable with next log file: 13
2018/12/29-20:39:49.379201 7fedf57fa700 EVENT_LOG_v1 {"time_micros": 1546144789379187, "job": 3, "event": "flush_started", "num_memtables": 2, "num_entries": 59781, "num_deletes": 0, "memory_usage": 256500720, "flush_reason": "Write Buffer Full"}
2018/12/29-20:39:49.379212 7fedf57fa700 [db/flush_job.cc:331] [usertable] [JOB 3] Level-0 flush table #14: started
2018/12/29-20:39:50.656552 7fedf57fa700 EVENT_LOG_v1 {"time_micros": 1546144790656526, "cf_name": "usertable", "job": 3, "event": "table_file_creation", "file_number": 14, "file_size": 247590350, "table_properties": {"data_size": 246483720, "index_size": 1105703, "filter_size": 0, "raw_key_size": 1434744, "raw_average_key_size": 24, "raw_value_size": 244862976, "raw_average_value_size": 4096, "num_data_blocks": 29891, "num_entries": 59781, "filter_policy_name": "", "kDeletedKeys": "0", "kMergeOperands": "0"}}
2018/12/29-20:39:50.656575 7fedf57fa700 [db/flush_job.cc:371] [usertable] [JOB 3] Level-0 flush table #14: 247590350 bytes OK
2018/12/29-20:39:50.716849 7fedf57fa700 (Original Log Time 2018/12/29-20:39:50.656592) [db/memtable_list.cc:377] [usertable] Level-0 commit table #14 started
2018/12/29-20:39:50.716853 7fedf57fa700 (Original Log Time 2018/12/29-20:39:50.716726) [db/memtable_list.cc:409] [usertable] Level-0 commit table #14: memtable #1 done
2018/12/29-20:39:50.716855 7fedf57fa700 (Original Log Time 2018/12/29-20:39:50.716732) [db/memtable_list.cc:409] [usertable] Level-0 commit table #14: memtable #2 done
2018/12/29-20:39:50.716857 7fedf57fa700 (Original Log Time 2018/12/29-20:39:50.716768) EVENT_LOG_v1 {"time_micros": 1546144790716755, "job": 3, "event": "flush_finished", "output_compression": "NoCompression", "lsm_state": [2, 0, 0, 0, 0, 0, 0], "immutable_memtables": 0}
2018/12/29-20:39:50.716859 7fedf57fa700 (Original Log Time 2018/12/29-20:39:50.716820) [db/db_impl_compaction_flush.cc:177] [usertable] Level summary: base level 1 max bytes base 536870912 files[2 0 0 0 0 0 0] max score 1.00
2018/12/29-20:39:50.716873 7fedf57fa700 [db/db_impl_files.cc:347] [JOB 3] Try to delete WAL files size 246829281, prev total WAL file size 280310514, number of live WAL files 3.
2018/12/29-20:39:50.717077 7fee57229700 [WARN] [db/db_impl.cc:491] ------- DUMPING STATS -------
2018/12/29-20:39:50.719281 7fee57229700 [WARN] [db/db_impl.cc:492] 
** DB Stats **
Uptime(secs): 37.4 total, 37.4 interval
Cumulative writes: 130K writes, 130K keys, 129K commit groups, 1.0 writes per commit group, ingest: 0.50 GB, 13.72 MB/s
Cumulative WAL: 130K writes, 0 syncs, 130477.00 writes per sync, written: 0.50 GB, 13.72 MB/s
Cumulative stall: 00:00:0.000 H:M:S, 0.0 percent
Interval writes: 130K writes, 130K keys, 129K commit groups, 1.0 writes per commit group, ingest: 513.77 MB, 13.72 MB/s
Interval WAL: 130K writes, 0 syncs, 130477.00 writes per sync, written: 0.50 MB, 13.72 MB/s
Interval stall: 00:00:0.000 H:M:S, 0.0 percent

** Compaction Stats [default] **
Level    Files   Size     Score Read(GB)  Rn(GB) Rnp1(GB) Write(GB) Wnew(GB) Moved(GB) W-Amp Rd(MB/s) Wr(MB/s) Comp(sec) Comp(cnt) Avg(sec) KeyIn KeyDrop
----------------------------------------------------------------------------------------------------------------------------------------------------------
 Sum      0/0    0.00 KB   0.0      0.0     0.0      0.0       0.0      0.0       0.0   0.0      0.0      0.0         0         0    0.000       0      0
 Int      0/0    0.00 KB   0.0      0.0     0.0      0.0       0.0      0.0       0.0   0.0      0.0      0.0         0         0    0.000       0      0
Uptime(secs): 37.4 total, 37.4 interval
Flush(GB): cumulative 0.000, interval 0.000
AddFile(GB): cumulative 0.000, interval 0.000
AddFile(Total Files): cumulative 0, interval 0
AddFile(L0 Files): cumulative 0, interval 0
AddFile(Keys): cumulative 0, interval 0
Cumulative compaction: 0.00 GB write, 0.00 MB/s write, 0.00 GB read, 0.00 MB/s read, 0.0 seconds
Interval compaction: 0.00 GB write, 0.00 MB/s write, 0.00 GB read, 0.00 MB/s read, 0.0 seconds
Stalls(count): 0 level0_slowdown, 0 level0_slowdown_with_compaction, 0 level0_numfiles, 0 level0_numfiles_with_compaction, 0 stop for pending_compaction_bytes, 0 slowdown for pending_compaction_bytes, 0 memtable_compaction, 0 memtable_slowdown, interval 0 total count

** File Read Latency Histogram By Level [default] **

** Compaction Stats [usertable] **
Level    Files   Size     Score Read(GB)  Rn(GB) Rnp1(GB) Write(GB) Wnew(GB) Moved(GB) W-Amp Rd(MB/s) Wr(MB/s) Comp(sec) Comp(cnt) Avg(sec) KeyIn KeyDrop
----------------------------------------------------------------------------------------------------------------------------------------------------------
  L0      2/0   483.31 MB   1.0      0.0     0.0      0.0       0.5      0.5       0.0   1.0      0.0    143.6         3         2    1.683       0      0
 Sum      2/0   483.31 MB   0.0      0.0     0.0      0.0       0.5      0.5       0.0   1.0      0.0    143.6         3         2    1.683       0      0
 Int      0/0    0.00 KB   0.0      0.0     0.0      0.0       0.5      0.5       0.0   1.0      0.0    143.6         3         2    1.683       0      0
Uptime(secs): 37.4 total, 37.4 interval
Flush(GB): cumulative 0.472, interval 0.472
AddFile(GB): cumulative 0.000, interval 0.000
AddFile(Total Files): cumulative 0, interval 0
AddFile(L0 Files): cumulative 0, interval 0
AddFile(Keys): cumulative 0, interval 0
Cumulative compaction: 0.47 GB write, 12.93 MB/s write, 0.00 GB read, 0.00 MB/s read, 3.4 seconds
Interval compaction: 0.47 GB write, 12.93 MB/s write, 0.00 GB read, 0.00 MB/s read, 3.4 seconds
Stalls(count): 0 level0_slowdown, 0 level0_slowdown_with_compaction, 0 level0_numfiles, 0 level0_numfiles_with_compaction, 0 stop for pending_compaction_bytes, 0 slowdown for pending_compaction_bytes, 0 memtable_compaction, 0 memtable_slowdown, interval 0 total count

** File Read Latency Histogram By Level [usertable] **

** Compaction Stats [default] **
Level    Files   Size     Score Read(GB)  Rn(GB) Rnp1(GB) Write(GB) Wnew(GB) Moved(GB) W-Amp Rd(MB/s) Wr(MB/s) Comp(sec) Comp(cnt) Avg(sec) KeyIn KeyDrop
----------------------------------------------------------------------------------------------------------------------------------------------------------
 Sum      0/0    0.00 KB   0.0      0.0     0.0      0.0       0.0      0.0       0.0   0.0      0.0      0.0         0         0    0.000       0      0
 Int      0/0    0.00 KB   0.0      0.0     0.0      0.0       0.0      0.0       0.0   0.0      0.0      0.0         0         0    0.000       0      0
Uptime(secs): 37.4 total, 0.0 interval
Flush(GB): cumulative 0.000, interval 0.000
AddFile(GB): cumulative 0.000, interval 0.000
AddFile(Total Files): cumulative 0, interval 0
AddFile(L0 Files): cumulative 0, interval 0
AddFile(Keys): cumulative 0, interval 0
Cumulative compaction: 0.00 GB write, 0.00 MB/s write, 0.00 GB read, 0.00 MB/s read, 0.0 seconds
Interval compaction: 0.00 GB write, 0.00 MB/s write, 0.00 GB read, 0.00 MB/s read, 0.0 seconds
Stalls(count): 0 level0_slowdown, 0 level0_slowdown_with_compaction, 0 level0_numfiles, 0 level0_numfiles_with_compaction, 0 stop for pending_compaction_bytes, 0 slowdown for pending_compaction_bytes, 0 memtable_compaction, 0 memtable_slowdown, interval 0 total count

** File Read Latency Histogram By Level [default] **

** Compaction Stats [usertable] **
Level    Files   Size     Score Read(GB)  Rn(GB) Rnp1(GB) Write(GB) Wnew(GB) Moved(GB) W-Amp Rd(MB/s) Wr(MB/s) Comp(sec) Comp(cnt) Avg(sec) KeyIn KeyDrop
----------------------------------------------------------------------------------------------------------------------------------------------------------
  L0      2/0   483.31 MB   1.0      0.0     0.0      0.0       0.5      0.5       0.0   1.0      0.0    143.6         3         2    1.683       0      0
 Sum      2/0   483.31 MB   0.0      0.0     0.0      0.0       0.5      0.5       0.0   1.0      0.0    143.6         3         2    1.683       0      0
 Int      0/0    0.00 KB   0.0      0.0     0.0      0.0       0.0      0.0       0.0   0.0      0.0      0.0         0         0    0.000       0      0
Uptime(secs): 37.4 total, 0.0 interval
Flush(GB): cumulative 0.472, interval 0.000
AddFile(GB): cumulative 0.000, interval 0.000
AddFile(Total Files): cumulative 0, interval 0
AddFile(L0 Files): cumulative 0, interval 0
AddFile(Keys): cumulative 0, interval 0
Cumulative compaction: 0.47 GB write, 12.93 MB/s write, 0.00 GB read, 0.00 MB/s read, 3.4 seconds
Interval compaction: 0.00 GB write, 0.00 MB/s write, 0.00 GB read, 0.00 MB/s read, 0.0 seconds
Stalls(count): 0 level0_slowdown, 0 level0_slowdown_with_compaction, 0 level0_numfiles, 0 level0_numfiles_with_compaction, 0 stop for pending_compaction_bytes, 0 slowdown for pending_compaction_bytes, 0 memtable_compaction, 0 memtable_slowdown, interval 0 total count

** File Read Latency Histogram By Level [usertable] **
2018/12/29-20:39:50.777629 7fee57229700 (Original Log Time 2018/12/29-20:39:50.721880) [db/db_impl_compaction_flush.cc:1835] [usertable] Moving #11 to level-1 259197805 bytes
2018/12/29-20:39:50.777634 7fee57229700 (Original Log Time 2018/12/29-20:39:50.777557) EVENT_LOG_v1 {"time_micros": 1546144790777539, "job": 4, "event": "trivial_move", "destination_level": 1, "files": 1, "total_files_size": 259197805}
2018/12/29-20:39:50.777635 7fee57229700 (Original Log Time 2018/12/29-20:39:50.777579) [db/db_impl_compaction_flush.cc:1864] [usertable] Moved #1 files to level-1 259197805 bytes OK: base level 1 max bytes base 536870912 files[1 1 0 0 0 0 0] max score 0.50
2018/12/29-20:39:57.366514 7fef253e8700 [db/db_impl_write.cc:1373] [usertable] New memtable created with log file: #15. Immutable memtables: 0.
2018/12/29-20:40:06.331220 7fef254e9700 [db/db_impl_write.cc:1373] [usertable] New memtable created with log file: #16. Immutable memtables: 1.
2018/12/29-20:40:06.331324 7fedf4ff9700 [db/db_impl_compaction_flush.cc:80] [JOB 5] Syncing log #13
2018/12/29-20:40:06.858149 7fedf4ff9700 [db/db_impl_compaction_flush.cc:80] [JOB 5] Syncing log #15
2018/12/29-20:40:07.380896 7fedf4ff9700 (Original Log Time 2018/12/29-20:40:06.331301) [db/db_impl_compaction_flush.cc:1424] Calling FlushMemTableToOutputFile with column family [usertable], flush slots available 24, compaction slots available 1, flush slots scheduled 1, compaction slots scheduled 0
2018/12/29-20:40:07.380912 7fedf4ff9700 [db/flush_job.cc:301] [usertable] [JOB 5] Flushing memtable with next log file: 15
2018/12/29-20:40:07.380921 7fedf4ff9700 [db/flush_job.cc:301] [usertable] [JOB 5] Flushing memtable with next log file: 16
2018/12/29-20:40:07.380951 7fedf4ff9700 EVENT_LOG_v1 {"time_micros": 1546144807380941, "job": 5, "event": "flush_started", "num_memtables": 2, "num_entries": 62758, "num_deletes": 0, "memory_usage": 260055384, "flush_reason": "Write Buffer Full"}
2018/12/29-20:40:07.380959 7fedf4ff9700 [db/flush_job.cc:331] [usertable] [JOB 5] Level-0 flush table #17: started
2018/12/29-20:40:08.311966 7fedf4ff9700 EVENT_LOG_v1 {"time_micros": 1546144808311938, "cf_name": "usertable", "job": 5, "event": "table_file_creation", "file_number": 17, "file_size": 259905947, "table_properties": {"data_size": 258751234, "index_size": 1153786, "filter_size": 0, "raw_key_size": 1506192, "raw_average_key_size": 24, "raw_value_size": 257056768, "raw_average_value_size": 4096, "num_data_blocks": 31379, "num_entries": 62758, "filter_policy_name": "", "kDeletedKeys": "0", "kMergeOperands": "0"}}
2018/12/29-20:40:08.311989 7fedf4ff9700 [db/flush_job.cc:371] [usertable] [JOB 5] Level-0 flush table #17: 259905947 bytes OK
2018/12/29-20:40:08.341122 7fedf4ff9700 (Original Log Time 2018/12/29-20:40:08.312007) [db/memtable_list.cc:377] [usertable] Level-0 commit table #17 started
2018/12/29-20:40:08.341129 7fedf4ff9700 (Original Log Time 2018/12/29-20:40:08.341007) [db/memtable_list.cc:409] [usertable] Level-0 commit table #17: memtable #1 done
2018/12/29-20:40:08.341132 7fedf4ff9700 (Original Log Time 2018/12/29-20:40:08.341012) [db/memtable_list.cc:409] [usertable] Level-0 commit table #17: memtable #2 done
2018/12/29-20:40:08.341135 7fedf4ff9700 (Original Log Time 2018/12/29-20:40:08.341050) EVENT_LOG_v1 {"time_micros": 1546144808341037, "job": 5, "event": "flush_finished", "output_compression": "NoCompression", "lsm_state": [2, 1, 0, 0, 0, 0, 0], "immutable_memtables": 0}
2018/12/29-20:40:08.341138 7fedf4ff9700 (Original Log Time 2018/12/29-20:40:08.341093) [db/db_impl_compaction_flush.cc:177] [usertable] Level summary: base level 1 max bytes base 536870912 files[2 1 0 0 0 0 0] max score 1.00
