2018/11/26-09:09:46.099766 7f7d6c61f0 RocksDB version: 5.14.3
2018/11/26-09:09:46.099912 7f7d6c61f0 Git sha rocksdb_build_git_sha:
2018/11/26-09:09:46.099919 7f7d6c61f0 Compile date Nov 15 2018
2018/11/26-09:09:46.099928 7f7d6c61f0 DB SUMMARY
2018/11/26-09:09:46.100760 7f7d6c61f0 CURRENT file:  CURRENT
2018/11/26-09:09:46.100771 7f7d6c61f0 IDENTITY file:  IDENTITY
2018/11/26-09:09:46.100796 7f7d6c61f0 MANIFEST file:  MANIFEST-000004 size: 121811 Bytes
2018/11/26-09:09:46.100803 7f7d6c61f0 SST files in /mnt/sda/ycsb-rocksdb-data dir, Total Num: 667, files: 000021.sst 000022.sst 000023.sst 000024.sst 000028.sst 000029.sst 000030.sst 000031.sst 000035.sst 
2018/11/26-09:09:46.100807 7f7d6c61f0 Write Ahead Log file in /mnt/sda/ycsb-rocksdb-data: 001197.log size: 125531412 ; 001203.log size: 128581675 ; 001204.log size: 125651481 ; 001206.log size: 37748007 ; 
2018/11/26-09:09:46.100818 7f7d6c61f0                         Options.error_if_exists: 0
2018/11/26-09:09:46.100822 7f7d6c61f0                       Options.create_if_missing: 1
2018/11/26-09:09:46.100826 7f7d6c61f0                         Options.paranoid_checks: 1
2018/11/26-09:09:46.100829 7f7d6c61f0                                     Options.env: 0x7f747f7f18
2018/11/26-09:09:46.100832 7f7d6c61f0                                Options.info_log: 0x7f343bfee0
2018/11/26-09:09:46.100835 7f7d6c61f0                Options.max_file_opening_threads: 16
2018/11/26-09:09:46.100839 7f7d6c61f0                              Options.statistics: (nil)
2018/11/26-09:09:46.100842 7f7d6c61f0                               Options.use_fsync: 0
2018/11/26-09:09:46.100845 7f7d6c61f0                       Options.max_log_file_size: 0
2018/11/26-09:09:46.100848 7f7d6c61f0                  Options.max_manifest_file_size: 18446744073709551615
2018/11/26-09:09:46.100851 7f7d6c61f0                   Options.log_file_time_to_roll: 0
2018/11/26-09:09:46.100854 7f7d6c61f0                       Options.keep_log_file_num: 1000
2018/11/26-09:09:46.100857 7f7d6c61f0                    Options.recycle_log_file_num: 0
2018/11/26-09:09:46.100860 7f7d6c61f0                         Options.allow_fallocate: 1
2018/11/26-09:09:46.100864 7f7d6c61f0                        Options.allow_mmap_reads: 0
2018/11/26-09:09:46.100867 7f7d6c61f0                       Options.allow_mmap_writes: 0
2018/11/26-09:09:46.100870 7f7d6c61f0                        Options.use_direct_reads: 0
2018/11/26-09:09:46.100872 7f7d6c61f0                        Options.use_direct_io_for_flush_and_compaction: 0
2018/11/26-09:09:46.100875 7f7d6c61f0          Options.create_missing_column_families: 1
2018/11/26-09:09:46.100878 7f7d6c61f0                              Options.db_log_dir: 
2018/11/26-09:09:46.100881 7f7d6c61f0                                 Options.wal_dir: /mnt/sda/ycsb-rocksdb-data
2018/11/26-09:09:46.100884 7f7d6c61f0                Options.table_cache_numshardbits: 6
2018/11/26-09:09:46.100887 7f7d6c61f0                      Options.max_subcompactions: 4
2018/11/26-09:09:46.100890 7f7d6c61f0                  Options.max_background_flushes: 6
2018/11/26-09:09:46.100893 7f7d6c61f0                         Options.WAL_ttl_seconds: 0
2018/11/26-09:09:46.100896 7f7d6c61f0                       Options.WAL_size_limit_MB: 0
2018/11/26-09:09:46.100899 7f7d6c61f0             Options.manifest_preallocation_size: 4194304
2018/11/26-09:09:46.100902 7f7d6c61f0                     Options.is_fd_close_on_exec: 1
2018/11/26-09:09:46.100905 7f7d6c61f0                   Options.advise_random_on_open: 1
2018/11/26-09:09:46.100908 7f7d6c61f0                    Options.db_write_buffer_size: 0
2018/11/26-09:09:46.100911 7f7d6c61f0                    Options.write_buffer_manager: 0x7f343c1240
2018/11/26-09:09:46.100914 7f7d6c61f0         Options.access_hint_on_compaction_start: 1
2018/11/26-09:09:46.100918 7f7d6c61f0  Options.new_table_reader_for_compaction_inputs: 0
2018/11/26-09:09:46.100921 7f7d6c61f0           Options.random_access_max_buffer_size: 1048576
2018/11/26-09:09:46.100924 7f7d6c61f0                      Options.use_adaptive_mutex: 0
2018/11/26-09:09:46.100927 7f7d6c61f0                            Options.rate_limiter: (nil)
2018/11/26-09:09:46.100968 7f7d6c61f0     Options.sst_file_manager.rate_bytes_per_sec: 0
2018/11/26-09:09:46.100986 7f7d6c61f0                       Options.wal_recovery_mode: 2
2018/11/26-09:09:46.100990 7f7d6c61f0                  Options.enable_thread_tracking: 0
2018/11/26-09:09:46.100993 7f7d6c61f0                  Options.enable_pipelined_write: 1
2018/11/26-09:09:46.100996 7f7d6c61f0         Options.allow_concurrent_memtable_write: 1
2018/11/26-09:09:46.100999 7f7d6c61f0      Options.enable_write_thread_adaptive_yield: 1
2018/11/26-09:09:46.101002 7f7d6c61f0             Options.write_thread_max_yield_usec: 100
2018/11/26-09:09:46.101005 7f7d6c61f0            Options.write_thread_slow_yield_usec: 3
2018/11/26-09:09:46.101008 7f7d6c61f0                               Options.row_cache: None
2018/11/26-09:09:46.101011 7f7d6c61f0                              Options.wal_filter: None
2018/11/26-09:09:46.101014 7f7d6c61f0             Options.avoid_flush_during_recovery: 0
2018/11/26-09:09:46.101017 7f7d6c61f0             Options.allow_ingest_behind: 0
2018/11/26-09:09:46.101020 7f7d6c61f0             Options.preserve_deletes: 0
2018/11/26-09:09:46.101023 7f7d6c61f0             Options.two_write_queues: 0
2018/11/26-09:09:46.101025 7f7d6c61f0             Options.manual_wal_flush: 0
2018/11/26-09:09:46.101030 7f7d6c61f0             Options.max_background_jobs: 6
2018/11/26-09:09:46.101033 7f7d6c61f0             Options.max_background_compactions: 6
2018/11/26-09:09:46.101037 7f7d6c61f0             Options.avoid_flush_during_shutdown: 0
2018/11/26-09:09:46.101040 7f7d6c61f0           Options.writable_file_max_buffer_size: 1048576
2018/11/26-09:09:46.101042 7f7d6c61f0             Options.delayed_write_rate : 16777216
2018/11/26-09:09:46.101046 7f7d6c61f0             Options.max_total_wal_size: 0
2018/11/26-09:09:46.101048 7f7d6c61f0             Options.delete_obsolete_files_period_micros: 21600000000
2018/11/26-09:09:46.101051 7f7d6c61f0                   Options.stats_dump_period_sec: 60
2018/11/26-09:09:46.101054 7f7d6c61f0                          Options.max_open_files: -1
2018/11/26-09:09:46.101057 7f7d6c61f0                          Options.bytes_per_sync: 1048576
2018/11/26-09:09:46.101060 7f7d6c61f0                      Options.wal_bytes_per_sync: 0
2018/11/26-09:09:46.101063 7f7d6c61f0       Options.compaction_readahead_size: 0
2018/11/26-09:09:46.101065 7f7d6c61f0 Compression algorithms supported:
2018/11/26-09:09:46.101069 7f7d6c61f0 	kZSTDNotFinalCompression supported: 1
2018/11/26-09:09:46.101106 7f7d6c61f0 	kZSTD supported: 1
2018/11/26-09:09:46.101112 7f7d6c61f0 	kXpressCompression supported: 0
2018/11/26-09:09:46.101115 7f7d6c61f0 	kLZ4HCCompression supported: 1
2018/11/26-09:09:46.101119 7f7d6c61f0 	kLZ4Compression supported: 1
2018/11/26-09:09:46.101122 7f7d6c61f0 	kBZip2Compression supported: 1
2018/11/26-09:09:46.101125 7f7d6c61f0 	kZlibCompression supported: 1
2018/11/26-09:09:46.101128 7f7d6c61f0 	kSnappyCompression supported: 1
2018/11/26-09:09:46.101136 7f7d6c61f0 Fast CRC32 supported: Not supported on x86
2018/11/26-09:09:46.101839 7f7d6c61f0 [db/version_set.cc:3085] Recovering from manifest file: MANIFEST-000004
2018/11/26-09:09:46.102055 7f7d6c61f0 [db/column_family.cc:475] --------------- Options for column family [default]:
2018/11/26-09:09:46.102065 7f7d6c61f0               Options.comparator: leveldb.BytewiseComparator
2018/11/26-09:09:46.102069 7f7d6c61f0           Options.merge_operator: None
2018/11/26-09:09:46.102072 7f7d6c61f0        Options.compaction_filter: None
2018/11/26-09:09:46.102075 7f7d6c61f0        Options.compaction_filter_factory: None
2018/11/26-09:09:46.102078 7f7d6c61f0         Options.memtable_factory: SkipListFactory
2018/11/26-09:09:46.102082 7f7d6c61f0            Options.table_factory: BlockBasedTable
2018/11/26-09:09:46.102129 7f7d6c61f0            table_factory options:   flush_block_policy_factory: FlushBlockBySizePolicyFactory (0x7f34375590)
  cache_index_and_filter_blocks: 0
  cache_index_and_filter_blocks_with_high_priority: 0
  pin_l0_filter_and_index_blocks_in_cache: 0
  index_type: 0
  hash_index_allow_collision: 1
  checksum: 1
  no_block_cache: 0
  block_cache: 0x7f34381720
  block_cache_name: LRUCache
  block_cache_options:
    capacity : 8388608
    num_shard_bits : 4
    strict_capacity_limit : 0
    high_pri_pool_ratio: 0.000
  block_cache_compressed: (nil)
  persistent_cache: (nil)
  block_size: 8192
  block_size_deviation: 10
  block_restart_interval: 16
  index_block_restart_interval: 1
  metadata_block_size: 4096
  partition_filters: 0
  use_delta_encoding: 1
  filter_policy: nullptr
  whole_key_filtering: 1
  verify_compression: 0
  read_amp_bytes_per_bit: 0
  format_version: 2
  enable_index_compression: 1
  block_align: 0
2018/11/26-09:09:46.102168 7f7d6c61f0        Options.write_buffer_size: 134217728
2018/11/26-09:09:46.102173 7f7d6c61f0  Options.max_write_buffer_number: 24
2018/11/26-09:09:46.102177 7f7d6c61f0        Options.compression[0]: NoCompression
2018/11/26-09:09:46.102180 7f7d6c61f0        Options.compression[1]: NoCompression
2018/11/26-09:09:46.102184 7f7d6c61f0        Options.compression[2]: LZ4
2018/11/26-09:09:46.102187 7f7d6c61f0        Options.compression[3]: LZ4
2018/11/26-09:09:46.102190 7f7d6c61f0        Options.compression[4]: LZ4
2018/11/26-09:09:46.102192 7f7d6c61f0        Options.compression[5]: LZ4
2018/11/26-09:09:46.102195 7f7d6c61f0        Options.compression[6]: LZ4
2018/11/26-09:09:46.102198 7f7d6c61f0                  Options.bottommost_compression: Disabled
2018/11/26-09:09:46.102201 7f7d6c61f0       Options.prefix_extractor: nullptr
2018/11/26-09:09:46.102205 7f7d6c61f0   Options.memtable_insert_with_hint_prefix_extractor: nullptr
2018/11/26-09:09:46.102208 7f7d6c61f0             Options.num_levels: 7
2018/11/26-09:09:46.102211 7f7d6c61f0        Options.min_write_buffer_number_to_merge: 2
2018/11/26-09:09:46.102214 7f7d6c61f0     Options.max_write_buffer_number_to_maintain: 0
2018/11/26-09:09:46.102216 7f7d6c61f0            Options.compression_opts.window_bits: -14
2018/11/26-09:09:46.102219 7f7d6c61f0                  Options.compression_opts.level: -1
2018/11/26-09:09:46.102222 7f7d6c61f0               Options.compression_opts.strategy: 0
2018/11/26-09:09:46.102225 7f7d6c61f0         Options.compression_opts.max_dict_bytes: 0
2018/11/26-09:09:46.102228 7f7d6c61f0         Options.compression_opts.zstd_max_train_bytes: 0
2018/11/26-09:09:46.102231 7f7d6c61f0      Options.level0_file_num_compaction_trigger: 2
2018/11/26-09:09:46.102234 7f7d6c61f0          Options.level0_slowdown_writes_trigger: 20
2018/11/26-09:09:46.102237 7f7d6c61f0              Options.level0_stop_writes_trigger: 36
2018/11/26-09:09:46.102240 7f7d6c61f0                   Options.target_file_size_base: 67108864
2018/11/26-09:09:46.102243 7f7d6c61f0             Options.target_file_size_multiplier: 1
2018/11/26-09:09:46.102246 7f7d6c61f0                Options.max_bytes_for_level_base: 536870912
2018/11/26-09:09:46.102249 7f7d6c61f0 Options.level_compaction_dynamic_level_bytes: 0
2018/11/26-09:09:46.102252 7f7d6c61f0          Options.max_bytes_for_level_multiplier: 10.000000
2018/11/26-09:09:46.102258 7f7d6c61f0 Options.max_bytes_for_level_multiplier_addtl[0]: 1
2018/11/26-09:09:46.102262 7f7d6c61f0 Options.max_bytes_for_level_multiplier_addtl[1]: 1
2018/11/26-09:09:46.102264 7f7d6c61f0 Options.max_bytes_for_level_multiplier_addtl[2]: 1
2018/11/26-09:09:46.102267 7f7d6c61f0 Options.max_bytes_for_level_multiplier_addtl[3]: 1
2018/11/26-09:09:46.102270 7f7d6c61f0 Options.max_bytes_for_level_multiplier_addtl[4]: 1
2018/11/26-09:09:46.102273 7f7d6c61f0 Options.max_bytes_for_level_multiplier_addtl[5]: 1
2018/11/26-09:09:46.102276 7f7d6c61f0 Options.max_bytes_for_level_multiplier_addtl[6]: 1
2018/11/26-09:09:46.102279 7f7d6c61f0       Options.max_sequential_skip_in_iterations: 8
2018/11/26-09:09:46.102282 7f7d6c61f0                    Options.max_compaction_bytes: 1677721600
2018/11/26-09:09:46.102285 7f7d6c61f0                        Options.arena_block_size: 16777216
2018/11/26-09:09:46.102288 7f7d6c61f0   Options.soft_pending_compaction_bytes_limit: 68719476736
2018/11/26-09:09:46.102304 7f7d6c61f0   Options.hard_pending_compaction_bytes_limit: 274877906944
2018/11/26-09:09:46.102309 7f7d6c61f0       Options.rate_limit_delay_max_milliseconds: 100
2018/11/26-09:09:46.102312 7f7d6c61f0                Options.disable_auto_compactions: 0
2018/11/26-09:09:46.102317 7f7d6c61f0                        Options.compaction_style: kCompactionStyleLevel
2018/11/26-09:09:46.102322 7f7d6c61f0                          Options.compaction_pri: kByCompensatedSize
2018/11/26-09:09:46.102325 7f7d6c61f0 Options.compaction_options_universal.size_ratio: 1
2018/11/26-09:09:46.102328 7f7d6c61f0 Options.compaction_options_universal.min_merge_width: 2
2018/11/26-09:09:46.102331 7f7d6c61f0 Options.compaction_options_universal.max_merge_width: 4294967295
2018/11/26-09:09:46.102334 7f7d6c61f0 Options.compaction_options_universal.max_size_amplification_percent: 200
2018/11/26-09:09:46.102337 7f7d6c61f0 Options.compaction_options_universal.compression_size_percent: -1
2018/11/26-09:09:46.102341 7f7d6c61f0 Options.compaction_options_universal.stop_style: kCompactionStopStyleTotalSize
2018/11/26-09:09:46.102345 7f7d6c61f0 Options.compaction_options_fifo.max_table_files_size: 1073741824
2018/11/26-09:09:46.102348 7f7d6c61f0 Options.compaction_options_fifo.allow_compaction: 0
2018/11/26-09:09:46.102351 7f7d6c61f0 Options.compaction_options_fifo.ttl: 0
2018/11/26-09:09:46.102354 7f7d6c61f0                   Options.table_properties_collectors: 
2018/11/26-09:09:46.102357 7f7d6c61f0                   Options.inplace_update_support: 0
2018/11/26-09:09:46.102360 7f7d6c61f0                 Options.inplace_update_num_locks: 10000
2018/11/26-09:09:46.102363 7f7d6c61f0               Options.memtable_prefix_bloom_size_ratio: 0.000000
2018/11/26-09:09:46.102367 7f7d6c61f0   Options.memtable_huge_page_size: 0
2018/11/26-09:09:46.102370 7f7d6c61f0                           Options.bloom_locality: 0
2018/11/26-09:09:46.102373 7f7d6c61f0                    Options.max_successive_merges: 0
2018/11/26-09:09:46.102376 7f7d6c61f0                Options.optimize_filters_for_hits: 0
2018/11/26-09:09:46.102379 7f7d6c61f0                Options.paranoid_file_checks: 0
2018/11/26-09:09:46.102382 7f7d6c61f0                Options.force_consistency_checks: 0
2018/11/26-09:09:46.102385 7f7d6c61f0                Options.report_bg_io_stats: 0
2018/11/26-09:09:46.102388 7f7d6c61f0                               Options.ttl: 0
2018/11/26-09:09:46.103074 7f7d6c61f0 [db/column_family.cc:475] --------------- Options for column family [usertable]:
2018/11/26-09:09:46.103086 7f7d6c61f0               Options.comparator: leveldb.BytewiseComparator
2018/11/26-09:09:46.103090 7f7d6c61f0           Options.merge_operator: None
2018/11/26-09:09:46.103093 7f7d6c61f0        Options.compaction_filter: None
2018/11/26-09:09:46.103096 7f7d6c61f0        Options.compaction_filter_factory: None
2018/11/26-09:09:46.103100 7f7d6c61f0         Options.memtable_factory: SkipListFactory
2018/11/26-09:09:46.103102 7f7d6c61f0            Options.table_factory: BlockBasedTable
2018/11/26-09:09:46.103144 7f7d6c61f0            table_factory options:   flush_block_policy_factory: FlushBlockBySizePolicyFactory (0x7f343765c0)
  cache_index_and_filter_blocks: 0
  cache_index_and_filter_blocks_with_high_priority: 0
  pin_l0_filter_and_index_blocks_in_cache: 0
  index_type: 0
  hash_index_allow_collision: 1
  checksum: 1
  no_block_cache: 0
  block_cache: 0x7f34383370
  block_cache_name: LRUCache
  block_cache_options:
    capacity : 8388608
    num_shard_bits : 4
    strict_capacity_limit : 0
    high_pri_pool_ratio: 0.000
  block_cache_compressed: (nil)
  persistent_cache: (nil)
  block_size: 8192
  block_size_deviation: 10
  block_restart_interval: 16
  index_block_restart_interval: 1
  metadata_block_size: 4096
  partition_filters: 0
  use_delta_encoding: 1
  filter_policy: nullptr
  whole_key_filtering: 1
  verify_compression: 0
  read_amp_bytes_per_bit: 0
  format_version: 2
  enable_index_compression: 1
  block_align: 0
2018/11/26-09:09:46.103150 7f7d6c61f0        Options.write_buffer_size: 134217728
2018/11/26-09:09:46.103178 7f7d6c61f0  Options.max_write_buffer_number: 24
2018/11/26-09:09:46.103183 7f7d6c61f0        Options.compression[0]: NoCompression
2018/11/26-09:09:46.103187 7f7d6c61f0        Options.compression[1]: NoCompression
2018/11/26-09:09:46.103190 7f7d6c61f0        Options.compression[2]: LZ4
2018/11/26-09:09:46.103193 7f7d6c61f0        Options.compression[3]: LZ4
2018/11/26-09:09:46.103195 7f7d6c61f0        Options.compression[4]: LZ4
2018/11/26-09:09:46.103198 7f7d6c61f0        Options.compression[5]: LZ4
2018/11/26-09:09:46.103201 7f7d6c61f0        Options.compression[6]: LZ4
2018/11/26-09:09:46.103204 7f7d6c61f0                  Options.bottommost_compression: Disabled
2018/11/26-09:09:46.103207 7f7d6c61f0       Options.prefix_extractor: nullptr
2018/11/26-09:09:46.103210 7f7d6c61f0   Options.memtable_insert_with_hint_prefix_extractor: nullptr
2018/11/26-09:09:46.103213 7f7d6c61f0             Options.num_levels: 7
2018/11/26-09:09:46.103216 7f7d6c61f0        Options.min_write_buffer_number_to_merge: 2
2018/11/26-09:09:46.103219 7f7d6c61f0     Options.max_write_buffer_number_to_maintain: 0
2018/11/26-09:09:46.103221 7f7d6c61f0            Options.compression_opts.window_bits: -14
2018/11/26-09:09:46.103224 7f7d6c61f0                  Options.compression_opts.level: -1
2018/11/26-09:09:46.103227 7f7d6c61f0               Options.compression_opts.strategy: 0
2018/11/26-09:09:46.103230 7f7d6c61f0         Options.compression_opts.max_dict_bytes: 0
2018/11/26-09:09:46.103233 7f7d6c61f0         Options.compression_opts.zstd_max_train_bytes: 0
2018/11/26-09:09:46.103235 7f7d6c61f0      Options.level0_file_num_compaction_trigger: 2
2018/11/26-09:09:46.103238 7f7d6c61f0          Options.level0_slowdown_writes_trigger: 20
2018/11/26-09:09:46.103241 7f7d6c61f0              Options.level0_stop_writes_trigger: 36
2018/11/26-09:09:46.103244 7f7d6c61f0                   Options.target_file_size_base: 67108864
2018/11/26-09:09:46.103247 7f7d6c61f0             Options.target_file_size_multiplier: 1
2018/11/26-09:09:46.103250 7f7d6c61f0                Options.max_bytes_for_level_base: 536870912
2018/11/26-09:09:46.103253 7f7d6c61f0 Options.level_compaction_dynamic_level_bytes: 0
2018/11/26-09:09:46.103255 7f7d6c61f0          Options.max_bytes_for_level_multiplier: 10.000000
2018/11/26-09:09:46.103260 7f7d6c61f0 Options.max_bytes_for_level_multiplier_addtl[0]: 1
2018/11/26-09:09:46.103263 7f7d6c61f0 Options.max_bytes_for_level_multiplier_addtl[1]: 1
2018/11/26-09:09:46.103266 7f7d6c61f0 Options.max_bytes_for_level_multiplier_addtl[2]: 1
2018/11/26-09:09:46.103269 7f7d6c61f0 Options.max_bytes_for_level_multiplier_addtl[3]: 1
2018/11/26-09:09:46.103272 7f7d6c61f0 Options.max_bytes_for_level_multiplier_addtl[4]: 1
2018/11/26-09:09:46.103275 7f7d6c61f0 Options.max_bytes_for_level_multiplier_addtl[5]: 1
2018/11/26-09:09:46.103278 7f7d6c61f0 Options.max_bytes_for_level_multiplier_addtl[6]: 1
2018/11/26-09:09:46.103280 7f7d6c61f0       Options.max_sequential_skip_in_iterations: 8
2018/11/26-09:09:46.103283 7f7d6c61f0                    Options.max_compaction_bytes: 1677721600
2018/11/26-09:09:46.103286 7f7d6c61f0                        Options.arena_block_size: 16777216
2018/11/26-09:09:46.103289 7f7d6c61f0   Options.soft_pending_compaction_bytes_limit: 68719476736
2018/11/26-09:09:46.103292 7f7d6c61f0   Options.hard_pending_compaction_bytes_limit: 274877906944
2018/11/26-09:09:46.103295 7f7d6c61f0       Options.rate_limit_delay_max_milliseconds: 100
2018/11/26-09:09:46.103298 7f7d6c61f0                Options.disable_auto_compactions: 0
2018/11/26-09:09:46.103302 7f7d6c61f0                        Options.compaction_style: kCompactionStyleLevel
2018/11/26-09:09:46.103305 7f7d6c61f0                          Options.compaction_pri: kByCompensatedSize
2018/11/26-09:09:46.103308 7f7d6c61f0 Options.compaction_options_universal.size_ratio: 1
2018/11/26-09:09:46.103311 7f7d6c61f0 Options.compaction_options_universal.min_merge_width: 2
2018/11/26-09:09:46.103314 7f7d6c61f0 Options.compaction_options_universal.max_merge_width: 4294967295
2018/11/26-09:09:46.103330 7f7d6c61f0 Options.compaction_options_universal.max_size_amplification_percent: 200
2018/11/26-09:09:46.103335 7f7d6c61f0 Options.compaction_options_universal.compression_size_percent: -1
2018/11/26-09:09:46.103339 7f7d6c61f0 Options.compaction_options_universal.stop_style: kCompactionStopStyleTotalSize
2018/11/26-09:09:46.103342 7f7d6c61f0 Options.compaction_options_fifo.max_table_files_size: 1073741824
2018/11/26-09:09:46.103345 7f7d6c61f0 Options.compaction_options_fifo.allow_compaction: 0
2018/11/26-09:09:46.103348 7f7d6c61f0 Options.compaction_options_fifo.ttl: 0
2018/11/26-09:09:46.103351 7f7d6c61f0                   Options.table_properties_collectors: 
2018/11/26-09:09:46.103354 7f7d6c61f0                   Options.inplace_update_support: 0
2018/11/26-09:09:46.103356 7f7d6c61f0                 Options.inplace_update_num_locks: 10000
2018/11/26-09:09:46.103359 7f7d6c61f0               Options.memtable_prefix_bloom_size_ratio: 0.000000
2018/11/26-09:09:46.103363 7f7d6c61f0   Options.memtable_huge_page_size: 0
2018/11/26-09:09:46.103366 7f7d6c61f0                           Options.bloom_locality: 0
2018/11/26-09:09:46.103368 7f7d6c61f0                    Options.max_successive_merges: 0
2018/11/26-09:09:46.103371 7f7d6c61f0                Options.optimize_filters_for_hits: 0
2018/11/26-09:09:46.103374 7f7d6c61f0                Options.paranoid_file_checks: 0
2018/11/26-09:09:46.103377 7f7d6c61f0                Options.force_consistency_checks: 0
2018/11/26-09:09:46.103379 7f7d6c61f0                Options.report_bg_io_stats: 0
2018/11/26-09:09:46.103382 7f7d6c61f0                               Options.ttl: 0
2018/11/26-09:09:46.555552 7f7d6c61f0 [db/version_set.cc:3361] Recovered from manifest file:/mnt/sda/ycsb-rocksdb-data/MANIFEST-000004 succeeded,manifest_file_number is 4, next_file_number is 1204, last_sequence is 10371793, log_number is 0,prev_log_number is 0,max_column_family is 1,min_log_number_to_keep is 0
2018/11/26-09:09:46.555585 7f7d6c61f0 [db/version_set.cc:3369] Column family [default] (ID 0), log number is 0
2018/11/26-09:09:46.555589 7f7d6c61f0 [db/version_set.cc:3369] Column family [usertable] (ID 1), log number is 1197
2018/11/26-09:09:46.559589 7f7d6c61f0 EVENT_LOG_v1 {"time_micros": 1543223386559563, "job": 1, "event": "recovery_started", "log_files": [1197, 1203, 1204, 1206]}
2018/11/26-09:09:46.559627 7f7d6c61f0 [db/db_impl_open.cc:551] Recovering log #1197 mode 2
2018/11/26-09:09:47.147363 7f7d6c61f0 [db/db_impl_open.cc:551] Recovering log #1203 mode 2
2018/11/26-09:09:47.841802 7f7d6c61f0 EVENT_LOG_v1 {"time_micros": 1543223387841747, "cf_name": "usertable", "job": 1, "event": "table_file_creation", "file_number": 1204, "file_size": 129916027, "table_properties": {"data_size": 129338510, "index_size": 576595, "filter_size": 0, "raw_key_size": 752880, "raw_average_key_size": 24, "raw_value_size": 128491520, "raw_average_value_size": 4096, "num_data_blocks": 15685, "num_entries": 31370, "filter_policy_name": "", "kDeletedKeys": "0", "kMergeOperands": "0"}}
2018/11/26-09:09:48.425674 7f7d6c61f0 [db/db_impl_open.cc:551] Recovering log #1204 mode 2
2018/11/26-09:09:50.342843 7f7d6c61f0 EVENT_LOG_v1 {"time_micros": 1543223390342743, "cf_name": "usertable", "job": 1, "event": "table_file_creation", "file_number": 1205, "file_size": 129911919, "table_properties": {"data_size": 129334401, "index_size": 576596, "filter_size": 0, "raw_key_size": 752856, "raw_average_key_size": 24, "raw_value_size": 128487424, "raw_average_value_size": 4096, "num_data_blocks": 15685, "num_entries": 31369, "filter_policy_name": "", "kDeletedKeys": "0", "kMergeOperands": "0"}}
2018/11/26-09:09:51.664425 7f7d6c61f0 [db/db_impl_open.cc:551] Recovering log #1206 mode 2
2018/11/26-09:09:52.364001 7f7d6c61f0 EVENT_LOG_v1 {"time_micros": 1543223392363931, "cf_name": "usertable", "job": 1, "event": "table_file_creation", "file_number": 1207, "file_size": 129902322, "table_properties": {"data_size": 129321393, "index_size": 580007, "filter_size": 0, "raw_key_size": 752760, "raw_average_key_size": 24, "raw_value_size": 128471040, "raw_average_value_size": 4096, "num_data_blocks": 15683, "num_entries": 31365, "filter_policy_name": "", "kDeletedKeys": "0", "kMergeOperands": "0"}}
2018/11/26-09:09:52.630185 7f7d6c61f0 [db/version_set.cc:2847] Creating manifest 1208
2018/11/26-09:09:53.851749 7f7d6c61f0 EVENT_LOG_v1 {"time_micros": 1543223393851662, "cf_name": "usertable", "job": 1, "event": "table_file_creation", "file_number": 1209, "file_size": 29027685, "table_properties": {"data_size": 28898121, "index_size": 128643, "filter_size": 0, "raw_key_size": 168216, "raw_average_key_size": 24, "raw_value_size": 28708864, "raw_average_value_size": 4096, "num_data_blocks": 3505, "num_entries": 7009, "filter_policy_name": "", "kDeletedKeys": "0", "kMergeOperands": "0"}}
2018/11/26-09:09:54.029081 7f7d6c61f0 EVENT_LOG_v1 {"time_micros": 1543223394029063, "job": 1, "event": "recovery_finished"}
2018/11/26-09:09:54.030104 7f7d6c61f0 [db/column_family.cc:837] [usertable] Increasing compaction threads because we have 5 level-0 files 
2018/11/26-09:09:54.643153 7f7d6c61f0 [db/db_impl_open.cc:1219] DB pointer 0x7f343c04a0
2018/11/26-09:09:54.643808 7f6ffff1f0 [WARN] [db/db_impl.cc:491] ------- DUMPING STATS -------
2018/11/26-09:09:54.643892 7f6ffff1f0 [WARN] [db/db_impl.cc:492] 
** DB Stats **
Uptime(secs): 8.5 total, 8.5 interval
Cumulative writes: 0 writes, 0 keys, 0 commit groups, 0.0 writes per commit group, ingest: 0.00 GB, 0.00 MB/s
Cumulative WAL: 0 writes, 0 syncs, 0.00 writes per sync, written: 0.00 GB, 0.00 MB/s
Cumulative stall: 00:00:0.000 H:M:S, 0.0 percent
Interval writes: 0 writes, 0 keys, 0 commit groups, 0.0 writes per commit group, ingest: 0.00 MB, 0.00 MB/s
Interval WAL: 0 writes, 0 syncs, 0.00 writes per sync, written: 0.00 MB, 0.00 MB/s
Interval stall: 00:00:0.000 H:M:S, 0.0 percent

** Compaction Stats [default] **
Level    Files   Size     Score Read(GB)  Rn(GB) Rnp1(GB) Write(GB) Wnew(GB) Moved(GB) W-Amp Rd(MB/s) Wr(MB/s) Comp(sec) Comp(cnt) Avg(sec) KeyIn KeyDrop
----------------------------------------------------------------------------------------------------------------------------------------------------------
 Sum      0/0    0.00 KB   0.0      0.0     0.0      0.0       0.0      0.0       0.0   0.0      0.0      0.0         0         0    0.000       0      0
 Int      0/0    0.00 KB   0.0      0.0     0.0      0.0       0.0      0.0       0.0   0.0      0.0      0.0         0         0    0.000       0      0
Uptime(secs): 8.5 total, 8.5 interval
Flush(GB): cumulative 0.000, interval 0.000
AddFile(GB): cumulative 0.000, interval 0.000
AddFile(Total Files): cumulative 0, interval 0
AddFile(L0 Files): cumulative 0, interval 0
AddFile(Keys): cumulative 0, interval 0
Cumulative compaction: 0.00 GB write, 0.00 MB/s write, 0.00 GB read, 0.00 MB/s read, 0.0 seconds
Interval compaction: 0.00 GB write, 0.00 MB/s write, 0.00 GB read, 0.00 MB/s read, 0.0 seconds
Stalls(count): 0 level0_slowdown, 0 level0_slowdown_with_compaction, 0 level0_numfiles, 0 level0_numfiles_with_compaction, 0 stop for pending_compaction_bytes, 0 slowdown for pending_compaction_bytes, 0 memtable_compaction, 0 memtable_slowdown, interval 0 total count

** File Read Latency Histogram By Level [default] **

** Compaction Stats [usertable] **
Level    Files   Size     Score Read(GB)  Rn(GB) Rnp1(GB) Write(GB) Wnew(GB) Moved(GB) W-Amp Rd(MB/s) Wr(MB/s) Comp(sec) Comp(cnt) Avg(sec) KeyIn KeyDrop
----------------------------------------------------------------------------------------------------------------------------------------------------------
  L0      5/0   634.99 MB   2.5      0.0     0.0      0.0       0.4      0.4       0.0   1.0      0.0     97.7         4         4    1.022       0      0
  L1      2/0   474.27 MB   0.9      0.0     0.0      0.0       0.0      0.0       0.0   0.0      0.0      0.0         0         0    0.000       0      0
  L2    113/0    5.00 GB   1.0      0.0     0.0      0.0       0.0      0.0       0.0   0.0      0.0      0.0         0         0    0.000       0      0
  L3    551/0   34.10 GB   0.7      0.0     0.0      0.0       0.0      0.0       0.0   0.0      0.0      0.0         0         0    0.000       0      0
 Sum    671/0   40.18 GB   0.0      0.0     0.0      0.0       0.4      0.4       0.0   1.0      0.0     97.7         4         4    1.022       0      0
 Int      0/0    0.00 KB   0.0      0.0     0.0      0.0       0.4      0.4       0.0   1.0      0.0     97.7         4         4    1.022       0      0
Uptime(secs): 8.5 total, 8.5 interval
Flush(GB): cumulative 0.390, interval 0.390
AddFile(GB): cumulative 0.000, interval 0.000
AddFile(Total Files): cumulative 0, interval 0
AddFile(L0 Files): cumulative 0, interval 0
AddFile(Keys): cumulative 0, interval 0
Cumulative compaction: 0.39 GB write, 46.76 MB/s write, 0.00 GB read, 0.00 MB/s read, 4.1 seconds
Interval compaction: 0.39 GB write, 46.76 MB/s write, 0.00 GB read, 0.00 MB/s read, 4.1 seconds
Stalls(count): 0 level0_slowdown, 0 level0_slowdown_with_compaction, 0 level0_numfiles, 0 level0_numfiles_with_compaction, 0 stop for pending_compaction_bytes, 0 slowdown for pending_compaction_bytes, 0 memtable_compaction, 0 memtable_slowdown, interval 0 total count

** File Read Latency Histogram By Level [usertable] **

** Compaction Stats [default] **
Level    Files   Size     Score Read(GB)  Rn(GB) Rnp1(GB) Write(GB) Wnew(GB) Moved(GB) W-Amp Rd(MB/s) Wr(MB/s) Comp(sec) Comp(cnt) Avg(sec) KeyIn KeyDrop
----------------------------------------------------------------------------------------------------------------------------------------------------------
 Sum      0/0    0.00 KB   0.0      0.0     0.0      0.0       0.0      0.0       0.0   0.0      0.0      0.0         0         0    0.000       0      0
 Int      0/0    0.00 KB   0.0      0.0     0.0      0.0       0.0      0.0       0.0   0.0      0.0      0.0         0         0    0.000       0      0
Uptime(secs): 8.5 total, 0.0 interval
Flush(GB): cumulative 0.000, interval 0.000
AddFile(GB): cumulative 0.000, interval 0.000
AddFile(Total Files): cumulative 0, interval 0
AddFile(L0 Files): cumulative 0, interval 0
AddFile(Keys): cumulative 0, interval 0
Cumulative compaction: 0.00 GB write, 0.00 MB/s write, 0.00 GB read, 0.00 MB/s read, 0.0 seconds
Interval compaction: 0.00 GB write, 0.00 MB/s write, 0.00 GB read, 0.00 MB/s read, 0.0 seconds
Stalls(count): 0 level0_slowdown, 0 level0_slowdown_with_compaction, 0 level0_numfiles, 0 level0_numfiles_with_compaction, 0 stop for pending_compaction_bytes, 0 slowdown for pending_compaction_bytes, 0 memtable_compaction, 0 memtable_slowdown, interval 0 total count

** File Read Latency Histogram By Level [default] **

** Compaction Stats [usertable] **
Level    Files   Size     Score Read(GB)  Rn(GB) Rnp1(GB) Write(GB) Wnew(GB) Moved(GB) W-Amp Rd(MB/s) Wr(MB/s) Comp(sec) Comp(cnt) Avg(sec) KeyIn KeyDrop
----------------------------------------------------------------------------------------------------------------------------------------------------------
  L0      5/0   634.99 MB   2.5      0.0     0.0      0.0       0.4      0.4       0.0   1.0      0.0     97.7         4         4    1.022       0      0
  L1      2/0   474.27 MB   0.9      0.0     0.0      0.0       0.0      0.0       0.0   0.0      0.0      0.0         0         0    0.000       0      0
  L2    113/0    5.00 GB   1.0      0.0     0.0      0.0       0.0      0.0       0.0   0.0      0.0      0.0         0         0    0.000       0      0
  L3    551/0   34.10 GB   0.7      0.0     0.0      0.0       0.0      0.0       0.0   0.0      0.0      0.0         0         0    0.000       0      0
 Sum    671/0   40.18 GB   0.0      0.0     0.0      0.0       0.4      0.4       0.0   1.0      0.0     97.7         4         4    1.022       0      0
 Int      0/0    0.00 KB   0.0      0.0     0.0      0.0       0.0      0.0       0.0   0.0      0.0      0.0         0         0    0.000       0      0
Uptime(secs): 8.5 total, 0.0 interval
Flush(GB): cumulative 0.390, interval 0.000
AddFile(GB): cumulative 0.000, interval 0.000
AddFile(Total Files): cumulative 0, interval 0
AddFile(L0 Files): cumulative 0, interval 0
AddFile(Keys): cumulative 0, interval 0
Cumulative compaction: 0.39 GB write, 46.76 MB/s write, 0.00 GB read, 0.00 MB/s read, 4.1 seconds
Interval compaction: 0.00 GB write, 0.00 MB/s write, 0.00 GB read, 0.00 MB/s read, 0.0 seconds
Stalls(count): 0 level0_slowdown, 0 level0_slowdown_with_compaction, 0 level0_numfiles, 0 level0_numfiles_with_compaction, 0 stop for pending_compaction_bytes, 0 slowdown for pending_compaction_bytes, 0 memtable_compaction, 0 memtable_slowdown, interval 0 total count

** File Read Latency Histogram By Level [usertable] **
2018/11/26-09:09:54.645035 7f6e7fc1f0 [db/compaction_job.cc:1531] [usertable] [JOB 4] Compacting 4@0 files to L0, score 2.00
2018/11/26-09:09:54.645069 7f6e7fc1f0 [db/compaction_job.cc:1535] [usertable] Compaction start summary: Base version 5 Base level 0, inputs: [1209(27MB) 1207(123MB) 1205(123MB) 1204(123MB)]
2018/11/26-09:09:54.645131 7f6e7fc1f0 EVENT_LOG_v1 {"time_micros": 1543223394645102, "job": 4, "event": "compaction_started", "compaction_reason": "LevelL0FilesNum", "files_L0": [1209, 1207, 1205, 1204], "score": 2, "input_data_size": 418757953}
2018/11/26-09:09:55.439867 7f6ffff1f0 [db/column_family.cc:837] [usertable] Increasing compaction threads because we have 4 level-0 files 
2018/11/26-09:09:55.440185 7f6ffff1f0 (Original Log Time 2018/11/26-09:09:54.644223) [db/db_impl_compaction_flush.cc:1835] [usertable] Moving #83 to level-1 247080098 bytes
2018/11/26-09:09:55.440192 7f6ffff1f0 (Original Log Time 2018/11/26-09:09:55.440027) EVENT_LOG_v1 {"time_micros": 1543223395440009, "job": 3, "event": "trivial_move", "destination_level": 1, "files": 1, "total_files_size": 247080098}
2018/11/26-09:09:55.440197 7f6ffff1f0 (Original Log Time 2018/11/26-09:09:55.440048) [db/db_impl_compaction_flush.cc:1864] [usertable] Moved #1 files to level-1 247080098 bytes OK: base level 1 max bytes base 536870912 files[4 3 113 551 0 0 0] max score 1.39
2018/11/26-09:09:55.440346 7f6f7fe1f0 [db/compaction_job.cc:1531] [usertable] [JOB 5] Compacting 1@1 files to L2, score 1.39
2018/11/26-09:09:55.440361 7f6f7fe1f0 [db/compaction_job.cc:1535] [usertable] Compaction start summary: Base version 6 Base level 1, inputs: [795(237MB)]
2018/11/26-09:09:55.440395 7f6f7fe1f0 EVENT_LOG_v1 {"time_micros": 1543223395440379, "job": 5, "event": "compaction_started", "compaction_reason": "LevelMaxLevelSize", "files_L1": [795], "score": 1.38654, "input_data_size": 249035739}
2018/11/26-09:10:01.840386 7f6e7fc1f0 [db/compaction_job.cc:1211] [usertable] [JOB 4] Generated table #1213: 101113 keys, 418766954 bytes
2018/11/26-09:10:01.840664 7f6e7fc1f0 EVENT_LOG_v1 {"time_micros": 1543223401840582, "cf_name": "usertable", "job": 4, "event": "table_file_creation", "file_number": 1213, "file_size": 418766954, "table_properties": {"data_size": 416888913, "index_size": 1877114, "filter_size": 0, "raw_key_size": 2426712, "raw_average_key_size": 24, "raw_value_size": 414158848, "raw_average_value_size": 4096, "num_data_blocks": 50557, "num_entries": 101113, "filter_policy_name": "", "kDeletedKeys": "0", "kMergeOperands": "0"}}
2018/11/26-09:10:01.840879 7f6e7fc1f0 [db/compaction_job.cc:1287] [usertable] [JOB 4] Compacted 4@0 files to L0 => 418766954 bytes
2018/11/26-09:10:01.978012 7f6e7fc1f0 (Original Log Time 2018/11/26-09:10:01.977528) [db/compaction_job.cc:685] [usertable] compacted to: base level 1 max bytes base 536870912 files[1 3 113 551 0 0 0] max score 1.00, MB/sec: 58.2 rd, 58.2 wr, level 0, files in(0, 4) out(1) MB in(0.0, 399.4) out(399.4), read-write-amplify(0.0) write-amplify(0.0) OK, records in: 101113, records dropped: 0 output_compression: NoCompression
2018/11/26-09:10:01.978045 7f6e7fc1f0 (Original Log Time 2018/11/26-09:10:01.977639) EVENT_LOG_v1 {"time_micros": 1543223401977594, "job": 4, "event": "compaction_finished", "compaction_time_micros": 7195564, "output_level": 0, "num_output_files": 1, "total_output_size": 418766954, "num_input_records": 101113, "num_output_records": 101113, "num_subcompactions": 1, "output_compression": "NoCompression", "num_single_delete_mismatches": 0, "num_single_delete_fallthrough": 0, "lsm_state": [1, 3, 113, 551, 0, 0, 0]}
2018/11/26-09:10:03.691259 7f6f7fe1f0 [db/compaction_job.cc:1211] [usertable] [JOB 5] Generated table #1214: 16279 keys, 67233551 bytes
2018/11/26-09:10:03.691338 7f6f7fe1f0 EVENT_LOG_v1 {"time_micros": 1543223403691313, "cf_name": "usertable", "job": 5, "event": "table_file_creation", "file_number": 1214, "file_size": 67233551, "table_properties": {"data_size": 67120140, "index_size": 300916, "filter_size": 0, "raw_key_size": 390696, "raw_average_key_size": 24, "raw_value_size": 66678784, "raw_average_value_size": 4096, "num_data_blocks": 8140, "num_entries": 16279, "filter_policy_name": "", "kDeletedKeys": "0", "kMergeOperands": "0"}}
2018/11/26-09:10:06.003929 7f6f7fe1f0 [db/compaction_job.cc:1211] [usertable] [JOB 5] Generated table #1215: 16279 keys, 67233360 bytes
2018/11/26-09:10:06.004137 7f6f7fe1f0 EVENT_LOG_v1 {"time_micros": 1543223406004074, "cf_name": "usertable", "job": 5, "event": "table_file_creation", "file_number": 1215, "file_size": 67233360, "table_properties": {"data_size": 67118331, "index_size": 299108, "filter_size": 0, "raw_key_size": 390696, "raw_average_key_size": 24, "raw_value_size": 66678784, "raw_average_value_size": 4096, "num_data_blocks": 8140, "num_entries": 16279, "filter_policy_name": "", "kDeletedKeys": "0", "kMergeOperands": "0"}}
2018/11/26-09:10:07.766785 7f6f7fe1f0 [db/compaction_job.cc:1211] [usertable] [JOB 5] Generated table #1216: 16279 keys, 67233529 bytes
2018/11/26-09:10:07.766884 7f6f7fe1f0 EVENT_LOG_v1 {"time_micros": 1543223407766853, "cf_name": "usertable", "job": 5, "event": "table_file_creation", "file_number": 1216, "file_size": 67233529, "table_properties": {"data_size": 67120138, "index_size": 300916, "filter_size": 0, "raw_key_size": 390696, "raw_average_key_size": 24, "raw_value_size": 66678784, "raw_average_value_size": 4096, "num_data_blocks": 8140, "num_entries": 16279, "filter_policy_name": "", "kDeletedKeys": "0", "kMergeOperands": "0"}}
2018/11/26-09:10:09.386812 7f6f7fe1f0 [db/compaction_job.cc:1211] [usertable] [JOB 5] Generated table #1217: 11293 keys, 46641160 bytes
2018/11/26-09:10:09.387011 7f6f7fe1f0 EVENT_LOG_v1 {"time_micros": 1543223409386913, "cf_name": "usertable", "job": 5, "event": "table_file_creation", "file_number": 1217, "file_size": 46641160, "table_properties": {"data_size": 46561053, "index_size": 207419, "filter_size": 0, "raw_key_size": 271032, "raw_average_key_size": 24, "raw_value_size": 46256128, "raw_average_value_size": 4096, "num_data_blocks": 5647, "num_entries": 11293, "filter_policy_name": "", "kDeletedKeys": "0", "kMergeOperands": "0"}}
2018/11/26-09:10:09.387233 7f6f7fe1f0 [db/compaction_job.cc:1287] [usertable] [JOB 5] Compacted 1@1 files to L2 => 248341600 bytes
