2019/04/18-16:42:25.035916 7f05b42d7700 RocksDB version: 5.14.3
2019/04/18-16:42:25.035992 7f05b42d7700 Git sha rocksdb_build_git_sha:
2019/04/18-16:42:25.035995 7f05b42d7700 Compile date Oct  9 2018
2019/04/18-16:42:25.036004 7f05b42d7700 DB SUMMARY
2019/04/18-16:42:25.036916 7f05b42d7700 CURRENT file:  CURRENT
2019/04/18-16:42:25.036921 7f05b42d7700 IDENTITY file:  IDENTITY
2019/04/18-16:42:25.036931 7f05b42d7700 MANIFEST file:  MANIFEST-000004 size: 119796 Bytes
2019/04/18-16:42:25.036935 7f05b42d7700 SST files in /mnt/sdb/ycsb-rocksdb-data dir, Total Num: 655, files: 000021.sst 000022.sst 000023.sst 000024.sst 000028.sst 000029.sst 000030.sst 000031.sst 000035.sst 
2019/04/18-16:42:25.036941 7f05b42d7700 Write Ahead Log file in /mnt/sdb/ycsb-rocksdb-data: 001153.log size: 129753321 ; 001159.log size: 1712668 ; 
2019/04/18-16:42:25.036966 7f05b42d7700                         Options.error_if_exists: 0
2019/04/18-16:42:25.036967 7f05b42d7700                       Options.create_if_missing: 1
2019/04/18-16:42:25.036968 7f05b42d7700                         Options.paranoid_checks: 1
2019/04/18-16:42:25.036969 7f05b42d7700                                     Options.env: 0x7f0540ffa080
2019/04/18-16:42:25.036970 7f05b42d7700                                Options.info_log: 0x7f05283b0700
2019/04/18-16:42:25.036971 7f05b42d7700                Options.max_file_opening_threads: 16
2019/04/18-16:42:25.036972 7f05b42d7700                              Options.statistics: (nil)
2019/04/18-16:42:25.036974 7f05b42d7700                               Options.use_fsync: 0
2019/04/18-16:42:25.036975 7f05b42d7700                       Options.max_log_file_size: 0
2019/04/18-16:42:25.036976 7f05b42d7700                  Options.max_manifest_file_size: 18446744073709551615
2019/04/18-16:42:25.036977 7f05b42d7700                   Options.log_file_time_to_roll: 0
2019/04/18-16:42:25.036978 7f05b42d7700                       Options.keep_log_file_num: 1000
2019/04/18-16:42:25.036979 7f05b42d7700                    Options.recycle_log_file_num: 0
2019/04/18-16:42:25.036980 7f05b42d7700                         Options.allow_fallocate: 1
2019/04/18-16:42:25.036981 7f05b42d7700                        Options.allow_mmap_reads: 0
2019/04/18-16:42:25.036982 7f05b42d7700                       Options.allow_mmap_writes: 0
2019/04/18-16:42:25.036983 7f05b42d7700                        Options.use_direct_reads: 0
2019/04/18-16:42:25.036984 7f05b42d7700                        Options.use_direct_io_for_flush_and_compaction: 0
2019/04/18-16:42:25.036985 7f05b42d7700          Options.create_missing_column_families: 1
2019/04/18-16:42:25.036986 7f05b42d7700                              Options.db_log_dir: 
2019/04/18-16:42:25.036987 7f05b42d7700                                 Options.wal_dir: /mnt/sdb/ycsb-rocksdb-data
2019/04/18-16:42:25.036988 7f05b42d7700                Options.table_cache_numshardbits: 6
2019/04/18-16:42:25.036989 7f05b42d7700                      Options.max_subcompactions: 4
2019/04/18-16:42:25.036990 7f05b42d7700                  Options.max_background_flushes: 24
2019/04/18-16:42:25.036991 7f05b42d7700                         Options.WAL_ttl_seconds: 0
2019/04/18-16:42:25.036992 7f05b42d7700                       Options.WAL_size_limit_MB: 0
2019/04/18-16:42:25.036993 7f05b42d7700             Options.manifest_preallocation_size: 4194304
2019/04/18-16:42:25.036994 7f05b42d7700                     Options.is_fd_close_on_exec: 1
2019/04/18-16:42:25.036995 7f05b42d7700                   Options.advise_random_on_open: 1
2019/04/18-16:42:25.036996 7f05b42d7700                    Options.db_write_buffer_size: 0
2019/04/18-16:42:25.036997 7f05b42d7700                    Options.write_buffer_manager: 0x7f05283a4d30
2019/04/18-16:42:25.036998 7f05b42d7700         Options.access_hint_on_compaction_start: 1
2019/04/18-16:42:25.036999 7f05b42d7700  Options.new_table_reader_for_compaction_inputs: 0
2019/04/18-16:42:25.037000 7f05b42d7700           Options.random_access_max_buffer_size: 1048576
2019/04/18-16:42:25.037001 7f05b42d7700                      Options.use_adaptive_mutex: 0
2019/04/18-16:42:25.037001 7f05b42d7700                            Options.rate_limiter: (nil)
2019/04/18-16:42:25.037018 7f05b42d7700     Options.sst_file_manager.rate_bytes_per_sec: 0
2019/04/18-16:42:25.037020 7f05b42d7700                       Options.wal_recovery_mode: 2
2019/04/18-16:42:25.037021 7f05b42d7700                  Options.enable_thread_tracking: 0
2019/04/18-16:42:25.037022 7f05b42d7700                  Options.enable_pipelined_write: 1
2019/04/18-16:42:25.037023 7f05b42d7700         Options.allow_concurrent_memtable_write: 1
2019/04/18-16:42:25.037024 7f05b42d7700      Options.enable_write_thread_adaptive_yield: 1
2019/04/18-16:42:25.037025 7f05b42d7700             Options.write_thread_max_yield_usec: 100
2019/04/18-16:42:25.037026 7f05b42d7700            Options.write_thread_slow_yield_usec: 3
2019/04/18-16:42:25.037027 7f05b42d7700                               Options.row_cache: None
2019/04/18-16:42:25.037028 7f05b42d7700                              Options.wal_filter: None
2019/04/18-16:42:25.037029 7f05b42d7700             Options.avoid_flush_during_recovery: 0
2019/04/18-16:42:25.037030 7f05b42d7700             Options.allow_ingest_behind: 0
2019/04/18-16:42:25.037031 7f05b42d7700             Options.preserve_deletes: 0
2019/04/18-16:42:25.037032 7f05b42d7700             Options.two_write_queues: 0
2019/04/18-16:42:25.037033 7f05b42d7700             Options.manual_wal_flush: 0
2019/04/18-16:42:25.037035 7f05b42d7700             Options.max_background_jobs: 24
2019/04/18-16:42:25.037036 7f05b42d7700             Options.max_background_compactions: 24
2019/04/18-16:42:25.037037 7f05b42d7700             Options.avoid_flush_during_shutdown: 0
2019/04/18-16:42:25.037038 7f05b42d7700           Options.writable_file_max_buffer_size: 1048576
2019/04/18-16:42:25.037039 7f05b42d7700             Options.delayed_write_rate : 16777216
2019/04/18-16:42:25.037040 7f05b42d7700             Options.max_total_wal_size: 0
2019/04/18-16:42:25.037041 7f05b42d7700             Options.delete_obsolete_files_period_micros: 21600000000
2019/04/18-16:42:25.037042 7f05b42d7700                   Options.stats_dump_period_sec: 60
2019/04/18-16:42:25.037043 7f05b42d7700                          Options.max_open_files: -1
2019/04/18-16:42:25.037044 7f05b42d7700                          Options.bytes_per_sync: 1048576
2019/04/18-16:42:25.037045 7f05b42d7700                      Options.wal_bytes_per_sync: 0
2019/04/18-16:42:25.037046 7f05b42d7700       Options.compaction_readahead_size: 0
2019/04/18-16:42:25.037047 7f05b42d7700 Compression algorithms supported:
2019/04/18-16:42:25.037049 7f05b42d7700 	kZSTDNotFinalCompression supported: 1
2019/04/18-16:42:25.037058 7f05b42d7700 	kZSTD supported: 1
2019/04/18-16:42:25.037060 7f05b42d7700 	kXpressCompression supported: 0
2019/04/18-16:42:25.037061 7f05b42d7700 	kLZ4HCCompression supported: 1
2019/04/18-16:42:25.037063 7f05b42d7700 	kLZ4Compression supported: 1
2019/04/18-16:42:25.037064 7f05b42d7700 	kBZip2Compression supported: 1
2019/04/18-16:42:25.037065 7f05b42d7700 	kZlibCompression supported: 1
2019/04/18-16:42:25.037066 7f05b42d7700 	kSnappyCompression supported: 1
2019/04/18-16:42:25.037070 7f05b42d7700 Fast CRC32 supported: Not supported on x86
2019/04/18-16:42:25.037705 7f05b42d7700 [db/version_set.cc:3085] Recovering from manifest file: MANIFEST-000004
2019/04/18-16:42:25.037795 7f05b42d7700 [db/column_family.cc:475] --------------- Options for column family [default]:
2019/04/18-16:42:25.037799 7f05b42d7700               Options.comparator: leveldb.BytewiseComparator
2019/04/18-16:42:25.037800 7f05b42d7700           Options.merge_operator: None
2019/04/18-16:42:25.037801 7f05b42d7700        Options.compaction_filter: None
2019/04/18-16:42:25.037802 7f05b42d7700        Options.compaction_filter_factory: None
2019/04/18-16:42:25.037803 7f05b42d7700         Options.memtable_factory: SkipListFactory
2019/04/18-16:42:25.037804 7f05b42d7700            Options.table_factory: BlockBasedTable
2019/04/18-16:42:25.037828 7f05b42d7700            table_factory options:   flush_block_policy_factory: FlushBlockBySizePolicyFactory (0x7f05283a57a0)
  cache_index_and_filter_blocks: 0
  cache_index_and_filter_blocks_with_high_priority: 0
  pin_l0_filter_and_index_blocks_in_cache: 0
  index_type: 0
  hash_index_allow_collision: 1
  checksum: 1
  no_block_cache: 0
  block_cache: 0x7f05283a4ee0
  block_cache_name: LRUCache
  block_cache_options:
    capacity : 8388608
    num_shard_bits : 4
    strict_capacity_limit : 0
    high_pri_pool_ratio: 0.000
  block_cache_compressed: (nil)
  persistent_cache: (nil)
  block_size: 8192
  block_size_deviation: 10
  block_restart_interval: 16
  index_block_restart_interval: 1
  metadata_block_size: 4096
  partition_filters: 0
  use_delta_encoding: 1
  filter_policy: nullptr
  whole_key_filtering: 1
  verify_compression: 0
  read_amp_bytes_per_bit: 0
  format_version: 2
  enable_index_compression: 1
  block_align: 0
2019/04/18-16:42:25.037844 7f05b42d7700        Options.write_buffer_size: 134217728
2019/04/18-16:42:25.037846 7f05b42d7700  Options.max_write_buffer_number: 24
2019/04/18-16:42:25.037847 7f05b42d7700        Options.compression[0]: NoCompression
2019/04/18-16:42:25.037849 7f05b42d7700        Options.compression[1]: NoCompression
2019/04/18-16:42:25.037850 7f05b42d7700        Options.compression[2]: LZ4
2019/04/18-16:42:25.037851 7f05b42d7700        Options.compression[3]: LZ4
2019/04/18-16:42:25.037853 7f05b42d7700        Options.compression[4]: LZ4
2019/04/18-16:42:25.037854 7f05b42d7700        Options.compression[5]: LZ4
2019/04/18-16:42:25.037855 7f05b42d7700        Options.compression[6]: LZ4
2019/04/18-16:42:25.037856 7f05b42d7700                  Options.bottommost_compression: Disabled
2019/04/18-16:42:25.037857 7f05b42d7700       Options.prefix_extractor: nullptr
2019/04/18-16:42:25.037858 7f05b42d7700   Options.memtable_insert_with_hint_prefix_extractor: nullptr
2019/04/18-16:42:25.037859 7f05b42d7700             Options.num_levels: 7
2019/04/18-16:42:25.037860 7f05b42d7700        Options.min_write_buffer_number_to_merge: 2
2019/04/18-16:42:25.037861 7f05b42d7700     Options.max_write_buffer_number_to_maintain: 0
2019/04/18-16:42:25.037862 7f05b42d7700            Options.compression_opts.window_bits: -14
2019/04/18-16:42:25.037863 7f05b42d7700                  Options.compression_opts.level: -1
2019/04/18-16:42:25.037864 7f05b42d7700               Options.compression_opts.strategy: 0
2019/04/18-16:42:25.037865 7f05b42d7700         Options.compression_opts.max_dict_bytes: 0
2019/04/18-16:42:25.037866 7f05b42d7700         Options.compression_opts.zstd_max_train_bytes: 0
2019/04/18-16:42:25.037867 7f05b42d7700      Options.level0_file_num_compaction_trigger: 2
2019/04/18-16:42:25.037868 7f05b42d7700          Options.level0_slowdown_writes_trigger: 20
2019/04/18-16:42:25.037868 7f05b42d7700              Options.level0_stop_writes_trigger: 36
2019/04/18-16:42:25.037869 7f05b42d7700                   Options.target_file_size_base: 67108864
2019/04/18-16:42:25.037870 7f05b42d7700             Options.target_file_size_multiplier: 1
2019/04/18-16:42:25.037871 7f05b42d7700                Options.max_bytes_for_level_base: 536870912
2019/04/18-16:42:25.037872 7f05b42d7700 Options.level_compaction_dynamic_level_bytes: 0
2019/04/18-16:42:25.037873 7f05b42d7700          Options.max_bytes_for_level_multiplier: 10.000000
2019/04/18-16:42:25.037876 7f05b42d7700 Options.max_bytes_for_level_multiplier_addtl[0]: 1
2019/04/18-16:42:25.037877 7f05b42d7700 Options.max_bytes_for_level_multiplier_addtl[1]: 1
2019/04/18-16:42:25.037878 7f05b42d7700 Options.max_bytes_for_level_multiplier_addtl[2]: 1
2019/04/18-16:42:25.037879 7f05b42d7700 Options.max_bytes_for_level_multiplier_addtl[3]: 1
2019/04/18-16:42:25.037880 7f05b42d7700 Options.max_bytes_for_level_multiplier_addtl[4]: 1
2019/04/18-16:42:25.037881 7f05b42d7700 Options.max_bytes_for_level_multiplier_addtl[5]: 1
2019/04/18-16:42:25.037882 7f05b42d7700 Options.max_bytes_for_level_multiplier_addtl[6]: 1
2019/04/18-16:42:25.037883 7f05b42d7700       Options.max_sequential_skip_in_iterations: 8
2019/04/18-16:42:25.037884 7f05b42d7700                    Options.max_compaction_bytes: 1677721600
2019/04/18-16:42:25.037891 7f05b42d7700                        Options.arena_block_size: 16777216
2019/04/18-16:42:25.037892 7f05b42d7700   Options.soft_pending_compaction_bytes_limit: 68719476736
2019/04/18-16:42:25.037893 7f05b42d7700   Options.hard_pending_compaction_bytes_limit: 274877906944
2019/04/18-16:42:25.037894 7f05b42d7700       Options.rate_limit_delay_max_milliseconds: 100
2019/04/18-16:42:25.037895 7f05b42d7700                Options.disable_auto_compactions: 0
2019/04/18-16:42:25.037897 7f05b42d7700                        Options.compaction_style: kCompactionStyleLevel
2019/04/18-16:42:25.037899 7f05b42d7700                          Options.compaction_pri: kByCompensatedSize
2019/04/18-16:42:25.037900 7f05b42d7700 Options.compaction_options_universal.size_ratio: 1
2019/04/18-16:42:25.037901 7f05b42d7700 Options.compaction_options_universal.min_merge_width: 2
2019/04/18-16:42:25.037902 7f05b42d7700 Options.compaction_options_universal.max_merge_width: 4294967295
2019/04/18-16:42:25.037903 7f05b42d7700 Options.compaction_options_universal.max_size_amplification_percent: 200
2019/04/18-16:42:25.037904 7f05b42d7700 Options.compaction_options_universal.compression_size_percent: -1
2019/04/18-16:42:25.037905 7f05b42d7700 Options.compaction_options_universal.stop_style: kCompactionStopStyleTotalSize
2019/04/18-16:42:25.037906 7f05b42d7700 Options.compaction_options_fifo.max_table_files_size: 1073741824
2019/04/18-16:42:25.037907 7f05b42d7700 Options.compaction_options_fifo.allow_compaction: 0
2019/04/18-16:42:25.037908 7f05b42d7700 Options.compaction_options_fifo.ttl: 0
2019/04/18-16:42:25.037909 7f05b42d7700                   Options.table_properties_collectors: 
2019/04/18-16:42:25.037910 7f05b42d7700                   Options.inplace_update_support: 0
2019/04/18-16:42:25.037911 7f05b42d7700                 Options.inplace_update_num_locks: 10000
2019/04/18-16:42:25.037912 7f05b42d7700               Options.memtable_prefix_bloom_size_ratio: 0.000000
2019/04/18-16:42:25.037914 7f05b42d7700   Options.memtable_huge_page_size: 0
2019/04/18-16:42:25.037915 7f05b42d7700                           Options.bloom_locality: 0
2019/04/18-16:42:25.037916 7f05b42d7700                    Options.max_successive_merges: 0
2019/04/18-16:42:25.037917 7f05b42d7700                Options.optimize_filters_for_hits: 0
2019/04/18-16:42:25.037918 7f05b42d7700                Options.paranoid_file_checks: 0
2019/04/18-16:42:25.037919 7f05b42d7700                Options.force_consistency_checks: 0
2019/04/18-16:42:25.037919 7f05b42d7700                Options.report_bg_io_stats: 0
2019/04/18-16:42:25.037920 7f05b42d7700                               Options.ttl: 0
2019/04/18-16:42:25.039032 7f05b42d7700 [db/column_family.cc:475] --------------- Options for column family [usertable]:
2019/04/18-16:42:25.039037 7f05b42d7700               Options.comparator: leveldb.BytewiseComparator
2019/04/18-16:42:25.039038 7f05b42d7700           Options.merge_operator: None
2019/04/18-16:42:25.039039 7f05b42d7700        Options.compaction_filter: None
2019/04/18-16:42:25.039040 7f05b42d7700        Options.compaction_filter_factory: None
2019/04/18-16:42:25.039041 7f05b42d7700         Options.memtable_factory: SkipListFactory
2019/04/18-16:42:25.039042 7f05b42d7700            Options.table_factory: BlockBasedTable
2019/04/18-16:42:25.039066 7f05b42d7700            table_factory options:   flush_block_policy_factory: FlushBlockBySizePolicyFactory (0x7f05283b50c0)
  cache_index_and_filter_blocks: 0
  cache_index_and_filter_blocks_with_high_priority: 0
  pin_l0_filter_and_index_blocks_in_cache: 0
  index_type: 0
  hash_index_allow_collision: 1
  checksum: 1
  no_block_cache: 0
  block_cache: 0x7f05283b2a40
  block_cache_name: LRUCache
  block_cache_options:
    capacity : 8388608
    num_shard_bits : 4
    strict_capacity_limit : 0
    high_pri_pool_ratio: 0.000
  block_cache_compressed: (nil)
  persistent_cache: (nil)
  block_size: 8192
  block_size_deviation: 10
  block_restart_interval: 16
  index_block_restart_interval: 1
  metadata_block_size: 4096
  partition_filters: 0
  use_delta_encoding: 1
  filter_policy: nullptr
  whole_key_filtering: 1
  verify_compression: 0
  read_amp_bytes_per_bit: 0
  format_version: 2
  enable_index_compression: 1
  block_align: 0
2019/04/18-16:42:25.039079 7f05b42d7700        Options.write_buffer_size: 134217728
2019/04/18-16:42:25.039081 7f05b42d7700  Options.max_write_buffer_number: 24
2019/04/18-16:42:25.039083 7f05b42d7700        Options.compression[0]: NoCompression
2019/04/18-16:42:25.039084 7f05b42d7700        Options.compression[1]: NoCompression
2019/04/18-16:42:25.039085 7f05b42d7700        Options.compression[2]: LZ4
2019/04/18-16:42:25.039086 7f05b42d7700        Options.compression[3]: LZ4
2019/04/18-16:42:25.039088 7f05b42d7700        Options.compression[4]: LZ4
2019/04/18-16:42:25.039089 7f05b42d7700        Options.compression[5]: LZ4
2019/04/18-16:42:25.039090 7f05b42d7700        Options.compression[6]: LZ4
2019/04/18-16:42:25.039091 7f05b42d7700                  Options.bottommost_compression: Disabled
2019/04/18-16:42:25.039092 7f05b42d7700       Options.prefix_extractor: nullptr
2019/04/18-16:42:25.039093 7f05b42d7700   Options.memtable_insert_with_hint_prefix_extractor: nullptr
2019/04/18-16:42:25.039094 7f05b42d7700             Options.num_levels: 7
2019/04/18-16:42:25.039095 7f05b42d7700        Options.min_write_buffer_number_to_merge: 2
2019/04/18-16:42:25.039096 7f05b42d7700     Options.max_write_buffer_number_to_maintain: 0
2019/04/18-16:42:25.039097 7f05b42d7700            Options.compression_opts.window_bits: -14
2019/04/18-16:42:25.039098 7f05b42d7700                  Options.compression_opts.level: -1
2019/04/18-16:42:25.039099 7f05b42d7700               Options.compression_opts.strategy: 0
2019/04/18-16:42:25.039100 7f05b42d7700         Options.compression_opts.max_dict_bytes: 0
2019/04/18-16:42:25.039101 7f05b42d7700         Options.compression_opts.zstd_max_train_bytes: 0
2019/04/18-16:42:25.039102 7f05b42d7700      Options.level0_file_num_compaction_trigger: 2
2019/04/18-16:42:25.039103 7f05b42d7700          Options.level0_slowdown_writes_trigger: 20
2019/04/18-16:42:25.039103 7f05b42d7700              Options.level0_stop_writes_trigger: 36
2019/04/18-16:42:25.039104 7f05b42d7700                   Options.target_file_size_base: 67108864
2019/04/18-16:42:25.039105 7f05b42d7700             Options.target_file_size_multiplier: 1
2019/04/18-16:42:25.039106 7f05b42d7700                Options.max_bytes_for_level_base: 536870912
2019/04/18-16:42:25.039107 7f05b42d7700 Options.level_compaction_dynamic_level_bytes: 0
2019/04/18-16:42:25.039108 7f05b42d7700          Options.max_bytes_for_level_multiplier: 10.000000
2019/04/18-16:42:25.039111 7f05b42d7700 Options.max_bytes_for_level_multiplier_addtl[0]: 1
2019/04/18-16:42:25.039112 7f05b42d7700 Options.max_bytes_for_level_multiplier_addtl[1]: 1
2019/04/18-16:42:25.039113 7f05b42d7700 Options.max_bytes_for_level_multiplier_addtl[2]: 1
2019/04/18-16:42:25.039114 7f05b42d7700 Options.max_bytes_for_level_multiplier_addtl[3]: 1
2019/04/18-16:42:25.039115 7f05b42d7700 Options.max_bytes_for_level_multiplier_addtl[4]: 1
2019/04/18-16:42:25.039116 7f05b42d7700 Options.max_bytes_for_level_multiplier_addtl[5]: 1
2019/04/18-16:42:25.039117 7f05b42d7700 Options.max_bytes_for_level_multiplier_addtl[6]: 1
2019/04/18-16:42:25.039118 7f05b42d7700       Options.max_sequential_skip_in_iterations: 8
2019/04/18-16:42:25.039119 7f05b42d7700                    Options.max_compaction_bytes: 1677721600
2019/04/18-16:42:25.039120 7f05b42d7700                        Options.arena_block_size: 16777216
2019/04/18-16:42:25.039120 7f05b42d7700   Options.soft_pending_compaction_bytes_limit: 68719476736
2019/04/18-16:42:25.039122 7f05b42d7700   Options.hard_pending_compaction_bytes_limit: 274877906944
2019/04/18-16:42:25.039123 7f05b42d7700       Options.rate_limit_delay_max_milliseconds: 100
2019/04/18-16:42:25.039124 7f05b42d7700                Options.disable_auto_compactions: 0
2019/04/18-16:42:25.039125 7f05b42d7700                        Options.compaction_style: kCompactionStyleLevel
2019/04/18-16:42:25.039132 7f05b42d7700                          Options.compaction_pri: kByCompensatedSize
2019/04/18-16:42:25.039133 7f05b42d7700 Options.compaction_options_universal.size_ratio: 1
2019/04/18-16:42:25.039134 7f05b42d7700 Options.compaction_options_universal.min_merge_width: 2
2019/04/18-16:42:25.039135 7f05b42d7700 Options.compaction_options_universal.max_merge_width: 4294967295
2019/04/18-16:42:25.039136 7f05b42d7700 Options.compaction_options_universal.max_size_amplification_percent: 200
2019/04/18-16:42:25.039137 7f05b42d7700 Options.compaction_options_universal.compression_size_percent: -1
2019/04/18-16:42:25.039138 7f05b42d7700 Options.compaction_options_universal.stop_style: kCompactionStopStyleTotalSize
2019/04/18-16:42:25.039139 7f05b42d7700 Options.compaction_options_fifo.max_table_files_size: 1073741824
2019/04/18-16:42:25.039140 7f05b42d7700 Options.compaction_options_fifo.allow_compaction: 0
2019/04/18-16:42:25.039141 7f05b42d7700 Options.compaction_options_fifo.ttl: 0
2019/04/18-16:42:25.039142 7f05b42d7700                   Options.table_properties_collectors: 
2019/04/18-16:42:25.039143 7f05b42d7700                   Options.inplace_update_support: 0
2019/04/18-16:42:25.039144 7f05b42d7700                 Options.inplace_update_num_locks: 10000
2019/04/18-16:42:25.039145 7f05b42d7700               Options.memtable_prefix_bloom_size_ratio: 0.000000
2019/04/18-16:42:25.039147 7f05b42d7700   Options.memtable_huge_page_size: 0
2019/04/18-16:42:25.039148 7f05b42d7700                           Options.bloom_locality: 0
2019/04/18-16:42:25.039149 7f05b42d7700                    Options.max_successive_merges: 0
2019/04/18-16:42:25.039150 7f05b42d7700                Options.optimize_filters_for_hits: 0
2019/04/18-16:42:25.039150 7f05b42d7700                Options.paranoid_file_checks: 0
2019/04/18-16:42:25.039151 7f05b42d7700                Options.force_consistency_checks: 0
2019/04/18-16:42:25.039152 7f05b42d7700                Options.report_bg_io_stats: 0
2019/04/18-16:42:25.039153 7f05b42d7700                               Options.ttl: 0
2019/04/18-16:42:25.716995 7f05b42d7700 [db/version_set.cc:3361] Recovered from manifest file:/mnt/sdb/ycsb-rocksdb-data/MANIFEST-000004 succeeded,manifest_file_number is 4, next_file_number is 1160, last_sequence is 10432069, log_number is 0,prev_log_number is 0,max_column_family is 1,min_log_number_to_keep is 0
2019/04/18-16:42:25.717008 7f05b42d7700 [db/version_set.cc:3369] Column family [default] (ID 0), log number is 0
2019/04/18-16:42:25.717010 7f05b42d7700 [db/version_set.cc:3369] Column family [usertable] (ID 1), log number is 1153
2019/04/18-16:42:25.718908 7f05b42d7700 EVENT_LOG_v1 {"time_micros": 1555630945718880, "job": 1, "event": "recovery_started", "log_files": [1153, 1159]}
2019/04/18-16:42:25.718917 7f05b42d7700 [db/db_impl_open.cc:551] Recovering log #1153 mode 2
2019/04/18-16:42:26.983173 7f05b42d7700 EVENT_LOG_v1 {"time_micros": 1555630946983142, "cf_name": "usertable", "job": 1, "event": "table_file_creation", "file_number": 1160, "file_size": 129895354, "table_properties": {"data_size": 129317909, "index_size": 576523, "filter_size": 0, "raw_key_size": 752760, "raw_average_key_size": 24, "raw_value_size": 128471040, "raw_average_value_size": 4096, "num_data_blocks": 15683, "num_entries": 31365, "filter_policy_name": "", "kDeletedKeys": "0", "kMergeOperands": "0"}}
2019/04/18-16:42:26.989473 7f05b42d7700 [db/db_impl_open.cc:551] Recovering log #1159 mode 2
2019/04/18-16:42:27.017078 7f05b42d7700 [db/version_set.cc:2847] Creating manifest 1161
2019/04/18-16:42:27.086844 7f05b42d7700 EVENT_LOG_v1 {"time_micros": 1555630947086816, "cf_name": "usertable", "job": 1, "event": "table_file_creation", "file_number": 1162, "file_size": 1715326, "table_properties": {"data_size": 1706967, "index_size": 7443, "filter_size": 0, "raw_key_size": 9936, "raw_average_key_size": 24, "raw_value_size": 1695744, "raw_average_value_size": 4096, "num_data_blocks": 207, "num_entries": 414, "filter_policy_name": "", "kDeletedKeys": "0", "kMergeOperands": "0"}}
2019/04/18-16:42:27.104972 7f05b42d7700 EVENT_LOG_v1 {"time_micros": 1555630947104967, "job": 1, "event": "recovery_finished"}
2019/04/18-16:42:27.164730 7f05b42d7700 [db/db_impl_open.cc:1219] DB pointer 0x7f05283a3ea0
2019/04/18-16:42:27.165062 7f04bb7fe700 [WARN] [db/db_impl.cc:491] ------- DUMPING STATS -------
2019/04/18-16:42:27.165109 7f04bb7fe700 [WARN] [db/db_impl.cc:492] 
** DB Stats **
Uptime(secs): 2.1 total, 2.1 interval
Cumulative writes: 0 writes, 0 keys, 0 commit groups, 0.0 writes per commit group, ingest: 0.00 GB, 0.00 MB/s
Cumulative WAL: 0 writes, 0 syncs, 0.00 writes per sync, written: 0.00 GB, 0.00 MB/s
Cumulative stall: 00:00:0.000 H:M:S, 0.0 percent
Interval writes: 0 writes, 0 keys, 0 commit groups, 0.0 writes per commit group, ingest: 0.00 MB, 0.00 MB/s
Interval WAL: 0 writes, 0 syncs, 0.00 writes per sync, written: 0.00 MB, 0.00 MB/s
Interval stall: 00:00:0.000 H:M:S, 0.0 percent

** Compaction Stats [default] **
Level    Files   Size     Score Read(GB)  Rn(GB) Rnp1(GB) Write(GB) Wnew(GB) Moved(GB) W-Amp Rd(MB/s) Wr(MB/s) Comp(sec) Comp(cnt) Avg(sec) KeyIn KeyDrop
----------------------------------------------------------------------------------------------------------------------------------------------------------
 Sum      0/0    0.00 KB   0.0      0.0     0.0      0.0       0.0      0.0       0.0   0.0      0.0      0.0         0         0    0.000       0      0
 Int      0/0    0.00 KB   0.0      0.0     0.0      0.0       0.0      0.0       0.0   0.0      0.0      0.0         0         0    0.000       0      0
Uptime(secs): 2.1 total, 2.1 interval
Flush(GB): cumulative 0.000, interval 0.000
AddFile(GB): cumulative 0.000, interval 0.000
AddFile(Total Files): cumulative 0, interval 0
AddFile(L0 Files): cumulative 0, interval 0
AddFile(Keys): cumulative 0, interval 0
Cumulative compaction: 0.00 GB write, 0.00 MB/s write, 0.00 GB read, 0.00 MB/s read, 0.0 seconds
Interval compaction: 0.00 GB write, 0.00 MB/s write, 0.00 GB read, 0.00 MB/s read, 0.0 seconds
Stalls(count): 0 level0_slowdown, 0 level0_slowdown_with_compaction, 0 level0_numfiles, 0 level0_numfiles_with_compaction, 0 stop for pending_compaction_bytes, 0 slowdown for pending_compaction_bytes, 0 memtable_compaction, 0 memtable_slowdown, interval 0 total count

** File Read Latency Histogram By Level [default] **

** Compaction Stats [usertable] **
Level    Files   Size     Score Read(GB)  Rn(GB) Rnp1(GB) Write(GB) Wnew(GB) Moved(GB) W-Amp Rd(MB/s) Wr(MB/s) Comp(sec) Comp(cnt) Avg(sec) KeyIn KeyDrop
----------------------------------------------------------------------------------------------------------------------------------------------------------
  L0      3/0   373.27 MB   1.5      0.0     0.0      0.0       0.1      0.1       0.0   1.0      0.0    222.4         1         2    0.282       0      0
  L1      2/0   495.51 MB   1.0      0.0     0.0      0.0       0.0      0.0       0.0   0.0      0.0      0.0         0         0    0.000       0      0
  L2     93/0    4.97 GB   1.0      0.0     0.0      0.0       0.0      0.0       0.0   0.0      0.0      0.0         0         0    0.000       0      0
  L3    559/0   34.36 GB   0.7      0.0     0.0      0.0       0.0      0.0       0.0   0.0      0.0      0.0         0         0    0.000       0      0
 Sum    657/0   40.18 GB   0.0      0.0     0.0      0.0       0.1      0.1       0.0   1.0      0.0    222.4         1         2    0.282       0      0
 Int      0/0    0.00 KB   0.0      0.0     0.0      0.0       0.1      0.1       0.0   1.0      0.0    222.4         1         2    0.282       0      0
Uptime(secs): 2.1 total, 2.1 interval
Flush(GB): cumulative 0.123, interval 0.123
AddFile(GB): cumulative 0.000, interval 0.000
AddFile(Total Files): cumulative 0, interval 0
AddFile(L0 Files): cumulative 0, interval 0
AddFile(Keys): cumulative 0, interval 0
Cumulative compaction: 0.12 GB write, 59.04 MB/s write, 0.00 GB read, 0.00 MB/s read, 0.6 seconds
Interval compaction: 0.12 GB write, 59.04 MB/s write, 0.00 GB read, 0.00 MB/s read, 0.6 seconds
Stalls(count): 0 level0_slowdown, 0 level0_slowdown_with_compaction, 0 level0_numfiles, 0 level0_numfiles_with_compaction, 0 stop for pending_compaction_bytes, 0 slowdown for pending_compaction_bytes, 0 memtable_compaction, 0 memtable_slowdown, interval 0 total count

** File Read Latency Histogram By Level [usertable] **

** Compaction Stats [default] **
Level    Files   Size     Score Read(GB)  Rn(GB) Rnp1(GB) Write(GB) Wnew(GB) Moved(GB) W-Amp Rd(MB/s) Wr(MB/s) Comp(sec) Comp(cnt) Avg(sec) KeyIn KeyDrop
----------------------------------------------------------------------------------------------------------------------------------------------------------
 Sum      0/0    0.00 KB   0.0      0.0     0.0      0.0       0.0      0.0       0.0   0.0      0.0      0.0         0         0    0.000       0      0
 Int      0/0    0.00 KB   0.0      0.0     0.0      0.0       0.0      0.0       0.0   0.0      0.0      0.0         0         0    0.000       0      0
Uptime(secs): 2.1 total, 0.0 interval
Flush(GB): cumulative 0.000, interval 0.000
AddFile(GB): cumulative 0.000, interval 0.000
AddFile(Total Files): cumulative 0, interval 0
AddFile(L0 Files): cumulative 0, interval 0
AddFile(Keys): cumulative 0, interval 0
Cumulative compaction: 0.00 GB write, 0.00 MB/s write, 0.00 GB read, 0.00 MB/s read, 0.0 seconds
Interval compaction: 0.00 GB write, 0.00 MB/s write, 0.00 GB read, 0.00 MB/s read, 0.0 seconds
Stalls(count): 0 level0_slowdown, 0 level0_slowdown_with_compaction, 0 level0_numfiles, 0 level0_numfiles_with_compaction, 0 stop for pending_compaction_bytes, 0 slowdown for pending_compaction_bytes, 0 memtable_compaction, 0 memtable_slowdown, interval 0 total count

** File Read Latency Histogram By Level [default] **

** Compaction Stats [usertable] **
Level    Files   Size     Score Read(GB)  Rn(GB) Rnp1(GB) Write(GB) Wnew(GB) Moved(GB) W-Amp Rd(MB/s) Wr(MB/s) Comp(sec) Comp(cnt) Avg(sec) KeyIn KeyDrop
----------------------------------------------------------------------------------------------------------------------------------------------------------
  L0      3/0   373.27 MB   1.5      0.0     0.0      0.0       0.1      0.1       0.0   1.0      0.0    222.4         1         2    0.282       0      0
  L1      2/0   495.51 MB   1.0      0.0     0.0      0.0       0.0      0.0       0.0   0.0      0.0      0.0         0         0    0.000       0      0
  L2     93/0    4.97 GB   1.0      0.0     0.0      0.0       0.0      0.0       0.0   0.0      0.0      0.0         0         0    0.000       0      0
  L3    559/0   34.36 GB   0.7      0.0     0.0      0.0       0.0      0.0       0.0   0.0      0.0      0.0         0         0    0.000       0      0
 Sum    657/0   40.18 GB   0.0      0.0     0.0      0.0       0.1      0.1       0.0   1.0      0.0    222.4         1         2    0.282       0      0
 Int      0/0    0.00 KB   0.0      0.0     0.0      0.0       0.0      0.0       0.0   0.0      0.0      0.0         0         0    0.000       0      0
Uptime(secs): 2.1 total, 0.0 interval
Flush(GB): cumulative 0.123, interval 0.000
AddFile(GB): cumulative 0.000, interval 0.000
AddFile(Total Files): cumulative 0, interval 0
AddFile(L0 Files): cumulative 0, interval 0
AddFile(Keys): cumulative 0, interval 0
Cumulative compaction: 0.12 GB write, 59.04 MB/s write, 0.00 GB read, 0.00 MB/s read, 0.6 seconds
Interval compaction: 0.00 GB write, 0.00 MB/s write, 0.00 GB read, 0.00 MB/s read, 0.0 seconds
Stalls(count): 0 level0_slowdown, 0 level0_slowdown_with_compaction, 0 level0_numfiles, 0 level0_numfiles_with_compaction, 0 stop for pending_compaction_bytes, 0 slowdown for pending_compaction_bytes, 0 memtable_compaction, 0 memtable_slowdown, interval 0 total count

** File Read Latency Histogram By Level [usertable] **
2019/04/18-16:42:27.192506 7f04bb7fe700 (Original Log Time 2019/04/18-16:42:27.165241) [db/db_impl_compaction_flush.cc:1835] [usertable] Moving #251 to level-1 259789987 bytes
2019/04/18-16:42:27.192509 7f04bb7fe700 (Original Log Time 2019/04/18-16:42:27.192438) EVENT_LOG_v1 {"time_micros": 1555630947192427, "job": 3, "event": "trivial_move", "destination_level": 1, "files": 1, "total_files_size": 259789987}
2019/04/18-16:42:27.192511 7f04bb7fe700 (Original Log Time 2019/04/18-16:42:27.192446) [db/db_impl_compaction_flush.cc:1864] [usertable] Moved #1 files to level-1 259789987 bytes OK: base level 1 max bytes base 536870912 files[2 3 93 559 0 0 0] max score 1.45
2019/04/18-16:42:27.192577 7f04bb7fe700 [db/compaction_job.cc:1531] [usertable] [JOB 4] Compacting 1@1 files to L2, score 1.45
2019/04/18-16:42:27.192584 7f04bb7fe700 [db/compaction_job.cc:1535] [usertable] Compaction start summary: Base version 6 Base level 1, inputs: [251(247MB)]
2019/04/18-16:42:27.192610 7f04bb7fe700 EVENT_LOG_v1 {"time_micros": 1555630947192590, "job": 4, "event": "compaction_started", "compaction_reason": "LevelMaxLevelSize", "files_L1": [251], "score": 1.45169, "input_data_size": 259789987}
2019/04/18-16:42:28.307831 7f04bb7fe700 [db/compaction_job.cc:1211] [usertable] [JOB 4] Generated table #1166: 16279 keys, 67233388 bytes
2019/04/18-16:42:28.307876 7f04bb7fe700 EVENT_LOG_v1 {"time_micros": 1555630948307856, "cf_name": "usertable", "job": 4, "event": "table_file_creation", "file_number": 1166, "file_size": 67233388, "table_properties": {"data_size": 67118331, "index_size": 299108, "filter_size": 0, "raw_key_size": 390696, "raw_average_key_size": 24, "raw_value_size": 66678784, "raw_average_value_size": 4096, "num_data_blocks": 8140, "num_entries": 16279, "filter_policy_name": "", "kDeletedKeys": "0", "kMergeOperands": "0"}}
2019/04/18-16:42:29.059324 7f04bb7fe700 [db/compaction_job.cc:1211] [usertable] [JOB 4] Generated table #1167: 16279 keys, 67233549 bytes
2019/04/18-16:42:29.059371 7f04bb7fe700 EVENT_LOG_v1 {"time_micros": 1555630949059351, "cf_name": "usertable", "job": 4, "event": "table_file_creation", "file_number": 1167, "file_size": 67233549, "table_properties": {"data_size": 67120140, "index_size": 300916, "filter_size": 0, "raw_key_size": 390696, "raw_average_key_size": 24, "raw_value_size": 66678784, "raw_average_value_size": 4096, "num_data_blocks": 8140, "num_entries": 16279, "filter_policy_name": "", "kDeletedKeys": "0", "kMergeOperands": "0"}}
2019/04/18-16:42:29.802529 7f04bb7fe700 [db/compaction_job.cc:1211] [usertable] [JOB 4] Generated table #1168: 16279 keys, 67233363 bytes
2019/04/18-16:42:29.802575 7f04bb7fe700 EVENT_LOG_v1 {"time_micros": 1555630949802554, "cf_name": "usertable", "job": 4, "event": "table_file_creation", "file_number": 1168, "file_size": 67233363, "table_properties": {"data_size": 67118331, "index_size": 299106, "filter_size": 0, "raw_key_size": 390696, "raw_average_key_size": 24, "raw_value_size": 66678784, "raw_average_value_size": 4096, "num_data_blocks": 8140, "num_entries": 16279, "filter_policy_name": "", "kDeletedKeys": "0", "kMergeOperands": "0"}}
2019/04/18-16:42:30.613201 7f04bb7fe700 [db/compaction_job.cc:1211] [usertable] [JOB 4] Generated table #1169: 13893 keys, 57379348 bytes
2019/04/18-16:42:30.613243 7f04bb7fe700 EVENT_LOG_v1 {"time_micros": 1555630950613225, "cf_name": "usertable", "job": 4, "event": "table_file_creation", "file_number": 1169, "file_size": 57379348, "table_properties": {"data_size": 57282397, "index_size": 256775, "filter_size": 0, "raw_key_size": 333432, "raw_average_key_size": 24, "raw_value_size": 56905728, "raw_average_value_size": 4096, "num_data_blocks": 6947, "num_entries": 13893, "filter_policy_name": "", "kDeletedKeys": "0", "kMergeOperands": "0"}}
2019/04/18-16:42:30.613299 7f04bb7fe700 [db/compaction_job.cc:1287] [usertable] [JOB 4] Compacted 1@1 files to L2 => 259079648 bytes
2019/04/18-16:42:30.661717 7f04bb7fe700 (Original Log Time 2019/04/18-16:42:30.661613) [db/compaction_job.cc:685] [usertable] compacted to: base level 1 max bytes base 536870912 files[2 2 97 559 0 0 0] max score 1.04, MB/sec: 75.9 rd, 75.7 wr, level 2, files in(1, 0) out(4) MB in(247.8, 0.0) out(247.1), read-write-amplify(2.0) write-amplify(1.0) OK, records in: 62730, records dropped: 0 output_compression: LZ4
2019/04/18-16:42:30.661724 7f04bb7fe700 (Original Log Time 2019/04/18-16:42:30.661653) EVENT_LOG_v1 {"time_micros": 1555630950661639, "job": 4, "event": "compaction_finished", "compaction_time_micros": 3420655, "output_level": 2, "num_output_files": 4, "total_output_size": 259079648, "num_input_records": 62730, "num_output_records": 62730, "num_subcompactions": 1, "output_compression": "LZ4", "num_single_delete_mismatches": 0, "num_single_delete_fallthrough": 0, "lsm_state": [2, 2, 97, 559, 0, 0, 0]}
2019/04/18-16:42:30.695148 7f04bb7fe700 (Original Log Time 2019/04/18-16:42:30.661903) [db/db_impl_compaction_flush.cc:1835] [usertable] Moving #1167 to level-3 67233549 bytes
2019/04/18-16:42:30.695152 7f04bb7fe700 (Original Log Time 2019/04/18-16:42:30.695100) EVENT_LOG_v1 {"time_micros": 1555630950695091, "job": 5, "event": "trivial_move", "destination_level": 3, "files": 1, "total_files_size": 67233549}
2019/04/18-16:42:30.695154 7f04bb7fe700 (Original Log Time 2019/04/18-16:42:30.695111) [db/db_impl_compaction_flush.cc:1864] [usertable] Moved #1 files to level-3 67233549 bytes OK: base level 1 max bytes base 536870912 files[2 2 96 560 0 0 0] max score 1.03
2019/04/18-16:42:30.716610 7f04bb7fe700 EVENT_LOG_v1 {"time_micros": 1555630950716602, "job": 5, "event": "table_file_deletion", "file_number": 251}
2019/04/18-16:42:30.740522 7f04bb7fe700 (Original Log Time 2019/04/18-16:42:30.716779) [db/db_impl_compaction_flush.cc:1835] [usertable] Moving #1166 to level-3 67233388 bytes
2019/04/18-16:42:30.740526 7f04bb7fe700 (Original Log Time 2019/04/18-16:42:30.740477) EVENT_LOG_v1 {"time_micros": 1555630950740470, "job": 6, "event": "trivial_move", "destination_level": 3, "files": 1, "total_files_size": 67233388}
2019/04/18-16:42:30.740528 7f04bb7fe700 (Original Log Time 2019/04/18-16:42:30.740489) [db/db_impl_compaction_flush.cc:1864] [usertable] Moved #1 files to level-3 67233388 bytes OK: base level 1 max bytes base 536870912 files[2 2 95 561 0 0 0] max score 1.02
2019/04/18-16:42:30.770095 7f04bb7fe700 (Original Log Time 2019/04/18-16:42:30.740683) [db/db_impl_compaction_flush.cc:1835] [usertable] Moving #1168 to level-3 67233363 bytes
2019/04/18-16:42:30.770098 7f04bb7fe700 (Original Log Time 2019/04/18-16:42:30.770056) EVENT_LOG_v1 {"time_micros": 1555630950770049, "job": 7, "event": "trivial_move", "destination_level": 3, "files": 1, "total_files_size": 67233363}
2019/04/18-16:42:30.770100 7f04bb7fe700 (Original Log Time 2019/04/18-16:42:30.770064) [db/db_impl_compaction_flush.cc:1864] [usertable] Moved #1 files to level-3 67233363 bytes OK: base level 1 max bytes base 536870912 files[2 2 94 562 0 0 0] max score 1.00
2019/04/18-16:42:30.801783 7f04bb7fe700 (Original Log Time 2019/04/18-16:42:30.770251) [db/db_impl_compaction_flush.cc:1835] [usertable] Moving #1169 to level-3 57379348 bytes
2019/04/18-16:42:30.801787 7f04bb7fe700 (Original Log Time 2019/04/18-16:42:30.801747) EVENT_LOG_v1 {"time_micros": 1555630950801740, "job": 8, "event": "trivial_move", "destination_level": 3, "files": 1, "total_files_size": 57379348}
