2019/04/20-21:01:57.253656 7fc738cfb700 RocksDB version: 5.14.3
2019/04/20-21:01:57.253729 7fc738cfb700 Git sha rocksdb_build_git_sha:
2019/04/20-21:01:57.253733 7fc738cfb700 Compile date Oct  9 2018
2019/04/20-21:01:57.253741 7fc738cfb700 DB SUMMARY
2019/04/20-21:01:57.253765 7fc738cfb700 SST files in /mnt/sdb/ycsb-rocksdb-data dir, Total Num: 0, files: 
2019/04/20-21:01:57.253769 7fc738cfb700 Write Ahead Log file in /mnt/sdb/ycsb-rocksdb-data: 
2019/04/20-21:01:57.253772 7fc738cfb700                         Options.error_if_exists: 0
2019/04/20-21:01:57.253773 7fc738cfb700                       Options.create_if_missing: 1
2019/04/20-21:01:57.253774 7fc738cfb700                         Options.paranoid_checks: 1
2019/04/20-21:01:57.253775 7fc738cfb700                                     Options.env: 0x7fc7389e4080
2019/04/20-21:01:57.253776 7fc738cfb700                                Options.info_log: 0x7fc71c3bf190
2019/04/20-21:01:57.253777 7fc738cfb700                Options.max_file_opening_threads: 16
2019/04/20-21:01:57.253778 7fc738cfb700                              Options.statistics: (nil)
2019/04/20-21:01:57.253779 7fc738cfb700                               Options.use_fsync: 0
2019/04/20-21:01:57.253780 7fc738cfb700                       Options.max_log_file_size: 0
2019/04/20-21:01:57.253781 7fc738cfb700                  Options.max_manifest_file_size: 18446744073709551615
2019/04/20-21:01:57.253782 7fc738cfb700                   Options.log_file_time_to_roll: 0
2019/04/20-21:01:57.253782 7fc738cfb700                       Options.keep_log_file_num: 1000
2019/04/20-21:01:57.253783 7fc738cfb700                    Options.recycle_log_file_num: 0
2019/04/20-21:01:57.253784 7fc738cfb700                         Options.allow_fallocate: 1
2019/04/20-21:01:57.253785 7fc738cfb700                        Options.allow_mmap_reads: 0
2019/04/20-21:01:57.253786 7fc738cfb700                       Options.allow_mmap_writes: 0
2019/04/20-21:01:57.253787 7fc738cfb700                        Options.use_direct_reads: 0
2019/04/20-21:01:57.253787 7fc738cfb700                        Options.use_direct_io_for_flush_and_compaction: 0
2019/04/20-21:01:57.253788 7fc738cfb700          Options.create_missing_column_families: 1
2019/04/20-21:01:57.253789 7fc738cfb700                              Options.db_log_dir: 
2019/04/20-21:01:57.253790 7fc738cfb700                                 Options.wal_dir: /mnt/sdb/ycsb-rocksdb-data
2019/04/20-21:01:57.253791 7fc738cfb700                Options.table_cache_numshardbits: 6
2019/04/20-21:01:57.253792 7fc738cfb700                      Options.max_subcompactions: 4
2019/04/20-21:01:57.253793 7fc738cfb700                  Options.max_background_flushes: 24
2019/04/20-21:01:57.253794 7fc738cfb700                         Options.WAL_ttl_seconds: 0
2019/04/20-21:01:57.253795 7fc738cfb700                       Options.WAL_size_limit_MB: 0
2019/04/20-21:01:57.253795 7fc738cfb700             Options.manifest_preallocation_size: 4194304
2019/04/20-21:01:57.253796 7fc738cfb700                     Options.is_fd_close_on_exec: 1
2019/04/20-21:01:57.253797 7fc738cfb700                   Options.advise_random_on_open: 1
2019/04/20-21:01:57.253798 7fc738cfb700                    Options.db_write_buffer_size: 0
2019/04/20-21:01:57.253799 7fc738cfb700                    Options.write_buffer_manager: 0x7fc71c3c38a0
2019/04/20-21:01:57.253800 7fc738cfb700         Options.access_hint_on_compaction_start: 1
2019/04/20-21:01:57.253801 7fc738cfb700  Options.new_table_reader_for_compaction_inputs: 0
2019/04/20-21:01:57.253801 7fc738cfb700           Options.random_access_max_buffer_size: 1048576
2019/04/20-21:01:57.253802 7fc738cfb700                      Options.use_adaptive_mutex: 0
2019/04/20-21:01:57.253803 7fc738cfb700                            Options.rate_limiter: (nil)
2019/04/20-21:01:57.253805 7fc738cfb700     Options.sst_file_manager.rate_bytes_per_sec: 0
2019/04/20-21:01:57.253806 7fc738cfb700                       Options.wal_recovery_mode: 2
2019/04/20-21:01:57.253806 7fc738cfb700                  Options.enable_thread_tracking: 0
2019/04/20-21:01:57.253807 7fc738cfb700                  Options.enable_pipelined_write: 1
2019/04/20-21:01:57.253817 7fc738cfb700         Options.allow_concurrent_memtable_write: 1
2019/04/20-21:01:57.253819 7fc738cfb700      Options.enable_write_thread_adaptive_yield: 1
2019/04/20-21:01:57.253820 7fc738cfb700             Options.write_thread_max_yield_usec: 100
2019/04/20-21:01:57.253821 7fc738cfb700            Options.write_thread_slow_yield_usec: 3
2019/04/20-21:01:57.253821 7fc738cfb700                               Options.row_cache: None
2019/04/20-21:01:57.253822 7fc738cfb700                              Options.wal_filter: None
2019/04/20-21:01:57.253823 7fc738cfb700             Options.avoid_flush_during_recovery: 0
2019/04/20-21:01:57.253824 7fc738cfb700             Options.allow_ingest_behind: 0
2019/04/20-21:01:57.253825 7fc738cfb700             Options.preserve_deletes: 0
2019/04/20-21:01:57.253826 7fc738cfb700             Options.two_write_queues: 0
2019/04/20-21:01:57.253827 7fc738cfb700             Options.manual_wal_flush: 0
2019/04/20-21:01:57.253828 7fc738cfb700             Options.max_background_jobs: 24
2019/04/20-21:01:57.253829 7fc738cfb700             Options.max_background_compactions: 24
2019/04/20-21:01:57.253830 7fc738cfb700             Options.avoid_flush_during_shutdown: 0
2019/04/20-21:01:57.253831 7fc738cfb700           Options.writable_file_max_buffer_size: 1048576
2019/04/20-21:01:57.253832 7fc738cfb700             Options.delayed_write_rate : 16777216
2019/04/20-21:01:57.253833 7fc738cfb700             Options.max_total_wal_size: 0
2019/04/20-21:01:57.253834 7fc738cfb700             Options.delete_obsolete_files_period_micros: 21600000000
2019/04/20-21:01:57.253835 7fc738cfb700                   Options.stats_dump_period_sec: 60
2019/04/20-21:01:57.253836 7fc738cfb700                          Options.max_open_files: -1
2019/04/20-21:01:57.253837 7fc738cfb700                          Options.bytes_per_sync: 1048576
2019/04/20-21:01:57.253838 7fc738cfb700                      Options.wal_bytes_per_sync: 0
2019/04/20-21:01:57.253839 7fc738cfb700       Options.compaction_readahead_size: 0
2019/04/20-21:01:57.253839 7fc738cfb700 Compression algorithms supported:
2019/04/20-21:01:57.253841 7fc738cfb700 	kZSTDNotFinalCompression supported: 1
2019/04/20-21:01:57.253848 7fc738cfb700 	kZSTD supported: 1
2019/04/20-21:01:57.253849 7fc738cfb700 	kXpressCompression supported: 0
2019/04/20-21:01:57.253850 7fc738cfb700 	kLZ4HCCompression supported: 1
2019/04/20-21:01:57.253851 7fc738cfb700 	kLZ4Compression supported: 1
2019/04/20-21:01:57.253852 7fc738cfb700 	kBZip2Compression supported: 1
2019/04/20-21:01:57.253853 7fc738cfb700 	kZlibCompression supported: 1
2019/04/20-21:01:57.253854 7fc738cfb700 	kSnappyCompression supported: 1
2019/04/20-21:01:57.253858 7fc738cfb700 Fast CRC32 supported: Not supported on x86
2019/04/20-21:01:57.253943 7fc738cfb700 [db/db_impl_open.cc:222] Creating manifest 1 
2019/04/20-21:01:57.312566 7fc738cfb700 [db/version_set.cc:3085] Recovering from manifest file: MANIFEST-000001
2019/04/20-21:01:57.312639 7fc738cfb700 [db/column_family.cc:475] --------------- Options for column family [default]:
2019/04/20-21:01:57.312643 7fc738cfb700               Options.comparator: leveldb.BytewiseComparator
2019/04/20-21:01:57.312644 7fc738cfb700           Options.merge_operator: None
2019/04/20-21:01:57.312645 7fc738cfb700        Options.compaction_filter: None
2019/04/20-21:01:57.312646 7fc738cfb700        Options.compaction_filter_factory: None
2019/04/20-21:01:57.312647 7fc738cfb700         Options.memtable_factory: SkipListFactory
2019/04/20-21:01:57.312648 7fc738cfb700            Options.table_factory: BlockBasedTable
2019/04/20-21:01:57.312678 7fc738cfb700            table_factory options:   flush_block_policy_factory: FlushBlockBySizePolicyFactory (0x7fc71c3b8f00)
  cache_index_and_filter_blocks: 0
  cache_index_and_filter_blocks_with_high_priority: 0
  pin_l0_filter_and_index_blocks_in_cache: 0
  index_type: 0
  hash_index_allow_collision: 1
  checksum: 1
  no_block_cache: 0
  block_cache: 0x7fc71c3ad880
  block_cache_name: LRUCache
  block_cache_options:
    capacity : 8388608
    num_shard_bits : 4
    strict_capacity_limit : 0
    high_pri_pool_ratio: 0.000
  block_cache_compressed: (nil)
  persistent_cache: (nil)
  block_size: 8192
  block_size_deviation: 10
  block_restart_interval: 16
  index_block_restart_interval: 1
  metadata_block_size: 4096
  partition_filters: 0
  use_delta_encoding: 1
  filter_policy: nullptr
  whole_key_filtering: 1
  verify_compression: 0
  read_amp_bytes_per_bit: 0
  format_version: 2
  enable_index_compression: 1
  block_align: 0
2019/04/20-21:01:57.312693 7fc738cfb700        Options.write_buffer_size: 134217728
2019/04/20-21:01:57.312695 7fc738cfb700  Options.max_write_buffer_number: 24
2019/04/20-21:01:57.312696 7fc738cfb700        Options.compression[0]: NoCompression
2019/04/20-21:01:57.312698 7fc738cfb700        Options.compression[1]: NoCompression
2019/04/20-21:01:57.312699 7fc738cfb700        Options.compression[2]: LZ4
2019/04/20-21:01:57.312700 7fc738cfb700        Options.compression[3]: LZ4
2019/04/20-21:01:57.312701 7fc738cfb700        Options.compression[4]: LZ4
2019/04/20-21:01:57.312702 7fc738cfb700        Options.compression[5]: LZ4
2019/04/20-21:01:57.312703 7fc738cfb700        Options.compression[6]: LZ4
2019/04/20-21:01:57.312704 7fc738cfb700                  Options.bottommost_compression: Disabled
2019/04/20-21:01:57.312704 7fc738cfb700       Options.prefix_extractor: nullptr
2019/04/20-21:01:57.312705 7fc738cfb700   Options.memtable_insert_with_hint_prefix_extractor: nullptr
2019/04/20-21:01:57.312706 7fc738cfb700             Options.num_levels: 7
2019/04/20-21:01:57.312707 7fc738cfb700        Options.min_write_buffer_number_to_merge: 2
2019/04/20-21:01:57.312708 7fc738cfb700     Options.max_write_buffer_number_to_maintain: 0
2019/04/20-21:01:57.312709 7fc738cfb700            Options.compression_opts.window_bits: -14
2019/04/20-21:01:57.312710 7fc738cfb700                  Options.compression_opts.level: -1
2019/04/20-21:01:57.312711 7fc738cfb700               Options.compression_opts.strategy: 0
2019/04/20-21:01:57.312712 7fc738cfb700         Options.compression_opts.max_dict_bytes: 0
2019/04/20-21:01:57.312712 7fc738cfb700         Options.compression_opts.zstd_max_train_bytes: 0
2019/04/20-21:01:57.312713 7fc738cfb700      Options.level0_file_num_compaction_trigger: 2
2019/04/20-21:01:57.312714 7fc738cfb700          Options.level0_slowdown_writes_trigger: 20
2019/04/20-21:01:57.312715 7fc738cfb700              Options.level0_stop_writes_trigger: 36
2019/04/20-21:01:57.312716 7fc738cfb700                   Options.target_file_size_base: 67108864
2019/04/20-21:01:57.312717 7fc738cfb700             Options.target_file_size_multiplier: 1
2019/04/20-21:01:57.312718 7fc738cfb700                Options.max_bytes_for_level_base: 536870912
2019/04/20-21:01:57.312718 7fc738cfb700 Options.level_compaction_dynamic_level_bytes: 0
2019/04/20-21:01:57.312719 7fc738cfb700          Options.max_bytes_for_level_multiplier: 10.000000
2019/04/20-21:01:57.312723 7fc738cfb700 Options.max_bytes_for_level_multiplier_addtl[0]: 1
2019/04/20-21:01:57.312724 7fc738cfb700 Options.max_bytes_for_level_multiplier_addtl[1]: 1
2019/04/20-21:01:57.312725 7fc738cfb700 Options.max_bytes_for_level_multiplier_addtl[2]: 1
2019/04/20-21:01:57.312726 7fc738cfb700 Options.max_bytes_for_level_multiplier_addtl[3]: 1
2019/04/20-21:01:57.312726 7fc738cfb700 Options.max_bytes_for_level_multiplier_addtl[4]: 1
2019/04/20-21:01:57.312727 7fc738cfb700 Options.max_bytes_for_level_multiplier_addtl[5]: 1
2019/04/20-21:01:57.312728 7fc738cfb700 Options.max_bytes_for_level_multiplier_addtl[6]: 1
2019/04/20-21:01:57.312729 7fc738cfb700       Options.max_sequential_skip_in_iterations: 8
2019/04/20-21:01:57.312730 7fc738cfb700                    Options.max_compaction_bytes: 1677721600
2019/04/20-21:01:57.312731 7fc738cfb700                        Options.arena_block_size: 16777216
2019/04/20-21:01:57.312732 7fc738cfb700   Options.soft_pending_compaction_bytes_limit: 68719476736
2019/04/20-21:01:57.312733 7fc738cfb700   Options.hard_pending_compaction_bytes_limit: 274877906944
2019/04/20-21:01:57.312740 7fc738cfb700       Options.rate_limit_delay_max_milliseconds: 100
2019/04/20-21:01:57.312742 7fc738cfb700                Options.disable_auto_compactions: 0
2019/04/20-21:01:57.312743 7fc738cfb700                        Options.compaction_style: kCompactionStyleLevel
2019/04/20-21:01:57.312744 7fc738cfb700                          Options.compaction_pri: kByCompensatedSize
2019/04/20-21:01:57.312746 7fc738cfb700 Options.compaction_options_universal.size_ratio: 1
2019/04/20-21:01:57.312746 7fc738cfb700 Options.compaction_options_universal.min_merge_width: 2
2019/04/20-21:01:57.312747 7fc738cfb700 Options.compaction_options_universal.max_merge_width: 4294967295
2019/04/20-21:01:57.312748 7fc738cfb700 Options.compaction_options_universal.max_size_amplification_percent: 200
2019/04/20-21:01:57.312749 7fc738cfb700 Options.compaction_options_universal.compression_size_percent: -1
2019/04/20-21:01:57.312750 7fc738cfb700 Options.compaction_options_universal.stop_style: kCompactionStopStyleTotalSize
2019/04/20-21:01:57.312751 7fc738cfb700 Options.compaction_options_fifo.max_table_files_size: 1073741824
2019/04/20-21:01:57.312752 7fc738cfb700 Options.compaction_options_fifo.allow_compaction: 0
2019/04/20-21:01:57.312753 7fc738cfb700 Options.compaction_options_fifo.ttl: 0
2019/04/20-21:01:57.312754 7fc738cfb700                   Options.table_properties_collectors: 
2019/04/20-21:01:57.312755 7fc738cfb700                   Options.inplace_update_support: 0
2019/04/20-21:01:57.312756 7fc738cfb700                 Options.inplace_update_num_locks: 10000
2019/04/20-21:01:57.312757 7fc738cfb700               Options.memtable_prefix_bloom_size_ratio: 0.000000
2019/04/20-21:01:57.312758 7fc738cfb700   Options.memtable_huge_page_size: 0
2019/04/20-21:01:57.312759 7fc738cfb700                           Options.bloom_locality: 0
2019/04/20-21:01:57.312760 7fc738cfb700                    Options.max_successive_merges: 0
2019/04/20-21:01:57.312761 7fc738cfb700                Options.optimize_filters_for_hits: 0
2019/04/20-21:01:57.312762 7fc738cfb700                Options.paranoid_file_checks: 0
2019/04/20-21:01:57.312763 7fc738cfb700                Options.force_consistency_checks: 0
2019/04/20-21:01:57.312763 7fc738cfb700                Options.report_bg_io_stats: 0
2019/04/20-21:01:57.312764 7fc738cfb700                               Options.ttl: 0
2019/04/20-21:01:57.313404 7fc738cfb700 [db/version_set.cc:3361] Recovered from manifest file:/mnt/sdb/ycsb-rocksdb-data/MANIFEST-000001 succeeded,manifest_file_number is 1, next_file_number is 3, last_sequence is 0, log_number is 0,prev_log_number is 0,max_column_family is 0,min_log_number_to_keep is 0
2019/04/20-21:01:57.313409 7fc738cfb700 [db/version_set.cc:3369] Column family [default] (ID 0), log number is 0
2019/04/20-21:01:57.313542 7fc738cfb700 [db/version_set.cc:2847] Creating manifest 4
2019/04/20-21:01:57.358305 7fc738cfb700 [db/column_family.cc:475] --------------- Options for column family [usertable]:
2019/04/20-21:01:57.358309 7fc738cfb700               Options.comparator: leveldb.BytewiseComparator
2019/04/20-21:01:57.358310 7fc738cfb700           Options.merge_operator: None
2019/04/20-21:01:57.358311 7fc738cfb700        Options.compaction_filter: None
2019/04/20-21:01:57.358312 7fc738cfb700        Options.compaction_filter_factory: None
2019/04/20-21:01:57.358312 7fc738cfb700         Options.memtable_factory: SkipListFactory
2019/04/20-21:01:57.358313 7fc738cfb700            Options.table_factory: BlockBasedTable
2019/04/20-21:01:57.358338 7fc738cfb700            table_factory options:   flush_block_policy_factory: FlushBlockBySizePolicyFactory (0x7fc71c3bdd10)
  cache_index_and_filter_blocks: 0
  cache_index_and_filter_blocks_with_high_priority: 0
  pin_l0_filter_and_index_blocks_in_cache: 0
  index_type: 0
  hash_index_allow_collision: 1
  checksum: 1
  no_block_cache: 0
  block_cache: 0x7fc71c3bcb80
  block_cache_name: LRUCache
  block_cache_options:
    capacity : 8388608
    num_shard_bits : 4
    strict_capacity_limit : 0
    high_pri_pool_ratio: 0.000
  block_cache_compressed: (nil)
  persistent_cache: (nil)
  block_size: 8192
  block_size_deviation: 10
  block_restart_interval: 16
  index_block_restart_interval: 1
  metadata_block_size: 4096
  partition_filters: 0
  use_delta_encoding: 1
  filter_policy: nullptr
  whole_key_filtering: 1
  verify_compression: 0
  read_amp_bytes_per_bit: 0
  format_version: 2
  enable_index_compression: 1
  block_align: 0
2019/04/20-21:01:57.358342 7fc738cfb700        Options.write_buffer_size: 134217728
2019/04/20-21:01:57.358343 7fc738cfb700  Options.max_write_buffer_number: 24
2019/04/20-21:01:57.358345 7fc738cfb700        Options.compression[0]: NoCompression
2019/04/20-21:01:57.358346 7fc738cfb700        Options.compression[1]: NoCompression
2019/04/20-21:01:57.358347 7fc738cfb700        Options.compression[2]: LZ4
2019/04/20-21:01:57.358348 7fc738cfb700        Options.compression[3]: LZ4
2019/04/20-21:01:57.358349 7fc738cfb700        Options.compression[4]: LZ4
2019/04/20-21:01:57.358350 7fc738cfb700        Options.compression[5]: LZ4
2019/04/20-21:01:57.358351 7fc738cfb700        Options.compression[6]: LZ4
2019/04/20-21:01:57.358351 7fc738cfb700                  Options.bottommost_compression: Disabled
2019/04/20-21:01:57.358352 7fc738cfb700       Options.prefix_extractor: nullptr
2019/04/20-21:01:57.358353 7fc738cfb700   Options.memtable_insert_with_hint_prefix_extractor: nullptr
2019/04/20-21:01:57.358354 7fc738cfb700             Options.num_levels: 7
2019/04/20-21:01:57.358355 7fc738cfb700        Options.min_write_buffer_number_to_merge: 2
2019/04/20-21:01:57.358356 7fc738cfb700     Options.max_write_buffer_number_to_maintain: 0
2019/04/20-21:01:57.358357 7fc738cfb700            Options.compression_opts.window_bits: -14
2019/04/20-21:01:57.358357 7fc738cfb700                  Options.compression_opts.level: -1
2019/04/20-21:01:57.358358 7fc738cfb700               Options.compression_opts.strategy: 0
2019/04/20-21:01:57.358359 7fc738cfb700         Options.compression_opts.max_dict_bytes: 0
2019/04/20-21:01:57.358360 7fc738cfb700         Options.compression_opts.zstd_max_train_bytes: 0
2019/04/20-21:01:57.358361 7fc738cfb700      Options.level0_file_num_compaction_trigger: 2
2019/04/20-21:01:57.358362 7fc738cfb700          Options.level0_slowdown_writes_trigger: 20
2019/04/20-21:01:57.358362 7fc738cfb700              Options.level0_stop_writes_trigger: 36
2019/04/20-21:01:57.358363 7fc738cfb700                   Options.target_file_size_base: 67108864
2019/04/20-21:01:57.358364 7fc738cfb700             Options.target_file_size_multiplier: 1
2019/04/20-21:01:57.358365 7fc738cfb700                Options.max_bytes_for_level_base: 536870912
2019/04/20-21:01:57.358366 7fc738cfb700 Options.level_compaction_dynamic_level_bytes: 0
2019/04/20-21:01:57.358367 7fc738cfb700          Options.max_bytes_for_level_multiplier: 10.000000
2019/04/20-21:01:57.358369 7fc738cfb700 Options.max_bytes_for_level_multiplier_addtl[0]: 1
2019/04/20-21:01:57.358379 7fc738cfb700 Options.max_bytes_for_level_multiplier_addtl[1]: 1
2019/04/20-21:01:57.358381 7fc738cfb700 Options.max_bytes_for_level_multiplier_addtl[2]: 1
2019/04/20-21:01:57.358382 7fc738cfb700 Options.max_bytes_for_level_multiplier_addtl[3]: 1
2019/04/20-21:01:57.358382 7fc738cfb700 Options.max_bytes_for_level_multiplier_addtl[4]: 1
2019/04/20-21:01:57.358383 7fc738cfb700 Options.max_bytes_for_level_multiplier_addtl[5]: 1
2019/04/20-21:01:57.358384 7fc738cfb700 Options.max_bytes_for_level_multiplier_addtl[6]: 1
2019/04/20-21:01:57.358385 7fc738cfb700       Options.max_sequential_skip_in_iterations: 8
2019/04/20-21:01:57.358386 7fc738cfb700                    Options.max_compaction_bytes: 1677721600
2019/04/20-21:01:57.358387 7fc738cfb700                        Options.arena_block_size: 16777216
2019/04/20-21:01:57.358388 7fc738cfb700   Options.soft_pending_compaction_bytes_limit: 68719476736
2019/04/20-21:01:57.358388 7fc738cfb700   Options.hard_pending_compaction_bytes_limit: 274877906944
2019/04/20-21:01:57.358389 7fc738cfb700       Options.rate_limit_delay_max_milliseconds: 100
2019/04/20-21:01:57.358390 7fc738cfb700                Options.disable_auto_compactions: 0
2019/04/20-21:01:57.358391 7fc738cfb700                        Options.compaction_style: kCompactionStyleLevel
2019/04/20-21:01:57.358392 7fc738cfb700                          Options.compaction_pri: kByCompensatedSize
2019/04/20-21:01:57.358393 7fc738cfb700 Options.compaction_options_universal.size_ratio: 1
2019/04/20-21:01:57.358394 7fc738cfb700 Options.compaction_options_universal.min_merge_width: 2
2019/04/20-21:01:57.358395 7fc738cfb700 Options.compaction_options_universal.max_merge_width: 4294967295
2019/04/20-21:01:57.358396 7fc738cfb700 Options.compaction_options_universal.max_size_amplification_percent: 200
2019/04/20-21:01:57.358397 7fc738cfb700 Options.compaction_options_universal.compression_size_percent: -1
2019/04/20-21:01:57.358398 7fc738cfb700 Options.compaction_options_universal.stop_style: kCompactionStopStyleTotalSize
2019/04/20-21:01:57.358398 7fc738cfb700 Options.compaction_options_fifo.max_table_files_size: 1073741824
2019/04/20-21:01:57.358399 7fc738cfb700 Options.compaction_options_fifo.allow_compaction: 0
2019/04/20-21:01:57.358400 7fc738cfb700 Options.compaction_options_fifo.ttl: 0
2019/04/20-21:01:57.358401 7fc738cfb700                   Options.table_properties_collectors: 
2019/04/20-21:01:57.358402 7fc738cfb700                   Options.inplace_update_support: 0
2019/04/20-21:01:57.358403 7fc738cfb700                 Options.inplace_update_num_locks: 10000
2019/04/20-21:01:57.358404 7fc738cfb700               Options.memtable_prefix_bloom_size_ratio: 0.000000
2019/04/20-21:01:57.358405 7fc738cfb700   Options.memtable_huge_page_size: 0
2019/04/20-21:01:57.358406 7fc738cfb700                           Options.bloom_locality: 0
2019/04/20-21:01:57.358407 7fc738cfb700                    Options.max_successive_merges: 0
2019/04/20-21:01:57.358407 7fc738cfb700                Options.optimize_filters_for_hits: 0
2019/04/20-21:01:57.358408 7fc738cfb700                Options.paranoid_file_checks: 0
2019/04/20-21:01:57.358409 7fc738cfb700                Options.force_consistency_checks: 0
2019/04/20-21:01:57.358410 7fc738cfb700                Options.report_bg_io_stats: 0
2019/04/20-21:01:57.358411 7fc738cfb700                               Options.ttl: 0
2019/04/20-21:01:57.358450 7fc738cfb700 [db/db_impl.cc:1396] Created column family [usertable] (ID 1)
2019/04/20-21:01:57.405796 7fc738cfb700 [db/db_impl_open.cc:1219] DB pointer 0x7fc71c3c14b0
2019/04/20-21:02:06.063696 7fc6dc6f7700 [db/db_impl_write.cc:1373] [usertable] New memtable created with log file: #9. Immutable memtables: 0.
2019/04/20-21:02:14.486406 7fc6dc6f7700 [db/db_impl_write.cc:1373] [usertable] New memtable created with log file: #10. Immutable memtables: 1.
2019/04/20-21:02:14.486548 7fc6557fa700 [db/db_impl_compaction_flush.cc:80] [JOB 2] Syncing log #3
2019/04/20-21:02:14.712090 7fc6557fa700 [db/db_impl_compaction_flush.cc:80] [JOB 2] Syncing log #9
2019/04/20-21:02:15.780526 7fc6557fa700 (Original Log Time 2019/04/20-21:02:14.486490) [db/db_impl_compaction_flush.cc:1424] Calling FlushMemTableToOutputFile with column family [usertable], flush slots available 24, compaction slots available 1, flush slots scheduled 1, compaction slots scheduled 0
2019/04/20-21:02:15.780542 7fc6557fa700 [db/flush_job.cc:301] [usertable] [JOB 2] Flushing memtable with next log file: 9
2019/04/20-21:02:15.780552 7fc6557fa700 [db/flush_job.cc:301] [usertable] [JOB 2] Flushing memtable with next log file: 10
2019/04/20-21:02:15.780599 7fc6557fa700 EVENT_LOG_v1 {"time_micros": 1555819335780577, "job": 2, "event": "flush_started", "num_memtables": 2, "num_entries": 59772, "num_deletes": 0, "memory_usage": 253116528, "flush_reason": "Write Buffer Full"}
2019/04/20-21:02:15.780608 7fc6557fa700 [db/flush_job.cc:331] [usertable] [JOB 2] Level-0 flush table #11: started
2019/04/20-21:02:17.966109 7fc6557fa700 EVENT_LOG_v1 {"time_micros": 1555819337966065, "cf_name": "usertable", "job": 2, "event": "table_file_creation", "file_number": 11, "file_size": 247539763, "table_properties": {"data_size": 246439956, "index_size": 1098880, "filter_size": 0, "raw_key_size": 1434528, "raw_average_key_size": 24, "raw_value_size": 244826112, "raw_average_value_size": 4096, "num_data_blocks": 29886, "num_entries": 59772, "filter_policy_name": "", "kDeletedKeys": "0", "kMergeOperands": "0"}}
2019/04/20-21:02:17.966138 7fc6557fa700 [db/flush_job.cc:371] [usertable] [JOB 2] Level-0 flush table #11: 247539763 bytes OK
2019/04/20-21:02:18.033611 7fc6557fa700 (Original Log Time 2019/04/20-21:02:17.966155) [db/memtable_list.cc:377] [usertable] Level-0 commit table #11 started
2019/04/20-21:02:18.033615 7fc6557fa700 (Original Log Time 2019/04/20-21:02:18.033512) [db/memtable_list.cc:409] [usertable] Level-0 commit table #11: memtable #1 done
2019/04/20-21:02:18.033617 7fc6557fa700 (Original Log Time 2019/04/20-21:02:18.033521) [db/memtable_list.cc:409] [usertable] Level-0 commit table #11: memtable #2 done
2019/04/20-21:02:18.033619 7fc6557fa700 (Original Log Time 2019/04/20-21:02:18.033554) EVENT_LOG_v1 {"time_micros": 1555819338033541, "job": 2, "event": "flush_finished", "output_compression": "NoCompression", "lsm_state": [1, 0, 0, 0, 0, 0, 0], "immutable_memtables": 0}
2019/04/20-21:02:18.033621 7fc6557fa700 (Original Log Time 2019/04/20-21:02:18.033580) [db/db_impl_compaction_flush.cc:177] [usertable] Level summary: base level 1 max bytes base 536870912 files[1 0 0 0 0 0 0] max score 0.50
2019/04/20-21:02:18.033631 7fc6557fa700 [db/db_impl_files.cc:347] [JOB 2] Try to delete WAL files size 246797376, prev total WAL file size 298062836, number of live WAL files 3.
2019/04/20-21:02:22.762285 7fc6dc3f4700 [db/db_impl_write.cc:1373] [usertable] New memtable created with log file: #12. Immutable memtables: 0.
2019/04/20-21:02:31.362396 7fc6f43f4700 [db/db_impl_write.cc:1373] [usertable] New memtable created with log file: #13. Immutable memtables: 1.
2019/04/20-21:02:31.362510 7fc6d67fc700 [db/db_impl_compaction_flush.cc:80] [JOB 3] Syncing log #10
2019/04/20-21:02:31.838830 7fc6d67fc700 [db/db_impl_compaction_flush.cc:80] [JOB 3] Syncing log #12
2019/04/20-21:02:32.946588 7fc6d67fc700 (Original Log Time 2019/04/20-21:02:31.362478) [db/db_impl_compaction_flush.cc:1424] Calling FlushMemTableToOutputFile with column family [usertable], flush slots available 24, compaction slots available 1, flush slots scheduled 1, compaction slots scheduled 0
2019/04/20-21:02:32.946607 7fc6d67fc700 [db/flush_job.cc:301] [usertable] [JOB 3] Flushing memtable with next log file: 12
2019/04/20-21:02:32.946617 7fc6d67fc700 [db/flush_job.cc:301] [usertable] [JOB 3] Flushing memtable with next log file: 13
2019/04/20-21:02:32.946662 7fc6d67fc700 EVENT_LOG_v1 {"time_micros": 1555819352946647, "job": 3, "event": "flush_started", "num_memtables": 2, "num_entries": 59062, "num_deletes": 0, "memory_usage": 247901680, "flush_reason": "Write Buffer Full"}
2019/04/20-21:02:32.946676 7fc6d67fc700 [db/flush_job.cc:331] [usertable] [JOB 3] Level-0 flush table #14: started
2019/04/20-21:02:34.538338 7fc6d67fc700 EVENT_LOG_v1 {"time_micros": 1555819354538311, "cf_name": "usertable", "job": 3, "event": "table_file_creation", "file_number": 14, "file_size": 244599373, "table_properties": {"data_size": 243512626, "index_size": 1085820, "filter_size": 0, "raw_key_size": 1417488, "raw_average_key_size": 24, "raw_value_size": 241917952, "raw_average_value_size": 4096, "num_data_blocks": 29531, "num_entries": 59062, "filter_policy_name": "", "kDeletedKeys": "0", "kMergeOperands": "0"}}
2019/04/20-21:02:34.538361 7fc6d67fc700 [db/flush_job.cc:371] [usertable] [JOB 3] Level-0 flush table #14: 244599373 bytes OK
2019/04/20-21:02:34.553621 7fc6d67fc700 (Original Log Time 2019/04/20-21:02:34.538389) [db/memtable_list.cc:377] [usertable] Level-0 commit table #14 started
2019/04/20-21:02:34.553625 7fc6d67fc700 (Original Log Time 2019/04/20-21:02:34.553504) [db/memtable_list.cc:409] [usertable] Level-0 commit table #14: memtable #1 done
2019/04/20-21:02:34.553627 7fc6d67fc700 (Original Log Time 2019/04/20-21:02:34.553506) [db/memtable_list.cc:409] [usertable] Level-0 commit table #14: memtable #2 done
2019/04/20-21:02:34.553628 7fc6d67fc700 (Original Log Time 2019/04/20-21:02:34.553524) EVENT_LOG_v1 {"time_micros": 1555819354553513, "job": 3, "event": "flush_finished", "output_compression": "NoCompression", "lsm_state": [2, 0, 0, 0, 0, 0, 0], "immutable_memtables": 0}
2019/04/20-21:02:34.553630 7fc6d67fc700 (Original Log Time 2019/04/20-21:02:34.553582) [db/db_impl_compaction_flush.cc:177] [usertable] Level summary: base level 1 max bytes base 536870912 files[2 0 0 0 0 0 0] max score 1.00
2019/04/20-21:02:34.553641 7fc6d67fc700 [db/db_impl_files.cc:347] [JOB 3] Try to delete WAL files size 243866098, prev total WAL file size 289994986, number of live WAL files 3.
2019/04/20-21:02:34.553920 7fc717a5b700 [WARN] [db/db_impl.cc:491] ------- DUMPING STATS -------
2019/04/20-21:02:34.553973 7fc717a5b700 [WARN] [db/db_impl.cc:492] 
** DB Stats **
Uptime(secs): 37.2 total, 37.2 interval
Cumulative writes: 130K writes, 130K keys, 129K commit groups, 1.0 writes per commit group, ingest: 0.50 GB, 13.75 MB/s
Cumulative WAL: 130K writes, 0 syncs, 130008.00 writes per sync, written: 0.50 GB, 13.75 MB/s
Cumulative stall: 00:00:0.000 H:M:S, 0.0 percent
Interval writes: 130K writes, 130K keys, 129K commit groups, 1.0 writes per commit group, ingest: 511.93 MB, 13.75 MB/s
Interval WAL: 130K writes, 0 syncs, 130008.00 writes per sync, written: 0.50 MB, 13.75 MB/s
Interval stall: 00:00:0.000 H:M:S, 0.0 percent

** Compaction Stats [default] **
Level    Files   Size     Score Read(GB)  Rn(GB) Rnp1(GB) Write(GB) Wnew(GB) Moved(GB) W-Amp Rd(MB/s) Wr(MB/s) Comp(sec) Comp(cnt) Avg(sec) KeyIn KeyDrop
----------------------------------------------------------------------------------------------------------------------------------------------------------
 Sum      0/0    0.00 KB   0.0      0.0     0.0      0.0       0.0      0.0       0.0   0.0      0.0      0.0         0         0    0.000       0      0
 Int      0/0    0.00 KB   0.0      0.0     0.0      0.0       0.0      0.0       0.0   0.0      0.0      0.0         0         0    0.000       0      0
Uptime(secs): 37.2 total, 37.2 interval
Flush(GB): cumulative 0.000, interval 0.000
AddFile(GB): cumulative 0.000, interval 0.000
AddFile(Total Files): cumulative 0, interval 0
AddFile(L0 Files): cumulative 0, interval 0
AddFile(Keys): cumulative 0, interval 0
Cumulative compaction: 0.00 GB write, 0.00 MB/s write, 0.00 GB read, 0.00 MB/s read, 0.0 seconds
Interval compaction: 0.00 GB write, 0.00 MB/s write, 0.00 GB read, 0.00 MB/s read, 0.0 seconds
Stalls(count): 0 level0_slowdown, 0 level0_slowdown_with_compaction, 0 level0_numfiles, 0 level0_numfiles_with_compaction, 0 stop for pending_compaction_bytes, 0 slowdown for pending_compaction_bytes, 0 memtable_compaction, 0 memtable_slowdown, interval 0 total count

** File Read Latency Histogram By Level [default] **

** Compaction Stats [usertable] **
Level    Files   Size     Score Read(GB)  Rn(GB) Rnp1(GB) Write(GB) Wnew(GB) Moved(GB) W-Amp Rd(MB/s) Wr(MB/s) Comp(sec) Comp(cnt) Avg(sec) KeyIn KeyDrop
----------------------------------------------------------------------------------------------------------------------------------------------------------
  L0      2/0   469.34 MB   1.0      0.0     0.0      0.0       0.5      0.5       0.0   1.0      0.0    124.2         4         2    1.889       0      0
 Sum      2/0   469.34 MB   0.0      0.0     0.0      0.0       0.5      0.5       0.0   1.0      0.0    124.2         4         2    1.889       0      0
 Int      0/0    0.00 KB   0.0      0.0     0.0      0.0       0.5      0.5       0.0   1.0      0.0    124.2         4         2    1.889       0      0
Uptime(secs): 37.2 total, 37.2 interval
Flush(GB): cumulative 0.458, interval 0.458
AddFile(GB): cumulative 0.000, interval 0.000
AddFile(Total Files): cumulative 0, interval 0
AddFile(L0 Files): cumulative 0, interval 0
AddFile(Keys): cumulative 0, interval 0
Cumulative compaction: 0.46 GB write, 12.62 MB/s write, 0.00 GB read, 0.00 MB/s read, 3.8 seconds
Interval compaction: 0.46 GB write, 12.62 MB/s write, 0.00 GB read, 0.00 MB/s read, 3.8 seconds
Stalls(count): 0 level0_slowdown, 0 level0_slowdown_with_compaction, 0 level0_numfiles, 0 level0_numfiles_with_compaction, 0 stop for pending_compaction_bytes, 0 slowdown for pending_compaction_bytes, 0 memtable_compaction, 0 memtable_slowdown, interval 0 total count

** File Read Latency Histogram By Level [usertable] **

** Compaction Stats [default] **
Level    Files   Size     Score Read(GB)  Rn(GB) Rnp1(GB) Write(GB) Wnew(GB) Moved(GB) W-Amp Rd(MB/s) Wr(MB/s) Comp(sec) Comp(cnt) Avg(sec) KeyIn KeyDrop
----------------------------------------------------------------------------------------------------------------------------------------------------------
 Sum      0/0    0.00 KB   0.0      0.0     0.0      0.0       0.0      0.0       0.0   0.0      0.0      0.0         0         0    0.000       0      0
 Int      0/0    0.00 KB   0.0      0.0     0.0      0.0       0.0      0.0       0.0   0.0      0.0      0.0         0         0    0.000       0      0
Uptime(secs): 37.2 total, 0.0 interval
Flush(GB): cumulative 0.000, interval 0.000
AddFile(GB): cumulative 0.000, interval 0.000
AddFile(Total Files): cumulative 0, interval 0
AddFile(L0 Files): cumulative 0, interval 0
AddFile(Keys): cumulative 0, interval 0
Cumulative compaction: 0.00 GB write, 0.00 MB/s write, 0.00 GB read, 0.00 MB/s read, 0.0 seconds
Interval compaction: 0.00 GB write, 0.00 MB/s write, 0.00 GB read, 0.00 MB/s read, 0.0 seconds
Stalls(count): 0 level0_slowdown, 0 level0_slowdown_with_compaction, 0 level0_numfiles, 0 level0_numfiles_with_compaction, 0 stop for pending_compaction_bytes, 0 slowdown for pending_compaction_bytes, 0 memtable_compaction, 0 memtable_slowdown, interval 0 total count

** File Read Latency Histogram By Level [default] **

** Compaction Stats [usertable] **
Level    Files   Size     Score Read(GB)  Rn(GB) Rnp1(GB) Write(GB) Wnew(GB) Moved(GB) W-Amp Rd(MB/s) Wr(MB/s) Comp(sec) Comp(cnt) Avg(sec) KeyIn KeyDrop
----------------------------------------------------------------------------------------------------------------------------------------------------------
  L0      2/0   469.34 MB   1.0      0.0     0.0      0.0       0.5      0.5       0.0   1.0      0.0    124.2         4         2    1.889       0      0
 Sum      2/0   469.34 MB   0.0      0.0     0.0      0.0       0.5      0.5       0.0   1.0      0.0    124.2         4         2    1.889       0      0
 Int      0/0    0.00 KB   0.0      0.0     0.0      0.0       0.0      0.0       0.0   0.0      0.0      0.0         0         0    0.000       0      0
Uptime(secs): 37.2 total, 0.0 interval
Flush(GB): cumulative 0.458, interval 0.000
AddFile(GB): cumulative 0.000, interval 0.000
AddFile(Total Files): cumulative 0, interval 0
AddFile(L0 Files): cumulative 0, interval 0
AddFile(Keys): cumulative 0, interval 0
Cumulative compaction: 0.46 GB write, 12.62 MB/s write, 0.00 GB read, 0.00 MB/s read, 3.8 seconds
Interval compaction: 0.00 GB write, 0.00 MB/s write, 0.00 GB read, 0.00 MB/s read, 0.0 seconds
Stalls(count): 0 level0_slowdown, 0 level0_slowdown_with_compaction, 0 level0_numfiles, 0 level0_numfiles_with_compaction, 0 stop for pending_compaction_bytes, 0 slowdown for pending_compaction_bytes, 0 memtable_compaction, 0 memtable_slowdown, interval 0 total count

** File Read Latency Histogram By Level [usertable] **
2019/04/20-21:02:34.569182 7fc717a5b700 (Original Log Time 2019/04/20-21:02:34.554095) [db/db_impl_compaction_flush.cc:1835] [usertable] Moving #11 to level-1 247539763 bytes
2019/04/20-21:02:34.569185 7fc717a5b700 (Original Log Time 2019/04/20-21:02:34.569138) EVENT_LOG_v1 {"time_micros": 1555819354569127, "job": 4, "event": "trivial_move", "destination_level": 1, "files": 1, "total_files_size": 247539763}
2019/04/20-21:02:34.569187 7fc717a5b700 (Original Log Time 2019/04/20-21:02:34.569148) [db/db_impl_compaction_flush.cc:1864] [usertable] Moved #1 files to level-1 247539763 bytes OK: base level 1 max bytes base 536870912 files[1 1 0 0 0 0 0] max score 0.50
2019/04/20-21:02:39.810106 7fc6cc6f7700 [db/db_impl_write.cc:1373] [usertable] New memtable created with log file: #15. Immutable memtables: 0.
2019/04/20-21:02:47.875135 7fc6cc7f8700 [db/db_impl_write.cc:1373] [usertable] New memtable created with log file: #16. Immutable memtables: 1.
2019/04/20-21:02:47.875288 7fc6d5ffb700 [db/db_impl_compaction_flush.cc:80] [JOB 5] Syncing log #13
2019/04/20-21:02:48.340327 7fc6d5ffb700 [db/db_impl_compaction_flush.cc:80] [JOB 5] Syncing log #15
2019/04/20-21:02:49.431056 7fc6d5ffb700 (Original Log Time 2019/04/20-21:02:47.875263) [db/db_impl_compaction_flush.cc:1424] Calling FlushMemTableToOutputFile with column family [usertable], flush slots available 24, compaction slots available 1, flush slots scheduled 1, compaction slots scheduled 0
2019/04/20-21:02:49.431070 7fc6d5ffb700 [db/flush_job.cc:301] [usertable] [JOB 5] Flushing memtable with next log file: 15
2019/04/20-21:02:49.431080 7fc6d5ffb700 [db/flush_job.cc:301] [usertable] [JOB 5] Flushing memtable with next log file: 16
2019/04/20-21:02:49.431118 7fc6d5ffb700 EVENT_LOG_v1 {"time_micros": 1555819369431103, "job": 5, "event": "flush_started", "num_memtables": 2, "num_entries": 57798, "num_deletes": 0, "memory_usage": 244977128, "flush_reason": "Write Buffer Full"}
2019/04/20-21:02:49.431125 7fc6d5ffb700 [db/flush_job.cc:331] [usertable] [JOB 5] Level-0 flush table #17: started
2019/04/20-21:02:51.053568 7fc6d5ffb700 EVENT_LOG_v1 {"time_micros": 1555819371053538, "cf_name": "usertable", "job": 5, "event": "table_file_creation", "file_number": 17, "file_size": 239364658, "table_properties": {"data_size": 238301154, "index_size": 1062577, "filter_size": 0, "raw_key_size": 1387152, "raw_average_key_size": 24, "raw_value_size": 236740608, "raw_average_value_size": 4096, "num_data_blocks": 28899, "num_entries": 57798, "filter_policy_name": "", "kDeletedKeys": "0", "kMergeOperands": "0"}}
2019/04/20-21:02:51.053604 7fc6d5ffb700 [db/flush_job.cc:371] [usertable] [JOB 5] Level-0 flush table #17: 239364658 bytes OK
2019/04/20-21:02:51.068588 7fc6d5ffb700 (Original Log Time 2019/04/20-21:02:51.053622) [db/memtable_list.cc:377] [usertable] Level-0 commit table #17 started
2019/04/20-21:02:51.068592 7fc6d5ffb700 (Original Log Time 2019/04/20-21:02:51.068508) [db/memtable_list.cc:409] [usertable] Level-0 commit table #17: memtable #1 done
2019/04/20-21:02:51.068594 7fc6d5ffb700 (Original Log Time 2019/04/20-21:02:51.068510) [db/memtable_list.cc:409] [usertable] Level-0 commit table #17: memtable #2 done
2019/04/20-21:02:51.068595 7fc6d5ffb700 (Original Log Time 2019/04/20-21:02:51.068529) EVENT_LOG_v1 {"time_micros": 1555819371068517, "job": 5, "event": "flush_finished", "output_compression": "NoCompression", "lsm_state": [2, 1, 0, 0, 0, 0, 0], "immutable_memtables": 0}
2019/04/20-21:02:51.068597 7fc6d5ffb700 (Original Log Time 2019/04/20-21:02:51.068563) [db/db_impl_compaction_flush.cc:177] [usertable] Level summary: base level 1 max bytes base 536870912 files[2 1 0 0 0 0 0] max score 1.00
