2019/07/06-17:47:22.537979 7f117204a700 RocksDB version: 5.14.3
2019/07/06-17:47:22.538058 7f117204a700 Git sha rocksdb_build_git_sha:
2019/07/06-17:47:22.538061 7f117204a700 Compile date Oct  9 2018
2019/07/06-17:47:22.538070 7f117204a700 DB SUMMARY
2019/07/06-17:47:22.539004 7f117204a700 CURRENT file:  CURRENT
2019/07/06-17:47:22.539008 7f117204a700 IDENTITY file:  IDENTITY
2019/07/06-17:47:22.539026 7f117204a700 MANIFEST file:  MANIFEST-000004 size: 129192 Bytes
2019/07/06-17:47:22.539030 7f117204a700 SST files in /mnt/sdb/ycsb-rocksdb-data dir, Total Num: 728, files: 000021.sst 000022.sst 000023.sst 000024.sst 000028.sst 000029.sst 000030.sst 000031.sst 000035.sst 
2019/07/06-17:47:22.539036 7f117204a700 Write Ahead Log file in /mnt/sdb/ycsb-rocksdb-data: 001317.log size: 82839695 ; 
2019/07/06-17:47:22.539064 7f117204a700                         Options.error_if_exists: 0
2019/07/06-17:47:22.539065 7f117204a700                       Options.create_if_missing: 1
2019/07/06-17:47:22.539066 7f117204a700                         Options.paranoid_checks: 1
2019/07/06-17:47:22.539067 7f117204a700                                     Options.env: 0x7f1171d33080
2019/07/06-17:47:22.539068 7f117204a700                                Options.info_log: 0x7f110c3c5cf0
2019/07/06-17:47:22.539068 7f117204a700                Options.max_file_opening_threads: 16
2019/07/06-17:47:22.539069 7f117204a700                              Options.statistics: (nil)
2019/07/06-17:47:22.539070 7f117204a700                               Options.use_fsync: 0
2019/07/06-17:47:22.539071 7f117204a700                       Options.max_log_file_size: 0
2019/07/06-17:47:22.539072 7f117204a700                  Options.max_manifest_file_size: 18446744073709551615
2019/07/06-17:47:22.539073 7f117204a700                   Options.log_file_time_to_roll: 0
2019/07/06-17:47:22.539074 7f117204a700                       Options.keep_log_file_num: 1000
2019/07/06-17:47:22.539075 7f117204a700                    Options.recycle_log_file_num: 0
2019/07/06-17:47:22.539076 7f117204a700                         Options.allow_fallocate: 1
2019/07/06-17:47:22.539077 7f117204a700                        Options.allow_mmap_reads: 0
2019/07/06-17:47:22.539077 7f117204a700                       Options.allow_mmap_writes: 0
2019/07/06-17:47:22.539078 7f117204a700                        Options.use_direct_reads: 0
2019/07/06-17:47:22.539079 7f117204a700                        Options.use_direct_io_for_flush_and_compaction: 0
2019/07/06-17:47:22.539080 7f117204a700          Options.create_missing_column_families: 1
2019/07/06-17:47:22.539081 7f117204a700                              Options.db_log_dir: 
2019/07/06-17:47:22.539082 7f117204a700                                 Options.wal_dir: /mnt/sdb/ycsb-rocksdb-data
2019/07/06-17:47:22.539083 7f117204a700                Options.table_cache_numshardbits: 6
2019/07/06-17:47:22.539084 7f117204a700                      Options.max_subcompactions: 4
2019/07/06-17:47:22.539085 7f117204a700                  Options.max_background_flushes: 24
2019/07/06-17:47:22.539086 7f117204a700                         Options.WAL_ttl_seconds: 0
2019/07/06-17:47:22.539087 7f117204a700                       Options.WAL_size_limit_MB: 0
2019/07/06-17:47:22.539087 7f117204a700             Options.manifest_preallocation_size: 4194304
2019/07/06-17:47:22.539088 7f117204a700                     Options.is_fd_close_on_exec: 1
2019/07/06-17:47:22.539089 7f117204a700                   Options.advise_random_on_open: 1
2019/07/06-17:47:22.539090 7f117204a700                    Options.db_write_buffer_size: 0
2019/07/06-17:47:22.539091 7f117204a700                    Options.write_buffer_manager: 0x7f110c3c5b00
2019/07/06-17:47:22.539092 7f117204a700         Options.access_hint_on_compaction_start: 1
2019/07/06-17:47:22.539093 7f117204a700  Options.new_table_reader_for_compaction_inputs: 0
2019/07/06-17:47:22.539093 7f117204a700           Options.random_access_max_buffer_size: 1048576
2019/07/06-17:47:22.539094 7f117204a700                      Options.use_adaptive_mutex: 0
2019/07/06-17:47:22.539095 7f117204a700                            Options.rate_limiter: (nil)
2019/07/06-17:47:22.539111 7f117204a700     Options.sst_file_manager.rate_bytes_per_sec: 0
2019/07/06-17:47:22.539113 7f117204a700                       Options.wal_recovery_mode: 2
2019/07/06-17:47:22.539114 7f117204a700                  Options.enable_thread_tracking: 0
2019/07/06-17:47:22.539115 7f117204a700                  Options.enable_pipelined_write: 1
2019/07/06-17:47:22.539116 7f117204a700         Options.allow_concurrent_memtable_write: 1
2019/07/06-17:47:22.539116 7f117204a700      Options.enable_write_thread_adaptive_yield: 1
2019/07/06-17:47:22.539117 7f117204a700             Options.write_thread_max_yield_usec: 100
2019/07/06-17:47:22.539118 7f117204a700            Options.write_thread_slow_yield_usec: 3
2019/07/06-17:47:22.539119 7f117204a700                               Options.row_cache: None
2019/07/06-17:47:22.539120 7f117204a700                              Options.wal_filter: None
2019/07/06-17:47:22.539121 7f117204a700             Options.avoid_flush_during_recovery: 0
2019/07/06-17:47:22.539122 7f117204a700             Options.allow_ingest_behind: 0
2019/07/06-17:47:22.539123 7f117204a700             Options.preserve_deletes: 0
2019/07/06-17:47:22.539124 7f117204a700             Options.two_write_queues: 0
2019/07/06-17:47:22.539124 7f117204a700             Options.manual_wal_flush: 0
2019/07/06-17:47:22.539126 7f117204a700             Options.max_background_jobs: 24
2019/07/06-17:47:22.539127 7f117204a700             Options.max_background_compactions: 24
2019/07/06-17:47:22.539128 7f117204a700             Options.avoid_flush_during_shutdown: 0
2019/07/06-17:47:22.539129 7f117204a700           Options.writable_file_max_buffer_size: 1048576
2019/07/06-17:47:22.539130 7f117204a700             Options.delayed_write_rate : 16777216
2019/07/06-17:47:22.539131 7f117204a700             Options.max_total_wal_size: 0
2019/07/06-17:47:22.539132 7f117204a700             Options.delete_obsolete_files_period_micros: 21600000000
2019/07/06-17:47:22.539133 7f117204a700                   Options.stats_dump_period_sec: 60
2019/07/06-17:47:22.539134 7f117204a700                          Options.max_open_files: -1
2019/07/06-17:47:22.539135 7f117204a700                          Options.bytes_per_sync: 1048576
2019/07/06-17:47:22.539136 7f117204a700                      Options.wal_bytes_per_sync: 0
2019/07/06-17:47:22.539136 7f117204a700       Options.compaction_readahead_size: 0
2019/07/06-17:47:22.539137 7f117204a700 Compression algorithms supported:
2019/07/06-17:47:22.539139 7f117204a700 	kZSTDNotFinalCompression supported: 1
2019/07/06-17:47:22.539148 7f117204a700 	kZSTD supported: 1
2019/07/06-17:47:22.539149 7f117204a700 	kXpressCompression supported: 0
2019/07/06-17:47:22.539151 7f117204a700 	kLZ4HCCompression supported: 1
2019/07/06-17:47:22.539152 7f117204a700 	kLZ4Compression supported: 1
2019/07/06-17:47:22.539153 7f117204a700 	kBZip2Compression supported: 1
2019/07/06-17:47:22.539154 7f117204a700 	kZlibCompression supported: 1
2019/07/06-17:47:22.539155 7f117204a700 	kSnappyCompression supported: 1
2019/07/06-17:47:22.539159 7f117204a700 Fast CRC32 supported: Not supported on x86
2019/07/06-17:47:22.539859 7f117204a700 [db/version_set.cc:3085] Recovering from manifest file: MANIFEST-000004
2019/07/06-17:47:22.539960 7f117204a700 [db/column_family.cc:475] --------------- Options for column family [default]:
2019/07/06-17:47:22.539964 7f117204a700               Options.comparator: leveldb.BytewiseComparator
2019/07/06-17:47:22.539966 7f117204a700           Options.merge_operator: None
2019/07/06-17:47:22.539967 7f117204a700        Options.compaction_filter: None
2019/07/06-17:47:22.539967 7f117204a700        Options.compaction_filter_factory: None
2019/07/06-17:47:22.539968 7f117204a700         Options.memtable_factory: SkipListFactory
2019/07/06-17:47:22.539970 7f117204a700            Options.table_factory: BlockBasedTable
2019/07/06-17:47:22.539994 7f117204a700            table_factory options:   flush_block_policy_factory: FlushBlockBySizePolicyFactory (0x7f110c3ba230)
  cache_index_and_filter_blocks: 0
  cache_index_and_filter_blocks_with_high_priority: 0
  pin_l0_filter_and_index_blocks_in_cache: 0
  index_type: 0
  hash_index_allow_collision: 1
  checksum: 1
  no_block_cache: 0
  block_cache: 0x7f110c3b9970
  block_cache_name: LRUCache
  block_cache_options:
    capacity : 8388608
    num_shard_bits : 4
    strict_capacity_limit : 0
    high_pri_pool_ratio: 0.000
  block_cache_compressed: (nil)
  persistent_cache: (nil)
  block_size: 8192
  block_size_deviation: 10
  block_restart_interval: 16
  index_block_restart_interval: 1
  metadata_block_size: 4096
  partition_filters: 0
  use_delta_encoding: 1
  filter_policy: nullptr
  whole_key_filtering: 1
  verify_compression: 0
  read_amp_bytes_per_bit: 0
  format_version: 2
  enable_index_compression: 1
  block_align: 0
2019/07/06-17:47:22.540007 7f117204a700        Options.write_buffer_size: 134217728
2019/07/06-17:47:22.540009 7f117204a700  Options.max_write_buffer_number: 24
2019/07/06-17:47:22.540010 7f117204a700        Options.compression[0]: NoCompression
2019/07/06-17:47:22.540012 7f117204a700        Options.compression[1]: NoCompression
2019/07/06-17:47:22.540014 7f117204a700        Options.compression[2]: LZ4
2019/07/06-17:47:22.540015 7f117204a700        Options.compression[3]: LZ4
2019/07/06-17:47:22.540016 7f117204a700        Options.compression[4]: LZ4
2019/07/06-17:47:22.540017 7f117204a700        Options.compression[5]: LZ4
2019/07/06-17:47:22.540018 7f117204a700        Options.compression[6]: LZ4
2019/07/06-17:47:22.540019 7f117204a700                  Options.bottommost_compression: Disabled
2019/07/06-17:47:22.540020 7f117204a700       Options.prefix_extractor: nullptr
2019/07/06-17:47:22.540021 7f117204a700   Options.memtable_insert_with_hint_prefix_extractor: nullptr
2019/07/06-17:47:22.540022 7f117204a700             Options.num_levels: 7
2019/07/06-17:47:22.540022 7f117204a700        Options.min_write_buffer_number_to_merge: 2
2019/07/06-17:47:22.540023 7f117204a700     Options.max_write_buffer_number_to_maintain: 0
2019/07/06-17:47:22.540024 7f117204a700            Options.compression_opts.window_bits: -14
2019/07/06-17:47:22.540025 7f117204a700                  Options.compression_opts.level: -1
2019/07/06-17:47:22.540026 7f117204a700               Options.compression_opts.strategy: 0
2019/07/06-17:47:22.540027 7f117204a700         Options.compression_opts.max_dict_bytes: 0
2019/07/06-17:47:22.540028 7f117204a700         Options.compression_opts.zstd_max_train_bytes: 0
2019/07/06-17:47:22.540029 7f117204a700      Options.level0_file_num_compaction_trigger: 2
2019/07/06-17:47:22.540030 7f117204a700          Options.level0_slowdown_writes_trigger: 20
2019/07/06-17:47:22.540030 7f117204a700              Options.level0_stop_writes_trigger: 36
2019/07/06-17:47:22.540031 7f117204a700                   Options.target_file_size_base: 67108864
2019/07/06-17:47:22.540032 7f117204a700             Options.target_file_size_multiplier: 1
2019/07/06-17:47:22.540033 7f117204a700                Options.max_bytes_for_level_base: 536870912
2019/07/06-17:47:22.540034 7f117204a700 Options.level_compaction_dynamic_level_bytes: 0
2019/07/06-17:47:22.540035 7f117204a700          Options.max_bytes_for_level_multiplier: 10.000000
2019/07/06-17:47:22.540038 7f117204a700 Options.max_bytes_for_level_multiplier_addtl[0]: 1
2019/07/06-17:47:22.540039 7f117204a700 Options.max_bytes_for_level_multiplier_addtl[1]: 1
2019/07/06-17:47:22.540040 7f117204a700 Options.max_bytes_for_level_multiplier_addtl[2]: 1
2019/07/06-17:47:22.540041 7f117204a700 Options.max_bytes_for_level_multiplier_addtl[3]: 1
2019/07/06-17:47:22.540042 7f117204a700 Options.max_bytes_for_level_multiplier_addtl[4]: 1
2019/07/06-17:47:22.540042 7f117204a700 Options.max_bytes_for_level_multiplier_addtl[5]: 1
2019/07/06-17:47:22.540043 7f117204a700 Options.max_bytes_for_level_multiplier_addtl[6]: 1
2019/07/06-17:47:22.540044 7f117204a700       Options.max_sequential_skip_in_iterations: 8
2019/07/06-17:47:22.540045 7f117204a700                    Options.max_compaction_bytes: 1677721600
2019/07/06-17:47:22.540052 7f117204a700                        Options.arena_block_size: 16777216
2019/07/06-17:47:22.540053 7f117204a700   Options.soft_pending_compaction_bytes_limit: 68719476736
2019/07/06-17:47:22.540054 7f117204a700   Options.hard_pending_compaction_bytes_limit: 274877906944
2019/07/06-17:47:22.540055 7f117204a700       Options.rate_limit_delay_max_milliseconds: 100
2019/07/06-17:47:22.540056 7f117204a700                Options.disable_auto_compactions: 0
2019/07/06-17:47:22.540058 7f117204a700                        Options.compaction_style: kCompactionStyleLevel
2019/07/06-17:47:22.540059 7f117204a700                          Options.compaction_pri: kByCompensatedSize
2019/07/06-17:47:22.540060 7f117204a700 Options.compaction_options_universal.size_ratio: 1
2019/07/06-17:47:22.540061 7f117204a700 Options.compaction_options_universal.min_merge_width: 2
2019/07/06-17:47:22.540062 7f117204a700 Options.compaction_options_universal.max_merge_width: 4294967295
2019/07/06-17:47:22.540063 7f117204a700 Options.compaction_options_universal.max_size_amplification_percent: 200
2019/07/06-17:47:22.540064 7f117204a700 Options.compaction_options_universal.compression_size_percent: -1
2019/07/06-17:47:22.540065 7f117204a700 Options.compaction_options_universal.stop_style: kCompactionStopStyleTotalSize
2019/07/06-17:47:22.540066 7f117204a700 Options.compaction_options_fifo.max_table_files_size: 1073741824
2019/07/06-17:47:22.540067 7f117204a700 Options.compaction_options_fifo.allow_compaction: 0
2019/07/06-17:47:22.540068 7f117204a700 Options.compaction_options_fifo.ttl: 0
2019/07/06-17:47:22.540069 7f117204a700                   Options.table_properties_collectors: 
2019/07/06-17:47:22.540070 7f117204a700                   Options.inplace_update_support: 0
2019/07/06-17:47:22.540071 7f117204a700                 Options.inplace_update_num_locks: 10000
2019/07/06-17:47:22.540072 7f117204a700               Options.memtable_prefix_bloom_size_ratio: 0.000000
2019/07/06-17:47:22.540073 7f117204a700   Options.memtable_huge_page_size: 0
2019/07/06-17:47:22.540074 7f117204a700                           Options.bloom_locality: 0
2019/07/06-17:47:22.540075 7f117204a700                    Options.max_successive_merges: 0
2019/07/06-17:47:22.540076 7f117204a700                Options.optimize_filters_for_hits: 0
2019/07/06-17:47:22.540077 7f117204a700                Options.paranoid_file_checks: 0
2019/07/06-17:47:22.540077 7f117204a700                Options.force_consistency_checks: 0
2019/07/06-17:47:22.540078 7f117204a700                Options.report_bg_io_stats: 0
2019/07/06-17:47:22.540079 7f117204a700                               Options.ttl: 0
2019/07/06-17:47:22.541063 7f117204a700 [db/column_family.cc:475] --------------- Options for column family [usertable]:
2019/07/06-17:47:22.541066 7f117204a700               Options.comparator: leveldb.BytewiseComparator
2019/07/06-17:47:22.541067 7f117204a700           Options.merge_operator: None
2019/07/06-17:47:22.541068 7f117204a700        Options.compaction_filter: None
2019/07/06-17:47:22.541069 7f117204a700        Options.compaction_filter_factory: None
2019/07/06-17:47:22.541070 7f117204a700         Options.memtable_factory: SkipListFactory
2019/07/06-17:47:22.541071 7f117204a700            Options.table_factory: BlockBasedTable
2019/07/06-17:47:22.541098 7f117204a700            table_factory options:   flush_block_policy_factory: FlushBlockBySizePolicyFactory (0x7f110c3ca760)
  cache_index_and_filter_blocks: 0
  cache_index_and_filter_blocks_with_high_priority: 0
  pin_l0_filter_and_index_blocks_in_cache: 0
  index_type: 0
  hash_index_allow_collision: 1
  checksum: 1
  no_block_cache: 0
  block_cache: 0x7f110c3ce010
  block_cache_name: LRUCache
  block_cache_options:
    capacity : 8388608
    num_shard_bits : 4
    strict_capacity_limit : 0
    high_pri_pool_ratio: 0.000
  block_cache_compressed: (nil)
  persistent_cache: (nil)
  block_size: 8192
  block_size_deviation: 10
  block_restart_interval: 16
  index_block_restart_interval: 1
  metadata_block_size: 4096
  partition_filters: 0
  use_delta_encoding: 1
  filter_policy: nullptr
  whole_key_filtering: 1
  verify_compression: 0
  read_amp_bytes_per_bit: 0
  format_version: 2
  enable_index_compression: 1
  block_align: 0
2019/07/06-17:47:22.541113 7f117204a700        Options.write_buffer_size: 134217728
2019/07/06-17:47:22.541114 7f117204a700  Options.max_write_buffer_number: 24
2019/07/06-17:47:22.541115 7f117204a700        Options.compression[0]: NoCompression
2019/07/06-17:47:22.541117 7f117204a700        Options.compression[1]: NoCompression
2019/07/06-17:47:22.541118 7f117204a700        Options.compression[2]: LZ4
2019/07/06-17:47:22.541119 7f117204a700        Options.compression[3]: LZ4
2019/07/06-17:47:22.541120 7f117204a700        Options.compression[4]: LZ4
2019/07/06-17:47:22.541121 7f117204a700        Options.compression[5]: LZ4
2019/07/06-17:47:22.541122 7f117204a700        Options.compression[6]: LZ4
2019/07/06-17:47:22.541123 7f117204a700                  Options.bottommost_compression: Disabled
2019/07/06-17:47:22.541124 7f117204a700       Options.prefix_extractor: nullptr
2019/07/06-17:47:22.541125 7f117204a700   Options.memtable_insert_with_hint_prefix_extractor: nullptr
2019/07/06-17:47:22.541126 7f117204a700             Options.num_levels: 7
2019/07/06-17:47:22.541127 7f117204a700        Options.min_write_buffer_number_to_merge: 2
2019/07/06-17:47:22.541127 7f117204a700     Options.max_write_buffer_number_to_maintain: 0
2019/07/06-17:47:22.541128 7f117204a700            Options.compression_opts.window_bits: -14
2019/07/06-17:47:22.541129 7f117204a700                  Options.compression_opts.level: -1
2019/07/06-17:47:22.541130 7f117204a700               Options.compression_opts.strategy: 0
2019/07/06-17:47:22.541131 7f117204a700         Options.compression_opts.max_dict_bytes: 0
2019/07/06-17:47:22.541132 7f117204a700         Options.compression_opts.zstd_max_train_bytes: 0
2019/07/06-17:47:22.541133 7f117204a700      Options.level0_file_num_compaction_trigger: 2
2019/07/06-17:47:22.541133 7f117204a700          Options.level0_slowdown_writes_trigger: 20
2019/07/06-17:47:22.541134 7f117204a700              Options.level0_stop_writes_trigger: 36
2019/07/06-17:47:22.541135 7f117204a700                   Options.target_file_size_base: 67108864
2019/07/06-17:47:22.541136 7f117204a700             Options.target_file_size_multiplier: 1
2019/07/06-17:47:22.541137 7f117204a700                Options.max_bytes_for_level_base: 536870912
2019/07/06-17:47:22.541138 7f117204a700 Options.level_compaction_dynamic_level_bytes: 0
2019/07/06-17:47:22.541139 7f117204a700          Options.max_bytes_for_level_multiplier: 10.000000
2019/07/06-17:47:22.541141 7f117204a700 Options.max_bytes_for_level_multiplier_addtl[0]: 1
2019/07/06-17:47:22.541142 7f117204a700 Options.max_bytes_for_level_multiplier_addtl[1]: 1
2019/07/06-17:47:22.541142 7f117204a700 Options.max_bytes_for_level_multiplier_addtl[2]: 1
2019/07/06-17:47:22.541143 7f117204a700 Options.max_bytes_for_level_multiplier_addtl[3]: 1
2019/07/06-17:47:22.541144 7f117204a700 Options.max_bytes_for_level_multiplier_addtl[4]: 1
2019/07/06-17:47:22.541145 7f117204a700 Options.max_bytes_for_level_multiplier_addtl[5]: 1
2019/07/06-17:47:22.541146 7f117204a700 Options.max_bytes_for_level_multiplier_addtl[6]: 1
2019/07/06-17:47:22.541147 7f117204a700       Options.max_sequential_skip_in_iterations: 8
2019/07/06-17:47:22.541148 7f117204a700                    Options.max_compaction_bytes: 1677721600
2019/07/06-17:47:22.541149 7f117204a700                        Options.arena_block_size: 16777216
2019/07/06-17:47:22.541149 7f117204a700   Options.soft_pending_compaction_bytes_limit: 68719476736
2019/07/06-17:47:22.541150 7f117204a700   Options.hard_pending_compaction_bytes_limit: 274877906944
2019/07/06-17:47:22.541151 7f117204a700       Options.rate_limit_delay_max_milliseconds: 100
2019/07/06-17:47:22.541152 7f117204a700                Options.disable_auto_compactions: 0
2019/07/06-17:47:22.541153 7f117204a700                        Options.compaction_style: kCompactionStyleLevel
2019/07/06-17:47:22.541160 7f117204a700                          Options.compaction_pri: kByCompensatedSize
2019/07/06-17:47:22.541161 7f117204a700 Options.compaction_options_universal.size_ratio: 1
2019/07/06-17:47:22.541162 7f117204a700 Options.compaction_options_universal.min_merge_width: 2
2019/07/06-17:47:22.541163 7f117204a700 Options.compaction_options_universal.max_merge_width: 4294967295
2019/07/06-17:47:22.541164 7f117204a700 Options.compaction_options_universal.max_size_amplification_percent: 200
2019/07/06-17:47:22.541165 7f117204a700 Options.compaction_options_universal.compression_size_percent: -1
2019/07/06-17:47:22.541166 7f117204a700 Options.compaction_options_universal.stop_style: kCompactionStopStyleTotalSize
2019/07/06-17:47:22.541167 7f117204a700 Options.compaction_options_fifo.max_table_files_size: 1073741824
2019/07/06-17:47:22.541168 7f117204a700 Options.compaction_options_fifo.allow_compaction: 0
2019/07/06-17:47:22.541169 7f117204a700 Options.compaction_options_fifo.ttl: 0
2019/07/06-17:47:22.541169 7f117204a700                   Options.table_properties_collectors: 
2019/07/06-17:47:22.541170 7f117204a700                   Options.inplace_update_support: 0
2019/07/06-17:47:22.541171 7f117204a700                 Options.inplace_update_num_locks: 10000
2019/07/06-17:47:22.541172 7f117204a700               Options.memtable_prefix_bloom_size_ratio: 0.000000
2019/07/06-17:47:22.541173 7f117204a700   Options.memtable_huge_page_size: 0
2019/07/06-17:47:22.541174 7f117204a700                           Options.bloom_locality: 0
2019/07/06-17:47:22.541175 7f117204a700                    Options.max_successive_merges: 0
2019/07/06-17:47:22.541176 7f117204a700                Options.optimize_filters_for_hits: 0
2019/07/06-17:47:22.541177 7f117204a700                Options.paranoid_file_checks: 0
2019/07/06-17:47:22.541178 7f117204a700                Options.force_consistency_checks: 0
2019/07/06-17:47:22.541179 7f117204a700                Options.report_bg_io_stats: 0
2019/07/06-17:47:22.541179 7f117204a700                               Options.ttl: 0
2019/07/06-17:47:23.122957 7f117204a700 [db/version_set.cc:3361] Recovered from manifest file:/mnt/sdb/ycsb-rocksdb-data/MANIFEST-000004 succeeded,manifest_file_number is 4, next_file_number is 1324, last_sequence is 10441909, log_number is 0,prev_log_number is 0,max_column_family is 1,min_log_number_to_keep is 0
2019/07/06-17:47:23.122969 7f117204a700 [db/version_set.cc:3369] Column family [default] (ID 0), log number is 0
2019/07/06-17:47:23.122971 7f117204a700 [db/version_set.cc:3369] Column family [usertable] (ID 1), log number is 1317
2019/07/06-17:47:23.125022 7f117204a700 EVENT_LOG_v1 {"time_micros": 1562460443124996, "job": 1, "event": "recovery_started", "log_files": [1317]}
2019/07/06-17:47:23.125031 7f117204a700 [db/db_impl_open.cc:551] Recovering log #1317 mode 2
2019/07/06-17:47:23.528290 7f117204a700 [db/version_set.cc:2847] Creating manifest 1324
2019/07/06-17:47:23.904273 7f117204a700 EVENT_LOG_v1 {"time_micros": 1562460443904241, "cf_name": "usertable", "job": 1, "event": "table_file_creation", "file_number": 1325, "file_size": 82932004, "table_properties": {"data_size": 82563089, "index_size": 367993, "filter_size": 0, "raw_key_size": 480600, "raw_average_key_size": 24, "raw_value_size": 82022400, "raw_average_value_size": 4096, "num_data_blocks": 10013, "num_entries": 20025, "filter_policy_name": "", "kDeletedKeys": "0", "kMergeOperands": "0"}}
2019/07/06-17:47:23.924173 7f117204a700 EVENT_LOG_v1 {"time_micros": 1562460443924159, "job": 1, "event": "recovery_finished"}
2019/07/06-17:47:23.966354 7f117204a700 [db/db_impl_open.cc:1219] DB pointer 0x7f110c3c4c70
2019/07/06-17:47:23.966660 7f1170e94700 [WARN] [db/db_impl.cc:491] ------- DUMPING STATS -------
2019/07/06-17:47:23.966706 7f1170e94700 [WARN] [db/db_impl.cc:492] 
** DB Stats **
Uptime(secs): 1.4 total, 1.4 interval
Cumulative writes: 0 writes, 0 keys, 0 commit groups, 0.0 writes per commit group, ingest: 0.00 GB, 0.00 MB/s
Cumulative WAL: 0 writes, 0 syncs, 0.00 writes per sync, written: 0.00 GB, 0.00 MB/s
Cumulative stall: 00:00:0.000 H:M:S, 0.0 percent
Interval writes: 0 writes, 0 keys, 0 commit groups, 0.0 writes per commit group, ingest: 0.00 MB, 0.00 MB/s
Interval WAL: 0 writes, 0 syncs, 0.00 writes per sync, written: 0.00 MB, 0.00 MB/s
Interval stall: 00:00:0.000 H:M:S, 0.0 percent

** Compaction Stats [default] **
Level    Files   Size     Score Read(GB)  Rn(GB) Rnp1(GB) Write(GB) Wnew(GB) Moved(GB) W-Amp Rd(MB/s) Wr(MB/s) Comp(sec) Comp(cnt) Avg(sec) KeyIn KeyDrop
----------------------------------------------------------------------------------------------------------------------------------------------------------
 Sum      0/0    0.00 KB   0.0      0.0     0.0      0.0       0.0      0.0       0.0   0.0      0.0      0.0         0         0    0.000       0      0
 Int      0/0    0.00 KB   0.0      0.0     0.0      0.0       0.0      0.0       0.0   0.0      0.0      0.0         0         0    0.000       0      0
Uptime(secs): 1.4 total, 1.4 interval
Flush(GB): cumulative 0.000, interval 0.000
AddFile(GB): cumulative 0.000, interval 0.000
AddFile(Total Files): cumulative 0, interval 0
AddFile(L0 Files): cumulative 0, interval 0
AddFile(Keys): cumulative 0, interval 0
Cumulative compaction: 0.00 GB write, 0.00 MB/s write, 0.00 GB read, 0.00 MB/s read, 0.0 seconds
Interval compaction: 0.00 GB write, 0.00 MB/s write, 0.00 GB read, 0.00 MB/s read, 0.0 seconds
Stalls(count): 0 level0_slowdown, 0 level0_slowdown_with_compaction, 0 level0_numfiles, 0 level0_numfiles_with_compaction, 0 stop for pending_compaction_bytes, 0 slowdown for pending_compaction_bytes, 0 memtable_compaction, 0 memtable_slowdown, interval 0 total count

** File Read Latency Histogram By Level [default] **

** Compaction Stats [usertable] **
Level    Files   Size     Score Read(GB)  Rn(GB) Rnp1(GB) Write(GB) Wnew(GB) Moved(GB) W-Amp Rd(MB/s) Wr(MB/s) Comp(sec) Comp(cnt) Avg(sec) KeyIn KeyDrop
----------------------------------------------------------------------------------------------------------------------------------------------------------
  L0      2/0   281.28 MB   1.0      0.0     0.0      0.0       0.1      0.1       0.0   1.0      0.0    252.0         0         1    0.314       0      0
  L1      8/0   448.68 MB   0.9      0.0     0.0      0.0       0.0      0.0       0.0   0.0      0.0      0.0         0         0    0.000       0      0
  L2    168/0    4.96 GB   1.0      0.0     0.0      0.0       0.0      0.0       0.0   0.0      0.0      0.0         0         0    0.000       0      0
  L3    551/0   34.50 GB   0.7      0.0     0.0      0.0       0.0      0.0       0.0   0.0      0.0      0.0         0         0    0.000       0      0
 Sum    729/0   40.18 GB   0.0      0.0     0.0      0.0       0.1      0.1       0.0   1.0      0.0    252.0         0         1    0.314       0      0
 Int      0/0    0.00 KB   0.0      0.0     0.0      0.0       0.1      0.1       0.0   1.0      0.0    252.0         0         1    0.314       0      0
Uptime(secs): 1.4 total, 1.4 interval
Flush(GB): cumulative 0.077, interval 0.077
AddFile(GB): cumulative 0.000, interval 0.000
AddFile(Total Files): cumulative 0, interval 0
AddFile(L0 Files): cumulative 0, interval 0
AddFile(Keys): cumulative 0, interval 0
Cumulative compaction: 0.08 GB write, 55.48 MB/s write, 0.00 GB read, 0.00 MB/s read, 0.3 seconds
Interval compaction: 0.08 GB write, 55.48 MB/s write, 0.00 GB read, 0.00 MB/s read, 0.3 seconds
Stalls(count): 0 level0_slowdown, 0 level0_slowdown_with_compaction, 0 level0_numfiles, 0 level0_numfiles_with_compaction, 0 stop for pending_compaction_bytes, 0 slowdown for pending_compaction_bytes, 0 memtable_compaction, 0 memtable_slowdown, interval 0 total count

** File Read Latency Histogram By Level [usertable] **

** Compaction Stats [default] **
Level    Files   Size     Score Read(GB)  Rn(GB) Rnp1(GB) Write(GB) Wnew(GB) Moved(GB) W-Amp Rd(MB/s) Wr(MB/s) Comp(sec) Comp(cnt) Avg(sec) KeyIn KeyDrop
----------------------------------------------------------------------------------------------------------------------------------------------------------
 Sum      0/0    0.00 KB   0.0      0.0     0.0      0.0       0.0      0.0       0.0   0.0      0.0      0.0         0         0    0.000       0      0
 Int      0/0    0.00 KB   0.0      0.0     0.0      0.0       0.0      0.0       0.0   0.0      0.0      0.0         0         0    0.000       0      0
Uptime(secs): 1.4 total, 0.0 interval
Flush(GB): cumulative 0.000, interval 0.000
AddFile(GB): cumulative 0.000, interval 0.000
AddFile(Total Files): cumulative 0, interval 0
AddFile(L0 Files): cumulative 0, interval 0
AddFile(Keys): cumulative 0, interval 0
Cumulative compaction: 0.00 GB write, 0.00 MB/s write, 0.00 GB read, 0.00 MB/s read, 0.0 seconds
Interval compaction: 0.00 GB write, 0.00 MB/s write, 0.00 GB read, 0.00 MB/s read, 0.0 seconds
Stalls(count): 0 level0_slowdown, 0 level0_slowdown_with_compaction, 0 level0_numfiles, 0 level0_numfiles_with_compaction, 0 stop for pending_compaction_bytes, 0 slowdown for pending_compaction_bytes, 0 memtable_compaction, 0 memtable_slowdown, interval 0 total count

** File Read Latency Histogram By Level [default] **

** Compaction Stats [usertable] **
Level    Files   Size     Score Read(GB)  Rn(GB) Rnp1(GB) Write(GB) Wnew(GB) Moved(GB) W-Amp Rd(MB/s) Wr(MB/s) Comp(sec) Comp(cnt) Avg(sec) KeyIn KeyDrop
----------------------------------------------------------------------------------------------------------------------------------------------------------
  L0      2/0   281.28 MB   1.0      0.0     0.0      0.0       0.1      0.1       0.0   1.0      0.0    252.0         0         1    0.314       0      0
  L1      8/0   448.68 MB   0.9      0.0     0.0      0.0       0.0      0.0       0.0   0.0      0.0      0.0         0         0    0.000       0      0
  L2    168/0    4.96 GB   1.0      0.0     0.0      0.0       0.0      0.0       0.0   0.0      0.0      0.0         0         0    0.000       0      0
  L3    551/0   34.50 GB   0.7      0.0     0.0      0.0       0.0      0.0       0.0   0.0      0.0      0.0         0         0    0.000       0      0
 Sum    729/0   40.18 GB   0.0      0.0     0.0      0.0       0.1      0.1       0.0   1.0      0.0    252.0         0         1    0.314       0      0
 Int      0/0    0.00 KB   0.0      0.0     0.0      0.0       0.0      0.0       0.0   0.0      0.0      0.0         0         0    0.000       0      0
Uptime(secs): 1.4 total, 0.0 interval
Flush(GB): cumulative 0.077, interval 0.000
AddFile(GB): cumulative 0.000, interval 0.000
AddFile(Total Files): cumulative 0, interval 0
AddFile(L0 Files): cumulative 0, interval 0
AddFile(Keys): cumulative 0, interval 0
Cumulative compaction: 0.08 GB write, 55.48 MB/s write, 0.00 GB read, 0.00 MB/s read, 0.3 seconds
Interval compaction: 0.00 GB write, 0.00 MB/s write, 0.00 GB read, 0.00 MB/s read, 0.0 seconds
Stalls(count): 0 level0_slowdown, 0 level0_slowdown_with_compaction, 0 level0_numfiles, 0 level0_numfiles_with_compaction, 0 stop for pending_compaction_bytes, 0 slowdown for pending_compaction_bytes, 0 memtable_compaction, 0 memtable_slowdown, interval 0 total count

** File Read Latency Histogram By Level [usertable] **
2019/07/06-17:47:23.983795 7f1170e94700 (Original Log Time 2019/07/06-17:47:23.966836) [db/db_impl_compaction_flush.cc:1835] [usertable] Moving #1318 to level-1 212006643 bytes
2019/07/06-17:47:23.983801 7f1170e94700 (Original Log Time 2019/07/06-17:47:23.983699) EVENT_LOG_v1 {"time_micros": 1562460443983683, "job": 3, "event": "trivial_move", "destination_level": 1, "files": 1, "total_files_size": 212006643}
2019/07/06-17:47:23.983802 7f1170e94700 (Original Log Time 2019/07/06-17:47:23.983713) [db/db_impl_compaction_flush.cc:1864] [usertable] Moved #1 files to level-1 212006643 bytes OK: base level 1 max bytes base 536870912 files[1 9 168 551 0 0 0] max score 1.27
2019/07/06-17:47:23.983976 7f1128ffe700 [db/compaction_job.cc:1531] [usertable] [JOB 4] Compacting 1@1 files to L2, score 1.27
2019/07/06-17:47:23.983991 7f1128ffe700 [db/compaction_job.cc:1535] [usertable] Compaction start summary: Base version 6 Base level 1, inputs: [1318(202MB)]
2019/07/06-17:47:23.984033 7f1128ffe700 EVENT_LOG_v1 {"time_micros": 1562460443984004, "job": 4, "event": "compaction_started", "compaction_reason": "LevelMaxLevelSize", "files_L1": [1318], "score": 1.27122, "input_data_size": 212006643}
2019/07/06-17:47:24.910308 7f1128ffe700 [db/compaction_job.cc:1211] [usertable] [JOB 4] Generated table #1329: 16279 keys, 67233369 bytes
2019/07/06-17:47:24.910386 7f1128ffe700 EVENT_LOG_v1 {"time_micros": 1562460444910365, "cf_name": "usertable", "job": 4, "event": "table_file_creation", "file_number": 1329, "file_size": 67233369, "table_properties": {"data_size": 67118331, "index_size": 299106, "filter_size": 0, "raw_key_size": 390696, "raw_average_key_size": 24, "raw_value_size": 66678784, "raw_average_value_size": 4096, "num_data_blocks": 8140, "num_entries": 16279, "filter_policy_name": "", "kDeletedKeys": "0", "kMergeOperands": "0"}}
2019/07/06-17:47:26.253634 7f1128ffe700 [db/compaction_job.cc:1211] [usertable] [JOB 4] Generated table #1330: 16279 keys, 67233553 bytes
2019/07/06-17:47:26.253682 7f1128ffe700 EVENT_LOG_v1 {"time_micros": 1562460446253661, "cf_name": "usertable", "job": 4, "event": "table_file_creation", "file_number": 1330, "file_size": 67233553, "table_properties": {"data_size": 67120138, "index_size": 300916, "filter_size": 0, "raw_key_size": 390696, "raw_average_key_size": 24, "raw_value_size": 66678784, "raw_average_value_size": 4096, "num_data_blocks": 8140, "num_entries": 16279, "filter_policy_name": "", "kDeletedKeys": "0", "kMergeOperands": "0"}}
2019/07/06-17:47:27.471564 7f1128ffe700 [db/compaction_job.cc:1211] [usertable] [JOB 4] Generated table #1331: 16279 keys, 67233380 bytes
2019/07/06-17:47:27.471617 7f1128ffe700 EVENT_LOG_v1 {"time_micros": 1562460447471595, "cf_name": "usertable", "job": 4, "event": "table_file_creation", "file_number": 1331, "file_size": 67233380, "table_properties": {"data_size": 67118331, "index_size": 299109, "filter_size": 0, "raw_key_size": 390696, "raw_average_key_size": 24, "raw_value_size": 66678784, "raw_average_value_size": 4096, "num_data_blocks": 8140, "num_entries": 16279, "filter_policy_name": "", "kDeletedKeys": "0", "kMergeOperands": "0"}}
2019/07/06-17:47:27.617425 7f1128ffe700 [db/compaction_job.cc:1211] [usertable] [JOB 4] Generated table #1332: 2355 keys, 9727228 bytes
2019/07/06-17:47:27.617470 7f1128ffe700 EVENT_LOG_v1 {"time_micros": 1562460447617451, "cf_name": "usertable", "job": 4, "event": "table_file_creation", "file_number": 1332, "file_size": 9727228, "table_properties": {"data_size": 9709941, "index_size": 43322, "filter_size": 0, "raw_key_size": 56520, "raw_average_key_size": 24, "raw_value_size": 9646080, "raw_average_value_size": 4096, "num_data_blocks": 1178, "num_entries": 2355, "filter_policy_name": "", "kDeletedKeys": "0", "kMergeOperands": "0"}}
2019/07/06-17:47:27.617524 7f1128ffe700 [db/compaction_job.cc:1287] [usertable] [JOB 4] Compacted 1@1 files to L2 => 211427530 bytes
2019/07/06-17:47:27.635315 7f1128ffe700 (Original Log Time 2019/07/06-17:47:27.635187) [db/compaction_job.cc:685] [usertable] compacted to: base level 1 max bytes base 536870912 files[1 8 172 551 0 0 0] max score 1.03, MB/sec: 58.3 rd, 58.2 wr, level 2, files in(1, 0) out(4) MB in(202.2, 0.0) out(201.6), read-write-amplify(2.0) write-amplify(1.0) OK, records in: 51192, records dropped: 0 output_compression: LZ4
2019/07/06-17:47:27.635321 7f1128ffe700 (Original Log Time 2019/07/06-17:47:27.635227) EVENT_LOG_v1 {"time_micros": 1562460447635213, "job": 4, "event": "compaction_finished", "compaction_time_micros": 3633452, "output_level": 2, "num_output_files": 4, "total_output_size": 211427530, "num_input_records": 51192, "num_output_records": 51192, "num_subcompactions": 1, "output_compression": "LZ4", "num_single_delete_mismatches": 0, "num_single_delete_fallthrough": 0, "lsm_state": [1, 8, 172, 551, 0, 0, 0]}
2019/07/06-17:47:27.654985 7f1107fff700 (Original Log Time 2019/07/06-17:47:27.635537) [db/db_impl_compaction_flush.cc:1835] [usertable] Moving #1330 to level-3 67233553 bytes
2019/07/06-17:47:27.654991 7f1107fff700 (Original Log Time 2019/07/06-17:47:27.654905) EVENT_LOG_v1 {"time_micros": 1562460447654894, "job": 5, "event": "trivial_move", "destination_level": 3, "files": 1, "total_files_size": 67233553}
2019/07/06-17:47:27.654993 7f1107fff700 (Original Log Time 2019/07/06-17:47:27.654918) [db/db_impl_compaction_flush.cc:1864] [usertable] Moved #1 files to level-3 67233553 bytes OK: base level 1 max bytes base 536870912 files[1 8 171 552 0 0 0] max score 1.02
2019/07/06-17:47:27.671912 7f1107fff700 EVENT_LOG_v1 {"time_micros": 1562460447671899, "job": 5, "event": "table_file_deletion", "file_number": 1318}
2019/07/06-17:47:27.690356 7f1107fff700 (Original Log Time 2019/07/06-17:47:27.672092) [db/db_impl_compaction_flush.cc:1835] [usertable] Moving #1331 to level-3 67233380 bytes
2019/07/06-17:47:27.690361 7f1107fff700 (Original Log Time 2019/07/06-17:47:27.690276) EVENT_LOG_v1 {"time_micros": 1562460447690262, "job": 6, "event": "trivial_move", "destination_level": 3, "files": 1, "total_files_size": 67233380}
2019/07/06-17:47:27.690363 7f1107fff700 (Original Log Time 2019/07/06-17:47:27.690291) [db/db_impl_compaction_flush.cc:1864] [usertable] Moved #1 files to level-3 67233380 bytes OK: base level 1 max bytes base 536870912 files[1 8 170 553 0 0 0] max score 1.01
2019/07/06-17:47:27.711507 7f1106ffd700 (Original Log Time 2019/07/06-17:47:27.690574) [db/db_impl_compaction_flush.cc:1835] [usertable] Moving #1329 to level-3 67233369 bytes
2019/07/06-17:47:27.711515 7f1106ffd700 (Original Log Time 2019/07/06-17:47:27.710785) EVENT_LOG_v1 {"time_micros": 1562460447710773, "job": 7, "event": "trivial_move", "destination_level": 3, "files": 1, "total_files_size": 67233369}
2019/07/06-17:47:27.711518 7f1106ffd700 (Original Log Time 2019/07/06-17:47:27.710804) [db/db_impl_compaction_flush.cc:1864] [usertable] Moved #1 files to level-3 67233369 bytes OK: base level 1 max bytes base 536870912 files[1 8 169 554 0 0 0] max score 0.99
2019/07/06-17:47:28.624842 7f11046f7700 [db/db_impl_write.cc:1373] [usertable] New memtable created with log file: #1333. Immutable memtables: 0.
2019/07/06-17:47:31.960581 7f11044f5700 [db/db_impl_write.cc:1373] [usertable] New memtable created with log file: #1334. Immutable memtables: 1.
2019/07/06-17:47:31.960849 7f10467fc700 [db/db_impl_compaction_flush.cc:80] [JOB 8] Syncing log #1326
2019/07/06-17:47:32.524401 7f10467fc700 [db/db_impl_compaction_flush.cc:80] [JOB 8] Syncing log #1333
2019/07/06-17:47:33.001787 7f10467fc700 (Original Log Time 2019/07/06-17:47:31.960791) [db/db_impl_compaction_flush.cc:1424] Calling FlushMemTableToOutputFile with column family [usertable], flush slots available 24, compaction slots available 1, flush slots scheduled 1, compaction slots scheduled 0
2019/07/06-17:47:33.001811 7f10467fc700 [db/flush_job.cc:301] [usertable] [JOB 8] Flushing memtable with next log file: 1333
2019/07/06-17:47:33.001823 7f10467fc700 [db/flush_job.cc:301] [usertable] [JOB 8] Flushing memtable with next log file: 1334
