2019/04/20-19:51:06.095611 7feb18ce1700 RocksDB version: 5.14.3
2019/04/20-19:51:06.095654 7feb18ce1700 Git sha rocksdb_build_git_sha:
2019/04/20-19:51:06.095658 7feb18ce1700 Compile date Oct  9 2018
2019/04/20-19:51:06.095667 7feb18ce1700 DB SUMMARY
2019/04/20-19:51:06.096472 7feb18ce1700 CURRENT file:  CURRENT
2019/04/20-19:51:06.096476 7feb18ce1700 IDENTITY file:  IDENTITY
2019/04/20-19:51:06.096492 7feb18ce1700 MANIFEST file:  MANIFEST-000004 size: 131778 Bytes
2019/04/20-19:51:06.096496 7feb18ce1700 SST files in /mnt/sdb/ycsb-rocksdb-data dir, Total Num: 759, files: 000021.sst 000022.sst 000023.sst 000024.sst 000028.sst 000029.sst 000030.sst 000031.sst 000035.sst 
2019/04/20-19:51:06.096502 7feb18ce1700 Write Ahead Log file in /mnt/sdb/ycsb-rocksdb-data: 001356.log size: 91763091 ; 
2019/04/20-19:51:06.096531 7feb18ce1700                         Options.error_if_exists: 0
2019/04/20-19:51:06.096532 7feb18ce1700                       Options.create_if_missing: 1
2019/04/20-19:51:06.096533 7feb18ce1700                         Options.paranoid_checks: 1
2019/04/20-19:51:06.096534 7feb18ce1700                                     Options.env: 0x7feb189ca080
2019/04/20-19:51:06.096535 7feb18ce1700                                Options.info_log: 0x7fea6c3d5b60
2019/04/20-19:51:06.096536 7feb18ce1700                Options.max_file_opening_threads: 16
2019/04/20-19:51:06.096537 7feb18ce1700                              Options.statistics: (nil)
2019/04/20-19:51:06.096538 7feb18ce1700                               Options.use_fsync: 0
2019/04/20-19:51:06.096539 7feb18ce1700                       Options.max_log_file_size: 0
2019/04/20-19:51:06.096540 7feb18ce1700                  Options.max_manifest_file_size: 18446744073709551615
2019/04/20-19:51:06.096542 7feb18ce1700                   Options.log_file_time_to_roll: 0
2019/04/20-19:51:06.096543 7feb18ce1700                       Options.keep_log_file_num: 1000
2019/04/20-19:51:06.096544 7feb18ce1700                    Options.recycle_log_file_num: 0
2019/04/20-19:51:06.096545 7feb18ce1700                         Options.allow_fallocate: 1
2019/04/20-19:51:06.096546 7feb18ce1700                        Options.allow_mmap_reads: 0
2019/04/20-19:51:06.096546 7feb18ce1700                       Options.allow_mmap_writes: 0
2019/04/20-19:51:06.096547 7feb18ce1700                        Options.use_direct_reads: 0
2019/04/20-19:51:06.096548 7feb18ce1700                        Options.use_direct_io_for_flush_and_compaction: 0
2019/04/20-19:51:06.096550 7feb18ce1700          Options.create_missing_column_families: 1
2019/04/20-19:51:06.096551 7feb18ce1700                              Options.db_log_dir: 
2019/04/20-19:51:06.096552 7feb18ce1700                                 Options.wal_dir: /mnt/sdb/ycsb-rocksdb-data
2019/04/20-19:51:06.096553 7feb18ce1700                Options.table_cache_numshardbits: 6
2019/04/20-19:51:06.096554 7feb18ce1700                      Options.max_subcompactions: 4
2019/04/20-19:51:06.096555 7feb18ce1700                  Options.max_background_flushes: 24
2019/04/20-19:51:06.096556 7feb18ce1700                         Options.WAL_ttl_seconds: 0
2019/04/20-19:51:06.096557 7feb18ce1700                       Options.WAL_size_limit_MB: 0
2019/04/20-19:51:06.096558 7feb18ce1700             Options.manifest_preallocation_size: 4194304
2019/04/20-19:51:06.096559 7feb18ce1700                     Options.is_fd_close_on_exec: 1
2019/04/20-19:51:06.096560 7feb18ce1700                   Options.advise_random_on_open: 1
2019/04/20-19:51:06.096561 7feb18ce1700                    Options.db_write_buffer_size: 0
2019/04/20-19:51:06.096562 7feb18ce1700                    Options.write_buffer_manager: 0x7fea6c3d6420
2019/04/20-19:51:06.096563 7feb18ce1700         Options.access_hint_on_compaction_start: 1
2019/04/20-19:51:06.096564 7feb18ce1700  Options.new_table_reader_for_compaction_inputs: 0
2019/04/20-19:51:06.096565 7feb18ce1700           Options.random_access_max_buffer_size: 1048576
2019/04/20-19:51:06.096566 7feb18ce1700                      Options.use_adaptive_mutex: 0
2019/04/20-19:51:06.096566 7feb18ce1700                            Options.rate_limiter: (nil)
2019/04/20-19:51:06.096582 7feb18ce1700     Options.sst_file_manager.rate_bytes_per_sec: 0
2019/04/20-19:51:06.096584 7feb18ce1700                       Options.wal_recovery_mode: 2
2019/04/20-19:51:06.096585 7feb18ce1700                  Options.enable_thread_tracking: 0
2019/04/20-19:51:06.096586 7feb18ce1700                  Options.enable_pipelined_write: 1
2019/04/20-19:51:06.096587 7feb18ce1700         Options.allow_concurrent_memtable_write: 1
2019/04/20-19:51:06.096588 7feb18ce1700      Options.enable_write_thread_adaptive_yield: 1
2019/04/20-19:51:06.096589 7feb18ce1700             Options.write_thread_max_yield_usec: 100
2019/04/20-19:51:06.096590 7feb18ce1700            Options.write_thread_slow_yield_usec: 3
2019/04/20-19:51:06.096591 7feb18ce1700                               Options.row_cache: None
2019/04/20-19:51:06.096592 7feb18ce1700                              Options.wal_filter: None
2019/04/20-19:51:06.096593 7feb18ce1700             Options.avoid_flush_during_recovery: 0
2019/04/20-19:51:06.096594 7feb18ce1700             Options.allow_ingest_behind: 0
2019/04/20-19:51:06.096595 7feb18ce1700             Options.preserve_deletes: 0
2019/04/20-19:51:06.096596 7feb18ce1700             Options.two_write_queues: 0
2019/04/20-19:51:06.096597 7feb18ce1700             Options.manual_wal_flush: 0
2019/04/20-19:51:06.096599 7feb18ce1700             Options.max_background_jobs: 24
2019/04/20-19:51:06.096600 7feb18ce1700             Options.max_background_compactions: 24
2019/04/20-19:51:06.096601 7feb18ce1700             Options.avoid_flush_during_shutdown: 0
2019/04/20-19:51:06.096602 7feb18ce1700           Options.writable_file_max_buffer_size: 1048576
2019/04/20-19:51:06.096603 7feb18ce1700             Options.delayed_write_rate : 16777216
2019/04/20-19:51:06.096605 7feb18ce1700             Options.max_total_wal_size: 0
2019/04/20-19:51:06.096606 7feb18ce1700             Options.delete_obsolete_files_period_micros: 21600000000
2019/04/20-19:51:06.096607 7feb18ce1700                   Options.stats_dump_period_sec: 60
2019/04/20-19:51:06.096608 7feb18ce1700                          Options.max_open_files: -1
2019/04/20-19:51:06.096609 7feb18ce1700                          Options.bytes_per_sync: 1048576
2019/04/20-19:51:06.096610 7feb18ce1700                      Options.wal_bytes_per_sync: 0
2019/04/20-19:51:06.096611 7feb18ce1700       Options.compaction_readahead_size: 0
2019/04/20-19:51:06.096612 7feb18ce1700 Compression algorithms supported:
2019/04/20-19:51:06.096614 7feb18ce1700 	kZSTDNotFinalCompression supported: 1
2019/04/20-19:51:06.096623 7feb18ce1700 	kZSTD supported: 1
2019/04/20-19:51:06.096624 7feb18ce1700 	kXpressCompression supported: 0
2019/04/20-19:51:06.096626 7feb18ce1700 	kLZ4HCCompression supported: 1
2019/04/20-19:51:06.096627 7feb18ce1700 	kLZ4Compression supported: 1
2019/04/20-19:51:06.096628 7feb18ce1700 	kBZip2Compression supported: 1
2019/04/20-19:51:06.096629 7feb18ce1700 	kZlibCompression supported: 1
2019/04/20-19:51:06.096630 7feb18ce1700 	kSnappyCompression supported: 1
2019/04/20-19:51:06.096634 7feb18ce1700 Fast CRC32 supported: Not supported on x86
2019/04/20-19:51:06.097181 7feb18ce1700 [db/version_set.cc:3085] Recovering from manifest file: MANIFEST-000004
2019/04/20-19:51:06.097264 7feb18ce1700 [db/column_family.cc:475] --------------- Options for column family [default]:
2019/04/20-19:51:06.097268 7feb18ce1700               Options.comparator: leveldb.BytewiseComparator
2019/04/20-19:51:06.097270 7feb18ce1700           Options.merge_operator: None
2019/04/20-19:51:06.097271 7feb18ce1700        Options.compaction_filter: None
2019/04/20-19:51:06.097272 7feb18ce1700        Options.compaction_filter_factory: None
2019/04/20-19:51:06.097273 7feb18ce1700         Options.memtable_factory: SkipListFactory
2019/04/20-19:51:06.097274 7feb18ce1700            Options.table_factory: BlockBasedTable
2019/04/20-19:51:06.097297 7feb18ce1700            table_factory options:   flush_block_policy_factory: FlushBlockBySizePolicyFactory (0x7fea6c3c9da0)
  cache_index_and_filter_blocks: 0
  cache_index_and_filter_blocks_with_high_priority: 0
  pin_l0_filter_and_index_blocks_in_cache: 0
  index_type: 0
  hash_index_allow_collision: 1
  checksum: 1
  no_block_cache: 0
  block_cache: 0x7fea6c3c94e0
  block_cache_name: LRUCache
  block_cache_options:
    capacity : 8388608
    num_shard_bits : 4
    strict_capacity_limit : 0
    high_pri_pool_ratio: 0.000
  block_cache_compressed: (nil)
  persistent_cache: (nil)
  block_size: 8192
  block_size_deviation: 10
  block_restart_interval: 16
  index_block_restart_interval: 1
  metadata_block_size: 4096
  partition_filters: 0
  use_delta_encoding: 1
  filter_policy: nullptr
  whole_key_filtering: 1
  verify_compression: 0
  read_amp_bytes_per_bit: 0
  format_version: 2
  enable_index_compression: 1
  block_align: 0
2019/04/20-19:51:06.097311 7feb18ce1700        Options.write_buffer_size: 134217728
2019/04/20-19:51:06.097313 7feb18ce1700  Options.max_write_buffer_number: 24
2019/04/20-19:51:06.097315 7feb18ce1700        Options.compression[0]: NoCompression
2019/04/20-19:51:06.097316 7feb18ce1700        Options.compression[1]: NoCompression
2019/04/20-19:51:06.097318 7feb18ce1700        Options.compression[2]: LZ4
2019/04/20-19:51:06.097319 7feb18ce1700        Options.compression[3]: LZ4
2019/04/20-19:51:06.097320 7feb18ce1700        Options.compression[4]: LZ4
2019/04/20-19:51:06.097321 7feb18ce1700        Options.compression[5]: LZ4
2019/04/20-19:51:06.097322 7feb18ce1700        Options.compression[6]: LZ4
2019/04/20-19:51:06.097323 7feb18ce1700                  Options.bottommost_compression: Disabled
2019/04/20-19:51:06.097325 7feb18ce1700       Options.prefix_extractor: nullptr
2019/04/20-19:51:06.097326 7feb18ce1700   Options.memtable_insert_with_hint_prefix_extractor: nullptr
2019/04/20-19:51:06.097327 7feb18ce1700             Options.num_levels: 7
2019/04/20-19:51:06.097328 7feb18ce1700        Options.min_write_buffer_number_to_merge: 2
2019/04/20-19:51:06.097329 7feb18ce1700     Options.max_write_buffer_number_to_maintain: 0
2019/04/20-19:51:06.097330 7feb18ce1700            Options.compression_opts.window_bits: -14
2019/04/20-19:51:06.097331 7feb18ce1700                  Options.compression_opts.level: -1
2019/04/20-19:51:06.097332 7feb18ce1700               Options.compression_opts.strategy: 0
2019/04/20-19:51:06.097333 7feb18ce1700         Options.compression_opts.max_dict_bytes: 0
2019/04/20-19:51:06.097334 7feb18ce1700         Options.compression_opts.zstd_max_train_bytes: 0
2019/04/20-19:51:06.097335 7feb18ce1700      Options.level0_file_num_compaction_trigger: 2
2019/04/20-19:51:06.097336 7feb18ce1700          Options.level0_slowdown_writes_trigger: 20
2019/04/20-19:51:06.097337 7feb18ce1700              Options.level0_stop_writes_trigger: 36
2019/04/20-19:51:06.097338 7feb18ce1700                   Options.target_file_size_base: 67108864
2019/04/20-19:51:06.097339 7feb18ce1700             Options.target_file_size_multiplier: 1
2019/04/20-19:51:06.097340 7feb18ce1700                Options.max_bytes_for_level_base: 536870912
2019/04/20-19:51:06.097341 7feb18ce1700 Options.level_compaction_dynamic_level_bytes: 0
2019/04/20-19:51:06.097342 7feb18ce1700          Options.max_bytes_for_level_multiplier: 10.000000
2019/04/20-19:51:06.097344 7feb18ce1700 Options.max_bytes_for_level_multiplier_addtl[0]: 1
2019/04/20-19:51:06.097346 7feb18ce1700 Options.max_bytes_for_level_multiplier_addtl[1]: 1
2019/04/20-19:51:06.097347 7feb18ce1700 Options.max_bytes_for_level_multiplier_addtl[2]: 1
2019/04/20-19:51:06.097348 7feb18ce1700 Options.max_bytes_for_level_multiplier_addtl[3]: 1
2019/04/20-19:51:06.097349 7feb18ce1700 Options.max_bytes_for_level_multiplier_addtl[4]: 1
2019/04/20-19:51:06.097350 7feb18ce1700 Options.max_bytes_for_level_multiplier_addtl[5]: 1
2019/04/20-19:51:06.097351 7feb18ce1700 Options.max_bytes_for_level_multiplier_addtl[6]: 1
2019/04/20-19:51:06.097351 7feb18ce1700       Options.max_sequential_skip_in_iterations: 8
2019/04/20-19:51:06.097352 7feb18ce1700                    Options.max_compaction_bytes: 1677721600
2019/04/20-19:51:06.097360 7feb18ce1700                        Options.arena_block_size: 16777216
2019/04/20-19:51:06.097361 7feb18ce1700   Options.soft_pending_compaction_bytes_limit: 68719476736
2019/04/20-19:51:06.097362 7feb18ce1700   Options.hard_pending_compaction_bytes_limit: 274877906944
2019/04/20-19:51:06.097364 7feb18ce1700       Options.rate_limit_delay_max_milliseconds: 100
2019/04/20-19:51:06.097365 7feb18ce1700                Options.disable_auto_compactions: 0
2019/04/20-19:51:06.097366 7feb18ce1700                        Options.compaction_style: kCompactionStyleLevel
2019/04/20-19:51:06.097368 7feb18ce1700                          Options.compaction_pri: kByCompensatedSize
2019/04/20-19:51:06.097369 7feb18ce1700 Options.compaction_options_universal.size_ratio: 1
2019/04/20-19:51:06.097370 7feb18ce1700 Options.compaction_options_universal.min_merge_width: 2
2019/04/20-19:51:06.097371 7feb18ce1700 Options.compaction_options_universal.max_merge_width: 4294967295
2019/04/20-19:51:06.097372 7feb18ce1700 Options.compaction_options_universal.max_size_amplification_percent: 200
2019/04/20-19:51:06.097373 7feb18ce1700 Options.compaction_options_universal.compression_size_percent: -1
2019/04/20-19:51:06.097374 7feb18ce1700 Options.compaction_options_universal.stop_style: kCompactionStopStyleTotalSize
2019/04/20-19:51:06.097375 7feb18ce1700 Options.compaction_options_fifo.max_table_files_size: 1073741824
2019/04/20-19:51:06.097376 7feb18ce1700 Options.compaction_options_fifo.allow_compaction: 0
2019/04/20-19:51:06.097377 7feb18ce1700 Options.compaction_options_fifo.ttl: 0
2019/04/20-19:51:06.097378 7feb18ce1700                   Options.table_properties_collectors: 
2019/04/20-19:51:06.097380 7feb18ce1700                   Options.inplace_update_support: 0
2019/04/20-19:51:06.097380 7feb18ce1700                 Options.inplace_update_num_locks: 10000
2019/04/20-19:51:06.097382 7feb18ce1700               Options.memtable_prefix_bloom_size_ratio: 0.000000
2019/04/20-19:51:06.097383 7feb18ce1700   Options.memtable_huge_page_size: 0
2019/04/20-19:51:06.097384 7feb18ce1700                           Options.bloom_locality: 0
2019/04/20-19:51:06.097385 7feb18ce1700                    Options.max_successive_merges: 0
2019/04/20-19:51:06.097386 7feb18ce1700                Options.optimize_filters_for_hits: 0
2019/04/20-19:51:06.097387 7feb18ce1700                Options.paranoid_file_checks: 0
2019/04/20-19:51:06.097388 7feb18ce1700                Options.force_consistency_checks: 0
2019/04/20-19:51:06.097389 7feb18ce1700                Options.report_bg_io_stats: 0
2019/04/20-19:51:06.097390 7feb18ce1700                               Options.ttl: 0
2019/04/20-19:51:06.098103 7feb18ce1700 [db/column_family.cc:475] --------------- Options for column family [usertable]:
2019/04/20-19:51:06.098107 7feb18ce1700               Options.comparator: leveldb.BytewiseComparator
2019/04/20-19:51:06.098108 7feb18ce1700           Options.merge_operator: None
2019/04/20-19:51:06.098109 7feb18ce1700        Options.compaction_filter: None
2019/04/20-19:51:06.098110 7feb18ce1700        Options.compaction_filter_factory: None
2019/04/20-19:51:06.098111 7feb18ce1700         Options.memtable_factory: SkipListFactory
2019/04/20-19:51:06.098112 7feb18ce1700            Options.table_factory: BlockBasedTable
2019/04/20-19:51:06.098137 7feb18ce1700            table_factory options:   flush_block_policy_factory: FlushBlockBySizePolicyFactory (0x7fea6c3c7ba0)
  cache_index_and_filter_blocks: 0
  cache_index_and_filter_blocks_with_high_priority: 0
  pin_l0_filter_and_index_blocks_in_cache: 0
  index_type: 0
  hash_index_allow_collision: 1
  checksum: 1
  no_block_cache: 0
  block_cache: 0x7fea6c3d7040
  block_cache_name: LRUCache
  block_cache_options:
    capacity : 8388608
    num_shard_bits : 4
    strict_capacity_limit : 0
    high_pri_pool_ratio: 0.000
  block_cache_compressed: (nil)
  persistent_cache: (nil)
  block_size: 8192
  block_size_deviation: 10
  block_restart_interval: 16
  index_block_restart_interval: 1
  metadata_block_size: 4096
  partition_filters: 0
  use_delta_encoding: 1
  filter_policy: nullptr
  whole_key_filtering: 1
  verify_compression: 0
  read_amp_bytes_per_bit: 0
  format_version: 2
  enable_index_compression: 1
  block_align: 0
2019/04/20-19:51:06.098148 7feb18ce1700        Options.write_buffer_size: 134217728
2019/04/20-19:51:06.098150 7feb18ce1700  Options.max_write_buffer_number: 24
2019/04/20-19:51:06.098151 7feb18ce1700        Options.compression[0]: NoCompression
2019/04/20-19:51:06.098153 7feb18ce1700        Options.compression[1]: NoCompression
2019/04/20-19:51:06.098154 7feb18ce1700        Options.compression[2]: LZ4
2019/04/20-19:51:06.098155 7feb18ce1700        Options.compression[3]: LZ4
2019/04/20-19:51:06.098156 7feb18ce1700        Options.compression[4]: LZ4
2019/04/20-19:51:06.098157 7feb18ce1700        Options.compression[5]: LZ4
2019/04/20-19:51:06.098159 7feb18ce1700        Options.compression[6]: LZ4
2019/04/20-19:51:06.098160 7feb18ce1700                  Options.bottommost_compression: Disabled
2019/04/20-19:51:06.098161 7feb18ce1700       Options.prefix_extractor: nullptr
2019/04/20-19:51:06.098162 7feb18ce1700   Options.memtable_insert_with_hint_prefix_extractor: nullptr
2019/04/20-19:51:06.098163 7feb18ce1700             Options.num_levels: 7
2019/04/20-19:51:06.098164 7feb18ce1700        Options.min_write_buffer_number_to_merge: 2
2019/04/20-19:51:06.098165 7feb18ce1700     Options.max_write_buffer_number_to_maintain: 0
2019/04/20-19:51:06.098166 7feb18ce1700            Options.compression_opts.window_bits: -14
2019/04/20-19:51:06.098167 7feb18ce1700                  Options.compression_opts.level: -1
2019/04/20-19:51:06.098168 7feb18ce1700               Options.compression_opts.strategy: 0
2019/04/20-19:51:06.098169 7feb18ce1700         Options.compression_opts.max_dict_bytes: 0
2019/04/20-19:51:06.098170 7feb18ce1700         Options.compression_opts.zstd_max_train_bytes: 0
2019/04/20-19:51:06.098171 7feb18ce1700      Options.level0_file_num_compaction_trigger: 2
2019/04/20-19:51:06.098171 7feb18ce1700          Options.level0_slowdown_writes_trigger: 20
2019/04/20-19:51:06.098172 7feb18ce1700              Options.level0_stop_writes_trigger: 36
2019/04/20-19:51:06.098173 7feb18ce1700                   Options.target_file_size_base: 67108864
2019/04/20-19:51:06.098174 7feb18ce1700             Options.target_file_size_multiplier: 1
2019/04/20-19:51:06.098175 7feb18ce1700                Options.max_bytes_for_level_base: 536870912
2019/04/20-19:51:06.098176 7feb18ce1700 Options.level_compaction_dynamic_level_bytes: 0
2019/04/20-19:51:06.098177 7feb18ce1700          Options.max_bytes_for_level_multiplier: 10.000000
2019/04/20-19:51:06.098179 7feb18ce1700 Options.max_bytes_for_level_multiplier_addtl[0]: 1
2019/04/20-19:51:06.098181 7feb18ce1700 Options.max_bytes_for_level_multiplier_addtl[1]: 1
2019/04/20-19:51:06.098182 7feb18ce1700 Options.max_bytes_for_level_multiplier_addtl[2]: 1
2019/04/20-19:51:06.098183 7feb18ce1700 Options.max_bytes_for_level_multiplier_addtl[3]: 1
2019/04/20-19:51:06.098183 7feb18ce1700 Options.max_bytes_for_level_multiplier_addtl[4]: 1
2019/04/20-19:51:06.098184 7feb18ce1700 Options.max_bytes_for_level_multiplier_addtl[5]: 1
2019/04/20-19:51:06.098185 7feb18ce1700 Options.max_bytes_for_level_multiplier_addtl[6]: 1
2019/04/20-19:51:06.098186 7feb18ce1700       Options.max_sequential_skip_in_iterations: 8
2019/04/20-19:51:06.098187 7feb18ce1700                    Options.max_compaction_bytes: 1677721600
2019/04/20-19:51:06.098188 7feb18ce1700                        Options.arena_block_size: 16777216
2019/04/20-19:51:06.098189 7feb18ce1700   Options.soft_pending_compaction_bytes_limit: 68719476736
2019/04/20-19:51:06.098190 7feb18ce1700   Options.hard_pending_compaction_bytes_limit: 274877906944
2019/04/20-19:51:06.098191 7feb18ce1700       Options.rate_limit_delay_max_milliseconds: 100
2019/04/20-19:51:06.098192 7feb18ce1700                Options.disable_auto_compactions: 0
2019/04/20-19:51:06.098194 7feb18ce1700                        Options.compaction_style: kCompactionStyleLevel
2019/04/20-19:51:06.098200 7feb18ce1700                          Options.compaction_pri: kByCompensatedSize
2019/04/20-19:51:06.098202 7feb18ce1700 Options.compaction_options_universal.size_ratio: 1
2019/04/20-19:51:06.098203 7feb18ce1700 Options.compaction_options_universal.min_merge_width: 2
2019/04/20-19:51:06.098204 7feb18ce1700 Options.compaction_options_universal.max_merge_width: 4294967295
2019/04/20-19:51:06.098205 7feb18ce1700 Options.compaction_options_universal.max_size_amplification_percent: 200
2019/04/20-19:51:06.098206 7feb18ce1700 Options.compaction_options_universal.compression_size_percent: -1
2019/04/20-19:51:06.098207 7feb18ce1700 Options.compaction_options_universal.stop_style: kCompactionStopStyleTotalSize
2019/04/20-19:51:06.098208 7feb18ce1700 Options.compaction_options_fifo.max_table_files_size: 1073741824
2019/04/20-19:51:06.098209 7feb18ce1700 Options.compaction_options_fifo.allow_compaction: 0
2019/04/20-19:51:06.098210 7feb18ce1700 Options.compaction_options_fifo.ttl: 0
2019/04/20-19:51:06.098211 7feb18ce1700                   Options.table_properties_collectors: 
2019/04/20-19:51:06.098212 7feb18ce1700                   Options.inplace_update_support: 0
2019/04/20-19:51:06.098213 7feb18ce1700                 Options.inplace_update_num_locks: 10000
2019/04/20-19:51:06.098214 7feb18ce1700               Options.memtable_prefix_bloom_size_ratio: 0.000000
2019/04/20-19:51:06.098216 7feb18ce1700   Options.memtable_huge_page_size: 0
2019/04/20-19:51:06.098217 7feb18ce1700                           Options.bloom_locality: 0
2019/04/20-19:51:06.098218 7feb18ce1700                    Options.max_successive_merges: 0
2019/04/20-19:51:06.098219 7feb18ce1700                Options.optimize_filters_for_hits: 0
2019/04/20-19:51:06.098220 7feb18ce1700                Options.paranoid_file_checks: 0
2019/04/20-19:51:06.098220 7feb18ce1700                Options.force_consistency_checks: 0
2019/04/20-19:51:06.098221 7feb18ce1700                Options.report_bg_io_stats: 0
2019/04/20-19:51:06.098222 7feb18ce1700                               Options.ttl: 0
2019/04/20-19:51:06.672975 7feb18ce1700 [db/version_set.cc:3361] Recovered from manifest file:/mnt/sdb/ycsb-rocksdb-data/MANIFEST-000004 succeeded,manifest_file_number is 4, next_file_number is 1363, last_sequence is 10437329, log_number is 0,prev_log_number is 0,max_column_family is 1,min_log_number_to_keep is 0
2019/04/20-19:51:06.672989 7feb18ce1700 [db/version_set.cc:3369] Column family [default] (ID 0), log number is 0
2019/04/20-19:51:06.672992 7feb18ce1700 [db/version_set.cc:3369] Column family [usertable] (ID 1), log number is 1356
2019/04/20-19:51:06.675091 7feb18ce1700 EVENT_LOG_v1 {"time_micros": 1555815066675064, "job": 1, "event": "recovery_started", "log_files": [1356]}
2019/04/20-19:51:06.675101 7feb18ce1700 [db/db_impl_open.cc:551] Recovering log #1356 mode 2
2019/04/20-19:51:07.099302 7feb18ce1700 [db/version_set.cc:2847] Creating manifest 1363
2019/04/20-19:51:07.505770 7feb18ce1700 EVENT_LOG_v1 {"time_micros": 1555815067505736, "cf_name": "usertable", "job": 1, "event": "table_file_creation", "file_number": 1364, "file_size": 91869875, "table_properties": {"data_size": 91458850, "index_size": 410103, "filter_size": 0, "raw_key_size": 532368, "raw_average_key_size": 24, "raw_value_size": 90857472, "raw_average_value_size": 4096, "num_data_blocks": 11091, "num_entries": 22182, "filter_policy_name": "", "kDeletedKeys": "0", "kMergeOperands": "0"}}
2019/04/20-19:51:07.525985 7feb18ce1700 EVENT_LOG_v1 {"time_micros": 1555815067525971, "job": 1, "event": "recovery_finished"}
2019/04/20-19:51:07.569111 7feb18ce1700 [db/db_impl_open.cc:1219] DB pointer 0x7fea6c3d4800
2019/04/20-19:51:07.569433 7feaf8a5a700 [WARN] [db/db_impl.cc:491] ------- DUMPING STATS -------
2019/04/20-19:51:07.569480 7feaf8a5a700 [WARN] [db/db_impl.cc:492] 
** DB Stats **
Uptime(secs): 1.5 total, 1.5 interval
Cumulative writes: 0 writes, 0 keys, 0 commit groups, 0.0 writes per commit group, ingest: 0.00 GB, 0.00 MB/s
Cumulative WAL: 0 writes, 0 syncs, 0.00 writes per sync, written: 0.00 GB, 0.00 MB/s
Cumulative stall: 00:00:0.000 H:M:S, 0.0 percent
Interval writes: 0 writes, 0 keys, 0 commit groups, 0.0 writes per commit group, ingest: 0.00 MB, 0.00 MB/s
Interval WAL: 0 writes, 0 syncs, 0.00 writes per sync, written: 0.00 MB, 0.00 MB/s
Interval stall: 00:00:0.000 H:M:S, 0.0 percent

** Compaction Stats [default] **
Level    Files   Size     Score Read(GB)  Rn(GB) Rnp1(GB) Write(GB) Wnew(GB) Moved(GB) W-Amp Rd(MB/s) Wr(MB/s) Comp(sec) Comp(cnt) Avg(sec) KeyIn KeyDrop
----------------------------------------------------------------------------------------------------------------------------------------------------------
 Sum      0/0    0.00 KB   0.0      0.0     0.0      0.0       0.0      0.0       0.0   0.0      0.0      0.0         0         0    0.000       0      0
 Int      0/0    0.00 KB   0.0      0.0     0.0      0.0       0.0      0.0       0.0   0.0      0.0      0.0         0         0    0.000       0      0
Uptime(secs): 1.5 total, 1.5 interval
Flush(GB): cumulative 0.000, interval 0.000
AddFile(GB): cumulative 0.000, interval 0.000
AddFile(Total Files): cumulative 0, interval 0
AddFile(L0 Files): cumulative 0, interval 0
AddFile(Keys): cumulative 0, interval 0
Cumulative compaction: 0.00 GB write, 0.00 MB/s write, 0.00 GB read, 0.00 MB/s read, 0.0 seconds
Interval compaction: 0.00 GB write, 0.00 MB/s write, 0.00 GB read, 0.00 MB/s read, 0.0 seconds
Stalls(count): 0 level0_slowdown, 0 level0_slowdown_with_compaction, 0 level0_numfiles, 0 level0_numfiles_with_compaction, 0 stop for pending_compaction_bytes, 0 slowdown for pending_compaction_bytes, 0 memtable_compaction, 0 memtable_slowdown, interval 0 total count

** File Read Latency Histogram By Level [default] **

** Compaction Stats [usertable] **
Level    Files   Size     Score Read(GB)  Rn(GB) Rnp1(GB) Write(GB) Wnew(GB) Moved(GB) W-Amp Rd(MB/s) Wr(MB/s) Comp(sec) Comp(cnt) Avg(sec) KeyIn KeyDrop
----------------------------------------------------------------------------------------------------------------------------------------------------------
  L0      2/0   272.21 MB   1.0      0.0     0.0      0.0       0.1      0.1       0.0   1.0      0.0    252.9         0         1    0.346       0      0
  L1      9/0   466.73 MB   0.9      0.0     0.0      0.0       0.0      0.0       0.0   0.0      0.0      0.0         0         0    0.000       0      0
  L2    198/0    4.95 GB   1.0      0.0     0.0      0.0       0.0      0.0       0.0   0.0      0.0      0.0         0         0    0.000       0      0
  L3    551/0   34.50 GB   0.7      0.0     0.0      0.0       0.0      0.0       0.0   0.0      0.0      0.0         0         0    0.000       0      0
 Sum    760/0   40.18 GB   0.0      0.0     0.0      0.0       0.1      0.1       0.0   1.0      0.0    252.9         0         1    0.346       0      0
 Int      0/0    0.00 KB   0.0      0.0     0.0      0.0       0.1      0.1       0.0   1.0      0.0    252.9         0         1    0.346       0      0
Uptime(secs): 1.5 total, 1.5 interval
Flush(GB): cumulative 0.086, interval 0.086
AddFile(GB): cumulative 0.000, interval 0.000
AddFile(Total Files): cumulative 0, interval 0
AddFile(L0 Files): cumulative 0, interval 0
AddFile(Keys): cumulative 0, interval 0
Cumulative compaction: 0.09 GB write, 59.55 MB/s write, 0.00 GB read, 0.00 MB/s read, 0.3 seconds
Interval compaction: 0.09 GB write, 59.55 MB/s write, 0.00 GB read, 0.00 MB/s read, 0.3 seconds
Stalls(count): 0 level0_slowdown, 0 level0_slowdown_with_compaction, 0 level0_numfiles, 0 level0_numfiles_with_compaction, 0 stop for pending_compaction_bytes, 0 slowdown for pending_compaction_bytes, 0 memtable_compaction, 0 memtable_slowdown, interval 0 total count

** File Read Latency Histogram By Level [usertable] **

** Compaction Stats [default] **
Level    Files   Size     Score Read(GB)  Rn(GB) Rnp1(GB) Write(GB) Wnew(GB) Moved(GB) W-Amp Rd(MB/s) Wr(MB/s) Comp(sec) Comp(cnt) Avg(sec) KeyIn KeyDrop
----------------------------------------------------------------------------------------------------------------------------------------------------------
 Sum      0/0    0.00 KB   0.0      0.0     0.0      0.0       0.0      0.0       0.0   0.0      0.0      0.0         0         0    0.000       0      0
 Int      0/0    0.00 KB   0.0      0.0     0.0      0.0       0.0      0.0       0.0   0.0      0.0      0.0         0         0    0.000       0      0
Uptime(secs): 1.5 total, 0.0 interval
Flush(GB): cumulative 0.000, interval 0.000
AddFile(GB): cumulative 0.000, interval 0.000
AddFile(Total Files): cumulative 0, interval 0
AddFile(L0 Files): cumulative 0, interval 0
AddFile(Keys): cumulative 0, interval 0
Cumulative compaction: 0.00 GB write, 0.00 MB/s write, 0.00 GB read, 0.00 MB/s read, 0.0 seconds
Interval compaction: 0.00 GB write, 0.00 MB/s write, 0.00 GB read, 0.00 MB/s read, 0.0 seconds
Stalls(count): 0 level0_slowdown, 0 level0_slowdown_with_compaction, 0 level0_numfiles, 0 level0_numfiles_with_compaction, 0 stop for pending_compaction_bytes, 0 slowdown for pending_compaction_bytes, 0 memtable_compaction, 0 memtable_slowdown, interval 0 total count

** File Read Latency Histogram By Level [default] **

** Compaction Stats [usertable] **
Level    Files   Size     Score Read(GB)  Rn(GB) Rnp1(GB) Write(GB) Wnew(GB) Moved(GB) W-Amp Rd(MB/s) Wr(MB/s) Comp(sec) Comp(cnt) Avg(sec) KeyIn KeyDrop
----------------------------------------------------------------------------------------------------------------------------------------------------------
  L0      2/0   272.21 MB   1.0      0.0     0.0      0.0       0.1      0.1       0.0   1.0      0.0    252.9         0         1    0.346       0      0
  L1      9/0   466.73 MB   0.9      0.0     0.0      0.0       0.0      0.0       0.0   0.0      0.0      0.0         0         0    0.000       0      0
  L2    198/0    4.95 GB   1.0      0.0     0.0      0.0       0.0      0.0       0.0   0.0      0.0      0.0         0         0    0.000       0      0
  L3    551/0   34.50 GB   0.7      0.0     0.0      0.0       0.0      0.0       0.0   0.0      0.0      0.0         0         0    0.000       0      0
 Sum    760/0   40.18 GB   0.0      0.0     0.0      0.0       0.1      0.1       0.0   1.0      0.0    252.9         0         1    0.346       0      0
 Int      0/0    0.00 KB   0.0      0.0     0.0      0.0       0.0      0.0       0.0   0.0      0.0      0.0         0         0    0.000       0      0
Uptime(secs): 1.5 total, 0.0 interval
Flush(GB): cumulative 0.086, interval 0.000
AddFile(GB): cumulative 0.000, interval 0.000
AddFile(Total Files): cumulative 0, interval 0
AddFile(L0 Files): cumulative 0, interval 0
AddFile(Keys): cumulative 0, interval 0
Cumulative compaction: 0.09 GB write, 59.55 MB/s write, 0.00 GB read, 0.00 MB/s read, 0.3 seconds
Interval compaction: 0.00 GB write, 0.00 MB/s write, 0.00 GB read, 0.00 MB/s read, 0.0 seconds
Stalls(count): 0 level0_slowdown, 0 level0_slowdown_with_compaction, 0 level0_numfiles, 0 level0_numfiles_with_compaction, 0 stop for pending_compaction_bytes, 0 slowdown for pending_compaction_bytes, 0 memtable_compaction, 0 memtable_slowdown, interval 0 total count

** File Read Latency Histogram By Level [usertable] **
2019/04/20-19:51:07.586102 7feaf8a5a700 (Original Log Time 2019/04/20-19:51:07.569610) [db/db_impl_compaction_flush.cc:1835] [usertable] Moving #224 to level-1 193567174 bytes
2019/04/20-19:51:07.586107 7feaf8a5a700 (Original Log Time 2019/04/20-19:51:07.585988) EVENT_LOG_v1 {"time_micros": 1555815067585965, "job": 3, "event": "trivial_move", "destination_level": 1, "files": 1, "total_files_size": 193567174}
2019/04/20-19:51:07.586109 7feaf8a5a700 (Original Log Time 2019/04/20-19:51:07.586005) [db/db_impl_compaction_flush.cc:1864] [usertable] Moved #1 files to level-1 193567174 bytes OK: base level 1 max bytes base 536870912 files[1 10 198 551 0 0 0] max score 1.27
2019/04/20-19:51:07.586214 7feaf8a5a700 [db/compaction_job.cc:1531] [usertable] [JOB 4] Compacting 1@1 files to L2, score 1.27
2019/04/20-19:51:07.586222 7feaf8a5a700 [db/compaction_job.cc:1535] [usertable] Compaction start summary: Base version 6 Base level 1, inputs: [224(184MB)]
2019/04/20-19:51:07.586256 7feaf8a5a700 EVENT_LOG_v1 {"time_micros": 1555815067586229, "job": 4, "event": "compaction_started", "compaction_reason": "LevelMaxLevelSize", "files_L1": [224], "score": 1.27212, "input_data_size": 193567174}
2019/04/20-19:51:08.473180 7feaf8a5a700 [db/compaction_job.cc:1211] [usertable] [JOB 4] Generated table #1368: 16279 keys, 67233535 bytes
2019/04/20-19:51:08.473229 7feaf8a5a700 EVENT_LOG_v1 {"time_micros": 1555815068473207, "cf_name": "usertable", "job": 4, "event": "table_file_creation", "file_number": 1368, "file_size": 67233535, "table_properties": {"data_size": 67120140, "index_size": 300916, "filter_size": 0, "raw_key_size": 390696, "raw_average_key_size": 24, "raw_value_size": 66678784, "raw_average_value_size": 4096, "num_data_blocks": 8140, "num_entries": 16279, "filter_policy_name": "", "kDeletedKeys": "0", "kMergeOperands": "0"}}
2019/04/20-19:51:09.346360 7feaf8a5a700 [db/compaction_job.cc:1211] [usertable] [JOB 4] Generated table #1369: 16279 keys, 67233385 bytes
2019/04/20-19:51:09.346402 7feaf8a5a700 EVENT_LOG_v1 {"time_micros": 1555815069346382, "cf_name": "usertable", "job": 4, "event": "table_file_creation", "file_number": 1369, "file_size": 67233385, "table_properties": {"data_size": 67118331, "index_size": 299107, "filter_size": 0, "raw_key_size": 390696, "raw_average_key_size": 24, "raw_value_size": 66678784, "raw_average_value_size": 4096, "num_data_blocks": 8140, "num_entries": 16279, "filter_policy_name": "", "kDeletedKeys": "0", "kMergeOperands": "0"}}
2019/04/20-19:51:10.787398 7feaf8a5a700 [db/compaction_job.cc:1211] [usertable] [JOB 4] Generated table #1370: 14179 keys, 58560524 bytes
2019/04/20-19:51:10.787465 7feaf8a5a700 EVENT_LOG_v1 {"time_micros": 1555815070787431, "cf_name": "usertable", "job": 4, "event": "table_file_creation", "file_number": 1370, "file_size": 58560524, "table_properties": {"data_size": 58461606, "index_size": 262066, "filter_size": 0, "raw_key_size": 340296, "raw_average_key_size": 24, "raw_value_size": 58077184, "raw_average_value_size": 4096, "num_data_blocks": 7090, "num_entries": 14179, "filter_policy_name": "", "kDeletedKeys": "0", "kMergeOperands": "0"}}
2019/04/20-19:51:10.787549 7feaf8a5a700 [db/compaction_job.cc:1287] [usertable] [JOB 4] Compacted 1@1 files to L2 => 193027444 bytes
2019/04/20-19:51:10.811637 7feaf8a5a700 (Original Log Time 2019/04/20-19:51:10.811496) [db/compaction_job.cc:685] [usertable] compacted to: base level 1 max bytes base 536870912 files[1 9 201 551 0 0 0] max score 1.03, MB/sec: 60.5 rd, 60.3 wr, level 2, files in(1, 0) out(3) MB in(184.6, 0.0) out(184.1), read-write-amplify(2.0) write-amplify(1.0) OK, records in: 46737, records dropped: 0 output_compression: LZ4
2019/04/20-19:51:10.811644 7feaf8a5a700 (Original Log Time 2019/04/20-19:51:10.811553) EVENT_LOG_v1 {"time_micros": 1555815070811532, "job": 4, "event": "compaction_finished", "compaction_time_micros": 3201244, "output_level": 2, "num_output_files": 3, "total_output_size": 193027444, "num_input_records": 46737, "num_output_records": 46737, "num_subcompactions": 1, "output_compression": "LZ4", "num_single_delete_mismatches": 0, "num_single_delete_fallthrough": 0, "lsm_state": [1, 9, 201, 551, 0, 0, 0]}
2019/04/20-19:51:10.830910 7feaf8a5a700 (Original Log Time 2019/04/20-19:51:10.811833) [db/db_impl_compaction_flush.cc:1835] [usertable] Moving #1368 to level-3 67233535 bytes
2019/04/20-19:51:10.830913 7feaf8a5a700 (Original Log Time 2019/04/20-19:51:10.830866) EVENT_LOG_v1 {"time_micros": 1555815070830860, "job": 5, "event": "trivial_move", "destination_level": 3, "files": 1, "total_files_size": 67233535}
2019/04/20-19:51:10.830915 7feaf8a5a700 (Original Log Time 2019/04/20-19:51:10.830873) [db/db_impl_compaction_flush.cc:1864] [usertable] Moved #1 files to level-3 67233535 bytes OK: base level 1 max bytes base 536870912 files[1 9 200 552 0 0 0] max score 1.01
2019/04/20-19:51:10.846199 7feaf8a5a700 EVENT_LOG_v1 {"time_micros": 1555815070846188, "job": 5, "event": "table_file_deletion", "file_number": 224}
2019/04/20-19:51:10.872365 7feaf2ffd700 (Original Log Time 2019/04/20-19:51:10.846368) [db/db_impl_compaction_flush.cc:1835] [usertable] Moving #1369 to level-3 67233385 bytes
2019/04/20-19:51:10.872370 7feaf2ffd700 (Original Log Time 2019/04/20-19:51:10.872279) EVENT_LOG_v1 {"time_micros": 1555815070872267, "job": 6, "event": "trivial_move", "destination_level": 3, "files": 1, "total_files_size": 67233385}
2019/04/20-19:51:10.872372 7feaf2ffd700 (Original Log Time 2019/04/20-19:51:10.872294) [db/db_impl_compaction_flush.cc:1864] [usertable] Moved #1 files to level-3 67233385 bytes OK: base level 1 max bytes base 536870912 files[1 9 199 553 0 0 0] max score 1.00
2019/04/20-19:51:10.912023 7feaf2ffd700 (Original Log Time 2019/04/20-19:51:10.872589) [db/db_impl_compaction_flush.cc:1835] [usertable] Moving #1038 to level-3 67233323 bytes
2019/04/20-19:51:10.912030 7feaf2ffd700 (Original Log Time 2019/04/20-19:51:10.911912) EVENT_LOG_v1 {"time_micros": 1555815070911897, "job": 7, "event": "trivial_move", "destination_level": 3, "files": 1, "total_files_size": 67233323}
2019/04/20-19:51:10.912034 7feaf2ffd700 (Original Log Time 2019/04/20-19:51:10.911936) [db/db_impl_compaction_flush.cc:1864] [usertable] Moved #1 files to level-3 67233323 bytes OK: base level 1 max bytes base 536870912 files[1 9 198 554 0 0 0] max score 0.99
2019/04/20-19:51:12.363291 7feaf05f6700 [db/db_impl_write.cc:1373] [usertable] New memtable created with log file: #1371. Immutable memtables: 0.
2019/04/20-19:51:16.032124 7fea007f8700 [db/db_impl_write.cc:1373] [usertable] New memtable created with log file: #1372. Immutable memtables: 1.
2019/04/20-19:51:16.032318 7fe9ae7fc700 [db/db_impl_compaction_flush.cc:80] [JOB 8] Syncing log #1365
2019/04/20-19:51:16.535688 7fe9ae7fc700 [db/db_impl_compaction_flush.cc:80] [JOB 8] Syncing log #1371
2019/04/20-19:51:17.055665 7fe9ae7fc700 (Original Log Time 2019/04/20-19:51:16.032271) [db/db_impl_compaction_flush.cc:1424] Calling FlushMemTableToOutputFile with column family [usertable], flush slots available 24, compaction slots available 1, flush slots scheduled 1, compaction slots scheduled 0
2019/04/20-19:51:17.055674 7fe9ae7fc700 [db/flush_job.cc:301] [usertable] [JOB 8] Flushing memtable with next log file: 1371
2019/04/20-19:51:17.055682 7fe9ae7fc700 [db/flush_job.cc:301] [usertable] [JOB 8] Flushing memtable with next log file: 1372
2019/04/20-19:51:17.055724 7fe9ae7fc700 EVENT_LOG_v1 {"time_micros": 1555815077055709, "job": 8, "event": "flush_started", "num_memtables": 2, "num_entries": 59892, "num_deletes": 0, "memory_usage": 248166176, "flush_reason": "Write Buffer Full"}
2019/04/20-19:51:17.055734 7fe9ae7fc700 [db/flush_job.cc:331] [usertable] [JOB 8] Level-0 flush table #1373: started
