2018/11/20-00:24:45.190806 7fb3645df700 RocksDB version: 5.14.3
2018/11/20-00:24:45.190878 7fb3645df700 Git sha rocksdb_build_git_sha:
2018/11/20-00:24:45.190881 7fb3645df700 Compile date Oct 15 2018
2018/11/20-00:24:45.190886 7fb3645df700 DB SUMMARY
2018/11/20-00:24:45.190911 7fb3645df700 SST files in /mnt/sdb/ycsb-rocksdb-data dir, Total Num: 0, files: 
2018/11/20-00:24:45.190914 7fb3645df700 Write Ahead Log file in /mnt/sdb/ycsb-rocksdb-data: 
2018/11/20-00:24:45.190917 7fb3645df700                         Options.error_if_exists: 0
2018/11/20-00:24:45.190918 7fb3645df700                       Options.create_if_missing: 1
2018/11/20-00:24:45.190919 7fb3645df700                         Options.paranoid_checks: 1
2018/11/20-00:24:45.190920 7fb3645df700                                     Options.env: 0x7fb32e0c33e0
2018/11/20-00:24:45.190921 7fb3645df700                                Options.info_log: 0x7fb3443d4ae0
2018/11/20-00:24:45.190922 7fb3645df700                Options.max_file_opening_threads: 16
2018/11/20-00:24:45.190923 7fb3645df700                              Options.statistics: (nil)
2018/11/20-00:24:45.190924 7fb3645df700                               Options.use_fsync: 0
2018/11/20-00:24:45.190925 7fb3645df700                       Options.max_log_file_size: 0
2018/11/20-00:24:45.190926 7fb3645df700                  Options.max_manifest_file_size: 18446744073709551615
2018/11/20-00:24:45.190927 7fb3645df700                   Options.log_file_time_to_roll: 0
2018/11/20-00:24:45.190928 7fb3645df700                       Options.keep_log_file_num: 1000
2018/11/20-00:24:45.190929 7fb3645df700                    Options.recycle_log_file_num: 0
2018/11/20-00:24:45.190930 7fb3645df700                         Options.allow_fallocate: 1
2018/11/20-00:24:45.190931 7fb3645df700                        Options.allow_mmap_reads: 0
2018/11/20-00:24:45.190931 7fb3645df700                       Options.allow_mmap_writes: 0
2018/11/20-00:24:45.190932 7fb3645df700                        Options.use_direct_reads: 0
2018/11/20-00:24:45.190933 7fb3645df700                        Options.use_direct_io_for_flush_and_compaction: 0
2018/11/20-00:24:45.190934 7fb3645df700          Options.create_missing_column_families: 1
2018/11/20-00:24:45.190935 7fb3645df700                              Options.db_log_dir: 
2018/11/20-00:24:45.190936 7fb3645df700                                 Options.wal_dir: /mnt/sdb/ycsb-rocksdb-data
2018/11/20-00:24:45.190937 7fb3645df700                Options.table_cache_numshardbits: 6
2018/11/20-00:24:45.190938 7fb3645df700                      Options.max_subcompactions: 4
2018/11/20-00:24:45.190939 7fb3645df700                  Options.max_background_flushes: 24
2018/11/20-00:24:45.190940 7fb3645df700                         Options.WAL_ttl_seconds: 0
2018/11/20-00:24:45.190940 7fb3645df700                       Options.WAL_size_limit_MB: 0
2018/11/20-00:24:45.190941 7fb3645df700             Options.manifest_preallocation_size: 4194304
2018/11/20-00:24:45.190942 7fb3645df700                     Options.is_fd_close_on_exec: 1
2018/11/20-00:24:45.190943 7fb3645df700                   Options.advise_random_on_open: 1
2018/11/20-00:24:45.190944 7fb3645df700                    Options.db_write_buffer_size: 0
2018/11/20-00:24:45.190945 7fb3645df700                    Options.write_buffer_manager: 0x7fb3443d0a30
2018/11/20-00:24:45.190946 7fb3645df700         Options.access_hint_on_compaction_start: 1
2018/11/20-00:24:45.190946 7fb3645df700  Options.new_table_reader_for_compaction_inputs: 0
2018/11/20-00:24:45.190947 7fb3645df700           Options.random_access_max_buffer_size: 1048576
2018/11/20-00:24:45.190948 7fb3645df700                      Options.use_adaptive_mutex: 0
2018/11/20-00:24:45.190949 7fb3645df700                            Options.rate_limiter: (nil)
2018/11/20-00:24:45.190951 7fb3645df700     Options.sst_file_manager.rate_bytes_per_sec: 0
2018/11/20-00:24:45.190952 7fb3645df700                       Options.wal_recovery_mode: 2
2018/11/20-00:24:45.190953 7fb3645df700                  Options.enable_thread_tracking: 0
2018/11/20-00:24:45.190954 7fb3645df700                  Options.enable_pipelined_write: 1
2018/11/20-00:24:45.190962 7fb3645df700         Options.allow_concurrent_memtable_write: 1
2018/11/20-00:24:45.190964 7fb3645df700      Options.enable_write_thread_adaptive_yield: 1
2018/11/20-00:24:45.190965 7fb3645df700             Options.write_thread_max_yield_usec: 100
2018/11/20-00:24:45.190966 7fb3645df700            Options.write_thread_slow_yield_usec: 3
2018/11/20-00:24:45.190966 7fb3645df700                               Options.row_cache: None
2018/11/20-00:24:45.190967 7fb3645df700                              Options.wal_filter: None
2018/11/20-00:24:45.190968 7fb3645df700             Options.avoid_flush_during_recovery: 0
2018/11/20-00:24:45.190969 7fb3645df700             Options.allow_ingest_behind: 0
2018/11/20-00:24:45.190970 7fb3645df700             Options.preserve_deletes: 0
2018/11/20-00:24:45.190971 7fb3645df700             Options.two_write_queues: 0
2018/11/20-00:24:45.190972 7fb3645df700             Options.manual_wal_flush: 0
2018/11/20-00:24:45.190974 7fb3645df700             Options.max_background_jobs: 24
2018/11/20-00:24:45.190975 7fb3645df700             Options.max_background_compactions: 24
2018/11/20-00:24:45.190976 7fb3645df700             Options.avoid_flush_during_shutdown: 0
2018/11/20-00:24:45.190977 7fb3645df700           Options.writable_file_max_buffer_size: 1048576
2018/11/20-00:24:45.190978 7fb3645df700             Options.delayed_write_rate : 16777216
2018/11/20-00:24:45.190978 7fb3645df700             Options.max_total_wal_size: 0
2018/11/20-00:24:45.190979 7fb3645df700             Options.delete_obsolete_files_period_micros: 21600000000
2018/11/20-00:24:45.190980 7fb3645df700                   Options.stats_dump_period_sec: 60
2018/11/20-00:24:45.190981 7fb3645df700                          Options.max_open_files: -1
2018/11/20-00:24:45.190982 7fb3645df700                          Options.bytes_per_sync: 1048576
2018/11/20-00:24:45.190983 7fb3645df700                      Options.wal_bytes_per_sync: 0
2018/11/20-00:24:45.190984 7fb3645df700       Options.compaction_readahead_size: 0
2018/11/20-00:24:45.190985 7fb3645df700 Compression algorithms supported:
2018/11/20-00:24:45.190986 7fb3645df700 	kZSTDNotFinalCompression supported: 1
2018/11/20-00:24:45.190996 7fb3645df700 	kZSTD supported: 1
2018/11/20-00:24:45.190998 7fb3645df700 	kXpressCompression supported: 0
2018/11/20-00:24:45.190999 7fb3645df700 	kLZ4HCCompression supported: 1
2018/11/20-00:24:45.191000 7fb3645df700 	kLZ4Compression supported: 1
2018/11/20-00:24:45.191001 7fb3645df700 	kBZip2Compression supported: 1
2018/11/20-00:24:45.191002 7fb3645df700 	kZlibCompression supported: 1
2018/11/20-00:24:45.191003 7fb3645df700 	kSnappyCompression supported: 1
2018/11/20-00:24:45.191008 7fb3645df700 Fast CRC32 supported: Supported on x86
2018/11/20-00:24:45.191094 7fb3645df700 [db/db_impl_open.cc:222] Creating manifest 1 
2018/11/20-00:24:45.287889 7fb3645df700 [db/version_set.cc:3085] Recovering from manifest file: MANIFEST-000001
2018/11/20-00:24:45.287989 7fb3645df700 [db/column_family.cc:475] --------------- Options for column family [default]:
2018/11/20-00:24:45.287993 7fb3645df700               Options.comparator: leveldb.BytewiseComparator
2018/11/20-00:24:45.287994 7fb3645df700           Options.merge_operator: None
2018/11/20-00:24:45.287995 7fb3645df700        Options.compaction_filter: None
2018/11/20-00:24:45.287996 7fb3645df700        Options.compaction_filter_factory: None
2018/11/20-00:24:45.287997 7fb3645df700         Options.memtable_factory: SkipListFactory
2018/11/20-00:24:45.287998 7fb3645df700            Options.table_factory: BlockBasedTable
2018/11/20-00:24:45.288028 7fb3645df700            table_factory options:   flush_block_policy_factory: FlushBlockBySizePolicyFactory (0x7fb344387110)
  cache_index_and_filter_blocks: 0
  cache_index_and_filter_blocks_with_high_priority: 0
  pin_l0_filter_and_index_blocks_in_cache: 0
  index_type: 0
  hash_index_allow_collision: 1
  checksum: 1
  no_block_cache: 0
  block_cache: 0x7fb344392390
  block_cache_name: LRUCache
  block_cache_options:
    capacity : 8388608
    num_shard_bits : 4
    strict_capacity_limit : 0
    high_pri_pool_ratio: 0.000
  block_cache_compressed: (nil)
  persistent_cache: (nil)
  block_size: 8192
  block_size_deviation: 10
  block_restart_interval: 16
  index_block_restart_interval: 1
  metadata_block_size: 4096
  partition_filters: 0
  use_delta_encoding: 1
  filter_policy: nullptr
  whole_key_filtering: 1
  verify_compression: 0
  read_amp_bytes_per_bit: 0
  format_version: 2
  enable_index_compression: 1
  block_align: 0
2018/11/20-00:24:45.288042 7fb3645df700        Options.write_buffer_size: 134217728
2018/11/20-00:24:45.288043 7fb3645df700  Options.max_write_buffer_number: 24
2018/11/20-00:24:45.288045 7fb3645df700        Options.compression[0]: NoCompression
2018/11/20-00:24:45.288046 7fb3645df700        Options.compression[1]: NoCompression
2018/11/20-00:24:45.288047 7fb3645df700        Options.compression[2]: LZ4
2018/11/20-00:24:45.288048 7fb3645df700        Options.compression[3]: LZ4
2018/11/20-00:24:45.288049 7fb3645df700        Options.compression[4]: LZ4
2018/11/20-00:24:45.288050 7fb3645df700        Options.compression[5]: LZ4
2018/11/20-00:24:45.288050 7fb3645df700        Options.compression[6]: LZ4
2018/11/20-00:24:45.288051 7fb3645df700                  Options.bottommost_compression: Disabled
2018/11/20-00:24:45.288052 7fb3645df700       Options.prefix_extractor: nullptr
2018/11/20-00:24:45.288053 7fb3645df700   Options.memtable_insert_with_hint_prefix_extractor: nullptr
2018/11/20-00:24:45.288054 7fb3645df700             Options.num_levels: 7
2018/11/20-00:24:45.288055 7fb3645df700        Options.min_write_buffer_number_to_merge: 2
2018/11/20-00:24:45.288056 7fb3645df700     Options.max_write_buffer_number_to_maintain: 0
2018/11/20-00:24:45.288057 7fb3645df700            Options.compression_opts.window_bits: -14
2018/11/20-00:24:45.288058 7fb3645df700                  Options.compression_opts.level: -1
2018/11/20-00:24:45.288059 7fb3645df700               Options.compression_opts.strategy: 0
2018/11/20-00:24:45.288060 7fb3645df700         Options.compression_opts.max_dict_bytes: 0
2018/11/20-00:24:45.288061 7fb3645df700         Options.compression_opts.zstd_max_train_bytes: 0
2018/11/20-00:24:45.288062 7fb3645df700      Options.level0_file_num_compaction_trigger: 2
2018/11/20-00:24:45.288062 7fb3645df700          Options.level0_slowdown_writes_trigger: 20
2018/11/20-00:24:45.288063 7fb3645df700              Options.level0_stop_writes_trigger: 36
2018/11/20-00:24:45.288064 7fb3645df700                   Options.target_file_size_base: 67108864
2018/11/20-00:24:45.288065 7fb3645df700             Options.target_file_size_multiplier: 1
2018/11/20-00:24:45.288066 7fb3645df700                Options.max_bytes_for_level_base: 536870912
2018/11/20-00:24:45.288067 7fb3645df700 Options.level_compaction_dynamic_level_bytes: 0
2018/11/20-00:24:45.288068 7fb3645df700          Options.max_bytes_for_level_multiplier: 10.000000
2018/11/20-00:24:45.288070 7fb3645df700 Options.max_bytes_for_level_multiplier_addtl[0]: 1
2018/11/20-00:24:45.288071 7fb3645df700 Options.max_bytes_for_level_multiplier_addtl[1]: 1
2018/11/20-00:24:45.288072 7fb3645df700 Options.max_bytes_for_level_multiplier_addtl[2]: 1
2018/11/20-00:24:45.288073 7fb3645df700 Options.max_bytes_for_level_multiplier_addtl[3]: 1
2018/11/20-00:24:45.288074 7fb3645df700 Options.max_bytes_for_level_multiplier_addtl[4]: 1
2018/11/20-00:24:45.288075 7fb3645df700 Options.max_bytes_for_level_multiplier_addtl[5]: 1
2018/11/20-00:24:45.288076 7fb3645df700 Options.max_bytes_for_level_multiplier_addtl[6]: 1
2018/11/20-00:24:45.288076 7fb3645df700       Options.max_sequential_skip_in_iterations: 8
2018/11/20-00:24:45.288077 7fb3645df700                    Options.max_compaction_bytes: 1677721600
2018/11/20-00:24:45.288078 7fb3645df700                        Options.arena_block_size: 16777216
2018/11/20-00:24:45.288079 7fb3645df700   Options.soft_pending_compaction_bytes_limit: 68719476736
2018/11/20-00:24:45.288080 7fb3645df700   Options.hard_pending_compaction_bytes_limit: 274877906944
2018/11/20-00:24:45.288087 7fb3645df700       Options.rate_limit_delay_max_milliseconds: 100
2018/11/20-00:24:45.288088 7fb3645df700                Options.disable_auto_compactions: 0
2018/11/20-00:24:45.288090 7fb3645df700                        Options.compaction_style: kCompactionStyleLevel
2018/11/20-00:24:45.288092 7fb3645df700                          Options.compaction_pri: kByCompensatedSize
2018/11/20-00:24:45.288093 7fb3645df700 Options.compaction_options_universal.size_ratio: 1
2018/11/20-00:24:45.288094 7fb3645df700 Options.compaction_options_universal.min_merge_width: 2
2018/11/20-00:24:45.288095 7fb3645df700 Options.compaction_options_universal.max_merge_width: 4294967295
2018/11/20-00:24:45.288096 7fb3645df700 Options.compaction_options_universal.max_size_amplification_percent: 200
2018/11/20-00:24:45.288097 7fb3645df700 Options.compaction_options_universal.compression_size_percent: -1
2018/11/20-00:24:45.288099 7fb3645df700 Options.compaction_options_universal.stop_style: kCompactionStopStyleTotalSize
2018/11/20-00:24:45.288100 7fb3645df700 Options.compaction_options_fifo.max_table_files_size: 1073741824
2018/11/20-00:24:45.288100 7fb3645df700 Options.compaction_options_fifo.allow_compaction: 0
2018/11/20-00:24:45.288101 7fb3645df700 Options.compaction_options_fifo.ttl: 0
2018/11/20-00:24:45.288103 7fb3645df700                   Options.table_properties_collectors: 
2018/11/20-00:24:45.288104 7fb3645df700                   Options.inplace_update_support: 0
2018/11/20-00:24:45.288104 7fb3645df700                 Options.inplace_update_num_locks: 10000
2018/11/20-00:24:45.288105 7fb3645df700               Options.memtable_prefix_bloom_size_ratio: 0.000000
2018/11/20-00:24:45.288107 7fb3645df700   Options.memtable_huge_page_size: 0
2018/11/20-00:24:45.288108 7fb3645df700                           Options.bloom_locality: 0
2018/11/20-00:24:45.288108 7fb3645df700                    Options.max_successive_merges: 0
2018/11/20-00:24:45.288109 7fb3645df700                Options.optimize_filters_for_hits: 0
2018/11/20-00:24:45.288110 7fb3645df700                Options.paranoid_file_checks: 0
2018/11/20-00:24:45.288111 7fb3645df700                Options.force_consistency_checks: 0
2018/11/20-00:24:45.288112 7fb3645df700                Options.report_bg_io_stats: 0
2018/11/20-00:24:45.288113 7fb3645df700                               Options.ttl: 0
2018/11/20-00:24:45.288891 7fb3645df700 [db/version_set.cc:3361] Recovered from manifest file:/mnt/sdb/ycsb-rocksdb-data/MANIFEST-000001 succeeded,manifest_file_number is 1, next_file_number is 3, last_sequence is 0, log_number is 0,prev_log_number is 0,max_column_family is 0,min_log_number_to_keep is 0
2018/11/20-00:24:45.288897 7fb3645df700 [db/version_set.cc:3369] Column family [default] (ID 0), log number is 0
2018/11/20-00:24:45.289087 7fb3645df700 [db/version_set.cc:2847] Creating manifest 4
2018/11/20-00:24:45.358469 7fb3645df700 [db/column_family.cc:475] --------------- Options for column family [usertable]:
2018/11/20-00:24:45.358473 7fb3645df700               Options.comparator: leveldb.BytewiseComparator
2018/11/20-00:24:45.358474 7fb3645df700           Options.merge_operator: None
2018/11/20-00:24:45.358475 7fb3645df700        Options.compaction_filter: None
2018/11/20-00:24:45.358476 7fb3645df700        Options.compaction_filter_factory: None
2018/11/20-00:24:45.358477 7fb3645df700         Options.memtable_factory: SkipListFactory
2018/11/20-00:24:45.358478 7fb3645df700            Options.table_factory: BlockBasedTable
2018/11/20-00:24:45.358504 7fb3645df700            table_factory options:   flush_block_policy_factory: FlushBlockBySizePolicyFactory (0x7fb3443870f0)
  cache_index_and_filter_blocks: 0
  cache_index_and_filter_blocks_with_high_priority: 0
  pin_l0_filter_and_index_blocks_in_cache: 0
  index_type: 0
  hash_index_allow_collision: 1
  checksum: 1
  no_block_cache: 0
  block_cache: 0x7fb344394080
  block_cache_name: LRUCache
  block_cache_options:
    capacity : 8388608
    num_shard_bits : 4
    strict_capacity_limit : 0
    high_pri_pool_ratio: 0.000
  block_cache_compressed: (nil)
  persistent_cache: (nil)
  block_size: 8192
  block_size_deviation: 10
  block_restart_interval: 16
  index_block_restart_interval: 1
  metadata_block_size: 4096
  partition_filters: 0
  use_delta_encoding: 1
  filter_policy: nullptr
  whole_key_filtering: 1
  verify_compression: 0
  read_amp_bytes_per_bit: 0
  format_version: 2
  enable_index_compression: 1
  block_align: 0
2018/11/20-00:24:45.358506 7fb3645df700        Options.write_buffer_size: 134217728
2018/11/20-00:24:45.358507 7fb3645df700  Options.max_write_buffer_number: 24
2018/11/20-00:24:45.358508 7fb3645df700        Options.compression[0]: NoCompression
2018/11/20-00:24:45.358509 7fb3645df700        Options.compression[1]: NoCompression
2018/11/20-00:24:45.358511 7fb3645df700        Options.compression[2]: LZ4
2018/11/20-00:24:45.358511 7fb3645df700        Options.compression[3]: LZ4
2018/11/20-00:24:45.358512 7fb3645df700        Options.compression[4]: LZ4
2018/11/20-00:24:45.358513 7fb3645df700        Options.compression[5]: LZ4
2018/11/20-00:24:45.358514 7fb3645df700        Options.compression[6]: LZ4
2018/11/20-00:24:45.358515 7fb3645df700                  Options.bottommost_compression: Disabled
2018/11/20-00:24:45.358516 7fb3645df700       Options.prefix_extractor: nullptr
2018/11/20-00:24:45.358517 7fb3645df700   Options.memtable_insert_with_hint_prefix_extractor: nullptr
2018/11/20-00:24:45.358518 7fb3645df700             Options.num_levels: 7
2018/11/20-00:24:45.358519 7fb3645df700        Options.min_write_buffer_number_to_merge: 2
2018/11/20-00:24:45.358520 7fb3645df700     Options.max_write_buffer_number_to_maintain: 0
2018/11/20-00:24:45.358521 7fb3645df700            Options.compression_opts.window_bits: -14
2018/11/20-00:24:45.358522 7fb3645df700                  Options.compression_opts.level: -1
2018/11/20-00:24:45.358523 7fb3645df700               Options.compression_opts.strategy: 0
2018/11/20-00:24:45.358523 7fb3645df700         Options.compression_opts.max_dict_bytes: 0
2018/11/20-00:24:45.358524 7fb3645df700         Options.compression_opts.zstd_max_train_bytes: 0
2018/11/20-00:24:45.358525 7fb3645df700      Options.level0_file_num_compaction_trigger: 2
2018/11/20-00:24:45.358526 7fb3645df700          Options.level0_slowdown_writes_trigger: 20
2018/11/20-00:24:45.358527 7fb3645df700              Options.level0_stop_writes_trigger: 36
2018/11/20-00:24:45.358528 7fb3645df700                   Options.target_file_size_base: 67108864
2018/11/20-00:24:45.358529 7fb3645df700             Options.target_file_size_multiplier: 1
2018/11/20-00:24:45.358530 7fb3645df700                Options.max_bytes_for_level_base: 536870912
2018/11/20-00:24:45.358531 7fb3645df700 Options.level_compaction_dynamic_level_bytes: 0
2018/11/20-00:24:45.358531 7fb3645df700          Options.max_bytes_for_level_multiplier: 10.000000
2018/11/20-00:24:45.358534 7fb3645df700 Options.max_bytes_for_level_multiplier_addtl[0]: 1
2018/11/20-00:24:45.358545 7fb3645df700 Options.max_bytes_for_level_multiplier_addtl[1]: 1
2018/11/20-00:24:45.358546 7fb3645df700 Options.max_bytes_for_level_multiplier_addtl[2]: 1
2018/11/20-00:24:45.358547 7fb3645df700 Options.max_bytes_for_level_multiplier_addtl[3]: 1
2018/11/20-00:24:45.358548 7fb3645df700 Options.max_bytes_for_level_multiplier_addtl[4]: 1
2018/11/20-00:24:45.358549 7fb3645df700 Options.max_bytes_for_level_multiplier_addtl[5]: 1
2018/11/20-00:24:45.358550 7fb3645df700 Options.max_bytes_for_level_multiplier_addtl[6]: 1
2018/11/20-00:24:45.358551 7fb3645df700       Options.max_sequential_skip_in_iterations: 8
2018/11/20-00:24:45.358551 7fb3645df700                    Options.max_compaction_bytes: 1677721600
2018/11/20-00:24:45.358552 7fb3645df700                        Options.arena_block_size: 16777216
2018/11/20-00:24:45.358553 7fb3645df700   Options.soft_pending_compaction_bytes_limit: 68719476736
2018/11/20-00:24:45.358554 7fb3645df700   Options.hard_pending_compaction_bytes_limit: 274877906944
2018/11/20-00:24:45.358555 7fb3645df700       Options.rate_limit_delay_max_milliseconds: 100
2018/11/20-00:24:45.358556 7fb3645df700                Options.disable_auto_compactions: 0
2018/11/20-00:24:45.358558 7fb3645df700                        Options.compaction_style: kCompactionStyleLevel
2018/11/20-00:24:45.358559 7fb3645df700                          Options.compaction_pri: kByCompensatedSize
2018/11/20-00:24:45.358560 7fb3645df700 Options.compaction_options_universal.size_ratio: 1
2018/11/20-00:24:45.358561 7fb3645df700 Options.compaction_options_universal.min_merge_width: 2
2018/11/20-00:24:45.358561 7fb3645df700 Options.compaction_options_universal.max_merge_width: 4294967295
2018/11/20-00:24:45.358562 7fb3645df700 Options.compaction_options_universal.max_size_amplification_percent: 200
2018/11/20-00:24:45.358563 7fb3645df700 Options.compaction_options_universal.compression_size_percent: -1
2018/11/20-00:24:45.358565 7fb3645df700 Options.compaction_options_universal.stop_style: kCompactionStopStyleTotalSize
2018/11/20-00:24:45.358566 7fb3645df700 Options.compaction_options_fifo.max_table_files_size: 1073741824
2018/11/20-00:24:45.358567 7fb3645df700 Options.compaction_options_fifo.allow_compaction: 0
2018/11/20-00:24:45.358567 7fb3645df700 Options.compaction_options_fifo.ttl: 0
2018/11/20-00:24:45.358568 7fb3645df700                   Options.table_properties_collectors: 
2018/11/20-00:24:45.358569 7fb3645df700                   Options.inplace_update_support: 0
2018/11/20-00:24:45.358570 7fb3645df700                 Options.inplace_update_num_locks: 10000
2018/11/20-00:24:45.358571 7fb3645df700               Options.memtable_prefix_bloom_size_ratio: 0.000000
2018/11/20-00:24:45.358573 7fb3645df700   Options.memtable_huge_page_size: 0
2018/11/20-00:24:45.358574 7fb3645df700                           Options.bloom_locality: 0
2018/11/20-00:24:45.358574 7fb3645df700                    Options.max_successive_merges: 0
2018/11/20-00:24:45.358575 7fb3645df700                Options.optimize_filters_for_hits: 0
2018/11/20-00:24:45.358576 7fb3645df700                Options.paranoid_file_checks: 0
2018/11/20-00:24:45.358577 7fb3645df700                Options.force_consistency_checks: 0
2018/11/20-00:24:45.358578 7fb3645df700                Options.report_bg_io_stats: 0
2018/11/20-00:24:45.358579 7fb3645df700                               Options.ttl: 0
2018/11/20-00:24:45.358630 7fb3645df700 [db/db_impl.cc:1396] Created column family [usertable] (ID 1)
2018/11/20-00:24:45.431899 7fb3645df700 [db/db_impl_open.cc:1219] DB pointer 0x7fb3443d5150
2018/11/20-00:24:52.324737 7fb32e3d4700 [db/db_impl_write.cc:1373] [usertable] New memtable created with log file: #9. Immutable memtables: 0.
2018/11/20-00:24:59.297551 7fb32fdfd700 [db/db_impl_write.cc:1373] [usertable] New memtable created with log file: #10. Immutable memtables: 1.
2018/11/20-00:24:59.297722 7fb2577fe700 [db/db_impl_compaction_flush.cc:80] [JOB 2] Syncing log #3
2018/11/20-00:24:59.652714 7fb2577fe700 [db/db_impl_compaction_flush.cc:80] [JOB 2] Syncing log #9
2018/11/20-00:25:01.243513 7fb2577fe700 (Original Log Time 2018/11/20-00:24:59.297679) [db/db_impl_compaction_flush.cc:1424] Calling FlushMemTableToOutputFile with column family [usertable], flush slots available 24, compaction slots available 1, flush slots scheduled 1, compaction slots scheduled 0
2018/11/20-00:25:01.243526 7fb2577fe700 [db/flush_job.cc:301] [usertable] [JOB 2] Flushing memtable with next log file: 9
2018/11/20-00:25:01.243545 7fb2577fe700 [db/flush_job.cc:301] [usertable] [JOB 2] Flushing memtable with next log file: 10
2018/11/20-00:25:01.243590 7fb2577fe700 EVENT_LOG_v1 {"time_micros": 1542702301243572, "job": 2, "event": "flush_started", "num_memtables": 2, "num_entries": 62384, "num_deletes": 0, "memory_usage": 258598312, "flush_reason": "Write Buffer Full"}
2018/11/20-00:25:01.243599 7fb2577fe700 [db/flush_job.cc:331] [usertable] [JOB 2] Level-0 flush table #11: started
2018/11/20-00:25:03.501664 7fb2577fe700 EVENT_LOG_v1 {"time_micros": 1542702303501628, "cf_name": "usertable", "job": 2, "event": "table_file_creation", "file_number": 11, "file_size": 258357070, "table_properties": {"data_size": 257209232, "index_size": 1146911, "filter_size": 0, "raw_key_size": 1497216, "raw_average_key_size": 24, "raw_value_size": 255524864, "raw_average_value_size": 4096, "num_data_blocks": 31192, "num_entries": 62384, "filter_policy_name": "", "kDeletedKeys": "0", "kMergeOperands": "0"}}
2018/11/20-00:25:03.501691 7fb2577fe700 [db/flush_job.cc:371] [usertable] [JOB 2] Level-0 flush table #11: 258357070 bytes OK
2018/11/20-00:25:03.529351 7fb2577fe700 (Original Log Time 2018/11/20-00:25:03.501708) [db/memtable_list.cc:377] [usertable] Level-0 commit table #11 started
2018/11/20-00:25:03.529355 7fb2577fe700 (Original Log Time 2018/11/20-00:25:03.529274) [db/memtable_list.cc:409] [usertable] Level-0 commit table #11: memtable #1 done
2018/11/20-00:25:03.529356 7fb2577fe700 (Original Log Time 2018/11/20-00:25:03.529282) [db/memtable_list.cc:409] [usertable] Level-0 commit table #11: memtable #2 done
2018/11/20-00:25:03.529358 7fb2577fe700 (Original Log Time 2018/11/20-00:25:03.529300) EVENT_LOG_v1 {"time_micros": 1542702303529291, "job": 2, "event": "flush_finished", "output_compression": "NoCompression", "lsm_state": [1, 0, 0, 0, 0, 0, 0], "immutable_memtables": 0}
2018/11/20-00:25:03.529359 7fb2577fe700 (Original Log Time 2018/11/20-00:25:03.529325) [db/db_impl_compaction_flush.cc:177] [usertable] Level summary: base level 1 max bytes base 536870912 files[1 0 0 0 0 0 0] max score 0.50
2018/11/20-00:25:03.529369 7fb2577fe700 [db/db_impl_files.cc:347] [JOB 2] Try to delete WAL files size 257563184, prev total WAL file size 336185996, number of live WAL files 3.
2018/11/20-00:25:06.270135 7fb32f6e7700 [db/db_impl_write.cc:1373] [usertable] New memtable created with log file: #12. Immutable memtables: 0.
2018/11/20-00:25:12.632021 7fb32eedf700 [db/db_impl_write.cc:1373] [usertable] New memtable created with log file: #13. Immutable memtables: 1.
2018/11/20-00:25:12.632135 7fb20effd700 [db/db_impl_compaction_flush.cc:80] [JOB 3] Syncing log #10
2018/11/20-00:25:13.800105 7fb20effd700 [db/db_impl_compaction_flush.cc:80] [JOB 3] Syncing log #12
2018/11/20-00:25:14.875803 7fb20effd700 (Original Log Time 2018/11/20-00:25:12.632117) [db/db_impl_compaction_flush.cc:1424] Calling FlushMemTableToOutputFile with column family [usertable], flush slots available 24, compaction slots available 1, flush slots scheduled 1, compaction slots scheduled 0
2018/11/20-00:25:14.875813 7fb20effd700 [db/flush_job.cc:301] [usertable] [JOB 3] Flushing memtable with next log file: 12
2018/11/20-00:25:14.875819 7fb20effd700 [db/flush_job.cc:301] [usertable] [JOB 3] Flushing memtable with next log file: 13
2018/11/20-00:25:14.875845 7fb20effd700 EVENT_LOG_v1 {"time_micros": 1542702314875836, "job": 3, "event": "flush_started", "num_memtables": 2, "num_entries": 60005, "num_deletes": 0, "memory_usage": 256058040, "flush_reason": "Write Buffer Full"}
2018/11/20-00:25:14.875851 7fb20effd700 [db/flush_job.cc:331] [usertable] [JOB 3] Level-0 flush table #14: started
2018/11/20-00:25:16.814046 7fb20effd700 EVENT_LOG_v1 {"time_micros": 1542702316814008, "cf_name": "usertable", "job": 3, "event": "table_file_creation", "file_number": 14, "file_size": 248504736, "table_properties": {"data_size": 247400629, "index_size": 1103180, "filter_size": 0, "raw_key_size": 1440120, "raw_average_key_size": 24, "raw_value_size": 245780480, "raw_average_value_size": 4096, "num_data_blocks": 30003, "num_entries": 60005, "filter_policy_name": "", "kDeletedKeys": "0", "kMergeOperands": "0"}}
2018/11/20-00:25:16.814068 7fb20effd700 [db/flush_job.cc:371] [usertable] [JOB 3] Level-0 flush table #14: 248504736 bytes OK
2018/11/20-00:25:16.871759 7fb20effd700 (Original Log Time 2018/11/20-00:25:16.814082) [db/memtable_list.cc:377] [usertable] Level-0 commit table #14 started
2018/11/20-00:25:16.871765 7fb20effd700 (Original Log Time 2018/11/20-00:25:16.871640) [db/memtable_list.cc:409] [usertable] Level-0 commit table #14: memtable #1 done
2018/11/20-00:25:16.871768 7fb20effd700 (Original Log Time 2018/11/20-00:25:16.871644) [db/memtable_list.cc:409] [usertable] Level-0 commit table #14: memtable #2 done
2018/11/20-00:25:16.871770 7fb20effd700 (Original Log Time 2018/11/20-00:25:16.871673) EVENT_LOG_v1 {"time_micros": 1542702316871661, "job": 3, "event": "flush_finished", "output_compression": "NoCompression", "lsm_state": [2, 0, 0, 0, 0, 0, 0], "immutable_memtables": 0}
2018/11/20-00:25:16.871773 7fb20effd700 (Original Log Time 2018/11/20-00:25:16.871728) [db/db_impl_compaction_flush.cc:177] [usertable] Level summary: base level 1 max bytes base 536870912 files[2 0 0 0 0 0 0] max score 1.00
2018/11/20-00:25:16.871787 7fb20effd700 [db/db_impl_files.cc:347] [JOB 3] Try to delete WAL files size 247721489, prev total WAL file size 326505307, number of live WAL files 3.
2018/11/20-00:25:16.872021 7fb257fff700 [WARN] [db/db_impl.cc:491] ------- DUMPING STATS -------
2018/11/20-00:25:16.873703 7fb257fff700 [WARN] [db/db_impl.cc:492] 
** DB Stats **
Uptime(secs): 31.6 total, 31.6 interval
Cumulative writes: 141K writes, 141K keys, 136K commit groups, 1.0 writes per commit group, ingest: 0.54 GB, 17.64 MB/s
Cumulative WAL: 141K writes, 0 syncs, 141471.00 writes per sync, written: 0.54 GB, 17.64 MB/s
Cumulative stall: 00:00:0.000 H:M:S, 0.0 percent
Interval writes: 141K writes, 141K keys, 136K commit groups, 1.0 writes per commit group, ingest: 557.01 MB, 17.64 MB/s
Interval WAL: 141K writes, 0 syncs, 141471.00 writes per sync, written: 0.54 MB, 17.64 MB/s
Interval stall: 00:00:0.000 H:M:S, 0.0 percent

** Compaction Stats [default] **
Level    Files   Size     Score Read(GB)  Rn(GB) Rnp1(GB) Write(GB) Wnew(GB) Moved(GB) W-Amp Rd(MB/s) Wr(MB/s) Comp(sec) Comp(cnt) Avg(sec) KeyIn KeyDrop
----------------------------------------------------------------------------------------------------------------------------------------------------------
 Sum      0/0    0.00 KB   0.0      0.0     0.0      0.0       0.0      0.0       0.0   0.0      0.0      0.0         0         0    0.000       0      0
 Int      0/0    0.00 KB   0.0      0.0     0.0      0.0       0.0      0.0       0.0   0.0      0.0      0.0         0         0    0.000       0      0
Uptime(secs): 31.6 total, 31.6 interval
Flush(GB): cumulative 0.000, interval 0.000
AddFile(GB): cumulative 0.000, interval 0.000
AddFile(Total Files): cumulative 0, interval 0
AddFile(L0 Files): cumulative 0, interval 0
AddFile(Keys): cumulative 0, interval 0
Cumulative compaction: 0.00 GB write, 0.00 MB/s write, 0.00 GB read, 0.00 MB/s read, 0.0 seconds
Interval compaction: 0.00 GB write, 0.00 MB/s write, 0.00 GB read, 0.00 MB/s read, 0.0 seconds
Stalls(count): 0 level0_slowdown, 0 level0_slowdown_with_compaction, 0 level0_numfiles, 0 level0_numfiles_with_compaction, 0 stop for pending_compaction_bytes, 0 slowdown for pending_compaction_bytes, 0 memtable_compaction, 0 memtable_slowdown, interval 0 total count

** File Read Latency Histogram By Level [default] **

** Compaction Stats [usertable] **
Level    Files   Size     Score Read(GB)  Rn(GB) Rnp1(GB) Write(GB) Wnew(GB) Moved(GB) W-Amp Rd(MB/s) Wr(MB/s) Comp(sec) Comp(cnt) Avg(sec) KeyIn KeyDrop
----------------------------------------------------------------------------------------------------------------------------------------------------------
  L0      2/0   483.38 MB   1.0      0.0     0.0      0.0       0.5      0.5       0.0   1.0      0.0    115.2         4         2    2.098       0      0
 Sum      2/0   483.38 MB   0.0      0.0     0.0      0.0       0.5      0.5       0.0   1.0      0.0    115.2         4         2    2.098       0      0
 Int      0/0    0.00 KB   0.0      0.0     0.0      0.0       0.5      0.5       0.0   1.0      0.0    115.2         4         2    2.098       0      0
Uptime(secs): 31.5 total, 31.5 interval
Flush(GB): cumulative 0.472, interval 0.472
AddFile(GB): cumulative 0.000, interval 0.000
AddFile(Total Files): cumulative 0, interval 0
AddFile(L0 Files): cumulative 0, interval 0
AddFile(Keys): cumulative 0, interval 0
Cumulative compaction: 0.47 GB write, 15.34 MB/s write, 0.00 GB read, 0.00 MB/s read, 4.2 seconds
Interval compaction: 0.47 GB write, 15.34 MB/s write, 0.00 GB read, 0.00 MB/s read, 4.2 seconds
Stalls(count): 0 level0_slowdown, 0 level0_slowdown_with_compaction, 0 level0_numfiles, 0 level0_numfiles_with_compaction, 0 stop for pending_compaction_bytes, 0 slowdown for pending_compaction_bytes, 0 memtable_compaction, 0 memtable_slowdown, interval 0 total count

** File Read Latency Histogram By Level [usertable] **

** Compaction Stats [default] **
Level    Files   Size     Score Read(GB)  Rn(GB) Rnp1(GB) Write(GB) Wnew(GB) Moved(GB) W-Amp Rd(MB/s) Wr(MB/s) Comp(sec) Comp(cnt) Avg(sec) KeyIn KeyDrop
----------------------------------------------------------------------------------------------------------------------------------------------------------
 Sum      0/0    0.00 KB   0.0      0.0     0.0      0.0       0.0      0.0       0.0   0.0      0.0      0.0         0         0    0.000       0      0
 Int      0/0    0.00 KB   0.0      0.0     0.0      0.0       0.0      0.0       0.0   0.0      0.0      0.0         0         0    0.000       0      0
Uptime(secs): 31.6 total, 0.0 interval
Flush(GB): cumulative 0.000, interval 0.000
AddFile(GB): cumulative 0.000, interval 0.000
AddFile(Total Files): cumulative 0, interval 0
AddFile(L0 Files): cumulative 0, interval 0
AddFile(Keys): cumulative 0, interval 0
Cumulative compaction: 0.00 GB write, 0.00 MB/s write, 0.00 GB read, 0.00 MB/s read, 0.0 seconds
Interval compaction: 0.00 GB write, 0.00 MB/s write, 0.00 GB read, 0.00 MB/s read, 0.0 seconds
Stalls(count): 0 level0_slowdown, 0 level0_slowdown_with_compaction, 0 level0_numfiles, 0 level0_numfiles_with_compaction, 0 stop for pending_compaction_bytes, 0 slowdown for pending_compaction_bytes, 0 memtable_compaction, 0 memtable_slowdown, interval 0 total count

** File Read Latency Histogram By Level [default] **

** Compaction Stats [usertable] **
Level    Files   Size     Score Read(GB)  Rn(GB) Rnp1(GB) Write(GB) Wnew(GB) Moved(GB) W-Amp Rd(MB/s) Wr(MB/s) Comp(sec) Comp(cnt) Avg(sec) KeyIn KeyDrop
----------------------------------------------------------------------------------------------------------------------------------------------------------
  L0      2/0   483.38 MB   1.0      0.0     0.0      0.0       0.5      0.5       0.0   1.0      0.0    115.2         4         2    2.098       0      0
 Sum      2/0   483.38 MB   0.0      0.0     0.0      0.0       0.5      0.5       0.0   1.0      0.0    115.2         4         2    2.098       0      0
 Int      0/0    0.00 KB   0.0      0.0     0.0      0.0       0.0      0.0       0.0   0.0      0.0      0.0         0         0    0.000       0      0
Uptime(secs): 31.5 total, 0.0 interval
Flush(GB): cumulative 0.472, interval 0.000
AddFile(GB): cumulative 0.000, interval 0.000
AddFile(Total Files): cumulative 0, interval 0
AddFile(L0 Files): cumulative 0, interval 0
AddFile(Keys): cumulative 0, interval 0
Cumulative compaction: 0.47 GB write, 15.34 MB/s write, 0.00 GB read, 0.00 MB/s read, 4.2 seconds
Interval compaction: 0.00 GB write, 0.00 MB/s write, 0.00 GB read, 0.00 MB/s read, 0.0 seconds
Stalls(count): 0 level0_slowdown, 0 level0_slowdown_with_compaction, 0 level0_numfiles, 0 level0_numfiles_with_compaction, 0 stop for pending_compaction_bytes, 0 slowdown for pending_compaction_bytes, 0 memtable_compaction, 0 memtable_slowdown, interval 0 total count

** File Read Latency Histogram By Level [usertable] **
2018/11/20-00:25:16.929503 7fb257fff700 (Original Log Time 2018/11/20-00:25:16.876465) [db/db_impl_compaction_flush.cc:1835] [usertable] Moving #11 to level-1 258357070 bytes
2018/11/20-00:25:16.929506 7fb257fff700 (Original Log Time 2018/11/20-00:25:16.929456) EVENT_LOG_v1 {"time_micros": 1542702316929451, "job": 4, "event": "trivial_move", "destination_level": 1, "files": 1, "total_files_size": 258357070}
2018/11/20-00:25:16.929508 7fb257fff700 (Original Log Time 2018/11/20-00:25:16.929463) [db/db_impl_compaction_flush.cc:1864] [usertable] Moved #1 files to level-1 258357070 bytes OK: base level 1 max bytes base 536870912 files[1 1 0 0 0 0 0] max score 0.50
2018/11/20-00:25:19.605598 7fb32eadb700 [db/db_impl_write.cc:1373] [usertable] New memtable created with log file: #15. Immutable memtables: 0.
2018/11/20-00:25:26.578373 7fb32e9da700 [db/db_impl_write.cc:1373] [usertable] New memtable created with log file: #16. Immutable memtables: 1.
2018/11/20-00:25:26.578510 7fb256ffd700 [db/db_impl_compaction_flush.cc:80] [JOB 5] Syncing log #13
2018/11/20-00:25:28.158575 7fb256ffd700 [db/db_impl_compaction_flush.cc:80] [JOB 5] Syncing log #15
2018/11/20-00:25:28.868804 7fb256ffd700 (Original Log Time 2018/11/20-00:25:26.578486) [db/db_impl_compaction_flush.cc:1424] Calling FlushMemTableToOutputFile with column family [usertable], flush slots available 24, compaction slots available 1, flush slots scheduled 1, compaction slots scheduled 0
2018/11/20-00:25:28.868816 7fb256ffd700 [db/flush_job.cc:301] [usertable] [JOB 5] Flushing memtable with next log file: 15
2018/11/20-00:25:28.868824 7fb256ffd700 [db/flush_job.cc:301] [usertable] [JOB 5] Flushing memtable with next log file: 16
2018/11/20-00:25:28.868861 7fb256ffd700 EVENT_LOG_v1 {"time_micros": 1542702328868847, "job": 5, "event": "flush_started", "num_memtables": 2, "num_entries": 62760, "num_deletes": 0, "memory_usage": 260057528, "flush_reason": "Write Buffer Full"}
2018/11/20-00:25:28.868868 7fb256ffd700 [db/flush_job.cc:331] [usertable] [JOB 5] Level-0 flush table #17: started
2018/11/20-00:25:31.262410 7fb256ffd700 EVENT_LOG_v1 {"time_micros": 1542702331262377, "cf_name": "usertable", "job": 5, "event": "table_file_creation", "file_number": 17, "file_size": 259928176, "table_properties": {"data_size": 258766453, "index_size": 1160796, "filter_size": 0, "raw_key_size": 1506240, "raw_average_key_size": 24, "raw_value_size": 257064960, "raw_average_value_size": 4096, "num_data_blocks": 31380, "num_entries": 62760, "filter_policy_name": "", "kDeletedKeys": "0", "kMergeOperands": "0"}}
2018/11/20-00:25:31.262431 7fb256ffd700 [db/flush_job.cc:371] [usertable] [JOB 5] Level-0 flush table #17: 259928176 bytes OK
2018/11/20-00:25:31.327994 7fb256ffd700 (Original Log Time 2018/11/20-00:25:31.262448) [db/memtable_list.cc:377] [usertable] Level-0 commit table #17 started
2018/11/20-00:25:31.327997 7fb256ffd700 (Original Log Time 2018/11/20-00:25:31.327922) [db/memtable_list.cc:409] [usertable] Level-0 commit table #17: memtable #1 done
2018/11/20-00:25:31.327999 7fb256ffd700 (Original Log Time 2018/11/20-00:25:31.327925) [db/memtable_list.cc:409] [usertable] Level-0 commit table #17: memtable #2 done
2018/11/20-00:25:31.328000 7fb256ffd700 (Original Log Time 2018/11/20-00:25:31.327942) EVENT_LOG_v1 {"time_micros": 1542702331327932, "job": 5, "event": "flush_finished", "output_compression": "NoCompression", "lsm_state": [2, 1, 0, 0, 0, 0, 0], "immutable_memtables": 0}
2018/11/20-00:25:31.328002 7fb256ffd700 (Original Log Time 2018/11/20-00:25:31.327976) [db/db_impl_compaction_flush.cc:177] [usertable] Level summary: base level 1 max bytes base 536870912 files[2 1 0 0 0 0 0] max score 1.00
