2019/07/08-22:50:20.483842 7f3258af9700 RocksDB version: 5.14.3
2019/07/08-22:50:20.483887 7f3258af9700 Git sha rocksdb_build_git_sha:
2019/07/08-22:50:20.483890 7f3258af9700 Compile date Oct  9 2018
2019/07/08-22:50:20.483898 7f3258af9700 DB SUMMARY
2019/07/08-22:50:20.483921 7f3258af9700 SST files in /mnt/sdd/ycsb-rocksdb-data dir, Total Num: 0, files: 
2019/07/08-22:50:20.483925 7f3258af9700 Write Ahead Log file in /mnt/sdd/ycsb-rocksdb-data: 
2019/07/08-22:50:20.483928 7f3258af9700                         Options.error_if_exists: 0
2019/07/08-22:50:20.483929 7f3258af9700                       Options.create_if_missing: 1
2019/07/08-22:50:20.483930 7f3258af9700                         Options.paranoid_checks: 1
2019/07/08-22:50:20.483931 7f3258af9700                                     Options.env: 0x7f3237ffb080
2019/07/08-22:50:20.483932 7f3258af9700                                Options.info_log: 0x7f323c3ae690
2019/07/08-22:50:20.483933 7f3258af9700                Options.max_file_opening_threads: 16
2019/07/08-22:50:20.483934 7f3258af9700                              Options.statistics: (nil)
2019/07/08-22:50:20.483935 7f3258af9700                               Options.use_fsync: 0
2019/07/08-22:50:20.483936 7f3258af9700                       Options.max_log_file_size: 0
2019/07/08-22:50:20.483936 7f3258af9700                  Options.max_manifest_file_size: 18446744073709551615
2019/07/08-22:50:20.483938 7f3258af9700                   Options.log_file_time_to_roll: 0
2019/07/08-22:50:20.483938 7f3258af9700                       Options.keep_log_file_num: 1000
2019/07/08-22:50:20.483939 7f3258af9700                    Options.recycle_log_file_num: 0
2019/07/08-22:50:20.483940 7f3258af9700                         Options.allow_fallocate: 1
2019/07/08-22:50:20.483941 7f3258af9700                        Options.allow_mmap_reads: 0
2019/07/08-22:50:20.483942 7f3258af9700                       Options.allow_mmap_writes: 0
2019/07/08-22:50:20.483943 7f3258af9700                        Options.use_direct_reads: 0
2019/07/08-22:50:20.483944 7f3258af9700                        Options.use_direct_io_for_flush_and_compaction: 0
2019/07/08-22:50:20.483945 7f3258af9700          Options.create_missing_column_families: 1
2019/07/08-22:50:20.483946 7f3258af9700                              Options.db_log_dir: 
2019/07/08-22:50:20.483947 7f3258af9700                                 Options.wal_dir: /mnt/sdd/ycsb-rocksdb-data
2019/07/08-22:50:20.483947 7f3258af9700                Options.table_cache_numshardbits: 6
2019/07/08-22:50:20.483948 7f3258af9700                      Options.max_subcompactions: 4
2019/07/08-22:50:20.483949 7f3258af9700                  Options.max_background_flushes: 24
2019/07/08-22:50:20.483950 7f3258af9700                         Options.WAL_ttl_seconds: 0
2019/07/08-22:50:20.483951 7f3258af9700                       Options.WAL_size_limit_MB: 0
2019/07/08-22:50:20.483952 7f3258af9700             Options.manifest_preallocation_size: 4194304
2019/07/08-22:50:20.483953 7f3258af9700                     Options.is_fd_close_on_exec: 1
2019/07/08-22:50:20.483954 7f3258af9700                   Options.advise_random_on_open: 1
2019/07/08-22:50:20.483955 7f3258af9700                    Options.db_write_buffer_size: 0
2019/07/08-22:50:20.483956 7f3258af9700                    Options.write_buffer_manager: 0x7f323c3a1510
2019/07/08-22:50:20.483957 7f3258af9700         Options.access_hint_on_compaction_start: 1
2019/07/08-22:50:20.483957 7f3258af9700  Options.new_table_reader_for_compaction_inputs: 0
2019/07/08-22:50:20.483958 7f3258af9700           Options.random_access_max_buffer_size: 1048576
2019/07/08-22:50:20.483959 7f3258af9700                      Options.use_adaptive_mutex: 0
2019/07/08-22:50:20.483960 7f3258af9700                            Options.rate_limiter: (nil)
2019/07/08-22:50:20.483962 7f3258af9700     Options.sst_file_manager.rate_bytes_per_sec: 0
2019/07/08-22:50:20.483963 7f3258af9700                       Options.wal_recovery_mode: 2
2019/07/08-22:50:20.483964 7f3258af9700                  Options.enable_thread_tracking: 0
2019/07/08-22:50:20.483964 7f3258af9700                  Options.enable_pipelined_write: 1
2019/07/08-22:50:20.483974 7f3258af9700         Options.allow_concurrent_memtable_write: 1
2019/07/08-22:50:20.483976 7f3258af9700      Options.enable_write_thread_adaptive_yield: 1
2019/07/08-22:50:20.483977 7f3258af9700             Options.write_thread_max_yield_usec: 100
2019/07/08-22:50:20.483977 7f3258af9700            Options.write_thread_slow_yield_usec: 3
2019/07/08-22:50:20.483978 7f3258af9700                               Options.row_cache: None
2019/07/08-22:50:20.483979 7f3258af9700                              Options.wal_filter: None
2019/07/08-22:50:20.483980 7f3258af9700             Options.avoid_flush_during_recovery: 0
2019/07/08-22:50:20.483981 7f3258af9700             Options.allow_ingest_behind: 0
2019/07/08-22:50:20.483982 7f3258af9700             Options.preserve_deletes: 0
2019/07/08-22:50:20.483983 7f3258af9700             Options.two_write_queues: 0
2019/07/08-22:50:20.483984 7f3258af9700             Options.manual_wal_flush: 0
2019/07/08-22:50:20.483985 7f3258af9700             Options.max_background_jobs: 24
2019/07/08-22:50:20.483986 7f3258af9700             Options.max_background_compactions: 24
2019/07/08-22:50:20.483987 7f3258af9700             Options.avoid_flush_during_shutdown: 0
2019/07/08-22:50:20.483988 7f3258af9700           Options.writable_file_max_buffer_size: 1048576
2019/07/08-22:50:20.483989 7f3258af9700             Options.delayed_write_rate : 16777216
2019/07/08-22:50:20.483990 7f3258af9700             Options.max_total_wal_size: 0
2019/07/08-22:50:20.483991 7f3258af9700             Options.delete_obsolete_files_period_micros: 21600000000
2019/07/08-22:50:20.483992 7f3258af9700                   Options.stats_dump_period_sec: 60
2019/07/08-22:50:20.483993 7f3258af9700                          Options.max_open_files: -1
2019/07/08-22:50:20.483994 7f3258af9700                          Options.bytes_per_sync: 1048576
2019/07/08-22:50:20.483995 7f3258af9700                      Options.wal_bytes_per_sync: 0
2019/07/08-22:50:20.483996 7f3258af9700       Options.compaction_readahead_size: 0
2019/07/08-22:50:20.483997 7f3258af9700 Compression algorithms supported:
2019/07/08-22:50:20.483998 7f3258af9700 	kZSTDNotFinalCompression supported: 1
2019/07/08-22:50:20.484005 7f3258af9700 	kZSTD supported: 1
2019/07/08-22:50:20.484006 7f3258af9700 	kXpressCompression supported: 0
2019/07/08-22:50:20.484007 7f3258af9700 	kLZ4HCCompression supported: 1
2019/07/08-22:50:20.484008 7f3258af9700 	kLZ4Compression supported: 1
2019/07/08-22:50:20.484009 7f3258af9700 	kBZip2Compression supported: 1
2019/07/08-22:50:20.484010 7f3258af9700 	kZlibCompression supported: 1
2019/07/08-22:50:20.484011 7f3258af9700 	kSnappyCompression supported: 1
2019/07/08-22:50:20.484015 7f3258af9700 Fast CRC32 supported: Not supported on x86
2019/07/08-22:50:20.484075 7f3258af9700 [db/db_impl_open.cc:222] Creating manifest 1 
2019/07/08-22:50:20.543035 7f3258af9700 [db/version_set.cc:3085] Recovering from manifest file: MANIFEST-000001
2019/07/08-22:50:20.543112 7f3258af9700 [db/column_family.cc:475] --------------- Options for column family [default]:
2019/07/08-22:50:20.543116 7f3258af9700               Options.comparator: leveldb.BytewiseComparator
2019/07/08-22:50:20.543117 7f3258af9700           Options.merge_operator: None
2019/07/08-22:50:20.543118 7f3258af9700        Options.compaction_filter: None
2019/07/08-22:50:20.543119 7f3258af9700        Options.compaction_filter_factory: None
2019/07/08-22:50:20.543120 7f3258af9700         Options.memtable_factory: SkipListFactory
2019/07/08-22:50:20.543121 7f3258af9700            Options.table_factory: BlockBasedTable
2019/07/08-22:50:20.543148 7f3258af9700            table_factory options:   flush_block_policy_factory: FlushBlockBySizePolicyFactory (0x7f323c3ab740)
  cache_index_and_filter_blocks: 0
  cache_index_and_filter_blocks_with_high_priority: 0
  pin_l0_filter_and_index_blocks_in_cache: 0
  index_type: 0
  hash_index_allow_collision: 1
  checksum: 1
  no_block_cache: 0
  block_cache: 0x7f323c3a00c0
  block_cache_name: LRUCache
  block_cache_options:
    capacity : 8388608
    num_shard_bits : 4
    strict_capacity_limit : 0
    high_pri_pool_ratio: 0.000
  block_cache_compressed: (nil)
  persistent_cache: (nil)
  block_size: 8192
  block_size_deviation: 10
  block_restart_interval: 16
  index_block_restart_interval: 1
  metadata_block_size: 4096
  partition_filters: 0
  use_delta_encoding: 1
  filter_policy: nullptr
  whole_key_filtering: 1
  verify_compression: 0
  read_amp_bytes_per_bit: 0
  format_version: 2
  enable_index_compression: 1
  block_align: 0
2019/07/08-22:50:20.543163 7f3258af9700        Options.write_buffer_size: 134217728
2019/07/08-22:50:20.543165 7f3258af9700  Options.max_write_buffer_number: 24
2019/07/08-22:50:20.543166 7f3258af9700        Options.compression[0]: NoCompression
2019/07/08-22:50:20.543167 7f3258af9700        Options.compression[1]: NoCompression
2019/07/08-22:50:20.543169 7f3258af9700        Options.compression[2]: LZ4
2019/07/08-22:50:20.543170 7f3258af9700        Options.compression[3]: LZ4
2019/07/08-22:50:20.543170 7f3258af9700        Options.compression[4]: LZ4
2019/07/08-22:50:20.543171 7f3258af9700        Options.compression[5]: LZ4
2019/07/08-22:50:20.543172 7f3258af9700        Options.compression[6]: LZ4
2019/07/08-22:50:20.543173 7f3258af9700                  Options.bottommost_compression: Disabled
2019/07/08-22:50:20.543174 7f3258af9700       Options.prefix_extractor: nullptr
2019/07/08-22:50:20.543175 7f3258af9700   Options.memtable_insert_with_hint_prefix_extractor: nullptr
2019/07/08-22:50:20.543176 7f3258af9700             Options.num_levels: 7
2019/07/08-22:50:20.543177 7f3258af9700        Options.min_write_buffer_number_to_merge: 2
2019/07/08-22:50:20.543178 7f3258af9700     Options.max_write_buffer_number_to_maintain: 0
2019/07/08-22:50:20.543179 7f3258af9700            Options.compression_opts.window_bits: -14
2019/07/08-22:50:20.543180 7f3258af9700                  Options.compression_opts.level: -1
2019/07/08-22:50:20.543180 7f3258af9700               Options.compression_opts.strategy: 0
2019/07/08-22:50:20.543181 7f3258af9700         Options.compression_opts.max_dict_bytes: 0
2019/07/08-22:50:20.543182 7f3258af9700         Options.compression_opts.zstd_max_train_bytes: 0
2019/07/08-22:50:20.543183 7f3258af9700      Options.level0_file_num_compaction_trigger: 2
2019/07/08-22:50:20.543184 7f3258af9700          Options.level0_slowdown_writes_trigger: 20
2019/07/08-22:50:20.543185 7f3258af9700              Options.level0_stop_writes_trigger: 36
2019/07/08-22:50:20.543185 7f3258af9700                   Options.target_file_size_base: 67108864
2019/07/08-22:50:20.543186 7f3258af9700             Options.target_file_size_multiplier: 1
2019/07/08-22:50:20.543187 7f3258af9700                Options.max_bytes_for_level_base: 536870912
2019/07/08-22:50:20.543188 7f3258af9700 Options.level_compaction_dynamic_level_bytes: 0
2019/07/08-22:50:20.543189 7f3258af9700          Options.max_bytes_for_level_multiplier: 10.000000
2019/07/08-22:50:20.543191 7f3258af9700 Options.max_bytes_for_level_multiplier_addtl[0]: 1
2019/07/08-22:50:20.543192 7f3258af9700 Options.max_bytes_for_level_multiplier_addtl[1]: 1
2019/07/08-22:50:20.543193 7f3258af9700 Options.max_bytes_for_level_multiplier_addtl[2]: 1
2019/07/08-22:50:20.543194 7f3258af9700 Options.max_bytes_for_level_multiplier_addtl[3]: 1
2019/07/08-22:50:20.543195 7f3258af9700 Options.max_bytes_for_level_multiplier_addtl[4]: 1
2019/07/08-22:50:20.543196 7f3258af9700 Options.max_bytes_for_level_multiplier_addtl[5]: 1
2019/07/08-22:50:20.543197 7f3258af9700 Options.max_bytes_for_level_multiplier_addtl[6]: 1
2019/07/08-22:50:20.543197 7f3258af9700       Options.max_sequential_skip_in_iterations: 8
2019/07/08-22:50:20.543198 7f3258af9700                    Options.max_compaction_bytes: 1677721600
2019/07/08-22:50:20.543199 7f3258af9700                        Options.arena_block_size: 16777216
2019/07/08-22:50:20.543200 7f3258af9700   Options.soft_pending_compaction_bytes_limit: 68719476736
2019/07/08-22:50:20.543201 7f3258af9700   Options.hard_pending_compaction_bytes_limit: 274877906944
2019/07/08-22:50:20.543208 7f3258af9700       Options.rate_limit_delay_max_milliseconds: 100
2019/07/08-22:50:20.543209 7f3258af9700                Options.disable_auto_compactions: 0
2019/07/08-22:50:20.543210 7f3258af9700                        Options.compaction_style: kCompactionStyleLevel
2019/07/08-22:50:20.543212 7f3258af9700                          Options.compaction_pri: kByCompensatedSize
2019/07/08-22:50:20.543212 7f3258af9700 Options.compaction_options_universal.size_ratio: 1
2019/07/08-22:50:20.543213 7f3258af9700 Options.compaction_options_universal.min_merge_width: 2
2019/07/08-22:50:20.543214 7f3258af9700 Options.compaction_options_universal.max_merge_width: 4294967295
2019/07/08-22:50:20.543215 7f3258af9700 Options.compaction_options_universal.max_size_amplification_percent: 200
2019/07/08-22:50:20.543216 7f3258af9700 Options.compaction_options_universal.compression_size_percent: -1
2019/07/08-22:50:20.543217 7f3258af9700 Options.compaction_options_universal.stop_style: kCompactionStopStyleTotalSize
2019/07/08-22:50:20.543218 7f3258af9700 Options.compaction_options_fifo.max_table_files_size: 1073741824
2019/07/08-22:50:20.543219 7f3258af9700 Options.compaction_options_fifo.allow_compaction: 0
2019/07/08-22:50:20.543220 7f3258af9700 Options.compaction_options_fifo.ttl: 0
2019/07/08-22:50:20.543221 7f3258af9700                   Options.table_properties_collectors: 
2019/07/08-22:50:20.543222 7f3258af9700                   Options.inplace_update_support: 0
2019/07/08-22:50:20.543223 7f3258af9700                 Options.inplace_update_num_locks: 10000
2019/07/08-22:50:20.543224 7f3258af9700               Options.memtable_prefix_bloom_size_ratio: 0.000000
2019/07/08-22:50:20.543225 7f3258af9700   Options.memtable_huge_page_size: 0
2019/07/08-22:50:20.543226 7f3258af9700                           Options.bloom_locality: 0
2019/07/08-22:50:20.543227 7f3258af9700                    Options.max_successive_merges: 0
2019/07/08-22:50:20.543227 7f3258af9700                Options.optimize_filters_for_hits: 0
2019/07/08-22:50:20.543228 7f3258af9700                Options.paranoid_file_checks: 0
2019/07/08-22:50:20.543229 7f3258af9700                Options.force_consistency_checks: 0
2019/07/08-22:50:20.543230 7f3258af9700                Options.report_bg_io_stats: 0
2019/07/08-22:50:20.543231 7f3258af9700                               Options.ttl: 0
2019/07/08-22:50:20.543986 7f3258af9700 [db/version_set.cc:3361] Recovered from manifest file:/mnt/sdd/ycsb-rocksdb-data/MANIFEST-000001 succeeded,manifest_file_number is 1, next_file_number is 3, last_sequence is 0, log_number is 0,prev_log_number is 0,max_column_family is 0,min_log_number_to_keep is 0
2019/07/08-22:50:20.543994 7f3258af9700 [db/version_set.cc:3369] Column family [default] (ID 0), log number is 0
2019/07/08-22:50:20.544196 7f3258af9700 [db/version_set.cc:2847] Creating manifest 4
2019/07/08-22:50:20.649377 7f3258af9700 [db/column_family.cc:475] --------------- Options for column family [usertable]:
2019/07/08-22:50:20.649381 7f3258af9700               Options.comparator: leveldb.BytewiseComparator
2019/07/08-22:50:20.649383 7f3258af9700           Options.merge_operator: None
2019/07/08-22:50:20.649384 7f3258af9700        Options.compaction_filter: None
2019/07/08-22:50:20.649385 7f3258af9700        Options.compaction_filter_factory: None
2019/07/08-22:50:20.649386 7f3258af9700         Options.memtable_factory: SkipListFactory
2019/07/08-22:50:20.649387 7f3258af9700            Options.table_factory: BlockBasedTable
2019/07/08-22:50:20.649415 7f3258af9700            table_factory options:   flush_block_policy_factory: FlushBlockBySizePolicyFactory (0x7f323c3a1bf0)
  cache_index_and_filter_blocks: 0
  cache_index_and_filter_blocks_with_high_priority: 0
  pin_l0_filter_and_index_blocks_in_cache: 0
  index_type: 0
  hash_index_allow_collision: 1
  checksum: 1
  no_block_cache: 0
  block_cache: 0x7f323c3af3c0
  block_cache_name: LRUCache
  block_cache_options:
    capacity : 8388608
    num_shard_bits : 4
    strict_capacity_limit : 0
    high_pri_pool_ratio: 0.000
  block_cache_compressed: (nil)
  persistent_cache: (nil)
  block_size: 8192
  block_size_deviation: 10
  block_restart_interval: 16
  index_block_restart_interval: 1
  metadata_block_size: 4096
  partition_filters: 0
  use_delta_encoding: 1
  filter_policy: nullptr
  whole_key_filtering: 1
  verify_compression: 0
  read_amp_bytes_per_bit: 0
  format_version: 2
  enable_index_compression: 1
  block_align: 0
2019/07/08-22:50:20.649417 7f3258af9700        Options.write_buffer_size: 134217728
2019/07/08-22:50:20.649419 7f3258af9700  Options.max_write_buffer_number: 24
2019/07/08-22:50:20.649420 7f3258af9700        Options.compression[0]: NoCompression
2019/07/08-22:50:20.649421 7f3258af9700        Options.compression[1]: NoCompression
2019/07/08-22:50:20.649423 7f3258af9700        Options.compression[2]: LZ4
2019/07/08-22:50:20.649424 7f3258af9700        Options.compression[3]: LZ4
2019/07/08-22:50:20.649425 7f3258af9700        Options.compression[4]: LZ4
2019/07/08-22:50:20.649426 7f3258af9700        Options.compression[5]: LZ4
2019/07/08-22:50:20.649426 7f3258af9700        Options.compression[6]: LZ4
2019/07/08-22:50:20.649427 7f3258af9700                  Options.bottommost_compression: Disabled
2019/07/08-22:50:20.649428 7f3258af9700       Options.prefix_extractor: nullptr
2019/07/08-22:50:20.649429 7f3258af9700   Options.memtable_insert_with_hint_prefix_extractor: nullptr
2019/07/08-22:50:20.649430 7f3258af9700             Options.num_levels: 7
2019/07/08-22:50:20.649431 7f3258af9700        Options.min_write_buffer_number_to_merge: 2
2019/07/08-22:50:20.649432 7f3258af9700     Options.max_write_buffer_number_to_maintain: 0
2019/07/08-22:50:20.649433 7f3258af9700            Options.compression_opts.window_bits: -14
2019/07/08-22:50:20.649434 7f3258af9700                  Options.compression_opts.level: -1
2019/07/08-22:50:20.649435 7f3258af9700               Options.compression_opts.strategy: 0
2019/07/08-22:50:20.649436 7f3258af9700         Options.compression_opts.max_dict_bytes: 0
2019/07/08-22:50:20.649437 7f3258af9700         Options.compression_opts.zstd_max_train_bytes: 0
2019/07/08-22:50:20.649438 7f3258af9700      Options.level0_file_num_compaction_trigger: 2
2019/07/08-22:50:20.649439 7f3258af9700          Options.level0_slowdown_writes_trigger: 20
2019/07/08-22:50:20.649439 7f3258af9700              Options.level0_stop_writes_trigger: 36
2019/07/08-22:50:20.649440 7f3258af9700                   Options.target_file_size_base: 67108864
2019/07/08-22:50:20.649441 7f3258af9700             Options.target_file_size_multiplier: 1
2019/07/08-22:50:20.649442 7f3258af9700                Options.max_bytes_for_level_base: 536870912
2019/07/08-22:50:20.649443 7f3258af9700 Options.level_compaction_dynamic_level_bytes: 0
2019/07/08-22:50:20.649444 7f3258af9700          Options.max_bytes_for_level_multiplier: 10.000000
2019/07/08-22:50:20.649446 7f3258af9700 Options.max_bytes_for_level_multiplier_addtl[0]: 1
2019/07/08-22:50:20.649458 7f3258af9700 Options.max_bytes_for_level_multiplier_addtl[1]: 1
2019/07/08-22:50:20.649460 7f3258af9700 Options.max_bytes_for_level_multiplier_addtl[2]: 1
2019/07/08-22:50:20.649461 7f3258af9700 Options.max_bytes_for_level_multiplier_addtl[3]: 1
2019/07/08-22:50:20.649462 7f3258af9700 Options.max_bytes_for_level_multiplier_addtl[4]: 1
2019/07/08-22:50:20.649462 7f3258af9700 Options.max_bytes_for_level_multiplier_addtl[5]: 1
2019/07/08-22:50:20.649463 7f3258af9700 Options.max_bytes_for_level_multiplier_addtl[6]: 1
2019/07/08-22:50:20.649464 7f3258af9700       Options.max_sequential_skip_in_iterations: 8
2019/07/08-22:50:20.649465 7f3258af9700                    Options.max_compaction_bytes: 1677721600
2019/07/08-22:50:20.649466 7f3258af9700                        Options.arena_block_size: 16777216
2019/07/08-22:50:20.649467 7f3258af9700   Options.soft_pending_compaction_bytes_limit: 68719476736
2019/07/08-22:50:20.649468 7f3258af9700   Options.hard_pending_compaction_bytes_limit: 274877906944
2019/07/08-22:50:20.649469 7f3258af9700       Options.rate_limit_delay_max_milliseconds: 100
2019/07/08-22:50:20.649470 7f3258af9700                Options.disable_auto_compactions: 0
2019/07/08-22:50:20.649471 7f3258af9700                        Options.compaction_style: kCompactionStyleLevel
2019/07/08-22:50:20.649473 7f3258af9700                          Options.compaction_pri: kByCompensatedSize
2019/07/08-22:50:20.649474 7f3258af9700 Options.compaction_options_universal.size_ratio: 1
2019/07/08-22:50:20.649475 7f3258af9700 Options.compaction_options_universal.min_merge_width: 2
2019/07/08-22:50:20.649476 7f3258af9700 Options.compaction_options_universal.max_merge_width: 4294967295
2019/07/08-22:50:20.649476 7f3258af9700 Options.compaction_options_universal.max_size_amplification_percent: 200
2019/07/08-22:50:20.649477 7f3258af9700 Options.compaction_options_universal.compression_size_percent: -1
2019/07/08-22:50:20.649479 7f3258af9700 Options.compaction_options_universal.stop_style: kCompactionStopStyleTotalSize
2019/07/08-22:50:20.649480 7f3258af9700 Options.compaction_options_fifo.max_table_files_size: 1073741824
2019/07/08-22:50:20.649481 7f3258af9700 Options.compaction_options_fifo.allow_compaction: 0
2019/07/08-22:50:20.649482 7f3258af9700 Options.compaction_options_fifo.ttl: 0
2019/07/08-22:50:20.649483 7f3258af9700                   Options.table_properties_collectors: 
2019/07/08-22:50:20.649484 7f3258af9700                   Options.inplace_update_support: 0
2019/07/08-22:50:20.649484 7f3258af9700                 Options.inplace_update_num_locks: 10000
2019/07/08-22:50:20.649485 7f3258af9700               Options.memtable_prefix_bloom_size_ratio: 0.000000
2019/07/08-22:50:20.649487 7f3258af9700   Options.memtable_huge_page_size: 0
2019/07/08-22:50:20.649488 7f3258af9700                           Options.bloom_locality: 0
2019/07/08-22:50:20.649489 7f3258af9700                    Options.max_successive_merges: 0
2019/07/08-22:50:20.649490 7f3258af9700                Options.optimize_filters_for_hits: 0
2019/07/08-22:50:20.649490 7f3258af9700                Options.paranoid_file_checks: 0
2019/07/08-22:50:20.649491 7f3258af9700                Options.force_consistency_checks: 0
2019/07/08-22:50:20.649492 7f3258af9700                Options.report_bg_io_stats: 0
2019/07/08-22:50:20.649493 7f3258af9700                               Options.ttl: 0
2019/07/08-22:50:20.649551 7f3258af9700 [db/db_impl.cc:1396] Created column family [usertable] (ID 1)
2019/07/08-22:50:20.740297 7f3258af9700 [db/db_impl_open.cc:1219] DB pointer 0x7f323c3b1330
2019/07/08-22:50:29.707560 7f321c5f6700 [db/db_impl_write.cc:1373] [usertable] New memtable created with log file: #9. Immutable memtables: 0.
2019/07/08-22:50:38.596291 7f321c6f7700 [db/db_impl_write.cc:1373] [usertable] New memtable created with log file: #10. Immutable memtables: 1.
2019/07/08-22:50:38.596449 7f31d9ffb700 [db/db_impl_compaction_flush.cc:80] [JOB 2] Syncing log #3
2019/07/08-22:50:38.850270 7f31d9ffb700 [db/db_impl_compaction_flush.cc:80] [JOB 2] Syncing log #9
2019/07/08-22:50:39.374903 7f31d9ffb700 (Original Log Time 2019/07/08-22:50:38.596391) [db/db_impl_compaction_flush.cc:1424] Calling FlushMemTableToOutputFile with column family [usertable], flush slots available 24, compaction slots available 1, flush slots scheduled 1, compaction slots scheduled 0
2019/07/08-22:50:39.374913 7f31d9ffb700 [db/flush_job.cc:301] [usertable] [JOB 2] Flushing memtable with next log file: 9
2019/07/08-22:50:39.374926 7f31d9ffb700 [db/flush_job.cc:301] [usertable] [JOB 2] Flushing memtable with next log file: 10
2019/07/08-22:50:39.374981 7f31d9ffb700 EVENT_LOG_v1 {"time_micros": 1562651439374954, "job": 2, "event": "flush_started", "num_memtables": 2, "num_entries": 62485, "num_deletes": 0, "memory_usage": 260123104, "flush_reason": "Write Buffer Full"}
2019/07/08-22:50:39.374991 7f31d9ffb700 [db/flush_job.cc:331] [usertable] [JOB 2] Level-0 flush table #11: started
2019/07/08-22:50:40.523361 7f31d9ffb700 EVENT_LOG_v1 {"time_micros": 1562651440523329, "cf_name": "usertable", "job": 2, "event": "table_file_creation", "file_number": 11, "file_size": 258775383, "table_properties": {"data_size": 257625669, "index_size": 1148787, "filter_size": 0, "raw_key_size": 1499640, "raw_average_key_size": 24, "raw_value_size": 255938560, "raw_average_value_size": 4096, "num_data_blocks": 31243, "num_entries": 62485, "filter_policy_name": "", "kDeletedKeys": "0", "kMergeOperands": "0"}}
2019/07/08-22:50:40.523393 7f31d9ffb700 [db/flush_job.cc:371] [usertable] [JOB 2] Level-0 flush table #11: 258775383 bytes OK
2019/07/08-22:50:40.552267 7f31d9ffb700 (Original Log Time 2019/07/08-22:50:40.523415) [db/memtable_list.cc:377] [usertable] Level-0 commit table #11 started
2019/07/08-22:50:40.552272 7f31d9ffb700 (Original Log Time 2019/07/08-22:50:40.552127) [db/memtable_list.cc:409] [usertable] Level-0 commit table #11: memtable #1 done
2019/07/08-22:50:40.552274 7f31d9ffb700 (Original Log Time 2019/07/08-22:50:40.552145) [db/memtable_list.cc:409] [usertable] Level-0 commit table #11: memtable #2 done
2019/07/08-22:50:40.552276 7f31d9ffb700 (Original Log Time 2019/07/08-22:50:40.552190) EVENT_LOG_v1 {"time_micros": 1562651440552169, "job": 2, "event": "flush_finished", "output_compression": "NoCompression", "lsm_state": [1, 0, 0, 0, 0, 0, 0], "immutable_memtables": 0}
2019/07/08-22:50:40.552278 7f31d9ffb700 (Original Log Time 2019/07/08-22:50:40.552223) [db/db_impl_compaction_flush.cc:177] [usertable] Level summary: base level 1 max bytes base 536870912 files[1 0 0 0 0 0 0] max score 0.50
2019/07/08-22:50:40.552291 7f31d9ffb700 [db/db_impl_files.cc:347] [JOB 2] Try to delete WAL files size 257998945, prev total WAL file size 286265995, number of live WAL files 3.
2019/07/08-22:50:46.941125 7f31c86f7700 [db/db_impl_write.cc:1373] [usertable] New memtable created with log file: #12. Immutable memtables: 0.
2019/07/08-22:50:55.711277 7f31d86f7700 [db/db_impl_write.cc:1373] [usertable] New memtable created with log file: #13. Immutable memtables: 1.
2019/07/08-22:50:55.711397 7f31d97fa700 [db/db_impl_compaction_flush.cc:80] [JOB 3] Syncing log #10
2019/07/08-22:50:56.184628 7f31d97fa700 [db/db_impl_compaction_flush.cc:80] [JOB 3] Syncing log #12
2019/07/08-22:50:56.705738 7f31d97fa700 (Original Log Time 2019/07/08-22:50:55.711357) [db/db_impl_compaction_flush.cc:1424] Calling FlushMemTableToOutputFile with column family [usertable], flush slots available 24, compaction slots available 1, flush slots scheduled 1, compaction slots scheduled 0
2019/07/08-22:50:56.705759 7f31d97fa700 [db/flush_job.cc:301] [usertable] [JOB 3] Flushing memtable with next log file: 12
2019/07/08-22:50:56.705767 7f31d97fa700 [db/flush_job.cc:301] [usertable] [JOB 3] Flushing memtable with next log file: 13
2019/07/08-22:50:56.705806 7f31d97fa700 EVENT_LOG_v1 {"time_micros": 1562651456705792, "job": 3, "event": "flush_started", "num_memtables": 2, "num_entries": 59902, "num_deletes": 0, "memory_usage": 248265416, "flush_reason": "Write Buffer Full"}
2019/07/08-22:50:56.705813 7f31d97fa700 [db/flush_job.cc:331] [usertable] [JOB 3] Level-0 flush table #14: started
2019/07/08-22:50:57.584155 7f31d97fa700 EVENT_LOG_v1 {"time_micros": 1562651457584129, "cf_name": "usertable", "job": 3, "event": "table_file_creation", "file_number": 14, "file_size": 248091452, "table_properties": {"data_size": 246982602, "index_size": 1107923, "filter_size": 0, "raw_key_size": 1437648, "raw_average_key_size": 24, "raw_value_size": 245358592, "raw_average_value_size": 4096, "num_data_blocks": 29951, "num_entries": 59902, "filter_policy_name": "", "kDeletedKeys": "0", "kMergeOperands": "0"}}
2019/07/08-22:50:57.584177 7f31d97fa700 [db/flush_job.cc:371] [usertable] [JOB 3] Level-0 flush table #14: 248091452 bytes OK
2019/07/08-22:50:57.598865 7f31d97fa700 (Original Log Time 2019/07/08-22:50:57.584192) [db/memtable_list.cc:377] [usertable] Level-0 commit table #14 started
2019/07/08-22:50:57.598868 7f31d97fa700 (Original Log Time 2019/07/08-22:50:57.598796) [db/memtable_list.cc:409] [usertable] Level-0 commit table #14: memtable #1 done
2019/07/08-22:50:57.598870 7f31d97fa700 (Original Log Time 2019/07/08-22:50:57.598799) [db/memtable_list.cc:409] [usertable] Level-0 commit table #14: memtable #2 done
2019/07/08-22:50:57.598871 7f31d97fa700 (Original Log Time 2019/07/08-22:50:57.598816) EVENT_LOG_v1 {"time_micros": 1562651457598806, "job": 3, "event": "flush_finished", "output_compression": "NoCompression", "lsm_state": [2, 0, 0, 0, 0, 0, 0], "immutable_memtables": 0}
2019/07/08-22:50:57.598873 7f31d97fa700 (Original Log Time 2019/07/08-22:50:57.598848) [db/db_impl_compaction_flush.cc:177] [usertable] Level summary: base level 1 max bytes base 536870912 files[2 0 0 0 0 0 0] max score 1.00
2019/07/08-22:50:57.598880 7f31d97fa700 [db/db_impl_files.cc:347] [JOB 3] Try to delete WAL files size 247334266, prev total WAL file size 274626716, number of live WAL files 3.
2019/07/08-22:50:57.599091 7f3237700700 [WARN] [db/db_impl.cc:491] ------- DUMPING STATS -------
2019/07/08-22:50:57.600673 7f3237700700 [WARN] [db/db_impl.cc:492] 
** DB Stats **
Uptime(secs): 37.1 total, 37.1 interval
Cumulative writes: 128K writes, 128K keys, 128K commit groups, 1.0 writes per commit group, ingest: 0.50 GB, 13.71 MB/s
Cumulative WAL: 128K writes, 0 syncs, 128998.00 writes per sync, written: 0.50 GB, 13.71 MB/s
Cumulative stall: 00:00:0.000 H:M:S, 0.0 percent
Interval writes: 128K writes, 128K keys, 128K commit groups, 1.0 writes per commit group, ingest: 507.96 MB, 13.71 MB/s
Interval WAL: 128K writes, 0 syncs, 128998.00 writes per sync, written: 0.50 MB, 13.71 MB/s
Interval stall: 00:00:0.000 H:M:S, 0.0 percent

** Compaction Stats [default] **
Level    Files   Size     Score Read(GB)  Rn(GB) Rnp1(GB) Write(GB) Wnew(GB) Moved(GB) W-Amp Rd(MB/s) Wr(MB/s) Comp(sec) Comp(cnt) Avg(sec) KeyIn KeyDrop
----------------------------------------------------------------------------------------------------------------------------------------------------------
 Sum      0/0    0.00 KB   0.0      0.0     0.0      0.0       0.0      0.0       0.0   0.0      0.0      0.0         0         0    0.000       0      0
 Int      0/0    0.00 KB   0.0      0.0     0.0      0.0       0.0      0.0       0.0   0.0      0.0      0.0         0         0    0.000       0      0
Uptime(secs): 37.1 total, 37.1 interval
Flush(GB): cumulative 0.000, interval 0.000
AddFile(GB): cumulative 0.000, interval 0.000
AddFile(Total Files): cumulative 0, interval 0
AddFile(L0 Files): cumulative 0, interval 0
AddFile(Keys): cumulative 0, interval 0
Cumulative compaction: 0.00 GB write, 0.00 MB/s write, 0.00 GB read, 0.00 MB/s read, 0.0 seconds
Interval compaction: 0.00 GB write, 0.00 MB/s write, 0.00 GB read, 0.00 MB/s read, 0.0 seconds
Stalls(count): 0 level0_slowdown, 0 level0_slowdown_with_compaction, 0 level0_numfiles, 0 level0_numfiles_with_compaction, 0 stop for pending_compaction_bytes, 0 slowdown for pending_compaction_bytes, 0 memtable_compaction, 0 memtable_slowdown, interval 0 total count

** File Read Latency Histogram By Level [default] **

** Compaction Stats [usertable] **
Level    Files   Size     Score Read(GB)  Rn(GB) Rnp1(GB) Write(GB) Wnew(GB) Moved(GB) W-Amp Rd(MB/s) Wr(MB/s) Comp(sec) Comp(cnt) Avg(sec) KeyIn KeyDrop
----------------------------------------------------------------------------------------------------------------------------------------------------------
  L0      2/0   483.39 MB   1.0      0.0     0.0      0.0       0.5      0.5       0.0   1.0      0.0    238.5         2         2    1.013       0      0
 Sum      2/0   483.39 MB   0.0      0.0     0.0      0.0       0.5      0.5       0.0   1.0      0.0    238.5         2         2    1.013       0      0
 Int      0/0    0.00 KB   0.0      0.0     0.0      0.0       0.5      0.5       0.0   1.0      0.0    238.5         2         2    1.013       0      0
Uptime(secs): 36.9 total, 36.9 interval
Flush(GB): cumulative 0.472, interval 0.472
AddFile(GB): cumulative 0.000, interval 0.000
AddFile(Total Files): cumulative 0, interval 0
AddFile(L0 Files): cumulative 0, interval 0
AddFile(Keys): cumulative 0, interval 0
Cumulative compaction: 0.47 GB write, 13.08 MB/s write, 0.00 GB read, 0.00 MB/s read, 2.0 seconds
Interval compaction: 0.47 GB write, 13.08 MB/s write, 0.00 GB read, 0.00 MB/s read, 2.0 seconds
Stalls(count): 0 level0_slowdown, 0 level0_slowdown_with_compaction, 0 level0_numfiles, 0 level0_numfiles_with_compaction, 0 stop for pending_compaction_bytes, 0 slowdown for pending_compaction_bytes, 0 memtable_compaction, 0 memtable_slowdown, interval 0 total count

** File Read Latency Histogram By Level [usertable] **

** Compaction Stats [default] **
Level    Files   Size     Score Read(GB)  Rn(GB) Rnp1(GB) Write(GB) Wnew(GB) Moved(GB) W-Amp Rd(MB/s) Wr(MB/s) Comp(sec) Comp(cnt) Avg(sec) KeyIn KeyDrop
----------------------------------------------------------------------------------------------------------------------------------------------------------
 Sum      0/0    0.00 KB   0.0      0.0     0.0      0.0       0.0      0.0       0.0   0.0      0.0      0.0         0         0    0.000       0      0
 Int      0/0    0.00 KB   0.0      0.0     0.0      0.0       0.0      0.0       0.0   0.0      0.0      0.0         0         0    0.000       0      0
Uptime(secs): 37.1 total, 0.0 interval
Flush(GB): cumulative 0.000, interval 0.000
AddFile(GB): cumulative 0.000, interval 0.000
AddFile(Total Files): cumulative 0, interval 0
AddFile(L0 Files): cumulative 0, interval 0
AddFile(Keys): cumulative 0, interval 0
Cumulative compaction: 0.00 GB write, 0.00 MB/s write, 0.00 GB read, 0.00 MB/s read, 0.0 seconds
Interval compaction: 0.00 GB write, 0.00 MB/s write, 0.00 GB read, 0.00 MB/s read, 0.0 seconds
Stalls(count): 0 level0_slowdown, 0 level0_slowdown_with_compaction, 0 level0_numfiles, 0 level0_numfiles_with_compaction, 0 stop for pending_compaction_bytes, 0 slowdown for pending_compaction_bytes, 0 memtable_compaction, 0 memtable_slowdown, interval 0 total count

** File Read Latency Histogram By Level [default] **

** Compaction Stats [usertable] **
Level    Files   Size     Score Read(GB)  Rn(GB) Rnp1(GB) Write(GB) Wnew(GB) Moved(GB) W-Amp Rd(MB/s) Wr(MB/s) Comp(sec) Comp(cnt) Avg(sec) KeyIn KeyDrop
----------------------------------------------------------------------------------------------------------------------------------------------------------
  L0      2/0   483.39 MB   1.0      0.0     0.0      0.0       0.5      0.5       0.0   1.0      0.0    238.5         2         2    1.013       0      0
 Sum      2/0   483.39 MB   0.0      0.0     0.0      0.0       0.5      0.5       0.0   1.0      0.0    238.5         2         2    1.013       0      0
 Int      0/0    0.00 KB   0.0      0.0     0.0      0.0       0.0      0.0       0.0   0.0      0.0      0.0         0         0    0.000       0      0
Uptime(secs): 36.9 total, 0.0 interval
Flush(GB): cumulative 0.472, interval 0.000
AddFile(GB): cumulative 0.000, interval 0.000
AddFile(Total Files): cumulative 0, interval 0
AddFile(L0 Files): cumulative 0, interval 0
AddFile(Keys): cumulative 0, interval 0
Cumulative compaction: 0.47 GB write, 13.08 MB/s write, 0.00 GB read, 0.00 MB/s read, 2.0 seconds
Interval compaction: 0.00 GB write, 0.00 MB/s write, 0.00 GB read, 0.00 MB/s read, 0.0 seconds
Stalls(count): 0 level0_slowdown, 0 level0_slowdown_with_compaction, 0 level0_numfiles, 0 level0_numfiles_with_compaction, 0 stop for pending_compaction_bytes, 0 slowdown for pending_compaction_bytes, 0 memtable_compaction, 0 memtable_slowdown, interval 0 total count

** File Read Latency Histogram By Level [usertable] **
2019/07/08-22:50:57.616597 7f3237700700 (Original Log Time 2019/07/08-22:50:57.601885) [db/db_impl_compaction_flush.cc:1835] [usertable] Moving #11 to level-1 258775383 bytes
2019/07/08-22:50:57.616602 7f3237700700 (Original Log Time 2019/07/08-22:50:57.616540) EVENT_LOG_v1 {"time_micros": 1562651457616522, "job": 4, "event": "trivial_move", "destination_level": 1, "files": 1, "total_files_size": 258775383}
2019/07/08-22:50:57.616603 7f3237700700 (Original Log Time 2019/07/08-22:50:57.616555) [db/db_impl_compaction_flush.cc:1864] [usertable] Moved #1 files to level-1 258775383 bytes OK: base level 1 max bytes base 536870912 files[1 1 0 0 0 0 0] max score 0.50
2019/07/08-22:51:04.354382 7f31d82f3700 [db/db_impl_write.cc:1373] [usertable] New memtable created with log file: #15. Immutable memtables: 0.
2019/07/08-22:51:12.434709 7f32344f8700 [db/db_impl_write.cc:1373] [usertable] New memtable created with log file: #16. Immutable memtables: 1.
2019/07/08-22:51:12.434867 7f31d8ff9700 [db/db_impl_compaction_flush.cc:80] [JOB 5] Syncing log #13
2019/07/08-22:51:12.908712 7f31d8ff9700 [db/db_impl_compaction_flush.cc:80] [JOB 5] Syncing log #15
2019/07/08-22:51:13.760109 7f31d8ff9700 (Original Log Time 2019/07/08-22:51:12.434843) [db/db_impl_compaction_flush.cc:1424] Calling FlushMemTableToOutputFile with column family [usertable], flush slots available 24, compaction slots available 1, flush slots scheduled 1, compaction slots scheduled 0
2019/07/08-22:51:13.760118 7f31d8ff9700 [db/flush_job.cc:301] [usertable] [JOB 5] Flushing memtable with next log file: 15
2019/07/08-22:51:13.760125 7f31d8ff9700 [db/flush_job.cc:301] [usertable] [JOB 5] Flushing memtable with next log file: 16
2019/07/08-22:51:13.760156 7f31d8ff9700 EVENT_LOG_v1 {"time_micros": 1562651473760146, "job": 5, "event": "flush_started", "num_memtables": 2, "num_entries": 58534, "num_deletes": 0, "memory_usage": 242578776, "flush_reason": "Write Buffer Full"}
2019/07/08-22:51:13.760162 7f31d8ff9700 [db/flush_job.cc:331] [usertable] [JOB 5] Level-0 flush table #17: started
2019/07/08-22:51:15.580008 7f31d8ff9700 EVENT_LOG_v1 {"time_micros": 1562651475579984, "cf_name": "usertable", "job": 5, "event": "table_file_creation", "file_number": 17, "file_size": 242425728, "table_properties": {"data_size": 241342186, "index_size": 1082615, "filter_size": 0, "raw_key_size": 1404816, "raw_average_key_size": 24, "raw_value_size": 239755264, "raw_average_value_size": 4096, "num_data_blocks": 29267, "num_entries": 58534, "filter_policy_name": "", "kDeletedKeys": "0", "kMergeOperands": "0"}}
2019/07/08-22:51:15.580030 7f31d8ff9700 [db/flush_job.cc:371] [usertable] [JOB 5] Level-0 flush table #17: 242425728 bytes OK
2019/07/08-22:51:15.597844 7f31d8ff9700 (Original Log Time 2019/07/08-22:51:15.580044) [db/memtable_list.cc:377] [usertable] Level-0 commit table #17 started
2019/07/08-22:51:15.597848 7f31d8ff9700 (Original Log Time 2019/07/08-22:51:15.597782) [db/memtable_list.cc:409] [usertable] Level-0 commit table #17: memtable #1 done
2019/07/08-22:51:15.597849 7f31d8ff9700 (Original Log Time 2019/07/08-22:51:15.597785) [db/memtable_list.cc:409] [usertable] Level-0 commit table #17: memtable #2 done
2019/07/08-22:51:15.597851 7f31d8ff9700 (Original Log Time 2019/07/08-22:51:15.597801) EVENT_LOG_v1 {"time_micros": 1562651475597792, "job": 5, "event": "flush_finished", "output_compression": "NoCompression", "lsm_state": [2, 1, 0, 0, 0, 0, 0], "immutable_memtables": 0}
2019/07/08-22:51:15.597853 7f31d8ff9700 (Original Log Time 2019/07/08-22:51:15.597827) [db/db_impl_compaction_flush.cc:177] [usertable] Level summary: base level 1 max bytes base 536870912 files[2 1 0 0 0 0 0] max score 1.00
