2019/04/21-21:35:23.876520 7f4d366fb700 RocksDB version: 5.14.3
2019/04/21-21:35:23.876569 7f4d366fb700 Git sha rocksdb_build_git_sha:
2019/04/21-21:35:23.876572 7f4d366fb700 Compile date Oct  9 2018
2019/04/21-21:35:23.876582 7f4d366fb700 DB SUMMARY
2019/04/21-21:35:23.876613 7f4d366fb700 SST files in /mnt/sdd/ycsb-rocksdb-data dir, Total Num: 0, files: 
2019/04/21-21:35:23.876618 7f4d366fb700 Write Ahead Log file in /mnt/sdd/ycsb-rocksdb-data: 
2019/04/21-21:35:23.876622 7f4d366fb700                         Options.error_if_exists: 0
2019/04/21-21:35:23.876623 7f4d366fb700                       Options.create_if_missing: 1
2019/04/21-21:35:23.876624 7f4d366fb700                         Options.paranoid_checks: 1
2019/04/21-21:35:23.876625 7f4d366fb700                                     Options.env: 0x7f4d363e4080
2019/04/21-21:35:23.876626 7f4d366fb700                                Options.info_log: 0x7f4cdc3ad790
2019/04/21-21:35:23.876627 7f4d366fb700                Options.max_file_opening_threads: 16
2019/04/21-21:35:23.876628 7f4d366fb700                              Options.statistics: (nil)
2019/04/21-21:35:23.876629 7f4d366fb700                               Options.use_fsync: 0
2019/04/21-21:35:23.876630 7f4d366fb700                       Options.max_log_file_size: 0
2019/04/21-21:35:23.876631 7f4d366fb700                  Options.max_manifest_file_size: 18446744073709551615
2019/04/21-21:35:23.876632 7f4d366fb700                   Options.log_file_time_to_roll: 0
2019/04/21-21:35:23.876633 7f4d366fb700                       Options.keep_log_file_num: 1000
2019/04/21-21:35:23.876634 7f4d366fb700                    Options.recycle_log_file_num: 0
2019/04/21-21:35:23.876634 7f4d366fb700                         Options.allow_fallocate: 1
2019/04/21-21:35:23.876635 7f4d366fb700                        Options.allow_mmap_reads: 0
2019/04/21-21:35:23.876636 7f4d366fb700                       Options.allow_mmap_writes: 0
2019/04/21-21:35:23.876637 7f4d366fb700                        Options.use_direct_reads: 0
2019/04/21-21:35:23.876638 7f4d366fb700                        Options.use_direct_io_for_flush_and_compaction: 0
2019/04/21-21:35:23.876639 7f4d366fb700          Options.create_missing_column_families: 1
2019/04/21-21:35:23.876640 7f4d366fb700                              Options.db_log_dir: 
2019/04/21-21:35:23.876641 7f4d366fb700                                 Options.wal_dir: /mnt/sdd/ycsb-rocksdb-data
2019/04/21-21:35:23.876641 7f4d366fb700                Options.table_cache_numshardbits: 6
2019/04/21-21:35:23.876642 7f4d366fb700                      Options.max_subcompactions: 4
2019/04/21-21:35:23.876643 7f4d366fb700                  Options.max_background_flushes: 24
2019/04/21-21:35:23.876644 7f4d366fb700                         Options.WAL_ttl_seconds: 0
2019/04/21-21:35:23.876645 7f4d366fb700                       Options.WAL_size_limit_MB: 0
2019/04/21-21:35:23.876646 7f4d366fb700             Options.manifest_preallocation_size: 4194304
2019/04/21-21:35:23.876647 7f4d366fb700                     Options.is_fd_close_on_exec: 1
2019/04/21-21:35:23.876648 7f4d366fb700                   Options.advise_random_on_open: 1
2019/04/21-21:35:23.876649 7f4d366fb700                    Options.db_write_buffer_size: 0
2019/04/21-21:35:23.876650 7f4d366fb700                    Options.write_buffer_manager: 0x7f4cdc3a2410
2019/04/21-21:35:23.876651 7f4d366fb700         Options.access_hint_on_compaction_start: 1
2019/04/21-21:35:23.876651 7f4d366fb700  Options.new_table_reader_for_compaction_inputs: 0
2019/04/21-21:35:23.876652 7f4d366fb700           Options.random_access_max_buffer_size: 1048576
2019/04/21-21:35:23.876653 7f4d366fb700                      Options.use_adaptive_mutex: 0
2019/04/21-21:35:23.876654 7f4d366fb700                            Options.rate_limiter: (nil)
2019/04/21-21:35:23.876656 7f4d366fb700     Options.sst_file_manager.rate_bytes_per_sec: 0
2019/04/21-21:35:23.876657 7f4d366fb700                       Options.wal_recovery_mode: 2
2019/04/21-21:35:23.876657 7f4d366fb700                  Options.enable_thread_tracking: 0
2019/04/21-21:35:23.876658 7f4d366fb700                  Options.enable_pipelined_write: 1
2019/04/21-21:35:23.876668 7f4d366fb700         Options.allow_concurrent_memtable_write: 1
2019/04/21-21:35:23.876670 7f4d366fb700      Options.enable_write_thread_adaptive_yield: 1
2019/04/21-21:35:23.876671 7f4d366fb700             Options.write_thread_max_yield_usec: 100
2019/04/21-21:35:23.876672 7f4d366fb700            Options.write_thread_slow_yield_usec: 3
2019/04/21-21:35:23.876673 7f4d366fb700                               Options.row_cache: None
2019/04/21-21:35:23.876673 7f4d366fb700                              Options.wal_filter: None
2019/04/21-21:35:23.876674 7f4d366fb700             Options.avoid_flush_during_recovery: 0
2019/04/21-21:35:23.876675 7f4d366fb700             Options.allow_ingest_behind: 0
2019/04/21-21:35:23.876676 7f4d366fb700             Options.preserve_deletes: 0
2019/04/21-21:35:23.876677 7f4d366fb700             Options.two_write_queues: 0
2019/04/21-21:35:23.876678 7f4d366fb700             Options.manual_wal_flush: 0
2019/04/21-21:35:23.876680 7f4d366fb700             Options.max_background_jobs: 24
2019/04/21-21:35:23.876681 7f4d366fb700             Options.max_background_compactions: 24
2019/04/21-21:35:23.876682 7f4d366fb700             Options.avoid_flush_during_shutdown: 0
2019/04/21-21:35:23.876683 7f4d366fb700           Options.writable_file_max_buffer_size: 1048576
2019/04/21-21:35:23.876684 7f4d366fb700             Options.delayed_write_rate : 16777216
2019/04/21-21:35:23.876685 7f4d366fb700             Options.max_total_wal_size: 0
2019/04/21-21:35:23.876686 7f4d366fb700             Options.delete_obsolete_files_period_micros: 21600000000
2019/04/21-21:35:23.876687 7f4d366fb700                   Options.stats_dump_period_sec: 60
2019/04/21-21:35:23.876688 7f4d366fb700                          Options.max_open_files: -1
2019/04/21-21:35:23.876689 7f4d366fb700                          Options.bytes_per_sync: 1048576
2019/04/21-21:35:23.876690 7f4d366fb700                      Options.wal_bytes_per_sync: 0
2019/04/21-21:35:23.876690 7f4d366fb700       Options.compaction_readahead_size: 0
2019/04/21-21:35:23.876691 7f4d366fb700 Compression algorithms supported:
2019/04/21-21:35:23.876693 7f4d366fb700 	kZSTDNotFinalCompression supported: 1
2019/04/21-21:35:23.876701 7f4d366fb700 	kZSTD supported: 1
2019/04/21-21:35:23.876703 7f4d366fb700 	kXpressCompression supported: 0
2019/04/21-21:35:23.876704 7f4d366fb700 	kLZ4HCCompression supported: 1
2019/04/21-21:35:23.876705 7f4d366fb700 	kLZ4Compression supported: 1
2019/04/21-21:35:23.876706 7f4d366fb700 	kBZip2Compression supported: 1
2019/04/21-21:35:23.876707 7f4d366fb700 	kZlibCompression supported: 1
2019/04/21-21:35:23.876708 7f4d366fb700 	kSnappyCompression supported: 1
2019/04/21-21:35:23.876712 7f4d366fb700 Fast CRC32 supported: Not supported on x86
2019/04/21-21:35:23.876790 7f4d366fb700 [db/db_impl_open.cc:222] Creating manifest 1 
2019/04/21-21:35:23.935936 7f4d366fb700 [db/version_set.cc:3085] Recovering from manifest file: MANIFEST-000001
2019/04/21-21:35:23.936033 7f4d366fb700 [db/column_family.cc:475] --------------- Options for column family [default]:
2019/04/21-21:35:23.936037 7f4d366fb700               Options.comparator: leveldb.BytewiseComparator
2019/04/21-21:35:23.936038 7f4d366fb700           Options.merge_operator: None
2019/04/21-21:35:23.936039 7f4d366fb700        Options.compaction_filter: None
2019/04/21-21:35:23.936040 7f4d366fb700        Options.compaction_filter_factory: None
2019/04/21-21:35:23.936041 7f4d366fb700         Options.memtable_factory: SkipListFactory
2019/04/21-21:35:23.936042 7f4d366fb700            Options.table_factory: BlockBasedTable
2019/04/21-21:35:23.936072 7f4d366fb700            table_factory options:   flush_block_policy_factory: FlushBlockBySizePolicyFactory (0x7f4cdc3ab300)
  cache_index_and_filter_blocks: 0
  cache_index_and_filter_blocks_with_high_priority: 0
  pin_l0_filter_and_index_blocks_in_cache: 0
  index_type: 0
  hash_index_allow_collision: 1
  checksum: 1
  no_block_cache: 0
  block_cache: 0x7f4cdc39fc80
  block_cache_name: LRUCache
  block_cache_options:
    capacity : 8388608
    num_shard_bits : 4
    strict_capacity_limit : 0
    high_pri_pool_ratio: 0.000
  block_cache_compressed: (nil)
  persistent_cache: (nil)
  block_size: 8192
  block_size_deviation: 10
  block_restart_interval: 16
  index_block_restart_interval: 1
  metadata_block_size: 4096
  partition_filters: 0
  use_delta_encoding: 1
  filter_policy: nullptr
  whole_key_filtering: 1
  verify_compression: 0
  read_amp_bytes_per_bit: 0
  format_version: 2
  enable_index_compression: 1
  block_align: 0
2019/04/21-21:35:23.936088 7f4d366fb700        Options.write_buffer_size: 134217728
2019/04/21-21:35:23.936090 7f4d366fb700  Options.max_write_buffer_number: 24
2019/04/21-21:35:23.936091 7f4d366fb700        Options.compression[0]: NoCompression
2019/04/21-21:35:23.936093 7f4d366fb700        Options.compression[1]: NoCompression
2019/04/21-21:35:23.936094 7f4d366fb700        Options.compression[2]: LZ4
2019/04/21-21:35:23.936095 7f4d366fb700        Options.compression[3]: LZ4
2019/04/21-21:35:23.936096 7f4d366fb700        Options.compression[4]: LZ4
2019/04/21-21:35:23.936097 7f4d366fb700        Options.compression[5]: LZ4
2019/04/21-21:35:23.936098 7f4d366fb700        Options.compression[6]: LZ4
2019/04/21-21:35:23.936099 7f4d366fb700                  Options.bottommost_compression: Disabled
2019/04/21-21:35:23.936100 7f4d366fb700       Options.prefix_extractor: nullptr
2019/04/21-21:35:23.936101 7f4d366fb700   Options.memtable_insert_with_hint_prefix_extractor: nullptr
2019/04/21-21:35:23.936102 7f4d366fb700             Options.num_levels: 7
2019/04/21-21:35:23.936103 7f4d366fb700        Options.min_write_buffer_number_to_merge: 2
2019/04/21-21:35:23.936104 7f4d366fb700     Options.max_write_buffer_number_to_maintain: 0
2019/04/21-21:35:23.936104 7f4d366fb700            Options.compression_opts.window_bits: -14
2019/04/21-21:35:23.936105 7f4d366fb700                  Options.compression_opts.level: -1
2019/04/21-21:35:23.936106 7f4d366fb700               Options.compression_opts.strategy: 0
2019/04/21-21:35:23.936107 7f4d366fb700         Options.compression_opts.max_dict_bytes: 0
2019/04/21-21:35:23.936108 7f4d366fb700         Options.compression_opts.zstd_max_train_bytes: 0
2019/04/21-21:35:23.936109 7f4d366fb700      Options.level0_file_num_compaction_trigger: 2
2019/04/21-21:35:23.936110 7f4d366fb700          Options.level0_slowdown_writes_trigger: 20
2019/04/21-21:35:23.936111 7f4d366fb700              Options.level0_stop_writes_trigger: 36
2019/04/21-21:35:23.936112 7f4d366fb700                   Options.target_file_size_base: 67108864
2019/04/21-21:35:23.936113 7f4d366fb700             Options.target_file_size_multiplier: 1
2019/04/21-21:35:23.936113 7f4d366fb700                Options.max_bytes_for_level_base: 536870912
2019/04/21-21:35:23.936114 7f4d366fb700 Options.level_compaction_dynamic_level_bytes: 0
2019/04/21-21:35:23.936115 7f4d366fb700          Options.max_bytes_for_level_multiplier: 10.000000
2019/04/21-21:35:23.936118 7f4d366fb700 Options.max_bytes_for_level_multiplier_addtl[0]: 1
2019/04/21-21:35:23.936119 7f4d366fb700 Options.max_bytes_for_level_multiplier_addtl[1]: 1
2019/04/21-21:35:23.936120 7f4d366fb700 Options.max_bytes_for_level_multiplier_addtl[2]: 1
2019/04/21-21:35:23.936121 7f4d366fb700 Options.max_bytes_for_level_multiplier_addtl[3]: 1
2019/04/21-21:35:23.936121 7f4d366fb700 Options.max_bytes_for_level_multiplier_addtl[4]: 1
2019/04/21-21:35:23.936122 7f4d366fb700 Options.max_bytes_for_level_multiplier_addtl[5]: 1
2019/04/21-21:35:23.936123 7f4d366fb700 Options.max_bytes_for_level_multiplier_addtl[6]: 1
2019/04/21-21:35:23.936124 7f4d366fb700       Options.max_sequential_skip_in_iterations: 8
2019/04/21-21:35:23.936125 7f4d366fb700                    Options.max_compaction_bytes: 1677721600
2019/04/21-21:35:23.936126 7f4d366fb700                        Options.arena_block_size: 16777216
2019/04/21-21:35:23.936127 7f4d366fb700   Options.soft_pending_compaction_bytes_limit: 68719476736
2019/04/21-21:35:23.936128 7f4d366fb700   Options.hard_pending_compaction_bytes_limit: 274877906944
2019/04/21-21:35:23.936135 7f4d366fb700       Options.rate_limit_delay_max_milliseconds: 100
2019/04/21-21:35:23.936137 7f4d366fb700                Options.disable_auto_compactions: 0
2019/04/21-21:35:23.936138 7f4d366fb700                        Options.compaction_style: kCompactionStyleLevel
2019/04/21-21:35:23.936140 7f4d366fb700                          Options.compaction_pri: kByCompensatedSize
2019/04/21-21:35:23.936141 7f4d366fb700 Options.compaction_options_universal.size_ratio: 1
2019/04/21-21:35:23.936142 7f4d366fb700 Options.compaction_options_universal.min_merge_width: 2
2019/04/21-21:35:23.936143 7f4d366fb700 Options.compaction_options_universal.max_merge_width: 4294967295
2019/04/21-21:35:23.936144 7f4d366fb700 Options.compaction_options_universal.max_size_amplification_percent: 200
2019/04/21-21:35:23.936145 7f4d366fb700 Options.compaction_options_universal.compression_size_percent: -1
2019/04/21-21:35:23.936146 7f4d366fb700 Options.compaction_options_universal.stop_style: kCompactionStopStyleTotalSize
2019/04/21-21:35:23.936147 7f4d366fb700 Options.compaction_options_fifo.max_table_files_size: 1073741824
2019/04/21-21:35:23.936148 7f4d366fb700 Options.compaction_options_fifo.allow_compaction: 0
2019/04/21-21:35:23.936149 7f4d366fb700 Options.compaction_options_fifo.ttl: 0
2019/04/21-21:35:23.936150 7f4d366fb700                   Options.table_properties_collectors: 
2019/04/21-21:35:23.936151 7f4d366fb700                   Options.inplace_update_support: 0
2019/04/21-21:35:23.936152 7f4d366fb700                 Options.inplace_update_num_locks: 10000
2019/04/21-21:35:23.936152 7f4d366fb700               Options.memtable_prefix_bloom_size_ratio: 0.000000
2019/04/21-21:35:23.936154 7f4d366fb700   Options.memtable_huge_page_size: 0
2019/04/21-21:35:23.936155 7f4d366fb700                           Options.bloom_locality: 0
2019/04/21-21:35:23.936156 7f4d366fb700                    Options.max_successive_merges: 0
2019/04/21-21:35:23.936157 7f4d366fb700                Options.optimize_filters_for_hits: 0
2019/04/21-21:35:23.936157 7f4d366fb700                Options.paranoid_file_checks: 0
2019/04/21-21:35:23.936158 7f4d366fb700                Options.force_consistency_checks: 0
2019/04/21-21:35:23.936159 7f4d366fb700                Options.report_bg_io_stats: 0
2019/04/21-21:35:23.936160 7f4d366fb700                               Options.ttl: 0
2019/04/21-21:35:23.936982 7f4d366fb700 [db/version_set.cc:3361] Recovered from manifest file:/mnt/sdd/ycsb-rocksdb-data/MANIFEST-000001 succeeded,manifest_file_number is 1, next_file_number is 3, last_sequence is 0, log_number is 0,prev_log_number is 0,max_column_family is 0,min_log_number_to_keep is 0
2019/04/21-21:35:23.936988 7f4d366fb700 [db/version_set.cc:3369] Column family [default] (ID 0), log number is 0
2019/04/21-21:35:23.937171 7f4d366fb700 [db/version_set.cc:2847] Creating manifest 4
2019/04/21-21:35:23.982676 7f4d366fb700 [db/column_family.cc:475] --------------- Options for column family [usertable]:
2019/04/21-21:35:23.982680 7f4d366fb700               Options.comparator: leveldb.BytewiseComparator
2019/04/21-21:35:23.982681 7f4d366fb700           Options.merge_operator: None
2019/04/21-21:35:23.982682 7f4d366fb700        Options.compaction_filter: None
2019/04/21-21:35:23.982683 7f4d366fb700        Options.compaction_filter_factory: None
2019/04/21-21:35:23.982684 7f4d366fb700         Options.memtable_factory: SkipListFactory
2019/04/21-21:35:23.982685 7f4d366fb700            Options.table_factory: BlockBasedTable
2019/04/21-21:35:23.982709 7f4d366fb700            table_factory options:   flush_block_policy_factory: FlushBlockBySizePolicyFactory (0x7f4cdc3a17b0)
  cache_index_and_filter_blocks: 0
  cache_index_and_filter_blocks_with_high_priority: 0
  pin_l0_filter_and_index_blocks_in_cache: 0
  index_type: 0
  hash_index_allow_collision: 1
  checksum: 1
  no_block_cache: 0
  block_cache: 0x7f4cdc3aefc0
  block_cache_name: LRUCache
  block_cache_options:
    capacity : 8388608
    num_shard_bits : 4
    strict_capacity_limit : 0
    high_pri_pool_ratio: 0.000
  block_cache_compressed: (nil)
  persistent_cache: (nil)
  block_size: 8192
  block_size_deviation: 10
  block_restart_interval: 16
  index_block_restart_interval: 1
  metadata_block_size: 4096
  partition_filters: 0
  use_delta_encoding: 1
  filter_policy: nullptr
  whole_key_filtering: 1
  verify_compression: 0
  read_amp_bytes_per_bit: 0
  format_version: 2
  enable_index_compression: 1
  block_align: 0
2019/04/21-21:35:23.982711 7f4d366fb700        Options.write_buffer_size: 134217728
2019/04/21-21:35:23.982712 7f4d366fb700  Options.max_write_buffer_number: 24
2019/04/21-21:35:23.982714 7f4d366fb700        Options.compression[0]: NoCompression
2019/04/21-21:35:23.982715 7f4d366fb700        Options.compression[1]: NoCompression
2019/04/21-21:35:23.982716 7f4d366fb700        Options.compression[2]: LZ4
2019/04/21-21:35:23.982717 7f4d366fb700        Options.compression[3]: LZ4
2019/04/21-21:35:23.982718 7f4d366fb700        Options.compression[4]: LZ4
2019/04/21-21:35:23.982719 7f4d366fb700        Options.compression[5]: LZ4
2019/04/21-21:35:23.982720 7f4d366fb700        Options.compression[6]: LZ4
2019/04/21-21:35:23.982721 7f4d366fb700                  Options.bottommost_compression: Disabled
2019/04/21-21:35:23.982722 7f4d366fb700       Options.prefix_extractor: nullptr
2019/04/21-21:35:23.982723 7f4d366fb700   Options.memtable_insert_with_hint_prefix_extractor: nullptr
2019/04/21-21:35:23.982723 7f4d366fb700             Options.num_levels: 7
2019/04/21-21:35:23.982724 7f4d366fb700        Options.min_write_buffer_number_to_merge: 2
2019/04/21-21:35:23.982725 7f4d366fb700     Options.max_write_buffer_number_to_maintain: 0
2019/04/21-21:35:23.982726 7f4d366fb700            Options.compression_opts.window_bits: -14
2019/04/21-21:35:23.982727 7f4d366fb700                  Options.compression_opts.level: -1
2019/04/21-21:35:23.982728 7f4d366fb700               Options.compression_opts.strategy: 0
2019/04/21-21:35:23.982729 7f4d366fb700         Options.compression_opts.max_dict_bytes: 0
2019/04/21-21:35:23.982730 7f4d366fb700         Options.compression_opts.zstd_max_train_bytes: 0
2019/04/21-21:35:23.982730 7f4d366fb700      Options.level0_file_num_compaction_trigger: 2
2019/04/21-21:35:23.982731 7f4d366fb700          Options.level0_slowdown_writes_trigger: 20
2019/04/21-21:35:23.982732 7f4d366fb700              Options.level0_stop_writes_trigger: 36
2019/04/21-21:35:23.982733 7f4d366fb700                   Options.target_file_size_base: 67108864
2019/04/21-21:35:23.982734 7f4d366fb700             Options.target_file_size_multiplier: 1
2019/04/21-21:35:23.982735 7f4d366fb700                Options.max_bytes_for_level_base: 536870912
2019/04/21-21:35:23.982736 7f4d366fb700 Options.level_compaction_dynamic_level_bytes: 0
2019/04/21-21:35:23.982737 7f4d366fb700          Options.max_bytes_for_level_multiplier: 10.000000
2019/04/21-21:35:23.982739 7f4d366fb700 Options.max_bytes_for_level_multiplier_addtl[0]: 1
2019/04/21-21:35:23.982750 7f4d366fb700 Options.max_bytes_for_level_multiplier_addtl[1]: 1
2019/04/21-21:35:23.982751 7f4d366fb700 Options.max_bytes_for_level_multiplier_addtl[2]: 1
2019/04/21-21:35:23.982752 7f4d366fb700 Options.max_bytes_for_level_multiplier_addtl[3]: 1
2019/04/21-21:35:23.982753 7f4d366fb700 Options.max_bytes_for_level_multiplier_addtl[4]: 1
2019/04/21-21:35:23.982754 7f4d366fb700 Options.max_bytes_for_level_multiplier_addtl[5]: 1
2019/04/21-21:35:23.982755 7f4d366fb700 Options.max_bytes_for_level_multiplier_addtl[6]: 1
2019/04/21-21:35:23.982756 7f4d366fb700       Options.max_sequential_skip_in_iterations: 8
2019/04/21-21:35:23.982757 7f4d366fb700                    Options.max_compaction_bytes: 1677721600
2019/04/21-21:35:23.982758 7f4d366fb700                        Options.arena_block_size: 16777216
2019/04/21-21:35:23.982758 7f4d366fb700   Options.soft_pending_compaction_bytes_limit: 68719476736
2019/04/21-21:35:23.982759 7f4d366fb700   Options.hard_pending_compaction_bytes_limit: 274877906944
2019/04/21-21:35:23.982760 7f4d366fb700       Options.rate_limit_delay_max_milliseconds: 100
2019/04/21-21:35:23.982761 7f4d366fb700                Options.disable_auto_compactions: 0
2019/04/21-21:35:23.982762 7f4d366fb700                        Options.compaction_style: kCompactionStyleLevel
2019/04/21-21:35:23.982763 7f4d366fb700                          Options.compaction_pri: kByCompensatedSize
2019/04/21-21:35:23.982764 7f4d366fb700 Options.compaction_options_universal.size_ratio: 1
2019/04/21-21:35:23.982765 7f4d366fb700 Options.compaction_options_universal.min_merge_width: 2
2019/04/21-21:35:23.982766 7f4d366fb700 Options.compaction_options_universal.max_merge_width: 4294967295
2019/04/21-21:35:23.982767 7f4d366fb700 Options.compaction_options_universal.max_size_amplification_percent: 200
2019/04/21-21:35:23.982768 7f4d366fb700 Options.compaction_options_universal.compression_size_percent: -1
2019/04/21-21:35:23.982769 7f4d366fb700 Options.compaction_options_universal.stop_style: kCompactionStopStyleTotalSize
2019/04/21-21:35:23.982770 7f4d366fb700 Options.compaction_options_fifo.max_table_files_size: 1073741824
2019/04/21-21:35:23.982771 7f4d366fb700 Options.compaction_options_fifo.allow_compaction: 0
2019/04/21-21:35:23.982772 7f4d366fb700 Options.compaction_options_fifo.ttl: 0
2019/04/21-21:35:23.982773 7f4d366fb700                   Options.table_properties_collectors: 
2019/04/21-21:35:23.982774 7f4d366fb700                   Options.inplace_update_support: 0
2019/04/21-21:35:23.982774 7f4d366fb700                 Options.inplace_update_num_locks: 10000
2019/04/21-21:35:23.982775 7f4d366fb700               Options.memtable_prefix_bloom_size_ratio: 0.000000
2019/04/21-21:35:23.982777 7f4d366fb700   Options.memtable_huge_page_size: 0
2019/04/21-21:35:23.982778 7f4d366fb700                           Options.bloom_locality: 0
2019/04/21-21:35:23.982779 7f4d366fb700                    Options.max_successive_merges: 0
2019/04/21-21:35:23.982779 7f4d366fb700                Options.optimize_filters_for_hits: 0
2019/04/21-21:35:23.982780 7f4d366fb700                Options.paranoid_file_checks: 0
2019/04/21-21:35:23.982781 7f4d366fb700                Options.force_consistency_checks: 0
2019/04/21-21:35:23.982782 7f4d366fb700                Options.report_bg_io_stats: 0
2019/04/21-21:35:23.982783 7f4d366fb700                               Options.ttl: 0
2019/04/21-21:35:23.982828 7f4d366fb700 [db/db_impl.cc:1396] Created column family [usertable] (ID 1)
2019/04/21-21:35:24.031584 7f4d366fb700 [db/db_impl_open.cc:1219] DB pointer 0x7f4cdc3b3400
2019/04/21-21:35:32.998606 7f4cd46f7700 [db/db_impl_write.cc:1373] [usertable] New memtable created with log file: #9. Immutable memtables: 0.
2019/04/21-21:35:41.403332 7f4d3413f700 [db/db_impl_write.cc:1373] [usertable] New memtable created with log file: #10. Immutable memtables: 1.
2019/04/21-21:35:41.403472 7f4c2affd700 [db/db_impl_compaction_flush.cc:80] [JOB 2] Syncing log #3
2019/04/21-21:35:41.719915 7f4c2affd700 [db/db_impl_compaction_flush.cc:80] [JOB 2] Syncing log #9
2019/04/21-21:35:42.822603 7f4c2affd700 (Original Log Time 2019/04/21-21:35:41.403412) [db/db_impl_compaction_flush.cc:1424] Calling FlushMemTableToOutputFile with column family [usertable], flush slots available 24, compaction slots available 1, flush slots scheduled 1, compaction slots scheduled 0
2019/04/21-21:35:42.822616 7f4c2affd700 [db/flush_job.cc:301] [usertable] [JOB 2] Flushing memtable with next log file: 9
2019/04/21-21:35:42.822629 7f4c2affd700 [db/flush_job.cc:301] [usertable] [JOB 2] Flushing memtable with next log file: 10
2019/04/21-21:35:42.822694 7f4c2affd700 EVENT_LOG_v1 {"time_micros": 1555907742822663, "job": 2, "event": "flush_started", "num_memtables": 2, "num_entries": 60790, "num_deletes": 0, "memory_usage": 257478984, "flush_reason": "Write Buffer Full"}
2019/04/21-21:35:42.822707 7f4c2affd700 [db/flush_job.cc:331] [usertable] [JOB 2] Level-0 flush table #11: started
2019/04/21-21:35:44.314141 7f4c2affd700 EVENT_LOG_v1 {"time_micros": 1555907744314107, "cf_name": "usertable", "job": 2, "event": "table_file_creation", "file_number": 11, "file_size": 251755697, "table_properties": {"data_size": 250637170, "index_size": 1117600, "filter_size": 0, "raw_key_size": 1458960, "raw_average_key_size": 24, "raw_value_size": 248995840, "raw_average_value_size": 4096, "num_data_blocks": 30395, "num_entries": 60790, "filter_policy_name": "", "kDeletedKeys": "0", "kMergeOperands": "0"}}
2019/04/21-21:35:44.314176 7f4c2affd700 [db/flush_job.cc:371] [usertable] [JOB 2] Level-0 flush table #11: 251755697 bytes OK
2019/04/21-21:35:44.329554 7f4c2affd700 (Original Log Time 2019/04/21-21:35:44.314194) [db/memtable_list.cc:377] [usertable] Level-0 commit table #11 started
2019/04/21-21:35:44.329559 7f4c2affd700 (Original Log Time 2019/04/21-21:35:44.329472) [db/memtable_list.cc:409] [usertable] Level-0 commit table #11: memtable #1 done
2019/04/21-21:35:44.329562 7f4c2affd700 (Original Log Time 2019/04/21-21:35:44.329478) [db/memtable_list.cc:409] [usertable] Level-0 commit table #11: memtable #2 done
2019/04/21-21:35:44.329565 7f4c2affd700 (Original Log Time 2019/04/21-21:35:44.329496) EVENT_LOG_v1 {"time_micros": 1555907744329485, "job": 2, "event": "flush_finished", "output_compression": "NoCompression", "lsm_state": [1, 0, 0, 0, 0, 0, 0], "immutable_memtables": 0}
2019/04/21-21:35:44.329568 7f4c2affd700 (Original Log Time 2019/04/21-21:35:44.329521) [db/db_impl_compaction_flush.cc:177] [usertable] Level summary: base level 1 max bytes base 536870912 files[1 0 0 0 0 0 0] max score 0.50
2019/04/21-21:35:44.329600 7f4c2affd700 [db/db_impl_files.cc:347] [JOB 2] Try to delete WAL files size 251000938, prev total WAL file size 293290048, number of live WAL files 3.
2019/04/21-21:35:49.444821 7f4cc81f2700 [db/db_impl_write.cc:1373] [usertable] New memtable created with log file: #12. Immutable memtables: 0.
2019/04/21-21:35:58.156899 7f4c886f7700 [db/db_impl_write.cc:1373] [usertable] New memtable created with log file: #13. Immutable memtables: 1.
2019/04/21-21:35:58.157069 7f4c83fff700 [db/db_impl_compaction_flush.cc:80] [JOB 3] Syncing log #10
2019/04/21-21:35:58.621453 7f4c83fff700 [db/db_impl_compaction_flush.cc:80] [JOB 3] Syncing log #12
2019/04/21-21:35:59.766498 7f4c83fff700 (Original Log Time 2019/04/21-21:35:58.157042) [db/db_impl_compaction_flush.cc:1424] Calling FlushMemTableToOutputFile with column family [usertable], flush slots available 24, compaction slots available 1, flush slots scheduled 1, compaction slots scheduled 0
2019/04/21-21:35:59.766511 7f4c83fff700 [db/flush_job.cc:301] [usertable] [JOB 3] Flushing memtable with next log file: 12
2019/04/21-21:35:59.766520 7f4c83fff700 [db/flush_job.cc:301] [usertable] [JOB 3] Flushing memtable with next log file: 13
2019/04/21-21:35:59.766561 7f4c83fff700 EVENT_LOG_v1 {"time_micros": 1555907759766545, "job": 3, "event": "flush_started", "num_memtables": 2, "num_entries": 58636, "num_deletes": 0, "memory_usage": 245280896, "flush_reason": "Write Buffer Full"}
2019/04/21-21:35:59.766568 7f4c83fff700 [db/flush_job.cc:331] [usertable] [JOB 3] Level-0 flush table #14: started
2019/04/21-21:36:01.288733 7f4c83fff700 EVENT_LOG_v1 {"time_micros": 1555907761288708, "cf_name": "usertable", "job": 3, "event": "table_file_creation", "file_number": 14, "file_size": 242835142, "table_properties": {"data_size": 241756228, "index_size": 1077987, "filter_size": 0, "raw_key_size": 1407264, "raw_average_key_size": 24, "raw_value_size": 240173056, "raw_average_value_size": 4096, "num_data_blocks": 29318, "num_entries": 58636, "filter_policy_name": "", "kDeletedKeys": "0", "kMergeOperands": "0"}}
2019/04/21-21:36:01.288767 7f4c83fff700 [db/flush_job.cc:371] [usertable] [JOB 3] Level-0 flush table #14: 242835142 bytes OK
2019/04/21-21:36:01.304078 7f4c83fff700 (Original Log Time 2019/04/21-21:36:01.288783) [db/memtable_list.cc:377] [usertable] Level-0 commit table #14 started
2019/04/21-21:36:01.304081 7f4c83fff700 (Original Log Time 2019/04/21-21:36:01.304003) [db/memtable_list.cc:409] [usertable] Level-0 commit table #14: memtable #1 done
2019/04/21-21:36:01.304083 7f4c83fff700 (Original Log Time 2019/04/21-21:36:01.304005) [db/memtable_list.cc:409] [usertable] Level-0 commit table #14: memtable #2 done
2019/04/21-21:36:01.304084 7f4c83fff700 (Original Log Time 2019/04/21-21:36:01.304022) EVENT_LOG_v1 {"time_micros": 1555907761304012, "job": 3, "event": "flush_finished", "output_compression": "NoCompression", "lsm_state": [2, 0, 0, 0, 0, 0, 0], "immutable_memtables": 0}
2019/04/21-21:36:01.304086 7f4c83fff700 (Original Log Time 2019/04/21-21:36:01.304059) [db/db_impl_compaction_flush.cc:177] [usertable] Level summary: base level 1 max bytes base 536870912 files[2 0 0 0 0 0 0] max score 1.00
2019/04/21-21:36:01.304095 7f4c83fff700 [db/db_impl_files.cc:347] [JOB 3] Try to delete WAL files size 242107192, prev total WAL file size 287596109, number of live WAL files 3.
2019/04/21-21:36:01.304292 7f4c88ff9700 [WARN] [db/db_impl.cc:491] ------- DUMPING STATS -------
2019/04/21-21:36:01.304332 7f4c88ff9700 [WARN] [db/db_impl.cc:492] 
** DB Stats **
Uptime(secs): 37.4 total, 37.4 interval
Cumulative writes: 130K writes, 130K keys, 130K commit groups, 1.0 writes per commit group, ingest: 0.50 GB, 13.75 MB/s
Cumulative WAL: 130K writes, 0 syncs, 130443.00 writes per sync, written: 0.50 GB, 13.75 MB/s
Cumulative stall: 00:00:0.000 H:M:S, 0.0 percent
Interval writes: 130K writes, 130K keys, 130K commit groups, 1.0 writes per commit group, ingest: 513.65 MB, 13.75 MB/s
Interval WAL: 130K writes, 0 syncs, 130443.00 writes per sync, written: 0.50 MB, 13.75 MB/s
Interval stall: 00:00:0.000 H:M:S, 0.0 percent

** Compaction Stats [default] **
Level    Files   Size     Score Read(GB)  Rn(GB) Rnp1(GB) Write(GB) Wnew(GB) Moved(GB) W-Amp Rd(MB/s) Wr(MB/s) Comp(sec) Comp(cnt) Avg(sec) KeyIn KeyDrop
----------------------------------------------------------------------------------------------------------------------------------------------------------
 Sum      0/0    0.00 KB   0.0      0.0     0.0      0.0       0.0      0.0       0.0   0.0      0.0      0.0         0         0    0.000       0      0
 Int      0/0    0.00 KB   0.0      0.0     0.0      0.0       0.0      0.0       0.0   0.0      0.0      0.0         0         0    0.000       0      0
Uptime(secs): 37.4 total, 37.4 interval
Flush(GB): cumulative 0.000, interval 0.000
AddFile(GB): cumulative 0.000, interval 0.000
AddFile(Total Files): cumulative 0, interval 0
AddFile(L0 Files): cumulative 0, interval 0
AddFile(Keys): cumulative 0, interval 0
Cumulative compaction: 0.00 GB write, 0.00 MB/s write, 0.00 GB read, 0.00 MB/s read, 0.0 seconds
Interval compaction: 0.00 GB write, 0.00 MB/s write, 0.00 GB read, 0.00 MB/s read, 0.0 seconds
Stalls(count): 0 level0_slowdown, 0 level0_slowdown_with_compaction, 0 level0_numfiles, 0 level0_numfiles_with_compaction, 0 stop for pending_compaction_bytes, 0 slowdown for pending_compaction_bytes, 0 memtable_compaction, 0 memtable_slowdown, interval 0 total count

** File Read Latency Histogram By Level [default] **

** Compaction Stats [usertable] **
Level    Files   Size     Score Read(GB)  Rn(GB) Rnp1(GB) Write(GB) Wnew(GB) Moved(GB) W-Amp Rd(MB/s) Wr(MB/s) Comp(sec) Comp(cnt) Avg(sec) KeyIn KeyDrop
----------------------------------------------------------------------------------------------------------------------------------------------------------
  L0      2/0   471.68 MB   1.0      0.0     0.0      0.0       0.5      0.5       0.0   1.0      0.0    156.5         3         2    1.507       0      0
 Sum      2/0   471.68 MB   0.0      0.0     0.0      0.0       0.5      0.5       0.0   1.0      0.0    156.5         3         2    1.507       0      0
 Int      0/0    0.00 KB   0.0      0.0     0.0      0.0       0.5      0.5       0.0   1.0      0.0    156.5         3         2    1.507       0      0
Uptime(secs): 37.3 total, 37.3 interval
Flush(GB): cumulative 0.461, interval 0.461
AddFile(GB): cumulative 0.000, interval 0.000
AddFile(Total Files): cumulative 0, interval 0
AddFile(L0 Files): cumulative 0, interval 0
AddFile(Keys): cumulative 0, interval 0
Cumulative compaction: 0.46 GB write, 12.64 MB/s write, 0.00 GB read, 0.00 MB/s read, 3.0 seconds
Interval compaction: 0.46 GB write, 12.64 MB/s write, 0.00 GB read, 0.00 MB/s read, 3.0 seconds
Stalls(count): 0 level0_slowdown, 0 level0_slowdown_with_compaction, 0 level0_numfiles, 0 level0_numfiles_with_compaction, 0 stop for pending_compaction_bytes, 0 slowdown for pending_compaction_bytes, 0 memtable_compaction, 0 memtable_slowdown, interval 0 total count

** File Read Latency Histogram By Level [usertable] **

** Compaction Stats [default] **
Level    Files   Size     Score Read(GB)  Rn(GB) Rnp1(GB) Write(GB) Wnew(GB) Moved(GB) W-Amp Rd(MB/s) Wr(MB/s) Comp(sec) Comp(cnt) Avg(sec) KeyIn KeyDrop
----------------------------------------------------------------------------------------------------------------------------------------------------------
 Sum      0/0    0.00 KB   0.0      0.0     0.0      0.0       0.0      0.0       0.0   0.0      0.0      0.0         0         0    0.000       0      0
 Int      0/0    0.00 KB   0.0      0.0     0.0      0.0       0.0      0.0       0.0   0.0      0.0      0.0         0         0    0.000       0      0
Uptime(secs): 37.4 total, 0.0 interval
Flush(GB): cumulative 0.000, interval 0.000
AddFile(GB): cumulative 0.000, interval 0.000
AddFile(Total Files): cumulative 0, interval 0
AddFile(L0 Files): cumulative 0, interval 0
AddFile(Keys): cumulative 0, interval 0
Cumulative compaction: 0.00 GB write, 0.00 MB/s write, 0.00 GB read, 0.00 MB/s read, 0.0 seconds
Interval compaction: 0.00 GB write, 0.00 MB/s write, 0.00 GB read, 0.00 MB/s read, 0.0 seconds
Stalls(count): 0 level0_slowdown, 0 level0_slowdown_with_compaction, 0 level0_numfiles, 0 level0_numfiles_with_compaction, 0 stop for pending_compaction_bytes, 0 slowdown for pending_compaction_bytes, 0 memtable_compaction, 0 memtable_slowdown, interval 0 total count

** File Read Latency Histogram By Level [default] **

** Compaction Stats [usertable] **
Level    Files   Size     Score Read(GB)  Rn(GB) Rnp1(GB) Write(GB) Wnew(GB) Moved(GB) W-Amp Rd(MB/s) Wr(MB/s) Comp(sec) Comp(cnt) Avg(sec) KeyIn KeyDrop
----------------------------------------------------------------------------------------------------------------------------------------------------------
  L0      2/0   471.68 MB   1.0      0.0     0.0      0.0       0.5      0.5       0.0   1.0      0.0    156.5         3         2    1.507       0      0
 Sum      2/0   471.68 MB   0.0      0.0     0.0      0.0       0.5      0.5       0.0   1.0      0.0    156.5         3         2    1.507       0      0
 Int      0/0    0.00 KB   0.0      0.0     0.0      0.0       0.0      0.0       0.0   0.0      0.0      0.0         0         0    0.000       0      0
Uptime(secs): 37.3 total, 0.0 interval
Flush(GB): cumulative 0.461, interval 0.000
AddFile(GB): cumulative 0.000, interval 0.000
AddFile(Total Files): cumulative 0, interval 0
AddFile(L0 Files): cumulative 0, interval 0
AddFile(Keys): cumulative 0, interval 0
Cumulative compaction: 0.46 GB write, 12.64 MB/s write, 0.00 GB read, 0.00 MB/s read, 3.0 seconds
Interval compaction: 0.00 GB write, 0.00 MB/s write, 0.00 GB read, 0.00 MB/s read, 0.0 seconds
Stalls(count): 0 level0_slowdown, 0 level0_slowdown_with_compaction, 0 level0_numfiles, 0 level0_numfiles_with_compaction, 0 stop for pending_compaction_bytes, 0 slowdown for pending_compaction_bytes, 0 memtable_compaction, 0 memtable_slowdown, interval 0 total count

** File Read Latency Histogram By Level [usertable] **
2019/04/21-21:36:01.319887 7f4c88ff9700 (Original Log Time 2019/04/21-21:36:01.304428) [db/db_impl_compaction_flush.cc:1835] [usertable] Moving #11 to level-1 251755697 bytes
2019/04/21-21:36:01.319891 7f4c88ff9700 (Original Log Time 2019/04/21-21:36:01.319846) EVENT_LOG_v1 {"time_micros": 1555907761319834, "job": 4, "event": "trivial_move", "destination_level": 1, "files": 1, "total_files_size": 251755697}
2019/04/21-21:36:01.319893 7f4c88ff9700 (Original Log Time 2019/04/21-21:36:01.319856) [db/db_impl_compaction_flush.cc:1864] [usertable] Moved #1 files to level-1 251755697 bytes OK: base level 1 max bytes base 536870912 files[1 1 0 0 0 0 0] max score 0.50
2019/04/21-21:36:06.621469 7f4d34341700 [db/db_impl_write.cc:1373] [usertable] New memtable created with log file: #15. Immutable memtables: 0.
2019/04/21-21:36:14.575480 7f4cc86f7700 [db/db_impl_write.cc:1373] [usertable] New memtable created with log file: #16. Immutable memtables: 1.
2019/04/21-21:36:14.575569 7f4c837fe700 [db/db_impl_compaction_flush.cc:80] [JOB 5] Syncing log #13
2019/04/21-21:36:15.065300 7f4c837fe700 [db/db_impl_compaction_flush.cc:80] [JOB 5] Syncing log #15
2019/04/21-21:36:15.507714 7f4c837fe700 (Original Log Time 2019/04/21-21:36:14.575548) [db/db_impl_compaction_flush.cc:1424] Calling FlushMemTableToOutputFile with column family [usertable], flush slots available 24, compaction slots available 1, flush slots scheduled 1, compaction slots scheduled 0
2019/04/21-21:36:15.507725 7f4c837fe700 [db/flush_job.cc:301] [usertable] [JOB 5] Flushing memtable with next log file: 15
2019/04/21-21:36:15.507733 7f4c837fe700 [db/flush_job.cc:301] [usertable] [JOB 5] Flushing memtable with next log file: 16
2019/04/21-21:36:15.507767 7f4c837fe700 EVENT_LOG_v1 {"time_micros": 1555907775507757, "job": 5, "event": "flush_started", "num_memtables": 2, "num_entries": 57465, "num_deletes": 0, "memory_usage": 242064048, "flush_reason": "Write Buffer Full"}
2019/04/21-21:36:15.507774 7f4c837fe700 [db/flush_job.cc:331] [usertable] [JOB 5] Level-0 flush table #17: started
2019/04/21-21:36:17.010136 7f4c837fe700 EVENT_LOG_v1 {"time_micros": 1555907777010097, "cf_name": "usertable", "job": 5, "event": "table_file_creation", "file_number": 17, "file_size": 237985609, "table_properties": {"data_size": 236928209, "index_size": 1056473, "filter_size": 0, "raw_key_size": 1379160, "raw_average_key_size": 24, "raw_value_size": 235376640, "raw_average_value_size": 4096, "num_data_blocks": 28733, "num_entries": 57465, "filter_policy_name": "", "kDeletedKeys": "0", "kMergeOperands": "0"}}
2019/04/21-21:36:17.010157 7f4c837fe700 [db/flush_job.cc:371] [usertable] [JOB 5] Level-0 flush table #17: 237985609 bytes OK
2019/04/21-21:36:17.036094 7f4c837fe700 (Original Log Time 2019/04/21-21:36:17.010171) [db/memtable_list.cc:377] [usertable] Level-0 commit table #17 started
2019/04/21-21:36:17.036098 7f4c837fe700 (Original Log Time 2019/04/21-21:36:17.036012) [db/memtable_list.cc:409] [usertable] Level-0 commit table #17: memtable #1 done
2019/04/21-21:36:17.036100 7f4c837fe700 (Original Log Time 2019/04/21-21:36:17.036015) [db/memtable_list.cc:409] [usertable] Level-0 commit table #17: memtable #2 done
2019/04/21-21:36:17.036102 7f4c837fe700 (Original Log Time 2019/04/21-21:36:17.036039) EVENT_LOG_v1 {"time_micros": 1555907777036027, "job": 5, "event": "flush_finished", "output_compression": "NoCompression", "lsm_state": [2, 1, 0, 0, 0, 0, 0], "immutable_memtables": 0}
2019/04/21-21:36:17.036104 7f4c837fe700 (Original Log Time 2019/04/21-21:36:17.036072) [db/db_impl_compaction_flush.cc:177] [usertable] Level summary: base level 1 max bytes base 536870912 files[2 1 0 0 0 0 0] max score 1.00
