2019/04/21-23:34:22.110451 7f993cbe0700 RocksDB version: 5.14.3
2019/04/21-23:34:22.110510 7f993cbe0700 Git sha rocksdb_build_git_sha:
2019/04/21-23:34:22.110515 7f993cbe0700 Compile date Oct  9 2018
2019/04/21-23:34:22.110527 7f993cbe0700 DB SUMMARY
2019/04/21-23:34:22.110554 7f993cbe0700 SST files in /mnt/sdd/ycsb-rocksdb-data dir, Total Num: 0, files: 
2019/04/21-23:34:22.110559 7f993cbe0700 Write Ahead Log file in /mnt/sdd/ycsb-rocksdb-data: 
2019/04/21-23:34:22.110562 7f993cbe0700                         Options.error_if_exists: 0
2019/04/21-23:34:22.110563 7f993cbe0700                       Options.create_if_missing: 1
2019/04/21-23:34:22.110564 7f993cbe0700                         Options.paranoid_checks: 1
2019/04/21-23:34:22.110565 7f993cbe0700                                     Options.env: 0x7f98f4ffa080
2019/04/21-23:34:22.110566 7f993cbe0700                                Options.info_log: 0x7f98d83b9e90
2019/04/21-23:34:22.110567 7f993cbe0700                Options.max_file_opening_threads: 16
2019/04/21-23:34:22.110568 7f993cbe0700                              Options.statistics: (nil)
2019/04/21-23:34:22.110569 7f993cbe0700                               Options.use_fsync: 0
2019/04/21-23:34:22.110570 7f993cbe0700                       Options.max_log_file_size: 0
2019/04/21-23:34:22.110571 7f993cbe0700                  Options.max_manifest_file_size: 18446744073709551615
2019/04/21-23:34:22.110572 7f993cbe0700                   Options.log_file_time_to_roll: 0
2019/04/21-23:34:22.110573 7f993cbe0700                       Options.keep_log_file_num: 1000
2019/04/21-23:34:22.110574 7f993cbe0700                    Options.recycle_log_file_num: 0
2019/04/21-23:34:22.110574 7f993cbe0700                         Options.allow_fallocate: 1
2019/04/21-23:34:22.110575 7f993cbe0700                        Options.allow_mmap_reads: 0
2019/04/21-23:34:22.110576 7f993cbe0700                       Options.allow_mmap_writes: 0
2019/04/21-23:34:22.110577 7f993cbe0700                        Options.use_direct_reads: 0
2019/04/21-23:34:22.110578 7f993cbe0700                        Options.use_direct_io_for_flush_and_compaction: 0
2019/04/21-23:34:22.110579 7f993cbe0700          Options.create_missing_column_families: 1
2019/04/21-23:34:22.110580 7f993cbe0700                              Options.db_log_dir: 
2019/04/21-23:34:22.110581 7f993cbe0700                                 Options.wal_dir: /mnt/sdd/ycsb-rocksdb-data
2019/04/21-23:34:22.110582 7f993cbe0700                Options.table_cache_numshardbits: 6
2019/04/21-23:34:22.110582 7f993cbe0700                      Options.max_subcompactions: 4
2019/04/21-23:34:22.110583 7f993cbe0700                  Options.max_background_flushes: 24
2019/04/21-23:34:22.110584 7f993cbe0700                         Options.WAL_ttl_seconds: 0
2019/04/21-23:34:22.110585 7f993cbe0700                       Options.WAL_size_limit_MB: 0
2019/04/21-23:34:22.110586 7f993cbe0700             Options.manifest_preallocation_size: 4194304
2019/04/21-23:34:22.110587 7f993cbe0700                     Options.is_fd_close_on_exec: 1
2019/04/21-23:34:22.110588 7f993cbe0700                   Options.advise_random_on_open: 1
2019/04/21-23:34:22.110589 7f993cbe0700                    Options.db_write_buffer_size: 0
2019/04/21-23:34:22.110590 7f993cbe0700                    Options.write_buffer_manager: 0x7f98d83b2510
2019/04/21-23:34:22.110591 7f993cbe0700         Options.access_hint_on_compaction_start: 1
2019/04/21-23:34:22.110592 7f993cbe0700  Options.new_table_reader_for_compaction_inputs: 0
2019/04/21-23:34:22.110592 7f993cbe0700           Options.random_access_max_buffer_size: 1048576
2019/04/21-23:34:22.110593 7f993cbe0700                      Options.use_adaptive_mutex: 0
2019/04/21-23:34:22.110594 7f993cbe0700                            Options.rate_limiter: (nil)
2019/04/21-23:34:22.110596 7f993cbe0700     Options.sst_file_manager.rate_bytes_per_sec: 0
2019/04/21-23:34:22.110597 7f993cbe0700                       Options.wal_recovery_mode: 2
2019/04/21-23:34:22.110598 7f993cbe0700                  Options.enable_thread_tracking: 0
2019/04/21-23:34:22.110598 7f993cbe0700                  Options.enable_pipelined_write: 1
2019/04/21-23:34:22.110609 7f993cbe0700         Options.allow_concurrent_memtable_write: 1
2019/04/21-23:34:22.110611 7f993cbe0700      Options.enable_write_thread_adaptive_yield: 1
2019/04/21-23:34:22.110611 7f993cbe0700             Options.write_thread_max_yield_usec: 100
2019/04/21-23:34:22.110612 7f993cbe0700            Options.write_thread_slow_yield_usec: 3
2019/04/21-23:34:22.110613 7f993cbe0700                               Options.row_cache: None
2019/04/21-23:34:22.110614 7f993cbe0700                              Options.wal_filter: None
2019/04/21-23:34:22.110615 7f993cbe0700             Options.avoid_flush_during_recovery: 0
2019/04/21-23:34:22.110616 7f993cbe0700             Options.allow_ingest_behind: 0
2019/04/21-23:34:22.110617 7f993cbe0700             Options.preserve_deletes: 0
2019/04/21-23:34:22.110618 7f993cbe0700             Options.two_write_queues: 0
2019/04/21-23:34:22.110619 7f993cbe0700             Options.manual_wal_flush: 0
2019/04/21-23:34:22.110620 7f993cbe0700             Options.max_background_jobs: 24
2019/04/21-23:34:22.110621 7f993cbe0700             Options.max_background_compactions: 24
2019/04/21-23:34:22.110622 7f993cbe0700             Options.avoid_flush_during_shutdown: 0
2019/04/21-23:34:22.110623 7f993cbe0700           Options.writable_file_max_buffer_size: 1048576
2019/04/21-23:34:22.110624 7f993cbe0700             Options.delayed_write_rate : 16777216
2019/04/21-23:34:22.110625 7f993cbe0700             Options.max_total_wal_size: 0
2019/04/21-23:34:22.110626 7f993cbe0700             Options.delete_obsolete_files_period_micros: 21600000000
2019/04/21-23:34:22.110627 7f993cbe0700                   Options.stats_dump_period_sec: 60
2019/04/21-23:34:22.110628 7f993cbe0700                          Options.max_open_files: -1
2019/04/21-23:34:22.110629 7f993cbe0700                          Options.bytes_per_sync: 1048576
2019/04/21-23:34:22.110630 7f993cbe0700                      Options.wal_bytes_per_sync: 0
2019/04/21-23:34:22.110631 7f993cbe0700       Options.compaction_readahead_size: 0
2019/04/21-23:34:22.110632 7f993cbe0700 Compression algorithms supported:
2019/04/21-23:34:22.110633 7f993cbe0700 	kZSTDNotFinalCompression supported: 1
2019/04/21-23:34:22.110641 7f993cbe0700 	kZSTD supported: 1
2019/04/21-23:34:22.110643 7f993cbe0700 	kXpressCompression supported: 0
2019/04/21-23:34:22.110644 7f993cbe0700 	kLZ4HCCompression supported: 1
2019/04/21-23:34:22.110645 7f993cbe0700 	kLZ4Compression supported: 1
2019/04/21-23:34:22.110646 7f993cbe0700 	kBZip2Compression supported: 1
2019/04/21-23:34:22.110647 7f993cbe0700 	kZlibCompression supported: 1
2019/04/21-23:34:22.110648 7f993cbe0700 	kSnappyCompression supported: 1
2019/04/21-23:34:22.110652 7f993cbe0700 Fast CRC32 supported: Not supported on x86
2019/04/21-23:34:22.110723 7f993cbe0700 [db/db_impl_open.cc:222] Creating manifest 1 
2019/04/21-23:34:22.169935 7f993cbe0700 [db/version_set.cc:3085] Recovering from manifest file: MANIFEST-000001
2019/04/21-23:34:22.170054 7f993cbe0700 [db/column_family.cc:475] --------------- Options for column family [default]:
2019/04/21-23:34:22.170058 7f993cbe0700               Options.comparator: leveldb.BytewiseComparator
2019/04/21-23:34:22.170059 7f993cbe0700           Options.merge_operator: None
2019/04/21-23:34:22.170060 7f993cbe0700        Options.compaction_filter: None
2019/04/21-23:34:22.170061 7f993cbe0700        Options.compaction_filter_factory: None
2019/04/21-23:34:22.170062 7f993cbe0700         Options.memtable_factory: SkipListFactory
2019/04/21-23:34:22.170063 7f993cbe0700            Options.table_factory: BlockBasedTable
2019/04/21-23:34:22.170091 7f993cbe0700            table_factory options:   flush_block_policy_factory: FlushBlockBySizePolicyFactory (0x7f98d83b48f0)
  cache_index_and_filter_blocks: 0
  cache_index_and_filter_blocks_with_high_priority: 0
  pin_l0_filter_and_index_blocks_in_cache: 0
  index_type: 0
  hash_index_allow_collision: 1
  checksum: 1
  no_block_cache: 0
  block_cache: 0x7f98d83a5700
  block_cache_name: LRUCache
  block_cache_options:
    capacity : 8388608
    num_shard_bits : 4
    strict_capacity_limit : 0
    high_pri_pool_ratio: 0.000
  block_cache_compressed: (nil)
  persistent_cache: (nil)
  block_size: 8192
  block_size_deviation: 10
  block_restart_interval: 16
  index_block_restart_interval: 1
  metadata_block_size: 4096
  partition_filters: 0
  use_delta_encoding: 1
  filter_policy: nullptr
  whole_key_filtering: 1
  verify_compression: 0
  read_amp_bytes_per_bit: 0
  format_version: 2
  enable_index_compression: 1
  block_align: 0
2019/04/21-23:34:22.170110 7f993cbe0700        Options.write_buffer_size: 134217728
2019/04/21-23:34:22.170111 7f993cbe0700  Options.max_write_buffer_number: 24
2019/04/21-23:34:22.170113 7f993cbe0700        Options.compression[0]: NoCompression
2019/04/21-23:34:22.170114 7f993cbe0700        Options.compression[1]: NoCompression
2019/04/21-23:34:22.170116 7f993cbe0700        Options.compression[2]: LZ4
2019/04/21-23:34:22.170117 7f993cbe0700        Options.compression[3]: LZ4
2019/04/21-23:34:22.170118 7f993cbe0700        Options.compression[4]: LZ4
2019/04/21-23:34:22.170119 7f993cbe0700        Options.compression[5]: LZ4
2019/04/21-23:34:22.170120 7f993cbe0700        Options.compression[6]: LZ4
2019/04/21-23:34:22.170120 7f993cbe0700                  Options.bottommost_compression: Disabled
2019/04/21-23:34:22.170121 7f993cbe0700       Options.prefix_extractor: nullptr
2019/04/21-23:34:22.170122 7f993cbe0700   Options.memtable_insert_with_hint_prefix_extractor: nullptr
2019/04/21-23:34:22.170123 7f993cbe0700             Options.num_levels: 7
2019/04/21-23:34:22.170124 7f993cbe0700        Options.min_write_buffer_number_to_merge: 2
2019/04/21-23:34:22.170125 7f993cbe0700     Options.max_write_buffer_number_to_maintain: 0
2019/04/21-23:34:22.170126 7f993cbe0700            Options.compression_opts.window_bits: -14
2019/04/21-23:34:22.170127 7f993cbe0700                  Options.compression_opts.level: -1
2019/04/21-23:34:22.170128 7f993cbe0700               Options.compression_opts.strategy: 0
2019/04/21-23:34:22.170129 7f993cbe0700         Options.compression_opts.max_dict_bytes: 0
2019/04/21-23:34:22.170130 7f993cbe0700         Options.compression_opts.zstd_max_train_bytes: 0
2019/04/21-23:34:22.170130 7f993cbe0700      Options.level0_file_num_compaction_trigger: 2
2019/04/21-23:34:22.170131 7f993cbe0700          Options.level0_slowdown_writes_trigger: 20
2019/04/21-23:34:22.170132 7f993cbe0700              Options.level0_stop_writes_trigger: 36
2019/04/21-23:34:22.170133 7f993cbe0700                   Options.target_file_size_base: 67108864
2019/04/21-23:34:22.170134 7f993cbe0700             Options.target_file_size_multiplier: 1
2019/04/21-23:34:22.170135 7f993cbe0700                Options.max_bytes_for_level_base: 536870912
2019/04/21-23:34:22.170136 7f993cbe0700 Options.level_compaction_dynamic_level_bytes: 0
2019/04/21-23:34:22.170137 7f993cbe0700          Options.max_bytes_for_level_multiplier: 10.000000
2019/04/21-23:34:22.170140 7f993cbe0700 Options.max_bytes_for_level_multiplier_addtl[0]: 1
2019/04/21-23:34:22.170141 7f993cbe0700 Options.max_bytes_for_level_multiplier_addtl[1]: 1
2019/04/21-23:34:22.170142 7f993cbe0700 Options.max_bytes_for_level_multiplier_addtl[2]: 1
2019/04/21-23:34:22.170143 7f993cbe0700 Options.max_bytes_for_level_multiplier_addtl[3]: 1
2019/04/21-23:34:22.170143 7f993cbe0700 Options.max_bytes_for_level_multiplier_addtl[4]: 1
2019/04/21-23:34:22.170144 7f993cbe0700 Options.max_bytes_for_level_multiplier_addtl[5]: 1
2019/04/21-23:34:22.170145 7f993cbe0700 Options.max_bytes_for_level_multiplier_addtl[6]: 1
2019/04/21-23:34:22.170146 7f993cbe0700       Options.max_sequential_skip_in_iterations: 8
2019/04/21-23:34:22.170147 7f993cbe0700                    Options.max_compaction_bytes: 1677721600
2019/04/21-23:34:22.170148 7f993cbe0700                        Options.arena_block_size: 16777216
2019/04/21-23:34:22.170149 7f993cbe0700   Options.soft_pending_compaction_bytes_limit: 68719476736
2019/04/21-23:34:22.170150 7f993cbe0700   Options.hard_pending_compaction_bytes_limit: 274877906944
2019/04/21-23:34:22.170157 7f993cbe0700       Options.rate_limit_delay_max_milliseconds: 100
2019/04/21-23:34:22.170158 7f993cbe0700                Options.disable_auto_compactions: 0
2019/04/21-23:34:22.170160 7f993cbe0700                        Options.compaction_style: kCompactionStyleLevel
2019/04/21-23:34:22.170161 7f993cbe0700                          Options.compaction_pri: kByCompensatedSize
2019/04/21-23:34:22.170162 7f993cbe0700 Options.compaction_options_universal.size_ratio: 1
2019/04/21-23:34:22.170163 7f993cbe0700 Options.compaction_options_universal.min_merge_width: 2
2019/04/21-23:34:22.170164 7f993cbe0700 Options.compaction_options_universal.max_merge_width: 4294967295
2019/04/21-23:34:22.170165 7f993cbe0700 Options.compaction_options_universal.max_size_amplification_percent: 200
2019/04/21-23:34:22.170166 7f993cbe0700 Options.compaction_options_universal.compression_size_percent: -1
2019/04/21-23:34:22.170167 7f993cbe0700 Options.compaction_options_universal.stop_style: kCompactionStopStyleTotalSize
2019/04/21-23:34:22.170168 7f993cbe0700 Options.compaction_options_fifo.max_table_files_size: 1073741824
2019/04/21-23:34:22.170170 7f993cbe0700 Options.compaction_options_fifo.allow_compaction: 0
2019/04/21-23:34:22.170170 7f993cbe0700 Options.compaction_options_fifo.ttl: 0
2019/04/21-23:34:22.170171 7f993cbe0700                   Options.table_properties_collectors: 
2019/04/21-23:34:22.170172 7f993cbe0700                   Options.inplace_update_support: 0
2019/04/21-23:34:22.170173 7f993cbe0700                 Options.inplace_update_num_locks: 10000
2019/04/21-23:34:22.170174 7f993cbe0700               Options.memtable_prefix_bloom_size_ratio: 0.000000
2019/04/21-23:34:22.170175 7f993cbe0700   Options.memtable_huge_page_size: 0
2019/04/21-23:34:22.170176 7f993cbe0700                           Options.bloom_locality: 0
2019/04/21-23:34:22.170177 7f993cbe0700                    Options.max_successive_merges: 0
2019/04/21-23:34:22.170178 7f993cbe0700                Options.optimize_filters_for_hits: 0
2019/04/21-23:34:22.170179 7f993cbe0700                Options.paranoid_file_checks: 0
2019/04/21-23:34:22.170180 7f993cbe0700                Options.force_consistency_checks: 0
2019/04/21-23:34:22.170181 7f993cbe0700                Options.report_bg_io_stats: 0
2019/04/21-23:34:22.170181 7f993cbe0700                               Options.ttl: 0
2019/04/21-23:34:22.170853 7f993cbe0700 [db/version_set.cc:3361] Recovered from manifest file:/mnt/sdd/ycsb-rocksdb-data/MANIFEST-000001 succeeded,manifest_file_number is 1, next_file_number is 3, last_sequence is 0, log_number is 0,prev_log_number is 0,max_column_family is 0,min_log_number_to_keep is 0
2019/04/21-23:34:22.170860 7f993cbe0700 [db/version_set.cc:3369] Column family [default] (ID 0), log number is 0
2019/04/21-23:34:22.171012 7f993cbe0700 [db/version_set.cc:2847] Creating manifest 4
2019/04/21-23:34:22.215972 7f993cbe0700 [db/column_family.cc:475] --------------- Options for column family [usertable]:
2019/04/21-23:34:22.215976 7f993cbe0700               Options.comparator: leveldb.BytewiseComparator
2019/04/21-23:34:22.215978 7f993cbe0700           Options.merge_operator: None
2019/04/21-23:34:22.215979 7f993cbe0700        Options.compaction_filter: None
2019/04/21-23:34:22.215980 7f993cbe0700        Options.compaction_filter_factory: None
2019/04/21-23:34:22.215981 7f993cbe0700         Options.memtable_factory: SkipListFactory
2019/04/21-23:34:22.215982 7f993cbe0700            Options.table_factory: BlockBasedTable
2019/04/21-23:34:22.216007 7f993cbe0700            table_factory options:   flush_block_policy_factory: FlushBlockBySizePolicyFactory (0x7f98d83b4b90)
  cache_index_and_filter_blocks: 0
  cache_index_and_filter_blocks_with_high_priority: 0
  pin_l0_filter_and_index_blocks_in_cache: 0
  index_type: 0
  hash_index_allow_collision: 1
  checksum: 1
  no_block_cache: 0
  block_cache: 0x7f98d83b5080
  block_cache_name: LRUCache
  block_cache_options:
    capacity : 8388608
    num_shard_bits : 4
    strict_capacity_limit : 0
    high_pri_pool_ratio: 0.000
  block_cache_compressed: (nil)
  persistent_cache: (nil)
  block_size: 8192
  block_size_deviation: 10
  block_restart_interval: 16
  index_block_restart_interval: 1
  metadata_block_size: 4096
  partition_filters: 0
  use_delta_encoding: 1
  filter_policy: nullptr
  whole_key_filtering: 1
  verify_compression: 0
  read_amp_bytes_per_bit: 0
  format_version: 2
  enable_index_compression: 1
  block_align: 0
2019/04/21-23:34:22.216009 7f993cbe0700        Options.write_buffer_size: 134217728
2019/04/21-23:34:22.216010 7f993cbe0700  Options.max_write_buffer_number: 24
2019/04/21-23:34:22.216011 7f993cbe0700        Options.compression[0]: NoCompression
2019/04/21-23:34:22.216013 7f993cbe0700        Options.compression[1]: NoCompression
2019/04/21-23:34:22.216014 7f993cbe0700        Options.compression[2]: LZ4
2019/04/21-23:34:22.216015 7f993cbe0700        Options.compression[3]: LZ4
2019/04/21-23:34:22.216016 7f993cbe0700        Options.compression[4]: LZ4
2019/04/21-23:34:22.216017 7f993cbe0700        Options.compression[5]: LZ4
2019/04/21-23:34:22.216017 7f993cbe0700        Options.compression[6]: LZ4
2019/04/21-23:34:22.216018 7f993cbe0700                  Options.bottommost_compression: Disabled
2019/04/21-23:34:22.216019 7f993cbe0700       Options.prefix_extractor: nullptr
2019/04/21-23:34:22.216020 7f993cbe0700   Options.memtable_insert_with_hint_prefix_extractor: nullptr
2019/04/21-23:34:22.216021 7f993cbe0700             Options.num_levels: 7
2019/04/21-23:34:22.216022 7f993cbe0700        Options.min_write_buffer_number_to_merge: 2
2019/04/21-23:34:22.216023 7f993cbe0700     Options.max_write_buffer_number_to_maintain: 0
2019/04/21-23:34:22.216024 7f993cbe0700            Options.compression_opts.window_bits: -14
2019/04/21-23:34:22.216025 7f993cbe0700                  Options.compression_opts.level: -1
2019/04/21-23:34:22.216026 7f993cbe0700               Options.compression_opts.strategy: 0
2019/04/21-23:34:22.216027 7f993cbe0700         Options.compression_opts.max_dict_bytes: 0
2019/04/21-23:34:22.216027 7f993cbe0700         Options.compression_opts.zstd_max_train_bytes: 0
2019/04/21-23:34:22.216028 7f993cbe0700      Options.level0_file_num_compaction_trigger: 2
2019/04/21-23:34:22.216029 7f993cbe0700          Options.level0_slowdown_writes_trigger: 20
2019/04/21-23:34:22.216030 7f993cbe0700              Options.level0_stop_writes_trigger: 36
2019/04/21-23:34:22.216031 7f993cbe0700                   Options.target_file_size_base: 67108864
2019/04/21-23:34:22.216032 7f993cbe0700             Options.target_file_size_multiplier: 1
2019/04/21-23:34:22.216033 7f993cbe0700                Options.max_bytes_for_level_base: 536870912
2019/04/21-23:34:22.216034 7f993cbe0700 Options.level_compaction_dynamic_level_bytes: 0
2019/04/21-23:34:22.216035 7f993cbe0700          Options.max_bytes_for_level_multiplier: 10.000000
2019/04/21-23:34:22.216037 7f993cbe0700 Options.max_bytes_for_level_multiplier_addtl[0]: 1
2019/04/21-23:34:22.216047 7f993cbe0700 Options.max_bytes_for_level_multiplier_addtl[1]: 1
2019/04/21-23:34:22.216049 7f993cbe0700 Options.max_bytes_for_level_multiplier_addtl[2]: 1
2019/04/21-23:34:22.216050 7f993cbe0700 Options.max_bytes_for_level_multiplier_addtl[3]: 1
2019/04/21-23:34:22.216051 7f993cbe0700 Options.max_bytes_for_level_multiplier_addtl[4]: 1
2019/04/21-23:34:22.216052 7f993cbe0700 Options.max_bytes_for_level_multiplier_addtl[5]: 1
2019/04/21-23:34:22.216052 7f993cbe0700 Options.max_bytes_for_level_multiplier_addtl[6]: 1
2019/04/21-23:34:22.216053 7f993cbe0700       Options.max_sequential_skip_in_iterations: 8
2019/04/21-23:34:22.216054 7f993cbe0700                    Options.max_compaction_bytes: 1677721600
2019/04/21-23:34:22.216055 7f993cbe0700                        Options.arena_block_size: 16777216
2019/04/21-23:34:22.216056 7f993cbe0700   Options.soft_pending_compaction_bytes_limit: 68719476736
2019/04/21-23:34:22.216057 7f993cbe0700   Options.hard_pending_compaction_bytes_limit: 274877906944
2019/04/21-23:34:22.216058 7f993cbe0700       Options.rate_limit_delay_max_milliseconds: 100
2019/04/21-23:34:22.216059 7f993cbe0700                Options.disable_auto_compactions: 0
2019/04/21-23:34:22.216060 7f993cbe0700                        Options.compaction_style: kCompactionStyleLevel
2019/04/21-23:34:22.216061 7f993cbe0700                          Options.compaction_pri: kByCompensatedSize
2019/04/21-23:34:22.216062 7f993cbe0700 Options.compaction_options_universal.size_ratio: 1
2019/04/21-23:34:22.216063 7f993cbe0700 Options.compaction_options_universal.min_merge_width: 2
2019/04/21-23:34:22.216064 7f993cbe0700 Options.compaction_options_universal.max_merge_width: 4294967295
2019/04/21-23:34:22.216065 7f993cbe0700 Options.compaction_options_universal.max_size_amplification_percent: 200
2019/04/21-23:34:22.216066 7f993cbe0700 Options.compaction_options_universal.compression_size_percent: -1
2019/04/21-23:34:22.216067 7f993cbe0700 Options.compaction_options_universal.stop_style: kCompactionStopStyleTotalSize
2019/04/21-23:34:22.216068 7f993cbe0700 Options.compaction_options_fifo.max_table_files_size: 1073741824
2019/04/21-23:34:22.216069 7f993cbe0700 Options.compaction_options_fifo.allow_compaction: 0
2019/04/21-23:34:22.216069 7f993cbe0700 Options.compaction_options_fifo.ttl: 0
2019/04/21-23:34:22.216070 7f993cbe0700                   Options.table_properties_collectors: 
2019/04/21-23:34:22.216071 7f993cbe0700                   Options.inplace_update_support: 0
2019/04/21-23:34:22.216072 7f993cbe0700                 Options.inplace_update_num_locks: 10000
2019/04/21-23:34:22.216073 7f993cbe0700               Options.memtable_prefix_bloom_size_ratio: 0.000000
2019/04/21-23:34:22.216074 7f993cbe0700   Options.memtable_huge_page_size: 0
2019/04/21-23:34:22.216075 7f993cbe0700                           Options.bloom_locality: 0
2019/04/21-23:34:22.216076 7f993cbe0700                    Options.max_successive_merges: 0
2019/04/21-23:34:22.216077 7f993cbe0700                Options.optimize_filters_for_hits: 0
2019/04/21-23:34:22.216078 7f993cbe0700                Options.paranoid_file_checks: 0
2019/04/21-23:34:22.216079 7f993cbe0700                Options.force_consistency_checks: 0
2019/04/21-23:34:22.216080 7f993cbe0700                Options.report_bg_io_stats: 0
2019/04/21-23:34:22.216080 7f993cbe0700                               Options.ttl: 0
2019/04/21-23:34:22.216125 7f993cbe0700 [db/db_impl.cc:1396] Created column family [usertable] (ID 1)
2019/04/21-23:34:22.263499 7f993cbe0700 [db/db_impl_open.cc:1219] DB pointer 0x7f98d83b1680
2019/04/21-23:34:31.231402 7f98d02f3700 [db/db_impl_write.cc:1373] [usertable] New memtable created with log file: #9. Immutable memtables: 0.
2019/04/21-23:34:39.975799 7f98f46ff700 [db/db_impl_write.cc:1373] [usertable] New memtable created with log file: #10. Immutable memtables: 1.
2019/04/21-23:34:39.975964 7f98117fa700 [db/db_impl_compaction_flush.cc:80] [JOB 2] Syncing log #3
2019/04/21-23:34:40.221802 7f98117fa700 [db/db_impl_compaction_flush.cc:80] [JOB 2] Syncing log #9
2019/04/21-23:34:41.414026 7f98117fa700 (Original Log Time 2019/04/21-23:34:39.975898) [db/db_impl_compaction_flush.cc:1424] Calling FlushMemTableToOutputFile with column family [usertable], flush slots available 24, compaction slots available 1, flush slots scheduled 1, compaction slots scheduled 0
2019/04/21-23:34:41.414042 7f98117fa700 [db/flush_job.cc:301] [usertable] [JOB 2] Flushing memtable with next log file: 9
2019/04/21-23:34:41.414054 7f98117fa700 [db/flush_job.cc:301] [usertable] [JOB 2] Flushing memtable with next log file: 10
2019/04/21-23:34:41.414112 7f98117fa700 EVENT_LOG_v1 {"time_micros": 1555914881414086, "job": 2, "event": "flush_started", "num_memtables": 2, "num_entries": 61981, "num_deletes": 0, "memory_usage": 256932112, "flush_reason": "Write Buffer Full"}
2019/04/21-23:34:41.414122 7f98117fa700 [db/flush_job.cc:331] [usertable] [JOB 2] Level-0 flush table #11: started
2019/04/21-23:34:43.808795 7f98117fa700 EVENT_LOG_v1 {"time_micros": 1555914883808764, "cf_name": "usertable", "job": 2, "event": "table_file_creation", "file_number": 11, "file_size": 256688123, "table_properties": {"data_size": 255547677, "index_size": 1139519, "filter_size": 0, "raw_key_size": 1487544, "raw_average_key_size": 24, "raw_value_size": 253874176, "raw_average_value_size": 4096, "num_data_blocks": 30991, "num_entries": 61981, "filter_policy_name": "", "kDeletedKeys": "0", "kMergeOperands": "0"}}
2019/04/21-23:34:43.808841 7f98117fa700 [db/flush_job.cc:371] [usertable] [JOB 2] Level-0 flush table #11: 256688123 bytes OK
2019/04/21-23:34:43.839432 7f98117fa700 (Original Log Time 2019/04/21-23:34:43.808863) [db/memtable_list.cc:377] [usertable] Level-0 commit table #11 started
2019/04/21-23:34:43.839437 7f98117fa700 (Original Log Time 2019/04/21-23:34:43.839299) [db/memtable_list.cc:409] [usertable] Level-0 commit table #11: memtable #1 done
2019/04/21-23:34:43.839441 7f98117fa700 (Original Log Time 2019/04/21-23:34:43.839306) [db/memtable_list.cc:409] [usertable] Level-0 commit table #11: memtable #2 done
2019/04/21-23:34:43.839442 7f98117fa700 (Original Log Time 2019/04/21-23:34:43.839337) EVENT_LOG_v1 {"time_micros": 1555914883839319, "job": 2, "event": "flush_finished", "output_compression": "NoCompression", "lsm_state": [1, 0, 0, 0, 0, 0, 0], "immutable_memtables": 0}
2019/04/21-23:34:43.839444 7f98117fa700 (Original Log Time 2019/04/21-23:34:43.839380) [db/db_impl_compaction_flush.cc:177] [usertable] Level summary: base level 1 max bytes base 536870912 files[1 0 0 0 0 0 0] max score 0.50
2019/04/21-23:34:43.839457 7f98117fa700 [db/db_impl_files.cc:347] [JOB 2] Try to delete WAL files size 255918217, prev total WAL file size 311754348, number of live WAL files 3.
2019/04/21-23:34:48.122918 7f988c7f8700 [db/db_impl_write.cc:1373] [usertable] New memtable created with log file: #12. Immutable memtables: 0.
2019/04/21-23:34:56.710884 7f993c329700 [db/db_impl_write.cc:1373] [usertable] New memtable created with log file: #13. Immutable memtables: 1.
2019/04/21-23:34:56.710996 7f988e7fc700 [db/db_impl_compaction_flush.cc:80] [JOB 3] Syncing log #10
2019/04/21-23:34:57.178117 7f988e7fc700 [db/db_impl_compaction_flush.cc:80] [JOB 3] Syncing log #12
2019/04/21-23:34:57.661834 7f988e7fc700 (Original Log Time 2019/04/21-23:34:56.710976) [db/db_impl_compaction_flush.cc:1424] Calling FlushMemTableToOutputFile with column family [usertable], flush slots available 24, compaction slots available 1, flush slots scheduled 1, compaction slots scheduled 0
2019/04/21-23:34:57.661848 7f988e7fc700 [db/flush_job.cc:301] [usertable] [JOB 3] Flushing memtable with next log file: 12
2019/04/21-23:34:57.661855 7f988e7fc700 [db/flush_job.cc:301] [usertable] [JOB 3] Flushing memtable with next log file: 13
2019/04/21-23:34:57.661896 7f988e7fc700 EVENT_LOG_v1 {"time_micros": 1555914897661878, "job": 3, "event": "flush_started", "num_memtables": 2, "num_entries": 58555, "num_deletes": 0, "memory_usage": 242689216, "flush_reason": "Write Buffer Full"}
2019/04/21-23:34:57.661905 7f988e7fc700 [db/flush_job.cc:331] [usertable] [JOB 3] Level-0 flush table #14: started
2019/04/21-23:34:58.518147 7f988e7fc700 EVENT_LOG_v1 {"time_micros": 1555914898518118, "cf_name": "usertable", "job": 3, "event": "table_file_creation", "file_number": 14, "file_size": 242512736, "table_properties": {"data_size": 241428787, "index_size": 1083022, "filter_size": 0, "raw_key_size": 1405320, "raw_average_key_size": 24, "raw_value_size": 239841280, "raw_average_value_size": 4096, "num_data_blocks": 29278, "num_entries": 58555, "filter_policy_name": "", "kDeletedKeys": "0", "kMergeOperands": "0"}}
2019/04/21-23:34:58.518170 7f988e7fc700 [db/flush_job.cc:371] [usertable] [JOB 3] Level-0 flush table #14: 242512736 bytes OK
2019/04/21-23:34:58.533392 7f988e7fc700 (Original Log Time 2019/04/21-23:34:58.518186) [db/memtable_list.cc:377] [usertable] Level-0 commit table #14 started
2019/04/21-23:34:58.533397 7f988e7fc700 (Original Log Time 2019/04/21-23:34:58.533244) [db/memtable_list.cc:409] [usertable] Level-0 commit table #14: memtable #1 done
2019/04/21-23:34:58.533398 7f988e7fc700 (Original Log Time 2019/04/21-23:34:58.533250) [db/memtable_list.cc:409] [usertable] Level-0 commit table #14: memtable #2 done
2019/04/21-23:34:58.533400 7f988e7fc700 (Original Log Time 2019/04/21-23:34:58.533285) EVENT_LOG_v1 {"time_micros": 1555914898533270, "job": 3, "event": "flush_finished", "output_compression": "NoCompression", "lsm_state": [2, 0, 0, 0, 0, 0, 0], "immutable_memtables": 0}
2019/04/21-23:34:58.533402 7f988e7fc700 (Original Log Time 2019/04/21-23:34:58.533358) [db/db_impl_compaction_flush.cc:177] [usertable] Level summary: base level 1 max bytes base 536870912 files[2 0 0 0 0 0 0] max score 1.00
2019/04/21-23:34:58.533413 7f988e7fc700 [db/db_impl_files.cc:347] [JOB 3] Try to delete WAL files size 241771831, prev total WAL file size 268188813, number of live WAL files 3.
2019/04/21-23:34:58.533660 7f988effd700 [WARN] [db/db_impl.cc:491] ------- DUMPING STATS -------
2019/04/21-23:34:58.533749 7f988effd700 [WARN] [db/db_impl.cc:492] 
** DB Stats **
Uptime(secs): 36.4 total, 36.4 interval
Cumulative writes: 126K writes, 126K keys, 126K commit groups, 1.0 writes per commit group, ingest: 0.49 GB, 13.75 MB/s
Cumulative WAL: 126K writes, 0 syncs, 126934.00 writes per sync, written: 0.49 GB, 13.75 MB/s
Cumulative stall: 00:00:0.000 H:M:S, 0.0 percent
Interval writes: 126K writes, 126K keys, 126K commit groups, 1.0 writes per commit group, ingest: 499.83 MB, 13.75 MB/s
Interval WAL: 126K writes, 0 syncs, 126934.00 writes per sync, written: 0.49 MB, 13.75 MB/s
Interval stall: 00:00:0.000 H:M:S, 0.0 percent

** Compaction Stats [default] **
Level    Files   Size     Score Read(GB)  Rn(GB) Rnp1(GB) Write(GB) Wnew(GB) Moved(GB) W-Amp Rd(MB/s) Wr(MB/s) Comp(sec) Comp(cnt) Avg(sec) KeyIn KeyDrop
----------------------------------------------------------------------------------------------------------------------------------------------------------
 Sum      0/0    0.00 KB   0.0      0.0     0.0      0.0       0.0      0.0       0.0   0.0      0.0      0.0         0         0    0.000       0      0
 Int      0/0    0.00 KB   0.0      0.0     0.0      0.0       0.0      0.0       0.0   0.0      0.0      0.0         0         0    0.000       0      0
Uptime(secs): 36.4 total, 36.4 interval
Flush(GB): cumulative 0.000, interval 0.000
AddFile(GB): cumulative 0.000, interval 0.000
AddFile(Total Files): cumulative 0, interval 0
AddFile(L0 Files): cumulative 0, interval 0
AddFile(Keys): cumulative 0, interval 0
Cumulative compaction: 0.00 GB write, 0.00 MB/s write, 0.00 GB read, 0.00 MB/s read, 0.0 seconds
Interval compaction: 0.00 GB write, 0.00 MB/s write, 0.00 GB read, 0.00 MB/s read, 0.0 seconds
Stalls(count): 0 level0_slowdown, 0 level0_slowdown_with_compaction, 0 level0_numfiles, 0 level0_numfiles_with_compaction, 0 stop for pending_compaction_bytes, 0 slowdown for pending_compaction_bytes, 0 memtable_compaction, 0 memtable_slowdown, interval 0 total count

** File Read Latency Histogram By Level [default] **

** Compaction Stats [usertable] **
Level    Files   Size     Score Read(GB)  Rn(GB) Rnp1(GB) Write(GB) Wnew(GB) Moved(GB) W-Amp Rd(MB/s) Wr(MB/s) Comp(sec) Comp(cnt) Avg(sec) KeyIn KeyDrop
----------------------------------------------------------------------------------------------------------------------------------------------------------
  L0      2/0   476.08 MB   1.0      0.0     0.0      0.0       0.5      0.5       0.0   1.0      0.0    146.4         3         2    1.626       0      0
 Sum      2/0   476.08 MB   0.0      0.0     0.0      0.0       0.5      0.5       0.0   1.0      0.0    146.4         3         2    1.626       0      0
 Int      0/0    0.00 KB   0.0      0.0     0.0      0.0       0.5      0.5       0.0   1.0      0.0    146.4         3         2    1.626       0      0
Uptime(secs): 36.3 total, 36.3 interval
Flush(GB): cumulative 0.465, interval 0.465
AddFile(GB): cumulative 0.000, interval 0.000
AddFile(Total Files): cumulative 0, interval 0
AddFile(L0 Files): cumulative 0, interval 0
AddFile(Keys): cumulative 0, interval 0
Cumulative compaction: 0.46 GB write, 13.11 MB/s write, 0.00 GB read, 0.00 MB/s read, 3.3 seconds
Interval compaction: 0.46 GB write, 13.11 MB/s write, 0.00 GB read, 0.00 MB/s read, 3.3 seconds
Stalls(count): 0 level0_slowdown, 0 level0_slowdown_with_compaction, 0 level0_numfiles, 0 level0_numfiles_with_compaction, 0 stop for pending_compaction_bytes, 0 slowdown for pending_compaction_bytes, 0 memtable_compaction, 0 memtable_slowdown, interval 0 total count

** File Read Latency Histogram By Level [usertable] **

** Compaction Stats [default] **
Level    Files   Size     Score Read(GB)  Rn(GB) Rnp1(GB) Write(GB) Wnew(GB) Moved(GB) W-Amp Rd(MB/s) Wr(MB/s) Comp(sec) Comp(cnt) Avg(sec) KeyIn KeyDrop
----------------------------------------------------------------------------------------------------------------------------------------------------------
 Sum      0/0    0.00 KB   0.0      0.0     0.0      0.0       0.0      0.0       0.0   0.0      0.0      0.0         0         0    0.000       0      0
 Int      0/0    0.00 KB   0.0      0.0     0.0      0.0       0.0      0.0       0.0   0.0      0.0      0.0         0         0    0.000       0      0
Uptime(secs): 36.4 total, 0.0 interval
Flush(GB): cumulative 0.000, interval 0.000
AddFile(GB): cumulative 0.000, interval 0.000
AddFile(Total Files): cumulative 0, interval 0
AddFile(L0 Files): cumulative 0, interval 0
AddFile(Keys): cumulative 0, interval 0
Cumulative compaction: 0.00 GB write, 0.00 MB/s write, 0.00 GB read, 0.00 MB/s read, 0.0 seconds
Interval compaction: 0.00 GB write, 0.00 MB/s write, 0.00 GB read, 0.00 MB/s read, 0.0 seconds
Stalls(count): 0 level0_slowdown, 0 level0_slowdown_with_compaction, 0 level0_numfiles, 0 level0_numfiles_with_compaction, 0 stop for pending_compaction_bytes, 0 slowdown for pending_compaction_bytes, 0 memtable_compaction, 0 memtable_slowdown, interval 0 total count

** File Read Latency Histogram By Level [default] **

** Compaction Stats [usertable] **
Level    Files   Size     Score Read(GB)  Rn(GB) Rnp1(GB) Write(GB) Wnew(GB) Moved(GB) W-Amp Rd(MB/s) Wr(MB/s) Comp(sec) Comp(cnt) Avg(sec) KeyIn KeyDrop
----------------------------------------------------------------------------------------------------------------------------------------------------------
  L0      2/0   476.08 MB   1.0      0.0     0.0      0.0       0.5      0.5       0.0   1.0      0.0    146.4         3         2    1.626       0      0
 Sum      2/0   476.08 MB   0.0      0.0     0.0      0.0       0.5      0.5       0.0   1.0      0.0    146.4         3         2    1.626       0      0
 Int      0/0    0.00 KB   0.0      0.0     0.0      0.0       0.0      0.0       0.0   0.0      0.0      0.0         0         0    0.000       0      0
Uptime(secs): 36.3 total, 0.0 interval
Flush(GB): cumulative 0.465, interval 0.000
AddFile(GB): cumulative 0.000, interval 0.000
AddFile(Total Files): cumulative 0, interval 0
AddFile(L0 Files): cumulative 0, interval 0
AddFile(Keys): cumulative 0, interval 0
Cumulative compaction: 0.46 GB write, 13.11 MB/s write, 0.00 GB read, 0.00 MB/s read, 3.3 seconds
Interval compaction: 0.00 GB write, 0.00 MB/s write, 0.00 GB read, 0.00 MB/s read, 0.0 seconds
Stalls(count): 0 level0_slowdown, 0 level0_slowdown_with_compaction, 0 level0_numfiles, 0 level0_numfiles_with_compaction, 0 stop for pending_compaction_bytes, 0 slowdown for pending_compaction_bytes, 0 memtable_compaction, 0 memtable_slowdown, interval 0 total count

** File Read Latency Histogram By Level [usertable] **
2019/04/21-23:34:58.549021 7f988effd700 (Original Log Time 2019/04/21-23:34:58.533851) [db/db_impl_compaction_flush.cc:1835] [usertable] Moving #11 to level-1 256688123 bytes
2019/04/21-23:34:58.549024 7f988effd700 (Original Log Time 2019/04/21-23:34:58.548980) EVENT_LOG_v1 {"time_micros": 1555914898548968, "job": 4, "event": "trivial_move", "destination_level": 1, "files": 1, "total_files_size": 256688123}
2019/04/21-23:34:58.549026 7f988effd700 (Original Log Time 2019/04/21-23:34:58.548989) [db/db_impl_compaction_flush.cc:1864] [usertable] Moved #1 files to level-1 256688123 bytes OK: base level 1 max bytes base 536870912 files[1 1 0 0 0 0 0] max score 0.50
2019/04/21-23:35:04.553211 7f98941f2700 [db/db_impl_write.cc:1373] [usertable] New memtable created with log file: #15. Immutable memtables: 0.
2019/04/21-23:35:13.384476 7f98f43fc700 [db/db_impl_write.cc:1373] [usertable] New memtable created with log file: #16. Immutable memtables: 1.
2019/04/21-23:35:13.384621 7f988dffb700 [db/db_impl_compaction_flush.cc:80] [JOB 5] Syncing log #13
2019/04/21-23:35:13.817635 7f988dffb700 [db/db_impl_compaction_flush.cc:80] [JOB 5] Syncing log #15
2019/04/21-23:35:15.079900 7f988dffb700 (Original Log Time 2019/04/21-23:35:13.384601) [db/db_impl_compaction_flush.cc:1424] Calling FlushMemTableToOutputFile with column family [usertable], flush slots available 24, compaction slots available 1, flush slots scheduled 1, compaction slots scheduled 0
2019/04/21-23:35:15.079912 7f988dffb700 [db/flush_job.cc:301] [usertable] [JOB 5] Flushing memtable with next log file: 15
2019/04/21-23:35:15.079919 7f988dffb700 [db/flush_job.cc:301] [usertable] [JOB 5] Flushing memtable with next log file: 16
2019/04/21-23:35:15.079970 7f988dffb700 EVENT_LOG_v1 {"time_micros": 1555914915079956, "job": 5, "event": "flush_started", "num_memtables": 2, "num_entries": 58375, "num_deletes": 0, "memory_usage": 249589712, "flush_reason": "Write Buffer Full"}
2019/04/21-23:35:15.079977 7f988dffb700 [db/flush_job.cc:331] [usertable] [JOB 5] Level-0 flush table #17: started
2019/04/21-23:35:16.586077 7f988dffb700 EVENT_LOG_v1 {"time_micros": 1555914916586048, "cf_name": "usertable", "job": 5, "event": "table_file_creation", "file_number": 17, "file_size": 241754273, "table_properties": {"data_size": 240680139, "index_size": 1073207, "filter_size": 0, "raw_key_size": 1401000, "raw_average_key_size": 24, "raw_value_size": 239104000, "raw_average_value_size": 4096, "num_data_blocks": 29188, "num_entries": 58375, "filter_policy_name": "", "kDeletedKeys": "0", "kMergeOperands": "0"}}
2019/04/21-23:35:16.586111 7f988dffb700 [db/flush_job.cc:371] [usertable] [JOB 5] Level-0 flush table #17: 241754273 bytes OK
2019/04/21-23:35:16.601164 7f988dffb700 (Original Log Time 2019/04/21-23:35:16.586130) [db/memtable_list.cc:377] [usertable] Level-0 commit table #17 started
2019/04/21-23:35:16.601169 7f988dffb700 (Original Log Time 2019/04/21-23:35:16.601047) [db/memtable_list.cc:409] [usertable] Level-0 commit table #17: memtable #1 done
2019/04/21-23:35:16.601170 7f988dffb700 (Original Log Time 2019/04/21-23:35:16.601052) [db/memtable_list.cc:409] [usertable] Level-0 commit table #17: memtable #2 done
2019/04/21-23:35:16.601174 7f988dffb700 (Original Log Time 2019/04/21-23:35:16.601090) EVENT_LOG_v1 {"time_micros": 1555914916601068, "job": 5, "event": "flush_finished", "output_compression": "NoCompression", "lsm_state": [2, 1, 0, 0, 0, 0, 0], "immutable_memtables": 0}
2019/04/21-23:35:16.601176 7f988dffb700 (Original Log Time 2019/04/21-23:35:16.601126) [db/db_impl_compaction_flush.cc:177] [usertable] Level summary: base level 1 max bytes base 536870912 files[2 1 0 0 0 0 0] max score 1.00
