2018/12/21-05:38:23.014555 7f3238794700 RocksDB version: 5.14.3
2018/12/21-05:38:23.014617 7f3238794700 Git sha rocksdb_build_git_sha:
2018/12/21-05:38:23.014622 7f3238794700 Compile date Dec 16 2018
2018/12/21-05:38:23.014628 7f3238794700 DB SUMMARY
2018/12/21-05:38:23.015451 7f3238794700 CURRENT file:  CURRENT
2018/12/21-05:38:23.015455 7f3238794700 IDENTITY file:  IDENTITY
2018/12/21-05:38:23.015471 7f3238794700 MANIFEST file:  MANIFEST-000004 size: 128903 Bytes
2018/12/21-05:38:23.015476 7f3238794700 SST files in /mnt/sda/ycsb-rocksdb-data dir, Total Num: 690, files: 000021.sst 000022.sst 000023.sst 000024.sst 000028.sst 000029.sst 000030.sst 000031.sst 000035.sst 
2018/12/21-05:38:23.015479 7f3238794700 Write Ahead Log file in /mnt/sda/ycsb-rocksdb-data: 001300.log size: 100541477 ; 001304.log size: 71505343 ; 
2018/12/21-05:38:23.015487 7f3238794700                         Options.error_if_exists: 0
2018/12/21-05:38:23.015490 7f3238794700                       Options.create_if_missing: 1
2018/12/21-05:38:23.015492 7f3238794700                         Options.paranoid_checks: 1
2018/12/21-05:38:23.015494 7f3238794700                                     Options.env: 0x7f31fec652c0
2018/12/21-05:38:23.015496 7f3238794700                                Options.info_log: 0x7f32103ce930
2018/12/21-05:38:23.015498 7f3238794700                Options.max_file_opening_threads: 16
2018/12/21-05:38:23.015500 7f3238794700                              Options.statistics: (nil)
2018/12/21-05:38:23.015502 7f3238794700                               Options.use_fsync: 0
2018/12/21-05:38:23.015504 7f3238794700                       Options.max_log_file_size: 0
2018/12/21-05:38:23.015506 7f3238794700                  Options.max_manifest_file_size: 18446744073709551615
2018/12/21-05:38:23.015508 7f3238794700                   Options.log_file_time_to_roll: 0
2018/12/21-05:38:23.015510 7f3238794700                       Options.keep_log_file_num: 1000
2018/12/21-05:38:23.015512 7f3238794700                    Options.recycle_log_file_num: 0
2018/12/21-05:38:23.015514 7f3238794700                         Options.allow_fallocate: 1
2018/12/21-05:38:23.015516 7f3238794700                        Options.allow_mmap_reads: 0
2018/12/21-05:38:23.015517 7f3238794700                       Options.allow_mmap_writes: 0
2018/12/21-05:38:23.015519 7f3238794700                        Options.use_direct_reads: 0
2018/12/21-05:38:23.015521 7f3238794700                        Options.use_direct_io_for_flush_and_compaction: 0
2018/12/21-05:38:23.015523 7f3238794700          Options.create_missing_column_families: 1
2018/12/21-05:38:23.015525 7f3238794700                              Options.db_log_dir: 
2018/12/21-05:38:23.015527 7f3238794700                                 Options.wal_dir: /mnt/sda/ycsb-rocksdb-data
2018/12/21-05:38:23.015529 7f3238794700                Options.table_cache_numshardbits: 6
2018/12/21-05:38:23.015531 7f3238794700                      Options.max_subcompactions: 4
2018/12/21-05:38:23.015533 7f3238794700                  Options.max_background_flushes: 24
2018/12/21-05:38:23.015535 7f3238794700                         Options.WAL_ttl_seconds: 0
2018/12/21-05:38:23.015537 7f3238794700                       Options.WAL_size_limit_MB: 0
2018/12/21-05:38:23.015539 7f3238794700             Options.manifest_preallocation_size: 4194304
2018/12/21-05:38:23.015541 7f3238794700                     Options.is_fd_close_on_exec: 1
2018/12/21-05:38:23.015543 7f3238794700                   Options.advise_random_on_open: 1
2018/12/21-05:38:23.015545 7f3238794700                    Options.db_write_buffer_size: 0
2018/12/21-05:38:23.015547 7f3238794700                    Options.write_buffer_manager: 0x7f32103cb720
2018/12/21-05:38:23.015549 7f3238794700         Options.access_hint_on_compaction_start: 1
2018/12/21-05:38:23.015551 7f3238794700  Options.new_table_reader_for_compaction_inputs: 0
2018/12/21-05:38:23.015552 7f3238794700           Options.random_access_max_buffer_size: 1048576
2018/12/21-05:38:23.015554 7f3238794700                      Options.use_adaptive_mutex: 0
2018/12/21-05:38:23.015556 7f3238794700                            Options.rate_limiter: (nil)
2018/12/21-05:38:23.015573 7f3238794700     Options.sst_file_manager.rate_bytes_per_sec: 0
2018/12/21-05:38:23.015577 7f3238794700                       Options.wal_recovery_mode: 2
2018/12/21-05:38:23.015578 7f3238794700                  Options.enable_thread_tracking: 0
2018/12/21-05:38:23.015581 7f3238794700                  Options.enable_pipelined_write: 1
2018/12/21-05:38:23.015583 7f3238794700         Options.allow_concurrent_memtable_write: 1
2018/12/21-05:38:23.015585 7f3238794700      Options.enable_write_thread_adaptive_yield: 1
2018/12/21-05:38:23.015587 7f3238794700             Options.write_thread_max_yield_usec: 100
2018/12/21-05:38:23.015589 7f3238794700            Options.write_thread_slow_yield_usec: 3
2018/12/21-05:38:23.015591 7f3238794700                               Options.row_cache: None
2018/12/21-05:38:23.015593 7f3238794700                              Options.wal_filter: None
2018/12/21-05:38:23.015595 7f3238794700             Options.avoid_flush_during_recovery: 0
2018/12/21-05:38:23.015597 7f3238794700             Options.allow_ingest_behind: 0
2018/12/21-05:38:23.015598 7f3238794700             Options.preserve_deletes: 0
2018/12/21-05:38:23.015600 7f3238794700             Options.two_write_queues: 0
2018/12/21-05:38:23.015602 7f3238794700             Options.manual_wal_flush: 0
2018/12/21-05:38:23.015605 7f3238794700             Options.max_background_jobs: 24
2018/12/21-05:38:23.015607 7f3238794700             Options.max_background_compactions: 24
2018/12/21-05:38:23.015609 7f3238794700             Options.avoid_flush_during_shutdown: 0
2018/12/21-05:38:23.015611 7f3238794700           Options.writable_file_max_buffer_size: 1048576
2018/12/21-05:38:23.015613 7f3238794700             Options.delayed_write_rate : 16777216
2018/12/21-05:38:23.015615 7f3238794700             Options.max_total_wal_size: 0
2018/12/21-05:38:23.015617 7f3238794700             Options.delete_obsolete_files_period_micros: 21600000000
2018/12/21-05:38:23.015619 7f3238794700                   Options.stats_dump_period_sec: 60
2018/12/21-05:38:23.015621 7f3238794700                          Options.max_open_files: -1
2018/12/21-05:38:23.015623 7f3238794700                          Options.bytes_per_sync: 1048576
2018/12/21-05:38:23.015625 7f3238794700                      Options.wal_bytes_per_sync: 0
2018/12/21-05:38:23.015627 7f3238794700       Options.compaction_readahead_size: 0
2018/12/21-05:38:23.015629 7f3238794700 Compression algorithms supported:
2018/12/21-05:38:23.015631 7f3238794700 	kZSTDNotFinalCompression supported: 1
2018/12/21-05:38:23.015641 7f3238794700 	kZSTD supported: 1
2018/12/21-05:38:23.015643 7f3238794700 	kXpressCompression supported: 0
2018/12/21-05:38:23.015645 7f3238794700 	kLZ4HCCompression supported: 1
2018/12/21-05:38:23.015648 7f3238794700 	kLZ4Compression supported: 1
2018/12/21-05:38:23.015650 7f3238794700 	kBZip2Compression supported: 1
2018/12/21-05:38:23.015652 7f3238794700 	kZlibCompression supported: 1
2018/12/21-05:38:23.015654 7f3238794700 	kSnappyCompression supported: 1
2018/12/21-05:38:23.015660 7f3238794700 Fast CRC32 supported: Supported on x86
2018/12/21-05:38:23.016229 7f3238794700 [db/version_set.cc:3085] Recovering from manifest file: MANIFEST-000004
2018/12/21-05:38:23.016376 7f3238794700 [db/column_family.cc:475] --------------- Options for column family [default]:
2018/12/21-05:38:23.016380 7f3238794700               Options.comparator: leveldb.BytewiseComparator
2018/12/21-05:38:23.016381 7f3238794700           Options.merge_operator: None
2018/12/21-05:38:23.016382 7f3238794700        Options.compaction_filter: None
2018/12/21-05:38:23.016383 7f3238794700        Options.compaction_filter_factory: None
2018/12/21-05:38:23.016384 7f3238794700         Options.memtable_factory: SkipListFactory
2018/12/21-05:38:23.016385 7f3238794700            Options.table_factory: BlockBasedTable
2018/12/21-05:38:23.016407 7f3238794700            table_factory options:   flush_block_policy_factory: FlushBlockBySizePolicyFactory (0x7f32103787b0)
  cache_index_and_filter_blocks: 0
  cache_index_and_filter_blocks_with_high_priority: 0
  pin_l0_filter_and_index_blocks_in_cache: 0
  index_type: 0
  hash_index_allow_collision: 1
  checksum: 1
  no_block_cache: 0
  block_cache: 0x7f32103840b0
  block_cache_name: LRUCache
  block_cache_options:
    capacity : 8388608
    num_shard_bits : 4
    strict_capacity_limit : 0
    high_pri_pool_ratio: 0.000
  block_cache_compressed: (nil)
  persistent_cache: (nil)
  block_size: 8192
  block_size_deviation: 10
  block_restart_interval: 16
  index_block_restart_interval: 1
  metadata_block_size: 4096
  partition_filters: 0
  use_delta_encoding: 1
  filter_policy: nullptr
  whole_key_filtering: 1
  verify_compression: 0
  read_amp_bytes_per_bit: 0
  format_version: 2
  enable_index_compression: 1
  block_align: 0
2018/12/21-05:38:23.016420 7f3238794700        Options.write_buffer_size: 134217728
2018/12/21-05:38:23.016422 7f3238794700  Options.max_write_buffer_number: 24
2018/12/21-05:38:23.016423 7f3238794700        Options.compression[0]: NoCompression
2018/12/21-05:38:23.016424 7f3238794700        Options.compression[1]: NoCompression
2018/12/21-05:38:23.016425 7f3238794700        Options.compression[2]: LZ4
2018/12/21-05:38:23.016426 7f3238794700        Options.compression[3]: LZ4
2018/12/21-05:38:23.016427 7f3238794700        Options.compression[4]: LZ4
2018/12/21-05:38:23.016428 7f3238794700        Options.compression[5]: LZ4
2018/12/21-05:38:23.016429 7f3238794700        Options.compression[6]: LZ4
2018/12/21-05:38:23.016430 7f3238794700                  Options.bottommost_compression: Disabled
2018/12/21-05:38:23.016431 7f3238794700       Options.prefix_extractor: nullptr
2018/12/21-05:38:23.016433 7f3238794700   Options.memtable_insert_with_hint_prefix_extractor: nullptr
2018/12/21-05:38:23.016433 7f3238794700             Options.num_levels: 7
2018/12/21-05:38:23.016434 7f3238794700        Options.min_write_buffer_number_to_merge: 2
2018/12/21-05:38:23.016435 7f3238794700     Options.max_write_buffer_number_to_maintain: 0
2018/12/21-05:38:23.016437 7f3238794700            Options.compression_opts.window_bits: -14
2018/12/21-05:38:23.016438 7f3238794700                  Options.compression_opts.level: -1
2018/12/21-05:38:23.016439 7f3238794700               Options.compression_opts.strategy: 0
2018/12/21-05:38:23.016440 7f3238794700         Options.compression_opts.max_dict_bytes: 0
2018/12/21-05:38:23.016440 7f3238794700         Options.compression_opts.zstd_max_train_bytes: 0
2018/12/21-05:38:23.016441 7f3238794700      Options.level0_file_num_compaction_trigger: 2
2018/12/21-05:38:23.016442 7f3238794700          Options.level0_slowdown_writes_trigger: 20
2018/12/21-05:38:23.016443 7f3238794700              Options.level0_stop_writes_trigger: 36
2018/12/21-05:38:23.016444 7f3238794700                   Options.target_file_size_base: 67108864
2018/12/21-05:38:23.016445 7f3238794700             Options.target_file_size_multiplier: 1
2018/12/21-05:38:23.016446 7f3238794700                Options.max_bytes_for_level_base: 536870912
2018/12/21-05:38:23.016447 7f3238794700 Options.level_compaction_dynamic_level_bytes: 0
2018/12/21-05:38:23.016448 7f3238794700          Options.max_bytes_for_level_multiplier: 10.000000
2018/12/21-05:38:23.016450 7f3238794700 Options.max_bytes_for_level_multiplier_addtl[0]: 1
2018/12/21-05:38:23.016451 7f3238794700 Options.max_bytes_for_level_multiplier_addtl[1]: 1
2018/12/21-05:38:23.016452 7f3238794700 Options.max_bytes_for_level_multiplier_addtl[2]: 1
2018/12/21-05:38:23.016453 7f3238794700 Options.max_bytes_for_level_multiplier_addtl[3]: 1
2018/12/21-05:38:23.016454 7f3238794700 Options.max_bytes_for_level_multiplier_addtl[4]: 1
2018/12/21-05:38:23.016455 7f3238794700 Options.max_bytes_for_level_multiplier_addtl[5]: 1
2018/12/21-05:38:23.016456 7f3238794700 Options.max_bytes_for_level_multiplier_addtl[6]: 1
2018/12/21-05:38:23.016457 7f3238794700       Options.max_sequential_skip_in_iterations: 8
2018/12/21-05:38:23.016458 7f3238794700                    Options.max_compaction_bytes: 1677721600
2018/12/21-05:38:23.016465 7f3238794700                        Options.arena_block_size: 16777216
2018/12/21-05:38:23.016466 7f3238794700   Options.soft_pending_compaction_bytes_limit: 68719476736
2018/12/21-05:38:23.016467 7f3238794700   Options.hard_pending_compaction_bytes_limit: 274877906944
2018/12/21-05:38:23.016468 7f3238794700       Options.rate_limit_delay_max_milliseconds: 100
2018/12/21-05:38:23.016469 7f3238794700                Options.disable_auto_compactions: 0
2018/12/21-05:38:23.016471 7f3238794700                        Options.compaction_style: kCompactionStyleLevel
2018/12/21-05:38:23.016473 7f3238794700                          Options.compaction_pri: kByCompensatedSize
2018/12/21-05:38:23.016474 7f3238794700 Options.compaction_options_universal.size_ratio: 1
2018/12/21-05:38:23.016475 7f3238794700 Options.compaction_options_universal.min_merge_width: 2
2018/12/21-05:38:23.016476 7f3238794700 Options.compaction_options_universal.max_merge_width: 4294967295
2018/12/21-05:38:23.016477 7f3238794700 Options.compaction_options_universal.max_size_amplification_percent: 200
2018/12/21-05:38:23.016478 7f3238794700 Options.compaction_options_universal.compression_size_percent: -1
2018/12/21-05:38:23.016479 7f3238794700 Options.compaction_options_universal.stop_style: kCompactionStopStyleTotalSize
2018/12/21-05:38:23.016480 7f3238794700 Options.compaction_options_fifo.max_table_files_size: 1073741824
2018/12/21-05:38:23.016481 7f3238794700 Options.compaction_options_fifo.allow_compaction: 0
2018/12/21-05:38:23.016482 7f3238794700 Options.compaction_options_fifo.ttl: 0
2018/12/21-05:38:23.016483 7f3238794700                   Options.table_properties_collectors: 
2018/12/21-05:38:23.016484 7f3238794700                   Options.inplace_update_support: 0
2018/12/21-05:38:23.016485 7f3238794700                 Options.inplace_update_num_locks: 10000
2018/12/21-05:38:23.016486 7f3238794700               Options.memtable_prefix_bloom_size_ratio: 0.000000
2018/12/21-05:38:23.016488 7f3238794700   Options.memtable_huge_page_size: 0
2018/12/21-05:38:23.016489 7f3238794700                           Options.bloom_locality: 0
2018/12/21-05:38:23.016490 7f3238794700                    Options.max_successive_merges: 0
2018/12/21-05:38:23.016491 7f3238794700                Options.optimize_filters_for_hits: 0
2018/12/21-05:38:23.016492 7f3238794700                Options.paranoid_file_checks: 0
2018/12/21-05:38:23.016492 7f3238794700                Options.force_consistency_checks: 0
2018/12/21-05:38:23.016493 7f3238794700                Options.report_bg_io_stats: 0
2018/12/21-05:38:23.016494 7f3238794700                               Options.ttl: 0
2018/12/21-05:38:23.016977 7f3238794700 [db/column_family.cc:475] --------------- Options for column family [usertable]:
2018/12/21-05:38:23.016982 7f3238794700               Options.comparator: leveldb.BytewiseComparator
2018/12/21-05:38:23.016983 7f3238794700           Options.merge_operator: None
2018/12/21-05:38:23.016984 7f3238794700        Options.compaction_filter: None
2018/12/21-05:38:23.016985 7f3238794700        Options.compaction_filter_factory: None
2018/12/21-05:38:23.016986 7f3238794700         Options.memtable_factory: SkipListFactory
2018/12/21-05:38:23.016987 7f3238794700            Options.table_factory: BlockBasedTable
2018/12/21-05:38:23.017014 7f3238794700            table_factory options:   flush_block_policy_factory: FlushBlockBySizePolicyFactory (0x7f3210378580)
  cache_index_and_filter_blocks: 0
  cache_index_and_filter_blocks_with_high_priority: 0
  pin_l0_filter_and_index_blocks_in_cache: 0
  index_type: 0
  hash_index_allow_collision: 1
  checksum: 1
  no_block_cache: 0
  block_cache: 0x7f32103781e0
  block_cache_name: LRUCache
  block_cache_options:
    capacity : 8388608
    num_shard_bits : 4
    strict_capacity_limit : 0
    high_pri_pool_ratio: 0.000
  block_cache_compressed: (nil)
  persistent_cache: (nil)
  block_size: 8192
  block_size_deviation: 10
  block_restart_interval: 16
  index_block_restart_interval: 1
  metadata_block_size: 4096
  partition_filters: 0
  use_delta_encoding: 1
  filter_policy: nullptr
  whole_key_filtering: 1
  verify_compression: 0
  read_amp_bytes_per_bit: 0
  format_version: 2
  enable_index_compression: 1
  block_align: 0
2018/12/21-05:38:23.017029 7f3238794700        Options.write_buffer_size: 134217728
2018/12/21-05:38:23.017031 7f3238794700  Options.max_write_buffer_number: 24
2018/12/21-05:38:23.017032 7f3238794700        Options.compression[0]: NoCompression
2018/12/21-05:38:23.017033 7f3238794700        Options.compression[1]: NoCompression
2018/12/21-05:38:23.017034 7f3238794700        Options.compression[2]: LZ4
2018/12/21-05:38:23.017035 7f3238794700        Options.compression[3]: LZ4
2018/12/21-05:38:23.017036 7f3238794700        Options.compression[4]: LZ4
2018/12/21-05:38:23.017037 7f3238794700        Options.compression[5]: LZ4
2018/12/21-05:38:23.017038 7f3238794700        Options.compression[6]: LZ4
2018/12/21-05:38:23.017039 7f3238794700                  Options.bottommost_compression: Disabled
2018/12/21-05:38:23.017040 7f3238794700       Options.prefix_extractor: nullptr
2018/12/21-05:38:23.017041 7f3238794700   Options.memtable_insert_with_hint_prefix_extractor: nullptr
2018/12/21-05:38:23.017042 7f3238794700             Options.num_levels: 7
2018/12/21-05:38:23.017043 7f3238794700        Options.min_write_buffer_number_to_merge: 2
2018/12/21-05:38:23.017044 7f3238794700     Options.max_write_buffer_number_to_maintain: 0
2018/12/21-05:38:23.017045 7f3238794700            Options.compression_opts.window_bits: -14
2018/12/21-05:38:23.017046 7f3238794700                  Options.compression_opts.level: -1
2018/12/21-05:38:23.017047 7f3238794700               Options.compression_opts.strategy: 0
2018/12/21-05:38:23.017048 7f3238794700         Options.compression_opts.max_dict_bytes: 0
2018/12/21-05:38:23.017049 7f3238794700         Options.compression_opts.zstd_max_train_bytes: 0
2018/12/21-05:38:23.017050 7f3238794700      Options.level0_file_num_compaction_trigger: 2
2018/12/21-05:38:23.017051 7f3238794700          Options.level0_slowdown_writes_trigger: 20
2018/12/21-05:38:23.017052 7f3238794700              Options.level0_stop_writes_trigger: 36
2018/12/21-05:38:23.017053 7f3238794700                   Options.target_file_size_base: 67108864
2018/12/21-05:38:23.017054 7f3238794700             Options.target_file_size_multiplier: 1
2018/12/21-05:38:23.017055 7f3238794700                Options.max_bytes_for_level_base: 536870912
2018/12/21-05:38:23.017056 7f3238794700 Options.level_compaction_dynamic_level_bytes: 0
2018/12/21-05:38:23.017057 7f3238794700          Options.max_bytes_for_level_multiplier: 10.000000
2018/12/21-05:38:23.017059 7f3238794700 Options.max_bytes_for_level_multiplier_addtl[0]: 1
2018/12/21-05:38:23.017060 7f3238794700 Options.max_bytes_for_level_multiplier_addtl[1]: 1
2018/12/21-05:38:23.017061 7f3238794700 Options.max_bytes_for_level_multiplier_addtl[2]: 1
2018/12/21-05:38:23.017062 7f3238794700 Options.max_bytes_for_level_multiplier_addtl[3]: 1
2018/12/21-05:38:23.017063 7f3238794700 Options.max_bytes_for_level_multiplier_addtl[4]: 1
2018/12/21-05:38:23.017064 7f3238794700 Options.max_bytes_for_level_multiplier_addtl[5]: 1
2018/12/21-05:38:23.017065 7f3238794700 Options.max_bytes_for_level_multiplier_addtl[6]: 1
2018/12/21-05:38:23.017066 7f3238794700       Options.max_sequential_skip_in_iterations: 8
2018/12/21-05:38:23.017067 7f3238794700                    Options.max_compaction_bytes: 1677721600
2018/12/21-05:38:23.017068 7f3238794700                        Options.arena_block_size: 16777216
2018/12/21-05:38:23.017069 7f3238794700   Options.soft_pending_compaction_bytes_limit: 68719476736
2018/12/21-05:38:23.017070 7f3238794700   Options.hard_pending_compaction_bytes_limit: 274877906944
2018/12/21-05:38:23.017071 7f3238794700       Options.rate_limit_delay_max_milliseconds: 100
2018/12/21-05:38:23.017072 7f3238794700                Options.disable_auto_compactions: 0
2018/12/21-05:38:23.017073 7f3238794700                        Options.compaction_style: kCompactionStyleLevel
2018/12/21-05:38:23.017081 7f3238794700                          Options.compaction_pri: kByCompensatedSize
2018/12/21-05:38:23.017082 7f3238794700 Options.compaction_options_universal.size_ratio: 1
2018/12/21-05:38:23.017083 7f3238794700 Options.compaction_options_universal.min_merge_width: 2
2018/12/21-05:38:23.017084 7f3238794700 Options.compaction_options_universal.max_merge_width: 4294967295
2018/12/21-05:38:23.017085 7f3238794700 Options.compaction_options_universal.max_size_amplification_percent: 200
2018/12/21-05:38:23.017086 7f3238794700 Options.compaction_options_universal.compression_size_percent: -1
2018/12/21-05:38:23.017087 7f3238794700 Options.compaction_options_universal.stop_style: kCompactionStopStyleTotalSize
2018/12/21-05:38:23.017088 7f3238794700 Options.compaction_options_fifo.max_table_files_size: 1073741824
2018/12/21-05:38:23.017089 7f3238794700 Options.compaction_options_fifo.allow_compaction: 0
2018/12/21-05:38:23.017090 7f3238794700 Options.compaction_options_fifo.ttl: 0
2018/12/21-05:38:23.017091 7f3238794700                   Options.table_properties_collectors: 
2018/12/21-05:38:23.017092 7f3238794700                   Options.inplace_update_support: 0
2018/12/21-05:38:23.017093 7f3238794700                 Options.inplace_update_num_locks: 10000
2018/12/21-05:38:23.017094 7f3238794700               Options.memtable_prefix_bloom_size_ratio: 0.000000
2018/12/21-05:38:23.017096 7f3238794700   Options.memtable_huge_page_size: 0
2018/12/21-05:38:23.017097 7f3238794700                           Options.bloom_locality: 0
2018/12/21-05:38:23.017098 7f3238794700                    Options.max_successive_merges: 0
2018/12/21-05:38:23.017099 7f3238794700                Options.optimize_filters_for_hits: 0
2018/12/21-05:38:23.017100 7f3238794700                Options.paranoid_file_checks: 0
2018/12/21-05:38:23.017101 7f3238794700                Options.force_consistency_checks: 0
2018/12/21-05:38:23.017102 7f3238794700                Options.report_bg_io_stats: 0
2018/12/21-05:38:23.017103 7f3238794700                               Options.ttl: 0
2018/12/21-05:38:23.573969 7f3238794700 [db/version_set.cc:3361] Recovered from manifest file:/mnt/sda/ycsb-rocksdb-data/MANIFEST-000004 succeeded,manifest_file_number is 4, next_file_number is 1307, last_sequence is 10431714, log_number is 0,prev_log_number is 0,max_column_family is 1,min_log_number_to_keep is 0
2018/12/21-05:38:23.573980 7f3238794700 [db/version_set.cc:3369] Column family [default] (ID 0), log number is 0
2018/12/21-05:38:23.573982 7f3238794700 [db/version_set.cc:3369] Column family [usertable] (ID 1), log number is 1300
2018/12/21-05:38:23.576169 7f3238794700 EVENT_LOG_v1 {"time_micros": 1545399503576158, "job": 1, "event": "recovery_started", "log_files": [1300, 1304]}
2018/12/21-05:38:23.576179 7f3238794700 [db/db_impl_open.cc:551] Recovering log #1300 mode 2
2018/12/21-05:38:23.865266 7f3238794700 [db/db_impl_open.cc:551] Recovering log #1304 mode 2
2018/12/21-05:38:26.586283 7f3238794700 EVENT_LOG_v1 {"time_micros": 1545399506586257, "cf_name": "usertable", "job": 1, "event": "table_file_creation", "file_number": 1307, "file_size": 129895354, "table_properties": {"data_size": 129317909, "index_size": 576523, "filter_size": 0, "raw_key_size": 752760, "raw_average_key_size": 24, "raw_value_size": 128471040, "raw_average_value_size": 4096, "num_data_blocks": 15683, "num_entries": 31365, "filter_policy_name": "", "kDeletedKeys": "0", "kMergeOperands": "0"}}
2018/12/21-05:38:27.080631 7f3238794700 [db/version_set.cc:2847] Creating manifest 1308
2018/12/21-05:38:28.227964 7f3238794700 EVENT_LOG_v1 {"time_micros": 1545399508227937, "cf_name": "usertable", "job": 1, "event": "table_file_creation", "file_number": 1309, "file_size": 42344488, "table_properties": {"data_size": 42154687, "index_size": 188880, "filter_size": 0, "raw_key_size": 245376, "raw_average_key_size": 24, "raw_value_size": 41877504, "raw_average_value_size": 4096, "num_data_blocks": 5112, "num_entries": 10224, "filter_policy_name": "", "kDeletedKeys": "0", "kMergeOperands": "0"}}
2018/12/21-05:38:28.423383 7f3238794700 EVENT_LOG_v1 {"time_micros": 1545399508423377, "job": 1, "event": "recovery_finished"}
2018/12/21-05:38:28.615269 7f3238794700 [db/db_impl_open.cc:1219] DB pointer 0x7f32103cee50
2018/12/21-05:38:28.615559 7f31fe2ed700 [WARN] [db/db_impl.cc:491] ------- DUMPING STATS -------
2018/12/21-05:38:28.615605 7f31fe2ed700 [WARN] [db/db_impl.cc:492] 
** DB Stats **
Uptime(secs): 5.6 total, 5.6 interval
Cumulative writes: 0 writes, 0 keys, 0 commit groups, 0.0 writes per commit group, ingest: 0.00 GB, 0.00 MB/s
Cumulative WAL: 0 writes, 0 syncs, 0.00 writes per sync, written: 0.00 GB, 0.00 MB/s
Cumulative stall: 00:00:0.000 H:M:S, 0.0 percent
Interval writes: 0 writes, 0 keys, 0 commit groups, 0.0 writes per commit group, ingest: 0.00 MB, 0.00 MB/s
Interval WAL: 0 writes, 0 syncs, 0.00 writes per sync, written: 0.00 MB, 0.00 MB/s
Interval stall: 00:00:0.000 H:M:S, 0.0 percent

** Compaction Stats [default] **
Level    Files   Size     Score Read(GB)  Rn(GB) Rnp1(GB) Write(GB) Wnew(GB) Moved(GB) W-Amp Rd(MB/s) Wr(MB/s) Comp(sec) Comp(cnt) Avg(sec) KeyIn KeyDrop
----------------------------------------------------------------------------------------------------------------------------------------------------------
 Sum      0/0    0.00 KB   0.0      0.0     0.0      0.0       0.0      0.0       0.0   0.0      0.0      0.0         0         0    0.000       0      0
 Int      0/0    0.00 KB   0.0      0.0     0.0      0.0       0.0      0.0       0.0   0.0      0.0      0.0         0         0    0.000       0      0
Uptime(secs): 5.6 total, 5.6 interval
Flush(GB): cumulative 0.000, interval 0.000
AddFile(GB): cumulative 0.000, interval 0.000
AddFile(Total Files): cumulative 0, interval 0
AddFile(L0 Files): cumulative 0, interval 0
AddFile(Keys): cumulative 0, interval 0
Cumulative compaction: 0.00 GB write, 0.00 MB/s write, 0.00 GB read, 0.00 MB/s read, 0.0 seconds
Interval compaction: 0.00 GB write, 0.00 MB/s write, 0.00 GB read, 0.00 MB/s read, 0.0 seconds
Stalls(count): 0 level0_slowdown, 0 level0_slowdown_with_compaction, 0 level0_numfiles, 0 level0_numfiles_with_compaction, 0 stop for pending_compaction_bytes, 0 slowdown for pending_compaction_bytes, 0 memtable_compaction, 0 memtable_slowdown, interval 0 total count

** File Read Latency Histogram By Level [default] **

** Compaction Stats [usertable] **
Level    Files   Size     Score Read(GB)  Rn(GB) Rnp1(GB) Write(GB) Wnew(GB) Moved(GB) W-Amp Rd(MB/s) Wr(MB/s) Comp(sec) Comp(cnt) Avg(sec) KeyIn KeyDrop
----------------------------------------------------------------------------------------------------------------------------------------------------------
  L0      3/0   356.22 MB   1.5      0.0     0.0      0.0       0.2      0.2       0.0   1.0      0.0     46.6         4         2    1.761       0      0
  L1      2/0   383.94 MB   0.7      0.0     0.0      0.0       0.0      0.0       0.0   0.0      0.0      0.0         0         0    0.000       0      0
  L2    135/0    4.95 GB   1.0      0.0     0.0      0.0       0.0      0.0       0.0   0.0      0.0      0.0         0         0    0.000       0      0
  L3    552/0   34.51 GB   0.7      0.0     0.0      0.0       0.0      0.0       0.0   0.0      0.0      0.0         0         0    0.000       0      0
 Sum    692/0   40.18 GB   0.0      0.0     0.0      0.0       0.2      0.2       0.0   1.0      0.0     46.6         4         2    1.761       0      0
 Int      0/0    0.00 KB   0.0      0.0     0.0      0.0       0.2      0.2       0.0   1.0      0.0     46.6         4         2    1.761       0      0
Uptime(secs): 5.6 total, 5.6 interval
Flush(GB): cumulative 0.160, interval 0.160
AddFile(GB): cumulative 0.000, interval 0.000
AddFile(Total Files): cumulative 0, interval 0
AddFile(L0 Files): cumulative 0, interval 0
AddFile(Keys): cumulative 0, interval 0
Cumulative compaction: 0.16 GB write, 29.34 MB/s write, 0.00 GB read, 0.00 MB/s read, 3.5 seconds
Interval compaction: 0.16 GB write, 29.34 MB/s write, 0.00 GB read, 0.00 MB/s read, 3.5 seconds
Stalls(count): 0 level0_slowdown, 0 level0_slowdown_with_compaction, 0 level0_numfiles, 0 level0_numfiles_with_compaction, 0 stop for pending_compaction_bytes, 0 slowdown for pending_compaction_bytes, 0 memtable_compaction, 0 memtable_slowdown, interval 0 total count

** File Read Latency Histogram By Level [usertable] **

** Compaction Stats [default] **
Level    Files   Size     Score Read(GB)  Rn(GB) Rnp1(GB) Write(GB) Wnew(GB) Moved(GB) W-Amp Rd(MB/s) Wr(MB/s) Comp(sec) Comp(cnt) Avg(sec) KeyIn KeyDrop
----------------------------------------------------------------------------------------------------------------------------------------------------------
 Sum      0/0    0.00 KB   0.0      0.0     0.0      0.0       0.0      0.0       0.0   0.0      0.0      0.0         0         0    0.000       0      0
 Int      0/0    0.00 KB   0.0      0.0     0.0      0.0       0.0      0.0       0.0   0.0      0.0      0.0         0         0    0.000       0      0
Uptime(secs): 5.6 total, 0.0 interval
Flush(GB): cumulative 0.000, interval 0.000
AddFile(GB): cumulative 0.000, interval 0.000
AddFile(Total Files): cumulative 0, interval 0
AddFile(L0 Files): cumulative 0, interval 0
AddFile(Keys): cumulative 0, interval 0
Cumulative compaction: 0.00 GB write, 0.00 MB/s write, 0.00 GB read, 0.00 MB/s read, 0.0 seconds
Interval compaction: 0.00 GB write, 0.00 MB/s write, 0.00 GB read, 0.00 MB/s read, 0.0 seconds
Stalls(count): 0 level0_slowdown, 0 level0_slowdown_with_compaction, 0 level0_numfiles, 0 level0_numfiles_with_compaction, 0 stop for pending_compaction_bytes, 0 slowdown for pending_compaction_bytes, 0 memtable_compaction, 0 memtable_slowdown, interval 0 total count

** File Read Latency Histogram By Level [default] **

** Compaction Stats [usertable] **
Level    Files   Size     Score Read(GB)  Rn(GB) Rnp1(GB) Write(GB) Wnew(GB) Moved(GB) W-Amp Rd(MB/s) Wr(MB/s) Comp(sec) Comp(cnt) Avg(sec) KeyIn KeyDrop
----------------------------------------------------------------------------------------------------------------------------------------------------------
  L0      3/0   356.22 MB   1.5      0.0     0.0      0.0       0.2      0.2       0.0   1.0      0.0     46.6         4         2    1.761       0      0
  L1      2/0   383.94 MB   0.7      0.0     0.0      0.0       0.0      0.0       0.0   0.0      0.0      0.0         0         0    0.000       0      0
  L2    135/0    4.95 GB   1.0      0.0     0.0      0.0       0.0      0.0       0.0   0.0      0.0      0.0         0         0    0.000       0      0
  L3    552/0   34.51 GB   0.7      0.0     0.0      0.0       0.0      0.0       0.0   0.0      0.0      0.0         0         0    0.000       0      0
 Sum    692/0   40.18 GB   0.0      0.0     0.0      0.0       0.2      0.2       0.0   1.0      0.0     46.6         4         2    1.761       0      0
 Int      0/0    0.00 KB   0.0      0.0     0.0      0.0       0.0      0.0       0.0   0.0      0.0      0.0         0         0    0.000       0      0
Uptime(secs): 5.6 total, 0.0 interval
Flush(GB): cumulative 0.160, interval 0.000
AddFile(GB): cumulative 0.000, interval 0.000
AddFile(Total Files): cumulative 0, interval 0
AddFile(L0 Files): cumulative 0, interval 0
AddFile(Keys): cumulative 0, interval 0
Cumulative compaction: 0.16 GB write, 29.34 MB/s write, 0.00 GB read, 0.00 MB/s read, 3.5 seconds
Interval compaction: 0.00 GB write, 0.00 MB/s write, 0.00 GB read, 0.00 MB/s read, 0.0 seconds
Stalls(count): 0 level0_slowdown, 0 level0_slowdown_with_compaction, 0 level0_numfiles, 0 level0_numfiles_with_compaction, 0 stop for pending_compaction_bytes, 0 slowdown for pending_compaction_bytes, 0 memtable_compaction, 0 memtable_slowdown, interval 0 total count

** File Read Latency Histogram By Level [usertable] **
2018/12/21-05:38:28.647363 7f31fe2ed700 (Original Log Time 2018/12/21-05:38:28.615743) [db/db_impl_compaction_flush.cc:1835] [usertable] Moving #522 to level-1 201288729 bytes
2018/12/21-05:38:28.647371 7f31fe2ed700 (Original Log Time 2018/12/21-05:38:28.647143) EVENT_LOG_v1 {"time_micros": 1545399508647132, "job": 3, "event": "trivial_move", "destination_level": 1, "files": 1, "total_files_size": 201288729}
2018/12/21-05:38:28.647375 7f31fe2ed700 (Original Log Time 2018/12/21-05:38:28.647164) [db/db_impl_compaction_flush.cc:1864] [usertable] Moved #1 files to level-1 201288729 bytes OK: base level 1 max bytes base 536870912 files[2 3 135 552 0 0 0] max score 1.12
2018/12/21-05:38:28.647490 7f31fe2ed700 [db/compaction_job.cc:1531] [usertable] [JOB 4] Compacting 1@1 files to L2, score 1.12
2018/12/21-05:38:28.647501 7f31fe2ed700 [db/compaction_job.cc:1535] [usertable] Compaction start summary: Base version 6 Base level 1, inputs: [275(191MB)]
2018/12/21-05:38:28.647543 7f31fe2ed700 EVENT_LOG_v1 {"time_micros": 1545399508647511, "job": 4, "event": "compaction_started", "compaction_reason": "LevelMaxLevelSize", "files_L1": [275], "score": 1.12482, "input_data_size": 201297012}
2018/12/21-05:38:30.447341 7f31fe2ed700 [db/compaction_job.cc:1211] [usertable] [JOB 4] Generated table #1313: 16279 keys, 67233339 bytes
2018/12/21-05:38:30.447394 7f31fe2ed700 EVENT_LOG_v1 {"time_micros": 1545399510447371, "cf_name": "usertable", "job": 4, "event": "table_file_creation", "file_number": 1313, "file_size": 67233339, "table_properties": {"data_size": 67118331, "index_size": 299107, "filter_size": 0, "raw_key_size": 390696, "raw_average_key_size": 24, "raw_value_size": 66678784, "raw_average_value_size": 4096, "num_data_blocks": 8140, "num_entries": 16279, "filter_policy_name": "", "kDeletedKeys": "0", "kMergeOperands": "0"}}
2018/12/21-05:38:32.561170 7f31fe2ed700 [db/compaction_job.cc:1211] [usertable] [JOB 4] Generated table #1314: 16279 keys, 67233543 bytes
2018/12/21-05:38:32.561215 7f31fe2ed700 EVENT_LOG_v1 {"time_micros": 1545399512561195, "cf_name": "usertable", "job": 4, "event": "table_file_creation", "file_number": 1314, "file_size": 67233543, "table_properties": {"data_size": 67120140, "index_size": 300916, "filter_size": 0, "raw_key_size": 390696, "raw_average_key_size": 24, "raw_value_size": 66678784, "raw_average_value_size": 4096, "num_data_blocks": 8140, "num_entries": 16279, "filter_policy_name": "", "kDeletedKeys": "0", "kMergeOperands": "0"}}
2018/12/21-05:38:34.645179 7f31fe2ed700 [db/compaction_job.cc:1211] [usertable] [JOB 4] Generated table #1315: 16048 keys, 66279262 bytes
2018/12/21-05:38:34.645251 7f31fe2ed700 EVENT_LOG_v1 {"time_micros": 1545399514645223, "cf_name": "usertable", "job": 4, "event": "table_file_creation", "file_number": 1315, "file_size": 66279262, "table_properties": {"data_size": 66165904, "index_size": 294842, "filter_size": 0, "raw_key_size": 385152, "raw_average_key_size": 24, "raw_value_size": 65732608, "raw_average_value_size": 4096, "num_data_blocks": 8024, "num_entries": 16048, "filter_policy_name": "", "kDeletedKeys": "0", "kMergeOperands": "0"}}
2018/12/21-05:38:34.645343 7f31fe2ed700 [db/compaction_job.cc:1287] [usertable] [JOB 4] Compacted 1@1 files to L2 => 200746144 bytes
2018/12/21-05:38:34.676827 7f31fe2ed700 (Original Log Time 2018/12/21-05:38:34.676720) [db/compaction_job.cc:685] [usertable] compacted to: base level 1 max bytes base 536870912 files[2 2 138 552 0 0 0] max score 1.03, MB/sec: 33.6 rd, 33.5 wr, level 2, files in(1, 0) out(3) MB in(192.0, 0.0) out(191.4), read-write-amplify(2.0) write-amplify(1.0) OK, records in: 48606, records dropped: 0 output_compression: LZ4
2018/12/21-05:38:34.676836 7f31fe2ed700 (Original Log Time 2018/12/21-05:38:34.676762) EVENT_LOG_v1 {"time_micros": 1545399514676748, "job": 4, "event": "compaction_finished", "compaction_time_micros": 5997737, "output_level": 2, "num_output_files": 3, "total_output_size": 200746144, "num_input_records": 48606, "num_output_records": 48606, "num_subcompactions": 1, "output_compression": "LZ4", "num_single_delete_mismatches": 0, "num_single_delete_fallthrough": 0, "lsm_state": [2, 2, 138, 552, 0, 0, 0]}
2018/12/21-05:38:34.708181 7f31fd2eb700 (Original Log Time 2018/12/21-05:38:34.677074) [db/db_impl_compaction_flush.cc:1835] [usertable] Moving #1314 to level-3 67233543 bytes
2018/12/21-05:38:34.708187 7f31fd2eb700 (Original Log Time 2018/12/21-05:38:34.708101) EVENT_LOG_v1 {"time_micros": 1545399514708094, "job": 5, "event": "trivial_move", "destination_level": 3, "files": 1, "total_files_size": 67233543}
2018/12/21-05:38:34.708189 7f31fd2eb700 (Original Log Time 2018/12/21-05:38:34.708124) [db/db_impl_compaction_flush.cc:1864] [usertable] Moved #1 files to level-3 67233543 bytes OK: base level 1 max bytes base 536870912 files[2 2 137 553 0 0 0] max score 1.01
2018/12/21-05:38:34.726155 7f31fd2eb700 EVENT_LOG_v1 {"time_micros": 1545399514726149, "job": 5, "event": "table_file_deletion", "file_number": 275}
2018/12/21-05:38:34.758045 7f31fd2eb700 (Original Log Time 2018/12/21-05:38:34.726317) [db/db_impl_compaction_flush.cc:1835] [usertable] Moving #1313 to level-3 67233339 bytes
2018/12/21-05:38:34.758051 7f31fd2eb700 (Original Log Time 2018/12/21-05:38:34.757967) EVENT_LOG_v1 {"time_micros": 1545399514757958, "job": 6, "event": "trivial_move", "destination_level": 3, "files": 1, "total_files_size": 67233339}
2018/12/21-05:38:34.758053 7f31fd2eb700 (Original Log Time 2018/12/21-05:38:34.757982) [db/db_impl_compaction_flush.cc:1864] [usertable] Moved #1 files to level-3 67233339 bytes OK: base level 1 max bytes base 536870912 files[2 2 136 554 0 0 0] max score 1.00
2018/12/21-05:38:34.789547 7f31fd2eb700 (Original Log Time 2018/12/21-05:38:34.758293) [db/db_impl_compaction_flush.cc:1835] [usertable] Moving #1299 to level-3 66287764 bytes
2018/12/21-05:38:34.789553 7f31fd2eb700 (Original Log Time 2018/12/21-05:38:34.789470) EVENT_LOG_v1 {"time_micros": 1545399514789461, "job": 7, "event": "trivial_move", "destination_level": 3, "files": 1, "total_files_size": 66287764}
2018/12/21-05:38:34.789555 7f31fd2eb700 (Original Log Time 2018/12/21-05:38:34.789494) [db/db_impl_compaction_flush.cc:1864] [usertable] Moved #1 files to level-3 66287764 bytes OK: base level 1 max bytes base 536870912 files[2 2 135 555 0 0 0] max score 1.00
2018/12/21-05:38:34.825101 7f31c77fe700 (Original Log Time 2018/12/21-05:38:34.789767) [db/db_impl_compaction_flush.cc:1835] [usertable] Moving #1307 to level-1 129895354 bytes
2018/12/21-05:38:34.825107 7f31c77fe700 (Original Log Time 2018/12/21-05:38:34.825027) EVENT_LOG_v1 {"time_micros": 1545399514825020, "job": 8, "event": "trivial_move", "destination_level": 1, "files": 1, "total_files_size": 129895354}
2018/12/21-05:38:34.825109 7f31c77fe700 (Original Log Time 2018/12/21-05:38:34.825049) [db/db_impl_compaction_flush.cc:1864] [usertable] Moved #1 files to level-1 129895354 bytes OK: base level 1 max bytes base 536870912 files[1 3 135 555 0 0 0] max score 0.99
2018/12/21-05:38:35.769071 7f31fffff700 [db/db_impl_write.cc:1373] [usertable] New memtable created with log file: #1316. Immutable memtables: 0.
2018/12/21-05:38:37.254154 7f31ff5e4700 [db/db_impl_write.cc:1373] [usertable] New memtable created with log file: #1317. Immutable memtables: 1.
2018/12/21-05:38:37.254323 7f31037fe700 [db/db_impl_compaction_flush.cc:80] [JOB 9] Syncing log #1310
