2018/12/20-22:56:01.859327 7f0e25fa1700 RocksDB version: 5.14.3
2018/12/20-22:56:01.859378 7f0e25fa1700 Git sha rocksdb_build_git_sha:
2018/12/20-22:56:01.859381 7f0e25fa1700 Compile date Dec 16 2018
2018/12/20-22:56:01.859385 7f0e25fa1700 DB SUMMARY
2018/12/20-22:56:01.859406 7f0e25fa1700 SST files in /mnt/sda/ycsb-rocksdb-data dir, Total Num: 0, files: 
2018/12/20-22:56:01.859409 7f0e25fa1700 Write Ahead Log file in /mnt/sda/ycsb-rocksdb-data: 
2018/12/20-22:56:01.859411 7f0e25fa1700                         Options.error_if_exists: 0
2018/12/20-22:56:01.859413 7f0e25fa1700                       Options.create_if_missing: 1
2018/12/20-22:56:01.859414 7f0e25fa1700                         Options.paranoid_checks: 1
2018/12/20-22:56:01.859415 7f0e25fa1700                                     Options.env: 0x7f0e1cff72c0
2018/12/20-22:56:01.859416 7f0e25fa1700                                Options.info_log: 0x7f0d583cca50
2018/12/20-22:56:01.859417 7f0e25fa1700                Options.max_file_opening_threads: 16
2018/12/20-22:56:01.859417 7f0e25fa1700                              Options.statistics: (nil)
2018/12/20-22:56:01.859419 7f0e25fa1700                               Options.use_fsync: 0
2018/12/20-22:56:01.859420 7f0e25fa1700                       Options.max_log_file_size: 0
2018/12/20-22:56:01.859421 7f0e25fa1700                  Options.max_manifest_file_size: 18446744073709551615
2018/12/20-22:56:01.859422 7f0e25fa1700                   Options.log_file_time_to_roll: 0
2018/12/20-22:56:01.859422 7f0e25fa1700                       Options.keep_log_file_num: 1000
2018/12/20-22:56:01.859423 7f0e25fa1700                    Options.recycle_log_file_num: 0
2018/12/20-22:56:01.859424 7f0e25fa1700                         Options.allow_fallocate: 1
2018/12/20-22:56:01.859425 7f0e25fa1700                        Options.allow_mmap_reads: 0
2018/12/20-22:56:01.859426 7f0e25fa1700                       Options.allow_mmap_writes: 0
2018/12/20-22:56:01.859427 7f0e25fa1700                        Options.use_direct_reads: 0
2018/12/20-22:56:01.859428 7f0e25fa1700                        Options.use_direct_io_for_flush_and_compaction: 0
2018/12/20-22:56:01.859429 7f0e25fa1700          Options.create_missing_column_families: 1
2018/12/20-22:56:01.859430 7f0e25fa1700                              Options.db_log_dir: 
2018/12/20-22:56:01.859431 7f0e25fa1700                                 Options.wal_dir: /mnt/sda/ycsb-rocksdb-data
2018/12/20-22:56:01.859432 7f0e25fa1700                Options.table_cache_numshardbits: 6
2018/12/20-22:56:01.859433 7f0e25fa1700                      Options.max_subcompactions: 4
2018/12/20-22:56:01.859434 7f0e25fa1700                  Options.max_background_flushes: 24
2018/12/20-22:56:01.859434 7f0e25fa1700                         Options.WAL_ttl_seconds: 0
2018/12/20-22:56:01.859435 7f0e25fa1700                       Options.WAL_size_limit_MB: 0
2018/12/20-22:56:01.859436 7f0e25fa1700             Options.manifest_preallocation_size: 4194304
2018/12/20-22:56:01.859437 7f0e25fa1700                     Options.is_fd_close_on_exec: 1
2018/12/20-22:56:01.859438 7f0e25fa1700                   Options.advise_random_on_open: 1
2018/12/20-22:56:01.859439 7f0e25fa1700                    Options.db_write_buffer_size: 0
2018/12/20-22:56:01.859440 7f0e25fa1700                    Options.write_buffer_manager: 0x7f0d583c9a70
2018/12/20-22:56:01.859441 7f0e25fa1700         Options.access_hint_on_compaction_start: 1
2018/12/20-22:56:01.859442 7f0e25fa1700  Options.new_table_reader_for_compaction_inputs: 0
2018/12/20-22:56:01.859443 7f0e25fa1700           Options.random_access_max_buffer_size: 1048576
2018/12/20-22:56:01.859444 7f0e25fa1700                      Options.use_adaptive_mutex: 0
2018/12/20-22:56:01.859445 7f0e25fa1700                            Options.rate_limiter: (nil)
2018/12/20-22:56:01.859447 7f0e25fa1700     Options.sst_file_manager.rate_bytes_per_sec: 0
2018/12/20-22:56:01.859448 7f0e25fa1700                       Options.wal_recovery_mode: 2
2018/12/20-22:56:01.859449 7f0e25fa1700                  Options.enable_thread_tracking: 0
2018/12/20-22:56:01.859450 7f0e25fa1700                  Options.enable_pipelined_write: 1
2018/12/20-22:56:01.859460 7f0e25fa1700         Options.allow_concurrent_memtable_write: 1
2018/12/20-22:56:01.859461 7f0e25fa1700      Options.enable_write_thread_adaptive_yield: 1
2018/12/20-22:56:01.859462 7f0e25fa1700             Options.write_thread_max_yield_usec: 100
2018/12/20-22:56:01.859463 7f0e25fa1700            Options.write_thread_slow_yield_usec: 3
2018/12/20-22:56:01.859464 7f0e25fa1700                               Options.row_cache: None
2018/12/20-22:56:01.859465 7f0e25fa1700                              Options.wal_filter: None
2018/12/20-22:56:01.859466 7f0e25fa1700             Options.avoid_flush_during_recovery: 0
2018/12/20-22:56:01.859467 7f0e25fa1700             Options.allow_ingest_behind: 0
2018/12/20-22:56:01.859468 7f0e25fa1700             Options.preserve_deletes: 0
2018/12/20-22:56:01.859469 7f0e25fa1700             Options.two_write_queues: 0
2018/12/20-22:56:01.859470 7f0e25fa1700             Options.manual_wal_flush: 0
2018/12/20-22:56:01.859472 7f0e25fa1700             Options.max_background_jobs: 24
2018/12/20-22:56:01.859473 7f0e25fa1700             Options.max_background_compactions: 24
2018/12/20-22:56:01.859474 7f0e25fa1700             Options.avoid_flush_during_shutdown: 0
2018/12/20-22:56:01.859475 7f0e25fa1700           Options.writable_file_max_buffer_size: 1048576
2018/12/20-22:56:01.859476 7f0e25fa1700             Options.delayed_write_rate : 16777216
2018/12/20-22:56:01.859477 7f0e25fa1700             Options.max_total_wal_size: 0
2018/12/20-22:56:01.859478 7f0e25fa1700             Options.delete_obsolete_files_period_micros: 21600000000
2018/12/20-22:56:01.859479 7f0e25fa1700                   Options.stats_dump_period_sec: 60
2018/12/20-22:56:01.859479 7f0e25fa1700                          Options.max_open_files: -1
2018/12/20-22:56:01.859480 7f0e25fa1700                          Options.bytes_per_sync: 1048576
2018/12/20-22:56:01.859481 7f0e25fa1700                      Options.wal_bytes_per_sync: 0
2018/12/20-22:56:01.859482 7f0e25fa1700       Options.compaction_readahead_size: 0
2018/12/20-22:56:01.859483 7f0e25fa1700 Compression algorithms supported:
2018/12/20-22:56:01.859484 7f0e25fa1700 	kZSTDNotFinalCompression supported: 1
2018/12/20-22:56:01.859492 7f0e25fa1700 	kZSTD supported: 1
2018/12/20-22:56:01.859493 7f0e25fa1700 	kXpressCompression supported: 0
2018/12/20-22:56:01.859495 7f0e25fa1700 	kLZ4HCCompression supported: 1
2018/12/20-22:56:01.859496 7f0e25fa1700 	kLZ4Compression supported: 1
2018/12/20-22:56:01.859497 7f0e25fa1700 	kBZip2Compression supported: 1
2018/12/20-22:56:01.859498 7f0e25fa1700 	kZlibCompression supported: 1
2018/12/20-22:56:01.859499 7f0e25fa1700 	kSnappyCompression supported: 1
2018/12/20-22:56:01.859503 7f0e25fa1700 Fast CRC32 supported: Supported on x86
2018/12/20-22:56:01.859575 7f0e25fa1700 [db/db_impl_open.cc:222] Creating manifest 1 
2018/12/20-22:56:01.960116 7f0e25fa1700 [db/version_set.cc:3085] Recovering from manifest file: MANIFEST-000001
2018/12/20-22:56:01.960222 7f0e25fa1700 [db/column_family.cc:475] --------------- Options for column family [default]:
2018/12/20-22:56:01.960226 7f0e25fa1700               Options.comparator: leveldb.BytewiseComparator
2018/12/20-22:56:01.960228 7f0e25fa1700           Options.merge_operator: None
2018/12/20-22:56:01.960229 7f0e25fa1700        Options.compaction_filter: None
2018/12/20-22:56:01.960230 7f0e25fa1700        Options.compaction_filter_factory: None
2018/12/20-22:56:01.960231 7f0e25fa1700         Options.memtable_factory: SkipListFactory
2018/12/20-22:56:01.960232 7f0e25fa1700            Options.table_factory: BlockBasedTable
2018/12/20-22:56:01.960263 7f0e25fa1700            table_factory options:   flush_block_policy_factory: FlushBlockBySizePolicyFactory (0x7f0d5837e4a0)
  cache_index_and_filter_blocks: 0
  cache_index_and_filter_blocks_with_high_priority: 0
  pin_l0_filter_and_index_blocks_in_cache: 0
  index_type: 0
  hash_index_allow_collision: 1
  checksum: 1
  no_block_cache: 0
  block_cache: 0x7f0d58389ec0
  block_cache_name: LRUCache
  block_cache_options:
    capacity : 8388608
    num_shard_bits : 4
    strict_capacity_limit : 0
    high_pri_pool_ratio: 0.000
  block_cache_compressed: (nil)
  persistent_cache: (nil)
  block_size: 8192
  block_size_deviation: 10
  block_restart_interval: 16
  index_block_restart_interval: 1
  metadata_block_size: 4096
  partition_filters: 0
  use_delta_encoding: 1
  filter_policy: nullptr
  whole_key_filtering: 1
  verify_compression: 0
  read_amp_bytes_per_bit: 0
  format_version: 2
  enable_index_compression: 1
  block_align: 0
2018/12/20-22:56:01.960281 7f0e25fa1700        Options.write_buffer_size: 134217728
2018/12/20-22:56:01.960282 7f0e25fa1700  Options.max_write_buffer_number: 24
2018/12/20-22:56:01.960284 7f0e25fa1700        Options.compression[0]: NoCompression
2018/12/20-22:56:01.960285 7f0e25fa1700        Options.compression[1]: NoCompression
2018/12/20-22:56:01.960286 7f0e25fa1700        Options.compression[2]: LZ4
2018/12/20-22:56:01.960287 7f0e25fa1700        Options.compression[3]: LZ4
2018/12/20-22:56:01.960288 7f0e25fa1700        Options.compression[4]: LZ4
2018/12/20-22:56:01.960289 7f0e25fa1700        Options.compression[5]: LZ4
2018/12/20-22:56:01.960290 7f0e25fa1700        Options.compression[6]: LZ4
2018/12/20-22:56:01.960290 7f0e25fa1700                  Options.bottommost_compression: Disabled
2018/12/20-22:56:01.960292 7f0e25fa1700       Options.prefix_extractor: nullptr
2018/12/20-22:56:01.960293 7f0e25fa1700   Options.memtable_insert_with_hint_prefix_extractor: nullptr
2018/12/20-22:56:01.960293 7f0e25fa1700             Options.num_levels: 7
2018/12/20-22:56:01.960294 7f0e25fa1700        Options.min_write_buffer_number_to_merge: 2
2018/12/20-22:56:01.960295 7f0e25fa1700     Options.max_write_buffer_number_to_maintain: 0
2018/12/20-22:56:01.960296 7f0e25fa1700            Options.compression_opts.window_bits: -14
2018/12/20-22:56:01.960297 7f0e25fa1700                  Options.compression_opts.level: -1
2018/12/20-22:56:01.960298 7f0e25fa1700               Options.compression_opts.strategy: 0
2018/12/20-22:56:01.960299 7f0e25fa1700         Options.compression_opts.max_dict_bytes: 0
2018/12/20-22:56:01.960300 7f0e25fa1700         Options.compression_opts.zstd_max_train_bytes: 0
2018/12/20-22:56:01.960301 7f0e25fa1700      Options.level0_file_num_compaction_trigger: 2
2018/12/20-22:56:01.960302 7f0e25fa1700          Options.level0_slowdown_writes_trigger: 20
2018/12/20-22:56:01.960303 7f0e25fa1700              Options.level0_stop_writes_trigger: 36
2018/12/20-22:56:01.960304 7f0e25fa1700                   Options.target_file_size_base: 67108864
2018/12/20-22:56:01.960304 7f0e25fa1700             Options.target_file_size_multiplier: 1
2018/12/20-22:56:01.960305 7f0e25fa1700                Options.max_bytes_for_level_base: 536870912
2018/12/20-22:56:01.960306 7f0e25fa1700 Options.level_compaction_dynamic_level_bytes: 0
2018/12/20-22:56:01.960307 7f0e25fa1700          Options.max_bytes_for_level_multiplier: 10.000000
2018/12/20-22:56:01.960311 7f0e25fa1700 Options.max_bytes_for_level_multiplier_addtl[0]: 1
2018/12/20-22:56:01.960312 7f0e25fa1700 Options.max_bytes_for_level_multiplier_addtl[1]: 1
2018/12/20-22:56:01.960313 7f0e25fa1700 Options.max_bytes_for_level_multiplier_addtl[2]: 1
2018/12/20-22:56:01.960314 7f0e25fa1700 Options.max_bytes_for_level_multiplier_addtl[3]: 1
2018/12/20-22:56:01.960315 7f0e25fa1700 Options.max_bytes_for_level_multiplier_addtl[4]: 1
2018/12/20-22:56:01.960315 7f0e25fa1700 Options.max_bytes_for_level_multiplier_addtl[5]: 1
2018/12/20-22:56:01.960316 7f0e25fa1700 Options.max_bytes_for_level_multiplier_addtl[6]: 1
2018/12/20-22:56:01.960317 7f0e25fa1700       Options.max_sequential_skip_in_iterations: 8
2018/12/20-22:56:01.960318 7f0e25fa1700                    Options.max_compaction_bytes: 1677721600
2018/12/20-22:56:01.960319 7f0e25fa1700                        Options.arena_block_size: 16777216
2018/12/20-22:56:01.960320 7f0e25fa1700   Options.soft_pending_compaction_bytes_limit: 68719476736
2018/12/20-22:56:01.960321 7f0e25fa1700   Options.hard_pending_compaction_bytes_limit: 274877906944
2018/12/20-22:56:01.960327 7f0e25fa1700       Options.rate_limit_delay_max_milliseconds: 100
2018/12/20-22:56:01.960329 7f0e25fa1700                Options.disable_auto_compactions: 0
2018/12/20-22:56:01.960331 7f0e25fa1700                        Options.compaction_style: kCompactionStyleLevel
2018/12/20-22:56:01.960333 7f0e25fa1700                          Options.compaction_pri: kByCompensatedSize
2018/12/20-22:56:01.960334 7f0e25fa1700 Options.compaction_options_universal.size_ratio: 1
2018/12/20-22:56:01.960335 7f0e25fa1700 Options.compaction_options_universal.min_merge_width: 2
2018/12/20-22:56:01.960336 7f0e25fa1700 Options.compaction_options_universal.max_merge_width: 4294967295
2018/12/20-22:56:01.960337 7f0e25fa1700 Options.compaction_options_universal.max_size_amplification_percent: 200
2018/12/20-22:56:01.960338 7f0e25fa1700 Options.compaction_options_universal.compression_size_percent: -1
2018/12/20-22:56:01.960339 7f0e25fa1700 Options.compaction_options_universal.stop_style: kCompactionStopStyleTotalSize
2018/12/20-22:56:01.960340 7f0e25fa1700 Options.compaction_options_fifo.max_table_files_size: 1073741824
2018/12/20-22:56:01.960341 7f0e25fa1700 Options.compaction_options_fifo.allow_compaction: 0
2018/12/20-22:56:01.960342 7f0e25fa1700 Options.compaction_options_fifo.ttl: 0
2018/12/20-22:56:01.960343 7f0e25fa1700                   Options.table_properties_collectors: 
2018/12/20-22:56:01.960344 7f0e25fa1700                   Options.inplace_update_support: 0
2018/12/20-22:56:01.960345 7f0e25fa1700                 Options.inplace_update_num_locks: 10000
2018/12/20-22:56:01.960346 7f0e25fa1700               Options.memtable_prefix_bloom_size_ratio: 0.000000
2018/12/20-22:56:01.960347 7f0e25fa1700   Options.memtable_huge_page_size: 0
2018/12/20-22:56:01.960348 7f0e25fa1700                           Options.bloom_locality: 0
2018/12/20-22:56:01.960349 7f0e25fa1700                    Options.max_successive_merges: 0
2018/12/20-22:56:01.960350 7f0e25fa1700                Options.optimize_filters_for_hits: 0
2018/12/20-22:56:01.960351 7f0e25fa1700                Options.paranoid_file_checks: 0
2018/12/20-22:56:01.960352 7f0e25fa1700                Options.force_consistency_checks: 0
2018/12/20-22:56:01.960353 7f0e25fa1700                Options.report_bg_io_stats: 0
2018/12/20-22:56:01.960353 7f0e25fa1700                               Options.ttl: 0
2018/12/20-22:56:01.960851 7f0e25fa1700 [db/version_set.cc:3361] Recovered from manifest file:/mnt/sda/ycsb-rocksdb-data/MANIFEST-000001 succeeded,manifest_file_number is 1, next_file_number is 3, last_sequence is 0, log_number is 0,prev_log_number is 0,max_column_family is 0,min_log_number_to_keep is 0
2018/12/20-22:56:01.960856 7f0e25fa1700 [db/version_set.cc:3369] Column family [default] (ID 0), log number is 0
2018/12/20-22:56:01.961030 7f0e25fa1700 [db/version_set.cc:2847] Creating manifest 4
2018/12/20-22:56:02.032806 7f0e25fa1700 [db/column_family.cc:475] --------------- Options for column family [usertable]:
2018/12/20-22:56:02.032813 7f0e25fa1700               Options.comparator: leveldb.BytewiseComparator
2018/12/20-22:56:02.032814 7f0e25fa1700           Options.merge_operator: None
2018/12/20-22:56:02.032815 7f0e25fa1700        Options.compaction_filter: None
2018/12/20-22:56:02.032816 7f0e25fa1700        Options.compaction_filter_factory: None
2018/12/20-22:56:02.032817 7f0e25fa1700         Options.memtable_factory: SkipListFactory
2018/12/20-22:56:02.032819 7f0e25fa1700            Options.table_factory: BlockBasedTable
2018/12/20-22:56:02.032850 7f0e25fa1700            table_factory options:   flush_block_policy_factory: FlushBlockBySizePolicyFactory (0x7f0d5837e580)
  cache_index_and_filter_blocks: 0
  cache_index_and_filter_blocks_with_high_priority: 0
  pin_l0_filter_and_index_blocks_in_cache: 0
  index_type: 0
  hash_index_allow_collision: 1
  checksum: 1
  no_block_cache: 0
  block_cache: 0x7f0d5838bcb0
  block_cache_name: LRUCache
  block_cache_options:
    capacity : 8388608
    num_shard_bits : 4
    strict_capacity_limit : 0
    high_pri_pool_ratio: 0.000
  block_cache_compressed: (nil)
  persistent_cache: (nil)
  block_size: 8192
  block_size_deviation: 10
  block_restart_interval: 16
  index_block_restart_interval: 1
  metadata_block_size: 4096
  partition_filters: 0
  use_delta_encoding: 1
  filter_policy: nullptr
  whole_key_filtering: 1
  verify_compression: 0
  read_amp_bytes_per_bit: 0
  format_version: 2
  enable_index_compression: 1
  block_align: 0
2018/12/20-22:56:02.032853 7f0e25fa1700        Options.write_buffer_size: 134217728
2018/12/20-22:56:02.032854 7f0e25fa1700  Options.max_write_buffer_number: 24
2018/12/20-22:56:02.032856 7f0e25fa1700        Options.compression[0]: NoCompression
2018/12/20-22:56:02.032857 7f0e25fa1700        Options.compression[1]: NoCompression
2018/12/20-22:56:02.032858 7f0e25fa1700        Options.compression[2]: LZ4
2018/12/20-22:56:02.032859 7f0e25fa1700        Options.compression[3]: LZ4
2018/12/20-22:56:02.032860 7f0e25fa1700        Options.compression[4]: LZ4
2018/12/20-22:56:02.032861 7f0e25fa1700        Options.compression[5]: LZ4
2018/12/20-22:56:02.032862 7f0e25fa1700        Options.compression[6]: LZ4
2018/12/20-22:56:02.032863 7f0e25fa1700                  Options.bottommost_compression: Disabled
2018/12/20-22:56:02.032868 7f0e25fa1700       Options.prefix_extractor: nullptr
2018/12/20-22:56:02.032869 7f0e25fa1700   Options.memtable_insert_with_hint_prefix_extractor: nullptr
2018/12/20-22:56:02.032870 7f0e25fa1700             Options.num_levels: 7
2018/12/20-22:56:02.032871 7f0e25fa1700        Options.min_write_buffer_number_to_merge: 2
2018/12/20-22:56:02.032872 7f0e25fa1700     Options.max_write_buffer_number_to_maintain: 0
2018/12/20-22:56:02.032873 7f0e25fa1700            Options.compression_opts.window_bits: -14
2018/12/20-22:56:02.032874 7f0e25fa1700                  Options.compression_opts.level: -1
2018/12/20-22:56:02.032875 7f0e25fa1700               Options.compression_opts.strategy: 0
2018/12/20-22:56:02.032876 7f0e25fa1700         Options.compression_opts.max_dict_bytes: 0
2018/12/20-22:56:02.032877 7f0e25fa1700         Options.compression_opts.zstd_max_train_bytes: 0
2018/12/20-22:56:02.032878 7f0e25fa1700      Options.level0_file_num_compaction_trigger: 2
2018/12/20-22:56:02.032879 7f0e25fa1700          Options.level0_slowdown_writes_trigger: 20
2018/12/20-22:56:02.032880 7f0e25fa1700              Options.level0_stop_writes_trigger: 36
2018/12/20-22:56:02.032881 7f0e25fa1700                   Options.target_file_size_base: 67108864
2018/12/20-22:56:02.032882 7f0e25fa1700             Options.target_file_size_multiplier: 1
2018/12/20-22:56:02.032883 7f0e25fa1700                Options.max_bytes_for_level_base: 536870912
2018/12/20-22:56:02.032884 7f0e25fa1700 Options.level_compaction_dynamic_level_bytes: 0
2018/12/20-22:56:02.032885 7f0e25fa1700          Options.max_bytes_for_level_multiplier: 10.000000
2018/12/20-22:56:02.032889 7f0e25fa1700 Options.max_bytes_for_level_multiplier_addtl[0]: 1
2018/12/20-22:56:02.032902 7f0e25fa1700 Options.max_bytes_for_level_multiplier_addtl[1]: 1
2018/12/20-22:56:02.032903 7f0e25fa1700 Options.max_bytes_for_level_multiplier_addtl[2]: 1
2018/12/20-22:56:02.032904 7f0e25fa1700 Options.max_bytes_for_level_multiplier_addtl[3]: 1
2018/12/20-22:56:02.032905 7f0e25fa1700 Options.max_bytes_for_level_multiplier_addtl[4]: 1
2018/12/20-22:56:02.032906 7f0e25fa1700 Options.max_bytes_for_level_multiplier_addtl[5]: 1
2018/12/20-22:56:02.032907 7f0e25fa1700 Options.max_bytes_for_level_multiplier_addtl[6]: 1
2018/12/20-22:56:02.032908 7f0e25fa1700       Options.max_sequential_skip_in_iterations: 8
2018/12/20-22:56:02.032909 7f0e25fa1700                    Options.max_compaction_bytes: 1677721600
2018/12/20-22:56:02.032910 7f0e25fa1700                        Options.arena_block_size: 16777216
2018/12/20-22:56:02.032911 7f0e25fa1700   Options.soft_pending_compaction_bytes_limit: 68719476736
2018/12/20-22:56:02.032912 7f0e25fa1700   Options.hard_pending_compaction_bytes_limit: 274877906944
2018/12/20-22:56:02.032913 7f0e25fa1700       Options.rate_limit_delay_max_milliseconds: 100
2018/12/20-22:56:02.032914 7f0e25fa1700                Options.disable_auto_compactions: 0
2018/12/20-22:56:02.032916 7f0e25fa1700                        Options.compaction_style: kCompactionStyleLevel
2018/12/20-22:56:02.032918 7f0e25fa1700                          Options.compaction_pri: kByCompensatedSize
2018/12/20-22:56:02.032919 7f0e25fa1700 Options.compaction_options_universal.size_ratio: 1
2018/12/20-22:56:02.032920 7f0e25fa1700 Options.compaction_options_universal.min_merge_width: 2
2018/12/20-22:56:02.032922 7f0e25fa1700 Options.compaction_options_universal.max_merge_width: 4294967295
2018/12/20-22:56:02.032923 7f0e25fa1700 Options.compaction_options_universal.max_size_amplification_percent: 200
2018/12/20-22:56:02.032924 7f0e25fa1700 Options.compaction_options_universal.compression_size_percent: -1
2018/12/20-22:56:02.032925 7f0e25fa1700 Options.compaction_options_universal.stop_style: kCompactionStopStyleTotalSize
2018/12/20-22:56:02.032927 7f0e25fa1700 Options.compaction_options_fifo.max_table_files_size: 1073741824
2018/12/20-22:56:02.032928 7f0e25fa1700 Options.compaction_options_fifo.allow_compaction: 0
2018/12/20-22:56:02.032929 7f0e25fa1700 Options.compaction_options_fifo.ttl: 0
2018/12/20-22:56:02.032929 7f0e25fa1700                   Options.table_properties_collectors: 
2018/12/20-22:56:02.032931 7f0e25fa1700                   Options.inplace_update_support: 0
2018/12/20-22:56:02.032931 7f0e25fa1700                 Options.inplace_update_num_locks: 10000
2018/12/20-22:56:02.032932 7f0e25fa1700               Options.memtable_prefix_bloom_size_ratio: 0.000000
2018/12/20-22:56:02.032934 7f0e25fa1700   Options.memtable_huge_page_size: 0
2018/12/20-22:56:02.032935 7f0e25fa1700                           Options.bloom_locality: 0
2018/12/20-22:56:02.032936 7f0e25fa1700                    Options.max_successive_merges: 0
2018/12/20-22:56:02.032937 7f0e25fa1700                Options.optimize_filters_for_hits: 0
2018/12/20-22:56:02.032938 7f0e25fa1700                Options.paranoid_file_checks: 0
2018/12/20-22:56:02.032939 7f0e25fa1700                Options.force_consistency_checks: 0
2018/12/20-22:56:02.032940 7f0e25fa1700                Options.report_bg_io_stats: 0
2018/12/20-22:56:02.032941 7f0e25fa1700                               Options.ttl: 0
2018/12/20-22:56:02.033023 7f0e25fa1700 [db/db_impl.cc:1396] Created column family [usertable] (ID 1)
2018/12/20-22:56:02.109990 7f0e25fa1700 [db/db_impl_open.cc:1219] DB pointer 0x7f0d583cd1a0
2018/12/20-22:56:11.076682 7f0e25a9c700 [db/db_impl_write.cc:1373] [usertable] New memtable created with log file: #9. Immutable memtables: 0.
2018/12/20-22:56:19.984901 7f0e25496700 [db/db_impl_write.cc:1373] [usertable] New memtable created with log file: #10. Immutable memtables: 1.
2018/12/20-22:56:19.985090 7f0dee7fc700 [db/db_impl_compaction_flush.cc:80] [JOB 2] Syncing log #3
2018/12/20-22:56:20.255089 7f0dee7fc700 [db/db_impl_compaction_flush.cc:80] [JOB 2] Syncing log #9
2018/12/20-22:56:21.473021 7f0dee7fc700 (Original Log Time 2018/12/20-22:56:19.985031) [db/db_impl_compaction_flush.cc:1424] Calling FlushMemTableToOutputFile with column family [usertable], flush slots available 24, compaction slots available 1, flush slots scheduled 1, compaction slots scheduled 0
2018/12/20-22:56:21.473038 7f0dee7fc700 [db/flush_job.cc:301] [usertable] [JOB 2] Flushing memtable with next log file: 9
2018/12/20-22:56:21.473050 7f0dee7fc700 [db/flush_job.cc:301] [usertable] [JOB 2] Flushing memtable with next log file: 10
2018/12/20-22:56:21.473098 7f0dee7fc700 EVENT_LOG_v1 {"time_micros": 1545375381473081, "job": 2, "event": "flush_started", "num_memtables": 2, "num_entries": 62556, "num_deletes": 0, "memory_usage": 259313768, "flush_reason": "Write Buffer Full"}
2018/12/20-22:56:21.473110 7f0dee7fc700 [db/flush_job.cc:331] [usertable] [JOB 2] Level-0 flush table #11: started
2018/12/20-22:56:23.757969 7f0dee7fc700 EVENT_LOG_v1 {"time_micros": 1545375383757943, "cf_name": "usertable", "job": 2, "event": "table_file_creation", "file_number": 11, "file_size": 259069389, "table_properties": {"data_size": 257918388, "index_size": 1150074, "filter_size": 0, "raw_key_size": 1501344, "raw_average_key_size": 24, "raw_value_size": 256229376, "raw_average_value_size": 4096, "num_data_blocks": 31278, "num_entries": 62556, "filter_policy_name": "", "kDeletedKeys": "0", "kMergeOperands": "0"}}
2018/12/20-22:56:23.757999 7f0dee7fc700 [db/flush_job.cc:371] [usertable] [JOB 2] Level-0 flush table #11: 259069389 bytes OK
2018/12/20-22:56:23.828375 7f0dee7fc700 (Original Log Time 2018/12/20-22:56:23.758018) [db/memtable_list.cc:377] [usertable] Level-0 commit table #11 started
2018/12/20-22:56:23.828379 7f0dee7fc700 (Original Log Time 2018/12/20-22:56:23.828273) [db/memtable_list.cc:409] [usertable] Level-0 commit table #11: memtable #1 done
2018/12/20-22:56:23.828381 7f0dee7fc700 (Original Log Time 2018/12/20-22:56:23.828286) [db/memtable_list.cc:409] [usertable] Level-0 commit table #11: memtable #2 done
2018/12/20-22:56:23.828382 7f0dee7fc700 (Original Log Time 2018/12/20-22:56:23.828314) EVENT_LOG_v1 {"time_micros": 1545375383828302, "job": 2, "event": "flush_finished", "output_compression": "NoCompression", "lsm_state": [1, 0, 0, 0, 0, 0, 0], "immutable_memtables": 0}
2018/12/20-22:56:23.828384 7f0dee7fc700 (Original Log Time 2018/12/20-22:56:23.828344) [db/db_impl_compaction_flush.cc:177] [usertable] Level summary: base level 1 max bytes base 536870912 files[1 0 0 0 0 0 0] max score 0.50
2018/12/20-22:56:23.828398 7f0dee7fc700 [db/db_impl_files.cc:347] [JOB 2] Try to delete WAL files size 258284700, prev total WAL file size 313831225, number of live WAL files 3.
2018/12/20-22:56:28.848225 7f0e25b9d700 [db/db_impl_write.cc:1373] [usertable] New memtable created with log file: #12. Immutable memtables: 0.
2018/12/20-22:56:37.813474 7f0e25496700 [db/db_impl_write.cc:1373] [usertable] New memtable created with log file: #13. Immutable memtables: 1.
2018/12/20-22:56:37.813583 7f0dedffb700 [db/db_impl_compaction_flush.cc:80] [JOB 3] Syncing log #10
2018/12/20-22:56:38.592987 7f0dedffb700 [db/db_impl_compaction_flush.cc:80] [JOB 3] Syncing log #12
2018/12/20-22:56:39.750396 7f0dedffb700 (Original Log Time 2018/12/20-22:56:37.813564) [db/db_impl_compaction_flush.cc:1424] Calling FlushMemTableToOutputFile with column family [usertable], flush slots available 24, compaction slots available 1, flush slots scheduled 1, compaction slots scheduled 0
2018/12/20-22:56:39.750417 7f0dedffb700 [db/flush_job.cc:301] [usertable] [JOB 3] Flushing memtable with next log file: 12
2018/12/20-22:56:39.750425 7f0dedffb700 [db/flush_job.cc:301] [usertable] [JOB 3] Flushing memtable with next log file: 13
2018/12/20-22:56:39.750457 7f0dedffb700 EVENT_LOG_v1 {"time_micros": 1545375399750448, "job": 3, "event": "flush_started", "num_memtables": 2, "num_entries": 62400, "num_deletes": 0, "memory_usage": 258603000, "flush_reason": "Write Buffer Full"}
2018/12/20-22:56:39.750472 7f0dedffb700 [db/flush_job.cc:331] [usertable] [JOB 3] Level-0 flush table #14: started
2018/12/20-22:56:41.001478 7f0dedffb700 EVENT_LOG_v1 {"time_micros": 1545375401001454, "cf_name": "usertable", "job": 3, "event": "table_file_creation", "file_number": 14, "file_size": 258423330, "table_properties": {"data_size": 257275200, "index_size": 1147203, "filter_size": 0, "raw_key_size": 1497600, "raw_average_key_size": 24, "raw_value_size": 255590400, "raw_average_value_size": 4096, "num_data_blocks": 31200, "num_entries": 62400, "filter_policy_name": "", "kDeletedKeys": "0", "kMergeOperands": "0"}}
2018/12/20-22:56:41.001499 7f0dedffb700 [db/flush_job.cc:371] [usertable] [JOB 3] Level-0 flush table #14: 258423330 bytes OK
2018/12/20-22:56:41.030089 7f0dedffb700 (Original Log Time 2018/12/20-22:56:41.001513) [db/memtable_list.cc:377] [usertable] Level-0 commit table #14 started
2018/12/20-22:56:41.030103 7f0dedffb700 (Original Log Time 2018/12/20-22:56:41.029977) [db/memtable_list.cc:409] [usertable] Level-0 commit table #14: memtable #1 done
2018/12/20-22:56:41.030105 7f0dedffb700 (Original Log Time 2018/12/20-22:56:41.029981) [db/memtable_list.cc:409] [usertable] Level-0 commit table #14: memtable #2 done
2018/12/20-22:56:41.030106 7f0dedffb700 (Original Log Time 2018/12/20-22:56:41.030009) EVENT_LOG_v1 {"time_micros": 1545375401029999, "job": 3, "event": "flush_finished", "output_compression": "NoCompression", "lsm_state": [2, 0, 0, 0, 0, 0, 0], "immutable_memtables": 0}
2018/12/20-22:56:41.030108 7f0dedffb700 (Original Log Time 2018/12/20-22:56:41.030064) [db/db_impl_compaction_flush.cc:177] [usertable] Level summary: base level 1 max bytes base 536870912 files[2 0 0 0 0 0 0] max score 1.00
2018/12/20-22:56:41.030119 7f0dedffb700 [db/db_impl_files.cc:347] [JOB 3] Try to delete WAL files size 257644944, prev total WAL file size 304125566, number of live WAL files 3.
2018/12/20-22:56:41.030370 7f0e17fff700 [WARN] [db/db_impl.cc:491] ------- DUMPING STATS -------
2018/12/20-22:56:41.030437 7f0e17fff700 [WARN] [db/db_impl.cc:492] 
** DB Stats **
Uptime(secs): 39.1 total, 39.1 interval
Cumulative writes: 136K writes, 136K keys, 134K commit groups, 1.0 writes per commit group, ingest: 0.52 GB, 13.73 MB/s
Cumulative WAL: 136K writes, 0 syncs, 136215.00 writes per sync, written: 0.52 GB, 13.73 MB/s
Cumulative stall: 00:00:0.000 H:M:S, 0.0 percent
Interval writes: 136K writes, 136K keys, 134K commit groups, 1.0 writes per commit group, ingest: 536.36 MB, 13.73 MB/s
Interval WAL: 136K writes, 0 syncs, 136215.00 writes per sync, written: 0.52 MB, 13.73 MB/s
Interval stall: 00:00:0.000 H:M:S, 0.0 percent

** Compaction Stats [default] **
Level    Files   Size     Score Read(GB)  Rn(GB) Rnp1(GB) Write(GB) Wnew(GB) Moved(GB) W-Amp Rd(MB/s) Wr(MB/s) Comp(sec) Comp(cnt) Avg(sec) KeyIn KeyDrop
----------------------------------------------------------------------------------------------------------------------------------------------------------
 Sum      0/0    0.00 KB   0.0      0.0     0.0      0.0       0.0      0.0       0.0   0.0      0.0      0.0         0         0    0.000       0      0
 Int      0/0    0.00 KB   0.0      0.0     0.0      0.0       0.0      0.0       0.0   0.0      0.0      0.0         0         0    0.000       0      0
Uptime(secs): 39.1 total, 39.1 interval
Flush(GB): cumulative 0.000, interval 0.000
AddFile(GB): cumulative 0.000, interval 0.000
AddFile(Total Files): cumulative 0, interval 0
AddFile(L0 Files): cumulative 0, interval 0
AddFile(Keys): cumulative 0, interval 0
Cumulative compaction: 0.00 GB write, 0.00 MB/s write, 0.00 GB read, 0.00 MB/s read, 0.0 seconds
Interval compaction: 0.00 GB write, 0.00 MB/s write, 0.00 GB read, 0.00 MB/s read, 0.0 seconds
Stalls(count): 0 level0_slowdown, 0 level0_slowdown_with_compaction, 0 level0_numfiles, 0 level0_numfiles_with_compaction, 0 stop for pending_compaction_bytes, 0 slowdown for pending_compaction_bytes, 0 memtable_compaction, 0 memtable_slowdown, interval 0 total count

** File Read Latency Histogram By Level [default] **

** Compaction Stats [usertable] **
Level    Files   Size     Score Read(GB)  Rn(GB) Rnp1(GB) Write(GB) Wnew(GB) Moved(GB) W-Amp Rd(MB/s) Wr(MB/s) Comp(sec) Comp(cnt) Avg(sec) KeyIn KeyDrop
----------------------------------------------------------------------------------------------------------------------------------------------------------
  L0      2/0   493.52 MB   1.0      0.0     0.0      0.0       0.5      0.5       0.0   1.0      0.0    139.6         4         2    1.768       0      0
 Sum      2/0   493.52 MB   0.0      0.0     0.0      0.0       0.5      0.5       0.0   1.0      0.0    139.6         4         2    1.768       0      0
 Int      0/0    0.00 KB   0.0      0.0     0.0      0.0       0.5      0.5       0.0   1.0      0.0    139.6         4         2    1.768       0      0
Uptime(secs): 39.0 total, 39.0 interval
Flush(GB): cumulative 0.482, interval 0.482
AddFile(GB): cumulative 0.000, interval 0.000
AddFile(Total Files): cumulative 0, interval 0
AddFile(L0 Files): cumulative 0, interval 0
AddFile(Keys): cumulative 0, interval 0
Cumulative compaction: 0.48 GB write, 12.66 MB/s write, 0.00 GB read, 0.00 MB/s read, 3.5 seconds
Interval compaction: 0.48 GB write, 12.66 MB/s write, 0.00 GB read, 0.00 MB/s read, 3.5 seconds
Stalls(count): 0 level0_slowdown, 0 level0_slowdown_with_compaction, 0 level0_numfiles, 0 level0_numfiles_with_compaction, 0 stop for pending_compaction_bytes, 0 slowdown for pending_compaction_bytes, 0 memtable_compaction, 0 memtable_slowdown, interval 0 total count

** File Read Latency Histogram By Level [usertable] **

** Compaction Stats [default] **
Level    Files   Size     Score Read(GB)  Rn(GB) Rnp1(GB) Write(GB) Wnew(GB) Moved(GB) W-Amp Rd(MB/s) Wr(MB/s) Comp(sec) Comp(cnt) Avg(sec) KeyIn KeyDrop
----------------------------------------------------------------------------------------------------------------------------------------------------------
 Sum      0/0    0.00 KB   0.0      0.0     0.0      0.0       0.0      0.0       0.0   0.0      0.0      0.0         0         0    0.000       0      0
 Int      0/0    0.00 KB   0.0      0.0     0.0      0.0       0.0      0.0       0.0   0.0      0.0      0.0         0         0    0.000       0      0
Uptime(secs): 39.1 total, 0.0 interval
Flush(GB): cumulative 0.000, interval 0.000
AddFile(GB): cumulative 0.000, interval 0.000
AddFile(Total Files): cumulative 0, interval 0
AddFile(L0 Files): cumulative 0, interval 0
AddFile(Keys): cumulative 0, interval 0
Cumulative compaction: 0.00 GB write, 0.00 MB/s write, 0.00 GB read, 0.00 MB/s read, 0.0 seconds
Interval compaction: 0.00 GB write, 0.00 MB/s write, 0.00 GB read, 0.00 MB/s read, 0.0 seconds
Stalls(count): 0 level0_slowdown, 0 level0_slowdown_with_compaction, 0 level0_numfiles, 0 level0_numfiles_with_compaction, 0 stop for pending_compaction_bytes, 0 slowdown for pending_compaction_bytes, 0 memtable_compaction, 0 memtable_slowdown, interval 0 total count

** File Read Latency Histogram By Level [default] **

** Compaction Stats [usertable] **
Level    Files   Size     Score Read(GB)  Rn(GB) Rnp1(GB) Write(GB) Wnew(GB) Moved(GB) W-Amp Rd(MB/s) Wr(MB/s) Comp(sec) Comp(cnt) Avg(sec) KeyIn KeyDrop
----------------------------------------------------------------------------------------------------------------------------------------------------------
  L0      2/0   493.52 MB   1.0      0.0     0.0      0.0       0.5      0.5       0.0   1.0      0.0    139.6         4         2    1.768       0      0
 Sum      2/0   493.52 MB   0.0      0.0     0.0      0.0       0.5      0.5       0.0   1.0      0.0    139.6         4         2    1.768       0      0
 Int      0/0    0.00 KB   0.0      0.0     0.0      0.0       0.0      0.0       0.0   0.0      0.0      0.0         0         0    0.000       0      0
Uptime(secs): 39.0 total, 0.0 interval
Flush(GB): cumulative 0.482, interval 0.000
AddFile(GB): cumulative 0.000, interval 0.000
AddFile(Total Files): cumulative 0, interval 0
AddFile(L0 Files): cumulative 0, interval 0
AddFile(Keys): cumulative 0, interval 0
Cumulative compaction: 0.48 GB write, 12.66 MB/s write, 0.00 GB read, 0.00 MB/s read, 3.5 seconds
Interval compaction: 0.00 GB write, 0.00 MB/s write, 0.00 GB read, 0.00 MB/s read, 0.0 seconds
Stalls(count): 0 level0_slowdown, 0 level0_slowdown_with_compaction, 0 level0_numfiles, 0 level0_numfiles_with_compaction, 0 stop for pending_compaction_bytes, 0 slowdown for pending_compaction_bytes, 0 memtable_compaction, 0 memtable_slowdown, interval 0 total count

** File Read Latency Histogram By Level [usertable] **
2018/12/20-22:56:41.059413 7f0e17fff700 (Original Log Time 2018/12/20-22:56:41.030571) [db/db_impl_compaction_flush.cc:1835] [usertable] Moving #11 to level-1 259069389 bytes
2018/12/20-22:56:41.059417 7f0e17fff700 (Original Log Time 2018/12/20-22:56:41.059362) EVENT_LOG_v1 {"time_micros": 1545375401059348, "job": 4, "event": "trivial_move", "destination_level": 1, "files": 1, "total_files_size": 259069389}
2018/12/20-22:56:41.059419 7f0e17fff700 (Original Log Time 2018/12/20-22:56:41.059376) [db/db_impl_compaction_flush.cc:1864] [usertable] Moved #1 files to level-1 259069389 bytes OK: base level 1 max bytes base 536870912 files[1 1 0 0 0 0 0] max score 0.50
2018/12/20-22:56:46.778292 7f0e25092700 [db/db_impl_write.cc:1373] [usertable] New memtable created with log file: #15. Immutable memtables: 0.
2018/12/20-22:56:55.743939 7f0e25698700 [db/db_impl_write.cc:1373] [usertable] New memtable created with log file: #16. Immutable memtables: 1.
2018/12/20-22:56:55.744013 7f0ded7fa700 [db/db_impl_compaction_flush.cc:80] [JOB 5] Syncing log #13
2018/12/20-22:56:56.894036 7f0ded7fa700 [db/db_impl_compaction_flush.cc:80] [JOB 5] Syncing log #15
2018/12/20-22:56:58.074330 7f0ded7fa700 (Original Log Time 2018/12/20-22:56:55.743995) [db/db_impl_compaction_flush.cc:1424] Calling FlushMemTableToOutputFile with column family [usertable], flush slots available 24, compaction slots available 1, flush slots scheduled 1, compaction slots scheduled 0
2018/12/20-22:56:58.074342 7f0ded7fa700 [db/flush_job.cc:301] [usertable] [JOB 5] Flushing memtable with next log file: 15
2018/12/20-22:56:58.074348 7f0ded7fa700 [db/flush_job.cc:301] [usertable] [JOB 5] Flushing memtable with next log file: 16
2018/12/20-22:56:58.074382 7f0ded7fa700 EVENT_LOG_v1 {"time_micros": 1545375418074374, "job": 5, "event": "flush_started", "num_memtables": 2, "num_entries": 62755, "num_deletes": 0, "memory_usage": 260053920, "flush_reason": "Write Buffer Full"}
2018/12/20-22:56:58.074388 7f0ded7fa700 [db/flush_job.cc:331] [usertable] [JOB 5] Level-0 flush table #17: started
2018/12/20-22:56:59.035077 7f0ded7fa700 EVENT_LOG_v1 {"time_micros": 1545375419035054, "cf_name": "usertable", "job": 5, "event": "table_file_creation", "file_number": 17, "file_size": 259893555, "table_properties": {"data_size": 258738879, "index_size": 1153749, "filter_size": 0, "raw_key_size": 1506120, "raw_average_key_size": 24, "raw_value_size": 257044480, "raw_average_value_size": 4096, "num_data_blocks": 31378, "num_entries": 62755, "filter_policy_name": "", "kDeletedKeys": "0", "kMergeOperands": "0"}}
2018/12/20-22:56:59.035097 7f0ded7fa700 [db/flush_job.cc:371] [usertable] [JOB 5] Level-0 flush table #17: 259893555 bytes OK
2018/12/20-22:56:59.063136 7f0ded7fa700 (Original Log Time 2018/12/20-22:56:59.035112) [db/memtable_list.cc:377] [usertable] Level-0 commit table #17 started
2018/12/20-22:56:59.063139 7f0ded7fa700 (Original Log Time 2018/12/20-22:56:59.063068) [db/memtable_list.cc:409] [usertable] Level-0 commit table #17: memtable #1 done
2018/12/20-22:56:59.063141 7f0ded7fa700 (Original Log Time 2018/12/20-22:56:59.063070) [db/memtable_list.cc:409] [usertable] Level-0 commit table #17: memtable #2 done
2018/12/20-22:56:59.063142 7f0ded7fa700 (Original Log Time 2018/12/20-22:56:59.063085) EVENT_LOG_v1 {"time_micros": 1545375419063079, "job": 5, "event": "flush_finished", "output_compression": "NoCompression", "lsm_state": [2, 1, 0, 0, 0, 0, 0], "immutable_memtables": 0}
2018/12/20-22:56:59.063144 7f0ded7fa700 (Original Log Time 2018/12/20-22:56:59.063117) [db/db_impl_compaction_flush.cc:177] [usertable] Level summary: base level 1 max bytes base 536870912 files[2 1 0 0 0 0 0] max score 1.00
