2018/11/22-15:07:44.146513 7f787fe1f0 RocksDB version: 5.14.3
2018/11/22-15:07:44.146697 7f787fe1f0 Git sha rocksdb_build_git_sha:
2018/11/22-15:07:44.146704 7f787fe1f0 Compile date Nov 15 2018
2018/11/22-15:07:44.146713 7f787fe1f0 DB SUMMARY
2018/11/22-15:07:44.147615 7f787fe1f0 CURRENT file:  CURRENT
2018/11/22-15:07:44.147628 7f787fe1f0 IDENTITY file:  IDENTITY
2018/11/22-15:07:44.147652 7f787fe1f0 MANIFEST file:  MANIFEST-000004 size: 121725 Bytes
2018/11/22-15:07:44.147659 7f787fe1f0 SST files in /mnt/sda/ycsb-rocksdb-data dir, Total Num: 671, files: 000021.sst 000022.sst 000023.sst 000024.sst 000028.sst 000029.sst 000030.sst 000031.sst 000035.sst 
2018/11/22-15:07:44.147664 7f787fe1f0 Write Ahead Log file in /mnt/sda/ycsb-rocksdb-data: 001188.log size: 124360915 ; 001194.log size: 12506689 ; 
2018/11/22-15:07:44.147675 7f787fe1f0                         Options.error_if_exists: 0
2018/11/22-15:07:44.147679 7f787fe1f0                       Options.create_if_missing: 1
2018/11/22-15:07:44.147683 7f787fe1f0                         Options.paranoid_checks: 1
2018/11/22-15:07:44.147686 7f787fe1f0                                     Options.env: 0x7f73bf8f18
2018/11/22-15:07:44.147689 7f787fe1f0                                Options.info_log: 0x7f1c3fd980
2018/11/22-15:07:44.147692 7f787fe1f0                Options.max_file_opening_threads: 16
2018/11/22-15:07:44.147696 7f787fe1f0                              Options.statistics: (nil)
2018/11/22-15:07:44.147699 7f787fe1f0                               Options.use_fsync: 0
2018/11/22-15:07:44.147702 7f787fe1f0                       Options.max_log_file_size: 0
2018/11/22-15:07:44.147705 7f787fe1f0                  Options.max_manifest_file_size: 18446744073709551615
2018/11/22-15:07:44.147708 7f787fe1f0                   Options.log_file_time_to_roll: 0
2018/11/22-15:07:44.147712 7f787fe1f0                       Options.keep_log_file_num: 1000
2018/11/22-15:07:44.147715 7f787fe1f0                    Options.recycle_log_file_num: 0
2018/11/22-15:07:44.147718 7f787fe1f0                         Options.allow_fallocate: 1
2018/11/22-15:07:44.147721 7f787fe1f0                        Options.allow_mmap_reads: 0
2018/11/22-15:07:44.147724 7f787fe1f0                       Options.allow_mmap_writes: 0
2018/11/22-15:07:44.147727 7f787fe1f0                        Options.use_direct_reads: 0
2018/11/22-15:07:44.147730 7f787fe1f0                        Options.use_direct_io_for_flush_and_compaction: 0
2018/11/22-15:07:44.147733 7f787fe1f0          Options.create_missing_column_families: 1
2018/11/22-15:07:44.147736 7f787fe1f0                              Options.db_log_dir: 
2018/11/22-15:07:44.147740 7f787fe1f0                                 Options.wal_dir: /mnt/sda/ycsb-rocksdb-data
2018/11/22-15:07:44.147743 7f787fe1f0                Options.table_cache_numshardbits: 6
2018/11/22-15:07:44.147746 7f787fe1f0                      Options.max_subcompactions: 4
2018/11/22-15:07:44.147749 7f787fe1f0                  Options.max_background_flushes: 6
2018/11/22-15:07:44.147752 7f787fe1f0                         Options.WAL_ttl_seconds: 0
2018/11/22-15:07:44.147755 7f787fe1f0                       Options.WAL_size_limit_MB: 0
2018/11/22-15:07:44.147757 7f787fe1f0             Options.manifest_preallocation_size: 4194304
2018/11/22-15:07:44.147761 7f787fe1f0                     Options.is_fd_close_on_exec: 1
2018/11/22-15:07:44.147763 7f787fe1f0                   Options.advise_random_on_open: 1
2018/11/22-15:07:44.147766 7f787fe1f0                    Options.db_write_buffer_size: 0
2018/11/22-15:07:44.147769 7f787fe1f0                    Options.write_buffer_manager: 0x7f1c3fed70
2018/11/22-15:07:44.147772 7f787fe1f0         Options.access_hint_on_compaction_start: 1
2018/11/22-15:07:44.147776 7f787fe1f0  Options.new_table_reader_for_compaction_inputs: 0
2018/11/22-15:07:44.147778 7f787fe1f0           Options.random_access_max_buffer_size: 1048576
2018/11/22-15:07:44.147782 7f787fe1f0                      Options.use_adaptive_mutex: 0
2018/11/22-15:07:44.147785 7f787fe1f0                            Options.rate_limiter: (nil)
2018/11/22-15:07:44.147791 7f787fe1f0     Options.sst_file_manager.rate_bytes_per_sec: 0
2018/11/22-15:07:44.147826 7f787fe1f0                       Options.wal_recovery_mode: 2
2018/11/22-15:07:44.147831 7f787fe1f0                  Options.enable_thread_tracking: 0
2018/11/22-15:07:44.147834 7f787fe1f0                  Options.enable_pipelined_write: 1
2018/11/22-15:07:44.147837 7f787fe1f0         Options.allow_concurrent_memtable_write: 1
2018/11/22-15:07:44.147840 7f787fe1f0      Options.enable_write_thread_adaptive_yield: 1
2018/11/22-15:07:44.147843 7f787fe1f0             Options.write_thread_max_yield_usec: 100
2018/11/22-15:07:44.147846 7f787fe1f0            Options.write_thread_slow_yield_usec: 3
2018/11/22-15:07:44.147849 7f787fe1f0                               Options.row_cache: None
2018/11/22-15:07:44.147852 7f787fe1f0                              Options.wal_filter: None
2018/11/22-15:07:44.147856 7f787fe1f0             Options.avoid_flush_during_recovery: 0
2018/11/22-15:07:44.147859 7f787fe1f0             Options.allow_ingest_behind: 0
2018/11/22-15:07:44.147862 7f787fe1f0             Options.preserve_deletes: 0
2018/11/22-15:07:44.147865 7f787fe1f0             Options.two_write_queues: 0
2018/11/22-15:07:44.147867 7f787fe1f0             Options.manual_wal_flush: 0
2018/11/22-15:07:44.147872 7f787fe1f0             Options.max_background_jobs: 6
2018/11/22-15:07:44.147875 7f787fe1f0             Options.max_background_compactions: 6
2018/11/22-15:07:44.147878 7f787fe1f0             Options.avoid_flush_during_shutdown: 0
2018/11/22-15:07:44.147881 7f787fe1f0           Options.writable_file_max_buffer_size: 1048576
2018/11/22-15:07:44.147884 7f787fe1f0             Options.delayed_write_rate : 16777216
2018/11/22-15:07:44.147888 7f787fe1f0             Options.max_total_wal_size: 0
2018/11/22-15:07:44.147890 7f787fe1f0             Options.delete_obsolete_files_period_micros: 21600000000
2018/11/22-15:07:44.147893 7f787fe1f0                   Options.stats_dump_period_sec: 60
2018/11/22-15:07:44.147897 7f787fe1f0                          Options.max_open_files: -1
2018/11/22-15:07:44.147900 7f787fe1f0                          Options.bytes_per_sync: 1048576
2018/11/22-15:07:44.147902 7f787fe1f0                      Options.wal_bytes_per_sync: 0
2018/11/22-15:07:44.147905 7f787fe1f0       Options.compaction_readahead_size: 0
2018/11/22-15:07:44.147908 7f787fe1f0 Compression algorithms supported:
2018/11/22-15:07:44.147911 7f787fe1f0 	kZSTDNotFinalCompression supported: 1
2018/11/22-15:07:44.147949 7f787fe1f0 	kZSTD supported: 1
2018/11/22-15:07:44.147955 7f787fe1f0 	kXpressCompression supported: 0
2018/11/22-15:07:44.147958 7f787fe1f0 	kLZ4HCCompression supported: 1
2018/11/22-15:07:44.147962 7f787fe1f0 	kLZ4Compression supported: 1
2018/11/22-15:07:44.147965 7f787fe1f0 	kBZip2Compression supported: 1
2018/11/22-15:07:44.147968 7f787fe1f0 	kZlibCompression supported: 1
2018/11/22-15:07:44.147971 7f787fe1f0 	kSnappyCompression supported: 1
2018/11/22-15:07:44.147979 7f787fe1f0 Fast CRC32 supported: Not supported on x86
2018/11/22-15:07:44.148753 7f787fe1f0 [db/version_set.cc:3085] Recovering from manifest file: MANIFEST-000004
2018/11/22-15:07:44.148959 7f787fe1f0 [db/column_family.cc:475] --------------- Options for column family [default]:
2018/11/22-15:07:44.148967 7f787fe1f0               Options.comparator: leveldb.BytewiseComparator
2018/11/22-15:07:44.148971 7f787fe1f0           Options.merge_operator: None
2018/11/22-15:07:44.148974 7f787fe1f0        Options.compaction_filter: None
2018/11/22-15:07:44.148978 7f787fe1f0        Options.compaction_filter_factory: None
2018/11/22-15:07:44.148981 7f787fe1f0         Options.memtable_factory: SkipListFactory
2018/11/22-15:07:44.148984 7f787fe1f0            Options.table_factory: BlockBasedTable
2018/11/22-15:07:44.149050 7f787fe1f0            table_factory options:   flush_block_policy_factory: FlushBlockBySizePolicyFactory (0x7f1c37b150)
  cache_index_and_filter_blocks: 0
  cache_index_and_filter_blocks_with_high_priority: 0
  pin_l0_filter_and_index_blocks_in_cache: 0
  index_type: 0
  hash_index_allow_collision: 1
  checksum: 1
  no_block_cache: 0
  block_cache: 0x7f1c387280
  block_cache_name: LRUCache
  block_cache_options:
    capacity : 8388608
    num_shard_bits : 4
    strict_capacity_limit : 0
    high_pri_pool_ratio: 0.000
  block_cache_compressed: (nil)
  persistent_cache: (nil)
  block_size: 8192
  block_size_deviation: 10
  block_restart_interval: 16
  index_block_restart_interval: 1
  metadata_block_size: 4096
  partition_filters: 0
  use_delta_encoding: 1
  filter_policy: nullptr
  whole_key_filtering: 1
  verify_compression: 0
  read_amp_bytes_per_bit: 0
  format_version: 2
  enable_index_compression: 1
  block_align: 0
2018/11/22-15:07:44.149086 7f787fe1f0        Options.write_buffer_size: 134217728
2018/11/22-15:07:44.149091 7f787fe1f0  Options.max_write_buffer_number: 24
2018/11/22-15:07:44.149095 7f787fe1f0        Options.compression[0]: NoCompression
2018/11/22-15:07:44.149098 7f787fe1f0        Options.compression[1]: NoCompression
2018/11/22-15:07:44.149101 7f787fe1f0        Options.compression[2]: LZ4
2018/11/22-15:07:44.149104 7f787fe1f0        Options.compression[3]: LZ4
2018/11/22-15:07:44.149107 7f787fe1f0        Options.compression[4]: LZ4
2018/11/22-15:07:44.149110 7f787fe1f0        Options.compression[5]: LZ4
2018/11/22-15:07:44.149113 7f787fe1f0        Options.compression[6]: LZ4
2018/11/22-15:07:44.149116 7f787fe1f0                  Options.bottommost_compression: Disabled
2018/11/22-15:07:44.149119 7f787fe1f0       Options.prefix_extractor: nullptr
2018/11/22-15:07:44.149122 7f787fe1f0   Options.memtable_insert_with_hint_prefix_extractor: nullptr
2018/11/22-15:07:44.149125 7f787fe1f0             Options.num_levels: 7
2018/11/22-15:07:44.149127 7f787fe1f0        Options.min_write_buffer_number_to_merge: 2
2018/11/22-15:07:44.149131 7f787fe1f0     Options.max_write_buffer_number_to_maintain: 0
2018/11/22-15:07:44.149134 7f787fe1f0            Options.compression_opts.window_bits: -14
2018/11/22-15:07:44.149136 7f787fe1f0                  Options.compression_opts.level: -1
2018/11/22-15:07:44.149139 7f787fe1f0               Options.compression_opts.strategy: 0
2018/11/22-15:07:44.149142 7f787fe1f0         Options.compression_opts.max_dict_bytes: 0
2018/11/22-15:07:44.149145 7f787fe1f0         Options.compression_opts.zstd_max_train_bytes: 0
2018/11/22-15:07:44.149148 7f787fe1f0      Options.level0_file_num_compaction_trigger: 2
2018/11/22-15:07:44.149151 7f787fe1f0          Options.level0_slowdown_writes_trigger: 20
2018/11/22-15:07:44.149154 7f787fe1f0              Options.level0_stop_writes_trigger: 36
2018/11/22-15:07:44.149157 7f787fe1f0                   Options.target_file_size_base: 67108864
2018/11/22-15:07:44.149160 7f787fe1f0             Options.target_file_size_multiplier: 1
2018/11/22-15:07:44.149162 7f787fe1f0                Options.max_bytes_for_level_base: 536870912
2018/11/22-15:07:44.149165 7f787fe1f0 Options.level_compaction_dynamic_level_bytes: 0
2018/11/22-15:07:44.149168 7f787fe1f0          Options.max_bytes_for_level_multiplier: 10.000000
2018/11/22-15:07:44.149174 7f787fe1f0 Options.max_bytes_for_level_multiplier_addtl[0]: 1
2018/11/22-15:07:44.149178 7f787fe1f0 Options.max_bytes_for_level_multiplier_addtl[1]: 1
2018/11/22-15:07:44.149181 7f787fe1f0 Options.max_bytes_for_level_multiplier_addtl[2]: 1
2018/11/22-15:07:44.149183 7f787fe1f0 Options.max_bytes_for_level_multiplier_addtl[3]: 1
2018/11/22-15:07:44.149186 7f787fe1f0 Options.max_bytes_for_level_multiplier_addtl[4]: 1
2018/11/22-15:07:44.149189 7f787fe1f0 Options.max_bytes_for_level_multiplier_addtl[5]: 1
2018/11/22-15:07:44.149192 7f787fe1f0 Options.max_bytes_for_level_multiplier_addtl[6]: 1
2018/11/22-15:07:44.149195 7f787fe1f0       Options.max_sequential_skip_in_iterations: 8
2018/11/22-15:07:44.149197 7f787fe1f0                    Options.max_compaction_bytes: 1677721600
2018/11/22-15:07:44.149200 7f787fe1f0                        Options.arena_block_size: 16777216
2018/11/22-15:07:44.149203 7f787fe1f0   Options.soft_pending_compaction_bytes_limit: 68719476736
2018/11/22-15:07:44.149206 7f787fe1f0   Options.hard_pending_compaction_bytes_limit: 274877906944
2018/11/22-15:07:44.149224 7f787fe1f0       Options.rate_limit_delay_max_milliseconds: 100
2018/11/22-15:07:44.149228 7f787fe1f0                Options.disable_auto_compactions: 0
2018/11/22-15:07:44.149233 7f787fe1f0                        Options.compaction_style: kCompactionStyleLevel
2018/11/22-15:07:44.149238 7f787fe1f0                          Options.compaction_pri: kByCompensatedSize
2018/11/22-15:07:44.149241 7f787fe1f0 Options.compaction_options_universal.size_ratio: 1
2018/11/22-15:07:44.149244 7f787fe1f0 Options.compaction_options_universal.min_merge_width: 2
2018/11/22-15:07:44.149247 7f787fe1f0 Options.compaction_options_universal.max_merge_width: 4294967295
2018/11/22-15:07:44.149250 7f787fe1f0 Options.compaction_options_universal.max_size_amplification_percent: 200
2018/11/22-15:07:44.149253 7f787fe1f0 Options.compaction_options_universal.compression_size_percent: -1
2018/11/22-15:07:44.149257 7f787fe1f0 Options.compaction_options_universal.stop_style: kCompactionStopStyleTotalSize
2018/11/22-15:07:44.149260 7f787fe1f0 Options.compaction_options_fifo.max_table_files_size: 1073741824
2018/11/22-15:07:44.149263 7f787fe1f0 Options.compaction_options_fifo.allow_compaction: 0
2018/11/22-15:07:44.149267 7f787fe1f0 Options.compaction_options_fifo.ttl: 0
2018/11/22-15:07:44.149269 7f787fe1f0                   Options.table_properties_collectors: 
2018/11/22-15:07:44.149272 7f787fe1f0                   Options.inplace_update_support: 0
2018/11/22-15:07:44.149275 7f787fe1f0                 Options.inplace_update_num_locks: 10000
2018/11/22-15:07:44.149278 7f787fe1f0               Options.memtable_prefix_bloom_size_ratio: 0.000000
2018/11/22-15:07:44.149282 7f787fe1f0   Options.memtable_huge_page_size: 0
2018/11/22-15:07:44.149285 7f787fe1f0                           Options.bloom_locality: 0
2018/11/22-15:07:44.149288 7f787fe1f0                    Options.max_successive_merges: 0
2018/11/22-15:07:44.149291 7f787fe1f0                Options.optimize_filters_for_hits: 0
2018/11/22-15:07:44.149294 7f787fe1f0                Options.paranoid_file_checks: 0
2018/11/22-15:07:44.149297 7f787fe1f0                Options.force_consistency_checks: 0
2018/11/22-15:07:44.149299 7f787fe1f0                Options.report_bg_io_stats: 0
2018/11/22-15:07:44.149302 7f787fe1f0                               Options.ttl: 0
2018/11/22-15:07:44.150034 7f787fe1f0 [db/column_family.cc:475] --------------- Options for column family [usertable]:
2018/11/22-15:07:44.150047 7f787fe1f0               Options.comparator: leveldb.BytewiseComparator
2018/11/22-15:07:44.150051 7f787fe1f0           Options.merge_operator: None
2018/11/22-15:07:44.150054 7f787fe1f0        Options.compaction_filter: None
2018/11/22-15:07:44.150057 7f787fe1f0        Options.compaction_filter_factory: None
2018/11/22-15:07:44.150060 7f787fe1f0         Options.memtable_factory: SkipListFactory
2018/11/22-15:07:44.150063 7f787fe1f0            Options.table_factory: BlockBasedTable
2018/11/22-15:07:44.150101 7f787fe1f0            table_factory options:   flush_block_policy_factory: FlushBlockBySizePolicyFactory (0x7f1c37c180)
  cache_index_and_filter_blocks: 0
  cache_index_and_filter_blocks_with_high_priority: 0
  pin_l0_filter_and_index_blocks_in_cache: 0
  index_type: 0
  hash_index_allow_collision: 1
  checksum: 1
  no_block_cache: 0
  block_cache: 0x7f1c38bd10
  block_cache_name: LRUCache
  block_cache_options:
    capacity : 8388608
    num_shard_bits : 4
    strict_capacity_limit : 0
    high_pri_pool_ratio: 0.000
  block_cache_compressed: (nil)
  persistent_cache: (nil)
  block_size: 8192
  block_size_deviation: 10
  block_restart_interval: 16
  index_block_restart_interval: 1
  metadata_block_size: 4096
  partition_filters: 0
  use_delta_encoding: 1
  filter_policy: nullptr
  whole_key_filtering: 1
  verify_compression: 0
  read_amp_bytes_per_bit: 0
  format_version: 2
  enable_index_compression: 1
  block_align: 0
2018/11/22-15:07:44.150107 7f787fe1f0        Options.write_buffer_size: 134217728
2018/11/22-15:07:44.150110 7f787fe1f0  Options.max_write_buffer_number: 24
2018/11/22-15:07:44.150140 7f787fe1f0        Options.compression[0]: NoCompression
2018/11/22-15:07:44.150145 7f787fe1f0        Options.compression[1]: NoCompression
2018/11/22-15:07:44.150148 7f787fe1f0        Options.compression[2]: LZ4
2018/11/22-15:07:44.150151 7f787fe1f0        Options.compression[3]: LZ4
2018/11/22-15:07:44.150154 7f787fe1f0        Options.compression[4]: LZ4
2018/11/22-15:07:44.150157 7f787fe1f0        Options.compression[5]: LZ4
2018/11/22-15:07:44.150160 7f787fe1f0        Options.compression[6]: LZ4
2018/11/22-15:07:44.150163 7f787fe1f0                  Options.bottommost_compression: Disabled
2018/11/22-15:07:44.150166 7f787fe1f0       Options.prefix_extractor: nullptr
2018/11/22-15:07:44.150169 7f787fe1f0   Options.memtable_insert_with_hint_prefix_extractor: nullptr
2018/11/22-15:07:44.150172 7f787fe1f0             Options.num_levels: 7
2018/11/22-15:07:44.150175 7f787fe1f0        Options.min_write_buffer_number_to_merge: 2
2018/11/22-15:07:44.150178 7f787fe1f0     Options.max_write_buffer_number_to_maintain: 0
2018/11/22-15:07:44.150180 7f787fe1f0            Options.compression_opts.window_bits: -14
2018/11/22-15:07:44.150183 7f787fe1f0                  Options.compression_opts.level: -1
2018/11/22-15:07:44.150186 7f787fe1f0               Options.compression_opts.strategy: 0
2018/11/22-15:07:44.150189 7f787fe1f0         Options.compression_opts.max_dict_bytes: 0
2018/11/22-15:07:44.150192 7f787fe1f0         Options.compression_opts.zstd_max_train_bytes: 0
2018/11/22-15:07:44.150195 7f787fe1f0      Options.level0_file_num_compaction_trigger: 2
2018/11/22-15:07:44.150198 7f787fe1f0          Options.level0_slowdown_writes_trigger: 20
2018/11/22-15:07:44.150200 7f787fe1f0              Options.level0_stop_writes_trigger: 36
2018/11/22-15:07:44.150203 7f787fe1f0                   Options.target_file_size_base: 67108864
2018/11/22-15:07:44.150206 7f787fe1f0             Options.target_file_size_multiplier: 1
2018/11/22-15:07:44.150209 7f787fe1f0                Options.max_bytes_for_level_base: 536870912
2018/11/22-15:07:44.150212 7f787fe1f0 Options.level_compaction_dynamic_level_bytes: 0
2018/11/22-15:07:44.150214 7f787fe1f0          Options.max_bytes_for_level_multiplier: 10.000000
2018/11/22-15:07:44.150219 7f787fe1f0 Options.max_bytes_for_level_multiplier_addtl[0]: 1
2018/11/22-15:07:44.150222 7f787fe1f0 Options.max_bytes_for_level_multiplier_addtl[1]: 1
2018/11/22-15:07:44.150224 7f787fe1f0 Options.max_bytes_for_level_multiplier_addtl[2]: 1
2018/11/22-15:07:44.150227 7f787fe1f0 Options.max_bytes_for_level_multiplier_addtl[3]: 1
2018/11/22-15:07:44.150230 7f787fe1f0 Options.max_bytes_for_level_multiplier_addtl[4]: 1
2018/11/22-15:07:44.150233 7f787fe1f0 Options.max_bytes_for_level_multiplier_addtl[5]: 1
2018/11/22-15:07:44.150236 7f787fe1f0 Options.max_bytes_for_level_multiplier_addtl[6]: 1
2018/11/22-15:07:44.150238 7f787fe1f0       Options.max_sequential_skip_in_iterations: 8
2018/11/22-15:07:44.150241 7f787fe1f0                    Options.max_compaction_bytes: 1677721600
2018/11/22-15:07:44.150244 7f787fe1f0                        Options.arena_block_size: 16777216
2018/11/22-15:07:44.150247 7f787fe1f0   Options.soft_pending_compaction_bytes_limit: 68719476736
2018/11/22-15:07:44.150250 7f787fe1f0   Options.hard_pending_compaction_bytes_limit: 274877906944
2018/11/22-15:07:44.150253 7f787fe1f0       Options.rate_limit_delay_max_milliseconds: 100
2018/11/22-15:07:44.150256 7f787fe1f0                Options.disable_auto_compactions: 0
2018/11/22-15:07:44.150259 7f787fe1f0                        Options.compaction_style: kCompactionStyleLevel
2018/11/22-15:07:44.150263 7f787fe1f0                          Options.compaction_pri: kByCompensatedSize
2018/11/22-15:07:44.150267 7f787fe1f0 Options.compaction_options_universal.size_ratio: 1
2018/11/22-15:07:44.150270 7f787fe1f0 Options.compaction_options_universal.min_merge_width: 2
2018/11/22-15:07:44.150273 7f787fe1f0 Options.compaction_options_universal.max_merge_width: 4294967295
2018/11/22-15:07:44.150289 7f787fe1f0 Options.compaction_options_universal.max_size_amplification_percent: 200
2018/11/22-15:07:44.150294 7f787fe1f0 Options.compaction_options_universal.compression_size_percent: -1
2018/11/22-15:07:44.150298 7f787fe1f0 Options.compaction_options_universal.stop_style: kCompactionStopStyleTotalSize
2018/11/22-15:07:44.150301 7f787fe1f0 Options.compaction_options_fifo.max_table_files_size: 1073741824
2018/11/22-15:07:44.150304 7f787fe1f0 Options.compaction_options_fifo.allow_compaction: 0
2018/11/22-15:07:44.150307 7f787fe1f0 Options.compaction_options_fifo.ttl: 0
2018/11/22-15:07:44.150310 7f787fe1f0                   Options.table_properties_collectors: 
2018/11/22-15:07:44.150312 7f787fe1f0                   Options.inplace_update_support: 0
2018/11/22-15:07:44.150315 7f787fe1f0                 Options.inplace_update_num_locks: 10000
2018/11/22-15:07:44.150318 7f787fe1f0               Options.memtable_prefix_bloom_size_ratio: 0.000000
2018/11/22-15:07:44.150322 7f787fe1f0   Options.memtable_huge_page_size: 0
2018/11/22-15:07:44.150325 7f787fe1f0                           Options.bloom_locality: 0
2018/11/22-15:07:44.150328 7f787fe1f0                    Options.max_successive_merges: 0
2018/11/22-15:07:44.150331 7f787fe1f0                Options.optimize_filters_for_hits: 0
2018/11/22-15:07:44.150334 7f787fe1f0                Options.paranoid_file_checks: 0
2018/11/22-15:07:44.150337 7f787fe1f0                Options.force_consistency_checks: 0
2018/11/22-15:07:44.150339 7f787fe1f0                Options.report_bg_io_stats: 0
2018/11/22-15:07:44.150342 7f787fe1f0                               Options.ttl: 0
2018/11/22-15:07:44.621355 7f787fe1f0 [db/version_set.cc:3361] Recovered from manifest file:/mnt/sda/ycsb-rocksdb-data/MANIFEST-000004 succeeded,manifest_file_number is 4, next_file_number is 1196, last_sequence is 10444424, log_number is 0,prev_log_number is 0,max_column_family is 1,min_log_number_to_keep is 0
2018/11/22-15:07:44.621388 7f787fe1f0 [db/version_set.cc:3369] Column family [default] (ID 0), log number is 0
2018/11/22-15:07:44.621393 7f787fe1f0 [db/version_set.cc:3369] Column family [usertable] (ID 1), log number is 1188
2018/11/22-15:07:44.625509 7f787fe1f0 EVENT_LOG_v1 {"time_micros": 1542899264625483, "job": 1, "event": "recovery_started", "log_files": [1188, 1194]}
2018/11/22-15:07:44.625544 7f787fe1f0 [db/db_impl_open.cc:551] Recovering log #1188 mode 2
2018/11/22-15:07:45.182114 7f787fe1f0 [db/db_impl_open.cc:551] Recovering log #1194 mode 2
2018/11/22-15:07:45.902541 7f787fe1f0 EVENT_LOG_v1 {"time_micros": 1542899265902484, "cf_name": "usertable", "job": 1, "event": "table_file_creation", "file_number": 1196, "file_size": 129903636, "table_properties": {"data_size": 129326155, "index_size": 576559, "filter_size": 0, "raw_key_size": 752808, "raw_average_key_size": 24, "raw_value_size": 128479232, "raw_average_value_size": 4096, "num_data_blocks": 15684, "num_entries": 31367, "filter_policy_name": "", "kDeletedKeys": "0", "kMergeOperands": "0"}}
2018/11/22-15:07:45.952088 7f787fe1f0 [db/version_set.cc:2847] Creating manifest 1197
2018/11/22-15:07:46.095755 7f787fe1f0 EVENT_LOG_v1 {"time_micros": 1542899266095719, "cf_name": "usertable", "job": 1, "event": "table_file_creation", "file_number": 1198, "file_size": 7314741, "table_properties": {"data_size": 7281413, "index_size": 32407, "filter_size": 0, "raw_key_size": 42384, "raw_average_key_size": 24, "raw_value_size": 7233536, "raw_average_value_size": 4096, "num_data_blocks": 883, "num_entries": 1766, "filter_policy_name": "", "kDeletedKeys": "0", "kMergeOperands": "0"}}
2018/11/22-15:07:46.121787 7f787fe1f0 EVENT_LOG_v1 {"time_micros": 1542899266121770, "job": 1, "event": "recovery_finished"}
2018/11/22-15:07:46.231228 7f787fe1f0 [db/db_impl_open.cc:1219] DB pointer 0x7f1c3fdfd0
2018/11/22-15:07:46.231926 7f734f81f0 [WARN] [db/db_impl.cc:491] ------- DUMPING STATS -------
2018/11/22-15:07:46.232031 7f734f81f0 [WARN] [db/db_impl.cc:492] 
** DB Stats **
Uptime(secs): 2.1 total, 2.1 interval
Cumulative writes: 0 writes, 0 keys, 0 commit groups, 0.0 writes per commit group, ingest: 0.00 GB, 0.00 MB/s
Cumulative WAL: 0 writes, 0 syncs, 0.00 writes per sync, written: 0.00 GB, 0.00 MB/s
Cumulative stall: 00:00:0.000 H:M:S, 0.0 percent
Interval writes: 0 writes, 0 keys, 0 commit groups, 0.0 writes per commit group, ingest: 0.00 MB, 0.00 MB/s
Interval WAL: 0 writes, 0 syncs, 0.00 writes per sync, written: 0.00 MB, 0.00 MB/s
Interval stall: 00:00:0.000 H:M:S, 0.0 percent

** Compaction Stats [default] **
Level    Files   Size     Score Read(GB)  Rn(GB) Rnp1(GB) Write(GB) Wnew(GB) Moved(GB) W-Amp Rd(MB/s) Wr(MB/s) Comp(sec) Comp(cnt) Avg(sec) KeyIn KeyDrop
----------------------------------------------------------------------------------------------------------------------------------------------------------
 Sum      0/0    0.00 KB   0.0      0.0     0.0      0.0       0.0      0.0       0.0   0.0      0.0      0.0         0         0    0.000       0      0
 Int      0/0    0.00 KB   0.0      0.0     0.0      0.0       0.0      0.0       0.0   0.0      0.0      0.0         0         0    0.000       0      0
Uptime(secs): 2.1 total, 2.1 interval
Flush(GB): cumulative 0.000, interval 0.000
AddFile(GB): cumulative 0.000, interval 0.000
AddFile(Total Files): cumulative 0, interval 0
AddFile(L0 Files): cumulative 0, interval 0
AddFile(Keys): cumulative 0, interval 0
Cumulative compaction: 0.00 GB write, 0.00 MB/s write, 0.00 GB read, 0.00 MB/s read, 0.0 seconds
Interval compaction: 0.00 GB write, 0.00 MB/s write, 0.00 GB read, 0.00 MB/s read, 0.0 seconds
Stalls(count): 0 level0_slowdown, 0 level0_slowdown_with_compaction, 0 level0_numfiles, 0 level0_numfiles_with_compaction, 0 stop for pending_compaction_bytes, 0 slowdown for pending_compaction_bytes, 0 memtable_compaction, 0 memtable_slowdown, interval 0 total count

** File Read Latency Histogram By Level [default] **

** Compaction Stats [usertable] **
Level    Files   Size     Score Read(GB)  Rn(GB) Rnp1(GB) Write(GB) Wnew(GB) Moved(GB) W-Amp Rd(MB/s) Wr(MB/s) Comp(sec) Comp(cnt) Avg(sec) KeyIn KeyDrop
----------------------------------------------------------------------------------------------------------------------------------------------------------
  L0      3/0   367.45 MB   1.5      0.0     0.0      0.0       0.1      0.1       0.0   1.0      0.0    168.5         1         2    0.388       0      0
  L1      2/0   474.50 MB   0.9      0.0     0.0      0.0       0.0      0.0       0.0   0.0      0.0      0.0         0         0    0.000       0      0
  L2    112/0    5.19 GB   1.0      0.0     0.0      0.0       0.0      0.0       0.0   0.0      0.0      0.0         0         0    0.000       0      0
  L3    556/0   34.17 GB   0.7      0.0     0.0      0.0       0.0      0.0       0.0   0.0      0.0      0.0         0         0    0.000       0      0
 Sum    673/0   40.18 GB   0.0      0.0     0.0      0.0       0.1      0.1       0.0   1.0      0.0    168.5         1         2    0.388       0      0
 Int      0/0    0.00 KB   0.0      0.0     0.0      0.0       0.1      0.1       0.0   1.0      0.0    168.5         1         2    0.388       0      0
Uptime(secs): 2.1 total, 2.1 interval
Flush(GB): cumulative 0.128, interval 0.128
AddFile(GB): cumulative 0.000, interval 0.000
AddFile(Total Files): cumulative 0, interval 0
AddFile(L0 Files): cumulative 0, interval 0
AddFile(Keys): cumulative 0, interval 0
Cumulative compaction: 0.13 GB write, 62.86 MB/s write, 0.00 GB read, 0.00 MB/s read, 0.8 seconds
Interval compaction: 0.13 GB write, 62.86 MB/s write, 0.00 GB read, 0.00 MB/s read, 0.8 seconds
Stalls(count): 0 level0_slowdown, 0 level0_slowdown_with_compaction, 0 level0_numfiles, 0 level0_numfiles_with_compaction, 0 stop for pending_compaction_bytes, 0 slowdown for pending_compaction_bytes, 0 memtable_compaction, 0 memtable_slowdown, interval 0 total count

** File Read Latency Histogram By Level [usertable] **

** Compaction Stats [default] **
Level    Files   Size     Score Read(GB)  Rn(GB) Rnp1(GB) Write(GB) Wnew(GB) Moved(GB) W-Amp Rd(MB/s) Wr(MB/s) Comp(sec) Comp(cnt) Avg(sec) KeyIn KeyDrop
----------------------------------------------------------------------------------------------------------------------------------------------------------
 Sum      0/0    0.00 KB   0.0      0.0     0.0      0.0       0.0      0.0       0.0   0.0      0.0      0.0         0         0    0.000       0      0
 Int      0/0    0.00 KB   0.0      0.0     0.0      0.0       0.0      0.0       0.0   0.0      0.0      0.0         0         0    0.000       0      0
Uptime(secs): 2.1 total, 0.0 interval
Flush(GB): cumulative 0.000, interval 0.000
AddFile(GB): cumulative 0.000, interval 0.000
AddFile(Total Files): cumulative 0, interval 0
AddFile(L0 Files): cumulative 0, interval 0
AddFile(Keys): cumulative 0, interval 0
Cumulative compaction: 0.00 GB write, 0.00 MB/s write, 0.00 GB read, 0.00 MB/s read, 0.0 seconds
Interval compaction: 0.00 GB write, 0.00 MB/s write, 0.00 GB read, 0.00 MB/s read, 0.0 seconds
Stalls(count): 0 level0_slowdown, 0 level0_slowdown_with_compaction, 0 level0_numfiles, 0 level0_numfiles_with_compaction, 0 stop for pending_compaction_bytes, 0 slowdown for pending_compaction_bytes, 0 memtable_compaction, 0 memtable_slowdown, interval 0 total count

** File Read Latency Histogram By Level [default] **

** Compaction Stats [usertable] **
Level    Files   Size     Score Read(GB)  Rn(GB) Rnp1(GB) Write(GB) Wnew(GB) Moved(GB) W-Amp Rd(MB/s) Wr(MB/s) Comp(sec) Comp(cnt) Avg(sec) KeyIn KeyDrop
----------------------------------------------------------------------------------------------------------------------------------------------------------
  L0      3/0   367.45 MB   1.5      0.0     0.0      0.0       0.1      0.1       0.0   1.0      0.0    168.5         1         2    0.388       0      0
  L1      2/0   474.50 MB   0.9      0.0     0.0      0.0       0.0      0.0       0.0   0.0      0.0      0.0         0         0    0.000       0      0
  L2    112/0    5.19 GB   1.0      0.0     0.0      0.0       0.0      0.0       0.0   0.0      0.0      0.0         0         0    0.000       0      0
  L3    556/0   34.17 GB   0.7      0.0     0.0      0.0       0.0      0.0       0.0   0.0      0.0      0.0         0         0    0.000       0      0
 Sum    673/0   40.18 GB   0.0      0.0     0.0      0.0       0.1      0.1       0.0   1.0      0.0    168.5         1         2    0.388       0      0
 Int      0/0    0.00 KB   0.0      0.0     0.0      0.0       0.0      0.0       0.0   0.0      0.0      0.0         0         0    0.000       0      0
Uptime(secs): 2.1 total, 0.0 interval
Flush(GB): cumulative 0.128, interval 0.000
AddFile(GB): cumulative 0.000, interval 0.000
AddFile(Total Files): cumulative 0, interval 0
AddFile(L0 Files): cumulative 0, interval 0
AddFile(Keys): cumulative 0, interval 0
Cumulative compaction: 0.13 GB write, 62.86 MB/s write, 0.00 GB read, 0.00 MB/s read, 0.8 seconds
Interval compaction: 0.00 GB write, 0.00 MB/s write, 0.00 GB read, 0.00 MB/s read, 0.0 seconds
Stalls(count): 0 level0_slowdown, 0 level0_slowdown_with_compaction, 0 level0_numfiles, 0 level0_numfiles_with_compaction, 0 stop for pending_compaction_bytes, 0 slowdown for pending_compaction_bytes, 0 memtable_compaction, 0 memtable_slowdown, interval 0 total count

** File Read Latency Histogram By Level [usertable] **
2018/11/22-15:07:46.264308 7f734f81f0 (Original Log Time 2018/11/22-15:07:46.232317) [db/db_impl_compaction_flush.cc:1835] [usertable] Moving #1014 to level-1 248079059 bytes
2018/11/22-15:07:46.264334 7f734f81f0 (Original Log Time 2018/11/22-15:07:46.263766) EVENT_LOG_v1 {"time_micros": 1542899266263736, "job": 3, "event": "trivial_move", "destination_level": 1, "files": 1, "total_files_size": 248079059}
2018/11/22-15:07:46.264345 7f734f81f0 (Original Log Time 2018/11/22-15:07:46.263820) [db/db_impl_compaction_flush.cc:1864] [usertable] Moved #1 files to level-1 248079059 bytes OK: base level 1 max bytes base 536870912 files[2 3 112 556 0 0 0] max score 1.39
2018/11/22-15:07:46.265838 7f734f81f0 [db/compaction_job.cc:1531] [usertable] [JOB 4] Compacting 1@1 files to L2, score 1.39
2018/11/22-15:07:46.265916 7f734f81f0 [db/compaction_job.cc:1535] [usertable] Compaction start summary: Base version 6 Base level 1, inputs: [316(237MB)]
2018/11/22-15:07:46.266073 7f734f81f0 EVENT_LOG_v1 {"time_micros": 1542899266265962, "job": 4, "event": "compaction_started", "compaction_reason": "LevelMaxLevelSize", "files_L1": [316], "score": 1.38883, "input_data_size": 248853509}
2018/11/22-15:07:47.400359 7f734f81f0 [db/compaction_job.cc:1211] [usertable] [JOB 4] Generated table #1202: 16279 keys, 67233547 bytes
2018/11/22-15:07:47.400452 7f734f81f0 EVENT_LOG_v1 {"time_micros": 1542899267400425, "cf_name": "usertable", "job": 4, "event": "table_file_creation", "file_number": 1202, "file_size": 67233547, "table_properties": {"data_size": 67120140, "index_size": 300916, "filter_size": 0, "raw_key_size": 390696, "raw_average_key_size": 24, "raw_value_size": 66678784, "raw_average_value_size": 4096, "num_data_blocks": 8140, "num_entries": 16279, "filter_policy_name": "", "kDeletedKeys": "0", "kMergeOperands": "0"}}
2018/11/22-15:07:48.529442 7f734f81f0 [db/compaction_job.cc:1211] [usertable] [JOB 4] Generated table #1203: 16279 keys, 67233348 bytes
2018/11/22-15:07:48.529608 7f734f81f0 EVENT_LOG_v1 {"time_micros": 1542899268529551, "cf_name": "usertable", "job": 4, "event": "table_file_creation", "file_number": 1203, "file_size": 67233348, "table_properties": {"data_size": 67118331, "index_size": 299107, "filter_size": 0, "raw_key_size": 390696, "raw_average_key_size": 24, "raw_value_size": 66678784, "raw_average_value_size": 4096, "num_data_blocks": 8140, "num_entries": 16279, "filter_policy_name": "", "kDeletedKeys": "0", "kMergeOperands": "0"}}
2018/11/22-15:07:49.865620 7f734f81f0 [db/compaction_job.cc:1211] [usertable] [JOB 4] Generated table #1204: 16279 keys, 67233577 bytes
2018/11/22-15:07:49.865804 7f734f81f0 EVENT_LOG_v1 {"time_micros": 1542899269865729, "cf_name": "usertable", "job": 4, "event": "table_file_creation", "file_number": 1204, "file_size": 67233577, "table_properties": {"data_size": 67120140, "index_size": 300916, "filter_size": 0, "raw_key_size": 390696, "raw_average_key_size": 24, "raw_value_size": 66678784, "raw_average_value_size": 4096, "num_data_blocks": 8140, "num_entries": 16279, "filter_policy_name": "", "kDeletedKeys": "0", "kMergeOperands": "0"}}
2018/11/22-15:07:51.244933 7f734f81f0 [db/compaction_job.cc:1211] [usertable] [JOB 4] Generated table #1205: 11249 keys, 46459412 bytes
2018/11/22-15:07:51.245150 7f734f81f0 EVENT_LOG_v1 {"time_micros": 1542899271245081, "cf_name": "usertable", "job": 4, "event": "table_file_creation", "file_number": 1205, "file_size": 46459412, "table_properties": {"data_size": 46379641, "index_size": 206611, "filter_size": 0, "raw_key_size": 269976, "raw_average_key_size": 24, "raw_value_size": 46075904, "raw_average_value_size": 4096, "num_data_blocks": 5625, "num_entries": 11249, "filter_policy_name": "", "kDeletedKeys": "0", "kMergeOperands": "0"}}
2018/11/22-15:07:51.245450 7f734f81f0 [db/compaction_job.cc:1287] [usertable] [JOB 4] Compacted 1@1 files to L2 => 248159884 bytes
2018/11/22-15:07:51.309531 7f734f81f0 (Original Log Time 2018/11/22-15:07:51.308875) [db/compaction_job.cc:685] [usertable] compacted to: base level 1 max bytes base 536870912 files[2 2 116 556 0 0 0] max score 1.08, MB/sec: 50.0 rd, 49.8 wr, level 2, files in(1, 0) out(4) MB in(237.3, 0.0) out(236.7), read-write-amplify(2.0) write-amplify(1.0) OK, records in: 60086, records dropped: 0 output_compression: LZ4
2018/11/22-15:07:51.309572 7f734f81f0 (Original Log Time 2018/11/22-15:07:51.309048) EVENT_LOG_v1 {"time_micros": 1542899271308952, "job": 4, "event": "compaction_finished", "compaction_time_micros": 4979132, "output_level": 2, "num_output_files": 4, "total_output_size": 248159884, "num_input_records": 60086, "num_output_records": 60086, "num_subcompactions": 1, "output_compression": "LZ4", "num_single_delete_mismatches": 0, "num_single_delete_fallthrough": 0, "lsm_state": [2, 2, 116, 556, 0, 0, 0]}
2018/11/22-15:07:51.366367 7f724f61f0 (Original Log Time 2018/11/22-15:07:51.310699) [db/db_impl_compaction_flush.cc:1835] [usertable] Moving #1204 to level-3 67233577 bytes
2018/11/22-15:07:51.366394 7f724f61f0 (Original Log Time 2018/11/22-15:07:51.365874) EVENT_LOG_v1 {"time_micros": 1542899271365851, "job": 5, "event": "trivial_move", "destination_level": 3, "files": 1, "total_files_size": 67233577}
2018/11/22-15:07:51.366405 7f724f61f0 (Original Log Time 2018/11/22-15:07:51.365924) [db/db_impl_compaction_flush.cc:1864] [usertable] Moved #1 files to level-3 67233577 bytes OK: base level 1 max bytes base 536870912 files[2 2 115 557 0 0 0] max score 1.07
2018/11/22-15:07:51.461539 7f724f61f0 EVENT_LOG_v1 {"time_micros": 1542899271461518, "job": 5, "event": "table_file_deletion", "file_number": 316}
2018/11/22-15:07:51.515410 7f724f61f0 (Original Log Time 2018/11/22-15:07:51.462466) [db/db_impl_compaction_flush.cc:1835] [usertable] Moving #1202 to level-3 67233547 bytes
2018/11/22-15:07:51.515441 7f724f61f0 (Original Log Time 2018/11/22-15:07:51.514861) EVENT_LOG_v1 {"time_micros": 1542899271514840, "job": 6, "event": "trivial_move", "destination_level": 3, "files": 1, "total_files_size": 67233547}
2018/11/22-15:07:51.515452 7f724f61f0 (Original Log Time 2018/11/22-15:07:51.514908) [db/db_impl_compaction_flush.cc:1864] [usertable] Moved #1 files to level-3 67233547 bytes OK: base level 1 max bytes base 536870912 files[2 2 114 558 0 0 0] max score 1.06
2018/11/22-15:07:51.568621 7f724f61f0 (Original Log Time 2018/11/22-15:07:51.516745) [db/db_impl_compaction_flush.cc:1835] [usertable] Moving #1191 to level-3 67233546 bytes
2018/11/22-15:07:51.568647 7f724f61f0 (Original Log Time 2018/11/22-15:07:51.568201) EVENT_LOG_v1 {"time_micros": 1542899271568179, "job": 7, "event": "trivial_move", "destination_level": 3, "files": 1, "total_files_size": 67233546}
2018/11/22-15:07:51.568658 7f724f61f0 (Original Log Time 2018/11/22-15:07:51.568250) [db/db_impl_compaction_flush.cc:1864] [usertable] Moved #1 files to level-3 67233546 bytes OK: base level 1 max bytes base 536870912 files[2 2 113 559 0 0 0] max score 1.05
2018/11/22-15:07:51.615924 7f714f41f0 (Original Log Time 2018/11/22-15:07:51.569873) [db/db_impl_compaction_flush.cc:1835] [usertable] Moving #1203 to level-3 67233348 bytes
2018/11/22-15:07:51.615953 7f714f41f0 (Original Log Time 2018/11/22-15:07:51.615419) EVENT_LOG_v1 {"time_micros": 1542899271615395, "job": 8, "event": "trivial_move", "destination_level": 3, "files": 1, "total_files_size": 67233348}
2018/11/22-15:07:51.615963 7f714f41f0 (Original Log Time 2018/11/22-15:07:51.615469) [db/db_impl_compaction_flush.cc:1864] [usertable] Moved #1 files to level-3 67233348 bytes OK: base level 1 max bytes base 536870912 files[2 2 112 560 0 0 0] max score 1.03
2018/11/22-15:07:51.669961 7f714f41f0 (Original Log Time 2018/11/22-15:07:51.617079) [db/db_impl_compaction_flush.cc:1835] [usertable] Moving #1192 to level-3 67233346 bytes
