2018/11/17-08:54:08.567553 7f6175d1f0 RocksDB version: 5.14.3
2018/11/17-08:54:08.567701 7f6175d1f0 Git sha rocksdb_build_git_sha:
2018/11/17-08:54:08.567708 7f6175d1f0 Compile date Nov 15 2018
2018/11/17-08:54:08.567716 7f6175d1f0 DB SUMMARY
2018/11/17-08:54:08.568543 7f6175d1f0 CURRENT file:  CURRENT
2018/11/17-08:54:08.568556 7f6175d1f0 IDENTITY file:  IDENTITY
2018/11/17-08:54:08.568580 7f6175d1f0 MANIFEST file:  MANIFEST-000004 size: 123485 Bytes
2018/11/17-08:54:08.568588 7f6175d1f0 SST files in /mnt/sda/ycsb-rocksdb-data dir, Total Num: 670, files: 000022.sst 000023.sst 000024.sst 000025.sst 000029.sst 000030.sst 000031.sst 000034.sst 000036.sst 
2018/11/17-08:54:08.568592 7f6175d1f0 Write Ahead Log file in /mnt/sda/ycsb-rocksdb-data: 001239.log size: 124126073 ; 001241.log size: 124986142 ; 001244.log size: 98665225 ; 
2018/11/17-08:54:08.568603 7f6175d1f0                         Options.error_if_exists: 0
2018/11/17-08:54:08.568607 7f6175d1f0                       Options.create_if_missing: 1
2018/11/17-08:54:08.568610 7f6175d1f0                         Options.paranoid_checks: 1
2018/11/17-08:54:08.568614 7f6175d1f0                                     Options.env: 0x7f60a5df18
2018/11/17-08:54:08.568617 7f6175d1f0                                Options.info_log: 0x7f183f6340
2018/11/17-08:54:08.568620 7f6175d1f0                Options.max_file_opening_threads: 16
2018/11/17-08:54:08.568623 7f6175d1f0                              Options.statistics: (nil)
2018/11/17-08:54:08.568627 7f6175d1f0                               Options.use_fsync: 0
2018/11/17-08:54:08.568630 7f6175d1f0                       Options.max_log_file_size: 0
2018/11/17-08:54:08.568632 7f6175d1f0                  Options.max_manifest_file_size: 18446744073709551615
2018/11/17-08:54:08.568636 7f6175d1f0                   Options.log_file_time_to_roll: 0
2018/11/17-08:54:08.568639 7f6175d1f0                       Options.keep_log_file_num: 1000
2018/11/17-08:54:08.568641 7f6175d1f0                    Options.recycle_log_file_num: 0
2018/11/17-08:54:08.568644 7f6175d1f0                         Options.allow_fallocate: 1
2018/11/17-08:54:08.568647 7f6175d1f0                        Options.allow_mmap_reads: 0
2018/11/17-08:54:08.568650 7f6175d1f0                       Options.allow_mmap_writes: 0
2018/11/17-08:54:08.568653 7f6175d1f0                        Options.use_direct_reads: 0
2018/11/17-08:54:08.568656 7f6175d1f0                        Options.use_direct_io_for_flush_and_compaction: 0
2018/11/17-08:54:08.568659 7f6175d1f0          Options.create_missing_column_families: 1
2018/11/17-08:54:08.568662 7f6175d1f0                              Options.db_log_dir: 
2018/11/17-08:54:08.568665 7f6175d1f0                                 Options.wal_dir: /mnt/sda/ycsb-rocksdb-data
2018/11/17-08:54:08.568668 7f6175d1f0                Options.table_cache_numshardbits: 6
2018/11/17-08:54:08.568670 7f6175d1f0                      Options.max_subcompactions: 4
2018/11/17-08:54:08.568673 7f6175d1f0                  Options.max_background_flushes: 6
2018/11/17-08:54:08.568676 7f6175d1f0                         Options.WAL_ttl_seconds: 0
2018/11/17-08:54:08.568679 7f6175d1f0                       Options.WAL_size_limit_MB: 0
2018/11/17-08:54:08.568682 7f6175d1f0             Options.manifest_preallocation_size: 4194304
2018/11/17-08:54:08.568685 7f6175d1f0                     Options.is_fd_close_on_exec: 1
2018/11/17-08:54:08.568688 7f6175d1f0                   Options.advise_random_on_open: 1
2018/11/17-08:54:08.568690 7f6175d1f0                    Options.db_write_buffer_size: 0
2018/11/17-08:54:08.568694 7f6175d1f0                    Options.write_buffer_manager: 0x7f183f7730
2018/11/17-08:54:08.568697 7f6175d1f0         Options.access_hint_on_compaction_start: 1
2018/11/17-08:54:08.568700 7f6175d1f0  Options.new_table_reader_for_compaction_inputs: 0
2018/11/17-08:54:08.568703 7f6175d1f0           Options.random_access_max_buffer_size: 1048576
2018/11/17-08:54:08.568706 7f6175d1f0                      Options.use_adaptive_mutex: 0
2018/11/17-08:54:08.568709 7f6175d1f0                            Options.rate_limiter: (nil)
2018/11/17-08:54:08.568746 7f6175d1f0     Options.sst_file_manager.rate_bytes_per_sec: 0
2018/11/17-08:54:08.568751 7f6175d1f0                       Options.wal_recovery_mode: 2
2018/11/17-08:54:08.568754 7f6175d1f0                  Options.enable_thread_tracking: 0
2018/11/17-08:54:08.568757 7f6175d1f0                  Options.enable_pipelined_write: 1
2018/11/17-08:54:08.568760 7f6175d1f0         Options.allow_concurrent_memtable_write: 1
2018/11/17-08:54:08.568763 7f6175d1f0      Options.enable_write_thread_adaptive_yield: 1
2018/11/17-08:54:08.568766 7f6175d1f0             Options.write_thread_max_yield_usec: 100
2018/11/17-08:54:08.568769 7f6175d1f0            Options.write_thread_slow_yield_usec: 3
2018/11/17-08:54:08.568772 7f6175d1f0                               Options.row_cache: None
2018/11/17-08:54:08.568775 7f6175d1f0                              Options.wal_filter: None
2018/11/17-08:54:08.568778 7f6175d1f0             Options.avoid_flush_during_recovery: 0
2018/11/17-08:54:08.568781 7f6175d1f0             Options.allow_ingest_behind: 0
2018/11/17-08:54:08.568783 7f6175d1f0             Options.preserve_deletes: 0
2018/11/17-08:54:08.568786 7f6175d1f0             Options.two_write_queues: 0
2018/11/17-08:54:08.568788 7f6175d1f0             Options.manual_wal_flush: 0
2018/11/17-08:54:08.568794 7f6175d1f0             Options.max_background_jobs: 6
2018/11/17-08:54:08.568797 7f6175d1f0             Options.max_background_compactions: 6
2018/11/17-08:54:08.568800 7f6175d1f0             Options.avoid_flush_during_shutdown: 0
2018/11/17-08:54:08.568803 7f6175d1f0           Options.writable_file_max_buffer_size: 1048576
2018/11/17-08:54:08.568805 7f6175d1f0             Options.delayed_write_rate : 16777216
2018/11/17-08:54:08.568809 7f6175d1f0             Options.max_total_wal_size: 0
2018/11/17-08:54:08.568812 7f6175d1f0             Options.delete_obsolete_files_period_micros: 21600000000
2018/11/17-08:54:08.568815 7f6175d1f0                   Options.stats_dump_period_sec: 60
2018/11/17-08:54:08.568818 7f6175d1f0                          Options.max_open_files: -1
2018/11/17-08:54:08.568821 7f6175d1f0                          Options.bytes_per_sync: 1048576
2018/11/17-08:54:08.568823 7f6175d1f0                      Options.wal_bytes_per_sync: 0
2018/11/17-08:54:08.568826 7f6175d1f0       Options.compaction_readahead_size: 0
2018/11/17-08:54:08.568829 7f6175d1f0 Compression algorithms supported:
2018/11/17-08:54:08.568833 7f6175d1f0 	kZSTDNotFinalCompression supported: 1
2018/11/17-08:54:08.568871 7f6175d1f0 	kZSTD supported: 1
2018/11/17-08:54:08.568877 7f6175d1f0 	kXpressCompression supported: 0
2018/11/17-08:54:08.568880 7f6175d1f0 	kLZ4HCCompression supported: 1
2018/11/17-08:54:08.568883 7f6175d1f0 	kLZ4Compression supported: 1
2018/11/17-08:54:08.568886 7f6175d1f0 	kBZip2Compression supported: 1
2018/11/17-08:54:08.568890 7f6175d1f0 	kZlibCompression supported: 1
2018/11/17-08:54:08.568893 7f6175d1f0 	kSnappyCompression supported: 1
2018/11/17-08:54:08.568900 7f6175d1f0 Fast CRC32 supported: Not supported on x86
2018/11/17-08:54:08.569651 7f6175d1f0 [db/version_set.cc:3085] Recovering from manifest file: MANIFEST-000004
2018/11/17-08:54:08.569859 7f6175d1f0 [db/column_family.cc:475] --------------- Options for column family [default]:
2018/11/17-08:54:08.569868 7f6175d1f0               Options.comparator: leveldb.BytewiseComparator
2018/11/17-08:54:08.569872 7f6175d1f0           Options.merge_operator: None
2018/11/17-08:54:08.569875 7f6175d1f0        Options.compaction_filter: None
2018/11/17-08:54:08.569878 7f6175d1f0        Options.compaction_filter_factory: None
2018/11/17-08:54:08.569882 7f6175d1f0         Options.memtable_factory: SkipListFactory
2018/11/17-08:54:08.569885 7f6175d1f0            Options.table_factory: BlockBasedTable
2018/11/17-08:54:08.569933 7f6175d1f0            table_factory options:   flush_block_policy_factory: FlushBlockBySizePolicyFactory (0x7f18373620)
  cache_index_and_filter_blocks: 0
  cache_index_and_filter_blocks_with_high_priority: 0
  pin_l0_filter_and_index_blocks_in_cache: 0
  index_type: 0
  hash_index_allow_collision: 1
  checksum: 1
  no_block_cache: 0
  block_cache: 0x7f1837fcc0
  block_cache_name: LRUCache
  block_cache_options:
    capacity : 8388608
    num_shard_bits : 4
    strict_capacity_limit : 0
    high_pri_pool_ratio: 0.000
  block_cache_compressed: (nil)
  persistent_cache: (nil)
  block_size: 8192
  block_size_deviation: 10
  block_restart_interval: 16
  index_block_restart_interval: 1
  metadata_block_size: 4096
  partition_filters: 0
  use_delta_encoding: 1
  filter_policy: nullptr
  whole_key_filtering: 1
  verify_compression: 0
  read_amp_bytes_per_bit: 0
  format_version: 2
  enable_index_compression: 1
  block_align: 0
2018/11/17-08:54:08.569970 7f6175d1f0        Options.write_buffer_size: 134217728
2018/11/17-08:54:08.569975 7f6175d1f0  Options.max_write_buffer_number: 24
2018/11/17-08:54:08.569979 7f6175d1f0        Options.compression[0]: NoCompression
2018/11/17-08:54:08.569982 7f6175d1f0        Options.compression[1]: NoCompression
2018/11/17-08:54:08.569985 7f6175d1f0        Options.compression[2]: LZ4
2018/11/17-08:54:08.569988 7f6175d1f0        Options.compression[3]: LZ4
2018/11/17-08:54:08.569991 7f6175d1f0        Options.compression[4]: LZ4
2018/11/17-08:54:08.570010 7f6175d1f0        Options.compression[5]: LZ4
2018/11/17-08:54:08.570014 7f6175d1f0        Options.compression[6]: LZ4
2018/11/17-08:54:08.570017 7f6175d1f0                  Options.bottommost_compression: Disabled
2018/11/17-08:54:08.570020 7f6175d1f0       Options.prefix_extractor: nullptr
2018/11/17-08:54:08.570023 7f6175d1f0   Options.memtable_insert_with_hint_prefix_extractor: nullptr
2018/11/17-08:54:08.570026 7f6175d1f0             Options.num_levels: 7
2018/11/17-08:54:08.570029 7f6175d1f0        Options.min_write_buffer_number_to_merge: 2
2018/11/17-08:54:08.570032 7f6175d1f0     Options.max_write_buffer_number_to_maintain: 0
2018/11/17-08:54:08.570035 7f6175d1f0            Options.compression_opts.window_bits: -14
2018/11/17-08:54:08.570038 7f6175d1f0                  Options.compression_opts.level: -1
2018/11/17-08:54:08.570041 7f6175d1f0               Options.compression_opts.strategy: 0
2018/11/17-08:54:08.570044 7f6175d1f0         Options.compression_opts.max_dict_bytes: 0
2018/11/17-08:54:08.570047 7f6175d1f0         Options.compression_opts.zstd_max_train_bytes: 0
2018/11/17-08:54:08.570050 7f6175d1f0      Options.level0_file_num_compaction_trigger: 2
2018/11/17-08:54:08.570053 7f6175d1f0          Options.level0_slowdown_writes_trigger: 20
2018/11/17-08:54:08.570056 7f6175d1f0              Options.level0_stop_writes_trigger: 36
2018/11/17-08:54:08.570059 7f6175d1f0                   Options.target_file_size_base: 67108864
2018/11/17-08:54:08.570062 7f6175d1f0             Options.target_file_size_multiplier: 1
2018/11/17-08:54:08.570065 7f6175d1f0                Options.max_bytes_for_level_base: 536870912
2018/11/17-08:54:08.570068 7f6175d1f0 Options.level_compaction_dynamic_level_bytes: 0
2018/11/17-08:54:08.570071 7f6175d1f0          Options.max_bytes_for_level_multiplier: 10.000000
2018/11/17-08:54:08.570078 7f6175d1f0 Options.max_bytes_for_level_multiplier_addtl[0]: 1
2018/11/17-08:54:08.570081 7f6175d1f0 Options.max_bytes_for_level_multiplier_addtl[1]: 1
2018/11/17-08:54:08.570084 7f6175d1f0 Options.max_bytes_for_level_multiplier_addtl[2]: 1
2018/11/17-08:54:08.570087 7f6175d1f0 Options.max_bytes_for_level_multiplier_addtl[3]: 1
2018/11/17-08:54:08.570089 7f6175d1f0 Options.max_bytes_for_level_multiplier_addtl[4]: 1
2018/11/17-08:54:08.570092 7f6175d1f0 Options.max_bytes_for_level_multiplier_addtl[5]: 1
2018/11/17-08:54:08.570095 7f6175d1f0 Options.max_bytes_for_level_multiplier_addtl[6]: 1
2018/11/17-08:54:08.570098 7f6175d1f0       Options.max_sequential_skip_in_iterations: 8
2018/11/17-08:54:08.570100 7f6175d1f0                    Options.max_compaction_bytes: 1677721600
2018/11/17-08:54:08.570104 7f6175d1f0                        Options.arena_block_size: 16777216
2018/11/17-08:54:08.570106 7f6175d1f0   Options.soft_pending_compaction_bytes_limit: 68719476736
2018/11/17-08:54:08.570124 7f6175d1f0   Options.hard_pending_compaction_bytes_limit: 274877906944
2018/11/17-08:54:08.570129 7f6175d1f0       Options.rate_limit_delay_max_milliseconds: 100
2018/11/17-08:54:08.570132 7f6175d1f0                Options.disable_auto_compactions: 0
2018/11/17-08:54:08.570137 7f6175d1f0                        Options.compaction_style: kCompactionStyleLevel
2018/11/17-08:54:08.570142 7f6175d1f0                          Options.compaction_pri: kByCompensatedSize
2018/11/17-08:54:08.570145 7f6175d1f0 Options.compaction_options_universal.size_ratio: 1
2018/11/17-08:54:08.570148 7f6175d1f0 Options.compaction_options_universal.min_merge_width: 2
2018/11/17-08:54:08.570151 7f6175d1f0 Options.compaction_options_universal.max_merge_width: 4294967295
2018/11/17-08:54:08.570154 7f6175d1f0 Options.compaction_options_universal.max_size_amplification_percent: 200
2018/11/17-08:54:08.570157 7f6175d1f0 Options.compaction_options_universal.compression_size_percent: -1
2018/11/17-08:54:08.570161 7f6175d1f0 Options.compaction_options_universal.stop_style: kCompactionStopStyleTotalSize
2018/11/17-08:54:08.570164 7f6175d1f0 Options.compaction_options_fifo.max_table_files_size: 1073741824
2018/11/17-08:54:08.570167 7f6175d1f0 Options.compaction_options_fifo.allow_compaction: 0
2018/11/17-08:54:08.570171 7f6175d1f0 Options.compaction_options_fifo.ttl: 0
2018/11/17-08:54:08.570174 7f6175d1f0                   Options.table_properties_collectors: 
2018/11/17-08:54:08.570176 7f6175d1f0                   Options.inplace_update_support: 0
2018/11/17-08:54:08.570179 7f6175d1f0                 Options.inplace_update_num_locks: 10000
2018/11/17-08:54:08.570182 7f6175d1f0               Options.memtable_prefix_bloom_size_ratio: 0.000000
2018/11/17-08:54:08.570186 7f6175d1f0   Options.memtable_huge_page_size: 0
2018/11/17-08:54:08.570189 7f6175d1f0                           Options.bloom_locality: 0
2018/11/17-08:54:08.570192 7f6175d1f0                    Options.max_successive_merges: 0
2018/11/17-08:54:08.570195 7f6175d1f0                Options.optimize_filters_for_hits: 0
2018/11/17-08:54:08.570198 7f6175d1f0                Options.paranoid_file_checks: 0
2018/11/17-08:54:08.570201 7f6175d1f0                Options.force_consistency_checks: 0
2018/11/17-08:54:08.570204 7f6175d1f0                Options.report_bg_io_stats: 0
2018/11/17-08:54:08.570207 7f6175d1f0                               Options.ttl: 0
2018/11/17-08:54:08.570921 7f6175d1f0 [db/column_family.cc:475] --------------- Options for column family [usertable]:
2018/11/17-08:54:08.570933 7f6175d1f0               Options.comparator: leveldb.BytewiseComparator
2018/11/17-08:54:08.570936 7f6175d1f0           Options.merge_operator: None
2018/11/17-08:54:08.570939 7f6175d1f0        Options.compaction_filter: None
2018/11/17-08:54:08.570942 7f6175d1f0        Options.compaction_filter_factory: None
2018/11/17-08:54:08.570945 7f6175d1f0         Options.memtable_factory: SkipListFactory
2018/11/17-08:54:08.570948 7f6175d1f0            Options.table_factory: BlockBasedTable
2018/11/17-08:54:08.570994 7f6175d1f0            table_factory options:   flush_block_policy_factory: FlushBlockBySizePolicyFactory (0x7f18374650)
  cache_index_and_filter_blocks: 0
  cache_index_and_filter_blocks_with_high_priority: 0
  pin_l0_filter_and_index_blocks_in_cache: 0
  index_type: 0
  hash_index_allow_collision: 1
  checksum: 1
  no_block_cache: 0
  block_cache: 0x7f18384710
  block_cache_name: LRUCache
  block_cache_options:
    capacity : 8388608
    num_shard_bits : 4
    strict_capacity_limit : 0
    high_pri_pool_ratio: 0.000
  block_cache_compressed: (nil)
  persistent_cache: (nil)
  block_size: 8192
  block_size_deviation: 10
  block_restart_interval: 16
  index_block_restart_interval: 1
  metadata_block_size: 4096
  partition_filters: 0
  use_delta_encoding: 1
  filter_policy: nullptr
  whole_key_filtering: 1
  verify_compression: 0
  read_amp_bytes_per_bit: 0
  format_version: 2
  enable_index_compression: 1
  block_align: 0
2018/11/17-08:54:08.571015 7f6175d1f0        Options.write_buffer_size: 134217728
2018/11/17-08:54:08.571044 7f6175d1f0  Options.max_write_buffer_number: 24
2018/11/17-08:54:08.571049 7f6175d1f0        Options.compression[0]: NoCompression
2018/11/17-08:54:08.571052 7f6175d1f0        Options.compression[1]: NoCompression
2018/11/17-08:54:08.571056 7f6175d1f0        Options.compression[2]: LZ4
2018/11/17-08:54:08.571059 7f6175d1f0        Options.compression[3]: LZ4
2018/11/17-08:54:08.571062 7f6175d1f0        Options.compression[4]: LZ4
2018/11/17-08:54:08.571065 7f6175d1f0        Options.compression[5]: LZ4
2018/11/17-08:54:08.571068 7f6175d1f0        Options.compression[6]: LZ4
2018/11/17-08:54:08.571070 7f6175d1f0                  Options.bottommost_compression: Disabled
2018/11/17-08:54:08.571073 7f6175d1f0       Options.prefix_extractor: nullptr
2018/11/17-08:54:08.571076 7f6175d1f0   Options.memtable_insert_with_hint_prefix_extractor: nullptr
2018/11/17-08:54:08.571079 7f6175d1f0             Options.num_levels: 7
2018/11/17-08:54:08.571082 7f6175d1f0        Options.min_write_buffer_number_to_merge: 2
2018/11/17-08:54:08.571085 7f6175d1f0     Options.max_write_buffer_number_to_maintain: 0
2018/11/17-08:54:08.571087 7f6175d1f0            Options.compression_opts.window_bits: -14
2018/11/17-08:54:08.571090 7f6175d1f0                  Options.compression_opts.level: -1
2018/11/17-08:54:08.571093 7f6175d1f0               Options.compression_opts.strategy: 0
2018/11/17-08:54:08.571096 7f6175d1f0         Options.compression_opts.max_dict_bytes: 0
2018/11/17-08:54:08.571099 7f6175d1f0         Options.compression_opts.zstd_max_train_bytes: 0
2018/11/17-08:54:08.571102 7f6175d1f0      Options.level0_file_num_compaction_trigger: 2
2018/11/17-08:54:08.571105 7f6175d1f0          Options.level0_slowdown_writes_trigger: 20
2018/11/17-08:54:08.571107 7f6175d1f0              Options.level0_stop_writes_trigger: 36
2018/11/17-08:54:08.571110 7f6175d1f0                   Options.target_file_size_base: 67108864
2018/11/17-08:54:08.571113 7f6175d1f0             Options.target_file_size_multiplier: 1
2018/11/17-08:54:08.571116 7f6175d1f0                Options.max_bytes_for_level_base: 536870912
2018/11/17-08:54:08.571119 7f6175d1f0 Options.level_compaction_dynamic_level_bytes: 0
2018/11/17-08:54:08.571121 7f6175d1f0          Options.max_bytes_for_level_multiplier: 10.000000
2018/11/17-08:54:08.571126 7f6175d1f0 Options.max_bytes_for_level_multiplier_addtl[0]: 1
2018/11/17-08:54:08.571129 7f6175d1f0 Options.max_bytes_for_level_multiplier_addtl[1]: 1
2018/11/17-08:54:08.571132 7f6175d1f0 Options.max_bytes_for_level_multiplier_addtl[2]: 1
2018/11/17-08:54:08.571135 7f6175d1f0 Options.max_bytes_for_level_multiplier_addtl[3]: 1
2018/11/17-08:54:08.571138 7f6175d1f0 Options.max_bytes_for_level_multiplier_addtl[4]: 1
2018/11/17-08:54:08.571141 7f6175d1f0 Options.max_bytes_for_level_multiplier_addtl[5]: 1
2018/11/17-08:54:08.571144 7f6175d1f0 Options.max_bytes_for_level_multiplier_addtl[6]: 1
2018/11/17-08:54:08.571147 7f6175d1f0       Options.max_sequential_skip_in_iterations: 8
2018/11/17-08:54:08.571149 7f6175d1f0                    Options.max_compaction_bytes: 1677721600
2018/11/17-08:54:08.571152 7f6175d1f0                        Options.arena_block_size: 16777216
2018/11/17-08:54:08.571155 7f6175d1f0   Options.soft_pending_compaction_bytes_limit: 68719476736
2018/11/17-08:54:08.571158 7f6175d1f0   Options.hard_pending_compaction_bytes_limit: 274877906944
2018/11/17-08:54:08.571161 7f6175d1f0       Options.rate_limit_delay_max_milliseconds: 100
2018/11/17-08:54:08.571164 7f6175d1f0                Options.disable_auto_compactions: 0
2018/11/17-08:54:08.571167 7f6175d1f0                        Options.compaction_style: kCompactionStyleLevel
2018/11/17-08:54:08.571171 7f6175d1f0                          Options.compaction_pri: kByCompensatedSize
2018/11/17-08:54:08.571175 7f6175d1f0 Options.compaction_options_universal.size_ratio: 1
2018/11/17-08:54:08.571177 7f6175d1f0 Options.compaction_options_universal.min_merge_width: 2
2018/11/17-08:54:08.571180 7f6175d1f0 Options.compaction_options_universal.max_merge_width: 4294967295
2018/11/17-08:54:08.571196 7f6175d1f0 Options.compaction_options_universal.max_size_amplification_percent: 200
2018/11/17-08:54:08.571202 7f6175d1f0 Options.compaction_options_universal.compression_size_percent: -1
2018/11/17-08:54:08.571205 7f6175d1f0 Options.compaction_options_universal.stop_style: kCompactionStopStyleTotalSize
2018/11/17-08:54:08.571209 7f6175d1f0 Options.compaction_options_fifo.max_table_files_size: 1073741824
2018/11/17-08:54:08.571212 7f6175d1f0 Options.compaction_options_fifo.allow_compaction: 0
2018/11/17-08:54:08.571215 7f6175d1f0 Options.compaction_options_fifo.ttl: 0
2018/11/17-08:54:08.571217 7f6175d1f0                   Options.table_properties_collectors: 
2018/11/17-08:54:08.571220 7f6175d1f0                   Options.inplace_update_support: 0
2018/11/17-08:54:08.571223 7f6175d1f0                 Options.inplace_update_num_locks: 10000
2018/11/17-08:54:08.571226 7f6175d1f0               Options.memtable_prefix_bloom_size_ratio: 0.000000
2018/11/17-08:54:08.571229 7f6175d1f0   Options.memtable_huge_page_size: 0
2018/11/17-08:54:08.571232 7f6175d1f0                           Options.bloom_locality: 0
2018/11/17-08:54:08.571235 7f6175d1f0                    Options.max_successive_merges: 0
2018/11/17-08:54:08.571238 7f6175d1f0                Options.optimize_filters_for_hits: 0
2018/11/17-08:54:08.571241 7f6175d1f0                Options.paranoid_file_checks: 0
2018/11/17-08:54:08.571244 7f6175d1f0                Options.force_consistency_checks: 0
2018/11/17-08:54:08.571247 7f6175d1f0                Options.report_bg_io_stats: 0
2018/11/17-08:54:08.571249 7f6175d1f0                               Options.ttl: 0
2018/11/17-08:54:09.027282 7f6175d1f0 [db/version_set.cc:3361] Recovered from manifest file:/mnt/sda/ycsb-rocksdb-data/MANIFEST-000004 succeeded,manifest_file_number is 4, next_file_number is 1243, last_sequence is 10398337, log_number is 0,prev_log_number is 0,max_column_family is 1,min_log_number_to_keep is 0
2018/11/17-08:54:09.027313 7f6175d1f0 [db/version_set.cc:3369] Column family [default] (ID 0), log number is 0
2018/11/17-08:54:09.027317 7f6175d1f0 [db/version_set.cc:3369] Column family [usertable] (ID 1), log number is 1239
2018/11/17-08:54:09.031379 7f6175d1f0 EVENT_LOG_v1 {"time_micros": 1542444849031353, "job": 1, "event": "recovery_started", "log_files": [1239, 1241, 1244]}
2018/11/17-08:54:09.031415 7f6175d1f0 [db/db_impl_open.cc:551] Recovering log #1239 mode 2
2018/11/17-08:54:09.613345 7f6175d1f0 [db/db_impl_open.cc:551] Recovering log #1241 mode 2
2018/11/17-08:54:10.343449 7f6175d1f0 EVENT_LOG_v1 {"time_micros": 1542444850343348, "cf_name": "usertable", "job": 1, "event": "table_file_creation", "file_number": 1243, "file_size": 129902324, "table_properties": {"data_size": 129321395, "index_size": 580007, "filter_size": 0, "raw_key_size": 752760, "raw_average_key_size": 24, "raw_value_size": 128471040, "raw_average_value_size": 4096, "num_data_blocks": 15683, "num_entries": 31365, "filter_policy_name": "", "kDeletedKeys": "0", "kMergeOperands": "0"}}
2018/11/17-08:54:10.901979 7f6175d1f0 [db/db_impl_open.cc:551] Recovering log #1244 mode 2
2018/11/17-08:54:11.620906 7f6175d1f0 EVENT_LOG_v1 {"time_micros": 1542444851620854, "cf_name": "usertable", "job": 1, "event": "table_file_creation", "file_number": 1245, "file_size": 129911919, "table_properties": {"data_size": 129334401, "index_size": 576596, "filter_size": 0, "raw_key_size": 752856, "raw_average_key_size": 24, "raw_value_size": 128487424, "raw_average_value_size": 4096, "num_data_blocks": 15685, "num_entries": 31369, "filter_policy_name": "", "kDeletedKeys": "0", "kMergeOperands": "0"}}
2018/11/17-08:54:11.943742 7f6175d1f0 [db/version_set.cc:2847] Creating manifest 1246
2018/11/17-08:54:12.485402 7f6175d1f0 EVENT_LOG_v1 {"time_micros": 1542444852485353, "cf_name": "usertable", "job": 1, "event": "table_file_creation", "file_number": 1247, "file_size": 88904481, "table_properties": {"data_size": 88506702, "index_size": 396857, "filter_size": 0, "raw_key_size": 515184, "raw_average_key_size": 24, "raw_value_size": 87924736, "raw_average_value_size": 4096, "num_data_blocks": 10733, "num_entries": 21466, "filter_policy_name": "", "kDeletedKeys": "0", "kMergeOperands": "0"}}
2018/11/17-08:54:12.516761 7f6175d1f0 EVENT_LOG_v1 {"time_micros": 1542444852516753, "job": 1, "event": "recovery_finished"}
2018/11/17-08:54:12.517282 7f6175d1f0 [db/column_family.cc:837] [usertable] Increasing compaction threads because we have 4 level-0 files 
2018/11/17-08:54:12.643148 7f6175d1f0 [db/db_impl_open.cc:1219] DB pointer 0x7f183f6990
2018/11/17-08:54:12.644677 7f4bfff1f0 [WARN] [db/db_impl.cc:491] ------- DUMPING STATS -------
2018/11/17-08:54:12.644874 7f4bfff1f0 [WARN] [db/db_impl.cc:492] 
** DB Stats **
Uptime(secs): 4.1 total, 4.1 interval
Cumulative writes: 0 writes, 0 keys, 0 commit groups, 0.0 writes per commit group, ingest: 0.00 GB, 0.00 MB/s
Cumulative WAL: 0 writes, 0 syncs, 0.00 writes per sync, written: 0.00 GB, 0.00 MB/s
Cumulative stall: 00:00:0.000 H:M:S, 0.0 percent
Interval writes: 0 writes, 0 keys, 0 commit groups, 0.0 writes per commit group, ingest: 0.00 MB, 0.00 MB/s
Interval WAL: 0 writes, 0 syncs, 0.00 writes per sync, written: 0.00 MB, 0.00 MB/s
Interval stall: 00:00:0.000 H:M:S, 0.0 percent

** Compaction Stats [default] **
Level    Files   Size     Score Read(GB)  Rn(GB) Rnp1(GB) Write(GB) Wnew(GB) Moved(GB) W-Amp Rd(MB/s) Wr(MB/s) Comp(sec) Comp(cnt) Avg(sec) KeyIn KeyDrop
----------------------------------------------------------------------------------------------------------------------------------------------------------
 Sum      0/0    0.00 KB   0.0      0.0     0.0      0.0       0.0      0.0       0.0   0.0      0.0      0.0         0         0    0.000       0      0
 Int      0/0    0.00 KB   0.0      0.0     0.0      0.0       0.0      0.0       0.0   0.0      0.0      0.0         0         0    0.000       0      0
Uptime(secs): 4.1 total, 4.1 interval
Flush(GB): cumulative 0.000, interval 0.000
AddFile(GB): cumulative 0.000, interval 0.000
AddFile(Total Files): cumulative 0, interval 0
AddFile(L0 Files): cumulative 0, interval 0
AddFile(Keys): cumulative 0, interval 0
Cumulative compaction: 0.00 GB write, 0.00 MB/s write, 0.00 GB read, 0.00 MB/s read, 0.0 seconds
Interval compaction: 0.00 GB write, 0.00 MB/s write, 0.00 GB read, 0.00 MB/s read, 0.0 seconds
Stalls(count): 0 level0_slowdown, 0 level0_slowdown_with_compaction, 0 level0_numfiles, 0 level0_numfiles_with_compaction, 0 stop for pending_compaction_bytes, 0 slowdown for pending_compaction_bytes, 0 memtable_compaction, 0 memtable_slowdown, interval 0 total count

** File Read Latency Histogram By Level [default] **

** Compaction Stats [usertable] **
Level    Files   Size     Score Read(GB)  Rn(GB) Rnp1(GB) Write(GB) Wnew(GB) Moved(GB) W-Amp Rd(MB/s) Wr(MB/s) Comp(sec) Comp(cnt) Avg(sec) KeyIn KeyDrop
----------------------------------------------------------------------------------------------------------------------------------------------------------
  L0      4/0   569.98 MB   2.0      0.0     0.0      0.0       0.3      0.3       0.0   1.0      0.0    179.2         2         3    0.619       0      0
  L1     12/0   745.15 MB   1.5      0.0     0.0      0.0       0.0      0.0       0.0   0.0      0.0      0.0         0         0    0.000       0      0
  L2    110/0    4.99 GB   1.0      0.0     0.0      0.0       0.0      0.0       0.0   0.0      0.0      0.0         0         0    0.000       0      0
  L3    547/0   33.91 GB   0.7      0.0     0.0      0.0       0.0      0.0       0.0   0.0      0.0      0.0         0         0    0.000       0      0
 Sum    673/0   40.18 GB   0.0      0.0     0.0      0.0       0.3      0.3       0.0   1.0      0.0    179.2         2         3    0.619       0      0
 Int      0/0    0.00 KB   0.0      0.0     0.0      0.0       0.3      0.3       0.0   1.0      0.0    179.2         2         3    0.619       0      0
Uptime(secs): 4.1 total, 4.1 interval
Flush(GB): cumulative 0.325, interval 0.325
AddFile(GB): cumulative 0.000, interval 0.000
AddFile(Total Files): cumulative 0, interval 0
AddFile(L0 Files): cumulative 0, interval 0
AddFile(Keys): cumulative 0, interval 0
Cumulative compaction: 0.32 GB write, 81.64 MB/s write, 0.00 GB read, 0.00 MB/s read, 1.9 seconds
Interval compaction: 0.32 GB write, 81.64 MB/s write, 0.00 GB read, 0.00 MB/s read, 1.9 seconds
Stalls(count): 0 level0_slowdown, 0 level0_slowdown_with_compaction, 0 level0_numfiles, 0 level0_numfiles_with_compaction, 0 stop for pending_compaction_bytes, 0 slowdown for pending_compaction_bytes, 0 memtable_compaction, 0 memtable_slowdown, interval 0 total count

** File Read Latency Histogram By Level [usertable] **

** Compaction Stats [default] **
Level    Files   Size     Score Read(GB)  Rn(GB) Rnp1(GB) Write(GB) Wnew(GB) Moved(GB) W-Amp Rd(MB/s) Wr(MB/s) Comp(sec) Comp(cnt) Avg(sec) KeyIn KeyDrop
----------------------------------------------------------------------------------------------------------------------------------------------------------
 Sum      0/0    0.00 KB   0.0      0.0     0.0      0.0       0.0      0.0       0.0   0.0      0.0      0.0         0         0    0.000       0      0
 Int      0/0    0.00 KB   0.0      0.0     0.0      0.0       0.0      0.0       0.0   0.0      0.0      0.0         0         0    0.000       0      0
Uptime(secs): 4.1 total, 0.0 interval
Flush(GB): cumulative 0.000, interval 0.000
AddFile(GB): cumulative 0.000, interval 0.000
AddFile(Total Files): cumulative 0, interval 0
AddFile(L0 Files): cumulative 0, interval 0
AddFile(Keys): cumulative 0, interval 0
Cumulative compaction: 0.00 GB write, 0.00 MB/s write, 0.00 GB read, 0.00 MB/s read, 0.0 seconds
Interval compaction: 0.00 GB write, 0.00 MB/s write, 0.00 GB read, 0.00 MB/s read, 0.0 seconds
Stalls(count): 0 level0_slowdown, 0 level0_slowdown_with_compaction, 0 level0_numfiles, 0 level0_numfiles_with_compaction, 0 stop for pending_compaction_bytes, 0 slowdown for pending_compaction_bytes, 0 memtable_compaction, 0 memtable_slowdown, interval 0 total count

** File Read Latency Histogram By Level [default] **

** Compaction Stats [usertable] **
Level    Files   Size     Score Read(GB)  Rn(GB) Rnp1(GB) Write(GB) Wnew(GB) Moved(GB) W-Amp Rd(MB/s) Wr(MB/s) Comp(sec) Comp(cnt) Avg(sec) KeyIn KeyDrop
----------------------------------------------------------------------------------------------------------------------------------------------------------
  L0      4/0   569.98 MB   2.0      0.0     0.0      0.0       0.3      0.3       0.0   1.0      0.0    179.2         2         3    0.619       0      0
  L1     12/0   745.15 MB   1.5      0.0     0.0      0.0       0.0      0.0       0.0   0.0      0.0      0.0         0         0    0.000       0      0
  L2    110/0    4.99 GB   1.0      0.0     0.0      0.0       0.0      0.0       0.0   0.0      0.0      0.0         0         0    0.000       0      0
  L3    547/0   33.91 GB   0.7      0.0     0.0      0.0       0.0      0.0       0.0   0.0      0.0      0.0         0         0    0.000       0      0
 Sum    673/0   40.18 GB   0.0      0.0     0.0      0.0       0.3      0.3       0.0   1.0      0.0    179.2         2         3    0.619       0      0
 Int      0/0    0.00 KB   0.0      0.0     0.0      0.0       0.0      0.0       0.0   0.0      0.0      0.0         0         0    0.000       0      0
Uptime(secs): 4.1 total, 0.0 interval
Flush(GB): cumulative 0.325, interval 0.000
AddFile(GB): cumulative 0.000, interval 0.000
AddFile(Total Files): cumulative 0, interval 0
AddFile(L0 Files): cumulative 0, interval 0
AddFile(Keys): cumulative 0, interval 0
Cumulative compaction: 0.32 GB write, 81.64 MB/s write, 0.00 GB read, 0.00 MB/s read, 1.9 seconds
Interval compaction: 0.00 GB write, 0.00 MB/s write, 0.00 GB read, 0.00 MB/s read, 0.0 seconds
Stalls(count): 0 level0_slowdown, 0 level0_slowdown_with_compaction, 0 level0_numfiles, 0 level0_numfiles_with_compaction, 0 stop for pending_compaction_bytes, 0 slowdown for pending_compaction_bytes, 0 memtable_compaction, 0 memtable_slowdown, interval 0 total count

** File Read Latency Histogram By Level [usertable] **
2018/11/17-08:54:12.646646 7f4b7fe1f0 (Original Log Time 2018/11/17-08:54:12.646279) [db/db_impl_compaction_flush.cc:1781] Compaction nothing to do
2018/11/17-08:54:12.682761 7f4bfff1f0 (Original Log Time 2018/11/17-08:54:12.645800) [db/db_impl_compaction_flush.cc:1835] [usertable] Moving #1119 to level-1 248944624 bytes
2018/11/17-08:54:12.682784 7f4bfff1f0 (Original Log Time 2018/11/17-08:54:12.682307) EVENT_LOG_v1 {"time_micros": 1542444852682278, "job": 3, "event": "trivial_move", "destination_level": 1, "files": 1, "total_files_size": 248944624}
2018/11/17-08:54:12.682796 7f4bfff1f0 (Original Log Time 2018/11/17-08:54:12.682362) [db/db_impl_compaction_flush.cc:1864] [usertable] Moved #1 files to level-1 248944624 bytes OK: base level 1 max bytes base 536870912 files[3 13 110 547 0 0 0] max score 1.92
2018/11/17-08:54:12.684140 7f49ffb1f0 [db/compaction_job.cc:1531] [usertable] [JOB 5] Compacting 1@1 files to L2, score 1.92
2018/11/17-08:54:12.684209 7f49ffb1f0 [db/compaction_job.cc:1535] [usertable] Compaction start summary: Base version 6 Base level 1, inputs: [1240(243MB)]
2018/11/17-08:54:12.684322 7f49ffb1f0 EVENT_LOG_v1 {"time_micros": 1542444852684261, "job": 5, "event": "compaction_started", "compaction_reason": "LevelMaxLevelSize", "files_L1": [1240], "score": 1.91907, "input_data_size": 255836266}
2018/11/17-08:54:13.797093 7f49ffb1f0 [db/compaction_job.cc:1211] [usertable] [JOB 5] Generated table #1251: 16279 keys, 67233585 bytes
2018/11/17-08:54:13.797178 7f49ffb1f0 EVENT_LOG_v1 {"time_micros": 1542444853797151, "cf_name": "usertable", "job": 5, "event": "table_file_creation", "file_number": 1251, "file_size": 67233585, "table_properties": {"data_size": 67120142, "index_size": 300916, "filter_size": 0, "raw_key_size": 390696, "raw_average_key_size": 24, "raw_value_size": 66678784, "raw_average_value_size": 4096, "num_data_blocks": 8140, "num_entries": 16279, "filter_policy_name": "", "kDeletedKeys": "0", "kMergeOperands": "0"}}
2018/11/17-08:54:14.914075 7f49ffb1f0 [db/compaction_job.cc:1211] [usertable] [JOB 5] Generated table #1252: 16279 keys, 67233359 bytes
2018/11/17-08:54:14.914281 7f49ffb1f0 EVENT_LOG_v1 {"time_micros": 1542444854914207, "cf_name": "usertable", "job": 5, "event": "table_file_creation", "file_number": 1252, "file_size": 67233359, "table_properties": {"data_size": 67118331, "index_size": 299107, "filter_size": 0, "raw_key_size": 390696, "raw_average_key_size": 24, "raw_value_size": 66678784, "raw_average_value_size": 4096, "num_data_blocks": 8140, "num_entries": 16279, "filter_policy_name": "", "kDeletedKeys": "0", "kMergeOperands": "0"}}
2018/11/17-08:54:16.280703 7f49ffb1f0 [db/compaction_job.cc:1211] [usertable] [JOB 5] Generated table #1253: 16279 keys, 67233544 bytes
2018/11/17-08:54:16.280872 7f49ffb1f0 EVENT_LOG_v1 {"time_micros": 1542444856280812, "cf_name": "usertable", "job": 5, "event": "table_file_creation", "file_number": 1253, "file_size": 67233544, "table_properties": {"data_size": 67120139, "index_size": 300916, "filter_size": 0, "raw_key_size": 390696, "raw_average_key_size": 24, "raw_value_size": 66678784, "raw_average_value_size": 4096, "num_data_blocks": 8140, "num_entries": 16279, "filter_policy_name": "", "kDeletedKeys": "0", "kMergeOperands": "0"}}
2018/11/17-08:54:17.541314 7f49ffb1f0 [db/compaction_job.cc:1211] [usertable] [JOB 5] Generated table #1254: 12935 keys, 53422587 bytes
2018/11/17-08:54:17.541473 7f49ffb1f0 EVENT_LOG_v1 {"time_micros": 1542444857541415, "cf_name": "usertable", "job": 5, "event": "table_file_creation", "file_number": 1254, "file_size": 53422587, "table_properties": {"data_size": 53331019, "index_size": 237615, "filter_size": 0, "raw_key_size": 310440, "raw_average_key_size": 24, "raw_value_size": 52981760, "raw_average_value_size": 4096, "num_data_blocks": 6468, "num_entries": 12935, "filter_policy_name": "", "kDeletedKeys": "0", "kMergeOperands": "0"}}
2018/11/17-08:54:17.541703 7f49ffb1f0 [db/compaction_job.cc:1287] [usertable] [JOB 5] Compacted 1@1 files to L2 => 255123075 bytes
2018/11/17-08:54:17.577085 7f49ffb1f0 (Original Log Time 2018/11/17-08:54:17.576540) [db/compaction_job.cc:685] [usertable] compacted to: base level 1 max bytes base 536870912 files[3 12 114 547 0 0 0] max score 1.50, MB/sec: 52.7 rd, 52.5 wr, level 2, files in(1, 0) out(4) MB in(244.0, 0.0) out(243.3), read-write-amplify(2.0) write-amplify(1.0) OK, records in: 61772, records dropped: 0 output_compression: LZ4
2018/11/17-08:54:17.577122 7f49ffb1f0 (Original Log Time 2018/11/17-08:54:17.576659) EVENT_LOG_v1 {"time_micros": 1542444857576607, "job": 5, "event": "compaction_finished", "compaction_time_micros": 4857202, "output_level": 2, "num_output_files": 4, "total_output_size": 255123075, "num_input_records": 61772, "num_output_records": 61772, "num_subcompactions": 1, "output_compression": "LZ4", "num_single_delete_mismatches": 0, "num_single_delete_fallthrough": 0, "lsm_state": [3, 12, 114, 547, 0, 0, 0]}
2018/11/17-08:54:17.611688 7f49ffb1f0 (Original Log Time 2018/11/17-08:54:17.577544) [db/db_impl_compaction_flush.cc:1835] [usertable] Moving #1245 to level-1 129911919 bytes
2018/11/17-08:54:17.611707 7f49ffb1f0 (Original Log Time 2018/11/17-08:54:17.611409) EVENT_LOG_v1 {"time_micros": 1542444857611386, "job": 6, "event": "trivial_move", "destination_level": 1, "files": 1, "total_files_size": 129911919}
2018/11/17-08:54:17.611717 7f49ffb1f0 (Original Log Time 2018/11/17-08:54:17.611457) [db/db_impl_compaction_flush.cc:1864] [usertable] Moved #1 files to level-1 129911919 bytes OK: base level 1 max bytes base 536870912 files[2 13 114 547 0 0 0] max score 1.68
2018/11/17-08:54:17.703593 7f49ffb1f0 EVENT_LOG_v1 {"time_micros": 1542444857703578, "job": 6, "event": "table_file_deletion", "file_number": 1240}
2018/11/17-08:54:17.704090 7f4a7fc1f0 [db/compaction_job.cc:1531] [usertable] [JOB 7] Compacting 1@1 files to L2, score 1.68
2018/11/17-08:54:17.704126 7f4a7fc1f0 [db/compaction_job.cc:1535] [usertable] Compaction start summary: Base version 8 Base level 1, inputs: [1119(237MB)]
2018/11/17-08:54:17.704179 7f4a7fc1f0 EVENT_LOG_v1 {"time_micros": 1542444857704155, "job": 7, "event": "compaction_started", "compaction_reason": "LevelMaxLevelSize", "files_L1": [1119], "score": 1.68452, "input_data_size": 248944624}
2018/11/17-08:54:19.298182 7f4a7fc1f0 [db/compaction_job.cc:1211] [usertable] [JOB 7] Generated table #1255: 16279 keys, 67233535 bytes
2018/11/17-08:54:19.298264 7f4a7fc1f0 EVENT_LOG_v1 {"time_micros": 1542444859298236, "cf_name": "usertable", "job": 7, "event": "table_file_creation", "file_number": 1255, "file_size": 67233535, "table_properties": {"data_size": 67120140, "index_size": 300916, "filter_size": 0, "raw_key_size": 390696, "raw_average_key_size": 24, "raw_value_size": 66678784, "raw_average_value_size": 4096, "num_data_blocks": 8140, "num_entries": 16279, "filter_policy_name": "", "kDeletedKeys": "0", "kMergeOperands": "0"}}
2018/11/17-08:54:20.402642 7f4a7fc1f0 [db/compaction_job.cc:1211] [usertable] [JOB 7] Generated table #1256: 16279 keys, 67233348 bytes
