2018/12/15-13:55:03.940705 7fb73e1f7700 RocksDB version: 5.14.3
2018/12/15-13:55:03.940780 7fb73e1f7700 Git sha rocksdb_build_git_sha:
2018/12/15-13:55:03.940783 7fb73e1f7700 Compile date Dec 14 2018
2018/12/15-13:55:03.940788 7fb73e1f7700 DB SUMMARY
2018/12/15-13:55:03.941457 7fb73e1f7700 CURRENT file:  CURRENT
2018/12/15-13:55:03.941464 7fb73e1f7700 IDENTITY file:  IDENTITY
2018/12/15-13:55:03.941476 7fb73e1f7700 MANIFEST file:  MANIFEST-000004 size: 128257 Bytes
2018/12/15-13:55:03.941479 7fb73e1f7700 SST files in /mnt/nvme0n1/ycsb-rocksdb-data dir, Total Num: 657, files: 000021.sst 000022.sst 000023.sst 000024.sst 000028.sst 000029.sst 000030.sst 000031.sst 000035.sst 
2018/12/15-13:55:03.941481 7fb73e1f7700 Write Ahead Log file in /mnt/nvme0n1/ycsb-rocksdb-data: 001285.log size: 100520922 ; 001290.log size: 88904374 ; 
2018/12/15-13:55:03.941490 7fb73e1f7700                         Options.error_if_exists: 0
2018/12/15-13:55:03.941492 7fb73e1f7700                       Options.create_if_missing: 1
2018/12/15-13:55:03.941493 7fb73e1f7700                         Options.paranoid_checks: 1
2018/12/15-13:55:03.941493 7fb73e1f7700                                     Options.env: 0x7fb73cdc42c0
2018/12/15-13:55:03.941495 7fb73e1f7700                                Options.info_log: 0x7fb6783d8690
2018/12/15-13:55:03.941496 7fb73e1f7700                Options.max_file_opening_threads: 16
2018/12/15-13:55:03.941497 7fb73e1f7700                              Options.statistics: (nil)
2018/12/15-13:55:03.941498 7fb73e1f7700                               Options.use_fsync: 0
2018/12/15-13:55:03.941499 7fb73e1f7700                       Options.max_log_file_size: 0
2018/12/15-13:55:03.941500 7fb73e1f7700                  Options.max_manifest_file_size: 18446744073709551615
2018/12/15-13:55:03.941501 7fb73e1f7700                   Options.log_file_time_to_roll: 0
2018/12/15-13:55:03.941502 7fb73e1f7700                       Options.keep_log_file_num: 1000
2018/12/15-13:55:03.941503 7fb73e1f7700                    Options.recycle_log_file_num: 0
2018/12/15-13:55:03.941504 7fb73e1f7700                         Options.allow_fallocate: 1
2018/12/15-13:55:03.941505 7fb73e1f7700                        Options.allow_mmap_reads: 0
2018/12/15-13:55:03.941506 7fb73e1f7700                       Options.allow_mmap_writes: 0
2018/12/15-13:55:03.941506 7fb73e1f7700                        Options.use_direct_reads: 0
2018/12/15-13:55:03.941507 7fb73e1f7700                        Options.use_direct_io_for_flush_and_compaction: 0
2018/12/15-13:55:03.941508 7fb73e1f7700          Options.create_missing_column_families: 1
2018/12/15-13:55:03.941509 7fb73e1f7700                              Options.db_log_dir: 
2018/12/15-13:55:03.941510 7fb73e1f7700                                 Options.wal_dir: /mnt/nvme0n1/ycsb-rocksdb-data
2018/12/15-13:55:03.941511 7fb73e1f7700                Options.table_cache_numshardbits: 6
2018/12/15-13:55:03.941512 7fb73e1f7700                      Options.max_subcompactions: 4
2018/12/15-13:55:03.941513 7fb73e1f7700                  Options.max_background_flushes: 24
2018/12/15-13:55:03.941514 7fb73e1f7700                         Options.WAL_ttl_seconds: 0
2018/12/15-13:55:03.941515 7fb73e1f7700                       Options.WAL_size_limit_MB: 0
2018/12/15-13:55:03.941516 7fb73e1f7700             Options.manifest_preallocation_size: 4194304
2018/12/15-13:55:03.941517 7fb73e1f7700                     Options.is_fd_close_on_exec: 1
2018/12/15-13:55:03.941518 7fb73e1f7700                   Options.advise_random_on_open: 1
2018/12/15-13:55:03.941519 7fb73e1f7700                    Options.db_write_buffer_size: 0
2018/12/15-13:55:03.941520 7fb73e1f7700                    Options.write_buffer_manager: 0x7fb6783d2ee0
2018/12/15-13:55:03.941521 7fb73e1f7700         Options.access_hint_on_compaction_start: 1
2018/12/15-13:55:03.941522 7fb73e1f7700  Options.new_table_reader_for_compaction_inputs: 0
2018/12/15-13:55:03.941522 7fb73e1f7700           Options.random_access_max_buffer_size: 1048576
2018/12/15-13:55:03.941523 7fb73e1f7700                      Options.use_adaptive_mutex: 0
2018/12/15-13:55:03.941524 7fb73e1f7700                            Options.rate_limiter: (nil)
2018/12/15-13:55:03.941558 7fb73e1f7700     Options.sst_file_manager.rate_bytes_per_sec: 0
2018/12/15-13:55:03.941560 7fb73e1f7700                       Options.wal_recovery_mode: 2
2018/12/15-13:55:03.941561 7fb73e1f7700                  Options.enable_thread_tracking: 0
2018/12/15-13:55:03.941562 7fb73e1f7700                  Options.enable_pipelined_write: 1
2018/12/15-13:55:03.941563 7fb73e1f7700         Options.allow_concurrent_memtable_write: 1
2018/12/15-13:55:03.941563 7fb73e1f7700      Options.enable_write_thread_adaptive_yield: 1
2018/12/15-13:55:03.941564 7fb73e1f7700             Options.write_thread_max_yield_usec: 100
2018/12/15-13:55:03.941565 7fb73e1f7700            Options.write_thread_slow_yield_usec: 3
2018/12/15-13:55:03.941566 7fb73e1f7700                               Options.row_cache: None
2018/12/15-13:55:03.941567 7fb73e1f7700                              Options.wal_filter: None
2018/12/15-13:55:03.941568 7fb73e1f7700             Options.avoid_flush_during_recovery: 0
2018/12/15-13:55:03.941569 7fb73e1f7700             Options.allow_ingest_behind: 0
2018/12/15-13:55:03.941570 7fb73e1f7700             Options.preserve_deletes: 0
2018/12/15-13:55:03.941571 7fb73e1f7700             Options.two_write_queues: 0
2018/12/15-13:55:03.941572 7fb73e1f7700             Options.manual_wal_flush: 0
2018/12/15-13:55:03.941574 7fb73e1f7700             Options.max_background_jobs: 24
2018/12/15-13:55:03.941575 7fb73e1f7700             Options.max_background_compactions: 24
2018/12/15-13:55:03.941576 7fb73e1f7700             Options.avoid_flush_during_shutdown: 0
2018/12/15-13:55:03.941577 7fb73e1f7700           Options.writable_file_max_buffer_size: 1048576
2018/12/15-13:55:03.941578 7fb73e1f7700             Options.delayed_write_rate : 16777216
2018/12/15-13:55:03.941579 7fb73e1f7700             Options.max_total_wal_size: 0
2018/12/15-13:55:03.941580 7fb73e1f7700             Options.delete_obsolete_files_period_micros: 21600000000
2018/12/15-13:55:03.941581 7fb73e1f7700                   Options.stats_dump_period_sec: 60
2018/12/15-13:55:03.941582 7fb73e1f7700                          Options.max_open_files: -1
2018/12/15-13:55:03.941583 7fb73e1f7700                          Options.bytes_per_sync: 1048576
2018/12/15-13:55:03.941584 7fb73e1f7700                      Options.wal_bytes_per_sync: 0
2018/12/15-13:55:03.941585 7fb73e1f7700       Options.compaction_readahead_size: 0
2018/12/15-13:55:03.941585 7fb73e1f7700 Compression algorithms supported:
2018/12/15-13:55:03.941587 7fb73e1f7700 	kZSTDNotFinalCompression supported: 1
2018/12/15-13:55:03.941596 7fb73e1f7700 	kZSTD supported: 1
2018/12/15-13:55:03.941597 7fb73e1f7700 	kXpressCompression supported: 0
2018/12/15-13:55:03.941599 7fb73e1f7700 	kLZ4HCCompression supported: 1
2018/12/15-13:55:03.941600 7fb73e1f7700 	kLZ4Compression supported: 1
2018/12/15-13:55:03.941601 7fb73e1f7700 	kBZip2Compression supported: 1
2018/12/15-13:55:03.941602 7fb73e1f7700 	kZlibCompression supported: 1
2018/12/15-13:55:03.941603 7fb73e1f7700 	kSnappyCompression supported: 1
2018/12/15-13:55:03.941607 7fb73e1f7700 Fast CRC32 supported: Supported on x86
2018/12/15-13:55:03.941925 7fb73e1f7700 [db/version_set.cc:3085] Recovering from manifest file: MANIFEST-000004
2018/12/15-13:55:03.941994 7fb73e1f7700 [db/column_family.cc:475] --------------- Options for column family [default]:
2018/12/15-13:55:03.941997 7fb73e1f7700               Options.comparator: leveldb.BytewiseComparator
2018/12/15-13:55:03.941999 7fb73e1f7700           Options.merge_operator: None
2018/12/15-13:55:03.942000 7fb73e1f7700        Options.compaction_filter: None
2018/12/15-13:55:03.942000 7fb73e1f7700        Options.compaction_filter_factory: None
2018/12/15-13:55:03.942001 7fb73e1f7700         Options.memtable_factory: SkipListFactory
2018/12/15-13:55:03.942003 7fb73e1f7700            Options.table_factory: BlockBasedTable
2018/12/15-13:55:03.942028 7fb73e1f7700            table_factory options:   flush_block_policy_factory: FlushBlockBySizePolicyFactory (0x7fb678388e10)
  cache_index_and_filter_blocks: 0
  cache_index_and_filter_blocks_with_high_priority: 0
  pin_l0_filter_and_index_blocks_in_cache: 0
  index_type: 0
  hash_index_allow_collision: 1
  checksum: 1
  no_block_cache: 0
  block_cache: 0x7fb6783948c0
  block_cache_name: LRUCache
  block_cache_options:
    capacity : 8388608
    num_shard_bits : 4
    strict_capacity_limit : 0
    high_pri_pool_ratio: 0.000
  block_cache_compressed: (nil)
  persistent_cache: (nil)
  block_size: 8192
  block_size_deviation: 10
  block_restart_interval: 16
  index_block_restart_interval: 1
  metadata_block_size: 4096
  partition_filters: 0
  use_delta_encoding: 1
  filter_policy: nullptr
  whole_key_filtering: 1
  verify_compression: 0
  read_amp_bytes_per_bit: 0
  format_version: 2
  enable_index_compression: 1
  block_align: 0
2018/12/15-13:55:03.942041 7fb73e1f7700        Options.write_buffer_size: 134217728
2018/12/15-13:55:03.942043 7fb73e1f7700  Options.max_write_buffer_number: 24
2018/12/15-13:55:03.942044 7fb73e1f7700        Options.compression[0]: NoCompression
2018/12/15-13:55:03.942045 7fb73e1f7700        Options.compression[1]: NoCompression
2018/12/15-13:55:03.942047 7fb73e1f7700        Options.compression[2]: LZ4
2018/12/15-13:55:03.942048 7fb73e1f7700        Options.compression[3]: LZ4
2018/12/15-13:55:03.942048 7fb73e1f7700        Options.compression[4]: LZ4
2018/12/15-13:55:03.942049 7fb73e1f7700        Options.compression[5]: LZ4
2018/12/15-13:55:03.942050 7fb73e1f7700        Options.compression[6]: LZ4
2018/12/15-13:55:03.942051 7fb73e1f7700                  Options.bottommost_compression: Disabled
2018/12/15-13:55:03.942052 7fb73e1f7700       Options.prefix_extractor: nullptr
2018/12/15-13:55:03.942053 7fb73e1f7700   Options.memtable_insert_with_hint_prefix_extractor: nullptr
2018/12/15-13:55:03.942054 7fb73e1f7700             Options.num_levels: 7
2018/12/15-13:55:03.942055 7fb73e1f7700        Options.min_write_buffer_number_to_merge: 2
2018/12/15-13:55:03.942056 7fb73e1f7700     Options.max_write_buffer_number_to_maintain: 0
2018/12/15-13:55:03.942057 7fb73e1f7700            Options.compression_opts.window_bits: -14
2018/12/15-13:55:03.942058 7fb73e1f7700                  Options.compression_opts.level: -1
2018/12/15-13:55:03.942059 7fb73e1f7700               Options.compression_opts.strategy: 0
2018/12/15-13:55:03.942060 7fb73e1f7700         Options.compression_opts.max_dict_bytes: 0
2018/12/15-13:55:03.942061 7fb73e1f7700         Options.compression_opts.zstd_max_train_bytes: 0
2018/12/15-13:55:03.942062 7fb73e1f7700      Options.level0_file_num_compaction_trigger: 2
2018/12/15-13:55:03.942062 7fb73e1f7700          Options.level0_slowdown_writes_trigger: 20
2018/12/15-13:55:03.942063 7fb73e1f7700              Options.level0_stop_writes_trigger: 36
2018/12/15-13:55:03.942064 7fb73e1f7700                   Options.target_file_size_base: 67108864
2018/12/15-13:55:03.942065 7fb73e1f7700             Options.target_file_size_multiplier: 1
2018/12/15-13:55:03.942066 7fb73e1f7700                Options.max_bytes_for_level_base: 536870912
2018/12/15-13:55:03.942067 7fb73e1f7700 Options.level_compaction_dynamic_level_bytes: 0
2018/12/15-13:55:03.942068 7fb73e1f7700          Options.max_bytes_for_level_multiplier: 10.000000
2018/12/15-13:55:03.942071 7fb73e1f7700 Options.max_bytes_for_level_multiplier_addtl[0]: 1
2018/12/15-13:55:03.942072 7fb73e1f7700 Options.max_bytes_for_level_multiplier_addtl[1]: 1
2018/12/15-13:55:03.942073 7fb73e1f7700 Options.max_bytes_for_level_multiplier_addtl[2]: 1
2018/12/15-13:55:03.942074 7fb73e1f7700 Options.max_bytes_for_level_multiplier_addtl[3]: 1
2018/12/15-13:55:03.942075 7fb73e1f7700 Options.max_bytes_for_level_multiplier_addtl[4]: 1
2018/12/15-13:55:03.942076 7fb73e1f7700 Options.max_bytes_for_level_multiplier_addtl[5]: 1
2018/12/15-13:55:03.942077 7fb73e1f7700 Options.max_bytes_for_level_multiplier_addtl[6]: 1
2018/12/15-13:55:03.942077 7fb73e1f7700       Options.max_sequential_skip_in_iterations: 8
2018/12/15-13:55:03.942078 7fb73e1f7700                    Options.max_compaction_bytes: 1677721600
2018/12/15-13:55:03.942085 7fb73e1f7700                        Options.arena_block_size: 16777216
2018/12/15-13:55:03.942086 7fb73e1f7700   Options.soft_pending_compaction_bytes_limit: 68719476736
2018/12/15-13:55:03.942087 7fb73e1f7700   Options.hard_pending_compaction_bytes_limit: 274877906944
2018/12/15-13:55:03.942088 7fb73e1f7700       Options.rate_limit_delay_max_milliseconds: 100
2018/12/15-13:55:03.942089 7fb73e1f7700                Options.disable_auto_compactions: 0
2018/12/15-13:55:03.942091 7fb73e1f7700                        Options.compaction_style: kCompactionStyleLevel
2018/12/15-13:55:03.942093 7fb73e1f7700                          Options.compaction_pri: kByCompensatedSize
2018/12/15-13:55:03.942094 7fb73e1f7700 Options.compaction_options_universal.size_ratio: 1
2018/12/15-13:55:03.942095 7fb73e1f7700 Options.compaction_options_universal.min_merge_width: 2
2018/12/15-13:55:03.942096 7fb73e1f7700 Options.compaction_options_universal.max_merge_width: 4294967295
2018/12/15-13:55:03.942097 7fb73e1f7700 Options.compaction_options_universal.max_size_amplification_percent: 200
2018/12/15-13:55:03.942098 7fb73e1f7700 Options.compaction_options_universal.compression_size_percent: -1
2018/12/15-13:55:03.942099 7fb73e1f7700 Options.compaction_options_universal.stop_style: kCompactionStopStyleTotalSize
2018/12/15-13:55:03.942100 7fb73e1f7700 Options.compaction_options_fifo.max_table_files_size: 1073741824
2018/12/15-13:55:03.942101 7fb73e1f7700 Options.compaction_options_fifo.allow_compaction: 0
2018/12/15-13:55:03.942102 7fb73e1f7700 Options.compaction_options_fifo.ttl: 0
2018/12/15-13:55:03.942103 7fb73e1f7700                   Options.table_properties_collectors: 
2018/12/15-13:55:03.942104 7fb73e1f7700                   Options.inplace_update_support: 0
2018/12/15-13:55:03.942105 7fb73e1f7700                 Options.inplace_update_num_locks: 10000
2018/12/15-13:55:03.942106 7fb73e1f7700               Options.memtable_prefix_bloom_size_ratio: 0.000000
2018/12/15-13:55:03.942108 7fb73e1f7700   Options.memtable_huge_page_size: 0
2018/12/15-13:55:03.942109 7fb73e1f7700                           Options.bloom_locality: 0
2018/12/15-13:55:03.942110 7fb73e1f7700                    Options.max_successive_merges: 0
2018/12/15-13:55:03.942110 7fb73e1f7700                Options.optimize_filters_for_hits: 0
2018/12/15-13:55:03.942111 7fb73e1f7700                Options.paranoid_file_checks: 0
2018/12/15-13:55:03.942112 7fb73e1f7700                Options.force_consistency_checks: 0
2018/12/15-13:55:03.942113 7fb73e1f7700                Options.report_bg_io_stats: 0
2018/12/15-13:55:03.942114 7fb73e1f7700                               Options.ttl: 0
2018/12/15-13:55:03.942436 7fb73e1f7700 [db/column_family.cc:475] --------------- Options for column family [usertable]:
2018/12/15-13:55:03.942439 7fb73e1f7700               Options.comparator: leveldb.BytewiseComparator
2018/12/15-13:55:03.942440 7fb73e1f7700           Options.merge_operator: None
2018/12/15-13:55:03.942441 7fb73e1f7700        Options.compaction_filter: None
2018/12/15-13:55:03.942442 7fb73e1f7700        Options.compaction_filter_factory: None
2018/12/15-13:55:03.942443 7fb73e1f7700         Options.memtable_factory: SkipListFactory
2018/12/15-13:55:03.942444 7fb73e1f7700            Options.table_factory: BlockBasedTable
2018/12/15-13:55:03.942467 7fb73e1f7700            table_factory options:   flush_block_policy_factory: FlushBlockBySizePolicyFactory (0x7fb678388be0)
  cache_index_and_filter_blocks: 0
  cache_index_and_filter_blocks_with_high_priority: 0
  pin_l0_filter_and_index_blocks_in_cache: 0
  index_type: 0
  hash_index_allow_collision: 1
  checksum: 1
  no_block_cache: 0
  block_cache: 0x7fb6783886a0
  block_cache_name: LRUCache
  block_cache_options:
    capacity : 8388608
    num_shard_bits : 4
    strict_capacity_limit : 0
    high_pri_pool_ratio: 0.000
  block_cache_compressed: (nil)
  persistent_cache: (nil)
  block_size: 8192
  block_size_deviation: 10
  block_restart_interval: 16
  index_block_restart_interval: 1
  metadata_block_size: 4096
  partition_filters: 0
  use_delta_encoding: 1
  filter_policy: nullptr
  whole_key_filtering: 1
  verify_compression: 0
  read_amp_bytes_per_bit: 0
  format_version: 2
  enable_index_compression: 1
  block_align: 0
2018/12/15-13:55:03.942479 7fb73e1f7700        Options.write_buffer_size: 134217728
2018/12/15-13:55:03.942480 7fb73e1f7700  Options.max_write_buffer_number: 24
2018/12/15-13:55:03.942481 7fb73e1f7700        Options.compression[0]: NoCompression
2018/12/15-13:55:03.942482 7fb73e1f7700        Options.compression[1]: NoCompression
2018/12/15-13:55:03.942483 7fb73e1f7700        Options.compression[2]: LZ4
2018/12/15-13:55:03.942484 7fb73e1f7700        Options.compression[3]: LZ4
2018/12/15-13:55:03.942485 7fb73e1f7700        Options.compression[4]: LZ4
2018/12/15-13:55:03.942486 7fb73e1f7700        Options.compression[5]: LZ4
2018/12/15-13:55:03.942487 7fb73e1f7700        Options.compression[6]: LZ4
2018/12/15-13:55:03.942488 7fb73e1f7700                  Options.bottommost_compression: Disabled
2018/12/15-13:55:03.942489 7fb73e1f7700       Options.prefix_extractor: nullptr
2018/12/15-13:55:03.942490 7fb73e1f7700   Options.memtable_insert_with_hint_prefix_extractor: nullptr
2018/12/15-13:55:03.942491 7fb73e1f7700             Options.num_levels: 7
2018/12/15-13:55:03.942492 7fb73e1f7700        Options.min_write_buffer_number_to_merge: 2
2018/12/15-13:55:03.942493 7fb73e1f7700     Options.max_write_buffer_number_to_maintain: 0
2018/12/15-13:55:03.942494 7fb73e1f7700            Options.compression_opts.window_bits: -14
2018/12/15-13:55:03.942494 7fb73e1f7700                  Options.compression_opts.level: -1
2018/12/15-13:55:03.942495 7fb73e1f7700               Options.compression_opts.strategy: 0
2018/12/15-13:55:03.942496 7fb73e1f7700         Options.compression_opts.max_dict_bytes: 0
2018/12/15-13:55:03.942497 7fb73e1f7700         Options.compression_opts.zstd_max_train_bytes: 0
2018/12/15-13:55:03.942498 7fb73e1f7700      Options.level0_file_num_compaction_trigger: 2
2018/12/15-13:55:03.942499 7fb73e1f7700          Options.level0_slowdown_writes_trigger: 20
2018/12/15-13:55:03.942500 7fb73e1f7700              Options.level0_stop_writes_trigger: 36
2018/12/15-13:55:03.942501 7fb73e1f7700                   Options.target_file_size_base: 67108864
2018/12/15-13:55:03.942502 7fb73e1f7700             Options.target_file_size_multiplier: 1
2018/12/15-13:55:03.942502 7fb73e1f7700                Options.max_bytes_for_level_base: 536870912
2018/12/15-13:55:03.942503 7fb73e1f7700 Options.level_compaction_dynamic_level_bytes: 0
2018/12/15-13:55:03.942504 7fb73e1f7700          Options.max_bytes_for_level_multiplier: 10.000000
2018/12/15-13:55:03.942506 7fb73e1f7700 Options.max_bytes_for_level_multiplier_addtl[0]: 1
2018/12/15-13:55:03.942507 7fb73e1f7700 Options.max_bytes_for_level_multiplier_addtl[1]: 1
2018/12/15-13:55:03.942508 7fb73e1f7700 Options.max_bytes_for_level_multiplier_addtl[2]: 1
2018/12/15-13:55:03.942509 7fb73e1f7700 Options.max_bytes_for_level_multiplier_addtl[3]: 1
2018/12/15-13:55:03.942510 7fb73e1f7700 Options.max_bytes_for_level_multiplier_addtl[4]: 1
2018/12/15-13:55:03.942511 7fb73e1f7700 Options.max_bytes_for_level_multiplier_addtl[5]: 1
2018/12/15-13:55:03.942512 7fb73e1f7700 Options.max_bytes_for_level_multiplier_addtl[6]: 1
2018/12/15-13:55:03.942513 7fb73e1f7700       Options.max_sequential_skip_in_iterations: 8
2018/12/15-13:55:03.942514 7fb73e1f7700                    Options.max_compaction_bytes: 1677721600
2018/12/15-13:55:03.942515 7fb73e1f7700                        Options.arena_block_size: 16777216
2018/12/15-13:55:03.942516 7fb73e1f7700   Options.soft_pending_compaction_bytes_limit: 68719476736
2018/12/15-13:55:03.942517 7fb73e1f7700   Options.hard_pending_compaction_bytes_limit: 274877906944
2018/12/15-13:55:03.942518 7fb73e1f7700       Options.rate_limit_delay_max_milliseconds: 100
2018/12/15-13:55:03.942519 7fb73e1f7700                Options.disable_auto_compactions: 0
2018/12/15-13:55:03.942520 7fb73e1f7700                        Options.compaction_style: kCompactionStyleLevel
2018/12/15-13:55:03.942527 7fb73e1f7700                          Options.compaction_pri: kByCompensatedSize
2018/12/15-13:55:03.942528 7fb73e1f7700 Options.compaction_options_universal.size_ratio: 1
2018/12/15-13:55:03.942529 7fb73e1f7700 Options.compaction_options_universal.min_merge_width: 2
2018/12/15-13:55:03.942530 7fb73e1f7700 Options.compaction_options_universal.max_merge_width: 4294967295
2018/12/15-13:55:03.942531 7fb73e1f7700 Options.compaction_options_universal.max_size_amplification_percent: 200
2018/12/15-13:55:03.942532 7fb73e1f7700 Options.compaction_options_universal.compression_size_percent: -1
2018/12/15-13:55:03.942533 7fb73e1f7700 Options.compaction_options_universal.stop_style: kCompactionStopStyleTotalSize
2018/12/15-13:55:03.942534 7fb73e1f7700 Options.compaction_options_fifo.max_table_files_size: 1073741824
2018/12/15-13:55:03.942535 7fb73e1f7700 Options.compaction_options_fifo.allow_compaction: 0
2018/12/15-13:55:03.942536 7fb73e1f7700 Options.compaction_options_fifo.ttl: 0
2018/12/15-13:55:03.942537 7fb73e1f7700                   Options.table_properties_collectors: 
2018/12/15-13:55:03.942538 7fb73e1f7700                   Options.inplace_update_support: 0
2018/12/15-13:55:03.942539 7fb73e1f7700                 Options.inplace_update_num_locks: 10000
2018/12/15-13:55:03.942540 7fb73e1f7700               Options.memtable_prefix_bloom_size_ratio: 0.000000
2018/12/15-13:55:03.942541 7fb73e1f7700   Options.memtable_huge_page_size: 0
2018/12/15-13:55:03.942542 7fb73e1f7700                           Options.bloom_locality: 0
2018/12/15-13:55:03.942543 7fb73e1f7700                    Options.max_successive_merges: 0
2018/12/15-13:55:03.942544 7fb73e1f7700                Options.optimize_filters_for_hits: 0
2018/12/15-13:55:03.942545 7fb73e1f7700                Options.paranoid_file_checks: 0
2018/12/15-13:55:03.942546 7fb73e1f7700                Options.force_consistency_checks: 0
2018/12/15-13:55:03.942546 7fb73e1f7700                Options.report_bg_io_stats: 0
2018/12/15-13:55:03.942547 7fb73e1f7700                               Options.ttl: 0
2018/12/15-13:55:04.178533 7fb73e1f7700 [db/version_set.cc:3361] Recovered from manifest file:/mnt/nvme0n1/ycsb-rocksdb-data/MANIFEST-000004 succeeded,manifest_file_number is 4, next_file_number is 1291, last_sequence is 10403791, log_number is 0,prev_log_number is 0,max_column_family is 1,min_log_number_to_keep is 0
2018/12/15-13:55:04.178544 7fb73e1f7700 [db/version_set.cc:3369] Column family [default] (ID 0), log number is 0
2018/12/15-13:55:04.178545 7fb73e1f7700 [db/version_set.cc:3369] Column family [usertable] (ID 1), log number is 1285
2018/12/15-13:55:04.180637 7fb73e1f7700 EVENT_LOG_v1 {"time_micros": 1544910904180622, "job": 1, "event": "recovery_started", "log_files": [1285, 1290]}
2018/12/15-13:55:04.180645 7fb73e1f7700 [db/db_impl_open.cc:551] Recovering log #1285 mode 2
2018/12/15-13:55:04.361268 7fb73e1f7700 [db/db_impl_open.cc:551] Recovering log #1290 mode 2
2018/12/15-13:55:04.717571 7fb73e1f7700 EVENT_LOG_v1 {"time_micros": 1544910904717526, "cf_name": "usertable", "job": 1, "event": "table_file_creation", "file_number": 1291, "file_size": 129902325, "table_properties": {"data_size": 129321396, "index_size": 580007, "filter_size": 0, "raw_key_size": 752760, "raw_average_key_size": 24, "raw_value_size": 128471040, "raw_average_value_size": 4096, "num_data_blocks": 15683, "num_entries": 31365, "filter_policy_name": "", "kDeletedKeys": "0", "kMergeOperands": "0"}}
2018/12/15-13:55:04.840785 7fb73e1f7700 [db/version_set.cc:2847] Creating manifest 1292
2018/12/15-13:55:04.988673 7fb73e1f7700 EVENT_LOG_v1 {"time_micros": 1544910904988652, "cf_name": "usertable", "job": 1, "event": "table_file_creation", "file_number": 1293, "file_size": 59781640, "table_properties": {"data_size": 59515519, "index_size": 265200, "filter_size": 0, "raw_key_size": 346440, "raw_average_key_size": 24, "raw_value_size": 59125760, "raw_average_value_size": 4096, "num_data_blocks": 7218, "num_entries": 14435, "filter_policy_name": "", "kDeletedKeys": "0", "kMergeOperands": "0"}}
2018/12/15-13:55:04.989242 7fb73e1f7700 EVENT_LOG_v1 {"time_micros": 1544910904989240, "job": 1, "event": "recovery_finished"}
2018/12/15-13:55:05.007480 7fb73e1f7700 [db/db_impl_open.cc:1219] DB pointer 0x7fb6783d7720
2018/12/15-13:55:05.007760 7fb7177fe700 [WARN] [db/db_impl.cc:491] ------- DUMPING STATS -------
2018/12/15-13:55:05.007804 7fb7177fe700 [WARN] [db/db_impl.cc:492] 
** DB Stats **
Uptime(secs): 1.1 total, 1.1 interval
Cumulative writes: 0 writes, 0 keys, 0 commit groups, 0.0 writes per commit group, ingest: 0.00 GB, 0.00 MB/s
Cumulative WAL: 0 writes, 0 syncs, 0.00 writes per sync, written: 0.00 GB, 0.00 MB/s
Cumulative stall: 00:00:0.000 H:M:S, 0.0 percent
Interval writes: 0 writes, 0 keys, 0 commit groups, 0.0 writes per commit group, ingest: 0.00 MB, 0.00 MB/s
Interval WAL: 0 writes, 0 syncs, 0.00 writes per sync, written: 0.00 MB, 0.00 MB/s
Interval stall: 00:00:0.000 H:M:S, 0.0 percent

** Compaction Stats [default] **
Level    Files   Size     Score Read(GB)  Rn(GB) Rnp1(GB) Write(GB) Wnew(GB) Moved(GB) W-Amp Rd(MB/s) Wr(MB/s) Comp(sec) Comp(cnt) Avg(sec) KeyIn KeyDrop
----------------------------------------------------------------------------------------------------------------------------------------------------------
 Sum      0/0    0.00 KB   0.0      0.0     0.0      0.0       0.0      0.0       0.0   0.0      0.0      0.0         0         0    0.000       0      0
 Int      0/0    0.00 KB   0.0      0.0     0.0      0.0       0.0      0.0       0.0   0.0      0.0      0.0         0         0    0.000       0      0
Uptime(secs): 1.1 total, 1.1 interval
Flush(GB): cumulative 0.000, interval 0.000
AddFile(GB): cumulative 0.000, interval 0.000
AddFile(Total Files): cumulative 0, interval 0
AddFile(L0 Files): cumulative 0, interval 0
AddFile(Keys): cumulative 0, interval 0
Cumulative compaction: 0.00 GB write, 0.00 MB/s write, 0.00 GB read, 0.00 MB/s read, 0.0 seconds
Interval compaction: 0.00 GB write, 0.00 MB/s write, 0.00 GB read, 0.00 MB/s read, 0.0 seconds
Stalls(count): 0 level0_slowdown, 0 level0_slowdown_with_compaction, 0 level0_numfiles, 0 level0_numfiles_with_compaction, 0 stop for pending_compaction_bytes, 0 slowdown for pending_compaction_bytes, 0 memtable_compaction, 0 memtable_slowdown, interval 0 total count

** File Read Latency Histogram By Level [default] **

** Compaction Stats [usertable] **
Level    Files   Size     Score Read(GB)  Rn(GB) Rnp1(GB) Write(GB) Wnew(GB) Moved(GB) W-Amp Rd(MB/s) Wr(MB/s) Comp(sec) Comp(cnt) Avg(sec) KeyIn KeyDrop
----------------------------------------------------------------------------------------------------------------------------------------------------------
  L0      3/0   372.88 MB   1.5      0.0     0.0      0.0       0.2      0.2       0.0   1.0      0.0    403.9         0         2    0.224       0      0
  L1      2/0   383.98 MB   0.7      0.0     0.0      0.0       0.0      0.0       0.0   0.0      0.0      0.0         0         0    0.000       0      0
  L2    102/0    4.97 GB   1.0      0.0     0.0      0.0       0.0      0.0       0.0   0.0      0.0      0.0         0         0    0.000       0      0
  L3    552/0   34.47 GB   0.7      0.0     0.0      0.0       0.0      0.0       0.0   0.0      0.0      0.0         0         0    0.000       0      0
 Sum    659/0   40.18 GB   0.0      0.0     0.0      0.0       0.2      0.2       0.0   1.0      0.0    403.9         0         2    0.224       0      0
 Int      0/0    0.00 KB   0.0      0.0     0.0      0.0       0.2      0.2       0.0   1.0      0.0    403.9         0         2    0.224       0      0
Uptime(secs): 1.1 total, 1.1 interval
Flush(GB): cumulative 0.177, interval 0.177
AddFile(GB): cumulative 0.000, interval 0.000
AddFile(Total Files): cumulative 0, interval 0
AddFile(L0 Files): cumulative 0, interval 0
AddFile(Keys): cumulative 0, interval 0
Cumulative compaction: 0.18 GB write, 169.82 MB/s write, 0.00 GB read, 0.00 MB/s read, 0.4 seconds
Interval compaction: 0.18 GB write, 169.82 MB/s write, 0.00 GB read, 0.00 MB/s read, 0.4 seconds
Stalls(count): 0 level0_slowdown, 0 level0_slowdown_with_compaction, 0 level0_numfiles, 0 level0_numfiles_with_compaction, 0 stop for pending_compaction_bytes, 0 slowdown for pending_compaction_bytes, 0 memtable_compaction, 0 memtable_slowdown, interval 0 total count

** File Read Latency Histogram By Level [usertable] **

** Compaction Stats [default] **
Level    Files   Size     Score Read(GB)  Rn(GB) Rnp1(GB) Write(GB) Wnew(GB) Moved(GB) W-Amp Rd(MB/s) Wr(MB/s) Comp(sec) Comp(cnt) Avg(sec) KeyIn KeyDrop
----------------------------------------------------------------------------------------------------------------------------------------------------------
 Sum      0/0    0.00 KB   0.0      0.0     0.0      0.0       0.0      0.0       0.0   0.0      0.0      0.0         0         0    0.000       0      0
 Int      0/0    0.00 KB   0.0      0.0     0.0      0.0       0.0      0.0       0.0   0.0      0.0      0.0         0         0    0.000       0      0
Uptime(secs): 1.1 total, 0.0 interval
Flush(GB): cumulative 0.000, interval 0.000
AddFile(GB): cumulative 0.000, interval 0.000
AddFile(Total Files): cumulative 0, interval 0
AddFile(L0 Files): cumulative 0, interval 0
AddFile(Keys): cumulative 0, interval 0
Cumulative compaction: 0.00 GB write, 0.00 MB/s write, 0.00 GB read, 0.00 MB/s read, 0.0 seconds
Interval compaction: 0.00 GB write, 0.00 MB/s write, 0.00 GB read, 0.00 MB/s read, 0.0 seconds
Stalls(count): 0 level0_slowdown, 0 level0_slowdown_with_compaction, 0 level0_numfiles, 0 level0_numfiles_with_compaction, 0 stop for pending_compaction_bytes, 0 slowdown for pending_compaction_bytes, 0 memtable_compaction, 0 memtable_slowdown, interval 0 total count

** File Read Latency Histogram By Level [default] **

** Compaction Stats [usertable] **
Level    Files   Size     Score Read(GB)  Rn(GB) Rnp1(GB) Write(GB) Wnew(GB) Moved(GB) W-Amp Rd(MB/s) Wr(MB/s) Comp(sec) Comp(cnt) Avg(sec) KeyIn KeyDrop
----------------------------------------------------------------------------------------------------------------------------------------------------------
  L0      3/0   372.88 MB   1.5      0.0     0.0      0.0       0.2      0.2       0.0   1.0      0.0    403.9         0         2    0.224       0      0
  L1      2/0   383.98 MB   0.7      0.0     0.0      0.0       0.0      0.0       0.0   0.0      0.0      0.0         0         0    0.000       0      0
  L2    102/0    4.97 GB   1.0      0.0     0.0      0.0       0.0      0.0       0.0   0.0      0.0      0.0         0         0    0.000       0      0
  L3    552/0   34.47 GB   0.7      0.0     0.0      0.0       0.0      0.0       0.0   0.0      0.0      0.0         0         0    0.000       0      0
 Sum    659/0   40.18 GB   0.0      0.0     0.0      0.0       0.2      0.2       0.0   1.0      0.0    403.9         0         2    0.224       0      0
 Int      0/0    0.00 KB   0.0      0.0     0.0      0.0       0.0      0.0       0.0   0.0      0.0      0.0         0         0    0.000       0      0
Uptime(secs): 1.1 total, 0.0 interval
Flush(GB): cumulative 0.177, interval 0.000
AddFile(GB): cumulative 0.000, interval 0.000
AddFile(Total Files): cumulative 0, interval 0
AddFile(L0 Files): cumulative 0, interval 0
AddFile(Keys): cumulative 0, interval 0
Cumulative compaction: 0.18 GB write, 169.81 MB/s write, 0.00 GB read, 0.00 MB/s read, 0.4 seconds
Interval compaction: 0.00 GB write, 0.00 MB/s write, 0.00 GB read, 0.00 MB/s read, 0.0 seconds
Stalls(count): 0 level0_slowdown, 0 level0_slowdown_with_compaction, 0 level0_numfiles, 0 level0_numfiles_with_compaction, 0 stop for pending_compaction_bytes, 0 slowdown for pending_compaction_bytes, 0 memtable_compaction, 0 memtable_slowdown, interval 0 total count

** File Read Latency Histogram By Level [usertable] **
2018/12/15-13:55:05.009593 7fb7177fe700 (Original Log Time 2018/12/15-13:55:05.007899) [db/db_impl_compaction_flush.cc:1835] [usertable] Moving #870 to level-1 201307815 bytes
2018/12/15-13:55:05.009596 7fb7177fe700 (Original Log Time 2018/12/15-13:55:05.009528) EVENT_LOG_v1 {"time_micros": 1544910905009523, "job": 3, "event": "trivial_move", "destination_level": 1, "files": 1, "total_files_size": 201307815}
2018/12/15-13:55:05.009598 7fb7177fe700 (Original Log Time 2018/12/15-13:55:05.009547) [db/db_impl_compaction_flush.cc:1864] [usertable] Moved #1 files to level-1 201307815 bytes OK: base level 1 max bytes base 536870912 files[2 3 102 552 0 0 0] max score 1.12
2018/12/15-13:55:05.009660 7fb7177fe700 [db/compaction_job.cc:1531] [usertable] [JOB 4] Compacting 1@1 files to L2, score 1.12
2018/12/15-13:55:05.009666 7fb7177fe700 [db/compaction_job.cc:1535] [usertable] Compaction start summary: Base version 6 Base level 1, inputs: [761(191MB)]
2018/12/15-13:55:05.009687 7fb7177fe700 EVENT_LOG_v1 {"time_micros": 1544910905009671, "job": 4, "event": "compaction_started", "compaction_reason": "LevelMaxLevelSize", "files_L1": [761], "score": 1.12493, "input_data_size": 201316094}
2018/12/15-13:55:05.434548 7fb7177fe700 [db/compaction_job.cc:1211] [usertable] [JOB 4] Generated table #1297: 16279 keys, 67233509 bytes
2018/12/15-13:55:05.434592 7fb7177fe700 EVENT_LOG_v1 {"time_micros": 1544910905434573, "cf_name": "usertable", "job": 4, "event": "table_file_creation", "file_number": 1297, "file_size": 67233509, "table_properties": {"data_size": 67120139, "index_size": 300916, "filter_size": 0, "raw_key_size": 390696, "raw_average_key_size": 24, "raw_value_size": 66678784, "raw_average_value_size": 4096, "num_data_blocks": 8140, "num_entries": 16279, "filter_policy_name": "", "kDeletedKeys": "0", "kMergeOperands": "0"}}
2018/12/15-13:55:05.889849 7fb7177fe700 [db/compaction_job.cc:1211] [usertable] [JOB 4] Generated table #1298: 16279 keys, 67233384 bytes
2018/12/15-13:55:05.889897 7fb7177fe700 EVENT_LOG_v1 {"time_micros": 1544910905889876, "cf_name": "usertable", "job": 4, "event": "table_file_creation", "file_number": 1298, "file_size": 67233384, "table_properties": {"data_size": 67118331, "index_size": 299107, "filter_size": 0, "raw_key_size": 390696, "raw_average_key_size": 24, "raw_value_size": 66678784, "raw_average_value_size": 4096, "num_data_blocks": 8140, "num_entries": 16279, "filter_policy_name": "", "kDeletedKeys": "0", "kMergeOperands": "0"}}
2018/12/15-13:55:06.335676 7fb7177fe700 [db/compaction_job.cc:1211] [usertable] [JOB 4] Generated table #1299: 16050 keys, 66287731 bytes
2018/12/15-13:55:06.335721 7fb7177fe700 EVENT_LOG_v1 {"time_micros": 1544910906335704, "cf_name": "usertable", "job": 4, "event": "table_file_creation", "file_number": 1299, "file_size": 66287731, "table_properties": {"data_size": 66175932, "index_size": 296661, "filter_size": 0, "raw_key_size": 385200, "raw_average_key_size": 24, "raw_value_size": 65740800, "raw_average_value_size": 4096, "num_data_blocks": 8025, "num_entries": 16050, "filter_policy_name": "", "kDeletedKeys": "0", "kMergeOperands": "0"}}
2018/12/15-13:55:06.335781 7fb7177fe700 [db/compaction_job.cc:1287] [usertable] [JOB 4] Compacted 1@1 files to L2 => 200754624 bytes
2018/12/15-13:55:06.336557 7fb7177fe700 (Original Log Time 2018/12/15-13:55:06.336470) [db/compaction_job.cc:685] [usertable] compacted to: base level 1 max bytes base 536870912 files[2 2 105 552 0 0 0] max score 1.03, MB/sec: 151.8 rd, 151.4 wr, level 2, files in(1, 0) out(3) MB in(192.0, 0.0) out(191.5), read-write-amplify(2.0) write-amplify(1.0) OK, records in: 48608, records dropped: 0 output_compression: LZ4
2018/12/15-13:55:06.336562 7fb7177fe700 (Original Log Time 2018/12/15-13:55:06.336496) EVENT_LOG_v1 {"time_micros": 1544910906336485, "job": 4, "event": "compaction_finished", "compaction_time_micros": 1326052, "output_level": 2, "num_output_files": 3, "total_output_size": 200754624, "num_input_records": 48608, "num_output_records": 48608, "num_subcompactions": 1, "output_compression": "LZ4", "num_single_delete_mismatches": 0, "num_single_delete_fallthrough": 0, "lsm_state": [2, 2, 105, 552, 0, 0, 0]}
2018/12/15-13:55:06.337561 7fb72ffff700 (Original Log Time 2018/12/15-13:55:06.336749) [db/db_impl_compaction_flush.cc:1835] [usertable] Moving #1297 to level-3 67233509 bytes
2018/12/15-13:55:06.337566 7fb72ffff700 (Original Log Time 2018/12/15-13:55:06.337483) EVENT_LOG_v1 {"time_micros": 1544910906337476, "job": 5, "event": "trivial_move", "destination_level": 3, "files": 1, "total_files_size": 67233509}
2018/12/15-13:55:06.337568 7fb72ffff700 (Original Log Time 2018/12/15-13:55:06.337502) [db/db_impl_compaction_flush.cc:1864] [usertable] Moved #1 files to level-3 67233509 bytes OK: base level 1 max bytes base 536870912 files[2 2 104 553 0 0 0] max score 1.02
2018/12/15-13:55:06.359556 7fb72ffff700 EVENT_LOG_v1 {"time_micros": 1544910906359549, "job": 5, "event": "table_file_deletion", "file_number": 761}
2018/12/15-13:55:06.360664 7fb72ffff700 (Original Log Time 2018/12/15-13:55:06.359747) [db/db_impl_compaction_flush.cc:1835] [usertable] Moving #1298 to level-3 67233384 bytes
2018/12/15-13:55:06.360667 7fb72ffff700 (Original Log Time 2018/12/15-13:55:06.360617) EVENT_LOG_v1 {"time_micros": 1544910906360614, "job": 6, "event": "trivial_move", "destination_level": 3, "files": 1, "total_files_size": 67233384}
2018/12/15-13:55:06.360669 7fb72ffff700 (Original Log Time 2018/12/15-13:55:06.360627) [db/db_impl_compaction_flush.cc:1864] [usertable] Moved #1 files to level-3 67233384 bytes OK: base level 1 max bytes base 536870912 files[2 2 103 554 0 0 0] max score 1.01
2018/12/15-13:55:06.361436 7fb72ffff700 (Original Log Time 2018/12/15-13:55:06.360827) [db/db_impl_compaction_flush.cc:1835] [usertable] Moving #650 to level-3 66287747 bytes
2018/12/15-13:55:06.361441 7fb72ffff700 (Original Log Time 2018/12/15-13:55:06.361402) EVENT_LOG_v1 {"time_micros": 1544910906361398, "job": 7, "event": "trivial_move", "destination_level": 3, "files": 1, "total_files_size": 66287747}
2018/12/15-13:55:06.361444 7fb72ffff700 (Original Log Time 2018/12/15-13:55:06.361409) [db/db_impl_compaction_flush.cc:1864] [usertable] Moved #1 files to level-3 66287747 bytes OK: base level 1 max bytes base 536870912 files[2 2 102 555 0 0 0] max score 1.00
2018/12/15-13:55:06.362058 7fb72ffff700 (Original Log Time 2018/12/15-13:55:06.361664) [db/db_impl_compaction_flush.cc:1835] [usertable] Moving #1291 to level-1 129902325 bytes
2018/12/15-13:55:06.362062 7fb72ffff700 (Original Log Time 2018/12/15-13:55:06.362018) EVENT_LOG_v1 {"time_micros": 1544910906362015, "job": 8, "event": "trivial_move", "destination_level": 1, "files": 1, "total_files_size": 129902325}
2018/12/15-13:55:06.362064 7fb72ffff700 (Original Log Time 2018/12/15-13:55:06.362027) [db/db_impl_compaction_flush.cc:1864] [usertable] Moved #1 files to level-1 129902325 bytes OK: base level 1 max bytes base 536870912 files[1 3 102 555 0 0 0] max score 0.99
2018/12/15-13:55:06.522336 7fb73daf0700 [db/db_impl_write.cc:1373] [usertable] New memtable created with log file: #1300. Immutable memtables: 0.
2018/12/15-13:55:07.270394 7fb73d2e8700 [db/db_impl_write.cc:1373] [usertable] New memtable created with log file: #1301. Immutable memtables: 1.
2018/12/15-13:55:07.270512 7fb6fdffb700 [db/db_impl_compaction_flush.cc:80] [JOB 9] Syncing log #1294
