2019/03/22-10:07:59.610321 7fc5ddaef700 RocksDB version: 5.14.3
2019/03/22-10:07:59.610392 7fc5ddaef700 Git sha rocksdb_build_git_sha:
2019/03/22-10:07:59.610395 7fc5ddaef700 Compile date Oct  9 2018
2019/03/22-10:07:59.610405 7fc5ddaef700 DB SUMMARY
2019/03/22-10:07:59.611053 7fc5ddaef700 CURRENT file:  CURRENT
2019/03/22-10:07:59.611057 7fc5ddaef700 IDENTITY file:  IDENTITY
2019/03/22-10:07:59.611088 7fc5ddaef700 MANIFEST file:  MANIFEST-000004 size: 131194 Bytes
2019/03/22-10:07:59.611093 7fc5ddaef700 SST files in /mnt/sdc/ycsb-rocksdb-data dir, Total Num: 733, files: 000021.sst 000022.sst 000023.sst 000024.sst 000028.sst 000029.sst 000030.sst 000031.sst 000035.sst 
2019/03/22-10:07:59.611099 7fc5ddaef700 Write Ahead Log file in /mnt/sdc/ycsb-rocksdb-data: 001353.log size: 31230443 ; 
2019/03/22-10:07:59.611127 7fc5ddaef700                         Options.error_if_exists: 0
2019/03/22-10:07:59.611128 7fc5ddaef700                       Options.create_if_missing: 1
2019/03/22-10:07:59.611129 7fc5ddaef700                         Options.paranoid_checks: 1
2019/03/22-10:07:59.611130 7fc5ddaef700                                     Options.env: 0x7fc5dd16a080
2019/03/22-10:07:59.611131 7fc5ddaef700                                Options.info_log: 0x7fc50c3f2150
2019/03/22-10:07:59.611132 7fc5ddaef700                Options.max_file_opening_threads: 16
2019/03/22-10:07:59.611133 7fc5ddaef700                              Options.statistics: (nil)
2019/03/22-10:07:59.611134 7fc5ddaef700                               Options.use_fsync: 0
2019/03/22-10:07:59.611135 7fc5ddaef700                       Options.max_log_file_size: 0
2019/03/22-10:07:59.611136 7fc5ddaef700                  Options.max_manifest_file_size: 18446744073709551615
2019/03/22-10:07:59.611137 7fc5ddaef700                   Options.log_file_time_to_roll: 0
2019/03/22-10:07:59.611138 7fc5ddaef700                       Options.keep_log_file_num: 1000
2019/03/22-10:07:59.611139 7fc5ddaef700                    Options.recycle_log_file_num: 0
2019/03/22-10:07:59.611140 7fc5ddaef700                         Options.allow_fallocate: 1
2019/03/22-10:07:59.611140 7fc5ddaef700                        Options.allow_mmap_reads: 0
2019/03/22-10:07:59.611141 7fc5ddaef700                       Options.allow_mmap_writes: 0
2019/03/22-10:07:59.611142 7fc5ddaef700                        Options.use_direct_reads: 0
2019/03/22-10:07:59.611143 7fc5ddaef700                        Options.use_direct_io_for_flush_and_compaction: 0
2019/03/22-10:07:59.611144 7fc5ddaef700          Options.create_missing_column_families: 1
2019/03/22-10:07:59.611145 7fc5ddaef700                              Options.db_log_dir: 
2019/03/22-10:07:59.611146 7fc5ddaef700                                 Options.wal_dir: /mnt/sdc/ycsb-rocksdb-data
2019/03/22-10:07:59.611147 7fc5ddaef700                Options.table_cache_numshardbits: 6
2019/03/22-10:07:59.611148 7fc5ddaef700                      Options.max_subcompactions: 4
2019/03/22-10:07:59.611149 7fc5ddaef700                  Options.max_background_flushes: 24
2019/03/22-10:07:59.611150 7fc5ddaef700                         Options.WAL_ttl_seconds: 0
2019/03/22-10:07:59.611150 7fc5ddaef700                       Options.WAL_size_limit_MB: 0
2019/03/22-10:07:59.611151 7fc5ddaef700             Options.manifest_preallocation_size: 4194304
2019/03/22-10:07:59.611152 7fc5ddaef700                     Options.is_fd_close_on_exec: 1
2019/03/22-10:07:59.611153 7fc5ddaef700                   Options.advise_random_on_open: 1
2019/03/22-10:07:59.611154 7fc5ddaef700                    Options.db_write_buffer_size: 0
2019/03/22-10:07:59.611155 7fc5ddaef700                    Options.write_buffer_manager: 0x7fc50c3f23e0
2019/03/22-10:07:59.611156 7fc5ddaef700         Options.access_hint_on_compaction_start: 1
2019/03/22-10:07:59.611156 7fc5ddaef700  Options.new_table_reader_for_compaction_inputs: 0
2019/03/22-10:07:59.611157 7fc5ddaef700           Options.random_access_max_buffer_size: 1048576
2019/03/22-10:07:59.611158 7fc5ddaef700                      Options.use_adaptive_mutex: 0
2019/03/22-10:07:59.611159 7fc5ddaef700                            Options.rate_limiter: (nil)
2019/03/22-10:07:59.611175 7fc5ddaef700     Options.sst_file_manager.rate_bytes_per_sec: 0
2019/03/22-10:07:59.611177 7fc5ddaef700                       Options.wal_recovery_mode: 2
2019/03/22-10:07:59.611178 7fc5ddaef700                  Options.enable_thread_tracking: 0
2019/03/22-10:07:59.611178 7fc5ddaef700                  Options.enable_pipelined_write: 1
2019/03/22-10:07:59.611179 7fc5ddaef700         Options.allow_concurrent_memtable_write: 1
2019/03/22-10:07:59.611180 7fc5ddaef700      Options.enable_write_thread_adaptive_yield: 1
2019/03/22-10:07:59.611181 7fc5ddaef700             Options.write_thread_max_yield_usec: 100
2019/03/22-10:07:59.611182 7fc5ddaef700            Options.write_thread_slow_yield_usec: 3
2019/03/22-10:07:59.611183 7fc5ddaef700                               Options.row_cache: None
2019/03/22-10:07:59.611183 7fc5ddaef700                              Options.wal_filter: None
2019/03/22-10:07:59.611184 7fc5ddaef700             Options.avoid_flush_during_recovery: 0
2019/03/22-10:07:59.611185 7fc5ddaef700             Options.allow_ingest_behind: 0
2019/03/22-10:07:59.611186 7fc5ddaef700             Options.preserve_deletes: 0
2019/03/22-10:07:59.611187 7fc5ddaef700             Options.two_write_queues: 0
2019/03/22-10:07:59.611188 7fc5ddaef700             Options.manual_wal_flush: 0
2019/03/22-10:07:59.611190 7fc5ddaef700             Options.max_background_jobs: 24
2019/03/22-10:07:59.611191 7fc5ddaef700             Options.max_background_compactions: 24
2019/03/22-10:07:59.611192 7fc5ddaef700             Options.avoid_flush_during_shutdown: 0
2019/03/22-10:07:59.611193 7fc5ddaef700           Options.writable_file_max_buffer_size: 1048576
2019/03/22-10:07:59.611193 7fc5ddaef700             Options.delayed_write_rate : 16777216
2019/03/22-10:07:59.611194 7fc5ddaef700             Options.max_total_wal_size: 0
2019/03/22-10:07:59.611195 7fc5ddaef700             Options.delete_obsolete_files_period_micros: 21600000000
2019/03/22-10:07:59.611196 7fc5ddaef700                   Options.stats_dump_period_sec: 60
2019/03/22-10:07:59.611197 7fc5ddaef700                          Options.max_open_files: -1
2019/03/22-10:07:59.611198 7fc5ddaef700                          Options.bytes_per_sync: 1048576
2019/03/22-10:07:59.611199 7fc5ddaef700                      Options.wal_bytes_per_sync: 0
2019/03/22-10:07:59.611200 7fc5ddaef700       Options.compaction_readahead_size: 0
2019/03/22-10:07:59.611201 7fc5ddaef700 Compression algorithms supported:
2019/03/22-10:07:59.611202 7fc5ddaef700 	kZSTDNotFinalCompression supported: 1
2019/03/22-10:07:59.611211 7fc5ddaef700 	kZSTD supported: 1
2019/03/22-10:07:59.611213 7fc5ddaef700 	kXpressCompression supported: 0
2019/03/22-10:07:59.611214 7fc5ddaef700 	kLZ4HCCompression supported: 1
2019/03/22-10:07:59.611215 7fc5ddaef700 	kLZ4Compression supported: 1
2019/03/22-10:07:59.611217 7fc5ddaef700 	kBZip2Compression supported: 1
2019/03/22-10:07:59.611218 7fc5ddaef700 	kZlibCompression supported: 1
2019/03/22-10:07:59.611219 7fc5ddaef700 	kSnappyCompression supported: 1
2019/03/22-10:07:59.611222 7fc5ddaef700 Fast CRC32 supported: Not supported on x86
2019/03/22-10:07:59.611698 7fc5ddaef700 [db/version_set.cc:3085] Recovering from manifest file: MANIFEST-000004
2019/03/22-10:07:59.611798 7fc5ddaef700 [db/column_family.cc:475] --------------- Options for column family [default]:
2019/03/22-10:07:59.611802 7fc5ddaef700               Options.comparator: leveldb.BytewiseComparator
2019/03/22-10:07:59.611803 7fc5ddaef700           Options.merge_operator: None
2019/03/22-10:07:59.611804 7fc5ddaef700        Options.compaction_filter: None
2019/03/22-10:07:59.611805 7fc5ddaef700        Options.compaction_filter_factory: None
2019/03/22-10:07:59.611806 7fc5ddaef700         Options.memtable_factory: SkipListFactory
2019/03/22-10:07:59.611807 7fc5ddaef700            Options.table_factory: BlockBasedTable
2019/03/22-10:07:59.611834 7fc5ddaef700            table_factory options:   flush_block_policy_factory: FlushBlockBySizePolicyFactory (0x7fc50c3ec710)
  cache_index_and_filter_blocks: 0
  cache_index_and_filter_blocks_with_high_priority: 0
  pin_l0_filter_and_index_blocks_in_cache: 0
  index_type: 0
  hash_index_allow_collision: 1
  checksum: 1
  no_block_cache: 0
  block_cache: 0x7fc50c3de600
  block_cache_name: LRUCache
  block_cache_options:
    capacity : 8388608
    num_shard_bits : 4
    strict_capacity_limit : 0
    high_pri_pool_ratio: 0.000
  block_cache_compressed: (nil)
  persistent_cache: (nil)
  block_size: 8192
  block_size_deviation: 10
  block_restart_interval: 16
  index_block_restart_interval: 1
  metadata_block_size: 4096
  partition_filters: 0
  use_delta_encoding: 1
  filter_policy: nullptr
  whole_key_filtering: 1
  verify_compression: 0
  read_amp_bytes_per_bit: 0
  format_version: 2
  enable_index_compression: 1
  block_align: 0
2019/03/22-10:07:59.611847 7fc5ddaef700        Options.write_buffer_size: 134217728
2019/03/22-10:07:59.611848 7fc5ddaef700  Options.max_write_buffer_number: 24
2019/03/22-10:07:59.611850 7fc5ddaef700        Options.compression[0]: NoCompression
2019/03/22-10:07:59.611851 7fc5ddaef700        Options.compression[1]: NoCompression
2019/03/22-10:07:59.611852 7fc5ddaef700        Options.compression[2]: LZ4
2019/03/22-10:07:59.611853 7fc5ddaef700        Options.compression[3]: LZ4
2019/03/22-10:07:59.611854 7fc5ddaef700        Options.compression[4]: LZ4
2019/03/22-10:07:59.611855 7fc5ddaef700        Options.compression[5]: LZ4
2019/03/22-10:07:59.611856 7fc5ddaef700        Options.compression[6]: LZ4
2019/03/22-10:07:59.611857 7fc5ddaef700                  Options.bottommost_compression: Disabled
2019/03/22-10:07:59.611858 7fc5ddaef700       Options.prefix_extractor: nullptr
2019/03/22-10:07:59.611859 7fc5ddaef700   Options.memtable_insert_with_hint_prefix_extractor: nullptr
2019/03/22-10:07:59.611860 7fc5ddaef700             Options.num_levels: 7
2019/03/22-10:07:59.611861 7fc5ddaef700        Options.min_write_buffer_number_to_merge: 2
2019/03/22-10:07:59.611861 7fc5ddaef700     Options.max_write_buffer_number_to_maintain: 0
2019/03/22-10:07:59.611862 7fc5ddaef700            Options.compression_opts.window_bits: -14
2019/03/22-10:07:59.611863 7fc5ddaef700                  Options.compression_opts.level: -1
2019/03/22-10:07:59.611864 7fc5ddaef700               Options.compression_opts.strategy: 0
2019/03/22-10:07:59.611865 7fc5ddaef700         Options.compression_opts.max_dict_bytes: 0
2019/03/22-10:07:59.611866 7fc5ddaef700         Options.compression_opts.zstd_max_train_bytes: 0
2019/03/22-10:07:59.611867 7fc5ddaef700      Options.level0_file_num_compaction_trigger: 2
2019/03/22-10:07:59.611867 7fc5ddaef700          Options.level0_slowdown_writes_trigger: 20
2019/03/22-10:07:59.611868 7fc5ddaef700              Options.level0_stop_writes_trigger: 36
2019/03/22-10:07:59.611869 7fc5ddaef700                   Options.target_file_size_base: 67108864
2019/03/22-10:07:59.611870 7fc5ddaef700             Options.target_file_size_multiplier: 1
2019/03/22-10:07:59.611871 7fc5ddaef700                Options.max_bytes_for_level_base: 536870912
2019/03/22-10:07:59.611872 7fc5ddaef700 Options.level_compaction_dynamic_level_bytes: 0
2019/03/22-10:07:59.611873 7fc5ddaef700          Options.max_bytes_for_level_multiplier: 10.000000
2019/03/22-10:07:59.611876 7fc5ddaef700 Options.max_bytes_for_level_multiplier_addtl[0]: 1
2019/03/22-10:07:59.611877 7fc5ddaef700 Options.max_bytes_for_level_multiplier_addtl[1]: 1
2019/03/22-10:07:59.611878 7fc5ddaef700 Options.max_bytes_for_level_multiplier_addtl[2]: 1
2019/03/22-10:07:59.611879 7fc5ddaef700 Options.max_bytes_for_level_multiplier_addtl[3]: 1
2019/03/22-10:07:59.611880 7fc5ddaef700 Options.max_bytes_for_level_multiplier_addtl[4]: 1
2019/03/22-10:07:59.611881 7fc5ddaef700 Options.max_bytes_for_level_multiplier_addtl[5]: 1
2019/03/22-10:07:59.611890 7fc5ddaef700 Options.max_bytes_for_level_multiplier_addtl[6]: 1
2019/03/22-10:07:59.611891 7fc5ddaef700       Options.max_sequential_skip_in_iterations: 8
2019/03/22-10:07:59.611892 7fc5ddaef700                    Options.max_compaction_bytes: 1677721600
2019/03/22-10:07:59.611900 7fc5ddaef700                        Options.arena_block_size: 16777216
2019/03/22-10:07:59.611901 7fc5ddaef700   Options.soft_pending_compaction_bytes_limit: 68719476736
2019/03/22-10:07:59.611902 7fc5ddaef700   Options.hard_pending_compaction_bytes_limit: 274877906944
2019/03/22-10:07:59.611903 7fc5ddaef700       Options.rate_limit_delay_max_milliseconds: 100
2019/03/22-10:07:59.611904 7fc5ddaef700                Options.disable_auto_compactions: 0
2019/03/22-10:07:59.611905 7fc5ddaef700                        Options.compaction_style: kCompactionStyleLevel
2019/03/22-10:07:59.611907 7fc5ddaef700                          Options.compaction_pri: kByCompensatedSize
2019/03/22-10:07:59.611908 7fc5ddaef700 Options.compaction_options_universal.size_ratio: 1
2019/03/22-10:07:59.611909 7fc5ddaef700 Options.compaction_options_universal.min_merge_width: 2
2019/03/22-10:07:59.611910 7fc5ddaef700 Options.compaction_options_universal.max_merge_width: 4294967295
2019/03/22-10:07:59.611911 7fc5ddaef700 Options.compaction_options_universal.max_size_amplification_percent: 200
2019/03/22-10:07:59.611912 7fc5ddaef700 Options.compaction_options_universal.compression_size_percent: -1
2019/03/22-10:07:59.611913 7fc5ddaef700 Options.compaction_options_universal.stop_style: kCompactionStopStyleTotalSize
2019/03/22-10:07:59.611914 7fc5ddaef700 Options.compaction_options_fifo.max_table_files_size: 1073741824
2019/03/22-10:07:59.611914 7fc5ddaef700 Options.compaction_options_fifo.allow_compaction: 0
2019/03/22-10:07:59.611915 7fc5ddaef700 Options.compaction_options_fifo.ttl: 0
2019/03/22-10:07:59.611916 7fc5ddaef700                   Options.table_properties_collectors: 
2019/03/22-10:07:59.611917 7fc5ddaef700                   Options.inplace_update_support: 0
2019/03/22-10:07:59.611918 7fc5ddaef700                 Options.inplace_update_num_locks: 10000
2019/03/22-10:07:59.611919 7fc5ddaef700               Options.memtable_prefix_bloom_size_ratio: 0.000000
2019/03/22-10:07:59.611920 7fc5ddaef700   Options.memtable_huge_page_size: 0
2019/03/22-10:07:59.611921 7fc5ddaef700                           Options.bloom_locality: 0
2019/03/22-10:07:59.611922 7fc5ddaef700                    Options.max_successive_merges: 0
2019/03/22-10:07:59.611923 7fc5ddaef700                Options.optimize_filters_for_hits: 0
2019/03/22-10:07:59.611924 7fc5ddaef700                Options.paranoid_file_checks: 0
2019/03/22-10:07:59.611925 7fc5ddaef700                Options.force_consistency_checks: 0
2019/03/22-10:07:59.611926 7fc5ddaef700                Options.report_bg_io_stats: 0
2019/03/22-10:07:59.611926 7fc5ddaef700                               Options.ttl: 0
2019/03/22-10:07:59.612411 7fc5ddaef700 [db/column_family.cc:475] --------------- Options for column family [usertable]:
2019/03/22-10:07:59.612414 7fc5ddaef700               Options.comparator: leveldb.BytewiseComparator
2019/03/22-10:07:59.612415 7fc5ddaef700           Options.merge_operator: None
2019/03/22-10:07:59.612416 7fc5ddaef700        Options.compaction_filter: None
2019/03/22-10:07:59.612417 7fc5ddaef700        Options.compaction_filter_factory: None
2019/03/22-10:07:59.612418 7fc5ddaef700         Options.memtable_factory: SkipListFactory
2019/03/22-10:07:59.612419 7fc5ddaef700            Options.table_factory: BlockBasedTable
2019/03/22-10:07:59.612441 7fc5ddaef700            table_factory options:   flush_block_policy_factory: FlushBlockBySizePolicyFactory (0x7fc50c3e8fa0)
  cache_index_and_filter_blocks: 0
  cache_index_and_filter_blocks_with_high_priority: 0
  pin_l0_filter_and_index_blocks_in_cache: 0
  index_type: 0
  hash_index_allow_collision: 1
  checksum: 1
  no_block_cache: 0
  block_cache: 0x7fc50c3ef020
  block_cache_name: LRUCache
  block_cache_options:
    capacity : 8388608
    num_shard_bits : 4
    strict_capacity_limit : 0
    high_pri_pool_ratio: 0.000
  block_cache_compressed: (nil)
  persistent_cache: (nil)
  block_size: 8192
  block_size_deviation: 10
  block_restart_interval: 16
  index_block_restart_interval: 1
  metadata_block_size: 4096
  partition_filters: 0
  use_delta_encoding: 1
  filter_policy: nullptr
  whole_key_filtering: 1
  verify_compression: 0
  read_amp_bytes_per_bit: 0
  format_version: 2
  enable_index_compression: 1
  block_align: 0
2019/03/22-10:07:59.612453 7fc5ddaef700        Options.write_buffer_size: 134217728
2019/03/22-10:07:59.612454 7fc5ddaef700  Options.max_write_buffer_number: 24
2019/03/22-10:07:59.612456 7fc5ddaef700        Options.compression[0]: NoCompression
2019/03/22-10:07:59.612457 7fc5ddaef700        Options.compression[1]: NoCompression
2019/03/22-10:07:59.612458 7fc5ddaef700        Options.compression[2]: LZ4
2019/03/22-10:07:59.612459 7fc5ddaef700        Options.compression[3]: LZ4
2019/03/22-10:07:59.612460 7fc5ddaef700        Options.compression[4]: LZ4
2019/03/22-10:07:59.612461 7fc5ddaef700        Options.compression[5]: LZ4
2019/03/22-10:07:59.612462 7fc5ddaef700        Options.compression[6]: LZ4
2019/03/22-10:07:59.612463 7fc5ddaef700                  Options.bottommost_compression: Disabled
2019/03/22-10:07:59.612464 7fc5ddaef700       Options.prefix_extractor: nullptr
2019/03/22-10:07:59.612465 7fc5ddaef700   Options.memtable_insert_with_hint_prefix_extractor: nullptr
2019/03/22-10:07:59.612465 7fc5ddaef700             Options.num_levels: 7
2019/03/22-10:07:59.612466 7fc5ddaef700        Options.min_write_buffer_number_to_merge: 2
2019/03/22-10:07:59.612467 7fc5ddaef700     Options.max_write_buffer_number_to_maintain: 0
2019/03/22-10:07:59.612468 7fc5ddaef700            Options.compression_opts.window_bits: -14
2019/03/22-10:07:59.612469 7fc5ddaef700                  Options.compression_opts.level: -1
2019/03/22-10:07:59.612470 7fc5ddaef700               Options.compression_opts.strategy: 0
2019/03/22-10:07:59.612471 7fc5ddaef700         Options.compression_opts.max_dict_bytes: 0
2019/03/22-10:07:59.612471 7fc5ddaef700         Options.compression_opts.zstd_max_train_bytes: 0
2019/03/22-10:07:59.612472 7fc5ddaef700      Options.level0_file_num_compaction_trigger: 2
2019/03/22-10:07:59.612473 7fc5ddaef700          Options.level0_slowdown_writes_trigger: 20
2019/03/22-10:07:59.612474 7fc5ddaef700              Options.level0_stop_writes_trigger: 36
2019/03/22-10:07:59.612475 7fc5ddaef700                   Options.target_file_size_base: 67108864
2019/03/22-10:07:59.612476 7fc5ddaef700             Options.target_file_size_multiplier: 1
2019/03/22-10:07:59.612476 7fc5ddaef700                Options.max_bytes_for_level_base: 536870912
2019/03/22-10:07:59.612477 7fc5ddaef700 Options.level_compaction_dynamic_level_bytes: 0
2019/03/22-10:07:59.612478 7fc5ddaef700          Options.max_bytes_for_level_multiplier: 10.000000
2019/03/22-10:07:59.612480 7fc5ddaef700 Options.max_bytes_for_level_multiplier_addtl[0]: 1
2019/03/22-10:07:59.612481 7fc5ddaef700 Options.max_bytes_for_level_multiplier_addtl[1]: 1
2019/03/22-10:07:59.612482 7fc5ddaef700 Options.max_bytes_for_level_multiplier_addtl[2]: 1
2019/03/22-10:07:59.612483 7fc5ddaef700 Options.max_bytes_for_level_multiplier_addtl[3]: 1
2019/03/22-10:07:59.612484 7fc5ddaef700 Options.max_bytes_for_level_multiplier_addtl[4]: 1
2019/03/22-10:07:59.612485 7fc5ddaef700 Options.max_bytes_for_level_multiplier_addtl[5]: 1
2019/03/22-10:07:59.612486 7fc5ddaef700 Options.max_bytes_for_level_multiplier_addtl[6]: 1
2019/03/22-10:07:59.612486 7fc5ddaef700       Options.max_sequential_skip_in_iterations: 8
2019/03/22-10:07:59.612487 7fc5ddaef700                    Options.max_compaction_bytes: 1677721600
2019/03/22-10:07:59.612488 7fc5ddaef700                        Options.arena_block_size: 16777216
2019/03/22-10:07:59.612489 7fc5ddaef700   Options.soft_pending_compaction_bytes_limit: 68719476736
2019/03/22-10:07:59.612490 7fc5ddaef700   Options.hard_pending_compaction_bytes_limit: 274877906944
2019/03/22-10:07:59.612491 7fc5ddaef700       Options.rate_limit_delay_max_milliseconds: 100
2019/03/22-10:07:59.612492 7fc5ddaef700                Options.disable_auto_compactions: 0
2019/03/22-10:07:59.612493 7fc5ddaef700                        Options.compaction_style: kCompactionStyleLevel
2019/03/22-10:07:59.612501 7fc5ddaef700                          Options.compaction_pri: kByCompensatedSize
2019/03/22-10:07:59.612502 7fc5ddaef700 Options.compaction_options_universal.size_ratio: 1
2019/03/22-10:07:59.612503 7fc5ddaef700 Options.compaction_options_universal.min_merge_width: 2
2019/03/22-10:07:59.612504 7fc5ddaef700 Options.compaction_options_universal.max_merge_width: 4294967295
2019/03/22-10:07:59.612505 7fc5ddaef700 Options.compaction_options_universal.max_size_amplification_percent: 200
2019/03/22-10:07:59.612505 7fc5ddaef700 Options.compaction_options_universal.compression_size_percent: -1
2019/03/22-10:07:59.612506 7fc5ddaef700 Options.compaction_options_universal.stop_style: kCompactionStopStyleTotalSize
2019/03/22-10:07:59.612507 7fc5ddaef700 Options.compaction_options_fifo.max_table_files_size: 1073741824
2019/03/22-10:07:59.612508 7fc5ddaef700 Options.compaction_options_fifo.allow_compaction: 0
2019/03/22-10:07:59.612509 7fc5ddaef700 Options.compaction_options_fifo.ttl: 0
2019/03/22-10:07:59.612510 7fc5ddaef700                   Options.table_properties_collectors: 
2019/03/22-10:07:59.612511 7fc5ddaef700                   Options.inplace_update_support: 0
2019/03/22-10:07:59.612512 7fc5ddaef700                 Options.inplace_update_num_locks: 10000
2019/03/22-10:07:59.612513 7fc5ddaef700               Options.memtable_prefix_bloom_size_ratio: 0.000000
2019/03/22-10:07:59.612514 7fc5ddaef700   Options.memtable_huge_page_size: 0
2019/03/22-10:07:59.612515 7fc5ddaef700                           Options.bloom_locality: 0
2019/03/22-10:07:59.612516 7fc5ddaef700                    Options.max_successive_merges: 0
2019/03/22-10:07:59.612517 7fc5ddaef700                Options.optimize_filters_for_hits: 0
2019/03/22-10:07:59.612517 7fc5ddaef700                Options.paranoid_file_checks: 0
2019/03/22-10:07:59.612518 7fc5ddaef700                Options.force_consistency_checks: 0
2019/03/22-10:07:59.612519 7fc5ddaef700                Options.report_bg_io_stats: 0
2019/03/22-10:07:59.612520 7fc5ddaef700                               Options.ttl: 0
2019/03/22-10:08:00.234007 7fc5ddaef700 [db/version_set.cc:3361] Recovered from manifest file:/mnt/sdc/ycsb-rocksdb-data/MANIFEST-000004 succeeded,manifest_file_number is 4, next_file_number is 1356, last_sequence is 10442317, log_number is 0,prev_log_number is 0,max_column_family is 1,min_log_number_to_keep is 0
2019/03/22-10:08:00.234018 7fc5ddaef700 [db/version_set.cc:3369] Column family [default] (ID 0), log number is 0
2019/03/22-10:08:00.234021 7fc5ddaef700 [db/version_set.cc:3369] Column family [usertable] (ID 1), log number is 1353
2019/03/22-10:08:00.236076 7fc5ddaef700 EVENT_LOG_v1 {"time_micros": 1553274480236056, "job": 1, "event": "recovery_started", "log_files": [1353]}
2019/03/22-10:08:00.236085 7fc5ddaef700 [db/db_impl_open.cc:551] Recovering log #1353 mode 2
2019/03/22-10:08:00.328950 7fc5ddaef700 [db/version_set.cc:2847] Creating manifest 1356
2019/03/22-10:08:00.564305 7fc5ddaef700 EVENT_LOG_v1 {"time_micros": 1553274480564267, "cf_name": "usertable", "job": 1, "event": "table_file_creation", "file_number": 1357, "file_size": 31269820, "table_properties": {"data_size": 31129488, "index_size": 139411, "filter_size": 0, "raw_key_size": 181200, "raw_average_key_size": 24, "raw_value_size": 30924800, "raw_average_value_size": 4096, "num_data_blocks": 3775, "num_entries": 7550, "filter_policy_name": "", "kDeletedKeys": "0", "kMergeOperands": "0"}}
2019/03/22-10:08:00.596092 7fc5ddaef700 EVENT_LOG_v1 {"time_micros": 1553274480596081, "job": 1, "event": "recovery_finished"}
2019/03/22-10:08:00.647740 7fc5ddaef700 [db/db_impl_open.cc:1219] DB pointer 0x7fc50c3eb1d0
2019/03/22-10:08:00.648166 7fc5dc86f700 [WARN] [db/db_impl.cc:491] ------- DUMPING STATS -------
2019/03/22-10:08:00.648237 7fc5dc86f700 [WARN] [db/db_impl.cc:492] 
** DB Stats **
Uptime(secs): 1.0 total, 1.0 interval
Cumulative writes: 0 writes, 0 keys, 0 commit groups, 0.0 writes per commit group, ingest: 0.00 GB, 0.00 MB/s
Cumulative WAL: 0 writes, 0 syncs, 0.00 writes per sync, written: 0.00 GB, 0.00 MB/s
Cumulative stall: 00:00:0.000 H:M:S, 0.0 percent
Interval writes: 0 writes, 0 keys, 0 commit groups, 0.0 writes per commit group, ingest: 0.00 MB, 0.00 MB/s
Interval WAL: 0 writes, 0 syncs, 0.00 writes per sync, written: 0.00 MB, 0.00 MB/s
Interval stall: 00:00:0.000 H:M:S, 0.0 percent

** Compaction Stats [default] **
Level    Files   Size     Score Read(GB)  Rn(GB) Rnp1(GB) Write(GB) Wnew(GB) Moved(GB) W-Amp Rd(MB/s) Wr(MB/s) Comp(sec) Comp(cnt) Avg(sec) KeyIn KeyDrop
----------------------------------------------------------------------------------------------------------------------------------------------------------
 Sum      0/0    0.00 KB   0.0      0.0     0.0      0.0       0.0      0.0       0.0   0.0      0.0      0.0         0         0    0.000       0      0
 Int      0/0    0.00 KB   0.0      0.0     0.0      0.0       0.0      0.0       0.0   0.0      0.0      0.0         0         0    0.000       0      0
Uptime(secs): 1.0 total, 1.0 interval
Flush(GB): cumulative 0.000, interval 0.000
AddFile(GB): cumulative 0.000, interval 0.000
AddFile(Total Files): cumulative 0, interval 0
AddFile(L0 Files): cumulative 0, interval 0
AddFile(Keys): cumulative 0, interval 0
Cumulative compaction: 0.00 GB write, 0.00 MB/s write, 0.00 GB read, 0.00 MB/s read, 0.0 seconds
Interval compaction: 0.00 GB write, 0.00 MB/s write, 0.00 GB read, 0.00 MB/s read, 0.0 seconds
Stalls(count): 0 level0_slowdown, 0 level0_slowdown_with_compaction, 0 level0_numfiles, 0 level0_numfiles_with_compaction, 0 stop for pending_compaction_bytes, 0 slowdown for pending_compaction_bytes, 0 memtable_compaction, 0 memtable_slowdown, interval 0 total count

** File Read Latency Histogram By Level [default] **

** Compaction Stats [usertable] **
Level    Files   Size     Score Read(GB)  Rn(GB) Rnp1(GB) Write(GB) Wnew(GB) Moved(GB) W-Amp Rd(MB/s) Wr(MB/s) Comp(sec) Comp(cnt) Avg(sec) KeyIn KeyDrop
----------------------------------------------------------------------------------------------------------------------------------------------------------
  L0      2/0   214.73 MB   1.0      0.0     0.0      0.0       0.0      0.0       0.0   1.0      0.0    205.6         0         1    0.145       0      0
  L1     10/0   706.20 MB   1.4      0.0     0.0      0.0       0.0      0.0       0.0   0.0      0.0      0.0         0         0    0.000       0      0
  L2    174/0    4.97 GB   1.0      0.0     0.0      0.0       0.0      0.0       0.0   0.0      0.0      0.0         0         0    0.000       0      0
  L3    548/0   34.31 GB   0.7      0.0     0.0      0.0       0.0      0.0       0.0   0.0      0.0      0.0         0         0    0.000       0      0
 Sum    734/0   40.18 GB   0.0      0.0     0.0      0.0       0.0      0.0       0.0   1.0      0.0    205.6         0         1    0.145       0      0
 Int      0/0    0.00 KB   0.0      0.0     0.0      0.0       0.0      0.0       0.0   1.0      0.0    205.6         0         1    0.145       0      0
Uptime(secs): 1.0 total, 1.0 interval
Flush(GB): cumulative 0.029, interval 0.029
AddFile(GB): cumulative 0.000, interval 0.000
AddFile(Total Files): cumulative 0, interval 0
AddFile(L0 Files): cumulative 0, interval 0
AddFile(Keys): cumulative 0, interval 0
Cumulative compaction: 0.03 GB write, 28.80 MB/s write, 0.00 GB read, 0.00 MB/s read, 0.1 seconds
Interval compaction: 0.03 GB write, 28.80 MB/s write, 0.00 GB read, 0.00 MB/s read, 0.1 seconds
Stalls(count): 0 level0_slowdown, 0 level0_slowdown_with_compaction, 0 level0_numfiles, 0 level0_numfiles_with_compaction, 0 stop for pending_compaction_bytes, 0 slowdown for pending_compaction_bytes, 0 memtable_compaction, 0 memtable_slowdown, interval 0 total count

** File Read Latency Histogram By Level [usertable] **

** Compaction Stats [default] **
Level    Files   Size     Score Read(GB)  Rn(GB) Rnp1(GB) Write(GB) Wnew(GB) Moved(GB) W-Amp Rd(MB/s) Wr(MB/s) Comp(sec) Comp(cnt) Avg(sec) KeyIn KeyDrop
----------------------------------------------------------------------------------------------------------------------------------------------------------
 Sum      0/0    0.00 KB   0.0      0.0     0.0      0.0       0.0      0.0       0.0   0.0      0.0      0.0         0         0    0.000       0      0
 Int      0/0    0.00 KB   0.0      0.0     0.0      0.0       0.0      0.0       0.0   0.0      0.0      0.0         0         0    0.000       0      0
Uptime(secs): 1.0 total, 0.0 interval
Flush(GB): cumulative 0.000, interval 0.000
AddFile(GB): cumulative 0.000, interval 0.000
AddFile(Total Files): cumulative 0, interval 0
AddFile(L0 Files): cumulative 0, interval 0
AddFile(Keys): cumulative 0, interval 0
Cumulative compaction: 0.00 GB write, 0.00 MB/s write, 0.00 GB read, 0.00 MB/s read, 0.0 seconds
Interval compaction: 0.00 GB write, 0.00 MB/s write, 0.00 GB read, 0.00 MB/s read, 0.0 seconds
Stalls(count): 0 level0_slowdown, 0 level0_slowdown_with_compaction, 0 level0_numfiles, 0 level0_numfiles_with_compaction, 0 stop for pending_compaction_bytes, 0 slowdown for pending_compaction_bytes, 0 memtable_compaction, 0 memtable_slowdown, interval 0 total count

** File Read Latency Histogram By Level [default] **

** Compaction Stats [usertable] **
Level    Files   Size     Score Read(GB)  Rn(GB) Rnp1(GB) Write(GB) Wnew(GB) Moved(GB) W-Amp Rd(MB/s) Wr(MB/s) Comp(sec) Comp(cnt) Avg(sec) KeyIn KeyDrop
----------------------------------------------------------------------------------------------------------------------------------------------------------
  L0      2/0   214.73 MB   1.0      0.0     0.0      0.0       0.0      0.0       0.0   1.0      0.0    205.6         0         1    0.145       0      0
  L1     10/0   706.20 MB   1.4      0.0     0.0      0.0       0.0      0.0       0.0   0.0      0.0      0.0         0         0    0.000       0      0
  L2    174/0    4.97 GB   1.0      0.0     0.0      0.0       0.0      0.0       0.0   0.0      0.0      0.0         0         0    0.000       0      0
  L3    548/0   34.31 GB   0.7      0.0     0.0      0.0       0.0      0.0       0.0   0.0      0.0      0.0         0         0    0.000       0      0
 Sum    734/0   40.18 GB   0.0      0.0     0.0      0.0       0.0      0.0       0.0   1.0      0.0    205.6         0         1    0.145       0      0
 Int      0/0    0.00 KB   0.0      0.0     0.0      0.0       0.0      0.0       0.0   0.0      0.0      0.0         0         0    0.000       0      0
Uptime(secs): 1.0 total, 0.0 interval
Flush(GB): cumulative 0.029, interval 0.000
AddFile(GB): cumulative 0.000, interval 0.000
AddFile(Total Files): cumulative 0, interval 0
AddFile(L0 Files): cumulative 0, interval 0
AddFile(Keys): cumulative 0, interval 0
Cumulative compaction: 0.03 GB write, 28.79 MB/s write, 0.00 GB read, 0.00 MB/s read, 0.1 seconds
Interval compaction: 0.00 GB write, 0.00 MB/s write, 0.00 GB read, 0.00 MB/s read, 0.0 seconds
Stalls(count): 0 level0_slowdown, 0 level0_slowdown_with_compaction, 0 level0_numfiles, 0 level0_numfiles_with_compaction, 0 stop for pending_compaction_bytes, 0 slowdown for pending_compaction_bytes, 0 memtable_compaction, 0 memtable_slowdown, interval 0 total count

** File Read Latency Histogram By Level [usertable] **
2019/03/22-10:08:00.648439 7fc5dc86f700 [db/compaction_job.cc:1531] [usertable] [JOB 3] Compacting 1@1 files to L2, score 1.38
2019/03/22-10:08:00.648449 7fc5dc86f700 [db/compaction_job.cc:1535] [usertable] Compaction start summary: Base version 5 Base level 1, inputs: [1354(213MB)]
2019/03/22-10:08:00.648486 7fc5dc86f700 EVENT_LOG_v1 {"time_micros": 1553274480648461, "job": 3, "event": "compaction_started", "compaction_reason": "LevelMaxLevelSize", "files_L1": [1354], "score": 1.37929, "input_data_size": 223614530}
2019/03/22-10:08:01.420193 7fc5dc86f700 [db/compaction_job.cc:1211] [usertable] [JOB 3] Generated table #1361: 16279 keys, 67233542 bytes
2019/03/22-10:08:01.420253 7fc5dc86f700 EVENT_LOG_v1 {"time_micros": 1553274481420225, "cf_name": "usertable", "job": 3, "event": "table_file_creation", "file_number": 1361, "file_size": 67233542, "table_properties": {"data_size": 67120138, "index_size": 300916, "filter_size": 0, "raw_key_size": 390696, "raw_average_key_size": 24, "raw_value_size": 66678784, "raw_average_value_size": 4096, "num_data_blocks": 8140, "num_entries": 16279, "filter_policy_name": "", "kDeletedKeys": "0", "kMergeOperands": "0"}}
2019/03/22-10:08:02.253537 7fc5dc86f700 [db/compaction_job.cc:1211] [usertable] [JOB 3] Generated table #1362: 16279 keys, 67233348 bytes
2019/03/22-10:08:02.253628 7fc5dc86f700 EVENT_LOG_v1 {"time_micros": 1553274482253588, "cf_name": "usertable", "job": 3, "event": "table_file_creation", "file_number": 1362, "file_size": 67233348, "table_properties": {"data_size": 67118331, "index_size": 299106, "filter_size": 0, "raw_key_size": 390696, "raw_average_key_size": 24, "raw_value_size": 66678784, "raw_average_value_size": 4096, "num_data_blocks": 8140, "num_entries": 16279, "filter_policy_name": "", "kDeletedKeys": "0", "kMergeOperands": "0"}}
2019/03/22-10:08:03.218591 7fc5dc86f700 [db/compaction_job.cc:1211] [usertable] [JOB 3] Generated table #1363: 16279 keys, 67233578 bytes
2019/03/22-10:08:03.218638 7fc5dc86f700 EVENT_LOG_v1 {"time_micros": 1553274483218618, "cf_name": "usertable", "job": 3, "event": "table_file_creation", "file_number": 1363, "file_size": 67233578, "table_properties": {"data_size": 67120141, "index_size": 300916, "filter_size": 0, "raw_key_size": 390696, "raw_average_key_size": 24, "raw_value_size": 66678784, "raw_average_value_size": 4096, "num_data_blocks": 8140, "num_entries": 16279, "filter_policy_name": "", "kDeletedKeys": "0", "kMergeOperands": "0"}}
2019/03/22-10:08:03.513295 7fc5dc86f700 [db/compaction_job.cc:1211] [usertable] [JOB 3] Generated table #1364: 5155 keys, 21291169 bytes
2019/03/22-10:08:03.513352 7fc5dc86f700 EVENT_LOG_v1 {"time_micros": 1553274483513325, "cf_name": "usertable", "job": 3, "event": "table_file_creation", "file_number": 1364, "file_size": 21291169, "table_properties": {"data_size": 21254079, "index_size": 94550, "filter_size": 0, "raw_key_size": 123720, "raw_average_key_size": 24, "raw_value_size": 21114880, "raw_average_value_size": 4096, "num_data_blocks": 2578, "num_entries": 5155, "filter_policy_name": "", "kDeletedKeys": "0", "kMergeOperands": "0"}}
2019/03/22-10:08:03.513439 7fc5dc86f700 [db/compaction_job.cc:1287] [usertable] [JOB 3] Compacted 1@1 files to L2 => 222991637 bytes
2019/03/22-10:08:03.549969 7fc5dc86f700 (Original Log Time 2019/03/22-10:08:03.549754) [db/compaction_job.cc:685] [usertable] compacted to: base level 1 max bytes base 536870912 files[2 9 178 548 0 0 0] max score 1.03, MB/sec: 78.1 rd, 77.8 wr, level 2, files in(1, 0) out(4) MB in(213.3, 0.0) out(212.7), read-write-amplify(2.0) write-amplify(1.0) OK, records in: 53992, records dropped: 0 output_compression: LZ4
2019/03/22-10:08:03.549981 7fc5dc86f700 (Original Log Time 2019/03/22-10:08:03.549820) EVENT_LOG_v1 {"time_micros": 1553274483549792, "job": 3, "event": "compaction_finished", "compaction_time_micros": 2864898, "output_level": 2, "num_output_files": 4, "total_output_size": 222991637, "num_input_records": 53992, "num_output_records": 53992, "num_subcompactions": 1, "output_compression": "LZ4", "num_single_delete_mismatches": 0, "num_single_delete_fallthrough": 0, "lsm_state": [2, 9, 178, 548, 0, 0, 0]}
2019/03/22-10:08:03.583491 7fc5dc86f700 (Original Log Time 2019/03/22-10:08:03.550071) [db/db_impl_compaction_flush.cc:1835] [usertable] Moving #1363 to level-3 67233578 bytes
2019/03/22-10:08:03.583495 7fc5dc86f700 (Original Log Time 2019/03/22-10:08:03.583422) EVENT_LOG_v1 {"time_micros": 1553274483583403, "job": 4, "event": "trivial_move", "destination_level": 3, "files": 1, "total_files_size": 67233578}
2019/03/22-10:08:03.583497 7fc5dc86f700 (Original Log Time 2019/03/22-10:08:03.583435) [db/db_impl_compaction_flush.cc:1864] [usertable] Moved #1 files to level-3 67233578 bytes OK: base level 1 max bytes base 536870912 files[2 9 177 549 0 0 0] max score 1.02
2019/03/22-10:08:03.610372 7fc5dc86f700 EVENT_LOG_v1 {"time_micros": 1553274483610361, "job": 4, "event": "table_file_deletion", "file_number": 1354}
2019/03/22-10:08:03.641983 7fc5dc86f700 (Original Log Time 2019/03/22-10:08:03.610557) [db/db_impl_compaction_flush.cc:1835] [usertable] Moving #1361 to level-3 67233542 bytes
2019/03/22-10:08:03.641989 7fc5dc86f700 (Original Log Time 2019/03/22-10:08:03.641918) EVENT_LOG_v1 {"time_micros": 1553274483641905, "job": 5, "event": "trivial_move", "destination_level": 3, "files": 1, "total_files_size": 67233542}
2019/03/22-10:08:03.641990 7fc5dc86f700 (Original Log Time 2019/03/22-10:08:03.641932) [db/db_impl_compaction_flush.cc:1864] [usertable] Moved #1 files to level-3 67233542 bytes OK: base level 1 max bytes base 536870912 files[2 9 176 550 0 0 0] max score 1.01
2019/03/22-10:08:03.674493 7fc5cf7fe700 (Original Log Time 2019/03/22-10:08:03.642343) [db/db_impl_compaction_flush.cc:1835] [usertable] Moving #1362 to level-3 67233348 bytes
2019/03/22-10:08:03.674500 7fc5cf7fe700 (Original Log Time 2019/03/22-10:08:03.674391) EVENT_LOG_v1 {"time_micros": 1553274483674376, "job": 6, "event": "trivial_move", "destination_level": 3, "files": 1, "total_files_size": 67233348}
2019/03/22-10:08:03.674504 7fc5cf7fe700 (Original Log Time 2019/03/22-10:08:03.674408) [db/db_impl_compaction_flush.cc:1864] [usertable] Moved #1 files to level-3 67233348 bytes OK: base level 1 max bytes base 536870912 files[2 9 175 551 0 0 0] max score 1.00
2019/03/22-10:08:03.706692 7fc5cf7fe700 (Original Log Time 2019/03/22-10:08:03.674818) [db/db_impl_compaction_flush.cc:1835] [usertable] Moving #899 to level-1 193890219 bytes
2019/03/22-10:08:03.706699 7fc5cf7fe700 (Original Log Time 2019/03/22-10:08:03.706564) EVENT_LOG_v1 {"time_micros": 1553274483706550, "job": 7, "event": "trivial_move", "destination_level": 1, "files": 1, "total_files_size": 193890219}
2019/03/22-10:08:03.706703 7fc5cf7fe700 (Original Log Time 2019/03/22-10:08:03.706582) [db/db_impl_compaction_flush.cc:1864] [usertable] Moved #1 files to level-1 193890219 bytes OK: base level 1 max bytes base 536870912 files[1 10 175 551 0 0 0] max score 1.32
2019/03/22-10:08:03.707002 7fc5cf7fe700 [db/compaction_job.cc:1531] [usertable] [JOB 8] Compacting 1@1 files to L2, score 1.32
2019/03/22-10:08:03.707016 7fc5cf7fe700 [db/compaction_job.cc:1535] [usertable] Compaction start summary: Base version 10 Base level 1, inputs: [899(184MB)]
2019/03/22-10:08:03.707040 7fc5cf7fe700 EVENT_LOG_v1 {"time_micros": 1553274483707024, "job": 8, "event": "compaction_started", "compaction_reason": "LevelMaxLevelSize", "files_L1": [899], "score": 1.32392, "input_data_size": 193890219}
2019/03/22-10:08:04.568574 7fc5cf7fe700 [db/compaction_job.cc:1211] [usertable] [JOB 8] Generated table #1365: 16279 keys, 67233548 bytes
