2018/11/23-02:48:17.010780 7f8b6fb1f0 RocksDB version: 5.14.3
2018/11/23-02:48:17.010931 7f8b6fb1f0 Git sha rocksdb_build_git_sha:
2018/11/23-02:48:17.010938 7f8b6fb1f0 Compile date Nov 22 2018
2018/11/23-02:48:17.010946 7f8b6fb1f0 DB SUMMARY
2018/11/23-02:48:17.010990 7f8b6fb1f0 SST files in /mnt/sda/ycsb-rocksdb-data dir, Total Num: 0, files: 
2018/11/23-02:48:17.010996 7f8b6fb1f0 Write Ahead Log file in /mnt/sda/ycsb-rocksdb-data: 
2018/11/23-02:48:17.011003 7f8b6fb1f0                         Options.error_if_exists: 0
2018/11/23-02:48:17.011007 7f8b6fb1f0                       Options.create_if_missing: 1
2018/11/23-02:48:17.011010 7f8b6fb1f0                         Options.paranoid_checks: 1
2018/11/23-02:48:17.011013 7f8b6fb1f0                                     Options.env: 0x7f8b4f4f70
2018/11/23-02:48:17.011016 7f8b6fb1f0                                Options.info_log: 0x7f543cd620
2018/11/23-02:48:17.011019 7f8b6fb1f0                Options.max_file_opening_threads: 16
2018/11/23-02:48:17.011023 7f8b6fb1f0                              Options.statistics: (nil)
2018/11/23-02:48:17.011026 7f8b6fb1f0                               Options.use_fsync: 0
2018/11/23-02:48:17.011029 7f8b6fb1f0                       Options.max_log_file_size: 0
2018/11/23-02:48:17.011032 7f8b6fb1f0                  Options.max_manifest_file_size: 18446744073709551615
2018/11/23-02:48:17.011035 7f8b6fb1f0                   Options.log_file_time_to_roll: 0
2018/11/23-02:48:17.011038 7f8b6fb1f0                       Options.keep_log_file_num: 1000
2018/11/23-02:48:17.011041 7f8b6fb1f0                    Options.recycle_log_file_num: 0
2018/11/23-02:48:17.011044 7f8b6fb1f0                         Options.allow_fallocate: 1
2018/11/23-02:48:17.011047 7f8b6fb1f0                        Options.allow_mmap_reads: 0
2018/11/23-02:48:17.011050 7f8b6fb1f0                       Options.allow_mmap_writes: 0
2018/11/23-02:48:17.011053 7f8b6fb1f0                        Options.use_direct_reads: 0
2018/11/23-02:48:17.011056 7f8b6fb1f0                        Options.use_direct_io_for_flush_and_compaction: 0
2018/11/23-02:48:17.011059 7f8b6fb1f0          Options.create_missing_column_families: 1
2018/11/23-02:48:17.011062 7f8b6fb1f0                              Options.db_log_dir: 
2018/11/23-02:48:17.011065 7f8b6fb1f0                                 Options.wal_dir: /mnt/sda/ycsb-rocksdb-data
2018/11/23-02:48:17.011068 7f8b6fb1f0                Options.table_cache_numshardbits: 6
2018/11/23-02:48:17.011071 7f8b6fb1f0                      Options.max_subcompactions: 4
2018/11/23-02:48:17.011074 7f8b6fb1f0                  Options.max_background_flushes: 6
2018/11/23-02:48:17.011077 7f8b6fb1f0                         Options.WAL_ttl_seconds: 0
2018/11/23-02:48:17.011080 7f8b6fb1f0                       Options.WAL_size_limit_MB: 0
2018/11/23-02:48:17.011083 7f8b6fb1f0             Options.manifest_preallocation_size: 4194304
2018/11/23-02:48:17.011085 7f8b6fb1f0                     Options.is_fd_close_on_exec: 1
2018/11/23-02:48:17.011088 7f8b6fb1f0                   Options.advise_random_on_open: 1
2018/11/23-02:48:17.011091 7f8b6fb1f0                    Options.db_write_buffer_size: 0
2018/11/23-02:48:17.011094 7f8b6fb1f0                    Options.write_buffer_manager: 0x7f543cd580
2018/11/23-02:48:17.011096 7f8b6fb1f0         Options.access_hint_on_compaction_start: 1
2018/11/23-02:48:17.011099 7f8b6fb1f0  Options.new_table_reader_for_compaction_inputs: 0
2018/11/23-02:48:17.011102 7f8b6fb1f0           Options.random_access_max_buffer_size: 1048576
2018/11/23-02:48:17.011105 7f8b6fb1f0                      Options.use_adaptive_mutex: 0
2018/11/23-02:48:17.011108 7f8b6fb1f0                            Options.rate_limiter: (nil)
2018/11/23-02:48:17.011113 7f8b6fb1f0     Options.sst_file_manager.rate_bytes_per_sec: 0
2018/11/23-02:48:17.011116 7f8b6fb1f0                       Options.wal_recovery_mode: 2
2018/11/23-02:48:17.011119 7f8b6fb1f0                  Options.enable_thread_tracking: 0
2018/11/23-02:48:17.011122 7f8b6fb1f0                  Options.enable_pipelined_write: 1
2018/11/23-02:48:17.011124 7f8b6fb1f0         Options.allow_concurrent_memtable_write: 1
2018/11/23-02:48:17.011143 7f8b6fb1f0      Options.enable_write_thread_adaptive_yield: 1
2018/11/23-02:48:17.011148 7f8b6fb1f0             Options.write_thread_max_yield_usec: 100
2018/11/23-02:48:17.011151 7f8b6fb1f0            Options.write_thread_slow_yield_usec: 3
2018/11/23-02:48:17.011154 7f8b6fb1f0                               Options.row_cache: None
2018/11/23-02:48:17.011157 7f8b6fb1f0                              Options.wal_filter: None
2018/11/23-02:48:17.011160 7f8b6fb1f0             Options.avoid_flush_during_recovery: 0
2018/11/23-02:48:17.011163 7f8b6fb1f0             Options.allow_ingest_behind: 0
2018/11/23-02:48:17.011166 7f8b6fb1f0             Options.preserve_deletes: 0
2018/11/23-02:48:17.011169 7f8b6fb1f0             Options.two_write_queues: 0
2018/11/23-02:48:17.011171 7f8b6fb1f0             Options.manual_wal_flush: 0
2018/11/23-02:48:17.011177 7f8b6fb1f0             Options.max_background_jobs: 6
2018/11/23-02:48:17.011180 7f8b6fb1f0             Options.max_background_compactions: 6
2018/11/23-02:48:17.011183 7f8b6fb1f0             Options.avoid_flush_during_shutdown: 0
2018/11/23-02:48:17.011185 7f8b6fb1f0           Options.writable_file_max_buffer_size: 1048576
2018/11/23-02:48:17.011188 7f8b6fb1f0             Options.delayed_write_rate : 16777216
2018/11/23-02:48:17.011191 7f8b6fb1f0             Options.max_total_wal_size: 0
2018/11/23-02:48:17.011194 7f8b6fb1f0             Options.delete_obsolete_files_period_micros: 21600000000
2018/11/23-02:48:17.011197 7f8b6fb1f0                   Options.stats_dump_period_sec: 60
2018/11/23-02:48:17.011199 7f8b6fb1f0                          Options.max_open_files: -1
2018/11/23-02:48:17.011202 7f8b6fb1f0                          Options.bytes_per_sync: 1048576
2018/11/23-02:48:17.011205 7f8b6fb1f0                      Options.wal_bytes_per_sync: 0
2018/11/23-02:48:17.011208 7f8b6fb1f0       Options.compaction_readahead_size: 0
2018/11/23-02:48:17.011210 7f8b6fb1f0 Compression algorithms supported:
2018/11/23-02:48:17.011214 7f8b6fb1f0 	kZSTDNotFinalCompression supported: 1
2018/11/23-02:48:17.011246 7f8b6fb1f0 	kZSTD supported: 1
2018/11/23-02:48:17.011252 7f8b6fb1f0 	kXpressCompression supported: 0
2018/11/23-02:48:17.011255 7f8b6fb1f0 	kLZ4HCCompression supported: 1
2018/11/23-02:48:17.011259 7f8b6fb1f0 	kLZ4Compression supported: 1
2018/11/23-02:48:17.011262 7f8b6fb1f0 	kBZip2Compression supported: 1
2018/11/23-02:48:17.011265 7f8b6fb1f0 	kZlibCompression supported: 1
2018/11/23-02:48:17.011268 7f8b6fb1f0 	kSnappyCompression supported: 1
2018/11/23-02:48:17.011276 7f8b6fb1f0 Fast CRC32 supported: Not supported on x86
2018/11/23-02:48:17.011440 7f8b6fb1f0 [db/db_impl_open.cc:222] Creating manifest 1 
2018/11/23-02:48:17.116170 7f8b6fb1f0 [db/version_set.cc:3085] Recovering from manifest file: MANIFEST-000001
2018/11/23-02:48:17.116604 7f8b6fb1f0 [db/column_family.cc:475] --------------- Options for column family [default]:
2018/11/23-02:48:17.116621 7f8b6fb1f0               Options.comparator: leveldb.BytewiseComparator
2018/11/23-02:48:17.116628 7f8b6fb1f0           Options.merge_operator: None
2018/11/23-02:48:17.116635 7f8b6fb1f0        Options.compaction_filter: None
2018/11/23-02:48:17.116641 7f8b6fb1f0        Options.compaction_filter_factory: None
2018/11/23-02:48:17.116647 7f8b6fb1f0         Options.memtable_factory: SkipListFactory
2018/11/23-02:48:17.116654 7f8b6fb1f0            Options.table_factory: BlockBasedTable
2018/11/23-02:48:17.116757 7f8b6fb1f0            table_factory options:   flush_block_policy_factory: FlushBlockBySizePolicyFactory (0x7f543996b0)
  cache_index_and_filter_blocks: 0
  cache_index_and_filter_blocks_with_high_priority: 0
  pin_l0_filter_and_index_blocks_in_cache: 0
  index_type: 0
  hash_index_allow_collision: 1
  checksum: 1
  no_block_cache: 0
  block_cache: 0x7f5439e4f0
  block_cache_name: LRUCache
  block_cache_options:
    capacity : 8388608
    num_shard_bits : 4
    strict_capacity_limit : 0
    high_pri_pool_ratio: 0.000
  block_cache_compressed: (nil)
  persistent_cache: (nil)
  block_size: 8192
  block_size_deviation: 10
  block_restart_interval: 16
  index_block_restart_interval: 1
  metadata_block_size: 4096
  partition_filters: 0
  use_delta_encoding: 1
  filter_policy: nullptr
  whole_key_filtering: 1
  verify_compression: 0
  read_amp_bytes_per_bit: 0
  format_version: 2
  enable_index_compression: 1
  block_align: 0
2018/11/23-02:48:17.116842 7f8b6fb1f0        Options.write_buffer_size: 134217728
2018/11/23-02:48:17.116850 7f8b6fb1f0  Options.max_write_buffer_number: 24
2018/11/23-02:48:17.116858 7f8b6fb1f0        Options.compression[0]: NoCompression
2018/11/23-02:48:17.116865 7f8b6fb1f0        Options.compression[1]: NoCompression
2018/11/23-02:48:17.116871 7f8b6fb1f0        Options.compression[2]: LZ4
2018/11/23-02:48:17.116877 7f8b6fb1f0        Options.compression[3]: LZ4
2018/11/23-02:48:17.116883 7f8b6fb1f0        Options.compression[4]: LZ4
2018/11/23-02:48:17.116889 7f8b6fb1f0        Options.compression[5]: LZ4
2018/11/23-02:48:17.116895 7f8b6fb1f0        Options.compression[6]: LZ4
2018/11/23-02:48:17.116901 7f8b6fb1f0                  Options.bottommost_compression: Disabled
2018/11/23-02:48:17.116908 7f8b6fb1f0       Options.prefix_extractor: nullptr
2018/11/23-02:48:17.116914 7f8b6fb1f0   Options.memtable_insert_with_hint_prefix_extractor: nullptr
2018/11/23-02:48:17.116920 7f8b6fb1f0             Options.num_levels: 7
2018/11/23-02:48:17.116926 7f8b6fb1f0        Options.min_write_buffer_number_to_merge: 2
2018/11/23-02:48:17.116931 7f8b6fb1f0     Options.max_write_buffer_number_to_maintain: 0
2018/11/23-02:48:17.116937 7f8b6fb1f0            Options.compression_opts.window_bits: -14
2018/11/23-02:48:17.116944 7f8b6fb1f0                  Options.compression_opts.level: -1
2018/11/23-02:48:17.116949 7f8b6fb1f0               Options.compression_opts.strategy: 0
2018/11/23-02:48:17.116955 7f8b6fb1f0         Options.compression_opts.max_dict_bytes: 0
2018/11/23-02:48:17.116961 7f8b6fb1f0         Options.compression_opts.zstd_max_train_bytes: 0
2018/11/23-02:48:17.116967 7f8b6fb1f0      Options.level0_file_num_compaction_trigger: 2
2018/11/23-02:48:17.116973 7f8b6fb1f0          Options.level0_slowdown_writes_trigger: 20
2018/11/23-02:48:17.116979 7f8b6fb1f0              Options.level0_stop_writes_trigger: 36
2018/11/23-02:48:17.116984 7f8b6fb1f0                   Options.target_file_size_base: 67108864
2018/11/23-02:48:17.116991 7f8b6fb1f0             Options.target_file_size_multiplier: 1
2018/11/23-02:48:17.116996 7f8b6fb1f0                Options.max_bytes_for_level_base: 536870912
2018/11/23-02:48:17.117003 7f8b6fb1f0 Options.level_compaction_dynamic_level_bytes: 0
2018/11/23-02:48:17.117008 7f8b6fb1f0          Options.max_bytes_for_level_multiplier: 10.000000
2018/11/23-02:48:17.117021 7f8b6fb1f0 Options.max_bytes_for_level_multiplier_addtl[0]: 1
2018/11/23-02:48:17.117028 7f8b6fb1f0 Options.max_bytes_for_level_multiplier_addtl[1]: 1
2018/11/23-02:48:17.117033 7f8b6fb1f0 Options.max_bytes_for_level_multiplier_addtl[2]: 1
2018/11/23-02:48:17.117040 7f8b6fb1f0 Options.max_bytes_for_level_multiplier_addtl[3]: 1
2018/11/23-02:48:17.117045 7f8b6fb1f0 Options.max_bytes_for_level_multiplier_addtl[4]: 1
2018/11/23-02:48:17.117051 7f8b6fb1f0 Options.max_bytes_for_level_multiplier_addtl[5]: 1
2018/11/23-02:48:17.117057 7f8b6fb1f0 Options.max_bytes_for_level_multiplier_addtl[6]: 1
2018/11/23-02:48:17.117063 7f8b6fb1f0       Options.max_sequential_skip_in_iterations: 8
2018/11/23-02:48:17.117069 7f8b6fb1f0                    Options.max_compaction_bytes: 1677721600
2018/11/23-02:48:17.117075 7f8b6fb1f0                        Options.arena_block_size: 16777216
2018/11/23-02:48:17.117081 7f8b6fb1f0   Options.soft_pending_compaction_bytes_limit: 68719476736
2018/11/23-02:48:17.117087 7f8b6fb1f0   Options.hard_pending_compaction_bytes_limit: 274877906944
2018/11/23-02:48:17.117093 7f8b6fb1f0       Options.rate_limit_delay_max_milliseconds: 100
2018/11/23-02:48:17.117098 7f8b6fb1f0                Options.disable_auto_compactions: 0
2018/11/23-02:48:17.117106 7f8b6fb1f0                        Options.compaction_style: kCompactionStyleLevel
2018/11/23-02:48:17.117136 7f8b6fb1f0                          Options.compaction_pri: kByCompensatedSize
2018/11/23-02:48:17.117144 7f8b6fb1f0 Options.compaction_options_universal.size_ratio: 1
2018/11/23-02:48:17.117150 7f8b6fb1f0 Options.compaction_options_universal.min_merge_width: 2
2018/11/23-02:48:17.117156 7f8b6fb1f0 Options.compaction_options_universal.max_merge_width: 4294967295
2018/11/23-02:48:17.117162 7f8b6fb1f0 Options.compaction_options_universal.max_size_amplification_percent: 200
2018/11/23-02:48:17.117168 7f8b6fb1f0 Options.compaction_options_universal.compression_size_percent: -1
2018/11/23-02:48:17.117176 7f8b6fb1f0 Options.compaction_options_universal.stop_style: kCompactionStopStyleTotalSize
2018/11/23-02:48:17.117182 7f8b6fb1f0 Options.compaction_options_fifo.max_table_files_size: 1073741824
2018/11/23-02:48:17.117188 7f8b6fb1f0 Options.compaction_options_fifo.allow_compaction: 0
2018/11/23-02:48:17.117194 7f8b6fb1f0 Options.compaction_options_fifo.ttl: 0
2018/11/23-02:48:17.117200 7f8b6fb1f0                   Options.table_properties_collectors: 
2018/11/23-02:48:17.117206 7f8b6fb1f0                   Options.inplace_update_support: 0
2018/11/23-02:48:17.117212 7f8b6fb1f0                 Options.inplace_update_num_locks: 10000
2018/11/23-02:48:17.117218 7f8b6fb1f0               Options.memtable_prefix_bloom_size_ratio: 0.000000
2018/11/23-02:48:17.117225 7f8b6fb1f0   Options.memtable_huge_page_size: 0
2018/11/23-02:48:17.117231 7f8b6fb1f0                           Options.bloom_locality: 0
2018/11/23-02:48:17.117237 7f8b6fb1f0                    Options.max_successive_merges: 0
2018/11/23-02:48:17.117243 7f8b6fb1f0                Options.optimize_filters_for_hits: 0
2018/11/23-02:48:17.117249 7f8b6fb1f0                Options.paranoid_file_checks: 0
2018/11/23-02:48:17.117255 7f8b6fb1f0                Options.force_consistency_checks: 0
2018/11/23-02:48:17.117261 7f8b6fb1f0                Options.report_bg_io_stats: 0
2018/11/23-02:48:17.117266 7f8b6fb1f0                               Options.ttl: 0
2018/11/23-02:48:17.119764 7f8b6fb1f0 [db/version_set.cc:3361] Recovered from manifest file:/mnt/sda/ycsb-rocksdb-data/MANIFEST-000001 succeeded,manifest_file_number is 1, next_file_number is 3, last_sequence is 0, log_number is 0,prev_log_number is 0,max_column_family is 0,min_log_number_to_keep is 0
2018/11/23-02:48:17.119791 7f8b6fb1f0 [db/version_set.cc:3369] Column family [default] (ID 0), log number is 0
2018/11/23-02:48:17.120278 7f8b6fb1f0 [db/version_set.cc:2847] Creating manifest 4
2018/11/23-02:48:17.195323 7f8b6fb1f0 [db/column_family.cc:475] --------------- Options for column family [usertable]:
2018/11/23-02:48:17.195364 7f8b6fb1f0               Options.comparator: leveldb.BytewiseComparator
2018/11/23-02:48:17.195372 7f8b6fb1f0           Options.merge_operator: None
2018/11/23-02:48:17.195378 7f8b6fb1f0        Options.compaction_filter: None
2018/11/23-02:48:17.195384 7f8b6fb1f0        Options.compaction_filter_factory: None
2018/11/23-02:48:17.195390 7f8b6fb1f0         Options.memtable_factory: SkipListFactory
2018/11/23-02:48:17.195397 7f8b6fb1f0            Options.table_factory: BlockBasedTable
2018/11/23-02:48:17.195494 7f8b6fb1f0            table_factory options:   flush_block_policy_factory: FlushBlockBySizePolicyFactory (0x7f543938e0)
  cache_index_and_filter_blocks: 0
  cache_index_and_filter_blocks_with_high_priority: 0
  pin_l0_filter_and_index_blocks_in_cache: 0
  index_type: 0
  hash_index_allow_collision: 1
  checksum: 1
  no_block_cache: 0
  block_cache: 0x7f543a1420
  block_cache_name: LRUCache
  block_cache_options:
    capacity : 8388608
    num_shard_bits : 4
    strict_capacity_limit : 0
    high_pri_pool_ratio: 0.000
  block_cache_compressed: (nil)
  persistent_cache: (nil)
  block_size: 8192
  block_size_deviation: 10
  block_restart_interval: 16
  index_block_restart_interval: 1
  metadata_block_size: 4096
  partition_filters: 0
  use_delta_encoding: 1
  filter_policy: nullptr
  whole_key_filtering: 1
  verify_compression: 0
  read_amp_bytes_per_bit: 0
  format_version: 2
  enable_index_compression: 1
  block_align: 0
2018/11/23-02:48:17.195504 7f8b6fb1f0        Options.write_buffer_size: 134217728
2018/11/23-02:48:17.195511 7f8b6fb1f0  Options.max_write_buffer_number: 24
2018/11/23-02:48:17.195518 7f8b6fb1f0        Options.compression[0]: NoCompression
2018/11/23-02:48:17.195525 7f8b6fb1f0        Options.compression[1]: NoCompression
2018/11/23-02:48:17.195531 7f8b6fb1f0        Options.compression[2]: LZ4
2018/11/23-02:48:17.195538 7f8b6fb1f0        Options.compression[3]: LZ4
2018/11/23-02:48:17.195576 7f8b6fb1f0        Options.compression[4]: LZ4
2018/11/23-02:48:17.195584 7f8b6fb1f0        Options.compression[5]: LZ4
2018/11/23-02:48:17.195591 7f8b6fb1f0        Options.compression[6]: LZ4
2018/11/23-02:48:17.195597 7f8b6fb1f0                  Options.bottommost_compression: Disabled
2018/11/23-02:48:17.195604 7f8b6fb1f0       Options.prefix_extractor: nullptr
2018/11/23-02:48:17.195610 7f8b6fb1f0   Options.memtable_insert_with_hint_prefix_extractor: nullptr
2018/11/23-02:48:17.195616 7f8b6fb1f0             Options.num_levels: 7
2018/11/23-02:48:17.195622 7f8b6fb1f0        Options.min_write_buffer_number_to_merge: 2
2018/11/23-02:48:17.195628 7f8b6fb1f0     Options.max_write_buffer_number_to_maintain: 0
2018/11/23-02:48:17.195634 7f8b6fb1f0            Options.compression_opts.window_bits: -14
2018/11/23-02:48:17.195640 7f8b6fb1f0                  Options.compression_opts.level: -1
2018/11/23-02:48:17.195646 7f8b6fb1f0               Options.compression_opts.strategy: 0
2018/11/23-02:48:17.195652 7f8b6fb1f0         Options.compression_opts.max_dict_bytes: 0
2018/11/23-02:48:17.195658 7f8b6fb1f0         Options.compression_opts.zstd_max_train_bytes: 0
2018/11/23-02:48:17.195664 7f8b6fb1f0      Options.level0_file_num_compaction_trigger: 2
2018/11/23-02:48:17.195670 7f8b6fb1f0          Options.level0_slowdown_writes_trigger: 20
2018/11/23-02:48:17.195676 7f8b6fb1f0              Options.level0_stop_writes_trigger: 36
2018/11/23-02:48:17.195682 7f8b6fb1f0                   Options.target_file_size_base: 67108864
2018/11/23-02:48:17.195688 7f8b6fb1f0             Options.target_file_size_multiplier: 1
2018/11/23-02:48:17.195694 7f8b6fb1f0                Options.max_bytes_for_level_base: 536870912
2018/11/23-02:48:17.195700 7f8b6fb1f0 Options.level_compaction_dynamic_level_bytes: 0
2018/11/23-02:48:17.195706 7f8b6fb1f0          Options.max_bytes_for_level_multiplier: 10.000000
2018/11/23-02:48:17.195718 7f8b6fb1f0 Options.max_bytes_for_level_multiplier_addtl[0]: 1
2018/11/23-02:48:17.195725 7f8b6fb1f0 Options.max_bytes_for_level_multiplier_addtl[1]: 1
2018/11/23-02:48:17.195799 7f8b6fb1f0 Options.max_bytes_for_level_multiplier_addtl[2]: 1
2018/11/23-02:48:17.195807 7f8b6fb1f0 Options.max_bytes_for_level_multiplier_addtl[3]: 1
2018/11/23-02:48:17.195814 7f8b6fb1f0 Options.max_bytes_for_level_multiplier_addtl[4]: 1
2018/11/23-02:48:17.195819 7f8b6fb1f0 Options.max_bytes_for_level_multiplier_addtl[5]: 1
2018/11/23-02:48:17.195825 7f8b6fb1f0 Options.max_bytes_for_level_multiplier_addtl[6]: 1
2018/11/23-02:48:17.195832 7f8b6fb1f0       Options.max_sequential_skip_in_iterations: 8
2018/11/23-02:48:17.195837 7f8b6fb1f0                    Options.max_compaction_bytes: 1677721600
2018/11/23-02:48:17.195843 7f8b6fb1f0                        Options.arena_block_size: 16777216
2018/11/23-02:48:17.195849 7f8b6fb1f0   Options.soft_pending_compaction_bytes_limit: 68719476736
2018/11/23-02:48:17.195856 7f8b6fb1f0   Options.hard_pending_compaction_bytes_limit: 274877906944
2018/11/23-02:48:17.195862 7f8b6fb1f0       Options.rate_limit_delay_max_milliseconds: 100
2018/11/23-02:48:17.195867 7f8b6fb1f0                Options.disable_auto_compactions: 0
2018/11/23-02:48:17.195877 7f8b6fb1f0                        Options.compaction_style: kCompactionStyleLevel
2018/11/23-02:48:17.195885 7f8b6fb1f0                          Options.compaction_pri: kByCompensatedSize
2018/11/23-02:48:17.195891 7f8b6fb1f0 Options.compaction_options_universal.size_ratio: 1
2018/11/23-02:48:17.195897 7f8b6fb1f0 Options.compaction_options_universal.min_merge_width: 2
2018/11/23-02:48:17.195903 7f8b6fb1f0 Options.compaction_options_universal.max_merge_width: 4294967295
2018/11/23-02:48:17.195909 7f8b6fb1f0 Options.compaction_options_universal.max_size_amplification_percent: 200
2018/11/23-02:48:17.195915 7f8b6fb1f0 Options.compaction_options_universal.compression_size_percent: -1
2018/11/23-02:48:17.195923 7f8b6fb1f0 Options.compaction_options_universal.stop_style: kCompactionStopStyleTotalSize
2018/11/23-02:48:17.195929 7f8b6fb1f0 Options.compaction_options_fifo.max_table_files_size: 1073741824
2018/11/23-02:48:17.195935 7f8b6fb1f0 Options.compaction_options_fifo.allow_compaction: 0
2018/11/23-02:48:17.195941 7f8b6fb1f0 Options.compaction_options_fifo.ttl: 0
2018/11/23-02:48:17.195947 7f8b6fb1f0                   Options.table_properties_collectors: 
2018/11/23-02:48:17.195953 7f8b6fb1f0                   Options.inplace_update_support: 0
2018/11/23-02:48:17.195959 7f8b6fb1f0                 Options.inplace_update_num_locks: 10000
2018/11/23-02:48:17.195965 7f8b6fb1f0               Options.memtable_prefix_bloom_size_ratio: 0.000000
2018/11/23-02:48:17.195972 7f8b6fb1f0   Options.memtable_huge_page_size: 0
2018/11/23-02:48:17.195979 7f8b6fb1f0                           Options.bloom_locality: 0
2018/11/23-02:48:17.195985 7f8b6fb1f0                    Options.max_successive_merges: 0
2018/11/23-02:48:17.195991 7f8b6fb1f0                Options.optimize_filters_for_hits: 0
2018/11/23-02:48:17.195997 7f8b6fb1f0                Options.paranoid_file_checks: 0
2018/11/23-02:48:17.196003 7f8b6fb1f0                Options.force_consistency_checks: 0
2018/11/23-02:48:17.196008 7f8b6fb1f0                Options.report_bg_io_stats: 0
2018/11/23-02:48:17.196014 7f8b6fb1f0                               Options.ttl: 0
2018/11/23-02:48:17.196262 7f8b6fb1f0 [db/db_impl.cc:1396] Created column family [usertable] (ID 1)
2018/11/23-02:48:17.289893 7f8b6fb1f0 [db/db_impl_open.cc:1219] DB pointer 0x7f543cc7e0
2018/11/23-02:48:23.321685 7f8b6fb1f0 [db/db_impl_write.cc:1373] [usertable] New memtable created with log file: #9. Immutable memtables: 0.
2018/11/23-02:48:29.596143 7f8b5fb1f0 [db/db_impl_write.cc:1373] [usertable] New memtable created with log file: #10. Immutable memtables: 1.
2018/11/23-02:48:29.596696 7f3effd1f0 [db/db_impl_compaction_flush.cc:80] [JOB 2] Syncing log #3
2018/11/23-02:48:29.720917 7f3effd1f0 [db/db_impl_compaction_flush.cc:80] [JOB 2] Syncing log #9
2018/11/23-02:48:30.361192 7f3effd1f0 (Original Log Time 2018/11/23-02:48:29.596587) [db/db_impl_compaction_flush.cc:1424] Calling FlushMemTableToOutputFile with column family [usertable], flush slots available 6, compaction slots available 1, flush slots scheduled 1, compaction slots scheduled 0
2018/11/23-02:48:30.361239 7f3effd1f0 [db/flush_job.cc:301] [usertable] [JOB 2] Flushing memtable with next log file: 9
2018/11/23-02:48:30.361280 7f3effd1f0 [db/flush_job.cc:301] [usertable] [JOB 2] Flushing memtable with next log file: 10
2018/11/23-02:48:30.361442 7f3effd1f0 EVENT_LOG_v1 {"time_micros": 1542941310361381, "job": 2, "event": "flush_started", "num_memtables": 2, "num_entries": 61509, "num_deletes": 0, "memory_usage": 254990264, "flush_reason": "Write Buffer Full"}
2018/11/23-02:48:30.361484 7f3effd1f0 [db/flush_job.cc:331] [usertable] [JOB 2] Level-0 flush table #11: started
2018/11/23-02:48:31.685781 7f3effd1f0 EVENT_LOG_v1 {"time_micros": 1542941311685719, "cf_name": "usertable", "job": 2, "event": "table_file_creation", "file_number": 11, "file_size": 254733387, "table_properties": {"data_size": 253601621, "index_size": 1130839, "filter_size": 0, "raw_key_size": 1476216, "raw_average_key_size": 24, "raw_value_size": 251940864, "raw_average_value_size": 4096, "num_data_blocks": 30755, "num_entries": 61509, "filter_policy_name": "", "kDeletedKeys": "0", "kMergeOperands": "0"}}
2018/11/23-02:48:31.685851 7f3effd1f0 [db/flush_job.cc:371] [usertable] [JOB 2] Level-0 flush table #11: 254733387 bytes OK
2018/11/23-02:48:31.718030 7f3effd1f0 (Original Log Time 2018/11/23-02:48:31.685890) [db/memtable_list.cc:377] [usertable] Level-0 commit table #11 started
2018/11/23-02:48:31.718047 7f3effd1f0 (Original Log Time 2018/11/23-02:48:31.717727) [db/memtable_list.cc:409] [usertable] Level-0 commit table #11: memtable #1 done
2018/11/23-02:48:31.718057 7f3effd1f0 (Original Log Time 2018/11/23-02:48:31.717771) [db/memtable_list.cc:409] [usertable] Level-0 commit table #11: memtable #2 done
2018/11/23-02:48:31.718067 7f3effd1f0 (Original Log Time 2018/11/23-02:48:31.717845) EVENT_LOG_v1 {"time_micros": 1542941311717812, "job": 2, "event": "flush_finished", "output_compression": "NoCompression", "lsm_state": [1, 0, 0, 0, 0, 0, 0], "immutable_memtables": 0}
2018/11/23-02:48:31.718077 7f3effd1f0 (Original Log Time 2018/11/23-02:48:31.717921) [db/db_impl_compaction_flush.cc:177] [usertable] Level summary: base level 1 max bytes base 536870912 files[1 0 0 0 0 0 0] max score 0.50
2018/11/23-02:48:31.718127 7f3effd1f0 [db/db_impl_files.cc:347] [JOB 2] Try to delete WAL files size 253965585, prev total WAL file size 297776340, number of live WAL files 3.
2018/11/23-02:48:35.871165 7f8b6fb1f0 [db/db_impl_write.cc:1373] [usertable] New memtable created with log file: #12. Immutable memtables: 0.
2018/11/23-02:48:42.145692 7f8b5fb1f0 [db/db_impl_write.cc:1373] [usertable] New memtable created with log file: #13. Immutable memtables: 1.
2018/11/23-02:48:42.145979 7f3cff91f0 [db/db_impl_compaction_flush.cc:80] [JOB 3] Syncing log #10
2018/11/23-02:48:42.818816 7f3cff91f0 [db/db_impl_compaction_flush.cc:80] [JOB 3] Syncing log #12
2018/11/23-02:48:43.719459 7f3cff91f0 (Original Log Time 2018/11/23-02:48:42.145935) [db/db_impl_compaction_flush.cc:1424] Calling FlushMemTableToOutputFile with column family [usertable], flush slots available 6, compaction slots available 1, flush slots scheduled 1, compaction slots scheduled 0
2018/11/23-02:48:43.719501 7f3cff91f0 [db/flush_job.cc:301] [usertable] [JOB 3] Flushing memtable with next log file: 12
2018/11/23-02:48:43.719522 7f3cff91f0 [db/flush_job.cc:301] [usertable] [JOB 3] Flushing memtable with next log file: 13
2018/11/23-02:48:43.719668 7f3cff91f0 EVENT_LOG_v1 {"time_micros": 1542941323719641, "job": 3, "event": "flush_started", "num_memtables": 2, "num_entries": 62748, "num_deletes": 0, "memory_usage": 260065136, "flush_reason": "Write Buffer Full"}
2018/11/23-02:48:43.719693 7f3cff91f0 [db/flush_job.cc:331] [usertable] [JOB 3] Level-0 flush table #14: started
2018/11/23-02:48:46.214934 7f3cff91f0 EVENT_LOG_v1 {"time_micros": 1542941326214834, "cf_name": "usertable", "job": 3, "event": "table_file_creation", "file_number": 14, "file_size": 259878477, "table_properties": {"data_size": 258716976, "index_size": 1160574, "filter_size": 0, "raw_key_size": 1505952, "raw_average_key_size": 24, "raw_value_size": 257015808, "raw_average_value_size": 4096, "num_data_blocks": 31374, "num_entries": 62748, "filter_policy_name": "", "kDeletedKeys": "0", "kMergeOperands": "0"}}
2018/11/23-02:48:46.215004 7f3cff91f0 [db/flush_job.cc:371] [usertable] [JOB 3] Level-0 flush table #14: 259878477 bytes OK
2018/11/23-02:48:46.341263 7f3cff91f0 (Original Log Time 2018/11/23-02:48:46.215046) [db/memtable_list.cc:377] [usertable] Level-0 commit table #14 started
2018/11/23-02:48:46.341282 7f3cff91f0 (Original Log Time 2018/11/23-02:48:46.340924) [db/memtable_list.cc:409] [usertable] Level-0 commit table #14: memtable #1 done
2018/11/23-02:48:46.341292 7f3cff91f0 (Original Log Time 2018/11/23-02:48:46.340954) [db/memtable_list.cc:409] [usertable] Level-0 commit table #14: memtable #2 done
2018/11/23-02:48:46.341302 7f3cff91f0 (Original Log Time 2018/11/23-02:48:46.341032) EVENT_LOG_v1 {"time_micros": 1542941326341000, "job": 3, "event": "flush_finished", "output_compression": "NoCompression", "lsm_state": [2, 0, 0, 0, 0, 0, 0], "immutable_memtables": 0}
2018/11/23-02:48:46.341312 7f3cff91f0 (Original Log Time 2018/11/23-02:48:46.341181) [db/db_impl_compaction_flush.cc:177] [usertable] Level summary: base level 1 max bytes base 536870912 files[2 0 0 0 0 0 0] max score 1.00
2018/11/23-02:48:46.341361 7f3cff91f0 [db/db_impl_files.cc:347] [JOB 3] Try to delete WAL files size 259082736, prev total WAL file size 345705772, number of live WAL files 3.
2018/11/23-02:48:46.341771 7f89c5c1f0 [WARN] [db/db_impl.cc:491] ------- DUMPING STATS -------
2018/11/23-02:48:46.341844 7f89c5c1f0 [WARN] [db/db_impl.cc:492] 
** DB Stats **
Uptime(secs): 29.2 total, 29.2 interval
Cumulative writes: 145K writes, 145K keys, 144K commit groups, 1.0 writes per commit group, ingest: 0.56 GB, 19.57 MB/s
Cumulative WAL: 145K writes, 0 syncs, 145238.00 writes per sync, written: 0.56 GB, 19.57 MB/s
Cumulative stall: 00:00:0.000 H:M:S, 0.0 percent
Interval writes: 145K writes, 145K keys, 144K commit groups, 1.0 writes per commit group, ingest: 571.90 MB, 19.57 MB/s
Interval WAL: 145K writes, 0 syncs, 145238.00 writes per sync, written: 0.56 MB, 19.57 MB/s
Interval stall: 00:00:0.000 H:M:S, 0.0 percent

** Compaction Stats [default] **
Level    Files   Size     Score Read(GB)  Rn(GB) Rnp1(GB) Write(GB) Wnew(GB) Moved(GB) W-Amp Rd(MB/s) Wr(MB/s) Comp(sec) Comp(cnt) Avg(sec) KeyIn KeyDrop
----------------------------------------------------------------------------------------------------------------------------------------------------------
 Sum      0/0    0.00 KB   0.0      0.0     0.0      0.0       0.0      0.0       0.0   0.0      0.0      0.0         0         0    0.000       0      0
 Int      0/0    0.00 KB   0.0      0.0     0.0      0.0       0.0      0.0       0.0   0.0      0.0      0.0         0         0    0.000       0      0
Uptime(secs): 29.2 total, 29.2 interval
Flush(GB): cumulative 0.000, interval 0.000
AddFile(GB): cumulative 0.000, interval 0.000
AddFile(Total Files): cumulative 0, interval 0
AddFile(L0 Files): cumulative 0, interval 0
AddFile(Keys): cumulative 0, interval 0
Cumulative compaction: 0.00 GB write, 0.00 MB/s write, 0.00 GB read, 0.00 MB/s read, 0.0 seconds
Interval compaction: 0.00 GB write, 0.00 MB/s write, 0.00 GB read, 0.00 MB/s read, 0.0 seconds
Stalls(count): 0 level0_slowdown, 0 level0_slowdown_with_compaction, 0 level0_numfiles, 0 level0_numfiles_with_compaction, 0 stop for pending_compaction_bytes, 0 slowdown for pending_compaction_bytes, 0 memtable_compaction, 0 memtable_slowdown, interval 0 total count

** File Read Latency Histogram By Level [default] **

** Compaction Stats [usertable] **
Level    Files   Size     Score Read(GB)  Rn(GB) Rnp1(GB) Write(GB) Wnew(GB) Moved(GB) W-Amp Rd(MB/s) Wr(MB/s) Comp(sec) Comp(cnt) Avg(sec) KeyIn KeyDrop
----------------------------------------------------------------------------------------------------------------------------------------------------------
  L0      2/0   490.77 MB   1.0      0.0     0.0      0.0       0.5      0.5       0.0   1.0      0.0    128.5         4         2    1.910       0      0
 Sum      2/0   490.77 MB   0.0      0.0     0.0      0.0       0.5      0.5       0.0   1.0      0.0    128.5         4         2    1.910       0      0
 Int      0/0    0.00 KB   0.0      0.0     0.0      0.0       0.5      0.5       0.0   1.0      0.0    128.5         4         2    1.910       0      0
Uptime(secs): 29.1 total, 29.1 interval
Flush(GB): cumulative 0.479, interval 0.479
AddFile(GB): cumulative 0.000, interval 0.000
AddFile(Total Files): cumulative 0, interval 0
AddFile(L0 Files): cumulative 0, interval 0
AddFile(Keys): cumulative 0, interval 0
Cumulative compaction: 0.48 GB write, 16.84 MB/s write, 0.00 GB read, 0.00 MB/s read, 3.8 seconds
Interval compaction: 0.48 GB write, 16.84 MB/s write, 0.00 GB read, 0.00 MB/s read, 3.8 seconds
Stalls(count): 0 level0_slowdown, 0 level0_slowdown_with_compaction, 0 level0_numfiles, 0 level0_numfiles_with_compaction, 0 stop for pending_compaction_bytes, 0 slowdown for pending_compaction_bytes, 0 memtable_compaction, 0 memtable_slowdown, interval 0 total count

** File Read Latency Histogram By Level [usertable] **

** Compaction Stats [default] **
Level    Files   Size     Score Read(GB)  Rn(GB) Rnp1(GB) Write(GB) Wnew(GB) Moved(GB) W-Amp Rd(MB/s) Wr(MB/s) Comp(sec) Comp(cnt) Avg(sec) KeyIn KeyDrop
----------------------------------------------------------------------------------------------------------------------------------------------------------
 Sum      0/0    0.00 KB   0.0      0.0     0.0      0.0       0.0      0.0       0.0   0.0      0.0      0.0         0         0    0.000       0      0
 Int      0/0    0.00 KB   0.0      0.0     0.0      0.0       0.0      0.0       0.0   0.0      0.0      0.0         0         0    0.000       0      0
Uptime(secs): 29.2 total, 0.0 interval
Flush(GB): cumulative 0.000, interval 0.000
AddFile(GB): cumulative 0.000, interval 0.000
AddFile(Total Files): cumulative 0, interval 0
AddFile(L0 Files): cumulative 0, interval 0
AddFile(Keys): cumulative 0, interval 0
Cumulative compaction: 0.00 GB write, 0.00 MB/s write, 0.00 GB read, 0.00 MB/s read, 0.0 seconds
Interval compaction: 0.00 GB write, 0.00 MB/s write, 0.00 GB read, 0.00 MB/s read, 0.0 seconds
Stalls(count): 0 level0_slowdown, 0 level0_slowdown_with_compaction, 0 level0_numfiles, 0 level0_numfiles_with_compaction, 0 stop for pending_compaction_bytes, 0 slowdown for pending_compaction_bytes, 0 memtable_compaction, 0 memtable_slowdown, interval 0 total count

** File Read Latency Histogram By Level [default] **

** Compaction Stats [usertable] **
Level    Files   Size     Score Read(GB)  Rn(GB) Rnp1(GB) Write(GB) Wnew(GB) Moved(GB) W-Amp Rd(MB/s) Wr(MB/s) Comp(sec) Comp(cnt) Avg(sec) KeyIn KeyDrop
----------------------------------------------------------------------------------------------------------------------------------------------------------
  L0      2/0   490.77 MB   1.0      0.0     0.0      0.0       0.5      0.5       0.0   1.0      0.0    128.5         4         2    1.910       0      0
 Sum      2/0   490.77 MB   0.0      0.0     0.0      0.0       0.5      0.5       0.0   1.0      0.0    128.5         4         2    1.910       0      0
 Int      0/0    0.00 KB   0.0      0.0     0.0      0.0       0.0      0.0       0.0   0.0      0.0      0.0         0         0    0.000       0      0
Uptime(secs): 29.1 total, 0.0 interval
Flush(GB): cumulative 0.479, interval 0.000
AddFile(GB): cumulative 0.000, interval 0.000
AddFile(Total Files): cumulative 0, interval 0
AddFile(L0 Files): cumulative 0, interval 0
AddFile(Keys): cumulative 0, interval 0
Cumulative compaction: 0.48 GB write, 16.84 MB/s write, 0.00 GB read, 0.00 MB/s read, 3.8 seconds
Interval compaction: 0.00 GB write, 0.00 MB/s write, 0.00 GB read, 0.00 MB/s read, 0.0 seconds
Stalls(count): 0 level0_slowdown, 0 level0_slowdown_with_compaction, 0 level0_numfiles, 0 level0_numfiles_with_compaction, 0 stop for pending_compaction_bytes, 0 slowdown for pending_compaction_bytes, 0 memtable_compaction, 0 memtable_slowdown, interval 0 total count

** File Read Latency Histogram By Level [usertable] **
2018/11/23-02:48:46.456877 7f89c5c1f0 (Original Log Time 2018/11/23-02:48:46.342104) [db/db_impl_compaction_flush.cc:1835] [usertable] Moving #14 to level-1 259878477 bytes
2018/11/23-02:48:46.456895 7f89c5c1f0 (Original Log Time 2018/11/23-02:48:46.456682) EVENT_LOG_v1 {"time_micros": 1542941326456633, "job": 4, "event": "trivial_move", "destination_level": 1, "files": 1, "total_files_size": 259878477}
2018/11/23-02:48:46.456906 7f89c5c1f0 (Original Log Time 2018/11/23-02:48:46.456730) [db/db_impl_compaction_flush.cc:1864] [usertable] Moved #1 files to level-1 259878477 bytes OK: base level 1 max bytes base 536870912 files[1 1 0 0 0 0 0] max score 0.50
2018/11/23-02:48:48.379918 7f8b6fb1f0 [db/db_impl_write.cc:1373] [usertable] New memtable created with log file: #15. Immutable memtables: 0.
2018/11/23-02:48:54.654414 7f8b5fb1f0 [db/db_impl_write.cc:1373] [usertable] New memtable created with log file: #16. Immutable memtables: 1.
2018/11/23-02:48:54.654763 7f3e7fc1f0 [db/db_impl_compaction_flush.cc:80] [JOB 5] Syncing log #13
2018/11/23-02:48:55.258463 7f3e7fc1f0 [db/db_impl_compaction_flush.cc:80] [JOB 5] Syncing log #15
2018/11/23-02:48:56.906516 7f3e7fc1f0 (Original Log Time 2018/11/23-02:48:54.654717) [db/db_impl_compaction_flush.cc:1424] Calling FlushMemTableToOutputFile with column family [usertable], flush slots available 6, compaction slots available 1, flush slots scheduled 1, compaction slots scheduled 0
2018/11/23-02:48:56.906596 7f3e7fc1f0 [db/flush_job.cc:301] [usertable] [JOB 5] Flushing memtable with next log file: 15
2018/11/23-02:48:56.906621 7f3e7fc1f0 [db/flush_job.cc:301] [usertable] [JOB 5] Flushing memtable with next log file: 16
2018/11/23-02:48:56.906708 7f3e7fc1f0 EVENT_LOG_v1 {"time_micros": 1542941336906681, "job": 5, "event": "flush_started", "num_memtables": 2, "num_entries": 62544, "num_deletes": 0, "memory_usage": 259208696, "flush_reason": "Write Buffer Full"}
2018/11/23-02:48:56.906727 7f3e7fc1f0 [db/flush_job.cc:331] [usertable] [JOB 5] Level-0 flush table #17: started
2018/11/23-02:48:59.450151 7f3e7fc1f0 EVENT_LOG_v1 {"time_micros": 1542941339450051, "cf_name": "usertable", "job": 5, "event": "table_file_creation", "file_number": 17, "file_size": 259033588, "table_properties": {"data_size": 257875861, "index_size": 1156800, "filter_size": 0, "raw_key_size": 1501056, "raw_average_key_size": 24, "raw_value_size": 256180224, "raw_average_value_size": 4096, "num_data_blocks": 31272, "num_entries": 62544, "filter_policy_name": "", "kDeletedKeys": "0", "kMergeOperands": "0"}}
2018/11/23-02:48:59.450237 7f3e7fc1f0 [db/flush_job.cc:371] [usertable] [JOB 5] Level-0 flush table #17: 259033588 bytes OK
2018/11/23-02:48:59.480970 7f3e7fc1f0 (Original Log Time 2018/11/23-02:48:59.450283) [db/memtable_list.cc:377] [usertable] Level-0 commit table #17 started
2018/11/23-02:48:59.480990 7f3e7fc1f0 (Original Log Time 2018/11/23-02:48:59.480657) [db/memtable_list.cc:409] [usertable] Level-0 commit table #17: memtable #1 done
2018/11/23-02:48:59.481000 7f3e7fc1f0 (Original Log Time 2018/11/23-02:48:59.480676) [db/memtable_list.cc:409] [usertable] Level-0 commit table #17: memtable #2 done
2018/11/23-02:48:59.481011 7f3e7fc1f0 (Original Log Time 2018/11/23-02:48:59.480753) EVENT_LOG_v1 {"time_micros": 1542941339480722, "job": 5, "event": "flush_finished", "output_compression": "NoCompression", "lsm_state": [2, 1, 0, 0, 0, 0, 0], "immutable_memtables": 0}
2018/11/23-02:48:59.481021 7f3e7fc1f0 (Original Log Time 2018/11/23-02:48:59.480869) [db/db_impl_compaction_flush.cc:177] [usertable] Level summary: base level 1 max bytes base 536870912 files[2 1 0 0 0 0 0] max score 1.00
2018/11/23-02:48:59.481068 7f3e7fc1f0 [db/db_impl_files.cc:347] [JOB 5] Try to delete WAL files size 258238896, prev total WAL file size 357887079, number of live WAL files 3.
2018/11/23-02:48:59.511948 7f8945b1f0 (Original Log Time 2018/11/23-02:48:59.481024) [db/db_impl_compaction_flush.cc:1835] [usertable] Moving #17 to level-1 259033588 bytes
2018/11/23-02:48:59.511967 7f8945b1f0 (Original Log Time 2018/11/23-02:48:59.511822) EVENT_LOG_v1 {"time_micros": 1542941339511804, "job": 6, "event": "trivial_move", "destination_level": 1, "files": 1, "total_files_size": 259033588}
