2018/12/29-20:39:12.627303 7face0de6700 RocksDB version: 5.14.3
2018/12/29-20:39:12.627350 7face0de6700 Git sha rocksdb_build_git_sha:
2018/12/29-20:39:12.627353 7face0de6700 Compile date Dec 29 2018
2018/12/29-20:39:12.627357 7face0de6700 DB SUMMARY
2018/12/29-20:39:12.627377 7face0de6700 SST files in /mnt/sdc/ycsb-rocksdb-data dir, Total Num: 0, files: 
2018/12/29-20:39:12.627380 7face0de6700 Write Ahead Log file in /mnt/sdc/ycsb-rocksdb-data: 
2018/12/29-20:39:12.627383 7face0de6700                         Options.error_if_exists: 0
2018/12/29-20:39:12.627384 7face0de6700                       Options.create_if_missing: 1
2018/12/29-20:39:12.627385 7face0de6700                         Options.paranoid_checks: 1
2018/12/29-20:39:12.627386 7face0de6700                                     Options.env: 0x7facda25b2c0
2018/12/29-20:39:12.627387 7face0de6700                                Options.info_log: 0x7fac103d2970
2018/12/29-20:39:12.627388 7face0de6700                Options.max_file_opening_threads: 16
2018/12/29-20:39:12.627389 7face0de6700                              Options.statistics: (nil)
2018/12/29-20:39:12.627390 7face0de6700                               Options.use_fsync: 0
2018/12/29-20:39:12.627391 7face0de6700                       Options.max_log_file_size: 0
2018/12/29-20:39:12.627392 7face0de6700                  Options.max_manifest_file_size: 18446744073709551615
2018/12/29-20:39:12.627393 7face0de6700                   Options.log_file_time_to_roll: 0
2018/12/29-20:39:12.627394 7face0de6700                       Options.keep_log_file_num: 1000
2018/12/29-20:39:12.627395 7face0de6700                    Options.recycle_log_file_num: 0
2018/12/29-20:39:12.627396 7face0de6700                         Options.allow_fallocate: 1
2018/12/29-20:39:12.627397 7face0de6700                        Options.allow_mmap_reads: 0
2018/12/29-20:39:12.627398 7face0de6700                       Options.allow_mmap_writes: 0
2018/12/29-20:39:12.627399 7face0de6700                        Options.use_direct_reads: 0
2018/12/29-20:39:12.627400 7face0de6700                        Options.use_direct_io_for_flush_and_compaction: 0
2018/12/29-20:39:12.627401 7face0de6700          Options.create_missing_column_families: 1
2018/12/29-20:39:12.627402 7face0de6700                              Options.db_log_dir: 
2018/12/29-20:39:12.627403 7face0de6700                                 Options.wal_dir: /mnt/sdc/ycsb-rocksdb-data
2018/12/29-20:39:12.627404 7face0de6700                Options.table_cache_numshardbits: 6
2018/12/29-20:39:12.627405 7face0de6700                      Options.max_subcompactions: 4
2018/12/29-20:39:12.627406 7face0de6700                  Options.max_background_flushes: 24
2018/12/29-20:39:12.627407 7face0de6700                         Options.WAL_ttl_seconds: 0
2018/12/29-20:39:12.627408 7face0de6700                       Options.WAL_size_limit_MB: 0
2018/12/29-20:39:12.627409 7face0de6700             Options.manifest_preallocation_size: 4194304
2018/12/29-20:39:12.627410 7face0de6700                     Options.is_fd_close_on_exec: 1
2018/12/29-20:39:12.627411 7face0de6700                   Options.advise_random_on_open: 1
2018/12/29-20:39:12.627412 7face0de6700                    Options.db_write_buffer_size: 0
2018/12/29-20:39:12.627413 7face0de6700                    Options.write_buffer_manager: 0x7fac103cf970
2018/12/29-20:39:12.627414 7face0de6700         Options.access_hint_on_compaction_start: 1
2018/12/29-20:39:12.627415 7face0de6700  Options.new_table_reader_for_compaction_inputs: 0
2018/12/29-20:39:12.627416 7face0de6700           Options.random_access_max_buffer_size: 1048576
2018/12/29-20:39:12.627417 7face0de6700                      Options.use_adaptive_mutex: 0
2018/12/29-20:39:12.627418 7face0de6700                            Options.rate_limiter: (nil)
2018/12/29-20:39:12.627420 7face0de6700     Options.sst_file_manager.rate_bytes_per_sec: 0
2018/12/29-20:39:12.627421 7face0de6700                       Options.wal_recovery_mode: 2
2018/12/29-20:39:12.627422 7face0de6700                  Options.enable_thread_tracking: 0
2018/12/29-20:39:12.627423 7face0de6700                  Options.enable_pipelined_write: 1
2018/12/29-20:39:12.627434 7face0de6700         Options.allow_concurrent_memtable_write: 1
2018/12/29-20:39:12.627435 7face0de6700      Options.enable_write_thread_adaptive_yield: 1
2018/12/29-20:39:12.627436 7face0de6700             Options.write_thread_max_yield_usec: 100
2018/12/29-20:39:12.627437 7face0de6700            Options.write_thread_slow_yield_usec: 3
2018/12/29-20:39:12.627438 7face0de6700                               Options.row_cache: None
2018/12/29-20:39:12.627439 7face0de6700                              Options.wal_filter: None
2018/12/29-20:39:12.627441 7face0de6700             Options.avoid_flush_during_recovery: 0
2018/12/29-20:39:12.627441 7face0de6700             Options.allow_ingest_behind: 0
2018/12/29-20:39:12.627442 7face0de6700             Options.preserve_deletes: 0
2018/12/29-20:39:12.627443 7face0de6700             Options.two_write_queues: 0
2018/12/29-20:39:12.627444 7face0de6700             Options.manual_wal_flush: 0
2018/12/29-20:39:12.627446 7face0de6700             Options.max_background_jobs: 24
2018/12/29-20:39:12.627448 7face0de6700             Options.max_background_compactions: 24
2018/12/29-20:39:12.627449 7face0de6700             Options.avoid_flush_during_shutdown: 0
2018/12/29-20:39:12.627450 7face0de6700           Options.writable_file_max_buffer_size: 1048576
2018/12/29-20:39:12.627451 7face0de6700             Options.delayed_write_rate : 16777216
2018/12/29-20:39:12.627452 7face0de6700             Options.max_total_wal_size: 0
2018/12/29-20:39:12.627453 7face0de6700             Options.delete_obsolete_files_period_micros: 21600000000
2018/12/29-20:39:12.627454 7face0de6700                   Options.stats_dump_period_sec: 60
2018/12/29-20:39:12.627455 7face0de6700                          Options.max_open_files: -1
2018/12/29-20:39:12.627456 7face0de6700                          Options.bytes_per_sync: 1048576
2018/12/29-20:39:12.627457 7face0de6700                      Options.wal_bytes_per_sync: 0
2018/12/29-20:39:12.627458 7face0de6700       Options.compaction_readahead_size: 0
2018/12/29-20:39:12.627459 7face0de6700 Compression algorithms supported:
2018/12/29-20:39:12.627460 7face0de6700 	kZSTDNotFinalCompression supported: 1
2018/12/29-20:39:12.627468 7face0de6700 	kZSTD supported: 1
2018/12/29-20:39:12.627470 7face0de6700 	kXpressCompression supported: 0
2018/12/29-20:39:12.627471 7face0de6700 	kLZ4HCCompression supported: 1
2018/12/29-20:39:12.627472 7face0de6700 	kLZ4Compression supported: 1
2018/12/29-20:39:12.627473 7face0de6700 	kBZip2Compression supported: 1
2018/12/29-20:39:12.627475 7face0de6700 	kZlibCompression supported: 1
2018/12/29-20:39:12.627476 7face0de6700 	kSnappyCompression supported: 1
2018/12/29-20:39:12.627479 7face0de6700 Fast CRC32 supported: Supported on x86
2018/12/29-20:39:12.627544 7face0de6700 [db/db_impl_open.cc:222] Creating manifest 1 
2018/12/29-20:39:12.731703 7face0de6700 [db/version_set.cc:3085] Recovering from manifest file: MANIFEST-000001
2018/12/29-20:39:12.731803 7face0de6700 [db/column_family.cc:475] --------------- Options for column family [default]:
2018/12/29-20:39:12.731807 7face0de6700               Options.comparator: leveldb.BytewiseComparator
2018/12/29-20:39:12.731808 7face0de6700           Options.merge_operator: None
2018/12/29-20:39:12.731810 7face0de6700        Options.compaction_filter: None
2018/12/29-20:39:12.731811 7face0de6700        Options.compaction_filter_factory: None
2018/12/29-20:39:12.731812 7face0de6700         Options.memtable_factory: SkipListFactory
2018/12/29-20:39:12.731813 7face0de6700            Options.table_factory: BlockBasedTable
2018/12/29-20:39:12.731844 7face0de6700            table_factory options:   flush_block_policy_factory: FlushBlockBySizePolicyFactory (0x7fac1037c530)
  cache_index_and_filter_blocks: 0
  cache_index_and_filter_blocks_with_high_priority: 0
  pin_l0_filter_and_index_blocks_in_cache: 0
  index_type: 0
  hash_index_allow_collision: 1
  checksum: 1
  no_block_cache: 0
  block_cache: 0x7fac10387fa0
  block_cache_name: LRUCache
  block_cache_options:
    capacity : 8388608
    num_shard_bits : 4
    strict_capacity_limit : 0
    high_pri_pool_ratio: 0.000
  block_cache_compressed: (nil)
  persistent_cache: (nil)
  block_size: 8192
  block_size_deviation: 10
  block_restart_interval: 16
  index_block_restart_interval: 1
  metadata_block_size: 4096
  partition_filters: 0
  use_delta_encoding: 1
  filter_policy: nullptr
  whole_key_filtering: 1
  verify_compression: 0
  read_amp_bytes_per_bit: 0
  format_version: 2
  enable_index_compression: 1
  block_align: 0
2018/12/29-20:39:12.731861 7face0de6700        Options.write_buffer_size: 134217728
2018/12/29-20:39:12.731862 7face0de6700  Options.max_write_buffer_number: 24
2018/12/29-20:39:12.731864 7face0de6700        Options.compression[0]: NoCompression
2018/12/29-20:39:12.731865 7face0de6700        Options.compression[1]: NoCompression
2018/12/29-20:39:12.731866 7face0de6700        Options.compression[2]: LZ4
2018/12/29-20:39:12.731867 7face0de6700        Options.compression[3]: LZ4
2018/12/29-20:39:12.731868 7face0de6700        Options.compression[4]: LZ4
2018/12/29-20:39:12.731869 7face0de6700        Options.compression[5]: LZ4
2018/12/29-20:39:12.731870 7face0de6700        Options.compression[6]: LZ4
2018/12/29-20:39:12.731871 7face0de6700                  Options.bottommost_compression: Disabled
2018/12/29-20:39:12.731873 7face0de6700       Options.prefix_extractor: nullptr
2018/12/29-20:39:12.731874 7face0de6700   Options.memtable_insert_with_hint_prefix_extractor: nullptr
2018/12/29-20:39:12.731875 7face0de6700             Options.num_levels: 7
2018/12/29-20:39:12.731876 7face0de6700        Options.min_write_buffer_number_to_merge: 2
2018/12/29-20:39:12.731877 7face0de6700     Options.max_write_buffer_number_to_maintain: 0
2018/12/29-20:39:12.731878 7face0de6700            Options.compression_opts.window_bits: -14
2018/12/29-20:39:12.731879 7face0de6700                  Options.compression_opts.level: -1
2018/12/29-20:39:12.731880 7face0de6700               Options.compression_opts.strategy: 0
2018/12/29-20:39:12.731881 7face0de6700         Options.compression_opts.max_dict_bytes: 0
2018/12/29-20:39:12.731882 7face0de6700         Options.compression_opts.zstd_max_train_bytes: 0
2018/12/29-20:39:12.731883 7face0de6700      Options.level0_file_num_compaction_trigger: 2
2018/12/29-20:39:12.731884 7face0de6700          Options.level0_slowdown_writes_trigger: 20
2018/12/29-20:39:12.731885 7face0de6700              Options.level0_stop_writes_trigger: 36
2018/12/29-20:39:12.731886 7face0de6700                   Options.target_file_size_base: 67108864
2018/12/29-20:39:12.731887 7face0de6700             Options.target_file_size_multiplier: 1
2018/12/29-20:39:12.731888 7face0de6700                Options.max_bytes_for_level_base: 536870912
2018/12/29-20:39:12.731889 7face0de6700 Options.level_compaction_dynamic_level_bytes: 0
2018/12/29-20:39:12.731890 7face0de6700          Options.max_bytes_for_level_multiplier: 10.000000
2018/12/29-20:39:12.731892 7face0de6700 Options.max_bytes_for_level_multiplier_addtl[0]: 1
2018/12/29-20:39:12.731894 7face0de6700 Options.max_bytes_for_level_multiplier_addtl[1]: 1
2018/12/29-20:39:12.731895 7face0de6700 Options.max_bytes_for_level_multiplier_addtl[2]: 1
2018/12/29-20:39:12.731896 7face0de6700 Options.max_bytes_for_level_multiplier_addtl[3]: 1
2018/12/29-20:39:12.731897 7face0de6700 Options.max_bytes_for_level_multiplier_addtl[4]: 1
2018/12/29-20:39:12.731898 7face0de6700 Options.max_bytes_for_level_multiplier_addtl[5]: 1
2018/12/29-20:39:12.731899 7face0de6700 Options.max_bytes_for_level_multiplier_addtl[6]: 1
2018/12/29-20:39:12.731900 7face0de6700       Options.max_sequential_skip_in_iterations: 8
2018/12/29-20:39:12.731901 7face0de6700                    Options.max_compaction_bytes: 1677721600
2018/12/29-20:39:12.731902 7face0de6700                        Options.arena_block_size: 16777216
2018/12/29-20:39:12.731903 7face0de6700   Options.soft_pending_compaction_bytes_limit: 68719476736
2018/12/29-20:39:12.731904 7face0de6700   Options.hard_pending_compaction_bytes_limit: 274877906944
2018/12/29-20:39:12.731910 7face0de6700       Options.rate_limit_delay_max_milliseconds: 100
2018/12/29-20:39:12.731912 7face0de6700                Options.disable_auto_compactions: 0
2018/12/29-20:39:12.731914 7face0de6700                        Options.compaction_style: kCompactionStyleLevel
2018/12/29-20:39:12.731916 7face0de6700                          Options.compaction_pri: kByCompensatedSize
2018/12/29-20:39:12.731917 7face0de6700 Options.compaction_options_universal.size_ratio: 1
2018/12/29-20:39:12.731918 7face0de6700 Options.compaction_options_universal.min_merge_width: 2
2018/12/29-20:39:12.731919 7face0de6700 Options.compaction_options_universal.max_merge_width: 4294967295
2018/12/29-20:39:12.731920 7face0de6700 Options.compaction_options_universal.max_size_amplification_percent: 200
2018/12/29-20:39:12.731921 7face0de6700 Options.compaction_options_universal.compression_size_percent: -1
2018/12/29-20:39:12.731923 7face0de6700 Options.compaction_options_universal.stop_style: kCompactionStopStyleTotalSize
2018/12/29-20:39:12.731924 7face0de6700 Options.compaction_options_fifo.max_table_files_size: 1073741824
2018/12/29-20:39:12.731925 7face0de6700 Options.compaction_options_fifo.allow_compaction: 0
2018/12/29-20:39:12.731926 7face0de6700 Options.compaction_options_fifo.ttl: 0
2018/12/29-20:39:12.731927 7face0de6700                   Options.table_properties_collectors: 
2018/12/29-20:39:12.731929 7face0de6700                   Options.inplace_update_support: 0
2018/12/29-20:39:12.731930 7face0de6700                 Options.inplace_update_num_locks: 10000
2018/12/29-20:39:12.731931 7face0de6700               Options.memtable_prefix_bloom_size_ratio: 0.000000
2018/12/29-20:39:12.731932 7face0de6700   Options.memtable_huge_page_size: 0
2018/12/29-20:39:12.731933 7face0de6700                           Options.bloom_locality: 0
2018/12/29-20:39:12.731934 7face0de6700                    Options.max_successive_merges: 0
2018/12/29-20:39:12.731935 7face0de6700                Options.optimize_filters_for_hits: 0
2018/12/29-20:39:12.731936 7face0de6700                Options.paranoid_file_checks: 0
2018/12/29-20:39:12.731937 7face0de6700                Options.force_consistency_checks: 0
2018/12/29-20:39:12.731938 7face0de6700                Options.report_bg_io_stats: 0
2018/12/29-20:39:12.731939 7face0de6700                               Options.ttl: 0
2018/12/29-20:39:12.732432 7face0de6700 [db/version_set.cc:3361] Recovered from manifest file:/mnt/sdc/ycsb-rocksdb-data/MANIFEST-000001 succeeded,manifest_file_number is 1, next_file_number is 3, last_sequence is 0, log_number is 0,prev_log_number is 0,max_column_family is 0,min_log_number_to_keep is 0
2018/12/29-20:39:12.732437 7face0de6700 [db/version_set.cc:3369] Column family [default] (ID 0), log number is 0
2018/12/29-20:39:12.732608 7face0de6700 [db/version_set.cc:2847] Creating manifest 4
2018/12/29-20:39:12.807677 7face0de6700 [db/column_family.cc:475] --------------- Options for column family [usertable]:
2018/12/29-20:39:12.807685 7face0de6700               Options.comparator: leveldb.BytewiseComparator
2018/12/29-20:39:12.807687 7face0de6700           Options.merge_operator: None
2018/12/29-20:39:12.807688 7face0de6700        Options.compaction_filter: None
2018/12/29-20:39:12.807689 7face0de6700        Options.compaction_filter_factory: None
2018/12/29-20:39:12.807690 7face0de6700         Options.memtable_factory: SkipListFactory
2018/12/29-20:39:12.807691 7face0de6700            Options.table_factory: BlockBasedTable
2018/12/29-20:39:12.807722 7face0de6700            table_factory options:   flush_block_policy_factory: FlushBlockBySizePolicyFactory (0x7fac1037c610)
  cache_index_and_filter_blocks: 0
  cache_index_and_filter_blocks_with_high_priority: 0
  pin_l0_filter_and_index_blocks_in_cache: 0
  index_type: 0
  hash_index_allow_collision: 1
  checksum: 1
  no_block_cache: 0
  block_cache: 0x7fac1038a5a0
  block_cache_name: LRUCache
  block_cache_options:
    capacity : 8388608
    num_shard_bits : 4
    strict_capacity_limit : 0
    high_pri_pool_ratio: 0.000
  block_cache_compressed: (nil)
  persistent_cache: (nil)
  block_size: 8192
  block_size_deviation: 10
  block_restart_interval: 16
  index_block_restart_interval: 1
  metadata_block_size: 4096
  partition_filters: 0
  use_delta_encoding: 1
  filter_policy: nullptr
  whole_key_filtering: 1
  verify_compression: 0
  read_amp_bytes_per_bit: 0
  format_version: 2
  enable_index_compression: 1
  block_align: 0
2018/12/29-20:39:12.807725 7face0de6700        Options.write_buffer_size: 134217728
2018/12/29-20:39:12.807726 7face0de6700  Options.max_write_buffer_number: 24
2018/12/29-20:39:12.807728 7face0de6700        Options.compression[0]: NoCompression
2018/12/29-20:39:12.807729 7face0de6700        Options.compression[1]: NoCompression
2018/12/29-20:39:12.807730 7face0de6700        Options.compression[2]: LZ4
2018/12/29-20:39:12.807731 7face0de6700        Options.compression[3]: LZ4
2018/12/29-20:39:12.807732 7face0de6700        Options.compression[4]: LZ4
2018/12/29-20:39:12.807733 7face0de6700        Options.compression[5]: LZ4
2018/12/29-20:39:12.807734 7face0de6700        Options.compression[6]: LZ4
2018/12/29-20:39:12.807735 7face0de6700                  Options.bottommost_compression: Disabled
2018/12/29-20:39:12.807736 7face0de6700       Options.prefix_extractor: nullptr
2018/12/29-20:39:12.807737 7face0de6700   Options.memtable_insert_with_hint_prefix_extractor: nullptr
2018/12/29-20:39:12.807738 7face0de6700             Options.num_levels: 7
2018/12/29-20:39:12.807740 7face0de6700        Options.min_write_buffer_number_to_merge: 2
2018/12/29-20:39:12.807741 7face0de6700     Options.max_write_buffer_number_to_maintain: 0
2018/12/29-20:39:12.807742 7face0de6700            Options.compression_opts.window_bits: -14
2018/12/29-20:39:12.807743 7face0de6700                  Options.compression_opts.level: -1
2018/12/29-20:39:12.807744 7face0de6700               Options.compression_opts.strategy: 0
2018/12/29-20:39:12.807745 7face0de6700         Options.compression_opts.max_dict_bytes: 0
2018/12/29-20:39:12.807746 7face0de6700         Options.compression_opts.zstd_max_train_bytes: 0
2018/12/29-20:39:12.807747 7face0de6700      Options.level0_file_num_compaction_trigger: 2
2018/12/29-20:39:12.807748 7face0de6700          Options.level0_slowdown_writes_trigger: 20
2018/12/29-20:39:12.807749 7face0de6700              Options.level0_stop_writes_trigger: 36
2018/12/29-20:39:12.807749 7face0de6700                   Options.target_file_size_base: 67108864
2018/12/29-20:39:12.807751 7face0de6700             Options.target_file_size_multiplier: 1
2018/12/29-20:39:12.807751 7face0de6700                Options.max_bytes_for_level_base: 536870912
2018/12/29-20:39:12.807753 7face0de6700 Options.level_compaction_dynamic_level_bytes: 0
2018/12/29-20:39:12.807754 7face0de6700          Options.max_bytes_for_level_multiplier: 10.000000
2018/12/29-20:39:12.807757 7face0de6700 Options.max_bytes_for_level_multiplier_addtl[0]: 1
2018/12/29-20:39:12.807770 7face0de6700 Options.max_bytes_for_level_multiplier_addtl[1]: 1
2018/12/29-20:39:12.807771 7face0de6700 Options.max_bytes_for_level_multiplier_addtl[2]: 1
2018/12/29-20:39:12.807772 7face0de6700 Options.max_bytes_for_level_multiplier_addtl[3]: 1
2018/12/29-20:39:12.807773 7face0de6700 Options.max_bytes_for_level_multiplier_addtl[4]: 1
2018/12/29-20:39:12.807774 7face0de6700 Options.max_bytes_for_level_multiplier_addtl[5]: 1
2018/12/29-20:39:12.807775 7face0de6700 Options.max_bytes_for_level_multiplier_addtl[6]: 1
2018/12/29-20:39:12.807776 7face0de6700       Options.max_sequential_skip_in_iterations: 8
2018/12/29-20:39:12.807777 7face0de6700                    Options.max_compaction_bytes: 1677721600
2018/12/29-20:39:12.807778 7face0de6700                        Options.arena_block_size: 16777216
2018/12/29-20:39:12.807779 7face0de6700   Options.soft_pending_compaction_bytes_limit: 68719476736
2018/12/29-20:39:12.807780 7face0de6700   Options.hard_pending_compaction_bytes_limit: 274877906944
2018/12/29-20:39:12.807781 7face0de6700       Options.rate_limit_delay_max_milliseconds: 100
2018/12/29-20:39:12.807782 7face0de6700                Options.disable_auto_compactions: 0
2018/12/29-20:39:12.807785 7face0de6700                        Options.compaction_style: kCompactionStyleLevel
2018/12/29-20:39:12.807787 7face0de6700                          Options.compaction_pri: kByCompensatedSize
2018/12/29-20:39:12.807788 7face0de6700 Options.compaction_options_universal.size_ratio: 1
2018/12/29-20:39:12.807789 7face0de6700 Options.compaction_options_universal.min_merge_width: 2
2018/12/29-20:39:12.807790 7face0de6700 Options.compaction_options_universal.max_merge_width: 4294967295
2018/12/29-20:39:12.807791 7face0de6700 Options.compaction_options_universal.max_size_amplification_percent: 200
2018/12/29-20:39:12.807792 7face0de6700 Options.compaction_options_universal.compression_size_percent: -1
2018/12/29-20:39:12.807794 7face0de6700 Options.compaction_options_universal.stop_style: kCompactionStopStyleTotalSize
2018/12/29-20:39:12.807795 7face0de6700 Options.compaction_options_fifo.max_table_files_size: 1073741824
2018/12/29-20:39:12.807796 7face0de6700 Options.compaction_options_fifo.allow_compaction: 0
2018/12/29-20:39:12.807797 7face0de6700 Options.compaction_options_fifo.ttl: 0
2018/12/29-20:39:12.807798 7face0de6700                   Options.table_properties_collectors: 
2018/12/29-20:39:12.807799 7face0de6700                   Options.inplace_update_support: 0
2018/12/29-20:39:12.807800 7face0de6700                 Options.inplace_update_num_locks: 10000
2018/12/29-20:39:12.807801 7face0de6700               Options.memtable_prefix_bloom_size_ratio: 0.000000
2018/12/29-20:39:12.807803 7face0de6700   Options.memtable_huge_page_size: 0
2018/12/29-20:39:12.807804 7face0de6700                           Options.bloom_locality: 0
2018/12/29-20:39:12.807805 7face0de6700                    Options.max_successive_merges: 0
2018/12/29-20:39:12.807806 7face0de6700                Options.optimize_filters_for_hits: 0
2018/12/29-20:39:12.807807 7face0de6700                Options.paranoid_file_checks: 0
2018/12/29-20:39:12.807808 7face0de6700                Options.force_consistency_checks: 0
2018/12/29-20:39:12.807809 7face0de6700                Options.report_bg_io_stats: 0
2018/12/29-20:39:12.807810 7face0de6700                               Options.ttl: 0
2018/12/29-20:39:12.807868 7face0de6700 [db/db_impl.cc:1396] Created column family [usertable] (ID 1)
2018/12/29-20:39:12.887642 7face0de6700 [db/db_impl_open.cc:1219] DB pointer 0x7fac103d30f0
2018/12/29-20:39:21.781707 7face0de6700 [db/db_impl_write.cc:1373] [usertable] New memtable created with log file: #9. Immutable memtables: 0.
2018/12/29-20:39:30.746303 7facdb4e3700 [db/db_impl_write.cc:1373] [usertable] New memtable created with log file: #10. Immutable memtables: 1.
2018/12/29-20:39:30.746478 7fac777fe700 [db/db_impl_compaction_flush.cc:80] [JOB 2] Syncing log #3
2018/12/29-20:39:31.002346 7fac777fe700 [db/db_impl_compaction_flush.cc:80] [JOB 2] Syncing log #9
2018/12/29-20:39:31.545552 7fac777fe700 (Original Log Time 2018/12/29-20:39:30.746411) [db/db_impl_compaction_flush.cc:1424] Calling FlushMemTableToOutputFile with column family [usertable], flush slots available 24, compaction slots available 1, flush slots scheduled 1, compaction slots scheduled 0
2018/12/29-20:39:31.545569 7fac777fe700 [db/flush_job.cc:301] [usertable] [JOB 2] Flushing memtable with next log file: 9
2018/12/29-20:39:31.545583 7fac777fe700 [db/flush_job.cc:301] [usertable] [JOB 2] Flushing memtable with next log file: 10
2018/12/29-20:39:31.545634 7fac777fe700 EVENT_LOG_v1 {"time_micros": 1546144771545616, "job": 2, "event": "flush_started", "num_memtables": 2, "num_entries": 62496, "num_deletes": 0, "memory_usage": 259060192, "flush_reason": "Write Buffer Full"}
2018/12/29-20:39:31.545647 7fac777fe700 [db/flush_job.cc:331] [usertable] [JOB 2] Level-0 flush table #11: started
2018/12/29-20:39:32.586398 7fac777fe700 EVENT_LOG_v1 {"time_micros": 1546144772586372, "cf_name": "usertable", "job": 2, "event": "table_file_creation", "file_number": 11, "file_size": 258820906, "table_properties": {"data_size": 257671008, "index_size": 1148971, "filter_size": 0, "raw_key_size": 1499904, "raw_average_key_size": 24, "raw_value_size": 255983616, "raw_average_value_size": 4096, "num_data_blocks": 31248, "num_entries": 62496, "filter_policy_name": "", "kDeletedKeys": "0", "kMergeOperands": "0"}}
2018/12/29-20:39:32.586430 7fac777fe700 [db/flush_job.cc:371] [usertable] [JOB 2] Level-0 flush table #11: 258820906 bytes OK
2018/12/29-20:39:32.648161 7fac777fe700 (Original Log Time 2018/12/29-20:39:32.586453) [db/memtable_list.cc:377] [usertable] Level-0 commit table #11 started
2018/12/29-20:39:32.648166 7fac777fe700 (Original Log Time 2018/12/29-20:39:32.648042) [db/memtable_list.cc:409] [usertable] Level-0 commit table #11: memtable #1 done
2018/12/29-20:39:32.648168 7fac777fe700 (Original Log Time 2018/12/29-20:39:32.648057) [db/memtable_list.cc:409] [usertable] Level-0 commit table #11: memtable #2 done
2018/12/29-20:39:32.648169 7fac777fe700 (Original Log Time 2018/12/29-20:39:32.648092) EVENT_LOG_v1 {"time_micros": 1546144772648079, "job": 2, "event": "flush_finished", "output_compression": "NoCompression", "lsm_state": [1, 0, 0, 0, 0, 0, 0], "immutable_memtables": 0}
2018/12/29-20:39:32.648171 7fac777fe700 (Original Log Time 2018/12/29-20:39:32.648125) [db/db_impl_compaction_flush.cc:177] [usertable] Level summary: base level 1 max bytes base 536870912 files[1 0 0 0 0 0 0] max score 0.50
2018/12/29-20:39:32.648187 7fac777fe700 [db/db_impl_files.cc:347] [JOB 2] Try to delete WAL files size 258039396, prev total WAL file size 285529330, number of live WAL files 3.
2018/12/29-20:39:39.686231 7facdb2e1700 [db/db_impl_write.cc:1373] [usertable] New memtable created with log file: #12. Immutable memtables: 0.
2018/12/29-20:39:48.651333 7facdafde700 [db/db_impl_write.cc:1373] [usertable] New memtable created with log file: #13. Immutable memtables: 1.
2018/12/29-20:39:48.651483 7fac94ff9700 [db/db_impl_compaction_flush.cc:80] [JOB 3] Syncing log #10
2018/12/29-20:39:49.184888 7fac94ff9700 [db/db_impl_compaction_flush.cc:80] [JOB 3] Syncing log #12
2018/12/29-20:39:49.724435 7fac94ff9700 (Original Log Time 2018/12/29-20:39:48.651439) [db/db_impl_compaction_flush.cc:1424] Calling FlushMemTableToOutputFile with column family [usertable], flush slots available 24, compaction slots available 1, flush slots scheduled 1, compaction slots scheduled 0
2018/12/29-20:39:49.724453 7fac94ff9700 [db/flush_job.cc:301] [usertable] [JOB 3] Flushing memtable with next log file: 12
2018/12/29-20:39:49.724463 7fac94ff9700 [db/flush_job.cc:301] [usertable] [JOB 3] Flushing memtable with next log file: 13
2018/12/29-20:39:49.724494 7fac94ff9700 EVENT_LOG_v1 {"time_micros": 1546144789724483, "job": 3, "event": "flush_started", "num_memtables": 2, "num_entries": 62667, "num_deletes": 0, "memory_usage": 259688832, "flush_reason": "Write Buffer Full"}
2018/12/29-20:39:49.724502 7fac94ff9700 [db/flush_job.cc:331] [usertable] [JOB 3] Level-0 flush table #14: started
2018/12/29-20:39:50.662824 7fac94ff9700 EVENT_LOG_v1 {"time_micros": 1546144790662800, "cf_name": "usertable", "job": 3, "event": "table_file_creation", "file_number": 14, "file_size": 259529112, "table_properties": {"data_size": 258376055, "index_size": 1152130, "filter_size": 0, "raw_key_size": 1504008, "raw_average_key_size": 24, "raw_value_size": 256684032, "raw_average_value_size": 4096, "num_data_blocks": 31334, "num_entries": 62667, "filter_policy_name": "", "kDeletedKeys": "0", "kMergeOperands": "0"}}
2018/12/29-20:39:50.662846 7fac94ff9700 [db/flush_job.cc:371] [usertable] [JOB 3] Level-0 flush table #14: 259529112 bytes OK
2018/12/29-20:39:50.691923 7fac94ff9700 (Original Log Time 2018/12/29-20:39:50.662864) [db/memtable_list.cc:377] [usertable] Level-0 commit table #14 started
2018/12/29-20:39:50.691927 7fac94ff9700 (Original Log Time 2018/12/29-20:39:50.691812) [db/memtable_list.cc:409] [usertable] Level-0 commit table #14: memtable #1 done
2018/12/29-20:39:50.691929 7fac94ff9700 (Original Log Time 2018/12/29-20:39:50.691815) [db/memtable_list.cc:409] [usertable] Level-0 commit table #14: memtable #2 done
2018/12/29-20:39:50.691931 7fac94ff9700 (Original Log Time 2018/12/29-20:39:50.691846) EVENT_LOG_v1 {"time_micros": 1546144790691835, "job": 3, "event": "flush_finished", "output_compression": "NoCompression", "lsm_state": [2, 0, 0, 0, 0, 0, 0], "immutable_memtables": 0}
2018/12/29-20:39:50.691933 7fac94ff9700 (Original Log Time 2018/12/29-20:39:50.691894) [db/db_impl_compaction_flush.cc:177] [usertable] Level summary: base level 1 max bytes base 536870912 files[2 0 0 0 0 0 0] max score 1.00
2018/12/29-20:39:50.691946 7fac94ff9700 [db/db_impl_files.cc:347] [JOB 3] Try to delete WAL files size 258744663, prev total WAL file size 288241483, number of live WAL files 3.
2018/12/29-20:39:50.692139 7facd98e3700 [WARN] [db/db_impl.cc:491] ------- DUMPING STATS -------
2018/12/29-20:39:50.694085 7facd98e3700 [WARN] [db/db_impl.cc:492] 
** DB Stats **
Uptime(secs): 38.0 total, 38.0 interval
Cumulative writes: 132K writes, 132K keys, 131K commit groups, 1.0 writes per commit group, ingest: 0.51 GB, 13.72 MB/s
Cumulative WAL: 132K writes, 0 syncs, 132307.00 writes per sync, written: 0.51 GB, 13.72 MB/s
Cumulative stall: 00:00:0.000 H:M:S, 0.0 percent
Interval writes: 132K writes, 132K keys, 131K commit groups, 1.0 writes per commit group, ingest: 520.97 MB, 13.72 MB/s
Interval WAL: 132K writes, 0 syncs, 132307.00 writes per sync, written: 0.51 MB, 13.72 MB/s
Interval stall: 00:00:0.000 H:M:S, 0.0 percent

** Compaction Stats [default] **
Level    Files   Size     Score Read(GB)  Rn(GB) Rnp1(GB) Write(GB) Wnew(GB) Moved(GB) W-Amp Rd(MB/s) Wr(MB/s) Comp(sec) Comp(cnt) Avg(sec) KeyIn KeyDrop
----------------------------------------------------------------------------------------------------------------------------------------------------------
 Sum      0/0    0.00 KB   0.0      0.0     0.0      0.0       0.0      0.0       0.0   0.0      0.0      0.0         0         0    0.000       0      0
 Int      0/0    0.00 KB   0.0      0.0     0.0      0.0       0.0      0.0       0.0   0.0      0.0      0.0         0         0    0.000       0      0
Uptime(secs): 38.0 total, 38.0 interval
Flush(GB): cumulative 0.000, interval 0.000
AddFile(GB): cumulative 0.000, interval 0.000
AddFile(Total Files): cumulative 0, interval 0
AddFile(L0 Files): cumulative 0, interval 0
AddFile(Keys): cumulative 0, interval 0
Cumulative compaction: 0.00 GB write, 0.00 MB/s write, 0.00 GB read, 0.00 MB/s read, 0.0 seconds
Interval compaction: 0.00 GB write, 0.00 MB/s write, 0.00 GB read, 0.00 MB/s read, 0.0 seconds
Stalls(count): 0 level0_slowdown, 0 level0_slowdown_with_compaction, 0 level0_numfiles, 0 level0_numfiles_with_compaction, 0 stop for pending_compaction_bytes, 0 slowdown for pending_compaction_bytes, 0 memtable_compaction, 0 memtable_slowdown, interval 0 total count

** File Read Latency Histogram By Level [default] **

** Compaction Stats [usertable] **
Level    Files   Size     Score Read(GB)  Rn(GB) Rnp1(GB) Write(GB) Wnew(GB) Moved(GB) W-Amp Rd(MB/s) Wr(MB/s) Comp(sec) Comp(cnt) Avg(sec) KeyIn KeyDrop
----------------------------------------------------------------------------------------------------------------------------------------------------------
  L0      2/0   494.34 MB   1.0      0.0     0.0      0.0       0.5      0.5       0.0   1.0      0.0    249.7         2         2    0.990       0      0
 Sum      2/0   494.34 MB   0.0      0.0     0.0      0.0       0.5      0.5       0.0   1.0      0.0    249.7         2         2    0.990       0      0
 Int      0/0    0.00 KB   0.0      0.0     0.0      0.0       0.5      0.5       0.0   1.0      0.0    249.7         2         2    0.990       0      0
Uptime(secs): 37.9 total, 37.9 interval
Flush(GB): cumulative 0.483, interval 0.483
AddFile(GB): cumulative 0.000, interval 0.000
AddFile(Total Files): cumulative 0, interval 0
AddFile(L0 Files): cumulative 0, interval 0
AddFile(Keys): cumulative 0, interval 0
Cumulative compaction: 0.48 GB write, 13.05 MB/s write, 0.00 GB read, 0.00 MB/s read, 2.0 seconds
Interval compaction: 0.48 GB write, 13.05 MB/s write, 0.00 GB read, 0.00 MB/s read, 2.0 seconds
Stalls(count): 0 level0_slowdown, 0 level0_slowdown_with_compaction, 0 level0_numfiles, 0 level0_numfiles_with_compaction, 0 stop for pending_compaction_bytes, 0 slowdown for pending_compaction_bytes, 0 memtable_compaction, 0 memtable_slowdown, interval 0 total count

** File Read Latency Histogram By Level [usertable] **

** Compaction Stats [default] **
Level    Files   Size     Score Read(GB)  Rn(GB) Rnp1(GB) Write(GB) Wnew(GB) Moved(GB) W-Amp Rd(MB/s) Wr(MB/s) Comp(sec) Comp(cnt) Avg(sec) KeyIn KeyDrop
----------------------------------------------------------------------------------------------------------------------------------------------------------
 Sum      0/0    0.00 KB   0.0      0.0     0.0      0.0       0.0      0.0       0.0   0.0      0.0      0.0         0         0    0.000       0      0
 Int      0/0    0.00 KB   0.0      0.0     0.0      0.0       0.0      0.0       0.0   0.0      0.0      0.0         0         0    0.000       0      0
Uptime(secs): 38.0 total, 0.0 interval
Flush(GB): cumulative 0.000, interval 0.000
AddFile(GB): cumulative 0.000, interval 0.000
AddFile(Total Files): cumulative 0, interval 0
AddFile(L0 Files): cumulative 0, interval 0
AddFile(Keys): cumulative 0, interval 0
Cumulative compaction: 0.00 GB write, 0.00 MB/s write, 0.00 GB read, 0.00 MB/s read, 0.0 seconds
Interval compaction: 0.00 GB write, 0.00 MB/s write, 0.00 GB read, 0.00 MB/s read, 0.0 seconds
Stalls(count): 0 level0_slowdown, 0 level0_slowdown_with_compaction, 0 level0_numfiles, 0 level0_numfiles_with_compaction, 0 stop for pending_compaction_bytes, 0 slowdown for pending_compaction_bytes, 0 memtable_compaction, 0 memtable_slowdown, interval 0 total count

** File Read Latency Histogram By Level [default] **

** Compaction Stats [usertable] **
Level    Files   Size     Score Read(GB)  Rn(GB) Rnp1(GB) Write(GB) Wnew(GB) Moved(GB) W-Amp Rd(MB/s) Wr(MB/s) Comp(sec) Comp(cnt) Avg(sec) KeyIn KeyDrop
----------------------------------------------------------------------------------------------------------------------------------------------------------
  L0      2/0   494.34 MB   1.0      0.0     0.0      0.0       0.5      0.5       0.0   1.0      0.0    249.7         2         2    0.990       0      0
 Sum      2/0   494.34 MB   0.0      0.0     0.0      0.0       0.5      0.5       0.0   1.0      0.0    249.7         2         2    0.990       0      0
 Int      0/0    0.00 KB   0.0      0.0     0.0      0.0       0.0      0.0       0.0   0.0      0.0      0.0         0         0    0.000       0      0
Uptime(secs): 37.9 total, 0.0 interval
Flush(GB): cumulative 0.483, interval 0.000
AddFile(GB): cumulative 0.000, interval 0.000
AddFile(Total Files): cumulative 0, interval 0
AddFile(L0 Files): cumulative 0, interval 0
AddFile(Keys): cumulative 0, interval 0
Cumulative compaction: 0.48 GB write, 13.05 MB/s write, 0.00 GB read, 0.00 MB/s read, 2.0 seconds
Interval compaction: 0.00 GB write, 0.00 MB/s write, 0.00 GB read, 0.00 MB/s read, 0.0 seconds
Stalls(count): 0 level0_slowdown, 0 level0_slowdown_with_compaction, 0 level0_numfiles, 0 level0_numfiles_with_compaction, 0 stop for pending_compaction_bytes, 0 slowdown for pending_compaction_bytes, 0 memtable_compaction, 0 memtable_slowdown, interval 0 total count

** File Read Latency Histogram By Level [usertable] **
2018/12/29-20:39:50.726624 7facd98e3700 (Original Log Time 2018/12/29-20:39:50.697486) [db/db_impl_compaction_flush.cc:1835] [usertable] Moving #14 to level-1 259529112 bytes
2018/12/29-20:39:50.726629 7facd98e3700 (Original Log Time 2018/12/29-20:39:50.726563) EVENT_LOG_v1 {"time_micros": 1546144790726548, "job": 4, "event": "trivial_move", "destination_level": 1, "files": 1, "total_files_size": 259529112}
2018/12/29-20:39:50.726631 7facd98e3700 (Original Log Time 2018/12/29-20:39:50.726582) [db/db_impl_compaction_flush.cc:1864] [usertable] Moved #1 files to level-1 259529112 bytes OK: base level 1 max bytes base 536870912 files[1 1 0 0 0 0 0] max score 0.50
2018/12/29-20:39:57.476926 7facdaddc700 [db/db_impl_write.cc:1373] [usertable] New memtable created with log file: #15. Immutable memtables: 0.
2018/12/29-20:40:06.443294 7facdafde700 [db/db_impl_write.cc:1373] [usertable] New memtable created with log file: #16. Immutable memtables: 1.
2018/12/29-20:40:06.443392 7fac8ffff700 [db/db_impl_compaction_flush.cc:80] [JOB 5] Syncing log #13
2018/12/29-20:40:06.948862 7fac8ffff700 [db/db_impl_compaction_flush.cc:80] [JOB 5] Syncing log #15
2018/12/29-20:40:08.005009 7fac8ffff700 (Original Log Time 2018/12/29-20:40:06.443368) [db/db_impl_compaction_flush.cc:1424] Calling FlushMemTableToOutputFile with column family [usertable], flush slots available 24, compaction slots available 1, flush slots scheduled 1, compaction slots scheduled 0
2018/12/29-20:40:08.005025 7fac8ffff700 [db/flush_job.cc:301] [usertable] [JOB 5] Flushing memtable with next log file: 15
2018/12/29-20:40:08.005034 7fac8ffff700 [db/flush_job.cc:301] [usertable] [JOB 5] Flushing memtable with next log file: 16
2018/12/29-20:40:08.005066 7fac8ffff700 EVENT_LOG_v1 {"time_micros": 1546144808005056, "job": 5, "event": "flush_started", "num_memtables": 2, "num_entries": 62272, "num_deletes": 0, "memory_usage": 258024608, "flush_reason": "Write Buffer Full"}
2018/12/29-20:40:08.005074 7fac8ffff700 [db/flush_job.cc:331] [usertable] [JOB 5] Level-0 flush table #17: started
2018/12/29-20:40:09.850707 7fac8ffff700 EVENT_LOG_v1 {"time_micros": 1546144809850683, "cf_name": "usertable", "job": 5, "event": "table_file_creation", "file_number": 17, "file_size": 257907069, "table_properties": {"data_size": 256754374, "index_size": 1151768, "filter_size": 0, "raw_key_size": 1494528, "raw_average_key_size": 24, "raw_value_size": 255066112, "raw_average_value_size": 4096, "num_data_blocks": 31136, "num_entries": 62272, "filter_policy_name": "", "kDeletedKeys": "0", "kMergeOperands": "0"}}
2018/12/29-20:40:09.850739 7fac8ffff700 [db/flush_job.cc:371] [usertable] [JOB 5] Level-0 flush table #17: 257907069 bytes OK
2018/12/29-20:40:09.879852 7fac8ffff700 (Original Log Time 2018/12/29-20:40:09.850757) [db/memtable_list.cc:377] [usertable] Level-0 commit table #17 started
2018/12/29-20:40:09.879857 7fac8ffff700 (Original Log Time 2018/12/29-20:40:09.879761) [db/memtable_list.cc:409] [usertable] Level-0 commit table #17: memtable #1 done
2018/12/29-20:40:09.879860 7fac8ffff700 (Original Log Time 2018/12/29-20:40:09.879765) [db/memtable_list.cc:409] [usertable] Level-0 commit table #17: memtable #2 done
2018/12/29-20:40:09.879862 7fac8ffff700 (Original Log Time 2018/12/29-20:40:09.879787) EVENT_LOG_v1 {"time_micros": 1546144809879778, "job": 5, "event": "flush_finished", "output_compression": "NoCompression", "lsm_state": [2, 1, 0, 0, 0, 0, 0], "immutable_memtables": 0}
2018/12/29-20:40:09.879865 7fac8ffff700 (Original Log Time 2018/12/29-20:40:09.879824) [db/db_impl_compaction_flush.cc:177] [usertable] Level summary: base level 1 max bytes base 536870912 files[2 1 0 0 0 0 0] max score 1.00
