2018/12/30-01:21:35.042951 7f28dc642700 RocksDB version: 5.14.3
2018/12/30-01:21:35.043007 7f28dc642700 Git sha rocksdb_build_git_sha:
2018/12/30-01:21:35.043011 7f28dc642700 Compile date Dec 29 2018
2018/12/30-01:21:35.043015 7f28dc642700 DB SUMMARY
2018/12/30-01:21:35.043422 7f28dc642700 CURRENT file:  CURRENT
2018/12/30-01:21:35.043424 7f28dc642700 IDENTITY file:  IDENTITY
2018/12/30-01:21:35.043598 7f28dc642700 MANIFEST file:  MANIFEST-000004 size: 120788 Bytes
2018/12/30-01:21:35.043603 7f28dc642700 SST files in /mnt/sdc/ycsb-rocksdb-data dir, Total Num: 663, files: 000021.sst 000022.sst 000023.sst 000024.sst 000028.sst 000029.sst 000030.sst 000031.sst 000035.sst 
2018/12/30-01:21:35.043604 7f28dc642700 Write Ahead Log file in /mnt/sdc/ycsb-rocksdb-data: 001167.log size: 54295198 ; 
2018/12/30-01:21:35.043610 7f28dc642700                         Options.error_if_exists: 0
2018/12/30-01:21:35.043611 7f28dc642700                       Options.create_if_missing: 1
2018/12/30-01:21:35.043612 7f28dc642700                         Options.paranoid_checks: 1
2018/12/30-01:21:35.043613 7f28dc642700                                     Options.env: 0x7f28bea742c0
2018/12/30-01:21:35.043614 7f28dc642700                                Options.info_log: 0x7f28403d0950
2018/12/30-01:21:35.043615 7f28dc642700                Options.max_file_opening_threads: 16
2018/12/30-01:21:35.043616 7f28dc642700                              Options.statistics: (nil)
2018/12/30-01:21:35.043617 7f28dc642700                               Options.use_fsync: 0
2018/12/30-01:21:35.043618 7f28dc642700                       Options.max_log_file_size: 0
2018/12/30-01:21:35.043619 7f28dc642700                  Options.max_manifest_file_size: 18446744073709551615
2018/12/30-01:21:35.043620 7f28dc642700                   Options.log_file_time_to_roll: 0
2018/12/30-01:21:35.043621 7f28dc642700                       Options.keep_log_file_num: 1000
2018/12/30-01:21:35.043622 7f28dc642700                    Options.recycle_log_file_num: 0
2018/12/30-01:21:35.043623 7f28dc642700                         Options.allow_fallocate: 1
2018/12/30-01:21:35.043624 7f28dc642700                        Options.allow_mmap_reads: 0
2018/12/30-01:21:35.043625 7f28dc642700                       Options.allow_mmap_writes: 0
2018/12/30-01:21:35.043626 7f28dc642700                        Options.use_direct_reads: 0
2018/12/30-01:21:35.043627 7f28dc642700                        Options.use_direct_io_for_flush_and_compaction: 0
2018/12/30-01:21:35.043628 7f28dc642700          Options.create_missing_column_families: 1
2018/12/30-01:21:35.043629 7f28dc642700                              Options.db_log_dir: 
2018/12/30-01:21:35.043630 7f28dc642700                                 Options.wal_dir: /mnt/sdc/ycsb-rocksdb-data
2018/12/30-01:21:35.043631 7f28dc642700                Options.table_cache_numshardbits: 6
2018/12/30-01:21:35.043632 7f28dc642700                      Options.max_subcompactions: 4
2018/12/30-01:21:35.043633 7f28dc642700                  Options.max_background_flushes: 24
2018/12/30-01:21:35.043634 7f28dc642700                         Options.WAL_ttl_seconds: 0
2018/12/30-01:21:35.043635 7f28dc642700                       Options.WAL_size_limit_MB: 0
2018/12/30-01:21:35.043635 7f28dc642700             Options.manifest_preallocation_size: 4194304
2018/12/30-01:21:35.043636 7f28dc642700                     Options.is_fd_close_on_exec: 1
2018/12/30-01:21:35.043637 7f28dc642700                   Options.advise_random_on_open: 1
2018/12/30-01:21:35.043638 7f28dc642700                    Options.db_write_buffer_size: 0
2018/12/30-01:21:35.043639 7f28dc642700                    Options.write_buffer_manager: 0x7f28403cd720
2018/12/30-01:21:35.043640 7f28dc642700         Options.access_hint_on_compaction_start: 1
2018/12/30-01:21:35.043641 7f28dc642700  Options.new_table_reader_for_compaction_inputs: 0
2018/12/30-01:21:35.043642 7f28dc642700           Options.random_access_max_buffer_size: 1048576
2018/12/30-01:21:35.043643 7f28dc642700                      Options.use_adaptive_mutex: 0
2018/12/30-01:21:35.043644 7f28dc642700                            Options.rate_limiter: (nil)
2018/12/30-01:21:35.043658 7f28dc642700     Options.sst_file_manager.rate_bytes_per_sec: 0
2018/12/30-01:21:35.043660 7f28dc642700                       Options.wal_recovery_mode: 2
2018/12/30-01:21:35.043661 7f28dc642700                  Options.enable_thread_tracking: 0
2018/12/30-01:21:35.043662 7f28dc642700                  Options.enable_pipelined_write: 1
2018/12/30-01:21:35.043663 7f28dc642700         Options.allow_concurrent_memtable_write: 1
2018/12/30-01:21:35.043664 7f28dc642700      Options.enable_write_thread_adaptive_yield: 1
2018/12/30-01:21:35.043665 7f28dc642700             Options.write_thread_max_yield_usec: 100
2018/12/30-01:21:35.043666 7f28dc642700            Options.write_thread_slow_yield_usec: 3
2018/12/30-01:21:35.043667 7f28dc642700                               Options.row_cache: None
2018/12/30-01:21:35.043668 7f28dc642700                              Options.wal_filter: None
2018/12/30-01:21:35.043669 7f28dc642700             Options.avoid_flush_during_recovery: 0
2018/12/30-01:21:35.043670 7f28dc642700             Options.allow_ingest_behind: 0
2018/12/30-01:21:35.043671 7f28dc642700             Options.preserve_deletes: 0
2018/12/30-01:21:35.043672 7f28dc642700             Options.two_write_queues: 0
2018/12/30-01:21:35.043673 7f28dc642700             Options.manual_wal_flush: 0
2018/12/30-01:21:35.043675 7f28dc642700             Options.max_background_jobs: 24
2018/12/30-01:21:35.043676 7f28dc642700             Options.max_background_compactions: 24
2018/12/30-01:21:35.043677 7f28dc642700             Options.avoid_flush_during_shutdown: 0
2018/12/30-01:21:35.043678 7f28dc642700           Options.writable_file_max_buffer_size: 1048576
2018/12/30-01:21:35.043679 7f28dc642700             Options.delayed_write_rate : 16777216
2018/12/30-01:21:35.043680 7f28dc642700             Options.max_total_wal_size: 0
2018/12/30-01:21:35.043681 7f28dc642700             Options.delete_obsolete_files_period_micros: 21600000000
2018/12/30-01:21:35.043682 7f28dc642700                   Options.stats_dump_period_sec: 60
2018/12/30-01:21:35.043683 7f28dc642700                          Options.max_open_files: -1
2018/12/30-01:21:35.043684 7f28dc642700                          Options.bytes_per_sync: 1048576
2018/12/30-01:21:35.043685 7f28dc642700                      Options.wal_bytes_per_sync: 0
2018/12/30-01:21:35.043686 7f28dc642700       Options.compaction_readahead_size: 0
2018/12/30-01:21:35.043686 7f28dc642700 Compression algorithms supported:
2018/12/30-01:21:35.043688 7f28dc642700 	kZSTDNotFinalCompression supported: 1
2018/12/30-01:21:35.043699 7f28dc642700 	kZSTD supported: 1
2018/12/30-01:21:35.043701 7f28dc642700 	kXpressCompression supported: 0
2018/12/30-01:21:35.043702 7f28dc642700 	kLZ4HCCompression supported: 1
2018/12/30-01:21:35.043703 7f28dc642700 	kLZ4Compression supported: 1
2018/12/30-01:21:35.043704 7f28dc642700 	kBZip2Compression supported: 1
2018/12/30-01:21:35.043705 7f28dc642700 	kZlibCompression supported: 1
2018/12/30-01:21:35.043706 7f28dc642700 	kSnappyCompression supported: 1
2018/12/30-01:21:35.043711 7f28dc642700 Fast CRC32 supported: Supported on x86
2018/12/30-01:21:35.044163 7f28dc642700 [db/version_set.cc:3085] Recovering from manifest file: MANIFEST-000004
2018/12/30-01:21:35.044456 7f28dc642700 [db/column_family.cc:475] --------------- Options for column family [default]:
2018/12/30-01:21:35.044462 7f28dc642700               Options.comparator: leveldb.BytewiseComparator
2018/12/30-01:21:35.044465 7f28dc642700           Options.merge_operator: None
2018/12/30-01:21:35.044467 7f28dc642700        Options.compaction_filter: None
2018/12/30-01:21:35.044468 7f28dc642700        Options.compaction_filter_factory: None
2018/12/30-01:21:35.044470 7f28dc642700         Options.memtable_factory: SkipListFactory
2018/12/30-01:21:35.044472 7f28dc642700            Options.table_factory: BlockBasedTable
2018/12/30-01:21:35.044509 7f28dc642700            table_factory options:   flush_block_policy_factory: FlushBlockBySizePolicyFactory (0x7f284037a8b0)
  cache_index_and_filter_blocks: 0
  cache_index_and_filter_blocks_with_high_priority: 0
  pin_l0_filter_and_index_blocks_in_cache: 0
  index_type: 0
  hash_index_allow_collision: 1
  checksum: 1
  no_block_cache: 0
  block_cache: 0x7f2840386210
  block_cache_name: LRUCache
  block_cache_options:
    capacity : 8388608
    num_shard_bits : 4
    strict_capacity_limit : 0
    high_pri_pool_ratio: 0.000
  block_cache_compressed: (nil)
  persistent_cache: (nil)
  block_size: 8192
  block_size_deviation: 10
  block_restart_interval: 16
  index_block_restart_interval: 1
  metadata_block_size: 4096
  partition_filters: 0
  use_delta_encoding: 1
  filter_policy: nullptr
  whole_key_filtering: 1
  verify_compression: 0
  read_amp_bytes_per_bit: 0
  format_version: 2
  enable_index_compression: 1
  block_align: 0
2018/12/30-01:21:35.044527 7f28dc642700        Options.write_buffer_size: 134217728
2018/12/30-01:21:35.044530 7f28dc642700  Options.max_write_buffer_number: 24
2018/12/30-01:21:35.044533 7f28dc642700        Options.compression[0]: NoCompression
2018/12/30-01:21:35.044536 7f28dc642700        Options.compression[1]: NoCompression
2018/12/30-01:21:35.044538 7f28dc642700        Options.compression[2]: LZ4
2018/12/30-01:21:35.044540 7f28dc642700        Options.compression[3]: LZ4
2018/12/30-01:21:35.044543 7f28dc642700        Options.compression[4]: LZ4
2018/12/30-01:21:35.044545 7f28dc642700        Options.compression[5]: LZ4
2018/12/30-01:21:35.044547 7f28dc642700        Options.compression[6]: LZ4
2018/12/30-01:21:35.044549 7f28dc642700                  Options.bottommost_compression: Disabled
2018/12/30-01:21:35.044551 7f28dc642700       Options.prefix_extractor: nullptr
2018/12/30-01:21:35.044553 7f28dc642700   Options.memtable_insert_with_hint_prefix_extractor: nullptr
2018/12/30-01:21:35.044555 7f28dc642700             Options.num_levels: 7
2018/12/30-01:21:35.044557 7f28dc642700        Options.min_write_buffer_number_to_merge: 2
2018/12/30-01:21:35.044559 7f28dc642700     Options.max_write_buffer_number_to_maintain: 0
2018/12/30-01:21:35.044561 7f28dc642700            Options.compression_opts.window_bits: -14
2018/12/30-01:21:35.044563 7f28dc642700                  Options.compression_opts.level: -1
2018/12/30-01:21:35.044565 7f28dc642700               Options.compression_opts.strategy: 0
2018/12/30-01:21:35.044567 7f28dc642700         Options.compression_opts.max_dict_bytes: 0
2018/12/30-01:21:35.044569 7f28dc642700         Options.compression_opts.zstd_max_train_bytes: 0
2018/12/30-01:21:35.044571 7f28dc642700      Options.level0_file_num_compaction_trigger: 2
2018/12/30-01:21:35.044573 7f28dc642700          Options.level0_slowdown_writes_trigger: 20
2018/12/30-01:21:35.044574 7f28dc642700              Options.level0_stop_writes_trigger: 36
2018/12/30-01:21:35.044576 7f28dc642700                   Options.target_file_size_base: 67108864
2018/12/30-01:21:35.044578 7f28dc642700             Options.target_file_size_multiplier: 1
2018/12/30-01:21:35.044580 7f28dc642700                Options.max_bytes_for_level_base: 536870912
2018/12/30-01:21:35.044582 7f28dc642700 Options.level_compaction_dynamic_level_bytes: 0
2018/12/30-01:21:35.044584 7f28dc642700          Options.max_bytes_for_level_multiplier: 10.000000
2018/12/30-01:21:35.044588 7f28dc642700 Options.max_bytes_for_level_multiplier_addtl[0]: 1
2018/12/30-01:21:35.044590 7f28dc642700 Options.max_bytes_for_level_multiplier_addtl[1]: 1
2018/12/30-01:21:35.044592 7f28dc642700 Options.max_bytes_for_level_multiplier_addtl[2]: 1
2018/12/30-01:21:35.044594 7f28dc642700 Options.max_bytes_for_level_multiplier_addtl[3]: 1
2018/12/30-01:21:35.044595 7f28dc642700 Options.max_bytes_for_level_multiplier_addtl[4]: 1
2018/12/30-01:21:35.044597 7f28dc642700 Options.max_bytes_for_level_multiplier_addtl[5]: 1
2018/12/30-01:21:35.044599 7f28dc642700 Options.max_bytes_for_level_multiplier_addtl[6]: 1
2018/12/30-01:21:35.044601 7f28dc642700       Options.max_sequential_skip_in_iterations: 8
2018/12/30-01:21:35.044603 7f28dc642700                    Options.max_compaction_bytes: 1677721600
2018/12/30-01:21:35.044614 7f28dc642700                        Options.arena_block_size: 16777216
2018/12/30-01:21:35.044616 7f28dc642700   Options.soft_pending_compaction_bytes_limit: 68719476736
2018/12/30-01:21:35.044618 7f28dc642700   Options.hard_pending_compaction_bytes_limit: 274877906944
2018/12/30-01:21:35.044620 7f28dc642700       Options.rate_limit_delay_max_milliseconds: 100
2018/12/30-01:21:35.044622 7f28dc642700                Options.disable_auto_compactions: 0
2018/12/30-01:21:35.044626 7f28dc642700                        Options.compaction_style: kCompactionStyleLevel
2018/12/30-01:21:35.044629 7f28dc642700                          Options.compaction_pri: kByCompensatedSize
2018/12/30-01:21:35.044630 7f28dc642700 Options.compaction_options_universal.size_ratio: 1
2018/12/30-01:21:35.044632 7f28dc642700 Options.compaction_options_universal.min_merge_width: 2
2018/12/30-01:21:35.044634 7f28dc642700 Options.compaction_options_universal.max_merge_width: 4294967295
2018/12/30-01:21:35.044636 7f28dc642700 Options.compaction_options_universal.max_size_amplification_percent: 200
2018/12/30-01:21:35.044638 7f28dc642700 Options.compaction_options_universal.compression_size_percent: -1
2018/12/30-01:21:35.044640 7f28dc642700 Options.compaction_options_universal.stop_style: kCompactionStopStyleTotalSize
2018/12/30-01:21:35.044642 7f28dc642700 Options.compaction_options_fifo.max_table_files_size: 1073741824
2018/12/30-01:21:35.044644 7f28dc642700 Options.compaction_options_fifo.allow_compaction: 0
2018/12/30-01:21:35.044646 7f28dc642700 Options.compaction_options_fifo.ttl: 0
2018/12/30-01:21:35.044648 7f28dc642700                   Options.table_properties_collectors: 
2018/12/30-01:21:35.044650 7f28dc642700                   Options.inplace_update_support: 0
2018/12/30-01:21:35.044652 7f28dc642700                 Options.inplace_update_num_locks: 10000
2018/12/30-01:21:35.044654 7f28dc642700               Options.memtable_prefix_bloom_size_ratio: 0.000000
2018/12/30-01:21:35.044657 7f28dc642700   Options.memtable_huge_page_size: 0
2018/12/30-01:21:35.044658 7f28dc642700                           Options.bloom_locality: 0
2018/12/30-01:21:35.044660 7f28dc642700                    Options.max_successive_merges: 0
2018/12/30-01:21:35.044662 7f28dc642700                Options.optimize_filters_for_hits: 0
2018/12/30-01:21:35.044664 7f28dc642700                Options.paranoid_file_checks: 0
2018/12/30-01:21:35.044665 7f28dc642700                Options.force_consistency_checks: 0
2018/12/30-01:21:35.044667 7f28dc642700                Options.report_bg_io_stats: 0
2018/12/30-01:21:35.044669 7f28dc642700                               Options.ttl: 0
2018/12/30-01:21:35.045208 7f28dc642700 [db/column_family.cc:475] --------------- Options for column family [usertable]:
2018/12/30-01:21:35.045212 7f28dc642700               Options.comparator: leveldb.BytewiseComparator
2018/12/30-01:21:35.045213 7f28dc642700           Options.merge_operator: None
2018/12/30-01:21:35.045214 7f28dc642700        Options.compaction_filter: None
2018/12/30-01:21:35.045214 7f28dc642700        Options.compaction_filter_factory: None
2018/12/30-01:21:35.045215 7f28dc642700         Options.memtable_factory: SkipListFactory
2018/12/30-01:21:35.045217 7f28dc642700            Options.table_factory: BlockBasedTable
2018/12/30-01:21:35.045241 7f28dc642700            table_factory options:   flush_block_policy_factory: FlushBlockBySizePolicyFactory (0x7f284037a680)
  cache_index_and_filter_blocks: 0
  cache_index_and_filter_blocks_with_high_priority: 0
  pin_l0_filter_and_index_blocks_in_cache: 0
  index_type: 0
  hash_index_allow_collision: 1
  checksum: 1
  no_block_cache: 0
  block_cache: 0x7f284037b120
  block_cache_name: LRUCache
  block_cache_options:
    capacity : 8388608
    num_shard_bits : 4
    strict_capacity_limit : 0
    high_pri_pool_ratio: 0.000
  block_cache_compressed: (nil)
  persistent_cache: (nil)
  block_size: 8192
  block_size_deviation: 10
  block_restart_interval: 16
  index_block_restart_interval: 1
  metadata_block_size: 4096
  partition_filters: 0
  use_delta_encoding: 1
  filter_policy: nullptr
  whole_key_filtering: 1
  verify_compression: 0
  read_amp_bytes_per_bit: 0
  format_version: 2
  enable_index_compression: 1
  block_align: 0
2018/12/30-01:21:35.045253 7f28dc642700        Options.write_buffer_size: 134217728
2018/12/30-01:21:35.045255 7f28dc642700  Options.max_write_buffer_number: 24
2018/12/30-01:21:35.045256 7f28dc642700        Options.compression[0]: NoCompression
2018/12/30-01:21:35.045257 7f28dc642700        Options.compression[1]: NoCompression
2018/12/30-01:21:35.045258 7f28dc642700        Options.compression[2]: LZ4
2018/12/30-01:21:35.045259 7f28dc642700        Options.compression[3]: LZ4
2018/12/30-01:21:35.045260 7f28dc642700        Options.compression[4]: LZ4
2018/12/30-01:21:35.045261 7f28dc642700        Options.compression[5]: LZ4
2018/12/30-01:21:35.045262 7f28dc642700        Options.compression[6]: LZ4
2018/12/30-01:21:35.045263 7f28dc642700                  Options.bottommost_compression: Disabled
2018/12/30-01:21:35.045264 7f28dc642700       Options.prefix_extractor: nullptr
2018/12/30-01:21:35.045265 7f28dc642700   Options.memtable_insert_with_hint_prefix_extractor: nullptr
2018/12/30-01:21:35.045266 7f28dc642700             Options.num_levels: 7
2018/12/30-01:21:35.045267 7f28dc642700        Options.min_write_buffer_number_to_merge: 2
2018/12/30-01:21:35.045268 7f28dc642700     Options.max_write_buffer_number_to_maintain: 0
2018/12/30-01:21:35.045269 7f28dc642700            Options.compression_opts.window_bits: -14
2018/12/30-01:21:35.045270 7f28dc642700                  Options.compression_opts.level: -1
2018/12/30-01:21:35.045271 7f28dc642700               Options.compression_opts.strategy: 0
2018/12/30-01:21:35.045272 7f28dc642700         Options.compression_opts.max_dict_bytes: 0
2018/12/30-01:21:35.045273 7f28dc642700         Options.compression_opts.zstd_max_train_bytes: 0
2018/12/30-01:21:35.045274 7f28dc642700      Options.level0_file_num_compaction_trigger: 2
2018/12/30-01:21:35.045275 7f28dc642700          Options.level0_slowdown_writes_trigger: 20
2018/12/30-01:21:35.045275 7f28dc642700              Options.level0_stop_writes_trigger: 36
2018/12/30-01:21:35.045276 7f28dc642700                   Options.target_file_size_base: 67108864
2018/12/30-01:21:35.045277 7f28dc642700             Options.target_file_size_multiplier: 1
2018/12/30-01:21:35.045278 7f28dc642700                Options.max_bytes_for_level_base: 536870912
2018/12/30-01:21:35.045279 7f28dc642700 Options.level_compaction_dynamic_level_bytes: 0
2018/12/30-01:21:35.045280 7f28dc642700          Options.max_bytes_for_level_multiplier: 10.000000
2018/12/30-01:21:35.045282 7f28dc642700 Options.max_bytes_for_level_multiplier_addtl[0]: 1
2018/12/30-01:21:35.045283 7f28dc642700 Options.max_bytes_for_level_multiplier_addtl[1]: 1
2018/12/30-01:21:35.045284 7f28dc642700 Options.max_bytes_for_level_multiplier_addtl[2]: 1
2018/12/30-01:21:35.045285 7f28dc642700 Options.max_bytes_for_level_multiplier_addtl[3]: 1
2018/12/30-01:21:35.045286 7f28dc642700 Options.max_bytes_for_level_multiplier_addtl[4]: 1
2018/12/30-01:21:35.045287 7f28dc642700 Options.max_bytes_for_level_multiplier_addtl[5]: 1
2018/12/30-01:21:35.045288 7f28dc642700 Options.max_bytes_for_level_multiplier_addtl[6]: 1
2018/12/30-01:21:35.045289 7f28dc642700       Options.max_sequential_skip_in_iterations: 8
2018/12/30-01:21:35.045290 7f28dc642700                    Options.max_compaction_bytes: 1677721600
2018/12/30-01:21:35.045291 7f28dc642700                        Options.arena_block_size: 16777216
2018/12/30-01:21:35.045292 7f28dc642700   Options.soft_pending_compaction_bytes_limit: 68719476736
2018/12/30-01:21:35.045293 7f28dc642700   Options.hard_pending_compaction_bytes_limit: 274877906944
2018/12/30-01:21:35.045294 7f28dc642700       Options.rate_limit_delay_max_milliseconds: 100
2018/12/30-01:21:35.045295 7f28dc642700                Options.disable_auto_compactions: 0
2018/12/30-01:21:35.045296 7f28dc642700                        Options.compaction_style: kCompactionStyleLevel
2018/12/30-01:21:35.045303 7f28dc642700                          Options.compaction_pri: kByCompensatedSize
2018/12/30-01:21:35.045304 7f28dc642700 Options.compaction_options_universal.size_ratio: 1
2018/12/30-01:21:35.045305 7f28dc642700 Options.compaction_options_universal.min_merge_width: 2
2018/12/30-01:21:35.045307 7f28dc642700 Options.compaction_options_universal.max_merge_width: 4294967295
2018/12/30-01:21:35.045307 7f28dc642700 Options.compaction_options_universal.max_size_amplification_percent: 200
2018/12/30-01:21:35.045308 7f28dc642700 Options.compaction_options_universal.compression_size_percent: -1
2018/12/30-01:21:35.045310 7f28dc642700 Options.compaction_options_universal.stop_style: kCompactionStopStyleTotalSize
2018/12/30-01:21:35.045311 7f28dc642700 Options.compaction_options_fifo.max_table_files_size: 1073741824
2018/12/30-01:21:35.045312 7f28dc642700 Options.compaction_options_fifo.allow_compaction: 0
2018/12/30-01:21:35.045312 7f28dc642700 Options.compaction_options_fifo.ttl: 0
2018/12/30-01:21:35.045313 7f28dc642700                   Options.table_properties_collectors: 
2018/12/30-01:21:35.045314 7f28dc642700                   Options.inplace_update_support: 0
2018/12/30-01:21:35.045315 7f28dc642700                 Options.inplace_update_num_locks: 10000
2018/12/30-01:21:35.045316 7f28dc642700               Options.memtable_prefix_bloom_size_ratio: 0.000000
2018/12/30-01:21:35.045318 7f28dc642700   Options.memtable_huge_page_size: 0
2018/12/30-01:21:35.045319 7f28dc642700                           Options.bloom_locality: 0
2018/12/30-01:21:35.045320 7f28dc642700                    Options.max_successive_merges: 0
2018/12/30-01:21:35.045321 7f28dc642700                Options.optimize_filters_for_hits: 0
2018/12/30-01:21:35.045322 7f28dc642700                Options.paranoid_file_checks: 0
2018/12/30-01:21:35.045323 7f28dc642700                Options.force_consistency_checks: 0
2018/12/30-01:21:35.045324 7f28dc642700                Options.report_bg_io_stats: 0
2018/12/30-01:21:35.045325 7f28dc642700                               Options.ttl: 0
2018/12/30-01:21:35.675846 7f28dc642700 [db/version_set.cc:3361] Recovered from manifest file:/mnt/sdc/ycsb-rocksdb-data/MANIFEST-000004 succeeded,manifest_file_number is 4, next_file_number is 1174, last_sequence is 10440898, log_number is 0,prev_log_number is 0,max_column_family is 1,min_log_number_to_keep is 0
2018/12/30-01:21:35.675856 7f28dc642700 [db/version_set.cc:3369] Column family [default] (ID 0), log number is 0
2018/12/30-01:21:35.675858 7f28dc642700 [db/version_set.cc:3369] Column family [usertable] (ID 1), log number is 1167
2018/12/30-01:21:35.678300 7f28dc642700 EVENT_LOG_v1 {"time_micros": 1546161695678286, "job": 1, "event": "recovery_started", "log_files": [1167]}
2018/12/30-01:21:35.678311 7f28dc642700 [db/db_impl_open.cc:551] Recovering log #1167 mode 2
2018/12/30-01:21:35.832437 7f28dc642700 [db/version_set.cc:2847] Creating manifest 1174
2018/12/30-01:21:36.139443 7f28dc642700 EVENT_LOG_v1 {"time_micros": 1546161696139412, "cf_name": "usertable", "job": 1, "event": "table_file_creation", "file_number": 1175, "file_size": 54356420, "table_properties": {"data_size": 54114389, "index_size": 241110, "filter_size": 0, "raw_key_size": 315000, "raw_average_key_size": 24, "raw_value_size": 53760000, "raw_average_value_size": 4096, "num_data_blocks": 6563, "num_entries": 13125, "filter_policy_name": "", "kDeletedKeys": "0", "kMergeOperands": "0"}}
2018/12/30-01:21:36.231112 7f28dc642700 EVENT_LOG_v1 {"time_micros": 1546161696231103, "job": 1, "event": "recovery_finished"}
2018/12/30-01:21:36.435600 7f28dc642700 [db/db_impl_open.cc:1219] DB pointer 0x7f28403d0ea0
2018/12/30-01:21:36.435937 7f278a7fc700 [WARN] [db/db_impl.cc:491] ------- DUMPING STATS -------
2018/12/30-01:21:36.436006 7f278a7fc700 [WARN] [db/db_impl.cc:492] 
** DB Stats **
Uptime(secs): 1.4 total, 1.4 interval
Cumulative writes: 0 writes, 0 keys, 0 commit groups, 0.0 writes per commit group, ingest: 0.00 GB, 0.00 MB/s
Cumulative WAL: 0 writes, 0 syncs, 0.00 writes per sync, written: 0.00 GB, 0.00 MB/s
Cumulative stall: 00:00:0.000 H:M:S, 0.0 percent
Interval writes: 0 writes, 0 keys, 0 commit groups, 0.0 writes per commit group, ingest: 0.00 MB, 0.00 MB/s
Interval WAL: 0 writes, 0 syncs, 0.00 writes per sync, written: 0.00 MB, 0.00 MB/s
Interval stall: 00:00:0.000 H:M:S, 0.0 percent

** Compaction Stats [default] **
Level    Files   Size     Score Read(GB)  Rn(GB) Rnp1(GB) Write(GB) Wnew(GB) Moved(GB) W-Amp Rd(MB/s) Wr(MB/s) Comp(sec) Comp(cnt) Avg(sec) KeyIn KeyDrop
----------------------------------------------------------------------------------------------------------------------------------------------------------
 Sum      0/0    0.00 KB   0.0      0.0     0.0      0.0       0.0      0.0       0.0   0.0      0.0      0.0         0         0    0.000       0      0
 Int      0/0    0.00 KB   0.0      0.0     0.0      0.0       0.0      0.0       0.0   0.0      0.0      0.0         0         0    0.000       0      0
Uptime(secs): 1.4 total, 1.4 interval
Flush(GB): cumulative 0.000, interval 0.000
AddFile(GB): cumulative 0.000, interval 0.000
AddFile(Total Files): cumulative 0, interval 0
AddFile(L0 Files): cumulative 0, interval 0
AddFile(Keys): cumulative 0, interval 0
Cumulative compaction: 0.00 GB write, 0.00 MB/s write, 0.00 GB read, 0.00 MB/s read, 0.0 seconds
Interval compaction: 0.00 GB write, 0.00 MB/s write, 0.00 GB read, 0.00 MB/s read, 0.0 seconds
Stalls(count): 0 level0_slowdown, 0 level0_slowdown_with_compaction, 0 level0_numfiles, 0 level0_numfiles_with_compaction, 0 stop for pending_compaction_bytes, 0 slowdown for pending_compaction_bytes, 0 memtable_compaction, 0 memtable_slowdown, interval 0 total count

** File Read Latency Histogram By Level [default] **

** Compaction Stats [usertable] **
Level    Files   Size     Score Read(GB)  Rn(GB) Rnp1(GB) Write(GB) Wnew(GB) Moved(GB) W-Amp Rd(MB/s) Wr(MB/s) Comp(sec) Comp(cnt) Avg(sec) KeyIn KeyDrop
----------------------------------------------------------------------------------------------------------------------------------------------------------
  L0      2/0   271.82 MB   1.0      0.0     0.0      0.0       0.1      0.1       0.0   1.0      0.0    239.8         0         1    0.216       0      0
  L1      2/0   444.92 MB   0.9      0.0     0.0      0.0       0.0      0.0       0.0   0.0      0.0      0.0         0         0    0.000       0      0
  L2    100/0    5.00 GB   1.0      0.0     0.0      0.0       0.0      0.0       0.0   0.0      0.0      0.0         0         0    0.000       0      0
  L3    560/0   34.48 GB   0.7      0.0     0.0      0.0       0.0      0.0       0.0   0.0      0.0      0.0         0         0    0.000       0      0
 Sum    664/0   40.18 GB   0.0      0.0     0.0      0.0       0.1      0.1       0.0   1.0      0.0    239.8         0         1    0.216       0      0
 Int      0/0    0.00 KB   0.0      0.0     0.0      0.0       0.1      0.1       0.0   1.0      0.0    239.8         0         1    0.216       0      0
Uptime(secs): 1.4 total, 1.4 interval
Flush(GB): cumulative 0.051, interval 0.051
AddFile(GB): cumulative 0.000, interval 0.000
AddFile(Total Files): cumulative 0, interval 0
AddFile(L0 Files): cumulative 0, interval 0
AddFile(Keys): cumulative 0, interval 0
Cumulative compaction: 0.05 GB write, 37.28 MB/s write, 0.00 GB read, 0.00 MB/s read, 0.2 seconds
Interval compaction: 0.05 GB write, 37.28 MB/s write, 0.00 GB read, 0.00 MB/s read, 0.2 seconds
Stalls(count): 0 level0_slowdown, 0 level0_slowdown_with_compaction, 0 level0_numfiles, 0 level0_numfiles_with_compaction, 0 stop for pending_compaction_bytes, 0 slowdown for pending_compaction_bytes, 0 memtable_compaction, 0 memtable_slowdown, interval 0 total count

** File Read Latency Histogram By Level [usertable] **

** Compaction Stats [default] **
Level    Files   Size     Score Read(GB)  Rn(GB) Rnp1(GB) Write(GB) Wnew(GB) Moved(GB) W-Amp Rd(MB/s) Wr(MB/s) Comp(sec) Comp(cnt) Avg(sec) KeyIn KeyDrop
----------------------------------------------------------------------------------------------------------------------------------------------------------
 Sum      0/0    0.00 KB   0.0      0.0     0.0      0.0       0.0      0.0       0.0   0.0      0.0      0.0         0         0    0.000       0      0
 Int      0/0    0.00 KB   0.0      0.0     0.0      0.0       0.0      0.0       0.0   0.0      0.0      0.0         0         0    0.000       0      0
Uptime(secs): 1.4 total, 0.0 interval
Flush(GB): cumulative 0.000, interval 0.000
AddFile(GB): cumulative 0.000, interval 0.000
AddFile(Total Files): cumulative 0, interval 0
AddFile(L0 Files): cumulative 0, interval 0
AddFile(Keys): cumulative 0, interval 0
Cumulative compaction: 0.00 GB write, 0.00 MB/s write, 0.00 GB read, 0.00 MB/s read, 0.0 seconds
Interval compaction: 0.00 GB write, 0.00 MB/s write, 0.00 GB read, 0.00 MB/s read, 0.0 seconds
Stalls(count): 0 level0_slowdown, 0 level0_slowdown_with_compaction, 0 level0_numfiles, 0 level0_numfiles_with_compaction, 0 stop for pending_compaction_bytes, 0 slowdown for pending_compaction_bytes, 0 memtable_compaction, 0 memtable_slowdown, interval 0 total count

** File Read Latency Histogram By Level [default] **

** Compaction Stats [usertable] **
Level    Files   Size     Score Read(GB)  Rn(GB) Rnp1(GB) Write(GB) Wnew(GB) Moved(GB) W-Amp Rd(MB/s) Wr(MB/s) Comp(sec) Comp(cnt) Avg(sec) KeyIn KeyDrop
----------------------------------------------------------------------------------------------------------------------------------------------------------
  L0      2/0   271.82 MB   1.0      0.0     0.0      0.0       0.1      0.1       0.0   1.0      0.0    239.8         0         1    0.216       0      0
  L1      2/0   444.92 MB   0.9      0.0     0.0      0.0       0.0      0.0       0.0   0.0      0.0      0.0         0         0    0.000       0      0
  L2    100/0    5.00 GB   1.0      0.0     0.0      0.0       0.0      0.0       0.0   0.0      0.0      0.0         0         0    0.000       0      0
  L3    560/0   34.48 GB   0.7      0.0     0.0      0.0       0.0      0.0       0.0   0.0      0.0      0.0         0         0    0.000       0      0
 Sum    664/0   40.18 GB   0.0      0.0     0.0      0.0       0.1      0.1       0.0   1.0      0.0    239.8         0         1    0.216       0      0
 Int      0/0    0.00 KB   0.0      0.0     0.0      0.0       0.0      0.0       0.0   0.0      0.0      0.0         0         0    0.000       0      0
Uptime(secs): 1.4 total, 0.0 interval
Flush(GB): cumulative 0.051, interval 0.000
AddFile(GB): cumulative 0.000, interval 0.000
AddFile(Total Files): cumulative 0, interval 0
AddFile(L0 Files): cumulative 0, interval 0
AddFile(Keys): cumulative 0, interval 0
Cumulative compaction: 0.05 GB write, 37.27 MB/s write, 0.00 GB read, 0.00 MB/s read, 0.2 seconds
Interval compaction: 0.00 GB write, 0.00 MB/s write, 0.00 GB read, 0.00 MB/s read, 0.0 seconds
Stalls(count): 0 level0_slowdown, 0 level0_slowdown_with_compaction, 0 level0_numfiles, 0 level0_numfiles_with_compaction, 0 stop for pending_compaction_bytes, 0 slowdown for pending_compaction_bytes, 0 memtable_compaction, 0 memtable_slowdown, interval 0 total count

** File Read Latency Histogram By Level [usertable] **
2018/12/30-01:21:36.511684 7f278a7fc700 (Original Log Time 2018/12/30-01:21:36.436190) [db/db_impl_compaction_flush.cc:1835] [usertable] Moving #160 to level-1 230667726 bytes
2018/12/30-01:21:36.511690 7f278a7fc700 (Original Log Time 2018/12/30-01:21:36.511590) EVENT_LOG_v1 {"time_micros": 1546161696511578, "job": 3, "event": "trivial_move", "destination_level": 1, "files": 1, "total_files_size": 230667726}
2018/12/30-01:21:36.511692 7f278a7fc700 (Original Log Time 2018/12/30-01:21:36.511612) [db/db_impl_compaction_flush.cc:1864] [usertable] Moved #1 files to level-1 230667726 bytes OK: base level 1 max bytes base 536870912 files[1 3 100 560 0 0 0] max score 1.30
2018/12/30-01:21:36.511836 7f28bd0fa700 [db/compaction_job.cc:1531] [usertable] [JOB 4] Compacting 1@1 files to L2, score 1.30
2018/12/30-01:21:36.511849 7f28bd0fa700 [db/compaction_job.cc:1535] [usertable] Compaction start summary: Base version 6 Base level 1, inputs: [265(224MB)]
2018/12/30-01:21:36.511877 7f28bd0fa700 EVENT_LOG_v1 {"time_micros": 1546161696511858, "job": 4, "event": "compaction_started", "compaction_reason": "LevelMaxLevelSize", "files_L1": [265], "score": 1.29865, "input_data_size": 235865414}
2018/12/30-01:21:38.170962 7f28bd0fa700 [db/compaction_job.cc:1211] [usertable] [JOB 4] Generated table #1179: 16279 keys, 67233527 bytes
2018/12/30-01:21:38.171011 7f28bd0fa700 EVENT_LOG_v1 {"time_micros": 1546161698170991, "cf_name": "usertable", "job": 4, "event": "table_file_creation", "file_number": 1179, "file_size": 67233527, "table_properties": {"data_size": 67120138, "index_size": 300916, "filter_size": 0, "raw_key_size": 390696, "raw_average_key_size": 24, "raw_value_size": 66678784, "raw_average_value_size": 4096, "num_data_blocks": 8140, "num_entries": 16279, "filter_policy_name": "", "kDeletedKeys": "0", "kMergeOperands": "0"}}
2018/12/30-01:21:39.732868 7f28bd0fa700 [db/compaction_job.cc:1211] [usertable] [JOB 4] Generated table #1180: 16279 keys, 67233389 bytes
2018/12/30-01:21:39.732919 7f28bd0fa700 EVENT_LOG_v1 {"time_micros": 1546161699732897, "cf_name": "usertable", "job": 4, "event": "table_file_creation", "file_number": 1180, "file_size": 67233389, "table_properties": {"data_size": 67118331, "index_size": 299109, "filter_size": 0, "raw_key_size": 390696, "raw_average_key_size": 24, "raw_value_size": 66678784, "raw_average_value_size": 4096, "num_data_blocks": 8140, "num_entries": 16279, "filter_policy_name": "", "kDeletedKeys": "0", "kMergeOperands": "0"}}
2018/12/30-01:21:40.949074 7f28bfcfc700 [db/db_impl_write.cc:1373] [usertable] New memtable created with log file: #1182. Immutable memtables: 0.
2018/12/30-01:21:41.480726 7f28bd0fa700 [db/compaction_job.cc:1211] [usertable] [JOB 4] Generated table #1181: 16279 keys, 67233564 bytes
2018/12/30-01:21:41.480776 7f28bd0fa700 EVENT_LOG_v1 {"time_micros": 1546161701480754, "cf_name": "usertable", "job": 4, "event": "table_file_creation", "file_number": 1181, "file_size": 67233564, "table_properties": {"data_size": 67120140, "index_size": 300916, "filter_size": 0, "raw_key_size": 390696, "raw_average_key_size": 24, "raw_value_size": 66678784, "raw_average_value_size": 4096, "num_data_blocks": 8140, "num_entries": 16279, "filter_policy_name": "", "kDeletedKeys": "0", "kMergeOperands": "0"}}
2018/12/30-01:21:42.508303 7f28bd0fa700 [db/compaction_job.cc:1211] [usertable] [JOB 4] Generated table #1183: 8113 keys, 33507733 bytes
2018/12/30-01:21:42.508372 7f28bd0fa700 EVENT_LOG_v1 {"time_micros": 1546161702508351, "cf_name": "usertable", "job": 4, "event": "table_file_creation", "file_number": 1183, "file_size": 33507733, "table_properties": {"data_size": 33449913, "index_size": 148943, "filter_size": 0, "raw_key_size": 194712, "raw_average_key_size": 24, "raw_value_size": 33230848, "raw_average_value_size": 4096, "num_data_blocks": 4057, "num_entries": 8113, "filter_policy_name": "", "kDeletedKeys": "0", "kMergeOperands": "0"}}
2018/12/30-01:21:42.508456 7f28bd0fa700 [db/compaction_job.cc:1287] [usertable] [JOB 4] Compacted 1@1 files to L2 => 235208213 bytes
2018/12/30-01:21:42.549578 7f28bd0fa700 (Original Log Time 2018/12/30-01:21:42.549401) [db/compaction_job.cc:685] [usertable] compacted to: base level 1 max bytes base 536870912 files[1 2 104 560 0 0 0] max score 1.04, MB/sec: 39.3 rd, 39.2 wr, level 2, files in(1, 0) out(4) MB in(224.9, 0.0) out(224.3), read-write-amplify(2.0) write-amplify(1.0) OK, records in: 56950, records dropped: 0 output_compression: LZ4
2018/12/30-01:21:42.549590 7f28bd0fa700 (Original Log Time 2018/12/30-01:21:42.549455) EVENT_LOG_v1 {"time_micros": 1546161702549435, "job": 4, "event": "compaction_finished", "compaction_time_micros": 5996532, "output_level": 2, "num_output_files": 4, "total_output_size": 235208213, "num_input_records": 56950, "num_output_records": 56950, "num_subcompactions": 1, "output_compression": "LZ4", "num_single_delete_mismatches": 0, "num_single_delete_fallthrough": 0, "lsm_state": [1, 2, 104, 560, 0, 0, 0]}
2018/12/30-01:21:42.587003 7f28bd0fa700 (Original Log Time 2018/12/30-01:21:42.549836) [db/db_impl_compaction_flush.cc:1835] [usertable] Moving #1181 to level-3 67233564 bytes
2018/12/30-01:21:42.587010 7f28bd0fa700 (Original Log Time 2018/12/30-01:21:42.586944) EVENT_LOG_v1 {"time_micros": 1546161702586935, "job": 5, "event": "trivial_move", "destination_level": 3, "files": 1, "total_files_size": 67233564}
2018/12/30-01:21:42.587013 7f28bd0fa700 (Original Log Time 2018/12/30-01:21:42.586962) [db/db_impl_compaction_flush.cc:1864] [usertable] Moved #1 files to level-3 67233564 bytes OK: base level 1 max bytes base 536870912 files[1 2 103 561 0 0 0] max score 1.03
2018/12/30-01:21:42.689418 7f28bd0fa700 EVENT_LOG_v1 {"time_micros": 1546161702689409, "job": 5, "event": "table_file_deletion", "file_number": 265}
2018/12/30-01:21:42.733503 7f28bc8f9700 (Original Log Time 2018/12/30-01:21:42.696950) [db/db_impl_compaction_flush.cc:1835] [usertable] Moving #1179 to level-3 67233527 bytes
2018/12/30-01:21:42.733511 7f28bc8f9700 (Original Log Time 2018/12/30-01:21:42.733397) EVENT_LOG_v1 {"time_micros": 1546161702733360, "job": 6, "event": "trivial_move", "destination_level": 3, "files": 1, "total_files_size": 67233527}
2018/12/30-01:21:42.733514 7f28bc8f9700 (Original Log Time 2018/12/30-01:21:42.733436) [db/db_impl_compaction_flush.cc:1864] [usertable] Moved #1 files to level-3 67233527 bytes OK: base level 1 max bytes base 536870912 files[1 2 102 562 0 0 0] max score 1.02
2018/12/30-01:21:42.773521 7f28bc8f9700 (Original Log Time 2018/12/30-01:21:42.733767) [db/db_impl_compaction_flush.cc:1835] [usertable] Moving #1180 to level-3 67233389 bytes
2018/12/30-01:21:42.773529 7f28bc8f9700 (Original Log Time 2018/12/30-01:21:42.773415) EVENT_LOG_v1 {"time_micros": 1546161702773403, "job": 7, "event": "trivial_move", "destination_level": 3, "files": 1, "total_files_size": 67233389}
2018/12/30-01:21:42.773532 7f28bc8f9700 (Original Log Time 2018/12/30-01:21:42.773435) [db/db_impl_compaction_flush.cc:1864] [usertable] Moved #1 files to level-3 67233389 bytes OK: base level 1 max bytes base 536870912 files[1 2 101 563 0 0 0] max score 1.01
2018/12/30-01:21:42.816131 7f28bc8f9700 (Original Log Time 2018/12/30-01:21:42.773787) [db/db_impl_compaction_flush.cc:1835] [usertable] Moving #640 to level-3 57552790 bytes
2018/12/30-01:21:42.816139 7f28bc8f9700 (Original Log Time 2018/12/30-01:21:42.816054) EVENT_LOG_v1 {"time_micros": 1546161702816045, "job": 8, "event": "trivial_move", "destination_level": 3, "files": 1, "total_files_size": 57552790}
2018/12/30-01:21:42.816142 7f28bc8f9700 (Original Log Time 2018/12/30-01:21:42.816072) [db/db_impl_compaction_flush.cc:1864] [usertable] Moved #1 files to level-3 57552790 bytes OK: base level 1 max bytes base 536870912 files[1 2 100 564 0 0 0] max score 1.00
2018/12/30-01:21:44.132921 7f28cc3e1700 [db/db_impl_write.cc:1373] [usertable] New memtable created with log file: #1184. Immutable memtables: 1.
2018/12/30-01:21:44.133140 7f2789ffb700 [db/db_impl_compaction_flush.cc:80] [JOB 9] Syncing log #1176
