2019/01/06-22:20:51.471117 7f3a84ac8700 RocksDB version: 5.14.3
2019/01/06-22:20:51.471179 7f3a84ac8700 Git sha rocksdb_build_git_sha:
2019/01/06-22:20:51.471182 7f3a84ac8700 Compile date Dec 29 2018
2019/01/06-22:20:51.471186 7f3a84ac8700 DB SUMMARY
2019/01/06-22:20:51.471858 7f3a84ac8700 CURRENT file:  CURRENT
2019/01/06-22:20:51.471861 7f3a84ac8700 IDENTITY file:  IDENTITY
2019/01/06-22:20:51.471871 7f3a84ac8700 MANIFEST file:  MANIFEST-000004 size: 121723 Bytes
2019/01/06-22:20:51.471874 7f3a84ac8700 SST files in /mnt/sda/ycsb-rocksdb-data dir, Total Num: 663, files: 000021.sst 000022.sst 000023.sst 000024.sst 000028.sst 000029.sst 000030.sst 000031.sst 000035.sst 
2019/01/06-22:20:51.471876 7f3a84ac8700 Write Ahead Log file in /mnt/sda/ycsb-rocksdb-data: 001185.log size: 129843312 ; 001191.log size: 85509649 ; 
2019/01/06-22:20:51.471881 7f3a84ac8700                         Options.error_if_exists: 0
2019/01/06-22:20:51.471882 7f3a84ac8700                       Options.create_if_missing: 1
2019/01/06-22:20:51.471884 7f3a84ac8700                         Options.paranoid_checks: 1
2019/01/06-22:20:51.471885 7f3a84ac8700                                     Options.env: 0x7f3a6df692c0
2019/01/06-22:20:51.471886 7f3a84ac8700                                Options.info_log: 0x7f39fc3ce5c0
2019/01/06-22:20:51.471887 7f3a84ac8700                Options.max_file_opening_threads: 16
2019/01/06-22:20:51.471888 7f3a84ac8700                              Options.statistics: (nil)
2019/01/06-22:20:51.471889 7f3a84ac8700                               Options.use_fsync: 0
2019/01/06-22:20:51.471890 7f3a84ac8700                       Options.max_log_file_size: 0
2019/01/06-22:20:51.471891 7f3a84ac8700                  Options.max_manifest_file_size: 18446744073709551615
2019/01/06-22:20:51.471892 7f3a84ac8700                   Options.log_file_time_to_roll: 0
2019/01/06-22:20:51.471893 7f3a84ac8700                       Options.keep_log_file_num: 1000
2019/01/06-22:20:51.471894 7f3a84ac8700                    Options.recycle_log_file_num: 0
2019/01/06-22:20:51.471895 7f3a84ac8700                         Options.allow_fallocate: 1
2019/01/06-22:20:51.471896 7f3a84ac8700                        Options.allow_mmap_reads: 0
2019/01/06-22:20:51.471897 7f3a84ac8700                       Options.allow_mmap_writes: 0
2019/01/06-22:20:51.471898 7f3a84ac8700                        Options.use_direct_reads: 0
2019/01/06-22:20:51.471899 7f3a84ac8700                        Options.use_direct_io_for_flush_and_compaction: 0
2019/01/06-22:20:51.471900 7f3a84ac8700          Options.create_missing_column_families: 1
2019/01/06-22:20:51.471901 7f3a84ac8700                              Options.db_log_dir: 
2019/01/06-22:20:51.471902 7f3a84ac8700                                 Options.wal_dir: /mnt/sda/ycsb-rocksdb-data
2019/01/06-22:20:51.471903 7f3a84ac8700                Options.table_cache_numshardbits: 6
2019/01/06-22:20:51.471904 7f3a84ac8700                      Options.max_subcompactions: 4
2019/01/06-22:20:51.471905 7f3a84ac8700                  Options.max_background_flushes: 24
2019/01/06-22:20:51.471906 7f3a84ac8700                         Options.WAL_ttl_seconds: 0
2019/01/06-22:20:51.471907 7f3a84ac8700                       Options.WAL_size_limit_MB: 0
2019/01/06-22:20:51.471908 7f3a84ac8700             Options.manifest_preallocation_size: 4194304
2019/01/06-22:20:51.471909 7f3a84ac8700                     Options.is_fd_close_on_exec: 1
2019/01/06-22:20:51.471910 7f3a84ac8700                   Options.advise_random_on_open: 1
2019/01/06-22:20:51.471911 7f3a84ac8700                    Options.db_write_buffer_size: 0
2019/01/06-22:20:51.471912 7f3a84ac8700                    Options.write_buffer_manager: 0x7f39fc3cb390
2019/01/06-22:20:51.471913 7f3a84ac8700         Options.access_hint_on_compaction_start: 1
2019/01/06-22:20:51.471914 7f3a84ac8700  Options.new_table_reader_for_compaction_inputs: 0
2019/01/06-22:20:51.471915 7f3a84ac8700           Options.random_access_max_buffer_size: 1048576
2019/01/06-22:20:51.471916 7f3a84ac8700                      Options.use_adaptive_mutex: 0
2019/01/06-22:20:51.471917 7f3a84ac8700                            Options.rate_limiter: (nil)
2019/01/06-22:20:51.471930 7f3a84ac8700     Options.sst_file_manager.rate_bytes_per_sec: 0
2019/01/06-22:20:51.471932 7f3a84ac8700                       Options.wal_recovery_mode: 2
2019/01/06-22:20:51.471933 7f3a84ac8700                  Options.enable_thread_tracking: 0
2019/01/06-22:20:51.471934 7f3a84ac8700                  Options.enable_pipelined_write: 1
2019/01/06-22:20:51.471935 7f3a84ac8700         Options.allow_concurrent_memtable_write: 1
2019/01/06-22:20:51.471936 7f3a84ac8700      Options.enable_write_thread_adaptive_yield: 1
2019/01/06-22:20:51.471937 7f3a84ac8700             Options.write_thread_max_yield_usec: 100
2019/01/06-22:20:51.471938 7f3a84ac8700            Options.write_thread_slow_yield_usec: 3
2019/01/06-22:20:51.471939 7f3a84ac8700                               Options.row_cache: None
2019/01/06-22:20:51.471940 7f3a84ac8700                              Options.wal_filter: None
2019/01/06-22:20:51.471941 7f3a84ac8700             Options.avoid_flush_during_recovery: 0
2019/01/06-22:20:51.471942 7f3a84ac8700             Options.allow_ingest_behind: 0
2019/01/06-22:20:51.471943 7f3a84ac8700             Options.preserve_deletes: 0
2019/01/06-22:20:51.471944 7f3a84ac8700             Options.two_write_queues: 0
2019/01/06-22:20:51.471945 7f3a84ac8700             Options.manual_wal_flush: 0
2019/01/06-22:20:51.471947 7f3a84ac8700             Options.max_background_jobs: 24
2019/01/06-22:20:51.471948 7f3a84ac8700             Options.max_background_compactions: 24
2019/01/06-22:20:51.471949 7f3a84ac8700             Options.avoid_flush_during_shutdown: 0
2019/01/06-22:20:51.471950 7f3a84ac8700           Options.writable_file_max_buffer_size: 1048576
2019/01/06-22:20:51.471951 7f3a84ac8700             Options.delayed_write_rate : 16777216
2019/01/06-22:20:51.471952 7f3a84ac8700             Options.max_total_wal_size: 0
2019/01/06-22:20:51.471953 7f3a84ac8700             Options.delete_obsolete_files_period_micros: 21600000000
2019/01/06-22:20:51.471954 7f3a84ac8700                   Options.stats_dump_period_sec: 60
2019/01/06-22:20:51.471955 7f3a84ac8700                          Options.max_open_files: -1
2019/01/06-22:20:51.471956 7f3a84ac8700                          Options.bytes_per_sync: 1048576
2019/01/06-22:20:51.471957 7f3a84ac8700                      Options.wal_bytes_per_sync: 0
2019/01/06-22:20:51.471958 7f3a84ac8700       Options.compaction_readahead_size: 0
2019/01/06-22:20:51.471959 7f3a84ac8700 Compression algorithms supported:
2019/01/06-22:20:51.471961 7f3a84ac8700 	kZSTDNotFinalCompression supported: 1
2019/01/06-22:20:51.471970 7f3a84ac8700 	kZSTD supported: 1
2019/01/06-22:20:51.471971 7f3a84ac8700 	kXpressCompression supported: 0
2019/01/06-22:20:51.471972 7f3a84ac8700 	kLZ4HCCompression supported: 1
2019/01/06-22:20:51.471973 7f3a84ac8700 	kLZ4Compression supported: 1
2019/01/06-22:20:51.471975 7f3a84ac8700 	kBZip2Compression supported: 1
2019/01/06-22:20:51.471976 7f3a84ac8700 	kZlibCompression supported: 1
2019/01/06-22:20:51.471977 7f3a84ac8700 	kSnappyCompression supported: 1
2019/01/06-22:20:51.471981 7f3a84ac8700 Fast CRC32 supported: Supported on x86
2019/01/06-22:20:51.472389 7f3a84ac8700 [db/version_set.cc:3085] Recovering from manifest file: MANIFEST-000004
2019/01/06-22:20:51.472495 7f3a84ac8700 [db/column_family.cc:475] --------------- Options for column family [default]:
2019/01/06-22:20:51.472499 7f3a84ac8700               Options.comparator: leveldb.BytewiseComparator
2019/01/06-22:20:51.472500 7f3a84ac8700           Options.merge_operator: None
2019/01/06-22:20:51.472501 7f3a84ac8700        Options.compaction_filter: None
2019/01/06-22:20:51.472502 7f3a84ac8700        Options.compaction_filter_factory: None
2019/01/06-22:20:51.472503 7f3a84ac8700         Options.memtable_factory: SkipListFactory
2019/01/06-22:20:51.472505 7f3a84ac8700            Options.table_factory: BlockBasedTable
2019/01/06-22:20:51.472530 7f3a84ac8700            table_factory options:   flush_block_policy_factory: FlushBlockBySizePolicyFactory (0x7f39fc377d00)
  cache_index_and_filter_blocks: 0
  cache_index_and_filter_blocks_with_high_priority: 0
  pin_l0_filter_and_index_blocks_in_cache: 0
  index_type: 0
  hash_index_allow_collision: 1
  checksum: 1
  no_block_cache: 0
  block_cache: 0x7f39fc383bf0
  block_cache_name: LRUCache
  block_cache_options:
    capacity : 8388608
    num_shard_bits : 4
    strict_capacity_limit : 0
    high_pri_pool_ratio: 0.000
  block_cache_compressed: (nil)
  persistent_cache: (nil)
  block_size: 8192
  block_size_deviation: 10
  block_restart_interval: 16
  index_block_restart_interval: 1
  metadata_block_size: 4096
  partition_filters: 0
  use_delta_encoding: 1
  filter_policy: nullptr
  whole_key_filtering: 1
  verify_compression: 0
  read_amp_bytes_per_bit: 0
  format_version: 2
  enable_index_compression: 1
  block_align: 0
2019/01/06-22:20:51.472543 7f3a84ac8700        Options.write_buffer_size: 134217728
2019/01/06-22:20:51.472544 7f3a84ac8700  Options.max_write_buffer_number: 24
2019/01/06-22:20:51.472546 7f3a84ac8700        Options.compression[0]: NoCompression
2019/01/06-22:20:51.472547 7f3a84ac8700        Options.compression[1]: NoCompression
2019/01/06-22:20:51.472548 7f3a84ac8700        Options.compression[2]: LZ4
2019/01/06-22:20:51.472549 7f3a84ac8700        Options.compression[3]: LZ4
2019/01/06-22:20:51.472550 7f3a84ac8700        Options.compression[4]: LZ4
2019/01/06-22:20:51.472551 7f3a84ac8700        Options.compression[5]: LZ4
2019/01/06-22:20:51.472552 7f3a84ac8700        Options.compression[6]: LZ4
2019/01/06-22:20:51.472554 7f3a84ac8700                  Options.bottommost_compression: Disabled
2019/01/06-22:20:51.472555 7f3a84ac8700       Options.prefix_extractor: nullptr
2019/01/06-22:20:51.472556 7f3a84ac8700   Options.memtable_insert_with_hint_prefix_extractor: nullptr
2019/01/06-22:20:51.472557 7f3a84ac8700             Options.num_levels: 7
2019/01/06-22:20:51.472558 7f3a84ac8700        Options.min_write_buffer_number_to_merge: 2
2019/01/06-22:20:51.472559 7f3a84ac8700     Options.max_write_buffer_number_to_maintain: 0
2019/01/06-22:20:51.472560 7f3a84ac8700            Options.compression_opts.window_bits: -14
2019/01/06-22:20:51.472561 7f3a84ac8700                  Options.compression_opts.level: -1
2019/01/06-22:20:51.472562 7f3a84ac8700               Options.compression_opts.strategy: 0
2019/01/06-22:20:51.472563 7f3a84ac8700         Options.compression_opts.max_dict_bytes: 0
2019/01/06-22:20:51.472564 7f3a84ac8700         Options.compression_opts.zstd_max_train_bytes: 0
2019/01/06-22:20:51.472565 7f3a84ac8700      Options.level0_file_num_compaction_trigger: 2
2019/01/06-22:20:51.472566 7f3a84ac8700          Options.level0_slowdown_writes_trigger: 20
2019/01/06-22:20:51.472567 7f3a84ac8700              Options.level0_stop_writes_trigger: 36
2019/01/06-22:20:51.472568 7f3a84ac8700                   Options.target_file_size_base: 67108864
2019/01/06-22:20:51.472569 7f3a84ac8700             Options.target_file_size_multiplier: 1
2019/01/06-22:20:51.472570 7f3a84ac8700                Options.max_bytes_for_level_base: 536870912
2019/01/06-22:20:51.472571 7f3a84ac8700 Options.level_compaction_dynamic_level_bytes: 0
2019/01/06-22:20:51.472572 7f3a84ac8700          Options.max_bytes_for_level_multiplier: 10.000000
2019/01/06-22:20:51.472575 7f3a84ac8700 Options.max_bytes_for_level_multiplier_addtl[0]: 1
2019/01/06-22:20:51.472577 7f3a84ac8700 Options.max_bytes_for_level_multiplier_addtl[1]: 1
2019/01/06-22:20:51.472578 7f3a84ac8700 Options.max_bytes_for_level_multiplier_addtl[2]: 1
2019/01/06-22:20:51.472579 7f3a84ac8700 Options.max_bytes_for_level_multiplier_addtl[3]: 1
2019/01/06-22:20:51.472580 7f3a84ac8700 Options.max_bytes_for_level_multiplier_addtl[4]: 1
2019/01/06-22:20:51.472581 7f3a84ac8700 Options.max_bytes_for_level_multiplier_addtl[5]: 1
2019/01/06-22:20:51.472582 7f3a84ac8700 Options.max_bytes_for_level_multiplier_addtl[6]: 1
2019/01/06-22:20:51.472583 7f3a84ac8700       Options.max_sequential_skip_in_iterations: 8
2019/01/06-22:20:51.472584 7f3a84ac8700                    Options.max_compaction_bytes: 1677721600
2019/01/06-22:20:51.472591 7f3a84ac8700                        Options.arena_block_size: 16777216
2019/01/06-22:20:51.472592 7f3a84ac8700   Options.soft_pending_compaction_bytes_limit: 68719476736
2019/01/06-22:20:51.472593 7f3a84ac8700   Options.hard_pending_compaction_bytes_limit: 274877906944
2019/01/06-22:20:51.472594 7f3a84ac8700       Options.rate_limit_delay_max_milliseconds: 100
2019/01/06-22:20:51.472595 7f3a84ac8700                Options.disable_auto_compactions: 0
2019/01/06-22:20:51.472597 7f3a84ac8700                        Options.compaction_style: kCompactionStyleLevel
2019/01/06-22:20:51.472599 7f3a84ac8700                          Options.compaction_pri: kByCompensatedSize
2019/01/06-22:20:51.472600 7f3a84ac8700 Options.compaction_options_universal.size_ratio: 1
2019/01/06-22:20:51.472601 7f3a84ac8700 Options.compaction_options_universal.min_merge_width: 2
2019/01/06-22:20:51.472602 7f3a84ac8700 Options.compaction_options_universal.max_merge_width: 4294967295
2019/01/06-22:20:51.472603 7f3a84ac8700 Options.compaction_options_universal.max_size_amplification_percent: 200
2019/01/06-22:20:51.472604 7f3a84ac8700 Options.compaction_options_universal.compression_size_percent: -1
2019/01/06-22:20:51.472606 7f3a84ac8700 Options.compaction_options_universal.stop_style: kCompactionStopStyleTotalSize
2019/01/06-22:20:51.472607 7f3a84ac8700 Options.compaction_options_fifo.max_table_files_size: 1073741824
2019/01/06-22:20:51.472608 7f3a84ac8700 Options.compaction_options_fifo.allow_compaction: 0
2019/01/06-22:20:51.472609 7f3a84ac8700 Options.compaction_options_fifo.ttl: 0
2019/01/06-22:20:51.472610 7f3a84ac8700                   Options.table_properties_collectors: 
2019/01/06-22:20:51.472611 7f3a84ac8700                   Options.inplace_update_support: 0
2019/01/06-22:20:51.472612 7f3a84ac8700                 Options.inplace_update_num_locks: 10000
2019/01/06-22:20:51.472613 7f3a84ac8700               Options.memtable_prefix_bloom_size_ratio: 0.000000
2019/01/06-22:20:51.472615 7f3a84ac8700   Options.memtable_huge_page_size: 0
2019/01/06-22:20:51.472616 7f3a84ac8700                           Options.bloom_locality: 0
2019/01/06-22:20:51.472617 7f3a84ac8700                    Options.max_successive_merges: 0
2019/01/06-22:20:51.472618 7f3a84ac8700                Options.optimize_filters_for_hits: 0
2019/01/06-22:20:51.472619 7f3a84ac8700                Options.paranoid_file_checks: 0
2019/01/06-22:20:51.472620 7f3a84ac8700                Options.force_consistency_checks: 0
2019/01/06-22:20:51.472621 7f3a84ac8700                Options.report_bg_io_stats: 0
2019/01/06-22:20:51.472622 7f3a84ac8700                               Options.ttl: 0
2019/01/06-22:20:51.473055 7f3a84ac8700 [db/column_family.cc:475] --------------- Options for column family [usertable]:
2019/01/06-22:20:51.473059 7f3a84ac8700               Options.comparator: leveldb.BytewiseComparator
2019/01/06-22:20:51.473060 7f3a84ac8700           Options.merge_operator: None
2019/01/06-22:20:51.473061 7f3a84ac8700        Options.compaction_filter: None
2019/01/06-22:20:51.473062 7f3a84ac8700        Options.compaction_filter_factory: None
2019/01/06-22:20:51.473063 7f3a84ac8700         Options.memtable_factory: SkipListFactory
2019/01/06-22:20:51.473064 7f3a84ac8700            Options.table_factory: BlockBasedTable
2019/01/06-22:20:51.473087 7f3a84ac8700            table_factory options:   flush_block_policy_factory: FlushBlockBySizePolicyFactory (0x7f39fc377ad0)
  cache_index_and_filter_blocks: 0
  cache_index_and_filter_blocks_with_high_priority: 0
  pin_l0_filter_and_index_blocks_in_cache: 0
  index_type: 0
  hash_index_allow_collision: 1
  checksum: 1
  no_block_cache: 0
  block_cache: 0x7f39fc377730
  block_cache_name: LRUCache
  block_cache_options:
    capacity : 8388608
    num_shard_bits : 4
    strict_capacity_limit : 0
    high_pri_pool_ratio: 0.000
  block_cache_compressed: (nil)
  persistent_cache: (nil)
  block_size: 8192
  block_size_deviation: 10
  block_restart_interval: 16
  index_block_restart_interval: 1
  metadata_block_size: 4096
  partition_filters: 0
  use_delta_encoding: 1
  filter_policy: nullptr
  whole_key_filtering: 1
  verify_compression: 0
  read_amp_bytes_per_bit: 0
  format_version: 2
  enable_index_compression: 1
  block_align: 0
2019/01/06-22:20:51.473101 7f3a84ac8700        Options.write_buffer_size: 134217728
2019/01/06-22:20:51.473103 7f3a84ac8700  Options.max_write_buffer_number: 24
2019/01/06-22:20:51.473104 7f3a84ac8700        Options.compression[0]: NoCompression
2019/01/06-22:20:51.473105 7f3a84ac8700        Options.compression[1]: NoCompression
2019/01/06-22:20:51.473106 7f3a84ac8700        Options.compression[2]: LZ4
2019/01/06-22:20:51.473107 7f3a84ac8700        Options.compression[3]: LZ4
2019/01/06-22:20:51.473108 7f3a84ac8700        Options.compression[4]: LZ4
2019/01/06-22:20:51.473110 7f3a84ac8700        Options.compression[5]: LZ4
2019/01/06-22:20:51.473111 7f3a84ac8700        Options.compression[6]: LZ4
2019/01/06-22:20:51.473112 7f3a84ac8700                  Options.bottommost_compression: Disabled
2019/01/06-22:20:51.473113 7f3a84ac8700       Options.prefix_extractor: nullptr
2019/01/06-22:20:51.473114 7f3a84ac8700   Options.memtable_insert_with_hint_prefix_extractor: nullptr
2019/01/06-22:20:51.473115 7f3a84ac8700             Options.num_levels: 7
2019/01/06-22:20:51.473116 7f3a84ac8700        Options.min_write_buffer_number_to_merge: 2
2019/01/06-22:20:51.473117 7f3a84ac8700     Options.max_write_buffer_number_to_maintain: 0
2019/01/06-22:20:51.473118 7f3a84ac8700            Options.compression_opts.window_bits: -14
2019/01/06-22:20:51.473119 7f3a84ac8700                  Options.compression_opts.level: -1
2019/01/06-22:20:51.473120 7f3a84ac8700               Options.compression_opts.strategy: 0
2019/01/06-22:20:51.473121 7f3a84ac8700         Options.compression_opts.max_dict_bytes: 0
2019/01/06-22:20:51.473122 7f3a84ac8700         Options.compression_opts.zstd_max_train_bytes: 0
2019/01/06-22:20:51.473123 7f3a84ac8700      Options.level0_file_num_compaction_trigger: 2
2019/01/06-22:20:51.473124 7f3a84ac8700          Options.level0_slowdown_writes_trigger: 20
2019/01/06-22:20:51.473124 7f3a84ac8700              Options.level0_stop_writes_trigger: 36
2019/01/06-22:20:51.473125 7f3a84ac8700                   Options.target_file_size_base: 67108864
2019/01/06-22:20:51.473126 7f3a84ac8700             Options.target_file_size_multiplier: 1
2019/01/06-22:20:51.473127 7f3a84ac8700                Options.max_bytes_for_level_base: 536870912
2019/01/06-22:20:51.473128 7f3a84ac8700 Options.level_compaction_dynamic_level_bytes: 0
2019/01/06-22:20:51.473130 7f3a84ac8700          Options.max_bytes_for_level_multiplier: 10.000000
2019/01/06-22:20:51.473132 7f3a84ac8700 Options.max_bytes_for_level_multiplier_addtl[0]: 1
2019/01/06-22:20:51.473133 7f3a84ac8700 Options.max_bytes_for_level_multiplier_addtl[1]: 1
2019/01/06-22:20:51.473134 7f3a84ac8700 Options.max_bytes_for_level_multiplier_addtl[2]: 1
2019/01/06-22:20:51.473135 7f3a84ac8700 Options.max_bytes_for_level_multiplier_addtl[3]: 1
2019/01/06-22:20:51.473136 7f3a84ac8700 Options.max_bytes_for_level_multiplier_addtl[4]: 1
2019/01/06-22:20:51.473137 7f3a84ac8700 Options.max_bytes_for_level_multiplier_addtl[5]: 1
2019/01/06-22:20:51.473138 7f3a84ac8700 Options.max_bytes_for_level_multiplier_addtl[6]: 1
2019/01/06-22:20:51.473139 7f3a84ac8700       Options.max_sequential_skip_in_iterations: 8
2019/01/06-22:20:51.473140 7f3a84ac8700                    Options.max_compaction_bytes: 1677721600
2019/01/06-22:20:51.473141 7f3a84ac8700                        Options.arena_block_size: 16777216
2019/01/06-22:20:51.473142 7f3a84ac8700   Options.soft_pending_compaction_bytes_limit: 68719476736
2019/01/06-22:20:51.473143 7f3a84ac8700   Options.hard_pending_compaction_bytes_limit: 274877906944
2019/01/06-22:20:51.473144 7f3a84ac8700       Options.rate_limit_delay_max_milliseconds: 100
2019/01/06-22:20:51.473145 7f3a84ac8700                Options.disable_auto_compactions: 0
2019/01/06-22:20:51.473147 7f3a84ac8700                        Options.compaction_style: kCompactionStyleLevel
2019/01/06-22:20:51.473154 7f3a84ac8700                          Options.compaction_pri: kByCompensatedSize
2019/01/06-22:20:51.473155 7f3a84ac8700 Options.compaction_options_universal.size_ratio: 1
2019/01/06-22:20:51.473157 7f3a84ac8700 Options.compaction_options_universal.min_merge_width: 2
2019/01/06-22:20:51.473158 7f3a84ac8700 Options.compaction_options_universal.max_merge_width: 4294967295
2019/01/06-22:20:51.473159 7f3a84ac8700 Options.compaction_options_universal.max_size_amplification_percent: 200
2019/01/06-22:20:51.473160 7f3a84ac8700 Options.compaction_options_universal.compression_size_percent: -1
2019/01/06-22:20:51.473161 7f3a84ac8700 Options.compaction_options_universal.stop_style: kCompactionStopStyleTotalSize
2019/01/06-22:20:51.473162 7f3a84ac8700 Options.compaction_options_fifo.max_table_files_size: 1073741824
2019/01/06-22:20:51.473163 7f3a84ac8700 Options.compaction_options_fifo.allow_compaction: 0
2019/01/06-22:20:51.473164 7f3a84ac8700 Options.compaction_options_fifo.ttl: 0
2019/01/06-22:20:51.473165 7f3a84ac8700                   Options.table_properties_collectors: 
2019/01/06-22:20:51.473166 7f3a84ac8700                   Options.inplace_update_support: 0
2019/01/06-22:20:51.473167 7f3a84ac8700                 Options.inplace_update_num_locks: 10000
2019/01/06-22:20:51.473168 7f3a84ac8700               Options.memtable_prefix_bloom_size_ratio: 0.000000
2019/01/06-22:20:51.473169 7f3a84ac8700   Options.memtable_huge_page_size: 0
2019/01/06-22:20:51.473171 7f3a84ac8700                           Options.bloom_locality: 0
2019/01/06-22:20:51.473172 7f3a84ac8700                    Options.max_successive_merges: 0
2019/01/06-22:20:51.473173 7f3a84ac8700                Options.optimize_filters_for_hits: 0
2019/01/06-22:20:51.473174 7f3a84ac8700                Options.paranoid_file_checks: 0
2019/01/06-22:20:51.473175 7f3a84ac8700                Options.force_consistency_checks: 0
2019/01/06-22:20:51.473175 7f3a84ac8700                Options.report_bg_io_stats: 0
2019/01/06-22:20:51.473176 7f3a84ac8700                               Options.ttl: 0
2019/01/06-22:20:52.026895 7f3a84ac8700 [db/version_set.cc:3361] Recovered from manifest file:/mnt/sda/ycsb-rocksdb-data/MANIFEST-000004 succeeded,manifest_file_number is 4, next_file_number is 1192, last_sequence is 10409235, log_number is 0,prev_log_number is 0,max_column_family is 1,min_log_number_to_keep is 0
2019/01/06-22:20:52.026908 7f3a84ac8700 [db/version_set.cc:3369] Column family [default] (ID 0), log number is 0
2019/01/06-22:20:52.026910 7f3a84ac8700 [db/version_set.cc:3369] Column family [usertable] (ID 1), log number is 1185
2019/01/06-22:20:52.029022 7f3a84ac8700 EVENT_LOG_v1 {"time_micros": 1546842052029009, "job": 1, "event": "recovery_started", "log_files": [1185, 1191]}
2019/01/06-22:20:52.029030 7f3a84ac8700 [db/db_impl_open.cc:551] Recovering log #1185 mode 2
2019/01/06-22:20:53.548744 7f3a84ac8700 EVENT_LOG_v1 {"time_micros": 1546842053548720, "cf_name": "usertable", "job": 1, "event": "table_file_creation", "file_number": 1192, "file_size": 129895353, "table_properties": {"data_size": 129317909, "index_size": 576522, "filter_size": 0, "raw_key_size": 752760, "raw_average_key_size": 24, "raw_value_size": 128471040, "raw_average_value_size": 4096, "num_data_blocks": 15683, "num_entries": 31365, "filter_policy_name": "", "kDeletedKeys": "0", "kMergeOperands": "0"}}
2019/01/06-22:20:53.556246 7f3a84ac8700 [db/db_impl_open.cc:551] Recovering log #1191 mode 2
2019/01/06-22:20:54.133161 7f3a84ac8700 [db/version_set.cc:2847] Creating manifest 1193
2019/01/06-22:20:54.752378 7f3a84ac8700 EVENT_LOG_v1 {"time_micros": 1546842054752354, "cf_name": "usertable", "job": 1, "event": "table_file_creation", "file_number": 1194, "file_size": 85707157, "table_properties": {"data_size": 85323660, "index_size": 382575, "filter_size": 0, "raw_key_size": 496656, "raw_average_key_size": 24, "raw_value_size": 84762624, "raw_average_value_size": 4096, "num_data_blocks": 10347, "num_entries": 20694, "filter_policy_name": "", "kDeletedKeys": "0", "kMergeOperands": "0"}}
2019/01/06-22:20:54.781272 7f3a84ac8700 EVENT_LOG_v1 {"time_micros": 1546842054781270, "job": 1, "event": "recovery_finished"}
2019/01/06-22:20:54.845341 7f3a84ac8700 [db/db_impl_open.cc:1219] DB pointer 0x7f39fc3ceb10
2019/01/06-22:20:54.845705 7f3a6d5f1700 [WARN] [db/db_impl.cc:491] ------- DUMPING STATS -------
2019/01/06-22:20:54.845751 7f3a6d5f1700 [WARN] [db/db_impl.cc:492] 
** DB Stats **
Uptime(secs): 3.4 total, 3.4 interval
Cumulative writes: 0 writes, 0 keys, 0 commit groups, 0.0 writes per commit group, ingest: 0.00 GB, 0.00 MB/s
Cumulative WAL: 0 writes, 0 syncs, 0.00 writes per sync, written: 0.00 GB, 0.00 MB/s
Cumulative stall: 00:00:0.000 H:M:S, 0.0 percent
Interval writes: 0 writes, 0 keys, 0 commit groups, 0.0 writes per commit group, ingest: 0.00 MB, 0.00 MB/s
Interval WAL: 0 writes, 0 syncs, 0.00 writes per sync, written: 0.00 MB, 0.00 MB/s
Interval stall: 00:00:0.000 H:M:S, 0.0 percent

** Compaction Stats [default] **
Level    Files   Size     Score Read(GB)  Rn(GB) Rnp1(GB) Write(GB) Wnew(GB) Moved(GB) W-Amp Rd(MB/s) Wr(MB/s) Comp(sec) Comp(cnt) Avg(sec) KeyIn KeyDrop
----------------------------------------------------------------------------------------------------------------------------------------------------------
 Sum      0/0    0.00 KB   0.0      0.0     0.0      0.0       0.0      0.0       0.0   0.0      0.0      0.0         0         0    0.000       0      0
 Int      0/0    0.00 KB   0.0      0.0     0.0      0.0       0.0      0.0       0.0   0.0      0.0      0.0         0         0    0.000       0      0
Uptime(secs): 3.4 total, 3.4 interval
Flush(GB): cumulative 0.000, interval 0.000
AddFile(GB): cumulative 0.000, interval 0.000
AddFile(Total Files): cumulative 0, interval 0
AddFile(L0 Files): cumulative 0, interval 0
AddFile(Keys): cumulative 0, interval 0
Cumulative compaction: 0.00 GB write, 0.00 MB/s write, 0.00 GB read, 0.00 MB/s read, 0.0 seconds
Interval compaction: 0.00 GB write, 0.00 MB/s write, 0.00 GB read, 0.00 MB/s read, 0.0 seconds
Stalls(count): 0 level0_slowdown, 0 level0_slowdown_with_compaction, 0 level0_numfiles, 0 level0_numfiles_with_compaction, 0 stop for pending_compaction_bytes, 0 slowdown for pending_compaction_bytes, 0 memtable_compaction, 0 memtable_slowdown, interval 0 total count

** File Read Latency Histogram By Level [default] **

** Compaction Stats [usertable] **
Level    Files   Size     Score Read(GB)  Rn(GB) Rnp1(GB) Write(GB) Wnew(GB) Moved(GB) W-Amp Rd(MB/s) Wr(MB/s) Comp(sec) Comp(cnt) Avg(sec) KeyIn KeyDrop
----------------------------------------------------------------------------------------------------------------------------------------------------------
  L0      3/0   397.55 MB   1.5      0.0     0.0      0.0       0.2      0.2       0.0   1.0      0.0    122.3         2         2    0.841       0      0
  L1      2/0   383.89 MB   0.7      0.0     0.0      0.0       0.0      0.0       0.0   0.0      0.0      0.0         0         0    0.000       0      0
  L2    103/0    4.95 GB   1.0      0.0     0.0      0.0       0.0      0.0       0.0   0.0      0.0      0.0         0         0    0.000       0      0
  L3    557/0   34.46 GB   0.7      0.0     0.0      0.0       0.0      0.0       0.0   0.0      0.0      0.0         0         0    0.000       0      0
 Sum    665/0   40.18 GB   0.0      0.0     0.0      0.0       0.2      0.2       0.0   1.0      0.0    122.3         2         2    0.841       0      0
 Int      0/0    0.00 KB   0.0      0.0     0.0      0.0       0.2      0.2       0.0   1.0      0.0    122.3         2         2    0.841       0      0
Uptime(secs): 3.4 total, 3.4 interval
Flush(GB): cumulative 0.201, interval 0.201
AddFile(GB): cumulative 0.000, interval 0.000
AddFile(Total Files): cumulative 0, interval 0
AddFile(L0 Files): cumulative 0, interval 0
AddFile(Keys): cumulative 0, interval 0
Cumulative compaction: 0.20 GB write, 60.97 MB/s write, 0.00 GB read, 0.00 MB/s read, 1.7 seconds
Interval compaction: 0.20 GB write, 60.97 MB/s write, 0.00 GB read, 0.00 MB/s read, 1.7 seconds
Stalls(count): 0 level0_slowdown, 0 level0_slowdown_with_compaction, 0 level0_numfiles, 0 level0_numfiles_with_compaction, 0 stop for pending_compaction_bytes, 0 slowdown for pending_compaction_bytes, 0 memtable_compaction, 0 memtable_slowdown, interval 0 total count

** File Read Latency Histogram By Level [usertable] **

** Compaction Stats [default] **
Level    Files   Size     Score Read(GB)  Rn(GB) Rnp1(GB) Write(GB) Wnew(GB) Moved(GB) W-Amp Rd(MB/s) Wr(MB/s) Comp(sec) Comp(cnt) Avg(sec) KeyIn KeyDrop
----------------------------------------------------------------------------------------------------------------------------------------------------------
 Sum      0/0    0.00 KB   0.0      0.0     0.0      0.0       0.0      0.0       0.0   0.0      0.0      0.0         0         0    0.000       0      0
 Int      0/0    0.00 KB   0.0      0.0     0.0      0.0       0.0      0.0       0.0   0.0      0.0      0.0         0         0    0.000       0      0
Uptime(secs): 3.4 total, 0.0 interval
Flush(GB): cumulative 0.000, interval 0.000
AddFile(GB): cumulative 0.000, interval 0.000
AddFile(Total Files): cumulative 0, interval 0
AddFile(L0 Files): cumulative 0, interval 0
AddFile(Keys): cumulative 0, interval 0
Cumulative compaction: 0.00 GB write, 0.00 MB/s write, 0.00 GB read, 0.00 MB/s read, 0.0 seconds
Interval compaction: 0.00 GB write, 0.00 MB/s write, 0.00 GB read, 0.00 MB/s read, 0.0 seconds
Stalls(count): 0 level0_slowdown, 0 level0_slowdown_with_compaction, 0 level0_numfiles, 0 level0_numfiles_with_compaction, 0 stop for pending_compaction_bytes, 0 slowdown for pending_compaction_bytes, 0 memtable_compaction, 0 memtable_slowdown, interval 0 total count

** File Read Latency Histogram By Level [default] **

** Compaction Stats [usertable] **
Level    Files   Size     Score Read(GB)  Rn(GB) Rnp1(GB) Write(GB) Wnew(GB) Moved(GB) W-Amp Rd(MB/s) Wr(MB/s) Comp(sec) Comp(cnt) Avg(sec) KeyIn KeyDrop
----------------------------------------------------------------------------------------------------------------------------------------------------------
  L0      3/0   397.55 MB   1.5      0.0     0.0      0.0       0.2      0.2       0.0   1.0      0.0    122.3         2         2    0.841       0      0
  L1      2/0   383.89 MB   0.7      0.0     0.0      0.0       0.0      0.0       0.0   0.0      0.0      0.0         0         0    0.000       0      0
  L2    103/0    4.95 GB   1.0      0.0     0.0      0.0       0.0      0.0       0.0   0.0      0.0      0.0         0         0    0.000       0      0
  L3    557/0   34.46 GB   0.7      0.0     0.0      0.0       0.0      0.0       0.0   0.0      0.0      0.0         0         0    0.000       0      0
 Sum    665/0   40.18 GB   0.0      0.0     0.0      0.0       0.2      0.2       0.0   1.0      0.0    122.3         2         2    0.841       0      0
 Int      0/0    0.00 KB   0.0      0.0     0.0      0.0       0.0      0.0       0.0   0.0      0.0      0.0         0         0    0.000       0      0
Uptime(secs): 3.4 total, 0.0 interval
Flush(GB): cumulative 0.201, interval 0.000
AddFile(GB): cumulative 0.000, interval 0.000
AddFile(Total Files): cumulative 0, interval 0
AddFile(L0 Files): cumulative 0, interval 0
AddFile(Keys): cumulative 0, interval 0
Cumulative compaction: 0.20 GB write, 60.97 MB/s write, 0.00 GB read, 0.00 MB/s read, 1.7 seconds
Interval compaction: 0.00 GB write, 0.00 MB/s write, 0.00 GB read, 0.00 MB/s read, 0.0 seconds
Stalls(count): 0 level0_slowdown, 0 level0_slowdown_with_compaction, 0 level0_numfiles, 0 level0_numfiles_with_compaction, 0 stop for pending_compaction_bytes, 0 slowdown for pending_compaction_bytes, 0 memtable_compaction, 0 memtable_slowdown, interval 0 total count

** File Read Latency Histogram By Level [usertable] **
2019/01/06-22:20:54.877172 7f3a6d5f1700 (Original Log Time 2019/01/06-22:20:54.845898) [db/db_impl_compaction_flush.cc:1835] [usertable] Moving #280 to level-1 201263879 bytes
2019/01/06-22:20:54.877176 7f3a6d5f1700 (Original Log Time 2019/01/06-22:20:54.877104) EVENT_LOG_v1 {"time_micros": 1546842054877095, "job": 3, "event": "trivial_move", "destination_level": 1, "files": 1, "total_files_size": 201263879}
2019/01/06-22:20:54.877178 7f3a6d5f1700 (Original Log Time 2019/01/06-22:20:54.877116) [db/db_impl_compaction_flush.cc:1864] [usertable] Moved #1 files to level-1 201263879 bytes OK: base level 1 max bytes base 536870912 files[2 3 103 557 0 0 0] max score 1.12
2019/01/06-22:20:54.877245 7f3a6d5f1700 [db/compaction_job.cc:1531] [usertable] [JOB 4] Compacting 1@1 files to L2, score 1.12
2019/01/06-22:20:54.877252 7f3a6d5f1700 [db/compaction_job.cc:1535] [usertable] Compaction start summary: Base version 6 Base level 1, inputs: [190(191MB)]
2019/01/06-22:20:54.877279 7f3a6d5f1700 EVENT_LOG_v1 {"time_micros": 1546842054877257, "job": 4, "event": "compaction_started", "compaction_reason": "LevelMaxLevelSize", "files_L1": [190], "score": 1.12468, "input_data_size": 201272164}
2019/01/06-22:20:55.853512 7f3a6d5f1700 [db/compaction_job.cc:1211] [usertable] [JOB 4] Generated table #1198: 16279 keys, 67233397 bytes
2019/01/06-22:20:55.853553 7f3a6d5f1700 EVENT_LOG_v1 {"time_micros": 1546842055853536, "cf_name": "usertable", "job": 4, "event": "table_file_creation", "file_number": 1198, "file_size": 67233397, "table_properties": {"data_size": 67118331, "index_size": 299109, "filter_size": 0, "raw_key_size": 390696, "raw_average_key_size": 24, "raw_value_size": 66678784, "raw_average_value_size": 4096, "num_data_blocks": 8140, "num_entries": 16279, "filter_policy_name": "", "kDeletedKeys": "0", "kMergeOperands": "0"}}
2019/01/06-22:20:56.751979 7f3a6d5f1700 [db/compaction_job.cc:1211] [usertable] [JOB 4] Generated table #1199: 16279 keys, 67233565 bytes
2019/01/06-22:20:56.752020 7f3a6d5f1700 EVENT_LOG_v1 {"time_micros": 1546842056752004, "cf_name": "usertable", "job": 4, "event": "table_file_creation", "file_number": 1199, "file_size": 67233565, "table_properties": {"data_size": 67120141, "index_size": 300916, "filter_size": 0, "raw_key_size": 390696, "raw_average_key_size": 24, "raw_value_size": 66678784, "raw_average_value_size": 4096, "num_data_blocks": 8140, "num_entries": 16279, "filter_policy_name": "", "kDeletedKeys": "0", "kMergeOperands": "0"}}
2019/01/06-22:20:57.624242 7f3a6d5f1700 [db/compaction_job.cc:1211] [usertable] [JOB 4] Generated table #1200: 16042 keys, 66254510 bytes
2019/01/06-22:20:57.624284 7f3a6d5f1700 EVENT_LOG_v1 {"time_micros": 1546842057624269, "cf_name": "usertable", "job": 4, "event": "table_file_creation", "file_number": 1200, "file_size": 66254510, "table_properties": {"data_size": 66141166, "index_size": 294731, "filter_size": 0, "raw_key_size": 385008, "raw_average_key_size": 24, "raw_value_size": 65708032, "raw_average_value_size": 4096, "num_data_blocks": 8021, "num_entries": 16042, "filter_policy_name": "", "kDeletedKeys": "0", "kMergeOperands": "0"}}
2019/01/06-22:20:57.624351 7f3a6d5f1700 [db/compaction_job.cc:1287] [usertable] [JOB 4] Compacted 1@1 files to L2 => 200721472 bytes
2019/01/06-22:20:57.668388 7f3a6d5f1700 (Original Log Time 2019/01/06-22:20:57.668259) [db/compaction_job.cc:685] [usertable] compacted to: base level 1 max bytes base 536870912 files[2 2 106 557 0 0 0] max score 1.03, MB/sec: 73.3 rd, 73.1 wr, level 2, files in(1, 0) out(3) MB in(191.9, 0.0) out(191.4), read-write-amplify(2.0) write-amplify(1.0) OK, records in: 48600, records dropped: 0 output_compression: LZ4
2019/01/06-22:20:57.668403 7f3a6d5f1700 (Original Log Time 2019/01/06-22:20:57.668285) EVENT_LOG_v1 {"time_micros": 1546842057668274, "job": 4, "event": "compaction_finished", "compaction_time_micros": 2747028, "output_level": 2, "num_output_files": 3, "total_output_size": 200721472, "num_input_records": 48600, "num_output_records": 48600, "num_subcompactions": 1, "output_compression": "LZ4", "num_single_delete_mismatches": 0, "num_single_delete_fallthrough": 0, "lsm_state": [2, 2, 106, 557, 0, 0, 0]}
2019/01/06-22:20:57.713299 7f3a67fff700 (Original Log Time 2019/01/06-22:20:57.668584) [db/db_impl_compaction_flush.cc:1835] [usertable] Moving #1199 to level-3 67233565 bytes
2019/01/06-22:20:57.713302 7f3a67fff700 (Original Log Time 2019/01/06-22:20:57.713255) EVENT_LOG_v1 {"time_micros": 1546842057713252, "job": 5, "event": "trivial_move", "destination_level": 3, "files": 1, "total_files_size": 67233565}
2019/01/06-22:20:57.713304 7f3a67fff700 (Original Log Time 2019/01/06-22:20:57.713266) [db/db_impl_compaction_flush.cc:1864] [usertable] Moved #1 files to level-3 67233565 bytes OK: base level 1 max bytes base 536870912 files[2 2 105 558 0 0 0] max score 1.02
2019/01/06-22:20:57.730742 7f3a67fff700 EVENT_LOG_v1 {"time_micros": 1546842057730738, "job": 5, "event": "table_file_deletion", "file_number": 190}
2019/01/06-22:20:57.775584 7f3a67fff700 (Original Log Time 2019/01/06-22:20:57.730842) [db/db_impl_compaction_flush.cc:1835] [usertable] Moving #1198 to level-3 67233397 bytes
2019/01/06-22:20:57.775588 7f3a67fff700 (Original Log Time 2019/01/06-22:20:57.775545) EVENT_LOG_v1 {"time_micros": 1546842057775541, "job": 6, "event": "trivial_move", "destination_level": 3, "files": 1, "total_files_size": 67233397}
2019/01/06-22:20:57.775590 7f3a67fff700 (Original Log Time 2019/01/06-22:20:57.775552) [db/db_impl_compaction_flush.cc:1864] [usertable] Moved #1 files to level-3 67233397 bytes OK: base level 1 max bytes base 536870912 files[2 2 104 559 0 0 0] max score 1.00
2019/01/06-22:20:57.819016 7f3a67fff700 (Original Log Time 2019/01/06-22:20:57.775733) [db/db_impl_compaction_flush.cc:1835] [usertable] Moving #1200 to level-3 66254510 bytes
2019/01/06-22:20:57.819019 7f3a67fff700 (Original Log Time 2019/01/06-22:20:57.818990) EVENT_LOG_v1 {"time_micros": 1546842057818987, "job": 7, "event": "trivial_move", "destination_level": 3, "files": 1, "total_files_size": 66254510}
2019/01/06-22:20:57.819021 7f3a67fff700 (Original Log Time 2019/01/06-22:20:57.818995) [db/db_impl_compaction_flush.cc:1864] [usertable] Moved #1 files to level-3 66254510 bytes OK: base level 1 max bytes base 536870912 files[2 2 103 560 0 0 0] max score 1.00
2019/01/06-22:20:57.863420 7f3a67fff700 (Original Log Time 2019/01/06-22:20:57.819165) [db/db_impl_compaction_flush.cc:1835] [usertable] Moving #1192 to level-1 129895353 bytes
2019/01/06-22:20:57.863425 7f3a67fff700 (Original Log Time 2019/01/06-22:20:57.863373) EVENT_LOG_v1 {"time_micros": 1546842057863367, "job": 8, "event": "trivial_move", "destination_level": 1, "files": 1, "total_files_size": 129895353}
2019/01/06-22:20:57.863427 7f3a67fff700 (Original Log Time 2019/01/06-22:20:57.863387) [db/db_impl_compaction_flush.cc:1864] [usertable] Moved #1 files to level-1 129895353 bytes OK: base level 1 max bytes base 536870912 files[1 3 103 560 0 0 0] max score 0.99
2019/01/06-22:20:58.689466 7f3a6fafa700 [db/db_impl_write.cc:1373] [usertable] New memtable created with log file: #1201. Immutable memtables: 0.
2019/01/06-22:21:00.090647 7f3a6ffff700 [db/db_impl_write.cc:1373] [usertable] New memtable created with log file: #1202. Immutable memtables: 1.
2019/01/06-22:21:00.090800 7f38e57fa700 [db/db_impl_compaction_flush.cc:80] [JOB 9] Syncing log #1195
