2019/04/18-16:42:25.245121 7f423e4f9700 RocksDB version: 5.14.3
2019/04/18-16:42:25.245180 7f423e4f9700 Git sha rocksdb_build_git_sha:
2019/04/18-16:42:25.245183 7f423e4f9700 Compile date Oct  9 2018
2019/04/18-16:42:25.245193 7f423e4f9700 DB SUMMARY
2019/04/18-16:42:25.245935 7f423e4f9700 CURRENT file:  CURRENT
2019/04/18-16:42:25.245939 7f423e4f9700 IDENTITY file:  IDENTITY
2019/04/18-16:42:25.245948 7f423e4f9700 MANIFEST file:  MANIFEST-000004 size: 119796 Bytes
2019/04/18-16:42:25.245952 7f423e4f9700 SST files in /mnt/sdd/ycsb-rocksdb-data dir, Total Num: 655, files: 000021.sst 000022.sst 000023.sst 000024.sst 000028.sst 000029.sst 000030.sst 000031.sst 000035.sst 
2019/04/18-16:42:25.245957 7f423e4f9700 Write Ahead Log file in /mnt/sdd/ycsb-rocksdb-data: 001153.log size: 129753321 ; 001159.log size: 1712668 ; 
2019/04/18-16:42:25.245981 7f423e4f9700                         Options.error_if_exists: 0
2019/04/18-16:42:25.245983 7f423e4f9700                       Options.create_if_missing: 1
2019/04/18-16:42:25.245984 7f423e4f9700                         Options.paranoid_checks: 1
2019/04/18-16:42:25.245985 7f423e4f9700                                     Options.env: 0x7f423e1e2080
2019/04/18-16:42:25.245986 7f423e4f9700                                Options.info_log: 0x7f416c3c9160
2019/04/18-16:42:25.245987 7f423e4f9700                Options.max_file_opening_threads: 16
2019/04/18-16:42:25.245988 7f423e4f9700                              Options.statistics: (nil)
2019/04/18-16:42:25.245989 7f423e4f9700                               Options.use_fsync: 0
2019/04/18-16:42:25.245990 7f423e4f9700                       Options.max_log_file_size: 0
2019/04/18-16:42:25.245991 7f423e4f9700                  Options.max_manifest_file_size: 18446744073709551615
2019/04/18-16:42:25.245992 7f423e4f9700                   Options.log_file_time_to_roll: 0
2019/04/18-16:42:25.245993 7f423e4f9700                       Options.keep_log_file_num: 1000
2019/04/18-16:42:25.245993 7f423e4f9700                    Options.recycle_log_file_num: 0
2019/04/18-16:42:25.245994 7f423e4f9700                         Options.allow_fallocate: 1
2019/04/18-16:42:25.245995 7f423e4f9700                        Options.allow_mmap_reads: 0
2019/04/18-16:42:25.245996 7f423e4f9700                       Options.allow_mmap_writes: 0
2019/04/18-16:42:25.245997 7f423e4f9700                        Options.use_direct_reads: 0
2019/04/18-16:42:25.245998 7f423e4f9700                        Options.use_direct_io_for_flush_and_compaction: 0
2019/04/18-16:42:25.245999 7f423e4f9700          Options.create_missing_column_families: 1
2019/04/18-16:42:25.246000 7f423e4f9700                              Options.db_log_dir: 
2019/04/18-16:42:25.246001 7f423e4f9700                                 Options.wal_dir: /mnt/sdd/ycsb-rocksdb-data
2019/04/18-16:42:25.246002 7f423e4f9700                Options.table_cache_numshardbits: 6
2019/04/18-16:42:25.246003 7f423e4f9700                      Options.max_subcompactions: 4
2019/04/18-16:42:25.246004 7f423e4f9700                  Options.max_background_flushes: 24
2019/04/18-16:42:25.246005 7f423e4f9700                         Options.WAL_ttl_seconds: 0
2019/04/18-16:42:25.246006 7f423e4f9700                       Options.WAL_size_limit_MB: 0
2019/04/18-16:42:25.246007 7f423e4f9700             Options.manifest_preallocation_size: 4194304
2019/04/18-16:42:25.246008 7f423e4f9700                     Options.is_fd_close_on_exec: 1
2019/04/18-16:42:25.246009 7f423e4f9700                   Options.advise_random_on_open: 1
2019/04/18-16:42:25.246010 7f423e4f9700                    Options.db_write_buffer_size: 0
2019/04/18-16:42:25.246011 7f423e4f9700                    Options.write_buffer_manager: 0x7f416c3c91c0
2019/04/18-16:42:25.246012 7f423e4f9700         Options.access_hint_on_compaction_start: 1
2019/04/18-16:42:25.246013 7f423e4f9700  Options.new_table_reader_for_compaction_inputs: 0
2019/04/18-16:42:25.246013 7f423e4f9700           Options.random_access_max_buffer_size: 1048576
2019/04/18-16:42:25.246014 7f423e4f9700                      Options.use_adaptive_mutex: 0
2019/04/18-16:42:25.246015 7f423e4f9700                            Options.rate_limiter: (nil)
2019/04/18-16:42:25.246031 7f423e4f9700     Options.sst_file_manager.rate_bytes_per_sec: 0
2019/04/18-16:42:25.246032 7f423e4f9700                       Options.wal_recovery_mode: 2
2019/04/18-16:42:25.246033 7f423e4f9700                  Options.enable_thread_tracking: 0
2019/04/18-16:42:25.246034 7f423e4f9700                  Options.enable_pipelined_write: 1
2019/04/18-16:42:25.246035 7f423e4f9700         Options.allow_concurrent_memtable_write: 1
2019/04/18-16:42:25.246036 7f423e4f9700      Options.enable_write_thread_adaptive_yield: 1
2019/04/18-16:42:25.246037 7f423e4f9700             Options.write_thread_max_yield_usec: 100
2019/04/18-16:42:25.246038 7f423e4f9700            Options.write_thread_slow_yield_usec: 3
2019/04/18-16:42:25.246039 7f423e4f9700                               Options.row_cache: None
2019/04/18-16:42:25.246040 7f423e4f9700                              Options.wal_filter: None
2019/04/18-16:42:25.246041 7f423e4f9700             Options.avoid_flush_during_recovery: 0
2019/04/18-16:42:25.246042 7f423e4f9700             Options.allow_ingest_behind: 0
2019/04/18-16:42:25.246043 7f423e4f9700             Options.preserve_deletes: 0
2019/04/18-16:42:25.246044 7f423e4f9700             Options.two_write_queues: 0
2019/04/18-16:42:25.246045 7f423e4f9700             Options.manual_wal_flush: 0
2019/04/18-16:42:25.246047 7f423e4f9700             Options.max_background_jobs: 24
2019/04/18-16:42:25.246048 7f423e4f9700             Options.max_background_compactions: 24
2019/04/18-16:42:25.246049 7f423e4f9700             Options.avoid_flush_during_shutdown: 0
2019/04/18-16:42:25.246050 7f423e4f9700           Options.writable_file_max_buffer_size: 1048576
2019/04/18-16:42:25.246051 7f423e4f9700             Options.delayed_write_rate : 16777216
2019/04/18-16:42:25.246052 7f423e4f9700             Options.max_total_wal_size: 0
2019/04/18-16:42:25.246053 7f423e4f9700             Options.delete_obsolete_files_period_micros: 21600000000
2019/04/18-16:42:25.246054 7f423e4f9700                   Options.stats_dump_period_sec: 60
2019/04/18-16:42:25.246055 7f423e4f9700                          Options.max_open_files: -1
2019/04/18-16:42:25.246056 7f423e4f9700                          Options.bytes_per_sync: 1048576
2019/04/18-16:42:25.246057 7f423e4f9700                      Options.wal_bytes_per_sync: 0
2019/04/18-16:42:25.246058 7f423e4f9700       Options.compaction_readahead_size: 0
2019/04/18-16:42:25.246059 7f423e4f9700 Compression algorithms supported:
2019/04/18-16:42:25.246061 7f423e4f9700 	kZSTDNotFinalCompression supported: 1
2019/04/18-16:42:25.246070 7f423e4f9700 	kZSTD supported: 1
2019/04/18-16:42:25.246071 7f423e4f9700 	kXpressCompression supported: 0
2019/04/18-16:42:25.246072 7f423e4f9700 	kLZ4HCCompression supported: 1
2019/04/18-16:42:25.246074 7f423e4f9700 	kLZ4Compression supported: 1
2019/04/18-16:42:25.246075 7f423e4f9700 	kBZip2Compression supported: 1
2019/04/18-16:42:25.246076 7f423e4f9700 	kZlibCompression supported: 1
2019/04/18-16:42:25.246078 7f423e4f9700 	kSnappyCompression supported: 1
2019/04/18-16:42:25.246082 7f423e4f9700 Fast CRC32 supported: Not supported on x86
2019/04/18-16:42:25.246761 7f423e4f9700 [db/version_set.cc:3085] Recovering from manifest file: MANIFEST-000004
2019/04/18-16:42:25.246855 7f423e4f9700 [db/column_family.cc:475] --------------- Options for column family [default]:
2019/04/18-16:42:25.246860 7f423e4f9700               Options.comparator: leveldb.BytewiseComparator
2019/04/18-16:42:25.246861 7f423e4f9700           Options.merge_operator: None
2019/04/18-16:42:25.246863 7f423e4f9700        Options.compaction_filter: None
2019/04/18-16:42:25.246864 7f423e4f9700        Options.compaction_filter_factory: None
2019/04/18-16:42:25.246865 7f423e4f9700         Options.memtable_factory: SkipListFactory
2019/04/18-16:42:25.246866 7f423e4f9700            Options.table_factory: BlockBasedTable
2019/04/18-16:42:25.246890 7f423e4f9700            table_factory options:   flush_block_policy_factory: FlushBlockBySizePolicyFactory (0x7f416c3bd860)
  cache_index_and_filter_blocks: 0
  cache_index_and_filter_blocks_with_high_priority: 0
  pin_l0_filter_and_index_blocks_in_cache: 0
  index_type: 0
  hash_index_allow_collision: 1
  checksum: 1
  no_block_cache: 0
  block_cache: 0x7f416c3bcfa0
  block_cache_name: LRUCache
  block_cache_options:
    capacity : 8388608
    num_shard_bits : 4
    strict_capacity_limit : 0
    high_pri_pool_ratio: 0.000
  block_cache_compressed: (nil)
  persistent_cache: (nil)
  block_size: 8192
  block_size_deviation: 10
  block_restart_interval: 16
  index_block_restart_interval: 1
  metadata_block_size: 4096
  partition_filters: 0
  use_delta_encoding: 1
  filter_policy: nullptr
  whole_key_filtering: 1
  verify_compression: 0
  read_amp_bytes_per_bit: 0
  format_version: 2
  enable_index_compression: 1
  block_align: 0
2019/04/18-16:42:25.246907 7f423e4f9700        Options.write_buffer_size: 134217728
2019/04/18-16:42:25.246909 7f423e4f9700  Options.max_write_buffer_number: 24
2019/04/18-16:42:25.246910 7f423e4f9700        Options.compression[0]: NoCompression
2019/04/18-16:42:25.246912 7f423e4f9700        Options.compression[1]: NoCompression
2019/04/18-16:42:25.246913 7f423e4f9700        Options.compression[2]: LZ4
2019/04/18-16:42:25.246914 7f423e4f9700        Options.compression[3]: LZ4
2019/04/18-16:42:25.246915 7f423e4f9700        Options.compression[4]: LZ4
2019/04/18-16:42:25.246916 7f423e4f9700        Options.compression[5]: LZ4
2019/04/18-16:42:25.246917 7f423e4f9700        Options.compression[6]: LZ4
2019/04/18-16:42:25.246918 7f423e4f9700                  Options.bottommost_compression: Disabled
2019/04/18-16:42:25.246919 7f423e4f9700       Options.prefix_extractor: nullptr
2019/04/18-16:42:25.246920 7f423e4f9700   Options.memtable_insert_with_hint_prefix_extractor: nullptr
2019/04/18-16:42:25.246921 7f423e4f9700             Options.num_levels: 7
2019/04/18-16:42:25.246923 7f423e4f9700        Options.min_write_buffer_number_to_merge: 2
2019/04/18-16:42:25.246924 7f423e4f9700     Options.max_write_buffer_number_to_maintain: 0
2019/04/18-16:42:25.246925 7f423e4f9700            Options.compression_opts.window_bits: -14
2019/04/18-16:42:25.246926 7f423e4f9700                  Options.compression_opts.level: -1
2019/04/18-16:42:25.246927 7f423e4f9700               Options.compression_opts.strategy: 0
2019/04/18-16:42:25.246928 7f423e4f9700         Options.compression_opts.max_dict_bytes: 0
2019/04/18-16:42:25.246929 7f423e4f9700         Options.compression_opts.zstd_max_train_bytes: 0
2019/04/18-16:42:25.246930 7f423e4f9700      Options.level0_file_num_compaction_trigger: 2
2019/04/18-16:42:25.246931 7f423e4f9700          Options.level0_slowdown_writes_trigger: 20
2019/04/18-16:42:25.246931 7f423e4f9700              Options.level0_stop_writes_trigger: 36
2019/04/18-16:42:25.246932 7f423e4f9700                   Options.target_file_size_base: 67108864
2019/04/18-16:42:25.246933 7f423e4f9700             Options.target_file_size_multiplier: 1
2019/04/18-16:42:25.246934 7f423e4f9700                Options.max_bytes_for_level_base: 536870912
2019/04/18-16:42:25.246935 7f423e4f9700 Options.level_compaction_dynamic_level_bytes: 0
2019/04/18-16:42:25.246936 7f423e4f9700          Options.max_bytes_for_level_multiplier: 10.000000
2019/04/18-16:42:25.246939 7f423e4f9700 Options.max_bytes_for_level_multiplier_addtl[0]: 1
2019/04/18-16:42:25.246940 7f423e4f9700 Options.max_bytes_for_level_multiplier_addtl[1]: 1
2019/04/18-16:42:25.246941 7f423e4f9700 Options.max_bytes_for_level_multiplier_addtl[2]: 1
2019/04/18-16:42:25.246942 7f423e4f9700 Options.max_bytes_for_level_multiplier_addtl[3]: 1
2019/04/18-16:42:25.246943 7f423e4f9700 Options.max_bytes_for_level_multiplier_addtl[4]: 1
2019/04/18-16:42:25.246944 7f423e4f9700 Options.max_bytes_for_level_multiplier_addtl[5]: 1
2019/04/18-16:42:25.246945 7f423e4f9700 Options.max_bytes_for_level_multiplier_addtl[6]: 1
2019/04/18-16:42:25.246946 7f423e4f9700       Options.max_sequential_skip_in_iterations: 8
2019/04/18-16:42:25.246947 7f423e4f9700                    Options.max_compaction_bytes: 1677721600
2019/04/18-16:42:25.246955 7f423e4f9700                        Options.arena_block_size: 16777216
2019/04/18-16:42:25.246956 7f423e4f9700   Options.soft_pending_compaction_bytes_limit: 68719476736
2019/04/18-16:42:25.246957 7f423e4f9700   Options.hard_pending_compaction_bytes_limit: 274877906944
2019/04/18-16:42:25.246959 7f423e4f9700       Options.rate_limit_delay_max_milliseconds: 100
2019/04/18-16:42:25.246960 7f423e4f9700                Options.disable_auto_compactions: 0
2019/04/18-16:42:25.246961 7f423e4f9700                        Options.compaction_style: kCompactionStyleLevel
2019/04/18-16:42:25.246963 7f423e4f9700                          Options.compaction_pri: kByCompensatedSize
2019/04/18-16:42:25.246964 7f423e4f9700 Options.compaction_options_universal.size_ratio: 1
2019/04/18-16:42:25.246965 7f423e4f9700 Options.compaction_options_universal.min_merge_width: 2
2019/04/18-16:42:25.246966 7f423e4f9700 Options.compaction_options_universal.max_merge_width: 4294967295
2019/04/18-16:42:25.246967 7f423e4f9700 Options.compaction_options_universal.max_size_amplification_percent: 200
2019/04/18-16:42:25.246968 7f423e4f9700 Options.compaction_options_universal.compression_size_percent: -1
2019/04/18-16:42:25.246969 7f423e4f9700 Options.compaction_options_universal.stop_style: kCompactionStopStyleTotalSize
2019/04/18-16:42:25.246970 7f423e4f9700 Options.compaction_options_fifo.max_table_files_size: 1073741824
2019/04/18-16:42:25.246971 7f423e4f9700 Options.compaction_options_fifo.allow_compaction: 0
2019/04/18-16:42:25.246972 7f423e4f9700 Options.compaction_options_fifo.ttl: 0
2019/04/18-16:42:25.246973 7f423e4f9700                   Options.table_properties_collectors: 
2019/04/18-16:42:25.246974 7f423e4f9700                   Options.inplace_update_support: 0
2019/04/18-16:42:25.246975 7f423e4f9700                 Options.inplace_update_num_locks: 10000
2019/04/18-16:42:25.246976 7f423e4f9700               Options.memtable_prefix_bloom_size_ratio: 0.000000
2019/04/18-16:42:25.246978 7f423e4f9700   Options.memtable_huge_page_size: 0
2019/04/18-16:42:25.246979 7f423e4f9700                           Options.bloom_locality: 0
2019/04/18-16:42:25.246980 7f423e4f9700                    Options.max_successive_merges: 0
2019/04/18-16:42:25.246980 7f423e4f9700                Options.optimize_filters_for_hits: 0
2019/04/18-16:42:25.246981 7f423e4f9700                Options.paranoid_file_checks: 0
2019/04/18-16:42:25.246982 7f423e4f9700                Options.force_consistency_checks: 0
2019/04/18-16:42:25.246983 7f423e4f9700                Options.report_bg_io_stats: 0
2019/04/18-16:42:25.246984 7f423e4f9700                               Options.ttl: 0
2019/04/18-16:42:25.247831 7f423e4f9700 [db/column_family.cc:475] --------------- Options for column family [usertable]:
2019/04/18-16:42:25.247835 7f423e4f9700               Options.comparator: leveldb.BytewiseComparator
2019/04/18-16:42:25.247836 7f423e4f9700           Options.merge_operator: None
2019/04/18-16:42:25.247837 7f423e4f9700        Options.compaction_filter: None
2019/04/18-16:42:25.247838 7f423e4f9700        Options.compaction_filter_factory: None
2019/04/18-16:42:25.247839 7f423e4f9700         Options.memtable_factory: SkipListFactory
2019/04/18-16:42:25.247840 7f423e4f9700            Options.table_factory: BlockBasedTable
2019/04/18-16:42:25.247865 7f423e4f9700            table_factory options:   flush_block_policy_factory: FlushBlockBySizePolicyFactory (0x7f416c3cd180)
  cache_index_and_filter_blocks: 0
  cache_index_and_filter_blocks_with_high_priority: 0
  pin_l0_filter_and_index_blocks_in_cache: 0
  index_type: 0
  hash_index_allow_collision: 1
  checksum: 1
  no_block_cache: 0
  block_cache: 0x7f416c3cab00
  block_cache_name: LRUCache
  block_cache_options:
    capacity : 8388608
    num_shard_bits : 4
    strict_capacity_limit : 0
    high_pri_pool_ratio: 0.000
  block_cache_compressed: (nil)
  persistent_cache: (nil)
  block_size: 8192
  block_size_deviation: 10
  block_restart_interval: 16
  index_block_restart_interval: 1
  metadata_block_size: 4096
  partition_filters: 0
  use_delta_encoding: 1
  filter_policy: nullptr
  whole_key_filtering: 1
  verify_compression: 0
  read_amp_bytes_per_bit: 0
  format_version: 2
  enable_index_compression: 1
  block_align: 0
2019/04/18-16:42:25.247878 7f423e4f9700        Options.write_buffer_size: 134217728
2019/04/18-16:42:25.247879 7f423e4f9700  Options.max_write_buffer_number: 24
2019/04/18-16:42:25.247881 7f423e4f9700        Options.compression[0]: NoCompression
2019/04/18-16:42:25.247882 7f423e4f9700        Options.compression[1]: NoCompression
2019/04/18-16:42:25.247883 7f423e4f9700        Options.compression[2]: LZ4
2019/04/18-16:42:25.247884 7f423e4f9700        Options.compression[3]: LZ4
2019/04/18-16:42:25.247885 7f423e4f9700        Options.compression[4]: LZ4
2019/04/18-16:42:25.247886 7f423e4f9700        Options.compression[5]: LZ4
2019/04/18-16:42:25.247887 7f423e4f9700        Options.compression[6]: LZ4
2019/04/18-16:42:25.247888 7f423e4f9700                  Options.bottommost_compression: Disabled
2019/04/18-16:42:25.247889 7f423e4f9700       Options.prefix_extractor: nullptr
2019/04/18-16:42:25.247890 7f423e4f9700   Options.memtable_insert_with_hint_prefix_extractor: nullptr
2019/04/18-16:42:25.247891 7f423e4f9700             Options.num_levels: 7
2019/04/18-16:42:25.247892 7f423e4f9700        Options.min_write_buffer_number_to_merge: 2
2019/04/18-16:42:25.247893 7f423e4f9700     Options.max_write_buffer_number_to_maintain: 0
2019/04/18-16:42:25.247894 7f423e4f9700            Options.compression_opts.window_bits: -14
2019/04/18-16:42:25.247895 7f423e4f9700                  Options.compression_opts.level: -1
2019/04/18-16:42:25.247896 7f423e4f9700               Options.compression_opts.strategy: 0
2019/04/18-16:42:25.247897 7f423e4f9700         Options.compression_opts.max_dict_bytes: 0
2019/04/18-16:42:25.247898 7f423e4f9700         Options.compression_opts.zstd_max_train_bytes: 0
2019/04/18-16:42:25.247899 7f423e4f9700      Options.level0_file_num_compaction_trigger: 2
2019/04/18-16:42:25.247900 7f423e4f9700          Options.level0_slowdown_writes_trigger: 20
2019/04/18-16:42:25.247901 7f423e4f9700              Options.level0_stop_writes_trigger: 36
2019/04/18-16:42:25.247902 7f423e4f9700                   Options.target_file_size_base: 67108864
2019/04/18-16:42:25.247903 7f423e4f9700             Options.target_file_size_multiplier: 1
2019/04/18-16:42:25.247904 7f423e4f9700                Options.max_bytes_for_level_base: 536870912
2019/04/18-16:42:25.247905 7f423e4f9700 Options.level_compaction_dynamic_level_bytes: 0
2019/04/18-16:42:25.247906 7f423e4f9700          Options.max_bytes_for_level_multiplier: 10.000000
2019/04/18-16:42:25.247908 7f423e4f9700 Options.max_bytes_for_level_multiplier_addtl[0]: 1
2019/04/18-16:42:25.247909 7f423e4f9700 Options.max_bytes_for_level_multiplier_addtl[1]: 1
2019/04/18-16:42:25.247910 7f423e4f9700 Options.max_bytes_for_level_multiplier_addtl[2]: 1
2019/04/18-16:42:25.247911 7f423e4f9700 Options.max_bytes_for_level_multiplier_addtl[3]: 1
2019/04/18-16:42:25.247912 7f423e4f9700 Options.max_bytes_for_level_multiplier_addtl[4]: 1
2019/04/18-16:42:25.247913 7f423e4f9700 Options.max_bytes_for_level_multiplier_addtl[5]: 1
2019/04/18-16:42:25.247914 7f423e4f9700 Options.max_bytes_for_level_multiplier_addtl[6]: 1
2019/04/18-16:42:25.247915 7f423e4f9700       Options.max_sequential_skip_in_iterations: 8
2019/04/18-16:42:25.247916 7f423e4f9700                    Options.max_compaction_bytes: 1677721600
2019/04/18-16:42:25.247917 7f423e4f9700                        Options.arena_block_size: 16777216
2019/04/18-16:42:25.247918 7f423e4f9700   Options.soft_pending_compaction_bytes_limit: 68719476736
2019/04/18-16:42:25.247919 7f423e4f9700   Options.hard_pending_compaction_bytes_limit: 274877906944
2019/04/18-16:42:25.247920 7f423e4f9700       Options.rate_limit_delay_max_milliseconds: 100
2019/04/18-16:42:25.247921 7f423e4f9700                Options.disable_auto_compactions: 0
2019/04/18-16:42:25.247922 7f423e4f9700                        Options.compaction_style: kCompactionStyleLevel
2019/04/18-16:42:25.247929 7f423e4f9700                          Options.compaction_pri: kByCompensatedSize
2019/04/18-16:42:25.247930 7f423e4f9700 Options.compaction_options_universal.size_ratio: 1
2019/04/18-16:42:25.247931 7f423e4f9700 Options.compaction_options_universal.min_merge_width: 2
2019/04/18-16:42:25.247932 7f423e4f9700 Options.compaction_options_universal.max_merge_width: 4294967295
2019/04/18-16:42:25.247933 7f423e4f9700 Options.compaction_options_universal.max_size_amplification_percent: 200
2019/04/18-16:42:25.247934 7f423e4f9700 Options.compaction_options_universal.compression_size_percent: -1
2019/04/18-16:42:25.247935 7f423e4f9700 Options.compaction_options_universal.stop_style: kCompactionStopStyleTotalSize
2019/04/18-16:42:25.247936 7f423e4f9700 Options.compaction_options_fifo.max_table_files_size: 1073741824
2019/04/18-16:42:25.247937 7f423e4f9700 Options.compaction_options_fifo.allow_compaction: 0
2019/04/18-16:42:25.247938 7f423e4f9700 Options.compaction_options_fifo.ttl: 0
2019/04/18-16:42:25.247939 7f423e4f9700                   Options.table_properties_collectors: 
2019/04/18-16:42:25.247940 7f423e4f9700                   Options.inplace_update_support: 0
2019/04/18-16:42:25.247941 7f423e4f9700                 Options.inplace_update_num_locks: 10000
2019/04/18-16:42:25.247942 7f423e4f9700               Options.memtable_prefix_bloom_size_ratio: 0.000000
2019/04/18-16:42:25.247944 7f423e4f9700   Options.memtable_huge_page_size: 0
2019/04/18-16:42:25.247945 7f423e4f9700                           Options.bloom_locality: 0
2019/04/18-16:42:25.247946 7f423e4f9700                    Options.max_successive_merges: 0
2019/04/18-16:42:25.247947 7f423e4f9700                Options.optimize_filters_for_hits: 0
2019/04/18-16:42:25.247948 7f423e4f9700                Options.paranoid_file_checks: 0
2019/04/18-16:42:25.247949 7f423e4f9700                Options.force_consistency_checks: 0
2019/04/18-16:42:25.247950 7f423e4f9700                Options.report_bg_io_stats: 0
2019/04/18-16:42:25.247950 7f423e4f9700                               Options.ttl: 0
2019/04/18-16:42:26.015265 7f423e4f9700 [db/version_set.cc:3361] Recovered from manifest file:/mnt/sdd/ycsb-rocksdb-data/MANIFEST-000004 succeeded,manifest_file_number is 4, next_file_number is 1160, last_sequence is 10431482, log_number is 0,prev_log_number is 0,max_column_family is 1,min_log_number_to_keep is 0
2019/04/18-16:42:26.015278 7f423e4f9700 [db/version_set.cc:3369] Column family [default] (ID 0), log number is 0
2019/04/18-16:42:26.015280 7f423e4f9700 [db/version_set.cc:3369] Column family [usertable] (ID 1), log number is 1153
2019/04/18-16:42:26.017597 7f423e4f9700 EVENT_LOG_v1 {"time_micros": 1555630946017563, "job": 1, "event": "recovery_started", "log_files": [1153, 1159]}
2019/04/18-16:42:26.017609 7f423e4f9700 [db/db_impl_open.cc:551] Recovering log #1153 mode 2
2019/04/18-16:42:27.280175 7f423e4f9700 EVENT_LOG_v1 {"time_micros": 1555630947280142, "cf_name": "usertable", "job": 1, "event": "table_file_creation", "file_number": 1160, "file_size": 129895354, "table_properties": {"data_size": 129317909, "index_size": 576523, "filter_size": 0, "raw_key_size": 752760, "raw_average_key_size": 24, "raw_value_size": 128471040, "raw_average_value_size": 4096, "num_data_blocks": 15683, "num_entries": 31365, "filter_policy_name": "", "kDeletedKeys": "0", "kMergeOperands": "0"}}
2019/04/18-16:42:27.285838 7f423e4f9700 [db/db_impl_open.cc:551] Recovering log #1159 mode 2
2019/04/18-16:42:27.302545 7f423e4f9700 [db/version_set.cc:2847] Creating manifest 1161
2019/04/18-16:42:27.365677 7f423e4f9700 EVENT_LOG_v1 {"time_micros": 1555630947365646, "cf_name": "usertable", "job": 1, "event": "table_file_creation", "file_number": 1162, "file_size": 1715326, "table_properties": {"data_size": 1706967, "index_size": 7443, "filter_size": 0, "raw_key_size": 9936, "raw_average_key_size": 24, "raw_value_size": 1695744, "raw_average_value_size": 4096, "num_data_blocks": 207, "num_entries": 414, "filter_policy_name": "", "kDeletedKeys": "0", "kMergeOperands": "0"}}
2019/04/18-16:42:27.384878 7f423e4f9700 EVENT_LOG_v1 {"time_micros": 1555630947384866, "job": 1, "event": "recovery_finished"}
2019/04/18-16:42:27.441319 7f423e4f9700 [db/db_impl_open.cc:1219] DB pointer 0x7f416c3c82d0
2019/04/18-16:42:27.441640 7f421cff9700 [WARN] [db/db_impl.cc:491] ------- DUMPING STATS -------
2019/04/18-16:42:27.441688 7f421cff9700 [WARN] [db/db_impl.cc:492] 
** DB Stats **
Uptime(secs): 2.2 total, 2.2 interval
Cumulative writes: 0 writes, 0 keys, 0 commit groups, 0.0 writes per commit group, ingest: 0.00 GB, 0.00 MB/s
Cumulative WAL: 0 writes, 0 syncs, 0.00 writes per sync, written: 0.00 GB, 0.00 MB/s
Cumulative stall: 00:00:0.000 H:M:S, 0.0 percent
Interval writes: 0 writes, 0 keys, 0 commit groups, 0.0 writes per commit group, ingest: 0.00 MB, 0.00 MB/s
Interval WAL: 0 writes, 0 syncs, 0.00 writes per sync, written: 0.00 MB, 0.00 MB/s
Interval stall: 00:00:0.000 H:M:S, 0.0 percent

** Compaction Stats [default] **
Level    Files   Size     Score Read(GB)  Rn(GB) Rnp1(GB) Write(GB) Wnew(GB) Moved(GB) W-Amp Rd(MB/s) Wr(MB/s) Comp(sec) Comp(cnt) Avg(sec) KeyIn KeyDrop
----------------------------------------------------------------------------------------------------------------------------------------------------------
 Sum      0/0    0.00 KB   0.0      0.0     0.0      0.0       0.0      0.0       0.0   0.0      0.0      0.0         0         0    0.000       0      0
 Int      0/0    0.00 KB   0.0      0.0     0.0      0.0       0.0      0.0       0.0   0.0      0.0      0.0         0         0    0.000       0      0
Uptime(secs): 2.2 total, 2.2 interval
Flush(GB): cumulative 0.000, interval 0.000
AddFile(GB): cumulative 0.000, interval 0.000
AddFile(Total Files): cumulative 0, interval 0
AddFile(L0 Files): cumulative 0, interval 0
AddFile(Keys): cumulative 0, interval 0
Cumulative compaction: 0.00 GB write, 0.00 MB/s write, 0.00 GB read, 0.00 MB/s read, 0.0 seconds
Interval compaction: 0.00 GB write, 0.00 MB/s write, 0.00 GB read, 0.00 MB/s read, 0.0 seconds
Stalls(count): 0 level0_slowdown, 0 level0_slowdown_with_compaction, 0 level0_numfiles, 0 level0_numfiles_with_compaction, 0 stop for pending_compaction_bytes, 0 slowdown for pending_compaction_bytes, 0 memtable_compaction, 0 memtable_slowdown, interval 0 total count

** File Read Latency Histogram By Level [default] **

** Compaction Stats [usertable] **
Level    Files   Size     Score Read(GB)  Rn(GB) Rnp1(GB) Write(GB) Wnew(GB) Moved(GB) W-Amp Rd(MB/s) Wr(MB/s) Comp(sec) Comp(cnt) Avg(sec) KeyIn KeyDrop
----------------------------------------------------------------------------------------------------------------------------------------------------------
  L0      3/0   373.27 MB   1.5      0.0     0.0      0.0       0.1      0.1       0.0   1.0      0.0    211.5         1         2    0.297       0      0
  L1      2/0   495.51 MB   1.0      0.0     0.0      0.0       0.0      0.0       0.0   0.0      0.0      0.0         0         0    0.000       0      0
  L2     93/0    4.97 GB   1.0      0.0     0.0      0.0       0.0      0.0       0.0   0.0      0.0      0.0         0         0    0.000       0      0
  L3    559/0   34.36 GB   0.7      0.0     0.0      0.0       0.0      0.0       0.0   0.0      0.0      0.0         0         0    0.000       0      0
 Sum    657/0   40.18 GB   0.0      0.0     0.0      0.0       0.1      0.1       0.0   1.0      0.0    211.5         1         2    0.297       0      0
 Int      0/0    0.00 KB   0.0      0.0     0.0      0.0       0.1      0.1       0.0   1.0      0.0    211.5         1         2    0.297       0      0
Uptime(secs): 2.2 total, 2.2 interval
Flush(GB): cumulative 0.123, interval 0.123
AddFile(GB): cumulative 0.000, interval 0.000
AddFile(Total Files): cumulative 0, interval 0
AddFile(L0 Files): cumulative 0, interval 0
AddFile(Keys): cumulative 0, interval 0
Cumulative compaction: 0.12 GB write, 57.21 MB/s write, 0.00 GB read, 0.00 MB/s read, 0.6 seconds
Interval compaction: 0.12 GB write, 57.21 MB/s write, 0.00 GB read, 0.00 MB/s read, 0.6 seconds
Stalls(count): 0 level0_slowdown, 0 level0_slowdown_with_compaction, 0 level0_numfiles, 0 level0_numfiles_with_compaction, 0 stop for pending_compaction_bytes, 0 slowdown for pending_compaction_bytes, 0 memtable_compaction, 0 memtable_slowdown, interval 0 total count

** File Read Latency Histogram By Level [usertable] **

** Compaction Stats [default] **
Level    Files   Size     Score Read(GB)  Rn(GB) Rnp1(GB) Write(GB) Wnew(GB) Moved(GB) W-Amp Rd(MB/s) Wr(MB/s) Comp(sec) Comp(cnt) Avg(sec) KeyIn KeyDrop
----------------------------------------------------------------------------------------------------------------------------------------------------------
 Sum      0/0    0.00 KB   0.0      0.0     0.0      0.0       0.0      0.0       0.0   0.0      0.0      0.0         0         0    0.000       0      0
 Int      0/0    0.00 KB   0.0      0.0     0.0      0.0       0.0      0.0       0.0   0.0      0.0      0.0         0         0    0.000       0      0
Uptime(secs): 2.2 total, 0.0 interval
Flush(GB): cumulative 0.000, interval 0.000
AddFile(GB): cumulative 0.000, interval 0.000
AddFile(Total Files): cumulative 0, interval 0
AddFile(L0 Files): cumulative 0, interval 0
AddFile(Keys): cumulative 0, interval 0
Cumulative compaction: 0.00 GB write, 0.00 MB/s write, 0.00 GB read, 0.00 MB/s read, 0.0 seconds
Interval compaction: 0.00 GB write, 0.00 MB/s write, 0.00 GB read, 0.00 MB/s read, 0.0 seconds
Stalls(count): 0 level0_slowdown, 0 level0_slowdown_with_compaction, 0 level0_numfiles, 0 level0_numfiles_with_compaction, 0 stop for pending_compaction_bytes, 0 slowdown for pending_compaction_bytes, 0 memtable_compaction, 0 memtable_slowdown, interval 0 total count

** File Read Latency Histogram By Level [default] **

** Compaction Stats [usertable] **
Level    Files   Size     Score Read(GB)  Rn(GB) Rnp1(GB) Write(GB) Wnew(GB) Moved(GB) W-Amp Rd(MB/s) Wr(MB/s) Comp(sec) Comp(cnt) Avg(sec) KeyIn KeyDrop
----------------------------------------------------------------------------------------------------------------------------------------------------------
  L0      3/0   373.27 MB   1.5      0.0     0.0      0.0       0.1      0.1       0.0   1.0      0.0    211.5         1         2    0.297       0      0
  L1      2/0   495.51 MB   1.0      0.0     0.0      0.0       0.0      0.0       0.0   0.0      0.0      0.0         0         0    0.000       0      0
  L2     93/0    4.97 GB   1.0      0.0     0.0      0.0       0.0      0.0       0.0   0.0      0.0      0.0         0         0    0.000       0      0
  L3    559/0   34.36 GB   0.7      0.0     0.0      0.0       0.0      0.0       0.0   0.0      0.0      0.0         0         0    0.000       0      0
 Sum    657/0   40.18 GB   0.0      0.0     0.0      0.0       0.1      0.1       0.0   1.0      0.0    211.5         1         2    0.297       0      0
 Int      0/0    0.00 KB   0.0      0.0     0.0      0.0       0.0      0.0       0.0   0.0      0.0      0.0         0         0    0.000       0      0
Uptime(secs): 2.2 total, 0.0 interval
Flush(GB): cumulative 0.123, interval 0.000
AddFile(GB): cumulative 0.000, interval 0.000
AddFile(Total Files): cumulative 0, interval 0
AddFile(L0 Files): cumulative 0, interval 0
AddFile(Keys): cumulative 0, interval 0
Cumulative compaction: 0.12 GB write, 57.21 MB/s write, 0.00 GB read, 0.00 MB/s read, 0.6 seconds
Interval compaction: 0.00 GB write, 0.00 MB/s write, 0.00 GB read, 0.00 MB/s read, 0.0 seconds
Stalls(count): 0 level0_slowdown, 0 level0_slowdown_with_compaction, 0 level0_numfiles, 0 level0_numfiles_with_compaction, 0 stop for pending_compaction_bytes, 0 slowdown for pending_compaction_bytes, 0 memtable_compaction, 0 memtable_slowdown, interval 0 total count

** File Read Latency Histogram By Level [usertable] **
2019/04/18-16:42:27.460774 7f421cff9700 (Original Log Time 2019/04/18-16:42:27.441822) [db/db_impl_compaction_flush.cc:1835] [usertable] Moving #251 to level-1 259789987 bytes
2019/04/18-16:42:27.460779 7f421cff9700 (Original Log Time 2019/04/18-16:42:27.460663) EVENT_LOG_v1 {"time_micros": 1555630947460647, "job": 3, "event": "trivial_move", "destination_level": 1, "files": 1, "total_files_size": 259789987}
2019/04/18-16:42:27.460781 7f421cff9700 (Original Log Time 2019/04/18-16:42:27.460680) [db/db_impl_compaction_flush.cc:1864] [usertable] Moved #1 files to level-1 259789987 bytes OK: base level 1 max bytes base 536870912 files[2 3 93 559 0 0 0] max score 1.45
2019/04/18-16:42:27.461033 7f421cff9700 [db/compaction_job.cc:1531] [usertable] [JOB 4] Compacting 1@1 files to L2, score 1.45
2019/04/18-16:42:27.461042 7f421cff9700 [db/compaction_job.cc:1535] [usertable] Compaction start summary: Base version 6 Base level 1, inputs: [251(247MB)]
2019/04/18-16:42:27.461076 7f421cff9700 EVENT_LOG_v1 {"time_micros": 1555630947461049, "job": 4, "event": "compaction_started", "compaction_reason": "LevelMaxLevelSize", "files_L1": [251], "score": 1.45169, "input_data_size": 259789987}
2019/04/18-16:42:28.446112 7f421cff9700 [db/compaction_job.cc:1211] [usertable] [JOB 4] Generated table #1166: 16279 keys, 67233388 bytes
2019/04/18-16:42:28.446156 7f421cff9700 EVENT_LOG_v1 {"time_micros": 1555630948446137, "cf_name": "usertable", "job": 4, "event": "table_file_creation", "file_number": 1166, "file_size": 67233388, "table_properties": {"data_size": 67118331, "index_size": 299108, "filter_size": 0, "raw_key_size": 390696, "raw_average_key_size": 24, "raw_value_size": 66678784, "raw_average_value_size": 4096, "num_data_blocks": 8140, "num_entries": 16279, "filter_policy_name": "", "kDeletedKeys": "0", "kMergeOperands": "0"}}
2019/04/18-16:42:29.370767 7f421cff9700 [db/compaction_job.cc:1211] [usertable] [JOB 4] Generated table #1167: 16279 keys, 67233549 bytes
2019/04/18-16:42:29.370808 7f421cff9700 EVENT_LOG_v1 {"time_micros": 1555630949370791, "cf_name": "usertable", "job": 4, "event": "table_file_creation", "file_number": 1167, "file_size": 67233549, "table_properties": {"data_size": 67120140, "index_size": 300916, "filter_size": 0, "raw_key_size": 390696, "raw_average_key_size": 24, "raw_value_size": 66678784, "raw_average_value_size": 4096, "num_data_blocks": 8140, "num_entries": 16279, "filter_policy_name": "", "kDeletedKeys": "0", "kMergeOperands": "0"}}
2019/04/18-16:42:30.283401 7f421cff9700 [db/compaction_job.cc:1211] [usertable] [JOB 4] Generated table #1168: 16279 keys, 67233363 bytes
2019/04/18-16:42:30.283450 7f421cff9700 EVENT_LOG_v1 {"time_micros": 1555630950283430, "cf_name": "usertable", "job": 4, "event": "table_file_creation", "file_number": 1168, "file_size": 67233363, "table_properties": {"data_size": 67118331, "index_size": 299106, "filter_size": 0, "raw_key_size": 390696, "raw_average_key_size": 24, "raw_value_size": 66678784, "raw_average_value_size": 4096, "num_data_blocks": 8140, "num_entries": 16279, "filter_policy_name": "", "kDeletedKeys": "0", "kMergeOperands": "0"}}
2019/04/18-16:42:31.392687 7f421cff9700 [db/compaction_job.cc:1211] [usertable] [JOB 4] Generated table #1169: 13893 keys, 57379348 bytes
2019/04/18-16:42:31.392736 7f421cff9700 EVENT_LOG_v1 {"time_micros": 1555630951392715, "cf_name": "usertable", "job": 4, "event": "table_file_creation", "file_number": 1169, "file_size": 57379348, "table_properties": {"data_size": 57282397, "index_size": 256775, "filter_size": 0, "raw_key_size": 333432, "raw_average_key_size": 24, "raw_value_size": 56905728, "raw_average_value_size": 4096, "num_data_blocks": 6947, "num_entries": 13893, "filter_policy_name": "", "kDeletedKeys": "0", "kMergeOperands": "0"}}
2019/04/18-16:42:31.392801 7f421cff9700 [db/compaction_job.cc:1287] [usertable] [JOB 4] Compacted 1@1 files to L2 => 259079648 bytes
2019/04/18-16:42:31.416383 7f421cff9700 (Original Log Time 2019/04/18-16:42:31.416284) [db/compaction_job.cc:685] [usertable] compacted to: base level 1 max bytes base 536870912 files[2 2 97 559 0 0 0] max score 1.04, MB/sec: 66.1 rd, 65.9 wr, level 2, files in(1, 0) out(4) MB in(247.8, 0.0) out(247.1), read-write-amplify(2.0) write-amplify(1.0) OK, records in: 62730, records dropped: 0 output_compression: LZ4
2019/04/18-16:42:31.416390 7f421cff9700 (Original Log Time 2019/04/18-16:42:31.416316) EVENT_LOG_v1 {"time_micros": 1555630951416303, "job": 4, "event": "compaction_finished", "compaction_time_micros": 3931684, "output_level": 2, "num_output_files": 4, "total_output_size": 259079648, "num_input_records": 62730, "num_output_records": 62730, "num_subcompactions": 1, "output_compression": "LZ4", "num_single_delete_mismatches": 0, "num_single_delete_fallthrough": 0, "lsm_state": [2, 2, 97, 559, 0, 0, 0]}
2019/04/18-16:42:31.436442 7f421cff9700 EVENT_LOG_v1 {"time_micros": 1555630951436431, "job": 4, "event": "table_file_deletion", "file_number": 251}
2019/04/18-16:42:31.462857 7f421cff9700 (Original Log Time 2019/04/18-16:42:31.436604) [db/db_impl_compaction_flush.cc:1835] [usertable] Moving #1167 to level-3 67233549 bytes
2019/04/18-16:42:31.462861 7f421cff9700 (Original Log Time 2019/04/18-16:42:31.462813) EVENT_LOG_v1 {"time_micros": 1555630951462806, "job": 5, "event": "trivial_move", "destination_level": 3, "files": 1, "total_files_size": 67233549}
2019/04/18-16:42:31.462863 7f421cff9700 (Original Log Time 2019/04/18-16:42:31.462824) [db/db_impl_compaction_flush.cc:1864] [usertable] Moved #1 files to level-3 67233549 bytes OK: base level 1 max bytes base 536870912 files[2 2 96 560 0 0 0] max score 1.03
2019/04/18-16:42:31.490887 7f421cff9700 (Original Log Time 2019/04/18-16:42:31.462902) [db/db_impl_compaction_flush.cc:1835] [usertable] Moving #1166 to level-3 67233388 bytes
2019/04/18-16:42:31.490892 7f421cff9700 (Original Log Time 2019/04/18-16:42:31.490836) EVENT_LOG_v1 {"time_micros": 1555630951490827, "job": 6, "event": "trivial_move", "destination_level": 3, "files": 1, "total_files_size": 67233388}
2019/04/18-16:42:31.490894 7f421cff9700 (Original Log Time 2019/04/18-16:42:31.490849) [db/db_impl_compaction_flush.cc:1864] [usertable] Moved #1 files to level-3 67233388 bytes OK: base level 1 max bytes base 536870912 files[2 2 95 561 0 0 0] max score 1.02
2019/04/18-16:42:31.515501 7f421cff9700 (Original Log Time 2019/04/18-16:42:31.491075) [db/db_impl_compaction_flush.cc:1835] [usertable] Moving #1168 to level-3 67233363 bytes
2019/04/18-16:42:31.515505 7f421cff9700 (Original Log Time 2019/04/18-16:42:31.515461) EVENT_LOG_v1 {"time_micros": 1555630951515453, "job": 7, "event": "trivial_move", "destination_level": 3, "files": 1, "total_files_size": 67233363}
2019/04/18-16:42:31.515507 7f421cff9700 (Original Log Time 2019/04/18-16:42:31.515470) [db/db_impl_compaction_flush.cc:1864] [usertable] Moved #1 files to level-3 67233363 bytes OK: base level 1 max bytes base 536870912 files[2 2 94 562 0 0 0] max score 1.00
2019/04/18-16:42:31.543373 7f421cff9700 (Original Log Time 2019/04/18-16:42:31.515677) [db/db_impl_compaction_flush.cc:1835] [usertable] Moving #1169 to level-3 57379348 bytes
2019/04/18-16:42:31.543378 7f421cff9700 (Original Log Time 2019/04/18-16:42:31.543309) EVENT_LOG_v1 {"time_micros": 1555630951543299, "job": 8, "event": "trivial_move", "destination_level": 3, "files": 1, "total_files_size": 57379348}
