2019/07/08-13:34:39.512114 7f75d0ce1700 RocksDB version: 5.14.3
2019/07/08-13:34:39.512173 7f75d0ce1700 Git sha rocksdb_build_git_sha:
2019/07/08-13:34:39.512176 7f75d0ce1700 Compile date Oct  9 2018
2019/07/08-13:34:39.512185 7f75d0ce1700 DB SUMMARY
2019/07/08-13:34:39.512930 7f75d0ce1700 CURRENT file:  CURRENT
2019/07/08-13:34:39.512935 7f75d0ce1700 IDENTITY file:  IDENTITY
2019/07/08-13:34:39.512951 7f75d0ce1700 MANIFEST file:  MANIFEST-000004 size: 126670 Bytes
2019/07/08-13:34:39.512956 7f75d0ce1700 SST files in /mnt/sdc/ycsb-rocksdb-data dir, Total Num: 714, files: 000017.sst 000021.sst 000022.sst 000023.sst 000024.sst 000028.sst 000029.sst 000030.sst 000031.sst 
2019/07/08-13:34:39.512961 7f75d0ce1700 Write Ahead Log file in /mnt/sdc/ycsb-rocksdb-data: 001274.log size: 113187103 ; 
2019/07/08-13:34:39.512987 7f75d0ce1700                         Options.error_if_exists: 0
2019/07/08-13:34:39.512989 7f75d0ce1700                       Options.create_if_missing: 1
2019/07/08-13:34:39.512990 7f75d0ce1700                         Options.paranoid_checks: 1
2019/07/08-13:34:39.512990 7f75d0ce1700                                     Options.env: 0x7f75d09ca080
2019/07/08-13:34:39.512991 7f75d0ce1700                                Options.info_log: 0x7f75483b2590
2019/07/08-13:34:39.512992 7f75d0ce1700                Options.max_file_opening_threads: 16
2019/07/08-13:34:39.512993 7f75d0ce1700                              Options.statistics: (nil)
2019/07/08-13:34:39.512994 7f75d0ce1700                               Options.use_fsync: 0
2019/07/08-13:34:39.512995 7f75d0ce1700                       Options.max_log_file_size: 0
2019/07/08-13:34:39.512996 7f75d0ce1700                  Options.max_manifest_file_size: 18446744073709551615
2019/07/08-13:34:39.512997 7f75d0ce1700                   Options.log_file_time_to_roll: 0
2019/07/08-13:34:39.512998 7f75d0ce1700                       Options.keep_log_file_num: 1000
2019/07/08-13:34:39.512999 7f75d0ce1700                    Options.recycle_log_file_num: 0
2019/07/08-13:34:39.512999 7f75d0ce1700                         Options.allow_fallocate: 1
2019/07/08-13:34:39.513000 7f75d0ce1700                        Options.allow_mmap_reads: 0
2019/07/08-13:34:39.513001 7f75d0ce1700                       Options.allow_mmap_writes: 0
2019/07/08-13:34:39.513002 7f75d0ce1700                        Options.use_direct_reads: 0
2019/07/08-13:34:39.513003 7f75d0ce1700                        Options.use_direct_io_for_flush_and_compaction: 0
2019/07/08-13:34:39.513004 7f75d0ce1700          Options.create_missing_column_families: 1
2019/07/08-13:34:39.513005 7f75d0ce1700                              Options.db_log_dir: 
2019/07/08-13:34:39.513006 7f75d0ce1700                                 Options.wal_dir: /mnt/sdc/ycsb-rocksdb-data
2019/07/08-13:34:39.513007 7f75d0ce1700                Options.table_cache_numshardbits: 6
2019/07/08-13:34:39.513008 7f75d0ce1700                      Options.max_subcompactions: 4
2019/07/08-13:34:39.513008 7f75d0ce1700                  Options.max_background_flushes: 24
2019/07/08-13:34:39.513009 7f75d0ce1700                         Options.WAL_ttl_seconds: 0
2019/07/08-13:34:39.513010 7f75d0ce1700                       Options.WAL_size_limit_MB: 0
2019/07/08-13:34:39.513011 7f75d0ce1700             Options.manifest_preallocation_size: 4194304
2019/07/08-13:34:39.513012 7f75d0ce1700                     Options.is_fd_close_on_exec: 1
2019/07/08-13:34:39.513013 7f75d0ce1700                   Options.advise_random_on_open: 1
2019/07/08-13:34:39.513014 7f75d0ce1700                    Options.db_write_buffer_size: 0
2019/07/08-13:34:39.513015 7f75d0ce1700                    Options.write_buffer_manager: 0x7f75483b9eb0
2019/07/08-13:34:39.513015 7f75d0ce1700         Options.access_hint_on_compaction_start: 1
2019/07/08-13:34:39.513016 7f75d0ce1700  Options.new_table_reader_for_compaction_inputs: 0
2019/07/08-13:34:39.513017 7f75d0ce1700           Options.random_access_max_buffer_size: 1048576
2019/07/08-13:34:39.513018 7f75d0ce1700                      Options.use_adaptive_mutex: 0
2019/07/08-13:34:39.513019 7f75d0ce1700                            Options.rate_limiter: (nil)
2019/07/08-13:34:39.513035 7f75d0ce1700     Options.sst_file_manager.rate_bytes_per_sec: 0
2019/07/08-13:34:39.513037 7f75d0ce1700                       Options.wal_recovery_mode: 2
2019/07/08-13:34:39.513038 7f75d0ce1700                  Options.enable_thread_tracking: 0
2019/07/08-13:34:39.513038 7f75d0ce1700                  Options.enable_pipelined_write: 1
2019/07/08-13:34:39.513039 7f75d0ce1700         Options.allow_concurrent_memtable_write: 1
2019/07/08-13:34:39.513040 7f75d0ce1700      Options.enable_write_thread_adaptive_yield: 1
2019/07/08-13:34:39.513041 7f75d0ce1700             Options.write_thread_max_yield_usec: 100
2019/07/08-13:34:39.513042 7f75d0ce1700            Options.write_thread_slow_yield_usec: 3
2019/07/08-13:34:39.513043 7f75d0ce1700                               Options.row_cache: None
2019/07/08-13:34:39.513044 7f75d0ce1700                              Options.wal_filter: None
2019/07/08-13:34:39.513045 7f75d0ce1700             Options.avoid_flush_during_recovery: 0
2019/07/08-13:34:39.513045 7f75d0ce1700             Options.allow_ingest_behind: 0
2019/07/08-13:34:39.513046 7f75d0ce1700             Options.preserve_deletes: 0
2019/07/08-13:34:39.513047 7f75d0ce1700             Options.two_write_queues: 0
2019/07/08-13:34:39.513048 7f75d0ce1700             Options.manual_wal_flush: 0
2019/07/08-13:34:39.513050 7f75d0ce1700             Options.max_background_jobs: 24
2019/07/08-13:34:39.513051 7f75d0ce1700             Options.max_background_compactions: 24
2019/07/08-13:34:39.513052 7f75d0ce1700             Options.avoid_flush_during_shutdown: 0
2019/07/08-13:34:39.513053 7f75d0ce1700           Options.writable_file_max_buffer_size: 1048576
2019/07/08-13:34:39.513054 7f75d0ce1700             Options.delayed_write_rate : 16777216
2019/07/08-13:34:39.513055 7f75d0ce1700             Options.max_total_wal_size: 0
2019/07/08-13:34:39.513055 7f75d0ce1700             Options.delete_obsolete_files_period_micros: 21600000000
2019/07/08-13:34:39.513056 7f75d0ce1700                   Options.stats_dump_period_sec: 60
2019/07/08-13:34:39.513057 7f75d0ce1700                          Options.max_open_files: -1
2019/07/08-13:34:39.513058 7f75d0ce1700                          Options.bytes_per_sync: 1048576
2019/07/08-13:34:39.513059 7f75d0ce1700                      Options.wal_bytes_per_sync: 0
2019/07/08-13:34:39.513060 7f75d0ce1700       Options.compaction_readahead_size: 0
2019/07/08-13:34:39.513061 7f75d0ce1700 Compression algorithms supported:
2019/07/08-13:34:39.513062 7f75d0ce1700 	kZSTDNotFinalCompression supported: 1
2019/07/08-13:34:39.513071 7f75d0ce1700 	kZSTD supported: 1
2019/07/08-13:34:39.513072 7f75d0ce1700 	kXpressCompression supported: 0
2019/07/08-13:34:39.513073 7f75d0ce1700 	kLZ4HCCompression supported: 1
2019/07/08-13:34:39.513075 7f75d0ce1700 	kLZ4Compression supported: 1
2019/07/08-13:34:39.513075 7f75d0ce1700 	kBZip2Compression supported: 1
2019/07/08-13:34:39.513077 7f75d0ce1700 	kZlibCompression supported: 1
2019/07/08-13:34:39.513078 7f75d0ce1700 	kSnappyCompression supported: 1
2019/07/08-13:34:39.513081 7f75d0ce1700 Fast CRC32 supported: Not supported on x86
2019/07/08-13:34:39.513818 7f75d0ce1700 [db/version_set.cc:3085] Recovering from manifest file: MANIFEST-000004
2019/07/08-13:34:39.513915 7f75d0ce1700 [db/column_family.cc:475] --------------- Options for column family [default]:
2019/07/08-13:34:39.513919 7f75d0ce1700               Options.comparator: leveldb.BytewiseComparator
2019/07/08-13:34:39.513921 7f75d0ce1700           Options.merge_operator: None
2019/07/08-13:34:39.513922 7f75d0ce1700        Options.compaction_filter: None
2019/07/08-13:34:39.513922 7f75d0ce1700        Options.compaction_filter_factory: None
2019/07/08-13:34:39.513923 7f75d0ce1700         Options.memtable_factory: SkipListFactory
2019/07/08-13:34:39.513925 7f75d0ce1700            Options.table_factory: BlockBasedTable
2019/07/08-13:34:39.513949 7f75d0ce1700            table_factory options:   flush_block_policy_factory: FlushBlockBySizePolicyFactory (0x7f75483a79a0)
  cache_index_and_filter_blocks: 0
  cache_index_and_filter_blocks_with_high_priority: 0
  pin_l0_filter_and_index_blocks_in_cache: 0
  index_type: 0
  hash_index_allow_collision: 1
  checksum: 1
  no_block_cache: 0
  block_cache: 0x7f75483a70e0
  block_cache_name: LRUCache
  block_cache_options:
    capacity : 8388608
    num_shard_bits : 4
    strict_capacity_limit : 0
    high_pri_pool_ratio: 0.000
  block_cache_compressed: (nil)
  persistent_cache: (nil)
  block_size: 8192
  block_size_deviation: 10
  block_restart_interval: 16
  index_block_restart_interval: 1
  metadata_block_size: 4096
  partition_filters: 0
  use_delta_encoding: 1
  filter_policy: nullptr
  whole_key_filtering: 1
  verify_compression: 0
  read_amp_bytes_per_bit: 0
  format_version: 2
  enable_index_compression: 1
  block_align: 0
2019/07/08-13:34:39.513962 7f75d0ce1700        Options.write_buffer_size: 134217728
2019/07/08-13:34:39.513964 7f75d0ce1700  Options.max_write_buffer_number: 24
2019/07/08-13:34:39.513966 7f75d0ce1700        Options.compression[0]: NoCompression
2019/07/08-13:34:39.513967 7f75d0ce1700        Options.compression[1]: NoCompression
2019/07/08-13:34:39.513968 7f75d0ce1700        Options.compression[2]: LZ4
2019/07/08-13:34:39.513970 7f75d0ce1700        Options.compression[3]: LZ4
2019/07/08-13:34:39.513971 7f75d0ce1700        Options.compression[4]: LZ4
2019/07/08-13:34:39.513972 7f75d0ce1700        Options.compression[5]: LZ4
2019/07/08-13:34:39.513973 7f75d0ce1700        Options.compression[6]: LZ4
2019/07/08-13:34:39.513974 7f75d0ce1700                  Options.bottommost_compression: Disabled
2019/07/08-13:34:39.513975 7f75d0ce1700       Options.prefix_extractor: nullptr
2019/07/08-13:34:39.513976 7f75d0ce1700   Options.memtable_insert_with_hint_prefix_extractor: nullptr
2019/07/08-13:34:39.513976 7f75d0ce1700             Options.num_levels: 7
2019/07/08-13:34:39.513977 7f75d0ce1700        Options.min_write_buffer_number_to_merge: 2
2019/07/08-13:34:39.513978 7f75d0ce1700     Options.max_write_buffer_number_to_maintain: 0
2019/07/08-13:34:39.513979 7f75d0ce1700            Options.compression_opts.window_bits: -14
2019/07/08-13:34:39.513980 7f75d0ce1700                  Options.compression_opts.level: -1
2019/07/08-13:34:39.513981 7f75d0ce1700               Options.compression_opts.strategy: 0
2019/07/08-13:34:39.513981 7f75d0ce1700         Options.compression_opts.max_dict_bytes: 0
2019/07/08-13:34:39.513982 7f75d0ce1700         Options.compression_opts.zstd_max_train_bytes: 0
2019/07/08-13:34:39.513983 7f75d0ce1700      Options.level0_file_num_compaction_trigger: 2
2019/07/08-13:34:39.513984 7f75d0ce1700          Options.level0_slowdown_writes_trigger: 20
2019/07/08-13:34:39.513985 7f75d0ce1700              Options.level0_stop_writes_trigger: 36
2019/07/08-13:34:39.513986 7f75d0ce1700                   Options.target_file_size_base: 67108864
2019/07/08-13:34:39.513986 7f75d0ce1700             Options.target_file_size_multiplier: 1
2019/07/08-13:34:39.513987 7f75d0ce1700                Options.max_bytes_for_level_base: 536870912
2019/07/08-13:34:39.513988 7f75d0ce1700 Options.level_compaction_dynamic_level_bytes: 0
2019/07/08-13:34:39.513989 7f75d0ce1700          Options.max_bytes_for_level_multiplier: 10.000000
2019/07/08-13:34:39.513992 7f75d0ce1700 Options.max_bytes_for_level_multiplier_addtl[0]: 1
2019/07/08-13:34:39.513993 7f75d0ce1700 Options.max_bytes_for_level_multiplier_addtl[1]: 1
2019/07/08-13:34:39.513994 7f75d0ce1700 Options.max_bytes_for_level_multiplier_addtl[2]: 1
2019/07/08-13:34:39.513995 7f75d0ce1700 Options.max_bytes_for_level_multiplier_addtl[3]: 1
2019/07/08-13:34:39.513996 7f75d0ce1700 Options.max_bytes_for_level_multiplier_addtl[4]: 1
2019/07/08-13:34:39.513996 7f75d0ce1700 Options.max_bytes_for_level_multiplier_addtl[5]: 1
2019/07/08-13:34:39.513997 7f75d0ce1700 Options.max_bytes_for_level_multiplier_addtl[6]: 1
2019/07/08-13:34:39.513998 7f75d0ce1700       Options.max_sequential_skip_in_iterations: 8
2019/07/08-13:34:39.513999 7f75d0ce1700                    Options.max_compaction_bytes: 1677721600
2019/07/08-13:34:39.514006 7f75d0ce1700                        Options.arena_block_size: 16777216
2019/07/08-13:34:39.514007 7f75d0ce1700   Options.soft_pending_compaction_bytes_limit: 68719476736
2019/07/08-13:34:39.514008 7f75d0ce1700   Options.hard_pending_compaction_bytes_limit: 274877906944
2019/07/08-13:34:39.514009 7f75d0ce1700       Options.rate_limit_delay_max_milliseconds: 100
2019/07/08-13:34:39.514010 7f75d0ce1700                Options.disable_auto_compactions: 0
2019/07/08-13:34:39.514011 7f75d0ce1700                        Options.compaction_style: kCompactionStyleLevel
2019/07/08-13:34:39.514013 7f75d0ce1700                          Options.compaction_pri: kByCompensatedSize
2019/07/08-13:34:39.514014 7f75d0ce1700 Options.compaction_options_universal.size_ratio: 1
2019/07/08-13:34:39.514015 7f75d0ce1700 Options.compaction_options_universal.min_merge_width: 2
2019/07/08-13:34:39.514016 7f75d0ce1700 Options.compaction_options_universal.max_merge_width: 4294967295
2019/07/08-13:34:39.514016 7f75d0ce1700 Options.compaction_options_universal.max_size_amplification_percent: 200
2019/07/08-13:34:39.514017 7f75d0ce1700 Options.compaction_options_universal.compression_size_percent: -1
2019/07/08-13:34:39.514019 7f75d0ce1700 Options.compaction_options_universal.stop_style: kCompactionStopStyleTotalSize
2019/07/08-13:34:39.514020 7f75d0ce1700 Options.compaction_options_fifo.max_table_files_size: 1073741824
2019/07/08-13:34:39.514020 7f75d0ce1700 Options.compaction_options_fifo.allow_compaction: 0
2019/07/08-13:34:39.514021 7f75d0ce1700 Options.compaction_options_fifo.ttl: 0
2019/07/08-13:34:39.514022 7f75d0ce1700                   Options.table_properties_collectors: 
2019/07/08-13:34:39.514023 7f75d0ce1700                   Options.inplace_update_support: 0
2019/07/08-13:34:39.514024 7f75d0ce1700                 Options.inplace_update_num_locks: 10000
2019/07/08-13:34:39.514025 7f75d0ce1700               Options.memtable_prefix_bloom_size_ratio: 0.000000
2019/07/08-13:34:39.514026 7f75d0ce1700   Options.memtable_huge_page_size: 0
2019/07/08-13:34:39.514027 7f75d0ce1700                           Options.bloom_locality: 0
2019/07/08-13:34:39.514028 7f75d0ce1700                    Options.max_successive_merges: 0
2019/07/08-13:34:39.514029 7f75d0ce1700                Options.optimize_filters_for_hits: 0
2019/07/08-13:34:39.514030 7f75d0ce1700                Options.paranoid_file_checks: 0
2019/07/08-13:34:39.514030 7f75d0ce1700                Options.force_consistency_checks: 0
2019/07/08-13:34:39.514031 7f75d0ce1700                Options.report_bg_io_stats: 0
2019/07/08-13:34:39.514032 7f75d0ce1700                               Options.ttl: 0
2019/07/08-13:34:39.515032 7f75d0ce1700 [db/column_family.cc:475] --------------- Options for column family [usertable]:
2019/07/08-13:34:39.515035 7f75d0ce1700               Options.comparator: leveldb.BytewiseComparator
2019/07/08-13:34:39.515036 7f75d0ce1700           Options.merge_operator: None
2019/07/08-13:34:39.515037 7f75d0ce1700        Options.compaction_filter: None
2019/07/08-13:34:39.515038 7f75d0ce1700        Options.compaction_filter_factory: None
2019/07/08-13:34:39.515039 7f75d0ce1700         Options.memtable_factory: SkipListFactory
2019/07/08-13:34:39.515040 7f75d0ce1700            Options.table_factory: BlockBasedTable
2019/07/08-13:34:39.515061 7f75d0ce1700            table_factory options:   flush_block_policy_factory: FlushBlockBySizePolicyFactory (0x7f75483ba070)
  cache_index_and_filter_blocks: 0
  cache_index_and_filter_blocks_with_high_priority: 0
  pin_l0_filter_and_index_blocks_in_cache: 0
  index_type: 0
  hash_index_allow_collision: 1
  checksum: 1
  no_block_cache: 0
  block_cache: 0x7f75483b4ca0
  block_cache_name: LRUCache
  block_cache_options:
    capacity : 8388608
    num_shard_bits : 4
    strict_capacity_limit : 0
    high_pri_pool_ratio: 0.000
  block_cache_compressed: (nil)
  persistent_cache: (nil)
  block_size: 8192
  block_size_deviation: 10
  block_restart_interval: 16
  index_block_restart_interval: 1
  metadata_block_size: 4096
  partition_filters: 0
  use_delta_encoding: 1
  filter_policy: nullptr
  whole_key_filtering: 1
  verify_compression: 0
  read_amp_bytes_per_bit: 0
  format_version: 2
  enable_index_compression: 1
  block_align: 0
2019/07/08-13:34:39.515073 7f75d0ce1700        Options.write_buffer_size: 134217728
2019/07/08-13:34:39.515074 7f75d0ce1700  Options.max_write_buffer_number: 24
2019/07/08-13:34:39.515075 7f75d0ce1700        Options.compression[0]: NoCompression
2019/07/08-13:34:39.515076 7f75d0ce1700        Options.compression[1]: NoCompression
2019/07/08-13:34:39.515078 7f75d0ce1700        Options.compression[2]: LZ4
2019/07/08-13:34:39.515079 7f75d0ce1700        Options.compression[3]: LZ4
2019/07/08-13:34:39.515080 7f75d0ce1700        Options.compression[4]: LZ4
2019/07/08-13:34:39.515081 7f75d0ce1700        Options.compression[5]: LZ4
2019/07/08-13:34:39.515082 7f75d0ce1700        Options.compression[6]: LZ4
2019/07/08-13:34:39.515083 7f75d0ce1700                  Options.bottommost_compression: Disabled
2019/07/08-13:34:39.515084 7f75d0ce1700       Options.prefix_extractor: nullptr
2019/07/08-13:34:39.515085 7f75d0ce1700   Options.memtable_insert_with_hint_prefix_extractor: nullptr
2019/07/08-13:34:39.515086 7f75d0ce1700             Options.num_levels: 7
2019/07/08-13:34:39.515086 7f75d0ce1700        Options.min_write_buffer_number_to_merge: 2
2019/07/08-13:34:39.515087 7f75d0ce1700     Options.max_write_buffer_number_to_maintain: 0
2019/07/08-13:34:39.515088 7f75d0ce1700            Options.compression_opts.window_bits: -14
2019/07/08-13:34:39.515089 7f75d0ce1700                  Options.compression_opts.level: -1
2019/07/08-13:34:39.515090 7f75d0ce1700               Options.compression_opts.strategy: 0
2019/07/08-13:34:39.515091 7f75d0ce1700         Options.compression_opts.max_dict_bytes: 0
2019/07/08-13:34:39.515091 7f75d0ce1700         Options.compression_opts.zstd_max_train_bytes: 0
2019/07/08-13:34:39.515092 7f75d0ce1700      Options.level0_file_num_compaction_trigger: 2
2019/07/08-13:34:39.515093 7f75d0ce1700          Options.level0_slowdown_writes_trigger: 20
2019/07/08-13:34:39.515094 7f75d0ce1700              Options.level0_stop_writes_trigger: 36
2019/07/08-13:34:39.515095 7f75d0ce1700                   Options.target_file_size_base: 67108864
2019/07/08-13:34:39.515095 7f75d0ce1700             Options.target_file_size_multiplier: 1
2019/07/08-13:34:39.515096 7f75d0ce1700                Options.max_bytes_for_level_base: 536870912
2019/07/08-13:34:39.515097 7f75d0ce1700 Options.level_compaction_dynamic_level_bytes: 0
2019/07/08-13:34:39.515098 7f75d0ce1700          Options.max_bytes_for_level_multiplier: 10.000000
2019/07/08-13:34:39.515100 7f75d0ce1700 Options.max_bytes_for_level_multiplier_addtl[0]: 1
2019/07/08-13:34:39.515101 7f75d0ce1700 Options.max_bytes_for_level_multiplier_addtl[1]: 1
2019/07/08-13:34:39.515102 7f75d0ce1700 Options.max_bytes_for_level_multiplier_addtl[2]: 1
2019/07/08-13:34:39.515103 7f75d0ce1700 Options.max_bytes_for_level_multiplier_addtl[3]: 1
2019/07/08-13:34:39.515103 7f75d0ce1700 Options.max_bytes_for_level_multiplier_addtl[4]: 1
2019/07/08-13:34:39.515104 7f75d0ce1700 Options.max_bytes_for_level_multiplier_addtl[5]: 1
2019/07/08-13:34:39.515105 7f75d0ce1700 Options.max_bytes_for_level_multiplier_addtl[6]: 1
2019/07/08-13:34:39.515106 7f75d0ce1700       Options.max_sequential_skip_in_iterations: 8
2019/07/08-13:34:39.515107 7f75d0ce1700                    Options.max_compaction_bytes: 1677721600
2019/07/08-13:34:39.515108 7f75d0ce1700                        Options.arena_block_size: 16777216
2019/07/08-13:34:39.515108 7f75d0ce1700   Options.soft_pending_compaction_bytes_limit: 68719476736
2019/07/08-13:34:39.515109 7f75d0ce1700   Options.hard_pending_compaction_bytes_limit: 274877906944
2019/07/08-13:34:39.515110 7f75d0ce1700       Options.rate_limit_delay_max_milliseconds: 100
2019/07/08-13:34:39.515111 7f75d0ce1700                Options.disable_auto_compactions: 0
2019/07/08-13:34:39.515112 7f75d0ce1700                        Options.compaction_style: kCompactionStyleLevel
2019/07/08-13:34:39.515119 7f75d0ce1700                          Options.compaction_pri: kByCompensatedSize
2019/07/08-13:34:39.515121 7f75d0ce1700 Options.compaction_options_universal.size_ratio: 1
2019/07/08-13:34:39.515122 7f75d0ce1700 Options.compaction_options_universal.min_merge_width: 2
2019/07/08-13:34:39.515122 7f75d0ce1700 Options.compaction_options_universal.max_merge_width: 4294967295
2019/07/08-13:34:39.515123 7f75d0ce1700 Options.compaction_options_universal.max_size_amplification_percent: 200
2019/07/08-13:34:39.515124 7f75d0ce1700 Options.compaction_options_universal.compression_size_percent: -1
2019/07/08-13:34:39.515125 7f75d0ce1700 Options.compaction_options_universal.stop_style: kCompactionStopStyleTotalSize
2019/07/08-13:34:39.515126 7f75d0ce1700 Options.compaction_options_fifo.max_table_files_size: 1073741824
2019/07/08-13:34:39.515127 7f75d0ce1700 Options.compaction_options_fifo.allow_compaction: 0
2019/07/08-13:34:39.515128 7f75d0ce1700 Options.compaction_options_fifo.ttl: 0
2019/07/08-13:34:39.515128 7f75d0ce1700                   Options.table_properties_collectors: 
2019/07/08-13:34:39.515129 7f75d0ce1700                   Options.inplace_update_support: 0
2019/07/08-13:34:39.515130 7f75d0ce1700                 Options.inplace_update_num_locks: 10000
2019/07/08-13:34:39.515131 7f75d0ce1700               Options.memtable_prefix_bloom_size_ratio: 0.000000
2019/07/08-13:34:39.515132 7f75d0ce1700   Options.memtable_huge_page_size: 0
2019/07/08-13:34:39.515133 7f75d0ce1700                           Options.bloom_locality: 0
2019/07/08-13:34:39.515134 7f75d0ce1700                    Options.max_successive_merges: 0
2019/07/08-13:34:39.515135 7f75d0ce1700                Options.optimize_filters_for_hits: 0
2019/07/08-13:34:39.515136 7f75d0ce1700                Options.paranoid_file_checks: 0
2019/07/08-13:34:39.515137 7f75d0ce1700                Options.force_consistency_checks: 0
2019/07/08-13:34:39.515137 7f75d0ce1700                Options.report_bg_io_stats: 0
2019/07/08-13:34:39.515138 7f75d0ce1700                               Options.ttl: 0
2019/07/08-13:34:40.018588 7f75d0ce1700 [db/version_set.cc:3361] Recovered from manifest file:/mnt/sdc/ycsb-rocksdb-data/MANIFEST-000004 succeeded,manifest_file_number is 4, next_file_number is 1281, last_sequence is 10433411, log_number is 0,prev_log_number is 0,max_column_family is 1,min_log_number_to_keep is 0
2019/07/08-13:34:40.018601 7f75d0ce1700 [db/version_set.cc:3369] Column family [default] (ID 0), log number is 0
2019/07/08-13:34:40.018604 7f75d0ce1700 [db/version_set.cc:3369] Column family [usertable] (ID 1), log number is 1274
2019/07/08-13:34:40.020608 7f75d0ce1700 EVENT_LOG_v1 {"time_micros": 1562618080020588, "job": 1, "event": "recovery_started", "log_files": [1274]}
2019/07/08-13:34:40.020616 7f75d0ce1700 [db/db_impl_open.cc:551] Recovering log #1274 mode 2
2019/07/08-13:34:40.573188 7f75d0ce1700 [db/version_set.cc:2847] Creating manifest 1281
2019/07/08-13:34:41.251359 7f75d0ce1700 EVENT_LOG_v1 {"time_micros": 1562618081251328, "cf_name": "usertable", "job": 1, "event": "table_file_creation", "file_number": 1282, "file_size": 113313232, "table_properties": {"data_size": 112809417, "index_size": 502893, "filter_size": 0, "raw_key_size": 656664, "raw_average_key_size": 24, "raw_value_size": 112070656, "raw_average_value_size": 4096, "num_data_blocks": 13681, "num_entries": 27361, "filter_policy_name": "", "kDeletedKeys": "0", "kMergeOperands": "0"}}
2019/07/08-13:34:41.301962 7f75d0ce1700 EVENT_LOG_v1 {"time_micros": 1562618081301952, "job": 1, "event": "recovery_finished"}
2019/07/08-13:34:41.399182 7f75d0ce1700 [db/db_impl_open.cc:1219] DB pointer 0x7f75483b9020
2019/07/08-13:34:41.399486 7f7564ffe700 [WARN] [db/db_impl.cc:491] ------- DUMPING STATS -------
2019/07/08-13:34:41.399539 7f7564ffe700 [WARN] [db/db_impl.cc:492] 
** DB Stats **
Uptime(secs): 1.9 total, 1.9 interval
Cumulative writes: 0 writes, 0 keys, 0 commit groups, 0.0 writes per commit group, ingest: 0.00 GB, 0.00 MB/s
Cumulative WAL: 0 writes, 0 syncs, 0.00 writes per sync, written: 0.00 GB, 0.00 MB/s
Cumulative stall: 00:00:0.000 H:M:S, 0.0 percent
Interval writes: 0 writes, 0 keys, 0 commit groups, 0.0 writes per commit group, ingest: 0.00 MB, 0.00 MB/s
Interval WAL: 0 writes, 0 syncs, 0.00 writes per sync, written: 0.00 MB, 0.00 MB/s
Interval stall: 00:00:0.000 H:M:S, 0.0 percent

** Compaction Stats [default] **
Level    Files   Size     Score Read(GB)  Rn(GB) Rnp1(GB) Write(GB) Wnew(GB) Moved(GB) W-Amp Rd(MB/s) Wr(MB/s) Comp(sec) Comp(cnt) Avg(sec) KeyIn KeyDrop
----------------------------------------------------------------------------------------------------------------------------------------------------------
 Sum      0/0    0.00 KB   0.0      0.0     0.0      0.0       0.0      0.0       0.0   0.0      0.0      0.0         0         0    0.000       0      0
 Int      0/0    0.00 KB   0.0      0.0     0.0      0.0       0.0      0.0       0.0   0.0      0.0      0.0         0         0    0.000       0      0
Uptime(secs): 1.9 total, 1.9 interval
Flush(GB): cumulative 0.000, interval 0.000
AddFile(GB): cumulative 0.000, interval 0.000
AddFile(Total Files): cumulative 0, interval 0
AddFile(L0 Files): cumulative 0, interval 0
AddFile(Keys): cumulative 0, interval 0
Cumulative compaction: 0.00 GB write, 0.00 MB/s write, 0.00 GB read, 0.00 MB/s read, 0.0 seconds
Interval compaction: 0.00 GB write, 0.00 MB/s write, 0.00 GB read, 0.00 MB/s read, 0.0 seconds
Stalls(count): 0 level0_slowdown, 0 level0_slowdown_with_compaction, 0 level0_numfiles, 0 level0_numfiles_with_compaction, 0 stop for pending_compaction_bytes, 0 slowdown for pending_compaction_bytes, 0 memtable_compaction, 0 memtable_slowdown, interval 0 total count

** File Read Latency Histogram By Level [default] **

** Compaction Stats [usertable] **
Level    Files   Size     Score Read(GB)  Rn(GB) Rnp1(GB) Write(GB) Wnew(GB) Moved(GB) W-Amp Rd(MB/s) Wr(MB/s) Comp(sec) Comp(cnt) Avg(sec) KeyIn KeyDrop
----------------------------------------------------------------------------------------------------------------------------------------------------------
  L0      2/0   321.69 MB   1.0      0.0     0.0      0.0       0.1      0.1       0.0   1.0      0.0    175.7         1         1    0.615       0      0
  L1      2/0   430.20 MB   0.8      0.0     0.0      0.0       0.0      0.0       0.0   0.0      0.0      0.0         0         0    0.000       0      0
  L2    160/0    4.98 GB   1.0      0.0     0.0      0.0       0.0      0.0       0.0   0.0      0.0      0.0         0         0    0.000       0      0
  L3    551/0   34.47 GB   0.7      0.0     0.0      0.0       0.0      0.0       0.0   0.0      0.0      0.0         0         0    0.000       0      0
 Sum    715/0   40.18 GB   0.0      0.0     0.0      0.0       0.1      0.1       0.0   1.0      0.0    175.7         1         1    0.615       0      0
 Int      0/0    0.00 KB   0.0      0.0     0.0      0.0       0.1      0.1       0.0   1.0      0.0    175.7         1         1    0.615       0      0
Uptime(secs): 1.9 total, 1.9 interval
Flush(GB): cumulative 0.106, interval 0.106
AddFile(GB): cumulative 0.000, interval 0.000
AddFile(Total Files): cumulative 0, interval 0
AddFile(L0 Files): cumulative 0, interval 0
AddFile(Keys): cumulative 0, interval 0
Cumulative compaction: 0.11 GB write, 57.35 MB/s write, 0.00 GB read, 0.00 MB/s read, 0.6 seconds
Interval compaction: 0.11 GB write, 57.35 MB/s write, 0.00 GB read, 0.00 MB/s read, 0.6 seconds
Stalls(count): 0 level0_slowdown, 0 level0_slowdown_with_compaction, 0 level0_numfiles, 0 level0_numfiles_with_compaction, 0 stop for pending_compaction_bytes, 0 slowdown for pending_compaction_bytes, 0 memtable_compaction, 0 memtable_slowdown, interval 0 total count

** File Read Latency Histogram By Level [usertable] **

** Compaction Stats [default] **
Level    Files   Size     Score Read(GB)  Rn(GB) Rnp1(GB) Write(GB) Wnew(GB) Moved(GB) W-Amp Rd(MB/s) Wr(MB/s) Comp(sec) Comp(cnt) Avg(sec) KeyIn KeyDrop
----------------------------------------------------------------------------------------------------------------------------------------------------------
 Sum      0/0    0.00 KB   0.0      0.0     0.0      0.0       0.0      0.0       0.0   0.0      0.0      0.0         0         0    0.000       0      0
 Int      0/0    0.00 KB   0.0      0.0     0.0      0.0       0.0      0.0       0.0   0.0      0.0      0.0         0         0    0.000       0      0
Uptime(secs): 1.9 total, 0.0 interval
Flush(GB): cumulative 0.000, interval 0.000
AddFile(GB): cumulative 0.000, interval 0.000
AddFile(Total Files): cumulative 0, interval 0
AddFile(L0 Files): cumulative 0, interval 0
AddFile(Keys): cumulative 0, interval 0
Cumulative compaction: 0.00 GB write, 0.00 MB/s write, 0.00 GB read, 0.00 MB/s read, 0.0 seconds
Interval compaction: 0.00 GB write, 0.00 MB/s write, 0.00 GB read, 0.00 MB/s read, 0.0 seconds
Stalls(count): 0 level0_slowdown, 0 level0_slowdown_with_compaction, 0 level0_numfiles, 0 level0_numfiles_with_compaction, 0 stop for pending_compaction_bytes, 0 slowdown for pending_compaction_bytes, 0 memtable_compaction, 0 memtable_slowdown, interval 0 total count

** File Read Latency Histogram By Level [default] **

** Compaction Stats [usertable] **
Level    Files   Size     Score Read(GB)  Rn(GB) Rnp1(GB) Write(GB) Wnew(GB) Moved(GB) W-Amp Rd(MB/s) Wr(MB/s) Comp(sec) Comp(cnt) Avg(sec) KeyIn KeyDrop
----------------------------------------------------------------------------------------------------------------------------------------------------------
  L0      2/0   321.69 MB   1.0      0.0     0.0      0.0       0.1      0.1       0.0   1.0      0.0    175.7         1         1    0.615       0      0
  L1      2/0   430.20 MB   0.8      0.0     0.0      0.0       0.0      0.0       0.0   0.0      0.0      0.0         0         0    0.000       0      0
  L2    160/0    4.98 GB   1.0      0.0     0.0      0.0       0.0      0.0       0.0   0.0      0.0      0.0         0         0    0.000       0      0
  L3    551/0   34.47 GB   0.7      0.0     0.0      0.0       0.0      0.0       0.0   0.0      0.0      0.0         0         0    0.000       0      0
 Sum    715/0   40.18 GB   0.0      0.0     0.0      0.0       0.1      0.1       0.0   1.0      0.0    175.7         1         1    0.615       0      0
 Int      0/0    0.00 KB   0.0      0.0     0.0      0.0       0.0      0.0       0.0   0.0      0.0      0.0         0         0    0.000       0      0
Uptime(secs): 1.9 total, 0.0 interval
Flush(GB): cumulative 0.106, interval 0.000
AddFile(GB): cumulative 0.000, interval 0.000
AddFile(Total Files): cumulative 0, interval 0
AddFile(L0 Files): cumulative 0, interval 0
AddFile(Keys): cumulative 0, interval 0
Cumulative compaction: 0.11 GB write, 57.35 MB/s write, 0.00 GB read, 0.00 MB/s read, 0.6 seconds
Interval compaction: 0.00 GB write, 0.00 MB/s write, 0.00 GB read, 0.00 MB/s read, 0.0 seconds
Stalls(count): 0 level0_slowdown, 0 level0_slowdown_with_compaction, 0 level0_numfiles, 0 level0_numfiles_with_compaction, 0 stop for pending_compaction_bytes, 0 slowdown for pending_compaction_bytes, 0 memtable_compaction, 0 memtable_slowdown, interval 0 total count

** File Read Latency Histogram By Level [usertable] **
2019/07/08-13:34:41.431572 7f7564ffe700 (Original Log Time 2019/07/08-13:34:41.399665) [db/db_impl_compaction_flush.cc:1835] [usertable] Moving #886 to level-1 224008016 bytes
2019/07/08-13:34:41.431578 7f7564ffe700 (Original Log Time 2019/07/08-13:34:41.431475) EVENT_LOG_v1 {"time_micros": 1562618081431464, "job": 3, "event": "trivial_move", "destination_level": 1, "files": 1, "total_files_size": 224008016}
2019/07/08-13:34:41.431580 7f7564ffe700 (Original Log Time 2019/07/08-13:34:41.431489) [db/db_impl_compaction_flush.cc:1864] [usertable] Moved #1 files to level-1 224008016 bytes OK: base level 1 max bytes base 536870912 files[1 3 160 551 0 0 0] max score 1.26
2019/07/08-13:34:41.431704 7f7543fff700 [db/compaction_job.cc:1531] [usertable] [JOB 4] Compacting 1@1 files to L2, score 1.26
2019/07/08-13:34:41.431720 7f7543fff700 [db/compaction_job.cc:1535] [usertable] Compaction start summary: Base version 6 Base level 1, inputs: [1155(216MB)]
2019/07/08-13:34:41.431752 7f7543fff700 EVENT_LOG_v1 {"time_micros": 1562618081431730, "job": 4, "event": "compaction_started", "compaction_reason": "LevelMaxLevelSize", "files_L1": [1155], "score": 1.25749, "input_data_size": 226584099}
2019/07/08-13:34:42.873400 7f7543fff700 [db/compaction_job.cc:1211] [usertable] [JOB 4] Generated table #1286: 16279 keys, 67233589 bytes
2019/07/08-13:34:42.873447 7f7543fff700 EVENT_LOG_v1 {"time_micros": 1562618082873427, "cf_name": "usertable", "job": 4, "event": "table_file_creation", "file_number": 1286, "file_size": 67233589, "table_properties": {"data_size": 67120142, "index_size": 300916, "filter_size": 0, "raw_key_size": 390696, "raw_average_key_size": 24, "raw_value_size": 66678784, "raw_average_value_size": 4096, "num_data_blocks": 8140, "num_entries": 16279, "filter_policy_name": "", "kDeletedKeys": "0", "kMergeOperands": "0"}}
2019/07/08-13:34:43.703505 7f7543fff700 [db/compaction_job.cc:1211] [usertable] [JOB 4] Generated table #1287: 16279 keys, 67233330 bytes
2019/07/08-13:34:43.703550 7f7543fff700 EVENT_LOG_v1 {"time_micros": 1562618083703531, "cf_name": "usertable", "job": 4, "event": "table_file_creation", "file_number": 1287, "file_size": 67233330, "table_properties": {"data_size": 67118331, "index_size": 299107, "filter_size": 0, "raw_key_size": 390696, "raw_average_key_size": 24, "raw_value_size": 66678784, "raw_average_value_size": 4096, "num_data_blocks": 8140, "num_entries": 16279, "filter_policy_name": "", "kDeletedKeys": "0", "kMergeOperands": "0"}}
2019/07/08-13:34:44.561533 7f7543fff700 [db/compaction_job.cc:1211] [usertable] [JOB 4] Generated table #1288: 16279 keys, 67233521 bytes
2019/07/08-13:34:44.561579 7f7543fff700 EVENT_LOG_v1 {"time_micros": 1562618084561559, "cf_name": "usertable", "job": 4, "event": "table_file_creation", "file_number": 1288, "file_size": 67233521, "table_properties": {"data_size": 67120139, "index_size": 300916, "filter_size": 0, "raw_key_size": 390696, "raw_average_key_size": 24, "raw_value_size": 66678784, "raw_average_value_size": 4096, "num_data_blocks": 8140, "num_entries": 16279, "filter_policy_name": "", "kDeletedKeys": "0", "kMergeOperands": "0"}}
2019/07/08-13:34:44.970776 7f7543fff700 [db/compaction_job.cc:1211] [usertable] [JOB 4] Generated table #1289: 5872 keys, 24252378 bytes
2019/07/08-13:34:44.970823 7f7543fff700 EVENT_LOG_v1 {"time_micros": 1562618084970804, "cf_name": "usertable", "job": 4, "event": "table_file_creation", "file_number": 1289, "file_size": 24252378, "table_properties": {"data_size": 24210256, "index_size": 107716, "filter_size": 0, "raw_key_size": 140928, "raw_average_key_size": 24, "raw_value_size": 24051712, "raw_average_value_size": 4096, "num_data_blocks": 2936, "num_entries": 5872, "filter_policy_name": "", "kDeletedKeys": "0", "kMergeOperands": "0"}}
2019/07/08-13:34:44.970881 7f7543fff700 [db/compaction_job.cc:1287] [usertable] [JOB 4] Compacted 1@1 files to L2 => 225952818 bytes
2019/07/08-13:34:44.988140 7f7543fff700 (Original Log Time 2019/07/08-13:34:44.988036) [db/compaction_job.cc:685] [usertable] compacted to: base level 1 max bytes base 536870912 files[1 2 164 551 0 0 0] max score 1.04, MB/sec: 64.0 rd, 63.8 wr, level 2, files in(1, 0) out(4) MB in(216.1, 0.0) out(215.5), read-write-amplify(2.0) write-amplify(1.0) OK, records in: 54709, records dropped: 0 output_compression: LZ4
2019/07/08-13:34:44.988147 7f7543fff700 (Original Log Time 2019/07/08-13:34:44.988069) EVENT_LOG_v1 {"time_micros": 1562618084988055, "job": 4, "event": "compaction_finished", "compaction_time_micros": 3539091, "output_level": 2, "num_output_files": 4, "total_output_size": 225952818, "num_input_records": 54709, "num_output_records": 54709, "num_subcompactions": 1, "output_compression": "LZ4", "num_single_delete_mismatches": 0, "num_single_delete_fallthrough": 0, "lsm_state": [1, 2, 164, 551, 0, 0, 0]}
2019/07/08-13:34:45.005358 7f75437fe700 (Original Log Time 2019/07/08-13:34:44.988333) [db/db_impl_compaction_flush.cc:1835] [usertable] Moving #1286 to level-3 67233589 bytes
2019/07/08-13:34:45.005362 7f75437fe700 (Original Log Time 2019/07/08-13:34:45.005309) EVENT_LOG_v1 {"time_micros": 1562618085005304, "job": 5, "event": "trivial_move", "destination_level": 3, "files": 1, "total_files_size": 67233589}
2019/07/08-13:34:45.005363 7f75437fe700 (Original Log Time 2019/07/08-13:34:45.005314) [db/db_impl_compaction_flush.cc:1864] [usertable] Moved #1 files to level-3 67233589 bytes OK: base level 1 max bytes base 536870912 files[1 2 163 552 0 0 0] max score 1.03
2019/07/08-13:34:45.025368 7f75437fe700 EVENT_LOG_v1 {"time_micros": 1562618085025357, "job": 5, "event": "table_file_deletion", "file_number": 1155}
2019/07/08-13:34:45.045041 7f75437fe700 (Original Log Time 2019/07/08-13:34:45.025528) [db/db_impl_compaction_flush.cc:1835] [usertable] Moving #1288 to level-3 67233521 bytes
2019/07/08-13:34:45.045045 7f75437fe700 (Original Log Time 2019/07/08-13:34:45.044983) EVENT_LOG_v1 {"time_micros": 1562618085044976, "job": 6, "event": "trivial_move", "destination_level": 3, "files": 1, "total_files_size": 67233521}
2019/07/08-13:34:45.045047 7f75437fe700 (Original Log Time 2019/07/08-13:34:45.044992) [db/db_impl_compaction_flush.cc:1864] [usertable] Moved #1 files to level-3 67233521 bytes OK: base level 1 max bytes base 536870912 files[1 2 162 553 0 0 0] max score 1.01
2019/07/08-13:34:45.063403 7f75437fe700 (Original Log Time 2019/07/08-13:34:45.045208) [db/db_impl_compaction_flush.cc:1835] [usertable] Moving #1287 to level-3 67233330 bytes
2019/07/08-13:34:45.063407 7f75437fe700 (Original Log Time 2019/07/08-13:34:45.063363) EVENT_LOG_v1 {"time_micros": 1562618085063358, "job": 7, "event": "trivial_move", "destination_level": 3, "files": 1, "total_files_size": 67233330}
2019/07/08-13:34:45.063408 7f75437fe700 (Original Log Time 2019/07/08-13:34:45.063369) [db/db_impl_compaction_flush.cc:1864] [usertable] Moved #1 files to level-3 67233330 bytes OK: base level 1 max bytes base 536870912 files[1 2 161 554 0 0 0] max score 1.00
2019/07/08-13:34:45.082436 7f7541ffb700 (Original Log Time 2019/07/08-13:34:45.063584) [db/db_impl_compaction_flush.cc:1835] [usertable] Moving #24 to level-3 50193111 bytes
2019/07/08-13:34:45.082441 7f7541ffb700 (Original Log Time 2019/07/08-13:34:45.082377) EVENT_LOG_v1 {"time_micros": 1562618085082368, "job": 8, "event": "trivial_move", "destination_level": 3, "files": 1, "total_files_size": 50193111}
2019/07/08-13:34:45.082443 7f7541ffb700 (Original Log Time 2019/07/08-13:34:45.082391) [db/db_impl_compaction_flush.cc:1864] [usertable] Moved #1 files to level-3 50193111 bytes OK: base level 1 max bytes base 536870912 files[1 2 160 555 0 0 0] max score 0.99
2019/07/08-13:34:45.692189 7f74fc3f4700 [db/db_impl_write.cc:1373] [usertable] New memtable created with log file: #1290. Immutable memtables: 0.
2019/07/08-13:34:47.929476 7f75247f8700 [db/db_impl_write.cc:1373] [usertable] New memtable created with log file: #1291. Immutable memtables: 1.
2019/07/08-13:34:47.929637 7f747dffb700 [db/db_impl_compaction_flush.cc:80] [JOB 9] Syncing log #1283
