2019/03/18-23:54:00.788801 7f7e083dc700 RocksDB version: 5.14.3
2019/03/18-23:54:00.788864 7f7e083dc700 Git sha rocksdb_build_git_sha:
2019/03/18-23:54:00.788868 7f7e083dc700 Compile date Oct  9 2018
2019/03/18-23:54:00.788877 7f7e083dc700 DB SUMMARY
2019/03/18-23:54:00.789500 7f7e083dc700 CURRENT file:  CURRENT
2019/03/18-23:54:00.789504 7f7e083dc700 IDENTITY file:  IDENTITY
2019/03/18-23:54:00.789515 7f7e083dc700 MANIFEST file:  MANIFEST-000004 size: 129298 Bytes
2019/03/18-23:54:00.789519 7f7e083dc700 SST files in /mnt/sdf/ycsb-rocksdb-data dir, Total Num: 736, files: 000021.sst 000022.sst 000023.sst 000024.sst 000028.sst 000029.sst 000030.sst 000031.sst 000035.sst 
2019/03/18-23:54:00.789524 7f7e083dc700 Write Ahead Log file in /mnt/sdf/ycsb-rocksdb-data: 001316.log size: 109141402 ; 001322.log size: 26732005 ; 
2019/03/18-23:54:00.789552 7f7e083dc700                         Options.error_if_exists: 0
2019/03/18-23:54:00.789554 7f7e083dc700                       Options.create_if_missing: 1
2019/03/18-23:54:00.789555 7f7e083dc700                         Options.paranoid_checks: 1
2019/03/18-23:54:00.789556 7f7e083dc700                                     Options.env: 0x7f7e0398e080
2019/03/18-23:54:00.789557 7f7e083dc700                                Options.info_log: 0x7f7d243b18e0
2019/03/18-23:54:00.789558 7f7e083dc700                Options.max_file_opening_threads: 16
2019/03/18-23:54:00.789559 7f7e083dc700                              Options.statistics: (nil)
2019/03/18-23:54:00.789560 7f7e083dc700                               Options.use_fsync: 0
2019/03/18-23:54:00.789561 7f7e083dc700                       Options.max_log_file_size: 0
2019/03/18-23:54:00.789562 7f7e083dc700                  Options.max_manifest_file_size: 18446744073709551615
2019/03/18-23:54:00.789563 7f7e083dc700                   Options.log_file_time_to_roll: 0
2019/03/18-23:54:00.789564 7f7e083dc700                       Options.keep_log_file_num: 1000
2019/03/18-23:54:00.789565 7f7e083dc700                    Options.recycle_log_file_num: 0
2019/03/18-23:54:00.789566 7f7e083dc700                         Options.allow_fallocate: 1
2019/03/18-23:54:00.789567 7f7e083dc700                        Options.allow_mmap_reads: 0
2019/03/18-23:54:00.789568 7f7e083dc700                       Options.allow_mmap_writes: 0
2019/03/18-23:54:00.789569 7f7e083dc700                        Options.use_direct_reads: 0
2019/03/18-23:54:00.789570 7f7e083dc700                        Options.use_direct_io_for_flush_and_compaction: 0
2019/03/18-23:54:00.789571 7f7e083dc700          Options.create_missing_column_families: 1
2019/03/18-23:54:00.789572 7f7e083dc700                              Options.db_log_dir: 
2019/03/18-23:54:00.789573 7f7e083dc700                                 Options.wal_dir: /mnt/sdf/ycsb-rocksdb-data
2019/03/18-23:54:00.789574 7f7e083dc700                Options.table_cache_numshardbits: 6
2019/03/18-23:54:00.789575 7f7e083dc700                      Options.max_subcompactions: 4
2019/03/18-23:54:00.789576 7f7e083dc700                  Options.max_background_flushes: 24
2019/03/18-23:54:00.789577 7f7e083dc700                         Options.WAL_ttl_seconds: 0
2019/03/18-23:54:00.789578 7f7e083dc700                       Options.WAL_size_limit_MB: 0
2019/03/18-23:54:00.789579 7f7e083dc700             Options.manifest_preallocation_size: 4194304
2019/03/18-23:54:00.789580 7f7e083dc700                     Options.is_fd_close_on_exec: 1
2019/03/18-23:54:00.789581 7f7e083dc700                   Options.advise_random_on_open: 1
2019/03/18-23:54:00.789582 7f7e083dc700                    Options.db_write_buffer_size: 0
2019/03/18-23:54:00.789583 7f7e083dc700                    Options.write_buffer_manager: 0x7f7d243b12d0
2019/03/18-23:54:00.789584 7f7e083dc700         Options.access_hint_on_compaction_start: 1
2019/03/18-23:54:00.789585 7f7e083dc700  Options.new_table_reader_for_compaction_inputs: 0
2019/03/18-23:54:00.789586 7f7e083dc700           Options.random_access_max_buffer_size: 1048576
2019/03/18-23:54:00.789586 7f7e083dc700                      Options.use_adaptive_mutex: 0
2019/03/18-23:54:00.789587 7f7e083dc700                            Options.rate_limiter: (nil)
2019/03/18-23:54:00.789604 7f7e083dc700     Options.sst_file_manager.rate_bytes_per_sec: 0
2019/03/18-23:54:00.789606 7f7e083dc700                       Options.wal_recovery_mode: 2
2019/03/18-23:54:00.789607 7f7e083dc700                  Options.enable_thread_tracking: 0
2019/03/18-23:54:00.789608 7f7e083dc700                  Options.enable_pipelined_write: 1
2019/03/18-23:54:00.789609 7f7e083dc700         Options.allow_concurrent_memtable_write: 1
2019/03/18-23:54:00.789610 7f7e083dc700      Options.enable_write_thread_adaptive_yield: 1
2019/03/18-23:54:00.789611 7f7e083dc700             Options.write_thread_max_yield_usec: 100
2019/03/18-23:54:00.789612 7f7e083dc700            Options.write_thread_slow_yield_usec: 3
2019/03/18-23:54:00.789613 7f7e083dc700                               Options.row_cache: None
2019/03/18-23:54:00.789614 7f7e083dc700                              Options.wal_filter: None
2019/03/18-23:54:00.789615 7f7e083dc700             Options.avoid_flush_during_recovery: 0
2019/03/18-23:54:00.789616 7f7e083dc700             Options.allow_ingest_behind: 0
2019/03/18-23:54:00.789617 7f7e083dc700             Options.preserve_deletes: 0
2019/03/18-23:54:00.789617 7f7e083dc700             Options.two_write_queues: 0
2019/03/18-23:54:00.789618 7f7e083dc700             Options.manual_wal_flush: 0
2019/03/18-23:54:00.789620 7f7e083dc700             Options.max_background_jobs: 24
2019/03/18-23:54:00.789622 7f7e083dc700             Options.max_background_compactions: 24
2019/03/18-23:54:00.789623 7f7e083dc700             Options.avoid_flush_during_shutdown: 0
2019/03/18-23:54:00.789624 7f7e083dc700           Options.writable_file_max_buffer_size: 1048576
2019/03/18-23:54:00.789625 7f7e083dc700             Options.delayed_write_rate : 16777216
2019/03/18-23:54:00.789626 7f7e083dc700             Options.max_total_wal_size: 0
2019/03/18-23:54:00.789627 7f7e083dc700             Options.delete_obsolete_files_period_micros: 21600000000
2019/03/18-23:54:00.789628 7f7e083dc700                   Options.stats_dump_period_sec: 60
2019/03/18-23:54:00.789629 7f7e083dc700                          Options.max_open_files: -1
2019/03/18-23:54:00.789630 7f7e083dc700                          Options.bytes_per_sync: 1048576
2019/03/18-23:54:00.789631 7f7e083dc700                      Options.wal_bytes_per_sync: 0
2019/03/18-23:54:00.789632 7f7e083dc700       Options.compaction_readahead_size: 0
2019/03/18-23:54:00.789633 7f7e083dc700 Compression algorithms supported:
2019/03/18-23:54:00.789635 7f7e083dc700 	kZSTDNotFinalCompression supported: 1
2019/03/18-23:54:00.789644 7f7e083dc700 	kZSTD supported: 1
2019/03/18-23:54:00.789645 7f7e083dc700 	kXpressCompression supported: 0
2019/03/18-23:54:00.789646 7f7e083dc700 	kLZ4HCCompression supported: 1
2019/03/18-23:54:00.789648 7f7e083dc700 	kLZ4Compression supported: 1
2019/03/18-23:54:00.789649 7f7e083dc700 	kBZip2Compression supported: 1
2019/03/18-23:54:00.789650 7f7e083dc700 	kZlibCompression supported: 1
2019/03/18-23:54:00.789651 7f7e083dc700 	kSnappyCompression supported: 1
2019/03/18-23:54:00.789655 7f7e083dc700 Fast CRC32 supported: Not supported on x86
2019/03/18-23:54:00.790112 7f7e083dc700 [db/version_set.cc:3085] Recovering from manifest file: MANIFEST-000004
2019/03/18-23:54:00.790212 7f7e083dc700 [db/column_family.cc:475] --------------- Options for column family [default]:
2019/03/18-23:54:00.790216 7f7e083dc700               Options.comparator: leveldb.BytewiseComparator
2019/03/18-23:54:00.790217 7f7e083dc700           Options.merge_operator: None
2019/03/18-23:54:00.790218 7f7e083dc700        Options.compaction_filter: None
2019/03/18-23:54:00.790219 7f7e083dc700        Options.compaction_filter_factory: None
2019/03/18-23:54:00.790220 7f7e083dc700         Options.memtable_factory: SkipListFactory
2019/03/18-23:54:00.790221 7f7e083dc700            Options.table_factory: BlockBasedTable
2019/03/18-23:54:00.790243 7f7e083dc700            table_factory options:   flush_block_policy_factory: FlushBlockBySizePolicyFactory (0x7f7d243b1eb0)
  cache_index_and_filter_blocks: 0
  cache_index_and_filter_blocks_with_high_priority: 0
  pin_l0_filter_and_index_blocks_in_cache: 0
  index_type: 0
  hash_index_allow_collision: 1
  checksum: 1
  no_block_cache: 0
  block_cache: 0x7f7d243a3d90
  block_cache_name: LRUCache
  block_cache_options:
    capacity : 8388608
    num_shard_bits : 4
    strict_capacity_limit : 0
    high_pri_pool_ratio: 0.000
  block_cache_compressed: (nil)
  persistent_cache: (nil)
  block_size: 8192
  block_size_deviation: 10
  block_restart_interval: 16
  index_block_restart_interval: 1
  metadata_block_size: 4096
  partition_filters: 0
  use_delta_encoding: 1
  filter_policy: nullptr
  whole_key_filtering: 1
  verify_compression: 0
  read_amp_bytes_per_bit: 0
  format_version: 2
  enable_index_compression: 1
  block_align: 0
2019/03/18-23:54:00.790255 7f7e083dc700        Options.write_buffer_size: 134217728
2019/03/18-23:54:00.790257 7f7e083dc700  Options.max_write_buffer_number: 24
2019/03/18-23:54:00.790259 7f7e083dc700        Options.compression[0]: NoCompression
2019/03/18-23:54:00.790260 7f7e083dc700        Options.compression[1]: NoCompression
2019/03/18-23:54:00.790261 7f7e083dc700        Options.compression[2]: LZ4
2019/03/18-23:54:00.790262 7f7e083dc700        Options.compression[3]: LZ4
2019/03/18-23:54:00.790263 7f7e083dc700        Options.compression[4]: LZ4
2019/03/18-23:54:00.790265 7f7e083dc700        Options.compression[5]: LZ4
2019/03/18-23:54:00.790266 7f7e083dc700        Options.compression[6]: LZ4
2019/03/18-23:54:00.790267 7f7e083dc700                  Options.bottommost_compression: Disabled
2019/03/18-23:54:00.790268 7f7e083dc700       Options.prefix_extractor: nullptr
2019/03/18-23:54:00.790268 7f7e083dc700   Options.memtable_insert_with_hint_prefix_extractor: nullptr
2019/03/18-23:54:00.790270 7f7e083dc700             Options.num_levels: 7
2019/03/18-23:54:00.790271 7f7e083dc700        Options.min_write_buffer_number_to_merge: 2
2019/03/18-23:54:00.790272 7f7e083dc700     Options.max_write_buffer_number_to_maintain: 0
2019/03/18-23:54:00.790273 7f7e083dc700            Options.compression_opts.window_bits: -14
2019/03/18-23:54:00.790274 7f7e083dc700                  Options.compression_opts.level: -1
2019/03/18-23:54:00.790274 7f7e083dc700               Options.compression_opts.strategy: 0
2019/03/18-23:54:00.790275 7f7e083dc700         Options.compression_opts.max_dict_bytes: 0
2019/03/18-23:54:00.790276 7f7e083dc700         Options.compression_opts.zstd_max_train_bytes: 0
2019/03/18-23:54:00.790277 7f7e083dc700      Options.level0_file_num_compaction_trigger: 2
2019/03/18-23:54:00.790278 7f7e083dc700          Options.level0_slowdown_writes_trigger: 20
2019/03/18-23:54:00.790279 7f7e083dc700              Options.level0_stop_writes_trigger: 36
2019/03/18-23:54:00.790280 7f7e083dc700                   Options.target_file_size_base: 67108864
2019/03/18-23:54:00.790281 7f7e083dc700             Options.target_file_size_multiplier: 1
2019/03/18-23:54:00.790282 7f7e083dc700                Options.max_bytes_for_level_base: 536870912
2019/03/18-23:54:00.790283 7f7e083dc700 Options.level_compaction_dynamic_level_bytes: 0
2019/03/18-23:54:00.790284 7f7e083dc700          Options.max_bytes_for_level_multiplier: 10.000000
2019/03/18-23:54:00.790286 7f7e083dc700 Options.max_bytes_for_level_multiplier_addtl[0]: 1
2019/03/18-23:54:00.790287 7f7e083dc700 Options.max_bytes_for_level_multiplier_addtl[1]: 1
2019/03/18-23:54:00.790288 7f7e083dc700 Options.max_bytes_for_level_multiplier_addtl[2]: 1
2019/03/18-23:54:00.790289 7f7e083dc700 Options.max_bytes_for_level_multiplier_addtl[3]: 1
2019/03/18-23:54:00.790290 7f7e083dc700 Options.max_bytes_for_level_multiplier_addtl[4]: 1
2019/03/18-23:54:00.790291 7f7e083dc700 Options.max_bytes_for_level_multiplier_addtl[5]: 1
2019/03/18-23:54:00.790292 7f7e083dc700 Options.max_bytes_for_level_multiplier_addtl[6]: 1
2019/03/18-23:54:00.790293 7f7e083dc700       Options.max_sequential_skip_in_iterations: 8
2019/03/18-23:54:00.790294 7f7e083dc700                    Options.max_compaction_bytes: 1677721600
2019/03/18-23:54:00.790301 7f7e083dc700                        Options.arena_block_size: 16777216
2019/03/18-23:54:00.790302 7f7e083dc700   Options.soft_pending_compaction_bytes_limit: 68719476736
2019/03/18-23:54:00.790303 7f7e083dc700   Options.hard_pending_compaction_bytes_limit: 274877906944
2019/03/18-23:54:00.790304 7f7e083dc700       Options.rate_limit_delay_max_milliseconds: 100
2019/03/18-23:54:00.790305 7f7e083dc700                Options.disable_auto_compactions: 0
2019/03/18-23:54:00.790307 7f7e083dc700                        Options.compaction_style: kCompactionStyleLevel
2019/03/18-23:54:00.790308 7f7e083dc700                          Options.compaction_pri: kByCompensatedSize
2019/03/18-23:54:00.790309 7f7e083dc700 Options.compaction_options_universal.size_ratio: 1
2019/03/18-23:54:00.790310 7f7e083dc700 Options.compaction_options_universal.min_merge_width: 2
2019/03/18-23:54:00.790311 7f7e083dc700 Options.compaction_options_universal.max_merge_width: 4294967295
2019/03/18-23:54:00.790312 7f7e083dc700 Options.compaction_options_universal.max_size_amplification_percent: 200
2019/03/18-23:54:00.790313 7f7e083dc700 Options.compaction_options_universal.compression_size_percent: -1
2019/03/18-23:54:00.790315 7f7e083dc700 Options.compaction_options_universal.stop_style: kCompactionStopStyleTotalSize
2019/03/18-23:54:00.790316 7f7e083dc700 Options.compaction_options_fifo.max_table_files_size: 1073741824
2019/03/18-23:54:00.790317 7f7e083dc700 Options.compaction_options_fifo.allow_compaction: 0
2019/03/18-23:54:00.790318 7f7e083dc700 Options.compaction_options_fifo.ttl: 0
2019/03/18-23:54:00.790319 7f7e083dc700                   Options.table_properties_collectors: 
2019/03/18-23:54:00.790320 7f7e083dc700                   Options.inplace_update_support: 0
2019/03/18-23:54:00.790321 7f7e083dc700                 Options.inplace_update_num_locks: 10000
2019/03/18-23:54:00.790322 7f7e083dc700               Options.memtable_prefix_bloom_size_ratio: 0.000000
2019/03/18-23:54:00.790323 7f7e083dc700   Options.memtable_huge_page_size: 0
2019/03/18-23:54:00.790324 7f7e083dc700                           Options.bloom_locality: 0
2019/03/18-23:54:00.790325 7f7e083dc700                    Options.max_successive_merges: 0
2019/03/18-23:54:00.790326 7f7e083dc700                Options.optimize_filters_for_hits: 0
2019/03/18-23:54:00.790327 7f7e083dc700                Options.paranoid_file_checks: 0
2019/03/18-23:54:00.790328 7f7e083dc700                Options.force_consistency_checks: 0
2019/03/18-23:54:00.790329 7f7e083dc700                Options.report_bg_io_stats: 0
2019/03/18-23:54:00.790330 7f7e083dc700                               Options.ttl: 0
2019/03/18-23:54:00.790881 7f7e083dc700 [db/column_family.cc:475] --------------- Options for column family [usertable]:
2019/03/18-23:54:00.790884 7f7e083dc700               Options.comparator: leveldb.BytewiseComparator
2019/03/18-23:54:00.790885 7f7e083dc700           Options.merge_operator: None
2019/03/18-23:54:00.790886 7f7e083dc700        Options.compaction_filter: None
2019/03/18-23:54:00.790887 7f7e083dc700        Options.compaction_filter_factory: None
2019/03/18-23:54:00.790888 7f7e083dc700         Options.memtable_factory: SkipListFactory
2019/03/18-23:54:00.790889 7f7e083dc700            Options.table_factory: BlockBasedTable
2019/03/18-23:54:00.790912 7f7e083dc700            table_factory options:   flush_block_policy_factory: FlushBlockBySizePolicyFactory (0x7f7d243ae590)
  cache_index_and_filter_blocks: 0
  cache_index_and_filter_blocks_with_high_priority: 0
  pin_l0_filter_and_index_blocks_in_cache: 0
  index_type: 0
  hash_index_allow_collision: 1
  checksum: 1
  no_block_cache: 0
  block_cache: 0x7f7d243b3100
  block_cache_name: LRUCache
  block_cache_options:
    capacity : 8388608
    num_shard_bits : 4
    strict_capacity_limit : 0
    high_pri_pool_ratio: 0.000
  block_cache_compressed: (nil)
  persistent_cache: (nil)
  block_size: 8192
  block_size_deviation: 10
  block_restart_interval: 16
  index_block_restart_interval: 1
  metadata_block_size: 4096
  partition_filters: 0
  use_delta_encoding: 1
  filter_policy: nullptr
  whole_key_filtering: 1
  verify_compression: 0
  read_amp_bytes_per_bit: 0
  format_version: 2
  enable_index_compression: 1
  block_align: 0
2019/03/18-23:54:00.790923 7f7e083dc700        Options.write_buffer_size: 134217728
2019/03/18-23:54:00.790924 7f7e083dc700  Options.max_write_buffer_number: 24
2019/03/18-23:54:00.790926 7f7e083dc700        Options.compression[0]: NoCompression
2019/03/18-23:54:00.790927 7f7e083dc700        Options.compression[1]: NoCompression
2019/03/18-23:54:00.790928 7f7e083dc700        Options.compression[2]: LZ4
2019/03/18-23:54:00.790929 7f7e083dc700        Options.compression[3]: LZ4
2019/03/18-23:54:00.790930 7f7e083dc700        Options.compression[4]: LZ4
2019/03/18-23:54:00.790931 7f7e083dc700        Options.compression[5]: LZ4
2019/03/18-23:54:00.790932 7f7e083dc700        Options.compression[6]: LZ4
2019/03/18-23:54:00.790933 7f7e083dc700                  Options.bottommost_compression: Disabled
2019/03/18-23:54:00.790934 7f7e083dc700       Options.prefix_extractor: nullptr
2019/03/18-23:54:00.790935 7f7e083dc700   Options.memtable_insert_with_hint_prefix_extractor: nullptr
2019/03/18-23:54:00.790936 7f7e083dc700             Options.num_levels: 7
2019/03/18-23:54:00.790937 7f7e083dc700        Options.min_write_buffer_number_to_merge: 2
2019/03/18-23:54:00.790938 7f7e083dc700     Options.max_write_buffer_number_to_maintain: 0
2019/03/18-23:54:00.790939 7f7e083dc700            Options.compression_opts.window_bits: -14
2019/03/18-23:54:00.790940 7f7e083dc700                  Options.compression_opts.level: -1
2019/03/18-23:54:00.790941 7f7e083dc700               Options.compression_opts.strategy: 0
2019/03/18-23:54:00.790942 7f7e083dc700         Options.compression_opts.max_dict_bytes: 0
2019/03/18-23:54:00.790943 7f7e083dc700         Options.compression_opts.zstd_max_train_bytes: 0
2019/03/18-23:54:00.790944 7f7e083dc700      Options.level0_file_num_compaction_trigger: 2
2019/03/18-23:54:00.790944 7f7e083dc700          Options.level0_slowdown_writes_trigger: 20
2019/03/18-23:54:00.790945 7f7e083dc700              Options.level0_stop_writes_trigger: 36
2019/03/18-23:54:00.790946 7f7e083dc700                   Options.target_file_size_base: 67108864
2019/03/18-23:54:00.790947 7f7e083dc700             Options.target_file_size_multiplier: 1
2019/03/18-23:54:00.790948 7f7e083dc700                Options.max_bytes_for_level_base: 536870912
2019/03/18-23:54:00.790949 7f7e083dc700 Options.level_compaction_dynamic_level_bytes: 0
2019/03/18-23:54:00.790950 7f7e083dc700          Options.max_bytes_for_level_multiplier: 10.000000
2019/03/18-23:54:00.790952 7f7e083dc700 Options.max_bytes_for_level_multiplier_addtl[0]: 1
2019/03/18-23:54:00.790953 7f7e083dc700 Options.max_bytes_for_level_multiplier_addtl[1]: 1
2019/03/18-23:54:00.790954 7f7e083dc700 Options.max_bytes_for_level_multiplier_addtl[2]: 1
2019/03/18-23:54:00.790955 7f7e083dc700 Options.max_bytes_for_level_multiplier_addtl[3]: 1
2019/03/18-23:54:00.790956 7f7e083dc700 Options.max_bytes_for_level_multiplier_addtl[4]: 1
2019/03/18-23:54:00.790957 7f7e083dc700 Options.max_bytes_for_level_multiplier_addtl[5]: 1
2019/03/18-23:54:00.790958 7f7e083dc700 Options.max_bytes_for_level_multiplier_addtl[6]: 1
2019/03/18-23:54:00.790959 7f7e083dc700       Options.max_sequential_skip_in_iterations: 8
2019/03/18-23:54:00.790960 7f7e083dc700                    Options.max_compaction_bytes: 1677721600
2019/03/18-23:54:00.790961 7f7e083dc700                        Options.arena_block_size: 16777216
2019/03/18-23:54:00.790962 7f7e083dc700   Options.soft_pending_compaction_bytes_limit: 68719476736
2019/03/18-23:54:00.790963 7f7e083dc700   Options.hard_pending_compaction_bytes_limit: 274877906944
2019/03/18-23:54:00.790963 7f7e083dc700       Options.rate_limit_delay_max_milliseconds: 100
2019/03/18-23:54:00.790964 7f7e083dc700                Options.disable_auto_compactions: 0
2019/03/18-23:54:00.790966 7f7e083dc700                        Options.compaction_style: kCompactionStyleLevel
2019/03/18-23:54:00.790974 7f7e083dc700                          Options.compaction_pri: kByCompensatedSize
2019/03/18-23:54:00.790976 7f7e083dc700 Options.compaction_options_universal.size_ratio: 1
2019/03/18-23:54:00.790977 7f7e083dc700 Options.compaction_options_universal.min_merge_width: 2
2019/03/18-23:54:00.790978 7f7e083dc700 Options.compaction_options_universal.max_merge_width: 4294967295
2019/03/18-23:54:00.790979 7f7e083dc700 Options.compaction_options_universal.max_size_amplification_percent: 200
2019/03/18-23:54:00.790980 7f7e083dc700 Options.compaction_options_universal.compression_size_percent: -1
2019/03/18-23:54:00.790981 7f7e083dc700 Options.compaction_options_universal.stop_style: kCompactionStopStyleTotalSize
2019/03/18-23:54:00.790982 7f7e083dc700 Options.compaction_options_fifo.max_table_files_size: 1073741824
2019/03/18-23:54:00.790982 7f7e083dc700 Options.compaction_options_fifo.allow_compaction: 0
2019/03/18-23:54:00.790983 7f7e083dc700 Options.compaction_options_fifo.ttl: 0
2019/03/18-23:54:00.790984 7f7e083dc700                   Options.table_properties_collectors: 
2019/03/18-23:54:00.790985 7f7e083dc700                   Options.inplace_update_support: 0
2019/03/18-23:54:00.790987 7f7e083dc700                 Options.inplace_update_num_locks: 10000
2019/03/18-23:54:00.790988 7f7e083dc700               Options.memtable_prefix_bloom_size_ratio: 0.000000
2019/03/18-23:54:00.790989 7f7e083dc700   Options.memtable_huge_page_size: 0
2019/03/18-23:54:00.790990 7f7e083dc700                           Options.bloom_locality: 0
2019/03/18-23:54:00.790991 7f7e083dc700                    Options.max_successive_merges: 0
2019/03/18-23:54:00.790992 7f7e083dc700                Options.optimize_filters_for_hits: 0
2019/03/18-23:54:00.790993 7f7e083dc700                Options.paranoid_file_checks: 0
2019/03/18-23:54:00.790994 7f7e083dc700                Options.force_consistency_checks: 0
2019/03/18-23:54:00.790995 7f7e083dc700                Options.report_bg_io_stats: 0
2019/03/18-23:54:00.790996 7f7e083dc700                               Options.ttl: 0
2019/03/18-23:54:01.329187 7f7e083dc700 [db/version_set.cc:3361] Recovered from manifest file:/mnt/sdf/ycsb-rocksdb-data/MANIFEST-000004 succeeded,manifest_file_number is 4, next_file_number is 1323, last_sequence is 10425960, log_number is 0,prev_log_number is 0,max_column_family is 1,min_log_number_to_keep is 0
2019/03/18-23:54:01.329198 7f7e083dc700 [db/version_set.cc:3369] Column family [default] (ID 0), log number is 0
2019/03/18-23:54:01.329201 7f7e083dc700 [db/version_set.cc:3369] Column family [usertable] (ID 1), log number is 1316
2019/03/18-23:54:01.331599 7f7e083dc700 EVENT_LOG_v1 {"time_micros": 1552978441331582, "job": 1, "event": "recovery_started", "log_files": [1316, 1322]}
2019/03/18-23:54:01.331625 7f7e083dc700 [db/db_impl_open.cc:551] Recovering log #1316 mode 2
2019/03/18-23:54:01.738115 7f7e083dc700 [db/db_impl_open.cc:551] Recovering log #1322 mode 2
2019/03/18-23:54:02.322453 7f7e083dc700 EVENT_LOG_v1 {"time_micros": 1552978442322421, "cf_name": "usertable", "job": 1, "event": "table_file_creation", "file_number": 1323, "file_size": 129895355, "table_properties": {"data_size": 129317909, "index_size": 576524, "filter_size": 0, "raw_key_size": 752760, "raw_average_key_size": 24, "raw_value_size": 128471040, "raw_average_value_size": 4096, "num_data_blocks": 15683, "num_entries": 31365, "filter_policy_name": "", "kDeletedKeys": "0", "kMergeOperands": "0"}}
2019/03/18-23:54:02.350743 7f7e083dc700 [db/version_set.cc:2847] Creating manifest 1324
2019/03/18-23:54:02.467254 7f7e083dc700 EVENT_LOG_v1 {"time_micros": 1552978442467218, "cf_name": "usertable", "job": 1, "event": "table_file_creation", "file_number": 1325, "file_size": 6130241, "table_properties": {"data_size": 6102204, "index_size": 27116, "filter_size": 0, "raw_key_size": 35520, "raw_average_key_size": 24, "raw_value_size": 6062080, "raw_average_value_size": 4096, "num_data_blocks": 740, "num_entries": 1480, "filter_policy_name": "", "kDeletedKeys": "0", "kMergeOperands": "0"}}
2019/03/18-23:54:02.497125 7f7e083dc700 EVENT_LOG_v1 {"time_micros": 1552978442497112, "job": 1, "event": "recovery_finished"}
2019/03/18-23:54:02.563900 7f7e083dc700 [db/db_impl_open.cc:1219] DB pointer 0x7f7d243b7640
2019/03/18-23:54:02.564303 7f7de27fc700 [WARN] [db/db_impl.cc:491] ------- DUMPING STATS -------
2019/03/18-23:54:02.564355 7f7de27fc700 [WARN] [db/db_impl.cc:492] 
** DB Stats **
Uptime(secs): 1.8 total, 1.8 interval
Cumulative writes: 0 writes, 0 keys, 0 commit groups, 0.0 writes per commit group, ingest: 0.00 GB, 0.00 MB/s
Cumulative WAL: 0 writes, 0 syncs, 0.00 writes per sync, written: 0.00 GB, 0.00 MB/s
Cumulative stall: 00:00:0.000 H:M:S, 0.0 percent
Interval writes: 0 writes, 0 keys, 0 commit groups, 0.0 writes per commit group, ingest: 0.00 MB, 0.00 MB/s
Interval WAL: 0 writes, 0 syncs, 0.00 writes per sync, written: 0.00 MB, 0.00 MB/s
Interval stall: 00:00:0.000 H:M:S, 0.0 percent

** Compaction Stats [default] **
Level    Files   Size     Score Read(GB)  Rn(GB) Rnp1(GB) Write(GB) Wnew(GB) Moved(GB) W-Amp Rd(MB/s) Wr(MB/s) Comp(sec) Comp(cnt) Avg(sec) KeyIn KeyDrop
----------------------------------------------------------------------------------------------------------------------------------------------------------
 Sum      0/0    0.00 KB   0.0      0.0     0.0      0.0       0.0      0.0       0.0   0.0      0.0      0.0         0         0    0.000       0      0
 Int      0/0    0.00 KB   0.0      0.0     0.0      0.0       0.0      0.0       0.0   0.0      0.0      0.0         0         0    0.000       0      0
Uptime(secs): 1.8 total, 1.8 interval
Flush(GB): cumulative 0.000, interval 0.000
AddFile(GB): cumulative 0.000, interval 0.000
AddFile(Total Files): cumulative 0, interval 0
AddFile(L0 Files): cumulative 0, interval 0
AddFile(Keys): cumulative 0, interval 0
Cumulative compaction: 0.00 GB write, 0.00 MB/s write, 0.00 GB read, 0.00 MB/s read, 0.0 seconds
Interval compaction: 0.00 GB write, 0.00 MB/s write, 0.00 GB read, 0.00 MB/s read, 0.0 seconds
Stalls(count): 0 level0_slowdown, 0 level0_slowdown_with_compaction, 0 level0_numfiles, 0 level0_numfiles_with_compaction, 0 stop for pending_compaction_bytes, 0 slowdown for pending_compaction_bytes, 0 memtable_compaction, 0 memtable_slowdown, interval 0 total count

** File Read Latency Histogram By Level [default] **

** Compaction Stats [usertable] **
Level    Files   Size     Score Read(GB)  Rn(GB) Rnp1(GB) Write(GB) Wnew(GB) Moved(GB) W-Amp Rd(MB/s) Wr(MB/s) Comp(sec) Comp(cnt) Avg(sec) KeyIn KeyDrop
----------------------------------------------------------------------------------------------------------------------------------------------------------
  L0      3/0   309.28 MB   1.5      0.0     0.0      0.0       0.1      0.1       0.0   1.0      0.0    223.0         1         2    0.291       0      0
  L1      7/0   392.33 MB   0.8      0.0     0.0      0.0       0.0      0.0       0.0   0.0      0.0      0.0         0         0    0.000       0      0
  L2    177/0    4.99 GB   1.0      0.0     0.0      0.0       0.0      0.0       0.0   0.0      0.0      0.0         0         0    0.000       0      0
  L3    551/0   34.50 GB   0.7      0.0     0.0      0.0       0.0      0.0       0.0   0.0      0.0      0.0         0         0    0.000       0      0
 Sum    738/0   40.18 GB   0.0      0.0     0.0      0.0       0.1      0.1       0.0   1.0      0.0    223.0         1         2    0.291       0      0
 Int      0/0    0.00 KB   0.0      0.0     0.0      0.0       0.1      0.1       0.0   1.0      0.0    223.0         1         2    0.291       0      0
Uptime(secs): 1.8 total, 1.8 interval
Flush(GB): cumulative 0.127, interval 0.127
AddFile(GB): cumulative 0.000, interval 0.000
AddFile(Total Files): cumulative 0, interval 0
AddFile(L0 Files): cumulative 0, interval 0
AddFile(Keys): cumulative 0, interval 0
Cumulative compaction: 0.13 GB write, 73.15 MB/s write, 0.00 GB read, 0.00 MB/s read, 0.6 seconds
Interval compaction: 0.13 GB write, 73.15 MB/s write, 0.00 GB read, 0.00 MB/s read, 0.6 seconds
Stalls(count): 0 level0_slowdown, 0 level0_slowdown_with_compaction, 0 level0_numfiles, 0 level0_numfiles_with_compaction, 0 stop for pending_compaction_bytes, 0 slowdown for pending_compaction_bytes, 0 memtable_compaction, 0 memtable_slowdown, interval 0 total count

** File Read Latency Histogram By Level [usertable] **

** Compaction Stats [default] **
Level    Files   Size     Score Read(GB)  Rn(GB) Rnp1(GB) Write(GB) Wnew(GB) Moved(GB) W-Amp Rd(MB/s) Wr(MB/s) Comp(sec) Comp(cnt) Avg(sec) KeyIn KeyDrop
----------------------------------------------------------------------------------------------------------------------------------------------------------
 Sum      0/0    0.00 KB   0.0      0.0     0.0      0.0       0.0      0.0       0.0   0.0      0.0      0.0         0         0    0.000       0      0
 Int      0/0    0.00 KB   0.0      0.0     0.0      0.0       0.0      0.0       0.0   0.0      0.0      0.0         0         0    0.000       0      0
Uptime(secs): 1.8 total, 0.0 interval
Flush(GB): cumulative 0.000, interval 0.000
AddFile(GB): cumulative 0.000, interval 0.000
AddFile(Total Files): cumulative 0, interval 0
AddFile(L0 Files): cumulative 0, interval 0
AddFile(Keys): cumulative 0, interval 0
Cumulative compaction: 0.00 GB write, 0.00 MB/s write, 0.00 GB read, 0.00 MB/s read, 0.0 seconds
Interval compaction: 0.00 GB write, 0.00 MB/s write, 0.00 GB read, 0.00 MB/s read, 0.0 seconds
Stalls(count): 0 level0_slowdown, 0 level0_slowdown_with_compaction, 0 level0_numfiles, 0 level0_numfiles_with_compaction, 0 stop for pending_compaction_bytes, 0 slowdown for pending_compaction_bytes, 0 memtable_compaction, 0 memtable_slowdown, interval 0 total count

** File Read Latency Histogram By Level [default] **

** Compaction Stats [usertable] **
Level    Files   Size     Score Read(GB)  Rn(GB) Rnp1(GB) Write(GB) Wnew(GB) Moved(GB) W-Amp Rd(MB/s) Wr(MB/s) Comp(sec) Comp(cnt) Avg(sec) KeyIn KeyDrop
----------------------------------------------------------------------------------------------------------------------------------------------------------
  L0      3/0   309.28 MB   1.5      0.0     0.0      0.0       0.1      0.1       0.0   1.0      0.0    223.0         1         2    0.291       0      0
  L1      7/0   392.33 MB   0.8      0.0     0.0      0.0       0.0      0.0       0.0   0.0      0.0      0.0         0         0    0.000       0      0
  L2    177/0    4.99 GB   1.0      0.0     0.0      0.0       0.0      0.0       0.0   0.0      0.0      0.0         0         0    0.000       0      0
  L3    551/0   34.50 GB   0.7      0.0     0.0      0.0       0.0      0.0       0.0   0.0      0.0      0.0         0         0    0.000       0      0
 Sum    738/0   40.18 GB   0.0      0.0     0.0      0.0       0.1      0.1       0.0   1.0      0.0    223.0         1         2    0.291       0      0
 Int      0/0    0.00 KB   0.0      0.0     0.0      0.0       0.0      0.0       0.0   0.0      0.0      0.0         0         0    0.000       0      0
Uptime(secs): 1.8 total, 0.0 interval
Flush(GB): cumulative 0.127, interval 0.000
AddFile(GB): cumulative 0.000, interval 0.000
AddFile(Total Files): cumulative 0, interval 0
AddFile(L0 Files): cumulative 0, interval 0
AddFile(Keys): cumulative 0, interval 0
Cumulative compaction: 0.13 GB write, 73.15 MB/s write, 0.00 GB read, 0.00 MB/s read, 0.6 seconds
Interval compaction: 0.00 GB write, 0.00 MB/s write, 0.00 GB read, 0.00 MB/s read, 0.0 seconds
Stalls(count): 0 level0_slowdown, 0 level0_slowdown_with_compaction, 0 level0_numfiles, 0 level0_numfiles_with_compaction, 0 stop for pending_compaction_bytes, 0 slowdown for pending_compaction_bytes, 0 memtable_compaction, 0 memtable_slowdown, interval 0 total count

** File Read Latency Histogram By Level [usertable] **
2019/03/18-23:54:02.594177 7f7de27fc700 (Original Log Time 2019/03/18-23:54:02.564504) [db/db_impl_compaction_flush.cc:1835] [usertable] Moving #345 to level-1 188278304 bytes
2019/03/18-23:54:02.594181 7f7de27fc700 (Original Log Time 2019/03/18-23:54:02.594092) EVENT_LOG_v1 {"time_micros": 1552978442594080, "job": 3, "event": "trivial_move", "destination_level": 1, "files": 1, "total_files_size": 188278304}
2019/03/18-23:54:02.594183 7f7de27fc700 (Original Log Time 2019/03/18-23:54:02.594106) [db/db_impl_compaction_flush.cc:1864] [usertable] Moved #1 files to level-1 188278304 bytes OK: base level 1 max bytes base 536870912 files[2 8 177 551 0 0 0] max score 1.12
2019/03/18-23:54:02.594288 7f7de27fc700 [db/compaction_job.cc:1531] [usertable] [JOB 4] Compacting 1@1 files to L2, score 1.12
2019/03/18-23:54:02.594308 7f7de27fc700 [db/compaction_job.cc:1535] [usertable] Compaction start summary: Base version 6 Base level 1, inputs: [345(179MB)]
2019/03/18-23:54:02.594333 7f7de27fc700 EVENT_LOG_v1 {"time_micros": 1552978442594316, "job": 4, "event": "compaction_started", "compaction_reason": "LevelMaxLevelSize", "files_L1": [345], "score": 1.11696, "input_data_size": 188278304}
2019/03/18-23:54:03.407879 7f7de27fc700 [db/compaction_job.cc:1211] [usertable] [JOB 4] Generated table #1329: 16279 keys, 67233531 bytes
2019/03/18-23:54:03.407927 7f7de27fc700 EVENT_LOG_v1 {"time_micros": 1552978443407905, "cf_name": "usertable", "job": 4, "event": "table_file_creation", "file_number": 1329, "file_size": 67233531, "table_properties": {"data_size": 67120138, "index_size": 300916, "filter_size": 0, "raw_key_size": 390696, "raw_average_key_size": 24, "raw_value_size": 66678784, "raw_average_value_size": 4096, "num_data_blocks": 8140, "num_entries": 16279, "filter_policy_name": "", "kDeletedKeys": "0", "kMergeOperands": "0"}}
2019/03/18-23:54:04.150548 7f7de27fc700 [db/compaction_job.cc:1211] [usertable] [JOB 4] Generated table #1330: 16279 keys, 67233398 bytes
2019/03/18-23:54:04.150594 7f7de27fc700 EVENT_LOG_v1 {"time_micros": 1552978444150573, "cf_name": "usertable", "job": 4, "event": "table_file_creation", "file_number": 1330, "file_size": 67233398, "table_properties": {"data_size": 67118331, "index_size": 299107, "filter_size": 0, "raw_key_size": 390696, "raw_average_key_size": 24, "raw_value_size": 66678784, "raw_average_value_size": 4096, "num_data_blocks": 8140, "num_entries": 16279, "filter_policy_name": "", "kDeletedKeys": "0", "kMergeOperands": "0"}}
2019/03/18-23:54:05.085463 7f7de27fc700 [db/compaction_job.cc:1211] [usertable] [JOB 4] Generated table #1331: 12902 keys, 53286472 bytes
2019/03/18-23:54:05.085525 7f7de27fc700 EVENT_LOG_v1 {"time_micros": 1552978445085496, "cf_name": "usertable", "job": 4, "event": "table_file_creation", "file_number": 1331, "file_size": 53286472, "table_properties": {"data_size": 53196380, "index_size": 238423, "filter_size": 0, "raw_key_size": 309648, "raw_average_key_size": 24, "raw_value_size": 52846592, "raw_average_value_size": 4096, "num_data_blocks": 6451, "num_entries": 12902, "filter_policy_name": "", "kDeletedKeys": "0", "kMergeOperands": "0"}}
2019/03/18-23:54:05.085614 7f7de27fc700 [db/compaction_job.cc:1287] [usertable] [JOB 4] Compacted 1@1 files to L2 => 187753401 bytes
2019/03/18-23:54:05.116913 7f7de27fc700 (Original Log Time 2019/03/18-23:54:05.116719) [db/compaction_job.cc:685] [usertable] compacted to: base level 1 max bytes base 536870912 files[2 7 180 551 0 0 0] max score 1.03, MB/sec: 75.6 rd, 75.4 wr, level 2, files in(1, 0) out(3) MB in(179.6, 0.0) out(179.1), read-write-amplify(2.0) write-amplify(1.0) OK, records in: 45460, records dropped: 0 output_compression: LZ4
2019/03/18-23:54:05.116924 7f7de27fc700 (Original Log Time 2019/03/18-23:54:05.116791) EVENT_LOG_v1 {"time_micros": 1552978445116765, "job": 4, "event": "compaction_finished", "compaction_time_micros": 2491231, "output_level": 2, "num_output_files": 3, "total_output_size": 187753401, "num_input_records": 45460, "num_output_records": 45460, "num_subcompactions": 1, "output_compression": "LZ4", "num_single_delete_mismatches": 0, "num_single_delete_fallthrough": 0, "lsm_state": [2, 7, 180, 551, 0, 0, 0]}
2019/03/18-23:54:05.148753 7f7de27fc700 (Original Log Time 2019/03/18-23:54:05.117193) [db/db_impl_compaction_flush.cc:1835] [usertable] Moving #1329 to level-3 67233531 bytes
2019/03/18-23:54:05.148761 7f7de27fc700 (Original Log Time 2019/03/18-23:54:05.148632) EVENT_LOG_v1 {"time_micros": 1552978445148617, "job": 5, "event": "trivial_move", "destination_level": 3, "files": 1, "total_files_size": 67233531}
2019/03/18-23:54:05.148765 7f7de27fc700 (Original Log Time 2019/03/18-23:54:05.148647) [db/db_impl_compaction_flush.cc:1864] [usertable] Moved #1 files to level-3 67233531 bytes OK: base level 1 max bytes base 536870912 files[2 7 179 552 0 0 0] max score 1.02
2019/03/18-23:54:05.187195 7f7de27fc700 EVENT_LOG_v1 {"time_micros": 1552978445187185, "job": 5, "event": "table_file_deletion", "file_number": 345}
2019/03/18-23:54:05.218577 7f7e02091700 (Original Log Time 2019/03/18-23:54:05.187392) [db/db_impl_compaction_flush.cc:1835] [usertable] Moving #1330 to level-3 67233398 bytes
2019/03/18-23:54:05.218582 7f7e02091700 (Original Log Time 2019/03/18-23:54:05.218499) EVENT_LOG_v1 {"time_micros": 1552978445218485, "job": 6, "event": "trivial_move", "destination_level": 3, "files": 1, "total_files_size": 67233398}
2019/03/18-23:54:05.218584 7f7e02091700 (Original Log Time 2019/03/18-23:54:05.218513) [db/db_impl_compaction_flush.cc:1864] [usertable] Moved #1 files to level-3 67233398 bytes OK: base level 1 max bytes base 536870912 files[2 7 178 553 0 0 0] max score 1.01
2019/03/18-23:54:05.249548 7f7e02091700 (Original Log Time 2019/03/18-23:54:05.218814) [db/db_impl_compaction_flush.cc:1835] [usertable] Moving #523 to level-3 67233316 bytes
2019/03/18-23:54:05.249556 7f7e02091700 (Original Log Time 2019/03/18-23:54:05.249450) EVENT_LOG_v1 {"time_micros": 1552978445249435, "job": 7, "event": "trivial_move", "destination_level": 3, "files": 1, "total_files_size": 67233316}
2019/03/18-23:54:05.249560 7f7e02091700 (Original Log Time 2019/03/18-23:54:05.249467) [db/db_impl_compaction_flush.cc:1864] [usertable] Moved #1 files to level-3 67233316 bytes OK: base level 1 max bytes base 536870912 files[2 7 177 554 0 0 0] max score 1.00
2019/03/18-23:54:05.281500 7f7e02091700 (Original Log Time 2019/03/18-23:54:05.249861) [db/db_impl_compaction_flush.cc:1835] [usertable] Moving #1323 to level-1 129895355 bytes
2019/03/18-23:54:05.281507 7f7e02091700 (Original Log Time 2019/03/18-23:54:05.281419) EVENT_LOG_v1 {"time_micros": 1552978445281404, "job": 8, "event": "trivial_move", "destination_level": 1, "files": 1, "total_files_size": 129895355}
2019/03/18-23:54:05.281511 7f7e02091700 (Original Log Time 2019/03/18-23:54:05.281435) [db/db_impl_compaction_flush.cc:1864] [usertable] Moved #1 files to level-1 129895355 bytes OK: base level 1 max bytes base 536870912 files[1 8 177 554 0 0 0] max score 1.01
2019/03/18-23:54:05.281828 7f7e02091700 [db/compaction_job.cc:1531] [usertable] [JOB 9] Compacting 1@1 files to L2, score 1.01
2019/03/18-23:54:05.281839 7f7e02091700 [db/compaction_job.cc:1535] [usertable] Compaction start summary: Base version 11 Base level 1, inputs: [1323(123MB)]
