2019/03/22-10:07:58.337897 7f3d79aef700 RocksDB version: 5.14.3
2019/03/22-10:07:58.337959 7f3d79aef700 Git sha rocksdb_build_git_sha:
2019/03/22-10:07:58.337963 7f3d79aef700 Compile date Oct  9 2018
2019/03/22-10:07:58.337969 7f3d79aef700 DB SUMMARY
2019/03/22-10:07:58.338535 7f3d79aef700 CURRENT file:  CURRENT
2019/03/22-10:07:58.338539 7f3d79aef700 IDENTITY file:  IDENTITY
2019/03/22-10:07:58.338548 7f3d79aef700 MANIFEST file:  MANIFEST-000004 size: 131867 Bytes
2019/03/22-10:07:58.338552 7f3d79aef700 SST files in /mnt/sdf/ycsb-rocksdb-data dir, Total Num: 736, files: 000021.sst 000022.sst 000023.sst 000024.sst 000028.sst 000029.sst 000030.sst 000031.sst 000035.sst 
2019/03/22-10:07:58.338556 7f3d79aef700 Write Ahead Log file in /mnt/sdf/ycsb-rocksdb-data: 001359.log size: 113554029 ; 001365.log size: 41633562 ; 
2019/03/22-10:07:58.338582 7f3d79aef700                         Options.error_if_exists: 0
2019/03/22-10:07:58.338583 7f3d79aef700                       Options.create_if_missing: 1
2019/03/22-10:07:58.338584 7f3d79aef700                         Options.paranoid_checks: 1
2019/03/22-10:07:58.338585 7f3d79aef700                                     Options.env: 0x7f3d7916a080
2019/03/22-10:07:58.338586 7f3d79aef700                                Options.info_log: 0x7f3c943fac30
2019/03/22-10:07:58.338587 7f3d79aef700                Options.max_file_opening_threads: 16
2019/03/22-10:07:58.338588 7f3d79aef700                              Options.statistics: (nil)
2019/03/22-10:07:58.338589 7f3d79aef700                               Options.use_fsync: 0
2019/03/22-10:07:58.338590 7f3d79aef700                       Options.max_log_file_size: 0
2019/03/22-10:07:58.338591 7f3d79aef700                  Options.max_manifest_file_size: 18446744073709551615
2019/03/22-10:07:58.338592 7f3d79aef700                   Options.log_file_time_to_roll: 0
2019/03/22-10:07:58.338593 7f3d79aef700                       Options.keep_log_file_num: 1000
2019/03/22-10:07:58.338594 7f3d79aef700                    Options.recycle_log_file_num: 0
2019/03/22-10:07:58.338595 7f3d79aef700                         Options.allow_fallocate: 1
2019/03/22-10:07:58.338596 7f3d79aef700                        Options.allow_mmap_reads: 0
2019/03/22-10:07:58.338597 7f3d79aef700                       Options.allow_mmap_writes: 0
2019/03/22-10:07:58.338598 7f3d79aef700                        Options.use_direct_reads: 0
2019/03/22-10:07:58.338599 7f3d79aef700                        Options.use_direct_io_for_flush_and_compaction: 0
2019/03/22-10:07:58.338600 7f3d79aef700          Options.create_missing_column_families: 1
2019/03/22-10:07:58.338601 7f3d79aef700                              Options.db_log_dir: 
2019/03/22-10:07:58.338602 7f3d79aef700                                 Options.wal_dir: /mnt/sdf/ycsb-rocksdb-data
2019/03/22-10:07:58.338603 7f3d79aef700                Options.table_cache_numshardbits: 6
2019/03/22-10:07:58.338603 7f3d79aef700                      Options.max_subcompactions: 4
2019/03/22-10:07:58.338604 7f3d79aef700                  Options.max_background_flushes: 24
2019/03/22-10:07:58.338605 7f3d79aef700                         Options.WAL_ttl_seconds: 0
2019/03/22-10:07:58.338606 7f3d79aef700                       Options.WAL_size_limit_MB: 0
2019/03/22-10:07:58.338607 7f3d79aef700             Options.manifest_preallocation_size: 4194304
2019/03/22-10:07:58.338608 7f3d79aef700                     Options.is_fd_close_on_exec: 1
2019/03/22-10:07:58.338609 7f3d79aef700                   Options.advise_random_on_open: 1
2019/03/22-10:07:58.338610 7f3d79aef700                    Options.db_write_buffer_size: 0
2019/03/22-10:07:58.338611 7f3d79aef700                    Options.write_buffer_manager: 0x7f3c943f5640
2019/03/22-10:07:58.338612 7f3d79aef700         Options.access_hint_on_compaction_start: 1
2019/03/22-10:07:58.338613 7f3d79aef700  Options.new_table_reader_for_compaction_inputs: 0
2019/03/22-10:07:58.338614 7f3d79aef700           Options.random_access_max_buffer_size: 1048576
2019/03/22-10:07:58.338615 7f3d79aef700                      Options.use_adaptive_mutex: 0
2019/03/22-10:07:58.338616 7f3d79aef700                            Options.rate_limiter: (nil)
2019/03/22-10:07:58.338635 7f3d79aef700     Options.sst_file_manager.rate_bytes_per_sec: 0
2019/03/22-10:07:58.338637 7f3d79aef700                       Options.wal_recovery_mode: 2
2019/03/22-10:07:58.338637 7f3d79aef700                  Options.enable_thread_tracking: 0
2019/03/22-10:07:58.338638 7f3d79aef700                  Options.enable_pipelined_write: 1
2019/03/22-10:07:58.338639 7f3d79aef700         Options.allow_concurrent_memtable_write: 1
2019/03/22-10:07:58.338640 7f3d79aef700      Options.enable_write_thread_adaptive_yield: 1
2019/03/22-10:07:58.338641 7f3d79aef700             Options.write_thread_max_yield_usec: 100
2019/03/22-10:07:58.338642 7f3d79aef700            Options.write_thread_slow_yield_usec: 3
2019/03/22-10:07:58.338643 7f3d79aef700                               Options.row_cache: None
2019/03/22-10:07:58.338644 7f3d79aef700                              Options.wal_filter: None
2019/03/22-10:07:58.338645 7f3d79aef700             Options.avoid_flush_during_recovery: 0
2019/03/22-10:07:58.338646 7f3d79aef700             Options.allow_ingest_behind: 0
2019/03/22-10:07:58.338647 7f3d79aef700             Options.preserve_deletes: 0
2019/03/22-10:07:58.338648 7f3d79aef700             Options.two_write_queues: 0
2019/03/22-10:07:58.338649 7f3d79aef700             Options.manual_wal_flush: 0
2019/03/22-10:07:58.338650 7f3d79aef700             Options.max_background_jobs: 24
2019/03/22-10:07:58.338651 7f3d79aef700             Options.max_background_compactions: 24
2019/03/22-10:07:58.338652 7f3d79aef700             Options.avoid_flush_during_shutdown: 0
2019/03/22-10:07:58.338653 7f3d79aef700           Options.writable_file_max_buffer_size: 1048576
2019/03/22-10:07:58.338654 7f3d79aef700             Options.delayed_write_rate : 16777216
2019/03/22-10:07:58.338655 7f3d79aef700             Options.max_total_wal_size: 0
2019/03/22-10:07:58.338656 7f3d79aef700             Options.delete_obsolete_files_period_micros: 21600000000
2019/03/22-10:07:58.338657 7f3d79aef700                   Options.stats_dump_period_sec: 60
2019/03/22-10:07:58.338658 7f3d79aef700                          Options.max_open_files: -1
2019/03/22-10:07:58.338659 7f3d79aef700                          Options.bytes_per_sync: 1048576
2019/03/22-10:07:58.338660 7f3d79aef700                      Options.wal_bytes_per_sync: 0
2019/03/22-10:07:58.338661 7f3d79aef700       Options.compaction_readahead_size: 0
2019/03/22-10:07:58.338662 7f3d79aef700 Compression algorithms supported:
2019/03/22-10:07:58.338663 7f3d79aef700 	kZSTDNotFinalCompression supported: 1
2019/03/22-10:07:58.338670 7f3d79aef700 	kZSTD supported: 1
2019/03/22-10:07:58.338671 7f3d79aef700 	kXpressCompression supported: 0
2019/03/22-10:07:58.338672 7f3d79aef700 	kLZ4HCCompression supported: 1
2019/03/22-10:07:58.338673 7f3d79aef700 	kLZ4Compression supported: 1
2019/03/22-10:07:58.338674 7f3d79aef700 	kBZip2Compression supported: 1
2019/03/22-10:07:58.338675 7f3d79aef700 	kZlibCompression supported: 1
2019/03/22-10:07:58.338676 7f3d79aef700 	kSnappyCompression supported: 1
2019/03/22-10:07:58.338679 7f3d79aef700 Fast CRC32 supported: Not supported on x86
2019/03/22-10:07:58.339197 7f3d79aef700 [db/version_set.cc:3085] Recovering from manifest file: MANIFEST-000004
2019/03/22-10:07:58.339334 7f3d79aef700 [db/column_family.cc:475] --------------- Options for column family [default]:
2019/03/22-10:07:58.339337 7f3d79aef700               Options.comparator: leveldb.BytewiseComparator
2019/03/22-10:07:58.339338 7f3d79aef700           Options.merge_operator: None
2019/03/22-10:07:58.339339 7f3d79aef700        Options.compaction_filter: None
2019/03/22-10:07:58.339340 7f3d79aef700        Options.compaction_filter_factory: None
2019/03/22-10:07:58.339341 7f3d79aef700         Options.memtable_factory: SkipListFactory
2019/03/22-10:07:58.339342 7f3d79aef700            Options.table_factory: BlockBasedTable
2019/03/22-10:07:58.339363 7f3d79aef700            table_factory options:   flush_block_policy_factory: FlushBlockBySizePolicyFactory (0x7f3c943f46c0)
  cache_index_and_filter_blocks: 0
  cache_index_and_filter_blocks_with_high_priority: 0
  pin_l0_filter_and_index_blocks_in_cache: 0
  index_type: 0
  hash_index_allow_collision: 1
  checksum: 1
  no_block_cache: 0
  block_cache: 0x7f3c943e65b0
  block_cache_name: LRUCache
  block_cache_options:
    capacity : 8388608
    num_shard_bits : 4
    strict_capacity_limit : 0
    high_pri_pool_ratio: 0.000
  block_cache_compressed: (nil)
  persistent_cache: (nil)
  block_size: 8192
  block_size_deviation: 10
  block_restart_interval: 16
  index_block_restart_interval: 1
  metadata_block_size: 4096
  partition_filters: 0
  use_delta_encoding: 1
  filter_policy: nullptr
  whole_key_filtering: 1
  verify_compression: 0
  read_amp_bytes_per_bit: 0
  format_version: 2
  enable_index_compression: 1
  block_align: 0
2019/03/22-10:07:58.339376 7f3d79aef700        Options.write_buffer_size: 134217728
2019/03/22-10:07:58.339377 7f3d79aef700  Options.max_write_buffer_number: 24
2019/03/22-10:07:58.339379 7f3d79aef700        Options.compression[0]: NoCompression
2019/03/22-10:07:58.339380 7f3d79aef700        Options.compression[1]: NoCompression
2019/03/22-10:07:58.339381 7f3d79aef700        Options.compression[2]: LZ4
2019/03/22-10:07:58.339382 7f3d79aef700        Options.compression[3]: LZ4
2019/03/22-10:07:58.339383 7f3d79aef700        Options.compression[4]: LZ4
2019/03/22-10:07:58.339384 7f3d79aef700        Options.compression[5]: LZ4
2019/03/22-10:07:58.339385 7f3d79aef700        Options.compression[6]: LZ4
2019/03/22-10:07:58.339386 7f3d79aef700                  Options.bottommost_compression: Disabled
2019/03/22-10:07:58.339387 7f3d79aef700       Options.prefix_extractor: nullptr
2019/03/22-10:07:58.339388 7f3d79aef700   Options.memtable_insert_with_hint_prefix_extractor: nullptr
2019/03/22-10:07:58.339389 7f3d79aef700             Options.num_levels: 7
2019/03/22-10:07:58.339390 7f3d79aef700        Options.min_write_buffer_number_to_merge: 2
2019/03/22-10:07:58.339391 7f3d79aef700     Options.max_write_buffer_number_to_maintain: 0
2019/03/22-10:07:58.339392 7f3d79aef700            Options.compression_opts.window_bits: -14
2019/03/22-10:07:58.339393 7f3d79aef700                  Options.compression_opts.level: -1
2019/03/22-10:07:58.339394 7f3d79aef700               Options.compression_opts.strategy: 0
2019/03/22-10:07:58.339395 7f3d79aef700         Options.compression_opts.max_dict_bytes: 0
2019/03/22-10:07:58.339396 7f3d79aef700         Options.compression_opts.zstd_max_train_bytes: 0
2019/03/22-10:07:58.339397 7f3d79aef700      Options.level0_file_num_compaction_trigger: 2
2019/03/22-10:07:58.339397 7f3d79aef700          Options.level0_slowdown_writes_trigger: 20
2019/03/22-10:07:58.339398 7f3d79aef700              Options.level0_stop_writes_trigger: 36
2019/03/22-10:07:58.339399 7f3d79aef700                   Options.target_file_size_base: 67108864
2019/03/22-10:07:58.339400 7f3d79aef700             Options.target_file_size_multiplier: 1
2019/03/22-10:07:58.339401 7f3d79aef700                Options.max_bytes_for_level_base: 536870912
2019/03/22-10:07:58.339402 7f3d79aef700 Options.level_compaction_dynamic_level_bytes: 0
2019/03/22-10:07:58.339403 7f3d79aef700          Options.max_bytes_for_level_multiplier: 10.000000
2019/03/22-10:07:58.339406 7f3d79aef700 Options.max_bytes_for_level_multiplier_addtl[0]: 1
2019/03/22-10:07:58.339407 7f3d79aef700 Options.max_bytes_for_level_multiplier_addtl[1]: 1
2019/03/22-10:07:58.339408 7f3d79aef700 Options.max_bytes_for_level_multiplier_addtl[2]: 1
2019/03/22-10:07:58.339409 7f3d79aef700 Options.max_bytes_for_level_multiplier_addtl[3]: 1
2019/03/22-10:07:58.339410 7f3d79aef700 Options.max_bytes_for_level_multiplier_addtl[4]: 1
2019/03/22-10:07:58.339411 7f3d79aef700 Options.max_bytes_for_level_multiplier_addtl[5]: 1
2019/03/22-10:07:58.339411 7f3d79aef700 Options.max_bytes_for_level_multiplier_addtl[6]: 1
2019/03/22-10:07:58.339412 7f3d79aef700       Options.max_sequential_skip_in_iterations: 8
2019/03/22-10:07:58.339413 7f3d79aef700                    Options.max_compaction_bytes: 1677721600
2019/03/22-10:07:58.339420 7f3d79aef700                        Options.arena_block_size: 16777216
2019/03/22-10:07:58.339421 7f3d79aef700   Options.soft_pending_compaction_bytes_limit: 68719476736
2019/03/22-10:07:58.339422 7f3d79aef700   Options.hard_pending_compaction_bytes_limit: 274877906944
2019/03/22-10:07:58.339423 7f3d79aef700       Options.rate_limit_delay_max_milliseconds: 100
2019/03/22-10:07:58.339424 7f3d79aef700                Options.disable_auto_compactions: 0
2019/03/22-10:07:58.339425 7f3d79aef700                        Options.compaction_style: kCompactionStyleLevel
2019/03/22-10:07:58.339427 7f3d79aef700                          Options.compaction_pri: kByCompensatedSize
2019/03/22-10:07:58.339427 7f3d79aef700 Options.compaction_options_universal.size_ratio: 1
2019/03/22-10:07:58.339428 7f3d79aef700 Options.compaction_options_universal.min_merge_width: 2
2019/03/22-10:07:58.339429 7f3d79aef700 Options.compaction_options_universal.max_merge_width: 4294967295
2019/03/22-10:07:58.339430 7f3d79aef700 Options.compaction_options_universal.max_size_amplification_percent: 200
2019/03/22-10:07:58.339431 7f3d79aef700 Options.compaction_options_universal.compression_size_percent: -1
2019/03/22-10:07:58.339432 7f3d79aef700 Options.compaction_options_universal.stop_style: kCompactionStopStyleTotalSize
2019/03/22-10:07:58.339433 7f3d79aef700 Options.compaction_options_fifo.max_table_files_size: 1073741824
2019/03/22-10:07:58.339434 7f3d79aef700 Options.compaction_options_fifo.allow_compaction: 0
2019/03/22-10:07:58.339435 7f3d79aef700 Options.compaction_options_fifo.ttl: 0
2019/03/22-10:07:58.339436 7f3d79aef700                   Options.table_properties_collectors: 
2019/03/22-10:07:58.339437 7f3d79aef700                   Options.inplace_update_support: 0
2019/03/22-10:07:58.339438 7f3d79aef700                 Options.inplace_update_num_locks: 10000
2019/03/22-10:07:58.339439 7f3d79aef700               Options.memtable_prefix_bloom_size_ratio: 0.000000
2019/03/22-10:07:58.339440 7f3d79aef700   Options.memtable_huge_page_size: 0
2019/03/22-10:07:58.339441 7f3d79aef700                           Options.bloom_locality: 0
2019/03/22-10:07:58.339442 7f3d79aef700                    Options.max_successive_merges: 0
2019/03/22-10:07:58.339443 7f3d79aef700                Options.optimize_filters_for_hits: 0
2019/03/22-10:07:58.339444 7f3d79aef700                Options.paranoid_file_checks: 0
2019/03/22-10:07:58.339445 7f3d79aef700                Options.force_consistency_checks: 0
2019/03/22-10:07:58.339446 7f3d79aef700                Options.report_bg_io_stats: 0
2019/03/22-10:07:58.339447 7f3d79aef700                               Options.ttl: 0
2019/03/22-10:07:58.339898 7f3d79aef700 [db/column_family.cc:475] --------------- Options for column family [usertable]:
2019/03/22-10:07:58.339901 7f3d79aef700               Options.comparator: leveldb.BytewiseComparator
2019/03/22-10:07:58.339902 7f3d79aef700           Options.merge_operator: None
2019/03/22-10:07:58.339903 7f3d79aef700        Options.compaction_filter: None
2019/03/22-10:07:58.339904 7f3d79aef700        Options.compaction_filter_factory: None
2019/03/22-10:07:58.339905 7f3d79aef700         Options.memtable_factory: SkipListFactory
2019/03/22-10:07:58.339906 7f3d79aef700            Options.table_factory: BlockBasedTable
2019/03/22-10:07:58.339929 7f3d79aef700            table_factory options:   flush_block_policy_factory: FlushBlockBySizePolicyFactory (0x7f3c943f0f70)
  cache_index_and_filter_blocks: 0
  cache_index_and_filter_blocks_with_high_priority: 0
  pin_l0_filter_and_index_blocks_in_cache: 0
  index_type: 0
  hash_index_allow_collision: 1
  checksum: 1
  no_block_cache: 0
  block_cache: 0x7f3c943f5f70
  block_cache_name: LRUCache
  block_cache_options:
    capacity : 8388608
    num_shard_bits : 4
    strict_capacity_limit : 0
    high_pri_pool_ratio: 0.000
  block_cache_compressed: (nil)
  persistent_cache: (nil)
  block_size: 8192
  block_size_deviation: 10
  block_restart_interval: 16
  index_block_restart_interval: 1
  metadata_block_size: 4096
  partition_filters: 0
  use_delta_encoding: 1
  filter_policy: nullptr
  whole_key_filtering: 1
  verify_compression: 0
  read_amp_bytes_per_bit: 0
  format_version: 2
  enable_index_compression: 1
  block_align: 0
2019/03/22-10:07:58.339941 7f3d79aef700        Options.write_buffer_size: 134217728
2019/03/22-10:07:58.339943 7f3d79aef700  Options.max_write_buffer_number: 24
2019/03/22-10:07:58.339944 7f3d79aef700        Options.compression[0]: NoCompression
2019/03/22-10:07:58.339946 7f3d79aef700        Options.compression[1]: NoCompression
2019/03/22-10:07:58.339947 7f3d79aef700        Options.compression[2]: LZ4
2019/03/22-10:07:58.339948 7f3d79aef700        Options.compression[3]: LZ4
2019/03/22-10:07:58.339949 7f3d79aef700        Options.compression[4]: LZ4
2019/03/22-10:07:58.339950 7f3d79aef700        Options.compression[5]: LZ4
2019/03/22-10:07:58.339951 7f3d79aef700        Options.compression[6]: LZ4
2019/03/22-10:07:58.339952 7f3d79aef700                  Options.bottommost_compression: Disabled
2019/03/22-10:07:58.339953 7f3d79aef700       Options.prefix_extractor: nullptr
2019/03/22-10:07:58.339954 7f3d79aef700   Options.memtable_insert_with_hint_prefix_extractor: nullptr
2019/03/22-10:07:58.339955 7f3d79aef700             Options.num_levels: 7
2019/03/22-10:07:58.339956 7f3d79aef700        Options.min_write_buffer_number_to_merge: 2
2019/03/22-10:07:58.339970 7f3d79aef700     Options.max_write_buffer_number_to_maintain: 0
2019/03/22-10:07:58.339971 7f3d79aef700            Options.compression_opts.window_bits: -14
2019/03/22-10:07:58.339971 7f3d79aef700                  Options.compression_opts.level: -1
2019/03/22-10:07:58.339972 7f3d79aef700               Options.compression_opts.strategy: 0
2019/03/22-10:07:58.339973 7f3d79aef700         Options.compression_opts.max_dict_bytes: 0
2019/03/22-10:07:58.339974 7f3d79aef700         Options.compression_opts.zstd_max_train_bytes: 0
2019/03/22-10:07:58.339975 7f3d79aef700      Options.level0_file_num_compaction_trigger: 2
2019/03/22-10:07:58.339976 7f3d79aef700          Options.level0_slowdown_writes_trigger: 20
2019/03/22-10:07:58.339977 7f3d79aef700              Options.level0_stop_writes_trigger: 36
2019/03/22-10:07:58.339978 7f3d79aef700                   Options.target_file_size_base: 67108864
2019/03/22-10:07:58.339979 7f3d79aef700             Options.target_file_size_multiplier: 1
2019/03/22-10:07:58.339980 7f3d79aef700                Options.max_bytes_for_level_base: 536870912
2019/03/22-10:07:58.339980 7f3d79aef700 Options.level_compaction_dynamic_level_bytes: 0
2019/03/22-10:07:58.339981 7f3d79aef700          Options.max_bytes_for_level_multiplier: 10.000000
2019/03/22-10:07:58.339983 7f3d79aef700 Options.max_bytes_for_level_multiplier_addtl[0]: 1
2019/03/22-10:07:58.339985 7f3d79aef700 Options.max_bytes_for_level_multiplier_addtl[1]: 1
2019/03/22-10:07:58.339986 7f3d79aef700 Options.max_bytes_for_level_multiplier_addtl[2]: 1
2019/03/22-10:07:58.339986 7f3d79aef700 Options.max_bytes_for_level_multiplier_addtl[3]: 1
2019/03/22-10:07:58.339987 7f3d79aef700 Options.max_bytes_for_level_multiplier_addtl[4]: 1
2019/03/22-10:07:58.339988 7f3d79aef700 Options.max_bytes_for_level_multiplier_addtl[5]: 1
2019/03/22-10:07:58.339989 7f3d79aef700 Options.max_bytes_for_level_multiplier_addtl[6]: 1
2019/03/22-10:07:58.339990 7f3d79aef700       Options.max_sequential_skip_in_iterations: 8
2019/03/22-10:07:58.339991 7f3d79aef700                    Options.max_compaction_bytes: 1677721600
2019/03/22-10:07:58.339992 7f3d79aef700                        Options.arena_block_size: 16777216
2019/03/22-10:07:58.339993 7f3d79aef700   Options.soft_pending_compaction_bytes_limit: 68719476736
2019/03/22-10:07:58.339994 7f3d79aef700   Options.hard_pending_compaction_bytes_limit: 274877906944
2019/03/22-10:07:58.339995 7f3d79aef700       Options.rate_limit_delay_max_milliseconds: 100
2019/03/22-10:07:58.339996 7f3d79aef700                Options.disable_auto_compactions: 0
2019/03/22-10:07:58.339997 7f3d79aef700                        Options.compaction_style: kCompactionStyleLevel
2019/03/22-10:07:58.340005 7f3d79aef700                          Options.compaction_pri: kByCompensatedSize
2019/03/22-10:07:58.340006 7f3d79aef700 Options.compaction_options_universal.size_ratio: 1
2019/03/22-10:07:58.340007 7f3d79aef700 Options.compaction_options_universal.min_merge_width: 2
2019/03/22-10:07:58.340008 7f3d79aef700 Options.compaction_options_universal.max_merge_width: 4294967295
2019/03/22-10:07:58.340009 7f3d79aef700 Options.compaction_options_universal.max_size_amplification_percent: 200
2019/03/22-10:07:58.340010 7f3d79aef700 Options.compaction_options_universal.compression_size_percent: -1
2019/03/22-10:07:58.340011 7f3d79aef700 Options.compaction_options_universal.stop_style: kCompactionStopStyleTotalSize
2019/03/22-10:07:58.340012 7f3d79aef700 Options.compaction_options_fifo.max_table_files_size: 1073741824
2019/03/22-10:07:58.340013 7f3d79aef700 Options.compaction_options_fifo.allow_compaction: 0
2019/03/22-10:07:58.340014 7f3d79aef700 Options.compaction_options_fifo.ttl: 0
2019/03/22-10:07:58.340015 7f3d79aef700                   Options.table_properties_collectors: 
2019/03/22-10:07:58.340016 7f3d79aef700                   Options.inplace_update_support: 0
2019/03/22-10:07:58.340016 7f3d79aef700                 Options.inplace_update_num_locks: 10000
2019/03/22-10:07:58.340017 7f3d79aef700               Options.memtable_prefix_bloom_size_ratio: 0.000000
2019/03/22-10:07:58.340019 7f3d79aef700   Options.memtable_huge_page_size: 0
2019/03/22-10:07:58.340020 7f3d79aef700                           Options.bloom_locality: 0
2019/03/22-10:07:58.340021 7f3d79aef700                    Options.max_successive_merges: 0
2019/03/22-10:07:58.340022 7f3d79aef700                Options.optimize_filters_for_hits: 0
2019/03/22-10:07:58.340022 7f3d79aef700                Options.paranoid_file_checks: 0
2019/03/22-10:07:58.340023 7f3d79aef700                Options.force_consistency_checks: 0
2019/03/22-10:07:58.340024 7f3d79aef700                Options.report_bg_io_stats: 0
2019/03/22-10:07:58.340025 7f3d79aef700                               Options.ttl: 0
2019/03/22-10:07:58.907035 7f3d79aef700 [db/version_set.cc:3361] Recovered from manifest file:/mnt/sdf/ycsb-rocksdb-data/MANIFEST-000004 succeeded,manifest_file_number is 4, next_file_number is 1366, last_sequence is 10424629, log_number is 0,prev_log_number is 0,max_column_family is 1,min_log_number_to_keep is 0
2019/03/22-10:07:58.907046 7f3d79aef700 [db/version_set.cc:3369] Column family [default] (ID 0), log number is 0
2019/03/22-10:07:58.907048 7f3d79aef700 [db/version_set.cc:3369] Column family [usertable] (ID 1), log number is 1359
2019/03/22-10:07:58.909098 7f3d79aef700 EVENT_LOG_v1 {"time_micros": 1553274478909079, "job": 1, "event": "recovery_started", "log_files": [1359, 1365]}
2019/03/22-10:07:58.909108 7f3d79aef700 [db/db_impl_open.cc:551] Recovering log #1359 mode 2
2019/03/22-10:07:59.264847 7f3d79aef700 [db/db_impl_open.cc:551] Recovering log #1365 mode 2
2019/03/22-10:07:59.822253 7f3d79aef700 EVENT_LOG_v1 {"time_micros": 1553274479822226, "cf_name": "usertable", "job": 1, "event": "table_file_creation", "file_number": 1366, "file_size": 129895354, "table_properties": {"data_size": 129317909, "index_size": 576523, "filter_size": 0, "raw_key_size": 752760, "raw_average_key_size": 24, "raw_value_size": 128471040, "raw_average_value_size": 4096, "num_data_blocks": 15683, "num_entries": 31365, "filter_policy_name": "", "kDeletedKeys": "0", "kMergeOperands": "0"}}
2019/03/22-10:07:59.906269 7f3d79aef700 [db/version_set.cc:2847] Creating manifest 1367
2019/03/22-10:08:00.090079 7f3d79aef700 EVENT_LOG_v1 {"time_micros": 1553274480090051, "cf_name": "usertable", "job": 1, "event": "table_file_creation", "file_number": 1368, "file_size": 25479848, "table_properties": {"data_size": 25365379, "index_size": 113548, "filter_size": 0, "raw_key_size": 147648, "raw_average_key_size": 24, "raw_value_size": 25198592, "raw_average_value_size": 4096, "num_data_blocks": 3076, "num_entries": 6152, "filter_policy_name": "", "kDeletedKeys": "0", "kMergeOperands": "0"}}
2019/03/22-10:08:00.118850 7f3d79aef700 EVENT_LOG_v1 {"time_micros": 1553274480118843, "job": 1, "event": "recovery_finished"}
2019/03/22-10:08:00.179661 7f3d79aef700 [db/db_impl_open.cc:1219] DB pointer 0x7f3c943f31a0
2019/03/22-10:08:00.179982 7f3d7886f700 [WARN] [db/db_impl.cc:491] ------- DUMPING STATS -------
2019/03/22-10:08:00.180032 7f3d7886f700 [WARN] [db/db_impl.cc:492] 
** DB Stats **
Uptime(secs): 1.8 total, 1.8 interval
Cumulative writes: 0 writes, 0 keys, 0 commit groups, 0.0 writes per commit group, ingest: 0.00 GB, 0.00 MB/s
Cumulative WAL: 0 writes, 0 syncs, 0.00 writes per sync, written: 0.00 GB, 0.00 MB/s
Cumulative stall: 00:00:0.000 H:M:S, 0.0 percent
Interval writes: 0 writes, 0 keys, 0 commit groups, 0.0 writes per commit group, ingest: 0.00 MB, 0.00 MB/s
Interval WAL: 0 writes, 0 syncs, 0.00 writes per sync, written: 0.00 MB, 0.00 MB/s
Interval stall: 00:00:0.000 H:M:S, 0.0 percent

** Compaction Stats [default] **
Level    Files   Size     Score Read(GB)  Rn(GB) Rnp1(GB) Write(GB) Wnew(GB) Moved(GB) W-Amp Rd(MB/s) Wr(MB/s) Comp(sec) Comp(cnt) Avg(sec) KeyIn KeyDrop
----------------------------------------------------------------------------------------------------------------------------------------------------------
 Sum      0/0    0.00 KB   0.0      0.0     0.0      0.0       0.0      0.0       0.0   0.0      0.0      0.0         0         0    0.000       0      0
 Int      0/0    0.00 KB   0.0      0.0     0.0      0.0       0.0      0.0       0.0   0.0      0.0      0.0         0         0    0.000       0      0
Uptime(secs): 1.8 total, 1.8 interval
Flush(GB): cumulative 0.000, interval 0.000
AddFile(GB): cumulative 0.000, interval 0.000
AddFile(Total Files): cumulative 0, interval 0
AddFile(L0 Files): cumulative 0, interval 0
AddFile(Keys): cumulative 0, interval 0
Cumulative compaction: 0.00 GB write, 0.00 MB/s write, 0.00 GB read, 0.00 MB/s read, 0.0 seconds
Interval compaction: 0.00 GB write, 0.00 MB/s write, 0.00 GB read, 0.00 MB/s read, 0.0 seconds
Stalls(count): 0 level0_slowdown, 0 level0_slowdown_with_compaction, 0 level0_numfiles, 0 level0_numfiles_with_compaction, 0 stop for pending_compaction_bytes, 0 slowdown for pending_compaction_bytes, 0 memtable_compaction, 0 memtable_slowdown, interval 0 total count

** File Read Latency Histogram By Level [default] **

** Compaction Stats [usertable] **
Level    Files   Size     Score Read(GB)  Rn(GB) Rnp1(GB) Write(GB) Wnew(GB) Moved(GB) W-Amp Rd(MB/s) Wr(MB/s) Comp(sec) Comp(cnt) Avg(sec) KeyIn KeyDrop
----------------------------------------------------------------------------------------------------------------------------------------------------------
  L0      3/0   347.70 MB   1.5      0.0     0.0      0.0       0.1      0.1       0.0   1.0      0.0    232.9         1         2    0.318       0      0
  L1     10/0   492.49 MB   1.0      0.0     0.0      0.0       0.0      0.0       0.0   0.0      0.0      0.0         0         0    0.000       0      0
  L2    176/0    4.98 GB   1.0      0.0     0.0      0.0       0.0      0.0       0.0   0.0      0.0      0.0         0         0    0.000       0      0
  L3    549/0   34.38 GB   0.7      0.0     0.0      0.0       0.0      0.0       0.0   0.0      0.0      0.0         0         0    0.000       0      0
 Sum    738/0   40.18 GB   0.0      0.0     0.0      0.0       0.1      0.1       0.0   1.0      0.0    232.9         1         2    0.318       0      0
 Int      0/0    0.00 KB   0.0      0.0     0.0      0.0       0.1      0.1       0.0   1.0      0.0    232.9         1         2    0.318       0      0
Uptime(secs): 1.8 total, 1.8 interval
Flush(GB): cumulative 0.145, interval 0.145
AddFile(GB): cumulative 0.000, interval 0.000
AddFile(Total Files): cumulative 0, interval 0
AddFile(L0 Files): cumulative 0, interval 0
AddFile(Keys): cumulative 0, interval 0
Cumulative compaction: 0.14 GB write, 80.53 MB/s write, 0.00 GB read, 0.00 MB/s read, 0.6 seconds
Interval compaction: 0.14 GB write, 80.53 MB/s write, 0.00 GB read, 0.00 MB/s read, 0.6 seconds
Stalls(count): 0 level0_slowdown, 0 level0_slowdown_with_compaction, 0 level0_numfiles, 0 level0_numfiles_with_compaction, 0 stop for pending_compaction_bytes, 0 slowdown for pending_compaction_bytes, 0 memtable_compaction, 0 memtable_slowdown, interval 0 total count

** File Read Latency Histogram By Level [usertable] **

** Compaction Stats [default] **
Level    Files   Size     Score Read(GB)  Rn(GB) Rnp1(GB) Write(GB) Wnew(GB) Moved(GB) W-Amp Rd(MB/s) Wr(MB/s) Comp(sec) Comp(cnt) Avg(sec) KeyIn KeyDrop
----------------------------------------------------------------------------------------------------------------------------------------------------------
 Sum      0/0    0.00 KB   0.0      0.0     0.0      0.0       0.0      0.0       0.0   0.0      0.0      0.0         0         0    0.000       0      0
 Int      0/0    0.00 KB   0.0      0.0     0.0      0.0       0.0      0.0       0.0   0.0      0.0      0.0         0         0    0.000       0      0
Uptime(secs): 1.8 total, 0.0 interval
Flush(GB): cumulative 0.000, interval 0.000
AddFile(GB): cumulative 0.000, interval 0.000
AddFile(Total Files): cumulative 0, interval 0
AddFile(L0 Files): cumulative 0, interval 0
AddFile(Keys): cumulative 0, interval 0
Cumulative compaction: 0.00 GB write, 0.00 MB/s write, 0.00 GB read, 0.00 MB/s read, 0.0 seconds
Interval compaction: 0.00 GB write, 0.00 MB/s write, 0.00 GB read, 0.00 MB/s read, 0.0 seconds
Stalls(count): 0 level0_slowdown, 0 level0_slowdown_with_compaction, 0 level0_numfiles, 0 level0_numfiles_with_compaction, 0 stop for pending_compaction_bytes, 0 slowdown for pending_compaction_bytes, 0 memtable_compaction, 0 memtable_slowdown, interval 0 total count

** File Read Latency Histogram By Level [default] **

** Compaction Stats [usertable] **
Level    Files   Size     Score Read(GB)  Rn(GB) Rnp1(GB) Write(GB) Wnew(GB) Moved(GB) W-Amp Rd(MB/s) Wr(MB/s) Comp(sec) Comp(cnt) Avg(sec) KeyIn KeyDrop
----------------------------------------------------------------------------------------------------------------------------------------------------------
  L0      3/0   347.70 MB   1.5      0.0     0.0      0.0       0.1      0.1       0.0   1.0      0.0    232.9         1         2    0.318       0      0
  L1     10/0   492.49 MB   1.0      0.0     0.0      0.0       0.0      0.0       0.0   0.0      0.0      0.0         0         0    0.000       0      0
  L2    176/0    4.98 GB   1.0      0.0     0.0      0.0       0.0      0.0       0.0   0.0      0.0      0.0         0         0    0.000       0      0
  L3    549/0   34.38 GB   0.7      0.0     0.0      0.0       0.0      0.0       0.0   0.0      0.0      0.0         0         0    0.000       0      0
 Sum    738/0   40.18 GB   0.0      0.0     0.0      0.0       0.1      0.1       0.0   1.0      0.0    232.9         1         2    0.318       0      0
 Int      0/0    0.00 KB   0.0      0.0     0.0      0.0       0.0      0.0       0.0   0.0      0.0      0.0         0         0    0.000       0      0
Uptime(secs): 1.8 total, 0.0 interval
Flush(GB): cumulative 0.145, interval 0.000
AddFile(GB): cumulative 0.000, interval 0.000
AddFile(Total Files): cumulative 0, interval 0
AddFile(L0 Files): cumulative 0, interval 0
AddFile(Keys): cumulative 0, interval 0
Cumulative compaction: 0.14 GB write, 80.53 MB/s write, 0.00 GB read, 0.00 MB/s read, 0.6 seconds
Interval compaction: 0.00 GB write, 0.00 MB/s write, 0.00 GB read, 0.00 MB/s read, 0.0 seconds
Stalls(count): 0 level0_slowdown, 0 level0_slowdown_with_compaction, 0 level0_numfiles, 0 level0_numfiles_with_compaction, 0 stop for pending_compaction_bytes, 0 slowdown for pending_compaction_bytes, 0 memtable_compaction, 0 memtable_slowdown, interval 0 total count

** File Read Latency Histogram By Level [usertable] **
2019/03/22-10:08:00.180197 7f3d7886f700 [db/compaction_job.cc:1531] [usertable] [JOB 3] Compacting 1@0 files to L1, score 1.50
2019/03/22-10:08:00.180204 7f3d7886f700 [db/compaction_job.cc:1535] [usertable] Compaction start summary: Base version 5 Base level 0, inputs: [961(199MB)]
2019/03/22-10:08:00.180236 7f3d7886f700 EVENT_LOG_v1 {"time_micros": 1553274480180218, "job": 3, "event": "compaction_started", "compaction_reason": "LevelL0FilesNum", "files_L0": [961], "score": 1.5, "input_data_size": 209219520}
2019/03/22-10:08:00.848602 7f3d7886f700 [db/compaction_job.cc:1211] [usertable] [JOB 3] Generated table #1372: 16279 keys, 67418358 bytes
2019/03/22-10:08:00.848646 7f3d7886f700 EVENT_LOG_v1 {"time_micros": 1553274480848626, "cf_name": "usertable", "job": 3, "event": "table_file_creation", "file_number": 1372, "file_size": 67418358, "table_properties": {"data_size": 67118331, "index_size": 299106, "filter_size": 0, "raw_key_size": 390696, "raw_average_key_size": 24, "raw_value_size": 66678784, "raw_average_value_size": 4096, "num_data_blocks": 8140, "num_entries": 16279, "filter_policy_name": "", "kDeletedKeys": "0", "kMergeOperands": "0"}}
2019/03/22-10:08:01.529898 7f3d7886f700 [db/compaction_job.cc:1211] [usertable] [JOB 3] Generated table #1373: 16279 keys, 67421977 bytes
2019/03/22-10:08:01.529968 7f3d7886f700 EVENT_LOG_v1 {"time_micros": 1553274481529933, "cf_name": "usertable", "job": 3, "event": "table_file_creation", "file_number": 1373, "file_size": 67421977, "table_properties": {"data_size": 67120140, "index_size": 300916, "filter_size": 0, "raw_key_size": 390696, "raw_average_key_size": 24, "raw_value_size": 66678784, "raw_average_value_size": 4096, "num_data_blocks": 8140, "num_entries": 16279, "filter_policy_name": "", "kDeletedKeys": "0", "kMergeOperands": "0"}}
2019/03/22-10:08:02.261268 7f3d7886f700 [db/compaction_job.cc:1211] [usertable] [JOB 3] Generated table #1374: 16279 keys, 67418360 bytes
2019/03/22-10:08:02.261323 7f3d7886f700 EVENT_LOG_v1 {"time_micros": 1553274482261297, "cf_name": "usertable", "job": 3, "event": "table_file_creation", "file_number": 1374, "file_size": 67418360, "table_properties": {"data_size": 67118331, "index_size": 299108, "filter_size": 0, "raw_key_size": 390696, "raw_average_key_size": 24, "raw_value_size": 66678784, "raw_average_value_size": 4096, "num_data_blocks": 8140, "num_entries": 16279, "filter_policy_name": "", "kDeletedKeys": "0", "kMergeOperands": "0"}}
2019/03/22-10:08:02.359347 7f3d7886f700 [db/compaction_job.cc:1211] [usertable] [JOB 3] Generated table #1375: 1682 keys, 6966847 bytes
2019/03/22-10:08:02.359403 7f3d7886f700 EVENT_LOG_v1 {"time_micros": 1553274482359376, "cf_name": "usertable", "job": 3, "event": "table_file_creation", "file_number": 1375, "file_size": 6966847, "table_properties": {"data_size": 6935073, "index_size": 30853, "filter_size": 0, "raw_key_size": 40368, "raw_average_key_size": 24, "raw_value_size": 6889472, "raw_average_value_size": 4096, "num_data_blocks": 841, "num_entries": 1682, "filter_policy_name": "", "kDeletedKeys": "0", "kMergeOperands": "0"}}
2019/03/22-10:08:02.359479 7f3d7886f700 [db/compaction_job.cc:1287] [usertable] [JOB 3] Compacted 1@0 files to L1 => 209225542 bytes
2019/03/22-10:08:02.390952 7f3d7886f700 (Original Log Time 2019/03/22-10:08:02.390767) [db/compaction_job.cc:685] [usertable] compacted to: base level 1 max bytes base 536870912 files[2 14 176 549 0 0 0] max score 1.35, MB/sec: 96.0 rd, 96.0 wr, level 1, files in(1, 0) out(4) MB in(199.5, 0.0) out(199.5), read-write-amplify(2.0) write-amplify(1.0) OK, records in: 50519, records dropped: 0 output_compression: NoCompression
2019/03/22-10:08:02.390962 7f3d7886f700 (Original Log Time 2019/03/22-10:08:02.390819) EVENT_LOG_v1 {"time_micros": 1553274482390798, "job": 3, "event": "compaction_finished", "compaction_time_micros": 2179197, "output_level": 1, "num_output_files": 4, "total_output_size": 209225542, "num_input_records": 50519, "num_output_records": 50519, "num_subcompactions": 1, "output_compression": "NoCompression", "num_single_delete_mismatches": 0, "num_single_delete_fallthrough": 0, "lsm_state": [2, 14, 176, 549, 0, 0, 0]}
2019/03/22-10:08:02.391051 7f3d7886f700 [db/compaction_job.cc:1531] [usertable] [JOB 4] Compacting 1@1 files to L2, score 1.35
2019/03/22-10:08:02.391059 7f3d7886f700 [db/compaction_job.cc:1535] [usertable] Compaction start summary: Base version 6 Base level 1, inputs: [1373(64MB)]
2019/03/22-10:08:02.391080 7f3d7886f700 EVENT_LOG_v1 {"time_micros": 1553274482391066, "job": 4, "event": "compaction_started", "compaction_reason": "LevelMaxLevelSize", "files_L1": [1373], "score": 1.35161, "input_data_size": 67421977}
2019/03/22-10:08:03.011217 7f3d7886f700 [db/compaction_job.cc:1211] [usertable] [JOB 4] Generated table #1376: 16279 keys, 67233553 bytes
2019/03/22-10:08:03.011262 7f3d7886f700 EVENT_LOG_v1 {"time_micros": 1553274483011244, "cf_name": "usertable", "job": 4, "event": "table_file_creation", "file_number": 1376, "file_size": 67233553, "table_properties": {"data_size": 67120140, "index_size": 300916, "filter_size": 0, "raw_key_size": 390696, "raw_average_key_size": 24, "raw_value_size": 66678784, "raw_average_value_size": 4096, "num_data_blocks": 8140, "num_entries": 16279, "filter_policy_name": "", "kDeletedKeys": "0", "kMergeOperands": "0"}}
2019/03/22-10:08:03.011302 7f3d7886f700 [db/compaction_job.cc:1287] [usertable] [JOB 4] Compacted 1@1 files to L2 => 67233553 bytes
2019/03/22-10:08:03.097709 7f3d7886f700 (Original Log Time 2019/03/22-10:08:03.097580) [db/compaction_job.cc:685] [usertable] compacted to: base level 1 max bytes base 536870912 files[2 13 177 549 0 0 0] max score 1.23, MB/sec: 108.7 rd, 108.4 wr, level 2, files in(1, 0) out(1) MB in(64.3, 0.0) out(64.1), read-write-amplify(2.0) write-amplify(1.0) OK, records in: 16279, records dropped: 0 output_compression: LZ4
2019/03/22-10:08:03.097717 7f3d7886f700 (Original Log Time 2019/03/22-10:08:03.097619) EVENT_LOG_v1 {"time_micros": 1553274483097606, "job": 4, "event": "compaction_finished", "compaction_time_micros": 620199, "output_level": 2, "num_output_files": 1, "total_output_size": 67233553, "num_input_records": 16279, "num_output_records": 16279, "num_subcompactions": 1, "output_compression": "LZ4", "num_single_delete_mismatches": 0, "num_single_delete_fallthrough": 0, "lsm_state": [2, 13, 177, 549, 0, 0, 0]}
2019/03/22-10:08:03.121242 7f3d7886f700 EVENT_LOG_v1 {"time_micros": 1553274483121232, "job": 4, "event": "table_file_deletion", "file_number": 961}
2019/03/22-10:08:03.121585 7f3d6bfff700 [db/compaction_job.cc:1531] [usertable] [JOB 5] Compacting 1@1 files to L2, score 1.23
2019/03/22-10:08:03.121600 7f3d6bfff700 [db/compaction_job.cc:1535] [usertable] Compaction start summary: Base version 7 Base level 1, inputs: [143(64MB)]
2019/03/22-10:08:03.121627 7f3d6bfff700 EVENT_LOG_v1 {"time_micros": 1553274483121611, "job": 5, "event": "compaction_started", "compaction_reason": "LevelMaxLevelSize", "files_L1": [143], "score": 1.22602, "input_data_size": 67421975}
2019/03/22-10:08:04.582737 7f3d6bfff700 [db/compaction_job.cc:1211] [usertable] [JOB 5] Generated table #1377: 16279 keys, 67233521 bytes
