2018/10/21-12:19:37.996597 7fad28fe5700 RocksDB version: 5.14.3
2018/10/21-12:19:37.996675 7fad28fe5700 Git sha rocksdb_build_git_sha:
2018/10/21-12:19:37.996678 7fad28fe5700 Compile date Oct 15 2018
2018/10/21-12:19:37.996681 7fad28fe5700 DB SUMMARY
2018/10/21-12:19:37.997178 7fad28fe5700 CURRENT file:  CURRENT
2018/10/21-12:19:37.997181 7fad28fe5700 IDENTITY file:  IDENTITY
2018/10/21-12:19:37.997452 7fad28fe5700 MANIFEST file:  MANIFEST-002720 size: 39127 Bytes
2018/10/21-12:19:37.997456 7fad28fe5700 SST files in /mnt/sdc1/ycsb-rocksdb-data dir, Total Num: 258, files: 000913.sst 000987.sst 001006.sst 001047.sst 001157.sst 001189.sst 001318.sst 001323.sst 001679.sst 
2018/10/21-12:19:37.997457 7fad28fe5700 Write Ahead Log file in /mnt/sdc1/ycsb-rocksdb-data: 003083.log size: 91162552 ; 
2018/10/21-12:19:37.997461 7fad28fe5700                         Options.error_if_exists: 0
2018/10/21-12:19:37.997462 7fad28fe5700                       Options.create_if_missing: 1
2018/10/21-12:19:37.997463 7fad28fe5700                         Options.paranoid_checks: 1
2018/10/21-12:19:37.997464 7fad28fe5700                                     Options.env: 0x7fad1bbed3e0
2018/10/21-12:19:37.997465 7fad28fe5700                                Options.info_log: 0x7fac943d5d00
2018/10/21-12:19:37.997466 7fad28fe5700                Options.max_file_opening_threads: 16
2018/10/21-12:19:37.997467 7fad28fe5700                              Options.statistics: (nil)
2018/10/21-12:19:37.997468 7fad28fe5700                               Options.use_fsync: 0
2018/10/21-12:19:37.997469 7fad28fe5700                       Options.max_log_file_size: 0
2018/10/21-12:19:37.997470 7fad28fe5700                  Options.max_manifest_file_size: 18446744073709551615
2018/10/21-12:19:37.997471 7fad28fe5700                   Options.log_file_time_to_roll: 0
2018/10/21-12:19:37.997472 7fad28fe5700                       Options.keep_log_file_num: 1000
2018/10/21-12:19:37.997473 7fad28fe5700                    Options.recycle_log_file_num: 0
2018/10/21-12:19:37.997474 7fad28fe5700                         Options.allow_fallocate: 1
2018/10/21-12:19:37.997474 7fad28fe5700                        Options.allow_mmap_reads: 0
2018/10/21-12:19:37.997475 7fad28fe5700                       Options.allow_mmap_writes: 0
2018/10/21-12:19:37.997476 7fad28fe5700                        Options.use_direct_reads: 0
2018/10/21-12:19:37.997477 7fad28fe5700                        Options.use_direct_io_for_flush_and_compaction: 0
2018/10/21-12:19:37.997478 7fad28fe5700          Options.create_missing_column_families: 1
2018/10/21-12:19:37.997479 7fad28fe5700                              Options.db_log_dir: 
2018/10/21-12:19:37.997480 7fad28fe5700                                 Options.wal_dir: /mnt/sdc1/ycsb-rocksdb-data
2018/10/21-12:19:37.997480 7fad28fe5700                Options.table_cache_numshardbits: 6
2018/10/21-12:19:37.997481 7fad28fe5700                      Options.max_subcompactions: 4
2018/10/21-12:19:37.997482 7fad28fe5700                  Options.max_background_flushes: 24
2018/10/21-12:19:37.997483 7fad28fe5700                         Options.WAL_ttl_seconds: 0
2018/10/21-12:19:37.997484 7fad28fe5700                       Options.WAL_size_limit_MB: 0
2018/10/21-12:19:37.997485 7fad28fe5700             Options.manifest_preallocation_size: 4194304
2018/10/21-12:19:37.997486 7fad28fe5700                     Options.is_fd_close_on_exec: 1
2018/10/21-12:19:37.997486 7fad28fe5700                   Options.advise_random_on_open: 1
2018/10/21-12:19:37.997487 7fad28fe5700                    Options.db_write_buffer_size: 0
2018/10/21-12:19:37.997488 7fad28fe5700                    Options.write_buffer_manager: 0x7fac943d0880
2018/10/21-12:19:37.997489 7fad28fe5700         Options.access_hint_on_compaction_start: 1
2018/10/21-12:19:37.997490 7fad28fe5700  Options.new_table_reader_for_compaction_inputs: 0
2018/10/21-12:19:37.997490 7fad28fe5700           Options.random_access_max_buffer_size: 1048576
2018/10/21-12:19:37.997491 7fad28fe5700                      Options.use_adaptive_mutex: 0
2018/10/21-12:19:37.997492 7fad28fe5700                            Options.rate_limiter: (nil)
2018/10/21-12:19:37.997505 7fad28fe5700     Options.sst_file_manager.rate_bytes_per_sec: 0
2018/10/21-12:19:37.997507 7fad28fe5700                       Options.wal_recovery_mode: 2
2018/10/21-12:19:37.997508 7fad28fe5700                  Options.enable_thread_tracking: 0
2018/10/21-12:19:37.997509 7fad28fe5700                  Options.enable_pipelined_write: 1
2018/10/21-12:19:37.997509 7fad28fe5700         Options.allow_concurrent_memtable_write: 1
2018/10/21-12:19:37.997510 7fad28fe5700      Options.enable_write_thread_adaptive_yield: 1
2018/10/21-12:19:37.997511 7fad28fe5700             Options.write_thread_max_yield_usec: 100
2018/10/21-12:19:37.997512 7fad28fe5700            Options.write_thread_slow_yield_usec: 3
2018/10/21-12:19:37.997513 7fad28fe5700                               Options.row_cache: None
2018/10/21-12:19:37.997514 7fad28fe5700                              Options.wal_filter: None
2018/10/21-12:19:37.997515 7fad28fe5700             Options.avoid_flush_during_recovery: 0
2018/10/21-12:19:37.997515 7fad28fe5700             Options.allow_ingest_behind: 0
2018/10/21-12:19:37.997516 7fad28fe5700             Options.preserve_deletes: 0
2018/10/21-12:19:37.997517 7fad28fe5700             Options.two_write_queues: 0
2018/10/21-12:19:37.997518 7fad28fe5700             Options.manual_wal_flush: 0
2018/10/21-12:19:37.997519 7fad28fe5700             Options.max_background_jobs: 24
2018/10/21-12:19:37.997520 7fad28fe5700             Options.max_background_compactions: 24
2018/10/21-12:19:37.997521 7fad28fe5700             Options.avoid_flush_during_shutdown: 0
2018/10/21-12:19:37.997522 7fad28fe5700           Options.writable_file_max_buffer_size: 1048576
2018/10/21-12:19:37.997523 7fad28fe5700             Options.delayed_write_rate : 16777216
2018/10/21-12:19:37.997524 7fad28fe5700             Options.max_total_wal_size: 0
2018/10/21-12:19:37.997524 7fad28fe5700             Options.delete_obsolete_files_period_micros: 21600000000
2018/10/21-12:19:37.997525 7fad28fe5700                   Options.stats_dump_period_sec: 60
2018/10/21-12:19:37.997526 7fad28fe5700                          Options.max_open_files: -1
2018/10/21-12:19:37.997527 7fad28fe5700                          Options.bytes_per_sync: 1048576
2018/10/21-12:19:37.997528 7fad28fe5700                      Options.wal_bytes_per_sync: 0
2018/10/21-12:19:37.997529 7fad28fe5700       Options.compaction_readahead_size: 0
2018/10/21-12:19:37.997530 7fad28fe5700 Compression algorithms supported:
2018/10/21-12:19:37.997531 7fad28fe5700 	kZSTDNotFinalCompression supported: 1
2018/10/21-12:19:37.997538 7fad28fe5700 	kZSTD supported: 1
2018/10/21-12:19:37.997539 7fad28fe5700 	kXpressCompression supported: 0
2018/10/21-12:19:37.997540 7fad28fe5700 	kLZ4HCCompression supported: 1
2018/10/21-12:19:37.997541 7fad28fe5700 	kLZ4Compression supported: 1
2018/10/21-12:19:37.997542 7fad28fe5700 	kBZip2Compression supported: 1
2018/10/21-12:19:37.997543 7fad28fe5700 	kZlibCompression supported: 1
2018/10/21-12:19:37.997544 7fad28fe5700 	kSnappyCompression supported: 1
2018/10/21-12:19:37.997547 7fad28fe5700 Fast CRC32 supported: Supported on x86
2018/10/21-12:19:37.998042 7fad28fe5700 [db/version_set.cc:3085] Recovering from manifest file: MANIFEST-002720
2018/10/21-12:19:37.998130 7fad28fe5700 [db/column_family.cc:475] --------------- Options for column family [default]:
2018/10/21-12:19:37.998133 7fad28fe5700               Options.comparator: leveldb.BytewiseComparator
2018/10/21-12:19:37.998134 7fad28fe5700           Options.merge_operator: None
2018/10/21-12:19:37.998135 7fad28fe5700        Options.compaction_filter: None
2018/10/21-12:19:37.998136 7fad28fe5700        Options.compaction_filter_factory: None
2018/10/21-12:19:37.998137 7fad28fe5700         Options.memtable_factory: SkipListFactory
2018/10/21-12:19:37.998138 7fad28fe5700            Options.table_factory: BlockBasedTable
2018/10/21-12:19:37.998166 7fad28fe5700            table_factory options:   flush_block_policy_factory: FlushBlockBySizePolicyFactory (0x7fac94386d80)
  cache_index_and_filter_blocks: 0
  cache_index_and_filter_blocks_with_high_priority: 0
  pin_l0_filter_and_index_blocks_in_cache: 0
  index_type: 0
  hash_index_allow_collision: 1
  checksum: 1
  no_block_cache: 0
  block_cache: 0x7fac94392010
  block_cache_name: LRUCache
  block_cache_options:
    capacity : 8388608
    num_shard_bits : 4
    strict_capacity_limit : 0
    high_pri_pool_ratio: 0.000
  block_cache_compressed: (nil)
  persistent_cache: (nil)
  block_size: 8192
  block_size_deviation: 10
  block_restart_interval: 16
  index_block_restart_interval: 1
  metadata_block_size: 4096
  partition_filters: 0
  use_delta_encoding: 1
  filter_policy: nullptr
  whole_key_filtering: 1
  verify_compression: 0
  read_amp_bytes_per_bit: 0
  format_version: 2
  enable_index_compression: 1
  block_align: 0
2018/10/21-12:19:37.998178 7fad28fe5700        Options.write_buffer_size: 134217728
2018/10/21-12:19:37.998180 7fad28fe5700  Options.max_write_buffer_number: 24
2018/10/21-12:19:37.998181 7fad28fe5700        Options.compression[0]: NoCompression
2018/10/21-12:19:37.998182 7fad28fe5700        Options.compression[1]: NoCompression
2018/10/21-12:19:37.998183 7fad28fe5700        Options.compression[2]: LZ4
2018/10/21-12:19:37.998184 7fad28fe5700        Options.compression[3]: LZ4
2018/10/21-12:19:37.998185 7fad28fe5700        Options.compression[4]: LZ4
2018/10/21-12:19:37.998186 7fad28fe5700        Options.compression[5]: LZ4
2018/10/21-12:19:37.998187 7fad28fe5700        Options.compression[6]: LZ4
2018/10/21-12:19:37.998187 7fad28fe5700                  Options.bottommost_compression: Disabled
2018/10/21-12:19:37.998188 7fad28fe5700       Options.prefix_extractor: nullptr
2018/10/21-12:19:37.998189 7fad28fe5700   Options.memtable_insert_with_hint_prefix_extractor: nullptr
2018/10/21-12:19:37.998190 7fad28fe5700             Options.num_levels: 7
2018/10/21-12:19:37.998191 7fad28fe5700        Options.min_write_buffer_number_to_merge: 2
2018/10/21-12:19:37.998192 7fad28fe5700     Options.max_write_buffer_number_to_maintain: 0
2018/10/21-12:19:37.998193 7fad28fe5700            Options.compression_opts.window_bits: -14
2018/10/21-12:19:37.998194 7fad28fe5700                  Options.compression_opts.level: -1
2018/10/21-12:19:37.998195 7fad28fe5700               Options.compression_opts.strategy: 0
2018/10/21-12:19:37.998195 7fad28fe5700         Options.compression_opts.max_dict_bytes: 0
2018/10/21-12:19:37.998196 7fad28fe5700         Options.compression_opts.zstd_max_train_bytes: 0
2018/10/21-12:19:37.998197 7fad28fe5700      Options.level0_file_num_compaction_trigger: 2
2018/10/21-12:19:37.998198 7fad28fe5700          Options.level0_slowdown_writes_trigger: 20
2018/10/21-12:19:37.998199 7fad28fe5700              Options.level0_stop_writes_trigger: 36
2018/10/21-12:19:37.998200 7fad28fe5700                   Options.target_file_size_base: 67108864
2018/10/21-12:19:37.998201 7fad28fe5700             Options.target_file_size_multiplier: 1
2018/10/21-12:19:37.998201 7fad28fe5700                Options.max_bytes_for_level_base: 536870912
2018/10/21-12:19:37.998202 7fad28fe5700 Options.level_compaction_dynamic_level_bytes: 0
2018/10/21-12:19:37.998203 7fad28fe5700          Options.max_bytes_for_level_multiplier: 10.000000
2018/10/21-12:19:37.998206 7fad28fe5700 Options.max_bytes_for_level_multiplier_addtl[0]: 1
2018/10/21-12:19:37.998207 7fad28fe5700 Options.max_bytes_for_level_multiplier_addtl[1]: 1
2018/10/21-12:19:37.998208 7fad28fe5700 Options.max_bytes_for_level_multiplier_addtl[2]: 1
2018/10/21-12:19:37.998209 7fad28fe5700 Options.max_bytes_for_level_multiplier_addtl[3]: 1
2018/10/21-12:19:37.998210 7fad28fe5700 Options.max_bytes_for_level_multiplier_addtl[4]: 1
2018/10/21-12:19:37.998211 7fad28fe5700 Options.max_bytes_for_level_multiplier_addtl[5]: 1
2018/10/21-12:19:37.998212 7fad28fe5700 Options.max_bytes_for_level_multiplier_addtl[6]: 1
2018/10/21-12:19:37.998212 7fad28fe5700       Options.max_sequential_skip_in_iterations: 8
2018/10/21-12:19:37.998213 7fad28fe5700                    Options.max_compaction_bytes: 1677721600
2018/10/21-12:19:37.998220 7fad28fe5700                        Options.arena_block_size: 16777216
2018/10/21-12:19:37.998222 7fad28fe5700   Options.soft_pending_compaction_bytes_limit: 68719476736
2018/10/21-12:19:37.998223 7fad28fe5700   Options.hard_pending_compaction_bytes_limit: 274877906944
2018/10/21-12:19:37.998223 7fad28fe5700       Options.rate_limit_delay_max_milliseconds: 100
2018/10/21-12:19:37.998224 7fad28fe5700                Options.disable_auto_compactions: 0
2018/10/21-12:19:37.998226 7fad28fe5700                        Options.compaction_style: kCompactionStyleLevel
2018/10/21-12:19:37.998227 7fad28fe5700                          Options.compaction_pri: kByCompensatedSize
2018/10/21-12:19:37.998228 7fad28fe5700 Options.compaction_options_universal.size_ratio: 1
2018/10/21-12:19:37.998229 7fad28fe5700 Options.compaction_options_universal.min_merge_width: 2
2018/10/21-12:19:37.998230 7fad28fe5700 Options.compaction_options_universal.max_merge_width: 4294967295
2018/10/21-12:19:37.998231 7fad28fe5700 Options.compaction_options_universal.max_size_amplification_percent: 200
2018/10/21-12:19:37.998232 7fad28fe5700 Options.compaction_options_universal.compression_size_percent: -1
2018/10/21-12:19:37.998233 7fad28fe5700 Options.compaction_options_universal.stop_style: kCompactionStopStyleTotalSize
2018/10/21-12:19:37.998234 7fad28fe5700 Options.compaction_options_fifo.max_table_files_size: 1073741824
2018/10/21-12:19:37.998235 7fad28fe5700 Options.compaction_options_fifo.allow_compaction: 0
2018/10/21-12:19:37.998235 7fad28fe5700 Options.compaction_options_fifo.ttl: 0
2018/10/21-12:19:37.998237 7fad28fe5700                   Options.table_properties_collectors: 
2018/10/21-12:19:37.998237 7fad28fe5700                   Options.inplace_update_support: 0
2018/10/21-12:19:37.998238 7fad28fe5700                 Options.inplace_update_num_locks: 10000
2018/10/21-12:19:37.998239 7fad28fe5700               Options.memtable_prefix_bloom_size_ratio: 0.000000
2018/10/21-12:19:37.998241 7fad28fe5700   Options.memtable_huge_page_size: 0
2018/10/21-12:19:37.998242 7fad28fe5700                           Options.bloom_locality: 0
2018/10/21-12:19:37.998243 7fad28fe5700                    Options.max_successive_merges: 0
2018/10/21-12:19:37.998243 7fad28fe5700                Options.optimize_filters_for_hits: 0
2018/10/21-12:19:37.998244 7fad28fe5700                Options.paranoid_file_checks: 0
2018/10/21-12:19:37.998245 7fad28fe5700                Options.force_consistency_checks: 0
2018/10/21-12:19:37.998246 7fad28fe5700                Options.report_bg_io_stats: 0
2018/10/21-12:19:37.998247 7fad28fe5700                               Options.ttl: 0
2018/10/21-12:19:37.998762 7fad28fe5700 [db/column_family.cc:475] --------------- Options for column family [usertable]:
2018/10/21-12:19:37.998765 7fad28fe5700               Options.comparator: leveldb.BytewiseComparator
2018/10/21-12:19:37.998766 7fad28fe5700           Options.merge_operator: None
2018/10/21-12:19:37.998767 7fad28fe5700        Options.compaction_filter: None
2018/10/21-12:19:37.998768 7fad28fe5700        Options.compaction_filter_factory: None
2018/10/21-12:19:37.998769 7fad28fe5700         Options.memtable_factory: SkipListFactory
2018/10/21-12:19:37.998769 7fad28fe5700            Options.table_factory: BlockBasedTable
2018/10/21-12:19:37.998792 7fad28fe5700            table_factory options:   flush_block_policy_factory: FlushBlockBySizePolicyFactory (0x7fac94386d60)
  cache_index_and_filter_blocks: 0
  cache_index_and_filter_blocks_with_high_priority: 0
  pin_l0_filter_and_index_blocks_in_cache: 0
  index_type: 0
  hash_index_allow_collision: 1
  checksum: 1
  no_block_cache: 0
  block_cache: 0x7fac94386070
  block_cache_name: LRUCache
  block_cache_options:
    capacity : 8388608
    num_shard_bits : 4
    strict_capacity_limit : 0
    high_pri_pool_ratio: 0.000
  block_cache_compressed: (nil)
  persistent_cache: (nil)
  block_size: 8192
  block_size_deviation: 10
  block_restart_interval: 16
  index_block_restart_interval: 1
  metadata_block_size: 4096
  partition_filters: 0
  use_delta_encoding: 1
  filter_policy: nullptr
  whole_key_filtering: 1
  verify_compression: 0
  read_amp_bytes_per_bit: 0
  format_version: 2
  enable_index_compression: 1
  block_align: 0
2018/10/21-12:19:37.998804 7fad28fe5700        Options.write_buffer_size: 134217728
2018/10/21-12:19:37.998805 7fad28fe5700  Options.max_write_buffer_number: 24
2018/10/21-12:19:37.998806 7fad28fe5700        Options.compression[0]: NoCompression
2018/10/21-12:19:37.998807 7fad28fe5700        Options.compression[1]: NoCompression
2018/10/21-12:19:37.998808 7fad28fe5700        Options.compression[2]: LZ4
2018/10/21-12:19:37.998809 7fad28fe5700        Options.compression[3]: LZ4
2018/10/21-12:19:37.998810 7fad28fe5700        Options.compression[4]: LZ4
2018/10/21-12:19:37.998811 7fad28fe5700        Options.compression[5]: LZ4
2018/10/21-12:19:37.998812 7fad28fe5700        Options.compression[6]: LZ4
2018/10/21-12:19:37.998813 7fad28fe5700                  Options.bottommost_compression: Disabled
2018/10/21-12:19:37.998813 7fad28fe5700       Options.prefix_extractor: nullptr
2018/10/21-12:19:37.998814 7fad28fe5700   Options.memtable_insert_with_hint_prefix_extractor: nullptr
2018/10/21-12:19:37.998815 7fad28fe5700             Options.num_levels: 7
2018/10/21-12:19:37.998816 7fad28fe5700        Options.min_write_buffer_number_to_merge: 2
2018/10/21-12:19:37.998817 7fad28fe5700     Options.max_write_buffer_number_to_maintain: 0
2018/10/21-12:19:37.998818 7fad28fe5700            Options.compression_opts.window_bits: -14
2018/10/21-12:19:37.998819 7fad28fe5700                  Options.compression_opts.level: -1
2018/10/21-12:19:37.998819 7fad28fe5700               Options.compression_opts.strategy: 0
2018/10/21-12:19:37.998820 7fad28fe5700         Options.compression_opts.max_dict_bytes: 0
2018/10/21-12:19:37.998821 7fad28fe5700         Options.compression_opts.zstd_max_train_bytes: 0
2018/10/21-12:19:37.998822 7fad28fe5700      Options.level0_file_num_compaction_trigger: 2
2018/10/21-12:19:37.998823 7fad28fe5700          Options.level0_slowdown_writes_trigger: 20
2018/10/21-12:19:37.998824 7fad28fe5700              Options.level0_stop_writes_trigger: 36
2018/10/21-12:19:37.998824 7fad28fe5700                   Options.target_file_size_base: 67108864
2018/10/21-12:19:37.998825 7fad28fe5700             Options.target_file_size_multiplier: 1
2018/10/21-12:19:37.998826 7fad28fe5700                Options.max_bytes_for_level_base: 536870912
2018/10/21-12:19:37.998827 7fad28fe5700 Options.level_compaction_dynamic_level_bytes: 0
2018/10/21-12:19:37.998828 7fad28fe5700          Options.max_bytes_for_level_multiplier: 10.000000
2018/10/21-12:19:37.998830 7fad28fe5700 Options.max_bytes_for_level_multiplier_addtl[0]: 1
2018/10/21-12:19:37.998831 7fad28fe5700 Options.max_bytes_for_level_multiplier_addtl[1]: 1
2018/10/21-12:19:37.998832 7fad28fe5700 Options.max_bytes_for_level_multiplier_addtl[2]: 1
2018/10/21-12:19:37.998833 7fad28fe5700 Options.max_bytes_for_level_multiplier_addtl[3]: 1
2018/10/21-12:19:37.998833 7fad28fe5700 Options.max_bytes_for_level_multiplier_addtl[4]: 1
2018/10/21-12:19:37.998834 7fad28fe5700 Options.max_bytes_for_level_multiplier_addtl[5]: 1
2018/10/21-12:19:37.998835 7fad28fe5700 Options.max_bytes_for_level_multiplier_addtl[6]: 1
2018/10/21-12:19:37.998836 7fad28fe5700       Options.max_sequential_skip_in_iterations: 8
2018/10/21-12:19:37.998837 7fad28fe5700                    Options.max_compaction_bytes: 1677721600
2018/10/21-12:19:37.998838 7fad28fe5700                        Options.arena_block_size: 16777216
2018/10/21-12:19:37.998839 7fad28fe5700   Options.soft_pending_compaction_bytes_limit: 68719476736
2018/10/21-12:19:37.998839 7fad28fe5700   Options.hard_pending_compaction_bytes_limit: 274877906944
2018/10/21-12:19:37.998840 7fad28fe5700       Options.rate_limit_delay_max_milliseconds: 100
2018/10/21-12:19:37.998841 7fad28fe5700                Options.disable_auto_compactions: 0
2018/10/21-12:19:37.998843 7fad28fe5700                        Options.compaction_style: kCompactionStyleLevel
2018/10/21-12:19:37.998850 7fad28fe5700                          Options.compaction_pri: kByCompensatedSize
2018/10/21-12:19:37.998851 7fad28fe5700 Options.compaction_options_universal.size_ratio: 1
2018/10/21-12:19:37.998852 7fad28fe5700 Options.compaction_options_universal.min_merge_width: 2
2018/10/21-12:19:37.998853 7fad28fe5700 Options.compaction_options_universal.max_merge_width: 4294967295
2018/10/21-12:19:37.998854 7fad28fe5700 Options.compaction_options_universal.max_size_amplification_percent: 200
2018/10/21-12:19:37.998855 7fad28fe5700 Options.compaction_options_universal.compression_size_percent: -1
2018/10/21-12:19:37.998856 7fad28fe5700 Options.compaction_options_universal.stop_style: kCompactionStopStyleTotalSize
2018/10/21-12:19:37.998857 7fad28fe5700 Options.compaction_options_fifo.max_table_files_size: 1073741824
2018/10/21-12:19:37.998857 7fad28fe5700 Options.compaction_options_fifo.allow_compaction: 0
2018/10/21-12:19:37.998858 7fad28fe5700 Options.compaction_options_fifo.ttl: 0
2018/10/21-12:19:37.998859 7fad28fe5700                   Options.table_properties_collectors: 
2018/10/21-12:19:37.998860 7fad28fe5700                   Options.inplace_update_support: 0
2018/10/21-12:19:37.998861 7fad28fe5700                 Options.inplace_update_num_locks: 10000
2018/10/21-12:19:37.998862 7fad28fe5700               Options.memtable_prefix_bloom_size_ratio: 0.000000
2018/10/21-12:19:37.998863 7fad28fe5700   Options.memtable_huge_page_size: 0
2018/10/21-12:19:37.998864 7fad28fe5700                           Options.bloom_locality: 0
2018/10/21-12:19:37.998865 7fad28fe5700                    Options.max_successive_merges: 0
2018/10/21-12:19:37.998866 7fad28fe5700                Options.optimize_filters_for_hits: 0
2018/10/21-12:19:37.998867 7fad28fe5700                Options.paranoid_file_checks: 0
2018/10/21-12:19:37.998867 7fad28fe5700                Options.force_consistency_checks: 0
2018/10/21-12:19:37.998868 7fad28fe5700                Options.report_bg_io_stats: 0
2018/10/21-12:19:37.998869 7fad28fe5700                               Options.ttl: 0
2018/10/21-12:19:38.248489 7fad28fe5700 [db/version_set.cc:3361] Recovered from manifest file:/mnt/sdc1/ycsb-rocksdb-data/MANIFEST-002720 succeeded,manifest_file_number is 2720, next_file_number is 3086, last_sequence is 11738377, log_number is 0,prev_log_number is 0,max_column_family is 1,min_log_number_to_keep is 0
2018/10/21-12:19:38.248497 7fad28fe5700 [db/version_set.cc:3369] Column family [default] (ID 0), log number is 2712
2018/10/21-12:19:38.248499 7fad28fe5700 [db/version_set.cc:3369] Column family [usertable] (ID 1), log number is 3083
2018/10/21-12:19:38.249339 7fad28fe5700 EVENT_LOG_v1 {"time_micros": 1540149578249325, "job": 1, "event": "recovery_started", "log_files": [3083]}
2018/10/21-12:19:38.249345 7fad28fe5700 [db/db_impl_open.cc:551] Recovering log #3083 mode 2
2018/10/21-12:19:38.527750 7fad28fe5700 [db/version_set.cc:2847] Creating manifest 3086
2018/10/21-12:19:38.872290 7fad28fe5700 EVENT_LOG_v1 {"time_micros": 1540149578872271, "cf_name": "usertable", "job": 1, "event": "table_file_creation", "file_number": 3087, "file_size": 65974686, "table_properties": {"data_size": 65694544, "index_size": 279221, "filter_size": 0, "raw_key_size": 382320, "raw_average_key_size": 24, "raw_value_size": 65249280, "raw_average_value_size": 4096, "num_data_blocks": 7965, "num_entries": 15930, "filter_policy_name": "", "kDeletedKeys": "0", "kMergeOperands": "0"}}
2018/10/21-12:19:38.906307 7fad28fe5700 EVENT_LOG_v1 {"time_micros": 1540149578906303, "job": 1, "event": "recovery_finished"}
2018/10/21-12:19:38.906466 7fad28fe5700 [db/column_family.cc:837] [usertable] Increasing compaction threads because we have 4 level-0 files 
2018/10/21-12:19:38.960730 7fad28fe5700 [db/db_impl_open.cc:1219] DB pointer 0x7fac943d4d90
2018/10/21-12:19:38.960981 7fad1ace5700 [WARN] [db/db_impl.cc:491] ------- DUMPING STATS -------
2018/10/21-12:19:38.961026 7fad1ace5700 [WARN] [db/db_impl.cc:492] 
** DB Stats **
Uptime(secs): 1.0 total, 1.0 interval
Cumulative writes: 0 writes, 0 keys, 0 commit groups, 0.0 writes per commit group, ingest: 0.00 GB, 0.00 MB/s
Cumulative WAL: 0 writes, 0 syncs, 0.00 writes per sync, written: 0.00 GB, 0.00 MB/s
Cumulative stall: 00:00:0.000 H:M:S, 0.0 percent
Interval writes: 0 writes, 0 keys, 0 commit groups, 0.0 writes per commit group, ingest: 0.00 MB, 0.00 MB/s
Interval WAL: 0 writes, 0 syncs, 0.00 writes per sync, written: 0.00 MB, 0.00 MB/s
Interval stall: 00:00:0.000 H:M:S, 0.0 percent

** Compaction Stats [default] **
Level    Files   Size     Score Read(GB)  Rn(GB) Rnp1(GB) Write(GB) Wnew(GB) Moved(GB) W-Amp Rd(MB/s) Wr(MB/s) Comp(sec) Comp(cnt) Avg(sec) KeyIn KeyDrop
----------------------------------------------------------------------------------------------------------------------------------------------------------
 Sum      0/0    0.00 KB   0.0      0.0     0.0      0.0       0.0      0.0       0.0   0.0      0.0      0.0         0         0    0.000       0      0
 Int      0/0    0.00 KB   0.0      0.0     0.0      0.0       0.0      0.0       0.0   0.0      0.0      0.0         0         0    0.000       0      0
Uptime(secs): 1.0 total, 1.0 interval
Flush(GB): cumulative 0.000, interval 0.000
AddFile(GB): cumulative 0.000, interval 0.000
AddFile(Total Files): cumulative 0, interval 0
AddFile(L0 Files): cumulative 0, interval 0
AddFile(Keys): cumulative 0, interval 0
Cumulative compaction: 0.00 GB write, 0.00 MB/s write, 0.00 GB read, 0.00 MB/s read, 0.0 seconds
Interval compaction: 0.00 GB write, 0.00 MB/s write, 0.00 GB read, 0.00 MB/s read, 0.0 seconds
Stalls(count): 0 level0_slowdown, 0 level0_slowdown_with_compaction, 0 level0_numfiles, 0 level0_numfiles_with_compaction, 0 stop for pending_compaction_bytes, 0 slowdown for pending_compaction_bytes, 0 memtable_compaction, 0 memtable_slowdown, interval 0 total count

** File Read Latency Histogram By Level [default] **

** Compaction Stats [usertable] **
Level    Files   Size     Score Read(GB)  Rn(GB) Rnp1(GB) Write(GB) Wnew(GB) Moved(GB) W-Amp Rd(MB/s) Wr(MB/s) Comp(sec) Comp(cnt) Avg(sec) KeyIn KeyDrop
----------------------------------------------------------------------------------------------------------------------------------------------------------
  L0      4/0   905.24 MB   2.0      0.0     0.0      0.0       0.1      0.1       0.0   1.0      0.0    220.6         0         1    0.285       0      0
  L1     13/0   702.00 MB   1.4      0.0     0.0      0.0       0.0      0.0       0.0   0.0      0.0      0.0         0         0    0.000       0      0
  L2     96/0    5.37 GB   1.1      0.0     0.0      0.0       0.0      0.0       0.0   0.0      0.0      0.0         0         0    0.000       0      0
  L3    146/0    7.80 GB   0.2      0.0     0.0      0.0       0.0      0.0       0.0   0.0      0.0      0.0         0         0    0.000       0      0
 Sum    259/0   14.74 GB   0.0      0.0     0.0      0.0       0.1      0.1       0.0   1.0      0.0    220.6         0         1    0.285       0      0
 Int      0/0    0.00 KB   0.0      0.0     0.0      0.0       0.1      0.1       0.0   1.0      0.0    220.6         0         1    0.285       0      0
Uptime(secs): 1.0 total, 1.0 interval
Flush(GB): cumulative 0.061, interval 0.061
AddFile(GB): cumulative 0.000, interval 0.000
AddFile(Total Files): cumulative 0, interval 0
AddFile(L0 Files): cumulative 0, interval 0
AddFile(Keys): cumulative 0, interval 0
Cumulative compaction: 0.06 GB write, 65.39 MB/s write, 0.00 GB read, 0.00 MB/s read, 0.3 seconds
Interval compaction: 0.06 GB write, 65.39 MB/s write, 0.00 GB read, 0.00 MB/s read, 0.3 seconds
Stalls(count): 0 level0_slowdown, 0 level0_slowdown_with_compaction, 0 level0_numfiles, 0 level0_numfiles_with_compaction, 0 stop for pending_compaction_bytes, 0 slowdown for pending_compaction_bytes, 0 memtable_compaction, 0 memtable_slowdown, interval 0 total count

** File Read Latency Histogram By Level [usertable] **

** Compaction Stats [default] **
Level    Files   Size     Score Read(GB)  Rn(GB) Rnp1(GB) Write(GB) Wnew(GB) Moved(GB) W-Amp Rd(MB/s) Wr(MB/s) Comp(sec) Comp(cnt) Avg(sec) KeyIn KeyDrop
----------------------------------------------------------------------------------------------------------------------------------------------------------
 Sum      0/0    0.00 KB   0.0      0.0     0.0      0.0       0.0      0.0       0.0   0.0      0.0      0.0         0         0    0.000       0      0
 Int      0/0    0.00 KB   0.0      0.0     0.0      0.0       0.0      0.0       0.0   0.0      0.0      0.0         0         0    0.000       0      0
Uptime(secs): 1.0 total, 0.0 interval
Flush(GB): cumulative 0.000, interval 0.000
AddFile(GB): cumulative 0.000, interval 0.000
AddFile(Total Files): cumulative 0, interval 0
AddFile(L0 Files): cumulative 0, interval 0
AddFile(Keys): cumulative 0, interval 0
Cumulative compaction: 0.00 GB write, 0.00 MB/s write, 0.00 GB read, 0.00 MB/s read, 0.0 seconds
Interval compaction: 0.00 GB write, 0.00 MB/s write, 0.00 GB read, 0.00 MB/s read, 0.0 seconds
Stalls(count): 0 level0_slowdown, 0 level0_slowdown_with_compaction, 0 level0_numfiles, 0 level0_numfiles_with_compaction, 0 stop for pending_compaction_bytes, 0 slowdown for pending_compaction_bytes, 0 memtable_compaction, 0 memtable_slowdown, interval 0 total count

** File Read Latency Histogram By Level [default] **

** Compaction Stats [usertable] **
Level    Files   Size     Score Read(GB)  Rn(GB) Rnp1(GB) Write(GB) Wnew(GB) Moved(GB) W-Amp Rd(MB/s) Wr(MB/s) Comp(sec) Comp(cnt) Avg(sec) KeyIn KeyDrop
----------------------------------------------------------------------------------------------------------------------------------------------------------
  L0      4/0   905.24 MB   2.0      0.0     0.0      0.0       0.1      0.1       0.0   1.0      0.0    220.6         0         1    0.285       0      0
  L1     13/0   702.00 MB   1.4      0.0     0.0      0.0       0.0      0.0       0.0   0.0      0.0      0.0         0         0    0.000       0      0
  L2     96/0    5.37 GB   1.1      0.0     0.0      0.0       0.0      0.0       0.0   0.0      0.0      0.0         0         0    0.000       0      0
  L3    146/0    7.80 GB   0.2      0.0     0.0      0.0       0.0      0.0       0.0   0.0      0.0      0.0         0         0    0.000       0      0
 Sum    259/0   14.74 GB   0.0      0.0     0.0      0.0       0.1      0.1       0.0   1.0      0.0    220.6         0         1    0.285       0      0
 Int      0/0    0.00 KB   0.0      0.0     0.0      0.0       0.0      0.0       0.0   0.0      0.0      0.0         0         0    0.000       0      0
Uptime(secs): 1.0 total, 0.0 interval
Flush(GB): cumulative 0.061, interval 0.000
AddFile(GB): cumulative 0.000, interval 0.000
AddFile(Total Files): cumulative 0, interval 0
AddFile(L0 Files): cumulative 0, interval 0
AddFile(Keys): cumulative 0, interval 0
Cumulative compaction: 0.06 GB write, 65.39 MB/s write, 0.00 GB read, 0.00 MB/s read, 0.3 seconds
Interval compaction: 0.00 GB write, 0.00 MB/s write, 0.00 GB read, 0.00 MB/s read, 0.0 seconds
Stalls(count): 0 level0_slowdown, 0 level0_slowdown_with_compaction, 0 level0_numfiles, 0 level0_numfiles_with_compaction, 0 stop for pending_compaction_bytes, 0 slowdown for pending_compaction_bytes, 0 memtable_compaction, 0 memtable_slowdown, interval 0 total count

** File Read Latency Histogram By Level [usertable] **
2018/10/21-12:19:38.961481 7fad1ace5700 [db/compaction_job.cc:1531] [usertable] [JOB 3] Compacting 4@0 + 13@1 files to L1, score 2.00
2018/10/21-12:19:38.961491 7fad1ace5700 [db/compaction_job.cc:1535] [usertable] Compaction start summary: Base version 5 Base level 0, inputs: [3087(62MB) 3084(150MB) 3073(149MB) 3018(541MB)], [2951(64MB) 2966(64MB) 2972(64MB) 2978(17MB) 2970(64MB) 2976(64MB) 2981(39MB) 2983(15MB) 2953(64MB) 2960(64MB) 2964(64MB) 2971(64MB) 2977(51MB)]
2018/10/21-12:19:38.961525 7fad1ace5700 EVENT_LOG_v1 {"time_micros": 1540149578961497, "job": 3, "event": "compaction_started", "compaction_reason": "LevelL0FilesNum", "files_L0": [3087, 3084, 3073, 3018], "files_L1": [2951, 2966, 2972, 2978, 2970, 2976, 2981, 2983, 2953, 2960, 2964, 2971, 2977], "score": 2, "input_data_size": 1685310417}
2018/10/21-12:19:38.961653 7fabce7fc700 [db/compaction_job.cc:1531] [usertable] [JOB 5] Compacting 1@2 + 2@3 files to L3, score 1.06
2018/10/21-12:19:38.961663 7fabce7fc700 [db/compaction_job.cc:1535] [usertable] Compaction start summary: Base version 5 Base level 2, inputs: [3047(64MB)], [987(64MB) 1850(64MB)]
2018/10/21-12:19:38.961678 7fabce7fc700 EVENT_LOG_v1 {"time_micros": 1540149578961671, "job": 5, "event": "compaction_started", "compaction_reason": "LevelMaxLevelSize", "files_L2": [3047], "files_L3": [987, 1850], "score": 1.06205, "input_data_size": 201726710}
2018/10/21-12:19:38.961778 7fad18ce1700 [db/compaction_job.cc:1531] [usertable] [JOB 7] Compacting 1@2 + 2@3 files to L3, score 1.04
2018/10/21-12:19:38.961787 7fad18ce1700 [db/compaction_job.cc:1535] [usertable] Compaction start summary: Base version 5 Base level 2, inputs: [3029(64MB)], [2249(64MB) 2255(2158KB)]
2018/10/21-12:19:38.961805 7fad18ce1700 EVENT_LOG_v1 {"time_micros": 1540149578961798, "job": 7, "event": "compaction_started", "compaction_reason": "LevelMaxLevelSize", "files_L2": [3029], "files_L3": [2249, 2255], "score": 1.037, "input_data_size": 136703476}
2018/10/21-12:19:38.961881 7fad137fe700 [db/compaction_job.cc:1531] [usertable] [JOB 9] Compacting 1@2 + 2@3 files to L3, score 1.01
2018/10/21-12:19:38.961889 7fad137fe700 [db/compaction_job.cc:1535] [usertable] Compaction start summary: Base version 5 Base level 2, inputs: [3080(64MB)], [1318(64MB) 1323(40MB)]
2018/10/21-12:19:38.961901 7fad137fe700 EVENT_LOG_v1 {"time_micros": 1540149578961895, "job": 9, "event": "compaction_started", "compaction_reason": "LevelMaxLevelSize", "files_L2": [3080], "files_L3": [1318, 1323], "score": 1.01194, "input_data_size": 177231236}
2018/10/21-12:19:39.000718 7fad1a4e4700 [db/column_family.cc:837] [usertable] Increasing compaction threads because we have 4 level-0 files 
2018/10/21-12:19:39.000780 7fad1a4e4700 (Original Log Time 2018/10/21-12:19:38.961570) [db/db_impl_compaction_flush.cc:1835] [usertable] Moving #3045 to level-3 67260072 bytes
2018/10/21-12:19:39.000783 7fad1a4e4700 (Original Log Time 2018/10/21-12:19:39.000743) EVENT_LOG_v1 {"time_micros": 1540149579000738, "job": 4, "event": "trivial_move", "destination_level": 3, "files": 1, "total_files_size": 67260072}
2018/10/21-12:19:39.000784 7fad1a4e4700 (Original Log Time 2018/10/21-12:19:39.000750) [db/db_impl_compaction_flush.cc:1864] [usertable] Moved #1 files to level-3 67260072 bytes OK: base level 1 max bytes base 536870912 files[4 13 95 147 0 0 0] max score 1.00
2018/10/21-12:19:39.059738 7fad194e2700 [db/column_family.cc:837] [usertable] Increasing compaction threads because we have 4 level-0 files 
2018/10/21-12:19:39.059807 7fad194e2700 (Original Log Time 2018/10/21-12:19:38.961714) [db/db_impl_compaction_flush.cc:1835] [usertable] Moving #3027 to level-3 67259721 bytes
2018/10/21-12:19:39.059810 7fad194e2700 (Original Log Time 2018/10/21-12:19:39.059767) EVENT_LOG_v1 {"time_micros": 1540149579059761, "job": 6, "event": "trivial_move", "destination_level": 3, "files": 1, "total_files_size": 67259721}
2018/10/21-12:19:39.059812 7fad194e2700 (Original Log Time 2018/10/21-12:19:39.059773) [db/db_impl_compaction_flush.cc:1864] [usertable] Moved #1 files to level-3 67259721 bytes OK: base level 1 max bytes base 536870912 files[4 13 93 149 0 0 0] max score 1.00
2018/10/21-12:19:39.059816 7fad13fff700 [db/column_family.cc:837] [usertable] Increasing compaction threads because we have 4 level-0 files 
2018/10/21-12:19:39.059875 7fad13fff700 (Original Log Time 2018/10/21-12:19:38.961841) [db/db_impl_compaction_flush.cc:1835] [usertable] Moving #3019 to level-3 67259570 bytes
2018/10/21-12:19:39.059878 7fad13fff700 (Original Log Time 2018/10/21-12:19:39.059844) EVENT_LOG_v1 {"time_micros": 1540149579059840, "job": 8, "event": "trivial_move", "destination_level": 3, "files": 1, "total_files_size": 67259570}
2018/10/21-12:19:39.059879 7fad13fff700 (Original Log Time 2018/10/21-12:19:39.059850) [db/db_impl_compaction_flush.cc:1864] [usertable] Moved #1 files to level-3 67259570 bytes OK: base level 1 max bytes base 536870912 files[4 13 93 149 0 0 0] max score 1.00
2018/10/21-12:19:42.175113 7fad1ace5700 [db/compaction_job.cc:1211] [usertable] [JOB 3] Generated table #3094: 16277 keys, 67411723 bytes
2018/10/21-12:19:42.175143 7fad1ace5700 EVENT_LOG_v1 {"time_micros": 1540149582175130, "cf_name": "usertable", "job": 3, "event": "table_file_creation", "file_number": 3094, "file_size": 67411723, "table_properties": {"data_size": 67114293, "index_size": 296509, "filter_size": 0, "raw_key_size": 390648, "raw_average_key_size": 24, "raw_value_size": 66670592, "raw_average_value_size": 4096, "num_data_blocks": 8139, "num_entries": 16277, "filter_policy_name": "", "kDeletedKeys": "0", "kMergeOperands": "0"}}
2018/10/21-12:19:42.286678 7fab0bfff700 [db/compaction_job.cc:1211] [usertable] [JOB 3] Generated table #3097: 16277 keys, 67412007 bytes
2018/10/21-12:19:42.286722 7fab0bfff700 EVENT_LOG_v1 {"time_micros": 1540149582286705, "cf_name": "usertable", "job": 3, "event": "table_file_creation", "file_number": 3097, "file_size": 67412007, "table_properties": {"data_size": 67115909, "index_size": 295177, "filter_size": 0, "raw_key_size": 390648, "raw_average_key_size": 24, "raw_value_size": 66670592, "raw_average_value_size": 4096, "num_data_blocks": 8139, "num_entries": 16277, "filter_policy_name": "", "kDeletedKeys": "0", "kMergeOperands": "0"}}
2018/10/21-12:19:42.414642 7fab417f2700 [db/compaction_job.cc:1211] [usertable] [JOB 3] Generated table #3095: 16277 keys, 67411951 bytes
2018/10/21-12:19:42.414720 7fab417f2700 EVENT_LOG_v1 {"time_micros": 1540149582414702, "cf_name": "usertable", "job": 3, "event": "table_file_creation", "file_number": 3095, "file_size": 67411951, "table_properties": {"data_size": 67114476, "index_size": 296554, "filter_size": 0, "raw_key_size": 390648, "raw_average_key_size": 24, "raw_value_size": 66670592, "raw_average_value_size": 4096, "num_data_blocks": 8139, "num_entries": 16277, "filter_policy_name": "", "kDeletedKeys": "0", "kMergeOperands": "0"}}
2018/10/21-12:19:42.565258 7fab40ff1700 [db/compaction_job.cc:1211] [usertable] [JOB 3] Generated table #3096: 16277 keys, 67411679 bytes
2018/10/21-12:19:42.565297 7fab40ff1700 EVENT_LOG_v1 {"time_micros": 1540149582565282, "cf_name": "usertable", "job": 3, "event": "table_file_creation", "file_number": 3096, "file_size": 67411679, "table_properties": {"data_size": 67114483, "index_size": 296275, "filter_size": 0, "raw_key_size": 390648, "raw_average_key_size": 24, "raw_value_size": 66670592, "raw_average_value_size": 4096, "num_data_blocks": 8139, "num_entries": 16277, "filter_policy_name": "", "kDeletedKeys": "0", "kMergeOperands": "0"}}
2018/10/21-12:19:43.483775 7fad18ce1700 [db/compaction_job.cc:1211] [usertable] [JOB 7] Generated table #3092: 16279 keys, 67233329 bytes
