2018/10/21-12:29:39.270627 7f0d558ee700 RocksDB version: 5.14.3
2018/10/21-12:29:39.270715 7f0d558ee700 Git sha rocksdb_build_git_sha:
2018/10/21-12:29:39.270718 7f0d558ee700 Compile date Oct 15 2018
2018/10/21-12:29:39.270723 7f0d558ee700 DB SUMMARY
2018/10/21-12:29:39.270912 7f0d558ee700 CURRENT file:  CURRENT
2018/10/21-12:29:39.270914 7f0d558ee700 IDENTITY file:  IDENTITY
2018/10/21-12:29:39.270923 7f0d558ee700 MANIFEST file:  MANIFEST-003495 size: 49188 Bytes
2018/10/21-12:29:39.270926 7f0d558ee700 SST files in /mnt/sdc1/ycsb-rocksdb-data dir, Total Num: 289, files: 001047.sst 001759.sst 001825.sst 001827.sst 001830.sst 001837.sst 001838.sst 001841.sst 001842.sst 
2018/10/21-12:29:39.270928 7f0d558ee700 Write Ahead Log file in /mnt/sdc1/ycsb-rocksdb-data: 003986.log size: 67602296 ; 
2018/10/21-12:29:39.270932 7f0d558ee700                         Options.error_if_exists: 0
2018/10/21-12:29:39.270933 7f0d558ee700                       Options.create_if_missing: 1
2018/10/21-12:29:39.270934 7f0d558ee700                         Options.paranoid_checks: 1
2018/10/21-12:29:39.270935 7f0d558ee700                                     Options.env: 0x7f0c5bff83e0
2018/10/21-12:29:39.270936 7f0d558ee700                                Options.info_log: 0x7f0ccc3ddc10
2018/10/21-12:29:39.270937 7f0d558ee700                Options.max_file_opening_threads: 16
2018/10/21-12:29:39.270937 7f0d558ee700                              Options.statistics: (nil)
2018/10/21-12:29:39.270939 7f0d558ee700                               Options.use_fsync: 0
2018/10/21-12:29:39.270940 7f0d558ee700                       Options.max_log_file_size: 0
2018/10/21-12:29:39.270941 7f0d558ee700                  Options.max_manifest_file_size: 18446744073709551615
2018/10/21-12:29:39.270942 7f0d558ee700                   Options.log_file_time_to_roll: 0
2018/10/21-12:29:39.270943 7f0d558ee700                       Options.keep_log_file_num: 1000
2018/10/21-12:29:39.270943 7f0d558ee700                    Options.recycle_log_file_num: 0
2018/10/21-12:29:39.270944 7f0d558ee700                         Options.allow_fallocate: 1
2018/10/21-12:29:39.270945 7f0d558ee700                        Options.allow_mmap_reads: 0
2018/10/21-12:29:39.270946 7f0d558ee700                       Options.allow_mmap_writes: 0
2018/10/21-12:29:39.270947 7f0d558ee700                        Options.use_direct_reads: 0
2018/10/21-12:29:39.270948 7f0d558ee700                        Options.use_direct_io_for_flush_and_compaction: 0
2018/10/21-12:29:39.270949 7f0d558ee700          Options.create_missing_column_families: 1
2018/10/21-12:29:39.270949 7f0d558ee700                              Options.db_log_dir: 
2018/10/21-12:29:39.270950 7f0d558ee700                                 Options.wal_dir: /mnt/sdc1/ycsb-rocksdb-data
2018/10/21-12:29:39.270951 7f0d558ee700                Options.table_cache_numshardbits: 6
2018/10/21-12:29:39.270952 7f0d558ee700                      Options.max_subcompactions: 4
2018/10/21-12:29:39.270953 7f0d558ee700                  Options.max_background_flushes: 24
2018/10/21-12:29:39.270954 7f0d558ee700                         Options.WAL_ttl_seconds: 0
2018/10/21-12:29:39.270955 7f0d558ee700                       Options.WAL_size_limit_MB: 0
2018/10/21-12:29:39.270955 7f0d558ee700             Options.manifest_preallocation_size: 4194304
2018/10/21-12:29:39.270956 7f0d558ee700                     Options.is_fd_close_on_exec: 1
2018/10/21-12:29:39.270957 7f0d558ee700                   Options.advise_random_on_open: 1
2018/10/21-12:29:39.270958 7f0d558ee700                    Options.db_write_buffer_size: 0
2018/10/21-12:29:39.270959 7f0d558ee700                    Options.write_buffer_manager: 0x7f0ccc3d8520
2018/10/21-12:29:39.270960 7f0d558ee700         Options.access_hint_on_compaction_start: 1
2018/10/21-12:29:39.270960 7f0d558ee700  Options.new_table_reader_for_compaction_inputs: 0
2018/10/21-12:29:39.270961 7f0d558ee700           Options.random_access_max_buffer_size: 1048576
2018/10/21-12:29:39.270962 7f0d558ee700                      Options.use_adaptive_mutex: 0
2018/10/21-12:29:39.270963 7f0d558ee700                            Options.rate_limiter: (nil)
2018/10/21-12:29:39.270975 7f0d558ee700     Options.sst_file_manager.rate_bytes_per_sec: 0
2018/10/21-12:29:39.270976 7f0d558ee700                       Options.wal_recovery_mode: 2
2018/10/21-12:29:39.270977 7f0d558ee700                  Options.enable_thread_tracking: 0
2018/10/21-12:29:39.270978 7f0d558ee700                  Options.enable_pipelined_write: 1
2018/10/21-12:29:39.270978 7f0d558ee700         Options.allow_concurrent_memtable_write: 1
2018/10/21-12:29:39.270979 7f0d558ee700      Options.enable_write_thread_adaptive_yield: 1
2018/10/21-12:29:39.270980 7f0d558ee700             Options.write_thread_max_yield_usec: 100
2018/10/21-12:29:39.270981 7f0d558ee700            Options.write_thread_slow_yield_usec: 3
2018/10/21-12:29:39.270982 7f0d558ee700                               Options.row_cache: None
2018/10/21-12:29:39.270983 7f0d558ee700                              Options.wal_filter: None
2018/10/21-12:29:39.270984 7f0d558ee700             Options.avoid_flush_during_recovery: 0
2018/10/21-12:29:39.270984 7f0d558ee700             Options.allow_ingest_behind: 0
2018/10/21-12:29:39.270985 7f0d558ee700             Options.preserve_deletes: 0
2018/10/21-12:29:39.270986 7f0d558ee700             Options.two_write_queues: 0
2018/10/21-12:29:39.270987 7f0d558ee700             Options.manual_wal_flush: 0
2018/10/21-12:29:39.270989 7f0d558ee700             Options.max_background_jobs: 24
2018/10/21-12:29:39.270990 7f0d558ee700             Options.max_background_compactions: 24
2018/10/21-12:29:39.270991 7f0d558ee700             Options.avoid_flush_during_shutdown: 0
2018/10/21-12:29:39.270992 7f0d558ee700           Options.writable_file_max_buffer_size: 1048576
2018/10/21-12:29:39.270992 7f0d558ee700             Options.delayed_write_rate : 16777216
2018/10/21-12:29:39.270993 7f0d558ee700             Options.max_total_wal_size: 0
2018/10/21-12:29:39.270994 7f0d558ee700             Options.delete_obsolete_files_period_micros: 21600000000
2018/10/21-12:29:39.270995 7f0d558ee700                   Options.stats_dump_period_sec: 60
2018/10/21-12:29:39.270996 7f0d558ee700                          Options.max_open_files: -1
2018/10/21-12:29:39.270997 7f0d558ee700                          Options.bytes_per_sync: 1048576
2018/10/21-12:29:39.270998 7f0d558ee700                      Options.wal_bytes_per_sync: 0
2018/10/21-12:29:39.270999 7f0d558ee700       Options.compaction_readahead_size: 0
2018/10/21-12:29:39.271000 7f0d558ee700 Compression algorithms supported:
2018/10/21-12:29:39.271001 7f0d558ee700 	kZSTDNotFinalCompression supported: 1
2018/10/21-12:29:39.271010 7f0d558ee700 	kZSTD supported: 1
2018/10/21-12:29:39.271011 7f0d558ee700 	kXpressCompression supported: 0
2018/10/21-12:29:39.271012 7f0d558ee700 	kLZ4HCCompression supported: 1
2018/10/21-12:29:39.271013 7f0d558ee700 	kLZ4Compression supported: 1
2018/10/21-12:29:39.271014 7f0d558ee700 	kBZip2Compression supported: 1
2018/10/21-12:29:39.271015 7f0d558ee700 	kZlibCompression supported: 1
2018/10/21-12:29:39.271016 7f0d558ee700 	kSnappyCompression supported: 1
2018/10/21-12:29:39.271020 7f0d558ee700 Fast CRC32 supported: Supported on x86
2018/10/21-12:29:39.271768 7f0d558ee700 [db/version_set.cc:3085] Recovering from manifest file: MANIFEST-003495
2018/10/21-12:29:39.271860 7f0d558ee700 [db/column_family.cc:475] --------------- Options for column family [default]:
2018/10/21-12:29:39.271863 7f0d558ee700               Options.comparator: leveldb.BytewiseComparator
2018/10/21-12:29:39.271865 7f0d558ee700           Options.merge_operator: None
2018/10/21-12:29:39.271866 7f0d558ee700        Options.compaction_filter: None
2018/10/21-12:29:39.271866 7f0d558ee700        Options.compaction_filter_factory: None
2018/10/21-12:29:39.271867 7f0d558ee700         Options.memtable_factory: SkipListFactory
2018/10/21-12:29:39.271868 7f0d558ee700            Options.table_factory: BlockBasedTable
2018/10/21-12:29:39.271896 7f0d558ee700            table_factory options:   flush_block_policy_factory: FlushBlockBySizePolicyFactory (0x7f0ccc386d00)
  cache_index_and_filter_blocks: 0
  cache_index_and_filter_blocks_with_high_priority: 0
  pin_l0_filter_and_index_blocks_in_cache: 0
  index_type: 0
  hash_index_allow_collision: 1
  checksum: 1
  no_block_cache: 0
  block_cache: 0x7f0ccc391f60
  block_cache_name: LRUCache
  block_cache_options:
    capacity : 8388608
    num_shard_bits : 4
    strict_capacity_limit : 0
    high_pri_pool_ratio: 0.000
  block_cache_compressed: (nil)
  persistent_cache: (nil)
  block_size: 8192
  block_size_deviation: 10
  block_restart_interval: 16
  index_block_restart_interval: 1
  metadata_block_size: 4096
  partition_filters: 0
  use_delta_encoding: 1
  filter_policy: nullptr
  whole_key_filtering: 1
  verify_compression: 0
  read_amp_bytes_per_bit: 0
  format_version: 2
  enable_index_compression: 1
  block_align: 0
2018/10/21-12:29:39.271909 7f0d558ee700        Options.write_buffer_size: 134217728
2018/10/21-12:29:39.271911 7f0d558ee700  Options.max_write_buffer_number: 24
2018/10/21-12:29:39.271912 7f0d558ee700        Options.compression[0]: NoCompression
2018/10/21-12:29:39.271913 7f0d558ee700        Options.compression[1]: NoCompression
2018/10/21-12:29:39.271914 7f0d558ee700        Options.compression[2]: LZ4
2018/10/21-12:29:39.271915 7f0d558ee700        Options.compression[3]: LZ4
2018/10/21-12:29:39.271916 7f0d558ee700        Options.compression[4]: LZ4
2018/10/21-12:29:39.271917 7f0d558ee700        Options.compression[5]: LZ4
2018/10/21-12:29:39.271917 7f0d558ee700        Options.compression[6]: LZ4
2018/10/21-12:29:39.271918 7f0d558ee700                  Options.bottommost_compression: Disabled
2018/10/21-12:29:39.271919 7f0d558ee700       Options.prefix_extractor: nullptr
2018/10/21-12:29:39.271920 7f0d558ee700   Options.memtable_insert_with_hint_prefix_extractor: nullptr
2018/10/21-12:29:39.271921 7f0d558ee700             Options.num_levels: 7
2018/10/21-12:29:39.271922 7f0d558ee700        Options.min_write_buffer_number_to_merge: 2
2018/10/21-12:29:39.271923 7f0d558ee700     Options.max_write_buffer_number_to_maintain: 0
2018/10/21-12:29:39.271924 7f0d558ee700            Options.compression_opts.window_bits: -14
2018/10/21-12:29:39.271925 7f0d558ee700                  Options.compression_opts.level: -1
2018/10/21-12:29:39.271926 7f0d558ee700               Options.compression_opts.strategy: 0
2018/10/21-12:29:39.271927 7f0d558ee700         Options.compression_opts.max_dict_bytes: 0
2018/10/21-12:29:39.271928 7f0d558ee700         Options.compression_opts.zstd_max_train_bytes: 0
2018/10/21-12:29:39.271928 7f0d558ee700      Options.level0_file_num_compaction_trigger: 2
2018/10/21-12:29:39.271929 7f0d558ee700          Options.level0_slowdown_writes_trigger: 20
2018/10/21-12:29:39.271930 7f0d558ee700              Options.level0_stop_writes_trigger: 36
2018/10/21-12:29:39.271931 7f0d558ee700                   Options.target_file_size_base: 67108864
2018/10/21-12:29:39.271932 7f0d558ee700             Options.target_file_size_multiplier: 1
2018/10/21-12:29:39.271933 7f0d558ee700                Options.max_bytes_for_level_base: 536870912
2018/10/21-12:29:39.271934 7f0d558ee700 Options.level_compaction_dynamic_level_bytes: 0
2018/10/21-12:29:39.271935 7f0d558ee700          Options.max_bytes_for_level_multiplier: 10.000000
2018/10/21-12:29:39.271937 7f0d558ee700 Options.max_bytes_for_level_multiplier_addtl[0]: 1
2018/10/21-12:29:39.271939 7f0d558ee700 Options.max_bytes_for_level_multiplier_addtl[1]: 1
2018/10/21-12:29:39.271940 7f0d558ee700 Options.max_bytes_for_level_multiplier_addtl[2]: 1
2018/10/21-12:29:39.271940 7f0d558ee700 Options.max_bytes_for_level_multiplier_addtl[3]: 1
2018/10/21-12:29:39.271941 7f0d558ee700 Options.max_bytes_for_level_multiplier_addtl[4]: 1
2018/10/21-12:29:39.271942 7f0d558ee700 Options.max_bytes_for_level_multiplier_addtl[5]: 1
2018/10/21-12:29:39.271943 7f0d558ee700 Options.max_bytes_for_level_multiplier_addtl[6]: 1
2018/10/21-12:29:39.271944 7f0d558ee700       Options.max_sequential_skip_in_iterations: 8
2018/10/21-12:29:39.271945 7f0d558ee700                    Options.max_compaction_bytes: 1677721600
2018/10/21-12:29:39.271955 7f0d558ee700                        Options.arena_block_size: 16777216
2018/10/21-12:29:39.271956 7f0d558ee700   Options.soft_pending_compaction_bytes_limit: 68719476736
2018/10/21-12:29:39.271957 7f0d558ee700   Options.hard_pending_compaction_bytes_limit: 274877906944
2018/10/21-12:29:39.271958 7f0d558ee700       Options.rate_limit_delay_max_milliseconds: 100
2018/10/21-12:29:39.271959 7f0d558ee700                Options.disable_auto_compactions: 0
2018/10/21-12:29:39.271961 7f0d558ee700                        Options.compaction_style: kCompactionStyleLevel
2018/10/21-12:29:39.271963 7f0d558ee700                          Options.compaction_pri: kByCompensatedSize
2018/10/21-12:29:39.271964 7f0d558ee700 Options.compaction_options_universal.size_ratio: 1
2018/10/21-12:29:39.271964 7f0d558ee700 Options.compaction_options_universal.min_merge_width: 2
2018/10/21-12:29:39.271965 7f0d558ee700 Options.compaction_options_universal.max_merge_width: 4294967295
2018/10/21-12:29:39.271966 7f0d558ee700 Options.compaction_options_universal.max_size_amplification_percent: 200
2018/10/21-12:29:39.271967 7f0d558ee700 Options.compaction_options_universal.compression_size_percent: -1
2018/10/21-12:29:39.271969 7f0d558ee700 Options.compaction_options_universal.stop_style: kCompactionStopStyleTotalSize
2018/10/21-12:29:39.271970 7f0d558ee700 Options.compaction_options_fifo.max_table_files_size: 1073741824
2018/10/21-12:29:39.271970 7f0d558ee700 Options.compaction_options_fifo.allow_compaction: 0
2018/10/21-12:29:39.271971 7f0d558ee700 Options.compaction_options_fifo.ttl: 0
2018/10/21-12:29:39.271972 7f0d558ee700                   Options.table_properties_collectors: 
2018/10/21-12:29:39.271973 7f0d558ee700                   Options.inplace_update_support: 0
2018/10/21-12:29:39.271974 7f0d558ee700                 Options.inplace_update_num_locks: 10000
2018/10/21-12:29:39.271975 7f0d558ee700               Options.memtable_prefix_bloom_size_ratio: 0.000000
2018/10/21-12:29:39.271977 7f0d558ee700   Options.memtable_huge_page_size: 0
2018/10/21-12:29:39.271978 7f0d558ee700                           Options.bloom_locality: 0
2018/10/21-12:29:39.271979 7f0d558ee700                    Options.max_successive_merges: 0
2018/10/21-12:29:39.271979 7f0d558ee700                Options.optimize_filters_for_hits: 0
2018/10/21-12:29:39.271980 7f0d558ee700                Options.paranoid_file_checks: 0
2018/10/21-12:29:39.271981 7f0d558ee700                Options.force_consistency_checks: 0
2018/10/21-12:29:39.271982 7f0d558ee700                Options.report_bg_io_stats: 0
2018/10/21-12:29:39.271983 7f0d558ee700                               Options.ttl: 0
2018/10/21-12:29:39.272583 7f0d558ee700 [db/column_family.cc:475] --------------- Options for column family [usertable]:
2018/10/21-12:29:39.272588 7f0d558ee700               Options.comparator: leveldb.BytewiseComparator
2018/10/21-12:29:39.272590 7f0d558ee700           Options.merge_operator: None
2018/10/21-12:29:39.272590 7f0d558ee700        Options.compaction_filter: None
2018/10/21-12:29:39.272591 7f0d558ee700        Options.compaction_filter_factory: None
2018/10/21-12:29:39.272592 7f0d558ee700         Options.memtable_factory: SkipListFactory
2018/10/21-12:29:39.272593 7f0d558ee700            Options.table_factory: BlockBasedTable
2018/10/21-12:29:39.272619 7f0d558ee700            table_factory options:   flush_block_policy_factory: FlushBlockBySizePolicyFactory (0x7f0ccc386ce0)
  cache_index_and_filter_blocks: 0
  cache_index_and_filter_blocks_with_high_priority: 0
  pin_l0_filter_and_index_blocks_in_cache: 0
  index_type: 0
  hash_index_allow_collision: 1
  checksum: 1
  no_block_cache: 0
  block_cache: 0x7f0ccc392730
  block_cache_name: LRUCache
  block_cache_options:
    capacity : 8388608
    num_shard_bits : 4
    strict_capacity_limit : 0
    high_pri_pool_ratio: 0.000
  block_cache_compressed: (nil)
  persistent_cache: (nil)
  block_size: 8192
  block_size_deviation: 10
  block_restart_interval: 16
  index_block_restart_interval: 1
  metadata_block_size: 4096
  partition_filters: 0
  use_delta_encoding: 1
  filter_policy: nullptr
  whole_key_filtering: 1
  verify_compression: 0
  read_amp_bytes_per_bit: 0
  format_version: 2
  enable_index_compression: 1
  block_align: 0
2018/10/21-12:29:39.272633 7f0d558ee700        Options.write_buffer_size: 134217728
2018/10/21-12:29:39.272635 7f0d558ee700  Options.max_write_buffer_number: 24
2018/10/21-12:29:39.272636 7f0d558ee700        Options.compression[0]: NoCompression
2018/10/21-12:29:39.272637 7f0d558ee700        Options.compression[1]: NoCompression
2018/10/21-12:29:39.272638 7f0d558ee700        Options.compression[2]: LZ4
2018/10/21-12:29:39.272639 7f0d558ee700        Options.compression[3]: LZ4
2018/10/21-12:29:39.272640 7f0d558ee700        Options.compression[4]: LZ4
2018/10/21-12:29:39.272641 7f0d558ee700        Options.compression[5]: LZ4
2018/10/21-12:29:39.272642 7f0d558ee700        Options.compression[6]: LZ4
2018/10/21-12:29:39.272643 7f0d558ee700                  Options.bottommost_compression: Disabled
2018/10/21-12:29:39.272644 7f0d558ee700       Options.prefix_extractor: nullptr
2018/10/21-12:29:39.272644 7f0d558ee700   Options.memtable_insert_with_hint_prefix_extractor: nullptr
2018/10/21-12:29:39.272645 7f0d558ee700             Options.num_levels: 7
2018/10/21-12:29:39.272646 7f0d558ee700        Options.min_write_buffer_number_to_merge: 2
2018/10/21-12:29:39.272647 7f0d558ee700     Options.max_write_buffer_number_to_maintain: 0
2018/10/21-12:29:39.272648 7f0d558ee700            Options.compression_opts.window_bits: -14
2018/10/21-12:29:39.272649 7f0d558ee700                  Options.compression_opts.level: -1
2018/10/21-12:29:39.272650 7f0d558ee700               Options.compression_opts.strategy: 0
2018/10/21-12:29:39.272650 7f0d558ee700         Options.compression_opts.max_dict_bytes: 0
2018/10/21-12:29:39.272651 7f0d558ee700         Options.compression_opts.zstd_max_train_bytes: 0
2018/10/21-12:29:39.272652 7f0d558ee700      Options.level0_file_num_compaction_trigger: 2
2018/10/21-12:29:39.272653 7f0d558ee700          Options.level0_slowdown_writes_trigger: 20
2018/10/21-12:29:39.272654 7f0d558ee700              Options.level0_stop_writes_trigger: 36
2018/10/21-12:29:39.272655 7f0d558ee700                   Options.target_file_size_base: 67108864
2018/10/21-12:29:39.272656 7f0d558ee700             Options.target_file_size_multiplier: 1
2018/10/21-12:29:39.272656 7f0d558ee700                Options.max_bytes_for_level_base: 536870912
2018/10/21-12:29:39.272657 7f0d558ee700 Options.level_compaction_dynamic_level_bytes: 0
2018/10/21-12:29:39.272658 7f0d558ee700          Options.max_bytes_for_level_multiplier: 10.000000
2018/10/21-12:29:39.272661 7f0d558ee700 Options.max_bytes_for_level_multiplier_addtl[0]: 1
2018/10/21-12:29:39.272662 7f0d558ee700 Options.max_bytes_for_level_multiplier_addtl[1]: 1
2018/10/21-12:29:39.272663 7f0d558ee700 Options.max_bytes_for_level_multiplier_addtl[2]: 1
2018/10/21-12:29:39.272663 7f0d558ee700 Options.max_bytes_for_level_multiplier_addtl[3]: 1
2018/10/21-12:29:39.272664 7f0d558ee700 Options.max_bytes_for_level_multiplier_addtl[4]: 1
2018/10/21-12:29:39.272665 7f0d558ee700 Options.max_bytes_for_level_multiplier_addtl[5]: 1
2018/10/21-12:29:39.272666 7f0d558ee700 Options.max_bytes_for_level_multiplier_addtl[6]: 1
2018/10/21-12:29:39.272667 7f0d558ee700       Options.max_sequential_skip_in_iterations: 8
2018/10/21-12:29:39.272668 7f0d558ee700                    Options.max_compaction_bytes: 1677721600
2018/10/21-12:29:39.272668 7f0d558ee700                        Options.arena_block_size: 16777216
2018/10/21-12:29:39.272669 7f0d558ee700   Options.soft_pending_compaction_bytes_limit: 68719476736
2018/10/21-12:29:39.272670 7f0d558ee700   Options.hard_pending_compaction_bytes_limit: 274877906944
2018/10/21-12:29:39.272671 7f0d558ee700       Options.rate_limit_delay_max_milliseconds: 100
2018/10/21-12:29:39.272672 7f0d558ee700                Options.disable_auto_compactions: 0
2018/10/21-12:29:39.272673 7f0d558ee700                        Options.compaction_style: kCompactionStyleLevel
2018/10/21-12:29:39.272681 7f0d558ee700                          Options.compaction_pri: kByCompensatedSize
2018/10/21-12:29:39.272682 7f0d558ee700 Options.compaction_options_universal.size_ratio: 1
2018/10/21-12:29:39.272683 7f0d558ee700 Options.compaction_options_universal.min_merge_width: 2
2018/10/21-12:29:39.272684 7f0d558ee700 Options.compaction_options_universal.max_merge_width: 4294967295
2018/10/21-12:29:39.272685 7f0d558ee700 Options.compaction_options_universal.max_size_amplification_percent: 200
2018/10/21-12:29:39.272686 7f0d558ee700 Options.compaction_options_universal.compression_size_percent: -1
2018/10/21-12:29:39.272687 7f0d558ee700 Options.compaction_options_universal.stop_style: kCompactionStopStyleTotalSize
2018/10/21-12:29:39.272688 7f0d558ee700 Options.compaction_options_fifo.max_table_files_size: 1073741824
2018/10/21-12:29:39.272689 7f0d558ee700 Options.compaction_options_fifo.allow_compaction: 0
2018/10/21-12:29:39.272689 7f0d558ee700 Options.compaction_options_fifo.ttl: 0
2018/10/21-12:29:39.272690 7f0d558ee700                   Options.table_properties_collectors: 
2018/10/21-12:29:39.272691 7f0d558ee700                   Options.inplace_update_support: 0
2018/10/21-12:29:39.272692 7f0d558ee700                 Options.inplace_update_num_locks: 10000
2018/10/21-12:29:39.272693 7f0d558ee700               Options.memtable_prefix_bloom_size_ratio: 0.000000
2018/10/21-12:29:39.272694 7f0d558ee700   Options.memtable_huge_page_size: 0
2018/10/21-12:29:39.272695 7f0d558ee700                           Options.bloom_locality: 0
2018/10/21-12:29:39.272696 7f0d558ee700                    Options.max_successive_merges: 0
2018/10/21-12:29:39.272697 7f0d558ee700                Options.optimize_filters_for_hits: 0
2018/10/21-12:29:39.272698 7f0d558ee700                Options.paranoid_file_checks: 0
2018/10/21-12:29:39.272699 7f0d558ee700                Options.force_consistency_checks: 0
2018/10/21-12:29:39.272699 7f0d558ee700                Options.report_bg_io_stats: 0
2018/10/21-12:29:39.272700 7f0d558ee700                               Options.ttl: 0
2018/10/21-12:29:39.508849 7f0d558ee700 [db/version_set.cc:3361] Recovered from manifest file:/mnt/sdc1/ycsb-rocksdb-data/MANIFEST-003495 succeeded,manifest_file_number is 3495, next_file_number is 3989, last_sequence is 14351466, log_number is 0,prev_log_number is 0,max_column_family is 1,min_log_number_to_keep is 0
2018/10/21-12:29:39.508861 7f0d558ee700 [db/version_set.cc:3369] Column family [default] (ID 0), log number is 3493
2018/10/21-12:29:39.508863 7f0d558ee700 [db/version_set.cc:3369] Column family [usertable] (ID 1), log number is 3986
2018/10/21-12:29:39.509900 7f0d558ee700 EVENT_LOG_v1 {"time_micros": 1540150179509884, "job": 1, "event": "recovery_started", "log_files": [3986]}
2018/10/21-12:29:39.509907 7f0d558ee700 [db/db_impl_open.cc:551] Recovering log #3986 mode 2
2018/10/21-12:29:39.716068 7f0d558ee700 [db/version_set.cc:2847] Creating manifest 3989
2018/10/21-12:29:40.149927 7f0d558ee700 EVENT_LOG_v1 {"time_micros": 1540150180149905, "cf_name": "usertable", "job": 1, "event": "table_file_creation", "file_number": 3990, "file_size": 49624184, "table_properties": {"data_size": 49413955, "index_size": 209308, "filter_size": 0, "raw_key_size": 287568, "raw_average_key_size": 24, "raw_value_size": 49078272, "raw_average_value_size": 4096, "num_data_blocks": 5991, "num_entries": 11982, "filter_policy_name": "", "kDeletedKeys": "0", "kMergeOperands": "0"}}
2018/10/21-12:29:40.213914 7f0d558ee700 EVENT_LOG_v1 {"time_micros": 1540150180213911, "job": 1, "event": "recovery_finished"}
2018/10/21-12:29:40.366450 7f0d558ee700 [db/db_impl_open.cc:1219] DB pointer 0x7f0ccc3dcca0
2018/10/21-12:29:40.366879 7f0d208ef700 [WARN] [db/db_impl.cc:491] ------- DUMPING STATS -------
2018/10/21-12:29:40.366938 7f0d208ef700 [WARN] [db/db_impl.cc:492] 
** DB Stats **
Uptime(secs): 1.1 total, 1.1 interval
Cumulative writes: 0 writes, 0 keys, 0 commit groups, 0.0 writes per commit group, ingest: 0.00 GB, 0.00 MB/s
Cumulative WAL: 0 writes, 0 syncs, 0.00 writes per sync, written: 0.00 GB, 0.00 MB/s
Cumulative stall: 00:00:0.000 H:M:S, 0.0 percent
Interval writes: 0 writes, 0 keys, 0 commit groups, 0.0 writes per commit group, ingest: 0.00 MB, 0.00 MB/s
Interval WAL: 0 writes, 0 syncs, 0.00 writes per sync, written: 0.00 MB, 0.00 MB/s
Interval stall: 00:00:0.000 H:M:S, 0.0 percent

** Compaction Stats [default] **
Level    Files   Size     Score Read(GB)  Rn(GB) Rnp1(GB) Write(GB) Wnew(GB) Moved(GB) W-Amp Rd(MB/s) Wr(MB/s) Comp(sec) Comp(cnt) Avg(sec) KeyIn KeyDrop
----------------------------------------------------------------------------------------------------------------------------------------------------------
 Sum      0/0    0.00 KB   0.0      0.0     0.0      0.0       0.0      0.0       0.0   0.0      0.0      0.0         0         0    0.000       0      0
 Int      0/0    0.00 KB   0.0      0.0     0.0      0.0       0.0      0.0       0.0   0.0      0.0      0.0         0         0    0.000       0      0
Uptime(secs): 1.1 total, 1.1 interval
Flush(GB): cumulative 0.000, interval 0.000
AddFile(GB): cumulative 0.000, interval 0.000
AddFile(Total Files): cumulative 0, interval 0
AddFile(L0 Files): cumulative 0, interval 0
AddFile(Keys): cumulative 0, interval 0
Cumulative compaction: 0.00 GB write, 0.00 MB/s write, 0.00 GB read, 0.00 MB/s read, 0.0 seconds
Interval compaction: 0.00 GB write, 0.00 MB/s write, 0.00 GB read, 0.00 MB/s read, 0.0 seconds
Stalls(count): 0 level0_slowdown, 0 level0_slowdown_with_compaction, 0 level0_numfiles, 0 level0_numfiles_with_compaction, 0 stop for pending_compaction_bytes, 0 slowdown for pending_compaction_bytes, 0 memtable_compaction, 0 memtable_slowdown, interval 0 total count

** File Read Latency Histogram By Level [default] **

** Compaction Stats [usertable] **
Level    Files   Size     Score Read(GB)  Rn(GB) Rnp1(GB) Write(GB) Wnew(GB) Moved(GB) W-Amp Rd(MB/s) Wr(MB/s) Comp(sec) Comp(cnt) Avg(sec) KeyIn KeyDrop
----------------------------------------------------------------------------------------------------------------------------------------------------------
  L0      3/0   343.34 MB   1.5      0.0     0.0      0.0       0.0      0.0       0.0   1.0      0.0    126.2         0         1    0.375       0      0
  L1     20/0    1.04 GB   2.1      0.0     0.0      0.0       0.0      0.0       0.0   0.0      0.0      0.0         0         0    0.000       0      0
  L2     97/0    5.47 GB   1.1      0.0     0.0      0.0       0.0      0.0       0.0   0.0      0.0      0.0         0         0    0.000       0      0
  L3    170/0    9.04 GB   0.2      0.0     0.0      0.0       0.0      0.0       0.0   0.0      0.0      0.0         0         0    0.000       0      0
 Sum    290/0   15.89 GB   0.0      0.0     0.0      0.0       0.0      0.0       0.0   1.0      0.0    126.2         0         1    0.375       0      0
 Int      0/0    0.00 KB   0.0      0.0     0.0      0.0       0.0      0.0       0.0   1.0      0.0    126.2         0         1    0.375       0      0
Uptime(secs): 1.1 total, 1.1 interval
Flush(GB): cumulative 0.046, interval 0.046
AddFile(GB): cumulative 0.000, interval 0.000
AddFile(Total Files): cumulative 0, interval 0
AddFile(L0 Files): cumulative 0, interval 0
AddFile(Keys): cumulative 0, interval 0
Cumulative compaction: 0.05 GB write, 43.25 MB/s write, 0.00 GB read, 0.00 MB/s read, 0.4 seconds
Interval compaction: 0.05 GB write, 43.25 MB/s write, 0.00 GB read, 0.00 MB/s read, 0.4 seconds
Stalls(count): 0 level0_slowdown, 0 level0_slowdown_with_compaction, 0 level0_numfiles, 0 level0_numfiles_with_compaction, 0 stop for pending_compaction_bytes, 0 slowdown for pending_compaction_bytes, 0 memtable_compaction, 0 memtable_slowdown, interval 0 total count

** File Read Latency Histogram By Level [usertable] **

** Compaction Stats [default] **
Level    Files   Size     Score Read(GB)  Rn(GB) Rnp1(GB) Write(GB) Wnew(GB) Moved(GB) W-Amp Rd(MB/s) Wr(MB/s) Comp(sec) Comp(cnt) Avg(sec) KeyIn KeyDrop
----------------------------------------------------------------------------------------------------------------------------------------------------------
 Sum      0/0    0.00 KB   0.0      0.0     0.0      0.0       0.0      0.0       0.0   0.0      0.0      0.0         0         0    0.000       0      0
 Int      0/0    0.00 KB   0.0      0.0     0.0      0.0       0.0      0.0       0.0   0.0      0.0      0.0         0         0    0.000       0      0
Uptime(secs): 1.1 total, 0.0 interval
Flush(GB): cumulative 0.000, interval 0.000
AddFile(GB): cumulative 0.000, interval 0.000
AddFile(Total Files): cumulative 0, interval 0
AddFile(L0 Files): cumulative 0, interval 0
AddFile(Keys): cumulative 0, interval 0
Cumulative compaction: 0.00 GB write, 0.00 MB/s write, 0.00 GB read, 0.00 MB/s read, 0.0 seconds
Interval compaction: 0.00 GB write, 0.00 MB/s write, 0.00 GB read, 0.00 MB/s read, 0.0 seconds
Stalls(count): 0 level0_slowdown, 0 level0_slowdown_with_compaction, 0 level0_numfiles, 0 level0_numfiles_with_compaction, 0 stop for pending_compaction_bytes, 0 slowdown for pending_compaction_bytes, 0 memtable_compaction, 0 memtable_slowdown, interval 0 total count

** File Read Latency Histogram By Level [default] **

** Compaction Stats [usertable] **
Level    Files   Size     Score Read(GB)  Rn(GB) Rnp1(GB) Write(GB) Wnew(GB) Moved(GB) W-Amp Rd(MB/s) Wr(MB/s) Comp(sec) Comp(cnt) Avg(sec) KeyIn KeyDrop
----------------------------------------------------------------------------------------------------------------------------------------------------------
  L0      3/0   343.34 MB   1.5      0.0     0.0      0.0       0.0      0.0       0.0   1.0      0.0    126.2         0         1    0.375       0      0
  L1     20/0    1.04 GB   2.1      0.0     0.0      0.0       0.0      0.0       0.0   0.0      0.0      0.0         0         0    0.000       0      0
  L2     97/0    5.47 GB   1.1      0.0     0.0      0.0       0.0      0.0       0.0   0.0      0.0      0.0         0         0    0.000       0      0
  L3    170/0    9.04 GB   0.2      0.0     0.0      0.0       0.0      0.0       0.0   0.0      0.0      0.0         0         0    0.000       0      0
 Sum    290/0   15.89 GB   0.0      0.0     0.0      0.0       0.0      0.0       0.0   1.0      0.0    126.2         0         1    0.375       0      0
 Int      0/0    0.00 KB   0.0      0.0     0.0      0.0       0.0      0.0       0.0   0.0      0.0      0.0         0         0    0.000       0      0
Uptime(secs): 1.1 total, 0.0 interval
Flush(GB): cumulative 0.046, interval 0.000
AddFile(GB): cumulative 0.000, interval 0.000
AddFile(Total Files): cumulative 0, interval 0
AddFile(L0 Files): cumulative 0, interval 0
AddFile(Keys): cumulative 0, interval 0
Cumulative compaction: 0.05 GB write, 43.25 MB/s write, 0.00 GB read, 0.00 MB/s read, 0.4 seconds
Interval compaction: 0.00 GB write, 0.00 MB/s write, 0.00 GB read, 0.00 MB/s read, 0.0 seconds
Stalls(count): 0 level0_slowdown, 0 level0_slowdown_with_compaction, 0 level0_numfiles, 0 level0_numfiles_with_compaction, 0 stop for pending_compaction_bytes, 0 slowdown for pending_compaction_bytes, 0 memtable_compaction, 0 memtable_slowdown, interval 0 total count

** File Read Latency Histogram By Level [usertable] **
2018/10/21-12:29:40.367123 7f0d208ef700 [db/compaction_job.cc:1531] [usertable] [JOB 3] Compacting 1@1 + 4@2 files to L2, score 2.09
2018/10/21-12:29:40.367147 7f0d208ef700 [db/compaction_job.cc:1535] [usertable] Compaction start summary: Base version 5 Base level 1, inputs: [3979(64MB)], [3687(64MB) 3699(64MB) 3828(64MB) 3836(64MB)]
2018/10/21-12:29:40.367183 7f0d208ef700 EVENT_LOG_v1 {"time_micros": 1540150180367155, "job": 3, "event": "compaction_started", "compaction_reason": "LevelMaxLevelSize", "files_L1": [3979], "files_L2": [3687, 3699, 3828, 3836], "score": 2.08639, "input_data_size": 336438618}
2018/10/21-12:29:41.942748 7f0d208ef700 [db/compaction_job.cc:1211] [usertable] [JOB 3] Generated table #3994: 16279 keys, 67257290 bytes
2018/10/21-12:29:41.942787 7f0d208ef700 EVENT_LOG_v1 {"time_micros": 1540150181942768, "cf_name": "usertable", "job": 3, "event": "table_file_creation", "file_number": 3994, "file_size": 67257290, "table_properties": {"data_size": 67120019, "index_size": 299298, "filter_size": 0, "raw_key_size": 390696, "raw_average_key_size": 24, "raw_value_size": 66678784, "raw_average_value_size": 4096, "num_data_blocks": 8140, "num_entries": 16279, "filter_policy_name": "", "kDeletedKeys": "0", "kMergeOperands": "0"}}
2018/10/21-12:29:42.881347 7f0d208ef700 [db/compaction_job.cc:1211] [usertable] [JOB 3] Generated table #3995: 16279 keys, 67261908 bytes
2018/10/21-12:29:42.881387 7f0d208ef700 EVENT_LOG_v1 {"time_micros": 1540150182881370, "cf_name": "usertable", "job": 3, "event": "table_file_creation", "file_number": 3995, "file_size": 67261908, "table_properties": {"data_size": 67119805, "index_size": 299986, "filter_size": 0, "raw_key_size": 390696, "raw_average_key_size": 24, "raw_value_size": 66678784, "raw_average_value_size": 4096, "num_data_blocks": 8140, "num_entries": 16279, "filter_policy_name": "", "kDeletedKeys": "0", "kMergeOperands": "0"}}
2018/10/21-12:29:43.953409 7f0d208ef700 [db/compaction_job.cc:1211] [usertable] [JOB 3] Generated table #3996: 16279 keys, 67257640 bytes
2018/10/21-12:29:43.953447 7f0d208ef700 EVENT_LOG_v1 {"time_micros": 1540150183953432, "cf_name": "usertable", "job": 3, "event": "table_file_creation", "file_number": 3996, "file_size": 67257640, "table_properties": {"data_size": 67119223, "index_size": 299276, "filter_size": 0, "raw_key_size": 390696, "raw_average_key_size": 24, "raw_value_size": 66678784, "raw_average_value_size": 4096, "num_data_blocks": 8140, "num_entries": 16279, "filter_policy_name": "", "kDeletedKeys": "0", "kMergeOperands": "0"}}
2018/10/21-12:29:44.868778 7f0d208ef700 [db/compaction_job.cc:1211] [usertable] [JOB 3] Generated table #3997: 16279 keys, 67256117 bytes
2018/10/21-12:29:44.868816 7f0d208ef700 EVENT_LOG_v1 {"time_micros": 1540150184868799, "cf_name": "usertable", "job": 3, "event": "table_file_creation", "file_number": 3997, "file_size": 67256117, "table_properties": {"data_size": 67120742, "index_size": 299000, "filter_size": 0, "raw_key_size": 390696, "raw_average_key_size": 24, "raw_value_size": 66678784, "raw_average_value_size": 4096, "num_data_blocks": 8140, "num_entries": 16279, "filter_policy_name": "", "kDeletedKeys": "0", "kMergeOperands": "0"}}
2018/10/21-12:29:45.383074 7f0d208ef700 [db/compaction_job.cc:1211] [usertable] [JOB 3] Generated table #3998: 6157 keys, 25437566 bytes
2018/10/21-12:29:45.383115 7f0d208ef700 EVENT_LOG_v1 {"time_micros": 1540150185383096, "cf_name": "usertable", "job": 3, "event": "table_file_creation", "file_number": 3998, "file_size": 25437566, "table_properties": {"data_size": 25386116, "index_size": 112848, "filter_size": 0, "raw_key_size": 147768, "raw_average_key_size": 24, "raw_value_size": 25219072, "raw_average_value_size": 4096, "num_data_blocks": 3079, "num_entries": 6157, "filter_policy_name": "", "kDeletedKeys": "0", "kMergeOperands": "0"}}
2018/10/21-12:29:45.383173 7f0d208ef700 [db/compaction_job.cc:1287] [usertable] [JOB 3] Compacted 1@1 + 4@2 files to L2 => 294470521 bytes
2018/10/21-12:29:45.425462 7f0d208ef700 (Original Log Time 2018/10/21-12:29:45.425304) [db/compaction_job.cc:685] [usertable] compacted to: base level 1 max bytes base 536870912 files[3 19 98 170 0 0 0] max score 1.96, MB/sec: 67.1 rd, 58.7 wr, level 2, files in(1, 4) out(5) MB in(64.3, 256.6) out(280.8), read-write-amplify(9.4) write-amplify(4.4) OK, records in: 81393, records dropped: 10120 output_compression: LZ4
2018/10/21-12:29:45.425468 7f0d208ef700 (Original Log Time 2018/10/21-12:29:45.425361) EVENT_LOG_v1 {"time_micros": 1540150185425345, "job": 3, "event": "compaction_finished", "compaction_time_micros": 5015931, "output_level": 2, "num_output_files": 5, "total_output_size": 294470521, "num_input_records": 81393, "num_output_records": 71273, "num_subcompactions": 1, "output_compression": "LZ4", "num_single_delete_mismatches": 0, "num_single_delete_fallthrough": 0, "lsm_state": [3, 19, 98, 170, 0, 0, 0]}
2018/10/21-12:29:45.425554 7f0d208ef700 [db/compaction_job.cc:1531] [usertable] [JOB 4] Compacting 1@1 + 7@2 files to L2, score 1.96
2018/10/21-12:29:45.425561 7f0d208ef700 [db/compaction_job.cc:1535] [usertable] Compaction start summary: Base version 6 Base level 1, inputs: [3957(64MB)], [3818(64MB) 3819(64MB) 3820(64MB) 3821(64MB) 3832(64MB) 3834(64MB) 3842(64MB)]
2018/10/21-12:29:45.425582 7f0d208ef700 EVENT_LOG_v1 {"time_micros": 1540150185425569, "job": 4, "event": "compaction_started", "compaction_reason": "LevelMaxLevelSize", "files_L1": [3957], "files_L2": [3818, 3819, 3820, 3821, 3832, 3834, 3842], "score": 1.96083, "input_data_size": 538218045}
2018/10/21-12:29:46.455177 7f0d208ef700 [db/compaction_job.cc:1211] [usertable] [JOB 4] Generated table #3999: 16279 keys, 67258660 bytes
2018/10/21-12:29:46.455216 7f0d208ef700 EVENT_LOG_v1 {"time_micros": 1540150186455198, "cf_name": "usertable", "job": 4, "event": "table_file_creation", "file_number": 3999, "file_size": 67258660, "table_properties": {"data_size": 67118331, "index_size": 299110, "filter_size": 0, "raw_key_size": 390696, "raw_average_key_size": 24, "raw_value_size": 66678784, "raw_average_value_size": 4096, "num_data_blocks": 8140, "num_entries": 16279, "filter_policy_name": "", "kDeletedKeys": "0", "kMergeOperands": "0"}}
2018/10/21-12:29:47.406882 7f0d208ef700 [db/compaction_job.cc:1211] [usertable] [JOB 4] Generated table #4000: 16279 keys, 67261045 bytes
2018/10/21-12:29:47.406922 7f0d208ef700 EVENT_LOG_v1 {"time_micros": 1540150187406904, "cf_name": "usertable", "job": 4, "event": "table_file_creation", "file_number": 4000, "file_size": 67261045, "table_properties": {"data_size": 67119599, "index_size": 299592, "filter_size": 0, "raw_key_size": 390696, "raw_average_key_size": 24, "raw_value_size": 66678784, "raw_average_value_size": 4096, "num_data_blocks": 8140, "num_entries": 16279, "filter_policy_name": "", "kDeletedKeys": "0", "kMergeOperands": "0"}}
2018/10/21-12:29:48.716592 7f0d208ef700 [db/compaction_job.cc:1211] [usertable] [JOB 4] Generated table #4001: 16279 keys, 67260718 bytes
2018/10/21-12:29:48.716632 7f0d208ef700 EVENT_LOG_v1 {"time_micros": 1540150188716615, "cf_name": "usertable", "job": 4, "event": "table_file_creation", "file_number": 4001, "file_size": 67260718, "table_properties": {"data_size": 67119624, "index_size": 299616, "filter_size": 0, "raw_key_size": 390696, "raw_average_key_size": 24, "raw_value_size": 66678784, "raw_average_value_size": 4096, "num_data_blocks": 8140, "num_entries": 16279, "filter_policy_name": "", "kDeletedKeys": "0", "kMergeOperands": "0"}}
2018/10/21-12:29:49.832342 7f0d208ef700 [db/compaction_job.cc:1211] [usertable] [JOB 4] Generated table #4002: 16279 keys, 67257356 bytes
