2018/10/21-12:09:47.614703 7f1552ed9700 RocksDB version: 5.14.3
2018/10/21-12:09:47.614764 7f1552ed9700 Git sha rocksdb_build_git_sha:
2018/10/21-12:09:47.614767 7f1552ed9700 Compile date Oct 15 2018
2018/10/21-12:09:47.614771 7f1552ed9700 DB SUMMARY
2018/10/21-12:09:47.614916 7f1552ed9700 CURRENT file:  CURRENT
2018/10/21-12:09:47.614918 7f1552ed9700 IDENTITY file:  IDENTITY
2018/10/21-12:09:47.614928 7f1552ed9700 MANIFEST file:  MANIFEST-001832 size: 38755 Bytes
2018/10/21-12:09:47.614931 7f1552ed9700 SST files in /mnt/sdc1/ycsb-rocksdb-data dir, Total Num: 232, files: 000614.sst 000913.sst 000987.sst 000988.sst 001005.sst 001006.sst 001008.sst 001032.sst 001033.sst 
2018/10/21-12:09:47.614932 7f1552ed9700 Write Ahead Log file in /mnt/sdc1/ycsb-rocksdb-data: 002225.log size: 26522546 ; 
2018/10/21-12:09:47.614935 7f1552ed9700                         Options.error_if_exists: 0
2018/10/21-12:09:47.614936 7f1552ed9700                       Options.create_if_missing: 1
2018/10/21-12:09:47.614937 7f1552ed9700                         Options.paranoid_checks: 1
2018/10/21-12:09:47.614938 7f1552ed9700                                     Options.env: 0x7f1550c9a3e0
2018/10/21-12:09:47.614939 7f1552ed9700                                Options.info_log: 0x7f14c43d58e0
2018/10/21-12:09:47.614940 7f1552ed9700                Options.max_file_opening_threads: 16
2018/10/21-12:09:47.614941 7f1552ed9700                              Options.statistics: (nil)
2018/10/21-12:09:47.614942 7f1552ed9700                               Options.use_fsync: 0
2018/10/21-12:09:47.614943 7f1552ed9700                       Options.max_log_file_size: 0
2018/10/21-12:09:47.614944 7f1552ed9700                  Options.max_manifest_file_size: 18446744073709551615
2018/10/21-12:09:47.614945 7f1552ed9700                   Options.log_file_time_to_roll: 0
2018/10/21-12:09:47.614946 7f1552ed9700                       Options.keep_log_file_num: 1000
2018/10/21-12:09:47.614947 7f1552ed9700                    Options.recycle_log_file_num: 0
2018/10/21-12:09:47.614948 7f1552ed9700                         Options.allow_fallocate: 1
2018/10/21-12:09:47.614948 7f1552ed9700                        Options.allow_mmap_reads: 0
2018/10/21-12:09:47.614949 7f1552ed9700                       Options.allow_mmap_writes: 0
2018/10/21-12:09:47.614950 7f1552ed9700                        Options.use_direct_reads: 0
2018/10/21-12:09:47.614951 7f1552ed9700                        Options.use_direct_io_for_flush_and_compaction: 0
2018/10/21-12:09:47.614952 7f1552ed9700          Options.create_missing_column_families: 1
2018/10/21-12:09:47.614953 7f1552ed9700                              Options.db_log_dir: 
2018/10/21-12:09:47.614954 7f1552ed9700                                 Options.wal_dir: /mnt/sdc1/ycsb-rocksdb-data
2018/10/21-12:09:47.614955 7f1552ed9700                Options.table_cache_numshardbits: 6
2018/10/21-12:09:47.614955 7f1552ed9700                      Options.max_subcompactions: 4
2018/10/21-12:09:47.614956 7f1552ed9700                  Options.max_background_flushes: 24
2018/10/21-12:09:47.614957 7f1552ed9700                         Options.WAL_ttl_seconds: 0
2018/10/21-12:09:47.614958 7f1552ed9700                       Options.WAL_size_limit_MB: 0
2018/10/21-12:09:47.614959 7f1552ed9700             Options.manifest_preallocation_size: 4194304
2018/10/21-12:09:47.614960 7f1552ed9700                     Options.is_fd_close_on_exec: 1
2018/10/21-12:09:47.614961 7f1552ed9700                   Options.advise_random_on_open: 1
2018/10/21-12:09:47.614961 7f1552ed9700                    Options.db_write_buffer_size: 0
2018/10/21-12:09:47.614962 7f1552ed9700                    Options.write_buffer_manager: 0x7f14c43d0460
2018/10/21-12:09:47.614963 7f1552ed9700         Options.access_hint_on_compaction_start: 1
2018/10/21-12:09:47.614964 7f1552ed9700  Options.new_table_reader_for_compaction_inputs: 0
2018/10/21-12:09:47.614965 7f1552ed9700           Options.random_access_max_buffer_size: 1048576
2018/10/21-12:09:47.614966 7f1552ed9700                      Options.use_adaptive_mutex: 0
2018/10/21-12:09:47.614966 7f1552ed9700                            Options.rate_limiter: (nil)
2018/10/21-12:09:47.614978 7f1552ed9700     Options.sst_file_manager.rate_bytes_per_sec: 0
2018/10/21-12:09:47.614980 7f1552ed9700                       Options.wal_recovery_mode: 2
2018/10/21-12:09:47.614981 7f1552ed9700                  Options.enable_thread_tracking: 0
2018/10/21-12:09:47.614981 7f1552ed9700                  Options.enable_pipelined_write: 1
2018/10/21-12:09:47.614982 7f1552ed9700         Options.allow_concurrent_memtable_write: 1
2018/10/21-12:09:47.614983 7f1552ed9700      Options.enable_write_thread_adaptive_yield: 1
2018/10/21-12:09:47.614984 7f1552ed9700             Options.write_thread_max_yield_usec: 100
2018/10/21-12:09:47.614985 7f1552ed9700            Options.write_thread_slow_yield_usec: 3
2018/10/21-12:09:47.614986 7f1552ed9700                               Options.row_cache: None
2018/10/21-12:09:47.614986 7f1552ed9700                              Options.wal_filter: None
2018/10/21-12:09:47.614987 7f1552ed9700             Options.avoid_flush_during_recovery: 0
2018/10/21-12:09:47.614988 7f1552ed9700             Options.allow_ingest_behind: 0
2018/10/21-12:09:47.614989 7f1552ed9700             Options.preserve_deletes: 0
2018/10/21-12:09:47.614990 7f1552ed9700             Options.two_write_queues: 0
2018/10/21-12:09:47.614992 7f1552ed9700             Options.manual_wal_flush: 0
2018/10/21-12:09:47.614995 7f1552ed9700             Options.max_background_jobs: 24
2018/10/21-12:09:47.614997 7f1552ed9700             Options.max_background_compactions: 24
2018/10/21-12:09:47.614998 7f1552ed9700             Options.avoid_flush_during_shutdown: 0
2018/10/21-12:09:47.615000 7f1552ed9700           Options.writable_file_max_buffer_size: 1048576
2018/10/21-12:09:47.615001 7f1552ed9700             Options.delayed_write_rate : 16777216
2018/10/21-12:09:47.615003 7f1552ed9700             Options.max_total_wal_size: 0
2018/10/21-12:09:47.615004 7f1552ed9700             Options.delete_obsolete_files_period_micros: 21600000000
2018/10/21-12:09:47.615006 7f1552ed9700                   Options.stats_dump_period_sec: 60
2018/10/21-12:09:47.615008 7f1552ed9700                          Options.max_open_files: -1
2018/10/21-12:09:47.615009 7f1552ed9700                          Options.bytes_per_sync: 1048576
2018/10/21-12:09:47.615011 7f1552ed9700                      Options.wal_bytes_per_sync: 0
2018/10/21-12:09:47.615013 7f1552ed9700       Options.compaction_readahead_size: 0
2018/10/21-12:09:47.615014 7f1552ed9700 Compression algorithms supported:
2018/10/21-12:09:47.615016 7f1552ed9700 	kZSTDNotFinalCompression supported: 1
2018/10/21-12:09:47.615027 7f1552ed9700 	kZSTD supported: 1
2018/10/21-12:09:47.615030 7f1552ed9700 	kXpressCompression supported: 0
2018/10/21-12:09:47.615032 7f1552ed9700 	kLZ4HCCompression supported: 1
2018/10/21-12:09:47.615034 7f1552ed9700 	kLZ4Compression supported: 1
2018/10/21-12:09:47.615036 7f1552ed9700 	kBZip2Compression supported: 1
2018/10/21-12:09:47.615038 7f1552ed9700 	kZlibCompression supported: 1
2018/10/21-12:09:47.615040 7f1552ed9700 	kSnappyCompression supported: 1
2018/10/21-12:09:47.615045 7f1552ed9700 Fast CRC32 supported: Supported on x86
2018/10/21-12:09:47.615487 7f1552ed9700 [db/version_set.cc:3085] Recovering from manifest file: MANIFEST-001832
2018/10/21-12:09:47.615572 7f1552ed9700 [db/column_family.cc:475] --------------- Options for column family [default]:
2018/10/21-12:09:47.615575 7f1552ed9700               Options.comparator: leveldb.BytewiseComparator
2018/10/21-12:09:47.615576 7f1552ed9700           Options.merge_operator: None
2018/10/21-12:09:47.615577 7f1552ed9700        Options.compaction_filter: None
2018/10/21-12:09:47.615578 7f1552ed9700        Options.compaction_filter_factory: None
2018/10/21-12:09:47.615579 7f1552ed9700         Options.memtable_factory: SkipListFactory
2018/10/21-12:09:47.615580 7f1552ed9700            Options.table_factory: BlockBasedTable
2018/10/21-12:09:47.615612 7f1552ed9700            table_factory options:   flush_block_policy_factory: FlushBlockBySizePolicyFactory (0x7f14c4386aa0)
  cache_index_and_filter_blocks: 0
  cache_index_and_filter_blocks_with_high_priority: 0
  pin_l0_filter_and_index_blocks_in_cache: 0
  index_type: 0
  hash_index_allow_collision: 1
  checksum: 1
  no_block_cache: 0
  block_cache: 0x7f14c4391c40
  block_cache_name: LRUCache
  block_cache_options:
    capacity : 8388608
    num_shard_bits : 4
    strict_capacity_limit : 0
    high_pri_pool_ratio: 0.000
  block_cache_compressed: (nil)
  persistent_cache: (nil)
  block_size: 8192
  block_size_deviation: 10
  block_restart_interval: 16
  index_block_restart_interval: 1
  metadata_block_size: 4096
  partition_filters: 0
  use_delta_encoding: 1
  filter_policy: nullptr
  whole_key_filtering: 1
  verify_compression: 0
  read_amp_bytes_per_bit: 0
  format_version: 2
  enable_index_compression: 1
  block_align: 0
2018/10/21-12:09:47.615625 7f1552ed9700        Options.write_buffer_size: 134217728
2018/10/21-12:09:47.615626 7f1552ed9700  Options.max_write_buffer_number: 24
2018/10/21-12:09:47.615627 7f1552ed9700        Options.compression[0]: NoCompression
2018/10/21-12:09:47.615629 7f1552ed9700        Options.compression[1]: NoCompression
2018/10/21-12:09:47.615630 7f1552ed9700        Options.compression[2]: LZ4
2018/10/21-12:09:47.615631 7f1552ed9700        Options.compression[3]: LZ4
2018/10/21-12:09:47.615631 7f1552ed9700        Options.compression[4]: LZ4
2018/10/21-12:09:47.615632 7f1552ed9700        Options.compression[5]: LZ4
2018/10/21-12:09:47.615633 7f1552ed9700        Options.compression[6]: LZ4
2018/10/21-12:09:47.615634 7f1552ed9700                  Options.bottommost_compression: Disabled
2018/10/21-12:09:47.615635 7f1552ed9700       Options.prefix_extractor: nullptr
2018/10/21-12:09:47.615636 7f1552ed9700   Options.memtable_insert_with_hint_prefix_extractor: nullptr
2018/10/21-12:09:47.615637 7f1552ed9700             Options.num_levels: 7
2018/10/21-12:09:47.615638 7f1552ed9700        Options.min_write_buffer_number_to_merge: 2
2018/10/21-12:09:47.615639 7f1552ed9700     Options.max_write_buffer_number_to_maintain: 0
2018/10/21-12:09:47.615639 7f1552ed9700            Options.compression_opts.window_bits: -14
2018/10/21-12:09:47.615640 7f1552ed9700                  Options.compression_opts.level: -1
2018/10/21-12:09:47.615641 7f1552ed9700               Options.compression_opts.strategy: 0
2018/10/21-12:09:47.615642 7f1552ed9700         Options.compression_opts.max_dict_bytes: 0
2018/10/21-12:09:47.615643 7f1552ed9700         Options.compression_opts.zstd_max_train_bytes: 0
2018/10/21-12:09:47.615644 7f1552ed9700      Options.level0_file_num_compaction_trigger: 2
2018/10/21-12:09:47.615645 7f1552ed9700          Options.level0_slowdown_writes_trigger: 20
2018/10/21-12:09:47.615646 7f1552ed9700              Options.level0_stop_writes_trigger: 36
2018/10/21-12:09:47.615646 7f1552ed9700                   Options.target_file_size_base: 67108864
2018/10/21-12:09:47.615647 7f1552ed9700             Options.target_file_size_multiplier: 1
2018/10/21-12:09:47.615648 7f1552ed9700                Options.max_bytes_for_level_base: 536870912
2018/10/21-12:09:47.615649 7f1552ed9700 Options.level_compaction_dynamic_level_bytes: 0
2018/10/21-12:09:47.615650 7f1552ed9700          Options.max_bytes_for_level_multiplier: 10.000000
2018/10/21-12:09:47.615654 7f1552ed9700 Options.max_bytes_for_level_multiplier_addtl[0]: 1
2018/10/21-12:09:47.615655 7f1552ed9700 Options.max_bytes_for_level_multiplier_addtl[1]: 1
2018/10/21-12:09:47.615656 7f1552ed9700 Options.max_bytes_for_level_multiplier_addtl[2]: 1
2018/10/21-12:09:47.615657 7f1552ed9700 Options.max_bytes_for_level_multiplier_addtl[3]: 1
2018/10/21-12:09:47.615657 7f1552ed9700 Options.max_bytes_for_level_multiplier_addtl[4]: 1
2018/10/21-12:09:47.615658 7f1552ed9700 Options.max_bytes_for_level_multiplier_addtl[5]: 1
2018/10/21-12:09:47.615659 7f1552ed9700 Options.max_bytes_for_level_multiplier_addtl[6]: 1
2018/10/21-12:09:47.615660 7f1552ed9700       Options.max_sequential_skip_in_iterations: 8
2018/10/21-12:09:47.615661 7f1552ed9700                    Options.max_compaction_bytes: 1677721600
2018/10/21-12:09:47.615673 7f1552ed9700                        Options.arena_block_size: 16777216
2018/10/21-12:09:47.615674 7f1552ed9700   Options.soft_pending_compaction_bytes_limit: 68719476736
2018/10/21-12:09:47.615675 7f1552ed9700   Options.hard_pending_compaction_bytes_limit: 274877906944
2018/10/21-12:09:47.615676 7f1552ed9700       Options.rate_limit_delay_max_milliseconds: 100
2018/10/21-12:09:47.615677 7f1552ed9700                Options.disable_auto_compactions: 0
2018/10/21-12:09:47.615679 7f1552ed9700                        Options.compaction_style: kCompactionStyleLevel
2018/10/21-12:09:47.615680 7f1552ed9700                          Options.compaction_pri: kByCompensatedSize
2018/10/21-12:09:47.615681 7f1552ed9700 Options.compaction_options_universal.size_ratio: 1
2018/10/21-12:09:47.615682 7f1552ed9700 Options.compaction_options_universal.min_merge_width: 2
2018/10/21-12:09:47.615683 7f1552ed9700 Options.compaction_options_universal.max_merge_width: 4294967295
2018/10/21-12:09:47.615684 7f1552ed9700 Options.compaction_options_universal.max_size_amplification_percent: 200
2018/10/21-12:09:47.615685 7f1552ed9700 Options.compaction_options_universal.compression_size_percent: -1
2018/10/21-12:09:47.615686 7f1552ed9700 Options.compaction_options_universal.stop_style: kCompactionStopStyleTotalSize
2018/10/21-12:09:47.615687 7f1552ed9700 Options.compaction_options_fifo.max_table_files_size: 1073741824
2018/10/21-12:09:47.615688 7f1552ed9700 Options.compaction_options_fifo.allow_compaction: 0
2018/10/21-12:09:47.615689 7f1552ed9700 Options.compaction_options_fifo.ttl: 0
2018/10/21-12:09:47.615690 7f1552ed9700                   Options.table_properties_collectors: 
2018/10/21-12:09:47.615691 7f1552ed9700                   Options.inplace_update_support: 0
2018/10/21-12:09:47.615692 7f1552ed9700                 Options.inplace_update_num_locks: 10000
2018/10/21-12:09:47.615693 7f1552ed9700               Options.memtable_prefix_bloom_size_ratio: 0.000000
2018/10/21-12:09:47.615694 7f1552ed9700   Options.memtable_huge_page_size: 0
2018/10/21-12:09:47.615695 7f1552ed9700                           Options.bloom_locality: 0
2018/10/21-12:09:47.615696 7f1552ed9700                    Options.max_successive_merges: 0
2018/10/21-12:09:47.615697 7f1552ed9700                Options.optimize_filters_for_hits: 0
2018/10/21-12:09:47.615698 7f1552ed9700                Options.paranoid_file_checks: 0
2018/10/21-12:09:47.615699 7f1552ed9700                Options.force_consistency_checks: 0
2018/10/21-12:09:47.615699 7f1552ed9700                Options.report_bg_io_stats: 0
2018/10/21-12:09:47.615700 7f1552ed9700                               Options.ttl: 0
2018/10/21-12:09:47.616199 7f1552ed9700 [db/column_family.cc:475] --------------- Options for column family [usertable]:
2018/10/21-12:09:47.616204 7f1552ed9700               Options.comparator: leveldb.BytewiseComparator
2018/10/21-12:09:47.616206 7f1552ed9700           Options.merge_operator: None
2018/10/21-12:09:47.616206 7f1552ed9700        Options.compaction_filter: None
2018/10/21-12:09:47.616207 7f1552ed9700        Options.compaction_filter_factory: None
2018/10/21-12:09:47.616208 7f1552ed9700         Options.memtable_factory: SkipListFactory
2018/10/21-12:09:47.616209 7f1552ed9700            Options.table_factory: BlockBasedTable
2018/10/21-12:09:47.616231 7f1552ed9700            table_factory options:   flush_block_policy_factory: FlushBlockBySizePolicyFactory (0x7f14c4386a80)
  cache_index_and_filter_blocks: 0
  cache_index_and_filter_blocks_with_high_priority: 0
  pin_l0_filter_and_index_blocks_in_cache: 0
  index_type: 0
  hash_index_allow_collision: 1
  checksum: 1
  no_block_cache: 0
  block_cache: 0x7f14c43875e0
  block_cache_name: LRUCache
  block_cache_options:
    capacity : 8388608
    num_shard_bits : 4
    strict_capacity_limit : 0
    high_pri_pool_ratio: 0.000
  block_cache_compressed: (nil)
  persistent_cache: (nil)
  block_size: 8192
  block_size_deviation: 10
  block_restart_interval: 16
  index_block_restart_interval: 1
  metadata_block_size: 4096
  partition_filters: 0
  use_delta_encoding: 1
  filter_policy: nullptr
  whole_key_filtering: 1
  verify_compression: 0
  read_amp_bytes_per_bit: 0
  format_version: 2
  enable_index_compression: 1
  block_align: 0
2018/10/21-12:09:47.616246 7f1552ed9700        Options.write_buffer_size: 134217728
2018/10/21-12:09:47.616248 7f1552ed9700  Options.max_write_buffer_number: 24
2018/10/21-12:09:47.616249 7f1552ed9700        Options.compression[0]: NoCompression
2018/10/21-12:09:47.616250 7f1552ed9700        Options.compression[1]: NoCompression
2018/10/21-12:09:47.616251 7f1552ed9700        Options.compression[2]: LZ4
2018/10/21-12:09:47.616252 7f1552ed9700        Options.compression[3]: LZ4
2018/10/21-12:09:47.616253 7f1552ed9700        Options.compression[4]: LZ4
2018/10/21-12:09:47.616254 7f1552ed9700        Options.compression[5]: LZ4
2018/10/21-12:09:47.616255 7f1552ed9700        Options.compression[6]: LZ4
2018/10/21-12:09:47.616256 7f1552ed9700                  Options.bottommost_compression: Disabled
2018/10/21-12:09:47.616257 7f1552ed9700       Options.prefix_extractor: nullptr
2018/10/21-12:09:47.616258 7f1552ed9700   Options.memtable_insert_with_hint_prefix_extractor: nullptr
2018/10/21-12:09:47.616259 7f1552ed9700             Options.num_levels: 7
2018/10/21-12:09:47.616259 7f1552ed9700        Options.min_write_buffer_number_to_merge: 2
2018/10/21-12:09:47.616260 7f1552ed9700     Options.max_write_buffer_number_to_maintain: 0
2018/10/21-12:09:47.616261 7f1552ed9700            Options.compression_opts.window_bits: -14
2018/10/21-12:09:47.616262 7f1552ed9700                  Options.compression_opts.level: -1
2018/10/21-12:09:47.616263 7f1552ed9700               Options.compression_opts.strategy: 0
2018/10/21-12:09:47.616264 7f1552ed9700         Options.compression_opts.max_dict_bytes: 0
2018/10/21-12:09:47.616265 7f1552ed9700         Options.compression_opts.zstd_max_train_bytes: 0
2018/10/21-12:09:47.616266 7f1552ed9700      Options.level0_file_num_compaction_trigger: 2
2018/10/21-12:09:47.616267 7f1552ed9700          Options.level0_slowdown_writes_trigger: 20
2018/10/21-12:09:47.616267 7f1552ed9700              Options.level0_stop_writes_trigger: 36
2018/10/21-12:09:47.616268 7f1552ed9700                   Options.target_file_size_base: 67108864
2018/10/21-12:09:47.616269 7f1552ed9700             Options.target_file_size_multiplier: 1
2018/10/21-12:09:47.616270 7f1552ed9700                Options.max_bytes_for_level_base: 536870912
2018/10/21-12:09:47.616271 7f1552ed9700 Options.level_compaction_dynamic_level_bytes: 0
2018/10/21-12:09:47.616272 7f1552ed9700          Options.max_bytes_for_level_multiplier: 10.000000
2018/10/21-12:09:47.616274 7f1552ed9700 Options.max_bytes_for_level_multiplier_addtl[0]: 1
2018/10/21-12:09:47.616275 7f1552ed9700 Options.max_bytes_for_level_multiplier_addtl[1]: 1
2018/10/21-12:09:47.616276 7f1552ed9700 Options.max_bytes_for_level_multiplier_addtl[2]: 1
2018/10/21-12:09:47.616277 7f1552ed9700 Options.max_bytes_for_level_multiplier_addtl[3]: 1
2018/10/21-12:09:47.616278 7f1552ed9700 Options.max_bytes_for_level_multiplier_addtl[4]: 1
2018/10/21-12:09:47.616279 7f1552ed9700 Options.max_bytes_for_level_multiplier_addtl[5]: 1
2018/10/21-12:09:47.616279 7f1552ed9700 Options.max_bytes_for_level_multiplier_addtl[6]: 1
2018/10/21-12:09:47.616280 7f1552ed9700       Options.max_sequential_skip_in_iterations: 8
2018/10/21-12:09:47.616281 7f1552ed9700                    Options.max_compaction_bytes: 1677721600
2018/10/21-12:09:47.616282 7f1552ed9700                        Options.arena_block_size: 16777216
2018/10/21-12:09:47.616283 7f1552ed9700   Options.soft_pending_compaction_bytes_limit: 68719476736
2018/10/21-12:09:47.616284 7f1552ed9700   Options.hard_pending_compaction_bytes_limit: 274877906944
2018/10/21-12:09:47.616285 7f1552ed9700       Options.rate_limit_delay_max_milliseconds: 100
2018/10/21-12:09:47.616286 7f1552ed9700                Options.disable_auto_compactions: 0
2018/10/21-12:09:47.616287 7f1552ed9700                        Options.compaction_style: kCompactionStyleLevel
2018/10/21-12:09:47.616294 7f1552ed9700                          Options.compaction_pri: kByCompensatedSize
2018/10/21-12:09:47.616295 7f1552ed9700 Options.compaction_options_universal.size_ratio: 1
2018/10/21-12:09:47.616296 7f1552ed9700 Options.compaction_options_universal.min_merge_width: 2
2018/10/21-12:09:47.616297 7f1552ed9700 Options.compaction_options_universal.max_merge_width: 4294967295
2018/10/21-12:09:47.616298 7f1552ed9700 Options.compaction_options_universal.max_size_amplification_percent: 200
2018/10/21-12:09:47.616299 7f1552ed9700 Options.compaction_options_universal.compression_size_percent: -1
2018/10/21-12:09:47.616300 7f1552ed9700 Options.compaction_options_universal.stop_style: kCompactionStopStyleTotalSize
2018/10/21-12:09:47.616301 7f1552ed9700 Options.compaction_options_fifo.max_table_files_size: 1073741824
2018/10/21-12:09:47.616302 7f1552ed9700 Options.compaction_options_fifo.allow_compaction: 0
2018/10/21-12:09:47.616303 7f1552ed9700 Options.compaction_options_fifo.ttl: 0
2018/10/21-12:09:47.616304 7f1552ed9700                   Options.table_properties_collectors: 
2018/10/21-12:09:47.616305 7f1552ed9700                   Options.inplace_update_support: 0
2018/10/21-12:09:47.616306 7f1552ed9700                 Options.inplace_update_num_locks: 10000
2018/10/21-12:09:47.616307 7f1552ed9700               Options.memtable_prefix_bloom_size_ratio: 0.000000
2018/10/21-12:09:47.616308 7f1552ed9700   Options.memtable_huge_page_size: 0
2018/10/21-12:09:47.616309 7f1552ed9700                           Options.bloom_locality: 0
2018/10/21-12:09:47.616310 7f1552ed9700                    Options.max_successive_merges: 0
2018/10/21-12:09:47.616311 7f1552ed9700                Options.optimize_filters_for_hits: 0
2018/10/21-12:09:47.616312 7f1552ed9700                Options.paranoid_file_checks: 0
2018/10/21-12:09:47.616312 7f1552ed9700                Options.force_consistency_checks: 0
2018/10/21-12:09:47.616313 7f1552ed9700                Options.report_bg_io_stats: 0
2018/10/21-12:09:47.616314 7f1552ed9700                               Options.ttl: 0
2018/10/21-12:09:47.823528 7f1552ed9700 [db/version_set.cc:3361] Recovered from manifest file:/mnt/sdc1/ycsb-rocksdb-data/MANIFEST-001832 succeeded,manifest_file_number is 1832, next_file_number is 2229, last_sequence is 9138491, log_number is 0,prev_log_number is 0,max_column_family is 1,min_log_number_to_keep is 0
2018/10/21-12:09:47.823536 7f1552ed9700 [db/version_set.cc:3369] Column family [default] (ID 0), log number is 1829
2018/10/21-12:09:47.823537 7f1552ed9700 [db/version_set.cc:3369] Column family [usertable] (ID 1), log number is 2225
2018/10/21-12:09:47.824249 7f1552ed9700 EVENT_LOG_v1 {"time_micros": 1540148987824233, "job": 1, "event": "recovery_started", "log_files": [2225]}
2018/10/21-12:09:47.824256 7f1552ed9700 [db/db_impl_open.cc:551] Recovering log #2225 mode 2
2018/10/21-12:09:47.905882 7f1552ed9700 [db/version_set.cc:2847] Creating manifest 2229
2018/10/21-12:09:48.084733 7f1552ed9700 EVENT_LOG_v1 {"time_micros": 1540148988084711, "cf_name": "usertable", "job": 1, "event": "table_file_creation", "file_number": 2230, "file_size": 20683279, "table_properties": {"data_size": 20596271, "index_size": 86087, "filter_size": 0, "raw_key_size": 119856, "raw_average_key_size": 24, "raw_value_size": 20455424, "raw_average_value_size": 4096, "num_data_blocks": 2497, "num_entries": 4994, "filter_policy_name": "", "kDeletedKeys": "0", "kMergeOperands": "0"}}
2018/10/21-12:09:48.118578 7f1552ed9700 EVENT_LOG_v1 {"time_micros": 1540148988118574, "job": 1, "event": "recovery_finished"}
2018/10/21-12:09:48.118751 7f1552ed9700 [db/column_family.cc:837] [usertable] Increasing compaction threads because we have 5 level-0 files 
2018/10/21-12:09:48.171298 7f1552ed9700 [db/db_impl_open.cc:1219] DB pointer 0x7f14c43d4970
2018/10/21-12:09:48.171550 7f13ebfff700 [WARN] [db/db_impl.cc:491] ------- DUMPING STATS -------
2018/10/21-12:09:48.171594 7f13ebfff700 [WARN] [db/db_impl.cc:492] 
** DB Stats **
Uptime(secs): 0.6 total, 0.6 interval
Cumulative writes: 0 writes, 0 keys, 0 commit groups, 0.0 writes per commit group, ingest: 0.00 GB, 0.00 MB/s
Cumulative WAL: 0 writes, 0 syncs, 0.00 writes per sync, written: 0.00 GB, 0.00 MB/s
Cumulative stall: 00:00:0.000 H:M:S, 0.0 percent
Interval writes: 0 writes, 0 keys, 0 commit groups, 0.0 writes per commit group, ingest: 0.00 MB, 0.00 MB/s
Interval WAL: 0 writes, 0 syncs, 0.00 writes per sync, written: 0.00 MB, 0.00 MB/s
Interval stall: 00:00:0.000 H:M:S, 0.0 percent

** Compaction Stats [default] **
Level    Files   Size     Score Read(GB)  Rn(GB) Rnp1(GB) Write(GB) Wnew(GB) Moved(GB) W-Amp Rd(MB/s) Wr(MB/s) Comp(sec) Comp(cnt) Avg(sec) KeyIn KeyDrop
----------------------------------------------------------------------------------------------------------------------------------------------------------
 Sum      0/0    0.00 KB   0.0      0.0     0.0      0.0       0.0      0.0       0.0   0.0      0.0      0.0         0         0    0.000       0      0
 Int      0/0    0.00 KB   0.0      0.0     0.0      0.0       0.0      0.0       0.0   0.0      0.0      0.0         0         0    0.000       0      0
Uptime(secs): 0.6 total, 0.6 interval
Flush(GB): cumulative 0.000, interval 0.000
AddFile(GB): cumulative 0.000, interval 0.000
AddFile(Total Files): cumulative 0, interval 0
AddFile(L0 Files): cumulative 0, interval 0
AddFile(Keys): cumulative 0, interval 0
Cumulative compaction: 0.00 GB write, 0.00 MB/s write, 0.00 GB read, 0.00 MB/s read, 0.0 seconds
Interval compaction: 0.00 GB write, 0.00 MB/s write, 0.00 GB read, 0.00 MB/s read, 0.0 seconds
Stalls(count): 0 level0_slowdown, 0 level0_slowdown_with_compaction, 0 level0_numfiles, 0 level0_numfiles_with_compaction, 0 stop for pending_compaction_bytes, 0 slowdown for pending_compaction_bytes, 0 memtable_compaction, 0 memtable_slowdown, interval 0 total count

** File Read Latency Histogram By Level [default] **

** Compaction Stats [usertable] **
Level    Files   Size     Score Read(GB)  Rn(GB) Rnp1(GB) Write(GB) Wnew(GB) Moved(GB) W-Amp Rd(MB/s) Wr(MB/s) Comp(sec) Comp(cnt) Avg(sec) KeyIn KeyDrop
----------------------------------------------------------------------------------------------------------------------------------------------------------
  L0      5/0   1012.51 MB   2.5      0.0     0.0      0.0       0.0      0.0       0.0   1.0      0.0    172.2         0         1    0.115       0      0
  L1     17/0   912.48 MB   1.8      0.0     0.0      0.0       0.0      0.0       0.0   0.0      0.0      0.0         0         0    0.000       0      0
  L2     92/0    5.23 GB   1.0      0.0     0.0      0.0       0.0      0.0       0.0   0.0      0.0      0.0         0         0    0.000       0      0
  L3    119/0    6.39 GB   0.1      0.0     0.0      0.0       0.0      0.0       0.0   0.0      0.0      0.0         0         0    0.000       0      0
 Sum    233/0   13.50 GB   0.0      0.0     0.0      0.0       0.0      0.0       0.0   1.0      0.0    172.2         0         1    0.115       0      0
 Int      0/0    0.00 KB   0.0      0.0     0.0      0.0       0.0      0.0       0.0   1.0      0.0    172.2         0         1    0.115       0      0
Uptime(secs): 0.6 total, 0.6 interval
Flush(GB): cumulative 0.019, interval 0.019
AddFile(GB): cumulative 0.000, interval 0.000
AddFile(Total Files): cumulative 0, interval 0
AddFile(L0 Files): cumulative 0, interval 0
AddFile(Keys): cumulative 0, interval 0
Cumulative compaction: 0.02 GB write, 35.52 MB/s write, 0.00 GB read, 0.00 MB/s read, 0.1 seconds
Interval compaction: 0.02 GB write, 35.52 MB/s write, 0.00 GB read, 0.00 MB/s read, 0.1 seconds
Stalls(count): 0 level0_slowdown, 0 level0_slowdown_with_compaction, 0 level0_numfiles, 0 level0_numfiles_with_compaction, 0 stop for pending_compaction_bytes, 0 slowdown for pending_compaction_bytes, 0 memtable_compaction, 0 memtable_slowdown, interval 0 total count

** File Read Latency Histogram By Level [usertable] **

** Compaction Stats [default] **
Level    Files   Size     Score Read(GB)  Rn(GB) Rnp1(GB) Write(GB) Wnew(GB) Moved(GB) W-Amp Rd(MB/s) Wr(MB/s) Comp(sec) Comp(cnt) Avg(sec) KeyIn KeyDrop
----------------------------------------------------------------------------------------------------------------------------------------------------------
 Sum      0/0    0.00 KB   0.0      0.0     0.0      0.0       0.0      0.0       0.0   0.0      0.0      0.0         0         0    0.000       0      0
 Int      0/0    0.00 KB   0.0      0.0     0.0      0.0       0.0      0.0       0.0   0.0      0.0      0.0         0         0    0.000       0      0
Uptime(secs): 0.6 total, 0.0 interval
Flush(GB): cumulative 0.000, interval 0.000
AddFile(GB): cumulative 0.000, interval 0.000
AddFile(Total Files): cumulative 0, interval 0
AddFile(L0 Files): cumulative 0, interval 0
AddFile(Keys): cumulative 0, interval 0
Cumulative compaction: 0.00 GB write, 0.00 MB/s write, 0.00 GB read, 0.00 MB/s read, 0.0 seconds
Interval compaction: 0.00 GB write, 0.00 MB/s write, 0.00 GB read, 0.00 MB/s read, 0.0 seconds
Stalls(count): 0 level0_slowdown, 0 level0_slowdown_with_compaction, 0 level0_numfiles, 0 level0_numfiles_with_compaction, 0 stop for pending_compaction_bytes, 0 slowdown for pending_compaction_bytes, 0 memtable_compaction, 0 memtable_slowdown, interval 0 total count

** File Read Latency Histogram By Level [default] **

** Compaction Stats [usertable] **
Level    Files   Size     Score Read(GB)  Rn(GB) Rnp1(GB) Write(GB) Wnew(GB) Moved(GB) W-Amp Rd(MB/s) Wr(MB/s) Comp(sec) Comp(cnt) Avg(sec) KeyIn KeyDrop
----------------------------------------------------------------------------------------------------------------------------------------------------------
  L0      5/0   1012.51 MB   2.5      0.0     0.0      0.0       0.0      0.0       0.0   1.0      0.0    172.2         0         1    0.115       0      0
  L1     17/0   912.48 MB   1.8      0.0     0.0      0.0       0.0      0.0       0.0   0.0      0.0      0.0         0         0    0.000       0      0
  L2     92/0    5.23 GB   1.0      0.0     0.0      0.0       0.0      0.0       0.0   0.0      0.0      0.0         0         0    0.000       0      0
  L3    119/0    6.39 GB   0.1      0.0     0.0      0.0       0.0      0.0       0.0   0.0      0.0      0.0         0         0    0.000       0      0
 Sum    233/0   13.50 GB   0.0      0.0     0.0      0.0       0.0      0.0       0.0   1.0      0.0    172.2         0         1    0.115       0      0
 Int      0/0    0.00 KB   0.0      0.0     0.0      0.0       0.0      0.0       0.0   0.0      0.0      0.0         0         0    0.000       0      0
Uptime(secs): 0.6 total, 0.0 interval
Flush(GB): cumulative 0.019, interval 0.000
AddFile(GB): cumulative 0.000, interval 0.000
AddFile(Total Files): cumulative 0, interval 0
AddFile(L0 Files): cumulative 0, interval 0
AddFile(Keys): cumulative 0, interval 0
Cumulative compaction: 0.02 GB write, 35.52 MB/s write, 0.00 GB read, 0.00 MB/s read, 0.1 seconds
Interval compaction: 0.00 GB write, 0.00 MB/s write, 0.00 GB read, 0.00 MB/s read, 0.0 seconds
Stalls(count): 0 level0_slowdown, 0 level0_slowdown_with_compaction, 0 level0_numfiles, 0 level0_numfiles_with_compaction, 0 stop for pending_compaction_bytes, 0 slowdown for pending_compaction_bytes, 0 memtable_compaction, 0 memtable_slowdown, interval 0 total count

** File Read Latency Histogram By Level [usertable] **
2018/10/21-12:09:48.172336 7f13ebfff700 [db/compaction_job.cc:1531] [usertable] [JOB 3] Compacting 5@0 + 17@1 files to L1, score 2.50
2018/10/21-12:09:48.172349 7f13ebfff700 [db/compaction_job.cc:1535] [usertable] Compaction start summary: Base version 5 Base level 0, inputs: [2230(19MB) 2226(151MB) 2220(149MB) 2201(151MB) 2170(540MB)], [2118(64MB) 2122(64MB) 2132(64MB) 2135(64MB) 2138(33MB) 2142(64MB) 2145(11MB) 2119(64MB) 2126(64MB) 2136(64MB) 2140(38MB) 2143(14MB) 2121(64MB) 2124(64MB) 2134(64MB) 2137(64MB) 2144(43MB)]
2018/10/21-12:09:48.172379 7f1543fff700 [db/compaction_job.cc:1531] [usertable] [JOB 4] Compacting 1@2 + 2@3 files to L3, score 1.05
2018/10/21-12:09:48.172379 7f13ebfff700 EVENT_LOG_v1 {"time_micros": 1540148988172357, "job": 3, "event": "compaction_started", "compaction_reason": "LevelL0FilesNum", "files_L0": [2230, 2226, 2220, 2201, 2170], "files_L1": [2118, 2122, 2132, 2135, 2138, 2142, 2145, 2119, 2126, 2136, 2140, 2143, 2121, 2124, 2134, 2137, 2144], "score": 2.5, "input_data_size": 2018501233}
2018/10/21-12:09:48.172410 7f1543fff700 [db/compaction_job.cc:1535] [usertable] Compaction start summary: Base version 5 Base level 2, inputs: [2165(64MB)], [2081(64MB) 1130(64MB)]
2018/10/21-12:09:48.172426 7f1543fff700 EVENT_LOG_v1 {"time_micros": 1540148988172418, "job": 4, "event": "compaction_started", "compaction_reason": "LevelMaxLevelSize", "files_L2": [2165], "files_L3": [2081, 1130], "score": 1.04581, "input_data_size": 201741911}
2018/10/21-12:09:48.172432 7f15437fe700 [db/compaction_job.cc:1531] [usertable] [JOB 5] Compacting 1@2 + 2@3 files to L3, score 1.03
2018/10/21-12:09:48.172443 7f15437fe700 [db/compaction_job.cc:1535] [usertable] Compaction start summary: Base version 5 Base level 2, inputs: [2206(64MB)], [1320(64MB) 1324(39MB)]
2018/10/21-12:09:48.172463 7f15437fe700 EVENT_LOG_v1 {"time_micros": 1540148988172453, "job": 5, "event": "compaction_started", "compaction_reason": "LevelMaxLevelSize", "files_L2": [2206], "files_L3": [1320, 1324], "score": 1.03329, "input_data_size": 176339100}
2018/10/21-12:09:48.172577 7f1542ffd700 [db/compaction_job.cc:1531] [usertable] [JOB 6] Compacting 1@2 + 3@3 files to L3, score 1.02
2018/10/21-12:09:48.172588 7f1542ffd700 [db/compaction_job.cc:1535] [usertable] Compaction start summary: Base version 5 Base level 2, inputs: [2178(64MB)], [1884(64MB) 1899(7724KB) 1099(64MB)]
2018/10/21-12:09:48.172608 7f1542ffd700 EVENT_LOG_v1 {"time_micros": 1540148988172599, "job": 6, "event": "compaction_started", "compaction_reason": "LevelMaxLevelSize", "files_L2": [2178], "files_L3": [1884, 1899, 1099], "score": 1.02076, "input_data_size": 209641785}
2018/10/21-12:09:48.172630 7f15427fc700 [db/compaction_job.cc:1531] [usertable] [JOB 7] Compacting 1@2 + 4@3 files to L3, score 1.01
2018/10/21-12:09:48.172641 7f15427fc700 [db/compaction_job.cc:1535] [usertable] Compaction start summary: Base version 5 Base level 2, inputs: [2197(64MB)], [1201(64MB) 1317(64MB) 1852(64MB) 1878(64MB)]
2018/10/21-12:09:48.172657 7f15427fc700 EVENT_LOG_v1 {"time_micros": 1540148988172647, "job": 7, "event": "compaction_started", "compaction_reason": "LevelMaxLevelSize", "files_L2": [2197], "files_L3": [1201, 1317, 1852, 1878], "score": 1.00823, "input_data_size": 336188403}
2018/10/21-12:09:52.738123 7f13627fc700 [db/compaction_job.cc:1211] [usertable] [JOB 3] Generated table #2241: 16277 keys, 67411997 bytes
2018/10/21-12:09:52.738161 7f13627fc700 EVENT_LOG_v1 {"time_micros": 1540148992738146, "cf_name": "usertable", "job": 3, "event": "table_file_creation", "file_number": 2241, "file_size": 67411997, "table_properties": {"data_size": 67114065, "index_size": 297011, "filter_size": 0, "raw_key_size": 390648, "raw_average_key_size": 24, "raw_value_size": 66670592, "raw_average_value_size": 4096, "num_data_blocks": 8139, "num_entries": 16277, "filter_policy_name": "", "kDeletedKeys": "0", "kMergeOperands": "0"}}
2018/10/21-12:09:52.842951 7f1361ffb700 [db/compaction_job.cc:1211] [usertable] [JOB 3] Generated table #2238: 16277 keys, 67411887 bytes
2018/10/21-12:09:52.842998 7f1361ffb700 EVENT_LOG_v1 {"time_micros": 1540148992842984, "cf_name": "usertable", "job": 3, "event": "table_file_creation", "file_number": 2238, "file_size": 67411887, "table_properties": {"data_size": 67113605, "index_size": 297361, "filter_size": 0, "raw_key_size": 390648, "raw_average_key_size": 24, "raw_value_size": 66670592, "raw_average_value_size": 4096, "num_data_blocks": 8139, "num_entries": 16277, "filter_policy_name": "", "kDeletedKeys": "0", "kMergeOperands": "0"}}
2018/10/21-12:09:52.912831 7f13617fa700 [db/compaction_job.cc:1211] [usertable] [JOB 3] Generated table #2240: 16277 keys, 67411840 bytes
2018/10/21-12:09:52.912867 7f13617fa700 EVENT_LOG_v1 {"time_micros": 1540148992912853, "cf_name": "usertable", "job": 3, "event": "table_file_creation", "file_number": 2240, "file_size": 67411840, "table_properties": {"data_size": 67113353, "index_size": 297566, "filter_size": 0, "raw_key_size": 390648, "raw_average_key_size": 24, "raw_value_size": 66670592, "raw_average_value_size": 4096, "num_data_blocks": 8139, "num_entries": 16277, "filter_policy_name": "", "kDeletedKeys": "0", "kMergeOperands": "0"}}
2018/10/21-12:09:53.670082 7f13ebfff700 [db/compaction_job.cc:1211] [usertable] [JOB 3] Generated table #2239: 16277 keys, 67411901 bytes
2018/10/21-12:09:53.670120 7f13ebfff700 EVENT_LOG_v1 {"time_micros": 1540148993670103, "cf_name": "usertable", "job": 3, "event": "table_file_creation", "file_number": 2239, "file_size": 67411901, "table_properties": {"data_size": 67115532, "index_size": 295448, "filter_size": 0, "raw_key_size": 390648, "raw_average_key_size": 24, "raw_value_size": 66670592, "raw_average_value_size": 4096, "num_data_blocks": 8139, "num_entries": 16277, "filter_policy_name": "", "kDeletedKeys": "0", "kMergeOperands": "0"}}
2018/10/21-12:09:53.919896 7f15427fc700 [db/compaction_job.cc:1211] [usertable] [JOB 7] Generated table #2236: 16279 keys, 67233536 bytes
2018/10/21-12:09:53.919933 7f15427fc700 EVENT_LOG_v1 {"time_micros": 1540148993919916, "cf_name": "usertable", "job": 7, "event": "table_file_creation", "file_number": 2236, "file_size": 67233536, "table_properties": {"data_size": 67120139, "index_size": 300916, "filter_size": 0, "raw_key_size": 390696, "raw_average_key_size": 24, "raw_value_size": 66678784, "raw_average_value_size": 4096, "num_data_blocks": 8140, "num_entries": 16279, "filter_policy_name": "", "kDeletedKeys": "0", "kMergeOperands": "0"}}
2018/10/21-12:09:53.956281 7f1543fff700 [db/compaction_job.cc:1211] [usertable] [JOB 4] Generated table #2234: 16279 keys, 67233549 bytes
2018/10/21-12:09:53.956315 7f1543fff700 EVENT_LOG_v1 {"time_micros": 1540148993956301, "cf_name": "usertable", "job": 4, "event": "table_file_creation", "file_number": 2234, "file_size": 67233549, "table_properties": {"data_size": 67120140, "index_size": 300916, "filter_size": 0, "raw_key_size": 390696, "raw_average_key_size": 24, "raw_value_size": 66678784, "raw_average_value_size": 4096, "num_data_blocks": 8140, "num_entries": 16279, "filter_policy_name": "", "kDeletedKeys": "0", "kMergeOperands": "0"}}
2018/10/21-12:09:54.087125 7f1542ffd700 [db/compaction_job.cc:1211] [usertable] [JOB 6] Generated table #2237: 16279 keys, 67233356 bytes
2018/10/21-12:09:54.087161 7f1542ffd700 EVENT_LOG_v1 {"time_micros": 1540148994087145, "cf_name": "usertable", "job": 6, "event": "table_file_creation", "file_number": 2237, "file_size": 67233356, "table_properties": {"data_size": 67118331, "index_size": 299107, "filter_size": 0, "raw_key_size": 390696, "raw_average_key_size": 24, "raw_value_size": 66678784, "raw_average_value_size": 4096, "num_data_blocks": 8140, "num_entries": 16279, "filter_policy_name": "", "kDeletedKeys": "0", "kMergeOperands": "0"}}
2018/10/21-12:09:54.259715 7f15437fe700 [db/compaction_job.cc:1211] [usertable] [JOB 5] Generated table #2235: 16279 keys, 67233569 bytes
