2019/03/20-03:29:47.179010 7fc52126f700 RocksDB version: 5.14.3
2019/03/20-03:29:47.179063 7fc52126f700 Git sha rocksdb_build_git_sha:
2019/03/20-03:29:47.179066 7fc52126f700 Compile date Oct  9 2018
2019/03/20-03:29:47.179076 7fc52126f700 DB SUMMARY
2019/03/20-03:29:47.179873 7fc52126f700 CURRENT file:  CURRENT
2019/03/20-03:29:47.179876 7fc52126f700 IDENTITY file:  IDENTITY
2019/03/20-03:29:47.179885 7fc52126f700 MANIFEST file:  MANIFEST-000004 size: 132972 Bytes
2019/03/20-03:29:47.179889 7fc52126f700 SST files in /mnt/sdd/ycsb-rocksdb-data dir, Total Num: 727, files: 000021.sst 000022.sst 000023.sst 000024.sst 000028.sst 000029.sst 000030.sst 000031.sst 000035.sst 
2019/03/20-03:29:47.179894 7fc52126f700 Write Ahead Log file in /mnt/sdd/ycsb-rocksdb-data: 001383.log size: 113829517 ; 001389.log size: 113242832 ; 001390.log size: 11168495 ; 
2019/03/20-03:29:47.179921 7fc52126f700                         Options.error_if_exists: 0
2019/03/20-03:29:47.179922 7fc52126f700                       Options.create_if_missing: 1
2019/03/20-03:29:47.179923 7fc52126f700                         Options.paranoid_checks: 1
2019/03/20-03:29:47.179924 7fc52126f700                                     Options.env: 0x7fc4d8ffa080
2019/03/20-03:29:47.179925 7fc52126f700                                Options.info_log: 0x7fc4bc3f1e30
2019/03/20-03:29:47.179925 7fc52126f700                Options.max_file_opening_threads: 16
2019/03/20-03:29:47.179926 7fc52126f700                              Options.statistics: (nil)
2019/03/20-03:29:47.179927 7fc52126f700                               Options.use_fsync: 0
2019/03/20-03:29:47.179928 7fc52126f700                       Options.max_log_file_size: 0
2019/03/20-03:29:47.179929 7fc52126f700                  Options.max_manifest_file_size: 18446744073709551615
2019/03/20-03:29:47.179930 7fc52126f700                   Options.log_file_time_to_roll: 0
2019/03/20-03:29:47.179931 7fc52126f700                       Options.keep_log_file_num: 1000
2019/03/20-03:29:47.179932 7fc52126f700                    Options.recycle_log_file_num: 0
2019/03/20-03:29:47.179933 7fc52126f700                         Options.allow_fallocate: 1
2019/03/20-03:29:47.179933 7fc52126f700                        Options.allow_mmap_reads: 0
2019/03/20-03:29:47.179934 7fc52126f700                       Options.allow_mmap_writes: 0
2019/03/20-03:29:47.179935 7fc52126f700                        Options.use_direct_reads: 0
2019/03/20-03:29:47.179936 7fc52126f700                        Options.use_direct_io_for_flush_and_compaction: 0
2019/03/20-03:29:47.179937 7fc52126f700          Options.create_missing_column_families: 1
2019/03/20-03:29:47.179938 7fc52126f700                              Options.db_log_dir: 
2019/03/20-03:29:47.179939 7fc52126f700                                 Options.wal_dir: /mnt/sdd/ycsb-rocksdb-data
2019/03/20-03:29:47.179940 7fc52126f700                Options.table_cache_numshardbits: 6
2019/03/20-03:29:47.179941 7fc52126f700                      Options.max_subcompactions: 4
2019/03/20-03:29:47.179942 7fc52126f700                  Options.max_background_flushes: 24
2019/03/20-03:29:47.179942 7fc52126f700                         Options.WAL_ttl_seconds: 0
2019/03/20-03:29:47.179943 7fc52126f700                       Options.WAL_size_limit_MB: 0
2019/03/20-03:29:47.179944 7fc52126f700             Options.manifest_preallocation_size: 4194304
2019/03/20-03:29:47.179945 7fc52126f700                     Options.is_fd_close_on_exec: 1
2019/03/20-03:29:47.179946 7fc52126f700                   Options.advise_random_on_open: 1
2019/03/20-03:29:47.179947 7fc52126f700                    Options.db_write_buffer_size: 0
2019/03/20-03:29:47.179948 7fc52126f700                    Options.write_buffer_manager: 0x7fc4bc3f20c0
2019/03/20-03:29:47.179949 7fc52126f700         Options.access_hint_on_compaction_start: 1
2019/03/20-03:29:47.179950 7fc52126f700  Options.new_table_reader_for_compaction_inputs: 0
2019/03/20-03:29:47.179950 7fc52126f700           Options.random_access_max_buffer_size: 1048576
2019/03/20-03:29:47.179951 7fc52126f700                      Options.use_adaptive_mutex: 0
2019/03/20-03:29:47.179968 7fc52126f700                            Options.rate_limiter: (nil)
2019/03/20-03:29:47.179974 7fc52126f700     Options.sst_file_manager.rate_bytes_per_sec: 0
2019/03/20-03:29:47.179976 7fc52126f700                       Options.wal_recovery_mode: 2
2019/03/20-03:29:47.179977 7fc52126f700                  Options.enable_thread_tracking: 0
2019/03/20-03:29:47.179979 7fc52126f700                  Options.enable_pipelined_write: 1
2019/03/20-03:29:47.179981 7fc52126f700         Options.allow_concurrent_memtable_write: 1
2019/03/20-03:29:47.179983 7fc52126f700      Options.enable_write_thread_adaptive_yield: 1
2019/03/20-03:29:47.179985 7fc52126f700             Options.write_thread_max_yield_usec: 100
2019/03/20-03:29:47.179987 7fc52126f700            Options.write_thread_slow_yield_usec: 3
2019/03/20-03:29:47.179989 7fc52126f700                               Options.row_cache: None
2019/03/20-03:29:47.179990 7fc52126f700                              Options.wal_filter: None
2019/03/20-03:29:47.179993 7fc52126f700             Options.avoid_flush_during_recovery: 0
2019/03/20-03:29:47.179995 7fc52126f700             Options.allow_ingest_behind: 0
2019/03/20-03:29:47.179996 7fc52126f700             Options.preserve_deletes: 0
2019/03/20-03:29:47.179998 7fc52126f700             Options.two_write_queues: 0
2019/03/20-03:29:47.179999 7fc52126f700             Options.manual_wal_flush: 0
2019/03/20-03:29:47.180003 7fc52126f700             Options.max_background_jobs: 24
2019/03/20-03:29:47.180005 7fc52126f700             Options.max_background_compactions: 24
2019/03/20-03:29:47.180006 7fc52126f700             Options.avoid_flush_during_shutdown: 0
2019/03/20-03:29:47.180008 7fc52126f700           Options.writable_file_max_buffer_size: 1048576
2019/03/20-03:29:47.180009 7fc52126f700             Options.delayed_write_rate : 16777216
2019/03/20-03:29:47.180011 7fc52126f700             Options.max_total_wal_size: 0
2019/03/20-03:29:47.180012 7fc52126f700             Options.delete_obsolete_files_period_micros: 21600000000
2019/03/20-03:29:47.180014 7fc52126f700                   Options.stats_dump_period_sec: 60
2019/03/20-03:29:47.180016 7fc52126f700                          Options.max_open_files: -1
2019/03/20-03:29:47.180018 7fc52126f700                          Options.bytes_per_sync: 1048576
2019/03/20-03:29:47.180019 7fc52126f700                      Options.wal_bytes_per_sync: 0
2019/03/20-03:29:47.180020 7fc52126f700       Options.compaction_readahead_size: 0
2019/03/20-03:29:47.180021 7fc52126f700 Compression algorithms supported:
2019/03/20-03:29:47.180023 7fc52126f700 	kZSTDNotFinalCompression supported: 1
2019/03/20-03:29:47.180032 7fc52126f700 	kZSTD supported: 1
2019/03/20-03:29:47.180034 7fc52126f700 	kXpressCompression supported: 0
2019/03/20-03:29:47.180036 7fc52126f700 	kLZ4HCCompression supported: 1
2019/03/20-03:29:47.180037 7fc52126f700 	kLZ4Compression supported: 1
2019/03/20-03:29:47.180039 7fc52126f700 	kBZip2Compression supported: 1
2019/03/20-03:29:47.180041 7fc52126f700 	kZlibCompression supported: 1
2019/03/20-03:29:47.180042 7fc52126f700 	kSnappyCompression supported: 1
2019/03/20-03:29:47.180049 7fc52126f700 Fast CRC32 supported: Not supported on x86
2019/03/20-03:29:47.180488 7fc52126f700 [db/version_set.cc:3085] Recovering from manifest file: MANIFEST-000004
2019/03/20-03:29:47.180597 7fc52126f700 [db/column_family.cc:475] --------------- Options for column family [default]:
2019/03/20-03:29:47.180601 7fc52126f700               Options.comparator: leveldb.BytewiseComparator
2019/03/20-03:29:47.180603 7fc52126f700           Options.merge_operator: None
2019/03/20-03:29:47.180604 7fc52126f700        Options.compaction_filter: None
2019/03/20-03:29:47.180605 7fc52126f700        Options.compaction_filter_factory: None
2019/03/20-03:29:47.180606 7fc52126f700         Options.memtable_factory: SkipListFactory
2019/03/20-03:29:47.180607 7fc52126f700            Options.table_factory: BlockBasedTable
2019/03/20-03:29:47.180633 7fc52126f700            table_factory options:   flush_block_policy_factory: FlushBlockBySizePolicyFactory (0x7fc4bc3ec3d0)
  cache_index_and_filter_blocks: 0
  cache_index_and_filter_blocks_with_high_priority: 0
  pin_l0_filter_and_index_blocks_in_cache: 0
  index_type: 0
  hash_index_allow_collision: 1
  checksum: 1
  no_block_cache: 0
  block_cache: 0x7fc4bc3de2b0
  block_cache_name: LRUCache
  block_cache_options:
    capacity : 8388608
    num_shard_bits : 4
    strict_capacity_limit : 0
    high_pri_pool_ratio: 0.000
  block_cache_compressed: (nil)
  persistent_cache: (nil)
  block_size: 8192
  block_size_deviation: 10
  block_restart_interval: 16
  index_block_restart_interval: 1
  metadata_block_size: 4096
  partition_filters: 0
  use_delta_encoding: 1
  filter_policy: nullptr
  whole_key_filtering: 1
  verify_compression: 0
  read_amp_bytes_per_bit: 0
  format_version: 2
  enable_index_compression: 1
  block_align: 0
2019/03/20-03:29:47.180648 7fc52126f700        Options.write_buffer_size: 134217728
2019/03/20-03:29:47.180650 7fc52126f700  Options.max_write_buffer_number: 24
2019/03/20-03:29:47.180652 7fc52126f700        Options.compression[0]: NoCompression
2019/03/20-03:29:47.180653 7fc52126f700        Options.compression[1]: NoCompression
2019/03/20-03:29:47.180655 7fc52126f700        Options.compression[2]: LZ4
2019/03/20-03:29:47.180656 7fc52126f700        Options.compression[3]: LZ4
2019/03/20-03:29:47.180657 7fc52126f700        Options.compression[4]: LZ4
2019/03/20-03:29:47.180658 7fc52126f700        Options.compression[5]: LZ4
2019/03/20-03:29:47.180658 7fc52126f700        Options.compression[6]: LZ4
2019/03/20-03:29:47.180659 7fc52126f700                  Options.bottommost_compression: Disabled
2019/03/20-03:29:47.180660 7fc52126f700       Options.prefix_extractor: nullptr
2019/03/20-03:29:47.180661 7fc52126f700   Options.memtable_insert_with_hint_prefix_extractor: nullptr
2019/03/20-03:29:47.180662 7fc52126f700             Options.num_levels: 7
2019/03/20-03:29:47.180663 7fc52126f700        Options.min_write_buffer_number_to_merge: 2
2019/03/20-03:29:47.180664 7fc52126f700     Options.max_write_buffer_number_to_maintain: 0
2019/03/20-03:29:47.180665 7fc52126f700            Options.compression_opts.window_bits: -14
2019/03/20-03:29:47.180666 7fc52126f700                  Options.compression_opts.level: -1
2019/03/20-03:29:47.180667 7fc52126f700               Options.compression_opts.strategy: 0
2019/03/20-03:29:47.180668 7fc52126f700         Options.compression_opts.max_dict_bytes: 0
2019/03/20-03:29:47.180669 7fc52126f700         Options.compression_opts.zstd_max_train_bytes: 0
2019/03/20-03:29:47.180670 7fc52126f700      Options.level0_file_num_compaction_trigger: 2
2019/03/20-03:29:47.180670 7fc52126f700          Options.level0_slowdown_writes_trigger: 20
2019/03/20-03:29:47.180671 7fc52126f700              Options.level0_stop_writes_trigger: 36
2019/03/20-03:29:47.180672 7fc52126f700                   Options.target_file_size_base: 67108864
2019/03/20-03:29:47.180673 7fc52126f700             Options.target_file_size_multiplier: 1
2019/03/20-03:29:47.180674 7fc52126f700                Options.max_bytes_for_level_base: 536870912
2019/03/20-03:29:47.180675 7fc52126f700 Options.level_compaction_dynamic_level_bytes: 0
2019/03/20-03:29:47.180676 7fc52126f700          Options.max_bytes_for_level_multiplier: 10.000000
2019/03/20-03:29:47.180679 7fc52126f700 Options.max_bytes_for_level_multiplier_addtl[0]: 1
2019/03/20-03:29:47.180680 7fc52126f700 Options.max_bytes_for_level_multiplier_addtl[1]: 1
2019/03/20-03:29:47.180681 7fc52126f700 Options.max_bytes_for_level_multiplier_addtl[2]: 1
2019/03/20-03:29:47.180681 7fc52126f700 Options.max_bytes_for_level_multiplier_addtl[3]: 1
2019/03/20-03:29:47.180682 7fc52126f700 Options.max_bytes_for_level_multiplier_addtl[4]: 1
2019/03/20-03:29:47.180683 7fc52126f700 Options.max_bytes_for_level_multiplier_addtl[5]: 1
2019/03/20-03:29:47.180684 7fc52126f700 Options.max_bytes_for_level_multiplier_addtl[6]: 1
2019/03/20-03:29:47.180685 7fc52126f700       Options.max_sequential_skip_in_iterations: 8
2019/03/20-03:29:47.180686 7fc52126f700                    Options.max_compaction_bytes: 1677721600
2019/03/20-03:29:47.180693 7fc52126f700                        Options.arena_block_size: 16777216
2019/03/20-03:29:47.180695 7fc52126f700   Options.soft_pending_compaction_bytes_limit: 68719476736
2019/03/20-03:29:47.180696 7fc52126f700   Options.hard_pending_compaction_bytes_limit: 274877906944
2019/03/20-03:29:47.180697 7fc52126f700       Options.rate_limit_delay_max_milliseconds: 100
2019/03/20-03:29:47.180697 7fc52126f700                Options.disable_auto_compactions: 0
2019/03/20-03:29:47.180699 7fc52126f700                        Options.compaction_style: kCompactionStyleLevel
2019/03/20-03:29:47.180701 7fc52126f700                          Options.compaction_pri: kByCompensatedSize
2019/03/20-03:29:47.180702 7fc52126f700 Options.compaction_options_universal.size_ratio: 1
2019/03/20-03:29:47.180703 7fc52126f700 Options.compaction_options_universal.min_merge_width: 2
2019/03/20-03:29:47.180704 7fc52126f700 Options.compaction_options_universal.max_merge_width: 4294967295
2019/03/20-03:29:47.180704 7fc52126f700 Options.compaction_options_universal.max_size_amplification_percent: 200
2019/03/20-03:29:47.180705 7fc52126f700 Options.compaction_options_universal.compression_size_percent: -1
2019/03/20-03:29:47.180706 7fc52126f700 Options.compaction_options_universal.stop_style: kCompactionStopStyleTotalSize
2019/03/20-03:29:47.180707 7fc52126f700 Options.compaction_options_fifo.max_table_files_size: 1073741824
2019/03/20-03:29:47.180708 7fc52126f700 Options.compaction_options_fifo.allow_compaction: 0
2019/03/20-03:29:47.180709 7fc52126f700 Options.compaction_options_fifo.ttl: 0
2019/03/20-03:29:47.180710 7fc52126f700                   Options.table_properties_collectors: 
2019/03/20-03:29:47.180711 7fc52126f700                   Options.inplace_update_support: 0
2019/03/20-03:29:47.180712 7fc52126f700                 Options.inplace_update_num_locks: 10000
2019/03/20-03:29:47.180713 7fc52126f700               Options.memtable_prefix_bloom_size_ratio: 0.000000
2019/03/20-03:29:47.180714 7fc52126f700   Options.memtable_huge_page_size: 0
2019/03/20-03:29:47.180715 7fc52126f700                           Options.bloom_locality: 0
2019/03/20-03:29:47.180716 7fc52126f700                    Options.max_successive_merges: 0
2019/03/20-03:29:47.180717 7fc52126f700                Options.optimize_filters_for_hits: 0
2019/03/20-03:29:47.180718 7fc52126f700                Options.paranoid_file_checks: 0
2019/03/20-03:29:47.180719 7fc52126f700                Options.force_consistency_checks: 0
2019/03/20-03:29:47.180719 7fc52126f700                Options.report_bg_io_stats: 0
2019/03/20-03:29:47.180720 7fc52126f700                               Options.ttl: 0
2019/03/20-03:29:47.181170 7fc52126f700 [db/column_family.cc:475] --------------- Options for column family [usertable]:
2019/03/20-03:29:47.181173 7fc52126f700               Options.comparator: leveldb.BytewiseComparator
2019/03/20-03:29:47.181175 7fc52126f700           Options.merge_operator: None
2019/03/20-03:29:47.181175 7fc52126f700        Options.compaction_filter: None
2019/03/20-03:29:47.181176 7fc52126f700        Options.compaction_filter_factory: None
2019/03/20-03:29:47.181177 7fc52126f700         Options.memtable_factory: SkipListFactory
2019/03/20-03:29:47.181178 7fc52126f700            Options.table_factory: BlockBasedTable
2019/03/20-03:29:47.181206 7fc52126f700            table_factory options:   flush_block_policy_factory: FlushBlockBySizePolicyFactory (0x7fc4bc3e8c80)
  cache_index_and_filter_blocks: 0
  cache_index_and_filter_blocks_with_high_priority: 0
  pin_l0_filter_and_index_blocks_in_cache: 0
  index_type: 0
  hash_index_allow_collision: 1
  checksum: 1
  no_block_cache: 0
  block_cache: 0x7fc4bc3eece0
  block_cache_name: LRUCache
  block_cache_options:
    capacity : 8388608
    num_shard_bits : 4
    strict_capacity_limit : 0
    high_pri_pool_ratio: 0.000
  block_cache_compressed: (nil)
  persistent_cache: (nil)
  block_size: 8192
  block_size_deviation: 10
  block_restart_interval: 16
  index_block_restart_interval: 1
  metadata_block_size: 4096
  partition_filters: 0
  use_delta_encoding: 1
  filter_policy: nullptr
  whole_key_filtering: 1
  verify_compression: 0
  read_amp_bytes_per_bit: 0
  format_version: 2
  enable_index_compression: 1
  block_align: 0
2019/03/20-03:29:47.181219 7fc52126f700        Options.write_buffer_size: 134217728
2019/03/20-03:29:47.181220 7fc52126f700  Options.max_write_buffer_number: 24
2019/03/20-03:29:47.181222 7fc52126f700        Options.compression[0]: NoCompression
2019/03/20-03:29:47.181223 7fc52126f700        Options.compression[1]: NoCompression
2019/03/20-03:29:47.181224 7fc52126f700        Options.compression[2]: LZ4
2019/03/20-03:29:47.181225 7fc52126f700        Options.compression[3]: LZ4
2019/03/20-03:29:47.181226 7fc52126f700        Options.compression[4]: LZ4
2019/03/20-03:29:47.181227 7fc52126f700        Options.compression[5]: LZ4
2019/03/20-03:29:47.181228 7fc52126f700        Options.compression[6]: LZ4
2019/03/20-03:29:47.181228 7fc52126f700                  Options.bottommost_compression: Disabled
2019/03/20-03:29:47.181229 7fc52126f700       Options.prefix_extractor: nullptr
2019/03/20-03:29:47.181230 7fc52126f700   Options.memtable_insert_with_hint_prefix_extractor: nullptr
2019/03/20-03:29:47.181231 7fc52126f700             Options.num_levels: 7
2019/03/20-03:29:47.181232 7fc52126f700        Options.min_write_buffer_number_to_merge: 2
2019/03/20-03:29:47.181233 7fc52126f700     Options.max_write_buffer_number_to_maintain: 0
2019/03/20-03:29:47.181234 7fc52126f700            Options.compression_opts.window_bits: -14
2019/03/20-03:29:47.181235 7fc52126f700                  Options.compression_opts.level: -1
2019/03/20-03:29:47.181236 7fc52126f700               Options.compression_opts.strategy: 0
2019/03/20-03:29:47.181236 7fc52126f700         Options.compression_opts.max_dict_bytes: 0
2019/03/20-03:29:47.181237 7fc52126f700         Options.compression_opts.zstd_max_train_bytes: 0
2019/03/20-03:29:47.181238 7fc52126f700      Options.level0_file_num_compaction_trigger: 2
2019/03/20-03:29:47.181239 7fc52126f700          Options.level0_slowdown_writes_trigger: 20
2019/03/20-03:29:47.181240 7fc52126f700              Options.level0_stop_writes_trigger: 36
2019/03/20-03:29:47.181241 7fc52126f700                   Options.target_file_size_base: 67108864
2019/03/20-03:29:47.181241 7fc52126f700             Options.target_file_size_multiplier: 1
2019/03/20-03:29:47.181242 7fc52126f700                Options.max_bytes_for_level_base: 536870912
2019/03/20-03:29:47.181243 7fc52126f700 Options.level_compaction_dynamic_level_bytes: 0
2019/03/20-03:29:47.181244 7fc52126f700          Options.max_bytes_for_level_multiplier: 10.000000
2019/03/20-03:29:47.181246 7fc52126f700 Options.max_bytes_for_level_multiplier_addtl[0]: 1
2019/03/20-03:29:47.181247 7fc52126f700 Options.max_bytes_for_level_multiplier_addtl[1]: 1
2019/03/20-03:29:47.181248 7fc52126f700 Options.max_bytes_for_level_multiplier_addtl[2]: 1
2019/03/20-03:29:47.181249 7fc52126f700 Options.max_bytes_for_level_multiplier_addtl[3]: 1
2019/03/20-03:29:47.181250 7fc52126f700 Options.max_bytes_for_level_multiplier_addtl[4]: 1
2019/03/20-03:29:47.181251 7fc52126f700 Options.max_bytes_for_level_multiplier_addtl[5]: 1
2019/03/20-03:29:47.181252 7fc52126f700 Options.max_bytes_for_level_multiplier_addtl[6]: 1
2019/03/20-03:29:47.181252 7fc52126f700       Options.max_sequential_skip_in_iterations: 8
2019/03/20-03:29:47.181253 7fc52126f700                    Options.max_compaction_bytes: 1677721600
2019/03/20-03:29:47.181254 7fc52126f700                        Options.arena_block_size: 16777216
2019/03/20-03:29:47.181255 7fc52126f700   Options.soft_pending_compaction_bytes_limit: 68719476736
2019/03/20-03:29:47.181256 7fc52126f700   Options.hard_pending_compaction_bytes_limit: 274877906944
2019/03/20-03:29:47.181257 7fc52126f700       Options.rate_limit_delay_max_milliseconds: 100
2019/03/20-03:29:47.181258 7fc52126f700                Options.disable_auto_compactions: 0
2019/03/20-03:29:47.181259 7fc52126f700                        Options.compaction_style: kCompactionStyleLevel
2019/03/20-03:29:47.181267 7fc52126f700                          Options.compaction_pri: kByCompensatedSize
2019/03/20-03:29:47.181268 7fc52126f700 Options.compaction_options_universal.size_ratio: 1
2019/03/20-03:29:47.181269 7fc52126f700 Options.compaction_options_universal.min_merge_width: 2
2019/03/20-03:29:47.181270 7fc52126f700 Options.compaction_options_universal.max_merge_width: 4294967295
2019/03/20-03:29:47.181271 7fc52126f700 Options.compaction_options_universal.max_size_amplification_percent: 200
2019/03/20-03:29:47.181272 7fc52126f700 Options.compaction_options_universal.compression_size_percent: -1
2019/03/20-03:29:47.181273 7fc52126f700 Options.compaction_options_universal.stop_style: kCompactionStopStyleTotalSize
2019/03/20-03:29:47.181274 7fc52126f700 Options.compaction_options_fifo.max_table_files_size: 1073741824
2019/03/20-03:29:47.181274 7fc52126f700 Options.compaction_options_fifo.allow_compaction: 0
2019/03/20-03:29:47.181275 7fc52126f700 Options.compaction_options_fifo.ttl: 0
2019/03/20-03:29:47.181276 7fc52126f700                   Options.table_properties_collectors: 
2019/03/20-03:29:47.181277 7fc52126f700                   Options.inplace_update_support: 0
2019/03/20-03:29:47.181278 7fc52126f700                 Options.inplace_update_num_locks: 10000
2019/03/20-03:29:47.181279 7fc52126f700               Options.memtable_prefix_bloom_size_ratio: 0.000000
2019/03/20-03:29:47.181280 7fc52126f700   Options.memtable_huge_page_size: 0
2019/03/20-03:29:47.181281 7fc52126f700                           Options.bloom_locality: 0
2019/03/20-03:29:47.181282 7fc52126f700                    Options.max_successive_merges: 0
2019/03/20-03:29:47.181283 7fc52126f700                Options.optimize_filters_for_hits: 0
2019/03/20-03:29:47.181284 7fc52126f700                Options.paranoid_file_checks: 0
2019/03/20-03:29:47.181285 7fc52126f700                Options.force_consistency_checks: 0
2019/03/20-03:29:47.181285 7fc52126f700                Options.report_bg_io_stats: 0
2019/03/20-03:29:47.181286 7fc52126f700                               Options.ttl: 0
2019/03/20-03:29:47.733170 7fc52126f700 [db/version_set.cc:3361] Recovered from manifest file:/mnt/sdd/ycsb-rocksdb-data/MANIFEST-000004 succeeded,manifest_file_number is 4, next_file_number is 1390, last_sequence is 10404512, log_number is 0,prev_log_number is 0,max_column_family is 1,min_log_number_to_keep is 0
2019/03/20-03:29:47.733181 7fc52126f700 [db/version_set.cc:3369] Column family [default] (ID 0), log number is 0
2019/03/20-03:29:47.733184 7fc52126f700 [db/version_set.cc:3369] Column family [usertable] (ID 1), log number is 1383
2019/03/20-03:29:47.735264 7fc52126f700 EVENT_LOG_v1 {"time_micros": 1553077787735239, "job": 1, "event": "recovery_started", "log_files": [1383, 1389, 1390]}
2019/03/20-03:29:47.735274 7fc52126f700 [db/db_impl_open.cc:551] Recovering log #1383 mode 2
2019/03/20-03:29:48.066623 7fc52126f700 [db/db_impl_open.cc:551] Recovering log #1389 mode 2
2019/03/20-03:29:48.628848 7fc52126f700 EVENT_LOG_v1 {"time_micros": 1553077788628818, "cf_name": "usertable", "job": 1, "event": "table_file_creation", "file_number": 1390, "file_size": 129902322, "table_properties": {"data_size": 129321394, "index_size": 580006, "filter_size": 0, "raw_key_size": 752760, "raw_average_key_size": 24, "raw_value_size": 128471040, "raw_average_value_size": 4096, "num_data_blocks": 15683, "num_entries": 31365, "filter_policy_name": "", "kDeletedKeys": "0", "kMergeOperands": "0"}}
2019/03/20-03:29:48.921600 7fc52126f700 [db/db_impl_open.cc:551] Recovering log #1390 mode 2
2019/03/20-03:29:48.954337 7fc52126f700 [db/version_set.cc:2847] Creating manifest 1392
2019/03/20-03:29:49.421053 7fc52126f700 EVENT_LOG_v1 {"time_micros": 1553077789421022, "cf_name": "usertable", "job": 1, "event": "table_file_creation", "file_number": 1393, "file_size": 108625182, "table_properties": {"data_size": 108142182, "index_size": 482078, "filter_size": 0, "raw_key_size": 629496, "raw_average_key_size": 24, "raw_value_size": 107433984, "raw_average_value_size": 4096, "num_data_blocks": 13115, "num_entries": 26229, "filter_policy_name": "", "kDeletedKeys": "0", "kMergeOperands": "0"}}
2019/03/20-03:29:49.450219 7fc52126f700 EVENT_LOG_v1 {"time_micros": 1553077789450208, "job": 1, "event": "recovery_finished"}
2019/03/20-03:29:49.519729 7fc52126f700 [db/db_impl_open.cc:1219] DB pointer 0x7fc4bc3eaeb0
2019/03/20-03:29:49.520174 7fc4537fe700 [WARN] [db/db_impl.cc:491] ------- DUMPING STATS -------
2019/03/20-03:29:49.520246 7fc4537fe700 [WARN] [db/db_impl.cc:492] 
** DB Stats **
Uptime(secs): 2.3 total, 2.3 interval
Cumulative writes: 0 writes, 0 keys, 0 commit groups, 0.0 writes per commit group, ingest: 0.00 GB, 0.00 MB/s
Cumulative WAL: 0 writes, 0 syncs, 0.00 writes per sync, written: 0.00 GB, 0.00 MB/s
Cumulative stall: 00:00:0.000 H:M:S, 0.0 percent
Interval writes: 0 writes, 0 keys, 0 commit groups, 0.0 writes per commit group, ingest: 0.00 MB, 0.00 MB/s
Interval WAL: 0 writes, 0 syncs, 0.00 writes per sync, written: 0.00 MB, 0.00 MB/s
Interval stall: 00:00:0.000 H:M:S, 0.0 percent

** Compaction Stats [default] **
Level    Files   Size     Score Read(GB)  Rn(GB) Rnp1(GB) Write(GB) Wnew(GB) Moved(GB) W-Amp Rd(MB/s) Wr(MB/s) Comp(sec) Comp(cnt) Avg(sec) KeyIn KeyDrop
----------------------------------------------------------------------------------------------------------------------------------------------------------
 Sum      0/0    0.00 KB   0.0      0.0     0.0      0.0       0.0      0.0       0.0   0.0      0.0      0.0         0         0    0.000       0      0
 Int      0/0    0.00 KB   0.0      0.0     0.0      0.0       0.0      0.0       0.0   0.0      0.0      0.0         0         0    0.000       0      0
Uptime(secs): 2.3 total, 2.3 interval
Flush(GB): cumulative 0.000, interval 0.000
AddFile(GB): cumulative 0.000, interval 0.000
AddFile(Total Files): cumulative 0, interval 0
AddFile(L0 Files): cumulative 0, interval 0
AddFile(Keys): cumulative 0, interval 0
Cumulative compaction: 0.00 GB write, 0.00 MB/s write, 0.00 GB read, 0.00 MB/s read, 0.0 seconds
Interval compaction: 0.00 GB write, 0.00 MB/s write, 0.00 GB read, 0.00 MB/s read, 0.0 seconds
Stalls(count): 0 level0_slowdown, 0 level0_slowdown_with_compaction, 0 level0_numfiles, 0 level0_numfiles_with_compaction, 0 stop for pending_compaction_bytes, 0 slowdown for pending_compaction_bytes, 0 memtable_compaction, 0 memtable_slowdown, interval 0 total count

** File Read Latency Histogram By Level [default] **

** Compaction Stats [usertable] **
Level    Files   Size     Score Read(GB)  Rn(GB) Rnp1(GB) Write(GB) Wnew(GB) Moved(GB) W-Amp Rd(MB/s) Wr(MB/s) Comp(sec) Comp(cnt) Avg(sec) KeyIn KeyDrop
----------------------------------------------------------------------------------------------------------------------------------------------------------
  L0      3/0   412.32 MB   1.5      0.0     0.0      0.0       0.2      0.2       0.0   1.0      0.0    246.5         1         2    0.461       0      0
  L1     10/0   484.08 MB   0.9      0.0     0.0      0.0       0.0      0.0       0.0   0.0      0.0      0.0         0         0    0.000       0      0
  L2    168/0    4.99 GB   1.0      0.0     0.0      0.0       0.0      0.0       0.0   0.0      0.0      0.0         0         0    0.000       0      0
  L3    548/0   34.31 GB   0.7      0.0     0.0      0.0       0.0      0.0       0.0   0.0      0.0      0.0         0         0    0.000       0      0
 Sum    729/0   40.18 GB   0.0      0.0     0.0      0.0       0.2      0.2       0.0   1.0      0.0    246.5         1         2    0.461       0      0
 Int      0/0    0.00 KB   0.0      0.0     0.0      0.0       0.2      0.2       0.0   1.0      0.0    246.5         1         2    0.461       0      0
Uptime(secs): 2.3 total, 2.3 interval
Flush(GB): cumulative 0.222, interval 0.222
AddFile(GB): cumulative 0.000, interval 0.000
AddFile(Total Files): cumulative 0, interval 0
AddFile(L0 Files): cumulative 0, interval 0
AddFile(Keys): cumulative 0, interval 0
Cumulative compaction: 0.22 GB write, 97.26 MB/s write, 0.00 GB read, 0.00 MB/s read, 0.9 seconds
Interval compaction: 0.22 GB write, 97.26 MB/s write, 0.00 GB read, 0.00 MB/s read, 0.9 seconds
Stalls(count): 0 level0_slowdown, 0 level0_slowdown_with_compaction, 0 level0_numfiles, 0 level0_numfiles_with_compaction, 0 stop for pending_compaction_bytes, 0 slowdown for pending_compaction_bytes, 0 memtable_compaction, 0 memtable_slowdown, interval 0 total count

** File Read Latency Histogram By Level [usertable] **

** Compaction Stats [default] **
Level    Files   Size     Score Read(GB)  Rn(GB) Rnp1(GB) Write(GB) Wnew(GB) Moved(GB) W-Amp Rd(MB/s) Wr(MB/s) Comp(sec) Comp(cnt) Avg(sec) KeyIn KeyDrop
----------------------------------------------------------------------------------------------------------------------------------------------------------
 Sum      0/0    0.00 KB   0.0      0.0     0.0      0.0       0.0      0.0       0.0   0.0      0.0      0.0         0         0    0.000       0      0
 Int      0/0    0.00 KB   0.0      0.0     0.0      0.0       0.0      0.0       0.0   0.0      0.0      0.0         0         0    0.000       0      0
Uptime(secs): 2.3 total, 0.0 interval
Flush(GB): cumulative 0.000, interval 0.000
AddFile(GB): cumulative 0.000, interval 0.000
AddFile(Total Files): cumulative 0, interval 0
AddFile(L0 Files): cumulative 0, interval 0
AddFile(Keys): cumulative 0, interval 0
Cumulative compaction: 0.00 GB write, 0.00 MB/s write, 0.00 GB read, 0.00 MB/s read, 0.0 seconds
Interval compaction: 0.00 GB write, 0.00 MB/s write, 0.00 GB read, 0.00 MB/s read, 0.0 seconds
Stalls(count): 0 level0_slowdown, 0 level0_slowdown_with_compaction, 0 level0_numfiles, 0 level0_numfiles_with_compaction, 0 stop for pending_compaction_bytes, 0 slowdown for pending_compaction_bytes, 0 memtable_compaction, 0 memtable_slowdown, interval 0 total count

** File Read Latency Histogram By Level [default] **

** Compaction Stats [usertable] **
Level    Files   Size     Score Read(GB)  Rn(GB) Rnp1(GB) Write(GB) Wnew(GB) Moved(GB) W-Amp Rd(MB/s) Wr(MB/s) Comp(sec) Comp(cnt) Avg(sec) KeyIn KeyDrop
----------------------------------------------------------------------------------------------------------------------------------------------------------
  L0      3/0   412.32 MB   1.5      0.0     0.0      0.0       0.2      0.2       0.0   1.0      0.0    246.5         1         2    0.461       0      0
  L1     10/0   484.08 MB   0.9      0.0     0.0      0.0       0.0      0.0       0.0   0.0      0.0      0.0         0         0    0.000       0      0
  L2    168/0    4.99 GB   1.0      0.0     0.0      0.0       0.0      0.0       0.0   0.0      0.0      0.0         0         0    0.000       0      0
  L3    548/0   34.31 GB   0.7      0.0     0.0      0.0       0.0      0.0       0.0   0.0      0.0      0.0         0         0    0.000       0      0
 Sum    729/0   40.18 GB   0.0      0.0     0.0      0.0       0.2      0.2       0.0   1.0      0.0    246.5         1         2    0.461       0      0
 Int      0/0    0.00 KB   0.0      0.0     0.0      0.0       0.0      0.0       0.0   0.0      0.0      0.0         0         0    0.000       0      0
Uptime(secs): 2.3 total, 0.0 interval
Flush(GB): cumulative 0.222, interval 0.000
AddFile(GB): cumulative 0.000, interval 0.000
AddFile(Total Files): cumulative 0, interval 0
AddFile(L0 Files): cumulative 0, interval 0
AddFile(Keys): cumulative 0, interval 0
Cumulative compaction: 0.22 GB write, 97.25 MB/s write, 0.00 GB read, 0.00 MB/s read, 0.9 seconds
Interval compaction: 0.00 GB write, 0.00 MB/s write, 0.00 GB read, 0.00 MB/s read, 0.0 seconds
Stalls(count): 0 level0_slowdown, 0 level0_slowdown_with_compaction, 0 level0_numfiles, 0 level0_numfiles_with_compaction, 0 stop for pending_compaction_bytes, 0 slowdown for pending_compaction_bytes, 0 memtable_compaction, 0 memtable_slowdown, interval 0 total count

** File Read Latency Histogram By Level [usertable] **
2019/03/20-03:29:49.520449 7fc4537fe700 [db/compaction_job.cc:1531] [usertable] [JOB 3] Compacting 1@0 files to L1, score 1.50
2019/03/20-03:29:49.520459 7fc4537fe700 [db/compaction_job.cc:1535] [usertable] Compaction start summary: Base version 5 Base level 0, inputs: [270(184MB)]
2019/03/20-03:29:49.520502 7fc4537fe700 EVENT_LOG_v1 {"time_micros": 1553077789520477, "job": 3, "event": "compaction_started", "compaction_reason": "LevelL0FilesNum", "files_L0": [270], "score": 1.5, "input_data_size": 193817664}
2019/03/20-03:29:50.421865 7fc4537fe700 [db/compaction_job.cc:1211] [usertable] [JOB 3] Generated table #1397: 16279 keys, 67418360 bytes
2019/03/20-03:29:50.421918 7fc4537fe700 EVENT_LOG_v1 {"time_micros": 1553077790421893, "cf_name": "usertable", "job": 3, "event": "table_file_creation", "file_number": 1397, "file_size": 67418360, "table_properties": {"data_size": 67118331, "index_size": 299108, "filter_size": 0, "raw_key_size": 390696, "raw_average_key_size": 24, "raw_value_size": 66678784, "raw_average_value_size": 4096, "num_data_blocks": 8140, "num_entries": 16279, "filter_policy_name": "", "kDeletedKeys": "0", "kMergeOperands": "0"}}
2019/03/20-03:29:51.726601 7fc4537fe700 [db/compaction_job.cc:1211] [usertable] [JOB 3] Generated table #1398: 16279 keys, 67421978 bytes
2019/03/20-03:29:51.726649 7fc4537fe700 EVENT_LOG_v1 {"time_micros": 1553077791726629, "cf_name": "usertable", "job": 3, "event": "table_file_creation", "file_number": 1398, "file_size": 67421978, "table_properties": {"data_size": 67120141, "index_size": 300916, "filter_size": 0, "raw_key_size": 390696, "raw_average_key_size": 24, "raw_value_size": 66678784, "raw_average_value_size": 4096, "num_data_blocks": 8140, "num_entries": 16279, "filter_policy_name": "", "kDeletedKeys": "0", "kMergeOperands": "0"}}
2019/03/20-03:29:52.375245 7fc4537fe700 [db/compaction_job.cc:1211] [usertable] [JOB 3] Generated table #1399: 14242 keys, 58982319 bytes
2019/03/20-03:29:52.375298 7fc4537fe700 EVENT_LOG_v1 {"time_micros": 1553077792375273, "cf_name": "usertable", "job": 3, "event": "table_file_creation", "file_number": 1399, "file_size": 58982319, "table_properties": {"data_size": 58719766, "index_size": 261632, "filter_size": 0, "raw_key_size": 341808, "raw_average_key_size": 24, "raw_value_size": 58335232, "raw_average_value_size": 4096, "num_data_blocks": 7121, "num_entries": 14242, "filter_policy_name": "", "kDeletedKeys": "0", "kMergeOperands": "0"}}
2019/03/20-03:29:52.375375 7fc4537fe700 [db/compaction_job.cc:1287] [usertable] [JOB 3] Compacted 1@0 files to L1 => 193822657 bytes
2019/03/20-03:29:52.407656 7fc4537fe700 (Original Log Time 2019/03/20-03:29:52.407473) [db/compaction_job.cc:685] [usertable] compacted to: base level 1 max bytes base 536870912 files[2 13 168 548 0 0 0] max score 1.31, MB/sec: 67.9 rd, 67.9 wr, level 1, files in(1, 0) out(3) MB in(184.8, 0.0) out(184.8), read-write-amplify(2.0) write-amplify(1.0) OK, records in: 46800, records dropped: 0 output_compression: NoCompression
2019/03/20-03:29:52.407680 7fc4537fe700 (Original Log Time 2019/03/20-03:29:52.407528) EVENT_LOG_v1 {"time_micros": 1553077792407506, "job": 3, "event": "compaction_finished", "compaction_time_micros": 2854824, "output_level": 1, "num_output_files": 3, "total_output_size": 193822657, "num_input_records": 46800, "num_output_records": 46800, "num_subcompactions": 1, "output_compression": "NoCompression", "num_single_delete_mismatches": 0, "num_single_delete_fallthrough": 0, "lsm_state": [2, 13, 168, 548, 0, 0, 0]}
2019/03/20-03:29:52.407774 7fc4537fe700 [db/compaction_job.cc:1531] [usertable] [JOB 4] Compacting 1@1 files to L2, score 1.31
2019/03/20-03:29:52.407782 7fc4537fe700 [db/compaction_job.cc:1535] [usertable] Compaction start summary: Base version 6 Base level 1, inputs: [1398(64MB)]
2019/03/20-03:29:52.407805 7fc4537fe700 EVENT_LOG_v1 {"time_micros": 1553077792407789, "job": 4, "event": "compaction_started", "compaction_reason": "LevelMaxLevelSize", "files_L1": [1398], "score": 1.30649, "input_data_size": 67421978}
2019/03/20-03:29:53.112074 7fc4537fe700 [db/compaction_job.cc:1211] [usertable] [JOB 4] Generated table #1400: 16279 keys, 67233572 bytes
2019/03/20-03:29:53.112116 7fc4537fe700 EVENT_LOG_v1 {"time_micros": 1553077793112099, "cf_name": "usertable", "job": 4, "event": "table_file_creation", "file_number": 1400, "file_size": 67233572, "table_properties": {"data_size": 67120141, "index_size": 300916, "filter_size": 0, "raw_key_size": 390696, "raw_average_key_size": 24, "raw_value_size": 66678784, "raw_average_value_size": 4096, "num_data_blocks": 8140, "num_entries": 16279, "filter_policy_name": "", "kDeletedKeys": "0", "kMergeOperands": "0"}}
2019/03/20-03:29:53.112163 7fc4537fe700 [db/compaction_job.cc:1287] [usertable] [JOB 4] Compacted 1@1 files to L2 => 67233572 bytes
2019/03/20-03:29:53.141452 7fc4537fe700 (Original Log Time 2019/03/20-03:29:53.141331) [db/compaction_job.cc:685] [usertable] compacted to: base level 1 max bytes base 536870912 files[2 12 169 548 0 0 0] max score 1.18, MB/sec: 95.7 rd, 95.5 wr, level 2, files in(1, 0) out(1) MB in(64.3, 0.0) out(64.1), read-write-amplify(2.0) write-amplify(1.0) OK, records in: 16279, records dropped: 0 output_compression: LZ4
2019/03/20-03:29:53.141460 7fc4537fe700 (Original Log Time 2019/03/20-03:29:53.141366) EVENT_LOG_v1 {"time_micros": 1553077793141353, "job": 4, "event": "compaction_finished", "compaction_time_micros": 704329, "output_level": 2, "num_output_files": 1, "total_output_size": 67233572, "num_input_records": 16279, "num_output_records": 16279, "num_subcompactions": 1, "output_compression": "LZ4", "num_single_delete_mismatches": 0, "num_single_delete_fallthrough": 0, "lsm_state": [2, 12, 169, 548, 0, 0, 0]}
2019/03/20-03:29:53.157414 7fc4537fe700 EVENT_LOG_v1 {"time_micros": 1553077793157407, "job": 4, "event": "table_file_deletion", "file_number": 270}
2019/03/20-03:29:53.157588 7fc4537fe700 [db/compaction_job.cc:1531] [usertable] [JOB 5] Compacting 1@1 files to L2, score 1.18
2019/03/20-03:29:53.157599 7fc4537fe700 [db/compaction_job.cc:1535] [usertable] Compaction start summary: Base version 7 Base level 1, inputs: [1397(64MB)]
2019/03/20-03:29:53.157621 7fc4537fe700 EVENT_LOG_v1 {"time_micros": 1553077793157607, "job": 5, "event": "compaction_started", "compaction_reason": "LevelMaxLevelSize", "files_L1": [1397], "score": 1.18091, "input_data_size": 67418360}
2019/03/20-03:29:53.707646 7fc4537fe700 [db/compaction_job.cc:1211] [usertable] [JOB 5] Generated table #1401: 16279 keys, 67233349 bytes
2019/03/20-03:29:53.707708 7fc4537fe700 EVENT_LOG_v1 {"time_micros": 1553077793707687, "cf_name": "usertable", "job": 5, "event": "table_file_creation", "file_number": 1401, "file_size": 67233349, "table_properties": {"data_size": 67118331, "index_size": 299108, "filter_size": 0, "raw_key_size": 390696, "raw_average_key_size": 24, "raw_value_size": 66678784, "raw_average_value_size": 4096, "num_data_blocks": 8140, "num_entries": 16279, "filter_policy_name": "", "kDeletedKeys": "0", "kMergeOperands": "0"}}
2019/03/20-03:29:53.707748 7fc4537fe700 [db/compaction_job.cc:1287] [usertable] [JOB 5] Compacted 1@1 files to L2 => 67233349 bytes
