2019/03/18-23:54:02.141463 7f3501df2700 RocksDB version: 5.14.3
2019/03/18-23:54:02.141514 7f3501df2700 Git sha rocksdb_build_git_sha:
2019/03/18-23:54:02.141517 7f3501df2700 Compile date Oct  9 2018
2019/03/18-23:54:02.141524 7f3501df2700 DB SUMMARY
2019/03/18-23:54:02.142075 7f3501df2700 CURRENT file:  CURRENT
2019/03/18-23:54:02.142077 7f3501df2700 IDENTITY file:  IDENTITY
2019/03/18-23:54:02.142087 7f3501df2700 MANIFEST file:  MANIFEST-000004 size: 130222 Bytes
2019/03/18-23:54:02.142090 7f3501df2700 SST files in /mnt/sdh/ycsb-rocksdb-data dir, Total Num: 739, files: 000021.sst 000022.sst 000023.sst 000024.sst 000028.sst 000029.sst 000030.sst 000031.sst 000035.sst 
2019/03/18-23:54:02.142094 7f3501df2700 Write Ahead Log file in /mnt/sdh/ycsb-rocksdb-data: 001330.log size: 116689644 ; 001336.log size: 38158109 ; 
2019/03/18-23:54:02.142120 7f3501df2700                         Options.error_if_exists: 0
2019/03/18-23:54:02.142121 7f3501df2700                       Options.create_if_missing: 1
2019/03/18-23:54:02.142122 7f3501df2700                         Options.paranoid_checks: 1
2019/03/18-23:54:02.142123 7f3501df2700                                     Options.env: 0x7f350146d080
2019/03/18-23:54:02.142124 7f3501df2700                                Options.info_log: 0x7f34743c4280
2019/03/18-23:54:02.142125 7f3501df2700                Options.max_file_opening_threads: 16
2019/03/18-23:54:02.142126 7f3501df2700                              Options.statistics: (nil)
2019/03/18-23:54:02.142127 7f3501df2700                               Options.use_fsync: 0
2019/03/18-23:54:02.142128 7f3501df2700                       Options.max_log_file_size: 0
2019/03/18-23:54:02.142129 7f3501df2700                  Options.max_manifest_file_size: 18446744073709551615
2019/03/18-23:54:02.142130 7f3501df2700                   Options.log_file_time_to_roll: 0
2019/03/18-23:54:02.142131 7f3501df2700                       Options.keep_log_file_num: 1000
2019/03/18-23:54:02.142132 7f3501df2700                    Options.recycle_log_file_num: 0
2019/03/18-23:54:02.142132 7f3501df2700                         Options.allow_fallocate: 1
2019/03/18-23:54:02.142133 7f3501df2700                        Options.allow_mmap_reads: 0
2019/03/18-23:54:02.142134 7f3501df2700                       Options.allow_mmap_writes: 0
2019/03/18-23:54:02.142135 7f3501df2700                        Options.use_direct_reads: 0
2019/03/18-23:54:02.142136 7f3501df2700                        Options.use_direct_io_for_flush_and_compaction: 0
2019/03/18-23:54:02.142137 7f3501df2700          Options.create_missing_column_families: 1
2019/03/18-23:54:02.142138 7f3501df2700                              Options.db_log_dir: 
2019/03/18-23:54:02.142139 7f3501df2700                                 Options.wal_dir: /mnt/sdh/ycsb-rocksdb-data
2019/03/18-23:54:02.142140 7f3501df2700                Options.table_cache_numshardbits: 6
2019/03/18-23:54:02.142140 7f3501df2700                      Options.max_subcompactions: 4
2019/03/18-23:54:02.142141 7f3501df2700                  Options.max_background_flushes: 24
2019/03/18-23:54:02.142142 7f3501df2700                         Options.WAL_ttl_seconds: 0
2019/03/18-23:54:02.142143 7f3501df2700                       Options.WAL_size_limit_MB: 0
2019/03/18-23:54:02.142144 7f3501df2700             Options.manifest_preallocation_size: 4194304
2019/03/18-23:54:02.142145 7f3501df2700                     Options.is_fd_close_on_exec: 1
2019/03/18-23:54:02.142146 7f3501df2700                   Options.advise_random_on_open: 1
2019/03/18-23:54:02.142146 7f3501df2700                    Options.db_write_buffer_size: 0
2019/03/18-23:54:02.142147 7f3501df2700                    Options.write_buffer_manager: 0x7f34743c3c70
2019/03/18-23:54:02.142148 7f3501df2700         Options.access_hint_on_compaction_start: 1
2019/03/18-23:54:02.142149 7f3501df2700  Options.new_table_reader_for_compaction_inputs: 0
2019/03/18-23:54:02.142150 7f3501df2700           Options.random_access_max_buffer_size: 1048576
2019/03/18-23:54:02.142151 7f3501df2700                      Options.use_adaptive_mutex: 0
2019/03/18-23:54:02.142151 7f3501df2700                            Options.rate_limiter: (nil)
2019/03/18-23:54:02.142164 7f3501df2700     Options.sst_file_manager.rate_bytes_per_sec: 0
2019/03/18-23:54:02.142166 7f3501df2700                       Options.wal_recovery_mode: 2
2019/03/18-23:54:02.142166 7f3501df2700                  Options.enable_thread_tracking: 0
2019/03/18-23:54:02.142167 7f3501df2700                  Options.enable_pipelined_write: 1
2019/03/18-23:54:02.142168 7f3501df2700         Options.allow_concurrent_memtable_write: 1
2019/03/18-23:54:02.142169 7f3501df2700      Options.enable_write_thread_adaptive_yield: 1
2019/03/18-23:54:02.142170 7f3501df2700             Options.write_thread_max_yield_usec: 100
2019/03/18-23:54:02.142171 7f3501df2700            Options.write_thread_slow_yield_usec: 3
2019/03/18-23:54:02.142172 7f3501df2700                               Options.row_cache: None
2019/03/18-23:54:02.142172 7f3501df2700                              Options.wal_filter: None
2019/03/18-23:54:02.142173 7f3501df2700             Options.avoid_flush_during_recovery: 0
2019/03/18-23:54:02.142174 7f3501df2700             Options.allow_ingest_behind: 0
2019/03/18-23:54:02.142175 7f3501df2700             Options.preserve_deletes: 0
2019/03/18-23:54:02.142176 7f3501df2700             Options.two_write_queues: 0
2019/03/18-23:54:02.142177 7f3501df2700             Options.manual_wal_flush: 0
2019/03/18-23:54:02.142178 7f3501df2700             Options.max_background_jobs: 24
2019/03/18-23:54:02.142179 7f3501df2700             Options.max_background_compactions: 24
2019/03/18-23:54:02.142180 7f3501df2700             Options.avoid_flush_during_shutdown: 0
2019/03/18-23:54:02.142181 7f3501df2700           Options.writable_file_max_buffer_size: 1048576
2019/03/18-23:54:02.142182 7f3501df2700             Options.delayed_write_rate : 16777216
2019/03/18-23:54:02.142183 7f3501df2700             Options.max_total_wal_size: 0
2019/03/18-23:54:02.142184 7f3501df2700             Options.delete_obsolete_files_period_micros: 21600000000
2019/03/18-23:54:02.142185 7f3501df2700                   Options.stats_dump_period_sec: 60
2019/03/18-23:54:02.142186 7f3501df2700                          Options.max_open_files: -1
2019/03/18-23:54:02.142187 7f3501df2700                          Options.bytes_per_sync: 1048576
2019/03/18-23:54:02.142188 7f3501df2700                      Options.wal_bytes_per_sync: 0
2019/03/18-23:54:02.142188 7f3501df2700       Options.compaction_readahead_size: 0
2019/03/18-23:54:02.142189 7f3501df2700 Compression algorithms supported:
2019/03/18-23:54:02.142191 7f3501df2700 	kZSTDNotFinalCompression supported: 1
2019/03/18-23:54:02.142197 7f3501df2700 	kZSTD supported: 1
2019/03/18-23:54:02.142199 7f3501df2700 	kXpressCompression supported: 0
2019/03/18-23:54:02.142200 7f3501df2700 	kLZ4HCCompression supported: 1
2019/03/18-23:54:02.142201 7f3501df2700 	kLZ4Compression supported: 1
2019/03/18-23:54:02.142202 7f3501df2700 	kBZip2Compression supported: 1
2019/03/18-23:54:02.142203 7f3501df2700 	kZlibCompression supported: 1
2019/03/18-23:54:02.142204 7f3501df2700 	kSnappyCompression supported: 1
2019/03/18-23:54:02.142207 7f3501df2700 Fast CRC32 supported: Not supported on x86
2019/03/18-23:54:02.142677 7f3501df2700 [db/version_set.cc:3085] Recovering from manifest file: MANIFEST-000004
2019/03/18-23:54:02.142822 7f3501df2700 [db/column_family.cc:475] --------------- Options for column family [default]:
2019/03/18-23:54:02.142826 7f3501df2700               Options.comparator: leveldb.BytewiseComparator
2019/03/18-23:54:02.142827 7f3501df2700           Options.merge_operator: None
2019/03/18-23:54:02.142828 7f3501df2700        Options.compaction_filter: None
2019/03/18-23:54:02.142829 7f3501df2700        Options.compaction_filter_factory: None
2019/03/18-23:54:02.142830 7f3501df2700         Options.memtable_factory: SkipListFactory
2019/03/18-23:54:02.142831 7f3501df2700            Options.table_factory: BlockBasedTable
2019/03/18-23:54:02.142857 7f3501df2700            table_factory options:   flush_block_policy_factory: FlushBlockBySizePolicyFactory (0x7f34743c49a0)
  cache_index_and_filter_blocks: 0
  cache_index_and_filter_blocks_with_high_priority: 0
  pin_l0_filter_and_index_blocks_in_cache: 0
  index_type: 0
  hash_index_allow_collision: 1
  checksum: 1
  no_block_cache: 0
  block_cache: 0x7f34743b6890
  block_cache_name: LRUCache
  block_cache_options:
    capacity : 8388608
    num_shard_bits : 4
    strict_capacity_limit : 0
    high_pri_pool_ratio: 0.000
  block_cache_compressed: (nil)
  persistent_cache: (nil)
  block_size: 8192
  block_size_deviation: 10
  block_restart_interval: 16
  index_block_restart_interval: 1
  metadata_block_size: 4096
  partition_filters: 0
  use_delta_encoding: 1
  filter_policy: nullptr
  whole_key_filtering: 1
  verify_compression: 0
  read_amp_bytes_per_bit: 0
  format_version: 2
  enable_index_compression: 1
  block_align: 0
2019/03/18-23:54:02.142870 7f3501df2700        Options.write_buffer_size: 134217728
2019/03/18-23:54:02.142872 7f3501df2700  Options.max_write_buffer_number: 24
2019/03/18-23:54:02.142873 7f3501df2700        Options.compression[0]: NoCompression
2019/03/18-23:54:02.142874 7f3501df2700        Options.compression[1]: NoCompression
2019/03/18-23:54:02.142876 7f3501df2700        Options.compression[2]: LZ4
2019/03/18-23:54:02.142877 7f3501df2700        Options.compression[3]: LZ4
2019/03/18-23:54:02.142878 7f3501df2700        Options.compression[4]: LZ4
2019/03/18-23:54:02.142879 7f3501df2700        Options.compression[5]: LZ4
2019/03/18-23:54:02.142880 7f3501df2700        Options.compression[6]: LZ4
2019/03/18-23:54:02.142881 7f3501df2700                  Options.bottommost_compression: Disabled
2019/03/18-23:54:02.142881 7f3501df2700       Options.prefix_extractor: nullptr
2019/03/18-23:54:02.142882 7f3501df2700   Options.memtable_insert_with_hint_prefix_extractor: nullptr
2019/03/18-23:54:02.142883 7f3501df2700             Options.num_levels: 7
2019/03/18-23:54:02.142884 7f3501df2700        Options.min_write_buffer_number_to_merge: 2
2019/03/18-23:54:02.142885 7f3501df2700     Options.max_write_buffer_number_to_maintain: 0
2019/03/18-23:54:02.142886 7f3501df2700            Options.compression_opts.window_bits: -14
2019/03/18-23:54:02.142887 7f3501df2700                  Options.compression_opts.level: -1
2019/03/18-23:54:02.142888 7f3501df2700               Options.compression_opts.strategy: 0
2019/03/18-23:54:02.142889 7f3501df2700         Options.compression_opts.max_dict_bytes: 0
2019/03/18-23:54:02.142890 7f3501df2700         Options.compression_opts.zstd_max_train_bytes: 0
2019/03/18-23:54:02.142891 7f3501df2700      Options.level0_file_num_compaction_trigger: 2
2019/03/18-23:54:02.142891 7f3501df2700          Options.level0_slowdown_writes_trigger: 20
2019/03/18-23:54:02.142892 7f3501df2700              Options.level0_stop_writes_trigger: 36
2019/03/18-23:54:02.142893 7f3501df2700                   Options.target_file_size_base: 67108864
2019/03/18-23:54:02.142894 7f3501df2700             Options.target_file_size_multiplier: 1
2019/03/18-23:54:02.142895 7f3501df2700                Options.max_bytes_for_level_base: 536870912
2019/03/18-23:54:02.142896 7f3501df2700 Options.level_compaction_dynamic_level_bytes: 0
2019/03/18-23:54:02.142897 7f3501df2700          Options.max_bytes_for_level_multiplier: 10.000000
2019/03/18-23:54:02.142900 7f3501df2700 Options.max_bytes_for_level_multiplier_addtl[0]: 1
2019/03/18-23:54:02.142901 7f3501df2700 Options.max_bytes_for_level_multiplier_addtl[1]: 1
2019/03/18-23:54:02.142902 7f3501df2700 Options.max_bytes_for_level_multiplier_addtl[2]: 1
2019/03/18-23:54:02.142903 7f3501df2700 Options.max_bytes_for_level_multiplier_addtl[3]: 1
2019/03/18-23:54:02.142904 7f3501df2700 Options.max_bytes_for_level_multiplier_addtl[4]: 1
2019/03/18-23:54:02.142904 7f3501df2700 Options.max_bytes_for_level_multiplier_addtl[5]: 1
2019/03/18-23:54:02.142905 7f3501df2700 Options.max_bytes_for_level_multiplier_addtl[6]: 1
2019/03/18-23:54:02.142906 7f3501df2700       Options.max_sequential_skip_in_iterations: 8
2019/03/18-23:54:02.142907 7f3501df2700                    Options.max_compaction_bytes: 1677721600
2019/03/18-23:54:02.142916 7f3501df2700                        Options.arena_block_size: 16777216
2019/03/18-23:54:02.142918 7f3501df2700   Options.soft_pending_compaction_bytes_limit: 68719476736
2019/03/18-23:54:02.142919 7f3501df2700   Options.hard_pending_compaction_bytes_limit: 274877906944
2019/03/18-23:54:02.142920 7f3501df2700       Options.rate_limit_delay_max_milliseconds: 100
2019/03/18-23:54:02.142920 7f3501df2700                Options.disable_auto_compactions: 0
2019/03/18-23:54:02.142922 7f3501df2700                        Options.compaction_style: kCompactionStyleLevel
2019/03/18-23:54:02.142923 7f3501df2700                          Options.compaction_pri: kByCompensatedSize
2019/03/18-23:54:02.142924 7f3501df2700 Options.compaction_options_universal.size_ratio: 1
2019/03/18-23:54:02.142925 7f3501df2700 Options.compaction_options_universal.min_merge_width: 2
2019/03/18-23:54:02.142926 7f3501df2700 Options.compaction_options_universal.max_merge_width: 4294967295
2019/03/18-23:54:02.142927 7f3501df2700 Options.compaction_options_universal.max_size_amplification_percent: 200
2019/03/18-23:54:02.142928 7f3501df2700 Options.compaction_options_universal.compression_size_percent: -1
2019/03/18-23:54:02.142929 7f3501df2700 Options.compaction_options_universal.stop_style: kCompactionStopStyleTotalSize
2019/03/18-23:54:02.142930 7f3501df2700 Options.compaction_options_fifo.max_table_files_size: 1073741824
2019/03/18-23:54:02.142930 7f3501df2700 Options.compaction_options_fifo.allow_compaction: 0
2019/03/18-23:54:02.142931 7f3501df2700 Options.compaction_options_fifo.ttl: 0
2019/03/18-23:54:02.142932 7f3501df2700                   Options.table_properties_collectors: 
2019/03/18-23:54:02.142933 7f3501df2700                   Options.inplace_update_support: 0
2019/03/18-23:54:02.142934 7f3501df2700                 Options.inplace_update_num_locks: 10000
2019/03/18-23:54:02.142935 7f3501df2700               Options.memtable_prefix_bloom_size_ratio: 0.000000
2019/03/18-23:54:02.142936 7f3501df2700   Options.memtable_huge_page_size: 0
2019/03/18-23:54:02.142937 7f3501df2700                           Options.bloom_locality: 0
2019/03/18-23:54:02.142938 7f3501df2700                    Options.max_successive_merges: 0
2019/03/18-23:54:02.142939 7f3501df2700                Options.optimize_filters_for_hits: 0
2019/03/18-23:54:02.142940 7f3501df2700                Options.paranoid_file_checks: 0
2019/03/18-23:54:02.142941 7f3501df2700                Options.force_consistency_checks: 0
2019/03/18-23:54:02.142941 7f3501df2700                Options.report_bg_io_stats: 0
2019/03/18-23:54:02.142942 7f3501df2700                               Options.ttl: 0
2019/03/18-23:54:02.143424 7f3501df2700 [db/column_family.cc:475] --------------- Options for column family [usertable]:
2019/03/18-23:54:02.143427 7f3501df2700               Options.comparator: leveldb.BytewiseComparator
2019/03/18-23:54:02.143428 7f3501df2700           Options.merge_operator: None
2019/03/18-23:54:02.143429 7f3501df2700        Options.compaction_filter: None
2019/03/18-23:54:02.143430 7f3501df2700        Options.compaction_filter_factory: None
2019/03/18-23:54:02.143431 7f3501df2700         Options.memtable_factory: SkipListFactory
2019/03/18-23:54:02.143432 7f3501df2700            Options.table_factory: BlockBasedTable
2019/03/18-23:54:02.143456 7f3501df2700            table_factory options:   flush_block_policy_factory: FlushBlockBySizePolicyFactory (0x7f34743c7880)
  cache_index_and_filter_blocks: 0
  cache_index_and_filter_blocks_with_high_priority: 0
  pin_l0_filter_and_index_blocks_in_cache: 0
  index_type: 0
  hash_index_allow_collision: 1
  checksum: 1
  no_block_cache: 0
  block_cache: 0x7f34743c6410
  block_cache_name: LRUCache
  block_cache_options:
    capacity : 8388608
    num_shard_bits : 4
    strict_capacity_limit : 0
    high_pri_pool_ratio: 0.000
  block_cache_compressed: (nil)
  persistent_cache: (nil)
  block_size: 8192
  block_size_deviation: 10
  block_restart_interval: 16
  index_block_restart_interval: 1
  metadata_block_size: 4096
  partition_filters: 0
  use_delta_encoding: 1
  filter_policy: nullptr
  whole_key_filtering: 1
  verify_compression: 0
  read_amp_bytes_per_bit: 0
  format_version: 2
  enable_index_compression: 1
  block_align: 0
2019/03/18-23:54:02.143467 7f3501df2700        Options.write_buffer_size: 134217728
2019/03/18-23:54:02.143469 7f3501df2700  Options.max_write_buffer_number: 24
2019/03/18-23:54:02.143470 7f3501df2700        Options.compression[0]: NoCompression
2019/03/18-23:54:02.143471 7f3501df2700        Options.compression[1]: NoCompression
2019/03/18-23:54:02.143473 7f3501df2700        Options.compression[2]: LZ4
2019/03/18-23:54:02.143473 7f3501df2700        Options.compression[3]: LZ4
2019/03/18-23:54:02.143474 7f3501df2700        Options.compression[4]: LZ4
2019/03/18-23:54:02.143475 7f3501df2700        Options.compression[5]: LZ4
2019/03/18-23:54:02.143476 7f3501df2700        Options.compression[6]: LZ4
2019/03/18-23:54:02.143477 7f3501df2700                  Options.bottommost_compression: Disabled
2019/03/18-23:54:02.143478 7f3501df2700       Options.prefix_extractor: nullptr
2019/03/18-23:54:02.143479 7f3501df2700   Options.memtable_insert_with_hint_prefix_extractor: nullptr
2019/03/18-23:54:02.143480 7f3501df2700             Options.num_levels: 7
2019/03/18-23:54:02.143481 7f3501df2700        Options.min_write_buffer_number_to_merge: 2
2019/03/18-23:54:02.143482 7f3501df2700     Options.max_write_buffer_number_to_maintain: 0
2019/03/18-23:54:02.143483 7f3501df2700            Options.compression_opts.window_bits: -14
2019/03/18-23:54:02.143484 7f3501df2700                  Options.compression_opts.level: -1
2019/03/18-23:54:02.143484 7f3501df2700               Options.compression_opts.strategy: 0
2019/03/18-23:54:02.143485 7f3501df2700         Options.compression_opts.max_dict_bytes: 0
2019/03/18-23:54:02.143486 7f3501df2700         Options.compression_opts.zstd_max_train_bytes: 0
2019/03/18-23:54:02.143487 7f3501df2700      Options.level0_file_num_compaction_trigger: 2
2019/03/18-23:54:02.143488 7f3501df2700          Options.level0_slowdown_writes_trigger: 20
2019/03/18-23:54:02.143489 7f3501df2700              Options.level0_stop_writes_trigger: 36
2019/03/18-23:54:02.143489 7f3501df2700                   Options.target_file_size_base: 67108864
2019/03/18-23:54:02.143490 7f3501df2700             Options.target_file_size_multiplier: 1
2019/03/18-23:54:02.143491 7f3501df2700                Options.max_bytes_for_level_base: 536870912
2019/03/18-23:54:02.143492 7f3501df2700 Options.level_compaction_dynamic_level_bytes: 0
2019/03/18-23:54:02.143493 7f3501df2700          Options.max_bytes_for_level_multiplier: 10.000000
2019/03/18-23:54:02.143495 7f3501df2700 Options.max_bytes_for_level_multiplier_addtl[0]: 1
2019/03/18-23:54:02.143496 7f3501df2700 Options.max_bytes_for_level_multiplier_addtl[1]: 1
2019/03/18-23:54:02.143497 7f3501df2700 Options.max_bytes_for_level_multiplier_addtl[2]: 1
2019/03/18-23:54:02.143498 7f3501df2700 Options.max_bytes_for_level_multiplier_addtl[3]: 1
2019/03/18-23:54:02.143499 7f3501df2700 Options.max_bytes_for_level_multiplier_addtl[4]: 1
2019/03/18-23:54:02.143500 7f3501df2700 Options.max_bytes_for_level_multiplier_addtl[5]: 1
2019/03/18-23:54:02.143500 7f3501df2700 Options.max_bytes_for_level_multiplier_addtl[6]: 1
2019/03/18-23:54:02.143501 7f3501df2700       Options.max_sequential_skip_in_iterations: 8
2019/03/18-23:54:02.143502 7f3501df2700                    Options.max_compaction_bytes: 1677721600
2019/03/18-23:54:02.143503 7f3501df2700                        Options.arena_block_size: 16777216
2019/03/18-23:54:02.143504 7f3501df2700   Options.soft_pending_compaction_bytes_limit: 68719476736
2019/03/18-23:54:02.143505 7f3501df2700   Options.hard_pending_compaction_bytes_limit: 274877906944
2019/03/18-23:54:02.143506 7f3501df2700       Options.rate_limit_delay_max_milliseconds: 100
2019/03/18-23:54:02.143507 7f3501df2700                Options.disable_auto_compactions: 0
2019/03/18-23:54:02.143508 7f3501df2700                        Options.compaction_style: kCompactionStyleLevel
2019/03/18-23:54:02.143514 7f3501df2700                          Options.compaction_pri: kByCompensatedSize
2019/03/18-23:54:02.143516 7f3501df2700 Options.compaction_options_universal.size_ratio: 1
2019/03/18-23:54:02.143517 7f3501df2700 Options.compaction_options_universal.min_merge_width: 2
2019/03/18-23:54:02.143517 7f3501df2700 Options.compaction_options_universal.max_merge_width: 4294967295
2019/03/18-23:54:02.143518 7f3501df2700 Options.compaction_options_universal.max_size_amplification_percent: 200
2019/03/18-23:54:02.143519 7f3501df2700 Options.compaction_options_universal.compression_size_percent: -1
2019/03/18-23:54:02.143520 7f3501df2700 Options.compaction_options_universal.stop_style: kCompactionStopStyleTotalSize
2019/03/18-23:54:02.143521 7f3501df2700 Options.compaction_options_fifo.max_table_files_size: 1073741824
2019/03/18-23:54:02.143522 7f3501df2700 Options.compaction_options_fifo.allow_compaction: 0
2019/03/18-23:54:02.143523 7f3501df2700 Options.compaction_options_fifo.ttl: 0
2019/03/18-23:54:02.143524 7f3501df2700                   Options.table_properties_collectors: 
2019/03/18-23:54:02.143525 7f3501df2700                   Options.inplace_update_support: 0
2019/03/18-23:54:02.143526 7f3501df2700                 Options.inplace_update_num_locks: 10000
2019/03/18-23:54:02.143526 7f3501df2700               Options.memtable_prefix_bloom_size_ratio: 0.000000
2019/03/18-23:54:02.143528 7f3501df2700   Options.memtable_huge_page_size: 0
2019/03/18-23:54:02.143529 7f3501df2700                           Options.bloom_locality: 0
2019/03/18-23:54:02.143530 7f3501df2700                    Options.max_successive_merges: 0
2019/03/18-23:54:02.143530 7f3501df2700                Options.optimize_filters_for_hits: 0
2019/03/18-23:54:02.143531 7f3501df2700                Options.paranoid_file_checks: 0
2019/03/18-23:54:02.143532 7f3501df2700                Options.force_consistency_checks: 0
2019/03/18-23:54:02.143533 7f3501df2700                Options.report_bg_io_stats: 0
2019/03/18-23:54:02.143534 7f3501df2700                               Options.ttl: 0
2019/03/18-23:54:02.814022 7f3501df2700 [db/version_set.cc:3361] Recovered from manifest file:/mnt/sdh/ycsb-rocksdb-data/MANIFEST-000004 succeeded,manifest_file_number is 4, next_file_number is 1337, last_sequence is 10419544, log_number is 0,prev_log_number is 0,max_column_family is 1,min_log_number_to_keep is 0
2019/03/18-23:54:02.814035 7f3501df2700 [db/version_set.cc:3369] Column family [default] (ID 0), log number is 0
2019/03/18-23:54:02.814037 7f3501df2700 [db/version_set.cc:3369] Column family [usertable] (ID 1), log number is 1330
2019/03/18-23:54:02.816220 7f3501df2700 EVENT_LOG_v1 {"time_micros": 1552978442816197, "job": 1, "event": "recovery_started", "log_files": [1330, 1336]}
2019/03/18-23:54:02.816234 7f3501df2700 [db/db_impl_open.cc:551] Recovering log #1330 mode 2
2019/03/18-23:54:03.204176 7f3501df2700 [db/db_impl_open.cc:551] Recovering log #1336 mode 2
2019/03/18-23:54:03.746318 7f3501df2700 EVENT_LOG_v1 {"time_micros": 1552978443746287, "cf_name": "usertable", "job": 1, "event": "table_file_creation", "file_number": 1337, "file_size": 129902322, "table_properties": {"data_size": 129321393, "index_size": 580007, "filter_size": 0, "raw_key_size": 752760, "raw_average_key_size": 24, "raw_value_size": 128471040, "raw_average_value_size": 4096, "num_data_blocks": 15683, "num_entries": 31365, "filter_policy_name": "", "kDeletedKeys": "0", "kMergeOperands": "0"}}
2019/03/18-23:54:03.829795 7f3501df2700 [db/version_set.cc:2847] Creating manifest 1338
2019/03/18-23:54:04.088182 7f3501df2700 EVENT_LOG_v1 {"time_micros": 1552978444088143, "cf_name": "usertable", "job": 1, "event": "table_file_creation", "file_number": 1339, "file_size": 25126496, "table_properties": {"data_size": 25014255, "index_size": 111320, "filter_size": 0, "raw_key_size": 145608, "raw_average_key_size": 24, "raw_value_size": 24850432, "raw_average_value_size": 4096, "num_data_blocks": 3034, "num_entries": 6067, "filter_policy_name": "", "kDeletedKeys": "0", "kMergeOperands": "0"}}
2019/03/18-23:54:04.147664 7f3501df2700 EVENT_LOG_v1 {"time_micros": 1552978444147652, "job": 1, "event": "recovery_finished"}
2019/03/18-23:54:04.286208 7f3501df2700 [db/db_impl_open.cc:1219] DB pointer 0x7f34743ca110
2019/03/18-23:54:04.286629 7f3420ff9700 [WARN] [db/db_impl.cc:491] ------- DUMPING STATS -------
2019/03/18-23:54:04.286691 7f3420ff9700 [WARN] [db/db_impl.cc:492] 
** DB Stats **
Uptime(secs): 2.1 total, 2.1 interval
Cumulative writes: 0 writes, 0 keys, 0 commit groups, 0.0 writes per commit group, ingest: 0.00 GB, 0.00 MB/s
Cumulative WAL: 0 writes, 0 syncs, 0.00 writes per sync, written: 0.00 GB, 0.00 MB/s
Cumulative stall: 00:00:0.000 H:M:S, 0.0 percent
Interval writes: 0 writes, 0 keys, 0 commit groups, 0.0 writes per commit group, ingest: 0.00 MB, 0.00 MB/s
Interval WAL: 0 writes, 0 syncs, 0.00 writes per sync, written: 0.00 MB, 0.00 MB/s
Interval stall: 00:00:0.000 H:M:S, 0.0 percent

** Compaction Stats [default] **
Level    Files   Size     Score Read(GB)  Rn(GB) Rnp1(GB) Write(GB) Wnew(GB) Moved(GB) W-Amp Rd(MB/s) Wr(MB/s) Comp(sec) Comp(cnt) Avg(sec) KeyIn KeyDrop
----------------------------------------------------------------------------------------------------------------------------------------------------------
 Sum      0/0    0.00 KB   0.0      0.0     0.0      0.0       0.0      0.0       0.0   0.0      0.0      0.0         0         0    0.000       0      0
 Int      0/0    0.00 KB   0.0      0.0     0.0      0.0       0.0      0.0       0.0   0.0      0.0      0.0         0         0    0.000       0      0
Uptime(secs): 2.1 total, 2.1 interval
Flush(GB): cumulative 0.000, interval 0.000
AddFile(GB): cumulative 0.000, interval 0.000
AddFile(Total Files): cumulative 0, interval 0
AddFile(L0 Files): cumulative 0, interval 0
AddFile(Keys): cumulative 0, interval 0
Cumulative compaction: 0.00 GB write, 0.00 MB/s write, 0.00 GB read, 0.00 MB/s read, 0.0 seconds
Interval compaction: 0.00 GB write, 0.00 MB/s write, 0.00 GB read, 0.00 MB/s read, 0.0 seconds
Stalls(count): 0 level0_slowdown, 0 level0_slowdown_with_compaction, 0 level0_numfiles, 0 level0_numfiles_with_compaction, 0 stop for pending_compaction_bytes, 0 slowdown for pending_compaction_bytes, 0 memtable_compaction, 0 memtable_slowdown, interval 0 total count

** File Read Latency Histogram By Level [default] **

** Compaction Stats [usertable] **
Level    Files   Size     Score Read(GB)  Rn(GB) Rnp1(GB) Write(GB) Wnew(GB) Moved(GB) W-Amp Rd(MB/s) Wr(MB/s) Comp(sec) Comp(cnt) Avg(sec) KeyIn KeyDrop
----------------------------------------------------------------------------------------------------------------------------------------------------------
  L0      3/0   331.09 MB   1.5      0.0     0.0      0.0       0.1      0.1       0.0   1.0      0.0    211.0         1         2    0.350       0      0
  L1      7/0   407.66 MB   0.8      0.0     0.0      0.0       0.0      0.0       0.0   0.0      0.0      0.0         0         0    0.000       0      0
  L2    180/0    4.96 GB   1.0      0.0     0.0      0.0       0.0      0.0       0.0   0.0      0.0      0.0         0         0    0.000       0      0
  L3    551/0   34.50 GB   0.7      0.0     0.0      0.0       0.0      0.0       0.0   0.0      0.0      0.0         0         0    0.000       0      0
 Sum    741/0   40.18 GB   0.0      0.0     0.0      0.0       0.1      0.1       0.0   1.0      0.0    211.0         1         2    0.350       0      0
 Int      0/0    0.00 KB   0.0      0.0     0.0      0.0       0.1      0.1       0.0   1.0      0.0    211.0         1         2    0.350       0      0
Uptime(secs): 2.1 total, 2.1 interval
Flush(GB): cumulative 0.144, interval 0.144
AddFile(GB): cumulative 0.000, interval 0.000
AddFile(Total Files): cumulative 0, interval 0
AddFile(L0 Files): cumulative 0, interval 0
AddFile(Keys): cumulative 0, interval 0
Cumulative compaction: 0.14 GB write, 68.99 MB/s write, 0.00 GB read, 0.00 MB/s read, 0.7 seconds
Interval compaction: 0.14 GB write, 68.99 MB/s write, 0.00 GB read, 0.00 MB/s read, 0.7 seconds
Stalls(count): 0 level0_slowdown, 0 level0_slowdown_with_compaction, 0 level0_numfiles, 0 level0_numfiles_with_compaction, 0 stop for pending_compaction_bytes, 0 slowdown for pending_compaction_bytes, 0 memtable_compaction, 0 memtable_slowdown, interval 0 total count

** File Read Latency Histogram By Level [usertable] **

** Compaction Stats [default] **
Level    Files   Size     Score Read(GB)  Rn(GB) Rnp1(GB) Write(GB) Wnew(GB) Moved(GB) W-Amp Rd(MB/s) Wr(MB/s) Comp(sec) Comp(cnt) Avg(sec) KeyIn KeyDrop
----------------------------------------------------------------------------------------------------------------------------------------------------------
 Sum      0/0    0.00 KB   0.0      0.0     0.0      0.0       0.0      0.0       0.0   0.0      0.0      0.0         0         0    0.000       0      0
 Int      0/0    0.00 KB   0.0      0.0     0.0      0.0       0.0      0.0       0.0   0.0      0.0      0.0         0         0    0.000       0      0
Uptime(secs): 2.1 total, 0.0 interval
Flush(GB): cumulative 0.000, interval 0.000
AddFile(GB): cumulative 0.000, interval 0.000
AddFile(Total Files): cumulative 0, interval 0
AddFile(L0 Files): cumulative 0, interval 0
AddFile(Keys): cumulative 0, interval 0
Cumulative compaction: 0.00 GB write, 0.00 MB/s write, 0.00 GB read, 0.00 MB/s read, 0.0 seconds
Interval compaction: 0.00 GB write, 0.00 MB/s write, 0.00 GB read, 0.00 MB/s read, 0.0 seconds
Stalls(count): 0 level0_slowdown, 0 level0_slowdown_with_compaction, 0 level0_numfiles, 0 level0_numfiles_with_compaction, 0 stop for pending_compaction_bytes, 0 slowdown for pending_compaction_bytes, 0 memtable_compaction, 0 memtable_slowdown, interval 0 total count

** File Read Latency Histogram By Level [default] **

** Compaction Stats [usertable] **
Level    Files   Size     Score Read(GB)  Rn(GB) Rnp1(GB) Write(GB) Wnew(GB) Moved(GB) W-Amp Rd(MB/s) Wr(MB/s) Comp(sec) Comp(cnt) Avg(sec) KeyIn KeyDrop
----------------------------------------------------------------------------------------------------------------------------------------------------------
  L0      3/0   331.09 MB   1.5      0.0     0.0      0.0       0.1      0.1       0.0   1.0      0.0    211.0         1         2    0.350       0      0
  L1      7/0   407.66 MB   0.8      0.0     0.0      0.0       0.0      0.0       0.0   0.0      0.0      0.0         0         0    0.000       0      0
  L2    180/0    4.96 GB   1.0      0.0     0.0      0.0       0.0      0.0       0.0   0.0      0.0      0.0         0         0    0.000       0      0
  L3    551/0   34.50 GB   0.7      0.0     0.0      0.0       0.0      0.0       0.0   0.0      0.0      0.0         0         0    0.000       0      0
 Sum    741/0   40.18 GB   0.0      0.0     0.0      0.0       0.1      0.1       0.0   1.0      0.0    211.0         1         2    0.350       0      0
 Int      0/0    0.00 KB   0.0      0.0     0.0      0.0       0.0      0.0       0.0   0.0      0.0      0.0         0         0    0.000       0      0
Uptime(secs): 2.1 total, 0.0 interval
Flush(GB): cumulative 0.144, interval 0.000
AddFile(GB): cumulative 0.000, interval 0.000
AddFile(Total Files): cumulative 0, interval 0
AddFile(L0 Files): cumulative 0, interval 0
AddFile(Keys): cumulative 0, interval 0
Cumulative compaction: 0.14 GB write, 68.98 MB/s write, 0.00 GB read, 0.00 MB/s read, 0.7 seconds
Interval compaction: 0.00 GB write, 0.00 MB/s write, 0.00 GB read, 0.00 MB/s read, 0.0 seconds
Stalls(count): 0 level0_slowdown, 0 level0_slowdown_with_compaction, 0 level0_numfiles, 0 level0_numfiles_with_compaction, 0 stop for pending_compaction_bytes, 0 slowdown for pending_compaction_bytes, 0 memtable_compaction, 0 memtable_slowdown, interval 0 total count

** File Read Latency Histogram By Level [usertable] **
2019/03/18-23:54:04.387502 7f3420ff9700 (Original Log Time 2019/03/18-23:54:04.286867) [db/db_impl_compaction_flush.cc:1835] [usertable] Moving #244 to level-1 192140437 bytes
2019/03/18-23:54:04.387509 7f3420ff9700 (Original Log Time 2019/03/18-23:54:04.387360) EVENT_LOG_v1 {"time_micros": 1552978444387342, "job": 3, "event": "trivial_move", "destination_level": 1, "files": 1, "total_files_size": 192140437}
2019/03/18-23:54:04.387512 7f3420ff9700 (Original Log Time 2019/03/18-23:54:04.387376) [db/db_impl_compaction_flush.cc:1864] [usertable] Moved #1 files to level-1 192140437 bytes OK: base level 1 max bytes base 536870912 files[2 8 180 551 0 0 0] max score 1.15
2019/03/18-23:54:04.387655 7f3420ff9700 [db/compaction_job.cc:1531] [usertable] [JOB 4] Compacting 1@1 + 1@2 files to L2, score 1.15
2019/03/18-23:54:04.387677 7f3420ff9700 [db/compaction_job.cc:1535] [usertable] Compaction start summary: Base version 6 Base level 1, inputs: [244(183MB)], [241(10128KB)]
2019/03/18-23:54:04.387712 7f3420ff9700 EVENT_LOG_v1 {"time_micros": 1552978444387687, "job": 4, "event": "compaction_started", "compaction_reason": "LevelMaxLevelSize", "files_L1": [244], "files_L2": [241], "score": 1.1541, "input_data_size": 202511956}
2019/03/18-23:54:05.989615 7f3420ff9700 [db/compaction_job.cc:1211] [usertable] [JOB 4] Generated table #1343: 16279 keys, 67233584 bytes
2019/03/18-23:54:05.989765 7f3420ff9700 EVENT_LOG_v1 {"time_micros": 1552978445989740, "cf_name": "usertable", "job": 4, "event": "table_file_creation", "file_number": 1343, "file_size": 67233584, "table_properties": {"data_size": 67120141, "index_size": 300916, "filter_size": 0, "raw_key_size": 390696, "raw_average_key_size": 24, "raw_value_size": 66678784, "raw_average_value_size": 4096, "num_data_blocks": 8140, "num_entries": 16279, "filter_policy_name": "", "kDeletedKeys": "0", "kMergeOperands": "0"}}
2019/03/18-23:54:07.073385 7f3420ff9700 [db/compaction_job.cc:1211] [usertable] [JOB 4] Generated table #1344: 16279 keys, 67233332 bytes
2019/03/18-23:54:07.073445 7f3420ff9700 EVENT_LOG_v1 {"time_micros": 1552978447073417, "cf_name": "usertable", "job": 4, "event": "table_file_creation", "file_number": 1344, "file_size": 67233332, "table_properties": {"data_size": 67118331, "index_size": 299108, "filter_size": 0, "raw_key_size": 390696, "raw_average_key_size": 24, "raw_value_size": 66678784, "raw_average_value_size": 4096, "num_data_blocks": 8140, "num_entries": 16279, "filter_policy_name": "", "kDeletedKeys": "0", "kMergeOperands": "0"}}
2019/03/18-23:54:08.142849 7f3420ff9700 [db/compaction_job.cc:1211] [usertable] [JOB 4] Generated table #1345: 16279 keys, 67233552 bytes
2019/03/18-23:54:08.142911 7f3420ff9700 EVENT_LOG_v1 {"time_micros": 1552978448142881, "cf_name": "usertable", "job": 4, "event": "table_file_creation", "file_number": 1345, "file_size": 67233552, "table_properties": {"data_size": 67120140, "index_size": 300916, "filter_size": 0, "raw_key_size": 390696, "raw_average_key_size": 24, "raw_value_size": 66678784, "raw_average_value_size": 4096, "num_data_blocks": 8140, "num_entries": 16279, "filter_policy_name": "", "kDeletedKeys": "0", "kMergeOperands": "0"}}
2019/03/18-23:54:08.206252 7f3420ff9700 [db/compaction_job.cc:1211] [usertable] [JOB 4] Generated table #1346: 69 keys, 285946 bytes
2019/03/18-23:54:08.206293 7f3420ff9700 EVENT_LOG_v1 {"time_micros": 1552978448206277, "cf_name": "usertable", "job": 4, "event": "table_file_creation", "file_number": 1346, "file_size": 285946, "table_properties": {"data_size": 284501, "index_size": 1244, "filter_size": 0, "raw_key_size": 1656, "raw_average_key_size": 24, "raw_value_size": 282624, "raw_average_value_size": 4096, "num_data_blocks": 35, "num_entries": 69, "filter_policy_name": "", "kDeletedKeys": "0", "kMergeOperands": "0"}}
2019/03/18-23:54:08.206361 7f3420ff9700 [db/compaction_job.cc:1287] [usertable] [JOB 4] Compacted 1@1 + 1@2 files to L2 => 201986414 bytes
2019/03/18-23:54:08.240234 7f3420ff9700 (Original Log Time 2019/03/18-23:54:08.240055) [db/compaction_job.cc:685] [usertable] compacted to: base level 1 max bytes base 536870912 files[2 7 183 551 0 0 0] max score 1.03, MB/sec: 53.0 rd, 52.9 wr, level 2, files in(1, 1) out(4) MB in(183.2, 9.9) out(192.6), read-write-amplify(2.1) write-amplify(1.1) OK, records in: 48906, records dropped: 0 output_compression: LZ4
2019/03/18-23:54:08.240245 7f3420ff9700 (Original Log Time 2019/03/18-23:54:08.240123) EVENT_LOG_v1 {"time_micros": 1552978448240092, "job": 4, "event": "compaction_finished", "compaction_time_micros": 3818609, "output_level": 2, "num_output_files": 4, "total_output_size": 201986414, "num_input_records": 48906, "num_output_records": 48906, "num_subcompactions": 1, "output_compression": "LZ4", "num_single_delete_mismatches": 0, "num_single_delete_fallthrough": 0, "lsm_state": [2, 7, 183, 551, 0, 0, 0]}
2019/03/18-23:54:08.274633 7f34d48ef700 (Original Log Time 2019/03/18-23:54:08.240552) [db/db_impl_compaction_flush.cc:1835] [usertable] Moving #1343 to level-3 67233584 bytes
2019/03/18-23:54:08.274641 7f34d48ef700 (Original Log Time 2019/03/18-23:54:08.274522) EVENT_LOG_v1 {"time_micros": 1552978448274508, "job": 5, "event": "trivial_move", "destination_level": 3, "files": 1, "total_files_size": 67233584}
2019/03/18-23:54:08.274644 7f34d48ef700 (Original Log Time 2019/03/18-23:54:08.274541) [db/db_impl_compaction_flush.cc:1864] [usertable] Moved #1 files to level-3 67233584 bytes OK: base level 1 max bytes base 536870912 files[2 7 182 552 0 0 0] max score 1.01
2019/03/18-23:54:08.298348 7f34d48ef700 EVENT_LOG_v1 {"time_micros": 1552978448298334, "job": 5, "event": "table_file_deletion", "file_number": 244}
2019/03/18-23:54:08.299700 7f34d48ef700 EVENT_LOG_v1 {"time_micros": 1552978448299695, "job": 5, "event": "table_file_deletion", "file_number": 241}
2019/03/18-23:54:08.332167 7f348cffe700 (Original Log Time 2019/03/18-23:54:08.299946) [db/db_impl_compaction_flush.cc:1835] [usertable] Moving #1345 to level-3 67233552 bytes
2019/03/18-23:54:08.332175 7f348cffe700 (Original Log Time 2019/03/18-23:54:08.332064) EVENT_LOG_v1 {"time_micros": 1552978448332052, "job": 6, "event": "trivial_move", "destination_level": 3, "files": 1, "total_files_size": 67233552}
2019/03/18-23:54:08.332178 7f348cffe700 (Original Log Time 2019/03/18-23:54:08.332081) [db/db_impl_compaction_flush.cc:1864] [usertable] Moved #1 files to level-3 67233552 bytes OK: base level 1 max bytes base 536870912 files[2 7 181 553 0 0 0] max score 1.00
2019/03/18-23:54:08.366151 7f348cffe700 (Original Log Time 2019/03/18-23:54:08.332448) [db/db_impl_compaction_flush.cc:1835] [usertable] Moving #1344 to level-3 67233332 bytes
2019/03/18-23:54:08.366158 7f348cffe700 (Original Log Time 2019/03/18-23:54:08.366038) EVENT_LOG_v1 {"time_micros": 1552978448366023, "job": 7, "event": "trivial_move", "destination_level": 3, "files": 1, "total_files_size": 67233332}
2019/03/18-23:54:08.366161 7f348cffe700 (Original Log Time 2019/03/18-23:54:08.366058) [db/db_impl_compaction_flush.cc:1864] [usertable] Moved #1 files to level-3 67233332 bytes OK: base level 1 max bytes base 536870912 files[2 7 180 554 0 0 0] max score 1.00
2019/03/18-23:54:08.401369 7f348cffe700 (Original Log Time 2019/03/18-23:54:08.366448) [db/db_impl_compaction_flush.cc:1835] [usertable] Moving #1337 to level-1 129902322 bytes
