2018/12/30-01:21:35.043311 7f20987b8700 RocksDB version: 5.14.3
2018/12/30-01:21:35.043368 7f20987b8700 Git sha rocksdb_build_git_sha:
2018/12/30-01:21:35.043372 7f20987b8700 Compile date Dec 29 2018
2018/12/30-01:21:35.043377 7f20987b8700 DB SUMMARY
2018/12/30-01:21:35.044073 7f20987b8700 CURRENT file:  CURRENT
2018/12/30-01:21:35.044077 7f20987b8700 IDENTITY file:  IDENTITY
2018/12/30-01:21:35.044088 7f20987b8700 MANIFEST file:  MANIFEST-000004 size: 130913 Bytes
2018/12/30-01:21:35.044092 7f20987b8700 SST files in /mnt/sdh/ycsb-rocksdb-data dir, Total Num: 734, files: 000021.sst 000022.sst 000023.sst 000024.sst 000028.sst 000029.sst 000030.sst 000031.sst 000035.sst 
2018/12/30-01:21:35.044093 7f20987b8700 Write Ahead Log file in /mnt/sdh/ycsb-rocksdb-data: 001337.log size: 100537822 ; 001343.log size: 100529074 ; 001344.log size: 27061872 ; 
2018/12/30-01:21:35.044100 7f20987b8700                         Options.error_if_exists: 0
2018/12/30-01:21:35.044101 7f20987b8700                       Options.create_if_missing: 1
2018/12/30-01:21:35.044102 7f20987b8700                         Options.paranoid_checks: 1
2018/12/30-01:21:35.044104 7f20987b8700                                     Options.env: 0x7f2091c662c0
2018/12/30-01:21:35.044105 7f20987b8700                                Options.info_log: 0x7f1fe03baf50
2018/12/30-01:21:35.044106 7f20987b8700                Options.max_file_opening_threads: 16
2018/12/30-01:21:35.044107 7f20987b8700                              Options.statistics: (nil)
2018/12/30-01:21:35.044108 7f20987b8700                               Options.use_fsync: 0
2018/12/30-01:21:35.044109 7f20987b8700                       Options.max_log_file_size: 0
2018/12/30-01:21:35.044111 7f20987b8700                  Options.max_manifest_file_size: 18446744073709551615
2018/12/30-01:21:35.044112 7f20987b8700                   Options.log_file_time_to_roll: 0
2018/12/30-01:21:35.044113 7f20987b8700                       Options.keep_log_file_num: 1000
2018/12/30-01:21:35.044114 7f20987b8700                    Options.recycle_log_file_num: 0
2018/12/30-01:21:35.044115 7f20987b8700                         Options.allow_fallocate: 1
2018/12/30-01:21:35.044116 7f20987b8700                        Options.allow_mmap_reads: 0
2018/12/30-01:21:35.044117 7f20987b8700                       Options.allow_mmap_writes: 0
2018/12/30-01:21:35.044119 7f20987b8700                        Options.use_direct_reads: 0
2018/12/30-01:21:35.044120 7f20987b8700                        Options.use_direct_io_for_flush_and_compaction: 0
2018/12/30-01:21:35.044121 7f20987b8700          Options.create_missing_column_families: 1
2018/12/30-01:21:35.044122 7f20987b8700                              Options.db_log_dir: 
2018/12/30-01:21:35.044123 7f20987b8700                                 Options.wal_dir: /mnt/sdh/ycsb-rocksdb-data
2018/12/30-01:21:35.044124 7f20987b8700                Options.table_cache_numshardbits: 6
2018/12/30-01:21:35.044125 7f20987b8700                      Options.max_subcompactions: 4
2018/12/30-01:21:35.044127 7f20987b8700                  Options.max_background_flushes: 24
2018/12/30-01:21:35.044128 7f20987b8700                         Options.WAL_ttl_seconds: 0
2018/12/30-01:21:35.044129 7f20987b8700                       Options.WAL_size_limit_MB: 0
2018/12/30-01:21:35.044130 7f20987b8700             Options.manifest_preallocation_size: 4194304
2018/12/30-01:21:35.044131 7f20987b8700                     Options.is_fd_close_on_exec: 1
2018/12/30-01:21:35.044133 7f20987b8700                   Options.advise_random_on_open: 1
2018/12/30-01:21:35.044135 7f20987b8700                    Options.db_write_buffer_size: 0
2018/12/30-01:21:35.044137 7f20987b8700                    Options.write_buffer_manager: 0x7f1fe03b5620
2018/12/30-01:21:35.044139 7f20987b8700         Options.access_hint_on_compaction_start: 1
2018/12/30-01:21:35.044141 7f20987b8700  Options.new_table_reader_for_compaction_inputs: 0
2018/12/30-01:21:35.044142 7f20987b8700           Options.random_access_max_buffer_size: 1048576
2018/12/30-01:21:35.044144 7f20987b8700                      Options.use_adaptive_mutex: 0
2018/12/30-01:21:35.044159 7f20987b8700                            Options.rate_limiter: (nil)
2018/12/30-01:21:35.044164 7f20987b8700     Options.sst_file_manager.rate_bytes_per_sec: 0
2018/12/30-01:21:35.044166 7f20987b8700                       Options.wal_recovery_mode: 2
2018/12/30-01:21:35.044168 7f20987b8700                  Options.enable_thread_tracking: 0
2018/12/30-01:21:35.044170 7f20987b8700                  Options.enable_pipelined_write: 1
2018/12/30-01:21:35.044172 7f20987b8700         Options.allow_concurrent_memtable_write: 1
2018/12/30-01:21:35.044174 7f20987b8700      Options.enable_write_thread_adaptive_yield: 1
2018/12/30-01:21:35.044176 7f20987b8700             Options.write_thread_max_yield_usec: 100
2018/12/30-01:21:35.044178 7f20987b8700            Options.write_thread_slow_yield_usec: 3
2018/12/30-01:21:35.044180 7f20987b8700                               Options.row_cache: None
2018/12/30-01:21:35.044182 7f20987b8700                              Options.wal_filter: None
2018/12/30-01:21:35.044184 7f20987b8700             Options.avoid_flush_during_recovery: 0
2018/12/30-01:21:35.044187 7f20987b8700             Options.allow_ingest_behind: 0
2018/12/30-01:21:35.044189 7f20987b8700             Options.preserve_deletes: 0
2018/12/30-01:21:35.044190 7f20987b8700             Options.two_write_queues: 0
2018/12/30-01:21:35.044192 7f20987b8700             Options.manual_wal_flush: 0
2018/12/30-01:21:35.044196 7f20987b8700             Options.max_background_jobs: 24
2018/12/30-01:21:35.044198 7f20987b8700             Options.max_background_compactions: 24
2018/12/30-01:21:35.044200 7f20987b8700             Options.avoid_flush_during_shutdown: 0
2018/12/30-01:21:35.044202 7f20987b8700           Options.writable_file_max_buffer_size: 1048576
2018/12/30-01:21:35.044204 7f20987b8700             Options.delayed_write_rate : 16777216
2018/12/30-01:21:35.044206 7f20987b8700             Options.max_total_wal_size: 0
2018/12/30-01:21:35.044208 7f20987b8700             Options.delete_obsolete_files_period_micros: 21600000000
2018/12/30-01:21:35.044210 7f20987b8700                   Options.stats_dump_period_sec: 60
2018/12/30-01:21:35.044212 7f20987b8700                          Options.max_open_files: -1
2018/12/30-01:21:35.044214 7f20987b8700                          Options.bytes_per_sync: 1048576
2018/12/30-01:21:35.044216 7f20987b8700                      Options.wal_bytes_per_sync: 0
2018/12/30-01:21:35.044218 7f20987b8700       Options.compaction_readahead_size: 0
2018/12/30-01:21:35.044220 7f20987b8700 Compression algorithms supported:
2018/12/30-01:21:35.044222 7f20987b8700 	kZSTDNotFinalCompression supported: 1
2018/12/30-01:21:35.044234 7f20987b8700 	kZSTD supported: 1
2018/12/30-01:21:35.044237 7f20987b8700 	kXpressCompression supported: 0
2018/12/30-01:21:35.044239 7f20987b8700 	kLZ4HCCompression supported: 1
2018/12/30-01:21:35.044241 7f20987b8700 	kLZ4Compression supported: 1
2018/12/30-01:21:35.044243 7f20987b8700 	kBZip2Compression supported: 1
2018/12/30-01:21:35.044245 7f20987b8700 	kZlibCompression supported: 1
2018/12/30-01:21:35.044247 7f20987b8700 	kSnappyCompression supported: 1
2018/12/30-01:21:35.044253 7f20987b8700 Fast CRC32 supported: Supported on x86
2018/12/30-01:21:35.044866 7f20987b8700 [db/version_set.cc:3085] Recovering from manifest file: MANIFEST-000004
2018/12/30-01:21:35.045044 7f20987b8700 [db/column_family.cc:475] --------------- Options for column family [default]:
2018/12/30-01:21:35.045049 7f20987b8700               Options.comparator: leveldb.BytewiseComparator
2018/12/30-01:21:35.045050 7f20987b8700           Options.merge_operator: None
2018/12/30-01:21:35.045052 7f20987b8700        Options.compaction_filter: None
2018/12/30-01:21:35.045053 7f20987b8700        Options.compaction_filter_factory: None
2018/12/30-01:21:35.045054 7f20987b8700         Options.memtable_factory: SkipListFactory
2018/12/30-01:21:35.045056 7f20987b8700            Options.table_factory: BlockBasedTable
2018/12/30-01:21:35.045088 7f20987b8700            table_factory options:   flush_block_policy_factory: FlushBlockBySizePolicyFactory (0x7f1fe037cb70)
  cache_index_and_filter_blocks: 0
  cache_index_and_filter_blocks_with_high_priority: 0
  pin_l0_filter_and_index_blocks_in_cache: 0
  index_type: 0
  hash_index_allow_collision: 1
  checksum: 1
  no_block_cache: 0
  block_cache: 0x7f1fe03884d0
  block_cache_name: LRUCache
  block_cache_options:
    capacity : 8388608
    num_shard_bits : 4
    strict_capacity_limit : 0
    high_pri_pool_ratio: 0.000
  block_cache_compressed: (nil)
  persistent_cache: (nil)
  block_size: 8192
  block_size_deviation: 10
  block_restart_interval: 16
  index_block_restart_interval: 1
  metadata_block_size: 4096
  partition_filters: 0
  use_delta_encoding: 1
  filter_policy: nullptr
  whole_key_filtering: 1
  verify_compression: 0
  read_amp_bytes_per_bit: 0
  format_version: 2
  enable_index_compression: 1
  block_align: 0
2018/12/30-01:21:35.045101 7f20987b8700        Options.write_buffer_size: 134217728
2018/12/30-01:21:35.045103 7f20987b8700  Options.max_write_buffer_number: 24
2018/12/30-01:21:35.045105 7f20987b8700        Options.compression[0]: NoCompression
2018/12/30-01:21:35.045107 7f20987b8700        Options.compression[1]: NoCompression
2018/12/30-01:21:35.045108 7f20987b8700        Options.compression[2]: LZ4
2018/12/30-01:21:35.045109 7f20987b8700        Options.compression[3]: LZ4
2018/12/30-01:21:35.045110 7f20987b8700        Options.compression[4]: LZ4
2018/12/30-01:21:35.045112 7f20987b8700        Options.compression[5]: LZ4
2018/12/30-01:21:35.045113 7f20987b8700        Options.compression[6]: LZ4
2018/12/30-01:21:35.045114 7f20987b8700                  Options.bottommost_compression: Disabled
2018/12/30-01:21:35.045115 7f20987b8700       Options.prefix_extractor: nullptr
2018/12/30-01:21:35.045117 7f20987b8700   Options.memtable_insert_with_hint_prefix_extractor: nullptr
2018/12/30-01:21:35.045125 7f20987b8700             Options.num_levels: 7
2018/12/30-01:21:35.045126 7f20987b8700        Options.min_write_buffer_number_to_merge: 2
2018/12/30-01:21:35.045127 7f20987b8700     Options.max_write_buffer_number_to_maintain: 0
2018/12/30-01:21:35.045128 7f20987b8700            Options.compression_opts.window_bits: -14
2018/12/30-01:21:35.045130 7f20987b8700                  Options.compression_opts.level: -1
2018/12/30-01:21:35.045131 7f20987b8700               Options.compression_opts.strategy: 0
2018/12/30-01:21:35.045132 7f20987b8700         Options.compression_opts.max_dict_bytes: 0
2018/12/30-01:21:35.045133 7f20987b8700         Options.compression_opts.zstd_max_train_bytes: 0
2018/12/30-01:21:35.045134 7f20987b8700      Options.level0_file_num_compaction_trigger: 2
2018/12/30-01:21:35.045136 7f20987b8700          Options.level0_slowdown_writes_trigger: 20
2018/12/30-01:21:35.045137 7f20987b8700              Options.level0_stop_writes_trigger: 36
2018/12/30-01:21:35.045138 7f20987b8700                   Options.target_file_size_base: 67108864
2018/12/30-01:21:35.045139 7f20987b8700             Options.target_file_size_multiplier: 1
2018/12/30-01:21:35.045140 7f20987b8700                Options.max_bytes_for_level_base: 536870912
2018/12/30-01:21:35.045141 7f20987b8700 Options.level_compaction_dynamic_level_bytes: 0
2018/12/30-01:21:35.045143 7f20987b8700          Options.max_bytes_for_level_multiplier: 10.000000
2018/12/30-01:21:35.045145 7f20987b8700 Options.max_bytes_for_level_multiplier_addtl[0]: 1
2018/12/30-01:21:35.045147 7f20987b8700 Options.max_bytes_for_level_multiplier_addtl[1]: 1
2018/12/30-01:21:35.045148 7f20987b8700 Options.max_bytes_for_level_multiplier_addtl[2]: 1
2018/12/30-01:21:35.045149 7f20987b8700 Options.max_bytes_for_level_multiplier_addtl[3]: 1
2018/12/30-01:21:35.045150 7f20987b8700 Options.max_bytes_for_level_multiplier_addtl[4]: 1
2018/12/30-01:21:35.045151 7f20987b8700 Options.max_bytes_for_level_multiplier_addtl[5]: 1
2018/12/30-01:21:35.045152 7f20987b8700 Options.max_bytes_for_level_multiplier_addtl[6]: 1
2018/12/30-01:21:35.045154 7f20987b8700       Options.max_sequential_skip_in_iterations: 8
2018/12/30-01:21:35.045155 7f20987b8700                    Options.max_compaction_bytes: 1677721600
2018/12/30-01:21:35.045177 7f20987b8700                        Options.arena_block_size: 16777216
2018/12/30-01:21:35.045179 7f20987b8700   Options.soft_pending_compaction_bytes_limit: 68719476736
2018/12/30-01:21:35.045180 7f20987b8700   Options.hard_pending_compaction_bytes_limit: 274877906944
2018/12/30-01:21:35.045187 7f20987b8700       Options.rate_limit_delay_max_milliseconds: 100
2018/12/30-01:21:35.045188 7f20987b8700                Options.disable_auto_compactions: 0
2018/12/30-01:21:35.045191 7f20987b8700                        Options.compaction_style: kCompactionStyleLevel
2018/12/30-01:21:35.045192 7f20987b8700                          Options.compaction_pri: kByCompensatedSize
2018/12/30-01:21:35.045193 7f20987b8700 Options.compaction_options_universal.size_ratio: 1
2018/12/30-01:21:35.045195 7f20987b8700 Options.compaction_options_universal.min_merge_width: 2
2018/12/30-01:21:35.045196 7f20987b8700 Options.compaction_options_universal.max_merge_width: 4294967295
2018/12/30-01:21:35.045197 7f20987b8700 Options.compaction_options_universal.max_size_amplification_percent: 200
2018/12/30-01:21:35.045198 7f20987b8700 Options.compaction_options_universal.compression_size_percent: -1
2018/12/30-01:21:35.045200 7f20987b8700 Options.compaction_options_universal.stop_style: kCompactionStopStyleTotalSize
2018/12/30-01:21:35.045201 7f20987b8700 Options.compaction_options_fifo.max_table_files_size: 1073741824
2018/12/30-01:21:35.045203 7f20987b8700 Options.compaction_options_fifo.allow_compaction: 0
2018/12/30-01:21:35.045204 7f20987b8700 Options.compaction_options_fifo.ttl: 0
2018/12/30-01:21:35.045205 7f20987b8700                   Options.table_properties_collectors: 
2018/12/30-01:21:35.045206 7f20987b8700                   Options.inplace_update_support: 0
2018/12/30-01:21:35.045208 7f20987b8700                 Options.inplace_update_num_locks: 10000
2018/12/30-01:21:35.045209 7f20987b8700               Options.memtable_prefix_bloom_size_ratio: 0.000000
2018/12/30-01:21:35.045211 7f20987b8700   Options.memtable_huge_page_size: 0
2018/12/30-01:21:35.045212 7f20987b8700                           Options.bloom_locality: 0
2018/12/30-01:21:35.045213 7f20987b8700                    Options.max_successive_merges: 0
2018/12/30-01:21:35.045214 7f20987b8700                Options.optimize_filters_for_hits: 0
2018/12/30-01:21:35.045215 7f20987b8700                Options.paranoid_file_checks: 0
2018/12/30-01:21:35.045216 7f20987b8700                Options.force_consistency_checks: 0
2018/12/30-01:21:35.045217 7f20987b8700                Options.report_bg_io_stats: 0
2018/12/30-01:21:35.045219 7f20987b8700                               Options.ttl: 0
2018/12/30-01:21:35.045684 7f20987b8700 [db/column_family.cc:475] --------------- Options for column family [usertable]:
2018/12/30-01:21:35.045689 7f20987b8700               Options.comparator: leveldb.BytewiseComparator
2018/12/30-01:21:35.045691 7f20987b8700           Options.merge_operator: None
2018/12/30-01:21:35.045693 7f20987b8700        Options.compaction_filter: None
2018/12/30-01:21:35.045695 7f20987b8700        Options.compaction_filter_factory: None
2018/12/30-01:21:35.045697 7f20987b8700         Options.memtable_factory: SkipListFactory
2018/12/30-01:21:35.045699 7f20987b8700            Options.table_factory: BlockBasedTable
2018/12/30-01:21:35.045742 7f20987b8700            table_factory options:   flush_block_policy_factory: FlushBlockBySizePolicyFactory (0x7f1fe037c940)
  cache_index_and_filter_blocks: 0
  cache_index_and_filter_blocks_with_high_priority: 0
  pin_l0_filter_and_index_blocks_in_cache: 0
  index_type: 0
  hash_index_allow_collision: 1
  checksum: 1
  no_block_cache: 0
  block_cache: 0x7f1fe037d3e0
  block_cache_name: LRUCache
  block_cache_options:
    capacity : 8388608
    num_shard_bits : 4
    strict_capacity_limit : 0
    high_pri_pool_ratio: 0.000
  block_cache_compressed: (nil)
  persistent_cache: (nil)
  block_size: 8192
  block_size_deviation: 10
  block_restart_interval: 16
  index_block_restart_interval: 1
  metadata_block_size: 4096
  partition_filters: 0
  use_delta_encoding: 1
  filter_policy: nullptr
  whole_key_filtering: 1
  verify_compression: 0
  read_amp_bytes_per_bit: 0
  format_version: 2
  enable_index_compression: 1
  block_align: 0
2018/12/30-01:21:35.045759 7f20987b8700        Options.write_buffer_size: 134217728
2018/12/30-01:21:35.045762 7f20987b8700  Options.max_write_buffer_number: 24
2018/12/30-01:21:35.045764 7f20987b8700        Options.compression[0]: NoCompression
2018/12/30-01:21:35.045767 7f20987b8700        Options.compression[1]: NoCompression
2018/12/30-01:21:35.045769 7f20987b8700        Options.compression[2]: LZ4
2018/12/30-01:21:35.045771 7f20987b8700        Options.compression[3]: LZ4
2018/12/30-01:21:35.045774 7f20987b8700        Options.compression[4]: LZ4
2018/12/30-01:21:35.045776 7f20987b8700        Options.compression[5]: LZ4
2018/12/30-01:21:35.045778 7f20987b8700        Options.compression[6]: LZ4
2018/12/30-01:21:35.045780 7f20987b8700                  Options.bottommost_compression: Disabled
2018/12/30-01:21:35.045782 7f20987b8700       Options.prefix_extractor: nullptr
2018/12/30-01:21:35.045784 7f20987b8700   Options.memtable_insert_with_hint_prefix_extractor: nullptr
2018/12/30-01:21:35.045786 7f20987b8700             Options.num_levels: 7
2018/12/30-01:21:35.045788 7f20987b8700        Options.min_write_buffer_number_to_merge: 2
2018/12/30-01:21:35.045791 7f20987b8700     Options.max_write_buffer_number_to_maintain: 0
2018/12/30-01:21:35.045793 7f20987b8700            Options.compression_opts.window_bits: -14
2018/12/30-01:21:35.045795 7f20987b8700                  Options.compression_opts.level: -1
2018/12/30-01:21:35.045797 7f20987b8700               Options.compression_opts.strategy: 0
2018/12/30-01:21:35.045799 7f20987b8700         Options.compression_opts.max_dict_bytes: 0
2018/12/30-01:21:35.045801 7f20987b8700         Options.compression_opts.zstd_max_train_bytes: 0
2018/12/30-01:21:35.045803 7f20987b8700      Options.level0_file_num_compaction_trigger: 2
2018/12/30-01:21:35.045806 7f20987b8700          Options.level0_slowdown_writes_trigger: 20
2018/12/30-01:21:35.045808 7f20987b8700              Options.level0_stop_writes_trigger: 36
2018/12/30-01:21:35.045810 7f20987b8700                   Options.target_file_size_base: 67108864
2018/12/30-01:21:35.045812 7f20987b8700             Options.target_file_size_multiplier: 1
2018/12/30-01:21:35.045814 7f20987b8700                Options.max_bytes_for_level_base: 536870912
2018/12/30-01:21:35.045816 7f20987b8700 Options.level_compaction_dynamic_level_bytes: 0
2018/12/30-01:21:35.045818 7f20987b8700          Options.max_bytes_for_level_multiplier: 10.000000
2018/12/30-01:21:35.045823 7f20987b8700 Options.max_bytes_for_level_multiplier_addtl[0]: 1
2018/12/30-01:21:35.045825 7f20987b8700 Options.max_bytes_for_level_multiplier_addtl[1]: 1
2018/12/30-01:21:35.045828 7f20987b8700 Options.max_bytes_for_level_multiplier_addtl[2]: 1
2018/12/30-01:21:35.045830 7f20987b8700 Options.max_bytes_for_level_multiplier_addtl[3]: 1
2018/12/30-01:21:35.045832 7f20987b8700 Options.max_bytes_for_level_multiplier_addtl[4]: 1
2018/12/30-01:21:35.045834 7f20987b8700 Options.max_bytes_for_level_multiplier_addtl[5]: 1
2018/12/30-01:21:35.045837 7f20987b8700 Options.max_bytes_for_level_multiplier_addtl[6]: 1
2018/12/30-01:21:35.045839 7f20987b8700       Options.max_sequential_skip_in_iterations: 8
2018/12/30-01:21:35.045841 7f20987b8700                    Options.max_compaction_bytes: 1677721600
2018/12/30-01:21:35.045843 7f20987b8700                        Options.arena_block_size: 16777216
2018/12/30-01:21:35.045845 7f20987b8700   Options.soft_pending_compaction_bytes_limit: 68719476736
2018/12/30-01:21:35.045848 7f20987b8700   Options.hard_pending_compaction_bytes_limit: 274877906944
2018/12/30-01:21:35.045850 7f20987b8700       Options.rate_limit_delay_max_milliseconds: 100
2018/12/30-01:21:35.045852 7f20987b8700                Options.disable_auto_compactions: 0
2018/12/30-01:21:35.045855 7f20987b8700                        Options.compaction_style: kCompactionStyleLevel
2018/12/30-01:21:35.045869 7f20987b8700                          Options.compaction_pri: kByCompensatedSize
2018/12/30-01:21:35.045872 7f20987b8700 Options.compaction_options_universal.size_ratio: 1
2018/12/30-01:21:35.045894 7f20987b8700 Options.compaction_options_universal.min_merge_width: 2
2018/12/30-01:21:35.045897 7f20987b8700 Options.compaction_options_universal.max_merge_width: 4294967295
2018/12/30-01:21:35.045899 7f20987b8700 Options.compaction_options_universal.max_size_amplification_percent: 200
2018/12/30-01:21:35.045902 7f20987b8700 Options.compaction_options_universal.compression_size_percent: -1
2018/12/30-01:21:35.045905 7f20987b8700 Options.compaction_options_universal.stop_style: kCompactionStopStyleTotalSize
2018/12/30-01:21:35.045907 7f20987b8700 Options.compaction_options_fifo.max_table_files_size: 1073741824
2018/12/30-01:21:35.045909 7f20987b8700 Options.compaction_options_fifo.allow_compaction: 0
2018/12/30-01:21:35.045912 7f20987b8700 Options.compaction_options_fifo.ttl: 0
2018/12/30-01:21:35.045914 7f20987b8700                   Options.table_properties_collectors: 
2018/12/30-01:21:35.045916 7f20987b8700                   Options.inplace_update_support: 0
2018/12/30-01:21:35.045918 7f20987b8700                 Options.inplace_update_num_locks: 10000
2018/12/30-01:21:35.045921 7f20987b8700               Options.memtable_prefix_bloom_size_ratio: 0.000000
2018/12/30-01:21:35.045924 7f20987b8700   Options.memtable_huge_page_size: 0
2018/12/30-01:21:35.045926 7f20987b8700                           Options.bloom_locality: 0
2018/12/30-01:21:35.045929 7f20987b8700                    Options.max_successive_merges: 0
2018/12/30-01:21:35.045931 7f20987b8700                Options.optimize_filters_for_hits: 0
2018/12/30-01:21:35.045933 7f20987b8700                Options.paranoid_file_checks: 0
2018/12/30-01:21:35.045935 7f20987b8700                Options.force_consistency_checks: 0
2018/12/30-01:21:35.045937 7f20987b8700                Options.report_bg_io_stats: 0
2018/12/30-01:21:35.045939 7f20987b8700                               Options.ttl: 0
2018/12/30-01:21:35.712352 7f20987b8700 [db/version_set.cc:3361] Recovered from manifest file:/mnt/sdh/ycsb-rocksdb-data/MANIFEST-000004 succeeded,manifest_file_number is 4, next_file_number is 1344, last_sequence is 10402422, log_number is 0,prev_log_number is 0,max_column_family is 1,min_log_number_to_keep is 0
2018/12/30-01:21:35.712362 7f20987b8700 [db/version_set.cc:3369] Column family [default] (ID 0), log number is 0
2018/12/30-01:21:35.712364 7f20987b8700 [db/version_set.cc:3369] Column family [usertable] (ID 1), log number is 1337
2018/12/30-01:21:35.714705 7f20987b8700 EVENT_LOG_v1 {"time_micros": 1546161695714695, "job": 1, "event": "recovery_started", "log_files": [1337, 1343, 1344]}
2018/12/30-01:21:35.714713 7f20987b8700 [db/db_impl_open.cc:551] Recovering log #1337 mode 2
2018/12/30-01:21:36.003221 7f20987b8700 [db/db_impl_open.cc:551] Recovering log #1343 mode 2
2018/12/30-01:21:36.981100 7f20987b8700 EVENT_LOG_v1 {"time_micros": 1546161696981078, "cf_name": "usertable", "job": 1, "event": "table_file_creation", "file_number": 1344, "file_size": 129902324, "table_properties": {"data_size": 129321395, "index_size": 580007, "filter_size": 0, "raw_key_size": 752760, "raw_average_key_size": 24, "raw_value_size": 128471040, "raw_average_value_size": 4096, "num_data_blocks": 15683, "num_entries": 31365, "filter_policy_name": "", "kDeletedKeys": "0", "kMergeOperands": "0"}}
2018/12/30-01:21:37.558721 7f20987b8700 [db/db_impl_open.cc:551] Recovering log #1344 mode 2
2018/12/30-01:21:37.789659 7f20987b8700 [db/version_set.cc:2847] Creating manifest 1346
2018/12/30-01:21:38.367149 7f20987b8700 EVENT_LOG_v1 {"time_micros": 1546161698367114, "cf_name": "usertable", "job": 1, "event": "table_file_creation", "file_number": 1347, "file_size": 98495344, "table_properties": {"data_size": 98057323, "index_size": 437099, "filter_size": 0, "raw_key_size": 570792, "raw_average_key_size": 24, "raw_value_size": 97415168, "raw_average_value_size": 4096, "num_data_blocks": 11892, "num_entries": 23783, "filter_policy_name": "", "kDeletedKeys": "0", "kMergeOperands": "0"}}
2018/12/30-01:21:38.396121 7f20987b8700 EVENT_LOG_v1 {"time_micros": 1546161698396114, "job": 1, "event": "recovery_finished"}
2018/12/30-01:21:38.513804 7f20987b8700 [db/db_impl_open.cc:1219] DB pointer 0x7f1fe03bb470
2018/12/30-01:21:38.514264 7f2054ff9700 [WARN] [db/db_impl.cc:491] ------- DUMPING STATS -------
2018/12/30-01:21:38.514347 7f2054ff9700 [WARN] [db/db_impl.cc:492] 
** DB Stats **
Uptime(secs): 3.5 total, 3.5 interval
Cumulative writes: 0 writes, 0 keys, 0 commit groups, 0.0 writes per commit group, ingest: 0.00 GB, 0.00 MB/s
Cumulative WAL: 0 writes, 0 syncs, 0.00 writes per sync, written: 0.00 GB, 0.00 MB/s
Cumulative stall: 00:00:0.000 H:M:S, 0.0 percent
Interval writes: 0 writes, 0 keys, 0 commit groups, 0.0 writes per commit group, ingest: 0.00 MB, 0.00 MB/s
Interval WAL: 0 writes, 0 syncs, 0.00 writes per sync, written: 0.00 MB, 0.00 MB/s
Interval stall: 00:00:0.000 H:M:S, 0.0 percent

** Compaction Stats [default] **
Level    Files   Size     Score Read(GB)  Rn(GB) Rnp1(GB) Write(GB) Wnew(GB) Moved(GB) W-Amp Rd(MB/s) Wr(MB/s) Comp(sec) Comp(cnt) Avg(sec) KeyIn KeyDrop
----------------------------------------------------------------------------------------------------------------------------------------------------------
 Sum      0/0    0.00 KB   0.0      0.0     0.0      0.0       0.0      0.0       0.0   0.0      0.0      0.0         0         0    0.000       0      0
 Int      0/0    0.00 KB   0.0      0.0     0.0      0.0       0.0      0.0       0.0   0.0      0.0      0.0         0         0    0.000       0      0
Uptime(secs): 3.5 total, 3.5 interval
Flush(GB): cumulative 0.000, interval 0.000
AddFile(GB): cumulative 0.000, interval 0.000
AddFile(Total Files): cumulative 0, interval 0
AddFile(L0 Files): cumulative 0, interval 0
AddFile(Keys): cumulative 0, interval 0
Cumulative compaction: 0.00 GB write, 0.00 MB/s write, 0.00 GB read, 0.00 MB/s read, 0.0 seconds
Interval compaction: 0.00 GB write, 0.00 MB/s write, 0.00 GB read, 0.00 MB/s read, 0.0 seconds
Stalls(count): 0 level0_slowdown, 0 level0_slowdown_with_compaction, 0 level0_numfiles, 0 level0_numfiles_with_compaction, 0 stop for pending_compaction_bytes, 0 slowdown for pending_compaction_bytes, 0 memtable_compaction, 0 memtable_slowdown, interval 0 total count

** File Read Latency Histogram By Level [default] **

** Compaction Stats [usertable] **
Level    Files   Size     Score Read(GB)  Rn(GB) Rnp1(GB) Write(GB) Wnew(GB) Moved(GB) W-Amp Rd(MB/s) Wr(MB/s) Comp(sec) Comp(cnt) Avg(sec) KeyIn KeyDrop
----------------------------------------------------------------------------------------------------------------------------------------------------------
  L0      3/0   385.54 MB   1.5      0.0     0.0      0.0       0.2      0.2       0.0   1.0      0.0    157.6         1         2    0.691       0      0
  L1      2/0   341.23 MB   0.7      0.0     0.0      0.0       0.0      0.0       0.0   0.0      0.0      0.0         0         0    0.000       0      0
  L2    180/0    4.98 GB   1.0      0.0     0.0      0.0       0.0      0.0       0.0   0.0      0.0      0.0         0         0    0.000       0      0
  L3    551/0   34.49 GB   0.7      0.0     0.0      0.0       0.0      0.0       0.0   0.0      0.0      0.0         0         0    0.000       0      0
 Sum    736/0   40.18 GB   0.0      0.0     0.0      0.0       0.2      0.2       0.0   1.0      0.0    157.6         1         2    0.691       0      0
 Int      0/0    0.00 KB   0.0      0.0     0.0      0.0       0.2      0.2       0.0   1.0      0.0    157.6         1         2    0.691       0      0
Uptime(secs): 3.5 total, 3.5 interval
Flush(GB): cumulative 0.213, interval 0.213
AddFile(GB): cumulative 0.000, interval 0.000
AddFile(Total Files): cumulative 0, interval 0
AddFile(L0 Files): cumulative 0, interval 0
AddFile(Keys): cumulative 0, interval 0
Cumulative compaction: 0.21 GB write, 62.80 MB/s write, 0.00 GB read, 0.00 MB/s read, 1.4 seconds
Interval compaction: 0.21 GB write, 62.80 MB/s write, 0.00 GB read, 0.00 MB/s read, 1.4 seconds
Stalls(count): 0 level0_slowdown, 0 level0_slowdown_with_compaction, 0 level0_numfiles, 0 level0_numfiles_with_compaction, 0 stop for pending_compaction_bytes, 0 slowdown for pending_compaction_bytes, 0 memtable_compaction, 0 memtable_slowdown, interval 0 total count

** File Read Latency Histogram By Level [usertable] **

** Compaction Stats [default] **
Level    Files   Size     Score Read(GB)  Rn(GB) Rnp1(GB) Write(GB) Wnew(GB) Moved(GB) W-Amp Rd(MB/s) Wr(MB/s) Comp(sec) Comp(cnt) Avg(sec) KeyIn KeyDrop
----------------------------------------------------------------------------------------------------------------------------------------------------------
 Sum      0/0    0.00 KB   0.0      0.0     0.0      0.0       0.0      0.0       0.0   0.0      0.0      0.0         0         0    0.000       0      0
 Int      0/0    0.00 KB   0.0      0.0     0.0      0.0       0.0      0.0       0.0   0.0      0.0      0.0         0         0    0.000       0      0
Uptime(secs): 3.5 total, 0.0 interval
Flush(GB): cumulative 0.000, interval 0.000
AddFile(GB): cumulative 0.000, interval 0.000
AddFile(Total Files): cumulative 0, interval 0
AddFile(L0 Files): cumulative 0, interval 0
AddFile(Keys): cumulative 0, interval 0
Cumulative compaction: 0.00 GB write, 0.00 MB/s write, 0.00 GB read, 0.00 MB/s read, 0.0 seconds
Interval compaction: 0.00 GB write, 0.00 MB/s write, 0.00 GB read, 0.00 MB/s read, 0.0 seconds
Stalls(count): 0 level0_slowdown, 0 level0_slowdown_with_compaction, 0 level0_numfiles, 0 level0_numfiles_with_compaction, 0 stop for pending_compaction_bytes, 0 slowdown for pending_compaction_bytes, 0 memtable_compaction, 0 memtable_slowdown, interval 0 total count

** File Read Latency Histogram By Level [default] **

** Compaction Stats [usertable] **
Level    Files   Size     Score Read(GB)  Rn(GB) Rnp1(GB) Write(GB) Wnew(GB) Moved(GB) W-Amp Rd(MB/s) Wr(MB/s) Comp(sec) Comp(cnt) Avg(sec) KeyIn KeyDrop
----------------------------------------------------------------------------------------------------------------------------------------------------------
  L0      3/0   385.54 MB   1.5      0.0     0.0      0.0       0.2      0.2       0.0   1.0      0.0    157.6         1         2    0.691       0      0
  L1      2/0   341.23 MB   0.7      0.0     0.0      0.0       0.0      0.0       0.0   0.0      0.0      0.0         0         0    0.000       0      0
  L2    180/0    4.98 GB   1.0      0.0     0.0      0.0       0.0      0.0       0.0   0.0      0.0      0.0         0         0    0.000       0      0
  L3    551/0   34.49 GB   0.7      0.0     0.0      0.0       0.0      0.0       0.0   0.0      0.0      0.0         0         0    0.000       0      0
 Sum    736/0   40.18 GB   0.0      0.0     0.0      0.0       0.2      0.2       0.0   1.0      0.0    157.6         1         2    0.691       0      0
 Int      0/0    0.00 KB   0.0      0.0     0.0      0.0       0.0      0.0       0.0   0.0      0.0      0.0         0         0    0.000       0      0
Uptime(secs): 3.5 total, 0.0 interval
Flush(GB): cumulative 0.213, interval 0.000
AddFile(GB): cumulative 0.000, interval 0.000
AddFile(Total Files): cumulative 0, interval 0
AddFile(L0 Files): cumulative 0, interval 0
AddFile(Keys): cumulative 0, interval 0
Cumulative compaction: 0.21 GB write, 62.80 MB/s write, 0.00 GB read, 0.00 MB/s read, 1.4 seconds
Interval compaction: 0.00 GB write, 0.00 MB/s write, 0.00 GB read, 0.00 MB/s read, 0.0 seconds
Stalls(count): 0 level0_slowdown, 0 level0_slowdown_with_compaction, 0 level0_numfiles, 0 level0_numfiles_with_compaction, 0 stop for pending_compaction_bytes, 0 slowdown for pending_compaction_bytes, 0 memtable_compaction, 0 memtable_slowdown, interval 0 total count

** File Read Latency Histogram By Level [usertable] **
2018/12/30-01:21:38.545089 7f2054ff9700 (Original Log Time 2018/12/30-01:21:38.514564) [db/db_impl_compaction_flush.cc:1835] [usertable] Moving #511 to level-1 175870037 bytes
2018/12/30-01:21:38.545096 7f2054ff9700 (Original Log Time 2018/12/30-01:21:38.544971) EVENT_LOG_v1 {"time_micros": 1546161698544957, "job": 3, "event": "trivial_move", "destination_level": 1, "files": 1, "total_files_size": 175870037}
2018/12/30-01:21:38.545099 7f2054ff9700 (Original Log Time 2018/12/30-01:21:38.544997) [db/db_impl_compaction_flush.cc:1864] [usertable] Moved #1 files to level-1 175870037 bytes OK: base level 1 max bytes base 536870912 files[2 3 180 551 0 0 0] max score 1.00
2018/12/30-01:21:38.577498 7f2054ff9700 (Original Log Time 2018/12/30-01:21:38.545200) [db/db_impl_compaction_flush.cc:1835] [usertable] Moving #1344 to level-1 129902324 bytes
2018/12/30-01:21:38.577506 7f2054ff9700 (Original Log Time 2018/12/30-01:21:38.577389) EVENT_LOG_v1 {"time_micros": 1546161698577378, "job": 4, "event": "trivial_move", "destination_level": 1, "files": 1, "total_files_size": 129902324}
2018/12/30-01:21:38.577509 7f2054ff9700 (Original Log Time 2018/12/30-01:21:38.577408) [db/db_impl_compaction_flush.cc:1864] [usertable] Moved #1 files to level-1 129902324 bytes OK: base level 1 max bytes base 536870912 files[1 4 180 551 0 0 0] max score 1.24
2018/12/30-01:21:38.577837 7f2054ff9700 [db/compaction_job.cc:1531] [usertable] [JOB 5] Compacting 1@1 files to L2, score 1.24
2018/12/30-01:21:38.577852 7f2054ff9700 [db/compaction_job.cc:1535] [usertable] Compaction start summary: Base version 7 Base level 1, inputs: [917(170MB)]
2018/12/30-01:21:38.577887 7f2054ff9700 EVENT_LOG_v1 {"time_micros": 1546161698577860, "job": 5, "event": "compaction_started", "compaction_reason": "LevelMaxLevelSize", "files_L1": [917], "score": 1.23601, "input_data_size": 178929401}
2018/12/30-01:21:40.118011 7f2054ff9700 [db/compaction_job.cc:1211] [usertable] [JOB 5] Generated table #1351: 16279 keys, 67233354 bytes
2018/12/30-01:21:40.118067 7f2054ff9700 EVENT_LOG_v1 {"time_micros": 1546161700118043, "cf_name": "usertable", "job": 5, "event": "table_file_creation", "file_number": 1351, "file_size": 67233354, "table_properties": {"data_size": 67118331, "index_size": 299108, "filter_size": 0, "raw_key_size": 390696, "raw_average_key_size": 24, "raw_value_size": 66678784, "raw_average_value_size": 4096, "num_data_blocks": 8140, "num_entries": 16279, "filter_policy_name": "", "kDeletedKeys": "0", "kMergeOperands": "0"}}
2018/12/30-01:21:41.859538 7f2054ff9700 [db/compaction_job.cc:1211] [usertable] [JOB 5] Generated table #1352: 16279 keys, 67233554 bytes
2018/12/30-01:21:41.859598 7f2054ff9700 EVENT_LOG_v1 {"time_micros": 1546161701859575, "cf_name": "usertable", "job": 5, "event": "table_file_creation", "file_number": 1352, "file_size": 67233554, "table_properties": {"data_size": 67120140, "index_size": 300916, "filter_size": 0, "raw_key_size": 390696, "raw_average_key_size": 24, "raw_value_size": 66678784, "raw_average_value_size": 4096, "num_data_blocks": 8140, "num_entries": 16279, "filter_policy_name": "", "kDeletedKeys": "0", "kMergeOperands": "0"}}
2018/12/30-01:21:43.299060 7f20931f1700 [db/db_impl_write.cc:1373] [usertable] New memtable created with log file: #1354. Immutable memtables: 0.
2018/12/30-01:21:43.337366 7f2054ff9700 [db/compaction_job.cc:1211] [usertable] [JOB 5] Generated table #1353: 10647 keys, 43973158 bytes
2018/12/30-01:21:43.337424 7f2054ff9700 EVENT_LOG_v1 {"time_micros": 1546161703337398, "cf_name": "usertable", "job": 5, "event": "table_file_creation", "file_number": 1353, "file_size": 43973158, "table_properties": {"data_size": 43897595, "index_size": 195539, "filter_size": 0, "raw_key_size": 255528, "raw_average_key_size": 24, "raw_value_size": 43610112, "raw_average_value_size": 4096, "num_data_blocks": 5324, "num_entries": 10647, "filter_policy_name": "", "kDeletedKeys": "0", "kMergeOperands": "0"}}
2018/12/30-01:21:43.337513 7f2054ff9700 [db/compaction_job.cc:1287] [usertable] [JOB 5] Compacted 1@1 files to L2 => 178440066 bytes
2018/12/30-01:21:43.373074 7f2054ff9700 (Original Log Time 2018/12/30-01:21:43.372909) [db/compaction_job.cc:685] [usertable] compacted to: base level 1 max bytes base 536870912 files[1 3 183 551 0 0 0] max score 1.03, MB/sec: 37.6 rd, 37.5 wr, level 2, files in(1, 0) out(3) MB in(170.6, 0.0) out(170.2), read-write-amplify(2.0) write-amplify(1.0) OK, records in: 43205, records dropped: 0 output_compression: LZ4
2018/12/30-01:21:43.373087 7f2054ff9700 (Original Log Time 2018/12/30-01:21:43.372962) EVENT_LOG_v1 {"time_micros": 1546161703372940, "job": 5, "event": "compaction_finished", "compaction_time_micros": 4759563, "output_level": 2, "num_output_files": 3, "total_output_size": 178440066, "num_input_records": 43205, "num_output_records": 43205, "num_subcompactions": 1, "output_compression": "LZ4", "num_single_delete_mismatches": 0, "num_single_delete_fallthrough": 0, "lsm_state": [1, 3, 183, 551, 0, 0, 0]}
2018/12/30-01:21:43.412817 7f2054ff9700 (Original Log Time 2018/12/30-01:21:43.373366) [db/db_impl_compaction_flush.cc:1835] [usertable] Moving #1352 to level-3 67233554 bytes
2018/12/30-01:21:43.412826 7f2054ff9700 (Original Log Time 2018/12/30-01:21:43.412737) EVENT_LOG_v1 {"time_micros": 1546161703412725, "job": 6, "event": "trivial_move", "destination_level": 3, "files": 1, "total_files_size": 67233554}
2018/12/30-01:21:43.412830 7f2054ff9700 (Original Log Time 2018/12/30-01:21:43.412760) [db/db_impl_compaction_flush.cc:1864] [usertable] Moved #1 files to level-3 67233554 bytes OK: base level 1 max bytes base 536870912 files[1 3 182 552 0 0 0] max score 1.02
2018/12/30-01:21:43.488928 7f2054ff9700 EVENT_LOG_v1 {"time_micros": 1546161703488918, "job": 6, "event": "table_file_deletion", "file_number": 917}
2018/12/30-01:21:43.559151 7f208a7fc700 (Original Log Time 2018/12/30-01:21:43.511933) [db/db_impl_compaction_flush.cc:1835] [usertable] Moving #1351 to level-3 67233354 bytes
2018/12/30-01:21:43.559170 7f208a7fc700 (Original Log Time 2018/12/30-01:21:43.558939) EVENT_LOG_v1 {"time_micros": 1546161703558908, "job": 7, "event": "trivial_move", "destination_level": 3, "files": 1, "total_files_size": 67233354}
2018/12/30-01:21:43.559174 7f208a7fc700 (Original Log Time 2018/12/30-01:21:43.559010) [db/db_impl_compaction_flush.cc:1864] [usertable] Moved #1 files to level-3 67233354 bytes OK: base level 1 max bytes base 536870912 files[1 3 181 553 0 0 0] max score 1.00
2018/12/30-01:21:43.657212 7f208a7fc700 (Original Log Time 2018/12/30-01:21:43.560751) [db/db_impl_compaction_flush.cc:1835] [usertable] Moving #1281 to level-3 66329054 bytes
2018/12/30-01:21:43.657219 7f208a7fc700 (Original Log Time 2018/12/30-01:21:43.657112) EVENT_LOG_v1 {"time_micros": 1546161703657103, "job": 8, "event": "trivial_move", "destination_level": 3, "files": 1, "total_files_size": 66329054}
2018/12/30-01:21:43.657222 7f208a7fc700 (Original Log Time 2018/12/30-01:21:43.657129) [db/db_impl_compaction_flush.cc:1864] [usertable] Moved #1 files to level-3 66329054 bytes OK: base level 1 max bytes base 536870912 files[1 3 180 554 0 0 0] max score 0.99
2018/12/30-01:21:46.069096 7f20986b7700 [db/db_impl_write.cc:1373] [usertable] New memtable created with log file: #1355. Immutable memtables: 1.
