2018/12/29-20:39:12.627205 7f999cdf2700 RocksDB version: 5.14.3
2018/12/29-20:39:12.627266 7f999cdf2700 Git sha rocksdb_build_git_sha:
2018/12/29-20:39:12.627271 7f999cdf2700 Compile date Dec 29 2018
2018/12/29-20:39:12.627276 7f999cdf2700 DB SUMMARY
2018/12/29-20:39:12.627304 7f999cdf2700 SST files in /mnt/sdh/ycsb-rocksdb-data dir, Total Num: 0, files: 
2018/12/29-20:39:12.627308 7f999cdf2700 Write Ahead Log file in /mnt/sdh/ycsb-rocksdb-data: 
2018/12/29-20:39:12.627312 7f999cdf2700                         Options.error_if_exists: 0
2018/12/29-20:39:12.627315 7f999cdf2700                       Options.create_if_missing: 1
2018/12/29-20:39:12.627317 7f999cdf2700                         Options.paranoid_checks: 1
2018/12/29-20:39:12.627318 7f999cdf2700                                     Options.env: 0x7f998f16a2c0
2018/12/29-20:39:12.627320 7f999cdf2700                                Options.info_log: 0x7f990c3c4cf0
2018/12/29-20:39:12.627322 7f999cdf2700                Options.max_file_opening_threads: 16
2018/12/29-20:39:12.627323 7f999cdf2700                              Options.statistics: (nil)
2018/12/29-20:39:12.627325 7f999cdf2700                               Options.use_fsync: 0
2018/12/29-20:39:12.627328 7f999cdf2700                       Options.max_log_file_size: 0
2018/12/29-20:39:12.627329 7f999cdf2700                  Options.max_manifest_file_size: 18446744073709551615
2018/12/29-20:39:12.627332 7f999cdf2700                   Options.log_file_time_to_roll: 0
2018/12/29-20:39:12.627333 7f999cdf2700                       Options.keep_log_file_num: 1000
2018/12/29-20:39:12.627335 7f999cdf2700                    Options.recycle_log_file_num: 0
2018/12/29-20:39:12.627337 7f999cdf2700                         Options.allow_fallocate: 1
2018/12/29-20:39:12.627338 7f999cdf2700                        Options.allow_mmap_reads: 0
2018/12/29-20:39:12.627340 7f999cdf2700                       Options.allow_mmap_writes: 0
2018/12/29-20:39:12.627342 7f999cdf2700                        Options.use_direct_reads: 0
2018/12/29-20:39:12.627343 7f999cdf2700                        Options.use_direct_io_for_flush_and_compaction: 0
2018/12/29-20:39:12.627345 7f999cdf2700          Options.create_missing_column_families: 1
2018/12/29-20:39:12.627347 7f999cdf2700                              Options.db_log_dir: 
2018/12/29-20:39:12.627349 7f999cdf2700                                 Options.wal_dir: /mnt/sdh/ycsb-rocksdb-data
2018/12/29-20:39:12.627351 7f999cdf2700                Options.table_cache_numshardbits: 6
2018/12/29-20:39:12.627352 7f999cdf2700                      Options.max_subcompactions: 4
2018/12/29-20:39:12.627354 7f999cdf2700                  Options.max_background_flushes: 24
2018/12/29-20:39:12.627356 7f999cdf2700                         Options.WAL_ttl_seconds: 0
2018/12/29-20:39:12.627358 7f999cdf2700                       Options.WAL_size_limit_MB: 0
2018/12/29-20:39:12.627360 7f999cdf2700             Options.manifest_preallocation_size: 4194304
2018/12/29-20:39:12.627361 7f999cdf2700                     Options.is_fd_close_on_exec: 1
2018/12/29-20:39:12.627363 7f999cdf2700                   Options.advise_random_on_open: 1
2018/12/29-20:39:12.627365 7f999cdf2700                    Options.db_write_buffer_size: 0
2018/12/29-20:39:12.627367 7f999cdf2700                    Options.write_buffer_manager: 0x7f990c3bf5f0
2018/12/29-20:39:12.627369 7f999cdf2700         Options.access_hint_on_compaction_start: 1
2018/12/29-20:39:12.627370 7f999cdf2700  Options.new_table_reader_for_compaction_inputs: 0
2018/12/29-20:39:12.627372 7f999cdf2700           Options.random_access_max_buffer_size: 1048576
2018/12/29-20:39:12.627374 7f999cdf2700                      Options.use_adaptive_mutex: 0
2018/12/29-20:39:12.627376 7f999cdf2700                            Options.rate_limiter: (nil)
2018/12/29-20:39:12.627379 7f999cdf2700     Options.sst_file_manager.rate_bytes_per_sec: 0
2018/12/29-20:39:12.627382 7f999cdf2700                       Options.wal_recovery_mode: 2
2018/12/29-20:39:12.627384 7f999cdf2700                  Options.enable_thread_tracking: 0
2018/12/29-20:39:12.627385 7f999cdf2700                  Options.enable_pipelined_write: 1
2018/12/29-20:39:12.627402 7f999cdf2700         Options.allow_concurrent_memtable_write: 1
2018/12/29-20:39:12.627405 7f999cdf2700      Options.enable_write_thread_adaptive_yield: 1
2018/12/29-20:39:12.627407 7f999cdf2700             Options.write_thread_max_yield_usec: 100
2018/12/29-20:39:12.627409 7f999cdf2700            Options.write_thread_slow_yield_usec: 3
2018/12/29-20:39:12.627410 7f999cdf2700                               Options.row_cache: None
2018/12/29-20:39:12.627412 7f999cdf2700                              Options.wal_filter: None
2018/12/29-20:39:12.627414 7f999cdf2700             Options.avoid_flush_during_recovery: 0
2018/12/29-20:39:12.627416 7f999cdf2700             Options.allow_ingest_behind: 0
2018/12/29-20:39:12.627418 7f999cdf2700             Options.preserve_deletes: 0
2018/12/29-20:39:12.627420 7f999cdf2700             Options.two_write_queues: 0
2018/12/29-20:39:12.627421 7f999cdf2700             Options.manual_wal_flush: 0
2018/12/29-20:39:12.627425 7f999cdf2700             Options.max_background_jobs: 24
2018/12/29-20:39:12.627427 7f999cdf2700             Options.max_background_compactions: 24
2018/12/29-20:39:12.627429 7f999cdf2700             Options.avoid_flush_during_shutdown: 0
2018/12/29-20:39:12.627431 7f999cdf2700           Options.writable_file_max_buffer_size: 1048576
2018/12/29-20:39:12.627432 7f999cdf2700             Options.delayed_write_rate : 16777216
2018/12/29-20:39:12.627434 7f999cdf2700             Options.max_total_wal_size: 0
2018/12/29-20:39:12.627436 7f999cdf2700             Options.delete_obsolete_files_period_micros: 21600000000
2018/12/29-20:39:12.627438 7f999cdf2700                   Options.stats_dump_period_sec: 60
2018/12/29-20:39:12.627440 7f999cdf2700                          Options.max_open_files: -1
2018/12/29-20:39:12.627441 7f999cdf2700                          Options.bytes_per_sync: 1048576
2018/12/29-20:39:12.627443 7f999cdf2700                      Options.wal_bytes_per_sync: 0
2018/12/29-20:39:12.627445 7f999cdf2700       Options.compaction_readahead_size: 0
2018/12/29-20:39:12.627447 7f999cdf2700 Compression algorithms supported:
2018/12/29-20:39:12.627449 7f999cdf2700 	kZSTDNotFinalCompression supported: 1
2018/12/29-20:39:12.627461 7f999cdf2700 	kZSTD supported: 1
2018/12/29-20:39:12.627463 7f999cdf2700 	kXpressCompression supported: 0
2018/12/29-20:39:12.627465 7f999cdf2700 	kLZ4HCCompression supported: 1
2018/12/29-20:39:12.627467 7f999cdf2700 	kLZ4Compression supported: 1
2018/12/29-20:39:12.627469 7f999cdf2700 	kBZip2Compression supported: 1
2018/12/29-20:39:12.627470 7f999cdf2700 	kZlibCompression supported: 1
2018/12/29-20:39:12.627472 7f999cdf2700 	kSnappyCompression supported: 1
2018/12/29-20:39:12.627478 7f999cdf2700 Fast CRC32 supported: Supported on x86
2018/12/29-20:39:12.627567 7f999cdf2700 [db/db_impl_open.cc:222] Creating manifest 1 
2018/12/29-20:39:12.724246 7f999cdf2700 [db/version_set.cc:3085] Recovering from manifest file: MANIFEST-000001
2018/12/29-20:39:12.724334 7f999cdf2700 [db/column_family.cc:475] --------------- Options for column family [default]:
2018/12/29-20:39:12.724338 7f999cdf2700               Options.comparator: leveldb.BytewiseComparator
2018/12/29-20:39:12.724339 7f999cdf2700           Options.merge_operator: None
2018/12/29-20:39:12.724340 7f999cdf2700        Options.compaction_filter: None
2018/12/29-20:39:12.724341 7f999cdf2700        Options.compaction_filter_factory: None
2018/12/29-20:39:12.724342 7f999cdf2700         Options.memtable_factory: SkipListFactory
2018/12/29-20:39:12.724343 7f999cdf2700            Options.table_factory: BlockBasedTable
2018/12/29-20:39:12.724371 7f999cdf2700            table_factory options:   flush_block_policy_factory: FlushBlockBySizePolicyFactory (0x7f990c375630)
  cache_index_and_filter_blocks: 0
  cache_index_and_filter_blocks_with_high_priority: 0
  pin_l0_filter_and_index_blocks_in_cache: 0
  index_type: 0
  hash_index_allow_collision: 1
  checksum: 1
  no_block_cache: 0
  block_cache: 0x7f990c381ec0
  block_cache_name: LRUCache
  block_cache_options:
    capacity : 8388608
    num_shard_bits : 4
    strict_capacity_limit : 0
    high_pri_pool_ratio: 0.000
  block_cache_compressed: (nil)
  persistent_cache: (nil)
  block_size: 8192
  block_size_deviation: 10
  block_restart_interval: 16
  index_block_restart_interval: 1
  metadata_block_size: 4096
  partition_filters: 0
  use_delta_encoding: 1
  filter_policy: nullptr
  whole_key_filtering: 1
  verify_compression: 0
  read_amp_bytes_per_bit: 0
  format_version: 2
  enable_index_compression: 1
  block_align: 0
2018/12/29-20:39:12.724409 7f999cdf2700        Options.write_buffer_size: 134217728
2018/12/29-20:39:12.724411 7f999cdf2700  Options.max_write_buffer_number: 24
2018/12/29-20:39:12.724413 7f999cdf2700        Options.compression[0]: NoCompression
2018/12/29-20:39:12.724414 7f999cdf2700        Options.compression[1]: NoCompression
2018/12/29-20:39:12.724415 7f999cdf2700        Options.compression[2]: LZ4
2018/12/29-20:39:12.724416 7f999cdf2700        Options.compression[3]: LZ4
2018/12/29-20:39:12.724417 7f999cdf2700        Options.compression[4]: LZ4
2018/12/29-20:39:12.724418 7f999cdf2700        Options.compression[5]: LZ4
2018/12/29-20:39:12.724419 7f999cdf2700        Options.compression[6]: LZ4
2018/12/29-20:39:12.724420 7f999cdf2700                  Options.bottommost_compression: Disabled
2018/12/29-20:39:12.724422 7f999cdf2700       Options.prefix_extractor: nullptr
2018/12/29-20:39:12.724423 7f999cdf2700   Options.memtable_insert_with_hint_prefix_extractor: nullptr
2018/12/29-20:39:12.724424 7f999cdf2700             Options.num_levels: 7
2018/12/29-20:39:12.724425 7f999cdf2700        Options.min_write_buffer_number_to_merge: 2
2018/12/29-20:39:12.724426 7f999cdf2700     Options.max_write_buffer_number_to_maintain: 0
2018/12/29-20:39:12.724427 7f999cdf2700            Options.compression_opts.window_bits: -14
2018/12/29-20:39:12.724428 7f999cdf2700                  Options.compression_opts.level: -1
2018/12/29-20:39:12.724429 7f999cdf2700               Options.compression_opts.strategy: 0
2018/12/29-20:39:12.724430 7f999cdf2700         Options.compression_opts.max_dict_bytes: 0
2018/12/29-20:39:12.724431 7f999cdf2700         Options.compression_opts.zstd_max_train_bytes: 0
2018/12/29-20:39:12.724432 7f999cdf2700      Options.level0_file_num_compaction_trigger: 2
2018/12/29-20:39:12.724433 7f999cdf2700          Options.level0_slowdown_writes_trigger: 20
2018/12/29-20:39:12.724434 7f999cdf2700              Options.level0_stop_writes_trigger: 36
2018/12/29-20:39:12.724435 7f999cdf2700                   Options.target_file_size_base: 67108864
2018/12/29-20:39:12.724436 7f999cdf2700             Options.target_file_size_multiplier: 1
2018/12/29-20:39:12.724437 7f999cdf2700                Options.max_bytes_for_level_base: 536870912
2018/12/29-20:39:12.724438 7f999cdf2700 Options.level_compaction_dynamic_level_bytes: 0
2018/12/29-20:39:12.724439 7f999cdf2700          Options.max_bytes_for_level_multiplier: 10.000000
2018/12/29-20:39:12.724442 7f999cdf2700 Options.max_bytes_for_level_multiplier_addtl[0]: 1
2018/12/29-20:39:12.724443 7f999cdf2700 Options.max_bytes_for_level_multiplier_addtl[1]: 1
2018/12/29-20:39:12.724444 7f999cdf2700 Options.max_bytes_for_level_multiplier_addtl[2]: 1
2018/12/29-20:39:12.724445 7f999cdf2700 Options.max_bytes_for_level_multiplier_addtl[3]: 1
2018/12/29-20:39:12.724446 7f999cdf2700 Options.max_bytes_for_level_multiplier_addtl[4]: 1
2018/12/29-20:39:12.724447 7f999cdf2700 Options.max_bytes_for_level_multiplier_addtl[5]: 1
2018/12/29-20:39:12.724448 7f999cdf2700 Options.max_bytes_for_level_multiplier_addtl[6]: 1
2018/12/29-20:39:12.724449 7f999cdf2700       Options.max_sequential_skip_in_iterations: 8
2018/12/29-20:39:12.724450 7f999cdf2700                    Options.max_compaction_bytes: 1677721600
2018/12/29-20:39:12.724451 7f999cdf2700                        Options.arena_block_size: 16777216
2018/12/29-20:39:12.724452 7f999cdf2700   Options.soft_pending_compaction_bytes_limit: 68719476736
2018/12/29-20:39:12.724453 7f999cdf2700   Options.hard_pending_compaction_bytes_limit: 274877906944
2018/12/29-20:39:12.724461 7f999cdf2700       Options.rate_limit_delay_max_milliseconds: 100
2018/12/29-20:39:12.724463 7f999cdf2700                Options.disable_auto_compactions: 0
2018/12/29-20:39:12.724465 7f999cdf2700                        Options.compaction_style: kCompactionStyleLevel
2018/12/29-20:39:12.724467 7f999cdf2700                          Options.compaction_pri: kByCompensatedSize
2018/12/29-20:39:12.724468 7f999cdf2700 Options.compaction_options_universal.size_ratio: 1
2018/12/29-20:39:12.724469 7f999cdf2700 Options.compaction_options_universal.min_merge_width: 2
2018/12/29-20:39:12.724470 7f999cdf2700 Options.compaction_options_universal.max_merge_width: 4294967295
2018/12/29-20:39:12.724471 7f999cdf2700 Options.compaction_options_universal.max_size_amplification_percent: 200
2018/12/29-20:39:12.724472 7f999cdf2700 Options.compaction_options_universal.compression_size_percent: -1
2018/12/29-20:39:12.724476 7f999cdf2700 Options.compaction_options_universal.stop_style: kCompactionStopStyleTotalSize
2018/12/29-20:39:12.724477 7f999cdf2700 Options.compaction_options_fifo.max_table_files_size: 1073741824
2018/12/29-20:39:12.724478 7f999cdf2700 Options.compaction_options_fifo.allow_compaction: 0
2018/12/29-20:39:12.724479 7f999cdf2700 Options.compaction_options_fifo.ttl: 0
2018/12/29-20:39:12.724480 7f999cdf2700                   Options.table_properties_collectors: 
2018/12/29-20:39:12.724482 7f999cdf2700                   Options.inplace_update_support: 0
2018/12/29-20:39:12.724483 7f999cdf2700                 Options.inplace_update_num_locks: 10000
2018/12/29-20:39:12.724484 7f999cdf2700               Options.memtable_prefix_bloom_size_ratio: 0.000000
2018/12/29-20:39:12.724485 7f999cdf2700   Options.memtable_huge_page_size: 0
2018/12/29-20:39:12.724486 7f999cdf2700                           Options.bloom_locality: 0
2018/12/29-20:39:12.724487 7f999cdf2700                    Options.max_successive_merges: 0
2018/12/29-20:39:12.724488 7f999cdf2700                Options.optimize_filters_for_hits: 0
2018/12/29-20:39:12.724489 7f999cdf2700                Options.paranoid_file_checks: 0
2018/12/29-20:39:12.724490 7f999cdf2700                Options.force_consistency_checks: 0
2018/12/29-20:39:12.724491 7f999cdf2700                Options.report_bg_io_stats: 0
2018/12/29-20:39:12.724492 7f999cdf2700                               Options.ttl: 0
2018/12/29-20:39:12.724936 7f999cdf2700 [db/version_set.cc:3361] Recovered from manifest file:/mnt/sdh/ycsb-rocksdb-data/MANIFEST-000001 succeeded,manifest_file_number is 1, next_file_number is 3, last_sequence is 0, log_number is 0,prev_log_number is 0,max_column_family is 0,min_log_number_to_keep is 0
2018/12/29-20:39:12.724941 7f999cdf2700 [db/version_set.cc:3369] Column family [default] (ID 0), log number is 0
2018/12/29-20:39:12.725087 7f999cdf2700 [db/version_set.cc:2847] Creating manifest 4
2018/12/29-20:39:12.793648 7f999cdf2700 [db/column_family.cc:475] --------------- Options for column family [usertable]:
2018/12/29-20:39:12.793653 7f999cdf2700               Options.comparator: leveldb.BytewiseComparator
2018/12/29-20:39:12.793654 7f999cdf2700           Options.merge_operator: None
2018/12/29-20:39:12.793655 7f999cdf2700        Options.compaction_filter: None
2018/12/29-20:39:12.793656 7f999cdf2700        Options.compaction_filter_factory: None
2018/12/29-20:39:12.793657 7f999cdf2700         Options.memtable_factory: SkipListFactory
2018/12/29-20:39:12.793658 7f999cdf2700            Options.table_factory: BlockBasedTable
2018/12/29-20:39:12.793682 7f999cdf2700            table_factory options:   flush_block_policy_factory: FlushBlockBySizePolicyFactory (0x7f990c375710)
  cache_index_and_filter_blocks: 0
  cache_index_and_filter_blocks_with_high_priority: 0
  pin_l0_filter_and_index_blocks_in_cache: 0
  index_type: 0
  hash_index_allow_collision: 1
  checksum: 1
  no_block_cache: 0
  block_cache: 0x7f990c376830
  block_cache_name: LRUCache
  block_cache_options:
    capacity : 8388608
    num_shard_bits : 4
    strict_capacity_limit : 0
    high_pri_pool_ratio: 0.000
  block_cache_compressed: (nil)
  persistent_cache: (nil)
  block_size: 8192
  block_size_deviation: 10
  block_restart_interval: 16
  index_block_restart_interval: 1
  metadata_block_size: 4096
  partition_filters: 0
  use_delta_encoding: 1
  filter_policy: nullptr
  whole_key_filtering: 1
  verify_compression: 0
  read_amp_bytes_per_bit: 0
  format_version: 2
  enable_index_compression: 1
  block_align: 0
2018/12/29-20:39:12.793684 7f999cdf2700        Options.write_buffer_size: 134217728
2018/12/29-20:39:12.793685 7f999cdf2700  Options.max_write_buffer_number: 24
2018/12/29-20:39:12.793687 7f999cdf2700        Options.compression[0]: NoCompression
2018/12/29-20:39:12.793688 7f999cdf2700        Options.compression[1]: NoCompression
2018/12/29-20:39:12.793689 7f999cdf2700        Options.compression[2]: LZ4
2018/12/29-20:39:12.793690 7f999cdf2700        Options.compression[3]: LZ4
2018/12/29-20:39:12.793691 7f999cdf2700        Options.compression[4]: LZ4
2018/12/29-20:39:12.793692 7f999cdf2700        Options.compression[5]: LZ4
2018/12/29-20:39:12.793693 7f999cdf2700        Options.compression[6]: LZ4
2018/12/29-20:39:12.793694 7f999cdf2700                  Options.bottommost_compression: Disabled
2018/12/29-20:39:12.793695 7f999cdf2700       Options.prefix_extractor: nullptr
2018/12/29-20:39:12.793696 7f999cdf2700   Options.memtable_insert_with_hint_prefix_extractor: nullptr
2018/12/29-20:39:12.793697 7f999cdf2700             Options.num_levels: 7
2018/12/29-20:39:12.793698 7f999cdf2700        Options.min_write_buffer_number_to_merge: 2
2018/12/29-20:39:12.793699 7f999cdf2700     Options.max_write_buffer_number_to_maintain: 0
2018/12/29-20:39:12.793700 7f999cdf2700            Options.compression_opts.window_bits: -14
2018/12/29-20:39:12.793701 7f999cdf2700                  Options.compression_opts.level: -1
2018/12/29-20:39:12.793702 7f999cdf2700               Options.compression_opts.strategy: 0
2018/12/29-20:39:12.793703 7f999cdf2700         Options.compression_opts.max_dict_bytes: 0
2018/12/29-20:39:12.793704 7f999cdf2700         Options.compression_opts.zstd_max_train_bytes: 0
2018/12/29-20:39:12.793705 7f999cdf2700      Options.level0_file_num_compaction_trigger: 2
2018/12/29-20:39:12.793706 7f999cdf2700          Options.level0_slowdown_writes_trigger: 20
2018/12/29-20:39:12.793707 7f999cdf2700              Options.level0_stop_writes_trigger: 36
2018/12/29-20:39:12.793708 7f999cdf2700                   Options.target_file_size_base: 67108864
2018/12/29-20:39:12.793709 7f999cdf2700             Options.target_file_size_multiplier: 1
2018/12/29-20:39:12.793710 7f999cdf2700                Options.max_bytes_for_level_base: 536870912
2018/12/29-20:39:12.793711 7f999cdf2700 Options.level_compaction_dynamic_level_bytes: 0
2018/12/29-20:39:12.793712 7f999cdf2700          Options.max_bytes_for_level_multiplier: 10.000000
2018/12/29-20:39:12.793714 7f999cdf2700 Options.max_bytes_for_level_multiplier_addtl[0]: 1
2018/12/29-20:39:12.793725 7f999cdf2700 Options.max_bytes_for_level_multiplier_addtl[1]: 1
2018/12/29-20:39:12.793727 7f999cdf2700 Options.max_bytes_for_level_multiplier_addtl[2]: 1
2018/12/29-20:39:12.793727 7f999cdf2700 Options.max_bytes_for_level_multiplier_addtl[3]: 1
2018/12/29-20:39:12.793728 7f999cdf2700 Options.max_bytes_for_level_multiplier_addtl[4]: 1
2018/12/29-20:39:12.793729 7f999cdf2700 Options.max_bytes_for_level_multiplier_addtl[5]: 1
2018/12/29-20:39:12.793730 7f999cdf2700 Options.max_bytes_for_level_multiplier_addtl[6]: 1
2018/12/29-20:39:12.793731 7f999cdf2700       Options.max_sequential_skip_in_iterations: 8
2018/12/29-20:39:12.793732 7f999cdf2700                    Options.max_compaction_bytes: 1677721600
2018/12/29-20:39:12.793733 7f999cdf2700                        Options.arena_block_size: 16777216
2018/12/29-20:39:12.793734 7f999cdf2700   Options.soft_pending_compaction_bytes_limit: 68719476736
2018/12/29-20:39:12.793735 7f999cdf2700   Options.hard_pending_compaction_bytes_limit: 274877906944
2018/12/29-20:39:12.793736 7f999cdf2700       Options.rate_limit_delay_max_milliseconds: 100
2018/12/29-20:39:12.793738 7f999cdf2700                Options.disable_auto_compactions: 0
2018/12/29-20:39:12.793739 7f999cdf2700                        Options.compaction_style: kCompactionStyleLevel
2018/12/29-20:39:12.793741 7f999cdf2700                          Options.compaction_pri: kByCompensatedSize
2018/12/29-20:39:12.793742 7f999cdf2700 Options.compaction_options_universal.size_ratio: 1
2018/12/29-20:39:12.793743 7f999cdf2700 Options.compaction_options_universal.min_merge_width: 2
2018/12/29-20:39:12.793744 7f999cdf2700 Options.compaction_options_universal.max_merge_width: 4294967295
2018/12/29-20:39:12.793745 7f999cdf2700 Options.compaction_options_universal.max_size_amplification_percent: 200
2018/12/29-20:39:12.793746 7f999cdf2700 Options.compaction_options_universal.compression_size_percent: -1
2018/12/29-20:39:12.793747 7f999cdf2700 Options.compaction_options_universal.stop_style: kCompactionStopStyleTotalSize
2018/12/29-20:39:12.793748 7f999cdf2700 Options.compaction_options_fifo.max_table_files_size: 1073741824
2018/12/29-20:39:12.793749 7f999cdf2700 Options.compaction_options_fifo.allow_compaction: 0
2018/12/29-20:39:12.793750 7f999cdf2700 Options.compaction_options_fifo.ttl: 0
2018/12/29-20:39:12.793751 7f999cdf2700                   Options.table_properties_collectors: 
2018/12/29-20:39:12.793752 7f999cdf2700                   Options.inplace_update_support: 0
2018/12/29-20:39:12.793753 7f999cdf2700                 Options.inplace_update_num_locks: 10000
2018/12/29-20:39:12.793754 7f999cdf2700               Options.memtable_prefix_bloom_size_ratio: 0.000000
2018/12/29-20:39:12.793756 7f999cdf2700   Options.memtable_huge_page_size: 0
2018/12/29-20:39:12.793757 7f999cdf2700                           Options.bloom_locality: 0
2018/12/29-20:39:12.793758 7f999cdf2700                    Options.max_successive_merges: 0
2018/12/29-20:39:12.793759 7f999cdf2700                Options.optimize_filters_for_hits: 0
2018/12/29-20:39:12.793760 7f999cdf2700                Options.paranoid_file_checks: 0
2018/12/29-20:39:12.793761 7f999cdf2700                Options.force_consistency_checks: 0
2018/12/29-20:39:12.793762 7f999cdf2700                Options.report_bg_io_stats: 0
2018/12/29-20:39:12.793763 7f999cdf2700                               Options.ttl: 0
2018/12/29-20:39:12.793804 7f999cdf2700 [db/db_impl.cc:1396] Created column family [usertable] (ID 1)
2018/12/29-20:39:12.867936 7f999cdf2700 [db/db_impl_open.cc:1219] DB pointer 0x7f990c3c5440
2018/12/29-20:39:21.834144 7f999c1e6700 [db/db_impl_write.cc:1373] [usertable] New memtable created with log file: #9. Immutable memtables: 0.
2018/12/29-20:39:30.797122 7f9994dfc700 [db/db_impl_write.cc:1373] [usertable] New memtable created with log file: #10. Immutable memtables: 1.
2018/12/29-20:39:30.797340 7f97c3fff700 [db/db_impl_compaction_flush.cc:80] [JOB 2] Syncing log #3
2018/12/29-20:39:31.050029 7f97c3fff700 [db/db_impl_compaction_flush.cc:80] [JOB 2] Syncing log #9
2018/12/29-20:39:31.670115 7f97c3fff700 (Original Log Time 2018/12/29-20:39:30.797279) [db/db_impl_compaction_flush.cc:1424] Calling FlushMemTableToOutputFile with column family [usertable], flush slots available 24, compaction slots available 1, flush slots scheduled 1, compaction slots scheduled 0
2018/12/29-20:39:31.670131 7f97c3fff700 [db/flush_job.cc:301] [usertable] [JOB 2] Flushing memtable with next log file: 9
2018/12/29-20:39:31.670142 7f97c3fff700 [db/flush_job.cc:301] [usertable] [JOB 2] Flushing memtable with next log file: 10
2018/12/29-20:39:31.670183 7f97c3fff700 EVENT_LOG_v1 {"time_micros": 1546144771670169, "job": 2, "event": "flush_started", "num_memtables": 2, "num_entries": 62747, "num_deletes": 0, "memory_usage": 260120536, "flush_reason": "Write Buffer Full"}
2018/12/29-20:39:31.670193 7f97c3fff700 [db/flush_job.cc:331] [usertable] [JOB 2] Level-0 flush table #11: started
2018/12/29-20:39:35.143255 7f97c3fff700 EVENT_LOG_v1 {"time_micros": 1546144775143226, "cf_name": "usertable", "job": 2, "event": "table_file_creation", "file_number": 11, "file_size": 259860427, "table_properties": {"data_size": 258705895, "index_size": 1153605, "filter_size": 0, "raw_key_size": 1505928, "raw_average_key_size": 24, "raw_value_size": 257011712, "raw_average_value_size": 4096, "num_data_blocks": 31374, "num_entries": 62747, "filter_policy_name": "", "kDeletedKeys": "0", "kMergeOperands": "0"}}
2018/12/29-20:39:35.143287 7f97c3fff700 [db/flush_job.cc:371] [usertable] [JOB 2] Level-0 flush table #11: 259860427 bytes OK
2018/12/29-20:39:35.175665 7f97c3fff700 (Original Log Time 2018/12/29-20:39:35.143308) [db/memtable_list.cc:377] [usertable] Level-0 commit table #11 started
2018/12/29-20:39:35.175669 7f97c3fff700 (Original Log Time 2018/12/29-20:39:35.175537) [db/memtable_list.cc:409] [usertable] Level-0 commit table #11: memtable #1 done
2018/12/29-20:39:35.175671 7f97c3fff700 (Original Log Time 2018/12/29-20:39:35.175554) [db/memtable_list.cc:409] [usertable] Level-0 commit table #11: memtable #2 done
2018/12/29-20:39:35.175673 7f97c3fff700 (Original Log Time 2018/12/29-20:39:35.175588) EVENT_LOG_v1 {"time_micros": 1546144775175576, "job": 2, "event": "flush_finished", "output_compression": "NoCompression", "lsm_state": [1, 0, 0, 0, 0, 0, 0], "immutable_memtables": 0}
2018/12/29-20:39:35.175675 7f97c3fff700 (Original Log Time 2018/12/29-20:39:35.175623) [db/db_impl_compaction_flush.cc:177] [usertable] Level summary: base level 1 max bytes base 536870912 files[1 0 0 0 0 0 0] max score 0.50
2018/12/29-20:39:35.175691 7f97c3fff700 [db/db_impl_files.cc:347] [JOB 2] Try to delete WAL files size 259081091, prev total WAL file size 322337107, number of live WAL files 3.
2018/12/29-20:39:39.761843 7f999c2e7700 [db/db_impl_write.cc:1373] [usertable] New memtable created with log file: #12. Immutable memtables: 0.
2018/12/29-20:39:48.727333 7f99941f0700 [db/db_impl_write.cc:1373] [usertable] New memtable created with log file: #13. Immutable memtables: 1.
2018/12/29-20:39:48.727443 7f9840ff9700 [db/db_impl_compaction_flush.cc:80] [JOB 3] Syncing log #10
2018/12/29-20:39:49.232788 7f9840ff9700 [db/db_impl_compaction_flush.cc:80] [JOB 3] Syncing log #12
2018/12/29-20:39:50.043868 7f9840ff9700 (Original Log Time 2018/12/29-20:39:48.727418) [db/db_impl_compaction_flush.cc:1424] Calling FlushMemTableToOutputFile with column family [usertable], flush slots available 24, compaction slots available 1, flush slots scheduled 1, compaction slots scheduled 0
2018/12/29-20:39:50.043888 7f9840ff9700 [db/flush_job.cc:301] [usertable] [JOB 3] Flushing memtable with next log file: 12
2018/12/29-20:39:50.043898 7f9840ff9700 [db/flush_job.cc:301] [usertable] [JOB 3] Flushing memtable with next log file: 13
2018/12/29-20:39:50.043945 7f9840ff9700 EVENT_LOG_v1 {"time_micros": 1546144790043930, "job": 3, "event": "flush_started", "num_memtables": 2, "num_entries": 62755, "num_deletes": 0, "memory_usage": 260074008, "flush_reason": "Write Buffer Full"}
2018/12/29-20:39:50.043956 7f9840ff9700 [db/flush_job.cc:331] [usertable] [JOB 3] Level-0 flush table #14: started
2018/12/29-20:39:52.091090 7f9840ff9700 EVENT_LOG_v1 {"time_micros": 1546144792091062, "cf_name": "usertable", "job": 3, "event": "table_file_creation", "file_number": 14, "file_size": 259907502, "table_properties": {"data_size": 258745853, "index_size": 1160722, "filter_size": 0, "raw_key_size": 1506120, "raw_average_key_size": 24, "raw_value_size": 257044480, "raw_average_value_size": 4096, "num_data_blocks": 31378, "num_entries": 62755, "filter_policy_name": "", "kDeletedKeys": "0", "kMergeOperands": "0"}}
2018/12/29-20:39:52.091117 7f9840ff9700 [db/flush_job.cc:371] [usertable] [JOB 3] Level-0 flush table #14: 259907502 bytes OK
2018/12/29-20:39:52.120450 7f9840ff9700 (Original Log Time 2018/12/29-20:39:52.091138) [db/memtable_list.cc:377] [usertable] Level-0 commit table #14 started
2018/12/29-20:39:52.120455 7f9840ff9700 (Original Log Time 2018/12/29-20:39:52.120301) [db/memtable_list.cc:409] [usertable] Level-0 commit table #14: memtable #1 done
2018/12/29-20:39:52.120457 7f9840ff9700 (Original Log Time 2018/12/29-20:39:52.120307) [db/memtable_list.cc:409] [usertable] Level-0 commit table #14: memtable #2 done
2018/12/29-20:39:52.120458 7f9840ff9700 (Original Log Time 2018/12/29-20:39:52.120352) EVENT_LOG_v1 {"time_micros": 1546144792120326, "job": 3, "event": "flush_finished", "output_compression": "NoCompression", "lsm_state": [2, 0, 0, 0, 0, 0, 0], "immutable_memtables": 0}
2018/12/29-20:39:52.120460 7f9840ff9700 (Original Log Time 2018/12/29-20:39:52.120421) [db/db_impl_compaction_flush.cc:177] [usertable] Level summary: base level 1 max bytes base 536870912 files[2 0 0 0 0 0 0] max score 1.00
2018/12/29-20:39:52.120473 7f9840ff9700 [db/db_impl_files.cc:347] [JOB 3] Try to delete WAL files size 259110871, prev total WAL file size 308150944, number of live WAL files 3.
2018/12/29-20:39:52.120683 7f998e7f2700 [WARN] [db/db_impl.cc:491] ------- DUMPING STATS -------
2018/12/29-20:39:52.123813 7f998e7f2700 [WARN] [db/db_impl.cc:492] 
** DB Stats **
Uptime(secs): 39.4 total, 39.4 interval
Cumulative writes: 137K writes, 137K keys, 136K commit groups, 1.0 writes per commit group, ingest: 0.53 GB, 13.73 MB/s
Cumulative WAL: 137K writes, 0 syncs, 137380.00 writes per sync, written: 0.53 GB, 13.73 MB/s
Cumulative stall: 00:00:0.000 H:M:S, 0.0 percent
Interval writes: 137K writes, 137K keys, 136K commit groups, 1.0 writes per commit group, ingest: 540.96 MB, 13.73 MB/s
Interval WAL: 137K writes, 0 syncs, 137380.00 writes per sync, written: 0.53 MB, 13.73 MB/s
Interval stall: 00:00:0.000 H:M:S, 0.0 percent

** Compaction Stats [default] **
Level    Files   Size     Score Read(GB)  Rn(GB) Rnp1(GB) Write(GB) Wnew(GB) Moved(GB) W-Amp Rd(MB/s) Wr(MB/s) Comp(sec) Comp(cnt) Avg(sec) KeyIn KeyDrop
----------------------------------------------------------------------------------------------------------------------------------------------------------
 Sum      0/0    0.00 KB   0.0      0.0     0.0      0.0       0.0      0.0       0.0   0.0      0.0      0.0         0         0    0.000       0      0
 Int      0/0    0.00 KB   0.0      0.0     0.0      0.0       0.0      0.0       0.0   0.0      0.0      0.0         0         0    0.000       0      0
Uptime(secs): 39.4 total, 39.4 interval
Flush(GB): cumulative 0.000, interval 0.000
AddFile(GB): cumulative 0.000, interval 0.000
AddFile(Total Files): cumulative 0, interval 0
AddFile(L0 Files): cumulative 0, interval 0
AddFile(Keys): cumulative 0, interval 0
Cumulative compaction: 0.00 GB write, 0.00 MB/s write, 0.00 GB read, 0.00 MB/s read, 0.0 seconds
Interval compaction: 0.00 GB write, 0.00 MB/s write, 0.00 GB read, 0.00 MB/s read, 0.0 seconds
Stalls(count): 0 level0_slowdown, 0 level0_slowdown_with_compaction, 0 level0_numfiles, 0 level0_numfiles_with_compaction, 0 stop for pending_compaction_bytes, 0 slowdown for pending_compaction_bytes, 0 memtable_compaction, 0 memtable_slowdown, interval 0 total count

** File Read Latency Histogram By Level [default] **

** Compaction Stats [usertable] **
Level    Files   Size     Score Read(GB)  Rn(GB) Rnp1(GB) Write(GB) Wnew(GB) Moved(GB) W-Amp Rd(MB/s) Wr(MB/s) Comp(sec) Comp(cnt) Avg(sec) KeyIn KeyDrop
----------------------------------------------------------------------------------------------------------------------------------------------------------
  L0      2/0   495.69 MB   1.0      0.0     0.0      0.0       0.5      0.5       0.0   1.0      0.0     89.8         6         2    2.760       0      0
 Sum      2/0   495.69 MB   0.0      0.0     0.0      0.0       0.5      0.5       0.0   1.0      0.0     89.8         6         2    2.760       0      0
 Int      0/0    0.00 KB   0.0      0.0     0.0      0.0       0.5      0.5       0.0   1.0      0.0     89.8         6         2    2.760       0      0
Uptime(secs): 39.3 total, 39.3 interval
Flush(GB): cumulative 0.484, interval 0.484
AddFile(GB): cumulative 0.000, interval 0.000
AddFile(Total Files): cumulative 0, interval 0
AddFile(L0 Files): cumulative 0, interval 0
AddFile(Keys): cumulative 0, interval 0
Cumulative compaction: 0.48 GB write, 12.60 MB/s write, 0.00 GB read, 0.00 MB/s read, 5.5 seconds
Interval compaction: 0.48 GB write, 12.60 MB/s write, 0.00 GB read, 0.00 MB/s read, 5.5 seconds
Stalls(count): 0 level0_slowdown, 0 level0_slowdown_with_compaction, 0 level0_numfiles, 0 level0_numfiles_with_compaction, 0 stop for pending_compaction_bytes, 0 slowdown for pending_compaction_bytes, 0 memtable_compaction, 0 memtable_slowdown, interval 0 total count

** File Read Latency Histogram By Level [usertable] **

** Compaction Stats [default] **
Level    Files   Size     Score Read(GB)  Rn(GB) Rnp1(GB) Write(GB) Wnew(GB) Moved(GB) W-Amp Rd(MB/s) Wr(MB/s) Comp(sec) Comp(cnt) Avg(sec) KeyIn KeyDrop
----------------------------------------------------------------------------------------------------------------------------------------------------------
 Sum      0/0    0.00 KB   0.0      0.0     0.0      0.0       0.0      0.0       0.0   0.0      0.0      0.0         0         0    0.000       0      0
 Int      0/0    0.00 KB   0.0      0.0     0.0      0.0       0.0      0.0       0.0   0.0      0.0      0.0         0         0    0.000       0      0
Uptime(secs): 39.4 total, 0.0 interval
Flush(GB): cumulative 0.000, interval 0.000
AddFile(GB): cumulative 0.000, interval 0.000
AddFile(Total Files): cumulative 0, interval 0
AddFile(L0 Files): cumulative 0, interval 0
AddFile(Keys): cumulative 0, interval 0
Cumulative compaction: 0.00 GB write, 0.00 MB/s write, 0.00 GB read, 0.00 MB/s read, 0.0 seconds
Interval compaction: 0.00 GB write, 0.00 MB/s write, 0.00 GB read, 0.00 MB/s read, 0.0 seconds
Stalls(count): 0 level0_slowdown, 0 level0_slowdown_with_compaction, 0 level0_numfiles, 0 level0_numfiles_with_compaction, 0 stop for pending_compaction_bytes, 0 slowdown for pending_compaction_bytes, 0 memtable_compaction, 0 memtable_slowdown, interval 0 total count

** File Read Latency Histogram By Level [default] **

** Compaction Stats [usertable] **
Level    Files   Size     Score Read(GB)  Rn(GB) Rnp1(GB) Write(GB) Wnew(GB) Moved(GB) W-Amp Rd(MB/s) Wr(MB/s) Comp(sec) Comp(cnt) Avg(sec) KeyIn KeyDrop
----------------------------------------------------------------------------------------------------------------------------------------------------------
  L0      2/0   495.69 MB   1.0      0.0     0.0      0.0       0.5      0.5       0.0   1.0      0.0     89.8         6         2    2.760       0      0
 Sum      2/0   495.69 MB   0.0      0.0     0.0      0.0       0.5      0.5       0.0   1.0      0.0     89.8         6         2    2.760       0      0
 Int      0/0    0.00 KB   0.0      0.0     0.0      0.0       0.0      0.0       0.0   0.0      0.0      0.0         0         0    0.000       0      0
Uptime(secs): 39.3 total, 0.0 interval
Flush(GB): cumulative 0.484, interval 0.000
AddFile(GB): cumulative 0.000, interval 0.000
AddFile(Total Files): cumulative 0, interval 0
AddFile(L0 Files): cumulative 0, interval 0
AddFile(Keys): cumulative 0, interval 0
Cumulative compaction: 0.48 GB write, 12.60 MB/s write, 0.00 GB read, 0.00 MB/s read, 5.5 seconds
Interval compaction: 0.00 GB write, 0.00 MB/s write, 0.00 GB read, 0.00 MB/s read, 0.0 seconds
Stalls(count): 0 level0_slowdown, 0 level0_slowdown_with_compaction, 0 level0_numfiles, 0 level0_numfiles_with_compaction, 0 stop for pending_compaction_bytes, 0 slowdown for pending_compaction_bytes, 0 memtable_compaction, 0 memtable_slowdown, interval 0 total count

** File Read Latency Histogram By Level [usertable] **
2018/12/29-20:39:52.157394 7f998e7f2700 (Original Log Time 2018/12/29-20:39:52.129288) [db/db_impl_compaction_flush.cc:1835] [usertable] Moving #14 to level-1 259907502 bytes
2018/12/29-20:39:52.157399 7f998e7f2700 (Original Log Time 2018/12/29-20:39:52.157316) EVENT_LOG_v1 {"time_micros": 1546144792157300, "job": 4, "event": "trivial_move", "destination_level": 1, "files": 1, "total_files_size": 259907502}
2018/12/29-20:39:52.157400 7f998e7f2700 (Original Log Time 2018/12/29-20:39:52.157344) [db/db_impl_compaction_flush.cc:1864] [usertable] Moved #1 files to level-1 259907502 bytes OK: base level 1 max bytes base 536870912 files[1 1 0 0 0 0 0] max score 0.50
2018/12/29-20:39:57.358165 7f99941f0700 [db/db_impl_write.cc:1373] [usertable] New memtable created with log file: #15. Immutable memtables: 0.
2018/12/29-20:40:05.487192 7f99946f5700 [db/db_impl_write.cc:1373] [usertable] New memtable created with log file: #16. Immutable memtables: 1.
2018/12/29-20:40:05.487308 7f982bfff700 [db/db_impl_compaction_flush.cc:80] [JOB 5] Syncing log #13
2018/12/29-20:40:05.983529 7f982bfff700 [db/db_impl_compaction_flush.cc:80] [JOB 5] Syncing log #15
2018/12/29-20:40:06.451024 7f982bfff700 (Original Log Time 2018/12/29-20:40:05.487286) [db/db_impl_compaction_flush.cc:1424] Calling FlushMemTableToOutputFile with column family [usertable], flush slots available 24, compaction slots available 1, flush slots scheduled 1, compaction slots scheduled 0
2018/12/29-20:40:06.451042 7f982bfff700 [db/flush_job.cc:301] [usertable] [JOB 5] Flushing memtable with next log file: 15
2018/12/29-20:40:06.451051 7f982bfff700 [db/flush_job.cc:301] [usertable] [JOB 5] Flushing memtable with next log file: 16
2018/12/29-20:40:06.451088 7f982bfff700 EVENT_LOG_v1 {"time_micros": 1546144806451077, "job": 5, "event": "flush_started", "num_memtables": 2, "num_entries": 58659, "num_deletes": 0, "memory_usage": 259004600, "flush_reason": "Write Buffer Full"}
2018/12/29-20:40:06.451096 7f982bfff700 [db/flush_job.cc:331] [usertable] [JOB 5] Level-0 flush table #17: started
2018/12/29-20:40:07.317517 7f982bfff700 EVENT_LOG_v1 {"time_micros": 1546144807317489, "cf_name": "usertable", "job": 5, "event": "table_file_creation", "file_number": 17, "file_size": 242930427, "table_properties": {"data_size": 241851071, "index_size": 1078429, "filter_size": 0, "raw_key_size": 1407816, "raw_average_key_size": 24, "raw_value_size": 240267264, "raw_average_value_size": 4096, "num_data_blocks": 29330, "num_entries": 58659, "filter_policy_name": "", "kDeletedKeys": "0", "kMergeOperands": "0"}}
2018/12/29-20:40:07.317543 7f982bfff700 [db/flush_job.cc:371] [usertable] [JOB 5] Level-0 flush table #17: 242930427 bytes OK
2018/12/29-20:40:07.345446 7f982bfff700 (Original Log Time 2018/12/29-20:40:07.317565) [db/memtable_list.cc:377] [usertable] Level-0 commit table #17 started
2018/12/29-20:40:07.345454 7f982bfff700 (Original Log Time 2018/12/29-20:40:07.345325) [db/memtable_list.cc:409] [usertable] Level-0 commit table #17: memtable #1 done
2018/12/29-20:40:07.345458 7f982bfff700 (Original Log Time 2018/12/29-20:40:07.345334) [db/memtable_list.cc:409] [usertable] Level-0 commit table #17: memtable #2 done
2018/12/29-20:40:07.345460 7f982bfff700 (Original Log Time 2018/12/29-20:40:07.345370) EVENT_LOG_v1 {"time_micros": 1546144807345358, "job": 5, "event": "flush_finished", "output_compression": "NoCompression", "lsm_state": [2, 1, 0, 0, 0, 0, 0], "immutable_memtables": 0}
2018/12/29-20:40:07.345463 7f982bfff700 (Original Log Time 2018/12/29-20:40:07.345415) [db/db_impl_compaction_flush.cc:177] [usertable] Level summary: base level 1 max bytes base 536870912 files[2 1 0 0 0 0 0] max score 1.00
