2019/03/18-23:54:02.208252 7f4bdc5de700 RocksDB version: 5.14.3
2019/03/18-23:54:02.208312 7f4bdc5de700 Git sha rocksdb_build_git_sha:
2019/03/18-23:54:02.208315 7f4bdc5de700 Compile date Oct  9 2018
2019/03/18-23:54:02.208318 7f4bdc5de700 DB SUMMARY
2019/03/18-23:54:02.208918 7f4bdc5de700 CURRENT file:  CURRENT
2019/03/18-23:54:02.208922 7f4bdc5de700 IDENTITY file:  IDENTITY
2019/03/18-23:54:02.208932 7f4bdc5de700 MANIFEST file:  MANIFEST-000004 size: 130224 Bytes
2019/03/18-23:54:02.208936 7f4bdc5de700 SST files in /mnt/sdg/ycsb-rocksdb-data dir, Total Num: 733, files: 000022.sst 000024.sst 000025.sst 000027.sst 000028.sst 000029.sst 000030.sst 000031.sst 000033.sst 
2019/03/18-23:54:02.208941 7f4bdc5de700 Write Ahead Log file in /mnt/sdg/ycsb-rocksdb-data: 001334.log size: 108833468 ; 001340.log size: 67637642 ; 
2019/03/18-23:54:02.208968 7f4bdc5de700                         Options.error_if_exists: 0
2019/03/18-23:54:02.208969 7f4bdc5de700                       Options.create_if_missing: 1
2019/03/18-23:54:02.208970 7f4bdc5de700                         Options.paranoid_checks: 1
2019/03/18-23:54:02.208971 7f4bdc5de700                                     Options.env: 0x7f4bcbb96080
2019/03/18-23:54:02.208972 7f4bdc5de700                                Options.info_log: 0x7f4b103ab970
2019/03/18-23:54:02.208973 7f4bdc5de700                Options.max_file_opening_threads: 16
2019/03/18-23:54:02.208974 7f4bdc5de700                              Options.statistics: (nil)
2019/03/18-23:54:02.208975 7f4bdc5de700                               Options.use_fsync: 0
2019/03/18-23:54:02.208976 7f4bdc5de700                       Options.max_log_file_size: 0
2019/03/18-23:54:02.208977 7f4bdc5de700                  Options.max_manifest_file_size: 18446744073709551615
2019/03/18-23:54:02.208978 7f4bdc5de700                   Options.log_file_time_to_roll: 0
2019/03/18-23:54:02.208979 7f4bdc5de700                       Options.keep_log_file_num: 1000
2019/03/18-23:54:02.208980 7f4bdc5de700                    Options.recycle_log_file_num: 0
2019/03/18-23:54:02.208981 7f4bdc5de700                         Options.allow_fallocate: 1
2019/03/18-23:54:02.208981 7f4bdc5de700                        Options.allow_mmap_reads: 0
2019/03/18-23:54:02.208982 7f4bdc5de700                       Options.allow_mmap_writes: 0
2019/03/18-23:54:02.208983 7f4bdc5de700                        Options.use_direct_reads: 0
2019/03/18-23:54:02.208984 7f4bdc5de700                        Options.use_direct_io_for_flush_and_compaction: 0
2019/03/18-23:54:02.208985 7f4bdc5de700          Options.create_missing_column_families: 1
2019/03/18-23:54:02.208986 7f4bdc5de700                              Options.db_log_dir: 
2019/03/18-23:54:02.208987 7f4bdc5de700                                 Options.wal_dir: /mnt/sdg/ycsb-rocksdb-data
2019/03/18-23:54:02.208988 7f4bdc5de700                Options.table_cache_numshardbits: 6
2019/03/18-23:54:02.208989 7f4bdc5de700                      Options.max_subcompactions: 4
2019/03/18-23:54:02.208990 7f4bdc5de700                  Options.max_background_flushes: 24
2019/03/18-23:54:02.208991 7f4bdc5de700                         Options.WAL_ttl_seconds: 0
2019/03/18-23:54:02.208992 7f4bdc5de700                       Options.WAL_size_limit_MB: 0
2019/03/18-23:54:02.208992 7f4bdc5de700             Options.manifest_preallocation_size: 4194304
2019/03/18-23:54:02.208993 7f4bdc5de700                     Options.is_fd_close_on_exec: 1
2019/03/18-23:54:02.208994 7f4bdc5de700                   Options.advise_random_on_open: 1
2019/03/18-23:54:02.208995 7f4bdc5de700                    Options.db_write_buffer_size: 0
2019/03/18-23:54:02.208996 7f4bdc5de700                    Options.write_buffer_manager: 0x7f4b103abc00
2019/03/18-23:54:02.208997 7f4bdc5de700         Options.access_hint_on_compaction_start: 1
2019/03/18-23:54:02.208998 7f4bdc5de700  Options.new_table_reader_for_compaction_inputs: 0
2019/03/18-23:54:02.208999 7f4bdc5de700           Options.random_access_max_buffer_size: 1048576
2019/03/18-23:54:02.208999 7f4bdc5de700                      Options.use_adaptive_mutex: 0
2019/03/18-23:54:02.209000 7f4bdc5de700                            Options.rate_limiter: (nil)
2019/03/18-23:54:02.209015 7f4bdc5de700     Options.sst_file_manager.rate_bytes_per_sec: 0
2019/03/18-23:54:02.209017 7f4bdc5de700                       Options.wal_recovery_mode: 2
2019/03/18-23:54:02.209018 7f4bdc5de700                  Options.enable_thread_tracking: 0
2019/03/18-23:54:02.209019 7f4bdc5de700                  Options.enable_pipelined_write: 1
2019/03/18-23:54:02.209019 7f4bdc5de700         Options.allow_concurrent_memtable_write: 1
2019/03/18-23:54:02.209020 7f4bdc5de700      Options.enable_write_thread_adaptive_yield: 1
2019/03/18-23:54:02.209021 7f4bdc5de700             Options.write_thread_max_yield_usec: 100
2019/03/18-23:54:02.209022 7f4bdc5de700            Options.write_thread_slow_yield_usec: 3
2019/03/18-23:54:02.209023 7f4bdc5de700                               Options.row_cache: None
2019/03/18-23:54:02.209024 7f4bdc5de700                              Options.wal_filter: None
2019/03/18-23:54:02.209025 7f4bdc5de700             Options.avoid_flush_during_recovery: 0
2019/03/18-23:54:02.209026 7f4bdc5de700             Options.allow_ingest_behind: 0
2019/03/18-23:54:02.209027 7f4bdc5de700             Options.preserve_deletes: 0
2019/03/18-23:54:02.209027 7f4bdc5de700             Options.two_write_queues: 0
2019/03/18-23:54:02.209028 7f4bdc5de700             Options.manual_wal_flush: 0
2019/03/18-23:54:02.209030 7f4bdc5de700             Options.max_background_jobs: 24
2019/03/18-23:54:02.209031 7f4bdc5de700             Options.max_background_compactions: 24
2019/03/18-23:54:02.209032 7f4bdc5de700             Options.avoid_flush_during_shutdown: 0
2019/03/18-23:54:02.209033 7f4bdc5de700           Options.writable_file_max_buffer_size: 1048576
2019/03/18-23:54:02.209034 7f4bdc5de700             Options.delayed_write_rate : 16777216
2019/03/18-23:54:02.209035 7f4bdc5de700             Options.max_total_wal_size: 0
2019/03/18-23:54:02.209036 7f4bdc5de700             Options.delete_obsolete_files_period_micros: 21600000000
2019/03/18-23:54:02.209037 7f4bdc5de700                   Options.stats_dump_period_sec: 60
2019/03/18-23:54:02.209038 7f4bdc5de700                          Options.max_open_files: -1
2019/03/18-23:54:02.209039 7f4bdc5de700                          Options.bytes_per_sync: 1048576
2019/03/18-23:54:02.209040 7f4bdc5de700                      Options.wal_bytes_per_sync: 0
2019/03/18-23:54:02.209041 7f4bdc5de700       Options.compaction_readahead_size: 0
2019/03/18-23:54:02.209041 7f4bdc5de700 Compression algorithms supported:
2019/03/18-23:54:02.209043 7f4bdc5de700 	kZSTDNotFinalCompression supported: 1
2019/03/18-23:54:02.209050 7f4bdc5de700 	kZSTD supported: 1
2019/03/18-23:54:02.209052 7f4bdc5de700 	kXpressCompression supported: 0
2019/03/18-23:54:02.209053 7f4bdc5de700 	kLZ4HCCompression supported: 1
2019/03/18-23:54:02.209054 7f4bdc5de700 	kLZ4Compression supported: 1
2019/03/18-23:54:02.209055 7f4bdc5de700 	kBZip2Compression supported: 1
2019/03/18-23:54:02.209056 7f4bdc5de700 	kZlibCompression supported: 1
2019/03/18-23:54:02.209057 7f4bdc5de700 	kSnappyCompression supported: 1
2019/03/18-23:54:02.209060 7f4bdc5de700 Fast CRC32 supported: Not supported on x86
2019/03/18-23:54:02.209519 7f4bdc5de700 [db/version_set.cc:3085] Recovering from manifest file: MANIFEST-000004
2019/03/18-23:54:02.209669 7f4bdc5de700 [db/column_family.cc:475] --------------- Options for column family [default]:
2019/03/18-23:54:02.209673 7f4bdc5de700               Options.comparator: leveldb.BytewiseComparator
2019/03/18-23:54:02.209674 7f4bdc5de700           Options.merge_operator: None
2019/03/18-23:54:02.209675 7f4bdc5de700        Options.compaction_filter: None
2019/03/18-23:54:02.209676 7f4bdc5de700        Options.compaction_filter_factory: None
2019/03/18-23:54:02.209677 7f4bdc5de700         Options.memtable_factory: SkipListFactory
2019/03/18-23:54:02.209678 7f4bdc5de700            Options.table_factory: BlockBasedTable
2019/03/18-23:54:02.209703 7f4bdc5de700            table_factory options:   flush_block_policy_factory: FlushBlockBySizePolicyFactory (0x7f4b103ac920)
  cache_index_and_filter_blocks: 0
  cache_index_and_filter_blocks_with_high_priority: 0
  pin_l0_filter_and_index_blocks_in_cache: 0
  index_type: 0
  hash_index_allow_collision: 1
  checksum: 1
  no_block_cache: 0
  block_cache: 0x7f4b1039e810
  block_cache_name: LRUCache
  block_cache_options:
    capacity : 8388608
    num_shard_bits : 4
    strict_capacity_limit : 0
    high_pri_pool_ratio: 0.000
  block_cache_compressed: (nil)
  persistent_cache: (nil)
  block_size: 8192
  block_size_deviation: 10
  block_restart_interval: 16
  index_block_restart_interval: 1
  metadata_block_size: 4096
  partition_filters: 0
  use_delta_encoding: 1
  filter_policy: nullptr
  whole_key_filtering: 1
  verify_compression: 0
  read_amp_bytes_per_bit: 0
  format_version: 2
  enable_index_compression: 1
  block_align: 0
2019/03/18-23:54:02.209716 7f4bdc5de700        Options.write_buffer_size: 134217728
2019/03/18-23:54:02.209718 7f4bdc5de700  Options.max_write_buffer_number: 24
2019/03/18-23:54:02.209719 7f4bdc5de700        Options.compression[0]: NoCompression
2019/03/18-23:54:02.209720 7f4bdc5de700        Options.compression[1]: NoCompression
2019/03/18-23:54:02.209721 7f4bdc5de700        Options.compression[2]: LZ4
2019/03/18-23:54:02.209722 7f4bdc5de700        Options.compression[3]: LZ4
2019/03/18-23:54:02.209723 7f4bdc5de700        Options.compression[4]: LZ4
2019/03/18-23:54:02.209724 7f4bdc5de700        Options.compression[5]: LZ4
2019/03/18-23:54:02.209725 7f4bdc5de700        Options.compression[6]: LZ4
2019/03/18-23:54:02.209726 7f4bdc5de700                  Options.bottommost_compression: Disabled
2019/03/18-23:54:02.209727 7f4bdc5de700       Options.prefix_extractor: nullptr
2019/03/18-23:54:02.209728 7f4bdc5de700   Options.memtable_insert_with_hint_prefix_extractor: nullptr
2019/03/18-23:54:02.209729 7f4bdc5de700             Options.num_levels: 7
2019/03/18-23:54:02.209730 7f4bdc5de700        Options.min_write_buffer_number_to_merge: 2
2019/03/18-23:54:02.209731 7f4bdc5de700     Options.max_write_buffer_number_to_maintain: 0
2019/03/18-23:54:02.209732 7f4bdc5de700            Options.compression_opts.window_bits: -14
2019/03/18-23:54:02.209733 7f4bdc5de700                  Options.compression_opts.level: -1
2019/03/18-23:54:02.209734 7f4bdc5de700               Options.compression_opts.strategy: 0
2019/03/18-23:54:02.209735 7f4bdc5de700         Options.compression_opts.max_dict_bytes: 0
2019/03/18-23:54:02.209736 7f4bdc5de700         Options.compression_opts.zstd_max_train_bytes: 0
2019/03/18-23:54:02.209737 7f4bdc5de700      Options.level0_file_num_compaction_trigger: 2
2019/03/18-23:54:02.209738 7f4bdc5de700          Options.level0_slowdown_writes_trigger: 20
2019/03/18-23:54:02.209738 7f4bdc5de700              Options.level0_stop_writes_trigger: 36
2019/03/18-23:54:02.209739 7f4bdc5de700                   Options.target_file_size_base: 67108864
2019/03/18-23:54:02.209740 7f4bdc5de700             Options.target_file_size_multiplier: 1
2019/03/18-23:54:02.209741 7f4bdc5de700                Options.max_bytes_for_level_base: 536870912
2019/03/18-23:54:02.209742 7f4bdc5de700 Options.level_compaction_dynamic_level_bytes: 0
2019/03/18-23:54:02.209743 7f4bdc5de700          Options.max_bytes_for_level_multiplier: 10.000000
2019/03/18-23:54:02.209746 7f4bdc5de700 Options.max_bytes_for_level_multiplier_addtl[0]: 1
2019/03/18-23:54:02.209747 7f4bdc5de700 Options.max_bytes_for_level_multiplier_addtl[1]: 1
2019/03/18-23:54:02.209748 7f4bdc5de700 Options.max_bytes_for_level_multiplier_addtl[2]: 1
2019/03/18-23:54:02.209749 7f4bdc5de700 Options.max_bytes_for_level_multiplier_addtl[3]: 1
2019/03/18-23:54:02.209750 7f4bdc5de700 Options.max_bytes_for_level_multiplier_addtl[4]: 1
2019/03/18-23:54:02.209751 7f4bdc5de700 Options.max_bytes_for_level_multiplier_addtl[5]: 1
2019/03/18-23:54:02.209752 7f4bdc5de700 Options.max_bytes_for_level_multiplier_addtl[6]: 1
2019/03/18-23:54:02.209753 7f4bdc5de700       Options.max_sequential_skip_in_iterations: 8
2019/03/18-23:54:02.209754 7f4bdc5de700                    Options.max_compaction_bytes: 1677721600
2019/03/18-23:54:02.209760 7f4bdc5de700                        Options.arena_block_size: 16777216
2019/03/18-23:54:02.209762 7f4bdc5de700   Options.soft_pending_compaction_bytes_limit: 68719476736
2019/03/18-23:54:02.209763 7f4bdc5de700   Options.hard_pending_compaction_bytes_limit: 274877906944
2019/03/18-23:54:02.209764 7f4bdc5de700       Options.rate_limit_delay_max_milliseconds: 100
2019/03/18-23:54:02.209765 7f4bdc5de700                Options.disable_auto_compactions: 0
2019/03/18-23:54:02.209766 7f4bdc5de700                        Options.compaction_style: kCompactionStyleLevel
2019/03/18-23:54:02.209767 7f4bdc5de700                          Options.compaction_pri: kByCompensatedSize
2019/03/18-23:54:02.209768 7f4bdc5de700 Options.compaction_options_universal.size_ratio: 1
2019/03/18-23:54:02.209769 7f4bdc5de700 Options.compaction_options_universal.min_merge_width: 2
2019/03/18-23:54:02.209770 7f4bdc5de700 Options.compaction_options_universal.max_merge_width: 4294967295
2019/03/18-23:54:02.209771 7f4bdc5de700 Options.compaction_options_universal.max_size_amplification_percent: 200
2019/03/18-23:54:02.209772 7f4bdc5de700 Options.compaction_options_universal.compression_size_percent: -1
2019/03/18-23:54:02.209773 7f4bdc5de700 Options.compaction_options_universal.stop_style: kCompactionStopStyleTotalSize
2019/03/18-23:54:02.209774 7f4bdc5de700 Options.compaction_options_fifo.max_table_files_size: 1073741824
2019/03/18-23:54:02.209775 7f4bdc5de700 Options.compaction_options_fifo.allow_compaction: 0
2019/03/18-23:54:02.209776 7f4bdc5de700 Options.compaction_options_fifo.ttl: 0
2019/03/18-23:54:02.209777 7f4bdc5de700                   Options.table_properties_collectors: 
2019/03/18-23:54:02.209778 7f4bdc5de700                   Options.inplace_update_support: 0
2019/03/18-23:54:02.209779 7f4bdc5de700                 Options.inplace_update_num_locks: 10000
2019/03/18-23:54:02.209780 7f4bdc5de700               Options.memtable_prefix_bloom_size_ratio: 0.000000
2019/03/18-23:54:02.209781 7f4bdc5de700   Options.memtable_huge_page_size: 0
2019/03/18-23:54:02.209782 7f4bdc5de700                           Options.bloom_locality: 0
2019/03/18-23:54:02.209783 7f4bdc5de700                    Options.max_successive_merges: 0
2019/03/18-23:54:02.209784 7f4bdc5de700                Options.optimize_filters_for_hits: 0
2019/03/18-23:54:02.209785 7f4bdc5de700                Options.paranoid_file_checks: 0
2019/03/18-23:54:02.209786 7f4bdc5de700                Options.force_consistency_checks: 0
2019/03/18-23:54:02.209786 7f4bdc5de700                Options.report_bg_io_stats: 0
2019/03/18-23:54:02.209787 7f4bdc5de700                               Options.ttl: 0
2019/03/18-23:54:02.210259 7f4bdc5de700 [db/column_family.cc:475] --------------- Options for column family [usertable]:
2019/03/18-23:54:02.210263 7f4bdc5de700               Options.comparator: leveldb.BytewiseComparator
2019/03/18-23:54:02.210264 7f4bdc5de700           Options.merge_operator: None
2019/03/18-23:54:02.210265 7f4bdc5de700        Options.compaction_filter: None
2019/03/18-23:54:02.210266 7f4bdc5de700        Options.compaction_filter_factory: None
2019/03/18-23:54:02.210267 7f4bdc5de700         Options.memtable_factory: SkipListFactory
2019/03/18-23:54:02.210268 7f4bdc5de700            Options.table_factory: BlockBasedTable
2019/03/18-23:54:02.210291 7f4bdc5de700            table_factory options:   flush_block_policy_factory: FlushBlockBySizePolicyFactory (0x7f4b103af800)
  cache_index_and_filter_blocks: 0
  cache_index_and_filter_blocks_with_high_priority: 0
  pin_l0_filter_and_index_blocks_in_cache: 0
  index_type: 0
  hash_index_allow_collision: 1
  checksum: 1
  no_block_cache: 0
  block_cache: 0x7f4b103ae290
  block_cache_name: LRUCache
  block_cache_options:
    capacity : 8388608
    num_shard_bits : 4
    strict_capacity_limit : 0
    high_pri_pool_ratio: 0.000
  block_cache_compressed: (nil)
  persistent_cache: (nil)
  block_size: 8192
  block_size_deviation: 10
  block_restart_interval: 16
  index_block_restart_interval: 1
  metadata_block_size: 4096
  partition_filters: 0
  use_delta_encoding: 1
  filter_policy: nullptr
  whole_key_filtering: 1
  verify_compression: 0
  read_amp_bytes_per_bit: 0
  format_version: 2
  enable_index_compression: 1
  block_align: 0
2019/03/18-23:54:02.210303 7f4bdc5de700        Options.write_buffer_size: 134217728
2019/03/18-23:54:02.210304 7f4bdc5de700  Options.max_write_buffer_number: 24
2019/03/18-23:54:02.210305 7f4bdc5de700        Options.compression[0]: NoCompression
2019/03/18-23:54:02.210307 7f4bdc5de700        Options.compression[1]: NoCompression
2019/03/18-23:54:02.210308 7f4bdc5de700        Options.compression[2]: LZ4
2019/03/18-23:54:02.210309 7f4bdc5de700        Options.compression[3]: LZ4
2019/03/18-23:54:02.210310 7f4bdc5de700        Options.compression[4]: LZ4
2019/03/18-23:54:02.210311 7f4bdc5de700        Options.compression[5]: LZ4
2019/03/18-23:54:02.210312 7f4bdc5de700        Options.compression[6]: LZ4
2019/03/18-23:54:02.210312 7f4bdc5de700                  Options.bottommost_compression: Disabled
2019/03/18-23:54:02.210313 7f4bdc5de700       Options.prefix_extractor: nullptr
2019/03/18-23:54:02.210314 7f4bdc5de700   Options.memtable_insert_with_hint_prefix_extractor: nullptr
2019/03/18-23:54:02.210315 7f4bdc5de700             Options.num_levels: 7
2019/03/18-23:54:02.210316 7f4bdc5de700        Options.min_write_buffer_number_to_merge: 2
2019/03/18-23:54:02.210317 7f4bdc5de700     Options.max_write_buffer_number_to_maintain: 0
2019/03/18-23:54:02.210318 7f4bdc5de700            Options.compression_opts.window_bits: -14
2019/03/18-23:54:02.210319 7f4bdc5de700                  Options.compression_opts.level: -1
2019/03/18-23:54:02.210320 7f4bdc5de700               Options.compression_opts.strategy: 0
2019/03/18-23:54:02.210321 7f4bdc5de700         Options.compression_opts.max_dict_bytes: 0
2019/03/18-23:54:02.210321 7f4bdc5de700         Options.compression_opts.zstd_max_train_bytes: 0
2019/03/18-23:54:02.210322 7f4bdc5de700      Options.level0_file_num_compaction_trigger: 2
2019/03/18-23:54:02.210323 7f4bdc5de700          Options.level0_slowdown_writes_trigger: 20
2019/03/18-23:54:02.210324 7f4bdc5de700              Options.level0_stop_writes_trigger: 36
2019/03/18-23:54:02.210325 7f4bdc5de700                   Options.target_file_size_base: 67108864
2019/03/18-23:54:02.210326 7f4bdc5de700             Options.target_file_size_multiplier: 1
2019/03/18-23:54:02.210327 7f4bdc5de700                Options.max_bytes_for_level_base: 536870912
2019/03/18-23:54:02.210328 7f4bdc5de700 Options.level_compaction_dynamic_level_bytes: 0
2019/03/18-23:54:02.210328 7f4bdc5de700          Options.max_bytes_for_level_multiplier: 10.000000
2019/03/18-23:54:02.210330 7f4bdc5de700 Options.max_bytes_for_level_multiplier_addtl[0]: 1
2019/03/18-23:54:02.210332 7f4bdc5de700 Options.max_bytes_for_level_multiplier_addtl[1]: 1
2019/03/18-23:54:02.210332 7f4bdc5de700 Options.max_bytes_for_level_multiplier_addtl[2]: 1
2019/03/18-23:54:02.210333 7f4bdc5de700 Options.max_bytes_for_level_multiplier_addtl[3]: 1
2019/03/18-23:54:02.210334 7f4bdc5de700 Options.max_bytes_for_level_multiplier_addtl[4]: 1
2019/03/18-23:54:02.210335 7f4bdc5de700 Options.max_bytes_for_level_multiplier_addtl[5]: 1
2019/03/18-23:54:02.210336 7f4bdc5de700 Options.max_bytes_for_level_multiplier_addtl[6]: 1
2019/03/18-23:54:02.210337 7f4bdc5de700       Options.max_sequential_skip_in_iterations: 8
2019/03/18-23:54:02.210338 7f4bdc5de700                    Options.max_compaction_bytes: 1677721600
2019/03/18-23:54:02.210339 7f4bdc5de700                        Options.arena_block_size: 16777216
2019/03/18-23:54:02.210340 7f4bdc5de700   Options.soft_pending_compaction_bytes_limit: 68719476736
2019/03/18-23:54:02.210341 7f4bdc5de700   Options.hard_pending_compaction_bytes_limit: 274877906944
2019/03/18-23:54:02.210341 7f4bdc5de700       Options.rate_limit_delay_max_milliseconds: 100
2019/03/18-23:54:02.210342 7f4bdc5de700                Options.disable_auto_compactions: 0
2019/03/18-23:54:02.210343 7f4bdc5de700                        Options.compaction_style: kCompactionStyleLevel
2019/03/18-23:54:02.210350 7f4bdc5de700                          Options.compaction_pri: kByCompensatedSize
2019/03/18-23:54:02.210352 7f4bdc5de700 Options.compaction_options_universal.size_ratio: 1
2019/03/18-23:54:02.210353 7f4bdc5de700 Options.compaction_options_universal.min_merge_width: 2
2019/03/18-23:54:02.210354 7f4bdc5de700 Options.compaction_options_universal.max_merge_width: 4294967295
2019/03/18-23:54:02.210355 7f4bdc5de700 Options.compaction_options_universal.max_size_amplification_percent: 200
2019/03/18-23:54:02.210356 7f4bdc5de700 Options.compaction_options_universal.compression_size_percent: -1
2019/03/18-23:54:02.210357 7f4bdc5de700 Options.compaction_options_universal.stop_style: kCompactionStopStyleTotalSize
2019/03/18-23:54:02.210357 7f4bdc5de700 Options.compaction_options_fifo.max_table_files_size: 1073741824
2019/03/18-23:54:02.210358 7f4bdc5de700 Options.compaction_options_fifo.allow_compaction: 0
2019/03/18-23:54:02.210359 7f4bdc5de700 Options.compaction_options_fifo.ttl: 0
2019/03/18-23:54:02.210360 7f4bdc5de700                   Options.table_properties_collectors: 
2019/03/18-23:54:02.210361 7f4bdc5de700                   Options.inplace_update_support: 0
2019/03/18-23:54:02.210362 7f4bdc5de700                 Options.inplace_update_num_locks: 10000
2019/03/18-23:54:02.210363 7f4bdc5de700               Options.memtable_prefix_bloom_size_ratio: 0.000000
2019/03/18-23:54:02.210364 7f4bdc5de700   Options.memtable_huge_page_size: 0
2019/03/18-23:54:02.210365 7f4bdc5de700                           Options.bloom_locality: 0
2019/03/18-23:54:02.210366 7f4bdc5de700                    Options.max_successive_merges: 0
2019/03/18-23:54:02.210367 7f4bdc5de700                Options.optimize_filters_for_hits: 0
2019/03/18-23:54:02.210368 7f4bdc5de700                Options.paranoid_file_checks: 0
2019/03/18-23:54:02.210369 7f4bdc5de700                Options.force_consistency_checks: 0
2019/03/18-23:54:02.210370 7f4bdc5de700                Options.report_bg_io_stats: 0
2019/03/18-23:54:02.210371 7f4bdc5de700                               Options.ttl: 0
2019/03/18-23:54:02.841867 7f4bdc5de700 [db/version_set.cc:3361] Recovered from manifest file:/mnt/sdg/ycsb-rocksdb-data/MANIFEST-000004 succeeded,manifest_file_number is 4, next_file_number is 1341, last_sequence is 10422000, log_number is 0,prev_log_number is 0,max_column_family is 1,min_log_number_to_keep is 0
2019/03/18-23:54:02.841883 7f4bdc5de700 [db/version_set.cc:3369] Column family [default] (ID 0), log number is 0
2019/03/18-23:54:02.841885 7f4bdc5de700 [db/version_set.cc:3369] Column family [usertable] (ID 1), log number is 1334
2019/03/18-23:54:02.844641 7f4bdc5de700 EVENT_LOG_v1 {"time_micros": 1552978442844620, "job": 1, "event": "recovery_started", "log_files": [1334, 1340]}
2019/03/18-23:54:02.844653 7f4bdc5de700 [db/db_impl_open.cc:551] Recovering log #1334 mode 2
2019/03/18-23:54:03.186608 7f4bdc5de700 [db/db_impl_open.cc:551] Recovering log #1340 mode 2
2019/03/18-23:54:03.771714 7f4bdc5de700 EVENT_LOG_v1 {"time_micros": 1552978443771663, "cf_name": "usertable", "job": 1, "event": "table_file_creation", "file_number": 1341, "file_size": 129895355, "table_properties": {"data_size": 129317909, "index_size": 576524, "filter_size": 0, "raw_key_size": 752760, "raw_average_key_size": 24, "raw_value_size": 128471040, "raw_average_value_size": 4096, "num_data_blocks": 15683, "num_entries": 31365, "filter_policy_name": "", "kDeletedKeys": "0", "kMergeOperands": "0"}}
2019/03/18-23:54:03.923908 7f4bdc5de700 [db/version_set.cc:2847] Creating manifest 1342
2019/03/18-23:54:04.181649 7f4bdc5de700 EVENT_LOG_v1 {"time_micros": 1552978444181622, "cf_name": "usertable", "job": 1, "event": "table_file_creation", "file_number": 1343, "file_size": 46776012, "table_properties": {"data_size": 46566416, "index_size": 208675, "filter_size": 0, "raw_key_size": 271056, "raw_average_key_size": 24, "raw_value_size": 46260224, "raw_average_value_size": 4096, "num_data_blocks": 5647, "num_entries": 11294, "filter_policy_name": "", "kDeletedKeys": "0", "kMergeOperands": "0"}}
2019/03/18-23:54:04.244702 7f4bdc5de700 EVENT_LOG_v1 {"time_micros": 1552978444244691, "job": 1, "event": "recovery_finished"}
2019/03/18-23:54:04.448366 7f4bdc5de700 [db/db_impl_open.cc:1219] DB pointer 0x7f4b103b22b0
2019/03/18-23:54:04.448895 7f4bcb29b700 [WARN] [db/db_impl.cc:491] ------- DUMPING STATS -------
2019/03/18-23:54:04.448976 7f4bcb29b700 [WARN] [db/db_impl.cc:492] 
** DB Stats **
Uptime(secs): 2.2 total, 2.2 interval
Cumulative writes: 0 writes, 0 keys, 0 commit groups, 0.0 writes per commit group, ingest: 0.00 GB, 0.00 MB/s
Cumulative WAL: 0 writes, 0 syncs, 0.00 writes per sync, written: 0.00 GB, 0.00 MB/s
Cumulative stall: 00:00:0.000 H:M:S, 0.0 percent
Interval writes: 0 writes, 0 keys, 0 commit groups, 0.0 writes per commit group, ingest: 0.00 MB, 0.00 MB/s
Interval WAL: 0 writes, 0 syncs, 0.00 writes per sync, written: 0.00 MB, 0.00 MB/s
Interval stall: 00:00:0.000 H:M:S, 0.0 percent

** Compaction Stats [default] **
Level    Files   Size     Score Read(GB)  Rn(GB) Rnp1(GB) Write(GB) Wnew(GB) Moved(GB) W-Amp Rd(MB/s) Wr(MB/s) Comp(sec) Comp(cnt) Avg(sec) KeyIn KeyDrop
----------------------------------------------------------------------------------------------------------------------------------------------------------
 Sum      0/0    0.00 KB   0.0      0.0     0.0      0.0       0.0      0.0       0.0   0.0      0.0      0.0         0         0    0.000       0      0
 Int      0/0    0.00 KB   0.0      0.0     0.0      0.0       0.0      0.0       0.0   0.0      0.0      0.0         0         0    0.000       0      0
Uptime(secs): 2.2 total, 2.2 interval
Flush(GB): cumulative 0.000, interval 0.000
AddFile(GB): cumulative 0.000, interval 0.000
AddFile(Total Files): cumulative 0, interval 0
AddFile(L0 Files): cumulative 0, interval 0
AddFile(Keys): cumulative 0, interval 0
Cumulative compaction: 0.00 GB write, 0.00 MB/s write, 0.00 GB read, 0.00 MB/s read, 0.0 seconds
Interval compaction: 0.00 GB write, 0.00 MB/s write, 0.00 GB read, 0.00 MB/s read, 0.0 seconds
Stalls(count): 0 level0_slowdown, 0 level0_slowdown_with_compaction, 0 level0_numfiles, 0 level0_numfiles_with_compaction, 0 stop for pending_compaction_bytes, 0 slowdown for pending_compaction_bytes, 0 memtable_compaction, 0 memtable_slowdown, interval 0 total count

** File Read Latency Histogram By Level [default] **

** Compaction Stats [usertable] **
Level    Files   Size     Score Read(GB)  Rn(GB) Rnp1(GB) Write(GB) Wnew(GB) Moved(GB) W-Amp Rd(MB/s) Wr(MB/s) Comp(sec) Comp(cnt) Avg(sec) KeyIn KeyDrop
----------------------------------------------------------------------------------------------------------------------------------------------------------
  L0      3/0   342.24 MB   1.5      0.0     0.0      0.0       0.2      0.2       0.0   1.0      0.0    232.9         1         2    0.362       0      0
  L1      9/0   486.75 MB   1.0      0.0     0.0      0.0       0.0      0.0       0.0   0.0      0.0      0.0         0         0    0.000       0      0
  L2    174/0    4.99 GB   1.0      0.0     0.0      0.0       0.0      0.0       0.0   0.0      0.0      0.0         0         0    0.000       0      0
  L3    549/0   34.38 GB   0.7      0.0     0.0      0.0       0.0      0.0       0.0   0.0      0.0      0.0         0         0    0.000       0      0
 Sum    735/0   40.18 GB   0.0      0.0     0.0      0.0       0.2      0.2       0.0   1.0      0.0    232.9         1         2    0.362       0      0
 Int      0/0    0.00 KB   0.0      0.0     0.0      0.0       0.2      0.2       0.0   1.0      0.0    232.9         1         2    0.362       0      0
Uptime(secs): 2.2 total, 2.2 interval
Flush(GB): cumulative 0.165, interval 0.165
AddFile(GB): cumulative 0.000, interval 0.000
AddFile(Total Files): cumulative 0, interval 0
AddFile(L0 Files): cumulative 0, interval 0
AddFile(Keys): cumulative 0, interval 0
Cumulative compaction: 0.16 GB write, 75.27 MB/s write, 0.00 GB read, 0.00 MB/s read, 0.7 seconds
Interval compaction: 0.16 GB write, 75.27 MB/s write, 0.00 GB read, 0.00 MB/s read, 0.7 seconds
Stalls(count): 0 level0_slowdown, 0 level0_slowdown_with_compaction, 0 level0_numfiles, 0 level0_numfiles_with_compaction, 0 stop for pending_compaction_bytes, 0 slowdown for pending_compaction_bytes, 0 memtable_compaction, 0 memtable_slowdown, interval 0 total count

** File Read Latency Histogram By Level [usertable] **

** Compaction Stats [default] **
Level    Files   Size     Score Read(GB)  Rn(GB) Rnp1(GB) Write(GB) Wnew(GB) Moved(GB) W-Amp Rd(MB/s) Wr(MB/s) Comp(sec) Comp(cnt) Avg(sec) KeyIn KeyDrop
----------------------------------------------------------------------------------------------------------------------------------------------------------
 Sum      0/0    0.00 KB   0.0      0.0     0.0      0.0       0.0      0.0       0.0   0.0      0.0      0.0         0         0    0.000       0      0
 Int      0/0    0.00 KB   0.0      0.0     0.0      0.0       0.0      0.0       0.0   0.0      0.0      0.0         0         0    0.000       0      0
Uptime(secs): 2.2 total, 0.0 interval
Flush(GB): cumulative 0.000, interval 0.000
AddFile(GB): cumulative 0.000, interval 0.000
AddFile(Total Files): cumulative 0, interval 0
AddFile(L0 Files): cumulative 0, interval 0
AddFile(Keys): cumulative 0, interval 0
Cumulative compaction: 0.00 GB write, 0.00 MB/s write, 0.00 GB read, 0.00 MB/s read, 0.0 seconds
Interval compaction: 0.00 GB write, 0.00 MB/s write, 0.00 GB read, 0.00 MB/s read, 0.0 seconds
Stalls(count): 0 level0_slowdown, 0 level0_slowdown_with_compaction, 0 level0_numfiles, 0 level0_numfiles_with_compaction, 0 stop for pending_compaction_bytes, 0 slowdown for pending_compaction_bytes, 0 memtable_compaction, 0 memtable_slowdown, interval 0 total count

** File Read Latency Histogram By Level [default] **

** Compaction Stats [usertable] **
Level    Files   Size     Score Read(GB)  Rn(GB) Rnp1(GB) Write(GB) Wnew(GB) Moved(GB) W-Amp Rd(MB/s) Wr(MB/s) Comp(sec) Comp(cnt) Avg(sec) KeyIn KeyDrop
----------------------------------------------------------------------------------------------------------------------------------------------------------
  L0      3/0   342.24 MB   1.5      0.0     0.0      0.0       0.2      0.2       0.0   1.0      0.0    232.9         1         2    0.362       0      0
  L1      9/0   486.75 MB   1.0      0.0     0.0      0.0       0.0      0.0       0.0   0.0      0.0      0.0         0         0    0.000       0      0
  L2    174/0    4.99 GB   1.0      0.0     0.0      0.0       0.0      0.0       0.0   0.0      0.0      0.0         0         0    0.000       0      0
  L3    549/0   34.38 GB   0.7      0.0     0.0      0.0       0.0      0.0       0.0   0.0      0.0      0.0         0         0    0.000       0      0
 Sum    735/0   40.18 GB   0.0      0.0     0.0      0.0       0.2      0.2       0.0   1.0      0.0    232.9         1         2    0.362       0      0
 Int      0/0    0.00 KB   0.0      0.0     0.0      0.0       0.0      0.0       0.0   0.0      0.0      0.0         0         0    0.000       0      0
Uptime(secs): 2.2 total, 0.0 interval
Flush(GB): cumulative 0.165, interval 0.000
AddFile(GB): cumulative 0.000, interval 0.000
AddFile(Total Files): cumulative 0, interval 0
AddFile(L0 Files): cumulative 0, interval 0
AddFile(Keys): cumulative 0, interval 0
Cumulative compaction: 0.16 GB write, 75.26 MB/s write, 0.00 GB read, 0.00 MB/s read, 0.7 seconds
Interval compaction: 0.00 GB write, 0.00 MB/s write, 0.00 GB read, 0.00 MB/s read, 0.0 seconds
Stalls(count): 0 level0_slowdown, 0 level0_slowdown_with_compaction, 0 level0_numfiles, 0 level0_numfiles_with_compaction, 0 stop for pending_compaction_bytes, 0 slowdown for pending_compaction_bytes, 0 memtable_compaction, 0 memtable_slowdown, interval 0 total count

** File Read Latency Histogram By Level [usertable] **
2019/03/18-23:54:04.566489 7f4bcb29b700 (Original Log Time 2019/03/18-23:54:04.449161) [db/db_impl_compaction_flush.cc:1835] [usertable] Moving #482 to level-1 182192816 bytes
2019/03/18-23:54:04.566494 7f4bcb29b700 (Original Log Time 2019/03/18-23:54:04.566402) EVENT_LOG_v1 {"time_micros": 1552978444566390, "job": 3, "event": "trivial_move", "destination_level": 1, "files": 1, "total_files_size": 182192816}
2019/03/18-23:54:04.566496 7f4bcb29b700 (Original Log Time 2019/03/18-23:54:04.566416) [db/db_impl_compaction_flush.cc:1864] [usertable] Moved #1 files to level-1 182192816 bytes OK: base level 1 max bytes base 536870912 files[2 10 174 549 0 0 0] max score 1.29
2019/03/18-23:54:04.566614 7f4bcaa9a700 [db/compaction_job.cc:1531] [usertable] [JOB 4] Compacting 1@1 + 1@2 files to L2, score 1.29
2019/03/18-23:54:04.566625 7f4bcaa9a700 [db/compaction_job.cc:1535] [usertable] Compaction start summary: Base version 6 Base level 1, inputs: [482(173MB)], [479(29MB)]
2019/03/18-23:54:04.566652 7f4bcaa9a700 EVENT_LOG_v1 {"time_micros": 1552978444566634, "job": 4, "event": "compaction_started", "compaction_reason": "LevelMaxLevelSize", "files_L1": [482], "files_L2": [479], "score": 1.29004, "input_data_size": 213553061}
2019/03/18-23:54:06.128977 7f4bcaa9a700 [db/compaction_job.cc:1211] [usertable] [JOB 4] Generated table #1347: 16279 keys, 67233546 bytes
2019/03/18-23:54:06.129029 7f4bcaa9a700 EVENT_LOG_v1 {"time_micros": 1552978446129004, "cf_name": "usertable", "job": 4, "event": "table_file_creation", "file_number": 1347, "file_size": 67233546, "table_properties": {"data_size": 67120138, "index_size": 300916, "filter_size": 0, "raw_key_size": 390696, "raw_average_key_size": 24, "raw_value_size": 66678784, "raw_average_value_size": 4096, "num_data_blocks": 8140, "num_entries": 16279, "filter_policy_name": "", "kDeletedKeys": "0", "kMergeOperands": "0"}}
2019/03/18-23:54:06.972541 7f4bcaa9a700 [db/compaction_job.cc:1211] [usertable] [JOB 4] Generated table #1348: 16279 keys, 67233388 bytes
2019/03/18-23:54:06.972597 7f4bcaa9a700 EVENT_LOG_v1 {"time_micros": 1552978446972571, "cf_name": "usertable", "job": 4, "event": "table_file_creation", "file_number": 1348, "file_size": 67233388, "table_properties": {"data_size": 67118331, "index_size": 299107, "filter_size": 0, "raw_key_size": 390696, "raw_average_key_size": 24, "raw_value_size": 66678784, "raw_average_value_size": 4096, "num_data_blocks": 8140, "num_entries": 16279, "filter_policy_name": "", "kDeletedKeys": "0", "kMergeOperands": "0"}}
2019/03/18-23:54:07.894853 7f4bcaa9a700 [db/compaction_job.cc:1211] [usertable] [JOB 4] Generated table #1349: 16279 keys, 67233539 bytes
2019/03/18-23:54:07.894917 7f4bcaa9a700 EVENT_LOG_v1 {"time_micros": 1552978447894884, "cf_name": "usertable", "job": 4, "event": "table_file_creation", "file_number": 1349, "file_size": 67233539, "table_properties": {"data_size": 67120140, "index_size": 300916, "filter_size": 0, "raw_key_size": 390696, "raw_average_key_size": 24, "raw_value_size": 66678784, "raw_average_value_size": 4096, "num_data_blocks": 8140, "num_entries": 16279, "filter_policy_name": "", "kDeletedKeys": "0", "kMergeOperands": "0"}}
2019/03/18-23:54:08.154582 7f4bcaa9a700 [db/compaction_job.cc:1211] [usertable] [JOB 4] Generated table #1350: 2749 keys, 11354389 bytes
2019/03/18-23:54:08.154627 7f4bcaa9a700 EVENT_LOG_v1 {"time_micros": 1552978448154607, "cf_name": "usertable", "job": 4, "event": "table_file_creation", "file_number": 1350, "file_size": 11354389, "table_properties": {"data_size": 11334141, "index_size": 50306, "filter_size": 0, "raw_key_size": 65976, "raw_average_key_size": 24, "raw_value_size": 11259904, "raw_average_value_size": 4096, "num_data_blocks": 1375, "num_entries": 2749, "filter_policy_name": "", "kDeletedKeys": "0", "kMergeOperands": "0"}}
2019/03/18-23:54:08.154686 7f4bcaa9a700 [db/compaction_job.cc:1287] [usertable] [JOB 4] Compacted 1@1 + 1@2 files to L2 => 213054862 bytes
2019/03/18-23:54:08.186861 7f4bcaa9a700 (Original Log Time 2019/03/18-23:54:08.186726) [db/compaction_job.cc:685] [usertable] compacted to: base level 1 max bytes base 536870912 files[2 9 177 549 0 0 0] max score 1.03, MB/sec: 59.5 rd, 59.4 wr, level 2, files in(1, 1) out(4) MB in(173.8, 29.9) out(203.2), read-write-amplify(2.3) write-amplify(1.2) OK, records in: 51586, records dropped: 0 output_compression: LZ4
2019/03/18-23:54:08.186871 7f4bcaa9a700 (Original Log Time 2019/03/18-23:54:08.186776) EVENT_LOG_v1 {"time_micros": 1552978448186757, "job": 4, "event": "compaction_finished", "compaction_time_micros": 3587999, "output_level": 2, "num_output_files": 4, "total_output_size": 213054862, "num_input_records": 51586, "num_output_records": 51586, "num_subcompactions": 1, "output_compression": "LZ4", "num_single_delete_mismatches": 0, "num_single_delete_fallthrough": 0, "lsm_state": [2, 9, 177, 549, 0, 0, 0]}
2019/03/18-23:54:08.219744 7f4bca299700 (Original Log Time 2019/03/18-23:54:08.187133) [db/db_impl_compaction_flush.cc:1835] [usertable] Moving #1347 to level-3 67233546 bytes
2019/03/18-23:54:08.219751 7f4bca299700 (Original Log Time 2019/03/18-23:54:08.219654) EVENT_LOG_v1 {"time_micros": 1552978448219645, "job": 5, "event": "trivial_move", "destination_level": 3, "files": 1, "total_files_size": 67233546}
2019/03/18-23:54:08.219754 7f4bca299700 (Original Log Time 2019/03/18-23:54:08.219663) [db/db_impl_compaction_flush.cc:1864] [usertable] Moved #1 files to level-3 67233546 bytes OK: base level 1 max bytes base 536870912 files[2 9 176 550 0 0 0] max score 1.02
2019/03/18-23:54:08.237766 7f4bca299700 EVENT_LOG_v1 {"time_micros": 1552978448237756, "job": 5, "event": "table_file_deletion", "file_number": 482}
2019/03/18-23:54:08.242365 7f4bca299700 EVENT_LOG_v1 {"time_micros": 1552978448242355, "job": 5, "event": "table_file_deletion", "file_number": 479}
2019/03/18-23:54:08.281304 7f4bca299700 (Original Log Time 2019/03/18-23:54:08.242543) [db/db_impl_compaction_flush.cc:1835] [usertable] Moving #1349 to level-3 67233539 bytes
2019/03/18-23:54:08.281311 7f4bca299700 (Original Log Time 2019/03/18-23:54:08.281200) EVENT_LOG_v1 {"time_micros": 1552978448281189, "job": 6, "event": "trivial_move", "destination_level": 3, "files": 1, "total_files_size": 67233539}
2019/03/18-23:54:08.281314 7f4bca299700 (Original Log Time 2019/03/18-23:54:08.281214) [db/db_impl_compaction_flush.cc:1864] [usertable] Moved #1 files to level-3 67233539 bytes OK: base level 1 max bytes base 536870912 files[2 9 175 551 0 0 0] max score 1.01
2019/03/18-23:54:08.312898 7f4bca299700 (Original Log Time 2019/03/18-23:54:08.281589) [db/db_impl_compaction_flush.cc:1835] [usertable] Moving #1348 to level-3 67233388 bytes
2019/03/18-23:54:08.312903 7f4bca299700 (Original Log Time 2019/03/18-23:54:08.312842) EVENT_LOG_v1 {"time_micros": 1552978448312832, "job": 7, "event": "trivial_move", "destination_level": 3, "files": 1, "total_files_size": 67233388}
2019/03/18-23:54:08.312905 7f4bca299700 (Original Log Time 2019/03/18-23:54:08.312857) [db/db_impl_compaction_flush.cc:1864] [usertable] Moved #1 files to level-3 67233388 bytes OK: base level 1 max bytes base 536870912 files[2 9 174 552 0 0 0] max score 1.00
2019/03/18-23:54:08.348214 7f4bc8a96700 (Original Log Time 2019/03/18-23:54:08.313103) [db/db_impl_compaction_flush.cc:1835] [usertable] Moving #1341 to level-1 129895355 bytes
