2019/03/22-10:07:59.040437 7fe7c28d2700 RocksDB version: 5.14.3
2019/03/22-10:07:59.040501 7fe7c28d2700 Git sha rocksdb_build_git_sha:
2019/03/22-10:07:59.040504 7fe7c28d2700 Compile date Oct  9 2018
2019/03/22-10:07:59.040511 7fe7c28d2700 DB SUMMARY
2019/03/22-10:07:59.041126 7fe7c28d2700 CURRENT file:  CURRENT
2019/03/22-10:07:59.041129 7fe7c28d2700 IDENTITY file:  IDENTITY
2019/03/22-10:07:59.041139 7fe7c28d2700 MANIFEST file:  MANIFEST-000004 size: 133186 Bytes
2019/03/22-10:07:59.041142 7fe7c28d2700 SST files in /mnt/sdg/ycsb-rocksdb-data dir, Total Num: 722, files: 000021.sst 000022.sst 000023.sst 000024.sst 000028.sst 000029.sst 000030.sst 000031.sst 000040.sst 
2019/03/22-10:07:59.041146 7fe7c28d2700 Write Ahead Log file in /mnt/sdg/ycsb-rocksdb-data: 001383.log size: 115337451 ; 001389.log size: 72288207 ; 
2019/03/22-10:07:59.041172 7fe7c28d2700                         Options.error_if_exists: 0
2019/03/22-10:07:59.041173 7fe7c28d2700                       Options.create_if_missing: 1
2019/03/22-10:07:59.041174 7fe7c28d2700                         Options.paranoid_checks: 1
2019/03/22-10:07:59.041175 7fe7c28d2700                                     Options.env: 0x7fe7c1f4d080
2019/03/22-10:07:59.041176 7fe7c28d2700                                Options.info_log: 0x7fe6f03da170
2019/03/22-10:07:59.041177 7fe7c28d2700                Options.max_file_opening_threads: 16
2019/03/22-10:07:59.041178 7fe7c28d2700                              Options.statistics: (nil)
2019/03/22-10:07:59.041179 7fe7c28d2700                               Options.use_fsync: 0
2019/03/22-10:07:59.041180 7fe7c28d2700                       Options.max_log_file_size: 0
2019/03/22-10:07:59.041181 7fe7c28d2700                  Options.max_manifest_file_size: 18446744073709551615
2019/03/22-10:07:59.041182 7fe7c28d2700                   Options.log_file_time_to_roll: 0
2019/03/22-10:07:59.041183 7fe7c28d2700                       Options.keep_log_file_num: 1000
2019/03/22-10:07:59.041184 7fe7c28d2700                    Options.recycle_log_file_num: 0
2019/03/22-10:07:59.041185 7fe7c28d2700                         Options.allow_fallocate: 1
2019/03/22-10:07:59.041186 7fe7c28d2700                        Options.allow_mmap_reads: 0
2019/03/22-10:07:59.041187 7fe7c28d2700                       Options.allow_mmap_writes: 0
2019/03/22-10:07:59.041187 7fe7c28d2700                        Options.use_direct_reads: 0
2019/03/22-10:07:59.041188 7fe7c28d2700                        Options.use_direct_io_for_flush_and_compaction: 0
2019/03/22-10:07:59.041189 7fe7c28d2700          Options.create_missing_column_families: 1
2019/03/22-10:07:59.041190 7fe7c28d2700                              Options.db_log_dir: 
2019/03/22-10:07:59.041191 7fe7c28d2700                                 Options.wal_dir: /mnt/sdg/ycsb-rocksdb-data
2019/03/22-10:07:59.041192 7fe7c28d2700                Options.table_cache_numshardbits: 6
2019/03/22-10:07:59.041193 7fe7c28d2700                      Options.max_subcompactions: 4
2019/03/22-10:07:59.041194 7fe7c28d2700                  Options.max_background_flushes: 24
2019/03/22-10:07:59.041195 7fe7c28d2700                         Options.WAL_ttl_seconds: 0
2019/03/22-10:07:59.041196 7fe7c28d2700                       Options.WAL_size_limit_MB: 0
2019/03/22-10:07:59.041197 7fe7c28d2700             Options.manifest_preallocation_size: 4194304
2019/03/22-10:07:59.041198 7fe7c28d2700                     Options.is_fd_close_on_exec: 1
2019/03/22-10:07:59.041199 7fe7c28d2700                   Options.advise_random_on_open: 1
2019/03/22-10:07:59.041200 7fe7c28d2700                    Options.db_write_buffer_size: 0
2019/03/22-10:07:59.041201 7fe7c28d2700                    Options.write_buffer_manager: 0x7fe6f03da400
2019/03/22-10:07:59.041202 7fe7c28d2700         Options.access_hint_on_compaction_start: 1
2019/03/22-10:07:59.041203 7fe7c28d2700  Options.new_table_reader_for_compaction_inputs: 0
2019/03/22-10:07:59.041204 7fe7c28d2700           Options.random_access_max_buffer_size: 1048576
2019/03/22-10:07:59.041205 7fe7c28d2700                      Options.use_adaptive_mutex: 0
2019/03/22-10:07:59.041206 7fe7c28d2700                            Options.rate_limiter: (nil)
2019/03/22-10:07:59.041219 7fe7c28d2700     Options.sst_file_manager.rate_bytes_per_sec: 0
2019/03/22-10:07:59.041221 7fe7c28d2700                       Options.wal_recovery_mode: 2
2019/03/22-10:07:59.041222 7fe7c28d2700                  Options.enable_thread_tracking: 0
2019/03/22-10:07:59.041223 7fe7c28d2700                  Options.enable_pipelined_write: 1
2019/03/22-10:07:59.041224 7fe7c28d2700         Options.allow_concurrent_memtable_write: 1
2019/03/22-10:07:59.041225 7fe7c28d2700      Options.enable_write_thread_adaptive_yield: 1
2019/03/22-10:07:59.041226 7fe7c28d2700             Options.write_thread_max_yield_usec: 100
2019/03/22-10:07:59.041227 7fe7c28d2700            Options.write_thread_slow_yield_usec: 3
2019/03/22-10:07:59.041227 7fe7c28d2700                               Options.row_cache: None
2019/03/22-10:07:59.041228 7fe7c28d2700                              Options.wal_filter: None
2019/03/22-10:07:59.041229 7fe7c28d2700             Options.avoid_flush_during_recovery: 0
2019/03/22-10:07:59.041230 7fe7c28d2700             Options.allow_ingest_behind: 0
2019/03/22-10:07:59.041231 7fe7c28d2700             Options.preserve_deletes: 0
2019/03/22-10:07:59.041232 7fe7c28d2700             Options.two_write_queues: 0
2019/03/22-10:07:59.041233 7fe7c28d2700             Options.manual_wal_flush: 0
2019/03/22-10:07:59.041235 7fe7c28d2700             Options.max_background_jobs: 24
2019/03/22-10:07:59.041236 7fe7c28d2700             Options.max_background_compactions: 24
2019/03/22-10:07:59.041237 7fe7c28d2700             Options.avoid_flush_during_shutdown: 0
2019/03/22-10:07:59.041238 7fe7c28d2700           Options.writable_file_max_buffer_size: 1048576
2019/03/22-10:07:59.041239 7fe7c28d2700             Options.delayed_write_rate : 16777216
2019/03/22-10:07:59.041240 7fe7c28d2700             Options.max_total_wal_size: 0
2019/03/22-10:07:59.041241 7fe7c28d2700             Options.delete_obsolete_files_period_micros: 21600000000
2019/03/22-10:07:59.041242 7fe7c28d2700                   Options.stats_dump_period_sec: 60
2019/03/22-10:07:59.041244 7fe7c28d2700                          Options.max_open_files: -1
2019/03/22-10:07:59.041244 7fe7c28d2700                          Options.bytes_per_sync: 1048576
2019/03/22-10:07:59.041246 7fe7c28d2700                      Options.wal_bytes_per_sync: 0
2019/03/22-10:07:59.041246 7fe7c28d2700       Options.compaction_readahead_size: 0
2019/03/22-10:07:59.041247 7fe7c28d2700 Compression algorithms supported:
2019/03/22-10:07:59.041249 7fe7c28d2700 	kZSTDNotFinalCompression supported: 1
2019/03/22-10:07:59.041255 7fe7c28d2700 	kZSTD supported: 1
2019/03/22-10:07:59.041257 7fe7c28d2700 	kXpressCompression supported: 0
2019/03/22-10:07:59.041258 7fe7c28d2700 	kLZ4HCCompression supported: 1
2019/03/22-10:07:59.041259 7fe7c28d2700 	kLZ4Compression supported: 1
2019/03/22-10:07:59.041260 7fe7c28d2700 	kBZip2Compression supported: 1
2019/03/22-10:07:59.041261 7fe7c28d2700 	kZlibCompression supported: 1
2019/03/22-10:07:59.041262 7fe7c28d2700 	kSnappyCompression supported: 1
2019/03/22-10:07:59.041266 7fe7c28d2700 Fast CRC32 supported: Not supported on x86
2019/03/22-10:07:59.041671 7fe7c28d2700 [db/version_set.cc:3085] Recovering from manifest file: MANIFEST-000004
2019/03/22-10:07:59.041758 7fe7c28d2700 [db/column_family.cc:475] --------------- Options for column family [default]:
2019/03/22-10:07:59.041762 7fe7c28d2700               Options.comparator: leveldb.BytewiseComparator
2019/03/22-10:07:59.041763 7fe7c28d2700           Options.merge_operator: None
2019/03/22-10:07:59.041764 7fe7c28d2700        Options.compaction_filter: None
2019/03/22-10:07:59.041765 7fe7c28d2700        Options.compaction_filter_factory: None
2019/03/22-10:07:59.041766 7fe7c28d2700         Options.memtable_factory: SkipListFactory
2019/03/22-10:07:59.041767 7fe7c28d2700            Options.table_factory: BlockBasedTable
2019/03/22-10:07:59.041792 7fe7c28d2700            table_factory options:   flush_block_policy_factory: FlushBlockBySizePolicyFactory (0x7fe6f03d4710)
  cache_index_and_filter_blocks: 0
  cache_index_and_filter_blocks_with_high_priority: 0
  pin_l0_filter_and_index_blocks_in_cache: 0
  index_type: 0
  hash_index_allow_collision: 1
  checksum: 1
  no_block_cache: 0
  block_cache: 0x7fe6f03c65f0
  block_cache_name: LRUCache
  block_cache_options:
    capacity : 8388608
    num_shard_bits : 4
    strict_capacity_limit : 0
    high_pri_pool_ratio: 0.000
  block_cache_compressed: (nil)
  persistent_cache: (nil)
  block_size: 8192
  block_size_deviation: 10
  block_restart_interval: 16
  index_block_restart_interval: 1
  metadata_block_size: 4096
  partition_filters: 0
  use_delta_encoding: 1
  filter_policy: nullptr
  whole_key_filtering: 1
  verify_compression: 0
  read_amp_bytes_per_bit: 0
  format_version: 2
  enable_index_compression: 1
  block_align: 0
2019/03/22-10:07:59.041805 7fe7c28d2700        Options.write_buffer_size: 134217728
2019/03/22-10:07:59.041807 7fe7c28d2700  Options.max_write_buffer_number: 24
2019/03/22-10:07:59.041808 7fe7c28d2700        Options.compression[0]: NoCompression
2019/03/22-10:07:59.041810 7fe7c28d2700        Options.compression[1]: NoCompression
2019/03/22-10:07:59.041811 7fe7c28d2700        Options.compression[2]: LZ4
2019/03/22-10:07:59.041812 7fe7c28d2700        Options.compression[3]: LZ4
2019/03/22-10:07:59.041813 7fe7c28d2700        Options.compression[4]: LZ4
2019/03/22-10:07:59.041814 7fe7c28d2700        Options.compression[5]: LZ4
2019/03/22-10:07:59.041815 7fe7c28d2700        Options.compression[6]: LZ4
2019/03/22-10:07:59.041817 7fe7c28d2700                  Options.bottommost_compression: Disabled
2019/03/22-10:07:59.041818 7fe7c28d2700       Options.prefix_extractor: nullptr
2019/03/22-10:07:59.041819 7fe7c28d2700   Options.memtable_insert_with_hint_prefix_extractor: nullptr
2019/03/22-10:07:59.041820 7fe7c28d2700             Options.num_levels: 7
2019/03/22-10:07:59.041821 7fe7c28d2700        Options.min_write_buffer_number_to_merge: 2
2019/03/22-10:07:59.041822 7fe7c28d2700     Options.max_write_buffer_number_to_maintain: 0
2019/03/22-10:07:59.041823 7fe7c28d2700            Options.compression_opts.window_bits: -14
2019/03/22-10:07:59.041824 7fe7c28d2700                  Options.compression_opts.level: -1
2019/03/22-10:07:59.041825 7fe7c28d2700               Options.compression_opts.strategy: 0
2019/03/22-10:07:59.041826 7fe7c28d2700         Options.compression_opts.max_dict_bytes: 0
2019/03/22-10:07:59.041826 7fe7c28d2700         Options.compression_opts.zstd_max_train_bytes: 0
2019/03/22-10:07:59.041827 7fe7c28d2700      Options.level0_file_num_compaction_trigger: 2
2019/03/22-10:07:59.041828 7fe7c28d2700          Options.level0_slowdown_writes_trigger: 20
2019/03/22-10:07:59.041829 7fe7c28d2700              Options.level0_stop_writes_trigger: 36
2019/03/22-10:07:59.041830 7fe7c28d2700                   Options.target_file_size_base: 67108864
2019/03/22-10:07:59.041831 7fe7c28d2700             Options.target_file_size_multiplier: 1
2019/03/22-10:07:59.041832 7fe7c28d2700                Options.max_bytes_for_level_base: 536870912
2019/03/22-10:07:59.041833 7fe7c28d2700 Options.level_compaction_dynamic_level_bytes: 0
2019/03/22-10:07:59.041834 7fe7c28d2700          Options.max_bytes_for_level_multiplier: 10.000000
2019/03/22-10:07:59.041838 7fe7c28d2700 Options.max_bytes_for_level_multiplier_addtl[0]: 1
2019/03/22-10:07:59.041839 7fe7c28d2700 Options.max_bytes_for_level_multiplier_addtl[1]: 1
2019/03/22-10:07:59.041840 7fe7c28d2700 Options.max_bytes_for_level_multiplier_addtl[2]: 1
2019/03/22-10:07:59.041841 7fe7c28d2700 Options.max_bytes_for_level_multiplier_addtl[3]: 1
2019/03/22-10:07:59.041842 7fe7c28d2700 Options.max_bytes_for_level_multiplier_addtl[4]: 1
2019/03/22-10:07:59.041843 7fe7c28d2700 Options.max_bytes_for_level_multiplier_addtl[5]: 1
2019/03/22-10:07:59.041844 7fe7c28d2700 Options.max_bytes_for_level_multiplier_addtl[6]: 1
2019/03/22-10:07:59.041845 7fe7c28d2700       Options.max_sequential_skip_in_iterations: 8
2019/03/22-10:07:59.041845 7fe7c28d2700                    Options.max_compaction_bytes: 1677721600
2019/03/22-10:07:59.041852 7fe7c28d2700                        Options.arena_block_size: 16777216
2019/03/22-10:07:59.041854 7fe7c28d2700   Options.soft_pending_compaction_bytes_limit: 68719476736
2019/03/22-10:07:59.041855 7fe7c28d2700   Options.hard_pending_compaction_bytes_limit: 274877906944
2019/03/22-10:07:59.041856 7fe7c28d2700       Options.rate_limit_delay_max_milliseconds: 100
2019/03/22-10:07:59.041857 7fe7c28d2700                Options.disable_auto_compactions: 0
2019/03/22-10:07:59.041858 7fe7c28d2700                        Options.compaction_style: kCompactionStyleLevel
2019/03/22-10:07:59.041859 7fe7c28d2700                          Options.compaction_pri: kByCompensatedSize
2019/03/22-10:07:59.041860 7fe7c28d2700 Options.compaction_options_universal.size_ratio: 1
2019/03/22-10:07:59.041861 7fe7c28d2700 Options.compaction_options_universal.min_merge_width: 2
2019/03/22-10:07:59.041862 7fe7c28d2700 Options.compaction_options_universal.max_merge_width: 4294967295
2019/03/22-10:07:59.041863 7fe7c28d2700 Options.compaction_options_universal.max_size_amplification_percent: 200
2019/03/22-10:07:59.041864 7fe7c28d2700 Options.compaction_options_universal.compression_size_percent: -1
2019/03/22-10:07:59.041866 7fe7c28d2700 Options.compaction_options_universal.stop_style: kCompactionStopStyleTotalSize
2019/03/22-10:07:59.041867 7fe7c28d2700 Options.compaction_options_fifo.max_table_files_size: 1073741824
2019/03/22-10:07:59.041868 7fe7c28d2700 Options.compaction_options_fifo.allow_compaction: 0
2019/03/22-10:07:59.041868 7fe7c28d2700 Options.compaction_options_fifo.ttl: 0
2019/03/22-10:07:59.041869 7fe7c28d2700                   Options.table_properties_collectors: 
2019/03/22-10:07:59.041870 7fe7c28d2700                   Options.inplace_update_support: 0
2019/03/22-10:07:59.041871 7fe7c28d2700                 Options.inplace_update_num_locks: 10000
2019/03/22-10:07:59.041872 7fe7c28d2700               Options.memtable_prefix_bloom_size_ratio: 0.000000
2019/03/22-10:07:59.041874 7fe7c28d2700   Options.memtable_huge_page_size: 0
2019/03/22-10:07:59.041875 7fe7c28d2700                           Options.bloom_locality: 0
2019/03/22-10:07:59.041876 7fe7c28d2700                    Options.max_successive_merges: 0
2019/03/22-10:07:59.041877 7fe7c28d2700                Options.optimize_filters_for_hits: 0
2019/03/22-10:07:59.041878 7fe7c28d2700                Options.paranoid_file_checks: 0
2019/03/22-10:07:59.041879 7fe7c28d2700                Options.force_consistency_checks: 0
2019/03/22-10:07:59.041880 7fe7c28d2700                Options.report_bg_io_stats: 0
2019/03/22-10:07:59.041880 7fe7c28d2700                               Options.ttl: 0
2019/03/22-10:07:59.042353 7fe7c28d2700 [db/column_family.cc:475] --------------- Options for column family [usertable]:
2019/03/22-10:07:59.042356 7fe7c28d2700               Options.comparator: leveldb.BytewiseComparator
2019/03/22-10:07:59.042357 7fe7c28d2700           Options.merge_operator: None
2019/03/22-10:07:59.042358 7fe7c28d2700        Options.compaction_filter: None
2019/03/22-10:07:59.042359 7fe7c28d2700        Options.compaction_filter_factory: None
2019/03/22-10:07:59.042360 7fe7c28d2700         Options.memtable_factory: SkipListFactory
2019/03/22-10:07:59.042361 7fe7c28d2700            Options.table_factory: BlockBasedTable
2019/03/22-10:07:59.042385 7fe7c28d2700            table_factory options:   flush_block_policy_factory: FlushBlockBySizePolicyFactory (0x7fe6f03d0fc0)
  cache_index_and_filter_blocks: 0
  cache_index_and_filter_blocks_with_high_priority: 0
  pin_l0_filter_and_index_blocks_in_cache: 0
  index_type: 0
  hash_index_allow_collision: 1
  checksum: 1
  no_block_cache: 0
  block_cache: 0x7fe6f03d7020
  block_cache_name: LRUCache
  block_cache_options:
    capacity : 8388608
    num_shard_bits : 4
    strict_capacity_limit : 0
    high_pri_pool_ratio: 0.000
  block_cache_compressed: (nil)
  persistent_cache: (nil)
  block_size: 8192
  block_size_deviation: 10
  block_restart_interval: 16
  index_block_restart_interval: 1
  metadata_block_size: 4096
  partition_filters: 0
  use_delta_encoding: 1
  filter_policy: nullptr
  whole_key_filtering: 1
  verify_compression: 0
  read_amp_bytes_per_bit: 0
  format_version: 2
  enable_index_compression: 1
  block_align: 0
2019/03/22-10:07:59.042397 7fe7c28d2700        Options.write_buffer_size: 134217728
2019/03/22-10:07:59.042398 7fe7c28d2700  Options.max_write_buffer_number: 24
2019/03/22-10:07:59.042400 7fe7c28d2700        Options.compression[0]: NoCompression
2019/03/22-10:07:59.042401 7fe7c28d2700        Options.compression[1]: NoCompression
2019/03/22-10:07:59.042402 7fe7c28d2700        Options.compression[2]: LZ4
2019/03/22-10:07:59.042403 7fe7c28d2700        Options.compression[3]: LZ4
2019/03/22-10:07:59.042404 7fe7c28d2700        Options.compression[4]: LZ4
2019/03/22-10:07:59.042406 7fe7c28d2700        Options.compression[5]: LZ4
2019/03/22-10:07:59.042407 7fe7c28d2700        Options.compression[6]: LZ4
2019/03/22-10:07:59.042408 7fe7c28d2700                  Options.bottommost_compression: Disabled
2019/03/22-10:07:59.042409 7fe7c28d2700       Options.prefix_extractor: nullptr
2019/03/22-10:07:59.042410 7fe7c28d2700   Options.memtable_insert_with_hint_prefix_extractor: nullptr
2019/03/22-10:07:59.042411 7fe7c28d2700             Options.num_levels: 7
2019/03/22-10:07:59.042412 7fe7c28d2700        Options.min_write_buffer_number_to_merge: 2
2019/03/22-10:07:59.042413 7fe7c28d2700     Options.max_write_buffer_number_to_maintain: 0
2019/03/22-10:07:59.042413 7fe7c28d2700            Options.compression_opts.window_bits: -14
2019/03/22-10:07:59.042414 7fe7c28d2700                  Options.compression_opts.level: -1
2019/03/22-10:07:59.042415 7fe7c28d2700               Options.compression_opts.strategy: 0
2019/03/22-10:07:59.042416 7fe7c28d2700         Options.compression_opts.max_dict_bytes: 0
2019/03/22-10:07:59.042417 7fe7c28d2700         Options.compression_opts.zstd_max_train_bytes: 0
2019/03/22-10:07:59.042418 7fe7c28d2700      Options.level0_file_num_compaction_trigger: 2
2019/03/22-10:07:59.042419 7fe7c28d2700          Options.level0_slowdown_writes_trigger: 20
2019/03/22-10:07:59.042420 7fe7c28d2700              Options.level0_stop_writes_trigger: 36
2019/03/22-10:07:59.042421 7fe7c28d2700                   Options.target_file_size_base: 67108864
2019/03/22-10:07:59.042422 7fe7c28d2700             Options.target_file_size_multiplier: 1
2019/03/22-10:07:59.042423 7fe7c28d2700                Options.max_bytes_for_level_base: 536870912
2019/03/22-10:07:59.042424 7fe7c28d2700 Options.level_compaction_dynamic_level_bytes: 0
2019/03/22-10:07:59.042425 7fe7c28d2700          Options.max_bytes_for_level_multiplier: 10.000000
2019/03/22-10:07:59.042427 7fe7c28d2700 Options.max_bytes_for_level_multiplier_addtl[0]: 1
2019/03/22-10:07:59.042428 7fe7c28d2700 Options.max_bytes_for_level_multiplier_addtl[1]: 1
2019/03/22-10:07:59.042429 7fe7c28d2700 Options.max_bytes_for_level_multiplier_addtl[2]: 1
2019/03/22-10:07:59.042430 7fe7c28d2700 Options.max_bytes_for_level_multiplier_addtl[3]: 1
2019/03/22-10:07:59.042431 7fe7c28d2700 Options.max_bytes_for_level_multiplier_addtl[4]: 1
2019/03/22-10:07:59.042432 7fe7c28d2700 Options.max_bytes_for_level_multiplier_addtl[5]: 1
2019/03/22-10:07:59.042433 7fe7c28d2700 Options.max_bytes_for_level_multiplier_addtl[6]: 1
2019/03/22-10:07:59.042434 7fe7c28d2700       Options.max_sequential_skip_in_iterations: 8
2019/03/22-10:07:59.042435 7fe7c28d2700                    Options.max_compaction_bytes: 1677721600
2019/03/22-10:07:59.042436 7fe7c28d2700                        Options.arena_block_size: 16777216
2019/03/22-10:07:59.042436 7fe7c28d2700   Options.soft_pending_compaction_bytes_limit: 68719476736
2019/03/22-10:07:59.042437 7fe7c28d2700   Options.hard_pending_compaction_bytes_limit: 274877906944
2019/03/22-10:07:59.042439 7fe7c28d2700       Options.rate_limit_delay_max_milliseconds: 100
2019/03/22-10:07:59.042439 7fe7c28d2700                Options.disable_auto_compactions: 0
2019/03/22-10:07:59.042441 7fe7c28d2700                        Options.compaction_style: kCompactionStyleLevel
2019/03/22-10:07:59.042447 7fe7c28d2700                          Options.compaction_pri: kByCompensatedSize
2019/03/22-10:07:59.042449 7fe7c28d2700 Options.compaction_options_universal.size_ratio: 1
2019/03/22-10:07:59.042449 7fe7c28d2700 Options.compaction_options_universal.min_merge_width: 2
2019/03/22-10:07:59.042450 7fe7c28d2700 Options.compaction_options_universal.max_merge_width: 4294967295
2019/03/22-10:07:59.042451 7fe7c28d2700 Options.compaction_options_universal.max_size_amplification_percent: 200
2019/03/22-10:07:59.042452 7fe7c28d2700 Options.compaction_options_universal.compression_size_percent: -1
2019/03/22-10:07:59.042453 7fe7c28d2700 Options.compaction_options_universal.stop_style: kCompactionStopStyleTotalSize
2019/03/22-10:07:59.042454 7fe7c28d2700 Options.compaction_options_fifo.max_table_files_size: 1073741824
2019/03/22-10:07:59.042455 7fe7c28d2700 Options.compaction_options_fifo.allow_compaction: 0
2019/03/22-10:07:59.042456 7fe7c28d2700 Options.compaction_options_fifo.ttl: 0
2019/03/22-10:07:59.042457 7fe7c28d2700                   Options.table_properties_collectors: 
2019/03/22-10:07:59.042458 7fe7c28d2700                   Options.inplace_update_support: 0
2019/03/22-10:07:59.042459 7fe7c28d2700                 Options.inplace_update_num_locks: 10000
2019/03/22-10:07:59.042460 7fe7c28d2700               Options.memtable_prefix_bloom_size_ratio: 0.000000
2019/03/22-10:07:59.042462 7fe7c28d2700   Options.memtable_huge_page_size: 0
2019/03/22-10:07:59.042463 7fe7c28d2700                           Options.bloom_locality: 0
2019/03/22-10:07:59.042464 7fe7c28d2700                    Options.max_successive_merges: 0
2019/03/22-10:07:59.042465 7fe7c28d2700                Options.optimize_filters_for_hits: 0
2019/03/22-10:07:59.042465 7fe7c28d2700                Options.paranoid_file_checks: 0
2019/03/22-10:07:59.042466 7fe7c28d2700                Options.force_consistency_checks: 0
2019/03/22-10:07:59.042467 7fe7c28d2700                Options.report_bg_io_stats: 0
2019/03/22-10:07:59.042468 7fe7c28d2700                               Options.ttl: 0
2019/03/22-10:07:59.614443 7fe7c28d2700 [db/version_set.cc:3361] Recovered from manifest file:/mnt/sdg/ycsb-rocksdb-data/MANIFEST-000004 succeeded,manifest_file_number is 4, next_file_number is 1390, last_sequence is 10416705, log_number is 0,prev_log_number is 0,max_column_family is 1,min_log_number_to_keep is 0
2019/03/22-10:07:59.614452 7fe7c28d2700 [db/version_set.cc:3369] Column family [default] (ID 0), log number is 0
2019/03/22-10:07:59.614456 7fe7c28d2700 [db/version_set.cc:3369] Column family [usertable] (ID 1), log number is 1383
2019/03/22-10:07:59.616688 7fe7c28d2700 EVENT_LOG_v1 {"time_micros": 1553274479616664, "job": 1, "event": "recovery_started", "log_files": [1383, 1389]}
2019/03/22-10:07:59.616699 7fe7c28d2700 [db/db_impl_open.cc:551] Recovering log #1383 mode 2
2019/03/22-10:07:59.954665 7fe7c28d2700 [db/db_impl_open.cc:551] Recovering log #1389 mode 2
2019/03/22-10:08:00.504361 7fe7c28d2700 EVENT_LOG_v1 {"time_micros": 1553274480504322, "cf_name": "usertable", "job": 1, "event": "table_file_creation", "file_number": 1390, "file_size": 129920201, "table_properties": {"data_size": 129342647, "index_size": 576632, "filter_size": 0, "raw_key_size": 752904, "raw_average_key_size": 24, "raw_value_size": 128495616, "raw_average_value_size": 4096, "num_data_blocks": 15686, "num_entries": 31371, "filter_policy_name": "", "kDeletedKeys": "0", "kMergeOperands": "0"}}
2019/03/22-10:08:00.684291 7fe7c28d2700 [db/version_set.cc:2847] Creating manifest 1391
2019/03/22-10:08:01.147337 7fe7c28d2700 EVENT_LOG_v1 {"time_micros": 1553274481147308, "cf_name": "usertable", "job": 1, "event": "table_file_creation", "file_number": 1392, "file_size": 57933512, "table_properties": {"data_size": 57674077, "index_size": 258514, "filter_size": 0, "raw_key_size": 335712, "raw_average_key_size": 24, "raw_value_size": 57294848, "raw_average_value_size": 4096, "num_data_blocks": 6994, "num_entries": 13988, "filter_policy_name": "", "kDeletedKeys": "0", "kMergeOperands": "0"}}
2019/03/22-10:08:01.206451 7fe7c28d2700 EVENT_LOG_v1 {"time_micros": 1553274481206439, "job": 1, "event": "recovery_finished"}
2019/03/22-10:08:01.337021 7fe7c28d2700 [db/db_impl_open.cc:1219] DB pointer 0x7fe6f03d31f0
2019/03/22-10:08:01.337463 7fe7c1652700 [WARN] [db/db_impl.cc:491] ------- DUMPING STATS -------
2019/03/22-10:08:01.337534 7fe7c1652700 [WARN] [db/db_impl.cc:492] 
** DB Stats **
Uptime(secs): 2.3 total, 2.3 interval
Cumulative writes: 0 writes, 0 keys, 0 commit groups, 0.0 writes per commit group, ingest: 0.00 GB, 0.00 MB/s
Cumulative WAL: 0 writes, 0 syncs, 0.00 writes per sync, written: 0.00 GB, 0.00 MB/s
Cumulative stall: 00:00:0.000 H:M:S, 0.0 percent
Interval writes: 0 writes, 0 keys, 0 commit groups, 0.0 writes per commit group, ingest: 0.00 MB, 0.00 MB/s
Interval WAL: 0 writes, 0 syncs, 0.00 writes per sync, written: 0.00 MB, 0.00 MB/s
Interval stall: 00:00:0.000 H:M:S, 0.0 percent

** Compaction Stats [default] **
Level    Files   Size     Score Read(GB)  Rn(GB) Rnp1(GB) Write(GB) Wnew(GB) Moved(GB) W-Amp Rd(MB/s) Wr(MB/s) Comp(sec) Comp(cnt) Avg(sec) KeyIn KeyDrop
----------------------------------------------------------------------------------------------------------------------------------------------------------
 Sum      0/0    0.00 KB   0.0      0.0     0.0      0.0       0.0      0.0       0.0   0.0      0.0      0.0         0         0    0.000       0      0
 Int      0/0    0.00 KB   0.0      0.0     0.0      0.0       0.0      0.0       0.0   0.0      0.0      0.0         0         0    0.000       0      0
Uptime(secs): 2.3 total, 2.3 interval
Flush(GB): cumulative 0.000, interval 0.000
AddFile(GB): cumulative 0.000, interval 0.000
AddFile(Total Files): cumulative 0, interval 0
AddFile(L0 Files): cumulative 0, interval 0
AddFile(Keys): cumulative 0, interval 0
Cumulative compaction: 0.00 GB write, 0.00 MB/s write, 0.00 GB read, 0.00 MB/s read, 0.0 seconds
Interval compaction: 0.00 GB write, 0.00 MB/s write, 0.00 GB read, 0.00 MB/s read, 0.0 seconds
Stalls(count): 0 level0_slowdown, 0 level0_slowdown_with_compaction, 0 level0_numfiles, 0 level0_numfiles_with_compaction, 0 stop for pending_compaction_bytes, 0 slowdown for pending_compaction_bytes, 0 memtable_compaction, 0 memtable_slowdown, interval 0 total count

** File Read Latency Histogram By Level [default] **

** Compaction Stats [usertable] **
Level    Files   Size     Score Read(GB)  Rn(GB) Rnp1(GB) Write(GB) Wnew(GB) Moved(GB) W-Amp Rd(MB/s) Wr(MB/s) Comp(sec) Comp(cnt) Avg(sec) KeyIn KeyDrop
----------------------------------------------------------------------------------------------------------------------------------------------------------
  L0      3/0   378.35 MB   1.5      0.0     0.0      0.0       0.2      0.2       0.0   1.0      0.0    196.3         1         2    0.456       0      0
  L1      9/0   450.77 MB   0.9      0.0     0.0      0.0       0.0      0.0       0.0   0.0      0.0      0.0         0         0    0.000       0      0
  L2    163/0    4.99 GB   1.0      0.0     0.0      0.0       0.0      0.0       0.0   0.0      0.0      0.0         0         0    0.000       0      0
  L3    549/0   34.38 GB   0.7      0.0     0.0      0.0       0.0      0.0       0.0   0.0      0.0      0.0         0         0    0.000       0      0
 Sum    724/0   40.18 GB   0.0      0.0     0.0      0.0       0.2      0.2       0.0   1.0      0.0    196.3         1         2    0.456       0      0
 Int      0/0    0.00 KB   0.0      0.0     0.0      0.0       0.2      0.2       0.0   1.0      0.0    196.3         1         2    0.456       0      0
Uptime(secs): 2.3 total, 2.3 interval
Flush(GB): cumulative 0.175, interval 0.175
AddFile(GB): cumulative 0.000, interval 0.000
AddFile(Total Files): cumulative 0, interval 0
AddFile(L0 Files): cumulative 0, interval 0
AddFile(Keys): cumulative 0, interval 0
Cumulative compaction: 0.17 GB write, 78.06 MB/s write, 0.00 GB read, 0.00 MB/s read, 0.9 seconds
Interval compaction: 0.17 GB write, 78.06 MB/s write, 0.00 GB read, 0.00 MB/s read, 0.9 seconds
Stalls(count): 0 level0_slowdown, 0 level0_slowdown_with_compaction, 0 level0_numfiles, 0 level0_numfiles_with_compaction, 0 stop for pending_compaction_bytes, 0 slowdown for pending_compaction_bytes, 0 memtable_compaction, 0 memtable_slowdown, interval 0 total count

** File Read Latency Histogram By Level [usertable] **

** Compaction Stats [default] **
Level    Files   Size     Score Read(GB)  Rn(GB) Rnp1(GB) Write(GB) Wnew(GB) Moved(GB) W-Amp Rd(MB/s) Wr(MB/s) Comp(sec) Comp(cnt) Avg(sec) KeyIn KeyDrop
----------------------------------------------------------------------------------------------------------------------------------------------------------
 Sum      0/0    0.00 KB   0.0      0.0     0.0      0.0       0.0      0.0       0.0   0.0      0.0      0.0         0         0    0.000       0      0
 Int      0/0    0.00 KB   0.0      0.0     0.0      0.0       0.0      0.0       0.0   0.0      0.0      0.0         0         0    0.000       0      0
Uptime(secs): 2.3 total, 0.0 interval
Flush(GB): cumulative 0.000, interval 0.000
AddFile(GB): cumulative 0.000, interval 0.000
AddFile(Total Files): cumulative 0, interval 0
AddFile(L0 Files): cumulative 0, interval 0
AddFile(Keys): cumulative 0, interval 0
Cumulative compaction: 0.00 GB write, 0.00 MB/s write, 0.00 GB read, 0.00 MB/s read, 0.0 seconds
Interval compaction: 0.00 GB write, 0.00 MB/s write, 0.00 GB read, 0.00 MB/s read, 0.0 seconds
Stalls(count): 0 level0_slowdown, 0 level0_slowdown_with_compaction, 0 level0_numfiles, 0 level0_numfiles_with_compaction, 0 stop for pending_compaction_bytes, 0 slowdown for pending_compaction_bytes, 0 memtable_compaction, 0 memtable_slowdown, interval 0 total count

** File Read Latency Histogram By Level [default] **

** Compaction Stats [usertable] **
Level    Files   Size     Score Read(GB)  Rn(GB) Rnp1(GB) Write(GB) Wnew(GB) Moved(GB) W-Amp Rd(MB/s) Wr(MB/s) Comp(sec) Comp(cnt) Avg(sec) KeyIn KeyDrop
----------------------------------------------------------------------------------------------------------------------------------------------------------
  L0      3/0   378.35 MB   1.5      0.0     0.0      0.0       0.2      0.2       0.0   1.0      0.0    196.3         1         2    0.456       0      0
  L1      9/0   450.77 MB   0.9      0.0     0.0      0.0       0.0      0.0       0.0   0.0      0.0      0.0         0         0    0.000       0      0
  L2    163/0    4.99 GB   1.0      0.0     0.0      0.0       0.0      0.0       0.0   0.0      0.0      0.0         0         0    0.000       0      0
  L3    549/0   34.38 GB   0.7      0.0     0.0      0.0       0.0      0.0       0.0   0.0      0.0      0.0         0         0    0.000       0      0
 Sum    724/0   40.18 GB   0.0      0.0     0.0      0.0       0.2      0.2       0.0   1.0      0.0    196.3         1         2    0.456       0      0
 Int      0/0    0.00 KB   0.0      0.0     0.0      0.0       0.0      0.0       0.0   0.0      0.0      0.0         0         0    0.000       0      0
Uptime(secs): 2.3 total, 0.0 interval
Flush(GB): cumulative 0.175, interval 0.000
AddFile(GB): cumulative 0.000, interval 0.000
AddFile(Total Files): cumulative 0, interval 0
AddFile(L0 Files): cumulative 0, interval 0
AddFile(Keys): cumulative 0, interval 0
Cumulative compaction: 0.17 GB write, 78.06 MB/s write, 0.00 GB read, 0.00 MB/s read, 0.9 seconds
Interval compaction: 0.00 GB write, 0.00 MB/s write, 0.00 GB read, 0.00 MB/s read, 0.0 seconds
Stalls(count): 0 level0_slowdown, 0 level0_slowdown_with_compaction, 0 level0_numfiles, 0 level0_numfiles_with_compaction, 0 stop for pending_compaction_bytes, 0 slowdown for pending_compaction_bytes, 0 memtable_compaction, 0 memtable_slowdown, interval 0 total count

** File Read Latency Histogram By Level [usertable] **
2019/03/22-10:08:01.396482 7fe7c1652700 (Original Log Time 2019/03/22-10:08:01.337716) [db/db_impl_compaction_flush.cc:1835] [usertable] Moving #753 to level-1 208878677 bytes
2019/03/22-10:08:01.396487 7fe7c1652700 (Original Log Time 2019/03/22-10:08:01.396383) EVENT_LOG_v1 {"time_micros": 1553274481396369, "job": 3, "event": "trivial_move", "destination_level": 1, "files": 1, "total_files_size": 208878677}
2019/03/22-10:08:01.396489 7fe7c1652700 (Original Log Time 2019/03/22-10:08:01.396396) [db/db_impl_compaction_flush.cc:1864] [usertable] Moved #1 files to level-1 208878677 bytes OK: base level 1 max bytes base 536870912 files[2 10 163 549 0 0 0] max score 1.27
2019/03/22-10:08:01.396596 7fe7c1652700 [db/compaction_job.cc:1531] [usertable] [JOB 4] Compacting 1@1 files to L2, score 1.27
2019/03/22-10:08:01.396604 7fe7c1652700 [db/compaction_job.cc:1535] [usertable] Compaction start summary: Base version 6 Base level 1, inputs: [753(199MB)]
2019/03/22-10:08:01.396629 7fe7c1652700 EVENT_LOG_v1 {"time_micros": 1553274481396610, "job": 4, "event": "compaction_started", "compaction_reason": "LevelMaxLevelSize", "files_L1": [753], "score": 1.26949, "input_data_size": 208878677}
2019/03/22-10:08:02.785186 7fe7c1652700 [db/compaction_job.cc:1211] [usertable] [JOB 4] Generated table #1396: 16279 keys, 67233554 bytes
2019/03/22-10:08:02.785231 7fe7c1652700 EVENT_LOG_v1 {"time_micros": 1553274482785211, "cf_name": "usertable", "job": 4, "event": "table_file_creation", "file_number": 1396, "file_size": 67233554, "table_properties": {"data_size": 67120139, "index_size": 300916, "filter_size": 0, "raw_key_size": 390696, "raw_average_key_size": 24, "raw_value_size": 66678784, "raw_average_value_size": 4096, "num_data_blocks": 8140, "num_entries": 16279, "filter_policy_name": "", "kDeletedKeys": "0", "kMergeOperands": "0"}}
2019/03/22-10:08:03.589483 7fe7c1652700 [db/compaction_job.cc:1211] [usertable] [JOB 4] Generated table #1397: 16279 keys, 67233397 bytes
2019/03/22-10:08:03.589544 7fe7c1652700 EVENT_LOG_v1 {"time_micros": 1553274483589509, "cf_name": "usertable", "job": 4, "event": "table_file_creation", "file_number": 1397, "file_size": 67233397, "table_properties": {"data_size": 67118331, "index_size": 299107, "filter_size": 0, "raw_key_size": 390696, "raw_average_key_size": 24, "raw_value_size": 66678784, "raw_average_value_size": 4096, "num_data_blocks": 8140, "num_entries": 16279, "filter_policy_name": "", "kDeletedKeys": "0", "kMergeOperands": "0"}}
2019/03/22-10:08:04.705131 7fe7c1652700 [db/compaction_job.cc:1211] [usertable] [JOB 4] Generated table #1398: 16279 keys, 67233541 bytes
2019/03/22-10:08:04.705165 7fe7c1652700 EVENT_LOG_v1 {"time_micros": 1553274484705149, "cf_name": "usertable", "job": 4, "event": "table_file_creation", "file_number": 1398, "file_size": 67233541, "table_properties": {"data_size": 67120140, "index_size": 300916, "filter_size": 0, "raw_key_size": 390696, "raw_average_key_size": 24, "raw_value_size": 66678784, "raw_average_value_size": 4096, "num_data_blocks": 8140, "num_entries": 16279, "filter_policy_name": "", "kDeletedKeys": "0", "kMergeOperands": "0"}}
2019/03/22-10:08:04.903682 7fe7c1652700 [db/compaction_job.cc:1211] [usertable] [JOB 4] Generated table #1399: 1597 keys, 6596596 bytes
2019/03/22-10:08:04.903747 7fe7c1652700 EVENT_LOG_v1 {"time_micros": 1553274484903714, "cf_name": "usertable", "job": 4, "event": "table_file_creation", "file_number": 1399, "file_size": 6596596, "table_properties": {"data_size": 6584445, "index_size": 29122, "filter_size": 0, "raw_key_size": 38328, "raw_average_key_size": 24, "raw_value_size": 6541312, "raw_average_value_size": 4096, "num_data_blocks": 799, "num_entries": 1597, "filter_policy_name": "", "kDeletedKeys": "0", "kMergeOperands": "0"}}
2019/03/22-10:08:04.903837 7fe7c1652700 [db/compaction_job.cc:1287] [usertable] [JOB 4] Compacted 1@1 files to L2 => 208297088 bytes
2019/03/22-10:08:05.007825 7fe7c1652700 (Original Log Time 2019/03/22-10:08:05.007599) [db/compaction_job.cc:685] [usertable] compacted to: base level 1 max bytes base 536870912 files[2 9 167 549 0 0 0] max score 1.04, MB/sec: 59.6 rd, 59.4 wr, level 2, files in(1, 0) out(4) MB in(199.2, 0.0) out(198.6), read-write-amplify(2.0) write-amplify(1.0) OK, records in: 50434, records dropped: 0 output_compression: LZ4
2019/03/22-10:08:05.007841 7fe7c1652700 (Original Log Time 2019/03/22-10:08:05.007653) EVENT_LOG_v1 {"time_micros": 1553274485007633, "job": 4, "event": "compaction_finished", "compaction_time_micros": 3507155, "output_level": 2, "num_output_files": 4, "total_output_size": 208297088, "num_input_records": 50434, "num_output_records": 50434, "num_subcompactions": 1, "output_compression": "LZ4", "num_single_delete_mismatches": 0, "num_single_delete_fallthrough": 0, "lsm_state": [2, 9, 167, 549, 0, 0, 0]}
2019/03/22-10:08:05.098889 7fe7c0e51700 (Original Log Time 2019/03/22-10:08:05.008136) [db/db_impl_compaction_flush.cc:1835] [usertable] Moving #1396 to level-3 67233554 bytes
2019/03/22-10:08:05.098897 7fe7c0e51700 (Original Log Time 2019/03/22-10:08:05.098782) EVENT_LOG_v1 {"time_micros": 1553274485098767, "job": 5, "event": "trivial_move", "destination_level": 3, "files": 1, "total_files_size": 67233554}
2019/03/22-10:08:05.098900 7fe7c0e51700 (Original Log Time 2019/03/22-10:08:05.098798) [db/db_impl_compaction_flush.cc:1864] [usertable] Moved #1 files to level-3 67233554 bytes OK: base level 1 max bytes base 536870912 files[2 9 166 550 0 0 0] max score 1.02
2019/03/22-10:08:05.123327 7fe7c0e51700 EVENT_LOG_v1 {"time_micros": 1553274485123314, "job": 5, "event": "table_file_deletion", "file_number": 753}
2019/03/22-10:08:05.193367 7fe7b8ffe700 (Original Log Time 2019/03/22-10:08:05.123572) [db/db_impl_compaction_flush.cc:1835] [usertable] Moving #1398 to level-3 67233541 bytes
2019/03/22-10:08:05.193375 7fe7b8ffe700 (Original Log Time 2019/03/22-10:08:05.193260) EVENT_LOG_v1 {"time_micros": 1553274485193245, "job": 6, "event": "trivial_move", "destination_level": 3, "files": 1, "total_files_size": 67233541}
2019/03/22-10:08:05.193379 7fe7b8ffe700 (Original Log Time 2019/03/22-10:08:05.193279) [db/db_impl_compaction_flush.cc:1864] [usertable] Moved #1 files to level-3 67233541 bytes OK: base level 1 max bytes base 536870912 files[2 9 165 551 0 0 0] max score 1.01
2019/03/22-10:08:05.277206 7fe7b8ffe700 (Original Log Time 2019/03/22-10:08:05.193625) [db/db_impl_compaction_flush.cc:1835] [usertable] Moving #1397 to level-3 67233397 bytes
2019/03/22-10:08:05.277211 7fe7b8ffe700 (Original Log Time 2019/03/22-10:08:05.277116) EVENT_LOG_v1 {"time_micros": 1553274485277104, "job": 7, "event": "trivial_move", "destination_level": 3, "files": 1, "total_files_size": 67233397}
2019/03/22-10:08:05.277213 7fe7b8ffe700 (Original Log Time 2019/03/22-10:08:05.277131) [db/db_impl_compaction_flush.cc:1864] [usertable] Moved #1 files to level-3 67233397 bytes OK: base level 1 max bytes base 536870912 files[2 9 164 552 0 0 0] max score 1.00
2019/03/22-10:08:05.361095 7fe7b8ffe700 (Original Log Time 2019/03/22-10:08:05.277436) [db/db_impl_compaction_flush.cc:1835] [usertable] Moving #1390 to level-1 129920201 bytes
2019/03/22-10:08:05.361100 7fe7b8ffe700 (Original Log Time 2019/03/22-10:08:05.361026) EVENT_LOG_v1 {"time_micros": 1553274485361013, "job": 8, "event": "trivial_move", "destination_level": 1, "files": 1, "total_files_size": 129920201}
