2018/12/20-22:56:01.859496 7ff9092d9700 RocksDB version: 5.14.3
2018/12/20-22:56:01.859541 7ff9092d9700 Git sha rocksdb_build_git_sha:
2018/12/20-22:56:01.859544 7ff9092d9700 Compile date Dec 16 2018
2018/12/20-22:56:01.859548 7ff9092d9700 DB SUMMARY
2018/12/20-22:56:01.859573 7ff9092d9700 SST files in /mnt/sdb/ycsb-rocksdb-data dir, Total Num: 0, files: 
2018/12/20-22:56:01.859575 7ff9092d9700 Write Ahead Log file in /mnt/sdb/ycsb-rocksdb-data: 
2018/12/20-22:56:01.859578 7ff9092d9700                         Options.error_if_exists: 0
2018/12/20-22:56:01.859579 7ff9092d9700                       Options.create_if_missing: 1
2018/12/20-22:56:01.859580 7ff9092d9700                         Options.paranoid_checks: 1
2018/12/20-22:56:01.859581 7ff9092d9700                                     Options.env: 0x7ff88bff82c0
2018/12/20-22:56:01.859582 7ff9092d9700                                Options.info_log: 0x7ff8b43d07c0
2018/12/20-22:56:01.859583 7ff9092d9700                Options.max_file_opening_threads: 16
2018/12/20-22:56:01.859584 7ff9092d9700                              Options.statistics: (nil)
2018/12/20-22:56:01.859585 7ff9092d9700                               Options.use_fsync: 0
2018/12/20-22:56:01.859586 7ff9092d9700                       Options.max_log_file_size: 0
2018/12/20-22:56:01.859587 7ff9092d9700                  Options.max_manifest_file_size: 18446744073709551615
2018/12/20-22:56:01.859588 7ff9092d9700                   Options.log_file_time_to_roll: 0
2018/12/20-22:56:01.859589 7ff9092d9700                       Options.keep_log_file_num: 1000
2018/12/20-22:56:01.859590 7ff9092d9700                    Options.recycle_log_file_num: 0
2018/12/20-22:56:01.859591 7ff9092d9700                         Options.allow_fallocate: 1
2018/12/20-22:56:01.859592 7ff9092d9700                        Options.allow_mmap_reads: 0
2018/12/20-22:56:01.859593 7ff9092d9700                       Options.allow_mmap_writes: 0
2018/12/20-22:56:01.859594 7ff9092d9700                        Options.use_direct_reads: 0
2018/12/20-22:56:01.859594 7ff9092d9700                        Options.use_direct_io_for_flush_and_compaction: 0
2018/12/20-22:56:01.859595 7ff9092d9700          Options.create_missing_column_families: 1
2018/12/20-22:56:01.859596 7ff9092d9700                              Options.db_log_dir: 
2018/12/20-22:56:01.859597 7ff9092d9700                                 Options.wal_dir: /mnt/sdb/ycsb-rocksdb-data
2018/12/20-22:56:01.859598 7ff9092d9700                Options.table_cache_numshardbits: 6
2018/12/20-22:56:01.859599 7ff9092d9700                      Options.max_subcompactions: 4
2018/12/20-22:56:01.859600 7ff9092d9700                  Options.max_background_flushes: 24
2018/12/20-22:56:01.859601 7ff9092d9700                         Options.WAL_ttl_seconds: 0
2018/12/20-22:56:01.859602 7ff9092d9700                       Options.WAL_size_limit_MB: 0
2018/12/20-22:56:01.859603 7ff9092d9700             Options.manifest_preallocation_size: 4194304
2018/12/20-22:56:01.859604 7ff9092d9700                     Options.is_fd_close_on_exec: 1
2018/12/20-22:56:01.859605 7ff9092d9700                   Options.advise_random_on_open: 1
2018/12/20-22:56:01.859606 7ff9092d9700                    Options.db_write_buffer_size: 0
2018/12/20-22:56:01.859607 7ff9092d9700                    Options.write_buffer_manager: 0x7ff8b43cd7e0
2018/12/20-22:56:01.859608 7ff9092d9700         Options.access_hint_on_compaction_start: 1
2018/12/20-22:56:01.859609 7ff9092d9700  Options.new_table_reader_for_compaction_inputs: 0
2018/12/20-22:56:01.859610 7ff9092d9700           Options.random_access_max_buffer_size: 1048576
2018/12/20-22:56:01.859611 7ff9092d9700                      Options.use_adaptive_mutex: 0
2018/12/20-22:56:01.859612 7ff9092d9700                            Options.rate_limiter: (nil)
2018/12/20-22:56:01.859614 7ff9092d9700     Options.sst_file_manager.rate_bytes_per_sec: 0
2018/12/20-22:56:01.859615 7ff9092d9700                       Options.wal_recovery_mode: 2
2018/12/20-22:56:01.859616 7ff9092d9700                  Options.enable_thread_tracking: 0
2018/12/20-22:56:01.859616 7ff9092d9700                  Options.enable_pipelined_write: 1
2018/12/20-22:56:01.859626 7ff9092d9700         Options.allow_concurrent_memtable_write: 1
2018/12/20-22:56:01.859628 7ff9092d9700      Options.enable_write_thread_adaptive_yield: 1
2018/12/20-22:56:01.859629 7ff9092d9700             Options.write_thread_max_yield_usec: 100
2018/12/20-22:56:01.859630 7ff9092d9700            Options.write_thread_slow_yield_usec: 3
2018/12/20-22:56:01.859631 7ff9092d9700                               Options.row_cache: None
2018/12/20-22:56:01.859632 7ff9092d9700                              Options.wal_filter: None
2018/12/20-22:56:01.859633 7ff9092d9700             Options.avoid_flush_during_recovery: 0
2018/12/20-22:56:01.859634 7ff9092d9700             Options.allow_ingest_behind: 0
2018/12/20-22:56:01.859635 7ff9092d9700             Options.preserve_deletes: 0
2018/12/20-22:56:01.859635 7ff9092d9700             Options.two_write_queues: 0
2018/12/20-22:56:01.859636 7ff9092d9700             Options.manual_wal_flush: 0
2018/12/20-22:56:01.859638 7ff9092d9700             Options.max_background_jobs: 24
2018/12/20-22:56:01.859639 7ff9092d9700             Options.max_background_compactions: 24
2018/12/20-22:56:01.859640 7ff9092d9700             Options.avoid_flush_during_shutdown: 0
2018/12/20-22:56:01.859641 7ff9092d9700           Options.writable_file_max_buffer_size: 1048576
2018/12/20-22:56:01.859642 7ff9092d9700             Options.delayed_write_rate : 16777216
2018/12/20-22:56:01.859643 7ff9092d9700             Options.max_total_wal_size: 0
2018/12/20-22:56:01.859644 7ff9092d9700             Options.delete_obsolete_files_period_micros: 21600000000
2018/12/20-22:56:01.859645 7ff9092d9700                   Options.stats_dump_period_sec: 60
2018/12/20-22:56:01.859647 7ff9092d9700                          Options.max_open_files: -1
2018/12/20-22:56:01.859647 7ff9092d9700                          Options.bytes_per_sync: 1048576
2018/12/20-22:56:01.859648 7ff9092d9700                      Options.wal_bytes_per_sync: 0
2018/12/20-22:56:01.859649 7ff9092d9700       Options.compaction_readahead_size: 0
2018/12/20-22:56:01.859650 7ff9092d9700 Compression algorithms supported:
2018/12/20-22:56:01.859652 7ff9092d9700 	kZSTDNotFinalCompression supported: 1
2018/12/20-22:56:01.859658 7ff9092d9700 	kZSTD supported: 1
2018/12/20-22:56:01.859660 7ff9092d9700 	kXpressCompression supported: 0
2018/12/20-22:56:01.859661 7ff9092d9700 	kLZ4HCCompression supported: 1
2018/12/20-22:56:01.859662 7ff9092d9700 	kLZ4Compression supported: 1
2018/12/20-22:56:01.859663 7ff9092d9700 	kBZip2Compression supported: 1
2018/12/20-22:56:01.859664 7ff9092d9700 	kZlibCompression supported: 1
2018/12/20-22:56:01.859665 7ff9092d9700 	kSnappyCompression supported: 1
2018/12/20-22:56:01.859669 7ff9092d9700 Fast CRC32 supported: Supported on x86
2018/12/20-22:56:01.859737 7ff9092d9700 [db/db_impl_open.cc:222] Creating manifest 1 
2018/12/20-22:56:02.082867 7ff9092d9700 [db/version_set.cc:3085] Recovering from manifest file: MANIFEST-000001
2018/12/20-22:56:02.082987 7ff9092d9700 [db/column_family.cc:475] --------------- Options for column family [default]:
2018/12/20-22:56:02.082991 7ff9092d9700               Options.comparator: leveldb.BytewiseComparator
2018/12/20-22:56:02.082993 7ff9092d9700           Options.merge_operator: None
2018/12/20-22:56:02.082994 7ff9092d9700        Options.compaction_filter: None
2018/12/20-22:56:02.082995 7ff9092d9700        Options.compaction_filter_factory: None
2018/12/20-22:56:02.082996 7ff9092d9700         Options.memtable_factory: SkipListFactory
2018/12/20-22:56:02.082997 7ff9092d9700            Options.table_factory: BlockBasedTable
2018/12/20-22:56:02.083026 7ff9092d9700            table_factory options:   flush_block_policy_factory: FlushBlockBySizePolicyFactory (0x7ff8b4379de0)
  cache_index_and_filter_blocks: 0
  cache_index_and_filter_blocks_with_high_priority: 0
  pin_l0_filter_and_index_blocks_in_cache: 0
  index_type: 0
  hash_index_allow_collision: 1
  checksum: 1
  no_block_cache: 0
  block_cache: 0x7ff8b4385fb0
  block_cache_name: LRUCache
  block_cache_options:
    capacity : 8388608
    num_shard_bits : 4
    strict_capacity_limit : 0
    high_pri_pool_ratio: 0.000
  block_cache_compressed: (nil)
  persistent_cache: (nil)
  block_size: 8192
  block_size_deviation: 10
  block_restart_interval: 16
  index_block_restart_interval: 1
  metadata_block_size: 4096
  partition_filters: 0
  use_delta_encoding: 1
  filter_policy: nullptr
  whole_key_filtering: 1
  verify_compression: 0
  read_amp_bytes_per_bit: 0
  format_version: 2
  enable_index_compression: 1
  block_align: 0
2018/12/20-22:56:02.083043 7ff9092d9700        Options.write_buffer_size: 134217728
2018/12/20-22:56:02.083045 7ff9092d9700  Options.max_write_buffer_number: 24
2018/12/20-22:56:02.083046 7ff9092d9700        Options.compression[0]: NoCompression
2018/12/20-22:56:02.083047 7ff9092d9700        Options.compression[1]: NoCompression
2018/12/20-22:56:02.083049 7ff9092d9700        Options.compression[2]: LZ4
2018/12/20-22:56:02.083050 7ff9092d9700        Options.compression[3]: LZ4
2018/12/20-22:56:02.083050 7ff9092d9700        Options.compression[4]: LZ4
2018/12/20-22:56:02.083051 7ff9092d9700        Options.compression[5]: LZ4
2018/12/20-22:56:02.083052 7ff9092d9700        Options.compression[6]: LZ4
2018/12/20-22:56:02.083053 7ff9092d9700                  Options.bottommost_compression: Disabled
2018/12/20-22:56:02.083054 7ff9092d9700       Options.prefix_extractor: nullptr
2018/12/20-22:56:02.083055 7ff9092d9700   Options.memtable_insert_with_hint_prefix_extractor: nullptr
2018/12/20-22:56:02.083056 7ff9092d9700             Options.num_levels: 7
2018/12/20-22:56:02.083057 7ff9092d9700        Options.min_write_buffer_number_to_merge: 2
2018/12/20-22:56:02.083058 7ff9092d9700     Options.max_write_buffer_number_to_maintain: 0
2018/12/20-22:56:02.083059 7ff9092d9700            Options.compression_opts.window_bits: -14
2018/12/20-22:56:02.083060 7ff9092d9700                  Options.compression_opts.level: -1
2018/12/20-22:56:02.083061 7ff9092d9700               Options.compression_opts.strategy: 0
2018/12/20-22:56:02.083062 7ff9092d9700         Options.compression_opts.max_dict_bytes: 0
2018/12/20-22:56:02.083063 7ff9092d9700         Options.compression_opts.zstd_max_train_bytes: 0
2018/12/20-22:56:02.083064 7ff9092d9700      Options.level0_file_num_compaction_trigger: 2
2018/12/20-22:56:02.083065 7ff9092d9700          Options.level0_slowdown_writes_trigger: 20
2018/12/20-22:56:02.083066 7ff9092d9700              Options.level0_stop_writes_trigger: 36
2018/12/20-22:56:02.083067 7ff9092d9700                   Options.target_file_size_base: 67108864
2018/12/20-22:56:02.083068 7ff9092d9700             Options.target_file_size_multiplier: 1
2018/12/20-22:56:02.083069 7ff9092d9700                Options.max_bytes_for_level_base: 536870912
2018/12/20-22:56:02.083070 7ff9092d9700 Options.level_compaction_dynamic_level_bytes: 0
2018/12/20-22:56:02.083071 7ff9092d9700          Options.max_bytes_for_level_multiplier: 10.000000
2018/12/20-22:56:02.083073 7ff9092d9700 Options.max_bytes_for_level_multiplier_addtl[0]: 1
2018/12/20-22:56:02.083074 7ff9092d9700 Options.max_bytes_for_level_multiplier_addtl[1]: 1
2018/12/20-22:56:02.083075 7ff9092d9700 Options.max_bytes_for_level_multiplier_addtl[2]: 1
2018/12/20-22:56:02.083076 7ff9092d9700 Options.max_bytes_for_level_multiplier_addtl[3]: 1
2018/12/20-22:56:02.083077 7ff9092d9700 Options.max_bytes_for_level_multiplier_addtl[4]: 1
2018/12/20-22:56:02.083078 7ff9092d9700 Options.max_bytes_for_level_multiplier_addtl[5]: 1
2018/12/20-22:56:02.083079 7ff9092d9700 Options.max_bytes_for_level_multiplier_addtl[6]: 1
2018/12/20-22:56:02.083080 7ff9092d9700       Options.max_sequential_skip_in_iterations: 8
2018/12/20-22:56:02.083081 7ff9092d9700                    Options.max_compaction_bytes: 1677721600
2018/12/20-22:56:02.083082 7ff9092d9700                        Options.arena_block_size: 16777216
2018/12/20-22:56:02.083083 7ff9092d9700   Options.soft_pending_compaction_bytes_limit: 68719476736
2018/12/20-22:56:02.083084 7ff9092d9700   Options.hard_pending_compaction_bytes_limit: 274877906944
2018/12/20-22:56:02.083091 7ff9092d9700       Options.rate_limit_delay_max_milliseconds: 100
2018/12/20-22:56:02.083092 7ff9092d9700                Options.disable_auto_compactions: 0
2018/12/20-22:56:02.083094 7ff9092d9700                        Options.compaction_style: kCompactionStyleLevel
2018/12/20-22:56:02.083096 7ff9092d9700                          Options.compaction_pri: kByCompensatedSize
2018/12/20-22:56:02.083097 7ff9092d9700 Options.compaction_options_universal.size_ratio: 1
2018/12/20-22:56:02.083098 7ff9092d9700 Options.compaction_options_universal.min_merge_width: 2
2018/12/20-22:56:02.083099 7ff9092d9700 Options.compaction_options_universal.max_merge_width: 4294967295
2018/12/20-22:56:02.083100 7ff9092d9700 Options.compaction_options_universal.max_size_amplification_percent: 200
2018/12/20-22:56:02.083101 7ff9092d9700 Options.compaction_options_universal.compression_size_percent: -1
2018/12/20-22:56:02.083102 7ff9092d9700 Options.compaction_options_universal.stop_style: kCompactionStopStyleTotalSize
2018/12/20-22:56:02.083103 7ff9092d9700 Options.compaction_options_fifo.max_table_files_size: 1073741824
2018/12/20-22:56:02.083104 7ff9092d9700 Options.compaction_options_fifo.allow_compaction: 0
2018/12/20-22:56:02.083105 7ff9092d9700 Options.compaction_options_fifo.ttl: 0
2018/12/20-22:56:02.083106 7ff9092d9700                   Options.table_properties_collectors: 
2018/12/20-22:56:02.083107 7ff9092d9700                   Options.inplace_update_support: 0
2018/12/20-22:56:02.083108 7ff9092d9700                 Options.inplace_update_num_locks: 10000
2018/12/20-22:56:02.083109 7ff9092d9700               Options.memtable_prefix_bloom_size_ratio: 0.000000
2018/12/20-22:56:02.083111 7ff9092d9700   Options.memtable_huge_page_size: 0
2018/12/20-22:56:02.083112 7ff9092d9700                           Options.bloom_locality: 0
2018/12/20-22:56:02.083113 7ff9092d9700                    Options.max_successive_merges: 0
2018/12/20-22:56:02.083114 7ff9092d9700                Options.optimize_filters_for_hits: 0
2018/12/20-22:56:02.083115 7ff9092d9700                Options.paranoid_file_checks: 0
2018/12/20-22:56:02.083116 7ff9092d9700                Options.force_consistency_checks: 0
2018/12/20-22:56:02.083117 7ff9092d9700                Options.report_bg_io_stats: 0
2018/12/20-22:56:02.083117 7ff9092d9700                               Options.ttl: 0
2018/12/20-22:56:02.083601 7ff9092d9700 [db/version_set.cc:3361] Recovered from manifest file:/mnt/sdb/ycsb-rocksdb-data/MANIFEST-000001 succeeded,manifest_file_number is 1, next_file_number is 3, last_sequence is 0, log_number is 0,prev_log_number is 0,max_column_family is 0,min_log_number_to_keep is 0
2018/12/20-22:56:02.083605 7ff9092d9700 [db/version_set.cc:3369] Column family [default] (ID 0), log number is 0
2018/12/20-22:56:02.083777 7ff9092d9700 [db/version_set.cc:2847] Creating manifest 4
2018/12/20-22:56:02.291107 7ff9092d9700 [db/column_family.cc:475] --------------- Options for column family [usertable]:
2018/12/20-22:56:02.291117 7ff9092d9700               Options.comparator: leveldb.BytewiseComparator
2018/12/20-22:56:02.291119 7ff9092d9700           Options.merge_operator: None
2018/12/20-22:56:02.291120 7ff9092d9700        Options.compaction_filter: None
2018/12/20-22:56:02.291121 7ff9092d9700        Options.compaction_filter_factory: None
2018/12/20-22:56:02.291122 7ff9092d9700         Options.memtable_factory: SkipListFactory
2018/12/20-22:56:02.291123 7ff9092d9700            Options.table_factory: BlockBasedTable
2018/12/20-22:56:02.291154 7ff9092d9700            table_factory options:   flush_block_policy_factory: FlushBlockBySizePolicyFactory (0x7ff8b4379ec0)
  cache_index_and_filter_blocks: 0
  cache_index_and_filter_blocks_with_high_priority: 0
  pin_l0_filter_and_index_blocks_in_cache: 0
  index_type: 0
  hash_index_allow_collision: 1
  checksum: 1
  no_block_cache: 0
  block_cache: 0x7ff8b4388190
  block_cache_name: LRUCache
  block_cache_options:
    capacity : 8388608
    num_shard_bits : 4
    strict_capacity_limit : 0
    high_pri_pool_ratio: 0.000
  block_cache_compressed: (nil)
  persistent_cache: (nil)
  block_size: 8192
  block_size_deviation: 10
  block_restart_interval: 16
  index_block_restart_interval: 1
  metadata_block_size: 4096
  partition_filters: 0
  use_delta_encoding: 1
  filter_policy: nullptr
  whole_key_filtering: 1
  verify_compression: 0
  read_amp_bytes_per_bit: 0
  format_version: 2
  enable_index_compression: 1
  block_align: 0
2018/12/20-22:56:02.291157 7ff9092d9700        Options.write_buffer_size: 134217728
2018/12/20-22:56:02.291158 7ff9092d9700  Options.max_write_buffer_number: 24
2018/12/20-22:56:02.291159 7ff9092d9700        Options.compression[0]: NoCompression
2018/12/20-22:56:02.291160 7ff9092d9700        Options.compression[1]: NoCompression
2018/12/20-22:56:02.291162 7ff9092d9700        Options.compression[2]: LZ4
2018/12/20-22:56:02.291163 7ff9092d9700        Options.compression[3]: LZ4
2018/12/20-22:56:02.291164 7ff9092d9700        Options.compression[4]: LZ4
2018/12/20-22:56:02.291164 7ff9092d9700        Options.compression[5]: LZ4
2018/12/20-22:56:02.291165 7ff9092d9700        Options.compression[6]: LZ4
2018/12/20-22:56:02.291166 7ff9092d9700                  Options.bottommost_compression: Disabled
2018/12/20-22:56:02.291168 7ff9092d9700       Options.prefix_extractor: nullptr
2018/12/20-22:56:02.291169 7ff9092d9700   Options.memtable_insert_with_hint_prefix_extractor: nullptr
2018/12/20-22:56:02.291170 7ff9092d9700             Options.num_levels: 7
2018/12/20-22:56:02.291171 7ff9092d9700        Options.min_write_buffer_number_to_merge: 2
2018/12/20-22:56:02.291172 7ff9092d9700     Options.max_write_buffer_number_to_maintain: 0
2018/12/20-22:56:02.291172 7ff9092d9700            Options.compression_opts.window_bits: -14
2018/12/20-22:56:02.291173 7ff9092d9700                  Options.compression_opts.level: -1
2018/12/20-22:56:02.291174 7ff9092d9700               Options.compression_opts.strategy: 0
2018/12/20-22:56:02.291175 7ff9092d9700         Options.compression_opts.max_dict_bytes: 0
2018/12/20-22:56:02.291176 7ff9092d9700         Options.compression_opts.zstd_max_train_bytes: 0
2018/12/20-22:56:02.291177 7ff9092d9700      Options.level0_file_num_compaction_trigger: 2
2018/12/20-22:56:02.291178 7ff9092d9700          Options.level0_slowdown_writes_trigger: 20
2018/12/20-22:56:02.291179 7ff9092d9700              Options.level0_stop_writes_trigger: 36
2018/12/20-22:56:02.291180 7ff9092d9700                   Options.target_file_size_base: 67108864
2018/12/20-22:56:02.291181 7ff9092d9700             Options.target_file_size_multiplier: 1
2018/12/20-22:56:02.291182 7ff9092d9700                Options.max_bytes_for_level_base: 536870912
2018/12/20-22:56:02.291183 7ff9092d9700 Options.level_compaction_dynamic_level_bytes: 0
2018/12/20-22:56:02.291184 7ff9092d9700          Options.max_bytes_for_level_multiplier: 10.000000
2018/12/20-22:56:02.291187 7ff9092d9700 Options.max_bytes_for_level_multiplier_addtl[0]: 1
2018/12/20-22:56:02.291200 7ff9092d9700 Options.max_bytes_for_level_multiplier_addtl[1]: 1
2018/12/20-22:56:02.291201 7ff9092d9700 Options.max_bytes_for_level_multiplier_addtl[2]: 1
2018/12/20-22:56:02.291202 7ff9092d9700 Options.max_bytes_for_level_multiplier_addtl[3]: 1
2018/12/20-22:56:02.291203 7ff9092d9700 Options.max_bytes_for_level_multiplier_addtl[4]: 1
2018/12/20-22:56:02.291204 7ff9092d9700 Options.max_bytes_for_level_multiplier_addtl[5]: 1
2018/12/20-22:56:02.291205 7ff9092d9700 Options.max_bytes_for_level_multiplier_addtl[6]: 1
2018/12/20-22:56:02.291206 7ff9092d9700       Options.max_sequential_skip_in_iterations: 8
2018/12/20-22:56:02.291207 7ff9092d9700                    Options.max_compaction_bytes: 1677721600
2018/12/20-22:56:02.291208 7ff9092d9700                        Options.arena_block_size: 16777216
2018/12/20-22:56:02.291209 7ff9092d9700   Options.soft_pending_compaction_bytes_limit: 68719476736
2018/12/20-22:56:02.291210 7ff9092d9700   Options.hard_pending_compaction_bytes_limit: 274877906944
2018/12/20-22:56:02.291211 7ff9092d9700       Options.rate_limit_delay_max_milliseconds: 100
2018/12/20-22:56:02.291212 7ff9092d9700                Options.disable_auto_compactions: 0
2018/12/20-22:56:02.291214 7ff9092d9700                        Options.compaction_style: kCompactionStyleLevel
2018/12/20-22:56:02.291216 7ff9092d9700                          Options.compaction_pri: kByCompensatedSize
2018/12/20-22:56:02.291217 7ff9092d9700 Options.compaction_options_universal.size_ratio: 1
2018/12/20-22:56:02.291218 7ff9092d9700 Options.compaction_options_universal.min_merge_width: 2
2018/12/20-22:56:02.291219 7ff9092d9700 Options.compaction_options_universal.max_merge_width: 4294967295
2018/12/20-22:56:02.291220 7ff9092d9700 Options.compaction_options_universal.max_size_amplification_percent: 200
2018/12/20-22:56:02.291221 7ff9092d9700 Options.compaction_options_universal.compression_size_percent: -1
2018/12/20-22:56:02.291223 7ff9092d9700 Options.compaction_options_universal.stop_style: kCompactionStopStyleTotalSize
2018/12/20-22:56:02.291224 7ff9092d9700 Options.compaction_options_fifo.max_table_files_size: 1073741824
2018/12/20-22:56:02.291225 7ff9092d9700 Options.compaction_options_fifo.allow_compaction: 0
2018/12/20-22:56:02.291226 7ff9092d9700 Options.compaction_options_fifo.ttl: 0
2018/12/20-22:56:02.291227 7ff9092d9700                   Options.table_properties_collectors: 
2018/12/20-22:56:02.291228 7ff9092d9700                   Options.inplace_update_support: 0
2018/12/20-22:56:02.291229 7ff9092d9700                 Options.inplace_update_num_locks: 10000
2018/12/20-22:56:02.291230 7ff9092d9700               Options.memtable_prefix_bloom_size_ratio: 0.000000
2018/12/20-22:56:02.291231 7ff9092d9700   Options.memtable_huge_page_size: 0
2018/12/20-22:56:02.291232 7ff9092d9700                           Options.bloom_locality: 0
2018/12/20-22:56:02.291233 7ff9092d9700                    Options.max_successive_merges: 0
2018/12/20-22:56:02.291234 7ff9092d9700                Options.optimize_filters_for_hits: 0
2018/12/20-22:56:02.291235 7ff9092d9700                Options.paranoid_file_checks: 0
2018/12/20-22:56:02.291236 7ff9092d9700                Options.force_consistency_checks: 0
2018/12/20-22:56:02.291237 7ff9092d9700                Options.report_bg_io_stats: 0
2018/12/20-22:56:02.291238 7ff9092d9700                               Options.ttl: 0
2018/12/20-22:56:02.291324 7ff9092d9700 [db/db_impl.cc:1396] Created column family [usertable] (ID 1)
2018/12/20-22:56:02.534779 7ff9092d9700 [db/db_impl_open.cc:1219] DB pointer 0x7ff8b43d0f10
2018/12/20-22:56:11.373980 7ff908ed5700 [db/db_impl_write.cc:1373] [usertable] New memtable created with log file: #9. Immutable memtables: 0.
2018/12/20-22:56:20.199399 7ff908bd2700 [db/db_impl_write.cc:1373] [usertable] New memtable created with log file: #10. Immutable memtables: 1.
2018/12/20-22:56:20.199571 7ff7b8ff9700 [db/db_impl_compaction_flush.cc:80] [JOB 2] Syncing log #3
2018/12/20-22:56:20.483552 7ff7b8ff9700 [db/db_impl_compaction_flush.cc:80] [JOB 2] Syncing log #9
2018/12/20-22:56:21.834541 7ff7b8ff9700 (Original Log Time 2018/12/20-22:56:20.199522) [db/db_impl_compaction_flush.cc:1424] Calling FlushMemTableToOutputFile with column family [usertable], flush slots available 24, compaction slots available 1, flush slots scheduled 1, compaction slots scheduled 0
2018/12/20-22:56:21.834571 7ff7b8ff9700 [db/flush_job.cc:301] [usertable] [JOB 2] Flushing memtable with next log file: 9
2018/12/20-22:56:21.834584 7ff7b8ff9700 [db/flush_job.cc:301] [usertable] [JOB 2] Flushing memtable with next log file: 10
2018/12/20-22:56:21.834635 7ff7b8ff9700 EVENT_LOG_v1 {"time_micros": 1545375381834617, "job": 2, "event": "flush_started", "num_memtables": 2, "num_entries": 61822, "num_deletes": 0, "memory_usage": 258289224, "flush_reason": "Write Buffer Full"}
2018/12/20-22:56:21.834646 7ff7b8ff9700 [db/flush_job.cc:331] [usertable] [JOB 2] Level-0 flush table #11: started
2018/12/20-22:56:23.792773 7ff7b8ff9700 EVENT_LOG_v1 {"time_micros": 1545375383792739, "cf_name": "usertable", "job": 2, "event": "table_file_creation", "file_number": 11, "file_size": 256029609, "table_properties": {"data_size": 254892106, "index_size": 1136576, "filter_size": 0, "raw_key_size": 1483728, "raw_average_key_size": 24, "raw_value_size": 253222912, "raw_average_value_size": 4096, "num_data_blocks": 30911, "num_entries": 61822, "filter_policy_name": "", "kDeletedKeys": "0", "kMergeOperands": "0"}}
2018/12/20-22:56:23.792803 7ff7b8ff9700 [db/flush_job.cc:371] [usertable] [JOB 2] Level-0 flush table #11: 256029609 bytes OK
2018/12/20-22:56:23.882870 7ff7b8ff9700 (Original Log Time 2018/12/20-22:56:23.792822) [db/memtable_list.cc:377] [usertable] Level-0 commit table #11 started
2018/12/20-22:56:23.882874 7ff7b8ff9700 (Original Log Time 2018/12/20-22:56:23.882766) [db/memtable_list.cc:409] [usertable] Level-0 commit table #11: memtable #1 done
2018/12/20-22:56:23.882876 7ff7b8ff9700 (Original Log Time 2018/12/20-22:56:23.882779) [db/memtable_list.cc:409] [usertable] Level-0 commit table #11: memtable #2 done
2018/12/20-22:56:23.882887 7ff7b8ff9700 (Original Log Time 2018/12/20-22:56:23.882807) EVENT_LOG_v1 {"time_micros": 1545375383882797, "job": 2, "event": "flush_finished", "output_compression": "NoCompression", "lsm_state": [1, 0, 0, 0, 0, 0, 0], "immutable_memtables": 0}
2018/12/20-22:56:23.882888 7ff7b8ff9700 (Original Log Time 2018/12/20-22:56:23.882839) [db/db_impl_compaction_flush.cc:177] [usertable] Level summary: base level 1 max bytes base 536870912 files[1 0 0 0 0 0 0] max score 0.50
2018/12/20-22:56:23.882901 7ff7b8ff9700 [db/db_impl_files.cc:347] [JOB 2] Try to delete WAL files size 255253582, prev total WAL file size 308486223, number of live WAL files 3.
2018/12/20-22:56:29.163361 7ff9088be700 [db/db_impl_write.cc:1373] [usertable] New memtable created with log file: #12. Immutable memtables: 0.
2018/12/20-22:56:38.127932 7ff9088be700 [db/db_impl_write.cc:1373] [usertable] New memtable created with log file: #13. Immutable memtables: 1.
2018/12/20-22:56:38.128028 7ff819ffb700 [db/db_impl_compaction_flush.cc:80] [JOB 3] Syncing log #10
2018/12/20-22:56:38.682280 7ff819ffb700 [db/db_impl_compaction_flush.cc:80] [JOB 3] Syncing log #12
2018/12/20-22:56:39.888938 7ff819ffb700 (Original Log Time 2018/12/20-22:56:38.128011) [db/db_impl_compaction_flush.cc:1424] Calling FlushMemTableToOutputFile with column family [usertable], flush slots available 24, compaction slots available 1, flush slots scheduled 1, compaction slots scheduled 0
2018/12/20-22:56:39.888954 7ff819ffb700 [db/flush_job.cc:301] [usertable] [JOB 3] Flushing memtable with next log file: 12
2018/12/20-22:56:39.888962 7ff819ffb700 [db/flush_job.cc:301] [usertable] [JOB 3] Flushing memtable with next log file: 13
2018/12/20-22:56:39.888988 7ff819ffb700 EVENT_LOG_v1 {"time_micros": 1545375399888980, "job": 3, "event": "flush_started", "num_memtables": 2, "num_entries": 62751, "num_deletes": 0, "memory_usage": 260077216, "flush_reason": "Write Buffer Full"}
2018/12/20-22:56:39.888994 7ff819ffb700 [db/flush_job.cc:331] [usertable] [JOB 3] Level-0 flush table #14: started
2018/12/20-22:56:42.252800 7ff819ffb700 EVENT_LOG_v1 {"time_micros": 1545375402252762, "cf_name": "usertable", "job": 3, "event": "table_file_creation", "file_number": 14, "file_size": 259876990, "table_properties": {"data_size": 258722387, "index_size": 1153676, "filter_size": 0, "raw_key_size": 1506024, "raw_average_key_size": 24, "raw_value_size": 257028096, "raw_average_value_size": 4096, "num_data_blocks": 31376, "num_entries": 62751, "filter_policy_name": "", "kDeletedKeys": "0", "kMergeOperands": "0"}}
2018/12/20-22:56:42.252824 7ff819ffb700 [db/flush_job.cc:371] [usertable] [JOB 3] Level-0 flush table #14: 259876990 bytes OK
2018/12/20-22:56:42.334187 7ff819ffb700 (Original Log Time 2018/12/20-22:56:42.252840) [db/memtable_list.cc:377] [usertable] Level-0 commit table #14 started
2018/12/20-22:56:42.334192 7ff819ffb700 (Original Log Time 2018/12/20-22:56:42.334056) [db/memtable_list.cc:409] [usertable] Level-0 commit table #14: memtable #1 done
2018/12/20-22:56:42.334193 7ff819ffb700 (Original Log Time 2018/12/20-22:56:42.334062) [db/memtable_list.cc:409] [usertable] Level-0 commit table #14: memtable #2 done
2018/12/20-22:56:42.334195 7ff819ffb700 (Original Log Time 2018/12/20-22:56:42.334091) EVENT_LOG_v1 {"time_micros": 1545375402334080, "job": 3, "event": "flush_finished", "output_compression": "NoCompression", "lsm_state": [2, 0, 0, 0, 0, 0, 0], "immutable_memtables": 0}
2018/12/20-22:56:42.334197 7ff819ffb700 (Original Log Time 2018/12/20-22:56:42.334149) [db/db_impl_compaction_flush.cc:177] [usertable] Level summary: base level 1 max bytes base 536870912 files[2 0 0 0 0 0 0] max score 1.00
2018/12/20-22:56:42.334211 7ff819ffb700 [db/db_impl_files.cc:347] [JOB 3] Try to delete WAL files size 259091655, prev total WAL file size 319878433, number of live WAL files 3.
2018/12/20-22:56:42.334427 7ff88b680700 [WARN] [db/db_impl.cc:491] ------- DUMPING STATS -------
2018/12/20-22:56:42.334468 7ff88b680700 [WARN] [db/db_impl.cc:492] 
** DB Stats **
Uptime(secs): 40.3 total, 40.3 interval
Cumulative writes: 139K writes, 139K keys, 137K commit groups, 1.0 writes per commit group, ingest: 0.54 GB, 13.63 MB/s
Cumulative WAL: 139K writes, 0 syncs, 139295.00 writes per sync, written: 0.54 GB, 13.63 MB/s
Cumulative stall: 00:00:0.000 H:M:S, 0.0 percent
Interval writes: 139K writes, 139K keys, 137K commit groups, 1.0 writes per commit group, ingest: 548.49 MB, 13.63 MB/s
Interval WAL: 139K writes, 0 syncs, 139295.00 writes per sync, written: 0.54 MB, 13.63 MB/s
Interval stall: 00:00:0.000 H:M:S, 0.0 percent

** Compaction Stats [default] **
Level    Files   Size     Score Read(GB)  Rn(GB) Rnp1(GB) Write(GB) Wnew(GB) Moved(GB) W-Amp Rd(MB/s) Wr(MB/s) Comp(sec) Comp(cnt) Avg(sec) KeyIn KeyDrop
----------------------------------------------------------------------------------------------------------------------------------------------------------
 Sum      0/0    0.00 KB   0.0      0.0     0.0      0.0       0.0      0.0       0.0   0.0      0.0      0.0         0         0    0.000       0      0
 Int      0/0    0.00 KB   0.0      0.0     0.0      0.0       0.0      0.0       0.0   0.0      0.0      0.0         0         0    0.000       0      0
Uptime(secs): 40.3 total, 40.3 interval
Flush(GB): cumulative 0.000, interval 0.000
AddFile(GB): cumulative 0.000, interval 0.000
AddFile(Total Files): cumulative 0, interval 0
AddFile(L0 Files): cumulative 0, interval 0
AddFile(Keys): cumulative 0, interval 0
Cumulative compaction: 0.00 GB write, 0.00 MB/s write, 0.00 GB read, 0.00 MB/s read, 0.0 seconds
Interval compaction: 0.00 GB write, 0.00 MB/s write, 0.00 GB read, 0.00 MB/s read, 0.0 seconds
Stalls(count): 0 level0_slowdown, 0 level0_slowdown_with_compaction, 0 level0_numfiles, 0 level0_numfiles_with_compaction, 0 stop for pending_compaction_bytes, 0 slowdown for pending_compaction_bytes, 0 memtable_compaction, 0 memtable_slowdown, interval 0 total count

** File Read Latency Histogram By Level [default] **

** Compaction Stats [usertable] **
Level    Files   Size     Score Read(GB)  Rn(GB) Rnp1(GB) Write(GB) Wnew(GB) Moved(GB) W-Amp Rd(MB/s) Wr(MB/s) Comp(sec) Comp(cnt) Avg(sec) KeyIn KeyDrop
----------------------------------------------------------------------------------------------------------------------------------------------------------
  L0      2/0   492.01 MB   1.0      0.0     0.0      0.0       0.5      0.5       0.0   1.0      0.0    113.8         4         2    2.161       0      0
 Sum      2/0   492.01 MB   0.0      0.0     0.0      0.0       0.5      0.5       0.0   1.0      0.0    113.8         4         2    2.161       0      0
 Int      0/0    0.00 KB   0.0      0.0     0.0      0.0       0.5      0.5       0.0   1.0      0.0    113.8         4         2    2.161       0      0
Uptime(secs): 40.0 total, 40.0 interval
Flush(GB): cumulative 0.480, interval 0.480
AddFile(GB): cumulative 0.000, interval 0.000
AddFile(Total Files): cumulative 0, interval 0
AddFile(L0 Files): cumulative 0, interval 0
AddFile(Keys): cumulative 0, interval 0
Cumulative compaction: 0.48 GB write, 12.29 MB/s write, 0.00 GB read, 0.00 MB/s read, 4.3 seconds
Interval compaction: 0.48 GB write, 12.29 MB/s write, 0.00 GB read, 0.00 MB/s read, 4.3 seconds
Stalls(count): 0 level0_slowdown, 0 level0_slowdown_with_compaction, 0 level0_numfiles, 0 level0_numfiles_with_compaction, 0 stop for pending_compaction_bytes, 0 slowdown for pending_compaction_bytes, 0 memtable_compaction, 0 memtable_slowdown, interval 0 total count

** File Read Latency Histogram By Level [usertable] **

** Compaction Stats [default] **
Level    Files   Size     Score Read(GB)  Rn(GB) Rnp1(GB) Write(GB) Wnew(GB) Moved(GB) W-Amp Rd(MB/s) Wr(MB/s) Comp(sec) Comp(cnt) Avg(sec) KeyIn KeyDrop
----------------------------------------------------------------------------------------------------------------------------------------------------------
 Sum      0/0    0.00 KB   0.0      0.0     0.0      0.0       0.0      0.0       0.0   0.0      0.0      0.0         0         0    0.000       0      0
 Int      0/0    0.00 KB   0.0      0.0     0.0      0.0       0.0      0.0       0.0   0.0      0.0      0.0         0         0    0.000       0      0
Uptime(secs): 40.3 total, 0.0 interval
Flush(GB): cumulative 0.000, interval 0.000
AddFile(GB): cumulative 0.000, interval 0.000
AddFile(Total Files): cumulative 0, interval 0
AddFile(L0 Files): cumulative 0, interval 0
AddFile(Keys): cumulative 0, interval 0
Cumulative compaction: 0.00 GB write, 0.00 MB/s write, 0.00 GB read, 0.00 MB/s read, 0.0 seconds
Interval compaction: 0.00 GB write, 0.00 MB/s write, 0.00 GB read, 0.00 MB/s read, 0.0 seconds
Stalls(count): 0 level0_slowdown, 0 level0_slowdown_with_compaction, 0 level0_numfiles, 0 level0_numfiles_with_compaction, 0 stop for pending_compaction_bytes, 0 slowdown for pending_compaction_bytes, 0 memtable_compaction, 0 memtable_slowdown, interval 0 total count

** File Read Latency Histogram By Level [default] **

** Compaction Stats [usertable] **
Level    Files   Size     Score Read(GB)  Rn(GB) Rnp1(GB) Write(GB) Wnew(GB) Moved(GB) W-Amp Rd(MB/s) Wr(MB/s) Comp(sec) Comp(cnt) Avg(sec) KeyIn KeyDrop
----------------------------------------------------------------------------------------------------------------------------------------------------------
  L0      2/0   492.01 MB   1.0      0.0     0.0      0.0       0.5      0.5       0.0   1.0      0.0    113.8         4         2    2.161       0      0
 Sum      2/0   492.01 MB   0.0      0.0     0.0      0.0       0.5      0.5       0.0   1.0      0.0    113.8         4         2    2.161       0      0
 Int      0/0    0.00 KB   0.0      0.0     0.0      0.0       0.0      0.0       0.0   0.0      0.0      0.0         0         0    0.000       0      0
Uptime(secs): 40.0 total, 0.0 interval
Flush(GB): cumulative 0.480, interval 0.000
AddFile(GB): cumulative 0.000, interval 0.000
AddFile(Total Files): cumulative 0, interval 0
AddFile(L0 Files): cumulative 0, interval 0
AddFile(Keys): cumulative 0, interval 0
Cumulative compaction: 0.48 GB write, 12.29 MB/s write, 0.00 GB read, 0.00 MB/s read, 4.3 seconds
Interval compaction: 0.00 GB write, 0.00 MB/s write, 0.00 GB read, 0.00 MB/s read, 0.0 seconds
Stalls(count): 0 level0_slowdown, 0 level0_slowdown_with_compaction, 0 level0_numfiles, 0 level0_numfiles_with_compaction, 0 stop for pending_compaction_bytes, 0 slowdown for pending_compaction_bytes, 0 memtable_compaction, 0 memtable_slowdown, interval 0 total count

** File Read Latency Histogram By Level [usertable] **
2018/12/20-22:56:42.423842 7ff88b680700 (Original Log Time 2018/12/20-22:56:42.334574) [db/db_impl_compaction_flush.cc:1835] [usertable] Moving #14 to level-1 259876990 bytes
2018/12/20-22:56:42.423847 7ff88b680700 (Original Log Time 2018/12/20-22:56:42.423790) EVENT_LOG_v1 {"time_micros": 1545375402423776, "job": 4, "event": "trivial_move", "destination_level": 1, "files": 1, "total_files_size": 259876990}
2018/12/20-22:56:42.423849 7ff88b680700 (Original Log Time 2018/12/20-22:56:42.423804) [db/db_impl_compaction_flush.cc:1864] [usertable] Moved #1 files to level-1 259876990 bytes OK: base level 1 max bytes base 536870912 files[1 1 0 0 0 0 0] max score 0.50
2018/12/20-22:56:47.091147 7ff9085bb700 [db/db_impl_write.cc:1373] [usertable] New memtable created with log file: #15. Immutable memtables: 0.
2018/12/20-22:56:56.053433 7ff9083b9700 [db/db_impl_write.cc:1373] [usertable] New memtable created with log file: #16. Immutable memtables: 1.
2018/12/20-22:56:56.053587 7ff8197fa700 [db/db_impl_compaction_flush.cc:80] [JOB 5] Syncing log #13
2018/12/20-22:56:56.780576 7ff8197fa700 [db/db_impl_compaction_flush.cc:80] [JOB 5] Syncing log #15
2018/12/20-22:56:57.961533 7ff8197fa700 (Original Log Time 2018/12/20-22:56:56.053565) [db/db_impl_compaction_flush.cc:1424] Calling FlushMemTableToOutputFile with column family [usertable], flush slots available 24, compaction slots available 1, flush slots scheduled 1, compaction slots scheduled 0
2018/12/20-22:56:57.961550 7ff8197fa700 [db/flush_job.cc:301] [usertable] [JOB 5] Flushing memtable with next log file: 15
2018/12/20-22:56:57.961559 7ff8197fa700 [db/flush_job.cc:301] [usertable] [JOB 5] Flushing memtable with next log file: 16
2018/12/20-22:56:57.961594 7ff8197fa700 EVENT_LOG_v1 {"time_micros": 1545375417961584, "job": 5, "event": "flush_started", "num_memtables": 2, "num_entries": 62738, "num_deletes": 0, "memory_usage": 260057432, "flush_reason": "Write Buffer Full"}
2018/12/20-22:56:57.961602 7ff8197fa700 [db/flush_job.cc:331] [usertable] [JOB 5] Level-0 flush table #17: started
2018/12/20-22:56:59.345682 7ff8197fa700 EVENT_LOG_v1 {"time_micros": 1545375419345657, "cf_name": "usertable", "job": 5, "event": "table_file_creation", "file_number": 17, "file_size": 259837061, "table_properties": {"data_size": 258675745, "index_size": 1160389, "filter_size": 0, "raw_key_size": 1505712, "raw_average_key_size": 24, "raw_value_size": 256974848, "raw_average_value_size": 4096, "num_data_blocks": 31369, "num_entries": 62738, "filter_policy_name": "", "kDeletedKeys": "0", "kMergeOperands": "0"}}
2018/12/20-22:56:59.345705 7ff8197fa700 [db/flush_job.cc:371] [usertable] [JOB 5] Level-0 flush table #17: 259837061 bytes OK
2018/12/20-22:56:59.375729 7ff8197fa700 (Original Log Time 2018/12/20-22:56:59.345722) [db/memtable_list.cc:377] [usertable] Level-0 commit table #17 started
2018/12/20-22:56:59.375732 7ff8197fa700 (Original Log Time 2018/12/20-22:56:59.375652) [db/memtable_list.cc:409] [usertable] Level-0 commit table #17: memtable #1 done
2018/12/20-22:56:59.375734 7ff8197fa700 (Original Log Time 2018/12/20-22:56:59.375655) [db/memtable_list.cc:409] [usertable] Level-0 commit table #17: memtable #2 done
2018/12/20-22:56:59.375735 7ff8197fa700 (Original Log Time 2018/12/20-22:56:59.375672) EVENT_LOG_v1 {"time_micros": 1545375419375663, "job": 5, "event": "flush_finished", "output_compression": "NoCompression", "lsm_state": [2, 1, 0, 0, 0, 0, 0], "immutable_memtables": 0}
2018/12/20-22:56:59.375737 7ff8197fa700 (Original Log Time 2018/12/20-22:56:59.375706) [db/db_impl_compaction_flush.cc:177] [usertable] Level summary: base level 1 max bytes base 536870912 files[2 1 0 0 0 0 0] max score 1.00
