2018/12/21-05:38:23.014452 7fd751af0700 RocksDB version: 5.14.3
2018/12/21-05:38:23.014526 7fd751af0700 Git sha rocksdb_build_git_sha:
2018/12/21-05:38:23.014530 7fd751af0700 Compile date Dec 16 2018
2018/12/21-05:38:23.014536 7fd751af0700 DB SUMMARY
2018/12/21-05:38:23.015575 7fd751af0700 CURRENT file:  CURRENT
2018/12/21-05:38:23.015579 7fd751af0700 IDENTITY file:  IDENTITY
2018/12/21-05:38:23.015593 7fd751af0700 MANIFEST file:  MANIFEST-000004 size: 128169 Bytes
2018/12/21-05:38:23.015597 7fd751af0700 SST files in /mnt/sdb/ycsb-rocksdb-data dir, Total Num: 662, files: 000021.sst 000022.sst 000023.sst 000024.sst 000028.sst 000029.sst 000030.sst 000031.sst 000035.sst 
2018/12/21-05:38:23.015600 7fd751af0700 Write Ahead Log file in /mnt/sdb/ycsb-rocksdb-data: 001287.log size: 100532199 ; 001291.log size: 100502384 ; 001293.log size: 85652227 ; 
2018/12/21-05:38:23.015608 7fd751af0700                         Options.error_if_exists: 0
2018/12/21-05:38:23.015610 7fd751af0700                       Options.create_if_missing: 1
2018/12/21-05:38:23.015612 7fd751af0700                         Options.paranoid_checks: 1
2018/12/21-05:38:23.015614 7fd751af0700                                     Options.env: 0x7fd700ff72c0
2018/12/21-05:38:23.015616 7fd751af0700                                Options.info_log: 0x7fd6fc3bd0b0
2018/12/21-05:38:23.015618 7fd751af0700                Options.max_file_opening_threads: 16
2018/12/21-05:38:23.015621 7fd751af0700                              Options.statistics: (nil)
2018/12/21-05:38:23.015623 7fd751af0700                               Options.use_fsync: 0
2018/12/21-05:38:23.015625 7fd751af0700                       Options.max_log_file_size: 0
2018/12/21-05:38:23.015627 7fd751af0700                  Options.max_manifest_file_size: 18446744073709551615
2018/12/21-05:38:23.015628 7fd751af0700                   Options.log_file_time_to_roll: 0
2018/12/21-05:38:23.015630 7fd751af0700                       Options.keep_log_file_num: 1000
2018/12/21-05:38:23.015632 7fd751af0700                    Options.recycle_log_file_num: 0
2018/12/21-05:38:23.015634 7fd751af0700                         Options.allow_fallocate: 1
2018/12/21-05:38:23.015637 7fd751af0700                        Options.allow_mmap_reads: 0
2018/12/21-05:38:23.015638 7fd751af0700                       Options.allow_mmap_writes: 0
2018/12/21-05:38:23.015640 7fd751af0700                        Options.use_direct_reads: 0
2018/12/21-05:38:23.015642 7fd751af0700                        Options.use_direct_io_for_flush_and_compaction: 0
2018/12/21-05:38:23.015644 7fd751af0700          Options.create_missing_column_families: 1
2018/12/21-05:38:23.015646 7fd751af0700                              Options.db_log_dir: 
2018/12/21-05:38:23.015648 7fd751af0700                                 Options.wal_dir: /mnt/sdb/ycsb-rocksdb-data
2018/12/21-05:38:23.015650 7fd751af0700                Options.table_cache_numshardbits: 6
2018/12/21-05:38:23.015652 7fd751af0700                      Options.max_subcompactions: 4
2018/12/21-05:38:23.015654 7fd751af0700                  Options.max_background_flushes: 24
2018/12/21-05:38:23.015656 7fd751af0700                         Options.WAL_ttl_seconds: 0
2018/12/21-05:38:23.015657 7fd751af0700                       Options.WAL_size_limit_MB: 0
2018/12/21-05:38:23.015659 7fd751af0700             Options.manifest_preallocation_size: 4194304
2018/12/21-05:38:23.015661 7fd751af0700                     Options.is_fd_close_on_exec: 1
2018/12/21-05:38:23.015662 7fd751af0700                   Options.advise_random_on_open: 1
2018/12/21-05:38:23.015664 7fd751af0700                    Options.db_write_buffer_size: 0
2018/12/21-05:38:23.015665 7fd751af0700                    Options.write_buffer_manager: 0x7fd6fc3b9e80
2018/12/21-05:38:23.015667 7fd751af0700         Options.access_hint_on_compaction_start: 1
2018/12/21-05:38:23.015669 7fd751af0700  Options.new_table_reader_for_compaction_inputs: 0
2018/12/21-05:38:23.015671 7fd751af0700           Options.random_access_max_buffer_size: 1048576
2018/12/21-05:38:23.015672 7fd751af0700                      Options.use_adaptive_mutex: 0
2018/12/21-05:38:23.015688 7fd751af0700                            Options.rate_limiter: (nil)
2018/12/21-05:38:23.015693 7fd751af0700     Options.sst_file_manager.rate_bytes_per_sec: 0
2018/12/21-05:38:23.015695 7fd751af0700                       Options.wal_recovery_mode: 2
2018/12/21-05:38:23.015697 7fd751af0700                  Options.enable_thread_tracking: 0
2018/12/21-05:38:23.015699 7fd751af0700                  Options.enable_pipelined_write: 1
2018/12/21-05:38:23.015700 7fd751af0700         Options.allow_concurrent_memtable_write: 1
2018/12/21-05:38:23.015702 7fd751af0700      Options.enable_write_thread_adaptive_yield: 1
2018/12/21-05:38:23.015704 7fd751af0700             Options.write_thread_max_yield_usec: 100
2018/12/21-05:38:23.015706 7fd751af0700            Options.write_thread_slow_yield_usec: 3
2018/12/21-05:38:23.015707 7fd751af0700                               Options.row_cache: None
2018/12/21-05:38:23.015709 7fd751af0700                              Options.wal_filter: None
2018/12/21-05:38:23.015711 7fd751af0700             Options.avoid_flush_during_recovery: 0
2018/12/21-05:38:23.015713 7fd751af0700             Options.allow_ingest_behind: 0
2018/12/21-05:38:23.015715 7fd751af0700             Options.preserve_deletes: 0
2018/12/21-05:38:23.015717 7fd751af0700             Options.two_write_queues: 0
2018/12/21-05:38:23.015719 7fd751af0700             Options.manual_wal_flush: 0
2018/12/21-05:38:23.015723 7fd751af0700             Options.max_background_jobs: 24
2018/12/21-05:38:23.015725 7fd751af0700             Options.max_background_compactions: 24
2018/12/21-05:38:23.015727 7fd751af0700             Options.avoid_flush_during_shutdown: 0
2018/12/21-05:38:23.015729 7fd751af0700           Options.writable_file_max_buffer_size: 1048576
2018/12/21-05:38:23.015731 7fd751af0700             Options.delayed_write_rate : 16777216
2018/12/21-05:38:23.015733 7fd751af0700             Options.max_total_wal_size: 0
2018/12/21-05:38:23.015735 7fd751af0700             Options.delete_obsolete_files_period_micros: 21600000000
2018/12/21-05:38:23.015738 7fd751af0700                   Options.stats_dump_period_sec: 60
2018/12/21-05:38:23.015740 7fd751af0700                          Options.max_open_files: -1
2018/12/21-05:38:23.015742 7fd751af0700                          Options.bytes_per_sync: 1048576
2018/12/21-05:38:23.015744 7fd751af0700                      Options.wal_bytes_per_sync: 0
2018/12/21-05:38:23.015746 7fd751af0700       Options.compaction_readahead_size: 0
2018/12/21-05:38:23.015748 7fd751af0700 Compression algorithms supported:
2018/12/21-05:38:23.015750 7fd751af0700 	kZSTDNotFinalCompression supported: 1
2018/12/21-05:38:23.015762 7fd751af0700 	kZSTD supported: 1
2018/12/21-05:38:23.015765 7fd751af0700 	kXpressCompression supported: 0
2018/12/21-05:38:23.015767 7fd751af0700 	kLZ4HCCompression supported: 1
2018/12/21-05:38:23.015769 7fd751af0700 	kLZ4Compression supported: 1
2018/12/21-05:38:23.015771 7fd751af0700 	kBZip2Compression supported: 1
2018/12/21-05:38:23.015773 7fd751af0700 	kZlibCompression supported: 1
2018/12/21-05:38:23.015775 7fd751af0700 	kSnappyCompression supported: 1
2018/12/21-05:38:23.015781 7fd751af0700 Fast CRC32 supported: Supported on x86
2018/12/21-05:38:23.016258 7fd751af0700 [db/version_set.cc:3085] Recovering from manifest file: MANIFEST-000004
2018/12/21-05:38:23.016439 7fd751af0700 [db/column_family.cc:475] --------------- Options for column family [default]:
2018/12/21-05:38:23.016443 7fd751af0700               Options.comparator: leveldb.BytewiseComparator
2018/12/21-05:38:23.016444 7fd751af0700           Options.merge_operator: None
2018/12/21-05:38:23.016445 7fd751af0700        Options.compaction_filter: None
2018/12/21-05:38:23.016446 7fd751af0700        Options.compaction_filter_factory: None
2018/12/21-05:38:23.016447 7fd751af0700         Options.memtable_factory: SkipListFactory
2018/12/21-05:38:23.016448 7fd751af0700            Options.table_factory: BlockBasedTable
2018/12/21-05:38:23.016471 7fd751af0700            table_factory options:   flush_block_policy_factory: FlushBlockBySizePolicyFactory (0x7fd6fc376900)
  cache_index_and_filter_blocks: 0
  cache_index_and_filter_blocks_with_high_priority: 0
  pin_l0_filter_and_index_blocks_in_cache: 0
  index_type: 0
  hash_index_allow_collision: 1
  checksum: 1
  no_block_cache: 0
  block_cache: 0x7fd6fc382ad0
  block_cache_name: LRUCache
  block_cache_options:
    capacity : 8388608
    num_shard_bits : 4
    strict_capacity_limit : 0
    high_pri_pool_ratio: 0.000
  block_cache_compressed: (nil)
  persistent_cache: (nil)
  block_size: 8192
  block_size_deviation: 10
  block_restart_interval: 16
  index_block_restart_interval: 1
  metadata_block_size: 4096
  partition_filters: 0
  use_delta_encoding: 1
  filter_policy: nullptr
  whole_key_filtering: 1
  verify_compression: 0
  read_amp_bytes_per_bit: 0
  format_version: 2
  enable_index_compression: 1
  block_align: 0
2018/12/21-05:38:23.016484 7fd751af0700        Options.write_buffer_size: 134217728
2018/12/21-05:38:23.016486 7fd751af0700  Options.max_write_buffer_number: 24
2018/12/21-05:38:23.016487 7fd751af0700        Options.compression[0]: NoCompression
2018/12/21-05:38:23.016489 7fd751af0700        Options.compression[1]: NoCompression
2018/12/21-05:38:23.016490 7fd751af0700        Options.compression[2]: LZ4
2018/12/21-05:38:23.016491 7fd751af0700        Options.compression[3]: LZ4
2018/12/21-05:38:23.016492 7fd751af0700        Options.compression[4]: LZ4
2018/12/21-05:38:23.016493 7fd751af0700        Options.compression[5]: LZ4
2018/12/21-05:38:23.016494 7fd751af0700        Options.compression[6]: LZ4
2018/12/21-05:38:23.016495 7fd751af0700                  Options.bottommost_compression: Disabled
2018/12/21-05:38:23.016496 7fd751af0700       Options.prefix_extractor: nullptr
2018/12/21-05:38:23.016497 7fd751af0700   Options.memtable_insert_with_hint_prefix_extractor: nullptr
2018/12/21-05:38:23.016498 7fd751af0700             Options.num_levels: 7
2018/12/21-05:38:23.016499 7fd751af0700        Options.min_write_buffer_number_to_merge: 2
2018/12/21-05:38:23.016500 7fd751af0700     Options.max_write_buffer_number_to_maintain: 0
2018/12/21-05:38:23.016501 7fd751af0700            Options.compression_opts.window_bits: -14
2018/12/21-05:38:23.016502 7fd751af0700                  Options.compression_opts.level: -1
2018/12/21-05:38:23.016503 7fd751af0700               Options.compression_opts.strategy: 0
2018/12/21-05:38:23.016504 7fd751af0700         Options.compression_opts.max_dict_bytes: 0
2018/12/21-05:38:23.016505 7fd751af0700         Options.compression_opts.zstd_max_train_bytes: 0
2018/12/21-05:38:23.016506 7fd751af0700      Options.level0_file_num_compaction_trigger: 2
2018/12/21-05:38:23.016507 7fd751af0700          Options.level0_slowdown_writes_trigger: 20
2018/12/21-05:38:23.016508 7fd751af0700              Options.level0_stop_writes_trigger: 36
2018/12/21-05:38:23.016509 7fd751af0700                   Options.target_file_size_base: 67108864
2018/12/21-05:38:23.016510 7fd751af0700             Options.target_file_size_multiplier: 1
2018/12/21-05:38:23.016510 7fd751af0700                Options.max_bytes_for_level_base: 536870912
2018/12/21-05:38:23.016511 7fd751af0700 Options.level_compaction_dynamic_level_bytes: 0
2018/12/21-05:38:23.016512 7fd751af0700          Options.max_bytes_for_level_multiplier: 10.000000
2018/12/21-05:38:23.016515 7fd751af0700 Options.max_bytes_for_level_multiplier_addtl[0]: 1
2018/12/21-05:38:23.016516 7fd751af0700 Options.max_bytes_for_level_multiplier_addtl[1]: 1
2018/12/21-05:38:23.016517 7fd751af0700 Options.max_bytes_for_level_multiplier_addtl[2]: 1
2018/12/21-05:38:23.016518 7fd751af0700 Options.max_bytes_for_level_multiplier_addtl[3]: 1
2018/12/21-05:38:23.016519 7fd751af0700 Options.max_bytes_for_level_multiplier_addtl[4]: 1
2018/12/21-05:38:23.016520 7fd751af0700 Options.max_bytes_for_level_multiplier_addtl[5]: 1
2018/12/21-05:38:23.016521 7fd751af0700 Options.max_bytes_for_level_multiplier_addtl[6]: 1
2018/12/21-05:38:23.016522 7fd751af0700       Options.max_sequential_skip_in_iterations: 8
2018/12/21-05:38:23.016522 7fd751af0700                    Options.max_compaction_bytes: 1677721600
2018/12/21-05:38:23.016529 7fd751af0700                        Options.arena_block_size: 16777216
2018/12/21-05:38:23.016531 7fd751af0700   Options.soft_pending_compaction_bytes_limit: 68719476736
2018/12/21-05:38:23.016532 7fd751af0700   Options.hard_pending_compaction_bytes_limit: 274877906944
2018/12/21-05:38:23.016533 7fd751af0700       Options.rate_limit_delay_max_milliseconds: 100
2018/12/21-05:38:23.016534 7fd751af0700                Options.disable_auto_compactions: 0
2018/12/21-05:38:23.016536 7fd751af0700                        Options.compaction_style: kCompactionStyleLevel
2018/12/21-05:38:23.016537 7fd751af0700                          Options.compaction_pri: kByCompensatedSize
2018/12/21-05:38:23.016538 7fd751af0700 Options.compaction_options_universal.size_ratio: 1
2018/12/21-05:38:23.016539 7fd751af0700 Options.compaction_options_universal.min_merge_width: 2
2018/12/21-05:38:23.016540 7fd751af0700 Options.compaction_options_universal.max_merge_width: 4294967295
2018/12/21-05:38:23.016541 7fd751af0700 Options.compaction_options_universal.max_size_amplification_percent: 200
2018/12/21-05:38:23.016542 7fd751af0700 Options.compaction_options_universal.compression_size_percent: -1
2018/12/21-05:38:23.016544 7fd751af0700 Options.compaction_options_universal.stop_style: kCompactionStopStyleTotalSize
2018/12/21-05:38:23.016545 7fd751af0700 Options.compaction_options_fifo.max_table_files_size: 1073741824
2018/12/21-05:38:23.016546 7fd751af0700 Options.compaction_options_fifo.allow_compaction: 0
2018/12/21-05:38:23.016547 7fd751af0700 Options.compaction_options_fifo.ttl: 0
2018/12/21-05:38:23.016549 7fd751af0700                   Options.table_properties_collectors: 
2018/12/21-05:38:23.016550 7fd751af0700                   Options.inplace_update_support: 0
2018/12/21-05:38:23.016551 7fd751af0700                 Options.inplace_update_num_locks: 10000
2018/12/21-05:38:23.016552 7fd751af0700               Options.memtable_prefix_bloom_size_ratio: 0.000000
2018/12/21-05:38:23.016553 7fd751af0700   Options.memtable_huge_page_size: 0
2018/12/21-05:38:23.016554 7fd751af0700                           Options.bloom_locality: 0
2018/12/21-05:38:23.016555 7fd751af0700                    Options.max_successive_merges: 0
2018/12/21-05:38:23.016556 7fd751af0700                Options.optimize_filters_for_hits: 0
2018/12/21-05:38:23.016557 7fd751af0700                Options.paranoid_file_checks: 0
2018/12/21-05:38:23.016558 7fd751af0700                Options.force_consistency_checks: 0
2018/12/21-05:38:23.016559 7fd751af0700                Options.report_bg_io_stats: 0
2018/12/21-05:38:23.016560 7fd751af0700                               Options.ttl: 0
2018/12/21-05:38:23.017122 7fd751af0700 [db/column_family.cc:475] --------------- Options for column family [usertable]:
2018/12/21-05:38:23.017127 7fd751af0700               Options.comparator: leveldb.BytewiseComparator
2018/12/21-05:38:23.017129 7fd751af0700           Options.merge_operator: None
2018/12/21-05:38:23.017130 7fd751af0700        Options.compaction_filter: None
2018/12/21-05:38:23.017131 7fd751af0700        Options.compaction_filter_factory: None
2018/12/21-05:38:23.017132 7fd751af0700         Options.memtable_factory: SkipListFactory
2018/12/21-05:38:23.017133 7fd751af0700            Options.table_factory: BlockBasedTable
2018/12/21-05:38:23.017158 7fd751af0700            table_factory options:   flush_block_policy_factory: FlushBlockBySizePolicyFactory (0x7fd6fc3766d0)
  cache_index_and_filter_blocks: 0
  cache_index_and_filter_blocks_with_high_priority: 0
  pin_l0_filter_and_index_blocks_in_cache: 0
  index_type: 0
  hash_index_allow_collision: 1
  checksum: 1
  no_block_cache: 0
  block_cache: 0x7fd6fc377170
  block_cache_name: LRUCache
  block_cache_options:
    capacity : 8388608
    num_shard_bits : 4
    strict_capacity_limit : 0
    high_pri_pool_ratio: 0.000
  block_cache_compressed: (nil)
  persistent_cache: (nil)
  block_size: 8192
  block_size_deviation: 10
  block_restart_interval: 16
  index_block_restart_interval: 1
  metadata_block_size: 4096
  partition_filters: 0
  use_delta_encoding: 1
  filter_policy: nullptr
  whole_key_filtering: 1
  verify_compression: 0
  read_amp_bytes_per_bit: 0
  format_version: 2
  enable_index_compression: 1
  block_align: 0
2018/12/21-05:38:23.017173 7fd751af0700        Options.write_buffer_size: 134217728
2018/12/21-05:38:23.017175 7fd751af0700  Options.max_write_buffer_number: 24
2018/12/21-05:38:23.017176 7fd751af0700        Options.compression[0]: NoCompression
2018/12/21-05:38:23.017177 7fd751af0700        Options.compression[1]: NoCompression
2018/12/21-05:38:23.017178 7fd751af0700        Options.compression[2]: LZ4
2018/12/21-05:38:23.017179 7fd751af0700        Options.compression[3]: LZ4
2018/12/21-05:38:23.017180 7fd751af0700        Options.compression[4]: LZ4
2018/12/21-05:38:23.017181 7fd751af0700        Options.compression[5]: LZ4
2018/12/21-05:38:23.017182 7fd751af0700        Options.compression[6]: LZ4
2018/12/21-05:38:23.017183 7fd751af0700                  Options.bottommost_compression: Disabled
2018/12/21-05:38:23.017184 7fd751af0700       Options.prefix_extractor: nullptr
2018/12/21-05:38:23.017185 7fd751af0700   Options.memtable_insert_with_hint_prefix_extractor: nullptr
2018/12/21-05:38:23.017186 7fd751af0700             Options.num_levels: 7
2018/12/21-05:38:23.017187 7fd751af0700        Options.min_write_buffer_number_to_merge: 2
2018/12/21-05:38:23.017188 7fd751af0700     Options.max_write_buffer_number_to_maintain: 0
2018/12/21-05:38:23.017189 7fd751af0700            Options.compression_opts.window_bits: -14
2018/12/21-05:38:23.017190 7fd751af0700                  Options.compression_opts.level: -1
2018/12/21-05:38:23.017191 7fd751af0700               Options.compression_opts.strategy: 0
2018/12/21-05:38:23.017192 7fd751af0700         Options.compression_opts.max_dict_bytes: 0
2018/12/21-05:38:23.017193 7fd751af0700         Options.compression_opts.zstd_max_train_bytes: 0
2018/12/21-05:38:23.017194 7fd751af0700      Options.level0_file_num_compaction_trigger: 2
2018/12/21-05:38:23.017195 7fd751af0700          Options.level0_slowdown_writes_trigger: 20
2018/12/21-05:38:23.017196 7fd751af0700              Options.level0_stop_writes_trigger: 36
2018/12/21-05:38:23.017197 7fd751af0700                   Options.target_file_size_base: 67108864
2018/12/21-05:38:23.017198 7fd751af0700             Options.target_file_size_multiplier: 1
2018/12/21-05:38:23.017199 7fd751af0700                Options.max_bytes_for_level_base: 536870912
2018/12/21-05:38:23.017200 7fd751af0700 Options.level_compaction_dynamic_level_bytes: 0
2018/12/21-05:38:23.017201 7fd751af0700          Options.max_bytes_for_level_multiplier: 10.000000
2018/12/21-05:38:23.017203 7fd751af0700 Options.max_bytes_for_level_multiplier_addtl[0]: 1
2018/12/21-05:38:23.017204 7fd751af0700 Options.max_bytes_for_level_multiplier_addtl[1]: 1
2018/12/21-05:38:23.017205 7fd751af0700 Options.max_bytes_for_level_multiplier_addtl[2]: 1
2018/12/21-05:38:23.017206 7fd751af0700 Options.max_bytes_for_level_multiplier_addtl[3]: 1
2018/12/21-05:38:23.017207 7fd751af0700 Options.max_bytes_for_level_multiplier_addtl[4]: 1
2018/12/21-05:38:23.017208 7fd751af0700 Options.max_bytes_for_level_multiplier_addtl[5]: 1
2018/12/21-05:38:23.017209 7fd751af0700 Options.max_bytes_for_level_multiplier_addtl[6]: 1
2018/12/21-05:38:23.017210 7fd751af0700       Options.max_sequential_skip_in_iterations: 8
2018/12/21-05:38:23.017211 7fd751af0700                    Options.max_compaction_bytes: 1677721600
2018/12/21-05:38:23.017212 7fd751af0700                        Options.arena_block_size: 16777216
2018/12/21-05:38:23.017213 7fd751af0700   Options.soft_pending_compaction_bytes_limit: 68719476736
2018/12/21-05:38:23.017214 7fd751af0700   Options.hard_pending_compaction_bytes_limit: 274877906944
2018/12/21-05:38:23.017215 7fd751af0700       Options.rate_limit_delay_max_milliseconds: 100
2018/12/21-05:38:23.017216 7fd751af0700                Options.disable_auto_compactions: 0
2018/12/21-05:38:23.017217 7fd751af0700                        Options.compaction_style: kCompactionStyleLevel
2018/12/21-05:38:23.017225 7fd751af0700                          Options.compaction_pri: kByCompensatedSize
2018/12/21-05:38:23.017226 7fd751af0700 Options.compaction_options_universal.size_ratio: 1
2018/12/21-05:38:23.017227 7fd751af0700 Options.compaction_options_universal.min_merge_width: 2
2018/12/21-05:38:23.017228 7fd751af0700 Options.compaction_options_universal.max_merge_width: 4294967295
2018/12/21-05:38:23.017229 7fd751af0700 Options.compaction_options_universal.max_size_amplification_percent: 200
2018/12/21-05:38:23.017230 7fd751af0700 Options.compaction_options_universal.compression_size_percent: -1
2018/12/21-05:38:23.017232 7fd751af0700 Options.compaction_options_universal.stop_style: kCompactionStopStyleTotalSize
2018/12/21-05:38:23.017233 7fd751af0700 Options.compaction_options_fifo.max_table_files_size: 1073741824
2018/12/21-05:38:23.017234 7fd751af0700 Options.compaction_options_fifo.allow_compaction: 0
2018/12/21-05:38:23.017235 7fd751af0700 Options.compaction_options_fifo.ttl: 0
2018/12/21-05:38:23.017236 7fd751af0700                   Options.table_properties_collectors: 
2018/12/21-05:38:23.017237 7fd751af0700                   Options.inplace_update_support: 0
2018/12/21-05:38:23.017238 7fd751af0700                 Options.inplace_update_num_locks: 10000
2018/12/21-05:38:23.017239 7fd751af0700               Options.memtable_prefix_bloom_size_ratio: 0.000000
2018/12/21-05:38:23.017240 7fd751af0700   Options.memtable_huge_page_size: 0
2018/12/21-05:38:23.017241 7fd751af0700                           Options.bloom_locality: 0
2018/12/21-05:38:23.017242 7fd751af0700                    Options.max_successive_merges: 0
2018/12/21-05:38:23.017243 7fd751af0700                Options.optimize_filters_for_hits: 0
2018/12/21-05:38:23.017244 7fd751af0700                Options.paranoid_file_checks: 0
2018/12/21-05:38:23.017245 7fd751af0700                Options.force_consistency_checks: 0
2018/12/21-05:38:23.017246 7fd751af0700                Options.report_bg_io_stats: 0
2018/12/21-05:38:23.017247 7fd751af0700                               Options.ttl: 0
2018/12/21-05:38:23.553935 7fd751af0700 [db/version_set.cc:3361] Recovered from manifest file:/mnt/sdb/ycsb-rocksdb-data/MANIFEST-000004 succeeded,manifest_file_number is 4, next_file_number is 1294, last_sequence is 10403884, log_number is 0,prev_log_number is 0,max_column_family is 1,min_log_number_to_keep is 0
2018/12/21-05:38:23.553947 7fd751af0700 [db/version_set.cc:3369] Column family [default] (ID 0), log number is 0
2018/12/21-05:38:23.553949 7fd751af0700 [db/version_set.cc:3369] Column family [usertable] (ID 1), log number is 1287
2018/12/21-05:38:23.556074 7fd751af0700 EVENT_LOG_v1 {"time_micros": 1545399503556061, "job": 1, "event": "recovery_started", "log_files": [1287, 1291, 1293]}
2018/12/21-05:38:23.556085 7fd751af0700 [db/db_impl_open.cc:551] Recovering log #1287 mode 2
2018/12/21-05:38:23.846603 7fd751af0700 [db/db_impl_open.cc:551] Recovering log #1291 mode 2
2018/12/21-05:38:24.464451 7fd751af0700 EVENT_LOG_v1 {"time_micros": 1545399504464426, "cf_name": "usertable", "job": 1, "event": "table_file_creation", "file_number": 1294, "file_size": 129902324, "table_properties": {"data_size": 129321395, "index_size": 580007, "filter_size": 0, "raw_key_size": 752760, "raw_average_key_size": 24, "raw_value_size": 128471040, "raw_average_value_size": 4096, "num_data_blocks": 15683, "num_entries": 31365, "filter_policy_name": "", "kDeletedKeys": "0", "kMergeOperands": "0"}}
2018/12/21-05:38:24.669775 7fd751af0700 [db/db_impl_open.cc:551] Recovering log #1293 mode 2
2018/12/21-05:38:26.014635 7fd751af0700 EVENT_LOG_v1 {"time_micros": 1545399506014609, "cf_name": "usertable", "job": 1, "event": "table_file_creation", "file_number": 1295, "file_size": 129895355, "table_properties": {"data_size": 129317909, "index_size": 576524, "filter_size": 0, "raw_key_size": 752760, "raw_average_key_size": 24, "raw_value_size": 128471040, "raw_average_value_size": 4096, "num_data_blocks": 15683, "num_entries": 31365, "filter_policy_name": "", "kDeletedKeys": "0", "kMergeOperands": "0"}}
2018/12/21-05:38:26.222299 7fd751af0700 [db/version_set.cc:2847] Creating manifest 1296
2018/12/21-05:38:27.415817 7fd751af0700 EVENT_LOG_v1 {"time_micros": 1545399507415785, "cf_name": "usertable", "job": 1, "event": "table_file_creation", "file_number": 1297, "file_size": 27269024, "table_properties": {"data_size": 27146563, "index_size": 121540, "filter_size": 0, "raw_key_size": 158016, "raw_average_key_size": 24, "raw_value_size": 26968064, "raw_average_value_size": 4096, "num_data_blocks": 3292, "num_entries": 6584, "filter_policy_name": "", "kDeletedKeys": "0", "kMergeOperands": "0"}}
2018/12/21-05:38:27.610877 7fd751af0700 EVENT_LOG_v1 {"time_micros": 1545399507610869, "job": 1, "event": "recovery_finished"}
2018/12/21-05:38:27.611229 7fd751af0700 [db/column_family.cc:837] [usertable] Increasing compaction threads because we have 4 level-0 files 
2018/12/21-05:38:27.886326 7fd6c3fff700 [WARN] [db/db_impl.cc:491] ------- DUMPING STATS -------
2018/12/21-05:38:27.886408 7fd6c3fff700 [WARN] [db/db_impl.cc:492] 
** DB Stats **
Uptime(secs): 4.9 total, 4.9 interval
Cumulative writes: 0 writes, 0 keys, 0 commit groups, 0.0 writes per commit group, ingest: 0.00 GB, 0.00 MB/s
Cumulative WAL: 0 writes, 0 syncs, 0.00 writes per sync, written: 0.00 GB, 0.00 MB/s
Cumulative stall: 00:00:0.000 H:M:S, 0.0 percent
Interval writes: 0 writes, 0 keys, 0 commit groups, 0.0 writes per commit group, ingest: 0.00 MB, 0.00 MB/s
Interval WAL: 0 writes, 0 syncs, 0.00 writes per sync, written: 0.00 MB, 0.00 MB/s
Interval stall: 00:00:0.000 H:M:S, 0.0 percent

** Compaction Stats [default] **
Level    Files   Size     Score Read(GB)  Rn(GB) Rnp1(GB) Write(GB) Wnew(GB) Moved(GB) W-Amp Rd(MB/s) Wr(MB/s) Comp(sec) Comp(cnt) Avg(sec) KeyIn KeyDrop
----------------------------------------------------------------------------------------------------------------------------------------------------------
 Sum      0/0    0.00 KB   0.0      0.0     0.0      0.0       0.0      0.0       0.0   0.0      0.0      0.0         0         0    0.000       0      0
 Int      0/0    0.00 KB   0.0      0.0     0.0      0.0       0.0      0.0       0.0   0.0      0.0      0.0         0         0    0.000       0      0
Uptime(secs): 4.9 total, 4.9 interval
Flush(GB): cumulative 0.000, interval 0.000
AddFile(GB): cumulative 0.000, interval 0.000
AddFile(Total Files): cumulative 0, interval 0
AddFile(L0 Files): cumulative 0, interval 0
AddFile(Keys): cumulative 0, interval 0
Cumulative compaction: 0.00 GB write, 0.00 MB/s write, 0.00 GB read, 0.00 MB/s read, 0.0 seconds
Interval compaction: 0.00 GB write, 0.00 MB/s write, 0.00 GB read, 0.00 MB/s read, 0.0 seconds
Stalls(count): 0 level0_slowdown, 0 level0_slowdown_with_compaction, 0 level0_numfiles, 0 level0_numfiles_with_compaction, 0 stop for pending_compaction_bytes, 0 slowdown for pending_compaction_bytes, 0 memtable_compaction, 0 memtable_slowdown, interval 0 total count

** File Read Latency Histogram By Level [default] **

** Compaction Stats [usertable] **
Level    Files   Size     Score Read(GB)  Rn(GB) Rnp1(GB) Write(GB) Wnew(GB) Moved(GB) W-Amp Rd(MB/s) Wr(MB/s) Comp(sec) Comp(cnt) Avg(sec) KeyIn KeyDrop
----------------------------------------------------------------------------------------------------------------------------------------------------------
  L0      4/0   465.74 MB   2.0      0.0     0.0      0.0       0.3      0.3       0.0   1.0      0.0    105.5         3         3    0.865       0      0
  L1      2/0   383.98 MB   0.7      0.0     0.0      0.0       0.0      0.0       0.0   0.0      0.0      0.0         0         0    0.000       0      0
  L2    109/0    4.99 GB   1.0      0.0     0.0      0.0       0.0      0.0       0.0   0.0      0.0      0.0         0         0    0.000       0      0
  L3    550/0   34.36 GB   0.7      0.0     0.0      0.0       0.0      0.0       0.0   0.0      0.0      0.0         0         0    0.000       0      0
 Sum    665/0   40.18 GB   0.0      0.0     0.0      0.0       0.3      0.3       0.0   1.0      0.0    105.5         3         3    0.865       0      0
 Int      0/0    0.00 KB   0.0      0.0     0.0      0.0       0.3      0.3       0.0   1.0      0.0    105.5         3         3    0.865       0      0
Uptime(secs): 4.9 total, 4.9 interval
Flush(GB): cumulative 0.267, interval 0.267
AddFile(GB): cumulative 0.000, interval 0.000
AddFile(Total Files): cumulative 0, interval 0
AddFile(L0 Files): cumulative 0, interval 0
AddFile(Keys): cumulative 0, interval 0
Cumulative compaction: 0.27 GB write, 56.23 MB/s write, 0.00 GB read, 0.00 MB/s read, 2.6 seconds
Interval compaction: 0.27 GB write, 56.23 MB/s write, 0.00 GB read, 0.00 MB/s read, 2.6 seconds
Stalls(count): 0 level0_slowdown, 0 level0_slowdown_with_compaction, 0 level0_numfiles, 0 level0_numfiles_with_compaction, 0 stop for pending_compaction_bytes, 0 slowdown for pending_compaction_bytes, 0 memtable_compaction, 0 memtable_slowdown, interval 0 total count

** File Read Latency Histogram By Level [usertable] **

** Compaction Stats [default] **
Level    Files   Size     Score Read(GB)  Rn(GB) Rnp1(GB) Write(GB) Wnew(GB) Moved(GB) W-Amp Rd(MB/s) Wr(MB/s) Comp(sec) Comp(cnt) Avg(sec) KeyIn KeyDrop
----------------------------------------------------------------------------------------------------------------------------------------------------------
 Sum      0/0    0.00 KB   0.0      0.0     0.0      0.0       0.0      0.0       0.0   0.0      0.0      0.0         0         0    0.000       0      0
 Int      0/0    0.00 KB   0.0      0.0     0.0      0.0       0.0      0.0       0.0   0.0      0.0      0.0         0         0    0.000       0      0
Uptime(secs): 4.9 total, 0.0 interval
Flush(GB): cumulative 0.000, interval 0.000
AddFile(GB): cumulative 0.000, interval 0.000
AddFile(Total Files): cumulative 0, interval 0
AddFile(L0 Files): cumulative 0, interval 0
AddFile(Keys): cumulative 0, interval 0
Cumulative compaction: 0.00 GB write, 0.00 MB/s write, 0.00 GB read, 0.00 MB/s read, 0.0 seconds
Interval compaction: 0.00 GB write, 0.00 MB/s write, 0.00 GB read, 0.00 MB/s read, 0.0 seconds
Stalls(count): 0 level0_slowdown, 0 level0_slowdown_with_compaction, 0 level0_numfiles, 0 level0_numfiles_with_compaction, 0 stop for pending_compaction_bytes, 0 slowdown for pending_compaction_bytes, 0 memtable_compaction, 0 memtable_slowdown, interval 0 total count

** File Read Latency Histogram By Level [default] **

** Compaction Stats [usertable] **
Level    Files   Size     Score Read(GB)  Rn(GB) Rnp1(GB) Write(GB) Wnew(GB) Moved(GB) W-Amp Rd(MB/s) Wr(MB/s) Comp(sec) Comp(cnt) Avg(sec) KeyIn KeyDrop
----------------------------------------------------------------------------------------------------------------------------------------------------------
  L0      4/0   465.74 MB   2.0      0.0     0.0      0.0       0.3      0.3       0.0   1.0      0.0    105.5         3         3    0.865       0      0
  L1      2/0   383.98 MB   0.7      0.0     0.0      0.0       0.0      0.0       0.0   0.0      0.0      0.0         0         0    0.000       0      0
  L2    109/0    4.99 GB   1.0      0.0     0.0      0.0       0.0      0.0       0.0   0.0      0.0      0.0         0         0    0.000       0      0
  L3    550/0   34.36 GB   0.7      0.0     0.0      0.0       0.0      0.0       0.0   0.0      0.0      0.0         0         0    0.000       0      0
 Sum    665/0   40.18 GB   0.0      0.0     0.0      0.0       0.3      0.3       0.0   1.0      0.0    105.5         3         3    0.865       0      0
 Int      0/0    0.00 KB   0.0      0.0     0.0      0.0       0.0      0.0       0.0   0.0      0.0      0.0         0         0    0.000       0      0
Uptime(secs): 4.9 total, 0.0 interval
Flush(GB): cumulative 0.267, interval 0.000
AddFile(GB): cumulative 0.000, interval 0.000
AddFile(Total Files): cumulative 0, interval 0
AddFile(L0 Files): cumulative 0, interval 0
AddFile(Keys): cumulative 0, interval 0
Cumulative compaction: 0.27 GB write, 56.22 MB/s write, 0.00 GB read, 0.00 MB/s read, 2.6 seconds
Interval compaction: 0.00 GB write, 0.00 MB/s write, 0.00 GB read, 0.00 MB/s read, 0.0 seconds
Stalls(count): 0 level0_slowdown, 0 level0_slowdown_with_compaction, 0 level0_numfiles, 0 level0_numfiles_with_compaction, 0 stop for pending_compaction_bytes, 0 slowdown for pending_compaction_bytes, 0 memtable_compaction, 0 memtable_slowdown, interval 0 total count

** File Read Latency Histogram By Level [usertable] **
2018/12/21-05:38:27.886702 7fd6c37fe700 (Original Log Time 2018/12/21-05:38:27.886671) [db/db_impl_compaction_flush.cc:1781] Compaction nothing to do
2018/12/21-05:38:27.887126 7fd751af0700 [db/db_impl_open.cc:1219] DB pointer 0x7fd6fc3bd600
2018/12/21-05:38:28.123474 7fd6c3fff700 (Original Log Time 2018/12/21-05:38:27.886608) [db/db_impl_compaction_flush.cc:1835] [usertable] Moving #343 to level-1 201297011 bytes
2018/12/21-05:38:28.123480 7fd6c3fff700 (Original Log Time 2018/12/21-05:38:28.123378) EVENT_LOG_v1 {"time_micros": 1545399508123366, "job": 3, "event": "trivial_move", "destination_level": 1, "files": 1, "total_files_size": 201297011}
2018/12/21-05:38:28.123481 7fd6c3fff700 (Original Log Time 2018/12/21-05:38:28.123398) [db/db_impl_compaction_flush.cc:1864] [usertable] Moved #1 files to level-1 201297011 bytes OK: base level 1 max bytes base 536870912 files[3 3 109 550 0 0 0] max score 1.50
2018/12/21-05:38:28.247125 7fd6c3fff700 (Original Log Time 2018/12/21-05:38:28.123553) [db/db_impl_compaction_flush.cc:1835] [usertable] Moving #1294 to level-1 129902324 bytes
2018/12/21-05:38:28.247132 7fd6c3fff700 (Original Log Time 2018/12/21-05:38:28.247019) EVENT_LOG_v1 {"time_micros": 1545399508247008, "job": 5, "event": "trivial_move", "destination_level": 1, "files": 1, "total_files_size": 129902324}
2018/12/21-05:38:28.247135 7fd6c3fff700 (Original Log Time 2018/12/21-05:38:28.247037) [db/db_impl_compaction_flush.cc:1864] [usertable] Moved #1 files to level-1 129902324 bytes OK: base level 1 max bytes base 536870912 files[2 4 109 550 0 0 0] max score 1.37
2018/12/21-05:38:28.247445 7fd6c3fff700 [db/compaction_job.cc:1531] [usertable] [JOB 6] Compacting 1@1 files to L2, score 1.37
2018/12/21-05:38:28.247458 7fd6c3fff700 [db/compaction_job.cc:1535] [usertable] Compaction start summary: Base version 7 Base level 1, inputs: [844(191MB)]
2018/12/21-05:38:28.247492 7fd6c3fff700 EVENT_LOG_v1 {"time_micros": 1545399508247467, "job": 6, "event": "compaction_started", "compaction_reason": "LevelMaxLevelSize", "files_L1": [844], "score": 1.36686, "input_data_size": 201316094}
2018/12/21-05:38:29.741089 7fd6c3fff700 [db/compaction_job.cc:1211] [usertable] [JOB 6] Generated table #1301: 16279 keys, 67233555 bytes
2018/12/21-05:38:29.741144 7fd6c3fff700 EVENT_LOG_v1 {"time_micros": 1545399509741122, "cf_name": "usertable", "job": 6, "event": "table_file_creation", "file_number": 1301, "file_size": 67233555, "table_properties": {"data_size": 67120138, "index_size": 300916, "filter_size": 0, "raw_key_size": 390696, "raw_average_key_size": 24, "raw_value_size": 66678784, "raw_average_value_size": 4096, "num_data_blocks": 8140, "num_entries": 16279, "filter_policy_name": "", "kDeletedKeys": "0", "kMergeOperands": "0"}}
2018/12/21-05:38:30.913364 7fd6c3fff700 [db/compaction_job.cc:1211] [usertable] [JOB 6] Generated table #1302: 16279 keys, 67233380 bytes
2018/12/21-05:38:30.913423 7fd6c3fff700 EVENT_LOG_v1 {"time_micros": 1545399510913399, "cf_name": "usertable", "job": 6, "event": "table_file_creation", "file_number": 1302, "file_size": 67233380, "table_properties": {"data_size": 67118331, "index_size": 299107, "filter_size": 0, "raw_key_size": 390696, "raw_average_key_size": 24, "raw_value_size": 66678784, "raw_average_value_size": 4096, "num_data_blocks": 8140, "num_entries": 16279, "filter_policy_name": "", "kDeletedKeys": "0", "kMergeOperands": "0"}}
2018/12/21-05:38:32.500924 7fd6c3fff700 [db/compaction_job.cc:1211] [usertable] [JOB 6] Generated table #1303: 16050 keys, 66287739 bytes
2018/12/21-05:38:32.500989 7fd6c3fff700 EVENT_LOG_v1 {"time_micros": 1545399512500966, "cf_name": "usertable", "job": 6, "event": "table_file_creation", "file_number": 1303, "file_size": 66287739, "table_properties": {"data_size": 66175933, "index_size": 296661, "filter_size": 0, "raw_key_size": 385200, "raw_average_key_size": 24, "raw_value_size": 65740800, "raw_average_value_size": 4096, "num_data_blocks": 8025, "num_entries": 16050, "filter_policy_name": "", "kDeletedKeys": "0", "kMergeOperands": "0"}}
2018/12/21-05:38:32.501068 7fd6c3fff700 [db/compaction_job.cc:1287] [usertable] [JOB 6] Compacted 1@1 files to L2 => 200754674 bytes
2018/12/21-05:38:32.589877 7fd6c3fff700 (Original Log Time 2018/12/21-05:38:32.589702) [db/compaction_job.cc:685] [usertable] compacted to: base level 1 max bytes base 536870912 files[2 3 112 550 0 0 0] max score 1.04, MB/sec: 47.3 rd, 47.2 wr, level 2, files in(1, 0) out(3) MB in(192.0, 0.0) out(191.5), read-write-amplify(2.0) write-amplify(1.0) OK, records in: 48608, records dropped: 0 output_compression: LZ4
2018/12/21-05:38:32.589887 7fd6c3fff700 (Original Log Time 2018/12/21-05:38:32.589767) EVENT_LOG_v1 {"time_micros": 1545399512589741, "job": 6, "event": "compaction_finished", "compaction_time_micros": 4253518, "output_level": 2, "num_output_files": 3, "total_output_size": 200754674, "num_input_records": 48608, "num_output_records": 48608, "num_subcompactions": 1, "output_compression": "LZ4", "num_single_delete_mismatches": 0, "num_single_delete_fallthrough": 0, "lsm_state": [2, 3, 112, 550, 0, 0, 0]}
2018/12/21-05:38:32.704769 7fd6c3fff700 (Original Log Time 2018/12/21-05:38:32.590091) [db/db_impl_compaction_flush.cc:1835] [usertable] Moving #1301 to level-3 67233555 bytes
2018/12/21-05:38:32.704774 7fd6c3fff700 (Original Log Time 2018/12/21-05:38:32.704700) EVENT_LOG_v1 {"time_micros": 1545399512704692, "job": 7, "event": "trivial_move", "destination_level": 3, "files": 1, "total_files_size": 67233555}
2018/12/21-05:38:32.704776 7fd6c3fff700 (Original Log Time 2018/12/21-05:38:32.704720) [db/db_impl_compaction_flush.cc:1864] [usertable] Moved #1 files to level-3 67233555 bytes OK: base level 1 max bytes base 536870912 files[2 3 111 551 0 0 0] max score 1.02
2018/12/21-05:38:32.721973 7fd6c3fff700 EVENT_LOG_v1 {"time_micros": 1545399512721965, "job": 7, "event": "table_file_deletion", "file_number": 844}
2018/12/21-05:38:32.822131 7fd6c17fa700 (Original Log Time 2018/12/21-05:38:32.722153) [db/db_impl_compaction_flush.cc:1835] [usertable] Moving #1302 to level-3 67233380 bytes
2018/12/21-05:38:32.822138 7fd6c17fa700 (Original Log Time 2018/12/21-05:38:32.822035) EVENT_LOG_v1 {"time_micros": 1545399512822026, "job": 8, "event": "trivial_move", "destination_level": 3, "files": 1, "total_files_size": 67233380}
2018/12/21-05:38:32.822141 7fd6c17fa700 (Original Log Time 2018/12/21-05:38:32.822061) [db/db_impl_compaction_flush.cc:1864] [usertable] Moved #1 files to level-3 67233380 bytes OK: base level 1 max bytes base 536870912 files[2 3 110 552 0 0 0] max score 1.01
