2019/03/09-22:49:15.437092 7fc4202be700 RocksDB version: 5.14.3
2019/03/09-22:49:15.437155 7fc4202be700 Git sha rocksdb_build_git_sha:
2019/03/09-22:49:15.437158 7fc4202be700 Compile date Dec 29 2018
2019/03/09-22:49:15.437162 7fc4202be700 DB SUMMARY
2019/03/09-22:49:15.437891 7fc4202be700 CURRENT file:  CURRENT
2019/03/09-22:49:15.437895 7fc4202be700 IDENTITY file:  IDENTITY
2019/03/09-22:49:15.437914 7fc4202be700 MANIFEST file:  MANIFEST-000004 size: 127891 Bytes
2019/03/09-22:49:15.437918 7fc4202be700 SST files in /mnt/sda/ycsb-rocksdb-data dir, Total Num: 732, files: 000021.sst 000022.sst 000023.sst 000024.sst 000028.sst 000029.sst 000030.sst 000031.sst 000036.sst 
2019/03/09-22:49:15.437920 7fc4202be700 Write Ahead Log file in /mnt/sda/ycsb-rocksdb-data: 001297.log size: 115829595 ; 001303.log size: 41377760 ; 
2019/03/09-22:49:15.437926 7fc4202be700                         Options.error_if_exists: 0
2019/03/09-22:49:15.437928 7fc4202be700                       Options.create_if_missing: 1
2019/03/09-22:49:15.437929 7fc4202be700                         Options.paranoid_checks: 1
2019/03/09-22:49:15.437929 7fc4202be700                                     Options.env: 0x7fc3b7ff82c0
2019/03/09-22:49:15.437931 7fc4202be700                                Options.info_log: 0x7fc3bc3801a0
2019/03/09-22:49:15.437932 7fc4202be700                Options.max_file_opening_threads: 16
2019/03/09-22:49:15.437933 7fc4202be700                              Options.statistics: (nil)
2019/03/09-22:49:15.437934 7fc4202be700                               Options.use_fsync: 0
2019/03/09-22:49:15.437935 7fc4202be700                       Options.max_log_file_size: 0
2019/03/09-22:49:15.437936 7fc4202be700                  Options.max_manifest_file_size: 18446744073709551615
2019/03/09-22:49:15.437937 7fc4202be700                   Options.log_file_time_to_roll: 0
2019/03/09-22:49:15.437938 7fc4202be700                       Options.keep_log_file_num: 1000
2019/03/09-22:49:15.437939 7fc4202be700                    Options.recycle_log_file_num: 0
2019/03/09-22:49:15.437940 7fc4202be700                         Options.allow_fallocate: 1
2019/03/09-22:49:15.437941 7fc4202be700                        Options.allow_mmap_reads: 0
2019/03/09-22:49:15.437942 7fc4202be700                       Options.allow_mmap_writes: 0
2019/03/09-22:49:15.437942 7fc4202be700                        Options.use_direct_reads: 0
2019/03/09-22:49:15.437943 7fc4202be700                        Options.use_direct_io_for_flush_and_compaction: 0
2019/03/09-22:49:15.437944 7fc4202be700          Options.create_missing_column_families: 1
2019/03/09-22:49:15.437945 7fc4202be700                              Options.db_log_dir: 
2019/03/09-22:49:15.437946 7fc4202be700                                 Options.wal_dir: /mnt/sda/ycsb-rocksdb-data
2019/03/09-22:49:15.437947 7fc4202be700                Options.table_cache_numshardbits: 6
2019/03/09-22:49:15.437948 7fc4202be700                      Options.max_subcompactions: 4
2019/03/09-22:49:15.437949 7fc4202be700                  Options.max_background_flushes: 24
2019/03/09-22:49:15.437950 7fc4202be700                         Options.WAL_ttl_seconds: 0
2019/03/09-22:49:15.437951 7fc4202be700                       Options.WAL_size_limit_MB: 0
2019/03/09-22:49:15.437952 7fc4202be700             Options.manifest_preallocation_size: 4194304
2019/03/09-22:49:15.437953 7fc4202be700                     Options.is_fd_close_on_exec: 1
2019/03/09-22:49:15.437954 7fc4202be700                   Options.advise_random_on_open: 1
2019/03/09-22:49:15.437955 7fc4202be700                    Options.db_write_buffer_size: 0
2019/03/09-22:49:15.437956 7fc4202be700                    Options.write_buffer_manager: 0x7fc3bc37ff40
2019/03/09-22:49:15.437957 7fc4202be700         Options.access_hint_on_compaction_start: 1
2019/03/09-22:49:15.437958 7fc4202be700  Options.new_table_reader_for_compaction_inputs: 0
2019/03/09-22:49:15.437959 7fc4202be700           Options.random_access_max_buffer_size: 1048576
2019/03/09-22:49:15.437960 7fc4202be700                      Options.use_adaptive_mutex: 0
2019/03/09-22:49:15.437961 7fc4202be700                            Options.rate_limiter: (nil)
2019/03/09-22:49:15.437978 7fc4202be700     Options.sst_file_manager.rate_bytes_per_sec: 0
2019/03/09-22:49:15.437980 7fc4202be700                       Options.wal_recovery_mode: 2
2019/03/09-22:49:15.437981 7fc4202be700                  Options.enable_thread_tracking: 0
2019/03/09-22:49:15.437982 7fc4202be700                  Options.enable_pipelined_write: 1
2019/03/09-22:49:15.437983 7fc4202be700         Options.allow_concurrent_memtable_write: 1
2019/03/09-22:49:15.437984 7fc4202be700      Options.enable_write_thread_adaptive_yield: 1
2019/03/09-22:49:15.437985 7fc4202be700             Options.write_thread_max_yield_usec: 100
2019/03/09-22:49:15.437986 7fc4202be700            Options.write_thread_slow_yield_usec: 3
2019/03/09-22:49:15.437987 7fc4202be700                               Options.row_cache: None
2019/03/09-22:49:15.437988 7fc4202be700                              Options.wal_filter: None
2019/03/09-22:49:15.437989 7fc4202be700             Options.avoid_flush_during_recovery: 0
2019/03/09-22:49:15.437990 7fc4202be700             Options.allow_ingest_behind: 0
2019/03/09-22:49:15.437991 7fc4202be700             Options.preserve_deletes: 0
2019/03/09-22:49:15.437992 7fc4202be700             Options.two_write_queues: 0
2019/03/09-22:49:15.437993 7fc4202be700             Options.manual_wal_flush: 0
2019/03/09-22:49:15.437994 7fc4202be700             Options.max_background_jobs: 24
2019/03/09-22:49:15.437995 7fc4202be700             Options.max_background_compactions: 24
2019/03/09-22:49:15.437996 7fc4202be700             Options.avoid_flush_during_shutdown: 0
2019/03/09-22:49:15.437997 7fc4202be700           Options.writable_file_max_buffer_size: 1048576
2019/03/09-22:49:15.437998 7fc4202be700             Options.delayed_write_rate : 16777216
2019/03/09-22:49:15.437999 7fc4202be700             Options.max_total_wal_size: 0
2019/03/09-22:49:15.438000 7fc4202be700             Options.delete_obsolete_files_period_micros: 21600000000
2019/03/09-22:49:15.438001 7fc4202be700                   Options.stats_dump_period_sec: 60
2019/03/09-22:49:15.438002 7fc4202be700                          Options.max_open_files: -1
2019/03/09-22:49:15.438003 7fc4202be700                          Options.bytes_per_sync: 1048576
2019/03/09-22:49:15.438004 7fc4202be700                      Options.wal_bytes_per_sync: 0
2019/03/09-22:49:15.438005 7fc4202be700       Options.compaction_readahead_size: 0
2019/03/09-22:49:15.438006 7fc4202be700 Compression algorithms supported:
2019/03/09-22:49:15.438008 7fc4202be700 	kZSTDNotFinalCompression supported: 1
2019/03/09-22:49:15.438016 7fc4202be700 	kZSTD supported: 1
2019/03/09-22:49:15.438017 7fc4202be700 	kXpressCompression supported: 0
2019/03/09-22:49:15.438018 7fc4202be700 	kLZ4HCCompression supported: 1
2019/03/09-22:49:15.438020 7fc4202be700 	kLZ4Compression supported: 1
2019/03/09-22:49:15.438021 7fc4202be700 	kBZip2Compression supported: 1
2019/03/09-22:49:15.438022 7fc4202be700 	kZlibCompression supported: 1
2019/03/09-22:49:15.438023 7fc4202be700 	kSnappyCompression supported: 1
2019/03/09-22:49:15.438027 7fc4202be700 Fast CRC32 supported: Supported on x86
2019/03/09-22:49:15.438462 7fc4202be700 [db/version_set.cc:3085] Recovering from manifest file: MANIFEST-000004
2019/03/09-22:49:15.438573 7fc4202be700 [db/column_family.cc:475] --------------- Options for column family [default]:
2019/03/09-22:49:15.438576 7fc4202be700               Options.comparator: leveldb.BytewiseComparator
2019/03/09-22:49:15.438578 7fc4202be700           Options.merge_operator: None
2019/03/09-22:49:15.438579 7fc4202be700        Options.compaction_filter: None
2019/03/09-22:49:15.438580 7fc4202be700        Options.compaction_filter_factory: None
2019/03/09-22:49:15.438581 7fc4202be700         Options.memtable_factory: SkipListFactory
2019/03/09-22:49:15.438582 7fc4202be700            Options.table_factory: BlockBasedTable
2019/03/09-22:49:15.438606 7fc4202be700            table_factory options:   flush_block_policy_factory: FlushBlockBySizePolicyFactory (0x7fc3bc373d40)
  cache_index_and_filter_blocks: 0
  cache_index_and_filter_blocks_with_high_priority: 0
  pin_l0_filter_and_index_blocks_in_cache: 0
  index_type: 0
  hash_index_allow_collision: 1
  checksum: 1
  no_block_cache: 0
  block_cache: 0x7fc3bc37f8e0
  block_cache_name: LRUCache
  block_cache_options:
    capacity : 8388608
    num_shard_bits : 4
    strict_capacity_limit : 0
    high_pri_pool_ratio: 0.000
  block_cache_compressed: (nil)
  persistent_cache: (nil)
  block_size: 8192
  block_size_deviation: 10
  block_restart_interval: 16
  index_block_restart_interval: 1
  metadata_block_size: 4096
  partition_filters: 0
  use_delta_encoding: 1
  filter_policy: nullptr
  whole_key_filtering: 1
  verify_compression: 0
  read_amp_bytes_per_bit: 0
  format_version: 2
  enable_index_compression: 1
  block_align: 0
2019/03/09-22:49:15.438619 7fc4202be700        Options.write_buffer_size: 134217728
2019/03/09-22:49:15.438621 7fc4202be700  Options.max_write_buffer_number: 24
2019/03/09-22:49:15.438622 7fc4202be700        Options.compression[0]: NoCompression
2019/03/09-22:49:15.438624 7fc4202be700        Options.compression[1]: NoCompression
2019/03/09-22:49:15.438625 7fc4202be700        Options.compression[2]: LZ4
2019/03/09-22:49:15.438626 7fc4202be700        Options.compression[3]: LZ4
2019/03/09-22:49:15.438627 7fc4202be700        Options.compression[4]: LZ4
2019/03/09-22:49:15.438628 7fc4202be700        Options.compression[5]: LZ4
2019/03/09-22:49:15.438629 7fc4202be700        Options.compression[6]: LZ4
2019/03/09-22:49:15.438630 7fc4202be700                  Options.bottommost_compression: Disabled
2019/03/09-22:49:15.438631 7fc4202be700       Options.prefix_extractor: nullptr
2019/03/09-22:49:15.438632 7fc4202be700   Options.memtable_insert_with_hint_prefix_extractor: nullptr
2019/03/09-22:49:15.438633 7fc4202be700             Options.num_levels: 7
2019/03/09-22:49:15.438634 7fc4202be700        Options.min_write_buffer_number_to_merge: 2
2019/03/09-22:49:15.438635 7fc4202be700     Options.max_write_buffer_number_to_maintain: 0
2019/03/09-22:49:15.438636 7fc4202be700            Options.compression_opts.window_bits: -14
2019/03/09-22:49:15.438637 7fc4202be700                  Options.compression_opts.level: -1
2019/03/09-22:49:15.438637 7fc4202be700               Options.compression_opts.strategy: 0
2019/03/09-22:49:15.438638 7fc4202be700         Options.compression_opts.max_dict_bytes: 0
2019/03/09-22:49:15.438639 7fc4202be700         Options.compression_opts.zstd_max_train_bytes: 0
2019/03/09-22:49:15.438640 7fc4202be700      Options.level0_file_num_compaction_trigger: 2
2019/03/09-22:49:15.438641 7fc4202be700          Options.level0_slowdown_writes_trigger: 20
2019/03/09-22:49:15.438642 7fc4202be700              Options.level0_stop_writes_trigger: 36
2019/03/09-22:49:15.438643 7fc4202be700                   Options.target_file_size_base: 67108864
2019/03/09-22:49:15.438644 7fc4202be700             Options.target_file_size_multiplier: 1
2019/03/09-22:49:15.438645 7fc4202be700                Options.max_bytes_for_level_base: 536870912
2019/03/09-22:49:15.438646 7fc4202be700 Options.level_compaction_dynamic_level_bytes: 0
2019/03/09-22:49:15.438647 7fc4202be700          Options.max_bytes_for_level_multiplier: 10.000000
2019/03/09-22:49:15.438649 7fc4202be700 Options.max_bytes_for_level_multiplier_addtl[0]: 1
2019/03/09-22:49:15.438651 7fc4202be700 Options.max_bytes_for_level_multiplier_addtl[1]: 1
2019/03/09-22:49:15.438652 7fc4202be700 Options.max_bytes_for_level_multiplier_addtl[2]: 1
2019/03/09-22:49:15.438653 7fc4202be700 Options.max_bytes_for_level_multiplier_addtl[3]: 1
2019/03/09-22:49:15.438653 7fc4202be700 Options.max_bytes_for_level_multiplier_addtl[4]: 1
2019/03/09-22:49:15.438654 7fc4202be700 Options.max_bytes_for_level_multiplier_addtl[5]: 1
2019/03/09-22:49:15.438655 7fc4202be700 Options.max_bytes_for_level_multiplier_addtl[6]: 1
2019/03/09-22:49:15.438656 7fc4202be700       Options.max_sequential_skip_in_iterations: 8
2019/03/09-22:49:15.438657 7fc4202be700                    Options.max_compaction_bytes: 1677721600
2019/03/09-22:49:15.438664 7fc4202be700                        Options.arena_block_size: 16777216
2019/03/09-22:49:15.438666 7fc4202be700   Options.soft_pending_compaction_bytes_limit: 68719476736
2019/03/09-22:49:15.438667 7fc4202be700   Options.hard_pending_compaction_bytes_limit: 274877906944
2019/03/09-22:49:15.438668 7fc4202be700       Options.rate_limit_delay_max_milliseconds: 100
2019/03/09-22:49:15.438669 7fc4202be700                Options.disable_auto_compactions: 0
2019/03/09-22:49:15.438671 7fc4202be700                        Options.compaction_style: kCompactionStyleLevel
2019/03/09-22:49:15.438672 7fc4202be700                          Options.compaction_pri: kByCompensatedSize
2019/03/09-22:49:15.438673 7fc4202be700 Options.compaction_options_universal.size_ratio: 1
2019/03/09-22:49:15.438674 7fc4202be700 Options.compaction_options_universal.min_merge_width: 2
2019/03/09-22:49:15.438675 7fc4202be700 Options.compaction_options_universal.max_merge_width: 4294967295
2019/03/09-22:49:15.438676 7fc4202be700 Options.compaction_options_universal.max_size_amplification_percent: 200
2019/03/09-22:49:15.438677 7fc4202be700 Options.compaction_options_universal.compression_size_percent: -1
2019/03/09-22:49:15.438679 7fc4202be700 Options.compaction_options_universal.stop_style: kCompactionStopStyleTotalSize
2019/03/09-22:49:15.438680 7fc4202be700 Options.compaction_options_fifo.max_table_files_size: 1073741824
2019/03/09-22:49:15.438681 7fc4202be700 Options.compaction_options_fifo.allow_compaction: 0
2019/03/09-22:49:15.438682 7fc4202be700 Options.compaction_options_fifo.ttl: 0
2019/03/09-22:49:15.438683 7fc4202be700                   Options.table_properties_collectors: 
2019/03/09-22:49:15.438684 7fc4202be700                   Options.inplace_update_support: 0
2019/03/09-22:49:15.438685 7fc4202be700                 Options.inplace_update_num_locks: 10000
2019/03/09-22:49:15.438686 7fc4202be700               Options.memtable_prefix_bloom_size_ratio: 0.000000
2019/03/09-22:49:15.438688 7fc4202be700   Options.memtable_huge_page_size: 0
2019/03/09-22:49:15.438689 7fc4202be700                           Options.bloom_locality: 0
2019/03/09-22:49:15.438690 7fc4202be700                    Options.max_successive_merges: 0
2019/03/09-22:49:15.438691 7fc4202be700                Options.optimize_filters_for_hits: 0
2019/03/09-22:49:15.438691 7fc4202be700                Options.paranoid_file_checks: 0
2019/03/09-22:49:15.438692 7fc4202be700                Options.force_consistency_checks: 0
2019/03/09-22:49:15.438693 7fc4202be700                Options.report_bg_io_stats: 0
2019/03/09-22:49:15.438694 7fc4202be700                               Options.ttl: 0
2019/03/09-22:49:15.439239 7fc4202be700 [db/column_family.cc:475] --------------- Options for column family [usertable]:
2019/03/09-22:49:15.439242 7fc4202be700               Options.comparator: leveldb.BytewiseComparator
2019/03/09-22:49:15.439243 7fc4202be700           Options.merge_operator: None
2019/03/09-22:49:15.439244 7fc4202be700        Options.compaction_filter: None
2019/03/09-22:49:15.439245 7fc4202be700        Options.compaction_filter_factory: None
2019/03/09-22:49:15.439246 7fc4202be700         Options.memtable_factory: SkipListFactory
2019/03/09-22:49:15.439247 7fc4202be700            Options.table_factory: BlockBasedTable
2019/03/09-22:49:15.439270 7fc4202be700            table_factory options:   flush_block_policy_factory: FlushBlockBySizePolicyFactory (0x7fc3bc373b10)
  cache_index_and_filter_blocks: 0
  cache_index_and_filter_blocks_with_high_priority: 0
  pin_l0_filter_and_index_blocks_in_cache: 0
  index_type: 0
  hash_index_allow_collision: 1
  checksum: 1
  no_block_cache: 0
  block_cache: 0x7fc3bc373770
  block_cache_name: LRUCache
  block_cache_options:
    capacity : 8388608
    num_shard_bits : 4
    strict_capacity_limit : 0
    high_pri_pool_ratio: 0.000
  block_cache_compressed: (nil)
  persistent_cache: (nil)
  block_size: 8192
  block_size_deviation: 10
  block_restart_interval: 16
  index_block_restart_interval: 1
  metadata_block_size: 4096
  partition_filters: 0
  use_delta_encoding: 1
  filter_policy: nullptr
  whole_key_filtering: 1
  verify_compression: 0
  read_amp_bytes_per_bit: 0
  format_version: 2
  enable_index_compression: 1
  block_align: 0
2019/03/09-22:49:15.439281 7fc4202be700        Options.write_buffer_size: 134217728
2019/03/09-22:49:15.439283 7fc4202be700  Options.max_write_buffer_number: 24
2019/03/09-22:49:15.439284 7fc4202be700        Options.compression[0]: NoCompression
2019/03/09-22:49:15.439285 7fc4202be700        Options.compression[1]: NoCompression
2019/03/09-22:49:15.439286 7fc4202be700        Options.compression[2]: LZ4
2019/03/09-22:49:15.439287 7fc4202be700        Options.compression[3]: LZ4
2019/03/09-22:49:15.439288 7fc4202be700        Options.compression[4]: LZ4
2019/03/09-22:49:15.439289 7fc4202be700        Options.compression[5]: LZ4
2019/03/09-22:49:15.439290 7fc4202be700        Options.compression[6]: LZ4
2019/03/09-22:49:15.439291 7fc4202be700                  Options.bottommost_compression: Disabled
2019/03/09-22:49:15.439292 7fc4202be700       Options.prefix_extractor: nullptr
2019/03/09-22:49:15.439293 7fc4202be700   Options.memtable_insert_with_hint_prefix_extractor: nullptr
2019/03/09-22:49:15.439294 7fc4202be700             Options.num_levels: 7
2019/03/09-22:49:15.439295 7fc4202be700        Options.min_write_buffer_number_to_merge: 2
2019/03/09-22:49:15.439296 7fc4202be700     Options.max_write_buffer_number_to_maintain: 0
2019/03/09-22:49:15.439296 7fc4202be700            Options.compression_opts.window_bits: -14
2019/03/09-22:49:15.439297 7fc4202be700                  Options.compression_opts.level: -1
2019/03/09-22:49:15.439298 7fc4202be700               Options.compression_opts.strategy: 0
2019/03/09-22:49:15.439299 7fc4202be700         Options.compression_opts.max_dict_bytes: 0
2019/03/09-22:49:15.439300 7fc4202be700         Options.compression_opts.zstd_max_train_bytes: 0
2019/03/09-22:49:15.439301 7fc4202be700      Options.level0_file_num_compaction_trigger: 2
2019/03/09-22:49:15.439302 7fc4202be700          Options.level0_slowdown_writes_trigger: 20
2019/03/09-22:49:15.439303 7fc4202be700              Options.level0_stop_writes_trigger: 36
2019/03/09-22:49:15.439304 7fc4202be700                   Options.target_file_size_base: 67108864
2019/03/09-22:49:15.439305 7fc4202be700             Options.target_file_size_multiplier: 1
2019/03/09-22:49:15.439306 7fc4202be700                Options.max_bytes_for_level_base: 536870912
2019/03/09-22:49:15.439307 7fc4202be700 Options.level_compaction_dynamic_level_bytes: 0
2019/03/09-22:49:15.439308 7fc4202be700          Options.max_bytes_for_level_multiplier: 10.000000
2019/03/09-22:49:15.439310 7fc4202be700 Options.max_bytes_for_level_multiplier_addtl[0]: 1
2019/03/09-22:49:15.439311 7fc4202be700 Options.max_bytes_for_level_multiplier_addtl[1]: 1
2019/03/09-22:49:15.439312 7fc4202be700 Options.max_bytes_for_level_multiplier_addtl[2]: 1
2019/03/09-22:49:15.439313 7fc4202be700 Options.max_bytes_for_level_multiplier_addtl[3]: 1
2019/03/09-22:49:15.439314 7fc4202be700 Options.max_bytes_for_level_multiplier_addtl[4]: 1
2019/03/09-22:49:15.439315 7fc4202be700 Options.max_bytes_for_level_multiplier_addtl[5]: 1
2019/03/09-22:49:15.439316 7fc4202be700 Options.max_bytes_for_level_multiplier_addtl[6]: 1
2019/03/09-22:49:15.439317 7fc4202be700       Options.max_sequential_skip_in_iterations: 8
2019/03/09-22:49:15.439317 7fc4202be700                    Options.max_compaction_bytes: 1677721600
2019/03/09-22:49:15.439318 7fc4202be700                        Options.arena_block_size: 16777216
2019/03/09-22:49:15.439319 7fc4202be700   Options.soft_pending_compaction_bytes_limit: 68719476736
2019/03/09-22:49:15.439320 7fc4202be700   Options.hard_pending_compaction_bytes_limit: 274877906944
2019/03/09-22:49:15.439321 7fc4202be700       Options.rate_limit_delay_max_milliseconds: 100
2019/03/09-22:49:15.439322 7fc4202be700                Options.disable_auto_compactions: 0
2019/03/09-22:49:15.439324 7fc4202be700                        Options.compaction_style: kCompactionStyleLevel
2019/03/09-22:49:15.439331 7fc4202be700                          Options.compaction_pri: kByCompensatedSize
2019/03/09-22:49:15.439333 7fc4202be700 Options.compaction_options_universal.size_ratio: 1
2019/03/09-22:49:15.439334 7fc4202be700 Options.compaction_options_universal.min_merge_width: 2
2019/03/09-22:49:15.439335 7fc4202be700 Options.compaction_options_universal.max_merge_width: 4294967295
2019/03/09-22:49:15.439335 7fc4202be700 Options.compaction_options_universal.max_size_amplification_percent: 200
2019/03/09-22:49:15.439336 7fc4202be700 Options.compaction_options_universal.compression_size_percent: -1
2019/03/09-22:49:15.439338 7fc4202be700 Options.compaction_options_universal.stop_style: kCompactionStopStyleTotalSize
2019/03/09-22:49:15.439339 7fc4202be700 Options.compaction_options_fifo.max_table_files_size: 1073741824
2019/03/09-22:49:15.439340 7fc4202be700 Options.compaction_options_fifo.allow_compaction: 0
2019/03/09-22:49:15.439340 7fc4202be700 Options.compaction_options_fifo.ttl: 0
2019/03/09-22:49:15.439341 7fc4202be700                   Options.table_properties_collectors: 
2019/03/09-22:49:15.439342 7fc4202be700                   Options.inplace_update_support: 0
2019/03/09-22:49:15.439343 7fc4202be700                 Options.inplace_update_num_locks: 10000
2019/03/09-22:49:15.439344 7fc4202be700               Options.memtable_prefix_bloom_size_ratio: 0.000000
2019/03/09-22:49:15.439346 7fc4202be700   Options.memtable_huge_page_size: 0
2019/03/09-22:49:15.439347 7fc4202be700                           Options.bloom_locality: 0
2019/03/09-22:49:15.439348 7fc4202be700                    Options.max_successive_merges: 0
2019/03/09-22:49:15.439349 7fc4202be700                Options.optimize_filters_for_hits: 0
2019/03/09-22:49:15.439350 7fc4202be700                Options.paranoid_file_checks: 0
2019/03/09-22:49:15.439351 7fc4202be700                Options.force_consistency_checks: 0
2019/03/09-22:49:15.439351 7fc4202be700                Options.report_bg_io_stats: 0
2019/03/09-22:49:15.439352 7fc4202be700                               Options.ttl: 0
2019/03/09-22:49:15.962320 7fc4202be700 [db/version_set.cc:3361] Recovered from manifest file:/mnt/sda/ycsb-rocksdb-data/MANIFEST-000004 succeeded,manifest_file_number is 4, next_file_number is 1304, last_sequence is 10425072, log_number is 0,prev_log_number is 0,max_column_family is 1,min_log_number_to_keep is 0
2019/03/09-22:49:15.962332 7fc4202be700 [db/version_set.cc:3369] Column family [default] (ID 0), log number is 0
2019/03/09-22:49:15.962333 7fc4202be700 [db/version_set.cc:3369] Column family [usertable] (ID 1), log number is 1297
2019/03/09-22:49:15.964467 7fc4202be700 EVENT_LOG_v1 {"time_micros": 1552200555964456, "job": 1, "event": "recovery_started", "log_files": [1297, 1303]}
2019/03/09-22:49:15.964474 7fc4202be700 [db/db_impl_open.cc:551] Recovering log #1297 mode 2
2019/03/09-22:49:16.285325 7fc4202be700 [db/db_impl_open.cc:551] Recovering log #1303 mode 2
2019/03/09-22:49:16.831103 7fc4202be700 EVENT_LOG_v1 {"time_micros": 1552200556831081, "cf_name": "usertable", "job": 1, "event": "table_file_creation", "file_number": 1304, "file_size": 129895353, "table_properties": {"data_size": 129317909, "index_size": 576522, "filter_size": 0, "raw_key_size": 752760, "raw_average_key_size": 24, "raw_value_size": 128471040, "raw_average_value_size": 4096, "num_data_blocks": 15683, "num_entries": 31365, "filter_policy_name": "", "kDeletedKeys": "0", "kMergeOperands": "0"}}
2019/03/09-22:49:17.033306 7fc4202be700 [db/version_set.cc:2847] Creating manifest 1305
2019/03/09-22:49:17.431910 7fc4202be700 EVENT_LOG_v1 {"time_micros": 1552200557431891, "cf_name": "usertable", "job": 1, "event": "table_file_creation", "file_number": 1306, "file_size": 27500954, "table_properties": {"data_size": 27377457, "index_size": 122576, "filter_size": 0, "raw_key_size": 159360, "raw_average_key_size": 24, "raw_value_size": 27197440, "raw_average_value_size": 4096, "num_data_blocks": 3320, "num_entries": 6640, "filter_policy_name": "", "kDeletedKeys": "0", "kMergeOperands": "0"}}
2019/03/09-22:49:17.517279 7fc4202be700 EVENT_LOG_v1 {"time_micros": 1552200557517276, "job": 1, "event": "recovery_finished"}
2019/03/09-22:49:17.632140 7fc4202be700 [db/db_impl_open.cc:1219] DB pointer 0x7fc3bc371a20
2019/03/09-22:49:17.632430 7fc35a7fc700 [WARN] [db/db_impl.cc:491] ------- DUMPING STATS -------
2019/03/09-22:49:17.632479 7fc35a7fc700 [WARN] [db/db_impl.cc:492] 
** DB Stats **
Uptime(secs): 2.2 total, 2.2 interval
Cumulative writes: 0 writes, 0 keys, 0 commit groups, 0.0 writes per commit group, ingest: 0.00 GB, 0.00 MB/s
Cumulative WAL: 0 writes, 0 syncs, 0.00 writes per sync, written: 0.00 GB, 0.00 MB/s
Cumulative stall: 00:00:0.000 H:M:S, 0.0 percent
Interval writes: 0 writes, 0 keys, 0 commit groups, 0.0 writes per commit group, ingest: 0.00 MB, 0.00 MB/s
Interval WAL: 0 writes, 0 syncs, 0.00 writes per sync, written: 0.00 MB, 0.00 MB/s
Interval stall: 00:00:0.000 H:M:S, 0.0 percent

** Compaction Stats [default] **
Level    Files   Size     Score Read(GB)  Rn(GB) Rnp1(GB) Write(GB) Wnew(GB) Moved(GB) W-Amp Rd(MB/s) Wr(MB/s) Comp(sec) Comp(cnt) Avg(sec) KeyIn KeyDrop
----------------------------------------------------------------------------------------------------------------------------------------------------------
 Sum      0/0    0.00 KB   0.0      0.0     0.0      0.0       0.0      0.0       0.0   0.0      0.0      0.0         0         0    0.000       0      0
 Int      0/0    0.00 KB   0.0      0.0     0.0      0.0       0.0      0.0       0.0   0.0      0.0      0.0         0         0    0.000       0      0
Uptime(secs): 2.2 total, 2.2 interval
Flush(GB): cumulative 0.000, interval 0.000
AddFile(GB): cumulative 0.000, interval 0.000
AddFile(Total Files): cumulative 0, interval 0
AddFile(L0 Files): cumulative 0, interval 0
AddFile(Keys): cumulative 0, interval 0
Cumulative compaction: 0.00 GB write, 0.00 MB/s write, 0.00 GB read, 0.00 MB/s read, 0.0 seconds
Interval compaction: 0.00 GB write, 0.00 MB/s write, 0.00 GB read, 0.00 MB/s read, 0.0 seconds
Stalls(count): 0 level0_slowdown, 0 level0_slowdown_with_compaction, 0 level0_numfiles, 0 level0_numfiles_with_compaction, 0 stop for pending_compaction_bytes, 0 slowdown for pending_compaction_bytes, 0 memtable_compaction, 0 memtable_slowdown, interval 0 total count

** File Read Latency Histogram By Level [default] **

** Compaction Stats [usertable] **
Level    Files   Size     Score Read(GB)  Rn(GB) Rnp1(GB) Write(GB) Wnew(GB) Moved(GB) W-Amp Rd(MB/s) Wr(MB/s) Comp(sec) Comp(cnt) Avg(sec) KeyIn KeyDrop
----------------------------------------------------------------------------------------------------------------------------------------------------------
  L0      3/0   359.01 MB   1.5      0.0     0.0      0.0       0.1      0.1       0.0   1.0      0.0    191.8         1         2    0.391       0      0
  L1      9/0   462.77 MB   0.9      0.0     0.0      0.0       0.0      0.0       0.0   0.0      0.0      0.0         0         0    0.000       0      0
  L2    172/0    4.99 GB   1.0      0.0     0.0      0.0       0.0      0.0       0.0   0.0      0.0      0.0         0         0    0.000       0      0
  L3    550/0   34.38 GB   0.7      0.0     0.0      0.0       0.0      0.0       0.0   0.0      0.0      0.0         0         0    0.000       0      0
 Sum    734/0   40.18 GB   0.0      0.0     0.0      0.0       0.1      0.1       0.0   1.0      0.0    191.8         1         2    0.391       0      0
 Int      0/0    0.00 KB   0.0      0.0     0.0      0.0       0.1      0.1       0.0   1.0      0.0    191.8         1         2    0.391       0      0
Uptime(secs): 2.2 total, 2.2 interval
Flush(GB): cumulative 0.147, interval 0.147
AddFile(GB): cumulative 0.000, interval 0.000
AddFile(Total Files): cumulative 0, interval 0
AddFile(L0 Files): cumulative 0, interval 0
AddFile(Keys): cumulative 0, interval 0
Cumulative compaction: 0.15 GB write, 68.44 MB/s write, 0.00 GB read, 0.00 MB/s read, 0.8 seconds
Interval compaction: 0.15 GB write, 68.44 MB/s write, 0.00 GB read, 0.00 MB/s read, 0.8 seconds
Stalls(count): 0 level0_slowdown, 0 level0_slowdown_with_compaction, 0 level0_numfiles, 0 level0_numfiles_with_compaction, 0 stop for pending_compaction_bytes, 0 slowdown for pending_compaction_bytes, 0 memtable_compaction, 0 memtable_slowdown, interval 0 total count

** File Read Latency Histogram By Level [usertable] **

** Compaction Stats [default] **
Level    Files   Size     Score Read(GB)  Rn(GB) Rnp1(GB) Write(GB) Wnew(GB) Moved(GB) W-Amp Rd(MB/s) Wr(MB/s) Comp(sec) Comp(cnt) Avg(sec) KeyIn KeyDrop
----------------------------------------------------------------------------------------------------------------------------------------------------------
 Sum      0/0    0.00 KB   0.0      0.0     0.0      0.0       0.0      0.0       0.0   0.0      0.0      0.0         0         0    0.000       0      0
 Int      0/0    0.00 KB   0.0      0.0     0.0      0.0       0.0      0.0       0.0   0.0      0.0      0.0         0         0    0.000       0      0
Uptime(secs): 2.2 total, 0.0 interval
Flush(GB): cumulative 0.000, interval 0.000
AddFile(GB): cumulative 0.000, interval 0.000
AddFile(Total Files): cumulative 0, interval 0
AddFile(L0 Files): cumulative 0, interval 0
AddFile(Keys): cumulative 0, interval 0
Cumulative compaction: 0.00 GB write, 0.00 MB/s write, 0.00 GB read, 0.00 MB/s read, 0.0 seconds
Interval compaction: 0.00 GB write, 0.00 MB/s write, 0.00 GB read, 0.00 MB/s read, 0.0 seconds
Stalls(count): 0 level0_slowdown, 0 level0_slowdown_with_compaction, 0 level0_numfiles, 0 level0_numfiles_with_compaction, 0 stop for pending_compaction_bytes, 0 slowdown for pending_compaction_bytes, 0 memtable_compaction, 0 memtable_slowdown, interval 0 total count

** File Read Latency Histogram By Level [default] **

** Compaction Stats [usertable] **
Level    Files   Size     Score Read(GB)  Rn(GB) Rnp1(GB) Write(GB) Wnew(GB) Moved(GB) W-Amp Rd(MB/s) Wr(MB/s) Comp(sec) Comp(cnt) Avg(sec) KeyIn KeyDrop
----------------------------------------------------------------------------------------------------------------------------------------------------------
  L0      3/0   359.01 MB   1.5      0.0     0.0      0.0       0.1      0.1       0.0   1.0      0.0    191.8         1         2    0.391       0      0
  L1      9/0   462.77 MB   0.9      0.0     0.0      0.0       0.0      0.0       0.0   0.0      0.0      0.0         0         0    0.000       0      0
  L2    172/0    4.99 GB   1.0      0.0     0.0      0.0       0.0      0.0       0.0   0.0      0.0      0.0         0         0    0.000       0      0
  L3    550/0   34.38 GB   0.7      0.0     0.0      0.0       0.0      0.0       0.0   0.0      0.0      0.0         0         0    0.000       0      0
 Sum    734/0   40.18 GB   0.0      0.0     0.0      0.0       0.1      0.1       0.0   1.0      0.0    191.8         1         2    0.391       0      0
 Int      0/0    0.00 KB   0.0      0.0     0.0      0.0       0.0      0.0       0.0   0.0      0.0      0.0         0         0    0.000       0      0
Uptime(secs): 2.2 total, 0.0 interval
Flush(GB): cumulative 0.147, interval 0.000
AddFile(GB): cumulative 0.000, interval 0.000
AddFile(Total Files): cumulative 0, interval 0
AddFile(L0 Files): cumulative 0, interval 0
AddFile(Keys): cumulative 0, interval 0
Cumulative compaction: 0.15 GB write, 68.44 MB/s write, 0.00 GB read, 0.00 MB/s read, 0.8 seconds
Interval compaction: 0.00 GB write, 0.00 MB/s write, 0.00 GB read, 0.00 MB/s read, 0.0 seconds
Stalls(count): 0 level0_slowdown, 0 level0_slowdown_with_compaction, 0 level0_numfiles, 0 level0_numfiles_with_compaction, 0 stop for pending_compaction_bytes, 0 slowdown for pending_compaction_bytes, 0 memtable_compaction, 0 memtable_slowdown, interval 0 total count

** File Read Latency Histogram By Level [usertable] **
2019/03/09-22:49:17.694375 7fc35a7fc700 (Original Log Time 2019/03/09-22:49:17.632614) [db/db_impl_compaction_flush.cc:1835] [usertable] Moving #1284 to level-1 219051179 bytes
2019/03/09-22:49:17.694379 7fc35a7fc700 (Original Log Time 2019/03/09-22:49:17.694308) EVENT_LOG_v1 {"time_micros": 1552200557694299, "job": 3, "event": "trivial_move", "destination_level": 1, "files": 1, "total_files_size": 219051179}
2019/03/09-22:49:17.694380 7fc35a7fc700 (Original Log Time 2019/03/09-22:49:17.694320) [db/db_impl_compaction_flush.cc:1864] [usertable] Moved #1 files to level-1 219051179 bytes OK: base level 1 max bytes base 536870912 files[2 10 172 550 0 0 0] max score 1.31
2019/03/09-22:49:17.694452 7fc35a7fc700 [db/compaction_job.cc:1531] [usertable] [JOB 4] Compacting 1@1 files to L2, score 1.31
2019/03/09-22:49:17.694460 7fc35a7fc700 [db/compaction_job.cc:1535] [usertable] Compaction start summary: Base version 6 Base level 1, inputs: [1284(208MB)]
2019/03/09-22:49:17.694488 7fc35a7fc700 EVENT_LOG_v1 {"time_micros": 1552200557694465, "job": 4, "event": "compaction_started", "compaction_reason": "LevelMaxLevelSize", "files_L1": [1284], "score": 1.31186, "input_data_size": 219051179}
2019/03/09-22:49:18.900305 7fc35a7fc700 [db/compaction_job.cc:1211] [usertable] [JOB 4] Generated table #1310: 16279 keys, 67233385 bytes
2019/03/09-22:49:18.900366 7fc35a7fc700 EVENT_LOG_v1 {"time_micros": 1552200558900331, "cf_name": "usertable", "job": 4, "event": "table_file_creation", "file_number": 1310, "file_size": 67233385, "table_properties": {"data_size": 67118331, "index_size": 299107, "filter_size": 0, "raw_key_size": 390696, "raw_average_key_size": 24, "raw_value_size": 66678784, "raw_average_value_size": 4096, "num_data_blocks": 8140, "num_entries": 16279, "filter_policy_name": "", "kDeletedKeys": "0", "kMergeOperands": "0"}}
2019/03/09-22:49:19.735199 7fc35a7fc700 [db/compaction_job.cc:1211] [usertable] [JOB 4] Generated table #1311: 16279 keys, 67233525 bytes
2019/03/09-22:49:19.735240 7fc35a7fc700 EVENT_LOG_v1 {"time_micros": 1552200559735224, "cf_name": "usertable", "job": 4, "event": "table_file_creation", "file_number": 1311, "file_size": 67233525, "table_properties": {"data_size": 67120139, "index_size": 300916, "filter_size": 0, "raw_key_size": 390696, "raw_average_key_size": 24, "raw_value_size": 66678784, "raw_average_value_size": 4096, "num_data_blocks": 8140, "num_entries": 16279, "filter_policy_name": "", "kDeletedKeys": "0", "kMergeOperands": "0"}}
2019/03/09-22:49:21.040830 7fc35a7fc700 [db/compaction_job.cc:1211] [usertable] [JOB 4] Generated table #1312: 16279 keys, 67233365 bytes
2019/03/09-22:49:21.040872 7fc35a7fc700 EVENT_LOG_v1 {"time_micros": 1552200561040855, "cf_name": "usertable", "job": 4, "event": "table_file_creation", "file_number": 1312, "file_size": 67233365, "table_properties": {"data_size": 67118331, "index_size": 299108, "filter_size": 0, "raw_key_size": 390696, "raw_average_key_size": 24, "raw_value_size": 66678784, "raw_average_value_size": 4096, "num_data_blocks": 8140, "num_entries": 16279, "filter_policy_name": "", "kDeletedKeys": "0", "kMergeOperands": "0"}}
2019/03/09-22:49:21.647822 7fc35a7fc700 [db/compaction_job.cc:1211] [usertable] [JOB 4] Generated table #1313: 4056 keys, 16752368 bytes
2019/03/09-22:49:21.647863 7fc35a7fc700 EVENT_LOG_v1 {"time_micros": 1552200561647846, "cf_name": "usertable", "job": 4, "event": "table_file_creation", "file_number": 1313, "file_size": 16752368, "table_properties": {"data_size": 16723339, "index_size": 74772, "filter_size": 0, "raw_key_size": 97344, "raw_average_key_size": 24, "raw_value_size": 16613376, "raw_average_value_size": 4096, "num_data_blocks": 2028, "num_entries": 4056, "filter_policy_name": "", "kDeletedKeys": "0", "kMergeOperands": "0"}}
2019/03/09-22:49:21.647908 7fc35a7fc700 [db/compaction_job.cc:1287] [usertable] [JOB 4] Compacted 1@1 files to L2 => 218452643 bytes
2019/03/09-22:49:21.686417 7fc35a7fc700 (Original Log Time 2019/03/09-22:49:21.686342) [db/compaction_job.cc:685] [usertable] compacted to: base level 1 max bytes base 536870912 files[2 9 176 550 0 0 0] max score 1.04, MB/sec: 55.4 rd, 55.3 wr, level 2, files in(1, 0) out(4) MB in(208.9, 0.0) out(208.3), read-write-amplify(2.0) write-amplify(1.0) OK, records in: 52893, records dropped: 0 output_compression: LZ4
2019/03/09-22:49:21.686423 7fc35a7fc700 (Original Log Time 2019/03/09-22:49:21.686368) EVENT_LOG_v1 {"time_micros": 1552200561686357, "job": 4, "event": "compaction_finished", "compaction_time_micros": 3953386, "output_level": 2, "num_output_files": 4, "total_output_size": 218452643, "num_input_records": 52893, "num_output_records": 52893, "num_subcompactions": 1, "output_compression": "LZ4", "num_single_delete_mismatches": 0, "num_single_delete_fallthrough": 0, "lsm_state": [2, 9, 176, 550, 0, 0, 0]}
2019/03/09-22:49:21.724240 7fc35a7fc700 (Original Log Time 2019/03/09-22:49:21.686622) [db/db_impl_compaction_flush.cc:1835] [usertable] Moving #1311 to level-3 67233525 bytes
2019/03/09-22:49:21.724244 7fc35a7fc700 (Original Log Time 2019/03/09-22:49:21.724210) EVENT_LOG_v1 {"time_micros": 1552200561724206, "job": 5, "event": "trivial_move", "destination_level": 3, "files": 1, "total_files_size": 67233525}
2019/03/09-22:49:21.724246 7fc35a7fc700 (Original Log Time 2019/03/09-22:49:21.724216) [db/db_impl_compaction_flush.cc:1864] [usertable] Moved #1 files to level-3 67233525 bytes OK: base level 1 max bytes base 536870912 files[2 9 175 551 0 0 0] max score 1.03
2019/03/09-22:49:21.738875 7fc35a7fc700 EVENT_LOG_v1 {"time_micros": 1552200561738871, "job": 5, "event": "table_file_deletion", "file_number": 1284}
2019/03/09-22:49:21.776469 7fc35a7fc700 (Original Log Time 2019/03/09-22:49:21.738962) [db/db_impl_compaction_flush.cc:1835] [usertable] Moving #1310 to level-3 67233385 bytes
2019/03/09-22:49:21.776473 7fc35a7fc700 (Original Log Time 2019/03/09-22:49:21.776447) EVENT_LOG_v1 {"time_micros": 1552200561776444, "job": 6, "event": "trivial_move", "destination_level": 3, "files": 1, "total_files_size": 67233385}
2019/03/09-22:49:21.776474 7fc35a7fc700 (Original Log Time 2019/03/09-22:49:21.776453) [db/db_impl_compaction_flush.cc:1864] [usertable] Moved #1 files to level-3 67233385 bytes OK: base level 1 max bytes base 536870912 files[2 9 174 552 0 0 0] max score 1.01
2019/03/09-22:49:21.814717 7fc35a7fc700 (Original Log Time 2019/03/09-22:49:21.776636) [db/db_impl_compaction_flush.cc:1835] [usertable] Moving #1312 to level-3 67233365 bytes
2019/03/09-22:49:21.814720 7fc35a7fc700 (Original Log Time 2019/03/09-22:49:21.814688) EVENT_LOG_v1 {"time_micros": 1552200561814685, "job": 7, "event": "trivial_move", "destination_level": 3, "files": 1, "total_files_size": 67233365}
2019/03/09-22:49:21.814722 7fc35a7fc700 (Original Log Time 2019/03/09-22:49:21.814694) [db/db_impl_compaction_flush.cc:1864] [usertable] Moved #1 files to level-3 67233365 bytes OK: base level 1 max bytes base 536870912 files[2 9 173 553 0 0 0] max score 1.00
2019/03/09-22:49:21.851831 7fc35a7fc700 (Original Log Time 2019/03/09-22:49:21.814875) [db/db_impl_compaction_flush.cc:1835] [usertable] Moving #362 to level-3 42036167 bytes
2019/03/09-22:49:21.851835 7fc35a7fc700 (Original Log Time 2019/03/09-22:49:21.851806) EVENT_LOG_v1 {"time_micros": 1552200561851803, "job": 8, "event": "trivial_move", "destination_level": 3, "files": 1, "total_files_size": 42036167}
