2019/03/18-23:54:01.797370 7f384e14b700 RocksDB version: 5.14.3
2019/03/18-23:54:01.797439 7f384e14b700 Git sha rocksdb_build_git_sha:
2019/03/18-23:54:01.797442 7f384e14b700 Compile date Oct  9 2018
2019/03/18-23:54:01.797446 7f384e14b700 DB SUMMARY
2019/03/18-23:54:01.798097 7f384e14b700 CURRENT file:  CURRENT
2019/03/18-23:54:01.798101 7f384e14b700 IDENTITY file:  IDENTITY
2019/03/18-23:54:01.798111 7f384e14b700 MANIFEST file:  MANIFEST-000004 size: 128679 Bytes
2019/03/18-23:54:01.798116 7f384e14b700 SST files in /mnt/sdb/ycsb-rocksdb-data dir, Total Num: 728, files: 000021.sst 000022.sst 000023.sst 000024.sst 000028.sst 000029.sst 000030.sst 000031.sst 000035.sst 
2019/03/18-23:54:01.798122 7f384e14b700 Write Ahead Log file in /mnt/sdb/ycsb-rocksdb-data: 001308.log size: 114311879 ; 001314.log size: 71943088 ; 
2019/03/18-23:54:01.798149 7f384e14b700                         Options.error_if_exists: 0
2019/03/18-23:54:01.798151 7f384e14b700                       Options.create_if_missing: 1
2019/03/18-23:54:01.798152 7f384e14b700                         Options.paranoid_checks: 1
2019/03/18-23:54:01.798153 7f384e14b700                                     Options.env: 0x7f384d7c6080
2019/03/18-23:54:01.798154 7f384e14b700                                Options.info_log: 0x7f37e83d3fa0
2019/03/18-23:54:01.798154 7f384e14b700                Options.max_file_opening_threads: 16
2019/03/18-23:54:01.798155 7f384e14b700                              Options.statistics: (nil)
2019/03/18-23:54:01.798157 7f384e14b700                               Options.use_fsync: 0
2019/03/18-23:54:01.798157 7f384e14b700                       Options.max_log_file_size: 0
2019/03/18-23:54:01.798158 7f384e14b700                  Options.max_manifest_file_size: 18446744073709551615
2019/03/18-23:54:01.798159 7f384e14b700                   Options.log_file_time_to_roll: 0
2019/03/18-23:54:01.798160 7f384e14b700                       Options.keep_log_file_num: 1000
2019/03/18-23:54:01.798161 7f384e14b700                    Options.recycle_log_file_num: 0
2019/03/18-23:54:01.798162 7f384e14b700                         Options.allow_fallocate: 1
2019/03/18-23:54:01.798163 7f384e14b700                        Options.allow_mmap_reads: 0
2019/03/18-23:54:01.798164 7f384e14b700                       Options.allow_mmap_writes: 0
2019/03/18-23:54:01.798164 7f384e14b700                        Options.use_direct_reads: 0
2019/03/18-23:54:01.798165 7f384e14b700                        Options.use_direct_io_for_flush_and_compaction: 0
2019/03/18-23:54:01.798166 7f384e14b700          Options.create_missing_column_families: 1
2019/03/18-23:54:01.798167 7f384e14b700                              Options.db_log_dir: 
2019/03/18-23:54:01.798168 7f384e14b700                                 Options.wal_dir: /mnt/sdb/ycsb-rocksdb-data
2019/03/18-23:54:01.798169 7f384e14b700                Options.table_cache_numshardbits: 6
2019/03/18-23:54:01.798170 7f384e14b700                      Options.max_subcompactions: 4
2019/03/18-23:54:01.798171 7f384e14b700                  Options.max_background_flushes: 24
2019/03/18-23:54:01.798172 7f384e14b700                         Options.WAL_ttl_seconds: 0
2019/03/18-23:54:01.798173 7f384e14b700                       Options.WAL_size_limit_MB: 0
2019/03/18-23:54:01.798174 7f384e14b700             Options.manifest_preallocation_size: 4194304
2019/03/18-23:54:01.798175 7f384e14b700                     Options.is_fd_close_on_exec: 1
2019/03/18-23:54:01.798175 7f384e14b700                   Options.advise_random_on_open: 1
2019/03/18-23:54:01.798176 7f384e14b700                    Options.db_write_buffer_size: 0
2019/03/18-23:54:01.798177 7f384e14b700                    Options.write_buffer_manager: 0x7f37e83d3990
2019/03/18-23:54:01.798178 7f384e14b700         Options.access_hint_on_compaction_start: 1
2019/03/18-23:54:01.798179 7f384e14b700  Options.new_table_reader_for_compaction_inputs: 0
2019/03/18-23:54:01.798180 7f384e14b700           Options.random_access_max_buffer_size: 1048576
2019/03/18-23:54:01.798180 7f384e14b700                      Options.use_adaptive_mutex: 0
2019/03/18-23:54:01.798181 7f384e14b700                            Options.rate_limiter: (nil)
2019/03/18-23:54:01.798197 7f384e14b700     Options.sst_file_manager.rate_bytes_per_sec: 0
2019/03/18-23:54:01.798199 7f384e14b700                       Options.wal_recovery_mode: 2
2019/03/18-23:54:01.798199 7f384e14b700                  Options.enable_thread_tracking: 0
2019/03/18-23:54:01.798200 7f384e14b700                  Options.enable_pipelined_write: 1
2019/03/18-23:54:01.798201 7f384e14b700         Options.allow_concurrent_memtable_write: 1
2019/03/18-23:54:01.798202 7f384e14b700      Options.enable_write_thread_adaptive_yield: 1
2019/03/18-23:54:01.798203 7f384e14b700             Options.write_thread_max_yield_usec: 100
2019/03/18-23:54:01.798204 7f384e14b700            Options.write_thread_slow_yield_usec: 3
2019/03/18-23:54:01.798204 7f384e14b700                               Options.row_cache: None
2019/03/18-23:54:01.798205 7f384e14b700                              Options.wal_filter: None
2019/03/18-23:54:01.798206 7f384e14b700             Options.avoid_flush_during_recovery: 0
2019/03/18-23:54:01.798207 7f384e14b700             Options.allow_ingest_behind: 0
2019/03/18-23:54:01.798208 7f384e14b700             Options.preserve_deletes: 0
2019/03/18-23:54:01.798209 7f384e14b700             Options.two_write_queues: 0
2019/03/18-23:54:01.798210 7f384e14b700             Options.manual_wal_flush: 0
2019/03/18-23:54:01.798212 7f384e14b700             Options.max_background_jobs: 24
2019/03/18-23:54:01.798213 7f384e14b700             Options.max_background_compactions: 24
2019/03/18-23:54:01.798214 7f384e14b700             Options.avoid_flush_during_shutdown: 0
2019/03/18-23:54:01.798215 7f384e14b700           Options.writable_file_max_buffer_size: 1048576
2019/03/18-23:54:01.798216 7f384e14b700             Options.delayed_write_rate : 16777216
2019/03/18-23:54:01.798217 7f384e14b700             Options.max_total_wal_size: 0
2019/03/18-23:54:01.798218 7f384e14b700             Options.delete_obsolete_files_period_micros: 21600000000
2019/03/18-23:54:01.798219 7f384e14b700                   Options.stats_dump_period_sec: 60
2019/03/18-23:54:01.798220 7f384e14b700                          Options.max_open_files: -1
2019/03/18-23:54:01.798220 7f384e14b700                          Options.bytes_per_sync: 1048576
2019/03/18-23:54:01.798221 7f384e14b700                      Options.wal_bytes_per_sync: 0
2019/03/18-23:54:01.798222 7f384e14b700       Options.compaction_readahead_size: 0
2019/03/18-23:54:01.798223 7f384e14b700 Compression algorithms supported:
2019/03/18-23:54:01.798225 7f384e14b700 	kZSTDNotFinalCompression supported: 1
2019/03/18-23:54:01.798234 7f384e14b700 	kZSTD supported: 1
2019/03/18-23:54:01.798235 7f384e14b700 	kXpressCompression supported: 0
2019/03/18-23:54:01.798236 7f384e14b700 	kLZ4HCCompression supported: 1
2019/03/18-23:54:01.798237 7f384e14b700 	kLZ4Compression supported: 1
2019/03/18-23:54:01.798239 7f384e14b700 	kBZip2Compression supported: 1
2019/03/18-23:54:01.798240 7f384e14b700 	kZlibCompression supported: 1
2019/03/18-23:54:01.798241 7f384e14b700 	kSnappyCompression supported: 1
2019/03/18-23:54:01.798244 7f384e14b700 Fast CRC32 supported: Not supported on x86
2019/03/18-23:54:01.798706 7f384e14b700 [db/version_set.cc:3085] Recovering from manifest file: MANIFEST-000004
2019/03/18-23:54:01.798811 7f384e14b700 [db/column_family.cc:475] --------------- Options for column family [default]:
2019/03/18-23:54:01.798816 7f384e14b700               Options.comparator: leveldb.BytewiseComparator
2019/03/18-23:54:01.798817 7f384e14b700           Options.merge_operator: None
2019/03/18-23:54:01.798818 7f384e14b700        Options.compaction_filter: None
2019/03/18-23:54:01.798819 7f384e14b700        Options.compaction_filter_factory: None
2019/03/18-23:54:01.798820 7f384e14b700         Options.memtable_factory: SkipListFactory
2019/03/18-23:54:01.798821 7f384e14b700            Options.table_factory: BlockBasedTable
2019/03/18-23:54:01.798847 7f384e14b700            table_factory options:   flush_block_policy_factory: FlushBlockBySizePolicyFactory (0x7f37e83d4560)
  cache_index_and_filter_blocks: 0
  cache_index_and_filter_blocks_with_high_priority: 0
  pin_l0_filter_and_index_blocks_in_cache: 0
  index_type: 0
  hash_index_allow_collision: 1
  checksum: 1
  no_block_cache: 0
  block_cache: 0x7f37e83c6450
  block_cache_name: LRUCache
  block_cache_options:
    capacity : 8388608
    num_shard_bits : 4
    strict_capacity_limit : 0
    high_pri_pool_ratio: 0.000
  block_cache_compressed: (nil)
  persistent_cache: (nil)
  block_size: 8192
  block_size_deviation: 10
  block_restart_interval: 16
  index_block_restart_interval: 1
  metadata_block_size: 4096
  partition_filters: 0
  use_delta_encoding: 1
  filter_policy: nullptr
  whole_key_filtering: 1
  verify_compression: 0
  read_amp_bytes_per_bit: 0
  format_version: 2
  enable_index_compression: 1
  block_align: 0
2019/03/18-23:54:01.798860 7f384e14b700        Options.write_buffer_size: 134217728
2019/03/18-23:54:01.798862 7f384e14b700  Options.max_write_buffer_number: 24
2019/03/18-23:54:01.798864 7f384e14b700        Options.compression[0]: NoCompression
2019/03/18-23:54:01.798865 7f384e14b700        Options.compression[1]: NoCompression
2019/03/18-23:54:01.798866 7f384e14b700        Options.compression[2]: LZ4
2019/03/18-23:54:01.798868 7f384e14b700        Options.compression[3]: LZ4
2019/03/18-23:54:01.798869 7f384e14b700        Options.compression[4]: LZ4
2019/03/18-23:54:01.798870 7f384e14b700        Options.compression[5]: LZ4
2019/03/18-23:54:01.798871 7f384e14b700        Options.compression[6]: LZ4
2019/03/18-23:54:01.798872 7f384e14b700                  Options.bottommost_compression: Disabled
2019/03/18-23:54:01.798873 7f384e14b700       Options.prefix_extractor: nullptr
2019/03/18-23:54:01.798874 7f384e14b700   Options.memtable_insert_with_hint_prefix_extractor: nullptr
2019/03/18-23:54:01.798875 7f384e14b700             Options.num_levels: 7
2019/03/18-23:54:01.798876 7f384e14b700        Options.min_write_buffer_number_to_merge: 2
2019/03/18-23:54:01.798876 7f384e14b700     Options.max_write_buffer_number_to_maintain: 0
2019/03/18-23:54:01.798877 7f384e14b700            Options.compression_opts.window_bits: -14
2019/03/18-23:54:01.798878 7f384e14b700                  Options.compression_opts.level: -1
2019/03/18-23:54:01.798879 7f384e14b700               Options.compression_opts.strategy: 0
2019/03/18-23:54:01.798880 7f384e14b700         Options.compression_opts.max_dict_bytes: 0
2019/03/18-23:54:01.798881 7f384e14b700         Options.compression_opts.zstd_max_train_bytes: 0
2019/03/18-23:54:01.798882 7f384e14b700      Options.level0_file_num_compaction_trigger: 2
2019/03/18-23:54:01.798883 7f384e14b700          Options.level0_slowdown_writes_trigger: 20
2019/03/18-23:54:01.798883 7f384e14b700              Options.level0_stop_writes_trigger: 36
2019/03/18-23:54:01.798884 7f384e14b700                   Options.target_file_size_base: 67108864
2019/03/18-23:54:01.798885 7f384e14b700             Options.target_file_size_multiplier: 1
2019/03/18-23:54:01.798886 7f384e14b700                Options.max_bytes_for_level_base: 536870912
2019/03/18-23:54:01.798887 7f384e14b700 Options.level_compaction_dynamic_level_bytes: 0
2019/03/18-23:54:01.798888 7f384e14b700          Options.max_bytes_for_level_multiplier: 10.000000
2019/03/18-23:54:01.798891 7f384e14b700 Options.max_bytes_for_level_multiplier_addtl[0]: 1
2019/03/18-23:54:01.798892 7f384e14b700 Options.max_bytes_for_level_multiplier_addtl[1]: 1
2019/03/18-23:54:01.798893 7f384e14b700 Options.max_bytes_for_level_multiplier_addtl[2]: 1
2019/03/18-23:54:01.798894 7f384e14b700 Options.max_bytes_for_level_multiplier_addtl[3]: 1
2019/03/18-23:54:01.798895 7f384e14b700 Options.max_bytes_for_level_multiplier_addtl[4]: 1
2019/03/18-23:54:01.798896 7f384e14b700 Options.max_bytes_for_level_multiplier_addtl[5]: 1
2019/03/18-23:54:01.798897 7f384e14b700 Options.max_bytes_for_level_multiplier_addtl[6]: 1
2019/03/18-23:54:01.798897 7f384e14b700       Options.max_sequential_skip_in_iterations: 8
2019/03/18-23:54:01.798898 7f384e14b700                    Options.max_compaction_bytes: 1677721600
2019/03/18-23:54:01.798905 7f384e14b700                        Options.arena_block_size: 16777216
2019/03/18-23:54:01.798907 7f384e14b700   Options.soft_pending_compaction_bytes_limit: 68719476736
2019/03/18-23:54:01.798908 7f384e14b700   Options.hard_pending_compaction_bytes_limit: 274877906944
2019/03/18-23:54:01.798909 7f384e14b700       Options.rate_limit_delay_max_milliseconds: 100
2019/03/18-23:54:01.798909 7f384e14b700                Options.disable_auto_compactions: 0
2019/03/18-23:54:01.798911 7f384e14b700                        Options.compaction_style: kCompactionStyleLevel
2019/03/18-23:54:01.798913 7f384e14b700                          Options.compaction_pri: kByCompensatedSize
2019/03/18-23:54:01.798914 7f384e14b700 Options.compaction_options_universal.size_ratio: 1
2019/03/18-23:54:01.798914 7f384e14b700 Options.compaction_options_universal.min_merge_width: 2
2019/03/18-23:54:01.798915 7f384e14b700 Options.compaction_options_universal.max_merge_width: 4294967295
2019/03/18-23:54:01.798916 7f384e14b700 Options.compaction_options_universal.max_size_amplification_percent: 200
2019/03/18-23:54:01.798917 7f384e14b700 Options.compaction_options_universal.compression_size_percent: -1
2019/03/18-23:54:01.798918 7f384e14b700 Options.compaction_options_universal.stop_style: kCompactionStopStyleTotalSize
2019/03/18-23:54:01.798919 7f384e14b700 Options.compaction_options_fifo.max_table_files_size: 1073741824
2019/03/18-23:54:01.798920 7f384e14b700 Options.compaction_options_fifo.allow_compaction: 0
2019/03/18-23:54:01.798921 7f384e14b700 Options.compaction_options_fifo.ttl: 0
2019/03/18-23:54:01.798922 7f384e14b700                   Options.table_properties_collectors: 
2019/03/18-23:54:01.798923 7f384e14b700                   Options.inplace_update_support: 0
2019/03/18-23:54:01.798924 7f384e14b700                 Options.inplace_update_num_locks: 10000
2019/03/18-23:54:01.798925 7f384e14b700               Options.memtable_prefix_bloom_size_ratio: 0.000000
2019/03/18-23:54:01.798926 7f384e14b700   Options.memtable_huge_page_size: 0
2019/03/18-23:54:01.798927 7f384e14b700                           Options.bloom_locality: 0
2019/03/18-23:54:01.798928 7f384e14b700                    Options.max_successive_merges: 0
2019/03/18-23:54:01.798929 7f384e14b700                Options.optimize_filters_for_hits: 0
2019/03/18-23:54:01.798930 7f384e14b700                Options.paranoid_file_checks: 0
2019/03/18-23:54:01.798931 7f384e14b700                Options.force_consistency_checks: 0
2019/03/18-23:54:01.798931 7f384e14b700                Options.report_bg_io_stats: 0
2019/03/18-23:54:01.798932 7f384e14b700                               Options.ttl: 0
2019/03/18-23:54:01.799463 7f384e14b700 [db/column_family.cc:475] --------------- Options for column family [usertable]:
2019/03/18-23:54:01.799467 7f384e14b700               Options.comparator: leveldb.BytewiseComparator
2019/03/18-23:54:01.799470 7f384e14b700           Options.merge_operator: None
2019/03/18-23:54:01.799472 7f384e14b700        Options.compaction_filter: None
2019/03/18-23:54:01.799473 7f384e14b700        Options.compaction_filter_factory: None
2019/03/18-23:54:01.799475 7f384e14b700         Options.memtable_factory: SkipListFactory
2019/03/18-23:54:01.799477 7f384e14b700            Options.table_factory: BlockBasedTable
2019/03/18-23:54:01.799511 7f384e14b700            table_factory options:   flush_block_policy_factory: FlushBlockBySizePolicyFactory (0x7f37e83d7e00)
  cache_index_and_filter_blocks: 0
  cache_index_and_filter_blocks_with_high_priority: 0
  pin_l0_filter_and_index_blocks_in_cache: 0
  index_type: 0
  hash_index_allow_collision: 1
  checksum: 1
  no_block_cache: 0
  block_cache: 0x7f37e83d5e50
  block_cache_name: LRUCache
  block_cache_options:
    capacity : 8388608
    num_shard_bits : 4
    strict_capacity_limit : 0
    high_pri_pool_ratio: 0.000
  block_cache_compressed: (nil)
  persistent_cache: (nil)
  block_size: 8192
  block_size_deviation: 10
  block_restart_interval: 16
  index_block_restart_interval: 1
  metadata_block_size: 4096
  partition_filters: 0
  use_delta_encoding: 1
  filter_policy: nullptr
  whole_key_filtering: 1
  verify_compression: 0
  read_amp_bytes_per_bit: 0
  format_version: 2
  enable_index_compression: 1
  block_align: 0
2019/03/18-23:54:01.799531 7f384e14b700        Options.write_buffer_size: 134217728
2019/03/18-23:54:01.799534 7f384e14b700  Options.max_write_buffer_number: 24
2019/03/18-23:54:01.799536 7f384e14b700        Options.compression[0]: NoCompression
2019/03/18-23:54:01.799539 7f384e14b700        Options.compression[1]: NoCompression
2019/03/18-23:54:01.799541 7f384e14b700        Options.compression[2]: LZ4
2019/03/18-23:54:01.799543 7f384e14b700        Options.compression[3]: LZ4
2019/03/18-23:54:01.799545 7f384e14b700        Options.compression[4]: LZ4
2019/03/18-23:54:01.799547 7f384e14b700        Options.compression[5]: LZ4
2019/03/18-23:54:01.799549 7f384e14b700        Options.compression[6]: LZ4
2019/03/18-23:54:01.799551 7f384e14b700                  Options.bottommost_compression: Disabled
2019/03/18-23:54:01.799553 7f384e14b700       Options.prefix_extractor: nullptr
2019/03/18-23:54:01.799555 7f384e14b700   Options.memtable_insert_with_hint_prefix_extractor: nullptr
2019/03/18-23:54:01.799557 7f384e14b700             Options.num_levels: 7
2019/03/18-23:54:01.799559 7f384e14b700        Options.min_write_buffer_number_to_merge: 2
2019/03/18-23:54:01.799561 7f384e14b700     Options.max_write_buffer_number_to_maintain: 0
2019/03/18-23:54:01.799562 7f384e14b700            Options.compression_opts.window_bits: -14
2019/03/18-23:54:01.799564 7f384e14b700                  Options.compression_opts.level: -1
2019/03/18-23:54:01.799566 7f384e14b700               Options.compression_opts.strategy: 0
2019/03/18-23:54:01.799568 7f384e14b700         Options.compression_opts.max_dict_bytes: 0
2019/03/18-23:54:01.799570 7f384e14b700         Options.compression_opts.zstd_max_train_bytes: 0
2019/03/18-23:54:01.799571 7f384e14b700      Options.level0_file_num_compaction_trigger: 2
2019/03/18-23:54:01.799573 7f384e14b700          Options.level0_slowdown_writes_trigger: 20
2019/03/18-23:54:01.799575 7f384e14b700              Options.level0_stop_writes_trigger: 36
2019/03/18-23:54:01.799577 7f384e14b700                   Options.target_file_size_base: 67108864
2019/03/18-23:54:01.799579 7f384e14b700             Options.target_file_size_multiplier: 1
2019/03/18-23:54:01.799580 7f384e14b700                Options.max_bytes_for_level_base: 536870912
2019/03/18-23:54:01.799582 7f384e14b700 Options.level_compaction_dynamic_level_bytes: 0
2019/03/18-23:54:01.799584 7f384e14b700          Options.max_bytes_for_level_multiplier: 10.000000
2019/03/18-23:54:01.799587 7f384e14b700 Options.max_bytes_for_level_multiplier_addtl[0]: 1
2019/03/18-23:54:01.799589 7f384e14b700 Options.max_bytes_for_level_multiplier_addtl[1]: 1
2019/03/18-23:54:01.799591 7f384e14b700 Options.max_bytes_for_level_multiplier_addtl[2]: 1
2019/03/18-23:54:01.799593 7f384e14b700 Options.max_bytes_for_level_multiplier_addtl[3]: 1
2019/03/18-23:54:01.799595 7f384e14b700 Options.max_bytes_for_level_multiplier_addtl[4]: 1
2019/03/18-23:54:01.799597 7f384e14b700 Options.max_bytes_for_level_multiplier_addtl[5]: 1
2019/03/18-23:54:01.799598 7f384e14b700 Options.max_bytes_for_level_multiplier_addtl[6]: 1
2019/03/18-23:54:01.799600 7f384e14b700       Options.max_sequential_skip_in_iterations: 8
2019/03/18-23:54:01.799602 7f384e14b700                    Options.max_compaction_bytes: 1677721600
2019/03/18-23:54:01.799603 7f384e14b700                        Options.arena_block_size: 16777216
2019/03/18-23:54:01.799605 7f384e14b700   Options.soft_pending_compaction_bytes_limit: 68719476736
2019/03/18-23:54:01.799607 7f384e14b700   Options.hard_pending_compaction_bytes_limit: 274877906944
2019/03/18-23:54:01.799609 7f384e14b700       Options.rate_limit_delay_max_milliseconds: 100
2019/03/18-23:54:01.799611 7f384e14b700                Options.disable_auto_compactions: 0
2019/03/18-23:54:01.799613 7f384e14b700                        Options.compaction_style: kCompactionStyleLevel
2019/03/18-23:54:01.799624 7f384e14b700                          Options.compaction_pri: kByCompensatedSize
2019/03/18-23:54:01.799626 7f384e14b700 Options.compaction_options_universal.size_ratio: 1
2019/03/18-23:54:01.799628 7f384e14b700 Options.compaction_options_universal.min_merge_width: 2
2019/03/18-23:54:01.799630 7f384e14b700 Options.compaction_options_universal.max_merge_width: 4294967295
2019/03/18-23:54:01.799632 7f384e14b700 Options.compaction_options_universal.max_size_amplification_percent: 200
2019/03/18-23:54:01.799633 7f384e14b700 Options.compaction_options_universal.compression_size_percent: -1
2019/03/18-23:54:01.799635 7f384e14b700 Options.compaction_options_universal.stop_style: kCompactionStopStyleTotalSize
2019/03/18-23:54:01.799637 7f384e14b700 Options.compaction_options_fifo.max_table_files_size: 1073741824
2019/03/18-23:54:01.799639 7f384e14b700 Options.compaction_options_fifo.allow_compaction: 0
2019/03/18-23:54:01.799641 7f384e14b700 Options.compaction_options_fifo.ttl: 0
2019/03/18-23:54:01.799643 7f384e14b700                   Options.table_properties_collectors: 
2019/03/18-23:54:01.799645 7f384e14b700                   Options.inplace_update_support: 0
2019/03/18-23:54:01.799646 7f384e14b700                 Options.inplace_update_num_locks: 10000
2019/03/18-23:54:01.799648 7f384e14b700               Options.memtable_prefix_bloom_size_ratio: 0.000000
2019/03/18-23:54:01.799651 7f384e14b700   Options.memtable_huge_page_size: 0
2019/03/18-23:54:01.799652 7f384e14b700                           Options.bloom_locality: 0
2019/03/18-23:54:01.799654 7f384e14b700                    Options.max_successive_merges: 0
2019/03/18-23:54:01.799656 7f384e14b700                Options.optimize_filters_for_hits: 0
2019/03/18-23:54:01.799658 7f384e14b700                Options.paranoid_file_checks: 0
2019/03/18-23:54:01.799659 7f384e14b700                Options.force_consistency_checks: 0
2019/03/18-23:54:01.799661 7f384e14b700                Options.report_bg_io_stats: 0
2019/03/18-23:54:01.799663 7f384e14b700                               Options.ttl: 0
2019/03/18-23:54:02.329040 7f384e14b700 [db/version_set.cc:3361] Recovered from manifest file:/mnt/sdb/ycsb-rocksdb-data/MANIFEST-000004 succeeded,manifest_file_number is 4, next_file_number is 1315, last_sequence is 10418864, log_number is 0,prev_log_number is 0,max_column_family is 1,min_log_number_to_keep is 0
2019/03/18-23:54:02.329051 7f384e14b700 [db/version_set.cc:3369] Column family [default] (ID 0), log number is 0
2019/03/18-23:54:02.329053 7f384e14b700 [db/version_set.cc:3369] Column family [usertable] (ID 1), log number is 1308
2019/03/18-23:54:02.331346 7f384e14b700 EVENT_LOG_v1 {"time_micros": 1552978442331322, "job": 1, "event": "recovery_started", "log_files": [1308, 1314]}
2019/03/18-23:54:02.331358 7f384e14b700 [db/db_impl_open.cc:551] Recovering log #1308 mode 2
2019/03/18-23:54:02.684695 7f384e14b700 [db/db_impl_open.cc:551] Recovering log #1314 mode 2
2019/03/18-23:54:03.266512 7f384e14b700 EVENT_LOG_v1 {"time_micros": 1552978443266473, "cf_name": "usertable", "job": 1, "event": "table_file_creation", "file_number": 1315, "file_size": 129902324, "table_properties": {"data_size": 129321395, "index_size": 580007, "filter_size": 0, "raw_key_size": 752760, "raw_average_key_size": 24, "raw_value_size": 128471040, "raw_average_value_size": 4096, "num_data_blocks": 15683, "num_entries": 31365, "filter_policy_name": "", "kDeletedKeys": "0", "kMergeOperands": "0"}}
2019/03/18-23:54:03.438020 7f384e14b700 [db/version_set.cc:2847] Creating manifest 1316
2019/03/18-23:54:03.724710 7f384e14b700 EVENT_LOG_v1 {"time_micros": 1552978443724682, "cf_name": "usertable", "job": 1, "event": "table_file_creation", "file_number": 1317, "file_size": 56567923, "table_properties": {"data_size": 56316071, "index_size": 250931, "filter_size": 0, "raw_key_size": 327816, "raw_average_key_size": 24, "raw_value_size": 55947264, "raw_average_value_size": 4096, "num_data_blocks": 6830, "num_entries": 13659, "filter_policy_name": "", "kDeletedKeys": "0", "kMergeOperands": "0"}}
2019/03/18-23:54:03.753960 7f384e14b700 EVENT_LOG_v1 {"time_micros": 1552978443753949, "job": 1, "event": "recovery_finished"}
2019/03/18-23:54:03.818140 7f384e14b700 [db/db_impl_open.cc:1219] DB pointer 0x7f37e83d9cd0
2019/03/18-23:54:03.818442 7f384cecb700 [WARN] [db/db_impl.cc:491] ------- DUMPING STATS -------
2019/03/18-23:54:03.818490 7f384cecb700 [WARN] [db/db_impl.cc:492] 
** DB Stats **
Uptime(secs): 2.0 total, 2.0 interval
Cumulative writes: 0 writes, 0 keys, 0 commit groups, 0.0 writes per commit group, ingest: 0.00 GB, 0.00 MB/s
Cumulative WAL: 0 writes, 0 syncs, 0.00 writes per sync, written: 0.00 GB, 0.00 MB/s
Cumulative stall: 00:00:0.000 H:M:S, 0.0 percent
Interval writes: 0 writes, 0 keys, 0 commit groups, 0.0 writes per commit group, ingest: 0.00 MB, 0.00 MB/s
Interval WAL: 0 writes, 0 syncs, 0.00 writes per sync, written: 0.00 MB, 0.00 MB/s
Interval stall: 00:00:0.000 H:M:S, 0.0 percent

** Compaction Stats [default] **
Level    Files   Size     Score Read(GB)  Rn(GB) Rnp1(GB) Write(GB) Wnew(GB) Moved(GB) W-Amp Rd(MB/s) Wr(MB/s) Comp(sec) Comp(cnt) Avg(sec) KeyIn KeyDrop
----------------------------------------------------------------------------------------------------------------------------------------------------------
 Sum      0/0    0.00 KB   0.0      0.0     0.0      0.0       0.0      0.0       0.0   0.0      0.0      0.0         0         0    0.000       0      0
 Int      0/0    0.00 KB   0.0      0.0     0.0      0.0       0.0      0.0       0.0   0.0      0.0      0.0         0         0    0.000       0      0
Uptime(secs): 2.0 total, 2.0 interval
Flush(GB): cumulative 0.000, interval 0.000
AddFile(GB): cumulative 0.000, interval 0.000
AddFile(Total Files): cumulative 0, interval 0
AddFile(L0 Files): cumulative 0, interval 0
AddFile(Keys): cumulative 0, interval 0
Cumulative compaction: 0.00 GB write, 0.00 MB/s write, 0.00 GB read, 0.00 MB/s read, 0.0 seconds
Interval compaction: 0.00 GB write, 0.00 MB/s write, 0.00 GB read, 0.00 MB/s read, 0.0 seconds
Stalls(count): 0 level0_slowdown, 0 level0_slowdown_with_compaction, 0 level0_numfiles, 0 level0_numfiles_with_compaction, 0 stop for pending_compaction_bytes, 0 slowdown for pending_compaction_bytes, 0 memtable_compaction, 0 memtable_slowdown, interval 0 total count

** File Read Latency Histogram By Level [default] **

** Compaction Stats [usertable] **
Level    Files   Size     Score Read(GB)  Rn(GB) Rnp1(GB) Write(GB) Wnew(GB) Moved(GB) W-Amp Rd(MB/s) Wr(MB/s) Comp(sec) Comp(cnt) Avg(sec) KeyIn KeyDrop
----------------------------------------------------------------------------------------------------------------------------------------------------------
  L0      3/0   362.32 MB   1.5      0.0     0.0      0.0       0.2      0.2       0.0   1.0      0.0    237.0         1         2    0.375       0      0
  L1      8/0   434.32 MB   0.8      0.0     0.0      0.0       0.0      0.0       0.0   0.0      0.0      0.0         0         0    0.000       0      0
  L2    169/0    4.96 GB   1.0      0.0     0.0      0.0       0.0      0.0       0.0   0.0      0.0      0.0         0         0    0.000       0      0
  L3    550/0   34.44 GB   0.7      0.0     0.0      0.0       0.0      0.0       0.0   0.0      0.0      0.0         0         0    0.000       0      0
 Sum    730/0   40.18 GB   0.0      0.0     0.0      0.0       0.2      0.2       0.0   1.0      0.0    237.0         1         2    0.375       0      0
 Int      0/0    0.00 KB   0.0      0.0     0.0      0.0       0.2      0.2       0.0   1.0      0.0    237.0         1         2    0.375       0      0
Uptime(secs): 2.0 total, 2.0 interval
Flush(GB): cumulative 0.174, interval 0.174
AddFile(GB): cumulative 0.000, interval 0.000
AddFile(Total Files): cumulative 0, interval 0
AddFile(L0 Files): cumulative 0, interval 0
AddFile(Keys): cumulative 0, interval 0
Cumulative compaction: 0.17 GB write, 88.08 MB/s write, 0.00 GB read, 0.00 MB/s read, 0.8 seconds
Interval compaction: 0.17 GB write, 88.08 MB/s write, 0.00 GB read, 0.00 MB/s read, 0.8 seconds
Stalls(count): 0 level0_slowdown, 0 level0_slowdown_with_compaction, 0 level0_numfiles, 0 level0_numfiles_with_compaction, 0 stop for pending_compaction_bytes, 0 slowdown for pending_compaction_bytes, 0 memtable_compaction, 0 memtable_slowdown, interval 0 total count

** File Read Latency Histogram By Level [usertable] **

** Compaction Stats [default] **
Level    Files   Size     Score Read(GB)  Rn(GB) Rnp1(GB) Write(GB) Wnew(GB) Moved(GB) W-Amp Rd(MB/s) Wr(MB/s) Comp(sec) Comp(cnt) Avg(sec) KeyIn KeyDrop
----------------------------------------------------------------------------------------------------------------------------------------------------------
 Sum      0/0    0.00 KB   0.0      0.0     0.0      0.0       0.0      0.0       0.0   0.0      0.0      0.0         0         0    0.000       0      0
 Int      0/0    0.00 KB   0.0      0.0     0.0      0.0       0.0      0.0       0.0   0.0      0.0      0.0         0         0    0.000       0      0
Uptime(secs): 2.0 total, 0.0 interval
Flush(GB): cumulative 0.000, interval 0.000
AddFile(GB): cumulative 0.000, interval 0.000
AddFile(Total Files): cumulative 0, interval 0
AddFile(L0 Files): cumulative 0, interval 0
AddFile(Keys): cumulative 0, interval 0
Cumulative compaction: 0.00 GB write, 0.00 MB/s write, 0.00 GB read, 0.00 MB/s read, 0.0 seconds
Interval compaction: 0.00 GB write, 0.00 MB/s write, 0.00 GB read, 0.00 MB/s read, 0.0 seconds
Stalls(count): 0 level0_slowdown, 0 level0_slowdown_with_compaction, 0 level0_numfiles, 0 level0_numfiles_with_compaction, 0 stop for pending_compaction_bytes, 0 slowdown for pending_compaction_bytes, 0 memtable_compaction, 0 memtable_slowdown, interval 0 total count

** File Read Latency Histogram By Level [default] **

** Compaction Stats [usertable] **
Level    Files   Size     Score Read(GB)  Rn(GB) Rnp1(GB) Write(GB) Wnew(GB) Moved(GB) W-Amp Rd(MB/s) Wr(MB/s) Comp(sec) Comp(cnt) Avg(sec) KeyIn KeyDrop
----------------------------------------------------------------------------------------------------------------------------------------------------------
  L0      3/0   362.32 MB   1.5      0.0     0.0      0.0       0.2      0.2       0.0   1.0      0.0    237.0         1         2    0.375       0      0
  L1      8/0   434.32 MB   0.8      0.0     0.0      0.0       0.0      0.0       0.0   0.0      0.0      0.0         0         0    0.000       0      0
  L2    169/0    4.96 GB   1.0      0.0     0.0      0.0       0.0      0.0       0.0   0.0      0.0      0.0         0         0    0.000       0      0
  L3    550/0   34.44 GB   0.7      0.0     0.0      0.0       0.0      0.0       0.0   0.0      0.0      0.0         0         0    0.000       0      0
 Sum    730/0   40.18 GB   0.0      0.0     0.0      0.0       0.2      0.2       0.0   1.0      0.0    237.0         1         2    0.375       0      0
 Int      0/0    0.00 KB   0.0      0.0     0.0      0.0       0.0      0.0       0.0   0.0      0.0      0.0         0         0    0.000       0      0
Uptime(secs): 2.0 total, 0.0 interval
Flush(GB): cumulative 0.174, interval 0.000
AddFile(GB): cumulative 0.000, interval 0.000
AddFile(Total Files): cumulative 0, interval 0
AddFile(L0 Files): cumulative 0, interval 0
AddFile(Keys): cumulative 0, interval 0
Cumulative compaction: 0.17 GB write, 88.08 MB/s write, 0.00 GB read, 0.00 MB/s read, 0.8 seconds
Interval compaction: 0.00 GB write, 0.00 MB/s write, 0.00 GB read, 0.00 MB/s read, 0.0 seconds
Stalls(count): 0 level0_slowdown, 0 level0_slowdown_with_compaction, 0 level0_numfiles, 0 level0_numfiles_with_compaction, 0 stop for pending_compaction_bytes, 0 slowdown for pending_compaction_bytes, 0 memtable_compaction, 0 memtable_slowdown, interval 0 total count

** File Read Latency Histogram By Level [usertable] **
2019/03/18-23:54:03.849171 7f384cecb700 (Original Log Time 2019/03/18-23:54:03.818623) [db/db_impl_compaction_flush.cc:1835] [usertable] Moving #541 to level-1 193449112 bytes
2019/03/18-23:54:03.849176 7f384cecb700 (Original Log Time 2019/03/18-23:54:03.849079) EVENT_LOG_v1 {"time_micros": 1552978443849066, "job": 3, "event": "trivial_move", "destination_level": 1, "files": 1, "total_files_size": 193449112}
2019/03/18-23:54:03.849178 7f384cecb700 (Original Log Time 2019/03/18-23:54:03.849092) [db/db_impl_compaction_flush.cc:1864] [usertable] Moved #1 files to level-1 193449112 bytes OK: base level 1 max bytes base 536870912 files[2 9 169 550 0 0 0] max score 1.21
2019/03/18-23:54:03.849288 7f384cecb700 [db/compaction_job.cc:1531] [usertable] [JOB 4] Compacting 1@1 + 1@2 files to L2, score 1.21
2019/03/18-23:54:03.849297 7f384cecb700 [db/compaction_job.cc:1535] [usertable] Compaction start summary: Base version 6 Base level 1, inputs: [541(184MB)], [538(56MB)]
2019/03/18-23:54:03.849321 7f384cecb700 EVENT_LOG_v1 {"time_micros": 1552978443849303, "job": 4, "event": "compaction_started", "compaction_reason": "LevelMaxLevelSize", "files_L1": [541], "files_L2": [538], "score": 1.2086, "input_data_size": 252951292}
2019/03/18-23:54:05.065784 7f384cecb700 [db/compaction_job.cc:1211] [usertable] [JOB 4] Generated table #1321: 16279 keys, 67233556 bytes
2019/03/18-23:54:05.065841 7f384cecb700 EVENT_LOG_v1 {"time_micros": 1552978445065815, "cf_name": "usertable", "job": 4, "event": "table_file_creation", "file_number": 1321, "file_size": 67233556, "table_properties": {"data_size": 67120139, "index_size": 300916, "filter_size": 0, "raw_key_size": 390696, "raw_average_key_size": 24, "raw_value_size": 66678784, "raw_average_value_size": 4096, "num_data_blocks": 8140, "num_entries": 16279, "filter_policy_name": "", "kDeletedKeys": "0", "kMergeOperands": "0"}}
2019/03/18-23:54:06.498493 7f384cecb700 [db/compaction_job.cc:1211] [usertable] [JOB 4] Generated table #1322: 16279 keys, 67233352 bytes
2019/03/18-23:54:06.498545 7f384cecb700 EVENT_LOG_v1 {"time_micros": 1552978446498524, "cf_name": "usertable", "job": 4, "event": "table_file_creation", "file_number": 1322, "file_size": 67233352, "table_properties": {"data_size": 67118331, "index_size": 299106, "filter_size": 0, "raw_key_size": 390696, "raw_average_key_size": 24, "raw_value_size": 66678784, "raw_average_value_size": 4096, "num_data_blocks": 8140, "num_entries": 16279, "filter_policy_name": "", "kDeletedKeys": "0", "kMergeOperands": "0"}}
2019/03/18-23:54:07.350202 7f384cecb700 [db/compaction_job.cc:1211] [usertable] [JOB 4] Generated table #1323: 16279 keys, 67233554 bytes
2019/03/18-23:54:07.350280 7f384cecb700 EVENT_LOG_v1 {"time_micros": 1552978447350249, "cf_name": "usertable", "job": 4, "event": "table_file_creation", "file_number": 1323, "file_size": 67233554, "table_properties": {"data_size": 67120139, "index_size": 300916, "filter_size": 0, "raw_key_size": 390696, "raw_average_key_size": 24, "raw_value_size": 66678784, "raw_average_value_size": 4096, "num_data_blocks": 8140, "num_entries": 16279, "filter_policy_name": "", "kDeletedKeys": "0", "kMergeOperands": "0"}}
2019/03/18-23:54:08.016922 7f384cecb700 [db/compaction_job.cc:1211] [usertable] [JOB 4] Generated table #1324: 12281 keys, 50721585 bytes
2019/03/18-23:54:08.016983 7f384cecb700 EVENT_LOG_v1 {"time_micros": 1552978448016955, "cf_name": "usertable", "job": 4, "event": "table_file_creation", "file_number": 1324, "file_size": 50721585, "table_properties": {"data_size": 50634577, "index_size": 225589, "filter_size": 0, "raw_key_size": 294744, "raw_average_key_size": 24, "raw_value_size": 50302976, "raw_average_value_size": 4096, "num_data_blocks": 6141, "num_entries": 12281, "filter_policy_name": "", "kDeletedKeys": "0", "kMergeOperands": "0"}}
2019/03/18-23:54:08.017073 7f384cecb700 [db/compaction_job.cc:1287] [usertable] [JOB 4] Compacted 1@1 + 1@2 files to L2 => 252422047 bytes
2019/03/18-23:54:08.046810 7f384cecb700 (Original Log Time 2019/03/18-23:54:08.046600) [db/compaction_job.cc:685] [usertable] compacted to: base level 1 max bytes base 536870912 files[2 8 172 550 0 0 0] max score 1.03, MB/sec: 60.7 rd, 60.6 wr, level 2, files in(1, 1) out(4) MB in(184.5, 56.7) out(240.7), read-write-amplify(2.6) write-amplify(1.3) OK, records in: 61118, records dropped: 0 output_compression: LZ4
2019/03/18-23:54:08.046822 7f384cecb700 (Original Log Time 2019/03/18-23:54:08.046678) EVENT_LOG_v1 {"time_micros": 1552978448046648, "job": 4, "event": "compaction_finished", "compaction_time_micros": 4167699, "output_level": 2, "num_output_files": 4, "total_output_size": 252422047, "num_input_records": 61118, "num_output_records": 61118, "num_subcompactions": 1, "output_compression": "LZ4", "num_single_delete_mismatches": 0, "num_single_delete_fallthrough": 0, "lsm_state": [2, 8, 172, 550, 0, 0, 0]}
2019/03/18-23:54:08.160615 7f37dbfff700 (Original Log Time 2019/03/18-23:54:08.047090) [db/db_impl_compaction_flush.cc:1835] [usertable] Moving #1321 to level-3 67233556 bytes
2019/03/18-23:54:08.160623 7f37dbfff700 (Original Log Time 2019/03/18-23:54:08.160502) EVENT_LOG_v1 {"time_micros": 1552978448160487, "job": 5, "event": "trivial_move", "destination_level": 3, "files": 1, "total_files_size": 67233556}
2019/03/18-23:54:08.160626 7f37dbfff700 (Original Log Time 2019/03/18-23:54:08.160518) [db/db_impl_compaction_flush.cc:1864] [usertable] Moved #1 files to level-3 67233556 bytes OK: base level 1 max bytes base 536870912 files[2 8 171 551 0 0 0] max score 1.02
2019/03/18-23:54:08.180978 7f37dbfff700 EVENT_LOG_v1 {"time_micros": 1552978448180967, "job": 5, "event": "table_file_deletion", "file_number": 541}
2019/03/18-23:54:08.186229 7f37dbfff700 EVENT_LOG_v1 {"time_micros": 1552978448186222, "job": 5, "event": "table_file_deletion", "file_number": 538}
2019/03/18-23:54:08.218020 7f37dbfff700 (Original Log Time 2019/03/18-23:54:08.186384) [db/db_impl_compaction_flush.cc:1835] [usertable] Moving #1323 to level-3 67233554 bytes
2019/03/18-23:54:08.218029 7f37dbfff700 (Original Log Time 2019/03/18-23:54:08.217899) EVENT_LOG_v1 {"time_micros": 1552978448217885, "job": 6, "event": "trivial_move", "destination_level": 3, "files": 1, "total_files_size": 67233554}
2019/03/18-23:54:08.218032 7f37dbfff700 (Original Log Time 2019/03/18-23:54:08.217920) [db/db_impl_compaction_flush.cc:1864] [usertable] Moved #1 files to level-3 67233554 bytes OK: base level 1 max bytes base 536870912 files[2 8 170 552 0 0 0] max score 1.00
2019/03/18-23:54:08.251200 7f37dbfff700 (Original Log Time 2019/03/18-23:54:08.218280) [db/db_impl_compaction_flush.cc:1835] [usertable] Moving #1322 to level-3 67233352 bytes
2019/03/18-23:54:08.251206 7f37dbfff700 (Original Log Time 2019/03/18-23:54:08.251132) EVENT_LOG_v1 {"time_micros": 1552978448251120, "job": 7, "event": "trivial_move", "destination_level": 3, "files": 1, "total_files_size": 67233352}
2019/03/18-23:54:08.251208 7f37dbfff700 (Original Log Time 2019/03/18-23:54:08.251149) [db/db_impl_compaction_flush.cc:1864] [usertable] Moved #1 files to level-3 67233352 bytes OK: base level 1 max bytes base 536870912 files[2 8 169 553 0 0 0] max score 1.00
2019/03/18-23:54:08.283119 7f37da7fc700 (Original Log Time 2019/03/18-23:54:08.251464) [db/db_impl_compaction_flush.cc:1835] [usertable] Moving #1315 to level-1 129902324 bytes
