2019/03/22-10:07:59.228651 7fae9bafa700 RocksDB version: 5.14.3
2019/03/22-10:07:59.228707 7fae9bafa700 Git sha rocksdb_build_git_sha:
2019/03/22-10:07:59.228710 7fae9bafa700 Compile date Oct  9 2018
2019/03/22-10:07:59.228718 7fae9bafa700 DB SUMMARY
2019/03/22-10:07:59.229284 7fae9bafa700 CURRENT file:  CURRENT
2019/03/22-10:07:59.229287 7fae9bafa700 IDENTITY file:  IDENTITY
2019/03/22-10:07:59.229299 7fae9bafa700 MANIFEST file:  MANIFEST-000004 size: 134818 Bytes
2019/03/22-10:07:59.229303 7fae9bafa700 SST files in /mnt/sdb/ycsb-rocksdb-data dir, Total Num: 724, files: 000021.sst 000022.sst 000023.sst 000028.sst 000029.sst 000030.sst 000031.sst 000035.sst 000036.sst 
2019/03/22-10:07:59.229307 7fae9bafa700 Write Ahead Log file in /mnt/sdb/ycsb-rocksdb-data: 001412.log size: 112203131 ; 
2019/03/22-10:07:59.229333 7fae9bafa700                         Options.error_if_exists: 0
2019/03/22-10:07:59.229335 7fae9bafa700                       Options.create_if_missing: 1
2019/03/22-10:07:59.229336 7fae9bafa700                         Options.paranoid_checks: 1
2019/03/22-10:07:59.229337 7fae9bafa700                                     Options.env: 0x7fae9b175080
2019/03/22-10:07:59.229338 7fae9bafa700                                Options.info_log: 0x7fae7c3d1870
2019/03/22-10:07:59.229339 7fae9bafa700                Options.max_file_opening_threads: 16
2019/03/22-10:07:59.229339 7fae9bafa700                              Options.statistics: (nil)
2019/03/22-10:07:59.229341 7fae9bafa700                               Options.use_fsync: 0
2019/03/22-10:07:59.229341 7fae9bafa700                       Options.max_log_file_size: 0
2019/03/22-10:07:59.229342 7fae9bafa700                  Options.max_manifest_file_size: 18446744073709551615
2019/03/22-10:07:59.229343 7fae9bafa700                   Options.log_file_time_to_roll: 0
2019/03/22-10:07:59.229344 7fae9bafa700                       Options.keep_log_file_num: 1000
2019/03/22-10:07:59.229345 7fae9bafa700                    Options.recycle_log_file_num: 0
2019/03/22-10:07:59.229346 7fae9bafa700                         Options.allow_fallocate: 1
2019/03/22-10:07:59.229347 7fae9bafa700                        Options.allow_mmap_reads: 0
2019/03/22-10:07:59.229348 7fae9bafa700                       Options.allow_mmap_writes: 0
2019/03/22-10:07:59.229349 7fae9bafa700                        Options.use_direct_reads: 0
2019/03/22-10:07:59.229349 7fae9bafa700                        Options.use_direct_io_for_flush_and_compaction: 0
2019/03/22-10:07:59.229350 7fae9bafa700          Options.create_missing_column_families: 1
2019/03/22-10:07:59.229351 7fae9bafa700                              Options.db_log_dir: 
2019/03/22-10:07:59.229352 7fae9bafa700                                 Options.wal_dir: /mnt/sdb/ycsb-rocksdb-data
2019/03/22-10:07:59.229353 7fae9bafa700                Options.table_cache_numshardbits: 6
2019/03/22-10:07:59.229354 7fae9bafa700                      Options.max_subcompactions: 4
2019/03/22-10:07:59.229355 7fae9bafa700                  Options.max_background_flushes: 24
2019/03/22-10:07:59.229356 7fae9bafa700                         Options.WAL_ttl_seconds: 0
2019/03/22-10:07:59.229357 7fae9bafa700                       Options.WAL_size_limit_MB: 0
2019/03/22-10:07:59.229358 7fae9bafa700             Options.manifest_preallocation_size: 4194304
2019/03/22-10:07:59.229359 7fae9bafa700                     Options.is_fd_close_on_exec: 1
2019/03/22-10:07:59.229360 7fae9bafa700                   Options.advise_random_on_open: 1
2019/03/22-10:07:59.229361 7fae9bafa700                    Options.db_write_buffer_size: 0
2019/03/22-10:07:59.229362 7fae9bafa700                    Options.write_buffer_manager: 0x7fae7c3d1260
2019/03/22-10:07:59.229362 7fae9bafa700         Options.access_hint_on_compaction_start: 1
2019/03/22-10:07:59.229363 7fae9bafa700  Options.new_table_reader_for_compaction_inputs: 0
2019/03/22-10:07:59.229364 7fae9bafa700           Options.random_access_max_buffer_size: 1048576
2019/03/22-10:07:59.229365 7fae9bafa700                      Options.use_adaptive_mutex: 0
2019/03/22-10:07:59.229366 7fae9bafa700                            Options.rate_limiter: (nil)
2019/03/22-10:07:59.229379 7fae9bafa700     Options.sst_file_manager.rate_bytes_per_sec: 0
2019/03/22-10:07:59.229381 7fae9bafa700                       Options.wal_recovery_mode: 2
2019/03/22-10:07:59.229382 7fae9bafa700                  Options.enable_thread_tracking: 0
2019/03/22-10:07:59.229382 7fae9bafa700                  Options.enable_pipelined_write: 1
2019/03/22-10:07:59.229383 7fae9bafa700         Options.allow_concurrent_memtable_write: 1
2019/03/22-10:07:59.229384 7fae9bafa700      Options.enable_write_thread_adaptive_yield: 1
2019/03/22-10:07:59.229385 7fae9bafa700             Options.write_thread_max_yield_usec: 100
2019/03/22-10:07:59.229386 7fae9bafa700            Options.write_thread_slow_yield_usec: 3
2019/03/22-10:07:59.229387 7fae9bafa700                               Options.row_cache: None
2019/03/22-10:07:59.229388 7fae9bafa700                              Options.wal_filter: None
2019/03/22-10:07:59.229389 7fae9bafa700             Options.avoid_flush_during_recovery: 0
2019/03/22-10:07:59.229389 7fae9bafa700             Options.allow_ingest_behind: 0
2019/03/22-10:07:59.229390 7fae9bafa700             Options.preserve_deletes: 0
2019/03/22-10:07:59.229391 7fae9bafa700             Options.two_write_queues: 0
2019/03/22-10:07:59.229392 7fae9bafa700             Options.manual_wal_flush: 0
2019/03/22-10:07:59.229394 7fae9bafa700             Options.max_background_jobs: 24
2019/03/22-10:07:59.229395 7fae9bafa700             Options.max_background_compactions: 24
2019/03/22-10:07:59.229396 7fae9bafa700             Options.avoid_flush_during_shutdown: 0
2019/03/22-10:07:59.229397 7fae9bafa700           Options.writable_file_max_buffer_size: 1048576
2019/03/22-10:07:59.229397 7fae9bafa700             Options.delayed_write_rate : 16777216
2019/03/22-10:07:59.229398 7fae9bafa700             Options.max_total_wal_size: 0
2019/03/22-10:07:59.229399 7fae9bafa700             Options.delete_obsolete_files_period_micros: 21600000000
2019/03/22-10:07:59.229400 7fae9bafa700                   Options.stats_dump_period_sec: 60
2019/03/22-10:07:59.229401 7fae9bafa700                          Options.max_open_files: -1
2019/03/22-10:07:59.229402 7fae9bafa700                          Options.bytes_per_sync: 1048576
2019/03/22-10:07:59.229403 7fae9bafa700                      Options.wal_bytes_per_sync: 0
2019/03/22-10:07:59.229404 7fae9bafa700       Options.compaction_readahead_size: 0
2019/03/22-10:07:59.229405 7fae9bafa700 Compression algorithms supported:
2019/03/22-10:07:59.229406 7fae9bafa700 	kZSTDNotFinalCompression supported: 1
2019/03/22-10:07:59.229413 7fae9bafa700 	kZSTD supported: 1
2019/03/22-10:07:59.229414 7fae9bafa700 	kXpressCompression supported: 0
2019/03/22-10:07:59.229415 7fae9bafa700 	kLZ4HCCompression supported: 1
2019/03/22-10:07:59.229417 7fae9bafa700 	kLZ4Compression supported: 1
2019/03/22-10:07:59.229418 7fae9bafa700 	kBZip2Compression supported: 1
2019/03/22-10:07:59.229419 7fae9bafa700 	kZlibCompression supported: 1
2019/03/22-10:07:59.229420 7fae9bafa700 	kSnappyCompression supported: 1
2019/03/22-10:07:59.229423 7fae9bafa700 Fast CRC32 supported: Not supported on x86
2019/03/22-10:07:59.229880 7fae9bafa700 [db/version_set.cc:3085] Recovering from manifest file: MANIFEST-000004
2019/03/22-10:07:59.229973 7fae9bafa700 [db/column_family.cc:475] --------------- Options for column family [default]:
2019/03/22-10:07:59.229976 7fae9bafa700               Options.comparator: leveldb.BytewiseComparator
2019/03/22-10:07:59.229977 7fae9bafa700           Options.merge_operator: None
2019/03/22-10:07:59.229978 7fae9bafa700        Options.compaction_filter: None
2019/03/22-10:07:59.229979 7fae9bafa700        Options.compaction_filter_factory: None
2019/03/22-10:07:59.229980 7fae9bafa700         Options.memtable_factory: SkipListFactory
2019/03/22-10:07:59.229981 7fae9bafa700            Options.table_factory: BlockBasedTable
2019/03/22-10:07:59.230009 7fae9bafa700            table_factory options:   flush_block_policy_factory: FlushBlockBySizePolicyFactory (0x7fae7c3d1ee0)
  cache_index_and_filter_blocks: 0
  cache_index_and_filter_blocks_with_high_priority: 0
  pin_l0_filter_and_index_blocks_in_cache: 0
  index_type: 0
  hash_index_allow_collision: 1
  checksum: 1
  no_block_cache: 0
  block_cache: 0x7fae7c3c3dc0
  block_cache_name: LRUCache
  block_cache_options:
    capacity : 8388608
    num_shard_bits : 4
    strict_capacity_limit : 0
    high_pri_pool_ratio: 0.000
  block_cache_compressed: (nil)
  persistent_cache: (nil)
  block_size: 8192
  block_size_deviation: 10
  block_restart_interval: 16
  index_block_restart_interval: 1
  metadata_block_size: 4096
  partition_filters: 0
  use_delta_encoding: 1
  filter_policy: nullptr
  whole_key_filtering: 1
  verify_compression: 0
  read_amp_bytes_per_bit: 0
  format_version: 2
  enable_index_compression: 1
  block_align: 0
2019/03/22-10:07:59.230022 7fae9bafa700        Options.write_buffer_size: 134217728
2019/03/22-10:07:59.230024 7fae9bafa700  Options.max_write_buffer_number: 24
2019/03/22-10:07:59.230025 7fae9bafa700        Options.compression[0]: NoCompression
2019/03/22-10:07:59.230027 7fae9bafa700        Options.compression[1]: NoCompression
2019/03/22-10:07:59.230028 7fae9bafa700        Options.compression[2]: LZ4
2019/03/22-10:07:59.230029 7fae9bafa700        Options.compression[3]: LZ4
2019/03/22-10:07:59.230030 7fae9bafa700        Options.compression[4]: LZ4
2019/03/22-10:07:59.230031 7fae9bafa700        Options.compression[5]: LZ4
2019/03/22-10:07:59.230032 7fae9bafa700        Options.compression[6]: LZ4
2019/03/22-10:07:59.230033 7fae9bafa700                  Options.bottommost_compression: Disabled
2019/03/22-10:07:59.230034 7fae9bafa700       Options.prefix_extractor: nullptr
2019/03/22-10:07:59.230035 7fae9bafa700   Options.memtable_insert_with_hint_prefix_extractor: nullptr
2019/03/22-10:07:59.230036 7fae9bafa700             Options.num_levels: 7
2019/03/22-10:07:59.230037 7fae9bafa700        Options.min_write_buffer_number_to_merge: 2
2019/03/22-10:07:59.230037 7fae9bafa700     Options.max_write_buffer_number_to_maintain: 0
2019/03/22-10:07:59.230038 7fae9bafa700            Options.compression_opts.window_bits: -14
2019/03/22-10:07:59.230039 7fae9bafa700                  Options.compression_opts.level: -1
2019/03/22-10:07:59.230040 7fae9bafa700               Options.compression_opts.strategy: 0
2019/03/22-10:07:59.230041 7fae9bafa700         Options.compression_opts.max_dict_bytes: 0
2019/03/22-10:07:59.230042 7fae9bafa700         Options.compression_opts.zstd_max_train_bytes: 0
2019/03/22-10:07:59.230043 7fae9bafa700      Options.level0_file_num_compaction_trigger: 2
2019/03/22-10:07:59.230043 7fae9bafa700          Options.level0_slowdown_writes_trigger: 20
2019/03/22-10:07:59.230044 7fae9bafa700              Options.level0_stop_writes_trigger: 36
2019/03/22-10:07:59.230045 7fae9bafa700                   Options.target_file_size_base: 67108864
2019/03/22-10:07:59.230046 7fae9bafa700             Options.target_file_size_multiplier: 1
2019/03/22-10:07:59.230047 7fae9bafa700                Options.max_bytes_for_level_base: 536870912
2019/03/22-10:07:59.230048 7fae9bafa700 Options.level_compaction_dynamic_level_bytes: 0
2019/03/22-10:07:59.230049 7fae9bafa700          Options.max_bytes_for_level_multiplier: 10.000000
2019/03/22-10:07:59.230052 7fae9bafa700 Options.max_bytes_for_level_multiplier_addtl[0]: 1
2019/03/22-10:07:59.230053 7fae9bafa700 Options.max_bytes_for_level_multiplier_addtl[1]: 1
2019/03/22-10:07:59.230054 7fae9bafa700 Options.max_bytes_for_level_multiplier_addtl[2]: 1
2019/03/22-10:07:59.230055 7fae9bafa700 Options.max_bytes_for_level_multiplier_addtl[3]: 1
2019/03/22-10:07:59.230056 7fae9bafa700 Options.max_bytes_for_level_multiplier_addtl[4]: 1
2019/03/22-10:07:59.230057 7fae9bafa700 Options.max_bytes_for_level_multiplier_addtl[5]: 1
2019/03/22-10:07:59.230058 7fae9bafa700 Options.max_bytes_for_level_multiplier_addtl[6]: 1
2019/03/22-10:07:59.230059 7fae9bafa700       Options.max_sequential_skip_in_iterations: 8
2019/03/22-10:07:59.230059 7fae9bafa700                    Options.max_compaction_bytes: 1677721600
2019/03/22-10:07:59.230066 7fae9bafa700                        Options.arena_block_size: 16777216
2019/03/22-10:07:59.230068 7fae9bafa700   Options.soft_pending_compaction_bytes_limit: 68719476736
2019/03/22-10:07:59.230069 7fae9bafa700   Options.hard_pending_compaction_bytes_limit: 274877906944
2019/03/22-10:07:59.230070 7fae9bafa700       Options.rate_limit_delay_max_milliseconds: 100
2019/03/22-10:07:59.230071 7fae9bafa700                Options.disable_auto_compactions: 0
2019/03/22-10:07:59.230072 7fae9bafa700                        Options.compaction_style: kCompactionStyleLevel
2019/03/22-10:07:59.230073 7fae9bafa700                          Options.compaction_pri: kByCompensatedSize
2019/03/22-10:07:59.230074 7fae9bafa700 Options.compaction_options_universal.size_ratio: 1
2019/03/22-10:07:59.230075 7fae9bafa700 Options.compaction_options_universal.min_merge_width: 2
2019/03/22-10:07:59.230076 7fae9bafa700 Options.compaction_options_universal.max_merge_width: 4294967295
2019/03/22-10:07:59.230077 7fae9bafa700 Options.compaction_options_universal.max_size_amplification_percent: 200
2019/03/22-10:07:59.230078 7fae9bafa700 Options.compaction_options_universal.compression_size_percent: -1
2019/03/22-10:07:59.230079 7fae9bafa700 Options.compaction_options_universal.stop_style: kCompactionStopStyleTotalSize
2019/03/22-10:07:59.230080 7fae9bafa700 Options.compaction_options_fifo.max_table_files_size: 1073741824
2019/03/22-10:07:59.230081 7fae9bafa700 Options.compaction_options_fifo.allow_compaction: 0
2019/03/22-10:07:59.230082 7fae9bafa700 Options.compaction_options_fifo.ttl: 0
2019/03/22-10:07:59.230083 7fae9bafa700                   Options.table_properties_collectors: 
2019/03/22-10:07:59.230084 7fae9bafa700                   Options.inplace_update_support: 0
2019/03/22-10:07:59.230085 7fae9bafa700                 Options.inplace_update_num_locks: 10000
2019/03/22-10:07:59.230086 7fae9bafa700               Options.memtable_prefix_bloom_size_ratio: 0.000000
2019/03/22-10:07:59.230087 7fae9bafa700   Options.memtable_huge_page_size: 0
2019/03/22-10:07:59.230088 7fae9bafa700                           Options.bloom_locality: 0
2019/03/22-10:07:59.230089 7fae9bafa700                    Options.max_successive_merges: 0
2019/03/22-10:07:59.230090 7fae9bafa700                Options.optimize_filters_for_hits: 0
2019/03/22-10:07:59.230091 7fae9bafa700                Options.paranoid_file_checks: 0
2019/03/22-10:07:59.230092 7fae9bafa700                Options.force_consistency_checks: 0
2019/03/22-10:07:59.230092 7fae9bafa700                Options.report_bg_io_stats: 0
2019/03/22-10:07:59.230093 7fae9bafa700                               Options.ttl: 0
2019/03/22-10:07:59.230535 7fae9bafa700 [db/column_family.cc:475] --------------- Options for column family [usertable]:
2019/03/22-10:07:59.230538 7fae9bafa700               Options.comparator: leveldb.BytewiseComparator
2019/03/22-10:07:59.230539 7fae9bafa700           Options.merge_operator: None
2019/03/22-10:07:59.230540 7fae9bafa700        Options.compaction_filter: None
2019/03/22-10:07:59.230541 7fae9bafa700        Options.compaction_filter_factory: None
2019/03/22-10:07:59.230542 7fae9bafa700         Options.memtable_factory: SkipListFactory
2019/03/22-10:07:59.230543 7fae9bafa700            Options.table_factory: BlockBasedTable
2019/03/22-10:07:59.230568 7fae9bafa700            table_factory options:   flush_block_policy_factory: FlushBlockBySizePolicyFactory (0x7fae7c3ce770)
  cache_index_and_filter_blocks: 0
  cache_index_and_filter_blocks_with_high_priority: 0
  pin_l0_filter_and_index_blocks_in_cache: 0
  index_type: 0
  hash_index_allow_collision: 1
  checksum: 1
  no_block_cache: 0
  block_cache: 0x7fae7c3d3780
  block_cache_name: LRUCache
  block_cache_options:
    capacity : 8388608
    num_shard_bits : 4
    strict_capacity_limit : 0
    high_pri_pool_ratio: 0.000
  block_cache_compressed: (nil)
  persistent_cache: (nil)
  block_size: 8192
  block_size_deviation: 10
  block_restart_interval: 16
  index_block_restart_interval: 1
  metadata_block_size: 4096
  partition_filters: 0
  use_delta_encoding: 1
  filter_policy: nullptr
  whole_key_filtering: 1
  verify_compression: 0
  read_amp_bytes_per_bit: 0
  format_version: 2
  enable_index_compression: 1
  block_align: 0
2019/03/22-10:07:59.230579 7fae9bafa700        Options.write_buffer_size: 134217728
2019/03/22-10:07:59.230581 7fae9bafa700  Options.max_write_buffer_number: 24
2019/03/22-10:07:59.230582 7fae9bafa700        Options.compression[0]: NoCompression
2019/03/22-10:07:59.230583 7fae9bafa700        Options.compression[1]: NoCompression
2019/03/22-10:07:59.230584 7fae9bafa700        Options.compression[2]: LZ4
2019/03/22-10:07:59.230585 7fae9bafa700        Options.compression[3]: LZ4
2019/03/22-10:07:59.230586 7fae9bafa700        Options.compression[4]: LZ4
2019/03/22-10:07:59.230587 7fae9bafa700        Options.compression[5]: LZ4
2019/03/22-10:07:59.230588 7fae9bafa700        Options.compression[6]: LZ4
2019/03/22-10:07:59.230589 7fae9bafa700                  Options.bottommost_compression: Disabled
2019/03/22-10:07:59.230590 7fae9bafa700       Options.prefix_extractor: nullptr
2019/03/22-10:07:59.230591 7fae9bafa700   Options.memtable_insert_with_hint_prefix_extractor: nullptr
2019/03/22-10:07:59.230592 7fae9bafa700             Options.num_levels: 7
2019/03/22-10:07:59.230593 7fae9bafa700        Options.min_write_buffer_number_to_merge: 2
2019/03/22-10:07:59.230594 7fae9bafa700     Options.max_write_buffer_number_to_maintain: 0
2019/03/22-10:07:59.230595 7fae9bafa700            Options.compression_opts.window_bits: -14
2019/03/22-10:07:59.230595 7fae9bafa700                  Options.compression_opts.level: -1
2019/03/22-10:07:59.230596 7fae9bafa700               Options.compression_opts.strategy: 0
2019/03/22-10:07:59.230597 7fae9bafa700         Options.compression_opts.max_dict_bytes: 0
2019/03/22-10:07:59.230598 7fae9bafa700         Options.compression_opts.zstd_max_train_bytes: 0
2019/03/22-10:07:59.230599 7fae9bafa700      Options.level0_file_num_compaction_trigger: 2
2019/03/22-10:07:59.230600 7fae9bafa700          Options.level0_slowdown_writes_trigger: 20
2019/03/22-10:07:59.230601 7fae9bafa700              Options.level0_stop_writes_trigger: 36
2019/03/22-10:07:59.230601 7fae9bafa700                   Options.target_file_size_base: 67108864
2019/03/22-10:07:59.230602 7fae9bafa700             Options.target_file_size_multiplier: 1
2019/03/22-10:07:59.230603 7fae9bafa700                Options.max_bytes_for_level_base: 536870912
2019/03/22-10:07:59.230604 7fae9bafa700 Options.level_compaction_dynamic_level_bytes: 0
2019/03/22-10:07:59.230605 7fae9bafa700          Options.max_bytes_for_level_multiplier: 10.000000
2019/03/22-10:07:59.230607 7fae9bafa700 Options.max_bytes_for_level_multiplier_addtl[0]: 1
2019/03/22-10:07:59.230608 7fae9bafa700 Options.max_bytes_for_level_multiplier_addtl[1]: 1
2019/03/22-10:07:59.230609 7fae9bafa700 Options.max_bytes_for_level_multiplier_addtl[2]: 1
2019/03/22-10:07:59.230610 7fae9bafa700 Options.max_bytes_for_level_multiplier_addtl[3]: 1
2019/03/22-10:07:59.230611 7fae9bafa700 Options.max_bytes_for_level_multiplier_addtl[4]: 1
2019/03/22-10:07:59.230612 7fae9bafa700 Options.max_bytes_for_level_multiplier_addtl[5]: 1
2019/03/22-10:07:59.230613 7fae9bafa700 Options.max_bytes_for_level_multiplier_addtl[6]: 1
2019/03/22-10:07:59.230613 7fae9bafa700       Options.max_sequential_skip_in_iterations: 8
2019/03/22-10:07:59.230614 7fae9bafa700                    Options.max_compaction_bytes: 1677721600
2019/03/22-10:07:59.230615 7fae9bafa700                        Options.arena_block_size: 16777216
2019/03/22-10:07:59.230616 7fae9bafa700   Options.soft_pending_compaction_bytes_limit: 68719476736
2019/03/22-10:07:59.230617 7fae9bafa700   Options.hard_pending_compaction_bytes_limit: 274877906944
2019/03/22-10:07:59.230618 7fae9bafa700       Options.rate_limit_delay_max_milliseconds: 100
2019/03/22-10:07:59.230619 7fae9bafa700                Options.disable_auto_compactions: 0
2019/03/22-10:07:59.230620 7fae9bafa700                        Options.compaction_style: kCompactionStyleLevel
2019/03/22-10:07:59.230626 7fae9bafa700                          Options.compaction_pri: kByCompensatedSize
2019/03/22-10:07:59.230628 7fae9bafa700 Options.compaction_options_universal.size_ratio: 1
2019/03/22-10:07:59.230629 7fae9bafa700 Options.compaction_options_universal.min_merge_width: 2
2019/03/22-10:07:59.230629 7fae9bafa700 Options.compaction_options_universal.max_merge_width: 4294967295
2019/03/22-10:07:59.230630 7fae9bafa700 Options.compaction_options_universal.max_size_amplification_percent: 200
2019/03/22-10:07:59.230631 7fae9bafa700 Options.compaction_options_universal.compression_size_percent: -1
2019/03/22-10:07:59.230632 7fae9bafa700 Options.compaction_options_universal.stop_style: kCompactionStopStyleTotalSize
2019/03/22-10:07:59.230633 7fae9bafa700 Options.compaction_options_fifo.max_table_files_size: 1073741824
2019/03/22-10:07:59.230634 7fae9bafa700 Options.compaction_options_fifo.allow_compaction: 0
2019/03/22-10:07:59.230635 7fae9bafa700 Options.compaction_options_fifo.ttl: 0
2019/03/22-10:07:59.230636 7fae9bafa700                   Options.table_properties_collectors: 
2019/03/22-10:07:59.230637 7fae9bafa700                   Options.inplace_update_support: 0
2019/03/22-10:07:59.230638 7fae9bafa700                 Options.inplace_update_num_locks: 10000
2019/03/22-10:07:59.230639 7fae9bafa700               Options.memtable_prefix_bloom_size_ratio: 0.000000
2019/03/22-10:07:59.230640 7fae9bafa700   Options.memtable_huge_page_size: 0
2019/03/22-10:07:59.230641 7fae9bafa700                           Options.bloom_locality: 0
2019/03/22-10:07:59.230642 7fae9bafa700                    Options.max_successive_merges: 0
2019/03/22-10:07:59.230643 7fae9bafa700                Options.optimize_filters_for_hits: 0
2019/03/22-10:07:59.230643 7fae9bafa700                Options.paranoid_file_checks: 0
2019/03/22-10:07:59.230644 7fae9bafa700                Options.force_consistency_checks: 0
2019/03/22-10:07:59.230645 7fae9bafa700                Options.report_bg_io_stats: 0
2019/03/22-10:07:59.230646 7fae9bafa700                               Options.ttl: 0
2019/03/22-10:07:59.896074 7fae9bafa700 [db/version_set.cc:3361] Recovered from manifest file:/mnt/sdb/ycsb-rocksdb-data/MANIFEST-000004 succeeded,manifest_file_number is 4, next_file_number is 1419, last_sequence is 10435880, log_number is 0,prev_log_number is 0,max_column_family is 1,min_log_number_to_keep is 0
2019/03/22-10:07:59.896086 7fae9bafa700 [db/version_set.cc:3369] Column family [default] (ID 0), log number is 0
2019/03/22-10:07:59.896089 7fae9bafa700 [db/version_set.cc:3369] Column family [usertable] (ID 1), log number is 1412
2019/03/22-10:07:59.898158 7fae9bafa700 EVENT_LOG_v1 {"time_micros": 1553274479898137, "job": 1, "event": "recovery_started", "log_files": [1412]}
2019/03/22-10:07:59.898167 7fae9bafa700 [db/db_impl_open.cc:551] Recovering log #1412 mode 2
2019/03/22-10:08:00.224768 7fae9bafa700 [db/version_set.cc:2847] Creating manifest 1419
2019/03/22-10:08:00.771206 7fae9bafa700 EVENT_LOG_v1 {"time_micros": 1553274480771164, "cf_name": "usertable", "job": 1, "event": "table_file_creation", "file_number": 1420, "file_size": 112346000, "table_properties": {"data_size": 111843511, "index_size": 501567, "filter_size": 0, "raw_key_size": 651024, "raw_average_key_size": 24, "raw_value_size": 111108096, "raw_average_value_size": 4096, "num_data_blocks": 13563, "num_entries": 27126, "filter_policy_name": "", "kDeletedKeys": "0", "kMergeOperands": "0"}}
2019/03/22-10:08:00.830799 7fae9bafa700 EVENT_LOG_v1 {"time_micros": 1553274480830788, "job": 1, "event": "recovery_finished"}
2019/03/22-10:08:01.012090 7fae9bafa700 [db/db_impl_open.cc:1219] DB pointer 0x7fae7c3c5f80
2019/03/22-10:08:01.012909 7fae29ffb700 [WARN] [db/db_impl.cc:491] ------- DUMPING STATS -------
2019/03/22-10:08:01.012956 7fae29ffb700 [WARN] [db/db_impl.cc:492] 
** DB Stats **
Uptime(secs): 1.8 total, 1.8 interval
Cumulative writes: 0 writes, 0 keys, 0 commit groups, 0.0 writes per commit group, ingest: 0.00 GB, 0.00 MB/s
Cumulative WAL: 0 writes, 0 syncs, 0.00 writes per sync, written: 0.00 GB, 0.00 MB/s
Cumulative stall: 00:00:0.000 H:M:S, 0.0 percent
Interval writes: 0 writes, 0 keys, 0 commit groups, 0.0 writes per commit group, ingest: 0.00 MB, 0.00 MB/s
Interval WAL: 0 writes, 0 syncs, 0.00 writes per sync, written: 0.00 MB, 0.00 MB/s
Interval stall: 00:00:0.000 H:M:S, 0.0 percent

** Compaction Stats [default] **
Level    Files   Size     Score Read(GB)  Rn(GB) Rnp1(GB) Write(GB) Wnew(GB) Moved(GB) W-Amp Rd(MB/s) Wr(MB/s) Comp(sec) Comp(cnt) Avg(sec) KeyIn KeyDrop
----------------------------------------------------------------------------------------------------------------------------------------------------------
 Sum      0/0    0.00 KB   0.0      0.0     0.0      0.0       0.0      0.0       0.0   0.0      0.0      0.0         0         0    0.000       0      0
 Int      0/0    0.00 KB   0.0      0.0     0.0      0.0       0.0      0.0       0.0   0.0      0.0      0.0         0         0    0.000       0      0
Uptime(secs): 1.8 total, 1.8 interval
Flush(GB): cumulative 0.000, interval 0.000
AddFile(GB): cumulative 0.000, interval 0.000
AddFile(Total Files): cumulative 0, interval 0
AddFile(L0 Files): cumulative 0, interval 0
AddFile(Keys): cumulative 0, interval 0
Cumulative compaction: 0.00 GB write, 0.00 MB/s write, 0.00 GB read, 0.00 MB/s read, 0.0 seconds
Interval compaction: 0.00 GB write, 0.00 MB/s write, 0.00 GB read, 0.00 MB/s read, 0.0 seconds
Stalls(count): 0 level0_slowdown, 0 level0_slowdown_with_compaction, 0 level0_numfiles, 0 level0_numfiles_with_compaction, 0 stop for pending_compaction_bytes, 0 slowdown for pending_compaction_bytes, 0 memtable_compaction, 0 memtable_slowdown, interval 0 total count

** File Read Latency Histogram By Level [default] **

** Compaction Stats [usertable] **
Level    Files   Size     Score Read(GB)  Rn(GB) Rnp1(GB) Write(GB) Wnew(GB) Moved(GB) W-Amp Rd(MB/s) Wr(MB/s) Comp(sec) Comp(cnt) Avg(sec) KeyIn KeyDrop
----------------------------------------------------------------------------------------------------------------------------------------------------------
  L0      2/0   291.34 MB   1.0      0.0     0.0      0.0       0.1      0.1       0.0   1.0      0.0    235.3         0         1    0.455       0      0
  L1     13/0   475.01 MB   0.9      0.0     0.0      0.0       0.0      0.0       0.0   0.0      0.0      0.0         0         0    0.000       0      0
  L2    160/0    4.99 GB   1.0      0.0     0.0      0.0       0.0      0.0       0.0   0.0      0.0      0.0         0         0    0.000       0      0
  L3    550/0   34.44 GB   0.7      0.0     0.0      0.0       0.0      0.0       0.0   0.0      0.0      0.0         0         0    0.000       0      0
 Sum    725/0   40.18 GB   0.0      0.0     0.0      0.0       0.1      0.1       0.0   1.0      0.0    235.3         0         1    0.455       0      0
 Int      0/0    0.00 KB   0.0      0.0     0.0      0.0       0.1      0.1       0.0   1.0      0.0    235.3         0         1    0.455       0      0
Uptime(secs): 1.8 total, 1.8 interval
Flush(GB): cumulative 0.105, interval 0.105
AddFile(GB): cumulative 0.000, interval 0.000
AddFile(Total Files): cumulative 0, interval 0
AddFile(L0 Files): cumulative 0, interval 0
AddFile(Keys): cumulative 0, interval 0
Cumulative compaction: 0.10 GB write, 60.11 MB/s write, 0.00 GB read, 0.00 MB/s read, 0.5 seconds
Interval compaction: 0.10 GB write, 60.11 MB/s write, 0.00 GB read, 0.00 MB/s read, 0.5 seconds
Stalls(count): 0 level0_slowdown, 0 level0_slowdown_with_compaction, 0 level0_numfiles, 0 level0_numfiles_with_compaction, 0 stop for pending_compaction_bytes, 0 slowdown for pending_compaction_bytes, 0 memtable_compaction, 0 memtable_slowdown, interval 0 total count

** File Read Latency Histogram By Level [usertable] **

** Compaction Stats [default] **
Level    Files   Size     Score Read(GB)  Rn(GB) Rnp1(GB) Write(GB) Wnew(GB) Moved(GB) W-Amp Rd(MB/s) Wr(MB/s) Comp(sec) Comp(cnt) Avg(sec) KeyIn KeyDrop
----------------------------------------------------------------------------------------------------------------------------------------------------------
 Sum      0/0    0.00 KB   0.0      0.0     0.0      0.0       0.0      0.0       0.0   0.0      0.0      0.0         0         0    0.000       0      0
 Int      0/0    0.00 KB   0.0      0.0     0.0      0.0       0.0      0.0       0.0   0.0      0.0      0.0         0         0    0.000       0      0
Uptime(secs): 1.8 total, 0.0 interval
Flush(GB): cumulative 0.000, interval 0.000
AddFile(GB): cumulative 0.000, interval 0.000
AddFile(Total Files): cumulative 0, interval 0
AddFile(L0 Files): cumulative 0, interval 0
AddFile(Keys): cumulative 0, interval 0
Cumulative compaction: 0.00 GB write, 0.00 MB/s write, 0.00 GB read, 0.00 MB/s read, 0.0 seconds
Interval compaction: 0.00 GB write, 0.00 MB/s write, 0.00 GB read, 0.00 MB/s read, 0.0 seconds
Stalls(count): 0 level0_slowdown, 0 level0_slowdown_with_compaction, 0 level0_numfiles, 0 level0_numfiles_with_compaction, 0 stop for pending_compaction_bytes, 0 slowdown for pending_compaction_bytes, 0 memtable_compaction, 0 memtable_slowdown, interval 0 total count

** File Read Latency Histogram By Level [default] **

** Compaction Stats [usertable] **
Level    Files   Size     Score Read(GB)  Rn(GB) Rnp1(GB) Write(GB) Wnew(GB) Moved(GB) W-Amp Rd(MB/s) Wr(MB/s) Comp(sec) Comp(cnt) Avg(sec) KeyIn KeyDrop
----------------------------------------------------------------------------------------------------------------------------------------------------------
  L0      2/0   291.34 MB   1.0      0.0     0.0      0.0       0.1      0.1       0.0   1.0      0.0    235.3         0         1    0.455       0      0
  L1     13/0   475.01 MB   0.9      0.0     0.0      0.0       0.0      0.0       0.0   0.0      0.0      0.0         0         0    0.000       0      0
  L2    160/0    4.99 GB   1.0      0.0     0.0      0.0       0.0      0.0       0.0   0.0      0.0      0.0         0         0    0.000       0      0
  L3    550/0   34.44 GB   0.7      0.0     0.0      0.0       0.0      0.0       0.0   0.0      0.0      0.0         0         0    0.000       0      0
 Sum    725/0   40.18 GB   0.0      0.0     0.0      0.0       0.1      0.1       0.0   1.0      0.0    235.3         0         1    0.455       0      0
 Int      0/0    0.00 KB   0.0      0.0     0.0      0.0       0.0      0.0       0.0   0.0      0.0      0.0         0         0    0.000       0      0
Uptime(secs): 1.8 total, 0.0 interval
Flush(GB): cumulative 0.105, interval 0.000
AddFile(GB): cumulative 0.000, interval 0.000
AddFile(Total Files): cumulative 0, interval 0
AddFile(L0 Files): cumulative 0, interval 0
AddFile(Keys): cumulative 0, interval 0
Cumulative compaction: 0.10 GB write, 60.11 MB/s write, 0.00 GB read, 0.00 MB/s read, 0.5 seconds
Interval compaction: 0.00 GB write, 0.00 MB/s write, 0.00 GB read, 0.00 MB/s read, 0.0 seconds
Stalls(count): 0 level0_slowdown, 0 level0_slowdown_with_compaction, 0 level0_numfiles, 0 level0_numfiles_with_compaction, 0 stop for pending_compaction_bytes, 0 slowdown for pending_compaction_bytes, 0 memtable_compaction, 0 memtable_slowdown, interval 0 total count

** File Read Latency Histogram By Level [usertable] **
2019/03/22-10:08:01.077134 7fae29ffb700 (Original Log Time 2019/03/22-10:08:01.013097) [db/db_impl_compaction_flush.cc:1835] [usertable] Moving #709 to level-1 193146760 bytes
2019/03/22-10:08:01.077138 7fae29ffb700 (Original Log Time 2019/03/22-10:08:01.077037) EVENT_LOG_v1 {"time_micros": 1553274481077023, "job": 3, "event": "trivial_move", "destination_level": 1, "files": 1, "total_files_size": 193146760}
2019/03/22-10:08:01.077140 7fae29ffb700 (Original Log Time 2019/03/22-10:08:01.077051) [db/db_impl_compaction_flush.cc:1864] [usertable] Moved #1 files to level-1 193146760 bytes OK: base level 1 max bytes base 536870912 files[1 14 160 550 0 0 0] max score 1.29
2019/03/22-10:08:01.077250 7fae29ffb700 [db/compaction_job.cc:1531] [usertable] [JOB 4] Compacting 1@1 + 1@2 files to L2, score 1.29
2019/03/22-10:08:01.077259 7fae29ffb700 [db/compaction_job.cc:1535] [usertable] Compaction start summary: Base version 6 Base level 1, inputs: [709(184MB)], [706(11MB)]
2019/03/22-10:08:01.077285 7fae29ffb700 EVENT_LOG_v1 {"time_micros": 1553274481077265, "job": 4, "event": "compaction_started", "compaction_reason": "LevelMaxLevelSize", "files_L1": [709], "files_L2": [706], "score": 1.28752, "input_data_size": 205418083}
2019/03/22-10:08:02.529588 7fae29ffb700 [db/compaction_job.cc:1211] [usertable] [JOB 4] Generated table #1424: 16279 keys, 67233529 bytes
2019/03/22-10:08:02.529646 7fae29ffb700 EVENT_LOG_v1 {"time_micros": 1553274482529619, "cf_name": "usertable", "job": 4, "event": "table_file_creation", "file_number": 1424, "file_size": 67233529, "table_properties": {"data_size": 67120139, "index_size": 300916, "filter_size": 0, "raw_key_size": 390696, "raw_average_key_size": 24, "raw_value_size": 66678784, "raw_average_value_size": 4096, "num_data_blocks": 8140, "num_entries": 16279, "filter_policy_name": "", "kDeletedKeys": "0", "kMergeOperands": "0"}}
2019/03/22-10:08:03.351626 7fae29ffb700 [db/compaction_job.cc:1211] [usertable] [JOB 4] Generated table #1425: 16279 keys, 67233361 bytes
2019/03/22-10:08:03.351708 7fae29ffb700 EVENT_LOG_v1 {"time_micros": 1553274483351660, "cf_name": "usertable", "job": 4, "event": "table_file_creation", "file_number": 1425, "file_size": 67233361, "table_properties": {"data_size": 67118331, "index_size": 299110, "filter_size": 0, "raw_key_size": 390696, "raw_average_key_size": 24, "raw_value_size": 66678784, "raw_average_value_size": 4096, "num_data_blocks": 8140, "num_entries": 16279, "filter_policy_name": "", "kDeletedKeys": "0", "kMergeOperands": "0"}}
2019/03/22-10:08:04.188228 7fae29ffb700 [db/compaction_job.cc:1211] [usertable] [JOB 4] Generated table #1426: 16279 keys, 67233582 bytes
2019/03/22-10:08:04.188290 7fae29ffb700 EVENT_LOG_v1 {"time_micros": 1553274484188259, "cf_name": "usertable", "job": 4, "event": "table_file_creation", "file_number": 1426, "file_size": 67233582, "table_properties": {"data_size": 67120141, "index_size": 300916, "filter_size": 0, "raw_key_size": 390696, "raw_average_key_size": 24, "raw_value_size": 66678784, "raw_average_value_size": 4096, "num_data_blocks": 8140, "num_entries": 16279, "filter_policy_name": "", "kDeletedKeys": "0", "kMergeOperands": "0"}}
2019/03/22-10:08:04.351851 7fae29ffb700 [db/compaction_job.cc:1211] [usertable] [JOB 4] Generated table #1427: 772 keys, 3189302 bytes
2019/03/22-10:08:04.351926 7fae29ffb700 EVENT_LOG_v1 {"time_micros": 1553274484351895, "cf_name": "usertable", "job": 4, "event": "table_file_creation", "file_number": 1427, "file_size": 3189302, "table_properties": {"data_size": 3182956, "index_size": 13933, "filter_size": 0, "raw_key_size": 18528, "raw_average_key_size": 24, "raw_value_size": 3162112, "raw_average_value_size": 4096, "num_data_blocks": 386, "num_entries": 772, "filter_policy_name": "", "kDeletedKeys": "0", "kMergeOperands": "0"}}
2019/03/22-10:08:04.352004 7fae29ffb700 [db/compaction_job.cc:1287] [usertable] [JOB 4] Compacted 1@1 + 1@2 files to L2 => 204889774 bytes
2019/03/22-10:08:04.385950 7fae29ffb700 (Original Log Time 2019/03/22-10:08:04.385795) [db/compaction_job.cc:685] [usertable] compacted to: base level 1 max bytes base 536870912 files[1 13 163 550 0 0 0] max score 1.03, MB/sec: 62.7 rd, 62.6 wr, level 2, files in(1, 1) out(4) MB in(184.2, 11.7) out(195.4), read-write-amplify(2.1) write-amplify(1.1) OK, records in: 49609, records dropped: 0 output_compression: LZ4
2019/03/22-10:08:04.385958 7fae29ffb700 (Original Log Time 2019/03/22-10:08:04.385851) EVENT_LOG_v1 {"time_micros": 1553274484385832, "job": 4, "event": "compaction_finished", "compaction_time_micros": 3274676, "output_level": 2, "num_output_files": 4, "total_output_size": 204889774, "num_input_records": 49609, "num_output_records": 49609, "num_subcompactions": 1, "output_compression": "LZ4", "num_single_delete_mismatches": 0, "num_single_delete_fallthrough": 0, "lsm_state": [1, 13, 163, 550, 0, 0, 0]}
2019/03/22-10:08:04.418578 7fae99878700 (Original Log Time 2019/03/22-10:08:04.386164) [db/db_impl_compaction_flush.cc:1835] [usertable] Moving #1426 to level-3 67233582 bytes
2019/03/22-10:08:04.418584 7fae99878700 (Original Log Time 2019/03/22-10:08:04.418497) EVENT_LOG_v1 {"time_micros": 1553274484418485, "job": 5, "event": "trivial_move", "destination_level": 3, "files": 1, "total_files_size": 67233582}
2019/03/22-10:08:04.418586 7fae99878700 (Original Log Time 2019/03/22-10:08:04.418513) [db/db_impl_compaction_flush.cc:1864] [usertable] Moved #1 files to level-3 67233582 bytes OK: base level 1 max bytes base 536870912 files[1 13 162 551 0 0 0] max score 1.02
2019/03/22-10:08:04.441095 7fae99878700 EVENT_LOG_v1 {"time_micros": 1553274484441083, "job": 5, "event": "table_file_deletion", "file_number": 709}
2019/03/22-10:08:04.442821 7fae99878700 EVENT_LOG_v1 {"time_micros": 1553274484442818, "job": 5, "event": "table_file_deletion", "file_number": 706}
2019/03/22-10:08:04.475019 7fae99077700 (Original Log Time 2019/03/22-10:08:04.442993) [db/db_impl_compaction_flush.cc:1835] [usertable] Moving #1424 to level-3 67233529 bytes
2019/03/22-10:08:04.475024 7fae99077700 (Original Log Time 2019/03/22-10:08:04.474930) EVENT_LOG_v1 {"time_micros": 1553274484474919, "job": 6, "event": "trivial_move", "destination_level": 3, "files": 1, "total_files_size": 67233529}
2019/03/22-10:08:04.475026 7fae99077700 (Original Log Time 2019/03/22-10:08:04.474946) [db/db_impl_compaction_flush.cc:1864] [usertable] Moved #1 files to level-3 67233529 bytes OK: base level 1 max bytes base 536870912 files[1 13 161 552 0 0 0] max score 1.01
2019/03/22-10:08:04.508458 7fae99077700 (Original Log Time 2019/03/22-10:08:04.475239) [db/db_impl_compaction_flush.cc:1835] [usertable] Moving #1425 to level-3 67233361 bytes
2019/03/22-10:08:04.508463 7fae99077700 (Original Log Time 2019/03/22-10:08:04.508368) EVENT_LOG_v1 {"time_micros": 1553274484508354, "job": 7, "event": "trivial_move", "destination_level": 3, "files": 1, "total_files_size": 67233361}
2019/03/22-10:08:04.508465 7fae99077700 (Original Log Time 2019/03/22-10:08:04.508387) [db/db_impl_compaction_flush.cc:1864] [usertable] Moved #1 files to level-3 67233361 bytes OK: base level 1 max bytes base 536870912 files[1 13 160 553 0 0 0] max score 1.00
2019/03/22-10:08:07.705159 7fae482f3700 [db/db_impl_write.cc:1373] [usertable] New memtable created with log file: #1428. Immutable memtables: 0.
2019/03/22-10:08:14.115146 7fae087f8700 [db/db_impl_write.cc:1373] [usertable] New memtable created with log file: #1429. Immutable memtables: 1.
2019/03/22-10:08:14.115358 7fadabfff700 [db/db_impl_compaction_flush.cc:80] [JOB 8] Syncing log #1421
2019/03/22-10:08:14.574326 7fadabfff700 [db/db_impl_compaction_flush.cc:80] [JOB 8] Syncing log #1428
2019/03/22-10:08:15.221529 7fadabfff700 (Original Log Time 2019/03/22-10:08:14.115320) [db/db_impl_compaction_flush.cc:1424] Calling FlushMemTableToOutputFile with column family [usertable], flush slots available 24, compaction slots available 1, flush slots scheduled 1, compaction slots scheduled 0
